{"tonal": {"thpcp": [1, 0.473646879196, 0.0672921016812, 0.0523465760052, 0.0458311773837, 0.13264220953, 0.183061480522, 0.125052556396, 0.0903491526842, 0.0652922838926, 0.0857518464327, 0.222378000617, 0.242421418428, 0.210720837116, 0.642754554749, 0.829426705837, 0.371971964836, 0.0951764583588, 0.0676168650389, 0.0835020020604, 0.190209239721, 0.246167615056, 0.170714750886, 0.10267367959, 0.0643390491605, 0.0830127075315, 0.293305337429, 0.377508699894, 0.219356462359, 0.235167041421, 0.229568362236, 0.0933111384511, 0.0559549890459, 0.0603949092329, 0.101665914059, 0.633742213249], "hpcp": {"dmean2": [0.120445080101, 0.0702934488654, 0.0468010790646, 0.0549560673535, 0.0896918401122, 0.18992523849, 0.213535100222, 0.159245401621, 0.0558659471571, 0.0390151701868, 0.0412742272019, 0.0740819722414, 0.0956242978573, 0.0820016935468, 0.0638190284371, 0.0543415918946, 0.0656574741006, 0.139220938087, 0.155275702477, 0.158153548837, 0.24183113873, 0.223337709904, 0.187470331788, 0.118598625064, 0.0965929254889, 0.102287195623, 0.121744260192, 0.137010082603, 0.114609509706, 0.0860749185085, 0.0732504948974, 0.0894196480513, 0.142051354051, 0.16686566174, 0.142147272825, 0.131366163492], "median": [0.0151147441939, 0.00899476185441, 0.00791909266263, 0.00719406595454, 0.0252051260322, 0.333033055067, 0.599337279797, 0.259224355221, 0.0083115408197, 0.00356760364957, 0.00801108311862, 0.0128089487553, 0.0140400510281, 0.0208533667028, 0.0118577610701, 0.00983371399343, 0.0206147767603, 0.060051266104, 0.0598221383989, 0.0613686069846, 0.292354464531, 0.435897141695, 0.164652943611, 0.00931803602725, 0.00368765485473, 0.00776207121089, 0.0295675117522, 0.0365129709244, 0.028653530404, 0.00568278227001, 0.00555271841586, 0.0169029962271, 0.0975296720862, 0.116685591638, 0.0651731416583, 0.0285174995661], "min": [0, 0, 0, 0, 0, 0, 0, 0, 0, 0, 0, 0, 0, 0, 0, 0, 0, 0, 0, 0, 0, 0, 0, 0, 0, 0, 0, 0, 0, 0, 0, 0, 0, 0, 0, 0], "dvar2": [0.057266112417, 0.0247384421527, 0.0150549672544, 0.0216958895326, 0.0305218715221, 0.0531107224524, 0.0804059207439, 0.0410691797733, 0.0191521607339, 0.0145519580692, 0.0152626642957, 0.0336889326572, 0.047276712954, 0.0375343635678, 0.0286659523845, 0.0251578409225, 0.0231979358941, 0.0619327574968, 0.0641523972154, 0.0562583766878, 0.0934353992343, 0.0922942832112, 0.0762607902288, 0.0709904655814, 0.0674874857068, 0.0633426457644, 0.0651285350323, 0.0779236480594, 0.0543254837394, 0.0405053794384, 0.0363281406462, 0.0443826802075, 0.04891936481, 0.0581281036139, 0.06292578578, 0.0606423467398], "dvar": [0.0251155644655, 0.00898854155093, 0.00524514680728, 0.00782013777643, 0.0111342128366, 0.0232153125107, 0.0388450734317, 0.0157998073846, 0.00713491113856, 0.00557208247483, 0.00575543660671, 0.0139174116775, 0.0195715446025, 0.0147435590625, 0.011255633086, 0.00922113843262, 0.00976014137268, 0.0231610070914, 0.0251053478569, 0.0217656828463, 0.0380347296596, 0.0389914214611, 0.0280535127968, 0.0256201010197, 0.0238870438188, 0.0225763898343, 0.0247098207474, 0.0303975883871, 0.0203202106059, 0.0148261161521, 0.0128027107567, 0.0162747949362, 0.0204745568335, 0.0248536970466, 0.0233758930117, 0.025308791548], "dmean": [0.0737584531307, 0.0412676185369, 0.0271106772125, 0.0314337462187, 0.0508602261543, 0.118734404445, 0.13390506804, 0.0981435552239, 0.0319908298552, 0.0228263512254, 0.0236140917987, 0.0458900555968, 0.0569944269955, 0.049515735358, 0.0385253876448, 0.0311179514974, 0.0388169139624, 0.0808819681406, 0.0892717093229, 0.0923032239079, 0.152547717094, 0.139276191592, 0.112065799534, 0.0647270008922, 0.0518884658813, 0.0563765279949, 0.0725952163339, 0.079342186451, 0.0685002505779, 0.050057888031, 0.0402518250048, 0.049867708236, 0.0885417610407, 0.10326603055, 0.0840532705188, 0.0793797895312], "max": [1, 1, 1, 1, 1, 1, 1, 1, 1, 1, 1, 1, 1, 1, 1, 1, 1, 1, 1, 1, 1, 1, 1, 1, 1, 1, 1, 1, 1, 1, 1, 1, 1, 1, 1, 1], "var": [0.0616087578237, 0.0114612206817, 0.00527745857835, 0.00733426027, 0.00981856044382, 0.0779962167144, 0.150344803929, 0.0402542315423, 0.00766171468422, 0.00611421791837, 0.00480343494564, 0.0265152547508, 0.0460026413202, 0.0230509471148, 0.0141863068566, 0.00931216496974, 0.0112817408517, 0.0354698188603, 0.0449351146817, 0.0274063944817, 0.107873275876, 0.147001340985, 0.0460791364312, 0.0220638625324, 0.0165038965642, 0.0169042646885, 0.0411891676486, 0.0662170797586, 0.0312889888883, 0.0167472083122, 0.00964907836169, 0.0132505446672, 0.0431781746447, 0.0710943713784, 0.0291391797364, 0.0539828315377], "mean": [0.13245858252, 0.0538395680487, 0.032285451889, 0.034847240895, 0.0586601868272, 0.36566272378, 0.576989710331, 0.273289382458, 0.0388268493116, 0.03020343557, 0.02644411847, 0.076533190906, 0.105624586344, 0.0721540376544, 0.0521305315197, 0.0376729778945, 0.0494779348373, 0.128309816122, 0.139874666929, 0.121583752334, 0.370862752199, 0.478570669889, 0.214624002576, 0.0549158379436, 0.0390142351389, 0.0481797941029, 0.109748773277, 0.142036184669, 0.0985006541014, 0.059241656214, 0.0371229685843, 0.0478974767029, 0.169234156609, 0.217818632722, 0.126566424966, 0.135688960552]}, "tuning_equal_tempered_deviation": 0.0914270207286, "chords_changes_rate": 0.0318124741316, "key_key": "E", "tuning_diatonic_strength": 0.650768101215, "key_scale": "major", "chords_number_rate": 0.00251151109114, "tuning_frequency": 438.224517822, "tuning_nontempered_energy_ratio": 0.662301838398, "chords_histogram": [56.3415641785, 8.70657157898, 17.5805778503, 0, 0.376726657152, 0.125575557351, 0, 0.209292590618, 0, 0, 0, 0.0418585166335, 0, 0, 0, 0, 0, 2.46965265274, 0, 0.711594820023, 0, 4.14399337769, 9.29259109497, 0], "key_strength": 0.892098665237, "chords_key": "E", "chords_strength": {"dmean2": 0.00688074156642, "median": 0.572036921978, "min": -1, "dvar2": 0.00156593567226, "dvar": 0.000803232192993, "dmean": 0.00777275394648, "max": 0.806931138039, "var": 0.0322153791785, "mean": 0.538253843784}, "chords_scale": "major", "hpcp_entropy": {"dmean2": 0.783808887005, "median": 1.79545867443, "min": 0, "dvar2": 0.524773836136, "dvar": 0.20538122952, "dmean": 0.47029069066, "max": 4.06758737564, "var": 0.460381150246, "mean": 1.7350114584}}, "metadata": {"audio_properties": {"equal_loudness": 0, "codec": "flac", "downmix": "mix", "sample_rate": 44100, "analysis_sample_rate": 44100, "bit_rate": 0, "md5_encoded": "0d2ae9c33dfbdcc3e85d36bd16543454", "length": 110.866668701, "replay_gain": -7.81362342834, "lossless": true}, "version": {"essentia_build_sha": "2d9f1f26377add8aeb1075a9c2973f962c4f09fd", "essentia": "2.1-beta2", "extractor": "music 1.0", "essentia_git_sha": "v2.1_beta2-1-ge3940c0"}, "tags": {"title": ["Creature Song"], "barcode": ["791071100323"], "media": ["CD"], "albumartist": ["The Mountain Goats"], "tracktotal": ["31"], "musicbrainz_releasegroupid": ["1b341a4e-5c18-34cd-b07f-72371cd688c2"], "releasetype": ["album", "compilation"], "musicbrainz_recordingid": ["1d9f6138-d1bf-4f5d-a239-915ce7a38e92"], "musicbrainz_albumartistid": ["9639cd52-c351-4a17-9797-58880e95a7ef"], "originalyear": ["2002"], "musicbrainz_releasetrackid": ["8929ef04-4146-3deb-ac44-31e4d2eb0917"], "discnumber": ["1"], "album": ["Ghana"], "catalognumber": ["3BOS 1003.2"], "releasecountry": ["US"], "originaldate": ["2002"], "albumartistsort": ["Mountain Goats, The"], "date": ["2002"], "file_name": "2565fb18471fa5b3673b78b51858.flac", "disctotal": ["1"], "acoustid_id": ["26902565-fb18-471f-a5b3-673b78b51858"], "musicbrainz_artistid": ["9639cd52-c351-4a17-9797-58880e95a7ef"], "asin": ["B000065DTO"], "musicbrainz_albumid": ["3f6fae52-7524-4dba-8496-baef4465099f"], "tracknumber": ["27"], "artistsort": ["Mountain Goats, The"], "artist": ["The Mountain Goats"], "label": ["3 Beads of Sweat"], "releasestatus": ["official"], "totaldiscs": ["1"], "script": ["Latn"], "totaltracks": ["31"]}}, "rhythm": {"bpm_histogram_first_peak_bpm": {"dmean2": 0, "median": 115, "min": 115, "dvar2": 0, "dvar": 0, "dmean": 0, "max": 115, "var": 0, "mean": 115}, "bpm": 114.736602783, "bpm_histogram_second_peak_spread": {"dmean2": 0, "median": 0.13888888061, "min": 0.13888888061, "dvar2": 0, "dvar": 0, "dmean": 0, "max": 0.13888888061, "var": 0, "mean": 0.13888888061}, "bpm_histogram_first_peak_weight": {"dmean2": 0, "median": 0.301435410976, "min": 0.301435410976, "dvar2": 0, "dvar": 0, "dmean": 0, "max": 0.301435410976, "var": 0, "mean": 0.301435410976}, "onset_rate": 2.80465960503, "beats_position": [0.580498874187, 1.13777780533, 1.67183673382, 2.20589566231, 2.73995471001, 3.26240348816, 3.79646253586, 4.3073015213, 4.82975053787, 5.34058952332, 5.86303853989, 6.38548755646, 6.90793657303, 7.44199514389, 7.97605419159, 8.48689365387, 9.0093421936, 9.53179073334, 10.0542402267, 10.5882987976, 11.0991382599, 11.5983667374, 12.0975961685, 12.6200447083, 13.1308841705, 13.6417226791, 14.1525621414, 14.6750106812, 15.1742401123, 15.696688652, 16.2191371918, 16.7299766541, 17.2524261475, 17.7748756409, 18.2973232269, 18.8197727203, 19.3190021515, 19.8182315826, 20.3174591064, 20.8050785065, 21.2926979065, 21.8035373688, 22.3143768311, 22.825214386, 23.3360538483, 23.8352832794, 24.3345127106, 24.8337402344, 25.3445796967, 25.8438091278, 26.343038559, 26.8422679901, 27.353105545, 27.8639450073, 28.3747844696, 28.897233963, 29.4196815491, 29.9305210114, 30.4529705048, 30.9521980286, 31.4630374908, 31.962266922, 32.4614944458, 32.9723358154, 33.4831733704, 33.99401474, 34.5280723572, 35.0505218506, 35.572971344, 36.1070289612, 36.6410865784, 37.1751480103, 37.7092056274, 38.2432632446, 38.7541046143, 39.2765541077, 39.7873916626, 40.2866210938, 40.7858505249, 41.2850799561, 41.8075294495, 42.3299751282, 42.8524246216, 43.3864860535, 43.9089317322, 44.4429931641, 44.9770507813, 45.5111083984, 46.0451698303, 46.5676193237, 47.0900688171, 47.6125144958, 48.111743927, 48.6225852966, 49.14503479, 49.6674804688, 50.1783218384, 50.7123794556, 51.2464370728, 51.7804985046, 52.2797279358, 52.7789573669, 53.2781867981, 53.8006324768, 54.3230819702, 54.8687515259, 55.3912010193, 55.9252586365, 56.4477081299, 56.9817695618, 57.515827179, 58.0382766724, 58.5607261658, 59.094783783, 59.6288414001, 60.162902832, 60.673740387, 61.1729698181, 61.6954193115, 62.2062568665, 62.7054862976, 63.2047157288, 63.7155532837, 64.2263946533, 64.7256240845, 65.2364578247, 65.7472991943, 66.2465286255, 66.7573699951, 67.2449874878, 67.7326049805, 68.2202224731, 68.8007278442, 69.3696136475, 69.9384994507, 70.5073928833, 71.0995025635, 71.6335601807, 72.1676177979, 72.6900634766, 73.2009048462, 73.7001342773, 74.2225799561, 74.7450332642, 75.2674789429, 75.789932251, 76.3123779297, 76.8348312378, 77.3572769165, 77.8797302246, 78.4137878418, 78.9362335205, 79.4586868286, 79.9695205688, 80.4803619385, 80.9795913696, 81.4788208008, 81.9896621704, 82.5004959106, 83.0345535278, 83.5686187744, 84.0910644531, 84.6251220703, 85.1475753784, 85.6816329956, 86.2156906128, 86.74974823, 87.2838058472, 87.8062591553, 88.3403167725, 88.8743743896, 89.3968200684, 89.9192733765, 90.4417190552, 90.9641723633, 91.486618042, 91.9974594116, 92.5315170288, 93.065574646, 93.5996322632, 94.1220855713, 94.64453125, 95.1902008057, 95.7358703613, 96.281539917, 96.8272094727, 97.3844909668, 97.9417648315, 98.4758224487, 99.0098876953, 99.5207214355, 100.031562805, 100.542404175, 101.064849854, 101.587303162, 102.098136902, 102.608978271, 103.119819641, 103.619049072, 104.129882813, 104.652336121, 105.174781799, 105.801719666, 106.428657532, 107.03237915, 107.636100769, 108.239814758, 108.843536377, 109.505302429, 110.155464172], "beats_loudness": {"dmean2": 0.0421057119966, "median": 0.025758061558, "min": 0, "dvar2": 0.00166282663122, "dvar": 0.000591968942899, "dmean": 0.0236948486418, "max": 0.127420455217, "var": 0.000674248673022, "mean": 0.0310952588916}, "danceability": 1.10087680817, "bpm_histogram_second_peak_weight": {"dmean2": 0, "median": 0.148325353861, "min": 0.148325353861, "dvar2": 0, "dvar": 0, "dmean": 0, "max": 0.148325353861, "var": 0, "mean": 0.148325353861}, "beats_count": 210, "bpm_histogram_second_peak_bpm": {"dmean2": 0, "median": 120, "min": 120, "dvar2": 0, "dvar": 0, "dmean": 0, "max": 120, "var": 0, "mean": 120}, "bpm_histogram_first_peak_spread": {"dmean2": 0, "median": 0.585526287556, "min": 0.585526287556, "dvar2": 0, "dvar": 0, "dmean": 0, "max": 0.585526287556, "var": 0, "mean": 0.585526287556}, "beats_loudness_band_ratio": {"dmean2": [0.335415542126, 0.268762111664, 0.317250192165, 0.19114343822, 0.0855896994472, 0.0326836369932], "median": [0.227673172951, 0.199676185846, 0.280766457319, 0.124850556254, 0.0367354750633, 0.00143572851084], "min": [0, 0, 0, 0, 0, 0], "dvar2": [0.0762580782175, 0.0430306717753, 0.0702838599682, 0.0316130593419, 0.0084389615804, 0.0235493052751], "dvar": [0.0274676661938, 0.0147894611582, 0.0249224044383, 0.0112357651815, 0.0031271353364, 0.00792001280934], "dmean": [0.191144302487, 0.151060700417, 0.180519208312, 0.112022809684, 0.0498250238597, 0.0175229627639], "max": [0.827854275703, 0.80590981245, 0.82899916172, 0.654471278191, 0.427164465189, 0.91488713026], "var": [0.0346968732774, 0.0205721519887, 0.0349613130093, 0.0149070508778, 0.00347625091672, 0.00412255711854], "mean": [0.260689526796, 0.225304916501, 0.332170695066, 0.156559467316, 0.0555036850274, 0.0119698131457]}}, "lowlevel": {"barkbands_spread": {"dmean2": 2.89183330536, "median": 8.12684440613, "min": 0.599778115749, "dvar2": 31.9071922302, "dvar": 17.4192581177, "dmean": 2.0173573494, "max": 138.131515503, "var": 63.5891418457, "mean": 10.179236412}, "melbands_spread": {"dmean2": 4.10330438614, "median": 11.800450325, "min": 0.757986545563, "dvar2": 73.3902435303, "dvar": 36.6962165833, "dmean": 2.80905056, "max": 183.283172607, "var": 377.710479736, "mean": 16.1403846741}, "hfc": {"dmean2": 3.77791571617, "median": 8.183177948, "min": 1.08129618773e-16, "dvar2": 60.2457580566, "dvar": 40.4056892395, "dmean": 3.17137908936, "max": 155.881225586, "var": 186.62020874, "mean": 12.2147092819}, "barkbands_kurtosis": {"dmean2": 3.18914747238, "median": 1.138266325, "min": -1.89956867695, "dvar2": 669.36505127, "dvar": 248.23638916, "dmean": 2.01212310791, "max": 603.171813965, "var": 274.954223633, "mean": 2.94630050659}, "gfcc": {"mean": [-132.19342041, 174.955657959, -130.816223145, -24.9483165741, -47.5028152466, -23.8073616028, -27.4357261658, -13.9952468872, -19.1505489349, -15.5035820007, -16.4245510101, -10.0752897263, -16.3189258575], "icov": [[0.0011878128862, -0.00352698657662, 0.0031419203151, -0.00192684365902, 0.0033450757619, -0.00181381357834, 0.00191382481717, -0.000828448333777, 0.000526789866854, 0.00029733023257, 0.000267555937171, 0.000601170584559, 0.00036935126991], [-0.00352698657662, 0.0125526981428, -0.00898414850235, 0.00750397378579, -0.0100683048368, 0.00648664357141, -0.00501631852239, 0.00344670680352, -0.000904454151168, -0.000828099204227, 0.00170675793197, -0.00234328815714, 0.00105384388007], [0.0031419203151, -0.00898414850235, 0.00982921291143, -0.00468988995999, 0.00869005918503, -0.00594577426091, 0.00542774237692, -0.00268971570767, 0.00119803089183, -0.000801385147497, 0.0014248843072, -0.00040597768384, 0.00111380021553], [-0.00192684365902, 0.00750397378579, -0.00468988995999, 0.00623851595446, -0.00521568767726, 0.00427034497261, -0.00272467290051, 0.00119580642786, -0.000152460343088, -0.00118002656382, 0.001096202177, -0.000522533955518, 0.000694404880051], [0.0033450757619, -0.0100683048368, 0.00869005918503, -0.00521568767726, 0.0124150542542, -0.00524214794859, 0.00640060007572, -0.00319028808735, 0.00154373724945, 0.00116026669275, 0.00105923379306, 0.00220109801739, -0.000113638801849], [-0.00181381357834, 0.00648664357141, -0.00594577426091, 0.00427034497261, -0.00524214794859, 0.0102438786998, -0.00492788758129, 0.00538831949234, -0.00341512192972, -0.000180657152669, 0.00278571224771, -0.00316798617132, 0.00240393704735], [0.00191382481717, -0.00501631852239, 0.00542774237692, -0.00272467290051, 0.00640060007572, -0.00492788758129, 0.010969992727, -0.00397559441626, 0.00455998070538, -0.00079767947318, 2.70796681434e-05, 0.00298322737217, -0.000901293649804], [-0.000828448333777, 0.00344670680352, -0.00268971570767, 0.00119580642786, -0.00319028808735, 0.00538831949234, -0.00397559441626, 0.0116146365181, -0.00543977459893, 0.00469299172983, -0.00336194317788, 0.000743522075936, -0.000607536057942], [0.000526789866854, -0.000904454151168, 0.00119803089183, -0.000152460343088, 0.00154373724945, -0.00341512192972, 0.00455998070538, -0.00543977459893, 0.0186049379408, -0.00677476264536, 0.00385259930044, 0.000756757974159, 0.00147647259291], [0.00029733023257, -0.000828099204227, -0.000801385147497, -0.00118002656382, 0.00116026669275, -0.000180657152669, -0.00079767947318, 0.00469299172983, -0.00677476264536, 0.0183186680079, -0.00704670930281, 0.0056563927792, -0.00422429293394], [0.000267555937171, 0.00170675793197, 0.0014248843072, 0.001096202177, 0.00105923379306, 0.00278571224771, 2.70796681434e-05, -0.00336194317788, 0.00385259930044, -0.00704670930281, 0.0225809775293, -0.00923973694444, 0.0115335453302], [0.000601170584559, -0.00234328815714, -0.00040597768384, -0.000522533955518, 0.00220109801739, -0.00316798617132, 0.00298322737217, 0.000743522075936, 0.000756757974159, 0.0056563927792, -0.00923973694444, 0.0222070906311, -0.0103092128411], [0.00036935126991, 0.00105384388007, 0.00111380021553, 0.000694404880051, -0.000113638801849, 0.00240393704735, -0.000901293649804, -0.000607536057942, 0.00147647259291, -0.00422429293394, 0.0115335453302, -0.0103092128411, 0.0254811234772]], "cov": [[26935.015625, 3888.00805664, -4708.67822266, -169.832839966, -970.598144531, -1051.48205566, -364.830841064, -260.389068604, -469.074188232, -585.424987793, -280.085876465, -557.87713623, -433.823699951], [3888.00805664, 1706.92443848, -126.981231689, -897.040100098, 136.223251343, 63.2952880859, -197.580307007, -262.718688965, -52.7269363403, -98.743888855, -167.628265381, 18.334936142, -45.5947227478], [-4708.67822266, -126.981231689, 1510.61230469, -361.063110352, 82.8345108032, 451.684020996, -50.1766624451, -131.451812744, 120.071220398, 136.857254028, -32.6530380249, 182.635467529, 74.5635299683], [-169.832839966, -897.040100098, -361.063110352, 977.726623535, -115.665664673, -252.703720093, 101.050384521, 205.78666687, -15.46991539, 20.2720737457, 90.4287185669, -91.9149551392, -13.356461525], [-970.598144531, 136.223251343, 82.8345108032, -115.665664673, 386.523956299, 15.2763338089, -64.145942688, 2.49456548691, 13.5872631073, -15.4619531631, -31.1662788391, 12.495973587, 21.8513755798], [-1051.48205566, 63.2952880859, 451.684020996, -252.703720093, 15.2763338089, 369.547790527, -3.38252449036, -144.764694214, 49.7222480774, 44.5331459045, -52.061504364, 66.9452438354, 16.550989151], [-364.830841064, -197.580307007, -50.1766624451, 101.050384521, -64.145942688, -3.38252449036, 184.699050903, 52.7498283386, -22.0880622864, 8.17101192474, 24.812702179, -19.1948318481, 4.36052131653], [-260.389068604, -262.718688965, -131.451812744, 205.78666687, 2.49456548691, -144.764694214, 52.7498283386, 209.529693604, 8.93585968018, -21.9488124847, 52.2484855652, -27.9821796417, -3.8191549778], [-469.074188232, -52.7269363403, 120.071220398, -15.46991539, 13.5872631073, 49.7222480774, -22.0880622864, 8.93585968018, 86.0995254517, 34.5846595764, -7.06570911407, 4.97705030441, 4.91094303131], [-585.424987793, -98.743888855, 136.857254028, 20.2720737457, -15.4619531631, 44.5331459045, 8.17101192474, -21.9488124847, 34.5846595764, 95.0674972534, 16.8684043884, 1.36377739906, 8.20347976685], [-280.085876465, -167.628265381, -32.6530380249, 90.4287185669, -31.1662788391, -52.061504364, 24.812702179, 52.2484855652, -7.06570911407, 16.8684043884, 92.8642578125, 7.86166954041, -18.7951259613], [-557.87713623, 18.334936142, 182.635467529, -91.9149551392, 12.495973587, 66.9452438354, -19.1948318481, -27.9821796417, 4.97705030441, 1.36377739906, 7.86166954041, 90.4624328613, 27.2225379944], [-433.823699951, -45.5947227478, 74.5635299683, -13.356461525, 21.8513755798, 16.550989151, 4.36052131653, -3.8191549778, 4.91094303131, 8.20347976685, -18.7951259613, 27.2225379944, 63.7191238403]]}, "spectral_energyband_middle_low": {"dmean2": 0.004913283512, "median": 0.00996616575867, "min": 1.65754519394e-22, "dvar2": 0.000107628344267, "dvar": 6.03935113759e-05, "dmean": 0.00394150661305, "max": 0.147487699986, "var": 0.000239494052948, "mean": 0.0148275960237}, "melbands_crest": {"dmean2": 3.00086116791, "median": 10.6197404861, "min": 1.63450217247, "dvar2": 14.420176506, "dvar": 5.8887424469, "dmean": 2.04536318779, "max": 39.002571106, "var": 22.1255493164, "mean": 11.6331453323}, "spectral_kurtosis": {"dmean2": 22.2095870972, "median": 20.7719745636, "min": -1.27238178253, "dvar2": 556.924865723, "dvar": 229.179992676, "dmean": 13.4377746582, "max": 176.101974487, "var": 1040.47192383, "mean": 33.8325843811}, "spectral_rms": {"dmean2": 0.000573753146455, "median": 0.0037062712945, "min": 3.15304791824e-12, "dvar2": 7.70761289459e-07, "dvar": 5.32466799541e-07, "dmean": 0.000490195117891, "max": 0.0126957660541, "var": 4.1577736738e-06, "mean": 0.00393325230107}, "zerocrossingrate": {"dmean2": 0.00554875284433, "median": 0.029296875, "min": 0.00244140625, "dvar2": 0.000224996329052, "dvar": 0.000154037988978, "dmean": 0.00455466704443, "max": 0.87451171875, "var": 0.00481740850955, "mean": 0.0424740277231}, "silence_rate_60dB": {"dmean2": 0.0586510263383, "median": 0, "min": 0, "dvar2": 0.0598192550242, "dvar": 0.0284591373056, "dmean": 0.0293193720281, "max": 1, "var": 0.110004849732, "mean": 0.125837519765}, "erbbands_kurtosis": {"dmean2": 0.939260721207, "median": 0.0677248463035, "min": -1.76031827927, "dvar2": 2.10612273216, "dvar": 0.91655009985, "dmean": 0.644215643406, "max": 17.1186351776, "var": 3.88350367546, "mean": 0.609853744507}, "erbbands": {"dmean2": [0.000729977909941, 0.0479246564209, 0.526773452759, 2.54838085175, 6.34871768951, 3.61415028572, 3.26895523071, 8.48531246185, 13.1383714676, 26.8368625641, 32.2780036926, 24.193529129, 19.8211536407, 15.5845975876, 18.6968688965, 20.1150836945, 12.3133544922, 10.1039619446, 12.8414735794, 5.74684047699, 5.65440797806, 6.17461442947, 8.25809764862, 3.20027637482, 3.21999979019, 1.87188351154, 0.795609593391, 0.53623342514, 0.286858230829, 0.243057787418, 0.179158449173, 0.0853477865458, 0.0246047526598, 0.00567895406857, 0.00057244009804, 0.000131512235384, 6.49327266729e-05, 3.38796016877e-05, 8.02202339401e-06, 6.82092377247e-06], "median": [0.000525144743733, 0.0217299554497, 0.387457370758, 1.73157441616, 3.52420043945, 4.8787727356, 5.15742254257, 11.6678524017, 13.6419010162, 32.4526176453, 20.325214386, 14.9911289215, 18.2255897522, 16.6822891235, 16.6300697327, 9.75493049622, 5.3587884903, 3.39023280144, 4.14771556854, 2.02378439903, 1.9008538723, 1.36428678036, 0.837586641312, 0.382003009319, 0.222584426403, 0.112085357308, 0.0561271086335, 0.0196662694216, 0.00761018786579, 0.00777772814035, 0.00406043604016, 0.00138815585524, 0.000793526764028, 0.000477283407236, 0.000282121123746, 0.000175588327693, 0.000112640052976, 9.6196308732e-05, 2.95733661915e-05, 1.73579464899e-05], "min": [9.62394779587e-23, 5.69701865695e-22, 1.52674680519e-21, 5.96515765357e-21, 1.45611979805e-20, 3.44073304427e-20, 4.15660648877e-20, 4.37600936078e-20, 7.38452502536e-20, 2.08586748797e-19, 2.60384928002e-19, 4.45583274226e-19, 4.40884164563e-19, 8.65871520416e-19, 9.50395161852e-19, 1.08190715988e-18, 1.25810583273e-18, 1.81322229572e-18, 2.15592735941e-18, 3.16993064241e-18, 3.19288821313e-18, 4.23967038907e-18, 4.79648412328e-18, 5.71924297407e-18, 7.25059292951e-18, 7.96173002829e-18, 9.33583088133e-18, 1.02878992228e-17, 9.36333298234e-18, 1.14180934645e-17, 9.4597723156e-18, 1.09707177933e-17, 9.65352448484e-18, 7.7276908545e-18, 6.49209974066e-18, 4.04911155058e-18, 2.13785615136e-18, 9.88655263713e-19, 2.42144690766e-19, 2.55330864153e-20], "dvar2": [2.00279873752e-06, 0.0108379432932, 1.36441445351, 47.5041809082, 406.998443604, 108.988372803, 88.0171661377, 546.002319336, 2232.70996094, 9731.56933594, 13943.0439453, 11180.2333984, 4113.05078125, 2304.94604492, 3240.22631836, 3094.44091797, 1151.15600586, 1606.17797852, 1676.86535645, 464.137420654, 302.786407471, 358.572540283, 854.875549316, 165.253585815, 223.067153931, 47.0923919678, 8.087433815, 6.30853462219, 6.0554394722, 4.38450622559, 3.10636091232, 0.967215001583, 0.124137684703, 0.00530720828101, 2.19100020331e-05, 2.19688416792e-07, 1.07420760287e-07, 5.70442146852e-08, 1.03177233424e-09, 1.7807073871e-10], "dvar": [8.81376763573e-07, 0.00451272027567, 0.512720644474, 26.8534851074, 160.866439819, 46.0818405151, 52.8206825256, 280.281463623, 1074.44665527, 4296.30615234, 7311.52832031, 4858.63769531, 2004.7166748, 1030.20959473, 1942.69824219, 1660.43994141, 677.090576172, 741.070129395, 996.418945313, 213.734817505, 154.217269897, 181.63053894, 450.284332275, 72.922744751, 117.177513123, 27.2831745148, 4.90850019455, 2.97297763824, 2.35314702988, 2.15322780609, 1.51971530914, 0.441474497318, 0.0559822432697, 0.00258880667388, 1.11534527605e-05, 1.2756173362e-07, 5.11727371588e-08, 2.34626682527e-08, 4.22214430085e-10, 1.12929991747e-10], "dmean": [0.000459912524093, 0.0290415715426, 0.317702561617, 2.08323431015, 4.32169055939, 2.57209444046, 2.47056460381, 6.42059230804, 9.35973262787, 21.7479343414, 24.026550293, 17.8195743561, 14.8000526428, 11.4101753235, 14.4817523956, 14.0398082733, 8.70833015442, 7.00953626633, 9.33554840088, 4.04045438766, 4.17474365234, 4.41963911057, 5.97632360458, 2.22822332382, 2.34258651733, 1.36744534969, 0.572517871857, 0.352804660797, 0.182597398758, 0.168737843633, 0.12625041604, 0.0580329671502, 0.0168680492789, 0.00390594592318, 0.00039472329081, 8.92037642188e-05, 4.2550778744e-05, 2.27304808504e-05, 6.08171694694e-06, 5.71753207623e-06], "max": [0.019208887592, 1.38199996948, 17.3314189911, 138.728042603, 281.423706055, 190.225814819, 386.588745117, 680.555419922, 1144.31469727, 2788.89868164, 2600.18481445, 2060.55151367, 1550.99963379, 1183.02404785, 1705.57751465, 1260.50024414, 757.501831055, 696.18371582, 1101.24658203, 659.220336914, 451.635528564, 358.692382813, 682.520324707, 296.895782471, 502.941314697, 233.791290283, 97.5091018677, 57.0532951355, 58.1049003601, 56.0074539185, 52.3576622009, 31.2314586639, 11.7496871948, 2.25017142296, 0.137259975076, 0.0106031121686, 0.00859827641398, 0.00889126211405, 0.0011175199179, 0.000197922199732], "var": [1.43638283134e-06, 0.00616207672283, 0.851204156876, 99.2525939941, 253.548049927, 221.973587036, 220.875656128, 839.143676758, 3331.59570313, 8072.15917969, 23704.0410156, 8933.38671875, 4498.68164063, 2468.63134766, 7866.99902344, 4491.37841797, 1976.06213379, 1318.65368652, 2105.35400391, 399.706604004, 381.102966309, 423.478607178, 1522.73022461, 166.393035889, 242.410491943, 82.817527771, 14.8937397003, 5.56233263016, 3.40280914307, 4.23572349548, 2.68251919746, 0.648354232311, 0.0710474848747, 0.00384277314879, 1.90396349353e-05, 2.73030394737e-07, 7.2147443575e-08, 2.32257182375e-08, 8.04735778015e-10, 5.34975008737e-10], "mean": [0.00087917241035, 0.0452618859708, 0.686197817326, 5.14837265015, 8.60792255402, 10.5219631195, 9.52076721191, 19.9349517822, 26.4942874908, 58.4140090942, 59.9889411926, 40.0870437622, 37.7199859619, 32.7017021179, 45.5878639221, 30.9382686615, 18.7372760773, 12.6213665009, 16.7330474854, 7.56823015213, 8.4684381485, 8.3136177063, 12.9790468216, 4.88923740387, 4.76788377762, 2.63482093811, 1.02722203732, 0.541478633881, 0.239667221904, 0.239747747779, 0.178395316005, 0.0726700946689, 0.0204922836274, 0.00525288423523, 0.000758260197472, 0.000258937216131, 0.00014350200945, 0.000108202701085, 3.54740695911e-05, 2.42437581619e-05]}, "spectral_strongpeak": {"dmean2": 0.528229355812, "median": 0.741428613663, "min": 0, "dvar2": 0.622765183449, "dvar": 0.294263213873, "dmean": 0.344726651907, "max": 8.55277252197, "var": 1.20145487785, "mean": 1.08359026909}, "spectral_energy": {"dmean2": 0.00588525179774, "median": 0.0140798585489, "min": 1.01902544547e-20, "dvar2": 0.000135212147143, "dvar": 8.44818205223e-05, "dmean": 0.00490536354482, "max": 0.16521205008, "var": 0.000388388638385, "mean": 0.0201188940555}, "average_loudness": 0.888283789158, "spectral_rolloff": {"dmean2": 292.056854248, "median": 839.794921875, "min": 21.533203125, "dvar2": 669181.875, "dvar": 332824.59375, "dmean": 176.949035645, "max": 21748.5351563, "var": 7065890, "mean": 1367.77099609}, "spectral_centroid": {"dmean2": 162.11730957, "median": 626.196655273, "min": 259.188964844, "dvar2": 164465.984375, "dvar": 78577.7109375, "dmean": 113.026359558, "max": 11715.5742188, "var": 2199184.25, "mean": 972.003967285}, "pitch_salience": {"dmean2": 0.0673834308982, "median": 0.63377404213, "min": 0.0527654476464, "dvar2": 0.00593831948936, "dvar": 0.00239209691063, "dmean": 0.0446774363518, "max": 0.996046066284, "var": 0.00923518836498, "mean": 0.629781007767}, "spectral_energyband_middle_high": {"dmean2": 0.00170229387004, "median": 0.00263079069555, "min": 1.18052850188e-21, "dvar2": 1.2252675333e-05, "dvar": 7.845043001e-06, "dmean": 0.00137236446608, "max": 0.0640183761716, "var": 3.52233437297e-05, "mean": 0.00457050185651}, "spectral_contrast_coeffs": {"dmean2": [0.0691982135177, 0.0527468323708, 0.0493267960846, 0.044931281358, 0.0366776697338, 0.0309561770409], "median": [-0.530694127083, -0.688736379147, -0.698298335075, -0.735945940018, -0.771866798401, -0.791126966476], "min": [-0.986064851284, -0.977071881294, -0.982001960278, -0.982053637505, -0.984832167625, -0.969574987888], "dvar2": [0.00368687743321, 0.00268569937907, 0.00223269476555, 0.00159415439703, 0.0011182987364, 0.00106228655204], "dvar": [0.00136856501922, 0.00122067146003, 0.00110126135405, 0.000703415367752, 0.000551154662389, 0.000602662737947], "dmean": [0.0416430234909, 0.0343615226448, 0.0331134945154, 0.0287172868848, 0.0252342484891, 0.0216730665416], "max": [-0.282548666, -0.38114631176, -0.481109559536, -0.504005908966, -0.568616986275, -0.569669902325], "var": [0.00962756201625, 0.00714774848893, 0.00696063740179, 0.00497403042391, 0.00526607176289, 0.00412645749748], "mean": [-0.539204180241, -0.688308954239, -0.703127920628, -0.736757338047, -0.770167052746, -0.777707457542]}, "melbands_skewness": {"dmean2": 0.48563221097, "median": 1.2687265873, "min": -1.42098164558, "dvar2": 0.697019517422, "dvar": 0.327736496925, "dmean": 0.336249560118, "max": 23.9423942566, "var": 1.30569052696, "mean": 1.4213064909}, "spectral_spread": {"dmean2": 448964.0625, "median": 1731384.125, "min": 521237.65625, "dvar2": 682834657280, "dvar": 394663264256, "dmean": 291975.875, "max": 42750692, "var": 30369139130400.0, "mean": 2606686.75}, "dissonance": {"dmean2": 0.045249633491, "median": 0.419527709484, "min": 0.165999546647, "dvar2": 0.00201513664797, "dvar": 0.000853980076499, "dmean": 0.0282839629799, "max": 0.499998599291, "var": 0.00268383743241, "mean": 0.410489916801}, "spectral_skewness": {"dmean2": 1.44644033909, "median": 3.03724527359, "min": -0.354227185249, "dvar2": 1.84965538979, "dvar": 0.802402973175, "dmean": 0.891593158245, "max": 10.7199106216, "var": 4.93856573105, "mean": 3.55552411079}, "spectral_flux": {"dmean2": 0.0245556794107, "median": 0.032407194376, "min": 6.48180745189e-11, "dvar2": 0.00117244152352, "dvar": 0.000606254616287, "dmean": 0.0167390890419, "max": 0.384349197149, "var": 0.00175301614217, "mean": 0.0447472818196}, "spectral_contrast_valleys": {"dmean2": [0.705653548241, 0.407118141651, 0.437175571918, 0.490488797426, 0.531099617481, 0.301282405853], "median": [-8.48441886902, -6.5700750351, -7.65513372421, -8.59038543701, -9.36017131805, -12.9569702148], "min": [-28.0478057861, -28.2769088745, -27.610250473, -27.7170562744, -27.5654811859, -27.4739208221], "dvar2": [0.407011806965, 0.197134584188, 0.224503234029, 0.276739478111, 0.360200792551, 0.126751244068], "dvar": [0.177972331643, 0.110425584018, 0.129960983992, 0.169325560331, 0.221612349153, 0.0834191218019], "dmean": [0.427039980888, 0.269398927689, 0.291403383017, 0.351017087698, 0.385186910629, 0.199719205499], "max": [-6.05454778671, -4.68507814407, -5.0396490097, -5.74945449829, -5.76912403107, -9.14420223236], "var": [7.42910289764, 9.09718608856, 8.29344177246, 7.73698329926, 7.68428182602, 4.4317908287], "mean": [-8.89005184174, -7.07079744339, -8.12988090515, -9.0059709549, -9.66309547424, -13.0969114304]}, "erbbands_flatness_db": {"dmean2": 0.0193577501923, "median": 0.281653672457, "min": 0.0208257008344, "dvar2": 0.000578765000682, "dvar": 0.000303529232042, "dmean": 0.0142457494512, "max": 0.402932971716, "var": 0.00288690882735, "mean": 0.275582015514}, "spectral_energyband_high": {"dmean2": 3.9474976802e-05, "median": 2.85204168904e-06, "min": 7.1712705933e-21, "dvar2": 2.30517205324e-08, "dvar": 1.34891653403e-08, "dmean": 2.80935782939e-05, "max": 0.00314268167131, "var": 4.05866629194e-08, "mean": 5.21938272868e-05}, "spectral_entropy": {"dmean2": 0.235822409391, "median": 6.48777008057, "min": 5.24601364136, "dvar2": 0.0930529087782, "dvar": 0.0492049083114, "dmean": 0.168671235442, "max": 9.82197856903, "var": 0.471482664347, "mean": 6.57340192795}, "silence_rate_20dB": {"dmean2": 0, "median": 1, "min": 1, "dvar2": 0, "dvar": 0, "dmean": 0, "max": 1, "var": 0, "mean": 1}, "melbands_flatness_db": {"dmean2": 0.0275819394737, "median": 0.320901691914, "min": 0.00246256846003, "dvar2": 0.00131139333826, "dvar": 0.000698307529092, "dmean": 0.0200789533556, "max": 0.481370568275, "var": 0.00640970794484, "mean": 0.313852339983}, "barkbands": {"dmean2": [1.48494127643e-05, 0.000132646571728, 0.000543315603863, 0.00154499523342, 0.00127017835621, 0.000887642672751, 0.0013512611622, 0.0013952658046, 0.00117380660959, 0.000652812421322, 0.000528186210431, 0.000513656064868, 0.000243892238359, 0.000252568250289, 0.000197559449589, 9.08481379156e-05, 0.0001183377899, 0.00013374016271, 6.22441075393e-05, 4.58632239315e-05, 1.56146597874e-05, 7.76409251557e-06, 6.42830946163e-06, 2.25743315241e-06, 3.10127404646e-07, 3.17427044649e-08, 3.33495790983e-08], "median": [3.55136853614e-06, 4.07463376177e-05, 0.000377206364647, 0.000782410614192, 0.00127039384097, 0.00118278921582, 0.00171177962329, 0.000720407813787, 0.000690688786563, 0.000534985098056, 0.000432792468928, 0.000224820221774, 8.39729764266e-05, 6.40641665086e-05, 5.8657828049e-05, 2.95454483421e-05, 1.89189340745e-05, 1.08455215013e-05, 5.27780093762e-06, 2.38664551944e-06, 7.77377181294e-07, 1.9094080983e-07, 1.8583600081e-07, 5.12983220347e-08, 3.9806245411e-08, 6.21789979505e-08, 1.22227277188e-07], "min": [1.29729864519e-25, 2.48106418238e-24, 6.93081950059e-25, 8.24265475685e-25, 7.00887531501e-24, 8.106414337e-24, 8.99144527518e-24, 3.05595563896e-24, 1.67984143234e-23, 7.28473918471e-24, 1.39396092242e-23, 1.96606746335e-23, 2.1516832789e-23, 3.06553525025e-23, 3.81463914357e-23, 4.8497518156e-23, 7.6317376399e-23, 8.31201152597e-23, 1.32201677631e-22, 1.79089070726e-22, 2.10475334412e-22, 2.73663219137e-22, 3.48763938518e-22, 5.94711760373e-22, 9.17271506668e-22, 1.27448428432e-21, 1.93927425708e-21], "dvar2": [1.32471833503e-09, 8.5559328511e-08, 1.69527845628e-06, 1.87154964806e-05, 1.85297521966e-05, 6.04256410952e-06, 2.08225046663e-05, 2.98662071145e-05, 1.9821080059e-05, 2.95904760605e-06, 1.97854751605e-06, 1.86583065442e-06, 5.81147219236e-07, 9.70043288362e-07, 3.70854053244e-07, 8.16655472136e-08, 1.40426848816e-07, 2.27725919899e-07, 6.93207979907e-08, 3.06240828252e-08, 4.10833989051e-09, 4.81729145463e-09, 3.34363314813e-09, 6.2892013819e-10, 1.96229837934e-11, 2.28742229964e-14, 3.13770920867e-14], "dvar": [5.3197063421e-10, 3.6862687125e-08, 6.18655349172e-07, 9.68772110355e-06, 7.17850161891e-06, 3.34784067491e-06, 9.17047600524e-06, 1.4883460608e-05, 9.59712178883e-06, 1.72130114606e-06, 1.14996623779e-06, 9.67913024397e-07, 3.4637224644e-07, 4.75521886756e-07, 1.96138415731e-07, 4.13295317969e-08, 6.6838062196e-08, 1.16887321155e-07, 3.36720056282e-08, 1.67851421651e-08, 1.90370696984e-09, 1.92388927012e-09, 1.879858047e-09, 2.95715951726e-10, 7.52682291494e-12, 1.17672442835e-14, 1.22830805721e-14], "dmean": [8.49007483339e-06, 8.15780076664e-05, 0.000324439577525, 0.00123839406297, 0.000846784678288, 0.000678882992361, 0.00105646357406, 0.00100810010917, 0.000871715834364, 0.000493254861794, 0.000403451151215, 0.000355873315129, 0.000172479514731, 0.000175999521161, 0.00013694356312, 6.64786130073e-05, 8.1438178313e-05, 9.47710868786e-05, 4.41646043328e-05, 3.26383851643e-05, 1.05716853795e-05, 5.01411977893e-06, 4.62950765723e-06, 1.45036915455e-06, 1.91564922147e-07, 2.13911643954e-08, 2.35274359994e-08], "max": [0.000851255957969, 0.00417624833062, 0.0208542253822, 0.0789550319314, 0.0800982788205, 0.0876251608133, 0.0979696661234, 0.104443565011, 0.0876089334488, 0.0443715564907, 0.0353923253715, 0.0266105625778, 0.0158525425941, 0.0203119050711, 0.0164672248065, 0.00734046474099, 0.00741293327883, 0.0107928412035, 0.00648999866098, 0.00531406700611, 0.00131136539858, 0.0016861052718, 0.00191179290414, 0.000685255974531, 0.000118340234621, 5.26568783243e-06, 6.2727040131e-06], "var": [7.44733219538e-10, 4.86712359304e-08, 9.12529230845e-07, 3.19618302456e-05, 1.44285577335e-05, 1.12657598947e-05, 2.16709595406e-05, 3.7383637391e-05, 2.12767099583e-05, 4.72467354484e-06, 4.96356415169e-06, 2.74901549346e-06, 1.07667972316e-06, 7.78963396897e-07, 4.53856927152e-07, 1.10690578481e-07, 1.22545145587e-07, 3.95271229081e-07, 6.49186375767e-08, 4.59961917443e-08, 3.69218544627e-09, 2.76177281044e-09, 3.8949088399e-09, 5.15714249083e-10, 7.77216919295e-12, 1.81667899582e-14, 1.48113587232e-14], "mean": [9.18181649467e-06, 0.000108767133497, 0.000682594778482, 0.00277964654379, 0.00247981050052, 0.00216955714859, 0.0029978537932, 0.00226048566401, 0.00191662856378, 0.00120564911049, 0.00118987925816, 0.00078641687287, 0.000350686983438, 0.000281111191725, 0.000241357876803, 0.000134665431688, 0.000132856192067, 0.00021320846281, 8.58337807585e-05, 6.00291350565e-05, 1.68790829775e-05, 6.64500203129e-06, 6.83641383148e-06, 1.94539120457e-06, 2.47178661539e-07, 7.74844650664e-08, 1.37712348192e-07]}, "erbbands_skewness": {"dmean2": 0.341762185097, "median": 0.316973805428, "min": -3.25393629074, "dvar2": 0.157073989511, "dvar": 0.077009037137, "dmean": 0.242103546858, "max": 3.07641363144, "var": 0.499429404736, "mean": 0.380806863308}, "erbbands_spread": {"dmean2": 4.99368667603, "median": 15.5637130737, "min": 2.78314208984, "dvar2": 62.5259819031, "dvar": 30.9574012756, "dmean": 3.52410125732, "max": 109.676475525, "var": 158.501235962, "mean": 19.5391025543}, "melbands_kurtosis": {"dmean2": 3.59888267517, "median": 2.24682211876, "min": -1.84057581425, "dvar2": 388.571594238, "dvar": 191.376174927, "dmean": 2.31683158875, "max": 763.763916016, "var": 455.696289063, "mean": 4.73962497711}, "melbands": {"dmean2": [1.93427895283e-05, 0.00019821296155, 0.000577677506953, 0.000344413885614, 0.000113896647235, 0.000188149337191, 0.000212927596294, 0.000292778568109, 0.000282356428215, 0.000140449148603, 0.000104990438558, 7.05197744537e-05, 7.46836522012e-05, 4.24699501309e-05, 6.03757725912e-05, 2.00724953174e-05, 1.96844994207e-05, 2.43122012762e-05, 1.32503937493e-05, 4.87522447656e-06, 7.44903718441e-06, 6.25330903858e-06, 9.00472514331e-06, 5.85368752581e-06, 2.48115429713e-06, 2.70146642833e-06, 2.25263079301e-06, 1.06225195395e-06, 5.96006429987e-07, 4.21360454084e-07, 2.85568006575e-07, 1.74146506993e-07, 1.66250444522e-07, 1.30298133172e-07, 1.1431828284e-07, 9.43049514035e-08, 3.96464763242e-08, 1.74343508519e-08, 1.27410091366e-08, 3.15266057704e-09], "median": [7.43916825741e-06, 0.000129078456666, 0.000365963263903, 0.000351818394847, 0.000217022403376, 0.0