{"tonal": {"thpcp": [1, 0.479513287544, 0.195705115795, 0.155714705586, 0.153561219573, 0.251778841019, 0.355809390545, 0.280624866486, 0.172627389431, 0.140583887696, 0.161663487554, 0.405731379986, 0.571590483189, 0.398926407099, 0.427290707827, 0.572332322598, 0.426873058081, 0.265412777662, 0.217693790793, 0.238891780376, 0.529597342014, 0.668490946293, 0.446824342012, 0.311239868402, 0.221700876951, 0.206925854087, 0.458182305098, 0.556505084038, 0.324796468019, 0.173893347383, 0.140505179763, 0.135598808527, 0.192628622055, 0.248293846846, 0.399400472641, 0.905990242958], "hpcp": {"dmean2": [0.337569832802, 0.3059027493, 0.261429965496, 0.170135349035, 0.146261140704, 0.133202835917, 0.138661950827, 0.152747303247, 0.146922126412, 0.125020027161, 0.106399826705, 0.117759138346, 0.175569146872, 0.201024383307, 0.201758980751, 0.198650553823, 0.187367558479, 0.227102920413, 0.198007032275, 0.182558372617, 0.181919947267, 0.22705322504, 0.22760938108, 0.250868856907, 0.283435851336, 0.203623026609, 0.176709353924, 0.210434272885, 0.173858031631, 0.196716040373, 0.150527253747, 0.12539049983, 0.117792159319, 0.140009924769, 0.178337588906, 0.266392737627], "median": [0.213221773505, 0.253396689892, 0.103644669056, 0.0173738840967, 0.011047296226, 0.014039253816, 0.024346748367, 0.0280751660466, 0.0230881869793, 0.0144079336897, 0.0119356997311, 0.0186788197607, 0.0591521672904, 0.0769154280424, 0.0685571953654, 0.0505283214152, 0.0519614294171, 0.0471165888011, 0.0277739409357, 0.0156982429326, 0.0219062510878, 0.0804022476077, 0.109689041972, 0.0783787071705, 0.020503597334, 0.0143547020853, 0.0173836685717, 0.0372523888946, 0.0418460667133, 0.0315220765769, 0.0184294339269, 0.0123485559598, 0.0119750238955, 0.0199448186904, 0.0263397525996, 0.0675104707479], "min": [0, 0, 0, 0, 0, 0, 0, 0, 0, 0, 0, 0, 0, 0, 0, 0, 0, 0, 0, 0, 0, 0, 0, 0, 0, 0, 0, 0, 0, 0, 0, 0, 0, 0, 0, 0], "dvar2": [0.145523309708, 0.12531414628, 0.110702112317, 0.0894346013665, 0.0908568352461, 0.0717421844602, 0.0650296956301, 0.0730513557792, 0.0721313506365, 0.0635704100132, 0.0482684448361, 0.0529249757528, 0.0683146864176, 0.0821159556508, 0.0803021714091, 0.0833359435201, 0.0823650434613, 0.10722976923, 0.0918262973428, 0.0993016660213, 0.0847719460726, 0.100146055222, 0.0956066921353, 0.105090469122, 0.177378967404, 0.100249633193, 0.110781416297, 0.113915346563, 0.0885618850589, 0.11452511698, 0.0856472626328, 0.0760999470949, 0.0666375160217, 0.0745350345969, 0.0889741554856, 0.125124290586], "dvar": [0.0557228662074, 0.051977545023, 0.0395919792354, 0.0326336249709, 0.0328472331166, 0.0261954981834, 0.0239776745439, 0.0293304752558, 0.0279271695763, 0.0241829715669, 0.0186443664134, 0.0196935664862, 0.0265564601868, 0.034153342247, 0.0304882172495, 0.0308957826346, 0.0332349427044, 0.0389918759465, 0.0352788195014, 0.0366261787713, 0.0312390904874, 0.0373420715332, 0.0389763452113, 0.0381123609841, 0.0674600675702, 0.0365264080465, 0.0373322479427, 0.0399280972779, 0.0353624038398, 0.0385986305773, 0.0299496464431, 0.0270816665143, 0.0241517983377, 0.0275146998465, 0.0324851684272, 0.04391027987], "dmean": [0.196814835072, 0.181224584579, 0.149180114269, 0.0934869796038, 0.0793202519417, 0.0733221322298, 0.0793535560369, 0.0888891890645, 0.0854665488005, 0.0708896517754, 0.0606239363551, 0.0671909078956, 0.104063145816, 0.120515584946, 0.117093622684, 0.114755019546, 0.109494671226, 0.129371598363, 0.113236360252, 0.101569347084, 0.101708836854, 0.132545948029, 0.135484963655, 0.14441524446, 0.158259406686, 0.112377077341, 0.0967442393303, 0.119950957596, 0.101276062429, 0.10992911458, 0.0824491605163, 0.0686922520399, 0.0648135766387, 0.0778856426477, 0.0993197634816, 0.150433897972], "max": [1, 1, 1, 1, 1, 1, 1, 1, 1, 1, 1, 1, 1, 1, 1, 1, 1, 1, 1, 1, 1, 1, 1, 1, 1, 1, 1, 1, 1, 1, 1, 1, 1, 1, 1, 1], "var": [0.122739337385, 0.137721166015, 0.0489042326808, 0.0261609796435, 0.0234672110528, 0.0203425008804, 0.0318201743066, 0.0638985782862, 0.0416304022074, 0.0243223756552, 0.0183370020241, 0.0172067750245, 0.0475408956409, 0.088986761868, 0.0421111732721, 0.0590959750116, 0.108587950468, 0.0595700144768, 0.0340412072837, 0.0305066034198, 0.029324285686, 0.072865113616, 0.10199226439, 0.0489068515599, 0.0560182742774, 0.0291016325355, 0.0294357612729, 0.0763879865408, 0.111032731831, 0.0450596809387, 0.0215613041073, 0.0186958462, 0.017225112766, 0.0236942041665, 0.0306499712169, 0.0470155589283], "mean": [0.352779448032, 0.38938549161, 0.186715513468, 0.0762047320604, 0.0606330484152, 0.059794511646, 0.0980390235782, 0.13854701817, 0.109271250665, 0.0672186017036, 0.0547413267195, 0.0629494190216, 0.157985910773, 0.222569048405, 0.155336156487, 0.166380807757, 0.222857892513, 0.166218176484, 0.103347890079, 0.084766805172, 0.0930209904909, 0.206217512488, 0.260300666094, 0.173986911774, 0.121192283928, 0.0863271057606, 0.0805739238858, 0.178409546614, 0.216695010662, 0.126471027732, 0.0677115470171, 0.0547106787562, 0.0528002083302, 0.0750067904592, 0.0966820195317, 0.155520752072]}, "tuning_equal_tempered_deviation": 0.25594240427, "chords_changes_rate": 0.046586997807, "key_key": "A", "tuning_diatonic_strength": 0.649049639702, "key_scale": "major", "chords_number_rate": 0.00182296941057, "tuning_frequency": 434.193115234, "tuning_nontempered_energy_ratio": 0.950641691685, "chords_histogram": [39.2748641968, 0.36459389329, 8.72999763489, 0.141786515713, 1.3976098299, 0, 2.65343332291, 0, 0, 0, 0, 0, 0, 0, 0, 7.00830459595, 0, 0.688677310944, 0, 1.96475589275, 0, 1.62041723728, 17.7435684204, 18.4119911194], "key_strength": 0.80794864893, "chords_key": "A", "chords_strength": {"dmean2": 0.00895063765347, "median": 0.573109507561, "min": 0.278880119324, "dvar2": 7.1514499723e-05, "dvar": 6.55718467897e-05, "dmean": 0.00929291453212, "max": 0.837390422821, "var": 0.007927342318, "mean": 0.574961900711}, "chords_scale": "major", "hpcp_entropy": {"dmean2": 1.04854011536, "median": 2.16264867783, "min": 0, "dvar2": 0.768999874592, "dvar": 0.295812427998, "dmean": 0.634858310223, "max": 4.5868601799, "var": 0.654954254627, "mean": 2.15060043335}}, "metadata": {"audio_properties": {"equal_loudness": 0, "codec": "mp3", "downmix": "mix", "sample_rate": 44100, "analysis_sample_rate": 44100, "bit_rate": 320036, "md5_encoded": "56c2a1c82d881764c1d28a701fcb8e76", "length": 229.224487305, "replay_gain": -12.6843910217, "lossless": false}, "version": {"essentia_build_sha": "70f2e5ece6736b2c40cc944ad0e695b16b925413", "essentia": "2.1-beta2", "extractor": "music 1.0", "essentia_git_sha": "v2.1_beta2"}, "tags": {"title": ["Van City"], "media": ["CD"], "albumartist": ["Hunter Valentine"], "musicbrainz_recordingid": ["1da47402-db05-494a-9e7f-38e10e90575b"], "musicbrainz_albumartistid": ["7ca0cf1f-038d-4996-a73d-8cd34a056f77"], "album": ["The Impatient Romantic"], "musicbrainz album release country": ["CA"], "musicbrainz album type": ["album"], "musicbrainz album status": ["official"], "date": ["2007-04-03"], "file_name": "04 - Van City.mp3", "musicbrainz_releasegroupid": ["36a1e2eb-5591-33d2-a27c-9bee47de6fe5"], "script": ["Latn"], "originaldate": ["2007"], "musicbrainz_albumid": ["813043b5-ea0a-412e-a355-6695593b3035"], "artist": ["Hunter Valentine"], "artistsort": ["Hunter Valentine"], "tracknumber": ["4/11"], "label": ["True North Records"], "albumartistsort": ["Hunter Valentine"], "acoustid_id": ["a8be1d4d-8db1-4595-a7c8-0706b5fbc376"], "musicbrainz_artistid": ["7ca0cf1f-038d-4996-a73d-8cd34a056f77"]}}, "rhythm": {"bpm_histogram_first_peak_bpm": {"dmean2": 0, "median": 99, "min": 99, "dvar2": 0, "dvar": 0, "dmean": 0, "max": 99, "var": 0, "mean": 99}, "bpm": 100.122123718, "bpm_histogram_second_peak_spread": {"dmean2": 0, "median": 0.333333313465, "min": 0.333333313465, "dvar2": 0, "dvar": 0, "dmean": 0, "max": 0.333333313465, "var": 0, "mean": 0.333333313465}, "bpm_histogram_first_peak_weight": {"dmean2": 0, "median": 0.54830288887, "min": 0.54830288887, "dvar2": 0, "dvar": 0, "dmean": 0, "max": 0.54830288887, "var": 0, "mean": 0.54830288887}, "onset_rate": 3.446185112, "beats_position": [0.615328788757, 1.24226760864, 1.88081634045, 2.48453521729, 3.08825397491, 3.68036270142, 4.27247142792, 4.85297060013, 5.45668935776, 6.06040811539, 6.66412687302, 7.26784563065, 7.87156438828, 8.47528362274, 9.07900238037, 9.65950107574, 10.2632198334, 10.8785486221, 11.4822673798, 12.0743761063, 12.6780948639, 13.2818136215, 13.8855323792, 14.4660310745, 15.0697498322, 15.6734695435, 16.2771873474, 16.8809070587, 17.4846248627, 18.088344574, 18.6920623779, 19.2841720581, 19.8878898621, 20.4916095734, 21.0837192535, 21.6758270264, 22.2795467377, 22.8716545105, 23.4753742218, 24.0674819946, 24.6828117371, 25.286529541, 25.8902492523, 26.4823570251, 27.0744667053, 27.6781845093, 28.2702941895, 28.8624038696, 29.4661216736, 30.081451416, 30.6735591888, 31.2540588379, 31.8577766418, 32.4614944458, 33.0652160645, 33.6573219299, 34.2726516724, 34.8763694763, 35.480091095, 36.0605888367, 36.6526985168, 37.244808197, 37.848526001, 38.4522438049, 39.0559616089, 39.6596832275, 40.2634010315, 40.8555107117, 41.4708366394, 42.0629463196, 42.6550559998, 43.2587738037, 43.8624954224, 44.4662132263, 45.0583229065, 45.650428772, 46.2541503906, 46.8462562561, 47.4383659363, 48.0420837402, 48.6458053589, 49.2495231628, 49.8532409668, 50.4569587708, 51.0606803894, 51.6527900696, 52.2448959351, 52.8370056152, 53.4291152954, 54.0328330994, 54.6365509033, 55.2286605835, 55.8207702637, 56.4244880676, 57.0282058716, 57.6319274902, 58.2356452942, 58.8393630981, 59.4430847168, 60.0468025208, 60.6621322632, 61.2658500671, 61.8579597473, 62.4616775513, 63.0653953552, 63.6691131592, 64.2728347778, 64.8765487671, 65.4918823242, 66.107208252, 66.7109298706, 67.3262557983, 67.9415893555, 68.5453033447, 69.1258010864, 69.7179107666, 70.3332443237, 70.9253463745, 71.5174560547, 72.1211776733, 72.724899292, 73.3170089722, 73.9207229614, 74.5128326416, 75.1165542603, 75.7202682495, 76.3123779297, 76.9044876099, 77.5082092285, 78.0887069702, 78.6692047119, 79.2613143921, 79.8650360107, 80.4571380615, 81.0492477417, 81.6413574219, 82.2450790405, 82.8487930298, 83.4525146484, 84.0330123901, 84.6367340088, 85.2172317505, 85.8093414307, 86.4014511108, 87.0167770386, 87.6204986572, 88.2242126465, 88.8163223267, 89.4200439453, 90.023765564, 90.6274795532, 91.2312011719, 91.8349151611, 92.4502487183, 93.0539703369, 93.6460723877, 94.2497940063, 94.8419036865, 95.4340133667, 96.037727356, 96.6414489746, 97.2451705933, 97.8488845825, 98.4526062012, 99.0563278198, 99.6600418091, 100.263763428, 100.867477417, 101.471199036, 102.074920654, 102.678634644, 103.270744324, 103.886077881, 104.48979187, 105.093513489, 105.685623169, 106.266120911, 106.858230591, 107.450340271, 108.042449951, 108.64616394, 109.249885559, 109.841995239, 110.434104919, 111.037818909, 111.641540527, 112.245262146, 112.848976135, 113.452697754, 114.068023682, 114.660133362, 115.26385498, 115.879180908, 116.482902527, 117.086616516, 117.690338135, 118.282447815, 118.886169434, 119.466667175, 120.058776855, 120.662490845, 121.266212463, 121.858322144, 122.462036133, 123.065757751, 123.657867432, 124.249977112, 124.830474854, 125.434196472, 126.026298523, 126.618408203, 127.198905945, 127.791015625, 128.394729614, 128.986846924, 129.590560913, 130.182678223, 130.786392212, 131.378494263, 131.982223511, 132.574325562, 133.166442871, 133.746932983, 134.327438354, 134.919540405, 135.523269653, 136.115371704, 136.719085693, 137.322814941, 137.914916992, 138.507034302, 139.110748291, 139.71446228, 140.30657959, 140.898681641, 141.490783691, 142.082901001, 142.68661499, 143.2787323, 143.870834351, 144.47454834, 145.078277588, 145.670379639, 146.274108887, 146.866210938, 147.469924927, 148.062042236, 148.654144287, 149.234649658, 149.826751709, 150.418869019, 151.022583008, 151.614685059, 152.206802368, 152.810516357, 153.414230347, 154.017959595, 154.621673584, 155.225387573, 155.829116821, 156.432830811, 157.024932861, 157.617050171, 158.209152222, 158.801269531, 159.404983521, 160.00869751, 160.612426758, 161.216140747, 161.808258057, 162.400360107, 163.004074097, 163.607803345, 164.211517334, 164.815231323, 165.418960571, 166.022674561, 166.614776611, 167.206893921, 167.81060791, 168.414321899, 169.006439209, 169.59854126, 170.202270508, 170.805984497, 171.409698486, 172.001815796, 172.605529785, 173.220855713, 173.824569702, 174.405075073, 175.008789062, 175.612518311, 176.2162323, 176.819946289, 177.423675537, 178.027389526, 178.631103516, 179.234832764, 179.838546753, 180.442260742, 181.034378052, 181.626480103, 182.218597412, 182.810699463, 183.414413452, 184.0181427, 184.610244751, 185.202362061, 185.80607605, 186.409790039, 187.013504028, 187.617233276, 188.220947266, 188.813064575, 189.405166626, 190.008880615, 190.612609863, 191.216323853, 191.808425903, 192.400543213, 192.992645264, 193.584762573, 194.188476562, 194.792190552, 195.3959198, 195.999633789, 196.603347778, 197.207077026, 197.810791016, 198.414505005, 199.006622314, 199.587112427, 200.167617798, 200.759719849, 201.363449097, 201.955551147, 202.547653198, 203.151382446, 203.778320312, 204.405258179, 205.020584106, 205.635910034, 206.2628479, 206.878189087, 207.493515015, 208.085617065, 208.677734375, 209.269836426, 209.861953735, 210.454055786, 211.034561157, 211.626663208, 212.230377197, 212.834106445, 213.437820435, 214.134414673, 214.831008911, 215.539230347, 216.259048462, 216.990478516, 217.721893311, 218.441726685, 219.103485107, 219.776870728, 220.287704468, 220.798538208, 221.309387207, 221.79699707, 222.296234131, 222.795455933, 223.283081055, 223.770706177, 224.25831604, 224.68788147, 225.117462158, 225.547027588, 225.953369141, 226.359725952, 226.766067505, 227.184036255, 227.601989746, 228.019943237, 228.426300049], "beats_loudness": {"dmean2": 0.0216327495873, "median": 0.0467327311635, "min": 3.18641298236e-07, "dvar2": 0.000384759419831, "dvar": 0.000131484674057, "dmean": 0.0126687586308, "max": 0.104647673666, "var": 0.000232582868193, "mean": 0.0460820235312}, "danceability": 1.14325523376, "bpm_histogram_second_peak_weight": {"dmean2": 0, "median": 0.0104438643903, "min": 0.0104438643903, "dvar2": 0, "dvar": 0, "dmean": 0, "max": 0.0104438643903, "var": 0, "mean": 0.0104438643903}, "beats_count": 384, "bpm_histogram_second_peak_bpm": {"dmean2": 0, "median": 123, "min": 123, "dvar2": 0, "dvar": 0, "dmean": 0, "max": 123, "var": 0, "mean": 123}, "bpm_histogram_first_peak_spread": {"dmean2": 0, "median": 0.406779646873, "min": 0.406779646873, "dvar2": 0, "dvar": 0, "dmean": 0, "max": 0.406779646873, "var": 0, "mean": 0.406779646873}, "beats_loudness_band_ratio": {"dmean2": [0.638424873352, 0.345871776342, 0.140636339784, 0.120575264096, 0.072853192687, 0.245569884777], "median": [0.523123204708, 0.159016191959, 0.0632660537958, 0.0488332957029, 0.0423740148544, 0.0702090710402], "min": [0.00877838768065, 0.000193043611944, 2.50608673014e-06, 1.37547442591e-06, 8.80575726114e-07, 1.57725003191e-06], "dvar2": [0.207956179976, 0.0690175816417, 0.0194579157978, 0.0216228924692, 0.00588965415955, 0.0732437223196], "dvar": [0.0590620972216, 0.0217082649469, 0.00723059801385, 0.00715094059706, 0.00199519493617, 0.0248561892658], "dmean": [0.337382555008, 0.180028617382, 0.0784072577953, 0.0672092810273, 0.0390990450978, 0.126998871565], "max": [0.998318433762, 0.925566852093, 0.542117416859, 0.623889923096, 0.488662928343, 0.952558517456], "var": [0.0774620324373, 0.0229431092739, 0.00779620697722, 0.00626100180671, 0.00256074056961, 0.0184600818902], "mean": [0.528671264648, 0.190004646778, 0.0869133844972, 0.0679830983281, 0.0511172264814, 0.108113639057]}}, "lowlevel": {"barkbands_spread": {"dmean2": 9.14674568176, "median": 21.7805500031, "min": 0.257016569376, "dvar2": 155.90953064, "dvar": 76.3755874634, "dmean": 6.01275014877, "max": 121.738677979, "var": 314.848144531, "mean": 24.5072460175}, "melbands_spread": {"dmean2": 10.9031105042, "median": 18.6583271027, "min": 0.274858921766, "dvar2": 349.098205566, "dvar": 194.851394653, "dmean": 7.13741922379, "max": 302.8671875, "var": 788.965332031, "mean": 23.6114501953}, "hfc": {"dmean2": 16.1590824127, "median": 23.6142425537, "min": 1.23164440352e-16, "dvar2": 1188.84521484, "dvar": 604.822265625, "dmean": 11.1968898773, "max": 642.708496094, "var": 1884.49523926, "mean": 33.1213378906}, "barkbands_kurtosis": {"dmean2": 6.72797346115, "median": 2.28170013428, "min": -1.95948958397, "dvar2": 255.859848022, "dvar": 116.109527588, "dmean": 4.43726587296, "max": 409.802642822, "var": 517.508789062, "mean": 9.1821231842}, "gfcc": {"mean": [7.76489305496, 86.922492981, -90.1728668213, 43.7889099121, -57.411113739, 16.3318004608, -41.5692253113, 3.54382896423, -28.5018177032, -0.264610826969, -21.6879405975, -6.617664814, -11.0744781494], "icov": [[0.00023760276963, -4.31597873103e-05, 0.000352056260454, -6.42095110379e-05, 0.000387323845644, -0.000268651929218, 0.000254873099038, -0.000290581723675, 0.000145678990521, -0.000605446111877, 0.000359468627721, -0.000385726365494, 0.000129484877107], [-4.31597873103e-05, 0.00210168561898, 0.000108039072074, 0.00123951851856, -0.00111414759886, 0.00156497757416, -0.00162266893312, 0.000981805264018, -0.00145784195047, 0.00191703811288, -0.00210618972778, 0.00250141671859, -0.00195236341096], [0.000352056260454, 0.000108039072074, 0.00129372358788, -0.000376425799914, 0.000136426431709, -0.000500715570524, 0.000150337058585, 0.000346694199834, 0.000233972736169, -0.000620271544904, 0.000550556287635, -0.000240555295022, 0.000152947031893], [-6.42095110379e-05, 0.00123951851856, -0.000376425799914, 0.00326793966815, -0.000909456110094, 0.000484257005155, -0.000451552303275, 0.000900724087842, -0.002298676176, 0.00204179272987, -0.00189608125947, 0.00139000243507, -0.00120480020996], [0.000387323845644, -0.00111414759886, 0.000136426431709, -0.000909456110094, 0.00367255182937, -0.000553477555513, -0.000308778136969, -0.0010263719596, 0.000656759424601, -0.00147831789218, 0.00100488541648, -0.000274661520962, -0.000341447826941], [-0.000268651929218, 0.00156497757416, -0.000500715570524, 0.000484257005155, -0.000553477555513, 0.00705462880433, -0.00338863790967, 0.000451725238236, 0.000135809052153, 0.000770378974266, -0.00101345963776, 0.000421781878686, -0.000661755038891], [0.000254873099038, -0.00162266893312, 0.000150337058585, -0.000451552303275, -0.000308778136969, -0.00338863790967, 0.00853127706796, -0.00147612765431, 0.000864304951392, -0.00104277906939, 0.000518753426149, -0.00267981202342, 0.0017883523833], [-0.000290581723675, 0.000981805264018, 0.000346694199834, 0.000900724087842, -0.0010263719596, 0.000451725238236, -0.00147612765431, 0.00766925513744, -0.00175802595913, -0.000147586557432, 0.00077176920604, 0.00101084203925, -0.000707797356881], [0.000145678990521, -0.00145784195047, 0.000233972736169, -0.002298676176, 0.000656759424601, 0.000135809052153, 0.000864304951392, -0.00175802595913, 0.0100528672338, -0.00360962399282, 0.00153230689466, -0.00239261728711, 0.00245733372867], [-0.000605446111877, 0.00191703811288, -0.000620271544904, 0.00204179272987, -0.00147831789218, 0.000770378974266, -0.00104277906939, -0.000147586557432, -0.00360962399282, 0.0161617174745, -0.00578766176477, 0.0023145780433, -0.00011015671771], [0.000359468627721, -0.00210618972778, 0.000550556287635, -0.00189608125947, 0.00100488541648, -0.00101345963776, 0.000518753426149, 0.00077176920604, 0.00153230689466, -0.00578766176477, 0.0169129744172, -0.00487464759499, 0.00275616906583], [-0.000385726365494, 0.00250141671859, -0.000240555295022, 0.00139000243507, -0.000274661520962, 0.000421781878686, -0.00267981202342, 0.00101084203925, -0.00239261728711, 0.0023145780433, -0.00487464759499, 0.0148734273389, -0.00532022351399], [0.000129484877107, -0.00195236341096, 0.000152947031893, -0.00120480020996, -0.000341447826941, -0.000661755038891, 0.0017883523833, -0.000707797356881, 0.00245733372867, -0.00011015671771, 0.00275616906583, -0.00532022351399, 0.0186873525381]], "cov": [[18015.9511719, -2644.69018555, -4239.01025391, -851.648925781, -2208.34570312, 434.376403809, -494.587982178, 833.331726074, -23.7406044006, 546.569274902, -167.477264404, 512.274841309, -190.535827637], [-2644.69018555, 1844.10290527, 203.657531738, -147.31036377, 630.251831055, -288.388000488, 187.617980957, -153.537582397, 51.789440155, -138.314804077, 81.8354644775, -205.464172363, 99.1668395996], [-4239.01025391, 203.657531738, 1962.49658203, 364.583618164, 424.72567749, 20.0477294922, 90.4023284912, -238.684921265, -11.1541404724, -96.8656005859, 17.646522522, -78.8260574341, 24.722618103], [-851.648925781, -147.31036377, 364.583618164, 519.015930176, 113.160507202, 9.93697452545, -0.417495071888, -62.8520050049, 63.6085472107, -33.3289756775, 22.0029144287, -8.87674236298, 6.73430776596], [-2208.34570312, 630.251831055, 424.72567749, 113.160507202, 654.25390625, -68.3307189941, 120.853614807, -65.4154586792, 17.556810379, -59.1695785522, 25.1538352966, -89.0200805664, 48.7470436096], [434.376403809, -288.388000488, 20.0477294922, 9.93697452545, -68.3307189941, 232.923568726, 49.1880073547, 26.6738986969, -21.698507309, 23.070432663, -4.40403032303, 45.225402832, -12.8454275131], [-494.587982178, 187.617980957, 90.4023284912, -0.417495071888, 120.853614807, 49.1880073547, 186.815963745, 1.05969822407, 0.108742900193, -10.640583992, 16.4594707489, 0.793213903904, 6.09497451782], [833.331726074, -153.537582397, -238.684921265, -62.8520050049, -65.4154586792, 26.6738986969, 1.05969822407, 192.88104248, 18.1135368347, 36.2042617798, -20.9110622406, 21.4348449707, -9.94212913513], [-23.7406044006, 51.789440155, -11.1541404724, 63.6085472107, 17.556810379, -21.698507309, 0.108742900193, 18.1135368347, 132.670852661, 19.3607215881, 7.83994102478, 2.38088011742, -7.81469297409], [546.569274902, -138.314804077, -96.8656005859, -33.3289756775, -59.1695785522, 23.070432663, -10.640583992, 36.2042617798, 19.3607215881, 98.9900817871, 14.5264005661, 19.6111698151, -15.9898195267], [-167.477264404, 81.8354644775, 17.646522522, 22.0029144287, 25.1538352966, -4.40403032303, 16.4594707489, -20.9110622406, 7.83994102478, 14.5264005661, 80.8358001709, 10.2218809128, -1.03668701649], [512.274841309, -205.464172363, -78.8260574341, -8.87674236298, -89.0200805664, 45.225402832, 0.793213903904, 21.4348449707, 2.38088011742, 19.6111698151, 10.2218809128, 113.333908081, 6.32901191711], [-190.535827637, 99.1668395996, 24.722618103, 6.73430776596, 48.7470436096, -12.8454275131, 6.09497451782, -9.94212913513, -7.81469297409, -15.9898195267, -1.03668701649, 6.32901191711, 67.7887115479]]}, "spectral_energyband_middle_low": {"dmean2": 0.00810222327709, "median": 0.015157001093, "min": 3.74046766447e-22, "dvar2": 9.50543326326e-05, "dvar": 3.67071406799e-05, "dmean": 0.00504691619426, "max": 0.0802848562598, "var": 0.000104136131995, "mean": 0.0167032405734}, "melbands_crest": {"dmean2": 4.90032100677, "median": 14.1591253281, "min": 2.56735372543, "dvar2": 20.034576416, "dvar": 7.90279483795, "dmean": 3.02410936356, "max": 34.4629745483, "var": 28.1724910736, "mean": 14.8957071304}, "spectral_kurtosis": {"dmean2": 3.90474033356, "median": 2.73620605469, "min": -1.36174809933, "dvar2": 138.264129639, "dvar": 58.2779121399, "dmean": 2.47351408005, "max": 269.737976074, "var": 599.505432129, "mean": 8.55978775024}, "spectral_rms": {"dmean2": 0.00128537078854, "median": 0.00578588247299, "min": 3.22440056426e-12, "dvar2": 2.59315493167e-06, "dvar": 1.04846401427e-06, "dmean": 0.00082118564751, "max": 0.0145974121988, "var": 2.58540399045e-06, "mean": 0.00572969252244}, "zerocrossingrate": {"dmean2": 0.0130642810836, "median": 0.05712890625, "min": 0.00390625, "dvar2": 0.000279700820101, "dvar": 0.000296936545055, "dmean": 0.0117712281644, "max": 0.56201171875, "var": 0.00272122491151, "mean": 0.0666484385729}, "silence_rate_60dB": {"dmean2": 0.00202613719739, "median": 0, "min": 0, "dvar2": 0.00202196161263, "dvar": 0.00101196113974, "dmean": 0.00101296592038, "max": 1, "var": 0.0219798963517, "mean": 0.0224855672568}, "erbbands_kurtosis": {"dmean2": 2.92601156235, "median": -0.368321657181, "min": -1.85747992992, "dvar2": 62.8583335876, "dvar": 28.548078537, "dmean": 1.95169937611, "max": 228.122406006, "var": 477.058837891, "mean": 5.40169334412}, "erbbands": {"dmean2": [0.175639972091, 1.91392302513, 5.54022741318, 8.64338588715, 12.5567646027, 16.5916080475, 17.2649497986, 11.6649580002, 16.8073558807, 16.4502983093, 25.9834861755, 23.2529182434, 23.0463676453, 24.9636440277, 25.8520393372, 21.1101436615, 22.3457946777, 17.9526462555, 24.2897205353, 17.2465801239, 24.9072284698, 16.5790367126, 12.1145505905, 12.5581541061, 12.3012037277, 19.4736995697, 15.8234348297, 15.6550626755, 19.9598960876, 17.1229953766, 11.5147066116, 7.06393003464, 4.94635343552, 3.16314339638, 1.40947210789, 0.434623092413, 0.094614289701, 0.0150851886719, 0.00149582442828, 7.16992944945e-05], "median": [0.0306275337934, 0.75445073843, 3.87891054153, 7.54791355133, 11.0215263367, 12.6913995743, 11.7271080017, 8.23510742188, 9.6314201355, 9.37098026276, 13.5163326263, 11.3587713242, 10.1835002899, 10.693356514, 8.47912216187, 10.2186508179, 10.943652153, 11.7352180481, 14.6308488846, 11.3366651535, 15.7160005569, 12.304517746, 9.27901363373, 8.64284038544, 8.56222915649, 10.8726768494, 7.82328271866, 5.38140439987, 5.04761791229, 4.16996574402, 3.05459427834, 2.00303125381, 1.6321041584, 0.975237488747, 0.489119082689, 0.126153573394, 0.0213256496936, 0.00225661997683, 0.000168540136656, 5.35244071216e-05], "min": [4.98091117447e-22, 3.4602612922e-21, 5.10496171014e-21, 4.61372879037e-20, 3.29720266771e-19, 3.05252522746e-19, 2.35510211115e-19, 5.00468620724e-19, 1.35582615857e-18, 4.00133111686e-19, 3.50105693528e-19, 5.50459591236e-19, 4.55695081585e-18, 2.04127991971e-18, 3.58637513539e-18, 3.48423983644e-18, 4.18877437957e-18, 4.05865762844e-18, 4.1861960576e-18, 1.0034171496e-17, 9.00427621231e-18, 5.88243578276e-18, 5.9404637435e-18, 1.58302467277e-17, 9.67114425906e-18, 1.25575479932e-17, 9.7595293347e-18, 1.54629537203e-17, 1.2779033874e-17, 1.56307291096e-17, 2.36501127994e-17, 1.46646830702e-17, 1.63936410973e-17, 1.2132004927e-17, 9.77743531342e-18, 5.79726802612e-18, 2.81924266543e-18, 1.48322220926e-18, 3.9883805704e-19, 3.8330812878e-20], "dvar2": [0.215387165546, 18.6205329895, 84.2567977905, 150.808547974, 311.299468994, 625.335998535, 735.350097656, 474.15838623, 1163.66589355, 1488.65112305, 3135.92431641, 3189.5637207, 3261.62304688, 3563.82617188, 5618.56933594, 2557.73730469, 2079.10888672, 1499.06347656, 1830.26501465, 1111.8692627, 1768.78637695, 725.956359863, 660.051879883, 635.87890625, 517.600646973, 1643.32666016, 1360.3302002, 1777.09289551, 2904.08276367, 2313.30029297, 1037.13549805, 545.26373291, 436.298156738, 221.705200195, 29.8992786407, 2.59637403488, 0.0882950946689, 0.0026156376116, 3.20679173456e-05, 4.06515390239e-08], "dvar": [0.0950536951423, 6.57967329025, 29.7707881927, 56.8454208374, 117.254852295, 251.117675781, 298.556060791, 184.821014404, 468.633361816, 636.562194824, 1425.55029297, 1524.29309082, 1394.6282959, 1549.78674316, 2452.94750977, 1178.92053223, 827.893554688, 598.102539062, 745.350341797, 439.992156982, 661.960205078, 277.188842773, 262.726867676, 258.320770264, 221.778762817, 617.661437988, 503.31137085, 670.236999512, 1268.41711426, 1211.95227051, 508.010681152, 283.294372559, 227.657821655, 112.667022705, 17.4226379395, 1.45026290417, 0.0431868620217, 0.00118209549692, 1.36530497912e-05, 1.76350294367e-08], "dmean": [0.111904673278, 1.10365772247, 3.26323270798, 5.24892807007, 7.71801185608, 10.230298996, 10.8739700317, 7.23685216904, 10.4677457809, 10.8238039017, 17.3185214996, 15.3711585999, 14.7896146774, 16.2853279114, 16.8163738251, 13.6490879059, 14.0147714615, 11.3293647766, 15.2183036804, 10.6494455338, 15.0076808929, 10.0955066681, 7.43470811844, 7.65089416504, 7.54129981995, 11.6235351562, 9.49543476105, 9.46460723877, 12.6606197357, 11.2988176346, 7.71070384979, 4.87782621384, 3.46516394615, 2.25445199013, 1.00966656208, 0.306149512529, 0.0646734088659, 0.00998673029244, 0.000973767077085, 4.74510743516e-05], "max": [4.11043357849, 27.895652771, 72.2834243774, 115.23550415, 194.600997925, 262.958312988, 405.352203369, 191.677536011, 527.979980469, 612.96307373, 1012.62634277, 1141.02478027, 1283.98193359, 1099.76123047, 1288.41430664, 1309.98254395, 585.078674316, 552.203552246, 668.248840332, 453.122558594, 454.262878418, 353.766296387, 571.23651123, 578.106689453, 377.76953125, 396.295227051, 361.631530762, 599.288452148, 1252.99487305, 1213.28308105, 554.128662109, 531.116577148, 756.54296875, 504.546783447, 206.464767456, 73.8010864258, 8.06873226166, 0.992847681046, 0.107055604458, 0.00310610188171], "var": [0.10237262398, 5.53377008438, 42.8551483154, 130.199981689, 264.925415039, 560.430725098, 1060.88781738, 296.522277832, 921.422363281, 1473.16748047, 4808.59326172, 2979.68188477, 3040.97021484, 4322.22558594, 9107.92871094, 3481.68774414, 1924.2911377, 1341.54455566, 2156.86865234, 1125.46984863, 1446.63293457, 778.224731445, 688.411437988, 924.580383301, 570.146179199, 812.39276123, 594.883850098, 780.565856934, 2374.84985352, 3092.609375, 1272.76281738, 771.615539551, 603.070922852, 318.074737549, 66.652053833, 4.93969249725, 0.110949106514, 0.00201124022715, 1.80754559551e-05, 2.76742433414e-08], "mean": [0.130465969443, 1.51333808899, 6.10774946213, 11.2251358032, 16.104385376, 20.464345932, 22.0684051514, 13.7024536133, 19.6083602905, 22.1691837311, 36.8063163757, 27.6483821869, 27.0705013275, 31.4423561096, 33.8481063843, 26.516292572, 26.3287239075, 22.3167991638, 31.3873252869, 21.8022155762, 29.3153858185, 22.1531295776, 15.9013309479, 16.5180454254, 15.5582733154, 19.5939464569, 16.0850734711, 14.3193559647, 19.3775482178, 18.9105472565, 13.4645118713, 8.85551071167, 6.64108085632, 4.3245434761, 1.97042858601, 0.570159554482, 0.11369714886, 0.0149912126362, 0.00129709835164, 9.80792392511e-05]}, "spectral_strongpeak": {"dmean2": 0.685541510582, "median": 0.515081346035, "min": 0, "dvar2": 1.44914996624, "dvar": 0.582615911961, "dmean": 0.403657138348, "max": 15.3409481049, "var": 1.08612656593, "mean": 0.819857299328}, "spectral_energy": {"dmean2": 0.0173437315971, "median": 0.0343133471906, "min": 1.06566784992e-20, "dvar2": 0.000694188231137, "dvar": 0.000265670969384, "dmean": 0.0107959862798, "max": 0.218411549926, "var": 0.000366963125998, "mean": 0.0363002046943}, "average_loudness": 0.967120885849, "spectral_rolloff": {"dmean2": 919.527587891, "median": 925.927734375, "min": 64.599609375, "dvar2": 2672563.25, "dvar": 1324974.125, "dmean": 558.770629883, "max": 19939.7460938, "var": 3762333.5, "mean": 1565.10900879}, "spectral_centroid": {"dmean2": 374.033569336, "median": 1173.58044434, "min": 114.931358337, "dvar2": 223127.921875, "dvar": 123967.101562, "dmean": 247.94758606, "max": 10945.5126953, "var": 660622.875, "mean": 1252.17346191}, "pitch_salience": {"dmean2": 0.107838712633, "median": 0.578813195229, "min": 0.087571516633, "dvar2": 0.0100812334567, "dvar": 0.00392604479566, "dmean": 0.0666101574898, "max": 0.859692633152, "var": 0.0182061810046, "mean": 0.558473646641}, "spectral_energyband_middle_high": {"dmean2": 0.00244548101909, "median": 0.00377244781703, "min": 1.39564130343e-21, "dvar2": 1.436185903e-05, "dvar": 6.27505687589e-06, "dmean": 0.00162020872813, "max": 0.047133281827, "var": 3.39424077538e-05, "mean": 0.00547241885215}, "spectral_contrast_coeffs": {"dmean2": [0.0813544020057, 0.0712994933128, 0.0578991249204, 0.0453793928027, 0.0326389856637, 0.0300453137606], "median": [-0.594803750515, -0.718642234802, -0.790149688721, -0.800506234169, -0.804286360741, -0.762988567352], "min": [-0.96256506443, -0.981518149376, -0.967648684978, -0.962357342243, -0.956859946251, -0.95958083868], "dvar2": [0.00457222945988, 0.00363154918887, 0.00223644590005, 0.00133249443024, 0.000737662019674, 0.000866843387485], "dvar": [0.00177868781611, 0.00141854246613, 0.000962220306974, 0.00054385320982, 0.000304554996546, 0.00035513722105], "dmean": [0.0502062886953, 0.0441515445709, 0.0363715216517, 0.0280274488032, 0.0203491915017, 0.0187844447792], "max": [-0.235373303294, -0.331291228533, -0.417047262192, -0.553169965744, -0.579574644566, -0.564837276936], "var": [0.00630199443549, 0.00578171154484, 0.00619122525677, 0.00305605074391, 0.00157956406474, 0.0022638628725], "mean": [-0.591530919075, -0.713218688965, -0.776184678078, -0.795928120613, -0.804139316082, -0.768971145153]}, "melbands_skewness": {"dmean2": 1.25757157803, "median": 2.83060002327, "min": -2.5126926899, "dvar2": 2.61517953873, "dvar": 1.18855655193, "dmean": 0.830874621868, "max": 17.8477172852, "var": 5.12698507309, "mean": 3.31359148026}, "spectral_spread": {"dmean2": 814993.25, "median": 5240744, "min": 388108.46875, "dvar2": 1052502458370.0, "dvar": 640682098688, "dmean": 585090.6875, "max": 40546956, "var": 4497570529280.0, "mean": 5413884}, "dissonance": {"dmean2": 0.0289733093232, "median": 0.470636487007, "min": 0.108478829265, "dvar2": 0.00122290290892, "dvar": 0.000474108470371, "dmean": 0.0178664699197, "max": 0.500000059605, "var": 0.00206243526191, "mean": 0.45598679781}, "spectral_skewness": {"dmean2": 0.386648595333, "median": 1.32353937626, "min": -0.552884578705, "dvar2": 0.362240046263, "dvar": 0.180038705468, "dmean": 0.261323958635, "max": 14.7923135757, "var": 3.0724773407, "mean": 1.77004694939}, "spectral_flux": {"dmean2": 0.0402073301375, "median": 0.0839362516999, "min": 1.03231187487e-10, "dvar2": 0.00207523349673, "dvar": 0.0010296915425, "dmean": 0.0265063550323, "max": 0.453130811453, "var": 0.00256074382924, "mean": 0.0908277481794}, "spectral_contrast_valleys": {"dmean2": [0.66567504406, 0.55542165041, 0.524305582047, 0.434716880322, 0.387039422989, 0.398390293121], "median": [-6.77555084229, -6.53474569321, -7.11433076859, -7.30355119705, -7.12807178497, -9.37090206146], "min": [-27.2900543213, -27.4423179626, -27.3244552612, -27.1234760284, -27.2392120361, -27.3162136078], "dvar2": [0.344691097736, 0.251376748085, 0.21274729073, 0.176918745041, 0.220038279891, 0.306515336037], "dvar": [0.152423024178, 0.114845179021, 0.106137290597, 0.0953705906868, 0.120018288493, 0.18249244988], "dmean": [0.413729071617, 0.348397046328, 0.33686965704, 0.286885380745, 0.269991129637, 0.301521122456], "max": [-4.82016897202, -4.48821783066, -5.22876977921, -5.55608224869, -5.40062332153, -6.73202800751], "var": [1.01025283337, 2.21655988693, 2.39070796967, 2.39018368721, 2.51202630997, 2.6356306076], "mean": [-6.94450473785, -6.92417287827, -7.52449703217, -7.77844619751, -7.54748725891, -9.78244972229]}, "erbbands_flatness_db": {"dmean2": 0.0215939451009, "median": 0.13099744916, "min": 0.0294017698616, "dvar2": 0.000589166011196, "dvar": 0.000326527864672, "dmean": 0.0154595291242, "max": 0.521053850651, "var": 0.00609056046233, "mean": 0.152393773198}, "spectral_energyband_high": {"dmean2": 0.00177532341331, "median": 0.000874725927133, "min": 7.63344806704e-21, "dvar2": 1.85801927728e-05, "dvar": 9.48186971073e-06, "dmean": 0.00122021581046, "max": 0.0713537037373, "var": 2.81288648694e-05, "mean": 0.00246708956547}, "spectral_entropy": {"dmean2": 0.231045052409, "median": 7.77786827087, "min": 2.95058059692, "dvar2": 0.0841979384422, "dvar": 0.0527799837291, "dmean": 0.168209657073, "max": 9.80229854584, "var": 1.08913767338, "mean": 7.46890592575}, "silence_rate_20dB": {"dmean2": 0, "median": 1, "min": 1, "dvar2": 0, "dvar": 0, "dmean": 0, "max": 1, "var": 0, "mean": 1}, "melbands_flatness_db": {"dmean2": 0.0389449745417, "median": 0.189848914742, "min": 0.00890922173858, "dvar2": 0.001746033784, "dvar": 0.000879484112374, "dmean": 0.0264983158559, "max": 0.873514711857, "var": 0.0215386357158, "mean": 0.231058642268}, "barkbands": {"dmean2": [0.000324384658597, 0.00752545287833, 0.00495121674612, 0.00356613704935, 0.0043710055761, 0.00167386175599, 0.00123139924835, 0.00118214008398, 0.000998624716885, 0.000859238847625, 0.000651863811072, 0.00058844598243, 0.000495291664265, 0.000425873848144, 0.000413913978264, 0.000408838182921, 0.000322244886775, 0.000252218655078, 0.000226006872253, 0.000402143399697, 0.000371637521312, 0.000545362359844, 0.000434607587522, 0.000303162698401, 0.000230015939451, 6.5907042881e-05, 8.48348008731e-06], "median": [3.81217614631e-06, 0.00257572974078, 0.00369120272808, 0.002657672856, 0.00417632423341, 0.00115969660692, 0.000663166109007, 0.000505466538016, 0.000425066042226, 0.000318822014378, 0.000129827632918, 0.000231621670537, 0.000212456245208, 0.000226002579439, 0.000228237186093, 0.000239187385887, 0.000209037374589, 0.000164873243193, 0.000154958295752, 0.00022170113516, 0.000167013466125, 0.000139144089189, 0.000113485613838, 9.97061579255e-05, 7.94055013102e-05, 1.72503259819e-05, 7.47609874452e-07], "min": [5.93643453381e-23, 1.43440724098e-23, 3.21153084238e-24, 2.94686911309e-23, 9.97160258333e-23, 5.88464360657e-23, 7.05457734047e-23, 1.59671600332e-23, 2.65099641762e-23, 1.36581016858e-22, 8.09003742684e-23, 6.96522969216e-23, 9.30553324226e-23, 7.57362951453e-23, 1.18089751208e-22, 2.13033692369e-22, 1.01111104256e-22, 1.3018878228e-22, 2.32443356195e-22, 3.10011304321e-22, 3.09223857054e-22, 3.93604963316e-22, 7.6165643737e-22, 8.42782842376e-22, 1.28080405729e-21, 1.40421350779e-21, 2.92873009592e-21], "dvar2": [8.11647510091e-07, 0.000306444213493, 5.62833738513e-05, 2.670037793e-05, 3.56145646947e-05, 8.23369009595e-06, 6.09704648014e-06, 6.1209125306e-06, 5.24735469298e-06, 3.87229238186e-06, 3.74360342903e-06, 1.97045665118e-06, 1.05178980903e-06, 7.18176295322e-07, 5.31643877366e-07, 5.00696160088e-07, 2.58326110725e-07, 2.78726702163e-07, 1.73358841948e-07, 6.56439283375e-07, 9.11518554858e-07, 2.15850332097e-06, 1.48291030655e-06, 1.3026256056e-06, 9.39905362429e-07, 4.77492712037e-08, 9.91686399665e-10], "dvar": [4.12411708339e-07, 0.000115011076559, 2.02190822165e-05, 1.00341794678e-05, 1.41436348713e-05, 3.23378026224e-06, 2.52064296546e-06, 2.79382288682e-06, 2.46786294156e-06, 1.62360504419e-06, 1.61841091995e-06, 9.64911464507e-07, 4.22221660301e-07, 2.80129853536e-07, 2.21474536488e-07, 1.8962133197e-07, 9.81749366247e-08, 1.08595934023e-07, 7.43601589193e-08, 2.49584246603e-07, 3.35275728958e-07, 9.96771518658e-07, 7.34690843274e-07, 6.91890193139e-07, 5.28040231984e-07, 2.51991743028e-08, 4.2440936876e-10], "dmean": [0.000227626253036, 0.00452130660415, 0.00294137303717, 0.00216029910371, 0.00271746329963, 0.00105235038791, 0.000780328002293, 0.000783591065556, 0.00064584572101, 0.000545975577552, 0.000415646965848, 0.000383244274417, 0.000309337658109, 0.000263007183094, 0.000257349543972, 0.000247891293839, 0.000195485758013, 0.000152716034791, 0.00013840723841, 0.000240919805947, 0.000224165196414, 0.000350442453055, 0.000289443851216, 0.00021245732205, 0.000165824647411, 4.54922264908e-05, 5.50182312509e-06], "max": [0.00690973456949, 0.121349908412, 0.0629342123866, 0.0454535111785, 0.0600107684731, 0.0271786265075, 0.0329483151436, 0.0374063588679, 0.0371663570404, 0.0342796556652, 0.0311426911503, 0.0282959286124, 0.0112388469279, 0.010900975205, 0.0106955906376, 0.00837046839297, 0.00564255192876, 0.00995349977165, 0.0103347534314, 0.0102846035734, 0.0108260866255, 0.039350964129, 0.0212830416858, 0.0373705625534, 0.0275190733373, 0.0086408238858, 0.000566378701478], "var": [5.44554097814e-07, 0.000105347942736, 3.3867359889e-05, 2.35904335568e-05, 3.55519114237e-05, 6.81570645611e-06, 5.11859707331e-06, 9.63728416536e-06, 5.29303406438e-06, 3.64390939467e-06, 5.42595398656e-06, 3.40390192832e-06, 9.143663533e-07, 5.65455309243e-07, 6.46886178401e-07, 4.20510303911e-07, 2.78225570582e-07, 3.03089365161e-07, 2.27735114322e-07, 3.55610268343e-07, 3.60524040843e-07, 2.06654272006e-06, 1.8