{"metadata": {"tags": {"bpm": ["82.20"], "musicip_puid": ["d5418dae-897d-bac3-596b-b74842a34943"], "musicbrainz_albumid": ["0f68ef38-1d5c-486d-9ac7-1d844aab855b"], "genre": ["Country"], "musicbrainz_recordingid": ["1da86690-46df-496f-8c7f-1e3321a8d656"], "title": ["I Gotta Get Drunk"], "tracknumber": ["06"], "artist": ["George Jones feat. Willie Nelson"], "album": ["My Very Special Guests: Legacy Edition (Disc 1)"], "musicbrainz album type": ["Compilation"], "date": ["1978"], "acoustid_id": ["14282081-6563-4279-85ed-51b2e72a517d"], "file_name": "George Jones feat. Willie Nelson - I Gotta Get Drunk.mp3", "acoustid_fingerprint": ["AQADtMoUqVKWSCjTJ0idHMku_EGuHMmyo9NyXMfH43nQ54LPgFEu_B-SL0eecxJ6Bj6Npt_xFuSUHA_CTP3x5IOi5Ud1o3nII5ee48mj4O9RHY2aUMLNY9aD3NBCfshiJVrwj0ETZxbGVDrS6Sm0JiERqzke78af4IkS44d7EV-O5BbiKEITcVfQn_hx2QgjqahWBfoyzJNmHHkT9NmDJqIeXD8iieoG7zi0J6OMnDj65GiO8AmHZl-gRkuOWA-DHv4RvsEjaHbCGc1XRJcy4Z0mtFsoOHowKT9yPXgSRce-IOSR_jh9SCrCC8_0LMZ1iQT-YcrR40wQ_dDy_AiVg9OD3rCbGrVI4c6Dz6icJTrSLYciizn6jAiT9SHqJg1sjeiOitLQPB9xnUXzCsnI5Ag_NGna45ESWXB-PMeeBU2uHOGqH7oyIVYUJpKO60HzoHJ4vDrOY1ZaNBfa3UjOC_nxTBXG5EdFkkZTD-zCDPmPZN3heWEy9B-qK0eTNMP5FPk6HQkf0HpxBpei4RG--XiG_8h7JOPTBOZ4TGQu_MYbbSh7NNXxiuiRPEe8HV1z4VdkPMRjIXQOZXGWIlSa48nw4z8aTznabFLx45lx3BKFjMmiQT1K8VmQbod7CT987ugVfBXezEWa7EhGP2gWnEavNGjCJErx6cgPMWI148FD1OrhNIpniIzIIZVRdsZ_nEevJgjziYe-ZDiNMOIlMOIeoTyaKzN-_HAS6cajSCrqF83H4hnCLxMSJRUv8FyEV1lQrQqeHV_hp7gTOPGD6xJMLUh2xP9x6RGujktwp8dxwd1sPEg-ZN_xKHi45ZhIJthOI-l3GXHYFD0u5Pg1DXpypI4XcFSMOKc07Icq8ugEh0c5RdmHJLJ4-I6CS2JS-MEP9_j0gFPyoFHz4C4i_dDyHPmFK0dTHS2HM8eLP7iOL0kS5BySSEeTpBX-GvcD6hU-4ckRKXWOZE82nPqMKmcsNMeloInCH6U0fDkaNVF6JLuOSDkY4cjzIakU6UeVoTm-jFrwnLhONEuyIzxzJM8ePDd-J8FP4srxPMrhLzeeSwHfzcF_vCoaRBKVEQ8pFpcSQzvmRExFXA8uiF8J5hsivcODK1PhLXvxPT08ZkdXpsN__MVOeNPSIM8PabyQH02cUcKzB_kGsSYROlGPx3ZQbSnRPE3xxcWHugnRXEiO4PzRPRoo7_ijHb6UoGSO_UfOLGGO5hb6KQ_uQ6WGMMm5Fd5F9Jvxw8VTZXi0rEiW0BLCD4_Qa0vgilyCjxesLBRqFeHjo8mh68jHRJhSxwlCMg80URIayckk6HqUIqZy8FeO80OVfoF3kegzEifOFPmE5D_cDdcF-kmGb4hmikiuxOiN5pi149HR1MnR60iuIG8WMKdQSrkYPNKOkWKcEEVTYc_S4Dp4I_k4RshztIsDV0zxPMcvVLnyIFd0JPjKwcuP8-CV45-EOGcw5Q8UEc-JMFt6cFQ8wckx4cdzDVdwnAmFaluOb1kxFuZyIzx0HazJ4MdEacJm5ago0BeFvkejd1DfHvkON42Gb3SxP_iHpiKSJ8yG0BT-D3-GSiKaJiXxGxce5ImUQfN2REr0DnQ-nLpw9iCmPC_qnCS-wPUWfMbNR_CP5DPyw9mPXwn2C03akOi2dfiO64OWJwpOg3IWC38e4YOzI5GkKB9itwPDB0efoRmbD3lScYZenAgvonkWXEenRfORa_jRB8wTJoKrlnB-5IevD_0S4cdz8MLV43QKJ32UCDPTLfhx4U2Q7BHSDu2OHdeD3ySYPBmSk0cYhcGrvPh39PAWCuGDZE-f4U2FS1oUVE_QheXQ_MinHM8hIjb24Il2_EfTlAz-E51m4s6DG2d0hA-058TfxIiTH-MP7_hX8DlCZhmRUGHjoPlxWcH1HB811ESY5EjCH3eOvdFQRRfRRFZk5NmhXSnCvMfzFM8VGc26E-GlHCqZI9yPJiqNNkezXcSF2kGY00iueAmuXHipiLikHWdylHl0JIzuBHlK9Dl-PCaeBP9wXTROpFU2vMgvZhi3C9bx68fFOBKmOESf5bh6I-FJxAZf1OJyWFl-TGF2XJfw5SipouGMZ7gP_8iXLNBEaWie40NDlFI4vIF-osoTIX2O6cIzpsPvgMeFKWGSI9kmZUfuG8fJ1MM9nImOG-PTB12OJqvBltAp1Czhg1HDtXisD39i4T9-nBoa7kKSH6GeUcXTYGeSLDBLHseVHSYV8KeQPh70OkIuhMqhJY-I8wjzjDOYB1cKTyeeB78WTJmnCOGhyMoQxvpxSTyuo-_QdMfbDD8S9qAR5nhuOM8R_hOkMkbYB6Uk8biUE884RcPPo58meNJFHN-E_MmRdFEO_riONH-g0ci2ZRlO4jy-bGiOSlGSI_miI5ab45lRpV4iMKaIPMuh80fKD7kuBW8S-RA1EbHx-vgyxajdDH3UIE8TaLl0hM9xpvibFLw-NGeGZJeCzDn6OEHzfAS37UI-S1ATJcyC8JLRzNqC_fjxo3GYCW0U5UiOOD8aVjlKiXiMxo0RPuqQnA-u48mNXjkszwr6IvmH_EH1wlvQ_iH-4glOHMniLBJC_aiScIdHdeiB5gymo8-RLg-kcEGfhYhWC_1Q_VhDHtUeB__wHbmO5DvaZcYfHK6Mh15GOER__Ciz6mh2PMieI7kuNKhClHIM_8a5wz96EFl-aBkZIucT4udEomgW7sgP7YkVDU2e5JglqUcuHZdO_GnQqPRRObixpyluJS3yU4KYSxLyCz--8BeqPWjOOXiCn3h2-FmRfMqQ83jcoxLzhGDScviU4BKJhsuJRP2QlkoV9MezC1Uc4T_SZxmS5-B59MnxBb8mHPkO91DOH2GS8qjMVAjZJ1CUM8ivgj1cLUOeBfo-RH8oNNGP_vgp4T76wFuOU_BzEZeYEP7R58E_HCHJAIIMMMZgAxwCiAkIACCEIAMgAAgYEoBRABggBALGEIBAAEgJAqARABBAlDGOAcAAQ0AzI4ARiDgGFBkCIiGJRQKAZIgQwBiikAOIAQAEEAYogZQABoAIARGGCgGAEEggIoQQhDADBDAEEIWVYMAYoYCBSgAmgEBAACIIAIAwSRABgAEiCBEEAIMUIZQARw0x0hGECCKSMWCBMsQDYhBwBhvhtGBaAACIMYAIQIggTgFrCFCMAESERYgiIg0AQhiAAMjUEOKIAQAQ5AgADDgBlDCGAeoUIRQBCYhxgijHmDYQGWKMEUQIxigAwCDEgBBGGEHaQIAgxwQxTABEAAAECWIIIEAwABRBCBCmCFLOUCQAIEYQAKATQDlgiYEEIESIAkpAAwgBAAAlBALAEQKM8QoYJgARBEHEBBJIAAEAEMIjRIAAihEilCFOGIeAEkQYiJSRjBEBDACGEMGYAwIQRYxxwiODoGaECKCIYYACIQgQRCAACTOAACAdAswIhQQAQhDgHBDEOACEcEAogAgFjAjBGGBiAGEoA8AB5RRQRhFGgICEEWAUAERBBKQmCgiEhAEAAK0EUAgABhBSihEEAGAAEIKQEAQBAwBCyACDBEOEEAosQhAoJZAhQAkhDIPCKRAIFIABAQASCjDrnCfOAGKFUCAAIJBgRBAniAHAOcGAEQYAZAFRQEhNiCAoKCFEEQAhIiglARDBBPBAKWYMIMRDIJhBzABCAIGGIQMYEQAIJpASgAEhDBIEICUAAIAIQwQAiiiiCCDCOGSQIEwhIIQSAgACHCAECcAEAQQKgAAhQCBgFBIOBAQcAUowBQzRCghhACCEMZKYwUABbIQUVAGklDFUKCI4EIZZhKAxQAEDABJAUEIAEEYJogBhRABDkCAEAMAQEwAAwJBBDCAlACCKOK2AAgARhAAEwBAjIBECCAANEMIpIAAAgDlBABLMCEGQE4Q5Cg"]}, "audio_properties": {"sample_rate": 44100, "downmix": "mix", "lossless": false, "analysis_sample_rate": 44100, "md5_encoded": "bf7e9d491add0d43e89ed44d38c228b9", "equal_loudness": 0, "replay_gain": -5.05781364441, "codec": "mp3", "bit_rate": 192000, "length": 130.899597168}, "version": {"extractor": "music 1.0", "essentia_build_sha": "2d9f1f26377add8aeb1075a9c2973f962c4f09fd", "essentia_git_sha": "v2.1_beta2-1-ge3940c0", "essentia": "2.1-beta2"}}, "rhythm": {"beats_loudness_band_ratio": {"dvar2": [0.089316919446, 0.0376013405621, 0.0321707427502, 0.0661984607577, 0.0299943201244, 0.0066183777526], "var": [0.0552952066064, 0.0173494294286, 0.0199251063168, 0.0233461242169, 0.0101644406095, 0.00238042930141], "min": [0.00425146333873, 0.0119179096073, 0.00207380880602, 0.00192314863671, 0.000663177052047, 0.000548570475075], "dmean": [0.232626691461, 0.137145593762, 0.111428007483, 0.126936301589, 0.079988963902, 0.0571358799934], "mean": [0.467310994864, 0.196937814355, 0.148909434676, 0.123411543667, 0.0775516405702, 0.0491498783231], "max": [0.951702296734, 0.749778807163, 0.722066044807, 0.723573327065, 0.735679805279, 0.279630571604], "dmean2": [0.437126159668, 0.247669816017, 0.202964097261, 0.22767855227, 0.146176949143, 0.109332874417], "median": [0.464365750551, 0.163070768118, 0.104807928205, 0.060886926949, 0.0393658056855, 0.0360163301229], "dvar": [0.0290164705366, 0.0117016108707, 0.0117543097585, 0.0222818292677, 0.0107808830217, 0.00194331235252]}, "bpm_histogram_first_peak_weight": {"dvar2": 0, "var": 0, "min": 0.5126760602, "dmean": 0, "mean": 0.5126760602, "max": 0.5126760602, "dmean2": 0, "median": 0.5126760602, "dvar": 0}, "bpm": 163.800201416, "beats_count": 356, "bpm_histogram_first_peak_spread": {"dvar2": 0, "var": 0, "min": 0.0370371080935, "dmean": 0, "mean": 0.0370371080935, "max": 0.0370371080935, "dmean2": 0, "median": 0.0370371080935, "dvar": 0}, "danceability": 1.15986430645, "bpm_histogram_first_peak_bpm": {"dvar2": 0, "var": 0, "min": 161, "dmean": 0, "mean": 161, "max": 161, "dmean2": 0, "median": 161, "dvar": 0}, "beats_position": [0.383129239082, 0.766258478165, 1.16099774837, 1.54412698746, 1.92725622654, 2.29877543449, 2.65868473053, 3.04181408882, 3.41333317757, 3.78485250473, 4.15637159348, 4.52789115906, 4.8994102478, 5.25931978226, 5.61922883987, 5.99074840546, 6.3622674942, 6.73378658295, 7.10530614853, 7.45360517502, 7.8251247406, 8.19664382935, 8.54494285583, 8.90485286713, 9.26476192474, 9.62467098236, 9.98458003998, 10.3444900513, 10.7043991089, 11.0643081665, 11.4358272552, 11.7957363129, 12.1672563553, 12.538775444, 12.8986845016, 13.2702035904, 13.6301136017, 14.0016326904, 14.361541748, 14.7214508057, 15.0813598633, 15.4412698746, 15.8127889633, 16.1726989746, 16.5326080322, 16.8925170898, 17.2524261475, 17.6123352051, 17.9722442627, 18.3205432892, 18.6804523468, 19.0403633118, 19.4002723694, 19.760181427, 20.1084804535, 20.4799995422, 20.851518631, 21.2114276886, 21.5713367462, 21.942855835, 22.3027667999, 22.6626758575, 23.0341949463, 23.3941040039, 23.7540130615, 24.102312088, 24.4738311768, 24.8337402344, 25.2052612305, 25.5767803192, 25.9366893768, 26.3082084656, 26.6681175232, 27.0280265808, 27.3879356384, 27.747844696, 28.1193637848, 28.4792747498, 28.8391838074, 29.199092865, 29.5590019226, 29.9189109802, 30.2788200378, 30.6503391266, 31.0102481842, 31.3701572418, 31.7416782379, 32.1131973267, 32.4847145081, 32.8446235657, 33.204536438, 33.5760536194, 33.9243545532, 34.2726516724, 34.6209526062, 34.9692497253, 35.329158783, 35.6890678406, 36.0605888367, 36.4321098328, 36.8036270142, 37.1751480103, 37.5466651917, 37.9065742493, 38.2664833069, 38.638004303, 39.0095214844, 39.3810424805, 39.7525634766, 40.124080658, 40.4839897156, 40.8555107117, 41.2154197693, 41.5869369507, 41.9584579468, 42.3183670044, 42.678276062, 43.0497932434, 43.4097061157, 43.7696151733, 44.129524231, 44.4894332886, 44.8493423462, 45.2208595276, 45.5807685852, 45.929069519, 46.2889785767, 46.6488876343, 46.9971885681, 47.3454856873, 47.7053947449, 48.0653038025, 48.4368247986, 48.80834198, 49.1798629761, 49.5513839722, 49.9229011536, 50.2944221497, 50.6659393311, 51.0374603271, 51.4089775085, 51.7804985046, 52.152015686, 52.5235366821, 52.8950538635, 53.2665748596, 53.6264839172, 53.9980049133, 54.3579139709, 54.7294311523, 55.1009521484, 55.4724693298, 55.8439903259, 56.2155075073, 56.5870285034, 56.9585494995, 57.3300666809, 57.6899757385, 58.0498847961, 58.4097938538, 58.7697029114, 59.1412239075, 59.5127410889, 59.884262085, 60.2557830811, 60.6273002625, 60.9988212585, 61.3587303162, 61.7186393738, 62.0901565552, 62.4616775513, 62.8331947327, 63.1931037903, 63.5646247864, 63.9361457825, 64.3076629639, 64.6675720215, 65.0390930176, 65.4106140137, 65.7821273804, 66.1536483765, 66.5251693726, 66.8850784302, 67.2449874878, 67.6165084839, 67.9764175415, 68.3363265991, 68.7078475952, 69.0793609619, 69.450881958, 69.8107910156, 70.1823120117, 70.5422210693, 70.9137420654, 71.2852630615, 71.6451721191, 72.0050811768, 72.3765945435, 72.7481155396, 73.1196365356, 73.4911575317, 73.8626708984, 74.2341918945, 74.6057128906, 74.9656219482, 75.3255310059, 75.697052002, 76.0569610596, 76.4168701172, 76.7883911133, 77.15990448, 77.5198135376, 77.8797302246, 78.2512435913, 78.6227645874, 78.9942855835, 79.3658065796, 79.7373199463, 80.1088409424, 80.4803619385, 80.8518829346, 81.2233963013, 81.5949172974, 81.9664382935, 82.3379592896, 82.7094802856, 83.0809936523, 83.4525146484, 83.8240356445, 84.1955566406, 84.5670700073, 84.9385910034, 85.3101119995, 85.6816329956, 86.0531539917, 86.4246673584, 86.7961883545, 87.1677093506, 87.5392303467, 87.9107437134, 88.2822647095, 88.6537857056, 89.0136947632, 89.3852157593, 89.7451248169, 90.116645813, 90.4881591797, 90.8480682373, 91.2079772949, 91.579498291, 91.9510192871, 92.3109283447, 92.6708374023, 93.0423583984, 93.4138793945, 93.7853927612, 94.1453018188, 94.5052108765, 94.8767318726, 95.2366409302, 95.5965499878, 95.9680709839, 96.3279800415, 96.6878890991, 97.0594100952, 97.4309310913, 97.802444458, 98.1739654541, 98.5454864502, 98.9170074463, 99.2769165039, 99.6484298706, 100.008346558, 100.379859924, 100.75138092, 101.111289978, 101.471199036, 101.831108093, 102.191017151, 102.562538147, 102.934059143, 103.305580139, 103.665489197, 104.025398254, 104.385307312, 104.74521637, 105.105125427, 105.476638794, 105.836547852, 106.208068848, 106.567977905, 106.927886963, 107.276191711, 107.659317017, 108.019226074, 108.39074707, 108.762268066, 109.133781433, 109.505302429, 109.876823425, 110.248344421, 110.608253479, 110.968162537, 111.339683533, 111.69959259, 112.059501648, 112.431015015, 112.790924072, 113.15083313, 113.522354126, 113.882263184, 114.242172241, 114.613693237, 114.985214233, 115.356735229, 115.728248596, 116.088157654, 116.448066711, 116.819587708, 117.179496765, 117.527801514, 117.887710571, 118.259223938, 118.619132996, 118.979042053, 119.338951111, 119.687255859, 120.047164917, 120.407073975, 120.766983032, 121.115280151, 121.475189209, 121.835098267, 122.195007324, 122.554916382, 122.926437378, 123.297958374, 123.657867432, 124.029388428, 124.400901794, 124.772422791, 125.132331848, 125.492240906, 125.852149963, 126.200454712, 126.595191956, 126.989929199, 127.384666443, 127.791015625, 128.162536621, 128.534057617, 128.905578613, 129.277099609, 129.648620605, 130.031738281, 130.414871216], "beats_loudness": {"dvar2": 0.000644706480671, "var": 0.000398314703489, "min": 2.02895478196e-09, "dmean": 0.0166160240769, "mean": 0.0334657207131, "max": 0.103021807969, "dmean2": 0.0300454199314, "median": 0.0307707414031, "dvar": 0.000229294077144}, "bpm_histogram_second_peak_weight": {"dvar2": 0, "var": 0, "min": 0.405633807182, "dmean": 0, "mean": 0.405633807182, "max": 0.405633807182, "dmean2": 0, "median": 0.405633807182, "dvar": 0}, "bpm_histogram_second_peak_spread": {"dvar2": 0, "var": 0, "min": 0, "dmean": 0, "mean": 0, "max": 0, "dmean2": 0, "median": 0, "dvar": 0}, "bpm_histogram_second_peak_bpm": {"dvar2": 0, "var": 0, "min": 167, "dmean": 0, "mean": 167, "max": 167, "dmean2": 0, "median": 167, "dvar": 0}, "onset_rate": 4.36163854599}, "lowlevel": {"spectral_energyband_high": {"dvar2": 1.76715059297e-06, "var": 2.80085419035e-06, "min": 7.24296711913e-21, "dmean": 0.000257601612248, "mean": 0.000475120119518, "max": 0.038912974298, "dmean2": 0.000325159548083, "median": 9.10412854864e-05, "dvar": 1.07728055809e-06}, "spectral_energyband_middle_low": {"dvar2": 6.44834508421e-05, "var": 7.05096899765e-05, "min": 2.21918310889e-22, "dmean": 0.00362541642971, "mean": 0.00877469498664, "max": 0.0859330296516, "dmean2": 0.0054550585337, "median": 0.00641771219671, "dvar": 2.93768825941e-05}, "spectral_energy": {"dvar2": 0.000319513463182, "var": 0.000336894008797, "min": 1.03877793689e-20, "dmean": 0.00746250571683, "mean": 0.0195676833391, "max": 0.155256614089, "dmean2": 0.0108509473503, "median": 0.0143533283845, "dvar": 0.000147028942592}, "spectral_spread": {"dvar2": 1303593091070.0, "var": 4356522639360.0, "min": 627781.625, "dmean": 698875.375, "mean": 4326667, "max": 40121928, "dmean2": 892596.75, "median": 3826339.5, "dvar": 807150354432}, "spectral_energyband_low": {"dvar2": 0.000164095050422, "var": 7.22355907783e-05, "min": 8.64656364934e-23, "dmean": 0.00333131942898, "mean": 0.0061331843026, "max": 0.135615155101, "dmean2": 0.00534794852138, "median": 0.00398960337043, "dvar": 6.55897747492e-05}, "spectral_rolloff": {"dvar2": 1526638.5, "var": 2279703.75, "min": 43.06640625, "dmean": 402.266845703, "mean": 1305.76501465, "max": 19035.3515625, "dmean2": 664.016113281, "median": 947.4609375, "dvar": 733918.5625}, "barkbands": {"dvar2": [8.36983602426e-08, 4.99984162161e-05, 4.00359094783e-05, 1.28330484586e-05, 1.86176621355e-05, 3.40639508067e-06, 6.6668621912e-06, 5.82662050874e-06, 5.91449088461e-06, 4.20414789915e-06, 2.04621278499e-06, 9.90657281363e-06, 7.44482667869e-06, 4.21917093263e-06, 2.9826089758e-06, 1.81863379112e-06, 2.48922719948e-06, 3.16420198487e-07, 7.68523250372e-07, 2.76131885357e-07, 5.19934069132e-08, 7.71120909349e-08, 3.87852367112e-07, 1.00615963561e-07, 2.09462758249e-08, 1.85703308286e-09, 3.74942715764e-11], "var": [3.64946224352e-08, 1.50927517097e-05, 1.89813163161e-05, 7.69224607211e-06, 1.03443853732e-05, 3.34441392624e-06, 5.08855009684e-06, 4.10604116041e-06, 5.12741462444e-06, 5.72596491111e-06, 2.48478545473e-06, 8.48559102451e-06, 5.9564122239e-06, 4.87192119181e-06, 3.06044717036e-06, 1.49764548496e-06, 1.86320869489e-06, 2.35023307482e-07, 7.45427598758e-07, 2.51333176493e-07, 7.76842057348e-08, 1.0325754829e-07, 3.41866240205e-07, 1.50045423197e-07, 2.66019153372e-08, 2.60342325475e-09, 4.24256949016e-11], "min": [3.04289525781e-24, 2.5847002316e-23, 2.68554189884e-23, 2.31748937718e-23, 4.87040356301e-23, 2.03078214102e-23, 4.79700321122e-23, 1.97895476841e-23, 3.73067531317e-23, 4.9510797367e-23, 9.02628721032e-23, 2.43406219304e-23, 6.97640122476e-23, 8.32375419386e-23, 9.57335719939e-23, 1.94789232897e-22, 1.13777648174e-22, 2.4925942207e-22, 2.34253571092e-22, 1.99423872757e-22, 3.38809952776e-22, 4.95098999588e-22, 6.02927323872e-22, 7.1335972218e-22, 1.21167368968e-21, 1.43994524648e-21, 2.29093587734e-21], "dmean": [6.40829239273e-05, 0.0015672101872, 0.00161715655122, 0.00121754663996, 0.00155481183901, 0.000606959627476, 0.000660399149638, 0.000497840403114, 0.000594905402977, 0.000462971453089, 0.000290753494482, 0.000500812369864, 0.000497182947583, 0.000427831488196, 0.00036147213541, 0.000236238003708, 0.000251233228482, 0.000116101931781, 0.000184754928341, 0.000106496234366, 5.05889292981e-05, 4.30209292972e-05, 6.26344626653e-05, 4.58571521449e-05, 3.32110284944e-05, 1.30861280923e-05, 1.69044790255e-06], "mean": [7.04877456883e-05, 0.00182075146586, 0.0029904381372, 0.00219126977026, 0.0026574882213, 0.00108410685789, 0.00103522941936, 0.000749679282308, 0.000943966093473, 0.000852022436447, 0.000473737745779, 0.000830694043543, 0.000748621241655, 0.000694753427524, 0.000576431222726, 0.000381817662856, 0.000412131514167, 0.000178808841156, 0.000309341325192, 0.000171098785358, 9.07149587874e-05, 7.01553726685e-05, 8.85887275217e-05, 7.13069239282e-05, 5.19169661857e-05, 1.98165362235e-05, 2.32802290157e-06], "max": [0.00733073893934, 0.0494205951691, 0.0855384990573, 0.0338894873857, 0.035194080323, 0.0260275825858, 0.0426848381758, 0.0386427789927, 0.0310035645962, 0.0362417288125, 0.0303857624531, 0.0715740323067, 0.0431313961744, 0.0396111086011, 0.0276422034949, 0.0329531654716, 0.0553706213832, 0.0135841062292, 0.0180689226836, 0.00759710557759, 0.00609395327047, 0.00939687993377, 0.0180935394019, 0.01185055729, 0.00422107847407, 0.000515182968229, 7.01304525137e-05], "dmean2": [0.000107523934275, 0.00267531955615, 0.0026209319476, 0.00203803461045, 0.00252386555076, 0.00095402111765, 0.000972051464487, 0.000761331117246, 0.00089483091142, 0.000662380305585, 0.000424616853707, 0.000734340050258, 0.000762037234381, 0.000650324625894, 0.000537324289326, 0.00034812442027, 0.000368820765289, 0.000172997184563, 0.000267935218289, 0.000156620168127, 7.04125704942e-05, 5.62439236091e-05, 8.93660180736e-05, 6.12627336523e-05, 4.38684255641e-05, 1.69047016243e-05, 2.26916495194e-06], "median": [1.68859405676e-05, 0.000787941215094, 0.00167944352143, 0.00137361744419, 0.00173196033575, 0.000426854618127, 0.000250520097325, 0.000108914238808, 0.000118451178423, 0.000107099956949, 4.54010587418e-05, 6.52992384857e-05, 7.09581654519e-05, 5.07133190695e-05, 7.0733964094e-05, 5.8242756495e-05, 5.95274359512e-05, 3.07659975078e-05, 3.79180637538e-05, 2.03654781217e-05, 1.47280425153e-05, 1.05571516542e-05, 9.00444047147e-06, 8.247414371e-06, 7.03761406839e-06, 1.65751214354e-06, 9.00567371787e-08], "dvar": [3.36790542121e-08, 1.90457831195e-05, 1.56755359058e-05, 4.85014334117e-06, 7.29029579816e-06, 1.4351730897e-06, 3.0439814509e-06, 2.5135643682e-06, 2.69324709734e-06, 2.06900426747e-06, 9.63206389315e-07, 4.29995816376e-06, 3.29966132995e-06, 1.93921982827e-06, 1.38334598887e-06, 8.45661077165e-07, 1.11930171443e-06, 1.40460144848e-07, 3.55300812771e-07, 1.2150820794e-07, 2.80561049948e-08, 4.73675321189e-08, 1.96404187136e-07, 5.76588590206e-08, 1.22410215297e-08, 1.07397479798e-09, 2.01513094406e-11]}, "melbands_skewness": {"dvar2": 1.95354807377, "var": 3.92327952385, "min": -2.31016182899, "dmean": 0.776418864727, "mean": 2.71619606018, "max": 37.0056228638, "dmean2": 1.14516508579, "median": 2.38305282593, "dvar": 0.938552498817}, "barkbands_skewness": {"dvar2": 0.814926505089, "var": 2.18673419952, "min": -4.33428096771, "dmean": 0.592519760132, "mean": 1.63293898106, "max": 15.7039556503, "dmean2": 0.864219963551, "median": 1.47997665405, "dvar": 0.442540436983}, "erbbands": {"dvar2": [0.0239679683, 3.73825454712, 52.8444213867, 75.5634384155, 277.847442627, 127.659790039, 199.503753662, 336.82510376, 975.718200684, 2131.44091797, 2954.02026367, 3699.8659668, 2597.38110352, 4288.30566406, 4104.94726563, 14850.1289063, 10373.2382813, 11212.1386719, 10580.6171875, 5077.27441406, 3473.40185547, 10576.6640625, 949.346740723, 1355.02478027, 1949.55065918, 482.27746582, 190.227508545, 42.049407959, 92.1886367798, 148.62689209, 361.269470215, 113.96547699, 14.7063684464, 4.0699300766, 0.892949879169, 0.072900660336, 0.00434647686779, 0.000128935658722, 1.12142117814e-06, 9.10689523792e-10], "var": [0.00827035401016, 1.03973186016, 22.0485534668, 51.3151817322, 118.9815979, 94.3815307617, 181.919174194, 317.040222168, 792.350585938, 1395.6340332, 2506.08007813, 2913.83251953, 2544.6652832, 5321.28515625, 5406.15722656, 13248.8984375, 8580.19335938, 14300.6025391, 11792.3193359, 4953.52197266, 3166.30615234, 6300.92724609, 968.112670898, 1429.99597168, 1562.9732666, 486.449157715, 253.762329102, 52.2639312744, 125.25743866, 176.291976929, 325.818328857, 136.187362671, 22.2964191437, 5.07829761505, 0.922176003456, 0.0976149067283, 0.00579044874758, 0.000178295944352, 1.22025983273e-06, 1.27058075172e-09], "min": [9.26734606356e-22, 5.20284488392e-21, 2.25166026749e-20, 7.19781549771e-20, 3.04766844942e-20, 2.17072200165e-19, 1.88558366797e-19, 1.46743986167e-19, 5.46767780765e-19, 7.69236507246e-19, 3.56346693701e-19, 7.59845474053e-19, 1.10179888905e-18, 2.63473093082e-18, 2.2325894246e-18, 1.00538054551e-18, 2.64075528722e-18, 3.69729426527e-18, 5.60046562837e-18, 5.86413565248e-18, 1.14177956795e-17, 7.3047575432e-18, 1.01846298592e-17, 1.42022775272e-17, 1.10650147287e-17, 1.03531422664e-17, 1.44593222482e-17, 1.22238128761e-17, 1.67956591468e-17, 1.96004631678e-17, 1.49075548785e-17, 1.37561219474e-17, 1.31589132616e-17, 1.23847681612e-17, 8.72950831951e-18, 5.90836954932e-18, 2.0314075191e-18, 9.8551942201e-19, 3.40619508715e-19, 3.16815441422e-20], "dmean": [0.0379910953343, 0.405888199806, 1.70709693432, 2.96363639832, 5.64890956879, 4.31023311615, 4.57515048981, 5.38590764999, 8.17147827148, 9.73631191254, 11.8941497803, 14.2539520264, 11.187962532, 14.7936944962, 12.772603035, 20.5200004578, 18.2080974579, 23.2879123688, 21.9827709198, 13.4505901337, 12.3404455185, 13.4475383759, 6.80835771561, 7.22018909454, 8.78684139252, 4.64139699936, 2.91592860222, 1.40615320206, 1.5449898243, 1.56397783756, 1.87059164047, 1.22314596176, 0.649695158005, 0.416504740715, 0.221383437514, 0.079357907176, 0.0197797305882, 0.00342039577663, 0.000290557683911, 1.38318282552e-05], "mean": [0.0428676567972, 0.482953548431, 2.95130515099, 6.0754442215, 8.50351047516, 8.05275440216, 8.39579391479, 9.30907440186, 13.1956863403, 15.0646724701, 19.3234844208, 22.6241054535, 18.9371147156, 27.8213176727, 24.3132724762, 34.8697853088, 29.6027240753, 41.029335022, 38.5111694336, 20.7719459534, 22.1374702454, 22.765329361, 12.2733945847, 12.1888990402, 14.8333005905, 7.85769224167, 5.39217567444, 2.51991581917, 2.52505612373, 2.40541028976, 2.6346244812, 1.80933237076, 1.0277248621, 0.641913056374, 0.330109864473, 0.120733685791, 0.0291770584881, 0.00507638929412, 0.000404207210522, 3.1833522371e-05], "max": [1.26573872566, 13.8706674576, 83.525352478, 94.3505630493, 124.635429382, 106.133865356, 233.588684082, 276.06262207, 433.800048828, 726.690979004, 742.981750488, 618.522216797, 810.87097168, 1175.15209961, 1650.19299316, 1647.84118652, 2022.07824707, 2032.47045898, 2106.04907227, 1577.44567871, 1378.77990723, 3631.9519043, 655.562927246, 1191.76635742, 918.737365723, 288.031402588, 288.469451904, 185.104400635, 336.949859619, 357.791900635, 551.525817871, 369.109863281, 125.155944824, 69.2877426147, 22.8823490143, 3.65554022789, 0.923092246056, 0.142511621118, 0.0101029276848, 0.000282807333861], "dmean2": [0.0647268518806, 0.693981587887, 2.80194401741, 4.84418678284, 9.46126079559, 6.97219324112, 7.09093427658, 8.45510101318, 12.2111883163, 14.5861816406, 17.5601501465, 21.508108139, 16.2916812897, 20.7861595154, 18.0400276184, 30.4378185272, 27.4984817505, 34.514503479, 32.4797935486, 19.2765197754, 17.8517513275, 19.9519119263, 9.85988235474, 10.4635057449, 12.5443620682, 6.65217447281, 4.13749504089, 1.93302416801, 2.01472377777, 2.10349917412, 2.64940214157, 1.71796655655, 0.876105725765, 0.56279540062, 0.290001928806, 0.103626735508, 0.025723548606, 0.00444655446336, 0.000386567699024, 1.86171600944e-05], "median": [0.0179287474602, 0.215486168861, 1.50656449795, 4.08718538284, 5.35411310196, 4.94523906708, 3.60077643394, 3.09024548531, 3.85276913643, 3.66182208061, 3.33955860138, 3.32446432114, 3.73828053474, 3.99957513809, 3.27061629295, 3.21301269531, 3.62801170349, 4.11304664612, 4.57668066025, 3.24150037766, 4.37438106537, 3.51743626595, 2.30740046501, 2.04871749878, 1.8380317688, 1.01639711857, 0.80535030365, 0.501745402813, 0.39222663641, 0.307183295488, 0.25005197525, 0.191331461072, 0.122373878956, 0.0852835923433, 0.0398354381323, 0.0114040290937, 0.00232021138072, 0.000338631856721, 2.71656408586e-05, 1.94339427253e-05], "dvar": [0.00947147235274, 1.38148760796, 20.3549785614, 29.7446289063, 105.785041809, 50.1589660645, 85.4272613525, 140.772476196, 449.897888184, 939.757019043, 1330.7689209, 1653.62854004, 1245.02331543, 2031.57006836, 1953.37145996, 6424.04833984, 4773.77392578, 5294.65576172, 4900.26806641, 2507.08447266, 1622.49890137, 4512.06542969, 456.6328125, 670.460693359, 832.766479492, 220.387130737, 93.9442977905, 22.7889823914, 57.0996246338, 89.0465774536, 182.001998901, 59.565738678, 8.56036281586, 2.35520339012, 0.473408490419, 0.0411775298417, 0.00249415403232, 7.47271624277e-05, 5.98365033966e-07, 4.87861029352e-10]}, "silence_rate_30dB": {"dvar2": 0.00812692753971, "var": 0.00159346568398, "min": 0, "dmean": 0.00283788586967, "mean": 0.998403966427, "max": 1, "dmean2": 0.00567677849904, "median": 1, "dvar": 0.00282949581742}, "melbands_spread": {"dvar2": 308.249359131, "var": 415.340789795, "min": 0.245471075177, "dmean": 6.97368431091, "mean": 21.6056537628, "max": 222.406097412, "dmean2": 10.3420972824, "median": 16.9848957062, "dvar": 153.903152466}, "melbands_crest": {"dvar2": 16.2565231323, "var": 20.2188243866, "min": 1.76325941086, "dmean": 2.81299090385, "mean": 13.5419483185, "max": 38.6565208435, "dmean2": 4.57491016388, "median": 13.1249380112, "dvar": 6.53773927689}, "zerocrossingrate": {"dvar2": 0.000272676319582, "var": 0.00175688241143, "min": 0.00341796875, "dmean": 0.0105429952964, "mean": 0.0546071454883, "max": 0.51123046875, "dmean2": 0.0114359334111, "median": 0.0458984375, "dvar": 0.000227078213356}, "barkbands_kurtosis": {"dvar2": 126.202568054, "var": 138.79864502, "min": -1.86852312088, "dmean": 3.55619072914, "mean": 6.13327169418, "max": 400.42755127, "dmean2": 5.37215900421, "median": 2.2752828598, "dvar": 60.5100975037}, "spectral_flux": {"dvar2": 0.00179148756433, "var": 0.00252365483902, "min": 7.04486954883e-11, "dmean": 0.0244249850512, "mean": 0.0682567507029, "max": 0.316944122314, "dmean2": 0.0363329946995, "median": 0.0557043664157, "dvar": 0.000867314753123}, "barkbands_crest": {"dvar2": 9.4565782547, "var": 9.83093833923, "min": 3.15054774284, "dmean": 2.09434390068, "mean": 9.1493473053, "max": 22.8646278381, "dmean2": 3.37702894211, "median": 8.67012310028, "dvar": 3.62143778801}, "barkbands_flatness_db": {"dvar2": 0.00107393751387, "var": 0.00381206022575, "min": 0.0307399462909, "dmean": 0.024070603773, "mean": 0.165804222226, "max": 0.39822229743, "dmean2": 0.0334699191153, "median": 0.158933714032, "dvar": 0.000602594867814}, "spectral_entropy": {"dvar2": 0.0921914428473, "var": 0.341862350702, "min": 5.46685314178, "dmean": 0.219823881984, "mean": 7.14527511597, "max": 9.80291843414, "dmean2": 0.297702372074, "median": 7.15893793106, "dvar": 0.0518694482744}, "pitch_salience": {"dvar2": 0.00800457783043, "var": 0.00991205871105, "min": 0.0728553459048, "dmean": 0.0638544037938, "mean": 0.56703132391, "max": 0.931592941284, "dmean2": 0.10204320401, "median": 0.567655682564, "dvar": 0.00325633329339}, "erbbands_spread": {"dvar2": 181.473724365, "var": 452.705474854, "min": 3.07456660271, "dmean": 8.236992836, "mean": 36.3154907227, "max": 146.662612915, "dmean2": 11.8538284302, "median": 31.6591873169, "dvar": 91.3837356567}, "dynamic_complexity": 4.3365316391, "spectral_contrast_valleys": {"dvar2": [0.338092118502, 0.330497562885, 0.318386971951, 0.292004674673, 0.303048104048, 0.503854393959], "var": [1.7896412611, 1.72432291508, 1.87771689892, 1.84266555309, 1.91152989864, 2.64943528175], "min": [-27.6917190552, -27.3508853912, -27.4730148315, -27.5357322693, -27.3200321198, -27.2744998932], "dmean": [0.405383050442, 0.414169758558, 0.395869165659, 0.388546735048, 0.376786440611, 0.485041052103], "mean": [-7.54626893997, -7.4486079216, -8.10215187073, -8.557762146, -8.58786010742, -10.9988641739], "max": [-5.24587965012, -4.80854415894, -4.60275125504, -4.85568237305, -5.64924573898, -7.12762212753], "dmean2": [0.633200347424, 0.636328399181, 0.591847062111, 0.562375187874, 0.503601610661, 0.560672581196], "median": [-7.24616670609, -7.2753405571, -7.92615795135, -8.40529632568, -8.45379161835, -10.7168941498], "dvar": [0.169492632151, 0.160983681679, 0.157092854381, 0.151509344578, 0.170454025269, 0.311874598265]}, "hfc": {"dvar2": 245.556610107, "var": 481.689941406, "min": 1.15211740655e-16, "dmean": 6.01747751236, "mean": 15.6965179443, "max": 288.690063477, "dmean2": 7.93357801437, "median": 8.04453372955, "dvar": 141.200180054}, "spectral_kurtosis": {"dvar2": 88.9178848267, "var": 75.9755859375, "min": -1.21392607689, "dmean": 3.3260447979, "mean": 7.88765668869, "max": 107.441200256, "dmean2": 5.35856533051, "median": 5.46306657791, "dvar": 32.7876091003}, "mfcc": {"mean": [-705.580932617, 138.826507568, 2.13521718979, 22.6787033081, 13.5161657333, 4.99824047089, 0.994904339314, 0.142549037933, -2.3868162632, -0.0259975399822, -4.41714191437, -3.35527992249, -3.49019169807], "cov": [[11111.5859375, -496.152984619, -532.409790039, -177.691635132, -302.000030518, -306.913421631, 88.258934021, 93.0505523682, -118.079185486, 82.5143508911, 125.238540649, 18.3749904633, -107.36000061], [-496.152984619, 2434.83154297, -477.743225098, -106.514167786, 238.007141113, 105.089614868, 100.22706604, 66.4377975464, 61.7976799011, -68.9979171753, -17.9476413727, -27.8927345276, -5.59516048431], [-532.409790039, -477.743225098, 1111.60632324, 173.682449341, -14.7570905685, 167.318969727, -21.4922542572, 62.8647232056, 28.6651744843, -48.6941833496, -23.9942512512, -2.6785838604, 26.3598957062], [-177.691635132, -106.514167786, 173.682449341, 588.585754395, 50.7024154663, -74.4265518188, -37.9316673279, -24.9509658813, 47.3112297058, 42.0938606262, -27.9005069733, -11.1315488815, 29.1849479675], [-302.000030518, 238.007141113, -14.7570905685, 50.7024154663, 379.119689941, 154.25881958, -61.868637085, -65.7139358521, 61.229675293, 29.7827663422, -46.3394546509, -20.8261222839, 3.66574954987], [-306.913421631, 105.089614868, 167.318969727, -74.4265518188, 154.25881958, 390.027435303, 14.7748756409, 27.30950737, 37.0731315613, -36.064491272, -15.6331787109, -17.0936832428, -17.5916805267], [88.258934021, 100.22706604, -21.4922542572, -37.9316673279, -61.868637085, 14.7748756409, 230.285202026, 70.8562240601, -29.5687236786, -7.23803472519, 6.35723018646, 0.514396190643, -13.9984588623], [93.0505523682, 66.4377975464, 62.8647232056, -24.9509658813, -65.7139358521, 27.30950737, 70.8562240601, 209.285232544, 5.29986572266, -53.4390258789, 32.2065048218, -8.99482727051, -4.11988973618], [-118.079185486, 61.7976799011, 28.6651744843, 47.3112297058, 61.229675293, 37.0731315613, -29.5687236786, 5.29986572266, 154.116989136, 25.8258075714, -36.7614860535, -9.32340049744, -8.61351013184], [82.5143508911, -68.9979171753, -48.6941833496, 42.0938606262, 29.7827663422, -36.064491272, -7.23803472519, -53.4390258789, 25.8258075714, 140.2447052, -1.57208633423, -5.18263292313, 4.53440189362], [125.238540649, -17.9476413727, -23.9942512512, -27.9005069733, -46.3394546509, -15.6331787109, 6.35723018646, 32.2065048218, -36.7614860535, -1.57208633423, 119.821464539, 28.6430530548, -11.1635541916], [18.3749904633, -27.8927345276, -2.6785838604, -11.1315488815, -20.8261222839, -17.0936832428, 0.514396190643, -8.99482727051, -9.32340049744, -5.18263292313, 28.6430530548, 93.8664169312, 13.9854822159], [-107.36000061, -5.59516048431, 26.3598957062, 29.1849479675, 3.66574954987, -17.5916805267, -13.9984588623, -4.11988973618, -8.61351013184, 4.53440189362, -11.1635541916, 13.9854822159, 95.4519805908]], "icov": [[9.83247446129e-05, 2.44077382376e-05, 4.61865311081e-05, 1.49271700138e-05, 2.63454476226e-05, 4.12328554376e-05, -4.40429721493e-06, -7.21550823073e-05, 4.40020448877e-05, -6.90658926032e-05, -2.68462026725e-05, -9.03481668502e-06, 0.000102965765109], [2.44077382376e-05, 0.000539734959602, 0.000262794492301, 2.97163751384e-05, -0.000380251643946, -6.27591862212e-06, -0.000292171403999, -0.00015729709412, -0.000238568682107, 0.000388677377487, -8.08276963653e-05, 0.000108568114229, -0.000124111786135], [4.61865311081e-05, 0.000262794492301, 0.00125688186381, -0.00041849972331, 0.000224730363698, -0.000688980682753, 0.000107211744762, -0.000358170538675, -9.43050181377e-05, 0.000334483804181, 0.000197943270905, -6.49831054034e-05, -0.000278860476101], [1.49271700138e-05, 2.97163751384e-05, -0.00041849972331, 0.00206288509071, -0.000482378643937, 0.000777173845563, -6.46275884719e-06, 3.0245668313e-05, -0.000495639455039, -0.000331170711434, 3.78777585865e-05, 0.000256056431681, -0.000396600255044], [2.63454476226e-05, -0.000380251643946, 0.000224730363698, -0.000482378643937, 0.00430400576442, -0.00186884705909, 0.000956609961577, 0.000948580214754, -0.000513595179655, -0.000845663482323, 0.000718312046956, 0.000243250498897, -0.000193517102161], [4.12328554376e-05, -6.27591862212e-06, -0.000688980682753, 0.000777173845563, -0.00186884705909, 0.0039877127856, -0.000618212681729, -0.000309434166411, -0.000563936482649, 0.000869244162459, -0.000283455039607, 0.000348104920704, 0.00052499701269], [-4.40429721493e-06, -0.000292171403999, 0.000107211744762, -6.46275884719e-06, 0.000956609961577, -0.000618212681729, 0.00557279353961, -0.00199639075436, 0.00151461036876, -0.00125715276226, 0.00120031123515, -0.000634185795207, 0.000960421515629], [-7.21550823073e-05, -0.00015729709412, -0.000358170538675, 3.0245668313e-05, 0.000948580214754, -0.000309434166411, -0.00199639075436, 0.00712782610208, -0.00184424361214, 0.00256598950364, -0.00251175742596, 0.00166875077412, -0.00090588349849], [4.40020448877e-05, -0.000238568682107, -9.43050181377e-05, -0.000495639455039, -0.000513595179655, -0.000563936482649, 0.00151461036876, -0.00184424361214, 0.00860071368515, -0.00232697557658, 0.00291516352445, -0.000950496527366, 0.00163827999495], [-6.90658926032e-05, 0.000388677377487, 0.000334483804181, -0.000331170711434, -0.000845663482323, 0.000869244162459, -0.00125715276226, 0.00256598950364, -0.00232697557658, 0.00938155315816, -0.00170174206141, 0.00127311749384, -0.0009681613883], [-2.68462026725e-05, -8.08276963653e-05, 0.000197943270905, 3.78777585865e-05, 0.000718312046956, -0.000283455039607, 0.00120031123515, -0.00251175742596, 0.00291516352445, -0.00170174206141, 0.0112087558955, -0.00368292536587, 0.00208104937337], [-9.03481668502e-06, 0.000108568114229, -6.49831054034e-05, 0.000256056431681, 0.000243250498897, 0.000348104920704, -0.000634185795207, 0.00166875077412, -0.000950496527366, 0.00127311749384, -0.00368292536587, 0.012458906509, -0.0024327558931], [0.000102965765109, -0.000124111786135, -0.000278860476101, -0.000396600255044, -0.000193517102161, 0.00052499701269, 0.000960421515629, -0.00090588349849, 0.00163827999495, -0.0009681613883, 0.00208104937337, -0.0024327558931, 0.0117828799412]]}, "silence_rate_20dB": {"dvar2": 0, "var": 0, "min": 1, "dmean": 0, "mean": 1, "max": 1, "dmean2": 0, "median": 1, "dvar": 0}, "melbands_kurtosis": {"dvar2": 3280.72167969, "var": 1228.0604248, "min": -1.8328255415, "dmean": 8.30381393433, "mean": 16.7188453674, "max": 1981.9140625, "dmean2": 12.8965654373, "median": 7.62284088135, "dvar": 1216.74438477}, "barkbands_spread": {"dvar2": 106.46030426, "var": 178.770874023, "min": 0.700863182545, "dmean": 5.16704511642, "mean": 18.6571846008, "max": 122.640853882, "dmean2": 7.56829881668, "median": 16.3168125153, "dvar": 49.6360206604}, "erbbands_skewness": {"dvar2": 0.34421351552, "var": 0.98009210825, "min": -4.56250047684, "dmean": 0.399267971516, "mean": 0.194657713175, "max": 3.75773191452, "dmean2": 0.579449295998, "median": 0.256026953459, "dvar": 0.175318554044}, "average_loudness": 0.815159499645, "spectral_centroid": {"dvar2": 190778.71875, "var": 504232.78125, "min": 162.513778687, "dmean": 235.818954468, "mean": 1122.71740723, "max": 10951.6777344, "dmean2": 338.691131592, "median": 980.028503418, "dvar": 108807.164063}, "dissonance": {"dvar2": 0.00159512192477, "var": 0.00136617396493, "min": 0.187872067094, "dmean": 0.0239385198802, "mean": 0.450695931911, "max": 0.500000059605, "dmean2": 0.0395945347846, "median": 0.459866970778, "dvar": 0.000604448432568}, "erbbands_flatness_db": {"dvar2": 0.00105311325751, "var": 0.00374538893811, "min": 0.0273121464998, "dmean": 0.0226559974253, "mean": 0.179986149073, "max": 0.405454844236, "dmean2": 0.0301167704165, "median": 0.178596109152, "dvar": 0.000586487469263}, "spectral_strongpeak": {"dvar2": 2.99197936058, "var": 2.40689563751, "min": 0, "dmean": 0.586029887199, "mean": 0.999814152718, "max": 14.5243186951, "dmean2": 0.979886233807, "median": 0.405377745628, "dvar": 1.25825750828}, "spectral_rms": {"dvar2": 1.84694761174e-06, "var": 3.80764777219e-06, "min": 3.18346022286e-12, "dmean": 0.00075698539149, "mean": 0.00390932103619, "max": 0.0123073095456, "dmean2": 0.00104986131191, "median": 0.00374209135771, "dvar": 9.53414826199e-07}, "silence_rate_60dB": {"dvar2": 0.0737303495407, "var": 0.098554469645, "min": 0, "dmean": 0.0354735739529, "mean": 0.110835254192, "max": 1, "dmean2": 0.0709597319365, "median": 0, "dvar": 0.0342124849558}, "melbands": {"dvar2": [2.53782604887e-06, 1.11634717541e-05, 2.49732988777e-06, 1.20967933981e-06, 1.81472174177e-07, 1.46238917864e-07, 2.2508349673e-07, 2.34350963524e-07, 1.74157676724e-07, 1.50323359094e-07, 7.03089355625e-08, 8.31549442637e-08, 3.77794648898e-08, 1.42450105045e-07, 6.33581933585e-08, 7.39290371143e-08, 4.71150585213e-08, 3.80221045759e-08, 1.25636443471e-08, 1.30988455638e-08, 4.39341008018e-09, 1.05777742121e-08, 4.41110792337e-09, 6.70124289393e-10, 1.19431398105e-09, 2.16433626576e-09, 6.45818731826e-10, 2.22921014981e-10, 1.06073226591e-10, 4.03928522574e-11, 1.26605956621e-11, 2.46076388433e-11, 4.83579981614e-11, 6.39926167612e-11, 1.39182249059e-10, 1.14941799134e-10, 3.75360888205e-11, 9.07317016657e-12, 4.60086309328e-12, 2.87748882881e-12], "var": [8.51442052863e-07, 4.06549816034e-06, 1.57016279445e-06, 6.49009962217e-07, 1.76619423087e-07, 1.38388116966e-07, 1.81707633828e-07, 1.48596569716e-07, 1.61413211686e-07, 1.158474916e-07, 7.26209492541e-08, 1.06459189908e-07, 5.15065288198e-08, 1.24447467442e-07, 4.71994283657e-08, 6.42408792828e-08, 5.86277231207e-08, 3.54709079886e-08, 1.0651687532e-08, 1.04952091462e-08, 3.89347354357e-09, 7.61614948885e-09, 2.86306733877e-09, 5.3337861905e-10, 1.19165866064e-09, 1.55946022762e-09, 5.57894896946e-10, 1.92184296255e-10, 1.0727940758e-10, 6.72068165009e-11, 1.24806293772e-11, 3.27129434652e-11, 5.77622429054e-11, 5.65579423573e-11, 1.20145601801e-10, 8.2615837782e-11, 4.7888078919e-11, 1.28764056709e-11, 5.22304942352e-12, 3.25832047975e-12], "min": [8.12930550275e-24, 1.1121127539e-23, 1.1259390401e-23, 4.87332274279e-24, 7.25387657951e-24, 3.46873972939e-24, 9.6826680773e-24, 8.22448630413e-24, 2.24390301199e-24, 4.97410879533e-24, 5.36398239292e-24, 1.02418568631e-23, 1.18887578307e-23, 3.27494303182e-24, 2.72651588646e-24, 7.16279627712e-24, 6.59391949051e-24, 7.95764700319e-24, 7.76190300247e-24, 1.12119301623e-23, 1.23090818536e-23, 7.53322405896e-24, 6.89931515705e-24, 1.23692403863e-23, 1.14942271927e-23, 9.10786536757e-24, 6.71672383421e-24, 6.16937861158e-24, 9.21235788308e-24, 7.28586094491e-24, 7.03401079004e-24, 9.11527356033e-24, 1.02525522393e-23, 1.14951872364e-23, 7.52553582058e-24, 7.78503319308e-24, 8.68274901461e-24, 9.1597550602e-24, 8.74035479335e-24, 1.10800128975e-23], "dmean": [0.000374376802938, 0.000757739762776, 0.000563138921279, 0.000383338076063,