{"metadata": {"tags": {"bpm": ["125.43"], "musicip_puid": ["ce006a5a-a489-1416-3a02-dbce5c2ad98e"], "musicbrainz_albumid": ["cd708aa5-03a6-4a5f-a566-6b409730dd4d"], "genre": ["Oldies"], "musicbrainz_artistid": ["219ce30a-0f3a-468c-9a13-55ee358ac0f0"], "title": ["Lonely Too Long"], "tracknumber": ["08"], "artist": ["Young Rascals"], "musicbrainz_albumartistid": ["219ce30a-0f3a-468c-9a13-55ee358ac0f0"], "album": ["The Ultimate Rascals"], "musicbrainz album type": ["Compilation"], "musicbrainz_recordingid": ["1db8b094-e5f2-4b50-bb30-56ed8f732330"], "date": ["1967"], "acoustid_id": ["0fc6684c-21fb-403e-a680-2b277914f13a"], "file_name": "Young Rascals - Lonely Too Long.mp3", "acoustid_fingerprint": ["AQADtHOkKE1i9EX65XChLM2JNkeeCz-aH306PLhzPA-eHB7D6TgqJ5iikLijGIzzwJXQkzgO_lGCkC6DJHuOO0OXBj8eFz--5HiQHwmuKEqDRsrWYDp-_Ef-QNcRPrng6eiPZ8Ev5C90aogXNJsWB5OVHX_x41k-PGQmIVl4hBY_nIoYHI3RbRSO9AqSPziuLEIzJUTL4zL2lcirI3l0CRV1TDmup8Ij4mGM8BBDSVmRk0fD6MFLDY0T1PiDeyTCROYyJPuDPTqeHHUOikGlLogD8RLy446IJ9xQ9mi440JeHSqXIyNzMNKH5ulwhceXHI-JXEVyNGNMbWC6LEcuDbouhEn5HJ-F0RmNejquT8hXaMnGMBERUjt-SviPhyG-N0MzKTPKaUce50jGo6mOPTniMkh8pQMnfEd_HZ5wUUj45cg_uAk11A5-PJVS7FGOL0LoNIyK5H9Q7cHDHLdONGFaoVaWHi8u7E_A-BQa-jGS2D3CB81IPLuCk5oC3zjuC2-FpMz0EeF9-BmDPkN_zNJRJtEc8BfRMw8-ZLmCJPVwP7getEmOWhr-IcyDZOvxe7iYCRMVKUfzg8Ob6Ej-B2EykgFDJdLRVMeEW8dFIv-QUCHuNgmuVvhhR8WNMxNiMXWQUKrC4QuNRyi1HFPC5DhDXOHQzEf4Q0ee7aj0g8mCE_sT5JGSCsqpoclxDZp45G3Q18I74hf64Gh2hGUEHtoTXZgSqhO6o7nwCzqPa4fmpEST42GQGz926riyJPCPvBWk_8gcMSj3CE18Ier-DdcLnUfYHOmhnchDfPmKP3gUo7GHPsfVZAm-I_2hX0coM0WzHn1gaSfGo9kZBcd_PEtwSkbCD3mZ4xnT4wq28PgPnEp06E-OilPyYUpyo38CnzlSLsoD7XmQp0Kf4Gi55nis4UeTH13I4LmQh4cmH_6J6IfXoeKkKahCRTvRHD_hZT8CPUfeBp4voTGDdgxOBb2kBX6lIJWiHHqLfDl8reiPHt7RFmGiGdozI3ymJniOH8dPEfgiFg4lHGEW5zgP3U-ChsuO8vjRX4EYJj8iLckLTn4y9JEmobk0oNYPL4l8TGyF54h4OpB-IbpxPMcT5saVyIJ_1J-G5jrurEOcQ3wQnCq8Bx8uKZqkwLoXvMfTonmHEu-Pc0JTneh5JLmI_Dj-oxq1qfCPd4Z_HJF-4nmEy3geFE1dQU-iVLiUB_iMB0-g5ZzRBzki8tCTKNoQLk8P6rIS4TnhiD9-bNZR7cGLZyuSHNmT4XLQ_DHcHJ0iBtyP9EmQ6MEJPttRShGDKT-O-CMh53kQKVl2odzBHEz-4LOQZ0dyKzHBJNaDKn7wF08Klytx4jmy5KqRKD9-fBoJp1OKX2Cz4GIRyk8SaPmFnOBD4eLhhWCP5I_xKB-yUXPRJN-KPngi4wj_QFKc3bDKTMjWfXgPV0KyZ0FejHrwJFE4Co3DFrXy4rj0I1UypkHyNsaV4-RxEk_KBh4vPEPyNUSYHpOVvPiKT0GsG7KQRf6OK4P3wveRPruhUxtCKwvegxyNO8rxDh-RP4FOpUIsHk-Wo7k69Cme4cWP-hymeE-IXAqFZCea9SeOM3MSXHB-PNhz8OZxKiqS6dETpLnwY5OyOTCTHsVf4_kiHPtikNWMMJFeaMwoIj9-4Q_yzFA_hGSGhsoD9gX2HK-SI4kokhLCpMd99DnMHU9WpL-QTOPxOEOpXWieJRb44cihZV2mIZS-4seHpg8YZzqeCTmZQ88JX8gfI24a4Ziy8NDI41KcEPuSkMijGT_CJSfEiPmR33iMX-jzDr9w4Tf8KGDxJgjzQxH1IP4RnnBVlA8eESXhZ6jXI592_MMZ2FPC4B2RIN5hTczw57g_9MIPHyH0EacP7UIfxTgRqRWaZxR2JxMa6wrCB8Nz4QmL89B--GcQ4h92csN0SUyKxsrxGPtyfGjGoC-SPsh59FnQqIlMnDrwHX2OH_7Q7zgaPkNfzJLV4kOoSw3yMvgRMjGUGyEPKz96Ht9iNHqDandR6mg-3MORPDrCkxoc3XgoHD9y6EWe4TRMHMfj4xty-MKp4_3x6IEPHSbcD8-RDz8s-aiOk5mCqxmOMA-JWkxxJjmeo3yO9DKw4Ytxw-dRhovxYy2DWHKPMjq0nIpxMcc_hEt_NMvxfjiNvvHQPEctGc2RK0Jy6riOSoc1J8f0zLjfYLeIIzw_KMoTNE1Q63gwmtGg7T1iSZaEfk_wRUe86XgKzcpuNByJnPkxUmzwH9Mf5PxwJcmhscP5Bmdm6AnS4w92BVd0vEmmIFHeGWHIB8d79D-2jwua6PiD_UHGH0mOH5O1KoenHD4j-HvQHcl5xDMXPMlKeAd3_DiP2JQ0SGmUI0zzoPSC5sirQ9-FWC-cdCruC-fRc2hKZUbkQO-J9BaeJziL38bGZMElDkd-JNwzsHlwzfij8Nh-PBuOPEfyxgkctcdT5fiGB-EP0Q1iH9uYD-0ZodkKhlKW44h-aA-FNH7QHW0S4lTEIMcLfZERan_wBWHKHf1xKhe0Ff6yIDxwIFdMfB8alXGgOiXSazjRVAvxHPme4W-DF9oZ-CO04znyKB1-NI-DPmiOzqiThWgy7MeVTsGFxk0RPix0nBXihjemaD6qH73g04df5IcnLdBe47mCR8GzotkTVFsi4oGqC98xLYoOLWfwVcJfXEfO4MlRK4vRRDdy_JBaIfuloH-w1RO-EGke4elh9ISOx3lwCwaIUAwIqJgggRiGkGAACUONMAYwgZAxhgxADAECGKWIAUIxQBgADCjAqGFCAEAooAiBJIABiAAkgTCCCmEIMEIgJBwAUCmEAGGCCMSQEURoA44CCgghGRCECUGgAEIQoawBwCgiABWOCeCBAQgIAYQEgggAoABKGUKQigIBAYRQ0BAlgDMEOACcwAYIZAAQAhAAjAOACICoQcxIARhASBDDEAKLGAGEQ4I6ALT0gBhCGDKEGC0eEIoALIgCSAABBEQAEGQIJIwIg4BDQCgDjFjkCaMYEoIA7pQRQAEAACECOAKMFE4ogoxghhgjGGCCEUKIEUoARYASBhBjiRBKIcoAEFYRA4QgzBBAACACCGMABESAiAwgAAEAEIAUCQMAMAwoIJwiQBANBBBEEIXIYEwQwgwihoklFAaAEAqAMowq4oyCQhAjKAGBEECAAEAxApAQwBAEFGUCCAGMQAIQYAxgwimDBBCEAESABII6ABgwxCBAoAHCAIiYEgIgAgAgCCCgGEKKEEGkYgJYIQwBwBBwjBsYCAKABMUQ5IA1ADHEGFLIOIMEIQgIQihQABggkBjCUaWYAEBRJ9A0TBgAAQFGUAoEYIQrIJAgxAAAAACMKCUJAAYgIAxQhAksHBAEAqIAU0IAZwQRCljLpTACGAYVsIAQSILSAjgEHWFCGIOA8A4RQQBiThTjgEAEOYEEAMAg4QkCDhhlCYQGGECFQIQgASRBCAGAEWBCAAAIOUAZBJUAwHihEAUFAGKAo0AY4QgByAAGDCAcMSoINApxQgAiABiAkAHOEWCAEBQ4xYBgRBkDBBMAIKCAAAIBAokgjgLJFAAAOEIMIoAAoZQQhAAGkCAOkYEAMAIwIIiQyBjgECMEAMGANsYIiwgVCjEAnSAIGCAAEUQZDQR5yBAACGBIGCQAEMAABQEgShqAAQ"], "language": ["eng"]}, "audio_properties": {"sample_rate": 44100, "downmix": "mix", "lossless": false, "analysis_sample_rate": 44100, "md5_encoded": "a51c2a3f1dfdfe6d585f67a88879c8a4", "equal_loudness": 0, "replay_gain": -4.42563438416, "codec": "mp3", "bit_rate": 192000, "length": 179.905303955}, "version": {"extractor": "music 1.0", "essentia_build_sha": "2d9f1f26377add8aeb1075a9c2973f962c4f09fd", "essentia_git_sha": "v2.1_beta2-1-ge3940c0", "essentia": "2.1-beta2"}}, "rhythm": {"beats_loudness_band_ratio": {"dvar2": [0.128151223063, 0.0253564696759, 0.0523646883667, 0.0253146793693, 0.0111329359934, 0.0287831183523], "var": [0.062902957201, 0.0137369846925, 0.0284803286195, 0.00935616344213, 0.00388133595698, 0.00725824665278], "min": [0.0116099016741, 0.0195793695748, 0.00517470389605, 0.00197196099907, 0.00157123431563, 0.00332442275248], "dmean": [0.259739458561, 0.110122404993, 0.125112980604, 0.0845117717981, 0.0607753954828, 0.100388064981], "mean": [0.498982906342, 0.163795560598, 0.15715418756, 0.0826594829559, 0.0557502731681, 0.0821696966887], "max": [0.943878948689, 0.735575795174, 0.867536425591, 0.501326262951, 0.484790176153, 0.442831486464], "dmean2": [0.457795739174, 0.190421387553, 0.219292417169, 0.153044074774, 0.11493897438, 0.193404644728], "median": [0.545062661171, 0.133041992784, 0.0999876633286, 0.0441450662911, 0.0342689454556, 0.0525613762438], "dvar": [0.0399504080415, 0.00968601927161, 0.0194652136415, 0.00919389724731, 0.00392083637416, 0.00849114172161]}, "bpm_histogram_first_peak_weight": {"dvar2": 0, "var": 0, "min": 0.435828864574, "dmean": 0, "mean": 0.435828864574, "max": 0.435828864574, "dmean2": 0, "median": 0.435828864574, "dvar": 0}, "bpm": 125.402168274, "beats_count": 375, "bpm_histogram_first_peak_spread": {"dvar2": 0, "var": 0, "min": 0.539548039436, "dmean": 0, "mean": 0.539548039436, "max": 0.539548039436, "dmean2": 0, "median": 0.539548039436, "dvar": 0}, "danceability": 1.01854038239, "bpm_histogram_first_peak_bpm": {"dvar2": 0, "var": 0, "min": 126, "dmean": 0, "mean": 126, "max": 126, "dmean2": 0, "median": 126, "dvar": 0}, "beats_position": [0.510838985443, 1.03328800201, 1.55573689938, 2.07818579674, 2.60063481331, 3.09986400604, 3.5758728981, 4.06349182129, 4.55111122131, 5.0387301445, 5.52634906769, 6.00235795975, 6.47836732864, 6.96598625183, 7.45360517502, 7.94122457504, 8.42884349823, 8.91646194458, 9.4040813446, 9.8800907135, 10.3560991287, 10.8437185287, 11.3313379288, 11.807346344, 12.2833557129, 12.7709751129, 13.2585935593, 13.7346029282, 14.2106122971, 14.6866207123, 15.1626300812, 15.6386394501, 16.114648819, 16.5906581879, 17.0666656494, 17.5426750183, 18.0186843872, 18.5063037872, 18.9939231873, 19.4699325562, 19.9459400177, 20.4219493866, 20.8979587555, 21.3623580933, 21.826757431, 22.3027667999, 22.7787742615, 23.2547836304, 23.7307929993, 24.2184123993, 24.7060317993, 25.1936511993, 25.681268692, 26.1572780609, 26.6448974609, 27.1209068298, 27.5969161987, 28.0729255676, 28.5489330292, 29.0249423981, 29.4893417358, 29.9537410736, 30.4181404114, 30.8941497803, 31.3701572418, 31.8577766418, 32.3453979492, 32.8330154419, 33.3206329346, 33.8082542419, 34.2958717346, 34.783493042, 35.2711105347, 35.7471199036, 36.2347373962, 36.7107467651, 37.1983680725, 37.6743774414, 38.1503829956, 38.638004303, 39.1256217957, 39.613243103, 40.1008605957, 40.5768699646, 41.0528793335, 41.5404968262, 42.0281181335, 42.5157356262, 42.9917449951, 43.467754364, 43.9321517944, 44.3965530396, 44.86095047, 45.3253517151, 45.7897491455, 46.2657585144, 46.7417678833, 47.229385376, 47.6937866211, 48.16979599, 48.6458053589, 49.1334228516, 49.5978240967, 50.0738296509, 50.5498390198, 51.0142402649, 51.4786376953, 51.9430389404, 52.4074363708, 52.8834457397, 53.3594551086, 53.8354644775, 54.3114738464, 54.7990913391, 55.2867126465, 55.7627182007, 56.2387275696, 56.7147369385, 57.1907463074, 57.6783676147, 58.1543769836, 58.6419944763, 59.1180038452, 59.5940132141, 60.070022583, 60.5460319519, 61.0220413208, 61.498046875, 61.9972763062, 62.473285675, 62.9492950439, 63.4369163513, 63.9013137817, 64.3773193359, 64.8533325195, 65.3409500122, 65.8285675049, 66.316192627, 66.7805862427, 67.2449874878, 67.7093887329, 68.1737823486, 68.6381835938, 69.1025848389, 69.5785903931, 70.0662155151, 70.5422210693, 71.0182266235, 71.5058517456, 71.9818572998, 72.4694747925, 72.9454879761, 73.4214935303, 73.8975067139, 74.3735122681, 74.8495254517, 75.3255310059, 75.8131484985, 76.2775497437, 76.7535552979, 77.2295684814, 77.7055740356, 78.1815872192, 78.6692047119, 79.1568222046, 79.6444396973, 80.1320648193, 80.619682312, 81.1072998047, 81.5949172974, 82.070930481, 82.5585479736, 83.0461654663, 83.5221786499, 84.0097961426, 84.4974136353, 84.9850311279, 85.4726486206, 85.9602737427, 86.4478912354, 86.935508728, 87.4231262207, 87.8991394043, 88.3751449585, 88.8627624512, 89.3271636963, 89.7915649414, 90.2559585571, 90.7319717407, 91.2195892334, 91.695602417, 92.1716079712, 92.6476211548, 93.1120147705, 93.5996322632, 94.0756454468, 94.551651001, 95.039276123, 95.5036697388, 95.9796829224, 96.4440765381, 96.9200897217, 97.3844909668, 97.8488845825, 98.3132858276, 98.7892990112, 99.2653045654, 99.7413101196, 100.217323303, 100.704940796, 101.192558289, 101.668571472, 102.144577026, 102.62059021, 103.096595764, 103.572608948, 104.048614502, 104.524627686, 105.00063324, 105.465034485, 105.941040039, 106.393829346, 106.858230591, 107.299407959, 107.763809204, 108.22820282, 108.715827942, 109.203445435, 109.691062927, 110.167076111, 110.643081665, 111.119087219, 111.595100403, 112.071105957, 112.547119141, 113.034736633, 113.522354126, 114.009971619, 114.462760925, 114.938774109, 115.403175354, 115.890792847, 116.378410339, 116.854415894, 117.330429077, 117.806434631, 118.282447815, 118.758453369, 119.234466553, 119.710472107, 120.186485291, 120.662490845, 121.138504028, 121.602897644, 122.055686951, 122.520088196, 122.984489441, 123.472106934, 123.948112488, 124.43573761, 124.900131226, 125.376144409, 125.852149963, 126.339767456, 126.81578064, 127.291786194, 127.756187439, 128.220581055, 128.6849823, 129.126159668, 129.590560913, 130.066574097, 130.554199219, 131.053421021, 131.541046143, 132.017044067, 132.493057251, 132.980682373, 133.468292236, 133.955917358, 134.44354248, 134.931152344, 135.418777466, 135.906387329, 136.394012451, 136.881637573, 137.369247437, 137.856872559, 138.344482422, 138.832107544, 139.319732666, 139.807342529, 140.294967651, 140.782577515, 141.270202637, 141.757827759, 142.245437622, 142.733062744, 143.197463989, 143.673461914, 144.149475098, 144.625488281, 145.101501465, 145.57749939, 146.053512573, 146.541137695, 147.028747559, 147.516372681, 148.003982544, 148.491607666, 148.979232788, 149.466842651, 149.954467773, 150.442077637, 150.906478882, 151.394104004, 151.881713867, 152.369338989, 152.845352173, 153.332962036, 153.80897522, 154.296600342, 154.784210205, 155.260223389, 155.736236572, 156.212234497, 156.688247681, 157.152648926, 157.617050171, 158.104675293, 158.592285156, 159.06829834, 159.544311523, 159.99710083, 160.461486816, 160.9375, 161.425125122, 161.912734985, 162.400360107, 162.876373291, 163.352371216, 163.828384399, 164.304397583, 164.768798828, 165.256408691, 165.744033813, 166.231658936, 166.696044922, 167.160446167, 167.613235474, 168.06602478, 168.518814087, 168.971603394, 169.459228516, 169.946838379, 170.422851563, 170.898864746, 171.37487793, 171.850875854, 172.338500977, 172.81451416, 173.290512085, 173.766525269, 174.242538452, 174.706939697, 175.171340942, 175.624130249, 176.076919556, 176.529708862, 177.005706787, 177.481719971, 177.957733154, 178.433731079, 178.909744263, 179.385757446], "beats_loudness": {"dvar2": 0.000886370427907, "var": 0.000527797848918, "min": 2.38574635603e-08, "dmean": 0.0167033206671, "mean": 0.0347453169525, "max": 0.166254431009, "dmean2": 0.0288244951516, "median": 0.0324254706502, "dvar": 0.000307333597448}, "bpm_histogram_second_peak_weight": {"dvar2": 0, "var": 0, "min": 0.0294117648154, "dmean": 0, "mean": 0.0294117648154, "max": 0.0294117648154, "dmean2": 0, "median": 0.0294117648154, "dvar": 0}, "bpm_histogram_second_peak_spread": {"dvar2": 0, "var": 0, "min": 0.153846129775, "dmean": 0, "mean": 0.153846129775, "max": 0.153846129775, "dmean2": 0, "median": 0.153846129775, "dvar": 0}, "bpm_histogram_second_peak_bpm": {"dvar2": 0, "var": 0, "min": 133, "dmean": 0, "mean": 133, "max": 133, "dmean2": 0, "median": 133, "dvar": 0}, "onset_rate": 3.39595723152}, "lowlevel": {"spectral_energyband_high": {"dvar2": 1.17732247418e-06, "var": 2.20828155761e-06, "min": 7.95257822478e-21, "dmean": 0.000369813118596, "mean": 0.000779455294833, "max": 0.0281077176332, "dmean2": 0.000491076905746, "median": 0.000249505392276, "dvar": 6.51338893931e-07}, "spectral_energyband_middle_low": {"dvar2": 0.000109557491669, "var": 0.000178311747732, "min": 2.61449355162e-22, "dmean": 0.0044325189665, "mean": 0.011051569134, "max": 0.206398412585, "dmean2": 0.00676491623744, "median": 0.00675644353032, "dvar": 4.86576427647e-05}, "spectral_energy": {"dvar2": 0.000238552951487, "var": 0.000498387496918, "min": 1.06802329519e-20, "dmean": 0.00737939402461, "mean": 0.0243251137435, "max": 0.223184615374, "dmean2": 0.0107566891238, "median": 0.0179571919143, "dvar": 0.000110003107693}, "spectral_spread": {"dvar2": 666161512448, "var": 2150265651200.0, "min": 1820837.125, "dmean": 460671.0625, "mean": 4690321.5, "max": 40088544, "dmean2": 644997.6875, "median": 4470705, "dvar": 403744587776}, "spectral_energyband_low": {"dvar2": 0.000107367421151, "var": 0.000138576986501, "min": 1.01234652496e-22, "dmean": 0.00390936946496, "mean": 0.0100772315636, "max": 0.101081669331, "dmean2": 0.00592559855431, "median": 0.00596393784508, "dvar": 4.69249753223e-05}, "spectral_rolloff": {"dvar2": 1399385, "var": 2401112.75, "min": 21.533203125, "dmean": 430.922149658, "mean": 1275.43029785, "max": 18432.421875, "dmean2": 693.430969238, "median": 818.26171875, "dvar": 696701}, "barkbands": {"dvar2": [2.26051909635e-07, 3.40592559951e-05, 3.33736352331e-05, 2.33116115851e-05, 3.18589081871e-05, 1.08156737042e-05, 3.70837824448e-06, 9.29278303374e-06, 2.00273079827e-05, 5.42765019418e-06, 1.89920183402e-06, 5.26533540324e-06, 2.34858953263e-06, 1.20088259337e-06, 9.01450221136e-07, 6.55239034586e-07, 1.37318366455e-07, 1.34338549174e-07, 1.94542579379e-07, 2.51457407785e-07, 1.09073695853e-07, 9.60760289104e-08, 7.19446120456e-08, 1.21866222003e-07, 4.94775527216e-08, 8.61964832843e-10, 8.03522873238e-12], "var": [1.22865529306e-07, 3.54722469638e-05, 3.22619125654e-05, 2.5861632821e-05, 2.70047858066e-05, 1.13358682938e-05, 7.21841161067e-06, 7.99261033535e-06, 2.77757026197e-05, 5.13931854584e-06, 2.04900675271e-06, 3.88477246815e-06, 2.11421456697e-06, 1.07910045699e-06, 7.29791395315e-07, 9.55236146183e-07, 1.51233194856e-07, 1.66589998685e-07, 2.61668219537e-07, 3.56235574372e-07, 1.10171257006e-07, 1.37810815204e-07, 9.50138172584e-08, 3.19475333299e-07, 4.8597090796e-08, 6.46769027224e-10, 1.67615140517e-12], "min": [2.42055894538e-23, 3.85778699519e-23, 3.95625103565e-23, 8.53841034592e-24, 1.99653910908e-23, 5.88055856926e-23, 2.94595119454e-23, 1.71130814722e-23, 1.06335660612e-22, 3.72536722591e-23, 5.89910121815e-23, 6.87068755257e-23, 4.87172001409e-23, 1.05686200895e-22, 7.78768597453e-23, 1.89376801428e-22, 1.54344839157e-22, 2.81317669029e-22, 3.43561369293e-22, 3.60501204289e-22, 5.42476193263e-22, 4.12643345024e-22, 5.85879547461e-22, 6.37346448504e-22, 1.05624602849e-21, 1.92045286892e-21, 2.82001703573e-21], "dmean": [0.00011235774582, 0.00206016912125, 0.00178381707519, 0.00143452524208, 0.00178603769746, 0.000875049445312, 0.000532033911441, 0.000786528747994, 0.00090652378276, 0.00039695558371, 0.000257021718426, 0.000485149532324, 0.00033201216138, 0.000255449034739, 0.000239447603235, 0.00015503350005, 0.000121790493722, 0.000112872294267, 0.000121503813716, 0.000127598672407, 0.000104910526716, 9.94780129986e-05, 7.16053546057e-05, 5.16458239872e-05, 4.90031088702e-05, 5.88846160099e-06, 3.34200962016e-07], "mean": [0.000199581656489, 0.00514970207587, 0.00331116723828, 0.00253745145164, 0.0030158883892, 0.00158617040142, 0.000933499191888, 0.00125512480736, 0.00156288268045, 0.000605378474575, 0.000380198122002, 0.000712924345862, 0.000520076195244, 0.00038002623478, 0.00036716053728, 0.000265419395873, 0.000219079855015, 0.000198050576728, 0.000215419611777, 0.000225549694733, 0.000187436933629, 0.000183082200238, 0.000143412355101, 9.36415817705e-05, 6.88910222379e-05, 7.58000032874e-06, 3.33598705993e-07], "max": [0.0160216242075, 0.0540640391409, 0.0773131102324, 0.0732422620058, 0.141133934259, 0.0551362372935, 0.0778147280216, 0.0487904883921, 0.122736290097, 0.0542353503406, 0.0407001450658, 0.0515779145062, 0.0302440468222, 0.0217229910195, 0.0204439237714, 0.0244605466723, 0.00589594524354, 0.00815988704562, 0.0102001037449, 0.0120145455003, 0.00633668527007, 0.00983740203083, 0.00796344224364, 0.0204291418195, 0.00601013610139, 0.000643503735773, 7.75614607846e-05], "dmean2": [0.0001855934388, 0.00327881611884, 0.00277596991509, 0.00226039532572, 0.00292400806211, 0.00145217042882, 0.000822731584776, 0.00121939729434, 0.00135675584897, 0.000617625657469, 0.000376286770916, 0.000784270756412, 0.000510410987772, 0.000391894980567, 0.000389393651858, 0.000238106164034, 0.000188358855667, 0.000174504646566, 0.000180444782018, 0.000187348967302, 0.000154719033162, 0.000140713586006, 0.00010034773004, 7.29514431441e-05, 7.08345032763e-05, 8.95165339898e-06, 5.85709585721e-07], "median": [0.00012289082224, 0.00319325784221, 0.00101495278068, 0.000753177795559, 0.00129768485203, 0.000529843266122, 0.000275505357422, 0.000348934961949, 0.000238654261921, 8.93209944479e-05, 5.71232776565e-05, 0.000110370776383, 9.56752337515e-05, 8.63131645019e-05, 9.43085251492e-05, 4.46559897682e-05, 7.61360788601e-05, 6.49123176117e-05, 7.59652466513e-05, 5.8625046222e-05, 6.59096986055e-05, 4.92533399665e-05, 3.02574917441e-05, 1.41626542245e-05, 1.06693378257e-05, 1.25286442199e-06, 1.26662030198e-07], "dvar": [9.82372512226e-08, 1.36039207064e-05, 1.39395560836e-05, 9.84885991784e-06, 1.2722079191e-05, 3.68344831259e-06, 1.89039565157e-06, 3.98705515181e-06, 1.05070239442e-05, 2.47639059126e-06, 9.48123386024e-07, 2.20387119043e-06, 1.082993208e-06, 5.57183909677e-07, 3.69364329345e-07, 3.21605938325e-07, 6.37125836533e-08, 6.30433660831e-08, 9.92344482142e-08, 1.22510485312e-07, 5.05616313262e-08, 4.89969096407e-08, 3.44240191907e-08, 7.52714299779e-08, 2.336762428e-08, 3.55532381313e-10, 2.7794071298e-12]}, "melbands_skewness": {"dvar2": 2.12089347839, "var": 3.16479325294, "min": -0.929512321949, "dmean": 0.73796081543, "mean": 2.96825313568, "max": 42.4090690613, "dmean2": 1.09604263306, "median": 2.69316530228, "dvar": 0.849928915501}, "barkbands_skewness": {"dvar2": 0.55966335535, "var": 1.5732319355, "min": -2.67234134674, "dmean": 0.519694924355, "mean": 1.78380155563, "max": 15.6412782669, "dmean2": 0.762233018875, "median": 1.57061851025, "dvar": 0.281202465296}, "erbbands": {"dvar2": [0.039612788707, 1.80277192593, 36.4918785095, 124.27936554, 484.108825684, 295.708679199, 251.643600464, 1000.50494385, 759.339477539, 1995.58435059, 6410.22265625, 14888.15625, 5788.46191406, 5376.33544922, 3197.08056641, 8063.15722656, 4429.70410156, 2386.39746094, 3024.96484375, 1816.59985352, 878.664794922, 273.8465271, 333.653320313, 182.455459595, 912.879577637, 463.533660889, 128.230377197, 236.49041748, 144.846954346, 87.7942886353, 60.7773284912, 57.8058700562, 38.6486244202, 7.33594417572, 3.7385892868, 0.0453206412494, 0.00243919342756, 2.84129291686e-05, 2.69347509629e-07, 1.00735852993e-09], "var": [0.0258204806596, 2.26204204559, 38.5094947815, 164.408569336, 488.211669922, 220.058776855, 212.455123901, 1205.88500977, 739.612548828, 4464.50634766, 4994.42236328, 17669.3164063, 6948.66113281, 6313.60693359, 3681.11914063, 4911.85302734, 4444.54541016, 2704.21655273, 2535.64086914, 2320.73095703, 1570.09020996, 362.143432617, 419.818145752, 329.174530029, 1294.16577148, 559.116455078, 141.6693573, 217.410949707, 186.554962158, 108.479881287, 83.8626327515, 94.8763504028, 106.96975708, 11.870341301, 2.14493942261, 0.0372378267348, 0.001649998012, 1.47187420225e-05, 5.88520627787e-08, 9.43435551903e-10], "min": [2.09769711585e-21, 5.93332291299e-21, 3.4812984985e-20, 3.48265397611e-20, 5.36434349747e-20, 5.9447706403e-20, 3.44524137248e-19, 3.84465380306e-19, 4.02892224318e-19, 4.15839798103e-19, 7.38330661417e-19, 2.39448604127e-18, 1.85985046685e-18, 1.61506766447e-18, 2.04265076478e-18, 3.15575835018e-18, 2.27656606828e-18, 5.99174852789e-18, 3.27876651792e-18, 6.14381244861e-18, 9.95105556091e-18, 8.97345132678e-18, 1.67097134268e-17, 1.58260297609e-17, 1.64682031577e-17, 1.61989823381e-17, 1.87246641876e-17, 2.25839861777e-17, 1.29921950091e-17, 1.71619082522e-17, 1.67777242167e-17, 1.27805120457e-17, 1.1899512581e-17, 1.15294973222e-17, 7.7560548777e-18, 5.82393715625e-18, 4.24558431686e-18, 1.65543562932e-18, 4.29713452282e-19, 3.522497586e-20], "dmean": [0.0572982765734, 0.497580200434, 1.83254957199, 3.5285794735, 5.89839935303, 5.88543605804, 5.26923418045, 7.64682388306, 6.82412195206, 11.818696022, 19.0515766144, 22.3243675232, 13.4831600189, 12.845205307, 12.0154657364, 19.5091094971, 14.7236976624, 12.817741394, 14.7541980743, 8.9175863266, 6.8965511322, 5.5109500885, 6.07286930084, 4.2731719017, 7.8555150032, 5.51960039139, 3.88086652756, 4.38524389267, 3.52719211578, 3.01250481606, 1.99738752842, 1.25343859196, 0.820067644119, 0.547295868397, 0.376552820206, 0.0468704104424, 0.00935569871217, 0.000961260811891, 6.11520954408e-05, 1.09961165435e-05], "mean": [0.110480457544, 1.29740440845, 3.80015873909, 6.89070415497, 10.0197916031, 9.25602912903, 8.52650547028, 14.043926239, 12.1496362686, 20.0857467651, 30.904132843, 37.3484954834, 24.3632354736, 20.8365535736, 19.8492336273, 29.6695632935, 24.5521411896, 21.4657592773, 23.5121135712, 14.9384994507, 13.8384637833, 10.7523555756, 10.9913005829, 8.37532329559, 14.3433208466, 10.3309774399, 7.30727148056, 7.32484292984, 6.3060798645, 5.57721805573, 4.04140233994, 2.31172156334, 1.4270042181, 0.822683870792, 0.481589734554, 0.0634126141667, 0.011610167101, 0.00119796907529, 7.56743902457e-05, 3.27564048348e-05], "max": [2.06415319443, 11.9718875885, 77.7257461548, 212.289611816, 656.3828125, 235.535980225, 239.948272705, 607.122070313, 496.853881836, 1972.92138672, 1373.07092285, 3917.49560547, 1570.99731445, 2129.84545898, 2064.93041992, 1275.54321289, 1628.10681152, 1054.7310791, 844.120483398, 1389.3359375, 800.256958008, 328.979156494, 364.937072754, 363.604431152, 533.808959961, 362.626220703, 184.967376709, 368.2890625, 400.805206299, 151.75944519, 226.071075439, 416.537475586, 466.899841309, 117.165763855, 32.1297569275, 4.33815336227, 0.943660736084, 0.0873529165983, 0.0144412834197, 0.000761860457715], "dmean2": [0.0933699756861, 0.78450012207, 2.83718585968, 5.39142131805, 9.72812080383, 9.6113910675, 8.49544525146, 12.6932907104, 11.400229454, 17.9393959045, 29.4630260468, 33.248298645, 20.2510910034, 19.0492744446, 17.5322952271, 32.1494903564, 22.7718257904, 19.6424217224, 23.3265743256, 13.3930864334, 10.4052944183, 8.32920074463, 9.29517364502, 6.29709434509, 11.6391925812, 8.18263435364, 5.73885774612, 6.45900249481, 5.01481056213, 4.27871799469, 2.86676359177, 1.80273842812, 1.12997889519, 0.789178311825, 0.557672858238, 0.0686227381229, 0.0143973855302, 0.00152305560187, 0.000103886413854, 1.61124753504e-05], "median": [0.0529319085181, 0.772501111031, 1.43970799446, 2.74836277962, 3.66283726692, 4.14468050003, 3.48312330246, 4.18621826172, 4.32511949539, 5.10840940475, 9.20149230957, 6.23717689514, 4.60914516449, 3.42240405083, 4.28115177155, 5.23982858658, 5.85278081894, 5.75625133514, 6.1829419136, 3.79129528999, 3.73948073387, 4.17083263397, 3.87530088425, 3.32865428925, 4.5647649765, 2.95335316658, 2.93412423134, 2.14534163475, 1.72372210026, 1.48697805405, 0.796929955482, 0.374925166368, 0.206846013665, 0.132869318128, 0.0604880228639, 0.0103032514453, 0.00178796530236, 0.000257152714767, 3.69076951756e-05, 2.38714310399e-05], "dvar": [0.0153510700911, 0.734303295612, 15.1230077744, 55.1546096802, 212.53994751, 113.176071167, 102.845741272, 350.750366211, 277.860565186, 1145.40637207, 2658.23754883, 7944.58300781, 2598.796875, 2725.88818359, 1630.58581543, 2978.68530273, 2146.57299805, 1145.25195313, 1278.3125, 946.540100098, 406.878051758, 131.037368774, 153.753143311, 98.923614502, 457.38180542, 201.261062622, 58.4663009644, 107.997741699, 71.6814193726, 42.3667602539, 28.7502937317, 31.32280159, 25.7150211334, 4.02202415466, 1.59225130081, 0.0196270570159, 0.00100362452213, 1.12581574285e-05, 9.31148207428e-08, 4.00505933973e-10]}, "silence_rate_30dB": {"dvar2": 0.0148318298161, "var": 0.00590057997033, "min": 0, "dmean": 0.00593701610342, "mean": 0.994063735008, "max": 1, "dmean2": 0.0118755651638, "median": 1, "dvar": 0.00590139674023}, "melbands_spread": {"dvar2": 172.247695923, "var": 364.400787354, "min": 0.334016770124, "dmean": 6.20267534256, "mean": 21.1025733948, "max": 275.960784912, "dmean2": 9.17739295959, "median": 16.9489803314, "dvar": 93.1958084106}, "melbands_crest": {"dvar2": 18.3177280426, "var": 22.5039844513, "min": 1.73904168606, "dmean": 2.93548130989, "mean": 14.3274621964, "max": 39.818862915, "dmean2": 4.7132692337, "median": 13.625743866, "dvar": 7.44054555893}, "zerocrossingrate": {"dvar2": 0.000221199545194, "var": 0.00134423281997, "min": 0.00341796875, "dmean": 0.00969504192472, "mean": 0.0543835908175, "max": 0.5029296875, "dmean2": 0.0109604550526, "median": 0.04638671875, "dvar": 0.000185727345524}, "barkbands_kurtosis": {"dvar2": 65.3471298218, "var": 99.8602218628, "min": -1.93771612644, "dmean": 3.07911682129, "mean": 5.83642911911, "max": 286.022247314, "dmean2": 4.58340930939, "median": 2.49911403656, "dvar": 34.3923034668}, "spectral_flux": {"dvar2": 0.00116778630763, "var": 0.00183090672363, "min": 1.03345214331e-10, "dmean": 0.0197963435203, "mean": 0.0692584142089, "max": 0.277416825294, "dmean2": 0.0305768065155, "median": 0.0623490363359, "dvar": 0.000497249187902}, "barkbands_crest": {"dvar2": 10.5030221939, "var": 13.7925214767, "min": 2.28133893013, "dmean": 2.30122566223, "mean": 10.28510952, "max": 24.6914634705, "dmean2": 3.66293478012, "median": 9.71405982971, "dvar": 4.39870786667}, "barkbands_flatness_db": {"dvar2": 0.000675545597915, "var": 0.00214152340777, "min": 0.0254305694252, "dmean": 0.0196298323572, "mean": 0.142660260201, "max": 0.44694262743, "dmean2": 0.0281129162759, "median": 0.138612732291, "dvar": 0.000361490121577}, "spectral_entropy": {"dvar2": 0.0430934950709, "var": 0.200445190072, "min": 5.60678768158, "dmean": 0.161323651671, "mean": 7.51348304749, "max": 9.80451393127, "dmean2": 0.22208853066, "median": 7.53708934784, "dvar": 0.0244760345668}, "pitch_salience": {"dvar2": 0.00831506587565, "var": 0.0105742467567, "min": 0.0192449446768, "dmean": 0.0653148069978, "mean": 0.548455476761, "max": 0.967838704586, "dmean2": 0.104311399162, "median": 0.550112128258, "dvar": 0.00342045072466}, "erbbands_spread": {"dvar2": 160.042816162, "var": 434.089599609, "min": 4.95436668396, "dmean": 8.59818553925, "mean": 41.3714752197, "max": 152.426605225, "dmean2": 12.693145752, "median": 37.9318313599, "dvar": 76.1690750122}, "dynamic_complexity": 4.58334445953, "spectral_contrast_valleys": {"dvar2": [0.276421636343, 0.218202143908, 0.17506749928, 0.168649628758, 0.125680878758, 0.17363256216], "var": [1.36806309223, 1.15200603008, 1.18760108948, 1.21957910061, 1.2718360424, 1.5669144392], "min": [-27.8051509857, -27.1654720306, -27.1290435791, -27.3195552826, -27.2828941345, -27.3081684113], "dmean": [0.403744846582, 0.36688131094, 0.320426374674, 0.293830096722, 0.268522918224, 0.33058193326], "mean": [-7.32387685776, -6.92310190201, -7.7107834816, -8.18276119232, -7.96759557724, -10.5196256638], "max": [-5.23993253708, -4.67367315292, -5.3273434639, -5.93631410599, -5.81244897842, -7.4217543602], "dmean2": [0.650375902653, 0.584385275841, 0.502228319645, 0.447356134653, 0.3601988554, 0.379678368568], "median": [-7.08932495117, -6.81287384033, -7.59339809418, -8.05035209656, -7.79037857056, -10.3785457611], "dvar": [0.132575526834, 0.106221087277, 0.0912465378642, 0.0979001522064, 0.0891698896885, 0.127573728561]}, "hfc": {"dvar2": 112.29611969, "var": 347, "min": 1.20919181002e-16, "dmean": 5.27462053299, "mean": 16.2325286865, "max": 251.484909058, "dmean2": 6.96136426926, "median": 10.1809158325, "dvar": 67.7590332031}, "spectral_kurtosis": {"dvar2": 6.5303030014, "var": 8.645652771, "min": -1.25851762295, "dmean": 1.34815073013, "mean": 3.75477862358, "max": 35.4808044434, "dmean2": 2.20851397514, "median": 3.04579210281, "dvar": 2.49530959129}, "mfcc": {"mean": [-672.149108887, 123.338684082, 7.95377635956, 29.9743881226, -0.975900292397, 12.8512744904, -0.472233623266, 2.95827198029, -0.612979114056, 4.36481714249, 4.50468635559, 1.17649424076, -0.435176074505], "cov": [[9412.48242188, -607.298217773, 60.2761497498, -7.93565177917, -70.3226089478, 109.091201782, -10.4166135788, 190.832839966, -88.5405731201, 65.0963287354, -10.1720409393, -134.955230713, -45.0972137451], [-607.298217773, 1318.77636719, -308.786682129, 10.3803873062, -71.8299255371, 14.8451385498, 52.8715934753, -70.4300079346, 8.51147174835, -14.8106155396, 32.5338249207, 38.8626213074, 13.6886205673], [60.2761497498, -308.786682129, 660.180236816, 135.089050293, 111.365402222, 28.75548172, 47.4900970459, 73.9191818237, -20.0076179504, -16.1148891449, -3.11281204224, -21.4118881226, -44.4475059509], [-7.93565177917, 10.3803873062, 135.089050293, 345.84576416, 90.7902297974, 54.5310783386, -50.3280639648, -17.386554718, -0.396848797798, -15.0493268967, -34.7720603943, 14.5032730103, 15.8528614044], [-70.3226089478, -71.8299255371, 111.365402222, 90.7902297974, 211.226394653, 52.6514091492, 14.229221344, 23.3242168427, 29.9633617401, 2.67200541496, -2.54127573967, -9.68325614929, -1.78725457191], [109.091201782, 14.8451385498, 28.75548172, 54.5310783386, 52.6514091492, 180.96913147, 100.202163696, 34.6215667725, -8.00149345398, 5.2847571373, -0.685072600842, 1.15484666824, 1.07556092739], [-10.4166135788, 52.8715934753, 47.4900970459, -50.3280639648, 14.229221344, 100.202163696, 208.598861694, 89.9336242676, 4.39678668976, 8.74347305298, 18.4154338837, -10.7919807434, -15.8947649002], [190.832839966, -70.4300079346, 73.9191818237, -17.386554718, 23.3242168427, 34.6215667725, 89.9336242676, 169.829971313, 21.0824642181, 17.7469673157, 11.7389450073, -22.9025764465, -13.7652616501], [-88.5405731201, 8.51147174835, -20.0076179504, -0.396848797798, 29.9633617401, -8.00149345398, 4.39678668976, 21.0824642181, 125.645027161, 39.4784088135, -4.30774831772, -1.25702559948, 7.68485355377], [65.0963287354, -14.8106155396, -16.1148891449, -15.0493268967, 2.67200541496, 5.2847571373, 8.74347305298, 17.7469673157, 39.4784088135, 102.422233582, 22.260175705, 4.11942958832, -7.95961856842], [-10.1720409393, 32.5338249207, -3.11281204224, -34.7720603943, -2.54127573967, -0.685072600842, 18.4154338837, 11.7389450073, -4.30774831772, 22.260175705, 90.173866272, 17.6403083801, 1.52571368217], [-134.955230713, 38.8626213074, -21.4118881226, 14.5032730103, -9.68325614929, 1.15484666824, -10.7919807434, -22.9025764465, -1.25702559948, 4.11942958832, 17.6403083801, 98.3105163574, 27.0726490021], [-45.0972137451, 13.6886205673, -44.4475059509, 15.8528614044, -1.78725457191, 1.07556092739, -15.8947649002, -13.7652616501, 7.68485355377, -7.95961856842, 1.52571368217, 27.0726490021, 86.8795166016]], "icov": [[0.000118177653349, 4.58630966023e-05, 1.84811960935e-05, -7.67079836805e-06, 8.28101256047e-05, -0.000131752924062, 0.000123154604807, -0.000155947942403, 0.000105751831143, -8.95502744243e-05, -9.69825578068e-06, 0.000141732904012, 4.57560099676e-06], [4.58630966023e-05, 0.000980891636573, 0.00051228387747, -0.000438335875515, 0.00024000936537, 0.000160169205628, -0.000697560957633, 0.00041970500024, -0.000169711216586, 0.000290659576422, -0.000468445883598, -0.000100412667962, 0.000234315593843], [1.84811960935e-05, 0.00051228387747, 0.00225812802091, -0.00104280770756, -0.000689200649504, 0.000689501699526, -0.000896833545994, -0.000463345379103, 0.000454079447081, 0.000388790649595, -0.000360900099622, -4.30643303844e-05, 0.00102942355443], [-7.67079836805e-06, -0.000438335875515, -0.00104280770756, 0.0044930591248, -0.00118450494483, -0.00205915002152, 0.00236093509011, -0.000187867539353, 4.78406036564e-05, 3.74905357603e-05, 0.00148481165525, -0.000678826938383, -0.000700309639797], [8.28101256047e-05, 0.00024000936537, -0.000689200649504, -0.00118450494483, 0.00644730590284, -0.00180635112338, 0.000481498107547, -0.000238383727265, -0.0018827059539, 0.000502772512846, -0.000825588183943, 0.000784404226579, 5.66907147004e-05], [-0.000131752924062, 0.000160169205628, 0.000689501699526, -0.00205915002152, -0.00180635112338, 0.00973447971046, -0.0056875012815, 0.000746109872125, 0.00145985267591, -0.00091010844335, 0.000634801050182, -0.000444062519819, -0.000530425517354], [0.000123154604807, -0.000697560957633, -0.000896833545994, 0.00236093509011, 0.000481498107547, -0.0056875012815, 0.0102926092222, -0.00404385151342, -0.000361988844816, 0.000450781022664, -0.000621441635303, 0.000110368811875, 0.00065671140328], [-0.000155947942403, 0.00041970500024, -0.000463345379103, -0.000187867539353, -0.000238383727265, 0.000746109872125, -0.00404385151342, 0.00888622831553, -0.0012955609709, -0.000555085076485, -0.00076650606934, 0.00129079096951, -2.08955298149e-05], [0.000105751831143, -0.000169711216586, 0.000454079447081, 4.78406036564e-05, -0.0018827059539, 0.00145985267591, -0.000361988844816, -0.0012955609709, 0.0103957401589, -0.00431176507846, 0.00186799757648, 0.000126633094624, -0.00140993017703], [-8.95502744243e-05, 0.000290659576422, 0.000388790649595, 3.74905357603e-05, 0.000502772512846, -0.00091010844335, 0.000450781022664, -0.000555085076485, -0.00431176507846, 0.012579023838, -0.00330702145584, -0.00069725967478, 0.00192511000205], [-9.69825578068e-06, -0.000468445883598, -0.000360900099622, 0.00148481165525, -0.000825588183943, 0.000634801050182, -0.000621441635303, -0.00076650606934, 0.00186799757648, -0.00330702145584, 0.01344138477, -0.00255821412429, -0.000553867314011], [0.000141732904012, -0.000100412667962, -4.30643303844e-05, -0.000678826938383, 0.000784404226579, -0.000444062519819, 0.000110368811875, 0.00129079096951, 0.000126633094624, -0.00069725967478, -0.00255821412429, 0.012327702716, -0.00343404454179], [4.57560099676e-06, 0.000234315593843, 0.00102942355443, -0.000700309639797, 5.66907147004e-05, -0.000530425517354, 0.00065671140328, -2.08955298149e-05, -0.00140993017703, 0.00192511000205, -0.000553867314011, -0.00343404454179, 0.0136355562136]]}, "silence_rate_20dB": {"dvar2": 0, "var": 0, "min": 1, "dmean": 0, "mean": 1, "max": 1, "dmean2": 0, "median": 1, "dvar": 0}, "melbands_kurtosis": {"dvar2": 3006.7253418, "var": 956.475097656, "min": -1.87621223927, "dmean": 7.94169187546, "mean": 17.4062080383, "max": 1993.64477539, "dmean2": 12.1144943237, "median": 9.81670570374, "dvar": 1010.13677979}, "barkbands_spread": {"dvar2": 90.0583267212, "var": 259.692016602, "min": 0.65140402317, "dmean": 5.42248153687, "mean": 21.9394378662, "max": 140.603973389, "dmean2": 7.84684228897, "median": 18.436712265, "dvar": 46.4600067139}, "erbbands_skewness": {"dvar2": 0.244535446167, "var": 0.727955877781, "min": -3.73338913918, "dmean": 0.355802834034, "mean": 0.380421996117, "max": 4.82526874542, "dmean2": 0.537703692913, "median": 0.34890589118, "dvar": 0.113593287766}, "average_loudness": 0.532621860504, "spectral_centroid": {"dvar2": 147362.75, "var": 471989.34375, "min": 125.296447754, "dmean": 245.265792847, "mean": 1244.38745117, "max": 11539.5009766, "dmean2": 357.717102051, "median": 1108.50878906, "dvar": 84161.5078125}, "dissonance": {"dvar2": 0.00107114564162, "var": 0.00086915853899, "min": 0.286814898252, "dmean": 0.020376438275, "mean": 0.459865093231, "max": 0.500000059605, "dmean2": 0.0345983095467, "median": 0.467369914055, "dvar": 0.00038504958502}, "erbbands_flatness_db": {"dvar2": 0.000435540889157, "var": 0.00176504731644, "min": 0.0294166672975, "dmean": 0.0160766784102, "mean": 0.15479144454, "max": 0.308086067438, "dmean2": 0.0228095892817, "median": 0.15047621727, "dvar": 0.000222635266255}, "spectral_strongpeak": {"dvar2": 1.71999263763, "var": 1.38766407967, "min": 0, "dmean": 0.425665467978, "mean": 0.782318949699, "max": 19.9552345276, "dmean2": 0.709681510925, "median": 0.383559405804, "dvar": 0.74427241087}, "spectral_rms": {"dvar2": 1.25196959289e-06, "var": 4.79437949252e-06, "min": 3.2279621684e-12, "dmean": 0.000695735681802, "mean": 0.00435171974823, "max": 0.0147560527548, "dmean2": 0.000986225088127, "median": 0.00418559554964, "dvar": 6.3280623408e-07}, "silence_rate_60dB": {"dvar2": 0.0606043748558, "var": 0.0965449661016, "min": 0, "dmean": 0.0281362924725, "mean": 0.1082720384, "max": 1, "dmean2": 0.056279849261, "median": 0, "dvar": 0.0273462943733}, "melbands": {"dvar2": [2.76503669738e-06, 5.91326352151e-06, 3.9099213609e-06, 2.15578802454e-06, 2.46284145078e-07, 4.86921464926e-07, 1.75018527671e-07, 2.13485520817e-07, 4.30082224057e-07, 6.29448322798e-07, 1.41501416806e-07, 9.8189872233e-08, 2.9877387675e-08, 9.03071466496e-08, 1.77174452887e-08, 2.24354561595e-08, 9.20666387572e-09, 1.01083195148e-08, 3.89960419511e-09, 5.46829159731e-09, 1.30638744267e-09, 3.52995549457e-10, 6.54214071805e-10, 2.91806634412e-10, 1.37933275912e-10, 3.39131334126e-10, 7.67564123372e-10, 2.6682792087e-10, 5.92778187647e-11, 6.38707142731e-11, 1.09185167851e-10, 6.14041317792e-11, 3.99619955183e-11, 2.87806983107e-11, 2.84500912412e-11, 2.42290718738e-11, 3.06111837267e-11, 4.2095427838e-11, 1.30255545933e-11, 4.7569478738e-12], "var": [2.27778991757e-06, 6.92348112352e-06, 4.70533450425e-06, 1.79379651399e-06, 2.12845037595e-07, 5.41254621567e-07, 1.93778731727e-07, 4.31607787732e-07, 3.301970537e-07, 7.63366642786e-07, 1.71617429601e-07, 1.16599551347e-07, 4.00249078325e-08, 6.79111238355e-08, 1.56284762909e-08, 1.93975893126e-08, 9.95309701324e-09, 8.07562461347e-09, 3.25860582961e-09, 6.57435883511e-09, 2.18801421425e-09, 3.66821045761e-10, 6.61275145752e-10, 4.16576717566e-10, 2.18418269582e-10, 4.4083034445e-10, 1.10422593291e-09, 2.15668594095e-10, 5.86172013706e-11, 5.5521892639e-11, 9.06573427439e-11, 6.95130550343e-11, 4.79249487317e-11, 3.05073813434e-11, 3.38752255413e-11, 2.30503602316e-11, 5.38930428062e-11, 7.79121767103e-11, 2.36869603792e-11, 5.48200504089e-12], "min": [1.66192135248e-23, 1.4673068428e-23, 7.7141911172e-24, 3.51233770504e-24, 9.40515627717e-24, 9.38754969063e-24, 6.71023703098e-24, 4.08235163464e-24, 6.90859373902e-24, 1.65501739961e-23, 8.47876851718e-24, 5.69260488553e-24, 8.16569407859e-24, 5.71065757291e-24, 8.78929414619e-24, 5.11358413654e-24, 1.17667092157e-23, 3.86726634225e-24, 7.5620135377e-24, 1.09327112672e-23, 1.11111011169e-23, 8.14573589768e-24, 1.35001774124e-23, 1.35856678464e-23, 1.2633131714e-23, 1.53264645609e-23, 1.10184659696e-23, 1.01126737902e-23, 1.28388335059e-23, 1.07783382878e-23, 1.31421426354e-23, 7.45446970821e-24, 6.92681248162e-24, 1.03706581274e-23, 1.07004792942e-23, 8.06725212622e-24, 7.74822336552e-24, 7.98149979038e-24, 9.55