{"tonal": {"thpcp": [1, 0.686724185944, 0.260014981031, 0.170048564672, 0.18320967257, 0.259232252836, 0.292822808027, 0.245105758309, 0.235979810357, 0.318934440613, 0.283773899078, 0.171678483486, 0.187739029527, 0.233086824417, 0.306250840425, 0.293583601713, 0.159410953522, 0.09937761724, 0.128330811858, 0.159607589245, 0.253140389919, 0.46016138792, 0.414884060621, 0.191530123353, 0.114251293242, 0.105502210557, 0.154635682702, 0.251281261444, 0.297669917345, 0.415311843157, 0.50436270237, 0.334583073854, 0.20447434485, 0.228153258562, 0.302355438471, 0.659403502941], "hpcp": {"dmean2": [0.195316419005, 0.195010408759, 0.190127328038, 0.179889038205, 0.167394012213, 0.133668422699, 0.142505183816, 0.15660507977, 0.19737765193, 0.203454762697, 0.111135952175, 0.0815307348967, 0.0980958342552, 0.137816220522, 0.175425410271, 0.213619083166, 0.22999919951, 0.170638725162, 0.125384360552, 0.115775242448, 0.146263793111, 0.179307252169, 0.222064718604, 0.289875239134, 0.289824217558, 0.247502684593, 0.212204024196, 0.237509652972, 0.287114709616, 0.41578194499, 0.408487558365, 0.367950588465, 0.259563922882, 0.189661592245, 0.183551639318, 0.20210929215], "median": [0.0174172706902, 0.016693117097, 0.016621792689, 0.0170954149216, 0.0159797985107, 0.0187638401985, 0.0182127207518, 0.0239175260067, 0.0241196434945, 0.023942347616, 0.0154591621831, 0.00966523680836, 0.00742973014712, 0.00898998323828, 0.0281636882573, 0.0606014579535, 0.0570728071034, 0.0201816838235, 0.00613101385534, 0.00565460231155, 0.0089922901243, 0.0113430200145, 0.0181799866259, 0.0280740875751, 0.0239319223911, 0.0161409769207, 0.0109076239169, 0.0121536292136, 0.0228668935597, 0.147943302989, 0.24478417635, 0.13560770452, 0.0169394295663, 0.00706555275247, 0.00873133726418, 0.0120313894004], "min": [0, 0, 0, 0, 0, 0, 0, 0, 0, 0, 0, 0, 0, 0, 0, 0, 0, 0, 0, 0, 0, 0, 0, 0, 0, 0, 0, 0, 0, 0, 0, 0, 0, 0, 0, 0], "dvar2": [0.102101430297, 0.101533316076, 0.101010382175, 0.0819118842483, 0.0756602883339, 0.0552827529609, 0.0654522553086, 0.0633995980024, 0.0987999364734, 0.101581536233, 0.0389977283776, 0.0339685827494, 0.0430452823639, 0.0716511979699, 0.0857395231724, 0.0952759608626, 0.110725916922, 0.0808609575033, 0.0669440701604, 0.0616619959474, 0.0799189954996, 0.105007506907, 0.112601816654, 0.16983088851, 0.156568706036, 0.135403007269, 0.132160589099, 0.156023159623, 0.158534213901, 0.192002415657, 0.198590457439, 0.165086910129, 0.152558714151, 0.112426437438, 0.101390480995, 0.113484695554], "dvar": [0.0395431034267, 0.0370695665479, 0.037207622081, 0.0362923294306, 0.0324989818037, 0.0199895743281, 0.0247266236693, 0.0248436722904, 0.0401551276445, 0.0394584871829, 0.0146599439904, 0.0125761674717, 0.0166655182838, 0.0261980015785, 0.0314958915114, 0.0385417044163, 0.0427539609373, 0.0296371039003, 0.0236553810537, 0.0216732155532, 0.0295886863023, 0.0399681665003, 0.0433602593839, 0.0645659267902, 0.0706784874201, 0.0520331375301, 0.0462742112577, 0.0554986558855, 0.058344848454, 0.0719954445958, 0.0856736823916, 0.0653374195099, 0.0555940717459, 0.0405360013247, 0.03674788028, 0.0433295816183], "dmean": [0.111173845828, 0.108803406358, 0.106062546372, 0.104457944632, 0.0973811373115, 0.0751345008612, 0.0802281424403, 0.0904791131616, 0.115285784006, 0.115948297083, 0.0634667128325, 0.0459097921848, 0.0552956946194, 0.0762853994966, 0.0990257114172, 0.12664283812, 0.133486747742, 0.0950090661645, 0.0671645179391, 0.0626124516129, 0.0802813693881, 0.100276865065, 0.123169034719, 0.164023146033, 0.16531522572, 0.140341103077, 0.114322178066, 0.128105297685, 0.157543897629, 0.233836263418, 0.234430581331, 0.210897192359, 0.142357587814, 0.101478390396, 0.100648753345, 0.113338693976], "max": [1, 1, 1, 1, 1, 1, 1, 1, 1, 1, 1, 1, 1, 1, 1, 1, 1, 1, 1, 1, 1, 1, 1, 1, 1, 1, 1, 1, 1, 1, 1, 1, 1, 1, 1, 1], "var": [0.0549577698112, 0.0367250442505, 0.035731907934, 0.0638135299087, 0.0544376261532, 0.0190805923194, 0.0265393014997, 0.0317750312388, 0.0524857379496, 0.0478754416108, 0.0170580111444, 0.0101700071245, 0.0186588410288, 0.0251255258918, 0.032256141305, 0.078142143786, 0.0621892847121, 0.0238511227071, 0.0160673167557, 0.0141595462337, 0.0235512647778, 0.0480404831469, 0.0535579286516, 0.0773195847869, 0.112400278449, 0.0603128410876, 0.034936632961, 0.0424373298883, 0.0497926659882, 0.0896430686116, 0.160014420748, 0.0981673672795, 0.0439904630184, 0.0280169565231, 0.0276030208915, 0.0470181331038], "mean": [0.119852468371, 0.100321866572, 0.0965866148472, 0.13053996861, 0.116148754954, 0.0702680572867, 0.0768416449428, 0.0954025164247, 0.125348567963, 0.120163865387, 0.0652469545603, 0.0406752899289, 0.052525844425, 0.0653274357319, 0.103610448539, 0.188344210386, 0.169812187552, 0.0783933401108, 0.0467630922794, 0.0431820899248, 0.0632924363017, 0.102849498391, 0.121836394072, 0.169987276196, 0.2064358145, 0.136944964528, 0.0836914181709, 0.0933832004666, 0.123754180968, 0.269894063473, 0.409300327301, 0.281076431274, 0.106424219906, 0.0696009323001, 0.0749877765775, 0.106103844941]}, "tuning_equal_tempered_deviation": 0.0963464677334, "chords_changes_rate": 0.0886370241642, "key_key": "C", "tuning_diatonic_strength": 0.607699036598, "key_scale": "major", "chords_number_rate": 0.00319674517959, "tuning_frequency": 438.224517822, "tuning_nontempered_energy_ratio": 0.778533935547, "chords_histogram": [4.18483018875, 1.13339149952, 27.2304553986, 1.39494335651, 2.35396695137, 0.726532995701, 5.63789606094, 0.116245277226, 0, 0, 0, 0, 0, 0.464981108904, 0.813716948032, 0.203429237008, 0, 2.03429245949, 0.464981108904, 40.3661727905, 4.33013677597, 4.82417917252, 0.494042426348, 3.22580647469], "key_strength": 0.640089213848, "chords_key": "G", "chords_strength": {"dmean2": 0.0133525254205, "median": 0.496035397053, "min": -1, "dvar2": 0.00111811619718, "dvar": 0.000661626865622, "dmean": 0.0119796609506, "max": 0.746522426605, "var": 0.0348885394633, "mean": 0.482771098614}, "chords_scale": "minor", "hpcp_entropy": {"dmean2": 1.04589092731, "median": 2.10876917839, "min": 0, "dvar2": 0.813289642334, "dvar": 0.298349320889, "dmean": 0.620897591114, "max": 4.55717611313, "var": 0.571758151054, "mean": 2.0629799366}}, "metadata": {"audio_properties": {"equal_loudness": 0, "codec": "mp3", "downmix": "mix", "sample_rate": 44100, "analysis_sample_rate": 44100, "bit_rate": 192031, "md5_encoded": "a1870aa2446be91f7eee83f6ed5e12cf", "length": 159.712646484, "replay_gain": -6.17051315308, "lossless": false}, "version": {"essentia_build_sha": "2d9f1f26377add8aeb1075a9c2973f962c4f09fd", "essentia": "2.1-beta2", "extractor": "music 1.0", "essentia_git_sha": "v2.1_beta2-1-ge3940c0"}, "tags": {"title": ["Gimme More"], "language": ["eng"], "albumartist": ["Smokestack Lightnin'"], "date": ["2007"], "genre": ["Country"], "musicbrainz_releasegroupid": ["061dacbf-54d5-4255-9b89-ef6a42660022"], "musicbrainz album type": ["Album"], "musicbrainz_recordingid": ["1dbc762b-62ad-4272-98a5-8c01851dd320"], "musicbrainz_albumartistid": ["0fdd0503-e7f2-4f45-b4f8-dde0f9a5b0e0"], "musicbrainz_albumid": ["2e75886a-7f2a-4b60-9bbe-b4f82d92cfa1"], "acoustid_fingerprint": ["AQADtEuoJEkUJRLMDlt85A98Q62O_PB3_PBJKfikoM-KC9cD_8eb4Q9q6YG7ow-N80GV2_BnQfyDkpnx7HiOi6nh58aDG82iHSGlC_1CIf0C5wr64CZyDfp2PHqMUOqD5jyOU6TQuEe3Hyn-BdF-PM9wegbVNPh4rFWOOhs1NLfwIUGOnxOePEEzKePRNXiMn3iSIboWNGcEZmEp_MKXaA_ORYaewmMePFGuIJZMEyfiHEyOUsqe4Lnww4-Q7w0-VcnwD6kcdcXzJsF1PMbh_3iSxXjCD2cPfQgTPQbDLDtu1EkWC82H5wfzoGn2Isx0VIaeZRm8S8WeC9cR5rvR3aiuPMOUJeLx8bisoXnQu_gfPDqO_NCUH02cFFdy6J_Ah0fT1CqqLdLxvBL-iISWekapaHGKD_phbTTOFDfRX4KjKpnQHXSi41xwUoPOJ3AThuDE7DhyNBe6SCuDPEkiCGF-9DH4NMcT6cKP8Du0cEyF6MPnHF1KNLmxSxfyzRp6sTK0LC9YKTT-Cz2PxsJP9I_QVMoh3YBjbcKVLjkU7YHPomR2xG7xozlqoddSNDWBV0HTxA1qHv8RPUWfQUuo7HiyH8_BkPkMLVq2CseDP0HP3JCSJYvwHNdyTNG4o8ec-AnOXIKM5kXoKLik49mFvAmFOqHRRJkMOT3iC37GJbjSIE-O59AeSggTqg-eJJpxJseP5kGZKCODXMnV4Iyhg8mSBJXUB3GaiAv-Cf5T5FJ4PPqh76BqH3kKVkp0XFn0gKyO0BeDxsHD4x3KaSH06KAUCncOf0EfBZcuPMkzPHug6avQ9GCnHXkevLrQRPrRSh_mo6p2eJqE9sLFbDqSoYmzI4-SG88bhDz8DKeaQxPTiMGVXljDC9rRPMuIWQmeVohMHt3io5mOLzPIGP2HZhrVIKmiHDkP5lkKh1PQLbkyPHtwMfnRn2iqD5_M4NFRiznMZE-KUDrU_AiP5iQT3Dny5MdziHl8fPERU4kePMuDH-kLfSeuRV_xOMdnNNmPUuHxBDqaiAy6ZDl-4TvCM3gm4RIeJvpxSYefoF0rYXj2oX7QL0aeQdNJo1EenPmGejGho6mOPdrxB5yXDppyhBmPR_PwRGdwo3kQOuEFPVG7gj1xy0R_NOMl5EmO30jXXcHHbUGdENehH2FGpsIzOgnyCHcg_sSFJ3mQM4oVXAgPKVmWpUNOHqcPO8Vd4UKzF2eRJc2hi0eeZRJ8Yg_OoDqsN7iPKX3whCH4ieg_NGvm4McT4inxXOizUAgTSw-u4yU-uIk3PEyOmznB5_Ay6biSLD7QfBmqipAj8Qk45UKP9EYp1TijkcjHGXeGhjpR6llwCXITH_0H70YWKUl0XNnBLymao45iCaz04FkeIWnKIcx3VJKyB1eO-_DxiEc-KdCXFSf8HSxbBc-HK4eWJp3RD9oPF2HSXSKu5bgXKSsqUQRVZ4K5wx0dY7qMXKGgYSPzI3dgJhPKdhl--LmQ58Q5SEdzhHKW40myg9WJWwlchQ7y5HhYQV8aDeFFRpiiZjlO4zzqw28QksdHXOmDfEdlLcQ_THLyIFdE3NAQ5p-wj2TwBi-eoNoPP8sQkseTR0T09Al-ZTgYGc2D2zEmJzl84UiiPLqCOMkYB_9wHU8CfzGep3jiY14kXFmG_mjO4PiT41MixNqRkDxK2UrxE33xozaaMOJQ5WheRD88Ir9D8HoU-OHxtfh6MJIXhPmRvMAfMI0buBGHksSPWCeS44m64XqGWN8SaEez4w1OUYyMP0OtLIcWRomOrw30LWnBPEeYD3nmBGfwCFWhRU-MiyWO32gmKHqgR20w6UL6CD9OcFeDH82v4ONRO0ii_ESeC81To4-G7_iOfBHEM05xJccPH8-yQRUvPIhWiUX4Gs3EJJ9wFodGnQma5sOP__gbiOehS4lyPNAejWjOHHx28Eqs4XeCRvtRWYeeURH-4VkW1AhzMcLXIM_RB8205cIjGX-aHFpiHr14FY9eqD90Hs0VoU8e_IFU_XiUDFrio7szCW9zqMbBZE2OsLtxxTGYHMyPessW5LvxQqyIiptjPAoTHheYL4dPNAc_4jh5nDS-jNDyYluPjidyNM9ROceH-hX2oT-u8egFU_qRxWLRQ88DPiinF_XRHP-FC2t_NNqOnjyOvlCUURbxPbgV_Ect2jjS8AKzP7giH9eOH40TPigT48yPpD5CpQwjNFX24klO_MbzwN2DPAkTSC3udUOjPyilL3iUGBfRdCiV46EkJngcHYf4zHiSME9xXTiP7blwJsmOT8sxZzk0WTq2Z0UbXcijHP-MlhyiTcnQjSoqB9LhNYpQZouV4MkTNF2E6oSOJ7kWnF2DMOXBHFeUVMZ1VMpOeNowXsS3qIh0_CW0iUOWTLrw7ZiTqkflHE3FVMG_4dERLiLEn0HoRSdOZjh-NFKeoKR0rM0i5EJ_aBmjB3uS4-fx3WjqQ-OOncIlLxTKo6kyfCT4Gn8VNNmWE9pCCf8yFM26VMGTRHoIvWh-hKZwKc3xZFfAyMfhM0foxcS1HHdSvEejy4MiTcluHO2OKZEUEj-0P0QTZ0Guwo8mXBK-REcOx6HB68GPH815XEbOreiT48PTo1YcoRl14TRIpiOunEEyPkgflHrwkBIehcZfuAIfcSbyp1Hw43kG7U_QRIqWEdEjHT0acguuNDeuJ8F4hGsCLd9xcY6MPIku5M4o9GiqTni0p1AlhxkelIeULGSH-8FP2FqOXbyw5zk8rgteiEw-XBnuLsi0izgTXXiPPoeDVyThJrSCeopT4c_QJ2gePGmYEFeOo7o-pHpQPSauJ3hG41mEJhRTMM8hv8KrCGGYKEcpIcdzwt1yYs8P9cdd6NQRaT-aRsejB_FX1LqgJUt04VyOXBmO_kHTHXmUGxdlNA-6hdJx-ZATXsF_hAAECGBGCOQQMAIVJAxQVBACADCCGIIQQACRpASBkggDhEEIKAsYIAAASRgDQgIgAUAEkeSQMcgAQaAxwjkxEBJBCMAAIIIoRIkAiAAilDBIMiAMUUgYwggAQABBABIEAYAMk4YAogQiQAgCAAACQEGMAowIwyUVAAkAADKMEAsEMsQAhAAQDkkiDEWAIGEQAlYQYZwCiAAqCKIMCaAccgwAAgCgRBgpARHIEQQEIUAiYRgjDAAlFEGAGIAEIAIQQIQCBBCiiGFAQEEUAYARCRgAAhgDAEACEKOAAUAZIZQhwhAEhGDAECMAEQIYgABBwhEiBBCEEAcIAMIoAQhhCAHqBGMIAAAQQIIJJSAQ3AlgAVSIAAoEkEARYQhyQDigADHIAESUYFoAIBADEBGjJDeEAOWQEgYpRAESgjjgBAKEKEEAAIwiQJBA0ggjCTJEMGIIIIYiIowQhApBHCKECoGAYMIJYRgCwCCkESDGCMMYEgAwpZQzRBgkBBBICGAtIwQ4BgRAAAREAACACCQRYIgIZAAkgRCBDFOCMg4MJgAQAIAQgABHgMPIICKYFEAZJwgxRCtmoGJACOEAFU44I4gRwCiBCIBCS4CUcYgpEohhAhHQhGACCODAAI4IAAwAAhFBBGQKAWUAIAAIYABSQAgLACCGAIKAgEgwgRghhCAkkASAGIaABBYoYAgiCCMgBXMEI0AARIIIABQTlBDmLAFAEIAQIAYgQggRzCABDBAEMQIcAwQQxQAAAAlDBTKGAECSQUAoQRSCREnKiDCECAogEUAIYqBhQDNAgCHCCOAYAMQQBAQABBBBABAGUcAAM1QAwZCgQjlAAAVAKYYMAEwIA5IAAAEgnTKEAAEMFAIRQEwByABFgDDGEsI8MEgCIRAQRiFgCBDKAEOEwAgRMIAAhBFGiCEKDAUEAAgAKCRAhghCiHNkKCIQAYYQAAAB"], "artist": ["Smokestack Lightnin'"], "tracknumber": ["02"], "bpm": ["108.08"], "album": ["Modern Twang"], "musicbrainz album release country": ["DE"], "acoustid_id": ["72c610d0-fde5-48c6-8bec-83c157f657c2"], "musicbrainz_artistid": ["0fdd0503-e7f2-4f45-b4f8-dde0f9a5b0e0"], "file_name": "Smokestack Lightnin' - Gimme More.mp3"}}, "rhythm": {"bpm_histogram_first_peak_bpm": {"dmean2": 0, "median": 108, "min": 108, "dvar2": 0, "dvar": 0, "dmean": 0, "max": 108, "var": 0, "mean": 108}, "bpm": 108.195045471, "bpm_histogram_second_peak_spread": {"dmean2": 0, "median": 0.428571462631, "min": 0.428571462631, "dvar2": 0, "dvar": 0, "dmean": 0, "max": 0.428571462631, "var": 0, "mean": 0.428571462631}, "bpm_histogram_first_peak_weight": {"dmean2": 0, "median": 0.65263158083, "min": 0.65263158083, "dvar2": 0, "dvar": 0, "dmean": 0, "max": 0.65263158083, "var": 0, "mean": 0.65263158083}, "onset_rate": 4.77054834366, "beats_position": [0.568888902664, 1.16099774837, 1.71827661991, 2.27555561066, 2.82122445107, 3.36689329147, 3.9125623703, 4.45823097229, 5.00390005112, 5.54956912994, 6.09523820877, 6.64090681076, 7.19818592072, 7.75546455383, 8.28952407837, 8.83519268036, 9.4040813446, 9.94974994659, 10.4954195023, 11.0526981354, 11.5983667374, 12.144036293, 12.7013149261, 13.2585935593, 13.8158731461, 14.3731517792, 14.9304304123, 15.4877090454, 16.0333786011, 16.5790481567, 17.1363258362, 17.693605423, 18.2508831024, 18.8081626892, 19.365442276, 19.8994998932, 20.45677948, 21.0140590668, 21.5597267151, 22.1170063019, 22.6626758575, 23.219953537, 23.7540130615, 24.3112926483, 24.8801803589, 25.4258499146, 25.9831295013, 26.5171871185, 27.0744667053, 27.6317462921, 28.1890239716, 28.7463035583, 29.3035831451, 29.8608608246, 30.4065303802, 30.9521980286, 31.5094776154, 32.0551452637, 32.6008148193, 33.1580963135, 33.6921539307, 34.2378234863, 34.783493042, 35.3407707214, 35.8864402771, 36.4321098328, 36.9893875122, 37.5466651917, 38.1039466858, 38.638004303, 39.1952819824, 39.7525634766, 40.2982292175, 40.8438987732, 41.4011802673, 41.9584579468, 42.492515564, 43.0497932434, 43.6070747375, 44.164352417, 44.7216300964, 45.2789115906, 45.83618927, 46.3934669495, 46.9507484436, 47.4964179993, 48.0420837402, 48.5993652344, 49.1566429138, 49.7139205933, 50.2828102112, 50.8516998291, 51.4089775085, 51.9546470642, 52.5003166199, 53.0459861755, 53.5916557312, 54.1489334106, 54.7062110901, 55.2634925842, 55.8207702637, 56.3780479431, 56.9353294373, 57.4926071167, 58.0498847961, 58.6071662903, 59.1644439697, 59.7217216492, 60.2789993286, 60.8246688843, 61.3819503784, 61.9276161194, 62.4848976135, 63.042175293, 63.5994529724, 64.1567306519, 64.714012146, 65.2712936401, 65.8285675049, 66.3974609375, 66.9663467407, 67.5236282349, 68.0809020996, 68.6381835938, 69.1954650879, 69.7527389526, 70.3100204468, 70.8556900024, 71.4013595581, 71.9586410522, 72.515914917, 73.0731964111, 73.6304779053, 74.1761474609, 74.7218093872, 75.2790908813, 75.8363723755, 76.3936462402, 76.9509277344, 77.49659729, 78.0422668457, 78.5995483398, 79.1568222046, 79.7024917603, 80.2481613159, 80.8054428101, 81.3627166748, 81.9199981689, 82.4772796631, 83.0345535278, 83.591835022, 84.1491165161, 84.7063903809, 85.263671875, 85.8209533691, 86.3782272339, 86.935508728, 87.4927902222, 88.0268478394, 88.572517395, 89.1181869507, 89.6754608154, 90.2327423096, 90.7900238037, 91.3472976685, 91.8813552856, 92.4386367798, 92.9959182739, 93.5531921387, 94.1104736328, 94.667755127, 95.2366409302, 95.7939224243, 96.33959198, 96.8736495972, 97.4309310913, 97.9882049561, 98.5454864502, 99.1027679443, 99.6600418091, 100.217323303, 100.774604797, 101.331878662, 101.877548218, 102.423217773, 102.980499268, 103.537773132, 104.095054626, 104.652336121, 105.209609985, 105.743675232, 106.300949097, 106.858230591, 107.415504456, 107.97278595, 108.530067444, 109.087341309, 109.644622803, 110.201904297, 110.759178162, 111.316459656, 111.87374115, 112.431015015, 112.999908447, 113.56879425, 114.126075745, 114.683357239, 115.240631104, 115.797912598, 116.355194092, 116.912467957, 117.469749451, 118.027030945, 118.58430481, 119.141586304, 119.698867798, 120.256141663, 120.813423157, 121.370697021, 121.951202393, 122.508476257, 123.054145813, 123.599815369, 124.145484924, 124.702766418, 125.271652222, 125.828933716, 126.386207581, 126.943489075, 127.512374878, 128.081268311, 128.638549805, 129.195831299, 129.753097534, 130.310379028, 130.867660522, 131.424942017, 131.982223511, 132.539505005, 133.085174561, 133.654052734, 134.211334229, 134.768615723, 135.325897217, 135.883178711, 136.440444946, 136.99772644, 137.555007935, 138.112289429, 138.669570923, 139.20362854, 139.784118652, 140.341400146, 140.898681641, 141.455963135, 142.013244629, 142.570526123, 143.127792358, 143.685073853, 144.242355347, 144.799636841, 145.356918335, 145.914199829, 146.471466064, 147.028747559, 147.586029053, 148.143310547, 148.700592041, 149.269470215, 149.838363647, 150.430480957, 151.010971069, 151.661132813, 152.311294556, 152.96144104, 153.55355835, 154.1456604, 154.668121338, 155.190567017, 155.713012695, 156.258682251, 156.804351807, 157.350021362, 157.895690918, 158.441360474, 158.987030029], "beats_loudness": {"dmean2": 0.0284520834684, "median": 0.0400252901018, "min": 2.03145500421e-10, "dvar2": 0.00059574941406, "dvar": 0.000197973902686, "dmean": 0.016141930595, "max": 0.101246513426, "var": 0.000461101735709, "mean": 0.0381468981504}, "danceability": 1.09724736214, "bpm_histogram_second_peak_weight": {"dmean2": 0, "median": 0.0140350880101, "min": 0.0140350880101, "dvar2": 0, "dvar": 0, "dmean": 0, "max": 0.0140350880101, "var": 0, "mean": 0.0140350880101}, "beats_count": 286, "bpm_histogram_second_peak_bpm": {"dmean2": 0, "median": 101, "min": 101, "dvar2": 0, "dvar": 0, "dmean": 0, "max": 101, "var": 0, "mean": 101}, "bpm_histogram_first_peak_spread": {"dmean2": 0, "median": 0.316176444292, "min": 0.316176444292, "dvar2": 0, "dvar": 0, "dmean": 0, "max": 0.316176444292, "var": 0, "mean": 0.316176444292}, "beats_loudness_band_ratio": {"dmean2": [0.337609857321, 0.284750491381, 0.133712127805, 0.0950567722321, 0.0566926188767, 0.0549356378615], "median": [0.478220075369, 0.414459019899, 0.0791957974434, 0.0297108218074, 0.0296678505838, 0.0434033237398], "min": [0.0123432502151, 0.00120309181511, 0.00134035560768, 0.000692387169693, 0.000284889189061, 0.000200765774935], "dvar2": [0.0667566731572, 0.0461029857397, 0.0229616165161, 0.0155745707452, 0.00312777492218, 0.00497508840635], "dvar": [0.0241574421525, 0.0172642748803, 0.00834727566689, 0.00550011731684, 0.00108282186557, 0.0021897573024], "dmean": [0.197402641177, 0.169045329094, 0.07519300282, 0.05145541206, 0.0319069176912, 0.0319276191294], "max": [0.994543671608, 0.792630970478, 0.63928681612, 0.528596580029, 0.212027236819, 0.86737036705], "var": [0.041761957109, 0.0289508141577, 0.00750753423199, 0.00421302625909, 0.00132581463549, 0.00596507545561], "mean": [0.474082142115, 0.415260016918, 0.100644864142, 0.0529215671122, 0.0416051074862, 0.0555950030684]}}, "lowlevel": {"barkbands_spread": {"dmean2": 7.6105055809, "median": 12.0173015594, "min": 0.294638335705, "dvar2": 108.597312927, "dvar": 46.7179718018, "dmean": 4.93070220947, "max": 124.840789795, "var": 154.225234985, "mean": 14.6706895828}, "melbands_spread": {"dmean2": 7.03735971451, "median": 9.92582321167, "min": 0.284861177206, "dvar2": 90.4529647827, "dvar": 39.1589431763, "dmean": 4.49289894104, "max": 165.472503662, "var": 314.352386475, "mean": 14.2384767532}, "hfc": {"dmean2": 7.62458086014, "median": 13.3008785248, "min": 1.22202674145e-16, "dvar2": 89.4643630981, "dvar": 41.9367408752, "dmean": 5.24208974838, "max": 73.6042480469, "var": 149.867416382, "mean": 15.6818332672}, "barkbands_kurtosis": {"dmean2": 9.69899654388, "median": 6.59168815613, "min": -1.81227350235, "dvar2": 207.365737915, "dvar": 98.8366012573, "dmean": 6.30334281921, "max": 303.018005371, "var": 324.685455322, "mean": 11.9432563782}, "gfcc": {"mean": [-41.6471252441, 105.155136108, -94.8827133179, 36.6780853271, -57.683265686, 12.2702999115, -37.7805290222, 2.99002623558, -26.7351722717, -7.24660587311, -21.4280815125, -7.37421798706, -9.5962972641], "icov": [[0.00012802274432, -0.000329964997945, 0.000246595329372, -0.000454800581792, 0.000308411807055, -0.000571765354834, 0.000537023763172, -0.000449376762845, 0.000413466594182, -0.000260278640781, 0.000681322824676, -0.000395716284402, 0.000407747429563], [-0.000329964997945, 0.00181453931145, -0.000645269872621, 0.00125535496045, -0.000840179505758, 0.00171556021087, -0.00200513005257, 0.00215624086559, -0.00165014958475, 0.00178096268792, -0.00224807835184, 0.00193756166846, -0.00178649043664], [0.000246595329372, -0.000645269872621, 0.00290793273598, -0.00163487065583, -0.000854355690535, -0.000930805341341, 9.41078105825e-05, -0.00125851889607, 0.0020119396504, -0.00051598623395, 0.00227731163613, -0.00238956976682, 0.00241318694316], [-0.000454800581792, 0.00125535496045, -0.00163487065583, 0.00520371459424, -0.00164267304353, 0.00164023006801, -0.000187569312402, 0.00123492989223, -0.00173099001404, 0.00115619937424, -0.00361145054922, 0.00237508839928, -0.00250631361268], [0.000308411807055, -0.000840179505758, -0.000854355690535, -0.00164267304353, 0.00631760898978, -0.00173115008511, 0.00122767186258, -0.000384492013836, -0.00120883597992, -0.00103009922896, 0.00193773512729, 0.000573647732381, -0.000553361198399], [-0.000571765354834, 0.00171556021087, -0.000930805341341, 0.00164023006801, -0.00173115008511, 0.00787606649101, -0.00447908509523, 0.000840560533106, -0.00133506197017, 0.000178445377969, -0.00192267470993, 0.00218818942085, -0.00209855171852], [0.000537023763172, -0.00200513005257, 9.41078105825e-05, -0.000187569312402, 0.00122767186258, -0.00447908509523, 0.00940074305981, -0.003501315834, 0.000356585776899, 0.000988486921415, -0.000353844312485, -0.00307548977435, 0.0019536903128], [-0.000449376762845, 0.00215624086559, -0.00125851889607, 0.00123492989223, -0.000384492013836, 0.000840560533106, -0.003501315834, 0.0107216285542, -0.00482492754236, 0.00307870865799, -0.00178518111352, 0.00216411449946, -0.00208732788451], [0.000413466594182, -0.00165014958475, 0.0020119396504, -0.00173099001404, -0.00120883597992, -0.00133506197017, 0.000356585776899, -0.00482492754236, 0.0145095484331, -0.00476128095761, 0.000364639563486, 0.00120241299737, -0.00163415062707], [-0.000260278640781, 0.00178096268792, -0.00051598623395, 0.00115619937424, -0.00103009922896, 0.000178445377969, 0.000988486921415, 0.00307870865799, -0.00476128095761, 0.0109185148031, -0.0047419113107, -0.00298768491484, -0.000423296442023], [0.000681322824676, -0.00224807835184, 0.00227731163613, -0.00361145054922, 0.00193773512729, -0.00192267470993, -0.000353844312485, -0.00178518111352, 0.000364639563486, -0.0047419113107, 0.0160282980651, -0.00377814983949, 0.00260130874813], [-0.000395716284402, 0.00193756166846, -0.00238956976682, 0.00237508839928, 0.000573647732381, 0.00218818942085, -0.00307548977435, 0.00216411449946, 0.00120241299737, -0.00298768491484, -0.00377814983949, 0.0151360584423, -0.00561641668901], [0.000407747429563, -0.00178649043664, 0.00241318694316, -0.00250631361268, -0.000553361198399, -0.00209855171852, 0.0019536903128, -0.00208732788451, -0.00163415062707, -0.000423296442023, 0.00260130874813, -0.00561641668901, 0.0176592729986]], "cov": [[29684.4472656, 1351.07336426, -821.125061035, 1003.51867676, -661.879211426, 640.565063477, -953.607727051, 144.280395508, -435.999053955, -214.003799438, -654.066345215, -182.529708862, -123.335235596], [1351.07336426, 1829.49328613, -135.253051758, -66.1998901367, 60.4656791687, -69.6908035278, 196.279495239, -85.8211212158, 90.7999649048, -225.859222412, 64.948387146, -160.595687866, 67.0698318481], [-821.125061035, -135.253051758, 655.076293945, 94.2554626465, 125.893836975, 32.3272857666, 51.3824882507, 23.7390136719, -63.5952186584, -9.6352891922, -43.7949142456, 56.6281089783, -47.6104011536], [1003.51867676, -66.1998901367, 94.2554626465, 363.53137207, 74.5187911987, 5.64585924149, -80.0675582886, 10.9434680939, 15.0446662903, 15.6241922379, 4.61302185059, -19.6360588074, 16.8460197449], [-661.879211426, 60.4656791687, 125.893836975, 74.5187911987, 252.808578491, 23.5176906586, 17.8255233765, 7.8141374588, 50.0978240967, 10.3225374222, 2.51753044128, -20.3057384491, 22.494594574], [640.565063477, -69.6908035278, 32.3272857666, 5.64585924149, 23.5176906586, 234.772964478, 75.9263763428, 53.7602005005, 12.7007646561, 8.57402133942, -4.89764547348, 3.91890025139, 4.48252248764], [-953.607727051, 196.279495239, 51.3824882507, -80.0675582886, 17.8255233765, 75.9263763428, 259.638671875, 52.2242279053, 37.7340202332, -41.3846702576, 48.7236938477, 8.41201782227, 8.51748371124], [144.280395508, -85.8211212158, 23.7390136719, 10.9434680939, 7.8141374588, 53.7602005005, 52.2242279053, 154.784286499, 34.8462638855, -20.1360473633, -4.93590307236, -8.46423816681, 6.22405815125], [-435.999053955, 90.7999649048, -63.5952186584, 15.0446662903, 50.0978240967, 12.7007646561, 37.7340202332, 34.8462638855, 133.907012939, 34.5176200867, 41.3720397949, -17.0562019348, 34.8017807007], [-214.003799438, -225.859222412, -9.6352891922, 15.6241922379, 10.3225374222, 8.57402133942, -41.3846702576, -20.1360473633, 34.5176200867, 182.872772217, 44.9334030151, 60.1945266724, 9.27052402496], [-654.066345215, 64.948387146, -43.7949142456, 4.61302185059, 2.51753044128, -4.89764547348, 48.7236938477, -4.93590307236, 41.3720397949, 44.9334030151, 120.685409546, 19.5013065338, 15.1652641296], [-182.529708862, -160.595687866, 56.6281089783, -19.6360588074, -20.3057384491, 3.91890025139, 8.41201782227, -8.46423816681, -17.0562019348, 60.1945266724, 19.5013065338, 118.862495422, 10.1363525391], [-123.335235596, 67.0698318481, -47.6104011536, 16.8460197449, 22.494594574, 4.48252248764, 8.51748371124, 6.22405815125, 34.8017807007, 9.27052402496, 15.1652641296, 10.1363525391, 80.6208114624]]}, "spectral_energyband_middle_low": {"dmean2": 0.0179295390844, "median": 0.0174685195088, "min": 3.81130964568e-22, "dvar2": 0.000511229212862, "dvar": 0.000194629697944, "dmean": 0.0109831672162, "max": 0.125131204724, "var": 0.000379486795282, "mean": 0.0220853723586}, "melbands_crest": {"dmean2": 5.37793827057, "median": 15.8769454956, "min": 1.59149849415, "dvar2": 22.005897522, "dvar": 8.75187587738, "dmean": 3.29499053955, "max": 32.1549186707, "var": 29.3816738129, "mean": 16.2962875366}, "spectral_kurtosis": {"dmean2": 3.14371061325, "median": 4.14335727692, "min": -1.19970941544, "dvar2": 19.2059421539, "dvar": 7.58075380325, "dmean": 1.97998166084, "max": 47.2223396301, "var": 19.7783584595, "mean": 5.31268167496}, "spectral_rms": {"dmean2": 0.00166439637542, "median": 0.00581830833107, "min": 3.28878244082e-12, "dvar2": 2.97056703857e-06, "dvar": 1.22691312754e-06, "dmean": 0.00106181716546, "max": 0.0120074152946, "var": 6.46304533802e-06, "mean": 0.00546423904598}, "zerocrossingrate": {"dmean2": 0.0103529393673, "median": 0.03466796875, "min": 0.00439453125, "dvar2": 0.000139692725497, "dvar": 0.000104830229247, "dmean": 0.00872716680169, "max": 0.52197265625, "var": 0.0035303956829, "mean": 0.0458852350712}, "silence_rate_60dB": {"dmean2": 0.0319860428572, "median": 0, "min": 0, "dvar2": 0.0327069722116, "dvar": 0.0157370492816, "dmean": 0.0159906968474, "max": 1, "var": 0.101749695837, "mean": 0.114970929921}, "erbbands_kurtosis": {"dmean2": 1.81525576115, "median": 0.123927816749, "min": -1.78252148628, "dvar2": 8.03397941589, "dvar": 3.86390161514, "dmean": 1.17800867558, "max": 59.9414672852, "var": 11.9258165359, "mean": 1.0914285183}, "erbbands": {"dmean2": [0.101562611759, 1.57157826424, 5.1708483696, 14.3495407104, 46.9716796875, 31.6809501648, 12.8920269012, 12.7664890289, 9.08207702637, 9.22939968109, 22.987487793, 24.5231952667, 30.0948791504, 22.6560840607, 16.4123363495, 12.5385494232, 8.92841911316, 16.4521713257, 17.2402267456, 14.1122770309, 11.9454622269, 8.23502731323, 7.31502008438, 4.94435834885, 7.4039607048, 8.08349132538, 3.93787312508, 3.51311349869, 3.61413455009, 2.94645571709, 1.9887086153, 1.75310981274, 1.23131239414, 0.628776967525, 0.279191285372, 0.140139684081, 0.0480155088007, 0.00751487631351, 0.000676946947351, 3.71453352273e-05], "median": [0.0293226037174, 0.604730010033, 2.25982713699, 7.23118114471, 21.9010276794, 16.3224983215, 7.09561777115, 6.47381591797, 5.92673492432, 5.4255695343, 10.2187957764, 5.93165588379, 7.12136459351, 5.84759426117, 5.12908935547, 4.67974185944, 3.63177061081, 3.79351902008, 3.90883922577, 4.41123867035, 4.77746629715, 3.76963448524, 3.49503660202, 2.44520902634, 2.88829755783, 2.83243942261, 1.67911982536, 1.39303588867, 1.40175366402, 1.01886796951, 0.813954234123, 0.706505596638, 0.469776809216, 0.207916423678, 0.0711563229561, 0.0258596390486, 0.00562907429412, 0.000708189734723, 5.97843536525e-05, 4.66108467663e-05], "min": [1.45341045842e-22, 3.73834382372e-21, 1.39439386822e-20, 2.76218967921e-20, 2.32332984533e-19, 1.73823436654e-19, 7.60477026451e-19, 1.13916056937e-18, 2.03874843684e-19, 1.08697188337e-18, 9.45113303448e-19, 7.92257874272e-19, 2.53747517029e-18, 6.12954523741e-18, 4.34271475952e-18, 7.59707159115e-18, 5.71161140574e-18, 7.83620950624e-18, 4.93825957155e-18, 4.55267925517e-18, 7.00121451844e-18, 9.44797423852e-18, 1.06727524474e-17, 1.93747421223e-17, 1.65487606232e-17, 1.11391441737e-17, 1.75442327857e-17, 1.15438017565e-17, 1.23352382405e-17, 1.53118509835e-17, 2.07737526923e-17, 2.31041123838e-17, 1.87494647167e-17, 1.27169911921e-17, 7.82026808147e-18, 5.69693928962e-18, 3.34218335356e-18, 1.70367194296e-18, 3.21173733285e-19, 3.67226865255e-20], "dvar2": [0.0435829982162, 7.57531929016, 66.058555603, 422.750305176, 4182.43017578, 2484.53637695, 448.960266113, 427.57522583, 216.694442749, 263.815063477, 2379.15136719, 4000.08959961, 7114.20507813, 4594.65234375, 1869.91235352, 950.344116211, 429.018798828, 1585.48449707, 1779.74902344, 1144.72949219, 743.840087891, 228.525314331, 195.843856812, 149.449661255, 289.179443359, 298.432617188, 64.6141891479, 49.5779571533, 87.6297607422, 82.8203659058, 22.2429218292, 17.0342388153, 9.00847816467, 1.46431958675, 0.280494570732, 0.0744685679674, 0.00837201811373, 0.000208510260563, 3.1544743706e-06, 3.29247584752e-09], "dvar": [0.0166248083115, 2.75820636749, 28.1090087891, 159.093734741, 1566.82958984, 975.151306152, 180.669906616, 172.507049561, 86.0464477539, 108.647720337, 1068.37060547, 1995.64404297, 3774.8972168, 2300.06640625, 777.551635742, 405.501708984, 174.691757202, 764.325500488, 784.076416016, 531.136535645, 382.363098145, 111.119949341, 82.9991073608, 61.6890449524, 122.596542358, 140.324676514, 27.6340579987, 22.2039966583, 40.5044898987, 36.117023468, 10.0260429382, 7.70377349854, 4.00241756439, 0.7106975317, 0.130102664232, 0.0332984700799, 0.0036878711544, 9.12995092222e-05, 1.19042670121e-06, 1.33004796066e-09], "dmean": [0.0630652755499, 0.957187771797, 3.33366179466, 8.56558322906, 27.9371891022, 19.2119045258, 7.92357063293, 7.7818365097, 5.56382608414, 5.80314302444, 14.9312486649, 17.0282154083, 21.4753704071, 15.5868711472, 10.5292367935, 7.98973846436, 5.73826599121, 10.7662134171, 11.3285856247, 9.67707443237, 8.28734588623, 5.60630559921, 4.8085360527, 3.2462875843, 4.9770359993, 5.58735561371, 2.64758706093, 2.38705849648, 2.44304347038, 1.96092557907, 1.36279511452, 1.18109643459, 0.828639626503, 0.431199759245, 0.191361799836, 0.0941612198949, 0.0319381952286, 0.00497203599662, 0.000411290791817, 2.36095347645e-05], "max": [1.72960960865, 17.1208362579, 95.5626525879, 159.938369751, 446.720245361, 582.195678711, 239.85383606, 185.079040527, 153.56288147, 204.304290771, 552.720397949, 803.32244873, 1479.89831543, 1059.36120605, 527.273925781, 458.400482178, 322.547515869, 719.270690918, 469.032897949, 495.598327637, 416.577636719, 199.883239746, 288.865264893, 206.308914185, 280.453277588, 287.772949219, 106.002708435, 72.5009536743, 272.043731689, 182.371932983, 67.5123062134, 66.0977935791, 53.6086120605, 21.4815921783, 8.21058273315, 3.48921203613, 0.814617574215, 0.146174296737, 0.0246093515307, 0.000633712043054], "var": [0.0247979722917, 5.25101041794, 97.9232406616, 253.804489136, 2352.8684082, 1869.91638184, 265.443359375, 268.459899902, 144.153274536, 186.354919434, 2008.99597168, 5818.74414063, 12890.9101563, 6594.53857422, 1526.01452637, 630.760559082, 297.109649658, 1899.8302002, 1763.99316406, 1028.04980469, 999.762939453, 339.647888184, 171.208770752, 90.7223815918, 241.403335571, 387.680145264, 49.931968689, 36.6498031616, 69.2519454956, 56.2542076111, 19.0051708221, 13.9950675964, 6.96895027161, 1.42215812206, 0.209828704596, 0.0505965314806, 0.00505379168317, 0.000111965317046, 9.49756781665e-07, 2.00808636386e-09], "mean": [0.0970687791705, 1.719191432, 6.52273464203, 12.7668561935, 39.634098053, 30.9407615662, 12.6587877274, 12.0346574783, 9.62380313873, 9.98998355865, 24.6529464722, 31.3663787842, 40.8702545166, 29.2841358185, 17.3000946045, 11.9095335007, 9.78261947632, 17.2700862885, 17.7900295258, 15.329413414, 14.8021697998, 11.0252304077, 8.55222129822, 5.32472372055, 8.63628482819, 10.4450750351, 4.39764404297, 3.63885307312, 3.7154750824, 2.96863079071, 2.16059613228, 1.89717066288, 1.2395336628, 0.598066270351, 0.240124478936, 0.108062453568, 0.0338236615062, 0.00499635096639, 0.000376385753043, 5.27714619238e-05]}, "spectral_strongpeak": {"dmean2": 0.626767218113, "median": 0.598016381264, "min": 0, "dvar2": 0.756142437458, "dvar": 0.299171626568, "dmean": 0.37303814292, "max": 7.85259771347, "var": 0.528693318367, "mean": 0.77209597826}, "spectral_energy": {"dmean2": 0.0224050246179, "median": 0.0346990264952, "min": 1.10864925315e-20, "dvar2": 0.000661497353576, "dvar": 0.000260319269728, "dmean": 0.0139711108059, "max": 0.147782489657, "var": 0.000726590806153, "mean": 0.0372291468084}, "average_loudness": 0.939495146275, "spectral_rolloff": {"dmean2": 527.380615234, "median": 473.73046875, "min": 107.666015625, "dvar2": 1036199.5, "dvar": 430088.4375, "dmean": 307.68560791, "max": 19035.3515625, "var": 4853529.5, "mean": 996.187011719}, "spectral_centroid": {"dmean2": 340.137298584, "median": 705.986450195, "min": 122.390380859, "dvar2": 181233.890625, "dvar": 85226.8046875, "dmean": 222.249923706, "max": 10573.7646484, "var": 422439.09375, "mean": 862.497436523}, "pitch_salience": {"dmean2": 0.122767046094, "median": 0.516598343849, "min": 0.0413750819862, "dvar2": 0.01200244762, "dvar": 0.00485341856256, "dmean": 0.075558938086, "max": 0.924926936626, "var": 0.0142599847168, "mean": 0.514236807823}, "spectral_energyband_middle_high": {"dmean2": 0.00192324840464, "median": 0.00168954394758, "min": 1.77432523409e-21, "dvar2": 8.98274811334e-06, "dvar": 4.41098654846e-06, "dmean": 0.00133131700568, "max": 0.0293530151248, "var": 1.68867154571e-05, "mean": 0.00334106595255}, "spectral_contrast_coeffs": {"dmean2": [0.0956543460488, 0.0735016688704, 0.061072781682, 0.0505637936294, 0.0388740226626, 0.0302044507116], "median": [-0.566606521606, -0.731232881546, -0.765211105347, -0.782046198845, -0.79400062561, -0.780633628368], "min": [-0.966769933701, -0.965018391609, -0.972230195999, -0.962211608887, -0.956765055656, -0.960230112076], "dvar2": [0.00639973161742, 0.00376168824732, 0.00260808435269, 0.00178885355126, 0.00115357735194, 0.000703712168615], "dvar": [0.00240917364135, 0.00143652397674, 0.00116649700794, 0.000860964995809, 0.000589246046729, 0.000323131214827], "dmean": [0.0581798255444, 0.0451475679874, 0.0391091406345, 0.0335231870413, 0.0262007843703, 0.0192609243095], "max": [-0.273915588856, -0.484672933817, -0.469853460789, -0.503352165222, -0.559510171413, -0.593168497086], "var": [0.00937074795365, 0.00468737725168, 0.00651408778504, 0.00528905401006, 0.00335692428052, 0.00192953075748], "mean": [-0.571619510651, -0.728322386742, -0.756043255329, -0.770960330963, -0.788173377514, -0.781568825245]}, "melbands_skewness": {"dmean2": 1.45203125477, "median": 3.58593559265, "min": -0.766131639481, "dvar2": 2.25888395309, "dvar": 0.978018820286, "dmean": 0.947474777699, "max": 19.0235004425, "var": 4.235060215, "mean": 3.79773902893}, "spectral_spread": {"dmean2": 938947.3125, "median": 4581155, "min": 1331088.25, "dvar2": 1203865649150.0, "dvar": 655591276544, "dmean": 678787.625, "max": 40687640, "var": 2532160307200.0, "mean": 4800410}, "dissonance": {"dmean2": 0.0367115139961, "median": 0.456963717937, "min": 0.19796666503, "dvar2": 0.00135457725264, "dvar": 0.000513818871696, "dmean": 0.0224466063082, "max": 0.500000059605, "var": 0.00133188010659, "mean": 0.447911322117}, "spectral_skewness": {"dmean2": 0.401907712221, "median": 1.70055806637, "min": 0.039660975337, "dvar2": 0.182374805212, "dvar": 0.0833954438567, "dmean": 0.271101236343, "max": 5.44882488251, "var": 0.358310461044, "mean": 1.78758704662}, "spectral_flux": {"dmean2": 0.0478310473263, "median": 0.0886365622282, "min": 1.05292413677e-10, "dvar2": 0.0024308138527, "dvar": 0.00105586356949, "dmean": 0.0306125935167, "max": 0.336926549673, "var": 0.00311666470952, "mean": 0.0915196761489}, "spectral_contrast_valleys": {"dmean2": [0.74596118927, 0.604245185852, 0.579758048058, 0.559020996094, 0.497226536274, 0.563387870789], "median": [-6.90495204926, -6.83051204681, -7.49125766754, -8.08434104919, -7.95390844345, -10.1215362549], "min": [-27.241815567, -27.6173248291, -26.6539478302, -27.0593662262, -27.3491268158, -27.2322654724], "dvar2": [0.39105835557, 0.264800906181, 0.260112404823, 0.273367673159, 0.280550688505, 0.407896399498], "dvar": [0.170314326882, 0.125851482153, 0.129338234663, 0.145100012422, 0.160137623549, 0.217816233635], "dmean": [0.463360011578, 0.38074105978, 0.377205193043, 0.384571999311, 0.366010248661, 0.444847851992], "max": [-5.14921379089, -5.07583284378, -5.27358102798, -6.20352268219, -5.95896673203, -7.8442029953], "var": [3.96328544617, 2.91965055466, 2.80957984924, 2.79069232941, 2.77797436714, 3.08086252213], "mean": [-7.3706407547, -7.1788816452, -7.85916280746, -8.46251678467, -8.31452083588, -10.5778808594]}, "erbbands_flatness_db": {"dmean2": 0.0296402722597, "median": 0.151836842299, "min": 0.0487015917897, "dvar2": 0.000843402405735, "dvar": 0.000431634165579, "dmean": 0.0215510725975, "max": 0.326744228601, "var": 0.00208179070614, "mean": 0.156025767326}, "spectral_energyband_high": {"dmean2": 0.000406118982937, "median": 0.00023933200282, "min": 7.85927241324e-21, "dvar2": 5.76674665353e-07, "dvar": 2.78359635786e-07, "dmean": 0.000289742281893, "max": 0.00853956397623, "var": 6.32146623047e-07, "mean": 0.000518175947946}, "spectral_entropy": {"dmean2": 0.370122134686, "median": 7.24479341507, "min": 4.55272197723, "dvar2": 0.142203956842, "dvar": 0.0715932920575, "dmean": 0.254421114922, "max": 9.79123783112, "var": 0.347434997559, "mean": 7.21359729767}, "silence_rate_20dB": {"dmean2": 0, "median": 1, "min": 1, "dvar2": 0, "dvar": 0, "dmean": 0, "max": 1, "var": 0, "mean": 1}, "melbands_flatness_db": {"dmean2": 0.0469206683338, "median": 0.244172096252, "min": 0.00412065349519, "dvar2": 0.00205731857568, "dvar": 0.00100204348564, "dmean": 0.0319102481008, "max": 0.587988078594, "var": 0.00667848438025, "mean": 0.252048283815}, "barkbands": {"dmean2": [4.3761676352e-05, 0.00585630303249, 0.00472579663619, 0.00832067336887, 0.011153309606, 0.00147934921551, 0.000509542529471, 0.000926751177758, 0.00113534985576, 0.00087733642431, 0.000524380127899, 0.000352409930201, 0.000206379889278, 0.000337653938914, 0.000352590461262, 0.000254643178778, 0.000159441493452, 0.000132060973556, 0.000122787227156, 0.000168818471138, 8.50247670314e-05, 9.95912851067e-05, 7.36452420824e-05, 7.89621553849e-05, 4.64926888526e-05, 2.70752025244e-05, 3.50263417204e-06], "median": [9.40328391152e-06, 0.00209742272273, 0.0016864821082, 0.00283282669261, 0.00669617578387, 0.000771029968746, 0.000321451632772, 0.000404020625865, 0.000215095366002, 0.000204301963095, 0.000123746402096, 9.79741307674e-05, 6.80386001477e-05, 6.62543898216e-05, 8.41263536131e-05, 7.71281920606e-05, 6.82798636262e-05, 5.54147845833e-05, 4.98978042742e-05, 5.99837840127e-05, 3.19679456879e-05, 3.82563230232e-05, 2.9017090128e-05, 3.25300534314e-05, 1.41198979691e-05, 3.97674648411e-06, 2.32091935004e-07], "min": [4.59648108e-24, 1.25860461843e-23, 9.0946480031e-24, 1.49229748297e-23, 8.0022813843e-23, 1.39926569646e-22, 2.88904781755e-23, 5.03199383083e-23, 4.45963895649e-23, 1.47031227664e-22, 7.00701533877e-23, 2.03785516256e-22, 1.65182576305e-22, 9.18661656288e-23, 1.01887128817e-22, 8.23827448835e-23, 2.04267945721e-22, 1.63912409273e-22, 3.77789147825e-22, 3.15332518225e-22, 3.60084988654e-22, 3.68925860104e-22, 6.6517468445e-22, 1.13893076826e-21, 1.10793572909e-21, 1.7337091716e-21, 2.68640434469e-21], "dvar2": [9.2728491552e-09, 0.00