{"metadata": {"tags": {"album": ["The Ascension"], "albumartist": ["Phil Wickham"], "tracknumber": ["1"], "genre": ["Christian & Gospel"], "artist": ["Phil Wickham"], "totaldiscs": ["1"], "date": ["2013"], "discnumber": ["1"], "title": ["The Ascension"], "file_name": "1989917.mp3", "musicbrainz_recordingid": ["1dbddd56-db3b-449e-a259-83c9755e4de5"]}, "audio_properties": {"sample_rate": 44100, "downmix": "mix", "lossless": false, "analysis_sample_rate": 44100, "md5_encoded": "2b2f0c7f75bc4a22b98ed64165f06867", "equal_loudness": 0, "replay_gain": -13.9288520813, "codec": "mp3", "bit_rate": 275419, "length": 258.638366699}, "version": {"extractor": "music 1.0", "essentia_build_sha": "70f2e5ece6736b2c40cc944ad0e695b16b925413", "essentia_git_sha": "v2.1_beta2", "essentia": "2.1-beta2"}}, "rhythm": {"beats_loudness_band_ratio": {"dvar2": [0.0477194301784, 0.0352664254606, 0.0535199120641, 0.0191045328975, 0.00679945806041, 0.0173115059733], "var": [0.0741173550487, 0.0239721015096, 0.0261806305498, 0.00704502314329, 0.00372329656966, 0.0054218810983], "min": [0, 0, 0, 0, 0, 0], "dmean": [0.133834585547, 0.0849903970957, 0.11291667074, 0.0602322258055, 0.0303460471332, 0.0333515256643], "mean": [0.621774196625, 0.125376522541, 0.131039887667, 0.0713814869523, 0.0420781970024, 0.0339498780668], "max": [0.962248206139, 0.879873633385, 0.875885665417, 0.658237218857, 0.537000119686, 0.751060545444], "dmean2": [0.229207798839, 0.147669821978, 0.200090959668, 0.107959330082, 0.0538230314851, 0.0591888576746], "median": [0.720553040504, 0.063433021307, 0.0653501600027, 0.0421346276999, 0.0222272537649, 0.0179759673774], "dvar": [0.0173623804003, 0.0138591714203, 0.0205154139549, 0.00662445509806, 0.00242539471947, 0.00671198917553]}, "bpm_histogram_first_peak_weight": {"dvar2": 0, "var": 0, "min": 0.790017187595, "dmean": 0, "mean": 0.790017187595, "max": 0.790017187595, "dmean2": 0, "median": 0.790017187595, "dvar": 0}, "bpm": 135.984802246, "beats_count": 582, "bpm_histogram_first_peak_spread": {"dvar2": 0, "var": 0, "min": 0.183274030685, "dmean": 0, "mean": 0.183274030685, "max": 0.183274030685, "dmean2": 0, "median": 0.183274030685, "dvar": 0}, "danceability": 1.04601979256, "bpm_histogram_first_peak_bpm": {"dvar2": 0, "var": 0, "min": 136, "dmean": 0, "mean": 136, "max": 136, "dmean2": 0, "median": 136, "dvar": 0}, "beats_position": [0.487619042397, 0.986848056316, 1.46285712719, 1.91564619541, 2.38004541397, 2.8444442749, 3.29723358154, 3.75002264977, 4.20281171799, 4.6439909935, 5.08516979218, 5.52634906769, 5.9675283432, 6.40870714188, 6.84988641739, 7.2910656929, 7.73224496841, 8.17342376709, 8.6146030426, 9.05578231812, 9.49696159363, 9.93814086914, 10.379319191, 10.8204984665, 11.261677742, 11.7028570175, 12.144036293, 12.5968255997, 13.0496139526, 13.4907932281, 13.9319725037, 14.3731517792, 14.8143310547, 15.2555103302, 15.696688652, 16.1378688812, 16.5790481567, 17.0202255249, 17.4614048004, 17.9025840759, 18.3437633514, 18.784942627, 19.2261219025, 19.667301178, 20.0968704224, 20.5380496979, 20.9792289734, 21.4204082489, 21.8499774933, 22.2911567688, 22.7323360443, 23.1851234436, 23.6263027191, 24.0674819946, 24.5202713013, 24.9614505768, 25.4026298523, 25.8321990967, 26.2733783722, 26.7029476166, 27.1441268921, 27.5853061676, 28.0264854431, 28.4676647186, 28.9088420868, 29.3500213623, 29.8028106689, 30.2439899445, 30.68516922, 31.1379585266, 31.6952381134, 32.2409057617, 32.7981834412, 33.3554649353, 33.9243545532, 34.4468002319, 34.9808616638, 35.514919281, 35.9677085876, 36.4088897705, 36.8500671387, 37.2912483215, 37.7440338135, 38.1968231201, 38.638004303, 39.0791816711, 39.520362854, 39.9615402222, 40.4143295288, 40.8555107117, 41.2966880798, 41.7262573242, 42.1442184448, 42.585395813, 43.0149650574, 43.467754364, 43.9089317322, 44.350112915, 44.7912902832, 45.2324714661, 45.6736488342, 46.1148300171, 46.5560073853, 46.9971885681, 47.4383659363, 47.8679351807, 48.297504425, 48.7270736694, 49.1798629761, 49.6442604065, 50.1086616516, 50.5498390198, 50.9910202026, 51.420589447, 51.8501586914, 52.2913360596, 52.7325172424, 53.1736946106, 53.6148757935, 54.0560531616, 54.4972343445, 54.9384117126, 55.3795890808, 55.8207702637, 56.2619476318, 56.7031288147, 57.1443061829, 57.5854873657, 58.0266647339, 58.4678459167, 58.9090232849, 59.3502044678, 59.7913818359, 60.2441711426, 60.673740387, 61.1149177551, 61.556098938, 61.9972763062, 62.438457489, 62.8796348572, 63.32081604, 63.7619934082, 64.2031707764, 64.6443557739, 65.0739212036, 65.5267105103, 65.9794998169, 66.4322891235, 66.8734664917, 67.3146438599, 67.7558288574, 68.1970062256, 68.6381835938, 69.0793609619, 69.5205459595, 69.9617233276, 70.4029006958, 70.844078064, 71.2852630615, 71.7148284912, 72.1560058594, 72.608795166, 73.0499725342, 73.4911575317, 73.9323348999, 74.3735122681, 74.8146896362, 75.2558746338, 75.6854400635, 76.1266174316, 76.5794067383, 77.0205917358, 77.461769104, 77.9029464722, 78.3441238403, 78.7736968994, 79.2148742676, 79.6560516357, 80.1088409424, 80.5500183105, 80.9912033081, 81.4323806763, 81.8735580444, 82.3147354126, 82.7559204102, 83.1970977783, 83.6382751465, 84.0794525146, 84.5206298828, 84.9618148804, 85.4029922485, 85.8441696167, 86.2853469849, 86.7265319824, 87.1677093506, 87.6088867188, 88.0500640869, 88.4912490845, 88.9324264526, 89.3736038208, 89.814781189, 90.2559585571, 90.6971435547, 91.1383209229, 91.579498291, 92.0206756592, 92.4618606567, 92.9030380249, 93.3442153931, 93.7853927612, 94.2265777588, 94.667755127, 95.1089324951, 95.5501098633, 95.9912872314, 96.432472229, 96.8620376587, 97.3032150269, 97.7444000244, 98.1855773926, 98.6383666992, 99.0795440674, 99.5207214355, 99.9619064331, 100.403083801, 100.844261169, 101.285438538, 101.726615906, 102.167800903, 102.608978271, 103.05015564, 103.491333008, 103.932518005, 104.373695374, 104.814872742, 105.25605011, 105.697235107, 106.126800537, 106.567977905, 107.009155273, 107.46194458, 107.903129578, 108.344306946, 108.785484314, 109.215057373, 109.644622803, 110.085800171, 110.526985168, 110.979774475, 111.432563782, 111.87374115, 112.314918518, 112.756095886, 113.185668945, 113.626846313, 114.068023682, 114.50920105, 114.938774109, 115.379951477, 115.821128845, 116.262313843, 116.703491211, 117.144668579, 117.585845947, 118.027030945, 118.479812622, 118.92099762, 119.362174988, 119.814964294, 120.256141663, 120.697319031, 121.138504028, 121.579681396, 122.020858765, 122.450431824, 122.879997253, 123.321174622, 123.762359619, 124.215148926, 124.656326294, 125.097503662, 125.53868103, 125.979858398, 126.421043396, 126.862220764, 127.315010071, 127.756187439, 128.197372437, 128.638549805, 129.079727173, 129.520904541, 129.962081909, 130.403259277, 130.844436646, 131.285614014, 131.726806641, 132.15637207, 132.597549438, 133.038726807, 133.491516113, 133.932693481, 134.37387085, 134.815048218, 135.256240845, 135.697418213, 136.138595581, 136.579772949, 137.020950317, 137.450515747, 137.891693115, 138.332870483, 138.77406311, 139.20362854, 139.644805908, 140.085983276, 140.527160645, 140.968338013, 141.409515381, 141.850692749, 142.291885376, 142.744674683, 143.197463989, 143.638641357, 144.068206787, 144.509384155, 144.950561523, 145.391738892, 145.82131958, 146.262496948, 146.703674316, 147.144851685, 147.586029053, 148.027206421, 148.468383789, 148.909561157, 149.350738525, 149.803527832, 150.244720459, 150.685897827, 151.115463257, 151.556640625, 151.997817993, 152.438995361, 152.880172729, 153.321365356, 153.762542725, 154.203720093, 154.644897461, 155.086074829, 155.527252197, 155.968429565, 156.409606934, 156.850784302, 157.291976929, 157.733154297, 158.174331665, 158.615509033, 159.056686401, 159.49786377, 159.939041138, 160.380218506, 160.821395874, 161.262588501, 161.703765869, 162.144943237, 162.586120605, 163.027297974, 163.468475342, 163.921264648, 164.374053955, 164.803619385, 165.233200073, 165.674377441, 166.11555481, 166.556732178, 166.997909546, 167.450698853, 167.903488159, 168.333053589, 168.762634277, 169.203811646, 169.644989014, 170.086166382, 170.52734375, 170.968521118, 171.409698486, 171.850875854, 172.292053223, 172.73324585, 173.174423218, 173.615600586, 174.056777954, 174.497955322, 174.93913269, 175.380310059, 175.821487427, 176.262680054, 176.715454102, 177.156646729, 177.586212158, 178.039001465, 178.491790771, 178.93296814, 179.374145508, 179.815322876, 180.256500244, 180.697677612, 181.127258301, 181.55682373, 181.998001099, 182.439178467, 182.880355835, 183.321533203, 183.77432251, 184.227111816, 184.656692505, 185.097869873, 185.539047241, 185.980224609, 186.433013916, 186.874191284, 187.315368652, 187.744934082, 188.174514771, 188.615692139, 189.056869507, 189.509658813, 189.939224243, 190.380401611, 190.821578979, 191.262756348, 191.703948975, 192.145126343, 192.586303711, 193.027481079, 193.468658447, 193.909835815, 194.351013184, 194.792190552, 195.23336792, 195.674560547, 196.115737915, 196.556915283, 196.998092651, 197.43927002, 197.880447388, 198.333236694, 198.786026001, 199.227203369, 199.668380737, 200.097961426, 200.539138794, 200.991928101, 201.433105469, 201.874282837, 202.315460205, 202.756637573, 203.197814941, 203.63899231, 204.080184937, 204.521362305, 204.962539673, 205.403717041, 205.844894409, 206.286071777, 206.727249146, 207.168426514, 207.609603882, 208.050796509, 208.491973877, 208.933151245, 209.362716675, 209.803894043, 210.245071411, 210.6746521, 211.115829468, 211.557006836, 211.998184204, 212.439361572, 212.88053894, 213.321716309, 213.762893677, 214.204071045, 214.645263672, 215.08644104, 215.527618408, 215.968795776, 216.409973145, 216.851150513, 217.292327881, 217.733505249, 218.174682617, 218.615875244, 219.068664551, 219.521453857, 219.962631226, 220.403808594, 220.844985962, 221.28616333, 221.71572876, 222.156906128, 222.586486816, 223.027664185, 223.468841553, 223.910018921, 224.351196289, 224.792373657, 225.233551025, 225.674728394, 226.115921021, 226.557098389, 226.998275757, 227.439453125, 227.880630493, 228.321807861, 228.762985229, 229.204162598, 229.645339966, 230.086532593, 230.527709961, 230.968887329, 231.421676636, 231.862854004, 232.304031372, 232.74520874, 233.186386108, 233.615966797, 234.057144165, 234.498321533, 234.939498901, 235.38067627, 235.821853638, 236.263031006, 236.704208374, 237.145385742, 237.586578369, 238.027755737, 238.468933105, 238.910110474, 239.351287842, 239.79246521, 240.233642578, 240.674819946, 241.115997314, 241.557189941, 241.99836731, 242.439544678, 242.880722046, 243.321899414, 243.763076782, 244.20425415, 244.645431519, 245.086624146, 245.527801514, 245.968978882, 246.41015625, 246.851333618, 247.304122925, 247.733688354, 248.174865723, 248.616043091, 249.057235718, 249.498413086, 249.939590454, 250.380767822, 250.82194519, 251.263122559, 251.704299927, 252.157089233, 252.633102417, 253.097503662, 253.561904907, 254.026306152, 254.467483521, 254.908660889, 255.338226318, 255.779403687, 256.220581055, 256.661773682, 257.102935791, 257.544128418, 257.985290527], "beats_loudness": {"dvar2": 0.00134021753911, "var": 0.00188015564345, "min": 0, "dmean": 0.0235628206283, "mean": 0.0721019655466, "max": 0.161839753389, "dmean2": 0.0414779894054, "median": 0.0817567631602, "dvar": 0.000456945301266}, "bpm_histogram_second_peak_weight": {"dvar2": 0, "var": 0, "min": 0.0120481923223, "dmean": 0, "mean": 0.0120481923223, "max": 0.0120481923223, "dmean2": 0, "median": 0.0120481923223, "dvar": 0}, "bpm_histogram_second_peak_spread": {"dvar2": 0, "var": 0, "min": 0.222222208977, "dmean": 0, "mean": 0.222222208977, "max": 0.222222208977, "dmean2": 0, "median": 0.222222208977, "dvar": 0}, "bpm_histogram_second_peak_bpm": {"dvar2": 0, "var": 0, "min": 129, "dmean": 0, "mean": 129, "max": 129, "dmean2": 0, "median": 129, "dvar": 0}, "onset_rate": 3.92795610428}, "lowlevel": {"spectral_energyband_high": {"dvar2": 9.00276290849e-07, "var": 2.53002144746e-06, "min": 7.04896418492e-21, "dmean": 0.000393318478018, "mean": 0.00112537795212, "max": 0.0134279383346, "dmean2": 0.000568042276427, "median": 0.00061014550738, "dvar": 5.12841097589e-07}, "spectral_energyband_middle_low": {"dvar2": 0.000157778340508, "var": 0.000133179404656, "min": 1.38601308569e-22, "dmean": 0.00481527671218, "mean": 0.0139934709296, "max": 0.130656301975, "dmean2": 0.00777279818431, "median": 0.0114959999919, "dvar": 5.88627262914e-05}, "spectral_energy": {"dvar2": 0.000910361181013, "var": 0.000820111017674, "min": 1.00452643952e-20, "dmean": 0.012005565688, "mean": 0.0386204682291, "max": 0.213334098458, "dmean2": 0.018532147631, "median": 0.0356880240142, "dvar": 0.00038761208998}, "spectral_spread": {"dvar2": 1277194534910.0, "var": 7114104242180.0, "min": 879841.875, "dmean": 616876.375, "mean": 4905832, "max": 42274500, "dmean2": 912795.125, "median": 4663350, "dvar": 642457993216}, "spectral_energyband_low": {"dvar2": 0.000787176657468, "var": 0.000490216189064, "min": 2.11205090702e-23, "dmean": 0.00938977301121, "mean": 0.0184203535318, "max": 0.188918948174, "dmean2": 0.0146219395101, "median": 0.0132699087262, "dvar": 0.000336859200615}, "spectral_rolloff": {"dvar2": 1179822, "var": 3308624.5, "min": 64.599609375, "dmean": 398.809448242, "mean": 1404.2364502, "max": 19444.4824219, "dmean2": 647.510803223, "median": 990.52734375, "dvar": 631182.75}, "barkbands": {"dvar2": [1.02824321857e-06, 0.000557773688342, 7.23651246517e-05, 3.67870052287e-05, 4.76456079923e-05, 5.92949800193e-06, 4.83361191073e-06, 1.39066387419e-05, 1.8234941308e-05, 4.41204929302e-06, 1.84060945685e-06, 2.86868794319e-06, 1.40154440942e-06, 9.48624062858e-07, 3.37997192901e-07, 3.60619054618e-07, 2.81971551885e-07, 2.20017156494e-07, 2.01980725478e-07, 1.5634006445e-07, 4.9497785426e-08, 5.98335390123e-08, 1.68643069287e-07, 6.59784475943e-08, 3.68984274246e-08, 1.03668433837e-08, 3.04857777911e-10], "var": [5.42999885056e-07, 0.000314442149829, 3.26813751599e-05, 1.2587414858e-05, 1.83933789231e-05, 8.00897487352e-06, 5.38837775821e-06, 2.63968031504e-05, 4.02942896471e-05, 8.46799866849e-06, 1.67339385371e-06, 3.59095270142e-06, 1.62466142228e-06, 9.08636991426e-07, 2.32740347883e-07, 4.31529201705e-07, 4.70824602417e-07, 2.82007931673e-07, 2.65481475026e-07, 2.50147309089e-07, 6.30101126831e-08, 8.02887285545e-08, 5.01085196447e-07, 1.16520311622e-07, 3.33274137176e-08, 3.93208665628e-09, 1.03777222926e-10], "min": [7.31962833318e-25, 3.05839420523e-24, 2.05735890436e-24, 1.71396183586e-24, 1.52884840638e-23, 1.31215431105e-23, 1.38786413203e-23, 9.22879932206e-24, 1.30367650179e-23, 1.03709279179e-23, 3.05646461202e-23, 3.36255999818e-23, 2.84699332714e-23, 1.71103330808e-23, 6.31081214221e-23, 7.33638433045e-23, 5.93921511073e-23, 8.29956645633e-23, 1.35960012932e-22, 1.35843463466e-22, 2.07913707415e-22, 3.14412643301e-22, 4.21165642886e-22, 5.85288141595e-22, 8.55292636476e-22, 1.30794864744e-21, 1.83854482267e-21], "dmean": [0.000254558282904, 0.00697301328182, 0.0029099821113, 0.00176959799137, 0.00202656001784, 0.000808166689239, 0.000590299197938, 0.00112650042865, 0.00119061185978, 0.000595495628659, 0.000320932886098, 0.000556471466552, 0.000374532915885, 0.000297070480883, 0.000174267377588, 0.000207909557503, 0.000189193742699, 0.000173127831658, 0.000154518667841, 0.000141554817674, 6.88015134074e-05, 7.96843814896e-05, 0.000138298230013, 7.65739241615e-05, 5.5188069382e-05, 2.47298303293e-05, 4.03702370022e-06], "mean": [0.000280603795545, 0.0118664465845, 0.00501633621752, 0.00221205269918, 0.00346384895965, 0.00164243893232, 0.00120387226343, 0.00244544679299, 0.00289875688031, 0.00133229221683, 0.000559054431506, 0.00117639754899, 0.000724253593944, 0.000533064885531, 0.000328946189256, 0.000439527648268, 0.000420679833042, 0.000380997371394, 0.000375939736841, 0.000342786021065, 0.000153175264131, 0.000177140085725, 0.000366387917893, 0.000160749506904, 8.53151504998e-05, 2.96250382235e-05, 4.20128026235e-06], "max": [0.00937716476619, 0.145419061184, 0.0574560165405, 0.0445027127862, 0.0740543976426, 0.0587743632495, 0.0563316456974, 0.0612290389836, 0.0669724047184, 0.0513017065823, 0.024890717119, 0.021452486515, 0.0170120559633, 0.0155509123579, 0.00988007243723, 0.0085909711197, 0.00818381551653, 0.00676696794108, 0.00867059454322, 0.00739398691803, 0.00467879138887, 0.00426974147558, 0.00712335668504, 0.00461816927418, 0.00290417135693, 0.00176256720442, 0.000237941043451], "dmean2": [0.000406346895033, 0.0108262104914, 0.00497597735375, 0.00307081243955, 0.00349167757668, 0.00127726513892, 0.000903384236153, 0.00171432038769, 0.00178205908742, 0.000896559853572, 0.000503236660734, 0.000856310944073, 0.000599893624894, 0.000468144571641, 0.00028325925814, 0.000330794573529, 0.000297525111819, 0.00027529874933, 0.000247844378464, 0.000221132693696, 0.000108100561192, 0.000123187273857, 0.000194238964468, 0.000113722620881, 8.68986171554e-05, 4.05402752222e-05, 6.58454655422e-06], "median": [1.51869380716e-05, 0.00725244870409, 0.00328597752377, 0.00106099434197, 0.00225255312398, 0.000828713993542, 0.000495785556268, 0.000716335023753, 0.000471189967357, 0.000384903338272, 0.000165266887052, 0.000451242551208, 0.000276295875665, 0.000183033145731, 0.00018191835261, 0.000201395218028, 0.000178275280632, 0.000204422860406, 0.000211137929, 0.000192778650671, 7.39789247746e-05, 8.07206452009e-05, 0.000127254286781, 6.43466046313e-05, 2.67848481599e-05, 8.76906779013e-06, 1.18737602861e-06], "dvar": [4.69100768896e-07, 0.000243964750553, 2.46843064815e-05, 1.30494918267e-05, 1.67566504388e-05, 2.69383667728e-06, 2.1347755137e-06, 6.5747485678e-06, 8.05664603831e-06, 1.9900442112e-06, 7.30790077341e-07, 1.24983853311e-06, 5.71894986479e-07, 3.7824293031e-07, 1.28168792912e-07, 1.48224529539e-07, 1.21289133403e-07, 9.22838765405e-08, 8.27945143556e-08, 7.10618834887e-08, 2.27498215821e-08, 2.58364494243e-08, 9.95700517592e-08, 3.47859270278e-08, 1.6293377314e-08, 3.9696455012e-09, 1.19762977313e-10]}, "melbands_skewness": {"dvar2": 1.20798325539, "var": 2.35985541344, "min": -0.837915480137, "dmean": 0.665293931961, "mean": 2.67482829094, "max": 11.3205699921, "dmean2": 1.00211083889, "median": 2.48681712151, "dvar": 0.54975861311}, "barkbands_skewness": {"dvar2": 0.542001187801, "var": 1.14041805267, "min": -2.44345760345, "dmean": 0.457994312048, "mean": 1.5338255167, "max": 7.45222234726, "dmean2": 0.680938541889, "median": 1.36815309525, "dvar": 0.256420075893}, "erbbands": {"dvar2": [0.436000972986, 35.800868988, 81.9530029297, 233.231033325, 603.242675781, 453.561676025, 455.309204102, 535.007202148, 996.621643066, 1672.3416748, 7263.64794922, 12613.5996094, 3128.55444336, 1749.85144043, 3854.01318359, 2172.63183594, 2710.12231445, 1385.93774414, 1620.40527344, 480.065948486, 1076.62878418, 1029.06799316, 653.111572266, 719.702819824, 485.901733398, 329.400939941, 125.204154968, 75.8396224976, 70.1360855103, 106.956176758, 165.454238892, 56.4999427795, 15.259144783, 6.49548339844, 1.42928493023, 0.275115936995, 0.0358566381037, 0.000863297900651, 7.9598139564e-06, 2.32330883421e-08], "var": [0.340736806393, 15.1325654984, 43.2872657776, 85.6880340576, 192.255447388, 205.44140625, 544.45892334, 634.579956055, 1267.19104004, 1804.91027832, 16778.6132812, 23024.3085938, 5989.90429688, 2763.65087891, 3378.77368164, 2922.31079102, 3196.78881836, 1672.09533691, 1456.66455078, 458.235687256, 1436.02258301, 1633.12060547, 910.932128906, 977.016845703, 548.08001709, 556.950744629, 141.021743774, 84.9669799805, 85.2160873413, 266.418884277, 434.835113525, 105.431404114, 22.0800628662, 6.99366140366, 0.961513876915, 0.137499928474, 0.0108807962388, 0.000279060972389, 2.73775481219e-06, 1.0176340659e-08], "min": [1.1012200363e-22, 7.30676544336e-22, 4.21580434785e-21, 5.40005758587e-21, 1.69671384182e-20, 3.76970697441e-20, 6.21754637199e-20, 7.83600472734e-20, 2.29888639973e-19, 2.31716217989e-19, 4.25216872623e-19, 3.24855695137e-19, 8.09235756344e-19, 1.08643928245e-18, 1.41652653307e-18, 1.55723119604e-18, 1.38132844704e-18, 1.92698589293e-18, 2.6454747662e-18, 3.75074254055e-18, 3.90537940658e-18, 3.99406971185e-18, 4.99719825814e-18, 5.84840309081e-18, 8.85807534776e-18, 6.25337127998e-18, 9.39168211629e-18, 1.0267872353e-17, 1.14275423486e-17, 1.2373784857e-17, 1.20836165156e-17, 1.23754359095e-17, 9.49443945507e-18, 8.36722554509e-18, 7.03940131142e-18, 4.20993862272e-18, 2.32435973689e-18, 9.9482013742e-19, 2.74126569326e-19, 2.68124795601e-20], "dmean": [0.198138937354, 1.68031907082, 3.13654589653, 4.8575053215, 7.08679676056, 5.93796014786, 7.06148815155, 7.10417985916, 8.5781917572, 11.6301717758, 26.345413208, 28.6077461243, 18.0622596741, 12.754114151, 17.246723175, 15.4317951202, 16.5049858093, 11.5137205124, 12.313158989, 7.72466611862, 11.1431684494, 11.4469261169, 9.32406997681, 8.15400981903, 6.83989238739, 6.57607269287, 3.45594000816, 2.48352313042, 2.6695663929, 3.49624729156, 4.11161899567, 2.1331782341, 1.11220014095, 0.729025185108, 0.328185468912, 0.138185843825, 0.0406638644636, 0.00670234952122, 0.000665745756123, 4.25819598604e-05], "mean": [0.307449102402, 2.76964139938, 6.10161447525, 6.94088315964, 9.29286193848, 10.16929245, 14.9058656693, 14.2394752502, 18.5157928467, 24.0478591919, 64.1773071289, 66.3490447998, 42.4538230896, 29.3338623047, 34.6510276794, 34.9153022766, 34.8543891907, 24.2633647919, 25.463722229, 17.7329463959, 26.0208930969, 26.5149993896, 21.6091957092, 20.8452911377, 17.7065467834, 16.0156383514, 7.89634132385, 5.46875333786, 5.80054092407, 9.10550498962, 10.5491523743, 4.83333539963, 2.14422869682, 1.19620156288, 0.469501435757, 0.178526073694, 0.0448665656149, 0.00720211816952, 0.000716311624274, 8.18457992864e-05], "max": [4.73706245422, 35.5544509888, 65.2776947021, 116.509689331, 257.011077881, 214.014831543, 525.635070801, 616.734069824, 1004.76696777, 1189.15625, 1577.26452637, 2053.63012695, 1134.09008789, 960.625244141, 1017.21630859, 576.984191895, 704.433776855, 727.550231934, 599.581176758, 376.723083496, 467.612945557, 543.476501465, 466.461273193, 599.481689453, 557.145446777, 431.277954102, 242.838394165, 252.883804321, 143.676269531, 199.60635376, 228.117782593, 145.428634644, 58.2020530701, 44.8750076294, 13.6022748947, 5.42767858505, 4.31843996048, 0.451280862093, 0.0366375520825, 0.00272929528728], "dmean2": [0.293492347002, 2.72589349747, 5.31043434143, 8.40938091278, 12.4090566635, 10.1408500671, 11.1464138031, 11.2152528763, 13.1630849838, 18.107542038, 38.8868713379, 43.0372886658, 26.7825050354, 18.9163150787, 27.3738555908, 23.5970554352, 26.4070262909, 17.9743022919, 19.5615005493, 12.2878732681, 17.7762184143, 17.9767112732, 14.7670936584, 13.1399736404, 10.6421060562, 10.1556091309, 5.4708814621, 3.88182044029, 4.14033937454, 5.08532571793, 5.8234796524, 3.08686876297, 1.67521357536, 1.14196896553, 0.52546942234, 0.225028589368, 0.0671671926975, 0.0109694330022, 0.00108595355414, 6.66977502988e-05], "median": [0.12600851059, 1.7899491787, 4.08353281021, 3.98549318314, 5.27365112305, 5.88949298859, 7.92921304703, 6.65947771072, 8.39082717896, 10.2613964081, 18.2560806274, 13.6023368835, 14.0527067184, 11.0981521606, 13.929227829, 14.2693586349, 14.8944826126, 9.80300712585, 13.2816858292, 11.1478061676, 12.951385498, 12.3352222443, 12.2457618713, 10.6967258453, 11.0778636932, 8.98612117767, 4.30800437927, 2.63815641403, 2.72809076309, 3.3848733902, 3.6103413105, 1.92701196671, 0.793536305428, 0.376082509756, 0.144568294287, 0.0544097833335, 0.0125600686297, 0.00206913519651, 0.000218523855438, 5.80576306675e-05], "dvar": [0.232611611485, 13.828997612, 28.4570503235, 81.2442932129, 212.752288818, 161.771575928, 197.883712769, 237.723175049, 451.263397217, 705.95904541, 3494.71826172, 5462.80078125, 1418.89501953, 788.638366699, 1482.15588379, 925.47088623, 1098.61914062, 577.503845215, 642.113952637, 189.326263428, 436.655395508, 437.358520508, 281.448455811, 287.989349365, 198.085601807, 153.682006836, 54.9297294617, 34.292301178, 30.2517166138, 54.154335022, 93.1600418091, 29.9502372742, 7.48960590363, 3.00116157532, 0.595126450062, 0.109262339771, 0.0133338142186, 0.000331205752445, 3.11816802423e-06, 9.34823418675e-09]}, "silence_rate_30dB": {"dvar2": 0.149396985769, "var": 0.039748698473, "min": 0, "dmean": 0.0617649704218, "mean": 0.958527803421, "max": 1, "dmean2": 0.123541027308, "median": 1, "dvar": 0.0579544305801}, "melbands_spread": {"dvar2": 110.800636292, "var": 306.779052734, "min": 1.15449118614, "dmean": 5.56477117538, "mean": 22.5363464355, "max": 200.517150879, "dmean2": 8.39151859283, "median": 19.4690208435, "dvar": 60.1759796143}, "melbands_crest": {"dvar2": 18.5469799042, "var": 22.8817501068, "min": 1.60822248459, "dmean": 2.8890273571, "mean": 14.7923374176, "max": 31.9390201569, "dmean2": 4.54398775101, "median": 14.2599372864, "dvar": 7.44645309448}, "zerocrossingrate": {"dvar2": 0.000133888563141, "var": 0.00198257481679, "min": 0.00390625, "dmean": 0.00895703956485, "mean": 0.0579099804163, "max": 0.52294921875, "dmean2": 0.0105357924476, "median": 0.05029296875, "dvar": 0.000136988484883}, "barkbands_kurtosis": {"dvar2": 31.6412029266, "var": 38.4886245728, "min": -1.92165648937, "dmean": 2.28675293922, "mean": 3.73037719727, "max": 72.5707778931, "dmean2": 3.50640749931, "median": 1.80197072029, "dvar": 14.1056871414}, "spectral_flux": {"dvar2": 0.0020628219936, "var": 0.00294996332377, "min": 6.41547440172e-11, "dmean": 0.0251007936895, "mean": 0.0869235396385, "max": 0.376484453678, "dmean2": 0.0385032482445, "median": 0.0803533792496, "dvar": 0.000975673494395}, "barkbands_crest": {"dvar2": 12.8630361557, "var": 15.7697572708, "min": 2.51705312729, "dmean": 2.33521437645, "mean": 10.3286371231, "max": 24.7729873657, "dmean2": 3.68808317184, "median": 9.46743583679, "dvar": 5.56706047058}, "barkbands_flatness_db": {"dvar2": 0.000772856117692, "var": 0.0033576451242, "min": 0.0294464826584, "dmean": 0.0195101127028, "mean": 0.138351902366, "max": 0.466772258282, "dmean2": 0.0293557979167, "median": 0.126091584563, "dvar": 0.000360491045285}, "spectral_entropy": {"dvar2": 0.0567419305444, "var": 0.327067673206, "min": 4.82525110245, "dmean": 0.162438079715, "mean": 7.48724889755, "max": 9.8221950531, "dmean2": 0.236927852035, "median": 7.57958602905, "dvar": 0.0303124133497}, "pitch_salience": {"dvar2": 0.00840217806399, "var": 0.00956227444112, "min": 0.160432890058, "dmean": 0.0617209821939, "mean": 0.498420089483, "max": 0.911975264549, "dmean2": 0.0992921963334, "median": 0.493331640959, "dvar": 0.00329650053754}, "erbbands_spread": {"dvar2": 165.753860474, "var": 372.485168457, "min": 3.00750732422, "dmean": 7.69496583939, "mean": 39.9780044556, "max": 139.633575439, "dmean2": 11.6283216476, "median": 36.1473007202, "dvar": 76.5492172241}, "dynamic_complexity": 3.16153407097, "spectral_contrast_valleys": {"dvar2": [0.258701235056, 0.176970645785, 0.133859187365, 0.12381953001, 0.1193940714, 0.266116142273], "var": [3.08777976036, 2.57610464096, 2.59783577919, 2.68289208412, 3.03261780739, 2.94784212112], "min": [-27.9547843933, -27.9878444672, -27.6428279877, -27.6649551392, -27.6573028564, -27.3717937469], "dmean": [0.373075067997, 0.314510136843, 0.277881324291, 0.261938720942, 0.24493765831, 0.345636993647], "mean": [-7.01967287064, -6.79808950424, -7.49747037888, -7.98026752472, -7.79896497726, -10.0989770889], "max": [-4.92165184021, -4.90780115128, -5.35364437103, -6.04589605331, -5.94118309021, -7.6104092598], "dmean2": [0.602715909481, 0.51131093502, 0.447972923517, 0.411217212677, 0.365772008896, 0.486188948154], "median": [-6.57350111008, -6.52074813843, -7.2045211792, -7.61490869522, -7.35235309601, -9.80880355835], "dvar": [0.105714909732, 0.0725034698844, 0.0584938153625, 0.0587030276656, 0.0656640529633, 0.156991794705]}, "hfc": {"dvar2": 92.7305145264, "var": 313.443634033, "min": 1.08403203798e-16, "dmean": 5.04027748108, "mean": 25.213596344, "max": 114.939674377, "dmean2": 7.53641414642, "median": 23.4700298309, "dvar": 44.1984786987}, "spectral_kurtosis": {"dvar2": 39.0906410217, "var": 72.9769210815, "min": -1.26257288456, "dmean": 1.70878577232, "mean": 5.27287006378, "max": 107.468208313, "dmean2": 2.81900715828, "median": 3.43666815758, "dvar": 14.1997966766}, "mfcc": {"mean": [-629.907531738, 120.949638367, 8.86964607239, 20.0176315308, 5.85287094116, 4.48183393478, 1.98389017582, 12.2958269119, -4.7956237793, 7.578353405, -1.49774098396, -0.501068413258, 1.40540611744], "cov": [[8924.47753906, -670.256713867, -139.702316284, 365.113037109, -73.2978973389, 280.698547363, 188.551864624, 453.496063232, 243.052398682, 426.591827393, 274.491729736, 227.422409058, 152.631484985], [-670.256713867, 1155.88720703, -318.235321045, -148.196136475, 20.3172264099, -75.4501647949, 51.1252822876, -9.07981777191, -10.5079851151, -29.533946991, -12.3818216324, -3.81778931618, -3.94657611847], [-139.702316284, -318.235321045, 726.617614746, 143.094192505, 4.31759119034, 145.96206665, -33.8845977783, 59.2476615906, -3.22987294197, 11.8526306152, 25.9627037048, -29.3156757355, 12.2538156509], [365.113037109, -148.196136475, 143.094192505, 279.825164795, 71.2571258545, 83.1550140381, -4.89687585831, 57.0195999146, 57.5177574158, -1.38141405582, 28.6118927002, 13.4375896454, 40.2896842957], [-73.2978973389, 20.3172264099, 4.31759119034, 71.2571258545, 169.498962402, 40.1193656921, -4.74279928207, 1.04145908356, 29.6420993805, -33.3840904236, 1.65578424931, 4.73179960251, 14.3908777237], [280.698547363, -75.4501647949, 145.96206665, 83.1550140381, 40.1193656921, 181.016387939, 59.271484375, 41.3458137512, 53.3464126587, 24.5272407532, 51.2851409912, 18.3994007111, 11.6967544556], [188.551864624, 51.1252822876, -33.8845977783, -4.89687585831, -4.74279928207, 59.271484375, 213.267166138, 21.323513031, 56.6856803894, 29.7539081573, 21.6870937347, 32.9005126953, 5.68484306335], [453.496063232, -9.07981777191, 59.2476615906, 57.0195999146, 1.04145908356, 41.3458137512, 21.323513031, 174.274459839, 40.2789764404, 47.8349380493, 27.8477191925, 19.3096923828, 22.4206409454], [243.052398682, -10.5079851151, -3.22987294197, 57.5177574158, 29.6420993805, 53.3464126587, 56.6856803894, 40.2789764404, 168.624176025, 16.8344211578, 42.2791862488, 24.0081214905, 3.28871107101], [426.591827393, -29.533946991, 11.8526306152, -1.38141405582, -33.3840904236, 24.5272407532, 29.7539081573, 47.8349380493, 16.8344211578, 181.107635498, 50.6306991577, 11.5422534943, 2.29407811165], [274.491729736, -12.3818216324, 25.9627037048, 28.6118927002, 1.65578424931, 51.2851409912, 21.6870937347, 27.8477191925, 42.2791862488, 50.6306991577, 113.618011475, 35.6393508911, 2.27002692223], [227.422409058, -3.81778931618, -29.3156757355, 13.4375896454, 4.73179960251, 18.3994007111, 32.9005126953, 19.3096923828, 24.0081214905, 11.5422534943, 35.6393508911, 99.7220153809, 34.0098342896], [152.631484985, -3.94657611847, 12.2538156509, 40.2896842957, 14.3908777237, 11.6967544556, 5.68484306335, 22.4206409454, 3.28871107101, 2.29407811165, 2.27002692223, 34.0098342896, 101.56085968]], "icov": [[0.000168863683939, 0.000102275771496, 0.000164396187756, -0.000141654527397, 0.000126335478853, -0.000161363612278, -4.35577248936e-06, -0.000295847305097, -1.51734175233e-05, -0.000228979159147, -0.00010347647185, -0.000131690045237, -9.51300680754e-05], [0.000102275771496, 0.00112313462887, 0.000473733700346, 0.000407354265917, -0.000263865746092, 4.68235703011e-05, -0.000279684463749, -0.000462969444925, 7.05122656655e-05, 0.000101058612927, -0.000333608157234, 0.000260254542809, -0.000263223657385], [0.000164396187756, 0.000473733700346, 0.00222435803153, -0.000640790211037, 0.000584690656979, -0.0018230851274, 0.000458764610812, -0.000700957258232, 0.000493303348776, -3.38143036061e-05, -0.000178924630745, 0.00070540048182, -0.00023407957633], [-0.000141654527397, 0.000407354265917, -0.000640790211037, 0.00567315518856, -0.00181036733557, -0.00090411468409, 0.000569363299292, -0.000787520140875, -0.00112722080667, 0.000575032667257, -0.000325990346028, 0.000458068156149, -0.00156449887436], [0.000126335478853, -0.000263865746092, 0.000584690656979, -0.00181036733557, 0.00758687732741, -0.0019085862441, 0.000725229503587, 0.000274020421784, -0.000791335478425, 0.00104646314867, 0.000399902841309, -9.05390115804e-05, -0.000485428725369], [-0.000161363612278, 4.68235703011e-05, -0.0018230851274, -0.00090411468409, -0.0019085862441, 0.0099143460393, -0.00252376380377, -0.000143413300975, -0.000767934659962, 6.93942056387e-05, -0.00269081699662, 0.000163686156156, 0.000153119966853], [-4.35577248936e-06, -0.000279684463749, 0.000458764610812, 0.000569363299292, 0.000725229503587, -0.00252376380377, 0.00620120810345, 2.96033394989e-05, -0.00159697362687, -0.000655811745673, 0.00102509697899, -0.00150145753287, 9.51180772972e-05], [-0.000295847305097, -0.000462969444925, -0.000700957258232, -0.000787520140875, 0.000274020421784, -0.000143413300975, 2.96033394989e-05, 0.00768887903541, -0.0010747363558, -0.00125089206267, 0.000285207876004, -0.000383467966458, -0.000712662411388], [-1.51734175233e-05, 7.05122656655e-05, 0.000493303348776, -0.00112722080667, -0.000791335478425, -0.000767934659962, -0.00159697362687, -0.0010747363558, 0.00799812469631, 0.000304547487758, -0.00188643939327, -0.000319045124343, 0.000823552371003], [-0.000228979159147, 0.000101058612927, -3.38143036061e-05, 0.000575032667257, 0.00104646314867, 6.93942056387e-05, -0.000655811745673, -0.00125089206267, 0.000304547487758, 0.00743317278102, -0.00292486115359, 0.0010036691092, -0.000167893827893], [-0.00010347647185, -0.000333608157234, -0.000178924630745, -0.000325990346028, 0.000399902841309, -0.00269081699662, 0.00102509697899, 0.000285207876004, -0.00188643939327, -0.00292486115359, 0.0133920507506, -0.00426907883957, 0.00168376555666], [-0.000131690045237, 0.000260254542809, 0.00070540048182, 0.000458068156149, -9.05390115804e-05, 0.000163686156156, -0.00150145753287, -0.000383467966458, -0.000319045124343, 0.0010036691092, -0.00426907883957, 0.0140553321689, -0.00451977690682], [-9.51300680754e-05, -0.000263223657385, -0.00023407957633, -0.00156449887436, -0.000485428725369, 0.000153119966853, 9.51180772972e-05, -0.000712662411388, 0.000823552371003, -0.000167893827893, 0.00168376555666, -0.00451977690682, 0.0122841252014]]}, "silence_rate_20dB": {"dvar2": 0, "var": 0, "min": 1, "dmean": 0, "mean": 1, "max": 1, "dmean2": 0, "median": 1, "dvar": 0}, "melbands_kurtosis": {"dvar2": 250.617599487, "var": 237.012634277, "min": -1.76168394089, "dmean": 6.24067115784, "mean": 12.9141159058, "max": 176.729064941, "dmean2": 9.71729564667, "median": 7.93208122253, "dvar": 107.325592041}, "barkbands_spread": {"dvar2": 84.6649398804, "var": 232.362548828, "min": 1.24683058262, "dmean": 5.15443849564, "mean": 23.5292854309, "max": 110.337722778, "dmean2": 7.82561445236, "median": 20.8355865479, "dvar": 44.9144058228}, "erbbands_skewness": {"dvar2": 0.179554626346, "var": 0.742788493633, "min": -3.90310835838, "dmean": 0.30303645134, "mean": 0.357072889805, "max": 4.90048885345, "dmean2": 0.447254270315, "median": 0.258975565434, "dvar": 0.0921565517783}, "average_loudness": 0.910655140877, "spectral_centroid": {"dvar2": 128899.140625, "var": 722373.375, "min": 170.307067871, "dmean": 214.191741943, "mean": 1338.48669434, "max": 11624.3066406, "dmean2": 329.467468262, "median": 1262.5534668, "dvar": 64916.0351562}, "dissonance": {"dvar2": 0.000964735925663, "var": 0.00143632886466, "min": 0.183427214622, "dmean": 0.0197848584503, "mean": 0.453315317631, "max": 0.5, "dmean2": 0.032927621156, "median": 0.463548660278, "dvar": 0.000363042083336}, "erbbands_flatness_db": {"dvar2": 0.000566883478314, "var": 0.002434365917, "min": 0.0452555678785, "dmean": 0.0174431540072, "mean": 0.14909003675, "max": 0.360511362553, "dmean2": 0.0246429257095, "median": 0.141635447741, "dvar": 0.00030829483876}, "spectral_strongpeak": {"dvar2": 1.388194561, "var": 1.36610400677, "min": 0, "dmean": 0.407465934753, "mean": 0.912832140923, "max": 7.87729740143, "dmean2": 0.706192731857, "median": 0.460402369499, "dvar": 0.571402430534}, "spectral_rms": {"dvar2": 2.61661602963e-06, "var": 5.44233716937e-06, "min": 3.1305364117e-12, "dmean": 0.000817637657747, "mean": 0.00567768700421, "max": 0.0144267398864, "dmean2": 0.00123242964037, "median": 0.0059006428346, "dvar": 1.16487046853e-06}, "silence_rate_60dB": {"dvar2": 0.0255664605647, "var": 0.0718227848411, "min": 0, "dmean": 0.0107729602605, "mean": 0.0779174119234, "max": 1, "dmean2": 0.0215478539467, "median": 0, "dvar": 0.0106553314254}, "melbands": {"dvar2": [3.92928923247e-05, 3.00709707517e-05, 6.96843744663e-06, 3.12391011903e-06, 4.87025658913e-07, 2.28187957418e-07, 1.95165824834e-07, 2.99255844993e-07, 5.13771908572e-07, 5.19903949225e-07, 9.14227129556e-08, 3.9550439368e-08, 3.02464115975e-08, 5.46041576399e-08, 1.45792604656e-08, 2.3371452329e-08, 6.4583418613e-09, 7.15009473851e-09, 2.13705297902e-09, 1.91122628834e-09, 1.62869739917e-09, 1.57181800908e-09, 7.96840482487e-10, 4.38797387314e-10, 6.45524911302e-10, 3.08139513905e-10, 3.87339965657e-10, 1.65990471368e-10, 7.82116316156e-11, 3.21349266641e-11, 3.34071589836e-11, 3.0154954922e-11, 2.56872769583e-11, 5.49689703477e-11, 7.28925808602e-11, 6.18496295846e-11, 1.69321431875e-11, 8.27593549246e-12, 9.59084461155e-12, 4.46655950073e-12], "var": [2.62885678239e-05, 1.41201289807e-05, 2.56368753071e-06, 1.04234948139e-06, 5.58539966278e-07, 2.88326106102e-07, 2.44097606128e-07, 4.54076484857e-07, 1.37288816404e-06, 9.47940577589e-07, 1.73101184942e-07, 6.67690542855e-08, 2.5962979322e-08, 6.04786407621e-08, 2.12337347705e-08, 2.58240930862e-08, 6.58092647043e-09, 6.22013462959e-09, 1.38883926581e-09, 2.09891748426e-09, 2.08658934575e-09, 2.15023421291e-09, 1.13473208607e-09, 5.83494585982e-10, 8.02215238682e-10, 3.67100932985e-10, 4.60701032878e-10, 2.41654668498e-10, 7.44387676499e-11, 3.45991950368e-11, 2.91767096594e-11, 2.79883755061e-11, 3.92237319013e-11, 1.1606129946e-10, 1.65394989371e-10, 1.06958178425e-10, 2.52026455261e-11, 1.05328272146e-11, 9.86320140145e-12, 3.99430055004e-12], "min": [1.70943850743e-24, 1.93562287554e-24, 1.18972254636e-24, 3.04963706033e-24, 2.11206818308e-24, 2.22227915128e-24, 2.87358480274e-24, 1.89207617585e-24, 3.28233603901e-24, 1.73932963042e-24, 3.99456324881e-24, 3.68174282342e-24, 3.97429110126e-24, 3.77031336485e-24, 3.74960773824e-24, 3.0364486865e-24, 2.70886295434e-24, 3.16923488166e-24, 4.19534767628e-24, 4.68407816707e-24, 3.4478439873e-24, 3.25203175012e-24, 4.20687845613e-24, 2.67438776063e-24, 4.75979895321e-24, 5.06697034565e-24, 4.97535204012e-24, 3.5536109076e-24, 5.63034324972e-24, 4.46298254344e-24, 5.96460688666e-24, 6.20116812833e-24, 4.48870769199e-24, 6.34439410872e-24, 5.98353047648e-24, 6.31892257895e-24, 5.7427026806e-24, 5.84755728327e-24, 7.39172686726e-24, 6.71055257535e-24], "dmean": [0.00186244398355, 0.00180375005584, 0.000854736950714, 0.000482443196233, 0.000239307933953, 0.000155628207722, 0.00012333097402, 0.000161688905791, 0.000216669213842, 0.000181844283361, 9.54066345003e-05, 6.14109449089e-05, 4.56607740489e-05, 7.16309950803e-05, 3.13962336804e-05, 4.46905105491e-05, 2.20905258175e-05, 2.4715118343e-05, 1.39005796882e-05, 1.33151543196e-05, 1.29727513922e-05, 1.3629219211e-05, 9.76346382231e-06, 7.40486711948e-06, 7.3990004239e-06, 5.79763718633e-06, 5.91227035329e-06, 4.62462548967e-06, 2.62173443843e-06, 1.68163296621e-06, 1.50953519551e-06, 1.62027993156e-06, 1.65606991231e-06, 2.32340926232e-06, 2.62190110334e-06, 2.19243361244e-06, 1.0830813153e-06, 7.75464627623e-07, 8.18554724447e-07, 5.85617897286e-07], "mean": [0.00307983485982, 0.00345233082771, 0.00128060614225, 0.000711039057933, 0.000516480242368, 0.000322896958096, 0.00026269024238, 0.000335549964802, 0.000542733818293, 0.000405445985962, 0.000214765779674, 0.000136823160574, 8.89290677151e-05, 0.00014264510537, 6.51453228784e-05, 8.26006871648e