{"tonal": {"thpcp": [1, 0.988405168056, 0.643659949303, 0.845290660858, 0.931739509106, 0.61261677742, 0.522247076035, 0.492701977491, 0.451998710632, 0.793521642685, 0.768739938736, 0.341609984636, 0.360670685768, 0.394514203072, 0.291865080595, 0.467526435852, 0.489127099514, 0.266640812159, 0.296484947205, 0.343230187893, 0.293693840504, 0.466245859861, 0.553164064884, 0.58034992218, 0.784319221973, 0.619015336037, 0.300315052271, 0.231496542692, 0.245159804821, 0.453044325113, 0.734005749226, 0.538804233074, 0.185678437352, 0.201067656279, 0.302610009909, 0.519392907619], "hpcp": {"dmean2": [0.181721195579, 0.195213586092, 0.199084639549, 0.216622054577, 0.230875685811, 0.189157545567, 0.162352085114, 0.148802027106, 0.152262762189, 0.172826558352, 0.164789199829, 0.113961920142, 0.0962842181325, 0.101700492203, 0.102407902479, 0.109594717622, 0.116334997118, 0.101866811514, 0.100578725338, 0.0924646779895, 0.0867707356811, 0.110607109964, 0.12440893054, 0.172444522381, 0.194686606526, 0.145078510046, 0.0920537859201, 0.0781350433826, 0.096396304667, 0.128450140357, 0.132580637932, 0.119701579213, 0.079233340919, 0.0843423902988, 0.109114058316, 0.149180665612], "median": [0.00540012633428, 0.00900446251035, 0.00931472424418, 0.00636985339224, 0.00786175578833, 0.00537419877946, 0.000615761615336, 0.000309446128085, 0.00142945791595, 0.00113155029248, 0.00119073572569, 0.00175498286262, 0.000262584391749, 0.000216672080569, 0.000603410997428, 0.00042116898112, 0.000506692624185, 0.000467938778456, 0.000115098198876, 0.000166413024999, 0.00064200302586, 0.000624931650236, 0.00139341806062, 0.00361062167212, 0.00237405346707, 0.00229453248903, 0.000782061484642, 9.62859921856e-05, 0.000165388410096, 0.000630730181001, 0.000708218314685, 0.000459131493699, 0.000295370322419, 7.13917397661e-05, 0.000112078261736, 0.00157739967108], "min": [0, 0, 0, 0, 0, 0, 0, 0, 0, 0, 0, 0, 0, 0, 0, 0, 0, 0, 0, 0, 0, 0, 0, 0, 0, 0, 0, 0, 0, 0, 0, 0, 0, 0, 0, 0], "dvar2": [0.110583551228, 0.111617326736, 0.110547482967, 0.122132800519, 0.135819613934, 0.105872415006, 0.110642023385, 0.107765130699, 0.105549395084, 0.11543700844, 0.10649407655, 0.0672682523727, 0.065994977951, 0.0733128637075, 0.0718043521047, 0.074809871614, 0.0832179635763, 0.0798561871052, 0.0781070291996, 0.0665296092629, 0.054218865931, 0.0710150972009, 0.0734617114067, 0.106417141855, 0.132889196277, 0.0856944322586, 0.0603139549494, 0.0557955726981, 0.0645614042878, 0.0850161835551, 0.0878203362226, 0.0772012174129, 0.0575567260385, 0.0676415711641, 0.084498770535, 0.0956792905927], "dvar": [0.0463125035167, 0.0464778877795, 0.0415799841285, 0.0492320470512, 0.0542930401862, 0.0401688739657, 0.0420858822763, 0.0418694391847, 0.0381540134549, 0.0453176312149, 0.0443565957248, 0.0251571368426, 0.0252015013248, 0.0293145682663, 0.0258442927152, 0.0293588899076, 0.0323678217828, 0.0281835515052, 0.0286346394569, 0.0266323536634, 0.020078683272, 0.0282919351012, 0.0303521342576, 0.0400655157864, 0.0513588041067, 0.0342113003135, 0.0224061589688, 0.0210797078907, 0.0240920931101, 0.0335593745112, 0.0367494858801, 0.0310995075852, 0.0190017241985, 0.0240551475435, 0.03140553087, 0.036352712661], "dmean": [0.106720976532, 0.114327326417, 0.113707758486, 0.126068308949, 0.133421197534, 0.106990650296, 0.0901871472597, 0.0832067802548, 0.084073856473, 0.0991338938475, 0.0957758724689, 0.0645008683205, 0.0540825463831, 0.0569377355278, 0.0568973086774, 0.0626976266503, 0.066222935915, 0.0551915764809, 0.055449526757, 0.0534717999399, 0.0487104430795, 0.0644136890769, 0.0727933347225, 0.0968022271991, 0.109677039087, 0.0839452520013, 0.0520101301372, 0.0426025427878, 0.0541144758463, 0.0724372342229, 0.0770395547152, 0.0695117339492, 0.042386110872, 0.0453993976116, 0.0597775653005, 0.0831489712], "max": [1, 1, 1, 1, 1, 1, 1, 1, 1, 1, 1, 1, 1, 1, 1, 1, 1, 1, 1, 1, 1, 1, 1, 1, 1, 1, 1, 1, 1, 1, 1, 1, 1, 1, 1, 1], "var": [0.100319504738, 0.0934729203582, 0.0463297814131, 0.0741226002574, 0.0868077278137, 0.0477205887437, 0.0517430715263, 0.0549668185413, 0.0368896536529, 0.0796592906117, 0.078332260251, 0.0226867757738, 0.0373582281172, 0.046829469502, 0.0219455268234, 0.048781260848, 0.0513680577278, 0.0232125744224, 0.0297609325498, 0.0377573445439, 0.0263052396476, 0.046156860888, 0.0567660555243, 0.0482004657388, 0.0790414661169, 0.0585555061698, 0.0254221539944, 0.0263601448387, 0.0214097481221, 0.0417841598392, 0.0835624784231, 0.0531506985426, 0.0132851451635, 0.0207117833197, 0.0334040597081, 0.0483194887638], "mean": [0.176212996244, 0.174169838428, 0.113421246409, 0.148951202631, 0.164184615016, 0.107951037586, 0.0920267254114, 0.0868204906583, 0.0796480476856, 0.139828830957, 0.135461971164, 0.0601961165667, 0.0635548606515, 0.0695185288787, 0.0514304190874, 0.0823842361569, 0.0861905515194, 0.0469855740666, 0.052244503051, 0.0604816190898, 0.0517526715994, 0.0821585804224, 0.097474694252, 0.102265201509, 0.138207241893, 0.109078548849, 0.0529194176197, 0.0407926999032, 0.0432003438473, 0.0798323005438, 0.129341349006, 0.0949443057179, 0.0327189527452, 0.0354307331145, 0.0533238165081, 0.0915237814188]}, "tuning_equal_tempered_deviation": 0.209459170699, "chords_changes_rate": 0.0783820822835, "key_key": "A#", "tuning_diatonic_strength": 0.48792308569, "key_scale": "major", "chords_number_rate": 0.00434186449274, "tuning_frequency": 436.456176758, "tuning_nontempered_energy_ratio": 0.942229986191, "chords_histogram": [6.44424152374, 5.25594139099, 20.9323577881, 10.489030838, 7.35831832886, 1.59963440895, 2.23948812485, 3.13071298599, 1.32541131973, 2.37659955025, 4.34186458588, 0.0914076790214, 0.251371115446, 0.434186458588, 1.85100543499, 0.502742230892, 3.42778801918, 9.18647193909, 0.342778801918, 1.57678246498, 3.15356492996, 6.32998180389, 3.49634361267, 3.86197447777], "key_strength": 0.685813963413, "chords_key": "F", "chords_strength": {"dmean2": 0.0106430677697, "median": 0.446002662182, "min": -1, "dvar2": 0.000965469633229, "dvar": 0.000520043540746, "dmean": 0.0113520771265, "max": 0.732582032681, "var": 0.0248960349709, "mean": 0.438267737627}, "chords_scale": "major", "hpcp_entropy": {"dmean2": 0.850189447403, "median": 1.60186421871, "min": 0, "dvar2": 0.591894447803, "dvar": 0.235407203436, "dmean": 0.509382784367, "max": 4.45358657837, "var": 0.497775912285, "mean": 1.58080017567}}, "metadata": {"audio_properties": {"equal_loudness": 0, "codec": "flac", "downmix": "mix", "sample_rate": 44100, "analysis_sample_rate": 44100, "bit_rate": 0, "md5_encoded": "92a735fc70c9f3d1f333cf2d919f17cf", "length": 203.173339844, "replay_gain": 0.854639053345, "lossless": true}, "version": {"essentia_build_sha": "2d9f1f26377add8aeb1075a9c2973f962c4f09fd", "essentia": "2.1-beta2", "extractor": "music 1.0", "essentia_git_sha": "v2.1_beta2-1-ge3940c0"}, "tags": {"title": ["I Cover The Waterfront"], "media": ["CD"], "albumartist": ["Milt Jackson"], "tracktotal": ["8"], "musicbrainz_releasegroupid": ["d337fdb1-70c7-440c-8df4-ef5356d68a2f"], "performer": ["Milt Jackson (vibraphone)", "Ray Brown (bass)", "Vaughn Andre (guitar)", "John Collins (guitar)", "Jerome Richardson (soprano saxophone)", "Cedar Walton (piano)"], "releasetype": ["album"], "musicbrainz_recordingid": ["1dc16b80-6692-4a4d-9cc4-f18b19ddd5f0"], "musicbrainz_albumartistid": ["2e38e1de-2890-4620-8467-5b0bb4641cb9"], "discnumber": ["1"], "album": ["Bags' Bag"], "file_name": "05 - I Cover the Waterfront.flac", "date": ["1997-05-23"], "genre": ["Jazz"], "disctotal": ["1"], "musicbrainz_artistid": ["2e38e1de-2890-4620-8467-5b0bb4641cb9"], "originaldate": ["1997-05-23"], "musicbrainz_albumid": ["adf33616-a42e-448a-beb1-8bde3148448a"], "artist": ["Milt Jackson"], "artistsort": ["Jackson, Milt"], "tracknumber": ["5"], "label": ["Original Jazz Classics"], "albumartistsort": ["Jackson, Milt"], "acoustid_id": ["35665b1f-5880-4a1a-81df-48695f925c20"], "script": ["Latn"], "releasestatus": ["official"]}}, "rhythm": {"bpm_histogram_first_peak_bpm": {"dmean2": 0, "median": 140, "min": 140, "dvar2": 0, "dvar": 0, "dmean": 0, "max": 140, "var": 0, "mean": 140}, "bpm": 140.103012085, "bpm_histogram_second_peak_spread": {"dmean2": 0, "median": 0.4571428895, "min": 0.4571428895, "dvar2": 0, "dvar": 0, "dmean": 0, "max": 0.4571428895, "var": 0, "mean": 0.4571428895}, "bpm_histogram_first_peak_weight": {"dmean2": 0, "median": 0.14150942862, "min": 0.14150942862, "dvar2": 0, "dvar": 0, "dmean": 0, "max": 0.14150942862, "var": 0, "mean": 0.14150942862}, "onset_rate": 3.42050766945, "beats_position": [0.394739210606, 0.801088392735, 1.19582760334, 1.60217678547, 1.99691605568, 2.40326523781, 2.80961441994, 3.21596360207, 3.63392281532, 4.02866220474, 4.41179132462, 4.80653047562, 5.22448968887, 5.65405893326, 6.08362817764, 6.52480697632, 6.94276618958, 7.36072540283, 7.79029464722, 8.2198638916, 8.66104316711, 9.11383247375, 9.54340076447, 9.96135997772, 10.379319191, 10.7972784042, 11.1920175552, 11.6099767685, 12.0163259506, 12.4226751328, 12.840634346, 13.235373497, 13.6417226791, 14.0596818924, 14.4660310745, 15.0465307236, 15.6154193878, 16.1843090057, 16.7648067474, 17.3569164276, 17.9606342316, 18.5527439117, 19.1448516846, 19.7369613647, 20.3406791687, 20.94439888, 21.548116684, 22.1518363953, 22.7787742615, 23.3941040039, 23.8352832794, 24.2648525238, 24.6944217682, 25.1239910126, 25.5419502258, 25.9599094391, 26.3662586212, 26.7726078033, 27.1789569855, 27.5736961365, 27.9800453186, 28.4212245941, 28.8624038696, 29.291973114, 29.7215423584, 30.1394996643, 30.5690689087, 30.9986381531, 31.4282073975, 31.869386673, 32.2989578247, 32.7401351929, 33.1697044373, 33.5876655579, 34.028842926, 34.4932403564, 34.9576416016, 35.4336509705, 35.9096603394, 36.3856697083, 36.8500671387, 37.3376846313, 37.8020858765, 38.2548751831, 38.7076644897, 39.1952819824, 39.6829032898, 40.2866210938, 40.9019508362, 41.5172767639, 42.1093864441, 42.7014961243, 43.281993866, 43.8392753601, 44.3965530396, 44.9770507813, 45.5807685852, 46.1844902039, 46.7882080078, 47.3919258118, 48.0072555542, 48.6225852966, 49.2030830383, 49.7719726563, 50.3408622742, 50.9213600159, 51.5018577576, 52.1055755615, 52.7092971802, 53.3130149841, 53.9167327881, 54.5436706543, 55.1590003967, 55.7743301392, 56.3896598816, 56.9817695618, 57.5854873657, 58.0498847961, 58.5026741028, 58.9554634094, 59.3850326538, 59.8029937744, 60.2209510803, 60.6505203247, 61.0800895691, 61.5096588135, 61.9508361816, 62.3687973022, 62.8099746704, 63.2395439148, 63.6691131592, 64.0986862183, 64.5282516479, 64.9694290161, 65.3990020752, 65.8401794434, 66.2697525024, 66.7109298706, 67.1404953003, 67.5700683594, 68.0112457275, 68.4408187866, 68.8819961548, 69.3115615845, 69.7527389526, 70.1939239502, 70.6351013184, 71.0762786865, 71.5174560547, 71.9470291138, 72.3882064819, 72.817779541, 73.2589569092, 73.6885223389, 74.1180953979, 74.5360565186, 74.9540100098, 75.3719711304, 75.7783203125, 76.1962814331, 76.6258468628, 77.0554199219, 77.4849853516, 77.9029464722, 78.3209075928, 78.738861084, 79.1568222046, 79.5979995728, 80.0391845703, 80.4571380615, 80.8750991821, 81.3046722412, 81.7342376709, 82.16381073, 82.5933761597, 83.0229492188, 83.4292984009, 83.8472518921, 84.2652130127, 84.6831741333, 85.1011352539, 85.5423126221, 85.9718780518, 86.3550109863, 86.74974823, 87.1560974121, 87.5624465942, 87.9687957764, 88.3751449585, 88.7698822021, 89.1762313843, 89.5941925049, 90.0121536255, 90.4301147461, 90.8364639282, 91.2544174194, 91.67237854, 92.1019515991, 92.5315170288, 92.9378662109, 93.3442153931, 93.7389526367, 94.1336975098, 94.5284347534, 94.9347839355, 95.3527450562, 95.7823104858, 96.2118835449, 96.6530609131, 97.0942382813, 97.5354156494, 97.976600647, 98.4061660767, 98.8241271973, 99.253692627, 99.6716537476, 100.089614868, 100.519180298, 100.913917542, 101.331878662, 101.749839783, 102.167800903, 102.597366333, 103.026939392, 103.444892883, 103.851242065, 104.257591248, 104.652336121, 105.058685303, 105.465034485, 105.859771729, 106.242897034, 106.637641907, 107.020767212, 107.403900146, 107.787025452, 108.181770325, 108.611335754, 109.040908813, 109.458862305, 109.900039673, 110.34122467, 110.794013977, 111.223579407, 111.641540527, 112.036277771, 112.442626953, 112.872200012, 113.290153503, 113.696502686, 114.102851868, 114.497596741, 114.903945923, 115.310295105, 115.705032349, 116.111381531, 116.517730713, 116.935691833, 117.353645325, 117.771606445, 118.189567566, 118.595916748, 119.00226593, 119.397003174, 119.791740417, 120.186485291, 120.581222534, 120.999183655, 121.417137146, 121.835098267, 122.241447449, 122.671020508, 123.088973999, 123.553375244, 124.006164551, 124.458953857, 124.911743164, 125.352920532, 125.79410553, 126.235282898, 126.664848328, 127.094421387, 127.535598755, 128.081268311, 128.638549805, 129.207427979, 129.753097534, 130.29876709, 130.856048584, 131.40171814, 131.970611572, 132.539505005, 133.09677124, 133.654052734, 134.211334229, 134.768615723, 135.325897217, 135.906387329, 136.4868927, 137.055786133, 137.636276245, 138.205169678, 138.77406311, 139.342941284, 139.900222778, 140.469116211, 141.037994385, 141.641723633, 142.245437622, 142.86076355, 143.499313354, 144.137863159, 144.764801025, 145.40335083, 145.960632324, 146.529525757, 147.110015869, 147.678909302, 148.247802734, 148.816680908, 149.373962402, 149.954467773, 150.534957886, 151.115463257, 151.684356689, 152.253234863, 152.810516357, 153.37940979, 153.959899902, 154.540405273, 155.132507324, 155.713012695, 156.293518066, 156.897232056, 157.500946045, 158.116271973, 158.720001221, 159.358551025, 159.985488892, 160.612426758, 161.227752686, 161.854690552, 162.435195923, 163.027297974, 163.607803345, 164.188293457, 164.768798828, 165.34928894, 165.929794312, 166.533508301, 167.137237549, 167.740951538, 168.391113281, 169.041259766, 169.67980957, 170.329971313, 170.968521118, 171.607070923, 172.245620728, 172.884170532, 173.522720337, 174.17288208, 174.811431885, 175.449981689, 176.100128174, 176.750289917, 177.272735596, 177.795196533, 178.306030273, 178.816864014, 179.327713013, 179.86177063, 180.407440186, 180.941497803, 181.47555542, 182.009613037, 182.543670654, 183.066116333, 183.576965332, 184.111022949, 184.552200317, 184.981765747, 185.434555054, 185.88734436, 186.340133667, 186.769699097, 187.222488403, 187.663665771, 188.10484314, 188.546035767, 188.998809814, 189.451599121, 189.892791748, 190.357177734, 190.821578979, 191.274368286, 191.75038147, 192.226394653, 192.702392578, 193.178405762, 193.573150635, 193.967880249, 194.362625122, 194.757369995, 195.140487671, 195.535232544, 195.918365479, 196.301498413, 196.696228027, 197.0909729, 197.485717773, 197.834014893, 198.182312012, 198.530609131, 198.87890625, 199.215591431, 199.55229187, 199.888977051, 200.225662231, 200.573959351, 200.91065979, 201.293777466, 201.6769104, 202.048431396, 202.419952393], "beats_loudness": {"dmean2": 0.291781872511, "median": 0.0524688065052, "min": 0, "dvar2": 0.15972431004, "dvar": 0.0520403236151, "dmean": 0.159930810332, "max": 1.40473031998, "var": 0.0445603951812, "mean": 0.137173339725}, "danceability": 1.0573464632, "bpm_histogram_second_peak_weight": {"dmean2": 0, "median": 0.0896226391196, "min": 0.0896226391196, "dvar2": 0, "dvar": 0, "dmean": 0, "max": 0.0896226391196, "var": 0, "mean": 0.0896226391196}, "beats_count": 425, "bpm_histogram_second_peak_bpm": {"dmean2": 0, "median": 148, "min": 148, "dvar2": 0, "dvar": 0, "dmean": 0, "max": 148, "var": 0, "mean": 148}, "bpm_histogram_first_peak_spread": {"dmean2": 0, "median": 0.612903237343, "min": 0.612903237343, "dvar2": 0, "dvar": 0, "dmean": 0, "max": 0.612903237343, "var": 0, "mean": 0.612903237343}, "beats_loudness_band_ratio": {"dmean2": [0.358027130365, 0.28586396575, 0.194483205676, 0.0461178421974, 0.0144807193428, 0.00493785971776], "median": [0.899119675159, 0.0615704990923, 0.00682611437514, 0.000716018665116, 6.13554439042e-05, 5.63252688153e-05], "min": [0, 0, 0, 0, 0, 0], "dvar2": [0.151357069612, 0.10651550442, 0.11298982054, 0.0262343473732, 0.00611733645201, 0.00267430930398], "dvar": [0.0600303970277, 0.0427109338343, 0.0412478595972, 0.00899236835539, 0.002086737426, 0.000945468142163], "dmean": [0.201593890786, 0.163740068674, 0.107950627804, 0.0246367119253, 0.00760081643239, 0.00275285239331], "max": [0.999860703945, 0.994911491871, 0.984151244164, 0.998857676983, 0.568202257156, 0.503774881363], "var": [0.116688162088, 0.0805608406663, 0.0367919504642, 0.0064496085979, 0.00111896323506, 0.000644119514618], "mean": [0.712002754211, 0.203309103847, 0.0863974615932, 0.0164914131165, 0.00442794058472, 0.00198774482124]}}, "lowlevel": {"barkbands_spread": {"dmean2": 1.83414947987, "median": 1.95820951462, "min": 0.0382970906794, "dvar2": 19.6562271118, "dvar": 7.25753879547, "dmean": 1.1686937809, "max": 116.531913757, "var": 29.7138061523, "mean": 3.4795217514}, "melbands_spread": {"dmean2": 2.0336792469, "median": 1.99517846107, "min": 0.172369077802, "dvar2": 26.2630176544, "dvar": 11.9827299118, "dmean": 1.32449448109, "max": 168.869674683, "var": 241.309020996, "mean": 5.07728815079}, "hfc": {"dmean2": 5.47799873352, "median": 4.49221801758, "min": 1.0822993262e-16, "dvar2": 199.548233032, "dvar": 89.07421875, "dmean": 3.90088653564, "max": 358.715881348, "var": 252.207977295, "mean": 9.74405860901}, "barkbands_kurtosis": {"dmean2": 34.9234657288, "median": 14.4076900482, "min": -1.76004350185, "dvar2": 20641.3554688, "dvar": 7846.28369141, "dmean": 22.0552959442, "max": 3442.58300781, "var": 10918.5400391, "mean": 37.8564720154}, "gfcc": {"mean": [-199.000579834, 151.735061646, -6.68843126297, 11.2535552979, -32.3468322754, 7.9991812706, -28.8870601654, -6.50573778152, -14.1951789856, 3.82590818405, -5.94747400284, -1.2029876709, -8.07103538513], "icov": [[0.000444113335107, -0.00147222995292, 0.000840115826577, -0.00137039937545, 0.0013199452078, -0.00132767937612, 0.000952088914346, -0.000963885511737, 0.000472639891086, -0.000294129393296, 1.25663309518e-05, -9.58672753768e-05, -0.000286307709757], [-0.00147222995292, 0.00591600546613, -0.00301137310453, 0.004939771723, -0.00445923535153, 0.00408204179257, -0.00294756121002, 0.00388961611316, -0.00257370504551, 0.00223365589045, -0.00116854766384, 0.00165915780235, 0.00077943247743], [0.000840115826577, -0.00301137310453, 0.0025958546903, -0.00361735140905, 0.0031745324377, -0.00213007652201, 0.00103183835745, -0.000995540292934, 0.000177807160071, 0.00040497869486, -0.00087490293663, 4.78272158944e-05, -0.000317779340548], [-0.00137039937545, 0.004939771723, -0.00361735140905, 0.00769564323127, -0.00716075766832, 0.00519682746381, -0.00271449121647, 0.00150514603592, 0.000234166160226, -0.000821866851766, 0.00122160848696, -0.000809653662145, 0.00169870210811], [0.0013199452078, -0.00445923535153, 0.0031745324377, -0.00716075766832, 0.0104779740795, -0.00890225544572, 0.00343612628058, -0.000669477391057, -0.00335197034292, 0.00372094009072, -0.00407008128241, 0.00248258048669, -0.00301735661924], [-0.00132767937612, 0.00408204179257, -0.00213007652201, 0.00519682746381, -0.00890225544572, 0.0142384432256, -0.0086310422048, 0.00521713960916, 0.00158616900444, -0.00252173887566, 0.00403586216271, -0.00216334755532, 0.00308257108554], [0.000952088914346, -0.00294756121002, 0.00103183835745, -0.00271449121647, 0.00343612628058, -0.0086310422048, 0.0128438370302, -0.00945364776999, 0.00249248975888, 0.00245511368848, -0.00536386203021, 0.00499710161239, -0.00376427941956], [-0.000963885511737, 0.00388961611316, -0.000995540292934, 0.00150514603592, -0.000669477391057, 0.00521713960916, -0.00945364776999, 0.01724306494, -0.0118831321597, 0.00713780662045, 0.00110888690688, -0.00226440932602, 0.00386619661003], [0.000472639891086, -0.00257370504551, 0.000177807160071, 0.000234166160226, -0.00335197034292, 0.00158616900444, 0.00249248975888, -0.0118831321597, 0.0166226048023, -0.0138598121703, 0.00695219263434, 0.000321879808325, -0.0015031308867], [-0.000294129393296, 0.00223365589045, 0.00040497869486, -0.000821866851766, 0.00372094009072, -0.00252173887566, 0.00245511368848, 0.00713780662045, -0.0138598121703, 0.0198065098375, -0.014326334931, 0.00778361549601, -0.000439569470473], [1.25663309518e-05, -0.00116854766384, -0.00087490293663, 0.00122160848696, -0.00407008128241, 0.00403586216271, -0.00536386203021, 0.00110888690688, 0.00695219263434, -0.014326334931, 0.0193237401545, -0.0135751534253, 0.00574999395758], [-9.58672753768e-05, 0.00165915780235, 4.78272158944e-05, -0.000809653662145, 0.00248258048669, -0.00216334755532, 0.00499710161239, -0.00226440932602, 0.000321879808325, 0.00778361549601, -0.0135751534253, 0.0210614483804, -0.0106080863625], [-0.000286307709757, 0.00077943247743, -0.000317779340548, 0.00169870210811, -0.00301735661924, 0.00308257108554, -0.00376427941956, 0.00386619661003, -0.0015031308867, -0.000439569470473, 0.00574999395758, -0.0106080863625, 0.0158381313086]], "cov": [[17114.6875, 3349.29541016, -1539.5534668, -1.89275717735, 147.303985596, 395.497467041, -199.838348389, 7.02798748016, 258.336914063, 128.96572876, -189.864395142, -344.491455078, -117.960731506], [3349.29541016, 1418.52783203, 299.12612915, -60.0615768433, 175.674743652, 105.380111694, 60.1603927612, -30.2560348511, 136.753295898, 33.5960350037, 13.0954198837, -164.949172974, -63.5008354187], [-1539.5534668, 299.12612915, 1871.20166016, 599.852539063, 152.177810669, 4.16216516495, 175.95123291, -17.5967617035, -65.742729187, -52.270614624, 169.303543091, 36.5188102722, -39.7436790466], [-1.89275717735, -60.0615768433, 599.852539063, 814.387634277, 465.072875977, 143.507476807, 140.937774658, 58.2720146179, 36.4668388367, -13.8929071426, 59.1451568604, 7.02064657211, -6.14046192169], [147.303985596, 175.674743652, 152.177810669, 465.072875977, 712.424377441, 336.981414795, 197.592041016, 28.1734218597, 88.9871902466, -22.0615653992, 29.1451873779, -53.9318695068, 18.543006897], [395.497467041, 105.380111694, 4.16216516495, 143.507476807, 336.981414795, 348.679901123, 185.875869751, -34.3788146973, -77.0101165771, -69.1726913452, 14.5936460495, -8.98881149292, 15.0131397247], [-199.838348389, 60.1603927612, 175.95123291, 140.937774658, 197.592041016, 185.875869751, 346.301635742, 181.265869141, 30.75847435, -121.211860657, -46.9375991821, -51.7806091309, 3.27965331078], [7.02798748016, -30.2560348511, -17.5967617035, 58.2720146179, 28.1734218597, -34.3788146973, 181.265869141, 403.739990234, 310.903015137, -37.9137229919, -188.436386108, -135.129180908, -42.0437316895], [258.336914063, 136.753295898, -65.742729187, 36.4668388367, 88.9871902466, -77.0101165771, 30.75847435, 310.903015137, 564.027526855, 232.808914185, -134.359664917, -224.733459473, -85.6843109131], [128.96572876, 33.5960350037, -52.270614624, -13.8929071426, -22.0615653992, -69.1726913452, -121.211860657, -37.9137229919, 232.808914185, 358.106689453, 134.304046631, -67.4238128662, -71.0585021973], [-189.864395142, 13.0954198837, 169.303543091, 59.1451568604, 29.1451873779, 14.5936460495, -46.9375991821, -188.436386108, -134.359664917, 134.304046631, 300.476257324, 137.196960449, 4.31252098083], [-344.491455078, -164.949172974, 36.5188102722, 7.02064657211, -53.9318695068, -8.98881149292, -51.7806091309, -135.129180908, -224.733459473, -67.4238128662, 137.196960449, 225.394821167, 91.9803085327], [-117.960731506, -63.5008354187, -39.7436790466, -6.14046192169, 18.543006897, 15.0131397247, 3.27965331078, -42.0437316895, -85.6843109131, -71.0585021973, 4.31252098083, 91.9803085327, 125.582839966]]}, "spectral_energyband_middle_low": {"dmean2": 0.00656099524349, "median": 0.00624667759985, "min": 1.70328372788e-22, "dvar2": 0.000232270060224, "dvar": 0.000113466012408, "dmean": 0.00478826090693, "max": 0.480687558651, "var": 0.000370664318325, "mean": 0.0119125591591}, "melbands_crest": {"dmean2": 4.5309510231, "median": 20.6703262329, "min": 1.56439900398, "dvar2": 20.6897106171, "dvar": 8.00079059601, "dmean": 2.85165333748, "max": 34.2202453613, "var": 34.2676544189, "mean": 20.5201282501}, "spectral_kurtosis": {"dmean2": 18.2411499023, "median": 37.3723220825, "min": -1.26355493069, "dvar2": 379.356719971, "dvar": 168.323348999, "dmean": 12.0077152252, "max": 182.212371826, "var": 676.976501465, "mean": 41.686630249}, "spectral_rms": {"dmean2": 0.0020848386921, "median": 0.00495438883081, "min": 3.13268009623e-12, "dvar2": 1.15870398076e-05, "dvar": 5.61556817047e-06, "dmean": 0.00150805420708, "max": 0.0398034453392, "var": 3.35143085977e-05, "mean": 0.00669950991869}, "zerocrossingrate": {"dmean2": 0.00370187405497, "median": 0.01025390625, "min": 0.001953125, "dvar2": 0.000111181318061, "dvar": 5.64058791497e-05, "dmean": 0.00275747757405, "max": 0.5205078125, "var": 0.00322556309402, "mean": 0.0195263400674}, "silence_rate_60dB": {"dmean2": 0.0781803652644, "median": 0, "min": 0, "dvar2": 0.0796090364456, "dvar": 0.0375565886497, "dmean": 0.0390857160091, "max": 1, "var": 0.110584206879, "mean": 0.126614108682}, "erbbands_kurtosis": {"dmean2": 10.7658405304, "median": 6.72353172302, "min": -1.90329670906, "dvar2": 432.985870361, "dvar": 183.119445801, "dmean": 7.14823961258, "max": 335.597015381, "var": 739.779052734, "mean": 16.585477829}, "erbbands": {"dmean2": [0.872324883938, 8.69511413574, 13.9684000015, 7.9804816246, 8.22966194153, 6.44306564331, 6.23780965805, 7.88267040253, 11.4490413666, 13.6906147003, 24.4324932098, 9.29320240021, 2.99075675011, 4.78556537628, 3.34799289703, 2.00437712669, 3.8179256916, 2.921697855, 2.91142725945, 3.37279582024, 3.29431915283, 1.46422886848, 2.17127776146, 0.474663943052, 0.198087587953, 0.22607922554, 0.967043220997, 0.72830760479, 0.227267205715, 0.053629681468, 0.0387796200812, 0.0391765087843, 0.0273506753147, 0.0136884031817, 0.00775688374415, 0.00349346827716, 0.00121533428319, 0.000319805898471, 6.98249059496e-05, 5.20257199241e-05], "median": [0.139479458332, 1.21848642826, 3.25349235535, 3.59577918053, 3.54673433304, 3.39214491844, 2.83245968819, 2.32806611061, 2.08774662018, 1.79213654995, 0.387743592262, 0.204645231366, 0.140614807606, 0.164156883955, 0.1554697752, 0.128801256418, 0.10363021493, 0.0650133490562, 0.0390739999712, 0.0193571839482, 0.0140066901222, 0.010073678568, 0.00656884582713, 0.00523151550442, 0.00422067195177, 0.00380452675745, 0.00407624663785, 0.0036597517319, 0.00366804515943, 0.0036077296827, 0.00371221778914, 0.00362989515997, 0.00319642061368, 0.00255653192289, 0.00187037442811, 0.00118522509001, 0.000608568778262, 0.000222986127483, 6.52275775792e-05, 3.28254900523e-05], "min": [1.04529705564e-22, 5.73467950766e-22, 2.50458212967e-21, 4.75786897029e-21, 1.04055314403e-20, 7.64434843344e-21, 4.02181514613e-20, 3.95241533897e-20, 1.20298259426e-19, 1.30217318193e-19, 2.68679300649e-19, 2.36400981237e-19, 5.52171803405e-19, 6.35546180778e-19, 6.25718241125e-19, 1.47474154003e-18, 1.52980323109e-18, 1.87433150425e-18, 2.16622803278e-18, 2.72376679079e-18, 2.92432003903e-18, 4.93690299534e-18, 6.14985210786e-18, 5.23241450995e-18, 6.33091036342e-18, 9.37424101308e-18, 1.05579356425e-17, 8.8825383872e-18, 1.13427389651e-17, 1.0021443668e-17, 1.04577285015e-17, 9.56964175328e-18, 9.43040244077e-18, 8.51741093865e-18, 6.18017737629e-18, 4.27134189395e-18, 2.3255324722e-18, 8.99518280904e-19, 2.47063571978e-19, 2.7834230178e-20], "dvar2": [6.38990497589, 624.605407715, 1621.4543457, 471.359588623, 453.145233154, 239.861846924, 233.686233521, 551.355834961, 2319.85546875, 5093.10986328, 65436.4335938, 9592.15332031, 1368.33227539, 11048.1835938, 5367.44970703, 267.622131348, 1415.52148438, 743.282958984, 431.169799805, 1296.75146484, 2616.87280273, 272.027862549, 7714.23388672, 82.6237030029, 3.10786724091, 3.92797660828, 695.278137207, 206.457702637, 25.0945186615, 0.402282297611, 0.231395170093, 0.242497935891, 0.183831214905, 0.0201193820685, 0.00997498445213, 0.00214450224303, 0.000331301736878, 2.16899388761e-05, 8.97858399185e-07, 1.75496506216e-08], "dvar": [3.51929497719, 274.920349121, 733.575500488, 222.380233765, 215.434371948, 127.659812927, 137.195556641, 284.471984863, 1057.35314941, 2561.31811523, 30688.7167969, 6023.27880859, 1107.78344727, 6622.79443359, 2058.18432617, 135.328201294, 751.276855469, 391.566802979, 178.880081177, 609.455322266, 1051.52392578, 102.503494263, 2779.27758789, 31.6235103607, 1.14876806736, 1.42899441719, 239.720977783, 75.3301467896, 8.5289478302, 0.137285098433, 0.0832363665104, 0.100029893219, 0.0617328807712, 0.00738997105509, 0.00337069458328, 0.000739395152777, 0.000113571455586, 7.35165212973e-06, 3.02340907865e-07, 8.04247246577e-09], "dmean": [0.648683309555, 5.78804683685, 9.25984573364, 5.51607561111, 5.62071704865, 4.99232244492, 4.77656126022, 5.94034051895, 7.73270368576, 10.0729322433, 17.4629459381, 8.08591270447, 2.52939534187, 4.00529766083, 2.22306370735, 1.38278794289, 2.74601149559, 2.05874824524, 1.83998823166, 2.34927463531, 2.15557861328, 0.878648281097, 1.24065554142, 0.276394754648, 0.112605921924, 0.129011586308, 0.531407833099, 0.413314700127, 0.121593944728, 0.0294630657881, 0.0225946325809, 0.0239710044116, 0.0148528339341, 0.00779739487916, 0.00424107909203, 0.00193256034981, 0.000661993632093, 0.000171896885149, 4.05250466429e-05, 3.65420564776e-05], "max": [47.5796127319, 376.055908203, 627.135253906, 344.261993408, 410.246795654, 289.84954834, 458.947967529, 587.978759766, 1744.06616211, 2350.92797852, 11647.5605469, 5074.45556641, 3074.40698242, 7002.72265625, 3413.24731445, 724.30847168, 1773.51733398, 1454.16015625, 577.048522949, 1614.99841309, 2318.51953125, 432.804229736, 3898.79052734, 312.562957764, 46.4695777893, 45.1444664001, 1023.00177002, 404.244781494, 189.534957886, 15.7228336334, 15.6914691925, 18.1228733063, 12.0718307495, 3.76541638374, 2.46558642387, 1.0716252327, 0.546399176121, 0.12319624424, 0.0312719717622, 0.00191198522225], "var": [17.1122875214, 771.214172363, 1633.60534668, 676.976623535, 647.750915527, 499.658538818, 514.97467041, 1030.16003418, 2354.20239258, 6976.24951172, 78755.0234375, 28513.7050781, 5002.50976563, 20494.0546875, 2245.40576172, 536.202758789, 2192.45751953, 694.315307617, 248.042617798, 1219.33312988, 1123.83532715, 92.1539230347, 1877.48840332, 26.1274738312, 0.809461474419, 0.948888421059, 134.837768555, 49.2699508667, 4.63178873062, 0.0749562308192, 0.0598267093301, 0.0963022261858, 0.032298527658, 0.00495544821024, 0.00180435215589, 0.000441547628725, 6.23218438704e-05, 3.89351225749e-06, 1.62193160236e-07, 2.67869957327e-08], "mean": [1.56551337242, 11.9772338867, 17.369758606, 13.3907670975, 11.5876121521, 11.4092721939, 10.2721538544, 13.0143156052, 14.8978376389, 20.6620368958, 34.7925987244, 17.7516498566, 5.44661617279, 7.62059259415, 3.88150644302, 3.10652709007, 5.35917472839, 3.12112832069, 2.36528229713, 3.40905475616, 2.53539419174, 0.894426763058, 0.914257347584, 0.226310878992, 0.0876219943166, 0.0932526513934, 0.338204562664, 0.283959984779, 0.0800055116415, 0.0227563958615, 0.0206246413291, 0.0224208198488, 0.0125389238819, 0.00767078576609, 0.00441357027739, 0.00233371858485, 0.000946911517531, 0.00029965036083, 9.9480690551e-05, 9.28589579416e-05]}, "spectral_strongpeak": {"dmean2": 0.502593994141, "median": 0.621701657772, "min": 0, "dvar2": 1.16640985012, "dvar": 0.480729401112, "dmean": 0.322237789631, "max": 15.2916355133, "var": 0.980341851711, "mean": 0.850154042244}, "spectral_energy": {"dmean2": 0.0465609766543, "median": 0.0251596160233, "min": 1.0059027582e-20, "dvar2": 0.013139039278, "dvar": 0.00627487013116, "dmean": 0.03294724226, "max": 1.62392199039, "var": 0.022420393303, "mean": 0.0803574174643}, "average_loudness": 0.301962614059, "spectral_rolloff": {"dmean2": 127.773147583, "median": 236.865234375, "min": 64.599609375, "dvar2": 348368.9375, "dvar": 139058.546875, "dmean": 69.9979400635, "max": 19444.4824219, "var": 4480663, "mean": 540.791442871}, "spectral_centroid": {"dmean2": 85.6207351685, "median": 258.757019043, "min": 67.5202484131, "dvar2": 59022.265625, "dvar": 28032.7148438, "dmean": 55.0069923401, "max": 11520.9453125, "var": 1513634.125, "mean": 443.461303711}, "pitch_salience": {"dmean2": 0.108702220023, "median": 0.392085045576, "min": 0.0232510697097, "dvar2": 0.0131801860407, "dvar": 0.00496414629743, "dmean": 0.0675060600042, "max": 0.974930405617, "var": 0.0191898569465, "mean": 0.388378292322}, "spectral_energyband_middle_high": {"dmean2": 0.000506144890096, "median": 3.74499250029e-05, "min": 1.17026356611e-21, "dvar2": 1.64011889865e-05, "dvar": 8.08548156783e-06, "dmean": 0.000365735060768, "max": 0.18292221427, "var": 1.99218848138e-05, "mean": 0.000652811839245}, "spectral_contrast_coeffs": {"dmean2": [0.0703939273953, 0.0736412629485, 0.0548257119954, 0.0485209673643, 0.0312761738896, 0.027377538383], "median": [-0.607225716114, -0.599133610725, -0.808146476746, -0.820332348347, -0.877350151539, -0.874186336994], "min": [-0.978996098042, -0.981781125069, -0.977221786976, -0.972093105316, -0.967310428619, -0.965087771416], "dvar2": [0.00370221748017, 0.00518222991377, 0.00268048932776, 0.00243209581822, 0.000951931346208, 0.00105192419142], "dvar": [0.00167166732717, 0.00218860781752, 0.0012170112459, 0.00110141688492, 0.00042447031592, 0.000444628385594], "dmean": [0.0453220680356, 0.0471210516989, 0.0355641394854, 0.0308998040855, 0.0198558177799, 0.0170318670571], "max": [-0.194091126323, -0.26749765873, -0.275189399719, -0.490200668573, -0.558631241322, -0.566711008549], "var": [0.0123512661085, 0.0175006370991, 0.0106072602794, 0.00723757408559, 0.00218505272642, 0.00123767601326], "mean": [-0.609440982342, -0.60293585062, -0.783638000488, -0.802802860737, -0.863904416561, -0.863748788834]}, "melbands_skewness": {"dmean2": 1.24565064907, "median": 2.18002748489, "min": -6.35159778595, "dvar2": 2.60341119766, "dvar": 1.04108214378, "dmean": 0.802697062492, "max": 23.9760189056, "var": 4.17778873444, "mean": 2.37383937836}, "spectral_spread": {"dmean2": 884026.1875, "median": 2250552.25, "min": 638159.9375, "dvar2": 1246175821820.0, "dvar": 599832526848, "dmean": 565804.8125, "max": 43274232, "var": 20562048974800.0, "mean": 3097012.25}, "dissonance": {"dmean2": 0.0852177515626, "median": 0.346749395132, "min": 0.0854388549924, "dvar2": 0.00654015131295, "dvar": 0.00244488543831, "dmean": 0.0513211004436, "max": 0.5, "var": 0.00781804416329, "mean": 0.338561415672}, "spectral_skewness": {"dmean2": 1.29270648956, "median": 5.27710962296, "min": -0.0699339881539, "dvar2": 1.84536910057, "dvar": 0.792001366615, "dmean": 0.849055349827, "max": 12.1532640457, "var": 3.43970751762, "mean": 5.28660488129}, "spectral_flux": {"dmean2": 0.0709976255894, "median": 0.0469552725554, "min": 6.38332720015e-11, "dvar2": 0.0131213283166, "dvar": 0.00504259066656, "dmean": 0.0431685894728, "max": 0.854103624821, "var": 0.00800022948533, "mean": 0.0771734043956}, "spectral_contrast_valleys": {"dmean2": [0.59414935112, 0.690803945065, 0.835428774357, 0.881448805332, 0.653905630112, 0.341230213642], "median": [-7.14593839645, -8.62643909454, -9.72465324402, -10.5818681717, -10.8483686447, -12.3850383759], "min": [-28.0778961182, -28.0756855011, -27.8423919678, -27.5756568909, -27.59425354, -27.4572639465], "dvar2": [0.306138575077, 0.509588837624, 0.781367063522, 0.977072358131, 0.660590052605, 0.250563144684], "dvar": [0.156717643142, 0.228912636638, 0.33938896656, 0.400644809008, 0.267146468163, 0.10733319819], "dmean": [0.373238742352, 0.437575817108, 0.533945977688, 0.554713726044, 0.401977926493, 0.202896371484], "max": [-4.65879583359, -5.16659975052, -5.51450252533, -5.1826915741, -5.80606794357, -8.56980895996], "var": [6.74293851852, 5.6883058548, 5.20525693893, 4.87882614136, 4.06028175354, 3.01312708855], "mean": [-7.63036823273, -8.95959186554, -9.91153240204, -10.646572113, -10.886557579, -12.4832105637]}, "erbbands_flatness_db": {"dmean2": 0.0451079756021, "median": 0.304242908955, "min": 0.0319723188877, "dvar2": 0.00249434891157, "dvar": 0.00100554199889, "dmean": 0.0304044578224, "max": 0.557462692261, "var": 0.00491459388286, "mean": 0.297948747873}, "spectral_energyband_high": {"dmean2": 3.67359098163e-05, "median": 1.47184903199e-06, "min": 7.0330692309e-21, "dvar2": 3.43968594052e-07, "dvar": 1.20745909271e-07, "dmean": 2.05794149224e-05, "max": 0.0179860778153, "var": 7.2111248528e-08, "mean": 1.5149526007e-05}, "spectral_entropy": {"dmean2": 0.556938290596, "median": 5.0491938591, "min": 3.3161547184, "dvar2": 0.491643846035, "dvar": 0.192287564278, "dmean": 0.358370184898, "max": 9.82237148285, "var": 0.801047921181, "mean": 5.23688697815}, "silence_rate_20dB": {"dmean2": 0.0507486574352, "median": 1, "min": 0, "dvar2": 0.0538829378784, "dvar": 0.0247256718576, "dmean": 0.0253714285791, "max": 1, "var": 0.0549871623516, "mean": 0.94160670042}, "melbands_flatness_db": {"dmean2": 0.0681965649128, "median": 0.536218285561, "min": 0.00252340221778, "dvar2": 0.00619559222832, "dvar": 0.00255476194434, "dmean": 0.0442850738764, "max": 0.872911095619, "var": 0.0175264216959, "mean": 0.537784993649}, "barkbands": {"dmean2": [0.000624782172963, 0.0356664732099, 0.0100778779015, 0.00273169693537, 0.00201251986437, 0.00089235638734, 0.000775118416641, 0.0011454714695, 0.000387999491068, 0.00012170195987, 8.27952899272e-05, 5.3310282965e-05, 8.99899168871e-05, 5.00003661728e-05, 5.86074093007e-05, 6.922816101e-05, 2.58732234215e-05, 3.22775958921e-05, 4.53717848359e-06, 5.66434437133e-06, 2.31111589528e-05, 6.11448149357e-06, 1.3896924429e-06, 1.77903552867e-06, 1.14539886908e-06, 6.84915562488e-07, 3.33693463972e-07], "median": [0.000122653480503, 0.00536378426477, 0.00213744607754, 0.000672002439387, 0.00117604003754, 0.000286957307253, 8.48124182085e-05, 1.25435708469e-05, 4.75304523206e-06, 2.61888635578e-06, 2.78691413769e-06, 2.64891150437e-06, 1.76607795765e-06, 6.4345329065e-07, 3.61663495596e-07, 2.40900590143e-07, 1.56515937988e-07, 1.01283895049e-07, 8.10202465118e-08, 7.88906859839e-08, 9.47773486359e-08, 1.01392906515e-07, 1.2745996969e-07, 1.8111892075e-07, 2.41389159328e-07, 3.11936361186e-07, 3.72102732626e-07], "min": [4.20590657949e-25, 3.22982373792e-24, 1.00590848911e-24, 1.05485346259e-24, 2.7469848548e-24, 5.4885687734e-24, 6.27843271527e-24, 5.92546755285e-24, 9.73044780461e-24, 2.07278472438e-23, 1.88001078497e-23, 2.65815675029e-23, 3.05081731457e-23, 3.9897454386e-23, 4.41490391674e-23, 4.28990385759e-23, 7.77111232245e-23, 1.08023797705e-22, 9.96710986271e-23, 2.0117147103e-22, 2.30130819918e-22, 2.96583957703e-22, 4.32757884469e-22, 5.20940012872e-22, 8.81041359345e-22, 1.36658456493e-21, 1.88590111468e-21], "dvar2": [2.31414219343e-06, 0.0105774067342, 0.00096399121685, 6.31674993201e-05, 1.95305310626e-05, 5.78574781684e-06, 1.02496605905e-05, 9.52107511694e-05, 1.97833815037e-05, 6.43310659143e-06, 2.57327019426e-06, 2.32207042927e-07, 7.54796701585e-07, 2.83476168761e-07, 2.00428530661e-07, 7.97474626779e-07, 9.66175690564e-08, 1.63365905337e-06, 5.50319612103e-09, 3.54597107233e-09, 2.45975968483e-07, 3.30807203852e-08, 2.77792733261e-10, 5.64204460929e-10, 1.51030243867e-10, 9.42781755442e-11, 2.92116747458e-11], "dvar": [9.74968656919e-07, 0.00489694718271, 0.000417049945099, 3.09614697471e-05, 9.93912090053e-06, 3.06120250571e-06, 4.55821145806e-06, 4.50743063993e-05, 1.2107027942e-05, 4.25247253588e-06, 9.69449274635e-07, 1.08321408732e-07, 3.87992542983e-07, 1.4890056832e-07, 8.81624018234e-08, 3.38449410719e-07, 3.75257442897e-08, 5.8729108332e-07, 2.46690712302e-09, 1.39748257411e-09, 8.65907594516e-08, 1.11849018936e-08, 9.62500912305e-11, 2.08832215409e-10, 5.24798919599e-11, 3.22944622433e-11, 9.82614337119e-12], "dmean": [0.000394271773985, 0.0245378930122, 0.00665637711063, 0.00184187071864, 0.00149296491873, 0.000667959859129, 0.000518226181157, 0.000833695055917, 0.000328940193867, 0.000106800893263, 5.27911979589e-05, 3.64986335626e-05, 6.39943900751e-05, 3.36009579769e-05, 3.82588295906e-05, 4