{"metadata": {"tags": {"musicbrainz_artistid": ["0278f30f-266b-4261-ba3a-67491555eab0"], "artist": ["Rahul Dev Burman"], "musicip_puid": ["09fd97ca-e7ee-cfb8-1587-25a0fb66435e"], "releasedate": ["2000-07-31"], "artistsort": ["Burman, Rahul Dev"], "title": ["Chura Liya"], "tracknumber": ["7/15"], "musicbrainz_albumartistid": ["89ad4ac3-39f7-470e-963a-56509c546377"], "musicbrainz album release country": ["GB"], "album": ["Bollywood Funk: Funky Tunes From 60's and 70's Bollywood Movies"], "musicbrainz album type": ["compilation"], "musicbrainz_recordingid": ["1dc5b718-28a5-47ba-97ed-d13a0a655705"], "taggingdate": ["2007-06-11T02:18:35"], "date": ["2000-07-31"], "file_name": "Bollywood Funk: Funky Tunes From 60's and 70's Bollywood Movies-07-Rahul Dev Burman-Chura Liya.mp3", "musicbrainz_albumid": ["5f236f6e-94a8-41db-bca5-d15e35ccbab6"], "musicbrainz album status": ["official"]}, "audio_properties": {"sample_rate": 44100, "downmix": "mix", "lossless": false, "analysis_sample_rate": 44100, "md5_encoded": "48afc75d60dbdf10f862f854eb861ede", "equal_loudness": 0, "replay_gain": -10.9780292511, "codec": "mp3", "bit_rate": 160000, "length": 287.660400391}, "version": {"extractor": "music 1.0", "essentia_build_sha": "70f2e5ece6736b2c40cc944ad0e695b16b925413", "essentia_git_sha": "v2.1_beta2", "essentia": "2.1-beta2"}}, "rhythm": {"beats_loudness_band_ratio": {"dvar2": [0.137610837817, 0.107252836227, 0.111062511802, 0.0669585168362, 0.0269402191043, 0.016087539494], "var": [0.0727735161781, 0.066523514688, 0.0780070871115, 0.0249610543251, 0.0122717805207, 0.00487864436582], "min": [0, 0, 0, 0, 0, 0], "dmean": [0.234165847301, 0.176649168134, 0.22450068593, 0.128750026226, 0.0713706612587, 0.0436561070383], "mean": [0.264843285084, 0.224085405469, 0.323638886213, 0.120224952698, 0.0720135942101, 0.0421995408833], "max": [0.978055417538, 0.967956244946, 0.993092894554, 0.87720233202, 0.713082611561, 0.900776565075], "dmean2": [0.411983281374, 0.31089168787, 0.376201272011, 0.223373964429, 0.122008576989, 0.0755065307021], "median": [0.161025613546, 0.119868889451, 0.222729459405, 0.0484082773328, 0.0303190797567, 0.0181764382869], "dvar": [0.0581021383405, 0.0423622280359, 0.0461632907391, 0.024146437645, 0.010004802607, 0.00623692013323]}, "bpm_histogram_first_peak_weight": {"dvar2": 0, "var": 0, "min": 0.736842095852, "dmean": 0, "mean": 0.736842095852, "max": 0.736842095852, "dmean2": 0, "median": 0.736842095852, "dvar": 0}, "bpm": 80.1659622192, "beats_count": 400, "bpm_histogram_first_peak_spread": {"dvar2": 0, "var": 0, "min": 0.109090864658, "dmean": 0, "mean": 0.109090864658, "max": 0.109090864658, "dmean2": 0, "median": 0.109090864658, "dvar": 0}, "danceability": 1.00073134899, "bpm_histogram_first_peak_bpm": {"dvar2": 0, "var": 0, "min": 81, "dmean": 0, "mean": 81, "max": 81, "dmean2": 0, "median": 81, "dvar": 0}, "beats_position": [0.673378646374, 1.35836732388, 2.0549659729, 2.76317453384, 3.50621318817, 4.26086139679, 5.01551008224, 5.7701587677, 6.53641700745, 7.31428575516, 8.08054447174, 8.83519268036, 9.58984088898, 10.3444900513, 11.0991382599, 11.8421764374, 12.5736055374, 13.2818136215, 14.0132427216, 14.756280899, 15.4877090454, 16.2539672852, 16.9853973389, 17.7400455475, 18.4714736938, 19.2261219025, 19.9575500488, 20.6889801025, 21.43201828, 22.1750564575, 22.918094635, 23.6611328125, 24.4157810211, 25.1704311371, 25.9134693146, 26.6565074921, 27.3995456696, 28.1309738159, 28.8740139008, 29.6170520782, 30.3717002869, 31.1379585266, 31.8926067352, 32.6472549438, 33.4019050598, 34.1449432373, 34.8763694763, 35.6194114685, 36.3740577698, 37.1170959473, 37.848526001, 38.57995224, 39.3113822937, 40.0544204712, 40.8090705872, 41.5637168884, 42.3183670044, 43.0730133057, 43.8276634216, 44.5707015991, 45.3137397766, 46.0567779541, 46.7998161316, 47.5428581238, 48.297504425, 49.0405426025, 49.78358078, 50.5266189575, 51.2812690735, 52.0359191895, 52.8021774292, 53.5452156067, 54.2882537842, 55.0429000854, 55.7975502014, 56.5405883789, 57.2836265564, 58.0266647339, 58.7697029114, 59.5127410889, 60.2557830811, 60.9988212585, 61.741859436, 62.4848976135, 63.227935791, 63.9709739685, 64.714012146, 65.4570541382, 66.2117004395, 66.9663467407, 67.7093887329, 68.4524230957, 69.1954650879, 69.9384994507, 70.6931533813, 71.4477996826, 72.2140579224, 72.9687042236, 73.7233581543, 74.4780044556, 75.2326507568, 75.975692749, 76.7187271118, 77.4733810425, 78.2280273438, 78.9710617065, 79.7257156372, 80.46875, 81.2233963013, 81.9664382935, 82.7210845947, 83.4757385254, 84.2303848267, 84.9734191895, 85.7280731201, 86.4827194214, 87.2373657227, 87.9920196533, 88.7466659546, 89.4897003174, 90.244354248, 90.9990005493, 91.7536468506, 92.4966888428, 93.2281188965, 93.9711532593, 94.7141952515, 95.4688415527, 96.223487854, 96.9665298462, 97.709564209, 98.4526062012, 99.1956481934, 99.9386825562, 100.681724548, 101.424758911, 102.167800903, 102.910835266, 103.653877258, 104.396911621, 105.151565552, 105.917823792, 106.672470093, 107.415504456, 108.158546448, 108.913192749, 109.66784668, 110.410881042, 111.153923035, 111.896957397, 112.63999939, 113.383033752, 114.126075745, 114.869110107, 115.600540161, 116.343582153, 117.098228455, 117.852874756, 118.595916748, 119.327346802, 120.070381165, 120.801811218, 121.55645752, 122.287887573, 123.042533875, 123.808792114, 124.551834106, 125.28326416, 126.026298523, 126.769340515, 127.512374878, 128.243804932, 128.986846924, 129.741500854, 130.496139526, 131.239181519, 131.982223511, 132.725265503, 133.468292236, 134.19972229, 134.931152344, 135.685806274, 136.428848267, 137.183486938, 137.926528931, 138.704391479, 139.482269287, 140.248519897, 141.014785767, 141.792648315, 142.570526123, 143.348388672, 144.126251221, 144.904129028, 145.681991577, 146.448257446, 147.202896118, 147.957550049, 148.712203979, 149.466842651, 150.209884644, 150.964538574, 151.719177246, 152.473831177, 153.228485107, 153.983123779, 154.749389648, 155.50402832, 156.247070312, 156.990112305, 157.756362915, 158.511016846, 159.265670776, 160.020309448, 160.774963379, 161.52961731, 162.284255981, 163.038909912, 163.781951904, 164.536590576, 165.279632568, 166.034286499, 166.777328491, 167.531967163, 168.275009155, 169.018051147, 169.772689819, 170.515731812, 171.270385742, 172.025024414, 172.779678345, 173.522720337, 174.265762329, 175.020401001, 175.775054932, 176.541305542, 177.284347534, 178.027389526, 178.793640137, 179.559906006, 180.302947998, 181.04598999, 181.789016724, 182.532058716, 183.275100708, 184.0181427, 184.772781372, 185.527435303, 186.270477295, 187.013504028, 187.756546021, 188.499588013, 189.254241943, 190.008880615, 190.763534546, 191.529785156, 192.214782715, 192.899765015, 193.468658447, 194.03755188, 194.606430054, 195.186935425, 195.767440796, 196.324707031, 196.893600464, 197.462493896, 198.03137207, 198.600265503, 199.180770874, 199.761260986, 200.353378296, 200.945480347, 201.537597656, 202.118087769, 202.686981201, 203.255874634, 203.824752808, 204.382034302, 204.939315796, 205.49659729, 206.053878784, 206.611160278, 207.168426514, 207.737319946, 208.282989502, 208.840270996, 209.39755249, 209.966430664, 210.535324097, 211.092605591, 211.649887085, 212.207168579, 212.764434814, 213.321716309, 213.878997803, 214.436279297, 214.993560791, 215.550842285, 216.108108521, 216.665390015, 217.222671509, 217.779953003, 218.325622559, 218.894515991, 219.451782227, 220.009063721, 220.566345215, 221.135238647, 221.692520142, 222.261398315, 222.841903687, 223.422393799, 223.979675293, 224.536956787, 225.082626343, 225.628295898, 226.173965454, 226.71963501, 227.276916504, 227.82258606, 228.379852295, 228.971969604, 229.575683594, 230.341949463, 231.119812012, 231.897689819, 232.66394043, 233.430206299, 234.196456909, 234.939498901, 235.682540894, 236.437179565, 237.180221558, 237.92326355, 238.677902222, 239.432556152, 240.175598145, 240.918640137, 241.673278809, 242.416320801, 243.170974731, 243.914016724, 244.668655396, 245.411697388, 246.166351318, 246.909378052, 247.664031982, 248.407073975, 249.161712646, 249.916366577, 250.659408569, 251.402450562, 252.145477295, 252.900131226, 253.654785156, 254.39781189, 255.129241943, 255.883895874, 256.626922607, 257.3699646, 258.101409912, 258.844451904, 259.599090576, 260.342132568, 261.09677124, 261.851409912, 262.594451904, 263.337493896, 264.080535889, 264.823577881, 265.566619873, 266.321258545, 267.087524414, 267.818939209, 268.561981201, 269.305023193, 270.048065186, 270.791107178, 271.53414917, 272.277191162, 273.031829834, 273.774871826, 274.529510498, 275.27255249, 276.015594482, 276.758636475, 277.501678467, 278.244720459, 278.987762451, 279.730773926, 280.462219238, 281.20526123, 281.959899902, 282.702941895, 283.445983887, 284.189025879, 284.932067871, 285.663482666, 286.383300781, 287.137939453], "beats_loudness": {"dvar2": 0.000507155957166, "var": 0.000340248167049, "min": 0, "dmean": 0.0125329634175, "mean": 0.026688542217, "max": 0.123089827597, "dmean2": 0.0212969053537, "median": 0.0245714373887, "dvar": 0.000201208415092}, "bpm_histogram_second_peak_weight": {"dvar2": 0, "var": 0, "min": 0.0751879662275, "dmean": 0, "mean": 0.0751879662275, "max": 0.0751879662275, "dmean2": 0, "median": 0.0751879662275, "dvar": 0}, "bpm_histogram_second_peak_spread": {"dvar2": 0, "var": 0, "min": 0.433962285519, "dmean": 0, "mean": 0.433962285519, "max": 0.433962285519, "dmean2": 0, "median": 0.433962285519, "dvar": 0}, "bpm_histogram_second_peak_bpm": {"dvar2": 0, "var": 0, "min": 108, "dmean": 0, "mean": 108, "max": 108, "dmean2": 0, "median": 108, "dvar": 0}, "onset_rate": 3.67084693909}, "lowlevel": {"spectral_energyband_high": {"dvar2": 2.0310984894e-07, "var": 2.14147746647e-07, "min": 6.98941202758e-21, "dmean": 0.000137461203849, "mean": 0.000258196116192, "max": 0.00570891797543, "dmean2": 0.000207580349525, "median": 8.06051248219e-05, "dvar": 8.76734773669e-08}, "spectral_energyband_middle_low": {"dvar2": 8.0241021351e-05, "var": 0.000242175665335, "min": 2.02171014595e-22, "dmean": 0.00462368037552, "mean": 0.0169470869005, "max": 0.136063590646, "dmean2": 0.00673708599061, "median": 0.0131656341255, "dvar": 4.02607074648e-05}, "spectral_energy": {"dvar2": 7.23581397324e-05, "var": 0.000285311747575, "min": 1.0021273734e-20, "dmean": 0.0046164104715, "mean": 0.0242142919451, "max": 0.144867047668, "dmean2": 0.00679531646892, "median": 0.0226586833596, "dvar": 3.62844766642e-05}, "spectral_spread": {"dvar2": 670387404800, "var": 8504737792000.0, "min": 1170693.375, "dmean": 416831.40625, "mean": 3481155, "max": 42985644, "dmean2": 604563.3125, "median": 3175938, "dvar": 349591502848}, "spectral_energyband_low": {"dvar2": 9.28899407882e-06, "var": 3.40915030392e-05, "min": 1.2620920936e-23, "dmean": 0.00132436153945, "mean": 0.00375779462047, "max": 0.063239403069, "dmean2": 0.00194607779849, "median": 0.00156454718672, "dvar": 4.75858723803e-06}, "spectral_rolloff": {"dvar2": 768561.375, "var": 2837424.75, "min": 107.666015625, "dmean": 264.187042236, "mean": 1095.00695801, "max": 21748.5351562, "dmean2": 448.912506104, "median": 581.396484375, "dvar": 347550.4375}, "barkbands": {"dvar2": [1.18655543724e-10, 5.90040826864e-07, 4.90280581289e-06, 1.23194613479e-05, 2.52179397648e-05, 1.42719663927e-05, 4.98704321217e-05, 1.55557099788e-05, 4.98887720823e-06, 5.3956314332e-06, 2.91204264613e-06, 2.73004866358e-06, 1.94680683308e-06, 1.60732122367e-06, 9.3355424724e-07, 4.9411312375e-07, 4.64247619902e-07, 8.41214813363e-08, 2.96303483083e-07, 8.85764137593e-08, 9.53484686761e-08, 7.96044652418e-09, 1.66531055612e-08, 5.88181336969e-10, 8.63086685454e-12, 2.61734947951e-12, 1.19498696691e-14], "var": [6.62988761113e-11, 7.91055413174e-07, 1.77630390681e-05, 1.92179304577e-05, 5.74603691348e-05, 2.91601372737e-05, 0.000143631958053, 2.07557150134e-05, 6.15912722424e-06, 5.33745742359e-06, 5.02303328176e-06, 3.71933651877e-06, 3.09383472086e-06, 1.86267959634e-06, 1.35799746204e-06, 4.3543832362e-07, 5.71312000375e-07, 1.3285225009e-07, 5.27761812918e-07, 1.76390443585e-07, 4.92405654029e-08, 6.24129015137e-09, 4.83596851453e-09, 4.16443407536e-10, 8.13942316324e-12, 1.23454794564e-12, 6.2994500973e-15], "min": [4.36176182854e-25, 2.86676431135e-24, 2.25215134161e-24, 1.10566014779e-24, 9.31183639867e-24, 8.34447204781e-24, 7.290550723e-24, 6.3768289137e-24, 1.70310588707e-23, 1.50346775338e-23, 1.62788626427e-23, 2.78884922972e-23, 3.54197694474e-23, 3.74175028919e-23, 5.12695722215e-23, 6.2331005078e-23, 8.03150016114e-23, 1.06849783352e-22, 1.27628846601e-22, 1.44220976953e-22, 2.53793466387e-22, 2.98882206131e-22, 4.17618722308e-22, 5.67470386454e-22, 9.59818094813e-22, 1.37085274419e-21, 1.99669181993e-21], "dmean": [3.86677766073e-06, 0.00022489510593, 0.000839755870402, 0.00107987783849, 0.00185360922478, 0.000904087792151, 0.00219582044519, 0.000874618475791, 0.000480664253701, 0.000504786672536, 0.000360791484127, 0.000249386706855, 0.000272578443401, 0.000249985954724, 0.000216695756535, 0.000151697080582, 0.000155321424245, 7.35686262487e-05, 0.000132645014673, 8.89401562745e-05, 6.78449287079e-05, 2.82506553049e-05, 1.85870903806e-05, 3.84581971957e-06, 7.83145765126e-07, 2.63933969791e-07, 1.63057318758e-08], "mean": [4.59000102637e-06, 0.000469126796816, 0.00229129428044, 0.00213421904482, 0.0045820386149, 0.00192955567036, 0.00559877930209, 0.00161526934244, 0.000876894511748, 0.000835697050206, 0.000738940259907, 0.000468747428386, 0.000545875460375, 0.000407130952226, 0.0003970960679, 0.000248572177952, 0.000280139996903, 0.000144775316585, 0.00028517091414, 0.000182731761015, 9.6974457847e-05, 4.6211265726e-05, 2.6428639103e-05, 6.30206113783e-06, 1.33115941026e-06, 4.26361680184e-07, 2.25727010417e-08], "max": [0.000289598247036, 0.0120903626084, 0.0450753346086, 0.0754826813936, 0.0714574158192, 0.117899343371, 0.130979239941, 0.0674648955464, 0.0375276133418, 0.0519002787769, 0.0463210195303, 0.0526296682656, 0.0283712353557, 0.0287239830941, 0.0191084016114, 0.0115287816152, 0.011690819636, 0.00639701168984, 0.0105558400974, 0.00560533581302, 0.0045752231963, 0.00125321757514, 0.00212423154153, 0.000849058793392, 4.78697584185e-05, 3.31192495651e-05, 3.18096113006e-06], "dmean2": [6.43703106107e-06, 0.000359558587661, 0.00122783938423, 0.001631104853, 0.00281487219036, 0.00129841372836, 0.00316716474481, 0.00134096166585, 0.00071899453178, 0.000759455317166, 0.00053220661357, 0.000380595651222, 0.000416776660131, 0.00037260731915, 0.00032095683855, 0.000233462400502, 0.000236178893829, 0.000114486909297, 0.000199400397833, 0.000134946865728, 0.000107485306216, 4.34629146184e-05, 3.01233849314e-05, 5.85834959566e-06, 1.20643289847e-06, 4.17084493165e-07, 2.65099533436e-08], "median": [1.87982027455e-06, 0.000120852964756, 0.000473875494208, 0.000633310410194, 0.00108629325405, 0.000214862375287, 0.000870212214068, 0.000144210760482, 0.000102879057522, 0.00010866370576, 6.70696172165e-05, 6.16851029918e-05, 5.94986777287e-05, 4.74484731967e-05, 5.7438181102e-05, 4.31337030022e-05, 4.68571633974e-05, 3.71241549146e-05, 4.24136524089e-05, 4.14033929701e-05, 2.81107713818e-05, 1.59520495799e-05, 6.75456067256e-06, 1.47407445183e-06, 2.25452154723e-07, 7.23210860087e-08, 5.84676707049e-09], "dvar": [4.72894813586e-11, 2.18633587679e-07, 2.6211655495e-06, 5.72027011003e-06, 1.15259490485e-05, 8.25276038086e-06, 2.63056390395e-05, 7.26752250557e-06, 2.42692999564e-06, 2.43184604187e-06, 1.42921430779e-06, 1.23013296616e-06, 8.46241448471e-07, 7.74523471136e-07, 4.57945219523e-07, 2.11567453334e-07, 2.04372383905e-07, 3.6763385225e-08, 1.41331213399e-07, 4.04444655544e-08, 3.92105867775e-08, 3.32549410231e-09, 5.83533621423e-09, 2.74183314941e-10, 3.74570079814e-12, 9.6219928726e-13, 4.69309658206e-15]}, "melbands_skewness": {"dvar2": 3.29368138313, "var": 6.59295320511, "min": -1.68538212776, "dmean": 0.979462921619, "mean": 3.02851176262, "max": 20.3204174042, "dmean2": 1.4766241312, "median": 2.3629052639, "dvar": 1.51546859741}, "barkbands_skewness": {"dvar2": 2.56354594231, "var": 6.68784856796, "min": -20.3004646301, "dmean": 0.829249739647, "mean": 2.4214015007, "max": 24.2781524658, "dmean2": 1.23398923874, "median": 1.83600962162, "dvar": 1.20004487038}, "erbbands": {"dvar2": [6.91829336574e-05, 0.0535710602999, 3.82852482796, 35.0670471191, 238.631439209, 591.613830566, 665.796875, 1417.72888184, 12406.9140625, 9246.31640625, 5642.06933594, 3494.6015625, 4265.84521484, 4340.91552734, 4557.63623047, 5798.87841797, 3462.11108398, 3505.44726562, 3140.15942383, 1304.21472168, 1110.43151855, 929.289550781, 216.543960571, 388.814300537, 1025.74145508, 236.862930298, 89.8615570068, 133.026641846, 12.9244709015, 4.37124872208, 22.7023715973, 0.929313182831, 0.0181025099009, 0.00197664252482, 0.000269352516625, 4.04291131417e-05, 2.64403679466e-05, 1.06420905865e-07, 1.43155473586e-10, 8.87712681141e-11], "var": [5.4610434745e-05, 0.0960548892617, 14.2172203064, 90.6361999512, 294.265991211, 1278.13916016, 1860.94689941, 2403.99682617, 34515.0234375, 15092.9355469, 9043.04394531, 4141.89160156, 3642.83935547, 4967.25732422, 7024.70263672, 7985.16601562, 6885.67822266, 5794.82080078, 5105.21630859, 1337.36462402, 1267.07043457, 1303.609375, 371.20803833, 515.739562988, 1985.38598633, 603.932861328, 79.0050430298, 61.7224006653, 8.59721374512, 3.60551214218, 5.6156129837, 0.594606816769, 0.0194609351456, 0.00195754738525, 0.000228371864068, 3.54022959073e-05, 6.70453619023e-06, 6.98054520853e-08, 1.62694954731e-10, 3.70138530936e-10], "min": [1.81725633198e-22, 4.75598660933e-22, 1.89774316643e-21, 5.28981234324e-21, 1.08967628253e-20, 2.44166591602e-20, 3.27840272647e-20, 5.47260043702e-20, 1.06492130327e-19, 1.82026199048e-19, 2.88670369048e-19, 4.54292865691e-19, 5.16527711931e-19, 7.06560877137e-19, 8.97074685977e-19, 1.68895805423e-18, 1.70101410826e-18, 2.55612685234e-18, 2.92948784991e-18, 2.4390576346e-18, 3.62918504081e-18, 5.34198492184e-18, 5.05919420428e-18, 5.84502364442e-18, 8.93442659984e-18, 7.68659569448e-18, 8.58250012669e-18, 1.01195663138e-17, 1.01495251412e-17, 1.07413786597e-17, 1.17429578967e-17, 1.02279170478e-17, 9.79043693828e-18, 8.32875172044e-18, 6.78371937049e-18, 4.46089281286e-18, 2.35889638862e-18, 9.68009766201e-19, 2.45654599051e-19, 2.54602121264e-20], "dmean": [0.0027901600115, 0.0740256533027, 0.757343173027, 2.20279288292, 5.05427312851, 7.5945520401, 6.01403665543, 7.93596935272, 30.2663650513, 23.8310947418, 16.3580322266, 12.4990844727, 10.4694185257, 16.3367500305, 14.3409070969, 10.7249517441, 12.3334102631, 11.9731454849, 12.3154764175, 7.98572587967, 7.5412364006, 7.12179517746, 4.10406303406, 4.03750896454, 7.70980548859, 4.50963115692, 2.61742162704, 2.38278365135, 1.06766700745, 0.684273779392, 0.540204524994, 0.149903059006, 0.0344435311854, 0.0118483165279, 0.00427673850209, 0.00150694325566, 0.000489829515573, 6.12600706518e-05, 3.50086475009e-06, 5.19017521583e-06], "mean": [0.0049072932452, 0.175670042634, 2.14901566505, 5.21709680557, 10.2206392288, 18.1571083069, 15.3666934967, 17.0462627411, 77.2205276489, 55.5908889771, 33.1454200745, 23.3048782349, 18.6119728088, 29.329126358, 30.3397140503, 22.4408416748, 27.1412220001, 22.665977478, 23.580291748, 15.1884469986, 14.2850866318, 13.7709064484, 8.94515132904, 9.03741359711, 16.5049972534, 10.1660881042, 4.54125928879, 3.26230168343, 1.73016941547, 1.1198836565, 0.715725362301, 0.234376549721, 0.0602761283517, 0.0203858464956, 0.00710175838321, 0.00250810221769, 0.000718040741049, 0.000104618768091, 1.52654210979e-05, 2.81479569821e-05], "max": [0.128104954958, 3.61071419716, 39.0923271179, 140.758361816, 283.818206787, 394.615875244, 725.164733887, 1434.38244629, 1910.6027832, 1903.58483887, 1768.79492188, 1174.51196289, 1912.64379883, 1918.30810547, 2320.78808594, 2720.94677734, 1510.54248047, 1651.25891113, 1145.52502441, 777.826599121, 574.604614258, 487.973602295, 291.901153564, 495.333953857, 746.789794922, 347.449523926, 180.33241272, 217.288375854, 48.4199943542, 27.3255977631, 82.8161239624, 32.6853523254, 3.49058270454, 0.91790574789, 0.204752072692, 0.116097770631, 0.135946780443, 0.00532925361767, 0.000287341419607, 0.000163717311807], "dmean2": [0.00456407479942, 0.114875547588, 1.09465563297, 3.30358362198, 7.75071907043, 11.4330501556, 8.7972536087, 11.4666805267, 43.8820724487, 35.2589912415, 23.8642864227, 18.2646789551, 15.7152137756, 24.4741687775, 20.6236953735, 15.9709682465, 18.2596569061, 16.9998130798, 17.8334121704, 12.1064586639, 11.5430278778, 10.6917476654, 6.234770298, 6.11743021011, 11.3835754395, 6.73790550232, 4.04895162582, 3.78664374352, 1.65425741673, 1.05115222931, 0.893995821476, 0.232080832124, 0.0520671382546, 0.0182184912264, 0.00662621157244, 0.00234270351939, 0.000805295654573, 9.5821575087e-05, 5.18984052178e-06, 7.60353759688e-06], "median": [0.00219960184768, 0.0489659123123, 0.524817407131, 2.28687238693, 3.62718439102, 2.98113536835, 2.24867224693, 3.4639339447, 9.33617019653, 12.3880577087, 5.27477741241, 3.4195291996, 3.53790616989, 5.73334217072, 4.63540506363, 4.20335483551, 3.92952299118, 3.5050034523, 3.98042154312, 3.57828044891, 3.14981913567, 2.90064525604, 2.43029356003, 1.90437030792, 2.67960691452, 2.1444940567, 1.34653127193, 0.978915035725, 0.603970825672, 0.346659839153, 0.172713637352, 0.058523375541, 0.0133365085348, 0.00366201344877, 0.00122887268662, 0.000410105858464, 0.000125968217617, 2.4771248718e-05, 1.35057671287e-05, 2.66744391411e-05], "dvar": [2.55498907791e-05, 0.0211134944111, 1.99181842804, 16.9096183777, 104.240386963, 277.31842041, 341.273834229, 827.44708252, 6381.10107422, 4080.50854492, 2861.49389648, 1724.88195801, 1765.02966309, 2086.75317383, 2284.66699219, 2604.51269531, 1530.11401367, 1827.45263672, 1607.83911133, 587.884277344, 486.759735107, 424.56817627, 93.4370346069, 157.794784546, 525.352478027, 110.084266663, 38.1242980957, 54.3308486938, 5.27008104324, 1.83193492889, 7.84479475021, 0.419079184532, 0.00857156235725, 0.000877606682479, 0.000111560380901, 1.64571647474e-05, 9.1308456831e-06, 4.18237817712e-08, 5.83056589121e-11, 4.49685774728e-11]}, "silence_rate_30dB": {"dvar2": 0.00434262910858, "var": 0.00329858297482, "min": 0, "dmean": 0.00209863577038, "mean": 0.996690869331, "max": 1, "dmean2": 0.00419761054218, "median": 1, "dvar": 0.00209373957478}, "melbands_spread": {"dvar2": 166.734939575, "var": 325.771972656, "min": 0.216550797224, "dmean": 4.82566738129, "mean": 15.6357822418, "max": 159.401779175, "dmean2": 7.25578260422, "median": 10.2931575775, "dvar": 72.9752120972}, "melbands_crest": {"dvar2": 25.2095756531, "var": 45.7570991516, "min": 1.67572426796, "dmean": 3.35686969757, "mean": 18.8302516937, "max": 35.3388519287, "dmean2": 5.23373222351, "median": 18.1611938477, "dvar": 10.4309339523}, "zerocrossingrate": {"dvar2": 0.00012061628513, "var": 0.00204452755861, "min": 0.0048828125, "dmean": 0.00682100001723, "mean": 0.0414865277708, "max": 0.84912109375, "dmean2": 0.00782168377191, "median": 0.03125, "dvar": 9.86308805295e-05}, "barkbands_kurtosis": {"dvar2": 1754.68334961, "var": 2683.21801758, "min": -1.90588223934, "dmean": 9.8589515686, "mean": 19.3526439667, "max": 816.55657959, "dmean2": 15.0268125534, "median": 4.86068439484, "dvar": 776.4453125}, "spectral_flux": {"dvar2": 0.00136062584352, "var": 0.00143053685315, "min": 6.40425767973e-11, "dmean": 0.0221786890179, "mean": 0.0613937005401, "max": 0.289706259966, "dmean2": 0.0355543456972, "median": 0.0538507588208, "dvar": 0.000556311337277}, "barkbands_crest": {"dvar2": 15.3383541107, "var": 31.0319747925, "min": 3.28506088257, "dmean": 2.6146736145, "mean": 14.0059280396, "max": 26.9133472443, "dmean2": 4.06994771957, "median": 12.8900871277, "dvar": 6.56203126907}, "barkbands_flatness_db": {"dvar2": 0.00103234348353, "var": 0.00478205317631, "min": 0.0154715375975, "dmean": 0.0241063069552, "mean": 0.229605436325, "max": 0.540200233459, "dmean2": 0.033828470856, "median": 0.221083804965, "dvar": 0.00054709170945}, "spectral_entropy": {"dvar2": 0.0998287796974, "var": 0.418980389833, "min": 3.68707847595, "dmean": 0.233415648341, "mean": 6.79889822006, "max": 9.8199338913, "dmean2": 0.320715606213, "median": 6.8726568222, "dvar": 0.0559324920177}, "pitch_salience": {"dvar2": 0.011487390846, "var": 0.0209430493414, "min": 0.0313677787781, "dmean": 0.0703174173832, "mean": 0.456255882978, "max": 0.926768243313, "dmean2": 0.110174417496, "median": 0.469885200262, "dvar": 0.00482340250164}, "erbbands_spread": {"dvar2": 244.066818237, "var": 333.786590576, "min": 0.718058288097, "dmean": 8.08524417877, "mean": 27.9900417328, "max": 139.462402344, "dmean2": 12.230257988, "median": 24.4067993164, "dvar": 108.340698242}, "dynamic_complexity": 3.19909214973, "spectral_contrast_valleys": {"dvar2": [0.335289627314, 0.274042606354, 0.240112230182, 0.189831197262, 0.142996385694, 0.172032088041], "var": [2.79231834412, 2.97881174088, 2.94814682007, 2.87875890732, 2.85656642914, 2.21759843826], "min": [-28.1743450165, -28.0519199371, -27.7598876953, -27.579990387, -27.5234909058, -27.3771457672], "dmean": [0.442486584187, 0.380694121122, 0.350543141365, 0.314293056726, 0.291455239058, 0.352212131023], "mean": [-8.40619468689, -7.44928741455, -8.08290100098, -8.58732128143, -8.3894701004, -11.99696064], "max": [-5.79097270966, -5.03819179535, -5.30659389496, -6.21521854401, -6.32286167145, -9.26577854156], "dmean2": [0.726258158684, 0.619424521923, 0.553076207638, 0.480749160051, 0.398449599743, 0.45626398921], "median": [-8.26774024963, -7.24922990799, -7.90215349197, -8.37975883484, -8.18755531311, -11.9274520874], "dvar": [0.132678940892, 0.116969138384, 0.108274564147, 0.0954079180956, 0.0860944613814, 0.109852619469]}, "hfc": {"dvar2": 25.925075531, "var": 154.69190979, "min": 1.07871809737e-16, "dmean": 2.94168162346, "mean": 14.8053092957, "max": 91.4010543823, "dmean2": 4.1110663414, "median": 11.6878976822, "dvar": 14.7387237549}, "spectral_kurtosis": {"dvar2": 45.6262512207, "var": 47.9040794373, "min": -1.26567661762, "dmean": 3.76541495323, "mean": 6.75782394409, "max": 76.490776062, "dmean2": 6.24823522568, "median": 4.63528347015, "dvar": 18.0855903625}, "mfcc": {"mean": [-713.348022461, 146.309951782, -15.0540275574, 37.5756568909, -18.219953537, 7.94434213638, -11.4069957733, -1.32649934292, -9.91696071625, -0.0575531162322, -6.68255758286, -1.50861465931, -0.138868033886], "cov": [[7498.7734375, -475.692443848, -1359.04541016, -131.002639771, -416.793212891, 38.2897491455, -112.985916138, 35.3997840881, -88.4551086426, 292.78717041, -26.1184139252, -63.1187744141, -19.4659900665], [-475.692443848, 1576.04199219, 182.926956177, -29.4601211548, 69.4602050781, 54.2592926025, -21.7341899872, -59.559211731, -100.667747498, -181.120849609, -105.976417542, -81.6826629639, -82.3056411743], [-1359.04541016, 182.926956177, 916.754882812, 324.405548096, 111.839553833, 152.231704712, 32.1949501038, 67.943977356, 1.89739179611, -135.027313232, -88.1082305908, -27.5620231628, -69.149055481], [-131.002639771, -29.4601211548, 324.405548096, 422.502960205, 91.5839233398, 46.0126724243, 10.4820861816, 63.7495765686, 16.4950199127, -34.543346405, -39.7622032166, -24.5023956299, -12.7856435776], [-416.793212891, 69.4602050781, 111.839553833, 91.5839233398, 222.544784546, 38.6606674194, 20.7111721039, 39.0777168274, 41.1087036133, -30.4248428345, -29.0363826752, -16.3186187744, -17.0003833771], [38.2897491455, 54.2592926025, 152.231704712, 46.0126724243, 38.6606674194, 277.269378662, 81.6187591553, 34.4909896851, 11.3566560745, -3.67108130455, -37.0742721558, -29.6362743378, -37.3791809082], [-112.985916138, -21.7341899872, 32.1949501038, 10.4820861816, 20.7111721039, 81.6187591553, 188.669036865, 45.127986908, 9.21801662445, 34.8926048279, 23.7931098938, -18.109796524, -9.13192558289], [35.3997840881, -59.559211731, 67.943977356, 63.7495765686, 39.0777168274, 34.4909896851, 45.127986908, 165.938171387, 64.0226974487, 4.99646759033, -8.48280143738, -0.131185412407, -14.2198400497], [-88.4551086426, -100.667747498, 1.89739179611, 16.4950199127, 41.1087036133, 11.3566560745, 9.21801662445, 64.0226974487, 166.629272461, 48.1790008545, 7.01940107346, 34.3697624207, 28.4428672791], [292.78717041, -181.120849609, -135.027313232, -34.543346405, -30.4248428345, -3.67108130455, 34.8926048279, 4.99646759033, 48.1790008545, 196.320587158, 106.005187988, 30.1936569214, 54.8644714355], [-26.1184139252, -105.976417542, -88.1082305908, -39.7622032166, -29.0363826752, -37.0742721558, 23.7931098938, -8.48280143738, 7.01940107346, 106.005187988, 173.721191406, 67.3861618042, 45.2896156311], [-63.1187744141, -81.6826629639, -27.5620231628, -24.5023956299, -16.3186187744, -29.6362743378, -18.109796524, -0.131185412407, 34.3697624207, 30.1936569214, 67.3861618042, 156.54359436, 106.402305603], [-19.4659900665, -82.3056411743, -69.149055481, -12.7856435776, -17.0003833771, -37.3791809082, -9.13192558289, -14.2198400497, 28.4428672791, 54.8644714355, 45.2896156311, 106.402305603, 203.951766968]], "icov": [[0.000277202692814, 1.08266885945e-06, 0.000541094574146, -0.000353934068698, 0.000427557883086, -0.000323010521242, 0.000266132090474, -0.000312501972076, 0.000298221275443, -0.000426385930041, 0.000437406968558, -0.000145983707625, 0.000206870317925], [1.08266885945e-06, 0.000760786177125, -0.000116949588119, 0.000223994458793, -0.00024451201898, -0.00010890228441, 3.9033133362e-05, 0.00019345319015, 0.000229070923524, 0.000543522182852, -3.40660699294e-05, 0.000265969050815, -5.29414355697e-05], [0.000541094574146, -0.000116949588119, 0.00290520698763, -0.00194611900952, 0.000744250894058, -0.00135460391175, 0.00040977136814, -0.000688137137331, 0.000476494635222, 0.000145177575178, 0.000767678371631, -0.000753591768444, 0.000768763711676], [-0.000353934068698, 0.000223994458793, -0.00194611900952, 0.0041074170731, -0.00147450168151, 0.000597887497861, -4.09096810472e-06, -0.000492099090479, -2.01147104235e-05, 0.000219758250751, -0.000380869139917, 0.00094093347434, -0.000856164842844], [0.000427557883086, -0.00024451201898, 0.000744250894058, -0.00147450168151, 0.00622407486662, -0.000761838455219, -1.73093321791e-05, -0.000719773641322, -0.00118079711683, 0.000247566727921, 0.000530719815288, 0.000234088816796, 0.000288354902295], [-0.000323010521242, -0.00010890228441, -0.00135460391175, 0.000597887497861, -0.000761838455219, 0.00522300414741, -0.0022499714978, 0.000292465090752, -0.000327799789375, -0.000621434068307, 0.00100924831349, -0.000206016906304, 0.000413070811192], [0.000266132090474, 3.9033133362e-05, 0.00040977136814, -4.09096810472e-06, -1.73093321791e-05, -0.0022499714978, 0.00728526664898, -0.00210449425504, 0.000866142509039, -0.00108837115113, -0.00111641304102, 0.00133936956991, -0.000333363161189], [-0.000312501972076, 0.00019345319015, -0.000688137137331, -0.000492099090479, -0.000719773641322, 0.000292465090752, -0.00210449425504, 0.00862819515169, -0.00335219455883, 0.000933016417548, -0.000240757741267, -0.000304767425405, 0.000713996239938], [0.000298221275443, 0.000229070923524, 0.000476494635222, -2.01147104235e-05, -0.00118079711683, -0.000327799789375, 0.000866142509039, -0.00335219455883, 0.0091849360615, -0.00345679419115, 0.00245407456532, -0.00234798528254, 0.000256738130702], [-0.000426385930041, 0.000543522182852, 0.000145177575178, 0.000219758250751, 0.000247566727921, -0.000621434068307, -0.00108837115113, 0.000933016417548, -0.00345679419115, 0.01134410128, -0.00687062507495, 0.00322393095121, -0.0025610991288], [0.000437406968558, -3.40660699294e-05, 0.000767678371631, -0.000380869139917, 0.000530719815288, 0.00100924831349, -0.00111641304102, -0.000240757741267, 0.00245407456532, -0.00687062507495, 0.0122530339286, -0.00557989953086, 0.0021229791455], [-0.000145983707625, 0.000265969050815, -0.000753591768444, 0.00094093347434, 0.000234088816796, -0.000206016906304, 0.00133936956991, -0.000304767425405, -0.00234798528254, 0.00322393095121, -0.00557989953086, 0.0131687549874, -0.006253561005], [0.000206870317925, -5.29414355697e-05, 0.000768763711676, -0.000856164842844, 0.000288354902295, 0.000413070811192, -0.000333363161189, 0.000713996239938, 0.000256738130702, -0.0025610991288, 0.0021229791455, -0.006253561005, 0.00868729222566]]}, "silence_rate_20dB": {"dvar2": 0, "var": 0, "min": 1, "dmean": 0, "mean": 1, "max": 1, "dmean2": 0, "median": 1, "dvar": 0}, "melbands_kurtosis": {"dvar2": 2092.89794922, "var": 3051.21606445, "min": -1.8616989851, "dmean": 14.535993576, "mean": 29.158613205, "max": 798.266540527, "dmean2": 22.127363205, "median": 9.80244064331, "dvar": 969.089416504}, "barkbands_spread": {"dvar2": 60.4117202759, "var": 97.8337249756, "min": 0.0967541709542, "dmean": 3.58643341064, "mean": 11.7011213303, "max": 116.538696289, "dmean2": 5.42262172699, "median": 8.98909378052, "dvar": 26.5835113525}, "erbbands_skewness": {"dvar2": 0.786198318005, "var": 2.53012514114, "min": -4.26123762131, "dmean": 0.555395185947, "mean": 1.16416692734, "max": 10.3398675919, "dmean2": 0.82413905859, "median": 0.826445579529, "dvar": 0.371500760317}, "average_loudness": 0.665172278881, "spectral_centroid": {"dvar2": 195727.1875, "var": 1020605.5, "min": 155.77293396, "dmean": 202.197860718, "mean": 1015.47369385, "max": 11750.7402344, "dmean2": 298.913513184, "median": 742.576538086, "dvar": 94586.1328125}, "dissonance": {"dvar2": 0.00176616653334, "var": 0.00207202462479, "min": 0.15919315815, "dmean": 0.0276322904974, "mean": 0.431170940399, "max": 0.499987989664, "dmean2": 0.045575324446, "median": 0.440943837166, "dvar": 0.000668697641231}, "erbbands_flatness_db": {"dvar2": 0.000717262795661, "var": 0.00291637727059, "min": 0.0516796782613, "dmean": 0.0198291521519, "mean": 0.244277566671, "max": 0.503536045551, "dmean2": 0.0278916861862, "median": 0.241353839636, "dvar": 0.000372966111172}, "spectral_strongpeak": {"dvar2": 2.1989467144, "var": 2.34547972679, "min": 0, "dmean": 0.604634821415, "mean": 1.59647238255, "max": 14.1212320328, "dmean2": 0.981542170048, "median": 1.12067079544, "dvar": 0.917424798012}, "spectral_rms": {"dvar2": 5.90688046032e-07, "var": 3.11359622174e-06, "min": 3.1267959142e-12, "dmean": 0.000475965760415, "mean": 0.00452881073579, "max": 0.011888384819, "dmean2": 0.000693491951097, "median": 0.00470170518383, "dvar": 3.06142510453e-07}, "silence_rate_60dB": {"dvar2": 0.0416609533131, "var": 0.0703225135803, "min": 0, "dmean": 0.0190491564572, "mean": 0.0761097669601, "max": 1, "dmean2": 0.0381013900042, "median": 0, "dvar": 0.0186887644231}, "melbands": {"dvar2": [1.80765393765e-08, 5.64946105897e-07, 1.703631483e-06, 1.67810333096e-06, 6.48642469514e-07, 6.36732693238e-07, 2.45216779149e-06, 9.97943971015e-07, 3.16791243904e-07, 1.25872588796e-07, 1.12202371838e-07, 7.9801615982e-08, 6.4430523139e-08, 3.77308317923e-08, 1.82139849869e-08, 1.77298957738e-08, 1.46761394149e-08, 9.37187838446e-09, 2.25889129624e-09, 3.18143156264e-09, 1.89131066364e-09, 1.62279623073e-09, 8.13062561722e-10, 2.00145774953e-10, 3.78383963051e-10, 7.80684850099e-10, 2.5440893836e-10, 1.26349125606e-10, 3.35410171859e-11, 1.44077999531e-10, 2.27369859052e-11, 5.33961546853e-12, 2.18021022243e-12, 1.66261904418e-12, 1.7055410903e-11, 3.31064873866e-13, 3.28717359322e-13, 1.05574322071e-14, 3.98212931339e-15, 1.08783562619e-15], "var": [1.99846841298e-08, 1.98553198061e-06, 2.84420593744e-06, 3.46344995705e-06, 1.84541534054e-06, 1.28755357309e-06, 7.4511249295e-06, 1.4578901073e-06, 5.03733701862e-07, 1.41535124953e-07, 9.51731138343e-08, 9.19505325214e-08, 1.14341439428e-07, 4.96620380375e-08, 3.34241470057e-08, 2.57742200915e-08, 2.00037799658e-08, 1.40381555269e-08, 2.74528244582e-09, 2.59262744606e-09, 2.04881622778e-09, 1.89794890915e-09, 1.31179878071e-09, 4.83726947387e-10, 3.90715210186e-10, 1.52219303828e-09, 3.55707963084e-10, 3.05034303372e-10, 3.88751739133e-11, 6.66155811069e-11, 1.08540502974e-11, 3.1273718424e-12, 2.08446346121e-12, 1.11061940894e-12, 3.84161365913e-12, 2.29503861662e-13, 2.056840348e-13, 1.03386851014e-14, 3.33598102925e-15, 9.5916814513e-16], "min": [1.7053257811e-24, 1.11178289171e-24, 1.39016095972e-24, 1.16308212195e-24, 1.59133656359e-24, 1.30253143074e-24, 1.58262152413e-24, 1.9331691237e-24, 2.32355410037e-24, 2.99964300046e-24, 2.45341204386e-24, 2.7382641947e-24, 2.65615955169e-24, 3.74954541823e-24, 1.99842093677e-24, 3.62660933476e-24, 3.79860704451e-24, 4.08904433056e-24, 3.48623824199e-24, 3.52688666672e-24, 3.30248887134e-24, 5.56497705182e-24, 3.6915448146e-24, 4.78062014794e-24, 3.97450448814e-24, 4.76116328814e-24, 4.75323129174e-24, 3.98107885492e-24, 5.10443137789e-24, 5.043171201e-24, 5.01048396053e-24, 4.2119216439e-24, 5.23595776218e-24, 5.41575138983e-24, 6.26006527238e-24, 6.07645907998e-24, 4.97182385972e-24, 6.07602993965e-24, 6.17183670216e-24, 6.0329202689e-24], "dmean": [4.07385305152e-05, 0.000291621283395, 0.000461029005237, 0.00046104809735, 0.000222892791498, 0.000186828910955, 0.000453119515441, 0.000239358283579, 0.000126395723782, 7.20798416296e-05, 5.35218932782e-05, 6.85148042976e-05, 5.36808511242e-05, 3.02611078951e-05, 2.74705107586e-05, 2.57189167314e-05, 2.3335822334e-05, 2.10309717659e-05, 1.1690570318e-05, 1.15753982755e-05, 9.13132953428e-06, 8.46917555464e-06, 6.29387977824e-06, 3.39782286574e-06, 3.40144401889e-06, 6.33882018519e-06, 4.35973515778e-06, 2.98752411254e-06, 1.60060528742e-06, 2.14276519728e-06, 1.16240255466e-06, 6.52652488498e-07, 4.83443159283e-07, 3.71936437205e-07, 4.03609874411e-07, 1.33460048346e-07, 7.36867420414e-08, 2.5949026039e-08, 1.51891832445e-08, 8.81738504432e-09], "mean": [7.98203764134e-05, 0.000809071585536, 0.00103308190592, 0.00108788954094, 0.000584144436289, 0.000391781533835, 0.00117442931514, 0.000530050776433, 0.000247077492531, 0.000129941327032, 9.0842229838e-05, 0.000118086565635, 0.000113463545858, 5.65662448935e-05, 5.92282012803e-05, 5.16176914971e-05, 3.98975389544e-05, 3.78299228032e-05, 2.12828945223e-05, 1.93218202185e-05, 1.6204372514e-05, 1.47626333273e-05, 1.15711409308e-05, 7.06323044142e-06, 6.40832740828e-06, 1.33108960654e-05, 8.25447932584e-06, 6.33819036011e-06, 2.64516165771e-06, 2.70885698228e-06, 1.58329999067e-06, 9.92421405499e-07, 7.79962874731e-07, 5.6477341559e-07, 4.83127621465e-07, 2.05062704595e-07, 1.10856248625e-07, 4.24893933371e-08, 2.45740512383e-08, 1.39797498022e-08], "max": [0.00202456582338, 0.0143479332328, 0.0273630134761, 0.0184254888445, 0.019541207701, 0.0285221319646, 0.0293869376183, 0.0206856839359, 0.012306987308, 0.00667354417965, 0.009705520235, 0.00827378500253, 0.00625821575522, 0.00556923775002, 0.00340954610147, 0.00343136372976, 0.00282234093174, 0.00201557180844, 0.000949440407567, 0.0010098972125, 0.000873987737577, 0.000688940635882, 0.000624450738542, 0.000507304735947, 0.000515915919095, 0.000665933301207, 0.000269231386483, 0.000259999447735, 0.000184533069842, 0.000232162623433, 8.37295519887e-05, 3.29757640429e-05, 2.21219743253e-05, 1.58551920322e-05, 7.47081139707e-05, 1.14503045552e-05, 2.05658998311e-05, 2.85148098556e-06, 1.45092781167e-06, 6.0615059283e-07], "dmean2": [6.58253629808e-05, 0.000424642377766, 0.00069124030415, 0.000696372066159, 0.000329154165229, 0.000268115574727, 0.000651477253996, 0.000359228200978, 0.000184260527021, 0.0001061910516, 8.08187978691e-05, 0.000102772159153, 7.73810970713e-05, 4.52106141893e-05, 4.14045789512e-05, 3.78546210413e-05, 3.36733173754e-05, 3.06063666358e-05, 1.75051191036e-05, 1.76364574145e-05, 1.41237396747e-05, 1.28603142002e-05, 9.53142989601e-06, 5.17502712682e-06, 5.31016621608e-06, 9.32477632887e-06, 6.54255836707e-06, 4.52592894362e-06, 2.46689842243e-06, 3.43434112438e-06, 1.84634916423e-06, 1.02264266388e-06, 7.46073510527e-07, 5.82231166391e-07, 6.80334608205e-07, 2.09580619526e-07, 1.13714065719e-07, 4.00079187557e-08, 2.36285817579e-08, 1.3848502789e-08], "median": [2.4726972697e-05, 0.000194558233488, 0.00049