{"tonal": {"thpcp": [1, 0.862613499165, 0.714767158031, 0.906828403473, 0.750422418118, 0.670219004154, 0.894888162613, 0.688724637032, 0.524428069592, 0.686180591583, 0.561355292797, 0.569832980633, 0.82272452116, 0.658219099045, 0.594886362553, 0.797379970551, 0.614086091518, 0.483177244663, 0.647582054138, 0.543593585491, 0.576231300831, 0.914902627468, 0.75378125906, 0.524176061153, 0.629476726055, 0.510599374771, 0.54308539629, 0.92366206646, 0.81910353899, 0.732202410698, 0.936246156693, 0.65846145153, 0.510377526283, 0.693992555141, 0.573680818081, 0.64236164093], "hpcp": {"dmean2": [0.177034378052, 0.158484429121, 0.136149689555, 0.144152387977, 0.133941844106, 0.137924268842, 0.157465651631, 0.148844078183, 0.140540853143, 0.147013261914, 0.139640331268, 0.121036656201, 0.135887339711, 0.128459170461, 0.137855738401, 0.172817602754, 0.162260904908, 0.132313162088, 0.138970628381, 0.124993644655, 0.13009172678, 0.156983375549, 0.163565546274, 0.168310061097, 0.168417856097, 0.145165771246, 0.131958603859, 0.14324504137, 0.142453879118, 0.169722035527, 0.200782343745, 0.206016674638, 0.201855838299, 0.195071786642, 0.177865996957, 0.176075309515], "median": [0.0482544898987, 0.039812721312, 0.0329878553748, 0.0329963229597, 0.0309316366911, 0.0398741960526, 0.0478545799851, 0.0488888472319, 0.0444302298129, 0.0451888777316, 0.0355688482523, 0.0286107454449, 0.0265103336424, 0.0273779314011, 0.0377393513918, 0.0535813346505, 0.0485643148422, 0.0403327047825, 0.0330521799624, 0.0289150029421, 0.0395233184099, 0.0502472147346, 0.0557664185762, 0.0576725266874, 0.0489104837179, 0.041165523231, 0.037239190191, 0.0330254361033, 0.0314784683287, 0.0426009446383, 0.0603615492582, 0.0603858307004, 0.0557434558868, 0.0555341131985, 0.0474585741758, 0.0531981699169], "min": [0, 0, 0, 0, 0, 0, 0, 0, 0, 0, 0, 0, 0, 0, 0, 0, 0, 0, 0, 0, 0, 0, 0, 0, 0, 0, 0, 0, 0, 0, 0, 0, 0, 0, 0, 0], "dvar2": [0.0770780444145, 0.067788220942, 0.0556244961917, 0.0630023255944, 0.0541936270893, 0.050456892699, 0.0633636787534, 0.0555596314371, 0.0488622561097, 0.054525449872, 0.053058937192, 0.0420440137386, 0.0547675639391, 0.0511069782078, 0.0504207350314, 0.06948800385, 0.0649105161428, 0.0432489998639, 0.0552498660982, 0.0460264235735, 0.0450931563973, 0.0607107765973, 0.0593394897878, 0.0664568245411, 0.0682605057955, 0.0541900992393, 0.0456425622106, 0.0569092519581, 0.0557702407241, 0.0716031715274, 0.0902239605784, 0.0907030254602, 0.0928253158927, 0.0846584588289, 0.0765964388847, 0.0741850137711], "dvar": [0.0309915095568, 0.0257937610149, 0.0202973280102, 0.0247658211738, 0.0205314569175, 0.0189139712602, 0.025729758665, 0.0214913152158, 0.0186104439199, 0.0225975550711, 0.0209764521569, 0.0164380334318, 0.0230988804251, 0.0203970205039, 0.018876766786, 0.0286146700382, 0.0251940488815, 0.0162405427545, 0.022269943729, 0.0180210340768, 0.0172084588557, 0.025322297588, 0.0232367143035, 0.0251370687038, 0.0282790567726, 0.0214236155152, 0.017137337476, 0.0232739709318, 0.0219002682716, 0.0262518338859, 0.035827614367, 0.0341845564544, 0.0332520231605, 0.0330946333706, 0.0292798820883, 0.0268675480038], "dmean": [0.105369962752, 0.093210272491, 0.0795781239867, 0.0856788903475, 0.0786661356688, 0.0817795842886, 0.0947259292006, 0.089034087956, 0.0834489092231, 0.0883872956038, 0.082526691258, 0.0717022567987, 0.0814361199737, 0.0762457847595, 0.0818120464683, 0.104602687061, 0.0972649604082, 0.0786708444357, 0.0828878581524, 0.0739211142063, 0.0772671401501, 0.0951273143291, 0.0971215963364, 0.0990865901113, 0.100272879004, 0.0868008360267, 0.0777388215065, 0.0857027769089, 0.084012851119, 0.0994413271546, 0.119770139456, 0.120917879045, 0.116761267185, 0.115589998662, 0.104415468872, 0.102142997086], "max": [1, 1, 1, 1, 1, 1, 1, 1, 1, 1, 1, 1, 1, 1, 1, 1, 1, 1, 1, 1, 1, 1, 1, 1, 1, 1, 1, 1, 1, 1, 1, 1, 1, 1, 1, 1], "var": [0.0863732770085, 0.0548615641892, 0.0360254496336, 0.0649564340711, 0.0436536446214, 0.0358624346554, 0.0750598683953, 0.0461404211819, 0.0386688373983, 0.0738718137145, 0.0488754212856, 0.0313142426312, 0.0619463846087, 0.0436227284372, 0.0367232561111, 0.0836903527379, 0.0600364506245, 0.0296487491578, 0.0551568865776, 0.0375538431108, 0.0322877243161, 0.0892820060253, 0.0671586245298, 0.0512345172465, 0.0920177549124, 0.0492848493159, 0.0303028710186, 0.0631434842944, 0.0448976866901, 0.0460161454976, 0.0939854457974, 0.0694408118725, 0.0497165434062, 0.0816018804908, 0.0622250139713, 0.0433385744691], "mean": [0.191991731524, 0.147760853171, 0.112512223423, 0.147215053439, 0.120434693992, 0.122253514826, 0.176509559155, 0.141216114163, 0.127628535032, 0.17107206583, 0.131747692823, 0.103662155569, 0.138934016228, 0.116624042392, 0.123626232147, 0.196285694838, 0.161718279123, 0.11245816201, 0.135049641132, 0.109545372427, 0.116515018046, 0.198164969683, 0.175732702017, 0.157088696957, 0.20086479187, 0.141268104315, 0.109497778118, 0.148891046643, 0.123079046607, 0.13781401515, 0.214542716742, 0.18506744504, 0.153348088264, 0.194553434849, 0.160997658968, 0.143790602684]}, "tuning_equal_tempered_deviation": 0.0603756308556, "chords_changes_rate": 0.0675963237882, "key_key": "C", "tuning_diatonic_strength": 0.258476436138, "key_scale": "major", "chords_number_rate": 0.00134408602025, "tuning_frequency": 440.763122559, "tuning_nontempered_energy_ratio": 0.751496911049, "chords_histogram": [5.40994644165, 5.88597679138, 6.1827955246, 3.19780468941, 5.60035848618, 2.57616496086, 2.70497322083, 3.01859307289, 8.24372768402, 2.29614686966, 1.87051975727, 1.41129028797, 1.78091394901, 1.75291216373, 4.4690861702, 6.84923839569, 3.32101249695, 3.48342299461, 3.20340490341, 7.90770626068, 3.47782254219, 4.16666650772, 6.44041204453, 4.74910402298], "key_strength": 0.4096750319, "chords_key": "E", "chords_strength": {"dmean2": 0.00890793371946, "median": 0.476960778236, "min": -1, "dvar2": 0.000304220564431, "dvar": 0.000178223170224, "dmean": 0.0098121734336, "max": 0.860679209232, "var": 0.0254283472896, "mean": 0.469616621733}, "chords_scale": "major", "hpcp_entropy": {"dmean2": 0.93971568346, "median": 1.99172186852, "min": 0, "dvar2": 0.613292276859, "dvar": 0.224623784423, "dmean": 0.557063758373, "max": 4.27373933792, "var": 0.571734845638, "mean": 1.93236541748}}, "metadata": {"audio_properties": {"equal_loudness": 0, "codec": "flac", "downmix": "mix", "sample_rate": 44100, "analysis_sample_rate": 44100, "bit_rate": 0, "md5_encoded": "322a498963a5c1347c8ead7c85fa0acc", "length": 829.173339844, "replay_gain": -11.1609096527, "lossless": true}, "version": {"essentia_build_sha": "2d9f1f26377add8aeb1075a9c2973f962c4f09fd", "essentia": "2.1-beta2", "extractor": "music 1.0", "essentia_git_sha": "v2.1_beta2-1-ge3940c0"}, "tags": {"title": ["Symphony no. 3, K. 71"], "barcode": ["028947879466"], "media": ["CD"], "albumartist": ["Various Artists"], "albumartistsort": ["Various Artists"], "tracktotal": ["8"], "language": ["zxx"], "performer": ["Koninklijk Concertgebouworkest (orchestra)", "Sir Clifford Curzon (piano)"], "releasetype": ["album", "compilation"], "musicbrainz_recordingid": ["1dcfb33f-f539-4608-8b5e-8fa2ae12e264"], "composer": ["Willem Pijper"], "musicbrainz_releasegroupid": ["021c4010-b1f9-493b-9c64-1c1f8609db19"], "musicbrainz_albumartistid": ["89ad4ac3-39f7-470e-963a-56509c546377"], "originalyear": ["2015"], "producer": ["John Culshaw"], "discnumber": ["7"], "composersort": ["Pijper, Willem"], "catalognumber": ["478 7946"], "releasecountry": ["XE"], "file_name": "CD7 06 Symphony no. 3, K. 71.flac", "compilation": ["1"], "originaldate": ["2015-02"], "work": ["Symphony no. 3, K. 71"], "date": ["2015-02"], "genre": ["Classical Box Set, Classical, Box Set"], "musicbrainz_albumid": ["31c5f0d9-003e-4ad7-8a69-e42e9d45c226"], "disctotal": ["53"], "acoustid_id": ["ccb113b7-3acf-4a22-a15f-19bbadacc9b4"], "releasestatus": ["official"], "musicbrainz_artistid": ["6a0bb83a-f80a-49e8-90e2-821f6ba30ac2"], "asin": ["B00QHL0V3C"], "musicbrainz_workid": ["aaeb141a-7b1f-4f6d-8275-2e613a81ffc1"], "musicbrainz_releasetrackid": ["2d4933b7-db77-44c6-aae8-c3a5792f1b0a"], "artist": ["Willem Pijper"], "tracknumber": ["6"], "artistsort": ["Pijper, Willem"], "album": ["Decca Sound: Mono Years: 1944-1956"], "label": ["Decca Classics"], "totaltracks": ["8"], "totaldiscs": ["53"], "script": ["Latn"], "conductor": ["Eduard van Beinum"]}}, "rhythm": {"bpm_histogram_first_peak_bpm": {"dmean2": 0, "median": 120, "min": 120, "dvar2": 0, "dvar": 0, "dmean": 0, "max": 120, "var": 0, "mean": 120}, "bpm": 120.392539978, "bpm_histogram_second_peak_spread": {"dmean2": 0, "median": 0.379591852427, "min": 0.379591852427, "dvar2": 0, "dvar": 0, "dmean": 0, "max": 0.379591852427, "var": 0, "mean": 0.379591852427}, "bpm_histogram_first_peak_weight": {"dmean2": 0, "median": 0.117826618254, "min": 0.117826618254, "dvar2": 0, "dvar": 0, "dmean": 0, "max": 0.117826618254, "var": 0, "mean": 0.117826618254}, "onset_rate": 1.67149829865, "beats_position": [0.568888902664, 1.14938771725, 1.71827661991, 2.28716540337, 2.83283448219, 3.36689329147, 3.88934230804, 4.41179132462, 4.92263031006, 5.4334692955, 5.93269824982, 6.43192720413, 6.93115615845, 7.4303855896, 7.92961454391, 8.4172334671, 8.90485286713, 9.39247131348, 9.8800907135, 10.379319191, 10.8785486221, 11.3777770996, 11.8653964996, 12.3530158997, 12.8522443771, 13.3514738083, 13.8390922546, 14.3267116547, 14.8143310547, 15.3135595322, 15.8127889633, 16.3004074097, 16.7996368408, 17.2872562408, 17.7748756409, 18.2741031647, 18.7733325958, 19.272562027, 19.7834014893, 20.2942390442, 20.7934684753, 21.3275279999, 21.8499774933, 22.3724250793, 22.9064846039, 23.4405441284, 23.9629936218, 24.4854412079, 25.0078907013, 25.5187301636, 26.0295696259, 26.5520172119, 27.0744667053, 27.5969161987, 28.1193637848, 28.6302032471, 29.1410427094, 29.6518821716, 30.1975498199, 30.7432193756, 31.2772789001, 31.8113365173, 32.357006073, 32.9026756287, 33.4483451843, 33.99401474, 34.539680481, 35.0853500366, 35.6310195923, 36.1766891479, 36.7223587036, 37.2680282593, 37.8136940002, 38.3593635559, 38.9282531738, 39.4971427917, 40.0544204712, 40.5768699646, 41.1109275818, 41.6333770752, 42.1558265686, 42.678276062, 43.1891136169, 43.6999549866, 44.2107925415, 44.7216300964, 45.2208595276, 45.7317008972, 46.2309303284, 46.7301597595, 47.229385376, 47.7286148071, 48.2278442383, 48.7154655457, 49.2146911621, 49.7023124695, 50.1899299622, 50.7007713318, 51.2116088867, 51.7224464417, 52.2332878113, 52.7557373047, 53.2897949219, 53.8006324768, 54.3114738464, 54.8223114014, 55.333152771, 55.8439903259, 56.3432197571, 56.8424491882, 57.3648986816, 57.8989562988, 58.4794540405, 59.0483436584, 59.6288414001, 60.1977310181, 60.766620636, 61.3238983154, 61.8811798096, 62.438457489, 62.9957351685, 63.5530128479, 64.1102905273, 64.655960083, 65.2132415771, 65.8401794434, 66.4671173096, 67.1288909912, 67.7906570435, 68.4640350342, 69.1258010864, 69.7991790771, 70.4609527588, 71.122718811, 71.7844848633, 72.4462585449, 72.9919281006, 73.5375976563, 74.094871521, 74.6289291382, 75.1629943848, 75.7086639404, 76.2311096191, 76.7535552979, 77.276008606, 77.7984542847, 78.3209075928, 78.831741333, 79.3425827026, 79.8534240723, 80.3642578125, 80.8750991821, 81.3975524902, 81.9316101074, 82.4656677246, 82.9881134033, 83.4873428345, 83.9865722656, 84.4741897583, 84.9618148804, 85.4610443115, 85.9602737427, 86.4478912354, 86.935508728, 87.4347381592, 87.9339675903, 88.4331970215, 88.9324264526, 89.4200439453, 89.9192733765, 90.4185028076, 90.9177322388, 91.4169616699, 91.9161911011, 92.4154205322, 92.9146499634, 93.4022674561, 93.9014968872, 94.4123306274, 94.9231719971, 95.4340133667, 95.9448471069, 96.4556884766, 96.9433059692, 97.4309310913, 97.9301605225, 98.4293823242, 98.9286117554, 99.4278411865, 99.9154663086, 100.403083801, 100.890701294, 101.389930725, 101.889160156, 102.388389587, 102.899223328, 103.410064697, 103.920906067, 104.420135498, 104.919364929, 105.41859436, 105.917823792, 106.417053223, 106.916282654, 107.415504456, 107.914733887, 108.413963318, 108.924804688, 109.435646057, 109.946479797, 110.445709229, 110.94493866, 111.444168091, 111.943397522, 112.442626953, 112.941856384, 113.441085815, 113.940315247, 114.439544678, 114.938774109, 115.43800354, 115.937232971, 116.436462402, 116.935691833, 117.434921265, 117.934150696, 118.433380127, 118.932601929, 119.43183136, 119.931060791, 120.430290222, 120.929519653, 121.428749084, 121.927978516, 122.438819885, 122.949661255, 123.437278748, 123.936508179, 124.43573761, 124.934967041, 125.434196472, 125.933418274, 126.432647705, 126.943489075, 127.454330444, 127.953559875, 128.452789307, 128.952011108, 129.451248169, 129.950469971, 130.449707031, 130.948928833, 131.448165894, 131.935775757, 132.423400879, 132.911010742, 133.410247803, 133.897872925, 134.397094727, 134.884719849, 135.38394165, 135.894775391, 136.394012451, 136.881637573, 137.369247437, 137.856872559, 138.367706299, 138.878540039, 139.389389038, 139.911834717, 140.434280396, 140.956726074, 141.479187012, 142.00163269, 142.535690308, 143.069747925, 143.603805542, 144.126251221, 144.648712158, 145.182769775, 145.728439331, 146.274108887, 146.819763184, 147.365432739, 147.922714233, 148.468383789, 148.921173096, 149.373962402, 149.815139771, 150.256317139, 150.709106445, 151.161895752, 151.614685059, 152.067474365, 152.520263672, 152.96144104, 153.414230347, 153.867019653, 154.31980896, 154.702941895, 155.086074829, 155.457595825, 155.829116821, 156.235458374, 156.641815186, 157.048156738, 157.45451355, 157.860855103, 158.267211914, 158.673553467, 159.079910278, 159.49786377, 159.915817261, 160.333786011, 160.716918945, 161.100036621, 161.483169556, 161.86630249, 162.214599609, 162.562896729, 162.911193848, 163.259490967, 163.607803345, 163.944488525, 164.292785645, 164.641082764, 164.977767944, 165.326080322, 165.674377441, 166.011062622, 166.359359741, 166.696044922, 167.032745361, 167.38104248, 167.717727661, 168.06602478, 168.414321899, 168.762634277, 169.110931396, 169.494049072, 169.877182007, 170.260314941, 170.655059814, 171.154281616, 171.653518677, 172.152740479, 172.73324585, 173.302124023, 173.894241333, 174.486343384, 175.090057373, 175.70539856, 176.320724487, 176.936050415, 177.551376343, 178.166702271, 178.770431519, 179.385757446, 179.989471436, 180.581588745, 181.173690796, 181.765808105, 182.357910156, 182.938415527, 183.507293701, 184.087799072, 184.656692505, 185.225570679, 185.782852173, 186.328521729, 186.885803223, 187.431472778, 187.977142334, 188.52281189, 189.056869507, 189.602539063, 190.148208618, 190.693878174, 191.239547729, 191.773605347, 192.319274902, 192.85333252, 193.375778198, 193.909835815, 194.443893433, 194.97795105, 195.500411987, 196.022857666, 196.556915283, 197.0909729, 197.613418579, 198.135864258, 198.658325195, 199.203994751, 199.749649048, 200.295318604, 200.840988159, 201.386657715, 201.932327271, 202.466384888, 203.000442505, 203.546112061, 204.080184937, 204.602630615, 205.136688232, 205.659133911, 206.193191528, 206.727249146, 207.261306763, 207.79536438, 208.329421997, 208.863494873, 209.409164429, 209.954818726, 210.500488281, 211.046157837, 211.591827393, 212.137496948, 212.671554565, 213.205612183, 213.72807312, 214.250518799, 214.772964478, 215.295410156, 215.817871094, 216.340316772, 216.862762451, 217.38520813, 217.896057129, 218.406890869, 218.917724609, 219.428573608, 219.92779541, 220.461853027, 220.995910645, 221.518356323, 222.040817261, 222.574874878, 223.108932495, 223.654602051, 224.188659668, 224.745941162, 225.303222656, 225.860488892, 226.429382324, 227.009887695, 227.590377808, 228.182495117, 228.774597168, 229.355102539, 229.923980713, 230.45803833, 230.992111206, 231.526168823, 232.06022644, 232.594284058, 233.116729736, 233.627563477, 234.150024414, 234.672470093, 235.229751587, 235.787017822, 236.413970947, 237.040908813, 237.656234741, 238.271560669, 238.886886597, 239.502212524, 240.129150391, 240.756088257, 241.383041382, 242.009979248, 242.636917114, 243.26385498, 243.890792847, 244.506118774, 245.133056641, 245.783218384, 246.433380127, 247.083526611, 247.733688354, 248.314193726, 248.894683838, 249.475189209, 250.090515137, 250.705841064, 251.332778931, 251.959716797, 252.633102417, 253.294876099, 253.96824646, 254.583572388, 255.198913574, 255.814239502, 256.42956543, 257.044891357, 257.660217285, 258.28717041, 258.914093018, 259.541046143, 260.202819824, 260.864562988, 261.51473999, 262.130065918, 262.745391846, 263.291046143, 263.836730957, 264.394012451, 264.939666748, 265.485351563, 266.007781982, 266.53024292, 267.052703857, 267.656402588, 268.260131836, 268.863861084, 269.479187012, 270.094512939, 270.709838867, 271.325164795, 271.95211792, 272.590667725, 273.229187012, 273.856140137, 274.494689941, 275.133239746, 275.760162354, 276.398712158, 277.014068604, 277.617767334, 278.221496582, 278.825195313, 279.440551758, 280.055877686, 280.659576416, 281.298126221, 281.936676025, 282.586853027, 283.225402832, 283.863952637, 284.502502441, 285.141052246, 285.7215271, 286.302032471, 286.882537842, 287.463043213, 288.043518066, 288.624023438, 289.216125488, 289.808258057, 290.38873291, 290.969238281, 291.514923096, 292.07220459, 292.617858887, 293.163543701, 293.697601318, 294.231658936, 294.777313232, 295.322998047, 295.868652344, 296.402709961, 296.936767578, 297.552093506, 298.167419434, 298.817596436, 299.45614624, 300.094696045, 300.698394775, 301.313751221, 301.929077148, 302.532775879, 303.136505127, 303.740234375, 304.332336426, 304.9012146, 305.481719971, 306.062225342, 306.642730713, 307.223205566, 307.803710938, 308.372589111, 308.941497803, 309.510375977, 310.07925415, 310.741027832, 311.402801514, 312.064575195, 312.703125, 313.341674805, 313.980224609, 314.618774414, 315.257324219, 315.895874023, 316.534423828, 317.172973633, 317.823120117, 318.484893799, 319.15826416, 319.866485596, 320.574676514, 321.178405762, 321.793731689, 322.409057617, 323.012786865, 323.616516113, 324.220214844, 324.823944092, 325.42767334, 326.008148193, 326.588653564, 327.157531738, 327.72644043, 328.306945801, 328.887420654, 329.467926025, 330.071655273, 330.675354004, 331.279083252, 331.871185303, 332.451690674, 333.043792725, 333.635925293, 334.228027344, 334.762084961, 335.296142578, 335.853424072, 336.387481689, 336.921539307, 337.443969727, 337.978057861, 338.512115479, 339.057769775, 339.60345459, 340.160705566, 340.776062012, 341.379760742, 341.925445557, 342.471099854, 343.028381348, 343.643707275, 344.259033203, 344.909210205, 345.559356689, 346.209503174, 346.813232422, 347.41696167, 348.009063721, 348.601165771, 349.193267822, 349.727325439, 350.261413574, 350.807067871, 351.352722168, 351.886810303, 352.409240723, 352.93170166, 353.465759277, 353.988189697, 354.522247314, 355.056304932, 355.578765869, 356.101226807, 356.623657227, 357.146118164, 357.680175781, 358.214233398, 358.748291016, 359.29397583, 359.828033447, 360.373687744, 360.919372559, 361.465026855, 362.010681152, 362.556365967, 363.067199707, 363.578033447, 364.100494385, 364.622955322, 365.145385742, 365.66784668, 366.1902771, 366.712738037, 367.223571777, 367.746032715, 368.256866455, 368.779327393, 369.290161133, 369.800994873, 370.311828613, 370.822662354, 371.333496094, 371.844360352, 372.355194092, 372.866027832, 373.376861572, 373.89932251, 374.42175293, 374.955810547, 375.489868164, 375.977508545, 376.465118408, 376.952728271, 377.440368652, 377.927978516, 378.415588379, 378.903198242, 379.390838623, 379.878448486, 380.43572998, 380.981384277, 381.538665771, 382.061126709, 382.583587646, 383.117645264, 383.640075684, 384.150909424, 384.661773682, 385.195831299, 385.718261719, 386.240722656, 386.763153076, 387.285614014, 387.808074951, 388.342132568, 388.864562988, 389.387023926, 389.909484863, 390.44354248, 390.989196777, 391.534881592, 392.080535889, 392.672637939, 393.26473999, 393.856872559, 394.448974609, 395.02947998, 395.633178711, 396.225311279, 396.81741333, 397.409515381, 398.001617432, 398.593719482, 399.185852051, 399.777954102, 400.370056152, 400.962158203, 401.531066895, 402.099945068, 402.680450439, 403.249328613, 403.818237305, 404.421936035, 405.025665283, 405.629394531, 406.267913818, 406.906463623, 407.545013428, 408.183563232, 408.845336914, 409.495513916, 410.1456604, 410.714538574, 411.271820068, 411.84072876, 412.409606934, 412.978485107, 413.466125488, 413.953735352, 414.441345215, 414.928985596, 415.416595459, 415.892608643, 416.368621826, 416.844604492, 417.332244873, 417.773406982, 418.214599609, 418.655761719, 419.096954346, 419.538146973, 419.979309082, 420.420501709, 420.861663818, 421.302856445, 421.744018555, 422.185211182, 422.614776611, 423.055969238, 423.531951904, 423.996368408, 424.460754395, 424.936767578, 425.447601318, 425.970062256, 426.504119873, 427.03817749, 427.572235107, 428.117919922, 428.675170898, 429.220855713, 429.75491333, 430.288970947, 430.823028564, 431.357086182, 431.891143799, 432.425201416, 432.936035156, 433.446899414, 433.980957031, 434.515014648, 435.060668945, 435.594726563, 436.12878418, 436.662841797, 437.196899414, 437.730957031, 438.265014648, 438.787475586, 439.309936523, 439.832366943, 440.343200684, 440.854064941, 441.364898682, 441.887329102, 442.398162842, 442.932250977, 443.466308594, 444.011962891, 444.546020508, 445.080078125, 445.625762939, 446.13659668, 446.6590271, 447.181488037, 447.703948975, 448.214782715, 448.725616455, 449.224853516, 449.724060059, 450.234924316, 450.745758057, 451.256591797, 451.779052734, 452.301483154, 452.835540771, 453.346374512, 453.85723877, 454.379669189, 454.87890625, 455.378143311, 455.877349854, 456.376586914, 456.875823975, 457.375061035, 457.874267578, 458.385101318, 458.895965576, 459.395172119, 459.89440918, 460.40524292, 460.91607666, 461.415313721, 461.914550781, 462.425384521, 462.936218262, 463.447052002, 463.946289063, 464.445526123, 464.956359863, 465.455596924, 465.954833984, 466.442443848, 466.941680908, 467.440887451, 467.940124512, 468.439361572, 468.926971436, 469.414581299, 469.913818359, 470.41305542, 470.91229248, 471.411499023, 471.922363281, 472.433197021, 472.944030762, 473.454864502, 473.965698242, 474.464935303, 474.964172363, 475.463378906, 475.962615967, 476.461853027, 476.961090088, 477.460296631, 477.959533691, 478.458770752, 478.958007813, 479.457214355, 479.956451416, 480.467285156, 480.966522217, 481.488983154, 481.999816895, 482.510650635, 483.021484375, 483.532318115, 484.043151855, 484.554016113, 485.064849854, 485.575683594, 486.086517334, 486.597351074, 487.108184814, 487.619049072, 488.118255615, 488.617492676, 489.128326416, 489.639160156, 490.150024414, 490.649230957, 491.148468018, 491.647705078, 492.146942139, 492.646148682, 493.145385742, 493.632995605, 494.132232666, 494.631469727, 495.130706787, 495.62991333, 496.14074707, 496.651611328, 497.162445068, 497.673278809, 498.184112549, 498.683349609, 499.19418335, 499.69342041, 500.192657471, 500.691864014, 501.202697754, 501.701934814, 502.201171875, 502.688781738, 503.176422119, 503.664031982, 504.151641846, 504.639251709, 505.12689209, 505.614501953, 506.113739014, 506.612976074, 507.100585938, 507.588195801, 508.087432861, 508.586669922, 509.074279785, 509.561889648, 510.049499512, 510.537139893, 511.036376953, 511.535583496, 512.034790039, 512.534057617, 513.04486084, 513.544128418, 514.043334961, 514.530944824, 515.030212402, 515.529418945, 516.086730957, 516.643981934, 517.20123291, 517.758544922, 518.315795898, 518.907897949, 519.500061035, 520.092163086, 520.591369629, 521.090576172, 521.58984375, 521.972961426, 522.344482422, 522.727600098, 523.099121094, 523.47064209, 523.842163086, 524.213684082, 524.585205078, 524.956726074, 525.32824707, 525.699768066, 526.082885742, 526.466003418, 526.837524414, 527.20904541, 527.592163086, 527.975341797, 528.346862793, 528.718383789, 529.113098145, 529.5078125, 529.902587891, 530.297302246, 530.784912109, 531.272583008, 531.760192871, 532.247802734, 532.735412598, 533.223022461, 533.710632324, 534.198242188, 534.685913086, 535.150268555, 535.626281738, 536.102294922, 536.566711426, 537.042724609, 537.507080078, 537.959899902, 538.424316406, 538.888671875, 539.341491699, 539.794250488, 540.258666992, 540.723083496, 541.175842285, 541.640258789, 542.104675293, 542.569030762, 543.033447266, 543.49786377, 543.973876953, 544.449890137, 544.92590332, 545.401916504, 545.877929688, 546.365539551, 546.853149414, 547.340759277, 547.828369141, 548.315979004, 548.803588867, 549.279602051, 549.755615234, 550.231628418, 550.707641602, 551.195251465, 551.682922363, 552.158874512, 552.634887695, 553.110900879, 553.586914063, 554.062927246, 554.573791504, 555.096252441, 555.607055664, 556.234008789, 556.860961914, 557.534301758, 558.207702637, 558.927490234, 559.635742188, 560.343933105, 561.052124023, 561.771972656, 562.480163574, 563.188354492, 563.919799805, 564.651245117, 565.38269043, 566.102478027, 566.810668945, 567.507263184, 568.215515137, 568.912109375, 569.620300293, 570.328491211, 571.036743164, 571.744934082, 572.44152832, 573.138122559, 573.834716797, 574.531311035, 575.216308594, 575.901306152, 576.586303711, 577.166809082, 577.747314453, 578.223327637, 578.699279785, 579.175292969, 579.639709473, 580.104125977, 580.56854248, 581.032897949, 581.497314453, 581.961730957, 582.414489746, 582.89050293, 583.354919434, 583.830932617, 584.306945801, 584.782958984, 585.258972168, 585.734985352, 586.2109375, 586.686950684, 587.162963867, 587.638977051, 588.114990234, 588.579406738, 589.043823242, 589.508178711, 589.984191895, 590.460205078, 590.936218262, 591.400634766, 591.876647949, 592.352661133, 592.828674316, 593.31628418, 593.803894043, 594.291503906, 594.76751709, 595.243530273, 595.719543457, 596.195556641, 596.671569824, 597.147583008, 597.623596191, 598.099609375, 598.575561523, 599.063232422, 599.539245605, 600.026855469, 600.514465332, 601.002075195, 601.489685059, 601.988952637, 602.48815918, 602.987365723, 603.405334473, 603.834899902, 604.252868652, 604.670837402, 605.065551758, 605.460327148, 605.855041504, 606.249755859, 606.64453125, 607.039245605, 607.434020996, 607.828735352, 608.223510742, 608.618225098, 609.012939453, 609.407714844, 609.802429199, 610.19720459, 610.591918945, 610.951843262, 611.311706543, 611.671630859, 612.031555176, 612.391479492, 612.763000488, 613.134521484, 613.50604248, 613.94720459, 614.388366699, 614.829528809, 615.317199707, 615.80480957, 616.292419434, 616.768432617, 617.244445801, 617.720458984, 618.196472168, 618.672485352, 619.13684082, 619.601257324, 620.042419434, 620.483642578, 620.913208008, 621.342773438, 621.772338867, 622.213500977, 622.654663086, 623.037841797, 623.409301758, 623.792480469, 624.175598145, 624.55871582, 624.930236816, 625.301757813, 625.754516602, 626.218933105, 626.67175293, 627.124511719, 627.577331543, 628.030090332, 628.482910156, 628.947265625, 629.411682129, 629.876098633, 630.39855957, 630.909362793, 631.420227051, 631.931030273, 632.441894531, 632.952758789, 633.463562012, 633.97442627, 634.496887207, 634.903198242, 635.321166992, 635.739135742, 636.110656738, 636.482177734, 636.85369873, 637.225219727, 637.596740723, 637.968261719, 638.339782715, 638.711303711, 639.094421387, 639.477539063, 639.860656738, 640.243774414, 640.626953125, 641.010070801, 641.404785156, 641.799560547, 642.194274902, 642.588989258, 642.983764648, 643.378479004, 643.773254395, 644.16796875, 644.562683105, 645.027099609, 645.491516113, 645.955932617, 646.420288086, 646.88470459, 647.360717773, 647.825134277, 648.277893066, 648.74230957, 649.206726074, 649.671081543, 650.123901367, 650.576660156, 651.075927734, 651.575134277, 652.07434082, 652.585205078, 653.096069336, 653.618469238, 654.129333496, 654.640197754, 655.151000977, 655.661865234, 656.172668457, 656.683532715, 657.217590332, 657.763244629, 658.297302246, 658.77331543, 659.260925293, 659.748535156, 660.21295166, 660.677368164, 661.153381348, 661.629394531, 662.09375, 662.558166504, 663.022583008, 663.486999512, 663.95135498, 664.357727051, 664.764099121, 665.170410156, 665.576782227, 665.983093262, 666.401062012, 666.819030762, 667.236999512, 667.654968262, 668.072937012, 668.490844727, 668.943664551, 669.38482666, 669.837646484, 670.290405273, 670.743225098, 671.195983887, 671.648803711, 672.11315918, 672.577575684, 673.041992188, 673.494750977, 673.947570801, 674.411987305, 674.876342773, 675.352355957, 675.828369141, 676.281188965, 676.733947754, 677.186767578, 677.662780762, 678.13873291, 678.603149414, 679.067565918, 679.531982422, 679.996337891, 680.460754395, 680.936767578, 681.412780762, 681.888793945, 682.364807129, 682.829223633, 683.305175781, 683.769592285, 684.234008789, 684.710021973, 685.186035156, 685.66204834, 686.149658203, 686.637268066, 687.12487793, 687.612487793, 688.076904297, 688.55291748, 689.028930664, 689.516540527, 689.992553711, 690.468566895, 690.944580078, 691.420593262, 691.896606445, 692.384216309, 692.883422852, 693.38269043, 693.881896973, 694.323059082, 694.775878906, 695.228637695, 695.716247559, 696.203857422, 696.679870605, 697.144287109, 697.608703613, 698.061462402, 698.525878906, 698.99029541, 699.454650879, 699.919067383, 700.383483887, 700.85949707, 701.323913574, 701.788269043, 702.252685547, 702.717102051, 703.16986084, 703.622680664, 704.075439453, 704.551452637, 705.02746582, 705.491882324, 705.967895508, 706.443908691, 706.919921875, 707.384277344, 707.860290527, 708.324707031, 708.789123535, 709.253479004, 709.717895508, 710.182312012, 710.635070801, 711.087890625, 711.552307129, 712.016662598, 712.481079102, 712.945495605, 713.433105469, 713.920715332, 714.419921875, 714.953979492, 715.499694824, 716.033752441, 716.567810059, 717.101867676, 717.635925293, 718.18157959, 718.715637207, 719.261291504, 719.806945801, 720.352661133, 720.88671875, 721.409118652, 721.93157959, 722.454040527, 722.976501465, 723.487304688, 723.998168945, 724.509033203, 725.019836426, 725.519104004, 726.018310547, 726.50592041, 726.993530273, 727.481140137, 727.968811035, 728.456420898, 728.944030762, 729.431640625, 729.919250488, 730.418518066, 730.90612793, 731.405334473, 731.892944336, 732.380554199, 732.868225098, 733.355834961, 733.843444824, 734.331054688, 734.818664551, 735.306274414, 735.793884277, 736.281555176, 736.769165039, 737.256774902, 737.744384766, 738.231994629, 738.719604492, 739.207214355, 739.694885254, 740.182495117, 740.67010498, 741.157714844, 741.645324707, 742.121337891, 742.597351074, 743.084960938, 743.572570801, 744.060241699, 744.547851563, 745.035461426, 745.523071289, 745.999084473, 746.475097656, 746.96270752, 747.438720703, 747.914733887, 748.40234375, 748.878356934, 749.354370117, 749.84197998, 750.329589844, 750.817199707, 751.30480957, 751.792480469, 752.268493652, 752.744445801, 753.220458984, 753.708129883, 754.195739746, 754.683349609, 755.170959473, 755.658569336, 756.146179199, 756.622192383, 757.109802246, 757.597473145, 758.096679688, 758.59588623, 759.095153809, 759.582763672, 760.070373535, 760.557983398, 761.045593262, 761.521606445, 762.009216309, 762.485229492, 762.961242676, 763.437255859, 763.924865723, 764.412475586, 764.911743164, 765.399353027, 765.886962891, 766.374572754, 766.850585938, 767.326599121, 767.791015625, 768.267028809, 768.743041992, 769.219055176, 769.695068359, 770.171081543, 770.647033691, 771.123046875, 771.599060059, 772.063476563, 772.539489746, 773.01550293, 773.491516113, 773.967529297, 774.44354248, 774.919555664, 775.395568848, 775.871520996, 776.34753418, 776.823547363, 777.299560547, 777.77557373, 778.251586914, 778.727600098, 779.203613281, 779.679626465, 780.155639648, 780.631652832, 781.107666016, 781.583679199, 782.048034668, 782.524047852, 783.000061035, 783.476074219, 783.952087402, 784.428100586, 784.90411377, 785.380126953, 785.856140137, 786.33215332, 786.808166504, 787.284179688, 787.736938477, 788.20135498, 788.665771484, 789.130126953, 789.594543457, 790.047302246, 790.50012207, 790.94128418, 791.394104004, 791.846862793, 792.311279297, 792.775695801, 793.24005127, 793.692871094, 794.145629883, 794.586853027, 795.028015137, 795.422729492, 795.817504883, 796.212219238, 796.595336914, 796.978515625, 797.361633301, 797.744750977, 798.127868652, 798.510986328, 798.894165039, 799.277282715, 799.660400391, 800.043518066, 800.426635742, 800.809753418, 801.181274414, 801.55279541, 801.924316406, 802.295837402, 802.690612793, 803.085327148, 803.491699219, 803.898010254, 804.315979004, 804.745544434, 805.163513184, 805.569885254, 805.987854004, 806.405761719, 806.812133789, 807.230102539, 807.659667969, 808.089233398, 808.507202148, 808.925170898, 809.343139648, 809.772705078, 810.202270508, 810.631835938, 811.049804688, 811.467712402, 811.885681152, 812.303649902, 812.710021973, 813.104736328, 813.511108398, 813.905822754, 814.300598145, 814.6953125, 815.090026855, 815.484802246, 815.879516602, 816.274291992, 816.669006348, 817.075378418, 817.481689453, 817.899658203, 818.306030273, 818.689147949, 819.083862305, 819.478637695, 819.873352051, 820.268127441, 820.662841797, 821.057556152, 821.452331543, 821.800598145, 822.160522461, 822.520446777, 822.880371094, 823.240234375, 823.669799805, 824.099365234, 824.528991699, 825.004943848, 825.492614746, 825.96862793, 826.444641113, 826.920593262, 827.396606445, 827.872619629, 828.348632813], "beats_loudness": {"dmean2": 0.00791396480054, "median": 0.00231819157489, "min": 6.45241360342e-10, "dvar2": 0.000196743552806, "dvar": 7.1564274549e-05, "dmean": 0.00466950517148, "max": 0.106976851821, "var": 0.000322665757267, "mean": 0.0115831047297}, "danceability": 0.879697620869, "bpm_histogram_second_peak_weight": {"dmean2": 0, "median": 0.0927960947156, "min": 0.0927960947156, "dvar2": 0, "dvar": 0, "dmean": 0, "max": 0.0927960947156, "var": 0, "mean": 0.0927960947156}, "beats_count": 1639, "bpm_histogram_second_peak_bpm": {"dmean2": 0, "median": 126, "min": 126, "dvar2": 0, "dvar": 0, "dmean": 0, "max": 126, "var": 0, "mean": 126}, "bpm_histogram_first_peak_spread": {"dmean2": 0, "median": 0.616302192211, "min": 0.616302192211, "dvar2": 0, "dvar": 0, "dmean": 0, "max": 0.616302192211, "var": 0, "mean": 0.616302192211}, "beats_loudness_band_ratio": {"dmean2": [0.195990428329, 0.246809825301, 0.250121921301, 0.192818909883, 0.121926806867, 0.0514904521406], "median": [0.0978564247489, 0.193431437016, 0.206459701061, 0.156596034765, 0.0612180791795, 0.0196145009249], "min": [0.000295698322589, 9.42557663863e-12, 1.09781823389e-12, 1.32871659638e-13, 1.90505095965e-14, 2.67735528192e-10], "dvar2": [0.0474350489676, 0.0518716573715, 0.0513222925365, 0.0434754416347, 0.024410340935, 0.00664971815422], "dvar": [0.0188569575548, 0.0189890936017, 0.0195062421262, 0.0165753271431, 0.00911159813404, 0.00250302092172], "dmean": [0.113243043423, 0.143190264702, 0.143595099449, 0.113842107356, 0.0700408369303, 0.0301500428468], "max": [0.991568684578, 0.977671682835, 0.940214276314, 0.955055475235, 0.979134559631, 0.567919254303], "var": [0.0506393834949, 0.0399149917066, 0.0384484604001, 0.0380292870104, 0.0160101708025, 0.00424884818494], "mean": [0.191310450435, 0.245189264417, 0.254889041185, 0.208993494511, 0.106092892587, 0.04474626109]}}, "lowlevel": {"barkbands_spread": {"dmean2": 5.03674030304, "median": 14.3469734192, "min": 0.00306497467682, "dvar2": 36.7427787781, "dvar": 14.6521654129, "dmean": 3.24816203117, "max": 99.6218185425, "var": 111.688781738, "mean": 16.2347946167}, "melbands_spread": {"dmean2": 7.20612382889, "median": 18.7124786377, "min": 1.91443536579e-08, "dvar2": 70.0456161499, "dvar": 29.9750213623, "dmean": 4.66800880432, "max": 133.877120972, "var": 256.002197266, "mean": 22.2016410828}, "hfc": {"dmean2": 3.52660036087, "median": 1.37121760845, "min": 1.11009974163e-16, "dvar2": 92.6451568604, "dvar": 50.3285217285, "dmean": 2.54010772705, "max": 324.219787598, "var": 541.444213867, "mean": 10.6608791351}, "barkbands_kurtosis": {"dmean2": 3.85841679573, "median": 1.56927871704, "min": -1.8220975399, "dvar2": 353.031066895, "dvar": 156.912216187, "dmean": 2.57531619072, "max": 1598.61083984, "var": 1055.72998047, "mean": 8.34250545502}, "gfcc": {"mean": [-145.033721924, 93.2916030884, -120.337348938, 7.10665416718, -58.5405845642, 0.78224760294, -36.7838020325, 3.41214346886, -21.5366230011, -0.727533459663, -8.56918525696, 0.89653223753, -9.67918682098], "icov": [[0.000384479208151, -0.000820482964627, 0.000795232655946, -0.000801939226221, 0.000993286375888, -0.00106816727202, 0.00141922326293, -0.00125507253688, 0.00154641759582, -0.00152821245138, 0.00130095600616, -0.000708578678314, 0.000636147276964], [-0.000820482964627, 0.00293795508333, -0.00176970509347, 0.00214782054536, -0.00235154130496, 0.00280800508335, -0.003390181344, 0.00342358602211, -0.00421089818701, 0.00511636491865, -0.00392174581066, 0.00308407121338, -0.00157610769384], [0.000795232655946, -0.00176970509347, 0.00243647093885, -0.00180949585047, 0.00168335135095, -0.00214890320785, 0.00237988610752, -0.00196234020405, 0.00266630621627, -0.00350048276596, 0.00354078784585, -0.00224690604955, 0.00156263262033], [-0.000801939226221, 0.00214782054536, -0.00180949585047, 0.00446821097285, -0.00231212051585, 0.00146912073251, -0.00203411886469, 0.0014637055574, -0.00294748647138, 0.00380506413057, -0.00265502301045, 0.00257687247358, -0.00141232018359], [0.000993286375888, -0.00235154130496, 0.00168335135095, -0.00231212051585, 0.0060726380907, -0.00307959131896, 0.00176290608943, -0.00225157150999, 0.00343826971948, -0.00410882057622, 0.00252040126361, -0.00163239450194, 0.00205978448503], [-0.00106816727202, 0.00280800508335, -0.00214890320785, 0.00146912073251, -0.00307959131896, 0.0091237090528, -0.00574524421245, 0.00353041407652, -0.00329791288823, 0.00339752528816, -0.00248187105171, 0.000976296898443, -0.000471644540085], [0.00141922326293, -0.003390181344, 0.00237988610752, -0.00203411886469, 0.00176290608943, -0.00574524421245, 0.0144517924637, -0.00858259573579, 0.00586959440261, -0.00411794008687, 0.00295760342851, -0.00153314846102, 0.00111451710109], [-0.00125507253688, 0.00342358602211, -0.00196234020405, 0.0014637055574, -0.00225157150999, 0.00353041407652, -0.00858259573579, 0.0175712388009, -0.0105747338384, 0.00594883598387, -0.00312460935675, 0.00162418035325, -0.000921577098779], [0.00154641759582, -0.00421089818701, 0.00266630621627, -0.00294748647138, 0.00343826971948, -0.00329791288823, 0.00586959440261, -0.0105747338384, 0.0205105226487, -0.0137464748695, 0.00730811199173, -0.00363726913929, 0.000996226910502], [-0.00152821245138, 0.00511636491865, -0.00350048276596, 0.00380506413057, -0.00410882057622, 0.00339752528816, -0.00411794008687, 0.00594883598387, -0.0137464748695, 0.0254135243595, -0.0160403586924, 0.00932589173317, -0.00356477731839], [0.00130095600616, -0.00392174581066, 0.00354078784585, -0.00265502301045, 0.00252040126361, -0.00248187105171, 0.00295760342851, -0.00312460935675, 0.00730811199173, -0.0160403586924, 0.0248091183603, -0.0139281572774, 0.00712488405406], [-0.000708578678314, 0.00308407121338, -0.00224690604955, 0.00257687247358, -0.00163239450194, 0.000976296898443, -0.00153314846102, 0.00162418035325, -0.00363726913929, 0.00932589173317, -0.0139281572774, 0.0205335710198, -0.00893923919648], [0.000636147276964, -0.00157610769384, 0.00156263262033, -0.00141232018359, 0.00205978448503, -0.000471644540085, 0.00111451710109, -0.000921577098779, 0.000996226910502, -0.00356477731839, 0.00712488405406, -0.00893923919648, 0.0160369407386]], "cov": [[26891.8203125, 41.5883140564, -4496.65234375, 1058.40466309, -1844.41955566, 349.187072754, -1033.31542969, 188.306350708, -550.200866699, -141.780853271, -313.90838623, -304.025238037, -228.827285767], [41.5883140564, 1382.03063965, 190.729095459, -245.368942261, 156.24005127, -146.722732544, 84.1451187134, -76.6145629883, 33.0975914001, -88.215385437, 4.80536365509, -76.6818618774, -7.19410800934], 