{"tonal": {"thpcp": [1, 0.608799278736, 0.237357482314, 0.214954853058, 0.258402168751, 0.53108727932, 0.791312754154, 0.617848157883, 0.560640513897, 0.692534506321, 0.490008056164, 0.285976171494, 0.280315816402, 0.294723004103, 0.403762131929, 0.466666072607, 0.325999855995, 0.212406948209, 0.185173466802, 0.190366879106, 0.568826854229, 0.931748986244, 0.587206602097, 0.286095261574, 0.350598573685, 0.297624140978, 0.311382979155, 0.426222980022, 0.384185791016, 0.365144103765, 0.420339286327, 0.308588594198, 0.249340191483, 0.294620156288, 0.34547457099, 0.724926888943], "hpcp": {"dmean2": [0.194102242589, 0.190111324191, 0.178496286273, 0.177590951324, 0.164420589805, 0.155329108238, 0.167259663343, 0.182897135615, 0.256153255701, 0.263258755207, 0.22433206439, 0.163235783577, 0.169567555189, 0.188618212938, 0.244325339794, 0.290553897619, 0.28731790185, 0.261985272169, 0.255592286587, 0.226245939732, 0.180866271257, 0.175050452352, 0.174473524094, 0.197449579835, 0.198458090425, 0.167515069246, 0.144982203841, 0.13342499733, 0.134473457932, 0.193750679493, 0.250441282988, 0.196108654141, 0.119806736708, 0.121028155088, 0.144558340311, 0.176500767469], "median": [0.0282634980977, 0.0300621762872, 0.0335313826799, 0.0293543636799, 0.0220561865717, 0.0140358693898, 0.0153806675225, 0.0283824764192, 0.0983189567924, 0.139824837446, 0.0809178128839, 0.0159592553973, 0.00987492781132, 0.0146239763126, 0.0521976724267, 0.0847252979875, 0.0704632103443, 0.0472316071391, 0.0465090982616, 0.0345744118094, 0.0184398759156, 0.0165736973286, 0.01932926476, 0.0371596217155, 0.0412908904254, 0.0262079332024, 0.0116208214313, 0.0086368964985, 0.0112033532932, 0.0711512863636, 0.129499211907, 0.0877510011196, 0.0200299397111, 0.0125043829903, 0.0181741118431, 0.0248399414122], "min": [0, 0, 0, 0, 0, 0, 0, 3.06017063849e-05, 2.03779309231e-05, 1.2175255506e-05, 6.64232766212e-06, 0, 0, 0, 0, 0, 0, 0, 0, 0, 0, 0, 0, 0, 0, 0, 0, 0, 0, 0.000122360201203, 0.000281555170659, 0.000138781600981, 0, 0, 0, 0], "dvar2": [0.0879275724292, 0.0882952064276, 0.0789253637195, 0.0896414667368, 0.0786451101303, 0.0815087854862, 0.0918841660023, 0.0790136158466, 0.103358671069, 0.115208253264, 0.0876554325223, 0.0811226069927, 0.0992060154676, 0.102320298553, 0.114585742354, 0.148294955492, 0.136295706034, 0.125445216894, 0.126761987805, 0.11244083941, 0.0953792184591, 0.0968003869057, 0.0844949111342, 0.0899773910642, 0.0908911302686, 0.0724185481668, 0.0739695429802, 0.0712069123983, 0.0692758485675, 0.0679262280464, 0.10659122467, 0.0604511909187, 0.0421352759004, 0.0556398741901, 0.0584820024669, 0.0786580517888], "dvar": [0.0346140228212, 0.0357351638377, 0.0288985427469, 0.0335775986314, 0.0291992984712, 0.0298464260995, 0.0338884107769, 0.0307273417711, 0.0407447703183, 0.0451610758901, 0.032792430371, 0.0291710756719, 0.0333306975663, 0.0354097001255, 0.0406525917351, 0.0550498627126, 0.0488590523601, 0.0458502322435, 0.049201451242, 0.0419645346701, 0.0350692942739, 0.0350112318993, 0.032029915601, 0.0333551764488, 0.0356009677052, 0.0268420018256, 0.0281757432967, 0.0268791541457, 0.0251326560974, 0.0261420756578, 0.0433670207858, 0.0232493523508, 0.0164902023971, 0.0223178584129, 0.0221432801336, 0.0287615247071], "dmean": [0.113480605185, 0.111005283892, 0.102238692343, 0.100961782038, 0.0931837558746, 0.0868294462562, 0.0946961790323, 0.107061848044, 0.149769946933, 0.154865473509, 0.129728585482, 0.0915022939444, 0.092748478055, 0.103288434446, 0.137883976102, 0.167234763503, 0.162215203047, 0.147293969989, 0.144150659442, 0.129265129566, 0.101408414543, 0.098331399262, 0.0994662940502, 0.114315956831, 0.115541763604, 0.0963724851608, 0.0815332904458, 0.0745043158531, 0.074363425374, 0.113326519728, 0.147135943174, 0.115452840924, 0.0691171362996, 0.0689330846071, 0.0823070853949, 0.100365817547], "max": [1, 1, 1, 1, 1, 1, 1, 1, 1, 1, 1, 1, 1, 1, 1, 1, 1, 1, 1, 1, 1, 1, 1, 1, 1, 1, 1, 1, 1, 1, 1, 1, 1, 1, 1, 1], "var": [0.054094068706, 0.0463312342763, 0.0354836322367, 0.0599644929171, 0.0314132384956, 0.0300821755081, 0.0401803404093, 0.037651989609, 0.0760365724564, 0.12985612452, 0.0571181103587, 0.024508472532, 0.0245924089104, 0.0294748302549, 0.056972105056, 0.106955684721, 0.06555018574, 0.0654541477561, 0.106612108648, 0.0563775934279, 0.0334457196295, 0.0336468778551, 0.0355480127037, 0.0427580028772, 0.0602233111858, 0.0329204536974, 0.0242653377354, 0.0214295964688, 0.0204497464001, 0.0531182028353, 0.118557929993, 0.0475014410913, 0.0298987049609, 0.060959327966, 0.0328265801072, 0.0308046415448], "mean": [0.135122895241, 0.121796101332, 0.115759432316, 0.133257627487, 0.0978299826384, 0.0790468156338, 0.0934016481042, 0.109523721039, 0.229819193482, 0.317023962736, 0.193003952503, 0.0752480104566, 0.0681458413601, 0.0819196775556, 0.168367400765, 0.250865101814, 0.195872664452, 0.177736476064, 0.219550028443, 0.155344292521, 0.0906612947583, 0.0888668298721, 0.0934342518449, 0.128002271056, 0.147944331169, 0.103349767625, 0.0673380941153, 0.0587044246495, 0.0603508614004, 0.180331751704, 0.295386761427, 0.186158567667, 0.0906990543008, 0.111148148775, 0.0943539813161, 0.0987158641219]}, "tuning_equal_tempered_deviation": 0.0417467691004, "chords_changes_rate": 0.0416195429862, "key_key": "C", "tuning_diatonic_strength": 0.606570065022, "key_scale": "minor", "chords_number_rate": 0.00271431799047, "tuning_frequency": 439.745910645, "tuning_nontempered_energy_ratio": 0.682263016701, "chords_histogram": [21.4657325745, 8.6179599762, 14.5894594193, 0.859534025192, 2.12621569633, 5.31553936005, 4.97624969482, 9.61320972443, 1.62859082222, 10.6989364624, 0.248812481761, 0.497624963522, 0, 0, 0.0226193163544, 1.08572721481, 0.588102221489, 0, 0.11309658736, 0, 0.0226193163544, 0.22619317472, 7.60009050369, 9.70368671417], "key_strength": 0.784381151199, "chords_key": "C", "chords_strength": {"dmean2": 0.00801051687449, "median": 0.520515501499, "min": 0.244705811143, "dvar2": 5.06615979248e-05, "dvar": 4.71915118396e-05, "dmean": 0.00817841198295, "max": 0.749293088913, "var": 0.00770219834521, "mean": 0.520773053169}, "chords_scale": "minor", "hpcp_entropy": {"dmean2": 0.987711310387, "median": 1.89824008942, "min": 0.0370768271387, "dvar2": 0.636870265007, "dvar": 0.235059037805, "dmean": 0.579022347927, "max": 4.01625490189, "var": 0.50425940752, "mean": 1.87446081638}}, "metadata": {"audio_properties": {"equal_loudness": 0, "codec": "flac", "downmix": "mix", "sample_rate": 44100, "analysis_sample_rate": 44100, "bit_rate": 0, "md5_encoded": "439dcecf9120124b6f653c71f9112970", "length": 205.263244629, "replay_gain": -8.92088699341, "lossless": true}, "version": {"essentia_build_sha": "9d802f11a06d563db11312c01732e940832f6a11", "essentia": "2.1-beta2", "extractor": "music 1.0", "essentia_git_sha": "v2.1_beta2"}, "tags": {"title": ["Sunrise of Cloudy Isles"], "language": ["eng"], "media": ["Digital Media"], "albumartist": ["Ari Pulkkinen"], "tracktotal": ["9"], "initialkey": ["Bm"], "musicbrainz_recordingid": ["1de54d6e-c42d-4880-8e6d-77f057148dac"], "artistsort": ["Pulkkinen, Ari"], "musicbrainz_releasegroupid": ["831acc13-e197-43ed-b3ea-3967d2d9f8cd"], "musicbrainz_albumartistid": ["fc14934c-5c14-4b3e-ba9a-76af9117e6a8"], "discnumber": ["1"], "totaldiscs": ["1"], "album": ["Trine 2: The Goblin Menace Soundtrack"], "releasecountry": ["XW"], "file_name": "06 - Sunrise of Cloudy Isles.flac", "compilation": ["0"], "acoustid_fingerprint": ["AQADtMo4JcqSZdi1OMIp4kqFewxC-0HzQ2lz5Md1VEuS4yOF9MVDJNxRKzneMBOuozuPLQ6Pf3guJC8R8vhx40-CKeOOUfxwJoGR_Mjzok8a40m2C_2FtIqPLll29EGTD7nyRHg0qrgcYueRVsebCPJxUUEavsNHLsKTyAhzQrOPNtTRjDT05MQsweSC60cQRl4I7cilS7gyXNvRnEEvPLje4Dtq5fCXHD07PPvw6MhP3EQ-GqEaPxC1cUP1I5fQTx2uJIZ7lDjFREOY5CW0Pxz8LPiG_EQTL4mKcoqK64imSMSdKMV1Df4FfcdT4RAvCs_SDfHHBHmOp8pxNdBS5RFCa8etDj8eZUf3I10J7ZSI_EOfxIQ1LXiiCM2OOeRxHcl2BWHiLDjxG_9RiUwFK2FKFeGhakcsyWg4EV2YY-9wo5n2CNUUpkc-cS3a46JkomcU_EOeWMefFZVz-EeoXPih_NiD82g2KVAfIdWFHi2PxhueqEKuHc0ha7iSIw_SRRe2h4V--JuQOsGuaUaz4LzwK2j-CLUiIeRCwjwm4syDUhvhbMyhD_6OXEG9EH1InFKGaOnRL4wMXXJRXgcvGj-0lUHEVTVRSod_9MnRo7mOnFnQG2Gu4A-alyiZC3mCWhm0jCfyLscZmXiqBxVNXXiIXAp-aNk9XFnw5MaRJm-I59iFJ2ClRIc_PAsnfB8aMTm6BzmuQ0rO7NAXCr6SEB_0B86zI-w-gUefE656tEdsmdCUSJmMME_wnCiXL4F_fBEp3EEoboF-7An-oFMILXGF5wia-nhofDlyaYKYWB8chwgpn_jRHhcNZ1yQT_iNHvGi4yFqHU6Z4IUZ9fCPSz9S_UJVLcd5fINZBWc85EcvCq4Y4lfgJWof9DgTTGeK5jzO4y66bUamNPKQnCl8pUF_zDuuRCGeDskyrwi74M_xzDLuq2icZBVKSSl-JI1248smXPpx6eiF5lmgG8-O3DweHd8RU5-g5eh2PFKi483R54VPHTpToezx48-Eixnuo_FHnKOQLiRR6TrqwVtQJj7OHE0eEtPxR-BTPD12HmEmkUefBXqI5llqyBMRJjf-4A-uow-DZlqED3EO9QjJoA2-5EEPP-uQ8Ajl44lwSTSaI5T5QMiPWokOK9uMHLJ2IZRIjBQ9fAkdodvRfEnx5QhzaLo8XFmOMM5X3Dc-XNM6MPpxRtpQ4U_QVD1y8Uhu4ShJ7niTBVVW4_JQkoEZ9JGyIY9yaHpChEliHc8lMPwFM1sqXAte8vCT4UiG8MNDJT1OG-2eFSel4aEQ-pCSH7nCET-qjeEwLUtyA32C5rRwMQ9yXtCVHGGO-hqO8UcPq0TlZQ2a3uiV44mO0qKOplvwoeqFVFGPnzgVaFUkSriCRMsjtEczaZEoPAmyr4L-I0xUJRM6XUcl45uHR8qRtod25JTS4bvQbQ-u5StcKiN6MviPn2gcksgq5YVzaBZT4U0uhJZZNGM-4aiWTUajzPguNHlR60L2JAmSnzKuvPhxJcrRlSKalMQbBb-eoRS8I9R4o5RwbDmL9CiPPdHxHT_-4mGChLlGI7dx6cJv4cyJpkIv4UguG5HewNIGx6lQcjn2NEcPXwiP5LmwMw5KwVWEW-jY4H7w48tFxJIoiFaQ57h-tEej8Kh-eM9TtOkw98IPtzryLD9ULUfXPHAv_OiDHzJiSVHAZJErMOaHFw-Ny0dSMbkQThvRBLuY4okdlMwQ5kLyJyXaX0MTRmlR88KbCX7xH66OawjlQ-F1vIlyhD-uFV6WHf3RHH3APMvRjCbi5bgMic8R5h6qI_-xo-mWodeO52i6s-jxREd-XIlOtEMzH5fw4xTx3PglIX7CHM13aFdk5MoofMocfB5q5Wg4BuXRPMej3fiR7JIQ5krw4HmMmRx45WgcEqEVHvqQpw_O5Kh1-Ec4DxrNI2R84cE5wW_w8bjI45PgOepwWQyxK3GQ6yuqH436QHWGPD2u5EOtJEfYQ7iI8MUXEV_yBGle6EfOE7VoXFeE2kczJspwH8-R7EZahShJMni0Rziu6_ATY-dx9cIloT18HbmKPokgKz9yBneWLZgSingzXCyePMf_4Mfh_SgzBvvBHVvy9LgynBUSluMR68eT41_QVNlRJ1rwjPgzNMpXVMqyiDgb4QgfJJx8mBpvXLnwB002POzxHL-CRvfQZ0FsIXkcXEqs4iou5bhoNGH0INmPvL1x5kFzouQlXMe1I1nyHaF_vEeZ1XBhJ0mCZJZ45MzRH47QuRh__OAbxngX5LuQVOGxE9WDicMzeegXI_0OnTkRhsdv3Ghs1Hg4NEOySyTi__iFSQwuUvAaBUd1XMfK5MGj403QVOjFHUfGPtCPuCdcBx9NXD8aVSd6Bpyz47GQVeKRXIof4U0yoR-JKeXxL8txMTOq8OhzPBz-ow-ew2PyoIriBheeE9_yYb-C_NBzov4RJmku3Afvok-EZngiDU8I_kGY0C6S_bjDB6d0nNrh6hgrEd0WwvGP5i30Ht8rTH1ONE0dXDyqRM7hU8h7SHoWMUG9HXp2Itdz-MJH8MmOHw-HX0F86HmOrLzRNMkqfE7xG-Mj7uhVPDueHRdvnJXxK2iOSqSOOIqyYFaO4xAnG3rC4Ec-HdWLJpaLD9eDjxz6toTXodfxVFSHl-kQZiShPQneF9eJLM_wg3lcnOrw6zjz4wqPHxV5-D8iQcuNkMcTZTl-oVbQvAe-b7hoPMziobLw48WfG2Ee4dDOBbFDPD1Rf1txHUevpmhO5MmRHH6CJyJOPPwSoXFToVY2nEefJQh_Qd-O2Lh29GGYo6mxw91CAAEBAYAhBwijBjBhAGLGAKKMQYQK6AiQgihllAAAEaWYIYQ4wAAgwCilhBFAECWIIQRIhgRBCBBhgEIAAQKAMcIoQIAA1BkBASIGAEMsYAQogqAxRCljCBNGASYFMowRaQBDykBAAAAAQSAIEQQgRoVTGAokNGCGIEREAggRQYwzgDCBCBLCASIIAYAxYYQQBgEklHUCEKmIIYAAJQwUCBnAHNBSaAYQIQIaQIAQhAGhhACCGSYAUUBwQABlSjCiDBAKOQSABEpIAoABAAkgCKJEIQMAUERAAABAQlACABGEIQACAUYAojiA0AhiMAHGKoWQEAgAZBkyACCBkFCAAYAAYMIAQoQBiAKHiAIMSGKEwEIADpQQxhAFjMECAYAERAgIA5wxzAjAACGEMSAAEAJxAwQhxAJADaECAYCcEMQCIiQRABBMODJGISQEUggYAJAizgoADACEAIOAMQACkABDgggACUWAGECkEoAAIwBTihlBDCLACGEYAIQQzABSBiDAmCGKACAANEIAwBwShAjDKFEOCcYoEMJQAAAwAhBglFICCCEcEAJZJICFCjFEgDIAGEyMIhYgIR0UjgAiDBDCKEGgRAIJpAxgBAACuCBEAAUAYEIhBIwhQAgpjCREAIE5EAYhRYQhAhBADAFiAYEMAUQwAiFgQgMBmAAIACqkUMZQApASiggKnPOAOAaXAIgwIxhiyBDhiCECGUIAIEIgZJQBEABCjDDCSIKYoAJRZ4ggAAhGCGiCAMEIYo44ZAwFhhommAFAGCGoEAARZAAARjnFiNBKCcAAEkYIBxQAAGCGCBNICAAoMAQhAQAyAgBgHCACCIMEAsQSQQVkAgJhjGAGAMQMUgQZgohhnBQHCCBICSMAAgAYgYCwSAADgCDEOAIMIEAxYhRRBAEGiKAGAAcXIIBY0AAizDBCAFNCGAkIAsQA"], "date": ["2012-09-24"], "genre": ["Electronic"], "disctotal": ["1"], "musicbrainz_artistid": ["fc14934c-5c14-4b3e-ba9a-76af9117e6a8"], "originaldate": ["2012-09-24"], "musicbrainz_albumid": ["90edbf9e-6003-4961-a365-9d7024c64ab6"], "artist": ["Ari Pulkkinen"], "tracknumber": ["6"], "composer": ["Ari Pulkkinen"], "bpm": ["152"], "label": ["AriTunes"], "albumartistsort": ["Pulkkinen, Ari"], "acoustid_id": ["b747422d-b0fc-44fe-a6dc-823af21406b2"], "script": ["Latn"], "totaltracks": ["9"]}}, "rhythm": {"bpm_histogram_first_peak_bpm": {"dmean2": 0, "median": 152, "min": 152, "dvar2": 0, "dvar": 0, "dmean": 0, "max": 152, "var": 0, "mean": 152}, "bpm": 152.046707153, "bpm_histogram_second_peak_spread": {"dmean2": 0, "median": 0.0163934826851, "min": 0.0163934826851, "dvar2": 0, "dvar": 0, "dmean": 0, "max": 0.0163934826851, "var": 0, "mean": 0.0163934826851}, "bpm_histogram_first_peak_weight": {"dmean2": 0, "median": 0.766409277916, "min": 0.766409277916, "dvar2": 0, "dvar": 0, "dmean": 0, "max": 0.766409277916, "var": 0, "mean": 0.766409277916}, "onset_rate": 4.26742506027, "beats_position": [0.394739210606, 0.789478421211, 1.18421769142, 1.57895684242, 1.97369611263, 2.36843538284, 2.76317453384, 3.15791368484, 3.55265307426, 3.94739222527, 4.34213161469, 4.73687076569, 5.13160991669, 5.52634906769, 5.92108821869, 6.31582736969, 6.72217655182, 7.11691617966, 7.51165533066, 7.90639448166, 8.28952407837, 8.68426322937, 9.07900238037, 9.47374153137, 9.86848068237, 10.2516098022, 10.6579589844, 11.0526981354, 11.4474372864, 11.8537864685, 12.2485256195, 12.6548748016, 13.0496139526, 13.4443531036, 13.8390922546, 14.2222223282, 14.6053514481, 15.0000905991, 15.3948297501, 15.7895689011, 16.1843090057, 16.5790481567, 16.9737873077, 17.3685264587, 17.7632656097, 18.1580047607, 18.5527439117, 18.9474830627, 19.3538322449, 19.7485713959, 20.1433105469, 20.5380496979, 20.9211788177, 21.3159179688, 21.7106571198, 22.1053962708, 22.5001354218, 22.9064846039, 23.312833786, 23.707572937, 24.0907020569, 24.4738311768, 24.8685703278, 25.2749195099, 25.681268692, 26.076007843, 26.470746994, 26.865486145, 27.2602272034, 27.6549663544, 28.0497055054, 28.4444446564, 28.8391838074, 29.2339229584, 29.6286621094, 30.0234012604, 30.4181404114, 30.8012695312, 31.1960086823, 31.6023578644, 31.9970970154, 32.391834259, 32.7865753174, 33.1813163757, 33.5760536194, 33.9591827393, 34.3539237976, 34.7602729797, 35.1550102234, 35.5381393433, 35.9328804016, 36.3160095215, 36.7107467651, 37.1054878235, 37.5002250671, 37.8949661255, 38.2897033691, 38.6844444275, 39.0791816711, 39.4739227295, 39.8686599731, 40.2634010315, 40.6581382751, 41.0528793335, 41.4476165771, 41.8423576355, 42.2370948792, 42.6318359375, 43.0265769958, 43.4213142395, 43.8160552979, 44.2107925415, 44.6055335999, 45.0002708435, 45.4066200256, 45.801361084, 46.1844902039, 46.5792274475, 46.9739685059, 47.3919258118, 47.7866668701, 48.1814041138, 48.5761451721, 48.9708824158, 49.3656234741, 49.7603607178, 50.1551017761, 50.5498390198, 50.9445800781, 51.327709198, 51.7224464417, 52.1055755615, 52.5003166199, 52.8950538635, 53.2897949219, 53.6845359802, 54.0792732239, 54.4624023438, 54.8687515259, 55.2634925842, 55.6582298279, 56.0529708862, 56.4477081299, 56.854057312, 57.2487983704, 57.643535614, 58.0382766724, 58.4214057922, 58.8161430359, 59.2108840942, 59.6056213379, 60.01197052, 60.3950996399, 60.7898406982, 61.1845779419, 61.5793190002, 61.9740562439, 62.3687973022, 62.7635345459, 63.1814956665, 63.5762329102, 63.9709739685, 64.3657150269, 64.748840332, 65.1319732666, 65.5267105103, 65.9214477539, 66.316192627, 66.7109298706, 67.1056671143, 67.5004043579, 67.895149231, 68.2898864746, 68.6846237183, 69.0793609619, 69.474105835, 69.8688430786, 70.2635803223, 70.6699295044, 71.064666748, 71.4594116211, 71.8541488647, 72.2488861084, 72.6552352905, 73.0499725342, 73.4447174072, 73.8394546509, 74.2341918945, 74.6173248291, 75.0004501343, 75.3951950073, 75.8015441895, 76.1962814331, 76.6026306152, 76.9973678589, 77.3921051025, 77.7868499756, 78.1815872192, 78.5763244629, 78.9710617065, 79.3658065796, 79.7605438232, 80.1436691284, 80.526802063, 80.9215393066, 81.3278884888, 81.7226257324, 82.1173706055, 82.5121078491, 82.9068450928, 83.3131942749, 83.7079315186, 84.1026763916, 84.4974136353, 84.8921508789, 85.2868881226, 85.6700210571, 86.0531539917, 86.4478912354, 86.842628479, 87.2373657227, 87.6321105957, 88.0384597778, 88.4331970215, 88.8395462036, 89.2342834473, 89.6290206909, 90.023765564, 90.4068908691, 90.8016281128, 91.1963729858, 91.5911102295, 91.9858474731, 92.3805847168, 92.7753295898, 93.158454895, 93.5531921387, 93.9479370117, 94.3426742554, 94.737411499, 95.1437606812, 95.5384979248, 95.9448471069, 96.33959198, 96.7343292236, 97.1290664673, 97.5238113403, 97.918548584, 98.3132858276, 98.7080230713, 99.1027679443, 99.497505188, 99.8922424316, 100.286979675, 100.681724548, 101.076461792, 101.471199036, 101.865936279, 102.260681152, 102.655418396, 103.05015564, 103.444892883, 103.839637756, 104.234375, 104.629112244, 105.023849487, 105.41859436, 105.813331604, 106.208068848, 106.602806091, 106.997550964, 107.392288208, 107.787025452, 108.181770325, 108.576507568, 108.959632874, 109.342765808, 109.737503052, 110.143852234, 110.550201416, 110.94493866, 111.328071594, 111.722808838, 112.105941772, 112.500679016, 112.89541626, 113.301765442, 113.708114624, 114.114463806, 114.497596741, 114.892333984, 115.287071228, 115.681808472, 116.076553345, 116.471290588, 116.866027832, 117.260765076, 117.64389801, 118.038635254, 118.421768188, 118.816505432, 119.211242676, 119.605987549, 120.000724792, 120.407073975, 120.801811218, 121.2081604, 121.602897644, 121.997642517, 122.392379761, 122.787117004, 123.181854248, 123.576599121, 123.971336365, 124.366073608, 124.749206543, 125.143943787, 125.527069092, 125.921813965, 126.328163147, 126.734512329, 127.129249573, 127.523986816, 127.895507812, 128.278640747, 128.6849823, 129.079727173, 129.486068726, 129.892425537, 130.28717041, 130.681900024, 131.065032959, 131.459777832, 131.854507446, 132.249252319, 132.655593872, 133.050338745, 133.445083618, 133.839813232, 134.234558105, 134.62928772, 135.024032593, 135.418777466, 135.81350708, 136.208251953, 136.602996826, 136.99772644, 137.392471313, 137.787200928, 138.170333862, 138.565078735, 138.971420288, 139.366165161, 139.760910034, 140.155639648, 140.538772583, 140.921905518, 141.316635132, 141.711380005, 142.106124878, 142.500854492, 142.895599365, 143.290344238, 143.685073853, 144.079818726, 144.47454834, 144.869293213, 145.264038086, 145.670379639, 146.07673645, 146.471466064, 146.854598999, 147.237731934, 147.632461548, 148.027206421, 148.421951294, 148.816680908, 149.22303772, 149.629379272, 150.024124146, 150.418869019, 150.801986694, 151.185119629, 151.59147644, 151.997817993, 152.392562866, 152.78729248, 153.182037354, 153.565170288, 153.959899902, 154.354644775, 154.749389648, 155.144119263, 155.538864136, 155.933609009, 156.316726685, 156.711471558, 157.094604492, 157.489334106, 157.895690918, 158.302032471, 158.708389282, 159.103118896, 159.49786377, 159.892608643, 160.287338257, 160.68208313, 161.076828003, 161.471557617, 161.854690552, 162.249435425, 162.632553101, 163.027297974, 163.422042847, 163.816772461, 164.211517334, 164.617858887, 165.01260376, 165.418960571, 165.802078247, 166.185211182, 166.579956055, 166.974685669, 167.369430542, 167.764175415, 168.158905029, 168.553649902, 168.948379517, 169.34312439, 169.737869263, 170.132598877, 170.52734375, 170.922088623, 171.305206299, 171.71156311, 172.106307983, 172.501037598, 172.895782471, 173.290512085, 173.685256958, 174.080001831, 174.474731445, 174.881088257, 175.275817871, 175.670562744, 176.065307617, 176.460037231, 176.866394043, 177.261123657, 177.65586853, 178.050613403, 178.445343018, 178.840087891, 179.234832764, 179.629562378, 180.024307251, 180.419036865, 180.813781738, 181.196914673, 181.580047607, 181.974777222, 182.369522095, 182.764266968, 183.158996582, 183.553741455, 183.948471069, 184.343215942, 184.737960815, 185.144302368, 185.539047241, 185.945388794, 186.340133667, 186.73487854, 187.129608154, 187.524353027, 187.919082642, 188.313827515, 188.708572388, 189.103302002, 189.498046875, 189.892791748, 190.287521362, 190.682266235, 191.07699585, 191.471740723, 191.866485596, 192.26121521, 192.655960083, 193.050704956, 193.433822632, 193.816955566, 194.211700439, 194.606430054, 195.001174927, 195.3959198, 195.790649414, 196.185394287, 196.59173584, 196.998092651, 197.392837524, 197.787567139, 198.182312012, 198.577041626, 198.971786499, 199.366531372, 199.761260986, 200.156005859, 200.550750732, 200.945480347, 201.328613281, 201.711746216, 202.09487915, 202.489608765, 202.884353638, 203.279083252, 203.685440063, 204.080184937, 204.474914551, 204.869659424], "beats_loudness": {"dmean2": 0.049862306565, "median": 0.0274440366775, "min": 3.03645407485e-07, "dvar2": 0.00331760058179, "dvar": 0.0010649363976, "dmean": 0.0273789409548, "max": 0.206716880202, "var": 0.00114644179121, "mean": 0.037508405745}, "danceability": 1.08704137802, "bpm_histogram_second_peak_weight": {"dmean2": 0, "median": 0.115830115974, "min": 0.115830115974, "dvar2": 0, "dvar": 0, "dmean": 0, "max": 0.115830115974, "var": 0, "mean": 0.115830115974}, "beats_count": 519, "bpm_histogram_second_peak_bpm": {"dmean2": 0, "median": 157, "min": 157, "dvar2": 0, "dvar": 0, "dmean": 0, "max": 157, "var": 0, "mean": 157}, "bpm_histogram_first_peak_spread": {"dmean2": 0, "median": 0.127472519875, "min": 0.127472519875, "dvar2": 0, "dvar": 0, "dmean": 0, "max": 0.127472519875, "var": 0, "mean": 0.127472519875}, "beats_loudness_band_ratio": {"dmean2": [0.400111705065, 0.256807595491, 0.223848566413, 0.280631005764, 0.101381570101, 0.116623871028], "median": [0.255132198334, 0.188797339797, 0.106303177774, 0.178198769689, 0.0288467500359, 0.0260545946658], "min": [8.87028636498e-06, 0.000665974221192, 0.00351113732904, 0.00475592166185, 0.000563924491871, 0.000108925909444], "dvar2": [0.0992849469185, 0.0485327281058, 0.0596679635346, 0.0447925329208, 0.0109638655558, 0.0179071668535], "dvar": [0.0324492156506, 0.0194102171808, 0.0239899437875, 0.0178958643228, 0.00367717933841, 0.00606974214315], "dmean": [0.22315312922, 0.146565720439, 0.126836493611, 0.161533027887, 0.0545715130866, 0.0631349310279], "max": [0.924503207207, 0.855700314045, 0.955951094627, 0.984394669533, 0.526622891426, 0.501648902893], "var": [0.055434640497, 0.0340745002031, 0.0498908832669, 0.047572158277, 0.00356656010263, 0.00497183669358], "mean": [0.299028038979, 0.230285465717, 0.196718335152, 0.243677735329, 0.0516948774457, 0.0530904345214]}}, "lowlevel": {"barkbands_spread": {"dmean2": 7.92900943756, "median": 12.6260099411, "min": 0.117567338049, "dvar2": 92.4506835938, "dvar": 41.1638450623, "dmean": 5.10187387466, "max": 81.7625045776, "var": 129.746520996, "mean": 15.1343708038}, "melbands_spread": {"dmean2": 9.94939613342, "median": 15.345000267, "min": 0.416392147541, "dvar2": 160.205886841, "dvar": 66.6479492188, "dmean": 6.3678483963, "max": 125.566543579, "var": 182.850128174, "mean": 18.3182029724}, "hfc": {"dmean2": 9.51605796814, "median": 10.5071811676, "min": 2.02370374609e-05, "dvar2": 221.441101074, "dvar": 111.183013916, "dmean": 6.6513376236, "max": 213.817703247, "var": 398.175872803, "mean": 17.7449855804}, "barkbands_kurtosis": {"dmean2": 6.4917140007, "median": 2.67637634277, "min": -1.8448420763, "dvar2": 148.417404175, "dvar": 64.5482559204, "dmean": 4.0575671196, "max": 276.197387695, "var": 142.615570068, "mean": 6.09107303619}, "gfcc": {"mean": [-38.8280410767, 99.63256073, -118.567146301, 5.27318620682, -60.2628326416, 19.605424881, -28.9207439423, -0.0603699833155, -33.2913665771, -4.24960899353, -15.6319723129, -5.26204490662, -10.3699703217], "icov": [[0.000252551224548, 0.000116103496111, 4.96865823152e-06, -0.00036944806925, 5.76264465053e-05, -7.95814194134e-05, 0.000181539886398, -0.000195943153813, 0.000161708114319, 0.000212734681554, 3.68650398741e-05, 2.81944485323e-05, 1.72487343661e-05], [0.000116103496111, 0.00172129680868, -0.000637019984424, 0.00027950288495, -0.00148428918328, 0.00165838131215, -0.00139949412551, 0.00115970091429, -0.00108049367554, 0.00101884861942, -0.00136282260064, 0.00133634894155, -0.000672021124046], [4.96865823152e-06, -0.000637019984424, 0.00201276876032, -0.00065415847348, -0.000319157319609, -0.000525977811776, 0.00120604922995, -0.00176891754381, 0.00229534134269, -0.00187024206389, 0.000705805141479, 9.54396091402e-05, 0.000100832279713], [-0.00036944806925, 0.00027950288495, -0.00065415847348, 0.00265854829922, -0.000927446002606, -0.000257956387941, -2.42847199843e-05, 0.00091878377134, -0.00171176425647, 0.000660881283693, 0.000503822986502, -0.000945561099797, 0.000992928748019], [5.76264465053e-05, -0.00148428918328, -0.000319157319609, -0.000927446002606, 0.00569041678682, -0.00344205740839, 0.000495347485412, 0.00115174264647, 0.000216563334106, -0.000768244499341, 0.00154807814397, -0.00132781290449, -0.000442242744612], [-7.95814194134e-05, 0.00165838131215, -0.000525977811776, -0.000257956387941, -0.00344205740839, 0.00908967386931, -0.00489708036184, -1.48784620251e-05, -3.41581981047e-05, 0.00133340037428, -0.00138287409209, -0.000151424057549, 0.00118282146286], [0.000181539886398, -0.00139949412551, 0.00120604922995, -2.42847199843e-05, 0.000495347485412, -0.00489708036184, 0.00992614682764, -0.00534701766446, 0.000744975113776, 0.00152474211063, -0.00177600816824, 0.0011094333604, -0.000565374677535], [-0.000195943153813, 0.00115970091429, -0.00176891754381, 0.00091878377134, 0.00115174264647, -1.48784620251e-05, -0.00534701766446, 0.013303136453, -0.00494102761149, -0.00212352024391, 0.00318875303492, -0.00164692837279, -0.000202211449505], [0.000161708114319, -0.00108049367554, 0.00229534134269, -0.00171176425647, 0.000216563334106, -3.41581981047e-05, 0.000744975113776, -0.00494102761149, 0.0103578288108, -0.00353763881139, -0.00234071980231, 0.00500316964462, -0.00209046294913], [0.000212734681554, 0.00101884861942, -0.00187024206389, 0.000660881283693, -0.000768244499341, 0.00133340037428, 0.00152474211063, -0.00212352024391, -0.00353763881139, 0.0122497910634, -0.00419038580731, -0.00195504073054, 0.00421464908868], [3.68650398741e-05, -0.00136282260064, 0.000705805141479, 0.000503822986502, 0.00154807814397, -0.00138287409209, -0.00177600816824, 0.00318875303492, -0.00234071980231, -0.00419038580731, 0.0139476871118, -0.0065423832275, 0.000349757436197], [2.81944485323e-05, 0.00133634894155, 9.54396091402e-05, -0.000945561099797, -0.00132781290449, -0.000151424057549, 0.0011094333604, -0.00164692837279, 0.00500316964462, -0.00195504073054, -0.0065423832275, 0.0158251412213, -0.00567307230085], [1.72487343661e-05, -0.000672021124046, 0.000100832279713, 0.000992928748019, -0.000442242744612, 0.00118282146286, -0.000565374677535, -0.000202211449505, -0.00209046294913, 0.00421464908868, 0.000349757436197, -0.00567307230085, 0.0128289470449]], "cov": [[7310.31494141, -1593.13781738, 725.174621582, 1349.32226562, 55.8051261902, 267.767547607, -330.776062012, 57.59116745, -359.972747803, -38.9498786926, -294.075866699, 145.047805786, -213.552520752], [-1593.13781738, 1719.30627441, -114.983428955, -283.645019531, 266.744049072, -111.864448547, 213.941177368, -90.3545074463, 209.658432007, -94.6037521362, 137.409988403, -130.366714478, 146.423187256], [725.174621582, -114.983428955, 1172.99157715, 364.34576416, 200.679153442, 76.9466247559, -156.186416626, 38.2136154175, -225.756744385, 135.854629517, -90.1146316528, 71.2703018188, -98.3199996948], [1349.32226562, -283.645019531, 364.34576416, 779.802124023, 173.786819458, 131.837188721, -71.07396698, 1.8235758543, -49.5165405273, 14.3466129303, -74.510559082, 44.8825035095, -80.0619049072], [55.8051261902, 266.744049072, 200.679153442, 173.786819458, 374.614013672, 135.020004272, 45.7752227783, -30.338891983, -28.2993240356, -14.0953893661, -4.91260385513, 21.9252166748, 10.7228784561], [267.767547607, -111.864448547, 76.9466247559, 131.837188721, 135.020004272, 257.476715088, 112.608795166, 41.3463859558, -21.8746376038, -13.0887403488, -0.228033974767, 25.0994930267, -18.6578617096], [-330.776062012, 213.941177368, -156.186416626, -71.07396698, 45.7752227783, 112.608795166, 260.833221436, 72.7016143799, 82.2087860107, -39.1357536316, 43.5592269897, -26.6800365448, 35.4838676453], [57.59116745, -90.3545074463, 38.2136154175, 1.8235758543, -30.338891983, 41.3463859558, 72.7016143799, 151.435836792, 61.9274406433, 40.4187850952, -8.88403987885, -5.95960092545, -10.0998277664], [-359.972747803, 209.658432007, -225.756744385, -49.5165405273, -28.2993240356, -21.8746376038, 82.2087860107, 61.9274406433, 247.794036865, 28.3995990753, 50.3716201782, -66.3004074097, 23.0696086884], [-38.9498786926, -94.6037521362, 135.854629517, 14.3466129303, -14.0953893661, -13.0887403488, -39.1357536316, 40.4187850952, 28.3995990753, 162.456069946, 34.6856498718, 22.206495285, -47.3173866272], [-294.075866699, 137.409988403, -90.1146316528, -74.510559082, -4.91260385513, -0.228033974767, 43.5592269897, -8.88403987885, 50.3716201782, 34.6856498718, 135.154174805, 33.2972335815, 23.5523281097], [145.047805786, -130.366714478, 71.2703018188, 44.8825035095, 21.9252166748, 25.0994930267, -26.6800365448, -5.95960092545, -66.3004074097, 22.206495285, 33.2972335815, 125.020278931, 22.3921871185], [-213.552520752, 146.423187256, -98.3199996948, -80.0619049072, 10.7228784561, -18.6578617096, 35.4838676453, -10.0998277664, 23.0696086884, -47.3173866272, 23.5523281097, 22.3921871185, 124.933883667]]}, "spectral_energyband_middle_low": {"dmean2": 0.00914451107383, "median": 0.00744250230491, "min": 2.2569631497e-08, "dvar2": 0.000304317421978, "dvar": 0.00012739666272, "dmean": 0.00592328933999, "max": 0.236576646566, "var": 0.000236156934989, "mean": 0.012727830559}, "melbands_crest": {"dmean2": 5.77545499802, "median": 14.151386261, "min": 2.87185335159, "dvar2": 24.5042304993, "dvar": 9.66751289368, "dmean": 3.54245662689, "max": 34.9316329956, "var": 38.6391716003, "mean": 15.4732570648}, "spectral_kurtosis": {"dmean2": 6.12889528275, "median": 6.21678447723, "min": 0.0763778686523, "dvar2": 69.5540008545, "dvar": 27, "dmean": 3.82349395752, "max": 113.045135498, "var": 94.94972229, "mean": 9.41776943207}, "spectral_rms": {"dmean2": 0.00130737898871, "median": 0.0040233344771, "min": 5.79389279665e-06, "dvar2": 2.70463328889e-06, "dvar": 1.18029981877e-06, "dmean": 0.000875483150594, "max": 0.0210118070245, "var": 5.04237550558e-06, "mean": 0.00439041946083}, "zerocrossingrate": {"dmean2": 0.0111061194912, "median": 0.04443359375, "min": 0.005859375, "dvar2": 0.000165427889442, "dvar": 0.000125922917505, "dmean": 0.00933523010463, "max": 0.2392578125, "var": 0.000725162390154, "mean": 0.0512728989124}, "silence_rate_60dB": {"dmean2": 0.0676547139883, "median": 0, "min": 0, "dvar2": 0.0759751349688, "dvar": 0.0326736420393, "dmean": 0.033823531121, "max": 1, "var": 0.0584357753396, "mean": 0.0623232647777}, "erbbands_kurtosis": {"dmean2": 4.70352935791, "median": 1.66474342346, "min": -1.73296546936, "dvar2": 83.9354476929, "dvar": 35.0166130066, "dmean": 3.00515913963, "max": 145.375671387, "var": 102.72971344, "mean": 4.86116981506}, "erbbands": {"dmean2": [0.0547586157918, 1.00119614601, 3.58589744568, 8.63224220276, 13.209695816, 19.2743167877, 16.1401557922, 6.48070383072, 5.43654203415, 9.05496311188, 13.3406839371, 14.2373991013, 53.9518966675, 26.1336765289, 57.2871665955, 57.6704368591, 24.4058799744, 22.3561592102, 11.9895267487, 11.4495325089, 9.86458969116, 5.3073348999, 7.53802728653, 11.0284290314, 7.86822938919, 6.38972854614, 5.51203775406, 3.41401338577, 5.26695680618, 4.03483200073, 4.03513288498, 2.13225197792, 1.46516299248, 0.922091960907, 0.476958364248, 0.169422760606, 0.0503729730844, 0.0112439356744, 0.00125326914713, 5.60188564123e-05], "median": [0.00733676739037, 0.0935423821211, 0.323303133249, 1.33506631851, 2.42477226257, 4.64463996887, 3.85079312325, 2.24825811386, 2.53317594528, 4.69391012192, 6.97770452499, 6.13509750366, 18.0024871826, 11.7015657425, 12.7682523727, 19.4421024323, 9.92305183411, 10.6438932419, 5.61317539215, 3.12265491486, 2.6505010128, 1.74312317371, 1.3357180357, 1.15948331356, 1.82152593136, 1.2164927721, 0.908639192581, 0.511820614338, 0.342891693115, 0.293155312538, 0.350679039955, 0.197057962418, 0.105191081762, 0.0803095921874, 0.0467266179621, 0.0239172596484, 0.00539448438212, 0.000725296209566, 6.49441499263e-05, 2.83721146843e-05], "min": [5.21793754038e-11, 4.00273342249e-10, 1.766518265e-09, 9.54485201987e-09, 1.57759330932e-07, 3.92722586184e-06, 4.08304686061e-06, 9.64839500739e-07, 6.7276801019e-06, 8.84916662471e-05, 3.24342945532e-05, 1.08069316411e-05, 2.47494263022e-05, 3.09724491672e-05, 0.000131660097395, 2.92037857434e-05, 4.6463178478e-06, 3.75949844056e-06, 8.85895815372e-07, 1.07898785018e-07, 9.53190024688e-08, 8.65044853526e-08, 4.98327494824e-08, 6.79502392131e-08, 5.5112902686e-08, 5.47559402264e-08, 5.42753717525e-08, 7.65605463471e-08, 8.84168400717e-08, 8.43034371201e-08, 7.24783220107e-08, 5.77668402002e-08, 6.01757434993e-08, 4.49645511935e-08, 3.7201949965e-08, 1.77690289149e-08, 9.77386616086e-09, 3.57850749033e-09, 1.11445375151e-09, 1.44995376816e-10], "dvar2": [0.0224323831499, 8.74561786652, 161.393188477, 591.149414062, 1134.890625, 1750.51391602, 2854.9855957, 196.248199463, 125.10735321, 318.148895264, 887.371337891, 1022.76763916, 15741.8798828, 4012.41503906, 20595.84375, 16878.4042969, 2865.21655273, 1408.49597168, 539.125183105, 780.480773926, 641.963684082, 111.236526489, 265.464447021, 1456.00488281, 325.539978027, 300.930358887, 228.913085938, 75.4998321533, 206.531524658, 148.465484619, 131.289352417, 31.5740184784, 15.1905879974, 6.79391956329, 2.30575156212, 0.307889908552, 0.0261736456305, 0.00125994090922, 1.73661592271e-05, 2.32715304804e-08], "dvar": [0.00991963595152, 3.05605745316, 51.853477478, 209.350387573, 439.260284424, 733.762817383, 1358.98010254, 82.4852828979, 52.7287940979, 183.653244019, 483.359954834, 523.377624512, 8111.67675781, 2162.41748047, 9215.68066406, 7211.74560547, 1273.6307373, 596.17590332, 222.955047607, 306.920928955, 266.079956055, 46.3225402832, 109.62789917, 527.514221191, 138.731063843, 122.550010681, 90.3101654053, 35.0734863281, 88.7829589844, 63.6623954773, 55.9249687195, 14.1951351166, 7.0562415123, 3.15484929085, 1.0435693264, 0.133761227131, 0.0114530958235, 0.000524711213075, 6.90808928994e-06, 9.40424804696e-09], "dmean": [0.0347127355635, 0.591127276421, 2.00724744797, 5.07545852661, 8.05354785919, 12.2848291397, 9.85797405243, 4.01363277435, 3.49599027634, 6.48062944412, 9.28405570984, 9.59609508514, 37.8312797546, 17.5622692108, 38.0974159241, 36.5493736267, 15.2866516113, 13.8887882233, 7.59305286407, 7.0961022377, 6.24386644363, 3.38104462624, 4.77748155594, 6.52374172211, 5.01895666122, 4.07388925552, 3.5466542244, 2.31889510155, 3.33572077751, 2.6198823452, 2.57464575768, 1.3661955595, 0.947427928448, 0.608382642269, 0.31337711215, 0.113920934498, 0.0342018827796, 0.00738428812474, 0.000789177895058, 3.67290922441e-05], "max": [3.06203770638, 31.5985984802, 156.728164673, 392.432617188, 595.475158691, 648.260498047, 633.334472656, 221.658462524, 281.888641357, 570.358398438, 1456.74438477, 999.010620117, 2971.26538086, 2886.03955078, 3907.71386719, 3451.24755859, 1667.6751709, 414.829711914, 254.918212891, 400.989196777, 414.203643799, 106.151428223, 145.677734375, 430.925323486, 287.70904541, 327.844116211, 226.913452148, 184.415863037, 185.584869385, 223.253631592, 123.883460999, 72.072845459, 37.8566322327, 29.096736908, 18.4042453766, 6.64032793045, 1.79747247696, 0.382621884346, 0.0485061146319, 0.00177845382132], "var": [0.0282957367599, 4.1554107666, 52.8003349304, 210.978302002, 490.786346436, 1100.43041992, 1697.52111816, 171.466201782, 212.146087646, 1769.62792969, 4083.78417969, 4420.59375, 76322.421875, 23794.2207031, 123782.164062, 44896.0585938, 3989.83911133, 1016.28845215, 330.258972168, 301.648254395, 286.414367676, 60.1789588928, 131.453094482, 403.348693848, 257.029052734, 306.746185303, 183.283218384, 102.072662354, 159.055343628, 152.060333252, 82.7641983032, 25.021944046, 10.7740764618, 4.5214600563, 1.4060614109, 0.169276967645, 0.0141334431246, 0.000599914754275, 6.61258400214e-06, 1.03991899536e-08], "mean": [0.0511513724923, 0.739733397961, 2.42298197746, 5.78398656845, 9.76447868347, 16.4354572296, 13.659945488, 6.56805562973, 7.02460575104, 17.6593456268, 25.4459705353, 26.8345336914, 113.913360596, 49.8024520874, 100.761703491, 79.8918762207, 27.7125263214, 21.4869842529, 11.4276342392, 8.59845161438, 7.6704249382, 4.56061172485, 5.68775272369, 6.56109714508, 6.99795389175, 5.94317340851, 4.88457727432, 3.52203035355, 4.09021806717, 3.57665538788, 3.15602183342, 1.7800219059, 1.1374515295, 0.727292358875, 0.382246941328, 0.142768234015, 0.040085490793, 0.00790430512279, 0.000776536588091, 5.67916176806e-05]}, "spectral_strongpeak": {"dmean2": 1.01082861423, "median": 0.806730926037, "min": 0.00126045302022, "dvar2": 2.11049342155, "dvar": 0.839205086231, "dmean": 0.610548198223, "max": 13.7306985855, "var": 4.37550449371, "mean": 1.75888860226}, "spectral_energy": {"dmean2": 0.015470860526, "median": 0.016591899097, "min": 3.44084227777e-08, "dvar2": 0.000907042238396, "dvar": 0.000354505813448, "dmean": 0.00995230581611, "max": 0.452533453703, "var": 0.000752623949666, "mean": 0.0249260105193}, "average_loudness": 0.611447989941, "spectral_rolloff": {"dmean2": 670.241149902, "median": 1033.59375, "min": 86.1328125, "dvar2": 1495350.5, "dvar": 612041.5, "dmean": 397.16104126, "max": 9582.27539062, "var": 934740.125, "mean": 1170.63024902}, "spectral_centroid": {"dmean2": 357.007232666, "median": 878.202087402, "min": 185.349990845, "dvar2": 209333.859375, "dvar": 90684.6953125, "dmean": 232.118408203, "max": 3691.1496582, "var": 260421.921875, "mean": 998.44519043}, "pitch_salience": {"dmean2": 0.119000352919, "median": 0.502853274345, "min": 0.0838782638311, "dvar2": 0.0101893274114, "dvar": 0.00402367347851, "dmean": 0.0738007500768, "max": 0.840837001801, "var": 0.0156921055168, "mean": 0.492291986942}, "spectral_energyband_middle_high": {"dmean2": 0.00381411029957, "median": 0.00301484251395, "min": 4.34822000628e-09, "dvar2": 2.96858816e-05, "dvar": 1.32672212203e-05, "dmean": 0.00255106319673, "max": 0.0897051766515, "var": 0.000123741439893, "mean": 0.00758156506345}, "spectral_contrast_coeffs": {"dmean2": [0.0957482606173, 0.0722247138619, 0.0662860423326, 0.0520146638155, 0.0353672467172, 0.0318041704595], "median": [-0.625179111958, -0.717076897621, -0.712676644325, -0.764550209045, -0.798289060593, -0.775212526321], "min": [-0.893478631973, -0.931900799274, -0.920642375946, -0.906123638153, -0.946487247944, -0.955849647522], "dvar2": [0.00592079758644, 0.00343351485208, 0.00296083791181, 0.00174761435483, 0.00087903032545, 0.00102291069925], "dvar": [0.00233069830574, 0.00140803598333, 0.00122897932306, 0.000713737215847, 0.000355922849849, 0.000399696233217], "dmean": [0.0590904839337, 0.0449724756181, 0.0420917719603, 0.0327501855791, 0.0220746155828, 0.0201373025775], "max": [-0.201133996248, -0.374863982201, -0.352222025394, -0.538637697697, -0.634541928768, -0.61181473732], "var": [0.0103529533371, 0.00782226864249, 0.0096364505589, 0.00306893046945, 0.00120241951663, 0.00121160259005], "mean": [-0.615390062332, -0.707373380661, -0.696139037609, -0.757740497589, -0.795220136642, -0.773676276207]}, "melbands_skewness": {"dmean2": 1.22156703472, "median": 1.60070252419, "min": -5.31139945984, "dvar2": 1.34512269497, "dvar": 0.583398520947, "dmean": 0.792163133621, "max": 13.9319753647, "var": 2.97366762161, "mean": 1.7098814249}, "spectral_spread": {"dmean2": 1097651, "median": 3952512, "min": 834079.3125, "dvar2": 1620775010300.0, "dvar": 768493092864, "dmean": 738317.0625, "max": 15895649, "var": 2652724789250.0, "mean": 4123880.75}, "dissonance": {"dmean2": 0.0503280311823, "median": 0.446104049683, "min": 0.17211855948, "dvar2": 0.00245658657514, "dvar": 0.000920902763028, "dmean": 0.0303080007434, "max": 0.500000119209, "var": 0.00289667095058, "mean": 0.431643456221}, "spectral_skewness": {"dmean2": 0.623665928841, "median": 2.04527640343, "min": 0.429717302322, "dvar2": 0.478053241968, "dvar": 0.200220584869, "dmean": 0.407717078924, "max": 8.53331661224, "var": 0.916424512863, "mean": 2.21358394623}, "spectral_flux": {"dmean2": 0.0382764674723, "median": 0.0571390166879, "min": 6.98896255926e-05, "dvar2": 0.00222970428877, "dvar": 0.0009409593767