{"tonal": {"thpcp": [1, 0.522073149681, 0.0943460315466, 0.0261326860636, 0.0437742248178, 0.280859023333, 0.489751279354, 0.277578383684, 0.0400004796684, 0.013061706908, 0.0691030025482, 0.495892345905, 0.962025761604, 0.659500539303, 0.241919025779, 0.197806313634, 0.117640987039, 0.0428291261196, 0.03114358522, 0.112063154578, 0.438864976168, 0.719746768475, 0.447559773922, 0.0872169956565, 0.0332846157253, 0.123905092478, 0.529502093792, 0.818444609642, 0.466248095036, 0.0973325073719, 0.0369470305741, 0.0380277484655, 0.0921787247062, 0.126461148262, 0.198780655861, 0.694138646126], "hpcp": {"dmean2": [0.239502876997, 0.148130491376, 0.0324742384255, 0.0105625009164, 0.0662916302681, 0.267121732235, 0.383895486593, 0.280287206173, 0.175377115607, 0.119049757719, 0.0773450955749, 0.0387832000852, 0.029233103618, 0.0731455460191, 0.202458798885, 0.275352925062, 0.217935085297, 0.0723051205277, 0.030019832775, 0.0886600911617, 0.219399705529, 0.263746529818, 0.195588007569, 0.0807979777455, 0.0327538363636, 0.0341208688915, 0.0627414882183, 0.0896674990654, 0.151345968246, 0.306196153164, 0.3276951015, 0.200588926673, 0.0627575591207, 0.0192869603634, 0.0416799448431, 0.125853136182], "median": [0.0633327960968, 0.0402093343437, 0.00585684692487, 0.00126894924324, 0.00622288882732, 0.116820193827, 0.268584430218, 0.18452706933, 0.0370593219995, 0.0101255429909, 0.00437717325985, 0.00310409814119, 0.0033697320614, 0.0194312110543, 0.0938291326165, 0.146448373795, 0.0728932768106, 0.010624290444, 0.00457707373425, 0.0134352874011, 0.086269788444, 0.139272689819, 0.0813928991556, 0.0146252252162, 0.00506942905486, 0.00415434129536, 0.00842550676316, 0.0145986899734, 0.0452660918236, 0.206809014082, 0.279567569494, 0.115911632776, 0.0165870692581, 0.00322703365237, 0.00477772578597, 0.0312276668847], "min": [0, 0, 0, 0, 0, 0, 0, 0, 0, 0, 0, 0, 0, 0, 0, 0, 0, 0, 0, 0, 0, 0, 0, 0, 0, 0, 0, 0, 0, 0, 0, 0, 0, 0, 0, 0], "dvar2": [0.128007978201, 0.0480410419405, 0.00616969028488, 0.00186850898899, 0.0172062925994, 0.0828637033701, 0.151885971427, 0.0810244083405, 0.0590001307428, 0.059764675796, 0.0320950709283, 0.0142440171912, 0.00866724550724, 0.0147032830864, 0.0610173754394, 0.10196967423, 0.0763782337308, 0.0171067342162, 0.00415249587968, 0.0217540282756, 0.0794859603047, 0.115866288543, 0.0630741864443, 0.0296702366322, 0.00966868922114, 0.00845014397055, 0.0276384036988, 0.0427197851241, 0.0419679582119, 0.0872189849615, 0.12474488467, 0.0493862479925, 0.00942171178758, 0.00156814046204, 0.00999923236668, 0.0377118699253], "dvar": [0.0471458546817, 0.0179283786565, 0.00216414313763, 0.000687664200086, 0.00614899210632, 0.0296278242022, 0.0589902251959, 0.0337848216295, 0.0213193502277, 0.0217823218554, 0.0119962943718, 0.00471449643373, 0.00286992872134, 0.0052311969921, 0.0229728594422, 0.0430709123611, 0.0326422229409, 0.0064469515346, 0.00148948188871, 0.00804564915597, 0.0310181826353, 0.0496567934752, 0.0258729923517, 0.0104498192668, 0.00335953105241, 0.00290387542918, 0.00958187039942, 0.0145869040862, 0.0146176256239, 0.0333700962365, 0.0498549081385, 0.0201182477176, 0.00345388636924, 0.000544596405234, 0.00340183312073, 0.0146512808278], "dmean": [0.134943768382, 0.086712166667, 0.0180042274296, 0.00588055932894, 0.0365943498909, 0.155536010861, 0.214814737439, 0.172390595078, 0.0979255363345, 0.0683859586716, 0.0449984408915, 0.0212349686772, 0.0158657617867, 0.0417710952461, 0.11867557466, 0.161786615849, 0.132615163922, 0.0413158126175, 0.0167066920549, 0.0511262454093, 0.133047744632, 0.153970837593, 0.119322784245, 0.0440658554435, 0.0174945890903, 0.0186938755214, 0.035701084882, 0.0507298931479, 0.084606744349, 0.180504664779, 0.190248444676, 0.12153763324, 0.0357974953949, 0.0105978287756, 0.0226111356169, 0.076983705163], "max": [1, 1, 0.767445981503, 0.613764286041, 0.622263014317, 1, 1, 1, 1, 1, 1, 1, 0.954718470573, 0.891594529152, 1, 1, 1, 1, 0.568636834621, 0.969316005707, 1, 1, 1, 1, 1, 0.718753159046, 1, 1, 1, 1, 1, 1, 0.750508069992, 0.369307398796, 0.950028240681, 1], "var": [0.09296220541, 0.0315637774765, 0.00165426870808, 0.000678575132042, 0.0048384279944, 0.055259808898, 0.140872851014, 0.072754740715, 0.0286734197289, 0.0369528755546, 0.0165498591959, 0.00349269597791, 0.00175697368104, 0.00656207185239, 0.0490850545466, 0.115463405848, 0.0621257945895, 0.00570666929707, 0.00109720951878, 0.00898989941925, 0.079184435308, 0.150859460235, 0.0593037977815, 0.00904848240316, 0.00232722377405, 0.00219482486136, 0.0110712908208, 0.0164407324046, 0.0132007841021, 0.0723893791437, 0.141529381275, 0.0606369897723, 0.00459492811933, 0.00049980339827, 0.00256176106632, 0.0337956994772], "mean": [0.207685098052, 0.11771055311, 0.0169626995921, 0.00553897861391, 0.0293039847165, 0.210289299488, 0.407958954573, 0.279669374228, 0.102588765323, 0.0838822200894, 0.0498871207237, 0.0181622225791, 0.013206823729, 0.0475217700005, 0.186106130481, 0.305217534304, 0.189793273807, 0.0369854494929, 0.0141147542745, 0.0525434911251, 0.224541917443, 0.347071588039, 0.197718292475, 0.0412750579417, 0.0156678464264, 0.0161261390895, 0.0390895307064, 0.0536274202168, 0.084295399487, 0.294358104467, 0.424062401056, 0.221391603351, 0.0400086045265, 0.0110818892717, 0.0185630023479, 0.119101755321]}, "tuning_equal_tempered_deviation": 0.025345845148, "chords_changes_rate": 0.0300375465304, "key_key": "G", "tuning_diatonic_strength": 0.684500336647, "key_scale": "major", "chords_number_rate": 0.00208594067954, "tuning_frequency": 441.272583008, "tuning_nontempered_energy_ratio": 0.712167739868, "chords_histogram": [48.3103866577, 3.67125582695, 0.166875258088, 0.041718814522, 1.58531498909, 0, 0, 0, 0, 0, 0, 0, 0, 0, 0, 0.125156447291, 0, 0.041718814522, 0, 0, 0, 0.709219872952, 10.3045473099, 35.0438041687], "key_strength": 0.751907467842, "chords_key": "G", "chords_strength": {"dmean2": 0.00853919889778, "median": 0.632647395134, "min": -1, "dvar2": 0.00173428282142, "dvar": 0.00089347444009, "dmean": 0.00879353098571, "max": 0.875784993172, "var": 0.0519380010664, "mean": 0.603490293026}, "chords_scale": "major", "hpcp_entropy": {"dmean2": 1.12634313107, "median": 1.74380838871, "min": 0, "dvar2": 0.87553447485, "dvar": 0.293524354696, "dmean": 0.646776497364, "max": 3.42858409882, "var": 0.500310599804, "mean": 1.68966627121}}, "metadata": {"audio_properties": {"equal_loudness": 0, "codec": "flac", "downmix": "mix", "analysis_sample_rate": 44100, "bit_rate": 0, "md5_encoded": "b14a3c63aa979c1435a3662e9976739c", "length": 111.239997864, "replay_gain": -4.44466972351, "lossless": true}, "version": {"essentia_build_sha": "7f154e5731828a63663f0144680ef47bd640f88b", "essentia": "2.1-beta1", "extractor": "music 1.0", "essentia_git_sha": "v2.1_beta1-6-g5578087"}, "tags": {"title": ["Cindy"], "barcode": ["826924121528"], "media": ["CD"], "albumartist": ["Jerry Goldsmith"], "disc": ["1"], "tracktotal": ["20"], "releasetype": ["soundtrack"], "musicbrainz_recordingid": ["1de548d1-c30f-48b2-84d3-4355f687a6c4"], "musicbrainz_albumartistid": ["db403e3d-4753-45d6-8fcb-94db03e882e1"], "ensemble": ["Jerry Goldsmith"], "totaldiscs": ["1"], "catalognumber": ["LLLCD 1215"], "releasecountry": ["US"], "discnumber": ["1"], "compilation": ["1"], "originaldate": ["1998"], "albumartistsort": ["Goldsmith, Jerry"], "date": ["2012"], "file_name": "14 Cindy.flac", "disctotal": ["1"], "musicbrainz_artistid": ["db403e3d-4753-45d6-8fcb-94db03e882e1"], "asin": ["B008H47MJS"], "musicbrainz_albumid": ["dd7a56ee-015a-48a2-8a0a-df6f75fee63d"], "album artist": ["Jerry Goldsmith"], "artist": ["Jerry Goldsmith"], "tracknumber": ["14"], "artistsort": ["Goldsmith, Jerry"], "album": ["Stagecoach / The Loner"], "label": ["La-La Land Records"], "releasestatus": ["official"], "acoustid_id": ["f7d69bfd-a752-499f-bd95-e316bfbcb6f5"], "script": ["Latn"], "totaltracks": ["20"]}}, "rhythm": {"bpm_histogram_first_peak_bpm": {"dmean2": 0, "median": 120, "min": 120, "dvar2": 0, "dvar": 0, "dmean": 0, "max": 120, "var": 0, "mean": 120}, "bpm": 119.864578247, "bpm_histogram_second_peak_spread": {"dmean2": 0, "median": 0.142857193947, "min": 0.142857193947, "dvar2": 0, "dvar": 0, "dmean": 0, "max": 0.142857193947, "var": 0, "mean": 0.142857193947}, "bpm_histogram_first_peak_weight": {"dmean2": 0, "median": 0.529680371284, "min": 0.529680371284, "dvar2": 0, "dvar": 0, "dmean": 0, "max": 0.529680371284, "var": 0, "mean": 0.529680371284}, "onset_rate": 3.55928134918, "beats_position": [0.429569154978, 0.882358253002, 1.34675729275, 1.83437633514, 2.34521532059, 2.83283448219, 3.34367346764, 3.85451245308, 4.3653512001, 4.86458063126, 5.36380958557, 5.86303853989, 6.3622674942, 6.86149644852, 7.36072540283, 7.85995435715, 8.35918331146, 8.85841274261, 9.36925125122, 9.86848068237, 10.379319191, 10.866938591, 11.3661680222, 11.8770065308, 12.3762359619, 12.8870744705, 13.3979139328, 13.8971424103, 14.3963718414, 14.8839902878, 15.3716096878, 15.870839119, 16.3700675964, 16.8809070587, 17.391746521, 17.8793640137, 18.3785934448, 18.877822876, 19.3770523071, 19.8762817383, 20.363899231, 20.8747386932, 21.3739681244, 21.8731975555, 22.3840351105, 22.8948745728, 23.3824939728, 23.8817234039, 24.3809528351, 24.89179039, 25.3910198212, 25.8902492523, 26.3778686523, 26.8770961761, 27.3647155762, 27.8639450073, 28.3747844696, 28.8856239319, 29.3732414246, 29.8840808868, 30.3949203491, 30.8941497803, 31.3933773041, 31.8926067352, 32.4034461975, 32.9026756287, 33.4019050598, 33.901134491, 34.4003639221, 34.8995895386, 35.3872108459, 35.8864402771, 36.3856697083, 36.8965072632, 37.3957366943, 37.8949661255, 38.3941955566, 38.8934249878, 39.4042625427, 39.9151000977, 40.4143295288, 40.91355896, 41.4243965149, 41.923625946, 42.4112472534, 42.9104766846, 43.4097061157, 43.9089317322, 44.3965530396, 44.8957824707, 45.3950119019, 45.9058494568, 46.4166870117, 46.9159164429, 47.415145874, 47.9259872437, 48.4368247986, 48.9476623535, 49.4352836609, 49.9461212158, 50.4337387085, 50.9213600159, 51.4089775085, 51.8965988159, 52.4074363708, 52.906665802, 53.4058952332, 53.9167327881, 54.4275741577, 54.9384117126, 55.4260292053, 55.9252586365, 56.4244880676, 56.9237174988, 57.4229469299, 57.9221763611, 58.433013916, 58.9322433472, 59.4314727783, 59.9423103333, 60.4415397644, 60.952381134, 61.4399986267, 61.9392280579, 62.438457489, 62.9260749817, 63.4253044128, 63.9361457825, 64.4353713989, 64.9462127686, 65.4454421997, 65.9446716309, 66.4322891235, 66.9315185547, 67.4307479858, 67.9415893555, 68.4408187866, 68.9400405884, 69.4392700195, 69.9501113892, 70.4493408203, 70.9601821899, 71.4594116211, 71.9586410522, 72.4578704834, 72.9570999146, 73.4679336548, 73.9671630859, 74.4663925171, 74.9656219482, 75.4648513794, 75.9524688721, 76.4400863647, 76.9277114868, 77.4385452271, 77.9493865967, 78.4602279663, 78.9594573975, 79.4470748901, 79.9463043213, 80.4455337524, 80.9563674927, 81.4672088623, 81.9664382935, 82.4772796631, 82.9765090942, 83.4757385254, 83.9633560181, 84.4625854492, 84.9618148804, 85.4610443115, 85.9602737427, 86.4711074829, 86.9703369141, 87.4695663452, 87.9687957764, 88.4680252075, 88.9672546387, 89.4664840698, 89.9541015625, 90.4533309937, 90.9525604248, 91.451789856, 91.9510192871, 92.4618606567, 92.972694397, 93.4719238281, 93.9711532593, 94.4703826904, 94.9696121216, 95.4688415527, 95.9796829224, 96.4789123535, 96.9897460938, 97.5005874634, 98.011428833, 98.4990463257, 98.9866638184, 99.474281311, 99.9735107422, 100.472740173, 100.983581543, 101.482810974, 101.982040405, 102.469657898, 102.968887329, 103.46811676, 103.967346191, 104.466575623, 104.977409363, 105.488250732, 106.010704041, 106.544761658, 107.113647461, 107.694145203, 108.274642944, 108.855148315, 109.435646057, 110.016143799, 110.596641541], "beats_loudness": {"dmean2": 0.0319437757134, "median": 0.0338463783264, "min": 0, "dvar2": 0.000677880190779, "dvar": 0.000277622515569, "dmean": 0.0185644943267, "max": 0.125668793917, "var": 0.000404393882491, "mean": 0.0359750948846}, "danceability": 1.12611448765, "bpm_histogram_second_peak_weight": {"dmean2": 0, "median": 0.0273972600698, "min": 0.0273972600698, "dvar2": 0, "dvar": 0, "dmean": 0, "max": 0.0273972600698, "var": 0, "mean": 0.0273972600698}, "beats_count": 220, "bpm_histogram_second_peak_bpm": {"dmean2": 0, "median": 103, "min": 103, "dvar2": 0, "dvar": 0, "dmean": 0, "max": 103, "var": 0, "mean": 103}, "bpm_histogram_first_peak_spread": {"dmean2": 0, "median": 0.442307710648, "min": 0.442307710648, "dvar2": 0, "dvar": 0, "dmean": 0, "max": 0.442307710648, "var": 0, "mean": 0.442307710648}, "beats_loudness_band_ratio": {"dmean2": [0.172743946314, 0.304952740669, 0.259520798922, 0.100570507348, 0.0338394753635, 0.00415909243748], "median": [0.114777542651, 0.392584770918, 0.492891609669, 0.0810192376375, 0.0238606221974, 0.00155988754705], "min": [0, 0, 0, 0, 0, 0], "dvar2": [0.0276356786489, 0.0568031817675, 0.0416436046362, 0.00931691657752, 0.000838478794321, 0.000212642931729], "dvar": [0.0106184137985, 0.0215347371995, 0.0151757793501, 0.00317744514905, 0.000307501002681, 8.97505597095e-05], "dmean": [0.0991458594799, 0.188111364841, 0.164687260985, 0.0581488646567, 0.0188041776419, 0.00253398995847], "max": [0.708263576031, 0.907528281212, 0.90241330862, 0.348369956017, 0.111549414694, 0.118566334248], "var": [0.0119544845074, 0.057158049196, 0.0503033176064, 0.00387333636172, 0.000355436932296, 7.87924873293e-05], "mean": [0.14018560946, 0.398334085941, 0.457298845053, 0.0952522158623, 0.028947353363, 0.00279413396493]}}, "lowlevel": {"barkbands_spread": {"dmean2": 3.154733181, "median": 6.22050476074, "min": 1.27662622929, "dvar2": 14.9135322571, "dvar": 6.09573030472, "dmean": 2.00025677681, "max": 116.855781555, "var": 29.8739852905, "mean": 7.26241064072}, "melbands_spread": {"dmean2": 4.71772289276, "median": 8.8641500473, "min": 1.9150210619, "dvar2": 34.6895294189, "dvar": 15.02531147, "dmean": 3.04075860977, "max": 170.849838257, "var": 417.489685059, "mean": 12.5835618973}, "hfc": {"dmean2": 8.62537193298, "median": 11.4722700119, "min": 1.09411338441e-16, "dvar2": 145.302856445, "dvar": 61.3004722595, "dmean": 5.61407995224, "max": 105.333625793, "var": 105.587936401, "mean": 13.8428907394}, "barkbands_kurtosis": {"dmean2": 4.31919288635, "median": 3.21460700035, "min": -1.77729344368, "dvar2": 21.7778644562, "dvar": 8.99443817139, "dmean": 2.73551106453, "max": 46.6093521118, "var": 16.6016407013, "mean": 4.29076337814}, "gfcc": {"mean": [-124.070556641, 181.679702759, -148.598632812, -22.7669181824, -45.1244277954, -33.6686553955, -28.7632808685, -18.0735549927, -20.2791595459, -3.29265356064, -14.2474536896, -12.4700679779, -8.67595767975], "icov": [[0.00169824867044, -0.00523552112281, 0.00346297491342, -0.00306335696951, 0.00640466436744, -0.00286509050056, 0.00338419666514, -0.00206745043397, 0.00232439930551, -0.00286545441486, 0.00194673310034, -0.000690472021233, 0.000637203513179], [-0.00523552112281, 0.0195917319506, -0.00810268614441, 0.0115749631077, -0.0207899585366, 0.010523901321, -0.00910422205925, 0.00653469422832, -0.00591621547937, 0.0103660570458, -0.00684158876538, 0.00368425040506, -0.00131352012977], [0.00346297491342, -0.00810268614441, 0.0118161840364, -0.00552999973297, 0.00987891945988, -0.00803757924587, 0.00965145044029, -0.00632099295035, 0.00484751164913, -0.00353644508868, 0.000392736314097, -0.000840577296913, 0.00120035500731], [-0.00306335696951, 0.0115749631077, -0.00552999973297, 0.0152064561844, -0.0118897492066, 0.00397056387737, -0.00852591637522, 0.0106337014586, -0.00680217705667, 0.00588053232059, -0.00155795551836, -0.00132921314798, 0.000387605396099], [0.00640466436744, -0.0207899585366, 0.00987891945988, -0.0118897492066, 0.0365929268301, -0.0125862183049, 0.0104434760287, -0.0103477025405, 0.0128689398989, -0.0148521102965, 0.00805691070855, 0.000851463235449, -0.000125441481941], [-0.00286509050056, 0.010523901321, -0.00803757924587, 0.00397056387737, -0.0125862183049, 0.0237586442381, -0.0107467519119, 0.00294580194168, -0.000277839950286, 0.00380966300145, 0.00133966188878, -0.000520501635037, 0.00173063552938], [0.00338419666514, -0.00910422205925, 0.00965145044029, -0.00852591637522, 0.0104434760287, -0.0107467519119, 0.0292444061488, -0.0110312681645, -0.0017241507303, 0.000119027514302, -0.000529435987119, 0.00224697869271, -0.00407982897013], [-0.00206745043397, 0.00653469422832, -0.00632099295035, 0.0106337014586, -0.0103477025405, 0.00294580194168, -0.0110312681645, 0.0260381568223, -0.0106520876288, 0.00340142659843, 0.00463624671102, -0.00522531010211, 0.00628714123741], [0.00232439930551, -0.00591621547937, 0.00484751164913, -0.00680217705667, 0.0128689398989, -0.000277839950286, -0.0017241507303, -0.0106520876288, 0.0239337496459, -0.0109467171133, 0.0015019698767, 0.00313449301757, 0.003516233759], [-0.00286545441486, 0.0103660570458, -0.00353644508868, 0.00588053232059, -0.0148521102965, 0.00380966300145, 0.000119027514302, 0.00340142659843, -0.0109467171133, 0.0358091145754, -0.0204497333616, 0.00920421909541, -0.00226202025078], [0.00194673310034, -0.00684158876538, 0.000392736314097, -0.00155795551836, 0.00805691070855, 0.00133966188878, -0.000529435987119, 0.00463624671102, 0.0015019698767, -0.0204497333616, 0.0356934294105, -0.0184666290879, 0.00782629847527], [-0.000690472021233, 0.00368425040506, -0.000840577296913, -0.00132921314798, 0.000851463235449, -0.000520501635037, 0.00224697869271, -0.00522531010211, 0.00313449301757, 0.00920421909541, -0.0184666290879, 0.0309358686209, -0.0144511330873], [0.000637203513179, -0.00131352012977, 0.00120035500731, 0.000387605396099, -0.000125441481941, 0.00173063552938, -0.00407982897013, 0.00628714123741, 0.003516233759, -0.00226202025078, 0.00782629847527, -0.0144511330873, 0.0239515248686]], "cov": [[33952.8710938, 6308.37646484, -5389.10205078, -802.624267578, -1420.32287598, -1309.56079102, -680.922607422, -689.82208252, -428.122070312, -169.529083252, -464.536682129, -518.083435059, -235.934768677], [6308.37646484, 1417.06787109, -968.221252441, -270.631103516, -171.888565063, -277.1015625, -133.255645752, -106.214607239, -97.8499450684, -36.1529579163, -83.8742752075, -127.549713135, -51.5068511963], [-5389.10205078, -968.221252441, 1025.58447266, 119.374633789, 225.186279297, 233.636352539, 68.8582611084, 117.739044189, 40.0808830261, 25.5717792511, 82.3742141724, 90.389793396, 26.2153320312], [-802.624267578, -270.631103516, 119.374633789, 198.061950684, 8.59233760834, 53.1599655151, 35.0833473206, -26.5815582275, 21.4080314636, -0.948762059212, 10.8308410645, 33.6033172607, 19.9839477539], [-1420.32287598, -171.888565063, 225.186279297, 8.59233760834, 151.026626587, 62.2473526001, 22.4623813629, 36.6221733093, -7.0850071907, 11.691906929, 8.13224124908, 2.83043980598, 8.6362247467], [-1309.56079102, -277.1015625, 233.636352539, 53.1599655151, 62.2473526001, 123.74395752, 39.2448806763, 33.127456665, 7.68539571762, -1.16876983643, 3.75433635712, 20.2147598267, 6.1787686348], [-680.922607422, -133.255645752, 68.8582611084, 35.0833473206, 22.4623813629, 39.2448806763, 81.4949493408, 35.7065696716, 36.8732376099, -2.69762563705, 0.104619555175, 3.72815895081, 5.12669372559], [-689.82208252, -106.214607239, 117.739044189, -26.5815582275, 36.6221733093, 33.127456665, 35.7065696716, 97.4410018921, 42.4359283447, 4.55198812485, -4.13393783569, -6.00815248489, -22.7149982452], [-428.122070312, -97.8499450684, 40.0808830261, 21.4080314636, -7.0850071907, 7.68539571762, 36.8732376099, 42.4359283447, 98.9081802368, 24.2515277863, 9.08418560028, -15.0748062134, -26.0760059357], [-169.529083252, -36.1529579163, 25.5717792511, -0.948762059212, 11.691906929, -1.16876983643, -2.69762563705, 4.55198812485, 24.2515277863, 57.5225601196, 30.7539291382, -4.66428041458, -11.2383852005], [-464.536682129, -83.8742752075, 82.3742141724, 10.8308410645, 8.13224124908, 3.75433635712, 0.104619555175, -4.13393783569, 9.08418560028, 30.7539291382, 69.8533630371, 35.0604934692, 4.22904968262], [-518.083435059, -127.549713135, 90.389793396, 33.6033172607, 2.83043980598, 20.2147598267, 3.72815895081, -6.00815248489, -15.0748062134, -4.66428041458, 35.0604934692, 82.5830307007, 42.6234321594], [-235.934768677, -51.5068511963, 26.2153320312, 19.9839477539, 8.6362247467, 6.1787686348, 5.12669372559, -22.7149982452, -26.0760059357, -11.2383852005, 4.22904968262, 42.6234321594, 77.1021957397]]}, "spectral_energyband_middle_low": {"dmean2": 0.0147026926279, "median": 0.0185828320682, "min": 1.45813049721e-22, "dvar2": 0.000331808783812, "dvar": 0.000150252119056, "dmean": 0.00994761474431, "max": 0.138368114829, "var": 0.000274974736385, "mean": 0.0223774500191}, "melbands_crest": {"dmean2": 5.59908437729, "median": 12.9921207428, "min": 1.67383027077, "dvar2": 21.3085765839, "dvar": 8.61096668243, "dmean": 3.49277091026, "max": 32.1376647949, "var": 21.3824424744, "mean": 13.4290714264}, "spectral_kurtosis": {"dmean2": 20.2577342987, "median": 21.8037910461, "min": -1.25530481339, "dvar2": 286.883544922, "dvar": 99.8079147339, "dmean": 11.5105981827, "max": 89.8795547485, "var": 199.569732666, "mean": 23.9902267456}, "spectral_rms": {"dmean2": 0.00136731460225, "median": 0.00459143426269, "min": 3.10366814714e-12, "dvar2": 1.99372175302e-06, "dvar": 9.49288221364e-07, "dmean": 0.000948881090153, "max": 0.0121577996761, "var": 3.25218707076e-06, "mean": 0.00468054460362}, "zerocrossingrate": {"dmean2": 0.00479565560818, "median": 0.02880859375, "min": 0.01123046875, "dvar2": 0.000146062215208, "dvar": 7.01571188984e-05, "dmean": 0.00348666030914, "max": 0.5263671875, "var": 0.00600546924397, "mean": 0.0429540760815}, "silence_rate_60dB": {"dmean2": 0.000835073064081, "median": 0, "min": 0, "dvar2": 0.000834393606056, "dvar": 0.000417277013185, "dmean": 0.000417449395172, "max": 1, "var": 0.0451257415116, "mean": 0.0473706163466}, "erbbands_kurtosis": {"dmean2": 2.62732505798, "median": 0.609721064568, "min": -1.58707880974, "dvar2": 11.031539917, "dvar": 4.24661016464, "dmean": 1.59985494614, "max": 24.898973465, "var": 6.43972587585, "mean": 1.37256872654}, "erbbands": {"dmean2": [0.00111935718451, 0.030675413087, 0.293155819178, 2.34746694565, 5.69212245941, 5.71473550797, 17.7726268768, 40.748966217, 52.2921180725, 131.142807007, 83.866104126, 53.5544204712, 98.8861465454, 30.4611911774, 18.8841705322, 32.9303207397, 31.0080089569, 11.9195737839, 20.8500518799, 9.91373729706, 3.57445001602, 2.29426670074, 3.4607629776, 1.21124529839, 0.904956817627, 0.342492282391, 0.445106476545, 0.239756509662, 0.0701004266739, 0.0233938787133, 0.00890438724309, 0.00213482510298, 0.00104860786814, 0.00049617071636, 0.000219428693526, 7.32732005417e-05, 2.97005371976e-05, 1.08120248115e-05, 8.30933913676e-06, 1.77629481186e-05], "median": [0.000736054498702, 0.0194225050509, 0.240991592407, 1.60421049595, 4.17644357681, 5.18811845779, 10.2654600143, 22.4761390686, 34.0546951294, 51.2510566711, 25.9429893494, 16.9168224335, 20.7661018372, 15.0437011719, 11.2378530502, 19.0000705719, 11.7588863373, 9.7053155899, 10.4837932587, 6.7155547142, 3.14990377426, 2.17600035667, 2.05169200897, 0.762618839741, 0.551790952682, 0.273126482964, 0.229651361704, 0.0967842787504, 0.0283513981849, 0.00713867787272, 0.00260544242337, 0.00110694067553, 0.000783812720329, 0.0005597344134, 0.000362727092579, 0.000188265548786, 8.4247738414e-05, 3.05167468468e-05, 1.84075652214e-05, 2.55830746028e-05], "min": [4.12015235039e-23, 1.78542560513e-22, 6.66094205965e-22, 6.31526265562e-21, 8.35849853113e-21, 2.72473067593e-20, 2.99000814461e-20, 8.56313267492e-20, 1.16636369628e-19, 1.52105060039e-19, 2.84791693307e-19, 2.72748021136e-19, 5.51271107116e-19, 6.08817028355e-19, 1.0200323957e-18, 9.2596438246e-19, 1.48378872458e-18, 1.18249542429e-18, 2.42925368319e-18, 2.89879986277e-18, 3.76804633179e-18, 3.8790705136e-18, 5.77246377468e-18, 6.13698365907e-18, 7.94736107387e-18, 8.25656201402e-18, 9.21983203531e-18, 8.97396583312e-18, 1.2191762936e-17, 1.06317375239e-17, 9.73287840254e-18, 1.05825078697e-17, 9.01775015731e-18, 8.20944580633e-18, 6.23146257427e-18, 3.90300333027e-18, 2.50161730433e-18, 8.91453580124e-19, 2.24521090828e-19, 2.79117945163e-20], "dvar2": [2.17109118239e-06, 0.00136387569364, 0.162287682295, 13.029715538, 66.2455444336, 66.7239379883, 1013.14752197, 5753.41064453, 6587.24609375, 59504.21875, 28680.921875, 15750.4667969, 97735.6171875, 2917.45385742, 2677.4362793, 1951.84838867, 2977.28613281, 334.661102295, 1305.79760742, 293.634643555, 35.7552375793, 11.4215526581, 34.9850387573, 5.65802145004, 1.96124720573, 0.475436002016, 1.37715566158, 0.473371386528, 0.0369190908968, 0.00406173849478, 0.000828550080769, 2.66252463916e-05, 6.25553502687e-06, 1.26560644276e-06, 1.64148715953e-07, 5.45175904421e-09, 7.59814045015e-10, 1.02132233226e-10, 9.794357686e-11, 5.11357844957e-10], "dvar": [7.91479578766e-07, 0.000463460601168, 0.0607273951173, 5.43112564087, 28.4716300964, 27.3058853149, 549.843811035, 3059.29370117, 3684.35864258, 25255.1054688, 11137.3896484, 5342.94091797, 34504.828125, 1182.0736084, 1014.13378906, 656.965576172, 1142.78088379, 115.956039429, 529.157043457, 125.964958191, 15.0752649307, 4.63330841064, 14.4060430527, 2.41610074043, 0.707781970501, 0.201493635774, 0.558154344559, 0.190706670284, 0.0145294331014, 0.00157449126709, 0.000322053587297, 1.08175845526e-05, 2.54342512562e-06, 5.11423991156e-07, 6.48759979072e-08, 2.10662842726e-09, 2.82848189315e-10, 3.71492420159e-11, 4.40123770762e-11, 2.30639479737e-10], "dmean": [0.000652863294818, 0.0175346396863, 0.176931872964, 1.46898317337, 3.79625868797, 3.72820663452, 12.8127622604, 30.4289741516, 38.8307342529, 86.1043548584, 50.7872619629, 31.0454502106, 56.895565033, 18.4254360199, 10.9063024521, 18.5574626923, 18.1499156952, 6.9366812706, 12.327173233, 5.98675966263, 2.17392206192, 1.38901925087, 2.14767932892, 0.752254486084, 0.518059313297, 0.217066243291, 0.286130338907, 0.154091209173, 0.045421410352, 0.0146112376824, 0.00550597859547, 0.0013576222118, 0.000672442722134, 0.000315856188536, 0.000135202790261, 4.47498496214e-05, 1.80038077815e-05, 6.49779985906e-06, 5.53292557015e-06, 1.19929272842e-05], "max": [0.0188826099038, 0.256431460381, 4.03771114349, 51.963760376, 70.4625091553, 62.4305229187, 516.328918457, 1116.6361084, 777.573486328, 1892.51574707, 1298.01037598, 1162.56445312, 3731.26611328, 612.582763672, 990.674560547, 418.363433838, 445.626464844, 196.320632935, 364.758056641, 163.158889771, 69.8920135498, 38.304107666, 71.2245025635, 38.0452766418, 13.1937303543, 8.70117950439, 15.1315975189, 7.14939308167, 2.27489376068, 0.768065690994, 0.639854311943, 0.0735408142209, 0.0333111025393, 0.0155580751598, 0.00536207761616, 0.000725994585082, 0.000370547000784, 0.000109807326226, 8.7252476078e-05, 0.000176029512659], "var": [1.15357318009e-06, 0.000760530121624, 0.0996796637774, 11.5846128464, 58.9555511475, 54.6377677917, 1207.34350586, 6360.72021484, 7774.11914062, 35024.7773438, 14953.9335938, 6111.86621094, 41209.5, 1730.81213379, 1078.94067383, 789.234619141, 1492.02697754, 149.84223938, 833.592529297, 182.000473022, 29.6117839813, 9.99404525757, 30.3322982788, 4.48706483841, 1.03738188744, 0.397065401077, 0.912136077881, 0.220110043883, 0.0172099713236, 0.00141515210271, 0.000280253327219, 1.18865582408e-05, 2.8686956739e-06, 5.7373671325e-07, 8.57454338643e-08, 8.19237921945e-09, 1.52254464592e-09, 2.12773118569e-10, 1.01049293932e-10, 4.33445168646e-10], "mean": [0.00102485017851, 0.0278968270868, 0.321980208158, 2.59833049774, 6.74798488617, 7.55696773529, 22.9671173096, 51.354019165, 66.2485351562, 120.127075195, 73.2011032104, 40.9472808838, 71.3260345459, 27.5036392212, 16.6843471527, 27.2949333191, 26.1533660889, 12.6623363495, 19.8563842773, 10.4482660294, 4.78020191193, 3.09317755699, 3.99702787399, 1.45696270466, 0.880639791489, 0.477793961763, 0.51304936409, 0.234751805663, 0.068679869175, 0.0184878483415, 0.00690517621115, 0.00215336447582, 0.00126905029174, 0.000731935491785, 0.000412987312302, 0.00019707485626, 8.78148930497e-05, 3.16993864544e-05, 2.00775211852e-05, 3.02724929497e-05]}, "spectral_strongpeak": {"dmean2": 1.11263537407, "median": 1.35414886475, "min": 0, "dvar2": 1.21934247017, "dvar": 0.467491984367, "dmean": 0.690322220325, "max": 7.52735185623, "var": 0.98386657238, "mean": 1.48054981232}, "spectral_energy": {"dmean2": 0.0156847964972, "median": 0.0216082986444, "min": 9.87357514267e-21, "dvar2": 0.00039441883564, "dvar": 0.000178700123797, "dmean": 0.0106052560732, "max": 0.151507392526, "var": 0.000335224671289, "mean": 0.0257886704057}, "average_loudness": 0.945963799953, "spectral_rolloff": {"dmean2": 310.219177246, "median": 753.662109375, "min": 43.06640625, "dvar2": 334201.8125, "dvar": 162457.875, "dmean": 176.307144165, "max": 19595.2148438, "var": 8536585, "mean": 1224.40844727}, "spectral_centroid": {"dmean2": 132.077697754, "median": 592.358703613, "min": 296.624511719, "dvar2": 75173.609375, "dvar": 36393.7421875, "dmean": 83.2806930542, "max": 11794.7900391, "var": 2815607.5, "mean": 884.162658691}, "pitch_salience": {"dmean2": 0.114164091647, "median": 0.570694446564, "min": 0.15920381248, "dvar2": 0.00837668869644, "dvar": 0.00339036341757, "dmean": 0.0712205395103, "max": 0.860968828201, "var": 0.0107302004471, "mean": 0.568546712399}, "spectral_energyband_middle_high": {"dmean2": 0.0029808008112, "median": 0.0027443151921, "min": 1.13774623997e-21, "dvar2": 3.74453084078e-05, "dvar": 1.46543934534e-05, "dmean": 0.00178437423892, "max": 0.0703060850501, "var": 2.14929605136e-05, "mean": 0.00378058897331}, "spectral_contrast_coeffs": {"dmean2": [0.0818650051951, 0.0854954048991, 0.0705032646656, 0.0494097284973, 0.0335095264018, 0.0282613988966], "median": [-0.54595208168, -0.652525246143, -0.73438167572, -0.748201966286, -0.752020776272, -0.746411323547], "min": [-0.981570363045, -0.977462530136, -0.973791837692, -0.974433839321, -0.967277467251, -0.964952647686], "dvar2": [0.00414867699146, 0.00485471077263, 0.00321261188947, 0.00173295638524, 0.000844345835503, 0.000817751337308], "dvar": [0.00157110008877, 0.00194078695495, 0.00117346260231, 0.000633164949249, 0.000327856250806, 0.000437711685663], "dmean": [0.0496811456978, 0.0542196668684, 0.041776381433, 0.0292270965874, 0.0204090289772, 0.0185335092247], "max": [-0.323260039091, -0.3990662992, -0.48428991437, -0.581681609154, -0.64343726635, -0.600760877132], "var": [0.0100718121976, 0.00789927039295, 0.00495002558455, 0.00319442409091, 0.0024849511683, 0.00310830026865], "mean": [-0.554980278015, -0.65981066227, -0.736415624619, -0.753376245499, -0.759665668011, -0.753017365932]}, "melbands_skewness": {"dmean2": 0.751433134079, "median": 1.42539072037, "min": -1.05786633492, "dvar2": 0.441010266542, "dvar": 0.181723162532, "dmean": 0.481805533171, "max": 8.35133171082, "var": 0.726856827736, "mean": 1.4939262867}, "spectral_spread": {"dmean2": 434588.0625, "median": 1595084.375, "min": 834917.6875, "dvar2": 1032828813310.0, "dvar": 488925134848, "dmean": 252179.265625, "max": 42583888, "var": 39476885717000.0, "mean": 2747232}, "dissonance": {"dmean2": 0.0570204332471, "median": 0.428533643484, "min": 0.261683136225, "dvar2": 0.00219858344644, "dvar": 0.000805994495749, "dmean": 0.0340836569667, "max": 0.49989181757, "var": 0.00167411053553, "mean": 0.425291180611}, "spectral_skewness": {"dmean2": 1.35088014603, "median": 3.05295324326, "min": -0.0898827537894, "dvar2": 1.21075677872, "dvar": 0.420706778765, "dmean": 0.768522202969, "max": 6.99984884262, "var": 1.11585748196, "mean": 3.13010168076}, "spectral_flux": {"dmean2": 0.0433753654361, "median": 0.0702779442072, "min": 6.29056529089e-11, "dvar2": 0.00202834745869, "dvar": 0.000777704233769, "dmean": 0.0255759544671, "max": 0.313192248344, "var": 0.00146052951459, "mean": 0.0763594806194}, "spectral_contrast_valleys": {"dmean2": [0.757994949818, 0.583879947662, 0.530849218369, 0.429363191128, 0.405572891235, 0.275090605021], "median": [-8.26216602325, -6.2144908905, -7.17018890381, -7.92120456696, -9.08581542969, -12.9949302673], "min": [-28.1040802002, -28.1373558044, -27.8445186615, -27.7529792786, -27.5070419312, -27.4015617371], "dvar2": [0.409416735172, 0.301425725222, 0.276011526585, 0.231174573302, 0.278882235289, 0.122463792562], "dvar": [0.167012766004, 0.14187605679, 0.126345664263, 0.110587790608, 0.138977155089, 0.0651408582926], "dmean": [0.440598249435, 0.361301600933, 0.317726224661, 0.259984254837, 0.258303761482, 0.170014590025], "max": [-6.91191339493, -4.70213031769, -5.4767165184, -6.45622634888, -7.39732027054, -11.6638555527], "var": [9.86166763306, 12.2152109146, 11.1526508331, 10.2929344177, 9.04248046875, 5.37538003922], "mean": [-8.83320045471, -6.86095333099, -7.77647733688, -8.50652885437, -9.59167003632, -13.3599433899]}, "erbbands_flatness_db": {"dmean2": 0.0295651275665, "median": 0.298808187246, "min": 0.0298388339579, "dvar2": 0.00062546832487, "dvar": 0.000249225413427, "dmean": 0.0187897551805, "max": 0.403325885534, "var": 0.00257104774937, "mean": 0.291923105717}, "spectral_energyband_high": {"dmean2": 1.37104125315e-05, "median": 8.43736415845e-06, "min": 6.90294984314e-21, "dvar2": 1.03121777784e-09, "dvar": 4.24189017245e-10, "dmean": 8.98146481632e-06, "max": 0.000383078091545, "var": 6.50130560498e-10, "mean": 1.65257952176e-05}, "spectral_entropy": {"dmean2": 0.272458076477, "median": 6.49913883209, "min": 5.53270196915, "dvar2": 0.0639724582434, "dvar": 0.0242459662259, "dmean": 0.172614499927, "max": 9.8230381012, "var": 0.369532614946, "mean": 6.59107494354}, "silence_rate_20dB": {"dmean2": 0, "median": 1, "min": 1, "dvar2": 0, "dvar": 0, "dmean": 0, "max": 1, "var": 0, "mean": 1}, "melbands_flatness_db": {"dmean2": 0.0348620079458, "median": 0.324553400278, "min": 0.00288824667223, "dvar2": 0.000949983543251, "dvar": 0.000385834689951, "dmean": 0.0227354839444, "max": 0.446124643087, "var": 0.00392260914668, "mean": 0.316270679235}, "barkbands": {"dmean2": [5.25818541064e-06, 0.000101056364656, 0.000375231204089, 0.001263552811, 0.00163981015794, 0.0046262727119, 0.0057436437346, 0.0040330234915, 0.00201070937328, 0.002808396006, 0.000545131159015, 0.000654296949506, 0.000601390493102, 0.000273893965641, 0.000339169579092, 0.000113110101665, 5.9379657614e-05, 5.78396138735e-05, 1.89590791706e-05, 9.31753402256e-06, 8.54428071762e-06, 1.6103639382e-06, 2.95219109603e-07, 6.79349483335e-08, 3.52650957325e-08, 1.43647085338e-08, 1.71216409939e-08], "median": [2.80063932223e-06, 5.47594754607e-05, 0.000252636527875, 0.000670770416036, 0.00178184406832, 0.00274272891693, 0.0032581735868, 0.00145401910413, 0.000481733091874, 0.000763610121794, 0.000227088923566, 0.000334715063218, 0.000204027150176, 0.000160609197337, 0.000164815515745, 5.5788706959e-05, 3.93822301703e-05, 3.75082818209e-05, 1.13770820462e-05, 4.77020103062e-06, 4.33893046647e-06, 5.7505269524e-07, 8.58957065475e-08, 4.55628139662e-08, 4.96330159194e-08, 4.22364827557e-08, 6.01398681965e-08], "min": [1.85627500557e-25, 1.82143821774e-24, 2.19870917073e-25, 9.61976233657e-25, 7.58998575654e-24, 4.62304794314e-24, 6.95577393204e-24, 1.04221100023e-23, 1.31038891923e-23, 1.87056575335e-23, 1.48533042122e-23, 1.35722603665e-23, 2.30665768586e-23, 2.68188221533e-23, 5.18522248861e-23, 5.58331641126e-23, 6.03653088526e-23, 9.27320193584e-23, 1.0106290801e-22, 1.7017076469e-22, 2.17798588941e-22, 3.45186372271e-22, 3.47878470551e-22, 5.4977566837e-22, 8.78837496546e-22, 1.2783004021e-21, 1.98825926288e-21], "dvar2": [5.36487833325e-11, 1.55928265855e-08, 3.0326341971e-07, 4.28162047683e-06, 4.42968803327e-06, 6.50023575872e-05, 7.9557634308e-05, 4.96120410389e-05, 2.2542424631e-05, 6.58281351207e-05, 2.84643419945e-06, 8.38882215248e-07, 1.12865643587e-06, 1.96953351406e-07, 4.07631972621e-07, 6.09636785498e-08, 8.49775005918e-09, 8.10669309459e-09, 1.10254771979e-09, 5.81159287361e-10, 3.82298220858e-10, 1.54953411213e-11, 8.2651452956e-13, 2.56604379265e-14, 6.2599305046e-15, 1.80933027032e-16, 2.46978369686e-16], "dvar": [2.5445799981e-11, 5.20826271e-09, 1.13016014325e-07, 1.87035152521e-06, 1.89535637674e-06, 3.74207775167e-05, 3.77083961212e-05, 1.93884461623e-05, 7.64768901718e-06, 2.35462339333e-05, 1.07601260879e-06, 2.82618458414e-07, 4.30082621961e-07, 6.88650914071e-08, 1.61634673645e-07, 2.45505571428e-08, 3.476466226e-09, 3.38156236346e-09, 4.23141272021e-10, 2.21338739004e-10, 1.51823165151e-10, 6.08371903202e-12, 3.19230427683e-13, 1.05082644856e-14, 2.49078889634e-15, 6.73774673999e-17, 9.24754903784e-17], "dmean": [3.46334468304e-06, 5.7459132222e-05, 0.000225781768677, 0.00079296855256, 0.00110362004489, 0.00349661987275, 0.00399937108159, 0.00244652386755, 0.00114725402091, 0.00163358380087, 0.000311349635012, 0.000367497676052, 0.000349938694853, 0.000158810871653, 0.000201510745683, 6.69829823892e-05, 3.59566547559e-05, 3.58180514013e-05, 1.12496527436e-05, 5.62491959499e-06, 5.46702312931e-06, 1.02423916815e-06, 1.80821928097e-07, 4.38128537894e-08, 2.2241982478e-08, 8.73933370116e-09, 1.03948316621e-08], "max": [0.00011030992755, 0.000933932489716, 0.00560064706951, 0.0318750292063, 0.0200205594301, 0.12852717936, 0.0685249119997, 0.0509249642491, 0.0424143336713, 0.0958378389478, 0.0323516316712, 0.00828486308455, 0.00874912180007, 0.00437315367162, 0.00599167170003, 0.00259805284441, 0.00131668522954, 0.00112961430568, 0.000370874535292, 0.000308204849716, 0.000185658500413, 4.36132868344e-05, 1.90883438336e-05, 1.7597706119e-06, 1.19896753858e-06, 1.54526347274e-07, 1.99553184643e-07], "var": [5.76980616063e-11, 8.26566015633e-09, 1.80187555543e-07, 4.02215709983e-06, 4.56362249679e-06, 8.42240260681e-05, 6.93159163347e-05, 2.66030692728e-05, 8.08055301604e-06, 2.90226234938e-05, 1.13752628295e-06, 3.39208952482e-07, 5.70322299609e-07, 9.92575479586e-08, 2.5133147119e-07, 2.88434058859e-08, 7.12429049088e-09, 7.34958183202e-09, 6.58205268067e-10, 3.40653144582e-10, 2.15060025344e-10, 7.00278507057e-12, 2.77020783699e-13, 1.19153759464e-14, 2.87517181253e-15, 4.09778684484e-16, 6.8903149762e-16], "mean": [5.24169900018e-06, 8.36962935864e-05, 0.000369977409719, 0.00128280394711, 0.00238783820532, 0.00601391121745, 0.00638477643952, 0.00351437553763, 0.00135747669265, 0.00211329222657, 0.000405938015319, 0.000516799511388, 0.000490514677949, 0.000259582448052, 0.00032586810994, 0.000100891331385, 6.72571404721e-05, 6.68087086524e-05, 1.98339348572e-05, 1.05987746792e-05, 9.35478510655e-06, 1.44887542319e-06, 2.24657640047e-07, 7.81130822247e-08, 6.01245844223e-08, 4.40030660798e-08, 6.17930808744e-08]}, "erbbands_skewness": {"dmean2": 0.723516345024, "median": 0.847279191017, "min": -0.945160984993, "dvar2": 0.388427823782, "dvar": 0.156080126762, "dmean": 0.463050484657, "max": 4.07543373108, "var": 0.459702730179, "mean": 0.901370644569}, "erbbands_spread": {"dmean2": 5.79663991928, "median": 14.5754890442, "min": 2.49896478653, "dvar2": 25.0194816589, "dvar": 10.1008396149, "dmean": 3.56969809532, "max": 109.867622375, "var": 92.9982452393, "mean": 15.9387311935}, "melbands_kurtosis": {"dmean2": 4.86763811111, "median": 4.23780632019, "min": -1.38337934017, "dvar2": 38.0098075867, "dvar": 15.2105379105, "dmean": 3.11067676544, "max": 87.0167312622, "var": 37.9909973145, "mean": 5.70800209045}, "melbands": {"dmean2": [1.78089539986e-05, 0.000112345558591, 0.000507654098328, 0.000346306711435, 0.00055405969033, 0.000934583484195, 0.000878371356521, 0.00126504676882, 0.000665383413434, 0.000290412281174, 0.000492025399581, 0.000123022997286, 8.08221739135e-05, 7.49089740566e-05, 7.5177384133e-05, 4.51720479759e-05, 2.38730935962e-05, 3.41963168466e-05, 1.87112545973e-05, 1.11839090096e-05, 4.00330554839e-06, 3.16042451232e-06, 3.15687429975e-06, 2.24050290853e-06, 1.0095500329e-06, 5.96092149863e-07, 5.09287644945e-07, 1.9853111155e-07, 3.66314651501e-07, 1.52952580379e-07, 1.43185587831e-07, 