{"tonal": {"thpcp": [1, 0.675072014332, 0.286519855261, 0.210261180997, 0.192265853286, 0.407364159822, 0.696991741657, 0.585620343685, 0.418381690979, 0.424537599087, 0.332341641188, 0.394870996475, 0.532945156097, 0.438493102789, 0.471816211939, 0.554961979389, 0.327914893627, 0.175397440791, 0.189586907625, 0.206554070115, 0.524967551231, 0.865536808968, 0.589965820312, 0.249218195677, 0.220339357853, 0.201293289661, 0.322770178318, 0.460413306952, 0.329876422882, 0.265201449394, 0.350296825171, 0.308312654495, 0.374386489391, 0.515129983425, 0.432996034622, 0.656126976013], "hpcp": {"dmean2": [0.209295958281, 0.215581357479, 0.239522248507, 0.251307308674, 0.247431233525, 0.222267895937, 0.209444835782, 0.162817433476, 0.130431473255, 0.141794785857, 0.163492709398, 0.235319212079, 0.307678818703, 0.293449789286, 0.197956591845, 0.161130189896, 0.155895501375, 0.181047454476, 0.206723928452, 0.186846390367, 0.166093960404, 0.175607427955, 0.185236290097, 0.208109781146, 0.231131389737, 0.250101059675, 0.296175211668, 0.323511719704, 0.294748514891, 0.22791005671, 0.182660728693, 0.168972223997, 0.227403014898, 0.282581776381, 0.294896394014, 0.239971578121], "median": [0.0158765707165, 0.017654241994, 0.0348791927099, 0.045194555074, 0.0401018336415, 0.066311173141, 0.0682307705283, 0.0353666096926, 0.00788133125752, 0.00786889623851, 0.0114055229351, 0.0681267380714, 0.125248506665, 0.0832729786634, 0.0147282565013, 0.00839131884277, 0.00888766720891, 0.0267218649387, 0.0348921529949, 0.027366541326, 0.010158858262, 0.00744698988274, 0.0123918922618, 0.0342049784958, 0.0338698774576, 0.0415747389197, 0.101528525352, 0.158573687077, 0.0961026251316, 0.0155002102256, 0.00594699755311, 0.0081378435716, 0.0412194468081, 0.0757471770048, 0.0594634227455, 0.031447455287], "min": [0, 0, 0, 0, 0, 0, 0, 0, 0, 0, 0, 0, 0, 0, 0, 0, 0, 0, 0, 0, 0, 0, 0, 0, 0, 0, 0, 0, 0, 0, 0, 0, 0, 0, 0, 0], "dvar2": [0.109761141241, 0.113072350621, 0.115621328354, 0.113306343555, 0.119222871959, 0.0882543921471, 0.0883388891816, 0.0700045078993, 0.0680596977472, 0.0815607979894, 0.0846356675029, 0.102913603187, 0.139513254166, 0.140607789159, 0.111229211092, 0.0977480709553, 0.0989811867476, 0.096737511456, 0.104754731059, 0.100197665393, 0.0959027186036, 0.102568775415, 0.103897921741, 0.10432651639, 0.111929431558, 0.125311031938, 0.131896957755, 0.139512255788, 0.131283804774, 0.129685789347, 0.116008594632, 0.0994026213884, 0.119499132037, 0.128151059151, 0.149874433875, 0.120936773717], "dvar": [0.0424472242594, 0.0413617417216, 0.0444707348943, 0.0464767403901, 0.0465681403875, 0.0342727601528, 0.0368996635079, 0.0261605754495, 0.0244628209621, 0.0297199040651, 0.0298659000546, 0.0379257313907, 0.0586340427399, 0.0516730472445, 0.0391559004784, 0.0347766503692, 0.0350713096559, 0.0360949151218, 0.0420092269778, 0.0364583209157, 0.0339870750904, 0.0388178564608, 0.0381436347961, 0.0393943302333, 0.0457878708839, 0.0466191805899, 0.0503233410418, 0.0623723194003, 0.0515458285809, 0.0469262450933, 0.0413257852197, 0.0346074067056, 0.043837133795, 0.0554571896791, 0.0585919395089, 0.0438557192683], "dmean": [0.118893779814, 0.120192326605, 0.136110112071, 0.144576743245, 0.142466783524, 0.13012124598, 0.125718429685, 0.0944703370333, 0.0715586915612, 0.0766684189439, 0.0888861343265, 0.137356981635, 0.178832918406, 0.167122244835, 0.107307359576, 0.0872220769525, 0.0848339125514, 0.102338843048, 0.120596297085, 0.106525555253, 0.0920056551695, 0.0987825319171, 0.10473575443, 0.118970200419, 0.132481619716, 0.14139097929, 0.1731556952, 0.191929534078, 0.174152180552, 0.124039418995, 0.0976925417781, 0.0900274217129, 0.128980666399, 0.165491729975, 0.170266970992, 0.135654583573], "max": [1, 1, 1, 1, 1, 1, 1, 1, 1, 1, 1, 1, 1, 1, 1, 1, 1, 1, 1, 1, 1, 1, 1, 1, 1, 1, 1, 1, 1, 1, 1, 1, 1, 1, 1, 1], "var": [0.0656143724918, 0.0407126732171, 0.0481947734952, 0.0744073688984, 0.0553237013519, 0.0460742413998, 0.0687959566712, 0.0313111245632, 0.0222612991929, 0.0280256234109, 0.0237651951611, 0.052705027163, 0.113762460649, 0.0613956227899, 0.0294509232044, 0.0289588160813, 0.0268004890531, 0.0369819998741, 0.0640444159508, 0.0357135161757, 0.0333741009235, 0.0572428628802, 0.0415029786527, 0.0419382080436, 0.0766175165772, 0.0507370121777, 0.0677073001862, 0.13201123476, 0.0747190564871, 0.0380294136703, 0.0320688076317, 0.024623516947, 0.0455387867987, 0.0967003703117, 0.0756676644087, 0.0502575002611], "mean": [0.141698047519, 0.110925771296, 0.131796211004, 0.177881270647, 0.146355971694, 0.157478243113, 0.185229822993, 0.109448254108, 0.0585424564779, 0.0632784813643, 0.0689416155219, 0.175218582153, 0.288890480995, 0.196913063526, 0.0831816345453, 0.0735427364707, 0.0671857222915, 0.107731096447, 0.153672292829, 0.110102958977, 0.088516369462, 0.116918683052, 0.102905608714, 0.124959088862, 0.171935096383, 0.144521221519, 0.218995705247, 0.333770304918, 0.225318983197, 0.0956318154931, 0.0701789408922, 0.0641726329923, 0.135966062546, 0.23263515532, 0.195462673903, 0.139643386006]}, "tuning_equal_tempered_deviation": 0.00187061878387, "chords_changes_rate": 0.0779274627566, "key_key": "F#", "tuning_diatonic_strength": 0.607551157475, "key_scale": "major", "chords_number_rate": 0.00269430060871, "tuning_frequency": 442.804626465, "tuning_nontempered_energy_ratio": 0.664339780807, "chords_histogram": [25.1813468933, 12.1865282059, 8.08290195465, 0.0414507761598, 0.331606209278, 0.0621761642396, 0.0829015523195, 0, 0.393782377243, 0, 0.269430041313, 1.16062176228, 0, 0.290155440569, 0, 1.82383418083, 5.01554393768, 6.03108787537, 9.57512950897, 4.2279791832, 2.30051803589, 5.36787557602, 10.3419685364, 7.23316049576], "key_strength": 0.830931663513, "chords_key": "F#", "chords_strength": {"dmean2": 0.0110534504056, "median": 0.511662125587, "min": -1, "dvar2": 0.000867396825925, "dvar": 0.000459427421447, "dmean": 0.0106142852455, "max": 0.760961771011, "var": 0.0186235047877, "mean": 0.508230865002}, "chords_scale": "major", "hpcp_entropy": {"dmean2": 1.01089644432, "median": 1.91479182243, "min": 0, "dvar2": 0.702449262142, "dvar": 0.262941330671, "dmean": 0.598336458206, "max": 4.54297685623, "var": 0.549878537655, "mean": 1.85724234581}}, "metadata": {"audio_properties": {"equal_loudness": 0, "codec": "mp3", "downmix": "mix", "sample_rate": 44100, "analysis_sample_rate": 44100, "bit_rate": 195801, "md5_encoded": "c7175ba11a022ad83a9d0de68bcd511f", "length": 224, "replay_gain": -14.7738628387, "lossless": false}, "version": {"essentia_build_sha": "70f2e5ece6736b2c40cc944ad0e695b16b925413", "essentia": "2.1-beta2", "extractor": "music 1.0", "essentia_git_sha": "v2.1_beta2"}, "tags": {"title": ["Und sonst so"], "artist": ["Roger Cicero"], "date": ["2009"], "genre": ["Swing"], "language": ["German"], "album": ["Artgerecht"], "tracknumber": ["6"], "file_name": "1889208.mp3", "musicbrainz_recordingid": ["1de78ca9-2000-4088-b32c-c5a3464beb1f"], "encodedby": ["LAME 3.97 V2: preset standard"]}}, "rhythm": {"bpm_histogram_first_peak_bpm": {"dmean2": 0, "median": 96, "min": 96, "dvar2": 0, "dvar": 0, "dmean": 0, "max": 96, "var": 0, "mean": 96}, "bpm": 95.8597869873, "bpm_histogram_second_peak_spread": {"dmean2": 0, "median": 0, "min": 0, "dvar2": 0, "dvar": 0, "dmean": 0, "max": 0, "var": 0, "mean": 0}, "bpm_histogram_first_peak_weight": {"dmean2": 0, "median": 0.620786488056, "min": 0.620786488056, "dvar2": 0, "dvar": 0, "dmean": 0, "max": 0.620786488056, "var": 0, "mean": 0.620786488056}, "onset_rate": 4.50863647461, "beats_position": [0.626938760281, 1.26548755169, 1.90403628349, 2.54258489609, 3.16952371597, 3.79646253586, 4.43501138687, 5.06195020676, 5.70049858093, 6.3622674942, 7.02403593063, 7.6858048439, 8.33596324921, 8.98612213135, 9.63628101349, 10.2864398956, 10.9482088089, 11.5867567062, 12.2136955261, 12.840634346, 13.4675731659, 14.0945119858, 14.7214508057, 15.3483896255, 15.9753284454, 16.602268219, 17.2292060852, 17.8561439514, 18.4714736938, 19.0984115601, 19.7253513336, 20.3522891998, 20.9676189423, 21.5829467773, 22.2098865509, 22.8484344482, 23.4869842529, 24.102312088, 24.7292518616, 25.3445796967, 25.9831295013, 26.6100673676, 27.2370071411, 27.8639450073, 28.4792747498, 29.0946025848, 29.7215423584, 30.3484802246, 30.9754180908, 31.5907478333, 32.2176856995, 32.8446235657, 33.4715652466, 34.0868911743, 34.7138328552, 35.3523788452, 35.9677085876, 36.5946464539, 37.2215881348, 37.848526001, 38.4754638672, 39.1024017334, 39.7293434143, 40.3562812805, 40.9832191467, 41.6101570129, 42.2254867554, 42.8408164978, 43.467754364, 44.0946922302, 44.7216300964, 45.3485717773, 45.9755096436, 46.6024475098, 47.2177772522, 47.8447151184, 48.4716529846, 49.0869827271, 49.7139205933, 50.3408622742, 50.9678001404, 51.5947380066, 52.2216758728, 52.8370056152, 53.4639434814, 54.0792732239, 54.7062110901, 55.333152771, 55.9600906372, 56.5870285034, 57.2255783081, 57.8641242981, 58.491065979, 59.1180038452, 59.7449417114, 60.3718795776, 60.9988212585, 61.6257591248, 62.252696991, 62.8680267334, 63.4833564758, 64.1102905273, 64.7256240845, 65.3409500122, 65.9678878784, 66.5948257446, 67.2217712402, 67.8487091064, 68.4756469727, 69.1025848389, 69.7295227051, 70.3564605713, 70.9833984375, 71.6103363037, 72.2488861084, 72.8758239746, 73.4911575317, 74.1180953979, 74.7334213257, 75.3719711304, 75.9989089966, 76.6142425537, 77.2295684814, 77.8565063477, 78.4834442139, 79.1103820801, 79.7373199463, 80.3642578125, 80.9912033081, 81.6181411743, 82.2450790405, 82.8604049683, 83.4757385254, 84.1026763916, 84.7180023193, 85.356552124, 85.9834899902, 86.6104278564, 87.2257614136, 87.8526992798, 88.4680252075, 89.0949630737, 89.7219009399, 90.3604507446, 90.9873886108, 91.602722168, 92.2296600342, 92.8565979004, 93.4835357666, 94.1104736328, 94.7257995605, 95.3411331177, 95.9680709839, 96.5950088501, 97.2219467163, 97.8488845825, 98.4758224487, 99.1027679443, 99.7297058105, 100.356643677, 100.983581543, 101.610519409, 102.237457275, 102.864395142, 103.491333008, 104.106666565, 104.721992493, 105.360542297, 105.999092102, 106.61441803, 107.229751587, 107.856689453, 108.472015381, 109.087341309, 109.714286804, 110.34122467, 110.968162537, 111.595100403, 112.222038269, 112.848976135, 113.48752594, 114.102851868, 114.729797363, 115.356735229, 115.983673096, 116.610610962, 117.237548828, 117.852874756, 118.468208313, 119.095146179, 119.722084045, 120.349021912, 120.975959778, 121.602897644, 122.22983551, 122.856781006, 123.483718872, 124.110656738, 124.737594604, 125.364532471, 125.991470337, 126.606803894, 127.23374176, 127.860679626, 128.487609863, 129.10295105, 129.729888916, 130.356826782, 130.983764648, 131.610702515, 132.237640381, 132.864578247, 133.479904175, 134.095230103, 134.722167969, 135.349105835, 135.97605896, 136.602996826, 137.229934692, 137.856872559, 138.483810425, 139.110748291, 139.737686157, 140.364624023, 140.99156189, 141.606887817, 142.233825684, 142.86076355, 143.487701416, 144.103042603, 144.729980469, 145.356918335, 145.972244263, 146.599182129, 147.214508057, 147.841445923, 148.468383789, 149.095321655, 149.722259521, 150.349197388, 150.976135254, 151.603088379, 152.241622925, 152.86857605, 153.483901978, 154.110839844, 154.714553833, 155.341491699, 155.968429565, 156.595367432, 157.222305298, 157.849243164, 158.47618103, 159.103118896, 159.718460083, 160.345397949, 160.972335815, 161.61088562, 162.226211548, 162.853149414, 163.491699219, 164.118637085, 164.733963013, 165.34928894, 165.964630127, 166.579956055, 167.206893921, 167.833831787, 168.460769653, 169.08770752, 169.714645386, 170.341583252, 171.096237183, 171.850875854, 172.675186157, 173.49949646, 174.312194824, 175.11328125, 175.914367676, 176.72706604, 177.481719971, 178.236373901, 178.944580078, 179.652786255, 180.302947998, 180.941497803, 181.580047607, 182.218597412, 182.845535278, 183.472473145, 184.087799072, 184.691513062, 185.318450928, 185.945388794, 186.595550537, 187.199264526, 187.84942627, 188.476364136, 189.103302002, 189.730239868, 190.357177734, 190.984130859, 191.611068726, 192.238006592, 192.864944458, 193.491882324, 194.107208252, 194.72253418, 195.349472046, 195.976409912, 196.603347778, 197.218673706, 197.845626831, 198.472564697, 199.087890625, 199.714828491, 200.341766357, 200.968704224, 201.59564209, 202.222579956, 202.849517822, 203.476455688, 204.103393555, 204.730331421, 205.357269287, 205.984207153, 206.611160278, 207.226486206, 207.853424072, 208.46875, 209.095687866, 209.722625732, 210.349563599, 210.976501465, 211.603439331, 212.218765259, 212.857315063, 213.48425293, 214.134414673, 214.796188354, 215.446350098, 215.980407715, 216.502853394, 217.013687134, 217.536148071, 218.05859375, 218.581039429, 219.115097046, 219.649154663, 220.078720093, 220.508300781, 220.937866211, 221.367431641, 221.79699707, 222.226577759, 222.656143188, 223.085708618], "beats_loudness": {"dmean2": 0.0256512518972, "median": 0.035989522934, "min": 4.37987701662e-11, "dvar2": 0.00041145842988, "dvar": 0.000159880553838, "dmean": 0.0155051313341, "max": 0.100830443203, "var": 0.00038886492257, "mean": 0.0365739017725}, "danceability": 1.09296369553, "bpm_histogram_second_peak_weight": {"dmean2": 0, "median": 0.0224719103426, "min": 0.0224719103426, "dvar2": 0, "dvar": 0, "dmean": 0, "max": 0.0224719103426, "var": 0, "mean": 0.0224719103426}, "beats_count": 357, "bpm_histogram_second_peak_bpm": {"dmean2": 0, "median": 140, "min": 140, "dvar2": 0, "dvar": 0, "dmean": 0, "max": 140, "var": 0, "mean": 140}, "bpm_histogram_first_peak_spread": {"dmean2": 0, "median": 0.315789461136, "min": 0.315789461136, "dvar2": 0, "dvar": 0, "dmean": 0, "max": 0.315789461136, "var": 0, "mean": 0.315789461136}, "beats_loudness_band_ratio": {"dmean2": [0.479662656784, 0.321297556162, 0.28776794672, 0.171010583639, 0.0702170059085, 0.115409098566], "median": [0.341557711363, 0.222099274397, 0.158905401826, 0.0727428346872, 0.0214721802622, 0.0327891744673], "min": [0, 0, 0, 0, 0, 0], "dvar2": [0.111552856863, 0.050861235708, 0.0634189099073, 0.0297061428428, 0.00541468942538, 0.0156004484743], "dvar": [0.0406402461231, 0.0186512712389, 0.0227748267353, 0.0107441227883, 0.00195450801402, 0.00633134460077], "dmean": [0.290379285812, 0.186501517892, 0.168410822749, 0.0979629606009, 0.0382082127035, 0.0610637702048], "max": [0.944081783295, 0.957927703857, 0.831261277199, 0.669533133507, 0.443649560213, 0.89041608572], "var": [0.0713286548853, 0.0333381034434, 0.0292586646974, 0.0113025410101, 0.00193717598449, 0.00941798835993], "mean": [0.381804168224, 0.248834386468, 0.210965543985, 0.103584639728, 0.035894561559, 0.0576388314366]}}, "lowlevel": {"barkbands_spread": {"dmean2": 8.97880935669, "median": 13.2730379105, "min": 1.18123459816, "dvar2": 195.251174927, "dvar": 100.7654953, "dmean": 6.08899116516, "max": 130.612686157, "var": 291.646850586, "mean": 18.4228134155}, "melbands_spread": {"dmean2": 10.065366745, "median": 14.1949119568, "min": 0.706692397594, "dvar2": 405.801727295, "dvar": 204.882476807, "dmean": 6.74524021149, "max": 231.512329102, "var": 557.402526855, "mean": 20.2722187042}, "hfc": {"dmean2": 9.70567989349, "median": 15.3708019257, "min": 1.12132630307e-16, "dvar2": 258.163269043, "dvar": 127.186355591, "dmean": 6.75652265549, "max": 187.654754639, "var": 373.826080322, "mean": 20.4014434814}, "barkbands_kurtosis": {"dmean2": 6.05884790421, "median": 3.82226920128, "min": -1.93100380898, "dvar2": 96.4428482056, "dvar": 40.3690910339, "dmean": 3.85892152786, "max": 120.306976318, "var": 102.982185364, "mean": 6.91571998596}, "gfcc": {"mean": [-19.5213413239, 89.2252502441, -92.0178909302, 14.1477003098, -69.0304031372, 9.43870449066, -41.2032051086, 10.033246994, -30.1538791656, 1.9840734005, -15.2822360992, 1.57485222816, -14.4417467117], "icov": [[0.000164674900589, -0.00028345559258, 0.000320744176861, -0.00034851959208, 0.000504331954289, -0.000581369909924, 0.000521434587426, -0.000726798491087, 0.000649891386274, -0.000561266264413, 0.000684456666932, -0.000482698262203, 0.00066697713919], [-0.00028345559258, 0.0012370410841, -0.000499801826663, 0.000897993333638, -0.00114858371671, 0.00122092384845, -0.00127977842931, 0.00156990217511, -0.00176058709621, 0.00166625995189, -0.00150338362437, 0.00141097942833, -0.00116642401554], [0.000320744176861, -0.000499801826663, 0.00199510599487, -0.00118774175644, 0.000965422193985, -0.0012851243373, 0.00078954489436, -0.000894832541235, 0.000760263821576, -0.00157092837617, 0.00194709864445, -0.00158557505347, 0.0011413480388], [-0.00034851959208, 0.000897993333638, -0.00118774175644, 0.00355672067963, -0.00144615001045, 0.00121762230992, -0.00125299510546, 0.00149382010568, -0.00267268437892, 0.000562854285818, -0.00192968966439, 0.000432873377576, -0.0010868354002], [0.000504331954289, -0.00114858371671, 0.000965422193985, -0.00144615001045, 0.00558428885415, -0.00266871158965, 0.00129593268503, -0.00279356888495, 0.000449314597063, -0.00150420528371, 0.000662445556372, -0.00090731587261, 0.00119661993813], [-0.000581369909924, 0.00122092384845, -0.0012851243373, 0.00121762230992, -0.00266871158965, 0.0074949581176, -0.00455240812153, 0.00250735133886, -0.00194952927995, 0.00116311095189, -0.00168765732087, 0.00216651638038, -0.00180233642459], [0.000521434587426, -0.00127977842931, 0.00078954489436, -0.00125299510546, 0.00129593268503, -0.00455240812153, 0.00856555253267, -0.00407510064542, 0.00321413483471, -0.00218239566311, 0.00154346844647, -0.00215268274769, 0.00163004326168], [-0.000726798491087, 0.00156990217511, -0.000894832541235, 0.00149382010568, -0.00279356888495, 0.00250735133886, -0.00407510064542, 0.012753999792, -0.00650073913857, 0.00443742191419, -0.00333415390924, 0.00267868139781, -0.000631153583527], [0.000649891386274, -0.00176058709621, 0.000760263821576, -0.00267268437892, 0.000449314597063, -0.00194952927995, 0.00321413483471, -0.00650073913857, 0.0163865499198, -0.00646702898666, 0.00401923013851, -8.30794961075e-05, -0.000259938969975], [-0.000561266264413, 0.00166625995189, -0.00157092837617, 0.000562854285818, -0.00150420528371, 0.00116311095189, -0.00218239566311, 0.00443742191419, -0.00646702898666, 0.0145114036277, -0.00265597831458, 0.00134935055394, -0.000704085105099], [0.000684456666932, -0.00150338362437, 0.00194709864445, -0.00192968966439, 0.000662445556372, -0.00168765732087, 0.00154346844647, -0.00333415390924, 0.00401923013851, -0.00265597831458, 0.016475694254, -0.00503498408943, 0.00443895021453], [-0.000482698262203, 0.00141097942833, -0.00158557505347, 0.000432873377576, -0.00090731587261, 0.00216651638038, -0.00215268274769, 0.00267868139781, -8.30794961075e-05, 0.00134935055394, -0.00503498408943, 0.016541223973, -0.0077020986937], [0.00066697713919, -0.00116642401554, 0.0011413480388, -0.0010868354002, 0.00119661993813, -0.00180233642459, 0.00163004326168, -0.000631153583527, -0.000259938969975, -0.000704085105099, 0.00443895021453, -0.0077020986937, 0.018418174237]], "cov": [[22320.5195312, 1360.61669922, -1712.68481445, 46.351360321, -814.432617188, 431.618133545, -211.061218262, 417.600708008, -299.554290771, 52.2972793579, -242.277008057, -131.19543457, -483.818115234], [1360.61669922, 1753.36975098, -230.912643433, -219.737091064, 146.62840271, -38.9954566956, 62.2244720459, 19.6051235199, 42.977973938, -109.075645447, 39.2986412048, -89.7077407837, -5.61399650574], [-1712.68481445, -230.912643433, 974.263061523, 261.722320557, 33.6471290588, 67.7831420898, 41.3331069946, -41.47423172, 69.5456848145, 93.3174133301, -34.9347496033, 62.484210968, 40.9336662292], [46.351360321, -219.737091064, 261.722320557, 492.674316406, 69.6878204346, 43.5004768372, 27.1610488892, 13.439160347, 72.5383071899, 71.0946273804, 7.75384092331, 33.8566894531, 11.0760002136], [-814.432617188, 146.62840271, 33.6471290588, 69.6878204346, 327.439788818, 70.9826431274, 56.8736152649, 43.6972694397, 60.4852294922, 9.99840164185, 28.9480838776, -11.8891868591, 12.2299413681], [431.618133545, -38.9954566956, 67.7831420898, 43.5004768372, 70.9826431274, 259.362457275, 110.511016846, 25.0630702972, 11.1724996567, 26.735704422, -3.90599560738, -5.55241394043, -8.08707904816], [-211.061218262, 62.2244720459, 41.3331069946, 27.1610488892, 56.8736152649, 110.511016846, 206.855728149, 38.3498191833, 4.16653394699, 8.15326881409, 11.6953964233, 4.05478334427, -0.00115568842739], [417.600708008, 19.6051235199, -41.47423172, 13.439160347, 43.6972694397, 25.0630702972, 38.3498191833, 136.105621338, 32.9693908691, -7.91662406921, 5.8857588768, -17.6546611786, -18.2728900909], [-299.554290771, 42.977973938, 69.5456848145, 72.5383071899, 60.4852294922, 11.1724996567, 4.16653394699, 32.9693908691, 113.617675781, 34.998462677, -6.5177898407, -9.2025642395, 12.12890625], [52.2972793579, -109.075645447, 93.3174133301, 71.0946273804, 9.99840164185, 26.735704422, 8.15326881409, -7.91662406921, 34.998462677, 107.567863464, -3.60913276672, 7.16846704483, -0.941785871983], [-242.277008057, 39.2986412048, -34.9347496033, 7.75384092331, 28.9480838776, -3.90599560738, 11.6953964233, 5.8857588768, -6.5177898407, -3.60913276672, 83.9233779907, 12.4179897308, -4.47489976883], [-131.19543457, -89.7077407837, 62.484210968, 33.8566894531, -11.8891868591, -5.55241394043, 4.05478334427, -17.6546611786, -9.2025642395, 7.16846704483, 12.4179897308, 90.6742935181, 31.5302352905], [-483.818115234, -5.61399650574, 40.9336662292, 11.0760002136, 12.2299413681, -8.08707904816, -0.00115568842739, -18.2728900909, 12.12890625, -0.941785871983, -4.47489976883, 31.5302352905, 81.7630844116]]}, "spectral_energyband_middle_low": {"dmean2": 0.00745326373726, "median": 0.0122028030455, "min": 1.5630909019e-22, "dvar2": 9.43666454987e-05, "dvar": 4.18195559178e-05, "dmean": 0.00485647330061, "max": 0.0837841778994, "var": 0.000146251986735, "mean": 0.015215780586}, "melbands_crest": {"dmean2": 4.96758079529, "median": 11.5801286697, "min": 1.63069975376, "dvar2": 21.2512245178, "dvar": 8.24866008759, "dmean": 3.02364850044, "max": 33.599609375, "var": 20.7793827057, "mean": 12.3348293304}, "spectral_kurtosis": {"dmean2": 2.88509106636, "median": 4.7277173996, "min": -1.32073330879, "dvar2": 11.1748943329, "dvar": 5.57818460464, "dmean": 1.98587203026, "max": 38.0752105713, "var": 17.24584198, "mean": 5.52315092087}, "spectral_rms": {"dmean2": 0.0012522166362, "median": 0.00488288886845, "min": 3.18039518332e-12, "dvar2": 2.86197814603e-06, "dvar": 1.21543655496e-06, "dmean": 0.000816008308902, "max": 0.0123272482306, "var": 4.04014144806e-06, "mean": 0.00478249788284}, "zerocrossingrate": {"dmean2": 0.0159521568567, "median": 0.0478515625, "min": 0.0068359375, "dvar2": 0.000440019357484, "dvar": 0.000423653778853, "dmean": 0.0141789847985, "max": 0.53515625, "var": 0.0041467808187, "mean": 0.0655899643898}, "silence_rate_60dB": {"dmean2": 0.0215633418411, "median": 0, "min": 0, "dvar2": 0.0254470501095, "dvar": 0.0106628183275, "dmean": 0.0107805533335, "max": 1, "var": 0.0531184710562, "mean": 0.056281093508}, "erbbands_kurtosis": {"dmean2": 2.38000297546, "median": 1.30129432678, "min": -1.8427118063, "dvar2": 8.50785636902, "dvar": 3.68668293953, "dmean": 1.53572368622, "max": 48.958316803, "var": 13.3152322769, "mean": 2.26549696922}, "erbbands": {"dmean2": [0.0731182545424, 1.56353628635, 5.15561580658, 4.85336065292, 9.12795734406, 12.1954421997, 15.7629117966, 17.4337921143, 29.1900196075, 34.5535812378, 27.541053772, 42.8494033813, 40.7263908386, 46.75365448, 21.8160057068, 19.2161178589, 25.6147136688, 20.561088562, 12.4510812759, 9.20300006866, 8.75417423248, 9.05965518951, 11.2108201981, 8.91771316528, 10.6549873352, 6.10703706741, 4.29298067093, 5.42841291428, 6.3624920845, 4.22122955322, 4.00665473938, 4.12071561813, 3.12104773521, 1.88030838966, 0.803843915462, 0.376500785351, 0.0987266674638, 0.0137504311278, 0.00089457113063, 3.66298518202e-05], "median": [0.0153105342761, 0.42126467824, 1.60260033607, 2.19219112396, 5.00718688965, 7.53240871429, 8.29313087463, 13.2129001617, 16.6435089111, 18.9640903473, 12.0679264069, 13.7618598938, 13.8706588745, 14.8982954025, 10.4278469086, 8.95096492767, 6.92544937134, 6.38734388351, 3.75810289383, 2.82906150818, 3.02817821503, 2.5029335022, 3.2049741745, 3.12482047081, 2.69005274773, 1.82736992836, 1.4187502861, 1.18570685387, 1.07860183716, 1.0270011425, 0.767993927002, 0.647402048111, 0.563487410545, 0.347033500671, 0.177792996168, 0.0849072933197, 0.0215892083943, 0.00281187472865, 0.000217095948756, 4.07240477216e-05], "min": [5.07111312758e-23, 5.5992069729e-22, 1.07389096629e-21, 9.22004268203e-21, 3.09230195205e-20, 2.18385068275e-20, 5.3753595399e-20, 6.44922415193e-20, 1.44936066616e-19, 1.56636368359e-19, 2.39462816124e-19, 2.8429150753e-19, 5.27945234227e-19, 1.07146607259e-18, 1.05519491296e-18, 9.70953495206e-19, 1.66168777059e-18, 1.69605567747e-18, 2.67394528891e-18, 3.03968836663e-18, 4.74616838098e-18, 5.83593871975e-18, 3.75597900742e-18, 6.27391058818e-18, 7.39700886102e-18, 6.70816097102e-18, 1.10577917876e-17, 9.41089669474e-18, 1.24232866536e-17, 1.13966694866e-17, 1.19792130874e-17, 1.18729121069e-17, 1.04484235468e-17, 7.71223002167e-18, 5.52104264108e-18, 4.22402468137e-18, 2.67780615442e-18, 8.61819162595e-19, 2.7683736944e-19, 2.86744453475e-20], "dvar2": [0.0438348278403, 17.6419677734, 170.183349609, 100.968734741, 228.174224854, 459.924957275, 1334.52990723, 1077.59484863, 3741.00488281, 4498.98193359, 4411.50195312, 9039.10058594, 9171.76171875, 9535.45507812, 2630.43383789, 2175.79980469, 4367.64990234, 2660.31054688, 1112.08422852, 618.383361816, 493.797576904, 519.640808105, 773.899414062, 465.890777588, 743.310974121, 255.854400635, 147.144714355, 301.592681885, 474.380310059, 146.68850708, 193.643478394, 187.834381104, 164.211914062, 55.8215446472, 5.82625484467, 1.05424213409, 0.0556055270135, 0.00113270943984, 4.00997805627e-06, 4.88518026032e-09], "dvar": [0.0173117686063, 6.8563079834, 60.9824638367, 35.6673202515, 83.0384521484, 187.16619873, 534.521484375, 490.828948975, 1642.74938965, 2039.93945312, 2063.9128418, 4433.58837891, 4434.79736328, 4264.73486328, 1302.3515625, 1034.8651123, 2208.73852539, 1325.37072754, 515.938293457, 283.580322266, 255.45451355, 269.43838501, 358.455749512, 221.070770264, 369.29486084, 105.982589722, 66.6846847534, 153.163543701, 236.612579346, 73.1342163086, 95.5086975098, 92.4446563721, 71.3215408325, 25.556137085, 2.71268963814, 0.489529013634, 0.0273438580334, 0.00050612265477, 1.99946521207e-06, 2.29633267956e-09], "dmean": [0.0444569513202, 0.918992459774, 2.96584033966, 2.79221916199, 5.46023511887, 7.63813781738, 9.71600341797, 11.0983324051, 18.8926525116, 22.3963108063, 18.9044685364, 29.6561374664, 28.479719162, 30.7894363403, 14.7982873917, 13.3593235016, 17.6158256531, 14.0417985916, 8.13389205933, 6.12674093246, 5.95714139938, 6.20432662964, 7.46436214447, 5.95888519287, 7.34408760071, 3.93915581703, 2.77979159355, 3.68186306953, 4.23910284042, 2.86146521568, 2.76648521423, 2.77760672569, 2.08567333221, 1.28295826912, 0.545086145401, 0.254672825336, 0.0674005150795, 0.00928627792746, 0.000603744527325, 2.44268667302e-05], "max": [1.07804369926, 22.3208999634, 89.501335144, 81.8178787231, 136.279205322, 338.128265381, 444.77734375, 428.450317383, 903.279541016, 854.64074707, 844.466430664, 1205.94702148, 1266.76708984, 1281.41918945, 1156.99462891, 764.936035156, 1070.41113281, 1218.08435059, 817.947998047, 421.299560547, 475.357269287, 433.572570801, 587.322998047, 476.259338379, 385.75692749, 236.186187744, 258.278656006, 359.195404053, 411.939422607, 184.663223267, 247.134735107, 186.211013794, 220.912277222, 175.810623169, 49.7826805115, 21.6716880798, 4.16239929199, 0.824485242367, 0.059216581285, 0.00151988910511], "var": [0.015787826851, 5.76598405838, 43.8927078247, 30.5976295471, 148.438552856, 421.666259766, 744.171569824, 1180.04943848, 3596.94482422, 4568.72070312, 3936.43115234, 11444.2607422, 11323.1679688, 10058.7119141, 2839.90844727, 2798.0078125, 5746.13378906, 3533.29931641, 964.287109375, 664.529418945, 856.779174805, 786.633850098, 959.484558105, 645.171447754, 1060.60925293, 162.378250122, 124.53263855, 281.29788208, 421.182800293, 130.112884521, 158.727722168, 148.827835083, 88.3003005981, 32.5265197754, 4.1477599144, 0.769509315491, 0.049001544714, 0.000857013859786, 4.6181999096e-06, 4.80853179496e-09], "mean": [0.0498573072255, 1.03012788296, 3.2812063694, 3.8016242981, 9.43635749817, 14.9496498108, 15.8796510696, 23.7454814911, 36.5778083801, 40.6863479614, 33.7091674805, 54.2676277161, 52.1245536804, 51.8440475464, 27.8096694946, 27.5310268402, 31.550409317, 24.1162147522, 13.1086912155, 10.4907159805, 10.9468736649, 11.0175867081, 13.5511484146, 11.4946603775, 13.5047245026, 6.21380233765, 4.38881921768, 5.28293943405, 5.80405855179, 4.23070955276, 3.76978993416, 3.6425242424, 2.69464159012, 1.64020240307, 0.731037259102, 0.334083586931, 0.0886708274484, 0.0117532657459, 0.000819515844341, 5.49856304133e-05]}, "spectral_strongpeak": {"dmean2": 0.926268219948, "median": 0.658220648766, "min": 0, "dvar2": 1.51263475418, "dvar": 0.659359753132, "dmean": 0.571146726608, "max": 10.3874988556, "var": 1.583101511, "mean": 1.18747293949}, "spectral_energy": {"dmean2": 0.0151520902291, "median": 0.0244386717677, "min": 1.03677872859e-20, "dvar2": 0.00062801851891, "dvar": 0.000247859221417, "dmean": 0.00956168957055, "max": 0.155760064721, "var": 0.000431448570453, "mean": 0.0275851804763}, "average_loudness": 0.874738276005, "spectral_rolloff": {"dmean2": 885.509338379, "median": 818.26171875, "min": 86.1328125, "dvar2": 3730514.5, "dvar": 1870873.125, "dmean": 529.492553711, "max": 19422.9492188, "var": 6479525.5, "mean": 1555.32861328}, "spectral_centroid": {"dmean2": 323.207763672, "median": 821.854125977, "min": 223.089233398, "dvar2": 261360.46875, "dvar": 146229.09375, "dmean": 223.271713257, "max": 11635.1669922, "var": 966973.6875, "mean": 1061.80566406}, "pitch_salience": {"dmean2": 0.112428717315, "median": 0.601700603962, "min": 0.166577622294, "dvar2": 0.0108371479437, "dvar": 0.00439002132043, "dmean": 0.0696372166276, "max": 0.908930659294, "var": 0.0113888848573, "mean": 0.590541422367}, "spectral_energyband_middle_high": {"dmean2": 0.00266999844462, "median": 0.00237194309011, "min": 1.29272183968e-21, "dvar2": 1.84963428183e-05, "dvar": 9.63635557127e-06, "dmean": 0.00188747455832, "max": 0.0468927100301, "var": 4.75788256153e-05, "mean": 0.00521854124963}, "spectral_contrast_coeffs": {"dmean2": [0.0817416384816, 0.0717528909445, 0.0659527480602, 0.0529095642269, 0.0382996462286, 0.0294541101903], "median": [-0.61670935154, -0.698772311211, -0.724975705147, -0.769251465797, -0.802922844887, -0.801551580429], "min": [-0.978459894657, -0.980213403702, -0.9738920331, -0.971502542496, -0.968628406525, -0.964832305908], "dvar2": [0.00474301399663, 0.00367659260519, 0.00314945727587, 0.00188884674571, 0.00107295799535, 0.00072813697625], "dvar": [0.00184084789362, 0.00145211198833, 0.00151230476331, 0.000890696537681, 0.000528594944626, 0.000316860474413], "dmean": [0.0500913150609, 0.0441652201116, 0.042740482837, 0.0343428514898, 0.0251040104777, 0.0186710171402], "max": [-0.267054140568, -0.383092284203, -0.42440456152, -0.485652446747, -0.526881933212, -0.599027633667], "var": [0.00847765058279, 0.00614922912791, 0.00804484076798, 0.00473018595949, 0.00331180240028, 0.00146749569103], "mean": [-0.611506044865, -0.697826802731, -0.71706366539, -0.76348388195, -0.792315900326, -0.799906671047]}, "melbands_skewness": {"dmean2": 1.17523694038, "median": 2.10285186768, "min": -2.2338719368, "dvar2": 2.03019356728, "dvar": 0.901166856289, "dmean": 0.783007383347, "max": 18.2275886536, "var": 3.03662848473, "mean": 2.37142133713}, "spectral_spread": {"dmean2": 1292475.5, "median": 4991925, "min": 1574916.375, "dvar2": 2925167116290.0, "dvar": 1643924946940.0, "dmean": 957472.0625, "max": 43359404, "var": 10226338103300.0, "mean": 5596876}, "dissonance": {"dmean2": 0.0449510104954, "median": 0.44345331192, "min": 0.206697314978, "dvar2": 0.00169531814754, "dvar": 0.000664814375341, "dmean": 0.0274161230773, "max": 0.499999940395, "var": 0.00191709946375, "mean": 0.435061424971}, "spectral_skewness": {"dmean2": 0.413482546806, "median": 1.85667967796, "min": -0.23598600924, "dvar2": 0.17399597168, "dvar": 0.0992270037532, "dmean": 0.294461965561, "max": 4.91013669968, "var": 0.466174721718, "mean": 1.87945103645}, "spectral_flux": {"dmean2": 0.0457068197429, "median": 0.0756822824478, "min": 6.4879150663e-11, "dvar2": 0.00290349661373, "dvar": 0.00127391435672, "dmean": 0.0294650681317, "max": 0.355428189039, "var": 0.00309164635837, "mean": 0.0853288844228}, "spectral_contrast_valleys": {"dmean2": [0.732101678848, 0.561298370361, 0.580244660378, 0.521336019039, 0.429947078228, 0.495346993208], "median": [-7.14702415466, -6.50345563889, -7.50401067734, -8.22535991669, -7.96355628967, -9.9797744751], "min": [-28.1689968109, -27.9145030975, -27.5824947357, -27.6300907135, -27.5144729614, -27.4295101166], "dvar2": [0.435559540987, 0.288372039795, 0.321992993355, 0.277747988701, 0.257106721401, 0.276443898678], "dvar": [0.211108118296, 0.130165576935, 0.15350484848, 0.145811513066, 0.147236555815, 0.17457023263], "dmean": [0.453697413206, 0.350649058819, 0.368779689074, 0.345151513815, 0.306604653597, 0.414570122957], "max": [-5.27859783173, -4.79372262955, -5.20126247406, -6.07828903198, -5.73992395401, -7.34434890747], "var": [4.06099510193, 3.90180802345, 3.61387562752, 3.41042780876, 3.34123945236, 3.01039385796], "mean": [-7.59243679047, -6.82381486893, -7.7723531723, -8.49272537231, -8.20894241333, -10.1736898422]}, "erbbands_flatness_db": {"dmean2": 0.0289549957961, "median": 0.154884815216, "min": 0.0449467264116, "dvar2": 0.000719272356946, "dvar": 0.000424671598012, "dmean": 0.0221439693123, "max": 0.355482399464, "var": 0.00214152550325, "mean": 0.157022207975}, "spectral_energyband_high": {"dmean2": 0.000709942250978, "median": 0.000225439187489, "min": 7.27455911774e-21, "dvar2": 3.23020753967e-06, "dvar": 1.74977617462e-06, "dmean": 0.000507694261614, "max": 0.020990524441, "var": 3.53765767613e-06, "mean": 0.000813285587355}, "spectral_entropy": {"dmean2": 0.298555731773, "median": 7.35004806519, "min": 5.45147371292, "dvar2": 0.0885554477572, "dvar": 0.0556702762842, "dmean": 0.228800818324, "max": 9.81921100616, "var": 0.334003537893, "mean": 7.36051177979}, "silence_rate_20dB": {"dmean2": 0, "median": 1, "min": 1, "dvar2": 0, "dvar": 0, "dmean": 0, "max": 1, "var": 0, "mean": 1}, "melbands_flatness_db": {"dmean2": 0.0387849956751, "median": 0.214538574219, "min": 0.00340735190548, "dvar2": 0.00153930718079, "dvar": 0.000784966978244, "dmean": 0.0275295358151, "max": 0.453800201416, "var": 0.00463768653572, "mean": 0.217226445675}, "barkbands": {"dmean2": [2.08342953556e-05, 0.00563001958653, 0.00460639456287, 0.00165905896574, 0.00351043231785, 0.00190318317618, 0.0024657426402, 0.00119166786317, 0.00193946750369, 0.00144949741662, 0.000857687962707, 0.000559862644877, 0.00059847306693, 0.000420275639044, 0.000203381263418, 0.000174512271769, 0.000171034815139, 0.000206462136703, 0.000210612633964, 0.000142137054354, 0.000120122822409, 0.000160117429914, 0.000133775291033, 0.000191923594684, 0.000132985194796, 6.3575549575e-05, 5.17727085025e-06], "median": [3.69745453099e-06, 0.00148482155055, 0.00134286354296, 0.000738203525543, 0.0026381702628, 0.00139942835085, 0.00129303603899, 0.000385213352274, 0.000631587812677, 0.00025293516228, 0.000197659494006, 0.000226353644393, 0.000131059845444, 0.00010150239541, 5.26869916939e-05, 4.70358354505e-05, 4.08117302868e-05, 5.81096828682e-05, 5.69617332076e-05, 3.80609781132e-05, 3.18029269692e-05, 3.06383080897e-05, 2.86534414045e-05, 3.35797958542e-05, 2.91173200822e-05, 1.44653067764e-05, 1.03769730231e-06], "min": [3.39339882908e-25, 2.65151099159e-24, 9.67934105643e-25, 1.48126847781e-24, 1.1191435556e-23, 1.29905772119e-23, 3.99236035473e-24, 7.18988970491e-24, 1.47279510589e-23, 1.70802490813e-23, 1.96914433642e-23, 2.09143528944e-23, 3.25748751214e-23, 2.76488111106e-23, 3.51688706588e-23, 5.71749912688e-23, 8.26506862231e-23, 8.04917506304e-23, 1.01236186041e-22, 1.29003850091e-22, 2.38921027565e-22, 3.43479226785e-22, 4.26849884268e-22, 5.80724057455e-22, 8.341297072e-22, 1.38908686643e-21, 2.13476878212e-21], "dvar2": [2.60338262059e-09, 0.000234884864767, 0.000130080705276, 8.65464062372e-06, 3.07766749756e-05, 1.1895785974e-05, 2.07562370633e-05, 8.80728475749e-06, 1.58925049618e-05, 1.17641684483e-05, 4.76814511785e-06, 1.66006657309e-06, 2.24609948418e-06, 1.15731984351e-06, 3.31745127369e-07, 2.07785944895e-07, 1.944453345e-07, 2.45012472533e-07, 2.57993491459e-07, 1.35081421604e-07, 1.32775127781e-07, 2.63662144562e-07, 1.85013533383e-07, 4.77586638681e-07, 2.10852675764e-07, 2.59868357944e-08, 1.434508623e-10], "dvar": [9.46640876798e-10, 9.1267269454e-05, 4.57280002593e-05, 3.14520821121e-06, 1.20974773381e-05, 5.20897310707e-06, 9.19475951378e-06, 4.02874775318e-06, 7.6587739386e-06, 5.6145236158e-06, 2.20197216549e-06, 7.78591584094e-07, 1.1058994005e-06, 5.11146765803e-07, 1.49295473761e-07, 9.55036441042e-08, 9.43516695884e-08, 1.12713976819e-07, 1.2895584689e-07, 5.68488331965e-08, 6.48122906455e-08, 1.37162260216e-07, 9.34499198024e-08, 2.19783700572e-07, 1.00342262499e-07, 1.23692203147e-08, 6.71525543505e-11], "dmean": [1.19191427075e-05, 0.00331150903367, 0.00260228756815, 0.000969354703557, 0.00215256377123, 0.00120411603712, 0.00158363650553, 0.000791651604231, 0.00133522390388, 0.000967599218711, 0.000564744113944, 0.00037728069583, 0.000404629332479, 0.000274415215245, 0.000130773114506, 0.000115166280011, 0.000112490408355, 0.000135116351885, 0.000144214936881, 9.07070789253e-05, 7.9905767052e-05, 0.000108909778646, 9.25950880628e-05, 0.000128543601022, 9.21522514545e-05, 4.33984605479e-05, 3.42560110766e-06], "max": [0.000663863029331, 0.0794272050261, 0.0810066834092, 0.0243302322924, 0.0722726136446, 0.0384696722031, 0.0532800294459, 0.0347260423005, 0.0384379439056, 0.0426027365029, 0.0305077452213, 0.0244897454977, 0.0205564238131, 0.0213366635144, 0.0135577702895, 0.0072896592319, 0.00885588489473, 0.0082863336429, 0.0093924542889, 0.00596148939803, 0.00785103160888, 0.0104111786932, 0.00671041151509, 0.0107242111117, 0.0107639655471, 0.00309710018337, 0.000357230484951], "var": [7.45971673322e-10, 7.70245751482e-05, 3.13715063385e-05, 3.76192474505e-06, 2.55724244198e-05, 1.12915950012e-05, 2.15280160774e-05, 7.84556050348e-06, 2.16555072257e-05, 1.36843937071e-05, 3.69721556126e-06, 1.97554459191e-06, 2.67089171757e-06, 1.07881817257e-06, 3.02709906919e-07, 2.40755014147e-07, 2.52535556911e-07, 2.98172182056e-07, 3.96459483909e-07, 8.74053753819e-08, 1.19103525265e-07, 2.59530338553e-07, 1.63581262314e-07, 3.13625633908e-07, 1.4360955447e-07, 2.11323225585e-08, 1.43285716625e-10], "mean": [1.14293352453e-05, 0.00368381803855, 0.00275044119917, 0.00137015199289, 0.0043059871532, 0.00242870510556, 0.00298243993893, 0.00131406192668, 0.00254472810775, 0.0015679692151, 0.000839734158944, 0.000727467588149, 0.000668298220262, 0.000414457725128, 0.00019838042499, 0.00019485176017, 0.00018243122031, 0.00024083822791, 0.000265441980446, 0.000135008071084, 0.000118952797493, 0.000154586668941, 0.000130054933834, 0.000169953127624, 0.000122913625091, 5.77433092985e-05, 4.37428070654e-06]}, "erbbands_skewness": {"dmean2": 0.61730235815, "median": 0.89866733551, "min": -4.02036142349, "dvar2": 0.378372550011, "dvar": 0.195933669806, "dmean": 0.419622272253, "max": 6.76456689835, "var": 0.86330473423, "mean": 0.898490130901}, "erbbands_spread": {"dmean2": 15.0417013168, "median": 28.7120265961, "min": 3.73505592346, "dvar2": 397.410491943, "dvar": 188.972167969, "dmean": 10.2414121628, "max": 181.898361206, "var": 550.488586426, "mean": 35.0982551575}, "melbands_kurtosis": {"dmean2": 12.7364139557, "m