{"tonal": {"thpcp": [1, 0.536821842194, 0.182288780808, 0.159303829074, 0.128008544445, 0.243841797113, 0.306658476591, 0.156503096223, 0.0761211887002, 0.0782504156232, 0.0455362536013, 0.0988709703088, 0.186351403594, 0.151485428214, 0.282911032438, 0.418750286102, 0.210857957602, 0.0596149675548, 0.0845083221793, 0.13480257988, 0.432765066624, 0.611159861088, 0.320413947105, 0.179778710008, 0.235899791121, 0.142155736685, 0.239095881581, 0.423973172903, 0.259945392609, 0.190124481916, 0.277960538864, 0.174845471978, 0.128355279565, 0.153372853994, 0.137408047915, 0.621428847313], "hpcp": {"dmean2": [0.10884386301, 0.105284005404, 0.08886603266, 0.070415250957, 0.061876501888, 0.0710005685687, 0.0728356018662, 0.0750367417932, 0.0559488125145, 0.0650886297226, 0.0598124042153, 0.0374593734741, 0.0534924976528, 0.0847310274839, 0.141543596983, 0.110206566751, 0.146844163537, 0.0642113909125, 0.0600919164717, 0.0786398947239, 0.0673064216971, 0.0712443590164, 0.0718947425485, 0.0351715125144, 0.0218288097531, 0.0201246999204, 0.0313208028674, 0.0405028872192, 0.0512441173196, 0.0559927932918, 0.0692140161991, 0.0523878931999, 0.0255408305675, 0.0362426415086, 0.0641545802355, 0.108213923872], "median": [0.0152793433517, 0.009402429685, 0.000731984793674, 0.000236117193708, 0.00050438567996, 0.00408187089488, 0.00560526829213, 0.00492446031421, 0.00430656969547, 0.00329959671944, 0.00312736257911, 0.000827830692288, 0.000518242188264, 0.00247561372817, 0.0392147228122, 0.0772947147489, 0.0539760552347, 0.000674751936458, 0.000174081593286, 0.000324184715282, 0.00344014493749, 0.0061640269123, 0.00464371033013, 0.000663465121761, 0.000331622024532, 0.000245487317443, 0.0010647905292, 0.00147678004578, 0.00154400907923, 0.00382197019644, 0.00563997402787, 0.00342998234555, 0.000520824221894, 0.00041898956988, 0.00143403664697, 0.00967852398753], "min": [0, 0, 0, 0, 0, 0, 0, 0, 0, 0, 0, 0, 0, 0, 0, 0, 0, 0, 0, 0, 0, 0, 0, 0, 0, 0, 0, 0, 0, 0, 0, 0, 0, 0, 0, 0], "dvar2": [0.0646617785096, 0.0540763922036, 0.0582945905626, 0.04712741822, 0.0326260738075, 0.0308413282037, 0.0372122898698, 0.0301200393587, 0.0216875523329, 0.0340657047927, 0.0275465603918, 0.0175246037543, 0.0289338082075, 0.0485271625221, 0.0629272311926, 0.0595568455756, 0.0720087513328, 0.0335379205644, 0.0362406671047, 0.0607536993921, 0.0338689312339, 0.0388462543488, 0.0389309972525, 0.0136046893895, 0.00860059913248, 0.0096491407603, 0.0149479815736, 0.0195703040808, 0.0258190371096, 0.0219439901412, 0.0332251489162, 0.0206024050713, 0.0082129035145, 0.017662556842, 0.0321394763887, 0.057362165302], "dvar": [0.0287659335881, 0.0203700158745, 0.0207824800164, 0.0184954870492, 0.0114697050303, 0.0119495233521, 0.0180949196219, 0.0121711120009, 0.00864731706679, 0.01444269903, 0.0106037491933, 0.00660656671971, 0.0116231413558, 0.0169009733945, 0.0225639380515, 0.0265609938651, 0.0249912142754, 0.0134856393561, 0.0132938614115, 0.0196101535112, 0.0124017950147, 0.0152326514944, 0.0127186058089, 0.00496506411582, 0.00391606520861, 0.00359247555025, 0.00551552278921, 0.0086269909516, 0.00957338511944, 0.00940047483891, 0.0156348180026, 0.00830826163292, 0.00304885371588, 0.00715021602809, 0.0131667209789, 0.0226630922407], "dmean": [0.0652528256178, 0.0633656829596, 0.0501300953329, 0.0407384485006, 0.0353503525257, 0.0422019325197, 0.0452436506748, 0.0451375693083, 0.0332058258355, 0.038875374943, 0.0349130667746, 0.0211432706565, 0.0309570506215, 0.0472920574248, 0.0831112116575, 0.0670884698629, 0.0863161832094, 0.037085134536, 0.0343817844987, 0.0436918959022, 0.038954153657, 0.0428819395602, 0.0404743775725, 0.0196945481002, 0.0134965414181, 0.0115589732304, 0.0187194328755, 0.0252294111997, 0.0301198251545, 0.035005595535, 0.0427107736468, 0.0316023305058, 0.0145934829488, 0.0204689707607, 0.0393011011183, 0.0642163977027], "max": [1, 1, 1, 1, 1, 1, 1, 1, 1, 1, 1, 1, 1, 1, 1, 1, 1, 1, 1, 1, 1, 1, 1, 1, 1, 1, 1, 1, 1, 1, 1, 1, 1, 1, 1, 1], "var": [0.130245402455, 0.0420072898269, 0.0305783636868, 0.0544781908393, 0.0200502779335, 0.0338772311807, 0.0947037488222, 0.0354960821569, 0.0302850492299, 0.0547931306064, 0.023956829682, 0.0268111359328, 0.0308391656727, 0.0170665066689, 0.0815307721496, 0.180938452482, 0.0579091273248, 0.038152012974, 0.0334218144417, 0.0209746286273, 0.0481924787164, 0.0622628331184, 0.0174855645746, 0.0107432994992, 0.0156309008598, 0.00583363510668, 0.0118871275336, 0.0394494719803, 0.0202882643789, 0.0458233356476, 0.0869922041893, 0.0272788088769, 0.00765814771876, 0.0173107441515, 0.0186995156109, 0.0749901309609], "mean": [0.216702416539, 0.113610990345, 0.0637451559305, 0.083644323051, 0.0504049658775, 0.0847775787115, 0.15033057332, 0.0921703130007, 0.0674135163426, 0.0985580459237, 0.0619959495962, 0.0455116592348, 0.0543822832406, 0.0487215518951, 0.220343545079, 0.354575663805, 0.19034396112, 0.0646351650357, 0.0564852617681, 0.0453887172043, 0.0864603668451, 0.10873363167, 0.0554921887815, 0.0269907210022, 0.027745693922, 0.0161460470408, 0.0350572392344, 0.0660756751895, 0.0537130460143, 0.100313365459, 0.148478657007, 0.0747651010752, 0.0211380161345, 0.0299645941705, 0.0477977134287, 0.153447955847]}, "tuning_equal_tempered_deviation": 0.012688588351, "chords_changes_rate": 0.0571428574622, "key_key": "G", "tuning_diatonic_strength": 0.507157683372, "key_scale": "major", "chords_number_rate": 0.0040816324763, "tuning_frequency": 445.884552002, "tuning_nontempered_energy_ratio": 0.615112423897, "chords_histogram": [18.2312927246, 11.2698411942, 11.7006807327, 1.51927435398, 4.17233562469, 0.362811803818, 2.24489784241, 2.10884356499, 1.08843541145, 0.340136051178, 2.53968262672, 0.0453514754772, 0, 0.521541953087, 0.113378681242, 2.15419507027, 1.45124721527, 5.44217681885, 2.44897961617, 9.61451244354, 2.56235837936, 11.8594102859, 4.46712017059, 3.74149656296], "key_strength": 0.746874570847, "chords_key": "G", "chords_strength": {"dmean2": 0.00642933137715, "median": 0.436796367168, "min": -1, "dvar2": 0.00203567650169, "dvar": 0.001001154189, "dmean": 0.00844088941813, "max": 0.730488836765, "var": 0.0316112563014, "mean": 0.423027068377}, "chords_scale": "major", "hpcp_entropy": {"dmean2": 0.573507964611, "median": 1.33895599842, "min": 0, "dvar2": 0.371159940958, "dvar": 0.14889228344, "dmean": 0.3355422616, "max": 3.39626646042, "var": 0.431391954422, "mean": 1.31914031506}}, "metadata": {"audio_properties": {"equal_loudness": 0, "codec": "mp3", "downmix": "mix", "sample_rate": 44100, "analysis_sample_rate": 44100, "bit_rate": 192000, "md5_encoded": "af526fa9e499abd8817eba136f8f5721", "length": 204.747756958, "replay_gain": 6.40038108826, "lossless": false}, "version": {"essentia_build_sha": "70f2e5ece6736b2c40cc944ad0e695b16b925413", "essentia": "2.1-beta2", "extractor": "music 1.0", "essentia_git_sha": "v2.1_beta2"}, "tags": {"title": ["I've Grown Accustomed to Her Face"], "artist": ["Shelly Manne"], "tracknumber": ["3"], "albumartist": ["Shelly Manne"], "date": ["1956"], "genre": ["Jazz"], "album": ["Shelly Manne &amp; His Friends, Vol. 1"], "label": ["JVC"], "musicbrainz_recordingid": ["1defc760-615d-4f70-82a3-b9fa1d51175e"], "file_name": "242696.mp3"}}, "rhythm": {"bpm_histogram_first_peak_bpm": {"dmean2": 0, "median": 115, "min": 115, "dvar2": 0, "dvar": 0, "dmean": 0, "max": 115, "var": 0, "mean": 115}, "bpm": 114.107330322, "bpm_histogram_second_peak_spread": {"dmean2": 0, "median": 0.328125, "min": 0.328125, "dvar2": 0, "dvar": 0, "dmean": 0, "max": 0.328125, "var": 0, "mean": 0.328125}, "bpm_histogram_first_peak_weight": {"dmean2": 0, "median": 0.329842925072, "min": 0.329842925072, "dvar2": 0, "dvar": 0, "dmean": 0, "max": 0.329842925072, "var": 0, "mean": 0.329842925072}, "onset_rate": 1.95345723629, "beats_position": [0.49922901392, 1.01006805897, 1.53251695633, 2.0549659729, 2.56580495834, 3.07664394379, 3.59909296036, 4.13315200806, 4.65560102463, 5.17804956436, 5.70049858093, 6.2229475975, 6.73378658295, 7.25623559952, 7.76707458496, 8.28952407837, 8.80036258698, 9.31120204926, 9.82204055786, 10.3096599579, 10.7972784042, 11.2848978043, 11.7725172043, 12.3065757751, 12.840634346, 13.3630838394, 13.9203624725, 14.4892511368, 15.0465307236, 15.6154193878, 16.2075271606, 16.7880268097, 17.3685264587, 17.9258041382, 18.483083725, 19.0287532806, 19.5976409912, 20.1665306091, 20.7354183197, 21.2810878754, 21.8383674622, 22.3840351105, 22.9297046661, 23.4521541595, 23.974603653, 24.5086612701, 25.0427207947, 25.5883903503, 26.1224479675, 26.6332874298, 27.1905670166, 27.747844696, 28.2935142517, 28.8391838074, 29.3848514557, 29.9421310425, 30.476190567, 31.0218582153, 31.567527771, 32.0899772644, 32.6240348816, 33.1580963135, 33.6921539307, 34.2378234863, 34.7602729797, 35.2711105347, 35.7819480896, 36.304397583, 36.8268470764, 37.3492965698, 37.8717460632, 38.3941955566, 38.8934249878, 39.4042625427, 39.9151000977, 40.4375495911, 40.9599990845, 41.4708366394, 41.981678009, 42.5041275024, 43.0265769958, 43.5490226746, 44.071472168, 44.5939216614, 45.1163711548, 45.6388206482, 46.1612701416, 46.683719635, 47.2061653137, 47.7170066833, 48.2278442383, 48.7386856079, 49.2727432251, 49.78358078, 50.2944221497, 50.8052597046, 51.327709198, 51.8501586914, 52.3958282471, 52.941493988, 53.4755554199, 54.0212249756, 54.5668907166, 55.1009521484, 55.6350097656, 56.1690673828, 56.6915168762, 57.2139663696, 57.7480278015, 58.2704734802, 58.8045349121, 59.3269844055, 59.8378219604, 60.3370513916, 60.859500885, 61.3819503784, 61.9043960571, 62.438457489, 62.9957351685, 63.5297966003, 64.0406341553, 64.563079834, 65.0855331421, 65.5963668823, 66.107208252, 66.6064376831, 67.1172790527, 67.6165084839, 68.1041259766, 68.5917434692, 69.1025848389, 69.60181427, 70.1126480103, 70.6351013184, 71.1575469971, 71.6800003052, 72.1908340454, 72.701675415, 73.2125167847, 73.7349624634, 74.2574157715, 74.7798614502, 75.3023147583, 75.8131484985, 76.3123779297, 76.8232192993, 77.3340606689, 77.8565063477, 78.3673477173, 78.8781814575, 79.4006347656, 79.8998641968, 80.4223098755, 80.9447631836, 81.4788208008, 82.0012664795, 82.5004959106, 83.0113372803, 83.533782959, 84.0562362671, 84.5670700073, 85.1011352539, 85.6351928711, 86.1692504883, 86.7033081055, 87.2257614136, 87.7714233398, 88.3054885864, 88.8163223267, 89.3503875732, 89.8844451904, 90.4301147461, 90.9641723633, 91.4634017944, 91.9974594116, 92.5083007812, 93.03074646, 93.5764160156, 94.1220855713, 94.667755127, 95.2018127441, 95.7358703613, 96.2699279785, 96.8272094727, 97.3844909668, 97.9417648315, 98.4990463257, 99.0563278198, 99.6019973755, 100.147659302, 100.693328857, 101.250610352, 101.807891846, 102.330337524, 102.864395142, 103.410064697, 103.955734253, 104.48979187, 105.035461426, 105.557914734, 106.080360413, 106.61441803, 107.160087585, 107.705757141, 108.251426697, 108.773872375, 109.296325684, 109.807167053, 110.318000793, 110.840454102, 111.351287842, 111.87374115, 112.396186829, 112.918640137, 113.441085815, 113.963539124, 114.485984802, 115.008430481, 115.530883789, 116.064941406, 116.598999023, 117.133056641, 117.678726196, 118.224395752, 118.758453369, 119.269294739, 119.780136108, 120.302581787, 120.836639404, 121.359092712, 121.881538391, 122.403991699, 122.926437378, 123.448883057, 123.982948303, 124.505393982, 125.016235352, 125.53868103, 126.061134338, 126.583580017, 127.106025696, 127.628479004, 128.150924683, 128.6849823, 129.207427979, 129.741500854, 130.275558472, 130.809616089, 131.343673706, 131.866119385, 132.376953125, 132.899414062, 133.421859741, 133.955917358, 134.489974976, 135.035644531, 135.546478271, 136.068939209, 136.591384888, 137.102218628, 137.613052368, 138.123901367, 138.646347046, 139.157180786, 139.668029785, 140.178863525, 140.689697266, 141.223754883, 141.74621582, 142.268661499, 142.802719116, 143.325164795, 143.859222412, 144.381668091, 144.904129028, 145.426574707, 145.960632324, 146.494689941, 147.028747559, 147.562805176, 148.096862793, 148.61932373, 149.141769409, 149.675827026, 150.186660767, 150.709106445, 151.243179321, 151.777236938, 152.299682617, 152.833740234, 153.344573975, 153.867019653, 154.389480591, 154.91192627, 155.434371948, 155.956817627, 156.479278564, 157.001724243, 157.524169922, 158.046615601, 158.592285156, 159.137954712, 159.683624268, 160.229293823, 160.751739502, 161.274185181, 161.796646118, 162.307479858, 162.829925537, 163.352371216, 163.886444092, 164.408889771, 164.919723511, 165.442169189, 165.976226807, 166.510284424, 167.0443573, 167.590026855, 168.135681152, 168.669754028, 169.192199707, 169.726257324, 170.248703003, 170.78276062, 171.340042114, 171.897323608, 172.431381226, 172.965438843, 173.487884521, 174.021942139, 174.567611694, 175.11328125, 175.635726929, 176.146575928, 176.680633545, 177.226303101, 177.748748779, 178.306030273, 178.874923706, 179.44380188, 180.001083374, 180.569976807, 181.138870239, 181.719360352, 182.311477661, 182.938415527, 183.553741455, 184.180679321, 184.749572754, 185.318450928, 185.898956299, 186.479446411, 187.059951782, 187.594009399, 188.128067017, 188.673736572, 189.219406128, 189.776687622, 190.426849365, 191.07699585, 191.738769531, 192.388931274, 193.039093018, 193.666030884, 194.304580688, 194.931518555, 195.570068359, 196.208618164, 196.83555603, 197.462493896, 197.95010376, 198.437728882, 198.925354004, 199.412963867, 199.900588989, 200.376602173, 200.887435913, 201.398269653, 201.920715332, 202.431564331, 202.95401001, 203.476455688, 203.987304688], "beats_loudness": {"dmean2": 0.0628705397248, "median": 0.0272152405232, "min": 0, "dvar2": 0.00490174628794, "dvar": 0.00222533452325, "dmean": 0.0378624051809, "max": 0.520198702812, "var": 0.00483886012807, "mean": 0.0503865145147}, "danceability": 1.04612410069, "bpm_histogram_second_peak_weight": {"dmean2": 0, "median": 0.11256544292, "min": 0.11256544292, "dvar2": 0, "dvar": 0, "dmean": 0, "max": 0.11256544292, "var": 0, "mean": 0.11256544292}, "beats_count": 383, "bpm_histogram_second_peak_bpm": {"dmean2": 0, "median": 110, "min": 110, "dvar2": 0, "dvar": 0, "dmean": 0, "max": 110, "var": 0, "mean": 110}, "bpm_histogram_first_peak_spread": {"dmean2": 0, "median": 0.520912528038, "min": 0.520912528038, "dvar2": 0, "dvar": 0, "dmean": 0, "max": 0.520912528038, "var": 0, "mean": 0.520912528038}, "beats_loudness_band_ratio": {"dmean2": [0.379611313343, 0.203229948878, 0.377801001072, 0.0603073351085, 0.00515386788175, 0.00447145290673], "median": [0.481047779322, 0.0487597286701, 0.240627855062, 0.00577340181917, 0.000859289139044, 0.000528830976691], "min": [0, 0, 0, 0, 0, 0], "dvar2": [0.130815505981, 0.0678160488605, 0.131067886949, 0.0212942361832, 0.000305859721266, 0.000115170594654], "dvar": [0.0530565418303, 0.0257349442691, 0.0529986172915, 0.00801129732281, 0.000103073194623, 4.46136800747e-05], "dmean": [0.217189744115, 0.115829207003, 0.214199304581, 0.0336910448968, 0.00284975883551, 0.0025087739341], "max": [0.998358130455, 0.882085680962, 0.991360068321, 0.640246033669, 0.132097646594, 0.0732067897916], "var": [0.133507788181, 0.0328995883465, 0.110453121364, 0.00747430231422, 6.2688581238e-05, 3.89110064134e-05], "mean": [0.500072956085, 0.130976781249, 0.3590297997, 0.029519110918, 0.00264594424516, 0.00238325935788]}}, "lowlevel": {"barkbands_spread": {"dmean2": 1.64164662361, "median": 3.9150519371, "min": 0.106361694634, "dvar2": 14.4291162491, "dvar": 6.14153194427, "dmean": 1.03819024563, "max": 109.940132141, "var": 39.1616973877, "mean": 5.43121194839}, "melbands_spread": {"dmean2": 2.29517555237, "median": 4.65537405014, "min": 0.155441507697, "dvar2": 35.9328765869, "dvar": 14.5348424911, "dmean": 1.40395188332, "max": 160.135971069, "var": 371.187896729, "mean": 8.496966362}, "hfc": {"dmean2": 2.05034160614, "median": 3.04461789131, "min": 1.02316272838e-16, "dvar2": 32.4888267517, "dvar": 17.8231811523, "dmean": 1.5985108614, "max": 140.859802246, "var": 123.413528442, "mean": 6.8460392952}, "barkbands_kurtosis": {"dmean2": 12.7717809677, "median": 9.96588802338, "min": -1.73917520046, "dvar2": 1002.50933838, "dvar": 413.880004883, "dmean": 7.90407323837, "max": 940.685424805, "var": 1725.69885254, "mean": 23.5976295471}, "gfcc": {"mean": [-166.143569946, 129.426116943, -38.1450004578, 5.64473199844, -61.0829162598, 7.97984981537, -28.7804698944, 14.468837738, -12.0537185669, 14.1475276947, -12.8024692535, -1.19617319107, -16.4881000519], "icov": [[0.000383544742363, -0.00132495374419, 0.000812944897916, -0.00118236278649, 0.0010782884201, -0.00107985769864, 0.000899580831174, -0.000677798059769, 0.000278074439848, -0.000403409736464, 0.000514029175974, -0.0004415360454, 0.000741473748349], [-0.00132495374419, 0.00572077743709, -0.00347728491761, 0.00494455453008, -0.00327903730795, 0.00262708775699, -0.00121723802295, 0.0016533100279, -0.00126036419533, 0.00272026378661, -0.00394806079566, 0.00329978927039, -0.00312751810998], [0.000812944897916, -0.00347728491761, 0.00544785987586, -0.0063509484753, 0.00338447839022, -0.000317581230775, -0.00468926038593, 0.00698765786365, -0.00398748461157, -0.000932868104428, 0.00572431273758, -0.00523130549118, 0.00447996566072], [-0.00118236278649, 0.00494455453008, -0.0063509484753, 0.00972638465464, -0.00616663135588, 0.00146870338358, 0.00400646217167, -0.00931669957936, 0.00727424770594, 0.000570699921809, -0.00701402872801, 0.00600555539131, -0.00473588658497], [0.0010782884201, -0.00327903730795, 0.00338447839022, -0.00616663135588, 0.012535944581, -0.00685639400035, -0.00161054707132, 0.00802853889763, -0.00948693137616, 0.00628824997693, -0.000519627472386, -0.00217277859338, 0.00216278876178], [-0.00107985769864, 0.00262708775699, -0.000317581230775, 0.00146870338358, -0.00685639400035, 0.0166798233986, -0.0117363696918, 0.00474426522851, 0.00444698473439, -0.00809139944613, 0.00603806739673, -0.00180733995512, -0.0011136069661], [0.000899580831174, -0.00121723802295, -0.00468926038593, 0.00400646217167, -0.00161054707132, -0.0117363696918, 0.0288690794259, -0.0251696053892, 0.00943110790104, 0.00419801333919, -0.013618035242, 0.0121513362974, -0.00454205553979], [-0.000677798059769, 0.0016533100279, 0.00698765786365, -0.00931669957936, 0.00802853889763, 0.00474426522851, -0.0251696053892, 0.0413908474147, -0.0255807545036, 0.00276828580536, 0.0162855703384, -0.0171565450728, 0.00966642890126], [0.000278074439848, -0.00126036419533, -0.00398748461157, 0.00727424770594, -0.00948693137616, 0.00444698473439, 0.00943110790104, -0.0255807545036, 0.0338962934911, -0.0160869713873, -0.00826285965741, 0.0158960036933, -0.010255895555], [-0.000403409736464, 0.00272026378661, -0.000932868104428, 0.000570699921809, 0.00628824997693, -0.00809139944613, 0.00419801333919, 0.00276828580536, -0.0160869713873, 0.0262402053922, -0.0103136701509, -0.00209101731889, 0.00503092212602], [0.000514029175974, -0.00394806079566, 0.00572431273758, -0.00701402872801, -0.000519627472386, 0.00603806739673, -0.013618035242, 0.0162855703384, -0.00826285965741, -0.0103136701509, 0.029156146571, -0.0201225616038, 0.00742198387161], [-0.0004415360454, 0.00329978927039, -0.00523130549118, 0.00600555539131, -0.00217277859338, -0.00180733995512, 0.0121513362974, -0.0171565450728, 0.0158960036933, -0.00209101731889, -0.0201225616038, 0.0290473569185, -0.0170949734747], [0.000741473748349, -0.00312751810998, 0.00447996566072, -0.00473588658497, 0.00216278876178, -0.0011136069661, -0.00454205553979, 0.00966642890126, -0.010255895555, 0.00503092212602, 0.00742198387161, -0.0170949734747, 0.0245784297585]], "cov": [[24894.1171875, 3548.20214844, -1585.65722656, -240.547973633, -1333.04345703, 123.910194397, -709.649780273, 301.063995361, -101.895370483, 342.407653809, -129.866607666, -65.2514266968, -302.234436035], [3548.20214844, 1513.46386719, -101.72542572, -472.074066162, -10.1722488403, -83.5109558105, -148.280227661, -177.799606323, 81.7657470703, -20.4481678009, 39.887386322, -101.138587952, 8.67286014557], [-1585.65722656, -101.72542572, 1252.50878906, 729.130004883, 213.378158569, 90.6584243774, 191.687088013, -46.1979560852, -91.1455612183, -86.6943206787, -8.08138847351, -7.26824569702, -36.8922271729], [-240.547973633, -472.074066162, 729.130004883, 943.55670166, 126.740386963, 136.471862793, 155.422332764, 110.438056946, -128.621887207, -39.8644218445, 6.79282951355, 58.812789917, -30.241651535], [-1333.04345703, -10.1722488403, 213.378158569, 126.740386963, 322.982513428, 69.716293335, 80.4773406982, -66.9249572754, 18.4205989838, -56.2028579712, 43.2207489014, -14.2011594772, 36.6408843994], [123.910194397, -83.5109558105, 90.6584243774, 136.471862793, 69.716293335, 168.210678101, 88.436050415, 29.621635437, -28.1071968079, 9.16629219055, -10.3714895248, -1.20166182518, -9.72190952301], [-709.649780273, -148.280227661, 191.687088013, 155.422332764, 80.4773406982, 88.436050415, 175.190032959, 80.6473236084, 13.0127668381, -11.7072935104, 1.12627470493, -19.1792430878, -10.7225923538], [301.063995361, -177.799606323, -46.1979560852, 110.438056946, -66.9249572754, 29.621635437, 80.6473236084, 173.127487183, 52.9826927185, 42.1720504761, -21.7417755127, 2.58323502541, -26.1227264404], [-101.895370483, 81.7657470703, -91.1455612183, -128.621887207, 18.4205989838, -28.1071968079, 13.0127668381, 52.9826927185, 150.135528564, 67.4628601074, 24.5883808136, -34.7170410156, 1.24785506725], [342.407653809, -20.4481678009, -86.6943206787, -39.8644218445, -56.2028579712, 9.16629219055, -11.7072935104, 42.1720504761, 67.4628601074, 122.326347351, 49.7545127869, 25.3301677704, -12.4943208694], [-129.866607666, 39.887386322, -8.08138847351, 6.79282951355, 43.2207489014, -10.3714895248, 1.12627470493, -21.7417755127, 24.5883808136, 49.7545127869, 133.544448853, 81.9921112061, 33.0380134583], [-65.2514266968, -101.138587952, -7.26824569702, 58.812789917, -14.2011594772, -1.20166182518, -19.1792430878, 2.58323502541, -34.7170410156, 25.3301677704, 81.9921112061, 153.037750244, 60.4024581909], [-302.234436035, 8.67286014557, -36.8922271729, -30.241651535, 36.6408843994, -9.72190952301, -10.7225923538, -26.1227264404, 1.24785506725, -12.4943208694, 33.0380134583, 60.4024581909, 91.5454330444]]}, "spectral_energyband_middle_low": {"dmean2": 0.00488034496084, "median": 0.00439870124683, "min": 1.53679242502e-22, "dvar2": 0.00032150343759, "dvar": 0.000186523757293, "dmean": 0.00380583712831, "max": 0.493919938803, "var": 0.000799018365797, "mean": 0.0134464353323}, "melbands_crest": {"dmean2": 3.07210612297, "median": 17.6389942169, "min": 1.53192710876, "dvar2": 12.4293575287, "dvar": 5.27335453033, "dmean": 1.91149187088, "max": 34.8124008179, "var": 41.8001213074, "mean": 18.0345439911}, "spectral_kurtosis": {"dmean2": 6.75645399094, "median": 16.0482311249, "min": -1.28922867775, "dvar2": 76.5671157837, "dvar": 31.4300823212, "dmean": 4.13906335831, "max": 121.93359375, "var": 274.272705078, "mean": 20.0004005432}, "spectral_rms": {"dmean2": 0.000660972378682, "median": 0.00341900810599, "min": 3.07132617949e-12, "dvar2": 1.40354279665e-06, "dvar": 8.1466021129e-07, "dmean": 0.000495939340908, "max": 0.0235586483032, "var": 7.75131775299e-06, "mean": 0.00401617772877}, "zerocrossingrate": {"dmean2": 0.00461759977043, "median": 0.02001953125, "min": 0.0029296875, "dvar2": 0.000193427622435, "dvar": 9.52394984779e-05, "dmean": 0.00332112098113, "max": 0.52783203125, "var": 0.00519361300394, "mean": 0.0322663150728}, "silence_rate_60dB": {"dmean2": 0.0639673322439, "median": 0, "min": 0, "dvar2": 0.0675859153271, "dvar": 0.0309581235051, "dmean": 0.0319800414145, "max": 1, "var": 0.166215375066, "mean": 0.210568085313}, "erbbands_kurtosis": {"dmean2": 6.82373714447, "median": 8.62424564362, "min": -1.81641685963, "dvar2": 207.71131897, "dvar": 102.276008606, "dmean": 4.61682462692, "max": 295.326049805, "var": 751.919250488, "mean": 17.0277042389}, "erbbands": {"dmean2": [0.0514704585075, 0.663996636868, 2.34337210655, 5.57992887497, 2.22979569435, 2.02626085281, 5.03511095047, 7.65965604782, 19.5621509552, 21.4614906311, 21.5316257477, 6.83992958069, 4.12314891815, 2.34895157814, 2.00757336617, 0.672568142414, 0.493555605412, 1.26717793941, 0.629159450531, 0.664357066154, 0.212834358215, 0.186092868447, 0.120709232986, 0.101974137127, 0.159319832921, 0.0507700480521, 0.0448842905462, 0.042739611119, 0.0324785485864, 0.0452491529286, 0.0282290689647, 0.0221348293126, 0.0176573358476, 0.013133065775, 0.00845570769161, 0.00388380652294, 0.00199938146397, 0.000457678543171, 1.2433689335e-05, 8.88648082764e-06], "median": [0.0366990827024, 0.417035698891, 0.909715056419, 1.05005812645, 0.611477017403, 0.703037977219, 1.53607082367, 2.41598057747, 4.23088312149, 5.67313289642, 4.34656000137, 1.28190970421, 0.792137980461, 0.465500205755, 0.319559961557, 0.212684139609, 0.145612329245, 0.138350024819, 0.0913628712296, 0.0710027962923, 0.0398854650557, 0.0290168914944, 0.0522916913033, 0.0313723124564, 0.0383406542242, 0.0221910364926, 0.0258677266538, 0.0174042824656, 0.0147634800524, 0.0156614612788, 0.0127334780991, 0.0111112855375, 0.00885838083923, 0.00671814056113, 0.00504098366946, 0.00319159752689, 0.00194682891015, 0.000501418719068, 1.99677542696e-05, 1.38627092383e-05], "min": [4.86869583692e-23, 4.50090458599e-22, 1.69728818305e-21, 3.04405232112e-21, 8.5188043567e-21, 1.56826141686e-20, 4.56330987021e-20, 5.05360728425e-20, 6.69593852444e-20, 1.21686488214e-19, 2.14742962958e-19, 3.02580781066e-19, 3.08077525484e-19, 6.48520870577e-19, 8.42035845776e-19, 7.85945038632e-19, 1.63489218522e-18, 1.76746576616e-18, 2.53913718294e-18, 2.49024977476e-18, 3.13780646294e-18, 3.95241579134e-18, 4.3542353175e-18, 5.91476530982e-18, 4.53535313006e-18, 6.7812101181e-18, 8.48798067963e-18, 9.98452990594e-18, 9.4771927393e-18, 9.53733207855e-18, 1.00674100946e-17, 1.03552590216e-17, 9.83865081465e-18, 8.10691594222e-18, 5.85820145876e-18, 4.40157031446e-18, 2.12799347012e-18, 9.07205270336e-19, 2.36654693041e-19, 2.61571505666e-20], "dvar2": [0.013664749451, 2.10772609711, 65.1524581909, 1432.37805176, 211.313766479, 79.3427124023, 796.984130859, 910.099243164, 11700.1552734, 7554.86132812, 9851.87207031, 874.129089355, 1017.8793335, 217.880950928, 198.138641357, 7.1516046524, 5.54842615128, 56.4010353088, 13.6401786804, 26.0318946838, 1.71491909027, 2.1185438633, 0.594237446785, 2.39319205284, 10.7642269135, 0.516166448593, 0.00922099035233, 0.0134671768174, 0.00754091795534, 0.0378343574703, 0.00568009540439, 0.00430055847391, 0.00256406050175, 0.00161815108731, 0.000461712712422, 9.65740036918e-05, 1.72624768311e-05, 7.96717870344e-07, 5.31948318727e-10, 6.9596323149e-10], "dvar": [0.00567304063588, 0.967851042747, 30.9490242004, 816.211853027, 132.795822144, 29.9816856384, 241.59777832, 365.416473389, 5747.59472656, 5045.75, 5181.36572266, 348.297241211, 418.763031006, 123.014640808, 145.336105347, 6.05701065063, 2.76440572739, 36.4343757629, 7.20096683502, 8.31558799744, 0.593664944172, 1.17896616459, 0.289284020662, 1.03897035122, 4.96042823792, 0.242039516568, 0.00407047290355, 0.00519360182807, 0.00307717733085, 0.0145303942263, 0.00263912905939, 0.00185210863128, 0.00110095378477, 0.00067105947528, 0.000210912694456, 4.76377354062e-05, 8.94074582902e-06, 3.92061338061e-07, 2.69766181615e-10, 3.76528752621e-10], "dmean": [0.0331829674542, 0.437766760588, 1.64343118668, 4.38553953171, 1.78538489342, 1.24206662178, 3.13652634621, 4.76009893417, 13.616645813, 16.7436408997, 16.7327575684, 4.55257081985, 2.649538517, 1.7267717123, 1.69229626656, 0.557858109474, 0.377254962921, 0.970608234406, 0.453387141228, 0.406806975603, 0.131823256612, 0.145041063428, 0.0807543322444, 0.0683265402913, 0.104893229902, 0.0335795581341, 0.0283716004342, 0.0257414728403, 0.0197606980801, 0.0281295459718, 0.0180902164429, 0.0139122242108, 0.011105844751, 0.00836429093033, 0.00547060044482, 0.00260013062507, 0.00131650688127, 0.000296798301861, 8.34733327792e-06, 6.70673352943e-06], "max": [1.73250079155, 20.9983196259, 256.243011475, 1107.34375, 490.086669922, 305.124298096, 619.308898926, 1131.88952637, 3631.03833008, 2655.9152832, 2525.2199707, 511.495452881, 1241.48181152, 782.275512695, 852.379333496, 154.472900391, 79.6944122314, 487.20501709, 135.01411438, 111.399230957, 25.9362201691, 52.135055542, 41.8344345093, 79.0289840698, 199.284957886, 43.0609054565, 2.36184430122, 2.40928673744, 1.49863016605, 5.16716003418, 1.77244770527, 1.05648827553, 1.01491165161, 1.08589351177, 0.363679379225, 0.206504523754, 0.112678006291, 0.0208737198263, 0.000545934191905, 0.000618701509666], "var": [0.0395499281585, 7.02179336548, 136.758468628, 2250.69189453, 431.585845947, 101.338119507, 609.91027832, 1719.54736328, 37143.1796875, 28724.9179688, 41529.1367188, 1233.9876709, 1589.51086426, 828.170227051, 1199.11413574, 40.9260368347, 19.8399028778, 430.356842041, 36.5146827698, 17.7996482849, 1.40117502213, 2.45896434784, 0.460055470467, 1.08338272572, 5.72554826736, 0.294157266617, 0.0145195936784, 0.0128748640418, 0.00873454008251, 0.019341988489, 0.00728728994727, 0.00435830000788, 0.00293228914961, 0.00188338058069, 0.00072642788291, 0.000164875513292, 2.86671638605e-05, 9.40755967349e-07, 8.19665335605e-10, 1.65001667884e-09], "mean": [0.125773757696, 1.58210945129, 4.71369886398, 9.86577320099, 4.05942344666, 3.09621858597, 7.95016002655, 14.5639028549, 53.8322715759, 56.5128631592, 65.8726654053, 13.1469240189, 6.99429416656, 6.79125595093, 7.1698384285, 1.88660752773, 1.37047469616, 3.37842488289, 1.52445530891, 1.04144454002, 0.302228957415, 0.28533244133, 0.177036419511, 0.124037005007, 0.172253519297, 0.0695102885365, 0.0808231532574, 0.0696748867631, 0.0582526139915, 0.0674567893147, 0.0499929487705, 0.0398681759834, 0.0337658710778, 0.0268004555255, 0.0180979557335, 0.0089126098901, 0.00392437074333, 0.000772996107116, 2.86947033601e-05, 2.75017755484e-05]}, "spectral_strongpeak": {"dmean2": 0.370297908783, "median": 0.528206706047, "min": 0, "dvar2": 0.46931836009, "dvar": 0.225250259042, "dmean": 0.246041119099, "max": 9.18433475494, "var": 1.52843391895, "mean": 1.02753269672}, "spectral_energy": {"dmean2": 0.00806927680969, "median": 0.0119818570092, "min": 9.66887055928e-21, "dvar2": 0.000583867484238, "dvar": 0.000315262092045, "dmean": 0.0060710767284, "max": 0.568885207176, "var": 0.00136392586865, "mean": 0.0244780313224}, "average_loudness": 0.310845941305, "spectral_rolloff": {"dmean2": 107.981742859, "median": 452.197265625, "min": 64.599609375, "dvar2": 330349.59375, "dvar": 152133.5, "dmean": 61.0801353455, "max": 19552.1484375, "var": 7421289, "mean": 847.951904297}, "spectral_centroid": {"dmean2": 70.109703064, "median": 431.633911133, "min": 114.417495728, "dvar2": 71977.7265625, "dvar": 35476.8320312, "dmean": 44.6314125061, "max": 11907.4199219, "var": 2440772, "mean": 677.336608887}, "pitch_salience": {"dmean2": 0.0710837766528, "median": 0.412211298943, "min": 0.0333903394639, "dvar2": 0.00664318306372, "dvar": 0.00272809294984, "dmean": 0.0443169511855, "max": 0.932390570641, "var": 0.0217821095139, "mean": 0.41683447361}, "spectral_energyband_middle_high": {"dmean2": 0.000163731194334, "median": 6.99034426361e-05, "min": 1.02242007677e-21, "dvar2": 8.11027746295e-07, "dvar": 4.18808212999e-07, "dmean": 0.000126820756122, "max": 0.0301633253694, "var": 2.59063244812e-06, "mean": 0.000541956454981}, "spectral_contrast_coeffs": {"dmean2": [0.0614997409284, 0.0549419000745, 0.0452282130718, 0.0381391532719, 0.0249676294625, 0.0147869056091], "median": [-0.67618560791, -0.659809827805, -0.747799873352, -0.782028317451, -0.84383803606, -0.851188540459], "min": [-0.981061398983, -0.978340566158, -0.978902518749, -0.973945140839, -0.970417976379, -0.965271353722], "dvar2": [0.00279360427521, 0.00249696639366, 0.00172798137646, 0.00119066750631, 0.000423647026764, 0.000134021262056], "dvar": [0.00107161863707, 0.00101510842796, 0.000694510352332, 0.000484332995256, 0.00017433638277, 4.94088781124e-05], "dmean": [0.0371797457337, 0.0336753427982, 0.0278838351369, 0.0233535580337, 0.0150953168049, 0.00868742819875], "max": [-0.181069120765, -0.284121096134, -0.434351831675, -0.51965290308, -0.627041101456, -0.768114089966], "var": [0.00918356515467, 0.0115781575441, 0.00774460704997, 0.00551490113139, 0.00180025596637, 0.000647417618893], "mean": [-0.672742366791, -0.656560897827, -0.737817049026, -0.776457190514, -0.841148972511, -0.849711835384]}, "melbands_skewness": {"dmean2": 0.79850679636, "median": 1.344399333, "min": -4.22226810455, "dvar2": 1.24291503429, "dvar": 0.553554534912, "dmean": 0.508730530739, "max": 18.2852783203, "var": 6.44483995438, "mean": 1.85263168812}, "spectral_spread": {"dmean2": 715891.0625, "median": 3605421, "min": 945832.8125, "dvar2": 1603920855040.0, "dvar": 767010013184, "dmean": 440408.53125, "max": 49866412, "var": 32773158993900.0, "mean": 4893623.5}, "dissonance": {"dmean2": 0.0731948018074, "median": 0.36456155777, "min": 0.118260838091, "dvar2": 0.00500323111191, "dvar": 0.00180143967737, "dmean": 0.0424109101295, "max": 0.499915778637, "var": 0.00577474478632, "mean": 0.361558824778}, "spectral_skewness": {"dmean2": 0.519879162312, "median": 3.55344557762, "min": -0.0934429094195, "dvar2": 0.317550003529, "dvar": 0.13931414485, "dmean": 0.324437260628, "max": 9.67385578156, "var": 2.33486127853, "mean": 3.58658003807}, "spectral_flux": {"dmean2": 0.0241054482758, "median": 0.0210264977068, "min": 6.38433264588e-11, "dvar2": 0.00243357359432, "dvar": 0.000952626869548, "dmean": 0.0148926507682, "max": 0.635118544102, "var": 0.00141383369919, "mean": 0.0328911803663}, "spectral_contrast_valleys": {"dmean2": [0.562782824039, 0.490561902523, 0.47634935379, 0.481872618198, 0.297071188688, 0.180657550693], "median": [-7.66007566452, -7.66868305206, -9.36934661865, -10.48387146, -10.1684961319, -11.8720836639], "min": [-28.8130722046, -28.2033538818, -27.8122730255, -27.7414531708, -27.6357460022, -27.4525547028], "dvar2": [0.271953731775, 0.259097129107, 0.230537891388, 0.281515210867, 0.138505682349, 0.103036299348], "dvar": [0.134284704924, 0.139366090298, 0.12509919703, 0.140532001853, 0.0804461687803, 0.0663355663419], "dmean": [0.342022389174, 0.307796150446, 0.29792702198, 0.297066390514, 0.180040985346, 0.114743731916], "max": [-5.45001459122, -4.45222663879, -6.26010799408, -6.99610185623, -7.29093694687, -9.84180831909], "var": [9.01744651794, 9.28055381775, 7.5691652298, 6.61249256134, 6.56359243393, 5.52717924118], "mean": [-8.10291481018, -7.99176311493, -9.67328929901, -10.7301902771, -10.4924240112, -11.9654541016]}, "erbbands_flatness_db": {"dmean2": 0.0210073236376, "median": 0.249033614993, "min": 0.0491566136479, "dvar2": 0.000704323116224, "dvar": 0.00035952538019, "dmean": 0.0142487594858, "max": 0.474308878183, "var": 0.00597937311977, "mean": 0.244042158127}, "spectral_energyband_high": {"dmean2": 4.20070591645e-06, "median": 3.95694860345e-06, "min": 6.86457399415e-21, "dvar2": 2.27707755429e-10, "dvar": 1.09108874713e-10, "dmean": 3.00152055388e-06, "max": 0.000385332357837, "var": 3.73410191656e-10, "mean": 1.30995604195e-05}, "spectral_entropy": {"dmean2": 0.21761700511, "median": 5.95799732208, "min": 3.1914293766, "dvar2": 0.075883731246, "dvar": 0.0381445325911, "dmean": 0.146042868495, "max": 9.82380485535, "var": 0.893081724644, "mean": 6.09006357193}, "silence_rate_20dB": {"dmean2": 0.00272201420739, "median": 1, "min": 0, "dvar2": 0.00339529989287, "dvar": 0.0013590491144, "dmean": 0.0013608528534, "max": 1, "var": 0.00135889323428, "mean": 0.998639285564}, "melbands_flatness_db": {"dmean2": 0.0251464042813, "median": 0.398549735546, "min": 0.00293270195834, "dvar2": 0.000933612522203, "dvar": 0.00047152370098, "dmean": 0.0164946690202, "max": 0.745194077492, "var": 0.0110125970095, "mean": 0.399662733078}, "barkbands": {"dmean2": [2.01855473279e-05, 0.00252973637544, 0.00242874748074, 0.00195841328241, 0.000520400935784, 0.000929318135604, 0.00150955223944, 0.00102179998066, 0.000294781289995, 0.000100814781035, 5.87064714637e-05, 1.47524333443e-05, 8.08031381894e-06, 2.46774889092e-05, 1.14087006295e-05, 9.0952089522e-06, 3.30180341734e-06, 2.90173306894e-06, 2.20744254875e-06, 1.41836210332e-06, 9.31021133965e-07, 1.16791329674e-06, 9.93459138954e-07, 1.00544150428e-06, 1.07772655156e-06, 9.14590259526e-07, 1.47813693729e-07], "median": [4.65576022179e-06, 0.00171395554207, 0.000608883274253, 0.000260726374108, 0.000211907288758, 0.000258164480329, 0.000314124743454, 0.000228709366638, 3.44627114828e-05, 1.36618864417e-05, 6.09404560237e-06, 2.6150632948e-06, 1.45000103657e-06, 2.16218654714e-06, 8.76023307228e-07, 7.89210446328e-07, 3.27674797518e-07, 9.46888746967e-07, 6.84806138906e-07, 5.15061003625e-07, 4.63946861373e-07, 4.48223232752e-07, 4.51605245644e-07, 5.29602402821e-07, 6.53077108836e-07, 9.67226355897e-07, 1.13250308686e-07], "min": [1.40281322861e-25, 2.04299867766e-24, 4.80901637952e-25, 3.64944631562e-25, 5.14051821443e-24, 5.32322194995e-24, 7.06233010767e-24, 1.06167330316e-23, 1.1021532272e-23, 1.01770077636e-23, 1.06483119225e-23, 1.09576826592e-23, 2.45122906852e-23, 4.06536375171e-23, 4.1873582508e-23, 4.31734391087e-23, 6.92041418859e-23, 8.09230808407e-23, 1.11135330173e-22, 1.23164436614e-22, 2.17016695255e-22, 2.7810113602e-22, 3.30391077734e-22, 5.10246795042e-22, 7.34219123024e-22, 1.26519132615e-21, 1.76080418342e-21], "dvar2": [1.85442761147e-09, 3.06400688714e-05, 9.44077764871e-05, 0.000229489742196, 3.41446775565e-06, 1.59482060553e-05, 5.50580480194e-05, 1.47106975419e-05, 1.72656825725e-06, 6.8077429205e-07, 1.59572508096e-07, 3.40226136153e-09, 1.72925829212e-09, 1.97805061219e-08, 5.14430986698e-09, 5.5722586545e-09, 7.78791198197e-10, 1.2453544862e-09, 8.76137273842e-10, 7.45873529606e-10, 5.2226508708e-12, 1.41011412616e-11, 9.41972281426e-12, 9.04813637209e-12, 1.02462639068e-11, 4.58643409709e-12, 6.21591604686e-14], "dvar": [8.14895317891e-10, 1.37864944918e-05, 4.17586416006e-05, 0.000139111711178, 1.30948990318e-06, 5.59519867238e-06, 2.90305142698e-05, 7.83157611295e-06, 6.06821515703e-07, 3.11976862122e-07, 1.10018888222e-07, 2.60615284908e-09, 8.36102131974e-10, 1.25327073164e-08, 2.71714095668e-09, 1.72706360324e-09, 4.08956785103e-10, 5.47557499342e-10, 4.12574641118e-10, 3.45098782883e-10, 2.09194900985e-12, 5.51801746657e-12, 4.25458713399e-12, 3.92252506518e-12, 4.48547622656e-12, 2.46066665308e-12, 2.61246136757e-14], "dmean": [1.24285825223e-05, 0.0016588489525, 0.00167514430359, 0.00160252558999, 0.000323217391269, 0.000573837955017, 0.00110842916183, 0.000776026339736, 0.00017767456302, 6.87617794028e-05, 4.7781097237e-05, 1.18013485917e-05, 5.96793097429e-06, 1.86274028238e-05, 8.04057526693e-06, 5.32977583134e-06, 2.56735347648e-06, 1.90462526461e-06, 1.45365720527e-06, 9.64459218267e-07, 5.68646441934e-07, 7.1965234838e-07, 6.39174004391e-07, 6.35611172584e-07, 7.09099992946e-07, 6.28758925814e-07, 8.97548488865e-08], "max": [0.000808757264167, 0.0813147872686, 0.284300625324, 0.488181322813, 0.0535964369774, 0.106661513448, 0.260698437691, 0.094148889184, 0.0195158738643, 0.0346098393202, 0.021748887375, 0.00309321191162, 0.00147879659198, 0.00882162619382, 0.00273336051032, 0.00166168122087, 0.00109279551543, 0.00184090912808, 0.00179494707845, 0.0016815533163, 4.6617071348e-05, 9.08860747586e-05, 6.30820941296e-05, 5.17920743732e-05, 7.57265879656e-05, 5.65937370993e-05, 6.43809789835e-06], "var": [6.33528518534e-09, 0.000101679375803, 0.000157394388225, 0.000407586834626, 5.07372851644e-06, 2.19630892389e-05, 0.000201500981348, 6.03273474553e-05, 9.19977821923e-07, 1.44520868162e-06, 8.40429436266e-07, 1.57471387041e-08, 5.08104092134e-09, 1.4503277157e-07, 1.42409621873e-08, 2.89285795319e-09, 7.90956744545e-10, 5.85254844587e-10, 4.88190987635e-10, 4.22899465446e-10, 6.57358239023e-12, 1.18728282414e-11, 9.78769409271e-12, 1.00807487358e-11, 1.45576727756e-11, 8.56786256526e-12, 4.22937170854e-14], "mean": [4.01431934733e-05, 0.006