{"tonal": {"thpcp": [1, 0.523231804371, 0.19722135365, 0.147500708699, 0.175757467747, 0.322639614344, 0.41140756011, 0.4220918715, 0.767299592495, 0.875502824783, 0.505546748638, 0.413805693388, 0.448708504438, 0.345592528582, 0.409173220396, 0.505267798901, 0.345177292824, 0.193461045623, 0.170329019427, 0.251934319735, 0.607745110989, 0.765438020229, 0.57961422205, 0.542635798454, 0.403643518686, 0.19520317018, 0.19578050077, 0.228955239058, 0.275931715965, 0.526209712029, 0.58862477541, 0.341403365135, 0.262265443802, 0.290487259626, 0.390016973019, 0.84288161993], "hpcp": {"dmean2": [0.234550252557, 0.221303522587, 0.212371617556, 0.136106550694, 0.106172777712, 0.113973684609, 0.142234131694, 0.169451519847, 0.204476222396, 0.235023036599, 0.211488649249, 0.234781190753, 0.208942636847, 0.188797444105, 0.179848149419, 0.184328347445, 0.174593403935, 0.152012169361, 0.122696712613, 0.109735451639, 0.132398739457, 0.209369763732, 0.221690759063, 0.218673795462, 0.222252100706, 0.157843381166, 0.112952500582, 0.108871608973, 0.120575815439, 0.15560939908, 0.190639942884, 0.184631049633, 0.161339432001, 0.149508371949, 0.148270845413, 0.19411765039], "median": [0.106265380979, 0.117200091481, 0.0581482797861, 0.0178648941219, 0.011669754982, 0.0142159033567, 0.0332707576454, 0.0443216860294, 0.0561507306993, 0.0546187832952, 0.0541210994124, 0.0523111596704, 0.0365835167468, 0.0330546349287, 0.0317883938551, 0.0476160794497, 0.0502952598035, 0.0323170423508, 0.0178958177567, 0.0146627053618, 0.024007935077, 0.0935251265764, 0.122487410903, 0.0899304971099, 0.032498717308, 0.0210345182568, 0.0155720794573, 0.0183879453689, 0.019222792238, 0.0298949647695, 0.0503921173513, 0.0495807155967, 0.035613745451, 0.0252753868699, 0.0279817469418, 0.0446939952672], "min": [0, 0, 0, 0, 0, 0, 0, 0, 0, 0, 0, 0, 0, 0, 0, 0, 0, 0, 0, 0, 0, 0, 0, 0, 0, 0, 0, 0, 0, 0, 0, 0, 0, 0, 0, 0], "dvar2": [0.0968990698457, 0.096018306911, 0.0972784385085, 0.0720053240657, 0.0599321685731, 0.0610302835703, 0.0699345245957, 0.0808538645506, 0.0924756973982, 0.115684874356, 0.103493414819, 0.117767184973, 0.106829546392, 0.100444354117, 0.0984926372766, 0.0870681777596, 0.079496242106, 0.0699487626553, 0.0636000335217, 0.0564914122224, 0.0560058280826, 0.0787727609277, 0.0805968940258, 0.0810458138585, 0.121135927737, 0.0672564432025, 0.0529305525124, 0.0524386353791, 0.0593940801919, 0.0862620323896, 0.0868248641491, 0.0817924439907, 0.0773290097713, 0.0781763419509, 0.0739189088345, 0.0909794121981], "dvar": [0.0367829091847, 0.0386245660484, 0.0345590673387, 0.0254416000098, 0.0211094170809, 0.0217048656195, 0.0254329517484, 0.0299331452698, 0.032642826438, 0.0413108877838, 0.0395792908967, 0.0416568852961, 0.0390424355865, 0.037361189723, 0.0354725532234, 0.0319505743682, 0.0318670645356, 0.0261112768203, 0.0226334687322, 0.0199767332524, 0.0206586308777, 0.0299645662308, 0.0325848348439, 0.029813811183, 0.0439235903323, 0.0248083882034, 0.0187133718282, 0.0190409757197, 0.0218691565096, 0.0307767987251, 0.0327839702368, 0.0319050326943, 0.0274394508451, 0.028296450153, 0.0275865085423, 0.0329728126526], "dmean": [0.13745251298, 0.130361899734, 0.123029917479, 0.0746614933014, 0.0576821267605, 0.0631306767464, 0.0823032408953, 0.0979693681002, 0.116621546447, 0.134323269129, 0.121611684561, 0.13443595171, 0.118125468493, 0.106964275241, 0.102510794997, 0.106346435845, 0.102923408151, 0.0878869146109, 0.0681849196553, 0.0612331852317, 0.0761037766933, 0.12506043911, 0.134512126446, 0.127822592854, 0.12429780513, 0.0901505053043, 0.0626647919416, 0.061390247196, 0.0682865083218, 0.087546505034, 0.111381694674, 0.108866617084, 0.0920823588967, 0.0838462412357, 0.0847577378154, 0.111743085086], "max": [1, 1, 1, 1, 1, 1, 1, 1, 1, 1, 1, 1, 1, 1, 1, 1, 1, 1, 1, 1, 1, 1, 1, 1, 1, 1, 1, 1, 1, 1, 1, 1, 1, 1, 1, 1], "var": [0.103367164731, 0.138297080994, 0.0515149384737, 0.0190821979195, 0.0148378591985, 0.0177143141627, 0.0329005345702, 0.0462213046849, 0.0376283600926, 0.108970157802, 0.138735979795, 0.0535479485989, 0.049320217222, 0.0645171627402, 0.0398944616318, 0.0409509949386, 0.0669491663575, 0.0385116003454, 0.0183037761599, 0.0160834230483, 0.0227167438716, 0.0578958839178, 0.0808878093958, 0.0509986318648, 0.0819934532046, 0.0546187870204, 0.0171652529389, 0.0186743848026, 0.0244650505483, 0.0277407821268, 0.0610522627831, 0.0779711380601, 0.032257001847, 0.0274927727878, 0.0321176424623, 0.0374348089099], "mean": [0.271024703979, 0.321545392275, 0.168242767453, 0.0634156167507, 0.0474281720817, 0.056514006108, 0.10374327749, 0.132286205888, 0.135721698403, 0.246721640229, 0.281513899565, 0.162556231022, 0.133057311177, 0.144280150533, 0.111123688519, 0.131567761302, 0.162466526031, 0.110990166664, 0.0622065067291, 0.0547685101628, 0.0810083225369, 0.195417642593, 0.246123060584, 0.186372280121, 0.174482032657, 0.129789710045, 0.0627666786313, 0.0629523172975, 0.0736194998026, 0.0887245684862, 0.169200316072, 0.189269587398, 0.109776683152, 0.0843302458525, 0.0934048444033, 0.125408157706]}, "tuning_equal_tempered_deviation": 0.246224060655, "chords_changes_rate": 0.0264359861612, "key_key": "A", "tuning_diatonic_strength": 0.485522061586, "key_scale": "minor", "chords_number_rate": 0.00124567479361, "tuning_frequency": 434.193115234, "tuning_nontempered_energy_ratio": 0.959329903126, "chords_histogram": [1.52249133587, 31.4602069855, 0.110726647079, 5.60553646088, 0, 8.15224933624, 1.17647063732, 35.9584770203, 1.95155704021, 3.8754324913, 0, 0, 0, 0, 0, 0.0553633235395, 0.858131468296, 0, 0.484429061413, 0, 0, 0, 0.955017328262, 7.8339099884], "key_strength": 0.696191549301, "chords_key": "A", "chords_strength": {"dmean2": 0.00695106806234, "median": 0.609127521515, "min": 0.342113643885, "dvar2": 5.01334106957e-05, "dvar": 4.2965868488e-05, "dmean": 0.00741688767448, "max": 0.818742036819, "var": 0.00599887873977, "mean": 0.607709050179}, "chords_scale": "major", "hpcp_entropy": {"dmean2": 1.01981973648, "median": 2.0100300312, "min": 0, "dvar2": 0.669905781746, "dvar": 0.252567976713, "dmean": 0.610643804073, "max": 4.37969398499, "var": 0.571969926357, "mean": 1.97538626194}}, "metadata": {"audio_properties": {"equal_loudness": 0, "codec": "flac", "downmix": "mix", "analysis_sample_rate": 44100, "bit_rate": 0, "md5_encoded": "207bf40e121d43892f214842aedf12c1", "length": 335.453338623, "replay_gain": -12.7863998413, "lossless": true}, "version": {"essentia_build_sha": "12879b851c9f4b0d899e1af4e221aa110f283a84", "essentia": "2.1-beta1", "extractor": "music 1.0", "essentia_git_sha": "v2.1_beta1-7-ge0e83e8-dirty"}, "tags": {"title": ["Still the Same [12\" Version]"], "barcode": ["698458811127"], "media": ["CD"], "albumartist": ["Slade"], "disc": ["1"], "language": ["eng"], "releasetype": ["album"], "musicbrainz_recordingid": ["1df9a9d0-3ee0-4f57-8176-1d67bd71ad79"], "trackc": ["21"], "musicbrainz_albumartistid": ["2e700147-56a3-416b-a95d-381ea42f947f"], "musicbrainz_albumstatus": ["Official"], "track": ["13"], "publisher": ["Salvo"], "replaygain_track_gain": ["-7.96 dB"], "compilation": ["0"], "discc": ["1"], "date": ["2008-12-15"], "disctotal": ["1"], "artist_credit": ["Slade"], "asin": ["B000PMGNOA"], "musicbrainz_albumid": ["8b1323d6-6620-41f6-9f80-e9131dbce056"], "tracknumber": ["13"], "replaygain_reference_loudness": ["89.0 dB"], "replaygain_album_peak": ["0.977539"], "album": ["You Boyz Make Big Noize"], "label": ["Salvo"], "musicbrainz_artistid": ["2e700147-56a3-416b-a95d-381ea42f947f"], "totaltracks": ["21"], "albumartist_credit": ["Slade"], "tracktotal": ["21"], "replaygain_track_peak": ["0.977478"], "musicbrainz_albumtype": ["album"], "artistsort": ["Slade"], "discnumber": ["1"], "bpm": ["0"], "catalognumber": ["SALVOCD11"], "releasecountry": ["GB"], "file_name": "13. Still the Same [12_ Version].flac", "replaygain_album_gain": ["-9.06 dB"], "genre": ["Glam Rock"], "musicbrainz_releasegroupid": ["df2995a5-f05b-3c49-9047-b1db07909dad"], "script": ["Latn"], "originaldate": ["1987"], "album artist": ["Slade"], "artist": ["Slade"], "year": ["2008"], "albumartistsort": ["Slade"], "totaldiscs": ["1"], "releasestatus": ["official"]}}, "rhythm": {"bpm_histogram_first_peak_bpm": {"dmean2": 0, "median": 105, "min": 105, "dvar2": 0, "dvar": 0, "dmean": 0, "max": 105, "var": 0, "mean": 105}, "bpm": 106.076835632, "bpm_histogram_second_peak_spread": {"dmean2": 0, "median": 0, "min": 0, "dvar2": 0, "dvar": 0, "dmean": 0, "max": 0, "var": 0, "mean": 0}, "bpm_histogram_first_peak_weight": {"dmean2": 0, "median": 0.535593211651, "min": 0.535593211651, "dvar2": 0, "dvar": 0, "dmean": 0, "max": 0.535593211651, "var": 0, "mean": 0.535593211651}, "onset_rate": 2.91829109192, "beats_position": [0.557278871536, 1.1261677742, 1.69505667686, 2.2523355484, 2.80961441994, 3.3785033226, 3.94739222527, 4.5046710968, 5.07355976105, 5.64244890213, 6.21133756638, 6.76861667633, 7.33750534058, 7.90639448166, 8.46367359161, 9.02095222473, 9.58984088898, 10.1471195221, 10.7043991089, 11.261677742, 11.8305664062, 12.387845993, 12.9567346573, 13.5140132904, 14.0712919235, 14.6285715103, 15.1858501434, 15.7547388077, 16.3236274719, 16.8925170898, 17.4497947693, 18.0186843872, 18.5875740051, 19.1564617157, 19.7369613647, 20.3290691376, 20.9095687866, 21.4900684357, 22.0705661774, 22.6510658264, 23.2315635681, 23.8120632172, 24.3925609589, 24.984670639, 25.5651702881, 26.1456680298, 26.7145576477, 27.2834453583, 27.8523349762, 28.4212245941, 28.9901123047, 29.5706119537, 30.1511096954, 30.7432193756, 31.3353290558, 31.9158267975, 32.5079345703, 33.1000442505, 33.6921539307, 34.2726516724, 34.8415412903, 35.4104309082, 35.9793205261, 36.5482063293, 37.1054878235, 37.6627655029, 38.2200431824, 38.7889328003, 39.3578224182, 39.9267120361, 40.4839897156, 41.0528793335, 41.6217689514, 42.2022666931, 42.771156311, 43.3516540527, 43.9321517944, 44.5242614746, 45.1163711548, 45.708480835, 46.2889785767, 46.8694763184, 47.4615859985, 48.0304756165, 48.5993652344, 49.1682548523, 49.7371406555, 50.3060302734, 50.8749198914, 51.4438095093, 52.0126991272, 52.5815849304, 53.1388664246, 53.7077522278, 54.2650337219, 54.8223114014, 55.3912010193, 55.9484786987, 56.5057601929, 57.0746459961, 57.6319274902, 58.2008171082, 58.7697029114, 59.3269844055, 59.884262085, 60.4531517029, 61.0220413208, 61.590927124, 62.1598167419, 62.7287063599, 63.2975959778, 63.8548736572, 64.4237594604, 64.9810409546, 65.5499343872, 66.1188201904, 66.6877059937, 67.2565994263, 67.813873291, 68.3827667236, 68.9400405884, 69.508934021, 70.0778198242, 70.6351013184, 71.2039871216, 71.7728805542, 72.3301544189, 72.8990478516, 73.4679336548, 74.0252151489, 74.5824966431, 75.1397705078, 75.7086639404, 76.2775497437, 76.8464355469, 77.4153289795, 77.9726028442, 78.5414962769, 79.1103820801, 79.6792755127, 80.2481613159, 80.8054428101, 81.3627166748, 81.9199981689, 82.4772796631, 83.0461654663, 83.6150588989, 84.1839447021, 84.7528305054, 85.321723938, 85.8906097412, 86.4478912354, 87.0167770386, 87.5856704712, 88.1429443359, 88.7118377686, 89.2807235718, 89.8380050659, 90.4068908691, 90.9757843018, 91.5330581665, 92.0903396606, 92.6476211548, 93.2281188965, 93.7970046997, 94.3542861938, 94.9231719971, 95.4804534912, 96.0493392944, 96.6182327271, 97.1755065918, 97.7327880859, 98.2900695801, 98.8473434448, 99.4162368774, 99.9851226807, 100.565620422, 101.122901917, 101.69178772, 102.249069214, 102.817955017, 103.38684845, 103.955734253, 104.524627686, 105.093513489, 105.650794983, 106.208068848, 106.77696228, 107.345848083, 107.914733887, 108.483627319, 109.040908813, 109.598182678, 110.155464172, 110.724349976, 111.293243408, 111.850517273, 112.419410706, 112.988296509, 113.557182312, 114.126075745, 114.683357239, 115.240631104, 115.809524536, 116.378410339, 116.935691833, 117.492965698, 118.061859131, 118.630744934, 119.199638367, 119.76852417, 120.325805664, 120.883079529, 121.451972961, 122.020858765, 122.589744568, 123.158638, 123.715919495, 124.284805298, 124.853691101, 125.422584534, 125.979858398, 126.548751831, 127.106025696, 127.686531067, 128.243804932, 128.801086426, 129.35836792, 129.938858032, 130.496139526, 131.065032959, 131.633926392, 132.191192627, 132.76008606, 133.328979492, 133.897872925, 134.466751099, 135.024032593, 135.581314087, 136.138595581, 136.719085693, 137.276367188, 137.833648682, 138.402542114, 138.971420288, 139.528701782, 140.085983276, 140.654876709, 141.223754883, 141.781036377, 142.34992981, 142.918823242, 143.487701416, 144.056594849, 144.613876343, 145.171157837, 145.728439331, 146.297317505, 146.866210938, 147.423492432, 148.003982544, 148.561264038, 149.118545532, 149.687438965, 150.256317139, 150.825210571, 151.394104004, 151.951385498, 152.520263672, 153.089157104, 153.646438599, 154.203720093, 154.761001587, 155.341491699, 155.910385132, 156.479278564, 157.0365448, 157.605438232, 158.174331665, 158.731613159, 159.312103271, 159.869384766, 160.42666626, 160.995559692, 161.564437866, 162.12171936, 162.679000854, 163.247894287, 163.816772461, 164.374053955, 164.931335449, 165.51184082, 166.092330933, 166.649612427, 167.206893921, 167.764175415, 168.32144165, 168.890335083, 169.459228516, 170.028121948, 170.597000122, 171.154281616, 171.71156311, 172.268844604, 172.826126099, 173.395004272, 173.963897705, 174.532791138, 175.101669312, 175.670562744, 176.239456177, 176.785125732, 177.330795288, 177.899673462, 178.468566895, 179.049072266, 179.629562378, 180.186843872, 180.744125366, 181.30140686, 181.858688354, 182.427566528, 182.996459961, 183.565353394, 184.134231567, 184.691513062, 185.260406494, 185.829299927, 186.386566162, 186.955459595, 187.524353027, 188.09324646, 188.662124634, 189.219406128, 189.776687622, 190.345581055, 190.914459229, 191.483352661, 192.052246094, 192.609527588, 193.166793823, 193.735687256, 194.304580688, 194.861862183, 195.419128418, 195.988021851, 196.556915283, 197.125808716, 197.69468689, 198.263580322, 198.832473755, 199.38973999, 199.947021484, 200.515914917, 201.08480835, 201.642089844, 202.199356079, 202.768249512, 203.337142944, 203.906021118, 204.474914551, 205.032196045, 205.589477539, 206.158370972, 206.727249146, 207.296142578, 207.865036011, 208.422302246, 208.97958374, 209.548477173, 210.117370605, 210.6746521, 211.243530273, 211.812423706, 212.3697052, 212.938583374, 213.507476807, 214.076370239, 214.645263672, 215.202529907, 215.759811401, 216.317092896, 216.885986328, 217.454864502, 218.023757935, 218.581039429, 219.149932861, 219.707214355, 220.264480591, 220.833374023, 221.402267456, 221.97114563, 222.540039062, 223.097320557, 223.654602051, 224.223495483, 224.792373657, 225.36126709, 225.930160522, 226.487426758, 227.044708252, 227.613601685, 228.182495117, 228.739776611, 229.308654785, 229.877548218, 230.44644165, 231.015319824, 231.572601318, 232.141494751, 232.710388184, 233.267654419, 233.824935913, 234.393829346, 234.962722778, 235.519989014, 236.077270508, 236.64616394, 237.215057373, 237.783935547, 238.352828979, 238.921722412, 239.490600586, 240.04788208, 240.605163574, 241.174057007, 241.742950439, 242.300216675, 242.857498169, 243.426391602, 243.995285034, 244.564163208, 245.133056641, 245.701950073, 246.270828247, 246.828109741, 247.385391235, 247.954284668, 248.523162842, 249.080444336, 249.63772583, 250.206619263, 250.775512695, 251.332778931, 251.890060425, 252.447341919, 253.004623413, 253.585113525, 254.165618896, 254.722900391, 255.280181885, 255.83744812, 256.394744873, 256.952026367, 257.532501221, 258.101409912, 258.670288086, 259.22756958, 259.784851074, 260.353729248, 260.922637939, 261.491516113, 262.060394287, 262.617675781, 263.186584473, 263.755462646, 264.312744141, 264.870025635, 265.427307129, 265.996185303, 266.565063477, 267.122344971, 267.679626465, 268.248535156, 268.81741333, 269.386291504, 269.955200195, 270.524078369, 271.092956543, 271.650238037, 272.207519531, 272.776397705, 273.345306396, 273.902587891, 274.459869385, 275.028747559, 275.597625732, 276.166534424, 276.735412598, 277.304290771, 277.873199463, 278.430480957, 278.987762451, 279.556640625, 280.125518799, 280.682800293, 281.251708984, 281.820587158, 282.389465332, 282.958374023, 283.515655518, 284.072906494, 284.641815186, 285.19909668, 285.767974854, 286.325256348, 286.894134521, 287.463043213, 288.031921387, 288.600799561, 289.158081055, 289.726989746, 290.29586792, 290.853149414, 291.410430908, 291.967712402, 292.536590576, 293.10546875, 293.674377441, 294.231658936, 294.800537109, 295.369415283, 295.938323975, 296.507202148, 297.076080322, 297.644989014, 298.213867188, 298.771148682, 299.328430176, 299.89730835, 300.454589844, 301.023498535, 301.580780029, 302.149658203, 302.718536377, 303.287445068, 303.856323242, 304.425201416, 304.994110107, 305.551391602, 306.108642578, 306.67755127, 307.246429443, 307.815338135, 308.384216309, 308.941497803, 309.498779297, 310.067657471, 310.636535645, 311.193817139, 311.751098633, 312.331604004, 312.888885498, 313.457763672, 314.026672363, 314.583953857, 315.141204834, 315.710113525, 316.278991699, 316.85949707, 317.416778564, 317.974060059, 318.531341553, 319.100219727, 319.6690979, 320.226379395, 320.783660889, 321.35256958, 321.921447754, 322.513549805, 323.105651855, 323.697784424, 324.266662598, 324.835540771, 325.404449463, 325.961730957, 326.518981934, 327.145935059, 327.772888184, 328.399810791, 329.015136719, 329.630462646, 330.245788574, 330.861114502, 331.406799316, 331.952453613, 332.509735107, 333.055419922, 333.612701416, 334.16998291, 334.727264404], "beats_loudness": {"dmean2": 0.0244329310954, "median": 0.0467627495527, "min": 3.23745780184e-10, "dvar2": 0.000483904703287, "dvar": 0.000154465044034, "dmean": 0.0137931127101, "max": 0.103241026402, "var": 0.000470150349429, "mean": 0.0432311780751}, "danceability": 1.05654549599, "bpm_histogram_second_peak_weight": {"dmean2": 0, "median": 0.00847457628697, "min": 0.00847457628697, "dvar2": 0, "dvar": 0, "dmean": 0, "max": 0.00847457628697, "var": 0, "mean": 0.00847457628697}, "beats_count": 591, "bpm_histogram_second_peak_bpm": {"dmean2": 0, "median": 110, "min": 110, "dvar2": 0, "dvar": 0, "dmean": 0, "max": 110, "var": 0, "mean": 110}, "bpm_histogram_first_peak_spread": {"dmean2": 0, "median": 0.453287184238, "min": 0.453287184238, "dvar2": 0, "dvar": 0, "dmean": 0, "max": 0.453287184238, "var": 0, "mean": 0.453287184238}, "beats_loudness_band_ratio": {"dmean2": [0.281272262335, 0.285601496696, 0.17657455802, 0.119215659797, 0.0811108797789, 0.109922558069], "median": [0.472093075514, 0.188223272562, 0.105166822672, 0.0639682784677, 0.0659168809652, 0.0717250108719], "min": [0.016354944557, 0.00253580976278, 0.000378555560019, 0.000129407984787, 0.000120188160508, 0.000220243498916], "dvar2": [0.0465565957129, 0.043827150017, 0.0396260730922, 0.0266412086785, 0.00739366188645, 0.0147958081216], "dvar": [0.0161861777306, 0.0148104131222, 0.0134403407574, 0.0102066779509, 0.00267719477415, 0.00520035484806], "dmean": [0.16406711936, 0.154402077198, 0.0991410687566, 0.0683966651559, 0.0456483289599, 0.0580772012472], "max": [0.961149573326, 0.830156266689, 0.829662501812, 0.813718259335, 0.559528589249, 0.71057164669], "var": [0.0361253768206, 0.0192443300039, 0.0156747661531, 0.0103239286691, 0.00346712744795, 0.00500269373879], "mean": [0.455360025167, 0.207441359758, 0.145021602511, 0.0950983688235, 0.0793550908566, 0.0792681947351]}}, "lowlevel": {"barkbands_spread": {"dmean2": 7.90474319458, "median": 25.6229152679, "min": 0.495254456997, "dvar2": 68.0457458496, "dvar": 32.2772941589, "dmean": 5.15729951859, "max": 138.160507202, "var": 218.497192383, "mean": 27.0097064972}, "melbands_spread": {"dmean2": 8.68966388702, "median": 21.7445259094, "min": 0.201585590839, "dvar2": 81.5725631714, "dvar": 34.6769142151, "dmean": 5.46278095245, "max": 210.674072266, "var": 225.182052612, "mean": 23.9626274109}, "hfc": {"dmean2": 10.4403247833, "median": 26.8092460632, "min": 1.09228505056e-16, "dvar2": 216.763809204, "dvar": 112.074768066, "dmean": 7.17804336548, "max": 169.906478882, "var": 560.875061035, "mean": 30.7159481049}, "barkbands_kurtosis": {"dmean2": 5.46357011795, "median": 1.33603262901, "min": -1.91290140152, "dvar2": 1899.70874023, "dvar": 575.189941406, "dmean": 3.15992665291, "max": 1067.30712891, "var": 526.309997559, "mean": 4.00618743896}, "gfcc": {"mean": [24.1361999512, 79.6362228394, -97.8110122681, 18.7632961273, -38.236541748, 7.52773141861, -34.469078064, 7.56835365295, -19.9434394836, 4.31965017319, -15.8046007156, 0.678555071354, -13.0750284195], "icov": [[9.98439863906e-05, 2.9980619729e-05, 0.000214090032387, -0.000248918484431, 9.01862804312e-05, -0.000231041136431, 0.00029892535531, -0.000299241422908, 0.000402491132263, -0.000485674594529, 0.000680448429193, -0.00070667010732, 0.000551249424461], [2.9980619729e-05, 0.00129385304172, 0.000691677210853, 0.000430982559919, -0.000756021123379, 0.000783367431723, -0.000319556274917, 0.000644611369353, -0.000322459731251, 0.00107908318751, -0.00129797577392, 0.00176281004678, -0.000577028491534], [0.000214090032387, 0.000691677210853, 0.00293604191393, 0.000210356229218, -0.000660170684569, -0.000700936478097, 0.00127809192054, -0.000276516599115, 0.000649107794743, -0.00153034424875, 0.00273602921516, -0.00211035879329, 0.00189016910736], [-0.000248918484431, 0.000430982559919, 0.000210356229218, 0.00437456602231, -0.000272092729574, 0.00109403987881, -0.00138943921775, 0.0010890068952, -0.00348709779792, 0.00232974509709, -0.00197479128838, 0.000823789567221, -0.00150979368482], [9.01862804312e-05, -0.000756021123379, -0.000660170684569, -0.000272092729574, 0.00588733702898, 0.000554233440198, -0.00295373285189, -0.001505088876, 0.00106222985778, -0.00130562717095, 0.00197875965387, -0.00291499844752, 0.000432454136899], [-0.000231041136431, 0.000783367431723, -0.000700936478097, 0.00109403987881, 0.000554233440198, 0.00789405405521, -0.00243232329376, -0.000835177896079, 0.000712764507625, 0.00186165457126, -0.00411939853802, 0.00386845832691, -0.00163491046987], [0.00029892535531, -0.000319556274917, 0.00127809192054, -0.00138943921775, -0.00295373285189, -0.00243232329376, 0.0105940755457, -0.000487478246214, -0.00278235529549, -0.000307828187943, 0.00225925957784, -0.00538780773059, 0.00555564230308], [-0.000299241422908, 0.000644611369353, -0.000276516599115, 0.0010890068952, -0.001505088876, -0.000835177896079, -0.000487478246214, 0.0121657447889, -0.00558511447161, 0.00021753020701, -0.00250943307765, 0.00346067221835, -0.0028481844347], [0.000402491132263, -0.000322459731251, 0.000649107794743, -0.00348709779792, 0.00106222985778, 0.000712764507625, -0.00278235529549, -0.00558511447161, 0.0212426129729, -0.0100430846214, 0.00164751813281, -0.000294959783787, 8.46705079312e-05], [-0.000485674594529, 0.00107908318751, -0.00153034424875, 0.00232974509709, -0.00130562717095, 0.00186165457126, -0.000307828187943, 0.00021753020701, -0.0100430846214, 0.0250697564334, -0.0105273751542, 0.00257800100371, 9.08715956029e-05], [0.000680448429193, -0.00129797577392, 0.00273602921516, -0.00197479128838, 0.00197875965387, -0.00411939853802, 0.00225925957784, -0.00250943307765, 0.00164751813281, -0.0105273751542, 0.0266474541277, -0.0135878538713, 0.00358839263208], [-0.00070667010732, 0.00176281004678, -0.00211035879329, 0.000823789567221, -0.00291499844752, 0.00386845832691, -0.00538780773059, 0.00346067221835, -0.000294959783787, 0.00257800100371, -0.0135878538713, 0.0305271819234, -0.0126266293228], [0.000551249424461, -0.000577028491534, 0.00189016910736, -0.00150979368482, 0.000432454136899, -0.00163491046987, 0.00555564230308, -0.0028481844347, 8.46705079312e-05, 9.08715956029e-05, 0.00358839263208, -0.0126266293228, 0.0243833102286]], "cov": [[22209.3574219, -2075.83813477, -431.813323975, 739.990356445, -515.832519531, 399.299468994, -375.407562256, 310.690002441, -162.339660645, 194.407058716, -192.465026855, 204.732223511, -180.002548218], [-2075.83813477, 1502.5526123, -396.281036377, -57.7206115723, 150.682495117, -150.505752563, 93.7188873291, -79.7674789429, 15.8683805466, -69.769569397, 48.4455947876, -62.9756965637, 26.662021637], [-431.813323975, -396.281036377, 595.866333008, -103.760734558, 25.8442955017, 39.674282074, -45.3459205627, 5.11861848831, -26.8498744965, 19.6578197479, -50.2343826294, 10.6275835037, -26.1836395264], [739.990356445, -57.7206115723, -103.760734558, 354.84274292, 21.5310134888, -22.0398368835, 60.5603713989, 17.7986469269, 63.2613334656, 12.2493200302, 22.1408920288, 31.2059936523, 10.9765033722], [-515.832519531, 150.682495117, 25.8442955017, 21.5310134888, 274.842132568, -31.0655975342, 110.88218689, 18.5414352417, 26.4073905945, 10.1421394348, 3.80621409416, 28.7721214294, -1.28864705563], [399.299468994, -150.505752563, 39.674282074, -22.0398368835, -31.0655975342, 171.641723633, 5.18136405945, 25.5264053345, -10.2752561569, 4.00444412231, 8.10430908203, -5.15391492844, -7.00917625427], [-375.407562256, 93.7188873291, -45.3459205627, 60.5603713989, 110.88218689, 5.18136405945, 181.911117554, 15.5459280014, 46.4132537842, 11.1946544647, 16.8490161896, 22.4830532074, -14.320936203], [310.690002441, -79.7674789429, 5.11861848831, 17.7986469269, 18.5414352417, 25.5264053345, 15.5459280014, 115.893577576, 37.6337013245, 25.4101257324, 10.5031328201, 4.18080377579, 3.56554245949], [-162.339660645, 15.8683805466, -26.8498744965, 63.2613334656, 26.4073905945, -10.2752561569, 46.4132537842, 37.6337013245, 91.9408721924, 35.593208313, 20.3399868011, 7.81650209427, 3.31008434296], [194.407058716, -69.769569397, 19.6578197479, 12.2493200302, 10.1421394348, 4.00444412231, 11.1946544647, 25.4101257324, 35.593208313, 70.0470657349, 24.3726291656, 12.9037809372, -3.59486198425], [-192.465026855, 48.4455947876, -50.2343826294, 22.1408920288, 3.80621409416, 8.10430908203, 16.8490161896, 10.5031328201, 20.3399868011, 24.3726291656, 71.3313217163, 23.9803695679, 10.3854398727], [204.732223511, -62.9756965637, 10.6275835037, 31.2059936523, 28.7721214294, -5.15391492844, 22.4830532074, 4.18080377579, 7.81650209427, 12.9037809372, 23.9803695679, 65.8508529663, 19.9952087402], [-180.002548218, 26.662021637, -26.1836395264, 10.9765033722, -1.28864705563, -7.00917625427, -14.320936203, 3.56554245949, 3.31008434296, -3.59486198425, 10.3854398727, 19.9952087402, 60.4815940857]]}, "spectral_energyband_middle_low": {"dmean2": 0.00816830061376, "median": 0.0124979577959, "min": 1.94565398348e-22, "dvar2": 0.000121437791677, "dvar": 4.78621659568e-05, "dmean": 0.00509727187455, "max": 0.0831525400281, "var": 0.000118792195281, "mean": 0.0145793017}, "melbands_crest": {"dmean2": 4.83876419067, "median": 13.0379981995, "min": 1.00044476986, "dvar2": 20.0798854828, "dvar": 7.17883110046, "dmean": 2.93371748924, "max": 39.5389175415, "var": 23.6472854614, "mean": 13.6827859879}, "spectral_kurtosis": {"dmean2": 1.9880656004, "median": 4.78371477127, "min": -1.26871812344, "dvar2": 9.74442386627, "dvar": 3.63768553734, "dmean": 1.21632373333, "max": 56.7214508057, "var": 17.3812580109, "mean": 5.64516448975}, "spectral_rms": {"dmean2": 0.00108468870167, "median": 0.00595763837919, "min": 3.14388857829e-12, "dvar2": 1.24325060824e-06, "dvar": 4.92327501433e-07, "dmean": 0.000675333547406, "max": 0.0109756952152, "var": 4.03261174142e-06, "mean": 0.00555780623108}, "zerocrossingrate": {"dmean2": 0.0128604955971, "median": 0.0625, "min": 0, "dvar2": 0.000189821657841, "dvar": 0.000158706097864, "dmean": 0.0109572783113, "max": 0.6904296875, "var": 0.00236095045693, "mean": 0.0708303526044}, "silence_rate_60dB": {"dmean2": 0.0121833030134, "median": 0, "min": 0, "dvar2": 0.0141151500866, "dvar": 0.00605509290472, "dmean": 0.00609123008326, "max": 1, "var": 0.0669590085745, "mean": 0.0721899196506}, "erbbands_kurtosis": {"dmean2": 1.11278450489, "median": -0.338086724281, "min": -1.84447991848, "dvar2": 3.45964097977, "dvar": 1.48984181881, "dmean": 0.706124067307, "max": 35.6059417725, "var": 4.56364583969, "mean": 0.291839003563}, "erbbands": {"dmean2": [0.212841585279, 1.50545954704, 3.71769380569, 9.13516616821, 11.879450798, 13.9762535095, 14.9740905762, 16.792427063, 21.7851791382, 24.823059082, 26.299955368, 31.0659370422, 22.4214439392, 22.3604507446, 24.5976753235, 24.8402385712, 39.2273597717, 33.0702972412, 36.1789321899, 32.1134147644, 31.998167038, 28.1367034912, 22.5592403412, 17.3297958374, 11.7567625046, 8.9927444458, 6.72113752365, 6.01880407333, 5.1536822319, 3.98562860489, 2.72925305367, 2.07088565826, 2.03812098503, 1.76146972179, 1.298189044, 0.611826360226, 0.283772885799, 0.0972531139851, 0.0125099075958, 0.00051321927458], "median": [0.138838589191, 1.12254858017, 2.99056863785, 5.29202461243, 6.63428211212, 7.39598941803, 9.12802219391, 11.5842990875, 13.3374652863, 15.8355197906, 16.0526733398, 14.899597168, 15.2251701355, 12.5554094315, 15.8052368164, 18.2196235657, 22.5378379822, 20.0622558594, 27.1472091675, 21.8445358276, 29.7770309448, 25.678691864, 19.7709598541, 18.1395053864, 12.7552852631, 8.97509670258, 5.60053539276, 4.68427181244, 3.45516633987, 2.53788471222, 1.63874912262, 1.31119179726, 1.16238963604, 0.850724279881, 0.534472167492, 0.226218760014, 0.077728331089, 0.0249975398183, 0.00358057860285, 0.000199593661819], "min": [1.03039907035e-22, 3.02279912092e-22, 3.57407577071e-21, 7.49517884998e-21, 6.74319695227e-21, 2.1172330782e-20, 8.0514109599e-20, 1.42269016601e-19, 1.57576006761e-19, 2.57359489062e-19, 3.32235929809e-19, 3.49925342305e-19, 5.89867819787e-19, 1.03139372141e-18, 1.32190451562e-18, 1.58660996306e-18, 1.80791924082e-18, 2.61073400765e-18, 2.00732374198e-18, 3.84341406612e-18, 3.67522301858e-18, 4.52486447989e-18, 5.26593145478e-18, 6.93920492382e-18, 6.29223305233e-18, 8.55970716491e-18, 1.15943524181e-17, 1.14401303832e-17, 1.14542793076e-17, 1.37020590769e-17, 1.15087259899e-17, 1.06478948428e-17, 1.06258926657e-17, 8.49416468189e-18, 6.68404121154e-18, 4.25055236362e-18, 2.1294108441e-18, 9.90055266899e-19, 2.58371027554e-19, 2.97963155156e-20], "dvar2": [0.118735916913, 4.91846370697, 30.9058303833, 275.344512939, 401.108032227, 726.29486084, 662.081237793, 726.772155762, 1595.37402344, 2919.3125, 3338.42700195, 6786.34472656, 1558.86071777, 4725.36474609, 2768.69580078, 2015.81420898, 7763.44287109, 5238.56787109, 4633.41015625, 4074.89135742, 2562.24584961, 2651.52197266, 1732.15063477, 912.287475586, 316.435546875, 214.630783081, 165.982025146, 139.021453857, 108.834472656, 57.1152305603, 27.0085277557, 21.3845310211, 28.7836704254, 14.7505865097, 7.15923595428, 1.71096026897, 0.410766690969, 0.0429680198431, 0.00063024944393, 9.63947968557e-07], "dvar": [0.0449580140412, 1.79939484596, 10.9516305923, 99.8814468384, 169.257522583, 257.48828125, 249.432250977, 291.67666626, 650.971313477, 1191.66247559, 1346.80065918, 2531.2722168, 644.463745117, 1758.06066895, 1109.46276855, 836.875488281, 3010.74267578, 2100.67504883, 1789.10925293, 1469.74682617, 1021.09735107, 937.899353027, 592.908081055, 328.772338867, 114.401779175, 82.4846191406, 62.8496322632, 55.5557441711, 45.2392997742, 25.9811038971, 13.4293231964, 9.94544792175, 13.9670476913, 7.35478401184, 3.2854642868, 0.771323978901, 0.186443731189, 0.0203666947782, 0.00031088385731, 4.95295182645e-07], "dmean": [0.128148719668, 0.900974094868, 2.21700596809, 5.38315820694, 7.23623275757, 8.28931045532, 9.08126449585, 10.4988174438, 13.7748937607, 15.8363513947, 16.6573467255, 19.1051197052, 14.3367910385, 14.0877504349, 15.4745407104, 15.5318880081, 24.5410556793, 20.4042186737, 22.2404289246, 19.368894577, 19.5612888336, 16.6565246582, 13.2713928223, 10.228187561, 6.97268295288, 5.35680961609, 3.9930627346, 3.67692828178, 3.1805741787, 2.58903503418, 1.81598973274, 1.3775138855, 1.38163280487, 1.17643499374, 0.855957329273, 0.415048897266, 0.197124093771, 0.0682427063584, 0.00896942894906, 0.000375192641513], "max": [3.33678174019, 16.5725498199, 51.393196106, 146.700561523, 171.173706055, 272.620300293, 359.378326416, 348.956359863, 597.565551758, 1607.67858887, 1207.74841309, 1476.24780273, 645.783203125, 1554.68933105, 1260.08422852, 1026.69812012, 1622.02087402, 1907.79150391, 1275.73876953, 874.355407715, 1129.99279785, 1016.24328613, 550.479431152, 644.078857422, 199.555770874, 306.001647949, 145.416061401, 134.803268433, 166.755569458, 118.060028076, 132.151885986, 124.53036499, 159.143463135, 98.3928985596, 51.0427055359, 33.0006446838, 5.99586725235, 1.61576640606, 0.298816531897, 0.00855861138552], "var": [0.0909714251757, 4.23170518875, 24.4149532318, 113.443588257, 243.362747192, 376.089630127, 549.300415039, 696.642944336, 1645.50866699, 2970.33520508, 3578.89672852, 6453.39648438, 1518.35351562, 5355.6640625, 2592.29711914, 2017.44641113, 7129.22412109, 6235.12939453, 3919.1472168, 3113.09179688, 2721.85693359, 2066.96923828, 1309.3359375, 806.764282227, 341.46383667, 241.083953857, 173.670059204, 195.555709839, 185.191223145, 105.668876648, 57.2424468994, 35.9936523438, 44.1188621521, 22.6186695099, 8.48704528809, 1.78280103207, 0.321925938129, 0.0346264131367, 0.000615757482592, 1.26678980905e-06], "mean": [0.241977289319, 1.8197709322, 4.53342008591, 8.41621017456, 11.5591516495, 13.8485364914, 16.3273029327, 20.0772514343, 26.3108177185, 30.8367938995, 32.289855957, 34.577293396, 27.5453147888, 27.9248065948, 28.743303299, 30.6084918976, 45.8365859985, 39.2429275513, 43.8162345886, 38.231754303, 41.6071052551, 36.2225723267, 29.6743011475, 24.519449234, 17.5583190918, 13.6029720306, 10.1600341797, 9.76224136353, 8.69769001007, 6.69051551819, 4.68070793152, 3.37312293053, 3.02169799805, 2.30889821053, 1.56441307068, 0.71261793375, 0.300678521395, 0.100929833949, 0.014085101895, 0.000681616074871]}, "spectral_strongpeak": {"dmean2": 0.726576089859, "median": 0.387410581112, "min": 0, "dvar2": 1.72154772282, "dvar": 0.657107591629, "dmean": 0.418463915586, "max": 13.2785797119, "var": 1.07278501987, "mean": 0.72979426384}, "spectral_energy": {"dmean2": 0.0139930387959, "median": 0.0363807938993, "min": 1.01311360825e-20, "dvar2": 0.000260108790826, "dvar": 0.000104383376311, "dmean": 0.00867375079542, "max": 0.123477526009, "var": 0.000378517172066, "mean": 0.0357948504388}, "average_loudness": 0.931485533714, "spectral_rolloff": {"dmean2": 715.737548828, "median": 1313.52539062, "min": 21.533203125, "dvar2": 1309467.875, "dvar": 588160.375, "dmean": 431.850769043, "max": 21899.2675781, "var": 3296687.25, "mean": 1609.67907715}, "spectral_centroid": {"dmean2": 287.14465332, "median": 1344.63342285, "min": 208.137313843, "dvar2": 117140.914062, "dvar": 50195.5273438, "dmean": 181.811065674, "max": 11663.6318359, "var": 545318.875, "mean": 1363.11999512}, "pitch_salience": {"dmean2": 0.106304273009, "median": 0.572061777115, "min": 0.0330304205418, "dvar2": 0.00927175488323, "dvar": 0.0033592574764, "dmean": 0.0641779899597, "max": 0.996096849442, "var": 0.0120917065069, "mean": 0.563837349415}, "spectral_energyband_middle_high": {"dmean2": 0.00287972460501, "median": 0.00614166632295, "min": 1.06336198299e-21, "dvar2": 1.68112674146e-05, "dvar": 6.60643945594e-06, "dmean": 0.00180968747009, "max": 0.0643459409475, "var": 3.86646534025e-05, "mean": 0.00712034292519}, "spectral_contrast_coeffs": {"dmean2": [0.0813807323575, 0.072329737246, 0.0586709231138, 0.0474094375968, 0.0318480096757, 0.0257577840239], "median": [-0.655332803726, -0.729959368706, -0.774824857712, -0.783315658569, -0.793255209923, -0.774193763733], "min": [-0.981723070145, -0.998818695545, -0.998081803322, -0.992114603519, -0.988853394985, -0.962157130241], "dvar2": [0.0047053983435, 0.00330418767408, 0.00211495673284, 0.00137289217673, 0.000615205965005, 0.000517785781994], "dvar": [0.00172497611493, 0.00122745160479, 0.000794672931079, 0.000513091043103, 0.000228609977057, 0.000221710608457], "dmean": [0.0486196763813, 0.0440570488572, 0.0358145050704, 0.0286799743772, 0.0191173702478, 0.0158335026354], "max": [-0.347284257412, -0.443102926016, -0.510182499886, -0.58164960146, -0.625310838223, -0.650543272495], "var": [0.00726303318515, 0.00472152698785, 0.00310274143703, 0.0024425862357, 0.00154264876619, 0.00206135539338], "mean": [-0.649095416069, -0.725186407566, -0.771501600742, -0.779082417488, -0.79250818491, -0.778732419014]}, "melbands_skewness": {"dmean2": 0.930636703968, "median": 2.48145675659, "min": -1.37407112122, "dvar2": 1.42237377167, "dvar": 0.57731461525, "dmean": 0.58335095644, "max": 45.9346237183, "var": 2.7795689106, "mean": 2.61363101006}, "spectral_spread": {"dmean2": 875524.25, "median": 4878002, "min": 1357202.125, "dvar2": 1592154914820.0, "dvar": 736421543936, "dmean": 621310.375, "max": 52959444, "var": 7408908763140.0, "mean": 5211426.5}, "dissonance": {"dmean2": 0.0258486866951, "median": 0.475731492043, "min": 0.121959641576, "dvar2": 0.000752838677727, "dvar": 0.000274409627309, "dmean": 0.0154029568657, "max": 0.500000119209, "var": 0.000694703427143, "mean": 0.468399733305}, "spectral_skewness": {"dmean2": 0.253259956837, "median": 1.6745262146, "min": -0.0647174045444, "dvar2": 0.0824795812368, "dvar": 0.0355194695294, "dmean": 0.161522567272, "max": 5.97100496292, "var": 0.31622928381, "mean": 1.76703560352}, "spectral_flux": {"dmean2": 0.0291245393455, "median": 0.0878719314933, "min": 6.42221276159e-11, "dvar2": 0.000930706271902, "dvar": 0.000429120875197, "dmean": 0.0184122733772, "max": 0.30224904418, "var": 0.00190339412075, "mean": 0.0884307846427}, "spectral_contrast_valleys": {"dmean2": [0.575222969055, 0.514487624168, 0.459384173155, 0.377910137177, 0.295608788729, 0.314991295338], "median": [-6.56908798218, -6.30411577225, -6.89555120468, -7.03905296326, -6.97458934784, -9.48783016205], "min": [-28.2202148438, -27.8069820404, -27.9407958984, -27.7726669312, -27.6772651672, -27.3384037018], "dvar2": [0.232607588172, 0.198650971055, 0.170785799623, 0.133900910616, 0.123199179769, 0.182562470436], "dvar": [0.0900413766503, 0.0808221399784, 0.072173409164, 0.0593033507466, 0.0572768189013, 0.097412340343], "dmean": [0.342388600111, 0.313380122185, 0.286017686129, 0.235864311457, 0.188897505403, 0.230839550495], "max": [-5.04402589798, -4.86023664474, -5.29361724854, -5.43469238281, -5.62658405304, -7.44615507126], "var": [2.90646529198, 2.69340729713, 2.53667879105, 2.68341159821, 3.05264830589, 3.39913773537], "mean": [-7.01257944107, -6.63152647018, -7.21058607101, -7.41303682327, -7.44964647293, -9.95567321777]}, "erbbands_flatness_db": {"dmean2": 0.0213574711233, "median": 0.117423772812, "min": 0.0154927773401, "dvar2": 0.000416933587985, "dvar": 0.000208082623431, "dmean": 0.0147037012503, "max": 0.299144864082, "var": 0.0020325994119, "mean": 0.124171569943}, "spectral_energyband_high": {"dmean2": 0.000679556571413, "median": 0.000699045835063, "min": 7.20694598839e-21, "dvar2": 1.5303512555e-06, "dvar": 8.31918953281e-07, "dmean": 0.000489570840728, "max": 0.0161198079586, "var": 3.66879089597e-06, "mean": 0.00142454286106}, "spectral_entropy": {"dmean2": 0.176762551069, "median": 7.78124284744, "min": 5.63693523407, "dvar2": 0.0314876660705, "dvar": 0.0160994865, "dmean": 0.120049856603, "max": 9.82131195068, "var": 0.210302323103, "mean": 7.70911645889}, "silence_rate_20dB": {"dmean2": 0, "median": 1, "min": 1, "dvar2": 0, "dvar": 0, "dmean": 0, "max": 1, "var": 0, "mean": 1}, "melbands_flatness_db": {"dmean2": 0.0321480408311, "median": 0.179928481579, "min": 0, "dvar2": 0.000877165293787, "dvar": 0.000376312294975, "dmean": 0.0205085426569, "max": 0.505738854408, "var": 0.00422992184758, "mean": 0.19030739367}, "barkbands": {"dmean2": [0.000333069387125, 0.00666774017736, 0.00408267928287, 0.00359244830906, 0.00376901915297, 0.00202123215422, 0.00153166335076, 0.00134421722032, 0.00123994995374, 0.000879711238667, 0.000556885788683, 0.000562608824112, 0.000861116393935, 0.000750962062739, 0.000690693734214, 0.000585448578931, 0.000667874177452, 0.000363388069673, 0.000296794925816, 0.0001869