{"tonal": {"thpcp": [1, 0.58523106575, 0.272109925747, 0.420288532972, 0.231313914061, 0.0943447500467, 0.171713069081, 0.122211903334, 0.133253321052, 0.22321780026, 0.133522480726, 0.112333454192, 0.199426084757, 0.142031535506, 0.392482280731, 0.768585205078, 0.458697259426, 0.0803493112326, 0.0621319748461, 0.0473785549402, 0.235568702221, 0.49773478508, 0.355681449175, 0.393708825111, 0.605615675449, 0.302280634642, 0.0728148967028, 0.121725991368, 0.0828583315015, 0.214931771159, 0.411279678345, 0.23280826211, 0.0788396894932, 0.136892557144, 0.114286594093, 0.515541672707], "hpcp": {"dmean2": [0.123322419822, 0.141261026263, 0.0822841897607, 0.0762678906322, 0.062322743237, 0.0413121134043, 0.0464458614588, 0.0417413525283, 0.0472708232701, 0.0627856180072, 0.0486961081624, 0.0450626313686, 0.0507101230323, 0.0589622743428, 0.0948562771082, 0.118878029287, 0.104730218649, 0.0534457154572, 0.0368705391884, 0.0320474281907, 0.0651970133185, 0.0947980433702, 0.0969344377518, 0.120406493545, 0.114072360098, 0.0693343356252, 0.0273348148912, 0.0302889235318, 0.0319151543081, 0.054886508733, 0.0774814933538, 0.0599437132478, 0.0316940397024, 0.0379962958395, 0.0527957975864, 0.120967067778], "median": [0.111316427588, 0.0780093446374, 0.00663670012727, 0.00108805322088, 0.00129817181733, 0.00131230871193, 0.000840831897222, 0.000885417684913, 0.00270173535682, 0.00367553532124, 0.00327665382065, 0.00112413300667, 0.000621046405286, 0.00156898738351, 0.0320718102157, 0.0515312328935, 0.0291601438075, 0.00154947221745, 0.000131738081109, 0.00027888972545, 0.00816030800343, 0.0190430637449, 0.0184848811477, 0.0246999952942, 0.0245041847229, 0.0116096064448, 0.00105334399268, 0.000275731406873, 0.000415161368437, 0.0023505166173, 0.00370429339819, 0.00283432006836, 0.000794382824097, 0.000268289528321, 0.00121837179177, 0.0523557141423], "min": [2.69300267064e-06, 2.2872570753e-06, 1.51482618094e-06, 4.41157993691e-07, 1.96155014009e-07, 1.77706158411e-06, 1.87221962733e-06, 1.74174169842e-06, 1.74226931904e-06, 6.1342399249e-07, 5.35766560006e-07, 1.76474986802e-06, 1.03830268472e-06, 1.62149490279e-06, 2.19105686483e-06, 1.58354930591e-06, 1.8506879087e-06, 1.68922156263e-06, 1.5354915206e-07, 3.80672503297e-07, 1.66500626619e-06, 8.05025763384e-07, 6.86709199726e-07, 1.39849476e-06, 9.2335460522e-07, 6.56472820992e-07, 1.57244562615e-06, 8.36014407923e-07, 9.82611709333e-07, 1.17560966828e-06, 1.84703168316e-07, 3.2394120808e-07, 1.19578430713e-06, 8.06546324839e-07, 1.23801726204e-06, 3.67789812117e-06], "dvar2": [0.0500636957586, 0.0501238331199, 0.026206176728, 0.0379501767457, 0.0258984453976, 0.0182396490127, 0.0256789978594, 0.0170689225197, 0.0204032864422, 0.0310143120587, 0.0154444826767, 0.0201493259519, 0.0236867461354, 0.0231039039791, 0.0313045158982, 0.0501426644623, 0.037430100143, 0.025298235938, 0.0223311856389, 0.0160139985383, 0.0202505011111, 0.0384354218841, 0.0355521179736, 0.0523507110775, 0.0541871264577, 0.0190263930708, 0.00654880329967, 0.0130468299612, 0.0114410640672, 0.0185643434525, 0.0369895771146, 0.0234775841236, 0.0124484756961, 0.0196837279946, 0.0216225348413, 0.0420922935009], "dvar": [0.0268240440637, 0.0193770397455, 0.0106735173613, 0.0187667328864, 0.0102209225297, 0.00660403398797, 0.0112864440307, 0.00719415070489, 0.008107165806, 0.0135130658746, 0.00637776916847, 0.00752875814214, 0.0105983521789, 0.00854709744453, 0.012503169477, 0.0258236397058, 0.0157524105161, 0.00888857711107, 0.00827637594193, 0.00584158767015, 0.00889310147613, 0.0211878418922, 0.0153915276751, 0.0206806715578, 0.0267879515886, 0.00848649255931, 0.00264573399909, 0.00634016888216, 0.00458292383701, 0.00771291553974, 0.0196124501526, 0.0107371099293, 0.00510704424232, 0.00964703783393, 0.00843908172101, 0.0173754990101], "dmean": [0.0813742130995, 0.0870976671576, 0.0498248115182, 0.0489678680897, 0.0383954830468, 0.0242587756366, 0.0281445160508, 0.0253825616091, 0.0294615086168, 0.0404483415186, 0.0305369831622, 0.0267495252192, 0.030170602724, 0.0339144319296, 0.0599070340395, 0.0783153176308, 0.067105948925, 0.0305822044611, 0.0209497865289, 0.0182131379843, 0.0421357676387, 0.0645733252168, 0.0617239288986, 0.0735897049308, 0.0736500322819, 0.0455988682806, 0.0165525302291, 0.0195662677288, 0.0192125868052, 0.0355839952826, 0.053208231926, 0.0397755168378, 0.0191501770169, 0.0240597482771, 0.0312704704702, 0.0770705491304], "max": [1, 1, 1, 1, 1, 1, 1, 1, 1, 1, 0.966973185539, 1, 1, 1, 1, 1, 1, 1, 1, 1, 1, 1, 1, 1, 1, 1, 0.913748502731, 1, 1, 1, 1, 1, 1, 1, 1, 1], "var": [0.173050716519, 0.0626629292965, 0.0361760258675, 0.099905282259, 0.0308940634131, 0.010814068839, 0.0409302078187, 0.0203210059553, 0.0164485853165, 0.0418030284345, 0.0139909889549, 0.0154965845868, 0.0478624999523, 0.0203496366739, 0.0387815833092, 0.140451729298, 0.0557621158659, 0.00923432596028, 0.0115384599194, 0.00569053180516, 0.0253298152238, 0.100617095828, 0.0509535856545, 0.0482968389988, 0.12194788456, 0.0332125239074, 0.00737503450364, 0.0264276806265, 0.0100447563455, 0.0253630857915, 0.0898259803653, 0.0313677154481, 0.00919413752854, 0.0332515574992, 0.0150775685906, 0.0547367297113], "mean": [0.360062927008, 0.210720017552, 0.0979766994715, 0.151330322027, 0.0832875669003, 0.0339700467885, 0.0618275105953, 0.0440039746463, 0.0479795783758, 0.0803724527359, 0.0480764955282, 0.0404471121728, 0.0718059390783, 0.0511402897537, 0.141318321228, 0.276739031076, 0.165159881115, 0.0289308074862, 0.0223714206368, 0.0170592609793, 0.0848195552826, 0.179215848446, 0.128067702055, 0.141759946942, 0.218059748411, 0.108840048313, 0.0262179449201, 0.0438290163875, 0.0298342127353, 0.0773889645934, 0.148086562753, 0.0838256254792, 0.0283872503787, 0.0492899343371, 0.0411503650248, 0.185627445579]}, "tuning_equal_tempered_deviation": 0, "chords_changes_rate": 0.0510928183794, "key_key": "D", "tuning_diatonic_strength": 0.500005602837, "key_scale": "minor", "chords_number_rate": 0.00369003694504, "tuning_frequency": 437.213165283, "tuning_nontempered_energy_ratio": 0.586048960686, "chords_histogram": [31.5356235504, 6.35821723938, 9.42378616333, 3.3494181633, 0.567698001862, 0.794777154922, 0.255464106798, 6.61368131638, 0.255464106798, 9.13993740082, 1.19216573238, 4.71189308167, 0.0567697994411, 0, 0.425773501396, 0, 1.07862615585, 0.0567697994411, 1.22055065632, 0, 0, 1.70309400558, 14.5046834946, 6.75560617447], "key_strength": 0.851936757565, "chords_key": "D", "chords_strength": {"dmean2": 0.00518306577578, "median": 0.470974862576, "min": 0.217703014612, "dvar2": 3.29751092067e-05, "dvar": 4.78296606161e-05, "dmean": 0.00865822657943, "max": 0.676289379597, "var": 0.00860438402742, "mean": 0.470296800137}, "chords_scale": "minor", "hpcp_entropy": {"dmean2": 0.623992264271, "median": 1.14769685268, "min": 0.0401765368879, "dvar2": 0.36426371336, "dvar": 0.153906941414, "dmean": 0.37974062562, "max": 3.75729465485, "var": 0.42018198967, "mean": 1.15945291519}}, "metadata": {"audio_properties": {"equal_loudness": 0, "codec": "flac", "downmix": "mix", "analysis_sample_rate": 44100, "bit_rate": 0, "md5_encoded": "5bf9c69a5dada13b2c6c030f0771d3dd", "length": 163.561355591, "replay_gain": -5.67403793335, "lossless": true}, "version": {"essentia_build_sha": "7f154e5731828a63663f0144680ef47bd640f88b", "essentia": "2.1-beta1", "extractor": "music 1.0", "essentia_git_sha": "v2.1_beta1-6-g5578087"}, "tags": {"title": ["The Art of Fugue, BWV 1080: Contrapunctus II"], "barcode": ["886971476422"], "media": ["CD"], "albumartist": ["Johann Sebastian Bach"], "tracktotal": ["9"], "musicbrainz_releasegroupid": ["ed5b7b9a-e03c-49cd-85f4-93fa05a3a8af"], "performer": ["Glenn Gould (organ)"], "releasetype": ["album"], "musicbrainz_recordingid": ["8bcba545-5dd0-438c-93aa-8ce6f9a1a094"], "artistsort": ["Bach, Johann Sebastian"], "musicbrainz_albumartistid": ["24f1766e-9635-4d58-a4d4-9413f9f98a4c", "7002bf88-1269-4965-a772-4ba1e7a91eaa"], "discnumber": ["1"], "totaldiscs": ["1"], "catalognumber": ["88697147642"], "notes": ["Medieval CUE Splitter (www.medieval.it)"], "releasecountry": ["XE"], "file_name": "02 The Art of Fugue, BWV 1080_ Contrapunctus II.flac", "albumartistsort": ["Bach, Johann Sebastian; Gould, Glenn"], "date": ["2007"], "genre": ["Classical"], "musicbrainz_albumid": ["b8d62373-367d-4d08-bd14-c9cd47bebc11"], "disctotal": ["1"], "musicbrainz_artistid": ["24f1766e-9635-4d58-a4d4-9413f9f98a4c"], "originaldate": ["2007"], "musicbrainz_workid": ["97be078d-8c22-333c-b05c-aed79d4f3554"], "artist": ["Glenn Gould"], "tracknumber": ["2"], "composer": ["Johann Sebastian Bach"], "album": ["The Art of the Fugue"], "label": ["Sony Classical", "Columbia Masterworks"], "releasestatus": ["official"], "acoustid_id": ["fd3dac86-2d24-4e03-949b-3b477aa8dc23"], "script": ["Latn"], "totaltracks": ["9"]}}, "rhythm": {"bpm_histogram_first_peak_bpm": {"dmean2": 0, "median": 129, "min": 129, "dvar2": 0, "dvar": 0, "dmean": 0, "max": 129, "var": 0, "mean": 129}, "bpm": 129.973449707, "bpm_histogram_second_peak_spread": {"dmean2": 0, "median": 0, "min": 0, "dvar2": 0, "dvar": 0, "dmean": 0, "max": 0, "var": 0, "mean": 0}, "bpm_histogram_first_peak_weight": {"dmean2": 0, "median": 0.385057479143, "min": 0.385057479143, "dvar2": 0, "dvar": 0, "dmean": 0, "max": 0.385057479143, "var": 0, "mean": 0.385057479143}, "onset_rate": 1.64452600479, "beats_position": [0.568888902664, 1.14938771725, 1.71827661991, 2.28716540337, 2.8444442749, 3.39011335373, 3.94739222527, 4.48145103455, 5.01551008224, 5.53795909882, 6.04879808426, 6.54802703857, 7.05886602402, 7.53487491608, 8.01088428497, 8.48689365387, 8.96290206909, 9.43891143799, 9.92653083801, 10.4141492844, 10.8901586533, 11.3777770996, 11.8537864685, 12.3297958374, 12.7941951752, 13.2702035904, 13.7462129593, 14.2106122971, 14.6866207123, 15.1626300812, 15.6270294189, 16.0914287567, 16.5674381256, 17.0434455872, 17.5194549561, 17.995464325, 18.4598636627, 18.9242630005, 19.4002723694, 19.8646717072, 20.3290691376, 20.7934684753, 21.2578678131, 21.733877182, 22.2098865509, 22.6858959198, 23.1502952576, 23.614692688, 24.0790920258, 24.5551013947, 25.0078907013, 25.4606800079, 25.9250793457, 26.3894786835, 26.865486145, 27.3298854828, 27.7942848206, 28.2586841583, 28.7230834961, 29.1874828339, 29.6634922028, 30.1394996643, 30.6155090332, 31.1031284332, 31.5791378021, 32.0435371399, 32.5079345703, 32.9723358154, 33.4483451843, 33.9127426147, 34.3887519836, 34.8647613525, 35.329158783, 35.7819480896, 36.2463493347, 36.7107467651, 37.186756134, 37.6627655029, 38.1271629333, 38.6147842407, 39.0791816711, 39.5435829163, 40.0079803467, 40.4607696533, 40.91355896, 41.3779602051, 41.8423576355, 42.3067550659, 42.7595443726, 43.2239456177, 43.6767349243, 44.1411323547, 44.6055335999, 45.0699310303, 45.5343284607, 45.9987297058, 46.4863471985, 46.9507484436, 47.415145874, 47.8795471191, 48.355556488, 48.8315620422, 49.2959632874, 49.7603607178, 50.2131500244, 50.6775512695, 51.1419487, 51.5947380066, 52.0591392517, 52.5235366821, 52.9879341125, 53.4523353577, 53.9167327881, 54.3811340332, 54.8455314636, 55.3099327087, 55.7743301392, 56.2387275696, 56.7031288147, 57.1675262451, 57.6319274902, 58.1079368591, 58.583946228, 59.03673172, 59.4779129028, 59.9307022095, 60.3834915161, 60.8362808228, 61.2890701294, 61.741859436, 62.1946487427, 62.6474380493, 63.1118354797, 63.5530128479, 64.0058059692, 64.4585952759, 64.9113845825, 65.3641738892, 65.8169631958, 66.2697525024, 66.7225418091, 67.1753311157, 67.6281204224, 68.0809020996, 68.5336914062, 68.9864807129, 69.4392700195, 69.8920593262, 70.3564605713, 70.8092498779, 71.2620391846, 71.7264404297, 72.1908340454, 72.6552352905, 73.1196365356, 73.5724258423, 74.0252151489, 74.4780044556, 74.9424057007, 75.3951950073, 75.8363723755, 76.2891616821, 76.7419509888, 77.1947402954, 77.6591339111, 78.1119232178, 78.5531082153, 79.005897522, 79.4586868286, 79.9230804443, 80.375869751, 80.8286590576, 81.2930603027, 81.7574615479, 82.2102508545, 82.6514282227, 83.1042175293, 83.5453948975, 83.9981842041, 84.4509735107, 84.9153747559, 85.3681640625, 85.8209533691, 86.2853469849, 86.7381362915, 87.1793212891, 87.6204986572, 88.0732879639, 88.5260772705, 88.9788665771, 89.4432601929, 89.907661438, 90.3720626831, 90.8364639282, 91.3008575439, 91.7536468506, 92.2064361572, 92.6708374023, 93.123626709, 93.5880279541, 94.0408172607, 94.4819946289, 94.9347839355, 95.3875732422, 95.8403625488, 96.2931518555, 96.7459411621, 97.1987304688, 97.6515197754, 98.104309082, 98.5454864502, 98.9982757568, 99.4510650635, 99.9038543701, 100.368255615, 100.821044922, 101.285438538, 101.738227844, 102.191017151, 102.655418396, 103.096595764, 103.537773132, 103.990562439, 104.443351746, 104.896141052, 105.348930359, 105.790107727, 106.231292725, 106.672470093, 107.136871338, 107.601264954, 108.05405426, 108.506843567, 108.948028564, 109.41242218, 109.876823425, 110.34122467, 110.805618286, 111.258407593, 111.734420776, 112.198822021, 112.674827576, 113.15083313, 113.615234375, 114.07963562, 114.544036865, 115.008430481, 115.472831726, 115.937232971, 116.390022278, 116.842811584, 117.3072052, 117.783218384, 118.247619629, 118.700408936, 119.141586304, 119.59437561, 120.047164917, 120.511566162, 120.964347839, 121.428749084, 121.89315033, 122.357551575, 122.810340881, 123.263130188, 123.715919495, 124.168708801, 124.609886169, 125.062675476, 125.527069092, 125.991470337, 126.455871582, 126.920272827, 127.384666443, 127.849067688, 128.313461304, 128.777862549, 129.242263794, 129.695053101, 130.147842407, 130.612243652, 131.065032959, 131.517822266, 131.970611572, 132.423400879, 132.887802124, 133.352203369, 133.816589355, 134.280990601, 134.733779907, 135.198181152, 135.650970459, 136.115371704, 136.579772949, 137.032562256, 137.473739624, 137.926528931, 138.390930176, 138.855331421, 139.296508789, 139.749298096, 140.202087402, 140.666488647, 141.142486572, 141.606887817, 142.082901001, 142.547302246, 143.011703491, 143.464492798, 143.917282104, 144.370071411, 144.811248779, 145.264038086, 145.716827393, 146.169616699, 146.634017944, 147.086807251, 147.539596558, 148.003982544, 148.468383789, 148.944396973, 149.420410156, 149.896408081, 150.360809326, 150.83682251, 151.301223755, 151.788833618, 152.27645874, 152.764083862, 153.274917603, 153.797363281, 154.31980896, 154.772598267, 155.236999512, 155.701400757, 156.17741394, 156.641815186, 157.106216431, 157.628662109, 158.151107788, 158.673553467, 159.195999146, 159.718460083, 160.240905762, 160.774963379, 161.297409058, 161.831466675, 162.365524292, 162.899581909], "beats_loudness": {"dmean2": 0.0290299896151, "median": 0.0301141813397, "min": 3.68202090613e-05, "dvar2": 0.00102816405706, "dvar": 0.000456545298221, "dmean": 0.0176077969372, "max": 0.252280712128, "var": 0.00110760016833, "mean": 0.0377845428884}, "danceability": 0.893644332886, "bpm_histogram_second_peak_weight": {"dmean2": 0, "median": 0.0603448264301, "min": 0.0603448264301, "dvar2": 0, "dvar": 0, "dmean": 0, "max": 0.0603448264301, "var": 0, "mean": 0.0603448264301}, "beats_count": 349, "bpm_histogram_second_peak_bpm": {"dmean2": 0, "median": 136, "min": 136, "dvar2": 0, "dvar": 0, "dmean": 0, "max": 136, "var": 0, "mean": 136}, "bpm_histogram_first_peak_spread": {"dmean2": 0, "median": 0.541095852852, "min": 0.541095852852, "dvar2": 0, "dvar": 0, "dmean": 0, "max": 0.541095852852, "var": 0, "mean": 0.541095852852}, "beats_loudness_band_ratio": {"dmean2": [0.256678432226, 0.28800112009, 0.255483597517, 0.145141467452, 0.0409773625433, 0.00619357032701], "median": [0.161539718509, 0.344897449017, 0.265091061592, 0.103529393673, 0.009267273359, 0.000212311962969], "min": [0.0013434200082, 0.00470887124538, 0.00373252597637, 0.00143621396273, 3.61780439562e-05, 1.14794756882e-05], "dvar2": [0.0657343491912, 0.0462254285812, 0.0346999838948, 0.0218353290111, 0.0068461606279, 0.00062030449044], "dvar": [0.0254057329148, 0.0181092582643, 0.013966249302, 0.00837388262153, 0.00277638714761, 0.00021176240989], "dmean": [0.15081627667, 0.176036834717, 0.150090187788, 0.0861141830683, 0.0245679989457, 0.00346338609233], "max": [0.98195964098, 0.886627197266, 0.83255302906, 0.632975161076, 0.63846206665, 0.140736117959], "var": [0.0566881410778, 0.0417779237032, 0.0297196395695, 0.0120682092384, 0.00424859346822, 0.000170298982994], "mean": [0.251258015633, 0.357629865408, 0.284819453955, 0.131637245417, 0.0300140921026, 0.00268510729074]}}, "lowlevel": {"barkbands_spread": {"dmean2": 1.9323887825, "median": 7.03246641159, "min": 0.744647026062, "dvar2": 4.69668292999, "dvar": 2.23375201225, "dmean": 1.34298110008, "max": 33.2188911438, "var": 21.4085903168, "mean": 8.09129428864}, "melbands_spread": {"dmean2": 2.76491570473, "median": 10.0002708435, "min": 0.773776650429, "dvar2": 9.96901226044, "dvar": 4.79888677597, "dmean": 1.92413461208, "max": 58.6026344299, "var": 45.9229736328, "mean": 11.3240118027}, "hfc": {"dmean2": 2.64110398293, "median": 12.702917099, "min": 0.00279289507307, "dvar2": 8.76322555542, "dvar": 4.23663806915, "dmean": 1.9299929142, "max": 53.6551780701, "var": 58.9420509338, "mean": 13.4859628677}, "barkbands_kurtosis": {"dmean2": 2.60728263855, "median": 1.00757598877, "min": -1.77845060825, "dvar2": 107.147674561, "dvar": 37.1361923218, "dmean": 1.66484415531, "max": 193.436065674, "var": 135.168167114, "mean": 3.37882041931}, "gfcc": {"mean": [-107.090118408, 192.320907593, -103.54863739, -24.7407283783, -54.3057098389, 1.08868598938, -24.4951915741, -16.2292518616, -11.8718128204, -5.99595355988, -8.23579502106, -5.59628248215, -5.42718839645], "icov": [[0.00364318303764, -0.00690983608365, 0.00637932866812, -0.00572694139555, 0.00349106499925, -0.0019039461622, 0.00103310728446, 3.97677358706e-05, -0.00148958386853, 0.00164621695876, -0.00294875423424, 0.00212013861164, -0.00235994439572], [-0.00690983608365, 0.0179921388626, -0.0131489625201, 0.0137052731588, -0.0103284306824, 0.00690959999338, -0.00730274850503, 0.00636411923915, -0.00383867579512, 0.00297349621542, 0.00146736903116, -0.00135951291304, 0.00325115723535], [0.00637932866812, -0.0131489625201, 0.0128104845062, -0.0111905550584, 0.00667987344787, -0.00393433216959, 0.000468302896479, 0.000108709704364, -0.00120629894082, 0.0018161686603, -0.00331600056961, 0.00257895607501, -0.00363161182031], [-0.00572694139555, 0.0137052731588, -0.0111905550584, 0.0175809953362, -0.0122914016247, 0.00690046139061, -0.00492789642885, 0.00100263592321, -0.000682803743985, 0.000168954036781, 0.0029974821955, -0.000640417274553, 0.00284094316885], [0.00349106499925, -0.0103284306824, 0.00667987344787, -0.0122914016247, 0.0151864280924, -0.00958377029747, 0.00850659515709, -0.00687550567091, 0.00251445150934, -0.00233315024525, -0.001448158524, -0.000137932205689, -0.00126366107725], [-0.0019039461622, 0.00690959999338, -0.00393433216959, 0.00690046139061, -0.00958377029747, 0.0139624765143, -0.0099003687501, 0.00744666298851, -0.00593996280804, 0.000350614951458, 0.00120692257769, -0.0012812956702, 0.00121056451462], [0.00103310728446, -0.00730274850503, 0.000468302896479, -0.00492789642885, 0.00850659515709, -0.0099003687501, 0.0199477747083, -0.0129033131525, 0.0099868401885, -0.00564828375354, -0.00139837095048, -1.56594396685e-05, -0.00163102091756], [3.97677358706e-05, 0.00636411923915, 0.000108709704364, 0.00100263592321, -0.00687550567091, 0.00744666298851, -0.0129033131525, 0.0195771399885, -0.0126535929739, 0.0101261110976, -0.00528211705387, 0.000387240463169, 0.000908319663722], [-0.00148958386853, -0.00383867579512, -0.00120629894082, -0.000682803743985, 0.00251445150934, -0.00593996280804, 0.0099868401885, -0.0126535929739, 0.0214776080102, -0.0144258271903, 0.00960505474359, -0.00667684338987, 0.00165516079869], [0.00164621695876, 0.00297349621542, 0.0018161686603, 0.000168954036781, -0.00233315024525, 0.000350614951458, -0.00564828375354, 0.0101261110976, -0.0144258271903, 0.0207014270127, -0.013301406987, 0.00957308430225, -0.00564882811159], [-0.00294875423424, 0.00146736903116, -0.00331600056961, 0.0029974821955, -0.001448158524, 0.00120692257769, -0.00139837095048, -0.00528211705387, 0.00960505474359, -0.013301406987, 0.0219718962908, -0.0098664900288, 0.00812324602157], [0.00212013861164, -0.00135951291304, 0.00257895607501, -0.000640417274553, -0.000137932205689, -0.0012812956702, -1.56594396685e-05, 0.000387240463169, -0.00667684338987, 0.00957308430225, -0.0098664900288, 0.0156645942479, -0.00607512285933], [-0.00235994439572, 0.00325115723535, -0.00363161182031, 0.00284094316885, -0.00126366107725, 0.00121056451462, -0.00163102091756, 0.000908319663722, 0.00165516079869, -0.00564882811159, 0.00812324602157, -0.00607512285933, 0.012774342671]], "cov": [[3836.9753418, 614.128112793, -1285.96289062, -57.5287475586, 24.2787647247, -102.436576843, -182.015563965, -99.5886535645, 217.94708252, -5.87490272522, 102.758460999, -76.9184341431, 62.9439544678], [614.128112793, 817.865234375, 463.055236816, -146.615249634, -35.4618721008, 39.1589660645, 133.574645996, -162.295211792, 15.4776916504, -48.8429985046, 20.6707267761, -20.6650600433, 44.3502311707], [-1285.96289062, 463.055236816, 1270.32519531, 59.2147979736, 2.99167132378, 116.523719788, 264.90057373, -66.2126464844, -78.6576538086, -35.9701919556, -21.2676277161, 6.07126426697, 31.0313434601], [-57.5287475586, -146.615249634, 59.2147979736, 336.194274902, 221.192443848, 25.2481517792, 18.696138382, 140.328018188, 40.8600196838, 1.44248604774, 11.6876907349, 13.8844308853, -24.8352603912], [24.2787647247, -35.4618721008, 2.99167132378, 221.192443848, 337.678314209, 121.238716125, -3.33799624443, 119.464073181, 97.2507476807, 38.7874031067, 23.7625751495, 39.5691604614, -13.5786371231], [-102.436576843, 39.1589660645, 116.523719788, 25.2481517792, 121.238716125, 217.25982666, 66.824432373, -3.04081726074, 70.1683425903, 76.8613967896, 12.383313179, 18.3352241516, 24.5154247284], [-182.015563965, 133.574645996, 264.90057373, 18.696138382, -3.33799624443, 66.824432373, 186.813781738, 40.5448989868, -31.6255054474, 1.25988066196, 40.1839179993, 9.6541633606, 1.52862858772], [-99.5886535645, -162.295211792, -66.2126464844, 140.328018188, 119.464073181, -3.04081726074, 40.5448989868, 223.77633667, 47.6111602783, -31.5904560089, 32.8158073425, 56.0609321594, -40.0986328125], [217.94708252, 15.4776916504, -78.6576538086, 40.8600196838, 97.2507476807, 70.1683425903, -31.6255054474, 47.6111602783, 171.933349609, 77.7179260254, -3.83784627914, 25.777973175, 27.2128429413], [-5.87490272522, -48.8429985046, -35.9701919556, 1.44248604774, 38.7874031067, 76.8613967896, 1.25988066196, -31.5904560089, 77.7179260254, 177.855651855, 36.1268920898, -30.9854316711, 30.628112793], [102.758460999, 20.6707267761, -21.2676277161, 11.6876907349, 23.7625751495, 12.383313179, 40.1839179993, 32.8158073425, -3.83784627914, 36.1268920898, 112.112495422, 26.3222141266, -33.2501335144], [-76.9184341431, -20.6650600433, 6.07126426697, 13.8844308853, 39.5691604614, 18.3352241516, 9.6541633606, 56.0609321594, 25.777973175, -30.9854316711, 26.3222141266, 124.667953491, 14.6191396713], [62.9439544678, 44.3502311707, 31.0313434601, -24.8352603912, -13.5786371231, 24.5154247284, 1.52862858772, -40.0986328125, 27.2128429413, 30.628112793, -33.2501335144, 14.6191396713, 130.462036133]]}, "spectral_energyband_middle_low": {"dmean2": 0.00636042933911, "median": 0.0185884051025, "min": 1.29408897465e-06, "dvar2": 7.20573079889e-05, "dvar": 2.80614094663e-05, "dmean": 0.00428315158933, "max": 0.115411102772, "var": 0.000274150370387, "mean": 0.0218916758895}, "melbands_crest": {"dmean2": 3.49330568314, "median": 13.3829946518, "min": 4.14066886902, "dvar2": 12.4354953766, "dvar": 4.72196102142, "dmean": 2.22252988815, "max": 31.9781303406, "var": 30.486749649, "mean": 14.5010290146}, "spectral_kurtosis": {"dmean2": 25.8155345917, "median": 46.3999977112, "min": 3.4911608696, "dvar2": 495.826446533, "dvar": 178.011505127, "dmean": 15.0546169281, "max": 226.937179565, "var": 849.61340332, "mean": 51.2086639404}, "spectral_rms": {"dmean2": 0.000648662971798, "median": 0.00513686100021, "min": 8.81598098204e-05, "dvar2": 4.46335150173e-07, "dvar": 1.90892819774e-07, "dmean": 0.000448641279945, "max": 0.0161738991737, "var": 5.50788854525e-06, "mean": 0.00535213435069}, "zerocrossingrate": {"dmean2": 0.0034884759225, "median": 0.025390625, "min": 0.001953125, "dvar2": 1.09951961349e-05, "dvar": 7.35734829505e-06, "dmean": 0.00285170390271, "max": 0.10205078125, "var": 0.000156042980962, "mean": 0.0274545755237}, "silence_rate_60dB": {"dmean2": 0.0113587956876, "median": 0, "min": 0, "dvar2": 0.0123663032427, "dvar": 0.00564512517303, "dmean": 0.00567859178409, "max": 1, "var": 0.0424496307969, "mean": 0.0444286726415}, "erbbands_kurtosis": {"dmean2": 0.887980818748, "median": -0.27299118042, "min": -1.75720107555, "dvar2": 3.07600402832, "dvar": 1.24207723141, "dmean": 0.60427826643, "max": 45.3381080627, "var": 2.8167963028, "mean": 0.144415378571}, "erbbands": {"dmean2": [0.0790942534804, 0.45817476511, 0.752933084965, 2.19335579872, 7.34962129593, 11.4350910187, 14.9172868729, 25.9755001068, 21.564496994, 15.4931106567, 17.9317569733, 12.2127037048, 13.8150272369, 14.2935066223, 7.91114234924, 10.5904712677, 10.7974529266, 6.9031419754, 7.7736582756, 3.51739263535, 1.28886282444, 1.93915939331, 1.56832563877, 1.19974887371, 1.43448877335, 0.462428659201, 0.124697938561, 0.0414839424193, 0.034185230732, 0.0213216133416, 0.0198259893805, 0.00537735875696, 0.00216923118569, 0.00109858403448, 0.000702358782291, 0.000148071761942, 5.1925660955e-05, 1.0776144336e-05, 4.42318605565e-06, 8.67435210239e-06], "median": [0.0107842395082, 0.0959402099252, 0.467995256186, 1.96199989319, 6.88968801498, 11.5796909332, 15.2420806885, 17.6789798737, 21.8992862701, 20.2898693085, 19.9946708679, 25.0664710999, 16.9322299957, 24.7673206329, 9.27417850494, 11.9809494019, 8.87708473206, 4.31275987625, 5.21018028259, 1.42775404453, 0.428430199623, 0.164559200406, 0.096523180604, 0.0610714517534, 0.0595042780042, 0.0344449542463, 0.0296710748225, 0.0324479192495, 0.0306563768536, 0.0160595886409, 0.0112414387986, 0.00563325220719, 0.00266808341257, 0.00131396402139, 0.000672886206303, 0.000286889524432, 0.000120443357446, 3.81745885534e-05, 2.17173801502e-05, 3.12782176479e-05], "min": [2.75614474958e-05, 0.000368711393094, 0.000901445455384, 0.00147691171151, 0.00105726812035, 0.00108736136463, 0.000533399870619, 0.000393619848182, 0.000195815824554, 0.000371928850655, 0.00031279263203, 0.000259041698882, 0.000366458261851, 0.000343419931596, 0.000210867699934, 0.000325105909724, 0.000282394787064, 0.000184445088962, 0.000208089928492, 0.000109679473098, 0.000163719028933, 0.000128206957015, 0.000167412305018, 0.000143276978633, 0.000139597803354, 0.000180847579031, 0.000155013243784, 0.000152793814777, 0.000186760589713, 0.000129280320834, 0.000132539775223, 0.000106730258267, 6.66454579914e-05, 6.74717084621e-05, 4.60306546302e-05, 4.88785153721e-05, 2.36440628214e-05, 1.16337669169e-05, 2.93423363473e-06, 2.95725953947e-07], "dvar2": [0.0655748695135, 1.03884899616, 3.066218853, 21.8032035828, 213.544845581, 458.576751709, 672.921936035, 3048.57128906, 2428.59741211, 823.637145996, 1288.16223145, 342.287506104, 963.172424316, 482.823364258, 302.215606689, 295.586517334, 382.95880127, 284.612518311, 363.211181641, 77.3829193115, 7.9198923111, 34.5124359131, 26.8427696228, 46.5462379456, 54.4032402039, 29.9974689484, 1.85223317146, 0.00702624116093, 0.0055270222947, 0.00579769955948, 0.0115603329614, 0.000190428167116, 1.0821881915e-05, 5.15336114404e-06, 4.28184648626e-06, 4.47943122595e-08, 6.73749367408e-09, 9.81211362161e-11, 2.21713914589e-11, 1.23084514803e-10], "dvar": [0.0282469335943, 0.532296180725, 1.12635529041, 7.27738189697, 77.9076766968, 164.698318481, 298.862823486, 1114.67651367, 798.668823242, 424.653137207, 847.017944336, 272.333526611, 681.530639648, 311.313232422, 209.93347168, 235.929626465, 285.530212402, 178.520370483, 229.33392334, 40.9007987976, 4.16804170609, 23.021282196, 15.6105041504, 30.3379478455, 24.5972576141, 11.5404968262, 0.712859988213, 0.0029027836863, 0.00217164121568, 0.00199222378433, 0.00388730457053, 6.87536739861e-05, 4.21863978772e-06, 1.84171051387e-06, 1.59358364726e-06, 1.72073697513e-08, 2.3421202755e-09, 3.47094991637e-11, 9.09075072164e-12, 5.007633197e-11], "dmean": [0.0525472722948, 0.328066885471, 0.502653062344, 1.40333592892, 4.88782787323, 7.45090389252, 10.2167568207, 16.5436210632, 13.8660154343, 10.730799675, 14.1126804352, 10.7343530655, 11.0749826431, 11.8343744278, 6.47891235352, 9.62207603455, 9.34579277039, 5.50155591965, 6.21612262726, 2.60956525803, 0.919172585011, 1.52869153023, 1.21302950382, 0.987449467182, 0.951215326786, 0.29234752059, 0.0793768912554, 0.0274054389447, 0.0215494651347, 0.0124796899036, 0.011443182826, 0.00330455298536, 0.00134320848156, 0.000656763557345, 0.000417475705035, 9.03117761482e-05, 3.07527407131e-05, 6.31443799648e-06, 2.92218737741e-06, 5.9365929701e-06], "max": [9.85195922852, 34.9983825684, 31.6509723663, 100.008216858, 176.058914185, 214.608703613, 423.180328369, 753.788513184, 632.210510254, 846.435913086, 1211.90478516, 599.641174316, 798.721191406, 427.351531982, 429.862823486, 397.521514893, 396.2109375, 342.936248779, 496.257385254, 136.036956787, 59.8109512329, 108.765022278, 90.4838562012, 227.749206543, 118.979759216, 103.986373901, 26.7058086395, 1.3863863945, 1.29716622829, 1.65610420704, 1.81793320179, 0.295757502317, 0.040225148201, 0.0290664471686, 0.0307699795812, 0.00246198452078, 0.00120044348296, 0.000128056082758, 0.000131514258101, 0.000291560107144], "var": [0.934968829155, 15.0250635147, 11.3742322922, 67.6413803101, 414.009765625, 1074.02893066, 1888.02807617, 5046.57763672, 3644.15307617, 3567.92333984, 10732.9238281, 4169.79101562, 6265.12011719, 2827.71411133, 1559.0847168, 2154.33251953, 1834.86816406, 1513.73132324, 3208.29345703, 141.480957031, 19.4432525635, 138.000030518, 88.982170105, 275.414611816, 96.2969512939, 20.7934970856, 1.3585613966, 0.0109656425193, 0.00560799101368, 0.00171857199166, 0.00250089657493, 0.000117720694107, 1.24842626974e-05, 3.1671143006e-06, 2.87420220957e-06, 6.5663655846e-08, 6.60404930741e-09, 1.12652318029e-10, 2.20144583118e-10, 1.23031751453e-09], "mean": [0.275697410107, 1.5222864151, 1.79359376431, 4.27403497696, 15.4116811752, 25.1551361084, 30.7670021057, 43.2043533325, 45.2230911255, 39.9221725464, 55.6145439148, 47.8067703247, 45.3005638123, 43.6443710327, 21.2264919281, 31.5640964508, 27.2798194885, 19.1534023285, 24.1322441101, 6.34229230881, 2.04918646812, 3.93723130226, 3.31569123268, 3.66415452957, 2.06363892555, 0.449976056814, 0.132676184177, 0.0756493285298, 0.054566450417, 0.0254523474723, 0.0190421883017, 0.00860340334475, 0.00379903824069, 0.00177470303606, 0.00106611428782, 0.000359088880941, 0.000138000352308, 3.94201888412e-05, 2.49637996603e-05, 3.98305928684e-05]}, "spectral_strongpeak": {"dmean2": 0.631161391735, "median": 0.985036253929, "min": 0, "dvar2": 0.801124513149, "dvar": 0.333061277866, "dmean": 0.374275892973, "max": 5.98410177231, "var": 0.989951729774, "mean": 1.2573312521}, "spectral_energy": {"dmean2": 0.00785028375685, "median": 0.0270470231771, "min": 7.96645690571e-06, "dvar2": 0.000102537305793, "dvar": 4.16220864281e-05, "dmean": 0.00536046922207, "max": 0.268134921789, "var": 0.00103615096305, "mean": 0.0350069701672}, "average_loudness": 0.160864174366, "spectral_rolloff": {"dmean2": 176.620651245, "median": 689.0625, "min": 64.599609375, "dvar2": 71816.40625, "dvar": 34808.8945312, "dmean": 104.072792053, "max": 3509.91210938, "var": 177754.265625, "mean": 781.73236084}, "spectral_centroid": {"dmean2": 94.6253433228, "median": 513.768371582, "min": 166.413330078, "dvar2": 16348.8125, "dvar": 7949.19628906, "dmean": 66.3119354248, "max": 2800.40600586, "var": 100244.828125, "mean": 607.465087891}, "pitch_salience": {"dmean2": 0.0694962143898, "median": 0.490421414375, "min": 0.0939774811268, "dvar2": 0.00450553186238, "dvar": 0.00173982733395, "dmean": 0.0440343134105, "max": 0.799294888973, "var": 0.00942753814161, "mean": 0.489382177591}, "spectral_energyband_middle_high": {"dmean2": 0.000910771952476, "median": 0.00334231136367, "min": 9.80382637294e-08, "dvar2": 1.08873950921e-06, "dvar": 7.37206050871e-07, "dmean": 0.000764118682127, "max": 0.0227642394602, "var": 9.95974824036e-06, "mean": 0.00401697820053}, "spectral_contrast_coeffs": {"dmean2": [0.0709669068456, 0.0584574975073, 0.043932877481, 0.0385320261121, 0.026953196153, 0.0183854363859], "median": [-0.568709671497, -0.624797940254, -0.636268258095, -0.653592050076, -0.794542908669, -0.788527071476], "min": [-0.880767703056, -0.928403198719, -0.941547691822, -0.933547019958, -0.930216372013, -0.896915137768], "dvar2": [0.00342620676383, 0.00236960570328, 0.00125424051657, 0.000918658508454, 0.000500160851516, 0.000233731334447], "dvar": [0.00126907031517, 0.000953528040554, 0.000557066639885, 0.000405605445849, 0.000219048728468, 9.07594003365e-05], "dmean": [0.0430557243526, 0.0365099869668, 0.0287106856704, 0.0249742679298, 0.0172567237169, 0.0112771363929], "max": [-0.267558187246, -0.328969538212, -0.387542843819, -0.438268899918, -0.512261986732, -0.708340764046], "var": [0.0114335045218, 0.00666617881507, 0.00571461487561, 0.00701670534909, 0.00644815526903, 0.000853908190038], "mean": [-0.572550177574, -0.623765528202, -0.637196481228, -0.67137658596, -0.765430629253, -0.790302455425]}, "melbands_skewness": {"dmean2": 0.499367415905, "median": 1.3750834465, "min": -1.3198466301, "dvar2": 0.331026554108, "dvar": 0.133201465011, "dmean": 0.337061733007, "max": 11.3859672546, "var": 1.29538357258, "mean": 1.56978869438}, "spectral_spread": {"dmean2": 386555.8125, "median": 1342474.75, "min": 465838.1875, "dvar2": 124652658688, "dvar": 53878923264, "dmean": 225093.3125, "max": 17499532, "var": 720234741760, "mean": 1488762.125}, "dissonance": {"dmean2": 0.0686900317669, "median": 0.371796518564, "min": 0.103269346058, "dvar2": 0.00338019011542, "dvar": 0.00125544401817, "dmean": 0.0408486351371, "max": 0.5, "var": 0.00457467092201, "mean": 0.364687085152}, "spectral_skewness": {"dmean2": 1.4405477047, "median": 5.16575145721, "min": 1.3590940237, "dvar2": 1.30694246292, "dvar": 0.462188363075, "dmean": 0.837772071362, "max": 12.2603139877, "var": 3.02522325516, "mean": 5.21980619431}, "spectral_flux": {"dmean2": 0.0212005954236, "median": 0.0443073026836, "min": 0.00149424641859, "dvar2": 0.00041769084055, "dvar": 0.000156134323333, "dmean": 0.0129927918315, "max": 0.205744192004, "var": 0.00055179442279, "mean": 0.0477753505111}, "spectral_contrast_valleys": {"dmean2": [0.59467369318, 0.426203161478, 0.392245858908, 0.349066019058, 0.257599800825, 0.234866380692], "median": [-7.79660558701, -6.72816610336, -7.89417791367, -9.38321113586, -10.3199357986, -12.7375907898], "min": [-10.6792078018, -11.7021026611, -12.0754585266, -12.6888904572, -12.3400907516, -14.097776413], "dvar2": [0.228007242084, 0.122334554791, 0.0986294522882, 0.0700263902545, 0.046426448971, 0.0508890226483], "dvar": [0.0798883363605, 0.0473042875528, 0.0400968007743, 0.0292983688414, 0.0210985168815, 0.0219881311059], "dmean": [0.351139366627, 0.264580965042, 0.24656239152, 0.21389117837, 0.162746235728, 0.145878940821], "max": [-4.84349250793, -4.83743190765, -6.25581932068, -7.90013313293, -9.05000209808, -11.692404747], "var": [0.955929577351, 0.872201025486, 0.71077144146, 0.428518593311, 0.218072280288, 0.118193842471], "mean": [-7.66533756256, -6.91981697083, -8.03862762451, -9.47541236877, -10.3830089569, -12.7669696808]}, "erbbands_flatness_db": {"dmean2": 0.0160240437835, "median": 0.305194556713, "min": 0.0607912391424, "dvar2": 0.000254444137681, "dvar": 0.000113772504847, "dmean": 0.0107109332457, "max": 0.440380781889, "var": 0.00203258683905, "mean": 0.303732067347}, "spectral_energyband_high": {"dmean2": 9.12926407182e-06, "median": 3.39373991665e-06, "min": 6.30380014854e-08, "dvar2": 1.06887743101e-08, "dvar": 4.10533829154e-09, "dmean": 5.68571795156e-06, "max": 0.00199377839454, "var": 7.49862927307e-09, "mean": 1.04332948467e-05}, "spectral_entropy": {"dmean2": 0.166953548789, "median": 5.78627157211, "min": 4.20970201492, "dvar2": 0.0296826604754, "dvar": 0.0131864659488, "dmean": 0.111308775842, "max": 8.04435539246, "var": 0.157107442617, "mean": 5.77545070648}, "silence_rate_20dB": {"dmean2": 0, "median": 1, "min": 1, "dvar2": 0, "dvar": 0, "dmean": 0, "max": 1, "var": 0, "mean": 1}, "melbands_flatness_db": {"dmean2": 0.0238214936107, "median": 0.385340094566, "min": 0.207603558898, "dvar2": 0.000560485525057, "dvar": 0.000244956492679, "dmean": 0.0158543493599, "max": 0.648776888847, "var": 0.00445577036589, "mean": 0.387430608273}, "barkbands": {"dmean2": [0.000225436771871, 0.00217286241241, 0.000675959687214, 0.00103208655491, 0.003127183998, 0.0027563481126, 0.00162325159181, 0.000755439570639, 0.000464536336949, 0.000562124187127, 0.000212179074879, 0.000237160173128, 0.000225415511522, 0.000116348805022, 0.000153985529323, 2.29019697144e-05, 4.73578147648e-05, 2.4048731575e-05, 2.85159094346e-05, 8.85535882844e-06, 1.03437821508e-06, 8.09380082956e-07, 6.15055796516e-07, 1.82153485184e-07, 9.39368760555e-08, 2.43458835314e-08, 1.17335305916e-08], "median": [3.57279168384e-05, 0.000399612967158, 0.000399976503104, 0.000682341342326, 0.00368478801101, 0.00235514203086, 0.00143045687582, 0.000884932698682, 0.000792832754087, 0.000740084447898, 0.000107427767944, 0.000161932606716, 0.000123154837638, 1.21165794553e-05, 5.08254779561e-05, 3.50255800186e-06, 2.7800931548e-06, 1.15725185879e-06, 1.08081326289e-06, 6.20009132035e-07, 1.00237082279e-06, 6.25786242381e-07, 3.64833852018e-07, 2.17646615397e-07, 9.91481599044e-08, 6.03243677233e-08, 5.63285880162e-08], "min": [1.05990700661e-08, 1.29612544697e-06, 9.10002526666e-08, 7.57372404792e-08, 2.66473080046e-07, 4.75407091471e-08, 2.38885036197e-08, 7.86977150113e-09, 1.27526114113e-08, 9.47165101906e-09, 2.31238628245e-09, 5.76087977322e-09, 4.79669548525e-09, 3.06697778285e-09, 2.36326425096e-09, 2.39133113311e-09, 2.075131178e-09, 3.12316172923e-09, 2.8441624611e-09, 3.29897731355e-09, 3.77640008153e-09, 4.70364236449e-09, 4.87210982669e-09, 3.74202580034e-09, 5.92830451396e-09, 1.62120095126e-08, 1.84531145919e-08], "dvar2": [5.38996516752e-07, 2.94682995445e-05, 3.5611506064e-06, 4.87474926558e-06, 3.05689754896e-05, 3.0223875001e-05, 1.23228910525e-05, 1.88996580164e-06, 4.95752431107e-07, 8.86860505034e-07, 2.06228605748e-07, 2.04614124755e-07, 1.74478117287e-07, 9.31211729949e-08, 1.25595235545e-07, 3.69631170116e-09, 1.78510202176e-08, 9.42904332391e-09, 2.45656721631e-08, 1.13049010153e-08, 3.24383185243e-12, 4.83989064104e-12, 6.85168545164e-12, 1.78231683427e-13, 6.47623840948e-14, 9.68145317943e-16, 9.57055314088e-17], "dvar": [1.6028967309e-07, 1.461694319e-05, 1.15216903396e-06, 1.75197692442e-06, 1.09366164907e-05, 1.15769689728e-05, 4.75388378618e-06, 1.19359788187e-06, 4.04530709375e-07, 6.12527230714e-07, 1.63949664511e-07, 1.45826945186e-07, 1.3171499802e-07, 6.03751431072e-08, 7.42660120068e-08, 1.71017500161e-09, 1.14539391305e-08, 5.66519231526e-09, 1.21734453629e-08, 4.51078596697e-09, 1.39285891848e-12, 1.72811385427e-12, 2.32920800702e-12, 6.48057454054e-14, 2.29468950352e-14, 3.60323712946e-16, 3.15106678854e-17], "dmean": [0.000131527907797, 0.00153394276276, 0.000439698866103, 0.000670242938213, 0.00205255788751, 0.0018108432414, 0.00106447970029, 0.000578752835281, 0.000404865073506, 0.000460022711195, 0.000174387809238, 0.000207835037145, 0.000195441942196, 9.09181981115e-05, 0.000120408381918, 1.54069930431e-05, 3.66781641787e-05, 1.91481121874e-05, 1.90327664313e-05, 5.75312287765e-06, 7.00386692642e-07, 4.85483269586e-07, 3.58638516218e-07, 1.12566453936e-07, 5.57503128107e