{"tonal": {"thpcp": [1, 0.555300831795, 0.0580493807793, 0.022019861266, 0.0359136015177, 0.148523151875, 0.288916140795, 0.207644701004, 0.14096686244, 0.293970137835, 0.250690430403, 0.086748495698, 0.0483678914607, 0.026355240494, 0.0484590604901, 0.0889837741852, 0.0673576518893, 0.0256743729115, 0.0155583051965, 0.0242736246437, 0.228397995234, 0.660899043083, 0.602448821068, 0.344528973103, 0.361816972494, 0.200341582298, 0.0452054403722, 0.0326837524772, 0.0543502680957, 0.235073968768, 0.491606235504, 0.367410302162, 0.090963549912, 0.0340197086334, 0.0652195513248, 0.539837837219], "hpcp": {"dmean2": [0.108369059861, 0.116813115776, 0.0913472026587, 0.104643844068, 0.0998236835003, 0.0554713234305, 0.0298378709704, 0.0236361958086, 0.0363292135298, 0.0415891967714, 0.0454822555184, 0.0277338437736, 0.0195806995034, 0.0331650339067, 0.118185728788, 0.180334821343, 0.206310227513, 0.18099591136, 0.104770436883, 0.0970604792237, 0.0490029193461, 0.0286860391498, 0.055374275893, 0.162241339684, 0.158984586596, 0.161637976766, 0.0750480815768, 0.0350336097181, 0.0687996223569, 0.179169461131, 0.165920510888, 0.166796803474, 0.05316067487, 0.0279938392341, 0.0496799610555, 0.09666249156], "median": [0.0254773981869, 0.0256255306304, 0.0338588915765, 0.0553593933582, 0.0478999987245, 0.0187040604651, 0.00445856992155, 0.00304554775357, 0.00478560104966, 0.00910991989076, 0.00628795102239, 0.00172403489705, 0.000626061810181, 0.000762406387366, 0.0539630427957, 0.195294708014, 0.189816176891, 0.0828668177128, 0.0057480991818, 0.00238259183243, 0.00157079752535, 0.00123670557514, 0.00298710726202, 0.030062161386, 0.0780613720417, 0.0518353953958, 0.0111316572875, 0.00173426151741, 0.00596876535565, 0.254345774651, 0.514775335789, 0.256773114204, 0.00682061724365, 0.000753386586439, 0.000630754278973, 0.00777954282239], "min": [0, 0, 0, 0, 0, 0, 0, 0, 0, 0, 0, 0, 0, 0, 4.49895742349e-05, 0, 0, 0, 0, 0, 0, 0, 0, 0, 0, 2.59273037955e-05, 1.03650654637e-05, 6.50420770398e-06, 4.15789463659e-06, 0, 0, 0, 0, 0, 0, 1.43404949995e-05], "dvar2": [0.0454515218735, 0.047353297472, 0.0278626792133, 0.0295193027705, 0.0266865640879, 0.0101104322821, 0.00816205516458, 0.00618741475046, 0.0130280647427, 0.0112901525572, 0.01573459059, 0.0118738440797, 0.00881858449429, 0.0117730079219, 0.0320462696254, 0.061594158411, 0.0653565302491, 0.0614440403879, 0.0444875843823, 0.0446981601417, 0.0229212287813, 0.0113603873178, 0.0200757328421, 0.081223256886, 0.059740934521, 0.0703146904707, 0.023272363469, 0.0148927159607, 0.024925108999, 0.0571297369897, 0.0589793249965, 0.0466015823185, 0.0193910486996, 0.0152653101832, 0.0247304961085, 0.0494263619184], "dvar": [0.0192456841469, 0.0171759855002, 0.00986078381538, 0.0131508139893, 0.0117313973606, 0.00398411601782, 0.00335626816377, 0.00223948759958, 0.00438887160271, 0.0045609222725, 0.00566234346479, 0.00424925191328, 0.00330798514187, 0.00433396268636, 0.0120979687199, 0.0248496346176, 0.0268185865134, 0.0227922853082, 0.0194319672883, 0.0160909388214, 0.00770384632051, 0.00439095403999, 0.00775018334389, 0.0273219943047, 0.026208974421, 0.0260562393814, 0.00825516041368, 0.00557209318504, 0.00928846560419, 0.021533569321, 0.0275324247777, 0.0177970118821, 0.0070573668927, 0.00549345929176, 0.00882819946855, 0.0169477444142], "dmean": [0.0662828758359, 0.0700429305434, 0.0539346300066, 0.0679611042142, 0.0655348449945, 0.0337457917631, 0.01944803074, 0.0138249099255, 0.0209378153086, 0.0260809417814, 0.0266168192029, 0.0155708547682, 0.0108524654061, 0.0182543266565, 0.0714600980282, 0.112754076719, 0.127549961209, 0.109592862427, 0.0651849061251, 0.0587405115366, 0.0271999519318, 0.0162682570517, 0.0311394799501, 0.0932421833277, 0.0988802090287, 0.0985737815499, 0.0435798317194, 0.019693352282, 0.0391064248979, 0.111586667597, 0.10451836884, 0.104909613729, 0.0302483011037, 0.0153372846544, 0.0267549175769, 0.0554867982864], "max": [1, 1, 1, 1, 1, 1, 1, 1, 1, 1, 1, 1, 1, 1, 1, 1, 1, 1, 1, 1, 1, 1, 1, 1, 1, 1, 1, 1, 1, 1, 1, 1, 1, 1, 1, 1], "var": [0.0757651999593, 0.0379971973598, 0.0142953395844, 0.059817686677, 0.0421810746193, 0.00625282945111, 0.00548040634021, 0.00194446381647, 0.00471683079377, 0.0122665334493, 0.0096183642745, 0.00353496382013, 0.00252097309567, 0.00328340264969, 0.0241067465395, 0.13069678843, 0.102098695934, 0.0522929653525, 0.113330505788, 0.0422492921352, 0.00649062357843, 0.00586151238531, 0.00827313866466, 0.0454559586942, 0.123479515314, 0.0815489366651, 0.0101032247767, 0.00477499887347, 0.008480402641, 0.061665918678, 0.164283379912, 0.0637668818235, 0.00722518889233, 0.00495215877891, 0.00787720736116, 0.0290798489004], "mean": [0.156442433596, 0.112435542047, 0.0763307958841, 0.159179076552, 0.135743960738, 0.0469726137817, 0.0261902660131, 0.014270846732, 0.0262396316975, 0.0481829717755, 0.0364728495479, 0.0139021705836, 0.00842451769859, 0.0131436921656, 0.123673044145, 0.357863903046, 0.326214253902, 0.186555698514, 0.195916801691, 0.108481042087, 0.0244778618217, 0.0176976118237, 0.0294296052307, 0.127287954092, 0.26619514823, 0.198945492506, 0.0492549799383, 0.0184210054576, 0.0353151112795, 0.292311608791, 0.54148042202, 0.300684541464, 0.0314326025546, 0.0119233233854, 0.0194465126842, 0.0804223790765]}, "tuning_equal_tempered_deviation": 0.0635579526424, "chords_changes_rate": 0.0371085368097, "key_key": "G", "tuning_diatonic_strength": 0.565559506416, "key_scale": "minor", "chords_number_rate": 0.00150150153786, "tuning_frequency": 438.731048584, "tuning_nontempered_energy_ratio": 0.701236069202, "chords_histogram": [47.0398979187, 9.95281028748, 14.3715143204, 0.128700122237, 0.0858000889421, 0.81510078907, 0, 3.41055345535, 0, 2.57400250435, 0, 0.257400244474, 0.386100381613, 0, 0, 0, 0, 0, 0, 0, 0.0214500222355, 0, 15.594165802, 5.36250543594], "key_strength": 0.702320456505, "chords_key": "G", "chords_strength": {"dmean2": 0.00446979608387, "median": 0.510584115982, "min": 0.260863184929, "dvar2": 1.75523873622e-05, "dvar": 2.17653323489e-05, "dmean": 0.00558317592368, "max": 0.726891338825, "var": 0.00630142912269, "mean": 0.509492099285}, "chords_scale": "minor", "hpcp_entropy": {"dmean2": 0.770904541016, "median": 1.72069740295, "min": 0.0376560650766, "dvar2": 0.455335319042, "dvar": 0.17474719882, "dmean": 0.458695620298, "max": 3.50630521774, "var": 0.551617622375, "mean": 1.63506352901}}, "metadata": {"audio_properties": {"equal_loudness": 0, "codec": "flac", "downmix": "mix", "sample_rate": 44100, "analysis_sample_rate": 44100, "bit_rate": 0, "md5_encoded": "7eeb6b75df40db72e9e6f6e404832d3d", "length": 216.440002441, "replay_gain": -8.70450782776, "lossless": true}, "version": {"essentia_build_sha": "5c9e65ec81695c916afb4cba055c226bfc528ee6", "essentia": "2.1-beta1", "extractor": "music 1.0", "essentia_git_sha": "v2.1_beta1-28-g21ef5f4"}, "tags": {"title": ["Stay With Me"], "barcode": ["075597990126"], "media": ["CD"], "albumartist": ["Clint Mansell"], "tracktotal": ["10"], "albumartistsort": ["Mansell, Clint"], "performer": ["Mogwai", "Kronos Quartet"], "releasetype": ["album", "soundtrack"], "musicbrainz_recordingid": ["131b5595-6fbc-48f2-b7c3-e6fecdc74cd5"], "composer": ["Clint Mansell"], "musicbrainz_albumid": ["33abead4-3015-438f-9ea3-97f2cc5cb278"], "mixer": ["Geoff Foster"], "musicbrainz_albumartistid": ["fc015f11-be38-4b7d-b3e8-5d809242ecec"], "musicbrainz_releasegroupid": ["c2f448d3-2df4-3c2b-9e27-7ae3f3cd6e1e"], "ensemble": ["Clint Mansell"], "totaldiscs": ["1"], "catalognumber": ["79901-2"], "releasecountry": ["US"], "file_name": "04 Stay With Me.flac", "originaldate": ["2006-11-21"], "producer": ["Geoff Foster"], "date": ["2006"], "genre": ["Soundtrack"], "encoder": ["MediaMonkey 3.2.4"], "disctotal": ["1"], "tracknumber": ["4"], "releasestatus": ["official"], "musicbrainz_artistid": ["fc015f11-be38-4b7d-b3e8-5d809242ecec"], "asin": ["B000IU3YKU"], "musicbrainz_workid": ["47bab7af-553b-372a-b578-dcffb26e4e5a"], "album artist": ["Clint Mansell"], "artist": ["Clint Mansell"], "totaltracks": ["10"], "artistsort": ["Mansell, Clint"], "album": ["The Fountain"], "label": ["Nonesuch"], "isrc": ["USNO10600912"], "discnumber": ["1"], "script": ["Latn"], "rating": ["40"], "acoustid_id": ["1cf512cf-cc77-4a12-bc4b-071153089a01"]}}, "rhythm": {"bpm_histogram_first_peak_bpm": {"dmean2": 0, "median": 178, "min": 178, "dvar2": 0, "dvar": 0, "dmean": 0, "max": 178, "var": 0, "mean": 178}, "bpm": 178.205825806, "bpm_histogram_second_peak_spread": {"dmean2": 0, "median": 0, "min": 0, "dvar2": 0, "dvar": 0, "dmean": 0, "max": 0, "var": 0, "mean": 0}, "bpm_histogram_first_peak_weight": {"dmean2": 0, "median": 0.341549307108, "min": 0.341549307108, "dvar2": 0, "dvar": 0, "dmean": 0, "max": 0.341549307108, "var": 0, "mean": 0.341549307108}, "onset_rate": 0.577483475208, "beats_position": [0.510838985443, 1.04489791393, 1.57895684242, 2.10140585899, 2.62385487556, 3.15791368484, 3.68036270142, 4.20281171799, 4.72526073456, 5.24770975113, 5.7701587677, 6.26938772202, 6.78022670746, 7.2910656929, 7.81351470947, 8.33596324921, 8.91646194458, 9.4853515625, 10.0426301956, 10.6347389221, 11.2268476486, 11.8189563751, 12.3762359619, 12.933514595, 13.4907932281, 14.0480718613, 14.6053514481, 15.1626300812, 15.7199087143, 16.2771873474, 16.8344669342, 17.3801364899, 17.9258041382, 18.483083725, 19.0287532806, 19.574420929, 20.1200904846, 20.6657600403, 21.2230377197, 21.7803173065, 22.3259868622, 22.8716545105, 23.4173240662, 23.9629936218, 24.5086612701, 25.0543308258, 25.6000003815, 26.1456680298, 26.6913375854, 27.2370071411, 27.7826747894, 28.3283443451, 28.8740139008, 29.4196815491, 29.9305210114, 30.4413604736, 30.9521980286, 31.3004989624, 31.66040802, 32.0203170776, 32.3802261353, 32.7285270691, 33.0768241882, 33.4135131836, 33.750202179, 34.0868911743, 34.4351921082, 34.783493042, 35.1201820374, 35.4684791565, 35.8283882141, 36.1766891479, 36.5249862671, 36.8848991394, 37.2331962585, 37.5931053162, 37.9530143738, 38.3013153076, 38.6496124268, 38.9979133606, 39.3578224182, 39.7177314758, 40.0776405334, 40.4375495911, 40.7974586487, 41.1573677063, 41.5172767639, 41.8771858215, 42.2370948792, 42.5970077515, 42.9336967468, 43.281993866, 43.6302947998, 43.9785919189, 44.3268928528, 44.6635818481, 45.011882782, 45.3485717773, 45.6852607727, 46.0219497681, 46.3586387634, 46.6953277588, 47.0320167542, 47.3687057495, 47.7053947449, 48.0420837402, 48.3787727356, 48.7270736694, 49.0637626648, 49.4120635986, 49.7603607178, 50.0970497131, 50.445350647, 50.7820396423, 51.1187286377, 51.4438095093, 51.7921066284, 52.1287956238, 52.4770965576, 52.8253974915, 53.1620864868, 53.4987754822, 53.8470726013, 54.1837615967, 54.5204544067, 54.8687515259, 55.2170524597, 55.5653495789, 55.9136505127, 56.2503395081, 56.5870285034, 56.9237174988, 57.2604064941, 57.5970954895, 57.9337844849, 58.2820854187, 58.6187744141, 58.9554634094, 59.2921524048, 59.6288414001, 59.9655303955, 60.3022193909, 60.6505203247, 60.9988212585, 61.3471183777, 61.6954193115, 62.0437164307, 62.380405426, 62.7170982361, 63.0537872314, 63.3904762268, 63.7271652222, 64.0638504028, 64.4121551514, 64.7604522705, 65.0971450806, 65.4338302612, 65.7821273804, 66.1304321289, 66.4671173096, 66.8154220581, 67.1521072388, 67.5004043579, 67.8254852295, 68.1621780396, 68.4988632202, 68.8471679688, 69.1838531494, 69.5205459595, 69.8688430786, 70.2171401978, 70.5538330078, 70.902130127, 71.238822937, 71.5871200562, 71.9238052368, 72.2604980469, 72.608795166, 72.9454879761, 73.2821731567, 73.6188659668, 73.9555511475, 74.2922439575, 74.6289291382, 74.9772338867, 75.3139190674, 75.6506118774, 75.9872970581, 76.3239898682, 76.6722869873, 77.0205917358, 77.3572769165, 77.7055740356, 78.0422668457, 78.3905639648, 78.7156448364, 79.0639419556, 79.4006347656, 79.7373199463, 80.0856246948, 80.433921814, 80.7822189331, 81.1305236816, 81.4672088623, 81.8039016724, 82.1289749146, 82.4656677246, 82.8139648438, 83.1506576538, 83.4989547729, 83.835647583, 84.1723327637, 84.5090255737, 84.8457107544, 85.1940155029, 85.5423126221, 85.8906097412, 86.2273025513, 86.5639877319, 86.900680542, 87.2373657227, 87.5856704712, 87.9339675903, 88.270652771, 88.6189575195, 88.9556427002, 89.2923355103, 89.6290206909, 89.9773254395, 90.3256225586, 90.6623077393, 90.9990005493, 91.3356933594, 91.67237854, 92.0206756592, 92.3689804077, 92.7056655884, 93.0539703369, 93.3906555176, 93.7273483276, 94.0640335083, 94.4123306274, 94.7490234375, 95.0857162476, 95.4340133667, 95.7706985474, 96.1073913574, 96.4556884766, 96.8039855957, 97.1406784058, 97.4773712158, 97.825668335, 98.1739654541, 98.5222625732, 98.8589553833, 99.1956481934, 99.5207214355, 99.8574142456, 100.194099426, 100.519180298, 100.867477417, 101.204170227, 101.552467346, 101.889160156, 102.237457275, 102.585754395, 102.934059143, 103.270744324, 103.607437134, 103.955734253, 104.304031372, 104.652336121, 105.00063324, 105.33732605, 105.67401123, 106.02230835, 106.35900116, 106.707298279, 107.043991089, 107.38067627, 107.71736908, 108.05405426, 108.39074707, 108.727432251, 109.064125061, 109.41242218, 109.74911499, 110.097412109, 110.445709229, 110.782402039, 111.119087219, 111.455780029, 111.804077148, 112.152381897, 112.489067078, 112.825759888, 113.162445068, 113.499137878, 113.847434998, 114.195732117, 114.532424927, 114.869110107, 115.217414856, 115.554100037, 115.890792847, 116.239089966, 116.575782776, 116.924079895, 117.272377014, 117.609069824, 117.945755005, 118.282447815, 118.619132996, 118.955825806, 119.292518616, 119.629203796, 119.954284668, 120.27936554, 120.639274597, 120.987571716, 121.335868835, 121.684173584, 122.020858765, 122.357551575, 122.694236755, 123.030929565, 123.379226685, 123.715919495, 124.052604675, 124.389297485, 124.725982666, 125.074279785, 125.410972595, 125.736053467, 126.084350586, 126.432647705, 126.780952454, 127.117637634, 127.454330444, 127.802627563, 128.150924683, 128.499221802, 128.847518921, 129.195831299, 129.544128418, 129.892425537, 130.240722656, 130.577407837, 130.914108276, 131.239181519, 131.575866699, 131.924163818, 132.260864258, 132.597549438, 132.934234619, 133.282531738, 133.630844116, 133.979141235, 134.327438354, 134.675735474, 135.024032593, 135.372329712, 135.720626831, 136.068939209, 136.428848267, 136.788757324, 137.148666382, 137.508575439, 137.868484497, 138.228393555, 138.588302612, 138.94821167, 139.308120728, 139.668029785, 140.016326904, 140.376235962, 140.73614502, 141.096054077, 141.455963135, 141.815872192, 142.17578125, 142.512466431, 142.849151611, 143.209060669, 143.545761108, 143.882446289, 144.21913147, 144.567428589, 144.915740967, 145.252426147, 145.589111328, 145.925796509, 146.262496948, 146.599182129, 146.947479248, 147.284164429, 147.632461548, 147.980773926, 148.317459106, 148.654144287, 148.990829468, 149.339141846, 149.687438965, 150.024124146, 150.360809326, 150.697509766, 151.034194946, 151.370880127, 151.719177246, 152.055877686, 152.392562866, 152.740859985, 153.089157104, 153.437454224, 153.774139404, 154.134063721, 154.48236084, 154.842269897, 155.202178955, 155.573699951, 155.933609009, 156.316726685, 156.688247681, 157.059768677, 157.431289673, 157.802810669, 158.162719727, 158.522628784, 158.870925903, 159.219223022, 159.57913208, 159.915817261, 160.264129639, 160.589202881, 160.925888062, 161.262588501, 161.599273682, 161.935958862, 162.284255981, 162.620956421, 162.96925354, 163.317550659, 163.642623901, 163.979324341, 164.316009521, 164.652694702, 164.989379883, 165.326080322, 165.674377441, 166.022674561, 166.37097168, 166.719268799, 167.067565918, 167.415863037, 167.764175415, 168.124084473, 168.48399353, 168.843902588, 169.203811646, 169.563720703, 169.923629761, 170.283538818, 170.643447876, 171.003356934, 171.363265991, 171.723175049, 172.083084106, 172.442993164, 172.802902222, 173.162811279, 173.511108398, 173.859405518, 174.219314575, 174.567611694, 174.915908813, 175.264221191, 175.624130249, 175.984039307, 176.343948364, 176.703857422, 177.063766479, 177.423675537, 177.795196533, 178.155105591, 178.515014648, 178.874923706, 179.234832764, 179.583129883, 179.94303894, 180.302947998, 180.651245117, 180.999542236, 181.347839355, 181.696136475, 182.044433594, 182.392745972, 182.741043091, 183.08934021, 183.437637329, 183.785934448, 184.134231567, 184.470932007, 184.807617188, 185.167526245, 185.527435303, 185.88734436, 186.247253418, 186.595550537, 186.955459595, 187.303756714, 187.640457153, 187.988754272, 188.337051392, 188.685348511, 189.022033691, 189.358734131, 189.695419312, 190.020492554, 190.357177734, 190.705490112, 191.053787231, 191.402084351, 191.75038147, 192.098678589, 192.446975708, 192.795272827, 193.259674072, 193.724075317, 194.200088501, 194.664489746, 195.128890991, 195.593276978, 196.16217041, 196.719451904, 197.26512146, 197.822402954, 198.391296387, 198.948562622, 199.55229187, 200.167617798, 200.782943726, 201.398269653, 202.013595581, 202.628936768, 203.244262695, 203.847976685, 204.451690674, 205.06703186, 205.682357788, 206.309295654, 206.889785767, 207.470291138, 208.062393188, 208.64289856, 209.23500061, 209.699401855, 210.163803101, 210.628204346, 211.080993652, 211.533782959, 211.986572266, 212.439361572, 212.903762817, 213.379776001, 213.855773926, 214.320175171, 214.784576416, 215.248977661, 215.724990845], "beats_loudness": {"dmean2": 0.0265479721129, "median": 0.0267443787307, "min": 3.66229651263e-05, "dvar2": 0.00109341309872, "dvar": 0.000404283811804, "dmean": 0.0155352391303, "max": 0.187452405691, "var": 0.000948842556681, "mean": 0.0348092280328}, "danceability": 0.904093027115, "bpm_histogram_second_peak_weight": {"dmean2": 0, "median": 0.316901415586, "min": 0.316901415586, "dvar2": 0, "dvar": 0, "dmean": 0, "max": 0.316901415586, "var": 0, "mean": 0.316901415586}, "beats_count": 569, "bpm_histogram_second_peak_bpm": {"dmean2": 0, "median": 172, "min": 172, "dvar2": 0, "dvar": 0, "dmean": 0, "max": 172, "var": 0, "mean": 172}, "bpm_histogram_first_peak_spread": {"dmean2": 0, "median": 0, "min": 0, "dvar2": 0, "dvar": 0, "dmean": 0, "max": 0, "var": 0, "mean": 0}, "beats_loudness_band_ratio": {"dmean2": [0.258369415998, 0.242315739393, 0.184949114919, 0.0271252449602, 0.00618483126163, 0.000520063389558], "median": [0.533106267452, 0.356056600809, 0.150830045342, 0.0146664297208, 0.0029778489843, 0.000187066572835], "min": [0.0208825897425, 0.0132355438545, 0.0085029695183, 0.000808004813734, 0.000124340702314, 8.17465388536e-06], "dvar2": [0.0430302545428, 0.0372696109116, 0.0338165611029, 0.00162885594182, 7.9782003013e-05, 1.0073872545e-06], "dvar": [0.0191613752395, 0.0151665853336, 0.0128361582756, 0.000664912979119, 3.07497575704e-05, 3.8343353026e-07], "dmean": [0.157670736313, 0.147929251194, 0.111689344049, 0.0165052320808, 0.00360422744416, 0.000311291631078], "max": [0.949438393116, 0.873535454273, 0.856530606747, 0.322295337915, 0.0591810308397, 0.00744567019865], "var": [0.0472754314542, 0.0392337329686, 0.0231467448175, 0.00105061044451, 5.12249753228e-05, 9.55241262091e-07], "mean": [0.516143262386, 0.366476535797, 0.203679546714, 0.0241888873279, 0.00560050969943, 0.000548216630705]}}, "lowlevel": {"barkbands_spread": {"dmean2": 1.78726947308, "median": 4.60238361359, "min": 0.514258384705, "dvar2": 5.13911724091, "dvar": 1.89862644672, "dmean": 1.10380041599, "max": 25.595375061, "var": 9.43239307404, "mean": 5.36524152756}, "melbands_spread": {"dmean2": 1.93988871574, "median": 5.5887093544, "min": 0.187283292413, "dvar2": 5.21831941605, "dvar": 1.95399677753, "dmean": 1.21596062183, "max": 32.8479957581, "var": 11.343380928, "mean": 6.33731937408}, "hfc": {"dmean2": 2.45640850067, "median": 5.71561717987, "min": 1.85873795999e-06, "dvar2": 15.7799577713, "dvar": 7.79925775528, "dmean": 1.62802743912, "max": 79.3274536133, "var": 56.6615486145, "mean": 7.44598293304}, "barkbands_kurtosis": {"dmean2": 4.45716810226, "median": 3.97619438171, "min": -1.75372743607, "dvar2": 158.59916687, "dvar": 81.0308303833, "dmean": 2.7438044548, "max": 743.739929199, "var": 208.942367554, "mean": 5.90756893158}, "gfcc": {"mean": [-146.347640991, 189.538085938, -74.9328994751, -15.0218191147, -32.1211433411, -15.4343328476, -34.5984802246, 6.26264715195, -15.0167732239, -1.17216956615, -9.77519512177, -1.46011185646, -2.28964018822], "icov": [[0.00079780491069, -0.00225263950415, 0.00129678694066, -0.00147762231063, 0.00129354535602, -0.00160483783111, 0.00139606080484, -0.00159902067389, 0.00234359316528, -0.00127674883697, 0.00173381168861, -0.000493723433465, -0.000236445324845], [-0.00225263950415, 0.0107453661039, -0.00540377944708, 0.00826515629888, -0.00966373831034, 0.0101261604577, -0.006476896815, 0.00767579721287, -0.00933497585356, 0.00852943025529, -0.00900044664741, 0.0065983212553, -0.00153109570965], [0.00129678694066, -0.00540377944708, 0.00618030363694, -0.00371642131358, 0.00499692652375, -0.00682020699605, 0.00335508561693, -0.00237541855313, 0.0034339716658, -0.00286303693429, 0.00271264556795, -0.00153466325719, 0.000377051270334], [-0.00147762231063, 0.00826515629888, -0.00371642131358, 0.0128639023751, -0.0121090216562, 0.010935661383, -0.00795175507665, 0.00608606124297, -0.00423886720091, 0.00431010359898, -0.00680046482012, 0.005396630615, -0.000259730848484], [0.00129354535602, -0.00966373831034, 0.00499692652375, -0.0121090216562, 0.0191272366792, -0.0118923746049, 0.00761191360652, -0.00744915381074, 0.00534812547266, -0.00486374646425, 0.00616252515465, -0.00346648297273, -9.07745270524e-05], [-0.00160483783111, 0.0101261604577, -0.00682020699605, 0.010935661383, -0.0118923746049, 0.0195257831365, -0.00882783811539, 0.0053139119409, -0.00511565618217, 0.00398687971756, -0.00378699111752, 0.00249695358798, 0.000403087789891], [0.00139606080484, -0.006476896815, 0.00335508561693, -0.00795175507665, 0.00761191360652, -0.00882783811539, 0.0154020115733, -0.00937982555479, 0.00421721767634, -0.00235348986462, 0.00160422804765, -0.000373599759769, -0.00116148369852], [-0.00159902067389, 0.00767579721287, -0.00237541855313, 0.00608606124297, -0.00744915381074, 0.0053139119409, -0.00937982555479, 0.0210024695843, -0.0118123665452, 0.00454568723217, -0.00388658442535, 0.00176678842399, 0.00102530536242], [0.00234359316528, -0.00933497585356, 0.0034339716658, -0.00423886720091, 0.00534812547266, -0.00511565618217, 0.00421721767634, -0.0118123665452, 0.0264371968806, -0.0160104092211, 0.00868103001267, -0.00346919614822, -0.00166887347586], [-0.00127674883697, 0.00852943025529, -0.00286303693429, 0.00431010359898, -0.00486374646425, 0.00398687971756, -0.00235348986462, 0.00454568723217, -0.0160104092211, 0.0284097269177, -0.016285603866, 0.00743325660005, -0.0016726803733], [0.00173381168861, -0.00900044664741, 0.00271264556795, -0.00680046482012, 0.00616252515465, -0.00378699111752, 0.00160422804765, -0.00388658442535, 0.00868103001267, -0.016285603866, 0.0303196329623, -0.0193511936814, 0.00792937446386], [-0.000493723433465, 0.0065983212553, -0.00153466325719, 0.005396630615, -0.00346648297273, 0.00249695358798, -0.000373599759769, 0.00176678842399, -0.00346919614822, 0.00743325660005, -0.0193511936814, 0.0339222215116, -0.0159351807088], [-0.000236445324845, -0.00153109570965, 0.000377051270334, -0.000259730848484, -9.07745270524e-05, 0.000403087789891, -0.00116148369852, 0.00102530536242, -0.00166887347586, -0.0016726803733, 0.00792937446386, -0.0159351807088, 0.0226786006242]], "cov": [[7505.88818359, 2495.69018555, -479.092590332, 463.853302002, 681.512634277, -646.603027344, -118.560691833, -225.547821045, -246.016387939, -451.815124512, -198.940155029, -364.738708496, 40.2151947021], [2495.69018555, 1463.5065918, 56.4944839478, 85.1899490356, 294.983093262, -320.446350098, -22.4945793152, -142.062240601, -9.43776607513, -190.420089722, -17.0486297607, -160.002044678, 15.8045148849], [-479.092590332, 56.4944839478, 388.694671631, -100.155593872, -55.1387519836, 98.6951522827, -1.81868982315, -16.9305515289, 23.245344162, 15.6778421402, 18.0245666504, 9.53549861908, -6.82800245285], [463.853302002, 85.1899490356, -100.155593872, 339.442718506, 155.176635742, -107.983634949, 49.8834114075, -6.41988897324, -28.4826850891, -19.8577079773, 8.27850532532, -45.4107971191, -16.8374881744], [681.512634277, 294.983093262, -55.1387519836, 155.176635742, 213.41317749, -58.5167999268, 6.56591653824, -9.35361385345, -11.0863523483, -41.8078842163, -13.6622753143, -47.936882019, -0.43759265542], [-646.603027344, -320.446350098, 98.6951522827, -107.983634949, -58.5167999268, 213.746398926, 28.1441955566, 43.302520752, 15.6743040085, 45.7864303589, -2.23293805122, 40.1207199097, -2.3007850647], [-118.560691833, -22.4945793152, -1.81868982315, 49.8834114075, 6.56591653824, 28.1441955566, 129.833221436, 48.1822013855, 18.4546108246, 12.5365619659, 13.7744693756, -1.75310790539, -1.92138266563], [-225.547821045, -142.062240601, -16.9305515289, -6.41988897324, -9.35361385345, 43.302520752, 48.1822013855, 105.078842163, 40.9876899719, 33.1905708313, 4.78224420547, 14.9038162231, -0.560349166393], [-246.016387939, -9.43776607513, 23.245344162, -28.4826850891, -11.0863523483, 15.6743040085, 18.4546108246, 40.9876899719, 96.6694030762, 50.326751709, 15.6929864883, 11.2266941071, 8.08148193359], [-451.815124512, -190.420089722, 15.6778421402, -19.8577079773, -41.8078842163, 45.7864303589, 12.5365619659, 33.1905708313, 50.326751709, 103.394073486, 42.7289505005, 31.2313251495, -1.55976474285], [-198.940155029, -17.0486297607, 18.0245666504, 8.27850532532, -13.6622753143, -2.23293805122, 13.7744693756, 4.78224420547, 15.6929864883, 42.7289505005, 85.6876678467, 39.2187652588, -1.05218601227], [-364.738708496, -160.002044678, 9.53549861908, -45.4107971191, -47.936882019, 40.1207199097, -1.75310790539, 14.9038162231, 11.2266941071, 31.2313251495, 39.2187652588, 86.6424484253, 33.3445968628], [40.2151947021, 15.8045148849, -6.82800245285, -16.8374881744, -0.43759265542, -2.3007850647, -1.92138266563, -0.560349166393, 8.08148193359, -1.55976474285, -1.05218601227, 33.3445968628, 69.7446975708]]}, "spectral_energyband_middle_low": {"dmean2": 0.00756810745224, "median": 0.0130810039118, "min": 4.28359125948e-09, "dvar2": 0.000124177269754, "dvar": 5.60150474485e-05, "dmean": 0.00484691886231, "max": 0.19065515697, "var": 0.000365114421584, "mean": 0.0182580817491}, "melbands_crest": {"dmean2": 4.20405817032, "median": 13.5732746124, "min": 5.30513095856, "dvar2": 16.9427757263, "dvar": 6.24801683426, "dmean": 2.59899091721, "max": 39.354095459, "var": 25.695941925, "mean": 14.6400499344}, "spectral_kurtosis": {"dmean2": 20.1491622925, "median": 35.9430427551, "min": -1.23498368263, "dvar2": 393.948699951, "dvar": 134.661743164, "dmean": 11.6806726456, "max": 193.705612183, "var": 822.729370117, "mean": 43.1234054565}, "spectral_rms": {"dmean2": 0.000752683437895, "median": 0.00462707644328, "min": 2.35270658777e-06, "dvar2": 6.96262418387e-07, "dvar": 3.02028070109e-07, "dmean": 0.000484389369376, "max": 0.0154871158302, "var": 6.55207622913e-06, "mean": 0.00453808624297}, "zerocrossingrate": {"dmean2": 0.00306237884797, "median": 0.01611328125, "min": 0.00146484375, "dvar2": 1.17789904834e-05, "dvar": 6.99811107552e-06, "dmean": 0.00223534554243, "max": 0.0791015625, "var": 5.02428010805e-05, "mean": 0.0176085010171}, "silence_rate_60dB": {"dmean2": 0.00901190843433, "median": 0, "min": 0, "dvar2": 0.0110764307901, "dvar": 0.00448521273211, "dmean": 0.00450547086075, "max": 1, "var": 0.137705340981, "mean": 0.164861097932}, "erbbands_kurtosis": {"dmean2": 2.51289463043, "median": 2.40733671188, "min": -1.45473361015, "dvar2": 10.0377216339, "dvar": 4.66798830032, "dmean": 1.63722240925, "max": 69.5213470459, "var": 23.8381061554, "mean": 3.74653410912}, "erbbands": {"dmean2": [0.0232471618801, 0.534021139145, 2.14869022369, 5.24023199081, 10.9909801483, 6.88609695435, 19.2966041565, 29.1718673706, 32.5257606506, 23.8930664062, 7.77813959122, 6.58456802368, 13.877779007, 6.63185358047, 2.69386386871, 2.92663407326, 0.856872916222, 0.881961464882, 1.48161053658, 0.937698125839, 1.05347800255, 0.870260596275, 0.334509372711, 0.181632101536, 0.109592050314, 0.0557364784181, 0.0151538848877, 0.00863037072122, 0.00367141375318, 0.0015378020471, 0.00128649920225, 0.000696116127074, 0.00133931019809, 0.000906287750695, 0.000746149860788, 0.000340073049301, 0.000126245940919, 3.70856141672e-05, 7.68098016124e-06, 9.81118137133e-06], "median": [0.0331501103938, 0.75490039587, 2.17424154282, 3.76930522919, 8.03777694702, 6.81852245331, 12.862786293, 23.0719890594, 20.3030700684, 11.6231679916, 8.15087509155, 4.71160888672, 5.50095891953, 3.30193567276, 1.88069546223, 1.93834972382, 0.850424170494, 0.846518218517, 1.01705646515, 0.877597928047, 0.72768419981, 0.552092671394, 0.193794026971, 0.0909436941147, 0.0542225949466, 0.0308439899236, 0.0110770054162, 0.00677796825767, 0.00418624095619, 0.00203567161225, 0.00188425858505, 0.00134651665576, 0.00182837352622, 0.0013605596032, 0.00106579018757, 0.000536280858796, 0.000221346184844, 7.88961770013e-05, 2.87038583338e-05, 2.55658815149e-05], "min": [1.54601860203e-08, 1.56874250479e-07, 6.45895909201e-07, 9.40707366226e-07, 6.71227553539e-07, 8.4607916051e-07, 2.90741877507e-06, 1.12719899334e-05, 7.60350349083e-06, 3.35425215781e-06, 2.60155070464e-06, 9.30514204356e-07, 1.40452993946e-06, 3.32887026389e-07, 2.46074733923e-07, 1.63204077808e-07, 1.05549830209e-07, 1.51002353732e-07, 2.45228704898e-07, 2.66567383278e-07, 1.22605129604e-07, 1.14868718981e-07, 1.11400495939e-07, 8.50077057635e-08, 8.74507719573e-08, 1.00527550728e-07, 8.21188166356e-08, 4.32132907235e-08, 5.42724940544e-08, 6.27985698998e-08, 2.73340123869e-08, 2.84487526869e-08, 5.12701099353e-08, 1.26519132948e-08, 1.82062080967e-08, 1.56465702617e-08, 7.74652164637e-09, 3.17467563349e-09, 6.09033823373e-10, 7.66121402429e-11], "dvar2": [0.00107428291813, 1.03656029701, 19.4912242889, 76.3398361206, 325.886505127, 133.445526123, 1839.69128418, 4269.63916016, 5111.52197266, 2478.6796875, 126.992408752, 231.762893677, 1912.23156738, 284.951599121, 40.5499458313, 34.6815834045, 2.14393377304, 1.88808476925, 7.02738904953, 2.78335952759, 5.63836050034, 2.7526011467, 0.552118003368, 0.210629805923, 0.0685380101204, 0.0141178108752, 0.0013675710652, 0.00110336870421, 5.21129295521e-05, 8.91935360414e-06, 4.26952465205e-06, 8.71784664014e-07, 5.75876947551e-06, 3.37290157404e-06, 2.05693709177e-06, 5.59331738259e-07, 8.27926527336e-08, 5.93475979471e-09, 1.31900726452e-10, 1.93252552849e-10], "dvar": [0.000496938009746, 0.454678982496, 7.97214174271, 32.3078918457, 104.716285706, 57.9264717102, 583.521789551, 2215.30200195, 2776.59863281, 1004.8963623, 72.4299468994, 95.031463623, 1187.46936035, 151.789596558, 16.3480854034, 13.8611574173, 0.805139780045, 0.70007443428, 2.38791060448, 1.02120399475, 1.96202683449, 1.10559403896, 0.201813966036, 0.0858386158943, 0.027012327686, 0.0054695927538, 0.000613696407527, 0.000491971441079, 1.96139044419e-05, 3.44561703969e-06, 1.61821174061e-06, 3.2805706951e-07, 2.24554491979e-06, 1.24322093598e-06, 7.69481800944e-07, 2.03897769779e-07, 3.12094066146e-08, 2.14394368925e-09, 5.17097926978e-11, 8.91821685944e-11], "dmean": [0.0147190857679, 0.354545861483, 1.42845726013, 3.30203652382, 6.49093341827, 4.58219242096, 11.6789236069, 20.2210559845, 22.6522521973, 14.6377305984, 5.80121850967, 4.21377086639, 10.3143396378, 4.63684606552, 1.6844946146, 1.8353382349, 0.5155839324, 0.526825964451, 0.8644708395, 0.568380177021, 0.645253241062, 0.542760193348, 0.200510516763, 0.111771814525, 0.0666946321726, 0.0338716618717, 0.00939384754747, 0.00537346070632, 0.0021982556209, 0.000929075526074, 0.000771720893681, 0.000422654207796, 0.000813524820842, 0.000550975673832, 0.000452122912975, 0.000206317243283, 7.73319916334e-05, 2.24702489504e-05, 4.8449460337e-06, 6.36339837001e-06], "max": [0.693242907524, 14.656750679, 69.1652679443, 196.909927368, 262.991973877, 347.801147461, 498.245635986, 1522.2611084, 1327.06994629, 854.005187988, 214.816345215, 351.617736816, 1397.08605957, 685.075378418, 151.510787964, 223.833007812, 31.4656410217, 24.2213878632, 32.0226211548, 21.0526809692, 59.6247520447, 24.1193771362, 10.6160144806, 12.1774301529, 6.44049739838, 1.7145345211, 1.3414144516, 1.6336812973, 0.177108541131, 0.060848750174, 0.0357047431171, 0.0148261832073, 0.0781131610274, 0.0556364916265, 0.039032176137, 0.0163107663393, 0.00639367057011, 0.00196392089128, 0.000320991995977, 0.000272019475233], "var": [0.00417540455237, 3.38929438591, 56.1982955933, 138.688720703, 574.166992188, 426.035797119, 1204.72351074, 10073.0039062, 8829.62988281, 3255.19433594, 364.125152588, 278.742462158, 5617.68896484, 546.778747559, 33.3765029907, 25.2880363464, 1.82733643055, 1.74585306644, 4.5413517952, 2.86111855507, 8.28629875183, 2.90832924843, 0.650745749474, 0.250853210688, 0.140423953533, 0.0242704227567, 0.00198729685508, 0.000880615902133, 6.16482720943e-05, 1.18630932775e-05, 5.95888286625e-06, 1.70990961124e-06, 7.5483189903e-06, 6.03172293268e-06, 3.94853941543e-06, 1.04264506717e-06, 1.6532315783e-07, 1.21549952325e-08, 5.19896570239e-10, 8.3338336232e-10], "mean": [0.0568998046219, 1.47528290749, 4.92712974548, 7.29004621506, 16.6802959442, 13.2477073669, 23.5754013062, 51.6636276245, 52.2775497437, 28.3549995422, 14.6249952316, 9.3810749054, 23.3176307678, 10.5529270172, 3.50472521782, 3.35046696663, 1.18165242672, 1.20280587673, 1.64401471615, 1.38480579853, 1.53951716423, 1.18179368973, 0.497497528791, 0.285297960043, 0.179674208164, 0.0943229869008, 0.0280976556242, 0.0152343399823, 0.00671829795465, 0.00305814598687, 0.0025293068029, 0.00163920840714, 0.00251679751091, 0.00198607426137, 0.00157027028035, 0.000789819518104, 0.000324096035911, 0.000105499886558, 3.17642479786e-05, 3.18933816743e-05]}, "spectral_strongpeak": {"dmean2": 0.473509430885, "median": 0.436427354813, "min": 0, "dvar2": 0.443570017815, "dvar": 0.200934365392, "dmean": 0.284838289022, "max": 6.09733104706, "var": 0.612165808678, "mean": 0.699326455593}, "spectral_energy": {"dmean2": 0.00891562364995, "median": 0.0219450797886, "min": 5.67360869397e-09, "dvar2": 0.000159821443958, "dvar": 7.35334615456e-05, "dmean": 0.00577758206055, "max": 0.245847031474, "var": 0.00067382119596, "mean": 0.0278249904513}, "average_loudness": 0.42825371027, "spectral_rolloff": {"dmean2": 98.1374511719, "median": 409.130859375, "min": 21.533203125, "dvar2": 21400.5039062, "dvar": 8493.77539062, "dmean": 55.3950119019, "max": 1399.65820312, "var": 22901.1113281, "mean": 435.191436768}, "spectral_centroid": {"dmean2": 54.3498077393, "median": 376.259094238, "min": 169.34135437, "dvar2": 14192.0009766, "dvar": 11945.7978516, "dmean": 34.4723472595, "max": 10756.1455078, "var": 25636.4960938, "mean": 405.351776123}, "pitch_salience": {"dmean2": 0.101431310177, "median": 0.573911309242, "min": 0.0375134982169, "dvar2": 0.00761815952137, "dvar": 0.00279652001336, "dmean": 0.0617969371378, "max": 0.89226526022, "var": 0.0127940811217, "mean": 0.564192116261}, "spectral_energyband_middle_high": {"dmean2": 0.000330100068823, "median": 0.000449085782748, "min": 5.27172472342e-11, "dvar2": 4.95004371714e-07, "dvar": 2.65991218384e-07, "dmean": 0.000231349404203, "max": 0.0191097874194, "var": 1.19314950098e-06, "mean": 0.000720174110029}, "spectral_contrast_coeffs": {"dmean2": [0.0714038610458, 0.064876049757, 0.05145714432, 0.0364922136068, 0.0272529032081, 0.0175071824342], "median": [-0.63971978426, -0.672254264355, -0.758249878883, -0.806827366352, -0.794131994247, -0.83853662014], "min": [-0.969280779362, -0.965693950653, -0.964803755283, -0.984430134296, -0.961918950081, -0.970183432102], "dvar2": [0.00334378634579, 0.00289851380512, 0.00172201124951, 0.000794975727331, 0.000457019370515, 0.000216693428229], "dvar": [0.0011439769296, 0.00111354712863, 0.000671609595884, 0.000280436564935, 0.000173317806912, 8.15532112028e-05], "dmean": [0.042180493474, 0.0397727973759, 0.0318520478904, 0.0216327793896, 0.0164355393499, 0.0105014257133], "max": [-0.328333824873, -0.385880380869, -0.499300122261, -0.670335769653, -0.664636969566, -0.698979258537], "var": [0.00746476557106, 0.00569018069655, 0.00328727369197, 0.00115619297139, 0.0016028805403, 0.000951359863393], "mean": [-0.639399468899, -0.666304290295, -0.751802504063, -0.805899918079, -0.796259999275, -0.835149526596]}, "melbands_skewness": {"dmean2": 0.72004789114, "median": 1.48689508438, "min": -2.03240418434, "dvar2": 0.697366178036, "dvar": 0.265970140696, "dmean": 0.452893227339, "max": 28.1462268829, "var": 1.47031116486, "mean": 1.56980288029}, "spectral_spread": {"dmean2": 378808.375, "median": 1535568.125, "min": 407208.09375, "dvar2": 235240701952, "dvar": 180576763904, "dmean": 225276.1875, "max": 41234488, "var": 2119541719040.0, "mean": 1940586}, "dissonance": {"dmean2": 0.0669473409653, "median": 0.401469290257, "min": 0.170906469226, "dvar2": 0.00314519368112, "dvar": 0.00113431189675, "dmean": 0.0394909642637, "max": 0.500000059605, "var": 0.00324098882265, "mean": 0.39300942421}, "spectral_skewness": {"dmean2": 1.16642522812, "median": 4.47296524048, "min": -0.0054336427711, "dvar2": 1.11620342731, "dvar": 0.376924723387, "dmean": 0.675466060638, "max": 10.8986644745, "var": 2.94764494896, "mean": 4.76116037369}, "spectral_flux": {"dmean2": 0.0217852555215, "median": 0.0495916940272, "min": 0.000184559641639, "dvar2": 0.000748824328184, "dvar": 0.000283706496703, "dmean": 0.0131447073072, "max": 0.277608960867, "var": 0.00104446941987, "mean": 0.0510514751077}, "spectral_contrast_valleys": {"dmean2": [0.56300163269, 0.447424709797, 0.416490167379, 0.325894474983, 0.229895815253, 0.1729940027], "median": [-6.92177200317, -6.54693078995, -7.82354545593, -8.82204055786, -9.93527698517, -12.7863683701], "min": [-26.76720047, -27.13763237, -27.0326805115, -27.0752639771, -27.2227191925, -27.2978038788], "dvar2": [0.225184112787, 0.142892852426, 0.130157411098, 0.0790126174688, 0.0552151948214, 0.0330180563033], "dvar": [0.0921984240413, 0.0659957751632, 0.0582559034228, 0.0387304984033, 0.0316960439086, 0.0207505151629], "dmean": [0.334286689758, 0.272627770901, 0.24953892827, 0.192851409316, 0.137481689453, 0.104718513787], "max": [-5.27857446671, -4.90489387512, -5.7467455864, -6.8095407486, -8.41438102722, -11.6369972229], "var": [1.76196074486, 1.89429724216, 1.30311238766, 1.11295187473, 0.804813504219, 0.251507848501], "mean": [-7.34549474716, -6.99020338058, -8.21009254456, -9.17544269562, -10.0422697067, -12.8767290115]}, "erbbands_flatness_db": {"dmean2": 0.0205186735839, "median": 0.266766220331, "min": 0.0366199277341, "dvar2": 0.000338645972079, "dvar": 0.000147461469169, "dmean": 0.0134192751721, "max": 0.465248852968, "var": 0.00246150256135, "mean": 0.268289834261}, "spectral_energyband_high": {"dmean2": 6.49745516057e-07, "median": 1.24849543681e-06, "min": 1.81167702368e-11, "dvar2": 2.08699442276e-12, "dvar": 8.87669928881e-13, "dmean": 4.07313081041e-07, "max": 5.31733967364e-05, "var": 3.60364147377e-12, "mean": 1.86339559605e-06}, "spectral_entropy": {"dmean2": 0.19761942327, "median": 6.05801582336, "min": 4.26584005356, "dvar2": 0.0298066921532, "dvar": 0.0121701201424, "dmean": 0.124990299344, "max": 9.80496025085, "var": 0.204340919852, "mean": 6.07611656189}, "silence_rate_20dB": {"dmean2": 0, "median": 1, "min": 1, "dvar2": 0, "dvar": 0, "dmean": 0, "max": 1, "var": 0, "mean": 1}, "melbands_flatness_db": {"dmean2": 0.0252100639045, "median": 0.411035209894, "min": 0.169661432505, "dvar2": 0.000626846973319, "dvar": 0.00024072767701, "dmean": 0.016019763425, "max": 0.586529374123, "var": 0.00380017259158, "mean": 0.404276311398}, "barkbands": {"dmean2": [0.000161346571986, 0.00187846564222, 0.00198503560387, 0.00263137253933, 0.00254932674579, 0.00355799612589, 0.00227760570124, 0.000329337461153, 0.000294786063023, 0.000372846523533, 0.000111429239041, 6.22444131295e