{"metadata": {"tags": {"label": ["J Records"], "albumartist": ["Various Artists"], "genre": ["R&B"], "artist": ["Various Artists"], "musicbrainz_recordingid": ["131fa88a-cd13-476c-8eaf-3376653f98a8"], "title": ["If This World Were Mine"], "tracknumber": ["7"], "encoding": ["LAME"], "album": ["So AmazingAn All-Star Tribute to Luther Vandross"], "date": ["2006"], "file_name": "65586.mp3", "language": ["eng"]}, "audio_properties": {"sample_rate": 44100, "downmix": "mix", "lossless": false, "analysis_sample_rate": 44100, "md5_encoded": "9a4d9d9d48cd665358d0459c3851f47f", "equal_loudness": 0, "replay_gain": -13.8071994781, "codec": "mp3", "bit_rate": 197350, "length": 296.907745361}, "version": {"extractor": "music 1.0", "essentia_build_sha": "70f2e5ece6736b2c40cc944ad0e695b16b925413", "essentia_git_sha": "v2.1_beta2", "essentia": "2.1-beta2"}}, "rhythm": {"beats_loudness_band_ratio": {"dvar2": [0.120341807604, 0.057829618454, 0.0444436483085, 0.0339299663901, 0.0109026916325, 0.0251265633851], "var": [0.110486537218, 0.0312431398779, 0.0240845382214, 0.0147377541289, 0.00415624305606, 0.00820720568299], "min": [0, 0, 0, 0, 0, 0], "dmean": [0.280611872673, 0.135478675365, 0.11713912338, 0.0902812853456, 0.0496478118002, 0.0709118098021], "mean": [0.562159359455, 0.156538248062, 0.136383742094, 0.089556761086, 0.0450639463961, 0.0548826567829], "max": [0.996530413628, 0.792402327061, 0.897789478302, 0.726835131645, 0.519101858139, 0.888236880302], "dmean2": [0.483181089163, 0.231382787228, 0.201580554247, 0.158391609788, 0.0866400524974, 0.124301806092], "median": [0.574813127518, 0.0759495720267, 0.0776938796043, 0.0425601229072, 0.0209125559777, 0.01762948744], "dvar": [0.0618774741888, 0.0213596224785, 0.0164758637547, 0.0126660009846, 0.00421821326017, 0.00989792030305]}, "bpm_histogram_first_peak_weight": {"dvar2": 0, "var": 0, "min": 0.51748251915, "dmean": 0, "mean": 0.51748251915, "max": 0.51748251915, "dmean2": 0, "median": 0.51748251915, "dvar": 0}, "bpm": 145.982696533, "beats_count": 716, "bpm_histogram_first_peak_spread": {"dvar2": 0, "var": 0, "min": 0.414556980133, "dmean": 0, "mean": 0.414556980133, "max": 0.414556980133, "dmean2": 0, "median": 0.414556980133, "dvar": 0}, "danceability": 1.31379711628, "bpm_histogram_first_peak_bpm": {"dvar2": 0, "var": 0, "min": 148, "dmean": 0, "mean": 148, "max": 148, "dmean2": 0, "median": 148, "dvar": 0}, "beats_position": [0.359909296036, 0.731428563595, 1.11455774307, 1.48607707024, 1.8575963974, 2.22911548615, 2.60063481331, 3.03020405769, 3.45977306366, 3.90095233917, 4.34213161469, 4.78331041336, 5.22448968887, 5.66566896439, 6.10684776306, 6.5596370697, 7.00081634521, 7.44199514389, 7.89478445053, 8.33596324921, 8.77714252472, 9.21832180023, 9.64789104462, 10.077460289, 10.5070295334, 10.9365987778, 11.3661680222, 11.7957363129, 12.2717456818, 12.7477550507, 13.2237634659, 13.6417226791, 14.0596818924, 14.4892511368, 14.9188203812, 15.3367795944, 15.7779588699, 16.2075271606, 16.6254863739, 17.0434455872, 17.4614048004, 17.8677539825, 18.2741031647, 18.6920623779, 19.0984115601, 19.5047607422, 19.9227199554, 20.3290691376, 20.7354183197, 21.153377533, 21.5713367462, 21.9776859283, 22.3840351105, 22.8019943237, 23.2083435059, 23.614692688, 24.0326519012, 24.4506111145, 24.8569602966, 25.2633094788, 25.681268692, 26.0876178741, 26.4939670563, 26.9003162384, 27.3066654205, 27.7246246338, 28.142583847, 28.5489330292, 28.9552822113, 29.3732414246, 29.7912006378, 30.1975498199, 30.6038990021, 31.0218582153, 31.4398174286, 31.8461666107, 32.2525177002, 32.6588668823, 33.0652160645, 33.4831733704, 33.901134491, 34.3074836731, 34.7138328552, 35.1201820374, 35.5265312195, 35.9444885254, 36.362449646, 36.7687988281, 37.1751480103, 37.5931053162, 38.0110664368, 38.4174156189, 38.823764801, 39.2301139832, 39.6364631653, 40.0544204712, 40.4723815918, 40.8903388977, 41.2966880798, 41.703037262, 42.1209983826, 42.5273475647, 42.9336967468, 43.3516540527, 43.7696151733, 44.1759643555, 44.5823135376, 44.9886627197, 45.3950119019, 45.801361084, 46.2077102661, 46.625667572, 47.0436286926, 47.4615859985, 47.8679351807, 48.2742843628, 48.6922454834, 49.1102027893, 49.5165519714, 49.9229011536, 50.3408622742, 50.7472114563, 51.1535606384, 51.5599098206, 51.9778671265, 52.3842163086, 52.8021774292, 53.2085266113, 53.6148757935, 54.0328330994, 54.45079422, 54.8571434021, 55.2634925842, 55.6814498901, 56.0994110107, 56.5057601929, 56.912109375, 57.3184585571, 57.7248077393, 58.1427650452, 58.5607261658, 58.9670753479, 59.37342453, 59.7797737122, 60.1977310181, 60.6040802002, 61.0220413208, 61.4283905029, 61.8347396851, 62.252696991, 62.6706581116, 63.0770072937, 63.4833564758, 63.9013137817, 64.3192749023, 64.7256240845, 65.1319732666, 65.5383224487, 65.9446716309, 66.3626327515, 66.7689819336, 67.1753311157, 67.5932846069, 67.9996337891, 68.4059829712, 68.8239440918, 69.2302932739, 69.6366424561, 70.0546035767, 70.4725646973, 70.8905181885, 71.2968673706, 71.7032165527, 72.1095657349, 72.515914917, 72.9338760376, 73.3518371582, 73.7581863403, 74.1645355225, 74.5824966431, 74.9888458252, 75.3951950073, 75.8131484985, 76.2194976807, 76.6258468628, 77.0438079834, 77.461769104, 77.8681182861, 78.2744674683, 78.6924285889, 79.1103820801, 79.5167312622, 79.9230804443, 80.3294296265, 80.7357788086, 81.1537399292, 81.5717010498, 81.9780502319, 82.3843994141, 82.7907485962, 83.1970977783, 83.6150588989, 84.0330123901, 84.4393615723, 84.8457107544, 85.263671875, 85.6816329956, 86.0879821777, 86.4943313599, 86.9122848511, 87.3302459717, 87.7365951538, 88.1429443359, 88.5609054565, 88.9788665771, 89.3852157593, 89.7915649414, 90.2095184326, 90.6158676147, 91.0222167969, 91.428565979, 91.8349151611, 92.2528762817, 92.6592254639, 93.065574646, 93.4835357666, 93.9014968872, 94.3078460693, 94.7141952515, 95.1321487427, 95.5501098633, 95.9564590454, 96.3628082275, 96.7691574097, 97.1755065918, 97.5934677124, 98.011428833, 98.4177780151, 98.8241271973, 99.2420806885, 99.6600418091, 100.066390991, 100.472740173, 100.879089355, 101.285438538, 101.703399658, 102.121360779, 102.527709961, 102.934059143, 103.352012634, 103.769973755, 104.176322937, 104.582672119, 105.00063324, 105.41859436, 105.824943542, 106.231292725, 106.637641907, 107.043991089, 107.46194458, 107.868293762, 108.274642944, 108.692604065, 109.098953247, 109.505302429, 109.92326355, 110.34122467, 110.747573853, 111.153923035, 111.571876526, 111.978225708, 112.38457489, 112.802536011, 113.208885193, 113.615234375, 114.033195496, 114.451156616, 114.857505798, 115.26385498, 115.681808472, 116.088157654, 116.494506836, 116.912467957, 117.318817139, 117.725166321, 118.143127441, 118.561088562, 118.967437744, 119.373786926, 119.791740417, 120.1980896, 120.604438782, 121.022399902, 121.428749084, 121.835098267, 122.253059387, 122.659408569, 123.065757751, 123.483718872, 123.901672363, 124.319633484, 124.725982666, 125.132331848, 125.550292969, 125.956642151, 126.362991333, 126.780952454, 127.187301636, 127.593650818, 128.011611938, 128.417953491, 128.824310303, 129.230651855, 129.637008667, 130.054962158, 130.472915649, 130.879272461, 131.297225952, 131.703582764, 132.109924316, 132.516281128, 132.934234619, 133.352203369, 133.77015686, 134.176498413, 134.582855225, 135.000808716, 135.407165527, 135.81350708, 136.23147583, 136.637817383, 137.044174194, 137.462127686, 137.868484497, 138.27482605, 138.692779541, 139.099136353, 139.505477905, 139.923446655, 140.341400146, 140.759368896, 141.165710449, 141.572067261, 141.990020752, 142.396362305, 142.802719116, 143.209060669, 143.61541748, 144.033370972, 144.439727783, 144.857681274, 145.264038086, 145.670379639, 146.088348389, 146.494689941, 146.912643433, 147.319000244, 147.736953735, 148.143310547, 148.561264038, 148.96762085, 149.373962402, 149.791931152, 150.198272705, 150.604629517, 151.022583008, 151.440536499, 151.846893311, 152.253234863, 152.671203613, 153.089157104, 153.495513916, 153.901855469, 154.30821228, 154.714553833, 155.120910645, 155.527252197, 155.945205688, 156.363174438, 156.769515991, 157.175872803, 157.593826294, 158.011795044, 158.418136597, 158.824493408, 159.242446899, 159.660400391, 160.066757202, 160.473098755, 160.879455566, 161.285797119, 161.703765869, 162.12171936, 162.528076172, 162.934417725, 163.352371216, 163.758728027, 164.16506958, 164.58303833, 164.989379883, 165.395736694, 165.813690186, 166.231658936, 166.638000488, 167.0443573, 167.462310791, 167.868652344, 168.275009155, 168.692962646, 169.110931396, 169.528884888, 169.935241699, 170.341583252, 170.747940063, 171.154281616, 171.560638428, 171.978591919, 172.384933472, 172.802902222, 173.220855713, 173.627212524, 174.033554077, 174.439910889, 174.846252441, 175.264221191, 175.682174683, 176.088516235, 176.494873047, 176.912826538, 177.31918335, 177.725524902, 178.143493652, 178.561447144, 178.967803955, 179.374145508, 179.792098999, 180.198455811, 180.604797363, 181.022766113, 181.429107666, 181.835464478, 182.253417969, 182.671386719, 183.077728271, 183.484085083, 183.902038574, 184.319992065, 184.726348877, 185.13269043, 185.55065918, 185.957000732, 186.363357544, 186.781311035, 187.187667847, 187.594009399, 188.011962891, 188.418319702, 188.824661255, 189.242630005, 189.648971558, 190.055328369, 190.47328186, 190.89125061, 191.297592163, 191.703948975, 192.110290527, 192.516647339, 192.93460083, 193.352554321, 193.758911133, 194.165252686, 194.583221436, 195.001174927, 195.407531738, 195.813873291, 196.231826782, 196.638183594, 197.044525146, 197.462493896, 197.868835449, 198.275192261, 198.693145752, 199.111114502, 199.529067993, 199.935409546, 200.341766357, 200.74810791, 201.154464722, 201.572418213, 201.990386963, 202.396728516, 202.803085327, 203.20942688, 203.615783691, 204.033737183, 204.451690674, 204.858047485, 205.264389038, 205.682357788, 206.088699341, 206.495056152, 206.913009644, 207.330978394, 207.737319946, 208.143676758, 208.561630249, 208.97958374, 209.385940552, 209.792282104, 210.198638916, 210.604980469, 211.022949219, 211.44090271, 211.847259521, 212.253601074, 212.659957886, 213.066299438, 213.48425293, 213.90222168, 214.308563232, 214.714920044, 215.132873535, 215.550842285, 215.957183838, 216.363540649, 216.769882202, 217.187835693, 217.605804443, 218.012145996, 218.418502808, 218.82484436, 219.24281311, 219.649154663, 220.055511475, 220.473464966, 220.879821777, 221.28616333, 221.704116821, 222.122085571, 222.528427124, 222.934783936, 223.352737427, 223.770706177, 224.177047729, 224.583404541, 225.001358032, 225.419311523, 225.837280273, 226.232009888, 226.638366699, 227.05632019, 227.47428894, 227.880630493, 228.275375366, 228.693328857, 229.099685669, 229.506027222, 229.923980713, 230.341949463, 230.748291016, 231.154647827, 231.56098938, 231.97895813, 232.396911621, 232.803268433, 233.221221924, 233.627563477, 234.045532227, 234.451873779, 234.858230591, 235.276184082, 235.694152832, 236.100494385, 236.518447876, 236.924804688, 237.33114624, 237.737503052, 238.143844604, 238.561813354, 238.968154907, 239.374511719, 239.79246521, 240.198822021, 240.605163574, 241.023132324, 241.441085815, 241.847427368, 242.25378418, 242.671737671, 243.089706421, 243.507659912, 243.914016724, 244.320358276, 244.726715088, 245.133056641, 245.539413452, 245.945755005, 246.363708496, 246.781677246, 247.188018799, 247.59437561, 248.012329102, 248.430297852, 248.836639404, 249.242996216, 249.660949707, 250.06729126, 250.473648071, 250.891601562, 251.297958374, 251.704299927, 252.122268677, 252.528610229, 252.934967041, 253.352920532, 253.759277344, 254.165618896, 254.583572388, 255.001541138, 255.40788269, 255.814239502, 256.232208252, 256.638549805, 257.044891357, 257.462860107, 257.86920166, 258.275543213, 258.693511963, 259.099853516, 259.506195068, 259.924163818, 260.330505371, 260.736877441, 261.154815674, 261.572784424, 261.979125977, 262.385467529, 262.7918396, 263.209777832, 263.616149902, 264.034088135, 264.440460205, 264.846801758, 265.264770508, 265.68270874, 266.089050293, 266.495422363, 266.901763916, 267.308105469, 267.726074219, 268.144042969, 268.550384521, 268.956726074, 269.374694824, 269.792633057, 270.222229004, 270.663391113, 271.092956543, 271.53414917, 271.9637146, 272.393280029, 272.822845459, 273.252410889, 273.670379639, 274.099945068, 274.517913818, 274.982299805, 275.446716309, 275.911102295, 276.387115479, 276.863128662, 277.339141846, 277.803527832, 278.279541016, 278.755554199, 279.231567383, 279.672729492, 280.113922119, 280.543487549, 280.949829102, 281.367797852, 281.774139404, 282.192108154, 282.598449707, 283.00479126, 283.42276001, 283.84072876, 284.258666992, 284.676635742, 285.106201172, 285.570617676, 286.023406982, 286.476196289, 286.836090088, 287.196014404, 287.555908203, 287.91583252, 288.275726318, 288.658874512, 289.041992188, 289.425109863, 289.87789917, 290.319091797, 290.760253906, 291.201446533, 291.65423584, 292.107025146, 292.559814453, 293.024200439, 293.488616943, 293.95300293, 294.429016113, 294.905029297, 295.38104248, 295.857055664, 296.333068848], "beats_loudness": {"dvar2": 0.00590861588717, "var": 0.00401225453243, "min": 0, "dmean": 0.0568689182401, "mean": 0.0687503814697, "max": 0.240235283971, "dmean2": 0.100646086037, "median": 0.0390669703484, "dvar": 0.00293894903734}, "bpm_histogram_second_peak_weight": {"dvar2": 0, "var": 0, "min": 0.0279720276594, "dmean": 0, "mean": 0.0279720276594, "max": 0.0279720276594, "dmean2": 0, "median": 0.0279720276594, "dvar": 0}, "bpm_histogram_second_peak_spread": {"dvar2": 0, "var": 0, "min": 0.487179517746, "dmean": 0, "mean": 0.487179517746, "max": 0.487179517746, "dmean2": 0, "median": 0.487179517746, "dvar": 0}, "bpm_histogram_second_peak_bpm": {"dvar2": 0, "var": 0, "min": 140, "dmean": 0, "mean": 140, "max": 140, "dmean2": 0, "median": 140, "dvar": 0}, "onset_rate": 4.13909006119}, "lowlevel": {"spectral_energyband_high": {"dvar2": 1.21855055113e-06, "var": 1.42756925925e-06, "min": 6.85274951192e-21, "dmean": 0.000355722091626, "mean": 0.000665343832225, "max": 0.0268730893731, "dmean2": 0.000515410036314, "median": 0.000224065646762, "dvar": 6.08654772805e-07}, "spectral_energyband_middle_low": {"dvar2": 0.000543797563296, "var": 0.000176407949766, "min": 1.80391978641e-22, "dmean": 0.00538578582928, "mean": 0.0103866653517, "max": 0.13118994236, "dmean2": 0.00921532511711, "median": 0.00619908096269, "dvar": 0.000191625440493}, "spectral_energy": {"dvar2": 0.00104622961953, "var": 0.00161898054648, "min": 1.00814293132e-20, "dmean": 0.0114859780297, "mean": 0.0304652992636, "max": 0.263614147902, "dmean2": 0.0166992712766, "median": 0.0165010020137, "dvar": 0.000619420025032}, "spectral_spread": {"dvar2": 3732009910270.0, "var": 14372273389600.0, "min": 958493.625, "dmean": 1018479.4375, "mean": 6029710, "max": 42901436, "dmean2": 1402500.375, "median": 5311691, "dvar": 2047536922620.0}, "spectral_energyband_low": {"dvar2": 0.000912617717404, "var": 0.00125620979816, "min": 1.02918043802e-23, "dmean": 0.00860024616122, "mean": 0.0156952459365, "max": 0.25436347723, "dmean2": 0.0120842689648, "median": 0.00394515553489, "dvar": 0.000572133983951}, "spectral_rolloff": {"dvar2": 3107915.5, "var": 4904329.5, "min": 64.599609375, "dmean": 449.278930664, "mean": 1384.15136719, "max": 20004.3457031, "dmean2": 746.558959961, "median": 818.26171875, "dvar": 1382163.75}, "barkbands": {"dvar2": [3.06188303512e-06, 0.000848286377732, 0.00033327692654, 0.000188750767848, 8.95320699783e-05, 6.57659074932e-06, 4.76394643556e-06, 3.42465045833e-06, 5.04213721797e-06, 8.0229692685e-06, 3.10297082251e-06, 4.83045323563e-06, 1.51749406996e-06, 4.48542834874e-07, 1.45239198446e-06, 9.4598016176e-07, 5.1059356565e-07, 3.31682997512e-07, 1.09325952735e-07, 4.82740496466e-08, 2.6909770412e-08, 3.534082893e-08, 7.07188334559e-08, 6.37993693431e-08, 8.46515177955e-08, 5.15833065151e-08, 2.59641352862e-09], "var": [2.11793053495e-06, 0.000924685329664, 7.90715348558e-05, 3.62341015716e-05, 2.333204975e-05, 9.94311540126e-06, 5.65522714169e-06, 5.45453531231e-06, 1.03678903542e-05, 3.30502989527e-05, 1.0849525097e-05, 3.10510336021e-06, 7.8503558143e-07, 4.45454958253e-07, 1.69413931417e-06, 8.22571280423e-07, 5.59418595003e-07, 3.3793699572e-07, 2.01797135446e-07, 8.08319526868e-08, 3.66949066688e-08, 3.38767200958e-08, 6.53018830121e-08, 6.10664727674e-08, 8.54935251482e-08, 3.1805811318e-08, 1.83030990364e-09], "min": [2.66362459174e-25, 4.12620130623e-25, 1.03672110025e-24, 4.48333466176e-25, 1.23962249512e-23, 7.72770903768e-24, 7.80283068396e-24, 2.74492513897e-24, 1.22234746682e-23, 1.42508038073e-23, 2.12203394178e-23, 1.98982700718e-23, 3.04208746425e-23, 2.94664823203e-23, 3.6292786034e-23, 4.68139343675e-23, 5.91134560158e-23, 6.99928197754e-23, 1.47799262641e-22, 1.61168662692e-22, 2.03890327472e-22, 2.49862389481e-22, 4.11749420468e-22, 6.08067718235e-22, 9.6816260236e-22, 1.33764273507e-21, 1.93817606173e-21], "dmean": [0.000374655239284, 0.00751883350313, 0.00296257971786, 0.00196463661268, 0.00205123354681, 0.000905709748622, 0.000584486988373, 0.00053082004888, 0.00057686882792, 0.000686441373546, 0.000453591754194, 0.000396725372411, 0.000207296558074, 0.0001499492937, 0.000227043768973, 0.000174126049387, 0.000140798874781, 0.000121022210806, 9.46092259255e-05, 6.1887454649e-05, 3.6275396269e-05, 5.53111167392e-05, 6.7478940764e-05, 6.79439544911e-05, 8.83427055669e-05, 6.46047483315e-05, 1.38371178764e-05], "mean": [0.000435937632574, 0.0109695428982, 0.00350487441756, 0.00150203227531, 0.00243669445626, 0.00197119568475, 0.00110062782187, 0.00106910406612, 0.00120259542018, 0.00189998385031, 0.00109164835885, 0.000654873787425, 0.000296676822472, 0.000243358663283, 0.000411831279052, 0.000256873783655, 0.000249261996942, 0.000220284695388, 0.000206804397749, 0.000122934012325, 7.13984845788e-05, 9.07456123969e-05, 0.000116469956993, 0.000115993148938, 0.000125244972878, 8.19569831947e-05, 1.62854739756e-05], "max": [0.0199169293046, 0.248590126634, 0.113108322024, 0.0902435928583, 0.0590100362897, 0.0441831313074, 0.0364766009152, 0.0411611497402, 0.0400557667017, 0.0616323798895, 0.036575961858, 0.0246314052492, 0.0169983711094, 0.0136330407113, 0.0253706090152, 0.0390040427446, 0.0211243350059, 0.0138494912535, 0.00742682395503, 0.00784163922071, 0.00311727588996, 0.0035945114214, 0.0115493768826, 0.00834896601737, 0.0104356519878, 0.00201066094451, 0.000475420034491], "dmean2": [0.000558947038371, 0.0104626910761, 0.00528897531331, 0.00366629194468, 0.00357206026092, 0.00141308736056, 0.00091228884412, 0.000798795197625, 0.000825323455501, 0.00101592706051, 0.000685452716425, 0.000630687864032, 0.000335142947733, 0.000235242667259, 0.000350617279764, 0.000272862263955, 0.000217093431274, 0.000187095080037, 0.000140602845931, 9.16568096727e-05, 5.52963647351e-05, 8.5399238742e-05, 0.00010347164789, 0.000100111217762, 0.000132513625431, 9.99113253783e-05, 2.11858969124e-05], "median": [1.12376346806e-05, 0.00151582935359, 0.00118373893201, 0.000228993216297, 0.00093974272022, 0.000804907642305, 0.000349859998096, 0.000279757834505, 0.000220366942813, 0.000216373649891, 0.000140451287734, 0.000126435232232, 4.62574171252e-05, 3.81318932341e-05, 6.93175097695e-05, 4.17753544752e-05, 5.37345586054e-05, 4.66777710244e-05, 5.41626031918e-05, 3.68042528862e-05, 1.41585042002e-05, 2.91306532745e-05, 2.84971611109e-05, 3.3653974242e-05, 3.32728595822e-05, 2.13630664803e-05, 2.68408803095e-06], "dvar": [1.58851639753e-06, 0.000529364100657, 0.000115802591608, 6.49293433526e-05, 3.16192345053e-05, 2.77382082459e-06, 1.95284474103e-06, 1.64079267506e-06, 2.69506290351e-06, 3.94816561311e-06, 1.57634565312e-06, 1.874733357e-06, 5.86661940361e-07, 2.0112000243e-07, 6.54548557577e-07, 4.31137834767e-07, 2.33324243482e-07, 1.45139964047e-07, 5.65835485133e-08, 2.58016186194e-08, 1.22472831876e-08, 1.64331908081e-08, 3.28053104681e-08, 2.98042124314e-08, 4.18746566311e-08, 2.36149535482e-08, 1.32128818997e-09]}, "melbands_skewness": {"dvar2": 3.32850837708, "var": 7.58437108994, "min": -3.69504356384, "dmean": 0.942644476891, "mean": 3.06888747215, "max": 24.8863620758, "dmean2": 1.33032441139, "median": 2.34516811371, "dvar": 1.94041752815}, "barkbands_skewness": {"dvar2": 2.26409125328, "var": 3.89587497711, "min": -3.7837536335, "dmean": 0.702596366405, "mean": 2.04763293266, "max": 32.9719619751, "dmean2": 0.98713183403, "median": 1.64835631847, "dvar": 1.19276845455}, "erbbands": {"dvar2": [1.30171108246, 48.6495628357, 359.640045166, 1242.44567871, 1787.50048828, 822.739501953, 445.032196045, 573.850830078, 1033.24377441, 936.840087891, 1850.33508301, 2482.53613281, 9278.21386719, 4297.56591797, 3743.48901367, 11134.4492188, 2918.2734375, 1248.97290039, 1892.57141113, 4463.39599609, 1774.64306641, 1303.14135742, 887.483581543, 377.353302002, 207.957809448, 89.2668609619, 44.5160675049, 49.3684463501, 45.0526885986, 63.2346382141, 60.7224960327, 20.2286701202, 24.4459095001, 11.5623598099, 5.19493246078, 1.76942586899, 0.0942944586277, 0.00684462534264, 0.000103512888018, 9.67289892628e-08], "var": [1.28665053844, 38.4140815735, 105.327590942, 251.25352478, 384.343811035, 257.39743042, 390.638519287, 874.598815918, 1183.05908203, 1291.00073242, 3547.50146484, 5456.30322266, 34888.3710938, 22771.5273438, 6635.32177734, 5744.5546875, 1525.57055664, 1188.30358887, 1586.1484375, 5227.26855469, 2077.35351562, 1317.40869141, 1071.10559082, 629.67388916, 395.75793457, 139.416381836, 49.8075141907, 73.8498458862, 41.990650177, 52.0323905945, 56.6520576477, 24.0203666687, 20.4423274994, 12.3754682541, 4.25062942505, 1.1076669693, 0.0604002662003, 0.00480344053358, 6.32553201285e-05, 5.88252717648e-08], "min": [3.47153198145e-23, 1.90681413283e-22, 1.12654123442e-21, 4.00471577191e-21, 1.18492079863e-20, 3.3855300475e-20, 6.48758465284e-20, 6.1465736292e-20, 1.02241216847e-19, 1.76099773076e-19, 2.0080010995e-19, 3.72314795041e-19, 4.62225269271e-19, 8.96986177651e-19, 9.7070885654e-19, 1.0683172028e-18, 1.38436140816e-18, 1.74390269923e-18, 1.98903539902e-18, 2.81111830425e-18, 3.5291557437e-18, 4.20863912198e-18, 3.56328935168e-18, 5.89296165605e-18, 8.46267805188e-18, 7.52287183584e-18, 7.40377271688e-18, 9.88669925489e-18, 8.42237781243e-18, 1.26507960636e-17, 1.12691471875e-17, 1.11051735203e-17, 1.04518323581e-17, 8.62920108971e-18, 6.52460669796e-18, 4.03000243766e-18, 2.56405786005e-18, 9.5622854293e-19, 2.43774133175e-19, 2.70109689798e-20], "dmean": [0.282063871622, 1.66248345375, 3.27472996712, 5.17153263092, 7.17695808411, 6.69093179703, 7.06806373596, 7.58837270737, 8.31211853027, 8.30305671692, 12.5688714981, 12.2779388428, 22.5860786438, 16.5604953766, 14.4682321548, 16.3399028778, 8.86876583099, 8.10196685791, 8.51414871216, 11.3818531036, 8.80718517303, 6.67230129242, 6.57177066803, 5.20118761063, 3.95120477676, 2.66553735733, 1.52764463425, 1.5139503479, 1.67333459854, 2.17075133324, 2.05391073227, 1.36357390881, 1.21065223217, 0.917181789875, 0.695865511894, 0.388802021742, 0.0907136499882, 0.0214466974139, 0.00261244317517, 8.25193128549e-05], "mean": [0.356815725565, 2.27028489113, 4.36204099655, 4.60764169693, 6.24042129517, 8.30376243591, 12.654004097, 16.0829563141, 16.1579742432, 16.8095779419, 27.2498149872, 28.5171489716, 64.9059906006, 48.6561737061, 30.7648658752, 27.83801651, 14.574461937, 14.1211671829, 14.6122283936, 21.1699733734, 15.1800813675, 12.994799614, 12.7768583298, 11.5926561356, 8.80470371246, 5.52604484558, 2.97657704353, 2.96421933174, 2.92042899132, 3.41364622116, 3.57472848892, 2.4416205883, 1.92936098576, 1.36037039757, 0.925084471703, 0.48194488883, 0.117039315403, 0.0258204936981, 0.00302949408069, 0.000118146213936], "max": [10.3811674118, 59.8907928467, 130.990081787, 240.755722046, 241.729217529, 201.091339111, 251.964782715, 398.948730469, 535.321105957, 481.629211426, 952.214111328, 1062.99645996, 1827.01293945, 1843.93444824, 1405.87463379, 1120.29321289, 697.489746094, 616.947998047, 1229.59338379, 2989.79492188, 1132.4909668, 1140.04992676, 740.063110352, 529.088806152, 450.353759766, 192.868423462, 150.200317383, 151.965911865, 149.921417236, 300.316833496, 299.94833374, 91.8169784546, 177.218048096, 135.809799194, 68.9366073608, 13.8472518921, 2.91723847389, 0.85038626194, 0.0944093689322, 0.00308717018925], "dmean2": [0.378216594458, 2.28337883949, 5.64735603333, 9.49139118195, 12.9065027237, 11.5639362335, 11.4490203857, 11.8132696152, 13.2147712708, 12.441734314, 18.6449623108, 17.5615501404, 33.4617538452, 24.6463413239, 21.9836025238, 26.3338680267, 14.1402168274, 12.6400051117, 13.0841646194, 17.3155517578, 13.5056228638, 10.0658817291, 9.98585700989, 7.8449511528, 5.77130270004, 3.93631100655, 2.28249049187, 2.30089616776, 2.57069277763, 3.37323617935, 3.16208076477, 1.97578251362, 1.83027780056, 1.37965905666, 1.05203258991, 0.598492443562, 0.141092002392, 0.0332616567612, 0.00397102488205, 0.000123722289572], "median": [0.0167622193694, 0.39260917902, 1.58939373493, 1.0691716671, 1.69395256042, 2.99591875076, 5.33449649811, 5.55896139145, 5.62996864319, 5.51967382431, 8.17257595062, 6.71869659424, 8.95181083679, 7.18552970886, 5.82177257538, 6.08495378494, 3.21970319748, 2.97995281219, 3.07185006142, 3.77875232697, 3.25497817993, 2.76636481285, 2.69644737244, 3.2062625885, 2.59693670273, 1.75229775906, 0.735780239105, 0.607293844223, 0.88739579916, 0.981277942657, 0.821685910225, 0.669890940189, 0.548789858818, 0.365737020969, 0.224496394396, 0.123893879354, 0.0294154863805, 0.00509335845709, 0.000505048024934, 3.98094707634e-05], "dvar": [0.817707002163, 25.2952575684, 128.977050781, 430.734649658, 629.146850586, 292.621887207, 171.331085205, 247.149871826, 408.328063965, 420.7394104, 915.665100098, 1301.98620605, 4333.06152344, 2107.84521484, 1698.0045166, 4125.89306641, 1116.38635254, 545.406555176, 841.712463379, 2225.81762695, 821.071655273, 578.140014648, 421.242126465, 186.998840332, 112.279022217, 43.9227790833, 20.032037735, 22.1402206421, 20.4336261749, 29.7267799377, 27.0565071106, 10.1245069504, 10.9786453247, 5.67553043365, 2.44153857231, 0.812027573586, 0.0423434339464, 0.00352750788443, 4.9474005209e-05, 4.57917899155e-08]}, "silence_rate_30dB": {"dvar2": 0.0894157364964, "var": 0.0640046820045, "min": 0, "dmean": 0.0469226576388, "mean": 0.931263685226, "max": 1, "dmean2": 0.0938526540995, "median": 1, "dvar": 0.0447181873024}, "melbands_spread": {"dvar2": 215.982849121, "var": 416.081451416, "min": 0.193005219102, "dmean": 5.45040607452, "mean": 20.0133419037, "max": 280.876586914, "dmean2": 8.04205799103, "median": 14.678899765, "dvar": 104.038444519}, "melbands_crest": {"dvar2": 20.3213672638, "var": 37.6590309143, "min": 1.65315926075, "dmean": 2.97209668159, "mean": 15.5725765228, "max": 35.823348999, "dmean2": 4.57739210129, "median": 14.5504140854, "dvar": 10.0546779633}, "zerocrossingrate": {"dvar2": 0.000337850942742, "var": 0.00316700409167, "min": 0.001953125, "dmean": 0.012659532018, "mean": 0.0617785379291, "max": 0.5244140625, "dmean2": 0.0145216891542, "median": 0.05029296875, "dvar": 0.000287860661047}, "barkbands_kurtosis": {"dvar2": 1785.13574219, "var": 853.546203613, "min": -1.96236133575, "dmean": 6.78772306442, "mean": 10.2471542358, "max": 1316.78540039, "dmean2": 9.97747325897, "median": 3.43393707275, "dvar": 738.443481445}, "spectral_flux": {"dvar2": 0.00561898946762, "var": 0.00616860715672, "min": 6.34809149691e-11, "dmean": 0.0342923998833, "mean": 0.0813897103071, "max": 0.480588585138, "dmean2": 0.0534877479076, "median": 0.0556847453117, "dvar": 0.00278190197423}, "barkbands_crest": {"dvar2": 14.0063266754, "var": 23.234210968, "min": 2.64517712593, "dmean": 2.48607683182, "mean": 11.1101865768, "max": 26.5459861755, "dmean2": 3.82402515411, "median": 9.99242210388, "dvar": 7.2897734642}, "barkbands_flatness_db": {"dvar2": 0.00111932191066, "var": 0.00413430295885, "min": 0.0210572220385, "dmean": 0.0236310735345, "mean": 0.151691839099, "max": 0.577845394611, "dmean2": 0.0328202620149, "median": 0.140835344791, "dvar": 0.000654004048556}, "spectral_entropy": {"dvar2": 0.110324047506, "var": 0.335758298635, "min": 4.05375146866, "dmean": 0.215306326747, "mean": 7.3369102478, "max": 9.82754516602, "dmean2": 0.298885554075, "median": 7.33983612061, "dvar": 0.0594762712717}, "pitch_salience": {"dvar2": 0.0128749879077, "var": 0.0182721316814, "min": 0.0455881133676, "dmean": 0.0706297233701, "mean": 0.491840869188, "max": 0.990060508251, "dmean2": 0.109450377524, "median": 0.497502028942, "dvar": 0.00631349952891}, "erbbands_spread": {"dvar2": 442.606903076, "var": 695.378845215, "min": 2.8451294899, "dmean": 10.4006433487, "mean": 38.937702179, "max": 209.586593628, "dmean2": 15.1544828415, "median": 31.7244663239, "dvar": 216.826675415}, "dynamic_complexity": 4.0083360672, "spectral_contrast_valleys": {"dvar2": [0.38419008255, 0.363382339478, 0.324952036142, 0.269575387239, 0.209808796644, 0.413143932819], "var": [4.30391836166, 3.91300559044, 3.61874437332, 3.4426112175, 3.46633720398, 3.67283201218], "min": [-27.8991546631, -27.9794845581, -27.7462501526, -27.533416748, -27.4931735992, -27.4531555176], "dmean": [0.412522733212, 0.375553458929, 0.36405646801, 0.326220065355, 0.284405767918, 0.392321258783], "mean": [-7.76263856888, -7.31728029251, -8.04530715942, -8.66611289978, -8.59027290344, -10.4255495071], "max": [-4.845246315, -4.95029163361, -4.95833587646, -5.51207590103, -6.00704479218, -7.1926856041], "dmean2": [0.649333417416, 0.601348519325, 0.568225204945, 0.487548440695, 0.404117882252, 0.502617776394], "median": [-7.35802650452, -7.0444316864, -7.85605049133, -8.46870040894, -8.38269615173, -10.1226711273], "dvar": [0.202515691519, 0.162054553628, 0.151419326663, 0.14517340064, 0.116800270975, 0.238304451108]}, "hfc": {"dvar2": 310.47958374, "var": 416.154998779, "min": 1.09540497731e-16, "dmean": 6.0102148056, "mean": 17.8386306763, "max": 245.96270752, "dmean2": 8.82993984222, "median": 11.2868175507, "dvar": 138.371505737}, "spectral_kurtosis": {"dvar2": 25.7924957275, "var": 30.2861614227, "min": -1.43790519238, "dmean": 2.02459907532, "mean": 5.72588968277, "max": 89.7742538452, "dmean2": 3.08359766006, "median": 4.57454776764, "dvar": 11.1858158112}, "mfcc": {"mean": [-682.770385742, 124.451148987, 16.5596485138, 11.4946107864, 6.80695390701, -3.72160029411, 0.901122808456, 8.41359615326, -2.38407349586, 2.74671316147, -2.01923131943, -5.18910264969, 3.94961190224], "cov": [[9049.53125, -576.031921387, -210.887969971, -169.159439087, 22.4741344452, -31.1748332977, 82.4744186401, 343.257202148, 101.495666504, 104.146430969, 56.1190757751, 26.6704216003, 2.86559772491], [-576.031921387, 1640.59362793, -304.624664307, -0.29761749506, -24.671705246, -146.744979858, 27.7428703308, -60.1060218811, -89.8095321655, -3.86377763748, 30.1784591675, 7.2377705574, 46.1421890259], [-210.887969971, -304.624664307, 1189.50231934, 160.001586914, 138.601959229, 296.799041748, 77.5754089355, 94.8910522461, 65.2589492798, 6.72013807297, 58.0932502747, 34.8541526794, 24.486114502], [-169.159439087, -0.29761749506, 160.001586914, 421.303710938, 210.745819092, 89.1333618164, 5.47000169754, 38.6411590576, 80.8206100464, 32.8066291809, -13.5181875229, 23.1913204193, 7.50143384933], [22.4741344452, -24.671705246, 138.601959229, 210.745819092, 385.88381958, 112.411117554, 0.0418719500303, 57.7507362366, 83.4616699219, 72.1695022583, 28.3550033569, 39.1449241638, 12.8518295288], [-31.1748332977, -146.744979858, 296.799041748, 89.1333618164, 112.411117554, 326.045837402, 74.5526428223, 51.0407524109, 88.7347869873, 29.3607769012, 36.400554657, 16.2463912964, -12.5880804062], [82.4744186401, 27.7428703308, 77.5754089355, 5.47000169754, 0.0418719500303, 74.5526428223, 267.075164795, 79.4076843262, 22.1675014496, 72.4092483521, 37.6802635193, -2.66037774086, 19.2153720856], [343.257202148, -60.1060218811, 94.8910522461, 38.6411590576, 57.7507362366, 51.0407524109, 79.4076843262, 200.833358765, 75.5056915283, 33.7534866333, 42.8586883545, 24.8156871796, 10.3706054688], [101.495666504, -89.8095321655, 65.2589492798, 80.8206100464, 83.4616699219, 88.7347869873, 22.1675014496, 75.5056915283, 193.854278564, 60.284954071, 19.8774166107, 20.6086044312, -18.8973960876], [104.146430969, -3.86377763748, 6.72013807297, 32.8066291809, 72.1695022583, 29.3607769012, 72.4092483521, 33.7534866333, 60.284954071, 194.117828369, 57.0868263245, -8.80424499512, 8.53745174408], [56.1190757751, 30.1784591675, 58.0932502747, -13.5181875229, 28.3550033569, 36.400554657, 37.6802635193, 42.8586883545, 19.8774166107, 57.0868263245, 133.602493286, 39.8931541443, 14.7687540054], [26.6704216003, 7.2377705574, 34.8541526794, 23.1913204193, 39.1449241638, 16.2463912964, -2.66037774086, 24.8156871796, 20.6086044312, -8.80424499512, 39.8931541443, 130.568695068, 36.8541107178], [2.86559772491, 46.1421890259, 24.486114502, 7.50143384933, 12.8518295288, -12.5880804062, 19.2153720856, 10.3706054688, -18.8973960876, 8.53745174408, 14.7687540054, 36.8541107178, 117.329986572]], "icov": [[0.000124684840557, 4.37516609963e-05, 3.95370589104e-05, 6.34189636912e-05, -1.60905146913e-05, 1.32120476337e-05, 2.18720288103e-05, -0.000240761815803, 2.3371356292e-05, -5.47093150089e-05, 2.21327827603e-05, -1.37943088703e-05, -2.38663096752e-06], [4.37516609963e-05, 0.00070560578024, 0.000170993473148, -0.000122341618408, -6.6189080826e-05, 0.0002234432759, -0.000213366467506, 0.00012063793838, 0.000179001421202, 0.000113554538984, -0.000353954499587, 3.59826590284e-05, -0.00019710259221], [3.95370589104e-05, 0.000170993473148, 0.00120046315715, -0.000280429259874, -1.9249973775e-05, -0.000940348778386, -2.61071909335e-05, -0.000330332492013, 0.00026328957756, 0.00024696093169, -0.000363188242773, 7.28928935132e-05, -0.000318863429129], [6.34189636912e-05, -0.000122341618408, -0.000280429259874, 0.0035897847265, -0.00171751726884, -6.74020047882e-05, -2.628375114e-05, -8.86798734427e-05, -0.000771188002545, -5.44206450286e-05, 0.001122005051, -0.000219042194658, -0.000124059355585], [-1.60905146913e-05, -6.6189080826e-05, -1.9249973775e-05, -0.00171751726884, 0.00425272248685, -0.000942610320635, 0.000884897424839, -0.000627968460321, -7.4754403613e-05, -0.00135991990101, -6.91786999596e-06, -0.000724252604414, -0.00020084620337], [1.32120476337e-05, 0.0002234432759, -0.000940348778386, -6.74020047882e-05, -0.000942610320635, 0.00507846241817, -0.00135835795663, 0.00065196538344, -0.0016765606124, 0.000766400014982, -0.000856076832861, 0.000137427676236, 0.000664094462991], [2.18720288103e-05, -0.000213366467506, -2.61071909335e-05, -2.628375114e-05, 0.000884897424839, -0.00135835795663, 0.0052747707814, -0.00210319156758, 0.000880843319464, -0.00200365204364, 0.000124050115119, 0.000302199448925, -0.000652993097901], [-0.000240761815803, 0.00012063793838, -0.000330332492013, -8.86798734427e-05, -0.000627968460321, 0.00065196538344, -0.00210319156758, 0.00764814019203, -0.0026223345194, 0.00106761825737, -0.00167852232698, -0.000128972693346, -0.000408034364227], [2.3371356292e-05, 0.000179001421202, 0.00026328957756, -0.000771188002545, -7.4754403613e-05, -0.0016765606124, 0.000880843319464, -0.0026223345194, 0.00814692210406, -0.00239837169647, 0.000864482135512, -0.00137808884028, 0.0016499585472], [-5.47093150089e-05, 0.000113554538984, 0.00024696093169, -5.44206450286e-05, -0.00135991990101, 0.000766400014982, -0.00200365204364, 0.00106761825737, -0.00239837169647, 0.00803855713457, -0.00346446339972, 0.00224058213644, -0.000865323178004], [2.21327827603e-05, -0.000353954499587, -0.000363188242773, 0.001122005051, -6.91786999596e-06, -0.000856076832861, 0.000124050115119, -0.00167852232698, 0.000864482135512, -0.00346446339972, 0.0109133319929, -0.00343996379524, 0.000277815037407], [-1.37943088703e-05, 3.59826590284e-05, 7.28928935132e-05, -0.000219042194658, -0.000724252604414, 0.000137427676236, 0.000302199448925, -0.000128972693346, -0.00137808884028, 0.00224058213644, -0.00343996379524, 0.0102094477043, -0.00311788381077], [-2.38663096752e-06, -0.00019710259221, -0.000318863429129, -0.000124059355585, -0.00020084620337, 0.000664094462991, -0.000652993097901, -0.000408034364227, 0.0016499585472, -0.000865323178004, 0.000277815037407, -0.00311788381077, 0.0101843643934]]}, "silence_rate_20dB": {"dvar2": 0, "var": 0, "min": 1, "dmean": 0, "mean": 1, "max": 1, "dmean2": 0, "median": 1, "dvar": 0}, "melbands_kurtosis": {"dvar2": 3364.00634766, "var": 3697.32250977, "min": -1.9013838768, "dmean": 15.3597736359, "mean": 26.7774467468, "max": 917.156921387, "dmean2": 22.2310638428, "median": 8.57597923279, "dvar": 1705.48254395}, "barkbands_spread": {"dvar2": 165.985458374, "var": 239.488327026, "min": 0.204758986831, "dmean": 5.91703224182, "mean": 19.8861560822, "max": 144.515914917, "dmean2": 8.76315498352, "median": 15.7066993713, "dvar": 79.4234313965}, "erbbands_skewness": {"dvar2": 0.443880200386, "var": 0.871495306492, "min": -4.23815774918, "dmean": 0.402858763933, "mean": 0.719447612762, "max": 8.736992836, "dmean2": 0.602137446404, "median": 0.687329173088, "dvar": 0.200422599912}, "average_loudness": 0.602424144745, "spectral_centroid": {"dvar2": 195258.96875, "var": 1067422, "min": 111.813354492, "dmean": 209.696563721, "mean": 1170.03930664, "max": 11744.3779297, "dmean2": 310.199798584, "median": 975.370178223, "dvar": 96761.0625}, "dissonance": {"dvar2": 0.0016814598348, "var": 0.00175907928497, "min": 0.140420049429, "dmean": 0.0259260162711, "mean": 0.436441659927, "max": 0.500000059605, "dmean2": 0.0430175773799, "median": 0.444877624512, "dvar": 0.000631864415482}, "erbbands_flatness_db": {"dvar2": 0.000758860667702, "var": 0.00279479194432, "min": 0.04245698452, "dmean": 0.0204246416688, "mean": 0.153971716762, "max": 0.388093799353, "dmean2": 0.0277053304017, "median": 0.151117473841, "dvar": 0.000449382583611}, "spectral_strongpeak": {"dvar2": 1.67212426662, "var": 1.92324459553, "min": 0, "dmean": 0.446795254946, "mean": 1.04710030556, "max": 17.1335124969, "dmean2": 0.749486923218, "median": 0.518181920052, "dvar": 0.714173078537}, "spectral_rms": {"dvar2": 3.50187247022e-06, "var": 8.20293826109e-06, "min": 3.13616645674e-12, "dmean": 0.000845893286169, "mean": 0.00463887909427, "max": 0.0160369742662, "dmean2": 0.00121170259081, "median": 0.00401229877025, "dvar": 2.16234388972e-06}, "silence_rate_60dB": {"dvar2": 0.0497180595994, "var": 0.0824908465147, "min": 0, "dmean": 0.022679284215, "mean": 0.0907100439072, "max": 1, "dmean2": 0.0453621149063, "median": 0, "dvar": 0.0221683271229}, "melbands": {"dvar2": [7.43415148463e-05, 6.6336877353e-05, 3.85053426726e-05, 6.58354611005e-06, 5.24363770182e-07, 2.69473190428e-07, 2.19650942768e-07, 1.14334049783e-07, 1.41910973639e-07, 9.98141942432e-08, 2.36856976699e-07, 6.98223772133e-08, 4.12341591982e-08, 4.62180622662e-08, 7.5255471188e-08, 6.94842050564e-09, 4.75525929744e-09, 5.26408516777e-09, 1.09590283515e-08, 6.40705266619e-09, 3.12076586795e-09, 2.43402054068e-09, 9.37142696777e-10, 1.06270148237e-09, 3.21823734328e-10, 1.99370187026e-10, 1.34224173443e-10, 4.13684364542e-11, 2.41265375733e-11, 2.12982166625e-11, 2.27873171721e-11, 2.00477620615e-11, 1.67790122074e-11, 2.48369484701e-11, 2.28859986517e-11, 1.41431762135e-11, 7.77146229314e-12, 1.24435860921e-11, 1.1546753137e-11, 9.80521306509e-12], "var": [8.29062555567e-05, 3.42872954207e-05, 7.94078641775e-06, 1.54069107339e-06, 3.9792328721e-07, 4.2492925445e-07, 2.64331561084e-07, 1.53204240405e-07, 2.56941405041e-07, 2.46113188496e-07, 8.89051989361e-07, 3.57086065605e-07, 1.02702088611e-07, 3.63169121442e-08, 3.0797153272e-08, 6.7778720414e-09, 5.01328845104e-09, 3.42319705915e-09, 1.45506593441e-08, 6.09033445897e-09, 3.39495587198e-09, 2.15831819084e-09, 1.13385978384e-09, 8.39598224278e-10, 5.1770893128e-10, 3.04417296926e-10, 2.23208160288e-10, 5.87497758775e-11, 2.37436216521e-11, 1.95065769093e-11, 3.16674533818e-11, 1.49858