{"tonal": {"thpcp": [1, 0.484990805387, 0.078391328454, 0.0479056835175, 0.116415210068, 0.534807264805, 0.635631084442, 0.268027245998, 0.330587506294, 0.432927489281, 0.220315977931, 0.104095220566, 0.101943820715, 0.125481978059, 0.34032407403, 0.509789943695, 0.339310765266, 0.192569106817, 0.176901444793, 0.171483457088, 0.393289327621, 0.503468573093, 0.261762022972, 0.115577831864, 0.1227844432, 0.127302870154, 0.161699905992, 0.163168683648, 0.161397501826, 0.506472766399, 0.764207005501, 0.40719294548, 0.0965489447117, 0.0878745168447, 0.20681424439, 0.725186645985], "hpcp": {"dmean2": [0.130415007472, 0.138404011726, 0.210900515318, 0.243315801024, 0.169063553214, 0.0901507660747, 0.0856771692634, 0.139520615339, 0.212786763906, 0.228122130036, 0.168323412538, 0.0670885890722, 0.0452815666795, 0.0673566535115, 0.18290373683, 0.210189759731, 0.121652506292, 0.128706023097, 0.144947215915, 0.107352353632, 0.0755820795894, 0.0757848471403, 0.10121576488, 0.159546092153, 0.184547811747, 0.182815089822, 0.182150155306, 0.16105517745, 0.163265928626, 0.196849107742, 0.207910642028, 0.155395001173, 0.107437089086, 0.0947477146983, 0.109651975334, 0.136545211077], "median": [0.0191843826324, 0.0225230008364, 0.138408303261, 0.215107962489, 0.104780234396, 0.0112258708104, 0.00951411575079, 0.0286710429937, 0.219275265932, 0.311713457108, 0.139697223902, 0.00987215526402, 0.00436256639659, 0.0139593435451, 0.0771856307983, 0.103229597211, 0.0652376562357, 0.034465033561, 0.0295765921474, 0.0204955935478, 0.015232924372, 0.0148929720744, 0.0116637470201, 0.0579621568322, 0.0791849642992, 0.0565086379647, 0.0129732396454, 0.00898385979235, 0.0133968181908, 0.0796342343092, 0.101494200528, 0.0512234792113, 0.0104897860438, 0.00621111039072, 0.00746243167669, 0.0180679820478], "min": [0, 0, 0, 0, 0, 0, 0, 0, 0, 0, 0, 0, 0, 0, 0, 0, 0, 0, 0, 0, 0, 0, 0, 0, 0, 0, 0, 0, 0, 0, 0, 0, 0, 0, 0, 0], "dvar2": [0.0679921582341, 0.068463511765, 0.0749387294054, 0.0891133099794, 0.0553594939411, 0.0428302772343, 0.0402913726866, 0.057728599757, 0.0785465463996, 0.0993065014482, 0.0541605167091, 0.0311139859259, 0.0189906768501, 0.0237912703305, 0.0681992471218, 0.0851461067796, 0.0404671914876, 0.0477592386305, 0.0689961314201, 0.0413767136633, 0.0263786092401, 0.030325923115, 0.0528665333986, 0.0646900013089, 0.0737330764532, 0.078134201467, 0.10958801955, 0.0959451794624, 0.0927506759763, 0.0856487825513, 0.082756459713, 0.0631977170706, 0.0672943815589, 0.0591649077833, 0.0677921622992, 0.0818327814341], "dvar": [0.0241234488785, 0.0239112116396, 0.0276727229357, 0.0355604179204, 0.0204605516046, 0.015349060297, 0.014187076129, 0.0207113381475, 0.0310930032283, 0.0421813949943, 0.0204414911568, 0.0107965422794, 0.00655193300918, 0.00857408624142, 0.0292434617877, 0.0363342538476, 0.0148039460182, 0.0185278337449, 0.0275257248431, 0.015557276085, 0.00952463038266, 0.0102466875687, 0.0186028182507, 0.0236606877297, 0.0295895542949, 0.0277868341655, 0.0409242287278, 0.0377188287675, 0.0333951562643, 0.0307928677648, 0.0327782034874, 0.0219998825341, 0.0229021962732, 0.0205186512321, 0.0240375474095, 0.0284095834941], "dmean": [0.0737157389522, 0.0767359659076, 0.126291483641, 0.145189493895, 0.100965194404, 0.0502274595201, 0.0468877442181, 0.0809502080083, 0.12794315815, 0.136745750904, 0.10172880441, 0.0372417420149, 0.0246097650379, 0.0393489263952, 0.112267553806, 0.128045484424, 0.0734029263258, 0.0775792226195, 0.0870509520173, 0.0639243125916, 0.0435123480856, 0.042409978807, 0.0555244237185, 0.0941038578749, 0.111522346735, 0.104757152498, 0.101078025997, 0.0913917198777, 0.0910823568702, 0.115501716733, 0.12572401762, 0.0905904471874, 0.0589425824583, 0.052795521915, 0.0611595287919, 0.076573766768], "max": [1, 1, 1, 1, 1, 1, 1, 1, 1, 1, 1, 1, 1, 1, 1, 1, 1, 1, 1, 1, 1, 1, 1, 1, 1, 1, 1, 1, 1, 1, 1, 1, 1, 1, 1, 1], "var": [0.0214075390249, 0.0215074997395, 0.0545600540936, 0.11413398385, 0.0404048748314, 0.0124000357464, 0.0111102666706, 0.0242185238749, 0.0981412604451, 0.169047728181, 0.0463561303914, 0.00784610118717, 0.00476036826149, 0.0091132922098, 0.0957465842366, 0.118555806577, 0.0211772527546, 0.0565129183233, 0.101779051125, 0.0280252434313, 0.00987174827605, 0.0100028663874, 0.021190315485, 0.0427486896515, 0.0944290831685, 0.0403437241912, 0.0352311357856, 0.0337562076747, 0.0272070877254, 0.0551238656044, 0.0822853147984, 0.0253287050873, 0.0197630412877, 0.0271207112819, 0.025452522561, 0.0238728951663], "mean": [0.0735157653689, 0.0727177560329, 0.228191673756, 0.344314008951, 0.183461070061, 0.0435001961887, 0.0395919270813, 0.0931803062558, 0.326733350754, 0.450550705194, 0.218512952328, 0.0353192687035, 0.0215839389712, 0.0524509549141, 0.240957796574, 0.286384046078, 0.120759859681, 0.148946434259, 0.195055782795, 0.0992635190487, 0.0469001755118, 0.0459308587015, 0.0565359964967, 0.153333246708, 0.229686230421, 0.152876704931, 0.0867621451616, 0.0797030702233, 0.0772619917989, 0.177196785808, 0.226838126779, 0.117937065661, 0.0520736724138, 0.0553206168115, 0.0573563948274, 0.0728540048003]}, "tuning_equal_tempered_deviation": 0.057878062129, "chords_changes_rate": 0.0392690524459, "key_key": "A#", "tuning_diatonic_strength": 0.487797349691, "key_scale": "major", "chords_number_rate": 0.0021384137217, "tuning_frequency": 446.91595459, "tuning_nontempered_energy_ratio": 0.662745893002, "chords_histogram": [32.7566108704, 0.213841363788, 3.84914469719, 0.19440124929, 8.41757392883, 2.74105763435, 0.408242613077, 1.55520999432, 0.19440124929, 0, 0.758164823055, 0.816485226154, 1.7301710844, 0, 0.0777604952455, 2.50777602196, 0, 0.252721607685, 0.0583203732967, 1.53576982021, 0.894245743752, 27.1772937775, 8.12597179413, 5.73483657837], "key_strength": 0.632900357246, "chords_key": "A#", "chords_strength": {"dmean2": 0.00679580820724, "median": 0.529236793518, "min": -1, "dvar2": 0.000737747177482, "dvar": 0.000418725830968, "dmean": 0.00761479046196, "max": 0.739246368408, "var": 0.0280755870044, "mean": 0.506671607494}, "chords_scale": "major", "hpcp_entropy": {"dmean2": 0.811176657677, "median": 1.79540085793, "min": 0, "dvar2": 0.509011149406, "dvar": 0.186381340027, "dmean": 0.475337564945, "max": 3.83590364456, "var": 0.425534546375, "mean": 1.76446390152}}, "metadata": {"audio_properties": {"equal_loudness": 0, "codec": "flac", "downmix": "mix", "sample_rate": 44100, "analysis_sample_rate": 44100, "bit_rate": 0, "md5_encoded": "4bd192b05ceb9b9bda2ad587cca3ca00", "length": 238.826660156, "replay_gain": -9.15779876709, "lossless": true}, "version": {"essentia_build_sha": "2d9f1f26377add8aeb1075a9c2973f962c4f09fd", "essentia": "2.1-beta2", "extractor": "music 1.0", "essentia_git_sha": "v2.1_beta2-1-ge3940c0"}, "tags": {"title": ["Main Theme From The Last of the Mohicans / The Gael"], "barcode": ["5014675306423"], "media": ["CD"], "albumartist": ["The Royal Scots Dragoon Guards"], "tracktotal": ["21"], "musicbrainz_releasegroupid": ["b03e049e-2b84-3d40-9a33-3aa171286543"], "releasetype": ["album"], "musicbrainz_recordingid": ["13253933-100e-4381-b87c-7d346f2db7dd"], "composer": ["Trevor Jones Dougie MacLean"], "musicbrainz_albumartistid": ["dacbd425-209a-4f38-be22-d17f637934b7"], "originalyear": ["1998"], "musicbrainz_releasetrackid": ["b2f17ec1-4798-35a3-824c-c16d7f2ec230"], "discnumber": ["1"], "totaldiscs": ["1"], "catalognumber": ["CDITV642"], "releasecountry": ["GB"], "file_name": "02 - Main Theme From The Last of the Mohicans  The Gael.flac", "originaldate": ["1998"], "albumartistsort": ["Royal Scots Dragoon Guards, The"], "date": ["1998"], "genre": ["Pipes"], "disctotal": ["1"], "releasestatus": ["official"], "musicbrainz_artistid": ["dacbd425-209a-4f38-be22-d17f637934b7"], "asin": ["B000031KBF"], "musicbrainz_albumid": ["22f258d2-e463-47f4-b988-e32f57f48a25"], "artist": ["The Royal Scots Dragoon Guards"], "tracknumber": ["2"], "artistsort": ["Royal Scots Dragoon Guards, The"], "album": ["Highland Cathedral"], "label": ["Scotdisc"], "isrc": ["GBBEX9800108"], "acoustid_id": ["27e45fcf-b1fb-4b70-8dc6-3a61c5580215"], "script": ["Latn"], "totaltracks": ["21"]}}, "rhythm": {"bpm_histogram_first_peak_bpm": {"dmean2": 0, "median": 98, "min": 98, "dvar2": 0, "dvar": 0, "dmean": 0, "max": 98, "var": 0, "mean": 98}, "bpm": 83.9959945679, "bpm_histogram_second_peak_spread": {"dmean2": 0, "median": 0.422018378973, "min": 0.422018378973, "dvar2": 0, "dvar": 0, "dmean": 0, "max": 0.422018378973, "var": 0, "mean": 0.422018378973}, "bpm_histogram_first_peak_weight": {"dmean2": 0, "median": 0.145161285996, "min": 0.145161285996, "dvar2": 0, "dvar": 0, "dmean": 0, "max": 0.145161285996, "var": 0, "mean": 0.145161285996}, "onset_rate": 1.54915130138, "beats_position": [0.603718817234, 1.20743763447, 1.8111563921, 2.41487526894, 3.03020405769, 3.64553284645, 4.26086139679, 4.87619018555, 5.4915189743, 6.10684776306, 6.71056699753, 7.32589578629, 7.94122457504, 8.55655288696, 9.19510173798, 9.83365058899, 10.4605894089, 11.0991382599, 11.7260770798, 12.3530158997, 12.9799547195, 13.5836734772, 14.1873922348, 14.7911109924, 15.3832197189, 15.9753284454, 16.6138763428, 17.2524261475, 17.8793640137, 18.5063037872, 19.1332416534, 19.7717914581, 20.3987293243, 21.0140590668, 21.6293869019, 22.2447166443, 22.8600444794, 23.4753742218, 24.0907020569, 24.7060317993, 25.3213596344, 25.9366893768, 26.5520172119, 27.1673469543, 27.7826747894, 28.3980045319, 29.0133323669, 29.6286621094, 30.2323799133, 30.8477096558, 31.4630374908, 32.0783653259, 32.7053070068, 33.332244873, 33.9591827393, 34.5745124817, 35.2014503479, 35.8400001526, 36.4785499573, 37.151927948, 37.8136940002, 38.4754638672, 39.1140136719, 39.7409515381, 40.3678894043, 40.9948310852, 41.6101570129, 42.2254867554, 42.8408164978, 43.467754364, 44.0830841064, 44.7216300964, 45.3485717773, 45.9755096436, 46.590839386, 47.2061653137, 47.8214950562, 48.4484329224, 49.0637626648, 49.6790924072, 50.2828102112, 50.8052597046, 51.327709198, 51.8501586914, 52.3842163086, 52.9182739258, 53.4523353577, 53.9515647888, 54.45079422, 54.9500198364, 55.4260292053, 55.9136505127, 56.4012680054, 56.8888893127, 57.3765068054, 57.8525161743, 58.3285255432, 58.8161430359, 59.3037643433, 59.7913818359, 60.2789993286, 60.7550086975, 61.2310180664, 61.7186393738, 62.2062568665, 62.6938781738, 63.1814956665, 63.6691131592, 64.1683425903, 64.6675720215, 65.1668014526, 65.6660308838, 66.1652603149, 66.6644897461, 67.1985473633, 67.7326049805, 68.2666625977, 68.8819961548, 69.4973220825, 70.1242599487, 70.7511978149, 71.3781356812, 72.0050811768, 72.632019043, 73.2009048462, 73.7697982788, 74.338684082, 74.9075698853, 75.4764633179, 76.0453491211, 76.6142425537, 77.1831283569, 77.7404098511, 78.2976837158, 78.889793396, 79.4819030762, 80.0740127563, 80.677734375, 81.2814483643, 81.8967819214, 82.5121078491, 83.1274337769, 83.7659835815, 84.4045333862, 85.0314712524, 85.6584091187, 86.2853469849, 86.9122848511, 87.5276184082, 88.1893844604, 88.8395462036, 89.4897003174, 90.1398620605, 90.7900238037, 91.428565979, 92.0671157837, 92.6940536499, 93.3209991455, 93.9479370117, 94.5748748779, 95.2134246826, 95.8403625488, 96.467300415, 97.0129699707, 97.5586395264, 98.104309082, 98.6499786377, 99.1956481934, 99.7413101196, 100.286979675, 100.821044922, 101.343490601, 101.865936279, 102.388389587, 102.910835266, 103.433288574, 103.955734253, 104.466575623, 104.977409363, 105.488250732, 106.045532227, 106.591201782, 107.125259399, 107.659317017, 108.204986572, 108.785484314, 109.365982056, 109.934875488, 110.573425293, 111.223579407, 111.862129211, 112.500679016, 113.069564819, 113.638458252, 114.218955994, 114.799453735, 115.368339539, 115.94884491, 116.54094696, 117.121452332, 117.713554382, 118.305664063, 118.886169434, 119.478271484, 120.070381165, 120.650878906, 121.231384277, 121.811882019, 122.403991699, 122.99609375, 123.576599121, 124.157096863, 124.830474854, 125.492240906, 126.154014587, 126.827392578, 127.500770569, 128.243804932, 128.986846924, 129.811157227, 130.635467529, 131.448165894, 132.249252319, 133.050338745, 133.828201294, 134.606079102, 135.372329712, 136.126983643, 136.881637573, 137.636276245, 138.390930176, 139.157180786, 139.900222778, 140.643264771, 141.386306763, 142.129333496, 142.86076355, 143.592193604, 144.323623657, 145.066665649, 145.798095703, 146.541137695, 147.27255249, 148.003982544, 148.735412598, 149.466842651, 150.198272705, 150.929702759, 151.661132813, 152.392562866, 153.12399292, 153.855422974, 154.575241089, 155.295059204, 156.026489258, 156.757904053, 157.489334106, 158.22076416, 158.940582275, 159.660400391, 160.368606567, 161.076828003, 161.796646118, 162.516464233, 163.236282349, 163.956100464, 164.675918579, 165.395736694, 166.103942871, 166.823760986, 167.543579102, 168.251785278, 168.971603394, 169.67980957, 170.388031006, 171.096237183, 171.804443359, 172.524261475, 173.24407959, 173.963897705, 174.68371582, 175.391921997, 176.111740112, 176.831558228, 177.551376343, 178.282806396, 179.01423645, 179.757278442, 180.488708496, 181.208526611, 181.951568604, 182.682983398, 183.426025391, 184.157455444, 184.888885498, 185.620315552, 186.351745605, 187.083175659, 187.791381836, 188.499588013, 189.196182251, 189.916000366, 190.612609863, 191.32081604, 192.017410278, 192.725616455, 193.433822632, 194.142044067, 194.815414429, 195.512008667, 196.220230103, 196.928436279, 197.625030518, 198.333236694, 199.05305481, 199.761260986, 200.457870483, 201.154464722, 201.839447021, 202.52444458, 203.20942688, 203.894424438, 204.579406738, 205.264389038, 205.937774658, 206.634368896, 207.342575073, 208.050796509, 208.770614624, 209.490432739, 210.187026978, 210.872009277, 211.557006836, 212.253601074, 212.950195313, 213.64680481, 214.320175171, 215.016769409, 215.713378906, 216.421585083, 217.106567383, 217.80317688, 218.499771118, 219.196365356, 219.892959595, 220.566345215, 221.251327515, 221.936325073, 222.598098755, 223.283081055, 223.968063354, 224.653060913, 225.314819336, 225.999816895, 226.684799194, 227.369796753, 228.031555176, 228.716552734, 229.389923096, 230.063308716, 230.725082397, 231.38684082, 232.048614502, 232.710388184, 233.383758545, 234.057144165, 234.742126465, 235.264572144, 235.787017822, 236.321090698, 236.855148315, 237.389205933, 237.92326355], "beats_loudness": {"dmean2": 0.0333554260433, "median": 0.0112449657172, "min": 0, "dvar2": 0.00384919927455, "dvar": 0.00116543378681, "dmean": 0.0178761314601, "max": 0.246118679643, "var": 0.00166473852005, "mean": 0.0262740887702}, "danceability": 1.14195740223, "bpm_histogram_second_peak_weight": {"dmean2": 0, "median": 0.169354841113, "min": 0.169354841113, "dvar2": 0, "dvar": 0, "dmean": 0, "max": 0.169354841113, "var": 0, "mean": 0.169354841113}, "beats_count": 373, "bpm_histogram_second_peak_bpm": {"dmean2": 0, "median": 82, "min": 82, "dvar2": 0, "dvar": 0, "dmean": 0, "max": 82, "var": 0, "mean": 82}, "bpm_histogram_first_peak_spread": {"dmean2": 0, "median": 0.542372882366, "min": 0.542372882366, "dvar2": 0, "dvar": 0, "dmean": 0, "max": 0.542372882366, "var": 0, "mean": 0.542372882366}, "beats_loudness_band_ratio": {"dmean2": [0.297779738903, 0.253330379725, 0.145547881722, 0.117482103407, 0.192755535245, 0.0476651713252], "median": [0.285096615553, 0.136381849647, 0.106510289013, 0.0882087126374, 0.121269538999, 0.0628194361925], "min": [0, 0, 0, 0, 0, 0], "dvar2": [0.0671166181564, 0.0705325528979, 0.0295167528093, 0.0144435157999, 0.0429705902934, 0.003032973269], "dvar": [0.0284521579742, 0.0206360388547, 0.011910061352, 0.00522368121892, 0.0133978938684, 0.00116888119373], "dmean": [0.175110831857, 0.138424247503, 0.0888721272349, 0.0663307830691, 0.107286497951, 0.0274365991354], "max": [0.979826331139, 0.931683540344, 0.996229171753, 0.645527124405, 0.742654800415, 0.305462002754], "var": [0.061009414494, 0.0259312000126, 0.0432323217392, 0.00671911006793, 0.0294027309865, 0.00366655946709], "mean": [0.345278054476, 0.186766251922, 0.186519533396, 0.102521143854, 0.182026833296, 0.0650782957673]}}, "lowlevel": {"barkbands_spread": {"dmean2": 6.87291431427, "median": 31.8837108612, "min": 0.167789191008, "dvar2": 61.872756958, "dvar": 24.1580104828, "dmean": 4.3883600235, "max": 77.811378479, "var": 233.184799194, "mean": 28.9429702759}, "melbands_spread": {"dmean2": 11.5388784409, "median": 44.7838630676, "min": 0.368394613266, "dvar2": 182.56678772, "dvar": 79.5053787231, "dmean": 7.46147155762, "max": 163.032058716, "var": 732.629760742, "mean": 42.3770027161}, "hfc": {"dmean2": 7.00221443176, "median": 17.902507782, "min": 1.05556326062e-16, "dvar2": 178.881942749, "dvar": 86.3318557739, "dmean": 4.8311123848, "max": 235.725769043, "var": 619.561523438, "mean": 22.7577075958}, "barkbands_kurtosis": {"dmean2": 6.3687953949, "median": -0.510870277882, "min": -1.68048775196, "dvar2": 2618.57006836, "dvar": 915.388671875, "dmean": 3.74228096008, "max": 1675.54064941, "var": 1176.91235352, "mean": 4.73517560959}, "gfcc": {"mean": [-49.1372146606, 78.1254348755, -114.818885803, 25.5143871307, -48.3613739014, 11.8975524902, -42.195438385, 6.92069959641, -18.5838432312, 4.82370758057, -20.7873668671, 1.03885400295, -9.93204212189], "icov": [[0.000107879226562, -0.000127185383462, 0.000133718596771, -0.000252211466432, 9.80865879683e-05, -0.00030838829116, 0.000401999684982, -0.000162424301379, 0.000118148454931, -0.000141500553582, 0.000482798030134, -0.000254981569014, 0.000224960356718], [-0.000127185383462, 0.00113514554687, 0.000191793995327, 0.000772467814386, -0.000654444040265, 0.000980697339401, -0.00103738054167, 0.000702740624547, -0.000844583730213, 0.00115942535922, -0.00230861036107, 0.00164563034195, -0.000675831921399], [0.000133718596771, 0.000191793995327, 0.00164577190299, 0.000114619302622, -0.000647810695227, 0.000190147096873, 0.000588969211094, -0.000536114152055, -0.000299344013911, -0.000328582100337, -0.000531958648935, 3.98938027502e-05, -0.000681491917931], [-0.000252211466432, 0.000772467814386, 0.000114619302622, 0.00380182103254, -0.00106600916479, -0.000466162717203, -0.000623036874458, 0.000790372374468, 0.000571556505747, -7.77381937951e-05, -0.000571135606151, 0.00178437761497, 5.52152341697e-05], [9.80865879683e-05, -0.000654444040265, -0.000647810695227, -0.00106600916479, 0.00485740276054, -0.00338726397604, -0.000919031037483, 0.00227220985107, -0.00105663680006, 0.00198985729367, 0.000162579497555, -0.00215074256994, 0.00196357513778], [-0.00030838829116, 0.000980697339401, 0.000190147096873, -0.000466162717203, -0.00338726397604, 0.0102605652064, -0.00153723568656, -0.00192233570851, 0.00198217038997, -0.00125726591796, -1.61377090535e-06, 0.00203010393307, -0.00250454363413], [0.000401999684982, -0.00103738054167, 0.000588969211094, -0.000623036874458, -0.000919031037483, -0.00153723568656, 0.00837694294751, -0.00309511041269, -0.00245734909549, 0.000927766726818, 0.000378779193852, 0.000241747969994, 0.000679331598803], [-0.000162424301379, 0.000702740624547, -0.000536114152055, 0.000790372374468, 0.00227220985107, -0.00192233570851, -0.00309511041269, 0.0118914460763, -0.00426186993718, -0.000228320990573, 0.00123546691611, -0.00252711051144, 0.00182511599269], [0.000118148454931, -0.000844583730213, -0.000299344013911, 0.000571556505747, -0.00105663680006, 0.00198217038997, -0.00245734909549, -0.00426186993718, 0.0136554390192, -0.00577430007979, 0.000882195075974, 0.00313334423117, -0.00107978726737], [-0.000141500553582, 0.00115942535922, -0.000328582100337, -7.77381937951e-05, 0.00198985729367, -0.00125726591796, 0.000927766726818, -0.000228320990573, -0.00577430007979, 0.0156473983079, -0.0069419676438, -0.000405399187002, 0.00130080140661], [0.000482798030134, -0.00230861036107, -0.000531958648935, -0.000571135606151, 0.000162579497555, -1.61377090535e-06, 0.000378779193852, 0.00123546691611, 0.000882195075974, -0.0069419676438, 0.0191217977554, -0.00796927139163, 0.00232606311329], [-0.000254981569014, 0.00164563034195, 3.98938027502e-05, 0.00178437761497, -0.00215074256994, 0.00203010393307, 0.000241747969994, -0.00252711051144, 0.00313334423117, -0.000405399187002, -0.00796927139163, 0.0187020711601, -0.00717300921679], [0.000224960356718, -0.000675831921399, -0.000681491917931, 5.52152341697e-05, 0.00196357513778, -0.00250454363413, 0.000679331598803, 0.00182511599269, -0.00107978726737, 0.00130080140661, 0.00232606311329, -0.00717300921679, 0.0173098538071]], "cov": [[33392.4726563, -4365.15869141, -2976.88574219, 3019.97949219, -413.246002197, 1352.3684082, -1835.15258789, -123.923912048, -1357.97155762, -222.450393677, -1335.79528809, -104.995613098, -335.598327637], [-4365.15869141, 3401.81567383, 135.447799683, -755.366271973, 355.76953125, -361.284179688, 619.495361328, -92.232963562, 415.22833252, -84.1143569946, 388.145355225, -126.625427246, 17.6637458801], [-2976.88574219, 135.447799683, 978.849304199, -261.888458252, 79.3416748047, -97.4635467529, 94.761428833, 41.7482261658, 126.853675842, 64.7308349609, 139.896697998, 57.3421630859, 60.1377067566], [3019.97949219, -755.366271973, -261.888458252, 666.95501709, 68.3226928711, 211.250198364, -175.854492188, -41.9041900635, -177.297119141, -34.5721130371, -160.99432373, -31.5520057678, -46.9453277588], [-413.246002197, 355.76953125, 79.3416748047, 68.3226928711, 432.367584229, 91.142906189, 117.313766479, -62.4705123901, 19.4279136658, -62.7038574219, 28.9505310059, -11.5862493515, -14.4771308899], [1352.3684082, -361.284179688, -97.4635467529, 211.250198364, 91.142906189, 219.643356323, -51.4145736694, 6.05409431458, -78.2404327393, -15.3930587769, -77.3553085327, -5.17838335037, -8.84663486481], [-1835.15258789, 619.495361328, 94.761428833, -175.854492188, 117.313766479, -51.4145736694, 328.663116455, 48.7733573914, 153.96043396, -4.91668987274, 86.1087417603, -31.1133098602, -0.949902117252], [-123.923912048, -92.232963562, 41.7482261658, -41.9041900635, -62.4705123901, 6.05409431458, 48.7733573914, 142.452987671, 57.9049797058, 34.2849884033, -3.69997930527, 9.08691692352, -3.88653635979], [-1357.97155762, 415.22833252, 126.853675842, -177.297119141, 19.4279136658, -78.2404327393, 153.96043396, 57.9049797058, 199.996124268, 47.6896591187, 74.5202026367, -21.0695781708, 3.89505791664], [-222.450393677, -84.1143569946, 64.7308349609, -34.5721130371, -62.7038574219, -15.3930587769, -4.91668987274, 34.2849884033, 47.6896591187, 113.271057129, 41.4193267822, 18.9902515411, 0.495657205582], [-1335.79528809, 388.145355225, 139.896697998, -160.99432373, 28.9505310059, -77.3553085327, 86.1087417603, -3.69997930527, 74.5202026367, 41.4193267822, 153.545837402, 32.5867385864, 15.4764652252], [-104.995613098, -126.625427246, 57.3421630859, -31.5520057678, -11.5862493515, -5.17838335037, -31.1133098602, 9.08691692352, -21.0695781708, 18.9902515411, 32.5867385864, 97.3456726074, 32.825504303], [-335.598327637, 17.6637458801, 60.1377067566, -46.9453277588, -14.4771308899, -8.84663486481, -0.949902117252, -3.88653635979, 3.89505791664, 0.495657205582, 15.4764652252, 32.825504303, 77.8769073486]]}, "spectral_energyband_middle_low": {"dmean2": 0.00575310690328, "median": 0.0033459092956, "min": 1.50371353089e-22, "dvar2": 0.000592294265516, "dvar": 0.000251336226938, "dmean": 0.00369093916379, "max": 0.298266112804, "var": 0.000292782206088, "mean": 0.00656081736088}, "melbands_crest": {"dmean2": 4.26219177246, "median": 10.3521375656, "min": 1.5268586874, "dvar2": 17.5914497375, "dvar": 6.74095630646, "dmean": 2.6101026535, "max": 39.412437439, "var": 26.0797119141, "mean": 11.5324201584}, "spectral_kurtosis": {"dmean2": 4.30338859558, "median": 4.16976261139, "min": -1.28635454178, "dvar2": 76.2080459595, "dvar": 28.2016506195, "dmean": 2.50365567207, "max": 209.258834839, "var": 226.546859741, "mean": 9.42208003998}, "spectral_rms": {"dmean2": 0.000849605887197, "median": 0.00324360118248, "min": 3.09379388427e-12, "dvar2": 2.91291507892e-06, "dvar": 1.25430767639e-06, "dmean": 0.000555721868295, "max": 0.0192101951689, "var": 4.54959945273e-06, "mean": 0.00350473145954}, "zerocrossingrate": {"dmean2": 0.00941986404359, "median": 0.09912109375, "min": 0, "dvar2": 0.000113461603178, "dvar": 8.1422374933e-05, "dmean": 0.00745390821248, "max": 0.52685546875, "var": 0.00383422058076, "mean": 0.0892849341035}, "silence_rate_60dB": {"dmean2": 0.0466699078679, "median": 0, "min": 0, "dvar2": 0.0542271062732, "dvar": 0.022791583091, "dmean": 0.0233326852322, "max": 1, "var": 0.136770054698, "mean": 0.163507342339}, "erbbands_kurtosis": {"dmean2": 3.54076623917, "median": 0.581695973873, "min": -1.72633051872, "dvar2": 184.375473022, "dvar": 63.4596977234, "dmean": 2.1736433506, "max": 233.325744629, "var": 249.451446533, "mean": 3.69639253616}, "erbbands": {"dmean2": [0.0774710997939, 0.772723913193, 2.72104549408, 4.75490951538, 15.4165306091, 7.14444494247, 5.34628534317, 3.96921563148, 4.51435852051, 6.89268255234, 8.5799703598, 6.13685798645, 7.20001745224, 5.87891483307, 8.77451324463, 14.9217643738, 9.38290977478, 15.0298490524, 10.8038854599, 29.6357498169, 56.9743919373, 39.5546646118, 14.2150974274, 9.62880802155, 7.82715940475, 9.85209178925, 9.14903736115, 8.89376831055, 5.75643062592, 4.63455677032, 2.50521945953, 2.22007846832, 1.7717063427, 1.09077584743, 0.658019006252, 0.211156621575, 0.0796696767211, 0.0231355875731, 0.0022446506191, 9.86327431747e-05], "median": [0.0145504986867, 0.124401435256, 0.399170160294, 0.942695736885, 1.95119059086, 2.62630701065, 2.4503057003, 2.07082414627, 2.79468512535, 5.82112646103, 5.82873106003, 4.01953172684, 3.0771074295, 3.73395061493, 4.68963861465, 8.22372627258, 7.14936685562, 8.27391433716, 7.4393415451, 14.9852256775, 29.5379009247, 16.0519504547, 8.17778396606, 5.64893627167, 5.15399265289, 7.07923984528, 7.45152997971, 7.36049747467, 4.53953695297, 3.54920387268, 2.38245892525, 1.86072731018, 1.55852806568, 0.915314376354, 0.573147058487, 0.184840410948, 0.0359217226505, 0.00360213313252, 0.000261958659394, 2.88474566332e-05], "min": [4.06028443411e-23, 4.93291965379e-22, 2.23711905433e-21, 6.41729344548e-21, 1.2695972746e-20, 1.81840842736e-20, 2.69218515779e-20, 6.88708833178e-20, 7.87210405249e-20, 1.68187325228e-19, 2.32584499138e-19, 3.96152511783e-19, 5.32971080232e-19, 9.22933489299e-19, 1.01241075353e-18, 1.60914215615e-18, 1.16186719417e-18, 2.03645993828e-18, 2.79632438579e-18, 2.91716285878e-18, 3.17863175528e-18, 3.9835293629e-18, 4.53233102569e-18, 5.51690549725e-18, 7.808179664e-18, 9.18563059853e-18, 8.80978123488e-18, 9.34178658174e-18, 1.0295328959e-17, 1.13659140843e-17, 1.01695884069e-17, 9.95847867972e-18, 1.00297030664e-17, 8.17361730528e-18, 5.43589225524e-18, 3.87390022118e-18, 2.30720380419e-18, 8.94860220079e-19, 2.31268454783e-19, 2.64300200023e-20], "dvar2": [0.0829653963447, 10.5712060928, 188.019042969, 266.008666992, 6064.51708984, 780.03314209, 455.385894775, 277.705474854, 404.876525879, 226.068710327, 409.857757568, 173.586517334, 497.377105713, 163.782272339, 351.011077881, 1039.46655273, 261.927825928, 907.460083008, 321.814361572, 3150.73730469, 12404.8339844, 6325.16845703, 1002.00982666, 327.556793213, 157.735198975, 267.259613037, 277.761352539, 195.749526978, 120.644615173, 76.6577453613, 21.2227535248, 21.923746109, 13.9076890945, 9.46618366241, 2.45119094849, 0.256902426481, 0.0756770372391, 0.00961289741099, 8.63658278831e-05, 1.37414943424e-07], "dvar": [0.0324454605579, 3.88626861572, 67.3512039185, 102.240432739, 2418.54589844, 311.986083984, 221.509918213, 107.712112427, 154.113723755, 102.786567688, 188.125823975, 87.533454895, 196.437942505, 63.4047966003, 178.124389648, 406.372924805, 127.646240234, 434.221160889, 145.961227417, 1453.99609375, 5622.50927734, 2924.23950195, 670.748474121, 126.941513062, 61.849029541, 106.601402283, 97.5238037109, 73.3605651855, 46.6548995972, 31.4299888611, 9.37714195251, 8.59942626953, 5.66698455811, 3.74583935738, 1.01173782349, 0.130698636174, 0.0372911281884, 0.0044609727338, 3.98605661758e-05, 6.94206221397e-08], "dmean": [0.0465040653944, 0.444582700729, 1.5502089262, 2.81445860863, 9.38401794434, 4.37655735016, 3.5920548439, 2.48300528526, 2.98825311661, 4.76825714111, 6.0010342598, 4.20774364471, 4.64867162704, 3.70666432381, 6.33575630188, 9.77918052673, 6.41702747345, 10.3670101166, 7.23299264908, 20.4508037567, 40.1942672729, 26.9478206635, 10.5022411346, 5.97804927826, 4.85767221451, 6.08086109161, 5.50180482864, 5.38981533051, 3.52546548843, 2.88005208969, 1.57853102684, 1.36347150803, 1.10234344006, 0.680645465851, 0.414322346449, 0.139757826924, 0.0525725260377, 0.0147657636553, 0.0014300243929, 6.7407694587e-05], "max": [3.27172207832, 44.9412574768, 205.199584961, 165.923843384, 945.419128418, 422.737823486, 547.390380859, 278.682342529, 407.473266602, 223.407073975, 454.028503418, 253.293029785, 415.876464844, 168.673812866, 367.897247314, 465.191894531, 274.193145752, 561.64074707, 307.036834717, 960.255432129, 1929.02404785, 1322.83581543, 876.954528809, 174.791671753, 131.392669678, 204.585235596, 198.086044312, 170.449371338, 189.978546143, 184.070068359, 80.7329025269, 71.8819351196, 48.6598167419, 51.046131134, 24.8837871552, 9.20616912842, 4.89518594742, 1.20990741253, 0.123181775212, 0.00451326835901], "var": [0.0348868370056, 3.02430033684, 46.3647613525, 92.9417495728, 2111.27026367, 485.219268799, 429.946350098, 112.10308075, 178.143966675, 277.618621826, 545.41394043, 247.466094971, 409.199768066, 142.771392822, 670.360046387, 1067.55505371, 609.002075195, 1408.26281738, 562.100830078, 5970.31884766, 21003.9277344, 11205.96875, 2902.08349609, 251.219696045, 147.919448853, 262.401947021, 235.175415039, 219.666229248, 113.970748901, 101.471679688, 30.8765640259, 23.5124969482, 17.490322113, 8.99267482758, 4.00394058228, 0.48045283556, 0.0763897821307, 0.00708018336445, 7.02062025084e-05, 1.73425689809e-07], "mean": [0.0602114498615, 0.484684467316, 1.648442626, 3.3343102932, 9.97702693939, 7.60173797607, 6.86364412308, 4.35075998306, 5.81493330002, 11.3000535965, 12.4255275726, 8.68742370605, 8.03218746185, 7.25983285904, 14.0348739624, 19.8880710602, 16.3828754425, 22.6115341187, 16.6541404724, 46.1913719177, 91.4761352539, 60.1571388245, 25.2413539886, 11.0466632843, 9.30083274841, 11.9414243698, 11.7536344528, 11.8220338821, 7.5668463707, 6.56703948975, 3.89044284821, 3.27631855011, 2.77512717247, 1.80769383907, 1.22767066956, 0.394493490458, 0.110043615103, 0.0247418098152, 0.00245503569022, 0.000144427525811]}, "spectral_strongpeak": {"dmean2": 1.99028074741, "median": 0.676219701767, "min": 0, "dvar2": 7.92627000809, "dvar": 3.43942093849, "dmean": 1.2005109787, "max": 17.8507633209, "var": 7.6951584816, "mean": 2.21696805954}, "spectral_energy": {"dmean2": 0.010939325206, "median": 0.01078397315, "min": 9.81084997219e-21, "dvar2": 0.001273846603, "dvar": 0.000519679335412, "dmean": 0.00692871399224, "max": 0.378257423639, "var": 0.000718924449757, "mean": 0.0172536280006}, "average_loudness": 0.326433300972, "spectral_rolloff": {"dmean2": 737.260314941, "median": 2347.11914063, "min": 21.533203125, "dvar2": 1094004.625, "dvar": 466802.96875, "dmean": 428.88494873, "max": 19595.2148438, "var": 4655553.5, "mean": 2330.76098633}, "spectral_centroid": {"dmean2": 287.745422363, "median": 1942.22375488, "min": 121.672973633, "dvar2": 141053.46875, "dvar": 58177.8164063, "dmean": 182.039215088, "max": 11823.609375, "var": 1513322.25, "mean": 1780.71862793}, "pitch_salience": {"dmean2": 0.0953859761357, "median": 0.502528607845, "min": 0.0235896687955, "dvar2": 0.00760754849762, "dvar": 0.00278296507895, "dmean": 0.0585741735995, "max": 0.83111089468, "var": 0.00924236979336, "mean": 0.507345914841}, "spectral_energyband_middle_high": {"dmean2": 0.00215435051359, "median": 0.00409340532497, "min": 1.21334360093e-21, "dvar2": 1.13098531074e-05, "dvar": 5.07545792061e-06, "dmean": 0.00150376779493, "max": 0.0532291308045, "var": 3.68727050954e-05, "mean": 0.00570523599163}, "spectral_contrast_coeffs": {"dmean2": [0.0714507251978, 0.0608114078641, 0.0508017726243, 0.0457080118358, 0.0344240255654, 0.0248691737652], "median": [-0.661695301533, -0.753897488117, -0.766393005848, -0.735332727432, -0.708682835102, -0.711900532246], "min": [-0.979721605778, -0.976950526237, -0.974050939083, -0.986188948154, -0.966364502907, -0.964231908321], "dvar2": [0.00424103857949, 0.00247607077472, 0.00163697800599, 0.00137665797956, 0.000859969062731, 0.000481251656311], "dvar": [0.0015984037891, 0.000919352518395, 0.000630092108622, 0.000551693083253, 0.000359075085726, 0.000211781662074], "dmean": [0.0430582128465, 0.0375333875418, 0.0315736867487, 0.0286278016865, 0.0217494200915, 0.0158314500004], "max": [-0.275566160679, -0.448836028576, -0.492764502764, -0.502489447594, -0.529620170593, -0.571383774281], "var": [0.00940921250731, 0.00442676898092, 0.00389038352296, 0.00665149651468, 0.00688713602722, 0.00646429089829], "mean": [-0.662868976593, -0.750576972961, -0.765607655048, -0.739796519279, -0.724064230919, -0.723673701286]}, "melbands_skewness": {"dmean2": 0.894605696201, "median": 1.27887988091, "min": -3.84546327591, "dvar2": 1.34751451015, "dvar": 0.567529082298, "dmean": 0.574934363365, "max": 30.340681076, "var": 1.72393274307, "mean": 1.47799241543}, "spectral_spread": {"dmean2": 537198.375, "median": 4726367, "min": 609210.5625, "dvar2": 848497803264, "dvar": 363497029632, "dmean": 336071.78125, "max": 45212492, "var": 16637171335200.0, "mean": 4744269.5}, "dissonance": {"dmean2": 0.0331976823509, "median": 0.477975964546, "min": 0, "dvar2": 0.00326583371498, "dvar": 0.00110875198152, "dmean": 0.0194994676858, "max": 0.500000119209, "var": 0.00152344303206, "mean": 0.466727465391}, "spectral_skewness": {"dmean2": 0.37557721138, "median": 1.60084187984, "min": -0.0852514579892, "dvar2": 0.247971087694, "dvar": 0.0875198617578, "dmean": 0.221664443612, "max": 12.336596489, "var": 1.66522622108, "mean": 2.04581665993}, "spectral_flux": {"dmean2": 0.0259521845728, "median": 0.0420258529484, "min": 6.36320232617e-11, "dvar2": 0.00267692655325, "dvar": 0.00115437933709, "dmean": 0.0158824641258, "max": 0.541516959667, "var": 0.00258127693087, "mean": 0.0543137490749}, "spectral_contrast_valleys": {"dmean2": [0.559570670128, 0.471286296844, 0.40512034297, 0.345399171114, 0.275028496981, 0.252491265535], "median": [-7.58166074753, -7.03309965134, -7.74329614639, -7.92833280563, -8.59716320038, -11.3346891403], "min": [-28.4122867584, -28.0580253601, -28.08867836, -27.682806015, -27.5826473236, -27.3919887543], "dvar2": [0.271536022425, 0.18731161952, 0.125923573971, 0.112644582987, 0.100123278797, 0.104340612888], "dvar": [0.112249463797, 0.0771804302931, 0.0532718077302, 0.0483259037137, 0.0483700819314, 0.0555606596172], "dmean": [0.334649205208, 0.286718219519, 0.243246898055, 0.209415957332, 0.177541136742, 0.175377652049], "max": [-4.78029489517, -4.67545366287, -5.71246814728, -5.93909835815, -5.52518367767, -7.53606271744], "var": [5.49158096313, 5.15221834183, 5.06341457367, 5.33939170837, 5.50267314911, 5.42984962463], "mean": [-7.9643573761, -7.35972118378, -8.12011241913, -8.37425231934, -8.94504547119, -11.4888839722]}, "erbbands_flatness_db": {"dmean2": 0.022359047085, "median": 0.148822560906, "min": 0.0244258400053, "dvar2": 0.000498523935676, "dvar": 0.000199905072805, "dmean": 0.0148432403803, "max": 0.511063158512, "var": 0.00508062168956, "mean": 0.170347720385}, "spectral_energyband_high": {"dmean2": 0.00052235572366, "median": 0.00100974913221, "min": 7.12631526572e-21, "dvar2": 1.21398295505e-06, "dvar": 5.23875257841e-07, "dmean": 0.000338663434377, "max": 0.0205679349601, "var": 2.50058633355e-06, "mean": 0.00127344217617}, "spectral_entropy": {"dmean2": 0.200057163835, "median": 7.19324159622, "min": 4.22747612, "dvar2": 0.048450358212, "dvar": 0.0193003024906, "dmean": 0.133697092533, "max": 9.82102108002, "var": 0.478517055511, "mean": 7.17422866821}, "silence_rate_20dB": {"dmean2": 0, "median": 1, "min": 1, "dvar2": 0, "dvar": 0, "dmean": 0, "max": 1, "var": 0, "mean": 1}, "melbands_flatness_db": {"dmean2": 0.030223665759, "median": 0.133493587375, "min": 0.00316152721643, "dvar2": 0.00123559532221, "dvar": 0.000504382362124, "dmean": 0.0190689191222, "max": 0.747872292995, "var": 0.0149218272418, "mean": 0.184076413512}, "barkbands": {"dmean2": [7.02824108885e-05, 0.00308892200701, 0.00263875233941, 0.00224644388072, 0.0032742805779, 0.000523863534909, 0.000357406417606, 0.000412650319049, 0.000272524252068, 0.000235318773775, 0.000187322933925, 0.00032635309617, 0.000248223223025, 0.000301281921566, 0.000319717422826, 0.00111716752872, 0.000946538872086, 0.000190176535398, 0.000166542609804, 0.000249207689194, 0.000210028680158, 0.000186980250874, 9.39267702051e-05, 9.89530963125e-05, 8.49062562338e-05, 4.29319952673e-05, 1.48838880705e-05], "median": [5.80867981625e-06, 0.000528562173713, 0.000378763099434, 0.000287057133391, 0.000852082855999, 0.00026783515932, 0.000263731228188, 0.000243929767748, 0.000142865916132, 8.36235994939e-05, 0.000110412525828, 0.000192206454813, 0.00012821717246, 8.27609692351e-05, 0.000107450316136, 0.000159689414431, 0.00025807946804, 4.27603663411e-05, 8.43899179017e-05, 0.000176341010956, 0.000126062397612, 0.000152819367941, 8.12786893221e-05, 9.64894206845e-05, 8.27198236948e-05, 2.73987316177e-05, 1.19472031201e-06], "min": [2.1827140298e-25, 1.00268362573e-24, 7.67990110859e-25, 8.37562317889e-25, 8.33654399572e-24, 7.57183643369e-24, 6.70090875078e-24, 1.28821924567e-23, 1.34360856193e-23, 1.43299312892e-23, 2.04772072015e-23, 3.20904514167e-23, 1.55391619713e-23, 3.33792387211e-23, 2.9442018166e-23, 5.07156340938e-23, 5.72163023367e-23, 5.86018891851e-23, 1.14570560669e-22, 1.85383940936e-22, 2.34473366673e-22, 3.2989691002e-22, 3.98261640794e-22, 4.86210695509e-22, 7.76763742172e-22, 1.19736342469e-21, 1.81826415543e-21], "dvar2": [8.92737190838e-08, 0.000151506668772, 0.000169838123838, 6.58900607959e-05, 0.0002699472534, 4.89251078761e-06, 1.59868488936e-06, 7.55153678256e-07, 4.00605244977e-07, 3.9622540271e-07, 1.41961294275e-07, 4.18728973273e-07, 2.02061272603e-07, 4.56434889884e-07, 5.36012464636e-07, 7.02181705492e-06, 3.33511388817e-06, 2.05844003176e-07, 7.60596492455e-08, 1.49451167886e-07, 1.45426014342e-07, 1.04514413124e-07, 3.20342117277e-08, 4.65075338241e-08, 5.48349596841e-08, 1.67444742516e-08, 3.9981880029e-09], "dvar": [3.29533307308e-08, 5.70430456719e-05, 6.07678375673e-05, 2.73460263998e-05, 0.000108584354166, 1.92192555915e-06, 6.05290608746e-07, 3.50780027247e-07, 1.91719166764e-07, 1.55668104185e-07, 6.31742054225e-08, 1.6386934476e-07, 1.03428810405e-07, 2.18626723836e-07, 2.81237134914e-07, 3.16191358252e-06, 1.66015354353e-06, 1.36180432264e-07, 2.98563129775e-08, 5.66447795336e-08, 5.18932345983e-08, 3.99858635092e-08, 1.4238387358e-08, 1.85977260259e-08, 2.2380650222e-08, 8.71704752825e-09, 1.82704895657e-09], "dmean": [4.2072708311e-05, 0.00180185202044, 0.00150914071128, 0.0013573828619, 0.00204736017622, 0.000332741474267, 0.000238130320213, 0.000293745019007, 0.000185309996596, 0.000148100385559, 0.000131522014271, 0.000215691936319, 0.0001711959776, 0.00020575497183, 0.000217349501327, 0.000780412112363, 0.000657574739307, 0.000142065880937, 0.000102992562461, 0.000151980493683, 0.000127029750729, 0.000113915266411, 5.9365764173e-05, 6.17737896391e-05, 5.37856831215e-05, 2.89370200335e-05, 9.50976027525e-06], "max": [0.00326817436144, 0.152434468269, 0.18176856637, 0.110673524439, 0.209545135498, 0.0367532037199, 0.0261651296169, 0.0157419145107, 0.0105473250151, 0.0102706570178, 0.00620377063751, 0.00903607904911, 0.00844589341432, 0.0125937182456, 0.0213104505092, 0.0474083386362, 0.0280565656722, 0.0121714025736, 0.00248768320307, 0.00350094703026, 0.00504392525181, 0.00627281982452, 0.00348370405845, 0.00295351655222, 0.0040098708123, 0.00227395980619, 0.000824456918053], "var": [3.27914868592e-08, 4.93492552778e-05, 4.22715