{"tonal": {"thpcp": [1, 0.523846387863, 0.150955885649, 0.150710552931, 0.215455889702, 0.310011982918, 0.396008312702, 0.280701994896, 0.144821599126, 0.164798378944, 0.201866596937, 0.257892042398, 0.343132853508, 0.326024591923, 0.384051352739, 0.596773028374, 0.44644266367, 0.158105418086, 0.104195974767, 0.132085695863, 0.332920342684, 0.548943638802, 0.425913214684, 0.240711256862, 0.252189904451, 0.341566383839, 0.425350576639, 0.374439835548, 0.272332251072, 0.366041183472, 0.470213830471, 0.318134427071, 0.178046375513, 0.172352895141, 0.33936098218, 0.820116758347], "hpcp": {"dmean2": [0.281551361084, 0.220730140805, 0.127479910851, 0.108454667032, 0.128999650478, 0.143265277147, 0.16098536551, 0.134510189295, 0.106248803437, 0.115212716162, 0.135281398892, 0.15257319808, 0.15354681015, 0.162859529257, 0.173537671566, 0.2113917768, 0.175469145179, 0.106737852097, 0.0788135379553, 0.0951423719525, 0.163263440132, 0.177480578423, 0.186499908566, 0.181670039892, 0.16785556078, 0.191102936864, 0.19033627212, 0.201352760196, 0.16859947145, 0.168567791581, 0.175510600209, 0.162960931659, 0.144417971373, 0.142723366618, 0.213316202164, 0.342552036047], "median": [0.27707773447, 0.10510583967, 0.011905701831, 0.0063806232065, 0.00817468576133, 0.0286946054548, 0.0478021390736, 0.0347702614963, 0.0109628234059, 0.00862647779286, 0.0116486847401, 0.0215593054891, 0.0295448247343, 0.028442280367, 0.0645180642605, 0.0991742908955, 0.0678300634027, 0.0183970388025, 0.00889181159437, 0.00896464753896, 0.0304491203278, 0.0521739795804, 0.0546396151185, 0.0295352507383, 0.0242098215967, 0.0304644145072, 0.0386452414095, 0.0364875867963, 0.0219744369388, 0.0188107695431, 0.0225838255137, 0.0228269174695, 0.0136351799592, 0.013159965165, 0.031297929585, 0.200192898512], "min": [0, 0, 0, 0, 0, 0, 0, 0, 0, 0, 0, 0, 0, 0, 0, 0, 0, 0, 0, 0, 0, 0, 0, 0, 0, 0, 0, 0, 0, 0, 0, 0, 0, 0, 0, 0], "dvar2": [0.111455574632, 0.0898981913924, 0.0612075217068, 0.0575817525387, 0.0719435289502, 0.0656061246991, 0.0696407705545, 0.0562943704426, 0.0539861023426, 0.0615376457572, 0.0655424073339, 0.0737930610776, 0.0670325830579, 0.0729780197144, 0.059496473521, 0.0823803246021, 0.0655730888247, 0.0417404659092, 0.0376468412578, 0.0431765243411, 0.0814210921526, 0.0800827369094, 0.0751809105277, 0.0889440849423, 0.0760702267289, 0.0890939310193, 0.0862449631095, 0.0930710881948, 0.0805157646537, 0.0797078460455, 0.0888072177768, 0.0747725889087, 0.0748569816351, 0.0731116756797, 0.0880481004715, 0.147064685822], "dvar": [0.0454716458917, 0.0339138135314, 0.0221998188645, 0.021440975368, 0.0277590509504, 0.0247629303485, 0.0270579885691, 0.021897636354, 0.0208207406104, 0.0234250482172, 0.0248834285885, 0.0275940876454, 0.0275717694312, 0.0289848130196, 0.0244120080024, 0.036685615778, 0.0272516384721, 0.0159890092909, 0.0133256902918, 0.0155105413869, 0.0294935125858, 0.0334181003273, 0.0284769441932, 0.0317039452493, 0.0288328584284, 0.0332205556333, 0.0347699597478, 0.0351002365351, 0.0296295303851, 0.0302819870412, 0.0362376756966, 0.0287682842463, 0.0265037920326, 0.0260326862335, 0.0363881736994, 0.0639447793365], "dmean": [0.167783007026, 0.131107240915, 0.0703893378377, 0.0616049021482, 0.0747495368123, 0.0836567804217, 0.095614053309, 0.0807004645467, 0.0604948736727, 0.0660621449351, 0.0775115266442, 0.088598176837, 0.0917310938239, 0.0966306403279, 0.103656634688, 0.131062462926, 0.107427679002, 0.0615885220468, 0.0447781309485, 0.0534017421305, 0.0952699482441, 0.105817876756, 0.108029037714, 0.101319536567, 0.0954167991877, 0.109871976078, 0.112180374563, 0.118766263127, 0.0968315005302, 0.0985454022884, 0.105615727603, 0.0965524464846, 0.0800344794989, 0.0796398371458, 0.127160042524, 0.200723975897], "max": [1, 1, 1, 1, 1, 1, 1, 1, 1, 1, 1, 1, 1, 1, 1, 1, 1, 1, 1, 1, 1, 1, 1, 1, 1, 1, 1, 1, 1, 1, 1, 1, 1, 1, 1, 1], "var": [0.135718792677, 0.0589818023145, 0.0199678651989, 0.0245382767171, 0.0414381027222, 0.0504603981972, 0.0617647282779, 0.0344669036567, 0.0212448053062, 0.0279602184892, 0.0322474502027, 0.0386682115495, 0.0599664188921, 0.0528203547001, 0.0459411628544, 0.0920232310891, 0.0578772313893, 0.0171370264143, 0.0118346102536, 0.0176582057029, 0.0456532277167, 0.100710220635, 0.0548042915761, 0.0298692248762, 0.0367117635906, 0.0545624233782, 0.0771965011954, 0.0564211681485, 0.0382591895759, 0.0621424503624, 0.0949921607971, 0.0466975234449, 0.0247410684824, 0.0235702693462, 0.0485486313701, 0.112565554678], "mean": [0.399118244648, 0.209076657891, 0.0602492466569, 0.0601513311267, 0.0859923735261, 0.123731434345, 0.15805414319, 0.112033285201, 0.0578009411693, 0.065774038434, 0.0805686414242, 0.102929420769, 0.136950582266, 0.130122363567, 0.153281897306, 0.238183006644, 0.178183406591, 0.0631027594209, 0.0415865145624, 0.0527178123593, 0.132874578238, 0.219093412161, 0.169989734888, 0.0960722565651, 0.100653596222, 0.136325374246, 0.169765174389, 0.149445772171, 0.108692772686, 0.146093711257, 0.187670916319, 0.126973256469, 0.0710615590215, 0.0687891840935, 0.135445162654, 0.327323555946]}, "tuning_equal_tempered_deviation": 0.124181225896, "chords_changes_rate": 0.0669959187508, "key_key": "D", "tuning_diatonic_strength": 0.707818508148, "key_scale": "major", "chords_number_rate": 0.00300622708164, "tuning_frequency": 439.238189697, "tuning_nontempered_energy_ratio": 0.735489010811, "chords_histogram": [19.4760570526, 7.36525678635, 22.5037574768, 2.34056258202, 1.18101787567, 0.687137663364, 0, 0.300622731447, 2.89886188507, 1.07365262508, 6.18423891068, 1.9540476799, 0.193257465959, 0, 0, 0, 0, 8.97573566437, 0.558299362659, 2.10435891151, 0.51535320282, 5.02469396591, 11.3807172775, 5.28237056732], "key_strength": 0.831569314003, "chords_key": "A", "chords_strength": {"dmean2": 0.00970722921193, "median": 0.56298148632, "min": -1, "dvar2": 0.000871292431839, "dvar": 0.000482222938444, "dmean": 0.0110104121268, "max": 0.82703691721, "var": 0.0220446903259, "mean": 0.556204795837}, "chords_scale": "major", "hpcp_entropy": {"dmean2": 0.905381500721, "median": 1.98852050304, "min": 0, "dvar2": 0.565792024136, "dvar": 0.209316089749, "dmean": 0.540189683437, "max": 3.8691008091, "var": 0.4567925632, "mean": 1.96394515038}}, "metadata": {"audio_properties": {"equal_loudness": 0, "codec": "flac", "downmix": "mix", "sample_rate": 44100, "analysis_sample_rate": 44100, "bit_rate": 0, "md5_encoded": "676f6a0ddb2632eeb170e63c37b46fcd", "length": 216.186660767, "replay_gain": -5.62689971924, "lossless": true}, "version": {"essentia_build_sha": "70f2e5ece6736b2c40cc944ad0e695b16b925413", "essentia": "2.1-beta2", "extractor": "music 1.0", "essentia_git_sha": "v2.1_beta2"}, "tags": {"title": ["Walkin', Workin', Lovin', Laughin'"], "barcode": ["826924100820"], "media": ["CD"], "albumartist": ["Angelo Badalamenti & Nathan Barr"], "tracktotal": ["32"], "language": ["eng"], "releasetype": ["album", "soundtrack"], "musicbrainz_recordingid": ["132d6001-a800-43ea-865c-e09ccfab7791"], "musicbrainz_releasegroupid": ["36fed6c9-d315-49d5-9039-b50a313cc563"], "musicbrainz_albumartistid": ["5894dac5-0260-4175-b36e-e34680a859d6", "ae717316-f08d-4cf1-9a65-6edb028d6fc1"], "originaldate": ["2003-09-03"], "discnumber": ["1"], "catalognumber": ["LLLCD 1008"], "owner": ["-=udachee=-"], "compilation": ["1"], "musicip_puid": ["e625d2f7-5f6c-4b87-3481-46fe0842ec99"], "albumartistsort": ["Badalamenti, Angelo & Barr, Nathan"], "date": ["2003-09-03"], "file_name": "06. The Turtlenecks--Walkin', Workin', Lovin', Laughin'.flac", "disctotal": ["1"], "musicbrainz_artistid": ["6313e7cf-136a-4ef9-b474-69414ac8ee13"], "releasecountry": ["US"], "asin": ["B0000C3ICN"], "musicbrainz_albumid": ["221d395b-b313-4646-bfc1-6c9fd30dd0fd"], "artist": ["The Turtlenecks"], "tracknumber": ["6"], "artistsort": ["Turtlenecks, The"], "album": ["Cabin Fever"], "label": ["La-La Land Records"], "releasestatus": ["official"], "totaldiscs": ["1"], "script": ["Latn"], "totaltracks": ["32"]}}, "rhythm": {"bpm_histogram_first_peak_bpm": {"dmean2": 0, "median": 144, "min": 144, "dvar2": 0, "dvar": 0, "dmean": 0, "max": 144, "var": 0, "mean": 144}, "bpm": 141.945159912, "bpm_histogram_second_peak_spread": {"dmean2": 0, "median": 0.607142865658, "min": 0.607142865658, "dvar2": 0, "dvar": 0, "dmean": 0, "max": 0.607142865658, "var": 0, "mean": 0.607142865658}, "bpm_histogram_first_peak_weight": {"dmean2": 0, "median": 0.510978043079, "min": 0.510978043079, "dvar2": 0, "dvar": 0, "dmean": 0, "max": 0.510978043079, "var": 0, "mean": 0.510978043079}, "onset_rate": 3.9685292244, "beats_position": [0.441179126501, 0.870748281479, 1.30031740665, 1.72988653183, 2.15945577621, 2.57741498947, 2.99537420273, 3.41333317757, 3.84290242195, 4.26086139679, 4.69043064117, 5.10838985443, 5.52634906769, 5.94430828094, 6.37387752533, 6.80344676971, 7.22140598297, 7.63936471939, 8.05732440948, 8.48689365387, 8.91646194458, 9.33442115784, 9.75238037109, 10.1703395844, 10.5999088287, 11.0294780731, 11.4474372864, 11.8653964996, 12.2833557129, 12.7013149261, 13.1308841705, 13.5604534149, 13.9784126282, 14.3963718414, 14.8143310547, 15.2322902679, 15.6618595123, 16.0914287567, 16.5209980011, 16.9505672455, 17.3685264587, 17.786485672, 18.2044448853, 18.6224040985, 19.0403633118, 19.458322525, 19.8878898621, 20.3174591064, 20.7354183197, 21.1649875641, 21.5945568085, 22.0125160217, 22.430475235, 22.8484344482, 23.2780036926, 23.707572937, 24.1255321503, 24.5434913635, 24.9614505768, 25.37940979, 25.8089790344, 26.2385482788, 26.6681175232, 27.0976867676, 27.5156459808, 27.9336051941, 28.3515644073, 28.7695236206, 29.1874828339, 29.6054420471, 30.0350112915, 30.4529705048, 30.8825397491, 31.3004989624, 31.7300682068, 32.1596374512, 32.5775947571, 32.9955558777, 33.4251251221, 33.8546943665, 34.2726516724, 34.690612793, 35.1085700989, 35.5265312195, 35.9561004639, 36.3856697083, 36.8036270142, 37.2215881348, 37.6395454407, 38.0575065613, 38.4870758057, 38.9050331116, 39.3229942322, 39.7525634766, 40.1821289062, 40.6000900269, 41.0296592712, 41.4476165771, 41.8655776978, 42.2951469421, 42.7247161865, 43.1426734924, 43.560634613, 43.9785919189, 44.3965530396, 44.8145103455, 45.2440795898, 45.6736488342, 46.0916099548, 46.5095672607, 46.9391365051, 47.3687057495, 47.7866668701, 48.204624176, 48.6225852966, 49.052154541, 49.4817237854, 49.8996810913, 50.3176422119, 50.7472114563, 51.1767807007, 51.5947380066, 52.0126991272, 52.4306564331, 52.8486175537, 53.2665748596, 53.6845359802, 54.1257133484, 54.5436706543, 54.9616317749, 55.3795890808, 55.8091583252, 56.2387275696, 56.6566886902, 57.0746459961, 57.5042152405, 57.9337844849, 58.3517456055, 58.7697029114, 59.187664032, 59.6056213379, 60.0235824585, 60.4531517029, 60.8827209473, 61.3006782532, 61.7186393738, 62.1365966797, 62.5545578003, 62.9841270447, 63.4136962891, 63.831653595, 64.2496109009, 64.67918396, 65.1087493896, 65.5267105103, 65.9562835693, 66.3742370605, 66.7921981812, 67.2217712402, 67.6397247314, 68.0576858521, 68.4756469727, 68.8936004639, 69.3231735229, 69.7527389526, 70.1707000732, 70.5886611938, 71.0182266235, 71.4477996826, 71.8657608032, 72.2837142944, 72.7132873535, 73.1312484741, 73.5608139038, 73.9787750244, 74.396736145, 74.8146896362, 75.2326507568, 75.6622238159, 76.0917892456, 76.5097503662, 76.9277114868, 77.3572769165, 77.7868499756, 78.2048034668, 78.6227645874, 79.040725708, 79.4702911377, 79.8998641968, 80.3178253174, 80.7357788086, 81.1537399292, 81.5833053589, 82.012878418, 82.4308395386, 82.8487930298, 83.2667541504, 83.6963272095, 84.1258926392, 84.5438537598, 84.9618148804, 85.3913803101, 85.8093414307, 86.2389068604, 86.656867981, 87.0748291016, 87.4927902222, 87.9107437134, 88.328704834, 88.7582778931, 89.1878433228, 89.6058044434, 90.035369873, 90.4533309937, 90.8829040527, 91.3008575439, 91.7188186646, 92.1483917236, 92.5779571533, 92.9959182739, 93.4138793945, 93.8318328857, 94.2614059448, 94.6793670654, 95.1089324951, 95.5268936157, 95.9448471069, 96.3628082275, 96.7923812866, 97.2219467163, 97.6399078369, 98.0694732666, 98.4990463257, 98.9170074463, 99.3349609375, 99.7529220581, 100.182495117, 100.600448608, 101.030021667, 101.459587097, 101.889160156, 102.318725586, 102.736686707, 103.154647827, 103.560997009, 103.97895813, 104.40852356, 104.838096619, 105.25605011, 105.67401123, 106.10358429, 106.533149719, 106.95111084, 107.36907196, 107.787025452, 108.204986572, 108.622947693, 109.040908813, 109.470474243, 109.900039673, 110.318000793, 110.747573853, 111.177139282, 111.595100403, 112.013061523, 112.431015015, 112.848976135, 113.266937256, 113.696502686, 114.126075745, 114.544036865, 114.961990356, 115.379951477, 115.797912598, 116.215873718, 116.633827209, 117.063400269, 117.492965698, 117.922538757, 118.352104187, 118.770065308, 119.188026428, 119.605987549, 120.02394104, 120.453514099, 120.883079529, 121.301040649, 121.71900177, 122.1485672, 122.578140259, 123.007705688, 123.437278748, 123.890068054, 124.342857361, 124.795646667, 125.248435974, 125.71282959, 126.177230835, 126.618408203, 127.047981262, 127.477546692, 127.907119751, 128.336685181, 128.76625061, 129.207427979, 129.671829224, 130.136230469, 130.589019775, 131.018585205, 131.448165894, 131.877731323, 132.342132568, 132.818145752, 133.305755615, 133.781768799, 134.257781982, 134.722167969, 135.186569214, 135.616149902, 136.057327271, 136.4868927, 136.928070068, 137.380859375, 137.822036743, 138.27482605, 138.727615356, 139.180404663, 139.691238403, 140.178863525, 140.666488647, 141.154098511, 141.641723633, 142.140945435, 142.640182495, 143.185852051, 143.731521606, 144.277191162, 144.834457397, 145.380126953, 145.809707642, 146.239273071, 146.657226562, 147.075195312, 147.493148804, 147.911102295, 148.340682983, 148.770248413, 149.188201904, 149.606170654, 150.035736084, 150.465301514, 150.883255005, 151.301223755, 151.719177246, 152.137145996, 152.566711426, 152.984664917, 153.414230347, 153.832199097, 154.250152588, 154.668121338, 155.097686768, 155.527252197, 155.956817627, 156.386398315, 156.804351807, 157.222305298, 157.640274048, 158.058227539, 158.47618103, 158.905761719, 159.335327148, 159.75328064, 160.182861328, 160.612426758, 161.030380249, 161.448348999, 161.86630249, 162.284255981, 162.702224731, 163.120178223, 163.549743652, 163.967712402, 164.385665894, 164.815231323, 165.244796753, 165.674377441, 166.092330933, 166.510284424, 166.939865112, 167.369430542, 167.787384033, 168.205352783, 168.623306274, 169.041259766, 169.459228516, 169.888793945, 170.318359375, 170.736328125, 171.154281616, 171.572235107, 172.001815796, 172.431381226, 172.849334717, 173.267303467, 173.696868896, 174.126434326, 174.544403076, 174.962356567, 175.380310059, 175.809890747, 176.239456177, 176.657409668, 177.075378418, 177.504943848, 177.934509277, 178.352462769, 178.770431519, 179.18838501, 179.606338501, 180.035919189, 180.465484619, 180.88343811, 181.30140686, 181.73097229, 182.16053772, 182.57850647, 182.996459961, 183.414413452, 183.832382202, 184.261947632, 184.691513062, 185.109481812, 185.527435303, 185.945388794, 186.374969482, 186.804534912, 187.234100342, 187.652053833, 188.070022583, 188.499588013, 188.917541504, 189.335510254, 189.753463745, 190.183029175, 190.600997925, 191.030563354, 191.448516846, 191.866485596, 192.284439087, 192.714004517, 193.131973267, 193.549926758, 193.979492188, 194.409072876, 194.827026367, 195.256591797, 195.674560547, 196.092514038, 196.510467529, 196.940048218, 197.369613647, 197.787567139, 198.205535889, 198.62348938, 199.041442871, 199.47102356, 199.888977051, 200.306930542, 200.73651123, 201.154464722, 201.572418213, 202.001998901, 202.431564331, 202.849517822, 203.267486572, 203.697052002, 204.126617432, 204.544570923, 204.974151611, 205.415328979, 205.856506348, 206.297683716, 206.762084961, 207.238098145, 207.702484131, 208.178497314, 208.654510498, 209.142120361, 209.618133545, 210.08253479, 210.558547974, 211.034561157, 211.510559082, 211.998184204, 212.474197388, 212.985031128, 213.507476807, 214.018310547, 214.529159546, 215.039993286, 215.550842285], "beats_loudness": {"dmean2": 0.029851289466, "median": 0.0283285044134, "min": 0, "dvar2": 0.000699652649928, "dvar": 0.000244446535362, "dmean": 0.0167582929134, "max": 0.131317391992, "var": 0.000445018842584, "mean": 0.0309007037431}, "danceability": 0.997463345528, "bpm_histogram_second_peak_weight": {"dmean2": 0, "median": 0.0219560880214, "min": 0.0219560880214, "dvar2": 0, "dvar": 0, "dmean": 0, "max": 0.0219560880214, "var": 0, "mean": 0.0219560880214}, "beats_count": 502, "bpm_histogram_second_peak_bpm": {"dmean2": 0, "median": 126, "min": 126, "dvar2": 0, "dvar": 0, "dmean": 0, "max": 126, "var": 0, "mean": 126}, "bpm_histogram_first_peak_spread": {"dmean2": 0, "median": 0.419501125813, "min": 0.419501125813, "dvar2": 0, "dvar": 0, "dmean": 0, "max": 0.419501125813, "var": 0, "mean": 0.419501125813}, "beats_loudness_band_ratio": {"dmean2": [0.268329441547, 0.46662992239, 0.321749359369, 0.10603018105, 0.054854478687, 0.0666812062263], "median": [0.274298429489, 0.430792212486, 0.180030882359, 0.0294445380569, 0.0222337171435, 0.0182333365083], "min": [0, 0, 0, 0, 0, 0], "dvar2": [0.0538412593305, 0.121150963008, 0.0585729852319, 0.014647484757, 0.00343752256595, 0.0223175082356], "dvar": [0.0188319273293, 0.0366402007639, 0.0201078187674, 0.00492742890492, 0.00126227980945, 0.00757019594312], "dmean": [0.160110160708, 0.255741089582, 0.180701464415, 0.0578424036503, 0.0308509971946, 0.0351002849638], "max": [0.824808180332, 0.954066038132, 0.75739043951, 0.552266836166, 0.299363076687, 0.9407081604], "var": [0.0290928091854, 0.0542717054486, 0.0285886544734, 0.00467694271356, 0.00134179927409, 0.00439434405416], "mean": [0.301246017218, 0.455843985081, 0.224275499582, 0.0536733940244, 0.0341547653079, 0.0323182791471]}}, "lowlevel": {"barkbands_spread": {"dmean2": 6.10730648041, "median": 11.4023094177, "min": 0.704334199429, "dvar2": 69.1794204712, "dvar": 34.1456794739, "dmean": 4.0313835144, "max": 146.136978149, "var": 131.581298828, "mean": 14.5139417648}, "melbands_spread": {"dmean2": 6.48644781113, "median": 10.9073667526, "min": 0.953232109547, "dvar2": 122.51348114, "dvar": 70.294342041, "dmean": 4.35578346252, "max": 203.446990967, "var": 373.80355835, "mean": 15.3260612488}, "hfc": {"dmean2": 5.23563337326, "median": 7.66396570206, "min": 1.08157087787e-16, "dvar2": 57.9371299744, "dvar": 28.6676273346, "dmean": 3.63388991356, "max": 112.989814758, "var": 134.815185547, "mean": 11.592382431}, "barkbands_kurtosis": {"dmean2": 7.22578287125, "median": 6.32832622528, "min": -1.85793149471, "dvar2": 141.579803467, "dvar": 62.500087738, "dmean": 4.66824007034, "max": 168.500976562, "var": 158.252166748, "mean": 10.1653938293}, "gfcc": {"mean": [-48.1539421082, 97.9010696411, -100.57988739, 26.6812210083, -74.7914199829, -2.53541946411, -51.2714157104, -1.15914976597, -24.7919273376, -4.37949419022, -20.6590175629, -6.35912132263, -14.6827030182], "icov": [[0.000231397090829, -0.000367233384168, 0.000477976602269, -0.000416886206949, 0.000536834530067, -0.000318275328027, 0.000988654093817, -0.000621645071078, 0.00074279907858, -0.000654577626847, 0.000677764881402, -0.000625532702543, 0.000845247705001], [-0.000367233384168, 0.00234973849729, -0.000723318313248, 0.00120266503654, -0.00103971944191, 0.00069925468415, -0.00145451142453, 0.00129795784596, -0.00246359151788, 0.00347407162189, -0.00248189875856, 0.00280947657302, -0.00180758407805], [0.000477976602269, -0.000723318313248, 0.00228201900609, -0.000859034713358, 0.000570067495573, -0.00137092731893, 0.00193812302314, -0.00110333506018, 0.00179979170207, -0.00155676703434, 0.00197003991343, -0.00225546443835, 0.00156305264682], [-0.000416886206949, 0.00120266503654, -0.000859034713358, 0.0042381263338, -0.000617902551312, 0.000140772521263, -0.000929392001126, 0.00117348053027, -0.00209700898267, 0.00122876116075, -0.00164071528707, 0.00237567489967, -0.00374518102035], [0.000536834530067, -0.00103971944191, 0.000570067495573, -0.000617902551312, 0.00594286434352, -0.000848898431286, 0.0019420980243, -0.00142505101394, -0.00065087818075, -0.00121308944654, 0.00189857557416, -0.00205424777232, 0.00174996675923], [-0.000318275328027, 0.00069925468415, -0.00137092731893, 0.000140772521263, -0.000848898431286, 0.00834919698536, -0.00301094958559, -0.00194770400412, 0.00181845028419, -0.000617937766947, -0.00160383258481, 0.00339629780501, -0.00184265815187], [0.000988654093817, -0.00145451142453, 0.00193812302314, -0.000929392001126, 0.0019420980243, -0.00301094958559, 0.0110120242462, -0.00502324709669, 0.00343659194186, -0.0018699845532, 0.00141959823668, -0.00130351097323, 0.00308921909891], [-0.000621645071078, 0.00129795784596, -0.00110333506018, 0.00117348053027, -0.00142505101394, -0.00194770400412, -0.00502324709669, 0.0132195129991, -0.00534818461165, 0.00226468383335, -0.0011363417143, -0.00104231911246, -0.000516559346579], [0.00074279907858, -0.00246359151788, 0.00179979170207, -0.00209700898267, -0.00065087818075, 0.00181845028419, 0.00343659194186, -0.00534818461165, 0.0167343132198, -0.00904200132936, 0.00241875951178, 0.001135559869, -0.000304917921312], [-0.000654577626847, 0.00347407162189, -0.00155676703434, 0.00122876116075, -0.00121308944654, -0.000617937766947, -0.0018699845532, 0.00226468383335, -0.00904200132936, 0.0175541546196, -0.00480262981728, 0.000927147397306, 0.000209415331483], [0.000677764881402, -0.00248189875856, 0.00197003991343, -0.00164071528707, 0.00189857557416, -0.00160383258481, 0.00141959823668, -0.0011363417143, 0.00241875951178, -0.00480262981728, 0.0134224630892, -0.00625885557383, 0.00324749480933], [-0.000625532702543, 0.00280947657302, -0.00225546443835, 0.00237567489967, -0.00205424777232, 0.00339629780501, -0.00130351097323, -0.00104231911246, 0.001135559869, 0.000927147397306, -0.00625885557383, 0.0192064102739, -0.00684560928494], [0.000845247705001, -0.00180758407805, 0.00156305264682, -0.00374518102035, 0.00174996675923, -0.00184265815187, 0.00308921909891, -0.000516559346579, -0.000304917921312, 0.000209415331483, 0.00324749480933, -0.00684560928494, 0.0178768262267]], "cov": [[18314.609375, 288.948059082, -2068.38964844, 500.98916626, -975.337036133, -85.5384521484, -838.629882812, 26.2379016876, -278.662658691, 62.6751441956, -160.972015381, -45.6519126892, -312.314178467], [288.948059082, 1000.56018066, -162.693603516, -102.028717041, 50.5481033325, -65.2279281616, 14.2236232758, -44.3240509033, 56.4814414978, -138.208450317, 50.0043907166, -101.30116272, 19.6549682617], [-2068.38964844, -162.693603516, 947.906005859, -0.65939027071, 103.678833008, 100.793319702, 36.0745162964, 25.9086589813, -26.1876544952, 24.6802978516, -31.5638427734, 62.9260902405, 22.1781215668], [500.98916626, -102.028717041, -0.65939027071, 355.230865479, -20.5324344635, 10.7131509781, -43.6445236206, -7.6183142662, 25.0687828064, 20.6378765106, -4.66745042801, -6.63189268112, 49.4043655396], [-975.337036133, 50.5481033325, 103.678833008, -20.5324344635, 257.211669922, 1.71087157726, 18.4999198914, 15.1764917374, 52.4849319458, 7.73094320297, -3.60271668434, 4.99322366714, 13.4707460403], [-85.5384521484, -65.2279281616, 100.793319702, 10.7131509781, 1.71087157726, 182.122695923, 63.7289772034, 48.0475769043, -25.7856769562, 13.508348465, 4.93271827698, -6.86109304428, -4.26040554047], [-838.629882812, 14.2236232758, 36.0745162964, -43.6445236206, 18.4999198914, 63.7289772034, 193.907730103, 50.6845359802, -6.36351299286, -7.79861593246, 18.9711399078, -7.99230575562, -5.01745271683], [26.2379016876, -44.3240509033, 25.9086589813, -7.6183142662, 15.1764917374, 48.0475769043, 50.6845359802, 117.513771057, 17.9869842529, 15.1687488556, 2.97293305397, 10.6566677094, -7.80992412567], [-278.662658691, 56.4814414978, -26.1876544952, 25.0687828064, 52.4849319458, -25.7856769562, -6.36351299286, 17.9869842529, 119.032814026, 37.1779518127, 4.3778886795, -14.7059001923, 15.4201803207], [62.6751441956, -138.208450317, 24.6802978516, 20.6378765106, 7.73094320297, 13.508348465, -7.79861593246, 15.1687488556, 37.1779518127, 107.957214355, 14.1180171967, 15.0385160446, -9.78730392456], [-160.972015381, 50.0043907166, -31.5638427734, -4.66745042801, -3.60271668434, 4.93271827698, 18.9711399078, 2.97293305397, 4.3778886795, 14.1180171967, 108.389465332, 18.7077217102, -0.499115943909], [-45.6519126892, -101.30116272, 62.9260902405, -6.63189268112, 4.99322366714, -6.86109304428, -7.99230575562, 10.6566677094, -14.7059001923, 15.0385160446, 18.7077217102, 86.9757843018, 14.9977493286], [-312.314178467, 19.6549682617, 22.1781215668, 49.4043655396, 13.4707460403, -4.26040554047, -5.01745271683, -7.80992412567, 15.4201803207, -9.78730392456, -0.499115943909, 14.9977493286, 86.1985549927]]}, "spectral_energyband_middle_low": {"dmean2": 0.0102478470653, "median": 0.0116494828835, "min": 1.46277265965e-22, "dvar2": 0.000278941937722, "dvar": 0.000116285278636, "dmean": 0.00662485137582, "max": 0.25523224473, "var": 0.000307468813844, "mean": 0.0167991537601}, "melbands_crest": {"dmean2": 5.25027942657, "median": 12.9481754303, "min": 1.44782292843, "dvar2": 23.7763061523, "dvar": 9.32359313965, "dmean": 3.20450735092, "max": 32.4320755005, "var": 26.4844245911, "mean": 13.9320459366}, "spectral_kurtosis": {"dmean2": 2.62639594078, "median": 4.23290920258, "min": -1.2538216114, "dvar2": 10.9869203568, "dvar": 4.63128137589, "dmean": 1.61268591881, "max": 120.878898621, "var": 41.8704605103, "mean": 5.34116840363}, "spectral_rms": {"dmean2": 0.00104355555959, "median": 0.00389543385245, "min": 3.13934577119e-12, "dvar2": 1.48244146203e-06, "dvar": 6.76925708376e-07, "dmean": 0.000695067690685, "max": 0.0160398278385, "var": 4.23268329541e-06, "mean": 0.00404448388144}, "zerocrossingrate": {"dmean2": 0.00976976845413, "median": 0.04052734375, "min": 0.0068359375, "dvar2": 0.000130143380375, "dvar": 0.000117957242765, "dmean": 0.00835878122598, "max": 0.548828125, "var": 0.00276953703724, "mean": 0.0518251918256}, "silence_rate_60dB": {"dmean2": 0.0488721802831, "median": 0, "min": 0, "dvar2": 0.0542153082788, "dvar": 0.0238870251924, "dmean": 0.0244871657342, "max": 1, "var": 0.111705593765, "mean": 0.128114268184}, "erbbands_kurtosis": {"dmean2": 2.14118337631, "median": 0.617998361588, "min": -1.86220049858, "dvar2": 9.79193305969, "dvar": 4.38553476334, "dmean": 1.36920249462, "max": 100.594367981, "var": 21.5220966339, "mean": 1.74577963352}, "erbbands": {"dmean2": [0.0147484783083, 0.118506804109, 1.18373060226, 4.76720142365, 14.8496446609, 18.5116634369, 12.8365459442, 38.0951728821, 33.8866119385, 27.3493518829, 33.2631492615, 26.2483196259, 11.4318199158, 7.62560844421, 8.18809700012, 8.16915988922, 10.2428827286, 8.15856075287, 8.30860328674, 8.21679592133, 5.62272644043, 6.40965652466, 5.0452375412, 3.393014431, 3.76848578453, 3.4658396244, 3.43107151985, 3.10238480568, 2.23332738876, 1.74948561192, 1.12934982777, 0.959793865681, 0.72638887167, 0.361355990171, 0.17740149796, 0.0763043761253, 0.0244543626904, 0.00510972505435, 0.000246521434747, 1.5752231775e-05], "median": [0.00212964368984, 0.0498589389026, 0.645152628422, 2.64560604095, 6.71453762054, 8.87895774841, 9.21040916443, 11.6380081177, 13.2901496887, 11.5536766052, 7.95063066483, 7.42904186249, 3.84186196327, 3.42693758011, 2.66477155685, 2.16453886032, 2.676258564, 2.58411455154, 2.87999486923, 2.85920524597, 3.08147621155, 3.47894501686, 2.91176700592, 2.07457089424, 1.88157916069, 1.77442336082, 1.44613552094, 1.16135501862, 0.970061659813, 0.86902987957, 0.646489024162, 0.511399626732, 0.320737332106, 0.141684666276, 0.0515177026391, 0.0123436320573, 0.00351422233507, 0.000650904257782, 4.07612569688e-05, 2.13224411709e-05], "min": [5.33451536155e-23, 9.77004912692e-22, 1.6678919693e-21, 6.61379650078e-21, 1.68571864046e-20, 3.28283945186e-20, 6.3534812272e-20, 6.87196062009e-20, 1.04637920973e-19, 1.9843600191e-19, 3.32413101557e-19, 4.87555710976e-19, 5.16628472869e-19, 4.58497941732e-19, 1.05623809111e-18, 1.29763141753e-18, 1.63378055788e-18, 1.65521291094e-18, 2.28746396605e-18, 3.06582541283e-18, 3.57089651818e-18, 4.94445308638e-18, 5.70365930492e-18, 6.55367299751e-18, 7.81440502529e-18, 8.14009994686e-18, 1.00929550863e-17, 1.18391507302e-17, 9.69889616861e-18, 1.20896565884e-17, 1.11078196711e-17, 1.16247645405e-17, 8.60100912008e-18, 8.29646107087e-18, 6.2290509292e-18, 4.07474794572e-18, 2.32439489207e-18, 9.03234803396e-19, 2.51262263219e-19, 2.36651736516e-20], "dvar2": [0.00291054928675, 0.0524310804904, 3.57089114189, 53.2411804199, 809.158569336, 1581.89611816, 634.211791992, 12735.7685547, 5310.15087891, 3334.10327148, 8829.56738281, 4234.4921875, 1048.89758301, 606.984375, 1066.58154297, 795.275268555, 928.925231934, 442.783081055, 419.454284668, 559.554077148, 128.64263916, 175.226257324, 93.9170761108, 87.8777999878, 139.027999878, 78.7282485962, 126.730789185, 122.975082397, 63.3451042175, 26.1827754974, 5.78383398056, 4.9269080162, 4.46587991714, 0.845116198063, 0.188971713185, 0.0461436361074, 0.0059440843761, 0.000266221089987, 7.27794997601e-07, 6.70047184403e-10], "dvar": [0.00110694696195, 0.0192308500409, 1.1885086298, 19.8594875336, 323.878997803, 643.869750977, 262.719573975, 4862.17138672, 2255.13793945, 1346.09033203, 3685.87597656, 1862.27453613, 457.816986084, 233.242614746, 465.489044189, 375.489685059, 412.261810303, 199.649185181, 178.31590271, 239.464309692, 57.1642951965, 76.8212432861, 42.8839797974, 36.2040977478, 56.8324813843, 34.2289466858, 58.0156593323, 59.6867485046, 30.0158004761, 12.0631637573, 2.75792598724, 2.56965065002, 2.07168030739, 0.386443674564, 0.0822293162346, 0.0183574035764, 0.00259965332225, 0.000118829266285, 3.13238984972e-07, 2.95364954717e-10], "dmean": [0.00868927128613, 0.0703851282597, 0.69098174572, 2.89336156845, 9.35698127747, 11.9174776077, 8.29735660553, 23.5060691833, 21.7963848114, 17.1891803741, 21.3377952576, 16.4386806488, 7.51685190201, 4.89109134674, 5.27044868469, 5.34888648987, 6.74754047394, 5.41398334503, 5.43246126175, 5.29646253586, 3.63952040672, 4.27115488052, 3.35083079338, 2.19318246841, 2.47385239601, 2.27618408203, 2.23311924934, 2.10949420929, 1.52530169487, 1.16333591938, 0.762472569942, 0.648388683796, 0.476919829845, 0.242016300559, 0.117140986025, 0.0477493219078, 0.0159731749445, 0.00343341729604, 0.000164816563483, 1.04985228973e-05], "max": [1.063575387, 2.85036945343, 20.3105049133, 85.8852920532, 340.805053711, 416.171661377, 483.011901855, 2599.37451172, 1061.51208496, 1388.42993164, 1577.10900879, 1471.82592773, 527.689575195, 483.731536865, 1038.92163086, 694.970458984, 457.982513428, 398.121490479, 534.289550781, 721.653076172, 187.478225708, 224.7706604, 177.156723022, 117.656539917, 152.37550354, 170.075866699, 179.38343811, 209.980056763, 206.644195557, 152.148574829, 58.1117973328, 77.6145324707, 43.547794342, 18.1772098541, 11.2349891663, 4.10919475555, 1.5475474596, 0.322377890348, 0.0207967665046, 0.00035518995719], "var": [0.000980732729658, 0.0462036430836, 4.31430482864, 46.1608314514, 495.073028564, 844.418395996, 716.006774902, 8062.28369141, 5190.9140625, 2710.70410156, 8144.35546875, 4160.50537109, 1219.07092285, 447.834960938, 750.196411133, 775.081787109, 924.871337891, 549.034606934, 436.219085693, 527.143005371, 183.813812256, 246.979537964, 136.881088257, 58.3270111084, 83.9666595459, 74.490447998, 122.451087952, 159.717636108, 87.8611373901, 44.2693252563, 9.20966815948, 7.05207681656, 5.13476037979, 0.807530403137, 0.12920486927, 0.0223138462752, 0.00449941214174, 0.000248051714152, 5.36672359885e-07, 8.20692291903e-10], "mean": [0.0105198100209, 0.132816582918, 1.37597179413, 5.077729702, 14.8584289551, 18.746881485, 17.4277801514, 36.2786407471, 38.1635322571, 29.3366088867, 34.9747886658, 26.4655284882, 14.9528446198, 9.33872890472, 8.32876682281, 9.43132781982, 11.639632225, 10.1049594879, 10.2261667252, 9.91464996338, 8.06573295593, 9.59106636047, 7.25505161285, 4.32126140594, 4.69080686569, 4.49178934097, 3.99137663841, 3.90950345993, 2.99980640411, 2.30182385445, 1.44066560268, 1.16101527214, 0.815767586231, 0.375101387501, 0.169800490141, 0.0634769871831, 0.0239745862782, 0.00592760788277, 0.000272479985142, 2.96513717331e-05]}, "spectral_strongpeak": {"dmean2": 0.615140557289, "median": 0.538953304291, "min": 0, "dvar2": 0.552896618843, "dvar": 0.224412932992, "dmean": 0.374661564827, "max": 6.3495759964, "var": 0.542821764946, "mean": 0.769260287285}, "spectral_energy": {"dmean2": 0.0111235724762, "median": 0.0155537677929, "min": 1.01018802229e-20, "dvar2": 0.000293226446956, "dvar": 0.000125237347675, "dmean": 0.00725401146337, "max": 0.263707995415, "var": 0.000400544027798, "mean": 0.0211052764207}, "average_loudness": 0.666660249233, "spectral_rolloff": {"dmean2": 488.494506836, "median": 581.396484375, "min": 129.19921875, "dvar2": 1057684.125, "dvar": 511330.125, "dmean": 293.184539795, "max": 21296.3378906, "var": 4127061.25, "mean": 1061.23730469}, "spectral_centroid": {"dmean2": 257.804656982, "median": 723.336730957, "min": 187.475387573, "dvar2": 115552.65625, "dvar": 68992.5703125, "dmean": 175.005996704, "max": 11824.1962891, "var": 1252587.5, "mean": 944.90826416}, "pitch_salience": {"dmean2": 0.110070392489, "median": 0.616003811359, "min": 0.155606850982, "dvar2": 0.00945720262825, "dvar": 0.00350370910019, "dmean": 0.0671319961548, "max": 0.857041656971, "var": 0.0099088344723, "mean": 0.603149235249}, "spectral_energyband_middle_high": {"dmean2": 0.000894608092494, "median": 0.000924698542804, "min": 1.28344917733e-21, "dvar2": 3.24978191202e-06, "dvar": 1.65010828823e-06, "dmean": 0.0006335984217, "max": 0.0362525768578, "var": 7.13839153832e-06, "mean": 0.00189361989032}, "spectral_contrast_coeffs": {"dmean2": [0.0861527323723, 0.0745575726032, 0.0605082735419, 0.0499805286527, 0.038863889873, 0.0325093232095], "median": [-0.541633605957, -0.714099228382, -0.752661705017, -0.767337918282, -0.779648244381, -0.754094362259], "min": [-0.977344214916, -0.975451886654, -0.973801791668, -0.971795618534, -0.965720951557, -0.965305566788], "dvar2": [0.00523606082425, 0.00390191702172, 0.00275427778251, 0.00153339910321, 0.00108749838546, 0.000773829175159], "dvar": [0.00208417885005, 0.00145664031152, 0.000998792704195, 0.000633428106084, 0.000482689181808, 0.000399337586714], "dmean": [0.052930098027, 0.0452688410878, 0.0367247126997, 0.031020520255, 0.0248405169696, 0.0218806192279], "max": [-0.207411259413, -0.327758967876, -0.426453173161, -0.545160233974, -0.515819191933, -0.571266412735], "var": [0.00973620358855, 0.00609643012285, 0.00386625551619, 0.00316125503741, 0.00269119511358, 0.00274407607503], "mean": [-0.546270251274, -0.707055091858, -0.748970448971, -0.764972031116, -0.777400314808, -0.75424605608]}, "melbands_skewness": {"dmean2": 1.07904303074, "median": 2.96404218674, "min": -1.69038009644, "dvar2": 1.40948426723, "dvar": 0.653763473034, "dmean": 0.702709138393, "max": 14.2532987595, "var": 2.65138554573, "mean": 3.17236852646}, "spectral_spread": {"dmean2": 838736.625, "median": 4474620, "min": 836213.5625, "dvar2": 1086022877180.0, "dvar": 539751940096, "dmean": 573768.75, "max": 42808184, "var": 13642615488500.0, "mean": 4971683.5}, "dissonance": {"dmean2": 0.0371275581419, "median": 0.454178839922, "min": 0.220224872231, "dvar2": 0.0011105396552, "dvar": 0.000405556231271, "dmean": 0.0221612732857, "max": 0.500000059605, "var": 0.00114950106945, "mean": 0.447690397501}, "spectral_skewness": {"dmean2": 0.34010642767, "median": 1.72208809853, "min": -0.111787691712, "dvar2": 0.10992705822, "dvar": 0.0517924688756, "dmean": 0.219914913177, "max": 9.48872947693, "var": 0.545794606209, "mean": 1.77795684338}, "spectral_flux": {"dmean2": 0.0314290784299, "median": 0.0604121536016, "min": 6.35516986258e-11, "dvar2": 0.0013973005116, "dvar": 0.000572096381802, "dmean": 0.0194358564913, "max": 0.332235813141, "var": 0.00169273745269, "mean": 0.0645090639591}, "spectral_contrast_valleys": {"dmean2": [0.733641803265, 0.526306807995, 0.519297361374, 0.452918946743, 0.405671387911, 0.493203282356], "median": [-7.88300704956, -6.58285236359, -7.93520069122, -8.39175891876, -8.14841461182, -10.7377605438], "min": [-28.1331958771, -27.9124774933, -27.8164672852, -27.7247943878, -27.4883403778, -27.4188480377], "dvar2": [0.411814123392, 0.20794223249, 0.237763911486, 0.16168679297, 0.167718425393, 0.244565993547], "dvar": [0.163587197661, 0.0902854055166, 0.103649348021, 0.0764715522528, 0.0904475823045, 0.15574900806], "dmean": [0.442876428366, 0.327292650938, 0.326528310776, 0.294764459133, 0.284332543612, 0.369424581528], "max": [-5.64674043655, -4.67967700958, -5.05005168915, -6.20856761932, -5.72089147568, -7.82949876785], "var": [4.2822394371, 4.6932759285, 4.29970979691, 4.52406263351, 4.5711016655, 3.52388095856], "mean": [-8.15873146057, -6.87592506409, -8.16620349884, -8.73390007019, -8.55279254913, -10.9490890503]}, "erbbands_flatness_db": {"dmean2": 0.026180839166, "median": 0.160223722458, "min": 0.0497238188982, "dvar2": 0.000579260638915, "dvar": 0.000263864494627, "dmean": 0.0174138043076, "max": 0.343472391367, "var": 0.00160178588703, "mean": 0.162856057286}, "spectral_energyband_high": {"dmean2": 0.000244427414145, "median": 0.000164047160069, "min": 7.12461324467e-21, "dvar2": 4.06205828085e-07, "dvar": 2.21351768914e-07, "dmean": 0.000175320994458, "max": 0.012842617929, "var": 7.9203181258e-07, "mean": 0.000382913538488}, "spectral_entropy": {"dmean2": 0.280032813549, "median": 7.23478555679, "min": 4.8839764595, "dvar2": 0.0785930529237, "dvar": 0.0369980186224, "dmean": 0.185417622328, "max": 9.82043170929, "var": 0.271641373634, "mean": 7.21547889709}, "silence_rate_20dB": {"dmean2": 0, "median": 1, "min": 1, "dvar2": 0, "dvar": 0, "dmean": 0, "max": 1, "var": 0, "mean": 1}, "melbands_flatness_db": {"dmean2": 0.035545501858, "median": 0.219722524285, "min": 0.00365682318807, "dvar2": 0.00110657396726, "dvar": 0.000527245050762, "dmean": 0.0235418882221, "max": 0.584603250027, "var": 0.00450993981212, "mean": 0.223804861307}, "barkbands": {"dmean2": [0.000292085052934, 0.000461788469693, 0.00138960184995, 0.00231328373775, 0.0053402534686, 0.00357779930346, 0.00207532080822, 0.00159367383458, 0.00101948750671, 0.000296712154523, 0.000206132521271, 0.000218488712562, 0.000234390681726, 0.000168637721799, 0.000183497642865, 0.000105657090899, 0.000132101282361, 8.75785044627e-05, 7.45170182199e-05, 7.04046688043e-05, 8.17832624307e-05, 6.37325865682e-05, 4.16474067606e-05, 4.41901138402e-05, 2.81131669908e-05, 1.35517911986e-05, 2.30039518101e-06], "median": [6.01237297815e-05, 0.000123640071251, 0.000655385665596, 0.000962982769124, 0.0030269944109, 0.00145588465966, 0.000865082372911, 0.000334863783792, 0.000278862717096, 9.93149878923e-05, 4.74877633678e-05, 5.05986026837e-05, 5.28457785549e-05, 4.65690609417e-05, 5.93524673604e-05, 4.21780459874e-05, 7.00789751136e-05, 4.50761654065e-05, 3.84318591387e-05, 3.52537172148e-05, 3.30127368215e-05, 2.91107080557e-05, 2.37186613958e-05, 2.20708570851e-05, 9.76393948804e-06, 2.02815454031e-06, 2.18422258058e-07], "min": [3.78252702707e-26, 5.9776321635e-24, 4.40339051155e-25, 6.98014647996e-25, 1.29335291578e-23, 7.70830542599e-24, 9.97963082077e-24, 6.52365249424e-24, 1.61029655935e-23, 1.05978800448e-23, 1.97356290412e-23, 2.03256512444e-23, 2.97920199724e-23, 2.13667251805e-23, 3.50898678169e-23, 6.02971512704e-23, 7.80154026529e-23, 1.11557137254e-22, 1.26002429984e-22, 1.7978779954e-22, 2.52462828434e-22, 2.49029630044e-22, 4.02823023874e-22, 5.83030510037e-22, 8.98976799912e-22, 1.32080771129e-21, 1.93966341164e-21], "dvar2": [8.53656274558e-07, 1.23416589304e-06, 5.19269997312e-06, 1.46705424413e-05, 0.000119136828289, 9.00298909983e-05, 1.94729400391e-05, 1.65980600286e-05, 6.38212168269e-06, 1.04565162928e-06, 6.95116398219e-07, 5.88210070873e-07, 4.85523457883e-07, 1.853917