{"metadata": {"tags": {"genre": ["Hip-Hop"], "file_name": "16 Dope Shit.mp3", "album": ["Pabst & Jazz"], "musicbrainz album type": ["Album", "Mixtape/Street"], "script": ["Latin"], "albumartistsort": ["Roth, Asher"], "musicbrainz album release country": ["XW"], "acoustid_id": ["f517586e-6a95-4543-9647-142c9712b694"], "musicbrainz_artistid": ["c7d35b71-961e-4713-b65d-35a98591204a"], "musicbrainz_releasegroupid": ["8f7f51fd-5eed-439c-944a-cdcc05d3e998"], "albumartist": ["Asher Roth"], "musicbrainz album status": ["Official"], "artist": ["Asher Roth"], "musicbrainz_albumid": ["c8112128-096e-4d97-96fa-7fb040816b8d"], "discnumber": ["01/01"], "title": ["Dope Shit"], "tracknumber": ["16/16"], "musicbrainz_albumartistid": ["c7d35b71-961e-4713-b65d-35a98591204a"], "artistsort": ["Roth, Asher"], "date": ["2011"], "acoustid_fingerprint": ["AQADtMnCKIrWJQiP_8g3WdgPLSTRo3eO5hk-WriH-_iWQ89xLTkcHv-E52iObmIJfWLxHD087figHT-6w7vRHlePJiaFM4ly6Kh0tGMqiGcTPDl--JFx3zhDJ6hWPZhlCje-E3ZSnMfn49XR20LzB0dD-dCOUeOI65DTET_uo1yO5niMHn4OOQv-Ql-Fw99xNYfv4HARfHB35DqFv4LxDq-CJzo0G0_QP7DUQ5xsBZqaTsL-QpjiZEZ13CTOlLimR2he9EHzoA8PPYf0Gr9wnMSbL0ZTRcnB_MGN-mgcNsL1Q9-D6ocXsqh9vDoOPSoa3Sh_XDn-oEm14D964pKOmmsgUskDcxNq4VRSoR2dEF12BfqL8UftDWEc4SLxsccvnE-QfsHxQAuXoVw2Dv8ghxmeD7P0oPPReMOD74SiS_CO9in2F7Jz9MQ15jj-eDDREoXtozo07_DxKzh1BT9-mDu6Hz8NLbcQtg9OzF5zND8q40xwnEIz1gifQ7mMMPVRxUcbc-hz5JvxQUeYSVnQhzKuHL3gItQPjTv-ICxp5NDy5CiXIpRzBUb54z_CrJ4GTY-QT8MlncKfDiGvwD2-QmSmBPiToI9kBXKCnQ3-Q0yDIw8z41OO_E-K5iF6Ht9RHU0iDkP4abiSyCh-ZJ-KPhrE5BUuCjQV9Dm-POhDaNnxBVV0OI_wKCT6opeJ5sZFXPrRKBd6HXpY4WsqPJnxLWhGveiPsnsIZVkelLPxI32Hh7jEI6fw8NB-NBaDn6gWH5527EOfQpePhy7iH01V9MGV44h24qw4KM16_KiGdF0c9MjD49DDGN5xXLzQNWtgNzO67cKPX5nQ8A4-JWio4kXl5ME1UgomuRW-ZEd_pNdRssePL8eDJtfQ58iD7_B6KBeeDD9-4YK-LEezhUb1OejhE_2CJ-hzNMp87Dn0HO2iQ_zx0dB-1OKxOZpx5dDh8_itwH3wCKGNPil-5GEnnH0wigz-QM8H5-gvfPh0dB88Bg8DkUf4YDo53KjSDpcy_GgcBqGVvfih_WgmEy-TG7n2DPlR_hA7FkU-4RZ-wXyKUx_yHFISh0V4XMXHfCjvBP4RcoEsLuB3hFIVw7sT9HoQ_cZ_9AmL5sR_nNHxLg16fYWW58HRqUPz4zqJfTtUNbLw4ejDo1ETBZegRwyDksQP7xuu4De6LFlIfFsO3UIPb0evEpd4nEcnSYHj4kJfPENtC46iBAcT5TE--mASbbLQ7gx-41OQOsGPM8Ov4D_8LMeb4z_C5Dy0PsjiCw-NnisefEG_IExF9Dvc7QIz4idRmA8u9pD0w6mOf8iNzxbMo9IuXAejC5Z9hD9O59Aoqgns5AjzCf_wKEdpOULVi4guhnjQ9NBW4kvw_fgV9B3RfDia6-gTYt969MU3Is9RInyPRo4iXDijQzsLc_CJnk5xNByDPtBj_DLCSErRf_iO8DEcNdB3-EH5oIwCLfh0hDkfVM6MJ9GU41J09EJ6Qj-DL8Sz7GhzQtceYfoTNFuD07i0QIyF43OCH1fm4Ue86wgzbUeVKxOhq8YvhBl5tGuN-cXho5yGNJugccnRW4PVZyinC9WDhpFkQpcelEu2wpOYQ_uD6RfMHbuyoNnC4056_Me1TVnw43pD_IKf4VnX4Nahd0WfI92Fv0g57ehl6MKbCF9snJDySziVBakfnMNz3MFHI_uPanrw4RHaovnxD_2I_9DiZ8iLH9XZ4pqS4ch_iNMehFfx5GimE6F-PIqp4QuTBj2LE-mJ_sWP88LZRQjzoy-0Vjma5_hsXJKEq9HxH_UhVllGlKSFHGeooz8-gcwfHD3ax2g-E3lTaIc_cngeKUEm8hM6XmhyOqilE_nRWhEaX8X1QHsOM-qL5zjWE5Xp4W05_OgN__h0hF3HEXl3fAhzlBamOrnRODouKccTCs8PfkU35WioVEeiEbGl4M_wEeX0wz3a0SOuISyH7_jx0MGraHCIX4RzQUN_5FSEH_zxoKmy47hQSZyFdz8qC_nwtQnqlSyY7HiOXOpxFX1zNGeH6E_Rh9Dy5IieHD_y4_3wBvQNTWJa-EZlbfiNqzouPJXR14WW3XgoXAd54g9z6A-u7EXHhE0GB2fw7PiV40KtMCPOH9B7XM_xK2FwCTvk83CalMjx8Hg3fMlRPjeaGj9Ci9mg5Ud0kcIfEY-I41-QZ44C7Tl8CuE54eGF_jGaHE9xND96GXizBZ0Hs0f3GH02OD1yGuLzIrNevI9A_TjOHGeiG9VLRMzXQyduPDV-JWhGnui144c-4tLxE7tXPDmuHaca_MEZdkIf_AVP-A-0P_iWEVcO_iCP6jBKhocO6UkvfGmQh41w5XikRBEzcJZ8NM_xbB9CSk-g_TlyZuhz_Cf-404sfDriizn0XMhd9DUJJjWu4E2J5_g7eCd-9MzhWeiTE1eO_Dt4nGJCaJaSI4yyDx-uPOj8GPvxE-G1DLqESNGUXejp4NpBL8fRd_BTJSIq00Ke5XgO7Q_Sp-hfHP0T-InQM3mFN2qQa1kO9RbxI3yLrzCfC31znMV55CF6suinQD_xLS7iL8PpCz0y9YM5HvUOLeuWoieDvDKe4Ed59MeFVCIvQCqVQ3caohYpeC8FU8miBQ71Iccl5kh_QfuTA-eAEY4IAIBRwCAgGFCACUYMMA4TqBVyBAAjCNZAUSMAMEJYRIhwwgggDAOECQOFMcppQ4xQYCiDDIUGIQQsRUISQRwQgRgBhAIIAcGMI0AIBYQiQChgnAAKLCMIQI4IoiSwAiACDABAMcOAYCIIoxBhjAgKkBFCCCcEoEQYBohCjFgBAECGAUEEw4IAQYAwhgOkLCBGCAWYIMIAYAQSBjBFEAIICMECUEIAIAABVhjijGJAIUKscAYyYZACDCiBkFAICAMcM4AxY4lSggmCHACAAAWQ4QAAZxQDzggDECQSCICcEAQARBRRwBCRBUDAKaYYQYwIoBAgXhBghGEAAaSEQwQJYIBSyBkihCMGGIacElA5IRRBhjhECACAGCYEooQBIhASwAhBhVECIGMMAEAAAIUwQgAhBgHEAEMA4MgI4ZkBCmJCCAGOYJIAAoIICyVhxgABDFDAICAcYMIQIoggxAFCDGEGEGAUQUQowAhAwiAkwCJAESiEYEgBYAxQAgBQjFACDC0EAcZhKYCzBAAgCBGUCMIEBUIJZgRQDDGEBAFGGYCclgYBQ4QgRBgrGFBCAGAkEUgBQgFQxikHCFJACwEkkgQIYgCCzBkglTDCKUGMMcYgg5Q0AgACMSCMKEMYFQAAxaABgALlGECEC-AQEEIMIQgBwgiEjFCAUcAMsQIYQgTxFCAgqBBAIkKAIIAxgQBRTDBEhDFOIOoMF4AIQxgUgAMBAAAAMAMNkcAIgBwiAhwhGGMEGAAgEIwZRQAoCghIFAAAagVEsZYwAQwQxBggAQAKGEAUEARQgQhQhAiiEHBEAAQaIIQAYJkyTADIASHEIMIMUgggIYAxCAgCIFDQeiIOcAgwAZBgwAAjlEBEECIBEIgIoRSAlBkErCJCEWCEIIACAiESBCgEARICAaSEUEQZoJAiYBgAAADCECMIAMBRhqQAChghAATEECAhckaCQogwkhBBgAEA"], "musicbrainz_recordingid": ["13355c9c-405e-46b0-9252-465e06741844"], "language": ["eng"]}, "audio_properties": {"sample_rate": 48000, "downmix": "mix", "lossless": false, "analysis_sample_rate": 44100, "md5_encoded": "f1c82bc9e5e65390f2f5837f2e043cad", "equal_loudness": 0, "replay_gain": -10.7624187469, "codec": "mp3", "bit_rate": 160000, "length": 424.007995605}, "version": {"extractor": "music 1.0", "essentia_build_sha": "2d9f1f26377add8aeb1075a9c2973f962c4f09fd", "essentia_git_sha": "v2.1_beta2-1-ge3940c0", "essentia": "2.1-beta2"}}, "rhythm": {"beats_loudness_band_ratio": {"dvar2": [0.131149083376, 0.0342931710184, 0.00852672662586, 0.0149055635557, 0.020740032196, 0.0235871933401], "var": [0.059790212661, 0.0136695345864, 0.00274203834124, 0.00426445994526, 0.00736222602427, 0.00670063542202], "min": [0.000541094632354, 0.000183016862138, 5.12265214638e-05, 4.39717268819e-06, 1.90230832686e-06, 1.21283778753e-06], "dmean": [0.320528388023, 0.111609943211, 0.0458824969828, 0.0808846578002, 0.105327025056, 0.103318035603], "mean": [0.692748188972, 0.109225615859, 0.0410709232092, 0.0554321184754, 0.0663598030806, 0.0639621764421], "max": [0.995394945145, 0.623805105686, 0.451550215483, 0.529752910137, 0.643686532974, 0.412209689617], "dmean2": [0.615913510323, 0.196757301688, 0.0851552262902, 0.158138558269, 0.207125470042, 0.203841581941], "median": [0.75042527914, 0.0679968371987, 0.0213146433234, 0.0300324428827, 0.0326832011342, 0.0278218928725], "dvar": [0.0425217375159, 0.0134474616498, 0.00299720629118, 0.00439808983356, 0.0064570135437, 0.00697472924367]}, "bpm_histogram_first_peak_weight": {"dvar2": 0, "var": 0, "min": 0.775510191917, "dmean": 0, "mean": 0.775510191917, "max": 0.775510191917, "dmean2": 0, "median": 0.775510191917, "dvar": 0}, "bpm": 85.0265350342, "beats_count": 638, "bpm_histogram_first_peak_spread": {"dvar2": 0, "var": 0, "min": 0.0985401272774, "dmean": 0, "mean": 0.0985401272774, "max": 0.0985401272774, "dmean2": 0, "median": 0.0985401272774, "dvar": 0}, "danceability": 1.54205298424, "bpm_histogram_first_peak_bpm": {"dvar2": 0, "var": 0, "min": 85, "dmean": 0, "mean": 85, "max": 85, "dmean2": 0, "median": 85, "dvar": 0}, "beats_position": [0.696598649025, 1.40480720997, 2.11301589012, 2.83283448219, 3.52943301201, 4.23764181137, 4.94585037231, 5.66566896439, 6.3622674942, 7.07047605515, 7.77868461609, 8.48689365387, 9.18349170685, 9.8800907135, 10.5882987976, 11.3081178665, 12.0047159195, 12.7129249573, 13.4211339951, 14.1409521103, 14.8375511169, 15.545759201, 16.2539672852, 16.9621772766, 17.6471652985, 18.3553733826, 19.0635814667, 19.7834014893, 20.4799995422, 21.1882076263, 21.8964176178, 22.6046257019, 23.3012237549, 23.9978218079, 24.7060317993, 25.4142398834, 26.1108379364, 26.8190479279, 27.527256012, 28.2354640961, 28.932062149, 29.6402721405, 30.3484802246, 31.0682983398, 31.7648983002, 32.4731063843, 33.1813163757, 33.901134491, 34.5977325439, 35.3059387207, 36.0141487122, 36.7223587036, 37.4189567566, 38.1271629333, 38.8353729248, 39.5435829163, 40.2401809692, 40.9483909607, 41.6565971375, 42.3648071289, 43.0614051819, 43.7696151733, 44.4778213501, 45.1860313416, 45.8826293945, 46.590839386, 47.2990455627, 48.018863678, 48.7154655457, 49.4120635986, 50.1202697754, 50.8284797668, 51.5250778198, 52.2332878113, 52.941493988, 53.6497039795, 54.3463020325, 55.0545120239, 55.7627182007, 56.4709281921, 57.1675262451, 57.8757362366, 58.583946228, 59.3037643433, 60.0003623962, 60.708568573, 61.4167785645, 62.1365966797, 62.8331947327, 63.5297966003, 64.2380065918, 64.9462127686, 65.6544189453, 66.3626327515, 67.0708389282, 67.779045105, 68.4756469727, 69.1722412109, 69.8804550171, 70.5886611938, 71.2852630615, 71.9934692383, 72.701675415, 73.4098815918, 74.1180953979, 74.8263015747, 75.5345077515, 76.2543258667, 76.9509277344, 77.6591339111, 78.3673477173, 79.0639419556, 79.7605438232, 80.46875, 81.1769561768, 81.8967819214, 82.5933761597, 83.3015823364, 84.0097961426, 84.7180023193, 85.414604187, 86.1111984253, 86.8194122314, 87.5392303467, 88.235824585, 88.9440383911, 89.6522445679, 90.3604507446, 91.0686569214, 91.7768707275, 92.4850769043, 93.1932830811, 93.9014968872, 94.609703064, 95.3179092407, 96.0145111084, 96.7227172852, 97.4309310913, 98.1275253296, 98.8357315063, 99.5439453125, 100.252151489, 100.960357666, 101.668571472, 102.376777649, 103.084983826, 103.793197632, 104.501403809, 105.198005676, 105.906211853, 106.61441803, 107.322631836, 108.019226074, 108.727432251, 109.435646057, 110.143852234, 110.852058411, 111.548660278, 112.256866455, 112.965080261, 113.6616745, 114.369888306, 115.078094482, 115.786300659, 116.494506836, 117.191108704, 117.89931488, 118.607528687, 119.304122925, 120.012336731, 120.720542908, 121.428749084, 122.136962891, 122.845169067, 123.553375244, 124.249977112, 124.94657135, 125.643173218, 126.351379395, 127.059593201, 127.767799377, 128.476013184, 129.18421936, 129.892425537, 130.589019775, 131.297225952, 132.005432129, 132.725265503, 133.421859741, 134.141677856, 134.838272095, 135.546478271, 136.243087769, 136.951293945, 137.659500122, 138.367706299, 139.064300537, 139.772521973, 140.480728149, 141.200546265, 141.897140503, 142.593734741, 143.301940918, 144.010162354, 144.706756592, 145.414962769, 146.123168945, 146.831375122, 147.527984619, 148.236190796, 148.944396973, 149.652603149, 150.360809326, 151.069015503, 151.765625, 152.473831177, 153.170425415, 153.878631592, 154.586837769, 155.295059204, 155.991653442, 156.699859619, 157.408065796, 158.116271973, 158.824493408, 159.532699585, 160.240905762, 160.960723877, 161.657318115, 162.365524292, 163.073745728, 163.781951904, 164.478546143, 165.186752319, 165.894958496, 166.603164673, 167.29977417, 167.996368408, 168.704574585, 169.412780762, 170.109390259, 170.805984497, 171.525802612, 172.245620728, 172.942214966, 173.650421143, 174.34703064, 175.055236816, 175.751831055, 176.460037231, 177.168243408, 177.888076782, 178.584671021, 179.292877197, 180.001083374, 180.709289551, 181.405899048, 182.114105225, 182.822311401, 183.530517578, 184.238723755, 184.946929932, 185.655151367, 186.363357544, 187.059951782, 187.768157959, 188.476364136, 189.196182251, 189.892791748, 190.589385986, 191.297592163, 192.00579834, 192.702392578, 193.410614014, 194.11882019, 194.838638306, 195.535232544, 196.243438721, 196.940048218, 197.648254395, 198.356460571, 199.064666748, 199.772872925, 200.481079102, 201.177688599, 201.885894775, 202.594100952, 203.302307129, 203.998901367, 204.707122803, 205.415328979, 206.123535156, 206.831741333, 207.53994751, 208.248153687, 208.956375122, 209.65296936, 210.361175537, 211.069381714, 211.777587891, 212.474197388, 213.182403564, 213.890609741, 214.610427856, 215.318634033, 216.02684021, 216.735046387, 217.443267822, 218.151473999, 218.848068237, 219.544662476, 220.252868652, 220.961090088, 221.669296265, 222.377502441, 223.085708618, 223.793914795, 224.490524292, 225.18711853, 225.906936646, 226.603530884, 227.311737061, 228.019943237, 228.728164673, 229.43637085, 230.132965088, 230.841171265, 231.549377441, 232.245986938, 232.954193115, 233.662399292, 234.370605469, 235.078811646, 235.787017822, 236.495239258, 237.191833496, 237.900039673, 238.60824585, 239.304855347, 240.024673462, 240.7212677, 241.417861938, 242.126068115, 242.834274292, 243.542495728, 244.250701904, 244.958908081, 245.667114258, 246.375320435, 247.071929932, 247.780136108, 248.488342285, 249.196548462, 249.904754639, 250.612960815, 251.321166992, 252.029388428, 252.725982666, 253.434188843, 254.14239502, 254.839004517, 255.547210693, 256.255401611, 256.963623047, 257.671844482, 258.3800354, 259.088256836, 259.784851074, 260.481445313, 261.189666748, 261.886260986, 262.594451904, 263.30267334, 264.010864258, 264.707489014, 265.427307129, 266.123901367, 266.820495605, 267.528717041, 268.236907959, 268.933502197, 269.641723633, 270.349914551, 271.069732666, 271.766357422, 272.47454834, 273.182769775, 273.902587891, 274.599182129, 275.295776367, 276.003997803, 276.712188721, 277.420410156, 278.128601074, 278.83682251, 279.545043945, 280.241638184, 280.949829102, 281.658050537, 282.366241455, 283.074462891, 283.782684326, 284.479278564, 285.187469482, 285.884063721, 286.592285156, 287.300506592, 288.00869751, 288.716918945, 289.425109863, 290.133331299, 290.829925537, 291.526519775, 292.234741211, 292.942932129, 293.651153564, 294.359344482, 295.067565918, 295.775787354, 296.495605469, 297.192199707, 297.900390625, 298.597015381, 299.305206299, 300.001800537, 300.710021973, 301.418212891, 302.138031006, 302.834655762, 303.54284668, 304.251068115, 304.97088623, 305.667480469, 306.375671387, 307.083892822, 307.792114258, 308.488708496, 309.196899414, 309.89352417, 310.601715088, 311.309936523, 312.018127441, 312.726348877, 313.434539795, 314.131164551, 314.839355469, 315.547576904, 316.255767822, 316.952362061, 317.660583496, 318.368804932, 319.088623047, 319.785217285, 320.493408203, 321.201629639, 321.909820557, 322.618041992, 323.31463623, 324.011230469, 324.719451904, 325.42767334, 326.135864258, 326.844085693, 327.552276611, 328.23727417, 328.945495605, 329.653686523, 330.361907959, 331.070098877, 331.778320313, 332.48651123, 333.194732666, 333.902954102, 334.61114502, 335.319366455, 336.027557373, 336.735778809, 337.432373047, 338.128967285, 338.837188721, 339.545379639, 340.253601074, 340.96182251, 341.670013428, 342.378234863, 343.086425781, 343.794647217, 344.491241455, 345.187835693, 345.896057129, 346.604248047, 347.312469482, 348.0206604, 348.728881836, 349.437103271, 350.168518066, 350.888336182, 351.596557617, 352.293151855, 352.989746094, 353.674743652, 354.359710693, 355.056304932, 355.729705811, 356.414672852, 357.08807373, 357.773040771, 358.469665527, 359.154632568, 359.839630127, 360.536224365, 361.209594727, 361.894592285, 362.579589844, 363.264587402, 363.949554443, 364.646148682, 365.342773438, 366.039367676, 366.759185791, 367.467376709, 368.175598145, 368.883789063, 369.592010498, 370.288604736, 370.985198975, 371.69342041, 372.401611328, 373.121429443, 373.818054199, 374.514648438, 375.222839355, 375.931060791, 376.627655029, 377.335876465, 378.044067383, 378.752288818, 379.460479736, 380.168701172, 380.876922607, 381.585113525, 382.293334961, 383.013153076, 383.756195068, 384.499237061, 385.265472412, 386.020141602, 386.72833252, 387.424926758, 388.121520996, 388.818145752, 389.398620605, 389.979125977, 390.559631348, 391.024017334, 391.488433838, 391.952819824, 392.428833008, 392.904846191, 393.369232178, 393.845245361, 394.309661865, 394.762451172, 395.215240479, 395.668029785, 396.109191895, 396.550384521, 396.921905518, 397.293426514, 397.66494751, 398.059661865, 398.466033936, 398.860778809, 399.243896484, 399.62701416, 400.010162354, 400.38168335, 400.753204346, 401.113098145, 401.484619141, 401.856140137, 402.227661133, 402.610778809, 402.993927002, 403.365447998, 403.725341797, 404.073638916, 404.410339355, 404.770233154, 405.130157471, 405.49005127, 405.838348389, 406.198272705, 406.558166504, 406.91809082, 407.277984619, 407.637908936, 407.986206055, 408.346099854, 408.69442749, 409.042724609, 409.402618408, 409.774139404, 410.15725708, 410.552001953, 410.946746826, 411.329864502, 411.701385498, 412.072906494, 412.456054688, 412.815948486, 413.175872803, 413.524169922, 413.884063721, 414.243988037, 414.615509033, 414.987030029, 415.346923828, 415.718444824, 416.08996582, 416.473114014, 416.844604492, 417.216125488, 417.576049805, 417.95916748, 418.353912354, 418.760253906, 419.166625977, 419.572967529, 419.979309082, 420.374053955, 420.768798828, 421.163543701, 421.558258057, 421.95300293, 422.336151123, 422.754089355, 423.172058105], "beats_loudness": {"dvar2": 0.00891558453441, "var": 0.00367733673193, "min": 6.85698387315e-06, "dmean": 0.0549248717725, "mean": 0.0764795094728, "max": 0.361623376608, "dmean2": 0.0928973853588, "median": 0.0584212765098, "dvar": 0.00343408202752}, "bpm_histogram_second_peak_weight": {"dvar2": 0, "var": 0, "min": 0.0282574575394, "dmean": 0, "mean": 0.0282574575394, "max": 0.0282574575394, "dmean2": 0, "median": 0.0282574575394, "dvar": 0}, "bpm_histogram_second_peak_spread": {"dvar2": 0, "var": 0, "min": 0, "dmean": 0, "mean": 0, "max": 0, "dmean2": 0, "median": 0, "dvar": 0}, "bpm_histogram_second_peak_bpm": {"dvar2": 0, "var": 0, "min": 167, "dmean": 0, "mean": 167, "max": 167, "dmean2": 0, "median": 167, "dvar": 0}, "onset_rate": 4.28282117844}, "lowlevel": {"spectral_energyband_high": {"dvar2": 4.58530621472e-06, "var": 4.73973432236e-06, "min": 2.24326980602e-12, "dmean": 0.00047476842883, "mean": 0.000743858399801, "max": 0.029078155756, "dmean2": 0.000635885924567, "median": 0.000155973306391, "dvar": 2.77158483186e-06}, "spectral_energyband_middle_low": {"dvar2": 0.000477860448882, "var": 0.000227936310694, "min": 2.0494099473e-11, "dmean": 0.00793828442693, "mean": 0.0151762431487, "max": 0.186987161636, "dmean2": 0.0134610524401, "median": 0.010985577479, "dvar": 0.000174488668563}, "spectral_energy": {"dvar2": 0.00682596489787, "var": 0.00366811733693, "min": 2.47479703397e-10, "dmean": 0.0294232238084, "mean": 0.0592255592346, "max": 0.446786046028, "dmean2": 0.0480057746172, "median": 0.0395743064582, "dvar": 0.00240751844831}, "spectral_spread": {"dvar2": 1569734262780.0, "var": 3812063707140.0, "min": 170564.203125, "dmean": 735182.8125, "mean": 4589621.5, "max": 32316548, "dmean2": 1045067.125, "median": 4313639, "dvar": 838358466560}, "spectral_energyband_low": {"dvar2": 0.00709414854646, "var": 0.00320076569915, "min": 1.52766480022e-10, "dmean": 0.0264217611402, "mean": 0.0430186167359, "max": 0.427873939276, "dmean2": 0.044302277267, "median": 0.0242677722126, "dvar": 0.00244033639319}, "spectral_rolloff": {"dvar2": 903092.5, "var": 919035.625, "min": 21.533203125, "dmean": 301.483947754, "mean": 617.65032959, "max": 10658.9355469, "dmean2": 476.881164551, "median": 258.3984375, "dvar": 444244.8125}, "barkbands": {"dvar2": [5.16654799867e-05, 0.00597850978374, 0.000267765193712, 0.000173271881067, 0.000120428660011, 2.1161073164e-05, 1.02457843241e-05, 4.06654180551e-06, 4.73915588373e-06, 1.03546608443e-06, 1.16775572678e-06, 2.05731998904e-06, 1.41342184179e-06, 1.20908396184e-06, 3.83962344586e-07, 6.06593573593e-07, 3.06563777031e-07, 3.27072768869e-07, 1.85740788083e-07, 1.24933563939e-07, 3.56731248985e-07, 1.81113009035e-07, 1.84450101415e-07, 1.26751913854e-07, 7.78969209136e-08, 1.18315313102e-08, 2.59295113159e-10], "var": [3.06430920318e-05, 0.00217117648572, 0.000175104505615, 8.06340613053e-05, 4.54172477475e-05, 1.1719838767e-05, 3.99572309107e-06, 3.66519043382e-06, 2.66843562713e-06, 1.40978738727e-06, 4.55111319297e-07, 8.74110355653e-07, 8.01687122021e-07, 6.51881293834e-07, 2.63833072722e-07, 4.24711458891e-07, 2.19621597353e-07, 2.36885171034e-07, 1.51541058813e-07, 1.30752056293e-07, 3.07011305267e-07, 1.72581138713e-07, 1.37388724397e-07, 1.17698412794e-07, 6.40256061502e-08, 1.05697477437e-08, 1.5605132464e-10], "min": [1.33540595249e-10, 7.54538931336e-11, 1.16268054212e-11, 5.66517492639e-12, 7.14868789164e-12, 3.36095019003e-12, 1.87669736522e-12, 1.14585240168e-12, 1.05734279839e-12, 7.77976316181e-13, 6.47043020292e-13, 4.35455870581e-13, 4.9578684257e-13, 4.88309588077e-13, 3.5058517504e-13, 3.54108100264e-13, 1.84004165528e-13, 2.52777101551e-13, 2.03490246571e-13, 1.31064918033e-13, 2.5054865951e-13, 2.00545810969e-13, 2.4401317013e-13, 2.30487856448e-13, 3.29301662978e-13, 3.29842273286e-13, 6.30673790102e-13], "dmean": [0.00247017689981, 0.0215323641896, 0.00527980411425, 0.00415323581547, 0.00329655548558, 0.00149142113514, 0.000827024632599, 0.000595661054831, 0.000446822756203, 0.00024247750116, 0.000190755017684, 0.000294750905596, 0.000322959996993, 0.000262891349848, 0.000169388396898, 0.000194787862711, 0.000154066816322, 0.000135429057991, 0.000115835457109, 9.60518082138e-05, 0.000131884677103, 8.9103996288e-05, 8.25616298243e-05, 7.8415243479e-05, 5.56284103368e-05, 2.50748125836e-05, 2.77562344309e-06], "mean": [0.00319099449553, 0.0291129108518, 0.00798815116286, 0.00581136858091, 0.00455745542422, 0.00213146302849, 0.000957782089245, 0.000911439827178, 0.000666851818096, 0.000447460013675, 0.000223984796321, 0.000407441402785, 0.000447895785328, 0.000349295965862, 0.000258810905507, 0.000299517676467, 0.000262235291302, 0.00019437111041, 0.000193581858184, 0.000153994216816, 0.000196695007617, 0.000126768558403, 0.00011347867985, 0.000109951004561, 7.47642188799e-05, 3.37852216035e-05, 3.20356639349e-06], "max": [0.0631202608347, 0.3717648983, 0.12260492146, 0.143996730447, 0.109710410237, 0.0766246914864, 0.0386079400778, 0.0283413380384, 0.0251370761544, 0.0167620908469, 0.0116873756051, 0.0154831260443, 0.0120989298448, 0.0121424673125, 0.00921946018934, 0.00829302798957, 0.0071086906828, 0.00758136156946, 0.00441998476163, 0.00519038597122, 0.00777901010588, 0.00635858951136, 0.00636572018266, 0.00587724288926, 0.00406634062529, 0.00142951461021, 0.000237840838963], "dmean2": [0.00400667730719, 0.0368523262441, 0.00853991322219, 0.00715874461457, 0.0056045060046, 0.00249566254206, 0.00138549588155, 0.00095035682898, 0.000729311432224, 0.000386583473301, 0.00031536683673, 0.000473037391203, 0.000510353711434, 0.000415679591242, 0.000264499045443, 0.000308364018565, 0.000240282344748, 0.000199508678634, 0.000174393207999, 0.000136682283483, 0.000191428684047, 0.000129587235278, 0.000115407397971, 0.000106126055471, 7.57453599363e-05, 3.43266401615e-05, 4.06691424359e-06], "median": [0.00071264867438, 0.0128321070224, 0.00337564549409, 0.00313919200562, 0.0025073918514, 0.000912323826924, 0.000290601310553, 0.000234035338508, 0.00013744874741, 7.79242182034e-05, 3.43706087733e-05, 8.27326293802e-05, 9.35297284741e-05, 6.23280502623e-05, 5.78454564675e-05, 5.49889882677e-05, 8.55264806887e-05, 4.68032740173e-05, 4.92265025969e-05, 4.131345122e-05, 2.05329397431e-05, 2.05430806091e-05, 1.75697969098e-05, 1.47086966535e-05, 1.10980518002e-05, 4.79301979794e-06, 1.15238208309e-07], "dvar": [2.06548793358e-05, 0.00197211210616, 0.000109989538032, 6.24286549282e-05, 4.56420857518e-05, 8.22711172077e-06, 3.91613411921e-06, 1.75827176463e-06, 1.81844802682e-06, 4.20560553493e-07, 4.42467410267e-07, 7.98142707481e-07, 5.67340578073e-07, 4.83601979795e-07, 1.5724536695e-07, 2.44775719693e-07, 1.26071853401e-07, 1.60495602586e-07, 8.53262420719e-08, 7.03018017134e-08, 1.88583300087e-07, 1.02587236483e-07, 9.62053192666e-08, 7.12266157166e-08, 4.28232240779e-08, 6.52839871051e-09, 1.19835918966e-10]}, "melbands_skewness": {"dvar2": 7.58007764816, "var": 8.90784645081, "min": -0.798341393471, "dmean": 1.47697412968, "mean": 4.58019351959, "max": 33.8198852539, "dmean2": 2.2785513401, "median": 3.93743848801, "dvar": 3.30555200577}, "barkbands_skewness": {"dvar2": 4.44076871872, "var": 4.60688352585, "min": -1.62449395657, "dmean": 1.11527013779, "mean": 3.12707304955, "max": 27.563375473, "dmean2": 1.74023377895, "median": 2.73340177536, "dvar": 1.78152418137}, "erbbands": {"dvar2": [5.48606061935, 353.322265625, 713.591308594, 1016.97753906, 1819.70202637, 1129.48254395, 1423.41540527, 1896.35595703, 1657.62817383, 2707.984375, 1548.32727051, 3233.7956543, 843.34942627, 1766.45092773, 3582.57348633, 2382.40722656, 3025.41894531, 1716.3170166, 2012.98071289, 1369.31494141, 1307.9486084, 922.05871582, 872.570373535, 538.504150391, 423.79208374, 278.186645508, 755.956054688, 312.037017822, 262.58682251, 162.663497925, 186.710357666, 74.8812103271, 32.4803276062, 10.6905555725, 3.82389092445, 0.415499091148, 0.0295267365873, 0.00132520054467, 5.85366706218e-06, 1.26371491049e-08], "var": [2.8317899704, 99.6006240845, 279.597839355, 527.138244629, 601.00189209, 520.79284668, 607.479675293, 1018.46520996, 662.67779541, 1501.11767578, 1347.96594238, 1792.48010254, 1244.44567871, 1174.63513184, 1167.67675781, 1300.6003418, 1783.46618652, 1356.15844727, 1115.90917969, 1128.05627441, 734.43963623, 643.367736816, 669.812194824, 463.397003174, 365.66973877, 281.314300537, 633.745178223, 296.562225342, 244.619949341, 154.74836731, 117.222251892, 60.1504020691, 30.9257068634, 9.791680336, 2.7267062664, 0.348222702742, 0.0260004475713, 0.00103680824395, 3.43637293554e-06, 7.85641418588e-09], "min": [4.2238634812e-09, 1.02421777726e-08, 1.41145655164e-08, 1.78539760753e-08, 2.10659649724e-08, 2.35036718976e-08, 2.58403041187e-08, 2.6734623404e-08, 2.77180909336e-08, 2.58701344791e-08, 2.6024219224e-08, 2.34282442335e-08, 2.47774654127e-08, 2.48148097626e-08, 2.43713262904e-08, 1.8244172395e-08, 2.25060450276e-08, 2.59570249739e-08, 2.0045034077e-08, 1.94744043114e-08, 1.78028702891e-08, 1.08214504024e-08, 1.23928440843e-08, 1.15828848735e-08, 1.02880211017e-08, 6.29706731203e-09, 7.89895882036e-09, 1.01382378048e-08, 6.59121202062e-09, 8.09025735293e-09, 7.63415552996e-09, 5.00251973179e-09, 3.84397980113e-09, 3.22527426988e-09, 2.45419973233e-09, 1.6925039148e-09, 5.2076309931e-10, 3.50668466487e-10, 1.07971361019e-10, 7.23856044549e-12], "dmean": [0.739408314228, 4.54941749573, 6.9476685524, 9.88057327271, 12.2238740921, 10.3976240158, 10.6923599243, 13.1767663956, 10.8318166733, 14.1606311798, 10.9476604462, 11.1923570633, 7.13809251785, 7.8491191864, 9.30255794525, 11.7141532898, 15.0136680603, 11.2606229782, 11.0344753265, 10.2299900055, 8.46360206604, 8.04157924652, 7.18201971054, 6.22139310837, 5.41523933411, 4.51790952682, 5.80311632156, 4.13314771652, 3.35922241211, 2.73790359497, 2.38722896576, 1.77704286575, 1.25577104092, 0.677520275116, 0.375527918339, 0.146364912391, 0.0386490747333, 0.00734953954816, 0.000404741906095, 4.06588005717e-05], "mean": [1.05617082119, 5.57200860977, 9.76923179626, 15.4314718246, 17.429983139, 14.4792823792, 15.4156513214, 17.6987628937, 13.1933345795, 18.7431697845, 17.6438236237, 17.152173996, 13.2639465332, 12.2161874771, 11.5740327835, 17.8563556671, 21.8643836975, 17.7495155334, 15.6583337784, 16.9350757599, 13.741733551, 13.744017601, 11.287153244, 9.99883079529, 9.1208190918, 7.45801544189, 8.88836860657, 6.02617883682, 4.71024084091, 3.83496427536, 3.23288440704, 2.52773594856, 1.70052981377, 0.916556715965, 0.492041617632, 0.19351388514, 0.0523505322635, 0.00928561389446, 0.00047945100232, 7.85362135503e-05], "max": [18.3149051666, 94.058921814, 163.897994995, 349.119506836, 353.423797607, 412.078552246, 525.531433105, 587.788879395, 454.655578613, 629.42364502, 736.557006836, 668.349975586, 673.605712891, 646.540100098, 742.009338379, 494.496704102, 566.831359863, 514.867797852, 585.824707031, 410.287078857, 423.101196289, 408.407012939, 399.220489502, 279.454681396, 281.719665527, 253.760742188, 421.19619751, 220.838150024, 209.971282959, 202.19152832, 178.97845459, 148.062774658, 80.1067810059, 45.5169563293, 31.297952652, 9.37121200562, 2.34290242195, 0.461455017328, 0.0337612554431, 0.00154788722284], "dmean2": [1.20492064953, 8.02663135529, 11.8124170303, 16.7861862183, 21.0716609955, 17.5995349884, 17.9622802734, 22.29920578, 18.4041976929, 23.2076854706, 17.4133548737, 18.3304653168, 11.3159294128, 12.7575063705, 15.2938632965, 18.5702362061, 23.7117137909, 17.2964363098, 17.352519989, 16.0832233429, 13.2521324158, 12.3624229431, 10.5431671143, 9.16266918182, 7.96209526062, 6.47035980225, 8.41305351257, 6.01618528366, 4.90517759323, 3.83446359634, 3.40530371666, 2.42918753624, 1.73488879204, 0.911328852177, 0.528767347336, 0.205381333828, 0.051759198308, 0.0100164543837, 0.000606745481491, 6.38623751001e-05], "median": [0.382202923298, 2.29368829727, 4.44470119476, 8.4907989502, 10.3429927826, 6.96411800385, 7.32994556427, 6.58973693848, 4.62484264374, 4.95979976654, 5.36105489731, 3.91290235519, 2.57811450958, 2.20606541634, 2.39166688919, 4.64951610565, 4.9882106781, 4.23741436005, 3.82713651657, 3.67485380173, 4.02032184601, 4.82759094238, 3.58432817459, 2.38313865662, 2.61401462555, 2.11123085022, 1.03514671326, 0.787460505962, 0.755226492882, 0.678620457649, 0.47428637743, 0.41098934412, 0.180278360844, 0.121708020568, 0.075115352869, 0.0286588706076, 0.0064698709175, 0.000780343601946, 5.46790179214e-05, 5.0061942602e-05], "dvar": [2.00532460213, 113.939720154, 263.985778809, 375.346710205, 649.886657715, 440.723358154, 547.724304199, 723.39074707, 628.955993652, 1072.39904785, 661.719848633, 1238.84790039, 356.346832275, 675.396118164, 1333.9095459, 957.490600586, 1204.48901367, 729.407836914, 815.674194336, 553.194335938, 510.221069336, 388.716094971, 429.970031738, 274.083496094, 198.038772583, 150.204177856, 401.01675415, 170.42124939, 148.797592163, 94.8157272339, 89.8219909668, 39.2402801514, 18.7103691101, 6.15566205978, 1.97413015366, 0.224207609892, 0.0160102359951, 0.000684302183799, 2.73055775324e-06, 5.0860227141e-09]}, "silence_rate_30dB": {"dvar2": 0.17559581995, "var": 0.133434295654, "min": 0, "dmean": 0.0900279283524, "mean": 0.84141933918, "max": 1, "dmean2": 0.180065721273, "median": 1, "dvar": 0.0819129273295}, "melbands_spread": {"dvar2": 138.608337402, "var": 181.426925659, "min": 0.176274046302, "dmean": 4.72212743759, "mean": 10.8599948883, "max": 212.302047729, "dmean2": 6.91838264465, "median": 6.3464846611, "dvar": 67.666053772}, "melbands_crest": {"dvar2": 35.0955505371, "var": 38.9409713745, "min": 2.95890426636, "dmean": 4.07053232193, "mean": 18.8001747131, "max": 39.7117996216, "dmean2": 6.65694618225, "median": 18.2154312134, "dvar": 14.1722393036}, "zerocrossingrate": {"dvar2": 0.000156030990183, "var": 0.000835289480165, "min": 0, "dmean": 0.00918611045927, "mean": 0.0340466164052, "max": 0.30029296875, "dmean2": 0.0104546742514, "median": 0.025390625, "dvar": 0.000132865869091}, "barkbands_kurtosis": {"dvar2": 2443.39257813, "var": 1413.01940918, "min": -1.91940319538, "dmean": 14.5400257111, "mean": 21.6622009277, "max": 785.664123535, "dmean2": 23.513463974, "median": 10.1582546234, "dvar": 945.91027832}, "spectral_flux": {"dvar2": 0.00559864379466, "var": 0.00728101655841, "min": 0.0001085126205, "dmean": 0.0442706868052, "mean": 0.118146926165, "max": 0.560389816761, "dmean2": 0.0687100291252, "median": 0.093327857554, "dvar": 0.00256608915515}, "barkbands_crest": {"dvar2": 23.6708049774, "var": 22.328748703, "min": 2.1800596714, "dmean": 3.26233053207, "mean": 13.3069839478, "max": 26.8271808624, "dmean2": 5.44877243042, "median": 13.0638027191, "dvar": 8.90705299377}, "barkbands_flatness_db": {"dvar2": 0.00280685746111, "var": 0.0110026076436, "min": 0.0176783073694, "dmean": 0.0371733307838, "mean": 0.221518442035, "max": 0.805027544498, "dmean2": 0.0540851280093, "median": 0.206266015768, "dvar": 0.00135336595122}, "spectral_entropy": {"dvar2": 0.18072065711, "var": 0.641121327877, "min": 3.40023612976, "dmean": 0.275605767965, "mean": 7.0447936058, "max": 9.07235717773, "dmean2": 0.395777583122, "median": 7.1441078186, "dvar": 0.0896665081382}, "pitch_salience": {"dvar2": 0.0229782480747, "var": 0.0195870287716, "min": 0.0168268997222, "dmean": 0.0975980311632, "mean": 0.493583351374, "max": 0.955866515636, "dmean2": 0.162876173854, "median": 0.506511032581, "dvar": 0.0084825726226}, "erbbands_spread": {"dvar2": 447.12411499, "var": 763.597595215, "min": 0.664065718651, "dmean": 11.7902297974, "mean": 43.9803237915, "max": 198.16116333, "dmean2": 17.5960559845, "median": 39.6119155884, "dvar": 218.98991394}, "dynamic_complexity": 2.82392644882, "spectral_contrast_valleys": {"dvar2": [0.364551007748, 0.484544545412, 0.391374081373, 0.381293058395, 0.276159644127, 0.283013701439], "var": [0.780800461769, 1.06066095829, 1.43286561966, 1.61476647854, 1.3526185751, 1.71193790436], "min": [-19.217508316, -19.1486530304, -18.4587841034, -18.5550804138, -18.2456989288, -19.6016902924], "dmean": [0.426270961761, 0.473057717085, 0.441311568022, 0.421613872051, 0.368108540773, 0.411129176617], "mean": [-6.51292991638, -7.052734375, -8.14480304718, -8.33710098267, -8.24245262146, -10.5890369415], "max": [-4.66157007217, -4.46690750122, -5.17204427719, -5.30982303619, -5.22237253189, -7.23738145828], "dmean2": [0.691340684891, 0.74895298481, 0.665093302727, 0.626980125904, 0.50997877121, 0.522766232491], "median": [-6.37426567078, -6.91695022583, -8.00310707092, -8.19365882874, -8.1192817688, -10.4954967499], "dvar": [0.155902579427, 0.209747880697, 0.187225490808, 0.188556998968, 0.151477098465, 0.172372221947]}, "hfc": {"dvar2": 495.78527832, "var": 582.467102051, "min": 4.64224783059e-08, "dmean": 7.46647548676, "mean": 17.4533233643, "max": 287.632476807, "dmean2": 10.5833015442, "median": 11.2903671265, "dvar": 285.758117676}, "spectral_kurtosis": {"dvar2": 540.300354004, "var": 697.645874023, "min": -1.23781490326, "dmean": 4.08565378189, "mean": 9.54560375214, "max": 936.029663086, "dmean2": 6.54074192047, "median": 4.9109826088, "dvar": 206.168670654}, "mfcc": {"mean": [-684.86328125, 139.056838989, 29.0533695221, 42.1828536987, 21.7218418121, 13.3304586411, 3.44276785851, 4.40112876892, -2.14857840538, 3.88786387444, 1.52216565609, 4.15268564224, -0.185911208391], "cov": [[9322.29882813, -1704.55273438, -1918.41625977, -1104.24890137, -620.835083008, 51.6445732117, -90.6603240967, -23.2026195526, 132.974533081, 159.932937622, 67.5952148438, 188.05531311, 47.7796516418], [-1704.55273438, 2174.77709961, 16.1045818329, -156.48475647, -20.2661075592, -188.359069824, 52.704574585, 69.2440643311, 15.8397607803, 56.7666320801, 81.5519714355, 9.39301776886, 41.8915061951], [-1918.41625977, 16.1045818329, 1349.02685547, 402.905578613, 223.598434448, 68.544921875, 5.12893247604, -7.11120033264, -25.0353832245, -54.5879631042, 1.83904480934, -45.6901130676, -43.8471221924], [-1104.24890137, -156.48475647, 402.905578613, 724.992980957, 197.574493408, 60.1176948547, -0.987727224827, -5.71321582794, -39.5204429626, -47.2425498962, -50.0585021973, -29.4999103546, -7.73706769943], [-620.835083008, -20.2661075592, 223.598434448, 197.574493408, 323.456634521, 78.8407363892, -5.4900188446, -28.6872577667, -18.0048542023, -8.95716762543, -16.3357639313, -22.562166214, -9.63859462738], [51.6445732117, -188.359069824, 68.544921875, 60.1176948547, 78.8407363892, 242.463012695, 63.4301719666, 25.1053256989, 22.8884105682, -21.0281677246, -0.351429015398, 5.96392679214, -25.32371521], [-90.6603240967, 52.704574585, 5.12893247604, -0.987727224827, -5.4900188446, 63.4301719666, 183.970062256, 84.1861190796, 23.569524765, 7.6652803421, 7.59023332596, 12.7789735794, 6.97878360748], [-23.2026195526, 69.2440643311, -7.11120033264, -5.71321582794, -28.6872577667, 25.1053256989, 84.1861190796, 160.511993408, 57.0258789063, 8.28443431854, 12.7936754227, 6.58385467529, 16.7612018585], [132.974533081, 15.8397607803, -25.0353832245, -39.5204429626, -18.0048542023, 22.8884105682, 23.569524765, 57.0258789063, 133.341766357, 46.0689430237, 17.6771259308, 18.2250003815, 10.3335132599], [159.932937622, 56.7666320801, -54.5879631042, -47.2425498962, -8.95716762543, -21.0281677246, 7.6652803421, 8.28443431854, 46.0689430237, 127.93649292, 58.4019546509, 24.0566482544, 18.5354576111], [67.5952148438, 81.5519714355, 1.83904480934, -50.0585021973, -16.3357639313, -0.351429015398, 7.59023332596, 12.7936754227, 17.6771259308, 58.4019546509, 122.350952148, 47.8419380188, 10.7203712463], [188.05531311, 9.39301776886, -45.6901130676, -29.4999103546, -22.562166214, 5.96392679214, 12.7789735794, 6.58385467529, 18.2250003815, 24.0566482544, 47.8419380188, 119.29486084, 50.4698448181], [47.7796516418, 41.8915061951, -43.8471221924, -7.73706769943, -9.63859462738, -25.32371521, 6.97878360748, 16.7612018585, 10.3335132599, 18.5354576111, 10.7203712463, 50.4698448181, 101.42111969]], "icov": [[0.000237263389863, 0.000193500018213, 0.000233158876654, 0.000211703430978, 0.000185519180377, -0.000114183669211, 0.000137349779834, -2.66811221081e-05, -3.77663345716e-05, -0.000174449160113, 4.66926485387e-06, -0.000199527610675, 4.38570277765e-05], [0.000193500018213, 0.000696347735357, 0.000153146451339, 0.000293489050819, -2.39121673076e-05, 0.00043754975195, -0.000138488190714, -0.000199905916816, -3.92602814827e-05, -9.28620356717e-05, -0.000356795702828, -3.37874553225e-05, -6.51385853416e-05], [0.000233158876654, 0.000153146451339, 0.00120223686099, -0.000234208084294, -0.000224827148486, -9.0101340902e-05, 7.67771925894e-05, 8.29126656754e-06, -0.000184270553291, 0.000293663557386, -0.000534966937266, 4.15713730035e-05, 0.00027924333699], [0.000211703430978, 0.000293489050819, -0.000234208084294, 0.00213634734973, -0.000692386063747, -0.000123440695461, 0.000193318977836, -0.000399044249207, 0.000414696609369, -0.000118073810881, 0.0006140457117, -0.000260092492681, -0.0001593658817], [0.000185519180377, -2.39121673076e-05, -0.000224827148486, -0.000692386063747, 0.00453788693994, -0.00166120100766, 0.000407163868658, 0.000814084836747, 0.000277297658613, -0.000884755456354, 0.000346335960785, 0.000530882098246, -0.000540965877008], [-0.000114183669211, 0.00043754975195, -9.0101340902e-05, -0.000123440695461, -0.00166120100766, 0.00612896541134, -0.00221590697765, 1.08784806798e-05, -0.00136213912629, 0.00163344724569, -0.000748882244807, -0.000836519815493, 0.00168352643959], [0.000137349779834, -0.000138488190714, 7.67771925894e-05, 0.000193318977836, 0.000407163868658, -0.00221590697765, 0.00814212206751, -0.00414286321029, 0.0011355781462, -0.00118972535711, 0.000812623824459, -0.000889655784704, 0.000108800122689], [-2.66811221081e-05, -0.000199905916816, 8.29126656754e-06, -0.000399044249207, 0.000814084836747, 1.08784806798e-05, -0.00414286321029, 0.010207215324, -0.00406837649643, 0.00168940133881, -0.00140374235343, 0.00159950356465, -0.00179525627755], [-3.77663345716e-05, -3.92602814827e-05, -0.000184270553291, 0.000414696609369, 0.000277297658613, -0.00136213912629, 0.0011355781462, -0.00406837649643, 0.010866667144, -0.00431548291817, 0.00155884830747, -0.00127336161677, 0.000416833645431], [-0.000174449160113, -9.28620356717e-05, 0.000293663557386, -0.000118073810881, -0.000884755456354, 0.00163344724569, -0.00118972535711, 0.00168940133881, -0.00431548291817, 0.0125176003203, -0.00582072371617, 0.00125059112906, -0.00149012927432], [4.66926485387e-06, -0.000356795702828, -0.000534966937266, 0.0006140457117, 0.000346335960785, -0.000748882244807, 0.000812623824459, -0.00140374235343, 0.00155884830747, -0.00582072371617, 0.0132027976215, -0.00517218979076, 0.00206594914198], [-0.000199527610675, -3.37874553225e-05, 4.15713730035e-05, -0.000260092492681, 0.000530882098246, -0.000836519815493, -0.000889655784704, 0.00159950356465, -0.00127336161677, 0.00125059112906, -0.00517218979076, 0.0135987689719, -0.00657467078418], [4.38570277765e-05, -6.51385853416e-05, 0.00027924333699, -0.0001593658817, -0.000540965877008, 0.00168352643959, 0.000108800122689, -0.00179525627755, 0.000416833645431, -0.00149012927432, 0.00206594914198, -0.00657467078418, 0.0139160593972]]}, "silence_rate_20dB": {"dvar2": 0.00164218794089, "var": 0.000273673271295, "min": 0, "dmean": 0.000547615112737, "mean": 0.999726235867, "max": 1, "dmean2": 0.00109529029578, "median": 1, "dvar": 0.00054731045384}, "melbands_kurtosis": {"dvar2": 10928.5078125, "var": 7212.93945313, "min": -1.6731210947, "dmean": 31.183467865, "mean": 50.9453392029, "max": 1669.83825684, "dmean2": 49.5102767944, "median": 25.4495697021, "dvar": 4526.24121094}, "barkbands_spread": {"dvar2": 92.5602645874, "var": 171.616668701, "min": 0.154063075781, "dmean": 5.02572154999, "mean": 13.0702114105, "max": 100.214828491, "dmean2