{"tonal": {"thpcp": [1, 0.776647627354, 0.370770543814, 0.285288184881, 0.221079856157, 0.284001737833, 0.543553829193, 0.542180657387, 0.319766849279, 0.221094325185, 0.164358586073, 0.331419378519, 0.587274253368, 0.461115241051, 0.371655464172, 0.487029731274, 0.347294807434, 0.210598662496, 0.229467004538, 0.212063580751, 0.359232485294, 0.716531515121, 0.635942816734, 0.319297492504, 0.226864114404, 0.173480987549, 0.18819257617, 0.268802583218, 0.267074733973, 0.197987601161, 0.160740360618, 0.129153564572, 0.206999793649, 0.382503986359, 0.365452170372, 0.566526889801], "hpcp": {"dmean2": [0.134604811668, 0.127319380641, 0.114999122918, 0.10245206207, 0.0880648344755, 0.1233516559, 0.195943638682, 0.202407568693, 0.246615052223, 0.275990486145, 0.292377382517, 0.233441770077, 0.18302154541, 0.152143090963, 0.167587608099, 0.21860024333, 0.229428768158, 0.192026421428, 0.14004676044, 0.121563896537, 0.175277620554, 0.234984904528, 0.207410410047, 0.189623117447, 0.203528106213, 0.167148917913, 0.127246797085, 0.156809359789, 0.157371759415, 0.191423252225, 0.278367727995, 0.261562734842, 0.169849395752, 0.137219533324, 0.117732338607, 0.125148132443], "median": [0.0413971543312, 0.0467319339514, 0.033369705081, 0.0230901911855, 0.0175496973097, 0.0396023318172, 0.0802886635065, 0.0772370249033, 0.104835562408, 0.206376284361, 0.206565633416, 0.050181902945, 0.0248263385147, 0.022449683398, 0.0441138595343, 0.0869274139404, 0.0944878980517, 0.0436594262719, 0.0209747366607, 0.017651328817, 0.0548993423581, 0.0977020561695, 0.0831183493137, 0.0469126552343, 0.0380420088768, 0.0331720113754, 0.0251752100885, 0.0261010155082, 0.0238539725542, 0.058183722198, 0.143468886614, 0.138512358069, 0.0525669455528, 0.0313991010189, 0.0260040666908, 0.0300064459443], "min": [0, 0, 0, 0, 0, 0, 0, 0, 0, 0, 0, 0, 0, 0, 0, 0, 0, 0, 0, 0, 0, 0, 0, 0, 0, 0, 0, 0, 0, 0, 0, 0, 0, 0, 0, 0], "dvar2": [0.0543366670609, 0.0468827337027, 0.0431713461876, 0.0451919622719, 0.0378801673651, 0.0476958081126, 0.0816968083382, 0.0866096541286, 0.102381274104, 0.126810654998, 0.103992909193, 0.10775295645, 0.0905617699027, 0.0766003280878, 0.0718852430582, 0.0907388180494, 0.0895870029926, 0.0946562290192, 0.0725311785936, 0.060651961714, 0.0748208463192, 0.0991883054376, 0.0855388119817, 0.0840723291039, 0.107731290162, 0.0762974992394, 0.0503424331546, 0.0804766044021, 0.0797509998083, 0.0746342241764, 0.107915535569, 0.0975393354893, 0.0671550184488, 0.0557116121054, 0.0468909591436, 0.0577760785818], "dvar": [0.0209622997791, 0.0182308442891, 0.0160352196544, 0.0168913826346, 0.0139070143923, 0.0173916276544, 0.0309991966933, 0.032072879374, 0.0368117019534, 0.0537657961249, 0.0412717610598, 0.0427731871605, 0.0354453362525, 0.0282081384212, 0.0260192863643, 0.0364542603493, 0.0359120294452, 0.0356855876744, 0.0275033358485, 0.0219314265996, 0.0285265948623, 0.0433204658329, 0.033827342093, 0.034119758755, 0.0469992347062, 0.0289312340319, 0.0202183313668, 0.0317516177893, 0.0302136577666, 0.0293982569128, 0.0478492751718, 0.0401575006545, 0.0267259087414, 0.0216019470245, 0.0175913013518, 0.021542172879], "dmean": [0.0781022757292, 0.0745174065232, 0.0662954896688, 0.0586126334965, 0.0513570979238, 0.0709808915854, 0.115353919566, 0.11756516993, 0.141898170114, 0.161767289042, 0.174118921161, 0.137088656425, 0.104366399348, 0.0859706327319, 0.0964975729585, 0.129444420338, 0.135962039232, 0.110072769225, 0.0799326002598, 0.068865917623, 0.102880932391, 0.140689969063, 0.123705029488, 0.1105915308, 0.118846677244, 0.0978527218103, 0.0750422850251, 0.089546225965, 0.0896031931043, 0.113834924996, 0.167820066214, 0.157602727413, 0.0995998010039, 0.0802721083164, 0.0681817978621, 0.071501545608], "max": [1, 1, 1, 1, 1, 1, 1, 1, 1, 1, 1, 1, 1, 1, 1, 1, 1, 1, 1, 1, 1, 1, 1, 1, 1, 1, 1, 1, 1, 1, 1, 1, 1, 1, 1, 1], "var": [0.0312129836529, 0.0312510915101, 0.0168861523271, 0.0168498624116, 0.012598589994, 0.0162064321339, 0.0383161343634, 0.0355378612876, 0.0594363510609, 0.152488231659, 0.0834590569139, 0.0498134419322, 0.0480566434562, 0.0304758697748, 0.0287804510444, 0.0817392244935, 0.0749974474311, 0.0437837466598, 0.0354283563793, 0.0193861536682, 0.0357029177248, 0.0882557034492, 0.0559790767729, 0.0516514144838, 0.0960588529706, 0.0522725358605, 0.0236725062132, 0.0340845175087, 0.0271585956216, 0.0405863896012, 0.0971960127354, 0.0728518888354, 0.0350652486086, 0.0252540614456, 0.0152584975585, 0.0181312523782], "mean": [0.106032244861, 0.105350680649, 0.0780984684825, 0.0634058713913, 0.0509461015463, 0.0816534310579, 0.150883063674, 0.144156783819, 0.223473012447, 0.394461423159, 0.30635753274, 0.1462546736, 0.112535178661, 0.0872074738145, 0.112027727067, 0.214411005378, 0.213869348168, 0.126135692, 0.0872131809592, 0.0648331195116, 0.130732163787, 0.231657028198, 0.181892171502, 0.146603748202, 0.192114442587, 0.136994406581, 0.0830730497837, 0.0905158817768, 0.0836509019136, 0.141703352332, 0.282644033432, 0.25085490942, 0.125950545073, 0.0894891396165, 0.0684315562248, 0.0742347091436]}, "tuning_equal_tempered_deviation": 0.107425764203, "chords_changes_rate": 0.0385551936924, "key_key": "C", "tuning_diatonic_strength": 0.660884261131, "key_scale": "major", "chords_number_rate": 0.00365259731188, "tuning_frequency": 436.204162598, "tuning_nontempered_energy_ratio": 0.753169834614, "chords_histogram": [54.9107131958, 5.31655836105, 14.0422077179, 0, 0.202922075987, 0, 1.05519485474, 2.96266222, 0, 0.487012982368, 0, 0, 0, 0, 0, 0.0405844151974, 0, 1.74512982368, 0.608766257763, 0.446428567171, 0, 6.89935064316, 9.94318199158, 1.33928573132], "key_strength": 0.807986915112, "chords_key": "C", "chords_strength": {"dmean2": 0.00955981854349, "median": 0.545214474201, "min": -1, "dvar2": 0.00158934248611, "dvar": 0.000823287991807, "dmean": 0.0094017572701, "max": 0.734078645706, "var": 0.0334010832012, "mean": 0.524436950684}, "chords_scale": "major", "hpcp_entropy": {"dmean2": 0.988147675991, "median": 2.02218294144, "min": 0, "dvar2": 0.67566126585, "dvar": 0.262885123491, "dmean": 0.601265966892, "max": 4.25071001053, "var": 0.578451275826, "mean": 1.98603188992}}, "metadata": {"audio_properties": {"equal_loudness": 0, "codec": "flac", "downmix": "mix", "sample_rate": 44100, "analysis_sample_rate": 44100, "bit_rate": 0, "md5_encoded": "66915a51926fe7cb91132c62c239b976", "length": 114.36000061, "replay_gain": -10.3790893555, "lossless": true}, "version": {"essentia_build_sha": "70f2e5ece6736b2c40cc944ad0e695b16b925413", "essentia": "2.1-beta2", "extractor": "music 1.0", "essentia_git_sha": "v2.1_beta2"}, "tags": {"title": ["And Your Bird Can Sing"], "barcode": ["602498325728"], "media": ["CD"], "albumartist": ["The Jam"], "tracktotal": ["23"], "language": ["eng"], "releasetype": ["album", "compilation"], "musicbrainz_recordingid": ["4149c4ae-3684-48d8-a74c-1fd275a864b1"], "musicbrainz_workid": ["3911c0ca-0a63-3154-b5dd-947eddc1e161"], "mood": ["Unknown"], "musicbrainz_albumartistid": ["23228f18-01d5-493e-94ce-cfcde82a8db2"], "musicbrainz_discid": ["nIljApvkF5Gag2bN6MHO3Mc5LXE-"], "originalyear": ["2005"], "musicbrainz_releasegroupid": ["7a60a87e-c8ba-4f1b-a5b2-9721cd871fdf"], "discnumber": ["2"], "catalognumber": ["0602498325728"], "releasecountry": ["XE"], "writer": ["John Lennon", "Paul McCartney"], "file_name": "2-12 And Your Bird Can Sing.flac", "originaldate": ["2005-11-15"], "work": ["And Your Bird Can Sing"], "date": ["2005-11-15"], "genre": ["New Wave", "Rock", "Post Punk"], "musicbrainz_albumid": ["f1da48e0-97cc-404a-bdbc-699434acc027"], "disctotal": ["2"], "albumartistsort": ["Jam, The"], "releasestatus": ["official"], "musicbrainz_artistid": ["23228f18-01d5-493e-94ce-cfcde82a8db2"], "asin": ["B000ASTEF4"], "grouping": ["Punk"], "musicbrainz_releasetrackid": ["3a736f91-e5bb-3d3d-bd2c-c5f952d4c577"], "artist": ["The Jam"], "tracknumber": ["12"], "artistsort": ["Jam, The"], "album": ["Gold"], "label": ["Polydor"], "totaltracks": ["23"], "totaldiscs": ["2"], "script": ["Latn"], "acoustid_id": ["a615e6b4-00d8-47e3-909d-67e7d68c767e"]}}, "rhythm": {"bpm_histogram_first_peak_bpm": {"dmean2": 0, "median": 144, "min": 144, "dvar2": 0, "dvar": 0, "dmean": 0, "max": 144, "var": 0, "mean": 144}, "bpm": 145.409500122, "bpm_histogram_second_peak_spread": {"dmean2": 0, "median": 0, "min": 0, "dvar2": 0, "dvar": 0, "dmean": 0, "max": 0, "var": 0, "mean": 0}, "bpm_histogram_first_peak_weight": {"dmean2": 0, "median": 0.433333337307, "min": 0.433333337307, "dvar2": 0, "dvar": 0, "dmean": 0, "max": 0.433333337307, "var": 0, "mean": 0.433333337307}, "onset_rate": 3.3222155571, "beats_position": [0.359909296036, 0.743038535118, 1.13777780533, 1.53251695633, 1.92725622654, 2.34521532059, 2.76317453384, 3.1811337471, 3.59909296036, 4.01705217361, 4.43501138687, 4.86458063126, 5.28253936768, 5.70049858093, 6.11845779419, 6.53641700745, 6.9543762207, 7.37233543396, 7.80190467834, 8.2198638916, 8.63782310486, 9.05578231812, 9.46213150024, 9.86848068237, 10.2864398956, 10.7043991089, 11.1339683533, 11.5519275665, 11.9698867798, 12.3994560242, 12.8174142838, 13.235373497, 13.6533327103, 14.0712919235, 14.4892511368, 14.90721035, 15.301949501, 15.7199087143, 16.1378688812, 16.5558280945, 16.9621772766, 17.3801364899, 17.7980957031, 18.2044448853, 18.6107940674, 19.0171432495, 19.4234924316, 19.8298416138, 20.2361907959, 20.6541500092, 21.0721092224, 21.4784584045, 21.8964176178, 22.3143768311, 22.7323360443, 23.1386852264, 23.5450344086, 23.9513835907, 24.369342804, 24.7756919861, 25.1820411682, 25.5883903503, 26.0063495636, 26.4243087769, 26.8422679901, 27.2602272034, 27.6665763855, 28.0729255676, 28.4792747498, 28.8856239319, 29.3035831451, 29.7099323273, 30.1162815094, 30.5342407227, 30.9405899048, 31.3469390869, 31.753288269, 32.1596374512, 32.5659866333, 32.9723358154, 33.3786849976, 33.7850341797, 34.1913833618, 34.5977325439, 35.0156898499, 35.422039032, 35.8283882141, 36.2463493347, 36.6526985168, 37.059047699, 37.4770050049, 37.8949661255, 38.3013153076, 38.7076644897, 39.1256217957, 39.5319709778, 39.9383201599, 40.3562812805, 40.7626304626, 41.1805877686, 41.5869369507, 41.9932861328, 42.3996353149, 42.8175964355, 43.2355537415, 43.6535148621, 44.071472168, 44.4894332886, 44.8957824707, 45.3021316528, 45.7200889587, 46.1380500793, 46.5443992615, 46.9507484436, 47.3687057495, 47.7750549316, 48.1814041138, 48.5877532959, 48.994102478, 49.4004516602, 49.8068008423, 50.2247619629, 50.6427192688, 51.0606803894, 51.4670295715, 51.8733787537, 52.2913360596, 52.7092971802, 53.1272544861, 53.5336036682, 53.9399528503, 54.3579139709, 54.7758712769, 55.1938323975, 55.6117897034, 56.029750824, 56.4477081299, 56.8656692505, 57.2836265564, 57.701587677, 58.1079368591, 58.525894165, 58.9322433472, 59.3502044678, 59.7565536499, 60.1745109558, 60.5924720764, 61.0104293823, 61.4283905029, 61.8463478088, 62.2643089294, 62.6706581116, 63.0770072937, 63.4833564758, 63.889705658, 64.2960510254, 64.6907958984, 65.0855331421, 65.5034942627, 65.9214477539, 66.327796936, 66.7341461182, 67.1521072388, 67.5700683594, 67.98802948, 68.4059829712, 68.8239440918, 69.2302932739, 69.6366424561, 70.0546035767, 70.4725646973, 70.8905181885, 71.2968673706, 71.7032165527, 72.1095657349, 72.515914917, 72.91065979, 73.3518371582, 73.7814025879, 74.1993637085, 74.6173248291, 75.0468902588, 75.4648513794, 75.8828125, 76.3123779297, 76.7419509888, 77.15990448, 77.5662536621, 77.9726028442, 78.3905639648, 78.8085250854, 79.2264862061, 79.6328353882, 80.0507888794, 80.4571380615, 80.8750991821, 81.2930603027, 81.7110214233, 82.1173706055, 82.5237197876, 82.9416732788, 83.3480224609, 83.7543716431, 84.1723327637, 84.5786819458, 84.9850311279, 85.4029922485, 85.8093414307, 86.2156906128, 86.6336517334, 87.0400009155, 87.4579544067, 87.8643035889, 88.270652771, 88.6770019531, 89.0833511353, 89.4897003174, 89.907661438, 90.3140106201, 90.7203598022, 91.1383209229, 91.544670105, 91.9510192871, 92.3689804077, 92.7869338989, 93.1932830811, 93.5996322632, 94.0175933838, 94.4239425659, 94.830291748, 95.2482528687, 95.6546020508, 96.0609512329, 96.4789123535, 96.8968658447, 97.3148269653, 97.7327880859, 98.1391372681, 98.5454864502, 98.9518356323, 99.346572876, 99.7529220581, 100.15927124, 100.565620422, 100.960357666, 101.355102539, 101.761451721, 102.167800903, 102.574150085, 102.980499268, 103.38684845, 103.793197632, 104.199546814, 104.605895996, 105.012245178, 105.511474609, 106.010704041, 106.509933472, 107.009155273, 107.508384705, 107.996009827, 108.56489563, 109.133781433, 109.702674866, 110.25995636, 110.817230225, 111.374511719, 111.943397522, 112.512290955, 113.116004944, 113.719726562], "beats_loudness": {"dmean2": 0.0160443075001, "median": 0.031923353672, "min": 0, "dvar2": 0.000150094158016, "dvar": 5.1419949159e-05, "dmean": 0.00929367076606, "max": 0.0579814240336, "var": 0.000126269267639, "mean": 0.0306058432907}, "danceability": 1.08691000938, "bpm_histogram_second_peak_weight": {"dmean2": 0, "median": 0.037037037313, "min": 0.037037037313, "dvar2": 0, "dvar": 0, "dmean": 0, "max": 0.037037037313, "var": 0, "mean": 0.037037037313}, "beats_count": 271, "bpm_histogram_second_peak_bpm": {"dmean2": 0, "median": 152, "min": 152, "dvar2": 0, "dvar": 0, "dmean": 0, "max": 152, "var": 0, "mean": 152}, "bpm_histogram_first_peak_spread": {"dmean2": 0, "median": 0.516528904438, "min": 0.516528904438, "dvar2": 0, "dvar": 0, "dmean": 0, "max": 0.516528904438, "var": 0, "mean": 0.516528904438}, "beats_loudness_band_ratio": {"dmean2": [0.350345134735, 0.223577097058, 0.182266965508, 0.138762772083, 0.157490864396, 0.163222417235], "median": [0.31335029006, 0.11506588012, 0.140092685819, 0.068484723568, 0.124148651958, 0.102686218917], "min": [0, 0, 0, 0, 0, 0], "dvar2": [0.0851912721992, 0.0246000867337, 0.0205625165254, 0.0221905782819, 0.0184152591974, 0.0410194322467], "dvar": [0.0263576768339, 0.007556442637, 0.00869954470545, 0.00751495081931, 0.00671623181552, 0.0150194894522], "dmean": [0.196736529469, 0.120784550905, 0.107032373548, 0.0788561403751, 0.0924213677645, 0.0922157764435], "max": [0.927259683609, 0.496154874563, 0.75387108326, 0.480465501547, 0.613882958889, 0.924424052238], "var": [0.0351926311851, 0.00977122038603, 0.0160022322088, 0.00755549455062, 0.0104952817783, 0.0126668987796], "mean": [0.344492822886, 0.135670885444, 0.172159701586, 0.100215286016, 0.150678724051, 0.124694779515]}}, "lowlevel": {"barkbands_spread": {"dmean2": 8.35220909119, "median": 34.0480613708, "min": 4.01332330704, "dvar2": 76.2203292847, "dvar": 39.9661254883, "dmean": 5.93211841583, "max": 122.876655579, "var": 197.91557312, "mean": 35.2879753113}, "melbands_spread": {"dmean2": 13.0262432098, "median": 37.2175216675, "min": 2.92600870132, "dvar2": 206.495010376, "dvar": 112.745651245, "dmean": 8.95809459686, "max": 228.33152771, "var": 672.64855957, "mean": 42.4494361877}, "hfc": {"dmean2": 9.09685993195, "median": 24.5566101074, "min": 1.0901936071e-16, "dvar2": 168.120285034, "dvar": 124.578208923, "dmean": 7.33984231949, "max": 331.713470459, "var": 728.382080078, "mean": 29.5229129791}, "barkbands_kurtosis": {"dmean2": 1.38671123981, "median": -0.488844394684, "min": -1.94182014465, "dvar2": 4.78495025635, "dvar": 1.97768700123, "dmean": 0.894933402538, "max": 36.0098457336, "var": 7.56266403198, "mean": 0.388555705547}, "gfcc": {"mean": [-0.423278808594, 73.7858352661, -125.556602478, 37.8994865417, -51.6114768982, 11.921833992, -34.6537475586, 16.6947364807, -13.0920448303, 3.9661898613, -15.5212240219, 0.559225261211, -13.4071083069], "icov": [[0.000326166686136, -0.000661336118355, 0.000824221991934, -0.000983012840152, 0.000706705148332, -0.00103154429235, 0.00103716470767, -0.00103944982402, 0.00124625919852, -0.00155331124552, 0.00179758481681, -0.00139050919097, 0.00112804945093], [-0.000661336118355, 0.00313491863199, -0.000686995859724, 0.00237451167777, -0.00193360296544, 0.00220540352166, -0.00250613573007, 0.00223384960555, -0.00291919359006, 0.00478557450697, -0.00482273288071, 0.00357951642945, -0.00229105190374], [0.000824221991934, -0.000686995859724, 0.00392153766006, -0.00201053242199, 0.00123364280444, -0.00325467414223, 0.00199656211771, -0.00159332330804, 0.0028908601962, -0.00338639575057, 0.00496528111398, -0.00483183423057, 0.00304589187726], [-0.000983012840152, 0.00237451167777, -0.00201053242199, 0.0069930171594, -0.00145012291614, 0.001598744886, -0.00164582033176, 0.00289291865192, -0.0047319252044, 0.00614522350952, -0.00680298637599, 0.00626294966787, -0.0054460382089], [0.000706705148332, -0.00193360296544, 0.00123364280444, -0.00145012291614, 0.00571285234764, -0.000793356099166, 0.0014583269367, -0.00275023747236, 0.0031502333004, -0.00491412077099, 0.00298428023234, -0.00290332711302, 0.00228273449466], [-0.00103154429235, 0.00220540352166, -0.00325467414223, 0.001598744886, -0.000793356099166, 0.0106788929552, -0.00517595000565, 0.00304309721105, -0.00247174850665, 0.00343941524625, -0.00655743200332, 0.00260270340368, -0.000830357777886], [0.00103716470767, -0.00250613573007, 0.00199656211771, -0.00164582033176, 0.0014583269367, -0.00517595000565, 0.0122564695776, -0.00702289119363, 0.00290839956142, -0.00271860742941, 0.00156513752881, 4.91393548145e-05, 0.00100069807377], [-0.00103944982402, 0.00223384960555, -0.00159332330804, 0.00289291865192, -0.00275023747236, 0.00304309721105, -0.00702289119363, 0.0147136421874, -0.00688676256686, 0.001920158742, -0.00143655447755, -0.00122653029393, -0.00210339366458], [0.00124625919852, -0.00291919359006, 0.0028908601962, -0.0047319252044, 0.0031502333004, -0.00247174850665, 0.00290839956142, -0.00688676256686, 0.0161520149559, -0.0093872146681, 0.00587456207722, -0.00180897454266, -0.000741491792724], [-0.00155331124552, 0.00478557450697, -0.00338639575057, 0.00614522350952, -0.00491412077099, 0.00343941524625, -0.00271860742941, 0.001920158742, -0.0093872146681, 0.0241394229233, -0.0132635757327, 0.00557294348255, -0.00343497795984], [0.00179758481681, -0.00482273288071, 0.00496528111398, -0.00680298637599, 0.00298428023234, -0.00655743200332, 0.00156513752881, -0.00143655447755, 0.00587456207722, -0.0132635757327, 0.025665352121, -0.0131194023415, 0.00498546706513], [-0.00139050919097, 0.00357951642945, -0.00483183423057, 0.00626294966787, -0.00290332711302, 0.00260270340368, 4.91393548145e-05, -0.00122653029393, -0.00180897454266, 0.00557294348255, -0.0131194023415, 0.024529626593, -0.0107428533956], [0.00112804945093, -0.00229105190374, 0.00304589187726, -0.0054460382089, 0.00228273449466, -0.000830357777886, 0.00100069807377, -0.00210339366458, -0.000741491792724, -0.00343497795984, 0.00498546706513, -0.0107428533956, 0.0208335258067]], "cov": [[34006.234375, 1234.30187988, -2971.57006836, 1238.53320312, -1403.87329102, 694.611572266, -1056.93469238, 336.811859131, -573.285827637, 85.8048477173, -516.121154785, 52.1622085571, -536.922607422], [1234.30187988, 1233.12072754, -720.141784668, 34.48279953, 99.227432251, -142.312240601, 133.008956909, -9.17029094696, 99.5866699219, -93.3293380737, 86.1361236572, -134.832092285, 57.2316207886], [-2971.57006836, -720.141784668, 1116.18493652, -154.611938477, 47.763507843, 130.798675537, -24.210439682, -24.9924850464, -88.0602416992, 47.4035339355, -36.1015167236, 131.526824951, -42.1377716064], [1238.53320312, 34.48279953, -154.611938477, 373.954650879, -108.072219849, 36.8138542175, -28.5248336792, -20.8990726471, 43.9014663696, -31.7542114258, 15.5522098541, -41.8570137024, 40.6801567078], [-1403.87329102, 99.227432251, 47.763507843, -108.072219849, 331.08682251, -62.3637313843, 64.7495574951, 30.2412929535, 21.2110099792, 34.0598487854, 37.7298202515, 11.11668396, 15.9463939667], [694.611572266, -142.312240601, 130.798675537, 36.8138542175, -62.3637313843, 201.303833008, 6.25719118118, 6.35098457336, -37.2694282532, 19.0454483032, 8.42169094086, 31.7532863617, -31.3906669617], [-1056.93469238, 133.008956909, -24.210439682, -28.5248336792, 64.7495574951, 6.25719118118, 198.039199829, 47.4153900146, 54.9638710022, -0.927954733372, 49.9241333008, -21.4760360718, 35.1502799988], [336.811859131, -9.17029094696, -24.9924850464, -20.8990726471, 30.2412929535, 6.35098457336, 47.4153900146, 140.350616455, 41.6392021179, 34.8443260193, -1.31073522568, 29.8065090179, 10.6879787445], [-573.285827637, 99.5866699219, -88.0602416992, 43.9014663696, 21.2110099792, -37.2694282532, 54.9638710022, 41.6392021179, 152.135543823, 19.8724441528, 28.5047168732, -21.064447403, 55.10572052], [85.8048477173, -93.3293380737, 47.4035339355, -31.7542114258, 34.0598487854, 19.0454483032, -0.927954733372, 34.8443260193, 19.8724441528, 93.7801971436, 21.6711273193, 30.0984477997, -3.04699230194], [-516.121154785, 86.1361236572, -36.1015167236, 15.5522098541, 37.7298202515, 8.42169094086, 49.9241333008, -1.31073522568, 28.5047168732, 21.6711273193, 104.341842651, 15.8415441513, 28.2202854156], [52.1622085571, -134.832092285, 131.526824951, -41.8570137024, 11.11668396, 31.7532863617, -21.4760360718, 29.8065090179, -21.064447403, 30.0984477997, 15.8415441513, 104.094711304, 10.3641042709], [-536.922607422, 57.2316207886, -42.1377716064, 40.6801567078, 15.9463939667, -31.3906669617, 35.1502799988, 10.6879787445, 55.10572052, -3.04699230194, 28.2202854156, 10.3641042709, 96.6025085449]]}, "spectral_energyband_middle_low": {"dmean2": 0.00422369502485, "median": 0.00587991764769, "min": 1.50045812281e-22, "dvar2": 3.60643425665e-05, "dvar": 1.55736215675e-05, "dmean": 0.00277962279506, "max": 0.0626104697585, "var": 4.22693956352e-05, "mean": 0.00784457474947}, "melbands_crest": {"dmean2": 4.08249425888, "median": 12.126543045, "min": 1.54147958755, "dvar2": 18.0080890656, "dvar": 7.76818704605, "dmean": 2.59548592567, "max": 35.1888542175, "var": 24.7538032532, "mean": 12.7389087677}, "spectral_kurtosis": {"dmean2": 1.89579868317, "median": 3.35929250717, "min": -1.24977600574, "dvar2": 5.75981616974, "dvar": 2.0503475666, "dmean": 1.17435109615, "max": 21.8914642334, "var": 6.35035181046, "mean": 3.87970066071}, "spectral_rms": {"dmean2": 0.000812053796835, "median": 0.00479982420802, "min": 3.13591145239e-12, "dvar2": 7.71971485847e-07, "dvar": 3.67059072914e-07, "dmean": 0.000551225268282, "max": 0.00862995348871, "var": 2.3359430088e-06, "mean": 0.00456344056875}, "zerocrossingrate": {"dmean2": 0.0124121587723, "median": 0.07763671875, "min": 0.0068359375, "dvar2": 0.000200911425054, "dvar": 0.000168526981724, "dmean": 0.0114114675671, "max": 0.525390625, "var": 0.00422918563709, "mean": 0.0906858295202}, "silence_rate_60dB": {"dmean2": 0.00568527914584, "median": 0, "min": 0, "dvar2": 0.0068712295033, "dvar": 0.00283399014734, "dmean": 0.00284206261858, "max": 1, "var": 0.0503489933908, "mean": 0.0531763732433}, "erbbands_kurtosis": {"dmean2": 1.18639552593, "median": -0.0880012512207, "min": -1.71576321125, "dvar2": 12.265250206, "dvar": 4.75136327744, "dmean": 0.780617713928, "max": 117.509597778, "var": 7.05454778671, "mean": 0.447342216969}, "erbbands": {"dmean2": [0.0650058463216, 0.853369116783, 1.93841528893, 2.26361894608, 3.73387408257, 5.79003000259, 8.97111225128, 8.92423439026, 8.7603225708, 19.3579521179, 22.0645771027, 21.9516735077, 27.1368465424, 11.9302549362, 16.3506622314, 13.5293893814, 24.5368747711, 40.7061691284, 34.3564414978, 38.3162727356, 38.9641456604, 33.7379989624, 25.1352958679, 29.72813797, 21.3278007507, 10.0893955231, 7.40506982803, 6.80273723602, 8.23113059998, 7.96951770782, 5.774061203, 3.28009200096, 1.6509115696, 0.668514609337, 0.297430098057, 0.168937474489, 0.0724476650357, 0.00923264212906, 0.000529289944097, 2.02466490009e-05], "median": [0.0492499656975, 0.995132744312, 1.68585681915, 1.40012800694, 1.30004763603, 2.7294421196, 4.07876014709, 6.0504860878, 6.4662194252, 11.276465416, 14.6736574173, 13.9039831161, 13.7056312561, 9.48167419434, 13.4604539871, 7.18724632263, 12.093457222, 18.7509670258, 20.4012298584, 23.765411377, 29.3624000549, 26.9007911682, 23.7945804596, 26.4757347107, 20.3726329803, 10.1403007507, 5.17567968369, 5.32513380051, 5.34529733658, 4.13242721558, 2.93978738785, 1.57614934444, 1.19969022274, 0.51483386755, 0.196392357349, 0.0839132592082, 0.0251401700079, 0.00305554061197, 0.00020531557675, 4.43740282208e-05], "min": [3.42092718547e-23, 5.71067188285e-22, 1.63385063962e-21, 3.02113117866e-21, 8.60089718574e-21, 1.57345714508e-20, 5.06614133235e-20, 8.91904135064e-20, 7.79646032418e-20, 1.35199582119e-19, 1.89037485317e-19, 2.94110322347e-19, 4.98706984513e-19, 5.90180545757e-19, 1.0422440563e-18, 1.12446446502e-18, 1.63018904305e-18, 2.44151001832e-18, 2.83538199316e-18, 3.71736166693e-18, 3.70870025874e-18, 3.67464812805e-18, 5.46742479378e-18, 6.13861444565e-18, 6.65196397457e-18, 8.50739212707e-18, 9.49398781445e-18, 1.09688136235e-17, 1.15965841514e-17, 1.25496781968e-17, 1.09086362339e-17, 1.17645448292e-17, 9.91136743512e-18, 8.71518320566e-18, 6.56883066864e-18, 4.36094251149e-18, 2.24856641813e-18, 1.00981454378e-18, 2.71451441375e-19, 2.81331622654e-20], "dvar2": [0.0145336370915, 1.89921379089, 9.96142482758, 13.909819603, 51.0031356812, 146.501144409, 328.046600342, 213.651367188, 282.448760986, 1240.63476562, 2640.46508789, 1962.57299805, 4408.81835938, 1114.36413574, 1285.4888916, 1306.91784668, 2976.34204102, 6364.37402344, 7105.73583984, 4487.15527344, 3671.1809082, 2703.61450195, 2444.5612793, 2320.01464844, 1146.57873535, 205.502365112, 241.378356934, 246.831069946, 370.310089111, 636.507507324, 452.715637207, 164.695480347, 21.4250679016, 1.70551002026, 0.25801178813, 0.0770290717483, 0.0165678076446, 0.000254130281974, 8.19642934857e-07, 7.16378234511e-10], "dvar": [0.00641432544217, 0.727475702763, 3.75498700142, 6.06637907028, 21.1791229248, 59.5011100769, 141.787796021, 86.3332214355, 141.819732666, 526.618408203, 1264.69970703, 926.057556152, 2591.75195312, 676.141235352, 659.05078125, 845.247253418, 1549.20300293, 3101.19067383, 3560.56933594, 2177.47119141, 1729.16894531, 1243.51733398, 1317.11621094, 1151.76342773, 489.508789062, 96.5103759766, 116.365379333, 146.486923218, 230.461410522, 418.612518311, 344.25189209, 123.7942276, 15.6276292801, 1.18649935722, 0.154004260898, 0.0432978831232, 0.00836019590497, 0.000130748565425, 4.34459536791e-07, 4.29348556708e-10], "dmean": [0.041332706809, 0.511365413666, 1.13859295845, 1.37605547905, 2.29527211189, 3.60250902176, 5.64076948166, 5.55427455902, 5.84597158432, 12.0504302979, 14.8818359375, 14.897351265, 18.9400005341, 8.40647506714, 10.9226398468, 9.30760288239, 16.6333255768, 27.4294872284, 22.8298225403, 25.3501491547, 25.6892719269, 22.2512493134, 17.2681427002, 19.766992569, 14.2086601257, 6.77210903168, 5.20229816437, 5.03738117218, 6.18116617203, 6.27937316895, 4.68088340759, 2.76037430763, 1.30931890011, 0.528213977814, 0.233920395374, 0.126872137189, 0.0528568737209, 0.00671986024827, 0.000391138106352, 1.61150310305e-05], "max": [1.1240606308, 9.18430328369, 27.4449138641, 38.2018013, 88.3042221069, 159.629394531, 244.845108032, 245.581085205, 268.207214355, 667.723144531, 943.615661621, 627.648010254, 1811.6439209, 901.05480957, 1162.65063477, 1446.25048828, 885.750549316, 1191.51916504, 2877.35522461, 896.697875977, 835.948425293, 730.910583496, 1165.71972656, 961.717712402, 425.161743164, 176.717575073, 239.025299072, 522.81640625, 448.148010254, 814.887329102, 667.661804199, 444.506530762, 142.667922974, 38.311832428, 12.2611751556, 3.68779468536, 1.33211421967, 0.144393011928, 0.00844733044505, 0.000308615999529], "var": [0.0103979650885, 1.16359305382, 7.61854887009, 28.0924625397, 35.6384735107, 104.316757202, 292.285644531, 143.827041626, 279.43762207, 1203.79101562, 2802.69799805, 2164.01489258, 9352.35351562, 1882.97424316, 1586.11413574, 2427.57470703, 4980.52148438, 7589.31835938, 8343.21679688, 6767.15527344, 5643.69921875, 3615.83203125, 3031.59570312, 3398.95458984, 1453.87255859, 339.767669678, 474.279785156, 483.071807861, 894.69354248, 1542.80334473, 1385.94372559, 458.041259766, 49.8225402832, 4.09602355957, 0.523601651192, 0.139796689153, 0.021628651768, 0.000339935359079, 1.18543050576e-06, 1.74595993219e-09], "mean": [0.0796652212739, 1.15883922577, 2.75900673866, 3.62663412094, 3.43510317802, 6.37859010696, 9.70436477661, 9.78982067108, 11.160068512, 20.53058815, 28.1538619995, 28.9363746643, 34.6957817078, 17.5930576324, 21.8801822662, 16.8421840668, 31.9836387634, 48.5819511414, 42.3829116821, 50.8790130615, 55.2837562561, 47.0483551025, 37.388092041, 43.4519042969, 32.3904266357, 16.095293045, 12.5584363937, 11.7533035278, 14.0636348724, 13.2999191284, 9.89262676239, 5.72992801666, 2.89585161209, 1.1819524765, 0.499085336924, 0.256834536791, 0.0966059267521, 0.0122890397906, 0.000748685910366, 5.36839506822e-05]}, "spectral_strongpeak": {"dmean2": 1.1760365963, "median": 0.346928954124, "min": 0, "dvar2": 5.51016807556, "dvar": 2.29115009308, "dmean": 0.669283628464, "max": 17.9708614349, "var": 2.88856124878, "mean": 0.974311292171}, "spectral_energy": {"dmean2": 0.00824980996549, "median": 0.0236142706126, "min": 1.00797886844e-20, "dvar2": 8.79785729921e-05, "dvar": 3.98286574637e-05, "dmean": 0.00552826980129, "max": 0.0763380005956, "var": 0.000157463175128, "mean": 0.0237399209291}, "average_loudness": 0.949127793312, "spectral_rolloff": {"dmean2": 777.89666748, "median": 2196.38671875, "min": 21.533203125, "dvar2": 963903.5625, "dvar": 530529.9375, "dmean": 498.899047852, "max": 19702.8808594, "var": 6506207.5, "mean": 2624.08325195}, "spectral_centroid": {"dmean2": 335.836883545, "median": 1970.72802734, "min": 441.422241211, "dvar2": 164234.4375, "dvar": 85584.515625, "dmean": 235.716522217, "max": 11850.1054688, "var": 1769648.625, "mean": 2115.82299805}, "pitch_salience": {"dmean2": 0.093803063035, "median": 0.527503192425, "min": 0.119436338544, "dvar2": 0.00888118334115, "dvar": 0.00363586447202, "dmean": 0.0602636225522, "max": 0.859155714512, "var": 0.0123074119911, "mean": 0.529214024544}, "spectral_energyband_middle_high": {"dmean2": 0.00303935795091, "median": 0.00599943753332, "min": 1.1769068604e-21, "dvar2": 1.39178946483e-05, "dvar": 7.26590951672e-06, "dmean": 0.00215880922042, "max": 0.0537534542382, "var": 4.05092177971e-05, "mean": 0.00760431587696}, "spectral_contrast_coeffs": {"dmean2": [0.0725280791521, 0.0669282376766, 0.0569488927722, 0.0494114607573, 0.0341284908354, 0.0250947121531], "median": [-0.664838433266, -0.758974909782, -0.764074683189, -0.754689991474, -0.758838176727, -0.752735316753], "min": [-0.981063187122, -0.979255318642, -0.979918599129, -0.971191763878, -0.966906070709, -0.964861392975], "dvar2": [0.00383041310124, 0.0029872439336, 0.00205362727866, 0.00152037513908, 0.000761904811952, 0.000526066112798], "dvar": [0.00152157549746, 0.0011375406757, 0.000816255749669, 0.000692061556038, 0.000358508114005, 0.000250788201811], "dmean": [0.0446139834821, 0.0409108065069, 0.0352646633983, 0.0322531834245, 0.0225747302175, 0.0168317519128], "max": [-0.330234587193, -0.493473231792, -0.463562339544, -0.494586288929, -0.55496776104, -0.59657150507], "var": [0.00948475953192, 0.00422814209014, 0.00509707955644, 0.00532433390617, 0.00329052913003, 0.00281856488436], "mean": [-0.65743637085, -0.755242288113, -0.757037341595, -0.74754524231, -0.757831931114, -0.750763714314]}, "melbands_skewness": {"dmean2": 0.736186146736, "median": 1.74737203121, "min": -3.51881408691, "dvar2": 0.628450632095, "dvar": 0.277923554182, "dmean": 0.491939157248, "max": 9.02358627319, "var": 1.33816230297, "mean": 1.88698792458}, "spectral_spread": {"dmean2": 677000.625, "median": 4351224.5, "min": 1428943.375, "dvar2": 1321955229700.0, "dvar": 680845049856, "dmean": 533480.375, "max": 42693468, "var": 24547675865100.0, "mean": 5186104.5}, "dissonance": {"dmean2": 0.0202328190207, "median": 0.481166690588, "min": 0.303504556417, "dvar2": 0.000447957514552, "dvar": 0.000170383660588, "dmean": 0.0121345976368, "max": 0.499932855368, "var": 0.000405624683481, "mean": 0.476080358028}, "spectral_skewness": {"dmean2": 0.255714446306, "median": 1.35846400261, "min": -0.0939687639475, "dvar2": 0.0718663707376, "dvar": 0.0288586206734, "dmean": 0.165762901306, "max": 3.40735149384, "var": 0.179623290896, "mean": 1.33044052124}, "spectral_flux": {"dmean2": 0.0263499952853, "median": 0.0688507258892, "min": 6.42661757144e-11, "dvar2": 0.00071785209002, "dvar": 0.000329279631842, "dmean": 0.017310095951, "max": 0.192133367062, "var": 0.00115543114953, "mean": 0.0715815201402}, "spectral_contrast_valleys": {"dmean2": [0.719528496265, 0.524068415165, 0.450648605824, 0.417494595051, 0.324538499117, 0.332372069359], "median": [-7.29034566879, -6.46996641159, -7.18096017838, -7.39349031448, -7.12829685211, -9.61360263824], "min": [-28.1352863312, -28.0415840149, -27.9585762024, -27.7624759674, -27.5736122131, -27.4001159668], "dvar2": [0.460338771343, 0.235214322805, 0.166201636195, 0.171933680773, 0.138155385852, 0.209468692541], "dvar": [0.196281775832, 0.110102564096, 0.0841169580817, 0.0907710790634, 0.0847419500351, 0.146148905158], "dmean": [0.43377545476, 0.319175481796, 0.278814733028, 0.271221786737, 0.224979549646, 0.303339123726], "max": [-5.40826272964, -4.74471330643, -5.5849571228, -5.9371805191, -5.79392004013, -7.19438743591], "var": [7.92616033554, 8.48729133606, 7.99053764343, 7.88623428345, 8.06262016296, 6.63210058212], "mean": [-7.82852125168, -6.97912979126, -7.69388914108, -7.88197517395, -7.63133525848, -10.1774711609]}, "erbbands_flatness_db": {"dmean2": 0.0218659676611, "median": 0.142709493637, "min": 0.0247676838189, "dvar2": 0.00049549958203, "dvar": 0.000294980884064, "dmean": 0.0170554947108, "max": 0.421017050743, "var": 0.00228622206487, "mean": 0.146751478314}, "spectral_energyband_high": {"dmean2": 0.000645313120913, "median": 0.000710409716703, "min": 7.18680284801e-21, "dvar2": 2.6046725452e-06, "dvar": 2.24308359975e-06, "dmean": 0.000577548169531, "max": 0.0469951890409, "var": 1.10916826088e-05, "mean": 0.00157318077981}, "spectral_entropy": {"dmean2": 0.145482644439, "median": 7.78561449051, "min": 5.22306632996, "dvar2": 0.0204908177257, "dvar": 0.0128478733823, "dmean": 0.11495321244, "max": 9.82319927216, "var": 0.2275326401, "mean": 7.78101444244}, "silence_rate_20dB": {"dmean2": 0, "median": 1, "min": 1, "dvar2": 0, "dvar": 0, "dmean": 0, "max": 1, "var": 0, "mean": 1}, "melbands_flatness_db": {"dmean2": 0.0277300644666, "median": 0.147294476628, "min": 0.00271202856675, "dvar2": 0.000857309729327, "dvar": 0.000389683817048, "dmean": 0.0193726830184, "max": 0.371031463146, "var": 0.00251010013744, "mean": 0.149964377284}, "barkbands": {"dmean2": [3.47040768247e-05, 0.00328955170698, 0.0017244189512, 0.000781220966019, 0.00169066234957, 0.00108166085556, 0.000705295416992, 0.00107756548095, 0.000922505161725, 0.000760602182709, 0.000426388985943, 0.000294449971989, 0.000533455866389, 0.000863054068759, 0.000737283087801, 0.000743440759834, 0.000773523410317, 0.000422424520366, 0.000555289443582, 0.000244899420068, 0.00016688228061, 0.000243121423409, 0.000219074237975, 0.000117211282486, 4.81373790535e-05, 3.47385066561e-05, 3.39726057064e-06], "median": [2.14132924157e-05, 0.00391355389729, 0.0010592850158, 0.000378045835532, 0.000838441133965, 0.000710395979695, 0.000514638319146, 0.000632865761872, 0.000533780723345, 0.000357612094376, 0.000348844390828, 0.000106062085251, 0.000223357099458, 0.000359660654794, 0.000373176590074, 0.000435734400526, 0.000484370742925, 0.000374444760382, 0.000496524269693, 0.000199823232833, 0.000125023492728, 0.000153070111992, 0.000109477135993, 7.29594466975e-05, 3.54691983375e-05, 1.45242793224e-05, 1.05719732346e-06], "min": [7.3308789688e-25, 1.98068793526e-24, 1.21091874585e-24, 1.5165917463e-25, 5.19098795742e-24, 8.41743300408e-24, 5.5111471558e-24, 4.1923740651e-24, 1.85701848725e-23, 1.75809106989e-23, 1.85026157805e-23, 2.03539555737e-23, 3.26489807148e-23, 4.31734959066e-23, 6.50234757e-23, 4.52287530883e-23, 4.88019490456e-23, 1.05762657294e-22, 1.24801001137e-22, 1.65415599505e-22, 2.37255331986e-22, 3.57707450238e-22, 4.14286144704e-22, 5.4190407347e-22, 8.47239035588e-22, 1.23221214404e-21, 2.02745966715e-21], "dvar2": [4.0625121045e-09, 2.82178370981e-05, 8.71537122293e-06, 1.68577571458e-06, 8.99476617633e-06, 3.16920591104e-06, 1.60981437602e-06, 5.59123964194e-06, 3.31997784997e-06, 3.78648678634e-06, 8.39438655476e-07, 7.0423533316e-07, 1.32762022531e-06, 2.78488732874e-06, 2.54547171608e-06, 1.8477443291e-06, 1.5911562059e-06, 6.37443747564e-07, 7.21163928574e-07, 1.63005054787e-07, 1.08869635085e-07, 3.67958620018e-07, 6.6886843797e-07, 1.80299679187e-07, 7.25658599876e-09, 3.44662920426e-09, 3.37154540397e-11], "dvar": [1.74729253288e-09, 1.12663319669e-05, 3.46953288499e-06, 6.70137751513e-07, 3.75061949853e-06, 1.22788321733e-06, 7.46039063415e-07, 2.62300545728e-06, 1.54652400397e-06, 2.2162703317e-06, 4.21107785087e-07, 4.57990836367e-07, 6.89150738253e-07, 1.33900925903e-06, 1.27520638671e-06, 9.95342929855e-07, 7.37866628242e-07, 3.38367158292e-07, 3.53189705038e-07, 7.36916945243e-08, 6.15508071178e-08, 2.24384336889e-07, 4.52376553994e-07, 1.30120639596e-07, 4.74016648155e-09, 1.88819337943e-09, 1.68548612567e-11], "dmean": [2.14272622543e-05, 0.00199504615739, 0.00101873406675, 0.000475332402857, 0.00106588646304, 0.000667814339977, 0.000447979808087, 0.000714485242497, 0.000620972539764, 0.000542859255802, 0.000286346446956, 0.00020416584448, 0.000357865937985, 0.000578767445404, 0.000478406582261, 0.000502573850099, 0.000506417942233, 0.00028747858596, 0.000370513444068, 0.000161493560881, 0.000120066513773, 0.000186628341908, 0.000174340340891, 9.59921162575e-05, 3.87269719795e-05, 2.60734013864e-05, 2.42969849751e-06], "max": [0.000641049409751, 0.0372161529958, 0.0254039373249, 0.0132344411686, 0.0331075303257, 0.0226203203201, 0.0169825833291, 0.0511282794178, 0.0290374681354, 0.047878768295, 0.0210951212794, 0.0311729088426, 0.0199908334762, 0.0220371764153, 0.0462067313492, 0.0225630179048, 0.017349049449, 0.018103659153, 0.0151981869712, 0.00642986549065, 0.0088866725564, 0.0150749180466, 0.0247486904263, 0.0132064335048, 0.0024626837112, 0.000703567173332, 5.49315554963e-05], "var": [2.20882134805e-09, 1.87357454706e-05, 1.17149375001e-05, 1.33112553158e-06, 7.61252204029e-06, 2.09592280953e-06, 1.278321065e-06, 5.6245662563e-06, 3.46154024555e-06, 7.36975061955e-06, 1.06696973035e-06, 1.23531265217e-06, 2.16882972381e-06, 3.15972442877e-06, 3.29753811457e-06, 2.8462247883e-06, 2.09896620618e-06, 7.79932463502e-07, 1.13605074148e-06, 2.23190639304e-07, 2.3497040047e-07, 8.73325120665e-07, 1.71394219706e-06, 4.34795651927e-07, 1.69283111973e-08, 5.65008262399e-09, 4.27974426731e-11], "mean": [3.63649087376e-05, 0.00445403950289, 0.00252676592208, 0.000888083712198, 0.00192973494995, 0.00117416656576, 0.00081286142813, 0.00128034153022, 0.00113682355732, 0.000950790359639, 0.000571527110878, 0.000320046878187, 0.000650591391604, 0.000990774482489, 0.000854003243148, 0.000977914314717, 0.000989885418676, 0.00059500138741, 0.000833786209114, 0.000350832735421, 0.000288144510705, 0.000415421905927, 0.000362305116141, 0.000208002937143, 8.63357927301e-05, 5.10361896886e-05, 4.36131858805e-06]}, "erbbands_skewness": {"dmean2": 0.41390261054, "median": -0.318080872297, "min": -9.35990428925, "dvar2": 0.16455437243, "dvar": 0.0883861407638, "dmean": 0.292810052633, "max": 3.99833989143, "var": 0.549332439899, "mean": -0.275907039642}, "erbbands_spread": {"dmean2": 9.08597373962, "median": 33.7156295776, "min": 0.960964441299, "dvar2": 74.8162765503, "dvar": 37.2129554749, "dmean": 6.22076272964, "max": 115.522171021, "var": 248.658187866, "mean": 36.21326828}, "melbands_kurtosis": {"dmean2": 4.2024269104, "median": 2.90498495102, "min": -1.81378078461, "dvar2": 40.7273483276, "dvar": 17.2564754486, "dmean": 2.72498512268, "max": 101.498008728, "var": 57.0824661255, "mean": 5.29644775391}, "melba