{"tonal": {"thpcp": [1, 0.824609100819, 0.606982350349, 0.489896297455, 0.42568692565, 0.441078960896, 0.502081394196, 0.56402105093, 0.695216119289, 0.789564609528, 0.660749256611, 0.528078734875, 0.504999220371, 0.51641190052, 0.6181422472, 0.58800047636, 0.452652603388, 0.426626861095, 0.418193668127, 0.418329507113, 0.45648509264, 0.453861951828, 0.453219264746, 0.565164148808, 0.679454028606, 0.731442093849, 0.798055708408, 0.877381622791, 0.907579958439, 0.875369369984, 0.83357155323, 0.812490701675, 0.844069123268, 0.910495281219, 0.918429791927, 0.962746620178], "hpcp": {"dmean2": [0.461268335581, 0.483108490705, 0.453877985477, 0.436675280333, 0.411555320024, 0.393322974443, 0.420471817255, 0.427473068237, 0.445824384689, 0.483032673597, 0.42067694664, 0.30874055624, 0.255394309759, 0.230684936047, 0.234565317631, 0.267718732357, 0.294895678759, 0.325400024652, 0.343720465899, 0.298296242952, 0.261491060257, 0.258334606886, 0.268765777349, 0.308359324932, 0.284255087376, 0.234272897243, 0.223207712173, 0.219715476036, 0.215935662389, 0.220969960093, 0.213908985257, 0.221334859729, 0.270504593849, 0.310652375221, 0.342390984297, 0.390193104744], "median": [0.047392219305, 0.0436631441116, 0.0502400435507, 0.0511265620589, 0.050182774663, 0.056147493422, 0.0544881597161, 0.0629926621914, 0.0702083557844, 0.0635231286287, 0.0478264242411, 0.037332944572, 0.0310557931662, 0.0272666718811, 0.0270011145622, 0.0278326142579, 0.0296908095479, 0.041026763618, 0.0473982058465, 0.0366298742592, 0.0259574931115, 0.0234504602849, 0.0224184598774, 0.0234526246786, 0.0220744628459, 0.0194213464856, 0.020467037335, 0.0211564730853, 0.0207328330725, 0.0261856243014, 0.0290589816868, 0.0307031366974, 0.044948771596, 0.0599157735705, 0.0634321421385, 0.0585887953639], "min": [0, 0, 0, 0, 0, 0, 0, 0, 0, 0, 0, 0, 0, 0, 0, 0, 0, 0, 0, 0, 0, 0, 0, 0, 0, 0, 0, 0, 0, 0, 0, 0, 0, 0, 0, 0], "dvar2": [0.243912696838, 0.260795593262, 0.242657825351, 0.232918232679, 0.222663655877, 0.21083123982, 0.226852610707, 0.224240094423, 0.228628829122, 0.269275307655, 0.257773548365, 0.178723275661, 0.144301742315, 0.134647771716, 0.140903651714, 0.164538100362, 0.167353481054, 0.175672620535, 0.183509752154, 0.159725740552, 0.153960689902, 0.156891822815, 0.163959786296, 0.189823493361, 0.163942143321, 0.147936090827, 0.137046441436, 0.133472308517, 0.133634224534, 0.121025286615, 0.115516930819, 0.106978498399, 0.118015564978, 0.138369530439, 0.160363644361, 0.193136975169], "dvar": [0.0958181172609, 0.103066414595, 0.0914963334799, 0.0861614346504, 0.0827444195747, 0.080695360899, 0.0886205583811, 0.0847553759813, 0.0830531492829, 0.0940418988466, 0.0856269001961, 0.0620718412101, 0.0505357943475, 0.0467079132795, 0.0492193773389, 0.0577635802329, 0.0588432699442, 0.0626404434443, 0.0678633078933, 0.0582833327353, 0.0551973320544, 0.0574936904013, 0.0591626465321, 0.0694205388427, 0.0610833391547, 0.0543085746467, 0.0494647361338, 0.0476378835738, 0.048160802573, 0.043457698077, 0.041197065264, 0.0384395495057, 0.042285323143, 0.0503202304244, 0.0586158484221, 0.0721572488546], "dmean": [0.247965529561, 0.259224444628, 0.24460926652, 0.234086990356, 0.222857415676, 0.216276362538, 0.232399836183, 0.234006047249, 0.243422403932, 0.261211484671, 0.225299566984, 0.165081769228, 0.136592805386, 0.122310094535, 0.124730318785, 0.141552835703, 0.157358020544, 0.177167668939, 0.191676214337, 0.164299845695, 0.141030207276, 0.13874155283, 0.144841581583, 0.167764678597, 0.156263262033, 0.127172142267, 0.120264329016, 0.117358513176, 0.115298449993, 0.11919695884, 0.11613086611, 0.12002774328, 0.14738291502, 0.170612648129, 0.188248455524, 0.214396908879], "max": [1, 1, 1, 1, 1, 1, 1, 1, 1, 1, 1, 1, 1, 1, 1, 1, 1, 1, 1, 1, 1, 1, 1, 1, 1, 1, 1, 1, 1, 1, 1, 1, 1, 1, 1, 1], "var": [0.0781642794609, 0.0851452797651, 0.0763435810804, 0.069899700582, 0.0672851726413, 0.0700244829059, 0.0797469392419, 0.0755872130394, 0.0762308016419, 0.0857500135899, 0.0696277990937, 0.0466999560595, 0.0358361564577, 0.0305163599551, 0.032983481884, 0.0395323187113, 0.0427458919585, 0.0526681244373, 0.0651227757335, 0.0517649464309, 0.0422153994441, 0.0445846877992, 0.0447338297963, 0.0567601248622, 0.0515978038311, 0.0397561453283, 0.0349255651236, 0.0326588898897, 0.0330585576594, 0.0325321517885, 0.0311869252473, 0.0291962511837, 0.0344609543681, 0.0427928268909, 0.0487718097866, 0.06032082811], "mean": [0.181133359671, 0.187367737293, 0.180717930198, 0.172088876367, 0.167736783624, 0.174256071448, 0.187969595194, 0.189607650042, 0.198756754398, 0.206447631121, 0.170238599181, 0.125310063362, 0.101137928665, 0.0878820568323, 0.0910597071052, 0.103653520346, 0.116440810263, 0.143525719643, 0.163003742695, 0.136410117149, 0.109020605683, 0.104255892336, 0.10661201179, 0.1276140064, 0.121391311288, 0.0934490561485, 0.088076107204, 0.086335092783, 0.0863631367683, 0.0942402631044, 0.0936987251043, 0.0935660451651, 0.116676799953, 0.140271678567, 0.151004493237, 0.164756715298]}, "tuning_equal_tempered_deviation": 0.179390951991, "chords_changes_rate": 0.13382832706, "key_key": "A", "tuning_diatonic_strength": 0.288600683212, "key_scale": "minor", "chords_number_rate": 0.0016298443079, "tuning_frequency": 438.731048584, "tuning_nontempered_energy_ratio": 0.879509091377, "chords_histogram": [10.5577688217, 0.941687822342, 0.108656287193, 3.69431376457, 12.749004364, 0.289750099182, 0.126765668392, 0.796812772751, 0, 3.2596886158, 8.67439365387, 0.887359678745, 0, 0, 0.235421955585, 0.0724375247955, 0.398406386375, 28.5403842926, 13.7812385559, 0.32596886158, 1.79282867908, 0.0362187623978, 0.144875049591, 12.586019516], "key_strength": 0.40838649869, "chords_key": "G#", "chords_strength": {"dmean2": 0.0234087016433, "median": 0.44925147295, "min": -1, "dvar2": 0.0009891561931, "dvar": 0.000518836837728, "dmean": 0.0171254910529, "max": 0.740961432457, "var": 0.0260436367244, "mean": 0.4342418015}, "chords_scale": "major", "hpcp_entropy": {"dmean2": 1.36481964588, "median": 2.96151161194, "min": 0, "dvar2": 1.16006553173, "dvar": 0.404489994049, "dmean": 0.797711491585, "max": 4.72225189209, "var": 0.713834881783, "mean": 2.86382126808}}, "metadata": {"audio_properties": {"equal_loudness": 0, "codec": "mp3", "downmix": "mix", "sample_rate": 44100, "analysis_sample_rate": 44100, "bit_rate": 320033, "md5_encoded": "e2c3b4d5f04aefb3358ed6b1a1e6390d", "length": 256.391845703, "replay_gain": -12.7366142273, "lossless": false}, "version": {"essentia_build_sha": "70f2e5ece6736b2c40cc944ad0e695b16b925413", "essentia": "2.1-beta2", "extractor": "music 1.0", "essentia_git_sha": "v2.1_beta2"}, "tags": {"title": ["The Extremist (DNA mix)"], "barcode": ["718750177414"], "media": ["Vinyl"], "albumartist": ["Jeff Mills"], "musicbrainz_recordingid": ["133d4b6e-fc9b-4b05-aca7-df95121caff9"], "mood": ["Unknown"], "musicbrainz_albumartistid": ["470a4ced-1323-4c91-8fd5-0bb3fb4c932a"], "originalyear": ["1994"], "discnumber": ["1/1"], "album": ["The Extremist"], "catalognumber": ["Tresor 23"], "contentgroup": ["Techno"], "musicbrainz album type": ["single"], "musicbrainz album status": ["official"], "file_name": "04 - The Extremist (DNA mix).mp3", "originaldate": ["1994"], "date": ["1994"], "genre": ["Techno"], "musicbrainz album release country": ["DE"], "musicbrainz_releasegroupid": ["66cea87a-ba1c-3421-8c1f-987236dac39e"], "musicbrainz_artistid": ["470a4ced-1323-4c91-8fd5-0bb3fb4c932a"], "asin": ["B000057LHD"], "musicbrainz_albumid": ["ec5c8e5f-9a6e-4311-9efb-caa6ce7a9bcc"], "artist": ["Jeff Mills"], "artistsort": ["Mills, Jeff"], "tracknumber": ["4/4"], "label": ["Tresor"], "albumartistsort": ["Mills, Jeff"], "script": ["Latn"]}}, "rhythm": {"bpm_histogram_first_peak_bpm": {"dmean2": 0, "median": 148, "min": 148, "dvar2": 0, "dvar": 0, "dmean": 0, "max": 148, "var": 0, "mean": 148}, "bpm": 148.006088257, "bpm_histogram_second_peak_spread": {"dmean2": 0, "median": 0.428571403027, "min": 0.428571403027, "dvar2": 0, "dvar": 0, "dmean": 0, "max": 0.428571403027, "var": 0, "mean": 0.428571403027}, "bpm_histogram_first_peak_weight": {"dmean2": 0, "median": 0.699523031712, "min": 0.699523031712, "dvar2": 0, "dvar": 0, "dmean": 0, "max": 0.699523031712, "var": 0, "mean": 0.699523031712}, "onset_rate": 5.92419052124, "beats_position": [0.348299324512, 0.719818592072, 1.07972788811, 1.46285712719, 1.8575963974, 2.26394557953, 2.67029476166, 3.07664394379, 3.48299312592, 3.87773227692, 4.28408145905, 4.69043064117, 5.0967798233, 5.50312900543, 5.90947818756, 6.31582736969, 6.72217655182, 7.12852573395, 7.53487491608, 7.94122457504, 8.34757328033, 8.75392246246, 9.16027164459, 9.56662082672, 9.96135997772, 10.3677091599, 10.774058342, 11.1804075241, 11.5867567062, 11.9931058884, 12.3994560242, 12.8058052063, 13.2121543884, 13.6185035706, 14.0248527527, 14.4312019348, 14.8375511169, 15.2439002991, 15.6502494812, 16.0565986633, 16.4629478455, 16.8692970276, 17.2756462097, 17.6819953918, 18.088344574, 18.483083725, 18.8894329071, 19.2957820892, 19.7021312714, 20.1084804535, 20.5148296356, 20.9211788177, 21.3275279999, 21.733877182, 22.1402263641, 22.5465755463, 22.9529247284, 23.3592739105, 23.7540130615, 24.1603622437, 24.5667114258, 24.9730606079, 25.37940979, 25.7857589722, 26.1921081543, 26.5984573364, 27.0048065186, 27.4111557007, 27.8175048828, 28.2238540649, 28.6302032471, 29.0365524292, 29.4429016113, 29.8492507935, 30.2555999756, 30.6503391266, 31.0566883087, 31.4630374908, 31.869386673, 32.2757377625, 32.6820869446, 33.0884361267, 33.4947853088, 33.901134491, 34.3074836731, 34.7138328552, 35.1201820374, 35.5265312195, 35.9328804016, 36.3392295837, 36.7455787659, 37.151927948, 37.5466651917, 37.9530143738, 38.3593635559, 38.765712738, 39.1720619202, 39.5784111023, 39.9847602844, 40.3911094666, 40.7974586487, 41.192199707, 41.6101570129, 42.0048980713, 42.4112472534, 42.8175964355, 43.2239456177, 43.6302947998, 44.0366439819, 44.4429931641, 44.8493423462, 45.2556915283, 45.6620407104, 46.0683898926, 46.4747390747, 46.8810882568, 47.2758255005, 47.6937866211, 48.0885238647, 48.5064849854, 48.901222229, 49.3075714111, 49.7139205933, 50.1202697754, 50.5266189575, 50.9329681396, 51.3393173218, 51.7340583801, 52.152015686, 52.5583648682, 52.9647140503, 53.3594551086, 53.7774124146, 54.1837615967, 54.5901107788, 54.9848518372, 55.3912010193, 55.7975502014, 56.2038993835, 56.6102485657, 57.0165977478, 57.4229469299, 57.8292961121, 58.2356452942, 58.6419944763, 59.0483436584, 59.4546928406, 59.8610420227, 60.2557830811, 60.673740387, 61.0684814453, 61.4864387512, 61.8811798096, 62.2875289917, 62.6938781738, 63.1118354797, 63.5065765381, 63.9013137817, 64.3192749023, 64.7256240845, 65.1319732666, 65.5267105103, 65.9330596924, 66.3394088745, 66.7457580566, 67.1521072388, 67.5584564209, 67.964805603, 68.3711547852, 68.7775039673, 69.1838531494, 69.5902023315, 69.9965515137, 70.4029006958, 70.8092498779, 71.2155990601, 71.6219482422, 72.0282974243, 72.423034668, 72.8293838501, 73.2357330322, 73.6420822144, 74.0484313965, 74.4547805786, 74.8611297607, 75.2674789429, 75.673828125, 76.0801773071, 76.4865264893, 76.8812713623, 77.2876205444, 77.6939697266, 78.1003189087, 78.5066680908, 78.9130172729, 79.3193664551, 79.7257156372, 80.1320648193, 80.5384140015, 80.9447631836, 81.3511123657, 81.7574615479, 82.16381073, 82.5701599121, 82.9765090942, 83.3828582764, 83.7892074585, 84.1955566406, 84.6019058228, 85.0082550049, 85.4029922485, 85.8093414307, 86.2156906128, 86.6220397949, 87.0283889771, 87.4347381592, 87.8410873413, 88.2474365234, 88.6537857056, 89.0601348877, 89.4664840698, 89.872833252, 90.2791824341, 90.6739196777, 91.0802688599, 91.486618042, 91.8929672241, 92.2993164062, 92.7056655884, 93.1120147705, 93.5183639526, 93.9247131348, 94.3194503784, 94.7257995605, 95.1321487427, 95.5501098633, 95.9448471069, 96.3628082275, 96.7575454712, 97.1755065918, 97.5702438354, 97.976600647, 98.3829498291, 98.7892990112, 99.1956481934, 99.590385437, 100.008346558, 100.403083801, 100.821044922, 101.215782166, 101.622131348, 102.02848053, 102.434829712, 102.841178894, 103.247528076, 103.653877258, 104.06022644, 104.466575623, 104.872924805, 105.279273987, 105.685623169, 106.091972351, 106.498321533, 106.904670715, 107.299407959, 107.705757141, 108.112106323, 108.518455505, 108.924804688, 109.33115387, 109.737503052, 110.143852234, 110.550201416, 110.956550598, 111.36289978, 111.769248962, 112.175598145, 112.581947327, 112.988296509, 113.383033752, 113.789382935, 114.195732117, 114.602081299, 115.008430481, 115.414779663, 115.821128845, 116.227478027, 116.633827209, 117.040176392, 117.446525574, 117.852874756, 118.259223938, 118.66557312, 119.071922302, 119.466667175, 119.873016357, 120.27936554, 120.685714722, 121.092063904, 121.498413086, 121.904762268, 122.31111145, 122.717460632, 123.112197876, 123.530158997, 123.936508179, 124.342857361, 124.749206543, 125.155555725, 125.561904907, 125.968254089, 126.362991333, 126.780952454, 127.175689697, 127.593650818, 127.988388062, 128.394729614, 128.801086426, 129.207427979, 129.61378479, 130.020126343, 130.426483154, 130.832824707, 131.239181519, 131.645523071, 132.051879883, 132.458221436, 132.864578247, 133.25932312, 133.677276611, 134.072021484, 134.478363037, 134.884719849, 135.291061401, 135.697418213, 136.103759766, 136.510116577, 136.91645813, 137.322814941, 137.729156494, 138.135513306, 138.541854858, 138.94821167, 139.342941284, 139.749298096, 140.155639648, 140.56199646, 140.968338013, 141.374694824, 141.781036377, 142.187393188, 142.593734741, 142.988479614, 143.406433105, 143.801177979, 144.21913147, 144.613876343, 145.020217896, 145.426574707, 145.83291626, 146.239273071, 146.645614624, 147.051971436, 147.458312988, 147.8646698, 148.271011353, 148.677368164, 149.072113037, 149.490066528, 149.884811401, 150.291152954, 150.697509766, 151.115463257, 151.51020813, 151.916549683, 152.322906494, 152.729248047, 153.135604858, 153.530334473, 153.948303223, 154.343032837, 154.761001587, 155.155731201, 155.573699951, 155.968429565, 156.386398315, 156.78112793, 157.187484741, 157.593826294, 158.000183105, 158.406524658, 158.81288147, 159.219223022, 159.625579834, 160.031921387, 160.438278198, 160.844619751, 161.239364624, 161.657318115, 162.052062988, 162.458404541, 162.864761353, 163.271102905, 163.677459717, 164.08380127, 164.490158081, 164.896499634, 165.302856445, 165.709197998, 166.11555481, 166.510284424, 166.928253174, 167.322982788, 167.740951538, 168.135681152, 168.542037964, 168.948379517, 169.354736328, 169.761077881, 170.167434692, 170.573776245, 170.980133057, 171.386474609, 171.781219482, 172.187576294, 172.593917847, 173.011871338, 173.406616211, 173.812973022, 174.219314575, 174.637283325, 175.032012939, 175.438369751, 175.844711304, 176.239456177, 176.657409668, 177.052154541, 177.470108032, 177.864852905, 178.282806396, 178.67755127, 179.083892822, 179.490249634, 179.896591187, 180.302947998, 180.709289551, 181.115646362, 181.521987915, 181.928344727, 182.323074341, 182.741043091, 183.135772705, 183.553741455, 183.948471069, 184.366439819, 184.761169434, 185.167526245, 185.573867798, 185.968612671, 186.386566162, 186.792922974, 187.199264526, 187.594009399, 188.011962891, 188.406707764, 188.824661255, 189.219406128, 189.625762939, 190.032104492, 190.438461304, 190.844802856, 191.239547729, 191.657501221, 192.052246094, 192.470199585, 192.864944458, 193.282897949, 193.677642822, 194.095596313, 194.490341187, 194.896682739, 195.303039551, 195.697769165, 196.115737915, 196.510467529, 196.928436279, 197.323165894, 197.741134644, 198.135864258, 198.553833008, 198.948562622, 199.354919434, 199.761260986, 200.167617798, 200.573959351, 200.980316162, 201.386657715, 201.781402588, 202.199356079, 202.594100952, 203.012054443, 203.406799316, 203.813140869, 204.219497681, 204.625839233, 205.032196045, 205.438537598, 205.844894409, 206.251235962, 206.657592773, 207.052337646, 207.470291138, 207.865036011, 208.282989502, 208.677734375, 209.084075928, 209.490432739, 209.896774292, 210.303131104, 210.709472656, 211.115829468, 211.510559082, 211.928527832, 212.334869385, 212.741226196, 213.135955811, 213.542312622, 213.948654175, 214.355010986, 214.761352539, 215.167709351, 215.574050903, 215.980407715, 216.386749268, 216.781494141, 217.187835693, 217.594192505, 218.000534058, 218.406890869, 218.813232422, 219.219589233, 219.625930786, 220.032287598, 220.43862915, 220.844985962, 221.239730835, 221.646072388, 222.052429199, 222.458770752, 222.865127563, 223.259857178, 223.677825928, 224.072555542, 224.490524292, 224.885253906, 225.291610718, 225.697952271, 226.104309082, 226.510650635, 226.917007446, 227.323348999, 227.729705811, 228.136047363, 228.542404175, 228.948745728, 229.355102539, 229.761444092, 230.167800903, 230.574142456, 230.968887329, 231.375228882, 231.781585693, 232.187927246, 232.594284058, 232.989013672, 233.406982422, 233.801712036, 234.219680786, 234.6144104, 235.020767212, 235.427108765, 235.845077515, 236.239807129, 236.64616394, 237.052505493, 237.458862305, 237.865203857, 238.25994873, 238.677902222, 239.072647095, 239.479003906, 239.885345459, 240.291702271, 240.698043823, 241.104400635, 241.510742188, 241.917098999, 242.323440552, 242.718185425, 243.136138916, 243.542495728, 243.94883728, 244.343582153, 244.749923706, 245.156280518, 245.56262207, 245.968978882, 246.375320435, 246.781677246, 247.17640686, 247.59437561, 247.989105225, 248.407073975, 248.801803589, 249.219772339, 249.614501953, 250.032470703, 250.427200317, 250.82194519, 251.239898682, 251.66947937, 252.110656738, 252.551834106, 253.02784729, 253.503845215, 253.979858398, 254.444259644, 254.920272827, 255.384674072, 255.849060059], "beats_loudness": {"dmean2": 0.0221959445626, "median": 0.0397232919931, "min": 3.24329618717e-10, "dvar2": 0.000378908589482, "dvar": 0.000132843633764, "dmean": 0.0127967223525, "max": 0.092770665884, "var": 0.000290979834972, "mean": 0.0368405207992}, "danceability": 1.48234736919, "bpm_histogram_second_peak_weight": {"dmean2": 0, "median": 0.00635930057615, "min": 0.00635930057615, "dvar2": 0, "dvar": 0, "dmean": 0, "max": 0.00635930057615, "var": 0, "mean": 0.00635930057615}, "beats_count": 630, "bpm_histogram_second_peak_bpm": {"dmean2": 0, "median": 126, "min": 126, "dvar2": 0, "dvar": 0, "dmean": 0, "max": 126, "var": 0, "mean": 126}, "bpm_histogram_first_peak_spread": {"dmean2": 0, "median": 0.285714328289, "min": 0.285714328289, "dvar2": 0, "dvar": 0, "dmean": 0, "max": 0.285714328289, "var": 0, "mean": 0.285714328289}, "beats_loudness_band_ratio": {"dmean2": [0.359437078238, 0.0768501311541, 0.0834698677063, 0.0910495296121, 0.0918861627579, 0.264861166477], "median": [0.510039329529, 0.0336559899151, 0.0572452396154, 0.058751873672, 0.0729606151581, 0.20988188684], "min": [0.00142575358041, 0.000407851330237, 0.0017907130532, 0.000593300850596, 0.000704517122358, 0.00104130094405], "dvar2": [0.0812788158655, 0.00655377656221, 0.00710869813338, 0.00590877374634, 0.00729516753927, 0.0421196334064], "dvar": [0.0292159449309, 0.00234997062944, 0.00261166808195, 0.00205910438672, 0.00247867265716, 0.0155906043947], "dmean": [0.202285990119, 0.0433297343552, 0.0496501028538, 0.0512294135988, 0.0526658333838, 0.150893822312], "max": [0.991718649864, 0.360623449087, 0.46917784214, 0.314668804407, 0.472875028849, 0.973505437374], "var": [0.0630856752396, 0.0022739013657, 0.00438761105761, 0.00295903882943, 0.00366522651166, 0.0278306361288], "mean": [0.475090771914, 0.0487141795456, 0.0783309340477, 0.0730551034212, 0.0853737443686, 0.255044519901]}}, "lowlevel": {"barkbands_spread": {"dmean2": 21.6040458679, "median": 31.9041004181, "min": 0.376523315907, "dvar2": 386.11138916, "dvar": 178.914367676, "dmean": 13.5802106857, "max": 147.443161011, "var": 519.031677246, "mean": 32.6534156799}, "melbands_spread": {"dmean2": 31.4531459808, "median": 19.0910301208, "min": 0.357087641954, "dvar2": 1355.89294434, "dvar": 540.696105957, "dmean": 19.1947460175, "max": 184.053009033, "var": 1037.62182617, "mean": 30.7745723724}, "hfc": {"dmean2": 28.9352550507, "median": 20.7984294891, "min": 1.13960434763e-16, "dvar2": 1582.80712891, "dvar": 660.061706543, "dmean": 18.2246398926, "max": 190.615844727, "var": 723.993774414, "mean": 28.2533512115}, "barkbands_kurtosis": {"dmean2": 32.2893066406, "median": 2.69877767563, "min": -1.92490303516, "dvar2": 3545.20849609, "dvar": 1669.30664062, "dmean": 21.8476543427, "max": 529.09576416, "var": 2285.68383789, "mean": 21.594619751}, "gfcc": {"mean": [9.59934425354, 61.4518928528, -89.0304870605, 64.6611938477, -59.5175666809, 14.4072732925, -16.0992336273, 11.6301202774, -12.2385053635, 4.09571266174, -11.0216588974, 3.16639494896, -12.7114648819], "icov": [[0.000158326816745, -0.00030392431654, 0.000219352674321, -0.000579760409892, 0.000257869745838, -0.000473031308502, 4.20423020842e-05, -0.000280108622974, 0.000850687443744, -0.00113550398964, 0.000817815889604, -0.000639579026029, 0.000600066268817], [-0.00030392431654, 0.00219287280925, -0.000478809874039, 0.000742026371881, 0.000123875361169, 0.0021115639247, -0.00168189103715, 0.0028645361308, -0.0043044728227, 0.00601178593934, -0.00222464953549, 0.00278884242289, -0.00171112583485], [0.000219352674321, -0.000478809874039, 0.00177608407103, -0.00110591459088, 0.000334969750838, -0.00104519445449, -0.00156196276657, 0.00159001222346, -0.000503136019688, -0.000513613515068, 0.000933010538574, -0.00252929120325, 0.00340313953348], [-0.000579760409892, 0.000742026371881, -0.00110591459088, 0.00593168614432, -0.00172692257911, 0.0020160281565, 0.000900881597772, -0.00203748024069, -0.00234621530399, 0.00347887142561, -0.00574624724686, 0.00249741412699, -0.00203377194703], [0.000257869745838, 0.000123875361169, 0.000334969750838, -0.00172692257911, 0.00482017174363, -0.000790336343925, -0.00261097564362, -0.00162861892022, 0.00107355520595, -0.000695808092132, 0.00183647300582, -0.000574739242438, 0.000677358184475], [-0.000473031308502, 0.0021115639247, -0.00104519445449, 0.0020160281565, -0.000790336343925, 0.0100776348263, -0.00397772295401, 0.00532832322642, -0.0101806819439, 0.00558144459501, -0.001062564319, -0.000640831072815, -0.00184433627874], [4.20423020842e-05, -0.00168189103715, -0.00156196276657, 0.000900881597772, -0.00261097564362, -0.00397772295401, 0.0195764470845, -0.0115557219833, 0.00862838700414, -0.00933540798724, -0.000823326583486, 0.0073420307599, -0.00674613378942], [-0.000280108622974, 0.0028645361308, 0.00159001222346, -0.00203748024069, -0.00162861892022, 0.00532832322642, -0.0115557219833, 0.0297515355051, -0.0180347971618, 0.00856442656368, -0.00299775972962, -0.00607955548912, 0.0095100896433], [0.000850687443744, -0.0043044728227, -0.000503136019688, -0.00234621530399, 0.00107355520595, -0.0101806819439, 0.00862838700414, -0.0180347971618, 0.0350600704551, -0.0178803317249, -0.00107566989027, 0.00215128692798, -0.00403719255701], [-0.00113550398964, 0.00601178593934, -0.000513613515068, 0.00347887142561, -0.000695808092132, 0.00558144459501, -0.00933540798724, 0.00856442656368, -0.0178803317249, 0.043345272541, -0.0144896861166, 0.00258034071885, -0.00188402447384], [0.000817815889604, -0.00222464953549, 0.000933010538574, -0.00574624724686, 0.00183647300582, -0.001062564319, -0.000823326583486, -0.00299775972962, -0.00107566989027, -0.0144896861166, 0.0345331989229, -0.0104514146224, -0.00426099356264], [-0.000639579026029, 0.00278884242289, -0.00252929120325, 0.00249741412699, -0.000574739242438, -0.000640831072815, 0.0073420307599, -0.00607955548912, 0.00215128692798, 0.00258034071885, -0.0104514146224, 0.0397168658674, -0.0187174081802], [0.000600066268817, -0.00171112583485, 0.00340313953348, -0.00203377194703, 0.000677358184475, -0.00184433627874, -0.00674613378942, 0.0095100896433, -0.00403719255701, -0.00188402447384, -0.00426099356264, -0.0187174081802, 0.0358988419175]], "cov": [[15697.2460938, 898.73059082, -875.66418457, 942.656921387, -367.976959229, -41.9520683289, -34.0350379944, 57.154094696, -161.7890625, 76.2114334106, -98.3413467407, 3.10648155212, -124.130271912], [898.73059082, 1273.47692871, 124.802528381, -4.23892354965, -172.926513672, -114.190254211, -18.0799198151, -99.3934783936, 2.08103871346, -125.492019653, -22.8332691193, -79.2430038452, 3.55707216263], [-875.66418457, 124.802528381, 949.717712402, 59.1336326599, 36.6759872437, 108.461273193, 65.2829208374, -9.05990409851, 56.6902580261, -5.82452440262, 11.934709549, 6.31579685211, -35.76770401], [942.656921387, -4.23892354965, 59.1336326599, 380.942810059, 99.2116012573, -5.31467056274, 35.551158905, 80.3187179565, 46.9604911804, 28.4291934967, 60.7970542908, 16.8120002747, 6.03012418747], [-367.976959229, -172.926513672, 36.6759872437, 99.2116012573, 327.266021729, 36.9761314392, 77.0964279175, 70.7108154297, 27.3791599274, 27.4445896149, 19.5653629303, 7.07261276245, 2.06186580658], [-41.9520683289, -114.190254211, 108.461273193, -5.31467056274, 36.9761314392, 191.874542236, 37.6758613586, 12.5825881958, 54.3271980286, 25.5664997101, 17.0052604675, 21.7039337158, 18.3682918549], [-34.0350379944, -18.0799198151, 65.2829208374, 35.551158905, 77.0964279175, 37.6758613586, 103.477485657, 42.3657455444, 21.704498291, 25.6907691956, 19.1203594208, -1.64205920696, 9.43824958801], [57.154094696, -99.3934783936, -9.05990409851, 80.3187179565, 70.7108154297, 12.5825881958, 42.3657455444, 92.263671875, 42.7213363647, 24.8712673187, 26.6427497864, 11.9528999329, -1.94784939289], [-161.7890625, 2.08103871346, 56.6902580261, 46.9604911804, 27.3791599274, 54.3271980286, 21.704498291, 42.7213363647, 85.3479995728, 29.1019573212, 35.4464530945, 12.5266160965, 16.989824295], [76.2114334106, -125.492019653, -5.82452440262, 28.4291934967, 27.4445896149, 25.5664997101, 25.6907691956, 24.8712673187, 29.1019573212, 59.1810302734, 29.0091972351, 15.5570802689, 11.875295639], [-98.3413467407, -22.8332691193, 11.934709549, 60.7970542908, 19.5653629303, 17.0052604675, 19.1203594208, 26.6427497864, 35.4464530945, 29.0091972351, 65.3546524048, 23.4126777649, 25.381193161], [3.10648155212, -79.2430038452, 6.31579685211, 16.8120002747, 7.07261276245, 21.7039337158, -1.64205920696, 11.9528999329, 12.5266160965, 15.5570802689, 23.4126777649, 48.7092247009, 24.4320240021], [-124.130271912, 3.55707216263, -35.76770401, 6.03012418747, 2.06186580658, 18.3682918549, 9.43824958801, -1.94784939289, 16.989824295, 11.875295639, 25.381193161, 24.4320240021, 55.3124771118]]}, "spectral_energyband_middle_low": {"dmean2": 0.00921359844506, "median": 0.00337660359219, "min": 3.7713998472e-22, "dvar2": 0.0002702473721, "dvar": 0.000129027510411, "dmean": 0.00586337223649, "max": 0.0643499791622, "var": 0.000138549687108, "mean": 0.00722475536168}, "melbands_crest": {"dmean2": 7.46111345291, "median": 18.6064739227, "min": 1.85312461853, "dvar2": 31.0526103973, "dvar": 11.9718618393, "dmean": 4.60328292847, "max": 35.5212631226, "var": 41.8453788757, "mean": 18.1242847443}, "spectral_kurtosis": {"dmean2": 1.70844626427, "median": 1.87530517578, "min": -1.1687746048, "dvar2": 6.58652687073, "dvar": 2.94273591042, "dmean": 1.07498157024, "max": 121.742393494, "var": 5.17337989807, "mean": 2.13607764244}, "spectral_rms": {"dmean2": 0.00232980609871, "median": 0.00583803234622, "min": 3.21531169745e-12, "dvar2": 3.96237010136e-06, "dvar": 2.0818433768e-06, "dmean": 0.00174845033325, "max": 0.0166485067457, "var": 1.27557395899e-05, "mean": 0.00639433553442}, "zerocrossingrate": {"dmean2": 0.0249731466174, "median": 0.07177734375, "min": 0.001953125, "dvar2": 0.000503490271512, "dvar": 0.000300909188809, "dmean": 0.0196710750461, "max": 0.6953125, "var": 0.00611681025475, "mean": 0.0802378803492}, "silence_rate_60dB": {"dmean2": 0.0485463291407, "median": 0, "min": 0, "dvar2": 0.0587096549571, "dvar": 0.0236851144582, "dmean": 0.0242709647864, "max": 1, "var": 0.0349880196154, "mean": 0.0363125950098}, "erbbands_kurtosis": {"dmean2": 2.65852642059, "median": -0.218544483185, "min": -1.90249967575, "dvar2": 9.11308002472, "dvar": 3.86172604561, "dmean": 1.66272246838, "max": 29.8532447815, "var": 5.95651292801, "mean": 0.588548243046}, "erbbands": {"dmean2": [0.615806102753, 8.80134296417, 23.141708374, 15.8595218658, 13.4975776672, 26.2798042297, 16.8373355865, 9.13911819458, 10.5101909637, 16.0374221802, 14.8594360352, 21.5071716309, 17.6551780701, 14.3689250946, 26.1473789215, 10.8793754578, 14.9663171768, 15.5706510544, 12.1904506683, 18.0005893707, 19.4363994598, 17.5444755554, 31.160036087, 43.3016090393, 73.386138916, 66.9869995117, 50.8539199829, 39.0436668396, 29.6515483856, 23.303401947, 8.06072235107, 5.2210521698, 2.60933971405, 1.25745034218, 0.520884871483, 0.198396593332, 0.107191190124, 0.0213015414774, 0.00309043400921, 0.000196078923182], "median": [0.223004892468, 2.08932971954, 4.00929498672, 2.92328238487, 1.59531152248, 2.10994505882, 3.47660827637, 3.78013634682, 4.61679410934, 6.01441574097, 5.79934072495, 5.52495956421, 3.80268669128, 3.68164110184, 3.61235976219, 2.82615923882, 2.67137074471, 2.59099149704, 2.79470610619, 4.08974647522, 5.34845638275, 6.33308029175, 8.60955810547, 12.7976350784, 12.0936031342, 12.3801193237, 11.5119972229, 12.3804779053, 15.5911798477, 11.5668649673, 5.09243249893, 3.54958939552, 1.70207345486, 0.560864388943, 0.189504668117, 0.0587617196143, 0.0382910259068, 0.00710833957419, 0.000795751868282, 9.66964216786e-05], "min": [1.70606041729e-21, 6.81145591257e-21, 2.85263024697e-20, 3.8380837918e-20, 5.44504045922e-20, 2.48368242599e-19, 4.25018995511e-19, 1.93352744401e-19, 1.36801714643e-18, 1.22802582335e-18, 1.51105528591e-18, 1.31763657385e-18, 2.13744235426e-18, 1.63027165772e-18, 3.45813608426e-18, 3.54177024804e-18, 3.84889910076e-18, 1.10278677018e-17, 6.99990509153e-18, 5.56851453644e-18, 1.17093073622e-17, 1.81165325818e-17, 1.50162695721e-17, 1.82773216036e-17, 9.38554278179e-18, 2.11286181382e-17, 1.58123597741e-17, 9.6603313541e-18, 1.54873489309e-17, 1.99449144098e-17, 1.67710538323e-17, 1.92299044514e-17, 1.73602628544e-17, 1.27825733798e-17, 1.00891839699e-17, 5.51212604767e-18, 2.66844660579e-18, 1.09978470426e-18, 2.94068911617e-19, 3.69012961455e-20], "dvar2": [0.502876341343, 164.264465332, 1839.55151367, 970.052368164, 996.06060791, 4272.78564453, 1118.01782227, 143.447402954, 199.716812134, 456.043884277, 458.902740479, 1107.15258789, 864.762512207, 475.852416992, 3854.34936523, 249.243087769, 875.12109375, 1019.27001953, 499.938720703, 1561.45922852, 1316.84118652, 439.049530029, 1424.2980957, 2996.51098633, 10343.4365234, 9018.73535156, 5028.88769531, 3484.42236328, 2280.27832031, 1474.63293457, 186.372238159, 65.9457092285, 22.5032634735, 7.14535522461, 1.20818591118, 0.174295291305, 0.039867926389, 0.00189322512597, 4.70756094728e-05, 1.46218667396e-07], "dvar": [0.267844080925, 84.7601623535, 884.570068359, 417.534179688, 373.586029053, 1492.4296875, 385.538116455, 53.4750785828, 76.1621932983, 189.409484863, 176.947631836, 411.043609619, 316.778381348, 179.236526489, 1439.03039551, 94.7902908325, 329.796630859, 377.999969482, 193.68309021, 645.955871582, 526.945495605, 183.332336426, 608.291870117, 1303.62756348, 4405.10009766, 3722.93725586, 2106.3347168, 1457.23291016, 909.24432373, 574.999267578, 74.03490448, 26.9898986816, 8.45509815216, 2.71294021606, 0.453069359064, 0.0664243921638, 0.0151611696929, 0.000723952660337, 1.80527913471e-05, 5.66079521036e-08], "dmean": [0.408484995365, 6.22281694412, 14.73620224, 9.90697574615, 7.71717596054, 14.015329361, 9.21663951874, 5.32420349121, 6.27476644516, 9.74980068207, 8.84449958801, 12.3479795456, 9.96608543396, 8.28535461426, 15.3454818726, 6.39454269409, 8.70236968994, 8.98894309998, 7.29194688797, 11.0836467743, 12.090839386, 11.1371870041, 19.8650474548, 27.9597110748, 46.6493797302, 41.770401001, 31.5180530548, 24.438583374, 18.0356578827, 13.6221008301, 4.84262275696, 3.17148208618, 1.54990303516, 0.744342029095, 0.310902863741, 0.11737395823, 0.0620760023594, 0.01252062805, 0.00183314876631, 0.000124431651784], "max": [5.08872652054, 62.1138305664, 177.042404175, 122.811470032, 113.792205811, 228.038314819, 181.655548096, 86.5456924438, 154.191192627, 148.830047607, 105.410842896, 169.513397217, 178.460739136, 182.696502686, 578.843322754, 88.9233398438, 162.992004395, 159.448852539, 123.15461731, 348.594573975, 315.849151611, 129.344558716, 272.228973389, 417.07598877, 675.424194336, 562.914855957, 393.640136719, 330.56350708, 306.572387695, 189.353973389, 69.4444274902, 46.7568817139, 28.0729045868, 14.6668787003, 6.2753739357, 2.13792586327, 0.889411747456, 0.208127558231, 0.0403600931168, 0.00219255802222], "var": [0.696016848087, 152.949935913, 1026.18676758, 408.739196777, 263.018859863, 867.562316895, 252.360549927, 67.0462417603, 100.409210205, 199.202713013, 153.727752686, 301.408294678, 216.423370361, 137.127410889, 1303.71606445, 85.8426895142, 245.432220459, 265.629974365, 157.180648804, 647.104614258, 573.101135254, 260.113769531, 887.191345215, 2056.05444336, 5139.92626953, 3919.296875, 2295.14990234, 1463.59008789, 1096.82971191, 554.162109375, 72.9825592041, 30.6753120422, 8.2916059494, 2.18099141121, 0.367702126503, 0.0525257140398, 0.0118809714913, 0.000580425839871, 1.42231783684e-05, 5.12893407745e-08], "mean": [0.65044850111, 7.5567650795, 15.2070999146, 9.39573192596, 6.23286962509, 9.88021659851, 8.46122169495, 6.84713172913, 8.2172203064, 11.1332931519, 9.72017669678, 11.5061483383, 8.63647937775, 7.8149356842, 14.381313324, 6.29598426819, 7.63332033157, 7.49548482895, 6.82101154327, 11.6923112869, 13.555437088, 12.8761548996, 22.1759662628, 33.3521995544, 46.674118042, 40.7587356567, 32.4515914917, 26.7240047455, 24.910987854, 18.4600601196, 7.25322580338, 4.93492555618, 2.42608571053, 0.928840816021, 0.360036671162, 0.125517517328, 0.0686487182975, 0.0137781118974, 0.0018769428134, 0.000164184704772]}, "spectral_strongpeak": {"dmean2": 0.478136092424, "median": 0.316204845905, "min": 0, "dvar2": 0.829971432686, "dvar": 0.308104336262, "dmean": 0.304321855307, "max": 13.3788700104, "var": 0.330450922251, "mean": 0.505985379219}, "spectral_energy": {"dmean2": 0.0364856086671, "median": 0.0349346846342, "min": 1.05966852866e-20, "dvar2": 0.00191807595547, "dvar": 0.00105959724169, "dmean": 0.0281015317887, "max": 0.284102082253, "var": 0.00349101889879, "mean": 0.0549844056368}, "average_loudness": 0.965344965458, "spectral_rolloff": {"dmean2": 2079.29785156, "median": 775.1953125, "min": 64.599609375, "dvar2": 5243581, "dvar": 2250650.75, "dmean": 1201.79602051, "max": 19573.6816406, "var": 7616569, "mean": 2172.6159668}, "spectral_centroid": {"dmean2": 963.786437988, "median": 2257.71362305, "min": 119.546531677, "dvar2": 709927.8125, "dvar": 383059.78125, "dmean": 621.414978027, "max": 11441.7099609, "var": 1162732.125, "mean": 2086.53222656}, "pitch_salience": {"dmean2": 0.216038554907, "median": 0.4765419662, "min": 0.0386630445719, "dvar2": 0.0294356010854, "dvar": 0.0131745897233, "dmean": 0.138112291694, "max": 0.91721779108, "var": 0.0416690334678, "mean": 0.4468742311}, "spectral_energyband_middle_high": {"dmean2": 0.00464373175055, "median": 0.00164038152434, "min": 1.73015811108e-21, "dvar2": 3.45067528542e-05, "dvar": 1.42441340358e-05, "dmean": 0.00298357149586, "max": 0.0317848883569, "var": 1.76112316694e-05, "mean": 0.00335983047262}, "spectral_contrast_coeffs": {"dmean2": [0.101364329457, 0.0830423608422, 0.0640387311578, 0.0485600866377, 0.0471076630056, 0.0430184602737], "median": [-0.699298560619, -0.798728346825, -0.827550172806, -0.838014483452, -0.803907811642, -0.717643260956], "min": [-0.948568344116, -0.967245221138, -0.959759354591, -0.955919742584, -0.954892158508, -0.960223376751], "dvar2": [0.00589216733351, 0.0040402780287, 0.00245574861765, 0.00159964943305, 0.00143786892295, 0.00125331594609], "dvar": [0.00275528663769, 0.00146026758011, 0.000875179306604, 0.00063454080373, 0.000584088673349, 0.000543790927622], "dmean": [0.0653896704316, 0.0495555400848, 0.0377150326967, 0.0295728351921, 0.0294031836092, 0.0279920157045], "max": [-0.340997040272, -0.564233660698, -0.582924425602, -0.610910356045, -0.606763601303, -0.584832489491], "var": [0.0101373931393, 0.00289557594806, 0.0016354698455, 0.00158304150682, 0.00150677224156, 0.00178105931263], "mean": [-0.675556957722, -0.794362902641, -0.82460385561, -0.832909405231, -0.801814436913, -0.71719121933]}, "melbands_skewness": {"dmean2": 3.78976964951, "median": 4.16739225388, "min": -0.713400363922, "dvar2": 12.9937744141, "dvar": 6.79688501358, "dmean": 2.60339307785, "max": 22.2031612396, "var": 20.0233974457, "mean": 5.59876203537}, "spectral_spread": {"dmean2": 1432244.25, "median": 5030400.5, "min": 715499.3125, "dvar2": 1475082190850.0, "dvar": 722462375936, "dmean": 959610.875, "max": 39504580, "var": 3090645254140.0, "mean": 5334896.5}, "dissonance": {"dmean2": 0.0198313184083, "median": 0.488091945648, "min": 0.192473351955, "dvar2": 0.000459832197521, "dvar": 0.000168589394889, "dmean": 0.0116986157373, "max": 0.500000119209, "var": 0.000221893016715, "mean": 0.483787000179}, "spectral_skewness": {"dmean2": 0.35493439436, "median": 0.846714735031, "min": -0.0558738149703, "dvar2": 0.163000628352, "dvar": 0.0744300037622, "dmean": 0.219173744321, "max": 8.98921871185, "var": 0.13847835362, "mean": 0.919610440731}, "spectral_flux": {"dmean2": 0.0686750710011, "median": 0.11758081615, "min": 1.02940204971e-10, "dvar2": 0.00380398333073, "dvar": 0.00201263953932, "dmean": 0.0486415140331, "max": 0.418892115355, "var": 0.00778622506186, "mean": 0.141339793801}, "spectral_contrast_valleys": {"dmean2": [0.706057667732, 0.709387183189, 0.839201331139, 0.800877332687, 0.842451632023, 0.454200237989], "median": [-6.70699596405, -6.54113197327, -7.36157798767, -7.76393127441, -7.01132249832, -9.37456417084], "min": [-27.6582660675, -27.6186923981, -27.2267665863, -27.5534610748, -27.3921928406, -27.2246341705], "dvar2": [0.304653704166, 0.31761854887, 0.539497971535, 0.468242138624, 0.468052834272, 0.268540143967], "dvar": [0.119882069528, 0.155385375023, 0.237512230873, 0.21772582829, 0.209131851792, 0.138462126255], "dmean": [0.416336268187, 0.456596434116, 0.54933565855, 0.535417735577, 0.56467372179, 0.308185011148], "max": [-5.08988189697, -4.91917276382, -5.48543357849, -5.85502433777, -5.32857465744, -7.83586978912], "var": [2.3663289547, 1.75902032852, 1.57202327251, 1.54381525517, 1.78199112415, 1.33389508724], "mean": [-6.96304655075, -6.67946815491, -7.43726301193, -7.88240003586, -7.1375207901, -9.59268569946]}, "erbbands_flatness_db": {"dmean2": 0.0295025371015, "median": 0.118009179831, "min": 0.0144865205511, "dvar2": 0.000549583288375, "dvar": 0.000243921007495, "dmean": 0.0187402255833, "max": 0.371992051601, "var": 0.000773288251366, "mean": 0.120665661991}, "spectral_energyband_high": {"dmean2": 0.00310522341169, "median": 0.00142287812196, "min": 7.36025874505e-21, "dvar2": 2.29223351198e-05, "dvar": 9.46448199102e-06, "dmean": 0.00191616849042, "max": 0.0250158719718, "var": 9.8705131677e-06, "mean": 0.00246338080615}, "spectral_entropy": {"dmean2": 0.278645396233, "median": 7.9863409996, "min": 5.36374282837, "dvar2": 0.0797920748591, "dvar": 0.0438593812287, "dmean": 0.179330155253, "max": 9.79623985291, "var": 0.145005583763, "mean": 7.90187215805}, "silence_rate_20dB": {"dmean2": 0, "median": 1, "min": 1, "dvar2": 0, "dvar": 0, "dmean": 0, "max": 1, "var": 0, "mean": 1}, "melbands_flatness_db": {"dmean2": 0.0876555740833, "median": 0.194774121046, "min": 0.0046572717838, "dvar2": 0.00599856721237, "dvar": 0.00253714504652, "dmean": 0.0611287653446, "max": 0.609226286411, "var": 0.0111405793577, "mean": 0.21278809011}, "barkbands": {"dmean2": [0.000326928158756, 0.0337419509888, 0.019872289151, 0.00513419508934, 0.00619467813522, 0.00127179839183, 0.00083111267304, 0.000704292382579, 0.000940082420129, 0.000499385409057, 0.000580290972721, 0.0002751