{"tonal": {"thpcp": [1, 0.867497384548, 0.502911388874, 0.285532414913, 0.21600702405, 0.341775327921, 0.509361445904, 0.554076135159, 0.584598064423, 0.581993937492, 0.409166425467, 0.278836965561, 0.286219477654, 0.37033906579, 0.708890736103, 0.906097888947, 0.564219474792, 0.26835668087, 0.239765509963, 0.230447113514, 0.290451347828, 0.414614588022, 0.414142429829, 0.340322226286, 0.323666721582, 0.320539981127, 0.387348562479, 0.461282104254, 0.355860114098, 0.295817255974, 0.403154045343, 0.415315270424, 0.324552834034, 0.258655816317, 0.293561249971, 0.622377693653], "hpcp": {"dmean2": [0.310062974691, 0.325308382511, 0.268838554621, 0.185670644045, 0.164234310389, 0.167300999165, 0.206987783313, 0.240484043956, 0.233729243279, 0.221190750599, 0.206719085574, 0.203868791461, 0.218330070376, 0.240504920483, 0.191584736109, 0.151582717896, 0.174087166786, 0.186739295721, 0.176494896412, 0.147322937846, 0.186233311892, 0.299401015043, 0.353727966547, 0.345033556223, 0.298925578594, 0.198800742626, 0.160501241684, 0.226010605693, 0.278428435326, 0.307634234428, 0.309437662363, 0.278030186892, 0.206694126129, 0.174313217402, 0.181930080056, 0.250811606646], "median": [0.132166430354, 0.192870542407, 0.126892015338, 0.0439722426236, 0.0357561968267, 0.0322960354388, 0.0461541377008, 0.0698644891381, 0.0690940842032, 0.0466941297054, 0.0387480892241, 0.0418988913298, 0.0802828595042, 0.100347578526, 0.0708366185427, 0.0570040121675, 0.0647691860795, 0.0727032572031, 0.0576577559114, 0.0441311001778, 0.0509899891913, 0.143570229411, 0.268741667271, 0.229706421494, 0.0774226412177, 0.0407659262419, 0.0294729899615, 0.0451220460236, 0.0646416544914, 0.0770193710923, 0.0922038480639, 0.0839546173811, 0.052763979882, 0.0427243709564, 0.0479576326907, 0.0654437020421], "min": [0, 0, 0, 0, 0, 0, 0, 0, 0, 0, 0, 0, 0, 0, 0, 0, 0, 0, 0, 0, 0, 0, 0, 0, 0, 0, 0, 0, 0, 0, 0, 0, 0, 0, 0, 0], "dvar2": [0.126897022128, 0.129414618015, 0.100283361971, 0.0808318853378, 0.0743079632521, 0.0840213596821, 0.107810467482, 0.110143296421, 0.102757610381, 0.115235798061, 0.105565540493, 0.105054371059, 0.0922022387385, 0.103941485286, 0.0769766122103, 0.0506909675896, 0.0668937265873, 0.0682590976357, 0.0754186213017, 0.0606493912637, 0.0777986943722, 0.120001420379, 0.133547738194, 0.11968293786, 0.139580488205, 0.0856505483389, 0.0763831883669, 0.109429016709, 0.139493241906, 0.153180509806, 0.156137853861, 0.130496710539, 0.0944563150406, 0.0795657411218, 0.075166605413, 0.101938582957], "dvar": [0.049557633698, 0.0553328245878, 0.036226850003, 0.0289952643216, 0.0267021860927, 0.0303441286087, 0.0393059030175, 0.0417739935219, 0.0387731567025, 0.0426696129143, 0.0396340601146, 0.0380478799343, 0.0335172191262, 0.038236733526, 0.0286694988608, 0.0190389230847, 0.026554884389, 0.0257684923708, 0.0272292532027, 0.0220430754125, 0.0275502875447, 0.0440842919052, 0.0529673099518, 0.0465201511979, 0.0522193275392, 0.0310311187059, 0.0279614217579, 0.0400620102882, 0.0512554347515, 0.0549837574363, 0.0592307709157, 0.0492607280612, 0.0356553085148, 0.0287056136876, 0.0271694343537, 0.03556195274], "dmean": [0.184465676546, 0.195943161845, 0.157721251249, 0.103097043931, 0.0914868339896, 0.0933979377151, 0.11552914232, 0.137165695429, 0.132693782449, 0.124288350344, 0.114922977984, 0.114318177104, 0.124422140419, 0.138761132956, 0.110254578292, 0.0881684347987, 0.103304818273, 0.109795749187, 0.100424081087, 0.0834414958954, 0.10508479178, 0.172792807221, 0.209347844124, 0.203252360225, 0.168449655175, 0.111169315875, 0.0892201438546, 0.12697263062, 0.159101307392, 0.174951136112, 0.176781907678, 0.159282654524, 0.118675820529, 0.0983039438725, 0.102558076382, 0.140413269401], "max": [1, 1, 1, 1, 1, 1, 1, 1, 1, 1, 1, 1, 1, 1, 1, 1, 1, 1, 1, 1, 1, 1, 1, 1, 1, 1, 1, 1, 1, 1, 1, 1, 1, 1, 1, 1], "var": [0.0926019698381, 0.122785210609, 0.0554549619555, 0.0261125974357, 0.0247276257724, 0.0248599182814, 0.032189887017, 0.0486811287701, 0.048863388598, 0.0449245013297, 0.0457234084606, 0.0421083085239, 0.036230020225, 0.045108743012, 0.0332513190806, 0.0240799486637, 0.0500441044569, 0.0456378161907, 0.0323585011065, 0.026006732136, 0.02864850685, 0.0633161142468, 0.117136307061, 0.0928914397955, 0.0651950016618, 0.0295250341296, 0.0238761473447, 0.0421073101461, 0.0767649188638, 0.0775652304292, 0.0819783583283, 0.0851836279035, 0.0558907091618, 0.0288869440556, 0.0269118919969, 0.0349340848625], "mean": [0.271031111479, 0.346429556608, 0.215718761086, 0.102601155639, 0.091669857502, 0.0881071388721, 0.111048638821, 0.158520132303, 0.158339604735, 0.130115836859, 0.123747907579, 0.122552461922, 0.148095473647, 0.1763625741, 0.13605645299, 0.11310018599, 0.154138401151, 0.158788025379, 0.12408670038, 0.0988922119141, 0.112237654626, 0.237954467535, 0.3823312819, 0.331671386957, 0.192278757691, 0.109167978168, 0.0825862437487, 0.130671396852, 0.194744810462, 0.211840629578, 0.22351013124, 0.222514495254, 0.156437128782, 0.106608092785, 0.109430663288, 0.141592204571]}, "tuning_equal_tempered_deviation": 0.340839624405, "chords_changes_rate": 0.0653699636459, "key_key": "A", "tuning_diatonic_strength": 0.650020360947, "key_scale": "major", "chords_number_rate": 0.00180469220504, "tuning_frequency": 434.193115234, "tuning_nontempered_energy_ratio": 0.960544407368, "chords_histogram": [34.9308204651, 0.922398209572, 0.802085399628, 0, 0.200521349907, 0, 0.28072988987, 0, 0.180469214916, 0, 0, 0.641668319702, 0.100260674953, 1.52396225929, 0.0200521349907, 0.260677754879, 1.90495288372, 20.0922393799, 12.4323244095, 4.09063577652, 6.13595342636, 0.782033264637, 10.1664323807, 4.53178262711], "key_strength": 0.701600015163, "chords_key": "A", "chords_strength": {"dmean2": 0.012373721227, "median": 0.540531694889, "min": -1, "dvar2": 0.000921930361073, "dvar": 0.000498095527291, "dmean": 0.0117241209373, "max": 0.783661007881, "var": 0.0369900017977, "mean": 0.518104791641}, "chords_scale": "major", "hpcp_entropy": {"dmean2": 1.09612154961, "median": 2.28025197983, "min": 0, "dvar2": 0.770599424839, "dvar": 0.277233690023, "dmean": 0.649447917938, "max": 4.41826868057, "var": 0.642121195793, "mean": 2.23275375366}}, "metadata": {"audio_properties": {"equal_loudness": 0, "codec": "flac", "downmix": "mix", "sample_rate": 44100, "analysis_sample_rate": 44100, "bit_rate": 0, "md5_encoded": "a04ab3b77cd5d7d10507965e700a0db9", "length": 231.533340454, "replay_gain": -12.2077388763, "lossless": true}, "version": {"essentia_build_sha": "2d9f1f26377add8aeb1075a9c2973f962c4f09fd", "essentia": "2.1-beta2", "extractor": "music 1.0", "essentia_git_sha": "v2.1_beta2-1-ge3940c0"}, "tags": {"title": ["Jealous"], "barcode": ["607618201623"], "media": ["CD"], "albumartist": ["Gene Loves Jezebel"], "tracktotal": ["18"], "musicbrainz_releasegroupid": ["149d9b2a-c265-318a-ac78-5e552219b47a"], "releasetype": ["album", "compilation"], "musicbrainz_recordingid": ["1340f5c2-7745-498e-a7b5-5632da9302a6"], "musicbrainz_albumartistid": ["d72c9ab4-0b73-44e3-8601-c4da02a43b25"], "originalyear": ["1999"], "musicbrainz_releasetrackid": ["15cd1421-9b24-38d3-b856-54ff12189491"], "discnumber": ["1"], "album": ["Voodoo Dollies: The Best of Gene Loves Jezebel"], "catalognumber": ["BBL 2016 CD"], "releasecountry": ["US"], "originaldate": ["1999-09-07"], "albumartistsort": ["Gene Loves Jezebel"], "date": ["1999-09-07"], "file_name": "65ecffeb4b8eadfc4d0fa1c715c6.flac", "disctotal": ["1"], "acoustid_id": ["1fa365ec-ffeb-4b8e-adfc-4d0fa1c715c6"], "musicbrainz_artistid": ["d72c9ab4-0b73-44e3-8601-c4da02a43b25"], "asin": ["B00000K1N8"], "musicbrainz_albumid": ["67d6423e-363f-4a0e-afa6-90b5e61cdea0"], "tracknumber": ["14"], "artistsort": ["Gene Loves Jezebel"], "artist": ["Gene Loves Jezebel"], "label": ["Beggars Banquet US"], "releasestatus": ["official"], "totaldiscs": ["1"], "script": ["Latn"], "totaltracks": ["18"]}}, "rhythm": {"bpm_histogram_first_peak_bpm": {"dmean2": 0, "median": 99, "min": 99, "dvar2": 0, "dvar": 0, "dmean": 0, "max": 99, "var": 0, "mean": 99}, "bpm": 98.5245742798, "bpm_histogram_second_peak_spread": {"dmean2": 0, "median": 0.285714268684, "min": 0.285714268684, "dvar2": 0, "dvar": 0, "dmean": 0, "max": 0.285714268684, "var": 0, "mean": 0.285714268684}, "bpm_histogram_first_peak_weight": {"dmean2": 0, "median": 0.913612604141, "min": 0.913612604141, "dvar2": 0, "dvar": 0, "dmean": 0, "max": 0.913612604141, "var": 0, "mean": 0.913612604141}, "onset_rate": 4.06824636459, "beats_position": [0.592108845711, 1.19582760334, 1.79954648018, 2.40326523781, 3.01859402657, 3.62231278419, 4.22603178024, 4.841360569, 5.44507932663, 6.06040811539, 6.67573690414, 7.2910656929, 7.89478445053, 8.498503685, 9.10222244263, 9.70594120026, 10.321269989, 10.9133787155, 11.5170974731, 12.1208162308, 12.7245349884, 13.328253746, 13.9435825348, 14.5589113235, 15.1742401123, 15.7895689011, 16.3932876587, 16.99700737, 17.600725174, 18.2044448853, 18.8197727203, 19.4234924316, 20.0388202667, 20.642539978, 21.246257782, 21.8499774933, 22.4653053284, 23.0806350708, 23.6843528748, 24.2880725861, 24.9034004211, 25.5187301636, 26.1224479675, 26.7261676788, 27.3414955139, 27.9568252563, 28.5721530914, 29.1874828339, 29.7912006378, 30.4065303802, 31.0102481842, 31.6255779266, 32.2292976379, 32.8330154419, 33.4483451843, 34.0636711121, 34.6673927307, 35.2711105347, 35.8748283386, 36.4785499573, 37.093875885, 37.7092056274, 38.3129234314, 38.91664505, 39.5319709778, 40.1473007202, 40.7626304626, 41.3779602051, 41.981678009, 42.585395813, 43.2007255554, 43.7928352356, 44.4081611633, 45.0234909058, 45.6272087097, 46.2309303284, 46.8346481323, 47.4383659363, 48.0536956787, 48.6690254211, 49.2843513489, 49.8996810913, 50.5033988953, 51.1071205139, 51.7108383179, 52.3145561218, 52.9182739258, 53.5219955444, 54.1257133484, 54.7294311523, 55.333152771, 55.9484786987, 56.5638084412, 57.1675262451, 57.7712478638, 58.3749656677, 58.9902954102, 59.6056213379, 60.2093429565, 60.8130607605, 61.4283905029, 62.0437164307, 62.6474380493, 63.2511558533, 63.8548736572, 64.4585952759, 65.0739212036, 65.6892471313, 66.29296875, 66.8966903687, 67.5120162964, 68.1273422241, 68.7194519043, 69.3115615845, 69.9152832031, 70.5189971924, 71.122718811, 71.7380523682, 72.3417663574, 72.9570999146, 73.5724258423, 74.18775177, 74.7914733887, 75.3951950073, 75.9989089966, 76.6026306152, 77.2063446045, 77.8100662231, 78.4253921509, 79.040725708, 79.6444396973, 80.2481613159, 80.8518829346, 81.4555969238, 82.0593185425, 82.6746444702, 83.2899780273, 83.8936920166, 84.4974136353, 85.1011352539, 85.7164611816, 86.3317871094, 86.9471206665, 87.5740585327, 88.1893844604, 88.8163223267, 89.4200439453, 90.0469818115, 90.6507034302, 91.2660293579, 91.8813552856, 92.4850769043, 93.1120147705, 93.7157363892, 94.3194503784, 94.9231719971, 95.5268936157, 96.130607605, 96.7343292236, 97.3380508423, 97.95337677, 98.5687026978, 99.1840362549, 99.7877502441, 100.403083801, 101.006797791, 101.610519409, 102.214241028, 102.829566956, 103.444892883, 104.06022644, 104.675552368, 105.279273987, 105.882987976, 106.498321533, 107.113647461, 107.71736908, 108.321083069, 108.936416626, 109.551742554, 110.143852234, 110.735961914, 111.339683533, 111.943397522, 112.547119141, 113.15083313, 113.766166687, 114.381492615, 114.985214233, 115.588935852, 116.192649841, 116.807983398, 117.423309326, 118.027030945, 118.642356873, 119.2576828, 119.861404419, 120.465126038, 121.068840027, 121.672561646, 122.276275635, 122.891609192, 123.50693512, 124.122268677, 124.737594604, 125.352920532, 125.968254089, 126.571968079, 127.187301636, 127.802627563, 128.406341553, 128.986846924, 129.590560913, 130.194290161, 130.809616089, 131.424942017, 132.028656006, 132.643981934, 133.25932312, 133.863037109, 134.478363037, 135.093688965, 135.697418213, 136.301132202, 136.904846191, 137.508575439, 138.112289429, 138.716003418, 139.331329346, 139.946670532, 140.56199646, 141.165710449, 141.781036377, 142.384765625, 143.000091553, 143.61541748, 144.21913147, 144.811248779, 145.426574707, 146.030288696, 146.634017944, 147.237731934, 147.853057861, 148.468383789, 149.083709717, 149.699050903, 150.314376831, 150.929702759, 151.533416748, 152.137145996, 152.740859985, 153.344573975, 153.948303223, 154.552017212, 155.155731201, 155.759460449, 156.363174438, 156.966888428, 157.582214355, 158.197555542, 158.81288147, 159.428207397, 160.031921387, 160.635650635, 161.239364624, 161.843078613, 162.446792603, 163.050521851, 163.665847778, 164.281173706, 164.896499634, 165.5234375, 166.138778687, 166.765716553, 167.369430542, 167.98475647, 168.600082397, 169.203811646, 169.819137573, 170.422851563, 171.03817749, 171.641906738, 172.257232666, 172.872558594, 173.476272583, 174.080001831, 174.68371582, 175.28742981, 175.902755737, 176.518096924, 177.121810913, 177.725524902, 178.32925415, 178.944580078, 179.548294067, 180.163619995, 180.778961182, 181.394287109, 181.998001099, 182.601715088, 183.205444336, 183.809158325, 184.424484253, 185.039810181, 185.643539429, 186.235641479, 186.839355469, 187.431472778, 188.046798706, 188.662124634, 189.277450562, 189.892791748, 190.508117676, 191.123443604, 191.738769531, 192.354095459, 192.957824707, 193.561538696, 194.165252686, 194.768981934, 195.384307861, 195.999633789, 196.614959717, 197.218673706, 197.834014893, 198.437728882, 199.041442871, 199.645172119, 200.248886108, 200.852600098, 201.467926025, 202.083267212, 202.686981201, 203.29069519, 203.894424438, 204.498138428, 205.113464355, 205.728790283, 206.332519531, 206.947845459, 207.563171387, 208.178497314, 208.793823242, 209.39755249, 210.012878418, 210.616592407, 211.231918335, 211.847259521, 212.462585449, 213.066299438, 213.681625366, 214.296951294, 214.91229248, 215.527618408, 216.142944336, 216.758270264, 217.373596191, 217.988937378, 218.592651367, 219.207977295, 219.823303223, 220.43862915, 221.053970337, 221.669296265, 222.284622192, 222.89994812, 223.364349365, 223.82875061, 224.304763794, 224.745941162, 225.18711853, 225.61668396, 226.04624939, 226.475830078, 226.905395508, 227.369796753, 227.82258606, 228.286987305, 228.751373291, 229.273834229, 229.784667969, 230.295501709, 230.817947388], "beats_loudness": {"dmean2": 0.0290345642716, "median": 0.0279796719551, "min": 0, "dvar2": 0.000610894116107, "dvar": 0.000229076686082, "dmean": 0.0165958944708, "max": 0.115083649755, "var": 0.000370622932678, "mean": 0.0307132862508}, "danceability": 1.04224646091, "bpm_histogram_second_peak_weight": {"dmean2": 0, "median": 0.013089004904, "min": 0.013089004904, "dvar2": 0, "dvar": 0, "dmean": 0, "max": 0.013089004904, "var": 0, "mean": 0.013089004904}, "beats_count": 383, "bpm_histogram_second_peak_bpm": {"dmean2": 0, "median": 129, "min": 129, "dvar2": 0, "dvar": 0, "dmean": 0, "max": 129, "var": 0, "mean": 129}, "bpm_histogram_first_peak_spread": {"dmean2": 0, "median": 0.0438355766237, "min": 0.0438355766237, "dvar2": 0, "dvar": 0, "dmean": 0, "max": 0.0438355766237, "var": 0, "mean": 0.0438355766237}, "beats_loudness_band_ratio": {"dmean2": [0.341998130083, 0.291298300028, 0.217356517911, 0.207722887397, 0.116294831038, 0.129255607724], "median": [0.304536700249, 0.180244997144, 0.122114419937, 0.0775099024177, 0.0919137969613, 0.0825653970242], "min": [0, 0, 0, 0, 0, 0], "dvar2": [0.0676494687796, 0.0390008985996, 0.0361377485096, 0.0599389262497, 0.0148560218513, 0.0123383281752], "dvar": [0.0258263908327, 0.0124040488154, 0.0128498729318, 0.0214347392321, 0.00538779934868, 0.00456893537194], "dmean": [0.196194380522, 0.155246198177, 0.118621379137, 0.118028603494, 0.0674915537238, 0.0691669508815], "max": [0.998007595539, 0.880863130093, 0.810226559639, 0.785643935204, 0.680119931698, 0.693291246891], "var": [0.0424037873745, 0.0191962867975, 0.0148502383381, 0.0212123114616, 0.010702601634, 0.00516639743], "mean": [0.347943425179, 0.203790470958, 0.150464460254, 0.137156009674, 0.119655311108, 0.0959999337792]}}, "lowlevel": {"barkbands_spread": {"dmean2": 10.7154836655, "median": 29.4165916443, "min": 0.0651844590902, "dvar2": 123.356246948, "dvar": 51.5671577454, "dmean": 6.75309753418, "max": 105.602233887, "var": 171.274673462, "mean": 30.5306663513}, "melbands_spread": {"dmean2": 15.6289815903, "median": 33.9938545227, "min": 0.0508040226996, "dvar2": 318.614929199, "dvar": 148.084533691, "dmean": 9.94276428223, "max": 233.195739746, "var": 591.461608887, "mean": 37.6757202148}, "hfc": {"dmean2": 11.0706224442, "median": 17.2157707214, "min": 1.08245443911e-16, "dvar2": 396.813171387, "dvar": 169.693786621, "dmean": 7.38748550415, "max": 240.370437622, "var": 533.230529785, "mean": 23.8573989868}, "barkbands_kurtosis": {"dmean2": 10.5335578918, "median": -0.0129533298314, "min": -1.92097496986, "dvar2": 29843.0371094, "dvar": 11436.8886719, "dmean": 6.71627569199, "max": 7646.20556641, "var": 13162.2451172, "mean": 6.28747558594}, "gfcc": {"mean": [-6.14383840561, 61.6415367126, -121.17275238, 32.1230926514, -51.8217086792, 9.61945343018, -32.4593963623, 4.86794090271, -23.1891040802, -5.07744836807, -20.0932235718, 2.47934103012, -14.4790124893], "icov": [[9.56359435804e-05, -0.000160817377036, 0.000136865899549, -6.40326397843e-05, 0.000145790487295, -0.000297746912111, 0.000398994801799, -0.000351086666342, 0.000406986044254, -0.000460853771074, 0.000718793307897, -0.000553387508262, 0.000328491034452], [-0.000160817377036, 0.00182365812361, 0.000217124252231, -0.000856462167576, -0.000605596636888, 0.000783615920227, -0.00169626669958, 0.000734429107979, -0.000359102647053, 0.00102115178015, -0.00132993026637, 0.00103263847996, -0.000741649011616], [0.000136865899549, 0.000217124252231, 0.00134370138403, -0.000456542678876, -0.000390104745748, -0.00103208434302, 0.000449651677627, -0.000100807839772, -0.000138602612424, -0.00103271985427, 0.00146917963866, -0.00201380462386, 0.000759688497055], [-6.40326397843e-05, -0.000856462167576, -0.000456542678876, 0.00454362947494, -0.000295641075354, -0.000567698210943, 0.00129235314671, -4.37472335761e-05, -0.00119865126908, -0.0002235173597, -0.000426260521635, 0.000407778628869, -0.000184419055586], [0.000145790487295, -0.000605596636888, -0.000390104745748, -0.000295641075354, 0.00418953690678, 4.44300094387e-05, -0.00137223873753, -0.00111163617112, 0.00157301686704, -0.00173635384999, 0.00155057478696, -0.00103684770875, -5.87455797358e-05], [-0.000297746912111, 0.000783615920227, -0.00103208434302, -0.000567698210943, 4.44300094387e-05, 0.00646369485185, -0.00284828571603, -0.00104884698521, 0.00197011907585, 0.00141332147177, -0.00342611619271, 0.00122272246517, -0.000410731183365], [0.000398994801799, -0.00169626669958, 0.000449651677627, 0.00129235314671, -0.00137223873753, -0.00284828571603, 0.0104866968468, -0.00377927836962, 0.000699391472153, -0.00128623330966, 0.000837580766529, -0.00114018458407, -7.07201252226e-05], [-0.000351086666342, 0.000734429107979, -0.000100807839772, -4.37472335761e-05, -0.00111163617112, -0.00104884698521, -0.00377927836962, 0.0134256621823, -0.0085602523759, 0.00109857728239, 0.00206714705564, -0.00029826912214, -0.000712891749572], [0.000406986044254, -0.000359102647053, -0.000138602612424, -0.00119865126908, 0.00157301686704, 0.00197011907585, 0.000699391472153, -0.0085602523759, 0.0183389615268, -0.00530881294981, -0.00202619703487, 0.00211767456494, -0.000625054351985], [-0.000460853771074, 0.00102115178015, -0.00103271985427, -0.0002235173597, -0.00173635384999, 0.00141332147177, -0.00128623330966, 0.00109857728239, -0.00530881294981, 0.0185994859785, -0.00933969952166, 0.00123334128875, -0.000350062124198], [0.000718793307897, -0.00132993026637, 0.00146917963866, -0.000426260521635, 0.00155057478696, -0.00342611619271, 0.000837580766529, 0.00206714705564, -0.00202619703487, -0.00933969952166, 0.024683887139, -0.0122789116576, 0.00265007652342], [-0.000553387508262, 0.00103263847996, -0.00201380462386, 0.000407778628869, -0.00103684770875, 0.00122272246517, -0.00114018458407, -0.00029826912214, 0.00211767456494, 0.00123334128875, -0.0122789116576, 0.0240979008377, -0.00825033243746], [0.000328491034452, -0.000741649011616, 0.000759688497055, -0.000184419055586, -5.87455797358e-05, -0.000410731183365, -7.07201252226e-05, -0.000712891749572, -0.000625054351985, -0.000350062124198, 0.00265007652342, -0.00825033243746, 0.0192529018968]], "cov": [[29841.7324219, 1173.92016602, -1900.98596191, 444.544281006, -802.507141113, 545.875061035, -737.335876465, 163.067245483, -609.122314453, -73.0138702393, -575.374572754, 35.2456817627, -298.942749023], [1173.92016602, 922.954284668, -318.792144775, 130.216796875, 99.1147613525, -38.4088096619, 104.232261658, 9.77453804016, -8.14018821716, -19.5028247833, -0.152713268995, -21.8128261566, 19.6331863403], [-1900.98596191, -318.792144775, 1378.83581543, 86.6108703613, 210.752334595, 186.341873169, 62.8024024963, 50.6873321533, 55.9752311707, 92.6554946899, 57.6647605896, 112.554603577, 17.1000061035], [444.544281006, 130.216796875, 86.6108703613, 275.732025146, 30.6450977325, 32.1512908936, -13.2251911163, 17.177148819, 19.4947814941, 19.7032203674, 8.36274814606, 8.53429317474, 1.51908242702], [-802.507141113, 99.1147613525, 210.752334595, 30.6450977325, 360.522125244, 34.514213562, 111.661727905, 45.3313179016, 14.9046268463, 33.9764556885, 16.4850959778, 27.6179637909, 24.0804786682], [545.875061035, -38.4088096619, 186.341873169, 32.1512908936, 34.514213562, 254.224182129, 53.5342254639, 38.8044548035, -21.5433864594, 12.5271444321, 18.0553779602, 31.1655826569, -0.277409642935], [-737.335876465, 104.232261658, 62.8024024963, -13.2251911163, 111.661727905, 53.5342254639, 188.129959106, 56.1968955994, 28.1458492279, 15.2008199692, 24.2763214111, 12.1725854874, 21.310300827], [163.067245483, 9.77453804016, 50.6873321533, 17.177148819, 45.3313179016, 38.8044548035, 56.1968955994, 136.512115479, 55.5504608154, 16.9348564148, -4.55922365189, 6.03231668472, 7.3100361824], [-609.122314453, -8.14018821716, 55.9752311707, 19.4947814941, 14.9046268463, -21.5433864594, 28.1458492279, 55.5504608154, 108.626228333, 34.3678779602, 25.3988742828, -0.37485268712, 10.2982444763], [-73.0138702393, -19.5028247833, 92.6554946899, 19.7032203674, 33.9764556885, 12.5271444321, 15.2008199692, 16.9348564148, 34.3678779602, 89.9336929321, 41.6606292725, 23.7318935394, 5.26724720001], [-575.374572754, -0.152713268995, 57.6647605896, 8.36274814606, 16.4850959778, 18.0553779602, 24.2763214111, -4.55922365189, 25.3988742828, 41.6606292725, 90.7398452759, 38.9349441528, 13.7483816147], [35.2456817627, -21.8128261566, 112.554603577, 8.53429317474, 27.6179637909, 31.1655826569, 12.1725854874, 6.03231668472, -0.37485268712, 23.7318935394, 38.9349441528, 79.7958984375, 24.4706954956], [-298.942749023, 19.6331863403, 17.1000061035, 1.51908242702, 24.0804786682, -0.277409642935, 21.310300827, 7.3100361824, 10.2982444763, 5.26724720001, 13.7483816147, 24.4706954956, 66.5773620605]]}, "spectral_energyband_middle_low": {"dmean2": 0.00668723834679, "median": 0.00552770216018, "min": 1.38928073689e-22, "dvar2": 0.00015916636039, "dvar": 6.16865072516e-05, "dmean": 0.00404939847067, "max": 0.0917923599482, "var": 8.04977607913e-05, "mean": 0.00804536230862}, "melbands_crest": {"dmean2": 5.42357110977, "median": 11.4876585007, "min": 1.46294307709, "dvar2": 22.7808952332, "dvar": 8.98551845551, "dmean": 3.26591491699, "max": 39.9789619446, "var": 29.2249984741, "mean": 12.3578329086}, "spectral_kurtosis": {"dmean2": 1.63380110264, "median": 3.39277219772, "min": -1.26517152786, "dvar2": 4.30058050156, "dvar": 1.46743249893, "dmean": 0.982614517212, "max": 25.7892036438, "var": 3.61880040169, "mean": 3.50513887405}, "spectral_rms": {"dmean2": 0.00119722611271, "median": 0.00402549142018, "min": 3.11585501324e-12, "dvar2": 2.3552033781e-06, "dvar": 1.00313320672e-06, "dmean": 0.000776983506512, "max": 0.0117217460647, "var": 3.39797361448e-06, "mean": 0.00411163596436}, "zerocrossingrate": {"dmean2": 0.0154566895217, "median": 0.0810546875, "min": 0, "dvar2": 0.000301994528854, "dvar": 0.000224071671255, "dmean": 0.0126697523519, "max": 0.53125, "var": 0.00359439314343, "mean": 0.0906466469169}, "silence_rate_60dB": {"dmean2": 0.0236686393619, "median": 0, "min": 0, "dvar2": 0.0261187590659, "dvar": 0.0116913067177, "dmean": 0.011833133176, "max": 1, "var": 0.0806086286902, "mean": 0.0884387865663}, "erbbands_kurtosis": {"dmean2": 1.17423772812, "median": -0.310633718967, "min": -1.76900935173, "dvar2": 3.89896798134, "dvar": 1.67794632912, "dmean": 0.747603595257, "max": 32.6697273254, "var": 4.03760623932, "mean": 0.263384670019}, "erbbands": {"dmean2": [0.106235772371, 1.28945577145, 2.85875797272, 3.40459442139, 12.8717098236, 9.98351573944, 7.59452629089, 10.7019767761, 6.9908208847, 8.69162464142, 13.1814546585, 41.8628044128, 32.2059059143, 21.4685382843, 36.6998176575, 26.6999015808, 32.5905799866, 26.0668506622, 20.4801025391, 20.2972393036, 24.2652072906, 31.6610412598, 19.4062347412, 17.7600307465, 11.9866447449, 11.6963291168, 9.29378795624, 7.79769134521, 7.35900974274, 9.58566093445, 8.8913564682, 3.9381248951, 1.7155649662, 0.777886331081, 0.526570618153, 0.402788370848, 0.0798151940107, 0.0239373017102, 0.00402085250244, 0.000413796136854], "median": [0.0180416144431, 0.235327586532, 1.03388476372, 1.80097210407, 3.75390410423, 4.20194149017, 3.6973323822, 3.93273878098, 3.78157520294, 3.80526828766, 6.93044948578, 11.479347229, 8.2258310318, 9.24823093414, 10.4778747559, 11.388299942, 10.5951042175, 11.8712902069, 10.8517913818, 11.2443990707, 19.6684799194, 26.4551696777, 17.8749485016, 14.7594547272, 10.6429958344, 8.79542064667, 6.89508342743, 5.42188692093, 3.85942316055, 3.30434942245, 3.0106818676, 1.1856148243, 0.471984952688, 0.261908769608, 0.197755083442, 0.123083889484, 0.0246388521045, 0.004362675827, 0.000510456913617, 6.99331794749e-05], "min": [2.18063258086e-23, 3.61450487948e-22, 2.63777274858e-21, 7.10767542916e-21, 7.61145750277e-21, 2.1349707709e-20, 4.12814113594e-20, 6.37297296285e-20, 1.06582305938e-19, 1.50563234151e-19, 2.51901596284e-19, 1.89452019126e-19, 3.97596122898e-19, 5.22713678745e-19, 1.1103299129e-18, 1.10887066291e-18, 1.65835702445e-18, 2.0182876074e-18, 2.35963836963e-18, 3.57565115234e-18, 3.55546877258e-18, 5.08794700237e-18, 4.4061677843e-18, 5.70950209517e-18, 5.6403100913e-18, 6.89852707642e-18, 8.41867700637e-18, 8.24258018013e-18, 9.77129846045e-18, 1.14673727495e-17, 1.01456638621e-17, 1.01503804459e-17, 9.53408291311e-18, 8.18931884767e-18, 5.79603842214e-18, 3.40850607468e-18, 2.4485425011e-18, 8.34050192444e-19, 2.45249280551e-19, 2.75974206471e-20], "dvar2": [0.0475307106972, 10.7023019791, 47.4957199097, 32.2832794189, 1180.97619629, 472.426147461, 191.973831177, 593.600280762, 226.952606201, 441.561523438, 894.502380371, 10376.9296875, 11601, 5070.40380859, 12913.8193359, 4574.62744141, 7924.79931641, 4361.77490234, 2045.44799805, 1902.12878418, 1742.16552734, 2518.94750977, 915.56262207, 1330.24816895, 407.115386963, 450.318939209, 352.026580811, 236.628250122, 430.228424072, 1255.43054199, 878.923400879, 161.485443115, 30.7043857574, 6.1532292366, 2.21579647064, 0.626040458679, 0.0213098675013, 0.00228178827092, 6.3726962253e-05, 7.91100205788e-07], "dvar": [0.01990561001, 3.92970752716, 16.9870185852, 11.8278598785, 427.556121826, 183.945877075, 80.942817688, 250.445541382, 96.8888549805, 180.012817383, 354.812408447, 4183.6796875, 4675.421875, 2207.50292969, 5152.25830078, 1866.06494141, 3357.03637695, 1894.91333008, 782.870910645, 736.388244629, 684.94152832, 989.070495605, 351.246673584, 526.159545898, 160.644424438, 183.582122803, 142.290939331, 95.5985794067, 193.517486572, 546.996276855, 380.969726563, 74.9646911621, 15.8400707245, 2.98685503006, 0.976194381714, 0.271014124155, 0.0087863067165, 0.000861458072904, 2.36008891079e-05, 2.95420562679e-07], "dmean": [0.0657607093453, 0.746588170528, 1.63450920582, 1.97056663036, 7.30603647232, 5.83096694946, 4.65883016586, 6.70909643173, 4.44007301331, 5.42479991913, 8.17628669739, 26.2690296173, 20.4709033966, 14.0389070511, 22.997303009, 16.8391227722, 20.2733707428, 16.1780662537, 12.6432332993, 12.3429880142, 14.9177818298, 19.3268871307, 11.8488101959, 10.9342374802, 7.28821086884, 7.16697120667, 5.70799589157, 4.83558988571, 4.69304847717, 6.14889526367, 5.59460067749, 2.60051250458, 1.15749394894, 0.518421828747, 0.342085808516, 0.263007104397, 0.0501700788736, 0.014338423498, 0.00235559791327, 0.000246374082053], "max": [1.93616437912, 20.5993118286, 51.3929901123, 39.4082450867, 249.784622192, 416.580871582, 287.838287354, 384.847442627, 341.605926514, 436.32598877, 513.549682617, 1602.90100098, 1623.20532227, 2193.06665039, 2128.0625, 1024.99865723, 1732.88049316, 1412.70471191, 690.193725586, 870.332702637, 806.086120605, 793.569396973, 538.819519043, 942.429504395, 461.912658691, 280.538726807, 373.357025146, 283.4480896, 506.952850342, 617.418945313, 611.522521973, 290.342224121, 191.548171997, 77.2209854126, 42.8423271179, 10.0167455673, 2.70972800255, 0.413543581963, 0.041735894978, 0.00656743627042], "var": [0.0254150349647, 3.03174996376, 14.6893234253, 11.9388179779, 289.262268066, 201.865219116, 143.934432983, 463.940887451, 214.991378784, 287.900817871, 677.365600586, 7743.34521484, 8481.15917969, 5491.14794922, 10738.2041016, 4567.58740234, 8699.3515625, 4808.33544922, 1669.33776855, 1443.59997559, 1689.04125977, 2976.96875, 1158.77001953, 1503.02355957, 408.732635498, 400.426391602, 282.969116211, 232.906524658, 305.197662354, 781.324462891, 532.648010254, 136.265960693, 35.4308242798, 7.60420703888, 2.11646485329, 0.364441454411, 0.0117813544348, 0.0007491086144, 1.75203967956e-05, 2.25405955234e-07], "mean": [0.0861237421632, 0.783701479435, 2.17626595497, 2.77821993828, 7.6055316925, 7.83000278473, 7.29317617416, 10.4664554596, 8.03503799438, 8.73620223999, 14.5392580032, 42.5404281616, 33.0673294067, 25.7118587494, 38.6314125061, 31.2575893402, 38.1837997437, 30.8194084167, 23.6963882446, 22.909576416, 31.2798843384, 43.5050621033, 28.7344169617, 24.8436794281, 16.5068473816, 15.1592645645, 12.1370372772, 10.8457117081, 9.13672637939, 10.4701366425, 8.82450008392, 4.50710773468, 1.98748064041, 0.913543999195, 0.53326523304, 0.326596021652, 0.0608593933284, 0.0138086946681, 0.00200444739312, 0.000224265299039]}, "spectral_strongpeak": {"dmean2": 1.07013547421, "median": 0.388065248728, "min": 0, "dvar2": 2.59760308266, "dvar": 1.03057837486, "dmean": 0.6322286129, "max": 14.3124408722, "var": 2.00970053673, "mean": 1.0333609581}, "spectral_energy": {"dmean2": 0.0131849283352, "median": 0.0166096948087, "min": 9.95126711235e-21, "dvar2": 0.000413166475482, "dvar": 0.000165343677509, "dmean": 0.00821147207171, "max": 0.140834316611, "var": 0.000300474028336, "mean": 0.0208110678941}, "average_loudness": 0.780524969101, "spectral_rolloff": {"dmean2": 1072.01586914, "median": 2282.51953125, "min": 21.533203125, "dvar2": 2169503, "dvar": 967518.75, "dmean": 643.977966309, "max": 19810.546875, "var": 5984786.5, "mean": 2510.82324219}, "spectral_centroid": {"dmean2": 431.602386475, "median": 1858.18017578, "min": 253.900680542, "dvar2": 211904.5625, "dvar": 90694.234375, "dmean": 270.067321777, "max": 11773.8017578, "var": 1482382.125, "mean": 1974.21191406}, "pitch_salience": {"dmean2": 0.121278122067, "median": 0.600714921951, "min": 0.00389453582466, "dvar2": 0.0131677687168, "dvar": 0.00502018677071, "dmean": 0.0746883973479, "max": 0.857053637505, "var": 0.014233998023, "mean": 0.587227761745}, "spectral_energyband_middle_high": {"dmean2": 0.00277727260254, "median": 0.00375177967362, "min": 1.11117316376e-21, "dvar2": 2.21003010665e-05, "dvar": 9.58285454544e-06, "dmean": 0.00179635616951, "max": 0.0834884420037, "var": 5.03643168486e-05, "mean": 0.00632130913436}, "spectral_contrast_coeffs": {"dmean2": [0.0876876711845, 0.0754753723741, 0.0637538656592, 0.0480913333595, 0.0345101542771, 0.0272069703788], "median": [-0.659140944481, -0.768721938133, -0.770142436028, -0.792195618153, -0.787042081356, -0.739012479782], "min": [-0.979918062687, -0.977111101151, -0.977151215076, -0.983684837818, -0.968668937683, -0.966193914413], "dvar2": [0.0055208671838, 0.00367116462439, 0.00272028427571, 0.00148310931399, 0.00076233985601, 0.000533970247488], "dvar": [0.00224639335647, 0.00146662176121, 0.00107334181666, 0.000605563516729, 0.0003172562283, 0.000243327202043], "dmean": [0.0536526069045, 0.0461589172482, 0.0395834669471, 0.0297425594181, 0.021287381649, 0.0174611210823], "max": [-0.331452429295, -0.419816464186, -0.449599802494, -0.525025546551, -0.547259628773, -0.542792201042], "var": [0.00880038272589, 0.00584143772721, 0.00621446641162, 0.00360798067413, 0.00219345325604, 0.00257016345859], "mean": [-0.65334123373, -0.760764658451, -0.758784890175, -0.784963786602, -0.784803271294, -0.740236878395]}, "melbands_skewness": {"dmean2": 1.20632278919, "median": 1.85071015358, "min": -1.45857751369, "dvar2": 7.1468462944, "dvar": 2.9875330925, "dmean": 0.773109257221, "max": 112.173469543, "var": 8.56956195831, "mean": 2.21315193176}, "spectral_spread": {"dmean2": 797968.625, "median": 4613824.5, "min": 1546771.25, "dvar2": 1164174295040.0, "dvar": 587134337024, "dmean": 555524.1875, "max": 43043344, "var": 19383824941100.0, "mean": 5248988.5}, "dissonance": {"dmean2": 0.0223055575043, "median": 0.48255199194, "min": 0.201823085546, "dvar2": 0.000507338496391, "dvar": 0.00019382944447, "dmean": 0.013240788132, "max": 0.500000119209, "var": 0.000434069224866, "mean": 0.476938456297}, "spectral_skewness": {"dmean2": 0.253763139248, "median": 1.29902780056, "min": -0.0709210410714, "dvar2": 0.0637538656592, "dvar": 0.0256040450186, "dmean": 0.161914348602, "max": 3.33511590958, "var": 0.120749145746, "mean": 1.28332352638}, "spectral_flux": {"dmean2": 0.034719593823, "median": 0.0708563998342, "min": 6.42361094871e-11, "dvar2": 0.00180015224032, "dvar": 0.000887423811946, "dmean": 0.0225473158062, "max": 0.30869269371, "var": 0.00218148482963, "mean": 0.0797257125378}, "spectral_contrast_valleys": {"dmean2": [0.702172756195, 0.592112720013, 0.47126981616, 0.409449607134, 0.332526475191, 0.392568051815], "median": [-7.19527006149, -6.78249931335, -7.13053369522, -7.40371608734, -7.06371545792, -9.85127830505], "min": [-28.1660232544, -28.3816661835, -28.0177669525, -27.8079490662, -27.5535449982, -27.4498691559], "dvar2": [0.418280690908, 0.269100695848, 0.172100752592, 0.156035229564, 0.145708277822, 0.259034186602], "dvar": [0.189093649387, 0.122071072459, 0.0792781487107, 0.0771081447601, 0.0744091421366, 0.132786557078], "dmean": [0.438326627016, 0.364732712507, 0.29263356328, 0.261703938246, 0.215941429138, 0.28906711936], "max": [-5.17228460312, -4.98252773285, -5.14064407349, -5.87915277481, -5.55373001099, -7.39830970764], "var": [7.2867102623, 6.86673879623, 6.64236879349, 6.52745866776, 6.55640983582, 5.4222445488], "mean": [-7.8399477005, -7.24949216843, -7.57719039917, -7.8437743187, -7.48890733719, -10.1769647598]}, "erbbands_flatness_db": {"dmean2": 0.0254765227437, "median": 0.129901736975, "min": 0.0244118273258, "dvar2": 0.000601455103606, "dvar": 0.000313016818836, "dmean": 0.0176283624023, "max": 0.341271847486, "var": 0.00205153715797, "mean": 0.137952402234}, "spectral_energyband_high": {"dmean2": 0.000937700562645, "median": 0.000713367946446, "min": 6.99806672785e-21, "dvar2": 5.24385541212e-06, "dvar": 2.31890203395e-06, "dmean": 0.000620724807959, "max": 0.0309290252626, "var": 4.36171740148e-06, "mean": 0.00134699163027}, "spectral_entropy": {"dmean2": 0.185459822416, "median": 7.8717341423, "min": 6.20319080353, "dvar2": 0.034501761198, "dvar": 0.0162235796452, "dmean": 0.122092455626, "max": 9.82772922516, "var": 0.139688387513, "mean": 7.8816447258}, "silence_rate_20dB": {"dmean2": 0, "median": 1, "min": 1, "dvar2": 0, "dvar": 0, "dmean": 0, "max": 1, "var": 0, "mean": 1}, "melbands_flatness_db": {"dmean2": 0.0390955284238, "median": 0.14062307775, "min": 0.00292155193165, "dvar2": 0.001702700858, "dvar": 0.000671467510983, "dmean": 0.024415479973, "max": 0.601456105709, "var": 0.00298985489644, "mean": 0.146731302142}, "barkbands": {"dmean2": [0.000124611338833, 0.0049597597681, 0.0022373762913, 0.00165125646163, 0.00352690508589, 0.00119236495811, 0.00050364312483, 0.000506783660967, 0.00186902831774, 0.000725973863155, 0.000861483800691, 0.000748794293031, 0.000677467032801, 0.000576102174819, 0.000400327378884, 0.000424222031143, 0.000635205185972, 0.000337102042977, 0.000303954700939, 0.000240359164309, 0.000206834563869, 0.00022646690195, 0.000315221201163, 0.000130536951474, 6.53199385852e-05, 7.14409616194e-05, 3.04278637486e-05], "median": [2.52393565461e-05, 0.000899022736121, 0.000867731519975, 0.000652453280054, 0.00132111809216, 0.000482070201542, 0.000247377844062, 0.00021016834944, 0.000468200538307, 0.000231033423916, 0.00018142121553, 0.00024599939934, 0.000192847684957, 0.000224656760111, 0.000176180939889, 0.000278856197838, 0.000469663529657, 0.000283478671918, 0.000236863299506, 0.000182570380275, 0.000154220600962, 0.00011493160855, 0.000104104547063, 3.6593482946e-05, 2.47636635322e-05, 2.119608871e-05, 3.6739704683e-06], "min": [1.19646040457e-25, 1.01848983448e-24, 1.66629392959e-24, 1.88374264925e-24, 4.75275166431e-24, 7.51045595552e-24, 7.5193085526e-24, 6.46305811595e-24, 9.92336847214e-24, 1.0053005929e-23, 1.13650677856e-23, 2.25520423332e-23, 2.97187789705e-23, 2.66852900901e-23, 2.84433802134e-23, 4.61841267534e-23, 7.39917134762e-23, 7.54013889812e-23, 1.13729281534e-22, 1.54933531341e-22, 2.50362161263e-22, 2.99376903961e-22, 3.33011635796e-22, 4.88831581737e-22, 8.00490002385e-22, 1.26751544922e-21, 1.75696373086e-21], "dvar2": [7.6314208286e-08, 0.000143691620906, 2.42736950895e-05, 1.1116881069e-05, 7.17020448064e-05, 6.08350728726e-06, 1.21145205867e-06, 1.31130207137e-06, 2.18701752601e-05, 5.08421589984e-06, 9.0990379249e-06, 4.17887622461e-06, 3.36069638252e-06, 1.88611420526e-06, 9.16161638997e-07, 5.86307635331e-07, 1.0720583532e-06, 2.41920218969e-07, 3.44973415167e-07, 1.73258001723e-07, 1.65953039755e-07, 3.97635886884e-07, 1.19754542993e-06, 1.64982921547e-07, 3.84070197867e-08, 1.56099311255e-08, 3.23298987581e-09], "dvar": [3.05254630462e-08, 5.47004892724e-05, 8.68900224305e-06, 4.03789681513e-06, 2.68486983259e-05, 2.58849422607e-06, 5.14209204994e-07, 5.31757223143e-07, 8.45178146847e-06, 2.19329672291e-06, 3.86474403058e-06, 1.65380993167e-06, 1.42676719861e-06, 7.87526744261e-07, 3.53609010517e-07, 2.3537508298e-07, 4.00418173285e-07, 9.23528133967e-08, 1.34883350711e-07, 7.15795920314e-08, 6.57627907685e-08, 1.81508838182e-07, 5.23010726283e-07, 8.2724092465e-08, 1.87181434796e-08, 6.69462441039e-09, 1.21147614163e-09], "dmean": [7.66710145399e-05, 0.00296981516294, 0.00128848396707, 0.000954191491473, 0.00205119210295, 0.000744580989704, 0.000320211896906, 0.000310717645334, 0.00116554205306, 0.000471027975436, 0.000547173491213, 0.000469195045298, 0.000423542805947, 0.000356518808985, 0.000243121612584, 0.000259429943981, 0.000385832187021, 0.000205278396606, 0.000186267163372, 0.000147763232235, 0.000127903884277, 0.000144803489093, 0.000198210196686, 8.77771235537e-05, 4.32996457675e-05, 4.61386298412e-05, 1.79330800165e-05], "max": [0.00356459920295, 0.0815675705671, 0.0340045876801, 0.0224269516766, 0.0678652077913, 0.0323756299913, 0.0205596610904, 0.0176096893847, 0.0535331442952, 0.0406742058694, 0.0556054636836, 0.0275264624506, 0.037641081959, 0.0248482078314, 0.0204109102488, 0.012642881833, 0.0137542039156, 0.00560689531267, 0.0131461275741, 0.00485254451632, 0.0055947448127, 0.0124803883955, 0.0183291975409, 0.00900200288743, 0.00638212542981, 0.00152855738997, 0.000326064648107], "var": [5.17003151401e-08, 4.79880000057e-05, 8.5088704509e-06, 3.37988421961e-06, 2.24110372073e-05, 4.93277593705e-06, 1.06203060568e-06, 9.09392156245e-07, 1.49017096192e-05, 5.27027077624e-06,