{"tonal": {"thpcp": [1, 0.480292856693, 0.232561439276, 0.172181278467, 0.174131110311, 0.386091649532, 0.604380846024, 0.565665841103, 0.421765774488, 0.264096945524, 0.234320878983, 0.544410467148, 0.643142342567, 0.347203582525, 0.300596982241, 0.330566138029, 0.235396355391, 0.331510841846, 0.521000623703, 0.524201571941, 0.691167056561, 0.752133786678, 0.723166704178, 0.821051061153, 0.464066714048, 0.178897902369, 0.527081310749, 0.728887021542, 0.41988196969, 0.219923570752, 0.233300596476, 0.296522766352, 0.607211589813, 0.802883625031, 0.705967843533, 0.992621898651], "hpcp": {"dmean2": [0.30914953351, 0.31022849679, 0.226061150432, 0.139646410942, 0.112553499639, 0.111134506762, 0.175237968564, 0.275825321674, 0.336676418781, 0.285982221365, 0.163787409663, 0.118969999254, 0.183317676187, 0.206260740757, 0.140731990337, 0.120799429715, 0.119470149279, 0.126810386777, 0.210335329175, 0.305118471384, 0.286287009716, 0.276009202003, 0.234456196427, 0.318557709455, 0.464081436396, 0.260833054781, 0.109808467329, 0.173958435655, 0.20805118978, 0.157581374049, 0.139719620347, 0.165137648582, 0.186531856656, 0.255439966917, 0.325359970331, 0.32602673769], "median": [0.0999375730753, 0.0903984680772, 0.0426548607647, 0.011413034983, 0.00908247940242, 0.0115593187511, 0.0304997414351, 0.045711454004, 0.0343361981213, 0.0155337657779, 0.0115437926725, 0.0172895900905, 0.0548119954765, 0.0624433793128, 0.0382287576795, 0.0170947555453, 0.0143484510481, 0.0109763937071, 0.0175287183374, 0.0189529787749, 0.0255353599787, 0.0694605261087, 0.074107773602, 0.0863659381866, 0.0357019230723, 0.0232399515808, 0.00990700442344, 0.0315887443721, 0.044821318239, 0.0323167219758, 0.0115099782124, 0.00882798433304, 0.0175765883178, 0.0555092804134, 0.0731371492147, 0.0854548290372], "min": [0, 0, 0, 0, 0, 0, 0, 0, 0, 0, 0, 0, 0, 0, 0, 0, 0, 0, 0, 0, 0, 0, 0, 0, 0, 0, 0, 0, 0, 0, 0, 0, 0, 0, 0, 0], "dvar2": [0.140574947, 0.145668700337, 0.112940020859, 0.0776377171278, 0.0659874230623, 0.0684593990445, 0.0887517631054, 0.157037705183, 0.228375196457, 0.203163504601, 0.0906996130943, 0.0506112016737, 0.0716096758842, 0.0809120088816, 0.0459790229797, 0.0479665882885, 0.04988784343, 0.0608137957752, 0.120669841766, 0.21291308105, 0.172135382891, 0.139956220984, 0.0968647152185, 0.0980459228158, 0.278525203466, 0.0948335453868, 0.058879122138, 0.0754373222589, 0.100890085101, 0.0630609020591, 0.0824677720666, 0.121091850102, 0.119647063315, 0.118929848075, 0.159343376756, 0.162380322814], "dvar": [0.0592771209776, 0.0618344061077, 0.0419284179807, 0.0286706145853, 0.0235223956406, 0.0236435141414, 0.0317002721131, 0.0577347166836, 0.0835945904255, 0.0742733329535, 0.03317213431, 0.0185369513929, 0.0298679936677, 0.0357281118631, 0.0175021272153, 0.0183628704399, 0.0202490258962, 0.0211781226099, 0.0449317768216, 0.0892926901579, 0.0728839337826, 0.0519704371691, 0.0421089977026, 0.0435679703951, 0.130440399051, 0.0408674664795, 0.0209904238582, 0.0312753021717, 0.0463939420879, 0.0236475914717, 0.0287839435041, 0.0418733842671, 0.0416786149144, 0.044966828078, 0.0642042607069, 0.063136510551], "dmean": [0.181545555592, 0.181732445955, 0.129509806633, 0.0772088468075, 0.0608880780637, 0.0597488507628, 0.0982419922948, 0.153837993741, 0.18060348928, 0.153124928474, 0.0893975421786, 0.0668024048209, 0.109340235591, 0.12251380831, 0.0819930583239, 0.0688124075532, 0.0670152083039, 0.0688263177872, 0.114851213992, 0.172751963139, 0.163420662284, 0.159575134516, 0.13966460526, 0.180347725749, 0.25020223856, 0.142330750823, 0.0600009895861, 0.10351498425, 0.123038306832, 0.091143026948, 0.0754973739386, 0.0880437940359, 0.100304156542, 0.146111741662, 0.18584240973, 0.184826552868], "max": [1, 1, 1, 1, 1, 1, 1, 1, 1, 1, 1, 1, 1, 1, 1, 1, 1, 1, 1, 1, 1, 1, 1, 1, 1, 1, 1, 1, 1, 1, 1, 1, 1, 1, 1, 1], "var": [0.106635771692, 0.110066927969, 0.0412248522043, 0.0230740811676, 0.0161216389388, 0.0158500503749, 0.0317904651165, 0.062800206244, 0.0667649284005, 0.0553339794278, 0.026744030416, 0.0172903221101, 0.0449595972896, 0.0617426633835, 0.019208939746, 0.026114249602, 0.0415505059063, 0.018811268732, 0.0331877209246, 0.0775128379464, 0.0670680329204, 0.0605875067413, 0.0784693434834, 0.0489126853645, 0.120617993176, 0.0374938026071, 0.0157278608531, 0.0515196919441, 0.0957869589329, 0.0304673481733, 0.0207977239043, 0.0275899320841, 0.0308918580413, 0.0543670654297, 0.0855867192149, 0.0609242171049], "mean": [0.264150321484, 0.266113728285, 0.12781251967, 0.0618877932429, 0.0458198003471, 0.0463386774063, 0.102744288743, 0.160834044218, 0.150531440973, 0.112237662077, 0.0702798217535, 0.0623560026288, 0.144875094295, 0.171149000525, 0.0923956409097, 0.0799929872155, 0.087968185544, 0.0626422017813, 0.0882195830345, 0.138645410538, 0.139497235417, 0.183929041028, 0.200153127313, 0.192444592714, 0.218492954969, 0.123494520783, 0.0476071871817, 0.140263572335, 0.193966850638, 0.111736357212, 0.0585246831179, 0.062084492296, 0.0789087787271, 0.16158734262, 0.213658347726, 0.187867730856]}, "tuning_equal_tempered_deviation": 0.213383123279, "chords_changes_rate": 0.0700540542603, "key_key": "A", "tuning_diatonic_strength": 0.595798194408, "key_scale": "major", "chords_number_rate": 0.00216216221452, "tuning_frequency": 434.193115234, "tuning_nontempered_energy_ratio": 0.930622398853, "chords_histogram": [32.432434082, 12.0216217041, 16.5621623993, 1.08108103275, 2.46486496925, 0, 0.84324324131, 0, 0.58378380537, 0.475675672293, 1.03783786297, 0.0216216221452, 0, 0, 0, 0.691891908646, 2.81081080437, 6.24864864349, 0.951351344585, 0, 0.410810798407, 4.34594583511, 0.670270264149, 16.3459453583], "key_strength": 0.757728993893, "chords_key": "A", "chords_strength": {"dmean2": 0.0118879145011, "median": 0.498661071062, "min": -1, "dvar2": 0.000859634252265, "dvar": 0.000489677302539, "dmean": 0.010954095982, "max": 0.811849653721, "var": 0.0131673207507, "mean": 0.491958707571}, "chords_scale": "major", "hpcp_entropy": {"dmean2": 1.08451843262, "median": 2.20355343819, "min": 0, "dvar2": 0.812955498695, "dvar": 0.314447700977, "dmean": 0.651512444019, "max": 4.70438814163, "var": 0.622731983662, "mean": 2.21741938591}}, "metadata": {"audio_properties": {"equal_loudness": 0, "codec": "flac", "downmix": "mix", "sample_rate": 44100, "analysis_sample_rate": 44100, "bit_rate": 0, "md5_encoded": "3a5c6a615b44debe422d3701e6fe3145", "length": 214.693328857, "replay_gain": -13.5702133179, "lossless": true}, "version": {"essentia_build_sha": "ca57ba49d9b1854bd80e60cf9ccf267278fb7d6b", "essentia": "2.1-beta1", "extractor": "music 1.0", "essentia_git_sha": "v2.1_beta1-28-g21ef5f4-dirty"}, "tags": {"title": ["Is This How You Feel?"], "barcode": ["0600753654712"], "media": ["CD"], "albumartist": ["Various Artists"], "tracktotal": ["20"], "musicbrainz_releasegroupid": ["896d40c0-d34c-49db-88a4-7c3e1f8ff3ee"], "releasetype": ["album", "compilation"], "musicbrainz_recordingid": ["1342605c-7c0f-40d8-bf24-5aa1604d3fad"], "musicbrainz_discid": ["YcQTrQr5IOcUGoZ_rGY6d7s8C4o-"], "musicbrainz_albumartistid": ["89ad4ac3-39f7-470e-963a-56509c546377"], "musicbrainz_releasetrackid": ["0765f69b-e07e-489a-bd03-381eca763d37"], "discnumber": ["4"], "album": ["40 Years of Music"], "catalognumber": ["5365471"], "releasecountry": ["AU"], "compilation": ["1"], "albumartistsort": ["Various Artists"], "date": ["2015-11-20"], "file_name": "Disc_4_-_18_-_Is_This_How_You_Feel_.flac", "disctotal": ["4"], "musicbrainz_artistid": ["57559d96-c662-4a92-8a80-68d3ec4de003"], "originaldate": ["2015-11-20"], "musicbrainz_albumid": ["79a0b733-918a-4061-b38d-e87763248d61"], "tracknumber": ["18"], "artistsort": ["Preatures, The"], "artist": ["The Preatures"], "label": ["Triple J"], "releasestatus": ["official"], "totaldiscs": ["4"], "script": ["Latn"], "totaltracks": ["20"]}}, "rhythm": {"bpm_histogram_first_peak_bpm": {"dmean2": 0, "median": 92, "min": 92, "dvar2": 0, "dvar": 0, "dmean": 0, "max": 92, "var": 0, "mean": 92}, "bpm": 92.5193328857, "bpm_histogram_second_peak_spread": {"dmean2": 0, "median": 0, "min": 0, "dvar2": 0, "dvar": 0, "dmean": 0, "max": 0, "var": 0, "mean": 0}, "bpm_histogram_first_peak_weight": {"dmean2": 0, "median": 0.820668697357, "min": 0.820668697357, "dvar2": 0, "dvar": 0, "dmean": 0, "max": 0.820668697357, "var": 0, "mean": 0.820668697357}, "onset_rate": 5.21621894836, "beats_position": [0.696598649025, 1.40480720997, 2.07818579674, 2.73995471001, 3.39011335373, 4.02866220474, 4.66721057892, 5.31736946106, 5.9675283432, 6.6176867485, 7.26784563065, 7.91800451279, 8.56816291809, 9.21832180023, 9.86848068237, 10.5070295334, 11.1455783844, 11.7957363129, 12.445895195, 13.0960540771, 13.7462129593, 14.3963718414, 15.0465307236, 15.696688652, 16.3468475342, 16.99700737, 17.6471652985, 18.2973232269, 18.9474830627, 19.5976409912, 20.2361907959, 20.8863487244, 21.5248966217, 22.1750564575, 22.825214386, 23.4753742218, 24.1255321503, 24.7756919861, 25.4258499146, 26.076007843, 26.7261676788, 27.3763256073, 28.0264854431, 28.6766433716, 29.3151912689, 29.9537410736, 30.6038990021, 31.2540588379, 31.9042167664, 32.5543746948, 33.204536438, 33.8546943665, 34.5048522949, 35.1550102234, 35.8051681519, 36.455329895, 37.1054878235, 37.755645752, 38.4058036804, 39.0559616089, 39.6945114136, 40.3330612183, 40.9832191467, 41.6333770752, 42.2835350037, 42.9336967468, 43.5838546753, 44.2340126038, 44.8841705322, 45.5343284607, 46.1844902039, 46.8346481323, 47.4848060608, 48.1349639893, 48.7851219177, 49.4352836609, 50.0854415894, 50.7355995178, 51.3857574463, 52.0359191895, 52.6860771179, 53.3246231079, 53.9747848511, 54.6133308411, 55.2634925842, 55.9136505127, 56.5638084412, 57.2139663696, 57.8641242981, 58.5142860413, 59.1528320312, 59.7913818359, 60.4415397644, 61.0800895691, 61.741859436, 62.3920173645, 63.042175293, 63.6923332214, 64.3424911499, 64.9926528931, 65.6428070068, 66.29296875, 66.9431304932, 67.5932846069, 68.2434463501, 68.8936004639, 69.543762207, 70.1939239502, 70.844078064, 71.4942398071, 72.1327896118, 72.7829437256, 73.4214935303, 74.0716552734, 74.7218093872, 75.3719711304, 76.0221328735, 76.6722869873, 77.3224487305, 77.9726028442, 78.6227645874, 79.2729263306, 79.9230804443, 80.5732421875, 81.2233963013, 81.8851699829, 82.5237197876, 83.1738739014, 83.8124237061, 84.4509735107, 85.1011352539, 85.7512893677, 86.4014511108, 87.0516052246, 87.7017669678, 88.3519287109, 89.0020828247, 89.6522445679, 90.3023986816, 90.9409484863, 91.579498291, 92.2296600342, 92.8798141479, 93.5299758911, 94.1801376343, 94.830291748, 95.4804534912, 96.130607605, 96.7807693481, 97.4309310913, 98.0810852051, 98.7312469482, 99.381401062, 100.031562805, 100.681724548, 101.308662415, 101.958816528, 102.608978271, 103.259140015, 103.909294128, 104.559455872, 105.209609985, 105.859771729, 106.509933472, 107.160087585, 107.810249329, 108.472015381, 109.122177124, 109.783943176, 110.434104919, 111.084259033, 111.722808838, 112.361358643, 113.011520386, 113.6616745, 114.311836243, 114.961990356, 115.6121521, 116.262313843, 116.912467957, 117.5626297, 118.212783813, 118.862945557, 119.5131073, 120.163261414, 120.813423157, 121.463577271, 122.113739014, 122.752288818, 123.390838623, 124.029388428, 124.679542542, 125.329704285, 125.979858398, 126.64163208, 127.291786194, 127.941947937, 128.592102051, 129.242263794, 129.892425537, 130.54258728, 131.192733765, 131.842895508, 132.481445312, 133.119995117, 133.77015686, 134.420318604, 135.070480347, 135.720626831, 136.370788574, 137.020950317, 137.671112061, 138.321273804, 138.971420288, 139.609970093, 140.248519897, 140.898681641, 141.548843384, 142.199005127, 142.849151611, 143.499313354, 144.149475098, 144.799636841, 145.449798584, 146.099945068, 146.750106812, 147.400268555, 148.050430298, 148.700592041, 149.350738525, 150.000900269, 150.627838135, 151.277999878, 151.928161621, 152.578323364, 153.228485107, 153.878631592, 154.528793335, 155.178955078, 155.829116821, 156.479278564, 157.129425049, 157.767974854, 158.406524658, 159.056686401, 159.706848145, 160.368606567, 161.030380249, 161.680541992, 162.319091797, 162.957641602, 163.607803345, 164.257949829, 164.908111572, 165.558273315, 166.208435059, 166.858596802, 167.508743286, 168.158905029, 168.809066772, 169.447616577, 170.086166382, 170.736328125, 171.386474609, 172.036636353, 172.686798096, 173.336959839, 173.987121582, 174.625671387, 175.264221191, 175.914367676, 176.576141357, 177.237915039, 177.888076782, 178.538223267, 179.176773071, 179.815322876, 180.465484619, 181.115646362, 181.765808105, 182.41595459, 183.066116333, 183.716278076, 184.366439819, 184.993377686, 185.643539429, 186.293685913, 186.955459595, 187.617233276, 188.26739502, 188.905944824, 189.54447937, 190.194641113, 190.844802856, 191.4949646, 192.145126343, 192.795272827, 193.44543457, 194.095596313, 194.757369995, 195.407531738, 196.046066284, 196.684616089, 197.323165894, 197.973327637, 198.62348938, 199.273651123, 199.923812866, 200.573959351, 201.224121094, 201.874282837, 202.52444458, 203.186203003, 203.824752808, 204.474914551, 205.125076294, 205.775238037, 206.42539978, 207.063934326, 207.702484131, 208.352645874, 209.002807617, 209.65296936, 210.303131104, 210.953277588, 211.591827393, 212.230377197, 212.857315063, 213.495864868, 214.134414673], "beats_loudness": {"dmean2": 0.0206301305443, "median": 0.0632111430168, "min": 0, "dvar2": 0.000415069313021, "dvar": 0.000157537710038, "dmean": 0.0119147822261, "max": 0.11659566313, "var": 0.000466108991532, "mean": 0.0561602972448}, "danceability": 1.3677598238, "bpm_histogram_second_peak_weight": {"dmean2": 0, "median": 0.00303951371461, "min": 0.00303951371461, "dvar2": 0, "dvar": 0, "dmean": 0, "max": 0.00303951371461, "var": 0, "mean": 0.00303951371461}, "beats_count": 330, "bpm_histogram_second_peak_bpm": {"dmean2": 0, "median": 85, "min": 85, "dvar2": 0, "dvar": 0, "dmean": 0, "max": 85, "var": 0, "mean": 85}, "bpm_histogram_first_peak_spread": {"dmean2": 0, "median": 0.176829278469, "min": 0.176829278469, "dvar2": 0, "dvar": 0, "dmean": 0, "max": 0.176829278469, "var": 0, "mean": 0.176829278469}, "beats_loudness_band_ratio": {"dmean2": [0.166184186935, 0.0444160699844, 0.0439259000123, 0.0538423471153, 0.0698590129614, 0.0560073442757], "median": [0.84646832943, 0.0250179748982, 0.0184071324766, 0.0149406436831, 0.0292078144848, 0.0518986284733], "min": [0, 0, 0, 0, 0, 0], "dvar2": [0.0542222708464, 0.00422063237056, 0.00674527138472, 0.00827922858298, 0.0119508458301, 0.00705617247149], "dvar": [0.0205879732966, 0.00171579688322, 0.00246084062383, 0.00300795794465, 0.00488628912717, 0.00322304479778], "dmean": [0.0976482182741, 0.0258046500385, 0.0248496420681, 0.0304092243314, 0.0416513755918, 0.0329192690551], "max": [0.931987047195, 0.452755451202, 0.399728298187, 0.325602382421, 0.627095282078, 0.637714862823], "var": [0.0524416826665, 0.0018348415615, 0.00242465129122, 0.00234155682847, 0.00959889218211, 0.0079228784889], "mean": [0.754289388657, 0.0380011200905, 0.0342375226319, 0.032490413636, 0.0672380626202, 0.0775966793299]}}, "lowlevel": {"barkbands_spread": {"dmean2": 11.7781248093, "median": 23.0463523865, "min": 0.137202054262, "dvar2": 189.698852539, "dvar": 91.083656311, "dmean": 7.71208238602, "max": 116.700996399, "var": 272.323028564, "mean": 23.9696655273}, "melbands_spread": {"dmean2": 15.9041185379, "median": 25.3372554779, "min": 0.113931402564, "dvar2": 374.099975586, "dvar": 181.096572876, "dmean": 10.4791603088, "max": 236.958862305, "var": 772.721130371, "mean": 31.1713790894}, "hfc": {"dmean2": 8.92627716064, "median": 13.9037590027, "min": 1.05291681206e-16, "dvar2": 254.718856812, "dvar": 118.258499146, "dmean": 5.90135335922, "max": 310.963684082, "var": 350.816894531, "mean": 18.4772148132}, "barkbands_kurtosis": {"dmean2": 12.1659832001, "median": 0.831923007965, "min": -1.96891880035, "dvar2": 706.735534668, "dvar": 274.397796631, "dmean": 7.28935050964, "max": 356.342254639, "var": 427.197113037, "mean": 8.06291770935}, "gfcc": {"mean": [-49.7963256836, 96.1220397949, -117.497077942, 37.8722572327, -32.2935752869, 9.55823898315, -32.9661140442, 7.14670801163, -17.1599254608, 1.49946129322, -13.9436302185, -4.3189997673, -8.89597511292], "icov": [[0.000119043441373, -0.000241847752477, 0.000157799222507, -0.000198581910809, 0.000109853805043, -0.000384120241506, 0.000474879838293, -0.000416123250034, 0.000450522289611, -0.000154367196956, 0.000401026394684, -0.000389749999158, 0.000379203265766], [-0.000241847752477, 0.00153789995238, -0.000473193475045, 0.000693101144861, -0.000963271711953, 0.00122258649208, -0.000861687352881, 0.00158761430066, -0.00137162592728, 0.00113929633517, -0.0018926912453, 0.00199527083896, -0.00211882963777], [0.000157799222507, -0.000473193475045, 0.000839366519358, -0.000489311642013, 0.000227083772188, -0.00121850916184, 0.00102818233427, -0.000249657023232, 0.000519808556419, -4.57300957351e-05, 0.000461591349449, -0.00105933961459, 0.000617458717898], [-0.000198581910809, 0.000693101144861, -0.000489311642013, 0.00247124629095, -0.000236138439504, 0.000594387995079, -0.00131472013891, 0.00102053128649, -0.00126768951304, 0.000761026807595, -9.67395244516e-05, 0.00102362665348, 9.75871662376e-05], [0.000109853805043, -0.000963271711953, 0.000227083772188, -0.000236138439504, 0.0030995933339, -0.00123415654525, 0.000243841859628, -0.000477437220979, -0.00105614378117, 0.000410695734899, 0.000271536351647, -0.000376169104129, 4.41066185886e-05], [-0.000384120241506, 0.00122258649208, -0.00121850916184, 0.000594387995079, -0.00123415654525, 0.00665075238794, -0.00220341887325, -0.000369032524759, 0.00065818161238, -0.00145216763485, -0.000985452905297, 0.00163166015409, -0.00212211138569], [0.000474879838293, -0.000861687352881, 0.00102818233427, -0.00131472013891, 0.000243841859628, -0.00220341887325, 0.00625899806619, -0.00151452235878, 0.000711656350177, -0.000234732302488, -0.000864732370246, -0.000973787042312, 0.0018298397772], [-0.000416123250034, 0.00158761430066, -0.000249657023232, 0.00102053128649, -0.000477437220979, -0.000369032524759, -0.00151452235878, 0.00921834819019, -0.00373538257554, 0.000493508880027, -0.00283141271211, 0.000245496135904, -0.00276492163539], [0.000450522289611, -0.00137162592728, 0.000519808556419, -0.00126768951304, -0.00105614378117, 0.00065818161238, 0.000711656350177, -0.00373538257554, 0.00954044703394, -0.00324453692883, 0.00162650540005, -0.00154896418098, 0.00184741255362], [-0.000154367196956, 0.00113929633517, -4.57300957351e-05, 0.000761026807595, 0.000410695734899, -0.00145216763485, -0.000234732302488, 0.000493508880027, -0.00324453692883, 0.01304843463, -0.00458343653008, 0.000419201242039, -0.000595394114498], [0.000401026394684, -0.0018926912453, 0.000461591349449, -9.67395244516e-05, 0.000271536351647, -0.000985452905297, -0.000864732370246, -0.00283141271211, 0.00162650540005, -0.00458343653008, 0.0135892760009, -0.00381437805481, -0.000256171246292], [-0.000389749999158, 0.00199527083896, -0.00105933961459, 0.00102362665348, -0.000376169104129, 0.00163166015409, -0.000973787042312, 0.000245496135904, -0.00154896418098, 0.000419201242039, -0.00381437805481, 0.0154672265053, -0.00454405788332], [0.000379203265766, -0.00211882963777, 0.000617458717898, 9.75871662376e-05, 4.41066185886e-05, -0.00212211138569, 0.0018298397772, -0.00276492163539, 0.00184741255362, -0.000595394114498, -0.000256171246292, -0.00454405788332, 0.0152073642239]], "cov": [[24641.609375, -684.430725098, -491.432525635, 465.162597656, -821.759460449, 712.145751953, -1326.85388184, 279.239959717, -956.311889648, -84.6887130737, -639.676025391, 141.011764526, -236.44090271], [-684.430725098, 2711.1081543, 131.790084839, -334.137237549, 779.189575195, -216.429962158, 98.4479217529, -144.215332031, 263.806640625, -100.665092468, 240.617202759, -122.933624268, 252.399429321], [-491.432525635, 131.790084839, 2144.15063477, 156.176010132, 6.09693574905, 254.302856445, -178.902542114, -56.8183059692, -75.5228500366, -20.3370132446, -23.9507217407, 61.7717018127, 15.6539421082], [465.162597656, -334.137237549, 156.176010132, 595.627807617, -78.5939941406, 20.0195121765, 31.1224746704, -30.0138263702, -6.02689170837, -24.7545108795, -76.8887634277, -18.3243331909, -81.5053710938], [-821.759460449, 779.189575195, 6.09693574905, -78.5939941406, 624.281982422, -4.33376073837, 92.3587036133, 9.89841175079, 163.785324097, -11.9348154068, 97.7242889404, -26.7867126465, 90.8607711792], [712.145751953, -216.429962158, 254.302856445, 20.0195121765, -4.33376073837, 294.845947266, 8.86385059357, 67.3160629272, -54.0233726501, 46.0772972107, 6.59151506424, 28.4150295258, 10.9312562943], [-1326.85388184, 98.4479217529, -178.902542114, 31.1224746704, 92.3587036133, 8.86385059357, 315.180267334, 31.9579124451, 80.1209716797, 25.1800765991, 81.3981781006, -8.63478374481, 12.7654047012], [279.239959717, -144.215332031, -56.8183059692, -30.0138263702, 9.89841175079, 67.3160629272, 31.9579124451, 188.970275879, 42.2085838318, 42.1707191467, 39.0147590637, 35.3702812195, 23.0698642731], [-956.311889648, 263.806640625, -75.5228500366, -6.02689170837, 163.785324097, -54.0233726501, 80.1209716797, 42.2085838318, 217.837387085, 30.1327590942, 57.2348060608, -5.5827870369, 27.7394771576], [-84.6887130737, -100.665092468, -20.3370132446, -24.7545108795, -11.9348154068, 46.0772972107, 25.1800765991, 42.1707191467, 30.1327590942, 112.443344116, 42.9300498962, 19.6229400635, 7.50107049942], [-639.676025391, 240.617202759, -23.9507217407, -76.8887634277, 97.7242889404, 6.59151506424, 81.3981781006, 39.0147590637, 57.2348060608, 42.9300498962, 152.277618408, 19.9098968506, 52.1192016602], [141.011764526, -122.933624268, 61.7717018127, -18.3243331909, -26.7867126465, 28.4150295258, -8.63478374481, 35.3702812195, -5.5827870369, 19.6229400635, 19.9098968506, 93.9596557617, 18.3353538513], [-236.44090271, 252.399429321, 15.6539421082, -81.5053710938, 90.8607711792, 10.9312562943, 12.7654047012, 23.0698642731, 27.7394771576, 7.50107049942, 52.1192016602, 18.3353538513, 113.90826416]]}, "spectral_energyband_middle_low": {"dmean2": 0.0135354232043, "median": 0.00466127600521, "min": 1.52653420402e-22, "dvar2": 0.000954774674028, "dvar": 0.000378917146008, "dmean": 0.00820929463953, "max": 0.1411601156, "var": 0.000330577633576, "mean": 0.00970680452883}, "melbands_crest": {"dmean2": 6.96843099594, "median": 16.6394844055, "min": 1.00215697289, "dvar2": 45.9959831238, "dvar": 20.2250957489, "dmean": 4.33421039581, "max": 38.1780509949, "var": 56.4824333191, "mean": 17.0311832428}, "spectral_kurtosis": {"dmean2": 5.79687595367, "median": 5.31679677963, "min": -1.24944591522, "dvar2": 92.2871017456, "dvar": 40.1021652222, "dmean": 3.69483852386, "max": 111.047431946, "var": 76.3849182129, "mean": 7.6804485321}, "spectral_rms": {"dmean2": 0.00162554194685, "median": 0.00475521245971, "min": 3.09723058832e-12, "dvar2": 4.60722776552e-06, "dvar": 1.97932649826e-06, "dmean": 0.00107224693056, "max": 0.0125139867887, "var": 4.73117052024e-06, "mean": 0.00462689902633}, "zerocrossingrate": {"dmean2": 0.0145342098549, "median": 0.0546875, "min": 0.00146484375, "dvar2": 0.000333207601216, "dvar": 0.000277443410596, "dmean": 0.0123600577936, "max": 0.52734375, "var": 0.0036817996297, "mean": 0.0654540807009}, "silence_rate_60dB": {"dmean2": 0.0497512444854, "median": 0, "min": 0, "dvar2": 0.0496527329087, "dvar": 0.0242587607354, "dmean": 0.0248729325831, "max": 1, "var": 0.0966852083802, "mean": 0.108455881476}, "erbbands_kurtosis": {"dmean2": 2.64421486855, "median": 0.595564007759, "min": -1.85659003258, "dvar2": 18.4932155609, "dvar": 8.0907793045, "dmean": 1.69728088379, "max": 46.2202720642, "var": 14.4164867401, "mean": 1.65881097317}, "erbbands": {"dmean2": [0.282903373241, 1.19979000092, 4.90638589859, 20.7553215027, 20.9633617401, 8.30183601379, 7.58217811584, 8.42239093781, 13.0494289398, 14.6712684631, 7.35367822647, 9.80947494507, 9.11898517609, 18.2550029755, 21.9205379486, 12.4564285278, 17.8059101105, 22.6674194336, 28.5321865082, 36.629901886, 33.297492981, 22.3614788055, 16.7901973724, 18.0531864166, 11.4500293732, 7.45671510696, 8.1926202774, 5.27722024918, 4.43983888626, 3.20510697365, 2.90250229836, 2.14241409302, 2.28505206108, 1.40669322014, 0.602507352829, 0.26746571064, 0.103956602514, 0.0190801210701, 0.00117130100261, 8.00611815066e-05], "median": [0.0669562369585, 0.750919282436, 1.76591134071, 1.91068899632, 3.88768196106, 4.22704076767, 2.38164496422, 2.71502590179, 3.54735612869, 3.10285115242, 3.05237531662, 5.00154495239, 3.74243712425, 3.88095474243, 4.70332527161, 4.88926124573, 7.3085269928, 10.840587616, 14.1828041077, 15.117401123, 16.5626220703, 12.1718101501, 9.60823917389, 8.20345687866, 6.55104923248, 3.69397163391, 2.97531604767, 1.33329856396, 0.791587352753, 0.518571257591, 0.555118560791, 0.281669139862, 0.22864356637, 0.138573348522, 0.0489010810852, 0.0177364386618, 0.00704587250948, 0.00110815302469, 9.59632598097e-05, 3.66932144971e-05], "min": [6.66204267838e-23, 5.31703660203e-22, 8.31654072353e-22, 7.24493086529e-21, 1.71330527545e-20, 2.51469772461e-20, 3.2751770452e-20, 5.65727497112e-20, 1.21690158828e-19, 1.83906884643e-19, 2.66218851916e-19, 3.92328042221e-19, 4.30703148036e-19, 7.77584672482e-19, 7.10954395261e-19, 8.51684442333e-19, 1.6462891831e-18, 2.02065603229e-18, 2.31073958772e-18, 3.12131434268e-18, 3.34346114081e-18, 4.39956026557e-18, 4.90028867271e-18, 6.8140628369e-18, 8.30761229271e-18, 7.29173110291e-18, 8.33243763725e-18, 1.10233016648e-17, 9.14242364641e-18, 1.22673018968e-17, 9.73175012818e-18, 8.16938958517e-18, 1.0248586637e-17, 8.47684765577e-18, 6.89429315246e-18, 4.27769091874e-18, 2.16799096146e-18, 9.2297650269e-19, 2.45891482899e-19, 2.53596789858e-20], "dvar2": [0.213355079293, 3.64093756676, 90.8063201904, 2521.49047852, 2984.4284668, 196.023010254, 222.533004761, 260.84765625, 694.093933105, 1023.89801025, 284.131652832, 554.178649902, 550.642700195, 2789.64208984, 4212.96923828, 1340.72717285, 2185.44213867, 2445.03930664, 3458.83105469, 5949.40380859, 4595.52099609, 3350.87866211, 1275.09301758, 1820.92431641, 376.700622559, 217.052886963, 345.839996338, 171.153442383, 195.043533325, 80.1560440063, 104.64781189, 103.276779175, 112.1980896, 61.7111930847, 16.8783874512, 3.4790058136, 0.245915204287, 0.00561648840085, 1.40980682772e-05, 3.45542794378e-08], "dvar": [0.0716822221875, 1.74212312698, 35.5290222168, 1028.28479004, 1105.08300781, 74.0143356323, 80.4678039551, 104.606292725, 276.941131592, 386.061340332, 116.543678284, 239.019134521, 240.590515137, 1451.06103516, 1893.61047363, 596.941223145, 1138.68481445, 1134.60766602, 1471.52087402, 2553.41137695, 1916.99169922, 1424.36352539, 594.415588379, 834.702636719, 172.886199951, 103.415771484, 149.906219482, 79.7102737427, 86.2645568848, 34.0441131592, 44.167339325, 42.5861740112, 50.189617157, 25.8824901581, 7.37111759186, 1.51475894451, 0.101920984685, 0.00219574151561, 5.6024573496e-06, 1.50061190141e-08], "dmean": [0.165297538042, 0.740232765675, 3.07719373703, 12.7051525116, 12.1883850098, 4.85981464386, 4.27883386612, 4.87009000778, 7.73788309097, 8.50514030457, 4.37695360184, 6.28704023361, 5.80781078339, 12.6719484329, 14.3026247025, 7.91133594513, 11.7286872864, 14.6453237534, 18.0692939758, 23.3437309265, 20.995016098, 14.1239109039, 10.7893800735, 11.7254304886, 7.48518037796, 5.10220479965, 5.44497394562, 3.75337147713, 3.14519667625, 2.20048356056, 1.93909621239, 1.40663826466, 1.50642240047, 0.907756924629, 0.385215640068, 0.169962897897, 0.0659511089325, 0.0119665656239, 0.000740931020118, 5.10699610459e-05], "max": [1.93484854698, 9.53034305573, 39.2017021179, 229.871002197, 251.750793457, 139.877593994, 120.934463501, 242.029159546, 322.21987915, 487.638244629, 345.258209229, 485.82611084, 481.794616699, 991.698181152, 1427.75634766, 880.190734863, 1065.14831543, 746.655822754, 782.716491699, 1115.22070312, 994.819091797, 1059.0135498, 785.16015625, 766.35559082, 361.204803467, 362.76361084, 410.350341797, 366.71295166, 355.630859375, 162.634246826, 207.802200317, 231.858139038, 199.428329468, 194.59135437, 97.0129013062, 55.9249610901, 13.2512750626, 1.35104763508, 0.0565426759422, 0.00231326953508], "var": [0.125728547573, 2.97670340538, 34.1243247986, 887.350708008, 807.60559082, 108.032028198, 74.9006271362, 156.631210327, 514.839904785, 557.854492188, 197.995727539, 524.02355957, 472.629211426, 3907.28515625, 7072.44140625, 1489.46044922, 3530.78491211, 3202.44360352, 3115.61474609, 6843.34716797, 4929.21435547, 2929.62597656, 1934.74975586, 2115.43188477, 467.079376221, 230.534088135, 288.605804443, 139.454483032, 117.960639954, 51.7449531555, 72.0921707153, 58.7339439392, 76.0879516602, 35.0942649841, 8.99530220032, 1.87615633011, 0.126169383526, 0.00246883719228, 6.7525452323e-06, 2.28882868214e-08], "mean": [0.248455822468, 1.35460090637, 3.79917407036, 10.7833690643, 11.6321668625, 7.93825626373, 5.06749582291, 6.68580675125, 11.1498174667, 10.9148578644, 6.90893268585, 11.5880489349, 10.3299884796, 22.8049316406, 28.8091449738, 14.2867155075, 21.7872695923, 28.6601257324, 33.3279647827, 43.728351593, 42.047203064, 27.3956718445, 21.9469451904, 22.2203083038, 14.4157924652, 8.99692726135, 9.12369155884, 5.81469488144, 4.26791906357, 2.93034243584, 2.74785661697, 1.93795323372, 1.95705473423, 1.19331634045, 0.459035813808, 0.202023103833, 0.0765330195427, 0.0131402332336, 0.000833617872559, 7.50545732444e-05]}, "spectral_strongpeak": {"dmean2": 1.03683018684, "median": 0.339634090662, "min": 0, "dvar2": 3.28420829773, "dvar": 1.27249515057, "dmean": 0.603628098965, "max": 13.0009679794, "var": 2.05774712563, "mean": 0.954829216003}, "spectral_energy": {"dmean2": 0.0206633713096, "median": 0.0231773480773, "min": 9.83265797512e-21, "dvar2": 0.0010800587479, "dvar": 0.000429180305218, "dmean": 0.0129469698295, "max": 0.160514861345, "var": 0.000521045993082, "mean": 0.0267928317189}, "average_loudness": 0.950924813747, "spectral_rolloff": {"dmean2": 978.817565918, "median": 1528.85742188, "min": 43.06640625, "dvar2": 2321841, "dvar": 1157912.125, "dmean": 587.854248047, "max": 19616.7480469, "var": 5342704, "mean": 1843.64404297}, "spectral_centroid": {"dmean2": 503.552062988, "median": 1575.09423828, "min": 112.714187622, "dvar2": 362854.65625, "dvar": 177705.875, "dmean": 336.524658203, "max": 11785.1728516, "var": 1531027.875, "mean": 1645.62719727}, "pitch_salience": {"dmean2": 0.157213315368, "median": 0.482814729214, "min": 0.0704056173563, "dvar2": 0.0278396662325, "dvar": 0.0100857373327, "dmean": 0.0951508432627, "max": 0.995985627174, "var": 0.0192796420306, "mean": 0.483300060034}, "spectral_energyband_middle_high": {"dmean2": 0.00262045580894, "median": 0.00351979071274, "min": 1.1022691582e-21, "dvar2": 1.36019380079e-05, "dvar": 6.17164232608e-06, "dmean": 0.00170008896384, "max": 0.038362622261, "var": 3.47623026755e-05, "mean": 0.00545103056356}, "spectral_contrast_coeffs": {"dmean2": [0.0881556868553, 0.074619024992, 0.0644851699471, 0.0575752705336, 0.04530338943, 0.0342074818909], "median": [-0.678022384644, -0.760200977325, -0.773567318916, -0.760378718376, -0.76848077774, -0.775765538216], "min": [-0.981498122215, -0.987844467163, -0.994143128395, -0.985896408558, -0.989258348942, -0.965834259987], "dvar2": [0.00757955899462, 0.00388986896724, 0.00296873622574, 0.00241527939215, 0.00192821666133, 0.00116752763279], "dvar": [0.00378828635439, 0.00162302446552, 0.00137514027301, 0.00109611148946, 0.000850163865834, 0.000534134625923], "dmean": [0.0580495148897, 0.0464369058609, 0.0420029163361, 0.0372508205473, 0.0291855279356, 0.022558497265], "max": [-0.291408360004, -0.428781360388, -0.415884077549, -0.543090939522, -0.579009532928, -0.576565146446], "var": [0.0112695805728, 0.00566566549242, 0.00662357732654, 0.00528716435656, 0.00434897188097, 0.00284518348053], "mean": [-0.667330622673, -0.7512768507, -0.768057644367, -0.763933598995, -0.769572675228, -0.772828638554]}, "melbands_skewness": {"dmean2": 2.0805118084, "median": 2.33636450768, "min": -2.75000095367, "dvar2": 7.17802047729, "dvar": 2.94290852547, "dmean": 1.33767080307, "max": 31.9045524597, "var": 7.34006500244, "mean": 2.94823145866}, "spectral_spread": {"dmean2": 1112731.5, "median": 3705432.5, "min": 819425.3125, "dvar2": 2165523349500.0, "dvar": 1187392126980.0, "dmean": 789858, "max": 42798996, "var": 15292279291900.0, "mean": 4237965.5}, "dissonance": {"dmean2": 0.0280619263649, "median": 0.479274749756, "min": 0.23096267879, "dvar2": 0.00105305144098, "dvar": 0.000409546744777, "dmean": 0.0168482195586, "max": 0.500000119209, "var": 0.000826856063213, "mean": 0.470388919115}, "spectral_skewness": {"dmean2": 0.584052324295, "median": 1.58586192131, "min": -0.495054274797, "dvar2": 0.577587723732, "dvar": 0.256881177425, "dmean": 0.386786133051, "max": 9.10037994385, "var": 0.792452991009, "mean": 1.70762133598}, "spectral_flux": {"dmean2": 0.0574133880436, "median": 0.0733336508274, "min": 6.43125136479e-11, "dvar2": 0.0055189281702, "dvar": 0.00241973251104, "dmean": 0.0369605571032, "max": 0.387482732534, "var": 0.00404244940728, "mean": 0.0878925025463}, "spectral_contrast_valleys": {"dmean2": [0.756990134716, 0.838650643826, 0.701073169708, 0.642646849155, 0.545060098171, 0.619017124176], "median": [-6.9629573822, -7.10166072845, -7.60928153992, -7.59902477264, -7.67372703552, -10.4371929169], "min": [-28.5787315369, -27.875541687, -27.6597442627, -27.6220798492, -27.5068912506, -27.4611301422], "dvar2": [0.651499092579, 0.736630856991, 0.539897978306, 0.487148940563, 0.442245155573, 0.570068180561], "dvar": [0.308133840561, 0.317756772041, 0.250171691179, 0.230120241642, 0.232079699636, 0.357817053795], "dmean": [0.471451103687, 0.525476336479, 0.452234983444, 0.420756101608, 0.382402449846, 0.510750710964], "max": [-5.31435203552, -4.81649160385, -5.32860469818, -5.82014703751, -5.50033426285, -7.32758569717], "var": [5.609998703, 5.04669952393, 4.85800790787, 4.89349746704, 4.996571064, 5.11077594757], "mean": [-7.55353021622, -7.49179363251, -8.09073066711, -8.10369586945, -8.1068315506, -10.9670610428]}, "erbbands_flatness_db": {"dmean2": 0.036713194102, "median": 0.165772840381, "min": 0.0389557741582, "dvar2": 0.00153396232054, "dvar": 0.000851789081935, "dmean": 0.0270371530205, "max": 0.376430034637, "var": 0.00369233172387, "mean": 0.175770804286}, "spectral_energyband_high": {"dmean2": 0.000615195429418, "median": 0.000223830895266, "min": 7.07488870386e-21, "dvar2": 2.70002510661e-06, "dvar": 1.26268525946e-06, "dmean": 0.000433349283412, "max": 0.0281393043697, "var": 2.4177393243e-06, "mean": 0.000725735153537}, "spectral_entropy": {"dmean2": 0.342512637377, "median": 7.45679855347, "min": 4.81180334091, "dvar2": 0.162047028542, "dvar": 0.0830173790455, "dmean": 0.240681752563, "max": 9.82201862335, "var": 0.407131105661, "mean": 7.37720823288}, "silence_rate_20dB": {"dmean2": 0, "median": 1, "min": 1, "dvar2": 0, "dvar": 0, "dmean": 0, "max": 1, "var": 0, "mean": 1}, "melbands_flatness_db": {"dmean2": 0.0600977055728, "median": 0.208245038986, "min": 1.7688766718e-07, "dvar2": 0.00377640058286, "dvar": 0.00194391643163, "dmean": 0.0411129817367, "max": 0.685889840126, "var": 0.0128952143714, "mean": 0.232637643814}, "barkbands": {"dmean2": [0.000979423988611, 0.00616458337754, 0.00472133141011, 0.00969287659973, 0.00325146317482, 0.00105660012923, 0.00105507276021, 0.000403016718337, 0.000414715468651, 0.000475968117826, 0.000542364374269, 0.000396437942982, 0.000392828223994, 0.00061790557811, 0.000564609363209, 0.000671030720696, 0.000461521325633, 0.000335115473717, 0.000316699588438, 0.000154824418132, 0.000176315472345, 0.000118728290545, 9.31182148634e-05, 0.000120169963338, 0.000100017117802, 5.85372326896e-05, 7.37619484426e-06], "median": [8.19797351141e-05, 0.00350100500509, 0.00130650168285, 0.000495289103128, 0.00119628873654, 0.000293312594295, 0.000242532754783, 8.98869184311e-05, 0.000217262422666, 8.25711904326e-05, 8.25054157758e-05, 9.72900525085e-05, 0.000130575877847, 0.000265410926659, 0.000220708549023, 0.000302706088405, 0.000202681170776, 0.000133974215714, 0.000152662832988, 5.77608225285e-05, 5.25686700712e-05, 2.18255081563e-05, 1.85784701898e-05, 1.35513337227e-05, 9.71834106167e-06, 4.16879902332e-06, 4.70513668915e-07], "min": [5.76095455537e-25, 1.90044579284e-24, 6.30064191076e-25, 8.85060914891e-25, 8.8220855163e-24, 6.67424525218e-24, 8.6951546412e-24, 9.18017078042e-24, 1.81566387425e-23, 2.46475014443e-23, 1.07084672997e-23, 1.32345797785e-23, 2.91094123202e-23, 2.82948061505e-23, 3.05249695721e-23, 5.70740801819e-23, 6.94942723051e-23, 8.76943725503e-23, 1.61722329452e-22, 1.73090635511e-22, 2.66138849253e-22, 3.57157317575e-22, 2.96113619898e-22, 4.94286056337e-22, 9.07261025864e-22, 1.17308347247e-21, 1.85193157766e-21], "dvar2": [2.72046327154e-06, 9.03465988813e-05, 7.84383810242e-05, 0.000673770904541, 4.38776842202e-05, 3.98451311412e-06, 4.62897878606e-06, 9.57913698585e-07, 8.26804409826e-07, 1.79727851446e-06, 2.56552948485e-06, 1.60941783633e-06, 1.08415292743e-06, 1.43293482324e-06, 1.34452159273e-06, 1.88274054835e-06, 1.31066815356e-06, 5.43318378732e-07, 4.13347152062e-07, 9.3900339948e-08, 1.5721927582e-07, 1.29730963749e-07, 9.75216991606e-08, 3.05648882204e-07, 3.35324443768e-07, 1.05301602105e-07, 5.50976431146e-10], "dvar": [1.20157426409e-06, 3.50703958247e-05, 3.05659268633e-05, 0.000267942377832, 1.54642038979e-05, 1.51408448801e-06, 1.8007693825e-06, 3.90015657104e-07, 3.6206026266e-07, 8.96073743206e-07, 1.23009658637e-06, 6.65850393489e-07, 5.48052639715e-07, 6.35152105133e-07, 5.73103477564e-07, 7.73901433604e-07, 5.56972167942e-07, 2.41626537445e-07, 1.93488233435e-07, 4.40558203252e-08, 6.89645460739e-08, 5.73268543747e-08, 4.1348528157e-08, 1.35127365297e-07, 1.47940824036e-07, 4.45155876605e-08, 2.17463602681e-10], "dmean": [0.000623202999122, 0.00377592328005, 0.00291089853272, 0.00589433126152, 0.0018209858099, 0.000604010536335, 0.000617703306489, 0.000242134556174, 0.000265671435045, 0.000318014121149, 0.000359445170034, 0.000245819392148, 0.000258811865933, 0.000396008865209, 0.00035539662349, 0.000418111158069, 0.000288157549221, 0.000212503349758, 0.000204079886316, 0.000105568993604, 0.000119725817058, 8.45872273203e-05, 6.32629526081e-05, 7.98855544417e-05, 6.50769507047e-05, 3.69992740161e-05, 4.59496777694e-06], "max": [0.00900441687554, 0.0425014570355, 0.042969584465, 0.119853049517, 0.0344542823732, 0.021746315062, 0.033767234534, 0.0169932525605, 0.0190012976527, 0.0227371435612, 0.0336209870875, 0.0275070331991, 0.0220236368477, 0.0137441651896, 0.0170060247183, 0.0187055878341, 0.0248296577483, 0.012383364141, 0.0111848590896, 0.00695439754054, 0.00951929576695, 0.00777556421235, 0.00646910676733, 0.00970655120909, 0.0149545427412, 0.00913993641734, 0.000383513921406], "var": [2.12088957596e-06, 6.79720833432e-05, 2.80538788502e-05, 0.000221281137783, 1.29796371766e-05, 1.89475827028e-06, 3.18311799674e-06, 7.07193294147e-07, 8.33433887237e-07, 2.15804493564e-06, 3.71440978597e-06, 1.96835890165e-06, 1.60036995567e-06, 1.65004473729e-06, 1.30909120344e-06, 1.68842143466e-06, 1.05219498892e-06, 6.57604971366e-07, 4.4427642365e-07, 9.87889308135e-08, 1.31751050958e-07, 7.98940220648e-08, 7.00993396663e-08, 2.04892288025e-07, 2.03558627732e-07, 5.55634223076e-08, 2.57226490108e-10], "mean": [0.000802089576609, 0.00690019270405, 0.00323709845543, 0.00475972704589, 0.00245610740967, 0.000760629249271, 0.000845895905513, 0.00033460801933, 0.000496471242514, 0.000533954065759, 0.00060901773395, 0.00040446096682, 0.000446498132078, 0.00072600907879, 0.000628382724244, 0.000777268782258, 0.000504835334141, 0.000385174964322, 0.000368894048734, 0.00017615390243, 0.000194569598534, 0.000115528855531, 8.983664884e-05, 0.000107030849904, 8.35991450003e-05, 4.36515547335e-05, 5.01786234963e-0