{"tonal": {"thpcp": [1, 0.792982459068, 0.695166170597, 0.68353331089, 0.618115365505, 0.71668368578, 0.773454427719, 0.614489912987, 0.544540822506, 0.557909429073, 0.520179569721, 0.602601230145, 0.653490364552, 0.534556746483, 0.481103271246, 0.440562307835, 0.356514275074, 0.360091149807, 0.378665745258, 0.356786757708, 0.427316099405, 0.486829549074, 0.404885977507, 0.337551414967, 0.331551998854, 0.349520742893, 0.461061537266, 0.549040555954, 0.639798760414, 0.819119215012, 0.707119882107, 0.42011731863, 0.41853582859, 0.50149667263, 0.54056417942, 0.828198075294], "hpcp": {"dmean2": [0.326430886984, 0.321943193674, 0.2845685184, 0.262258976698, 0.23499314487, 0.232291132212, 0.246879667044, 0.235849544406, 0.231307342649, 0.202885866165, 0.175333812833, 0.1580542624, 0.15833593905, 0.160870119929, 0.150853857398, 0.170343592763, 0.178026720881, 0.166765064001, 0.143491998315, 0.143617063761, 0.157220900059, 0.1933773458, 0.212616190314, 0.263719946146, 0.335321635008, 0.258757144213, 0.189241394401, 0.17833891511, 0.19794999063, 0.245346039534, 0.338092207909, 0.385762870312, 0.373731523752, 0.331053137779, 0.316505402327, 0.309971749783], "median": [0.102153584361, 0.0970849767327, 0.074231736362, 0.0560789778829, 0.0508206039667, 0.0602048300207, 0.0797553360462, 0.0859550237656, 0.0767411738634, 0.0677185282111, 0.0623018220067, 0.0578220337629, 0.0597603172064, 0.0598094090819, 0.0610570535064, 0.0699503868818, 0.06968075037, 0.0601179003716, 0.0566456988454, 0.053968001157, 0.0536953434348, 0.0655486732721, 0.0690305307508, 0.0947027653456, 0.116012625396, 0.100152775645, 0.0575346462429, 0.0551576204598, 0.0603471621871, 0.0705891624093, 0.0992284864187, 0.119289278984, 0.109812214971, 0.0997691899538, 0.095279186964, 0.0894109085202], "min": [0, 0, 0, 0, 0, 0, 0, 0, 0, 0, 0, 0, 0, 0, 0, 0, 0, 0, 0, 0, 0, 0, 0, 0, 0, 0, 0, 0, 0, 0, 0, 0, 0, 0, 0, 0], "dvar2": [0.15864816308, 0.156656980515, 0.142334207892, 0.143251463771, 0.121570058167, 0.112015195191, 0.115033879876, 0.102572858334, 0.108906336129, 0.092276789248, 0.0766931846738, 0.0624877624214, 0.0665916800499, 0.0636968538165, 0.0521388202906, 0.0579861477017, 0.0658793225884, 0.0630767270923, 0.0478483177722, 0.050782892853, 0.0603812150657, 0.0764667093754, 0.0881669074297, 0.0968486592174, 0.14861908555, 0.091079518199, 0.0776269808412, 0.0726972445846, 0.0833713337779, 0.102802537382, 0.148506477475, 0.183688655496, 0.179249688983, 0.153452053666, 0.164010465145, 0.153827503324], "dvar": [0.0580974966288, 0.0587449334562, 0.0516618154943, 0.0523726269603, 0.0451060719788, 0.0405441261828, 0.0421873107553, 0.0387840755284, 0.0389074794948, 0.0337055176497, 0.0283966679126, 0.0225543472916, 0.0238106232136, 0.0227853357792, 0.0186181720346, 0.021738326177, 0.025782763958, 0.0231702569872, 0.0176354143769, 0.0189735982567, 0.0220037102699, 0.0282470565289, 0.0336210913956, 0.0378052070737, 0.0598516054451, 0.0381828993559, 0.0284676980227, 0.0267518740147, 0.0326026938856, 0.038063455373, 0.0585778094828, 0.0746655240655, 0.0654249712825, 0.0561230890453, 0.0597114153206, 0.0559225790203], "dmean": [0.18504396081, 0.183075398207, 0.160894677043, 0.147558182478, 0.132649198174, 0.130871027708, 0.141450658441, 0.136786773801, 0.131463631988, 0.116453655064, 0.100557222962, 0.089575111866, 0.0899885594845, 0.0917029306293, 0.0860720574856, 0.0990567952394, 0.10627887398, 0.0964986681938, 0.0823409557343, 0.0827623307705, 0.0900359675288, 0.111384086311, 0.123634688556, 0.153276249766, 0.194288045168, 0.151019901037, 0.108684755862, 0.102969348431, 0.113078132272, 0.140236079693, 0.196026414633, 0.220984473825, 0.21204392612, 0.185947373509, 0.177016630769, 0.173623844981], "max": [1, 1, 1, 1, 1, 1, 1, 1, 1, 1, 1, 1, 1, 1, 1, 1, 1, 1, 1, 1, 1, 1, 1, 1, 1, 1, 1, 1, 1, 1, 1, 1, 1, 1, 1, 1], "var": [0.0696743428707, 0.0859543085098, 0.0625511407852, 0.05944756791, 0.0689098462462, 0.0514494478703, 0.0560705177486, 0.0670055896044, 0.0441980659962, 0.0407163947821, 0.0385509245098, 0.021897951141, 0.0224921610206, 0.0250075180084, 0.0189523007721, 0.0263203941286, 0.0399533174932, 0.0281502325088, 0.018881406635, 0.0205960460007, 0.0244210977107, 0.0378794521093, 0.05456642434, 0.0516422986984, 0.0858285501599, 0.0701465383172, 0.0322401374578, 0.0347292758524, 0.0530673675239, 0.0474668331444, 0.0889380946755, 0.120730884373, 0.0769355073571, 0.0649419948459, 0.0687663778663, 0.0551394075155], "mean": [0.215290427208, 0.232344254851, 0.184591606259, 0.163579031825, 0.16759493947, 0.156260952353, 0.181020274758, 0.196307271719, 0.160579830408, 0.14452251792, 0.132344081998, 0.107096217573, 0.108170703053, 0.113750472665, 0.107178069651, 0.128364950418, 0.146242678165, 0.121626980603, 0.101399809122, 0.0995975956321, 0.104995369911, 0.138502016664, 0.164930745959, 0.192194342613, 0.246061861515, 0.212417468429, 0.126202449203, 0.125727370381, 0.150648653507, 0.162384450436, 0.248789146543, 0.300398111343, 0.238210424781, 0.208826601505, 0.205332115293, 0.185680687428]}, "tuning_equal_tempered_deviation": 0.264732331038, "chords_changes_rate": 0.0965980663896, "key_key": "C", "tuning_diatonic_strength": 0.386492729187, "key_scale": "major", "chords_number_rate": 0.00335993268527, "tuning_frequency": 434.193115234, "tuning_nontempered_energy_ratio": 0.921832442284, "chords_histogram": [2.68794631958, 23.8555221558, 9.84880256653, 0.0419991612434, 1.02897942066, 0.335993289948, 4.61990737915, 3.67492651939, 8.04283905029, 0.146997064352, 0.0629987418652, 0.713985741138, 1.32297348976, 1.19697606564, 4.01091957092, 15.4766902924, 1.86896264553, 0.818983614445, 0.944981098175, 8.44183158875, 2.1419570446, 4.43091154099, 4.26291465759, 0.0209995806217], "key_strength": 0.416349738836, "chords_key": "E", "chords_strength": {"dmean2": 0.0149545222521, "median": 0.449706912041, "min": 0.209512040019, "dvar2": 0.000158320210176, "dvar": 0.0001152252662, "dmean": 0.0134094748646, "max": 0.785022377968, "var": 0.0118350377306, "mean": 0.460950046778}, "chords_scale": "minor", "hpcp_entropy": {"dmean2": 1.24498295784, "median": 2.44296050072, "min": 0, "dvar2": 0.978087842464, "dvar": 0.362642168999, "dmean": 0.743746817112, "max": 4.68059587479, "var": 0.842203199863, "mean": 2.42489385605}}, "metadata": {"audio_properties": {"equal_loudness": 0, "codec": "mp3", "downmix": "mix", "sample_rate": 44100, "analysis_sample_rate": 44100, "bit_rate": 192000, "md5_encoded": "24e892534aae8be2c028ef7c36491ec4", "length": 221.074279785, "replay_gain": -13.7248210907, "lossless": false}, "version": {"essentia_build_sha": "2d9f1f26377add8aeb1075a9c2973f962c4f09fd", "essentia": "2.1-beta2", "extractor": "music 1.0", "essentia_git_sha": "v2.1_beta2-1-ge3940c0"}, "tags": {"title": ["Dot Com Monte Carlo"], "language": ["eng"], "media": ["CD"], "albumartist": ["Jello Biafra and The Guantanamo School Of Medicine"], "musicbrainz_recordingid": ["134a8571-1396-49f2-bdf3-f61916f9cf52"], "musicbrainz_albumartistid": ["1e478fff-fd9c-43b2-91c9-5203b7c8f241"], "discnumber": ["1/1"], "album": ["Enhanced Methods of Questioning"], "catalognumber": ["Virus 430"], "contentgroup": ["Punk"], "musicbrainz album type": ["album"], "musicbrainz album status": ["official"], "file_name": "01 - Dot Com Monte Carlo.mp3", "date": ["2011"], "genre": ["Punk", "Punk Rock", "Hardcore Punk"], "musicbrainz album release country": ["US"], "script": ["Latn"], "originaldate": ["2011"], "musicbrainz_albumid": ["a63be97b-28a5-4486-8c68-02516e9f2f90"], "artist": ["Jello Biafra and The Guantanamo School Of Medicine"], "artistsort": ["Biafra, Jello and Guantanamo School Of Medicine, The"], "tracknumber": ["1/6"], "label": ["Alternative Tentacles"], "albumartistsort": ["Jello Biafra and Guantanamo School of Medicine, The"], "acoustid_id": ["e5297d0c-4cd5-4b11-84dd-6eba7affeccf"], "musicbrainz_artistid": ["1e478fff-fd9c-43b2-91c9-5203b7c8f241"]}}, "rhythm": {"bpm_histogram_first_peak_bpm": {"dmean2": 0, "median": 133, "min": 133, "dvar2": 0, "dvar": 0, "dmean": 0, "max": 133, "var": 0, "mean": 133}, "bpm": 132.854446411, "bpm_histogram_second_peak_spread": {"dmean2": 0, "median": 0, "min": 0, "dvar2": 0, "dvar": 0, "dmean": 0, "max": 0, "var": 0, "mean": 0}, "bpm_histogram_first_peak_weight": {"dmean2": 0, "median": 0.241176471114, "min": 0.241176471114, "dvar2": 0, "dvar": 0, "dmean": 0, "max": 0.241176471114, "var": 0, "mean": 0.241176471114}, "onset_rate": 2.83596467972, "beats_position": [0.46439909935, 0.9287981987, 1.39319729805, 1.86920630932, 2.34521532059, 2.82122445107, 3.28562355042, 3.76163268089, 4.2492518425, 4.71365070343, 5.18965959549, 5.67727899551, 6.08362817764, 6.45514726639, 6.81505680084, 7.17496585846, 7.5464849472, 7.91800451279, 8.28952407837, 8.66104316711, 9.12544155121, 9.58984088898, 10.0542402267, 10.5070295334, 10.95981884, 11.412607193, 11.8653964996, 12.3065757751, 12.7477550507, 13.1889343262, 13.6301136017, 14.0712919235, 14.512471199, 14.9652605057, 15.4180498123, 15.870839119, 16.3352375031, 16.7648067474, 17.1827659607, 17.600725174, 18.0535144806, 18.5063037872, 18.970703125, 19.4699325562, 19.9807701111, 20.4916095734, 20.9908390045, 21.4668483734, 21.9312477112, 22.3608150482, 22.8019943237, 23.2431735992, 23.6959629059, 24.1487522125, 24.589931488, 25.0311107635, 25.4722900391, 25.9134693146, 26.3662586212, 26.8190479279, 27.2834453583, 27.747844696, 28.2122440338, 28.6766433716, 29.1410427094, 29.6054420471, 30.0582313538, 30.5110206604, 30.9638080597, 31.4165973663, 31.869386673, 32.322177887, 32.7865753174, 33.239364624, 33.6921539307, 34.1449432373, 34.6093406677, 35.0737419128, 35.5265312195, 35.9909286499, 36.455329895, 36.908115387, 37.3725166321, 37.8253059387, 38.2664833069, 38.730884552, 39.2185020447, 39.6945114136, 40.1821289063, 40.6697502136, 41.1573677063, 41.6101570129, 42.0513381958, 42.492515564, 42.9336967468, 43.374874115, 43.8160552979, 44.257232666, 44.6984100342, 45.139591217, 45.5691604614, 45.9987297058, 46.3354187012, 46.6604995728, 46.9855766296, 47.322265625, 47.6705665588, 48.0072555542, 48.355556488, 48.6922454834, 49.0289344788, 49.3656234741, 49.7023124695, 50.0273895264, 50.3524703979, 50.6775512695, 51.0026283264, 51.327709198, 51.6643981934, 52.0010871887, 52.3377761841, 52.6628570557, 52.9879341125, 53.3130149841, 53.6264839172, 53.9399528503, 54.2534217834, 54.5668907166, 54.8919715881, 55.2170524597, 55.5537414551, 55.8904304504, 56.2387275696, 56.5986366272, 56.9585494995, 57.2952384949, 57.6319274902, 57.9686164856, 58.3169136047, 58.6768226624, 59.0251235962, 59.3502044678, 59.6752815247, 59.9887504578, 60.3022193909, 60.6273002625, 61.0800895691, 61.5328788757, 61.9856681824, 62.438457489, 62.9028549194, 63.3556442261, 63.8084335327, 64.2496109009, 64.6907958984, 65.1319732666, 65.5499343872, 65.9446716309, 66.351020813, 66.7573699951, 67.1637191772, 67.5816802979, 67.98802948, 68.4175949097, 68.8471679688, 69.2883453369, 69.7295227051, 70.1707000732, 70.6118774414, 71.053062439, 71.4942398071, 71.9354171753, 72.3765945435, 72.817779541, 73.2589569092, 73.6885223389, 74.1180953979, 74.5824966431, 75.0352783203, 75.4996795654, 75.9640808105, 76.4284820557, 76.8928756714, 77.345664978, 77.7868499756, 78.2396392822, 78.6924285889, 79.1452102661, 79.5979995728, 80.0507888794, 80.503578186, 80.9563674927, 81.4091567993, 81.8967819214, 82.3727874756, 82.8487930298, 83.3015823364, 83.742767334, 84.1955566406, 84.6367340088, 85.112739563, 85.5887527466, 86.0647583008, 86.5175476074, 86.9703369141, 87.4231262207, 87.8759155273, 88.328704834, 88.7931060791, 89.1646270752, 89.5477523804, 89.9192733765, 90.2907943726, 90.6739196777, 91.0454406738, 91.4169616699, 91.7768707275, 92.1483917236, 92.5199050903, 92.8798141479, 93.2397232056, 93.6112442017, 94.0524215698, 94.4936065674, 94.9347839355, 95.3643493652, 95.7939224243, 96.223487854, 96.6646728516, 97.0942382813, 97.5238113403, 97.95337677, 98.3829498291, 98.8125152588, 99.253692627, 99.6948699951, 100.124443054, 100.565620422, 101.006797791, 101.447982788, 101.900772095, 102.353561401, 102.690246582, 103.026939392, 103.375236511, 103.711929321, 104.048614502, 104.385307312, 104.721992493, 105.070289612, 105.41859436, 105.766891479, 106.126800537, 106.498321533, 106.858230591, 107.194915771, 107.531608582, 107.856689453, 108.181770325, 108.506843567, 108.831924438, 109.15700531, 109.493690491, 109.841995239, 110.155464172, 110.480545044, 110.805618286, 111.130699158, 111.455780029, 111.769248962, 112.082717896, 112.396186829, 112.709655762, 113.023124695, 113.348205566, 113.684898376, 114.021583557, 114.358276367, 114.706573486, 115.054870605, 115.403175354, 115.751472473, 116.076553345, 116.413238525, 116.726707458, 117.040176392, 117.353645325, 117.678726196, 118.003807068, 118.328887939, 118.66557312, 118.979042053, 119.315734863, 119.652427673, 119.989112854, 120.337409973, 120.674102783, 121.010787964, 121.347480774, 121.695777893, 122.044082642, 122.392379761, 122.729064941, 123.065757751, 123.483718872, 123.901672363, 124.319633484, 124.737594604, 125.143943787, 125.550292969, 125.945030212, 126.339767456, 126.746116638, 127.164077759, 127.570426941, 127.976776123, 128.383132935, 128.801086426, 129.219039917, 129.729888916, 130.240722656, 130.739959717, 131.239181519, 131.73840332, 132.237640381, 132.806533813, 133.375411987, 133.94430542, 134.524810791, 135.105300903, 135.674194336, 136.243087769, 136.811965942, 137.369247437, 137.938140869, 138.507034302, 139.087524414, 139.668029785, 140.14402771, 140.620040894, 141.096054077, 141.514007568, 141.92036438, 142.326705933, 142.721450806, 143.11618042, 143.499313354, 143.894058228, 144.335235596, 144.776412964, 145.229202271, 145.681991577, 146.146392822, 146.599182129, 147.051971436, 147.493148804, 147.94593811, 148.398727417, 148.851516724, 149.315917969, 149.768707275, 150.221496582, 150.674285889, 151.127075195, 151.579864502, 152.02104187, 152.462219238, 152.915008545, 153.367797852, 153.832199097, 154.296600342, 154.691329956, 155.086074829, 155.469207764, 155.863937378, 156.258682251, 156.653427124, 157.048156738, 157.442901611, 157.837631226, 158.22076416, 158.615509033, 159.091522217, 159.567520142, 160.031921387, 160.496322632, 160.960723877, 161.413513184, 161.877914429, 162.330703735, 162.79510498, 163.259490967, 163.723892212, 164.199905396, 164.675918579, 165.140319824, 165.604721069, 166.069107056, 166.533508301, 166.997909546, 167.450698853, 167.903488159, 168.460769653, 169.018051147, 169.505661011, 169.993286133, 170.480911255, 170.933700562, 171.386474609, 171.827667236, 172.292053223, 172.73324585, 173.174423218, 173.638824463, 174.09161377, 174.544403076, 174.985580444, 175.426757813, 175.867935181, 176.29750061, 176.738677979, 177.191467285, 177.632644653, 178.073822021, 178.515014648, 178.956192017, 179.408981323, 179.86177063, 180.314559937, 180.767349243, 181.22013855, 181.672927856, 182.125717163, 182.57850647, 183.031295776, 183.484085083, 183.93687439, 184.378051758, 184.830841064, 185.272018433, 185.724807739, 186.177597046, 186.630386353, 187.083175659, 187.535964966, 187.988754272, 188.453155518, 188.905944824, 189.358734131, 189.811508179, 190.264297485, 190.705490112, 191.158279419, 191.611068726, 192.075454712, 192.528244019, 192.981033325, 193.433822632, 193.886611938, 194.339401245, 194.792190552, 195.244979858, 195.709381104, 196.16217041, 196.614959717, 197.067749023, 197.52053833, 197.973327637, 198.414505005, 198.855682373, 199.320083618, 199.772872925, 200.225662231, 200.6668396, 201.131240845, 201.572418213, 202.013595581, 202.454788208, 202.907577515, 203.360351563, 203.813140869, 204.254333496, 204.707122803, 205.148300171, 205.601089478, 206.042266846, 206.495056152, 206.936233521, 207.389022827, 207.841812134, 208.29460144, 208.747390747, 209.200180054, 209.792282104, 210.384399414, 211.022949219, 211.649887085, 212.276824951, 212.903762817, 213.519088745, 214.134414673, 214.761352539, 215.376678467, 215.992019653, 216.607345581, 217.245895386, 217.88444519, 218.522994995, 219.173141479, 219.811691284, 220.450241089], "beats_loudness": {"dmean2": 0.0165484305471, "median": 0.0245626978576, "min": 7.5931916399e-06, "dvar2": 0.000200345180929, "dvar": 6.88805594109e-05, "dmean": 0.00943877547979, "max": 0.0625626146793, "var": 0.000106689782115, "mean": 0.0248095355928}, "danceability": 1.11295247078, "bpm_histogram_second_peak_weight": {"dmean2": 0, "median": 0.0725490227342, "min": 0.0725490227342, "dvar2": 0, "dvar": 0, "dmean": 0, "max": 0.0725490227342, "var": 0, "mean": 0.0725490227342}, "beats_count": 511, "bpm_histogram_second_peak_bpm": {"dmean2": 0, "median": 178, "min": 178, "dvar2": 0, "dvar": 0, "dmean": 0, "max": 178, "var": 0, "mean": 178}, "bpm_histogram_first_peak_spread": {"dmean2": 0, "median": 0.509960174561, "min": 0.509960174561, "dvar2": 0, "dvar": 0, "dmean": 0, "max": 0.509960174561, "var": 0, "mean": 0.509960174561}, "beats_loudness_band_ratio": {"dmean2": [0.308317184448, 0.217515826225, 0.194863259792, 0.166447415948, 0.129247203469, 0.0924925133586], "median": [0.359718322754, 0.16986836493, 0.117050640285, 0.0854820385575, 0.137129530311, 0.0783232674003], "min": [0.0136928800493, 0.00201787916012, 0.00177411211189, 0.00098302133847, 0.000501707429066, 0.000102848673123], "dvar2": [0.0635306090117, 0.0360701046884, 0.0420081391931, 0.040111631155, 0.0135522447526, 0.00882674008608], "dvar": [0.0228106956929, 0.0126845641062, 0.0138002159074, 0.0148687204346, 0.00499170459807, 0.0032648879569], "dmean": [0.175859883428, 0.121432885528, 0.108426593244, 0.0958348363638, 0.0745018497109, 0.0533304028213], "max": [0.961458206177, 0.966326951981, 0.698324561119, 0.765893399715, 0.674804210663, 0.440019130707], "var": [0.0424927771091, 0.0210505276918, 0.0132815921679, 0.0161409843713, 0.00887116789818, 0.0040269959718], "mean": [0.383334130049, 0.18508541584, 0.144562169909, 0.129595145583, 0.154012292624, 0.0921810641885]}}, "lowlevel": {"barkbands_spread": {"dmean2": 9.73071861267, "median": 34.3196182251, "min": 0.245473623276, "dvar2": 88.3429794312, "dvar": 37.2571601868, "dmean": 6.20709037781, "max": 129.220932007, "var": 124.739219666, "mean": 33.0629882813}, "melbands_spread": {"dmean2": 15.6430282593, "median": 38.6577148438, "min": 0.508179843426, "dvar2": 226.289398193, "dvar": 97.2026977539, "dmean": 10.068488121, "max": 194.885757446, "var": 317.158233643, "mean": 39.1628799438}, "hfc": {"dmean2": 7.76334857941, "median": 20.289806366, "min": 1.2014361646e-16, "dvar2": 72.6917037964, "dvar": 35.9201850891, "dmean": 5.1355471611, "max": 104.246246338, "var": 219.152297974, "mean": 23.9152297974}, "barkbands_kurtosis": {"dmean2": 2.91233634949, "median": -0.574832499027, "min": -1.87745547295, "dvar2": 178.99017334, "dvar": 63.6886177063, "dmean": 1.78596711159, "max": 391.703796387, "var": 102.224456787, "mean": 1.16395485401}, "gfcc": {"mean": [17.5992145538, 79.8879623413, -136.624313354, 44.4001922607, -47.6978912354, 12.8923511505, -31.4422397614, 16.5472335815, -20.6387424469, 3.73005604744, -16.5314483643, -2.48806357384, -11.2589740753], "icov": [[0.000337394536473, -2.29001834668e-05, 0.000403684127377, -0.000503942428622, 0.000354567950126, -0.000345686159562, 0.000353915878804, -0.000999302254058, 0.00063607172342, -0.000447179132607, 0.00067716347985, -0.000548171519767, 0.00058439548593], [-2.29001834668e-05, 0.00289589213207, 0.000270718970569, -0.000325478235027, -0.000252658035606, 0.00160910550039, -0.00148732517846, 0.00189673516434, -0.00144730578177, 0.00253887916915, -0.00247309543192, 0.00228626583703, -0.00269676977769], [0.000403684127377, 0.000270718970569, 0.00255897222087, -0.000396945077227, -8.21447756607e-05, -0.000679920136463, 0.00133011606522, -0.00134928477928, 8.47207629704e-05, -8.40902575874e-05, 0.00135172763839, -0.00210266839713, 0.000819814391434], [-0.000503942428622, -0.000325478235027, -0.000396945077227, 0.00571870431304, -6.04605011176e-05, -0.00034105888335, -0.000645683670882, -0.000392480520532, -0.002840382047, 0.00101383693982, -0.00100375583861, 0.00215796125121, -0.00128957023844], [0.000354567950126, -0.000252658035606, -8.21447756607e-05, -6.04605011176e-05, 0.00596707686782, -0.00177561561577, -0.00133558583912, -0.000896184181329, 0.000619977829047, -0.00201195757836, 0.000725828052964, 0.000660323887132, -0.00199723453261], [-0.000345686159562, 0.00160910550039, -0.000679920136463, -0.00034105888335, -0.00177561561577, 0.0102157797664, -0.00412778463215, 0.00172939302865, -0.000118258212751, -6.14949749433e-05, -0.000910817994736, 0.00111576612107, 5.25339710293e-05], [0.000353915878804, -0.00148732517846, 0.00133011606522, -0.000645683670882, -0.00133558583912, -0.00412778463215, 0.0112240556628, -0.0060495082289, -0.000572885910515, 0.00134666264057, 2.97679252981e-05, -0.00245554582216, 0.000704422825947], [-0.000999302254058, 0.00189673516434, -0.00134928477928, -0.000392480520532, -0.000896184181329, 0.00172939302865, -0.0060495082289, 0.0152535475791, -0.00496853282675, 0.00201971898787, 0.000159568604431, 0.0004163927224, -0.000811905600131], [0.00063607172342, -0.00144730578177, 8.47207629704e-05, -0.002840382047, 0.000619977829047, -0.000118258212751, -0.000572885910515, -0.00496853282675, 0.0170791726559, -0.00790447182953, 0.000264772796072, 0.00138926925138, 0.000724637066014], [-0.000447179132607, 0.00253887916915, -8.40902575874e-05, 0.00101383693982, -0.00201195757836, -6.14949749433e-05, 0.00134666264057, 0.00201971898787, -0.00790447182953, 0.02120176889, -0.0082587832585, -3.68919099856e-05, 0.00121568748727], [0.00067716347985, -0.00247309543192, 0.00135172763839, -0.00100375583861, 0.000725828052964, -0.000910817994736, 2.97679252981e-05, 0.000159568604431, 0.000264772796072, -0.0082587832585, 0.0242221094668, -0.0105430949479, 0.000357599201379], [-0.000548171519767, 0.00228626583703, -0.00210266839713, 0.00215796125121, 0.000660323887132, 0.00111576612107, -0.00245554582216, 0.0004163927224, 0.00138926925138, -3.68919099856e-05, -0.0105430949479, 0.0217918232083, -0.00850220303982], [0.00058439548593, -0.00269676977769, 0.000819814391434, -0.00128957023844, -0.00199723453261, 5.25339710293e-05, 0.000704422825947, -0.000811905600131, 0.000724637066014, 0.00121568748727, 0.000357599201379, -0.00850220303982, 0.0243747998029]], "cov": [[7016.58398438, -635.655273438, -572.530334473, 488.756896973, -332.329467773, 195.671417236, 67.5420837402, 455.886657715, -49.8272361755, 38.0199394226, -194.196029663, -37.4583244324, -218.489135742], [-635.655273438, 753.172119141, -171.153106689, 50.4310264587, 44.0603675842, -92.7140655518, 64.1279144287, -83.2271575928, 40.3822784424, -66.1692733765, 59.2655906677, -42.1285820007, 92.7136764526], [-572.530334473, -171.153106689, 577.227844238, -48.1603393555, 29.4816894531, 21.6986141205, -49.8808097839, 9.30471801758, -0.691849648952, 14.8054075241, -9.09998035431, 49.3822250366, -6.41047811508], [488.756896973, 50.4310264587, -48.1603393555, 265.895843506, 4.11761045456, 29.421869278, 55.8414421082, 65.7500152588, 53.6078224182, -0.828511536121, -7.2872376442, -27.8043804169, -0.744995296001], [-332.329467773, 44.0603675842, 29.4816894531, 4.11761045456, 231.841278076, 48.8350601196, 64.9438018799, 15.3029289246, 20.551733017, 15.2678470612, 13.0423250198, 3.37548232079, 29.2066841125], [195.671417236, -92.7140655518, 21.6986141205, 29.421869278, 48.8350601196, 147.893478394, 61.7180252075, 37.9401435852, 8.32576084137, 13.2914972305, -4.75053930283, 4.16271448135, -10.3480567932], [67.5420837402, 64.1279144287, -49.8808097839, 55.8414421082, 64.9438018799, 61.7180252075, 176.974716187, 72.7105331421, 33.9286231995, -5.33369541168, 9.61430263519, 5.90914964676, 13.7809152603], [455.886657715, -83.2271575928, 9.30471801758, 65.7500152588, 15.3029289246, 37.9401435852, 72.7105331421, 143.441146851, 34.7510147095, 7.40396976471, -15.6008234024, 2.66631746292, -13.3672370911], [-49.8272361755, 40.3822784424, -0.691849648952, 53.6078224182, 20.551733017, 8.32576084137, 33.9286231995, 34.7510147095, 96.9876556396, 28.9718513489, 12.7222604752, -7.46820783615, 3.24495768547], [38.0199394226, -66.1692733765, 14.8054075241, -0.828511536121, 15.2678470612, 13.2914972305, -5.33369541168, 7.40396976471, 28.9718513489, 77.6777877808, 23.9540996552, 14.6108369827, -7.14147520065], [-194.196029663, 59.2655906677, -9.09998035431, -7.2872376442, 13.0423250198, -4.75053930283, 9.61430263519, -15.6008234024, 12.7222604752, 23.9540996552, 74.7084732056, 33.2867393494, 20.3566894531], [-37.4583244324, -42.1285820007, 49.3822250366, -27.8043804169, 3.37548232079, 4.16271448135, 5.90914964676, 2.66631746292, -7.46820783615, 14.6108369827, 33.2867393494, 81.9339599609, 20.8752479553], [-218.489135742, 92.7136764526, -6.41047811508, -0.744995296001, 29.2066841125, -10.3480567932, 13.7809152603, -13.3672370911, 3.24495768547, -7.14147520065, 20.3566894531, 20.8752479553, 65.5126724243]]}, "spectral_energyband_middle_low": {"dmean2": 0.00470325630158, "median": 0.00441413186491, "min": 2.68340364402e-22, "dvar2": 5.06869837409e-05, "dvar": 2.08355177165e-05, "dmean": 0.00298436800949, "max": 0.0613643787801, "var": 3.39070211339e-05, "mean": 0.00620606541634}, "melbands_crest": {"dmean2": 5.61512327194, "median": 13.3117980957, "min": 1.82445514202, "dvar2": 24.1772651672, "dvar": 10.2745285034, "dmean": 3.58132100105, "max": 39.5717658997, "var": 33.5447502136, "mean": 14.1939535141}, "spectral_kurtosis": {"dmean2": 2.27996826172, "median": 3.84652423859, "min": -1.18255019188, "dvar2": 12.5247879028, "dvar": 4.38364601135, "dmean": 1.33235275745, "max": 73.7075500488, "var": 18.3058223724, "mean": 4.42503023148}, "spectral_rms": {"dmean2": 0.000929596368223, "median": 0.00441635772586, "min": 3.22288766855e-12, "dvar2": 9.83708901003e-07, "dvar": 4.47393915692e-07, "dmean": 0.000609763141256, "max": 0.00853246729821, "var": 1.91805474969e-06, "mean": 0.00444923201576}, "zerocrossingrate": {"dmean2": 0.0118097895756, "median": 0.0751953125, "min": 0.00341796875, "dvar2": 0.000126039158204, "dvar": 9.59416138357e-05, "dmean": 0.00982290972024, "max": 0.60498046875, "var": 0.000855074671563, "mean": 0.0751560330391}, "silence_rate_60dB": {"dmean2": 0.0239495802671, "median": 0, "min": 0, "dvar2": 0.0286294762045, "dvar": 0.0118313012645, "dmean": 0.0119735319167, "max": 1, "var": 0.0364718995988, "mean": 0.0379122048616}, "erbbands_kurtosis": {"dmean2": 1.51373970509, "median": -0.0652389377356, "min": -1.81068885326, "dvar2": 27.1891403198, "dvar": 10.4989509583, "dmean": 0.928809702396, "max": 148.36831665, "var": 18.8506469727, "mean": 0.44237434864}, "erbbands": {"dmean2": [0.158584952354, 1.08264803886, 2.56823801994, 2.09870052338, 5.13313150406, 3.83172607422, 6.2067232132, 14.5255613327, 16.8688163757, 20.4871730804, 20.5567874908, 31.847120285, 25.7777996063, 33.4665908813, 31.1448669434, 18.775850296, 32.3020057678, 31.0291004181, 32.9244194031, 28.0460014343, 33.8870849609, 30.0835285187, 28.812253952, 36.0509796143, 27.8954200745, 16.819814682, 9.53177165985, 7.44629383087, 4.83746290207, 3.28033447266, 2.12955880165, 1.3956515789, 0.795717537403, 0.559266328812, 0.264062225819, 0.0925952419639, 0.0257878284901, 0.00556767685339, 0.000590494310018, 2.89869494736e-05], "median": [0.02718141675, 0.516858696938, 2.29895925522, 2.16890454292, 1.65375328064, 1.85648393631, 2.65989542007, 3.68991041183, 6.00158405304, 7.73520565033, 8.76614761353, 14.1405258179, 14.9940328598, 10.8902482986, 11.6869297028, 11.0027856827, 13.6900091171, 16.5916862488, 25.7188720703, 24.364938736, 38.6391372681, 38.0098266602, 31.2298755646, 32.0837059021, 26.9118843079, 19.6152210236, 9.54051589966, 7.18017339706, 4.20215415955, 2.50820112228, 1.78085482121, 1.16557633877, 0.622502446175, 0.342549294233, 0.133672386408, 0.0461372770369, 0.0119248982519, 0.00188519852236, 7.46212244849e-05, 3.49420879502e-05], "min": [5.78878249155e-22, 6.42351466763e-21, 1.01947231687e-20, 5.61545969869e-20, 1.848462904e-19, 2.50870024512e-19, 1.29359170007e-19, 2.19625189728e-19, 3.29102285306e-19, 4.78470631212e-19, 3.78807025477e-19, 1.75259760824e-18, 2.54381158058e-18, 1.465194118e-18, 2.57910344821e-18, 3.06770848949e-18, 5.54556399675e-18, 7.51172309555e-18, 4.27700353165e-18, 3.88332801222e-18, 1.02589470742e-17, 7.32657608622e-18, 9.57910718103e-18, 1.5913858144e-17, 1.43949130026e-17, 1.44108411925e-17, 1.87036025148e-17, 1.38241352189e-17, 1.89472121683e-17, 1.97807289844e-17, 2.0335568652e-17, 1.50579859447e-17, 1.23973975548e-17, 1.43758812311e-17, 9.04211889815e-18, 6.33872267071e-18, 3.94697997394e-18, 1.61163724307e-18, 3.23792871447e-19, 3.35037713329e-20], "dvar2": [0.0961220264435, 4.50662708282, 15.291302681, 6.49740409851, 111.971847534, 43.0163078308, 155.304046631, 1517.73034668, 1386.21105957, 2777.98632813, 3833.19213867, 7337.44140625, 3338.08886719, 9775.31542969, 7049.35107422, 2179.20483398, 8964.21386719, 5348.12353516, 2556.62011719, 2628.84863281, 1695.10900879, 1455.32043457, 2007.32348633, 5166.41699219, 2538.96533203, 589.16998291, 224.78453064, 135.655197144, 73.5876998901, 34.5551948547, 15.8430376053, 7.18026208878, 2.45578956604, 0.988707363605, 0.250463664532, 0.0323951244354, 0.00460092816502, 0.000260022090515, 2.6535321922e-06, 4.5013557326e-09], "dvar": [0.0450863428414, 1.89390087128, 5.50660181046, 2.42886734009, 46.0119438171, 17.1307926178, 59.3705215454, 578.303710938, 542.336303711, 1053.94482422, 1552.20483398, 3107.3996582, 1359.09973145, 4441.17285156, 3150.2824707, 900.054382324, 3575.93530273, 2237.17504883, 1011.74603271, 1008.38842773, 641.16595459, 563.735778809, 893.286010742, 2203.28369141, 1197.71411133, 250.171722412, 96.1158752441, 56.488407135, 30.6793136597, 14.0687656403, 6.10445308685, 2.8178627491, 1.00139653683, 0.410077989101, 0.106042392552, 0.0140237854794, 0.00177623459604, 9.77243325906e-05, 1.04474383988e-06, 1.72506220419e-09], "dmean": [0.104895427823, 0.681147456169, 1.53372824192, 1.27218616009, 3.21087217331, 2.35669064522, 3.74320077896, 8.63748550415, 10.0676231384, 12.0859079361, 12.5245962143, 20.1054496765, 16.062620163, 21.8473911285, 19.9468040466, 11.5688304901, 19.8426799774, 19.3365497589, 19.8612556458, 17.1134109497, 20.0149421692, 18.0165042877, 17.8091564178, 22.7236232758, 17.5344600677, 10.4258813858, 5.88306617737, 4.58272600174, 2.96566867828, 2.00153923035, 1.32454502583, 0.878834426403, 0.510757446289, 0.366697400808, 0.17172023654, 0.0599174648523, 0.0165189914405, 0.00356928864494, 0.000372789072571, 1.83766987902e-05], "max": [2.03063058853, 12.0677537918, 30.1655349731, 22.083147049, 71.7064666748, 52.6334686279, 110.293449402, 464.13848877, 423.292236328, 627.84197998, 994.808044434, 1631.27416992, 693.271179199, 1334.56542969, 1351.88085938, 819.434631348, 1334.92346191, 1061.29528809, 688.387756348, 941.605529785, 624.372924805, 558.941467285, 590.381958008, 1415.84716797, 1079.2253418, 291.85369873, 210.871932983, 168.995117188, 156.406097412, 81.7760314941, 55.4097976685, 31.7717704773, 19.2768306732, 10.202671051, 8.78019714355, 2.13095164299, 1.86352312565, 0.45253944397, 0.0386684499681, 0.00142867129762], "var": [0.0759115815163, 2.18804550171, 7.81009340286, 5.37247371674, 49.5295753479, 22.4194831848, 70.0695343018, 607.231384277, 549.568603516, 951.166442871, 1877.59899902, 4571.20019531, 1849.54797363, 10154.3955078, 6491.06103516, 1274.46203613, 4382.18798828, 3589.06079102, 1784.84997559, 2411.57836914, 1390.8503418, 1217.4317627, 2248.16015625, 4577.56835938, 2661.63891602, 649.465698242, 275.792236328, 124.421356201, 49.7263031006, 21.5627288818, 8.79748725891, 4.34301996231, 1.67534220219, 0.70311999321, 0.171381160617, 0.0229241661727, 0.00206275330856, 0.000102136167698, 1.14010140351e-06, 1.79200865258e-09], "mean": [0.147479951382, 0.991522014141, 3.02166891098, 2.72045564651, 3.90430998802, 3.41627216339, 5.17416715622, 10.1185722351, 12.3801393509, 14.9366731644, 17.2940425873, 30.2581748962, 25.5957279205, 38.1101303101, 32.7365951538, 19.1519107819, 29.622095108, 33.4114151001, 37.5498924255, 36.9098701477, 45.5804862976, 42.7329330444, 41.4632072449, 48.7346534729, 39.422328949, 25.7423839569, 14.0326385498, 10.1304540634, 6.05529356003, 3.77832055092, 2.57249879837, 1.70667243004, 0.966692388058, 0.62263071537, 0.273375749588, 0.0956256315112, 0.0256859641522, 0.00519960047677, 0.000446432648459, 4.29385036114e-05]}, "spectral_strongpeak": {"dmean2": 0.859630167484, "median": 0.326328396797, "min": 0, "dvar2": 2.34109330177, "dvar": 0.94116550684, "dmean": 0.51039147377, "max": 18.1986045837, "var": 1.484993577, "mean": 0.794302105904}, "spectral_energy": {"dmean2": 0.00952842924744, "median": 0.0199918225408, "min": 1.06466796305e-20, "dvar2": 0.000130171712954, "dvar": 5.61035521969e-05, "dmean": 0.0061387908645, "max": 0.0746230706573, "var": 0.00014821246441, "mean": 0.0222565140575}, "average_loudness": 0.952027916908, "spectral_rolloff": {"dmean2": 869.666687012, "median": 2347.11914063, "min": 21.533203125, "dvar2": 1029180.4375, "dvar": 455837.03125, "dmean": 536.37487793, "max": 20478.0761719, "var": 1402786.875, "mean": 2250.94921875}, "spectral_centroid": {"dmean2": 383.608154297, "median": 2168.06445313, "min": 316.543304443, "dvar2": 138489.53125, "dvar": 62963.2265625, "dmean": 246.834136963, "max": 11582.9697266, "var": 275536.5, "mean": 2083.20800781}, "pitch_salience": {"dmean2": 0.121149845421, "median": 0.592835783958, "min": 0.0206788852811, "dvar2": 0.0119138509035, "dvar": 0.00508207129315, "dmean": 0.0760137289762, "max": 0.870023608208, "var": 0.016240151599, "mean": 0.575926065445}, "spectral_energyband_middle_high": {"dmean2": 0.00302997115068, "median": 0.00560390856117, "min": 1.45523142707e-21, "dvar2": 1.69276754605e-05, "dvar": 8.40840311866e-06, "dmean": 0.00204014824703, "max": 0.0499042905867, "var": 4.26849328505e-05, "mean": 0.00773626938462}, "spectral_contrast_coeffs": {"dmean2": [0.0771678164601, 0.0819187983871, 0.0667992606759, 0.0499185286462, 0.0347900502384, 0.0339651852846], "median": [-0.676584839821, -0.779062747955, -0.788655877113, -0.800140917301, -0.795632719994, -0.737976789474], "min": [-0.965773403645, -0.959300398827, -0.96369355917, -0.966217577457, -0.964432895184, -0.960550665855], "dvar2": [0.00392729975283, 0.00453163683414, 0.00283186370507, 0.00153808726463, 0.000775947701186, 0.000941427890211], "dvar": [0.00155879138038, 0.00175979163032, 0.00116510572843, 0.000603685504757, 0.000324630585965, 0.000400485558202], "dmean": [0.0478984341025, 0.0499637313187, 0.0415398962796, 0.0302401762456, 0.0213924311101, 0.0215035956353], "max": [-0.381119638681, -0.428872227669, -0.448585629463, -0.554355740547, -0.577927827835, -0.580794215202], "var": [0.00472670188174, 0.00481759989634, 0.00437105121091, 0.00176366989035, 0.00120031728875, 0.00180866883602], "mean": [-0.673120200634, -0.767266750336, -0.775763392448, -0.794396698475, -0.790638148785, -0.74174618721]}, "melbands_skewness": {"dmean2": 0.996489167213, "median": 1.81172561646, "min": -1.49886953831, "dvar2": 1.22260665894, "dvar": 0.544129669666, "dmean": 0.653623819351, "max": 13.7302103043, "var": 2.00605344772, "mean": 1.99727725983}, "spectral_spread": {"dmean2": 646446.25, "median": 3649415.5, "min": 1055867.75, "dvar2": 679799160832, "dvar": 399604219904, "dmean": 450382.0625, "max": 40715300, "var": 1380816388100.0, "mean": 3841855.75}, "dissonance": {"dmean2": 0.0184059683233, "median": 0.487777411938, "min": 0.189066290855, "dvar2": 0.000504585157614, "dvar": 0.000174774977495, "dmean": 0.010810717009, "max": 0.5, "var": 0.000370733818272, "mean": 0.4825784266}, "spectral_skewness": {"dmean2": 0.30194491148, "median": 1.25313746929, "min": -0.0437738150358, "dvar2": 0.0979869216681, "dvar": 0.0360569134355, "dmean": 0.183172821999, "max": 7.11387681961, "var": 0.210719108582, "mean": 1.30069422722}, "spectral_flux": {"dmean2": 0.0334914214909, "median": 0.0809808075428, "min": 1.03182747069e-10, "dvar2": 0.00124881218653, "dvar": 0.000526333518792, "dmean": 0.0210744384676, "max": 0.2378051579, "var": 0.00143846170977, "mean": 0.0855519399047}, "spectral_contrast_valleys": {"dmean2": [0.610370397568, 0.602012693882, 0.490250080824, 0.383480936289, 0.299002856016, 0.362149804831], "median": [-7.15740299225, -6.52386856079, -6.87907123566, -6.88131523132, -6.51414585114, -9.76390457153], "min": [-27.1401538849, -27.2815151215, -27.3861103058, -27.11677742, -27.2292232513, -27.2929954529], "dvar2": [0.254531145096, 0.261027395725, 0.158210843801, 0.107192486525, 0.0822402611375, 0.16532664001], "dvar": [0.101791203022, 0.104155227542, 0.0710639134049, 0.0533467158675, 0.0467865616083, 0.0864238291979], "dmean": [0.371390640736, 0.367452263832, 0.300763577223, 0.238531827927, 0.191062018275, 0.261238187551], "max": [-5.64750671387, -4.87278175354, -5.27400684357, -5.60172748566, -5.56665039063, -8.25100135803], "var": [0.843990683556, 0.832554399967, 0.775423645973, 0.77641159296, 1.01182758808, 0.968665719032], "mean": [-7.31025505066, -6.69878292084, -7.06603956223, -7.06756210327, -6.7797627449, -9.939412117]}, "erbbands_flatness_db": {"dmean2": 0.0233599487692, "median": 0.146784067154, "min": 0.0239356923848, "dvar2": 0.000498903798871, "dvar": 0.000232125283219, "dmean": 0.0158799625933, "max": 0.405293434858, "var": 0.00148267496843, "mean": 0.150377824903}, "spectral_energyband_high": {"dmean2": 0.000503687711898, "median": 0.000736485933885, "min": 7.95701866601e-21, "dvar2": 4.83631026782e-07, "dvar": 2.0292762315e-07, "dmean": 0.000318611069815, "max": 0.00734167825431, "var": 5.78512185712e-07, "mean": 0.000923596846405}, "spectral_entropy": {"dmean2": 0.152678117156, "median": 7.88931751251, "min": 4.38840675354, "dvar2": 0.0317919403315, "dvar": 0.0137986494228, "dmean": 0.101024404168, "max": 9.80210971832, "var": 0.105399735272, "mean": 7.84089326859}, "silence_rate_20dB": {"dmean2": 0, "median": 1, "min": 1, "dvar2": 0, "dvar": 0, "dmean": 0, "max": 1, "var": 0, "mean": 1}, "melbands_flatness_db": {"dmean2": 0.0363498143852, "median": 0.137302905321, "min": 0.00480294972658, "dvar2": 0.00128209916875, "dvar": 0.000571830430999, "dmean": 0.0238435529172, "max": 0.534327208996, "var": 0.00346904853359, "mean": 0.150156915188}, "barkbands": {"dmean2": [0.000293453835184, 0.00474958727136, 0.00222142832354, 0.000737588561606, 0.00149167340714, 0.00146115652751, 0.00131530035287, 0.000921692466363, 0.00135234592017, 0.000867635535542, 0.00104404217564, 0.000470446393592, 0.000712539243978, 0.000722475408111, 0.000603786669672, 0.000620095641352, 0.0005741113564, 0.000535212340765, 0.000722319469787, 0.000355977826985, 0.000204014941119, 0.000126827595523, 8.01214700914e-05, 5.47292802366e-05, 4.17230112362e-05, 1.61735770234e-05, 3.34916126121e-06], "median": [4.22959274147e-05, 0.00197818269953, 0.00196265918203, 0.000476757239085, 0.000603398540989, 0.000439237453975, 0.000472630548757, 0.000338488316629, 0.000631953123957, 0.000361670623533, 0.000264057744062, 0.000235116109252, 0.000271682278253, 0.000359546917025, 0.000436826958321, 0.000642461818643, 0.000658120494336, 0.000535665487405, 0.000616619130597, 0.000401950732339, 0.000194035441382, 0.000110466906335, 6.5973130404e-05, 4.63049691461e-05, 2.4313438189e-05, 7.94059269538e-06, 4.32847969023e-07], "min": [5.59977370635e-24, 2.6372587205e-23, 7.31608536164e-24, 3.13396262289e-23, 6.50448443642e-23, 2.28302246651e-23, 3.08688813723e-23, 1.23206994082e-23, 6.36868865802e-23, 7.6610201567e-23, 2.2262580868e-23, 9.54469630498e-23, 1.35106894573e-22, 1.27249814713e-22, 5.92181220807e-23, 1.73262960598e-22, 1.12119033411e-22, 1.9096768775e-22, 3.13429684748e-22, 3.80905766868e-22, 3.62618052575e-22, 4.89562634916e-22, 7.63124450717e-22, 6.96436194517e-22, 1.27678851547e-21, 1.83696336481e-21, 2.51724550552e-21], "dvar2": [3.31211225557e-07, 8.59859501361e-05, 1.00467432276e-05, 8.80830896222e-07, 8.25261213322e-06, 1.32433724502e-05, 7.93799972598e-06, 7.76215074438e-06, 1.11236049634e-05, 4.