{"metadata": {"tags": {"label": ["Bloodshot Records"], "catalognumber": ["BS 096"], "originalyear": ["2003"], "asin": ["B00008OM00"], "album": ["Cockadoodledon't"], "musicbrainz album type": ["album"], "script": ["Latn"], "albumartistsort": ["Legendary Shack Shakers, The"], "musicbrainz album release country": ["US"], "musicbrainz_artistid": ["7802f51b-2fbe-4287-ad93-4c3d596b50b6"], "musicbrainz_releasegroupid": ["52ea6a90-5526-3fd4-a6e4-35e14317a02a"], "musicbrainz_recordingid": ["134e629c-042e-492b-93e2-8a6c007a4631"], "albumartist": ["Th' Legendary Shack*Shakers"], "barcode": ["744302009629"], "originaldate": ["2003"], "musicbrainz album status": ["official"], "artist": ["Th' Legendary Shack*Shakers"], "musicbrainz_albumid": ["8f90d974-9f9a-425d-a27b-215bb65825bb"], "artistsort": ["Legendary Shack Shakers, The"], "title": ["Blood on the Bluegrass"], "tracknumber": ["8/12"], "musicbrainz_albumartistid": ["7802f51b-2fbe-4287-ad93-4c3d596b50b6"], "encoding": ["Lavf56.36.100"], "discnumber": ["1/1"], "date": ["2003"], "media": ["CD"], "file_name": "Th' Legendary Shack*Shakers - Blood on the Bluegrass.mp3"}, "audio_properties": {"sample_rate": 44100, "downmix": "mix", "lossless": false, "analysis_sample_rate": 44100, "md5_encoded": "e54a24228a605f37569560f11d67ec8c", "equal_loudness": 0, "replay_gain": -14.3494968414, "codec": "mp3", "bit_rate": 160019, "length": 223.921630859}, "version": {"extractor": "music 1.0", "essentia_build_sha": "70f2e5ece6736b2c40cc944ad0e695b16b925413", "essentia_git_sha": "v2.1_beta2", "essentia": "2.1-beta2"}}, "rhythm": {"beats_loudness_band_ratio": {"dvar2": [0.0279773101211, 0.0312137994915, 0.0244091469795, 0.0377377085388, 0.0153740504757, 0.00908897444606], "var": [0.0130280163139, 0.027800001204, 0.0159760601819, 0.0170751456171, 0.00648088287562, 0.00434331642464], "min": [0, 0, 0, 0, 0, 0], "dmean": [0.0964164435863, 0.123415626585, 0.107426606119, 0.110280662775, 0.0671735480428, 0.048409037292], "mean": [0.190521150827, 0.289023190737, 0.183354958892, 0.167529091239, 0.113595046103, 0.106158867478], "max": [0.841037392616, 0.971446812153, 0.944666981697, 0.785200417042, 0.548186182976, 0.559609949589], "dmean2": [0.168879911304, 0.213300436735, 0.186624109745, 0.192598760128, 0.117607980967, 0.0839463621378], "median": [0.178402513266, 0.257561922073, 0.151265919209, 0.125151216984, 0.0925004482269, 0.101935766637], "dvar": [0.00939613487571, 0.0118390480056, 0.00947557389736, 0.0126178395003, 0.00538953533396, 0.00313404621556]}, "bpm_histogram_first_peak_weight": {"dvar2": 0, "var": 0, "min": 0.604651153088, "dmean": 0, "mean": 0.604651153088, "max": 0.604651153088, "dmean2": 0, "median": 0.604651153088, "dvar": 0}, "bpm": 126.806884766, "beats_count": 474, "bpm_histogram_first_peak_spread": {"dvar2": 0, "var": 0, "min": 0.351473927498, "dmean": 0, "mean": 0.351473927498, "max": 0.351473927498, "dmean2": 0, "median": 0.351473927498, "dvar": 0}, "danceability": 1.1274548769, "bpm_histogram_first_peak_bpm": {"dvar2": 0, "var": 0, "min": 126, "dmean": 0, "mean": 126, "max": 126, "dmean2": 0, "median": 126, "dvar": 0}, "beats_position": [0.510838985443, 0.99845802784, 1.47446703911, 1.95047616959, 2.42648530006, 2.90249419212, 3.39011335373, 3.86612248421, 4.34213161469, 4.80653047562, 5.28253936768, 5.75854873657, 6.24616765976, 6.73378658295, 7.20979595184, 7.6858048439, 8.15020370483, 8.62621307373, 9.10222244263, 9.56662082672, 10.0310201645, 10.5070295334, 10.9830379486, 11.4474372864, 11.9118366241, 12.387845993, 12.8638544083, 13.328253746, 13.8042631149, 14.2802715302, 14.756280899, 15.2322902679, 15.7082986832, 16.1843090057, 16.6487064362, 17.1131057739, 17.5891151428, 18.0651245117, 18.5295238495, 18.9939231873, 19.4699325562, 19.9459400177, 20.4219493866, 20.8979587555, 21.3739681244, 21.8499774933, 22.3259868622, 22.8019943237, 23.2780036926, 23.7540130615, 24.2184123993, 24.6944217682, 25.1704311371, 25.6464385986, 26.1224479675, 26.5868473053, 27.0512466431, 27.527256012, 28.0032653809, 28.4676647186, 28.932062149, 29.3964614868, 29.8608608246, 30.3368701935, 30.8128795624, 31.2888889313, 31.7648983002, 32.2409057617, 32.7169151306, 33.1813163757, 33.6573219299, 34.1333312988, 34.5977325439, 35.0737419128, 35.5497512817, 36.0257606506, 36.5017662048, 36.9777755737, 37.4537849426, 37.9297943115, 38.4058036804, 38.8818130493, 39.3578224182, 39.8338317871, 40.309841156, 40.7742385864, 41.2502479553, 41.7262573242, 42.2022666931, 42.678276062, 43.1426734924, 43.6070747375, 44.071472168, 44.5474815369, 45.0234909058, 45.4878921509, 45.9638977051, 46.439907074, 46.9043083191, 47.380317688, 47.8563270569, 48.3323364258, 48.80834198, 49.2843513489, 49.7603607178, 50.2363700867, 50.7123794556, 51.1767807007, 51.6411781311, 52.1055755615, 52.5815849304, 53.0575942993, 53.5219955444, 54.0096130371, 54.485622406, 54.9616317749, 55.4260292053, 55.9020385742, 56.3780479431, 56.8424491882, 57.3184585571, 57.794467926, 58.2820854187, 58.7464828491, 59.222492218, 59.6868934631, 60.162902832, 60.6273002625, 61.1033096313, 61.5793190002, 62.0437164307, 62.5081176758, 62.9841270447, 63.4601364136, 63.924533844, 64.4005432129, 64.8765487671, 65.3525619507, 65.8285675049, 66.316192627, 66.7805862427, 67.2449874878, 67.7326049805, 68.1970062256, 68.6846237183, 69.1490249634, 69.6134262085, 70.0894317627, 70.5654373169, 71.0414505005, 71.5174560547, 71.9818572998, 72.4578704834, 72.9338760376, 73.4098815918, 73.8858947754, 74.3502960205, 74.8146896362, 75.2790908813, 75.766708374, 76.2311096191, 76.7071151733, 77.1831283569, 77.6707458496, 78.1351470947, 78.5995483398, 79.075553894, 79.5515594482, 80.0275726318, 80.503578186, 80.9679794312, 81.4555969238, 81.9199981689, 82.3960113525, 82.8720169067, 83.3480224609, 83.8124237061, 84.2884368896, 84.7760543823, 85.263671875, 85.7280731201, 86.1924667358, 86.656867981, 87.1328811646, 87.6088867188, 88.0732879639, 88.5492935181, 89.0253067017, 89.4897003174, 89.965713501, 90.4417190552, 90.9061203003, 91.3821334839, 91.8581390381, 92.3341445923, 92.8101577759, 93.2861633301, 93.7621765137, 94.2381820679, 94.7141952515, 95.1902008057, 95.6662139893, 96.1422195435, 96.6182327271, 97.0826263428, 97.5586395264, 98.0346450806, 98.5106582642, 98.9866638184, 99.4510650635, 99.9154663086, 100.391471863, 100.867477417, 101.331878662, 101.796279907, 102.272285461, 102.748298645, 103.224304199, 103.700317383, 104.176322937, 104.652336121, 105.128341675, 105.604354858, 106.068748474, 106.533149719, 107.009155273, 107.485168457, 107.949569702, 108.425575256, 108.90158844, 109.365982056, 109.841995239, 110.318000793, 110.794013977, 111.270019531, 111.734420776, 112.210426331, 112.686439514, 113.162445068, 113.638458252, 114.102851868, 114.578865051, 115.054870605, 115.530883789, 116.006889343, 116.482902527, 116.958908081, 117.423309326, 117.887710571, 118.352104187, 118.828117371, 119.304122925, 119.76852417, 120.232925415, 120.708930969, 121.184944153, 121.672561646, 122.160179138, 122.647796631, 123.112197876, 123.58820343, 124.064216614, 124.528617859, 125.004623413, 125.480628967, 125.956642151, 126.421043396, 126.885437012, 127.361450195, 127.82585144, 128.290252686, 128.76625061, 129.242263794, 129.718276978, 130.194290161, 130.658676147, 131.123077393, 131.599090576, 132.07510376, 132.551101685, 133.027114868, 133.51473999, 133.990753174, 134.466751099, 134.931152344, 135.395553589, 135.859954834, 136.335968018, 136.811965942, 137.287979126, 137.76399231, 138.228393555, 138.704391479, 139.180404663, 139.656417847, 140.13243103, 140.608428955, 141.084442139, 141.560455322, 142.036453247, 142.500854492, 142.965255737, 143.441268921, 143.917282104, 144.393280029, 144.869293213, 145.345306396, 145.82131958, 146.285705566, 146.76171875, 147.237731934, 147.713745117, 148.189743042, 148.665756226, 149.141769409, 149.617782593, 150.093780518, 150.558181763, 151.022583008, 151.486984253, 151.951385498, 152.427383423, 152.903396606, 153.37940979, 153.855422974, 154.31980896, 154.795822144, 155.271835327, 155.747848511, 156.223846436, 156.688247681, 157.152648926, 157.628662109, 158.104675293, 158.569061279, 159.045074463, 159.521087646, 159.99710083, 160.473098755, 160.949111938, 161.425125122, 161.889526367, 162.365524292, 162.841537476, 163.317550659, 163.793563843, 164.257949829, 164.733963013, 165.198364258, 165.674377441, 166.138778687, 166.614776611, 167.090789795, 167.566802979, 168.042816162, 168.518814087, 168.994827271, 169.470840454, 169.946838379, 170.422851562, 170.898864746, 171.37487793, 171.850875854, 172.338500977, 172.826126099, 173.302124023, 173.778137207, 174.254150391, 174.730148315, 175.206161499, 175.682174683, 176.146575928, 176.610977173, 177.075378418, 177.551376343, 178.027389526, 178.491790771, 178.956192017, 179.432189941, 179.908203125, 180.37260437, 180.848617554, 181.324615479, 181.789016724, 182.253417969, 182.729431152, 183.205444336, 183.681442261, 184.157455444, 184.621856689, 185.097869873, 185.573867798, 186.038269043, 186.514282227, 186.99029541, 187.466293335, 187.942306519, 188.406707764, 188.871109009, 189.335510254, 189.799911499, 190.264297485, 190.763534546, 191.239547729, 191.703948975, 192.191558838, 192.67918396, 193.155181885, 193.61958313, 194.095596313, 194.571609497, 195.047622681, 195.523620605, 195.999633789, 196.464035034, 196.928436279, 197.404434204, 197.880447388, 198.344848633, 198.809249878, 199.285263062, 199.761260986, 200.248886108, 200.724899292, 201.200897217, 201.665298462, 202.129699707, 202.605712891, 203.081726074, 203.557723999, 204.033737183, 204.498138428, 204.974151611, 205.450149536, 205.92616272, 206.390563965, 206.866577148, 207.354187012, 207.830200195, 208.317825317, 208.817047119, 209.31628418, 209.861953735, 210.396011353, 210.93006897, 211.452514648, 211.974960327, 212.497406006, 213.019866943, 213.542312622, 214.006713867, 214.459503174, 214.900680542, 215.34185791, 215.794647217, 216.259048462, 216.723449707, 217.118179321, 217.512924194, 217.907653809, 218.302398682, 218.685531616, 219.057052612, 219.428573608, 219.811691284, 220.18321228, 220.566345215, 220.949478149, 221.332611084, 221.71572876, 222.110473633, 222.505218506, 222.89994812, 223.294692993], "beats_loudness": {"dvar2": 0.000154113877215, "var": 0.000212432336411, "min": 0, "dmean": 0.00824975874275, "mean": 0.0308138187975, "max": 0.0690785571933, "dmean2": 0.0148084573448, "median": 0.0330232530832, "dvar": 5.65071532037e-05}, "bpm_histogram_second_peak_weight": {"dvar2": 0, "var": 0, "min": 0.0169133190066, "dmean": 0, "mean": 0.0169133190066, "max": 0.0169133190066, "dmean2": 0, "median": 0.0169133190066, "dvar": 0}, "bpm_histogram_second_peak_spread": {"dvar2": 0, "var": 0, "min": 0, "dmean": 0, "mean": 0, "max": 0, "dmean2": 0, "median": 0, "dvar": 0}, "bpm_histogram_second_peak_bpm": {"dvar2": 0, "var": 0, "min": 152, "dmean": 0, "mean": 152, "max": 152, "dmean2": 0, "median": 152, "dvar": 0}, "onset_rate": 4.42542600632}, "lowlevel": {"spectral_energyband_high": {"dvar2": 4.91639320899e-06, "var": 3.70624661628e-06, "min": 6.96503928007e-21, "dmean": 0.000803420436569, "mean": 0.00145895872265, "max": 0.0233107991517, "dmean2": 0.00120898790192, "median": 0.000849956588354, "dvar": 2.1592070425e-06}, "spectral_energyband_middle_low": {"dvar2": 6.90854794811e-05, "var": 6.59212601022e-05, "min": 1.58371639602e-22, "dmean": 0.00442489841953, "mean": 0.0115247322246, "max": 0.0598320998251, "dmean2": 0.00711706373841, "median": 0.010321653448, "dvar": 2.75805414276e-05}, "spectral_energy": {"dvar2": 0.000163731747307, "var": 0.000247142364969, "min": 1.00150222196e-20, "dmean": 0.00724761234596, "mean": 0.0260410849005, "max": 0.0896602869034, "dmean2": 0.0112035349011, "median": 0.0260643530637, "dvar": 7.06045830157e-05}, "spectral_spread": {"dvar2": 1762463055870.0, "var": 14780511289300.0, "min": 1958606.375, "dmean": 785518.1875, "mean": 5479814, "max": 42170880, "dmean2": 1169491.5, "median": 4887839.5, "dvar": 871369736192}, "spectral_energyband_low": {"dvar2": 6.2069404521e-05, "var": 4.02998884965e-05, "min": 1.70726444622e-23, "dmean": 0.00282930093817, "mean": 0.00513789942488, "max": 0.0549976155162, "dmean2": 0.00463682692498, "median": 0.00272623752244, "dvar": 2.50625416811e-05}, "spectral_rolloff": {"dvar2": 3388791, "var": 5723719.5, "min": 107.666015625, "dmean": 738.355895996, "mean": 2266.05419922, "max": 19982.8125, "dmean2": 1232.421875, "median": 1658.05664062, "dvar": 1473243.75}, "barkbands": {"dvar2": [3.74776512047e-08, 2.37330223172e-05, 1.58212224051e-05, 1.0629974895e-05, 2.07692246477e-05, 1.24988018797e-05, 9.77912623057e-06, 3.21305128637e-06, 5.69106350667e-06, 3.68101450476e-06, 8.67939797899e-06, 1.23758891277e-05, 9.3005328381e-06, 3.91505591324e-06, 3.01911450151e-06, 1.32178968215e-06, 1.15525881483e-06, 9.66080051512e-07, 7.91948934875e-07, 3.16279368917e-07, 4.15734319859e-07, 1.01384827644e-07, 2.82760368009e-07, 4.643333682e-07, 3.31842102241e-07, 4.74802419603e-08, 2.86989286502e-11], "var": [9.92546560497e-08, 1.56309870363e-05, 7.38697508496e-06, 3.95435426981e-06, 1.17782401503e-05, 9.14692736842e-06, 8.60423369886e-06, 2.48384617407e-06, 5.52281608179e-06, 4.0829804675e-06, 1.0374033991e-05, 1.2304088159e-05, 1.10026794573e-05, 3.47690547642e-06, 2.38081020143e-06, 1.15888883556e-06, 1.2512629155e-06, 8.86554005319e-07, 7.5936139865e-07, 2.07576476896e-07, 2.2783184761e-07, 9.1726185758e-08, 2.08884813446e-07, 3.92503892499e-07, 1.70869469684e-07, 1.815472217e-08, 8.61488571452e-12], "min": [3.6377578622e-25, 2.43291230994e-24, 1.75313075196e-24, 1.02389392611e-24, 5.63048248367e-24, 7.06793180896e-24, 4.06507045322e-24, 6.61412261272e-24, 2.28017814963e-23, 1.15304011984e-23, 1.18068204262e-23, 2.35025140166e-23, 2.20027726843e-23, 2.94688993902e-23, 2.82179584765e-23, 5.33749536251e-23, 5.87318303534e-23, 9.95443255241e-23, 1.07533555363e-22, 1.84023818518e-22, 2.51135143976e-22, 2.53511470702e-22, 4.4844154998e-22, 6.35906203062e-22, 7.94736442217e-22, 1.2755444124e-21, 1.8741703365e-21], "dmean": [9.47332009673e-05, 0.00169181311503, 0.00120919244364, 0.00123232102487, 0.00189079181291, 0.00151428731624, 0.00116746022832, 0.000589055358432, 0.000825324153993, 0.000497083412483, 0.000845618953463, 0.000817518797703, 0.000819845648948, 0.000554945203476, 0.000445224635769, 0.000299983221339, 0.000349984271452, 0.000322173233144, 0.000313512951834, 0.000191651721252, 0.000146873251651, 0.000122645447846, 0.000174387634615, 0.000194300999283, 0.000167504127603, 5.72325989197e-05, 1.14705642318e-06], "mean": [0.000281607324723, 0.00278257648461, 0.00146615144331, 0.00143300439231, 0.00307331047952, 0.00245601520874, 0.00191080977675, 0.000945557723753, 0.00146110565402, 0.00077491835691, 0.00133942929097, 0.00129154184833, 0.00130299688317, 0.000862055108882, 0.00071638362715, 0.00049869902432, 0.000634317228105, 0.000576203281526, 0.000609619251918, 0.00030221013003, 0.000242751368205, 0.000235909159528, 0.000301292573567, 0.000299878855003, 0.000187929457752, 5.3855128499e-05, 9.89554564512e-07], "max": [0.00200172723271, 0.0325775966048, 0.0391742661595, 0.0241040959954, 0.0389539599419, 0.0319365374744, 0.0343392975628, 0.0179030150175, 0.0289399754256, 0.0460364595056, 0.0635792613029, 0.0528220832348, 0.051802739501, 0.0242894291878, 0.0275178402662, 0.0216710269451, 0.0167471803725, 0.0152981411666, 0.0133625715971, 0.0118310032412, 0.0163207799196, 0.00556278880686, 0.00865895301104, 0.0111637655646, 0.00550246844068, 0.00174570025411, 6.42548911856e-05], "dmean2": [0.000126301427372, 0.00278430990875, 0.00206037284806, 0.00208915234543, 0.00315887015313, 0.0024987468496, 0.00183923693839, 0.000935277959798, 0.00128677929752, 0.000763635965995, 0.00129187270068, 0.00125495856628, 0.00126817915589, 0.000863655412104, 0.000695400754921, 0.000462093477836, 0.00053773628315, 0.000505513278767, 0.000488262565341, 0.000303081760649, 0.000228692471865, 0.000189166486962, 0.000271757569863, 0.000298119965009, 0.000263266352704, 9.19696831261e-05, 1.910385663e-06], "median": [0.000142665929161, 0.00107129453681, 0.000475109438412, 0.000723985489458, 0.00199260585941, 0.00143030832987, 0.000788464909419, 0.00039112183731, 0.00062781246379, 0.000231876794714, 0.000462559371954, 0.00024779594969, 0.000295874429867, 0.000245894130785, 0.000255700142588, 0.000181815310498, 0.000268479838269, 0.000228250792134, 0.000314126722515, 0.000155233778059, 0.000114831469546, 0.000128699757624, 0.000139761075843, 0.000109283420898, 4.83987241751e-05, 1.03816137198e-05, 1.57016344815e-07], "dvar": [2.34300312485e-08, 9.87913517747e-06, 5.95022993366e-06, 3.90073137169e-06, 7.71640861785e-06, 4.91165928906e-06, 4.26412179877e-06, 1.36354947244e-06, 2.44881857725e-06, 1.78482423507e-06, 4.17428100263e-06, 5.62619288758e-06, 4.22848142989e-06, 1.69036093212e-06, 1.27357407109e-06, 5.87149827425e-07, 5.17696832958e-07, 3.95298854983e-07, 3.37310325449e-07, 1.32967670652e-07, 1.74073392145e-07, 4.30158628717e-08, 1.16946239359e-07, 2.09461589407e-07, 1.4113935265e-07, 1.94661513575e-08, 1.0975162619e-11]}, "melbands_skewness": {"dvar2": 0.870641589165, "var": 1.32922017574, "min": -1.37608599663, "dmean": 0.597126424313, "mean": 1.92229175568, "max": 14.9412698746, "dmean2": 0.913617193699, "median": 1.80690932274, "dvar": 0.407368630171}, "barkbands_skewness": {"dvar2": 0.473593473434, "var": 0.882527768612, "min": -2.26251029968, "dmean": 0.444572091103, "mean": 0.981188416481, "max": 11.0874252319, "dmean2": 0.678341090679, "median": 0.907313287258, "dvar": 0.221085786819}, "erbbands": {"dvar2": [0.0239999778569, 1.50805306435, 16.9226551056, 55.4472885132, 161.60559082, 351.090393066, 920.970153809, 793.670715332, 1697.48083496, 2839.37060547, 2172.28295898, 3332.6965332, 3177.328125, 5668.40380859, 7002.90673828, 29390.5488281, 18669.3730469, 8992.65234375, 8231.75, 5745.24560547, 3245.23120117, 2892.64916992, 2262.34667969, 2370.796875, 1345.76269531, 553.399902344, 687.663574219, 484.574249268, 155.128341675, 171.282089233, 255.38873291, 268.57208252, 107.060073853, 47.5177230835, 17.2013263702, 2.24962043762, 0.0915869921446, 0.000598951766733, 9.41734015214e-07, 1.8667170032e-09], "var": [0.0214539002627, 0.667375564575, 6.79878091812, 21.0163002014, 75.6188278198, 206.803390503, 664.184326172, 555.819335938, 1288.93725586, 2455.96728516, 1729.96801758, 3022.30932617, 3447.36303711, 5414.65380859, 8750.87988281, 28135.1894531, 21927.4121094, 9853.41503906, 6633.56884766, 5132.1015625, 3366.25366211, 3051.93579102, 2475.46313477, 2318.77319336, 1238.28186035, 384.541381836, 416.013977051, 250.044692993, 121.357879639, 145.870513916, 183.150344849, 210.987564087, 91.3526687622, 30.5499229431, 7.0929851532, 0.890070259571, 0.0330160409212, 0.000220989299123, 3.06085780721e-07, 1.2735276167e-09], "min": [9.22291994174e-23, 5.45209059875e-22, 3.52425267909e-21, 4.17358542097e-21, 1.29686095372e-20, 2.10588923314e-20, 9.59113173757e-21, 8.68674383148e-20, 6.1927548643e-20, 1.20369901022e-19, 1.98677551573e-19, 4.20401776729e-19, 4.03486941329e-19, 5.10869124457e-19, 7.29084798421e-19, 1.29109958583e-18, 8.77165379211e-19, 2.19775560824e-18, 2.71308127164e-18, 2.80990813901e-18, 3.1641713974e-18, 3.81427869699e-18, 5.46325001323e-18, 6.07522676812e-18, 7.53388409134e-18, 8.97775845623e-18, 9.36957819596e-18, 1.09143743859e-17, 8.66588075961e-18, 1.24818783379e-17, 1.26654983718e-17, 1.19251245743e-17, 1.03588630475e-17, 8.64229866753e-18, 6.11050105817e-18, 4.27295034665e-18, 2.26423714804e-18, 8.25789966847e-19, 2.58301802876e-19, 2.69597791015e-20], "dmean": [0.0563464090228, 0.396307528019, 1.24676728249, 2.65907144547, 5.47981357574, 7.01072072983, 11.6635484695, 10.7957210541, 12.2967834473, 19.5202503204, 15.0600986481, 19.2465648651, 14.2333459854, 21.0784053802, 25.8457279205, 39.2782897949, 35.7202224731, 28.3708591461, 22.5559177399, 21.4065761566, 16.0915737152, 16.7582092285, 16.244764328, 17.2753124237, 12.1990776062, 8.42290115356, 6.85600566864, 5.14791965485, 4.45714569092, 4.73019647598, 5.10742044449, 4.53393507004, 2.87304353714, 2.07760381699, 1.11169099808, 0.393704801798, 0.0790726020932, 0.00646168645471, 0.000225376308663, 1.69443592313e-05], "mean": [0.0987850874662, 0.543117940426, 1.60396945477, 3.37938070297, 7.27918434143, 10.9664821625, 18.5906143188, 17.6330280304, 19.4178199768, 31.5659923553, 26.2248477936, 34.3629302979, 24.6455173492, 36.1390228271, 44.8464851379, 65.0084152222, 61.8529930115, 48.76587677, 37.7332344055, 37.016746521, 30.0278930664, 32.8887901306, 32.6495780945, 34.4428710938, 23.874628067, 14.286403656, 11.2172441483, 8.54501056671, 8.37906551361, 8.53870201111, 8.73574352264, 7.26657819748, 4.19800233841, 2.50775790215, 1.13715803623, 0.378991574049, 0.0729883611202, 0.00608853250742, 0.000218158704229, 4.31910666521e-05], "max": [1.05230772495, 6.86369752884, 37.0855941772, 47.2645759583, 103.649620056, 212.874420166, 337.133209229, 284.601989746, 617.303527832, 619.349121094, 544.72277832, 767.498352051, 1214.22167969, 1044.03674316, 1823.55871582, 2438.86743164, 2367.14160156, 1605.24963379, 1598.3392334, 1233.11462402, 1231.95593262, 1069.80700684, 833.479187012, 642.947692871, 703.560791016, 384.435211182, 700.467529297, 582.828613281, 190.108825684, 207.110916138, 226.738845825, 326.886016846, 175.564193726, 86.361907959, 28.7356872559, 11.0137109756, 2.67026495934, 0.181384518743, 0.0092050852254, 0.000346600572811], "dmean2": [0.0881786569953, 0.674337029457, 2.15410900116, 4.48790121078, 9.25788497925, 11.7240638733, 19.3446445465, 17.6472206116, 19.5150299072, 30.48919487, 23.6202354431, 30.2008876801, 21.6871929169, 32.2934494019, 39.5453147888, 60.1996841431, 54.6363487244, 43.5224304199, 34.5272483826, 33.543006897, 24.3759765625, 25.8464851379, 25.3086395264, 26.89802742, 18.8770084381, 13.2288589478, 10.8518867493, 8.01599407196, 6.9370675087, 7.32298374176, 7.97455978394, 6.98974323273, 4.40374517441, 3.24401974678, 1.76699829102, 0.629018127918, 0.128191351891, 0.0103955315426, 0.000370626919903, 2.57667361439e-05], "median": [0.0336574055254, 0.208964377642, 0.672148168087, 1.71365702152, 4.23781681061, 6.52930021286, 10.2517471313, 9.58031845093, 7.74575328827, 13.8684520721, 12.5906820297, 15.5455055237, 9.69773197174, 14.6898803711, 18.7441768646, 15.9215993881, 17.7414226532, 16.5130062103, 12.7439146042, 14.50552845, 12.2737121582, 15.3038368225, 15.3049993515, 18.2766628265, 13.1509914398, 7.96688604355, 5.18462848663, 4.47088527679, 4.58624076843, 4.2729511261, 3.99379205704, 2.84211301804, 1.38072288036, 0.678456783295, 0.257774800062, 0.0739140808582, 0.013827579096, 0.00126714014914, 5.62099412491e-05, 3.87221953133e-05], "dvar": [0.0112306894735, 0.568525254726, 6.14710330963, 20.5460090637, 59.7426757812, 132.783706665, 359.64276123, 319.534545898, 750.825561523, 1234.49707031, 920.289489746, 1386.20080566, 1592.13305664, 2492.68847656, 3344.58813477, 13225.3125, 8491.92578125, 4047.45703125, 3568.54833984, 2418.28344727, 1463.83129883, 1304.70556641, 958.768737793, 1000.56170654, 581.77520752, 232.688095093, 285.936737061, 202.671615601, 63.8744926453, 74.5927200317, 104.400695801, 117.800514221, 49.0400505066, 20.9600276947, 7.08500671387, 0.932615280151, 0.0367676988244, 0.000241521600401, 3.66321557976e-07, 7.89642240484e-10]}, "silence_rate_30dB": {"dvar2": 0, "var": 0, "min": 1, "dmean": 0, "mean": 1, "max": 1, "dmean2": 0, "median": 1, "dvar": 0}, "melbands_spread": {"dvar2": 298.042449951, "var": 442.511810303, "min": 1.03037059307, "dmean": 8.96877288818, "mean": 33.8924942017, "max": 180.491287231, "dmean2": 13.949420929, "median": 30.8227920532, "dvar": 128.347625732}, "melbands_crest": {"dvar2": 18.7879524231, "var": 19.8043842316, "min": 1.57284772396, "dmean": 2.96132683754, "mean": 11.1958665848, "max": 31.4496498108, "dmean2": 4.83498668671, "median": 10.3170099258, "dvar": 7.49060201645}, "zerocrossingrate": {"dvar2": 0.000309726514388, "var": 0.00331446505152, "min": 0.01171875, "dmean": 0.0131231918931, "mean": 0.0825543105602, "max": 0.53662109375, "dmean2": 0.0158175677061, "median": 0.07275390625, "dvar": 0.000226942938752}, "barkbands_kurtosis": {"dvar2": 21.9838790894, "var": 20.2494678497, "min": -1.90285849571, "dmean": 1.54904651642, "mean": 1.56555473804, "max": 135.506103516, "dmean2": 2.44758963585, "median": 0.336735963821, "dvar": 10.3057289124}, "spectral_flux": {"dvar2": 0.00107792892959, "var": 0.00205777934752, "min": 6.24189172571e-11, "dmean": 0.0222994405776, "mean": 0.0875331535935, "max": 0.281936615705, "dmean2": 0.0335486866534, "median": 0.0854862630367, "dvar": 0.000518155808095}, "barkbands_crest": {"dvar2": 12.2353954315, "var": 13.1732521057, "min": 2.35723757744, "dmean": 2.437022686, "mean": 8.39459609985, "max": 26.5723991394, "dmean2": 3.96871161461, "median": 7.51048660278, "dvar": 5.02827072144}, "barkbands_flatness_db": {"dvar2": 0.000694604299497, "var": 0.00181496655568, "min": 0.0230077300221, "dmean": 0.0204271562397, "mean": 0.105102844536, "max": 0.38072758913, "dmean2": 0.0302807949483, "median": 0.097958356142, "dvar": 0.000350650661858}, "spectral_entropy": {"dvar2": 0.0844857096672, "var": 0.207172930241, "min": 5.3173494339, "dmean": 0.215649232268, "mean": 7.68940019608, "max": 9.82985305786, "dmean2": 0.305962622166, "median": 7.69665145874, "dvar": 0.0425313338637}, "pitch_salience": {"dvar2": 0.0106319449842, "var": 0.011334463954, "min": 0.056783284992, "dmean": 0.0728213489056, "mean": 0.578327178955, "max": 0.947974145412, "dmean2": 0.115703158081, "median": 0.583388209343, "dvar": 0.00437396112829}, "erbbands_spread": {"dvar2": 177.220443726, "var": 281.688812256, "min": 1.7737005949, "dmean": 8.94351482391, "mean": 38.4184112549, "max": 130.608810425, "dmean2": 13.6583309174, "median": 36.6666603088, "dvar": 78.6917800903}, "dynamic_complexity": 3.80825710297, "spectral_contrast_valleys": {"dvar2": [0.3608751297, 0.294529795647, 0.284890770912, 0.261460542679, 0.275757282972, 0.408327698708], "var": [6.9969420433, 6.28070545197, 6.1559882164, 5.83996391296, 5.76081466675, 5.49961662292], "min": [-28.0138816833, -28.0714702606, -27.8268947601, -27.7022762299, -27.521944046, -27.3716754913], "dmean": [0.429241597652, 0.389386624098, 0.393165320158, 0.372176826, 0.37269616127, 0.451989144087], "mean": [-7.72596979141, -6.92901277542, -7.6070318222, -7.98468208313, -7.82448244095, -9.99547100067], "max": [-5.39282608032, -4.6772236824, -5.42351102829, -5.49712991714, -5.65459299088, -7.40441513062], "dmean2": [0.710889995098, 0.627838909626, 0.604371845722, 0.538315296173, 0.516646504402, 0.619353234768], "median": [-7.1582326889, -6.44371652603, -7.12669897079, -7.50935649872, -7.33926677704, -9.50124549866], "dvar": [0.153209924698, 0.136245936155, 0.14043815434, 0.143795281649, 0.155514508486, 0.22707554698]}, "hfc": {"dvar2": 442.129425049, "var": 539.38482666, "min": 1.05066774106e-16, "dmean": 9.71107673645, "mean": 30.0071277618, "max": 187.391113281, "dmean2": 14.3145856857, "median": 28.2023468018, "dvar": 195.765899658}, "spectral_kurtosis": {"dvar2": 4.92716217041, "var": 4.83337068558, "min": -1.27184200287, "dmean": 1.19643652439, "mean": 3.30152797699, "max": 27.0165920258, "dmean2": 1.95180761814, "median": 2.88892602921, "dvar": 1.93122541904}, "mfcc": {"mean": [-632.54699707, 101.759292603, 2.53834223747, 13.1131534576, 1.89466333389, 0.749748706818, -3.35286712646, 4.12097549438, -9.46006202698, 0.185009732842, -2.05035471916, -0.847170174122, -1.88356375694], "cov": [[16176.2011719, 1190.46826172, 68.6820144653, 386.632507324, 315.495056152, 260.567382812, 345.237762451, 416.709136963, -119.979316711, 205.599884033, 322.55480957, 118.205596924, 4.20697259903], [1190.46826172, 1022.9619751, -51.2014350891, 103.819419861, -77.9783172607, 26.0668830872, 48.5006065369, 69.7289657593, -11.8051338196, 8.39217567444, 2.5374083519, 25.2306575775, 23.3453903198], [68.6820144653, -51.2014350891, 357.105987549, -23.2651557922, 10.4423885345, 21.1351299286, 23.7747917175, 11.8726558685, 9.78679656982, -1.47841119766, -14.4593772888, 10.9928512573, 15.7375745773], [386.632507324, 103.819419861, -23.2651557922, 247.930908203, 31.708234787, -26.7406425476, -4.41706228256, 20.0359649658, 37.3348693848, 16.4644088745, -9.96655845642, 4.50463008881, -8.66660881042], [315.495056152, -77.9783172607, 10.4423885345, 31.708234787, 248.870910645, 3.24756503105, -16.2053585052, 8.7566947937, 3.20389080048, 42.8619041443, 22.3677101135, -3.77587676048, 1.78342223167], [260.567382812, 26.0668830872, 21.1351299286, -26.7406425476, 3.24756503105, 175.022384644, 58.5085411072, 27.7864284515, -5.61511611938, 15.9750232697, 27.9955997467, -4.85506391525, -4.57636737823], [345.237762451, 48.5006065369, 23.7747917175, -4.41706228256, -16.2053585052, 58.5085411072, 165.328704834, 57.7913017273, -6.60075569153, -5.20913028717, 35.0012245178, 15.0382118225, 1.74022245407], [416.709136963, 69.7289657593, 11.8726558685, 20.0359649658, 8.7566947937, 27.7864284515, 57.7913017273, 153.422561646, 4.0120677948, 19.1390686035, 35.9505882263, 8.1627702713, 7.29683351517], [-119.979316711, -11.8051338196, 9.78679656982, 37.3348693848, 3.20389080048, -5.61511611938, -6.60075569153, 4.0120677948, 137.488967896, 22.1102371216, -11.459479332, 8.19955253601, 6.39608764648], [205.599884033, 8.39217567444, -1.47841119766, 16.4644088745, 42.8619041443, 15.9750232697, -5.20913028717, 19.1390686035, 22.1102371216, 118.939987183, 39.7140274048, -7.74157428741, -3.47304058075], [322.55480957, 2.5374083519, -14.4593772888, -9.96655845642, 22.3677101135, 27.9955997467, 35.0012245178, 35.9505882263, -11.459479332, 39.7140274048, 121.637420654, 31.4164466858, 5.92348766327], [118.205596924, 25.2306575775, 10.9928512573, 4.50463008881, -3.77587676048, -4.85506391525, 15.0382118225, 8.1627702713, 8.19955253601, -7.74157428741, 31.4164466858, 102.984725952, 34.0724411011], [4.20697259903, 23.3453903198, 15.7375745773, -8.66660881042, 1.78342223167, -4.57636737823, 1.74022245407, 7.29683351517, 6.39608764648, -3.47304058075, 5.92348766327, 34.0724411011, 83.3866729736]], "icov": [[8.06378229754e-05, -7.99564368208e-05, -2.65492271865e-05, -9.39756355365e-05, -9.88110259641e-05, -5.35932194907e-05, -7.1763912274e-05, -9.61497426033e-05, 8.96863566595e-05, -4.76389141113e-05, -0.000109910026367, -4.4410560804e-05, 3.97342882934e-05], [-7.99564368208e-05, 0.00121017743368, 0.000198820504011, -0.000437988433987, 0.000533956394065, -0.000136879622005, -7.58221067372e-05, -0.000308036891511, 0.000217501219595, -0.000198593261302, 0.000370115885744, -0.00017495919019, -0.000387969979784], [-2.65492271865e-05, 0.000198820504011, 0.00298182130791, 0.000298514962196, -0.000133849840495, -0.000282592576696, -0.000422400218667, -0.00020765591762, -0.000174427681486, -0.000174533663085, 0.000885696383193, -0.0004060381616, -0.000462613679701], [-9.39756355365e-05, -0.000437988433987, 0.000298514962196, 0.00489611504599, -0.000664177059662, 0.000872826145496, -1.18426464724e-06, -0.000461827381514, -0.00130438024644, -0.000311720330501, 0.000801193644293, -0.000435967580415, 0.000890729017556], [-9.88110259641e-05, 0.000533956394065, -0.000133849840495, -0.000664177059662, 0.00471478747204, -0.000108064203232, 0.000620224745944, -0.000100340483186, 0.000253676582361, -0.00132800580468, -0.000398645293899, 0.000262528192252, -0.000452925334685], [-5.35932194907e-05, -0.000136879622005, -0.000282592576696, 0.000872826145496, -0.000108064203232, 0.00692870374769, -0.00214527058415, -0.000120795884868, -0.000112675334094, -0.000649125839118, -0.000764847616665, 0.000818728993181, 0.000324382068356], [-7.1763912274e-05, -7.58221067372e-05, -0.000422400218667, -1.18426464724e-06, 0.000620224745944, -0.00214527058415, 0.00832813978195, -0.00232902076095, -1.75248205778e-05, 0.00142359407619, -0.00153954874258, -0.000512404076289, 0.000382818194339], [-9.61497426033e-05, -0.000308036891511, -0.00020765591762, -0.000461827381514, -0.000100340483186, -0.000120795884868, -0.00232902076095, 0.0083383647725, -0.00036790172453, -0.000548226118553, -0.00152222951874, 0.000592586933635, -0.000731868611183], [8.96863566595e-05, 0.000217501219595, -0.000174427681486, -0.00130438024644, 0.000253676582361, -0.000112675334094, -1.75248205778e-05, -0.00036790172453, 0.00830456893891, -0.00215759314597, 0.00153666362166, -0.00116990040988, -0.000505100935698], [-4.76389141113e-05, -0.000198593261302, -0.000174533663085, -0.000311720330501, -0.00132800580468, -0.000649125839118, 0.00142359407619, -0.000548226118553, -0.00215759314597, 0.0112048834562, -0.00419109640643, 0.00214360421523, 0.00012359021639], [-0.000109910026367, 0.000370115885744, 0.000885696383193, 0.000801193644293, -0.000398645293899, -0.000764847616665, -0.00153954874258, -0.00152222951874, 0.00153666362166, -0.00419109640643, 0.0123860314488, -0.00417520990595, 0.000483659445308], [-4.4410560804e-05, -0.00017495919019, -0.0004060381616, -0.000435967580415, 0.000262528192252, 0.000818728993181, -0.000512404076289, 0.000592586933635, -0.00116990040988, 0.00214360421523, -0.00417520990595, 0.0130507173017, -0.00477631576359], [3.97342882934e-05, -0.000387969979784, -0.000462613679701, 0.000890729017556, -0.000452925334685, 0.000324382068356, 0.000382818194339, -0.000731868611183, -0.000505100935698, 0.00012359021639, 0.000483659445308, -0.00477631576359, 0.0143235391006]]}, "silence_rate_20dB": {"dvar2": 0, "var": 0, "min": 1, "dmean": 0, "mean": 1, "max": 1, "dmean2": 0, "median": 1, "dvar": 0}, "melbands_kurtosis": {"dvar2": 118.782966614, "var": 104.012458801, "min": -1.71480226517, "dmean": 3.81371927261, "mean": 6.6124048233, "max": 285.052062988, "dmean2": 5.99936771393, "median": 4.05936956406, "dvar": 57.7265014648}, "barkbands_spread": {"dvar2": 125.603874207, "var": 181.729049683, "min": 1.08234274387, "dmean": 6.79515028, "mean": 27.8738880157, "max": 110.306304932, "dmean2": 10.4284086227, "median": 26.5131664276, "dvar": 55.1891136169}, "erbbands_skewness": {"dvar2": 0.27087688446, "var": 0.512551486492, "min": -2.56138801575, "dmean": 0.358406960964, "mean": 0.293361365795, "max": 6.40813922882, "dmean2": 0.547157406807, "median": 0.287453979254, "dvar": 0.114107340574}, "average_loudness": 0.942356467247, "spectral_centroid": {"dvar2": 221490.078125, "var": 1224038.875, "min": 302.067993164, "dmean": 285.264709473, "mean": 1644.68054199, "max": 11840.6152344, "dmean2": 440.924041748, "median": 1554.70422363, "dvar": 97245.40625}, "dissonance": {"dvar2": 0.000894450698979, "var": 0.000685563136358, "min": 0.279258012772, "dmean": 0.0192413907498, "mean": 0.464295119047, "max": 0.499965399504, "dmean2": 0.0321525409818, "median": 0.470472693443, "dvar": 0.000331913179252}, "erbbands_flatness_db": {"dvar2": 0.000698288378771, "var": 0.00153925316408, "min": 0.063383884728, "dmean": 0.0211761780083, "mean": 0.152860239148, "max": 0.402790725231, "dmean2": 0.0307519361377, "median": 0.150260731578, "dvar": 0.000346099142917}, "spectral_strongpeak": {"dvar2": 4.39992952347, "var": 3.54446482658, "min": 0, "dmean": 0.918001174927, "mean": 1.47798466682, "max": 14.2245225906, "dmean2": 1.52849900723, "median": 0.68574911356, "dvar": 1.83771622181}, "spectral_rms": {"dvar2": 1.05410276774e-06, "var": 3.55544648301e-06, "min": 3.12582034909e-12, "dmean": 0.000663133221678, "mean": 0.0046744546853, "max": 0.00935272406787, "dmean2": 0.00100559485145, "median": 0.00504268147051, "dvar": 4.76717161746e-07}, "silence_rate_60dB": {"dvar2": 0.0299739763141, "var": 0.0860309824347, "min": 0, "dmean": 0.0134798837826, "mean": 0.0950751677155, "max": 1, "dmean2": 0.0269625633955, "median": 0, "dvar": 0.0132994856685}, "melbands": {"dvar2": [1.7286123466e-06, 3.57803992301e-06, 1.85478040748e-06, 1.05732351585e-06, 8.64195897066e-07, 3.89381028754e-07, 3.70824750462e-07, 2.58222570437e-07, 1.69377642578e-07, 1.12741531666e-07, 8.36129316895e-08, 9.02564991634e-08, 1.57677988e-07, 1.12647462913e-07, 1.3576237734e-07, 8.74343868418e-08, 3.67225148068e-08, 2.79676157788e-08, 1.74465490943e-08, 8.33831048652e-09, 5.52381473895e-09, 3.83194320719e-09, 4.68564476108e-09, 2.56935317466e-09, 2.03165639867e-09, 1.10747433446e-09, 6.56187271186e-10, 3.00496350025e-10, 2.55117399428e-10, 5.11762243693e-10, 9.9787914043e-11, 5.04223815478e-11, 5.57776429211e-11, 6.97619739753e-11, 8.72322977741e-11, 1.25785867833e-10, 1.17171286562e-10, 7.15129205853e-11, 4.48495407479e-11, 3.84805243225e-11], "var": [1.32581271828e-06, 1.45401236296e-06, 7.56611655106e-07, 5.52977667212e-07, 6.19729917162e-07, 2.88334575771e-07, 3.08452086983e-07, 2.17000021507e-07, 1.38180297427e-07, 1.05566620334e-07, 9.17964442237e-08, 8.72914469596e-08, 1.96728336732e-07, 1.01423644594e-07, 1.56763988457e-07, 9.86195445307e-08, 3.51100268858e-08, 2.20627072167e-08, 1.44982985617e-08, 6.71773214833e-09, 5.74327119196e-09, 3.53565487998e-09, 5.13745401776e-09, 2.12488315832e-09, 1.86198445551e-09, 1.01660813101e-09, 5.02126673574e-10, 1.7369403138e-10, 1.53399223879e-10, 2.19690612924e-10, 5.86009712977e-11, 3.88951093555e-11, 4.53206465412e-11, 5.37050855176e-11, 6.19969353632e-11, 8.05334965381e-11, 9.04425423442e-11, 5.65241221884e-11, 3.09570008517e-11, 2.12365923458e-11], "min": [1.5158262061e-24, 1.97735263135e-24, 8.06066898336e-25, 1.19864160497e-24, 2.62405039835e-25, 1.93809634891e-24, 9.24009738795e-25, 8.81631835144e-25, 1.77880068025e-24, 3.01766452784e-24, 1.61453923079e-24, 1.23402911632e-24, 2.11565040045e-24, 2.5789278997e-24, 2.10004830946e-24, 2.46747585607e-24, 3.40057623072e-24, 3.66289259766e-24, 2.37432538545e-24, 2.29216493052e-24, 3.14619659335e-24, 3.58945556384e-24, 4.39763922251e-24, 5.27134251252e-24, 3.67121508021e-24, 4.47080331045e-24, 4.53781388891e-24, 4.93295313304e-24, 5.33178700723e-24, 4.19123140007e-24, 4.73351016354e-24, 4.97237961223e-24, 4.12481680603e-24, 5.78922535806e-24, 6.08055169036e-24, 6.55988842549e-24, 6.39916629909e-24, 6.55118058439e-24, 6.55263879377e-24, 6.99837005434e-24], "dmean": [0.000464475189801, 0.000586901558563, 0.000538939319085, 0.000423576217145, 0.000367618660675, 0.000252553436439, 0.000200038237381, 0.000187068333616, 0.000138386836625, 0.000113711335871, 7.20064199413e-05, 8.37176339701e-05, 0.000115989809274, 7.63385687605e-05, 0.00010431130795, 7.57477610023e-05, 5.46845221834e-05, 4.06059989473e-05, 3.03326614812e-05, 2.42546757363e-05, 2.05100332096e-05, 1.84027139767e-05, 1.96099827008e-05, 1.67407815752e-05, 1.52106940732e-05, 1.1031061149e-05, 7.51840207158e-06, 5.79581774218e-06, 4.65148059448e-06, 4.13911675423e-06, 2.87047441816e-06, 2.55737654697e-06, 2.67416021416e-06, 2.87339889837e-06, 3.01390468849e-06, 3.09984943669e-06, 2.87511784336e-06, 2.14309375224e-06, 1.88649869415e-06, 1.78952632268e-06], "mean": [0.000805703923106, 0.000815149222035, 0.000718793307897, 0.000641796097625, 0.000628218287602, 0.000412766734371, 0.000323975342326, 0.000303612439893, 0.000233461061725, 0.000201345435926, 0.000117643132398, 0.000138149494887, 0.000186484961887, 0.00011959872063, 0.000172843094333, 0.000120173615869, 8.58439816511e-05, 6.20964710834e-05, 4.91357350256e-05, 4.00692042604e-05, 3.51866656274e-05, 3.26523040712e-05, 3.50170193997e-05, 2.86511894956e-05, 2.80817930616e-05, 2.05767155421e-05, 1.30634516609e-05, 8.53111214383e-06, 7.01683939042e-06, 6.03643275099e-06, 4.65040102426e-06, 4.56262614534e-06, 4.75220076623e-06, 4.77635694551e-06, 4.93286552228e-06, 4.95090853292e-06, 4.30942009189e-06, 3.08274502459e-06, 2.39140103986e-06, 2.03167860491e-06], "max": [0.0093214539811, 0.0145731633529, 0.00935674458742, 0.00978481117636, 0.00928131584078, 0.00727994600311, 0.00849494617432, 0.00594293465838, 0.00471780821681, 0.00419813022017, 0.00661293370649, 0.00485655199736, 0.00910005252808, 0.00472915405408, 0.00551472278312, 0.00693577574566, 0.00292134052143, 0.00270181708038, 0.00270397937857, 0.00191213085782, 0.00146158225834, 0.00118520436808, 0.00112239771988, 0.000639596371911, 0.000609588285442, 0.0005549327