{"metadata": {"tags": {"album": ["Making Trouble"], "albumartist": ["Geto Boys"], "genre": ["Other"], "artist": ["Geto Boys"], "date": ["1991"], "tracknumber": ["7"], "title": ["No Curfew"], "file_name": "281701.mp3", "musicbrainz_recordingid": ["135030bb-4f2c-4c91-ba1a-74bd3802f8b8"]}, "audio_properties": {"sample_rate": 44100, "downmix": "mix", "lossless": false, "analysis_sample_rate": 44100, "md5_encoded": "10ae7870910aa60e8558c5dce0752cb5", "equal_loudness": 0, "replay_gain": -9.86100578308, "codec": "mp3", "bit_rate": 192000, "length": 190.119186401}, "version": {"extractor": "music 1.0", "essentia_build_sha": "70f2e5ece6736b2c40cc944ad0e695b16b925413", "essentia_git_sha": "v2.1_beta2", "essentia": "2.1-beta2"}}, "rhythm": {"beats_loudness_band_ratio": {"dvar2": [0.239575862885, 0.280653983355, 0.0105428025126, 0.0048840851523, 0.00489390036091, 0.000366074091289], "var": [0.146961420774, 0.171202853322, 0.00394385168329, 0.00556936021894, 0.0018421447603, 0.000216192944208], "min": [0.0154120950028, 0.0001674915693, 3.16511905112e-05, 4.50960542366e-05, 5.51773737243e-05, 1.67743837665e-05], "dmean": [0.649473071098, 0.705043196678, 0.0311479251832, 0.0276591777802, 0.0199461206794, 0.0222061723471], "mean": [0.518838226795, 0.444351404905, 0.0275684837252, 0.0277666691691, 0.0196861252189, 0.0208448022604], "max": [0.999326884747, 0.949411690235, 0.51673835516, 0.625421464443, 0.480032801628, 0.06341804564], "dmean2": [1.29356408119, 1.40387070179, 0.0543766282499, 0.0455462001264, 0.0347095690668, 0.0436774305999], "median": [0.29130256176, 0.554681420326, 0.00867624767125, 0.00657254364341, 0.00769700855017, 0.0232366472483], "dvar": [0.0689848661423, 0.0781913772225, 0.00383851397783, 0.00264433491975, 0.00182769808453, 0.00012283968681]}, "bpm_histogram_first_peak_weight": {"dvar2": 0, "var": 0, "min": 0.685618758202, "dmean": 0, "mean": 0.685618758202, "max": 0.685618758202, "dmean2": 0, "median": 0.685618758202, "dvar": 0}, "bpm": 95.1627578735, "beats_count": 300, "bpm_histogram_first_peak_spread": {"dvar2": 0, "var": 0, "min": 0.305084705353, "dmean": 0, "mean": 0.305084705353, "max": 0.305084705353, "dmean2": 0, "median": 0.305084705353, "dvar": 0}, "danceability": 1.49379897118, "bpm_histogram_first_peak_bpm": {"dvar2": 0, "var": 0, "min": 96, "dmean": 0, "mean": 96, "max": 96, "dmean2": 0, "median": 96, "dvar": 0}, "beats_position": [0.650158703327, 1.31192743778, 1.97369611263, 2.6470746994, 3.35528349876, 4.00544214249, 4.6439909935, 5.27092981339, 5.89786815643, 6.54802703857, 7.17496585846, 7.80190467834, 8.42884349823, 9.05578231812, 9.682721138, 10.3096599579, 10.9482088089, 11.5867567062, 12.2136955261, 12.840634346, 13.4675731659, 14.1061220169, 14.7330608368, 15.3716096878, 15.9985485077, 16.6254863739, 17.2524261475, 17.8793640137, 18.5063037872, 19.1564617157, 19.7834014893, 20.4103393555, 21.037279129, 21.6642169952, 22.2911567688, 22.918094635, 23.5566444397, 24.195192337, 24.8221302032, 25.4490699768, 26.076007843, 26.7029476166, 27.3298854828, 27.9684352875, 28.6069831848, 29.2339229584, 29.8608608246, 30.4878005981, 31.1147384644, 31.753288269, 32.391834259, 33.0187759399, 33.6457138062, 34.2726516724, 34.8995895386, 35.5265312195, 36.1534690857, 36.7920188904, 37.4305648804, 38.0575065613, 38.6844444275, 39.3113822937, 39.9383201599, 40.5768699646, 41.2154197693, 41.8423576355, 42.4692955017, 43.0962333679, 43.7231750488, 44.350112915, 44.9886627197, 45.6272087097, 46.2541503906, 46.8810882568, 47.508026123, 48.1349639893, 48.7619056702, 49.4004516602, 50.0390014648, 50.6659393311, 51.2928771973, 51.9198188782, 52.5467567444, 53.1736946106, 53.8006324768, 54.4391822815, 55.0777320862, 55.7046699524, 56.3316078186, 56.9585494995, 57.5854873657, 58.2124252319, 58.8393630981, 59.4779129028, 60.1164627075, 60.7434005737, 61.3703384399, 61.9972763062, 62.6242179871, 63.2627639771, 63.9013137817, 64.5282516479, 65.1551895142, 65.7821273804, 66.409072876, 67.0360107422, 67.6745529175, 68.3131027222, 68.9400405884, 69.566986084, 70.1939239502, 70.8208618164, 71.4477996826, 72.0747375488, 72.7132873535, 73.3518371582, 73.9787750244, 74.6057128906, 75.2326507568, 75.859588623, 76.4865264893, 77.1250762939, 77.7636260986, 78.3905639648, 79.0175018311, 79.6444396973, 80.2713851929, 80.8983230591, 81.5252609253, 82.16381073, 82.8023605347, 83.4292984009, 84.0562362671, 84.6831741333, 85.3101119995, 85.9486618042, 86.5872116089, 87.2141494751, 87.8410873413, 88.4680252075, 89.0949630737, 89.7219009399, 90.3488388062, 90.9873886108, 91.6259384155, 92.2528762817, 92.8798141479, 93.5067520142, 94.1336975098, 94.760635376, 95.3991851807, 96.037727356, 96.6646728516, 97.2916107178, 97.918548584, 98.5454864502, 99.1724243164, 99.8109741211, 100.449523926, 101.076461792, 101.703399658, 102.330337524, 102.957275391, 103.584213257, 104.211151123, 104.849700928, 105.488250732, 106.115188599, 106.742126465, 107.36907196, 107.996009827, 108.634559631, 109.261497498, 109.888435364, 110.526985168, 111.153923035, 111.780860901, 112.407798767, 113.034736633, 113.673286438, 114.311836243, 114.938774109, 115.565711975, 116.192649841, 116.819587708, 117.446525574, 118.07346344, 118.712013245, 119.350563049, 119.977500916, 120.604438782, 121.231384277, 121.858322144, 122.48526001, 123.112197876, 123.750747681, 124.389297485, 125.016235352, 125.643173218, 126.281723022, 126.920272827, 127.547210693, 128.185760498, 128.824310303, 129.451248169, 130.089797974, 130.705123901, 131.320449829, 131.935775757, 132.562713623, 133.201263428, 133.839813232, 134.466751099, 135.093688965, 135.720626831, 136.347564697, 136.974502563, 137.613052368, 138.251602173, 138.878540039, 139.505477905, 140.13243103, 140.759368896, 141.386306763, 142.013244629, 142.651794434, 143.290344238, 143.917282104, 144.544219971, 145.171157837, 145.798095703, 146.425033569, 147.063583374, 147.702133179, 148.329071045, 148.956008911, 149.582946777, 150.209884644, 150.83682251, 151.475372314, 152.102310181, 152.740859985, 153.367797852, 153.994735718, 154.621673584, 155.24861145, 155.875549316, 156.514099121, 157.152648926, 157.779586792, 158.406524658, 159.033462524, 159.660400391, 160.287338257, 160.914276123, 161.541213989, 162.179763794, 162.818313599, 163.445251465, 164.072189331, 164.699142456, 165.326080322, 165.953018188, 166.591567993, 167.230117798, 167.857055664, 168.48399353, 169.110931396, 169.737869263, 170.364807129, 171.003356934, 171.641906738, 172.268844604, 172.895782471, 173.522720337, 174.149658203, 174.776596069, 175.403533936, 176.04208374, 176.680633545, 177.307571411, 177.934509277, 178.561447144, 179.18838501, 179.815322876, 180.453872681, 181.092422485, 181.719360352, 182.346298218, 182.973236084, 183.60017395, 184.227111816, 184.854049683, 185.480987549, 186.131149292, 186.781311035, 187.431472778, 188.081634521, 188.731781006, 189.370330811], "beats_loudness": {"dvar2": 0.000691114400979, "var": 0.00038772408152, "min": 2.47280786425e-05, "dmean": 0.0186154991388, "mean": 0.0450044423342, "max": 0.114086970687, "dmean2": 0.0296464245766, "median": 0.0477684363723, "dvar": 0.000241929868935}, "bpm_histogram_second_peak_weight": {"dvar2": 0, "var": 0, "min": 0.00668896315619, "dmean": 0, "mean": 0.00668896315619, "max": 0.00668896315619, "dmean2": 0, "median": 0.00668896315619, "dvar": 0}, "bpm_histogram_second_peak_spread": {"dvar2": 0, "var": 0, "min": 0.333333313465, "dmean": 0, "mean": 0.333333313465, "max": 0.333333313465, "dmean2": 0, "median": 0.333333313465, "dvar": 0}, "bpm_histogram_second_peak_bpm": {"dvar2": 0, "var": 0, "min": 91, "dmean": 0, "mean": 91, "max": 91, "dmean2": 0, "median": 91, "dvar": 0}, "onset_rate": 5.43819570541}, "lowlevel": {"spectral_energyband_high": {"dvar2": 2.41813438606e-07, "var": 1.83529564879e-07, "min": 7.24010268314e-21, "dmean": 0.000211808670429, "mean": 0.000260722183157, "max": 0.0032508620061, "dmean2": 0.000303889799397, "median": 7.04801350366e-05, "dvar": 1.18888564771e-07}, "spectral_energyband_middle_low": {"dvar2": 0.00129926961381, "var": 0.000438507937361, "min": 2.32888854347e-22, "dmean": 0.00903172139078, "mean": 0.00725812232122, "max": 0.143231764436, "dmean2": 0.0151899661869, "median": 0.000741486845072, "dvar": 0.000522532442119}, "spectral_energy": {"dvar2": 0.00142145680729, "var": 0.000781824695878, "min": 1.00421446964e-20, "dmean": 0.014281783253, "mean": 0.0215926431119, "max": 0.152210026979, "dmean2": 0.0213281344622, "median": 0.0107154371217, "dvar": 0.000604235334322}, "spectral_spread": {"dvar2": 2964364984320.0, "var": 6491340800000.0, "min": 1785574.875, "dmean": 1075957.75, "mean": 6003011.5, "max": 51253952, "dmean2": 1517251.25, "median": 5854603, "dvar": 1584536879100.0}, "spectral_energyband_low": {"dvar2": 0.000323765154462, "var": 0.00038767643855, "min": 2.10940964294e-23, "dmean": 0.00719215953723, "mean": 0.0133010596037, "max": 0.14545583725, "dmean2": 0.00955668091774, "median": 0.00563270831481, "dvar": 0.000179122202098}, "spectral_rolloff": {"dvar2": 3012292.5, "var": 3328317.75, "min": 43.06640625, "dmean": 511.848114014, "mean": 971.654541016, "max": 19552.1484375, "dmean2": 843.447814941, "median": 258.3984375, "dvar": 1427758.75}, "barkbands": {"dvar2": [2.82664387896e-07, 0.000373542832676, 1.66444879142e-05, 7.9519186329e-06, 0.000841815955937, 0.000140120027936, 1.82740018317e-06, 7.7236825291e-07, 2.29066336033e-06, 2.40735744228e-07, 2.69772442607e-07, 2.04158737915e-07, 1.58853211474e-07, 1.85232337913e-07, 1.59878794648e-07, 5.29540962191e-08, 5.04567267967e-08, 4.40470984131e-08, 1.41884095584e-08, 5.87183279777e-09, 5.75519942814e-09, 9.01774033224e-09, 1.79403265577e-08, 1.59558197765e-08, 6.00473759604e-09, 8.72422523113e-10, 3.66904978621e-11], "var": [1.67181937627e-07, 0.00035557479714, 4.71593102702e-06, 1.77139077095e-06, 0.000253357604379, 3.14616809192e-05, 5.143110684e-07, 2.63066624484e-07, 1.57640272391e-06, 3.70894071011e-07, 1.39198363058e-07, 1.18893730416e-07, 9.21326304137e-08, 1.11772315847e-07, 9.04902179855e-08, 4.06022913069e-08, 3.64923593565e-08, 3.25561089198e-08, 1.00633865685e-08, 3.57208085333e-09, 3.09657233188e-09, 5.71939473559e-09, 1.17055058979e-08, 1.14783871297e-08, 3.96062027619e-09, 5.80313130882e-10, 1.10530152739e-11], "min": [8.22366145145e-25, 1.48247695356e-23, 1.85178175246e-24, 2.03312667508e-24, 2.15189674466e-23, 1.88434604896e-23, 3.50760059531e-23, 2.27493806218e-23, 2.45644580568e-23, 2.71604588787e-23, 4.17561936944e-23, 7.3977678063e-23, 5.76521763859e-23, 5.96216339001e-23, 8.76914064333e-23, 6.9256749442e-23, 9.44894121286e-23, 1.46287918742e-22, 1.53879348114e-22, 3.01667251158e-22, 3.21647141512e-22, 4.03835214457e-22, 4.61964064778e-22, 7.19885936894e-22, 1.02116335193e-21, 1.50255884047e-21, 2.19663082516e-21], "dmean": [0.000206381169846, 0.00697606941685, 0.000858300947584, 0.000536904146429, 0.00640204083174, 0.00215799198486, 0.000342049985193, 0.000203436226002, 0.000318522914313, 0.000119409698527, 0.00012547224469, 9.86166851362e-05, 9.2151480203e-05, 0.000108377149445, 9.06037530513e-05, 5.45677503396e-05, 6.41606820864e-05, 5.65690424992e-05, 3.94982671423e-05, 2.63143265329e-05, 2.93012544716e-05, 3.64608931704e-05, 4.93364132126e-05, 4.89971280331e-05, 3.22650339513e-05, 1.28337896967e-05, 1.66231995991e-06], "mean": [0.000320409046253, 0.0120293712243, 0.000766797747929, 0.000381282705348, 0.00459277490154, 0.0014659302542, 0.000238902764977, 0.000159776318469, 0.000360061385436, 0.000135343536385, 0.000121062119433, 0.000106973006041, 0.000108133965114, 0.000124652957311, 0.000107910454972, 7.51728584873e-05, 8.62839297042e-05, 8.04261508165e-05, 5.41211484233e-05, 3.26360022882e-05, 3.20183826261e-05, 4.32931628893e-05, 5.77313476242e-05, 5.83835935686e-05, 3.66145613953e-05, 1.5083186554e-05, 1.49485902057e-06], "max": [0.00345926056616, 0.138081267476, 0.0253489129245, 0.0165486000478, 0.120746150613, 0.0549350902438, 0.019433375448, 0.0108065456152, 0.0315739735961, 0.0194772202522, 0.0061633544974, 0.00773635320365, 0.0059171281755, 0.0067577897571, 0.00599510641769, 0.00537086604163, 0.00281175295822, 0.00279526878148, 0.00130160967819, 0.00123040378094, 0.000622321327683, 0.000672905182, 0.00122449442279, 0.00105749256909, 0.000661789963488, 0.000197523360839, 5.95474157308e-05], "dmean2": [0.000327377696522, 0.00979009643197, 0.00153417338151, 0.000979423290119, 0.0109589947388, 0.00391692575067, 0.00062022509519, 0.000369541841792, 0.000506454380229, 0.000193185755052, 0.000209482226637, 0.000158519571414, 0.000149683328345, 0.000175793058588, 0.00014150570496, 8.45686081448e-05, 0.000101349098259, 8.76628691913e-05, 6.18371996097e-05, 4.1429677367e-05, 4.47927086498e-05, 5.44550348422e-05, 7.23607590771e-05, 7.00894233887e-05, 4.70331106044e-05, 1.8407130483e-05, 2.71964518106e-06], "median": [0.00017331604613, 0.00456263124943, 8.49679636303e-05, 4.96149841638e-05, 0.00015064184845, 5.31041732756e-05, 1.52585653268e-05, 1.41591535794e-05, 2.30580171774e-05, 1.1320129488e-05, 1.18630032375e-05, 1.36708586069e-05, 1.48490735228e-05, 1.91393628484e-05, 2.104089981e-05, 1.59015544341e-05, 1.59915744007e-05, 1.82108196896e-05, 1.52365419126e-05, 9.73291935225e-06, 8.70234543981e-06, 1.1914334209e-05, 1.22208930406e-05, 9.671764019e-06, 4.98893041367e-06, 2.36559935729e-06, 1.32045329337e-07], "dvar": [1.13328354701e-07, 0.00019680778496, 5.92367177887e-06, 2.82927999251e-06, 0.000327885529259, 5.00773749081e-05, 6.80422772348e-07, 2.91518773565e-07, 1.02058356788e-06, 1.19381724062e-07, 1.12125739804e-07, 8.79480879235e-08, 6.4770617314e-08, 7.92936987182e-08, 6.67660415843e-08, 2.20648992411e-08, 2.16611386605e-08, 1.83781150298e-08, 5.94790261488e-09, 2.38178698986e-09, 2.49464915392e-09, 4.15955847544e-09, 8.48176551216e-09, 7.74232944423e-09, 2.72943023738e-09, 3.90902366032e-10, 1.35410831853e-11]}, "melbands_skewness": {"dvar2": 19.2939624786, "var": 40.4553833008, "min": -1.83155739307, "dmean": 2.70938849449, "mean": 7.09211206436, "max": 34.525100708, "dmean2": 3.90873551369, "median": 4.98140621185, "dvar": 9.9404592514}, "barkbands_skewness": {"dvar2": 24.5906543732, "var": 34.2704772949, "min": -2.95424413681, "dmean": 2.48942828178, "mean": 5.30881690979, "max": 39.5786743164, "dmean2": 3.66140151024, "median": 3.33655071259, "dvar": 11.3811235428}, "erbbands": {"dvar2": [0.670012116432, 14.3583469391, 18.3869934082, 52.3323745728, 856.526428223, 21241.5957031, 23568.5175781, 6391.63916016, 528.588317871, 543.914916992, 266.058868408, 907.856140137, 994.44519043, 174.326034546, 407.230743408, 319.313720703, 304.68460083, 381.060882568, 521.068786621, 183.656906128, 93.4591064453, 130.183029175, 134.677978516, 52.1350822449, 23.3749847412, 10.9132146835, 8.90863132477, 10.290225029, 11.7579298019, 12.4294490814, 17.2931785583, 9.56974029541, 3.89061498642, 1.13455033302, 0.21051928401, 0.0267410147935, 0.0023908270523, 9.75639632088e-05, 1.02775118194e-06, 6.48265485736e-09], "var": [0.475368857384, 14.2144346237, 8.2652053833, 12.500210762, 254.895095825, 5717.33740234, 4878.73535156, 1621.2376709, 155.638366699, 143.742630005, 104.316589355, 681.745849609, 898.51574707, 97.7551956177, 217.307907104, 174.256271362, 188.488372803, 226.461257935, 302.598052979, 156.971130371, 70.0324020386, 104.233047485, 112.799781799, 38.9234161377, 17.7019367218, 7.27980470657, 4.47516965866, 5.66359949112, 6.81682157516, 8.24761772156, 10.7852602005, 6.5575299263, 2.67943644524, 0.744559526443, 0.134006395936, 0.0171089675277, 0.00160831399262, 5.71760101593e-05, 2.61470859186e-07, 2.36626807038e-09], "min": [2.26582435214e-22, 2.08074738538e-21, 1.89292932261e-21, 4.79941581293e-21, 2.08801809294e-20, 8.29036728299e-20, 1.38278774874e-19, 1.02878527197e-19, 3.95374806911e-19, 4.15973000031e-19, 7.41017292348e-19, 6.83903676376e-19, 1.13405272909e-18, 1.62873299838e-18, 2.01626473722e-18, 3.20394906549e-18, 2.37067357939e-18, 2.48972513546e-18, 4.78653644923e-18, 4.57833467546e-18, 4.73578188761e-18, 5.72991484474e-18, 8.05610720028e-18, 6.85267273276e-18, 1.35671955499e-17, 1.35381706094e-17, 1.26802867068e-17, 1.34523597198e-17, 1.5156165666e-17, 1.59211571858e-17, 1.47011716614e-17, 1.40132121633e-17, 1.17941545864e-17, 1.06204448542e-17, 7.22650708443e-18, 4.39312273245e-18, 3.07584215646e-18, 1.12071516549e-18, 2.98300173095e-19, 3.27482581656e-20], "dmean": [0.275844365358, 1.34521353245, 1.07050335407, 1.49413061142, 7.8658952713, 28.8230457306, 25.8521366119, 15.6763677597, 5.50683689117, 5.76584482193, 4.06181526184, 6.90576076508, 5.77327013016, 3.72537517548, 4.86772680283, 3.90710949898, 4.04789304733, 4.8158288002, 5.36505079269, 3.56994175911, 2.64458560944, 3.36793875694, 3.1486055851, 2.29978513718, 1.58797717094, 1.22558796406, 1.11166918278, 1.21687746048, 1.25568902493, 1.32316720486, 1.53388345242, 1.11369490623, 0.789794564247, 0.429473608732, 0.192075908184, 0.0691029429436, 0.0210681073368, 0.00397276505828, 0.00023678355501, 2.64176778728e-05], "mean": [0.458967804909, 2.24909734726, 1.31153953075, 1.19933712482, 5.72646379471, 19.7940578461, 15.7799549103, 11.4587240219, 4.10508012772, 3.97687530518, 3.62811589241, 7.89994573593, 7.05451774597, 3.77103328705, 5.14063167572, 4.42203378677, 4.98758459091, 5.76907205582, 6.58610963821, 5.06328868866, 3.84727215767, 4.85749006271, 4.80460643768, 3.30031228065, 2.22798466682, 1.54294121265, 1.23080956936, 1.35669338703, 1.46982753277, 1.56879425049, 1.76623129845, 1.33732104301, 0.912110745907, 0.483884334564, 0.219856977463, 0.0810110270977, 0.0247531440109, 0.00450432766229, 0.000204019568628, 3.37788260367e-05], "max": [5.2689499855, 26.2478027344, 24.6942539215, 38.4068069458, 127.102935791, 591.291748047, 624.790344238, 398.236816406, 386.928039551, 315.347473145, 146.766082764, 443.277709961, 686.569396973, 202.343353271, 263.218109131, 358.029907227, 267.838623047, 413.319488525, 277.250213623, 233.163726807, 174.812744141, 147.890899658, 154.420822144, 97.454864502, 76.7307510376, 52.7875785828, 23.2638168335, 36.1259346008, 26.4263706207, 28.1668548584, 36.2769775391, 26.9917144775, 19.142906189, 11.8333473206, 2.31943368912, 1.14993071556, 0.484827488661, 0.111485138535, 0.00980416126549, 0.000557391846087], "dmean2": [0.39469024539, 1.8864877224, 1.75192272663, 2.66808581352, 13.6525964737, 50.2216339111, 48.0404396057, 27.7577934265, 9.87131786346, 10.6139545441, 7.15256929398, 11.0455827713, 8.96775054932, 6.31905841827, 8.0344247818, 6.23000144958, 6.47612047195, 7.5936422348, 8.4372882843, 5.4043264389, 4.09923553467, 5.23878097534, 4.79882097244, 3.58961987495, 2.46143221855, 1.9198038578, 1.75507497787, 1.84730350971, 1.88195669651, 1.95292520523, 2.25216174126, 1.58544790745, 1.14788913727, 0.627858757973, 0.279667526484, 0.100389003754, 0.0300002638251, 0.00585751235485, 0.000397895084461, 4.18879208155e-05], "median": [0.192753553391, 0.720689415932, 0.243986144662, 0.193304374814, 0.357201576233, 0.491061419249, 0.37552985549, 0.456939488649, 0.278216719627, 0.333795696497, 0.495330512524, 0.597728967667, 0.484430342913, 0.55790489912, 0.609783649445, 0.695247769356, 0.799989759922, 1.01221430302, 1.29391264915, 1.14498150349, 0.890902936459, 0.992002546787, 1.06848502159, 0.914003312588, 0.704061627388, 0.485962510109, 0.368998527527, 0.375263124704, 0.405517548323, 0.381189346313, 0.351066082716, 0.232373416424, 0.142833918333, 0.0706711262465, 0.0280080568045, 0.0125092500821, 0.00377450464293, 0.000596313911956, 2.6588444598e-05, 1.62194755831e-05], "dvar": [0.303690493107, 7.80141973495, 7.24076890945, 18.7643642426, 330.324554443, 8019.71142578, 8317.75097656, 2340.47412109, 198.910614014, 198.454330444, 102.682434082, 406.422210693, 463.856018066, 69.7013626099, 169.076263428, 136.140701294, 124.562782288, 165.74887085, 216.400741577, 83.8256759644, 39.67029953, 56.2432518005, 58.1884040833, 22.0345840454, 9.85880756378, 4.65817451477, 3.75888752937, 4.51298236847, 5.21184873581, 5.90518569946, 8.00863552094, 4.61126470566, 1.83285140991, 0.513013064861, 0.0945338085294, 0.0119913676754, 0.00107079849113, 4.21734621341e-05, 3.68089445146e-07, 2.47771958506e-09]}, "silence_rate_30dB": {"dvar2": 0.0109390430152, "var": 0.00182861147914, "min": 0, "dmean": 0.00366389844567, "mean": 0.998168289661, "max": 1, "dmean2": 0.00732869189233, "median": 1, "dvar": 0.00365040474571}, "melbands_spread": {"dvar2": 609.370422363, "var": 716.487121582, "min": 0.132020950317, "dmean": 8.37362957001, "mean": 16.1270275116, "max": 264.358917236, "dmean2": 12.8606185913, "median": 7.12279939651, "dvar": 290.486816406}, "melbands_crest": {"dvar2": 45.2961387634, "var": 63.1955947876, "min": 1.75227355957, "dmean": 4.61013793945, "mean": 23.6209373474, "max": 37.0841407776, "dmean2": 7.12051486969, "median": 25.2638263702, "dvar": 19.8883037567}, "zerocrossingrate": {"dvar2": 0.000375130999601, "var": 0.00235012220219, "min": 0.001953125, "dmean": 0.0132951084524, "mean": 0.0448623076081, "max": 0.5078125, "dmean2": 0.0150989657268, "median": 0.03271484375, "dvar": 0.000351055699866}, "barkbands_kurtosis": {"dvar2": 78927.7734375, "var": 71830.3046875, "min": -1.93758010864, "dmean": 76.2809753418, "mean": 106.975845337, "max": 2630.89672852, "dmean2": 118.257827759, "median": 12.6332616806, "dvar": 35208.3945312}, "spectral_flux": {"dvar2": 0.00552221760154, "var": 0.00582929141819, "min": 6.60350940596e-11, "dmean": 0.0392187386751, "mean": 0.0759775415063, "max": 0.357042133808, "dmean2": 0.0588600672781, "median": 0.0496210120618, "dvar": 0.00294623756781}, "barkbands_crest": {"dvar2": 31.6454544067, "var": 45.4361534119, "min": 2.73367762566, "dmean": 3.70261192322, "mean": 17.6235103607, "max": 26.4789924622, "dmean2": 5.91662836075, "median": 18.8681640625, "dvar": 14.1719474792}, "barkbands_flatness_db": {"dvar2": 0.00641262251884, "var": 0.0147688183933, "min": 0.021010261029, "dmean": 0.0524813309312, "mean": 0.222300976515, "max": 0.677215278149, "dmean2": 0.0748750939965, "median": 0.19497781992, "dvar": 0.0033058184199}, "spectral_entropy": {"dvar2": 0.266381651163, "var": 0.491381764412, "min": 4.56085586548, "dmean": 0.330943912268, "mean": 7.54243135452, "max": 9.81575489044, "dmean2": 0.483503729105, "median": 7.64308738708, "dvar": 0.135551899672}, "pitch_salience": {"dvar2": 0.038782466203, "var": 0.045410066843, "min": 0.0111356386915, "dmean": 0.120982661843, "mean": 0.369072437286, "max": 0.889015495777, "dmean2": 0.19352902472, "median": 0.377742618322, "dvar": 0.0170122068375}, "erbbands_spread": {"dvar2": 795.315856934, "var": 1448.11340332, "min": 1.90919685364, "dmean": 18.9192276001, "mean": 55.5902748108, "max": 212.998947144, "dmean2": 27.5798549652, "median": 45.7162704468, "dvar": 421.489013672}, "dynamic_complexity": 5.34811258316, "spectral_contrast_valleys": {"dvar2": [0.473793983459, 1.53874468803, 1.17716908455, 0.788273990154, 0.773880541325, 0.834012627602], "var": [1.5661200285, 2.05440568924, 1.96139812469, 1.9292538166, 1.82108807564, 2.13961076736], "min": [-27.4614849091, -27.5798130035, -27.1456851959, -27.4292507172, -27.3516159058, -27.3007316589], "dmean": [0.530155539513, 0.783035933971, 0.695153176785, 0.58547604084, 0.56301254034, 0.626124441624], "mean": [-7.90955781937, -8.24100780487, -8.62919616699, -8.89056777954, -8.79975128174, -10.726111412], "max": [-5.31305932999, -4.80045747757, -5.83399295807, -6.18504428864, -6.45366859436, -8.25306224823], "dmean2": [0.809854388237, 1.21386170387, 1.05171251297, 0.840664982796, 0.7635846138, 0.764614105225], "median": [-7.73101806641, -8.20160579681, -8.5258731842, -8.61556053162, -8.52423477173, -10.5606555939], "dvar": [0.256120920181, 0.714002549648, 0.565249800682, 0.414830446243, 0.403906822205, 0.47181430459]}, "hfc": {"dvar2": 167.770965576, "var": 87.3766326904, "min": 1.09480616472e-16, "dmean": 4.76349544525, "mean": 6.65269851685, "max": 59.6007118225, "dmean2": 7.16639471054, "median": 3.62317180634, "dvar": 72.1930465698}, "spectral_kurtosis": {"dvar2": 23.0261058807, "var": 20.0967330933, "min": -1.21341192722, "dmean": 2.11995911598, "mean": 4.29934263229, "max": 35.7570419312, "dmean2": 3.2628121376, "median": 2.93042421341, "dvar": 9.67891216278}, "mfcc": {"mean": [-766.092224121, 103.570648193, 25.9253501892, 29.3009357452, 23.5055999756, 17.6918563843, 7.34459447861, 13.7358360291, 3.11661481857, 6.72168016434, 4.73660755157, 2.0685107708, 0.845263302326], "cov": [[14422.7529297, -304.623718262, -1509.98828125, -897.941040039, -750.241027832, -811.639770508, -826.275634766, -393.794555664, -566.739685059, -319.621704102, -245.928665161, -233.349365234, -327.960205078], [-304.623718262, 1666.31323242, -340.567626953, 52.0572776794, 44.1090126038, -54.1527824402, 38.5324440002, 41.7870941162, -22.48736763, -20.7293720245, 62.5498847961, -11.174071312, -17.3127880096], [-1509.98828125, -340.567626953, 1679.63964844, 442.147827148, 131.492904663, 338.520996094, 161.244247437, -23.5735816956, 82.9237518311, -29.0169582367, -68.195022583, 52.9206962585, 35.7109527588], [-897.941040039, 52.0572776794, 442.147827148, 488.043365479, 225.780502319, 142.961013794, 70.8888778687, 35.5285491943, 79.9421768188, 59.9412498474, 21.1698303223, 35.8772697449, 44.2771987915], [-750.241027832, 44.1090126038, 131.492904663, 225.780502319, 404.121429443, 209.382873535, 93.8934707642, 64.2033004761, 110.211639404, 113.760482788, 74.4166946411, 30.1151657104, 37.9354362488], [-811.639770508, -54.1527824402, 338.520996094, 142.961013794, 209.382873535, 361.731719971, 188.075439453, 36.5493087769, 115.366157532, 100.461700439, 52.7268295288, 39.4905548096, 39.4635810852], [-826.275634766, 38.5324440002, 161.244247437, 70.8888778687, 93.8934707642, 188.075439453, 277.833648682, 142.977813721, 109.464630127, 90.9546203613, 83.499671936, 60.4041137695, 52.3352890015], [-393.794555664, 41.7870941162, -23.5735816956, 35.5285491943, 64.2033004761, 36.5493087769, 142.977813721, 224.108901978, 108.105422974, 58.989818573, 93.3174667358, 60.381023407, 43.5457649231], [-566.739685059, -22.48736763, 82.9237518311, 79.9421768188, 110.211639404, 115.366157532, 109.464630127, 108.105422974, 168.246490479, 110.130844116, 73.4695739746, 57.2196655273, 46.0719833374], [-319.621704102, -20.7293720245, -29.0169582367, 59.9412498474, 113.760482788, 100.461700439, 90.9546203613, 58.989818573, 110.130844116, 179.826629639, 97.2108535767, 41.8436203003, 39.8365936279], [-245.928665161, 62.5498847961, -68.195022583, 21.1698303223, 74.4166946411, 52.7268295288, 83.499671936, 93.3174667358, 73.4695739746, 97.2108535767, 143.440948486, 70.3952713013, 33.5243034363], [-233.349365234, -11.174071312, 52.9206962585, 35.8772697449, 30.1151657104, 39.4905548096, 60.4041137695, 60.381023407, 57.2196655273, 41.8436203003, 70.3952713013, 100.436180115, 53.6852264404], [-327.960205078, -17.3127880096, 35.7109527588, 44.2771987915, 37.9354362488, 39.4635810852, 52.3352890015, 43.5457649231, 46.0719833374, 39.8365936279, 33.5243034363, 53.6852264404, 83.8019943237]], "icov": [[0.000100630364614, 1.99321002583e-05, 4.95154890814e-05, 5.68965151615e-05, 7.50788822188e-05, -5.4655065469e-05, 0.000237201165874, -0.000115668663057, 0.00023638678249, -0.000142214717926, 9.17806537473e-05, -0.00016002402117, 0.000253938836977], [1.99321002583e-05, 0.000701904995367, 0.000223886876483, -0.000301723717712, -4.11998735217e-05, 0.000139016745379, -0.00036090798676, 0.000200291571673, -3.05989033222e-07, 0.000553235993721, -0.000625967397355, 0.000289493385935, 0.000163659686223], [4.95154890814e-05, 0.000223886876483, 0.00120939139742, -0.00103312556166, 0.000505375501234, -0.000970445631538, -0.000252299156273, 0.000267076713499, -0.000245701754466, 0.000777763954829, 0.000673896400258, -0.000867618480697, 0.00056911772117], [5.68965151615e-05, -0.000301723717712, -0.00103312556166, 0.00394020788372, -0.00193745456636, 0.000662849459331, 0.000390264904127, -0.000273020239547, 9.22207836993e-05, -0.000895479635801, 0.000765803211834, -0.000339775986504, -0.000731907843146], [7.50788822188e-05, -4.11998735217e-05, 0.000505375501234, -0.00193745456636, 0.005328619387, -0.00310007086955, 0.00178565864917, -0.00117731001228, -0.000174620712642, -0.000827197043691, -0.0011055249488, 0.00116379419342, -0.000176144370926], [-5.4655065469e-05, 0.000139016745379, -0.000970445631538, 0.000662849459331, -0.00310007086955, 0.00837802235037, -0.00535794068128, 0.00406480953097, -0.00286752101965, 0.000181347262696, -0.000660610152408, 0.000645826105028, -8.91185554792e-05], [0.000237201165874, -0.00036090798676, -0.000252299156273, 0.000390264904127, 0.00178565864917, -0.00535794068128, 0.0108543047681, -0.00636758562177, 0.00213347235695, -0.00252114725299, 0.000361536862329, -0.000675850955304, -0.000686143874191], [-0.000115668663057, 0.000200291571673, 0.000267076713499, -0.000273020239547, -0.00117731001228, 0.00406480953097, -0.00636758562177, 0.0122305704281, -0.00700263818726, 0.00471427943558, -0.00519546074793, 0.00129437074065, -0.00128274015151], [0.00023638678249, -3.05989033222e-07, -0.000245701754466, 9.22207836993e-05, -0.000174620712642, -0.00286752101965, 0.00213347235695, -0.00700263818726, 0.017225401476, -0.00830082781613, 0.00356683670543, -0.00442330213264, 0.000599460792728], [-0.000142214717926, 0.000553235993721, 0.000777763954829, -0.000895479635801, -0.000827197043691, 0.000181347262696, -0.00252114725299, 0.00471427943558, -0.00830082781613, 0.0155463945121, -0.00914727151394, 0.00485474010929, -0.003164104186], [9.17806537473e-05, -0.000625967397355, 0.000673896400258, 0.000765803211834, -0.0011055249488, -0.000660610152408, 0.000361536862329, -0.00519546074793, 0.00356683670543, -0.00914727151394, 0.0209654364735, -0.0124788638204, 0.00481804460287], [-0.00016002402117, 0.000289493385935, -0.000867618480697, -0.000339775986504, 0.00116379419342, 0.000645826105028, -0.000675850955304, 0.00129437074065, -0.00442330213264, 0.00485474010929, -0.0124788638204, 0.0248144138604, -0.0118791814893], [0.000253938836977, 0.000163659686223, 0.00056911772117, -0.000731907843146, -0.000176144370926, -8.91185554792e-05, -0.000686143874191, -0.00128274015151, 0.000599460792728, -0.003164104186, 0.00481804460287, -0.0118791814893, 0.0211785957217]]}, "silence_rate_20dB": {"dvar2": 0, "var": 0, "min": 1, "dmean": 0, "mean": 1, "max": 1, "dmean2": 0, "median": 1, "dvar": 0}, "melbands_kurtosis": {"dvar2": 47476.0546875, "var": 71129.015625, "min": -1.80033361912, "dmean": 89.3740234375, "mean": 151.07131958, "max": 1968.77661133, "dmean2": 133.331893921, "median": 44.4364242554, "dvar": 24215.46875}, "barkbands_spread": {"dvar2": 259.932647705, "var": 285.438171387, "min": 0.0408162213862, "dmean": 7.98291540146, "mean": 16.4283103943, "max": 131.522705078, "dmean2": 12.3122873306, "median": 11.4358520508, "dvar": 115.045448303}, "erbbands_skewness": {"dvar2": 1.68222296238, "var": 3.36322450638, "min": -4.06431055069, "dmean": 0.79710239172, "mean": 0.663277506828, "max": 14.3090667725, "dmean2": 1.1474725008, "median": 0.347803622484, "dvar": 0.884330034256}, "average_loudness": 0.914311647415, "spectral_centroid": {"dvar2": 476936.09375, "var": 831866.3125, "min": 57.6637649536, "dmean": 397.846130371, "mean": 1211.04174805, "max": 11463.1318359, "dmean2": 593.145446777, "median": 1038.38427734, "dvar": 236827.3125}, "dissonance": {"dvar2": 0.00208509480581, "var": 0.00108230730984, "min": 0.157269433141, "dmean": 0.0227744262666, "mean": 0.465783596039, "max": 0.500000178814, "dmean2": 0.0384924225509, "median": 0.475647568703, "dvar": 0.000760947412346}, "erbbands_flatness_db": {"dvar2": 0.00142126728315, "var": 0.00317403115332, "min": 0.0296818707138, "dmean": 0.0273976139724, "mean": 0.145233184099, "max": 0.382654994726, "dmean2": 0.039750482887, "median": 0.133725956082, "dvar": 0.000741403491702}, "spectral_strongpeak": {"dvar2": 0.380201667547, "var": 0.247356176376, "min": 0, "dmean": 0.241904497147, "mean": 0.423115581274, "max": 4.69226503372, "dmean2": 0.366957485676, "median": 0.258256465197, "dvar": 0.159901991487}, "spectral_rms": {"dvar2": 6.09174230704e-06, "var": 6.93558604326e-06, "min": 3.13005025544e-12, "dmean": 0.00126389844809, "mean": 0.0037590386346, "max": 0.0121859582141, "dmean2": 0.001771851792, "median": 0.00323327770457, "dvar": 2.95166705655e-06}, "silence_rate_60dB": {"dvar2": 0.145033299923, "var": 0.179032117128, "min": 0, "dmean": 0.0754763036966, "mean": 0.233606055379, "max": 1, "dmean2": 0.150971055031, "median": 0, "dvar": 0.0697787255049}, "melbands": {"dvar2": [3.92048568756e-05, 5.65860955248e-06, 2.51054802902e-06, 3.82479993277e-05, 3.24566644849e-05, 3.20359845318e-06, 1.12783368422e-07, 6.05839218792e-08, 1.71403655713e-08, 4.63365665837e-08, 2.53573340103e-08, 2.97645263991e-09, 5.82548942418e-09, 3.48333917266e-09, 1.7174891509e-09, 1.40515055147e-09, 1.56729362821e-09, 1.73104663936e-09, 7.99253885297e-10, 4.2711109649e-10, 1.3685295952e-10, 2.00796171357e-10, 1.99211230845e-10, 8.54443876763e-11, 4.38830985439e-11, 2.14204157883e-11, 1.25022900019e-11, 5.09208604102e-12, 3.74549219764e-12, 3.83118450159e-12, 4.07744064207e-12, 4.40553322989e-12, 4.14741591764e-12, 4.20561589026e-12, 7.20741782229e-12, 5.21197668357e-12, 3.37579660406e-12, 2.46604472953e-12, 1.04702509683e-12, 8.40793363752e-13], "var": [3.31225091941e-05, 5.99444820182e-06, 5.66102301036e-07, 1.13641826829e-05, 7.3020291893e-06, 7.88088982517e-07, 3.23225286536e-08, 1.65368270189e-08, 7.62121032949e-09, 3.34322720619e-08, 2.30369252563e-08, 1.85717685675e-09, 2.90705082229e-09, 2.01897454311e-09, 8.37422242661e-10, 9.56076995351e-10, 9.09509356717e-10, 9.95895699241e-10, 4.67213989719e-10, 3.52959078631e-10, 8.4997973937e-11, 1.24582746897e-10, 1.65589320034e-10, 5.73310635077e-11, 2.89438178286e-11, 1.39157773846e-11, 8.25865764664e-12, 2.93894487739e-12, 1.79652787872e-12, 1.81288122535e-12, 2.15718610509e-12, 2.23596336758e-12, 2.51041375188e-12, 2.63719124663e-12, 3.9912999121e-12, 3.18171617525e-12, 2.25333597267e-12, 1.55526188716e-12, 7.57054466859e-13, 4.92893432232e-13], "min": [4.11849724132e-24, 1.37716418048e-24, 8.51251717e-25, 2.80029291933e-24, 4.81756447628e-24, 3.1272181777e-24, 5.98754222862e-24, 4.28335339329e-24, 5.80549876967e-24, 3.82951540363e-24, 5.53795343822e-24, 6.11040179258e-24, 6.04528329701e-24, 7.68591282034e-24, 5.35195226412e-24, 6.73312977445e-24, 4.15726738823e-24, 8.54121237986e-24, 7.09645623043e-24, 4.47198660181e-24, 5.30415320972e-24, 5.08122230119e-24, 7.14359934699e-24, 5.58548033561e-24, 4.56521615574e-24, 4.85650620044e-24, 9.09484127403e-24, 6.2816362794e-24, 7.90428214068e-24, 8.6492737021e-24, 6.7283989756e-24, 7.56929077955e-24, 8.23173120268e-24, 7.45973772134e-24, 8.30834300722e-24, 7.23609486585e-24, 7.77807622875e-24, 6.88305200063e-24, 7.96869342245e-24, 7.91138504427e-24], "dmean": [0.00219032517634, 0.000856764090713, 0.000326416076859, 0.00139172410127, 0.000997460214421, 0.000346349028405, 8.28994161566e-05, 6.00053244852e-05, 3.27225207002e-05, 4.68075595563e-05, 2.8357573683e-05, 1.48285098476e-05, 1.76067660504e-05, 1.23426289065e-05, 9.09956452233e-06, 9.13771145861e-06, 9.5859522844e-06, 9.60825582297e-06, 6.08455275142e-06, 4.56835869045e-06, 3.10704649564e-06, 3.68864039046e-06, 3.70339807887e-06, 2.43348677031e-06, 1.96806831809e-06, 1.40343740895e-06, 9.89776935967e-07, 8.22026095193e-07, 6.98289738921e-07, 6.68933523684e-07, 7.58785745347e-07, 7.19549973383e-07, 7.66513494455e-07, 7.19467720955e-07, 9.64524474512e-07, 7.67851133787e-07, 6.56097711271e-07, 6.04698016105e-07, 4.09871688589e-07, 3.57774922577e-07], "mean": [0.00373051525094, 0.00144497095607, 0.00025472001289, 0.000989985768683, 0.000637880933937, 0.000249918841291, 6.05612149229e-05, 4.18703639298e-05, 3.00818574033e-05, 5.33273159817e-05, 3.41762752214e-05, 1.42941553349e-05, 1.7491483959e-05, 1.34768324642e-05, 9.95866503217e-06, 1.10108740046e-05, 1.07707928692e-05, 1.12320567496e-05, 7.49497894503e-06, 6.22456809651e-06, 4.08978712585e-06, 4.84525844513e-06, 5.32894364369e-06, 3.47817672264e-06, 2.61945069724e-06, 1.85847773082e-06, 1.26645545606e-06, 9.63976617641e-07, 7.57510633775e-07, 7.14628242804e-07, 8.3113849314e-07, 8.12512325865e-07, 8.93926483059e-07, 8.38241930978e-07, 1.06656170829e-06, 8.97251197784e-07, 7.76289311943e-07, 6.80238144923e-07, 4.74672049222e-07, 3.92372271563e-07], "max": [0.043596111238, 0.0165969543159, 0.00844498723745, 0.025856114924, 0.0225019026548, 0.00859551783651, 0.00495518976822, 0.00278492737561, 0.00146983482409, 0.00360549520701, 0.00347189186141, 0.000979344593361, 0.00100002449472, 0.00101851345971, 0.000663784507196, 0.000495014421176, 0.000735784415156, 0.000478294678032, 0.000525144801941, 0.000489287951495, 0.000145081197843, 0.000207811928703, 0.00019966106629, 0.000150429710629, 9.07972862478e-05, 7.40148243494e-05, 7.99128683866e-05, 3.68173823517e-05, 1.56125861395e-05, 1.76672056114e-05, 2.38691973209e-05, 1.69914274011e-05, 1.63372587849e-05, 1.49468678501e-05, 2.15527106775e-05, 1.97979279619e-05, 1.54204171849e-05, 1.39906851473e-05, 1.41091650221e-05, 8.68827282829e-06], "dmean2": [0.00309218489565, 0.00118394859601, 0.000585956440773, 0.00240036146715, 0.00181475351565, 0.000616118020844, 0.00014947001182, 0.000110048924398, 5.65923583054e-05, 7.46162841097e-05, 4.41514566774e-05, 2.50932371273e-05, 2.92381610052e-05, 1.99945843633e-05, 1.44668047142e-05, 1.4669045413e-05, 1.52526044985e-05, 1.53498203872e-05, 9.41495727602e-06, 6.98363237461e-06, 4.87063334731e-06, 5.84859253649e-06, 5.68388941247e-06, 3.78502295462e-06, 3.12037718686e-06, 2.19754065256e-06, 1.58241641657e-06, 1.31360980049e-06, 1.11759732135e-06, 1.04760204067e-06, 1.16525097837e-06, 1.1014883512e-06, 1.16228147817e-06, 1.07654238946e-06, 1.45885292113e-06, 1.11834867766e-06, 9.53679659688e-07, 8.944698493e-07, 5.9662448848e-07, 5.28861164639e-07], "median": [0.00145805464126, 0.00044291629456, 3.851368092e-05, 3.42624298355e-05, 1.5839937987e-05, 9.88799001789e-06, 3.85341263609e-06, 3.22867117575e-06, 3.38277254741e-06, 3.42877888215e-06, 1.96923633666e-06, 1.77226240794e-06, 1.80264044047e-06, 1.61810828558e-06, 1.51224014644e-06, 1.5626305867e-06, 1.62182152508e-06, 1.89242143733e-06, 1.55307475325e-06, 1.25984138322e-06, 8.68147083111e-07, 8.93406649993e-07, 9.10254698283e-07, 8.60653926793e-07, 6.71127850183e-07, 5.18369347446e-07, 3.48707629882e-07, 2.8261840157e-07, 2.0846705695e-07, 1.88125653722e-07, 2.28175608186e-07, 2.23061576321e-07, 2.21508841491e-07, 1.96868356284e-07, 2.102397616e-07, 1.57001977641e-07, 1.3660067566e-07, 1.06132347355e-07, 7.53981410639e-08, 5.34328314927e-08], "dvar": [1.93876949197e-05, 3.03890919895e-06, 8.90220917427e-07, 1.48382359839e-05, 1.17061836136e-05, 1.1653595493e-06, 4.23448369702e-08, 2.21474287798e-08, 6.81263845337e-09, 2.05918198048e-08, 1.18350156342e-08, 1.22153032134e-09, 2.39429964743e-09, 1.48853573911e-09, 7.12912340273e-10, 5.97564997484e-10, 6.7966476891e-10, 7.22754744942e-10, 3.43801959124e-10, 1.81334072757e-10, 5.66522107004e-11, 8.376455779e-11, 8.71941616132e-11, 3.484188979e-11, 1.82278359073e-11, 8.79448770752e-12, 4.86583950216e-12, 2.15583323762e-12, 1.55289973588e-12, 1.59602973199e-12, 1.78114782038e-12, 1.8667268252e-12, 1.8862992765e-12, 1.97021045312e-12, 3.19637740755e-12, 2.41254585753e-12, 1.61130928478e-12, 1.13089832637e-12, 4.91113063845e-13, 3.66360669015e-13]}, "spectral_skewness": {"dvar2": 0.299781262875, "var": 0.440481543541, "min": -0.0407463349402, "dmean": 0.330554872751, "mean": 1.56246697903, "max": 5.15791416168, "dmean2": 0.492947459221, "median": 1.47938632965, "dvar": 0.145022735}, "melbands_flatness_db": {"dvar2": 0.00788337364793, "var": 0.0216212011874, "min": 0.00239485991187, "dmean": 0.0590400770307, "mean": 0.307696551085, "max": 0.814945757389, "dmean2": 0.0829861015081, "median": 0.279193431139, "dvar": 0.00414174981415}, "spectral_decrease": {"dvar2": 9.43911745026e-17, "var": 5.23918862285e-17, "min": -3.91037104919e-08, "dmean": 3.68905173076e-09, 