{"tonal": {"thpcp": [1, 0.469949007034, 0.118804126978, 0.178269580007, 0.105091154575, 0.274165838957, 0.498838186264, 0.253111600876, 0.0502449646592, 0.0892470180988, 0.0650519877672, 0.260920405388, 0.507781326771, 0.297434300184, 0.421179413795, 0.786970496178, 0.442327439785, 0.079983368516, 0.0741708949208, 0.0659785270691, 0.461108714342, 0.846126139164, 0.444612056017, 0.0957395210862, 0.12529706955, 0.0991441234946, 0.504399359226, 0.989961624146, 0.576580882072, 0.335053473711, 0.606105208397, 0.353916734457, 0.0993318259716, 0.152154773474, 0.126293718815, 0.599089384079], "hpcp": {"dmean2": [0.0950010493398, 0.0882408693433, 0.0476334989071, 0.0440243221819, 0.052521917969, 0.111944660544, 0.126530140638, 0.0967253372073, 0.0483597889543, 0.0466533862054, 0.0423903986812, 0.0665570944548, 0.0797989442945, 0.0502974502742, 0.020745024085, 0.0265026800334, 0.0240314137191, 0.060071054846, 0.0944559723139, 0.0741888433695, 0.0845268517733, 0.113554216921, 0.108668394387, 0.0536607578397, 0.0316336974502, 0.0334126390517, 0.0869655236602, 0.119795665145, 0.10058619827, 0.0438596196473, 0.0432264469564, 0.0557361915708, 0.119705364108, 0.135353237391, 0.132480412722, 0.107708595693], "median": [0.00308715505525, 0.00233139074408, 0.00248175044544, 0.00201625539921, 0.00612328527495, 0.0644593164325, 0.0990439727902, 0.0505421347916, 0.00280531053431, 0.00159455102403, 0.00131780991796, 0.00847269780934, 0.0116363316774, 0.0079540014267, 0.0014225266641, 0.000951732392423, 0.00142255681567, 0.0205620396882, 0.0357380211353, 0.0238256212324, 0.0392928235233, 0.0702811405063, 0.0395626462996, 0.0027218000032, 0.000777774257585, 0.000939574383665, 0.0393800586462, 0.0842965692282, 0.0506659038365, 0.00209339824505, 0.000883672269993, 0.00157529255375, 0.0344838239253, 0.0670191049576, 0.0440837666392, 0.0106586432084], "min": [0, 0, 0, 0, 0, 0, 0, 0, 0, 0, 0, 0, 0, 0, 0, 0, 0, 0, 0, 0, 0, 0, 0, 0, 0, 0, 0, 0, 0, 0, 0, 2.56972157331e-07, 2.10777648135e-06, 7.76128445068e-07, 2.49008803621e-06, 0], "dvar2": [0.0499898567796, 0.0411072596908, 0.0208410229534, 0.0196344405413, 0.0172946862876, 0.031003061682, 0.046615537256, 0.0216994974762, 0.0174687523395, 0.0220101308078, 0.0148729495704, 0.0230679903179, 0.0353337451816, 0.0125316837803, 0.00600669207051, 0.0113505432382, 0.00785984192044, 0.0140043888241, 0.0375223532319, 0.0193236880004, 0.02237518318, 0.0459068566561, 0.042133320123, 0.0419867932796, 0.0121563188732, 0.0111188804731, 0.0250872708857, 0.0467948429286, 0.0346450060606, 0.0248750057071, 0.0272022951394, 0.0335160344839, 0.049328904599, 0.0703640133142, 0.0575075857341, 0.0460732877254], "dvar": [0.0249289404601, 0.0157524961978, 0.00732133584097, 0.00888396520168, 0.00679285824299, 0.0137746669352, 0.0260638725013, 0.00945920497179, 0.00695733679458, 0.0103619946167, 0.00606650207192, 0.00956309121102, 0.0183998607099, 0.00572907691821, 0.00234030536376, 0.00507659511641, 0.00315321842209, 0.0062132710591, 0.0193222183734, 0.0086853178218, 0.00943049136549, 0.0221852827817, 0.0159409083426, 0.0135602233931, 0.00485454872251, 0.00394628290087, 0.0104435253888, 0.0243246220052, 0.0134111987427, 0.00849740486592, 0.0111414305866, 0.0119390552863, 0.0188901722431, 0.0332120582461, 0.0215791258961, 0.017625015229], "dmean": [0.0571722686291, 0.0525420568883, 0.0271333698183, 0.0265183746815, 0.0308860503137, 0.0708552151918, 0.0818515717983, 0.060819029808, 0.0282164849341, 0.0284564439207, 0.0250528473407, 0.0394157171249, 0.0491398349404, 0.0320101380348, 0.0120817543939, 0.0159158278257, 0.0141813186929, 0.0383323729038, 0.0615609697998, 0.0468028150499, 0.0543694421649, 0.0741099789739, 0.0661577656865, 0.0290982760489, 0.018536021933, 0.0187664907426, 0.0548176243901, 0.0774760246277, 0.0610720179975, 0.0248345248401, 0.0250788778067, 0.0313686840236, 0.0719006359577, 0.0830341726542, 0.0778872966766, 0.061975762248], "max": [1, 1, 1, 1, 1, 1, 1, 1, 1, 1, 1, 1, 1, 1, 1, 1, 1, 1, 1, 1, 1, 1, 1, 1, 1, 1, 1, 1, 1, 1, 1, 1, 1, 1, 1, 1], "var": [0.122110038996, 0.0449302643538, 0.00886876229197, 0.0252491831779, 0.0114812925458, 0.0525745823979, 0.144895210862, 0.0323354229331, 0.0121364630759, 0.0329700894654, 0.010837810114, 0.0280606243759, 0.0931233987212, 0.0235247537494, 0.00343010737561, 0.0136290965602, 0.00648631807417, 0.019864058122, 0.07818184793, 0.0248601175845, 0.0354505442083, 0.116099923849, 0.0396946109831, 0.00961799267679, 0.0093111526221, 0.00550864031538, 0.0424715429544, 0.119612328708, 0.033830139786, 0.0133932763711, 0.0242338497192, 0.0115458350629, 0.0464463680983, 0.155889049172, 0.0572224780917, 0.0351127758622], "mean": [0.189359247684, 0.110570587218, 0.0310332272202, 0.0475361607969, 0.03945665434, 0.18716737628, 0.312419772148, 0.14682136476, 0.0371167585254, 0.0556949414313, 0.0328325554729, 0.0856548324227, 0.155846908689, 0.0790770724416, 0.0156975202262, 0.0278825331479, 0.0203235279769, 0.0815166980028, 0.158640921116, 0.0929243564606, 0.131584778428, 0.245865136385, 0.138191834092, 0.0249883849174, 0.0231724549085, 0.0206129960716, 0.144059479237, 0.264346539974, 0.138905599713, 0.0299109201878, 0.039145283401, 0.0309745837003, 0.15758433938, 0.309283584356, 0.180135264993, 0.104677334428]}, "tuning_equal_tempered_deviation": 0.00261778780259, "chords_changes_rate": 0.0492697171867, "key_key": "E", "tuning_diatonic_strength": 0.461106210947, "key_scale": "major", "chords_number_rate": 0.00272638746537, "tuning_frequency": 443.572570801, "tuning_nontempered_energy_ratio": 0.572447776794, "chords_histogram": [17.9746837616, 22.4342746735, 16.2025318146, 2.97955203056, 4.3232717514, 0.837390482426, 0.778967857361, 0, 2.2005841732, 0, 0.0194741971791, 0.155793577433, 0, 0, 0.0194741971791, 4.07010698318, 1.187926054, 1.40214216709, 0.0778967887163, 1.187926054, 1.11002922058, 8.89970779419, 5.55014610291, 8.58812046051], "key_strength": 0.79017573595, "chords_key": "G#", "chords_strength": {"dmean2": 0.00526479491964, "median": 0.451612710953, "min": 0.0749449580908, "dvar2": 4.15113427152e-05, "dvar": 5.12461265316e-05, "dmean": 0.00850790087134, "max": 0.700751304626, "var": 0.00900410860777, "mean": 0.453073233366}, "chords_scale": "minor", "hpcp_entropy": {"dmean2": 0.550211846828, "median": 1.39048445225, "min": 0.0386839397252, "dvar2": 0.34155151248, "dvar": 0.139704912901, "dmean": 0.335146576166, "max": 4.13861989975, "var": 0.394674926996, "mean": 1.3713054657}}, "metadata": {"audio_properties": {"equal_loudness": 0, "codec": "flac", "downmix": "mix", "sample_rate": 44100, "analysis_sample_rate": 44100, "bit_rate": 0, "md5_encoded": "53547fb83b6ec9de3ccf978159348190", "length": 238.399993896, "replay_gain": -7.03712081909, "lossless": true}, "version": {"essentia_build_sha": "70f2e5ece6736b2c40cc944ad0e695b16b925413", "essentia": "2.1-beta2", "extractor": "music 1.0", "essentia_git_sha": "v2.1_beta2"}, "tags": {"title": ["Etude in E major, Op. 10 No. 3"], "barcode": ["5099964610627"], "media": ["CD"], "albumartist": ["Samson Fran\u00e7ois"], "tracktotal": ["27"], "language": ["fra"], "performer": ["Samson Fran\u00e7ois (piano)"], "releasetype": ["album", "compilation"], "musicbrainz_recordingid": ["135658e1-301e-4095-bdf2-692219ceb3ec"], "composer": ["Fryderyk Chopin"], "musicbrainz_releasegroupid": ["ffbb1a1e-0554-4bfb-8aa4-761127df1946"], "musicbrainz_albumartistid": ["b90c4001-4c7d-4de2-a3e0-1afbc548af54"], "discnumber": ["7"], "totaldiscs": ["36"], "releasecountry": ["FR"], "file_name": "CD07-03 - Etude in E major, Op. 10 No. 3.flac", "compilation": ["1"], "originaldate": ["2010"], "albumartistsort": ["Fran\u00e7ois, Samson"], "date": ["2010"], "genre": ["Unknown"], "musicbrainz_albumid": ["9508c25f-8c38-4af6-b551-2957efc1e373"], "disctotal": ["36"], "musicbrainz_artistid": ["09ff1fe8-d61c-4b98-bb82-18487c74d7b7"], "asin": ["B004258ATM"], "musicbrainz_workid": ["1d9d388e-e80f-3702-96b3-64a0949cadce"], "artist": ["Fryderyk Chopin"], "tracknumber": ["3"], "artistsort": ["Chopin, Fryderyk"], "album": ["L'\u00e9dition int\u00e9grale"], "label": ["EMI Classics"], "releasestatus": ["official"], "acoustid_id": ["17fe4e20-1129-4492-afe2-5223925cff5e"], "script": ["Latn"], "totaltracks": ["27"]}}, "rhythm": {"bpm_histogram_first_peak_bpm": {"dmean2": 0, "median": 117, "min": 117, "dvar2": 0, "dvar": 0, "dmean": 0, "max": 117, "var": 0, "mean": 117}, "bpm": 117.545379639, "bpm_histogram_second_peak_spread": {"dmean2": 0, "median": 0.480519473553, "min": 0.480519473553, "dvar2": 0, "dvar": 0, "dmean": 0, "max": 0.480519473553, "var": 0, "mean": 0.480519473553}, "bpm_histogram_first_peak_weight": {"dmean2": 0, "median": 0.0834951475263, "min": 0.0834951475263, "dvar2": 0, "dvar": 0, "dmean": 0, "max": 0.0834951475263, "var": 0, "mean": 0.0834951475263}, "onset_rate": 2.32360625267, "beats_position": [0.429569154978, 0.870748281479, 1.3235373497, 1.764716506, 2.20589566231, 2.65868473053, 3.08825397491, 3.52943301201, 3.97061228752, 4.40018129349, 4.841360569, 5.2941493988, 5.74693870544, 6.19972801208, 6.65251684189, 7.0936961174, 7.5464849472, 8.01088428497, 8.45206356049, 8.90485286713, 9.35764122009, 9.79882049561, 10.22838974, 10.623128891, 11.0294780731, 11.4358272552, 11.8305664062, 12.2369155884, 12.6316547394, 13.0380039215, 13.4211339951, 13.8042631149, 14.1990022659, 14.5937414169, 15.0233106613, 15.4528799057, 15.8824491501, 16.3120174408, 16.7299766541, 17.1595458984, 17.5891151428, 18.0419044495, 18.483083725, 18.9242630005, 19.3770523071, 19.8182315826, 20.2710208893, 20.7238082886, 21.153377533, 21.5829467773, 22.0125160217, 22.430475235, 22.8600444794, 23.2896137238, 23.7191829681, 24.1139221191, 24.5086612701, 24.9034004211, 25.286529541, 25.6580486298, 26.0295696259, 26.4010887146, 26.7609977722, 27.132516861, 27.5156459808, 27.8871650696, 28.2702941895, 28.6534233093, 29.0481624603, 29.4429016113, 29.9421310425, 30.4413604736, 30.9289798737, 31.5094776154, 32.0899772644, 32.6704750061, 33.1697044373, 33.6689338684, 34.1681632996, 34.6093406677, 35.0505218506, 35.480091095, 35.8864402771, 36.2927894592, 36.6991386414, 37.093875885, 37.5002250671, 37.8949661255, 38.3013153076, 38.7076644897, 39.1140136719, 39.520362854, 39.9151000977, 40.4259414673, 40.9367790222, 41.4476165771, 42.0165061951, 42.585395813, 43.2007255554, 43.8160552979, 44.4197731018, 45.0234909058, 45.6272087097, 46.2309303284, 46.8346481323, 47.4499778748, 48.0536956787, 48.6574134827, 49.2030830383, 49.7371406555, 50.2712020874, 50.7936515808, 51.3160972595, 51.8269386292, 52.3726081848, 52.9182739258, 53.4755554199, 54.0096130371, 54.5436706543, 55.0777320862, 55.6117897034, 56.1342391968, 56.668296814, 57.2023582458, 57.7480278015, 58.2588653564, 58.7813148499, 59.2921524048, 59.8146018982, 60.3022193909, 60.7898406982, 61.2890701294, 61.7882995605, 62.2875289917, 62.8099746704, 63.32081604, 63.831653595, 64.3424911499, 64.8533325195, 65.3757781982, 65.7705230713, 66.1768722534, 66.5832214355, 66.9547348022, 67.3262557983, 67.6977767944, 68.0809020996, 68.4640350342, 68.8471679688, 69.2419052124, 69.6366424561, 70.0313796997, 70.4377288818, 70.844078064, 71.238822937, 71.6916122437, 72.1560058594, 72.6204071045, 73.0731964111, 73.5143737793, 73.9555511475, 74.396736145, 74.8495254517, 75.3023147583, 75.8131484985, 76.3356018066, 76.8464355469, 77.3572769165, 77.8681182861, 78.3789520264, 78.9130172729, 79.4354629517, 79.9579086304, 80.4803619385, 81.0028076172, 81.5252609253, 82.0941467285, 82.6630401611, 83.2203140259, 83.77759552, 84.3232650757, 84.8805389404, 85.449432373, 86.0299301147, 86.6336517334, 87.2257614136, 87.7714233398, 88.3170928955, 88.8627624512, 89.4084320068, 89.9308853149, 90.4649429321, 90.9990005493, 91.544670105, 92.0787277222, 92.6824493408, 93.2977752686, 93.8550567627, 94.4123306274, 94.9812240601, 95.5733337402, 96.1770477295, 96.7343292236, 97.2916107178, 97.8488845825, 98.3829498291, 98.9170074463, 99.4510650635, 100.008346558, 100.554008484, 101.169342041, 101.784667969, 102.400001526, 103.015327454, 103.630653381, 104.234375, 104.861312866, 105.465034485, 106.068748474, 106.672470093, 107.20652771, 107.728981018, 108.251426697, 108.680992126, 109.110565186, 109.540130615, 109.958091736, 110.387664795, 110.817230225, 111.246803284, 111.664756775, 112.059501648, 112.454238892, 112.872200012, 113.266937256, 113.6616745, 114.056411743, 114.497596741, 114.92716217, 115.345123291, 115.774688721, 116.227478027, 116.680267334, 117.144668579, 117.516189575, 117.89931488, 118.294059753, 118.688796997, 119.071922302, 119.455055237, 119.803352356, 120.163261414, 120.53478241, 120.906303406, 121.277824402, 121.649337769, 122.044082642, 122.427207947, 122.810340881, 123.193466187, 123.576599121, 123.948112488, 124.331245422, 124.714370728, 125.225212097, 125.736053467, 126.246894836, 126.746116638, 127.23374176, 127.732971191, 128.232192993, 128.731430054, 129.230651855, 129.729888916, 130.229110718, 130.763168335, 131.239181519, 131.715194702, 132.167984009, 132.620773315, 133.073562622, 133.526351929, 134.048797607, 134.548019409, 135.04725647, 135.55809021, 136.068939209, 136.579772949, 137.044174194, 137.555007935, 138.077453613, 138.599899292, 139.110748291, 139.621582031, 140.120819092, 140.596817017, 141.084442139, 141.572067261, 142.059677124, 142.535690308, 143.02331543, 143.522537231, 144.033370972, 144.509384155, 144.985397339, 145.449798584, 145.83291626, 146.239273071, 146.622406006, 147.028747559, 147.446716309, 147.853057861, 148.259414673, 148.758636475, 149.257858276, 149.768707275, 150.244720459, 150.720718384, 151.196731567, 151.672744751, 152.148742676, 152.624755859, 153.089157104, 153.565170288, 154.041183472, 154.528793335, 155.016418457, 155.480819702, 155.956817627, 156.3515625, 156.757904053, 157.152648926, 157.559005737, 157.96534729, 158.371704102, 158.778045654, 159.172790527, 159.567520142, 159.962265015, 160.357009888, 160.751739502, 161.146484375, 161.541213989, 161.947570801, 162.330703735, 162.702224731, 163.073745728, 163.445251465, 163.805160522, 164.16506958, 164.513381958, 164.873291016, 165.221588135, 165.581497192, 165.94140625, 166.301315308, 166.672836304, 167.0443573, 167.415863037, 167.787384033, 168.170516968, 168.553649902, 168.948379517, 169.34312439, 169.795913696, 170.248703003, 170.70149231, 171.21232605, 171.723175049, 172.234008789, 172.744842529, 173.255691528, 173.778137207, 174.254150391, 174.730148315, 175.206161499, 175.693786621, 176.181396484, 176.657409668, 177.052154541, 177.458496094, 177.864852905, 178.25958252, 178.665939331, 179.072280884, 179.478637695, 179.931427002, 180.395828247, 180.860229492, 181.371063232, 181.893508911, 182.41595459, 182.926803589, 183.437637329, 183.948471069, 184.459320068, 184.970153809, 185.480987549, 185.945388794, 186.409790039, 186.874191284, 187.315368652, 187.756546021, 188.197723389, 188.627304077, 189.056869507, 189.486434937, 189.927612305, 190.310745239, 190.682266235, 191.053787231, 191.425308228, 191.773605347, 192.121902466, 192.470199585, 192.818496704, 193.166793823, 193.526702881, 193.898223877, 194.269744873, 194.629653931, 194.97795105, 195.326248169, 195.674560547, 196.011245728, 196.347930908, 196.684616089, 197.021316528, 197.369613647, 197.69468689, 198.019775391, 198.344848633, 198.669921875, 198.971786499, 199.273651123, 199.575500488, 199.888977051, 200.202438354, 200.527526855, 200.887435913, 201.258956909, 201.630477905, 202.001998901, 202.408340454, 202.814697266, 203.232650757, 203.662216187, 204.103393555, 204.544570923, 204.950927734, 205.357269287, 205.775238037, 206.204803467, 206.611160278, 207.02911377, 207.435455322, 207.853424072, 208.248153687, 208.631286621, 209.014419556, 209.39755249, 209.82711792, 210.25668335, 210.686248779, 211.115829468, 211.545394897, 211.963348389, 212.381317139, 212.857315063, 213.333328247, 213.820953369, 214.320175171, 214.831008911, 215.34185791, 215.85269165, 216.340316772, 216.839538574, 217.350387573, 217.861221313, 218.360443115, 218.801635742, 219.24281311, 219.683990479, 220.148391724, 220.624389648, 221.088790894, 221.5415802, 221.982757568, 222.423934937, 222.865127563, 223.31791687, 223.770706177, 224.211883545, 224.664672852, 225.117462158, 225.581848145, 226.139129639, 226.696411133, 227.253692627, 227.857406616, 228.461135864, 229.053237915, 229.645339966, 230.249069214, 230.864395142, 231.479721069, 232.083435059, 232.698776245, 233.302490234, 233.941040039, 234.579589844, 235.218139648, 235.856689453, 236.495239258, 237.133789062, 237.772338867], "beats_loudness": {"dmean2": 0.0189558472484, "median": 0.00402574334294, "min": 2.69138894282e-07, "dvar2": 0.000997101073153, "dvar": 0.000350132206222, "dmean": 0.0108494460583, "max": 0.201029628515, "var": 0.000820610672235, "mean": 0.0173208806664}, "danceability": 0.919943809509, "bpm_histogram_second_peak_weight": {"dmean2": 0, "median": 0.077669903636, "min": 0.077669903636, "dvar2": 0, "dvar": 0, "dmean": 0, "max": 0.077669903636, "var": 0, "mean": 0.077669903636}, "beats_count": 516, "bpm_histogram_second_peak_bpm": {"dmean2": 0, "median": 152, "min": 152, "dvar2": 0, "dvar": 0, "dmean": 0, "max": 152, "var": 0, "mean": 152}, "bpm_histogram_first_peak_spread": {"dmean2": 0, "median": 0.516853928566, "min": 0.516853928566, "dvar2": 0, "dvar": 0, "dmean": 0, "max": 0.516853928566, "var": 0, "mean": 0.516853928566}, "beats_loudness_band_ratio": {"dmean2": [0.227395921946, 0.349075078964, 0.384264707565, 0.13435433805, 0.0164893921465, 0.00632112566382], "median": [0.100345589221, 0.387882173061, 0.41168898344, 0.040160689503, 0.00267619732767, 0.000186557648703], "min": [0.000177629757673, 0.00118479283992, 0.0154383378103, 0.00106619857252, 1.33811545311e-05, 1.1508447642e-05], "dvar2": [0.0499677620828, 0.0747138783336, 0.092720925808, 0.0425487905741, 0.0036761353258, 0.00293638091534], "dvar": [0.0185041129589, 0.0312634818256, 0.03658496961, 0.0140714496374, 0.00129378424026, 0.00108855077997], "dmean": [0.1253721416, 0.198322489858, 0.218227237463, 0.0745815560222, 0.0093980608508, 0.00373138301075], "max": [0.948039054871, 0.942151546478, 0.985477983952, 0.782552480698, 0.53226006031, 0.633751988411], "var": [0.0313446372747, 0.079261213541, 0.0809471458197, 0.0140492171049, 0.000857638777234, 0.00306674255989], "mean": [0.164218991995, 0.411525040865, 0.419147074223, 0.0829935744405, 0.00865852087736, 0.00743893440813]}}, "lowlevel": {"barkbands_spread": {"dmean2": 1.40523695946, "median": 3.17046451569, "min": 0.147828832269, "dvar2": 13.8644332886, "dvar": 6.20448350906, "dmean": 0.895321190357, "max": 134.321609497, "var": 195.76348877, "mean": 5.46047210693}, "melbands_spread": {"dmean2": 1.79199433327, "median": 4.91668987274, "min": 0.46176636219, "dvar2": 9.05509662628, "dvar": 4.22480344772, "dmean": 1.15543401241, "max": 97.2098007202, "var": 20.9610939026, "mean": 5.8894200325}, "hfc": {"dmean2": 2.71735167503, "median": 1.26684093475, "min": 3.1458743166e-08, "dvar2": 72.7962799072, "dvar": 40.6004180908, "dmean": 2.05423879623, "max": 165.183288574, "var": 199.478683472, "mean": 7.09427499771}, "barkbands_kurtosis": {"dmean2": 7.23151445389, "median": 5.54536533356, "min": -1.90767014027, "dvar2": 249.308731079, "dvar": 98.8683929443, "dmean": 4.59027099609, "max": 308.486358643, "var": 599.606689453, "mean": 14.3108692169}, "gfcc": {"mean": [-246.055679321, 175.785125732, -83.713470459, -54.452495575, -56.8473815918, -17.4032611847, -39.2986831665, -13.0528240204, -21.1646995544, -8.28927993774, -12.2429428101, -9.97183418274, -7.98990726471], "icov": [[0.00475084781647, -0.00721775367856, 0.00780093530193, -0.00698097096756, 0.00572968926281, -0.00225767935626, -0.00109063019045, 0.00406431453303, -0.00566646875814, 0.00750066153705, -0.00731466850266, 0.00596678676084, -0.00368170929141], [-0.00721775367856, 0.0135897640139, -0.0127938957885, 0.0144515559077, -0.0117739457637, 0.00735496962443, -0.00121325498912, -0.00141432473902, 0.00628212094307, -0.00860371347517, 0.00988534651697, -0.00757054286078, 0.00505993096158], [0.00780093530193, -0.0127938957885, 0.0164720416069, -0.0165388397872, 0.0162871759385, -0.0124307004735, 0.00784682109952, -0.00191940867808, -0.00169938930776, 0.00763205625117, -0.00846955738962, 0.00823578704149, -0.00472054164857], [-0.00698097096756, 0.0144515559077, -0.0165388397872, 0.0232880841941, -0.0211707800627, 0.0178649779409, -0.0149794518948, 0.00805245898664, 0.000800180132501, -0.00562512828037, 0.00866385083646, -0.00871825125068, 0.00529868667945], [0.00572968926281, -0.0117739457637, 0.0162871759385, -0.0211707800627, 0.027276461944, -0.0218074526638, 0.0206348020583, -0.0140729099512, 0.00318071967922, 0.00569537607953, -0.00853281095624, 0.00946707092226, -0.00607472611591], [-0.00225767935626, 0.00735496962443, -0.0124307004735, 0.0178649779409, -0.0218074526638, 0.0310841426253, -0.0270998775959, 0.024108806625, -0.0148275354877, 0.00263259932399, 0.00329931406304, -0.0062917121686, 0.00221757404506], [-0.00109063019045, -0.00121325498912, 0.00784682109952, -0.0149794518948, 0.0206348020583, -0.0270998775959, 0.0407259352505, -0.0340699888766, 0.0251695495099, -0.0138320922852, 0.00723052956164, 0.00238440441899, -0.00202433345839], [0.00406431453303, -0.00141432473902, -0.00191940867808, 0.00805245898664, -0.0140729099512, 0.024108806625, -0.0340699888766, 0.0490707717836, -0.0387231521308, 0.0240527242422, -0.0190596021712, 0.00775706814602, -0.00108080555219], [-0.00566646875814, 0.00628212094307, -0.00169938930776, 0.000800180132501, 0.00318071967922, -0.0148275354877, 0.0251695495099, -0.0387231521308, 0.050278250128, -0.035850327462, 0.0263968352228, -0.0154528059065, 0.0064380960539], [0.00750066153705, -0.00860371347517, 0.00763205625117, -0.00562512828037, 0.00569537607953, 0.00263259932399, -0.0138320922852, 0.0240527242422, -0.035850327462, 0.0476488508284, -0.039494600147, 0.0246969051659, -0.0134117323905], [-0.00731466850266, 0.00988534651697, -0.00846955738962, 0.00866385083646, -0.00853281095624, 0.00329931406304, 0.00723052956164, -0.0190596021712, 0.0263968352228, -0.039494600147, 0.0543761849403, -0.0347678884864, 0.018542887643], [0.00596678676084, -0.00757054286078, 0.00823578704149, -0.00871825125068, 0.00946707092226, -0.0062917121686, 0.00238440441899, 0.00775706814602, -0.0154528059065, 0.0246969051659, -0.0347678884864, 0.0356070622802, -0.0178285744041], [-0.00368170929141, 0.00505993096158, -0.00472054164857, 0.00529868667945, -0.00607472611591, 0.00221757404506, -0.00202433345839, -0.00108080555219, 0.0064380960539, -0.0134117323905, 0.018542887643, -0.0178285744041, 0.0242554713041]], "cov": [[12914.9033203, 3180.12158203, -5796.93945312, -1062.47692871, 757.780212402, -1076.80639648, -122.977684021, 31.8621177673, 232.703399658, -337.147888184, -52.4015083313, -439.555358887, 149.021255493], [3180.12158203, 1490.06079102, -1038.18762207, -577.841064453, 116.124404907, -227.893936157, -210.848098755, -119.717193604, -16.2206611633, -138.842834473, -68.4892654419, -117.838661194, 16.3116798401], [-5796.93945312, -1038.18762207, 3160.78881836, 494.496063232, -474.110107422, 530.655090332, 5.8752117157, -165.785110474, -236.65435791, 62.0494308472, -56.9144058228, 158.086578369, -73.5325393677], [-1062.47692871, -577.841064453, 494.496063232, 499.654418945, 27.6552524567, 51.0888328552, 115.655967712, 21.7141075134, -57.0853614807, 1.22322809696, -3.01630568504, 19.697889328, -8.15384483337], [757.780212402, 116.124404907, -474.110107422, 27.6552524567, 260.569793701, -39.041103363, -33.9061965942, 45.7439346313, 51.0671882629, -20.8739891052, 13.0803833008, -12.0127506256, 16.5971336365], [-1076.80639648, -227.893936157, 530.655090332, 51.0888328552, -39.041103363, 228.94203186, 40.3512535095, -41.0866966248, -16.9356002808, 28.7389545441, -18.1899394989, 38.6885757446, 9.76527881622], [-122.977684021, -210.848098755, 5.8752117157, 115.655967712, -33.9061965942, 40.3512535095, 156.310516357, 55.9883575439, 0.78953576088, 22.9295978546, -2.25352692604, -19.2361602783, 4.60839080811], [31.8621177673, -119.717193604, -165.785110474, 21.7141075134, 45.7439346313, -41.0866966248, 55.9883575439, 140.907867432, 86.3730316162, 37.2106590271, 39.8126029968, 4.16252470016, -10.7606019974], [232.703399658, -16.2206611633, -236.65435791, -57.0853614807, 51.0671882629, -16.9356002808, 0.78953576088, 86.3730316162, 130.561859131, 67.2734527588, 36.4572563171, 11.8622407913, 6.76284408569], [-337.147888184, -138.842834473, 62.0494308472, 1.22322809696, -20.8739891052, 28.7389545441, 22.9295978546, 37.2106590271, 67.2734527588, 118.264350891, 60.2634162903, 21.0493183136, 2.25180435181], [-52.4015083313, -68.4892654419, -56.9144058228, -3.01630568504, 13.0803833008, -18.1899394989, -2.25352692604, 39.8126029968, 36.4572563171, 60.2634162903, 98.3081054688, 58.3515548706, -6.17861366272], [-439.555358887, -117.838661194, 158.086578369, 19.697889328, -12.0127506256, 38.6885757446, -19.2361602783, 4.16252470016, 11.8622407913, 21.0493183136, 58.3515548706, 115.450782776, 25.1021881104], [149.021255493, 16.3116798401, -73.5325393677, -8.15384483337, 16.5971336365, 9.76527881622, 4.60839080811, -10.7606019974, 6.76284408569, 2.25180435181, -6.17861366272, 25.1021881104, 73.7087783813]]}, "spectral_energyband_middle_low": {"dmean2": 0.00405761459842, "median": 0.00269316905178, "min": 1.35376207314e-13, "dvar2": 0.000101282603282, "dvar": 5.3085062973e-05, "dmean": 0.00284863379784, "max": 0.269941836596, "var": 0.00035878457129, "mean": 0.0105270901695}, "melbands_crest": {"dmean2": 3.7416639328, "median": 15.4814214706, "min": 2.38711977005, "dvar2": 15.6903305054, "dvar": 5.93426418304, "dmean": 2.32824492455, "max": 33.3233947754, "var": 32.5790023804, "mean": 16.4583015442}, "spectral_kurtosis": {"dmean2": 23.6119861603, "median": 63.4458999634, "min": 1.46923589706, "dvar2": 521.877685547, "dvar": 181.704345703, "dmean": 13.7601728439, "max": 189.24961853, "var": 911.724487305, "mean": 64.1753768921}, "spectral_rms": {"dmean2": 0.000468156707939, "median": 0.00168987317011, "min": 4.53008013324e-08, "dvar2": 6.16002637344e-07, "dvar": 3.28754111933e-07, "dmean": 0.00033435120713, "max": 0.0164581295103, "var": 5.66859125684e-06, "mean": 0.00255948794074}, "zerocrossingrate": {"dmean2": 0.00432476308197, "median": 0.0234375, "min": 0.00732421875, "dvar2": 0.000103763253719, "dvar": 6.54101168038e-05, "dmean": 0.00327554554678, "max": 0.556640625, "var": 0.00240700715221, "mean": 0.0311162453145}, "silence_rate_60dB": {"dmean2": 0.0514269024134, "median": 1, "min": 0, "dvar2": 0.0561858899891, "dvar": 0.0250484813005, "dmean": 0.025710945949, "max": 1, "var": 0.249810367823, "mean": 0.513584554195}, "erbbands_kurtosis": {"dmean2": 2.13722062111, "median": 1.91255426407, "min": -1.74756252766, "dvar2": 11.3813276291, "dvar": 5.51157522202, "dmean": 1.43475198746, "max": 83.9713592529, "var": 43.7390174866, "mean": 4.10194587708}, "erbbands": {"dmean2": [0.000573696335778, 0.00725058140233, 0.0464809313416, 0.461232364178, 3.84417271614, 7.39497518539, 4.183365345, 5.91698694229, 13.2196006775, 18.96210289, 20.8876476288, 16.428937912, 24.6860275269, 12.1677331924, 12.2415304184, 10.4664697647, 8.57380771637, 8.16036128998, 3.71437644958, 3.23752880096, 1.29705286026, 0.931495308876, 0.903141617775, 0.178009942174, 0.0813881158829, 0.0901508554816, 0.0362160764635, 0.0202184990048, 0.00966549199075, 0.00385949248448, 0.00127461750526, 0.00161466619466, 0.000614658405539, 0.00021053677483, 0.000108806663775, 4.12545232393e-05, 1.6547362975e-05, 5.38504946235e-06, 3.63974004358e-06, 5.41477538718e-06], "median": [0.000164096578374, 0.00206797500141, 0.0113211935386, 0.0906498506665, 0.716008245945, 1.64416480064, 1.14544725418, 2.67007017136, 4.50969552994, 3.44105935097, 3.15398240089, 2.78243041039, 1.36475300789, 1.17426526546, 0.728907644749, 0.540426790714, 0.528920471668, 0.329494327307, 0.189909607172, 0.08253788203, 0.0509887859225, 0.0244720801711, 0.00882191304117, 0.00339775416069, 0.00119048403576, 0.000530758989044, 0.000317604048178, 0.000275379861705, 0.000258969987044, 0.000254213955486, 0.000253928912571, 0.000255660968833, 0.000244200811721, 0.000205832839129, 0.000145237529068, 8.48987110658e-05, 4.09003259847e-05, 1.6537749616e-05, 8.52395078255e-06, 4.79773461848e-06], "min": [3.85773254704e-13, 2.16512094711e-12, 7.38568147612e-12, 1.82132451482e-11, 3.75783223983e-11, 6.88205534227e-11, 1.15985443472e-10, 1.83947301835e-10, 2.78082307181e-10, 4.03367866886e-10, 5.62359214751e-10, 7.51393502973e-10, 9.55257872803e-10, 1.14202891588e-09, 1.26201382677e-09, 1.25967691833e-09, 1.10425069089e-09, 8.33297986169e-10, 5.69822911078e-10, 4.47333198261e-10, 4.41633923876e-10, 3.31651039964e-10, 1.04052308436e-10, 3.45070666485e-10, 1.20193421882e-09, 1.1997731697e-09, 4.86487572449e-10, 1.53479584597e-09, 1.498341895e-09, 1.53581303231e-09, 3.02955505127e-09, 1.15735676598e-09, 1.03317021605e-09, 5.4367915725e-10, 4.27253010749e-10, 2.28918856093e-10, 1.68081132346e-10, 4.57323380554e-11, 1.09817197003e-10, 1.88370759963e-11], "dvar2": [1.90258015209e-06, 0.000390055269236, 0.0292785894126, 3.29031157494, 212.887435913, 749.472473145, 147.422561646, 407.243743896, 1637.38659668, 4542.48486328, 7932.30517578, 3365.95898438, 16085.28125, 5935.04394531, 5319.65234375, 4400.37841797, 2636.5456543, 6718.06445312, 810.182434082, 1556.23144531, 52.8777084351, 221.563751221, 1010.71990967, 1.99968385696, 0.154169306159, 0.690893411636, 0.0392905212939, 0.117631204426, 0.0807776972651, 0.00126656668726, 9.28973167902e-05, 0.000766490120441, 7.53460044507e-05, 1.21930304431e-06, 4.23358756052e-07, 1.9543094254e-08, 1.56901558412e-09, 5.78051079225e-11, 4.1827017544e-11, 1.76029496535e-10], "dvar": [8.3704020426e-07, 0.000152144624735, 0.0122136007994, 1.23609697819, 87.0030212402, 259.953674316, 52.0003700256, 135.342071533, 505.348083496, 2153.80126953, 5456.06152344, 2088.74511719, 10861.0927734, 2342.32885742, 2739.12719727, 2475.86499023, 1504.08642578, 3010.72802734, 459.564086914, 703.041259766, 25.1005477905, 85.512046814, 372.444152832, 0.752260863781, 0.0590529292822, 0.292090833187, 0.0183577146381, 0.0429735258222, 0.0273436438292, 0.000509428558871, 3.7061272451e-05, 0.000284872279735, 2.67472642008e-05, 5.30540432919e-07, 1.65354364867e-07, 7.85816212101e-09, 6.47140729892e-10, 2.58927896485e-11, 2.28358269794e-11, 9.46305395155e-11], "dmean": [0.000357308919774, 0.0043738167733, 0.0293905735016, 0.292300492525, 2.46393680573, 4.45372247696, 2.52193164825, 3.74473404884, 7.85961389542, 12.865228653, 16.0235424042, 12.7345352173, 19.5589561462, 8.1064491272, 8.65814876556, 7.616086483, 6.08473300934, 5.77423763275, 2.6327650547, 2.28766512871, 0.882957279682, 0.595786750317, 0.554902851582, 0.112157143652, 0.0515448972583, 0.0589286647737, 0.0250070653856, 0.0120145268738, 0.00562208564952, 0.00243921903893, 0.000792793522123, 0.000937286124099, 0.000366093532648, 0.000134079004056, 6.73201866448e-05, 2.57556639554e-05, 1.02595849967e-05, 3.31890532834e-06, 2.45112278208e-06, 3.89637489207e-06], "max": [0.0588090494275, 0.481507122517, 3.75801587105, 63.0761260986, 460.581970215, 563.340759277, 164.289764404, 303.258575439, 526.060913086, 1993.56738281, 4586.33691406, 1440.64196777, 3707.09863281, 1616.25024414, 1842.296875, 2100.01464844, 2346.01611328, 2932.58325195, 1068.60192871, 1578.1237793, 218.681610107, 717.976257324, 1561.29492188, 47.727230072, 12.1590929031, 26.3953762054, 5.15552616119, 12.0141468048, 12.5346622467, 1.35127222538, 0.251312702894, 0.867927372456, 0.338196486235, 0.0313441567123, 0.0190330762416, 0.00609176745638, 0.00121658516582, 0.000224688541493, 0.000154586974531, 0.000317256490234], "var": [3.31272235599e-06, 0.000455112894997, 0.0396238788962, 7.12710666656, 395.399017334, 647.155639648, 162.367462158, 552.580749512, 1869.97766113, 11143.2382812, 29933.3867188, 9142.43457031, 42285.0039062, 3547.86987305, 7176.03369141, 5812.20263672, 3471.6015625, 4634.33007812, 1104.5300293, 1080.03991699, 59.0752258301, 76.2375946045, 251.526947021, 0.706628441811, 0.0878118574619, 0.303103148937, 0.0268098190427, 0.0307073052973, 0.0162092112005, 0.000565688998904, 3.61310194421e-05, 0.00021397441742, 1.9237962988e-05, 7.38595872463e-07, 1.85367042604e-07, 1.24948975611e-08, 1.37924738297e-09, 9.2143993824e-11, 1.53238352563e-10, 6.43758213403e-10], "mean": [0.000587325310335, 0.00763970753178, 0.06618706882, 0.848660647869, 5.83890771866, 9.09291267395, 5.68673038483, 11.1498985291, 21.4121742249, 35.7960968018, 47.2367630005, 35.8967208862, 49.4691505432, 17.5128059387, 18.7619819641, 15.1120853424, 11.9850254059, 11.0719804764, 5.00399827957, 4.15979909897, 1.73634338379, 1.05304300785, 0.680970847607, 0.195082291961, 0.0920150205493, 0.0779783204198, 0.0376823954284, 0.0154061447829, 0.00663788011298, 0.00349368993193, 0.00123917113524, 0.00123024743516, 0.000674614217132, 0.000395050505176, 0.000231658515986, 0.000114881026093, 5.14736675541e-05, 1.9270577468e-05, 1.3496608517e-05, 1.5791023543e-05]}, "spectral_strongpeak": {"dmean2": 0.493030458689, "median": 0.429953873158, "min": 0, "dvar2": 1.291000247, "dvar": 0.592417597771, "dmean": 0.315186411142, "max": 18.6207199097, "var": 1.93004906178, "mean": 0.953147828579}, "spectral_energy": {"dmean2": 0.00463707000017, "median": 0.00292706326582, "min": 2.10346670637e-12, "dvar2": 0.000133087960421, "dvar": 7.09108862793e-05, "dmean": 0.00334285595454, "max": 0.277641773224, "var": 0.000488664372824, "mean": 0.012525010854}, "average_loudness": 0.0196348745376, "spectral_rolloff": {"dmean2": 127.44405365, "median": 559.86328125, "min": 64.599609375, "dvar2": 397742.25, "dvar": 198181.40625, "dmean": 73.0876083374, "max": 21404.0039062, "var": 5431274.5, "mean": 863.097595215}, "spectral_centroid": {"dmean2": 58.4379615784, "median": 446.417785645, "min": 184.996948242, "dvar2": 11298.4375, "dvar": 5000.74072266, "dmean": 37.5444374084, "max": 4002.30200195, "var": 67602.65625, "mean": 483.68661499}, "pitch_salience": {"dmean2": 0.0860516875982, "median": 0.524075388908, "min": 0.0882496833801, "dvar2": 0.00748463906348, "dvar": 0.00298075191677, "dmean": 0.0533026047051, "max": 0.985904872417, "var": 0.0149504896253, "mean": 0.516232430935}, "spectral_energyband_middle_high": {"dmean2": 0.00113933708053, "median": 0.000134036992677, "min": 1.83688703354e-13, "dvar2": 2.82421660813e-05, "dvar": 1.40391457535e-05, "dmean": 0.000825838185847, "max": 0.110984563828, "var": 3.78845143132e-05, "mean": 0.00206051208079}, "spectral_contrast_coeffs": {"dmean2": [0.0707734674215, 0.054279692471, 0.0433914735913, 0.0374661199749, 0.0229861065745, 0.0155615881085], "median": [-0.556651890278, -0.708185017109, -0.72607332468, -0.73903554678, -0.801826417446, -0.887005925179], "min": [-0.979882895947, -0.983585894108, -0.997816026211, -0.992638111115, -0.977986395359, -0.960863947868], "dvar2": [0.00319001427852, 0.00244498788379, 0.00172817416023, 0.00123942864593, 0.000508368480951, 0.000285143469227], "dvar": [0.00123532046564, 0.000935103103984, 0.000732206157409, 0.000524292234331, 0.000228435528697, 0.000128321436932], "dmean": [0.0425011068583, 0.0330947637558, 0.0268722698092, 0.023382730782, 0.0142810894176, 0.00945814326406], "max": [-0.226802885532, -0.380613744259, -0.378869116306, -0.463136315346, -0.590103030205, -0.683323562145], "var": [0.012549072504, 0.00673412624747, 0.00618455000222, 0.00514821661636, 0.00660350825638, 0.00139225227758], "mean": [-0.559398114681, -0.706049203873, -0.721250772476, -0.743291318417, -0.810581564903, -0.869409918785]}, "melbands_skewness": {"dmean2": 0.615430533886, "median": 1.28452789783, "min": -2.55302047729, "dvar2": 0.4988925457, "dvar": 0.205104500055, "dmean": 0.391796737909, "max": 17.874256134, "var": 1.93238997459, "mean": 1.48266613483}, "spectral_spread": {"dmean2": 420003.21875, "median": 1271926.875, "min": 458625.8125, "dvar2": 165636603904, "dvar": 67738419200, "dmean": 240297.828125, "max": 23450538, "var": 3693369884670.0, "mean": 1828276.125}, "dissonance": {"dmean2": 0.0683870688081, "median": 0.375947028399, "min": 0, "dvar2": 0.00391948921606, "dvar": 0.0014873862965, "dmean": 0.0403402522206, "max": 0.500000059605, "var": 0.0048271836713, "mean": 0.369632333517}, "spectral_skewness": {"dmean2": 1.32150149345, "median": 6.31482458115, "min": 1.16146159172, "dvar2": 1.59499502182, "dvar": 0.543571054935, "dmean": 0.765541493893, "max": 11.4063720703, "var": 3.21617555618, "mean": 6.1353521347}, "spectral_flux": {"dmean2": 0.0167080443352, "median": 0.0137565452605, "min": 0.000273292476777, "dvar2": 0.00103185349144, "dvar": 0.000421373813879, "dmean": 0.0103994915262, "max": 0.309201151133, "var": 0.00115112459753, "mean": 0.0270847827196}, "spectral_contrast_valleys": {"dmean2": [0.671904504299, 0.430436491966, 0.444308578968, 0.425956845284, 0.30847376585, 0.177161023021], "median": [-9.44577789307, -7.49333572388, -9.19721889496, -10.7013139725, -11.9470090866, -13.6635227203], "min": [-19.0579395294, -18.4392967224, -18.0417575836, -18.0763473511, -17.956993103, -19.1624069214], "dvar2": [0.27331340313, 0.146870553493, 0.189080879092, 0.216853544116, 0.1299764961, 0.030639519915], "dvar": [0.0986326932907, 0.0614636614919, 0.0805317610502, 0.090061917901, 0.0564056485891, 0.0146977398545], "dmean": [0.393333941698, 0.262612819672, 0.26908865571, 0.25678935647, 0.186739012599, 0.108370110393], "max": [-6.62050914764, -4.56890487671, -5.40542936325, -5.93309116364, -7.44750928879, -10.9172487259], "var": [0.682374894619, 1.96130383015, 2.61729454994, 2.66613721848, 1.2034406662, 0.163723960519], "mean": [-9.44131374359, -7.56728458405, -9.10321331024, -10.4865512848, -11.480755806, -13.5067071915]}, "erbbands_flatness_db": {"dmean2": 0.0178288090974, "median": 0.333997786045, "min": 0.0167008619756, "dvar2": 0.000343345862348, "dvar": 0.000158359893248, "dmean": 0.0117205446586, "max": 0.508196949959, "var": 0.00440164562315, "mean": 0.322858601809}, "spectral_energyband_high": {"dmean2": 1.81260065801e-06, "median": 1.42390916835e-07, "min": 1.1463801913e-12, "dvar2": 3.15617976199e-10, "dvar": 1.26699484237e-10, "dmean": 1.16548972073e-06, "max": 0.000457856542198, "var": 1.201595351e-10, "mean": 1.74299475475e-06}, "spectral_entropy": {"dmean2": 0.205321788788, "median": 5.61032390594, "min": 4.14515018463, "dvar2": 0.0570847317576, "dvar": 0.0230364240706, "dmean": 0.12840077281, "max": 9.37472057343, "var": 0.371256381273, "mean": 5.70512485504}, "silence_rate_20dB": {"dmean2": 0, "median": 1, "min": 1, "dvar2": 0, "dvar": 0, "dmean": 0, "max": 1, "var": 0, "mean": 1}, "melbands_flatness_db": {"dmean2": 0.0251405779272, "median": 0.423009812832, "min": 0.0357299558818, "dvar2": 0.000697485171258, "dvar": 0.000291428819764, "dmean": 0.0159746967256, "max": 0.589363515377, "var": 0.00356091978028, "mean": 0.417790591717}, "barkbands": {"dmean2": [2.26650172408e-07, 2.68749627139e-05, 5.29997960257e-05, 0.000310027040541, 0.00178001902532, 0.000630932452623, 0.00105878082104, 0.00107374181971, 0.00101578817703, 0.000577804399654, 0.000270545977401, 0.000296222249744, 0.0001789941889, 0.000170043262187, 4.98792869621e-05, 4.43085955339e-05, 1.21857419799e-05, 1.85663193406e-05, 2.2599795102e-06, 1.78369748483e-06, 6.40512837435e-07, 2.74939537803e-07, 5.73501139911e-08, 6.01809446721e-08, 1.5319859159e-08, 7.60300977731e-09, 1.68233498243e-08], "median": [7.34331280228e-08, 6.92779076417e-06, 8.36149320094e-06, 3.37218843924e-05, 0.000444908364443, 0.000221004753257, 0.000256303028436, 7.6003241702e-05, 0.00011063189595, 2.8503322028e-05, 1.22892579384e-05, 1.02370750028e-05, 8.73944463819e-06, 7.2548141361e-06, 9.39126834965e-07, 1.05384458493e-06, 2.63785807419e-07, 1.11550136239e-07, 2.54039882464e-08, 8.82766215682e-09, 6.91922474871e-09, 7.18276726985e-09, 8.6554461376e-09, 1.33640449818e-08, 1.91966726959e-08, 2.13389785841e-08, 7.40561105772e-08], "min": [7.03131197472e-15, 1.06215119436e-14, 7.19187723426e-