{"tonal": {"thpcp": [1, 0.797110378742, 0.454446256161, 0.342956572771, 0.293933838606, 0.537094533443, 0.825405657291, 0.669115424156, 0.688656032085, 0.869027554989, 0.540381550789, 0.252273768187, 0.234723135829, 0.214294627309, 0.354569613934, 0.476760774851, 0.314042329788, 0.239806368947, 0.31161993742, 0.322485685349, 0.618984162807, 0.910665512085, 0.689958393574, 0.678329885006, 0.934440732002, 0.711090564728, 0.551910996437, 0.693385243416, 0.64009565115, 0.754488050938, 0.901738584042, 0.614007890224, 0.385988950729, 0.424941629171, 0.439721137285, 0.672780692577], "hpcp": {"dmean2": [0.213768690825, 0.213169172406, 0.208738416433, 0.216846361756, 0.224007740617, 0.240020319819, 0.25273963809, 0.265682280064, 0.279139757156, 0.273190617561, 0.234946325421, 0.19369892776, 0.194161251187, 0.200489029288, 0.241114318371, 0.27768138051, 0.266237348318, 0.198325708508, 0.161167755723, 0.153110936284, 0.18322968483, 0.209507226944, 0.223732620478, 0.229874268174, 0.208410322666, 0.174563631415, 0.118903897703, 0.104529082775, 0.102231770754, 0.126946091652, 0.148303493857, 0.111772097647, 0.0931881517172, 0.116479381919, 0.146981060505, 0.194655999541], "median": [0.0894020199776, 0.0821371302009, 0.0707402974367, 0.0600146651268, 0.0426576472819, 0.0417015105486, 0.0423365831375, 0.0465893857181, 0.0670389905572, 0.0812600031495, 0.0549443699419, 0.031515032053, 0.031431119889, 0.034613724798, 0.0707028582692, 0.101903751493, 0.0767194405198, 0.0361117906868, 0.0206605866551, 0.0172213762999, 0.0386208295822, 0.0599542930722, 0.0584729276597, 0.067890740931, 0.0690187811852, 0.0463369041681, 0.0215315446258, 0.0163311213255, 0.0165352039039, 0.0285074170679, 0.0372324362397, 0.0285022277385, 0.0218108464032, 0.0216420814395, 0.0245559010655, 0.0561568029225], "min": [0, 0, 0, 0, 0, 0, 0, 0, 0, 0, 0, 0, 0, 0, 0, 0, 0, 0, 0, 0, 0, 0, 0, 0, 0, 0, 0, 0, 0, 0, 0, 0, 0, 0, 0, 0], "dvar2": [0.0870491936803, 0.08435793221, 0.0866119340062, 0.103707067668, 0.108416743577, 0.129373028874, 0.138582766056, 0.143488615751, 0.143815502524, 0.139396682382, 0.126446902752, 0.113183021545, 0.112194947898, 0.111816257238, 0.124839298427, 0.13912832737, 0.137061268091, 0.109718225896, 0.0945890620351, 0.0883634015918, 0.0853303894401, 0.0954698994756, 0.101718068123, 0.104191869497, 0.0916266441345, 0.0792219340801, 0.0606336630881, 0.0559207312763, 0.0528641529381, 0.0587738454342, 0.0731433033943, 0.0450400784612, 0.0340448319912, 0.0561007000506, 0.0769396200776, 0.0893522724509], "dvar": [0.037183649838, 0.0308531653136, 0.0317606255412, 0.0442363321781, 0.0414031669497, 0.0458000302315, 0.0540947765112, 0.0535418950021, 0.0547396726906, 0.054372921586, 0.0451490692794, 0.0396472103894, 0.0396462716162, 0.0400931574404, 0.0454175844789, 0.0542732365429, 0.0506734587252, 0.0401385426521, 0.0350376330316, 0.0318835824728, 0.0317545793951, 0.0403039641678, 0.0382195934653, 0.0388518534601, 0.0382728911936, 0.0294812899083, 0.0216683335602, 0.0203597825021, 0.0189426876605, 0.0222295019776, 0.028052167967, 0.0164144709706, 0.0124631952494, 0.0210377201438, 0.027691071853, 0.0339191369712], "dmean": [0.126499801874, 0.123801551759, 0.120658196509, 0.127089574933, 0.12862598896, 0.133392140269, 0.144090309739, 0.150088131428, 0.158438146114, 0.15863840282, 0.133188858628, 0.105895765126, 0.107120148838, 0.111702211201, 0.137361899018, 0.160656273365, 0.1515750736, 0.111699402332, 0.0901482030749, 0.0844616517425, 0.105927549303, 0.124449282885, 0.129558935761, 0.132024377584, 0.122415609658, 0.100525610149, 0.0663879141212, 0.0586323104799, 0.0569893121719, 0.0732940286398, 0.0856464207172, 0.064509421587, 0.0530667118728, 0.0656847134233, 0.081394046545, 0.112802602351], "max": [1, 1, 1, 1, 1, 1, 1, 1, 1, 1, 1, 1, 1, 1, 1, 1, 1, 1, 1, 1, 1, 1, 1, 1, 1, 1, 1, 1, 1, 1, 1, 1, 1, 1, 1, 1], "var": [0.0895060971379, 0.0452711544931, 0.0497086234391, 0.11043151468, 0.0697024464607, 0.0469351857901, 0.0770673006773, 0.0602766312659, 0.068698450923, 0.0889207571745, 0.0489105843008, 0.0303033236414, 0.037158921361, 0.0363342426717, 0.0511602461338, 0.0980791449547, 0.0704726651311, 0.0383637845516, 0.0322533510625, 0.0257936492562, 0.0453749410808, 0.087933152914, 0.0549568384886, 0.0563263222575, 0.0936774536967, 0.0398867912591, 0.0172679293901, 0.0180815197527, 0.0148708252236, 0.0269830394536, 0.0442033857107, 0.0184330958873, 0.0130684562027, 0.0292359367013, 0.0252096708864, 0.0493984520435], "mean": [0.22617714107, 0.171361297369, 0.168473184109, 0.23208206892, 0.176609769464, 0.137075200677, 0.172212392092, 0.158977150917, 0.187388181686, 0.223960012197, 0.15249787271, 0.0958660170436, 0.105540491641, 0.109211198986, 0.167094960809, 0.248364672065, 0.197974056005, 0.112868398428, 0.0851782932878, 0.0730027779937, 0.133395314217, 0.205001607537, 0.16618463397, 0.171037822962, 0.215835750103, 0.134211689234, 0.0626558884978, 0.0582969337702, 0.0532232150435, 0.088062569499, 0.118410535157, 0.0779970213771, 0.059559430927, 0.0773953869939, 0.0800940543413, 0.153733804822]}, "tuning_equal_tempered_deviation": 0.0189850926399, "chords_changes_rate": 0.052768971771, "key_key": "F", "tuning_diatonic_strength": 0.487446933985, "key_scale": "major", "chords_number_rate": 0.00242401636206, "tuning_frequency": 440.763122559, "tuning_nontempered_energy_ratio": 0.712640583515, "chords_histogram": [13.0151033401, 16.1663246155, 6.13462591171, 0.801790058613, 5.31418991089, 1.00689911842, 6.39567422867, 0.0186462793499, 4.51239967346, 0.708558619022, 5.76170063019, 0.410218149424, 0, 0.149170234799, 0.335633039474, 3.46820807457, 0, 0.0745851173997, 0.0186462793499, 0.391571879387, 1.4917024374, 3.76654863358, 20.3803844452, 9.67741966248], "key_strength": 0.608158767223, "chords_key": "A#", "chords_strength": {"dmean2": 0.00999894924462, "median": 0.504524230957, "min": -1, "dvar2": 0.000772539002355, "dvar": 0.000422700482886, "dmean": 0.0107711208984, "max": 0.756772577763, "var": 0.0168400071561, "mean": 0.497120887041}, "chords_scale": "major", "hpcp_entropy": {"dmean2": 1.05935168266, "median": 2.06042218208, "min": 0, "dvar2": 0.7621332407, "dvar": 0.287045329809, "dmean": 0.625610649586, "max": 4.57048940659, "var": 0.644765138626, "mean": 1.9913110733}}, "metadata": {"audio_properties": {"equal_loudness": 0, "codec": "mp3", "downmix": "mix", "sample_rate": 44100, "analysis_sample_rate": 44100, "bit_rate": 192000, "md5_encoded": "a424623aab228bbc6d35f19d6ed3ae61", "length": 248.999191284, "replay_gain": -16.0192375183, "lossless": false}, "version": {"essentia_build_sha": "70f2e5ece6736b2c40cc944ad0e695b16b925413", "essentia": "2.1-beta2", "extractor": "music 1.0", "essentia_git_sha": "v2.1_beta2"}, "tags": {"title": ["What We Did Wrong"], "artist": ["Duels"], "tracknumber": ["7"], "albumartist": ["Duels"], "date": ["2006"], "genre": ["Alternative"], "length": ["249026"], "album": ["The Bright Lights And What I Should Have Learned"], "label": ["Umvd Import"], "musicbrainz_recordingid": ["13570ba1-9a92-4b96-a018-e5cf3d22fc6b"], "file_name": "392404.mp3"}}, "rhythm": {"bpm_histogram_first_peak_bpm": {"dmean2": 0, "median": 172, "min": 172, "dvar2": 0, "dvar": 0, "dmean": 0, "max": 172, "var": 0, "mean": 172}, "bpm": 172.265289307, "bpm_histogram_second_peak_spread": {"dmean2": 0, "median": 0, "min": 0, "dvar2": 0, "dvar": 0, "dmean": 0, "max": 0, "var": 0, "mean": 0}, "bpm_histogram_first_peak_weight": {"dmean2": 0, "median": 0.53314524889, "min": 0.53314524889, "dvar2": 0, "dvar": 0, "dmean": 0, "max": 0.53314524889, "var": 0, "mean": 0.53314524889}, "onset_rate": 3.06814026833, "beats_position": [0.383129239082, 0.789478421211, 1.16099774837, 1.50929701328, 1.8575963974, 2.20589566231, 2.54258489609, 2.87927436829, 3.22757363319, 3.56426286697, 3.9125623703, 4.27247142792, 4.63238096237, 4.99229001999, 5.34058952332, 5.66566896439, 6.01396799088, 6.3622674942, 6.71056699753, 7.04725599289, 7.39555549622, 7.73224496841, 8.08054447174, 8.44045352936, 8.80036258698, 9.16027164459, 9.52018165588, 9.85687065125, 10.1935596466, 10.5418596268, 10.9017686844, 11.2384576797, 11.5867567062, 11.9350566864, 12.2833557129, 12.6316547394, 12.9799547195, 13.328253746, 13.6765527725, 14.0248527527, 14.3731517792, 14.7214508057, 15.0697498322, 15.4180498123, 15.7663488388, 16.114648819, 16.4629478455, 16.8112468719, 17.1595458984, 17.5078449249, 17.8561439514, 18.2044448853, 18.5527439117, 18.9126529694, 19.272562027, 19.6208610535, 19.96916008, 20.3174591064, 20.6657600403, 21.0140590668, 21.3507480621, 21.6874370575, 22.035736084, 22.3840351105, 22.7323360443, 23.0806350708, 23.4289340973, 23.7772331238, 24.1255321503, 24.4738311768, 24.8221302032, 25.1704311371, 25.5187301636, 25.8670291901, 26.2153282166, 26.563627243, 26.9119262695, 27.2602272034, 27.620136261, 27.9568252563, 28.3051242828, 28.6534233093, 29.0017223358, 29.3500213623, 29.6983222961, 30.0466213226, 30.3949203491, 30.7432193756, 31.1031284332, 31.4630374908, 31.8229465485, 32.1828575134, 32.5311546326, 32.8794555664, 33.2277526855, 33.5760536194, 33.935962677, 34.2726516724, 34.63256073, 34.9924697876, 35.3407707214, 35.6890678406, 36.0373687744, 36.3740577698, 36.7107467651, 37.059047699, 37.4073448181, 37.755645752, 38.1039466858, 38.4522438049, 38.8005447388, 39.1488418579, 39.4971427917, 39.8454399109, 40.2053489685, 40.5536499023, 40.9019508362, 41.2502479553, 41.5869369507, 41.9352378845, 42.2835350037, 42.6318359375, 42.9917449951, 43.340045929, 43.6883430481, 44.0250320435, 44.3849411011, 44.7448501587, 45.0815429688, 45.4182319641, 45.7665290833, 46.1148300171, 46.4631271362, 46.8114280701, 47.1597251892, 47.508026123, 47.8563270569, 48.204624176, 48.5529251099, 48.901222229, 49.2495231628, 49.5978240967, 49.9461212158, 50.2944221497, 50.631111145, 50.9678001404, 51.327709198, 51.6643981934, 52.0126991272, 52.3726081848, 52.7325172424, 53.0924263, 53.4523353577, 53.8006324768, 54.1489334106, 54.5088424683, 54.8687515259, 55.2170524597, 55.5653495789, 55.9136505127, 56.2503395081, 56.5986366272, 56.9353294373, 57.2836265564, 57.6319274902, 57.9802246094, 58.3285255432, 58.6768226624, 59.0251235962, 59.37342453, 59.7217216492, 60.070022583, 60.4183197021, 60.766620636, 61.1149177551, 61.463218689, 61.7999076843, 62.1365966797, 62.4848976135, 62.8215866089, 63.1582756042, 63.5065765381, 63.8548736572, 64.2031707764, 64.5514755249, 64.899772644, 65.2596817017, 65.6195907593, 65.9911117554, 66.3626327515, 66.7341461182, 67.1172790527, 67.4888000488, 67.871925354, 68.2434463501, 68.5801315308, 68.9168243408, 69.2419052124, 69.566986084, 69.9268951416, 70.2868041992, 70.6583175659, 71.029838562, 71.3897476196, 71.7612686157, 72.1327896118, 72.5043106079, 72.8758239746, 73.2357330322, 73.5956420898, 73.9555511475, 74.303855896, 74.6405410767, 74.9772338867, 75.3255310059, 75.673828125, 76.0221328735, 76.3588180542, 76.6955108643, 77.0438079834, 77.3921051025, 77.7404098511, 78.0887069702, 78.4253921509, 78.7620849609, 79.1103820801, 79.4586868286, 79.8069839478, 80.1552810669, 80.503578186, 80.8518829346, 81.2001800537, 81.5484771729, 81.8967819214, 82.2450790405, 82.5933761597, 82.9416732788, 83.2667541504, 83.6150588989, 83.9517440796, 84.2884368896, 84.6367340088, 84.9850311279, 85.3333282471, 85.6816329956, 86.0299301147, 86.3782272339, 86.7265319824, 87.0748291016, 87.4115142822, 87.7482070923, 88.0965042114, 88.44480896, 88.7814941406, 89.1181869507, 89.4548721313, 89.7915649414, 90.1398620605, 90.4881591797, 90.8364639282, 91.1847610474, 91.5330581665, 91.8813552856, 92.2180480957, 92.5547409058, 92.9030380249, 93.251335144, 93.5880279541, 93.9247131348, 94.2730178833, 94.5980911255, 94.946395874, 95.2946929932, 95.6429901123, 95.9796829224, 96.316368103, 96.6646728516, 97.0129699707, 97.3496551514, 97.6863479614, 98.0346450806, 98.3829498291, 98.7312469482, 99.0795440674, 99.4278411865, 99.7761459351, 100.124443054, 100.472740173, 100.797821045, 101.146118164, 101.471199036, 101.819496155, 102.167800903, 102.527709961, 102.87600708, 103.235916138, 103.584213257, 103.932518005, 104.280815125, 104.629112244, 104.977409363, 105.325714111, 105.67401123, 106.02230835, 106.370613098, 106.718910217, 107.067207336, 107.415504456, 107.752197266, 108.088890076, 108.437187195, 108.785484314, 109.133781433, 109.482086182, 109.830383301, 110.17868042, 110.526985168, 110.875282288, 111.211967468, 111.560272217, 111.908569336, 112.256866455, 112.593559265, 112.941856384, 113.290153503, 113.638458252, 113.986755371, 114.33505249, 114.683357239, 115.020042419, 115.356735229, 115.705032349, 116.053329468, 116.401634216, 116.738319397, 117.086616516, 117.423309326, 117.771606445, 118.119903564, 118.468208313, 118.804893494, 119.141586304, 119.478271484, 119.826576233, 120.163261414, 120.488342285, 120.836639404, 121.184944153, 121.533241272, 121.869926453, 122.206619263, 122.554916382, 122.90322113, 123.239906311, 123.576599121, 123.92489624, 124.273193359, 124.621498108, 124.969795227, 125.318092346, 125.666389465, 126.014694214, 126.351379395, 126.688072205, 127.036369324, 127.384666443, 127.721359253, 128.058044434, 128.406341553, 128.754638672, 129.091339111, 129.43963623, 129.776321411, 130.12461853, 130.472915649, 130.809616089, 131.14630127, 131.494598389, 131.842895508, 132.179595947, 132.516281128, 132.852966309, 133.189651489, 133.537963867, 133.874649048, 134.211334229, 134.548019409, 134.884719849, 135.221405029, 135.55809021, 135.894775391, 136.23147583, 136.556549072, 136.893234253, 137.229934692, 137.566619873, 137.903305054, 138.251602173, 138.599899292, 138.959823608, 139.308120728, 139.668029785, 140.085983276, 140.503936768, 140.933517456, 141.293426514, 141.66494751, 142.036453247, 142.407974243, 142.767883301, 143.127792358, 143.487701416, 143.859222412, 144.21913147, 144.567428589, 144.915740967, 145.252426147, 145.589111328, 145.925796509, 146.262496948, 146.610794067, 146.959091187, 147.295776367, 147.632461548, 147.969161987, 148.305847168, 148.642532349, 148.979232788, 149.327529907, 149.675827026, 150.012512207, 150.349197388, 150.697509766, 151.045806885, 151.394104004, 151.742401123, 152.090698242, 152.438995361, 152.775695801, 153.112380981, 153.460678101, 153.80897522, 154.157272339, 154.505569458, 154.842269897, 155.178955078, 155.527252197, 155.875549316, 156.223846436, 156.572158813, 156.920455933, 157.268753052, 157.617050171, 157.953735352, 158.290420532, 158.63873291, 158.987030029, 159.32371521, 159.660400391, 160.00869751, 160.345397949, 160.68208313, 161.030380249, 161.378677368, 161.726974487, 162.075286865, 162.423583984, 162.771881104, 163.120178223, 163.468475342, 163.805160522, 164.141860962, 164.490158081, 164.826843262, 165.163528442, 165.51184082, 165.860137939, 166.208435059, 166.568344116, 166.928253174, 167.276550293, 167.636459351, 167.996368408, 168.344665527, 168.704574585, 169.064483643, 169.412780762, 169.761077881, 170.121002197, 170.480911255, 170.829208374, 171.177505493, 171.549026489, 171.908935547, 172.268844604, 172.617141724, 172.965438843, 173.3253479, 173.685256958, 174.033554077, 174.381851196, 174.730148315, 175.078460693, 175.426757812, 175.775054932, 176.123352051, 176.47164917, 176.819946289, 177.168243408, 177.516555786, 177.864852905, 178.213150024, 178.561447144, 178.909744263, 179.258041382, 179.606338501, 179.954650879, 180.302947998, 180.651245117, 180.987930298, 181.336227417, 181.672927856, 182.009613037, 182.346298218, 182.694595337, 183.042892456, 183.391204834, 183.739501953, 184.087799072, 184.436096191, 184.772781372, 185.109481812, 185.457778931, 185.80607605, 186.154373169, 186.49105835, 186.839355469, 187.176055908, 187.524353027, 187.872650146, 188.220947266, 188.569244385, 188.905944824, 189.242630005, 189.579315186, 189.916000366, 190.264297485, 190.612609863, 190.949295044, 191.285980225, 191.622665405, 191.959365845, 192.296051025, 192.632736206, 192.969436646, 193.306121826, 193.642807007, 193.979492188, 194.327789307, 194.676101685, 195.024398804, 195.372695923, 195.709381104, 196.046066284, 196.382766724, 196.719451904, 197.067749023, 197.404434204, 197.741134644, 198.089431763, 198.426116943, 198.774414062, 199.122711182, 199.459411621, 199.80770874, 200.144393921, 200.481079102, 200.829391479, 201.177688599, 201.525985718, 201.862670898, 202.199356079, 202.547653198, 202.895965576, 203.244262695, 203.580947876, 203.917633057, 204.242721558, 204.591018677, 204.939315796, 205.287612915, 205.635910034, 205.984207153, 206.320907593, 206.669204712, 207.005889893, 207.354187012, 207.690887451, 208.027572632, 208.375869751, 208.72416687, 209.060852051, 209.39755249, 209.745849609, 210.094146729, 210.430831909, 210.779129028, 211.115829468, 211.452514648, 211.789199829, 212.12588501, 212.462585449, 212.79927063, 213.135955811, 213.48425293, 213.820953369, 214.15763855, 214.482711792, 214.807800293, 215.132873535, 215.457962036, 215.794647217, 216.131332397, 216.479629517, 216.827926636, 217.164627075, 217.501312256, 217.849609375, 218.197906494, 218.534591675, 218.882904053, 219.219589233, 219.556274414, 219.892959595, 220.241271973, 220.589569092, 220.926254272, 221.262939453, 221.599639893, 221.936325073, 222.284622192, 222.632919312, 222.969604492, 223.306304932, 223.642990112, 223.979675293, 224.316360474, 224.653060913, 225.001358032, 225.349655151, 225.686340332, 226.023040771, 226.359725952, 226.696411133, 227.044708252, 227.393005371, 227.741317749, 228.089614868, 228.426300049, 228.762985229, 229.111282349, 229.447982788, 229.784667969, 230.132965088, 230.469650269, 230.806350708, 231.143035889, 231.479721069, 231.828018188, 232.176315308, 232.513015747, 232.849700928, 233.186386108, 233.523086548, 233.859771729, 234.196456909, 234.544754028, 234.869842529, 235.218139648, 235.554824829, 235.89151001, 236.228210449, 236.56489563, 236.913192749, 237.284713745, 237.656234741, 238.027755737, 238.399276733, 238.782394409, 239.258407593, 239.734420776, 240.198822021, 240.663208008, 241.15083313, 241.638458252, 242.126068115, 242.625305176, 243.124526978, 243.623764038, 244.041717529, 244.459671021, 244.877639771, 245.318817139, 245.759994507, 246.201171875, 246.653961182, 247.09513855, 247.536315918, 247.977508545, 248.418685913], "beats_loudness": {"dmean2": 0.0697710514069, "median": 0.0557934083045, "min": 6.36833155654e-11, "dvar2": 0.00285496679135, "dvar": 0.000917881377973, "dmean": 0.0365356467664, "max": 0.150044903159, "var": 0.00107914186083, "mean": 0.0596465468407}, "danceability": 1.14259850979, "bpm_histogram_second_peak_weight": {"dmean2": 0, "median": 0.294781386852, "min": 0.294781386852, "dvar2": 0, "dvar": 0, "dmean": 0, "max": 0.294781386852, "var": 0, "mean": 0.294781386852}, "beats_count": 710, "bpm_histogram_second_peak_bpm": {"dmean2": 0, "median": 178, "min": 178, "dvar2": 0, "dvar": 0, "dmean": 0, "max": 178, "var": 0, "mean": 178}, "bpm_histogram_first_peak_spread": {"dmean2": 0, "median": 0, "min": 0, "dvar2": 0, "dvar": 0, "dmean": 0, "max": 0, "var": 0, "mean": 0}, "beats_loudness_band_ratio": {"dmean2": [0.510181963444, 0.163757115602, 0.161095440388, 0.131716638803, 0.124036356807, 0.112956829369], "median": [0.659708380699, 0.0672132968903, 0.056066326797, 0.0537356734276, 0.0551076941192, 0.0330434963107], "min": [0, 0, 0, 0, 0, 0], "dvar2": [0.198902726173, 0.0393038094044, 0.0356119200587, 0.0209995880723, 0.0185206159949, 0.0403018891811], "dvar": [0.0595955140889, 0.0133077232167, 0.0121835526079, 0.00671593379229, 0.0055405725725, 0.0123008657247], "dmean": [0.27599978447, 0.0934852287173, 0.0887257680297, 0.0713005363941, 0.0689849257469, 0.0624221116304], "max": [0.97823870182, 0.928820252419, 0.722204148769, 0.461198627949, 0.525333106518, 0.825223088264], "var": [0.0744561627507, 0.0178312081844, 0.0119809852913, 0.00738195562735, 0.00605693273246, 0.00813784822822], "mean": [0.592436432838, 0.111546419561, 0.0933279842138, 0.0838392600417, 0.0806922838092, 0.0578724890947]}}, "lowlevel": {"barkbands_spread": {"dmean2": 9.40546417236, "median": 26.8553581238, "min": 1.28204858303, "dvar2": 132.834060669, "dvar": 63.8114433289, "dmean": 6.16327571869, "max": 158.94152832, "var": 287.599914551, "mean": 28.8752994537}, "melbands_spread": {"dmean2": 12.6656646729, "median": 27.8794136047, "min": 0.953739345074, "dvar2": 246.686767578, "dvar": 127.096305847, "dmean": 8.35373973846, "max": 234.73008728, "var": 525.099487305, "mean": 31.6491584778}, "hfc": {"dmean2": 9.9393901825, "median": 28.3493251801, "min": 1.11982467248e-16, "dvar2": 205.710083008, "dvar": 100.63999176, "dmean": 6.51027345657, "max": 159.697662354, "var": 425.158355713, "mean": 30.2477760315}, "barkbands_kurtosis": {"dmean2": 3.4908952713, "median": 0.174835205078, "min": -1.98023378849, "dvar2": 55.2062339783, "dvar": 25.0029411316, "dmean": 2.24268460274, "max": 127.81477356, "var": 47.3450012207, "mean": 2.48623156548}, "gfcc": {"mean": [15.4003171921, 91.914932251, -127.857543945, 40.6230354309, -51.4739227295, 14.7824325562, -32.4055099487, 8.83427619934, -23.5294742584, -0.514948964119, -15.3218317032, 0.407068312168, -7.14600372314], "icov": [[0.000118635034596, -0.000203890711418, 0.000146269769175, -0.000298855768051, 0.000193500658497, -0.000297880236758, 0.000361464713933, -0.000291590491543, 0.000351872411557, -0.000375672185328, 0.000391282810597, -0.000343687454006, 0.000387166044675], [-0.000203890711418, 0.00186927244067, 0.000213340099435, 0.000839011394419, -0.00144455290865, 0.00125669839326, -0.000914542877581, 0.000550498079974, -0.00152730790433, 0.00204853550531, -0.00208619935438, 0.00212383083999, -0.000983014469966], [0.000146269769175, 0.000213340099435, 0.00197739922442, -0.000416292547015, -0.000609052600339, -0.00072268146323, 0.000972884590738, -0.00131079507992, 0.000356455391739, -0.000990422093309, 0.000297296617646, 0.000221160546062, 0.00103507039603], [-0.000298855768051, 0.000839011394419, -0.000416292547015, 0.00336803705432, -0.00028160130023, 0.000227215801715, -0.00236960803159, 0.00108176562935, -0.000938839744776, 0.00108395342249, -0.00097976368852, 0.00258413585834, -0.00197584880516], [0.000193500658497, -0.00144455290865, -0.000609052600339, -0.00028160130023, 0.00459732254967, -0.00089463731274, -0.000485270458739, -0.000129886029754, -0.000504670431837, -0.000706329010427, 0.00253267772496, -0.00313344458118, 0.00177489756607], [-0.000297880236758, 0.00125669839326, -0.00072268146323, 0.000227215801715, -0.00089463731274, 0.00649518892169, -0.00155290483963, -0.00148415146396, -0.000539248809218, 0.00212494726293, -0.00152375549078, 0.000611855939496, -3.16508157994e-05], [0.000361464713933, -0.000914542877581, 0.000972884590738, -0.00236960803159, -0.000485270458739, -0.00155290483963, 0.00695450790226, -0.000988758169115, 0.000451855390565, -0.00198140111752, 0.000791009399109, -0.0011218583677, 0.000964886276051], [-0.000291590491543, 0.000550498079974, -0.00131079507992, 0.00108176562935, -0.000129886029754, -0.00148415146396, -0.000988758169115, 0.012153852731, -0.00498763471842, 0.000310776027618, 0.000825688941404, 0.000384079437936, -0.00174713821616], [0.000351872411557, -0.00152730790433, 0.000356455391739, -0.000938839744776, -0.000504670431837, -0.000539248809218, 0.000451855390565, -0.00498763471842, 0.0147491870448, -0.00296994298697, -0.00218016654253, 0.000667671614792, -0.000632269482594], [-0.000375672185328, 0.00204853550531, -0.000990422093309, 0.00108395342249, -0.000706329010427, 0.00212494726293, -0.00198140111752, 0.000310776027618, -0.00296994298697, 0.0133377481252, -0.00505203008652, -0.00146178586874, 0.00128748372663], [0.000391282810597, -0.00208619935438, 0.000297296617646, -0.00097976368852, 0.00253267772496, -0.00152375549078, 0.000791009399109, 0.000825688941404, -0.00218016654253, -0.00505203008652, 0.0151097336784, -0.00289373937994, -0.00328229693696], [-0.000343687454006, 0.00212383083999, 0.000221160546062, 0.00258413585834, -0.00313344458118, 0.000611855939496, -0.0011218583677, 0.000384079437936, 0.000667671614792, -0.00146178586874, -0.00289373937994, 0.0172447934747, -0.00553427822888], [0.000387166044675, -0.000983014469966, 0.00103507039603, -0.00197584880516, 0.00177489756607, -3.16508157994e-05, 0.000964886276051, -0.00174713821616, -0.000632269482594, 0.00128748372663, -0.00328229693696, -0.00553427822888, 0.0181154645979]], "cov": [[17747.5605469, -340.462219238, -442.417022705, 766.172912598, -497.001434326, 529.083984375, -402.087036133, 179.671646118, -377.715393066, 80.4274139404, -387.825744629, 11.7980823517, -286.133300781], [-340.462219238, 1570.4173584, -417.487182617, -89.3430328369, 242.746856689, -214.070587158, 121.767028809, -58.607334137, 152.255752563, -139.112380981, 139.477432251, -87.8670806885, 83.9361877441], [-442.417022705, -417.487182617, 841.346435547, 2.72807097435, 100.588050842, 138.380844116, -57.3451423645, 101.304374695, -6.05824708939, 71.278793335, -57.6310501099, 13.0880432129, -69.4836730957], [766.172912598, -89.3430328369, 2.72807097435, 518.350585938, -44.3934707642, 65.7602005005, 123.522941589, 0.470253050327, 4.82684993744, -6.13480710983, 2.71249842644, -47.7765922546, 19.5883903503], [-497.001434326, 242.746856689, 100.588050842, -44.3934707642, 374.143005371, 12.7487459183, 64.3989715576, 18.3270301819, 43.0917930603, -6.46383905411, -19.478433609, 25.3148403168, -18.9247970581], [529.083984375, -214.070587158, 138.380844116, 65.7602005005, 12.7487459183, 242.140075684, 20.780216217, 56.8443908691, -9.70007514954, 7.76991891861, -25.8527050018, 8.36480236053, -23.1282329559], [-402.087036133, 121.767028809, -57.3451423645, 123.522941589, 64.3989715576, 20.780216217, 233.7003479, 4.94049453735, 34.5380554199, 4.98174858093, 24.3676357269, -6.05833530426, 17.1214179993], [179.671646118, -58.607334137, 101.304374695, 0.470253050327, 18.3270301819, 56.8443908691, 4.94049453735, 120.432151794, 32.2146453857, 16.4361038208, -8.12103366852, 6.30077552795, -2.69193959236], [-377.715393066, 152.255752563, -6.05824708939, 4.82684993744, 43.0917930603, -9.70007514954, 34.5380554199, 32.2146453857, 114.352500916, 12.6862916946, 44.2819252014, -5.5522480011, 23.6521987915], [80.4274139404, -139.112380981, 71.278793335, -6.13480710983, -6.46383905411, 7.76991891861, 4.98174858093, 16.4361038208, 12.6862916946, 118.484474182, 22.9240474701, 28.3334960938, -7.21135568619], [-387.825744629, 139.477432251, -57.6310501099, 2.71249842644, -19.478433609, -25.8527050018, 24.3676357269, -8.12103366852, 44.2819252014, 22.9240474701, 122.074180603, 9.45175457001, 44.1502609253], [11.7980823517, -87.8670806885, 13.0880432129, -47.7765922546, 25.3148403168, 8.36480236053, -6.05833530426, 6.30077552795, -5.5522480011, 28.3334960938, 9.45175457001, 88.5108108521, 14.0308914185], [-286.133300781, 83.9361877441, -69.4836730957, 19.5883903503, -18.9247970581, -23.1282329559, 17.1214179993, -2.69193959236, 23.6521987915, -7.21135568619, 44.1502609253, 14.0308914185, 86.2442169189]]}, "spectral_energyband_middle_low": {"dmean2": 0.00692670186982, "median": 0.00923814997077, "min": 4.71498401762e-22, "dvar2": 0.000141801603604, "dvar": 5.5691896705e-05, "dmean": 0.00426881201565, "max": 0.0997980982065, "var": 7.83087671152e-05, "mean": 0.0110461646691}, "melbands_crest": {"dmean2": 4.86597204208, "median": 13.5401477814, "min": 2.5251762867, "dvar2": 21.0148220062, "dvar": 8.77665328979, "dmean": 2.99075436592, "max": 37.723815918, "var": 31.7736358643, "mean": 14.2572498322}, "spectral_kurtosis": {"dmean2": 2.52746605873, "median": 3.43016147614, "min": -1.23795425892, "dvar2": 9.60823822021, "dvar": 3.64342069626, "dmean": 1.5160087347, "max": 30.8973922729, "var": 10.0297584534, "mean": 4.16635227203}, "spectral_rms": {"dmean2": 0.00112792395521, "median": 0.0056404331699, "min": 3.24151643027e-12, "dvar2": 2.06561867344e-06, "dvar": 1.07331231902e-06, "dmean": 0.000757493951824, "max": 0.0127370357513, "var": 4.56024872619e-06, "mean": 0.00558078987524}, "zerocrossingrate": {"dmean2": 0.0131783112884, "median": 0.06396484375, "min": 0.00537109375, "dvar2": 0.000263355323114, "dvar": 0.000250183336902, "dmean": 0.0115310233086, "max": 0.4814453125, "var": 0.00204878719524, "mean": 0.0706573724747}, "silence_rate_60dB": {"dmean2": 0.0145481675863, "median": 0, "min": 0, "dvar2": 0.0162035562098, "dvar": 0.00722099794075, "dmean": 0.00727340532467, "max": 1, "var": 0.0463887192309, "mean": 0.0487645678222}, "erbbands_kurtosis": {"dmean2": 1.02808725834, "median": -0.224153518677, "min": -1.70443665981, "dvar2": 1.86700463295, "dvar": 0.743739664555, "dmean": 0.641752839088, "max": 21.7006034851, "var": 2.07621955872, "mean": 0.124712370336}, "erbbands": {"dmean2": [0.226530686021, 2.51861405373, 6.40113973618, 8.64932155609, 9.19972324371, 10.3378610611, 12.4225568771, 15.759267807, 14.2286863327, 15.3744392395, 18.359588623, 30.0367431641, 22.4508628845, 35.6835479736, 35.8305015564, 30.3331222534, 34.1624641418, 19.5118103027, 30.0076828003, 28.1686496735, 42.6156349182, 36.6730194092, 22.1557006836, 15.044470787, 25.1901378632, 16.0777301788, 13.4130973816, 9.45087242126, 8.82325649261, 5.9970703125, 4.42586231232, 3.27736997604, 3.44412970543, 2.1152048111, 0.721272885799, 0.241514161229, 0.0884957686067, 0.0216953717172, 0.00185663963202, 6.17113691987e-05], "median": [0.0530074350536, 0.983043909073, 3.39309406281, 5.05592632294, 4.37561130524, 6.10812950134, 7.41151809692, 7.98193407059, 8.54069232941, 7.42422056198, 9.25365161896, 14.8908376694, 14.5165672302, 18.2361526489, 24.4882450104, 18.8507347107, 19.4278850555, 15.634935379, 21.4323482513, 20.8808746338, 31.6826210022, 30.891582489, 21.3497161865, 16.9783973694, 21.6092815399, 15.7960500717, 10.9606389999, 8.72389030457, 7.21950721741, 3.61326384544, 2.06707787514, 1.22838246822, 0.872316896915, 0.425277680159, 0.152133971453, 0.0379775725305, 0.0090809604153, 0.00135778181721, 6.13280499238e-05, 4.75564374938e-05], "min": [3.83468365741e-22, 2.61776208634e-21, 8.29017050448e-21, 2.08700835098e-20, 5.67756739176e-20, 2.55528938367e-19, 1.15966909094e-19, 7.54050763669e-19, 4.8853431734e-19, 2.45523149712e-18, 2.79941328499e-18, 2.16964263435e-18, 2.57584539057e-18, 2.98336398436e-18, 5.96669239995e-18, 2.72646277921e-18, 3.64313502826e-18, 5.5882407261e-18, 1.0779773075e-17, 8.71444949646e-18, 1.15943491094e-17, 2.40322900947e-17, 1.49724256909e-17, 1.12551355751e-17, 1.1048363583e-17, 1.51150630614e-17, 1.38863226574e-17, 1.60549751565e-17, 2.58711738078e-17, 2.110662506e-17, 1.87239180707e-17, 2.18652290911e-17, 1.42804262428e-17, 1.08717067555e-17, 9.20075146012e-18, 5.61348503762e-18, 3.09151888343e-18, 1.1814370467e-18, 3.17719633842e-19, 2.91714613422e-20], "dvar2": [0.241219937801, 28.4361763, 193.940170288, 330.891845703, 468.304443359, 305.554290771, 447.809051514, 808.364929199, 737.124694824, 1128.96704102, 1850.68530273, 3044.38842773, 2358.11889648, 4667.05859375, 3915.32568359, 2788.55810547, 3570.30371094, 839.076721191, 2502.83789062, 2652.82958984, 4860.68945312, 3901.62304688, 1244.97766113, 653.608581543, 1756.79492188, 620.198974609, 531.290710449, 255.453643799, 254.322509766, 221.868606567, 152.236816406, 92.9948120117, 123.675804138, 43.7956008911, 4.19392633438, 0.38669025898, 0.0723209306598, 0.00326252519153, 5.60415246582e-05, 5.49004148809e-08], "dvar": [0.112291902304, 13.8767232895, 68.6259078979, 130.089614868, 167.288299561, 111.954544067, 179.172271729, 354.134307861, 296.149169922, 476.374450684, 747.13873291, 1361.03881836, 1036.51635742, 1904.06958008, 1469.37353516, 1124.78186035, 1301.6550293, 334.392242432, 960.995422363, 995.854370117, 1844.04882812, 1524.39013672, 555.925476074, 262.686706543, 682.710388184, 246.397689819, 226.648284912, 107.574043274, 105.309432983, 97.9167861938, 76.196762085, 47.0154075623, 61.6023101807, 21.0869274139, 1.924736619, 0.162283495069, 0.0276758726686, 0.00138626142871, 2.41038960667e-05, 2.11515089887e-08], "dmean": [0.142930284142, 1.62062418461, 3.72542119026, 5.22103214264, 5.34431552887, 6.03775978088, 7.59553194046, 9.81026172638, 8.78893470764, 9.67605781555, 11.4857444763, 19.4179954529, 14.3574514389, 22.3192157745, 21.8809890747, 18.8393821716, 20.6413269043, 12.0411787033, 17.9948787689, 17.2267799377, 26.0571289062, 22.7274360657, 13.8754796982, 9.18133449554, 15.3377809525, 9.94224643707, 8.34998035431, 5.83870601654, 5.54052066803, 3.84083461761, 2.91135644913, 2.17509436607, 2.2781393528, 1.38453602791, 0.47149682045, 0.156645908952, 0.0561087802052, 0.0139443678781, 0.00113654194865, 3.87756626878e-05], "max": [3.47537016869, 35.0354499817, 91.1967315674, 144.283966064, 172.773910522, 134.199203491, 264.561981201, 398.639526367, 332.87878418, 432.71774292, 717.537109375, 708.301513672, 718.412597656, 1079.27416992, 834.879760742, 806.680541992, 636.509765625, 399.991638184, 1180.57763672, 679.177490234, 763.156982422, 965.80291748, 925.20715332, 819.48828125, 547.851013184, 432.844726562, 336.807891846, 286.003997803, 251.418060303, 239.177368164, 236.606933594, 151.255096436, 148.037002563, 84.0324554443, 29.4702091217, 7.4936914444, 4.60348701477, 1.28218638897, 0.264365196228, 0.00500157568604], "var": [0.190483570099, 22.4482860565, 74.1123275757, 142.485412598, 142.837463379, 142.407699585, 348.441497803, 1057.66088867, 571.27154541, 834.178833008, 1243.74401855, 4008.92871094, 2292.40869141, 6263.92089844, 3242.12036133, 2558.9921875, 2960.11669922, 1011.5657959, 2969.91162109, 2173.69555664, 4794.28222656, 4419.16650391, 1562.109375, 791.862670898, 1988.46398926, 920.673400879, 654.13269043, 287.862060547, 295.768005371, 220.540374756, 178.525039673, 97.9160003662, 115.30683136, 34.8677787781, 2.90923333168, 0.214025765657, 0.026531919837, 0.00168547022622, 2.82467026409e-05, 1.94792093566e-08], "mean": [0.217950478196, 2.58498287201, 6.30857133865, 8.32427501678, 7.71068096161, 9.776263237, 13.2375192642, 18.4110145569, 15.3850440979, 16.6185665131, 20.0282554626, 36.3782691956, 28.3227977753, 46.427696228, 42.8130226135, 36.8184318542, 39.4468345642, 25.9589424133, 35.6992797852, 36.499370575, 55.613571167, 50.516708374, 31.2723045349, 23.2130203247, 35.7687950134, 25.2222118378, 19.4558525085, 13.9218397141, 12.8953762054, 7.72298431396, 5.35254383087, 3.66793084145, 3.42846226692, 1.9417873621, 0.657680332661, 0.205972895026, 0.0661177933216, 0.0155572909862, 0.00106804980896, 7.22115801182e-05]}, "spectral_strongpeak": {"dmean2": 0.888426065445, "median": 0.483418256044, "min": 0, "dvar2": 2.33467841148, "dvar": 0.893899202347, "dmean": 0.508340477943, "max": 12.8928194046, "var": 1.21020793915, "mean": 0.866259276867}, "spectral_energy": {"dmean2": 0.0158728975803, "median": 0.0326098464429, "min": 1.07701145265e-20, "dvar2": 0.000605256005656, "dvar": 0.000290556316031, "dmean": 0.0104478588328, "max": 0.166287884116, "var": 0.000684488739353, "mean": 0.0365980230272}, "average_loudness": 0.927495539188, "spectral_rolloff": {"dmean2": 935.508972168, "median": 1679.58984375, "min": 21.533203125, "dvar2": 2365340.25, "dvar": 1143109.875, "dmean": 581.133972168, "max": 18453.9550781, "var": 3652828.75, "mean": 1994.63012695}, "spectral_centroid": {"dmean2": 374.900634766, "median": 1670.92456055, "min": 259.532592773, "dvar2": 165881.53125, "dvar": 87332.46875, "dmean": 247.705551147, "max": 10896.6835938, "var": 563051.25, "mean": 1715.44165039}, "pitch_salience": {"dmean2": 0.111961610615, "median": 0.541634917259, "min": 0.112111978233, "dvar2": 0.0114923911169, "dvar": 0.00471450993791, "dmean": 0.0692202225327, "max": 0.889183044434, "var": 0.0128034353256, "mean": 0.529262065887}, "spectral_energyband_middle_high": {"dmean2": 0.00298526696861, "median": 0.00684909056872, "min": 1.90202528013e-21, "dvar2": 1.31567912831e-05, "dvar": 5.25284985997e-06, "dmean": 0.00187384232413, "max": 0.041273701936, "var": 4.14433343394e-05, "mean": 0.0082546742633}, "spectral_contrast_coeffs": {"dmean2": [0.0820341557264, 0.0763930529356, 0.0587717108428, 0.0474671982229, 0.0353198610246, 0.0321853905916], "median": [-0.651479542255, -0.734436392784, -0.765037536621, -0.771499633789, -0.772056698799, -0.734096765518], "min": [-0.974094986916, -0.959797620773, -0.9626968503, -0.958993911743, -0.960480034351, -0.961133360863], "dvar2": [0.0046127573587, 0.0037482092157, 0.00215763202868, 0.0014200839214, 0.000824246031698, 0.000991607783362], "dvar": [0.00170003052335, 0.00140230660327, 0.000823881477118, 0.00052605412202, 0.000334702635882, 0.0004264980671], "dmean": [0.0490661524236, 0.0462118759751, 0.0357482358813, 0.0287637729198, 0.021716022864, 0.0208910871297], "max": [-0.298612743616, -0.394219905138, -0.561842262745, -0.576437830925, -0.610103070736, -0.574142932892], "var": [0.00641506537795, 0.00542759755626, 0.00326855969615, 0.00221138657071, 0.0016443033237, 0.00316230161116], "mean": [-0.649293482304, -0.727490603924, -0.760787189007, -0.768494129181, -0.771358430386, -0.735287666321]}, "melbands_skewness": {"dmean2": 1.08560502529, "median": 2.1679930687, "min": -0.794882595539, "dvar2": 1.64934670925, "dvar": 0.824252963066, "dmean": 0.710414946079, "max": 18.4077224731, "var": 2.87869381905, "mean": 2.50865483284}, "spectral_spread": {"dmean2": 787516.1875, "median": 3974908.25, "min": 1488766.375, "dvar2": 1206341861380.0, "dvar": 705664516096, "dmean": 557088.25, "max": 42042848, "var": 2672830709760.0, "mean": 4254603.5}, "dissonance": {"dmean2": 0.0215348601341, "median": 0.480315685272, "min": 0.333700329065, "dvar2": 0.000441068026703, "dvar": 0.000160496536409, "dmean": 0.0127750299871, "max": 0.499998569489, "var": 0.000414677197114, "mean": 0.474934667349}, "spectral_skewness": {"dmean2": 0.333168745041, "median": 1.33600950241, "min": -0.00515188556165, "dvar2": 0.107846140862, "dvar": 0.0457307547331, "dmean": 0.208977907896, "max": 4.15683555603, "var": 0.278808534145, "mean": 1.33841478825}, "spectral_flux": {"dmean2": 0.0428185835481, "median": 0.0852229818702, "min": 1.03779158878e-10, "dvar2": 0.00303449155763, "dvar": 0.00133595161606, "dmean": 0.0271338149905, "max": 0.343692064285, "var": 0.00274933082983, "mean": 0.0924225524068}, "spectral_contrast_valleys": {"dmean2": [0.639869451523, 0.555695652962, 0.439464449883, 0.387040317059, 0.318895757198, 0.429242789745], "median": [-6.77428770065, -6.57585525513, -6.80659723282, -7.20672702789, -6.86956787109, -9.79469394684], "min": [-26.7177791595, -27.4626312256, -27.307182312, -27.2153282166, -27.3133964539, -27.250995636], "dvar2": [0.284659981728, 0.213830962777, 0.133822485805, 0.114958778024, 0.115567199886, 0.327884942293], "dvar": [0.125626474619, 0.0929804369807, 0.0617187581956, 0.0575722083449, 0.0656602233648, 0.199427187443], "dmean": [0.392626583576, 0.337401300669, 0.267010629177, 0.240963131189, 0.208483055234, 0.327818572521], "max": [-4.98295116425, -4.93635463715, -5.43041372299, -5.49249458313, -5.29491710663, -7.32782411575], "var": [2.32617402077, 1.75521433353, 1.65769469738, 1.69909512997, 1.77860689163, 2.27290654182], "mean": [-7.12285327911, -6.78789043427, -7.03901958466, -7.44813966751, -7.19518375397, -10.117102623]}, "erbbands_flatness_db": {"dmean2": 0.0232425928116, "median": 0.148976936936, "min": 0.0337560623884, "dvar2": 0.000548775598872, "dvar": 0.000305622321321, "dmean": 0.0165151767433, "max": 0.321736752987, "var": 0.00191239151172, "mean": 0.152805909514}, "spectral_energyband_high": {"dmean2": 0.000883643166162, "median": 0.000970780791249, "min": 7.43920441035e-21, "dvar2": 2.83216013486e-06, "dvar": 1.48233084474e-06, "dmean": 0.000587253947742, "max": 0.0196944102645, "var": 4.41934389528e-06, "mean": 0.00155922910199}, "spectral_entropy": {"dmean2": 0.1832870543, "median": 7.75531578064, "min": 5.79916524887, "dvar2": 0.0431026257575, "dvar": 0.022647049278, "dmean": 0.12514513731, "max": 9.79853057861, "var": 0.143340736628, "mean": 7.70138931274}, "silence_rate_20dB": {"dmean2": 0, "median": 1, "min": 1, "dvar2": 0, "dvar": 0, "dmean": 0, "max": 1, "var": 0, "mean": 1}, "melbands_flatness_db": {"dmean2": 