{"tonal": {"thpcp": [1, 0.504480063915, 0.063460893929, 0.0332913585007, 0.035917147994, 0.125512674451, 0.218839764595, 0.148840725422, 0.0588262751698, 0.0502275601029, 0.0750152766705, 0.184426814318, 0.283402919769, 0.243593320251, 0.325537115335, 0.366072684526, 0.171849697828, 0.0617863833904, 0.0629488006234, 0.148908570409, 0.578081667423, 0.825634479523, 0.413310140371, 0.0835295990109, 0.0590868964791, 0.0942886397243, 0.262729912996, 0.32614761591, 0.166483774781, 0.060670170933, 0.038744956255, 0.0356213748455, 0.0667639523745, 0.111170500517, 0.150109097362, 0.626903951168], "hpcp": {"dmean2": [0.113579511642, 0.108693011105, 0.0640864595771, 0.042138081044, 0.0424188114703, 0.0533581934869, 0.0718334317207, 0.110848866403, 0.183932706714, 0.174389839172, 0.153080388904, 0.0673128738999, 0.0416034571826, 0.0415118299425, 0.0650305151939, 0.0791299492121, 0.0775595977902, 0.0628961771727, 0.0608076825738, 0.07822483778, 0.110913984478, 0.119283974171, 0.147057071328, 0.173612967134, 0.147178545594, 0.116259075701, 0.0762157589197, 0.0783306658268, 0.1278360039, 0.19854927063, 0.199176862836, 0.173933431506, 0.0940237492323, 0.0772959515452, 0.0973903238773, 0.128892123699], "median": [0.00756098330021, 0.00681887939572, 0.0026647481136, 0.00144688098226, 0.000644242856652, 0.0023661123123, 0.00405744975433, 0.0125039191917, 0.177655622363, 0.290284484625, 0.13321518898, 0.00302288704552, 0.000676643045153, 0.00110228848644, 0.00625858968124, 0.0111348386854, 0.00725746713579, 0.00110848189797, 0.000623352942057, 0.00110479292925, 0.00988445710391, 0.0160784143955, 0.0200733691454, 0.0125155504793, 0.00722040701658, 0.0029937881045, 0.00116629130207, 0.00107512983959, 0.00637950748205, 0.109487913549, 0.165940761566, 0.0754270628095, 0.00300272996537, 0.000780304137152, 0.0020131545607, 0.00561696663499], "min": [0, 0, 0, 0, 0, 0, 0, 0, 0, 0, 0, 0, 0, 0, 0, 0, 0, 0, 0, 0, 0, 0, 0, 0, 0, 0, 0, 0, 0, 0, 0, 0, 0, 0, 0, 0], "dvar2": [0.0576683655381, 0.059095133096, 0.039038002491, 0.0244441535324, 0.0295868180692, 0.0312130600214, 0.0429411754012, 0.0516850166023, 0.070533439517, 0.0822863057256, 0.0554169155657, 0.0335823073983, 0.0250028520823, 0.0231850463897, 0.0314860977232, 0.0365837812424, 0.0454768165946, 0.0470253489912, 0.0475329943001, 0.0533427111804, 0.0668930858374, 0.0613083876669, 0.0754451006651, 0.0952099636197, 0.0841712281108, 0.0638138353825, 0.0495528541505, 0.0515312328935, 0.0676534995437, 0.0900209099054, 0.096240721643, 0.0752997919917, 0.0550103783607, 0.0547380931675, 0.0612019225955, 0.0819017142057], "dvar": [0.0249782800674, 0.022219453007, 0.0140746599063, 0.00905891880393, 0.0105195315555, 0.0114148668945, 0.0160243287683, 0.0194251071662, 0.0275756064802, 0.0358475334942, 0.0211609899998, 0.0122093753889, 0.00889148656279, 0.00836215820163, 0.0118559394032, 0.01598078385, 0.0171065926552, 0.01634625718, 0.016049221158, 0.0187632441521, 0.0247913189232, 0.025900259614, 0.0291075725108, 0.0374649167061, 0.0355835333467, 0.0234718415886, 0.0173869784921, 0.0178643129766, 0.024526078254, 0.0341357290745, 0.0416340380907, 0.0284699071199, 0.0196535419673, 0.0190791934729, 0.0215148553252, 0.0296755153686], "dmean": [0.0674793571234, 0.0618418082595, 0.034905243665, 0.0229006558657, 0.023073900491, 0.029611678794, 0.0407531000674, 0.0627246499062, 0.110026329756, 0.10837058723, 0.0910937860608, 0.0369085669518, 0.0223216954619, 0.0224676821381, 0.0382254384458, 0.0490691959858, 0.0454348884523, 0.0344042517245, 0.032705925405, 0.0419694669545, 0.0641394928098, 0.0702674761415, 0.0848884657025, 0.100996218622, 0.0858135223389, 0.0667668730021, 0.0411204062402, 0.041895058006, 0.0710333436728, 0.115744844079, 0.119539171457, 0.102421611547, 0.0514887869358, 0.0410109162331, 0.0534669049084, 0.0736344307661], "max": [1, 1, 1, 1, 1, 1, 1, 1, 1, 1, 1, 1, 1, 1, 1, 1, 1, 1, 1, 1, 1, 1, 1, 1, 1, 1, 1, 1, 1, 1, 1, 1, 1, 1, 1, 1], "var": [0.0849902406335, 0.0281223934144, 0.00982051435858, 0.00646148156375, 0.00715601211414, 0.0118210809305, 0.0237815529108, 0.0236439015716, 0.076037928462, 0.169246390462, 0.0544531792402, 0.00946785416454, 0.00588118610904, 0.00599885592237, 0.0172572825104, 0.0465646870434, 0.0272336378694, 0.0123307565227, 0.0109953945503, 0.0159196238965, 0.032567832619, 0.0631098002195, 0.044391721487, 0.0710028633475, 0.0948989391327, 0.0281302724034, 0.0113194361329, 0.0116228992119, 0.0239735040814, 0.0903767421842, 0.1581158638, 0.0533379018307, 0.0139084104449, 0.0119348196313, 0.0176654830575, 0.0601019784808], "mean": [0.146464005113, 0.074763327837, 0.0272453203797, 0.0173993036151, 0.015996588394, 0.0299818720669, 0.0499236434698, 0.0674099028111, 0.281525492668, 0.449072748423, 0.226548239589, 0.0284985583276, 0.0149502418935, 0.016129411757, 0.0563643202186, 0.0982749760151, 0.066840313375, 0.0264172777534, 0.0225558280945, 0.0336873158813, 0.0828210562468, 0.127268522978, 0.109391123056, 0.146189853549, 0.164393261075, 0.0771730169654, 0.0277465805411, 0.0282685905695, 0.0668707787991, 0.25960072875, 0.370769947767, 0.185606315732, 0.0375108681619, 0.0265343151987, 0.0423424579203, 0.117984846234]}, "tuning_equal_tempered_deviation": 0.0211273934692, "chords_changes_rate": 0.0392329730093, "key_key": "C", "tuning_diatonic_strength": 0.621638059616, "key_scale": "major", "chords_number_rate": 0.00154286972247, "tuning_frequency": 438.984558105, "tuning_nontempered_energy_ratio": 0.624427556992, "chords_histogram": [52.964515686, 0.176327973604, 2.22614073753, 0.72735285759, 0.264491945505, 0, 0, 0, 0.352655947208, 0, 1.14613175392, 0, 0, 0, 0, 2.68900156021, 0, 7.53802061081, 0, 0, 0, 0.0881639868021, 25.1487770081, 6.67842197418], "key_strength": 0.85537391901, "chords_key": "C", "chords_strength": {"dmean2": 0.00560867367312, "median": 0.521496355534, "min": 0.290654480457, "dvar2": 4.37386588601e-05, "dvar": 4.41933480033e-05, "dmean": 0.00685801310465, "max": 0.792759776115, "var": 0.00795082282275, "mean": 0.526247799397}, "chords_scale": "major", "hpcp_entropy": {"dmean2": 0.77280330658, "median": 1.42145359516, "min": 0, "dvar2": 0.6463149786, "dvar": 0.247996583581, "dmean": 0.464074999094, "max": 3.88795137405, "var": 0.579974234104, "mean": 1.40065336227}}, "metadata": {"audio_properties": {"equal_loudness": 0, "codec": "flac", "downmix": "mix", "sample_rate": 44100, "analysis_sample_rate": 44100, "bit_rate": 0, "md5_encoded": "c9e9f67a2056737225f67d4c90f3cef2", "length": 210.63999939, "replay_gain": -12.3295173645, "lossless": true}, "version": {"essentia_build_sha": "70f2e5ece6736b2c40cc944ad0e695b16b925413", "essentia": "2.1-beta2", "extractor": "music 1.0", "essentia_git_sha": "v2.1_beta2"}, "tags": {"title": ["Brothers in Exile"], "barcode": ["5060023449991"], "media": ["CD"], "albumartist": ["Martyn Joseph"], "tracktotal": ["10"], "language": ["English"], "musicbrainz_recordingid": ["1364ce07-b625-4e7c-bac5-79b53329af6e"], "artistsort": ["Joseph, Martyn"], "musicbrainz_albumartistid": ["cbac7649-eeb5-4c1c-ae1d-8637bde04572"], "discnumber": ["01"], "album": ["Under Lemonade Skies"], "catalognumber": ["PRDC020"], "file_name": "10-brothers_in_exile.flac", "date": ["2010"], "genre": ["Folk"], "musicip_puid": ["ea9d70c5-2070-a780-e27f-92e0f35c4c43"], "musicbrainz_artistid": ["cbac7649-eeb5-4c1c-ae1d-8637bde04572"], "asin": ["B00415MHJ2"], "musicbrainz_albumid": ["6b9f3423-5813-4af5-8517-9b28d3631c74"], "artist": ["Martyn Joseph"], "disctotal": ["01"], "tracknumber": ["10"], "label": ["Pipe Records"], "albumartistsort": ["Joseph, Martyn"], "script": ["Latin"], "musicbrainz_releasegroupid": ["3021f602-cbe9-4d30-a3c8-92322b8ba36f"]}}, "rhythm": {"bpm_histogram_first_peak_bpm": {"dmean2": 0, "median": 157, "min": 157, "dvar2": 0, "dvar": 0, "dmean": 0, "max": 157, "var": 0, "mean": 157}, "bpm": 154.43611145, "bpm_histogram_second_peak_spread": {"dmean2": 0, "median": 0.344594597816, "min": 0.344594597816, "dvar2": 0, "dvar": 0, "dmean": 0, "max": 0.344594597816, "var": 0, "mean": 0.344594597816}, "bpm_histogram_first_peak_weight": {"dmean2": 0, "median": 0.205273076892, "min": 0.205273076892, "dvar2": 0, "dvar": 0, "dmean": 0, "max": 0.205273076892, "var": 0, "mean": 0.205273076892}, "onset_rate": 2.72473049164, "beats_position": [0.371519267559, 0.754648506641, 1.14938771725, 1.54412698746, 1.93886613846, 2.33360528946, 2.72834467888, 3.11147379875, 3.49460315704, 3.87773227692, 4.2492518425, 4.62077093124, 4.99229001999, 5.36380958557, 5.73532867432, 6.10684776306, 6.47836732864, 6.84988641739, 7.22140598297, 7.59292507172, 7.96444416046, 8.33596324921, 8.71909236908, 9.10222244263, 9.4853515625, 9.86848068237, 10.2632198334, 10.6579589844, 11.0410881042, 11.412607193, 11.7725172043, 12.1324262619, 12.4923353195, 12.8638544083, 13.2469835281, 13.6533327103, 14.0480718613, 14.4312019348, 14.8723802567, 15.3251695633, 15.7895689011, 16.2539672852, 16.6487064362, 17.0550556183, 17.4614048004, 17.8445339203, 18.2392749786, 18.6340141296, 19.0287532806, 19.4118824005, 19.7834014893, 20.1665306091, 20.5380496979, 20.9211788177, 21.2926979065, 21.6642169952, 22.035736084, 22.4188652039, 22.8019943237, 23.1851234436, 23.5450344086, 23.9281635284, 24.3112926483, 24.6944217682, 25.0891609192, 25.4722900391, 25.8670291901, 26.2617683411, 26.6332874298, 27.0280265808, 27.4343757629, 27.8291149139, 28.2354640961, 28.6418132782, 29.0365524292, 29.4429016113, 29.8492507935, 30.2555999756, 30.6619491577, 31.0682983398, 31.4862575531, 31.9042167664, 32.322177887, 32.7981834412, 33.2741928101, 33.750202179, 34.2262115479, 34.7022209167, 35.1782302856, 35.6426315308, 36.0489807129, 36.455329895, 36.8616790771, 37.2680282593, 37.6627655029, 38.0458946228, 38.4290237427, 38.8121528625, 39.2068939209, 39.6016311646, 40.124080658, 40.6465301514, 41.1573677063, 41.6449890137, 42.1442184448, 42.6318359375, 43.1078453064, 43.5954627991, 44.0830841064, 44.5707015991, 45.0583229065, 45.5575485229, 46.0451698303, 46.4515190125, 46.8694763184, 47.287437439, 47.7053947449, 48.1233558655, 48.5413131714, 48.9476623535, 49.3540115356, 49.7603607178, 50.1551017761, 50.5498390198, 50.9329681396, 51.3160972595, 51.7108383179, 52.1055755615, 52.5003166199, 52.8950538635, 53.2897949219, 53.6845359802, 54.0792732239, 54.4740142822, 54.8803634644, 55.2867126465, 55.6814498901, 56.0877990723, 56.4825401306, 56.8772773743, 57.2604064941, 57.643535614, 58.0498847961, 58.433013916, 58.8161430359, 59.1992721558, 59.5824012756, 59.9655303955, 60.3370513916, 60.708568573, 61.1033096313, 61.5096588135, 61.9276161194, 62.4268455505, 62.9144668579, 63.4136962891, 63.9013137817, 64.3541030884, 64.8301086426, 65.3061218262, 65.7705230713, 66.2465286255, 66.7225418091, 67.0940551758, 67.4655761719, 67.837097168, 68.2086181641, 68.5685272217, 68.9284362793, 69.299949646, 69.6714706421, 70.0546035767, 70.4145126343, 70.7744216919, 71.145942688, 71.5058517456, 71.8657608032, 72.2024459839, 72.5507507324, 72.9570999146, 73.3634490967, 73.7581863403, 74.1761474609, 74.5708847046, 74.9772338867, 75.3719711304, 75.766708374, 76.1614532471, 76.5561904907, 76.9509277344, 77.3340606689, 77.7287979126, 78.1119232178, 78.5066680908, 78.9014053345, 79.2961425781, 79.6792755127, 80.0624008179, 80.4571380615, 80.8518829346, 81.2466201782, 81.6297454834, 82.012878418, 82.3960113525, 82.7791366577, 83.1738739014, 83.5686187744, 83.9749679565, 84.3813171387, 84.8573226929, 85.321723938, 85.7861175537, 86.2389068604, 86.6800918579, 87.1328811646, 87.5856704712, 88.0268478394, 88.456413269, 88.8975982666, 89.2691116333, 89.6406326294, 90.000541687, 90.3720626831, 90.7435836792, 91.1034927368, 91.4750061035, 91.8465270996, 92.2180480957, 92.5779571533, 92.9494781494, 93.3209991455, 93.6809082031, 94.0524215698, 94.4123306274, 94.7838516235, 95.2598648071, 95.7474822998, 96.2350997925, 96.7111129761, 97.1755065918, 97.6399078369, 98.1159133911, 98.5919265747, 99.0679321289, 99.5439453125, 99.9154663086, 100.286979675, 100.67011261, 101.053237915, 101.43637085, 101.807891846, 102.179405212, 102.53931427, 102.899223328, 103.259140015, 103.630653381, 104.013786316, 104.396911621, 104.768432617, 105.139953613, 105.511474609, 105.882987976, 106.254508972, 106.626029968, 106.997550964, 107.36907196, 107.728981018, 108.100494385, 108.472015381, 108.878364563, 109.273101807, 109.66784668, 110.062583923, 110.445709229, 110.828842163, 111.223579407, 111.606712341, 111.989837646, 112.372970581, 112.756095886, 113.15083313, 113.533966064, 113.917098999, 114.311836243, 114.694961548, 115.078094482, 115.449615479, 115.821128845, 116.20426178, 116.587387085, 116.97052002, 117.400085449, 117.841270447, 118.294059753, 118.74684906, 119.234466553, 119.710472107, 120.1980896, 120.604438782, 120.999183655, 121.393920898, 121.788658142, 122.183395386, 122.589744568, 122.984489441, 123.367614746, 123.750747681, 124.133872986, 124.505393982, 124.876914978, 125.260040283, 125.654785156, 126.0495224, 126.409431458, 126.746116638, 127.07119751, 127.384666443, 127.721359253, 128.046432495, 128.371520996, 128.708206177, 129.033279419, 129.404800415, 129.776321411, 130.159454346, 130.519363403, 130.902496338, 131.285614014, 131.668746948, 132.063491821, 132.446624756, 132.84135437, 133.212875366, 133.584396362, 133.967529297, 134.350662231, 134.733779907, 135.116912842, 135.441986084, 135.778686523, 136.126983643, 136.4868927, 136.835189819, 137.183486938, 137.531784058, 137.891693115, 138.298049927, 138.704391479, 139.110748291, 139.505477905, 139.900222778, 140.30657959, 140.712921143, 141.107666016, 141.490783691, 141.873916626, 142.268661499, 142.651794434, 143.034912109, 143.406433105, 143.777954102, 144.149475098, 144.520996094, 144.89251709, 145.264038086, 145.635559082, 145.99546814, 146.355377197, 146.726898193, 147.098403931, 147.481536865, 147.8646698, 148.236190796, 148.607711792, 148.979232788, 149.350738525, 149.722259521, 150.105392456, 150.488525391, 150.871658325, 151.254776001, 151.637908936, 151.997817993, 152.357727051, 152.729248047, 153.100769043, 153.483901978, 153.867019653, 154.250152588, 154.621673584, 154.99319458, 155.364715576, 155.736236572, 156.130966187, 156.514099121, 156.897232056, 157.28036499, 157.640274048, 157.988571167, 158.383300781, 158.778045654, 159.172790527, 159.567520142, 159.962265015, 160.357009888, 160.751739502, 161.181304932, 161.61088562, 162.075286865, 162.528076172, 162.992462158, 163.491699219, 163.944488525, 164.408889771, 164.861679077, 165.326080322, 165.790466309, 166.243255615, 166.696044922, 167.160446167, 167.624847412, 168.077636719, 168.518814087, 168.959991455, 169.401168823, 169.795913696, 170.190658569, 170.597000122, 171.003356934, 171.409698486, 171.816055298, 172.210784912, 172.605529785, 172.98866272, 173.371795654, 173.75491333, 174.149658203, 174.544403076, 174.93913269, 175.322265625, 175.70539856, 176.088516235, 176.47164917, 176.843170166, 177.203079224, 177.57460022, 177.946121216, 178.32925415, 178.700775146, 179.083892822, 179.467025757, 179.838546753, 180.210067749, 180.593200684, 180.987930298, 181.382675171, 181.777404785, 182.16053772, 182.543670654, 182.938415527, 183.34475708, 183.751113892, 184.169067383, 184.587020874, 185.004989624, 185.422943115, 185.829299927, 186.247253418, 186.653594971, 187.059951782, 187.454696655, 187.84942627, 188.255783081, 188.650512695, 189.045257568, 189.428390503, 189.823120117, 190.21786499, 190.600997925, 190.984130859, 191.367248535, 191.75038147, 192.145126343, 192.539855957, 192.946212769, 193.352554321, 193.758911133, 194.165252686, 194.583221436, 194.931518555, 195.268203735, 195.604888916, 195.941589355, 196.266662598, 196.58013916, 196.905212402, 197.230285645, 197.555374146, 197.880447388, 198.205535889, 198.530609131, 198.844070435, 199.157546997, 199.482620239, 199.80770874, 200.144393921, 200.49269104, 200.840988159, 201.189300537, 201.537597656, 201.874282837, 202.292236328, 202.710205078, 203.128158569, 203.592559814, 204.05696106, 204.521362305, 204.985748291, 205.357269287, 205.728790283, 206.100311279, 206.471832275, 206.831741333, 207.191650391, 207.551559448, 207.911468506, 208.271377563, 208.631286621, 208.991195679, 209.339492798, 209.699401855, 210.059310913], "beats_loudness": {"dmean2": 0.0209309700876, "median": 0.0065981624648, "min": 6.56457821435e-09, "dvar2": 0.00074682343984, "dvar": 0.000295591191389, "dmean": 0.012104973197, "max": 0.130907267332, "var": 0.000496217107866, "mean": 0.0161451585591}, "danceability": 0.947651803493, "bpm_histogram_second_peak_weight": {"dmean2": 0, "median": 0.182674199343, "min": 0.182674199343, "dvar2": 0, "dvar": 0, "dmean": 0, "max": 0.182674199343, "var": 0, "mean": 0.182674199343}, "beats_count": 532, "bpm_histogram_second_peak_bpm": {"dmean2": 0, "median": 152, "min": 152, "dvar2": 0, "dvar": 0, "dmean": 0, "max": 152, "var": 0, "mean": 152}, "bpm_histogram_first_peak_spread": {"dmean2": 0, "median": 0.423280417919, "min": 0.423280417919, "dvar2": 0, "dvar": 0, "dmean": 0, "max": 0.423280417919, "var": 0, "mean": 0.423280417919}, "beats_loudness_band_ratio": {"dmean2": [0.349280208349, 0.379401415586, 0.190204292536, 0.0796172320843, 0.034355558455, 0.0928604528308], "median": [0.494276821613, 0.389939010143, 0.0809568315744, 0.0126940077171, 0.00416114134714, 0.00244278018363], "min": [0.0087489746511, 3.74241135432e-05, 5.22039881616e-05, 6.43721359666e-05, 3.15251745633e-05, 1.63500390045e-05], "dvar2": [0.0730070993304, 0.0869076922536, 0.0387695617974, 0.0159333348274, 0.0111906053498, 0.0655240267515], "dvar": [0.0333806760609, 0.0314298272133, 0.0152188837528, 0.00590374320745, 0.00381880020723, 0.023016538471], "dmean": [0.213523671031, 0.22196213901, 0.112815447152, 0.0439719557762, 0.0186032354832, 0.0480458587408], "max": [0.983180165291, 0.977624595165, 0.832851588726, 0.666464090347, 0.729016065598, 0.932729244232], "var": [0.0749715864658, 0.0510929040611, 0.0235725995153, 0.0053570875898, 0.00216116500087, 0.0161000266671], "mean": [0.488143920898, 0.401040017605, 0.139437034726, 0.0397713370621, 0.0146574294195, 0.0338940508664]}}, "lowlevel": {"barkbands_spread": {"dmean2": 3.92270517349, "median": 4.63874292374, "min": 0.193002283573, "dvar2": 96.9608154297, "dvar": 51.4132652283, "dmean": 2.64625740051, "max": 138.057327271, "var": 204.184371948, "mean": 8.7604227066}, "melbands_spread": {"dmean2": 4.20052289963, "median": 4.69948291779, "min": 0.283213406801, "dvar2": 169.599960327, "dvar": 98.1626968384, "dmean": 2.90639948845, "max": 227.144134521, "var": 335.786407471, "mean": 9.02927303314}, "hfc": {"dmean2": 2.94846248627, "median": 1.35754835606, "min": 2.92086747322e-06, "dvar2": 88.0144348145, "dvar": 52.2677116394, "dmean": 2.23510098457, "max": 240.540802002, "var": 288.856170654, "mean": 7.21751499176}, "barkbands_kurtosis": {"dmean2": 9.67014980316, "median": 9.78300094604, "min": -1.93154871464, "dvar2": 309.589141846, "dvar": 123.956832886, "dmean": 6.15784645081, "max": 342.65234375, "var": 506.602874756, "mean": 16.3623161316}, "gfcc": {"mean": [-175.903564453, 141.027862549, -74.4842147827, 17.8069515228, -49.637512207, -4.84254407883, -35.0610809326, -10.5542926788, -24.6022205353, -4.90483760834, -11.9422063828, -4.27640247345, -13.764541626], "icov": [[0.000169171267771, -8.4447885456e-05, 0.000400382326916, -0.000256180413999, 0.000300964718917, -0.000387578766095, 0.00042382866377, -0.000241966205067, 0.000375023431843, -0.000425552861998, 0.000364202336641, -0.000213037288631, 0.00044393731514], [-8.4447885456e-05, 0.000858407176565, 7.60081748012e-05, 0.000656658434309, -0.000815224018879, 0.000717793416698, -0.000625337241217, 0.000494490028359, -0.000395467766793, 0.000637607765384, -0.00021777980146, 0.000672374677379, -0.00041832003626], [0.000400382326916, 7.60081748012e-05, 0.00197293469682, -0.000253045203863, 0.000116576338769, -0.00111144466791, 0.000965742219705, -0.000432279863162, 0.000891695497558, -0.000796735926997, 0.00126961106434, -0.000268504139967, 0.000959953875281], [-0.000256180413999, 0.000656658434309, -0.000253045203863, 0.00285454676487, -0.000974217138719, 0.000519091961905, -0.000765734119341, 0.000646816741209, -0.000228501536185, 0.00111153884791, -0.000308910035528, 0.00107654824387, -0.00130159198307], [0.000300964718917, -0.000815224018879, 0.000116576338769, -0.000974217138719, 0.00467863352969, -0.00123996799812, 0.000869433919434, -0.000566031900235, 0.000271932600299, -0.000441637384938, -0.000192859457457, 0.000638337398414, -0.000101325320429], [-0.000387578766095, 0.000717793416698, -0.00111144466791, 0.000519091961905, -0.00123996799812, 0.0063150417991, -0.00162043282762, 0.000306239759084, 1.85049211723e-05, -0.000627584056929, -7.83908835729e-05, -0.000116486669867, 0.000397006049752], [0.00042382866377, -0.000625337241217, 0.000965742219705, -0.000765734119341, 0.000869433919434, -0.00162043282762, 0.00673547200859, -0.00182089710142, -0.00034924983629, 0.000630443391856, -0.000153967659571, 0.000299097882817, 0.000111386354547], [-0.000241966205067, 0.000494490028359, -0.000432279863162, 0.000646816741209, -0.000566031900235, 0.000306239759084, -0.00182089710142, 0.0089992377907, -0.00189629988745, -0.000432295521023, 0.000291911768727, -0.000560952816159, -4.11263790738e-05], [0.000375023431843, -0.000395467766793, 0.000891695497558, -0.000228501536185, 0.000271932600299, 1.85049211723e-05, -0.00034924983629, -0.00189629988745, 0.00916667468846, -0.00300098559819, 0.000409816566389, 0.000259637337876, 0.000687640800606], [-0.000425552861998, 0.000637607765384, -0.000796735926997, 0.00111153884791, -0.000441637384938, -0.000627584056929, 0.000630443391856, -0.000432295521023, -0.00300098559819, 0.0104387002066, -0.00195282278582, 0.00046950232354, -0.000184366319445], [0.000364202336641, -0.00021777980146, 0.00126961106434, -0.000308910035528, -0.000192859457457, -7.83908835729e-05, -0.000153967659571, 0.000291911768727, 0.000409816566389, -0.00195282278582, 0.0137904882431, -0.00409837579355, 0.00166858080775], [-0.000213037288631, 0.000672374677379, -0.000268504139967, 0.00107654824387, 0.000638337398414, -0.000116486669867, 0.000299097882817, -0.000560952816159, 0.000259637337876, 0.00046950232354, -0.00409837579355, 0.0115309311077, -0.00143615889829], [0.00044393731514, -0.00041832003626, 0.000959953875281, -0.00130159198307, -0.000101325320429, 0.000397006049752, 0.000111386354547, -4.11263790738e-05, 0.000687640800606, -0.000184366319445, 0.00166858080775, -0.00143615889829, 0.0114440247416]], "cov": [[25327.1464844, -2019.48522949, -2960.09521484, 797.769592285, -1302.85083008, 806.904846191, -938.549377441, 251.729385376, -487.627044678, 712.193786621, -123.320602417, 418.136627197, -635.536621094], [-2019.48522949, 2483.59594727, -314.656341553, -291.008544922, 365.547149658, -329.500396729, 248.084487915, -95.4516830444, 119.836807251, -201.317245483, 24.9976387024, -165.172012329, 139.513275146], [-2960.09521484, -314.656341553, 1190.65014648, -62.5373687744, 120.57636261, 87.2364578247, -16.2568149567, -2.28853726387, -13.1507158279, -3.41193318367, -42.5546798706, -23.1289844513, -1.43254137039], [797.769592285, -291.008544922, -62.5373687744, 503.531463623, 14.6136360168, 26.8670787811, -9.97801113129, -12.8626070023, -36.3957366943, -18.3749904633, -18.2043170929, -19.7960758209, 22.2397613525], [-1302.85083008, 365.547149658, 120.57636261, 14.6136360168, 345.012878418, -28.2921619415, 52.0251655579, -16.8244457245, 28.6408195496, -46.1780776978, 4.95886468887, -56.4387016296, 48.6489181519], [806.904846191, -329.500396729, 87.2364578247, 26.8670787811, -28.2921619415, 254.458770752, -26.9676570892, 25.3138370514, -26.9554901123, 61.8686256409, -9.88499832153, 28.2166805267, -48.7336006165], [-938.549377441, 248.084487915, -16.2568149567, -9.97801113129, 52.0251655579, -26.9676570892, 230.866287231, 16.4373626709, 42.4084358215, -50.0110969543, 11.1326446533, -30.0515766144, 36.1652526855], [251.729385376, -95.4516830444, -2.28853726387, -12.8626070023, -16.8244457245, 25.3138370514, 16.4373626709, 132.662445068, 23.9865493774, 28.2872104645, -1.6194756031, 14.5476703644, -14.1593351364], [-487.627044678, 119.836807251, -13.1507158279, -36.3957366943, 28.6408195496, -26.9554901123, 42.4084358215, 23.9865493774, 145.547241211, 17.8771934509, 8.06927013397, -14.6309661865, 9.65211677551], [712.193786621, -201.317245483, -3.41193318367, -18.3749904633, -46.1780776978, 61.8686256409, -50.0110969543, 28.2872104645, 17.8771934509, 149.825836182, 8.75656795502, 24.5616416931, -35.6116027832], [-123.320602417, 24.9976387024, -42.5546798706, -18.2043170929, 4.95886468887, -9.88499832153, 11.1326446533, -1.6194756031, 8.06927013397, 8.75656795502, 89.1971817017, 27.0864372253, -2.48049259186], [418.136627197, -165.172012329, -23.1289844513, -19.7960758209, -56.4387016296, 28.2166805267, -30.0515766144, 14.5476703644, -14.6309661865, 24.5616416931, 27.0864372253, 117.798446655, -11.5946559906], [-635.536621094, 139.513275146, -1.43254137039, 22.2397613525, 48.6489181519, -48.7336006165, 36.1652526855, -14.1593351364, 9.65211677551, -35.6116027832, -2.48049259186, -11.5946559906, 119.256340027]]}, "spectral_energyband_middle_low": {"dmean2": 0.00436012726277, "median": 0.00301379384473, "min": 1.22920011843e-13, "dvar2": 9.8704447737e-05, "dvar": 4.72687570436e-05, "dmean": 0.00299690105021, "max": 0.145179703832, "var": 0.000245334842475, "mean": 0.00948216766119}, "melbands_crest": {"dmean2": 3.99467730522, "median": 15.0020017624, "min": 3.71442580223, "dvar2": 15.6612281799, "dvar": 6.00050210953, "dmean": 2.45919942856, "max": 33.9547462463, "var": 23.4117164612, "mean": 15.5843887329}, "spectral_kurtosis": {"dmean2": 9.25285053253, "median": 12.6471233368, "min": -1.19847273827, "dvar2": 134.792419434, "dvar": 53.8873672485, "dmean": 5.73236513138, "max": 123.74785614, "var": 275.242523193, "mean": 18.039522171}, "spectral_rms": {"dmean2": 0.000555909704417, "median": 0.00211219862103, "min": 3.79025721031e-07, "dvar2": 6.88335603627e-07, "dvar": 3.60302067293e-07, "dmean": 0.000388933200156, "max": 0.0123060168698, "var": 4.73513682664e-06, "mean": 0.00279063312337}, "zerocrossingrate": {"dmean2": 0.00712725892663, "median": 0.01904296875, "min": 0.00341796875, "dvar2": 0.000196877343114, "dvar": 0.000231906844419, "dmean": 0.00642123213038, "max": 0.86474609375, "var": 0.00560331577435, "mean": 0.0360057502985}, "silence_rate_60dB": {"dmean2": 0.0934847295284, "median": 0, "min": 0, "dvar2": 0.0970858260989, "dvar": 0.0445577763021, "dmean": 0.0467372126877, "max": 1, "var": 0.240704417229, "mean": 0.403504908085}, "erbbands_kurtosis": {"dmean2": 3.44003868103, "median": 2.73701190948, "min": -1.8543047905, "dvar2": 35.6096076965, "dvar": 15.6174783707, "dmean": 2.23157429695, "max": 117.302902222, "var": 70.0041046143, "mean": 5.18314790726}, "erbbands": {"dmean2": [0.00529883196577, 0.153052479029, 0.749905467033, 2.38321185112, 7.02158069611, 6.07372951508, 8.1530456543, 13.7136793137, 17.1153030396, 12.2499599457, 7.6468000412, 6.0459446907, 2.60024189949, 3.34981822968, 7.2182598114, 6.86977720261, 12.1226434708, 9.51326179504, 8.83025741577, 3.39334917068, 1.40313398838, 2.50138473511, 3.63887143135, 1.86912620068, 1.65758490562, 1.85807108879, 1.36032950878, 1.6307451725, 1.49497044086, 1.05209171772, 1.41509187222, 0.879782319069, 0.419891297817, 0.231770008802, 0.151342153549, 0.0704578235745, 0.022070961073, 0.0050676423125, 0.000695118389558, 4.23197598138e-05], "median": [0.00407598074526, 0.0782700926065, 0.412885218859, 0.859511971474, 2.58337545395, 3.93223881721, 2.71554923058, 1.49832355976, 1.27083754539, 2.48575258255, 1.33249282837, 0.442280858755, 0.509097635746, 0.307134240866, 0.560093820095, 0.628666758537, 0.362103551626, 0.259994536638, 0.203088223934, 0.208460897207, 0.117540962994, 0.141500845551, 0.107727654278, 0.095505528152, 0.0631175786257, 0.0556269660592, 0.0370051972568, 0.0301527678967, 0.0196466036141, 0.0138177853078, 0.00969742424786, 0.00514424638823, 0.00276605715044, 0.00141896563582, 0.00069358519977, 0.000291044882033, 7.93242652435e-05, 1.68841361301e-05, 6.46375337965e-06, 6.31608463664e-06], "min": [1.53581054124e-11, 1.12780149802e-11, 6.51977690586e-12, 1.81212180678e-11, 2.54195813704e-11, 2.35121731113e-11, 8.25396626047e-11, 1.83356829719e-10, 1.5669923692e-10, 8.05351133004e-11, 5.38613841028e-11, 8.7211377009e-11, 1.76724190837e-10, 3.58471446971e-10, 3.39622330259e-10, 2.51613063718e-10, 1.31090568956e-10, 8.00636501541e-11, 1.40619446642e-10, 2.2248157483e-10, 7.92775220471e-11, 3.75394125507e-11, 2.47660433828e-11, 4.65974273056e-11, 4.70885240522e-11, 5.8062693542e-11, 6.78471862026e-11, 9.14652312223e-11, 1.79406073331e-10, 1.14139897534e-09, 8.46580971992e-10, 1.58526014538e-09, 1.15873011186e-09, 1.07767350599e-09, 3.39347133727e-10, 2.87374429808e-10, 5.96423632704e-10, 4.40010028413e-09, 7.75878206127e-09, 1.65576674593e-09], "dvar2": [0.000167383477674, 0.145200699568, 3.20650410652, 40.4078445435, 285.895050049, 372.168487549, 1187.88708496, 3425.31542969, 5558.28466797, 4707.39550781, 3764.21166992, 1445.52526855, 117.485298157, 530.998413086, 4948.95605469, 1428.32470703, 7049.67578125, 3067.37084961, 13900.7451172, 554.900756836, 96.9462280273, 391.01473999, 645.328918457, 94.9965133667, 86.6445236206, 173.082260132, 84.698059082, 147.425689697, 131.812545776, 56.7393875122, 131.212799072, 41.9260826111, 9.00562381744, 1.96887946129, 1.27033078671, 0.442960381508, 0.0278897248209, 0.001741323038, 2.64115133177e-05, 9.75737819431e-08], "dvar": [6.90240194672e-05, 0.0587155520916, 1.30027449131, 15.9542293549, 108.304000854, 147.492858887, 560.680236816, 1706.75390625, 2859.44189453, 2137.36547852, 1815.39025879, 927.692260742, 70.2446365356, 282.893371582, 2522.73681641, 706.385620117, 3934.109375, 1820.69580078, 5541.68798828, 258.640472412, 39.6758499146, 157.365859985, 279.858215332, 46.1458282471, 42.742603302, 99.1849746704, 36.7132644653, 61.015335083, 57.2053222656, 29.6023368835, 89.150100708, 25.6788883209, 4.82803487778, 1.19583702087, 0.66146081686, 0.195547223091, 0.0148086696863, 0.000945158826653, 1.83573902177e-05, 7.76137056846e-08], "dmean": [0.00337912491523, 0.0976415798068, 0.4809255898, 1.51723206043, 4.33748149872, 3.85658574104, 5.34426021576, 9.36625099182, 11.772233963, 8.48035144806, 5.2372174263, 4.54670858383, 1.9674731493, 2.48936533928, 5.08348464966, 4.7925362587, 8.63042545319, 6.87227916718, 5.84556531906, 2.33695435524, 0.955721199512, 1.6807320118, 2.4384200573, 1.29180979729, 1.14648377895, 1.30442070961, 0.915469884872, 1.11250150204, 1.03857541084, 0.768196940422, 1.0720487833, 0.677936077118, 0.315794408321, 0.174390494823, 0.110049046576, 0.0483768172562, 0.0158463772386, 0.0036292693112, 0.000520815898199, 3.15791075991e-05], "max": [0.262717187405, 5.0537519455, 21.6275901794, 91.7682342529, 249.640975952, 365.944488525, 949.261535645, 1140.36486816, 1472.85229492, 2218.14868164, 2667.67016602, 1635.30395508, 399.034393311, 792.409057617, 3778.95581055, 1417.56860352, 3508.77099609, 2224.80688477, 5034.12109375, 743.374267578, 299.246520996, 608.646850586, 988.30090332, 291.577850342, 236.833984375, 540.00604248, 377.601806641, 406.583007812, 346.438171387, 190.437316895, 659.317993164, 270.788513184, 101.983978271, 49.2359352112, 35.9693832397, 30.6855564117, 8.00649166107, 1.99987888336, 0.29089486599, 0.0196127928793], "var": [0.000295914302114, 0.183519750834, 2.88723492622, 29.3598003387, 320.011505127, 352.220611572, 1126.25366211, 4597.72802734, 9483.42578125, 10655.3994141, 4275.86230469, 3064.41894531, 269.030426025, 823.013366699, 4385.88085938, 2636.64868164, 11916.7041016, 4889.22802734, 5470.12988281, 608.288879395, 67.9761276245, 208.178482056, 533.408081055, 107.635269165, 93.1978378296, 208.535324097, 64.9608917236, 98.9256896973, 98.7641448975, 74.7288970947, 297.389373779, 78.4358901978, 13.697561264, 4.18672132492, 1.79030001163, 0.414783060551, 0.0395352765918, 0.00243680202402, 7.51294355723e-05, 3.36898523301e-07], "mean": [0.00992032140493, 0.250515878201, 0.989607930183, 2.75312256813, 9.41129589081, 9.70241928101, 10.6876754761, 18.5423469543, 25.7236480713, 22.631477356, 11.8521223068, 8.76581382751, 4.4269733429, 5.15468120575, 9.6972618103, 10.9283571243, 15.5346908569, 10.9070367813, 8.00810527802, 4.0893445015, 1.69276428223, 2.66956210136, 3.88092541695, 2.4107093811, 1.87363624573, 1.99838876724, 1.45086538792, 1.77771091461, 1.65763831139, 1.28343939781, 1.78706037998, 1.10914409161, 0.4989759624, 0.296056568623, 0.179818749428, 0.0783671438694, 0.025924032554, 0.00593965454027, 0.000901240331586, 6.79121221765e-05]}, "spectral_strongpeak": {"dmean2": 0.374449521303, "median": 0.304419130087, "min": 0, "dvar2": 0.759410321712, "dvar": 0.336220771074, "dmean": 0.233046174049, "max": 15.2950572968, "var": 1.13004612923, "mean": 0.64172321558}, "spectral_energy": {"dmean2": 0.00502372300252, "median": 0.00457291770726, "min": 1.47252002258e-10, "dvar2": 0.000114101043437, "dvar": 5.64567271795e-05, "dmean": 0.00347194145434, "max": 0.155224010348, "var": 0.000385157589335, "mean": 0.012835838832}, "average_loudness": 0.108032628894, "spectral_rolloff": {"dmean2": 362.863677979, "median": 387.59765625, "min": 107.666015625, "dvar2": 2471575.25, "dvar": 1147323.75, "dmean": 216.646011353, "max": 21985.4003906, "var": 6176076.5, "mean": 895.093933105}, "spectral_centroid": {"dmean2": 146.545013428, "median": 368.234771729, "min": 146.152633667, "dvar2": 117955.96875, "dvar": 72283.0703125, "dmean": 101.456298828, "max": 10409.3457031, "var": 421657.34375, "mean": 544.140869141}, "pitch_salience": {"dmean2": 0.0902022197843, "median": 0.547664821148, "min": 0.101385816932, "dvar2": 0.0074661904946, "dvar": 0.00294475047849, "dmean": 0.0559075698256, "max": 0.874060630798, "var": 0.0132740307599, "mean": 0.539951324463}, "spectral_energyband_middle_high": {"dmean2": 0.000770655751694, "median": 9.44539424381e-05, "min": 3.67707234561e-14, "dvar2": 1.25311535157e-05, "dvar": 6.49209323456e-06, "dmean": 0.000571852549911, "max": 0.095708809793, "var": 2.4812450647e-05, "mean": 0.00141139002517}, "spectral_contrast_coeffs": {"dmean2": [0.065681360662, 0.0557910129428, 0.0439474061131, 0.0392590984702, 0.0320808775723, 0.0254852063954], "median": [-0.607917606831, -0.702689349651, -0.782625436783, -0.789395689964, -0.797237157822, -0.793845295906], "min": [-0.955328166485, -0.979985237122, -0.96978533268, -0.966786503792, -0.958803594112, -0.959432840347], "dvar2": [0.00322879641317, 0.00257180235349, 0.00150457315613, 0.00126854807604, 0.000896410667337, 0.000630565627944], "dvar": [0.00122563075274, 0.00117997720372, 0.000732587475795, 0.000629914284218, 0.000476498098578, 0.000319406302879], "dmean": [0.0399097204208, 0.0352741442621, 0.0284032840282, 0.0255908947438, 0.021266952157, 0.0174459703267], "max": [-0.276625484228, -0.350496262312, -0.404736667871, -0.478000104427, -0.540728509426, -0.551498472691], "var": [0.00812035985291, 0.00941057410091, 0.0064395815134, 0.00569547526538, 0.00464351195842, 0.00339362234809], "mean": [-0.608097493649, -0.692813515663, -0.770175874233, -0.778058290482, -0.788677155972, -0.791288137436]}, "melbands_skewness": {"dmean2": 0.97696095705, "median": 2.56533956528, "min": -1.79169654846, "dvar2": 1.52318799496, "dvar": 0.660783529282, "dmean": 0.639392435551, "max": 15.9848594666, "var": 2.60821604729, "mean": 2.82496929169}, "spectral_spread": {"dmean2": 779677.25, "median": 2859344.75, "min": 782172.125, "dvar2": 1165045006340.0, "dvar": 633091391488, "dmean": 540347.75, "max": 40876348, "var": 8407198203900.0, "mean": 3508714}, "dissonance": {"dmean2": 0.0483264364302, "median": 0.418040126562, "min": 0.141203343868, "dvar2": 0.00204342976213, "dvar": 0.000769430887885, "dmean": 0.0289088319987, "max": 0.499999970198, "var": 0.0027703049127, "mean": 0.411265969276}, "spectral_skewness": {"dmean2": 0.717525959015, "median": 2.86887788773, "min": 0.0123062422499, "dvar2": 0.568460643291, "dvar": 0.243235439062, "dmean": 0.460621297359, "max": 9.7019739151, "var": 1.89467155933, "mean": 3.10380911827}, "spectral_flux": {"dmean2": 0.0203754268587, "median": 0.0200403537601, "min": 4.29094834544e-05, "dvar2": 0.000950581161305, "dvar": 0.000407742190873, "dmean": 0.0129702836275, "max": 0.322519421577, "var": 0.00174738804344, "mean": 0.0360913947225}, "spectral_contrast_valleys": {"dmean2": [0.569981753826, 0.476181924343, 0.444541811943, 0.4286416471, 0.412310212851, 0.454217880964], "median": [-7.86071681976, -7.97382068634, -9.02298259735, -9.94582843781, -10.26039505, -13.1150169373], "min": [-27.0002536774, -26.8272895813, -26.9996185303, -26.9594402313, -27.3142814636, -27.2478809357], "dvar2": [0.238520115614, 0.183931663632, 0.164607509971, 0.175866365433, 0.215691059828, 0.326698601246], "dvar": [0.0963356047869, 0.0817579180002, 0.0791111513972, 0.0877549424767, 0.112162269652, 0.179869025946], "dmean": [0.348484247923, 0.293699651957, 0.279150009155, 0.279348939657, 0.285335808992, 0.333511501551], "max": [-5.67310714722, -4.83535480499, -5.34833812714, -5.58424949646, -5.85881996155, -7.42458438873], "var": [1.78396248817, 2.05664348602, 2.17625522614, 2.55550694466, 2.65905070305, 3.07008385658], "mean": [-8.0748090744, -8.14918422699, -9.19550609589, -10.0204143524, -10.2826519012, -12.6810445786]}, "erbbands_flatness_db": {"dmean2": 0.026510188356, "median": 0.216663643718, "min": 0.0161185581237, "dvar2": 0.000937975244597, "dvar": 0.000462149298983, "dmean": 0.0187493283302, "max": 0.405093669891, "var": 0.00349347642623, "mean": 0.216273099184}, "spectral_energyband_high": {"dmean2": 0.000158567956532, "median": 3.98613246944e-06, "min": 5.41596975601e-11, "dvar2": 8.61824503318e-07, "dvar": 5.77199955387e-07, "dmean": 0.000126081227791, "max": 0.0301148854196, "var": 2.16207467929e-06, "mean": 0.000248709256994}, "spectral_entropy": {"dmean2": 0.299424678087, "median": 6.25232458115, "min": 3.95989847183, "dvar2": 0.127041652799, "dvar": 0.0644816160202, "dmean": 0.20636215806, "max": 9.79984855652, "var": 0.601016283035, "mean": 6.29914140701}, "silence_rate_20dB": {"dmean2": 0, "median": 1, "min": 1, "dvar2": 0, "dvar": 0, "dmean": 0, "max": 1, "var": 0, "mean": 1}, "melbands_flatness_db": {"dmean2": 0.0343727357686, "median": 0.346153140068, "min": 0.0411732457578, "dvar2": 0.00150864163879, "dvar": 0.000777602661401, "dmean": 0.0239974148571, "max": 0.653069615364, "var": 0.00878924503922, "mean": 0.345364898443}, "barkbands": {"dmean2": [1.45810354297e-05, 0.000524527509697, 0.000717519898899, 0.00138805212919, 0.00199526757933, 0.0015137399314, 0.00108298612759, 0.000452783831861, 0.000235157232964, 0.000100700417534, 0.000158477356308, 0.000179664537427, 0.000270432181424, 0.000218647823203, 0.000118128911708, 3.2052055758e-05, 4.74222906632e-05, 6.23532469035e-05, 3.62022183253e-05, 3.62399514415e-05, 3.38382960763e-05, 4.16810034949e-05, 4.68135731353e-05, 3.11590811179e-05, 1.9516386601e-05, 1.32491049953e-05, 4.07618517784e-06], "median": [6.49368621453e-06, 0.00026074872585, 0.000354513467755, 0.000262014451437, 0.001394019695, 0.000168573227711, 7.68653990235e-05, 9.99686308205e-05, 1.24147709357e-05, 1.46312240759e-05, 9.20528782444e-06, 1.23951749629e-05, 5.60559101359e-06, 4.08414007325e-06, 4.3628979256e-06, 1.69788700077e-06, 2.44856187237e-06, 1.50294533796e-06, 1.50235462115e-06, 1.05679498574e-06, 8.11018367131e-07, 5.14714656674e-07, 3.98212279151e-07, 1.95337420905e-07, 1.12749368952e-07, 5.39798428179e-08, 1.9230260051e-08], "min": [4.54977798058e-13, 1.20103186836e-13, 1.57647516918e-15, 4.23081225747e-15, 4.2523595051e-15, 2.35858628093e-14, 8.90101015084e-15, 2.23620276789e-15, 3.78903036537e-15, 9.05410712089e-15, 7.56607521454e-15, 7.88935973842e-15, 2.72015059538e-15, 1.30865139807e-15, 3.84119658349e-15, 2.32077138438e-15, 6.79865807037e-16, 5.61329581178e-16, 8.49133747782e-16, 1.27340074554e-15, 2.07152198701e-15, 7.84246121819e-15, 3.72033268992e-1