{"metadata": {"tags": {"album": ["Gate Swings"], "albumartist": ["Clarence &quot;Gatemouth&quot; Brown"], "genre": ["Other"], "artist": ["Clarence &quot;Gatemouth&quot; Brown"], "encodedby": ["if you like it, buy it"], "date": ["1997"], "tracknumber": ["12"], "title": ["Since I Fell For You"], "file_name": "297778.mp3", "musicbrainz_recordingid": ["136b0c8c-2586-49e7-99ae-058cd2717910"]}, "audio_properties": {"sample_rate": 44100, "downmix": "mix", "lossless": false, "analysis_sample_rate": 44100, "md5_encoded": "7d03cfdb653a2cf884c9f3e233fde2a0", "equal_loudness": 0, "replay_gain": -8.565574646, "codec": "mp3", "bit_rate": 192000, "length": 228.388565063}, "version": {"extractor": "music 1.0", "essentia_build_sha": "70f2e5ece6736b2c40cc944ad0e695b16b925413", "essentia_git_sha": "v2.1_beta2", "essentia": "2.1-beta2"}}, "rhythm": {"beats_loudness_band_ratio": {"dvar2": [0.116569072008, 0.0535416267812, 0.0771695971489, 0.0395823344588, 0.0192979667336, 0.00514514558017], "var": [0.0807226970792, 0.0276958942413, 0.0347006395459, 0.0249113515019, 0.00771536817774, 0.00134457484819], "min": [0, 0, 0, 0, 0, 0], "dmean": [0.230858132243, 0.125366091728, 0.179083883762, 0.105275839567, 0.0534788481891, 0.0258978679776], "mean": [0.405362486839, 0.161319255829, 0.233096018434, 0.138723000884, 0.0603435225785, 0.0229700058699], "max": [0.986759483814, 0.944254994392, 0.864348113537, 0.885748147964, 0.751646220684, 0.360328555107], "dmean2": [0.399651616812, 0.218970894814, 0.324237495661, 0.184674188495, 0.0928251966834, 0.0472693629563], "median": [0.349202334881, 0.103552401066, 0.182099029422, 0.0721140503883, 0.0304623395205, 0.0108878510073], "dvar": [0.0451968386769, 0.0216671526432, 0.0290610715747, 0.0166744440794, 0.00730213336647, 0.00185109244194]}, "bpm_histogram_first_peak_weight": {"dvar2": 0, "var": 0, "min": 0.257206201553, "dmean": 0, "mean": 0.257206201553, "max": 0.257206201553, "dmean2": 0, "median": 0.257206201553, "dvar": 0}, "bpm": 126.683311462, "beats_count": 452, "bpm_histogram_first_peak_spread": {"dvar2": 0, "var": 0, "min": 0.532258093357, "dmean": 0, "mean": 0.532258093357, "max": 0.532258093357, "dmean2": 0, "median": 0.532258093357, "dvar": 0}, "danceability": 0.94256734848, "bpm_histogram_first_peak_bpm": {"dvar2": 0, "var": 0, "min": 126, "dmean": 0, "mean": 126, "max": 126, "dmean2": 0, "median": 126, "dvar": 0}, "beats_position": [0.46439909935, 0.940408170223, 1.4164172411, 1.88081634045, 2.34521532059, 2.80961441994, 3.27401351929, 3.73841261864, 4.21442174911, 4.67882061005, 5.15482997894, 5.61922883987, 6.09523820877, 6.57124710083, 7.04725599289, 7.51165533066, 7.97605419159, 8.45206356049, 8.92807197571, 9.4040813446, 9.86848068237, 10.3444900513, 10.8204984665, 11.2848978043, 11.749297142, 12.2253055573, 12.7013149261, 13.177324295, 13.6649427414, 14.1525621414, 14.6401815414, 15.1045799255, 15.5689792633, 16.0217685699, 16.4745578766, 16.9273471832, 17.3801364899, 17.8445339203, 18.3205432892, 18.784942627, 19.2609519958, 19.7369613647, 20.2245807648, 20.7238082886, 21.1998176575, 21.6526069641, 22.1170063019, 22.5814056396, 23.0458049774, 23.4869842529, 23.9629936218, 24.4273910522, 24.89179039, 25.37940979, 25.8554191589, 26.3314285278, 26.8074378967, 27.2834453583, 27.7594547272, 28.2354640961, 28.6998634338, 29.1642627716, 29.6402721405, 30.1046714783, 30.5574588776, 31.0218582153, 31.4862575531, 31.962266922, 32.4382743835, 32.9026756287, 33.3670730591, 33.843082428, 34.3074836731, 34.7718811035, 35.2246704102, 35.6890678406, 36.1418571472, 36.5946464539, 37.0474357605, 37.5002250671, 37.9646263123, 38.4290237427, 38.8934249878, 39.3578224182, 39.8338317871, 40.309841156, 40.7858505249, 41.2618598938, 41.7843093872, 42.3067550659, 42.8175964355, 43.3516540527, 43.8857116699, 44.4197731018, 44.9422225952, 45.4646720886, 45.9871177673, 46.5211791992, 47.0552368164, 47.5544662476, 48.0536956787, 48.5529251099, 49.052154541, 49.5397720337, 50.0390014648, 50.5266189575, 51.0142402649, 51.5018577576, 51.9778671265, 52.4538764954, 52.9182739258, 53.3826751709, 53.8470726013, 54.3114738464, 54.7758712769, 55.240272522, 55.7162818909, 56.1806793213, 56.6566886902, 57.1443061829, 57.6319274902, 58.1195449829, 58.5955543518, 59.0715637207, 59.5243530273, 59.9887504578, 60.4415397644, 60.9059410095, 61.3819503784, 61.8463478088, 62.3223571777, 62.7983665466, 63.2743759155, 63.7619934082, 64.2496109009, 64.7256240845, 65.2016296387, 65.6776428223, 66.1536483765, 66.6180496216, 67.0824508667, 67.5468444824, 68.0112457275, 68.4756469727, 68.9400405884, 69.416053772, 69.8920593262, 70.3564605713, 70.8208618164, 71.2852630615, 71.7496566772, 72.2256698608, 72.701675415, 73.1776885986, 73.6536941528, 74.1297073364, 74.5824966431, 75.0352783203, 75.488067627, 75.9408569336, 76.3936462402, 76.8348312378, 77.276008606, 77.7055740356, 78.1351470947, 78.5763244629, 79.0175018311, 79.4586868286, 79.8998641968, 80.3874816895, 80.8750991821, 81.3627166748, 81.8503417969, 82.3263473511, 82.8023605347, 83.3364181519, 83.870475769, 84.4045333862, 84.9153747559, 85.4378204346, 85.9486618042, 86.4246673584, 86.9122848511, 87.3999099731, 87.8875274658, 88.3751449585, 88.8627624512, 89.3387756348, 89.8263931274, 90.3023986816, 90.7784118652, 91.2544174194, 91.730430603, 92.2064361572, 92.6824493408, 93.1468429565, 93.6228561401, 94.0872573853, 94.551651001, 95.0276641846, 95.5036697388, 95.9680709839, 96.4556884766, 96.9317016602, 97.4077072144, 97.895324707, 98.3829498291, 98.8705673218, 99.346572876, 99.8225860596, 100.310203552, 100.786209106, 101.273826599, 101.77305603, 102.272285461, 102.667030334, 103.05015564, 103.433288574, 103.816413879, 104.199546814, 104.582672119, 104.965805054, 105.33732605, 105.708839417, 106.091972351, 106.486709595, 106.881446838, 107.322631836, 107.763809204, 108.193374634, 108.669387817, 109.145393372, 109.621406555, 110.109024048, 110.596641541, 111.072654724, 111.548660278, 112.001449585, 112.477455139, 112.953468323, 113.417869568, 113.893875122, 114.358276367, 114.834281921, 115.310295105, 115.786300659, 116.250701904, 116.715103149, 117.179496765, 117.632286072, 118.096687317, 118.549476624, 119.025482178, 119.489883423, 119.954284668, 120.441902161, 120.917915344, 121.393920898, 121.869926453, 122.345939636, 122.833557129, 123.321174622, 123.762359619, 124.203536987, 124.644714355, 125.236824036, 125.828933716, 126.47908783, 127.117637634, 127.756187439, 128.383132935, 129.010070801, 129.637008667, 130.252334595, 130.867660522, 131.48298645, 132.086715698, 132.702041626, 133.328979492, 133.932693481, 134.536407471, 135.151748657, 135.778686523, 136.40562439, 137.032562256, 137.647888184, 138.27482605, 138.901763916, 139.528701782, 140.167251587, 140.794189453, 141.421127319, 142.059677124, 142.709838867, 143.313552856, 143.928878784, 144.497772217, 145.078277588, 145.635559082, 146.181228638, 146.726898193, 147.330612183, 147.934326172, 148.5496521, 149.164993286, 149.791931152, 150.418869019, 151.057418823, 151.672744751, 152.299682617, 152.926620483, 153.55355835, 154.192108154, 154.819046021, 155.445983887, 156.072921753, 156.688247681, 157.315185547, 157.942123413, 158.569061279, 159.195999146, 159.822952271, 160.438278198, 161.076828003, 161.692153931, 162.307479858, 162.934417725, 163.549743652, 164.16506958, 164.780410767, 165.395736694, 166.022674561, 166.661224365, 167.29977417, 167.926712036, 168.530426025, 169.134140015, 169.749481201, 170.364807129, 170.991744995, 171.607070923, 172.234008789, 172.710021973, 173.174423218, 173.638824463, 174.114822388, 174.579223633, 175.055236816, 175.53125, 176.007247925, 176.47164917, 176.959274292, 177.435287476, 177.9112854, 178.387298584, 178.863311768, 179.327713013, 179.803710938, 180.29133606, 180.767349243, 181.254959106, 181.696136475, 182.148925781, 182.624938965, 183.077728271, 183.530517578, 183.983306885, 184.436096191, 184.87727356, 185.29524231, 185.701583862, 186.107940674, 186.514282227, 186.920639038, 187.385025024, 187.861038208, 188.337051392, 188.801452637, 189.277450562, 189.753463745, 190.21786499, 190.693878174, 191.169876099, 191.645889282, 192.098678589, 192.551467896, 193.004257202, 193.468658447, 193.921447754, 194.362625122, 194.815414429, 195.279815674, 195.744216919, 196.208618164, 196.673019409, 197.149017334, 197.625030518, 198.089431763, 198.553833008, 199.018234253, 199.482620239, 199.947021484, 200.411422729, 200.864212036, 201.328613281, 201.793014526, 202.303848267, 202.826293945, 203.337142944, 203.813140869, 204.277542114, 204.741943359, 205.217956543, 205.693969727, 206.18157959, 206.657592773, 207.133605957, 207.609603882, 208.097229004, 208.584854126, 209.072463989, 209.606521606, 210.140579224, 210.686248779, 211.243530273, 211.800811768, 212.358093262, 212.903762817, 213.461044312, 214.134414673, 214.796188354, 215.457962036, 216.131332397, 216.804718018, 217.478088379, 218.151473999, 218.74357605, 219.335693359, 219.916183472, 220.485076904, 221.053970337, 221.622848511, 222.191741943, 222.760635376, 223.341125488, 223.933242798, 224.548568726, 225.163894653, 225.779220581, 226.394546509, 227.009887695, 227.625213623], "beats_loudness": {"dvar2": 0.00200055143796, "var": 0.000790491816588, "min": 0, "dmean": 0.0183891765773, "mean": 0.0266571398824, "max": 0.211703464389, "dmean2": 0.031297210604, "median": 0.0185688529164, "dvar": 0.000729934952687}, "bpm_histogram_second_peak_weight": {"dvar2": 0, "var": 0, "min": 0.0709534361959, "dmean": 0, "mean": 0.0709534361959, "max": 0.0709534361959, "dmean2": 0, "median": 0.0709534361959, "dvar": 0}, "bpm_histogram_second_peak_spread": {"dvar2": 0, "var": 0, "min": 0.319148957729, "dmean": 0, "mean": 0.319148957729, "max": 0.319148957729, "dmean2": 0, "median": 0.319148957729, "dvar": 0}, "bpm_histogram_second_peak_bpm": {"dvar2": 0, "var": 0, "min": 133, "dmean": 0, "mean": 133, "max": 133, "dmean2": 0, "median": 133, "dvar": 0}, "onset_rate": 2.50872254372}, "lowlevel": {"spectral_energyband_high": {"dvar2": 1.18653090908e-07, "var": 1.16436282838e-07, "min": 7.07894948212e-21, "dmean": 8.22768197395e-05, "mean": 0.000186256991583, "max": 0.00598296523094, "dmean2": 0.0001176537844, "median": 5.82570792176e-05, "dvar": 5.45845253441e-08}, "spectral_energyband_middle_low": {"dvar2": 5.92516480538e-05, "var": 0.000177198424353, "min": 1.62937250977e-22, "dmean": 0.00241199112497, "mean": 0.00901288632303, "max": 0.1964199543, "dmean2": 0.00351673504338, "median": 0.0053988029249, "dvar": 3.12565898639e-05}, "spectral_energy": {"dvar2": 0.000174697954208, "var": 0.000465161690954, "min": 9.8289065818e-21, "dmean": 0.0040205991827, "mean": 0.020477367565, "max": 0.266540467739, "dmean2": 0.00582600617781, "median": 0.014400000684, "dvar": 8.42302906676e-05}, "spectral_spread": {"dvar2": 909936427008, "var": 29319164330000.0, "min": 1301020.875, "dmean": 422495.96875, "mean": 4436236.5, "max": 42608420, "dmean2": 590874.6875, "median": 3257908.75, "dvar": 526901149696}, "spectral_energyband_low": {"dvar2": 6.04586784902e-05, "var": 4.03204612667e-05, "min": 1.02691798494e-23, "dmean": 0.00128987303469, "mean": 0.00600358005613, "max": 0.124038435519, "dmean2": 0.00211330596358, "median": 0.00494992220774, "dvar": 2.32906550082e-05}, "spectral_rolloff": {"dvar2": 887090.1875, "var": 7059626, "min": 21.533203125, "dmean": 212.899215698, "mean": 1354.26184082, "max": 19918.2128906, "dmean2": 355.922790527, "median": 839.794921875, "dvar": 383454.78125}, "barkbands": {"dvar2": [4.02211270512e-07, 3.33740426868e-05, 7.41254416425e-06, 1.95086886379e-06, 3.36372113452e-06, 7.57732686907e-06, 1.64478278748e-05, 2.38696429733e-05, 2.49478307524e-05, 2.8474129067e-05, 6.75604860589e-06, 8.27297026262e-06, 4.12933650296e-06, 2.30489331443e-06, 1.16612409329e-06, 4.32217206026e-07, 3.89116650013e-07, 4.94850560528e-08, 9.83259909049e-08, 3.02642853001e-08, 6.86844847664e-09, 6.99166102791e-09, 5.56871260216e-09, 4.78296957596e-09, 1.37724027738e-08, 1.39486044937e-09, 2.43567384144e-12], "var": [3.31769570039e-07, 2.21696973313e-05, 3.23989820572e-06, 1.08924416509e-06, 3.76069806407e-06, 1.52799984789e-05, 1.67352554854e-05, 3.61592356057e-05, 6.04979250056e-05, 3.1351501093e-05, 8.39598124003e-06, 1.4670683413e-05, 8.24501239549e-06, 3.86814372177e-06, 5.69578605791e-06, 9.40805932714e-07, 7.37584230137e-07, 4.6430802314e-08, 6.58014442934e-08, 3.99961379571e-08, 6.61918209133e-09, 1.08919762098e-08, 4.83980278077e-09, 3.75365871719e-09, 5.60577717579e-09, 5.44614409126e-10, 1.11391494986e-12], "min": [6.48016816386e-26, 2.02556189343e-24, 7.61123273894e-25, 8.33267956336e-25, 7.00379820623e-24, 5.42224174292e-24, 7.79787742634e-24, 5.85196977674e-24, 1.56107148109e-23, 1.3503667333e-23, 9.10026469275e-24, 1.98479644119e-23, 2.40320100779e-23, 3.18907560117e-23, 4.03810387427e-23, 4.73179754652e-23, 4.59905213546e-23, 7.69821968155e-23, 1.05218368513e-22, 1.59380232979e-22, 2.07676354946e-22, 2.64221753171e-22, 2.7666354115e-22, 5.32873648211e-22, 7.82387146601e-22, 1.26691253229e-21, 1.83402945858e-21], "dmean": [9.44377534324e-05, 0.000899101782124, 0.000428218831075, 0.000283931120066, 0.000500940484926, 0.000623572326731, 0.000716775539331, 0.000749251979869, 0.000884775130544, 0.000425887759775, 0.000455040077213, 0.000484140386106, 0.000357170589268, 0.000257166451775, 0.00017440065858, 0.000159861374414, 0.000147815764649, 4.96862921864e-05, 4.38845963799e-05, 3.92069268855e-05, 1.75889817911e-05, 2.14950705413e-05, 1.42123672049e-05, 8.77316688275e-06, 1.62870455824e-05, 4.95544463774e-06, 2.06201974606e-07], "mean": [0.000206624390557, 0.00464520230889, 0.000873045471963, 0.00055646506371, 0.00117834284902, 0.00141425884794, 0.00153741810936, 0.00158355827443, 0.00248965993524, 0.000904632732272, 0.000942571787164, 0.00123339705169, 0.000784929667134, 0.000531435885932, 0.000444604869699, 0.000370585708879, 0.000317705504131, 0.000111949426355, 0.000104045619082, 9.71595727606e-05, 4.03838348575e-05, 4.5917906391e-05, 2.66349179583e-05, 1.45687426993e-05, 1.73012231244e-05, 4.77150024381e-06, 1.9213076996e-07], "max": [0.0144495079294, 0.09004855901, 0.0375564321876, 0.0330809690058, 0.0369902960956, 0.141629010439, 0.118751078844, 0.145483165979, 0.173456251621, 0.210298299789, 0.0594812110066, 0.102752752602, 0.0758593529463, 0.0578723698854, 0.0552395544946, 0.0143721457571, 0.0197164863348, 0.00798251386732, 0.0100723300129, 0.00578146195039, 0.00252517522313, 0.00187242112588, 0.00205503986217, 0.00233351299539, 0.00132684037089, 0.000385685707442, 1.85396202141e-05], "dmean2": [0.000144228135468, 0.00148039520718, 0.000720882031601, 0.000483047246234, 0.000808994227555, 0.000955649418756, 0.00108224828728, 0.00106769427657, 0.00123274617363, 0.000618941674475, 0.000653172377497, 0.000697321200278, 0.000506622891407, 0.000383035221603, 0.00026269920636, 0.000236644293182, 0.000224501360208, 7.82916613389e-05, 6.87634383212e-05, 5.96762110945e-05, 2.66759689111e-05, 3.13364835165e-05, 2.06356544368e-05, 1.2401324966e-05, 2.51397377724e-05, 7.72709790908e-06, 3.22541950482e-07], "median": [1.01277701106e-05, 0.00414747186005, 0.000374728668248, 0.000203744362807, 0.000620623235591, 0.000494972802699, 0.000468761601951, 0.000225356518058, 0.000570747884922, 0.000153788190801, 0.000162165641086, 0.00014140275016, 0.000113353264169, 0.000102382677142, 5.93641125306e-05, 7.13685294613e-05, 6.41766091576e-05, 3.82928483305e-05, 3.03575579892e-05, 2.84165507765e-05, 1.09159727799e-05, 9.49769673753e-06, 6.19347838438e-06, 3.23571885019e-06, 1.75759964804e-06, 3.86844021705e-07, 8.94287399689e-09], "dvar": [1.77585945949e-07, 1.21943385238e-05, 2.74033618552e-06, 6.77215552969e-07, 1.32815182496e-06, 4.10153006669e-06, 7.21357082512e-06, 1.30715998239e-05, 1.31944734676e-05, 1.26445447677e-05, 3.1318593301e-06, 4.09079893871e-06, 2.45854039349e-06, 1.20612469345e-06, 6.17940656866e-07, 2.00419080443e-07, 1.87695874843e-07, 2.08021262438e-08, 3.84819855981e-08, 1.32899984351e-08, 2.78342615623e-09, 3.28489146995e-09, 2.46051867769e-09, 2.26531082781e-09, 5.82955328454e-09, 5.93721127817e-10, 1.07441215213e-12]}, "melbands_skewness": {"dvar2": 1.07704901695, "var": 3.71881914139, "min": -2.55984830856, "dmean": 0.465999722481, "mean": 2.18969154358, "max": 19.147983551, "dmean2": 0.683273077011, "median": 1.77701938152, "dvar": 0.521227836609}, "barkbands_skewness": {"dvar2": 0.648442804813, "var": 2.7789914608, "min": -2.4490582943, "dmean": 0.377632319927, "mean": 1.44734251499, "max": 15.3846654892, "dmean2": 0.554422974586, "median": 1.16657721996, "dvar": 0.324042797089}, "erbbands": {"dvar2": [0.0291442032903, 1.90910685062, 9.86801624298, 13.8257732391, 28.3871212006, 52.8184547424, 322.234527588, 517.735656738, 2058.3515625, 4705.61962891, 12611.8701172, 6489.11328125, 12425.859375, 18199.2851562, 15736.8837891, 11976.8232422, 8615.80078125, 5223.61132812, 6282.15087891, 790.155639648, 1231.99328613, 1206.2298584, 158.651092529, 305.245910645, 150.329589844, 32.4931716919, 7.94836997986, 13.2429800034, 9.93263530731, 5.67199659348, 4.95893287659, 3.02308058739, 1.04527640343, 1.08598744869, 0.951461136341, 0.0879791080952, 0.00185736175627, 2.9142231142e-05, 4.92921081729e-08, 2.72607658669e-10], "var": [0.0373432375491, 0.930516958237, 4.22068929672, 6.80987691879, 16.0034255981, 71.8125228882, 732.866577148, 704.844238281, 2916.546875, 4825.46240234, 28322.5664062, 17047.6269531, 16115.9052734, 24339.9902344, 9368.93652344, 25638.328125, 15058.8203125, 11903.7060547, 12301.1054688, 4111.62597656, 3675.23071289, 2821.39941406, 161.187667847, 184.075866699, 190.601333618, 55.9597358704, 13.6448326111, 13.3870573044, 16.0742530823, 7.63361406326, 3.61450600624, 2.10762357712, 0.83740901947, 0.515748858452, 0.358394950628, 0.0333837233484, 0.000780172355007, 1.36727776407e-05, 2.25487042371e-08, 6.86658785387e-10], "min": [7.75341470136e-23, 3.10186343089e-22, 1.49191828068e-21, 4.16197096507e-21, 1.18344366731e-20, 2.57487883003e-20, 5.35247442503e-20, 5.42750423024e-20, 8.24543521986e-20, 1.65575838486e-19, 2.33117901386e-19, 3.35818087151e-19, 3.89530646636e-19, 7.39421609247e-19, 8.30222569256e-19, 8.15631723636e-19, 1.36905339695e-18, 1.88905221722e-18, 2.48423431055e-18, 2.54078885583e-18, 3.50126776294e-18, 3.56804274507e-18, 4.58288623678e-18, 5.36107418242e-18, 6.94821953813e-18, 8.77544496765e-18, 8.1210690025e-18, 9.29907262927e-18, 9.34031833616e-18, 8.96909622086e-18, 1.01152037632e-17, 1.09949690745e-17, 9.17239984463e-18, 7.24204401788e-18, 6.18747765879e-18, 3.72546307385e-18, 2.31087069585e-18, 9.32410394179e-19, 2.42570869728e-19, 2.63904914319e-20], "dmean": [0.0260142255574, 0.208493441343, 0.481319874525, 0.736388802528, 1.20928537846, 1.94246101379, 3.3826406002, 5.24765539169, 9.18922710419, 11.39539814, 19.8235492706, 16.1848049164, 12.6425218582, 17.3975486755, 12.4027032852, 19.6349601746, 15.9441547394, 12.9655256271, 9.53302192688, 7.03758525848, 8.4118976593, 7.66251945496, 2.82852387428, 2.64236950874, 2.24891972542, 1.4397662878, 0.752980649471, 0.728632569313, 0.807970941067, 0.544606208801, 0.370633304119, 0.229840353131, 0.129344493151, 0.154461860657, 0.127371788025, 0.0388746447861, 0.00593699933961, 0.000774418818764, 2.90076168312e-05, 5.4528468354e-06], "mean": [0.141149684787, 0.986222088337, 1.29901337624, 1.47579300404, 2.6003215313, 4.44127178192, 7.99140262604, 11.5098619461, 20.7322559357, 24.2627429962, 46.8779525757, 46.0158233643, 35.8305130005, 41.633102417, 29.1163215637, 51.3513031006, 37.8688774109, 31.5821933746, 22.980342865, 18.9732704163, 22.6750907898, 18.0238380432, 7.01100063324, 5.9782075882, 5.9433555603, 3.8624150753, 1.90197622776, 1.73515415192, 1.73970401287, 1.14060938358, 0.679755330086, 0.382575601339, 0.208937838674, 0.185504391789, 0.123792313039, 0.0366041101515, 0.00589034147561, 0.00078666646732, 3.75087329303e-05, 2.48785127042e-05], "max": [2.67822408676, 22.1614322662, 42.7441902161, 51.5629310608, 144.149871826, 159.468215942, 1038.02722168, 643.687988281, 1225.50268555, 1866.69897461, 3963.23022461, 2860.89868164, 3495.86938477, 4577.21142578, 4319.11914062, 3776.08203125, 3306.84716797, 3355.62768555, 2516.19824219, 1430.90551758, 991.677307129, 1323.21691895, 466.449737549, 613.137451172, 405.989349365, 125.118492126, 57.6295890808, 116.665466309, 71.8352813721, 51.9994926453, 68.9059677124, 57.4075698853, 31.8616733551, 13.1483421326, 11.637928009, 2.80765390396, 0.44144564867, 0.0493684224784, 0.00332786445506, 0.000312266231049], "dmean2": [0.0425837524235, 0.347507745028, 0.812613964081, 1.24710297585, 2.01551365852, 3.13693594933, 5.16732311249, 8.13809967041, 13.6345720291, 16.7589187622, 27.6684951782, 22.2316398621, 18.0387554169, 25.4126091003, 17.6532554626, 27.8129825592, 22.7989940643, 18.9701271057, 13.9580020905, 10.1802024841, 12.4318008423, 11.5888233185, 4.38432884216, 4.1868853569, 3.47110795975, 2.21398234367, 1.13490498066, 1.08207368851, 1.18704617023, 0.787586510181, 0.539437413216, 0.331128656864, 0.185740962625, 0.235281065106, 0.199976071715, 0.060984056443, 0.00917616579682, 0.00118462927639, 4.46703779744e-05, 7.8940684034e-06], "median": [0.0696121528745, 0.939804911613, 0.77718693018, 0.644728243351, 1.47908854485, 2.16363167763, 2.64086699486, 3.99392437935, 6.70267724991, 7.13307714462, 8.50866794586, 12.6379890442, 8.51035881042, 7.22151279449, 5.21537923813, 6.42150068283, 6.13995075226, 6.41742515564, 3.93395781517, 4.04049444199, 4.84153032303, 3.73909282684, 2.58860683441, 1.88157844543, 1.65598535538, 1.17156076431, 0.574702858925, 0.428097128868, 0.352415502071, 0.265149742365, 0.159106090665, 0.0960877835751, 0.0399955548346, 0.0237099565566, 0.00971021037549, 0.00289864256047, 0.000458292284748, 5.92884098296e-05, 1.02733047243e-05, 1.72498512256e-05], "dvar": [0.0111957089975, 0.677095234394, 3.59861302376, 4.92214775085, 10.2045402527, 20.8003520966, 183.751922607, 236.665847778, 1004.67681885, 2264.37597656, 7089.90087891, 3654.1184082, 5369.17626953, 8008.54003906, 6250.61669922, 6289.02490234, 4778.33935547, 2836.26416016, 3075.72167969, 500.371551514, 592.086120605, 604.609924316, 67.8079605103, 116.886161804, 64.2306060791, 14.5061941147, 3.47948145866, 5.57309055328, 4.66846656799, 2.74958252907, 2.1101911068, 1.35872244835, 0.50525200367, 0.467612951994, 0.398611307144, 0.0371999703348, 0.0008085827576, 1.31414808493e-05, 2.14274997745e-08, 1.32473074177e-10]}, "silence_rate_30dB": {"dvar2": 0.0124969789758, "var": 0.00956357363611, "min": 0, "dmean": 0.0052867019549, "mean": 0.99034255743, "max": 1, "dmean2": 0.0105744786561, "median": 1, "dvar": 0.00525848194957}, "melbands_spread": {"dvar2": 67.4655838013, "var": 415.313323975, "min": 0.482325792313, "dmean": 3.33929800987, "mean": 20.2525577545, "max": 170.028030396, "dmean2": 5.05404138565, "median": 16.0050163269, "dvar": 29.7080402374}, "melbands_crest": {"dvar2": 11.0263185501, "var": 37.0482254028, "min": 1.5784907341, "dmean": 1.87012457848, "mean": 14.5622282028, "max": 33.5744476318, "dmean2": 2.94343876839, "median": 13.6950883865, "dvar": 4.67764854431}, "zerocrossingrate": {"dvar2": 0.000146289719851, "var": 0.00483023794368, "min": 0.001953125, "dmean": 0.00593810761347, "mean": 0.047999728471, "max": 0.5283203125, "dmean2": 0.0071476730518, "median": 0.03564453125, "dvar": 0.000101855912362}, "barkbands_kurtosis": {"dvar2": 118.196327209, "var": 305.327667236, "min": -1.86623454094, "dmean": 2.57093930244, "mean": 6.63247728348, "max": 342.596801758, "dmean2": 3.87087845802, "median": 1.93051338196, "dvar": 60.2228279114}, "spectral_flux": {"dvar2": 0.00138867308851, "var": 0.00189729337581, "min": 6.37446345708e-11, "dmean": 0.015704665333, "mean": 0.0482931211591, "max": 0.515451550484, "dmean2": 0.0243760459125, "median": 0.0362869501114, "dvar": 0.000638031575363}, "barkbands_crest": {"dvar2": 8.45811080933, "var": 23.9282226562, "min": 2.85512638092, "dmean": 1.64943420887, "mean": 11.5660057068, "max": 26.0986003876, "dmean2": 2.57874131203, "median": 10.6789932251, "dvar": 3.48727655411}, "barkbands_flatness_db": {"dvar2": 0.00054604455363, "var": 0.00369946379215, "min": 0.029684536159, "dmean": 0.0145669141784, "mean": 0.178608775139, "max": 0.426905959845, "dmean2": 0.0207972973585, "median": 0.168757766485, "dvar": 0.00027673743898}, "spectral_entropy": {"dvar2": 0.0431874133646, "var": 0.375044196844, "min": 4.68715953827, "dmean": 0.133608832955, "mean": 7.16698026657, "max": 9.82763385773, "dmean2": 0.188063651323, "median": 7.17185544968, "dvar": 0.0244206339121}, "pitch_salience": {"dvar2": 0.00570816593245, "var": 0.0157437175512, "min": 0.0800365060568, "dmean": 0.0457881838083, "mean": 0.509330332279, "max": 0.924359083176, "dmean2": 0.0728140845895, "median": 0.510356128216, "dvar": 0.00228579202667}, "erbbands_spread": {"dvar2": 98.2389144897, "var": 263.003692627, "min": 0.977984368801, "dmean": 4.81802082062, "mean": 28.234085083, "max": 155.05758667, "dmean2": 6.98899888992, "median": 25.8582401276, "dvar": 50.5367660522}, "dynamic_complexity": 4.65239429474, "spectral_contrast_valleys": {"dvar2": [0.255350649357, 0.197785869241, 0.178954228759, 0.152005165815, 0.110014297068, 0.0908903926611], "var": [8.91084766388, 9.10517883301, 8.47232913971, 8.1660785675, 7.82389259338, 6.08123016357], "min": [-28.3254375458, -28.1954784393, -28.0521640778, -27.7478809357, -27.5476417542, -27.4336986542], "dmean": [0.333540856838, 0.290297299623, 0.279777944088, 0.247421234846, 0.205389752984, 0.223038226366], "mean": [-7.9810552597, -7.47632741928, -8.38565635681, -8.7815322876, -9.05997085571, -11.5495986938], "max": [-5.49966669083, -4.35218048096, -5.12921047211, -5.84672021866, -5.75243520737, -7.99822092056], "dmean2": [0.540036857128, 0.471804857254, 0.445395767689, 0.396997690201, 0.309956997633, 0.281557232141], "median": [-7.35754776001, -6.95770120621, -7.90516853333, -8.30403995514, -8.59784317017, -11.2558765411], "dvar": [0.122649677098, 0.0894574001431, 0.0854766592383, 0.0738454610109, 0.0601967610419, 0.0670243129134]}, "hfc": {"dvar2": 103.740684509, "var": 413.165924072, "min": 1.0584606427e-16, "dmean": 3.06998896599, "mean": 14.0166969299, "max": 228.306915283, "dmean2": 4.12862968445, "median": 6.38918018341, "dvar": 56.2343482971}, "spectral_kurtosis": {"dvar2": 21.0147743225, "var": 22.8532905579, "min": -1.27767467499, "dmean": 2.37907218933, "mean": 6.73510169983, "max": 39.5453224182, "dmean2": 4.01225471497, "median": 5.71838092804, "dvar": 7.25618267059}, "mfcc": {"mean": [-706.132385254, 150.453018188, -6.20954942703, 17.6360645294, -0.515046536922, 8.3008518219, -2.84413385391, 6.32152986526, 1.67597925663, 3.87943077087, 2.78517603874, 3.10934305191, 4.70279502869], "cov": [[10725.5371094, 1015.01922607, -1432.81347656, -65.4281997681, -318.530975342, -134.671890259, 29.4466590881, 165.72227478, 101.398277283, 161.91784668, 95.7911605835, 120.093887329, 128.958450317], [1015.01922607, 1537.98364258, -155.155136108, 91.8746795654, 16.1210803986, 15.9672040939, 35.8893432617, 91.0860977173, 9.04874229431, 64.3036651611, 43.4175186157, 36.6341323853, 49.1603164673], [-1432.81347656, -155.155136108, 1023.17944336, 124.026573181, 175.470993042, 217.532180786, 2.34253621101, 7.66642332077, 44.8464202881, -37.5763130188, 24.5588207245, 13.2163143158, 29.5613822937], [-65.4281997681, 91.8746795654, 124.026573181, 303.514312744, 152.906890869, 24.4373531342, 74.7280426025, 19.1122932434, 1.42193710804, 55.6506080627, 16.194103241, 30.4320545197, -17.0751285553], [-318.530975342, 16.1210803986, 175.470993042, 152.906890869, 284.083251953, 81.5878372192, -3.14265394211, -10.2731647491, 17.4420375824, 34.6978530884, 18.3651771545, 19.1559619904, -6.26021385193], [-134.671890259, 15.9672040939, 217.532180786, 24.4373531342, 81.5878372192, 257.344421387, 34.7414741516, 44.9264602661, 63.2445678711, -14.4165630341, 27.9437484741, 5.37111473083, 43.6260719299], [29.4466590881, 35.8893432617, 2.34253621101, 74.7280426025, -3.14265394211, 34.7414741516, 254.147415161, 85.6496200562, 22.6177558899, 50.6850395203, 41.7575798035, 11.3065452576, -0.339799821377], [165.72227478, 91.0860977173, 7.66642332077, 19.1122932434, -10.2731647491, 44.9264602661, 85.6496200562, 157.873596191, 74.4345397949, 28.3305912018, 15.83132267, 10.6283483505, 28.4676990509], [101.398277283, 9.04874229431, 44.8464202881, 1.42193710804, 17.4420375824, 63.2445678711, 22.6177558899, 74.4345397949, 136.691116333, 35.0358772278, 18.2053623199, 11.8413925171, 37.2902679443], [161.91784668, 64.3036651611, -37.5763130188, 55.6506080627, 34.6978530884, -14.4165630341, 50.6850395203, 28.3305912018, 35.0358772278, 120.517280579, 45.4830245972, 14.2923145294, -0.276645123959], [95.7911605835, 43.4175186157, 24.5588207245, 16.194103241, 18.3651771545, 27.9437484741, 41.7575798035, 15.83132267, 18.2053623199, 45.4830245972, 112.330726624, 41.4633369446, 11.5068807602], [120.093887329, 36.6341323853, 13.2163143158, 30.4320545197, 19.1559619904, 5.37111473083, 11.3065452576, 10.6283483505, 11.8413925171, 14.2923145294, 41.4633369446, 100.997665405, 44.7537307739], [128.958450317, 49.1603164673, 29.5613822937, -17.0751285553, -6.26021385193, 43.6260719299, -0.339799821377, 28.4676990509, 37.2902679443, -0.276645123959, 11.5068807602, 44.7537307739, 119.962677002]], "icov": [[0.000129509600811, -5.19671884831e-05, 0.000186380304513, -8.30712160678e-05, 0.000121602752188, -8.639691805e-05, 7.73268402554e-05, -4.82486138935e-05, -6.38845740468e-05, -6.32415612927e-05, -6.60391306155e-05, -8.21919165901e-05, -6.95336930221e-05], [-5.19671884831e-05, 0.000755152839702, 8.3433544205e-05, -0.00025665355497, 4.32113466786e-07, -0.00010420090257, 0.000197982240934, -0.000523656664882, 0.000418447307311, -0.000225634415983, -0.000177992493263, 7.72745042923e-05, -0.000290292024147], [0.000186380304513, 8.3433544205e-05, 0.00162400945555, -0.000621127081104, -0.000206747281482, -0.00100873317569, 0.000253773701843, -1.62734577316e-05, -0.000227367127081, 0.000561889552046, -0.00043979648035, 3.19478203892e-05, -0.000260276894551], [-8.30712160678e-05, -0.00025665355497, -0.000621127081104, 0.00585604086518, -0.0028070632834, 0.000471535604447, -0.00160717638209, -0.00021254211606, 0.000797295302618, -0.00164422788657, 0.00150430260692, -0.00178205152042, 0.0011778807966], [0.000121602752188, 4.32113466786e-07, -0.000206747281482, -0.0028070632834, 0.00611960981041, -0.00184585805982, 0.00120300729759, 0.000829141004942, -0.000322503648931, -0.00146523141302, 4.72657484352e-05, -0.000613778363913, 0.000639085075818], [-8.639691805e-05, -0.00010420090257, -0.00100873317569, 0.000471535604447, -0.00184585805982, 0.00655382080004, -0.00100070936605, -0.000382035475923, -0.00211644009687, 0.00254379073158, -0.00175896449946, 0.0016599757364, -0.00172741746064], [7.73268402554e-05, 0.000197982240934, 0.000253773701843, -0.00160717638209, 0.00120300729759, -0.00100070936605, 0.00601458875462, -0.00323958625086, 0.00140150950756, -0.00151662132703, -0.00144000316504, 0.000262830377324, 0.000357869954314], [-4.82486138935e-05, -0.000523656664882, -1.62734577316e-05, -0.00021254211606, 0.000829141004942, -0.000382035475923, -0.00323958625086, 0.0111751267686, -0.00537105789408, 0.000171136867721, 0.000756250112318, -6.90255328664e-05, -0.00061547459336], [-6.38845740468e-05, 0.000418447307311, -0.000227367127081, 0.000797295302618, -0.000322503648931, -0.00211644009687, 0.00140150950756, -0.00537105789408, 0.0125631969422, -0.00385442120023, 0.000337251665769, 5.84913905186e-05, -0.00187021610327], [-6.32415612927e-05, -0.000225634415983, 0.000561889552046, -0.00164422788657, -0.00146523141302, 0.00254379073158, -0.00151662132703, 0.000171136867721, -0.00385442120023, 0.013599133119, -0.0050273835659, 0.00151423702482, -0.000111676738015], [-6.60391306155e-05, -0.000177992493263, -0.00043979648035, 0.00150430260692, 4.72657484352e-05, -0.00175896449946, -0.00144000316504, 0.000756250112318, 0.000337251665769, -0.0050273835659, 0.0137080289423, -0.00577203370631, 0.00164705060888], [-8.21919165901e-05, 7.72745042923e-05, 3.19478203892e-05, -0.00178205152042, -0.000613778363913, 0.0016599757364, 0.000262830377324, -6.90255328664e-05, 5.84913905186e-05, 0.00151423702482, -0.00577203370631, 0.0153161371127, -0.00599834416062], [-6.95336930221e-05, -0.000290292024147, -0.000260276894551, 0.0011778807966, 0.000639085075818, -0.00172741746064, 0.000357869954314, -0.00061547459336, -0.00187021610327, -0.000111676738015, 0.00164705060888, -0.00599834416062, 0.012230922468]]}, "silence_rate_20dB": {"dvar2": 0, "var": 0, "min": 1, "dmean": 0, "mean": 1, "max": 1, "dmean2": 0, "median": 1, "dvar": 0}, "melbands_kurtosis": {"dvar2": 476.272857666, "var": 976.324279785, "min": -1.76865065098, "dmean": 5.07890224457, "mean": 13.820473671, "max": 462.325561523, "dmean2": 7.55189990997, "median": 4.52522277832, "dvar": 231.501342773}, "barkbands_spread": {"dvar2": 55.6470756531, "var": 97.7582626343, "min": 0.395372271538, "dmean": 2.90589499474, "mean": 15.4434309006, "max": 109.446014404, "dmean2": 4.32821369171, "median": 14.0732822418, "dvar": 27.013168335}, "erbbands_skewness": {"dvar2": 0.184980913997, "var": 0.761555373669, "min": -3.43674778938, "dmean": 0.276689767838, "mean": 0.597221195698, "max": 7.19168329239, "dmean2": 0.412967830896, "median": 0.504948019981, "dvar": 0.0928401201963}, "average_loudness": 0.276103705168, "spectral_centroid": {"dvar2": 91926.828125, "var": 2232815, "min": 182.252197266, "dmean": 134.594360352, "mean": 1206.23156738, "max": 12006.7519531, "dmean2": 202.718353271, "median": 940.083557129, "dvar": 45746.7304688}, "dissonance": {"dvar2": 0.0015884389868, "var": 0.00196206616238, "min": 0.139158278704, "dmean": 0.0229177139699, "mean": 0.440817207098, "max": 0.500000059605, "dmean2": 0.0382202006876, "median": 0.451425790787, "dvar": 0.000589522300288}, "erbbands_flatness_db": {"dvar2": 0.000390923814848, "var": 0.00274384906515, "min": 0.0501953922212, "dmean": 0.0135183548555, "mean": 0.190151885152, "max": 0.458435148001, "dmean2": 0.0183074269444, "median": 0.186622872949, "dvar": 0.000251078716246}, "spectral_strongpeak": {"dvar2": 1.41483700275, "var": 3.20857572556, "min": 0, "dmean": 0.37717461586, "mean": 1.07964622974, "max": 16.7738742828, "dmean2": 0.61046731472, "median": 0.279039114714, "dvar": 0.644137680531}, "spectral_rms": {"dvar2": 8.39209405967e-07, "var": 3.97487337978e-06, "min": 3.09663969814e-12, "dmean": 0.000384521321394, "mean": 0.00400038296357, "max": 0.0161257404834, "dmean2": 0.000550759083126, "median": 0.00374817033298, "dvar": 4.30826162301e-07}, "silence_rate_60dB": {"dvar2": 0.03422447294, "var": 0.0791888237, "min": 0, "dmean": 0.0154534364119, "mean": 0.0867134258151, "max": 1, "dmean2": 0.0309100151062, "median": 0, "dvar": 0.0152151444927}, "melbands": {"dvar2": [2.24106793212e-06, 2.82291921394e-06, 4.13654277054e-07, 1.85653675544e-07, 2.54987838844e-07, 2.58173940892e-07, 5.19420950695e-07, 6.51682228181e-07, 8.9560012384e-07, 2.57404025206e-07, 3.85291798466e-07, 4.15888735006e-07, 1.20116055768e-07, 1.44586650208e-07, 1.05371398718e-07, 5.09759132683e-08, 1.97721963247e-08, 2.42860167532e-08, 5.46403366997e-09, 2.03818517619e-09, 2.1726442867e-09, 2.04957451011e-09, 3.26136812001e-10, 9.64383572999e-11, 2.69130800978e-10, 1.21605239767e-10, 1.06112389708e-10, 1.18172537728e-11, 3.07783334409e-12, 5.62647975086e-12, 5.78524164338e-12, 4.74886146032e-12, 1.97723131271e-12, 2.09544295977e-12, 1.74851561181e-12, 1.61667543502e-12, 1.17490620097e-12, 7.75060679699e-13, 2.94523899626e-13, 1.15468734834e-12], "var": [2.06575441553e-06, 1.18807633953e-06, 1.95616763676e-07, 2.09404717566e-07, 5.43193891644e-07, 4.02286190138e-07, 6.52001403978e-07, 7.66390826357e-07, 2.55805775851e-06, 6.65583684167e-07, 4.94372216053e-07, 5.06122205479e-07, 9.56189936119e-08, 1.86793158719e-07, 1.76117254114e-07, 7.68872467916e-08, 3.7963339139e-08, 2.84369772174e-08, 3.36647794086e-08, 3.18825099654e-09, 5.09063502463e-09, 4.25095336709e-09, 3.83731074693e-10, 8.75689104562e-11, 1.41371955809e-10, 9.97853882856e-11, 1.22727647489e-10, 1.8769338514e-11, 5.63490920591e-12, 4.51253487702e-12, 6.40310894584e-12, 7.73612424121e-12, 2.47064716775e-12, 2.51550928525e-12, 1.38448920297e-12, 9.28348110191e-13, 8.06758739674e-13, 5.14703134714e-13, 2.45798878213e-13, 4.72742992755e-13], "min": [9.39381876824e-25, 5.93470955139e-25, 9.45368936665e-25, 1.4095736433e-24, 1.92038681602e-24, 1.07691563413e-24, 1.30892297901e-24, 1.68093932951e-24, 1.56502045961e-24, 2.2035399577e-24, 1.89864659833e-24, 2.10050663765e-24, 2.02409224556e-24, 2.49763400848e-24, 2.19496977282e-24, 2.87585277784e-24, 2.63400301266e-24, 3.36392890851e-24, 3.56452519266e-24, 2.13604422978e-24, 4.04590941627e-24, 2.91339762655e-24, 2.86969374632e-24, 3.14989575935e-24, 3.42779350968e-24, 4.13864474884e-24, 4.27249472293e-24, 5.6423769284e-24, 3.87924085636e-24, 4.33477174153e-24, 4.32005948565e-24, 4.96327457966e-24, 5.02216896269e-24, 4.27089688517e-24, 4.65777044474e-24, 5.21417967917e-24, 6.10461746999e-24, 5.85448663746e-24, 5.33679864056e-24, 4.7536024508e-24], "dmean": [0.000237094965996, 0.000255814607954, 0.000133924389957, 0.000112952526251, 0.0001058449634, 0.000121050026792, 0.000142207718454, 0.000131948094349, 0.000179994589416, 0.000100292381831, 6.62541933707e-05, 7.10629537934e-05, 4.6475623094e-05, 4.41390329797e-05, 5.92015421716e-05, 3.31321061822e-05, 2.52090012509e-05, 1.66586651176e-05, 1.38458999572e-05, 1.07015684989e-05, 1.02106523627e-05, 9.67800224316e-06, 3.92345873479e-06, 2.03127910936e-06, 2.36308164858e-06, 1.65534788721e-06, 1.97639974431e-06, 8.97744143913e-07, 5.15196006745e-07, 4.70017994303e-07, 4.7913721346e-07, 5.41976987734e-07, 3.42077669302e-07, 3.09803198206e-07, 2.29571838872e-07, 1.79344453954e-07, 1.33837801286e-07, 9.18403770811e-08, 9.27271557316e-08, 1.49805131855e-07], "mean": [0.00129061774351, 0.000927157583646, 0.000281922577415, 0.000260814937064, 0.000255909544649, 0.000270520540653, 0.000321174535202, 0.000276565988315, 0.000425369566074, 0.000292701646686, 0.000176081855898, 0.000165064848261, 9.94537913357e-05, 0.000126990184071, 0.000119224489026, 7.75402149884e-05, 5.4320833442e-05, 3.38957433996e-05, 3.5701719753e-05, 2.30699133681e-05, 2.57126157521e-05, 2.0739464162e-05, 8.57707709656e-06, 4.71393377666e-06, 4.83574103782e-06, 3.89707156501e-06, 4.51310552307e-06, 2.15806312553e-06, 1.21975540424e-06, 9.52996742853e-07, 1.06334869088e-06, 1.10417101951e-06, 6.92222783982e-07, 6.031752946e-07, 4.07451636875e-07, 2.8952169373e-07, 2.10219113228e-07, 1.4469890175e-07, 1.34813276986e-07, 1.66011872693e-07], "max": [0.0242209807038, 0.0246348679066, 0.01331666857, 0.00964417960495, 0.0271438639611, 0.0174097176641, 0.0173043422401, 0.0220821332186, 0.0366565324366, 0.0156321451068, 0.021035483107, 0.0234782341868, 0.0109653444961, 0.0145579408854, 0.00982411205769, 0.00964412372559, 0.00634607579559, 0.00483139790595, 0.00422782916576, 0.00110339932144, 0.00118393125013, 0.00182559131645, 0.000408741121646, 0.000352736824425, 0.000598810845986, 0.000401422003051, 0.000358173681889, 6.42131635686e-05, 3.25986475218e-05, 6.45918771625e-05, 7.08448715159e-05, 5.38289714314e-05, 2.53444468399e-05, 2.84267171082e-05, 3.84672130167e-05, 3.27884299622e-05, 3.68867404177e-05, 2.72087818303e-05, 9.80126606009e-06, 1.22119545267e-05], "dmean2": [0.000386422587326, 0.000428853410995, 0.000225997151574, 0.000185902725207, 0.00016337413399, 0.000186943638255, 0.000212677638046, 0.000189983984455, 0.000250740675256, 0.00013793076505, 9.48239248828e-05, 0.000104356528027, 6.57756027067e-05, 6.43809180474e-05, 8.41294240672e-05, 4.77248104289e-05, 3.75398376491e-05, 2.45157716563e-05, 2.0355299057e-05, 1.59144656209e-05, 1.52021721078e-05, 1.48763419929e-05, 6.01292822466e-06, 3.16671753353e-06, 3.77801370632e-06, 2.56405837717e-06, 3.07555092149e-06, 1.40217730404e-06, 7.88993418155e-07, 7.33034084988e-07, 7.19784509329e-07, 8.1242205