{"tonal": {"thpcp": [1, 0.89469152689, 0.675440132618, 0.457299470901, 0.286896765232, 0.233037501574, 0.269675970078, 0.342709094286, 0.495692193508, 0.58253800869, 0.490224927664, 0.383794337511, 0.336302489042, 0.398707896471, 0.65350407362, 0.892957925797, 0.883902013302, 0.790343344212, 0.696372747421, 0.661062479019, 0.70641708374, 0.687031567097, 0.621657311916, 0.604996740818, 0.540560901165, 0.375725269318, 0.270036071539, 0.230062574148, 0.199487268925, 0.186408787966, 0.182848349214, 0.191313430667, 0.225774124265, 0.300071120262, 0.467721104622, 0.789761722088], "hpcp": {"dmean2": [0.121571660042, 0.112108245492, 0.116234146059, 0.144410803914, 0.206352710724, 0.30089583993, 0.415461063385, 0.454618155956, 0.462238013744, 0.453533530235, 0.32902893424, 0.22245977819, 0.17300440371, 0.172639772296, 0.178630501032, 0.215383157134, 0.253231197596, 0.254172682762, 0.236163586378, 0.233239427209, 0.283576637506, 0.356926769018, 0.379916697741, 0.365683376789, 0.367972552776, 0.315610319376, 0.2906717062, 0.287550240755, 0.280080467463, 0.281796306372, 0.291358858347, 0.26359513402, 0.209235206246, 0.164539515972, 0.143286541104, 0.130579680204], "median": [0.0312680378556, 0.0320563241839, 0.0348857417703, 0.038257136941, 0.0442315265536, 0.0719727650285, 0.146165296435, 0.221898883581, 0.18481041491, 0.0933237969875, 0.0508356317878, 0.0349206402898, 0.0338377431035, 0.0429883524776, 0.0654799044132, 0.0994863435626, 0.112881317735, 0.0938775613904, 0.0718321204185, 0.0550636425614, 0.0548978634179, 0.101819947362, 0.14519302547, 0.189776003361, 0.166396290064, 0.158623307943, 0.165789455175, 0.18059335649, 0.175206869841, 0.150498956442, 0.118893265724, 0.091953381896, 0.0681013315916, 0.0535967312753, 0.044058509171, 0.0350414738059], "min": [0, 0, 0, 0, 0, 0, 0, 0, 0, 0, 0, 0, 0, 0, 0, 0, 0, 0, 0, 0, 0, 0, 0, 0, 0, 0, 0, 0, 0, 0, 0, 0, 0, 0, 0, 0], "dvar2": [0.0590161904693, 0.0508554764092, 0.0542384944856, 0.0715469270945, 0.111529156566, 0.151879057288, 0.193621784449, 0.196651309729, 0.192961230874, 0.223136618733, 0.169262886047, 0.116479754448, 0.0948926657438, 0.0927662923932, 0.0796958357096, 0.0823429003358, 0.104427047074, 0.114018641412, 0.107248455286, 0.113321535289, 0.136347338557, 0.176513567567, 0.192869886756, 0.154454931617, 0.151435479522, 0.121570639312, 0.105315677822, 0.0954694673419, 0.0957557484508, 0.104545660317, 0.127386689186, 0.122905731201, 0.0926960110664, 0.0702672153711, 0.0660044327378, 0.0621541962028], "dvar": [0.0202997326851, 0.0172854717821, 0.0188297368586, 0.0252105612308, 0.0397139638662, 0.0536086857319, 0.0673398077488, 0.0720981732011, 0.0727452486753, 0.0797650516033, 0.0607765838504, 0.0403017066419, 0.0327089130878, 0.0321384556592, 0.0276370253414, 0.0296300183982, 0.0368179306388, 0.040269035846, 0.0377883538604, 0.0399737805128, 0.0473731569946, 0.0615323483944, 0.0669402480125, 0.0554005019367, 0.0538664385676, 0.0425513088703, 0.0367481447756, 0.0344693921506, 0.0347634442151, 0.0372832082212, 0.0459963530302, 0.0442550778389, 0.0320596508682, 0.0244559403509, 0.0228463970125, 0.0214668922126], "dmean": [0.0662687346339, 0.0614389330149, 0.0637642964721, 0.0791908875108, 0.112183518708, 0.165138453245, 0.231466934085, 0.258728027344, 0.264387816191, 0.249276414514, 0.178172782063, 0.119851246476, 0.0933769419789, 0.0950199365616, 0.100340023637, 0.123980157077, 0.14533944428, 0.142810851336, 0.130309790373, 0.127026811242, 0.155040279031, 0.19973257184, 0.213802054524, 0.208760336041, 0.2093552351, 0.178452894092, 0.164278194308, 0.165742591023, 0.161107555032, 0.160943880677, 0.16568171978, 0.149706855416, 0.11679059267, 0.0910461172462, 0.0789386034012, 0.0714407712221], "max": [1, 1, 1, 1, 1, 1, 1, 1, 1, 1, 1, 1, 1, 1, 1, 1, 1, 1, 1, 1, 1, 1, 1, 1, 1, 1, 1, 1, 1, 1, 1, 1, 1, 1, 1, 1], "var": [0.0148673942313, 0.013072357513, 0.0139540787786, 0.0187107119709, 0.0317935496569, 0.04974732548, 0.0895513668656, 0.110801868141, 0.101319767535, 0.087799757719, 0.0608061552048, 0.0315364487469, 0.022888565436, 0.0256393030286, 0.0269581917673, 0.0414254814386, 0.056097317487, 0.0437492281199, 0.0325823277235, 0.0314246937633, 0.0431578941643, 0.0752730742097, 0.117370411754, 0.0927974879742, 0.0781125277281, 0.0563885308802, 0.0445797927678, 0.0469040572643, 0.0459981150925, 0.0434137880802, 0.0582882724702, 0.0595733746886, 0.0318893827498, 0.018758457154, 0.0161942783743, 0.0151651911438], "mean": [0.0666738003492, 0.0654003173113, 0.0684280693531, 0.0807538032532, 0.107327997684, 0.167292237282, 0.282478183508, 0.35767519474, 0.320008963346, 0.241588190198, 0.163564682007, 0.102615855634, 0.0833517313004, 0.0964564085007, 0.122578538954, 0.177296802402, 0.208359405398, 0.175341293216, 0.137273713946, 0.120287060738, 0.142607927322, 0.233742207289, 0.319388896227, 0.316149830818, 0.282686203718, 0.249075248837, 0.236445650458, 0.252667874098, 0.245734140277, 0.222351402044, 0.216392323375, 0.193345218897, 0.134387612343, 0.0965851992369, 0.0822876766324, 0.071351647377]}, "tuning_equal_tempered_deviation": 0.205015704036, "chords_changes_rate": 0.0371888279915, "key_key": "E", "tuning_diatonic_strength": 0.593892991543, "key_scale": "minor", "chords_number_rate": 0.000758955662604, "tuning_frequency": 434.193115234, "tuning_nontempered_energy_ratio": 0.892612040043, "chords_histogram": [8.30297470093, 3.35458397865, 72.4499053955, 0.318761378527, 0, 0.273224055767, 0, 0.106253795326, 0, 10.8530664444, 0.0455373413861, 0, 0.364298731089, 0, 0.0910746827722, 0, 0.0151791134849, 0, 0.0607164539397, 3.29386758804, 0.318761378527, 0, 0, 0.151791140437], "key_strength": 0.689694225788, "chords_key": "B", "chords_strength": {"dmean2": 0.0111990561709, "median": 0.519299149513, "min": -1, "dvar2": 0.00156215240713, "dvar": 0.000822289963253, "dmean": 0.00883463397622, "max": 0.823651373386, "var": 0.018738951534, "mean": 0.513656497002}, "chords_scale": "minor", "hpcp_entropy": {"dmean2": 0.985661566257, "median": 3.03139543533, "min": 0, "dvar2": 0.602609217167, "dvar": 0.211194902658, "dmean": 0.573580861092, "max": 4.50450801849, "var": 0.474329441786, "mean": 2.9364938736}}, "metadata": {"audio_properties": {"equal_loudness": 0, "codec": "flac", "downmix": "mix", "sample_rate": 44100, "analysis_sample_rate": 44100, "bit_rate": 0, "md5_encoded": "9c1795106c189e28ba334f21b55bbee1", "length": 305.866668701, "replay_gain": -8.54316711426, "lossless": true}, "version": {"essentia_build_sha": "2d9f1f26377add8aeb1075a9c2973f962c4f09fd", "essentia": "2.1-beta2", "extractor": "music 1.0", "essentia_git_sha": "v2.1_beta2-1-ge3940c0"}, "tags": {"title": ["Aikakausi on lyhyt"], "media": ["12\" Vinyl"], "albumartist": ["Clandestine Blaze"], "tracktotal": ["8"], "musicbrainz_releasegroupid": ["31da1dca-5b35-3b62-a584-6618000a1f6f"], "releasetype": ["album"], "musicbrainz_recordingid": ["13706828-8162-4819-8fd7-2c460d5db3d2"], "originalyear": ["2000"], "musicbrainz_releasetrackid": ["52be31c8-7d74-330a-b7e7-9e752ace8a13"], "discnumber": ["1"], "album": ["Night of the Unholy Flames"], "catalognumber": ["EAL 012"], "releasecountry": ["FR"], "musicbrainz_albumartistid": ["7fbd3cf5-b39c-4b0a-9802-a41f0d452d5c"], "albumartistsort": ["Clandestine Blaze"], "date": ["2000"], "file_name": "462334074535b90734ad3a1a024b.flac", "disctotal": ["1"], "acoustid_id": ["24a74623-3407-4535-b907-34ad3a1a024b"], "musicbrainz_artistid": ["7fbd3cf5-b39c-4b0a-9802-a41f0d452d5c"], "originaldate": ["2000"], "musicbrainz_albumid": ["14bbdf8b-b8dc-4898-82ea-9d31c4666a3b"], "tracknumber": ["7"], "artistsort": ["Clandestine Blaze"], "artist": ["Clandestine Blaze"], "label": ["End All Life Productions"], "releasestatus": ["official"], "totaldiscs": ["1"], "script": ["Latn"], "totaltracks": ["8"]}}, "rhythm": {"bpm_histogram_first_peak_bpm": {"dmean2": 0, "median": 136, "min": 136, "dvar2": 0, "dvar": 0, "dmean": 0, "max": 136, "var": 0, "mean": 136}, "bpm": 136.286148071, "bpm_histogram_second_peak_spread": {"dmean2": 0, "median": 0.206896558404, "min": 0.206896558404, "dvar2": 0, "dvar": 0, "dmean": 0, "max": 0.206896558404, "var": 0, "mean": 0.206896558404}, "bpm_histogram_first_peak_weight": {"dmean2": 0, "median": 0.449127912521, "min": 0.449127912521, "dvar2": 0, "dvar": 0, "dmean": 0, "max": 0.449127912521, "var": 0, "mean": 0.449127912521}, "onset_rate": 0.483837097883, "beats_position": [0.46439909935, 0.940408170223, 1.4164172411, 1.89242625237, 2.36843538284, 2.80961441994, 3.23918366432, 3.68036270142, 4.1099319458, 4.55111122131, 4.99229001999, 5.44507932663, 5.88625860214, 6.31582736969, 6.74539661407, 7.17496585846, 7.61614513397, 8.05732440948, 8.498503685, 8.93968200684, 9.38086128235, 9.82204055786, 10.2632198334, 10.7043991089, 11.1455783844, 11.5867567062, 12.0047159195, 12.4342851639, 12.8638544083, 13.3050336838, 13.7578229904, 14.1990022659, 14.6401815414, 15.0929698944, 15.5341491699, 15.9753284454, 16.4281177521, 16.8692970276, 17.3220863342, 17.7632656097, 18.2044448853, 18.6572322845, 19.1100215912, 19.5512008667, 19.9923801422, 20.4451694489, 20.8979587555, 21.3507480621, 21.8035373688, 22.2679367065, 22.7207260132, 23.1735134125, 23.6263027191, 24.0907020569, 24.5434913635, 24.9962806702, 25.4490699768, 25.9018592834, 26.3546485901, 26.7958278656, 27.2602272034, 27.7014045715, 28.142583847, 28.5837631226, 29.0249423981, 29.4661216736, 29.895690918, 30.3252601624, 30.7664394379, 31.2076187134, 31.6487979889, 32.0899772644, 32.5311546326, 32.9723358154, 33.4135131836, 33.8546943665, 34.2842636108, 34.7138328552, 35.1550102234, 35.5961914063, 36.0373687744, 36.4669380188, 36.8965072632, 37.3260765076, 37.755645752, 38.1968231201, 38.638004303, 39.0791816711, 39.520362854, 39.9499320984, 40.3795013428, 40.8206787109, 41.2502479553, 41.6682090759, 42.0977783203, 42.5389556885, 42.9685249329, 43.4213142395, 43.8624954224, 44.3152809143, 44.7680702209, 45.1976394653, 45.6272087097, 46.0683898926, 46.5095672607, 46.9507484436, 47.3919258118, 47.8331069946, 48.262676239, 48.6922454834, 49.1218147278, 49.5513839722, 49.9809532166, 50.4105224609, 50.8400878906, 51.2812690735, 51.7224464417, 52.152015686, 52.5815849304, 53.0227661133, 53.4523353577, 53.8935127258, 54.3230819702, 54.7526512146, 55.182220459, 55.6117897034, 56.0529708862, 56.4941482544, 56.9353294373, 57.3765068054, 57.8176841736, 58.247253418, 58.6768226624, 59.1063919067, 59.5359611511, 59.9655303955, 60.3950996399, 60.8362808228, 61.2774581909, 61.7186393738, 62.1598167419, 62.6009979248, 63.042175293, 63.4717445374, 63.9013137817, 64.3308868408, 64.7604522705, 65.2016296387, 65.6428070068, 66.0723800659, 66.5019454956, 66.9315185547, 67.3610839844, 67.8022689819, 68.2318344116, 68.6614074707, 69.1025848389, 69.543762207, 69.9849395752, 70.4261245728, 70.8673019409, 71.2968673706, 71.7380523682, 72.1676177979, 72.608795166, 73.0383682251, 73.4679336548, 73.9091110229, 74.3619003296, 74.8030853271, 75.2442626953, 75.6854400635, 76.1150131226, 76.5445785522, 76.9741516113, 77.3921051025, 77.8216781616, 78.2628555298, 78.7040328979, 79.133605957, 79.5747833252, 80.0159606934, 80.4455337524, 80.8750991821, 81.3162765503, 81.7458496094, 82.1754150391, 82.6049880981, 83.0345535278, 83.4757385254, 83.9169158936, 84.3464813232, 84.7876663208, 85.2172317505, 85.6584091187, 86.0879821777, 86.5291595459, 86.9587249756, 87.3999099731, 87.8294754028, 88.2590484619, 88.7002258301, 89.1414031982, 89.5709762573, 90.000541687, 90.4301147461, 90.8712921143, 91.3124694824, 91.7420425415, 92.1832199097, 92.6127853394, 93.0423583984, 93.4835357666, 93.9247131348, 94.3658905029, 94.8070755005, 95.2482528687, 95.6894302368, 96.1422195435, 96.5950088501, 97.0477981567, 97.5005874634, 97.95337677, 98.4061660767, 98.8589553833, 99.3117446899, 99.7529220581, 100.194099426, 100.635284424, 101.076461792, 101.51763916, 101.958816528, 102.400001526, 102.841178894, 103.282356262, 103.72353363, 104.153106689, 104.582672119, 105.023849487, 105.465034485, 105.929428101, 106.393829346, 106.858230591, 107.311019897, 107.763809204, 108.22820282, 108.680992126, 109.133781433, 109.574966431, 110.016143799, 110.457321167, 110.886894226, 111.316459656, 111.757637024, 112.187210083, 112.628387451, 113.05796051, 113.499137878, 113.940315247, 114.369888306, 114.799453735, 115.240631104, 115.681808472, 116.111381531, 116.54094696, 116.97052002, 117.400085449, 117.841270447, 118.270835876, 118.700408936, 119.141586304, 119.571151733, 120.000724792, 120.430290222, 120.859863281, 121.289428711, 121.71900177, 122.160179138, 122.601356506, 123.042533875, 123.483718872, 123.92489624, 124.366073608, 124.807250977, 125.248435974, 125.689613342, 126.142402649, 126.606803894, 127.059593201, 127.523986816, 127.988388062, 128.441177368, 128.893966675, 129.335144043, 129.78793335, 130.240722656, 130.681900024, 131.134689331, 131.587478638, 132.040267944, 132.493057251, 132.934234619, 133.375411987, 133.816589355, 134.269378662, 134.722167969, 135.174957275, 135.627746582, 136.068939209, 136.510116577, 136.951293945, 137.392471313, 137.822036743, 138.263214111, 138.704391479, 139.133972168, 139.563537598, 139.993103027, 140.434280396, 140.875457764, 141.316635132, 141.757827759, 142.199005127, 142.640182495, 143.069747925, 143.499313354, 143.928878784, 144.358459473, 144.788024902, 145.217590332, 145.647155762, 146.07673645, 146.517913818, 146.959091187, 147.400268555, 147.841445923, 148.271011353, 148.712203979, 149.141769409, 149.571334839, 150.000900269, 150.442077637, 150.883255005, 151.324447632, 151.754013062, 152.183578491, 152.601531982, 153.031112671, 153.460678101, 153.89024353, 154.31980896, 154.73777771, 155.16734314, 155.585296631, 156.014877319, 156.444442749, 156.874008179, 157.291976929, 157.733154297, 158.174331665, 158.615509033, 159.056686401, 159.49786377, 159.927429199, 160.357009888, 160.798187256, 161.239364624, 161.692153931, 162.144943237, 162.586120605, 163.027297974, 163.468475342, 163.90965271, 164.350830078, 164.792022705, 165.244796753, 165.69758606, 166.150375366, 166.603164673, 167.0443573, 167.485534668, 167.926712036, 168.367889404, 168.797454834, 169.227020264, 169.668212891, 170.109390259, 170.562179565, 171.014968872, 171.467758179, 171.920547485, 172.361724854, 172.802902222, 173.24407959, 173.685256958, 174.114822388, 174.555999756, 174.997192383, 175.438369751, 175.867935181, 176.309112549, 176.750289917, 177.191467285, 177.644256592, 178.097045898, 178.549835205, 179.002624512, 179.44380188, 179.884979248, 180.349380493, 180.790557861, 181.231735229, 181.684524536, 182.137313843, 182.57850647, 183.019683838, 183.460861206, 183.902038574, 184.331604004, 184.761169434, 185.202362061, 185.643539429, 186.073104858, 186.514282227, 186.943847656, 187.385025024, 187.814605713, 188.244171143, 188.673736572, 189.103302002, 189.53288269, 189.96244812, 190.403625488, 190.868026733, 191.309204102, 191.75038147, 192.203170776, 192.655960083, 193.10874939, 193.549926758, 193.991104126, 194.432281494, 194.885070801, 195.337860107, 195.790649414, 196.231826782, 196.673019409, 197.114196777, 197.555374146, 197.996551514, 198.437728882, 198.87890625, 199.320083618, 199.761260986, 200.214050293, 200.6668396, 201.119628906, 201.572418213, 202.013595581, 202.454788208, 202.884353638, 203.313919067, 203.755096436, 204.196273804, 204.637451172, 205.07862854, 205.519821167, 205.960998535, 206.413787842, 206.866577148, 207.307754517, 207.748931885, 208.190109253, 208.631286621, 209.072463989, 209.513641357, 209.966430664, 210.419219971, 210.872009277, 211.324798584, 211.765975952, 212.218765259, 212.671554565, 213.124343872, 213.577133179, 214.006713867, 214.436279297, 214.877456665, 215.330245972, 215.783035278, 216.224212646, 216.665390015, 217.106567383, 217.547744751, 217.988937378, 218.418502808, 218.848068237, 219.289245605, 219.730422974, 220.171600342, 220.61277771, 221.065567017, 221.518356323, 221.97114563, 222.423934937, 222.865127563, 223.31791687, 223.770706177, 224.223495483, 224.676269531, 225.129058838, 225.581848145, 226.023040771, 226.46421814, 226.917007446, 227.369796753, 227.810974121, 228.252151489, 228.693328857, 229.134506226, 229.575683594, 230.016860962, 230.45803833, 230.899230957, 231.340408325, 231.781585693, 232.222763062, 232.66394043, 233.116729736, 233.569519043, 234.010696411, 234.451873779, 234.893051147, 235.334228516, 235.775421143, 236.216598511, 236.657775879, 237.110565186, 237.563354492, 238.016143799, 238.480545044, 238.933334351, 239.374511719, 239.815689087, 240.256866455, 240.698043823, 241.139221191, 241.568786621, 241.99836731, 242.427932739, 242.869110107, 243.298675537, 243.728256226, 244.157821655, 244.598999023, 245.040176392, 245.469741821, 245.89932251, 246.328887939, 246.758453369, 247.199630737, 247.640808105, 248.081985474, 248.511566162, 248.941131592, 249.38230896, 249.81187439, 250.241439819, 250.682632446, 251.123809814, 251.576599121, 252.029388428, 252.470565796, 252.934967041, 253.399353027, 253.863754272, 254.328155518, 254.780944824, 255.233734131, 255.674911499, 256.116088867, 256.557281494, 256.998443604, 257.428009033, 257.85760498, 258.29876709, 258.751556396, 259.204345703, 259.64553833, 260.086700439, 260.527893066, 260.969055176, 261.398620605, 261.828216553, 262.269378662, 262.710571289, 263.140136719, 263.569702148, 264.010864258, 264.463653564, 264.916442871, 265.369232178, 265.822021484, 266.274810791, 266.727600098, 267.180389404, 267.633178711, 268.097595215, 268.550384521, 269.003173828, 269.455963135, 269.897125244, 270.349914551, 270.802703857, 271.255493164, 271.696685791, 272.137878418, 272.590667725, 273.031829834, 273.461395264, 273.902587891, 274.34375, 274.77331543, 275.19128418, 275.620849609, 276.050415039, 276.479980469, 276.909576416, 277.339141846, 277.768707275, 278.198272705, 278.616241455, 279.034179688, 279.486968994, 279.939758301, 280.392547607, 280.833740234, 281.286529541, 281.739318848, 282.192108154, 282.644897461, 283.097686768, 283.562072754, 284.026489258, 284.490875244, 284.955291748, 285.419677734, 285.872467041, 286.325256348, 286.766448975, 287.207611084, 287.648803711, 288.08996582, 288.531158447, 288.972320557, 289.413513184, 289.843078613, 290.272644043, 290.702209473, 291.131774902, 291.572967529, 292.025756836, 292.478546143, 292.908111572, 293.337677002, 293.755645752, 294.196807861, 294.638000488, 295.090789795, 295.543579102, 296.019592285, 296.495605469, 296.983215332, 297.482452393, 297.970062256, 298.457672119, 298.980133057, 299.502593994, 300.025024414, 300.512634277, 301.000274658, 301.487884521, 302.021942139, 302.555999756, 303.090057373, 303.62411499, 304.158172607, 304.703857422, 305.249511719], "beats_loudness": {"dmean2": 0.0140814492479, "median": 0.0237211026251, "min": 3.09001380039e-09, "dvar2": 0.000185988203157, "dvar": 6.6200918809e-05, "dmean": 0.00812692195177, "max": 0.0853362977505, "var": 0.000104282647953, "mean": 0.0243690442294}, "danceability": 1.09252345562, "bpm_histogram_second_peak_weight": {"dmean2": 0, "median": 0.0334302335978, "min": 0.0334302335978, "dvar2": 0, "dvar": 0, "dmean": 0, "max": 0.0334302335978, "var": 0, "mean": 0.0334302335978}, "beats_count": 689, "bpm_histogram_second_peak_bpm": {"dmean2": 0, "median": 129, "min": 129, "dvar2": 0, "dvar": 0, "dmean": 0, "max": 129, "var": 0, "mean": 129}, "bpm_histogram_first_peak_spread": {"dmean2": 0, "median": 0.510301113129, "min": 0.510301113129, "dvar2": 0, "dvar": 0, "dmean": 0, "max": 0.510301113129, "var": 0, "mean": 0.510301113129}, "beats_loudness_band_ratio": {"dmean2": [0.243228897452, 0.100693449378, 0.0568740777671, 0.043045271188, 0.140303984284, 0.10941939801], "median": [0.460892230272, 0.0900304615498, 0.0407823845744, 0.00843615829945, 0.203556790948, 0.157529130578], "min": [0.00100343907252, 0.00299353827722, 0.00174841633998, 0.00181380426511, 0.0114892544225, 0.0161939449608], "dvar2": [0.0367018580437, 0.00999146327376, 0.00348512572236, 0.0055784014985, 0.0139022292569, 0.0110900392756], "dvar": [0.0145422806963, 0.00375639321283, 0.00127220537979, 0.00219048326835, 0.00473605887964, 0.00410601636395], "dmean": [0.142043367028, 0.0583191588521, 0.0328590720892, 0.0247885454446, 0.0815576165915, 0.0628387182951], "max": [0.862220227718, 0.906062960625, 0.258589088917, 0.363687068224, 0.634261250496, 0.581678688526], "var": [0.0312335453928, 0.00830874312669, 0.00166961364448, 0.00279531278647, 0.00768478633836, 0.00597575074062], "mean": [0.44919359684, 0.111028395593, 0.0536090247333, 0.0297041703016, 0.213977172971, 0.169902905822]}}, "lowlevel": {"barkbands_spread": {"dmean2": 10.8214225769, "median": 52.6966743469, "min": 0.272607475519, "dvar2": 91.8828582764, "dvar": 33.7702407837, "dmean": 6.49067211151, "max": 141.955947876, "var": 112.991348267, "mean": 51.3307647705}, "melbands_spread": {"dmean2": 25.9181098938, "median": 52.1587295532, "min": 0.283063560724, "dvar2": 491.123138428, "dvar": 181.920257568, "dmean": 15.5964202881, "max": 160.251953125, "var": 497.124420166, "mean": 55.0893249512}, "hfc": {"dmean2": 8.81955051422, "median": 31.4042701721, "min": 7.28955910745e-07, "dvar2": 62.8625411987, "dvar": 25.4153423309, "dmean": 5.39312601089, "max": 130.817459106, "var": 174.948654175, "mean": 32.9964179993}, "barkbands_kurtosis": {"dmean2": 1.62548267841, "median": -1.35621976852, "min": -1.90439987183, "dvar2": 1010.90118408, "dvar": 405.802185059, "dmean": 0.976164758205, "max": 2012.31530762, "var": 342.359130859, "mean": -0.770034492016}, "gfcc": {"mean": [3.59661602974, 72.2782363892, -127.541778564, 98.8618469238, -65.9569320679, -5.15220308304, -34.2773284912, 15.1932916641, -18.4529476166, -8.16410827637, -12.0481491089, -2.87739753723, -10.1656150818], "icov": [[0.00169127481058, -0.00435002567247, 0.00474895630032, -0.00511323148385, 0.00434712134302, -0.00454353401437, 0.00335180293769, -0.00176745781209, 0.0021069906652, -0.00246528489515, 0.00256486027502, -0.00255351606756, 0.00249910145067], [-0.00435002567247, 0.0163176823407, -0.00948696769774, 0.0106660006568, -0.0128791248426, 0.0130742257461, -0.0126705123112, 0.00716951582581, -0.00690728798509, 0.0101749431342, -0.0119097298011, 0.0105401305482, -0.00579304527491], [0.00474895630032, -0.00948696769774, 0.0204873867333, -0.016232278198, 0.00748986843973, -0.0134779745713, 0.0117238517851, -0.0087774079293, 0.00391629664227, -0.00274778041057, 0.00370928761549, -0.0066806296818, 0.00837760139257], [-0.00511323148385, 0.0106660006568, -0.016232278198, 0.0222814530134, -0.0142806135118, 0.0147097995505, -0.00516028143466, 0.00021792804182, -0.00930478051305, 0.0140361180529, -0.0106454156339, 0.0109459012747, -0.0106623452157], [0.00434712134302, -0.0128791248426, 0.00748986843973, -0.0142806135118, 0.027921942994, -0.0146329179406, 0.00408828584477, 0.00459084892645, 0.0069217402488, -0.0190740283579, 0.0161651503295, -0.0140869244933, 0.00715423375368], [-0.00454353401437, 0.0130742257461, -0.0134779745713, 0.0147097995505, -0.0146329179406, 0.0255853384733, -0.0190365053713, 0.00738231278956, -0.00399544928223, 0.014735352248, -0.0286953784525, 0.0290676802397, -0.0141375306994], [0.00335180293769, -0.0126705123112, 0.0117238517851, -0.00516028143466, 0.00408828584477, -0.0190365053713, 0.0358391366899, -0.0205291267484, 0.00697775511071, -0.00716551905498, 0.025011735037, -0.0234344303608, 0.0133887100965], [-0.00176745781209, 0.00716951582581, -0.0087774079293, 0.00021792804182, 0.00459084892645, 0.00738231278956, -0.0205291267484, 0.0416427664459, -0.0256720520556, 0.0144360149279, -0.0107988901436, 0.00552214542404, -0.00907136127353], [0.0021069906652, -0.00690728798509, 0.00391629664227, -0.00930478051305, 0.0069217402488, -0.00399544928223, 0.00697775511071, -0.0256720520556, 0.0598513558507, -0.0431427881122, 0.0167837962508, 0.00131799874362, 0.00746313668787], [-0.00246528489515, 0.0101749431342, -0.00274778041057, 0.0140361180529, -0.0190740283579, 0.014735352248, -0.00716551905498, 0.0144360149279, -0.0431427881122, 0.0716603323817, -0.0449112765491, 0.0199286229908, -0.0117047913373], [0.00256486027502, -0.0119097298011, 0.00370928761549, -0.0106454156339, 0.0161651503295, -0.0286953784525, 0.025011735037, -0.0107988901436, 0.0167837962508, -0.0449112765491, 0.078311599791, -0.0562852397561, 0.0250182710588], [-0.00255351606756, 0.0105401305482, -0.0066806296818, 0.0109459012747, -0.0140869244933, 0.0290676802397, -0.0234344303608, 0.00552214542404, 0.00131799874362, 0.0199286229908, -0.0562852397561, 0.0811785310507, -0.0454681180418], [0.00249910145067, -0.00579304527491, 0.00837760139257, -0.0106623452157, 0.00715423375368, -0.0141375306994, 0.0133887100965, -0.00907136127353, 0.00746313668787, -0.0117047913373, 0.0250182710588, -0.0454681180418, 0.0542841888964]], "cov": [[10973.7275391, 1461.39782715, -716.32244873, 1021.20404053, -427.837249756, 275.114959717, -9.53206920624, 105.939033508, -40.728187561, -248.242050171, -40.3868293762, -273.405212402, -148.340911865], [1461.39782715, 367.069976807, -118.949234009, 79.2259521484, 3.2894115448, 25.9430084229, 42.672870636, -12.0250663757, -10.6217575073, -28.8672523499, -12.6180553436, -35.5435371399, -29.118894577], [-716.32244873, -118.949234009, 302.725921631, 136.516494751, 31.153421402, 18.3514652252, -42.1844978333, 51.6744155884, 30.656129837, 0.914338588715, 23.849937439, 2.298797369, 7.0079536438], [1021.20404053, 79.2259521484, 136.516494751, 384.289642334, -37.7999382019, -42.3614768982, -59.2990112305, 79.7230148315, 36.3627891541, -42.2444496155, -2.46607232094, -20.2102966309, 7.85166931152], [-427.837249756, 3.2894115448, 31.153421402, -37.7999382019, 112.872077942, 29.4995498657, 16.485622406, -30.9648685455, -2.45187520981, 26.4002780914, 8.02238368988, 9.91799449921, 2.02112412453], [275.114959717, 25.9430084229, 18.3514652252, -42.3614768982, 29.4995498657, 231.951553345, 47.3830375671, -13.2056932449, -19.7019424438, -3.31267857552, 29.0242538452, -44.9911575317, -27.4889755249], [-9.53206920624, 42.672870636, -42.1844978333, -59.2990112305, 16.485622406, 47.3830375671, 91.2826461792, 12.1708860397, -7.41689443588, -10.451675415, -16.866071701, -2.0737991333, -5.6546959877], [105.939033508, -12.0250663757, 51.6744155884, 79.7230148315, -30.9648685455, -13.2056932449, 12.1708860397, 75.5477294922, 29.9995250702, -11.2938919067, -4.68686342239, -1.31774187088, 6.28495359421], [-40.728187561, -10.6217575073, 30.656129837, 36.3627891541, -2.45187520981, -19.7019424438, -7.41689443588, 29.9995250702, 50.4145278931, 23.5815467834, 1.59245061874, -7.30539798737, -3.51213645935], [-248.242050171, -28.8672523499, 0.914338588715, -42.2444496155, 26.4002780914, -3.31267857552, -10.451675415, -11.2938919067, 23.5815467834, 55.0505065918, 26.8941822052, 10.8751811981, 1.59963655472], [-40.3868293762, -12.6180553436, 23.849937439, -2.46607232094, 8.02238368988, 29.0242538452, -16.866071701, -4.68686342239, 1.59245061874, 26.8941822052, 54.8206291199, 24.4048595428, 6.98181581497], [-273.405212402, -35.5435371399, 2.298797369, -20.2102966309, 9.91799449921, -44.9911575317, -2.0737991333, -1.31774187088, -7.30539798737, 10.8751811981, 24.4048595428, 63.8343009949, 37.3051109314], [-148.340911865, -29.118894577, 7.0079536438, 7.85166931152, 2.02112412453, -27.4889755249, -5.6546959877, 6.28495359421, -3.51213645935, 1.59963655472, 6.98181581497, 37.3051109314, 46.4800300598]]}, "spectral_energyband_middle_low": {"dmean2": 0.00521627627313, "median": 0.00547265075147, "min": 2.12695607654e-11, "dvar2": 3.59650075552e-05, "dvar": 1.36189173645e-05, "dmean": 0.00310525298119, "max": 0.0435269735754, "var": 1.84159980563e-05, "mean": 0.00644157128409}, "melbands_crest": {"dmean2": 5.79857778549, "median": 14.1984481812, "min": 3.19077587128, "dvar2": 23.2793331146, "dvar": 8.06174087524, "dmean": 3.43201088905, "max": 39.954624176, "var": 20.8745193481, "mean": 14.3663539886}, "spectral_kurtosis": {"dmean2": 1.82321226597, "median": 2.34314393997, "min": -1.17556726933, "dvar2": 2.82060408592, "dvar": 0.889737963676, "dmean": 1.02907133102, "max": 15.3026065826, "var": 1.53803539276, "mean": 2.60301947594}, "spectral_rms": {"dmean2": 0.00110899936408, "median": 0.00476352777332, "min": 4.80809092096e-07, "dvar2": 1.1993777207e-06, "dvar": 4.39319393308e-07, "dmean": 0.000659040058963, "max": 0.0104321306571, "var": 1.53016060267e-06, "mean": 0.00467749033123}, "zerocrossingrate": {"dmean2": 0.0120157152414, "median": 0.0986328125, "min": 0, "dvar2": 0.000102386868093, "dvar": 6.22884981567e-05, "dmean": 0.00918404664844, "max": 0.49462890625, "var": 0.000563595909625, "mean": 0.100106403232}, "silence_rate_60dB": {"dmean2": 0.00425144238397, "median": 0, "min": 0, "dvar2": 0.00514533137903, "dvar": 0.00212035235018, "dmean": 0.00212555984035, "max": 1, "var": 0.0258578322828, "mean": 0.0265674814582}, "erbbands_kurtosis": {"dmean2": 2.71229481697, "median": 2.52100372314, "min": -1.87676107883, "dvar2": 5.85277700424, "dvar": 2.23250961304, "dmean": 1.65150916576, "max": 18.152338028, "var": 5.81591415405, "mean": 2.78464126587}, "erbbands": {"dmean2": [0.0761467888951, 1.07311344147, 5.58444643021, 11.790555954, 8.03497219086, 4.59386587143, 6.42689609528, 7.32418775558, 6.26636362076, 8.79045009613, 10.0833749771, 6.63054227829, 6.1860871315, 4.31750440598, 4.1727347374, 5.37777471542, 6.7053771019, 7.28939962387, 6.7428984642, 6.39432764053, 13.7311992645, 25.1192016602, 110.192626953, 52.5467948914, 20.6245689392, 26.3757419586, 25.2910556793, 21.2575759888, 9.84865474701, 4.84087848663, 2.92113518715, 1.12146794796, 0.650848865509, 0.295023679733, 0.0446328446269, 0.0049752946943, 0.000781922484748, 0.000290178606519, 1.04333030322e-05, 1.35556138048e-05], "median": [0.0530603043735, 0.74948400259, 3.43310904503, 6.34775447845, 4.56539726257, 3.60311698914, 4.96991634369, 6.05470561981, 4.84498548508, 5.1251001358, 4.79887866974, 2.76625466347, 2.1691198349, 1.67877757549, 1.3142478466, 1.11348485947, 1.56851816177, 1.54067993164, 2.41100645065, 4.67124462128, 16.9132499695, 41.4994735718, 149.882064819, 85.0101776123, 37.8748855591, 41.9560775757, 36.5164871216, 39.6716957092, 17.4838180542, 8.02273654938, 4.75846385956, 1.91034150124, 1.12718296051, 0.513706207275, 0.0952975451946, 0.0129339993, 0.00202742824331, 0.000306262925733, 2.92658805847e-05, 3.28386413457e-05], "min": [2.16357021188e-09, 6.99315327868e-10, 6.80992318092e-10, 2.69722333357e-09, 1.48558285673e-08, 1.0310025722e-08, 1.64011684234e-08, 1.02845687522e-08, 1.02676702696e-08, 1.03828368125e-08, 1.64251421353e-08, 2.02269223593e-08, 3.04848910559e-08, 4.16695158378e-08, 5.02119945622e-08, 3.38649570608e-08, 3.41806085657e-08, 1.18356711098e-08, 7.55638396299e-09, 2.54588776727e-08, 1.23031782095e-07, 1.20354584965e-07, 7.85083855703e-08, 8.3753334934e-08, 4.69616985299e-08, 1.03407643337e-07, 1.8829089754e-07, 1.33169379524e-07, 1.61463120207e-07, 1.09119298486e-07, 1.03386213368e-07, 1.5102061468e-07, 9.59056833949e-08, 5.92701034918e-08, 5.28593879778e-08, 2.84126340233e-08, 9.64729984787e-09, 2.1059805011e-09, 1.15740006468e-09, 5.49520914883e-11], "dvar2": [0.00924769416451, 1.69775390625, 45.2809791565, 209.534194946, 97.8312835693, 24.6216907501, 54.8159561157, 72.8812255859, 52.7452774048, 123.719268799, 226.063964844, 180.949478149, 207.233123779, 116.395729065, 130.576889038, 223.54864502, 258.96182251, 409.546112061, 330.382202148, 162.401977539, 224.207061768, 588.54510498, 10144.7802734, 2258.07324219, 444.326904297, 695.081542969, 1408.09729004, 389.35369873, 172.346435547, 52.0585517883, 13.8211526871, 2.38277888298, 0.935322225094, 0.202632784843, 0.00293743284419, 3.1392366509e-05, 5.91022057961e-07, 6.69983180046e-08, 8.7136881044e-11, 2.1517390647e-10], "dvar": [0.00343277654611, 0.635922431946, 15.891626358, 76.5380630493, 37.0034790039, 9.01581668854, 20.7350101471, 26.4954624176, 19.4049625397, 47.7766609192, 94.6711959839, 67.9648513794, 76.2372589111, 42.4024085999, 52.0608024597, 85.4323654175, 104.7889328, 162.081954956, 128.404098511, 62.6780052185, 75.1656951904, 202.787384033, 3522.4675293, 783.283630371, 161.895278931, 251.219070435, 599.222961426, 144.461364746, 63.7368965149, 20.8595523834, 5.91755819321, 0.976146101952, 0.380361646414, 0.0832160338759, 0.00127831962891, 1.33826470119e-05, 2.33880314227e-07, 2.44315714326e-08, 3.38129593769e-11, 7.90408571927e-11], "dmean": [0.0454050004482, 0.642080366611, 3.21367502213, 6.75180435181, 4.75185728073, 2.72350621223, 3.8459444046, 4.33503198624, 3.68537449837, 5.19259786606, 6.18037366867, 3.94835209846, 3.6906311512, 2.60321950912, 2.57134866714, 3.32715010643, 4.12898349762, 4.48327589035, 4.11474323273, 3.81388783455, 7.96438932419, 14.6769590378, 64.0279464722, 30.4704494476, 12.1802501678, 15.4642372131, 15.1703195572, 12.5641880035, 5.86132335663, 2.94115352631, 1.80563807487, 0.703307807446, 0.410928934813, 0.185843616724, 0.0283674318343, 0.00312231341377, 0.00047679131967, 0.00016837081057, 6.29592159385e-06, 8.00289035396e-06], "max": [0.774769306183, 10.8537425995, 52.950088501, 132.610565186, 76.3769302368, 37.4893379211, 67.546585083, 74.6624679565, 81.1044540405, 160.1902771, 130.684692383, 197.292526245, 180.107406616, 157.3671875, 182.737106323, 190.737716675, 226.897491455, 337.492248535, 292.282348633, 329.057403564, 187.776931763, 223.582321167, 661.159484863, 375.997589111, 313.721221924, 367.786712646, 987.03314209, 291.574249268, 249.042694092, 145.737640381, 93.8766555786, 26.8611373901, 17.0906982422, 8.67140579224, 0.844432711601, 0.0933325514197, 0.0117690013722, 0.002353009535, 0.000146100705024, 0.000124425147078], "var": [0.00557216256857, 0.997067034245, 20.3790798187, 90.5855789185, 45.2739715576, 13.9535531998, 33.2944793701, 49.1772842407, 27.3802566528, 61.1692771912, 137.935256958, 96.9287414551, 169.896209717, 139.819839478, 135.181945801, 214.383789063, 258.588348389, 343.090240479, 277.865081787, 129.738204956, 177.381362915, 460.4425354, 6378.96533203, 1645.83911133, 402.609283447, 838.163574219, 1727.84301758, 480.775115967, 184.639389038, 62.6642951965, 22.5141563416, 4.61419820786, 1.69999814034, 0.266246169806, 0.00496159493923, 5.69281328353e-05, 1.11003055281e-06, 5.30069037552e-08, 1.57205012896e-10, 1.97338020924e-10], "mean": [0.0736388191581, 1.02601206303, 4.66144990921, 8.95609092712, 6.60390329361, 4.53977251053, 6.55447149277, 8.01298904419, 6.19860601425, 7.42024183273, 8.95230102539, 5.89501857758, 6.44689750671, 5.04660797119, 4.70319652557, 5.97370052338, 7.28650045395, 7.5823302269, 7.13931751251, 7.41743564606, 19.7159767151, 45.0212173462, 161.266601563, 89.2223205566, 40.9383621216, 48.0468292236, 45.3331222534, 43.1952857971, 20.30560112, 9.52351379395, 5.51769781113, 2.45147967339, 1.40774810314, 0.605496048927, 0.103857673705, 0.0136424237862, 0.00214762450196, 0.000366621068679, 3.04388631776e-05, 3.34829310304e-05]}, "spectral_strongpeak": {"dmean2": 0.5487434268, "median": 0.269337505102, "min": 0, "dvar2": 1.57572793961, "dvar": 0.561507225037, "dmean": 0.30972674489, "max": 19.7189846039, "var": 0.704286158085, "mean": 0.46562230587}, "spectral_energy": {"dmean2": 0.0118765477091, "median": 0.0232584774494, "min": 2.3695681528e-10, "dvar2": 0.00017388050037, "dvar": 6.36515542283e-05, "dmean": 0.0069801514037, "max": 0.111550092697, "var": 0.000123202669783, "mean": 0.02399433963}, "average_loudness": 0.927308142185, "spectral_rolloff": {"dmean2": 789.833007813, "median": 3208.44726563, "min": 21.533203125, "dvar2": 798299.375, "dvar": 305284.375, "dmean": 457.521057129, "max": 15633.1054688, "var": 972053.125, "mean": 3392.84570313}, "spectral_centroid": {"dmean2": 362.437713623, "median": 2778.46289063, "min": 551.6328125, "dvar2": 111740.507813, "dvar": 45506.4648438, "dmean": 218.565429688, "max": 11157.53125, "var": 117988.421875, "mean": 2756.03979492}, "pitch_salience": {"dmean2": 0.119947887957, "median": 0.635725140572, "min": 0.00683320034295, "dvar2": 0.00996557436883, "dvar": 0.00360858580098, "dmean": 0.0711843296885, "max": 0.830792367458, "var": 0.0101841874421, "mean": 0.617971658707}, "spectral_energyband_middle_high": {"dmean2": 0.00250407215208, "median": 0.0060638198629, "min": 1.37078560308e-11, "dvar2": 5.00519399793e-06, "dvar": 1.80689869467e-06, "dmean": 0.00148686405737, "max": 0.0242363009602, "var": 6.82586596668e-06, "mean": 0.00637781061232}, "spectral_contrast_coeffs": {"dmean2": [0.0911228209734, 0.0748538598418, 0.0554408691823, 0.042911555618, 0.0357033833861, 0.0255499649793], "median": [-0.656743526459, -0.783388435841, -0.835959196091, -0.826707720757, -0.771346092224, -0.669882178307], "min": [-0.974876344204, -0.961548745632, -0.972446203232, -0.982861936092, -0.96754938364, -0.958641171455], "dvar2": [0.00506170187145, 0.0033384214621, 0.00179017963819, 0.00108310603537, 0.000727867649402, 0.000396064220695], "dvar": [0.0017901819665, 0.00114986230619, 0.000630509632174, 0.000371911883121, 0.000246947747655, 0.000146283869981], "dmean": [0.0537695325911, 0.0440427623689, 0.0326496958733, 0.0250302031636, 0.0207023303956, 0.0152702070773], "max": [-0.391198307276, -0.454218178988, -0.594163358212, -0.667245388031, -0.659888207912, -0.567879021168], "var": [0.00434502307326, 0.00352505827323, 0.0017435484333, 0.000803357805125, 0.000734831904992, 0.00145317823626], "mean": [-0.65722900629, -0.777744472027, -0.83091711998, -0.825682997704, -0.772669255733, -0.670219063759]}, "melbands_skewness": {"dmean2": 1.18557548523, "median": 2.29822564125, "min": -1.2025039196, "dvar2": 1.51618862152, "dvar": 0.586095154285, "dmean": 0.711494863033, "max": 51.5126800537, "var": 1.27265644073, "mean": 2.35178589821}, "spectral_spread": {"dmean2": 413066.53125, "median": 3541077.5, "min": 1819361.875, "dvar2": 223894470656, "dvar": 132418207744, "dmean": 248145.453125, "max": 39517796, "var": 851391283200, "mean": 3581569}, "dissonance": {"dmean2": 0.00772037683055, "median": 0.492824196815, "min": 0.431519031525, "dvar2": 4.6217275667e-05, "dvar": 1.66130757862e-05, "dmean": 0.00449385074899, "max": 0.500000178814, "var": 2.56914790953e-05, "mean": 0.49189850688}, "spectral_skewness": {"dmean2": 0.240634515882, "median": 0.629360795021, "min": -0.0455384030938, "dvar2": 0.0408454053104, "dvar": 0.013211235404, "dmean": 0.137551307678, "max": 1.77028000355, "var": 0.031584713608, "mean": 0.644436597824}, "spectral_flux": {"dmean2": 0.0255644731224, "median": 0.0868952572346, "min": 1.27452276502e-05, "dvar2": 0.00060070148902, "dvar": 0.000265190959908, "dmean": 0.0160295777023, "max": 0.222596496344, "var": 0.000800041947514, "mean": 0.0871990472078}, "spectral_contrast_valleys": {"dmean2": [0.666412949562, 0.574510633945, 0.509659707546, 0.460810810328, 0.231702148914, 0.196322932839], "median": [-6.79745292664, -6.59039783478, -7.76437282562, -7.87870883942, -6.2248544693, -9.47553253174], "min": [-26.7964286804, -27.3128185272, -27.4502735138, -27.4161968231, -27.095741272, -27.3247146606], "dvar2": [0.299039065838, 0.223876744509, 0.171110257506, 0.160373479128, 0.0551107376814, 0.0422137379646], "dvar": [0.11561024189, 0.0914229080081, 0.0743328258395, 0.0713861659169, 0.0290319379419, 0.0245510041714], "dmean": [0.393853038549, 0.344116419554, 0.311845451593, 0.284145265818, 0.13768543303, 0.12708543241], "max": [-5.56818056107, -5.14426469803, -5.58470392227, -5.9452586174, -5.51051330566, -8.37159633636], "var": [1.60186815262, 1.29759407043, 1.30328142643, 1.15865969658, 1.1234716177, 0.919920086861], "mean": [-7.06527757645, -6.75570392609, -7.80370521545, -7.90041303635, -6.37277364731, -9.67405986786]}, "erbbands_flatness_db": {"dmean2": 0.0195270571858, "median": 0.173386514187, "min": 0.0335389152169, "dvar2": 0.00024761739769, "dvar": 9.19282319956e-05, "dmean": 0.0118491891772, "max": 0.29242220521, "var": 0.000711588014383, "mean": 0.175488442183}, "spectral_energyband_high": {"dmean2": 0.000775502820034, "median": 0.00213032541797, "min": 5.22053476837e-11, "dvar2": 7.30187707632e-07, "dvar": 3.33820082687e-07, "dmean": 0.000478