{"tonal": {"thpcp": [1, 0.900426745415, 0.873776257038, 0.798143565655, 0.573011875153, 0.512793064117, 0.550094246864, 0.484288364649, 0.602413535118, 0.725495874882, 0.592024564743, 0.599305450916, 0.725822031498, 0.637763559818, 0.589301884174, 0.628003120422, 0.555939257145, 0.68926346302, 0.824326097965, 0.666426420212, 0.654688239098, 0.664809525013, 0.500566720963, 0.660699665546, 0.881914675236, 0.729015529156, 0.563603937626, 0.478891551495, 0.416610270739, 0.593873441219, 0.716587424278, 0.576552093029, 0.637297332287, 0.727334678173, 0.5970505476, 0.781945168972], "hpcp": {"dmean2": [0.285323262215, 0.24830237031, 0.209457322955, 0.208350658417, 0.196089237928, 0.216497778893, 0.249890252948, 0.24177929759, 0.24738048017, 0.2806417346, 0.271468490362, 0.243127867579, 0.246410310268, 0.238868519664, 0.257984489202, 0.284695088863, 0.266941577196, 0.252952516079, 0.255587100983, 0.212918058038, 0.227710589767, 0.264833062887, 0.275885164738, 0.248833492398, 0.195527270436, 0.178026288748, 0.21244636178, 0.2479904145, 0.22923026979, 0.225458070636, 0.251947253942, 0.251563251019, 0.279453366995, 0.304523020983, 0.309173226357, 0.300103276968], "median": [0.0574064143002, 0.0420447066426, 0.0417866781354, 0.0332590565085, 0.035338036716, 0.048639845103, 0.0552104339004, 0.0492330156267, 0.0470101833344, 0.0526164993644, 0.0482423305511, 0.0479026585817, 0.0382251963019, 0.0389106944203, 0.0430331230164, 0.048326715827, 0.0531583465636, 0.053018130362, 0.0413774475455, 0.0352259278297, 0.0396915785968, 0.0498364940286, 0.0589441657066, 0.0423327796161, 0.027250085026, 0.0266311634332, 0.0563464574516, 0.0658033564687, 0.0489491373301, 0.0398759953678, 0.0435539111495, 0.0494252331555, 0.0590244755149, 0.0663155838847, 0.0790645703673, 0.0598182044923], "min": [0, 0, 0, 0, 0, 0, 0, 0, 0, 0, 0, 0, 0, 0, 0, 0, 0, 0, 0, 0, 0, 0, 0, 0, 0, 0, 0, 0, 0, 0, 0, 0, 0, 0, 0, 0], "dvar2": [0.137925744057, 0.126871719956, 0.100374475121, 0.102361619473, 0.0917211771011, 0.100948400795, 0.113481968641, 0.121619157493, 0.129788011312, 0.143390372396, 0.140349403024, 0.124338127673, 0.134643778205, 0.12860456109, 0.128469899297, 0.142322510481, 0.129812926054, 0.124061353505, 0.132760778069, 0.103064164519, 0.102433755994, 0.122432112694, 0.120084926486, 0.123815387487, 0.0902820900083, 0.09377579391, 0.0903958156705, 0.106544934213, 0.103242427111, 0.108453981578, 0.124988496304, 0.1209076792, 0.130013525486, 0.150631695986, 0.131796330214, 0.140767112374], "dvar": [0.0530621856451, 0.0462008453906, 0.0365084335208, 0.039207752794, 0.0342459529638, 0.0384062677622, 0.0446999557316, 0.0436857715249, 0.0474425703287, 0.0549626499414, 0.0536957122386, 0.0445353835821, 0.0506506934762, 0.0475826337934, 0.0500305071473, 0.0573605522513, 0.0491044148803, 0.0476399175823, 0.0507524311543, 0.0384065657854, 0.0416400097311, 0.053436987102, 0.0464318245649, 0.0457461848855, 0.0334777161479, 0.0336291491985, 0.0345979966223, 0.0432972759008, 0.0383029282093, 0.0426305830479, 0.0498250983655, 0.044531725347, 0.0492337867618, 0.0610094517469, 0.052371956408, 0.0590804964304], "dmean": [0.163656309247, 0.140292972326, 0.118760026991, 0.119760915637, 0.111248478293, 0.125665158033, 0.145215153694, 0.137705713511, 0.139676436782, 0.161191061139, 0.152947619557, 0.137422695756, 0.138728260994, 0.134464502335, 0.146803051233, 0.162876784801, 0.151185929775, 0.144856959581, 0.145968958735, 0.120961613953, 0.133976906538, 0.156743332744, 0.158851474524, 0.139565393329, 0.110213302076, 0.0997964069247, 0.123853333294, 0.145928770304, 0.132123872638, 0.130561038852, 0.144179299474, 0.142721444368, 0.160896211863, 0.174827992916, 0.180576816201, 0.174288704991], "max": [1, 1, 1, 1, 1, 1, 1, 1, 1, 1, 1, 1, 1, 1, 1, 1, 1, 1, 1, 1, 1, 1, 1, 1, 1, 1, 1, 1, 1, 1, 1, 1, 1, 1, 1, 1], "var": [0.0715725123882, 0.044608168304, 0.0359404794872, 0.0482433252037, 0.0352674163878, 0.0469798967242, 0.0619452521205, 0.0424803011119, 0.0489701069891, 0.0633314847946, 0.0532719790936, 0.0438568219543, 0.0596170835197, 0.0450290255249, 0.062155880034, 0.0829038992524, 0.0526109300554, 0.0540356263518, 0.0597610361874, 0.0370149090886, 0.057458370924, 0.0906691625714, 0.0565456822515, 0.0448851175606, 0.0394415780902, 0.0319132171571, 0.0416363105178, 0.0561250634491, 0.0399199277163, 0.0589689314365, 0.0716721639037, 0.0430760197341, 0.0652977377176, 0.103728279471, 0.070956364274, 0.0847012847662], "mean": [0.184619933367, 0.132544338703, 0.118615023792, 0.127243220806, 0.112021557987, 0.139345288277, 0.167815670371, 0.136942192912, 0.138626351953, 0.16789111495, 0.147522166371, 0.136312410235, 0.145264461637, 0.128595247865, 0.159434691072, 0.190676257014, 0.154152214527, 0.151437029243, 0.153778210282, 0.115786932409, 0.152827546, 0.203997164965, 0.168629810214, 0.130368173122, 0.110773205757, 0.0963668227196, 0.137369856238, 0.165755033493, 0.133363232017, 0.147414311767, 0.168241009116, 0.138104766607, 0.180873051286, 0.231311678886, 0.20827922225, 0.202114656568]}, "tuning_equal_tempered_deviation": 0.0267413761467, "chords_changes_rate": 0.0739463567734, "key_key": "A", "tuning_diatonic_strength": 0.367607980967, "key_scale": "major", "chords_number_rate": 0.00217113667168, "tuning_frequency": 444.341888428, "tuning_nontempered_energy_ratio": 0.770187139511, "chords_histogram": [1.50702428818, 2.82247757912, 2.79693484306, 7.56066417694, 1.59642398357, 0.293742030859, 6.00255441666, 4.49553012848, 3.99744582176, 3.58876109123, 12.8863344193, 1.04725420475, 0.217113658786, 0.996168553829, 0.945083022118, 0.727969348431, 0.268199235201, 12.4265642166, 4.112388134, 8.42911911011, 11.1749677658, 6.66666650772, 5.17241382599, 0.268199235201], "key_strength": 0.52332174778, "chords_key": "G#", "chords_strength": {"dmean2": 0.0128253512084, "median": 0.509323120117, "min": -1, "dvar2": 0.000558542204089, "dvar": 0.000338307843776, "dmean": 0.0115164034069, "max": 0.812563121319, "var": 0.0174811203033, "mean": 0.508172810078}, "chords_scale": "major", "hpcp_entropy": {"dmean2": 1.1382342577, "median": 2.27044963837, "min": 0, "dvar2": 0.813896298409, "dvar": 0.294747114182, "dmean": 0.672842442989, "max": 4.34975624084, "var": 0.538134694099, "mean": 2.22878742218}}, "metadata": {"audio_properties": {"equal_loudness": 0, "codec": "mp3", "downmix": "mix", "sample_rate": 44100, "analysis_sample_rate": 44100, "bit_rate": 320000, "md5_encoded": "017f28acb3e886624ce86040c6309148", "length": 363.546112061, "replay_gain": -10.1596393585, "lossless": false}, "version": {"essentia_build_sha": "2d9f1f26377add8aeb1075a9c2973f962c4f09fd", "essentia": "2.1-beta2", "extractor": "music 1.0", "essentia_git_sha": "v2.1_beta2-1-ge3940c0"}, "tags": {"title": ["Love Is the Answer"], "barcode": ["053993661123"], "media": ["(CD)"], "albumartist": ["Cerrone"], "language": ["eng"], "musicbrainz_recordingid": ["137287ed-aab6-45f0-b6a9-feea8d44a8c9"], "musicbrainz_albumartistid": ["9ec90f51-2c4a-495b-b478-2dfc9c07f8bc"], "discnumber": ["01/01"], "bpm": ["126.94"], "catalognumber": ["HTCD 6611"], "contentgroup": ["Dance", "Pop"], "originalalbum": ["Cerrone 3: Supernature"], "musicbrainz album type": ["Album"], "musicbrainz album status": ["Official"], "file_name": "01-06 Love Is the Answer.mp3", "originaldate": ["1978"], "acoustid_fingerprint": ["AQADtEySJIo4JRr-YLIl5MUZXcEX0YH2HQ4pmEoWHeFREs16nIuIa5PxbMKfoqTQ8JiP0McvaG-Rk8G3qHge4zLCw3kUaDzy48sxlQu2LDv-Iy-Pf7jgH7-Oq4d_dObQH26L48cVQTuOHj-s1KjfRshDoscZPEJ_PHiOMI-h0QgzGX2Kb0TJE_7R49pRHelhHdpRHoZ16E6RGtVX9OywB_6DH-fBHbkI64ZY8XhoTA9R2FqOd8cRLcePE_dkuNKDH-lhSNGPTx1y4rHxX0JIRrAYHn2Oe7iLH_3QxHiio7ngaUOhjjouiO_R5ciSfHiN5rNwEZmcZLiuQlyy6AjxLcd3fA_6yGhU5ENyJQfeo2UOn8e7EBfySNAuFuFeoaeHPImcoNfhS9B-I7-MO0I4NIceJQWP8IfPGf7wFnyQFy8eNDzefYUu5cNpoYc_48cjNJ2QPw6a-iin43i2o3mLfsgt_NCro7mIHt-hfTKa2jiNcFasoamPSzy-Bz2ajMQ_5GojHDoaUqjMDX1gjtC74CasksNz5PhV-CyuoOWR98NpQ9smHemPNjt6eF2KH_6Qw3sFURfyGT9-CSl39DWusdByYc_w6EPJ48JTaCembAo-oVeCo0R-_LifoJmOPnzxCs-Qz_iNPoXX4LDF41FVmBz6Q1-Od7HR9EVPfMqERn1w6McnZUf548rRH-IY_GhzQ_vR2Mib40F4w8_xQJeOfHiN78gZ6dDDIk2JXsdf_Bx-4x-aa0doLZAzHY905Ecf1Do-I3x0uApRnvjxNsXpoTm6ZpSgK43RcDRKjUNOozmP-hUe4jz6zBW8oz1yaTTkSEV4XWh0PLLQHy-LPkPYQ8vI4BF-hOtyHCE744F-Fr2EZh3eB9rpoTlxEv0FfzH64d3R83AXBT1-tBU1iOsxecfTom44NMue40zQ_WgqxoI-PHowkQm0jLTxTYf-E7_wp0PzGFp3PM2GNpLhC10eNGc3aCfy5ML1oD8a5cFPXI_Ab8hHiNaQ80PbB06TgdeGH_nGQo-Qvhs27qjH4tOOz9gRJuqClumhZ8dFPYH0UXiOB70Eh7tw6DreoT7YUsSPH1OUX6iVHHrCB72HK0Of3fiHPIyDLx7KYsqnAjmTCz-0aTyaR8el4mOO5kQbJTt-NNUL7cSl43yh5RG0afjwBzf6oFHY414s9A-u4Mdf6C3e7Mjlw2N49DiHPAcfcYSWHyHOyegqHY1yfNGLcCGh5a2QN-wG_kF1nEtwIwwZqLqT4cPMjmg0iscTmOkDfziXo5SOnOWxj0f5o-GiF_-O38ijB5r0tGiIR4pC4k3RzEcb5cX5oamhPUxxHj08LkePg1R24w8aSkSo48nxF1fxF8yDps7xI_zxZdCLdzjRz8VztJzh49fgB4d-pPKOJw7u45KPk4eP2ltwThPyQwy-RMc6DWGc5LiOnDmafxiX7XiPG31GNB_kJ8K3D_lBjTmOE2EisUTPQ1aOhv1QH5-OB6WIhjSkHv-Jf45QykFzfOSh9aLQxKTw4r2gnYfRHyWnw-SM8sOhi8_QvEXvI9cuIxxzmEPFQzvcI2yPXQquoTkm2kLMQWeEMPpxGum4oNRyPNBjIyRz4Tl6CeXROFmM41mE_MGUHzecbkd_Qc8x9Wi-48qO_AQTM0a7iUMsRjmOczyhHiGPhpOMPzfOojnKEvkKHWHeHmVHBfmM4wrROIOeIKWK_jgv8KqGBj1ehCmhXng5IfUeMD9-9FlwPOiYG3luXIeW9Qif5XjA68O142Jk4UcYMRF66KFxNDu6o5XhMdJR6wiTo8-BnDKa5eDkD-KPVM_xj_hx48V_pFSWVFDFXPAzHaql4Diyv_BvMDLxMEqQS2h7IQxHnAmN70c6PcTDDs0P7TnyCuWSCI4_WA_4Ih1DpsKRHF9y1M6OK0pwNE4e1DqScwj3o9mPT5_Q5QifDDqPZjzCZ0c-o-_QkDu0_UPj4wkeJUdzVNtxGrfRt_ChPUqK6kj1WMUPqkavA81R7_iR80JztJKOV9CPh_mgCd6Efjo-lug1aAmdF8dlpFyW4yNxHVVzpI-h8nB1ZD8sqSmugLoVnBGD5seq6OiNMHnwHP2O5jz-YD_CJ0ITUXiRM9nBHk2VQyuv4QjT7WCZjbjgo1_Qf3ijBLHxHJ1ZfJyE_oJTXFKFizwe9IU-Iz8qDsenHGcDauTgK0G7T4hFHbZW8Lh2-DjkD82P0JRV3EdfH76GPNBzfPqRhw6c6BuFHOeKC-JK-HhS6NsYhGEqnMLBL0rwp0OYSZgmLtB1_OiPvINPPP3g7Qhf6BFRikh17Aku7TjMafCR5UmhH99UpOuRE5_owFu44VkgldrQ50PT48lx1cjyG-muo2V0_PgRHs00Ht81XNZYNGkW9AiXEpIoG_2Afocvoz_0gw-Nr2iOfsfHo88Ob8kC_Q78zGiDF10kHk1egeVxH_2Ky4G5QE_w7QiT7sWloOfRHNeFK8cNhodJhJKLf45wiCc-BZ8oNIuPSlJ24Uc_iFVeVFqP3Lhy9HDmvOgBIoQBTgAgiAHACQQNJEoAIaACzkAGEUMCCCC5AgAIRIAiyhmnlGgKAcWJMYgZYBRAQlmGCICYESEIAQgBDIAiggEhBKMGMEKccEQIoQwASCAorCJMKAABI5IJBIBDwBGiiCJCIAOIRIgZgZABBDFACdJGAMUIsA4IAABjAjEiBEHOACCkM4JQiwxwxAChrCQGJAsYFYwI4QgQTCBCMBGCAOmQJcoIAogTRlQhhCOSOEGIAEYxI4gVQhiEiBLKOCCAEQQRBQABAgGgmCEMKcocAAoZgpQBRAAAADFECsUcMMAhxkBQAACFkIBAEWCcAkQgxySxYAAijBBECEGEEEQMiZwCgBABDDIGCCEAEVYiAQUxBhnihIHAMSOMIMwCRCwBzhIDgAAMCEHgMsYwA5AgRgAChUAKISAEY0AIQgACDAliDBIAIgUKAIRAhoFDgjgikAHOCOIENAIABiRBAhwFhAEMAAEIAEAIIhgQQhFAFECSCMOII0IRKZADxABgnEFEFEGsI4gKBiRgTBiEnFKGCYQUEEQAi4gUwDiCqAPCCUcIyIIIAIQxggghhADAQQIAIYIgjBUixCGAnKDCUCEANQQAg4QQgllFkFDAcQEMIQA4QgAQhEIkjBGAkCCEMJQJUg5RjEEBJBHECCItYlQDiYQxDAhFAABKUUYUEACYLhQRwhIBGFAMEGIMkIJJAoQwRQkDBEBACkGAAMIIQiQ4QhmHDBKGAImAJ4ACBJ2VRgABDADMA4OQMsAYgxATRCjDDHECMAUcYABIAoCDShBCFAQCIaE8YwCCQpgwxBEljBIKIEAMRQQwwIQ0CotAKAOGIQkUIUIAx4QiBFAkIDCACSMIUw4RAhghjgJrjACEEGSIs4hYwIABAAABLCAQIQMdEoIIoJBRCAEAwBBKACYgAVIARSw"], "date": ["1993"], "genre": ["Disco", "House", "Dance"], "musicbrainz album release country": ["US"], "album": ["Cerrone 3: Supernature"], "musicbrainz_artistid": ["9ec90f51-2c4a-495b-b478-2dfc9c07f8bc"], "artistwebpage": ["http://www.cerrone.net/"], "asin": ["B000006XIR"], "musicbrainz_albumid": ["d2c0e040-4898-3df7-ae45-899b15bcb212"], "artist": ["Cerrone"], "artistsort": ["Cerrone"], "tracknumber": ["06/06"], "label": ["Hot Productions"], "albumartistsort": ["Cerrone"], "acoustid_id": ["4db6bd63-a115-4860-90b3-3c9db96514b7"], "script": ["Latin"], "musicbrainz_releasegroupid": ["14e23e76-8160-31c1-9956-971736224bd9"]}}, "rhythm": {"bpm_histogram_first_peak_bpm": {"dmean2": 0, "median": 126, "min": 126, "dvar2": 0, "dvar": 0, "dmean": 0, "max": 126, "var": 0, "mean": 126}, "bpm": 126.963882446, "bpm_histogram_second_peak_spread": {"dmean2": 0, "median": 0.500000059605, "min": 0.500000059605, "dvar2": 0, "dvar": 0, "dmean": 0, "max": 0.500000059605, "var": 0, "mean": 0.500000059605}, "bpm_histogram_first_peak_weight": {"dmean2": 0, "median": 0.608355104923, "min": 0.608355104923, "dvar2": 0, "dvar": 0, "dmean": 0, "max": 0.608355104923, "var": 0, "mean": 0.608355104923}, "onset_rate": 6.21344470978, "beats_position": [0.510838985443, 1.03328800201, 1.54412698746, 2.04335594177, 2.53097510338, 3.00698399544, 3.48299312592, 3.95900225639, 4.43501138687, 4.91102027893, 5.38702917099, 5.86303853989, 6.33904743195, 6.80344676971, 7.26784563065, 7.74385452271, 8.2198638916, 8.6958732605, 9.17188167572, 9.64789104462, 10.1122903824, 10.5766887665, 11.0526981354, 11.5170974731, 11.9931058884, 12.4691152573, 12.933514595, 13.4211339951, 13.9087524414, 14.3963718414, 14.8723802567, 15.3483896255, 15.8243989944, 16.3004074097, 16.7648067474, 17.2292060852, 17.693605423, 18.1580047607, 18.6340141296, 19.1100215912, 19.574420929, 20.0504302979, 20.5264396667, 21.0024490356, 21.4784584045, 21.942855835, 22.4188652039, 22.8948745728, 23.3708839417, 23.8468933105, 24.3229026794, 24.7989120483, 25.2633094788, 25.7277088165, 26.2037181854, 26.6797275543, 27.1557369232, 27.6317462921, 28.0961437225, 28.5605430603, 29.0365524292, 29.5125617981, 29.988571167, 30.4645805359, 30.9405899048, 31.4165973663, 31.8926067352, 32.3686180115, 32.8446235657, 33.3206329346, 33.7966423035, 34.2726516724, 34.7370529175, 35.2130622864, 35.6890678406, 36.1534690857, 36.6178665161, 37.093875885, 37.5698852539, 38.0458946228, 38.5219039917, 38.9863014221, 39.462310791, 39.9383201599, 40.4143295288, 40.8903388977, 41.3547401428, 41.8191375732, 42.2951469421, 42.771156311, 43.2355537415, 43.7115631104, 44.1875724792, 44.6519737244, 45.1163711548, 45.5923805237, 46.0683898926, 46.532787323, 47.0087966919, 47.4848060608, 47.9608154297, 48.4368247986, 48.901222229, 49.3772315979, 49.8532409668, 50.3292503357, 50.8052597046, 51.269657135, 51.7572784424, 52.2216758728, 52.6976852417, 53.1736946106, 53.6497039795, 54.1257133484, 54.5901107788, 55.0661201477, 55.5421295166, 56.0065307617, 56.4825401306, 56.9585494995, 57.4345550537, 57.9105644226, 58.3749656677, 58.8509750366, 59.3269844055, 59.7913818359, 60.2557830811, 60.7317886353, 61.2077980042, 61.683807373, 62.1598167419, 62.6358261108, 63.1118354797, 63.5762329102, 64.0522460938, 64.5282516479, 64.9926528931, 65.4570541382, 65.9330596924, 66.409072876, 66.8850784302, 67.3610839844, 67.837097168, 68.3131027222, 68.7891159058, 69.26512146, 69.7295227051, 70.2055282593, 70.6815414429, 71.145942688, 71.6219482422, 72.0979614258, 72.5623550415, 73.0267562866, 73.5027618408, 73.9787750244, 74.4431762695, 74.9191818237, 75.3951950073, 75.859588623, 76.3356018066, 76.8116073608, 77.276008606, 77.7404098511, 78.2048034668, 78.6692047119, 79.1452102661, 79.6212234497, 80.1088409424, 80.584854126, 81.0608596802, 81.5252609253, 82.0012664795, 82.4772796631, 82.9532852173, 83.4292984009, 83.9053039551, 84.3813171387, 84.8573226929, 85.3333282471, 85.7977294922, 86.2621307373, 86.7381362915, 87.2141494751, 87.6901550293, 88.1661682129, 88.6305618286, 89.0949630737, 89.5709762573, 90.0469818115, 90.5229949951, 90.9990005493, 91.4634017944, 91.9394073486, 92.4154205322, 92.8914260864, 93.36743927, 93.8318328857, 94.3078460693, 94.7838516235, 95.2482528687, 95.7126541138, 96.1770477295, 96.6530609131, 97.1290664673, 97.6050796509, 98.0810852051, 98.5570983887, 99.0331039429, 99.497505188, 99.9619064331, 100.426300049, 100.902313232, 101.378318787, 101.85433197, 102.330337524, 102.806350708, 103.282356262, 103.758361816, 104.234375, 104.698776245, 105.174781799, 105.650794983, 106.115188599, 106.579589844, 107.043991089, 107.519996643, 107.996009827, 108.472015381, 108.948028564, 109.424034119, 109.900039673, 110.376052856, 110.852058411, 111.316459656, 111.792472839, 112.268478394, 112.732879639, 113.197273254, 113.673286438, 114.149291992, 114.613693237, 115.089706421, 115.565711975, 116.041717529, 116.506118774, 116.982131958, 117.446525574, 117.922538757, 118.398544312, 118.874557495, 119.350563049, 119.826576233, 120.302581787, 120.778594971, 121.254600525, 121.71900177, 122.195007324, 122.671020508, 123.147026062, 123.623039246, 124.0990448, 124.575057983, 125.039451599, 125.515464783, 125.991470337, 126.467483521, 126.943489075, 127.419502258, 127.895507813, 128.359909058, 128.824310303, 129.300308228, 129.776321411, 130.240722656, 130.705123901, 131.181137085, 131.65713501, 132.133148193, 132.609161377, 133.073562622, 133.549560547, 134.02557373, 134.489974976, 134.954376221, 135.418777466, 135.894775391, 136.370788574, 136.835189819, 137.311203003, 137.775604248, 138.251602173, 138.727615356, 139.20362854, 139.668029785, 140.14402771, 140.620040894, 141.084442139, 141.560455322, 142.036453247, 142.512466431, 142.988479614, 143.452880859, 143.917282104, 144.393280029, 144.869293213, 145.345306396, 145.82131958, 146.285705566, 146.76171875, 147.237731934, 147.702133179, 148.178131104, 148.654144287, 149.118545532, 149.582946777, 150.058959961, 150.534957886, 151.010971069, 151.486984253, 151.951385498, 152.427383423, 152.903396606, 153.37940979, 153.855422974, 154.343032837, 154.819046021, 155.295059204, 155.771057129, 156.247070313, 156.723083496, 157.19909668, 157.663482666, 158.13949585, 158.615509033, 159.079910278, 159.544311523, 160.00869751, 160.484710693, 160.960723877, 161.425125122, 161.889526367, 162.365524292, 162.841537476, 163.305938721, 163.770339966, 164.234741211, 164.722351074, 165.198364258, 165.674377441, 166.150375366, 166.62638855, 167.090789795, 167.55519104, 168.031204224, 168.507202148, 168.971603394, 169.447616577, 169.923629761, 170.388031006, 170.864028931, 171.340042114, 171.804443359, 172.280456543, 172.756454468, 173.232467651, 173.696868896, 174.17288208, 174.648880005, 175.124893188, 175.589294434, 176.065307617, 176.541305542, 177.005706787, 177.481719971, 177.957733154, 178.433731079, 178.909744263, 179.385757446, 179.86177063, 180.326171875, 180.8021698, 181.278182983, 181.742584229, 182.206985474, 182.671386719, 183.135772705, 183.60017395, 184.076187134, 184.552200317, 185.016601563, 185.492599487, 185.968612671, 186.444625854, 186.920639038, 187.396636963, 187.872650146, 188.337051392, 188.813064575, 189.277450562, 189.753463745, 190.229476929, 190.705490112, 191.181488037, 191.657501221, 192.121902466, 192.609527588, 193.073913574, 193.549926758, 194.025939941, 194.490341187, 194.966339111, 195.442352295, 195.90675354, 196.382766724, 196.858764648, 197.323165894, 197.799179077, 198.275192261, 198.739593506, 199.227203369, 199.691604614, 200.179229736, 200.643630981, 201.108016968, 201.584030151, 202.060043335, 202.52444458, 203.012054443, 203.476455688, 203.940856934, 204.405258179, 204.869659424, 205.357269287, 205.833282471, 206.309295654, 206.773696899, 207.238098145, 207.714096069, 208.190109253, 208.666122437, 209.142120361, 209.606521606, 210.08253479, 210.558547974, 211.022949219, 211.498947144, 211.963348389, 212.439361572, 212.903762817, 213.368164063, 213.832565308, 214.308563232, 214.784576416, 215.272201538, 215.748199463, 216.224212646, 216.70022583, 217.176239014, 217.640625, 218.105026245, 218.581039429, 219.057052612, 219.521453857, 219.985839844, 220.461853027, 220.937866211, 221.402267456, 221.878265381, 222.354278564, 222.81867981, 223.294692993, 223.770706177, 224.246704102, 224.722717285, 225.18711853, 225.663131714, 226.139129639, 226.603530884, 227.079544067, 227.555557251, 228.031555176, 228.507568359, 228.995193481, 229.459594727, 229.935592651, 230.411605835, 230.887619019, 231.363616943, 231.828018188, 232.292419434, 232.756820679, 233.232833862, 233.708831787, 234.173233032, 234.637634277, 235.113647461, 235.589660645, 236.05406189, 236.530059814, 237.006072998, 237.470474243, 237.934875488, 238.410873413, 238.886886597, 239.36289978, 239.838912964, 240.30329895, 240.767700195, 241.23210144, 241.708114624, 242.184127808, 242.648529053, 243.112915039, 243.588928223, 244.064941406, 244.54095459, 245.016952515, 245.48135376, 245.957366943, 246.433380127, 246.92098999, 247.385391235, 247.861404419, 248.337417603, 248.825027466, 249.289428711, 249.777053833, 250.241439819, 250.717453003, 251.193466187, 251.657867432, 252.133865356, 252.60987854, 253.074279785, 253.550292969, 254.026306152, 254.490692139, 254.955093384, 255.442718506, 255.907119751, 256.371520996, 256.835906982, 257.323547363, 257.78793335, 258.263946533, 258.739959717, 259.2159729, 259.691955566, 260.15637207, 260.632385254, 261.108398438, 261.572784424, 262.03717041, 262.513183594, 262.989196777, 263.465209961, 263.941223145, 264.417236328, 264.893249512, 265.357635498, 265.833648682, 266.309661865, 266.774047852, 267.238464355, 267.714447021, 268.190460205, 268.666473389, 269.142486572, 269.606903076, 270.071289063, 270.535675049, 271.02331543, 271.499328613, 271.975311279, 272.439727783, 272.915740967, 273.39175415, 273.856140137, 274.320526123, 274.808166504, 275.27255249, 275.748565674, 276.224578857, 276.688964844, 277.153381348, 277.629394531, 278.105377197, 278.569793701, 279.034179688, 279.498596191, 279.974609375, 280.450592041, 280.915008545, 281.379394531, 281.855407715, 282.331420898, 282.807434082, 283.283447266, 283.759460449, 284.235473633, 284.711456299, 285.187469482, 285.675109863, 286.13949585, 286.615509033, 287.07989502, 287.555908203, 288.031921387, 288.50793457, 288.983947754, 289.459960938, 289.935943604, 290.411956787, 290.887969971, 291.363983154, 291.828399658, 292.292785645, 292.757171631, 293.233184814, 293.709197998, 294.185211182, 294.661224365, 295.137237549, 295.601623535, 296.077636719, 296.542022705, 297.029663086, 297.494049072, 297.970062256, 298.446075439, 298.910461426, 299.386474609, 299.862487793, 300.326873779, 300.802886963, 301.278900146, 301.75491333, 302.230926514, 302.6953125, 303.159729004, 303.635742188, 304.111755371, 304.576141357, 305.040527344, 305.516540527, 305.992553711, 306.456970215, 306.921356201, 307.408966064, 307.873382568, 308.360992432, 308.825378418, 309.289794922, 309.754180908, 310.230194092, 310.706207275, 311.170593262, 311.658233643, 312.122619629, 312.610229492, 313.074645996, 313.55065918, 314.026672363, 314.49105835, 314.967071533, 315.443084717, 315.907470703, 316.383483887, 316.85949707, 317.335510254, 317.811523438, 318.275909424, 318.751922607, 319.227935791, 319.692321777, 320.168334961, 320.644348145, 321.108734131, 321.584747314, 322.060760498, 322.525177002, 322.989562988, 323.465576172, 323.929962158, 324.405975342, 324.881988525, 325.358001709, 325.822387695, 326.286804199, 326.751190186, 327.238800049, 327.703216553, 328.179229736, 328.65524292, 329.119628906, 329.58404541, 330.071655273, 330.53604126, 331.000457764, 331.476470947, 331.952453613, 332.416870117, 332.90447998, 333.368896484, 333.833282471, 334.297668457, 334.773681641, 335.249694824, 335.725708008, 336.201721191, 336.666107178, 337.142120361, 337.618133545, 338.082519531, 338.558532715, 339.034545898, 339.498962402, 339.986572266, 340.450958252, 340.926971436, 341.402984619, 341.878997803, 342.355010986, 342.83102417, 343.307037354, 343.77142334, 344.235809326, 344.71182251, 345.187835693, 345.675445557, 346.139862061, 346.604248047, 347.068664551, 347.544677734, 348.0206604, 348.485076904, 348.972686768, 349.437103271, 349.913085938, 350.389099121, 350.853515625, 351.341125488, 351.805511475, 352.269927979, 352.745941162, 353.221954346, 353.697967529, 354.173950195, 354.638366699, 355.102752686, 355.567169189, 356.043182373, 356.519165039, 356.983581543, 357.459594727, 357.93560791, 358.411590576, 358.88760376, 359.375244141, 359.874450684, 360.396911621, 360.907745361, 361.418579102, 361.929412842, 362.4402771, 362.96270752], "beats_loudness": {"dmean2": 0.0608130805194, "median": 0.113295175135, "min": 0, "dvar2": 0.00272101722658, "dvar": 0.000955486204475, "dmean": 0.0349821150303, "max": 0.281278550625, "var": 0.00169232930057, "mean": 0.114100240171}, "danceability": 1.9177018404, "bpm_histogram_second_peak_weight": {"dmean2": 0, "median": 0.00652741501108, "min": 0.00652741501108, "dvar2": 0, "dvar": 0, "dmean": 0, "max": 0.00652741501108, "var": 0, "mean": 0.00652741501108}, "beats_count": 767, "bpm_histogram_second_peak_bpm": {"dmean2": 0, "median": 117, "min": 117, "dvar2": 0, "dvar": 0, "dmean": 0, "max": 117, "var": 0, "mean": 117}, "bpm_histogram_first_peak_spread": {"dmean2": 0, "median": 0.3835978508, "min": 0.3835978508, "dvar2": 0, "dvar": 0, "dmean": 0, "max": 0.3835978508, "var": 0, "mean": 0.3835978508}, "beats_loudness_band_ratio": {"dmean2": [0.100752301514, 0.0218506585807, 0.0161887556314, 0.0348104201257, 0.0265962909907, 0.0456183291972], "median": [0.933793008327, 0.0111875254661, 0.00604974897578, 0.0103384945542, 0.0103746028617, 0.0184862203896], "min": [0, 0, 0, 0, 0, 0], "dvar2": [0.0260945688933, 0.000730243395083, 0.000939168443438, 0.0028248692397, 0.00156403775327, 0.0119143687189], "dvar": [0.00993720255792, 0.000244106311584, 0.000334308744641, 0.00101193052251, 0.000568331975956, 0.00450402125716], "dmean": [0.0569098107517, 0.0119075188413, 0.00917797256261, 0.0193445570767, 0.0152259655297, 0.0248309783638], "max": [0.997488796711, 0.120652735233, 0.251203775406, 0.272387623787, 0.245587199926, 0.858007848263], "var": [0.0143098859116, 0.000202172042918, 0.000266161427135, 0.000904029409867, 0.000596119440161, 0.00400597695261], "mean": [0.905549585819, 0.0150342378765, 0.0104188015684, 0.0207959841937, 0.0182921532542, 0.0297504290938]}}, "lowlevel": {"barkbands_spread": {"dmean2": 18.7915802002, "median": 37.5784301758, "min": 0.267480403185, "dvar2": 323.192016602, "dvar": 156.616470337, "dmean": 12.2726488113, "max": 125.873954773, "var": 408.924377441, "mean": 38.7461547852}, "melbands_spread": {"dmean2": 22.2886638641, "median": 42.0437850952, "min": 0.302360326052, "dvar2": 553.197021484, "dvar": 281.807525635, "dmean": 14.6280660629, "max": 250.129714966, "var": 906.289978027, "mean": 43.2635765076}, "hfc": {"dmean2": 23.6187171936, "median": 31.0211620331, "min": 1.04213447968e-16, "dvar2": 1134.53564453, "dvar": 462.006744385, "dmean": 15.8436136246, "max": 276.936523438, "var": 1031.49658203, "mean": 38.2973976135}, "barkbands_kurtosis": {"dmean2": 9.41411781311, "median": -0.310029447079, "min": -1.93308019638, "dvar2": 1385.66040039, "dvar": 612.667236328, "dmean": 6.10973978043, "max": 1139.87145996, "var": 672.278015137, "mean": 5.68541288376}, "gfcc": {"mean": [26.6188335419, 33.5564842224, -99.0781402588, 36.6669616699, -53.130657196, 22.4560565948, -37.0961990356, 14.782327652, -27.4255924225, 2.4374859333, -15.1890354156, 4.64099693298, -9.63485145569], "icov": [[0.000100484634459, -1.60592608154e-05, 0.000133922803798, -0.000135078793392, 0.000118633040984, -0.000228191638598, 0.00023248771322, -0.000310925563099, 0.000371257803636, -0.000349757698132, 0.000399633921916, -9.05758643057e-05, 0.00019444883219], [-1.60592608154e-05, 0.00132015347481, -3.99579548684e-05, -0.000450953783002, -4.98271438119e-05, -0.000439893687144, 3.85536513932e-05, 0.000652639311738, -0.000499948859215, 0.00141665386036, -0.00138119549956, 0.00125296972692, -0.000573004945181], [0.000133922803798, -3.99579548684e-05, 0.00129357597325, -0.000432643399108, -0.00044019788038, -0.000332134659402, 0.000433361186879, -0.000880388659425, 0.00044098435319, -0.000930787296966, 0.0017770655686, -0.00126969220582, 0.00135932234116], [-0.000135078793392, -0.000450953783002, -0.000432643399108, 0.0031729794573, -0.000451432715636, -0.000309506140184, -0.000495059299283, 7.4836294516e-05, -0.00192990154028, 0.00266936700791, -0.00196280004457, 0.00124926911667, 0.000262832414592], [0.000118633040984, -4.98271438119e-05, -0.00044019788038, -0.000451432715636, 0.00518133491278, -0.00191583216656, -0.000636790413409, -0.000637834542431, 0.0011594388634, -0.000985701335594, 0.000423187040724, 1.67202470038e-05, -0.000522034650203], [-0.000228191638598, -0.000439893687144, -0.000332134659402, -0.000309506140184, -0.00191583216656, 0.00702741881832, -0.00352389924228, 0.00205459375866, 0.000187957164599, -0.00148302165326, -0.00069651013473, 0.000439533730969, -0.002507007448], [0.00023248771322, 3.85536513932e-05, 0.000433361186879, -0.000495059299283, -0.000636790413409, -0.00352389924228, 0.0102168396115, -0.00490911491215, -0.000287619885057, 0.00244946265593, -0.00211700145155, 0.00185314856935, 0.00111402431503], [-0.000310925563099, 0.000652639311738, -0.000880388659425, 7.4836294516e-05, -0.000637834542431, 0.00205459375866, -0.00490911491215, 0.012670269236, -0.00583284068853, 0.00240890542045, 0.000348472356563, -0.00382535811514, 0.00164212624077], [0.000371257803636, -0.000499948859215, 0.00044098435319, -0.00192990154028, 0.0011594388634, 0.000187957164599, -0.000287619885057, -0.00583284068853, 0.0147286262363, -0.00938488356769, 0.00145397044253, 0.00241406424902, -0.00280073471367], [-0.000349757698132, 0.00141665386036, -0.000930787296966, 0.00266936700791, -0.000985701335594, -0.00148302165326, 0.00244946265593, 0.00240890542045, -0.00938488356769, 0.0218627378345, -0.00990288332105, 0.00102086935658, 0.00250487751327], [0.000399633921916, -0.00138119549956, 0.0017770655686, -0.00196280004457, 0.000423187040724, -0.00069651013473, -0.00211700145155, 0.000348472356563, 0.00145397044253, -0.00990288332105, 0.019256811589, -0.00808257050812, 0.00118798087351], [-9.05758643057e-05, 0.00125296972692, -0.00126969220582, 0.00124926911667, 1.67202470038e-05, 0.000439533730969, 0.00185314856935, -0.00382535811514, 0.00241406424902, 0.00102086935658, -0.00808257050812, 0.0205850675702, -0.00839474238455], [0.00019444883219, -0.000573004945181, 0.00135932234116, 0.000262832414592, -0.000522034650203, -0.002507007448, 0.00111402431503, 0.00164212624077, -0.00280073471367, 0.00250487751327, 0.00118798087351, -0.00839474238455, 0.0161826182157]], "cov": [[15166.4667969, -119.511253357, -980.536315918, 130.387695313, -330.270874023, 136.948379517, -285.445068359, 18.4573860168, -307.275604248, -4.18339633942, -247.830184937, -94.8010864258, -161.402679443], [-119.511253357, 1253.00732422, -144.827819824, 361.051177979, 90.186340332, 199.509902954, 104.989280701, -72.4295806885, 31.3477916718, -69.8398132324, 85.7790145874, -78.9809036255, 55.0114898682], [-980.536315918, -144.827819824, 1242.17419434, 82.3902740479, 146.710601807, 2.04330396652, 26.136259079, 115.611953735, 21.4608707428, 9.63202762604, -79.107711792, 25.9552021027, -86.0122451782], [130.387695313, 361.051177979, 82.3902740479, 540.164245605, 92.0570297241, 119.892875671, 112.258483887, 37.8846282959, 62.6352424622, -40.6372070313, 39.8451004028, -46.2353019714, -4.28426933289], [-330.270874023, 90.186340332, 146.710601807, 92.0570297241, 277.003448486, 119.769393921, 75.8312683105, 22.6372318268, 8.75091171265, 2.83158349991, 16.1429653168, 2.12482404709, 14.3097085953], [136.948379517, 199.509902954, 2.04330396652, 119.892875671, 119.769393921, 270.255249023, 102.142410278, -8.6333770752, 14.1325521469, 8.19470596313, 40.2505836487, -6.16142654419, 37.9023590088], [-285.445068359, 104.989280701, 26.136259079, 112.258483887, 75.8312683105, 102.142410278, 192.098831177, 66.1931610107, 39.3664550781, -11.2636194229, 30.82538414, -11.2574701309, 1.91159260273], [18.4573860168, -72.4295806885, 115.611953735, 37.8846282959, 22.6372318268, -8.6333770752, 66.1931610107, 151.301040649, 56.287940979, 6.15882396698, -1.25190651417, 17.9516792297, -15.4374284744], [-307.275604248, 31.3477916718, 21.4608707428, 62.6352424622, 8.75091171265, 14.1325521469, 39.3664550781, 56.287940979, 136.177688599, 48.0012016296, 29.5597114563, -2.27802419662, 8.8186750412], [-4.18339633942, -69.8398132324, 9.63202762604, -40.6372070313, 2.83158349991, 8.19470596313, -11.2636194229, 6.15882396698, 48.0012016296, 95.4234390259, 40.1406288147, 13.1952018738, -3.625], [-247.830184937, 85.7790145874, -79.107711792, 39.8451004028, 16.1429653168, 40.2505836487, 30.82538414, -1.25190651417, 29.5597114563, 40.1406288147, 108.18952179, 28.7747783661, 22.6616573334], [-94.8010864258, -78.9809036255, 25.9552021027, -46.2353019714, 2.12482404709, -6.16142654419, -11.2574701309, 17.9516792297, -2.27802419662, 13.1952018738, 28.7747783661, 87.3412094116, 35.7397880554], [-161.402679443, 55.0114898682, -86.0122451782, -4.28426933289, 14.3097085953, 37.9023590088, 1.91159260273, -15.4374284744, 8.8186750412, -3.625, 22.6616573334, 35.7397880554, 99.7086334229]]}, "spectral_energyband_middle_low": {"dmean2": 0.0074051017873, "median": 0.00406387029216, "min": 1.93477716932e-22, "dvar2": 0.000207353659789, "dvar": 7.63719290262e-05, "dmean": 0.0043377885595, "max": 0.0902874171734, "var": 6.49554276606e-05, "mean": 0.00632649846375}, "melbands_crest": {"dmean2": 6.48930549622, "median": 11.9714164734, "min": 1.59656965733, "dvar2": 32.5564041138, "dvar": 15.8901576996, "dmean": 4.06511449814, "max": 34.1292953491, "var": 46.4636650085, "mean": 13.7512235641}, "spectral_kurtosis": {"dmean2": 1.27010750771, "median": 2.04535770416, "min": -1.4505354166, "dvar2": 2.04186439514, "dvar": 0.863898038864, "dmean": 0.83649712801, "max": 16.5731506348, "var": 1.88849532604, "mean": 2.16301870346}, "spectral_rms": {"dmean2": 0.00178658938967, "median": 0.00432290462777, "min": 3.10305969288e-12, "dvar2": 5.61435308555e-06, "dvar": 3.60345165973e-06, "dmean": 0.00135151215363, "max": 0.0172271374613, "var": 9.18237037695e-06, "mean": 0.00506239430979}, "zerocrossingrate": {"dmean2": 0.0312323477119, "median": 0.115234375, "min": 0.00244140625, "dvar2": 0.00079902302241, "dvar": 0.000648313784041, "dmean": 0.0277633275837, "max": 0.533203125, "var": 0.00481568835676, "mean": 0.121362775564}, "silence_rate_60dB": {"dmean2": 0.0581885538995, "median": 0, "min": 0, "dvar2": 0.0656427815557, "dvar": 0.0282814707607, "dmean": 0.029124353081, "max": 1, "var": 0.0501447655261, "mean": 0.0529441833496}, "erbbands_kurtosis": {"dmean2": 1.23873257637, "median": -0.341443121433, "min": -1.89078652859, "dvar2": 2.69466996193, "dvar": 1.09267890453, "dmean": 0.785136163235, "max": 20.7430076599, "var": 2.09750199318, "mean": -0.0188731979579}, "erbbands": {"dmean2": [0.455013692379, 5.37372016907, 16.0774040222, 12.5434455872, 10.3895950317, 10.9581947327, 6.57733917236, 5.18484306335, 6.56941127777, 7.78979158401, 10.7531585693, 13.6456403732, 26.9377479553, 31.2364120483, 24.8016090393, 23.3554229736, 30.2534160614, 27.7271251678, 30.009935379, 34.4685134888, 25.2427101135, 27.2565517426, 26.4138755798, 31.2801704407, 20.4376716614, 22.7914943695, 18.5334968567, 13.7409210205, 12.5029602051, 11.7667255402, 10.0602693558, 7.41782903671, 7.12040519714, 5.77073097229, 4.11226511002, 2.66674160957, 0.984249532223, 0.145894303918, 0.0118637289852, 0.000449219136499], "median": [0.0321393944323, 0.397170782089, 0.939662396908, 0.984352827072, 2.26983737946, 3.61364459991, 3.99484586716, 3.40878820419, 3.23922133446, 3.31576061249, 3.60242986679, 5.26349163055, 10.1292819977, 11.1802225113, 8.90425300598, 8.37449455261, 9.64029884338, 11.9207706451, 12.241104126, 12.509926796, 10.7370758057, 14.7020168304, 19.3077430725, 20.8202457428, 15.6287899017, 15.6493873596, 10.7761993408, 8.56840705872, 7.66175270081, 8.2683429718, 8.43202018738, 5.98559474945, 4.67472696304, 2.66130065918, 1.34767866135, 0.514738917351, 0.145259127021, 0.0211711414158, 0.00167199538555, 0.000117804476758], "min": [2.16932886673e-22, 4.74927081557e-22, 2.28166563837e-21, 3.4206309398e-21, 1.21607101493e-20, 1.80083326272e-20, 5.13627203113e-20, 5.74211332893e-20, 1.17489877849e-19, 3.54334887054e-19, 2.53108426948e-19, 3.55143404404e-19, 5.34758617535e-19, 8.9459438491e-19, 8.55139885944e-19, 1.34980076819e-18, 1.13459473919e-18, 1.89083334388e-18, 1.67036437822e-18, 3.36947824582e-18, 3.11927244734e-18, 4.43598847257e-18, 4.83708173415e-18, 7.3275538137e-18, 8.42096664231e-18, 8.49599440541e-18, 8.58450438531e-18, 1.03608855041e-17, 1.0950226048e-17, 1.02828889898e-17, 1.22881600831e-17, 9.90298478679e-18, 9.94576243217e-18, 7.49237947692e-18, 6.31897538795e-18, 4.3967346166e-18, 2.23230921717e-18, 9.25312357343e-19, 2.59535129169e-19, 2.48578986247e-20], "dvar2": [1.0619533062, 142.072525024, 1736.75366211, 1039.84680176, 537.405273438, 421.941162109, 102.12902832, 70.4469528198, 112.990486145, 223.007446289, 649.806335449, 1049.5559082, 3186.67919922, 5087.84716797, 3770.35009766, 5323.00048828, 5683.81054688, 4058.03295898, 4982.16308594, 5835.72314453, 3708.29858398, 3588.46191406, 1855.21594238, 4659.33544922, 956.845825195, 1306.36621094, 870.768493652, 486.938354492, 491.208282471, 383.83782959, 226.081634521, 123.033233643, 116.79699707, 86.3179702759, 53.7949256897, 25.1549968719, 3.76007461548, 0.0848879516125, 0.00054620183073, 7.09253754394e-07], "dvar": [0.522153437138, 67.7724761963, 640.289855957, 389.338104248, 191.826416016, 155.953125, 41.7591743469, 26.239522934, 49.8569374084, 99.0520019531, 330.773925781, 443.208435059, 1300.88293457, 2091.15283203, 1706.27905273, 1990.42028809, 2164.65771484, 1952.43164063, 2127.22290039, 2474.44116211, 1521.57116699, 1563.34753418, 739.951782227, 1810.59680176, 370.544586182, 494.075714111, 347.77166748, 183.235168457, 179.386505127, 146.866882324, 88.9635391235, 48.5298042297, 47.5150680542, 35.4243469238, 21.1378898621, 9.68902301788, 1.45116961002, 0.0333915911615, 0.000218885776121, 2.90218594046e-07], "dmean": [0.314363658428, 3.52917957306, 9.19559001923, 7.24230337143, 5.83703184128, 6.35002231598, 4.0923948288, 3.15960717201, 4.15442752838, 4.89148759842, 6.83030176163, 8.52919006348, 17.1231174469, 19.780172348, 15.8121528625, 14.3605232239, 18.6436958313, 17.6693916321, 18.9075336456, 21.6863803864, 15.9682998657, 17.105178833, 16.4288082123, 19.2668590546, 12.3492708206, 13.7347784042, 11.3705072403, 8.19979190826, 7.49512243271, 7.31737279892, 6.35213041306, 4.76496601105, 4.61132717133, 3.69835686684, 2.59604907036, 1.62142682076, 0.597097992897, 0.0904635936022, 0.00751100154594, 0.000293339486234], "max": [7.31503820419, 61.747013092, 180.231719971, 174.354202271, 154.40814209, 252.914398193, 110.458435059, 86.5513076782, 167.712203979, 371.595428467, 1096.49084473, 1098.60913086, 1687.09936523, 1764.65466309, 1621.01525879, 2043.34289551, 1606.51013184, 3084.9230957, 1857.04931641, 1186.2322998, 1090.42504883, 1472.09973145, 867.442016602, 1199.18261719, 445.94140625, 560.40826416, 414.944091797, 295.637786865, 237.173934937, 361.174316406, 287.398223877, 125.326347351, 177.209869385, 97.4003601074, 72.7504348755, 42.0590705872, 25.1073493958, 2.54104375839, 0.218001976609, 0.00911044795066], "var": [0.636379957199, 77.7448196411, 441.860626221, 278.690368652, 132.63885498, 143.312133789, 73.4154891968, 37.5731773376, 147.0859375, 228.46774292, 1498.00756836, 1373.68408203, 3353.69897461, 4609.44628906, 4189.30419922, 4111.1875, 4548.70263672, 6740.734375, 4438.10498047, 5172.28710938, 3042.6184082, 3523.38037109, 1609.94799805, 2834.09277344, 832.428527832, 986.753356934, 787.510009766, 321.24822998, 291.893127441, 283.982727051, 186.049957275, 102.384346008, 97.5084152222, 61.7263298035, 26.5988311768, 8.87160110474, 1.28947925568, 0.0321593433619, 0.000233580780332, 3.4579414887e-07], "mean": [0.323769748211, 3.61242175102, 6.91571903229, 5.82168102264, 5.73814582825, 7.43221998215, 6.61271476746, 5.39131832123, 7.27017021179, 8.12885093689, 11.8214864731, 12.7216787338, 27.0358371735, 31.5661087036, 25.1287784576, 22.9563274384, 30.3155002594, 32.0308456421, 32.1248588562, 35.5842475891, 27.7135353088, 30.5490856171, 30.8992023468, 35.4006385803, 23.7739753723, 25.0816001892, 20.5532588959, 14.1810073853, 12.9855518341, 13.3051757813, 12.0740070343, 8.94785308838, 7.86394834518, 5.52682638168, 3.33374786377, 1.63825023174, 0.57253831625, 0.0908014848828, 0.00791395641863, 0.000348521949491]}, "spectral_strongpeak": {"dmean2": 1.24513220787, "median": 0.517506420612, "min": 0, "dvar2": 3.86120462418, "dvar": 1.49413228035, "dmean": 0.736334562302, "max": 19.6064128876, "var": 2.21625256538, "mean": 1.07607531548}, "spectral_energy": {"dmean2": 0.0281613394618, "median": 0.0191546902061, "min": 9.8697033881e-21, "dvar2": 0.00260420911945, "dvar": 0.00138799473643, "dmean": 0.0203148666769, "max": 0.304193645716, "var": 0.002