{"tonal": {"thpcp": [1, 0.900740921497, 0.41352891922, 0.217077597976, 0.153109639883, 0.242849111557, 0.398962676525, 0.312284678221, 0.261207342148, 0.516650021076, 0.548303961754, 0.282472372055, 0.167882636189, 0.174283847213, 0.328459143639, 0.536732375622, 0.4892372787, 0.295969486237, 0.194083064795, 0.176927357912, 0.246953487396, 0.571787059307, 0.87434142828, 0.600335896015, 0.296220570803, 0.251299649477, 0.147678792477, 0.103534266353, 0.110379971564, 0.136858060956, 0.232833877206, 0.261105924845, 0.175613299012, 0.186379566789, 0.299747645855, 0.571257412434], "hpcp": {"dmean2": [0.154018774629, 0.144320353866, 0.166098564863, 0.22275133431, 0.247014641762, 0.195520088077, 0.13741903007, 0.105618827045, 0.0835591033101, 0.0714398548007, 0.0714326351881, 0.0762711241841, 0.0983741953969, 0.117957405746, 0.104249842465, 0.120276704431, 0.187255129218, 0.256861418486, 0.272292137146, 0.277369916439, 0.189890429378, 0.116990633309, 0.0837055370212, 0.117978863418, 0.184032857418, 0.1525760144, 0.159468993545, 0.201225787401, 0.201225355268, 0.150158643723, 0.1084343642, 0.110105000436, 0.135481059551, 0.175080776215, 0.192699015141, 0.184450149536], "median": [0.00698247039691, 0.0066225361079, 0.0244500786066, 0.0994172990322, 0.129894793034, 0.0790911316872, 0.0174303129315, 0.00629787985235, 0.0069889347069, 0.00695166783407, 0.00761723145843, 0.0111844772473, 0.0178599320352, 0.0168290995061, 0.0115858102217, 0.0093277618289, 0.0204917006195, 0.0906114578247, 0.187304332852, 0.150173828006, 0.056508474052, 0.0143666993827, 0.00645567430183, 0.00813477113843, 0.0124061461538, 0.01591816172, 0.0199928283691, 0.03421645239, 0.0368333049119, 0.025310266763, 0.0153719140217, 0.0127868335694, 0.0133658163249, 0.0158179588616, 0.0156120117754, 0.0122341671959], "min": [0, 0, 0, 0, 0, 0, 0, 0, 0, 0, 0, 0, 0, 0, 0, 0, 0, 0, 0, 0, 0, 0, 0, 0, 0, 0, 0, 0, 0, 0, 0, 0, 0, 0, 0, 0], "dvar2": [0.10919431597, 0.103286467493, 0.0949653238058, 0.0960220843554, 0.111746869981, 0.0766975805163, 0.0700383633375, 0.0579249449074, 0.0554016977549, 0.0451729036868, 0.0405074134469, 0.0418894030154, 0.0421643294394, 0.0600579231977, 0.061399910599, 0.0687563419342, 0.10225789994, 0.119136415422, 0.106737032533, 0.117605276406, 0.0799142196774, 0.0520257465541, 0.0431439355016, 0.0501896329224, 0.119892083108, 0.0715870931745, 0.0842213779688, 0.0941863879561, 0.0960530489683, 0.0722087845206, 0.0538756102324, 0.0571544729173, 0.0689132958651, 0.0965538471937, 0.125075086951, 0.13078661263], "dvar": [0.0394079498947, 0.036719635129, 0.0336806029081, 0.0348182506859, 0.0453201383352, 0.0303399115801, 0.0252058971673, 0.0219448208809, 0.0194935332984, 0.0158288050443, 0.0140554271638, 0.0147537672892, 0.0161066558212, 0.0222557075322, 0.0207455381751, 0.0242710169405, 0.0378184504807, 0.0452068261802, 0.046410638839, 0.0461162626743, 0.0305463448167, 0.0185864083469, 0.0149510009214, 0.0186951477081, 0.0474631004035, 0.0275083333254, 0.0307219643146, 0.0384786762297, 0.0379715748131, 0.02620046027, 0.0195411983877, 0.0200523808599, 0.0275654252619, 0.0406142398715, 0.0466348603368, 0.0459351204336], "dmean": [0.0843954235315, 0.0791472271085, 0.0917443037033, 0.130378231406, 0.146850988269, 0.11676260829, 0.0791222676635, 0.0603776872158, 0.0469019748271, 0.039508279413, 0.0398924015462, 0.0430866479874, 0.0584120228887, 0.0696009024978, 0.0582228899002, 0.0670472830534, 0.106258250773, 0.151072070003, 0.161520913243, 0.163290768862, 0.112097561359, 0.0667291879654, 0.0464613176882, 0.0658091902733, 0.102513819933, 0.0864050611854, 0.0891128480434, 0.119241453707, 0.119070269167, 0.0860566049814, 0.06105004251, 0.06205534935, 0.0800825431943, 0.101056285203, 0.107120364904, 0.100540958345], "max": [1, 1, 1, 1, 1, 1, 1, 1, 1, 1, 1, 1, 1, 1, 1, 1, 1, 1, 1, 1, 1, 1, 1, 1, 1, 1, 1, 1, 1, 1, 1, 1, 1, 1, 1, 1], "var": [0.0318106971681, 0.0284619312733, 0.0274077951908, 0.0586323700845, 0.127662435174, 0.0719009339809, 0.0407253056765, 0.0460115112364, 0.0182986650616, 0.0122043117881, 0.0116198202595, 0.0146483276039, 0.0270814653486, 0.0321391709149, 0.0172550007701, 0.0213650539517, 0.0385952852666, 0.0671353712678, 0.132453888655, 0.119669936597, 0.0435848645866, 0.0243321526796, 0.0227469932288, 0.0267156921327, 0.0768340379, 0.0370809137821, 0.0320143066347, 0.0806310549378, 0.0895001590252, 0.0298084020615, 0.0168807581067, 0.0177450478077, 0.0566593781114, 0.103865996003, 0.0924620255828, 0.0451449230313], "mean": [0.0682276785374, 0.0621967837214, 0.0868136659265, 0.201005190611, 0.307364702225, 0.211041197181, 0.104132942855, 0.088341511786, 0.0519147887826, 0.0363962836564, 0.0388028137386, 0.048110883683, 0.0818500816822, 0.0917887911201, 0.0617348402739, 0.0655196011066, 0.105372846127, 0.200818985701, 0.351538538933, 0.316645145416, 0.145371347666, 0.0763111412525, 0.0538239404559, 0.085370823741, 0.140250757337, 0.109780095518, 0.0918244495988, 0.181622385979, 0.192749977112, 0.0992999300361, 0.0590172149241, 0.0612674877048, 0.115466050804, 0.188682109118, 0.171985760331, 0.104044683278]}, "tuning_equal_tempered_deviation": 0.220794573426, "chords_changes_rate": 0.052480917424, "key_key": "D#", "tuning_diatonic_strength": 0.572442233562, "key_scale": "minor", "chords_number_rate": 0.00310114515014, "tuning_frequency": 434.193115234, "tuning_nontempered_energy_ratio": 0.914255678654, "chords_histogram": [41.149810791, 3.50667929649, 2.00381684303, 4.7948474884, 0, 6.91793870926, 0.357824414968, 7.46660327911, 9.47041988373, 7.63358783722, 0.644083976746, 0, 0, 0.119274809957, 0, 0.667938947678, 0.644083976746, 2.31393122673, 0.500954210758, 0, 1.9083969593, 1.35973286629, 4.48473262787, 4.05534362793], "key_strength": 0.819577097893, "chords_key": "D#", "chords_strength": {"dmean2": 0.0083489222452, "median": 0.512870907784, "min": 0.232590869069, "dvar2": 5.8115732827e-05, "dvar": 6.19507482043e-05, "dmean": 0.00931295473129, "max": 0.80931520462, "var": 0.0131866335869, "mean": 0.509533882141}, "chords_scale": "minor", "hpcp_entropy": {"dmean2": 1.04302966595, "median": 1.9851256609, "min": 0, "dvar2": 0.716198563576, "dvar": 0.266918361187, "dmean": 0.619311094284, "max": 4.43422842026, "var": 0.69480919838, "mean": 1.96595513821}}, "metadata": {"audio_properties": {"equal_loudness": 0, "codec": "flac", "downmix": "mix", "sample_rate": 44100, "analysis_sample_rate": 44100, "bit_rate": 0, "md5_encoded": "3c89f9b0cc5204d971a2f32ead9d8651", "length": 194.617416382, "replay_gain": -8.5208530426, "lossless": true}, "version": {"essentia_build_sha": "cead25079874084f62182a551b7393616cd33d87", "essentia": "2.1-beta2", "extractor": "music 1.0", "essentia_git_sha": "v2.1_beta2-1-ge3940c0"}, "tags": {"title": ["Ach nein es ist M\u00fcll"], "language": ["deu"], "media": ["Digital Media"], "albumartist": ["Daedalic"], "tracktotal": ["13"], "initialkey": ["Am"], "releasetype": ["album", "soundtrack"], "musicbrainz_recordingid": ["137334cb-2303-4f3c-b54f-b7c44e855c07"], "musicbrainz_releasegroupid": ["f46e7ea5-9a6a-4581-ba21-31912231dd2d"], "album": ["Deponia Soundtrack"], "originalyear": ["2012"], "musicbrainz_releasetrackid": ["0275ba26-744b-3414-98ff-3f5155843d77"], "discnumber": ["1"], "bpm": ["0"], "releasecountry": ["XW"], "compilation": ["0"], "musicbrainz_albumartistid": ["f40d038f-99bb-4da2-a30e-ff7e3d49bdf6"], "albumartistsort": ["Daedalic"], "date": ["2012-08-07"], "file_name": "01-11 Ach nein es ist Mu\u0308ll.flac", "disctotal": ["1"], "acoustid_id": ["9ee77eab-3aaf-42e8-8ccb-9c7674ea0cd3"], "musicbrainz_artistid": ["a414bf9b-5aac-41d8-9ba8-b0e8ea2f14dc"], "originaldate": ["2012-01-27"], "musicbrainz_albumid": ["35a328a5-d8de-43cd-b4ee-0d3886f3fa83"], "tracknumber": ["11"], "artistsort": ["Seliger, Finn"], "artist": ["Finn Seliger"], "releasestatus": ["official"], "totaldiscs": ["1"], "script": ["Latn"], "totaltracks": ["13"]}}, "rhythm": {"bpm_histogram_first_peak_bpm": {"dmean2": 0, "median": 85, "min": 85, "dvar2": 0, "dvar": 0, "dmean": 0, "max": 85, "var": 0, "mean": 85}, "bpm": 84.8310241699, "bpm_histogram_second_peak_spread": {"dmean2": 0, "median": 0.5, "min": 0.5, "dvar2": 0, "dvar": 0, "dmean": 0, "max": 0.5, "var": 0, "mean": 0.5}, "bpm_histogram_first_peak_weight": {"dmean2": 0, "median": 0.742049455643, "min": 0.742049455643, "dvar2": 0, "dvar": 0, "dmean": 0, "max": 0.742049455643, "var": 0, "mean": 0.742049455643}, "onset_rate": 2.74367237091, "beats_position": [0.487619042397, 0.99845802784, 1.50929701328, 2.03174591064, 2.55419492722, 3.07664394379, 3.59909296036, 4.13315200806, 4.66721057892, 5.20126962662, 5.72371864319, 6.26938772202, 6.80344676971, 7.33750534058, 7.85995435715, 8.38240337372, 8.91646194458, 9.46213150024, 10.0078001022, 10.5534696579, 11.0991382599, 11.656416893, 12.387845993, 13.0960540771, 13.8158731461, 14.512471199, 15.2206802368, 15.9404983521, 16.6603164673, 17.3685264587, 18.0767345428, 18.784942627, 19.4815406799, 20.1781406403, 20.8747386932, 21.5829467773, 22.2795467377, 22.9877548218, 23.707572937, 24.4157810211, 25.1239910126, 25.8321990967, 26.5404071808, 27.2486171722, 27.9568252563, 28.6650333405, 29.3732414246, 30.0698413849, 30.778049469, 31.474647522, 32.1828575134, 32.9026756287, 33.6108856201, 34.3190917969, 35.0273017883, 35.7355079651, 36.4437179565, 37.151927948, 37.883354187, 38.6147842407, 39.334602356, 40.0660324097, 40.7974586487, 41.5404968262, 42.2719268799, 43.0033569336, 43.7463951111, 44.4778213501, 45.2092514038, 45.929069519, 46.6372795105, 47.3454856873, 48.0536956787, 48.7735137939, 49.4701118469, 50.1783218384, 50.8749198914, 51.5715179443, 52.2913360596, 52.9879341125, 53.7077522278, 54.4275741577, 55.1241722107, 55.8207702637, 56.5173683167, 57.2255783081, 57.9337844849, 58.6303825378, 59.3502044678, 60.070022583, 60.766620636, 61.4748306274, 62.1830368042, 62.8796348572, 63.5878448486, 64.2960510254, 64.9926528931, 65.7124710083, 66.409072876, 67.1172790527, 67.813873291, 68.5220870972, 69.2302932739, 69.9384994507, 70.6351013184, 71.3433074951, 72.0515213013, 72.759727478, 73.4679336548, 74.1645355225, 74.8727416992, 75.580947876, 76.2891616821, 76.9973678589, 77.7055740356, 78.4137878418, 79.1103820801, 79.8185958862, 80.526802063, 81.2233963013, 81.9432220459, 82.6398162842, 83.3480224609, 84.0562362671, 84.7528305054, 85.4726486206, 86.1808624268, 86.877456665, 87.5856704712, 88.2822647095, 88.9904708862, 89.6986846924, 90.3952789307, 91.1150970459, 91.8233108521, 92.5315170288, 93.2281188965, 93.9247131348, 94.6329269409, 95.3411331177, 96.0609512329, 96.7575454712, 97.4657592773, 98.1739654541, 98.8705673218, 99.5787734985, 100.286979675, 100.995193481, 101.703399658, 102.400001526, 103.108207703, 103.816413879, 104.524627686, 105.232833862, 105.941040039, 106.649246216, 107.345848083, 108.05405426, 108.762268066, 109.458862305, 110.167076111, 110.875282288, 111.583488464, 112.291702271, 112.988296509, 113.696502686, 114.416320801, 114.996826172, 115.577323914, 116.169433594, 116.761543274, 117.353645325, 117.945755005, 118.537864685, 119.118362427, 119.698867798, 120.27936554, 120.825035095, 121.370697021, 121.927978516, 122.48526001, 123.030929565, 123.576599121, 124.122268677, 124.667930603, 125.20199585, 125.736053467, 126.444259644, 127.15246582, 127.849067688, 128.545669556, 129.242263794, 129.938858032, 130.647079468, 131.355285645, 132.063491821, 132.771697998, 133.479904175, 134.188110352, 134.884719849, 135.592926025, 136.301132202, 137.009338379, 137.717544556, 138.414154053, 139.122360229, 139.830566406, 140.527160645, 141.223754883, 141.943572998, 142.651794434, 143.36000061, 144.056594849, 144.764801025, 145.473007202, 146.181228638, 146.877822876, 147.586029053, 148.294235229, 149.002441406, 149.699050903, 150.418869019, 151.127075195, 151.835281372, 152.53187561, 153.240081787, 153.948303223, 154.644897461, 155.341491699, 156.049697876, 156.757904053, 157.466125488, 158.174331665, 158.882537842, 159.590744019, 160.298950195, 161.007156372, 161.703765869, 162.411972046, 163.120178223, 163.816772461, 164.524978638, 165.233200073, 165.94140625, 166.649612427, 167.357818604, 168.054412842, 168.762634277, 169.459228516, 170.167434692, 170.875640869, 171.583847046, 172.292053223, 173.000274658, 173.696868896, 174.405075073, 175.11328125, 175.821487427, 176.529708862, 177.237915039, 177.934509277, 178.642715454, 179.350921631, 180.059127808, 180.755737305, 181.463943481, 182.172149658, 182.880355835, 183.576965332, 184.285171509, 184.993377686, 185.701583862, 186.409790039, 187.106384277, 187.814605713, 188.52281189, 189.219406128, 189.916000366, 190.624221802, 191.332427979, 192.040634155, 192.748840332, 193.457046509, 194.165252686], "beats_loudness": {"dmean2": 0.152518719435, "median": 0.021995395422, "min": 4.83007127627e-08, "dvar2": 0.021032050252, "dvar": 0.00838621333241, "dmean": 0.0863139182329, "max": 0.355840206146, "var": 0.00745937926695, "mean": 0.0612857788801}, "danceability": 1.07170414925, "bpm_histogram_second_peak_weight": {"dmean2": 0, "median": 0.0388692580163, "min": 0.0388692580163, "dvar2": 0, "dvar": 0, "dmean": 0, "max": 0.0388692580163, "var": 0, "mean": 0.0388692580163}, "beats_count": 284, "bpm_histogram_second_peak_bpm": {"dmean2": 0, "median": 110, "min": 110, "dvar2": 0, "dvar": 0, "dmean": 0, "max": 110, "var": 0, "mean": 110}, "bpm_histogram_first_peak_spread": {"dmean2": 0, "median": 0.132231414318, "min": 0.132231414318, "dvar2": 0, "dvar": 0, "dmean": 0, "max": 0.132231414318, "var": 0, "mean": 0.132231414318}, "beats_loudness_band_ratio": {"dmean2": [0.77099275589, 0.371970981359, 0.32119628787, 0.198510572314, 0.10256459564, 0.0621833875775], "median": [0.309904813766, 0.157093435526, 0.11076246202, 0.0708314031363, 0.0163350813091, 0.00273056421429], "min": [0.00552314054221, 0.00061014277162, 0.000196195731405, 8.10905185062e-05, 7.70210590417e-06, 1.8796332597e-06], "dvar2": [0.241033703089, 0.0969138666987, 0.0745930969715, 0.0305517576635, 0.0176503341645, 0.0141201447695], "dvar": [0.102864362299, 0.0398879088461, 0.0261601954699, 0.0102648446336, 0.00615964643657, 0.00559989362955], "dmean": [0.416173756123, 0.206174060702, 0.175210624933, 0.109413802624, 0.0598865970969, 0.0418061837554], "max": [0.999289274216, 0.949938952923, 0.871461749077, 0.715999662876, 0.591895878315, 0.474174410105], "var": [0.129588872194, 0.0542479008436, 0.027744140476, 0.0124506307766, 0.00855616759509, 0.00739480089396], "mean": [0.436947286129, 0.226646885276, 0.160802379251, 0.108991593122, 0.0620852857828, 0.0420726872981]}}, "lowlevel": {"barkbands_spread": {"dmean2": 4.81488466263, "median": 8.41020202637, "min": 0.0747960358858, "dvar2": 51.6678352356, "dvar": 23.9718036652, "dmean": 3.14510703087, "max": 96.377532959, "var": 175.202407837, "mean": 12.1057004929}, "melbands_spread": {"dmean2": 6.23632383347, "median": 9.11477184296, "min": 0.0984754189849, "dvar2": 98.2243804932, "dvar": 42.6932182312, "dmean": 3.98682069778, "max": 176.161972046, "var": 306.919830322, "mean": 14.1380987167}, "hfc": {"dmean2": 7.81672763824, "median": 3.59019351006, "min": 1.09874460322e-16, "dvar2": 487.734985352, "dvar": 199.945861816, "dmean": 5.14495706558, "max": 236.831192017, "var": 459.359863281, "mean": 12.0544910431}, "barkbands_kurtosis": {"dmean2": 16.36095047, "median": 3.31926774979, "min": -1.79278934002, "dvar2": 4203.44775391, "dvar": 1635.65454102, "dmean": 10.0332450867, "max": 1211.68786621, "var": 2234.30810547, "mean": 14.2762823105}, "gfcc": {"mean": [-129.490692139, 140.78817749, -101.161422729, 1.42638814449, -38.9081993103, 3.07560229301, -28.3202610016, 1.47919559479, -17.8825893402, 2.59706783295, -9.15184879303, 2.91610169411, -8.9432258606], "icov": [[7.69976250012e-05, 9.13705480343e-06, 0.000160078314366, -0.000137957918923, 4.61368435936e-05, -0.000120530559798, -2.86980557576e-05, 0.000102891790448, -0.000176166242454, 3.42201601597e-05, 0.00014200960868, -0.000185498545761, 5.52064739168e-06], [9.13705480343e-06, 0.00142610247713, -0.000472019019071, 0.000790409278125, -0.000534709368367, 7.75537264417e-05, -0.000666016712785, 0.000394525646698, 0.000118400108477, 0.00171396054793, -0.00350908352993, 0.00314556551166, -0.00115876772907], [0.000160078314366, -0.000472019019071, 0.00135916261934, -0.000767373421695, 3.62590471923e-05, -0.000526063609868, -0.000445482932264, 0.000639249337837, -0.00162196054589, -0.000714480760507, 0.00236748368479, -0.000935427902732, 0.000725536199752], [-0.000137957918923, 0.000790409278125, -0.000767373421695, 0.00353941181675, -0.00154599442612, -0.000465106480988, -1.4970150005e-05, -0.00159461377189, 0.00138767133467, -0.000354328018147, -0.00124758679885, 0.00088318559574, 0.000394479749957], [4.61368435936e-05, -0.000534709368367, 3.62590471923e-05, -0.00154599442612, 0.00826213043183, -0.00412079785019, 0.000212830476812, -2.94879082503e-05, -0.00261227181181, 0.00291105313227, -0.00452493084595, 0.0044087129645, -0.00238638184965], [-0.000120530559798, 7.75537264417e-05, -0.000526063609868, -0.000465106480988, -0.00412079785019, 0.0121982367709, -0.00749057112262, -0.000508433731738, 0.00219042785466, -0.00402829190716, 0.00634829560295, -0.00699417805299, 0.00533181289211], [-2.86980557576e-05, -0.000666016712785, -0.000445482932264, -1.4970150005e-05, 0.000212830476812, -0.00749057112262, 0.0183977112174, -0.00757907005027, -0.00427736062557, 0.00552590703592, -0.0073190163821, 0.00393475452438, -0.00545736355707], [0.000102891790448, 0.000394525646698, 0.000639249337837, -0.00159461377189, -2.94879082503e-05, -0.000508433731738, -0.00757907005027, 0.022742420435, -0.00777780916542, -0.00493794260547, 0.00780330877751, -0.00662534916773, 0.00439094519243], [-0.000176166242454, 0.000118400108477, -0.00162196054589, 0.00138767133467, -0.00261227181181, 0.00219042785466, -0.00427736062557, -0.00777780916542, 0.0241915620863, -0.00792992580682, -0.00481559801847, 0.00573131302372, -0.00583468563855], [3.42201601597e-05, 0.00171396054793, -0.000714480760507, -0.000354328018147, 0.00291105313227, -0.00402829190716, 0.00552590703592, -0.00493794260547, -0.00792992580682, 0.0283761527389, -0.0127996411175, -0.00292713544331, 0.0033333725296], [0.00014200960868, -0.00350908352993, 0.00236748368479, -0.00124758679885, -0.00452493084595, 0.00634829560295, -0.0073190163821, 0.00780330877751, -0.00481559801847, -0.0127996411175, 0.0346149466932, -0.0170545056462, 0.000695005990565], [-0.000185498545761, 0.00314556551166, -0.000935427902732, 0.00088318559574, 0.0044087129645, -0.00699417805299, 0.00393475452438, -0.00662534916773, 0.00573131302372, -0.00292713544331, -0.0170545056462, 0.0369308553636, -0.0149398418143], [5.52064739168e-06, -0.00115876772907, 0.000725536199752, 0.000394479749957, -0.00238638184965, 0.00533181289211, -0.00545736355707, 0.00439094519243, -0.00583468563855, 0.0033333725296, 0.000695005990565, -0.0149398418143, 0.0282147601247]], "cov": [[23318.7714844, -4617.87402344, -2973.71972656, 1124.56018066, -661.311706543, 439.458465576, -334.884155273, 293.62197876, -276.209014893, 301.265319824, -296.773071289, 507.774505615, -199.450958252], [-4617.87402344, 4242.27001953, 798.721435547, -738.798278809, 691.744628906, -259.014312744, 424.010375977, -251.221572876, 280.052124023, -267.754974365, 434.224822998, -307.445404053, 309.542572021], [-2973.71972656, 798.721435547, 1928.15307617, 330.156158447, 370.813201904, 319.303833008, 317.994476318, 148.848876953, 232.565887451, 46.7277755737, 18.5658359528, -56.509098053, 0.746772646904], [1124.56018066, -738.798278809, 330.156158447, 682.203308105, 95.2406082153, 273.605224609, 84.8849487305, 169.708068848, 39.9335670471, 104.043937683, -54.4915618896, 72.42628479, -66.5726013184], [-661.311706543, 691.744628906, 370.813201904, 95.2406082153, 390.774108887, 137.123733521, 205.429992676, 43.306350708, 133.481414795, -9.50929641724, 106.562667847, -35.9371528625, 64.8789825439], [439.458465576, -259.014312744, 319.303833008, 273.605224609, 137.123733521, 322.344207764, 152.512741089, 137.050125122, 67.7691726685, 73.4852828979, -15.4463148117, 55.3094482422, -28.9056358337], [-334.884155273, 424.010375977, 317.994476318, 84.8849487305, 205.429992676, 152.512741089, 242.916824341, 84.8816986084, 124.543899536, 17.2054157257, 80.9200744629, 3.11122465134, 53.8221740723], [293.62197876, -251.221572876, 148.848876953, 169.708068848, 43.306350708, 137.050125122, 84.8816986084, 139.296035767, 59.5707893372, 61.5100402832, -10.8318386078, 43.6083183289, -15.6616840363], [-276.209014893, 280.052124023, 232.565887451, 39.9335670471, 133.481414795, 67.7691726685, 124.543899536, 59.5707893372, 134.11000061, 33.7785682678, 64.5899276733, 2.64228725433, 41.8697433472], [301.265319824, -267.754974365, 46.7277755737, 104.043937683, -9.50929641724, 73.4852828979, 17.2054157257, 61.5100402832, 33.7785682678, 93.2538070679, 10.9390506744, 49.2659721375, -12.8623371124], [-296.773071289, 434.224822998, 18.5658359528, -54.4915618896, 106.562667847, -15.4463148117, 80.9200744629, -10.8318386078, 64.5899276733, 10.9390506744, 124.042572021, 10.2444210052, 61.8788108826], [507.774505615, -307.445404053, -56.509098053, 72.42628479, -35.9371528625, 55.3094482422, 3.11122465134, 43.6083183289, 2.64228725433, 49.2659721375, 10.2444210052, 86.4959564209, 8.31184196472], [-199.450958252, 309.542572021, 0.746772646904, -66.5726013184, 64.8789825439, -28.9056358337, 53.8221740723, -15.6616840363, 41.8697433472, -12.8623371124, 61.8788108826, 8.31184196472, 85.9583511353]]}, "spectral_energyband_middle_low": {"dmean2": 0.00866848696023, "median": 0.00282247387804, "min": 2.64065394628e-22, "dvar2": 0.000596381200012, "dvar": 0.000215535023017, "dmean": 0.00514522567391, "max": 0.213101640344, "var": 0.000234669307247, "mean": 0.00833368767053}, "melbands_crest": {"dmean2": 5.64922571182, "median": 16.6821708679, "min": 1.34225392342, "dvar2": 28.3321495056, "dvar": 11.126502037, "dmean": 3.48923587799, "max": 37.1819000244, "var": 50.3540649414, "mean": 17.4379692078}, "spectral_kurtosis": {"dmean2": 12.3704519272, "median": 12.4284095764, "min": -1.20449495316, "dvar2": 394.407226562, "dvar": 141.659820557, "dmean": 7.1496591568, "max": 279.757751465, "var": 1271.54003906, "mean": 25.0324134827}, "spectral_rms": {"dmean2": 0.00169233756606, "median": 0.00272492063232, "min": 3.16593127582e-12, "dvar2": 9.2463742476e-06, "dvar": 3.61591628462e-06, "dmean": 0.00105843564961, "max": 0.0220953375101, "var": 1.5931784219e-05, "mean": 0.004220392555}, "zerocrossingrate": {"dmean2": 0.00735870888457, "median": 0.025390625, "min": 0.00146484375, "dvar2": 0.000150238134665, "dvar": 0.00012994951976, "dmean": 0.00627262564376, "max": 0.51318359375, "var": 0.00206880271435, "mean": 0.0384460166097}, "silence_rate_60dB": {"dmean2": 0.0992721617222, "median": 0, "min": 0, "dvar2": 0.103013888001, "dvar": 0.0471671670675, "dmean": 0.0496301613748, "max": 1, "var": 0.215397819877, "mean": 0.313968747854}, "erbbands_kurtosis": {"dmean2": 2.13124322891, "median": 0.0948860645294, "min": -1.63246440887, "dvar2": 22.7347221375, "dvar": 8.0001783371, "dmean": 1.28769207001, "max": 60.6512947083, "var": 9.31674671173, "mean": 0.91135674715}, "erbbands": {"dmean2": [0.763500928879, 5.09360599518, 8.86186790466, 7.09871101379, 7.70280790329, 7.20611286163, 13.7224988937, 27.0596523285, 30.2990856171, 19.9202613831, 10.5656719208, 14.818523407, 18.5751686096, 14.2907886505, 10.0681171417, 18.3614711761, 9.6267156601, 8.98346042633, 6.32422542572, 8.88689422607, 9.89544200897, 7.4725818634, 6.46383047104, 5.27989244461, 2.98146152496, 3.00495576859, 4.39677000046, 3.00467848778, 2.20716571808, 2.17936778069, 2.29479169846, 1.3152487278, 0.848605155945, 0.489465564489, 0.25312051177, 0.202989503741, 0.146974265575, 0.0327834486961, 0.00232382956892, 0.000116850816994], "median": [0.00934222340584, 0.103593818843, 0.382032305002, 0.614510297775, 0.773745059967, 0.878778338432, 2.5803899765, 5.27834749222, 3.9826529026, 2.71947145462, 2.85826086998, 2.97638297081, 3.35945129395, 3.31075692177, 3.75257158279, 6.23947668076, 3.38367080688, 3.01015543938, 1.94392096996, 1.7640068531, 1.29105627537, 0.925202012062, 0.645643830299, 0.416066080332, 0.236726388335, 0.14012247324, 0.0789969712496, 0.0419467613101, 0.0259250588715, 0.0141761023551, 0.00880726240575, 0.00503283552825, 0.0028949950356, 0.00173319713213, 0.00108936335891, 0.000535324739758, 0.000184404620086, 4.09894309996e-05, 1.5764582713e-05, 1.13842943392e-05], "min": [3.94034356084e-22, 1.28926973387e-21, 8.66435260159e-21, 3.01054225708e-20, 1.29793459215e-20, 8.33321265378e-20, 1.36857859528e-19, 2.67696429135e-19, 3.93159927423e-19, 5.39767558036e-19, 1.51122144581e-18, 6.2288799096e-19, 1.39209461631e-18, 9.45435697092e-19, 1.29681126796e-18, 1.90640212378e-18, 3.23891998704e-18, 5.08496046677e-18, 8.17954736309e-18, 6.0444275252e-18, 5.85381822869e-18, 5.50004548842e-18, 6.15661224141e-18, 1.18264965211e-17, 1.34059515787e-17, 9.5792875064e-18, 1.60363635927e-17, 1.15483007919e-17, 9.59441167672e-18, 1.57147276464e-17, 1.39917418634e-17, 1.68187110161e-17, 1.29340061618e-17, 1.33085320364e-17, 6.49678613242e-18, 6.07030669784e-18, 2.83392574169e-18, 1.38209048718e-18, 2.99490149954e-19, 3.10641345943e-20], "dvar2": [6.4801697731, 250.444869995, 1513.75830078, 813.063659668, 1134.03723145, 941.712280273, 1473.43139648, 4884.84960938, 9086.14453125, 5516.42626953, 846.763122559, 2063.4050293, 3099.89672852, 1072.80151367, 584.53704834, 2547.87207031, 610.304199219, 584.245178223, 288.202728271, 947.871887207, 1061.46826172, 563.501342773, 683.682861328, 685.541687012, 115.309043884, 119.110725403, 673.756835938, 286.699584961, 75.6592254639, 84.1447372437, 161.929977417, 42.466884613, 15.7813673019, 5.15830373764, 2.18749213219, 1.22361862659, 0.61722689867, 0.0278921201825, 0.000109413660539, 1.70839371094e-07], "dvar": [2.38643503189, 86.3471221924, 571.194335938, 301.004608154, 394.817474365, 334.590057373, 551.294921875, 2070.49121094, 3418.44824219, 2283.42358398, 308.651763916, 752.932617188, 1046.82348633, 473.472900391, 223.815185547, 930.885925293, 269.553619385, 249.398391724, 121.27747345, 396.946655273, 424.794067383, 245.987686157, 252.89515686, 261.341400146, 47.9814682007, 46.0163993835, 243.64163208, 120.618186951, 30.995174408, 34.2646484375, 59.408946991, 16.2827301025, 6.14223909378, 1.99674916267, 0.874892055988, 0.497967362404, 0.23851236701, 0.0106351310387, 4.1730931116e-05, 6.56439880231e-08], "dmean": [0.467053949833, 2.89421272278, 5.21350574493, 4.23505687714, 4.31181192398, 4.12604379654, 8.15178775787, 16.4292926788, 18.4400043488, 12.1855831146, 6.35633134842, 8.80747318268, 10.9440116882, 9.31038475037, 6.37904548645, 11.5632572174, 6.21610641479, 5.73630428314, 4.01880598068, 5.60284614563, 6.15598154068, 4.59228801727, 3.81257653236, 3.3165872097, 1.85782063007, 1.84995472431, 2.70970487595, 1.93537139893, 1.42694532871, 1.3910586834, 1.3768478632, 0.829054951668, 0.538021206856, 0.30164578557, 0.1662568748, 0.1338647753, 0.0960872918367, 0.0206250734627, 0.0014040232636, 7.07781291567e-05], "max": [20.008436203, 107.207672119, 282.020782471, 245.376937866, 372.958831787, 493.992034912, 425.277587891, 1870.5065918, 1278.66552734, 1894.1751709, 395.238830566, 982.936706543, 632.789428711, 745.788146973, 249.928222656, 591.738037109, 308.50994873, 260.869903564, 155.507553101, 352.428710938, 329.11315918, 218.848373413, 263.691986084, 269.979309082, 122.915649414, 136.332305908, 383.398681641, 257.334625244, 95.6712799072, 150.658309937, 192.845092773, 94.5418624878, 46.4261665344, 26.3751335144, 50.2433891296, 21.9881858826, 9.91876220703, 1.92645132542, 0.101535022259, 0.00494676176459], "var": [3.3728222847, 108.937950134, 507.625488281, 249.74029541, 253.962966919, 295.656494141, 735.946716309, 3299.13623047, 5328.0859375, 4104.93408203, 534.918457031, 2382.51586914, 1840.23754883, 2104.3503418, 564.81036377, 2754.47070312, 674.943725586, 521.645446777, 314.347503662, 816.669616699, 938.979614258, 547.407592773, 370.634063721, 338.118927002, 103.62752533, 93.8195877075, 259.252044678, 161.589736938, 64.0335388184, 75.3001785278, 69.1741104126, 23.0254745483, 8.90874576569, 3.17481803894, 1.44082355499, 0.872076332569, 0.349644213915, 0.0133746825159, 4.3291845941e-05, 7.37029353104e-08], "mean": [0.576808989048, 3.68117427826, 6.21963596344, 4.87088108063, 4.17609500885, 4.58607912064, 10.804690361, 22.830783844, 26.4136428833, 18.916185379, 10.245349884, 14.8791646957, 17.9188537598, 18.8475151062, 13.1081161499, 25.4098911285, 12.9879798889, 11.0239467621, 7.98730230331, 10.5834541321, 11.6580057144, 8.29601669312, 6.19227838516, 5.20271396637, 3.37477827072, 3.19958949089, 3.96053385735, 3.08579802513, 2.33996129036, 2.30778598785, 1.92301917076, 1.19570839405, 0.752419888973, 0.440282702446, 0.262632280588, 0.216317638755, 0.147923737764, 0.0276939161122, 0.00150915642735, 9.46836153162e-05]}, "spectral_strongpeak": {"dmean2": 0.458702117205, "median": 0.361036717892, "min": 0, "dvar2": 0.547656774521, "dvar": 0.212432637811, "dmean": 0.278105646372, "max": 10.1810264587, "var": 0.519963800907, "mean": 0.599522471428}, "spectral_energy": {"dmean2": 0.0315229743719, "median": 0.00761082256213, "min": 1.02736995302e-20, "dvar2": 0.00659028906375, "dvar": 0.00230802432634, "dmean": 0.0186550356448, "max": 0.500409007072, "var": 0.00433545047417, "mean": 0.0345871299505}, "average_loudness": 0.731547355652, "spectral_rolloff": {"dmean2": 480.055908203, "median": 538.330078125, "min": 43.06640625, "dvar2": 1116198.875, "dvar": 503920.625, "dmean": 293.825195312, "max": 18906.1523438, "var": 2247546.25, "mean": 995.378112793}, "spectral_centroid": {"dmean2": 209.113143921, "median": 599.58392334, "min": 90.4577026367, "dvar2": 100272.625, "dvar": 54803.4375, "dmean": 137.309539795, "max": 11189.3408203, "var": 469326.125, "mean": 806.53692627}, "pitch_salience": {"dmean2": 0.134482115507, "median": 0.495181590319, "min": 0.0204189214855, "dvar2": 0.0176539197564, "dvar": 0.00704411882907, "dmean": 0.082957983017, "max": 0.985498070717, "var": 0.0249072611332, "mean": 0.475204974413}, "spectral_energyband_middle_high": {"dmean2": 0.0014088852331, "median": 0.000770797603764, "min": 1.39579508713e-21, "dvar2": 1.95108787011e-05, "dvar": 8.2215628936e-06, "dmean": 0.000947280612309, "max": 0.0460995361209, "var": 2.40993249463e-05, "mean": 0.00272495020181}, "spectral_contrast_coeffs": {"dmean2": [0.0778618603945, 0.0776862427592, 0.0561316907406, 0.0413166694343, 0.0290110260248, 0.0203997883946], "median": [-0.681295216084, -0.745852053165, -0.788981735706, -0.80877751112, -0.811955869198, -0.792089760303], "min": [-0.981599330902, -0.980575442314, -0.982408046722, -0.978728711605, -0.976945877075, -0.965671718121], "dvar2": [0.00495919398963, 0.0040410370566, 0.00199444987811, 0.0010587037541, 0.000551543198526, 0.00034879220766], "dvar": [0.00189221219625, 0.00152443116531, 0.000746568490285, 0.000391948909964, 0.000217200125917, 0.000143201032188], "dmean": [0.0469725690782, 0.0476809032261, 0.0340267345309, 0.0248817577958, 0.0173605456948, 0.0124004073441], "max": [-0.248708307743, -0.392502903938, -0.490100294352, -0.561233818531, -0.603830754757, -0.660381793976], "var": [0.00831034313887, 0.0076194666326, 0.00473406165838, 0.00278062652797, 0.00157187844161, 0.0018142737681], "mean": [-0.666996359825, -0.733620166779, -0.77614313364, -0.801262199879, -0.816025912762, -0.800043523312]}, "melbands_skewness": {"dmean2": 1.30641758442, "median": 2.17160224915, "min": -0.932097673416, "dvar2": 2.57653927803, "dvar": 1.0746973753, "dmean": 0.834595263004, "max": 17.6496658325, "var": 5.2476606369, "mean": 2.83701038361}, "spectral_spread": {"dmean2": 553963.4375, "median": 2396754.25, "min": 323877.1875, "dvar2": 809051422720, "dvar": 448369000448, "dmean": 355276.28125, "max": 40589648, "var": 3793482153980.0, "mean": 3053479.25}, "dissonance": {"dmean2": 0.0509706027806, "median": 0.453239649534, "min": 0.203508034348, "dvar2": 0.0026878467761, "dvar": 0.00092818075791, "dmean": 0.0297447741032, "max": 0.500000119209, "var": 0.00224579544738, "mean": 0.441343992949}, "spectral_skewness": {"dmean2": 0.831631660461, "median": 2.55744171143, "min": -0.0343377776444, "dvar2": 1.04643952847, "dvar": 0.384259611368, "dmean": 0.48924061656, "max": 13.488199234, "var": 4.39382410049, "mean": 3.21890830994}, "spectral_flux": {"dmean2": 0.0458820015192, "median": 0.0399195253849, "min": 6.85274822998e-11, "dvar2": 0.00725603150204, "dvar": 0.00322809629142, "dmean": 0.0285535696894, "max": 0.676702022552, "var": 0.00867026951164, "mean": 0.0739805027843}, "spectral_contrast_valleys": {"dmean2": [0.626798510551, 0.59535741806, 0.50055783987, 0.422308951616, 0.349764585495, 0.332139849663], "median": [-7.99854850769, -6.99078416824, -7.87913131714, -8.28632450104, -9.05597686768, -12.4795122147], "min": [-28.0222663879, -27.5673484802, -27.0850658417, -27.3514537811, -27.3968582153, -27.3855113983], "dvar2": [0.30971634388, 0.302458107471, 0.252136707306, 0.213491931558, 0.21829546988, 0.263873815536], "dvar": [0.155936777592, 0.158302381635, 0.150441795588, 0.145451709628, 0.152140900493, 0.160668820143], "dmean": [0.381051361561, 0.36886999011, 0.316043257713, 0.282792210579, 0.251637279987, 0.254676580429], "max": [-4.83142232895, -4.70091199875, -4.91029548645, -5.50937843323, -5.63418292999, -7.7747797966], "var": [2.3564479351, 1.83639156818, 2.28275585175, 2.8886551857, 3.44492173195, 3.54519462585], "mean": [-8.04510211945, -7.24262905121, -8.09272193909, -8.66691493988, -9.26265716553, -12.1888742447]}, "erbbands_flatness_db": {"dmean2": 0.025179374963, "median": 0.215366184711, "min": 0.0431495681405, "dvar2": 0.000730696832761, "dvar": 0.000335550372256, "dmean": 0.0168185457587, "max": 0.424327462912, "var": 0.00574482884258, "mean": 0.210765436292}, "spectral_energyband_high": {"dmean2": 0.000379680976039, "median": 4.79994059788e-06, "min": 7.16528322739e-21, "dvar2": 3.51328117176e-06, "dvar": 1.40560689488e-06, "dmean": 0.000253533042269, "max": 0.0278907231987, "var": 2.44027660301e-06, "mean": 0.000431084918091}, "spectral_entropy": {"dmean2": 0.261561512947, "median": 6.89328718185, "min": 4.44331216812, "dvar2": 0.088562078774, "dvar": 0.0431503243744, "dmean": 0.1757453233, "max": 9.79933834076, "var": 0.684673964977, "mean": 6.8728518486}, "silence_rate_20dB": {"dmean2": 0.00334089016542, "median": 1, "min": 0, "dvar2": 0.00356852333061, "dvar": 0.00166750664357, "dmean": 0.00167024577968, "max": 1, "var": 0.00154844473582, "mean": 0.998449265957}, "melbands_flatness_db": {"dmean2": 0.0470018163323, "median": 0.303094416857, "min": 0.000530974299181, "dvar2": 0.00252923951484, "dvar": 0.00118432706222, "dmean": 0.0307062547654, "max": 0.782883405685, "var": 0.0205786079168, "mean": 0.320823729038}, "barkbands": {"dmean2": [0.00135379249696, 0.022767631337, 0.00694442354143, 0.00258885440417, 0.00212528253905, 0.00299281277694, 0.00197300850414, 0.00047459860798, 0.000671423447784, 0.000581031781621, 0.000324965250911, 0.000447639002232, 0.000208709127037, 0.00018048172933, 0.000162767639267, 0.000182567018783, 0.000144149118569, 0.000143605182529, 6.78005671944e-05, 6.00243110966e-05, 9.91454144241e-05, 5.96331192355e-05, 8.02983122412e-05, 5.37446649105e-05, 3.60196936526e-05, 6.59327415633e-05, 1.50219548232e-05], "median": [4.78640686197e-06, 0.000503324437886, 0.000352968054358, 0.000166960264323, 0.000259457272477, 0.000678981654346, 0.000216141081182, 9.04209518922e-05, 0.000163886114024, 6.62447928335e-05, 6.88136788085e-05, 0.000164352095453, 5.3385629144e-05, 5.28553900949e-05, 3.45802727679e-05, 2.40599310928e-05, 1.46548218254e-05, 1.08283029476e-05, 5.42403176951e-06, 3.32277204507e-06, 1.372068823e-06, 6.7478180199e-07, 3.20190423508e-07, 1.997027681e-07, 1.52910217821e-07, 1.0326553479e-07, 3.63672860715e-08], "min": [2.11475480666e-23, 8.41153863539e-24, 5.98927022843e-24, 8.73223662578e-24, 1.52397529702e-23, 2.89335941571e-23, 2.74367211231e-23, 5.24144460532e-23, 3.27658425693e-23, 3.6411130947e-23, 2.7565564197e-23, 4.79154997355e-23, 7.11235919296e-23, 1.22431490169e-22, 1.63775551372e-22, 9.49400788974e-23, 1.05634792407e-22, 1.34435428792e-22, 2.85440975561e-22, 1.90076186574e-22, 3.66584142284e-22, 4.03577881719e-22, 4.82056566604e-22, 8.29136684675e-22, 1.05024402131e-21, 1.55261063865e-21, 2.29256580281e-21], "dvar2": [2.2686788725e-05, 0.00466131931171, 0.000979866599664, 0.000102319398138, 8.88344293344e-05, 4.91175851494e-05, 4.19477873947e-05, 2.09801896744e-06, 3.61345814781e-06, 3.01481077258e-06, 6.17994658114e-07, 1.29691511574e-06, 2.86969225272e-07, 2.47893666483e-07, 2.38540280861e-07, 3.44827157051e-07, 2.41940568912e-07, 5.10033032697e-07, 6.08435115623e-08, 4.38878693387e-08, 3.91914312559e-07, 5.74780401053e-08, 1.86905197097e-07, 6.02077534495e-08, 3.22717319534e-08, 1.25008895679e-07, 5.64725333163e-09], "dvar": [7.48971797293e-06, 0.00161409832072, 0.000369019893697, 3.60525045835e-05, 3.10587311105e-05, 1.99709811568e-05, 1.62906326295e-05, 7.75792102559e-07, 1.32813863729e-06, 1.09971472284e-06, 2.83206532004e-07, 4.78285528516e-07, 1.26295347513e-07, 9.14325752888e-08, 1.04936688672e-07, 1.32747643988e-07, 1.01570492461e-07, 1.79657746457e-07, 2.68494986244e-08, 1.71104055369e-08, 1.4827790551e-07, 2.40615527503e-08, 6.8566379241e-08, 2.3839103136e-08, 1.27723014387e-08, 4.91889373677e-08, 2.1152406493e-09], "dmean": [0.000790359161329, 0.0130378520116, 0.00404759217054, 0.00150800310075, 0.00120230624452, 0.00181615108158, 0.0011991027277, 0.000283570057945, 0.00040303269634, 0.000345908862073, 0.000212676764932, 0.000285993330181, 0.00013232503261, 0.000109554246592, 0.000102556776255, 0.000112603040179, 8.82819513208e-05, 8.30810022308e-05, 4.48958489869e-05, 3.78516888304e-05, 6.16113029537e-05, 3.91849571315e-05, 4.83485091536e-05, 3.4257882362e-05, 2.29936158576e-05, 4.36428672401e-05, 8.93712058314e-06], "max": [0.0295712593943, 0.449680030346, 0.2526242733, 0.0795650854707, 0.10578443855, 0.145078480244, 0.0749729275703, 0.0210275501013, 0.0351327843964, 0.0277154613286, 0.0198693312705, 0.0121382558718, 0.00619132211432, 0.00558033399284, 0.00488050701097, 0.00620424095541, 0.00486945314333, 0.00724211102352, 0.00275347940624, 0.00235837209038, 0.00925293006003, 0.00335857784376, 0.00653917342424, 0.00305456900969, 0.00419683754444, 0.00456929532811, 0.000913571449928], "var": [8.56084352563e-06, 0.00245454651304, 0.000311988580506, 2.66170336545e-05, 2.26659321925e-05, 3.16930381814e-05, 2.6800789783e-05, 1.1675439282e-06, 3.63027402273e-06, 2.42559735852e-06, 1.29913075853e-06, 1.39092685458e-06, 2.94182598282e-07, 1.69041413756e-07, 2.14640976992e-07, 2.94862672945e-07, 1.96973530819e-07, 2.02498725344e-07, 5.41643956353e-08, 3.66388164252e-08, 1.59371481345e-07, 5.22876639764e-08, 8.31372872767e-08, 3.82316187597e-08, 2.2398939592e-08, 7.80006246259e-08, 1.97610794395e-09], "mean": [0.000895638891961, 0.0177639164031, 0.00451419781893, 0.00151909259148, 0.0012815388618, 0.00252279289998, 0.0017902982654, 0.000405605358537, 0.000688125204761, 0.000546897004824, 0.00041455758037, 0.000615055614617, 0.000247357878834, 0.000192413426703, 0.000180744886165, 0.00020629602659, 0.000146484846482, 0.000122857047245, 7.57857997087e-05, 6.52264789096e-05, 9.19095036807e-05, 6.70119261486e-05, 6.78571450408e-05, 5.02192742715e-05, 3.66016611224e-05, 6.96301940479e-05, 9.00934082892e-06]}, "erbbands_skewness": {"dmean2": 0.64032304287, "median": 0.404022097588, "min": -1.73731541634, "dvar2": 0.514943957329, "dvar": 0.196901723742, "dmean": 0.410074651241, "max": 6.68013286591, "var": 0.685675442219, "mean": 0.499027282}, "erbbands_spread": {"dmean2": 8.06308269501, "median": 21.8857269287, "min": 1.57767426968, "dvar2": 101.288612366, "dvar": 44.2128257751, "dmean": 5.20788240433, "max": 121.054550171, "var": 275.494110107, "mean": 25.8695812225}, "melbands_kurtosis": {"dmean2": 19.120