{"tonal": {"thpcp": [1, 0.532306611538, 0.38703083992, 0.415249764919, 0.425240159035, 0.585761249065, 0.632312178612, 0.425447642803, 0.315468966961, 0.283195614815, 0.32679489255, 0.589598476887, 0.718204259872, 0.610501825809, 0.832948923111, 0.932511806488, 0.606005549431, 0.450829565525, 0.39355134964, 0.381328731775, 0.733989298344, 0.868571460247, 0.809158563614, 0.860570549965, 0.499099612236, 0.281629741192, 0.635347366333, 0.742526769638, 0.420437991619, 0.232821807265, 0.208539098501, 0.297070711851, 0.598352313042, 0.692610502243, 0.611170470715, 0.971123456955], "hpcp": {"dmean2": [0.298218816519, 0.291399091482, 0.235547229648, 0.217003569007, 0.228567704558, 0.214152112603, 0.217683687806, 0.209022268653, 0.181495115161, 0.154695987701, 0.145726874471, 0.172602042556, 0.217906072736, 0.252185821533, 0.269150912762, 0.283340483904, 0.299809366465, 0.266846477985, 0.223342165351, 0.190682247281, 0.186444729567, 0.234256774187, 0.246131837368, 0.31448957324, 0.41115167737, 0.23769377172, 0.13687749207, 0.199301347136, 0.211315482855, 0.180224001408, 0.134602129459, 0.120246104896, 0.158118963242, 0.239557877183, 0.25673148036, 0.268016606569], "median": [0.108451373875, 0.110724665225, 0.0733051151037, 0.0405602231622, 0.0357135571539, 0.0372069887817, 0.0528152398765, 0.0566769056022, 0.0479094535112, 0.0331006646156, 0.0283533856273, 0.0345995537937, 0.066014945507, 0.0739698708057, 0.0786536484957, 0.077785640955, 0.0690962448716, 0.0629463642836, 0.0488085374236, 0.0385833196342, 0.0449204482138, 0.0796598047018, 0.0926972702146, 0.107594907284, 0.0618383325636, 0.0462665036321, 0.0271277986467, 0.0484353303909, 0.0548245124519, 0.0355722643435, 0.0204139426351, 0.0200848691165, 0.0304264239967, 0.0586928837001, 0.0678665563464, 0.0861589387059], "min": [0, 0, 0, 0, 0, 0, 0, 0, 0, 0, 0, 0, 0, 0, 0, 0, 0, 0, 0, 0, 0, 0, 0, 0, 0, 0, 0, 0, 0, 0, 0, 0, 0, 0, 0, 0], "dvar2": [0.135194897652, 0.131341919303, 0.10923576355, 0.11583789438, 0.126447886229, 0.102561950684, 0.0980040132999, 0.095636099577, 0.0795689076185, 0.0725443735719, 0.0677064731717, 0.0861853957176, 0.0961763039231, 0.11703556776, 0.124794952571, 0.140754520893, 0.165117055178, 0.134092465043, 0.111977227032, 0.100503951311, 0.085140645504, 0.0993488579988, 0.108305566013, 0.111892551184, 0.220127686858, 0.0845462009311, 0.0629307553172, 0.0910665094852, 0.101301081479, 0.0921838879585, 0.0737498924136, 0.0604523792863, 0.0682919695973, 0.113337397575, 0.113839931786, 0.115539185703], "dvar": [0.052872736007, 0.0518971979618, 0.0400401204824, 0.0427251979709, 0.0479110553861, 0.0379548557103, 0.0376139990985, 0.0382960438728, 0.0289179831743, 0.0264224391431, 0.0243828259408, 0.0307379495353, 0.0363513827324, 0.0451993048191, 0.0445799566805, 0.0516236275434, 0.0640637651086, 0.0487458370626, 0.0418538227677, 0.0365857258439, 0.030068859458, 0.0383725725114, 0.0445800088346, 0.0428492389619, 0.0884454399347, 0.0320400856435, 0.0223847478628, 0.0377013869584, 0.0440781600773, 0.0333290137351, 0.0257864315063, 0.0212315935642, 0.0246884841472, 0.0435083657503, 0.0451351478696, 0.0415768064559], "dmean": [0.171872317791, 0.168692871928, 0.132865101099, 0.119729399681, 0.128045350313, 0.123156800866, 0.125616416335, 0.124192461371, 0.10268394649, 0.0868042930961, 0.081082701683, 0.0948718339205, 0.125485271215, 0.144414588809, 0.151419177651, 0.162030026317, 0.168706312776, 0.148983970284, 0.125007942319, 0.106929600239, 0.103881128132, 0.137305170298, 0.145300149918, 0.180582746863, 0.229083314538, 0.133086442947, 0.0769319608808, 0.118574000895, 0.123727545142, 0.10275529325, 0.0740532577038, 0.0663653388619, 0.0879421234131, 0.138630777597, 0.147549927235, 0.151475310326], "max": [1, 1, 1, 1, 1, 1, 1, 1, 1, 1, 1, 1, 1, 1, 1, 1, 1, 1, 1, 1, 1, 1, 1, 1, 1, 1, 1, 1, 1, 1, 1, 1, 1, 1, 1, 1], "var": [0.100270710886, 0.10297498852, 0.0377363450825, 0.0329315140843, 0.0407971590757, 0.0359114743769, 0.057488206774, 0.0665576085448, 0.029702546075, 0.0231430791318, 0.0195662658662, 0.0240627098829, 0.0507763847709, 0.0708481296897, 0.0437465272844, 0.0859135314822, 0.115567013621, 0.0511272512376, 0.0369732752442, 0.0333042033017, 0.0254805665463, 0.0693182945251, 0.0900310724974, 0.0592722073197, 0.104141414165, 0.0334543175995, 0.0194185972214, 0.0680817738175, 0.0916981548071, 0.036718185991, 0.0189264956862, 0.0145047241822, 0.0193896126002, 0.0565422475338, 0.0711854919791, 0.0416415557265], "mean": [0.26557418704, 0.273471087217, 0.145570471883, 0.105841740966, 0.113558806479, 0.11629088968, 0.160188764334, 0.172919094563, 0.116347625852, 0.0862716436386, 0.0774458125234, 0.0893689543009, 0.161238133907, 0.196408092976, 0.16695459187, 0.227787449956, 0.255015015602, 0.165724992752, 0.123288847506, 0.107624918222, 0.10428237915, 0.200724855065, 0.237529188395, 0.221281468868, 0.235341161489, 0.136489316821, 0.0770175904036, 0.173749133945, 0.203059598804, 0.114977635443, 0.0636700317264, 0.057029414922, 0.0812402516603, 0.163632050157, 0.189408943057, 0.16713745892]}, "tuning_equal_tempered_deviation": 0.194469958544, "chords_changes_rate": 0.0628190934658, "key_key": "A", "tuning_diatonic_strength": 0.6070099473, "key_scale": "major", "chords_number_rate": 0.00221975590102, "tuning_frequency": 434.193115234, "tuning_nontempered_energy_ratio": 0.909781455994, "chords_histogram": [23.4184246063, 4.55049943924, 18.2907886505, 2.17536067963, 0.288568258286, 0.177580460906, 1.70921194553, 0.244173139334, 1.79800224304, 0, 0.15538290143, 0, 0, 0, 0.776914536953, 10.677025795, 0.266370713711, 0.377358496189, 0, 0, 0.0665926784277, 6.63706970215, 16.6259708405, 11.764705658], "key_strength": 0.769147217274, "chords_key": "A", "chords_strength": {"dmean2": 0.0124996844679, "median": 0.518052995205, "min": 0.238046258688, "dvar2": 0.000121917059005, "dvar": 9.91324268398e-05, "dmean": 0.0119870370254, "max": 0.790488004684, "var": 0.0101449964568, "mean": 0.513075351715}, "chords_scale": "major", "hpcp_entropy": {"dmean2": 1.12969088554, "median": 2.1735637188, "min": 0, "dvar2": 0.803797960281, "dvar": 0.307552099228, "dmean": 0.675125598907, "max": 4.54674768448, "var": 0.604458034039, "mean": 2.19102191925}}, "metadata": {"audio_properties": {"equal_loudness": 0, "codec": "mp3", "downmix": "mix", "sample_rate": 44100, "analysis_sample_rate": 44100, "bit_rate": 247451, "md5_encoded": "ca69598d72793a154871d7ed11f7fadd", "length": 209.136322021, "replay_gain": -15.5921049118, "lossless": false}, "version": {"essentia_build_sha": "70f2e5ece6736b2c40cc944ad0e695b16b925413", "essentia": "2.1-beta2", "extractor": "music 1.0", "essentia_git_sha": "v2.1_beta2"}, "tags": {"title": ["Lost In Stereo"], "artist": ["All Time Low"], "tracknumber": ["2/15"], "date": ["2010"], "genre": ["Punk"], "language": ["eng"], "album": ["Straight to DVD"], "label": ["Hopeless"], "encoding": ["LAME 3.97"], "musicbrainz_recordingid": ["137543c8-cbc9-4638-928b-8f3fb67cd9bd"], "file_name": "1511014.mp3"}}, "rhythm": {"bpm_histogram_first_peak_bpm": {"dmean2": 0, "median": 161, "min": 161, "dvar2": 0, "dvar": 0, "dmean": 0, "max": 161, "var": 0, "mean": 161}, "bpm": 161.759979248, "bpm_histogram_second_peak_spread": {"dmean2": 0, "median": 0, "min": 0, "dvar2": 0, "dvar": 0, "dmean": 0, "max": 0, "var": 0, "mean": 0}, "bpm_histogram_first_peak_weight": {"dmean2": 0, "median": 0.619565188885, "min": 0.619565188885, "dvar2": 0, "dvar": 0, "dmean": 0, "max": 0.619565188885, "var": 0, "mean": 0.619565188885}, "onset_rate": 3.08385586739, "beats_position": [0.406349211931, 0.812698423862, 1.23065757751, 1.64861679077, 2.04335594177, 2.43809509277, 2.80961441994, 3.1811337471, 3.55265307426, 3.92417216301, 4.29569149017, 4.66721057892, 5.0387301445, 5.42185926437, 5.79337835312, 6.17650794983, 6.54802703857, 6.91954612732, 7.2910656929, 7.66258478165, 8.03410434723, 8.40562343597, 8.78875255585, 9.17188167572, 9.54340076447, 9.91492080688, 10.2980499268, 10.6811790466, 11.0526981354, 11.4242172241, 11.7841272354, 12.1556463242, 12.5271654129, 12.8870744705, 13.2818136215, 13.6765527725, 14.0480718613, 14.4195919037, 14.8027210236, 15.1858501434, 15.5573692322, 15.9288883209, 16.3004074097, 16.6719264984, 17.0434455872, 17.4149665833, 17.786485672, 18.1580047607, 18.5063037872, 18.9010429382, 19.2841720581, 19.667301178, 20.0504302979, 20.4335594177, 20.8050785065, 21.1765975952, 21.548116684, 21.9196376801, 22.2911567688, 22.6626758575, 23.0341949463, 23.4173240662, 23.7772331238, 24.1487522125, 24.5202713013, 24.89179039, 25.2633094788, 25.6580486298, 26.0295696259, 26.4010887146, 26.7842178345, 27.1673469543, 27.5388660431, 27.921995163, 28.3051242828, 28.6766433716, 29.0481624603, 29.4080715179, 29.7679805756, 30.1511096954, 30.5226306915, 30.9057598114, 31.2772789001, 31.66040802, 32.0435371399, 32.4150543213, 32.7865753174, 33.1580963135, 33.5412254333, 33.9243545532, 34.2958717346, 34.6673927307, 35.0389099121, 35.4104309082, 35.7935600281, 36.1650772095, 36.5365982056, 36.9197273254, 37.2912483215, 37.6627655029, 38.0458946228, 38.4290237427, 38.8005447388, 39.1720619202, 39.5435829163, 39.9151000977, 40.2866210938, 40.6581382751, 41.0296592712, 41.4011802673, 41.7726974487, 42.1442184448, 42.5273475647, 42.9104766846, 43.281993866, 43.6767349243, 44.0366439819, 44.3965530396, 44.7796821594, 45.1628112793, 45.5343284607, 45.9058494568, 46.2773704529, 46.6604995728, 47.0436286926, 47.415145874, 47.7866668701, 48.1581840515, 48.5297050476, 48.901222229, 49.2843513489, 49.6674804688, 50.0390014648, 50.4105224609, 50.7820396423, 51.1535606384, 51.5250778198, 51.8965988159, 52.2681159973, 52.6396369934, 53.0111541748, 53.3826751709, 53.7658042908, 54.1489334106, 54.5204544067, 54.8919715881, 55.2634925842, 55.6466217041, 56.0181388855, 56.4012680054, 56.7727890015, 57.1443061829, 57.515827179, 57.8873443604, 58.2704734802, 58.6536026001, 59.0251235962, 59.3966445923, 59.7681617737, 60.1396827698, 60.5228118896, 60.9059410095, 61.2774581909, 61.648979187, 62.0321083069, 62.4152374268, 62.7867546082, 63.1582756042, 63.5297966003, 63.9013137817, 64.2728347778, 64.655960083, 65.0390930176, 65.4106140137, 65.7705230713, 66.142036438, 66.5019454956, 66.8734664917, 67.2449874878, 67.6397247314, 68.022857666, 68.4059829712, 68.7891159058, 69.1722412109, 69.5321502686, 69.8920593262, 70.2635803223, 70.6467132568, 71.029838562, 71.4129714966, 71.7960968018, 72.1676177979, 72.515914917, 72.8874359131, 73.2589569092, 73.6536941528, 74.0252151489, 74.396736145, 74.7798614502, 75.1629943848, 75.5345077515, 75.9060287476, 76.2775497437, 76.6490707397, 77.0321960449, 77.4153289795, 77.7868499756, 78.1583633423, 78.5298843384, 78.889793396, 79.2613143921, 79.6444396973, 80.0159606934, 80.3874816895, 80.7590026855, 81.1305236816, 81.5136489868, 81.8967819214, 82.2682952881, 82.6514282227, 83.0345535278, 83.4060745239, 83.77759552, 84.1375045776, 84.5090255737, 84.8921508789, 85.263671875, 85.6351928711, 86.0067138672, 86.3782272339, 86.74974823, 87.1328811646, 87.5043945312, 87.8643035889, 88.2474365234, 88.6305618286, 89.0020828247, 89.3736038208, 89.7567367554, 90.1398620605, 90.5229949951, 90.9061203003, 91.2776412964, 91.6491622925, 92.0206756592, 92.3921966553, 92.7637176514, 93.1352386475, 93.5067520142, 93.8782730103, 94.2614059448, 94.64453125, 95.0160522461, 95.3875732422, 95.7590942383, 96.130607605, 96.5021286011, 96.8736495972, 97.2567749023, 97.6399078369, 98.011428833, 98.3829498291, 98.7544631958, 99.1259841919, 99.497505188, 99.8922424316, 100.263763428, 100.635284424, 101.006797791, 101.378318787, 101.749839783, 102.132965088, 102.516098022, 102.887619019, 103.259140015, 103.630653381, 104.002174377, 104.385307312, 104.768432617, 105.139953613, 105.511474609, 105.882987976, 106.254508972, 106.637641907, 107.020767212, 107.392288208, 107.763809204, 108.1353302, 108.506843567, 108.878364563, 109.249885559, 109.621406555, 109.992919922, 110.364440918, 110.747573853, 111.130699158, 111.502220154, 111.87374115, 112.256866455, 112.628387451, 112.999908447, 113.383033752, 113.754554749, 114.126075745, 114.497596741, 114.869110107, 115.240631104, 115.623764038, 115.995285034, 116.378410339, 116.761543274, 117.144668579, 117.516189575, 117.887710571, 118.259223938, 118.630744934, 119.013877869, 119.385391235, 119.76852417, 120.140045166, 120.511566162, 120.883079529, 121.254600525, 121.626121521, 122.009246826, 122.380767822, 122.752288818, 123.123809814, 123.50693512, 123.878456116, 124.249977112, 124.621498108, 124.993011475, 125.364532471, 125.747665405, 126.13079071, 126.502311707, 126.873832703, 127.245346069, 127.616867065, 127.988388062, 128.359909058, 128.731430054, 129.114562988, 129.497680664, 129.86920166, 130.240722656, 130.623855591, 131.006988525, 131.378494263, 131.761627197, 132.144760132, 132.516281128, 132.887802124, 133.25932312, 133.630844116, 134.002349854, 134.37387085, 134.733779907, 135.116912842, 135.488433838, 135.859954834, 136.243087769, 136.626205444, 136.99772644, 137.369247437, 137.740768433, 138.112289429, 138.483810425, 138.866943359, 139.250061035, 139.63319397, 140.016326904, 140.3878479, 140.759368896, 141.130874634, 141.50239563, 141.873916626, 142.245437622, 142.628570557, 143.011703491, 143.383224487, 143.754730225, 144.126251221, 144.486160278, 144.869293213, 145.252426147, 145.635559082, 146.007064819, 146.378585815, 146.750106812, 147.121627808, 147.493148804, 147.876281738, 148.259414673, 148.63092041, 149.002441406, 149.373962402, 149.757095337, 150.140228271, 150.511749268, 150.883255005, 151.254776001, 151.626296997, 151.997817993, 152.369338989, 152.740859985, 153.112380981, 153.483901978, 153.855422974, 154.238540649, 154.621673584, 154.99319458, 155.364715576, 155.736236572, 156.107757568, 156.479278564, 156.850784302, 157.222305298, 157.617050171, 157.988571167, 158.360092163, 158.743209839, 159.126342773, 159.49786377, 159.869384766, 160.240905762, 160.612426758, 160.983947754, 161.36706543, 161.750198364, 162.12171936, 162.493240356, 162.864761353, 163.236282349, 163.607803345, 163.979324341, 164.362442017, 164.745574951, 165.117095947, 165.488616943, 165.860137939, 166.231658936, 166.603164673, 166.974685669, 167.346206665, 167.7293396, 168.112472534, 168.48399353, 168.855514526, 169.227020264, 169.59854126, 169.970062256, 170.341583252, 170.724716187, 171.107849121, 171.479354858, 171.850875854, 172.234008789, 172.617141724, 172.98866272, 173.360183716, 173.731704712, 174.103210449, 174.486343384, 174.85786438, 175.229385376, 175.600906372, 175.984039307, 176.367156982, 176.750289917, 177.121810913, 177.493331909, 177.864852905, 178.236373901, 178.607894897, 178.991012573, 179.374145508, 179.745666504, 180.1171875, 180.488708496, 180.848617554, 181.22013855, 181.603256226, 181.974777222, 182.346298218, 182.717819214, 183.08934021, 183.472473145, 183.85559082, 184.227111816, 184.610244751, 184.993377686, 185.364898682, 185.736419678, 186.119537354, 186.479446411, 186.850967407, 187.222488403, 187.594009399, 187.965530396, 188.337051392, 188.708572388, 189.080093384, 189.46321106, 189.846343994, 190.21786499, 190.589385986, 190.960906982, 191.344039917, 191.727157593, 192.098678589, 192.470199585, 192.841720581, 193.224853516, 193.607971191, 193.979492188, 194.351013184, 194.72253418, 195.094055176, 195.465576172, 195.837097168, 196.208618164, 196.58013916, 196.951644897, 197.323165894, 197.69468689, 198.089431763, 198.484161377, 198.87890625, 199.296859741, 199.703216553, 200.109558105, 200.515914917, 200.968704224, 201.42149353, 201.874282837, 202.292236328, 202.710205078, 203.128158569, 203.546112061, 203.964080811, 204.382034302, 204.800003052, 205.217956543, 205.635910034, 206.053878784, 206.471832275, 206.901397705, 207.330978394, 207.748931885, 208.166885376, 208.596466064], "beats_loudness": {"dmean2": 0.0250246636569, "median": 0.0398702658713, "min": 0.00865612830967, "dvar2": 0.000448745384347, "dvar": 0.000145375510328, "dmean": 0.013878534548, "max": 0.0986206978559, "var": 0.000186539240531, "mean": 0.0416623316705}, "danceability": 1.30691003799, "bpm_histogram_second_peak_weight": {"dmean2": 0, "median": 0.0326086953282, "min": 0.0326086953282, "dvar2": 0, "dvar": 0, "dmean": 0, "max": 0.0326086953282, "var": 0, "mean": 0.0326086953282}, "beats_count": 553, "bpm_histogram_second_peak_bpm": {"dmean2": 0, "median": 167, "min": 167, "dvar2": 0, "dvar": 0, "dmean": 0, "max": 167, "var": 0, "mean": 167}, "bpm_histogram_first_peak_spread": {"dmean2": 0, "median": 0.304878056049, "min": 0.304878056049, "dvar2": 0, "dvar": 0, "dmean": 0, "max": 0.304878056049, "var": 0, "mean": 0.304878056049}, "beats_loudness_band_ratio": {"dmean2": [0.413484871387, 0.477594345808, 0.211195185781, 0.113667629659, 0.0938848182559, 0.0854315385222], "median": [0.444127380848, 0.144518867135, 0.100438989699, 0.0587132722139, 0.0782037079334, 0.0615728087723], "min": [0.000264678441454, 0.00124014902394, 0.000945816515014, 0.00647360924631, 0.00631840713322, 0.00346322404221], "dvar2": [0.0753403604031, 0.102692589164, 0.0352373048663, 0.0150903351605, 0.0108718816191, 0.0088934507221], "dvar": [0.025221304968, 0.0294962413609, 0.0141038140282, 0.00541176926345, 0.00433394359425, 0.00310153164901], "dmean": [0.225858852267, 0.248472958803, 0.120255343616, 0.0655728131533, 0.0566714219749, 0.0458858683705], "max": [0.968343377113, 0.791355073452, 0.785376667976, 0.536899447441, 0.673919677734, 0.539721548557], "var": [0.0390594080091, 0.0357127375901, 0.0184800419956, 0.00908777490258, 0.00535028707236, 0.00261456356384], "mean": [0.455442875624, 0.207210868597, 0.146930202842, 0.0940433442593, 0.0966502726078, 0.0701738074422]}}, "lowlevel": {"barkbands_spread": {"dmean2": 11.4757642746, "median": 31.4878520966, "min": 3.84240269661, "dvar2": 171.184661865, "dvar": 80.7278594971, "dmean": 7.25796079636, "max": 109.57068634, "var": 319.131713867, "mean": 34.7089080811}, "melbands_spread": {"dmean2": 16.4452075958, "median": 31.825712204, "min": 2.808781147, "dvar2": 412.245025635, "dvar": 182.423324585, "dmean": 10.2743883133, "max": 256.995697021, "var": 507.492736816, "mean": 36.5584373474}, "hfc": {"dmean2": 15.3074655533, "median": 32.4517211914, "min": 1.36724929689e-06, "dvar2": 402.160766602, "dvar": 199.15512085, "dmean": 9.97380924225, "max": 189.324813843, "var": 599.340026855, "mean": 38.4820518494}, "barkbands_kurtosis": {"dmean2": 2.57002854347, "median": 0.00757503509521, "min": -1.9512103796, "dvar2": 19.0828609467, "dvar": 6.80359745026, "dmean": 1.49919736385, "max": 39.5589828491, "var": 8.50545978546, "mean": 0.823070645332}, "gfcc": {"mean": [58.2028770447, 68.0075759888, -121.509254456, 41.7797660828, -53.7784767151, 24.015411377, -33.4183692932, 13.0063714981, -20.3431034088, 0.183088958263, -18.1444072723, -1.69410336018, -14.0021619797], "icov": [[0.00127012829762, 0.000287487666355, -0.000249400152825, -0.000617710698862, 0.000357755488949, 0.000187140627531, 0.000193044223124, -0.000705391692463, 0.000652306480333, -0.00113071908709, 0.00151074572932, -0.00100804818794, 0.00128144270275], [0.000287487666355, 0.00225993734784, 0.000157417656737, -0.000267920870101, -0.000843722315039, 0.00177120626904, -0.00157373491675, 0.000917100172956, -0.000785144220572, 0.00169097643811, -0.00230241124518, 0.00358999916352, -0.00140088051558], [-0.000249400152825, 0.000157417656737, 0.00309146638028, -0.00114421686158, 0.000173568143509, -1.2693321878e-05, 0.000429771695053, -0.000637985533103, 0.000963043945376, -0.000791026628576, 0.00145251769572, -0.00120353372768, 0.00172408798244], [-0.000617710698862, -0.000267920870101, -0.00114421686158, 0.00502194138244, -0.00128364318516, -0.00235014874488, 0.00121402612422, 0.000450847728644, -0.00249702879228, 0.00274583231658, -0.00157788023353, 0.000619890517555, -0.00169313501101], [0.000357755488949, -0.000843722315039, 0.000173568143509, -0.00128364318516, 0.00534168723971, -0.000172452695551, -0.00145152315963, -0.000141605458339, 0.000545624177903, -0.00128069031052, 0.000969309185166, -0.00251634651795, 0.00066101225093], [0.000187140627531, 0.00177120626904, -1.2693321878e-05, -0.00235014874488, -0.000172452695551, 0.00788334291428, -0.00342285307124, -0.0016904695658, 0.00231707189232, 0.000989729422145, -0.00323561253026, 0.003516926663, -0.000253363454249], [0.000193044223124, -0.00157373491675, 0.000429771695053, 0.00121402612422, -0.00145152315963, -0.00342285307124, 0.00912249647081, -0.0028905577492, 0.00117913307622, -0.0021093711257, 0.00221986928955, -0.00105815578718, 0.00103064230643], [-0.000705391692463, 0.000917100172956, -0.000637985533103, 0.000450847728644, -0.000141605458339, -0.0016904695658, -0.0028905577492, 0.0138849103823, -0.00948094669729, 0.00171857979149, -0.000743500306271, 0.00182653043885, -0.00220390153117], [0.000652306480333, -0.000785144220572, 0.000963043945376, -0.00249702879228, 0.000545624177903, 0.00231707189232, 0.00117913307622, -0.00948094669729, 0.0187919866294, -0.00773175712675, 0.00246798922308, -0.00166085897945, 0.00208474649116], [-0.00113071908709, 0.00169097643811, -0.000791026628576, 0.00274583231658, -0.00128069031052, 0.000989729422145, -0.0021093711257, 0.00171857979149, -0.00773175712675, 0.0256324671209, -0.0130816781893, 0.00339033012278, 0.000401261728257], [0.00151074572932, -0.00230241124518, 0.00145251769572, -0.00157788023353, 0.000969309185166, -0.00323561253026, 0.00221986928955, -0.000743500306271, 0.00246798922308, -0.0130816781893, 0.0255880523473, -0.0129511319101, 0.00439542159438], [-0.00100804818794, 0.00358999916352, -0.00120353372768, 0.000619890517555, -0.00251634651795, 0.003516926663, -0.00105815578718, 0.00182653043885, -0.00166085897945, 0.00339033012278, -0.0129511319101, 0.0282939802855, -0.0106211425737], [0.00128144270275, -0.00140088051558, 0.00172408798244, -0.00169313501101, 0.00066101225093, -0.000253363454249, 0.00103064230643, -0.00220390153117, 0.00208474649116, 0.000401261728257, 0.00439542159438, -0.0106211425737, 0.0239110924304]], "cov": [[1368.20397949, -584.965209961, 334.067810059, 162.572769165, -130.635040283, 62.3846092224, -100.924285889, 87.9828186035, 14.1548166275, 33.7662277222, -67.9925689697, 42.7688140869, -73.744644165], [-584.965209961, 1041.61230469, -249.457901001, -61.6048965454, 166.121887207, -135.881027222, 134.576446533, -65.6984100342, 6.3797750473, -38.6538658142, 30.0975933075, -85.8196563721, 44.5501403809], [334.067810059, -249.457901001, 471.588928223, 132.0052948, -36.7026290894, 50.8123435974, -51.2496147156, 34.0232391357, -2.42073297501, 3.53051114082, -29.4818534851, 19.4257717133, -36.07654953], [162.572769165, -61.6048965454, 132.0052948, 333.392547607, 51.8758125305, 105.786087036, -12.0790748596, 40.1683273315, 28.5952796936, -16.41979599, 3.29344415665, 7.87763786316, 6.35342073441], [-130.635040283, 166.121887207, -36.7026290894, 51.8758125305, 254.714477539, 20.9981098175, 71.4830856323, 5.46008491516, 7.05144071579, 3.96262931824, 17.4181213379, 6.61850976944, 12.7131767273], [62.3846092224, -135.881027222, 50.8123435974, 105.786087036, 20.9981098175, 236.031143188, 64.693397522, 49.470916748, -5.96412181854, 1.05882143974, 11.4505672455, -7.43624210358, -8.69127655029], [-100.924285889, 134.576446533, -51.2496147156, -12.0790748596, 71.4830856323, 64.693397522, 184.236038208, 38.880821228, 8.92374706268, 7.39872360229, 4.60376596451, -17.8408164978, 0.811816513538], [87.9828186035, -65.6984100342, 34.0232391357, 40.1683273315, 5.46008491516, 49.470916748, 38.880821228, 137.746887207, 65.7955627441, 16.3355731964, -1.95899701118, -1.16196334362, -2.94627261162], [14.1548166275, 6.3797750473, -2.42073297501, 28.5952796936, 7.05144071579, -5.96412181854, 8.92374706268, 65.7955627441, 101.129745483, 28.2285957336, 7.6296248436, 1.40228879452, -2.83437204361], [33.7662277222, -38.6538658142, 3.53051114082, -16.41979599, 3.96262931824, 1.05882143974, 7.39872360229, 16.3355731964, 28.2285957336, 68.3760757446, 32.4853439331, 10.9747552872, -9.10831642151], [-67.9925689697, 30.0975933075, -29.4818534851, 3.29344415665, 17.4181213379, 11.4505672455, 4.60376596451, -1.95899701118, 7.6296248436, 32.4853439331, 76.2462005615, 25.4842319489, 3.12068915367], [42.7688140869, -85.8196563721, 19.4257717133, 7.87763786316, 6.61850976944, -7.43624210358, -17.8408164978, -1.16196334362, 1.40228879452, 10.9747552872, 25.4842319489, 65.9761962891, 16.5524196625], [-73.744644165, 44.5501403809, -36.07654953, 6.35342073441, 12.7131767273, -8.69127655029, 0.811816513538, -2.94627261162, -2.83437204361, -9.10831642151, 3.12068915367, 16.5524196625, 57.8636169434]]}, "spectral_energyband_middle_low": {"dmean2": 0.00893001258373, "median": 0.00930180586874, "min": 1.40828543271e-10, "dvar2": 0.000217552485992, "dvar": 8.56821934576e-05, "dmean": 0.00555752776563, "max": 0.0934365391731, "var": 0.000122897719848, "mean": 0.0128232426941}, "melbands_crest": {"dmean2": 6.00811815262, "median": 13.2632331848, "min": 3.45094609261, "dvar2": 30.9613418579, "dvar": 10.9203023911, "dmean": 3.5490489006, "max": 32.8493537903, "var": 20.7579021454, "mean": 13.8623733521}, "spectral_kurtosis": {"dmean2": 1.45053935051, "median": 2.90889143944, "min": -1.12001037598, "dvar2": 3.08564686775, "dvar": 1.11456000805, "dmean": 0.888118088245, "max": 19.6393585205, "var": 3.54858541489, "mean": 3.06904506683}, "spectral_rms": {"dmean2": 0.00152672990225, "median": 0.00563092203811, "min": 7.37035463771e-07, "dvar2": 3.32201739184e-06, "dvar": 1.26983093196e-06, "dmean": 0.000914848642424, "max": 0.0121588855982, "var": 1.68388203292e-06, "mean": 0.00577586190775}, "zerocrossingrate": {"dmean2": 0.0147068295628, "median": 0.0732421875, "min": 0.0126953125, "dvar2": 0.000278489809716, "dvar": 0.000268068892183, "dmean": 0.0126604000106, "max": 0.35205078125, "var": 0.00191529141739, "mean": 0.0836728587747}, "silence_rate_60dB": {"dmean2": 0.00299800140783, "median": 0, "min": 0, "dvar2": 0.00343333603814, "dvar": 0.00155217573047, "dmean": 0.00155434664339, "max": 1, "var": 0.00221546809189, "mean": 0.00222024857067}, "erbbands_kurtosis": {"dmean2": 1.19442856312, "median": 0.0596368312836, "min": -1.61760854721, "dvar2": 2.10780930519, "dvar": 0.95854383707, "dmean": 0.773580372334, "max": 23.5397796631, "var": 2.55194449425, "mean": 0.478449642658}, "erbbands": {"dmean2": [0.363118171692, 2.76594471931, 4.63652944565, 4.834461689, 10.207950592, 22.6175918579, 10.0600700378, 9.48676967621, 23.238702774, 32.5911445618, 33.8743972778, 39.8583335876, 43.1116714478, 28.3064613342, 20.9437065125, 31.6263046265, 38.2140541077, 28.4156780243, 42.1888313293, 33.4465789795, 33.3606147766, 32.5287361145, 34.9804191589, 25.6390190125, 21.1435565948, 16.6261367798, 14.2757930756, 12.9195022583, 12.9650592804, 14.6807756424, 12.4975576401, 6.65630578995, 4.89390230179, 2.83299994469, 1.05259203911, 0.223513990641, 0.0514623709023, 0.0122374081984, 0.0016094383318, 6.23894738965e-05], "median": [0.0709589719772, 0.872752249241, 3.30553603172, 5.30353021622, 4.50558853149, 4.36303901672, 3.43355345726, 4.02849578857, 7.78497076035, 9.86458969116, 9.95986938477, 12.0309028625, 18.8157234192, 18.6092071533, 17.0875282288, 22.5626983643, 24.3248653412, 19.4120426178, 27.5704154968, 26.8594074249, 31.6101074219, 32.7835388184, 26.4584884644, 23.8243236542, 23.5007629395, 14.4880409241, 13.9115047455, 11.1686210632, 9.58580970764, 7.85331249237, 5.96328544617, 3.62493610382, 2.29991483688, 1.15640366077, 0.495776891708, 0.142895311117, 0.0390905626118, 0.00746589014307, 0.000494900625199, 6.07586844126e-05], "min": [2.69368305439e-10, 8.80157002836e-10, 1.7229226934e-09, 4.88738960414e-09, 1.84949904281e-08, 3.1510609233e-08, 5.54866659286e-08, 9.81833139235e-08, 1.58868417088e-07, 5.93490483425e-08, 8.21220353941e-08, 6.52322341921e-07, 1.17856200177e-06, 4.33428056112e-07, 2.93969833365e-07, 6.35170522401e-07, 1.07819266759e-06, 6.55675535199e-07, 6.31531293038e-07, 1.23434108446e-06, 2.1858047603e-06, 3.0723049349e-06, 5.48122159216e-07, 2.20308697862e-06, 4.51767482446e-06, 5.96047902945e-06, 7.79843219334e-07, 2.06425539773e-07, 1.71920490288e-07, 1.57764688424e-07, 2.24958668582e-07, 3.95324093461e-07, 6.40828758947e-08, 7.37978922416e-09, 3.29084137718e-09, 3.09457037773e-09, 1.81610715355e-09, 8.08613120906e-10, 1.58064381028e-10, 1.34896972065e-11], "dvar2": [0.387918502092, 30.8298568726, 73.5150756836, 46.8253364563, 468.868804932, 3221.34033203, 484.816558838, 454.340362549, 2710.4152832, 4184.52880859, 5331.06347656, 10402.609375, 6121.88476562, 2722.29199219, 1111.25915527, 2811.73706055, 7208.89160156, 3439.74951172, 5740.49560547, 3132.5378418, 1998.40014648, 1728.80249023, 2620.1550293, 1295.19116211, 671.586425781, 605.787597656, 425.252990723, 402.340667725, 534.522033691, 912.580444336, 725.104858398, 223.046722412, 137.193359375, 60.411441803, 7.76454687119, 0.237659916282, 0.00714319059625, 0.000501016678754, 1.91778617591e-05, 1.58411221918e-08], "dvar": [0.132412195206, 10.9488773346, 25.6869392395, 17.0993862152, 175.157180786, 1167.51965332, 194.080703735, 186.000869751, 1098.37414551, 1742.44604492, 2327.83081055, 5024.65185547, 2651.37182617, 1231.18347168, 458.254638672, 1224.53662109, 3100.7512207, 1432.64697266, 2575.37817383, 1458.32531738, 890.005859375, 702.281494141, 1037.43652344, 503.238586426, 253.2215271, 234.865188599, 162.095458984, 168.273620605, 254.519546509, 486.513702393, 369.70098877, 110.118041992, 70.4677352905, 31.1171512604, 4.02472019196, 0.123094148934, 0.00341573846526, 0.000221617810894, 8.29270902614e-06, 6.78195100079e-09], "dmean": [0.200966209173, 1.54149734974, 2.67246675491, 2.91629886627, 5.98644447327, 13.1257038116, 6.0981593132, 5.71356201172, 14.130490303, 19.9847812653, 21.425775528, 26.7004165649, 27.3375167847, 17.9853897095, 13.1164636612, 19.9599990845, 24.0768966675, 18.018901825, 26.6791706085, 20.9950580597, 20.7907333374, 20.0812206268, 20.9286556244, 15.2123126984, 12.5380125046, 9.93001842499, 8.4939250946, 7.92814683914, 8.38650608063, 9.86293506622, 8.34864234924, 4.4105052948, 3.25736641884, 1.93075573444, 0.716175973415, 0.15391920507, 0.0349479690194, 0.00814888160676, 0.00106527109165, 4.05000391765e-05], "max": [2.99338793755, 29.749370575, 53.4939689636, 76.4744873047, 150.954193115, 367.289276123, 312.379272461, 254.877853394, 822.511901855, 550.385803223, 803.05871582, 1974.09570312, 867.288513184, 941.938842773, 594.743713379, 815.514404297, 1659.56469727, 1032.88513184, 1244.02648926, 819.960205078, 764.10534668, 487.742858887, 701.530456543, 536.247802734, 251.068328857, 341.653381348, 243.715957642, 227.557128906, 276.40145874, 424.696716309, 336.701751709, 200.34425354, 160.556381226, 111.239768982, 38.4863014221, 8.01429080963, 1.10917079449, 0.369362056255, 0.10660880059, 0.00258058076724], "var": [0.119602993131, 8.01394844055, 23.8576126099, 34.6642036438, 154.185272217, 967.329467773, 283.919067383, 219.525482178, 1932.3828125, 3810.00537109, 5559.58984375, 16302.9150391, 8141.76269531, 3627.27441406, 1114.40393066, 3278.05761719, 10098.7714844, 3352.07910156, 5556.92871094, 2749.13378906, 2779.10986328, 1948.95556641, 1812.97180176, 783.330383301, 431.834747314, 391.539154053, 271.76272583, 368.634979248, 727.595458984, 1529.16552734, 1068.33581543, 291.635986328, 173.791702271, 68.4491424561, 9.37340164185, 0.304805666208, 0.0086104311049, 0.000390323344618, 1.12351053758e-05, 9.72682290268e-09], "mean": [0.215333476663, 1.69176232815, 4.6138215065, 6.84966468811, 7.92339372635, 14.377158165, 8.78520488739, 8.03911113739, 20.7571296692, 31.3341846466, 36.3266601562, 52.3246269226, 53.1308021545, 35.6218795776, 26.5875873566, 40.3432769775, 50.1252250671, 36.4049949646, 49.7577552795, 42.6051063538, 46.6743049622, 45.9275970459, 40.2202148438, 30.7352561951, 27.4767303467, 20.0361099243, 18.2394752502, 16.9228973389, 17.7949829102, 19.7203140259, 16.3948574066, 9.14346981049, 6.33316278458, 3.49234628677, 1.33016252518, 0.307279914618, 0.0687839537859, 0.0134705109522, 0.00157385889906, 9.14676566026e-05]}, "spectral_strongpeak": {"dmean2": 1.15186810493, "median": 0.480923205614, "min": 1.22746705529e-05, "dvar2": 2.827085495, "dvar": 1.13729906082, "dmean": 0.666450440884, "max": 11.6635150909, "var": 2.25506591797, "mean": 1.17876970768}, "spectral_energy": {"dmean2": 0.0206985883415, "median": 0.0324999652803, "min": 5.56801826868e-10, "dvar2": 0.000788842735346, "dvar": 0.000294110242976, "dmean": 0.0121476491913, "max": 0.151534467936, "var": 0.000294488418149, "mean": 0.0359205156565}, "average_loudness": 0.976130008698, "spectral_rolloff": {"dmean2": 1206.81005859, "median": 1808.7890625, "min": 86.1328125, "dvar2": 2702436.75, "dvar": 1339287, "dmean": 724.961181641, "max": 11670.9960938, "var": 3812589.5, "mean": 2306.17333984}, "spectral_centroid": {"dmean2": 402.818817139, "median": 1822.82971191, "min": 316.055480957, "dvar2": 188335.09375, "dvar": 87458.578125, "dmean": 258.083648682, "max": 5603.14746094, "var": 388081.46875, "mean": 1840.56445312}, "pitch_salience": {"dmean2": 0.124046616256, "median": 0.561532139778, "min": 0.141268119216, "dvar2": 0.0148072130978, "dvar": 0.00531379086897, "dmean": 0.0740199759603, "max": 0.854757845402, "var": 0.0107509260997, "mean": 0.558684706688}, "spectral_energyband_middle_high": {"dmean2": 0.0036717033945, "median": 0.00707307970151, "min": 3.45486583786e-10, "dvar2": 1.6943207811e-05, "dvar": 7.12682140147e-06, "dmean": 0.00230432441458, "max": 0.040846247226, "var": 2.97058650176e-05, "mean": 0.00859041512012}, "spectral_contrast_coeffs": {"dmean2": [0.088120855391, 0.0814704596996, 0.0631350129843, 0.0468724295497, 0.0337302461267, 0.0279140211642], "median": [-0.653017520905, -0.759649455547, -0.779072284698, -0.789153575897, -0.794890522957, -0.746475100517], "min": [-0.981811285019, -0.926119804382, -0.910072147846, -0.925882220268, -0.881394505501, -0.894189417362], "dvar2": [0.00563967507333, 0.00436718203127, 0.00236153253354, 0.00136117078364, 0.000719837960787, 0.000570200034417], "dvar": [0.00213721534237, 0.00176866585389, 0.000952144968323, 0.00054439669475, 0.000295018573524, 0.000250297540333], "dmean": [0.0532675459981, 0.0499024912715, 0.0390897206962, 0.0289381723851, 0.0208020880818, 0.0177110601217], "max": [-0.297315478325, -0.407211184502, -0.510296523571, -0.552265226841, -0.619760155678, -0.618167638779], "var": [0.00547233177349, 0.00692349486053, 0.00395360169932, 0.00203748559579, 0.00110189709812, 0.00108439428732], "mean": [-0.646391272545, -0.743132412434, -0.767158210278, -0.782888233662, -0.789203286171, -0.747979819775]}, "melbands_skewness": {"dmean2": 1.19834697247, "median": 1.99227809906, "min": -1.24720752239, "dvar2": 2.14037060738, "dvar": 0.782222032547, "dmean": 0.727508485317, "max": 10.9318494797, "var": 1.54663300514, "mean": 2.19216322899}, "spectral_spread": {"dmean2": 696868.0625, "median": 4725107.5, "min": 1840918.625, "dvar2": 678282592256, "dvar": 386570485760, "dmean": 482816.0625, "max": 13142490, "var": 1952795328510.0, "mean": 4950010}, "dissonance": {"dmean2": 0.021269492805, "median": 0.482725918293, "min": 0.322743594646, "dvar2": 0.000437834212789, "dvar": 0.000164257216966, "dmean": 0.0126187894493, "max": 0.500000119209, "var": 0.000383238802897, "mean": 0.477029919624}, "spectral_skewness": {"dmean2": 0.231531739235, "median": 1.28196251392, "min": -0.0906867459416, "dvar2": 0.0503016188741, "dvar": 0.0228074286133, "dmean": 0.148812025785, "max": 2.89935922623, "var": 0.11093839258, "mean": 1.27270793915}, "spectral_flux": {"dmean2": 0.0478753075004, "median": 0.0940282046795, "min": 0.000796368985903, "dvar2": 0.00232458370738, "dvar": 0.00122813461348, "dmean": 0.0308347884566, "max": 0.32456573844, "var": 0.00229449477047, "mean": 0.106629751623}, "spectral_contrast_valleys": {"dmean2": [0.627805829048, 0.616060316563, 0.456646889448, 0.3866764009, 0.373355031013, 0.333067506552], "median": [-6.75472545624, -6.54415607452, -6.75061035156, -6.90272331238, -6.66007852554, -9.22107505798], "min": [-14.5617446899, -14.8987569809, -15.1903753281, -15.0990304947, -14.8593597412, -17.4966011047], "dvar2": [0.288584828377, 0.304217636585, 0.140135675669, 0.109517082572, 0.155635163188, 0.15100364387], "dvar": [0.111539155245, 0.123500525951, 0.0572662577033, 0.0498055294156, 0.0692799910903, 0.0857158899307], "dmean": [0.375265777111, 0.375539302826, 0.27608820796, 0.239568576217, 0.232570901513, 0.232055023313], "max": [-5.17810964584, -4.38893270493, -5.49320793152, -5.48857831955, -5.52062940598, -7.09530735016], "var": [0.451324135065, 0.299958944321, 0.163289606571, 0.175007864833, 0.231976628304, 0.700953960419], "mean": [-6.87952136993, -6.56791400909, -6.774933815, -6.93108987808, -6.74330997467, -9.2511920929]}, "erbbands_flatness_db": {"dmean2": 0.0203155837953, "median": 0.12990501523, "min": 0.0546009987593, "dvar2": 0.000338518235367, "dvar": 0.000168779602973, "dmean": 0.013727851212, "max": 0.386401385069, "var": 0.00134308752604, "mean": 0.136414110661}, "spectral_energyband_high": {"dmean2": 0.00135969300754, "median": 0.00137078482658, "min": 6.45469927507e-11, "dvar2": 5.18912611369e-06, "dvar": 3.00808437714e-06, "dmean": 0.000929686764721, "max": 0.0229255575687, "var": 1.08516815089e-05, "mean": 0.00247010169551}, "spectral_entropy": {"dmean2": 0.158179089427, "median": 7.9515914917, "min": 6.64584875107, "dvar2": 0.0271010342985, "dvar": 0.0149806039408, "dmean": 0.108867429197, "max": 8.83994865417, "var": 0.101160764694, "mean": 7.9308590889}, "silence_rate_20dB": {"dmean2": 0, "median": 1, "min": 1, "dvar2": 0, "dvar": 0, "dmean": 0, "max": 1, "var": 0, "mean": 1}, "melbands_flatness_db": {"dmean2": 0.0414770431817, "median": 0.145174771547, "min": 0.0168743971735, "dvar2": 0.00203373399563, "dvar": 0.000737078720704, "dmean": 0.0250356569886, "max": 0.351943910122, "var": 0.00213392684236, "mean": 0.151515945792}, "barkbands": {"dmean2": [0.000460370647488, 0.0123081384227, 0.00392430834472, 0.0015843269648, 0.00522436900064, 0.00106508517638, 0.00193563860375, 0.00161022820976, 0.00194232724607, 0.00126378703862, 0.00048909871839, 0.000829621974844, 0.000846001843456, 0.000702144752722, 0.000822440255433, 0.000627624045592, 0.000608755100984, 0.000667761371005, 0.000439038907643, 0.00035540285171, 0.00033279377385, 0.00037467200309, 0.000440903706476, 0.000285433110548, 0.000191788305528, 3.39091238857e-05, 8.17404816189e-06], "median": [0.000101665711554, 0.00376147031784, 0.0030706205871, 0.00145692483056, 0.00129967182875, 0.000428330735303, 0.00062536454061, 0.000355728028808, 0.000495760585181, 0.000569715863094, 0.000294916215353, 0.000516177387908, 0.000471155741252, 0.000348365632817, 0.000530835532118, 0.000494358537253, 0.000603165361099, 0.000424291269155, 0.000519045512192, 0.000298262515571, 0.000319092301652, 0.000264265632723, 0.000209099700442, 0.000156391659402, 8.5518709966e-05, 2.56686544162e-05, 2.25802182285e-06], "min": [5.33934832112e-12, 6.9865510946e-12, 1.48239233388e-12, 2.6616913968e-12, 9.83676768512e-12, 1.07342502942e-11, 6.50631111487e-12, 2.38217887256e-12, 3.03535772905e-11, 2.85598992372e-11, 3.27147423734e-12, 1.55600220209e-11, 2.37584795587e-11, 1.21744099177e-11, 9.35223426479e-12, 3.96039590012e-11, 5.05909168724e-11, 6.03533065538e-12, 6.0599705809e-11, 1.34794717055e-10, 3.84450154003e-12, 5.32343613635e-12, 7.55539381059e-12, 1.09163442175e-11, 4.69109343385e-13, 1.03104504101e-12, 9.71884790528e-13], "dvar2": [4.73691812886e-07, 0.000548649171833, 4.52813146694e-05, 4.5227920964e-06, 0.000150028790813, 5.13483882969e-06, 1.61570224009e-05, 1.22133715195e-05, 1.97863028006e-05, 5.32491776539e-06, 8.23998220767e-07, 1.95369443645e-06, 3.17116882798e-06, 1.95243887902e-06, 2.10673806578e-06, 8.44705539293e-07, 5.52766778128e-07, 9.92713580672e-07, 2.8483836445e-07, 2.64599407274e-07, 2.28578414863e-07, 4.60783894596e-07, 8.78431478668e-07, 4.29269789493e-07, 2.65222723783e-07, 3.90144494489e-09, 4.42777842169e-10], "dvar": [2.36336205717e-