{"metadata": {"tags": {"albumartist": ["Various Artists"], "musicbrainz_artistid": ["bc3543e6-038e-427a-97c7-f4ce4361016b"], "tracknumber": ["14/17"], "genre": ["Blues"], "artist": ["Maurice John Vaughn"], "musicbrainz_albumid": ["a9c04052-ccb7-4c31-b363-5e0c63d0489a"], "artistsort": ["Vaughn, Maurice John"], "title": ["Watching Your Watch"], "asin": ["B0000009WT"], "musicbrainz_albumartistid": ["89ad4ac3-39f7-470e-963a-56509c546377"], "album": ["Genuine Houserockin' Music V"], "musicbrainz album type": ["compilation"], "script": ["Latn"], "albumartistsort": ["Various Artists"], "discnumber": ["1/1"], "date": ["1986"], "file_name": "Watching Your Watch - Maurice John Vaughn.mp3", "musicbrainz_recordingid": ["13756da1-2157-4b0b-ad44-85818fbe2a4b"], "musicbrainz album status": ["official"]}, "audio_properties": {"sample_rate": 44100, "downmix": "mix", "lossless": false, "analysis_sample_rate": 44100, "md5_encoded": "0ff9ebe1c7b5886d87b70849f9622a20", "equal_loudness": 0, "replay_gain": -5.45471763611, "codec": "mp3", "bit_rate": 128000, "length": 294.008148193}, "version": {"extractor": "music 1.0", "essentia_build_sha": "70f2e5ece6736b2c40cc944ad0e695b16b925413", "essentia_git_sha": "v2.1_beta2", "essentia": "2.1-beta2"}}, "rhythm": {"beats_loudness_band_ratio": {"dvar2": [0.0601590909064, 0.00870468933135, 0.0370654016733, 0.00721767963842, 0.00301026925445, 0.00088637630688], "var": [0.0224463380873, 0.00276445480995, 0.0103997243568, 0.00243250234053, 0.000888215203304, 0.000307875307044], "min": [0.0247771218419, 0.00225686095655, 0.00174872449134, 0.000287175062113, 0.000463745294837, 0.00218899757601], "dmean": [0.156880125403, 0.0577615648508, 0.0975046083331, 0.0413880348206, 0.024223100394, 0.0226542390883], "mean": [0.750759124756, 0.0687295719981, 0.0981625765562, 0.0427071861923, 0.0298511106521, 0.0284970663488], "max": [0.987661540508, 0.45647418499, 0.660260081291, 0.439015418291, 0.356725990772, 0.122898094356], "dmean2": [0.279012620449, 0.104565009475, 0.176748514175, 0.0745496153831, 0.0429263785481, 0.0436890237033], "median": [0.774726748466, 0.0584279149771, 0.0622288882732, 0.0270433109254, 0.0224432442337, 0.0260553136468], "dvar": [0.0193250197917, 0.00271478691138, 0.0118659744039, 0.00267749954946, 0.001056850655, 0.000275805243291]}, "bpm_histogram_first_peak_weight": {"dvar2": 0, "var": 0, "min": 0.59038901329, "dmean": 0, "mean": 0.59038901329, "max": 0.59038901329, "dmean2": 0, "median": 0.59038901329, "dvar": 0}, "bpm": 89.6828536987, "beats_count": 438, "bpm_histogram_first_peak_spread": {"dvar2": 0, "var": 0, "min": 0.402777791023, "dmean": 0, "mean": 0.402777791023, "max": 0.402777791023, "dmean2": 0, "median": 0.402777791023, "dvar": 0}, "danceability": 1.39157354832, "bpm_histogram_first_peak_bpm": {"dvar2": 0, "var": 0, "min": 89, "dmean": 0, "mean": 89, "max": 89, "dmean2": 0, "median": 89, "dvar": 0}, "beats_position": [0.650158703327, 1.34675729275, 2.06657600403, 2.80961441994, 3.56426286697, 4.3073015213, 5.0387301445, 5.73532867432, 6.40870714188, 7.0936961174, 7.77868461609, 8.45206356049, 9.12544155121, 9.79882049561, 10.47219944, 11.1455783844, 11.8189563751, 12.4923353195, 13.1657142639, 13.8390922546, 14.5008611679, 15.1626300812, 15.8360090256, 16.50938797, 17.1827659607, 17.8561439514, 18.5295238495, 19.1912918091, 19.853061676, 20.5264396667, 21.1998176575, 21.8731975555, 22.5349655151, 23.1967334747, 23.8701133728, 24.5318813324, 25.1936511993, 25.8786392212, 26.563627243, 27.2370071411, 27.9103851318, 28.5837631226, 29.2571430206, 29.9305210114, 30.6038990021, 31.2772789001, 31.9506568909, 32.6240348816, 33.2974128723, 33.9707946777, 34.6441726685, 35.3175506592, 35.9793205261, 36.6526985168, 37.3260765076, 37.9994544983, 38.672832489, 39.3578224182, 40.0312004089, 40.7045783997, 41.3779602051, 42.0629463196, 42.7479362488, 43.4213142395, 44.0946922302, 44.7680702209, 45.4414520264, 46.1148300171, 46.7882080078, 47.4615859985, 48.1349639893, 48.7967338562, 49.4585037231, 50.1318817139, 50.8052597046, 51.4786376953, 52.1404075623, 52.8021774292, 53.4755554199, 54.1489334106, 54.8223114014, 55.4956893921, 56.1690673828, 56.8308372498, 57.4926071167, 58.1659851074, 58.8393630981, 59.5127410889, 60.162902832, 60.8362808228, 61.5096588135, 62.1830368042, 62.8564147949, 63.5297966003, 64.2031707764, 64.8765487671, 65.5499343872, 66.2117004395, 66.8734664917, 67.5352401733, 68.1970062256, 68.8703842163, 69.543762207, 70.2287521362, 70.902130127, 71.5755081177, 72.2604980469, 72.9338760376, 73.6072540283, 74.280632019, 74.9540100098, 75.6273880005, 76.3007659912, 76.9741516113, 77.6359176636, 78.2976837158, 78.947845459, 79.6212234497, 80.2946014404, 80.9679794312, 81.6413574219, 82.3031311035, 82.9648971558, 83.6382751465, 84.3116531372, 84.9850311279, 85.6468048096, 86.3085708618, 86.9819488525, 87.6553268433, 88.3054885864, 88.9672546387, 89.6290206909, 90.3023986816, 90.9757843018, 91.637550354, 92.2993164062, 92.972694397, 93.6576843262, 94.3426742554, 95.0160522461, 95.6894302368, 96.3628082275, 97.0361862183, 97.709564209, 98.3829498291, 99.0563278198, 99.7297058105, 100.403083801, 101.064849854, 101.726615906, 102.388389587, 103.05015564, 103.72353363, 104.40852356, 105.093513489, 105.766891479, 106.44026947, 107.113647461, 107.787025452, 108.460403442, 109.133781433, 109.807167053, 110.480545044, 111.142311096, 111.804077148, 112.477455139, 113.139228821, 113.800994873, 114.474372864, 115.147750854, 115.821128845, 116.494506836, 117.179496765, 117.864486694, 118.537864685, 119.211242676, 119.884620667, 120.557998657, 121.231384277, 121.904762268, 122.56652832, 123.228294373, 123.901672363, 124.575057983, 125.248435974, 125.921813965, 126.595191956, 127.280181885, 127.965164185, 128.638549805, 129.311920166, 129.985305786, 130.658676147, 131.308837891, 131.970611572, 132.632385254, 133.282531738, 133.94430542, 134.606079102, 135.279449463, 135.952835083, 136.626205444, 137.299591064, 137.961364746, 138.623123169, 139.296508789, 139.96987915, 140.643264771, 141.316635132, 141.990020752, 142.663391113, 143.336776733, 143.998550415, 144.660308838, 145.333694458, 146.007064819, 146.668838501, 147.330612183, 148.003982544, 148.677368164, 149.339141846, 150.000900269, 150.674285889, 151.34765625, 152.02104187, 152.671203613, 153.344573975, 154.017959595, 154.691329956, 155.364715576, 156.038085938, 156.711471558, 157.384857178, 158.046615601, 158.720001221, 159.381759644, 160.055145264, 160.728515625, 161.390289307, 162.052062988, 162.71383667, 163.363983154, 164.025756836, 164.675918579, 165.34928894, 166.022674561, 166.696044922, 167.369430542, 168.042816162, 168.716186523, 169.401168823, 170.074554443, 170.759536743, 171.432922363, 172.106307983, 172.768066406, 173.429840088, 174.103210449, 174.776596069, 175.449981689, 176.123352051, 176.796737671, 177.470108032, 178.155105591, 178.828475952, 179.490249634, 180.163619995, 180.837005615, 181.510375977, 182.195373535, 182.857131958, 183.530517578, 184.203903198, 184.87727356, 185.55065918, 186.224029541, 186.897415161, 187.570785522, 188.244171143, 188.917541504, 189.590927124, 190.264297485, 190.937683105, 191.611068726, 192.284439087, 192.957824707, 193.631195068, 194.304580688, 194.97795105, 195.65133667, 196.313110352, 196.974868774, 197.636642456, 198.298416138, 198.971786499, 199.645172119, 200.306930542, 200.968704224, 201.642089844, 202.315460205, 202.988845825, 203.662216187, 204.335601807, 204.997360229, 205.659133911, 206.332519531, 206.994277954, 207.656051636, 208.306213379, 208.97958374, 209.641357422, 210.303131104, 210.964889526, 211.626663208, 212.300048828, 212.961807251, 213.623580933, 214.285354614, 214.947113037, 215.620498657, 216.28225708, 216.944030762, 217.605804443, 218.267562866, 218.940948486, 219.602722168, 220.264480591, 220.937866211, 221.599639893, 222.261398315, 222.934783936, 223.608154297, 224.281539917, 224.954910278, 225.61668396, 226.278457642, 226.951828003, 227.625213623, 228.286987305, 228.948745728, 229.610519409, 230.260681152, 230.922439575, 231.595825195, 232.257598877, 232.9193573, 233.59274292, 234.266113281, 234.939498901, 235.612869263, 236.286254883, 236.959625244, 237.621398926, 238.283172607, 238.956542969, 239.629928589, 240.30329895, 240.97668457, 241.65007019, 242.323440552, 242.996826172, 243.670196533, 244.331970215, 244.993743896, 245.655502319, 246.317276001, 246.990646362, 247.664031982, 248.325805664, 248.987564087, 249.649337769, 250.31111145, 250.972869873, 251.634643555, 252.284805298, 252.958175659, 253.619949341, 254.281723022, 254.955093384, 255.628479004, 256.290252686, 256.952026367, 257.625396729, 258.28717041, 258.948944092, 259.622314453, 260.284088135, 260.945831299, 261.60760498, 262.269378662, 262.931152344, 263.592926025, 264.266296387, 264.939666748, 265.60144043, 266.263214111, 266.924987793, 267.586761475, 268.260131836, 268.921905518, 269.583679199, 270.245422363, 270.907196045, 271.568969727, 272.230743408, 272.89251709, 273.554290771, 274.204437256, 274.866210938, 275.527984619, 276.189758301, 276.851501465, 277.513275146, 278.175048828, 278.83682251, 279.498596191, 280.160369873, 280.822113037, 281.483886719, 282.1456604, 282.807434082, 283.469207764, 284.130981445, 284.792724609, 285.454498291, 286.116271973, 286.778045654, 287.439819336, 288.101593018, 288.763336182, 289.425109863, 290.086883545, 290.748657227, 291.410430908, 292.07220459, 292.733947754, 293.395721436], "beats_loudness": {"dvar2": 0.00404585618526, "var": 0.00168814067729, "min": 3.86502449601e-07, "dmean": 0.0402927994728, "mean": 0.0858641043305, "max": 0.218363434076, "dmean2": 0.0747970491648, "median": 0.0834253132343, "dvar": 0.00122567510698}, "bpm_histogram_second_peak_weight": {"dvar2": 0, "var": 0, "min": 0.00915331766009, "dmean": 0, "mean": 0.00915331766009, "max": 0.00915331766009, "dmean2": 0, "median": 0.00915331766009, "dvar": 0}, "bpm_histogram_second_peak_spread": {"dvar2": 0, "var": 0, "min": 0.199999988079, "dmean": 0, "mean": 0.199999988079, "max": 0.199999988079, "dmean2": 0, "median": 0.199999988079, "dvar": 0}, "bpm_histogram_second_peak_bpm": {"dvar2": 0, "var": 0, "min": 81, "dmean": 0, "mean": 81, "max": 81, "dmean2": 0, "median": 81, "dvar": 0}, "onset_rate": 3.96568059921}, "lowlevel": {"spectral_energyband_high": {"dvar2": 3.86529734442e-07, "var": 5.31478065113e-07, "min": 7.21225803889e-21, "dmean": 0.000237501022639, "mean": 0.000459524977487, "max": 0.00656515732408, "dmean2": 0.000310550502036, "median": 0.00019236341177, "dvar": 2.21903249553e-07}, "spectral_energyband_middle_low": {"dvar2": 0.000248009280767, "var": 0.000162923315656, "min": 1.81841753523e-22, "dmean": 0.00451908167452, "mean": 0.00957195460796, "max": 0.139601498842, "dmean2": 0.00707670021802, "median": 0.00566257210448, "dvar": 9.59039025474e-05}, "spectral_energy": {"dvar2": 0.00201075640507, "var": 0.00118390552234, "min": 1.01486126963e-20, "dmean": 0.0135084921494, "mean": 0.0252158138901, "max": 0.323151946068, "dmean2": 0.0196144506335, "median": 0.0150263560936, "dvar": 0.000896881450899}, "spectral_spread": {"dvar2": 1264503357440.0, "var": 3991613210620.0, "min": 1812576.125, "dmean": 686654.1875, "mean": 5075641, "max": 41149560, "dmean2": 894644.375, "median": 4718810.5, "dvar": 760105467904}, "spectral_energyband_low": {"dvar2": 0.00158235593699, "var": 0.000670858775266, "min": 6.11933666785e-23, "dmean": 0.00979100260884, "mean": 0.0121037717909, "max": 0.26951789856, "dmean2": 0.0150676220655, "median": 0.00595454731956, "dvar": 0.000678522861563}, "spectral_rolloff": {"dvar2": 1413822.625, "var": 1412756.125, "min": 64.599609375, "dmean": 411.263122559, "mean": 1196.20703125, "max": 21059.4726562, "dmean2": 669.667236328, "median": 882.861328125, "dvar": 654199.625}, "barkbands": {"dvar2": [1.20937374959e-06, 0.00132124789525, 9.07899593585e-05, 1.08058047772e-05, 0.000137375158374, 2.29453689826e-06, 6.92643243383e-06, 3.13767850457e-05, 4.31963144365e-06, 2.24380710279e-06, 1.27269595396e-06, 1.57361853326e-06, 1.16951184737e-06, 1.60828517437e-06, 8.84230416887e-07, 2.98782396158e-07, 4.99616248817e-07, 2.06732764241e-07, 2.41720215399e-07, 6.15171842355e-08, 3.81669167382e-08, 2.63445194548e-08, 1.05877013823e-08, 1.00080175258e-08, 9.01369379136e-09, 2.68619988475e-08, 1.31512213091e-17], "var": [4.27754713428e-07, 0.000501718372107, 2.11132210097e-05, 3.02606667901e-06, 3.61023558071e-05, 2.24074619837e-06, 4.92308254252e-06, 6.55085750623e-05, 5.43860596736e-06, 1.98040288524e-06, 1.28269709876e-06, 2.16948569687e-06, 1.05447304577e-06, 1.90224625385e-06, 8.90923558927e-07, 4.82057885165e-07, 6.56097881802e-07, 2.43596076643e-07, 2.31486922075e-07, 5.49405179129e-08, 2.44070701427e-08, 3.61633532009e-08, 1.41723912606e-08, 1.05720419086e-08, 1.01647206208e-08, 1.47590206723e-08, 3.02390803529e-18], "min": [5.51658270326e-25, 9.16538200503e-24, 4.38996202818e-24, 6.99862643413e-24, 1.7732381459e-23, 2.29700029288e-23, 9.4946580689e-24, 2.11047239635e-23, 2.03881952924e-23, 2.36760807707e-23, 2.38732218441e-23, 1.52403272609e-23, 6.02648710822e-23, 3.87567993824e-23, 9.14694948112e-23, 9.33815737386e-23, 1.07693145079e-22, 7.31339818585e-23, 1.51843190833e-22, 1.64921898796e-22, 2.73423253961e-22, 4.69696668698e-22, 4.65112945076e-22, 7.51124121922e-22, 9.58273391565e-22, 1.43204977119e-21, 2.10834565259e-21], "dmean": [0.000275050726486, 0.00826307293028, 0.00191856944002, 0.000802700698841, 0.00215255701914, 0.000432404922321, 0.000647945096716, 0.00140866159927, 0.000513933133334, 0.00036000131513, 0.00023162245634, 0.000283431931166, 0.000218311397475, 0.000303601467749, 0.000261107838014, 0.00016219590907, 0.000210513535421, 0.000147432496306, 0.000144176476169, 6.85957420501e-05, 4.30345062341e-05, 5.04403797095e-05, 3.63574981748e-05, 3.50209520548e-05, 3.57023236575e-05, 5.2112598496e-05, 1.06370334763e-09], "mean": [0.000281935877865, 0.00894120056182, 0.00230830907822, 0.000944820058066, 0.00239758682437, 0.000752606953029, 0.000994844944216, 0.00309578096494, 0.000961195561104, 0.000640657613985, 0.000389799970435, 0.000504926196299, 0.000329281960148, 0.0005032713525, 0.000444323668489, 0.000303159467876, 0.000384981773095, 0.000259385007666, 0.000250168552157, 0.000124195721583, 6.66711639496e-05, 8.94914192031e-05, 6.77735442878e-05, 6.50361544103e-05, 5.84806330153e-05, 5.60000407859e-05, 8.79741224313e-10], "max": [0.00823114532977, 0.23706138134, 0.0624689944088, 0.0326650068164, 0.118546970189, 0.0383780933917, 0.0437273159623, 0.0863725244999, 0.0343587212265, 0.028746413067, 0.0312936864793, 0.0287292618304, 0.0208015646785, 0.0241548791528, 0.0159292761236, 0.0124810133129, 0.0254089403898, 0.00904793664813, 0.010547824204, 0.00338765140623, 0.00273217959329, 0.00210424652323, 0.00175638345536, 0.00243779667653, 0.00237880041823, 0.00214552297257, 2.58490491234e-08], "dmean2": [0.000454703345895, 0.0130716338754, 0.00339782657102, 0.00139973754995, 0.00367141747847, 0.000670628156513, 0.000991732929833, 0.00206703273579, 0.000762419891544, 0.00054359191563, 0.000343796098605, 0.000408963795053, 0.000329411996063, 0.000463873147964, 0.000393083406379, 0.000246529612923, 0.000314823788358, 0.000225986033911, 0.000215128413402, 0.000106735504232, 6.49850262562e-05, 6.98601943441e-05, 5.04578674736e-05, 4.63808792119e-05, 4.47667807748e-05, 7.51590850996e-05, 1.98433469656e-09], "median": [0.000108206440927, 0.00353053631261, 0.00143729988486, 0.000398529402446, 0.000968660169747, 0.000289781863103, 0.000331590941641, 0.000653337570839, 0.000190873572137, 0.000168886428582, 0.000115032569738, 0.000121772813145, 8.99182487046e-05, 0.000127357314341, 0.000134191446705, 9.84148646239e-05, 0.000135086942464, 0.000102319609141, 7.02797697159e-05, 3.30453221977e-05, 1.72018862941e-05, 1.82691674127e-05, 2.3152151698e-05, 2.6718216759e-05, 1.7250647943e-05, 5.6925437093e-06, 2.85565987523e-10], "dvar": [4.87220518153e-07, 0.000549583579414, 3.19091632264e-05, 3.85532212022e-06, 5.01477625221e-05, 1.07724986265e-06, 3.03891170006e-06, 1.56372316269e-05, 2.01049397219e-06, 9.52451273406e-07, 5.94585003455e-07, 7.94640357071e-07, 5.55505948796e-07, 7.60548289236e-07, 4.07076441888e-07, 1.38947967798e-07, 2.62937760453e-07, 9.49964586994e-08, 1.10827663491e-07, 2.57548276039e-08, 1.65191291757e-08, 1.44258942569e-08, 5.69284619445e-09, 5.09340747357e-09, 4.89196860798e-09, 1.20358221167e-08, 4.0560482872e-18]}, "melbands_skewness": {"dvar2": 2.03769612312, "var": 3.62137413025, "min": -1.17706215382, "dmean": 0.819474816322, "mean": 2.66238260269, "max": 21.1403656006, "dmean2": 1.18241930008, "median": 2.21133494377, "dvar": 1.0378882885}, "barkbands_skewness": {"dvar2": 1.12479138374, "var": 1.66796755791, "min": -2.67228507996, "dmean": 0.595037698746, "mean": 1.62388300896, "max": 11.8588590622, "dmean2": 0.860677301884, "median": 1.41628038883, "dvar": 0.542305111885}, "erbbands": {"dvar2": [1.38952994347, 68.0985641479, 153.155441284, 110.741981506, 515.25177002, 2810.49487305, 181.487930298, 227.793869019, 959.022766113, 5978.54443359, 10795.6591797, 2603.3737793, 3363.75927734, 1158.3157959, 1761.56762695, 2729.71118164, 1982.86120605, 3941.56616211, 2380.33154297, 1490.01379395, 464.05166626, 1556.16223145, 581.442810059, 656.912109375, 431.38973999, 119.647773743, 82.0049285889, 44.5133666992, 38.9922142029, 18.7061309814, 7.91686201096, 5.30677747726, 2.70590543747, 1.1605411768, 0.591859340668, 0.469579637051, 0.106844209135, 0.00081456603948, 2.52570202974e-07, 3.58927776389e-09], "var": [0.560452580452, 22.3167896271, 35.7217750549, 32.4018669128, 131.142929077, 742.008117676, 113.074645996, 207.720184326, 722.209594727, 8414.24511719, 25411.1328125, 3320.76855469, 3182.20654297, 752.896057129, 3130.14746094, 3554.67773438, 2141.67431641, 4164.33056641, 3231.57861328, 1589.22717285, 717.901428223, 2008.93688965, 791.687194824, 716.775817871, 362.809631348, 104.600242615, 47.649887085, 35.5398483276, 52.2015609741, 26.2296237946, 10.1306619644, 5.61941385269, 2.6950314045, 1.19850027561, 0.583844065666, 0.293873012066, 0.0533081516623, 0.000414602283854, 1.36252864991e-07, 2.4789503783e-09], "min": [3.01827244772e-22, 2.54767630088e-21, 8.2611117465e-21, 1.37707138141e-20, 2.07867741436e-20, 6.74617165208e-20, 9.17612908502e-20, 1.96745554931e-19, 1.70843518497e-19, 2.80935015399e-19, 7.42359858181e-19, 4.6072817576e-19, 7.84864792451e-19, 7.36664357772e-19, 1.21657454174e-18, 9.04544747294e-19, 3.1985089054e-18, 2.44774054949e-18, 3.33386460493e-18, 5.55868721717e-18, 5.31173492684e-18, 6.24906663207e-18, 5.23399152978e-18, 6.85989939618e-18, 1.16576077468e-17, 8.83700623038e-18, 9.8519262363e-18, 1.17495811319e-17, 1.67232791888e-17, 1.33080390368e-17, 1.43930535006e-17, 1.55617223942e-17, 1.0537704459e-17, 1.03422044572e-17, 6.75450086971e-18, 5.16382510714e-18, 2.71206197833e-18, 1.18771203882e-18, 2.61271820715e-19, 3.08759445426e-20], "dmean": [0.274018287659, 1.77818870544, 2.43413376808, 2.47860741615, 4.61713027954, 9.26062870026, 3.83785247803, 3.74420070648, 6.79028129578, 18.696893692, 27.9256439209, 12.6977567673, 13.6614093781, 7.13382053375, 9.48919963837, 11.5576591492, 9.28882312775, 14.6988210678, 13.097029686, 10.5891685486, 7.75701141357, 10.5138378143, 8.25681686401, 7.43205881119, 6.09364032745, 3.02164936066, 2.01749849319, 1.5764131546, 1.89385902882, 1.42422711849, 0.993611633778, 0.795144379139, 0.576780676842, 0.388943016529, 0.264709115028, 0.218810930848, 0.100564479828, 0.00891389138997, 0.000162353826454, 2.09431782423e-05], "mean": [0.295991748571, 1.84075391293, 2.85643529892, 3.20299983025, 5.13438129425, 9.38793849945, 5.90823554993, 6.30917024612, 11.0547361374, 35.8415184021, 62.9983024597, 25.1070976257, 25.2570152283, 13.1493339539, 17.8705787659, 21.1869792938, 15.7005548477, 25.4303512573, 24.0489635468, 20.8279476166, 16.3013401031, 19.6431713104, 15.8859214783, 13.9032239914, 10.4876623154, 5.5895242691, 3.28785514832, 2.55704474449, 3.31314706802, 2.59872055054, 1.84911370277, 1.45989751816, 1.03429222107, 0.661631643772, 0.408760070801, 0.255027472973, 0.102739043534, 0.00914962589741, 0.000178589121788, 3.7311194319e-05], "max": [7.14211559296, 52.067276001, 79.9426574707, 114.085227966, 229.524093628, 540.646911621, 148.324752808, 410.560211182, 778.514465332, 1368.94995117, 2374.74047852, 1054.328125, 1319.49194336, 1084.1114502, 1476.16516113, 1475.04162598, 869.352172852, 1455.84106445, 1024.55651855, 934.174682617, 382.233734131, 1751.16259766, 517.787841797, 765.783508301, 214.871063232, 144.034317017, 138.732040405, 103.041976929, 99.3196792603, 87.9401473999, 32.8347587585, 52.0743484497, 45.8713111877, 23.3820495605, 27.6339187622, 13.4248142242, 3.49505186081, 0.243317261338, 0.00448239408433, 0.000412262452301], "dmean2": [0.431634306908, 2.88466095924, 4.29162979126, 4.25626802444, 7.97171449661, 15.9190406799, 6.21233987808, 5.82657766342, 10.4699792862, 27.823141098, 40.3618354797, 18.6094741821, 20.1047210693, 10.8068294525, 13.3746480942, 16.7610263824, 13.644323349, 22.485830307, 19.4632797241, 15.7824411392, 11.6265363693, 15.4345407486, 12.4831628799, 10.8274106979, 9.29180431366, 4.66184186935, 3.11864161491, 2.3113424778, 2.64186286926, 1.9884377718, 1.3776640892, 1.07921040058, 0.771428465843, 0.504945933819, 0.342416793108, 0.308499634266, 0.149292364717, 0.0133111942559, 0.000237860076595, 2.94025576295e-05], "median": [0.116782963276, 0.711130738258, 1.76231765747, 1.41056632996, 2.16913700104, 2.9205596447, 2.12491559982, 2.28704857826, 4.24260091782, 8.40996074677, 14.9469413757, 7.19377279282, 6.35303878784, 5.23862600327, 4.88187360764, 5.98220205307, 5.03701543808, 7.78791427612, 7.64716100693, 7.01331329346, 6.65372276306, 7.2948307991, 6.82408571243, 4.80945682526, 3.01899766922, 1.62403464317, 0.879553854465, 0.654342710972, 0.662567198277, 0.642668306828, 0.654884934425, 0.588282585144, 0.417708694935, 0.234064400196, 0.0998971536756, 0.035406306386, 0.00846079643816, 0.000673645874485, 2.65018406935e-05, 2.1134976123e-05], "dvar": [0.594304680824, 26.8434791565, 54.2696990967, 40.177772522, 184.012481689, 1033.87365723, 70.3412094116, 109.095237732, 446.338256836, 2879.1484375, 5528.31347656, 1207.12402344, 1470.24768066, 469.219085693, 963.337219238, 1308.61547852, 979.40411377, 1809.48266602, 1173.66320801, 657.680969238, 215.498901367, 853.491577148, 273.141967773, 311.891876221, 185.796569824, 49.4556732178, 33.8702659607, 20.8369750977, 21.0855865479, 10.2852087021, 4.20510816574, 2.67741703987, 1.35322403908, 0.594529032707, 0.311753749847, 0.21795283258, 0.0466667041183, 0.000356627017027, 1.12218479842e-07, 1.68195612993e-09]}, "silence_rate_30dB": {"dvar2": 0.115606479347, "var": 0.0416179448366, "min": 0, "dmean": 0.0522824190557, "mean": 0.956487417221, "max": 1, "dmean2": 0.104573100805, "median": 1, "dvar": 0.0495562329888}, "melbands_spread": {"dvar2": 125.176673889, "var": 219.97265625, "min": 0.628588914871, "dmean": 6.30800390244, "mean": 21.8324985504, "max": 162.756851196, "dmean2": 9.26428794861, "median": 18.3743972778, "dvar": 62.0212287903}, "melbands_crest": {"dvar2": 24.1698741913, "var": 26.1432170868, "min": 1.6972796917, "dmean": 3.24435901642, "mean": 14.0845708847, "max": 33.8707008362, "dmean2": 5.04819726944, "median": 13.2026948929, "dvar": 10.5832519531}, "zerocrossingrate": {"dvar2": 0.000218160799704, "var": 0.000930013193283, "min": 0.00439453125, "dmean": 0.0109371989965, "mean": 0.0566119737923, "max": 0.51513671875, "dmean2": 0.0126063022763, "median": 0.05126953125, "dvar": 0.000169927501702}, "barkbands_kurtosis": {"dvar2": 159.780563354, "var": 95.4955978394, "min": -1.91315317154, "dmean": 3.52195668221, "mean": 4.71317625046, "max": 181.973007202, "dmean2": 5.47669124603, "median": 2.17925977707, "dvar": 65.758140564}, "spectral_flux": {"dvar2": 0.00441730441526, "var": 0.00486895581707, "min": 6.7077440824e-11, "dmean": 0.0311786364764, "mean": 0.076950699091, "max": 0.49415114522, "dmean2": 0.0453527830541, "median": 0.0563028752804, "dvar": 0.00223714229651}, "barkbands_crest": {"dvar2": 17.4743061066, "var": 19.1728553772, "min": 2.74008321762, "dmean": 2.73378348351, "mean": 10.3306789398, "max": 25.5696048737, "dmean2": 4.25346660614, "median": 9.25748825073, "dvar": 7.69558191299}, "barkbands_flatness_db": {"dvar2": 0.00102709571365, "var": 0.00163340498693, "min": 0.0245118457824, "dmean": 0.0211408752948, "mean": 0.147133871913, "max": 0.364004194736, "dmean2": 0.0313706025481, "median": 0.141232401133, "dvar": 0.000450409570476}, "spectral_entropy": {"dvar2": 0.0451306179166, "var": 0.156047254801, "min": 5.60964107513, "dmean": 0.163557901978, "mean": 7.5128364563, "max": 9.81371498108, "dmean2": 0.223568618298, "median": 7.51585865021, "dvar": 0.0257720313966}, "pitch_salience": {"dvar2": 0.0127461310476, "var": 0.0123083218932, "min": 0.103549137712, "dmean": 0.0739993527532, "mean": 0.51556956768, "max": 0.979916989803, "dmean2": 0.117454603314, "median": 0.522843658924, "dvar": 0.00518554449081}, "erbbands_spread": {"dvar2": 157.309066772, "var": 350.811309814, "min": 3.4330201149, "dmean": 7.78231430054, "mean": 37.4062080383, "max": 157.684158325, "dmean2": 11.2827138901, "median": 33.5140953064, "dvar": 80.7098007202}, "dynamic_complexity": 4.71770477295, "spectral_contrast_valleys": {"dvar2": [0.363708019257, 0.252575010061, 0.25241035223, 0.22251753509, 0.268321782351, 0.208001434803], "var": [1.6411588192, 1.38164663315, 1.41555440426, 1.33594989777, 1.45355379581, 1.42210817337], "min": [-28.3975162506, -27.6755218506, -27.6766681671, -27.5633029938, -27.3724822998, -27.340473175], "dmean": [0.429068684578, 0.377061903477, 0.371654748917, 0.35190191865, 0.338576853275, 0.327387064695], "mean": [-7.19412374496, -7.03774738312, -7.85469913483, -8.09994888306, -8.2393951416, -10.3749666214], "max": [-4.56370639801, -4.67311763763, -5.18560791016, -5.69598436356, -5.61622619629, -7.83726978302], "dmean2": [0.656895279884, 0.597431004047, 0.571868538857, 0.516064465046, 0.475874334574, 0.393337786198], "median": [-6.90499401093, -6.86171627045, -7.71912479401, -7.96870040894, -8.12901306152, -10.2278146744], "dvar": [0.190586641431, 0.117567114532, 0.126172780991, 0.118815869093, 0.146645784378, 0.141729459167]}, "hfc": {"dvar2": 158.931488037, "var": 262.030548096, "min": 1.1347924064e-16, "dmean": 5.63525342941, "mean": 15.1422576904, "max": 129.225128174, "dmean2": 7.3366651535, "median": 9.84761142731, "dvar": 79.9452133179}, "spectral_kurtosis": {"dvar2": 7.56163597107, "var": 7.73286771774, "min": -1.24670243263, "dmean": 1.43959307671, "mean": 4.86073207855, "max": 41.9155540466, "dmean2": 2.32348513603, "median": 4.4495639801, "dvar": 2.85699439049}, "mfcc": {"mean": [-673.904541016, 122.896026611, 5.01012420654, 16.7509765625, 17.2577800751, 0.333264797926, -1.18844509125, 9.35084915161, 2.22440814972, 9.99656581879, 7.10394906998, 3.03160572052, 0.747240543365], "cov": [[9245.27148438, 305.730743408, -385.999420166, 99.4055938721, -132.255340576, -68.3009185791, -21.9280529022, 189.186584473, -25.926990509, 52.2829399109, 109.379524231, -66.486869812, -63.4321289062], [305.730743408, 873.133972168, -57.7119216919, -62.9817085266, 16.7777500153, -30.6086139679, 51.5276679993, 93.5796279907, -37.266078949, 12.5044326782, 52.2485771179, 33.6101646423, -31.3231487274], [-385.999420166, -57.7119216919, 566.191101074, -35.6937637329, -4.32647037506, 70.2566375732, 37.7422027588, 20.8482055664, 37.8301353455, -36.8226013184, 7.3030500412, 11.9346971512, -8.61969947815], [99.4055938721, -62.9817085266, -35.6937637329, 344.997467041, 120.765853882, 58.7363929749, 23.8571567535, -39.8506736755, 20.0102043152, 33.4322395325, -46.7119636536, -20.5265045166, 18.6268806458], [-132.255340576, 16.7777500153, -4.32647037506, 120.765853882, 255.62399292, 49.3756904602, 30.5979213715, -27.2567920685, 15.0217247009, 32.6209487915, -17.799539566, -5.78043365479, 10.2111854553], [-68.3009185791, -30.6086139679, 70.2566375732, 58.7363929749, 49.3756904602, 147.694610596, 37.1148948669, 3.6306746006, 29.0679721832, -0.694331645966, -6.19335651398, 5.67507791519, 4.00337028503], [-21.9280529022, 51.5276679993, 37.7422027588, 23.8571567535, 30.5979213715, 37.1148948669, 206.163513184, 33.2958030701, 41.6562614441, 22.7269001007, -20.8453350067, 20.8958244324, 11.4013395309], [189.186584473, 93.5796279907, 20.8482055664, -39.8506736755, -27.2567920685, 3.6306746006, 33.2958030701, 139.763534546, 8.60275554657, -16.0870513916, 38.8336868286, -2.18620300293, -6.94666004181], [-25.926990509, -37.266078949, 37.8301353455, 20.0102043152, 15.0217247009, 29.0679721832, 41.6562614441, 8.60275554657, 112.343101501, 38.798034668, -20.2865524292, 10.9868278503, 2.08140611649], [52.2829399109, 12.5044326782, -36.8226013184, 33.4322395325, 32.6209487915, -0.694331645966, 22.7269001007, -16.0870513916, 38.798034668, 104.897140503, 10.1206045151, 6.64715766907, 1.14552664757], [109.379524231, 52.2485771179, 7.3030500412, -46.7119636536, -17.799539566, -6.19335651398, -20.8453350067, 38.8336868286, -20.2865524292, 10.1206045151, 125.157318115, 29.2102603912, -5.13981199265], [-66.486869812, 33.6101646423, 11.9346971512, -20.5265045166, -5.78043365479, 5.67507791519, 20.8958244324, -2.18620300293, 10.9868278503, 6.64715766907, 29.2102603912, 89.0960235596, 28.6734046936], [-63.4321289062, -31.3231487274, -8.61969947815, 18.6268806458, 10.2111854553, 4.00337028503, 11.4013395309, -6.94666004181, 2.08140611649, 1.14552664757, -5.13981199265, 28.6734046936, 93.3989715576]], "icov": [[0.000119538635772, -2.56550756603e-05, 7.42642369005e-05, -8.50429278216e-05, 8.68207789608e-05, 1.32684572236e-05, 1.01481655292e-05, -0.000143733297591, -6.17032128503e-06, -4.99041270814e-05, -8.59668216435e-05, 8.68026327225e-05, 4.3775758968e-05], [-2.56550756603e-05, 0.00139852764551, 0.000108232758066, 0.000183518364793, -0.000334300828399, 0.000221979789785, -0.000282879773295, -0.000971856119577, 0.000783279887401, -0.000410981941968, 9.79224059847e-05, -0.000822638452519, 0.000659794197418], [7.42642369005e-05, 0.000108232758066, 0.00209375261329, 0.000243266025791, 2.44530947384e-05, -0.000836513529066, -0.000280659442069, -3.49235051544e-05, -0.000789569632616, 0.000979402801022, -0.000404707097914, -2.55213981291e-05, 0.000287441944238], [-8.50429278216e-05, 0.000183518364793, 0.000243266025791, 0.0040446408093, -0.00145479012281, -0.00123174383771, -8.70076255524e-05, 0.00048693138524, 0.000146123522427, -0.000830299686641, 0.000950175686739, 0.000737053051125, -0.000688771368004], [8.68207789608e-05, -0.000334300828399, 2.44530947384e-05, -0.00145479012281, 0.00515202386305, -0.00115516642109, -0.000385352177545, 0.00072015816113, 0.00013222497364, -0.00101576233283, -0.000140799747896, 0.000587420305237, -0.000352480215952], [1.32684572236e-05, 0.000221979789785, -0.000836513529066, -0.00123174383771, -0.00115516642109, 0.00866643711925, -0.000965645827819, -0.0001671496575, -0.00169587379787, 0.00137847929727, -0.000642350583803, -0.000404705817346, 0.000221955764573], [1.01481655292e-05, -0.000282879773295, -0.000280659442069, -8.70076255524e-05, -0.000385352177545, -0.000965645827819, 0.00626460509375, -0.00206755823456, -0.00082195707364, -0.00138388143387, 0.00204965448938, -0.00173866818659, -0.00024965783814], [-0.000143733297591, -0.000971856119577, -3.49235051544e-05, 0.00048693138524, 0.00072015816113, -0.0001671496575, -0.00206755823456, 0.0104449698702, -0.00256845075637, 0.00302050728351, -0.00412172311917, 0.00282331765629, -0.000639589037746], [-6.17032128503e-06, 0.000783279887401, -0.000789569632616, 0.000146123522427, 0.00013222497364, -0.00169587379787, -0.00082195707364, -0.00256845075637, 0.0132015300915, -0.0057601002045, 0.00362001499161, -0.00258700875565, 0.000893898133654], [-4.99041270814e-05, -0.000410981941968, 0.000979402801022, -0.000830299686641, -0.00101576233283, 0.00137847929727, -0.00138388143387, 0.00302050728351, -0.0057601002045, 0.013728053309, -0.00365469302051, 0.000922857492696, 5.3613766795e-06], [-8.59668216435e-05, 9.79224059847e-05, -0.000404707097914, 0.000950175686739, -0.000140799747896, -0.000642350583803, 0.00204965448938, -0.00412172311917, 0.00362001499161, -0.00365469302051, 0.012065785937, -0.00495241908357, 0.00138230237644], [8.68026327225e-05, -0.000822638452519, -2.55213981291e-05, 0.000737053051125, 0.000587420305237, -0.000404705817346, -0.00173866818659, 0.00282331765629, -0.00258700875565, 0.000922857492696, -0.00495241908357, 0.0158198159188, -0.00507380208001], [4.3775758968e-05, 0.000659794197418, 0.000287441944238, -0.000688771368004, -0.000352480215952, 0.000221955764573, -0.00024965783814, -0.000639589037746, 0.000893898133654, 5.3613766795e-06, 0.00138230237644, -0.00507380208001, 0.0127473166212]]}, "silence_rate_20dB": {"dvar2": 0, "var": 0, "min": 1, "dmean": 0, "mean": 1, "max": 1, "dmean2": 0, "median": 1, "dvar": 0}, "melbands_kurtosis": {"dvar2": 916.044128418, "var": 808.772033691, "min": -1.71533989906, "dmean": 8.88954639435, "mean": 15.0458784103, "max": 824.086547852, "dmean2": 13.4574766159, "median": 6.78889369965, "dvar": 414.190643311}, "barkbands_spread": {"dvar2": 91.2234191895, "var": 144.005279541, "min": 1.13357973099, "dmean": 5.71272325516, "mean": 22.1121444702, "max": 113.800086975, "dmean2": 8.47308921814, "median": 19.6407432556, "dvar": 44.5080604553}, "erbbands_skewness": {"dvar2": 0.226552680135, "var": 0.627907156944, "min": -3.54719853401, "dmean": 0.340962350368, "mean": 0.382109493017, "max": 4.72928619385, "dmean2": 0.51151317358, "median": 0.398768872023, "dvar": 0.102949559689}, "average_loudness": 0.836964309216, "spectral_centroid": {"dvar2": 125958.320312, "var": 362701.0625, "min": 178.83732605, "dmean": 225.507110596, "mean": 1262.19274902, "max": 11284.6484375, "dmean2": 333.195587158, "median": 1139.51586914, "dvar": 63082.0546875}, "dissonance": {"dvar2": 0.00100520986598, "var": 0.000943948631175, "min": 0.206399142742, "dmean": 0.0200440622866, "mean": 0.458127260208, "max": 0.500000178814, "dmean2": 0.0336419418454, "median": 0.465404301882, "dvar": 0.000374101276975}, "erbbands_flatness_db": {"dvar2": 0.000556643411983, "var": 0.00196273019537, "min": 0.0461826063693, "dmean": 0.0183134581894, "mean": 0.14704862237, "max": 0.332774072886, "dmean2": 0.0242307372391, "median": 0.146595731378, "dvar": 0.000338985119015}, "spectral_strongpeak": {"dvar2": 1.5388456583, "var": 1.50609600544, "min": 0, "dmean": 0.445004969835, "mean": 0.784973144531, "max": 15.1373319626, "dmean2": 0.743132889271, "median": 0.258487731218, "dvar": 0.66835308075}, "spectral_rms": {"dvar2": 5.21058336744e-06, "var": 6.58787530483e-06, "min": 3.14659908372e-12, "dmean": 0.00102037470788, "mean": 0.00424416828901, "max": 0.0177558492869, "dmean2": 0.00137324957177, "median": 0.00382881960832, "dvar": 2.67453606284e-06}, "silence_rate_60dB": {"dvar2": 0.0772343948483, "var": 0.0990766510367, "min": 0, "dmean": 0.0350655503571, "mean": 0.111505962908, "max": 1, "dmean2": 0.0701366364956, "median": 0, "dvar": 0.0338325537741}, "melbands": {"dvar2": [0.000106240520836, 5.82201100769e-05, 3.55487441084e-06, 9.17887427931e-06, 5.6005234228e-07, 1.12371829175e-07, 2.08145536362e-07, 9.51427409746e-07, 5.65622485738e-07, 9.94252431497e-08, 8.30729760537e-08, 1.84886435051e-08, 1.92201117244e-08, 2.07702761656e-08, 1.58954147622e-08, 1.20230172485e-08, 1.7624969928e-08, 8.8635969675e-09, 4.75331507488e-09, 2.57832111217e-09, 7.14746761776e-10, 1.99305416615e-09, 1.31340505138e-09, 5.17616893791e-10, 5.69469194023e-10, 3.89068416373e-10, 1.46969894588e-10, 4.87854687203e-11, 3.67110890298e-11, 2.53115740173e-11, 1.42109796153e-11, 1.42972543526e-11, 1.20737725373e-11, 5.56068038837e-12, 3.32437246134e-12, 2.31631510847e-12, 2.31873049407e-12, 1.4523781483e-12, 1.58074421608e-12, 7.93714865967e-13], "var": [4.21487820859e-05, 1.66060435731e-05, 1.01271632502e-06, 2.35520269598e-06, 2.22202700684e-07, 1.07712793351e-07, 1.66820939285e-07, 1.58565296715e-06, 1.30749526761e-06, 1.27988258214e-07, 7.79569901965e-08, 1.20030918538e-08, 2.57274948012e-08, 3.18031716517e-08, 1.45228478132e-08, 1.10838778156e-08, 1.8817466696e-08, 1.12295701626e-08, 5.21899901074e-09, 4.20072643337e-09, 8.27915125345e-10, 2.44911757541e-09, 1.67147762298e-09, 5.42561662265e-10, 5.53915746604e-10, 3.22055881963e-10, 1.39769834595e-10, 4.54873118338e-11, 2.0112135915e-11, 1.51734475679e-11, 1.14466726028e-11, 1.71947074634e-11, 1.51640575097e-11, 7.05849311292e-12, 3.92881907563e-12, 2.35827546727e-12, 2.17575978935e-12, 1.3501505686e-12, 1.27665358753e-12, 7.6900253743e-13], "min": [2.7299332319e-24, 5.15950727971e-24, 3.47960668279e-24, 3.72845206648e-24, 3.21051518397e-24, 4.64551470172e-24, 2.71462380831e-24, 3.99183694552e-24, 5.30841108645e-24, 2.78469812531e-24, 3.61374616884e-24, 2.17128264642e-24, 4.4505607452e-24, 2.35940920902e-24, 4.08337636496e-24, 7.53371473045e-24, 4.06104568489e-24, 4.53353944609e-24, 7.02104664992e-24, 6.67681614987e-24, 5.20325237791e-24, 6.12059269218e-24, 5.22896687684e-24, 4.3442589772e-24, 5.09286352157e-24, 5.11214959298e-24, 5.61050221466e-24, 5.29163872032e-24, 5.1624059491e-24, 6.72470789543e-24, 6.57748830671e-24, 7.88765058621e-24, 7.6003782101e-24, 6.78483566249e-24, 7.04977144206e-24, 7.71896688113e-24, 7.79852665886e-24, 6.50443584259e-24, 8.03812028185e-24, 7.96847727456e-24], "dmean": [0.00237660715356, 0.00160545913968, 0.000451465719379, 0.000539464002941, 0.000179245820618, 8.60198560986e-05, 0.000110650893475, 0.000233505503275, 0.000209821751923, 7.63459393056e-05, 6.80693046888e-05, 2.83887911792e-05, 2.96854832413e-05, 3.46832712239e-05, 2.26340052905e-05, 2.33600949286e-05, 3.04850509565e-05, 2.260765541e-05, 1.85779535968e-05, 1.36765484058e-05, 9.32410875976e-06, 1.1640876437e-05, 1.03493093775e-05, 6.89122043696e-06, 6.33180707155e-06, 5.40838027518e-06, 3.30437933371e-06, 1.90874720829e-06, 1.38235736813e-06, 1.09820484795e-06, 9.06665604816e-07, 1.09952452476e-06, 1.05218350654e-06, 7.65063816743e-07, 6.18735782609e-07, 5.03274350194e-07, 5.22587981777e-07, 4.13468228544e-07, 4.18213033981e-07, 3.09293142209e-07], "mean": [0.00257426733151, 0.0018465523608, 0.00058567308588, 0.000558503728826, 0.000246750772931, 0.000145565689309, 0.000179768976523, 0.000469182035886, 0.000469349499326, 0.000139692012453, 0.00012159783364, 4.88619152748e-05, 5.23934540979e-05, 6.42200393486e-05, 3.63678227586e-05, 3.5754754208e-05, 4.98118206451e-05, 3.82030448236e-05, 3.2248772186e-05, 2.63142792392e-05, 1.7775921151e-05, 2.05590113183e-05, 1.84607142728e-05, 1.19863207146e-05, 1.12612024168e-05, 8.73975568538e-06, 5.65054688195e-06, 3.32878994413e-06, 2.14835085899e-06, 1.63879644788e-06, 1.39625615247e-06, 1.83886186278e-06, 1.79595122063e-06, 1.34145102493e-06, 1.09254938252e-06, 9.10870255666e-07, 8.91601246167e-07, 7.22120717001e-07, 6.64599326683e-07, 5.21001936704e-07], "max": [0.0667387545109, 0.0538621917367, 0.0158421248198, 0.0307069271803, 0.00684422673658, 0.00878819543868, 0.0103744156659, 0.0167980566621, 0.0184912662953, 0.00683134654537, 0.00637528905645, 0.00432307180017, 0.00460233306512, 0.00350791937672, 0.00303458515555, 0.00286882952787, 0.00286077498458, 0.0021679638885, 0.00146098458208, 0.00116705987602, 0.00044546238496, 0.00223505799659, 0.00101348385215, 0.000463974400191, 0.00079568073852, 0.000290775875328, 0.00019419331511, 0.000104137478047, 7.20463140169e-05, 7.4111034337e-05, 6.1254373577e-05, 5.96792342549e-05, 5.24032657268e-05, 5.67877286812e-05, 2.50144730671e-05, 2.78143597825e-05, 2.96849229926e-05, 2.99505645671e-05, 3.38977697538e-05, 2.05495725822e-05], "dmean2": [0.00373745220713, 0.00268894759938, 0.000776689150371, 0.000925399188418, 0.000297640595818, 0.000133305016789, 0.000169417035067, 0.00034396580304, 0.000302670814563, 0.000112384783279, 0.000100542158179, 4.3398620619e-05, 4.28962339356e-05, 4.87650395371e-05, 3.34958931489e-05, 3.51068047166e-05, 4.67835416202e-05, 3.3887663