{"tonal": {"thpcp": [1, 0.799542069435, 0.434154689312, 0.350559681654, 0.262662649155, 0.222997367382, 0.257986068726, 0.247699931264, 0.286378890276, 0.3751501441, 0.320823401213, 0.269436359406, 0.29227232933, 0.249924585223, 0.325874686241, 0.559152185917, 0.513880074024, 0.323458939791, 0.280778646469, 0.261442482471, 0.445569336414, 0.723275303841, 0.603637456894, 0.520892441273, 0.591637849808, 0.388841927052, 0.231425896287, 0.221494078636, 0.245890334249, 0.375672399998, 0.466851174831, 0.360113114119, 0.277902394533, 0.313944369555, 0.371984750032, 0.64611107111], "hpcp": {"dmean2": [0.203988999128, 0.182297348976, 0.175026133657, 0.20185033977, 0.237349808216, 0.283467262983, 0.309893488884, 0.300637245178, 0.229828730226, 0.159239768982, 0.130894050002, 0.114457428455, 0.124019555748, 0.119492739439, 0.12721927464, 0.142682179809, 0.144676491618, 0.13826289773, 0.142471656203, 0.126758053899, 0.1536590904, 0.178712412715, 0.180872559547, 0.176102101803, 0.152858257294, 0.159926190972, 0.219692781568, 0.240016072989, 0.240449294448, 0.230265423656, 0.21661028266, 0.185059383512, 0.135212868452, 0.12290545553, 0.140139847994, 0.18987223506], "median": [0.0232247300446, 0.0175040215254, 0.0084838187322, 0.008216843009, 0.0102797523141, 0.0827295705676, 0.15372377634, 0.102436572313, 0.0250103473663, 0.00861374847591, 0.00575165078044, 0.00683447672054, 0.00932225212455, 0.0095684863627, 0.0119268987328, 0.0148549638689, 0.0129533912987, 0.0127020543441, 0.0127083528787, 0.0116307791322, 0.0180488675833, 0.0229573696852, 0.0223062355071, 0.0135415904224, 0.00756021123379, 0.00706601142883, 0.0394438691437, 0.0595645383, 0.0559562370181, 0.042674228549, 0.0277599282563, 0.017420373857, 0.00739397248253, 0.00659063830972, 0.00708092469722, 0.017649076879], "min": [5.2625199487e-07, 2.59530952462e-06, 1.2891937331e-06, 0, 8.81546895926e-07, 3.53243399331e-06, 3.05377579934e-06, 6.580594345e-06, 1.75611421582e-06, 9.86746272247e-07, 2.75161028185e-07, 4.85986220156e-06, 3.48588332599e-06, 3.5687860418e-06, 4.57767646367e-06, 2.48886863119e-07, 2.00787644644e-06, 1.07658763682e-06, 3.08781022795e-06, 3.87392265111e-06, 1.7058391677e-07, 6.29840485544e-07, 5.77502532906e-06, 6.8054185931e-07, 2.41969587478e-07, 5.92538675903e-08, 6.72623036735e-06, 1.0534698049e-05, 7.03534078639e-06, 5.12841506861e-06, 6.22945321993e-07, 1.00781244328e-06, 8.45356112222e-07, 3.55362931259e-06, 4.01034185415e-06, 1.79486312391e-06], "dvar2": [0.106460496783, 0.0922001153231, 0.104232028127, 0.134143441916, 0.15390394628, 0.139200165868, 0.146598279476, 0.143469423056, 0.11627356708, 0.0883243456483, 0.0671491548419, 0.0630627572536, 0.0690437555313, 0.0625773742795, 0.0601193122566, 0.0660085901618, 0.0707721412182, 0.0688618868589, 0.0712055712938, 0.0598559528589, 0.0767886117101, 0.0890056565404, 0.086702644825, 0.0926903411746, 0.0875320360065, 0.0935039818287, 0.1086890921, 0.119479492307, 0.112660162151, 0.10893458873, 0.109843209386, 0.0892300009727, 0.0706880167127, 0.0649202167988, 0.0754666477442, 0.103981904685], "dvar": [0.0418255887926, 0.0347576253116, 0.037229437381, 0.0486654676497, 0.056907158345, 0.0521727614105, 0.061357922852, 0.0567292198539, 0.0433624871075, 0.0348262898624, 0.0249593798071, 0.0226723924279, 0.025033775717, 0.0228623170406, 0.0224220566452, 0.0262823104858, 0.0265108086169, 0.0246213916689, 0.0267054624856, 0.0215631499887, 0.0278756823391, 0.0379309467971, 0.0352183803916, 0.0332562215626, 0.0318522639573, 0.0336785465479, 0.0390327274799, 0.0490725189447, 0.0443265363574, 0.0406000949442, 0.0452687367797, 0.0334477797151, 0.0253858156502, 0.0233285240829, 0.027679277584, 0.0386433638632], "dmean": [0.118176296353, 0.103591948748, 0.0968657806516, 0.110577501357, 0.132051423192, 0.164470866323, 0.180938139558, 0.174018412828, 0.129084378481, 0.0910948589444, 0.0747365429997, 0.0643172711134, 0.0706245750189, 0.0681202858686, 0.0731259137392, 0.083001986146, 0.0825902372599, 0.0778000578284, 0.0809459835291, 0.0716937035322, 0.0877461358905, 0.105149812996, 0.104397594929, 0.0987003296614, 0.084247097373, 0.0885241106153, 0.123465120792, 0.138644993305, 0.137812361121, 0.132731765509, 0.124702394009, 0.105792723596, 0.0747301205993, 0.0679290220141, 0.0780016630888, 0.10722783953], "max": [1, 1, 1, 1, 1, 1, 1, 1, 1, 1, 1, 1, 1, 1, 1, 1, 1, 1, 1, 1, 1, 1, 1, 1, 1, 1, 1, 1, 1, 1, 1, 1, 1, 1, 1, 1], "var": [0.0703942701221, 0.0469135716558, 0.0405845530331, 0.0498447343707, 0.0591715797782, 0.0776660889387, 0.139896824956, 0.106083147228, 0.057157933712, 0.0587704926729, 0.0367566607893, 0.0308083295822, 0.0360966622829, 0.0342393405735, 0.0363627821207, 0.0565096773207, 0.0446601137519, 0.0345160067081, 0.0397198200226, 0.0298236981034, 0.0372647978365, 0.0964383110404, 0.0843883231282, 0.0416050814092, 0.0438488870859, 0.0372236184776, 0.0493856966496, 0.11332385242, 0.0805541053414, 0.0652260705829, 0.0980237796903, 0.048262797296, 0.0309784412384, 0.0308099091053, 0.0351013615727, 0.0507531426847], "mean": [0.157959342003, 0.12184446305, 0.0940284281969, 0.106223240495, 0.125861242414, 0.218612030149, 0.338350534439, 0.270525485277, 0.146896466613, 0.11861205101, 0.0888720527291, 0.0754512771964, 0.0872897207737, 0.0838094055653, 0.0968964546919, 0.126932248473, 0.108550772071, 0.0911639407277, 0.0988904982805, 0.0845621153712, 0.110259875655, 0.189189448953, 0.173871591687, 0.109442509711, 0.0950016006827, 0.0884592086077, 0.150758624077, 0.244720593095, 0.20424105227, 0.176244243979, 0.200180977583, 0.131564870477, 0.0783030763268, 0.0749426409602, 0.0831971243024, 0.127108961344]}, "tuning_equal_tempered_deviation": 0.0212765410542, "chords_changes_rate": 0.0662708580494, "key_key": "E", "tuning_diatonic_strength": 0.55798882246, "key_scale": "minor", "chords_number_rate": 0.00208600773476, "tuning_frequency": 441.527557373, "tuning_nontempered_energy_ratio": 0.730695545673, "chords_histogram": [20.9563541412, 13.1578950882, 11.2323493958, 6.30616188049, 1.70089864731, 1.62066757679, 0.0802310630679, 5.27920389175, 0.320924252272, 22.0956363678, 0.40115532279, 2.08600759506, 0.80231064558, 0.112323492765, 0.0160462129861, 0.0802310630679, 0.304878056049, 0.385109126568, 1.98973047733, 0.433247745037, 0.850449323654, 2.61553263664, 2.53530168533, 4.63735580444], "key_strength": 0.804241418839, "chords_key": "B", "chords_strength": {"dmean2": 0.0125772096217, "median": 0.510494172573, "min": 0.222236335278, "dvar2": 0.000163068703841, "dvar": 0.000107260551886, "dmean": 0.0117560178041, "max": 0.800343513489, "var": 0.0123240062967, "mean": 0.510780751705}, "chords_scale": "major", "hpcp_entropy": {"dmean2": 1.03768575191, "median": 1.91076827049, "min": 0.0418284311891, "dvar2": 0.744994461536, "dvar": 0.276688694954, "dmean": 0.618271708488, "max": 4.694668293, "var": 0.743353068829, "mean": 1.9694685936}}, "metadata": {"audio_properties": {"equal_loudness": 0, "codec": "mp3", "downmix": "mix", "sample_rate": 44100, "analysis_sample_rate": 44100, "bit_rate": 192000, "md5_encoded": "3df979ee4f490cb2e42f0720724b3460", "length": 289.35836792, "replay_gain": -7.92051315308, "lossless": false}, "version": {"essentia_build_sha": "2d9f1f26377add8aeb1075a9c2973f962c4f09fd", "essentia": "2.1-beta2", "extractor": "music 1.0", "essentia_git_sha": "v2.1_beta2-1-ge3940c0"}, "tags": {"title": ["All Die Unerh\u00f6rten Kl\u00e4nge"], "barcode": ["828767371825"], "media": ["(CD)"], "albumartist": ["Konstantin Wecker"], "length": ["289400"], "musicbrainz_recordingid": ["137a9699-be75-44a3-8fed-54b2d1893d6f"], "musicbrainz_albumartistid": ["4e1d5be7-6736-4af3-8ac8-619fabc57818"], "discnumber": ["01/02"], "originalartist": ["Konstantin Wecker"], "album": ["Am Flu\u00dfufer"], "musicbrainz album type": ["Album", "Live"], "musicbrainz album status": ["Official"], "file_name": "17. All die unerh\u00f6rten Kl\u00e4nge_4-49.mp3", "acoustid_fingerprint": ["AQADtIqSREoSJYmkJEC-w9Yh793g4zniB2kPPVtxHenBlCPAJylFNH2TCFWKC3nyIMvD4egvESHFJzAdYWZi4Zk-QUvqdchX_OhDFW4Spvhh8sFnPCmSJRnVxYiZZDme4ccPf7iyKrgjPE0oJMwffMiroJ-Ohsih5QsRKk2H09lQJjmafTiNZImTGeGeSRjl4JNyXJs446EDPyqSIxcariVK5gluHY2oo1KPi0WzPUXILmiqbICfh_CloxKZCpPS_Ggmp3jSCucF7YeWV_gRS4uLLxSDH9WF5seXXYj1NEh-oQ-s6McnVsG1H9uLnHCVGZK2xsH3CNt01FvQS0fjF7qO__D44UJuvBWa5MelHmWyHDfChxOSxdGInYePBz_xxOgRxgkr3Dz-wiPykXj5owldgvmCXyuu6EPJ6ERTaSGuHlG1Q6MupGmPM3gmNhocTz38qMQvYrvQJcfVPGi-iDKYN0MuHs1zwXeyQBGXRDnyC-cO_8GrI1_iCA0H8cizE81TfMGTo09MNHzwxwri5IGWHqUiIkf51EJzCfMTNEw0sNKSHlOeHXdiCk-eoQ9h5kjy9MjRF_1xKUM9GXkSQcp5hMnB_rh04unRaOLR58LzCx9CSkt-6NORnjn6jfiOl9LhUMxxKiyO7_C0HVfm453QJPNRdtmMn0N-JLOIhhJxniArpcGfonYOUwkqSXpEZI_x44e7HVdM4XlQrwuaYP_xSQkuZkHNw-Q43IeWH_lio-Xhbs3Qd0RuaD6ibXBIVPnBay2eHT2aPcOv4Iu14JFcZKG2I1l-HJcVXJwcjEKdNsH24obz4cgSJS9GobehMxNCdnjQNAlKiZmEN3Lg-MRz5LUSnEmhXWLQHPty4cJONJFQhY1xC-IV4znCVOiV48kUfMthn7icRrhFOLLwNImCi5nRH2aOa8f0B8mTI5eCPwr-48KVffjs4M-ROkmOC4eeBCxz9IFz3Eev4A9YHV_wp-iP20K0HF2Pf_iL48PRH36OMOyQNMelvPgjopmcDZZ2wetRmSQeAnt0nMdVnXjCJwmYXNYR6sPTKNBt5Dx85sFDHhcl6TiaZNmD0Fcm6Mdx_GIK6UmQK3ByFRfZBV-WY1ZKZUh-pA-e3LgfXBkqF1aJVkmOUB8UPfFx6cgzXA2yHtoZg8lZnDwGPfmQjjyeZjmaXOiV4MfHHvWoHX0YxO0DNc6HnAl8tXgeXLoQXZCWMMjx49In5HsQ5gNDbYhJH2MyNP2K90eYsyrC42wL7cbzEf_Q92gqKRzuJPgxH_TC43yQw3oQfceXBerxHCeDzwquJ1CepYh0oYlujNFInJkT4lGR1sd36Mev4A-R7-CmRR-aSkdl7Hh04nngD39OBLqS44mWqIiHU7hRp1KIfIZYGflRCR9JHPnxGap0IX2W4yTK_MGp7KiYXMgPnQiZo5mojMKTBKeOHw8X_FQQK5yh5Qhl6XiSBD_-4Bmt4VIu7BdcKgNzRchZFFeS0IbCpMsUnEf6XTjxD3-CE_dmTBeHhhU7gT--YM-D_mieBefxI24IOU2S4puOf_iHOs0OXUT64UmFasclEr-EvMWhSYelhUcsvqhzXDgvXD3CnYHTDdoV5BmJB7vxPD2uJHNAVTr-icGvqMN1Hc_QNEd0PAr2oBek6XgqB6uP9Df-BycXYnpyNJqOH7UmXBNRixLy60jeCgdH5egFJuPxLJOUBF_SdrgSIfbgh8ORky925UnQM0Yz0sLz4_thri4u7bB6JEd8GVcWNNeD8Mvhj_ihbyK0h0kRZqSPLye-G-eTYEzRnCj8HLmkQ09kItfBIw-eHD805YfTI2wWkcLxBP0RhsuCK3kOiTuRntnxrMexX8fF4HvxHC-a7EV3DU2VIbyQ1DmKMJzIHMmno5U_NBWPkxaqsxkOR0IrITkp5Md74pmOZuzQcwt60zgeDV8SoTKeHR6L88jxD80Zo4f-o1bQbGFCTOJ2NPqM-8M_hHmENtyIM5pRPM2IXpiZbUJ-aDkRUtXxJiUe6UHzoImXINchhE7RLKFivEL-FT7xq9BzOOqC58KhD0-MS9Jxon_hXyjVQ0-UGxeLUzWe4y2VwmcAPdi3g0kVIcwxf0G8B5cePMkDTSb8HH2i4cd36AriJB8cv3gWYheeFj-SSkGe8PgzhdgLH3dw6cg7JE9OTE8SToJHSziNPxXK8OAfBP0S7Il0_MWTM0UeOE4UfEFf_Di1DT-uG9eLXxXeXUP1Ga7yIPx06A8e5MQvnI8QfSh7aJl_PD-uSTk-XJSGPnKgSrCUhEcoMRnyEnpi5Ep3-F3xRPnxRdlRkimFZpfx5BKSH2FOB72OygqapFl2HNfg5cqQP4E-cI9iIVwJh0oo_EKeXAP7pKiPSE8e_Et0ONOF_lJQHz6BI8zSF9d0XDlUCnGOPtnwfHgiH75x3Ed4Rc6gu0GcRCcu_dgv4aB-_At-41ISx6i0MMOnKCacMTqaF3eCH9-LJnkj3No2PA-SWToi4T1845IXXPpRpSR6bD_CKyIZJMfxiCGuUbgfVDmaI_9wH09W9EQz3Qaf5MFFCn2Uo0mU45mJO2cwJVeIKj4-4cuCfQ_OJ3iW5KDORIee4sYX13ge_Az0C9UjNMkn4iOO-8GZ40mPQz--G02yo2K64mlUqBeuBI22GK1C_OB_uMpS8LSE98Rb4gOTokoeCl_EcMgexUuGG83woXl2_MKjJQ9iOTncLehzoel1sPnQnNpRnLnxKEzyQKN1-CiPk8eDPz3uPOAPYwx9CE8N8cePWBce6egU4_8AxwgQRFBGnCIAAIGFB4QAYohkCBrnADWAGagkAIRSIAQAzDFiAFGICAKQQwYBAwhAhgiCAAPCOCeoIUIRRBAgBDhlgBUKEeQAMEQD4wiBFDngCTFKAEaUEUAQYowgwAgCCAFCMWaAAEABQJAgjAgCmBJCIWSQMAAA6YgAAAAHAMNGAGmVYMQRLwAxSggBjAIKAAUAUMgoIAg3BjEAiGFcAAEIAIxCQBUhgCAhAFEEUAaEZAQQ5rR0AABAhARCIeygQpQQAIgSEBDxEWRCQAAEIRQgYBQxghhgABBEAGAEMIAwE4g1QhkgnCFCIAQYwESy4wghgBKgjBCkOMcAEQQQhYgFABAAiARGOk2SAAoAA4hCUBCDhEOCAWW0EIwAC4BQkDhDBBMAEUaA8YQSJARSBhABhDTOGOKAAYJJQZAkgglBMHHICMMIJIoRyARhBgiDjkFIGACAA4Q7howwSDGACGAACAY1UEAISolQBiELDCGGIKEAMsAghZBiBDHhiLEAMEUkUEQhARAFjChjoATIEUMAIEKRTAAgABABgEBECccEJ8QQABAABkAKBANEQaGIQIIJIwhjgBAFAFHiICAAUE5RBQwgCCgBgDDGCacUMQ4IA8JyxAAFDAMEIIAcUIoTyAAgABACBIAACGCMoYYAY4hoRggECACAEGcAoA5BBARCShEnBDIAAEmOJMYIRIRBQDGgAAAFEAEIQQQgAxECwAmmIHKAAOM8IFJCACgRSiBhAEGCcGaVIcYphAQQAgACDBBMKGQIFgYAhgABSUCJFBCAGEAgUcYCIYwnjBFqJBHGOSMAEAIAJbhAQCGtECFEOSgEcQARBMQgxBpEhANIMQQIkEAoQw0AgAgkGDkKGI-RQ4IJIQwiDiEABGDGEKAAAchBQ4ECEjljQDGIIEOUMUZQyQAUQhADEAEAOAoAccAoIBAQggAAhADCIEUEAMRAx4SChiAAhAE"], "date": ["2005"], "genre": ["Liedermacher"], "originalalbum": ["Am Flu\u00dfufer"], "musicbrainz_artistid": ["4e1d5be7-6736-4af3-8ac8-619fabc57818"], "originaldate": ["2005"], "musicbrainz_albumid": ["a4aec4e6-03fe-4c0f-a98f-f856f7c37b51"], "artist": ["Konstantin Wecker"], "artistsort": ["Konstantin Wecker"], "language": ["ger"], "tracknumber": ["17/32"], "musicbrainz album release country": ["DE"], "albumartistsort": ["Konstantin Wecker"], "acoustid_id": ["9e097d3a-b65d-4582-8ecb-03edbd443bfc"], "script": ["Latin"], "musicbrainz_releasegroupid": ["fe41c14f-d49c-4c5d-9fbc-aa1d2e189376"]}}, "rhythm": {"bpm_histogram_first_peak_bpm": {"dmean2": 0, "median": 133, "min": 133, "dvar2": 0, "dvar": 0, "dmean": 0, "max": 133, "var": 0, "mean": 133}, "bpm": 132.278549194, "bpm_histogram_second_peak_spread": {"dmean2": 0, "median": 0.117647066712, "min": 0.117647066712, "dvar2": 0, "dvar": 0, "dmean": 0, "max": 0.117647066712, "var": 0, "mean": 0.117647066712}, "bpm_histogram_first_peak_weight": {"dmean2": 0, "median": 0.341772139072, "min": 0.341772139072, "dvar2": 0, "dvar": 0, "dmean": 0, "max": 0.341772139072, "var": 0, "mean": 0.341772139072}, "onset_rate": 4.64788913727, "beats_position": [0.568888902664, 1.14938771725, 1.72988653183, 2.31038546562, 2.89088439941, 3.45977306366, 4.01705217361, 4.58594083786, 5.15482997894, 5.73532867432, 6.31582736969, 6.8963265419, 7.46521520615, 8.04571437836, 8.62621307373, 9.26476192474, 9.89170074463, 10.5534696579, 11.2036275864, 11.8886165619, 12.5619955063, 13.235373497, 13.9087524414, 14.5821313858, 15.2555103302, 15.9172782898, 16.7183666229, 17.5194549561, 18.3205432892, 19.1332416534, 19.8994998932, 20.6657600403, 21.43201828, 22.2098865509, 22.825214386, 23.4521541595, 24.0674819946, 24.6712017059, 25.2633094788, 25.8554191589, 26.4475269318, 27.0396366119, 27.6317462921, 28.2238540649, 28.711473465, 29.1874828339, 29.6751022339, 30.1278915405, 30.5922889709, 31.0334682465, 31.4862575531, 31.9390468597, 32.4034461975, 32.8562355042, 33.3206329346, 33.7966423035, 34.2726516724, 34.7370529175, 35.2014503479, 35.6542396545, 36.1070289612, 36.5598182678, 37.000995636, 37.3957366943, 37.790473938, 38.1968231201, 38.672832489, 39.1604537964, 39.6364631653, 40.1124725342, 40.4956016541, 40.8555107117, 41.2270278931, 41.5985488892, 41.9584579468, 42.3299751282, 42.678276062, 43.0265769958, 43.3864860535, 43.7347831726, 44.071472168, 44.4197731018, 44.7912902832, 45.139591217, 45.4762802124, 45.8129692078, 46.1612701416, 46.5095672607, 46.8578681946, 47.2177772522, 47.5776863098, 47.9492073059, 48.3091163635, 48.6690254211, 49.0405426025, 49.4120635986, 49.7719726563, 50.1318817139, 50.5033988953, 50.8516998291, 51.2000007629, 51.5482978821, 52.024307251, 52.4654884338, 52.8950538635, 53.3362350464, 53.789024353, 54.2534217834, 54.7062110901, 55.1706123352, 55.6234016418, 56.0761909485, 56.5405883789, 57.0049858093, 57.4693870544, 57.9337844849, 58.39818573, 58.8625831604, 59.3269844055, 59.7913818359, 60.2557830811, 60.7201805115, 61.1729698181, 61.6373672485, 62.1017684937, 62.5661659241, 63.0305671692, 63.4833564758, 63.9477539063, 64.4121551514, 64.8765487671, 65.3293380737, 65.7937393188, 66.258140564, 66.7109298706, 67.1753311157, 67.6397247314, 68.1041259766, 68.5685272217, 69.0329208374, 69.4973220825, 69.9617233276, 70.4261245728, 70.8905181885, 71.3549194336, 71.8193206787, 72.2837142944, 72.7481155396, 73.2125167847, 73.6769180298, 74.1413116455, 74.6057128906, 75.0585021973, 75.5112915039, 75.975692749, 76.4400863647, 76.9044876099, 77.368888855, 77.8332901001, 78.2976837158, 78.7620849609, 79.2148742676, 79.6792755127, 80.1320648193, 80.5964584351, 81.0608596802, 81.5252609253, 81.9896621704, 82.4540557861, 82.9184570313, 83.3828582764, 83.835647583, 84.2884368896, 84.7412261963, 85.1940155029, 85.6468048096, 86.0995864868, 86.5523757935, 87.0051651001, 87.4695663452, 87.9339675903, 88.3983688354, 88.8627624512, 89.3155517578, 89.7683410645, 90.2095184326, 90.6623077393, 91.1150970459, 91.579498291, 92.0438995361, 92.4966888428, 92.9610900879, 93.4138793945, 93.8666687012, 94.3194503784, 94.7838516235, 95.2250289917, 95.6662139893, 96.1190032959, 96.5833969116, 97.0361862183, 97.4889755249, 97.9301605225, 98.3829498291, 98.8473434448, 99.3001327515, 99.7529220581, 100.217323303, 100.681724548, 101.146118164, 101.622131348, 102.098136902, 102.550926208, 103.003715515, 103.444892883, 103.886077881, 104.304031372, 104.74521637, 105.198005676, 105.650794983, 106.115188599, 106.579589844, 107.03237915, 107.485168457, 107.949569702, 108.402359009, 108.855148315, 109.296325684, 109.737503052, 110.190292358, 110.643081665, 111.084259033, 111.525436401, 111.978225708, 112.431015015, 112.872200012, 113.31337738, 113.766166687, 114.218955994, 114.683357239, 115.159362793, 115.635368347, 116.099769592, 116.564170837, 117.016960144, 117.481361389, 117.945755005, 118.41015625, 118.862945557, 119.327346802, 119.791740417, 120.232925415, 120.674102783, 121.12689209, 121.579681396, 122.032470703, 122.48526001, 122.938049316, 123.390838623, 123.84362793, 124.296417236, 124.760810852, 125.213600159, 125.666389465, 126.13079071, 126.583580017, 127.036369324, 127.500770569, 127.965164185, 128.42956543, 128.882354736, 129.335144043, 129.799545288, 130.275558472, 130.751556396, 131.215957642, 131.680358887, 132.144760132, 132.609161377, 133.073562622, 133.537963867, 134.013961792, 134.489974976, 134.954376221, 135.418777466, 135.883178711, 136.335968018, 136.788757324, 137.241546631, 137.694335938, 138.158721924, 138.623123169, 139.087524414, 139.551925659, 140.004714966, 140.457504272, 140.921905518, 141.374694824, 141.827484131, 142.280273438, 142.733062744, 143.197463989, 143.661849976, 144.114639282, 144.567428589, 145.031829834, 145.496231079, 145.960632324, 146.413421631, 146.866210938, 147.330612183, 147.783401489, 148.236190796, 148.688980103, 149.141769409, 149.594558716, 150.058959961, 150.511749268, 150.964538574, 151.417327881, 151.870117188, 152.334503174, 152.78729248, 153.240081787, 153.692871094, 154.157272339, 154.621673584, 155.086074829, 155.550476074, 156.014877319, 156.479278564, 156.955276489, 157.431289673, 157.872467041, 158.290420532, 158.708389282, 159.14956665, 159.602355957, 160.066757202, 160.519546509, 160.960723877, 161.413513184, 161.86630249, 162.307479858, 162.760269165, 163.213058472, 163.677459717, 164.130249023, 164.58303833, 165.035827637, 165.488616943, 165.929794312, 166.37097168, 166.835372925, 167.29977417, 167.764175415, 168.228561401, 168.692962646, 169.157363892, 169.621765137, 170.086166382, 170.538955688, 170.991744995, 171.444534302, 171.897323608, 172.350112915, 172.802902222, 173.24407959, 173.685256958, 174.149658203, 174.590835571, 175.032012939, 175.473190308, 175.925979614, 176.367156982, 176.819946289, 177.261123657, 177.702316284, 178.155105591, 178.607894897, 179.060684204, 179.513473511, 179.966262817, 180.419036865, 180.871826172, 181.324615479, 181.777404785, 182.230194092, 182.682983398, 183.124176025, 183.565353394, 184.006530762, 184.459320068, 184.912109375, 185.364898682, 185.80607605, 186.258865356, 186.711654663, 187.152832031, 187.594009399, 188.035186768, 188.476364136, 188.929153442, 189.393554688, 189.846343994, 190.299133301, 190.751922607, 191.216323853, 191.657501221, 192.098678589, 192.551467896, 193.004257202, 193.44543457, 193.886611938, 194.339401245, 194.792190552, 195.244979858, 195.697769165, 196.150558472, 196.603347778, 197.056137085, 197.508926392, 197.95010376, 198.402893066, 198.855682373, 199.30847168, 199.761260986, 200.214050293, 200.6668396, 201.119628906, 201.572418213, 202.02520752, 202.477996826, 202.930786133, 203.383575439, 203.836364746, 204.289154053, 204.741943359, 205.194732666, 205.635910034, 206.077087402, 206.518280029, 206.959457397, 207.412246704, 207.865036011, 208.317825317, 208.770614624, 209.223403931, 209.676193237, 210.117370605, 210.558547974, 210.999725342, 211.44090271, 211.882080078, 212.323257446, 212.764434814, 213.194015503, 213.623580933, 214.053146362, 214.482711792, 214.92388916, 215.353469849, 215.783035278, 216.212600708, 216.642166138, 217.071746826, 217.501312256, 217.930877686, 218.360443115, 218.790023804, 219.219589233, 219.649154663, 220.078720093, 220.508300781, 220.937866211, 221.367431641, 221.79699707, 222.238174438, 222.667755127, 223.097320557, 223.526885986, 223.956451416, 224.374420166, 224.803985596, 225.233551025, 225.663131714, 226.092697144, 226.533874512, 226.97505188, 227.416229248, 227.857406616, 228.298583984, 228.751373291, 229.204162598, 229.645339966, 230.086532593, 230.539321899, 230.992111206, 231.444900513, 231.897689819, 232.338867188, 232.780044556, 233.232833862, 233.67401123, 234.115188599, 234.544754028, 234.985931396, 235.427108765, 235.868301392, 236.321090698, 236.773880005, 237.215057373, 237.656234741, 238.097412109, 238.538589478, 238.956542969, 239.386123657, 239.827301025, 240.268478394, 240.7212677, 241.162445068, 241.615234375, 242.068023682, 242.50920105, 242.961990356, 243.414779663, 243.86756897, 244.320358276, 244.761535645, 245.214324951, 245.667114258, 246.131515503, 246.58430481, 247.037094116, 247.489883423, 247.942672729, 248.395462036, 248.848251343, 249.289428711, 249.730606079, 250.183395386, 250.636184692, 251.077362061, 251.518539429, 251.959716797, 252.400909424, 252.842086792, 253.294876099, 253.747665405, 254.200454712, 254.64163208, 255.094421387, 255.547210693, 256, 256.452789307, 256.905578613, 257.35836792, 257.811157227, 258.252319336, 258.71673584, 259.169525146, 259.622314453, 260.063476563, 260.527893066, 260.980682373, 261.43347168, 261.874633789, 262.315826416, 262.756988525, 263.221405029, 263.685791016, 264.15020752, 264.591369629, 265.044158936, 265.496948242, 265.961364746, 266.414154053, 266.855316162, 267.296508789, 267.749298096, 268.202087402, 268.654876709, 269.107666016, 269.560455322, 270.013244629, 270.454406738, 270.837554932, 271.209075928, 271.580596924, 271.95211792, 272.312011719, 272.671936035, 273.043426514, 273.41494751, 273.786468506, 274.157989502, 274.529510498, 274.901031494, 275.27255249, 275.644073486, 276.003997803, 276.363891602, 276.723815918, 277.083709717, 277.432006836, 277.791931152, 278.151824951, 278.511749268, 278.871643066, 279.219940186, 279.579864502, 279.939758301, 280.299682617, 280.659576416, 281.007873535, 281.344573975, 281.692871094, 282.041168213, 282.470733643, 282.900299072, 283.32989502, 283.759460449, 284.189025879, 284.606964111, 285.036560059, 285.466125488, 285.895690918, 286.325256348, 286.754821777, 287.184387207, 287.613952637, 288.043518066, 288.473114014], "beats_loudness": {"dmean2": 0.0386149920523, "median": 0.0172325167805, "min": 1.63479908224e-05, "dvar2": 0.00150137883611, "dvar": 0.000523957656696, "dmean": 0.0212577842176, "max": 0.186670437455, "var": 0.000756317342166, "mean": 0.026179978624}, "danceability": 1.16037273407, "bpm_histogram_second_peak_weight": {"dmean2": 0, "median": 0.0712025314569, "min": 0.0712025314569, "dvar2": 0, "dvar": 0, "dmean": 0, "max": 0.0712025314569, "var": 0, "mean": 0.0712025314569}, "beats_count": 633, "bpm_histogram_second_peak_bpm": {"dmean2": 0, "median": 140, "min": 140, "dvar2": 0, "dvar": 0, "dmean": 0, "max": 140, "var": 0, "mean": 140}, "bpm_histogram_first_peak_spread": {"dmean2": 0, "median": 0.521064281464, "min": 0.521064281464, "dvar2": 0, "dvar": 0, "dmean": 0, "max": 0.521064281464, "var": 0, "mean": 0.521064281464}, "beats_loudness_band_ratio": {"dmean2": [0.535637021065, 0.28929027915, 0.323096245527, 0.154966756701, 0.130933910608, 0.0800365954638], "median": [0.37132075429, 0.151317372918, 0.114917345345, 0.0419113300741, 0.0263707228005, 0.00342435669154], "min": [0.000145837126183, 0.00195120077115, 0.000665588537231, 5.23188282386e-05, 1.29690906761e-05, 2.68899930234e-06], "dvar2": [0.170420467854, 0.0725459083915, 0.0849268436432, 0.0427444465458, 0.0311533752829, 0.0450874865055], "dvar": [0.0586218237877, 0.0261920168996, 0.0312187187374, 0.0158732272685, 0.0116169648245, 0.0154606364667], "dmean": [0.297706753016, 0.165406644344, 0.180552124977, 0.0871497616172, 0.0717027783394, 0.0417740419507], "max": [0.984413146973, 0.898385345936, 0.866824805737, 0.797699093819, 0.836892426014, 0.966973245144], "var": [0.0889192223549, 0.0379755347967, 0.0400675199926, 0.0239591449499, 0.0215799696743, 0.00874973461032], "mean": [0.403431653976, 0.214695230126, 0.194067329168, 0.112820282578, 0.0916220918298, 0.0297011062503]}}, "lowlevel": {"barkbands_spread": {"dmean2": 8.08031845093, "median": 9.5381565094, "min": 0.208685696125, "dvar2": 180.098129272, "dvar": 82.9924545288, "dmean": 5.17164134979, "max": 107.463409424, "var": 166.272659302, "mean": 12.826757431}, "melbands_spread": {"dmean2": 10.1235570908, "median": 10.0137748718, "min": 0.332699388266, "dvar2": 411.367279053, "dvar": 198.55116272, "dmean": 6.56955528259, "max": 268.173950195, "var": 405.713623047, "mean": 16.1332378387}, "hfc": {"dmean2": 6.54919719696, "median": 4.44160747528, "min": 7.94287043391e-05, "dvar2": 139.053924561, "dvar": 67.310546875, "dmean": 4.53561115265, "max": 238.967727661, "var": 218.621505737, "mean": 10.3290061951}, "barkbands_kurtosis": {"dmean2": 9.76703548431, "median": 4.01539564133, "min": -1.98674988747, "dvar2": 275.41394043, "dvar": 118.928794861, "dmean": 6.1875538826, "max": 252.460952759, "var": 289.694000244, "mean": 9.93620872498}, "gfcc": {"mean": [-115.259361267, 134.004058838, -106.495941162, 23.2375926971, -54.6626205444, 4.52925109863, -40.2202110291, 3.33303952217, -15.1562747955, -8.47193431854, -11.3666725159, -4.8690662384, -12.701177597], "icov": [[0.000166232537595, -0.000234799430473, 0.000285316404188, -0.00029029182042, 0.000204744617804, -0.000216399843339, 0.00018011276552, -0.000225226525799, 0.000126819126308, -0.000112643916509, 0.000296560436254, -0.000179332331754, 0.000378000637284], [-0.000234799430473, 0.00260429503396, -0.0013887808891, 0.00158111285418, -0.00163239822723, 0.00202596583404, -0.00164227117784, 0.00149946135934, -0.00216187722981, 0.00252146250568, -0.00298487115651, 0.00209915731102, -0.00171882717405], [0.000285316404188, -0.0013887808891, 0.00151737220585, -0.00136503705289, 0.00123136595357, -0.00127101293765, 0.000996054150164, -0.000938196317293, 0.00122681062203, -0.000903756648768, 0.00131619547028, -0.000694129383191, 0.000828526332043], [-0.00029029182042, 0.00158111285418, -0.00136503705289, 0.00289315939881, -0.00144759274554, 0.0012201386271, -0.000982792000286, 0.00077130534919, -0.00149590568617, 0.000872003671248, -0.00128712842707, 0.00115359236952, -0.00115464918781], [0.000204744617804, -0.00163239822723, 0.00123136595357, -0.00144759274554, 0.00338792218827, -0.00170876132324, 0.000416705239331, -0.000613514741417, 0.000247313902946, -0.00140120391734, 0.00180566264316, -0.000473655934911, 0.000801798014436], [-0.000216399843339, 0.00202596583404, -0.00127101293765, 0.0012201386271, -0.00170876132324, 0.00571574643254, -0.00266905408353, 0.00066792598227, -0.00101688003633, 0.000102435857116, -0.00123503280338, 0.000467028847197, -0.000545600254554], [0.00018011276552, -0.00164227117784, 0.000996054150164, -0.000982792000286, 0.000416705239331, -0.00266905408353, 0.00411504600197, -0.000571573735215, 0.00132834678516, -0.0013562454842, 0.000728680111933, -0.00054775265744, -0.000439532625023], [-0.000225226525799, 0.00149946135934, -0.000938196317293, 0.00077130534919, -0.000613514741417, 0.00066792598227, -0.000571573735215, 0.00585133349523, -0.00224183336832, 0.00176291074604, -0.00123575876933, -0.000132948916871, 0.000276272476185], [0.000126819126308, -0.00216187722981, 0.00122681062203, -0.00149590568617, 0.000247313902946, -0.00101688003633, 0.00132834678516, -0.00224183336832, 0.00846552383155, -0.00144599657506, 0.00137341080699, -0.000866991467774, 0.00105605239514], [-0.000112643916509, 0.00252146250568, -0.000903756648768, 0.000872003671248, -0.00140120391734, 0.000102435857116, -0.0013562454842, 0.00176291074604, -0.00144599657506, 0.00866516772658, -0.00297590275295, 0.00355750252493, -0.00166187738068], [0.000296560436254, -0.00298487115651, 0.00131619547028, -0.00128712842707, 0.00180566264316, -0.00123503280338, 0.000728680111933, -0.00123575876933, 0.00137341080699, -0.00297590275295, 0.0122053707018, -0.00288924202323, 0.00373376137577], [-0.000179332331754, 0.00209915731102, -0.000694129383191, 0.00115359236952, -0.000473655934911, 0.000467028847197, -0.00054775265744, -0.000132948916871, -0.000866991467774, 0.00355750252493, -0.00288924202323, 0.010368399322, -0.00318477768451], [0.000378000637284, -0.00171882717405, 0.000828526332043, -0.00115464918781, 0.000801798014436, -0.000545600254554, -0.000439532625023, 0.000276272476185, 0.00105605239514, -0.00166187738068, 0.00373376137577, -0.00318477768451, 0.0106518296525]], "cov": [[10073.6054688, -770.822631836, -1870.56152344, 284.331359863, -13.2158222198, -10.3670787811, -265.928497314, 294.962310791, 139.125076294, -66.8811416626, -76.190071106, 85.5656280518, -295.644104004], [-770.822631836, 2961.73193359, 624.934753418, -272.063873291, 484.099700928, -358.038635254, 421.053710938, -267.80682373, 294.822174072, -308.557739258, 277.250030518, -228.789520264, 153.753875732], [-1870.56152344, 624.934753418, 2095.88989258, 338.530822754, -236.144180298, -6.53570270538, -79.6607513428, 27.1121406555, -51.7546234131, -56.2376289368, 23.0372085571, -39.7518043518, 30.7423610687], [284.331359863, -272.063873291, 338.530822754, 687.781433105, 98.4055633545, 65.3762054443, 14.7275476456, 31.1033191681, 23.3891086578, 59.7952384949, -36.883934021, -18.638086319, 4.34050655365], [-13.2158222198, 484.099700928, -236.144180298, 98.4055633545, 644.068054199, 94.9770202637, 232.563446045, -68.5673217773, 104.600852966, 39.8154830933, 14.7556295395, -75.932975769, 43.3451576233], [-10.3670787811, -358.038635254, -6.53570270538, 65.3762054443, 94.9770202637, 374.337615967, 164.819244385, 11.9686431885, -34.5339927673, 109.892951965, -32.1478538513, 12.717880249, 4.34397554398], [-265.928497314, 421.053710938, -79.6607513428, 14.7275476456, 232.563446045, 164.819244385, 521.729309082, -78.8859710693, 23.6595573425, 48.6720275879, 36.8506851196, -47.6289825439, 77.7739944458], [294.962310791, -267.80682373, 27.1121406555, 31.1033191681, -68.5673217773, 11.9686431885, -78.8859710693, 248.479980469, 19.0922336578, -21.0555343628, -14.6448717117, 44.5318832397, -43.074546814], [139.125076294, 294.822174072, -51.7546234131, 23.3891086578, 104.600852966, -34.5339927673, 23.6595573425, 19.0922336578, 186.130981445, -24.7372169495, 25.1420021057, -23.923494339, 1.75741875172], [-66.8811416626, -308.557739258, -56.2376289368, 59.7952384949, 39.8154830933, 109.892951965, 48.6720275879, -21.0555343628, -24.7372169495, 212.501251221, -13.5748586655, -28.5583705902, 0.451777398586], [-76.190071106, 277.250030518, 23.0372085571, -36.883934021, 14.7556295395, -32.1478538513, 36.8506851196, -14.6448717117, 25.1420021057, -13.5748586655, 131.818267822, -8.26710796356, -12.4932432175], [85.5656280518, -228.789520264, -39.7518043518, -18.638086319, -75.932975769, 12.717880249, -47.6289825439, 44.5318832397, -23.923494339, -28.5583705902, -8.26710796356, 145.867034912, 8.79015541077], [-295.644104004, 153.753875732, 30.7423610687, 4.34050655365, 43.3451576233, 4.34397554398, 77.7739944458, -43.074546814, 1.75741875172, 0.451777398586, -12.4932432175, 8.79015541077, 135.451644897]]}, "spectral_energyband_middle_low": {"dmean2": 0.00678977975622, "median": 0.00398144777864, "min": 1.1601832689e-10, "dvar2": 0.000153735803906, "dvar": 7.21780597814e-05, "dmean": 0.00456268899143, "max": 0.186912462115, "var": 0.000253642821917, "mean": 0.0101970937103}, "melbands_crest": {"dmean2": 4.82373523712, "median": 14.9252147675, "min": 3.13575005531, "dvar2": 21.1704044342, "dvar": 8.63324356079, "dmean": 3.00427365303, "max": 32.634601593, "var": 32.8437538147, "mean": 15.2677650452}, "spectral_kurtosis": {"dmean2": 11.5556678772, "median": 8.91621208191, "min": -1.39134633541, "dvar2": 294.860656738, "dvar": 125.667137146, "dmean": 7.16855621338, "max": 253.142822266, "var": 335.213348389, "mean": 14.4648780823}, "spectral_rms": {"dmean2": 0.000995219219476, "median": 0.00342889409512, "min": 4.04535876442e-06, "dvar2": 1.48351500684e-06, "dvar": 7.87947271874e-07, "dmean": 0.000726311991457, "max": 0.0159118846059, "var": 5.74073192183e-06, "mean": 0.00371385039762}, "zerocrossingrate": {"dmean2": 0.0106200482696, "median": 0.02978515625, "min": 0.00341796875, "dvar2": 0.000285179208731, "dvar": 0.000257504027104, "dmean": 0.00921958964318, "max": 0.33935546875, "var": 0.00135727378074, "mean": 0.0403217747808}, "silence_rate_60dB": {"dmean2": 0.0979054644704, "median": 0, "min": 0, "dvar2": 0.102464847267, "dvar": 0.0465540923178, "dmean": 0.0489488057792, "max": 1, "var": 0.185508698225, "mean": 0.246008187532}, "erbbands_kurtosis": {"dmean2": 4.11660194397, "median": 1.4215503931, "min": -1.85058414936, "dvar2": 37.6173286438, "dvar": 16.9829139709, "dmean": 2.57853317261, "max": 115.472900391, "var": 32.5885810852, "mean": 3.06177949905}, "erbbands": {"dmean2": [0.0162487514317, 0.426507681608, 2.09100747108, 2.71850991249, 5.18825531006, 9.21669864655, 8.36297225952, 15.9484558105, 34.5812797546, 36.1853027344, 24.3439426422, 21.6800842285, 33.4155883789, 14.9181146622, 24.1055850983, 15.1957979202, 14.9505786896, 21.04255867, 21.3388977051, 15.5611114502, 8.8050661087, 11.4070835114, 8.36828708649, 5.38870334625, 2.5651705265, 1.47879636288, 1.70396792889, 1.77680766582, 1.2258797884, 1.27243685722, 1.16303181648, 1.02617895603, 0.498268067837, 0.226314857602, 0.07716396451, 0.0251255985349, 0.00524159660563, 0.000635675678495, 2.69347492576e-05, 1.1863015061e-05], "median": [0.00523543963209, 0.138381138444, 1.3667986393, 1.57603001595, 1.77582275867, 2.75215291977, 2.80833959579, 3.79017233849, 4.48802232742, 3.5393846035, 2.35314965248, 2.3666176796, 2.32018327713, 1.64041852951, 1.50957131386, 1.59444010258, 1.40980112553, 1.65045833588, 1.52581226826, 1.44370520115, 1.35186326504, 1.27246391773, 1.09437119961, 0.826100826263, 0.402538865805, 0.198668554425, 0.105235293508, 0.105028226972, 0.102210476995, 0.103167518973, 0.0637807697058, 0.0407124720514, 0.0240827985108, 0.0114664221182, 0.00399161828682, 0.00162354891654, 0.000361721671652, 3.92561814806e-05, 1.101869384e-05, 1.47191622091e-05], "min": [1.77774184262e-10, 3.92283788786e-10, 5.40985978237e-10, 6.01094285457e-09, 4.69774548151e-08, 8.11015397062e-08, 3.98920327882e-08, 8.61948308284e-08, 2.63008619328e-08, 7.60218696882e-08, 7.82780318787e-07, 1.26504517084e-06, 1.19417609312e-06, 1.58198531608e-06, 4.11327573602e-06, 3.32887757395e-05, 2.68690873781e-05, 1.36183407449e-05, 1.34635138238e-05, 1.34375795824e-05, 1.4529659893e-05, 1.56635851454e-05, 1.28870406115e-05, 1.50513214976e-05, 1.64863158716e-05, 2.13276689465e-05, 1.80226797966e-05, 1.50493206093e-05, 1.53454438987e-05, 1.24950438476e-05, 2.51766650763e-05, 1.5735067791e-05, 1.1180321053e-05, 7.89632758824e-06, 6.00935300099e-06, 3.32998888553e-06, 2.45348331873e-07, 2.86071433209e-08, 6.93288582099e-09, 4.10560835329e-10], "dvar2": [0.00151333177928, 0.928696990013, 24.1352119446, 44.0041427612, 172.304885864, 522.218383789, 405.660552979, 2205.82592773, 10543.7216797, 12404.8095703, 7911.03125, 9001.265625, 21397.3007813, 2131.90087891, 11083.1054688, 3275.6237793, 5108.08203125, 7553.33300781, 14506.4990234, 4433.10058594, 586.538696289, 1257.64172363, 607.656677246, 218.779037476, 68.2918930054, 42.3067588806, 55.1550750732, 86.7708129883, 37.8421707153, 52.167011261, 42.5997123718, 33.7826004028, 8.72728538513, 1.16839623451, 0.116584219038, 0.0108979688957, 0.000399994984036, 6.25634038443e-06, 1.68949103596e-08, 3.37949057627e-10], "dvar": [0.000784812145866, 0.501845896244, 13.753742218, 22.0262928009, 73.6626968384, 204.514541626, 186.029907227, 1019.54980469, 4855.69873047, 6089.80175781, 3759.06298828, 4491.19677734, 7509.35595703, 924.414489746, 5495.35205078, 1594.56152344, 2626.34814453, 4087.55761719, 7059.18847656, 2136.71655273, 278.266693115, 603.807189941, 357.942230225, 106.923828125, 29.7446746826, 19.2456760406, 27.2425403595, 43.85364151, 18.1274204254, 25.3280143738, 19.6275577545, 15.8752660751, 4.18052244186, 0.592343747616, 0.0588608086109, 0.0055097960867, 0.000204582276638, 3.01590489471e-06, 6.4334422234e-09, 1.61334487436e-10], "dmean": [0.0112674823031, 0.304734289646, 1.61992835999, 1.94922208786, 3.39717149734, 5.71728992462, 5.31904411316, 10.0116577148, 22.023021698, 23.8953113556, 16.5743904114, 14.5464248657, 19.1803035736, 9.4615240097, 16.5198383331, 9.79668235779, 10.0840711594, 14.5937671661, 13.5995378494, 10.1489944458, 5.73201274872, 7.75824451447, 6.02331209183, 3.67193198204, 1.68042159081, 0.969345390797, 1.14978206158, 1.184014678, 0.803430497646, 0.851609110832, 0.770632386208, 0.682537674904, 0.331035345793, 0.151488617063, 0.0520129129291, 0.0169305782765, 0.00347065203823, 0.000407352810726, 1.66631580214e-05, 8.38746927911e-06], "max": [0.591246783733, 15.4522380829, 109.173126221, 116.220481873, 199.575164795, 331.403625488, 414.431915283, 1540.12390137, 1858.41796875, 2281.20141602, 1786.6809082, 4867.1171875, 2827.27661133, 1019.39862061, 2234.24194336, 1551.8449707, 2409.65209961, 1783.33447266, 3074.91064453, 1676.8873291, 513.927612305, 792.261352539, 711.276428223, 311.809020996, 140.621292114, 290.411499023, 195.136871338, 281.212585449, 214.790344238, 196.673873901, 164.228668213, 129.97102356, 103.874847412, 25.8080291748, 9.50638580322, 2.75813674927, 0.553725421429, 0.0619298070669, 0.00380460149609, 0.000317645404721], "var": [0.00346908555366, 2.54212474823, 43.0977706909, 58.4222145081, 136.376846313, 480.628265381, 370.057098389, 1665.0567627, 9230.28515625, 18439.9707031, 8331.58789063, 9256.05175781, 5440.38574219, 1663.56799316, 9845.49414063, 3591.35083008, 4514.34472656, 8541.75878906, 9070.49316406, 3274.12158203, 605.733337402, 1517.85168457, 1206.65270996, 317.872131348, 52.7678871155, 24.8333282471, 38.8870429993, 61.5402603149, 25.845790863, 35.2140274048, 25.2169189453, 19.573381424, 5.14690256119, 0.863793611526, 0.0912091881037, 0.00862237811089, 0.000338241370628, 4.53729307992e-06, 5.93966786866e-09, 6.98932856036e-10], "mean": [0.0305300932378, 0.944743335247, 3.93701863289, 3.95838022232, 5.90635490417, 9.99377059937, 8.44528007507, 14.7628622055, 29.9653968811, 40.521396637, 25.2443122864, 21.1093578339, 20.2425098419, 13.7138214111, 23.5683479309, 13.9932947159, 14.4166097641, 22.4836845398, 17.3177127838, 14.3817930222, 9.28779888153, 12.5670909882, 10.8251056671, 6.54681110382, 2.6254594326, 1.27813887596, 1.41415405273, 1.39083373547, 1.00205159187, 1.05148327351, 0.906012892723, 0.747832119465, 0.364038437605, 0.173655822873, 0.0598679333925, 0.0198801606894, 0.00413811393082, 0.000483811803861, 2.46777581197e-05, 2.3641046937e-05]}, "spectral_strongpeak": {"dmean2": 0.698544561863, "median": 0.443886339664, "min": 0, "dvar2": 2.12075352669, "dvar": 0.952311336994, "dmean": 0.438405334949, "max": 19.5548973083, "var": 1.6999951601, "mean": 0.86426949501}, "spectral_energy": {"dmean2": 0.0099008474499, "median": 0.0120512479916, "min": 1.6774050593e-08, "dvar2": 0.000239078784944, "dvar": 0.000119781507237, "dmean": 0.00711293425411, "max": 0.259517788887, "var": 0.000524738512468, "mean": 0.0200217068195}, "average_loudness": 0.281450480223, "spectral_rolloff": {"dmean2": 658.811523438, "median": 559.86328125, "min": 107.666015625, "dvar2": 2398290.25, "dvar": 1104502.875, "dmean": 383.613861084, "max": 13027.5878906, "var": 1801475.375, "mean": 1041.02380371}, "spectral_centroid": {"dmean2": 332.661437988, "median": 666.500915527, "min": 120.167251587, "dvar2": 250964.25, "dvar": 134139.015625, "dmean": 224.80847168, "max": 6586.20410156, "var": 483063.75, "mean": 890.365539551}, "pitch_salience": {"dmean2": 0.11654868722, "median": 0.519035160542, "min": 0.080923140049, "dvar2": 0.0119381984696, "dvar": 0.00485402392223, "dmean": 0.0722471252084, "max": 0.871389329433, "var": 0.0222728922963, "mean": 0.524074137211}, "spectral_energyband_middle_high": {"dmean2": 0.00244590407237, "median": 0.000620817299932, "min": 9.78685310571