{"metadata": {"tags": {"album": ["Shapplin, Emma - Carmine Meo"], "genre": ["Classical"], "artist": ["Shapplin, Emma"], "date": ["1997"], "tracknumber": ["11"], "title": ["Miserere, venere..."], "file_name": "1498690.mp3", "musicbrainz_recordingid": ["137ac3d4-51d2-464f-af3c-0cc39a77a3b2"], "length": ["234160"]}, "audio_properties": {"sample_rate": 44100, "downmix": "mix", "lossless": false, "analysis_sample_rate": 44100, "md5_encoded": "27cd071ba7df34d4f305e326f1bb1656", "equal_loudness": 0, "replay_gain": -12.9649829865, "codec": "mp3", "bit_rate": 319761, "length": 234.213882446}, "version": {"extractor": "music 1.0", "essentia_build_sha": "70f2e5ece6736b2c40cc944ad0e695b16b925413", "essentia_git_sha": "v2.1_beta2", "essentia": "2.1-beta2"}}, "rhythm": {"beats_loudness_band_ratio": {"dvar2": [0.0363203547895, 0.0427850224078, 0.0637715607882, 0.0236122105271, 0.0105601344258, 0.00232606381178], "var": [0.0406037904322, 0.043386336416, 0.0733552724123, 0.0167556889355, 0.00348523003049, 0.000514288898557], "min": [0.000704198202584, 0.0018971809186, 0.00618810905144, 0.00180619745515, 6.37801131234e-05, 2.04018506338e-05], "dmean": [0.123553819954, 0.154660508037, 0.178906366229, 0.0702386423945, 0.0383075810969, 0.0114985303953], "mean": [0.214815557003, 0.276725292206, 0.414506345987, 0.0908813104033, 0.047963604331, 0.0123366257176], "max": [0.932441592216, 0.833721578121, 0.94692248106, 0.797102451324, 0.571687221527, 0.343383997679], "dmean2": [0.206068664789, 0.261452466249, 0.299710214138, 0.118773162365, 0.0679151117802, 0.0205878522247], "median": [0.142221048474, 0.252832710743, 0.365717202425, 0.0467908643186, 0.0323611907661, 0.00704430416226], "dvar": [0.0142278689891, 0.0174263305962, 0.0245838146657, 0.00993834622204, 0.00367882824503, 0.00080405321205]}, "bpm_histogram_first_peak_weight": {"dvar2": 0, "var": 0, "min": 0.238461539149, "dmean": 0, "mean": 0.238461539149, "max": 0.238461539149, "dmean2": 0, "median": 0.238461539149, "dvar": 0}, "bpm": 143.606231689, "beats_count": 521, "bpm_histogram_first_peak_spread": {"dvar2": 0, "var": 0, "min": 0.465517222881, "dmean": 0, "mean": 0.465517222881, "max": 0.465517222881, "dmean2": 0, "median": 0.465517222881, "dvar": 0}, "danceability": 0.961479067802, "bpm_histogram_first_peak_bpm": {"dvar2": 0, "var": 0, "min": 144, "dmean": 0, "mean": 144, "max": 144, "dmean2": 0, "median": 144, "dvar": 0}, "beats_position": [0.46439909935, 0.9287981987, 1.39319729805, 1.8575963974, 2.33360528946, 2.80961441994, 3.36689329147, 3.92417216301, 4.48145103455, 5.0387301445, 5.59600877762, 6.13006782532, 6.65251684189, 7.17496585846, 7.69741487503, 8.2198638916, 8.74231243134, 9.25315189362, 9.77560043335, 10.2864398956, 10.8088884354, 11.3313379288, 11.8653964996, 12.3994560242, 12.9219045639, 13.4675731659, 14.0132427216, 14.5589113235, 15.15102005, 15.7431287766, 16.3352375031, 16.9273471832, 17.5194549561, 18.1115646362, 18.7036724091, 19.3073921204, 19.8762817383, 20.4451694489, 21.0024490356, 21.548116684, 22.1053962708, 22.523355484, 22.9413146973, 23.3592739105, 23.7772331238, 24.195192337, 24.6131515503, 25.0311107635, 25.4374599457, 25.8438091278, 26.2617683411, 26.6681175232, 27.0744667053, 27.4808158875, 27.8871650696, 28.3051242828, 28.7230834961, 29.1410427094, 29.5590019226, 29.9537410736, 30.3484802246, 30.7548294067, 31.1611785889, 31.567527771, 31.9738769531, 32.391834259, 32.8097953796, 33.2277526855, 33.6457138062, 34.0636711121, 34.4816322327, 34.8995895386, 35.3175506592, 35.7122879028, 36.1070289612, 36.5017662048, 36.8965072632, 37.3144645691, 37.7324256897, 38.1503829956, 38.5683441162, 38.9863014221, 39.4042625427, 39.8222198486, 40.2401809692, 40.6581382751, 41.0644874573, 41.4708366394, 41.8771858215, 42.2835350037, 42.7014961243, 43.1310653687, 43.560634613, 43.9785919189, 44.3965530396, 44.8029022217, 45.1976394653, 45.6039886475, 46.0219497681, 46.439907074, 46.8462562561, 47.2409973145, 47.6473464966, 48.0653038025, 48.4716529846, 48.8896141052, 49.3075714111, 49.7371406555, 50.1551017761, 50.5846710205, 51.0258483887, 51.4670295715, 51.8965988159, 52.3261680603, 52.7673454285, 53.2201347351, 53.6729240417, 54.1257133484, 54.5668907166, 55.0312919617, 55.4956893921, 55.9600906372, 56.4244880676, 56.8772773743, 57.3300666809, 57.794467926, 58.1427650452, 58.4794540405, 58.8161430359, 59.1644439697, 59.5127410889, 59.8494338989, 60.1861228943, 60.5344200134, 60.8827209473, 61.2310180664, 61.556098938, 61.8811798096, 62.2178688049, 62.5545578003, 62.8796348572, 63.2163238525, 63.5530128479, 63.889705658, 64.2728347778, 64.655960083, 65.0390930176, 65.4222183228, 65.8053512573, 66.200088501, 66.5832214355, 66.9779586792, 67.3843078613, 67.7906570435, 68.1970062256, 68.6033554077, 69.0097045898, 69.4044418335, 69.7991790771, 70.2171401978, 70.6351013184, 71.0414505005, 71.4477996826, 71.8541488647, 72.2604980469, 72.6784591675, 73.0731964111, 73.4795455933, 73.8858947754, 74.2922439575, 74.7102050781, 75.1165542603, 75.5229034424, 75.917640686, 76.3007659912, 76.6955108643, 77.1134643555, 77.5314254761, 77.9377746582, 78.3557357788, 78.8201370239, 79.2845306396, 79.7373199463, 80.1785049438, 80.6428985596, 81.0956878662, 81.5484771729, 82.012878418, 82.4772796631, 82.9300689697, 83.3364181519, 83.7543716431, 84.1723327637, 84.5902938843, 85.0082550049, 85.4378204346, 85.8557815552, 86.2621307373, 86.6684799194, 87.0748291016, 87.4811782837, 87.8875274658, 88.2822647095, 88.6886138916, 89.0949630737, 89.5013122559, 89.907661438, 90.3140106201, 90.7203598022, 91.1383209229, 91.5562820435, 91.9742355347, 92.4038085938, 92.8333740234, 93.2629470825, 93.7389526367, 94.2033538818, 94.6793670654, 95.1089324951, 95.5501098633, 96.0028991699, 96.4440765381, 96.8736495972, 97.2916107178, 97.709564209, 98.1275253296, 98.5454864502, 98.9634475708, 99.381401062, 99.7993621826, 100.217323303, 100.623672485, 101.030021667, 101.447982788, 101.865936279, 102.2838974, 102.701858521, 103.119819641, 103.537773132, 103.955734253, 104.373695374, 104.791656494, 105.209609985, 105.67401123, 106.138412476, 106.602806091, 107.03237915, 107.46194458, 107.903129578, 108.344306946, 108.785484314, 109.226661682, 109.656234741, 110.097412109, 110.538589478, 110.968162537, 111.397727966, 111.827301025, 112.280090332, 112.732879639, 113.197273254, 113.638458252, 114.102851868, 114.520812988, 114.938774109, 115.356735229, 115.774688721, 116.111381531, 116.448066711, 116.79637146, 117.144668579, 117.492965698, 117.829658508, 118.15473938, 118.479812622, 118.816505432, 119.153198242, 119.478271484, 119.814964294, 120.140045166, 120.523170471, 120.917915344, 121.301040649, 121.684173584, 122.067298889, 122.438819885, 122.82194519, 123.205078125, 123.599815369, 123.994552612, 124.400901794, 124.795646667, 125.190383911, 125.585121155, 125.991470337, 126.455871582, 126.920272827, 127.384666443, 127.82585144, 128.267028809, 128.708206177, 129.160995483, 129.578948975, 129.996917725, 130.414871216, 130.844436646, 131.274017334, 131.691970825, 132.121536255, 132.539505005, 132.969070435, 133.398635864, 133.816589355, 134.234558105, 134.652511597, 135.070480347, 135.395553589, 135.720626831, 136.045715332, 136.370788574, 136.788757324, 137.218322754, 137.636276245, 138.042633057, 138.460586548, 138.878540039, 139.296508789, 139.71446228, 140.13243103, 140.550384521, 140.968338013, 141.386306763, 141.804260254, 142.222213745, 142.640182495, 143.069747925, 143.499313354, 143.917282104, 144.335235596, 144.741577148, 145.159545898, 145.589111328, 146.030288696, 146.471466064, 146.912643433, 147.330612183, 147.748565674, 148.166534424, 148.584487915, 148.979232788, 149.385574341, 149.780319214, 150.16343689, 150.534957886, 150.906478882, 151.277999878, 151.649520874, 152.044265747, 152.427383423, 152.798904419, 153.158813477, 153.530334473, 153.901855469, 154.273376465, 154.656509399, 155.039627075, 155.434371948, 155.829116821, 156.247070312, 156.665023804, 157.082992554, 157.500946045, 157.918914795, 158.325256348, 158.743209839, 159.161178589, 159.590744019, 160.00869751, 160.438278198, 160.867843628, 161.309020996, 161.750198364, 162.214599609, 162.690612793, 163.155014038, 163.65423584, 164.1534729, 164.652694702, 165.151931763, 165.651153564, 166.150375366, 166.649612427, 167.137237549, 167.636459351, 168.112472534, 168.611694336, 169.110931396, 169.726257324, 170.329971313, 170.910476685, 171.490966797, 172.083084106, 172.663574219, 173.24407959, 173.824569702, 174.34703064, 174.869476318, 175.380310059, 175.879547119, 176.390380859, 176.843170166, 177.284347534, 177.725524902, 178.166702271, 178.596282959, 179.025848389, 179.44380188, 179.873382568, 180.302947998, 180.720901489, 181.138870239, 181.55682373, 181.98638916, 182.41595459, 182.857131958, 183.286712646, 183.727890015, 184.157455444, 184.598632812, 185.039810181, 185.480987549, 185.933776855, 186.386566162, 186.839355469, 187.443084717, 188.046798706, 188.650512695, 189.254241943, 189.846343994, 190.450057983, 191.053787231, 191.657501221, 192.24961853, 192.841720581, 193.44543457, 194.049163818, 194.652877808, 195.268203735, 195.883529663, 196.498855591, 197.125808716, 197.741134644, 198.344848633, 198.948562622, 199.563903809, 200.179229736, 200.782943726, 201.386657715, 201.990386963, 202.594100952, 203.197814941, 203.824752808, 204.451690674, 205.07862854, 205.717178345, 206.344116211, 206.982666016, 207.609603882, 208.259765625, 208.909927368, 209.560089111, 210.210250854, 210.860397339, 211.498947144, 212.137496948, 212.683166504, 213.22883606, 213.774505615, 214.320175171, 214.865844727, 215.411514282, 215.957183838, 216.502853394, 217.060134888, 217.617416382, 218.163085938, 218.639083862, 219.126708984, 219.614334106, 220.043899536, 220.473464966, 220.903030396, 221.332611084, 221.762176514, 222.191741943, 222.621307373, 223.050872803, 223.480453491, 223.910018921, 224.339584351, 224.76914978, 225.18711853, 225.605072021, 226.023040771, 226.440994263, 226.858947754, 227.276916504, 227.694869995, 228.112823486, 228.542404175, 228.971969604, 229.401535034, 229.831100464, 230.272293091, 230.736679077, 231.189468384, 231.64225769, 232.106658936, 232.571060181, 233.035461426, 233.488250732], "beats_loudness": {"dvar2": 0.000548070238438, "var": 0.000364715902833, "min": 2.40067549839e-07, "dmean": 0.00997516233474, "mean": 0.0150117184967, "max": 0.136807605624, "dmean2": 0.0164595358074, "median": 0.00807386264205, "dvar": 0.000224729839829}, "bpm_histogram_second_peak_weight": {"dvar2": 0, "var": 0, "min": 0.0596153847873, "dmean": 0, "mean": 0.0596153847873, "max": 0.0596153847873, "dmean2": 0, "median": 0.0596153847873, "dvar": 0}, "bpm_histogram_second_peak_spread": {"dvar2": 0, "var": 0, "min": 0.392156898975, "dmean": 0, "mean": 0.392156898975, "max": 0.392156898975, "dmean2": 0, "median": 0.392156898975, "dvar": 0}, "bpm_histogram_second_peak_bpm": {"dvar2": 0, "var": 0, "min": 136, "dmean": 0, "mean": 136, "max": 136, "dmean2": 0, "median": 136, "dvar": 0}, "onset_rate": 1.40032529831}, "lowlevel": {"spectral_energyband_high": {"dvar2": 5.0813757646e-09, "var": 5.73702241269e-09, "min": 7.35373096524e-21, "dmean": 1.48741655721e-05, "mean": 3.32652962243e-05, "max": 0.00176669436041, "dmean2": 2.24740797421e-05, "median": 1.46985903484e-05, "dvar": 2.64639243852e-09}, "spectral_energyband_middle_low": {"dvar2": 9.69329557847e-05, "var": 0.000223849492613, "min": 3.44924218015e-22, "dmean": 0.00327975279652, "mean": 0.0101207485422, "max": 0.162595584989, "dmean2": 0.00498300651088, "median": 0.00452328659594, "dvar": 4.22919038101e-05}, "spectral_energy": {"dvar2": 0.000107853178633, "var": 0.000313736702083, "min": 1.03475173219e-20, "dmean": 0.00364920357242, "mean": 0.0135071789846, "max": 0.167859867215, "dmean2": 0.00547336321324, "median": 0.00714935734868, "dvar": 4.82256255054e-05}, "spectral_spread": {"dvar2": 465795350528, "var": 832517308416, "min": 401366.6875, "dmean": 237149.171875, "mean": 2610732, "max": 41286344, "dmean2": 385997.125, "median": 2547577, "dvar": 254865555456}, "spectral_energyband_low": {"dvar2": 4.82012183056e-07, "var": 2.74213653029e-06, "min": 2.42048542354e-23, "dmean": 0.000303220731439, "mean": 0.00124921707902, "max": 0.0172405485064, "dmean2": 0.000409553525969, "median": 0.00061635102611, "dvar": 2.37008620729e-07}, "spectral_rolloff": {"dvar2": 400952.59375, "var": 396134.40625, "min": 129.19921875, "dmean": 173.768539429, "mean": 792.199951172, "max": 18820.0195312, "dmean2": 305.688201904, "median": 645.99609375, "dvar": 198080.640625}, "barkbands": {"dvar2": [4.67271332738e-10, 1.01202267899e-07, 1.90414070289e-07, 1.37367678121e-07, 5.21928996022e-07, 1.01098139567e-05, 1.98246507352e-05, 3.27042725985e-05, 4.6185527026e-05, 1.28756491904e-05, 1.29957612671e-07, 6.09647145211e-07, 1.7833910988e-06, 2.26111097845e-07, 7.46155706111e-07, 2.76345446082e-07, 9.67429159004e-08, 1.37904308417e-07, 3.53698901279e-08, 1.41577887192e-08, 4.32828772823e-10, 7.49350859142e-11, 1.20622276056e-10, 3.71100719598e-11, 6.05230698891e-10, 2.23483634376e-10, 6.90347572944e-14], "var": [2.42904973913e-10, 9.03841282707e-07, 1.04847924831e-06, 1.73394752778e-07, 9.11401969006e-07, 9.24255436985e-06, 2.66469269263e-05, 6.27104673185e-05, 0.000122719618957, 3.41534760082e-05, 5.47514275695e-07, 1.00858017049e-06, 3.63124991054e-06, 2.83768372356e-07, 1.04365346942e-06, 6.8931495889e-07, 1.73810803972e-07, 3.12680754178e-07, 6.88651269343e-08, 6.68829214234e-09, 3.74592384889e-10, 8.07007932702e-11, 1.04171997417e-10, 4.80644586631e-11, 5.05484987201e-10, 1.54560642063e-10, 2.61596520406e-14], "min": [1.89062853721e-23, 4.53672407757e-24, 1.79933394075e-24, 2.77129340638e-24, 4.53908924033e-23, 4.34198287683e-23, 2.87404021214e-23, 5.07838295414e-23, 5.16184191355e-23, 5.36127289237e-23, 8.96266841822e-23, 7.92087914303e-23, 5.20631473595e-23, 7.92799151295e-23, 1.20922430812e-22, 7.06302067651e-23, 1.35236595927e-22, 1.9249960514e-22, 3.58441431668e-22, 3.29992229661e-22, 4.03176635508e-22, 4.34927062631e-22, 5.35008545634e-22, 7.61640735883e-22, 1.10249170532e-21, 1.62724359506e-21, 2.37987273737e-21], "dmean": [7.31826366973e-06, 0.00014176836703, 0.000164653320098, 0.000115783252113, 0.000265729497187, 0.000821941299364, 0.000705155660398, 0.00104228651617, 0.00126354291569, 0.000418251234805, 7.07052458893e-05, 0.000116683120723, 0.000173073043698, 5.00237838423e-05, 0.000118300522445, 9.57656520768e-05, 6.47728738841e-05, 7.0696027251e-05, 5.08280318172e-05, 1.63146905834e-05, 3.11341159431e-06, 1.47006880979e-06, 8.95568746273e-07, 1.02182571027e-06, 1.45679894104e-06, 6.30648401057e-07, 1.44494087806e-08], "mean": [8.6584550445e-06, 0.000566402915865, 0.000548219250049, 0.000252374389675, 0.00068774173269, 0.00163919862825, 0.00151723180898, 0.00239106104709, 0.0031892915722, 0.00105801213067, 0.0001508116693, 0.000225477371714, 0.000370354013285, 8.85773624759e-05, 0.00022426515352, 0.000179507915163, 0.000115980939881, 0.000140854564961, 0.000104431317595, 3.31309165631e-05, 5.90902664044e-06, 3.00608508041e-06, 1.72685008692e-06, 2.04291563932e-06, 2.12528038901e-06, 7.74904208356e-07, 3.43964714489e-08], "max": [0.000243498245254, 0.00877004023641, 0.0134231597185, 0.00469973357394, 0.0100849801674, 0.0458868220448, 0.107968449593, 0.132102847099, 0.160982191563, 0.0858472958207, 0.0193030498922, 0.0244217496365, 0.0480666644871, 0.0128629300743, 0.0223830826581, 0.0281299054623, 0.0128930443898, 0.0159684550017, 0.00595008954406, 0.004658148624, 0.000785614014603, 0.000404281745432, 0.000419781601522, 0.000194181528059, 0.00113073142711, 0.000501403759699, 1.34741057991e-05], "dmean2": [1.25607302834e-05, 0.000188809543033, 0.00021547137294, 0.000185537544894, 0.000409767933888, 0.00135130167473, 0.00102243281435, 0.00157043070067, 0.0018216612516, 0.000647471635602, 0.000106319181214, 0.00017648076755, 0.000247882446274, 7.78392131906e-05, 0.000178930960828, 0.000141159267514, 9.82022756943e-05, 0.000100177006971, 7.38692106097e-05, 2.49361492024e-05, 4.99176439916e-06, 2.32441789194e-06, 1.38111897741e-06, 1.51751021349e-06, 2.16631974581e-06, 9.66947141023e-07, 2.25888339145e-08], "median": [3.42496628036e-06, 0.000219684909098, 0.000239084329223, 0.000100319004559, 0.000367776607163, 0.000722463650163, 0.000337506469805, 0.000230826350162, 0.000127515522763, 6.50589499855e-05, 2.62749781541e-05, 3.29629983753e-05, 3.45163134625e-05, 1.62100004673e-05, 3.68795954273e-05, 3.72434406017e-05, 3.06448164338e-05, 2.91928554361e-05, 2.91377291433e-05, 1.18495445349e-05, 2.80668973573e-06, 1.29538193505e-06, 6.55451970033e-07, 5.30848922153e-07, 2.629352025e-07, 8.94830307629e-08, 1.99362979458e-08], "dvar": [1.71841041396e-10, 5.35437543192e-08, 9.67497157944e-08, 4.8278113951e-08, 2.04027017503e-07, 3.64803463526e-06, 8.28620522952e-06, 1.37122679007e-05, 2.19773683057e-05, 5.55012456971e-06, 6.51172840094e-08, 3.26405597662e-07, 1.00385102542e-06, 1.01696038257e-07, 3.42542193721e-07, 1.69745632661e-07, 5.86906097055e-08, 8.27693682481e-08, 2.01951131373e-08, 5.2087236746e-09, 1.8613352526e-10, 3.89757601194e-11, 5.95233098921e-11, 2.07002887054e-11, 3.50804663096e-10, 1.20973481232e-10, 2.75248218179e-14]}, "melbands_skewness": {"dvar2": 0.448109060526, "var": 1.29343414307, "min": -2.58121967316, "dmean": 0.450303077698, "mean": 1.83323895931, "max": 8.14505672455, "dmean2": 0.696971476078, "median": 1.83687412739, "dvar": 0.178602412343}, "barkbands_skewness": {"dvar2": 0.346119791269, "var": 0.836029589176, "min": -3.40012097359, "dmean": 0.38938164711, "mean": 1.50570559502, "max": 7.16944026947, "dmean2": 0.609445273876, "median": 1.49509954453, "dvar": 0.140726268291}, "erbbands": {"dvar2": [4.7021338105e-05, 0.00731474207714, 0.176446571946, 0.778499364853, 3.07775950432, 5.71993207932, 132.224121094, 1214.34082031, 4532.57226562, 1330.28027344, 23556.9082031, 32418.5351562, 11019.0888672, 8430.63378906, 246.367370605, 1282.52478027, 3674.91699219, 563.636108398, 1809.8536377, 1035.44848633, 342.038024902, 159.172653198, 428.596557617, 153.681564331, 107.978507996, 11.1532068253, 1.04079926014, 0.469860464334, 0.0967370271683, 0.0830552279949, 0.118846714497, 0.0307346992195, 0.0160685498267, 0.07775952667, 0.027059705928, 0.0127234803513, 0.000387389183743, 5.94544872001e-07, 7.88883403047e-10, 1.44427289572e-10], "var": [0.000250787852565, 0.0649089440703, 1.10157191753, 1.17006504536, 5.30083560944, 10.4149465561, 149.447845459, 1109.70080566, 5821.68652344, 2049.44238281, 46589.8828125, 87423.109375, 35686.8632812, 18656.4707031, 1846.64489746, 2207.19824219, 6722.87890625, 1210.94482422, 3181.59350586, 2016.4822998, 825.23651123, 348.615692139, 1048.63696289, 271.440582275, 185.406814575, 15.1093654633, 1.17939054966, 0.434286385775, 0.117100581527, 0.0587707646191, 0.104826234281, 0.0290631111711, 0.0164444223046, 0.0589802227914, 0.023270143196, 0.00886778347194, 0.000237363754422, 5.20292360306e-07, 7.54842799378e-10, 4.32238855819e-10], "min": [2.39390507089e-22, 4.96635776362e-22, 2.15241685012e-21, 7.67643157054e-21, 1.26908970559e-19, 9.66870803121e-20, 2.45034833977e-19, 3.40795336294e-19, 2.72194973348e-19, 5.31532199556e-19, 1.18424770302e-18, 1.08599033017e-18, 1.93061556146e-18, 2.12518581233e-18, 3.53011237808e-18, 3.33621193671e-18, 2.86585904924e-18, 4.65762903616e-18, 4.46413205214e-18, 7.36795331482e-18, 4.67347698952e-18, 7.64684222143e-18, 9.95578951555e-18, 1.57959369303e-17, 1.60940263532e-17, 1.17973838995e-17, 1.53828296975e-17, 1.58278842999e-17, 1.65886307287e-17, 1.65547461021e-17, 1.38005771151e-17, 1.41646275745e-17, 1.20795409967e-17, 1.31781543098e-17, 7.9228566754e-18, 5.29828290212e-18, 3.2971007694e-18, 1.21935769431e-18, 3.30000267409e-19, 3.40934121691e-20], "dmean": [0.00235808920115, 0.0394210591912, 0.171976655722, 0.27970713377, 0.604622960091, 0.845574736595, 2.98699069023, 8.82850265503, 10.7145423889, 8.0997133255, 28.271566391, 33.9682693481, 15.0406322479, 9.1669883728, 3.20294713974, 5.67272281647, 7.7709646225, 3.66414380074, 5.63151693344, 5.00067472458, 4.19597768784, 2.62402367592, 3.45075845718, 2.80475783348, 2.18639659882, 0.840528607368, 0.247380763292, 0.086815468967, 0.0550941862166, 0.0288370307535, 0.0269466638565, 0.0200552325696, 0.0190179310739, 0.0193007942289, 0.00782422721386, 0.0045368578285, 0.000804100593086, 4.98590270581e-05, 3.6492772324e-06, 4.22152197643e-06], "mean": [0.00920873228461, 0.159851402044, 0.60813999176, 0.749799489975, 1.37256240845, 2.18303632736, 7.01308584213, 16.0847492218, 23.9974746704, 17.5505962372, 68.0885543823, 87.6237945557, 40.4761199951, 22.2025489807, 8.3322467804, 11.315199852, 16.5391120911, 7.91621637344, 11.7971668243, 9.8665599823, 8.49757575989, 5.3990893364, 7.6838183403, 5.89210510254, 4.61246156693, 1.85621070862, 0.518512070179, 0.186324357986, 0.112043447793, 0.0598936080933, 0.0509485565126, 0.0400035791099, 0.0361797399819, 0.0300690662116, 0.0105886124074, 0.00551498774439, 0.000996133196168, 9.39975943766e-05, 1.27049579532e-05, 1.58025432029e-05], "max": [0.150346696377, 2.34667658806, 13.6330451965, 13.194065094, 41.554233551, 49.8433990479, 185.538574219, 568.28729248, 1835.36193848, 844.217346191, 3549.36572266, 3627.34228516, 2890.11865234, 2621.88745117, 1085.94506836, 1185.8170166, 2374.37988281, 666.594116211, 1402.77282715, 1227.1829834, 979.13067627, 689.61138916, 1096.39550781, 279.219055176, 418.531890869, 97.8252944946, 25.6019878387, 28.1502304077, 16.7976837158, 9.24558734894, 15.7133150101, 5.72796297073, 4.76061105728, 12.7563419342, 7.32452011108, 3.57102656364, 0.697940587997, 0.035656478256, 0.000917881261557, 0.000194739855942], "dmean2": [0.00378448981792, 0.0507089830935, 0.21864746511, 0.432848840952, 0.982246220112, 1.27698326111, 4.39155054092, 14.6913137436, 15.6733121872, 11.869553566, 42.3624954224, 47.9549446106, 22.3184204102, 14.0613632202, 4.72176074982, 8.49095439911, 11.426030159, 5.14328861237, 8.58808708191, 7.30628061295, 6.20113897324, 3.84152889252, 4.98246240616, 3.89334845543, 3.26164674759, 1.25446021557, 0.370081305504, 0.138095781207, 0.0876013860106, 0.0459869131446, 0.0409423857927, 0.0311003886163, 0.0280637517571, 0.0278474651277, 0.0116916783154, 0.00707139866427, 0.00124920206144, 7.4607807619e-05, 5.43956912225e-06, 6.31729153611e-06], "median": [0.00339223723859, 0.0651365667582, 0.275455355644, 0.359268128872, 0.609816193581, 1.08996498585, 3.08104991913, 6.41795492172, 6.77758264542, 4.33159399033, 7.5195941925, 4.86585140228, 2.51821136475, 2.53825807571, 1.75793719292, 2.07887792587, 2.09121322632, 1.57376480103, 2.10216927528, 2.26227092743, 2.43039369583, 1.53768396378, 1.80406498909, 1.47106099129, 1.3689801693, 0.689218401909, 0.235162824392, 0.0944313630462, 0.0498440153897, 0.0243499241769, 0.0183914657682, 0.0115814479068, 0.00791678298265, 0.00378317967989, 0.00136981357355, 0.000509128789417, 0.000147236598423, 3.93629379687e-05, 7.96965559857e-06, 8.36192339193e-06], "dvar": [1.72039890458e-05, 0.004080735147, 0.0938715562224, 0.285109937191, 1.12161898613, 2.34817695618, 49.8389205933, 448.088378906, 1886.0291748, 613.940124512, 9806.47949219, 15947.4130859, 5311.81738281, 3264.65551758, 120.25453186, 708.335571289, 2049.8449707, 323.730712891, 789.917419434, 570.557556152, 220.321655273, 105.656906128, 241.520248413, 90.6463699341, 59.3966598511, 5.16183948517, 0.494132578373, 0.208787545562, 0.0531447269022, 0.0372546613216, 0.0602766387165, 0.0149556994438, 0.00823309645057, 0.042837895453, 0.0159257557243, 0.00681152613834, 0.000202354596695, 3.50703658114e-07, 4.36049474306e-10, 6.50324447071e-11]}, "silence_rate_30dB": {"dvar2": 0.00454774312675, "var": 0.00197854149155, "min": 0, "dmean": 0.00178447505459, "mean": 0.998017430305, "max": 1, "dmean2": 0.00356930401176, "median": 1, "dvar": 0.00178131612483}, "melbands_spread": {"dvar2": 24.6500797272, "var": 46.8305931091, "min": 1.01354336739, "dmean": 2.85462212563, "mean": 12.2517576218, "max": 146.313262939, "dmean2": 4.52112436295, "median": 11.0868473053, "dvar": 10.7484006882}, "melbands_crest": {"dvar2": 18.3213500977, "var": 39.0573043823, "min": 2.18478155136, "dmean": 2.95039272308, "mean": 15.4142465591, "max": 33.8821220398, "dmean2": 4.66110563278, "median": 13.8808689117, "dvar": 7.59471893311}, "zerocrossingrate": {"dvar2": 4.32487358921e-05, "var": 0.000267408438958, "min": 0.0048828125, "dmean": 0.00380449858494, "mean": 0.0339691378176, "max": 0.5126953125, "dmean2": 0.00485216779634, "median": 0.03271484375, "dvar": 4.09377607866e-05}, "barkbands_kurtosis": {"dvar2": 24.1629695892, "var": 27.1675815582, "min": -1.68473219872, "dmean": 2.34433603287, "mean": 4.99121952057, "max": 90.6591033936, "dmean2": 3.75054097176, "median": 3.66063594818, "dvar": 9.77895736694}, "spectral_flux": {"dvar2": 0.000994199188426, "var": 0.00105654960498, "min": 6.62493115922e-11, "dmean": 0.0131339812651, "mean": 0.0417373999953, "max": 0.301574975252, "dmean2": 0.0219301637262, "median": 0.0335232242942, "dvar": 0.0003645644465}, "barkbands_crest": {"dvar2": 13.7049779892, "var": 27.1726303101, "min": 3.40091657639, "dmean": 2.47123026848, "mean": 12.5031881332, "max": 26.0964756012, "dmean2": 3.9697329998, "median": 11.2278852463, "dvar": 5.51411533356}, "barkbands_flatness_db": {"dvar2": 0.000616290839389, "var": 0.00251733954065, "min": 0.046393930912, "dmean": 0.0174296591431, "mean": 0.202318772674, "max": 0.47162309289, "dmean2": 0.0270743835717, "median": 0.195043295622, "dvar": 0.000270207005087}, "spectral_entropy": {"dvar2": 0.0389737822115, "var": 0.173897758126, "min": 4.61617279053, "dmean": 0.139824405313, "mean": 6.73862981796, "max": 9.8083486557, "dmean2": 0.21397703886, "median": 6.81940460205, "dvar": 0.0186314173043}, "pitch_salience": {"dvar2": 0.00772865395993, "var": 0.0183959323913, "min": 0.103177055717, "dmean": 0.0618171393871, "mean": 0.509967505932, "max": 0.864916324615, "dmean2": 0.0972787365317, "median": 0.527022182941, "dvar": 0.00322513189167}, "erbbands_spread": {"dvar2": 48.932094574, "var": 132.676940918, "min": 0.693195343018, "dmean": 4.42867708206, "mean": 22.9954586029, "max": 121.429710388, "dmean2": 6.91668605804, "median": 21.9605388641, "dvar": 21.6087493896}, "dynamic_complexity": 6.28933954239, "spectral_contrast_valleys": {"dvar2": [0.190145462751, 0.141085937619, 0.107422791421, 0.0787826925516, 0.0593968033791, 0.0785594433546], "var": [0.759687423706, 0.783155858517, 0.758333027363, 0.880169808865, 1.09870409966, 1.03625822067], "min": [-27.5307922363, -27.0824489594, -27.5604419708, -27.4211959839, -27.2954559326, -27.2766208649], "dmean": [0.312715739012, 0.280793964863, 0.242403581738, 0.196163356304, 0.156162828207, 0.144073307514], "mean": [-8.09381771088, -7.13935422897, -8.28563594818, -8.8837594986, -9.16871547699, -12.5050134659], "max": [-6.3870010376, -5.40446996689, -6.61762332916, -7.09243154526, -7.35200548172, -8.86896133423], "dmean2": [0.518202483654, 0.457553356886, 0.402961343527, 0.328728169203, 0.253786355257, 0.221504345536], "median": [-8.02472400665, -6.97684049606, -8.14827156067, -8.69854736328, -8.92491340637, -12.2839374542], "dvar": [0.0753959268332, 0.0627452805638, 0.0461299978197, 0.0344925895333, 0.0293615497649, 0.0417887717485]}, "hfc": {"dvar2": 53.8420753479, "var": 211.622543335, "min": 1.14214346124e-16, "dmean": 2.42592406273, "mean": 9.14021778107, "max": 125.042869568, "dmean2": 3.47960162163, "median": 3.63003969193, "dvar": 27.3754501343}, "spectral_kurtosis": {"dvar2": 78.5918884277, "var": 204.73487854, "min": -1.22029209137, "dmean": 4.57422876358, "mean": 12.0820703506, "max": 227.459625244, "dmean2": 8.00103378296, "median": 9.31070327759, "dvar": 28.1384773254}, "mfcc": {"mean": [-760.255004883, 174.308792114, -18.1223049164, 27.6694984436, 0.65246629715, -17.3120059967, -4.75056552887, -5.21183776855, -4.33603906631, 5.26361513138, -0.294983685017, 1.24140584469, 3.00007224083], "cov": [[6840.11083984, 311.436737061, -1473.91259766, 221.304992676, -195.810638428, -425.693115234, 40.513168335, -13.0954694748, -91.4353408813, 225.505599976, 0.842728614807, -20.4717178345, -158.909866333], [311.436737061, 648.087463379, -142.138092041, 28.3656749725, 2.41808271408, 40.522567749, 8.64932250977, 5.96332645416, -18.9918251038, -22.5305118561, -7.82065486908, -13.8818759918, 13.9371147156], [-1473.91259766, -142.138092041, 593.187988281, -62.6861114502, 62.0444564819, 127.282157898, -17.6517772675, 4.37097263336, 20.4489784241, -57.8609542847, 13.7327594757, 27.4718208313, 59.9062538147], [221.304992676, 28.3656749725, -62.6861114502, 207.863708496, 17.2001934052, 56.9768753052, -29.8636169434, 16.4004497528, -12.1078939438, -25.9238090515, -33.4608078003, 7.05261564255, 14.2024106979], [-195.810638428, 2.41808271408, 62.0444564819, 17.2001934052, 148.71975708, -11.1109790802, -8.50503826141, -0.0270659476519, 10.1406822205, -2.58239078522, -4.01097679138, 19.2623615265, 26.3203601837], [-425.693115234, 40.522567749, 127.282157898, 56.9768753052, -11.1109790802, 287.318054199, 22.1814041138, 56.316192627, 25.4756507874, -46.850982666, -19.4473896027, -31.738992691, 13.1394729614], [40.513168335, 8.64932250977, -17.6517772675, -29.8636169434, -8.50503826141, 22.1814041138, 123.920578003, 28.4768333435, -3.45863747597, 23.8015060425, 5.64321470261, -11.0054368973, -4.9145989418], [-13.0954694748, 5.96332645416, 4.37097263336, 16.4004497528, -0.0270659476519, 56.316192627, 28.4768333435, 107.808853149, 28.5288333893, 14.6041536331, -0.920956552029, -12.1243896484, -23.1117954254], [-91.4353408813, -18.9918251038, 20.4489784241, -12.1078939438, 10.1406822205, 25.4756507874, -3.45863747597, 28.5288333893, 110.931968689, 33.7525138855, 13.1610412598, -19.8429450989, -10.6952886581], [225.505599976, -22.5305118561, -57.8609542847, -25.9238090515, -2.58239078522, -46.850982666, 23.8015060425, 14.6041536331, 33.7525138855, 125.895309448, 42.047908783, 0.90855795145, -29.5931301117], [0.842728614807, -7.82065486908, 13.7327594757, -33.4608078003, -4.01097679138, -19.4473896027, 5.64321470261, -0.920956552029, 13.1610412598, 42.047908783, 109.063346863, 42.4471969604, 6.63921928406], [-20.4717178345, -13.8818759918, 27.4718208313, 7.05261564255, 19.2623615265, -31.738992691, -11.0054368973, -12.1243896484, -19.8429450989, 0.90855795145, 42.4471969604, 129.490005493, 54.3608169556], [-158.909866333, 13.9371147156, 59.9062538147, 14.2024106979, 26.3203601837, 13.1394729614, -4.9145989418, -23.1117954254, -10.6952886581, -29.5931301117, 6.63921928406, 54.3608169556, 115.461929321]], "icov": [[0.000337444042088, -1.09121792775e-05, 0.000725455116481, -0.000228139615501, 0.000168276470504, 0.000176551344339, -1.76923877007e-05, -4.5578013669e-05, 0.000149943865836, -0.00027030921774, -2.07747998502e-05, -5.35944709554e-05, 2.01160728466e-05], [-1.09121792775e-05, 0.00174263794906, 0.000619022874162, 0.000185021403013, -0.000334362412104, -0.000505233940203, 6.37662451481e-05, -9.85896767816e-05, 0.000298788858345, 0.000356598582584, -0.000259144901065, 0.000283882720396, -0.00045228516683], [0.000725455116481, 0.000619022874162, 0.00420509651303, 0.000936455733608, -0.000801922113169, -0.00111768895295, 0.000627265952062, -0.000154575769557, 0.00023414894531, 0.000302866450511, -0.000413175788708, -0.000389153137803, -0.000761195202358], [-0.000228139615501, 0.000185021403013, 0.000936455733608, 0.00683028856292, -0.00127156160306, -0.00213411147706, 0.0021831067279, -0.00109303812496, 0.00087147456361, 0.00020483219123, 0.00166581454687, -0.000922602368519, -0.000783689785749], [0.000168276470504, -0.000334362412104, -0.000801922113169, -0.00127156160306, 0.00789471901953, 0.00133634498343, -0.000122593861306, -0.000374117254978, -0.000997343915515, -0.000561152002774, 0.000856511469465, -0.000590121780988, -0.0011950234184], [0.000176551344339, -0.000505233940203, -0.00111768895295, -0.00213411147706, 0.00133634498343, 0.00585152674466, -0.00137809826992, -0.00216854596511, -0.00116956222337, 0.00164670101367, -0.000433400768088, 0.00147636129986, -0.000673330505379], [-1.76923877007e-05, 6.37662451481e-05, 0.000627265952062, 0.0021831067279, -0.000122593861306, -0.00137809826992, 0.0100800143555, -0.00276690442115, 0.0021804489661, -0.00228600623086, 0.000146829086589, 0.000915490381885, -0.00138945039362], [-4.5578013669e-05, -9.85896767816e-05, -0.000154575769557, -0.00109303812496, -0.000374117254978, -0.00216854596511, -0.00276690442115, 0.0126418359578, -0.00273391371593, -0.000671253772452, 0.000433836190496, -0.00129780406132, 0.00306939007714], [0.000149943865836, 0.000298788858345, 0.00023414894531, 0.00087147456361, -0.000997343915515, -0.00116956222337, 0.0021804489661, -0.00273391371593, 0.0119107617065, -0.0035827155225, -0.00103923655115, 0.0023703109473, -0.00102353654802], [-0.00027030921774, 0.000356598582584, 0.000302866450511, 0.00020483219123, -0.000561152002774, 0.00164670101367, -0.00228600623086, -0.000671253772452, -0.0035827155225, 0.0126611310989, -0.0041080689989, -0.000112553134386, 0.0023138707038], [-2.07747998502e-05, -0.000259144901065, -0.000413175788708, 0.00166581454687, 0.000856511469465, -0.000433400768088, 0.000146829086589, 0.000433836190496, -0.00103923655115, -0.0041080689989, 0.0132274189964, -0.00481370976195, 0.000315903802402], [-5.35944709554e-05, 0.000283882720396, -0.000389153137803, -0.000922602368519, -0.000590121780988, 0.00147636129986, 0.000915490381885, -0.00129780406132, 0.0023703109473, -0.000112553134386, -0.00481370976195, 0.0125241093338, -0.00547591922805], [2.01160728466e-05, -0.00045228516683, -0.000761195202358, -0.000783689785749, -0.0011950234184, -0.000673330505379, -0.00138945039362, 0.00306939007714, -0.00102353654802, 0.0023138707038, 0.000315903802402, -0.00547591922805, 0.0131969712675]]}, "silence_rate_20dB": {"dvar2": 0, "var": 0, "min": 1, "dmean": 0, "mean": 1, "max": 1, "dmean2": 0, "median": 1, "dvar": 0}, "melbands_kurtosis": {"dvar2": 48.3012924194, "var": 61.6703681946, "min": -1.59725046158, "dmean": 3.39559078217, "mean": 8.71818828583, "max": 83.5835876465, "dmean2": 5.39487075806, "median": 6.7763004303, "dvar": 19.3009967804}, "barkbands_spread": {"dvar2": 18.4476280212, "var": 35.224319458, "min": 0.612252295017, "dmean": 2.41969966888, "mean": 10.287894249, "max": 85.820098877, "dmean2": 3.85190534592, "median": 9.03121852875, "dvar": 8.31823635101}, "erbbands_skewness": {"dvar2": 0.328811079264, "var": 0.684611141682, "min": -1.8732124567, "dmean": 0.403940886259, "mean": 1.07713055611, "max": 6.03957796097, "dmean2": 0.643232226372, "median": 0.961778402328, "dvar": 0.132799834013}, "average_loudness": 0.250047773123, "spectral_centroid": {"dvar2": 48665.265625, "var": 124560.757812, "min": 225.896179199, "dmean": 120.068443298, "mean": 849.866149902, "max": 11453.0537109, "dmean2": 188.434890747, "median": 796.373901367, "dvar": 22079.0800781}, "dissonance": {"dvar2": 0.00226914463565, "var": 0.00186348019633, "min": 0.165265187621, "dmean": 0.0291218105704, "mean": 0.433807939291, "max": 0.499999970198, "dmean2": 0.0492686033249, "median": 0.442665368319, "dvar": 0.000798080465756}, "erbbands_flatness_db": {"dvar2": 0.000549319025595, "var": 0.00289835035801, "min": 0.0658423528075, "dmean": 0.0159973334521, "mean": 0.237276181579, "max": 0.488851457834, "dmean2": 0.0245491433889, "median": 0.227447748184, "dvar": 0.00025500394986}, "spectral_strongpeak": {"dvar2": 0.761683046818, "var": 2.73374891281, "min": 0, "dmean": 0.393241137266, "mean": 1.28102111816, "max": 12.5495786667, "dmean2": 0.609206497669, "median": 0.597171127796, "dvar": 0.354297965765}, "spectral_rms": {"dvar2": 6.32247463273e-07, "var": 3.91418825529e-06, "min": 3.17728482413e-12, "dmean": 0.000418504088884, "mean": 0.00304360548034, "max": 0.0127970986068, "dmean2": 0.000624262669589, "median": 0.00264101941139, "dvar": 3.10520732683e-07}, "silence_rate_60dB": {"dvar2": 0.0716127827764, "var": 0.20129442215, "min": 0, "dmean": 0.0329136513174, "mean": 0.2793417871, "max": 1, "dmean2": 0.0658338293433, "median": 0, "dvar": 0.031822450459}, "melbands": {"dvar2": [5.11509101742e-09, 3.03683798109e-08, 2.18528093399e-08, 2.92491684206e-08, 1.08842264979e-07, 4.98068231991e-07, 1.00742772702e-06, 2.24986706598e-07, 1.41661166708e-06, 1.37936558531e-06, 2.80141648545e-07, 1.74534619646e-07, 2.36979125212e-09, 4.81742112868e-09, 1.52798218522e-08, 2.13320596743e-08, 2.00169547604e-09, 4.8694426269e-09, 2.57846877183e-09, 2.0826569358e-09, 4.73997174844e-10, 3.07590120041e-10, 3.12177200756e-10, 4.10417644314e-10, 1.3570017332e-10, 7.52339718302e-11, 5.08388366127e-11, 5.34116240819e-12, 8.46193991613e-13, 6.37899780741e-13, 1.12445283933e-13, 5.24612532506e-14, 1.67792263238e-14, 2.58533886438e-14, 4.69185034249e-14, 3.4992933437e-14, 1.03672555228e-14, 9.19979509375e-15, 1.60193784778e-14, 1.01972385614e-13], "var": [4.84910884779e-08, 1.81750479555e-07, 4.35835616486e-08, 4.0379823929e-08, 1.28134828969e-07, 4.57900966921e-07, 1.3300076489e-06, 3.4825202988e-07, 3.04921832139e-06, 3.5412977013e-06, 8.98737539501e-07, 3.82764909546e-07, 1.20902292622e-08, 1.30368960072e-08, 1.81593673432e-08, 4.57951863098e-08, 3.92788157555e-09, 8.07236233413e-09, 3.22469562164e-09, 6.01556804369e-09, 8.45548409067e-10, 6.77080447264e-10, 5.09076891753e-10, 1.03599340218e-09, 1.94891880412e-10, 1.35152999903e-10, 3.95769077233e-11, 6.93064095697e-12, 8.71495150351e-13, 6.16041343372e-13, 7.91418254716e-14, 5.58774319946e-14, 1.47127590059e-14, 1.84991843214e-14, 4.00341448902e-14, 2.41219770666e-14, 8.62891436906e-15, 8.65246273203e-15, 1.36091851899e-14, 6.71715355322e-14], "min": [3.1919394818e-24, 9.30618026598e-25, 3.9427126048e-24, 1.08567502729e-23, 8.30515443144e-24, 7.58548372735e-24, 4.637547601e-24, 6.25376779577e-24, 8.89288499368e-24, 7.70283940878e-24, 9.89375936693e-24, 8.51727991771e-24, 1.15924309091e-23, 7.36646280791e-24, 1.18091207446e-23, 3.81734170214e-24, 8.57404713731e-24, 5.99334863931e-24, 9.44317621736e-24, 6.55131745175e-24, 5.26755361359e-24, 7.72745344674e-24, 7.41269873442e-24, 8.5615894459e-24, 1.30978970049e-23, 1.13263875688e-23, 9.25322876658e-24, 5.62203181122e-24, 9.1864990226e-24, 1.0146958474e-23, 8.31089023908e-24, 8.3912231005e-24, 8.87374486154e-24, 1.0331686821e-23, 7.61096314573e-24, 8.0411439857e-24, 8.40720147814e-24, 8.52257159666e-24, 8.59211994065e-24, 1.19322642984e-23], "dmean": [2.86903305096e-05, 7.78281828389e-05, 5.13526974828e-05, 5.65203554288e-05, 8.82654276211e-05, 0.000182925650734, 0.000162235286552, 0.000109295418952, 0.000234175196965, 0.000206832861295, 7.61168339523e-05, 4.06901490351e-05, 9.56603525992e-06, 1.2566390069e-05, 1.61071129696e-05, 1.73517964868e-05, 5.90792524235e-06, 8.91717172635e-06, 7.16718614058e-06, 7.67324945627e-06, 4.94027653986e-06, 3.25822088598e-06, 3.04758646053e-06, 3.79172433895e-06, 2.40405665863e-06, 2.11320343624e-06, 9.02065835362e-07, 6.00762916747e-07, 2.1972198283e-07, 8.89313298558e-08, 4.90547193976e-08, 4.23102370917e-08, 1.70064016203e-08, 1.70771858876e-08, 1.78053287669e-08, 1.42023752758e-08, 1.3200732063e-08, 1.34351054726e-08, 1.69515210757e-08, 1.74515140117e-08], "mean": [0.000127931853058, 0.000285401445581, 0.000146421734826, 0.000128977946588, 0.000212835424463, 0.00034179186332, 0.000360331672709, 0.000221069829422, 0.000566862756386, 0.000528790056705, 0.000188465593965, 9.37768345466e-05, 2.21123100346e-05, 2.75705278909e-05, 2.76579976344e-05, 3.82521575375e-05, 1.10966948341e-05, 1.79284434125e-05, 1.24791522467e-05, 1.52028551383e-05, 9.03315049072e-06, 5.80977075515e-06, 5.9553558458e-06, 7.34241120881e-06, 4.37827566202e-06, 4.15717022406e-06, 1.66541803992e-06, 1.17829836199e-06, 3.77178366762e-07, 1.57518002197e-07, 8.8730836012e-08, 7.67506094235e-08, 3.33101546346e-08, 3.09554017974e-08, 3.04813454477e-08, 2.5499957701e-08, 2.35951596039e-08, 2.34823609446e-08, 2.96723250415e-08, 2.38686510556e-08], "max": [0.00199782918207, 0.00520398188382, 0.00224499846809, 0.00258822017349, 0.005