{"tonal": {"thpcp": [1, 0.572839677334, 0.146830439568, 0.0879123285413, 0.103117987514, 0.423994481564, 0.759828686714, 0.509687066078, 0.193382620811, 0.159471482038, 0.187824636698, 0.479242235422, 0.676343262196, 0.493195712566, 0.533595263958, 0.668378651142, 0.413034945726, 0.175667524338, 0.168201953173, 0.222634106874, 0.542133033276, 0.803922891617, 0.498804450035, 0.149220064282, 0.0773218944669, 0.0779591873288, 0.207805380225, 0.338517457247, 0.265359252691, 0.238258898258, 0.292171239853, 0.23829177022, 0.298290759325, 0.357915073633, 0.266964912415, 0.633901715279], "hpcp": {"dmean2": [0.200764447451, 0.164595901966, 0.0918774977326, 0.0602144636214, 0.0627840235829, 0.100673422217, 0.131467610598, 0.125199124217, 0.11045511812, 0.116844698787, 0.113882049918, 0.126448154449, 0.132574424148, 0.13039547205, 0.182118952274, 0.188851252198, 0.165602833033, 0.0970078334212, 0.0728712454438, 0.0785438418388, 0.142186179757, 0.211183056235, 0.203231096268, 0.112122409046, 0.0849006548524, 0.119019284844, 0.16699886322, 0.197733908892, 0.206271603703, 0.187305614352, 0.196237981319, 0.162272885442, 0.116425745189, 0.114223718643, 0.128900080919, 0.165932297707], "median": [0.107478946447, 0.0587193071842, 0.0069737858139, 0.00350975804031, 0.00270006502979, 0.0147920921445, 0.0257207732648, 0.0180838480592, 0.00859102420509, 0.0066528939642, 0.0124747604132, 0.0178189650178, 0.0216599144042, 0.0240950025618, 0.067642249167, 0.108415171504, 0.0651184767485, 0.00522003602237, 0.00181779812556, 0.00320679228753, 0.0357035771012, 0.0846893489361, 0.0557665862143, 0.00615661405027, 0.00181608984713, 0.00355047942139, 0.0342013351619, 0.0597474463284, 0.0605808831751, 0.0245399177074, 0.0279926043004, 0.0180469155312, 0.00782247260213, 0.00466459663585, 0.00647061597556, 0.0560621544719], "min": [0, 0, 0, 0, 0, 0, 0, 0, 0, 0, 0, 0, 0, 0, 0, 0, 0, 0, 0, 0, 0, 0, 0, 0, 0, 0, 0, 0, 0, 0, 0, 0, 0, 0, 0, 0], "dvar2": [0.0855616107583, 0.067607820034, 0.0446017794311, 0.0335589125752, 0.0362368039787, 0.0506093800068, 0.0621539354324, 0.0644580200315, 0.0572666190565, 0.0655645206571, 0.0553881637752, 0.0632062777877, 0.0667062401772, 0.0608283989131, 0.079741589725, 0.0899548605084, 0.0691816136241, 0.0548271983862, 0.0424695387483, 0.0445876792073, 0.0589142479002, 0.0965089127421, 0.0947099998593, 0.0546480230987, 0.0528526194394, 0.0739446431398, 0.0807914808393, 0.0976786836982, 0.0975299701095, 0.0963175371289, 0.102808311582, 0.07639336586, 0.0601621605456, 0.0628083124757, 0.0693749189377, 0.0756949335337], "dvar": [0.0356994718313, 0.0276042856276, 0.0171614605933, 0.0118688149378, 0.0127134127542, 0.0195004306734, 0.0255934894085, 0.0248297359794, 0.0221630278975, 0.0257649142295, 0.0202662423253, 0.0235036611557, 0.02549877204, 0.0225103758276, 0.0307353716344, 0.0386418290436, 0.0272270999849, 0.021015426144, 0.0154990404844, 0.0160090979189, 0.0226728692651, 0.0408600009978, 0.0366158746183, 0.0209089554846, 0.0202417932451, 0.0267940796912, 0.0305597186089, 0.0394304841757, 0.0369241759181, 0.037871774286, 0.0419498421252, 0.0304318070412, 0.0221456568688, 0.0230560842901, 0.0249913278967, 0.0305375494063], "dmean": [0.122753664851, 0.0991046577692, 0.0525029227138, 0.0330469049513, 0.0341398008168, 0.0587171576917, 0.0781868547201, 0.0724730268121, 0.0644155740738, 0.0683459788561, 0.0655843988061, 0.0730119794607, 0.0773633047938, 0.0752614662051, 0.107486508787, 0.112639591098, 0.0988644734025, 0.0550116933882, 0.0400678217411, 0.0430613532662, 0.0847567096353, 0.126530662179, 0.118802852929, 0.0629483312368, 0.0469311028719, 0.0654652640224, 0.0967703685164, 0.116040967405, 0.119497202337, 0.109589643776, 0.116756521165, 0.0966146290302, 0.0651508197188, 0.0633305758238, 0.0713795423508, 0.0982994660735], "max": [1, 1, 1, 1, 1, 1, 1, 1, 1, 1, 1, 1, 1, 1, 1, 1, 1, 1, 1, 1, 1, 1, 1, 1, 1, 1, 1, 1, 1, 1, 1, 1, 1, 1, 1, 1], "var": [0.104078628123, 0.0559647716582, 0.0169004686177, 0.00777931883931, 0.00879653356969, 0.0235033910722, 0.0454135797918, 0.03261160478, 0.0335547141731, 0.0461812019348, 0.0247809123248, 0.0360261760652, 0.0507074967027, 0.0280711986125, 0.0680922418833, 0.151145771146, 0.0580180883408, 0.019213732332, 0.0111820911989, 0.0123727554455, 0.0456663258374, 0.106715232134, 0.0515686608851, 0.0268734190613, 0.0306707378477, 0.0252934228629, 0.0643886849284, 0.0991659164429, 0.0513252541423, 0.0854959338903, 0.109922379255, 0.0540604777634, 0.0187155790627, 0.0198451858014, 0.0266270395368, 0.0738127604127], "mean": [0.263723284006, 0.163630545139, 0.0489509701729, 0.0253650993109, 0.0255741588771, 0.0681696161628, 0.111049123108, 0.0870499014854, 0.0781597569585, 0.0958454608917, 0.0781705379486, 0.0978529378772, 0.117412425578, 0.0875766351819, 0.207948595285, 0.328045487404, 0.187917470932, 0.048167064786, 0.0288392417133, 0.0338273905218, 0.139089480042, 0.249258369207, 0.167200535536, 0.0634382963181, 0.052313901484, 0.061615023762, 0.157213255763, 0.221871346235, 0.161790624261, 0.175043523312, 0.219258606434, 0.135494247079, 0.05762694031, 0.0551778934896, 0.0730341151357, 0.177844285965]}, "tuning_equal_tempered_deviation": 0.000667543092277, "chords_changes_rate": 0.052244041115, "key_key": "D", "tuning_diatonic_strength": 0.609117269516, "key_scale": "major", "chords_number_rate": 0.00210378691554, "tuning_frequency": 452.37008667, "tuning_nontempered_energy_ratio": 0.645401775837, "chords_histogram": [27.6122016907, 6.76718091965, 10.3611497879, 0.683730721474, 0.245441794395, 0, 0.385694235563, 0, 1.5778400898, 0, 1.4551192522, 0.368162691593, 0.0175315570086, 0, 0, 0.315568029881, 0, 1.01683032513, 2.73492288589, 9.02875137329, 8.36255264282, 9.41444587708, 14.0778398514, 5.57503509521], "key_strength": 0.813926398754, "chords_key": "D", "chords_strength": {"dmean2": 0.00730539532378, "median": 0.532764971256, "min": 0.265060156584, "dvar2": 5.05200223415e-05, "dvar": 6.35662290733e-05, "dmean": 0.00945252459496, "max": 0.776583194733, "var": 0.00890976097435, "mean": 0.532527327538}, "chords_scale": "major", "hpcp_entropy": {"dmean2": 0.831549882889, "median": 1.73801147938, "min": 0, "dvar2": 0.530606150627, "dvar": 0.201551616192, "dmean": 0.497791826725, "max": 4.00757980347, "var": 0.425785750151, "mean": 1.72893643379}}, "metadata": {"audio_properties": {"equal_loudness": 0, "codec": "flac", "downmix": "mix", "sample_rate": 44100, "analysis_sample_rate": 44100, "bit_rate": 0, "md5_encoded": "ea1a778d41550e7894021a92ef1c601d", "length": 264.83782959, "replay_gain": -8.89558601379, "lossless": true}, "version": {"essentia_build_sha": "2d9f1f26377add8aeb1075a9c2973f962c4f09fd", "essentia": "2.1-beta2", "extractor": "music 1.0", "essentia_git_sha": "v2.1_beta2-1-ge3940c0"}, "tags": {"title": ["Pablo"], "media": ["12\" Vinyl"], "albumartist": ["Francesco De Gregori"], "tracktotal": ["9"], "musicbrainz_releasegroupid": ["f33c2a84-99d9-3b46-8667-d272b3e330f3"], "releasetype": ["album"], "musicbrainz_recordingid": ["137d7240-f85b-4f35-a29c-bddf380d2dd9"], "originalyear": ["1975"], "musicbrainz_releasetrackid": ["81f7fa3f-5f21-3286-bbb6-295e2ac0968a"], "discnumber": ["1"], "totaldiscs": ["1"], "album": ["Rimmel"], "catalognumber": ["TPL 1-1107"], "releasecountry": ["IT"], "file_name": "04 - Pablo.flac", "musicbrainz_albumartistid": ["9128bb19-1bb7-4f20-9e42-7cd9979a6792"], "albumartistsort": ["De Gregori, Francesco"], "date": ["1975-01"], "genre": ["Latino - Italia"], "disctotal": ["1"], "musicbrainz_artistid": ["9128bb19-1bb7-4f20-9e42-7cd9979a6792"], "originaldate": ["1975-01"], "musicbrainz_albumid": ["02135af8-9888-4c5a-b8d9-7d9220e2d956"], "tracknumber": ["4"], "artistsort": ["De Gregori, Francesco"], "artist": ["Francesco De Gregori"], "label": ["RCA"], "releasestatus": ["official"], "acoustid_id": ["eeaef736-7615-47f1-9b40-0f55aa73e38b"], "script": ["Latn"], "totaltracks": ["9"]}}, "rhythm": {"bpm_histogram_first_peak_bpm": {"dmean2": 0, "median": 148, "min": 148, "dvar2": 0, "dvar": 0, "dmean": 0, "max": 148, "var": 0, "mean": 148}, "bpm": 148.71762085, "bpm_histogram_second_peak_spread": {"dmean2": 0, "median": 0.392156869173, "min": 0.392156869173, "dvar2": 0, "dvar": 0, "dmean": 0, "max": 0.392156869173, "var": 0, "mean": 0.392156869173}, "bpm_histogram_first_peak_weight": {"dmean2": 0, "median": 0.351791530848, "min": 0.351791530848, "dvar2": 0, "dvar": 0, "dmean": 0, "max": 0.351791530848, "var": 0, "mean": 0.351791530848}, "onset_rate": 3.3414080143, "beats_position": [0.545668900013, 1.11455774307, 1.66022670269, 2.20589566231, 2.73995471001, 3.27401351929, 3.8196823597, 4.35374164581, 4.85297060013, 5.35219955444, 5.85142850876, 6.35065746307, 6.84988641739, 7.36072540283, 7.87156438828, 8.38240337372, 8.893242836, 9.47374153137, 10.0542402267, 10.6347389221, 11.2152376175, 11.7957363129, 12.3762359619, 12.9451246262, 13.5372333527, 14.1641721725, 14.8607711792, 15.5573692322, 16.2539672852, 16.9157371521, 17.5775051117, 18.2276649475, 18.8662128448, 19.5047607422, 20.1433105469, 20.7818584442, 21.43201828, 22.0821762085, 22.6742858887, 23.2663936615, 23.8585033417, 24.4506111145, 25.0427207947, 25.5303401947, 26.0063495636, 26.4939670563, 26.9467563629, 27.3995456696, 27.8523349762, 28.3051242828, 28.7579135895, 29.199092865, 29.6286621094, 30.0582313538, 30.4878005981, 30.9289798737, 31.4630374908, 31.9970970154, 32.542766571, 33.0884361267, 33.6224937439, 34.1565513611, 34.7022209167, 35.2478904724, 35.6658477783, 36.0722007751, 36.4901580811, 36.8965072632, 37.3144645691, 37.7208137512, 38.1271629333, 38.5335159302, 38.9398651123, 39.3578224182, 39.7873916626, 40.1821289063, 40.5652618408, 40.9599990845, 41.3547401428, 41.7843093872, 42.1906585693, 42.5970077515, 43.0033569336, 43.4213142395, 43.8276634216, 44.2340126038, 44.6287536621, 45.0351028442, 45.4414520264, 45.8478012085, 46.2773704529, 46.6953277588, 47.1016769409, 47.508026123, 47.9027671814, 48.2858963013, 48.6690254211, 49.0637626648, 49.4817237854, 49.8996810913, 50.3060302734, 50.723991394, 51.1303405762, 51.5366897583, 51.9430389404, 52.3609962463, 52.7905654907, 53.1969146729, 53.5452156067, 53.8935127258, 54.2534217834, 54.6133308411, 55.0429000854, 55.4724693298, 55.8904304504, 56.3199996948, 56.7379570007, 57.1675262451, 57.5854873657, 58.0034446716, 58.4214057922, 58.8277549744, 59.2341041565, 59.6288414001, 60.0235824585, 60.4183197021, 60.8130607605, 61.2077980042, 61.6141471863, 62.0204963684, 62.4268455505, 62.8448066711, 63.2511558533, 63.6458930969, 64.0522460938, 64.4585952759, 64.8533325195, 65.2480697632, 65.6544189453, 66.0607681274, 66.4671173096, 66.8734664917, 67.2682037354, 67.6629486084, 68.0576858521, 68.4524230957, 68.8703842163, 69.2767333984, 69.6830825806, 70.0778198242, 70.4725646973, 70.8673019409, 71.273651123, 71.6916122437, 72.1211776733, 72.5391387939, 72.9570999146, 73.3750534058, 73.7814025879, 74.18775177, 74.5941009521, 75.0004501343, 75.4184112549, 75.8363723755, 76.2659378052, 76.6722869873, 77.0786361694, 77.4849853516, 77.8797302246, 78.2860794067, 78.6924285889, 79.1103820801, 79.5167312622, 79.9230804443, 80.3178253174, 80.7241744995, 81.1305236816, 81.5252609253, 81.9432220459, 82.3611755371, 82.7675247192, 83.1854858398, 83.5802230835, 83.9865722656, 84.4045333862, 84.7992706299, 85.205619812, 85.6119689941, 86.0183181763, 86.4246673584, 86.8310165405, 87.2373657227, 87.6321105957, 88.0268478394, 88.4331970215, 88.8395462036, 89.2458953857, 89.6522445679, 90.0469818115, 90.4417190552, 90.8364639282, 91.2544174194, 91.6607666016, 92.0671157837, 92.4734649658, 92.8798141479, 93.2861633301, 93.6925125122, 94.0988616943, 94.4936065674, 94.8999557495, 95.3179092407, 95.7126541138, 96.1190032959, 96.525352478, 96.9433059692, 97.3496551514, 97.7560043335, 98.1623535156, 98.5687026978, 98.9866638184, 99.3930130005, 99.7993621826, 100.194099426, 100.588844299, 100.995193481, 101.401542664, 101.796279907, 102.191017151, 102.597366333, 103.003715515, 103.410064697, 103.816413879, 104.211151123, 104.617500305, 105.023849487, 105.430198669, 105.836547852, 106.242897034, 106.649246216, 107.043991089, 107.438728333, 107.845077515, 108.251426697, 108.64616394, 109.052513123, 109.458862305, 109.853607178, 110.25995636, 110.654693604, 111.061042786, 111.467391968, 111.87374115, 112.280090332, 112.686439514, 113.081176758, 113.475914001, 113.893875122, 114.311836243, 114.729797363, 115.147750854, 115.565711975, 116.006889343, 116.448066711, 116.889251709, 117.330429077, 117.771606445, 118.212783813, 118.653968811, 119.095146179, 119.524711609, 119.954284668, 120.383850098, 120.813423157, 121.242988586, 121.672561646, 122.090522766, 122.508476257, 122.926437378, 123.33278656, 123.762359619, 124.191925049, 124.621498108, 125.039451599, 125.45741272, 125.87537384, 126.293327332, 126.722900391, 127.140861511, 127.570426941, 128.058044434, 128.545669556, 129.033279419, 129.567337036, 130.078186035, 130.612243652, 131.204345703, 131.796463013, 132.400177002, 133.01550293, 133.642440796, 134.269378662, 134.884719849, 135.511657715, 136.138595581, 136.753921509, 137.357635498, 137.972961426, 138.599899292, 139.215240479, 139.807342529, 140.399459839, 140.99156189, 141.514007568, 142.036453247, 142.558914185, 143.081359863, 143.603805542, 144.114639282, 144.625488281, 145.136322021, 145.635559082, 146.123168945, 146.610794067, 147.098403931, 147.539596558, 147.992385864, 148.445159912, 148.874740601, 149.30430603, 149.73387146, 150.16343689, 150.604629517, 151.045806885, 151.463760376, 151.881713867, 152.299682617, 152.717636108, 153.135604858, 153.576782227, 154.017959595, 154.459136963, 154.91192627, 155.341491699, 155.759460449, 156.165802002, 156.572158813, 156.978500366, 157.373245239, 157.767974854, 158.174331665, 158.569061279, 158.963806152, 159.358551025, 159.764892578, 160.17124939, 160.565979004, 160.960723877, 161.35546875, 161.750198364, 162.144943237, 162.55128479, 162.946029663, 163.340774536, 163.723892212, 164.107025146, 164.50177002, 164.884887695, 165.256408691, 165.651153564, 166.045898438, 166.440628052, 166.835372925, 167.230117798, 167.613235474, 167.996368408, 168.379501343, 168.785842896, 169.192199707, 169.59854126, 170.004898071, 170.411239624, 170.817596436, 171.223937988, 171.618682861, 172.013427734, 172.408157349, 172.802902222, 173.197631836, 173.603988647, 173.998733521, 174.405075073, 174.799819946, 175.194549561, 175.600906372, 176.007247925, 176.413604736, 176.819946289, 177.214691162, 177.609436035, 178.004165649, 178.398910522, 178.805252075, 179.211608887, 179.606338501, 180.001083374, 180.407440186, 180.8021698, 181.208526611, 181.603256226, 182.009613037, 182.41595459, 182.810699463, 183.205444336, 183.60017395, 183.994918823, 184.389663696, 184.784393311, 185.190750122, 185.597091675, 185.991836548, 186.386566162, 186.781311035, 187.176055908, 187.570785522, 187.965530396, 188.383483887, 188.801452637, 189.207794189, 189.614151001, 190.020492554, 190.426849365, 190.821578979, 191.227935791, 191.634277344, 192.040634155, 192.446975708, 192.841720581, 193.236465454, 193.631195068, 194.025939941, 194.432281494, 194.838638306, 195.256591797, 195.65133667, 196.046066284, 196.440811157, 196.83555603, 197.230285645, 197.636642456, 198.042984009, 198.44934082, 198.844070435, 199.250427246, 199.645172119, 200.039901733, 200.446258545, 200.852600098, 201.258956909, 201.6769104, 202.071655273, 202.477996826, 202.872741699, 203.279083252, 203.685440063, 204.091781616, 204.498138428, 204.90447998, 205.310836792, 205.717178345, 206.123535156, 206.529876709, 206.936233521, 207.330978394, 207.737319946, 208.143676758, 208.550018311, 208.956375122, 209.351104736, 209.769073486, 210.175415039, 210.570159912, 210.964889526, 211.371246338, 211.765975952, 212.172332764, 212.578674316, 212.985031128, 213.391372681, 213.786117554, 214.204071045, 214.610427856, 215.016769409, 215.411514282, 215.806259155, 216.212600708, 216.61895752, 217.013687134, 217.431655884, 217.837997437, 218.23274231, 218.639083862, 219.033828735, 219.428573608, 219.823303223, 220.229660034, 220.636001587, 221.053970337, 221.46031189, 221.866668701, 222.261398315, 222.656143188, 223.050872803, 223.457229614, 223.863571167, 224.281539917, 224.68788147, 225.094238281, 225.488967896, 225.883712769, 226.278457642, 226.696411133, 227.102767944, 227.509109497, 227.90385437, 228.298583984, 228.704940796, 229.111282349, 229.506027222, 229.912384033, 230.318725586, 230.725082397, 231.119812012, 231.526168823, 231.920898438, 232.315643311, 232.710388184, 233.116729736, 233.523086548, 233.929428101, 234.335784912, 234.730514526, 235.125259399, 235.508392334, 235.89151001, 236.297866821, 236.704208374, 237.098953247, 237.49369812, 237.888427734, 238.283172607, 238.677902222, 239.072647095, 239.479003906, 239.885345459, 240.291702271, 240.686431885, 241.092788696, 241.487518311, 241.882263184, 242.277008057, 242.671737671, 243.066482544, 243.461227417, 243.855957031, 244.250701904, 244.657043457, 245.063400269, 245.446533203, 245.829650879, 246.23600769, 246.630737305, 247.025482178, 247.431838989, 247.838180542, 248.221313477, 248.616043091, 249.010787964, 249.405532837, 249.81187439, 250.218231201, 250.612960815, 251.007705688, 251.402450562, 251.797180176, 252.191925049, 252.586654663, 252.993011475, 253.387756348, 253.7940979, 254.188842773, 254.583572388, 254.989929199, 255.396270752, 255.791015625, 256.197357178, 256.592102051, 256.998443604, 257.393188477, 257.78793335, 258.182678223, 258.577423096, 258.983764648, 259.390106201, 259.796447754, 260.202819824, 260.609161377, 261.027130127, 261.445068359, 261.874633789, 262.315826416, 262.745391846, 263.186584473, 263.627746582, 264.068939209], "beats_loudness": {"dmean2": 0.0304545275867, "median": 0.0336616896093, "min": 3.33966765353e-09, "dvar2": 0.000788504316006, "dvar": 0.000277859740891, "dmean": 0.0178769733757, "max": 0.103168576956, "var": 0.000645089952741, "mean": 0.0359317213297}, "danceability": 1.04601383209, "bpm_histogram_second_peak_weight": {"dmean2": 0, "median": 0.0504885986447, "min": 0.0504885986447, "dvar2": 0, "dvar": 0, "dmean": 0, "max": 0.0504885986447, "var": 0, "mean": 0.0504885986447}, "beats_count": 615, "bpm_histogram_second_peak_bpm": {"dmean2": 0, "median": 140, "min": 140, "dvar2": 0, "dvar": 0, "dmean": 0, "max": 140, "var": 0, "mean": 140}, "bpm_histogram_first_peak_spread": {"dmean2": 0, "median": 0.517857134342, "min": 0.517857134342, "dvar2": 0, "dvar": 0, "dmean": 0, "max": 0.517857134342, "var": 0, "mean": 0.517857134342}, "beats_loudness_band_ratio": {"dmean2": [0.368590682745, 0.285898655653, 0.256112158298, 0.209796056151, 0.0619098432362, 0.0773666203022], "median": [0.427695482969, 0.21213850379, 0.111878894269, 0.0842195600271, 0.0274617057294, 0.011598739773], "min": [0.00187172263395, 0.0157854817808, 0.00381515244953, 0.00270960037597, 0.000741341558751, 0.000154888577526], "dvar2": [0.0770320668817, 0.0650353878736, 0.0695587396622, 0.0535968765616, 0.00547275785357, 0.025970261544], "dvar": [0.0293189827353, 0.0224648602307, 0.0248781759292, 0.0198490954936, 0.00191954779439, 0.00892869383097], "dmean": [0.221367880702, 0.159938469529, 0.147818624973, 0.12086443603, 0.0345716960728, 0.0407957658172], "max": [0.96793037653, 0.94236934185, 0.83643591404, 0.873756051064, 0.408465236425, 0.855168044567], "var": [0.0610024183989, 0.0365229062736, 0.0332193560898, 0.0236323643476, 0.00174693379086, 0.00524829560891], "mean": [0.419314414263, 0.259829729795, 0.184170782566, 0.142165541649, 0.039683572948, 0.0319102555513]}}, "lowlevel": {"barkbands_spread": {"dmean2": 6.10859680176, "median": 12.4190969467, "min": 1.04819953442, "dvar2": 105.596176147, "dvar": 51.1615753174, "dmean": 4.03396844864, "max": 116.001068115, "var": 157.236480713, "mean": 15.3739957809}, "melbands_spread": {"dmean2": 6.38817358017, "median": 13.3290586472, "min": 0.599013745785, "dvar2": 98.3286972046, "dvar": 52.2578010559, "dmean": 4.20846843719, "max": 235.202590942, "var": 155.441543579, "mean": 16.0463161469}, "hfc": {"dmean2": 7.09527254105, "median": 10.9395828247, "min": 1.16133656608e-16, "dvar2": 175.081314087, "dvar": 97.1222305298, "dmean": 5.14097738266, "max": 277.208587646, "var": 391.906066895, "mean": 16.9780006409}, "barkbands_kurtosis": {"dmean2": 4.7058672905, "median": 3.19533395767, "min": -1.93127942085, "dvar2": 111.263175964, "dvar": 43.6314315796, "dmean": 3.02513885498, "max": 311.500732422, "var": 83.1716537476, "mean": 5.86080789566}, "gfcc": {"mean": [-44.2279663086, 107.496253967, -100.529518127, 0.585089027882, -47.9590835571, 10.9844875336, -37.196308136, -6.62604093552, -29.1412448883, -0.516863167286, -22.7540512085, -3.38774561882, -12.9377470016], "icov": [[9.02539395611e-05, -8.78557257238e-05, 9.35393400141e-05, -7.28294326109e-05, 0.000163534845342, -0.000212928542169, 0.000135433539981, -0.000340794213116, 0.000268422474619, -0.000107342384581, 0.000209919395274, -0.000114323476737, 0.000143298282637], [-8.78557257238e-05, 0.00147806701716, 0.000424136756919, 0.000423221819801, -0.00105192430783, 0.000935370335355, -0.0009400092531, 0.00136133655906, -0.00140081543941, 0.000951054971665, -0.00115931290202, 0.00129395711701, -0.00106804620009], [9.35393400141e-05, 0.000424136756919, 0.00244954042137, -0.0003335076035, -0.000433438894106, -5.28387136001e-05, 0.000588340684772, -0.00130448141135, 0.000412519613747, -0.00044998768135, -8.89038201421e-05, -0.000436836649897, 0.000531602010597], [-7.28294326109e-05, 0.000423221819801, -0.0003335076035, 0.00306994444691, -0.00136922404636, -0.000612690055277, 0.000626854191069, 0.000348849920556, -0.00121927727014, 0.00157677265815, -0.00268133333884, 0.00210334453732, -0.00194489629939], [0.000163534845342, -0.00105192430783, -0.000433438894106, -0.00136922404636, 0.00507624866441, -0.000993675668724, -0.000962740276009, 0.000842212059069, 0.000272768578725, -0.00243574474007, 0.00164154323284, -0.00172192777973, -0.000333419709932], [-0.000212928542169, 0.000935370335355, -5.28387136001e-05, -0.000612690055277, -0.000993675668724, 0.0062915715389, -0.00244518206455, -0.00136674987152, -0.000170928833541, 9.3903443485e-05, -0.00196695304476, 0.00103890383616, -0.000367174041457], [0.000135433539981, -0.0009400092531, 0.000588340684772, 0.000626854191069, -0.000962740276009, -0.00244518206455, 0.00587641773745, -0.00192467903253, -9.36240612646e-05, 0.00030648993561, 1.36994667628e-05, -0.00239786366001, 0.0012807828607], [-0.000340794213116, 0.00136133655906, -0.00130448141135, 0.000348849920556, 0.000842212059069, -0.00136674987152, -0.00192467903253, 0.0095481807366, -0.00289271958172, 0.000396257237298, -0.00133008230478, 0.00104966270737, -0.00173500704113], [0.000268422474619, -0.00140081543941, 0.000412519613747, -0.00121927727014, 0.000272768578725, -0.000170928833541, -9.36240612646e-05, -0.00289271958172, 0.0123080322519, -0.00401757098734, 0.0012023987947, -0.000629195943475, -0.000821336638182], [-0.000107342384581, 0.000951054971665, -0.00044998768135, 0.00157677265815, -0.00243574474007, 9.3903443485e-05, 0.00030648993561, 0.000396257237298, -0.00401757098734, 0.0133614744991, -0.00338110956363, -0.000947276712395, -0.00032345103682], [0.000209919395274, -0.00115931290202, -8.89038201421e-05, -0.00268133333884, 0.00164154323284, -0.00196695304476, 1.36994667628e-05, -0.00133008230478, 0.0012023987947, -0.00338110956363, 0.0146321011707, -0.00322553818114, 0.00141131703276], [-0.000114323476737, 0.00129395711701, -0.000436836649897, 0.00210334453732, -0.00172192777973, 0.00103890383616, -0.00239786366001, 0.00104966270737, -0.000629195943475, -0.000947276712395, -0.00322553818114, 0.0144055821002, -0.00590622983873], [0.000143298282637, -0.00106804620009, 0.000531602010597, -0.00194489629939, -0.000333419709932, -0.000367174041457, 0.0012807828607, -0.00173500704113, -0.000821336638182, -0.00032345103682, 0.00141131703276, -0.00590622983873, 0.0175081975758]], "cov": [[18078.9765625, -1331.58203125, -35.5512809753, 133.080688477, -921.780700684, 760.677246094, -212.144638062, 845.077575684, -349.292816162, -105.010017395, -64.8916549683, -126.312400818, -171.380432129], [-1331.58203125, 1945.62792969, -523.211547852, -75.6570587158, 410.580688477, -251.198120117, 229.389724731, -349.069885254, 164.384887695, -21.9433422089, 14.1985521317, -13.5952072144, 89.8228988647], [-35.5512809753, -523.211547852, 629.323425293, 125.744819641, -20.1345272064, 105.286956787, -60.6529579163, 151.719726563, -20.4388637543, 39.0600090027, 32.5223426819, 20.5766353607, -11.3870887756], [133.080688477, -75.6570587158, 125.744819641, 589.656494141, 122.161514282, 137.873703003, -18.6593933105, 56.8538703918, 47.0519065857, -1.88155543804, 94.4221115112, -32.7449569702, 51.7113418579], [-921.780700684, 410.580688477, -20.1345272064, 122.161514282, 424.864501953, 31.6311225891, 141.829864502, -72.7763595581, 78.0346069336, 61.0546302795, 31.656167984, 53.1000785828, 58.0893974304], [760.677246094, -251.198120117, 105.286956787, 137.873703003, 31.6311225891, 333.959899902, 114.46786499, 149.538711548, 9.21999263763, 26.614774704, 58.5284118652, 17.5385055542, 6.74312877655], [-212.144638062, 229.389724731, -60.6529579163, -18.6593933105, 141.829864502, 114.46786499, 321.171173096, 36.7897644043, 50.2924575806, 26.7171287537, 32.7478408813, 57.742061615, 20.4429359436], [845.077575684, -349.069885254, 151.719726563, 56.8538703918, -72.7763595581, 149.538711548, 36.7897644043, 242.309570313, 6.71201848984, 17.4193248749, 27.7238025665, 10.3627166748, -1.53329145908], [-349.292816162, 164.384887695, -20.4388637543, 47.0519065857, 78.0346069336, 9.21999263763, 50.2924575806, 6.71201848984, 125.917686462, 36.239654541, 18.2078609467, 14.744969368, 27.4824485779], [-105.010017395, -21.9433422089, 39.0600090027, -1.88155543804, 61.0546302795, 26.614774704, 26.7171287537, 17.4193248749, 36.239654541, 106.569633484, 25.1175880432, 30.040517807, 11.396528244], [-64.8916549683, 14.1985521317, 32.5223426819, 94.4221115112, 31.656167984, 58.5284118652, 32.7478408813, 27.7238025665, 18.2078609467, 25.1175880432, 101.952110291, 18.8143978119, 12.5274677277], [-126.312400818, -13.5952072144, 20.5766353607, -32.7449569702, 53.1000785828, 17.5385055542, 57.742061615, 10.3627166748, 14.744969368, 30.040517807, 18.8143978119, 108.266464233, 30.3769321442], [-171.380432129, 89.8228988647, -11.3870887756, 51.7113418579, 58.0893974304, 6.74312877655, 20.4429359436, -1.53329145908, 27.4824485779, 11.396528244, 12.5274677277, 30.3769321442, 80.4258956909]]}, "spectral_energyband_middle_low": {"dmean2": 0.00735663808882, "median": 0.0105258598924, "min": 2.65575690919e-22, "dvar2": 0.000137256516609, "dvar": 5.97880170972e-05, "dmean": 0.00494256010279, "max": 0.11293848604, "var": 0.000240667286562, "mean": 0.0155405774713}, "melbands_crest": {"dmean2": 4.0792427063, "median": 13.2613525391, "min": 2.10958623886, "dvar2": 17.4562721252, "dvar": 6.76602888107, "dmean": 2.54953742027, "max": 39.2713546753, "var": 24.9976444244, "mean": 14.0407466888}, "spectral_kurtosis": {"dmean2": 4.93289995193, "median": 8.01623344421, "min": -1.24366414547, "dvar2": 48.743057251, "dvar": 17.8517494202, "dmean": 3.05969333649, "max": 77.9531097412, "var": 75.631072998, "mean": 10.5453672409}, "spectral_rms": {"dmean2": 0.00090601737611, "median": 0.00466660223901, "min": 3.19463617886e-12, "dvar2": 1.45964054354e-06, "dvar": 6.87876138272e-07, "dmean": 0.00062456575688, "max": 0.0125953080133, "var": 5.65270875086e-06, "mean": 0.00462048780173}, "zerocrossingrate": {"dmean2": 0.0108542712405, "median": 0.03759765625, "min": 0.0048828125, "dvar2": 0.000350017042365, "dvar": 0.000326203939039, "dmean": 0.00937726069242, "max": 0.54248046875, "var": 0.00173011457082, "mean": 0.0467714108527}, "silence_rate_60dB": {"dmean2": 0.0301622096449, "median": 0, "min": 0, "dvar2": 0.0322383530438, "dvar": 0.0148537419736, "dmean": 0.0150797823444, "max": 1, "var": 0.123557664454, "mean": 0.144385024905}, "erbbands_kurtosis": {"dmean2": 2.03039288521, "median": 0.562704205513, "min": -1.76273751259, "dvar2": 11.0434303284, "dvar": 4.71352672577, "dmean": 1.3420342207, "max": 40.5374145508, "var": 14.1249351501, "mean": 1.82885611057}, "erbbands": {"dmean2": [0.0958363190293, 0.873405575752, 1.91108083725, 3.92510795593, 10.3392848969, 10.5109491348, 9.49451828003, 9.56708240509, 11.1770648956, 16.3363380432, 28.1914463043, 41.8772964478, 61.8683929443, 35.0121459961, 25.7023830414, 54.4169502258, 31.677406311, 23.9835166931, 16.0641498566, 11.6938085556, 8.4473772049, 4.55048370361, 4.14930915833, 2.0983235836, 1.91343295574, 2.88102602959, 1.84071493149, 1.3017077446, 1.30126047134, 1.36551403999, 1.14810240269, 1.54185712337, 0.959066331387, 0.62176823616, 0.519297897816, 0.322821050882, 0.137570917606, 0.0433998480439, 0.00394435226917, 0.000148185587022], "median": [0.00322241149843, 0.0812696814537, 0.836109101772, 3.35210251808, 6.77245044708, 6.84576892853, 6.51027441025, 7.49354696274, 5.03072834015, 4.92662239075, 7.9252281189, 8.34652137756, 10.8012962341, 8.63512420654, 8.20950603485, 10.0143413544, 11.0271110535, 9.06439685822, 7.73650217056, 5.43126106262, 3.34608626366, 2.45112681389, 1.94433248043, 1.11107325554, 1.11357402802, 1.36590588093, 0.944397807121, 0.556341648102, 0.534402310848, 0.485124886036, 0.320183306932, 0.24347692728, 0.18873950839, 0.120546832681, 0.0616267994046, 0.0333073250949, 0.010412376374, 0.00285698729567, 0.000297021557344, 4.24312856921e-05], "min": [1.11600164883e-22, 1.35788806134e-21, 5.70659222241e-21, 2.06610717711e-20, 4.22626899039e-20, 3.6510378989e-20, 8.40135941156e-20, 1.1575353527e-19, 2.63239864338e-19, 6.81931522699e-19, 9.80861154391e-19, 1.28603155361e-18, 1.05039281931e-18, 1.04732615059e-18, 1.98813004984e-18, 3.63018717013e-18, 2.35654822966e-18, 2.311546916e-18, 4.13947813737e-18, 4.14859945799e-18, 7.14807216439e-18, 7.20206141579e-18, 8.90742163438e-18, 9.32883624207e-18, 8.68080806095e-18, 8.99636340257e-18, 1.01874629528e-17, 1.40169146238e-17, 1.44959101011e-17, 1.54049451983e-17, 1.36986883159e-17, 1.23918049867e-17, 1.03343942178e-17, 1.1107567381e-17, 7.44233174114e-18, 4.6745953377e-18, 2.71230971892e-18, 1.24899919458e-18, 3.3855256531e-19, 3.25613379653e-20], "dvar2": [0.113167338073, 10.515417099, 23.1917037964, 48.8286094666, 389.421691895, 540.934448242, 488.915161133, 559.975036621, 1229.12353516, 3196.45556641, 6906.27539063, 16957.4316406, 55549.09375, 14939.8183594, 6342.07666016, 30072.8574219, 6714.15625, 5615.60449219, 1548.7689209, 1146.45959473, 1042.10095215, 157.993286133, 134.528335571, 28.8139381409, 20.7860794067, 57.7008094788, 19.3328647614, 12.398765564, 13.0428171158, 14.4598789215, 14.8863258362, 55.3625068665, 11.4705438614, 4.4695725441, 3.58487200737, 1.81106007099, 0.470147073269, 0.0501842200756, 0.000333041418344, 2.88002155457e-07], "dvar": [0.0414719507098, 3.74648928642, 9.06260490417, 20.2962360382, 154.428421021, 227.685806274, 254.063339233, 289.518310547, 619.682495117, 1651.44067383, 3041.29858398, 7716.62988281, 22781.6132813, 7273.43945313, 2803.08251953, 12534.5546875, 2771.95581055, 2454.06884766, 725.954467773, 526.477355957, 385.732391357, 61.1554603577, 55.306022644, 10.9061832428, 8.75688743591, 23.8777427673, 8.64452648163, 5.67837285995, 6.02368831635, 6.75835084915, 7.31229543686, 25.3188362122, 6.05849123001, 2.56956839561, 2.10816907883, 1.12115991116, 0.290754288435, 0.0289396252483, 0.000182544492418, 1.46783619925e-07], "dmean": [0.0575557760894, 0.514122724533, 1.17320907116, 2.53864336014, 6.73727703094, 6.84920167923, 6.33011627197, 6.49935865402, 7.74783277512, 11.2501077652, 18.8454837799, 27.9184360504, 41.6233406067, 23.9965724945, 17.4240837097, 34.8902206421, 20.5959358215, 15.7518634796, 10.696149826, 7.44085025787, 5.34728002548, 2.92773222923, 2.69379711151, 1.32839798927, 1.25634658337, 1.86049318314, 1.22990953922, 0.880537509918, 0.876893103123, 0.908997237682, 0.778862714767, 1.06608557701, 0.669492304325, 0.451877325773, 0.373538166285, 0.229717701674, 0.0971773862839, 0.0297536831349, 0.00265488424338, 9.75606162683e-05], "max": [3.42352628708, 31.6084804535, 47.95753479, 97.3311920166, 285.064575195, 390.333312988, 612.700866699, 602.863830566, 949.692260742, 1124.6965332, 1430.91821289, 2705.79541016, 3126.04711914, 2663.25610352, 1518.62756348, 2794.74755859, 1290.87634277, 1571.0802002, 1213.88220215, 939.580444336, 893.11340332, 194.015930176, 232.975311279, 116.27016449, 71.7437210083, 134.179504395, 88.0299682617, 88.5945281982, 88.9368057251, 80.7423324585, 91.6554718018, 242.735412598, 98.6015777588, 63.8923683167, 57.318561554, 45.0770530701, 21.8263988495, 7.75942659378, 0.579383969307, 0.0141239333898], "var": [0.052591085434, 3.68078804016, 24.3222999573, 73.1796646118, 464.069519043, 753.684814453, 715.65838623, 1009.19085693, 2529.18774414, 3841.61523438, 6191.59375, 18359.2246094, 47312.9492188, 18554.21875, 6797.95703125, 27735.7558594, 5550.7890625, 4160.43066406, 1911.59240723, 1086.91027832, 789.625610352, 119.120033264, 145.719802856, 20.7160797119, 19.049413681, 39.9054298401, 16.4695396423, 11.2758989334, 11.820640564, 12.7491235733, 14.581662178, 37.5076789856, 12.2811317444, 6.05011844635, 5.07939481735, 2.65348792076, 0.643634438515, 0.0577414631844, 0.000354192365194, 2.49873068014e-07], "mean": [0.102968119085, 0.930619716644, 2.92343449593, 6.62069320679, 14.6065330505, 15.3667182922, 14.0312366486, 16.0898151398, 18.8207645416, 21.0982570648, 33.2091407776, 48.9535522461, 70.2193908691, 45.6732788086, 33.0502662659, 60.5809822083, 35.7294502258, 27.673248291, 20.4925708771, 14.2053718567, 9.38507270813, 5.97352933884, 5.38534259796, 2.64920568466, 2.550552845, 3.3498005867, 2.3501868248, 1.65323734283, 1.61627089977, 1.54175233841, 1.27171587944, 1.49457502365, 1.04770922661, 0.7346367836, 0.565218567848, 0.350461870432, 0.142961040139, 0.0416167266667, 0.00362474634312, 0.000143180339364]}, "spectral_strongpeak": {"dmean2": 0.856922090054, "median": 0.49445861578, "min": 0, "dvar2": 2.10652971268, "dvar": 0.90491104126, "dmean": 0.522555828094, "max": 12.2742700577, "var": 2.11382007599, "mean": 1.0703805685}, "spectral_energy": {"dmean2": 0.0109432293102, "median": 0.0223216079175, "min": 1.04608434892e-20, "dvar2": 0.000318662176142, "dvar": 0.000135183072416, "dmean": 0.00733910826966, "max": 0.162607833743, "var": 0.000543563743122, "mean": 0.0276767276227}, "average_loudness": 0.778378367424, "spectral_rolloff": {"dmean2": 580.851501465, "median": 796.728515625, "min": 21.533203125, "dvar2": 2671463.75, "dvar": 1267293.25, "dmean": 343.816619873, "max": 19035.3515625, "var": 2404950.75, "mean": 1069.72058105}, "spectral_centroid": {"dmean2": 199.154998779, "median": 712.725769043, "min": 195.375717163, "dvar2": 97302.7578125, "dvar": 51189.046875, "dmean": 133.094558716, "max": 11238.9375, "var": 201593.234375, "mean": 801.819702148}, "pitch_salience": {"dmean2": 0.0985540226102, "median": 0.54395198822, "min": 0.0629934296012, "dvar2": 0.00895956996828, "dvar": 0.00347468932159, "dmean": 0.0617732517421, "max": 0.874427080154, "var": 0.0113379452378, "mean": 0.538177013397}, "spectral_energyband_middle_high": {"dmean2": 0.00275295018218, "median": 0.00218771025538, "min": 1.26451722242e-21, "dvar2": 3.63500148524e-05, "dvar": 1.81878203875e-05, "dmean": 0.0019153226167, "max": 0.086948685348, "var": 7.36954098102e-05, "mean": 0.00528827961534}, "spectral_contrast_coeffs": {"dmean2": [0.070536762476, 0.0666280388832, 0.0599308088422, 0.0485782250762, 0.0369927510619, 0.0298843383789], "median": [-0.588937938213, -0.699285209179, -0.724144399166, -0.710076868534, -0.764527320862, -0.780600965023], "min": [-0.970775425434, -0.967494606972, -0.967114746571, -0.969129025936, -0.963770627975, -0.964095711708], "dvar2": [0.00372605840676, 0.00354413711466, 0.00286523276009, 0.00159216462635, 0.00098781764973, 0.0007246210007], "dvar": [0.00147089804523, 0.00148404762149, 0.00130841194186, 0.000708447303623, 0.000469359772978, 0.000347786059137], "dmean": [0.0433572232723, 0.0420593246818, 0.0386372432113, 0.0312506519258, 0.0242225173861, 0.0198008827865], "max": [-0.240197226405, -0.353134483099, -0.38558369875, -0.448452681303, -0.58378303051, -0.627422213554], "var": [0.0129990745336, 0.00705974083394, 0.00712885940447, 0.00370992603712, 0.00266837165691, 0.00211204751395], "mean": [-0.581927001476, -0.693191170692, -0.714881539345, -0.712416529655, -0.763550877571, -0.778401970863]}, "melbands_skewness": {"dmean2": 0.924049139023, "median": 2.16459417343, "min": -1.7164593935, "dvar2": 1.30041384697, "dvar": 0.58753156662, "dmean": 0.624889492989, "max": 31.8994731903, "var": 2.92328548431, "mean": 2.39743280411}, "spectral_spread": {"dmean2": 922715.375, "median": 4000354.75, "min": 957737.875, "dvar2": 1876495695870.0, "dvar": 1102836793340.0, "dmean": 662748.1875, "max": 41318920, "var": 5419611193340.0, "mean": 4354935.5}, "dissonance": {"dmean2": 0.0458339564502, "median": 0.446875095367, "min": 0.0569009557366, "dvar2": 0.00214718328789, "dvar": 0.000810527708381, "dmean": 0.0273969434202, "max": 0.500000119209, "var": 0.00200798851438, "mean": 0.436065554619}, "spectral_skewness": {"dmean2": 0.458521127701, "median": 2.3579826355, "min": -0.0385490208864, "dvar2": 0.240065589547, "dvar": 0.101317591965, "dmean": 0.298085182905, "max": 6.51612138748, "var": 0.576681792736, "mean": 2.4514746666}, "spectral_flux": {"dmean2": 0.0335180424154, "median": 0.0540511980653, "min": 6.68022859251e-11, "dvar2": 0.00167806458194, "dvar": 0.000773355015554, "dmean": 0.0217045545578, "max": 0.33158826828, "var": 0.00255660619587, "mean": 0.0651345029473}, "spectral_contrast_valleys": {"dmean2": [0.639604628086, 0.517756283283, 0.470318108797, 0.414753705263, 0.409309834242, 0.51256531477], "median": [-7.65622472763, -6.97776985168, -7.61536693573, -8.27250099182, -8.67493724823, -10.8657817841], "min": [-27.6706027985, -27.7111053467, -27.6611747742, -27.5620384216, -27.3403720856, -27.348443985], "dvar2": [0.352430522442, 0.225095108151, 0.183471396565, 0.144157454371, 0.179241403937, 0.344350010157], "dvar": [0.159759506583, 0.102443188429, 0.0912075862288, 0.0788523033261, 0.117439247668, 0.220738619566], "dmean": [0.394079476595, 0.320473432541, 0.297570317984, 0.269956290722, 0.295598804951, 0.391867846251], "max": [-4.89090108871, -4.76501512527, -5.03062057495, -5.4421453476, -5.8958773613, -7.34677648544], "var": [2.32442641258, 1.69944489002, 1.93453288078, 1.87202346325, 2.17408180237, 2.83217668533], "mean": [-7.80324459076, -7.22179889679, -7.81298542023, -8.50339031219, -9.00170040131, -11.2656993866]}, "erbbands_flatness_db": {"dmean2": 0.0265353359282, "median": 0.174066245556, "min": 0.0220799725503, "dvar2": 0.000746183970477, "dvar": 0.000386646919651, "dmean": 0.0185862965882, "max": 0.354619085789, "var": 0.0030458860565, "mean": 0.176257431507}, "spectral_energyband_high": {"dmean2": 0.000301391410176, "median": 0.000130583473947, "min": 7.26200196674e-21, "dvar2": 7.9913428408e-07, "dvar": 5.1930447853e-07, "dmean": 0.000221992464503, "max": 0.0243161395192, "var": 1.3965538983e-06, "mean": 0.000426251004683}, "spectral_entropy": {"dmean2": 0.257961422205, "median": 6.9825501442, "min": 5.23082065582, "dvar2": 0.0805591121316, "dvar": 0.0444568134844, "dmean": 0.182580217719, "max": 9.821849823, "var": 0.326791286469, "mean": 6.98702287674}, "silence_rate_20dB": {"dmean2": 0, "median": 1, "min": 1, "dvar2": 0, "dvar": 0, "dmean": 0, "max": 1, "var": 0, "mean": 1}, "melbands_flatness_db": {"dmean2": 0.0327024795115, "median": 0.248162940145, "min": 0.0047578564845, "dvar2": 0.00121024670079, "dvar": 0.000587875547353, "dmean": 0.0222560986876, "max": 0.45603120327, "var": 0.00406546378508, "mean": 0.250298082829}, "barkbands": {"dmean2": [0.000201355622266, 0.0036059091799, 0.00170722592156, 0.00183562678285, 0.00327322701924, 0.00120345817413, 0.000857301347423, 0.00120911793783, 0.00222725002095, 0.00142177043017,