{"tonal": {"thpcp": [1, 0.625592470169, 0.28772637248, 0.281280368567, 0.235930770636, 0.42973741889, 0.649992525578, 0.494364976883, 0.532790005207, 0.732252597809, 0.479286849499, 0.234454706311, 0.23551890254, 0.284843116999, 0.620890378952, 0.857876121998, 0.581987142563, 0.374245256186, 0.370799958706, 0.327204674482, 0.649567186832, 0.964496016502, 0.645834982395, 0.383059352636, 0.414512604475, 0.363608300686, 0.417979985476, 0.532563567162, 0.463449627161, 0.603641629219, 0.859023332596, 0.65931135416, 0.445993542671, 0.418397337198, 0.342450737953, 0.666804671288], "hpcp": {"dmean2": [0.180134892464, 0.210853382945, 0.227166905999, 0.237324848771, 0.216612875462, 0.199268355966, 0.188380211592, 0.173290133476, 0.207444384694, 0.222717061639, 0.195609256625, 0.128822281957, 0.11386936903, 0.121071487665, 0.160782888532, 0.162638455629, 0.182054892182, 0.181428045034, 0.187460258603, 0.157714828849, 0.112076759338, 0.117217622697, 0.145740553737, 0.229799821973, 0.244922250509, 0.188156992197, 0.155684694648, 0.145771205425, 0.146712660789, 0.203198328614, 0.218425050378, 0.204870015383, 0.161786749959, 0.161147028208, 0.165686637163, 0.169182479382], "median": [0.0296859554946, 0.0326786451042, 0.0542112886906, 0.0656181126833, 0.0555219985545, 0.0339766815305, 0.0227645672858, 0.0199814848602, 0.0627605170012, 0.0992788299918, 0.0707246363163, 0.0194103140384, 0.013054009527, 0.0144157484174, 0.0313097164035, 0.0418112874031, 0.0402379631996, 0.0372603498399, 0.0346554480493, 0.0268389768898, 0.018525801599, 0.0151701644063, 0.0184308551252, 0.0564720593393, 0.0844410657883, 0.0522945523262, 0.0236995108426, 0.0164306443185, 0.0212665591389, 0.072943225503, 0.107170328498, 0.0700742006302, 0.0213768184185, 0.0134674757719, 0.0142034180462, 0.0251354239881], "min": [0, 0, 0, 0, 0, 0, 0, 0, 0, 0, 0, 0, 0, 0, 0, 0, 0, 0, 0, 0, 0, 0, 0, 0, 0, 0, 0, 0, 0, 0, 0, 0, 0, 0, 0, 0], "dvar2": [0.0932436510921, 0.114786013961, 0.1178143695, 0.111633136868, 0.100968115032, 0.104392826557, 0.11001265049, 0.0964398831129, 0.0896741449833, 0.0974040850997, 0.0847277194262, 0.0596178025007, 0.0560256056488, 0.0632810518146, 0.0772477537394, 0.068538941443, 0.0896830931306, 0.0814036726952, 0.0866827815771, 0.0683391690254, 0.0514264293015, 0.0591514371336, 0.077046841383, 0.111178390682, 0.111742950976, 0.0819134786725, 0.0757009834051, 0.0728454291821, 0.0665748864412, 0.0838060602546, 0.0931988731027, 0.0917364507914, 0.0788192749023, 0.0957602411509, 0.099091462791, 0.086643487215], "dvar": [0.0365760028362, 0.0417314432561, 0.0431256443262, 0.046005692333, 0.039648078382, 0.0383603796363, 0.0402863807976, 0.03564972803, 0.0344991758466, 0.0432992242277, 0.0319771692157, 0.0225480031222, 0.0221048202366, 0.0228385869414, 0.0287598464638, 0.0299991127104, 0.0325468853116, 0.031591206789, 0.0388866923749, 0.0275437217206, 0.0194477345794, 0.0214479397982, 0.0286943912506, 0.0437132865191, 0.0454844646156, 0.0320753231645, 0.0296345409006, 0.0296982377768, 0.0261335335672, 0.03280088678, 0.0388971827924, 0.0350192338228, 0.030432600528, 0.0356256105006, 0.0351298004389, 0.0321437008679], "dmean": [0.103423461318, 0.118348404765, 0.131004288793, 0.140422075987, 0.128385722637, 0.112778313458, 0.106685645878, 0.0979186370969, 0.122023232281, 0.133432820439, 0.114489249885, 0.0731588155031, 0.0660041719675, 0.0678595378995, 0.0923940315843, 0.0980261787772, 0.105445437133, 0.106595113873, 0.112427696586, 0.0946783050895, 0.0632802695036, 0.0658836215734, 0.0823199898005, 0.132796749473, 0.142953723669, 0.111257515848, 0.0908385962248, 0.0844826772809, 0.0837870389223, 0.119425974786, 0.130747869611, 0.119199790061, 0.0921825394034, 0.0902746915817, 0.092650026083, 0.0961508750916], "max": [1, 1, 1, 1, 1, 1, 1, 1, 1, 1, 1, 1, 1, 1, 1, 1, 1, 1, 1, 1, 1, 1, 1, 1, 1, 1, 1, 1, 1, 1, 1, 1, 1, 1, 1, 1], "var": [0.0637986212969, 0.0450066998601, 0.0535892434418, 0.0998057872057, 0.0642341971397, 0.0402451343834, 0.0444193407893, 0.0330608449876, 0.0583771206439, 0.114599145949, 0.0489113591611, 0.0251407846808, 0.0304358731955, 0.0187493488193, 0.0389714203775, 0.0782312676311, 0.0443201698363, 0.048840355128, 0.0939468815923, 0.0433074235916, 0.0178900621831, 0.0187821257859, 0.0244822110981, 0.0588229075074, 0.0921540334821, 0.0538696758449, 0.0353718437254, 0.0435838289559, 0.0302523076534, 0.0542608760297, 0.105383522809, 0.0551665276289, 0.0386855490506, 0.0555502474308, 0.0407005026937, 0.042128495872], "mean": [0.142601490021, 0.124095253646, 0.161633655429, 0.2300157547, 0.176540017128, 0.119421139359, 0.112031854689, 0.0916960686445, 0.178546473384, 0.267764270306, 0.167511314154, 0.0770428404212, 0.0753168314695, 0.0631738305092, 0.11506832391, 0.174044772983, 0.132373273373, 0.142662122846, 0.196071088314, 0.128335893154, 0.0627785921097, 0.0630635470152, 0.0762708112597, 0.16625225544, 0.229708567262, 0.155835360289, 0.100209504366, 0.099286980927, 0.0876137241721, 0.173930883408, 0.258257567883, 0.172931537032, 0.10256960988, 0.110991664231, 0.0973613113165, 0.111920103431]}, "tuning_equal_tempered_deviation": 0, "chords_changes_rate": 0.0710671544075, "key_key": "A#", "tuning_diatonic_strength": 0.503644645214, "key_scale": "major", "chords_number_rate": 0.00390984350815, "tuning_frequency": 438.984558105, "tuning_nontempered_energy_ratio": 0.680336594582, "chords_histogram": [2.50689983368, 4.94480228424, 9.08463668823, 1.72493100166, 3.74885010719, 0, 2.98988032341, 1.14995396137, 1.05795764923, 0, 0.551977932453, 0, 0, 0.850965976715, 1.26494944096, 9.6366147995, 0.252989888191, 5.08279657364, 2.66789317131, 6.34774589539, 2.66789317131, 29.6228141785, 6.43974256516, 7.40570354462], "key_strength": 0.69367480278, "chords_key": "C", "chords_strength": {"dmean2": 0.0107645010576, "median": 0.470919966698, "min": 0.249950870872, "dvar2": 0.000104026563349, "dvar": 9.02170795598e-05, "dmean": 0.0111805349588, "max": 0.709925174713, "var": 0.00697581656277, "mean": 0.472654402256}, "chords_scale": "minor", "hpcp_entropy": {"dmean2": 1.00035440922, "median": 1.85325241089, "min": 0, "dvar2": 0.725503504276, "dvar": 0.287761300802, "dmean": 0.603145003319, "max": 4.34819698334, "var": 0.605540156364, "mean": 1.81645286083}}, "metadata": {"audio_properties": {"equal_loudness": 0, "codec": "mp3", "downmix": "mix", "sample_rate": 44100, "analysis_sample_rate": 44100, "bit_rate": 250654, "md5_encoded": "a006783a48e342b90b72d4458a483911", "length": 201.874282837, "replay_gain": -13.2662467957, "lossless": false}, "version": {"essentia_build_sha": "70f2e5ece6736b2c40cc944ad0e695b16b925413", "essentia": "2.1-beta2", "extractor": "music 1.0", "essentia_git_sha": "v2.1_beta2"}, "tags": {"title": ["Case Study"], "barcode": ["6420114012111"], "media": ["CD"], "albumartist": ["The Five Corners Quintet"], "language": ["eng"], "musicbrainz_recordingid": ["137f1385-4f82-4ff0-b426-fa26842c32b3"], "composer": ["T. Kallio / Okou"], "musicbrainz_albumartistid": ["11169133-202b-43fc-8efd-8155ec7e659d"], "discnumber": ["1/1"], "album": ["Chasin' the Jazz Gone By"], "catalognumber": ["RTCD01"], "musicbrainz album release country": ["FI"], "musicbrainz album type": ["album"], "musicbrainz album status": ["official"], "file_name": "07 - Case Study feat. Okou.mp3", "originaldate": ["2005"], "date": ["2005"], "genre": ["Jazz"], "musicbrainz_artistid": ["11169133-202b-43fc-8efd-8155ec7e659d/45abd91f-34e3-4d9e-98ae-4de8e8615b52"], "asin": ["B000A1OFJG"], "musicbrainz_albumid": ["98e8b2a6-3b33-4d45-8d0e-708674a4f096"], "copyright": ["2005 Ricky-Tick Records"], "artist": ["The Five Corners Quintet feat. Okou"], "artistsort": ["Five Corners Quintet, The feat. Okou"], "tracknumber": ["7/12"], "label": ["Ricky-Tick Records"], "albumartistsort": ["Five Corners Quintet, The"], "acoustid_id": ["84da6db5-dacb-438f-a3cb-257d42df5838"], "script": ["Latn"]}}, "rhythm": {"bpm_histogram_first_peak_bpm": {"dmean2": 0, "median": 117, "min": 117, "dvar2": 0, "dvar": 0, "dmean": 0, "max": 117, "var": 0, "mean": 117}, "bpm": 118.109344482, "bpm_histogram_second_peak_spread": {"dmean2": 0, "median": 0.0256409645081, "min": 0.0256409645081, "dvar2": 0, "dvar": 0, "dmean": 0, "max": 0.0256409645081, "var": 0, "mean": 0.0256409645081}, "bpm_histogram_first_peak_weight": {"dmean2": 0, "median": 0.412060290575, "min": 0.412060290575, "dvar2": 0, "dvar": 0, "dmean": 0, "max": 0.412060290575, "var": 0, "mean": 0.412060290575}, "onset_rate": 3.24936032295, "beats_position": [0.46439909935, 0.940408170223, 1.42802715302, 1.92725622654, 2.43809509277, 2.96054410934, 3.48299312592, 3.99383211136, 4.5046710968, 5.02712011337, 5.54956912994, 6.06040811539, 6.58285713196, 7.0936961174, 7.61614513397, 8.13859367371, 8.66104316711, 9.17188167572, 9.682721138, 10.1935596466, 10.7043991089, 11.2268476486, 11.749297142, 12.2601356506, 12.7709751129, 13.2818136215, 13.7926530838, 14.2918815613, 14.8143310547, 15.3251695633, 15.8360090256, 16.3468475342, 16.8576869965, 17.3685264587, 17.8793640137, 18.390203476, 18.9010429382, 19.4118824005, 19.9227199554, 20.4451694489, 20.9560089111, 21.4668483734, 21.9776859283, 22.5001354218, 23.010974884, 23.5218143463, 24.0210418701, 24.5202713013, 25.0311107635, 25.553560257, 26.076007843, 26.5984573364, 27.1209068298, 27.6433563232, 28.1658039093, 28.6882534027, 29.199092865, 29.7099323273, 30.2091598511, 30.7083892822, 31.2308387756, 31.753288269, 32.264125824, 32.7865753174, 33.2741928101, 33.7850341797, 34.2958717346, 34.8067131042, 35.3175506592, 35.8283882141, 36.3276176453, 36.8384590149, 37.3376846313, 37.848526001, 38.3593635559, 38.8585929871, 39.3810424805, 39.8918800354, 40.402721405, 40.91355896, 41.4243965149, 41.9352378845, 42.4460754395, 42.9569168091, 43.467754364, 43.9785919189, 44.4894332886, 45.0002708435, 45.5111083984, 46.0335578918, 46.5560073853, 47.0784568787, 47.5776863098, 48.0885238647, 48.5993652344, 49.1102027893, 49.6210403442, 50.1318817139, 50.6427192688, 51.1535606384, 51.6643981934, 52.1752357483, 52.6860771179, 53.1853065491, 53.6845359802, 54.1953735352, 54.7062110901, 55.2170524597, 55.7162818909, 56.2271194458, 56.726348877, 57.2139663696, 57.7248077393, 58.2240333557, 58.7232627869, 59.222492218, 59.7217216492, 60.2325630188, 60.7317886353, 61.2310180664, 61.741859436, 62.2410888672, 62.7403144836, 63.2511558533, 63.7503852844, 64.2496109009, 64.7604522705, 65.2712936401, 65.7589111328, 66.258140564, 66.7573699951, 67.2682037354, 67.779045105, 68.2782745361, 68.7775039673, 69.26512146, 69.7643508911, 70.2635803223, 70.7744216919, 71.273651123, 71.7728805542, 72.2837142944, 72.7713394165, 73.2589569092, 73.7465744019, 74.245803833, 74.7450332642, 75.2326507568, 75.7202682495, 76.2078933716, 76.7187271118, 77.217956543, 77.7171859741, 78.2164154053, 78.7156448364, 79.2264862061, 79.7141036987, 80.2133331299, 80.7009506226, 81.2001800537, 81.6994094849, 82.2102508545, 82.7094802856, 83.2203140259, 83.742767334, 84.2652130127, 84.7876663208, 85.298500061, 85.7977294922, 86.3085708618, 86.8194122314, 87.3418579102, 87.8526992798, 88.3751449585, 88.8975982666, 89.4084320068, 89.907661438, 90.4068908691, 90.9177322388, 91.4169616699, 91.9277954102, 92.4386367798, 92.9494781494, 93.460319519, 93.9711532593, 94.4819946289, 94.9928359985, 95.4920654297, 96.0145111084, 96.525352478, 97.0361862183, 97.5470275879, 98.0578689575, 98.5570983887, 99.0679321289, 99.590385437, 100.101219177, 100.612060547, 101.09967804, 101.587303162, 102.086524963, 102.597366333, 103.096595764, 103.607437134, 104.106666565, 104.605895996, 105.093513489, 105.59274292, 106.091972351, 106.591201782, 107.102035522, 107.624488831, 108.1353302, 108.657775879, 109.168617249, 109.691062927, 110.201904297, 110.712738037, 111.235191345, 111.757637024, 112.280090332, 112.790924072, 113.31337738, 113.835823059, 114.358276367, 114.869110107, 115.379951477, 115.890792847, 116.401634216, 116.912467957, 117.434921265, 117.957366943, 118.468208313, 118.990653992, 119.5131073, 120.02394104, 120.53478241, 121.045623779, 121.55645752, 122.067298889, 122.578140259, 123.088973999, 123.599815369, 124.110656738, 124.621498108, 125.12071991, 125.619949341, 126.13079071, 126.64163208, 127.140861511, 127.640090942, 128.150924683, 128.661773682, 129.172607422, 129.683441162, 130.194290161, 130.681900024, 131.169525146, 131.65713501, 132.15637207, 132.655593872, 133.154830933, 133.642440796, 134.153289795, 134.640899658, 135.140136719, 135.639358521, 136.138595581, 136.649429321, 137.148666382, 137.647888184, 138.147125244, 138.646347046, 139.157180786, 139.644805908, 140.14402771, 140.643264771, 141.142486572, 141.641723633, 142.140945435, 142.640182495, 143.139404297, 143.638641357, 144.149475098, 144.63710022, 145.124710083, 145.623947144, 146.123168945, 146.610794067, 147.098403931, 147.60925293, 148.12008667, 148.63092041, 149.130157471, 149.629379272, 150.140228271, 150.651062012, 151.150299072, 151.649520874, 152.160354614, 152.647979736, 153.135604858, 153.63482666, 154.134063721, 154.621673584, 155.120910645, 155.620132446, 156.119369507, 156.618591309, 157.11781311, 157.617050171, 158.116271973, 158.615509033, 159.114730835, 159.602355957, 160.101577759, 160.589202881, 161.088439941, 161.587661743, 162.098495483, 162.586120605, 163.085342407, 163.584579468, 164.095413208, 164.606262207, 165.117095947, 165.627929688, 166.138778687, 166.649612427, 167.160446167, 167.671295166, 168.170516968, 168.669754028, 169.180587769, 169.691421509, 170.202270508, 170.713104248, 171.223937988, 171.734786987, 172.245620728, 172.744842529, 173.24407959, 173.743301392, 174.242538452, 174.753372192, 175.252609253, 175.751831055, 176.251068115, 176.750289917, 177.249526978, 177.748748779, 178.236373901, 178.747207642, 179.246429443, 179.745666504, 180.244888306, 180.755737305, 181.278182983, 181.765808105, 182.265029907, 182.764266968, 183.26348877, 183.762710571, 184.261947632, 184.761169434, 185.248794556, 185.748016357, 186.247253418, 186.73487854, 187.234100342, 187.721725464, 188.220947266, 188.708572388, 189.207794189, 189.70703125, 190.21786499, 190.717086792, 191.216323853, 191.715545654, 192.214782715, 192.714004517, 193.213241577, 193.724075317, 194.234924316, 194.757369995, 195.268203735, 195.790649414, 196.255050659, 196.719451904, 197.172241211, 197.625030518, 198.089431763, 198.553833008, 199.018234253, 199.482620239, 199.947021484, 200.411422729, 200.875823975, 201.328613281], "beats_loudness": {"dmean2": 0.0324182137847, "median": 0.0362599603832, "min": 0.000146907652379, "dvar2": 0.000763244403061, "dvar": 0.000258865242358, "dmean": 0.019221721217, "max": 0.127719700336, "var": 0.000377049233066, "mean": 0.0394637659192}, "danceability": 1.19877958298, "bpm_histogram_second_peak_weight": {"dmean2": 0, "median": 0.0954773873091, "min": 0.0954773873091, "dvar2": 0, "dvar": 0, "dmean": 0, "max": 0.0954773873091, "var": 0, "mean": 0.0954773873091}, "beats_count": 399, "bpm_histogram_second_peak_bpm": {"dmean2": 0, "median": 123, "min": 123, "dvar2": 0, "dvar": 0, "dmean": 0, "max": 123, "var": 0, "mean": 123}, "bpm_histogram_first_peak_spread": {"dmean2": 0, "median": 0.527377545834, "min": 0.527377545834, "dvar2": 0, "dvar": 0, "dmean": 0, "max": 0.527377545834, "var": 0, "mean": 0.527377545834}, "beats_loudness_band_ratio": {"dmean2": [0.410554081202, 0.245663464069, 0.259171843529, 0.237752228975, 0.0972870588303, 0.0491593927145], "median": [0.281895637512, 0.195285379887, 0.173362672329, 0.149277597666, 0.0439967401326, 0.0155282570049], "min": [0.00401017442346, 0.00281229265966, 0.00474729016423, 0.00170975085348, 0.000438557151938, 0.000748813094106], "dvar2": [0.115956440568, 0.0378071330488, 0.0514867082238, 0.0553907863796, 0.0103577161208, 0.00411204388365], "dvar": [0.0392223969102, 0.0151959350333, 0.0196233596653, 0.0191380698234, 0.00351495528594, 0.0014018798247], "dmean": [0.237508744001, 0.142942562699, 0.150059834123, 0.137541100383, 0.0519885905087, 0.0261185225099], "max": [0.980512082577, 0.88416069746, 0.722913563251, 0.827284753323, 0.442892402411, 0.321627825499], "var": [0.0561013296247, 0.0221574753523, 0.0277130268514, 0.0242404956371, 0.00292697711848, 0.000948058615904], "mean": [0.342188775539, 0.22219593823, 0.224311545491, 0.187499910593, 0.0582742616534, 0.0247473511845]}}, "lowlevel": {"barkbands_spread": {"dmean2": 5.71661376953, "median": 14.6837377548, "min": 0.391250133514, "dvar2": 64.6488647461, "dvar": 30.984041214, "dmean": 3.71895313263, "max": 129.154220581, "var": 86.7934494019, "mean": 16.4275150299}, "melbands_spread": {"dmean2": 7.19415712357, "median": 18.0303401947, "min": 0.558394372463, "dvar2": 112.02280426, "dvar": 51.7561569214, "dmean": 4.61086082458, "max": 223.600585938, "var": 140.009643555, "mean": 19.3765144348}, "hfc": {"dmean2": 6.46512317657, "median": 15.8559713364, "min": 1.19254880375e-16, "dvar2": 84.7655487061, "dvar": 42.2433319092, "dmean": 4.65701150894, "max": 112.556930542, "var": 212.389923096, "mean": 19.0706443787}, "barkbands_kurtosis": {"dmean2": 4.15876913071, "median": 1.41783571243, "min": -1.88363659382, "dvar2": 190.070541382, "dvar": 100.659034729, "dmean": 2.74792718887, "max": 563.050415039, "var": 209.391265869, "mean": 4.55548334122}, "gfcc": {"mean": [-2.09278130531, 114.209709167, -122.435180664, 22.8247756958, -59.4416389465, 14.327755928, -34.0654792786, 8.98213577271, -20.9728031158, 2.11272859573, -9.47270774841, 2.84069347382, -8.45593643188], "icov": [[0.000474720291095, -0.000341343868058, 0.000672857626341, -0.000289514573524, 0.000318565522321, -0.000657477765344, 0.000395356590161, -0.000793271698058, 0.000544145470485, -0.000218697881792, 0.000167174526723, -0.000411011831602, 2.57960964518e-05], [-0.000341343868058, 0.00406142417341, -0.00152457505465, 0.00213848846033, -0.00283078756183, 0.00195191218518, -0.00221172021702, 0.00427213869989, -0.00366725213826, 0.00416273716837, -0.00399287696928, 0.00358238467015, -0.00205883500166], [0.000672857626341, -0.00152457505465, 0.00403090054169, -0.00313088926487, 0.00175024266355, -0.00319123291411, 0.00180554937106, -0.00196245615371, 0.000769108126406, -0.00163602270186, 0.00155735365115, -0.00257096253335, 0.00173334113788], [-0.000289514573524, 0.00213848846033, -0.00313088926487, 0.0067081572488, -0.00306729623117, 0.0024827583693, -0.00167886272538, 0.00121576152742, -0.00157262105495, 0.000374365219614, -0.000840388413053, 0.00204946030863, -0.000193962216144], [0.000318565522321, -0.00283078756183, 0.00175024266355, -0.00306729623117, 0.00896136183292, -0.00440706545487, 0.000564043060876, -0.001482445281, -0.000504796917085, 0.000281425833236, 0.000994648318738, -0.00164080783725, 0.000525444978848], [-0.000657477765344, 0.00195191218518, -0.00319123291411, 0.0024827583693, -0.00440706545487, 0.0113984588534, -0.00383863621391, 0.00108533818275, 0.00197570235468, -0.00159640295897, -0.000123805977637, 0.00205361354165, -0.00264285109006], [0.000395356590161, -0.00221172021702, 0.00180554937106, -0.00167886272538, 0.000564043060876, -0.00383863621391, 0.010201415047, -0.00496028503403, 0.00176171318162, -0.00153375859372, 9.92931527435e-05, -0.00165292923339, 0.00267194816843], [-0.000793271698058, 0.00427213869989, -0.00196245615371, 0.00121576152742, -0.001482445281, 0.00108533818275, -0.00496028503403, 0.0177378356457, -0.0107390070334, 0.00346207525581, -0.00322625832632, 0.00300362333655, -0.00252380617894], [0.000544145470485, -0.00366725213826, 0.000769108126406, -0.00157262105495, -0.000504796917085, 0.00197570235468, 0.00176171318162, -0.0107390070334, 0.0201623998582, -0.0110263554379, 0.0053709265776, -0.00250821001828, -0.00081806012895], [-0.000218697881792, 0.00416273716837, -0.00163602270186, 0.000374365219614, 0.000281425833236, -0.00159640295897, -0.00153375859372, 0.00346207525581, -0.0110263554379, 0.0246933121234, -0.0115348659456, 0.00416908180341, 0.00251263659447], [0.000167174526723, -0.00399287696928, 0.00155735365115, -0.000840388413053, 0.000994648318738, -0.000123805977637, 9.92931527435e-05, -0.00322625832632, 0.0053709265776, -0.0115348659456, 0.0191245935857, -0.00943239964545, 0.00232217321172], [-0.000411011831602, 0.00358238467015, -0.00257096253335, 0.00204946030863, -0.00164080783725, 0.00205361354165, -0.00165292923339, 0.00300362333655, -0.00250821001828, 0.00416908180341, -0.00943239964545, 0.0223364159465, -0.0107046253979], [2.57960964518e-05, -0.00205883500166, 0.00173334113788, -0.000193962216144, 0.000525444978848, -0.00264285109006, 0.00267194816843, -0.00252380617894, -0.00081806012895, 0.00251263659447, 0.00232217321172, -0.0107046253979, 0.0200705863535]], "cov": [[3222.37182617, 174.633346558, -701.854248047, -286.417480469, -4.08154058456, 38.4260635376, -5.42613887787, 14.5216550827, -93.3217849731, -83.728843689, 39.7862358093, 42.3957290649, 104.019866943], [174.633346558, 765.378173828, -125.817344666, -157.048995972, 160.90512085, -29.6669883728, 52.0822753906, -105.539260864, 7.95097208023, -88.0305786133, 65.1109542847, -16.0500411987, 54.5632286072], [-701.854248047, -125.817344666, 713.421813965, 310.201599121, 21.2333641052, 105.983917236, 12.8448705673, 68.2220458984, 65.9063491821, 83.5639953613, -12.5914926529, 5.1562371254, -53.9188194275], [-286.417480469, -157.048995972, 310.201599121, 346.450958252, 46.5399780273, 34.4128990173, 27.2896499634, 59.9324455261, 53.9511260986, 58.4104423523, -13.6777448654, -12.8736228943, -42.3642425537], [-4.08154058456, 160.90512085, 21.2333641052, 46.5399780273, 200.215194702, 57.3834037781, 43.0931930542, 5.26698255539, 23.3643894196, -8.79438209534, 10.7038803101, -0.930835723877, 12.6851577759], [38.4260635376, -29.6669883728, 105.983917236, 34.4128990173, 57.3834037781, 157.323440552, 48.7041664124, 20.7698345184, -4.21754217148, 19.7929382324, 1.80429530144, 2.60067725182, 1.95705258846], [-5.42613887787, 52.0822753906, 12.8448705673, 27.2896499634, 43.0931930542, 48.7041664124, 148.326065063, 39.7462310791, 19.1574935913, 17.3016471863, 20.0940895081, -2.5611011982, -10.0352811813], [14.5216550827, -105.539260864, 68.2220458984, 59.9324455261, 5.26698255539, 20.7698345184, 39.7462310791, 127.781906128, 65.2754821777, 37.4043502808, 2.56979250908, 3.72235107422, -3.11771774292], [-93.3217849731, 7.95097208023, 65.9063491821, 53.9511260986, 23.3643894196, -4.21754217148, 19.1574935913, 65.2754821777, 113.018714905, 45.9917564392, 5.34853506088, 0.0364186838269, -1.49470865726], [-83.728843689, -88.0305786133, 83.5639953613, 58.4104423523, -8.79438209534, 19.7929382324, 17.3016471863, 37.4043502808, 45.9917564392, 94.2643051147, 31.8645362854, 0.227330490947, -23.8300209045], [39.7862358093, 65.1109542847, -12.5914926529, -13.6777448654, 10.7038803101, 1.80429530144, 20.0940895081, 2.56979250908, 5.34853506088, 31.8645362854, 97.9782867432, 31.0743865967, 6.65485191345], [42.3957290649, -16.0500411987, 5.1562371254, -12.8736228943, -0.930835723877, 2.60067725182, -2.5611011982, 3.72235107422, 0.0364186838269, 0.227330490947, 31.0743865967, 80.2325744629, 38.0748977661], [104.019866943, 54.5632286072, -53.9188194275, -42.3642425537, 12.6851577759, 1.95705258846, -10.0352811813, -3.11771774292, -1.49470865726, -23.8300209045, 6.65485191345, 38.0748977661, 82.8638153076]]}, "spectral_energyband_middle_low": {"dmean2": 0.0066839219071, "median": 0.0121988542378, "min": 3.09879608726e-22, "dvar2": 8.30655262689e-05, "dvar": 3.51542803401e-05, "dmean": 0.00435224501416, "max": 0.103739142418, "var": 0.000129151405417, "mean": 0.0146713005379}, "melbands_crest": {"dmean2": 4.64627885818, "median": 11.8594417572, "min": 1.79749763012, "dvar2": 18.4500484467, "dvar": 7.35908031464, "dmean": 2.86791348457, "max": 33.1105232239, "var": 25.5309715271, "mean": 12.8764076233}, "spectral_kurtosis": {"dmean2": 2.79963994026, "median": 5.13057804108, "min": -1.19612967968, "dvar2": 8.31581306458, "dvar": 3.04724621773, "dmean": 1.6817214489, "max": 34.0524673462, "var": 9.30184745789, "mean": 5.66777658463}, "spectral_rms": {"dmean2": 0.00100898218807, "median": 0.00507392734289, "min": 3.26330325609e-12, "dvar2": 1.27410896766e-06, "dvar": 6.42629970571e-07, "dmean": 0.000694379967172, "max": 0.0114023545757, "var": 3.37871188094e-06, "mean": 0.0050768693909}, "zerocrossingrate": {"dmean2": 0.00826775375754, "median": 0.04150390625, "min": 0.0029296875, "dvar2": 0.000128736399347, "dvar": 0.000131673441501, "dmean": 0.0069655617699, "max": 0.80810546875, "var": 0.000818719272502, "mean": 0.0456500016153}, "silence_rate_60dB": {"dmean2": 0.0216265954077, "median": 0, "min": 0, "dvar2": 0.0232292767614, "dvar": 0.0106951389462, "dmean": 0.0108120543882, "max": 1, "var": 0.0335259251297, "mean": 0.034732606262}, "erbbands_kurtosis": {"dmean2": 1.4105527401, "median": 0.361629724503, "min": -1.77348983288, "dvar2": 5.6085524559, "dvar": 2.6729953289, "dmean": 0.931798756123, "max": 46.7278327942, "var": 8.85134983063, "mean": 1.05459880829}, "erbbands": {"dmean2": [0.168967619538, 1.42266273499, 2.44380259514, 2.10977625847, 6.85411405563, 12.1637430191, 13.4572143555, 21.0454044342, 18.4873657227, 27.7520217896, 26.7858753204, 37.593585968, 40.9261245728, 49.1382484436, 43.3056259155, 34.3524131775, 25.464641571, 26.2572250366, 18.8559341431, 16.9756526947, 15.984416008, 13.995051384, 10.248705864, 9.26373100281, 6.7715549469, 3.87586903572, 2.7814078331, 2.03764009476, 1.74574196339, 1.32769358158, 1.08978939056, 0.714997291565, 0.484627425671, 0.282430052757, 0.154519289732, 0.0424139909446, 0.00820489507169, 0.0013780471636, 0.000107750653115, 1.46149313878e-05], "median": [0.0720946192741, 0.639518916607, 0.970406711102, 1.23132801056, 4.06952476501, 7.81458616257, 8.88918685913, 12.5206565857, 13.4968328476, 14.1966266632, 13.8663806915, 15.7921762466, 21.2148723602, 25.4108924866, 27.143781662, 19.4871349335, 19.6240291595, 17.1054325104, 13.0926837921, 10.7403993607, 7.59528064728, 6.42216920853, 5.9506855011, 6.64267873764, 3.78445935249, 2.14406180382, 1.65720915794, 1.08289504051, 0.954645812511, 0.660043656826, 0.663711667061, 0.328709155321, 0.168361186981, 0.0818275511265, 0.04606083408, 0.0153189683333, 0.00319943856448, 0.000428489467595, 3.85191888199e-05, 3.3566084312e-05], "min": [6.83743889558e-22, 2.97385223288e-21, 9.90174451993e-21, 7.03575724478e-20, 7.72756458021e-20, 1.63651467414e-19, 4.04162075805e-19, 4.04249550155e-19, 1.04281294977e-18, 6.6712431765e-19, 1.76417110578e-18, 6.78593590433e-19, 1.28419180053e-18, 1.54860411584e-18, 1.85362841428e-18, 3.23452414247e-18, 3.97420166072e-18, 6.07319355818e-18, 7.23741263363e-18, 6.97287034757e-18, 7.07843017426e-18, 1.15114540315e-17, 1.62442820572e-17, 2.06114184971e-17, 1.6164298655e-17, 2.38337022276e-17, 2.00166458582e-17, 1.20928950005e-17, 1.78720758953e-17, 2.42297662311e-17, 1.69421925379e-17, 1.79069564474e-17, 1.26697823402e-17, 1.339424201e-17, 9.69176090865e-18, 5.53296396807e-18, 3.21011321541e-18, 1.25272791798e-18, 3.20837148324e-19, 3.35519125983e-20], "dvar2": [0.116911917925, 7.84094142914, 27.2396621704, 14.2841806412, 182.394577026, 611.585510254, 498.969116211, 1842.78747559, 1137.31335449, 5806.87255859, 5014.30078125, 7052.58691406, 12351.7734375, 13516.234375, 7629.33007812, 14575.8759766, 5039.66894531, 3902.23022461, 1424.52990723, 1516.28295898, 1677.6496582, 1415.63671875, 440.684356689, 276.579803467, 315.998687744, 108.065841675, 46.045589447, 27.1115665436, 19.4342002869, 11.1040945053, 8.64180278778, 4.97867012024, 3.8936829567, 1.72853648663, 0.585124611855, 0.0278006903827, 0.000602968211751, 1.40174779517e-05, 6.11097590308e-08, 3.38704092551e-10], "dvar": [0.0517777614295, 2.9096660614, 9.61720657349, 5.28666305542, 69.6707458496, 234.687072754, 201.646102905, 637.178527832, 482.96987915, 2507.99072266, 2195.83105469, 3261.25073242, 5650.83398438, 6633.46191406, 3444.4934082, 6486.8203125, 1913.16015625, 1706.50878906, 610.462585449, 659.932739258, 674.797607422, 542.674560547, 186.541351318, 117.797645569, 134.024520874, 48.5733528137, 20.2798080444, 11.794465065, 8.66301441193, 5.24721288681, 4.21816635132, 2.65219759941, 1.90898406506, 0.881972074509, 0.284428447485, 0.0137965744361, 0.000315076555125, 6.93105084792e-06, 2.93467206092e-08, 1.62368785084e-10], "dmean": [0.108424693346, 0.846232056618, 1.3994385004, 1.26437973976, 4.08496427536, 7.54505634308, 8.33155536652, 12.7854976654, 11.714509964, 18.0610866547, 17.909236908, 25.2069091797, 28.5447559357, 33.9689369202, 29.4327602386, 23.0125846863, 16.6517353058, 17.3103675842, 12.430434227, 11.177986145, 10.2496671677, 8.72446918488, 6.56683778763, 5.94955635071, 4.48093366623, 2.51774406433, 1.79294228554, 1.32714986801, 1.14035451412, 0.879137396812, 0.712056219578, 0.482186883688, 0.329734295607, 0.193595021963, 0.103481434286, 0.0289796218276, 0.00576069205999, 0.00094548787456, 7.22032200429e-05, 9.95912796498e-06], "max": [3.44908928871, 21.1872882843, 40.0336341858, 37.0360984802, 234.235580444, 298.530273438, 299.56463623, 497.062103271, 510.519073486, 1235.26696777, 1880.24475098, 1256.12658691, 2314.87744141, 1993.11401367, 1101.60229492, 3687.2512207, 1956.74243164, 1410.50256348, 603.330566406, 625.028137207, 588.924133301, 539.558410645, 307.844299316, 254.095672607, 709.815490723, 248.651748657, 145.267730713, 73.2414321899, 96.8395614624, 57.5669937134, 68.1093444824, 59.7673683167, 44.3871879578, 32.1009597778, 24.2164497375, 4.11468648911, 0.573435723782, 0.0664065405726, 0.00348728266545, 0.000148975319462], "var": [0.0853565558791, 3.84954166412, 11.8414354324, 8.6871509552, 131.791702271, 442.118286133, 558.670593262, 1686.38037109, 2285.17431641, 4980.79931641, 4747.97753906, 19482.6933594, 12604.4833984, 23338.0488281, 10548.9355469, 11255.5507812, 3468.37182617, 4730.58544922, 1445.06164551, 1186.08654785, 1112.55041504, 780.615234375, 489.944335938, 362.208007812, 376.944335938, 120.711029053, 43.3158683777, 21.1572952271, 15.4069099426, 9.74365234375, 9.85691833496, 5.5657043457, 3.34262013435, 1.52373623848, 0.442271471024, 0.0231859814376, 0.000555637117941, 1.12767547762e-05, 4.32866613664e-08, 5.75965775074e-10], "mean": [0.167303979397, 1.33010113239, 2.01133227348, 2.24193549156, 7.6621928215, 14.4002857208, 16.9253005981, 27.3543891907, 28.1309165955, 33.8154525757, 36.1395759583, 64.2850341797, 58.9593849182, 74.6319503784, 62.1821022034, 44.7771835327, 38.4050369263, 36.9505767822, 26.0389156342, 21.4069652557, 18.799325943, 15.6097402573, 13.9521245956, 13.4822835922, 10.0607013702, 5.24127292633, 3.58008813858, 2.49555277824, 2.15073227882, 1.5669760704, 1.40967941284, 0.866940438747, 0.534980177879, 0.310437947512, 0.16549924016, 0.048079572618, 0.00930459517986, 0.00134122557938, 0.000103944847069, 3.72717513528e-05]}, "spectral_strongpeak": {"dmean2": 0.961459755898, "median": 0.605198085308, "min": 0, "dvar2": 1.80618488789, "dvar": 0.791535437107, "dmean": 0.58130133152, "max": 12.1479721069, "var": 2.22055315971, "mean": 1.3073220253}, "spectral_energy": {"dmean2": 0.0117927612737, "median": 0.0263883583248, "min": 1.09153768124e-20, "dvar2": 0.000237386935623, "dvar": 0.000110127737571, "dmean": 0.00793985743076, "max": 0.133264034986, "var": 0.00038971847971, "mean": 0.0298821590841}, "average_loudness": 0.933854281902, "spectral_rolloff": {"dmean2": 458.421478271, "median": 968.994140625, "min": 64.599609375, "dvar2": 852071, "dvar": 396193.4375, "dmean": 273.891174316, "max": 19121.484375, "var": 912346.8125, "mean": 1086.56738281}, "spectral_centroid": {"dmean2": 257.303222656, "median": 959.731811523, "min": 209.181503296, "dvar2": 110774.8125, "dvar": 55729.9882812, "dmean": 168.349899292, "max": 11127.8242188, "var": 214662.265625, "mean": 1047.3572998}, "pitch_salience": {"dmean2": 0.102697506547, "median": 0.551692128181, "min": 0.103626102209, "dvar2": 0.0096258148551, "dvar": 0.00375746795908, "dmean": 0.0635804459453, "max": 0.933406591415, "var": 0.0116298133507, "mean": 0.542942106724}, "spectral_energyband_middle_high": {"dmean2": 0.00333652459085, "median": 0.00513320881873, "min": 1.78799633242e-21, "dvar2": 3.11952608172e-05, "dvar": 1.50081996253e-05, "dmean": 0.00234846537933, "max": 0.086007475853, "var": 6.64072867949e-05, "mean": 0.00758960237727}, "spectral_contrast_coeffs": {"dmean2": [0.0780725181103, 0.0759803429246, 0.0600474104285, 0.0467933155596, 0.0326293520629, 0.0233935769647], "median": [-0.656575620174, -0.728858232498, -0.721087694168, -0.755053222179, -0.800024151802, -0.770465433598], "min": [-0.973353385925, -0.965472280979, -0.965975284576, -0.951964437962, -0.960972011089, -0.958265423775], "dvar2": [0.00405758619308, 0.00364665221423, 0.00245823292062, 0.00146826042328, 0.000740547489841, 0.000416838476667], "dvar": [0.00155557063408, 0.00142420455813, 0.00106838392094, 0.000621199549641, 0.000313423282932, 0.000179823182407], "dmean": [0.0472048409283, 0.0460853204131, 0.038378637284, 0.0294782109559, 0.0204695947468, 0.0147130656987], "max": [-0.334285736084, -0.446525871754, -0.420934975147, -0.541907846928, -0.627234876156, -0.62556630373], "var": [0.00781118450686, 0.00586247909814, 0.00697799399495, 0.00354969222099, 0.00185092748143, 0.000885853136424], "mean": [-0.648964703083, -0.721432626247, -0.717069268227, -0.756443440914, -0.793384611607, -0.768199086189]}, "melbands_skewness": {"dmean2": 0.875433206558, "median": 1.65709912777, "min": -2.0752055645, "dvar2": 1.18837606907, "dvar": 0.540892183781, "dmean": 0.573922991753, "max": 17.147233963, "var": 2.68869400024, "mean": 2.0162422657}, "spectral_spread": {"dmean2": 570152.375, "median": 3748537, "min": 1650187.875, "dvar2": 615019905024, "dvar": 392176107520, "dmean": 388906.78125, "max": 39609268, "var": 1755452538880.0, "mean": 3978934}, "dissonance": {"dmean2": 0.0375113710761, "median": 0.458717048168, "min": 0.257195562124, "dvar2": 0.0011198031716, "dvar": 0.000417789153289, "dmean": 0.0223897527903, "max": 0.500000178814, "var": 0.000984756043181, "mean": 0.452847093344}, "spectral_skewness": {"dmean2": 0.327248096466, "median": 1.76253426075, "min": 0.00668308883905, "dvar2": 0.0901682153344, "dvar": 0.0382938869298, "dmean": 0.205970495939, "max": 4.31902980804, "var": 0.187366858125, "mean": 1.77273118496}, "spectral_flux": {"dmean2": 0.0345665253699, "median": 0.06819986552, "min": 1.0447667731e-10, "dvar2": 0.00144644349348, "dvar": 0.00067126727663, "dmean": 0.0227962899953, "max": 0.282578259706, "var": 0.00195840490051, "mean": 0.0772108584642}, "spectral_contrast_valleys": {"dmean2": [0.605726778507, 0.541047692299, 0.477986067533, 0.400533944368, 0.297770649195, 0.300469994545], "median": [-7.01887083054, -6.3830165863, -7.14578151703, -7.67217254639, -7.66732501984, -10.4415769577], "min": [-26.8502025604, -27.5174846649, -27.404958725, -27.6802253723, -27.1440086365, -27.2696590424], "dvar2": [0.256626784801, 0.202032551169, 0.180217221379, 0.135807558894, 0.0966153144836, 0.134545877576], "dvar": [0.123705640435, 0.0934551209211, 0.0943394750357, 0.0763056948781, 0.0614584162831, 0.0871625095606], "dmean": [0.375629812479, 0.331156551838, 0.3061196208, 0.264718919992, 0.204445526004, 0.217526525259], "max": [-4.98931694031, -4.64338588715, -5.15429735184, -5.84475708008, -5.9510717392, -8.25149917603], "var": [0.724608182907, 0.462925434113, 0.621043801308, 0.570868134499, 0.408127009869, 0.441020607948], "mean": [-7.14823055267, -6.4485001564, -7.22462701797, -7.70223808289, -7.67240762711, -10.4159812927]}, "erbbands_flatness_db": {"dmean2": 0.0217260923237, "median": 0.174754008651, "min": 0.0210727769881, "dvar2": 0.00047119212104, "dvar": 0.000271735916613, "dmean": 0.015392806381, "max": 0.337362974882, "var": 0.00182562426198, "mean": 0.172970965505}, "spectral_energyband_high": {"dmean2": 0.000186474455404, "median": 0.000138032337418, "min": 7.62605837149e-21, "dvar2": 1.74054676449e-07, "dvar": 9.37076194418e-08, "dmean": 0.000129908701638, "max": 0.00542869791389, "var": 2.3767202606e-07, "mean": 0.000292971642921}, "spectral_entropy": {"dmean2": 0.191625341773, "median": 7.39517641068, "min": 5.88448190689, "dvar2": 0.0369608364999, "dvar": 0.0216847993433, "dmean": 0.132805511355, "max": 9.79902267456, "var": 0.126543700695, "mean": 7.41128826141}, "silence_rate_20dB": {"dmean2": 0, "median": 1, "min": 1, "dvar2": 0, "dvar": 0, "dmean": 0, "max": 1, "var": 0, "mean": 1}, "melbands_flatness_db": {"dmean2": 0.0320753380656, "median": 0.209353297949, "min": 0.0043062819168, "dvar2": 0.001099245972, "dvar": 0.000523614289705, "dmean": 0.021216314286, "max": 0.49492675066, "var": 0.00295698340051, "mean": 0.213496342301}, "barkbands": {"dmean2": [0.00019705730665, 0.00594424176961, 0.00196547596715, 0.000856193830259, 0.0030823443085, 0.00217879796401, 0.00144998868927, 0.00135047442745, 0.00159105472267, 0.00134647509549, 0.00135246722493, 0.000907235604245, 0.000559130334295, 0.000495529558975, 0.000392876536353, 0.000322159205098, 0.000262558052782, 0.000187989819096, 0.000162616954185, 9.42399638006e-05, 5.81466592848e-05, 4.86309800181e-05, 3.66085878341e-05, 2.94203127851e-05, 2.25398107432e-05, 5.87504655414e-06, 5.91113348491e-07], "median": [2.64830123342e-05, 0.00295229814947, 0.000567172945011, 0.000396935996832, 0.00253175990656, 0.0015592367854, 0.000878499005921, 0.000559079344384, 0.000605168868788, 0.000549033982679, 0.000723998295143, 0.000363572122296, 0.000343957566656, 0.000238946086029, 0.000221459762543, 0.000126736005768, 0.000109874497866, 0.000101232864836, 0.000101620877103, 4.53348184237e-05, 3.33563730237e-05, 2.69935517281e-05, 2.16097159864e-05, 1.12779889605e-05, 6.91499189998e-06, 2.23988718062e-06, 1.34478710834e-07], "min": [3.90917023911e-24, 1.69774368396e-23, 1.138301516e-23, 3.04121687735e-23, 4.99183008225e-23, 5.55515470803e-23, 5.66333151951e-23, 7.25954990937e-23, 3.17336780283e-23, 3.72092025922e-23, 5.51156414768e-23, 8.20291774258e-23, 1.00030756091e-22, 1.03719772606e-22, 1.6066206253e-22, 1.17362143775e-22, 2.02205017655e-22, 3.06246910568e-22, 3.18727876536e-22, 5.83891416031e-22, 3.19872318072e-22, 5.04750416152e-22, 7.48692562311e-22, 8.14516933778e-22, 1.31553100176e-21, 1.60487033859e-21, 2.28211497354e-21], "dvar2": [1.81849500791e-07, 0.000131819659146, 1.86684083019e-05, 2.27375608119e-06, 3.14551325573e-05, 1.50002870214e-05, 7.47217109165e-06, 1.73233329406e-05, 1.08040949272e-05, 1.25068982015e-05, 7.84700205259e-06, 8.45186423248e-06, 2.30227533393e-06, 1.54969939103e-06, 6.45403474664e-07, 8.08349454928e-07, 4.81142251374e-07, 1.42592810448e-07, 1.10755877358e-07, 6.13317823195e-08, 2.01790193444e-08, 1.55728159257e-08, 9.16943054818e-09, 1.0053915922e-08, 1.00625783261e-08, 3.91897653218e-10, 2.04957405214e-12], "dvar": [7.02943836473e-08, 5.28274467797e-05, 6.58338512949e-06, 8.71565532634e-07, 1.22724604807e-05, 5.44285103388e-06, 3.00121769214e-06, 7.72238399804e-06, 5.00930946146e-06, 5.92979495195e-06, 3.78180766347e-06, 3.60276931133e-06, 8.77206900896e-07, 6.47713079616e-07, 2.91103589234e-07, 3.3958650647e-07, 1.82931813697e-07, 6.04625327583e-08, 4.74471200107e-08, 2.85101418029e-08, 9.10252495601e-09, 6.80697054278e-09, 4.53598225647e-09, 5.33002353365e-09, 5.31197885678e-09, 1.98981123245e-10, 9.70724260523e-13], "dmean": [0.00011816987535, 0.0036370086018, 0.00113184470683, 0.000510812387802, 0.00189771014266, 0.00133221643046, 0.000907285953872, 0.000906562025193, 0.00105933309533, 0.000927035172936, 0.000918561592698, 0.000601430714596, 0.000358824938303, 0.000324172491673, 0.000257427513134, 0.000205956501304, 0.000162232361617, 0.000120708849863, 0.000105422877823, 6.14515884081e-05, 3.78587174055e-05, 3.17703961628e-05, 2.41047891905e-05, 2.00025660888e-05, 1.54545305122e-05, 4.1373023123e-06, 3.90074859524e-07], "max": [0.00444789091125, 0.0998428910971, 0.035480696708, 0.0170754753053, 0.0701219439507, 0.0441788136959, 0.0378166027367, 0.0697856992483, 0.0458045676351, 0.0587773397565, 0.0480757020414, 0.0741105526686, 0.0405847355723, 0.0310535319149, 0.0132618714124, 0.0205406621099, 0.0102142505348, 0.0058449381