{"tonal": {"thpcp": [1, 0.716387987137, 0.421256810427, 0.350743055344, 0.34998613596, 0.493776977062, 0.556169629097, 0.390220612288, 0.266745597124, 0.232728809118, 0.225679159164, 0.346362799406, 0.463222444057, 0.408720225096, 0.538836836815, 0.726116359234, 0.508281648159, 0.253057092428, 0.199891522527, 0.202997550368, 0.353068232536, 0.497387379408, 0.414527177811, 0.306150436401, 0.270186394453, 0.280685067177, 0.468002557755, 0.594853043556, 0.485310763121, 0.495510429144, 0.524182856083, 0.375256061554, 0.315435290337, 0.351684331894, 0.399627059698, 0.737768352032], "hpcp": {"dmean2": [0.393108457327, 0.381433039904, 0.320482581854, 0.281313091516, 0.265393644571, 0.289934456348, 0.295720845461, 0.249755173922, 0.192318156362, 0.163476482034, 0.156281635165, 0.193414226174, 0.246269747615, 0.253807097673, 0.276770532131, 0.306713968515, 0.272841691971, 0.193214580417, 0.155922874808, 0.153418257833, 0.202439382672, 0.24531686306, 0.236651167274, 0.213928237557, 0.185956895351, 0.182459995151, 0.239570707083, 0.264475226402, 0.258339524269, 0.265449464321, 0.256003767252, 0.236599817872, 0.22250546515, 0.232379257679, 0.276505589485, 0.37959805131], "median": [0.298094451427, 0.196357384324, 0.0594136528671, 0.0379367619753, 0.0394390113652, 0.0816625803709, 0.0968102365732, 0.0610509812832, 0.0263375416398, 0.0195580944419, 0.021299213171, 0.0623345784843, 0.0895486623049, 0.0846315324306, 0.130756363273, 0.168651297688, 0.108563989401, 0.0319096781313, 0.018461747095, 0.0196572076529, 0.058141477406, 0.0942980349064, 0.0739617422223, 0.0328175053, 0.0232825763524, 0.0297570955008, 0.0785467624664, 0.107647441328, 0.0903522670269, 0.0722294822335, 0.0664473101497, 0.0416985191405, 0.0334662981331, 0.0383805967867, 0.0609698072076, 0.206425338984], "min": [0.00021635153098, 0.000157349393703, 0.000165298610227, 3.81831487175e-05, 0.000136174479849, 0.000135815629619, 0.000217284483369, 0.000100114360976, 0.000187130470295, 0.000221339985728, 0.000169985796674, 0.000129339488922, 0.000133838446345, 5.62615932722e-05, 8.80519364728e-05, 7.80755726737e-05, 5.39642423973e-05, 0.000167534992215, 9.191717254e-05, 7.42302581784e-05, 5.61778833799e-05, 5.7196662965e-05, 3.77089054382e-05, 1.75040931936e-05, 1.40698421092e-05, 0.000118357085739, 0.000111185567221, 9.3206850579e-05, 0.000172659289092, 0.000190609760466, 0.000206943135709, 0.000154362598551, 0.000121674667753, 0.00011787526455, 9.03021500562e-05, 0.00018828100292], "dvar2": [0.147003158927, 0.15234388411, 0.154177218676, 0.149519056082, 0.128087878227, 0.132207900286, 0.128554210067, 0.123449832201, 0.0974814295769, 0.080933123827, 0.0753464251757, 0.0713199451566, 0.0982223004103, 0.101544111967, 0.104661613703, 0.121160417795, 0.114042453468, 0.098459854722, 0.0846286714077, 0.079313352704, 0.090522646904, 0.107230857015, 0.104766175151, 0.105715550482, 0.0920906588435, 0.0835428237915, 0.100827939808, 0.108498573303, 0.104553259909, 0.114838406444, 0.113737329841, 0.108970150352, 0.112760663033, 0.119795896113, 0.119832456112, 0.150890052319], "dvar": [0.060050547123, 0.0573320426047, 0.0573652088642, 0.0556696616113, 0.0477764755487, 0.0502380877733, 0.0498192384839, 0.0443501360714, 0.0353871919215, 0.0291657056659, 0.0268713254482, 0.0268207509071, 0.0373916104436, 0.0374024063349, 0.0392317026854, 0.0485526993871, 0.042622487992, 0.035543795675, 0.0302985273302, 0.0283784158528, 0.0338397473097, 0.0418107062578, 0.0386669486761, 0.0397896021605, 0.0343651883304, 0.0308953560889, 0.037935923785, 0.042221210897, 0.0390031524003, 0.0434727147222, 0.044486194849, 0.0399378947914, 0.0416215620935, 0.0438821427524, 0.0433359369636, 0.0557420812547], "dmean": [0.232592120767, 0.220951452851, 0.179055556655, 0.154300585389, 0.147984534502, 0.166403561831, 0.170009613037, 0.141260355711, 0.107414364815, 0.0909121334553, 0.0876463279128, 0.111263364553, 0.142472624779, 0.14504173398, 0.160891294479, 0.179392561316, 0.156488671899, 0.106820970774, 0.0859665721655, 0.0853580087423, 0.117462903261, 0.143958389759, 0.136954635382, 0.119824595749, 0.105378001928, 0.103347286582, 0.138201415539, 0.15454505384, 0.149135306478, 0.153208062053, 0.147212564945, 0.133319482207, 0.123264066875, 0.130105361342, 0.155604749918, 0.219874218106], "max": [1, 1, 1, 1, 1, 1, 1, 1, 1, 1, 1, 1, 1, 1, 1, 1, 1, 1, 1, 1, 1, 1, 1, 1, 1, 1, 1, 1, 1, 1, 1, 1, 1, 1, 1, 1], "var": [0.11888102442, 0.0777712613344, 0.0590871572495, 0.0537928193808, 0.0482478700578, 0.0679429396987, 0.0790920481086, 0.0490063168108, 0.0365237556398, 0.0321283265948, 0.0289318822324, 0.0380311533809, 0.0560197420418, 0.0426036342978, 0.0569788888097, 0.0971286445856, 0.0572901368141, 0.0308698061854, 0.0257943421602, 0.0251984056085, 0.0405146107078, 0.0652291476727, 0.0489185601473, 0.0439310483634, 0.0391418635845, 0.037986587733, 0.059942163527, 0.0862692520022, 0.0599422268569, 0.0708017721772, 0.0850885510445, 0.0523909963667, 0.0447155199945, 0.0519676804543, 0.0502111464739, 0.0813977345824], "mean": [0.405593752861, 0.290562480688, 0.170859128237, 0.142259195447, 0.141952186823, 0.200272858143, 0.225578919053, 0.158271044493, 0.108190350235, 0.094393350184, 0.0915340557694, 0.140482589602, 0.187880128622, 0.1657743752, 0.218548849225, 0.294508248568, 0.206155851483, 0.102638378739, 0.0810747519135, 0.0823345407844, 0.143202275038, 0.201737210155, 0.168129637837, 0.124172709882, 0.109585911036, 0.113844111562, 0.189818918705, 0.2412686795, 0.196839019656, 0.200975939631, 0.212605297565, 0.152201518416, 0.127938583493, 0.142640963197, 0.162086233497, 0.299234241247]}, "tuning_equal_tempered_deviation": 0.033318053931, "chords_changes_rate": 0.06275421381, "key_key": "D", "tuning_diatonic_strength": 0.719303011894, "key_scale": "major", "chords_number_rate": 0.00213054427877, "tuning_frequency": 441.272583008, "tuning_nontempered_energy_ratio": 0.707749962807, "chords_histogram": [40.6933937073, 5.01646327972, 20.5500679016, 0.697269022465, 2.03370141983, 0, 0.329265922308, 0.890954852104, 2.0143327713, 0, 0.271160185337, 0.890954852104, 0.484214603901, 0.0968429222703, 1.72380399704, 0.910323441029, 0.794111967087, 1.37516951561, 1.25895798206, 0.0774743333459, 0, 1.99496412277, 13.0544261932, 4.8421459198], "key_strength": 0.878632128239, "chords_key": "D", "chords_strength": {"dmean2": 0.0118906842545, "median": 0.534035265446, "min": 0.233611658216, "dvar2": 0.000122532859677, "dvar": 9.543447959e-05, "dmean": 0.0118835670874, "max": 0.824104905128, "var": 0.012479971163, "mean": 0.527810037136}, "chords_scale": "major", "hpcp_entropy": {"dmean2": 1.04321753979, "median": 2.16190624237, "min": 0.0424596220255, "dvar2": 0.720811069012, "dvar": 0.272321283817, "dmean": 0.623386442661, "max": 4.49783277512, "var": 0.59503942728, "mean": 2.13296437263}}, "metadata": {"audio_properties": {"equal_loudness": 0, "codec": "alac", "downmix": "mix", "sample_rate": 44100, "analysis_sample_rate": 44100, "bit_rate": 942408, "md5_encoded": "e49d8a498943084a599416fa58119f64", "length": 239.720001221, "replay_gain": -13.2189655304, "lossless": true}, "version": {"essentia_build_sha": "c0e182ba78c2de26e491b7b7a4a2c98c1ed34208", "essentia": "2.1-beta2", "extractor": "music 1.0", "essentia_git_sha": "v2.1_beta2-2-gbb40004"}, "tags": {"title": ["It's 5 O'Clock Somewhere"], "barcode": ["698268211926"], "media": ["CD"], "musicbrainz_releasegroupid": ["ff980ac0-4015-49cc-b572-f87766f0f097"], "musicbrainz_recordingid": ["1380156a-499a-4b48-b069-9eb5e15beedd"], "musicbrainz_albumartistid": ["16fdd9af-467f-47ce-bd29-3413b445b90f"], "discnumber": ["2/2"], "bpm": ["0"], "catalognumber": ["MBD 2119"], "file_name": "2-10 It's 5 O'Clock Somewhere.m4a", "compilation": ["0"], "date": ["2006"], "genre": ["Rock"], "album": ["Live at Wrigley Field"], "titlesort": ["It's 5 O'Clock Somewhere"], "script": ["Latn"], "musicbrainz_albumid": ["744b5b93-a3e6-453d-8132-497ea1bcc233"], "tracknumber": ["10/17"], "encodedby": ["iTunes 12.4.1.6"], "artistsort": ["Jimmy Buffett"], "artist": ["Jimmy Buffett"], "label": ["Mailboat Records"], "albumartistsort": ["Jimmy Buffett"], "musicbrainz_artistid": ["16fdd9af-467f-47ce-bd29-3413b445b90f"]}}, "rhythm": {"bpm_histogram_first_peak_bpm": {"dmean2": 0, "median": 133, "min": 133, "dvar2": 0, "dvar": 0, "dmean": 0, "max": 133, "var": 0, "mean": 133}, "bpm": 131.710174561, "bpm_histogram_second_peak_spread": {"dmean2": 0, "median": 0.481481492519, "min": 0.481481492519, "dvar2": 0, "dvar": 0, "dmean": 0, "max": 0.481481492519, "var": 0, "mean": 0.481481492519}, "bpm_histogram_first_peak_weight": {"dmean2": 0, "median": 0.483747601509, "min": 0.483747601509, "dvar2": 0, "dvar": 0, "dmean": 0, "max": 0.483747601509, "var": 0, "mean": 0.483747601509}, "onset_rate": 3.59147429466, "beats_position": [0.46439909935, 0.940408170223, 1.4164172411, 1.90403628349, 2.39165520668, 2.87927436829, 3.34367346764, 3.79646253586, 4.2492518425, 4.71365070343, 5.16644001007, 5.61922883987, 6.07201814651, 6.52480697632, 6.97759628296, 7.4303855896, 7.8831744194, 8.33596324921, 8.77714252472, 9.22993183136, 9.682721138, 10.1355104446, 10.5882987976, 11.0410881042, 11.4938774109, 11.9350566864, 12.387845993, 12.840634346, 13.2934236526, 13.7462129593, 14.1990022659, 14.6517915726, 15.0929698944, 15.545759201, 15.9985485077, 16.4513378143, 16.904127121, 17.3453063965, 17.7980957031, 18.2508831024, 18.7152824402, 19.179681778, 19.6324710846, 20.0852603912, 20.549659729, 21.0024490356, 21.4552383423, 21.9196376801, 22.3724250793, 22.825214386, 23.2896137238, 23.7424030304, 24.2068023682, 24.6595916748, 25.1239910126, 25.5767803192, 26.0295696259, 26.4823570251, 26.9467563629, 27.3995456696, 27.8639450073, 28.316734314, 28.7695236206, 29.2339229584, 29.6983222961, 30.1394996643, 30.6038990021, 31.0566883087, 31.5094776154, 31.9506568909, 32.4034461975, 32.8562355042, 33.3090248108, 33.7618141174, 34.2146034241, 34.6673927307, 35.1317901611, 35.572971344, 36.0257606506, 36.4785499573, 36.9429473877, 37.3957366943, 37.848526001, 38.3129234314, 38.765712738, 39.2185020447, 39.6596832275, 40.1008605957, 40.5652618408, 41.0180473328, 41.4708366394, 41.923625946, 42.3764152527, 42.8292045593, 43.281993866, 43.7463951111, 44.1991844177, 44.6519737244, 45.1047592163, 45.5575485229, 46.0103378296, 46.4631271362, 46.9159164429, 47.3687057495, 47.8214950562, 48.2742843628, 48.7270736694, 49.1798629761, 49.6326522827, 50.0854415894, 50.538230896, 50.9910202026, 51.4438095093, 51.8965988159, 52.3493881226, 52.8021774292, 53.2665748596, 53.7193641663, 54.1721534729, 54.6249427795, 55.08934021, 55.5421295166, 55.9949188232, 56.4477081299, 56.9004974365, 57.3532867432, 57.794467926, 58.2588653564, 58.7116546631, 59.1644439697, 59.6172332764, 60.070022583, 60.5228118896, 60.9756011963, 61.4283905029, 61.8811798096, 62.3339653015, 62.7867546082, 63.2395439148, 63.6923332214, 64.1567306519, 64.621131897, 65.0739212036, 65.5267105103, 65.9911117554, 66.4555053711, 66.9082946777, 67.3610839844, 67.8254852295, 68.2898864746, 68.7542877197, 69.2070770264, 69.6714706421, 70.1242599487, 70.5770492554, 71.0414505005, 71.4942398071, 71.9586410522, 72.4114303589, 72.8642196655, 73.3170089722, 73.7697982788, 74.2341918945, 74.6869812012, 75.1397705078, 75.6041717529, 76.0569610596, 76.5097503662, 76.9741516113, 77.426940918, 77.8797302246, 78.3441238403, 78.8085250854, 79.2613143921, 79.7141036987, 80.1668930054, 80.6312942505, 81.0840835571, 81.5368728638, 81.9896621704, 82.4540557861, 82.9184570312, 83.3712463379, 83.8240356445, 84.2884368896, 84.7296142578, 85.1824035645, 85.6351928711, 86.0995864868, 86.5407714844, 87.0051651001, 87.4579544067, 87.9107437134, 88.36353302, 88.8163223267, 89.2691116333, 89.7219009399, 90.1863021851, 90.6507034302, 91.0918807983, 91.5330581665, 91.9742355347, 92.4386367798, 92.9030380249, 93.3558273315, 93.8086166382, 94.2614059448, 94.7141952515, 95.1785888672, 95.6197738647, 96.0609512329, 96.5021286011, 96.9665298462, 97.4193191528, 97.8721084595, 98.3248977661, 98.7892990112, 99.2420806885, 99.7064819336, 100.170883179, 100.612060547, 101.064849854, 101.529251099, 101.993652344, 102.44644165, 102.899223328, 103.352012634, 103.816413879, 104.269203186, 104.710380554, 105.163169861, 105.627571106, 106.091972351, 106.556373596, 107.020767212, 107.473556519, 107.926345825, 108.39074707, 108.843536377, 109.296325684, 109.760726929, 110.213516235, 110.666305542, 111.130699158, 111.595100403, 112.047889709, 112.512290955, 112.965080261, 113.429473877, 113.893875122, 114.358276367, 114.799453735, 115.240631104, 115.681808472, 116.146209717, 116.610610962, 117.063400269, 117.516189575, 117.98059082, 118.421768188, 118.886169434, 119.338951111, 119.791740417, 120.256141663, 120.708930969, 121.173332214, 121.637733459, 122.090522766, 122.554916382, 123.019317627, 123.483718872, 123.948112488, 124.412513733, 124.876914978, 125.329704285, 125.782493591, 126.235282898, 126.688072205, 127.15246582, 127.616867065, 128.081268311, 128.545669556, 129.010070801, 129.474472046, 129.938858032, 130.391647339, 130.844436646, 131.308837891, 131.773239136, 132.237640381, 132.702041626, 133.166442871, 133.630844116, 134.095230103, 134.548019409, 135.000808716, 135.441986084, 135.894775391, 136.347564697, 136.800354004, 137.253143311, 137.705932617, 138.158721924, 138.623123169, 139.075912476, 139.528701782, 139.993103027, 140.457504272, 140.921905518, 141.374694824, 141.839096069, 142.303482056, 142.767883301, 143.220672607, 143.685073853, 144.149475098, 144.602264404, 145.055053711, 145.507843018, 145.960632324, 146.425033569, 146.889434814, 147.342224121, 147.795013428, 148.259414673, 148.712203979, 149.164993286, 149.629379272, 150.093780518, 150.546569824, 151.010971069, 151.475372314, 151.928161621, 152.392562866, 152.845352173, 153.309753418, 153.762542725, 154.226928711, 154.679718018, 155.144119263, 155.596908569, 156.061309814, 156.502487183, 156.966888428, 157.431289673, 157.884078979, 158.336868286, 158.789657593, 159.242446899, 159.706848145, 160.17124939, 160.624038696, 161.076828003, 161.541213989, 162.005615234, 162.470016479, 162.911193848, 163.375595093, 163.828384399, 164.292785645, 164.745574951, 165.209976196, 165.662765503, 166.11555481, 166.556732178, 167.009521484, 167.462310791, 167.926712036, 168.391113281, 168.855514526, 169.308303833, 169.772689819, 170.225479126, 170.678268433, 171.131057739, 171.595458984, 172.048248291, 172.501037598, 172.953826904, 173.406616211, 173.859405518, 174.312194824, 174.764984131, 175.217773438, 175.658950806, 176.123352051, 176.587753296, 177.040542603, 177.481719971, 177.934509277, 178.375686646, 178.840087891, 179.292877197, 179.745666504, 180.198455811, 180.651245117, 181.104034424, 181.55682373, 182.009613037, 182.462402344, 182.91519165, 183.367980957, 183.832382202, 184.285171509, 184.737960815, 185.190750122, 185.643539429, 186.096328735, 186.549118042, 187.013504028, 187.466293335, 187.919082642, 188.360275269, 188.813064575, 189.265853882, 189.718643188, 190.171432495, 190.635818481, 191.088607788, 191.541397095, 191.994186401, 192.446975708, 192.888153076, 193.352554321, 193.816955566, 194.281356812, 194.745758057, 195.210159302, 195.674560547, 196.138946533, 196.614959717, 197.0909729, 197.578598022, 198.089431763, 198.600265503, 199.111114502, 199.621948242, 200.132781982, 200.643630981, 201.154464722, 201.665298462, 202.164535522, 202.663757324, 203.162994385, 203.63899231, 204.115005493, 204.591018677, 205.06703186, 205.508209229, 205.960998535, 206.402175903, 206.762084961, 207.121994019, 207.481903076, 207.841812134, 208.236557007, 208.631286621, 209.026031494, 209.420761108, 209.82711792, 210.233459473, 210.639816284, 211.046157837, 211.44090271, 211.835647583, 212.230377197, 212.671554565, 213.124343872, 213.577133179, 214.029922485, 214.482711792, 214.947113037, 215.539230347, 216.131332397, 216.711837769, 217.292327881, 217.872833252, 218.464935303, 219.045440674, 219.625930786, 220.206436157, 220.77532959, 221.344207764, 221.843444824, 222.342666626, 222.841903687, 223.341125488, 223.840362549, 224.339584351, 224.838821411, 225.326431274, 225.825668335, 226.324890137, 226.824127197, 227.323348999, 227.718093872, 228.112823486, 228.507568359, 228.902313232, 229.297042847, 229.703399658, 230.109741211, 230.550918579, 230.980499268, 231.398452759, 231.81640625, 232.211151123, 232.617507935, 233.012237549, 233.383758545, 233.755279541, 234.126800537, 234.498321533, 234.916275024, 235.345840454, 235.775421143, 236.204986572, 236.634552002, 237.064117432, 237.49369812, 237.92326355, 238.352828979, 238.770782471, 239.200363159], "beats_loudness": {"dmean2": 0.0228848140687, "median": 0.0250288490206, "min": 8.32436853671e-05, "dvar2": 0.000456628768006, "dvar": 0.000155836678459, "dmean": 0.013293068856, "max": 0.115011304617, "var": 0.00028304499574, "mean": 0.0271202325821}, "danceability": 1.15267825127, "bpm_histogram_second_peak_weight": {"dmean2": 0, "median": 0.0267686415464, "min": 0.0267686415464, "dvar2": 0, "dvar": 0, "dmean": 0, "max": 0.0267686415464, "var": 0, "mean": 0.0267686415464}, "beats_count": 524, "bpm_histogram_second_peak_bpm": {"dmean2": 0, "median": 120, "min": 120, "dvar2": 0, "dvar": 0, "dmean": 0, "max": 120, "var": 0, "mean": 120}, "bpm_histogram_first_peak_spread": {"dmean2": 0, "median": 0.417050719261, "min": 0.417050719261, "dvar2": 0, "dvar": 0, "dmean": 0, "max": 0.417050719261, "var": 0, "mean": 0.417050719261}, "beats_loudness_band_ratio": {"dmean2": [0.596594810486, 0.323601573706, 0.281328469515, 0.238034963608, 0.132326319814, 0.118244335055], "median": [0.195345059037, 0.132567584515, 0.191603019834, 0.124589145184, 0.0696555152535, 0.0485647059977], "min": [2.73809346254e-05, 0.00172173185274, 0.010416903533, 0.00608061812818, 0.0028167264536, 0.000514934712555], "dvar2": [0.186930075288, 0.068153001368, 0.0547522939742, 0.056660041213, 0.0196013487875, 0.0128774698824], "dvar": [0.053909920156, 0.0217892229557, 0.0187232755125, 0.021022381261, 0.00680751679465, 0.00416659470648], "dmean": [0.310907304287, 0.173037588596, 0.155850768089, 0.136569038033, 0.0741758048534, 0.0628912523389], "max": [0.931402683258, 0.770700097084, 0.823838055134, 0.918392241001, 0.627128839493, 0.588766753674], "var": [0.0652518793941, 0.0247072856873, 0.0227893609554, 0.031317256391, 0.00876373704523, 0.003925899975], "mean": [0.284578621387, 0.179826423526, 0.218681514263, 0.189273640513, 0.101740822196, 0.0685389116406]}}, "lowlevel": {"barkbands_spread": {"dmean2": 7.8697681427, "median": 18.1800613403, "min": 0.776813268661, "dvar2": 97.2568588257, "dvar": 43.4860038757, "dmean": 5.03706979752, "max": 90.1316299438, "var": 118.209373474, "mean": 20.2962417603}, "melbands_spread": {"dmean2": 10.2303972244, "median": 21.3847103119, "min": 0.601574897766, "dvar2": 155.527297974, "dvar": 72.7779769897, "dmean": 6.45488882065, "max": 209.124557495, "var": 192.222045898, "mean": 23.346868515}, "hfc": {"dmean2": 7.03746795654, "median": 13.4064750671, "min": 0.0188163202256, "dvar2": 99.3538665771, "dvar": 52.9450302124, "dmean": 5.06474208832, "max": 102.473350525, "var": 266.165100098, "mean": 18.009475708}, "barkbands_kurtosis": {"dmean2": 4.4731836319, "median": 1.06830263138, "min": -1.80448007584, "dvar2": 132.327407837, "dvar": 48.3627548218, "dmean": 2.63825583458, "max": 257.311279297, "var": 43.6617202759, "mean": 2.68499445915}, "gfcc": {"mean": [-7.85313272476, 85.4657516479, -130.318634033, 17.7614097595, -59.7761688232, 9.80144405365, -33.5734138489, 7.68748998642, -23.2142696381, 1.58419859409, -16.4558334351, -2.40774893761, -11.1655454636], "icov": [[0.000283607485471, -6.3498475356e-05, -0.000246210081968, -0.000144874706166, 4.73683803648e-06, -0.000146284670336, 2.12508148252e-05, -6.64439867251e-05, 0.000366018590285, -0.000656467396766, 0.000208403464057, -0.000149796920596, 9.61463156273e-05], [-6.3498475356e-05, 0.001854095608, -0.000420127646066, -0.000236558524193, -0.00103012903128, 0.000477637018776, -0.000919152516872, 0.00174826802686, -0.00177383620758, 0.0024515541736, -0.00290956906974, 0.0026059395168, -0.00129735213704], [-0.000246210081968, -0.000420127646066, 0.00225551147014, -0.00147945003118, -9.41893304116e-05, -0.000387236475945, 0.000160641095135, 0.00102495879401, 0.000369097426301, -0.00201765052043, 0.0022584432736, -0.00293292105198, 0.00261915614828], [-0.000144874706166, -0.000236558524193, -0.00147945003118, 0.00444542011246, -0.000732561806217, -0.00150897412095, 0.00179719505832, -0.00179113622289, -0.00078821904026, 0.00187469471712, -0.00131264107767, 0.00180613144767, -0.00255650817417], [4.73683803648e-06, -0.00103012903128, -9.41893304116e-05, -0.000732561806217, 0.0054544522427, -0.000351353141014, -0.000934630050324, -0.00145429943223, -0.000909319322091, -0.00121053005569, 0.00222356151789, -0.0021327084396, 0.000709328160156], [-0.000146284670336, 0.000477637018776, -0.000387236475945, -0.00150897412095, -0.000351353141014, 0.00940630957484, -0.00505944993347, 0.000274699094007, 0.000607640133239, -0.00150183320511, -0.00120187469292, 0.000871048076078, -0.000573367171455], [2.12508148252e-05, -0.000919152516872, 0.000160641095135, 0.00179719505832, -0.000934630050324, -0.00505944993347, 0.0105653479695, -0.00610652752221, 0.00225490471348, 0.00135848508216, -0.000968128908426, -0.00143192475662, 0.000659147044644], [-6.64439867251e-05, 0.00174826802686, 0.00102495879401, -0.00179113622289, -0.00145429943223, 0.000274699094007, -0.00610652752221, 0.0163861550391, -0.00647307839245, 0.00243420316838, -0.00214887410402, -0.00114496797323, 5.60897315154e-05], [0.000366018590285, -0.00177383620758, 0.000369097426301, -0.00078821904026, -0.000909319322091, 0.000607640133239, 0.00225490471348, -0.00647307839245, 0.0161206517369, -0.00992770679295, 0.00384244928136, -0.000952140137088, -0.00019242829876], [-0.000656467396766, 0.0024515541736, -0.00201765052043, 0.00187469471712, -0.00121053005569, -0.00150183320511, 0.00135848508216, 0.00243420316838, -0.00992770679295, 0.023194661364, -0.0108114350587, 0.00467517180368, -0.00188051653095], [0.000208403464057, -0.00290956906974, 0.0022584432736, -0.00131264107767, 0.00222356151789, -0.00120187469292, -0.000968128908426, -0.00214887410402, 0.00384244928136, -0.0108114350587, 0.0216228943318, -0.00759185478091, 0.00267005804926], [-0.000149796920596, 0.0026059395168, -0.00293292105198, 0.00180613144767, -0.0021327084396, 0.000871048076078, -0.00143192475662, -0.00114496797323, -0.000952140137088, 0.00467517180368, -0.00759185478091, 0.0198354832828, -0.00767499534413], [9.61463156273e-05, -0.00129735213704, 0.00261915614828, -0.00255650817417, 0.000709328160156, -0.000573367171455, 0.000659147044644, 5.60897315154e-05, -0.00019242829876, -0.00188051653095, 0.00267005804926, -0.00767499534413, 0.0205962713808]], "cov": [[6497.79003906, 321.49810791, 1898.04492188, 816.590576172, 354.848327637, 332.395446777, 1.75607120991, -15.4740800858, 68.627456665, 286.433563232, 3.34289193153, 144.834197998, -72.7404251099], [321.49810791, 1100.68640137, 203.181610107, 237.047439575, 201.204269409, 43.17811203, 54.3705215454, -25.267665863, 85.9746017456, -9.44449615479, 73.0799255371, -65.5630264282, 30.0536136627], [1898.04492188, 203.181610107, 1405.54174805, 497.983734131, 217.747894287, 143.327407837, -41.2871932983, -38.3895721436, 59.5942268372, 126.794250488, -32.5431518555, 98.5812530518, -61.9832801819], [816.590576172, 237.047439575, 497.983734131, 508.452453613, 157.66267395, 106.927474976, -7.0638256073, 34.447769165, 65.9583053589, 42.6080207825, 10.1403903961, 20.6300182343, 19.4628829956], [354.848327637, 201.204269409, 217.747894287, 157.66267395, 306.649017334, 77.6420516968, 73.6202392578, 61.1574783325, 64.174118042, 29.8226490021, 7.22509670258, 34.0349082947, 7.04344081879], [332.395446777, 43.17811203, 143.327407837, 106.927474976, 77.6420516968, 200.703781128, 115.597648621, 52.2745780945, 12.1966629028, 26.5616493225, 27.2349357605, 25.393245697, 3.75645041466], [1.75607120991, 54.3705215454, -41.2871932983, -7.0638256073, 73.6202392578, 115.597648621, 224.361801147, 92.0003967285, -0.538615763187, -10.0600137711, 33.878818512, 29.6952762604, 6.79200935364], [-15.4740800858, -25.267665863, -38.3895721436, 34.447769165, 61.1574783325, 52.2745780945, 92.0003967285, 128.262878418, 41.1815261841, 6.49596977234, 19.6682548523, 25.1335277557, 11.4875831604], [68.627456665, 85.9746017456, 59.5942268372, 65.9583053589, 64.174118042, 12.1966629028, -0.538615763187, 41.1815261841, 119.296661377, 48.3086433411, 9.43587207794, 2.0967977047, 8.82174682617], [286.433563232, -9.44449615479, 126.794250488, 42.6080207825, 29.8226490021, 26.5616493225, -10.0600137711, 6.49596977234, 48.3086433411, 93.5564041138, 25.5797080994, 8.50951862335, -3.90239644051], [3.34289193153, 73.0799255371, -32.5431518555, 10.1403903961, 7.22509670258, 27.2349357605, 33.878818512, 19.6682548523, 9.43587207794, 25.5797080994, 80.0411148071, 15.719329834, 7.26126909256], [144.834197998, -65.5630264282, 98.5812530518, 20.6300182343, 34.0349082947, 25.393245697, 29.6952762604, 25.1335277557, 2.0967977047, 8.50951862335, 15.719329834, 89.1505889893, 15.7143287659], [-72.7404251099, 30.0536136627, -61.9832801819, 19.4628829956, 7.04344081879, 3.75645041466, 6.79200935364, 11.4875831604, 8.82174682617, -3.90239644051, 7.26126909256, 15.7143287659, 65.3370513916]]}, "spectral_energyband_middle_low": {"dmean2": 0.00562522560358, "median": 0.00774719053879, "min": 4.60421915705e-06, "dvar2": 6.08176087553e-05, "dvar": 2.78634452116e-05, "dmean": 0.00364150060341, "max": 0.0870624110103, "var": 0.000100006938737, "mean": 0.0103933187202}, "melbands_crest": {"dmean2": 5.59454202652, "median": 11.0888557434, "min": 3.28078150749, "dvar2": 22.9676895142, "dvar": 9.91547775269, "dmean": 3.39376997948, "max": 32.5354728699, "var": 24.2789840698, "mean": 12.2142734528}, "spectral_kurtosis": {"dmean2": 2.23312067986, "median": 4.48050451279, "min": -0.785554170609, "dvar2": 5.51712465286, "dvar": 1.98157560825, "dmean": 1.33492410183, "max": 31.247505188, "var": 5.88486909866, "mean": 4.79938936234}, "spectral_rms": {"dmean2": 0.00133342354093, "median": 0.0041942615062, "min": 0.000120344026072, "dvar2": 3.96192854168e-06, "dvar": 1.64559571658e-06, "dmean": 0.000853167613968, "max": 0.0119208050892, "var": 4.60130559077e-06, "mean": 0.00430769892409}, "zerocrossingrate": {"dmean2": 0.0120056737214, "median": 0.05615234375, "min": 0.0048828125, "dvar2": 0.000196966895601, "dvar": 0.000169345134054, "dmean": 0.00996535457671, "max": 0.376953125, "var": 0.00088011357002, "mean": 0.0619759187102}, "silence_rate_60dB": {"dmean2": 0.0259614456445, "median": 0, "min": 0, "dvar2": 0.0278046038002, "dvar": 0.0128105897456, "dmean": 0.0129794655368, "max": 1, "var": 0.113726094365, "mean": 0.130847454071}, "erbbands_kurtosis": {"dmean2": 0.975380301476, "median": -0.246475696564, "min": -1.84814369678, "dvar2": 1.84155607224, "dvar": 0.904650390148, "dmean": 0.634776771069, "max": 55.6920433044, "var": 3.62819981575, "mean": 0.288514077663}, "erbbands": {"dmean2": [0.208837360144, 2.35158228874, 4.77109527588, 3.71040964127, 5.73823213577, 9.81310653687, 8.96388149261, 9.93698120117, 17.9167633057, 18.8457431793, 34.1416358948, 34.3897590637, 29.972442627, 30.5646095276, 21.4957504272, 34.290687561, 28.7939796448, 32.5343055725, 24.8361473083, 20.6948165894, 11.3243694305, 9.64691829681, 9.15148258209, 7.86050319672, 7.34330034256, 4.14000988007, 4.14712429047, 4.17150354385, 3.21974635124, 2.04721212387, 2.17731380463, 1.37624073029, 0.656535089016, 0.400132745504, 0.219651833177, 0.197222352028, 0.0770871862769, 0.014466968365, 0.00175331346691, 8.95988414413e-05], "median": [0.0275573693216, 0.258593887091, 0.629522740841, 1.61841154099, 3.54023051262, 4.79395961761, 4.79688072205, 5.2419834137, 8.47832679749, 8.00667285919, 13.8616228104, 12.3934555054, 13.1342849731, 12.2611522675, 10.2673931122, 11.4745388031, 9.53563785553, 12.0168294907, 10.7940835953, 9.51375102997, 8.13123703003, 7.35351085663, 7.31725597382, 6.45555067062, 5.88381671906, 3.66599440575, 3.43628263474, 2.55445408821, 1.79060947895, 1.10706830025, 0.828347921371, 0.538582742214, 0.354651987553, 0.177108839154, 0.0755093246698, 0.0319454744458, 0.00821345672011, 0.00118638377171, 0.000127323932247, 3.55732663593e-05], "min": [9.37964586001e-08, 1.14765214221e-06, 5.11350435772e-06, 4.3203614041e-05, 7.44559074519e-05, 0.000194711145014, 0.000677105912473, 0.00130450644065, 0.00326886842959, 0.00555669050664, 0.0234062615782, 0.035854395479, 0.0501359291375, 0.115277841687, 0.0288823116571, 0.00649501569569, 0.0213081631809, 0.0544916801155, 0.0790390148759, 0.0342688933015, 0.054990734905, 0.0281663481146, 0.0133404070511, 0.00999590195715, 0.0128320893273, 0.00725458702073, 0.0044857179746, 0.00156011700165, 0.00133246742189, 0.00135725189466, 0.000829367898405, 0.00053616205696, 0.000354529183824, 0.000174294997123, 4.67414793093e-05, 2.21414720727e-05, 6.51822210784e-06, 2.14307624447e-06, 4.36390052982e-07, 1.52103112327e-07], "dvar2": [0.267211258411, 40.1530036926, 186.754348755, 75.831817627, 77.6745071411, 354.608673096, 419.059570312, 541.75, 1662.71118164, 2353.12866211, 8675.79199219, 9614.96972656, 6454.08837891, 6517.09912109, 3018.34692383, 11522.9150391, 6470.43994141, 5950.22900391, 4519.12451172, 2759.76025391, 845.086975098, 341.463653564, 266.768920898, 191.98487854, 162.437316895, 49.4135856628, 57.8038063049, 94.6429977417, 62.0771827698, 26.6947383881, 44.353515625, 12.9644956589, 2.11027598381, 0.905537486076, 0.283436685801, 0.461576759815, 0.0669770613313, 0.0021169797983, 2.92128806905e-05, 6.02782606052e-08], "dvar": [0.0976036116481, 14.3591222763, 65.7211608887, 26.567817688, 29.6489486694, 141.426498413, 176.164138794, 252.059906006, 847.859863281, 1141.6829834, 4027.70825195, 4285.03076172, 3091.37207031, 3339.47900391, 1599.14074707, 5267.40527344, 3402.38037109, 2775.8034668, 2132.58520508, 1189.1953125, 385.073944092, 167.335723877, 140.933639526, 99.9663543701, 83.0526504517, 23.1809654236, 26.2050952911, 40.5767364502, 26.0841026306, 12.9178886414, 19.1641311646, 5.92764139175, 1.08606183529, 0.435300976038, 0.137256070971, 0.202071115375, 0.0315383411944, 0.00101894710679, 1.41397958942e-05, 2.81214518338e-08], "dmean": [0.123114362359, 1.31547725201, 2.59804773331, 2.1041572094, 3.40586447716, 5.82695531845, 5.52680063248, 6.30597782135, 11.9630002975, 12.5284614563, 22.5057430267, 22.5071353912, 20.2220287323, 21.1123600006, 14.6491308212, 22.8202724457, 20.0475826263, 21.8343486786, 16.7461147308, 13.430727005, 7.42156028748, 6.45486164093, 6.20507717133, 5.3228392601, 4.92575120926, 2.78827357292, 2.79110121727, 2.76609945297, 2.12210655212, 1.38551259041, 1.45418250561, 0.927259147167, 0.459077298641, 0.282423585653, 0.156140446663, 0.134737610817, 0.0538044422865, 0.0102249030024, 0.00123437063303, 6.20368227828e-05], "max": [2.30137777328, 26.441028595, 76.0777130127, 79.1664047241, 146.84765625, 361.732269287, 609.577453613, 689.411804199, 1033.70361328, 1157.19396973, 1899.69519043, 1553.26977539, 2162.60888672, 1952.02770996, 1308.36157227, 2735.26220703, 1423.4230957, 1211.78833008, 1358.47509766, 760.426208496, 1106.85375977, 465.421813965, 356.019104004, 307.610717773, 245.705413818, 105.380935669, 147.098861694, 127.31413269, 88.1155776978, 146.189086914, 87.5112762451, 53.6916465759, 30.0541534424, 14.2640600204, 7.38209009171, 7.88894796371, 3.77335977554, 0.593579530716, 0.0645110011101, 0.00426294002682], "var": [0.0805561095476, 9.43859577179, 40.514705658, 22.9017162323, 46.6377220154, 201.3409729, 294.500976562, 581.703308105, 2847.04174805, 2466.97241211, 10085.4599609, 9176.99609375, 10948.2832031, 13305.5087891, 5064.75488281, 19601.1191406, 8993.91699219, 7541.97167969, 5662.11376953, 2839.93017578, 1019.66442871, 550.987182617, 510.318939209, 399.932189941, 305.069458008, 69.5937423706, 69.2008972168, 64.0678482056, 42.8184547424, 28.3151988983, 26.377412796, 9.88032341003, 2.51800632477, 0.821942925453, 0.236017778516, 0.234810501337, 0.0403843894601, 0.00135640799999, 1.87697260117e-05, 3.59166705266e-08], "mean": [0.127880007029, 1.10073494911, 2.31565070152, 3.01957798004, 5.54032182693, 8.78978061676, 9.01630306244, 11.8694047928, 24.6492156982, 22.3540534973, 42.5107269287, 41.4486846924, 40.7205657959, 43.5665664673, 30.1865444183, 46.0792236328, 37.259853363, 40.7467536926, 32.33020401, 26.7876243591, 16.4097995758, 15.1822395325, 14.8084621429, 13.167766571, 11.5703516006, 6.50158977509, 6.27272033691, 5.1637005806, 3.87003183365, 2.55682659149, 2.22428607941, 1.5133805275, 0.883382260799, 0.498734384775, 0.248464569449, 0.164635837078, 0.0620981603861, 0.0115551277995, 0.00136976945214, 8.737846656e-05]}, "spectral_strongpeak": {"dmean2": 0.88379406929, "median": 0.438451260328, "min": 0.0108585441485, "dvar2": 1.64595174789, "dvar": 0.70656311512, "dmean": 0.540298223495, "max": 10.2922058105, "var": 1.91241431236, "mean": 1.0416675806}, "spectral_energy": {"dmean2": 0.0160987079144, "median": 0.0180316269398, "min": 1.4844751604e-05, "dvar2": 0.000915443117265, "dvar": 0.000352304778062, "dmean": 0.00990345515311, "max": 0.145658239722, "var": 0.000498736393638, "mean": 0.0237365011126}, "average_loudness": 0.824019253254, "spectral_rolloff": {"dmean2": 755.004638672, "median": 1335.05859375, "min": 64.599609375, "dvar2": 1495893.625, "dvar": 685101.375, "dmean": 452.343292236, "max": 13544.3847656, "var": 1325455.75, "mean": 1539.92138672}, "spectral_centroid": {"dmean2": 333.844207764, "median": 1302.16967773, "min": 276.09765625, "dvar2": 133208.5, "dvar": 60686.6171875, "dmean": 215.507507324, "max": 4775.88330078, "var": 261037.6875, "mean": 1369.4954834}, "pitch_salience": {"dmean2": 0.125724747777, "median": 0.616663217545, "min": 0.117528006434, "dvar2": 0.015429712832, "dvar": 0.00614707591012, "dmean": 0.0765622034669, "max": 0.874408066273, "var": 0.0144367106259, "mean": 0.605291068554}, "spectral_energyband_middle_high": {"dmean2": 0.00255286786705, "median": 0.0033766166307, "min": 9.87545809039e-06, "dvar2": 1.74871220224e-05, "dvar": 9.96567450784e-06, "dmean": 0.00186938734259, "max": 0.07321921736, "var": 6.64566177875e-05, "mean": 0.00621615443379}, "spectral_contrast_coeffs": {"dmean2": [0.08890337497, 0.0756983309984, 0.0596670694649, 0.0476462244987, 0.0317894332111, 0.0255371555686], "median": [-0.661078870296, -0.74312132597, -0.770758032799, -0.785433113575, -0.799229204655, -0.760699391365], "min": [-0.879053115845, -0.922584116459, -0.921929419041, -0.910095870495, -0.891759097576, -0.90971237421], "dvar2": [0.0051151975058, 0.0036007121671, 0.00227272510529, 0.00145264412276, 0.000648984278087, 0.000456423003925], "dvar": [0.00188754673582, 0.00149709428661, 0.000992614775896, 0.000711884174962, 0.000310850620735, 0.000202900060685], "dmean": [0.0534049347043, 0.0463363416493, 0.0377602428198, 0.0305717810988, 0.0203612409532, 0.0162116084248], "max": [-0.26608428359, -0.380212962627, -0.420656323433, -0.500370502472, -0.587186872959, -0.613018035889], "var": [0.00851019937545, 0.00643991166726, 0.00619728071615, 0.00455822935328, 0.00174386089202, 0.000863738066982], "mean": [-0.649908185005, -0.732035815716, -0.757749080658, -0.773607075214, -0.791905581951, -0.760821759701]}, "melbands_skewness": {"dmean2": 1.16948580742, "median": 1.80016624928, "min": -0.937668025494, "dvar2": 2.89743280411, "dvar": 1.17552983761, "dmean": 0.728675723076, "max": 14.417798996, "var": 2.20145797729, "mean": 2.05710268021}, "spectral_spread": {"dmean2": 662738.3125, "median": 4021080, "min": 1675557.375, "dvar2": 699727216640, "dvar": 409614188544, "dmean": 479687.8125, "max": 17395930, "var": 1819478327300.0, "mean": 4292193}, "dissonance": {"dmean2": 0.0311447810382, "median": 0.47310629487, "min": 0.20085889101, "dvar2": 0.000988220330328, "dvar": 0.000377520656912, "dmean": 0.0185561832041, "max": 0.500000119209, "var": 0.000956100760959, "mean": 0.464831829071}, "spectral_skewness": {"dmean2": 0.287947773933, "median": 1.58011829853, "min": 0.183704182506, "dvar2": 0.0723176822066, "dvar": 0.0301905516535, "dmean": 0.179152280092, "max": 4.32458543777, "var": 0.131866931915, "mean": 1.5973790884}, "spectral_flux": {"dmean2": 0.0424146428704, "median": 0.0663669854403, "min": 0.00455079786479, "dvar2": 0.00308813201264, "dvar": 0.00163698289543, "dmean": 0.0270487964153, "max": 0.33847245574, "var": 0.00357134849764, "mean": 0.0825085937977}, "spectral_contrast_valleys": {"dmean2": [0.706836819649, 0.548472464085, 0.454547643661, 0.388428330421, 0.303830057383, 0.343808025122], "median": [-7.1480512619, -6.57196569443, -7.08010482788, -7.56334257126, -7.47749376297, -10.1837358475], "min": [-13.4318714142, -9.9960603714, -10.1776189804, -9.76281642914, -10.2781801224, -13.3896923065], "dvar2": [0.331124395132, 0.192055359483, 0.132106110454, 0.0999095216393, 0.0776076689363, 0.169971555471], "dvar": [0.140601113439, 0.0714864805341, 0.0526519156992, 0.042758885771, 0.0400480590761, 0.0989237725735], "dmean": [0.430488735437, 0.331539303064, 0.278150230646, 0.244508072734, 0.202741503716, 0.2629750669], "max": [-5.08062410355, -4.71580314636, -5.34081888199, -5.62270975113, -6.01260995865, -7.79862451553], "var": [2.49976229668, 0.623857557774, 0.270554274321, 0.239877060056, 0.366537362337, 0.820810735226], "mean": [-7.69629907608, -6.75442266464, -7.10048341751, -7.58432674408, -7.55513477325, -10.2683811188]}, "erbbands_flatness_db": {"dmean2": 0.0247709751129, "median": 0.152286529541, "min": 0.0385379008949, "dvar2": 0.00056503835367, "dvar": 0.000332927942509, "dmean": 0.0177730191499, "max": 0.363871455193, "var": 0.00293769035488, "mean": 0.160459131002}, "spectral_energyband_high": {"dmean2": 0.000344363303157, "median": 0.000278671213891, "min": 3.03968164417e-07, "dvar2": 6.17491650701e-07, "dvar": 3.025200499e-07, "dmean": 0.00025289223413, "max": 0.0104812793434, "var": 6.28483519449e-07, "mean": 0.000537768006325}, "spectral_entropy": {"dmean2": 0.190312743187, "median": 7.65770339966, "min": 5.70200777054, "dvar2": 0.0377003066242, "dvar": 0.0208964087069, "dmean": 0.131597310305, "max": 8.888256073, "var": 0.114743873477, "mean": 7.63130903244}, "silence_rate_20dB": {"dmean2": 0, "median": 1, "min": 1, "dvar2": 0, "dvar": 0, "dmean": 0, "max": 1, "var": 0, "mean": 1}, "melbands_flatness_db": {"dmean2": 0.040840562433, "median": 0.170484527946, "min": 0.0296274032444, "dvar2": 0.00210603023879, "dvar": 0.000890191993676, "dmean": 0.0259989555925, "max": 0.455506265163, "var": 0.00262844888493, "mean": 0.176448225975}, "barkbands": {"dmean2": [0.000222342641791, 0.00923438183963, 0.00371015025303, 0.00121115380898, 0.00240525556728, 0.00110763020348, 0.00132893410046, 0.00137688778341, 0.00153493939433, 0.0010562799871, 0.000531797006261, 0.000891892355867, 0.000682960555423, 0.000636206183117, 0.000496143766213, 0.000242179259658, 0.000210414436879, 0.000174548389623, 0.000163557982887, 9.46901491261e-05, 0.000102743659227, 8.48675044836e-05, 7.83641517046e-05, 4.28528546763e-05, 3.20435356116e-05, 4.22026132583e-05, 1.07889964056e-05], "median": [1.50216746988e-05, 0.00111311837099, 0.000525983516127, 0.000572057440877, 0.00156553008128, 0.000660922494717, 0.000535545637831, 0.000473662192235, 0.000483996875118, 0.00039574445691, 0.000156369642355, 0.000278830993921, 0.000179922877578, 0.000208717348869, 0.000192432315089, 0.00013325024338, 0.000132094311994, 0.000121763579955, 0.000123906924273, 7.68039753893e-05, 7.68087920733e-05, 4.69382139272e-05, 2.99613329844e-05, 2.252010745e-05, 1.31484166559e-05, 5.48715343029e-06, 6.68498614687e-07], "min": [4.23881207912e-11, 2.66716870811e-09, 2.13630113599e-10, 4.52049242483e-09, 6.07870234148e-08, 8.8822680766e-08, 2.02683182238e-07, 8.88544150257e-07, 1.76191133505e-06, 2.14630586015e-06, 1.59203011663e-06, 9.25688041775e-08, 4.83188841827e-07, 1.15460204597e-06, 7.22600645986