{"tonal": {"thpcp": [1, 0.682142555714, 0.201363041997, 0.125611111522, 0.110046885908, 0.356401830912, 0.801324129105, 0.635217249393, 0.238136947155, 0.164580285549, 0.116249598563, 0.353542238474, 0.622064948082, 0.406905651093, 0.222387447953, 0.293898314238, 0.225053623319, 0.214300513268, 0.309772878885, 0.307058244944, 0.572804152966, 0.972190856934, 0.680487632751, 0.21158541739, 0.126784548163, 0.126301944256, 0.273168116808, 0.411626875401, 0.275451689959, 0.132624313235, 0.129185393453, 0.141737490892, 0.40838098526, 0.726661145687, 0.550870060921, 0.601147592068], "hpcp": {"dmean2": [0.258762538433, 0.230996027589, 0.112677492201, 0.0759658068419, 0.069871507585, 0.112583018839, 0.13933712244, 0.113866142929, 0.0670421719551, 0.0505744665861, 0.0807083174586, 0.16281093657, 0.212729558349, 0.228823721409, 0.201060906053, 0.194906935096, 0.200371414423, 0.104661889374, 0.0649302527308, 0.064971730113, 0.1247856915, 0.197248801589, 0.183089897037, 0.112881280482, 0.0769014954567, 0.0602546967566, 0.131443187594, 0.192223638296, 0.143299221992, 0.106184072793, 0.129141375422, 0.11100281775, 0.0969680473208, 0.130105689168, 0.157843098044, 0.226777821779], "median": [0.183608472347, 0.116189107299, 0.0272465310991, 0.00914132408798, 0.00934604555368, 0.0177771188319, 0.0273662544787, 0.0210740789771, 0.00963805243373, 0.00516324676573, 0.00516402442008, 0.0308811664581, 0.0685802549124, 0.0780722871423, 0.0993686243892, 0.0991023406386, 0.0696940794587, 0.0193050894886, 0.00587733881548, 0.00681613851339, 0.0355505757034, 0.0870004296303, 0.0735939219594, 0.023448554799, 0.0079981116578, 0.0108783245087, 0.0420078150928, 0.0617362558842, 0.0411146134138, 0.0199591182172, 0.0123324291781, 0.0130448108539, 0.0188112519681, 0.023801472038, 0.0413425676525, 0.103687889874], "min": [0, 0, 0, 0, 0, 0, 0, 0, 0, 0, 0, 0, 0, 0, 0, 0, 0, 0, 0, 0, 0, 5.68550103708e-06, 4.13893867517e-05, 3.30476177623e-05, 6.85473287376e-06, 1.77141937456e-05, 0, 0, 0, 0, 0, 0, 0, 0, 0, 0], "dvar2": [0.102839380503, 0.0819692611694, 0.0330713652074, 0.0313784256577, 0.0240588989109, 0.0532452203333, 0.0674213171005, 0.051155090332, 0.0248443707824, 0.0207751020789, 0.0346517451108, 0.0655202195048, 0.0898475646973, 0.0831523910165, 0.0612215101719, 0.0875522717834, 0.0770360380411, 0.0346402041614, 0.0273014847189, 0.0223614852875, 0.0412692017853, 0.0842921510339, 0.0675132647157, 0.0535441860557, 0.051176764071, 0.0170243121684, 0.039976734668, 0.0815825685859, 0.0468114688993, 0.0351254120469, 0.0622023902833, 0.0434710718691, 0.0313774682581, 0.0530845634639, 0.062139056623, 0.0785535424948], "dvar": [0.0419834405184, 0.0310343205929, 0.0125114014372, 0.0114319911227, 0.00858389865607, 0.0194935388863, 0.0260527078062, 0.0182107128203, 0.00912573095411, 0.00777244847268, 0.0125671569258, 0.024649977684, 0.0369598791003, 0.0317060500383, 0.0225327350199, 0.0356131754816, 0.0291855949908, 0.0125389955938, 0.0100386431441, 0.00799264200032, 0.0156644973904, 0.035090547055, 0.0276413187385, 0.0187984760851, 0.0175725836307, 0.00623498344794, 0.0156177831814, 0.0352449715137, 0.0186193883419, 0.0139539930969, 0.0263495538384, 0.0173362642527, 0.0120863970369, 0.0204269886017, 0.0229563955218, 0.0300714075565], "dmean": [0.154092952609, 0.138133391738, 0.0659400299191, 0.0433321148157, 0.0402785167098, 0.0664669945836, 0.0812788978219, 0.0662750527263, 0.0384696014225, 0.0280975606292, 0.0453711301088, 0.0966400057077, 0.123977921903, 0.134719491005, 0.11884097755, 0.114370904863, 0.119629539549, 0.0610019415617, 0.0367872603238, 0.0367562919855, 0.0754797458649, 0.119493171573, 0.111039429903, 0.0645361840725, 0.0419548749924, 0.0346606448293, 0.0795239061117, 0.115673661232, 0.0867856293917, 0.0631392523646, 0.0766775682569, 0.0646112188697, 0.0572040863335, 0.0757508426905, 0.0918810665607, 0.133837044239], "max": [1, 1, 1, 1, 1, 1, 1, 1, 1, 1, 1, 1, 1, 1, 1, 1, 1, 1, 1, 1, 1, 1, 1, 1, 1, 1, 1, 1, 1, 1, 1, 1, 1, 1, 1, 1], "var": [0.127106547356, 0.0744142010808, 0.0151600921527, 0.0124630099162, 0.0101445382461, 0.0352144241333, 0.0674231722951, 0.0325428657234, 0.0135445846245, 0.0251677464694, 0.0173158012331, 0.0518327057362, 0.117943763733, 0.060208953917, 0.0583920441568, 0.166142195463, 0.0840135291219, 0.0179304629564, 0.0173437707126, 0.00907556060702, 0.0356696434319, 0.125648722053, 0.0829949826002, 0.0271092616022, 0.0318751819432, 0.00863956380635, 0.0335246026516, 0.0978164747357, 0.0442174337804, 0.0212596897036, 0.0472487919033, 0.0243562683463, 0.0206030700356, 0.0393200479448, 0.0287059992552, 0.0542229786515], "mean": [0.338409125805, 0.236870378256, 0.073650598526, 0.0441323295236, 0.0439643412828, 0.0950868725777, 0.143282860518, 0.0958817526698, 0.0461650900543, 0.0449680387974, 0.0493372865021, 0.142153009772, 0.252942889929, 0.191751912236, 0.209252968431, 0.348089188337, 0.237446457148, 0.0700922980905, 0.0437238700688, 0.038306131959, 0.12405962497, 0.278932273388, 0.221112266183, 0.0828928947449, 0.0572886168957, 0.0404652282596, 0.123064234853, 0.216534093022, 0.141639456153, 0.0774106681347, 0.102302826941, 0.0783387348056, 0.0745956897736, 0.107828594744, 0.106883652508, 0.199386924505]}, "tuning_equal_tempered_deviation": 0.0588673390448, "chords_changes_rate": 0.0269423555583, "key_key": "D", "tuning_diatonic_strength": 0.708690345287, "key_scale": "major", "chords_number_rate": 0.00438596494496, "tuning_frequency": 437.213165283, "tuning_nontempered_energy_ratio": 0.713214278221, "chords_histogram": [27.7882213593, 5.23182964325, 24.4674186707, 4.85588979721, 4.16666650772, 0, 1.19047617912, 0, 4.13533830643, 0, 1.69172930717, 0, 1.22180449963, 0, 0, 0, 0, 5.57644128799, 1.06516289711, 0.814536333084, 0, 4.10401010513, 2.788220644, 10.902256012], "key_strength": 0.893492937088, "chords_key": "D", "chords_strength": {"dmean2": 0.00668444857001, "median": 0.609273910522, "min": 0.293255358934, "dvar2": 3.75492491003e-05, "dvar": 4.48873870482e-05, "dmean": 0.00798610784113, "max": 0.853201270103, "var": 0.00823687389493, "mean": 0.614740371704}, "chords_scale": "major", "hpcp_entropy": {"dmean2": 0.978277981281, "median": 1.73556232452, "min": 0.0405948087573, "dvar2": 0.618989944458, "dvar": 0.216052025557, "dmean": 0.57706040144, "max": 3.9581284523, "var": 0.48150229454, "mean": 1.69160914421}}, "metadata": {"audio_properties": {"equal_loudness": 0, "codec": "flac", "downmix": "mix", "sample_rate": 44100, "analysis_sample_rate": 44100, "bit_rate": 0, "md5_encoded": "dc80152c122b72b7a50c3b10bf26c736", "length": 148.160003662, "replay_gain": -4.56058311462, "lossless": true}, "version": {"essentia_build_sha": "70f2e5ece6736b2c40cc944ad0e695b16b925413", "essentia": "2.1-beta2", "extractor": "music 1.0", "essentia_git_sha": "v2.1_beta2"}, "tags": {"title": ["Gloria, RV 589: I. Gloria in excelsis"], "barcode": ["077775932621"], "media": ["CD"], "albumartist": ["Antonio Vivaldi; The Taverner Choir, Consort & Players, Andrew Parrott"], "tracktotal": ["28"], "albumartistsort": ["Vivaldi, Antonio; Taverner Choir, Consort & Players, The, Parrott, Andrew"], "performer": ["The Taverner Choir, Consort & Players (orchestra)", "The Taverner Choir, Consort & Players (choir vocals)"], "releasetype": ["album"], "musicbrainz_recordingid": ["13850b47-da26-48d1-add0-edc21f60912e"], "composer": ["Antonio Vivaldi"], "musicbrainz_albumartistid": ["ad79836d-9849-44df-8789-180bbc823f3c", "cb14ce84-7aed-4db6-b1c1-1cc8a5e1b917", "22220b44-8346-4931-88ea-3360a540db2e"], "musicbrainz_releasetrackid": ["421f827a-fd3d-44ae-8463-2f823cac899d"], "album": ["Gloria / Magnificat"], "catalognumber": ["0777 7 59326 2 1"], "releasecountry": ["XE"], "work": ["Gloria in D major, RV 589: I. Gloria in excelsis Deo"], "date": ["1994"], "file_name": "02 - Antonio Vivaldi - Gloria, RV 589: I. Gloria in excelsis.flac", "musicbrainz_albumid": ["90c25796-a99a-4d97-8cf8-e9be2663a25f"], "musicbrainz_releasegroupid": ["87ce51fb-db66-3b0a-986f-970ddc91300a"], "releasestatus": ["official"], "musicbrainz_artistid": ["ad79836d-9849-44df-8789-180bbc823f3c"], "originaldate": ["1994"], "musicbrainz_workid": ["e6cd91dc-6d83-4a84-9d99-88bf06f8421d"], "artist": ["Antonio Vivaldi"], "tracknumber": ["2"], "artistsort": ["Vivaldi, Antonio"], "composersort": ["Vivaldi, Antonio"], "label": ["Virgin Veritas"], "conductor": ["Andrew Parrott"], "acoustid_id": ["171f5447-e278-4a8f-84af-d58ca87049b5"], "script": ["Latn"], "totaltracks": ["28"]}}, "rhythm": {"bpm_histogram_first_peak_bpm": {"dmean2": 0, "median": 120, "min": 120, "dvar2": 0, "dvar": 0, "dmean": 0, "max": 120, "var": 0, "mean": 120}, "bpm": 121.171234131, "bpm_histogram_second_peak_spread": {"dmean2": 0, "median": 0.173913061619, "min": 0.173913061619, "dvar2": 0, "dvar": 0, "dmean": 0, "max": 0.173913061619, "var": 0, "mean": 0.173913061619}, "bpm_histogram_first_peak_weight": {"dmean2": 0, "median": 0.39393940568, "min": 0.39393940568, "dvar2": 0, "dvar": 0, "dmean": 0, "max": 0.39393940568, "var": 0, "mean": 0.39393940568}, "onset_rate": 2.6589615345, "beats_position": [0.452789098024, 0.917188167572, 1.40480720997, 1.89242625237, 2.39165520668, 2.89088439941, 3.39011335373, 3.90095233917, 4.41179132462, 4.91102027893, 5.41024923325, 5.90947818756, 6.40870714188, 6.8963265419, 7.38394546509, 7.8831744194, 8.37079334259, 8.87002277374, 9.36925125122, 9.85687065125, 10.3444900513, 10.8437185287, 11.3313379288, 11.8305664062, 12.3297958374, 12.840634346, 13.3514738083, 13.8623123169, 14.3731517792, 14.8723802567, 15.3716096878, 15.870839119, 16.3700675964, 16.8692970276, 17.3685264587, 17.8677539825, 18.3669834137, 18.8546028137, 19.3422222137, 19.8298416138, 20.3290691376, 20.8282985687, 21.3159179688, 21.8151473999, 22.3143768311, 22.8136043549, 23.312833786, 23.800453186, 24.2880725861, 24.7756919861, 25.2633094788, 25.7509288788, 26.2385482788, 26.7261676788, 27.2137870789, 27.7014045715, 28.1890239716, 28.6998634338, 29.2107028961, 29.7331504822, 30.2555999756, 30.7664394379, 31.2772789001, 31.776506424, 32.2757377625, 32.7981834412, 33.3206329346, 33.8314743042, 34.3539237976, 34.8531494141, 35.3639907837, 35.8632202148, 36.362449646, 36.8732872009, 37.3841247559, 37.883354187, 38.3825836182, 38.8702049255, 39.369430542, 39.8686599731, 40.3678894043, 40.8787307739, 41.3779602051, 41.8771858215, 42.3764152527, 42.8756446838, 43.374874115, 43.8857116699, 44.3733329773, 44.86095047, 45.3601799011, 45.8478012085, 46.3238105774, 46.7998161316, 47.2758255005, 47.7982749939, 48.3207244873, 48.8315620422, 49.3424034119, 49.8532409668, 50.3640823364, 50.8633079529, 51.362537384, 51.8617668152, 52.3609962463, 52.871837616, 53.3710632324, 53.8586845398, 54.3579139709, 54.8571434021, 55.3563690186, 55.8555984497, 56.3548278809, 56.8424491882, 57.3416786194, 57.8292961121, 58.3285255432, 58.8161430359, 59.315372467, 59.8029937744, 60.2906112671, 60.7898406982, 61.2774581909, 61.7650794983, 62.2410888672, 62.7170982361, 63.2047157288, 63.6923332214, 64.1915664673, 64.6907958984, 65.1784133911, 65.6660308838, 66.1536483765, 66.6412658691, 67.1288909912, 67.6165084839, 68.1041259766, 68.5917434692, 69.0793609619, 69.566986084, 70.0546035767, 70.5538330078, 71.053062439, 71.5406799316, 72.0282974243, 72.515914917, 73.0151443481, 73.5143737793, 74.001991272, 74.5012207031, 75.0004501343, 75.488067627, 75.9872970581, 76.4865264893, 76.9973678589, 77.4849853516, 77.9842147827, 78.4834442139, 78.982673645, 79.4819030762, 79.9695205688, 80.4571380615, 80.9447631836, 81.4439926147, 81.9316101074, 82.4308395386, 82.9300689697, 83.4292984009, 83.928527832, 84.4277572632, 84.9269790649, 85.414604187, 85.9138336182, 86.4014511108, 86.900680542, 87.3999099731, 87.8875274658, 88.3751449585, 88.8627624512, 89.3503875732, 89.849609375, 90.3488388062, 90.8480682373, 91.3356933594, 91.8349151611, 92.3225402832, 92.8217697144, 93.309387207, 93.8086166382, 94.3078460693, 94.8070755005, 95.2946929932, 95.7939224243, 96.2931518555, 96.7807693481, 97.2799987793, 97.7792282104, 98.2668457031, 98.7660751343, 99.2420806885, 99.7297058105, 100.205711365, 100.681724548, 101.180953979, 101.680175781, 102.167800903, 102.655418396, 103.143035889, 103.64226532, 104.141494751, 104.640724182, 105.139953613, 105.627571106, 106.115188599, 106.602806091, 107.078819275, 107.566436768, 108.042449951, 108.518455505, 109.006072998, 109.505302429, 109.992919922, 110.468933105, 110.94493866, 111.432563782, 111.920181274, 112.407798767, 112.907028198, 113.406257629, 113.893875122, 114.393104553, 114.880722046, 115.368339539, 115.855964661, 116.355194092, 116.842811584, 117.330429077, 117.81804657, 118.305664062, 118.793289185, 119.292518616, 119.791740417, 120.290969849, 120.79019928, 121.301040649, 121.800270081, 122.31111145, 122.810340881, 123.321174622, 123.808792114, 124.308021545, 124.807250977, 125.318092346, 125.828933716, 126.328163147, 126.81578064, 127.315010071, 127.802627563, 128.290252686, 128.777862549, 129.277099609, 129.764709473, 130.252334595, 130.739959717, 131.22756958, 131.715194702, 132.202804565, 132.678817749, 133.166442871, 133.654052734, 134.141677856, 134.62928772, 135.116912842, 135.604537964, 136.092147827, 136.579772949, 137.067382812, 137.555007935, 138.042633057, 138.53024292, 139.017868042, 139.505477905, 139.993103027, 140.492340088, 141.003173828, 141.58366394, 142.152557373, 142.675003052, 143.197463989, 143.719909668, 144.195922852, 144.671920776, 145.14793396, 145.612335205, 146.088348389, 146.564346313, 147.028747559, 147.493148804], "beats_loudness": {"dmean2": 0.0224512014538, "median": 0.0160470232368, "min": 3.95808410758e-06, "dvar2": 0.000590538664255, "dvar": 0.000203581323149, "dmean": 0.0124126505107, "max": 0.103773452342, "var": 0.000316197954817, "mean": 0.0195506587625}, "danceability": 0.880813956261, "bpm_histogram_second_peak_weight": {"dmean2": 0, "median": 0.0639730617404, "min": 0.0639730617404, "dvar2": 0, "dvar": 0, "dmean": 0, "max": 0.0639730617404, "var": 0, "mean": 0.0639730617404}, "beats_count": 298, "bpm_histogram_second_peak_bpm": {"dmean2": 0, "median": 126, "min": 126, "dvar2": 0, "dvar": 0, "dmean": 0, "max": 126, "var": 0, "mean": 126}, "bpm_histogram_first_peak_spread": {"dmean2": 0, "median": 0.553435087204, "min": 0.553435087204, "dvar2": 0, "dvar": 0, "dmean": 0, "max": 0.553435087204, "var": 0, "mean": 0.553435087204}, "beats_loudness_band_ratio": {"dmean2": [0.135060101748, 0.150446176529, 0.284137159586, 0.248133793473, 0.162562921643, 0.0329849310219], "median": [0.0473855137825, 0.0738030970097, 0.370612204075, 0.206473752856, 0.0985489785671, 0.0192949101329], "min": [0.00120267376769, 0.000478180474602, 0.00286984513514, 0.00105597637594, 0.000207751450944, 7.43159253034e-05], "dvar2": [0.0297739896923, 0.0245772302151, 0.0488995611668, 0.0479971058667, 0.0246348883957, 0.00124657421838], "dvar": [0.0120032737032, 0.00994375068694, 0.0181317459792, 0.0167748034, 0.00834287330508, 0.000456294685137], "dmean": [0.078668564558, 0.0887622609735, 0.169648751616, 0.14786657691, 0.0922451019287, 0.0189026910812], "max": [0.987324237823, 0.649116873741, 0.907736301422, 0.834976375103, 0.575249612331, 0.126450523734], "var": [0.0353119410574, 0.0138874538243, 0.0496180057526, 0.037113096565, 0.0108827576041, 0.000610771588981], "mean": [0.118770651519, 0.113942049444, 0.387301146984, 0.248696342111, 0.12472666055, 0.0264752134681]}}, "lowlevel": {"barkbands_spread": {"dmean2": 4.88302659988, "median": 13.3907699585, "min": 0.284171044827, "dvar2": 21.0838012695, "dvar": 8.87746429443, "dmean": 3.15942192078, "max": 51.58776474, "var": 41.545665741, "mean": 13.8024215698}, "melbands_spread": {"dmean2": 7.9831829071, "median": 19.8552036285, "min": 0.159712806344, "dvar2": 58.3178520203, "dvar": 24.6329994202, "dmean": 5.18767738342, "max": 86.954208374, "var": 111.932357788, "mean": 20.7764225006}, "hfc": {"dmean2": 6.63523101807, "median": 9.18080806732, "min": 3.22797895933e-05, "dvar2": 124.83367157, "dvar": 54.6469802856, "dmean": 4.53057956696, "max": 198.682861328, "var": 293.311065674, "mean": 15.0863599777}, "barkbands_kurtosis": {"dmean2": 4.59988737106, "median": 0.576121091843, "min": -1.59868705273, "dvar2": 370.753448486, "dvar": 127.43598175, "dmean": 2.75966215134, "max": 297.922149658, "var": 291.255706787, "mean": 3.80941295624}, "gfcc": {"mean": [-87.9974060059, 125.27747345, -158.219802856, 5.24589967728, -51.2871398926, -3.8128464222, -24.3820934296, 11.5514802933, -10.1184425354, 3.69180655479, -1.57387149334, -8.10512828827, -10.197722435], "icov": [[0.000330421025865, -0.000331569695845, 0.00102949352004, -0.000549774733372, 0.000843358167913, -0.000390669272747, 0.000654790434055, -0.000894673459698, 0.000744556600694, -0.000490304199047, 0.000494110456202, -0.000385229155654, 0.000349253212335], [-0.000331569695845, 0.00355253461748, -0.00247865193523, 0.00203735008836, -0.00342483492568, 0.00350413075648, -0.00282252719626, 0.00535726174712, -0.00313442735933, 0.00363882398233, -0.00385137461126, 0.00239560287446, -0.00168590829708], [0.00102949352004, -0.00247865193523, 0.00525676133111, -0.00242545921355, 0.00291640195064, -0.00343785202131, 0.00397656438872, -0.0046488516964, 0.0032288946677, -0.00278297183104, 0.00314631871879, -0.00383389624767, 0.00220446544699], [-0.000549774733372, 0.00203735008836, -0.00242545921355, 0.00659364880994, -0.00403812434524, 0.00220516091213, -0.0015412166249, 0.00259015383199, -0.00134883704595, 0.00125198124442, -0.000944609986618, 0.000657434982713, -0.000317316094879], [0.000843358167913, -0.00342483492568, 0.00291640195064, -0.00403812434524, 0.012267017737, -0.00547619629651, 0.00206738221459, -0.00261753844097, 0.00147785805166, -0.00244322232902, 0.00236252998002, 0.0011710486142, -0.00123896158766], [-0.000390669272747, 0.00350413075648, -0.00343785202131, 0.00220516091213, -0.00547619629651, 0.0127453412861, -0.00700231315568, 0.00432574329898, -0.000225630574278, -0.000303825334413, 0.000416578986915, 0.000147430793731, -0.00103977380786], [0.000654790434055, -0.00282252719626, 0.00397656438872, -0.0015412166249, 0.00206738221459, -0.00700231315568, 0.0111647043377, -0.00650139898062, 0.0039395657368, -0.000214997169678, 0.0020423992537, -0.00322179379873, 0.000649769732263], [-0.000894673459698, 0.00535726174712, -0.0046488516964, 0.00259015383199, -0.00261753844097, 0.00432574329898, -0.00650139898062, 0.0189813729376, -0.0118747567758, 0.00736853666604, -0.00689252186567, 0.00524428719655, -0.00135024404153], [0.000744556600694, -0.00313442735933, 0.0032288946677, -0.00134883704595, 0.00147785805166, -0.000225630574278, 0.0039395657368, -0.0118747567758, 0.0199344549328, -0.0110373971984, 0.00620462698862, 0.000522784830537, -0.000104691032902], [-0.000490304199047, 0.00363882398233, -0.00278297183104, 0.00125198124442, -0.00244322232902, -0.000303825334413, -0.000214997169678, 0.00736853666604, -0.0110373971984, 0.0188040696084, -0.00652855401859, 0.0005204139743, 0.0011370718712], [0.000494110456202, -0.00385137461126, 0.00314631871879, -0.000944609986618, 0.00236252998002, 0.000416578986915, 0.0020423992537, -0.00689252186567, 0.00620462698862, -0.00652855401859, 0.012775384821, -0.00559838535264, 0.00388626591302], [-0.000385229155654, 0.00239560287446, -0.00383389624767, 0.000657434982713, 0.0011710486142, 0.000147430793731, -0.00322179379873, 0.00524428719655, 0.000522784830537, 0.0005204139743, -0.00559838535264, 0.0183601677418, -0.00818978901953], [0.000349253212335, -0.00168590829708, 0.00220446544699, -0.000317316094879, -0.00123896158766, -0.00103977380786, 0.000649769732263, -0.00135024404153, -0.000104691032902, 0.0011370718712, 0.00388626591302, -0.00818978901953, 0.0175703447312]], "cov": [[13327.9970703, -1816.96472168, -2932.56958008, 75.0022888184, -813.182312012, -551.772827148, -227.176071167, 483.658630371, 110.256965637, 60.8808631897, 46.4232330322, -338.139434814, -285.564788818], [-1816.96472168, 1650.08239746, 336.303466797, -157.998397827, 265.311584473, -156.811386108, 64.5108795166, -260.890258789, -75.3916244507, -148.796905518, 211.557891846, 9.5575876236, 103.233467102], [-2932.56958008, 336.303466797, 1079.8046875, 72.6726608276, 134.092315674, 173.724334717, -29.1954574585, -96.8224334717, -43.9620018005, 24.3482265472, -42.9090995789, 135.667098999, 40.6601524353], [75.0022888184, -157.998397827, 72.6726608276, 230.891921997, 38.8355445862, 37.0153198242, -9.72440052032, 3.35442900658, 0.460629582405, 17.5368652344, -42.8073005676, 8.39889335632, -3.80184602737], [-813.182312012, 265.311584473, 134.092315674, 38.8355445862, 208.33581543, 71.6759109497, 48.4912185669, -60.5515632629, -12.333439827, -18.0850086212, -15.4407014847, 2.50397515297, 43.6636009216], [-551.772827148, -156.811386108, 173.724334717, 37.0153198242, 71.6759109497, 244.794509888, 104.106010437, -22.7319583893, -37.4347457886, 9.89729785919, -79.1372756958, 51.9033660889, 29.570514679], [-227.176071167, 64.5108795166, -29.1954574585, -9.72440052032, 48.4912185669, 104.106010437, 206.563827515, 1.06942915916, -40.7391166687, -42.4337272644, -10.2764759064, 27.36353302, 33.7472267151], [483.658630371, -260.890258789, -96.8224334717, 3.35442900658, -60.5515632629, -22.7319583893, 1.06942915916, 167.290008545, 73.266418457, 19.634305954, -3.44227671623, -38.1556854248, -33.0946617126], [110.256965637, -75.3916244507, -43.9620018005, 0.460629582405, -12.333439827, -37.4347457886, -40.7391166687, 73.266418457, 127.799423218, 51.6450195312, -15.0035705566, -42.0618972778, -18.7174835205], [60.8808631897, -148.796905518, 24.3482265472, 17.5368652344, -18.0850086212, 9.89729785919, -42.4337272644, 19.634305954, 51.6450195312, 109.771530151, 6.8031167984, -0.134462729096, -24.2006950378], [46.4232330322, 211.557891846, -42.9090995789, -42.8073005676, -15.4407014847, -79.1372756958, -10.2764759064, -3.44227671623, -15.0035705566, 6.8031167984, 173.979232788, 13.6383943558, -14.3232421875], [-338.139434814, 9.5575876236, 135.667098999, 8.39889335632, 2.50397515297, 51.9033660889, 27.36353302, -38.1556854248, -42.0618972778, -0.134462729096, 13.6383943558, 112.052192688, 39.0432014465], [-285.564788818, 103.233467102, 40.6601524353, -3.80184602737, 43.6636009216, 29.570514679, 33.7472267151, -33.0946617126, -18.7174835205, -24.2006950378, -14.3232421875, 39.0432014465, 91.1845779419]]}, "spectral_energyband_middle_low": {"dmean2": 0.00585155328736, "median": 0.00493548996747, "min": 2.97696534091e-08, "dvar2": 0.00016346864868, "dvar": 7.30637548259e-05, "dmean": 0.00389798451215, "max": 0.263998448849, "var": 0.000218250599573, "mean": 0.00919900648296}, "melbands_crest": {"dmean2": 5.13717222214, "median": 11.296787262, "min": 3.8651714325, "dvar2": 20.596906662, "dvar": 8.23945426941, "dmean": 3.20067834854, "max": 38.0573959351, "var": 32.448890686, "mean": 12.6488676071}, "spectral_kurtosis": {"dmean2": 6.99057483673, "median": 7.39200353622, "min": 0.246842861176, "dvar2": 69.0164794922, "dvar": 23.0606822968, "dmean": 3.99538421631, "max": 89.8702011108, "var": 73.4725875854, "mean": 9.84240436554}, "spectral_rms": {"dmean2": 0.000785186362918, "median": 0.0031755596865, "min": 9.71645295067e-06, "dvar2": 8.2902892018e-07, "dvar": 3.78027607439e-07, "dmean": 0.000546597118955, "max": 0.0164658036083, "var": 3.90034529119e-06, "mean": 0.00340790231712}, "zerocrossingrate": {"dmean2": 0.00648648710921, "median": 0.05029296875, "min": 0.00146484375, "dvar2": 3.11368930852e-05, "dvar": 2.27339387493e-05, "dmean": 0.00531025929376, "max": 0.13671875, "var": 0.000337004952598, "mean": 0.0501888394356}, "silence_rate_60dB": {"dmean2": 0.117241382599, "median": 0, "min": 0, "dvar2": 0.123234957457, "dvar": 0.0551795065403, "dmean": 0.0586115047336, "max": 1, "var": 0.15808224678, "mean": 0.196803510189}, "erbbands_kurtosis": {"dmean2": 1.72531414032, "median": -0.0173780918121, "min": -1.81267642975, "dvar2": 7.03063201904, "dvar": 2.78130865097, "dmean": 1.06672906876, "max": 46.3784751892, "var": 6.06541633606, "mean": 0.591793715954}, "erbbands": {"dmean2": [0.00509977526963, 0.0709621310234, 0.217462822795, 0.195432633162, 0.295210719109, 0.51119685173, 2.4660680294, 5.54663181305, 19.1837329865, 24.5187950134, 62.645816803, 75.0728302002, 29.7710399628, 37.56508255, 31.2891464233, 47.4209785461, 28.6263084412, 27.7490749359, 50.1886329651, 22.4001197815, 15.4300575256, 9.7735080719, 14.7449388504, 9.5864906311, 7.79620265961, 5.28046703339, 1.79998648167, 0.743774712086, 0.364003121853, 0.270981550217, 0.173381969333, 0.0980301424861, 0.0556623823941, 0.0248347837478, 0.0116779347882, 0.00340089644305, 0.00106402870733, 0.000238725624513, 3.72037611669e-05, 1.00552624644e-05], "median": [0.00331519776955, 0.0478850677609, 0.152661591768, 0.183718115091, 0.186718016863, 0.438547968864, 2.12765359879, 4.39914798737, 7.55931472778, 11.1829147339, 27.6436672211, 11.6149711609, 10.4681186676, 11.4727802277, 6.52196407318, 9.97710609436, 10.1582117081, 11.3937606812, 12.0580463409, 6.54904270172, 7.06980800629, 6.29164981842, 7.1784324646, 6.19947719574, 4.96041631699, 2.79704451561, 1.02158713341, 0.268060207367, 0.148250475526, 0.137979328632, 0.100236669183, 0.0498172827065, 0.027125928551, 0.0113927777857, 0.00344153330661, 0.00117381219752, 0.000346487096976, 9.03429317987e-05, 2.20484107558e-05, 1.55097495735e-05], "min": [4.99177474467e-07, 3.70885209122e-06, 1.44895302583e-05, 1.32591740112e-05, 1.5455427274e-05, 2.13484399865e-05, 9.730471902e-06, 3.32403797074e-05, 4.79551272292e-05, 6.79593795212e-05, 5.05917669216e-05, 4.15825998061e-05, 4.70873674203e-05, 4.17035189457e-05, 5.48349307792e-05, 4.13229281548e-05, 3.03262695525e-05, 2.5283996365e-05, 9.01601470105e-06, 5.24645065525e-06, 5.33341017217e-06, 6.88959653417e-06, 8.81439336808e-06, 9.71640110947e-06, 5.41890085515e-06, 1.04363034552e-05, 2.89012950816e-06, 2.58964701061e-06, 4.15179010815e-06, 2.78593324765e-06, 5.53070594833e-06, 2.65815810963e-06, 1.1014934671e-06, 2.7422245239e-06, 1.73397131675e-06, 4.72316145306e-07, 2.23080974138e-07, 1.54320318302e-07, 1.50314178882e-08, 1.25870402989e-09], "dvar2": [4.62325333501e-05, 0.0110260546207, 0.144274294376, 0.0937835425138, 0.284839034081, 0.954392135143, 17.1300563812, 92.5524978638, 1805.35266113, 2156.96655273, 13315.6962891, 92418.2578125, 12170.9638672, 8291.57714844, 12088.9042969, 23375.2597656, 3702.04833984, 3869.55810547, 17258.390625, 4234.50292969, 1051.15795898, 444.887145996, 885.814880371, 279.25402832, 208.548400879, 109.547592163, 13.7840604782, 3.68291711807, 0.765497624874, 0.426851719618, 0.165141448379, 0.0804038122296, 0.0304051935673, 0.00732954032719, 0.00169580453075, 0.000104630467831, 7.21463175068e-06, 3.69885754026e-07, 8.44709635572e-09, 2.78332024095e-10], "dvar": [2.0791308998e-05, 0.0050597707741, 0.0678552687168, 0.0619595348835, 0.183483868837, 0.580591380596, 10.7123699188, 40.9655036926, 787.982788086, 924.589782715, 5582.78515625, 44266.3046875, 4820.25537109, 3643.86157227, 5250.48339844, 9060.60449219, 1643.65710449, 1499.78845215, 6483.32373047, 1766.45825195, 548.971435547, 171.538330078, 347.886688232, 107.633270264, 81.9201431274, 43.2949676514, 6.35398197174, 1.77807438374, 0.342605829239, 0.205577388406, 0.0791682824492, 0.0377614349127, 0.0134772099555, 0.00366475060582, 0.000857062055729, 6.45838299533e-05, 4.1907396735e-06, 1.8742682073e-07, 4.24346069394e-09, 1.2631748425e-10], "dmean": [0.00333027006127, 0.0471299961209, 0.147067889571, 0.142744168639, 0.213267400861, 0.373544752598, 1.87505185604, 3.64209604263, 12.451833725, 15.985004425, 40.7986755371, 50.3813438416, 19.4955196381, 23.8692378998, 19.5692958832, 29.8238525391, 18.2634868622, 17.3427696228, 30.6416435242, 14.1657867432, 9.95007228851, 6.10323238373, 9.02807426453, 5.94832134247, 4.83537483215, 3.27093529701, 1.16981422901, 0.504744589329, 0.250184595585, 0.18655949831, 0.120392650366, 0.0679367929697, 0.0385811924934, 0.0176924336702, 0.0085981618613, 0.00256197783165, 0.000782855495345, 0.000177063193405, 2.74962658295e-05, 6.99006795912e-06], "max": [0.143699809909, 2.12340188026, 9.45431423187, 15.8619747162, 14.3663444519, 31.4587535858, 140.497039795, 158.351959229, 573.496948242, 757.664855957, 1521.28308105, 7214.71630859, 2733.12573242, 1924.48400879, 3120.56396484, 2283.53027344, 796.012756348, 751.43572998, 1545.49157715, 1609.04663086, 943.814025879, 338.640197754, 562.581787109, 212.996170044, 272.061279297, 152.020996094, 48.5558891296, 37.7086105347, 15.2224225998, 10.1973457336, 6.84903287888, 6.47558689117, 4.28838634491, 2.15040588379, 1.2271579504, 0.422131955624, 0.0963147953153, 0.013724620454, 0.00142304552719, 0.000322406092891], "var": [0.000156269801664, 0.0384073108435, 0.422558307648, 0.386169403791, 1.02445113659, 2.34981393814, 56.0673866272, 100.759178162, 1601.42883301, 2639.61450195, 12706.7529297, 113150.421875, 12023.0136719, 7112.87548828, 10429.6347656, 16339.3535156, 3699.07250977, 2835.77587891, 11372.2441406, 4302.21630859, 1574.79150391, 348.244354248, 852.541992188, 362.159851074, 244.942687988, 116.96056366, 14.0152750015, 3.37269854546, 0.833330273628, 0.492983847857, 0.181062430143, 0.0762705653906, 0.0308047942817, 0.00946778338403, 0.00204051611945, 0.000190417005797, 1.12878115033e-05, 4.41892126446e-07, 1.03420996211e-08, 5.77935865831e-10], "mean": [0.00785552244633, 0.118898697197, 0.338388472795, 0.365785121918, 0.499109655619, 0.867974877357, 4.29451799393, 7.65608978271, 20.8503303528, 30.1921863556, 68.7203979492, 86.6157073975, 33.7680892944, 37.4973564148, 31.0788936615, 46.3207740784, 30.6687316895, 29.3330860138, 47.6120109558, 25.1971607208, 18.677936554, 12.2384319305, 18.5444507599, 13.8514156342, 10.9826431274, 6.80925273895, 2.21842432022, 0.885843634605, 0.473796725273, 0.368029087782, 0.243253290653, 0.132827073336, 0.0775175243616, 0.0368720404804, 0.0157766081393, 0.00479871919379, 0.00144243752584, 0.000327058078256, 5.68178475078e-05, 2.23181905312e-05]}, "spectral_strongpeak": {"dmean2": 1.15538311005, "median": 1.19788074493, "min": 0, "dvar2": 2.10725235939, "dvar": 0.858758628368, "dmean": 0.725675940514, "max": 11.7178316116, "var": 2.44062566757, "mean": 1.61197400093}, "spectral_energy": {"dmean2": 0.00754268141463, "median": 0.0103362835944, "min": 9.67696891507e-08, "dvar2": 0.000192595965927, "dvar": 8.50812939461e-05, "dmean": 0.00509288022295, "max": 0.277900755405, "var": 0.00034660421079, "mean": 0.0159020703286}, "average_loudness": 0.404954344034, "spectral_rolloff": {"dmean2": 472.714538574, "median": 1335.05859375, "min": 21.533203125, "dvar2": 291333.96875, "dvar": 125852.632812, "dmean": 279.007843018, "max": 6739.89257812, "var": 415632.53125, "mean": 1394.03405762}, "spectral_centroid": {"dmean2": 269.63772583, "median": 1248.61914062, "min": 192.359893799, "dvar2": 62778.5078125, "dvar": 27288.25, "dmean": 177.952529907, "max": 3336.24975586, "var": 233797.734375, "mean": 1254.13684082}, "pitch_salience": {"dmean2": 0.103536851704, "median": 0.527009189129, "min": 0.0600486062467, "dvar2": 0.00774415070191, "dvar": 0.00297278887592, "dmean": 0.0646978393197, "max": 0.825887024403, "var": 0.0107027627528, "mean": 0.521385848522}, "spectral_energyband_middle_high": {"dmean2": 0.00335454125889, "median": 0.00337744038552, "min": 5.3122826138e-09, "dvar2": 3.53340910806e-05, "dvar": 1.51365811689e-05, "dmean": 0.00220733275637, "max": 0.0895549207926, "var": 5.40970104339e-05, "mean": 0.00591834494844}, "spectral_contrast_coeffs": {"dmean2": [0.0633115619421, 0.0695573836565, 0.0673893690109, 0.0533213354647, 0.0382881239057, 0.0240825656801], "median": [-0.698782324791, -0.691608905792, -0.68715763092, -0.697744727135, -0.726265311241, -0.76083612442], "min": [-0.916342675686, -0.94664222002, -0.946852445602, -0.947789430618, -0.930228233337, -0.916204333305], "dvar2": [0.00242172088474, 0.00320049212314, 0.00291118794121, 0.00179314392153, 0.000970831199083, 0.000406371458666], "dvar": [0.000908303481992, 0.00125477905385, 0.00118406384718, 0.000780866539571, 0.000482601462863, 0.000202137438464], "dmean": [0.0389062352479, 0.0436375886202, 0.0431459061801, 0.0345236696303, 0.0255618393421, 0.0166645329446], "max": [-0.46137997508, -0.43308609724, -0.36489713192, -0.500201046467, -0.560972213745, -0.58658272028], "var": [0.00417022593319, 0.00564323971048, 0.00752359069884, 0.00547921983525, 0.00423430278897, 0.00251240795478], "mean": [-0.699794173241, -0.690995693207, -0.684926688671, -0.702284038067, -0.735955834389, -0.764479875565]}, "melbands_skewness": {"dmean2": 0.813443720341, "median": 1.09011650085, "min": -1.5838675499, "dvar2": 1.40966999531, "dvar": 0.500061571598, "dmean": 0.520641386509, "max": 18.4619960785, "var": 1.95782923698, "mean": 1.3267301321}, "spectral_spread": {"dmean2": 374069.5625, "median": 2477147.5, "min": 893985.4375, "dvar2": 138419437568, "dvar": 82270674944, "dmean": 252477.46875, "max": 14873249, "var": 717888552960, "mean": 2680622.5}, "dissonance": {"dmean2": 0.0485200993717, "median": 0.439185202122, "min": 0.193129599094, "dvar2": 0.00181648437865, "dvar": 0.000640283629764, "dmean": 0.0292273554951, "max": 0.499974220991, "var": 0.00166557531338, "mean": 0.432003319263}, "spectral_skewness": {"dmean2": 0.599776268005, "median": 1.73233699799, "min": 0.629852116108, "dvar2": 0.34679633379, "dvar": 0.116262830794, "dmean": 0.3487842381, "max": 7.49209403992, "var": 0.608230292797, "mean": 1.9378786087}, "spectral_flux": {"dmean2": 0.0228170715272, "median": 0.0483577623963, "min": 0.000694893009495, "dvar2": 0.000682670797687, "dvar": 0.000240042863879, "dmean": 0.0135065512732, "max": 0.35839599371, "var": 0.00121049664449, "mean": 0.0551443845034}, "spectral_contrast_valleys": {"dmean2": [0.60254329443, 0.48242726922, 0.447561323643, 0.378370314837, 0.292485892773, 0.265514343977], "median": [-8.3836812973, -6.85474300385, -7.86767959595, -8.39695930481, -8.31045150757, -11.681602478], "min": [-11.8541355133, -12.3164234161, -12.9035978317, -13.8645439148, -13.8708181381, -15.6182413101], "dvar2": [0.215904429555, 0.142562955618, 0.121895335615, 0.0888890102506, 0.0569037944078, 0.0634391456842], "dvar": [0.0778557881713, 0.0556965991855, 0.0488023124635, 0.0401921607554, 0.032263699919, 0.043962854892], "dmean": [0.362136125565, 0.294052004814, 0.279732733965, 0.245175376534, 0.201208859682, 0.213324785233], "max": [-6.7122502327, -5.04719543457, -5.69735527039, -6.42317962646, -6.58884477615, -9.17068862915], "var": [0.534558176994, 1.35375022888, 1.15102505684, 1.23222303391, 1.72755455971, 1.34474205971], "mean": [-8.48537254333, -7.10430955887, -8.04245090485, -8.59403991699, -8.61215877533, -11.9879398346]}, "erbbands_flatness_db": {"dmean2": 0.0274084173143, "median": 0.236618220806, "min": 0.0804381519556, "dvar2": 0.00054163968889, "dvar": 0.000254027137998, "dmean": 0.0188977085054, "max": 0.409631043673, "var": 0.00231473054737, "mean": 0.236190736294}, "spectral_energyband_high": {"dmean2": 6.77250645822e-05, "median": 5.00122405356e-05, "min": 1.03045916244e-09, "dvar2": 2.0112889132e-08, "dvar": 9.05506514215e-09, "dmean": 4.68097241537e-05, "max": 0.00232077203691, "var": 2.5084222699e-08, "mean": 0.000104732607724}, "spectral_entropy": {"dmean2": 0.211321145296, "median": 7.05466127396, "min": 5.17708969116, "dvar2": 0.0333871878684, "dvar": 0.0164755862206, "dmean": 0.15000577271, "max": 8.14725780487, "var": 0.135803312063, "mean": 6.99948072433}, "silence_rate_20dB": {"dmean2": 0, "median": 1, "min": 1, "dvar2": 0, "dvar": 0, "dmean": 0, "max": 1, "var": 0, "mean": 1}, "melbands_flatness_db": {"dmean2": 0.0319241806865, "median": 0.210597574711, "min": 0.0794835612178, "dvar2": 0.000931947492063, "dvar": 0.000399475422455, "dmean": 0.0219145510346, "max": 0.574674665928, "var": 0.00517515745014, "mean": 0.224554657936}, "barkbands": {"dmean2": [3.26774279529e-05, 0.000266307994025, 0.000177544890903, 7.64956130297e-05, 0.000168375147041, 0.000564175134059, 0.00146621256135, 0.00263913697563, 0.00307787838392, 0.00100791908335, 0.000656588177662, 0.00125489057973, 0.00070784392301, 0.000721276213881, 0.00074163620593, 0.000265190581558, 0.000232647595112, 0.000266789837042, 0.000182768839295, 0.000102240592241, 3.17086596624e-05, 1.03879074231e-05, 6.36102913631e-06, 3.7685379084e-06, 1.80930032911e-06, 5.70532677102e-07, 2.17832067051e-07], "median": [1.07532905531e-05, 0.000179532187758, 0.000114262482384, 3.92584915971e-05, 0.000145277561387, 0.000513892213348, 0.000534121878445, 0.000960517965723, 0.000397069030441, 0.000327233341523, 3.79439952667e-05, 0.000208550773095, 0.00021663348889, 0.000161220756127, 0.000161361022037, 8.99834412849e-05, 0.000103024736745, 0.000110460197902, 0.000108134918264, 5.46352966921e-05, 1.23139579955e-05, 3.94596554543e-06, 3.73602142645e-06, 1.93734285858e-06, 7.25369545762e-07, 2.15415582261e-07, 7.1721508732e-08], "min": [2.68278785853e-08, 1.57853463634e-08, 8.40891711817e-09, 1.67447933297e-09, 5.8064699715e-09, 2.92386559408e-09, 3.60053431514e-09, 1.37637112818e-09, 1.80927495208e-09, 8.73972560989e-10, 1.05044117849e-09, 8.70916894158e-10, 7.23326953889e-10, 3.16217663165e-10, 9.23050594293e-11, 1.13631160037e-10, 1.13044337779e-10, 2.19542065083e-10, 1.00811331505e-10, 1.84599419084e-10, 5.41341242666e-11, 9.04268535051e-11, 1.78545081497e-10, 8.6769910701e-11, 2.37147912419e-10, 1.17266113486e-10, 1.39928735265e-10], "dvar2": [1.45782563798e-09, 1.49656514736e-07, 1.0338316514e-07, 1.95109155499e-08, 9.6755428558e-08, 8.23893515189e-07, 9.26763641473e-06, 2.24180894293e-05, 0.000142481469084, 5.24199776919e-06, 7.70845963416e-06, 1.61352490977e-05, 2.21011146095e-06, 2.83816007141e-06, 3.50303639607e-06, 3.84297891287e-07, 2.52679711821e-07, 2.83335026552e-07, 9.60072767953e-08, 3.78067994689e-08, 4.80953810111e-09, 8.23840773378e-10, 1.87150628328e-10, 1.20385285074e-10, 3.93823619549e-11, 2.3827936152e-12, 2.67153541043e-13], "dvar": [5.25477161784e-10, 6.85308734205e-08, 4.88368812057e-08, 1.525806681e-08, 6.76586395798e-08, 3.72172280549e-07, 3.99946202378e-06, 9.37089134823e-06, 6.50657675578e-05, 2.46649574365e-06, 2.95075392387e-06, 6.65308471071e-06, 9.27710402721e-07, 1.08231631657e-06, 1.31675244575e-06, 1.76313108113e-07, 1.00280381332e-07, 1.09592654951e-07, 3.72791895131e-08, 1.46265897172e-08, 2.31965580078e-09, 3.73648861851e-10, 8.92838650235e-11, 5.63757235339e-11, 2.06658475055e-11, 1.54274694148e-12, 1.47137646034e-13], "dmean": [1.83366282727e-05, 0.000176359520992, 0.000121383076475, 5.67620409129e-05, 0.00012762391998, 0.000383800972486, 0.000949800305534, 0.00169838301372, 0.0020550370682, 0.000647771987133, 0.000396264280425, 0.000782350311056, 0.000448831386166, 0.000442189018941, 0.000456757436041, 0.000169538703631, 0.000144026431371, 0.000161732692504, 0.000113762660476, 6.31451839581e-05, 2.11777078221e-05, 7.12146265869e-06, 4.33922105003e-06, 2.67033578893e-06, 1.35181755923e-06, 4.31438536452e-07, 1.65621315773e-07], "max": [0.000300756568322, 0.00817054137588, 0.00903530232608, 0.00864589493722, 0.0125769199803, 0.0133644789457, 0.0359495952725, 0.0554505810142, 0.252576231956, 0.0613553114235, 0.0757176652551, 0.0728077739477, 0.015895979479, 0.0152614507824, 0.0219495948404, 0.0138001497835, 0.00803060363978, 0.00848490744829, 0.00419070152566, 0.00314286677167, 0.000942845421378, 0.00043565678061, 0.000202543917112, 0.00023646155023, 0.000181600102223, 6.72757014399e-05, 7.72410658101e-06], "var": [5.62185797914e-10, 5.37998460004e-07, 3.33148477694e-07, 9.19157585599e-08, 3.11944774012e-07, 1.10382109142e-06, 8.42685949465e-06, 2.03738127311e-05, 0.000164134413353, 4.76817331219e-06, 5.85037423662e-06, 1.21736902656e-05, 1.85241208328e-06, 1.83410054433e-06, 2.48282663051e-06, 5.44772603916e-07, 1.81689259193e-07, 2.70305804406e-07, 1.21158947763e-07, 4.03015363304e-08, 4.94996266198e-09, 7.76622988141e-10, 2.25525709219e-10, 1.33301203409e-10, 5.41195976922e-11, 4.75816131287e-12, 3.82004405322e-13], "mean": [1.88393478311e-05, 0.000445546233095, 0.000275