{"tonal": {"thpcp": [1, 0.602910101414, 0.18558691442, 0.181546270847, 0.179729238153, 0.181932374835, 0.25577378273, 0.342377901077, 0.345890969038, 0.320046067238, 0.294197380543, 0.269293040037, 0.234779238701, 0.19140547514, 0.181119948626, 0.199533462524, 0.203743040562, 0.189292892814, 0.202003017068, 0.217002660036, 0.187570139766, 0.165747389197, 0.168167322874, 0.155198797584, 0.145569011569, 0.139504089952, 0.133335217834, 0.159230172634, 0.192677736282, 0.173680379987, 0.131001979113, 0.112830407917, 0.104664124548, 0.110152870417, 0.116343803704, 0.550467669964], "hpcp": {"dmean2": [0.300057858229, 0.225251942873, 0.187813773751, 0.193375632167, 0.190976902843, 0.177902296185, 0.183392524719, 0.196715682745, 0.188027694821, 0.164039045572, 0.150508061051, 0.143681362271, 0.136796936393, 0.130916818976, 0.129530578852, 0.153431341052, 0.165530905128, 0.151437565684, 0.12458447367, 0.112555868924, 0.104342959821, 0.113492034376, 0.122615121305, 0.298731327057, 0.492008328438, 0.320971995592, 0.177183821797, 0.177329972386, 0.187874570489, 0.209174111485, 0.281969606876, 0.323136746883, 0.315183192492, 0.324871361256, 0.31848013401, 0.320039093494], "median": [0.028183305636, 0.0252640172839, 0.0252543780953, 0.0273328069597, 0.0252855867147, 0.0248834192753, 0.0296940915287, 0.0347794033587, 0.0339157953858, 0.0274125747383, 0.0246613882482, 0.0219132900238, 0.0188811328262, 0.0171690601856, 0.0209198370576, 0.0286371801049, 0.0333898700774, 0.0348640754819, 0.0275314766914, 0.0190599579364, 0.0166478957981, 0.0153522752225, 0.0149290096015, 0.355547696352, 0.639381289482, 0.443171262741, 0.0253513026983, 0.0268368050456, 0.0257397759706, 0.0292521174997, 0.0371211953461, 0.0473347119987, 0.0567275807261, 0.0524508133531, 0.0473484285176, 0.0372171141207], "min": [0, 0, 0, 0, 0, 0, 0, 0, 0, 0, 0, 0, 0, 0, 0, 0, 0, 0, 0, 0, 0, 0, 0, 0, 0, 0, 0, 0, 0, 0, 0, 0, 0, 0, 0, 0], "dvar2": [0.188146576285, 0.121433712542, 0.0967555642128, 0.103303618729, 0.101531051099, 0.0876801162958, 0.0895290002227, 0.0947299003601, 0.0887129828334, 0.0805080458522, 0.0746704414487, 0.0714311599731, 0.0692451521754, 0.0652778595686, 0.0596904754639, 0.0639712065458, 0.0718633830547, 0.0666583180428, 0.0476083904505, 0.0520371869206, 0.0488967373967, 0.0583792999387, 0.0669475123286, 0.106560245156, 0.314589828253, 0.112155683339, 0.0875983387232, 0.0862919911742, 0.100365817547, 0.101405024529, 0.148303046823, 0.185176953673, 0.158068805933, 0.183546647429, 0.17115752399, 0.177641794086], "dvar": [0.0691352784634, 0.0446386225522, 0.0357269495726, 0.0379471331835, 0.0381166152656, 0.0326140858233, 0.0332873240113, 0.0349368341267, 0.0322545282543, 0.0298668146133, 0.0278223920614, 0.0264965239912, 0.0258634854108, 0.0247168131173, 0.0220873001963, 0.0238531418145, 0.0268593858927, 0.0246483292431, 0.0172941219062, 0.0190803278238, 0.0181846134365, 0.0211925338954, 0.024258069694, 0.0427522920072, 0.133872926235, 0.0457522086799, 0.0320570990443, 0.031500402838, 0.0363318957388, 0.0357556380332, 0.0525812096894, 0.070088416338, 0.0595671534538, 0.0660503059626, 0.0640685409307, 0.0667162314057], "dmean": [0.164191991091, 0.125981688499, 0.105985820293, 0.110081978142, 0.108561530709, 0.101971544325, 0.10492002219, 0.112942062318, 0.107645988464, 0.0934928953648, 0.086638212204, 0.0837345942855, 0.0788269713521, 0.0751335397363, 0.074310965836, 0.0882686674595, 0.0968449488282, 0.0890302062035, 0.07116458565, 0.0632935538888, 0.0590385831892, 0.0636861696839, 0.0692375823855, 0.163194879889, 0.264245182276, 0.176727220416, 0.0998391658068, 0.0999690815806, 0.106183774769, 0.11591399461, 0.154557839036, 0.180652230978, 0.177829474211, 0.181972652674, 0.177016213536, 0.178073331714], "max": [1, 1, 1, 1, 1, 1, 1, 1, 1, 1, 1, 1, 1, 1, 1, 1, 1, 1, 1, 1, 1, 1, 1, 1, 1, 1, 1, 1, 1, 1, 1, 1, 1, 1, 1, 1], "var": [0.0544300153852, 0.0370945781469, 0.032958611846, 0.0400454476476, 0.0444156341255, 0.0365086980164, 0.0389186255634, 0.0423436649144, 0.0323527753353, 0.0295699834824, 0.0312098581344, 0.0273411273956, 0.0279119238257, 0.0282920151949, 0.0212143901736, 0.0251927822828, 0.0321697369218, 0.0258813090622, 0.0158848483115, 0.0163296423852, 0.0172056257725, 0.0202033035457, 0.0215478632599, 0.058081574738, 0.197449102998, 0.0688599124551, 0.0356195606291, 0.0355253964663, 0.0337745063007, 0.0310098081827, 0.0510242730379, 0.0850560069084, 0.0756503045559, 0.0694541484118, 0.0628079250455, 0.0595732182264], "mean": [0.128838941455, 0.105036877096, 0.0993925258517, 0.109497241676, 0.111807316542, 0.103877559304, 0.110852450132, 0.119083747268, 0.102932177484, 0.0909565836191, 0.0922845602036, 0.0851678699255, 0.0798833668232, 0.0765551477671, 0.0731698721647, 0.087380155921, 0.105735048652, 0.0953099429607, 0.071889474988, 0.0619175285101, 0.0574361458421, 0.0604481846094, 0.0638455599546, 0.302078127861, 0.548766314983, 0.330856740475, 0.101843848825, 0.0996264815331, 0.09862934798, 0.0998383611441, 0.140360042453, 0.187885463238, 0.189813315868, 0.175630494952, 0.161445617676, 0.147778943181]}, "tuning_equal_tempered_deviation": 0.148734644055, "chords_changes_rate": 0.0985414460301, "key_key": "A#", "tuning_diatonic_strength": 0.350395828485, "key_scale": "major", "chords_number_rate": 0.00391319813207, "tuning_frequency": 434.193115234, "tuning_nontempered_energy_ratio": 0.754794359207, "chords_histogram": [12.3087873459, 5.62077569962, 2.845962286, 0, 0.711490571499, 0.924937725067, 2.34791898727, 0.604766964912, 0, 0.07114905864, 0, 0.106723584235, 3.02383494377, 3.69975090027, 0.320170760155, 0, 1.92102456093, 4.51796531677, 25.4357872009, 31.9815006256, 0.462468862534, 0, 0.391319811344, 2.70366406441], "key_strength": 0.501351594925, "chords_key": "F", "chords_strength": {"dmean2": 0.0130716515705, "median": 0.467890381813, "min": 0.204253301024, "dvar2": 0.000116517679999, "dvar": 8.53181627463e-05, "dmean": 0.0109902117401, "max": 0.673588752747, "var": 0.00667792186141, "mean": 0.461010843515}, "chords_scale": "minor", "hpcp_entropy": {"dmean2": 1.1962865591, "median": 2.26545119286, "min": 0, "dvar2": 0.886387944221, "dvar": 0.338195830584, "dmean": 0.708683788776, "max": 4.47961235046, "var": 0.703512191772, "mean": 2.30058860779}}, "metadata": {"audio_properties": {"equal_loudness": 0, "codec": "flac", "downmix": "mix", "analysis_sample_rate": 44100, "bit_rate": 0, "md5_encoded": "762faddabcac1e481d0773ffd5a47c64", "length": 130.493988037, "replay_gain": -11.2712917328, "lossless": true}, "version": {"essentia_build_sha": "0a826ad6289770054bb7564d59068f1232327ff9", "essentia": "2.1-beta1", "extractor": "music 1.0", "essentia_git_sha": "v2.1_beta1-5-gf9dded9"}, "tags": {"title": ["The Second Slice"], "license": ["http://creativecommons.org/licenses/by-nc-nd/3.0/"], "albumartist": ["Various Artists"], "date": ["2008-06"], "file_name": "06 - The Second Slice.flac", "tracktotal": ["10"], "musicbrainz_releasegroupid": ["c3593a35-fbb1-386c-abb4-16825b0e6d82"], "disctotal": ["1"], "musicbrainz_recordingid": ["138d29c9-44f5-498e-8402-a12004219849"], "musicbrainz_albumartistid": ["89ad4ac3-39f7-470e-963a-56509c546377"], "musicbrainz_albumid": ["01bdff33-5261-4fba-b9ff-45d31a634f47"], "musicbrainz_releasetrackid": ["83939d47-9dff-30e8-a39b-b481fde8acea"], "artist": ["The Kazoo Funk Orchestra"], "tracknumber": ["6"], "releasetype": ["album", "compilation"], "album": ["netBloc, Volume 14: Kills 99:.9% of Bacterium Poppus Radiolus!"], "totaltracks": ["10"], "totaldiscs": ["1"], "musicbrainz_artistid": ["9872d888-c344-4b05-b75e-2ab25807e8c3"], "discnumber": ["1"]}}, "rhythm": {"bpm_histogram_first_peak_bpm": {"dmean2": 0, "median": 89, "min": 89, "dvar2": 0, "dvar": 0, "dmean": 0, "max": 89, "var": 0, "mean": 89}, "bpm": 89.7363510132, "bpm_histogram_second_peak_spread": {"dmean2": 0, "median": 0, "min": 0, "dvar2": 0, "dvar": 0, "dmean": 0, "max": 0, "var": 0, "mean": 0}, "bpm_histogram_first_peak_weight": {"dmean2": 0, "median": 0.507772028446, "min": 0.507772028446, "dvar2": 0, "dvar": 0, "dmean": 0, "max": 0.507772028446, "var": 0, "mean": 0.507772028446}, "onset_rate": 3.6166434288, "beats_position": [0.615328788757, 1.25387752056, 1.89242625237, 2.54258489609, 3.20435357094, 3.87773227692, 4.55111122131, 5.22448968887, 5.90947818756, 6.58285713196, 7.25623559952, 7.94122457504, 8.63782310486, 9.33442115784, 10.0310201645, 10.71600914, 11.4009971619, 12.0743761063, 12.7477550507, 13.3979139328, 14.0712919235, 14.7330608368, 15.3948297501, 16.0565986633, 16.7299766541, 17.391746521, 18.0651245117, 18.7385025024, 19.4002723694, 20.062040329, 20.7354183197, 21.3855781555, 22.035736084, 22.7091159821, 23.3941040039, 24.0558719635, 24.7292518616, 25.4026298523, 26.0643978119, 26.7145576477, 27.3763256073, 28.0497055054, 28.711473465, 29.3732414246, 30.0466213226, 30.7199993134, 31.3933773041, 32.0551452637, 32.7285270691, 33.3902931213, 34.0636711121, 34.725440979, 35.3988189697, 36.0605888367, 36.7339668274, 37.3841247559, 38.0458946228, 38.7076644897, 39.4042625427, 40.0660324097, 40.7277984619, 41.4011802673, 42.0745582581, 42.7479362488, 43.4213142395, 44.0830841064, 44.7448501587, 45.4182319641, 46.0799980164, 46.7533760071, 47.415145874, 48.0885238647, 48.7619056702, 49.4352836609, 50.1086616516, 50.7588195801, 51.4089775085, 52.0707473755, 52.7325172424, 53.3826751709, 54.0328330994, 54.6946029663, 55.367980957, 56.029750824, 56.7031288147, 57.3648986816, 58.0266647339, 58.7000427246, 59.37342453, 60.0235824585, 60.6853485107, 61.3471183777, 61.9972763062, 62.6822662354, 63.3672561646, 64.0406341553, 64.714012146, 65.3873901367, 66.0607681274, 66.7109298706, 67.3610839844, 68.0344696045, 68.6962356567, 69.3696136475, 70.0313796997, 70.7047576904, 71.3665313721, 72.0282974243, 72.6784591675, 73.3634490967, 74.0252151489, 74.6985931396, 75.3719711304, 76.0453491211, 76.7303390503, 77.3921051025, 78.0654830933, 78.7272567749, 79.4006347656, 80.0624008179, 80.7357788086, 81.3975524902, 82.0593185425, 82.7326965332, 83.3944625854, 84.0562362671, 84.7296142578, 85.4029922485, 86.0763702393, 86.7265319824, 87.3999099731, 88.0732879639, 88.7350540161, 89.3968200684, 90.0702056885, 90.7203598022, 91.3705215454, 92.0438995361, 92.7172775269, 93.3906555176, 94.0640335083, 94.7257995605, 95.3875732422, 96.0493392944, 96.7227172852, 97.3960952759, 98.0694732666, 98.7312469482, 99.381401062, 100.043174744, 100.704940796, 101.366706848, 102.02848053, 102.701858521, 103.363624573, 104.037002563, 104.698776245, 105.372154236, 106.02230835, 106.684082031, 107.345848083, 108.030838013, 108.692604065, 109.365982056, 110.039360046, 110.712738037, 111.386123657, 112.047889709, 112.709655762, 113.383033752, 114.033195496, 114.718185425, 115.391563416, 116.053329468, 116.726707458, 117.400085449, 118.085075378, 118.770065308, 119.455055237, 120.163261414, 120.87147522, 121.568069458, 122.253059387, 122.926437378, 123.599815369, 124.296417236, 124.993011475, 125.689613342, 126.374603271, 127.059593201, 127.732971191, 128.417953491, 129.10295105, 129.776321411], "beats_loudness": {"dmean2": 0.0210743267089, "median": 0.0508485212922, "min": 2.70528380497e-05, "dvar2": 0.000252987229032, "dvar": 8.16743195173e-05, "dmean": 0.0128045985475, "max": 0.0864169821143, "var": 0.000277260463918, "mean": 0.0487745851278}, "danceability": 1.12385976315, "bpm_histogram_second_peak_weight": {"dmean2": 0, "median": 0.0103626940399, "min": 0.0103626940399, "dvar2": 0, "dvar": 0, "dmean": 0, "max": 0.0103626940399, "var": 0, "mean": 0.0103626940399}, "beats_count": 194, "bpm_histogram_second_peak_bpm": {"dmean2": 0, "median": 94, "min": 94, "dvar2": 0, "dvar": 0, "dmean": 0, "max": 94, "var": 0, "mean": 94}, "bpm_histogram_first_peak_spread": {"dmean2": 0, "median": 0.486910998821, "min": 0.486910998821, "dvar2": 0, "dvar": 0, "dmean": 0, "max": 0.486910998821, "var": 0, "mean": 0.486910998821}, "beats_loudness_band_ratio": {"dmean2": [0.607478201389, 0.296014815569, 0.199912950397, 0.180798411369, 0.203644230962, 0.171678543091], "median": [0.413716852665, 0.116589725018, 0.0924666523933, 0.0814311951399, 0.0860998407006, 0.0121428463608], "min": [1.48606659423e-05, 1.59042592713e-05, 0.000794779625721, 0.000191307961359, 0.000797407061327, 4.53669917988e-06], "dvar2": [0.249304041266, 0.0480057485402, 0.0433343909681, 0.0318797379732, 0.0157329980284, 0.0395485274494], "dvar": [0.067720271647, 0.0156814660877, 0.0158097688109, 0.0132939144969, 0.00534641882405, 0.0150817539543], "dmean": [0.321580886841, 0.157121688128, 0.110595166683, 0.102134913206, 0.105628684163, 0.0900155603886], "max": [0.983664929867, 0.723460078239, 0.816284298897, 0.966177284718, 0.504328906536, 0.966595172882], "var": [0.0841428935528, 0.0160740260035, 0.0266747344285, 0.0221307575703, 0.00727173360065, 0.0135410446674], "mean": [0.455904394388, 0.147008776665, 0.141854405403, 0.127762570977, 0.10278737545, 0.0612537041306]}}, "lowlevel": {"barkbands_spread": {"dmean2": 9.98627567291, "median": 19.4400157928, "min": 0.0385698191822, "dvar2": 183.877120972, "dvar": 80.0027923584, "dmean": 6.43967199326, "max": 166.019622803, "var": 218.484146118, "mean": 21.0635108948}, "melbands_spread": {"dmean2": 12.3499679565, "median": 19.2092647552, "min": 0.00425414601341, "dvar2": 283.167114258, "dvar": 127.265327454, "dmean": 7.87551784515, "max": 188.108840942, "var": 392.422973633, "mean": 22.2699317932}, "hfc": {"dmean2": 13.0951595306, "median": 21.9895553589, "min": 1.05514227471e-05, "dvar2": 376.883483887, "dvar": 162.981735229, "dmean": 8.38251113892, "max": 272.997955322, "var": 385.330596924, "mean": 24.1741046906}, "barkbands_kurtosis": {"dmean2": 18.5038604736, "median": 1.02657270432, "min": -1.98959505558, "dvar2": 133574.25, "dvar": 71927.3125, "dmean": 12.9197540283, "max": 16074.921875, "var": 67872.078125, "mean": 16.122505188}, "gfcc": {"mean": [-31.0979976654, 124.87361145, -123.718856812, 25.2474727631, -29.8294448853, 14.0509977341, -32.5386352539, 11.9092674255, -13.5877571106, 7.95329380035, -6.05978059769, -5.85032606125, -6.17955684662], "icov": [[0.000341943377862, -0.00061827438185, 0.000616854289547, -0.00084243126912, 0.000586795038544, -0.000733832828701, 0.000559350184631, -0.000816428568214, 0.000611533469055, -0.00100037979428, 0.000766055018175, -0.000739795505069, 0.000659406650811], [-0.00061827438185, 0.002215069253, -0.00113950122613, 0.00191308790818, -0.00209635077044, 0.0018998835003, -0.0013086515246, 0.00199731672183, -0.00142724160105, 0.00273893680423, -0.00154979492072, 0.00201344909146, -0.00176427012775], [0.000616854289547, -0.00113950122613, 0.00257096253335, -0.00214981590398, 0.001103019109, -0.00228358013555, 0.000763307732996, -0.000895395467523, 0.000975028204266, -0.00199871766381, 0.00186263129581, -0.00203955848701, 0.0011345599778], [-0.00084243126912, 0.00191308790818, -0.00214981590398, 0.00367019302212, -0.00188672821969, 0.00274272519164, -0.00170071958564, 0.00197126693092, -0.000752708059736, 0.00117159355432, -0.00174541783053, 0.00218960409984, -0.00238999375142], [0.000586795038544, -0.00209635077044, 0.001103019109, -0.00188672821969, 0.0038274016697, -0.00258019869216, 0.000859387684613, -0.00148349849042, 0.000462459953269, -0.00184937031008, 0.000373171526007, -0.000596306927036, -0.000114579946967], [-0.000733832828701, 0.0018998835003, -0.00228358013555, 0.00274272519164, -0.00258019869216, 0.00599248101935, -0.00239065056667, 0.00146967417095, -0.0019702014979, 0.000930385664105, 0.000283114757622, 6.93691763445e-05, -0.000209911668207], [0.000559350184631, -0.0013086515246, 0.000763307732996, -0.00170071958564, 0.000859387684613, -0.00239065056667, 0.0052259885706, -0.00258891214617, 0.00181978463661, -0.000321610277751, 3.13978162012e-05, -0.000120649587188, -0.000420912983827], [-0.000816428568214, 0.00199731672183, -0.000895395467523, 0.00197126693092, -0.00148349849042, 0.00146967417095, -0.00258891214617, 0.00684580439702, -0.00241125468165, 0.00137640023604, -0.00205373554491, 0.00108622969128, -0.0011237107683], [0.000611533469055, -0.00142724160105, 0.000975028204266, -0.000752708059736, 0.000462459953269, -0.0019702014979, 0.00181978463661, -0.00241125468165, 0.00748865259811, -0.00362164736725, 0.00146343512461, -0.00238492595963, -1.37767856359e-05], [-0.00100037979428, 0.00273893680423, -0.00199871766381, 0.00117159355432, -0.00184937031008, 0.000930385664105, -0.000321610277751, 0.00137640023604, -0.00362164736725, 0.012428579852, -0.0056186853908, 0.0040659471415, -0.00274014775641], [0.000766055018175, -0.00154979492072, 0.00186263129581, -0.00174541783053, 0.000373171526007, 0.000283114757622, 3.13978162012e-05, -0.00205373554491, 0.00146343512461, -0.0056186853908, 0.0130039528012, -0.00430264603347, 0.00214665895328], [-0.000739795505069, 0.00201344909146, -0.00203955848701, 0.00218960409984, -0.000596306927036, 6.93691763445e-05, -0.000120649587188, 0.00108622969128, -0.00238492595963, 0.0040659471415, -0.00430264603347, 0.0128521015868, -0.00345577299595], [0.000659406650811, -0.00176427012775, 0.0011345599778, -0.00238999375142, -0.000114579946967, -0.000209911668207, -0.000420912983827, -0.0011237107683, -1.37767856359e-05, -0.00274014775641, 0.00214665895328, -0.00345577299595, 0.0135253435001]], "cov": [[13737.3769531, -1206.52929688, -665.594543457, 1747.19165039, -958.294128418, 36.0839614868, -460.132019043, 677.682067871, -331.149719238, 635.012939453, -99.3697433472, 105.482383728, -257.095672607], [-1206.52929688, 3184.4597168, -367.623260498, -663.237182617, 1156.65563965, -196.836669922, 266.141143799, -327.145111084, 133.122924805, -388.008178711, 44.0179481506, -202.483856201, 238.50189209], [-665.594543457, -367.623260498, 1226.30004883, 515.621948242, 83.2294464111, 339.781585693, 105.705657959, -11.7241334915, 34.1539230347, 136.127166748, -44.9950332642, 88.5928039551, 38.426864624], [1747.19165039, -663.237182617, 515.621948242, 1301.42834473, -39.4593658447, -52.772693634, 61.7677764893, 56.1141853333, -106.640899658, 240.869842529, 32.5693435669, -9.68053150177, 61.4993057251], [-958.294128418, 1156.65563965, 83.2294464111, -39.4593658447, 969.424804688, 134.354537964, 198.39163208, -63.13621521, 137.055023193, -49.0971260071, 51.7212562561, -63.512878418, 160.624450684], [36.0839614868, -196.836669922, 339.781585693, -52.772693634, 134.354537964, 483.847991943, 88.6042938232, 75.1747283936, 95.7769775391, 67.2811355591, -39.6024360657, 74.8798904419, -8.46606731415], [-460.132019043, 266.141143799, 105.705657959, 61.7677764893, 198.39163208, 88.6042938232, 344.333648682, 42.3132858276, -2.59865140915, -27.9313755035, 21.092754364, -21.4618911743, 61.9909629822], [677.682067871, -327.145111084, -11.7241334915, 56.1141853333, -63.13621521, 75.1747283936, 42.3132858276, 286.911773682, 41.2206916809, 79.2420043945, 20.1205005646, 36.4477958679, -16.8127326965], [-331.149719238, 133.122924805, 34.1539230347, -106.640899658, 137.055023193, 95.7769775391, -2.59865140915, 41.2206916809, 226.055389404, 36.6652984619, 11.387219429, 28.4800186157, 30.9197177887], [635.012939453, -388.008178711, 136.127166748, 240.869842529, -49.0971260071, 67.2811355591, -27.9313755035, 79.2420043945, 36.6652984619, 215.367599487, 37.171913147, 19.027223587, -1.45367956161], [-99.3697433472, 44.0179481506, -44.9950332642, 32.5693435669, 51.7212562561, -39.6024360657, 21.092754364, 20.1205005646, 11.387219429, 37.171913147, 116.811332703, 8.90768146515, 13.5462732315], [105.482383728, -202.483856201, 88.5928039551, -9.68053150177, -63.512878418, 74.8798904419, -21.4618911743, 36.4477958679, 28.4800186157, 19.027223587, 8.90768146515, 126.112678528, -3.02050757408], [-257.095672607, 238.50189209, 38.426864624, 61.4993057251, 160.624450684, -8.46606731415, 61.9909629822, -16.8127326965, 30.9197177887, -1.45367956161, 13.5462732315, -3.02050757408, 123.800949097]]}, "spectral_energyband_middle_low": {"dmean2": 0.00670217582956, "median": 0.00870798807591, "min": 9.72973329509e-13, "dvar2": 7.69948674133e-05, "dvar": 3.27937705151e-05, "dmean": 0.00426102615893, "max": 0.0714601054788, "var": 8.61757798702e-05, "mean": 0.0106348954141}, "melbands_crest": {"dmean2": 5.61530685425, "median": 18.3133144379, "min": 3.09113669395, "dvar2": 25.1388988495, "dvar": 11.5065250397, "dmean": 3.70322775841, "max": 39.9795341492, "var": 67.5003814697, "mean": 19.2871131897}, "spectral_kurtosis": {"dmean2": 8.31795406342, "median": 7.08854007721, "min": -1.25653064251, "dvar2": 350.381866455, "dvar": 116.844718933, "dmean": 4.9407582283, "max": 263.68951416, "var": 454.217895508, "mean": 12.0739440918}, "spectral_rms": {"dmean2": 0.000977115472779, "median": 0.00671908678487, "min": 7.39196764243e-07, "dvar2": 9.75240482148e-07, "dvar": 4.31154944636e-07, "dmean": 0.000625149579719, "max": 0.00995131395757, "var": 3.9465280679e-06, "mean": 0.00618137093261}, "zerocrossingrate": {"dmean2": 0.0104447351769, "median": 0.03564453125, "min": 0, "dvar2": 0.000250794051681, "dvar": 0.000238869979512, "dmean": 0.0091379834339, "max": 0.8134765625, "var": 0.0032582397107, "mean": 0.0454091131687}, "silence_rate_60dB": {"dmean2": 0.0220679827034, "median": 0, "min": 0, "dvar2": 0.0247856266797, "dvar": 0.0109106786549, "dmean": 0.0110320281237, "max": 1, "var": 0.0591654293239, "mean": 0.0631560236216}, "erbbands_kurtosis": {"dmean2": 2.52914643288, "median": 0.408107280731, "min": -1.88749611378, "dvar2": 12.0315084457, "dvar": 4.93860149384, "dmean": 1.57552754879, "max": 38.6412582397, "var": 9.12337779999, "mean": 1.26632320881}, "erbbands": {"dmean2": [0.407295048237, 1.77062177658, 4.20691633224, 3.7682466507, 7.35003948212, 11.6502752304, 7.28347730637, 13.3467750549, 28.1966285706, 46.6704025269, 37.2442092896, 32.6710395813, 28.4983043671, 20.2119407654, 30.2131919861, 40.7945365906, 43.7656021118, 65.1174697876, 72.4324645996, 45.3504104614, 39.5035552979, 27.076292038, 18.5443134308, 20.0869293213, 24.2882080078, 20.7454662323, 9.15616607666, 3.85730361938, 2.97668528557, 2.51557517052, 2.38510417938, 2.71825218201, 1.88363492489, 1.21388924122, 0.612265050411, 0.217488080263, 0.0609671808779, 0.00940776057541, 0.000238242602791, 2.55669165199e-05], "median": [0.509769260883, 1.85038506985, 2.54404616356, 2.31028318405, 3.55708050728, 5.36915826797, 3.83912777901, 5.67773723602, 9.938580513, 12.3731174469, 10.3297252655, 7.22061681747, 7.96721982956, 7.734126091, 8.67551612854, 13.1610946655, 17.410741806, 26.9771251678, 25.6129417419, 18.5791282654, 15.9258012772, 15.9573831558, 8.62352848053, 4.70496702194, 4.26395988464, 2.66357445717, 1.75629043579, 0.806640267372, 0.200447738171, 0.18097448349, 0.158938363194, 0.114568732679, 0.0786158367991, 0.0467304289341, 0.0182109065354, 0.00667954236269, 0.00243187858723, 0.000267426134087, 3.2942793041e-05, 5.69684307266e-05], "min": [1.06446351733e-10, 6.65750510276e-11, 2.52288138297e-11, 9.87705056632e-11, 2.31618196844e-10, 4.98466268262e-10, 5.43614375736e-10, 8.80863659791e-10, 1.25992438704e-09, 1.09316322661e-09, 1.38979949771e-09, 3.28610316735e-09, 1.35940592116e-09, 4.47075398924e-09, 4.02663813404e-09, 4.71574157501e-09, 4.6501873463e-09, 4.03001720883e-09, 5.6084354938e-09, 4.07983558048e-09, 1.31404220838e-08, 1.27721158094e-08, 6.11941652906e-09, 1.36139997053e-08, 1.13388294309e-08, 5.2740518619e-09, 2.26066756426e-08, 1.8669753743e-08, 2.05258849917e-08, 1.03184021327e-08, 1.33786608458e-08, 4.97395156174e-08, 3.52602285147e-08, 1.86807316283e-08, 2.15295195005e-08, 1.7553814402e-08, 1.6159443561e-08, 1.7192787638e-08, 2.43977780201e-08, 5.53826406957e-09], "dvar2": [0.282216906548, 5.49415254593, 39.8258018494, 26.5251102448, 126.725036621, 309.458129883, 135.344894409, 649.954345703, 2910.82519531, 8417.14453125, 6111.67529297, 5698.64794922, 7833.79248047, 1768.88366699, 6391.39550781, 6939.20068359, 6518.18896484, 14163.0839844, 19117.6269531, 8024.68261719, 6866.18896484, 2853.14770508, 1184.57189941, 2210.76391602, 3548.35083008, 2883.98071289, 565.049499512, 134.230926514, 105.36856842, 82.9180984497, 85.7222900391, 313.123504639, 76.7464981079, 42.9420509338, 15.9785938263, 1.37464332581, 0.0936859995127, 0.00286150700413, 1.50797234255e-06, 3.9312872957e-09], "dvar": [0.144125327468, 2.50747513771, 14.9102649689, 10.0430936813, 49.5903015137, 122.011901855, 55.6452903748, 238.210144043, 1163.77111816, 3225.49365234, 2480.28173828, 2414.09472656, 3252.46435547, 882.612609863, 3209.81420898, 3198.02856445, 2714.71337891, 6153.25683594, 8033.19238281, 3381.86450195, 2754.23632812, 1240.19262695, 501.14666748, 819.011291504, 1339.23181152, 1058.02282715, 203.223327637, 63.4123001099, 51.6598243713, 38.360786438, 37.5877304077, 128.992843628, 37.7264060974, 21.915813446, 7.84855985641, 0.690455317497, 0.0440579615533, 0.00120928313117, 6.41037672722e-07, 1.67563829478e-09], "dmean": [0.28899627924, 1.10571014881, 2.54407167435, 2.27124881744, 4.48542785645, 7.15657806396, 4.51401615143, 7.96290397644, 17.0186710358, 28.1760368347, 23.1264839172, 21.0784358978, 19.0956764221, 13.3200521469, 19.8578529358, 26.8069591522, 28.0701198578, 42.0602302551, 46.1551742554, 29.0899486542, 24.2335319519, 16.9831142426, 11.5277881622, 12.1935930252, 14.9687042236, 12.2597513199, 5.39601325989, 2.47250938416, 2.0480928421, 1.70736145973, 1.60382461548, 1.80625474453, 1.26297223568, 0.836650967598, 0.415566235781, 0.145604908466, 0.0408766120672, 0.00589236384258, 0.000150209758431, 1.61376738106e-05], "max": [3.64611983299, 15.0356016159, 35.7253456116, 37.472530365, 84.3675231934, 121.465682983, 119.268043518, 342.662841797, 960.668945312, 772.796325684, 774.087768555, 789.907531738, 1182.34509277, 1145.15808105, 2183.36523438, 1184.57275391, 981.61505127, 1326.97412109, 1423.1072998, 1056.23327637, 941.761413574, 1227.42614746, 462.161743164, 319.807556152, 389.277740479, 305.994293213, 154.673706055, 273.857574463, 222.31086731, 185.553512573, 151.465133667, 618.088989258, 263.482543945, 183.362243652, 103.044380188, 39.908782959, 8.82264709473, 1.45444321632, 0.0324375741184, 0.00132535817102], "var": [0.890469133854, 6.44179201126, 22.6218261719, 18.789018631, 96.639755249, 212.666748047, 78.256439209, 260.330780029, 2020.20996094, 4496.03076172, 4087.36987305, 5310.23779297, 5053.40869141, 2258.45922852, 9883.59375, 7954.11865234, 5864.93505859, 12567.6298828, 14954.4121094, 7719.22167969, 4704.18164062, 2470.27050781, 1115.69506836, 1038.88146973, 1860.55578613, 1179.17590332, 187.012634277, 116.326278687, 111.798698425, 69.7339172363, 58.2933692932, 142.765106201, 77.8558273315, 38.0004997253, 12.220823288, 1.09109997749, 0.0709433630109, 0.00150577595923, 8.05150307315e-07, 2.74160805169e-09], "mean": [0.896489441395, 2.46285820007, 4.03051567078, 3.80323648453, 7.14637374878, 11.0136089325, 6.69120836258, 10.7672243118, 23.4639053345, 37.0581512451, 33.4231338501, 33.8681640625, 30.1975631714, 23.0039234161, 33.4008636475, 42.6164703369, 45.2716941833, 67.6530456543, 71.4290847778, 48.8168029785, 39.786403656, 31.2741470337, 20.6632118225, 16.9367713928, 19.0463848114, 15.0298585892, 6.6046333313, 3.61889958382, 2.96465539932, 2.44874191284, 2.28613066673, 2.42678785324, 1.7314221859, 1.08113801479, 0.511269152164, 0.17699739337, 0.0475157424808, 0.00604334101081, 0.000175649402081, 5.87163267483e-05]}, "spectral_strongpeak": {"dmean2": 0.712705790997, "median": 0.319508969784, "min": 0, "dvar2": 2.46666908264, "dvar": 0.985329210758, "dmean": 0.411816745996, "max": 12.3538389206, "var": 1.36617779732, "mean": 0.680963695049}, "spectral_energy": {"dmean2": 0.012717558071, "median": 0.0462747812271, "min": 5.60072099809e-10, "dvar2": 0.000176593399374, "dvar": 7.19079689588e-05, "dmean": 0.00802051182836, "max": 0.10150436312, "var": 0.000416005641455, "mean": 0.043209772557}, "average_loudness": 0.971082389355, "spectral_rolloff": {"dmean2": 816.057861328, "median": 1076.66015625, "min": 21.533203125, "dvar2": 2142960.75, "dvar": 994512.625, "dmean": 485.942230225, "max": 21662.4023438, "var": 3730660.75, "mean": 1362.25830078}, "spectral_centroid": {"dmean2": 486.431610107, "median": 1242.8536377, "min": 108.405731201, "dvar2": 367511.65625, "dvar": 156911.40625, "dmean": 315.819885254, "max": 5808.43457031, "var": 544634.4375, "mean": 1388.39831543}, "pitch_salience": {"dmean2": 0.130307778716, "median": 0.517877161503, "min": 0.00693618645892, "dvar2": 0.0135743869469, "dvar": 0.00611422304064, "dmean": 0.0825389176607, "max": 0.859073579311, "var": 0.0284847170115, "mean": 0.492048591375}, "spectral_energyband_middle_high": {"dmean2": 0.00487873004749, "median": 0.00645620329306, "min": 1.64387806752e-12, "dvar2": 3.63713770639e-05, "dvar": 1.60420622706e-05, "dmean": 0.00316997361369, "max": 0.0608468838036, "var": 5.60973167012e-05, "mean": 0.00819628220052}, "spectral_contrast_coeffs": {"dmean2": [0.0820000767708, 0.0861583054066, 0.0617815963924, 0.0554732382298, 0.0468023382127, 0.0386153683066], "median": [-0.701888084412, -0.755831062794, -0.801841259003, -0.775119483471, -0.780385792255, -0.757824420929], "min": [-0.975010097027, -0.965101361275, -0.974908292294, -0.968968689442, -0.972256302834, -0.958159923553], "dvar2": [0.00456493860111, 0.00476939231157, 0.0024290769361, 0.00197641691193, 0.001627433463, 0.00102071394213], "dvar": [0.00171606533695, 0.00177148717921, 0.000990313710645, 0.000824181130156, 0.000706907419953, 0.000448501028586], "dmean": [0.0501193441451, 0.0520542785525, 0.0384784005582, 0.0346525460482, 0.0294045750052, 0.0248402301222], "max": [-0.262702077627, -0.346301287413, -0.410432517529, -0.521007716656, -0.486316978931, -0.573992371559], "var": [0.00797663442791, 0.00655777053908, 0.00568346912041, 0.0037316151429, 0.00350570585579, 0.00331351580098], "mean": [-0.688722252846, -0.745690584183, -0.787370741367, -0.7700766325, -0.771640479565, -0.758752167225]}, "melbands_skewness": {"dmean2": 1.8479013443, "median": 2.38100814819, "min": -1.49114871025, "dvar2": 82.2479095459, "dvar": 30.25847435, "dmean": 1.19940495491, "max": 305.24621582, "var": 27.504278183, "mean": 3.41163635254}, "spectral_spread": {"dmean2": 730515.6875, "median": 2735156, "min": 318118.5625, "dvar2": 1169465933820.0, "dvar": 668927918080, "dmean": 526412.875, "max": 20337002, "var": 4197826166780.0, "mean": 3335289.25}, "dissonance": {"dmean2": 0.0288326460868, "median": 0.478204339743, "min": 0.0999361053109, "dvar2": 0.00112397514749, "dvar": 0.000412612891523, "dmean": 0.0172515120357, "max": 0.500000119209, "var": 0.000941445643548, "mean": 0.468982964754}, "spectral_skewness": {"dmean2": 0.736153662205, "median": 1.78975450993, "min": -0.0632830262184, "dvar2": 1.04450905323, "dvar": 0.371272951365, "dmean": 0.460853517056, "max": 12.8667182922, "var": 1.52472221851, "mean": 1.95133697987}, "spectral_flux": {"dmean2": 0.0396005213261, "median": 0.100069284439, "min": 2.69963838946e-05, "dvar2": 0.00146623561159, "dvar": 0.000663489161525, "dmean": 0.0257718749344, "max": 0.270363211632, "var": 0.00200535636395, "mean": 0.0996948629618}, "spectral_contrast_valleys": {"dmean2": [0.614253222942, 0.687490701675, 0.600851774216, 0.527727127075, 0.536054849625, 0.548592269421], "median": [-6.50609493256, -6.46539926529, -7.04568958282, -7.08753919601, -7.52926254272, -11.2630300522], "min": [-18.9314670563, -17.7908916473, -17.5566806793, -17.7912063599, -17.3359489441, -18.2724437714], "dvar2": [0.323479562998, 0.351100116968, 0.304959654808, 0.27915763855, 0.380803316832, 0.362620055676], "dvar": [0.132344484329, 0.161916181445, 0.14694160223, 0.139201357961, 0.178158313036, 0.193989887834], "dmean": [0.370880395174, 0.434557944536, 0.388755947351, 0.344399541616, 0.359999656677, 0.400779217482], "max": [-5.36774396896, -4.63025569916, -5.33168792725, -5.46334886551, -5.30424976349, -7.34294319153], "var": [2.46808815002, 1.51356673241, 1.38405752182, 1.61631894112, 2.72349619865, 2.68800520897], "mean": [-7.04192066193, -6.74582290649, -7.29730796814, -7.39055490494, -7.88467407227, -11.2742977142]}, "erbbands_flatness_db": {"dmean2": 0.0296898987144, "median": 0.194794178009, "min": 0.0287050250918, "dvar2": 0.000812188838609, "dvar": 0.000401910481742, "dmean": 0.0204809084535, "max": 0.47194570303, "var": 0.00472645414993, "mean": 0.20132778585}, "spectral_energyband_high": {"dmean2": 0.00067811930785, "median": 0.00010914192535, "min": 1.9578828836e-10, "dvar2": 3.21196421282e-06, "dvar": 1.51277811256e-06, "dmean": 0.000440841336967, "max": 0.0290831942111, "var": 2.84883185486e-06, "mean": 0.000640180835035}, "spectral_entropy": {"dmean2": 0.243088975549, "median": 7.36936712265, "min": 4.72329044342, "dvar2": 0.0738617405295, "dvar": 0.0368731729686, "dmean": 0.166192501783, "max": 9.13248348236, "var": 0.309228301048, "mean": 7.35153341293}, "silence_rate_20dB": {"dmean2": 0, "median": 1, "min": 1, "dvar2": 0, "dvar": 0, "dmean": 0, "max": 1, "var": 0, "mean": 1}, "melbands_flatness_db": {"dmean2": 0.0456275045872, "median": 0.262073785067, "min": 0.0324076265097, "dvar2": 0.00235194340348, "dvar": 0.0011727627134, "dmean": 0.0304261725396, "max": 0.787423312664, "var": 0.010841704905, "mean": 0.279328137636}, "barkbands": {"dmean2": [0.0015573942801, 0.00860334932804, 0.00379334646277, 0.00123378471471, 0.00292973639444, 0.00139257451519, 0.00256461906247, 0.00197697337717, 0.00140708265826, 0.000764267984778, 0.000664647377562, 0.00104664580431, 0.00108974042814, 0.00166188413277, 0.00109563744627, 0.000814051250927, 0.000515960622579, 0.000360685866326, 0.000438968650997, 0.00046179140918, 0.000110284039692, 7.89435362094e-05, 8.30816643429e-05, 0.000122657744214, 9.39754900173e-05, 3.77949545509e-05, 1.92620109374e-06], "median": [0.00122928456403, 0.013005098328, 0.00191778712906, 0.00051316828467, 0.00167595862877, 0.000630465627182, 0.000779575901106, 0.000478880188894, 0.000290846888674, 0.000224035858992, 0.000160323805176, 0.000286921713268, 0.00034149189014, 0.000491112994496, 0.000320167426253, 0.000262032146566, 0.000269247801043, 0.000125726583065, 8.41081127874e-05, 5.5739961681e-05, 3.06025067403e-05, 4.74346552437e-06, 6.03130956733e-06, 5.07704407937e-06, 3.40427413903e-06, 1.34242520744e-06, 2.5542858495e-08], "min": [1.15289887012e-11, 2.59183408242e-13, 1.8098732555e-14, 5.15849095752e-14, 1.02884186088e-13, 1.47389275806e-13, 8.76548318521e-14, 7.02024498104e-14, 1.40987956444e-13, 7.5951662223e-14, 1.07781161383e-13, 1.04063283056e-13, 1.27345982609e-13, 5.43338906311e-14, 9.38575457046e-14, 1.94742930549e-13, 2.12576077617e-13, 1.27680458979e-13, 2.83460917499e-13, 1.05427887015e-13, 5.49593356935e-13, 4.79620683447e-13, 3.9283073322e-13, 2.37690010903e-12, 2.1680875411e-12, 7.34580625494e-12, 2.39543079816e-10], "dvar2": [6.59410534354e-06, 0.000115668037324, 2.96001799143e-05, 3.53426025868e-06, 1.8119073502e-05, 6.59388570057e-06, 2.2280457415e-05, 1.61537664098e-05, 1.08120775622e-05, 4.45331124865e-06, 3.58698457603e-06, 5.09264464199e-06, 4.13571160607e-06, 1.03640841189e-05, 4.91725677421e-06, 3.22080950355e-06, 1.05655192328e-06, 4.99704640333e-07, 1.1751370721e-06, 1.57571173531e-06, 7.17284791563e-08, 7.2525146777e-08, 8.64334737116e-08, 4.56634751345e-07, 2.93528415796e-07, 3.23362279175e-08, 1.44907488786e-10], "dvar": [3.04242962557e-06, 4.97084329254e-05, 1.05723802335e-05, 1.31672572934e-06, 7.16395925338e-06, 2.43124372901e-06, 8.71338488651e-06, 6.37724633634e-06, 4.71462408314e-06, 1.87552427633e-06, 1.84924124369e-06, 2.30581940741e-06, 1.76398441454e-06, 4.398449164e-06, 2.04559091799e-06, 1.28822227907e-06, 4.50233784477e-07, 1.98790061745e-07, 4.40125859313e-07, 5.69822816487e-07, 3.23513589251e-08, 3.68055914635e-08, 3.88213727831e-08, 1.99867173478e-07, 1.51865577891e-07, 1.64179763118e-08, 5.78904806037e-11], "dmean": [0.00110143062193, 0.00560137908906, 0.00224309484474, 0.000743917480577, 0.00181307713501, 0.000829187920317, 0.00154003174976, 0.00121018092614, 0.000920778489672, 0.000498232198879, 0.000435275200289, 0.000676269701216, 0.00068935751915, 0.00105398765299, 0.000685861334205, 0.000501269707456, 0.000321346713463, 0.00022160098888, 0.000266600342002, 0.000272042263532, 7.08628067514e-05, 5.44675931451e-05, 5.60944572499e-05, 8.2270038547e-05, 6.44224201096e-05, 2.55972499872e-05, 1.13480780328e-06], "max": [0.0179564673454, 0.0669727995992, 0.0258942805231, 0.0134549308568, 0.0356563776731, 0.0300716087222, 0.0542287789285, 0.0441217646003, 0.0524909086525, 0.0349026881158, 0.057262096554, 0.0371567867696, 0.0274058356881, 0.0286690071225, 0.0320491008461, 0.0226697381586, 0.0196791179478, 0.00667225802317, 0.00794080551714, 0.00732259079814, 0.00431356299669, 0.00548053625971, 0.00453321030363, 0.0202765036374, 0.0151848960668, 0.00478299194947, 0.000265445763944], "var": [1.10056625999e-05, 0.000277345941868, 1.53734654305e-05, 2.0937654881e-06, 1.37131273732e-05, 2.6375548714e-06, 1.36051567097e-05, 9.72020279733e-06, 1.04781483969e-05, 3.17527246807e-06, 5.65267919228e-06, 5.20226649314e-06, 3.57608041668e-06, 8.09983885119e-06, 3.69085000784e-06, 2.25050916924e-06, 8.40851157591e-07, 3.58586646598e-07, 5.5517597275e-07, 5.80195887778e-07, 5.87254938011e-08, 8.09406444091e-08, 6.59157919358e-08, 2.93659184081e-07, 2.62728150346e-07, 2.75834537433e-08, 5.5519183001e-11], "mean": [0.00272734137252, 0.0179036799818, 0.00324741075747, 0.00109561125282, 0.00302281300537, 0.00112306000665, 0.0020699237939, 0.00161453289911, 0.00145349861123, 0.000767688499764, 0.000720532843843, 0.00101935234852, 0.00102022883948, 0.00155047385488, 0.00102414027788, 0.000774114218075, 0.000555084086955, 0.000355487078195, 0.000346328684827, 0.000325089815306, 0.000106418745418, 7.99343833933e-05, 8.01372443675e-05, 0.000111927744001, 8.36564577185e-05, 3.02599873976e-05, 9.79181436378e-07]}, "erbbands_skewness": {"dmean2": 0.771581172943, "median": -0.374954581261, "min": -5.01432275772, "dvar2": 0.604115128517, "dvar": 0.24926520884, "dmean": 0.507346570492, "max": 5.44064474106, "var": 1.12253141403, "mean": -0.320635616779}, "erbbands_spread": {"dmean2": 13.8852357864, "median": 26.8562755585, "min": 1.6177867651, "dvar2": 280.377685547, "dvar": 125.647041321, "dmean": 9.03177642822, "max": 175.148910522, "var": 431.732269287, "mean": 31.7765464783}, "melbands_kurtosis": {"dmean2": 113.822608948, "median": 5.89532375336, "min": -1.79679322243, "dvar2": 15880723, "dvar": 5399731, "dmean": 62.5401687622, "max": 126485.359375, "var": 2861076.75, "mean": 54.983581543}, "melbands": {"dmean2": [0.00280195334926, 0.00193745933939, 0.000639431644231, 0.000728085113224, 0.000281725282548, 0.000299934094073, 0.000452671170933, 0.000490982085466, 0.000280892127194, 0.000213938823435, 0.000144002493471, 8.41839646455e-05, 9.78003808996e-05, 0.000112423578685, 0.000109679662273, 0.000107336891233, 0.000135955429869, 0.00013882156054, 7.54967477405e-05, 6.03579173912e-05, 4.7274021199e-05, 3.10273135256e-05, 2.26992742682e-05, 1.68616879819e-05, 1.68313799804e-05, 1.73603548319e-05, 1.67980670085e-05, 1.42011331263e-05, 7.96230506239e-06, 2.88670548798e-06, 2.13236148738e-06, 1.77911704213e-06, 1.61071250204e-06, 1.50571293034e-06, 1.4268907762e-06, 1.56508372129e-06, 1.77230003828e-06, 1.49905861235e-06, 1.13816190606e-06, 1.03559659692e-06], "median": [0.00403431802988, 0.00190825667232, 0.000472931889817, 0.000371899805032, 0.000155831716256, 0.000128922169097, 0.000158117865794, 0.000130954314955, 7.11762622814e-05, 4.05789978686e-05, 3.78196054953e-05, 2.95884801744e-05, 2.49481599894e-05, 3.14108401653e-05, 3.08571470669e-05, 3.57664612238e-05, 4.39825671492e-05, 3.72693357349e-05, 2.24676787184e-05, 1.77906549652e-05, 1.66922527569e-05, 1.58705552167e-05, 1.05478557089e-05, 4.84870770379e-06, 3.25494920617e-06, 3.07346090267e-06, 2.38116967921e-06, 1.45004582919e-06, 1.10725488867e-06, 7.19584932085e-07, 3.13691458587e-07, 9.96327003122e-08, 6.55718892517e-08, 1.12423478527e-07, 8.68239027341e-08, 7.85672398251e-08, 6.0776102373e-08, 5.23504901651e-08, 5.2311641241e-08, 3.3101891006e-08], "min": [1.04998052