{"tonal": {"thpcp": [1, 0.59909760952, 0.341581374407, 0.336388587952, 0.32956084609, 0.454254567623, 0.527479231358, 0.36264654994, 0.223184794188, 0.233037784696, 0.318977415562, 0.471570819616, 0.528681874275, 0.512009501457, 0.789089202881, 0.903351426125, 0.806098461151, 0.907445371151, 0.759219408035, 0.522865951061, 0.539432942867, 0.502605617046, 0.359639048576, 0.301579385996, 0.300457805395, 0.353266209364, 0.567342102528, 0.639666497707, 0.522685408592, 0.570390164852, 0.528616905212, 0.347225010395, 0.303912252188, 0.352904379368, 0.482227385044, 0.857878923416], "hpcp": {"dmean2": [0.248599976301, 0.223377600312, 0.201643943787, 0.18250630796, 0.203767165542, 0.259684056044, 0.302670180798, 0.301030308008, 0.246483638883, 0.206818416715, 0.191631138325, 0.178626269102, 0.193970173597, 0.196658924222, 0.160650119185, 0.128706142306, 0.137191087008, 0.172065615654, 0.206937223673, 0.216118887067, 0.252030044794, 0.27967312932, 0.284222483635, 0.392182171345, 0.540678024292, 0.371349185705, 0.29950734973, 0.267631977797, 0.201958745718, 0.161107867956, 0.180644929409, 0.201207861304, 0.210564464331, 0.244924709201, 0.248970508575, 0.254494458437], "median": [0.0425849072635, 0.0332667045295, 0.022004192695, 0.0160171631724, 0.0206283517182, 0.0367956198752, 0.120819233358, 0.147986352444, 0.0829616189003, 0.0212866514921, 0.0155918430537, 0.0146487951279, 0.0367490388453, 0.044436737895, 0.0267792847008, 0.0107963988557, 0.0087576052174, 0.0124968327582, 0.0359483957291, 0.0456004031003, 0.0574644468725, 0.0774496048689, 0.101259551942, 0.124569483101, 0.0968481823802, 0.0885632932186, 0.0303008593619, 0.043092302978, 0.0470792390406, 0.0242178384215, 0.0109404930845, 0.0102549120784, 0.0190828647465, 0.0495660714805, 0.0646281242371, 0.0585347265005], "min": [0, 0, 0, 0, 0, 0, 0, 0, 0, 0, 0, 0, 0, 0, 0, 0, 0, 0, 0, 0, 0, 0, 0, 0, 0, 0, 0, 0, 0, 0, 0, 0, 0, 0, 0, 0], "dvar2": [0.12730973959, 0.106371894479, 0.10613001883, 0.0978582948446, 0.104408994317, 0.124979011714, 0.127428516746, 0.121473535895, 0.0994723513722, 0.10751581192, 0.110836155713, 0.0954935252666, 0.0973740369081, 0.0940172746778, 0.0763675868511, 0.0645816475153, 0.071652315557, 0.0871097818017, 0.0981573984027, 0.08993896842, 0.10848633945, 0.123432584107, 0.124893926084, 0.155219212174, 0.306726694107, 0.148410275578, 0.169176980853, 0.145016849041, 0.0955567657948, 0.0702123567462, 0.105927340686, 0.132745936513, 0.116566598415, 0.119896017015, 0.11424202472, 0.115599349141], "dvar": [0.0459079220891, 0.0390510186553, 0.0367870107293, 0.0343264639378, 0.0376126989722, 0.0454011037946, 0.049052387476, 0.0467658489943, 0.0358071811497, 0.0398827567697, 0.0445832870901, 0.0381166525185, 0.0363571979105, 0.035158842802, 0.0280452519655, 0.0232719630003, 0.0264428108931, 0.0325538516045, 0.0363621376455, 0.035294611007, 0.0404928661883, 0.0460852459073, 0.047912620008, 0.0535922311246, 0.098497197032, 0.0566168725491, 0.0606563687325, 0.0529588125646, 0.0370856299996, 0.0262382291257, 0.0369341187179, 0.0456056371331, 0.0411613881588, 0.044113792479, 0.0422056317329, 0.0407575108111], "dmean": [0.139867559075, 0.126712590456, 0.111766703427, 0.100750952959, 0.112638302147, 0.146459147334, 0.174803033471, 0.176176160574, 0.141204193234, 0.114707574248, 0.107917629182, 0.102775901556, 0.111205138266, 0.113576151431, 0.0920523405075, 0.0718919411302, 0.0763575285673, 0.0965743735433, 0.117981567979, 0.124818637967, 0.142967492342, 0.159601420164, 0.162569120526, 0.216563388705, 0.291654467583, 0.2082464993, 0.16672411561, 0.149612605572, 0.116536192596, 0.0923761129379, 0.0988491326571, 0.109308876097, 0.116468541324, 0.138401553035, 0.141535326838, 0.142804920673], "max": [1, 1, 1, 1, 1, 1, 1, 1, 1, 1, 1, 1, 1, 1, 1, 1, 1, 1, 1, 1, 1, 1, 1, 1, 1, 1, 1, 1, 1, 1, 1, 1, 1, 1, 1, 1], "var": [0.0690650716424, 0.0615189522505, 0.0338327363133, 0.0308629833162, 0.0372285060585, 0.0504912175238, 0.0849789604545, 0.102638408542, 0.0474691390991, 0.0361449569464, 0.0432188510895, 0.0389497131109, 0.0470739863813, 0.0578179582953, 0.0347159951925, 0.0220433287323, 0.0256722420454, 0.0373195819557, 0.0501920320094, 0.0563973039389, 0.0466367676854, 0.0904299020767, 0.108619324863, 0.0717687979341, 0.111247643828, 0.0811412781477, 0.0628098547459, 0.0624028034508, 0.0536995194852, 0.0374223999679, 0.0352418497205, 0.037826679647, 0.0389140881598, 0.0641757175326, 0.0736164003611, 0.0471962802112], "mean": [0.167138665915, 0.154898062348, 0.101745665073, 0.0890539363027, 0.103409864008, 0.141304761171, 0.251380115747, 0.293025165796, 0.175550684333, 0.100091941655, 0.0985703244805, 0.0965696200728, 0.133108019829, 0.15456469357, 0.106264568865, 0.0653987601399, 0.0682859346271, 0.0934684127569, 0.138182118535, 0.154917091131, 0.150031670928, 0.231222987175, 0.264704704285, 0.236207127571, 0.265904337168, 0.222470387816, 0.153212890029, 0.158067435026, 0.147276088595, 0.105383291841, 0.0883703455329, 0.0880417004228, 0.103515893221, 0.166245505214, 0.187438383698, 0.153159976006]}, "tuning_equal_tempered_deviation": 0.244932994246, "chords_changes_rate": 0.067679323256, "key_key": "E", "tuning_diatonic_strength": 0.606839418411, "key_scale": "major", "chords_number_rate": 0.00236286921427, "tuning_frequency": 434.193115234, "tuning_nontempered_energy_ratio": 0.937821388245, "chords_histogram": [21.8396625519, 4.99578046799, 18.9198303223, 1.31645572186, 2.09282708168, 1.08016872406, 10.4978904724, 1.11392402649, 2.9873418808, 0.0843881890178, 0.320675104856, 0.675105512142, 0.52320677042, 0, 0.624472558498, 0.843881845474, 0.472573846579, 3.35864973068, 0, 1.1308016777, 0.0675105452538, 3.76371312141, 13.2827005386, 10.008439064], "key_strength": 0.730201840401, "chords_key": "E", "chords_strength": {"dmean2": 0.011282004416, "median": 0.497419416904, "min": 0.227632939816, "dvar2": 0.000109794927994, "dvar": 9.52320770011e-05, "dmean": 0.0116149317473, "max": 0.797634899616, "var": 0.0120998453349, "mean": 0.494851320982}, "chords_scale": "major", "hpcp_entropy": {"dmean2": 0.976225137711, "median": 2.19523882866, "min": 0, "dvar2": 0.599994599819, "dvar": 0.214656591415, "dmean": 0.573801457882, "max": 4.59552097321, "var": 0.426572829485, "mean": 2.18419885635}}, "metadata": {"audio_properties": {"equal_loudness": 0, "codec": "mp3", "downmix": "mix", "sample_rate": 44100, "analysis_sample_rate": 44100, "bit_rate": 320000, "md5_encoded": "2732149c660987ac1f0eb1d27e7692be", "length": 275.069396973, "replay_gain": -12.8211727142, "lossless": false}, "version": {"essentia_build_sha": "70f2e5ece6736b2c40cc944ad0e695b16b925413", "essentia": "2.1-beta2", "extractor": "music 1.0", "essentia_git_sha": "v2.1_beta2"}, "tags": {"title": ["We Are Free Men"], "language": ["eng"], "media": ["CD"], "albumartist": ["Bright Eyes"], "initialkey": ["D#"], "musicbrainz_recordingid": ["1396e895-3299-4c36-8690-3ba84574c3e1"], "musicbrainz_albumartistid": ["78f797e3-4913-4026-aad0-1cd858bd735b"], "originalyear": ["2002"], "discnumber": ["1/1"], "bpm": ["126"], "catalognumber": ["LBJ-45"], "contentgroup": ["Indie"], "musicbrainz album type": ["ep"], "musicbrainz album status": ["Official"], "file_name": "03 We Are Free Men.mp3", "originaldate": ["2002-05-06"], "acoustid_fingerprint": ["AQADtJnGOwquI3yuJEHT8Tge3FKOnIeuI881VBc-5QrCZBz0UcifTZjyK1giRpqLM3gWJUgWR0NoXNmDJ8eVHF9K4_Mw5UFIPDnODFmStJhenBu-40eyOyrio9Ev_HiTMTm-I-F_5Du2XHii4okSXK6QNQ-S85ieh2hy_An-C8mP6AGP5sf05nh1NFF2GVVWNXiO5Ef4pPDRawwaTbrRp9iD68Sf4NLxoPnB3DEedbiuIA-SJc7BrPrwKyFykYR-nEfOHM1P9Cn-F0-5Ic8SCz3BSuGA9_hxxcKxhcKtQz-w48Dx40h1HMQ1GNiPvfiRC4qOTyRCkYmDxskyXOpxfsHz45lGPExFnKh6NHyIvDgFLUxShMoxSd3B5F-G_fgDF3GFxHpwUbLQL8mD5riy4jyuPAgZ5YaWSMqJOJV-PMEt4kmaCu4jPBcuRBaeBH_QXUdzPbiYY9eP_mi4LIVOF7sQP7AmBY-y48YvEs-u4FOWaejDD2E66MyQH-_xhNnBJnyKf3iCxj_64hm7CHcw5YtQWime6EOeHLovNJ9RHXl-lImC80K3uMJvHG-iCc4YRxiTI_zxaJSw9Rl-KLsQXuoK9h4ecYmKSdLhH7lFaJci5BoeHT-uPOjYo3km4cf5ID90MsjDmbh0PGieoD8uXNLx5Xhy4elRiWHRcHiP-B96B08CZUnkMMeJ5uFw0yG0_fiJipEe5Cf-gz6FOGEO7RKFx8j0gMFdo7yGjXswT3SOpnqQHR-mJI-hiQl_XDqaD-E5HM131GKKeccXciDzBT-2R1Jw4WfROKg3LseYdOGC6kKeg8cr-DnC7sOeKD-qkKFQ8ceP73iWEDnU-EeuH42TeaidxviPykHDFfN1XEeWI4nSZBOPP3jC1qi2PGiOX7hy48qV4Ud4oRn0LTny23hw45ke-NKPmwry4IQrZnhY5LrwJ5jCDc9AXQp--EG8Q94dxEyYC_nHQ6eF5oeuDOdRSXvQUDlK2UifKPgR5rgaGVI-NPXxyYxxLYUn8VCPv_CDC5eeoJmig9EGHX9Q3XgOSpVSQZMz7BrCuKidHqeLdhmFJnqO9whFXYHoC7l8PMId-IyH7sF3zMqDqxrS57hP_Bqk8EOaMEzwI79wcTH8sHgvODy6pcdf_EhvfCJxKYkLyhbO4zlexaiTK8GTgcke5KKQPAN_XKhSXWi6WElQRySaKxO-oIfDC19M4bsSeDaRfj1UJ0KIJ_fRHtskU3jLoM_xH-ePakgWxYsRN9Hx44mOGz_aLIfzHMlHpMpz3A-upYG_GCd2IT0P7UK2j1GC36iO7eizHucx4vqL_gpOjQi1p4TOFPnRHJcz4UyyB-YOPz_aHj--4-CJ58HRfEcfy0h-C2GOJ_Nhq0RlqQq6HdQnVC6H-Ei-iMYTMDzhikcyXYm0IOeLORMeGX6WFBeuxQ7CZki4Cv6VYQ0TPYQrpgfjRMVxCtuPv4O7Dw-LW_B5_M3xaQ0uNDwi6VCTx8jJgHk-NE-GfcOVo6fQkExRuWXhUoN9I3Qf_Gj3GJ6UOcN-QtLzIMXELE_xRUpQ_2hCRxJO3fhoNI9wS8EroZaJO0f5IDqNg8kf7DvRJxEe-wj5BGtzVC4RpofUBXmUo9IxZU9w8bjYoHle5CXk6GkQSvlxnfhRGzt64kyQJ1mQTImo4PiD_mjIC8xnjD8SK2ORTjmONw7CIOmHX0lQJxfuHN8ONXkMc6mDWXpwH3zywA2LH9eLt4go5Ufyo_nGBP_RTFzx5rgOf9idFMkzachpKqjVo0-OU_lwTNETxLqDhHxwKSODxhdO0cHzBP3hB7F_JN-DPsd7fEfzodpTnIflGXec4OUltNnRxLjRlSly-Yd2PbjQ5cYfQzuT4VE2_IO57NDV40dzhLqDO1PQPJgk2ROaJhFO4tLRzHKKLI9HaKnxxAj1HI2u4_sDfseR_JjkyUjlo5R04j0x7jdKFq544kkeBH7gkdAeHHkyhVGCHruCm8jFwD8eiEefFNeCnoeW45SgSd2F8MLR_mi2HuexC5aVHEn9IaceMORxliF-1BKmo2kTPFRE_LjCS_iF5pmEyYlExHTUQ49i5Ad15cZ_tDmmTFGJk_gJn9GERz-eZJcRNSgpDlqXKMZ_5D0qKVqEZoky4kO_oE8m4mB1osmezOhKHvG9IVn4FOVi8EBpwWeOLBoVMoRsEjG1iLgSUoEfJTqOD1eJsuzQZNGDV0fTiEd_PEUzEj3G9Lit4MrhNxPOIMwHzdfwEeEf1FuO5zhzfD8atUPJXEGjq0JtC7mIJNoM_-iVBtWl4MrxpMEP82nAH2H2QMg5NM-VgZF8hXj0w1McXEeeidByhMfRMMmD7_DooXKR8YPORET2HN10VEyPL4yCMB_aQ6cQZs9Q0cIZduDoMcHD4igbhHkWJD243Jifw0waRsElEn5-HH2MJo8kJN6DUIokNrhOHMd2-NHQRzmy6kHyJE_QsJSMsseOh3CoC1GXtYHqEzNPxI7QCY61Ei2RRxMipWKmRfjhpFmKbx4OipEm9MlxNviSC3FKyUiqR-DRh0Fzgh8u2RvCaPGIpMrB5MnwHCWPJsuDR1le9MkVJMuP_MT-CeXxBnO4EDl5JEr0isaXY19EnEYnHZfM4VkiwQ_KRC_xHXeQSzijQ9eRNlqGf8fzoNodNGMW5Ik4JG8--IpSnC_O2diL6zY4KkfCr0eOe8Ilcin6K2ieo8k4HV3jCJF0aKlq5AmaI2xzaN8Hc0fO5cRf4T_-wMzxoy8QWgma_NCfIf_xHSV5PPhxxkTjMMeDXDgAQRQQAErACCTCGMEIAhAYQiBBBhHjEFEAQSMcUYgI4AHgAgjBgGSKCWCEkYIAw4gQnCBBCDMIMCYoMcAQahgxTAHDGJJQACKEYEQQBBRQACjBgAOQCSEAE9I4BJQYDAoqoSGAEAeAARApUJkARAviGAAAIIaQYUIASYhiiBEgBQAGGICEUkBbpBhRhAggkIPMASGYUYAwAAARiBAhKJCAASoAMQIgAJ0QAjAHpGCKEQUUQMAhBAkQDFAgiCTGKEARsAIoZgADAAjkiBBAAGAEMsooAJQkACCjGRMAAwYsYEgApQhgADEDADLaGMEkAEYBAYwiTDCAHCDGCAIQEVIKIwRICggAECfAGEAZYBABAQgQQBDGBMKAIQuMMMoQQZBHBkEiFFOCEOGEMkAACoAAVCGgiDBOQKkQAEYBArCByhAggLOCCEMUAwIYYQRggAABnFLAAUGAMsgxRAkUhgABgFIAOeEsEMwDIggkAACEAFDGEiAUAYAIDwAhyCIhFDCUIEAREkAAYRwAARggHAEQCIIYgAgIgpAUkhgkiBaAAEEIQYAQAwTBAChghKEKCAAMAMYQI4QwBCAJgEJIIbIIAcQJCKxRgAqNjAGCEoEUIsARRhgQRAlhABAEIIAEAAQYRgQgCAggBDCCGCWUQAYA5hAAAAwBAEICGGEUEURIQYWgzBphEAACIEIQAg4YQYAASCBBiRbACKIQEgIoIrAZAAClDDFCGOIUQBIQAhFAYBBBhGCQAiAEMIAIBwSpggmAAAMAECAwc0gAJRBVEhEGCARKKCAhIQAAQRBCxiGECAiGCEYAAAggoBQhDAECmBPCAcOEICAgAgERgjAFEDEOXCSMI0SQSwQwFAAOmDRCAQE4MIhJAwQRAgDhgHNCCMCEIAgwDAhAihBGEALAAUMEIcBIIIAwVBFCECMKYQOIIAIYABQFinhFCANCACAEg0YBJ0A"], "date": ["2002-05-06"], "genre": ["Rock"], "musicbrainz album release country": ["US"], "album": ["There Is No Beginning to the Story"], "musicbrainz_artistid": ["78f797e3-4913-4026-aad0-1cd858bd735b"], "asin": ["B000066AQH"], "musicbrainz_albumid": ["d8e962f1-1b5c-4b99-918f-d09ce7829403"], "artist": ["Bright Eyes"], "artistsort": ["Bright Eyes"], "tracknumber": ["3/5"], "label": ["Saddle Creek Records"], "albumartistsort": ["Bright Eyes", "Bright Eyes"], "acoustid_id": ["1a477175-6f74-497a-afc0-44a70293f03b"], "script": ["Latn"], "musicbrainz_releasegroupid": ["fb515f5a-d540-3ce1-bd3c-b79922f504f6"]}}, "rhythm": {"bpm_histogram_first_peak_bpm": {"dmean2": 0, "median": 126, "min": 126, "dvar2": 0, "dvar": 0, "dmean": 0, "max": 126, "var": 0, "mean": 126}, "bpm": 126.314346313, "bpm_histogram_second_peak_spread": {"dmean2": 0, "median": 0.58064520359, "min": 0.58064520359, "dvar2": 0, "dvar": 0, "dmean": 0, "max": 0.58064520359, "var": 0, "mean": 0.58064520359}, "bpm_histogram_first_peak_weight": {"dmean2": 0, "median": 0.513321518898, "min": 0.513321518898, "dvar2": 0, "dvar": 0, "dmean": 0, "max": 0.513321518898, "var": 0, "mean": 0.513321518898}, "onset_rate": 2.80638694763, "beats_position": [0.487619042397, 0.975238084793, 1.46285712719, 1.95047616959, 2.4497051239, 2.97215414047, 3.48299312592, 3.99383211136, 4.53950119019, 5.08516979218, 5.64244890213, 6.19972801208, 6.7570066452, 7.31428575516, 7.85995435715, 8.40562343597, 8.96290206909, 9.52018165588, 10.077460289, 10.6347389221, 11.1920175552, 11.749297142, 12.2833557129, 12.8174142838, 13.3630838394, 13.8507022858, 14.3267116547, 14.8607711792, 15.3948297501, 15.9404983521, 16.4861679077, 17.0202255249, 17.5542850494, 18.0767345428, 18.5991840363, 19.1216316223, 19.6092510223, 20.0852603912, 20.5612697601, 21.037279129, 21.5248966217, 22.0009059906, 22.5465755463, 23.0922451019, 23.6379127502, 24.1835823059, 24.7292518616, 25.286529541, 25.8321990967, 26.3662586212, 26.865486145, 27.3647155762, 27.8523349762, 28.3515644073, 28.8391838074, 29.3268013, 29.8028106689, 30.290430069, 30.7664394379, 31.2424488068, 31.7184581757, 32.2060775757, 32.6820869446, 33.1580963135, 33.6224937439, 34.0985031128, 34.5629005432, 35.0273017883, 35.4916992188, 35.9677085876, 36.4437179565, 36.9197273254, 37.4073448181, 37.8949661255, 38.3825836182, 38.8585929871, 39.334602356, 39.8106117249, 40.2750091553, 40.7394104004, 41.2038078308, 41.6798171997, 42.1674385071, 42.6550559998, 43.1310653687, 43.6070747375, 44.071472168, 44.5358734131, 45.011882782, 45.4878921509, 45.9638977051, 46.4282989502, 46.9043083191, 47.3687057495, 47.8447151184, 48.3207244873, 48.80834198, 49.2959632874, 49.78358078, 50.2479820251, 50.7123794556, 51.1883888245, 51.6643981934, 52.1404075623, 52.6164169312, 53.0924263, 53.5568237305, 54.0328330994, 54.5088424683, 54.9848518372, 55.4492492676, 55.9136505127, 56.3896598816, 56.8656692505, 57.3416786194, 57.8176841736, 58.305305481, 58.7929229736, 59.2689323425, 59.7449417114, 60.2209510803, 60.6969604492, 61.1613578796, 61.6257591248, 62.1017684937, 62.5777778625, 63.0537872314, 63.5297966003, 64.0058059692, 64.4818115234, 64.9462127686, 65.4222183228, 65.8866195679, 66.3626327515, 66.8386383057, 67.3146438599, 67.7906570435, 68.2666625977, 68.7310638428, 69.2070770264, 69.6830825806, 70.1590881348, 70.6351013184, 71.1111068726, 71.5871200562, 72.0631256104, 72.5391387939, 73.0035324097, 73.4795455933, 73.9555511475, 74.4315643311, 74.9075698853, 75.3719711304, 75.8479766846, 76.3123779297, 76.7883911133, 77.2643966675, 77.7404098511, 78.2164154053, 78.6924285889, 79.1568222046, 79.6212234497, 80.0856246948, 80.5500183105, 81.0376434326, 81.5252609253, 82.012878418, 82.5004959106, 82.9881134033, 83.4641265869, 83.9401321411, 84.4161453247, 84.8921508789, 85.356552124, 85.8325576782, 86.3085708618, 86.784576416, 87.2605895996, 87.7365951538, 88.2009963989, 88.6770019531, 89.1646270752, 89.6522445679, 90.1398620605, 90.6274795532, 91.0918807983, 91.5562820435, 92.0206756592, 92.4966888428, 92.972694397, 93.4487075806, 93.9247131348, 94.3891143799, 94.8767318726, 95.3411331177, 95.8055343628, 96.281539917, 96.7575454712, 97.2335586548, 97.709564209, 98.1855773926, 98.6731948853, 99.1608123779, 99.6368255615, 100.101219177, 100.565620422, 101.041633606, 101.51763916, 101.993652344, 102.469657898, 102.934059143, 103.410064697, 103.89768219, 104.373695374, 104.849700928, 105.314102173, 105.790107727, 106.266120911, 106.742126465, 107.20652771, 107.682540894, 108.158546448, 108.634559631, 109.110565186, 109.574966431, 110.039360046, 110.503761292, 110.968162537, 111.455780029, 111.931785583, 112.407798767, 112.89541626, 113.371429443, 113.847434998, 114.33505249, 114.811065674, 115.287071228, 115.763084412, 116.239089966, 116.715103149, 117.179496765, 117.655509949, 118.119903564, 118.58430481, 119.048706055, 119.536323547, 120.02394104, 120.499954224, 120.975959778, 121.440361023, 121.916366577, 122.392379761, 122.868385315, 123.344398499, 123.820404053, 124.296417236, 124.772422791, 125.248435974, 125.724441528, 126.188842773, 126.664848328, 127.140861511, 127.616867065, 128.092880249, 128.557281494, 129.033279419, 129.509292603, 129.985305786, 130.46131897, 130.937316895, 131.413330078, 131.889343262, 132.353744507, 132.818145752, 133.305755615, 133.781768799, 134.257781982, 134.745391846, 135.221405029, 135.697418213, 136.173416138, 136.649429321, 137.125442505, 137.601455688, 138.077453613, 138.541854858, 139.017868042, 139.482269287, 139.946670532, 140.422668457, 140.898681641, 141.363082886, 141.839096069, 142.303482056, 142.791107178, 143.267120361, 143.743133545, 144.21913147, 144.695144653, 145.182769775, 145.670379639, 146.169616699, 146.657226562, 147.133239746, 147.620864868, 148.108474731, 148.584487915, 149.037277222, 149.490066528, 149.954467773, 150.418869019, 150.883255005, 151.336044312, 151.812057495, 152.27645874, 152.740859985, 153.20526123, 153.669662476, 154.1456604, 154.621673584, 155.097686768, 155.573699951, 156.049697876, 156.52571106, 157.001724243, 157.477722168, 157.96534729, 158.441360474, 158.928970337, 159.404983521, 159.892608643, 160.368606567, 160.844619751, 161.320632935, 161.808258057, 162.272644043, 162.748657227, 163.213058472, 163.700683594, 164.188293457, 164.664306641, 165.117095947, 165.593109131, 166.057495117, 166.533508301, 166.997909546, 167.462310791, 167.926712036, 168.40272522, 168.878723145, 169.366348267, 169.84236145, 170.318359375, 170.794372559, 171.270385742, 171.746398926, 172.222396851, 172.698410034, 173.174423218, 173.650421143, 174.114822388, 174.590835571, 175.066848755, 175.54284668, 176.007247925, 176.494873047, 176.959274292, 177.423675537, 177.899673462, 178.375686646, 178.840087891, 179.316101074, 179.792098999, 180.268112183, 180.744125366, 181.22013855, 181.696136475, 182.16053772, 182.636550903, 183.112564087, 183.588562012, 184.064575195, 184.552200317, 185.028198242, 185.504211426, 185.980224609, 186.456237793, 186.920639038, 187.396636963, 187.872650146, 188.337051392, 188.801452637, 189.277450562, 189.753463745, 190.241088867, 190.72869873, 191.204711914, 191.680725098, 192.168334961, 192.644348145, 193.131973267, 193.596374512, 194.072372437, 194.54838562, 195.024398804, 195.488800049, 195.953201294, 196.41758728, 196.881988525, 197.346389771, 197.810791016, 198.286804199, 198.774414062, 199.250427246, 199.738052368, 200.225662231, 200.701675415, 201.177688599, 201.653686523, 202.129699707, 202.605712891, 203.081726074, 203.546112061, 204.010513306, 204.486526489, 204.962539673, 205.438537598, 205.914550781, 206.390563965, 206.866577148, 207.342575073, 207.830200195, 208.306213379, 208.782211304, 209.246612549, 209.722625732, 210.198638916, 210.6746521, 211.139038086, 211.61505127, 212.091064453, 212.555465698, 213.031463623, 213.495864868, 213.971878052, 214.459503174, 214.935501099, 215.411514282, 215.875915527, 216.340316772, 216.804718018, 217.280715942, 217.756729126, 218.23274231, 218.708755493, 219.173141479, 219.637542725, 220.113555908, 220.589569092, 221.065567017, 221.5415802, 222.017593384, 222.493606567, 222.969604492, 223.445617676, 223.921630859, 224.397644043, 224.873641968, 225.349655151, 225.837280273, 226.324890137, 226.80090332, 227.276916504, 227.752914429, 228.228927612, 228.693328857, 229.169342041, 229.645339966, 230.121353149, 230.597366333, 231.084991455, 231.549377441, 232.013778687, 232.48979187, 232.977416992, 233.453414917, 233.929428101, 234.405441284, 234.869842529, 235.334228516, 235.821853638, 236.297866821, 236.773880005, 237.24987793, 237.725891113, 238.190292358, 238.666305542, 239.142303467, 239.606704712, 240.082717896, 240.547119141, 241.023132324, 241.487518311, 241.963531494, 242.427932739, 242.903945923, 243.379943848, 243.855957031, 244.331970215, 244.807983398, 245.272369385, 245.73677063, 246.224395752, 246.712020874, 247.188018799, 247.664031982, 248.128433228, 248.592834473, 249.080444336, 249.568069458, 250.05569458, 250.531692505, 251.019317627, 251.495330811, 251.982940674, 252.470565796, 252.911743164, 253.352920532, 253.7940979, 254.235275269, 254.676452637, 255.129241943, 255.58203125, 256.034820557, 256.487609863, 256.94039917, 257.393188477, 257.834381104, 258.28717041, 258.763183594, 259.22756958, 259.691955566, 260.284088135, 260.876190186, 261.456695557, 262.060394287, 262.664123535, 263.337493896, 263.999267578, 264.672637939, 265.346038818, 266.007781982, 266.669555664, 267.331329346, 267.981506348, 268.643249512, 269.293426514, 269.955200195, 270.675018311, 271.394836426, 272.114654541, 272.834472656, 273.554290771, 274.274108887], "beats_loudness": {"dmean2": 0.0384363681078, "median": 0.0318203940988, "min": 1.02552812677e-05, "dvar2": 0.00101107067894, "dvar": 0.000308987975586, "dmean": 0.0207445435226, "max": 0.105116441846, "var": 0.000511592661496, "mean": 0.0336799547076}, "danceability": 1.07506978512, "bpm_histogram_second_peak_weight": {"dmean2": 0, "median": 0.0230905860662, "min": 0.0230905860662, "dvar2": 0, "dvar": 0, "dmean": 0, "max": 0.0230905860662, "var": 0, "mean": 0.0230905860662}, "beats_count": 564, "bpm_histogram_second_peak_bpm": {"dmean2": 0, "median": 110, "min": 110, "dvar2": 0, "dvar": 0, "dmean": 0, "max": 110, "var": 0, "mean": 110}, "bpm_histogram_first_peak_spread": {"dmean2": 0, "median": 0.40041488409, "min": 0.40041488409, "dvar2": 0, "dvar": 0, "dmean": 0, "max": 0.40041488409, "var": 0, "mean": 0.40041488409}, "beats_loudness_band_ratio": {"dmean2": [0.391646742821, 0.233350813389, 0.29147323966, 0.18137909472, 0.0605648905039, 0.0635452494025], "median": [0.503420233727, 0.141923636198, 0.140809476376, 0.0622982978821, 0.0227661747485, 0.00619117356837], "min": [0.000131697117467, 0.000137453913339, 0.00145583727863, 0.00067449384369, 0.000472746178275, 6.00353378104e-05], "dvar2": [0.0881486982107, 0.0468390546739, 0.0599987246096, 0.0471379160881, 0.00651169149205, 0.0330327935517], "dvar": [0.031223077327, 0.017059892416, 0.0217785350978, 0.0167820975184, 0.00239799614064, 0.0116273704916], "dmean": [0.224933758378, 0.134707048535, 0.164753347635, 0.102779313922, 0.0343353971839, 0.0331283733249], "max": [0.974761903286, 0.822509288788, 0.798422932625, 0.783674895763, 0.566377878189, 0.979315638542], "var": [0.0682792812586, 0.023159481585, 0.0311236381531, 0.0184182357043, 0.00288195442408, 0.00794318318367], "mean": [0.484924376011, 0.185539424419, 0.204207420349, 0.11523835361, 0.0399302728474, 0.0241692755371]}}, "lowlevel": {"barkbands_spread": {"dmean2": 5.39503097534, "median": 10.5797843933, "min": 0.531189799309, "dvar2": 56.5929260254, "dvar": 31.2871170044, "dmean": 3.5477039814, "max": 109.97706604, "var": 122.585456848, "mean": 13.1103467941}, "melbands_spread": {"dmean2": 6.07983922958, "median": 11.840719223, "min": 0.535586357117, "dvar2": 76.8959121704, "dvar": 41.1705818176, "dmean": 3.95213079453, "max": 203.729812622, "var": 165.51701355, "mean": 14.3173685074}, "hfc": {"dmean2": 4.72821331024, "median": 9.76762008667, "min": 1.23755894342e-16, "dvar2": 46.3253059387, "dvar": 23.6048049927, "dmean": 3.31379318237, "max": 104.826644897, "var": 202.956634521, "mean": 14.1694145203}, "barkbands_kurtosis": {"dmean2": 5.55788087845, "median": 3.63421916962, "min": -1.93462979794, "dvar2": 88.9232025146, "dvar": 38.2671394348, "dmean": 3.47762846947, "max": 215.639007568, "var": 116.234680176, "mean": 6.46314764023}, "gfcc": {"mean": [-47.9477767944, 121.614585876, -106.624359131, 6.16205120087, -44.7765693665, 9.95651912689, -38.2700691223, 5.58084106445, -24.0887737274, -1.33076882362, -14.0825138092, -7.13019943237, -15.7490282059], "icov": [[0.000165957870195, -0.000194821201148, 0.000109703709313, -0.00035600719275, 0.000288731767796, -0.000293759949272, 0.000173585649463, -0.000419993943069, 0.000337237579515, -0.000263711030129, 0.00036624999484, -0.00011868418369, -4.10850998378e-06], [-0.000194821201148, 0.00142723950557, -0.00057916744845, 0.000753505330067, -0.00128181942273, 0.00142243644223, -0.00069987605093, 0.00113365519792, -0.000641875201836, 0.000841514673084, -0.0019223872805, 0.00106064300053, -0.000696471659467], [0.000109703709313, -0.00057916744845, 0.00150218291674, -0.000836244609673, -3.12591255351e-05, -0.0014447333524, 0.000964399194345, -0.000475439097499, 0.000970759254415, -0.000895122648217, 0.00107078067958, -0.00108031881973, 0.000833856291138], [-0.00035600719275, 0.000753505330067, -0.000836244609673, 0.00303736026399, -0.000783323135693, 0.000980599899776, -7.85472293501e-05, 0.00175836286508, -0.00127383356448, 0.000881489133462, -0.00150149420369, 0.000726212514564, -0.0018608981045], [0.000288731767796, -0.00128181942273, -3.12591255351e-05, -0.000783323135693, 0.00457744719461, -0.000564116111491, 0.000100684323115, -0.000208308134461, -0.000383159669582, -0.000653931521811, 0.00111691874918, -0.000373616610887, -0.000799399800599], [-0.000293759949272, 0.00142243644223, -0.0014447333524, 0.000980599899776, -0.000564116111491, 0.00641970848665, -0.00163335341495, 0.00046710218885, -0.000913086521905, -0.000101493438706, -0.00126402510796, 0.000586267735343, -0.000260496861301], [0.000173585649463, -0.00069987605093, 0.000964399194345, -7.85472293501e-05, 0.000100684323115, -0.00163335341495, 0.00381852593273, -0.000668787281029, -0.000107905849291, 7.28874874767e-05, 0.000869510637131, -0.000809227407444, 8.18724947749e-05], [-0.000419993943069, 0.00113365519792, -0.000475439097499, 0.00175836286508, -0.000208308134461, 0.00046710218885, -0.000668787281029, 0.00783917773515, -0.00199381285347, 0.000398453616071, -0.00237760785967, 0.00048559208517, -0.000745738158002], [0.000337237579515, -0.000641875201836, 0.000970759254415, -0.00127383356448, -0.000383159669582, -0.000913086521905, -0.000107905849291, -0.00199381285347, 0.009017678909, -0.00324343168177, 0.00157187099103, -0.000891896022949, 0.000549548247363], [-0.000263711030129, 0.000841514673084, -0.000895122648217, 0.000881489133462, -0.000653931521811, -0.000101493438706, 7.28874874767e-05, 0.000398453616071, -0.00324343168177, 0.0103028267622, -0.00257750437595, 0.000793089275248, -0.00160885322839], [0.00036624999484, -0.0019223872805, 0.00107078067958, -0.00150149420369, 0.00111691874918, -0.00126402510796, 0.000869510637131, -0.00237760785967, 0.00157187099103, -0.00257750437595, 0.0122510865331, -0.00307892798446, 0.00089568720432], [-0.00011868418369, 0.00106064300053, -0.00108031881973, 0.000726212514564, -0.000373616610887, 0.000586267735343, -0.000809227407444, 0.00048559208517, -0.000891896022949, 0.000793089275248, -0.00307892798446, 0.0117527907714, -0.00368159846403], [-4.10850998378e-06, -0.000696471659467, 0.000833856291138, -0.0018608981045, -0.000799399800599, -0.000260496861301, 8.18724947749e-05, -0.000745738158002, 0.000549548247363, -0.00160885322839, 0.00089568720432, -0.00368159846403, 0.014152860269]], "cov": [[10976.7978516, -241.008972168, 587.820739746, 1003.0333252, -473.914398193, 315.611968994, -459.774749756, 290.299133301, -211.397247314, 164.491424561, -65.7608032227, 46.1184043884, 128.640579224], [-241.008972168, 1994.71289062, 137.578109741, 11.3720207214, 493.880737305, -293.404327393, 124.728347778, -186.548492432, 31.2983398438, -59.655090332, 153.647720337, -54.8425064087, 71.4383621216], [587.820739746, 137.578109741, 1301.49890137, 313.19921875, 104.756469727, 175.419128418, -244.693908691, -34.8562698364, -61.375415802, 75.3453674316, -13.4232587814, 62.271156311, 8.16162872314], [1003.0333252, 11.3720207214, 313.19921875, 624.465087891, 63.3396377563, 3.0604596138, -122.546058655, -67.1135025024, 7.40729141235, 21.7060165405, 14.8109321594, 21.0427341461, 72.0289077759], [-473.914398193, 493.880737305, 104.756469727, 63.3396377563, 392.342041016, -56.2062187195, 35.2143516541, -65.7358016968, 41.7558517456, 3.86107945442, 25.7180767059, -0.810144543648, 40.7608451843], [315.611968994, -293.404327393, 175.419128418, 3.0604596138, -56.2062187195, 266.122344971, 18.5323467255, 44.9298858643, 2.69838213921, 37.7018241882, -17.099603653, 20.0659923553, -9.81315326691], [-459.774749756, 124.728347778, -244.693908691, -122.546058655, 35.2143516541, 18.5323467255, 374.714538574, 14.19972229, 37.9131011963, -20.0411720276, 5.54147863388, 0.676136136055, 1.29376530647], [290.299133301, -186.548492432, -34.8562698364, -67.1135025024, -65.7358016968, 44.9298858643, 14.19972229, 185.021728516, 20.6272735596, 21.0592212677, 7.09735918045, 10.0463905334, -5.32852935791], [-211.397247314, 31.2983398438, -61.375415802, 7.40729141235, 41.7558517456, 2.69838213921, 37.9131011963, 20.6272735596, 147.970108032, 36.3754615784, 4.46495485306, 4.54078149796, 8.63271522522], [164.491424561, -59.655090332, 75.3453674316, 21.7060165405, 3.86107945442, 37.7018241882, -20.0411720276, 21.0592212677, 36.3754615784, 127.032012939, 14.6434984207, 10.5659379959, 12.5144872665], [-65.7608032227, 153.647720337, -13.4232587814, 14.8109321594, 25.7180767059, -17.099603653, 5.54147863388, 7.09735918045, 4.46495485306, 14.6434984207, 113.705596924, 17.5447750092, 10.6192827225], [46.1184043884, -54.8425064087, 62.271156311, 21.0427341461, -0.810144543648, 20.0659923553, 0.676136136055, 10.0463905334, 4.54078149796, 10.5659379959, 17.5447750092, 105.46710968, 24.6112174988], [128.640579224, 71.4383621216, 8.16162872314, 72.0289077759, 40.7608451843, -9.81315326691, 1.29376530647, -5.32852935791, 8.63271522522, 12.5144872665, 10.6192827225, 24.6112174988, 91.8507919312]]}, "spectral_energyband_middle_low": {"dmean2": 0.00934432726353, "median": 0.0113945100456, "min": 3.19485713119e-22, "dvar2": 0.000170199753484, "dvar": 7.50360559323e-05, "dmean": 0.00592803955078, "max": 0.111113399267, "var": 0.000216435990296, "mean": 0.0155511787161}, "melbands_crest": {"dmean2": 5.78689098358, "median": 13.5055150986, "min": 2.04851698875, "dvar2": 24.5467529297, "dvar": 9.12179946899, "dmean": 3.49079108238, "max": 38.0542144775, "var": 22.9431819916, "mean": 14.051197052}, "spectral_kurtosis": {"dmean2": 5.24186325073, "median": 9.13143157959, "min": -1.38338375092, "dvar2": 42.7832832336, "dvar": 15.9386100769, "dmean": 3.22570848465, "max": 87.2651062012, "var": 81.4108200073, "mean": 11.091509819}, "spectral_rms": {"dmean2": 0.00109901337419, "median": 0.00476484745741, "min": 3.25521445736e-12, "dvar2": 1.26164457015e-06, "dvar": 5.68147811464e-07, "dmean": 0.000711172353476, "max": 0.0111131845042, "var": 4.66898609375e-06, "mean": 0.00466742971912}, "zerocrossingrate": {"dmean2": 0.00869314558804, "median": 0.03369140625, "min": 0.00341796875, "dvar2": 0.000170418061316, "dvar": 0.000174347573193, "dmean": 0.00737887062132, "max": 0.81982421875, "var": 0.00201009167358, "mean": 0.0426493138075}, "silence_rate_60dB": {"dmean2": 0.017896335572, "median": 0, "min": 0, "dvar2": 0.0196021981537, "dvar": 0.00886398367584, "dmean": 0.00894741248339, "max": 1, "var": 0.103483363986, "mean": 0.1172349751}, "erbbands_kurtosis": {"dmean2": 1.51897907257, "median": 0.115578055382, "min": -1.85317933559, "dvar2": 5.10222673416, "dvar": 2.07891750336, "dmean": 0.961240530014, "max": 46.6025085449, "var": 6.46393966675, "mean": 0.884334146976}, "erbbands": {"dmean2": [0.153077021241, 0.650425136089, 3.09794783592, 10.3740901947, 17.2563610077, 10.2291507721, 8.47237682343, 12.5041942596, 19.4276981354, 33.8608589172, 36.2082710266, 31.6763534546, 28.8761920929, 25.0604057312, 24.7119922638, 25.44490242, 22.2890033722, 18.5583534241, 13.9094276428, 11.2532539368, 7.88700056076, 5.43901348114, 4.17077636719, 2.40381026268, 2.86995053291, 2.21787595749, 1.01061403751, 0.865164577961, 0.702604830265, 0.719555914402, 0.748657464981, 1.04501926899, 0.523971676826, 0.396237015724, 0.230705991387, 0.099482357502, 0.0222451370209, 0.00275088916533, 0.000412453606259, 4.8363035603e-05], "median": [0.0329230129719, 0.329185068607, 1.7655582428, 5.43450164795, 7.91224479675, 5.93819618225, 4.95855140686, 6.7358751297, 9.48700809479, 13.5373001099, 9.29969406128, 7.38709831238, 6.44034481049, 6.78244018555, 9.54688835144, 9.26831626892, 9.38712310791, 7.89611434937, 6.57112121582, 5.95758724213, 4.65556049347, 3.47412490845, 2.43604040146, 1.54610109329, 1.26083660126, 0.974226593971, 0.439807295799, 0.260332882404, 0.19035628438, 0.203814327717, 0.196975409985, 0.148575246334, 0.103239715099, 0.0597002245486, 0.0432571582496, 0.0160987861454, 0.0038463412784, 0.000554342172109, 6.61821832182e-05, 3.74598021153e-05], "min": [1.0716679184e-21, 4.44620969137e-21, 2.02246402939e-20, 5.87304051026e-20, 3.69985512598e-20, 4.93222757665e-20, 1.47237425251e-19, 5.21979349156e-19, 6.59177696903e-19, 5.94286308426e-19, 3.9738953454e-19, 1.1780834497e-18, 1.55641052947e-18, 2.08049924089e-18, 3.01523111746e-18, 1.33922236893e-18, 3.76867829777e-18, 3.73056636464e-18, 5.69999365403e-18, 5.87528687431e-18, 8.5606336072e-18, 8.98988740555e-18, 1.10931479686e-17, 1.11799216964e-17, 1.17852392337e-17, 9.0461059087e-18, 1.36815433434e-17, 1.12452383591e-17, 1.55427749951e-17, 1.60132025356e-17, 1.58417015248e-17, 1.24680660761e-17, 1.46376938211e-17, 1.21323233916e-17, 9.35788517083e-18, 4.40117037263e-18, 2.54738251929e-18, 1.31103515558e-18, 3.5512779137e-19, 3.61440510688e-20], "dvar2": [0.086573548615, 1.22976112366, 24.5870342255, 287.914642334, 899.28894043, 270.292755127, 242.198364258, 626.953125, 2201.94165039, 8191.43115234, 11621.6142578, 12011.3330078, 13197.4365234, 10360.8769531, 6556.19628906, 6399.39013672, 5279.02099609, 2483.66186523, 1079.20910645, 786.542053223, 378.117370605, 144.563201904, 179.043731689, 129.900466919, 116.517021179, 42.3627281189, 11.6724882126, 12.3257160187, 6.54813814163, 7.56348514557, 9.69062519073, 78.0800552368, 3.07187247276, 3.04058265686, 1.07527887821, 0.198280796409, 0.0070780524984, 9.11226306926e-05, 1.32447087253e-06, 1.99116652055e-08], "dvar": [0.0348785184324, 0.475477308035, 8.69393539429, 103.248504639, 411.439483643, 111.038635254, 102.886657715, 268.359130859, 960.739868164, 3400.56689453, 4965.40332031, 5739.16699219, 6054.45751953, 4161.09033203, 2777.04443359, 3109.93139648, 2303.96044922, 1159.54370117, 491.297546387, 357.994232178, 171.063598633, 66.213722229, 72.654006958, 51.0363807678, 47.1947898865, 18.7597465515, 4.93441820145, 5.01352310181, 3.24911141396, 3.30572152138, 4.17731285095, 27.3517589569, 1.59332716465, 1.39750003815, 0.523928999901, 0.0992593690753, 0.00341187324375, 4.64075565105e-05, 6.80109621953e-07, 1.02966435378e-08], "dmean": [0.0986126810312, 0.391952425241, 1.84206449986, 6.19910049438, 10.6935815811, 6.30115175247, 5.40767860413, 7.98213005066, 12.4861268997, 21.9616603851, 23.5725784302, 21.590133667, 20.0302371979, 16.4009361267, 16.159406662, 16.7907390594, 14.7412605286, 12.2157087326, 8.94282531738, 7.19486713409, 5.0208067894, 3.54506421089, 2.68763971329, 1.54371786118, 1.92023575306, 1.48867356777, 0.647138357162, 0.561785757542, 0.473563939333, 0.489573866129, 0.510720252991, 0.701924145222, 0.363606989384, 0.27651283145, 0.164462953806, 0.0703432038426, 0.0159702301025, 0.0019991225563, 0.000298994476907, 3.46719498339e-05], "max": [1.99097692966, 10.4277038574, 49.5820350647, 154.094421387, 257.973510742, 238.841110229, 317.618103027, 406.819122314, 1002.57623291, 1195.36193848, 1544.41125488, 2159.12036133, 2480.234375, 3127.32006836, 1980.36657715, 2755.01074219, 1554.61730957, 1093.6739502, 603.270385742, 583.619750977, 873.206726074, 302.639678955, 433.166046143, 556.829040527, 306.910797119, 190.219543457, 80.2256393433, 100.467308044, 90.4562988281, 49.5950927734, 89.3334197998, 275.281036377, 39.9934501648, 60.3427085876, 41.347858429, 18.7696533203, 2.58908081055, 0.277614146471, 0.0181328617036, 0.00176820822526], "var": [0.0503225401044, 0.768932700157, 13.023144722, 138.76612854, 578.161437988, 250.913070679, 334.786529541, 752.706359863, 2049.92626953, 6415.52880859, 10647.6308594, 11830.5107422, 17507.5566406, 14117.2236328, 10190.5791016, 10162.5664062, 5879.04394531, 2961.87744141, 1261.64831543, 917.501953125, 510.950469971, 242.532348633, 139.827911377, 66.4407424927, 104.968612671, 55.0966529846, 12.0182332993, 10.4243965149, 8.28941249847, 7.48995828629, 10.207570076, 54.2593193054, 4.69868803024, 4.40815448761, 1.96150875092, 0.311973690987, 0.010382684879, 0.000120655386127, 1.28226247398e-06, 1.68518248245e-08], "mean": [0.127177387476, 0.629298388958, 2.98634767532, 9.15993118286, 15.49147892, 10.8582220078, 10.7675991058, 16.020772934, 22.8326225281, 39.8078193665, 41.8741760254, 38.970741272, 40.5900497437, 33.9643058777, 35.1004371643, 34.6646194458, 28.5839824677, 23.6513576508, 17.6950416565, 14.3968286514, 10.807847023, 7.93107795715, 5.99149513245, 3.46072888374, 4.27509212494, 3.2771127224, 1.29803240299, 1.01954257488, 0.876488745213, 0.913295686245, 0.963521897793, 1.18746268749, 0.68025302887, 0.540200591087, 0.339288443327, 0.132818728685, 0.0297870393842, 0.00359330605716, 0.00046873226529, 6.98616859154e-05]}, "spectral_strongpeak": {"dmean2": 0.80066382885, "median": 0.445438861847, "min": 0, "dvar2": 1.5063533783, "dvar": 0.613433361053, "dmean": 0.480028361082, "max": 17.2680282593, "var": 1.59096312523, "mean": 0.919562518597}, "spectral_energy": {"dmean2": 0.012496303767, "median": 0.0232713632286, "min": 1.08613313838e-20, "dvar2": 0.000224228351726, "dvar": 9.78879907052e-05, "dmean": 0.00800249446183, "max": 0.126590430737, "var": 0.000440833100583, "mean": 0.0271153468639}, "average_loudness": 0.858003020287, "spectral_rolloff": {"dmean2": 475.680267334, "median": 645.99609375, "min": 86.1328125, "dvar2": 1166436.5, "dvar": 586432.8125, "dmean": 283.569152832, "max": 21382.4707031, "var": 2270555.75, "mean": 1003.69006348}, "spectral_centroid": {"dmean2": 215.964233398, "median": 695.41394043, "min": 129.555557251, "dvar2": 75026.4375, "dvar": 46129.2617188, "dmean": 142.897583008, "max": 11118.9921875, "var": 302404.09375, "mean": 811.27355957}, "pitch_salience": {"dmean2": 0.121439225972, "median": 0.566123366356, "min": 0.142416462302, "dvar2": 0.0113679049537, "dvar": 0.00422222865745, "dmean": 0.0738081932068, "max": 0.936958312988, "var": 0.0111355138943, "mean": 0.56158465147}, "spectral_energyband_middle_high": {"dmean2": 0.0020724022761, "median": 0.00218045129441, "min": 1.35773145036e-21, "dvar2": 2.29273264267e-05, "dvar": 1.11014278446e-05, "dmean": 0.00143383082468, "max": 0.0947663635015, "var": 7.43316340959e-05, "mean": 0.00472737336531}, "spectral_contrast_coeffs": {"dmean2": [0.0892422497272, 0.0729536935687, 0.0558676756918, 0.0475717782974, 0.0333528891206, 0.0255341082811], "median": [-0.617695689201, -0.716840863228, -0.769560873508, -0.768904149532, -0.787374854088, -0.809081196785], "min": [-0.965234398842, -0.993872106075, -0.982095658779, -0.96540594101, -0.959967255592, -0.961127698421], "dvar2": [0.00499641429633, 0.00353707489558, 0.00203455612063, 0.00138757971581, 0.000758904148825, 0.000552546931431], "dvar": [0.00197946187109, 0.00137149670627, 0.000823215930723, 0.000566963048186, 0.000332899566274, 0.000235594183323], "dmean": [0.0544531755149, 0.0444971732795, 0.0350242294371, 0.0294693186879, 0.0211897864938, 0.0162992402911], "max": [-0.269537717104, -0.428282469511, -0.370371878147, -0.520184397697, -0.584501206875, -0.567058146], "var": [0.0090715913102, 0.00592022854835, 0.00506941927597, 0.0031542556826, 0.0025630411692, 0.00203726044856], "mean": [-0.616319477558, -0.711663246155, -0.759364545345, -0.764019191265, -0.781414747238, -0.803664207458]}, "melbands_skewness": {"dmean2": 1.03295052052, "median": 2.32470607758, "min": -2.12504124641, "dvar2": 1.14042305946, "dvar": 0.496463209391, "dmean": 0.673482179642, "max": 14.3803462982, "var": 2.78154277802, "mean": 2.4848690033}, "spectral_spread": {"dmean2": 712721.9375, "median": 3287265, "min": 1042763.8125, "dvar2": 1059674980350.0, "dvar": 776331722752, "dmean": 523709.78125, "max": 41720752, "var": 4772555390980.0, "mean": 3835589.75}, "dissonance": {"dmean2":