{"tonal": {"thpcp": [1, 0.566316664219, 0.207219481468, 0.419498741627, 0.453351050615, 0.270404756069, 0.234591692686, 0.259662628174, 0.335964024067, 0.393732368946, 0.326877087355, 0.396148383617, 0.579511284828, 0.498375386, 0.32280215621, 0.378397464752, 0.41762149334, 0.336607664824, 0.310551434755, 0.279057949781, 0.216241136193, 0.201092123985, 0.192476823926, 0.164168968797, 0.195367500186, 0.1943012923, 0.13677342236, 0.169405445457, 0.178400665522, 0.152404561639, 0.25437232852, 0.275521099567, 0.151934668422, 0.099360331893, 0.0909409970045, 0.550541222095], "hpcp": {"dmean2": [0.384127289057, 0.3869805336, 0.29920783639, 0.319532603025, 0.344176083803, 0.302529066801, 0.275495052338, 0.246007636189, 0.219390749931, 0.215064868331, 0.19676887989, 0.14444026351, 0.122517779469, 0.116406083107, 0.099741101265, 0.13680742681, 0.1324981004, 0.108780033886, 0.146313905716, 0.154878184199, 0.106397271156, 0.07979234308, 0.0802758187056, 0.255866855383, 0.427760124207, 0.269525378942, 0.168222159147, 0.241027414799, 0.268386662006, 0.228272348642, 0.254253268242, 0.272177428007, 0.312744408846, 0.333863377571, 0.291051626205, 0.343421816826], "median": [0.0240131150931, 0.0269997902215, 0.0214671287686, 0.0174105297774, 0.017482355237, 0.0157991275191, 0.0161725953221, 0.0146926157176, 0.0107887219638, 0.00622706767172, 0.00557670975104, 0.00778700178489, 0.0111710689962, 0.0108459042385, 0.0125376721844, 0.0142780942842, 0.0149811143056, 0.0124619556591, 0.0131130600348, 0.0122537566349, 0.00922526232898, 0.0058907433413, 0.00542227178812, 0.0633518323302, 0.104392282665, 0.0830629244447, 0.0129795260727, 0.0230463258922, 0.0229639858007, 0.0143298087642, 0.00655471673235, 0.00738908117637, 0.00756467832252, 0.0061441110447, 0.00933272857219, 0.0154579207301], "min": [0, 0, 0, 0, 0, 0, 0, 0, 0, 0, 0, 0, 0, 0, 0, 0, 0, 0, 0, 0, 0, 0, 0, 0, 0, 0, 0, 0, 0, 0, 0, 0, 0, 0, 0, 0], "dvar2": [0.221913233399, 0.240053281188, 0.187416270375, 0.204978108406, 0.215126097202, 0.191876113415, 0.166071534157, 0.159867331386, 0.157257467508, 0.160623222589, 0.128378540277, 0.0709307342768, 0.0565126761794, 0.0594028346241, 0.0413149185479, 0.0705735608935, 0.0647177323699, 0.0561826005578, 0.083062723279, 0.0985727459192, 0.0608550347388, 0.0455405265093, 0.0465772710741, 0.102146707475, 0.217009201646, 0.0995227694511, 0.110184669495, 0.137368753552, 0.159005835652, 0.151031374931, 0.204635947943, 0.221740573645, 0.218270272017, 0.234443038702, 0.195665553212, 0.215644299984], "dvar": [0.10257782042, 0.0913556069136, 0.0647410899401, 0.0743756070733, 0.0815842673182, 0.0689120367169, 0.0613124556839, 0.0592648610473, 0.055321212858, 0.056775636971, 0.0465848520398, 0.0260448995978, 0.0232472643256, 0.0249227713794, 0.0144992563874, 0.0259967781603, 0.0247342213988, 0.0195214617997, 0.0326936170459, 0.0400152876973, 0.0213749762625, 0.0159805007279, 0.016168506816, 0.0431517139077, 0.109716191888, 0.0416816622019, 0.0379420593381, 0.0563476495445, 0.0659111365676, 0.052115984261, 0.0690183266997, 0.0752351954579, 0.078533269465, 0.0903820693493, 0.0725043192506, 0.0804563388228], "dmean": [0.210878297687, 0.205246940255, 0.157815232873, 0.173157021403, 0.187153026462, 0.162128508091, 0.146712183952, 0.131129205227, 0.114515498281, 0.112275972962, 0.103849962354, 0.0777138024569, 0.0695488154888, 0.066183373332, 0.0552002191544, 0.0740149095654, 0.0724280700088, 0.060306224972, 0.0833163410425, 0.0878408551216, 0.0587693452835, 0.0436948612332, 0.0427995622158, 0.142357230186, 0.23932030797, 0.149436682463, 0.090985417366, 0.136221557856, 0.148736089468, 0.121219351888, 0.131523564458, 0.142191499472, 0.170372143388, 0.18459379673, 0.157524868846, 0.187655329704], "max": [1, 1, 1, 1, 1, 1, 1, 1, 1, 1, 1, 1, 1, 1, 1, 1, 1, 1, 1, 1, 1, 1, 1, 1, 1, 1, 1, 1, 1, 1, 1, 1, 1, 1, 1, 1], "var": [0.110902585089, 0.0834165588021, 0.0443818606436, 0.0592412799597, 0.0682831704617, 0.0491939634085, 0.0443643480539, 0.0427361913025, 0.0331918559968, 0.0339860841632, 0.0294655952603, 0.0178001783788, 0.0233143996447, 0.0266116019338, 0.0103889303282, 0.0193979255855, 0.0203887596726, 0.0134531436488, 0.0373721793294, 0.0481282994151, 0.0154463099316, 0.0105656534433, 0.0100457714871, 0.0479588881135, 0.154762491584, 0.046159606427, 0.0265688057989, 0.064727909863, 0.0769104063511, 0.0373643785715, 0.0434132926166, 0.0475491881371, 0.0574678406119, 0.073431558907, 0.0534577183425, 0.0642830729485], "mean": [0.19428204, 0.167081102729, 0.108219906688, 0.126858323812, 0.140008240938, 0.112848229706, 0.104112833738, 0.0935546010733, 0.0724951699376, 0.0674164369702, 0.064528144896, 0.0550378970802, 0.0654972493649, 0.0651398003101, 0.0458534955978, 0.0567934289575, 0.0598090924323, 0.0510938577354, 0.085278712213, 0.092368863523, 0.0509363263845, 0.0333107002079, 0.0304881073534, 0.184569776058, 0.335251510143, 0.189858525991, 0.0694706439972, 0.140637591481, 0.151986628771, 0.0906535983086, 0.0786472186446, 0.0870522856712, 0.112632445991, 0.131999373436, 0.109586037695, 0.132809340954]}, "tuning_equal_tempered_deviation": 0.159056827426, "chords_changes_rate": 0.072874493897, "key_key": "A#", "tuning_diatonic_strength": 0.33932197094, "key_scale": "minor", "chords_number_rate": 0.00154231733177, "tuning_frequency": 434.193115234, "tuning_nontempered_energy_ratio": 0.810029685497, "chords_histogram": [0.327742427588, 0.867553472519, 3.48949289322, 0, 0, 0, 1.04106414318, 28.4171962738, 18.0065555573, 0, 0, 0, 0.250626564026, 0.134952768683, 0.269905537367, 4.97397327423, 16.8883743286, 0, 0, 0, 0.501253128052, 6.16926956177, 18.180065155, 0.481974154711], "key_strength": 0.540259838104, "chords_key": "A#", "chords_strength": {"dmean2": 0.0143273435533, "median": 0.49279910326, "min": 0.229323759675, "dvar2": 0.000140323099913, "dvar": 9.0346307843e-05, "dmean": 0.0119203077629, "max": 0.774786114693, "var": 0.00949340872467, "mean": 0.493036597967}, "chords_scale": "major", "hpcp_entropy": {"dmean2": 1.29273319244, "median": 2.34611153603, "min": 0, "dvar2": 0.989683270454, "dvar": 0.368255823851, "dmean": 0.758652746677, "max": 4.76033782959, "var": 0.776304244995, "mean": 2.40698933601}}, "metadata": {"audio_properties": {"equal_loudness": 0, "codec": "mp3", "downmix": "mix", "sample_rate": 44100, "analysis_sample_rate": 44100, "bit_rate": 192021, "md5_encoded": "617faf7ecccbb2bb143a665720da713c", "length": 240.822860718, "replay_gain": -12.8744697571, "lossless": false}, "version": {"essentia_build_sha": "70f2e5ece6736b2c40cc944ad0e695b16b925413", "essentia": "2.1-beta2", "extractor": "music 1.0", "essentia_git_sha": "v2.1_beta2"}, "tags": {"title": ["Drome"], "language": ["eng"], "media": ["CD"], "albumartist": ["Various Artists"], "musicbrainz_recordingid": ["13a580fe-4b60-417b-b963-dd204b5bd5f5"], "musicbrainz_albumartistid": ["89ad4ac3-39f7-470e-963a-56509c546377"], "discnumber": ["1/2"], "album": ["Fuse: Ten Years Techno Music"], "catalognumber": ["541416 501190"], "musicbrainz album release country": ["BE"], "musicbrainz album type": ["album", "compilation"], "musicbrainz album status": ["official"], "file_name": "1-07 Joey Beltram - Drome.mp3", "originaldate": ["2004-03-29"], "date": ["2004-03-29"], "genre": ["Techno"], "musicbrainz_releasegroupid": ["e9ed574f-b80f-3747-a7bc-fb31a48cba8e"], "script": ["Latn"], "asin": ["B00020X25I"], "musicbrainz_albumid": ["1d2e8c45-415d-495c-9183-3dc322d7f7d2"], "artist": ["Joey Beltram"], "artistsort": ["Beltram, Joey"], "tracknumber": ["7/11"], "label": ["541"], "albumartistsort": ["Various Artists"], "musicbrainz_artistid": ["5330d6d0-711b-415b-93e4-071e46d0d5f2"]}}, "rhythm": {"bpm_histogram_first_peak_bpm": {"dmean2": 0, "median": 71, "min": 71, "dvar2": 0, "dvar": 0, "dmean": 0, "max": 71, "var": 0, "mean": 71}, "bpm": 70.3794021606, "bpm_histogram_second_peak_spread": {"dmean2": 0, "median": 0.296875, "min": 0.296875, "dvar2": 0, "dvar": 0, "dmean": 0, "max": 0.296875, "var": 0, "mean": 0.296875}, "bpm_histogram_first_peak_weight": {"dmean2": 0, "median": 0.741324961185, "min": 0.741324961185, "dvar2": 0, "dvar": 0, "dmean": 0, "max": 0.741324961185, "var": 0, "mean": 0.741324961185}, "onset_rate": 5.56807279587, "beats_position": [0.49922901392, 0.952018141747, 1.38158726692, 1.8111563921, 2.24072551727, 2.67029476166, 3.08825397491, 3.51782298088, 3.94739222527, 4.3653512001, 4.79492044449, 5.22448968887, 5.65405893326, 6.08362817764, 6.5015873909, 6.91954612732, 7.3491153717, 7.77868461609, 8.19664382935, 8.62621307373, 9.05578231812, 9.47374153137, 9.90331077576, 10.3328800201, 10.7508392334, 11.1804075241, 11.6099767685, 12.0395460129, 12.4691152573, 12.8870744705, 13.3166437149, 13.7462129593, 14.1641721725, 14.5937414169, 15.0233106613, 15.4412698746, 15.870839119, 16.3004074097, 16.7183666229, 17.1479358673, 17.5775051117, 18.0070743561, 18.4366436005, 18.8546028137, 19.2841720581, 19.7137413025, 20.1317005157, 20.5612697601, 20.9908390045, 21.4087982178, 21.8383674622, 22.2679367065, 22.6858959198, 23.1154651642, 23.5450344086, 23.974603653, 24.40417099, 24.8221302032, 25.2516994476, 25.681268692, 26.0992279053, 26.5287971497, 26.958366394, 27.3763256073, 27.8058948517, 28.2238540649, 28.7579135895, 29.291973114, 29.9305210114, 30.5690689087, 31.3237190247, 32.0667572021, 32.9258956909, 33.7734222412, 34.6209526062, 35.480091095, 36.3392295837, 37.186756134, 38.034286499, 38.8934249878, 39.7409515381, 40.5884780884, 41.4476165771, 42.3067550659, 43.1542854309, 44.0018119812, 44.86095047, 45.708480835, 46.5560073853, 47.415145874, 48.2742843628, 49.1218147278, 49.9693412781, 50.8284797668, 51.6760063171, 52.5235366821, 53.3826751709, 54.2418136597, 55.08934021, 55.936870575, 56.7960090637, 57.643535614, 58.491065979, 59.3502044678, 60.2093429565, 61.0568695068, 61.9043960571, 62.7635345459, 63.6226730347, 64.4818115234, 65.3177337646, 66.1768722534, 67.0360107422, 67.8835372925, 68.7310638428, 69.5902023315, 70.4493408203, 71.2968673706, 72.1444015503, 73.0035324097, 73.8510665894, 74.6985931396, 75.5577316284, 76.4052581787, 77.252784729, 78.1119232178, 78.9710617065, 79.8302001953, 80.6661224365, 81.5252609253, 82.3727874756, 83.2203140259, 84.0794525146, 84.9385910034, 85.7745132446, 86.6336517334, 87.4927902222, 88.3403167725, 89.1878433228, 90.0469818115, 90.8945083618, 91.7420425415, 92.6011810303, 93.460319519, 94.3078460693, 95.1553726196, 96.0145111084, 96.8736495972, 97.7327880859, 98.5803146362, 99.4278411865, 100.286979675, 101.122901917, 101.982040405, 102.841178894, 103.700317383, 104.547843933, 105.395370483, 106.254508972, 107.090431213, 107.949569702, 108.808708191, 109.66784668, 110.51537323, 111.36289978, 112.222038269, 113.069564819, 113.917098999, 114.776237488, 115.635368347, 116.482902527, 117.330429077, 118.189567566, 119.037094116, 119.884620667, 120.743759155, 121.602897644, 122.450431824, 123.297958374, 124.145484924, 124.993011475, 125.840545654, 126.688072205, 127.547210693, 128.406341553, 129.253875732, 130.101409912, 130.960540771, 131.808074951, 132.655593872, 133.51473999, 134.37387085, 135.221405029, 136.068939209, 136.928070068, 137.787200928, 138.634735107, 139.482269287, 140.329788208, 141.177322388, 142.036453247, 142.895599365, 143.754730225, 144.602264404, 145.449798584, 146.297317505, 147.144851685, 148.003982544, 148.863128662, 149.722259521, 150.58140564, 151.440536499, 152.288070679, 153.135604858, 153.994735718, 154.842269897, 155.689788818, 156.548934937, 157.408065796, 158.255599976, 159.103118896, 159.962265015, 160.809799194, 161.657318115, 162.516464233, 163.375595093, 164.223129272, 165.070648193, 165.929794312, 166.788925171, 167.636459351, 168.48399353, 169.34312439, 170.190658569, 171.03817749, 171.897323608, 172.756454468, 173.603988647, 174.451522827, 175.310653687, 176.158187866, 177.005706787, 177.853240967, 178.700775146, 179.559906006, 180.407440186, 181.254959106, 182.114105225, 182.973236084, 183.820770264, 184.668289185, 185.527435303, 186.386566162, 187.234100342, 188.081634521, 188.940765381, 189.799911499, 190.64743042, 191.4949646, 192.354095459, 193.213241577, 194.060760498, 194.908294678, 195.767440796, 196.626571655, 197.474105835, 198.321624756, 199.180770874, 200.028289795, 200.875823975, 201.734954834, 202.594100952, 203.441635132, 204.289154053, 205.148300171, 206.00743103, 206.85496521, 207.702484131, 208.561630249, 209.409164429, 210.25668335, 211.115829468, 211.974960327, 212.822494507, 213.670013428, 214.529159546, 215.376678467, 216.224212646, 217.083358765, 217.942489624, 218.790023804, 219.637542725, 220.496688843, 221.344207764, 222.191741943, 223.050872803, 223.910018921, 224.757553101, 225.605072021, 226.46421814, 227.311737061, 228.15927124, 229.0184021, 229.877548218, 230.725082397, 231.572601318, 232.443344116, 233.302490234, 234.126800537, 234.800170898, 235.473556519, 236.14692688, 236.808700562, 237.470474243, 238.143844604, 238.805618286, 239.479003906, 240.152374268], "beats_loudness": {"dmean2": 0.0269676465541, "median": 0.105616420507, "min": 4.97562041346e-07, "dvar2": 0.00107042072341, "dvar": 0.000481861148728, "dmean": 0.0152737470344, "max": 0.159631833434, "var": 0.00194202223793, "mean": 0.0909149944782}, "danceability": 1.47670376301, "bpm_histogram_second_peak_weight": {"dmean2": 0, "median": 0.141955837607, "min": 0.141955837607, "dvar2": 0, "dvar": 0, "dmean": 0, "max": 0.141955837607, "var": 0, "mean": 0.141955837607}, "beats_count": 318, "bpm_histogram_second_peak_bpm": {"dmean2": 0, "median": 140, "min": 140, "dvar2": 0, "dvar": 0, "dmean": 0, "max": 140, "var": 0, "mean": 140}, "bpm_histogram_first_peak_spread": {"dmean2": 0, "median": 0.00843876600266, "min": 0.00843876600266, "dvar2": 0, "dvar": 0, "dmean": 0, "max": 0.00843876600266, "var": 0, "mean": 0.00843876600266}, "beats_loudness_band_ratio": {"dmean2": [0.102552205324, 0.0276118088514, 0.0523872673512, 0.0541573427618, 0.0161368567497, 0.0273561142385], "median": [0.878043472767, 0.0134891737252, 0.0120593160391, 0.0371000319719, 0.0153795108199, 0.0147228259593], "min": [0.00169267051388, 0.000201803457458, 0.00106305500958, 0.000260698405327, 4.14291425841e-05, 1.62690139405e-05], "dvar2": [0.0369000062346, 0.00508416863158, 0.0130849834532, 0.0153695950285, 0.00085134775145, 0.00754025392234], "dvar": [0.0156446080655, 0.00154905510135, 0.00632605049759, 0.00639335578308, 0.000286274007522, 0.00248594069853], "dmean": [0.0576534494758, 0.0147856632248, 0.0316372700036, 0.0319626629353, 0.00941566284746, 0.0141545692459], "max": [0.994951844215, 0.416954427958, 0.883200347424, 0.952054560184, 0.185833722353, 0.595985531807], "var": [0.0843950659037, 0.00111017224845, 0.0349501259625, 0.0273197945207, 0.00062419247115, 0.00152567157056], "mean": [0.79361385107, 0.0190040655434, 0.0752387717366, 0.0758156105876, 0.0232413653284, 0.0184050537646]}}, "lowlevel": {"barkbands_spread": {"dmean2": 17.5593185425, "median": 11.9688491821, "min": 0.0484457984567, "dvar2": 525.268310547, "dvar": 276.885498047, "dmean": 11.404665947, "max": 114.497329712, "var": 459.316497803, "mean": 19.9236698151}, "melbands_spread": {"dmean2": 17.7804050446, "median": 9.13303565979, "min": 0.0965255349874, "dvar2": 950.905395508, "dvar": 473.432617188, "dmean": 11.4418230057, "max": 263.253692627, "var": 636.725463867, "mean": 17.2597312927}, "hfc": {"dmean2": 15.0347213745, "median": 7.49530029297, "min": 1.11876283727e-16, "dvar2": 389.116149902, "dvar": 173.888168335, "dmean": 9.79684829712, "max": 103.738121033, "var": 260.733886719, "mean": 14.0778932571}, "barkbands_kurtosis": {"dmean2": 59.1024131775, "median": 7.31950378418, "min": -1.94808900356, "dvar2": 28934.3710938, "dvar": 13601.7158203, "dmean": 38.8874359131, "max": 1852.85498047, "var": 21694.34375, "mean": 51.49974823}, "gfcc": {"mean": [-81.076675415, 93.8415985107, -94.4301757812, 46.02293396, -57.1330680847, 27.0213050842, -15.3046607971, 5.16868686676, -13.6059455872, 6.79040527344, -11.4227867126, 2.3050596714, -12.2407636642], "icov": [[0.000186814853805, -0.000169058417669, 0.000331301038386, -0.000594332697801, 0.000391923706047, -8.95954945008e-05, 0.000158990369528, -9.92336845229e-06, -0.000478928763187, 0.000544578768313, 0.000347250053892, -0.000310739938868, 0.000379818928195], [-0.000169058417669, 0.00269886897877, -0.00096570973983, 0.00189658650197, -0.000736689951736, 0.00121093203779, -0.000645477848593, 0.00202468177304, -0.000776207947638, 0.000638628902379, -0.00258004153147, 0.00434040557593, -0.00189421582036], [0.000331301038386, -0.00096570973983, 0.00222710077651, -0.00230495561846, 0.000692971516401, 0.000286704249447, -0.000116865616292, 0.000413082394516, -0.00210983562283, 0.00221414258704, -0.000200515380129, -0.0023042159155, 0.00181245233398], [-0.000594332697801, 0.00189658650197, -0.00230495561846, 0.00499993516132, -0.00270973728038, 0.000550636672415, 0.000757128058467, -0.0018582586199, 0.00195080193225, -0.00217501237057, 0.000647675886285, 0.00106022041291, -0.000405960861826], [0.000391923706047, -0.000736689951736, 0.000692971516401, -0.00270973728038, 0.004397532437, -0.00196260795929, -0.000730938103516, 0.000145977261127, -4.3659468929e-07, 0.00181595829781, -0.0013911172282, 0.00211561401375, -0.00367242400534], [-8.95954945008e-05, 0.00121093203779, 0.000286704249447, 0.000550636672415, -0.00196260795929, 0.00671899225563, -0.00257663987577, 0.00151335401461, -0.00266373879276, 0.00128991389647, 0.000287698116153, -0.00147545873187, 0.00204527773894], [0.000158990369528, -0.000645477848593, -0.000116865616292, 0.000757128058467, -0.000730938103516, -0.00257663987577, 0.00893287546933, -0.00335642276332, -0.000425839272793, -0.00342945894226, 0.00146844924893, 0.000947183580138, -0.000976227864157], [-9.92336845229e-06, 0.00202468177304, 0.000413082394516, -0.0018582586199, 0.000145977261127, 0.00151335401461, -0.00335642276332, 0.0190602447838, -0.0101474374533, 0.00208472739905, -0.00330600026064, 0.000905204273295, -0.000143977376865], [-0.000478928763187, -0.000776207947638, -0.00210983562283, 0.00195080193225, -4.3659468929e-07, -0.00266373879276, -0.000425839272793, -0.0101474374533, 0.0216456986964, -0.0100808879361, -0.00413792114705, 0.00741584831849, -0.00360383302905], [0.000544578768313, 0.000638628902379, 0.00221414258704, -0.00217501237057, 0.00181595829781, 0.00128991389647, -0.00342945894226, 0.00208472739905, -0.0100808879361, 0.022580254823, -0.0041514961049, -0.00960727315396, 0.00548824295402], [0.000347250053892, -0.00258004153147, -0.000200515380129, 0.000647675886285, -0.0013911172282, 0.000287698116153, 0.00146844924893, -0.00330600026064, -0.00413792114705, -0.0041514961049, 0.0171853080392, -0.00833423994482, 0.00257743918337], [-0.000310739938868, 0.00434040557593, -0.0023042159155, 0.00106022041291, 0.00211561401375, -0.00147545873187, 0.000947183580138, 0.000905204273295, 0.00741584831849, -0.00960727315396, -0.00833423994482, 0.0298496745527, -0.0139487264678], [0.000379818928195, -0.00189421582036, 0.00181245233398, -0.000405960861826, -0.00367242400534, 0.00204527773894, -0.000976227864157, -0.000143977376865, -0.00360383302905, 0.00548824295402, 0.00257743918337, -0.0139487264678, 0.0209491290152]], "cov": [[19135.7480469, -3314.4152832, -730.922790527, 2717.60546875, -1432.46337891, -5.49085330963, -940.621398926, 83.8467483521, -456.81652832, -272.59677124, -1051.0637207, 88.2822418213, -643.637268066], [-3314.4152832, 2196.9465332, 78.9032745361, -1204.52392578, 221.490936279, -205.99079895, 190.461044312, -150.967147827, 153.676345825, -88.2936782837, 291.68963623, -251.39932251, 141.637084961], [-730.922790527, 78.9032745361, 1200.36450195, 523.408935547, 207.20866394, -22.6318416595, 24.8936157227, 94.3085784912, 110.623176575, 14.2403650284, 104.05039978, 39.8349952698, -3.95903635025], [2717.60546875, -1204.52392578, 523.408935547, 1405.27111816, 190.877761841, 117.160072327, -132.331985474, 154.081680298, -56.5806541443, 8.84222984314, -169.594696045, 123.30431366, -68.4045181274], [-1432.46337891, 221.490936279, 207.20866394, 190.877761841, 739.140808105, 155.127044678, 150.486557007, 52.4170913696, 63.6060714722, -22.0424919128, 91.2660903931, -17.5274753571, 147.388442993], [-5.49085330963, -205.99079895, -22.6318416595, 117.160072327, 155.127044678, 261.571838379, 92.1251831055, 46.878868103, 42.8708953857, 29.9361991882, 2.25574111938, 24.8128795624, 7.7503156662], [-940.621398926, 190.461044312, 24.8936157227, -132.331985474, 150.486557007, 92.1251831055, 234.727432251, 59.0942192078, 97.5337677002, 59.6707649231, 82.4317245483, -7.53935098648, 44.2722587585], [83.8467483521, -150.967147827, 94.3085784912, 154.081680298, 52.4170913696, 46.878868103, 59.0942192078, 133.294174194, 85.4812927246, 53.7334403992, 40.5235748291, 24.7015609741, 0.0274489484727], [-456.81652832, 153.676345825, 110.623176575, -56.5806541443, 63.6060714722, 42.8708953857, 97.5337677002, 85.4812927246, 163.472732544, 74.9776916504, 100.66280365, -5.51221847534, 16.0319347382], [-272.59677124, -88.2936782837, 14.2403650284, 8.84222984314, -22.0424919128, 29.9361991882, 59.6707649231, 53.7334403992, 74.9776916504, 124.516860962, 67.4766311646, 49.1859703064, -3.01328897476], [-1051.0637207, 291.68963623, 104.05039978, -169.594696045, 91.2660903931, 2.25574111938, 82.4317245483, 40.5235748291, 100.66280365, 67.4766311646, 181.6847229, 17.5751667023, 42.0292549133], [88.2822418213, -251.39932251, 39.8349952698, 123.30431366, -17.5274753571, 24.8128795624, -7.53935098648, 24.7015609741, -5.51221847534, 49.1859703064, 17.5751667023, 104.151947021, 22.2863235474], [-643.637268066, 141.637084961, -3.95903635025, -68.4045181274, 147.388442993, 7.7503156662, 44.2722587585, 0.0274489484727, 16.0319347382, -3.01328897476, 42.0292549133, 22.2863235474, 111.58745575]]}, "spectral_energyband_middle_low": {"dmean2": 0.0175688713789, "median": 0.00242763548158, "min": 3.13952832057e-22, "dvar2": 0.00168587861117, "dvar": 0.000633852381725, "dmean": 0.0100949397311, "max": 0.145490661263, "var": 0.000452155072708, "mean": 0.00907629262656}, "melbands_crest": {"dmean2": 6.30028057098, "median": 20.9638118744, "min": 2.16707968712, "dvar2": 29.5783519745, "dvar": 12.0045642853, "dmean": 4.01441144943, "max": 39.8145675659, "var": 47.2906265259, "mean": 21.2132358551}, "spectral_kurtosis": {"dmean2": 5.3409113884, "median": 2.23408603668, "min": -1.19805538654, "dvar2": 128.970916748, "dvar": 52.2319107056, "dmean": 3.36353874207, "max": 155.449569702, "var": 221.253753662, "mean": 7.47201776505}, "spectral_rms": {"dmean2": 0.00153965316713, "median": 0.00434711761773, "min": 3.15735588716e-12, "dvar2": 4.99376483276e-06, "dvar": 2.53270013673e-06, "dmean": 0.00108361523598, "max": 0.0145949833095, "var": 1.03352585938e-05, "mean": 0.00490153580904}, "zerocrossingrate": {"dmean2": 0.019868304953, "median": 0.03564453125, "min": 0.00048828125, "dvar2": 0.00069124950096, "dvar": 0.000476870540297, "dmean": 0.0172880366445, "max": 0.5107421875, "var": 0.0014063899871, "mean": 0.0449516735971}, "silence_rate_60dB": {"dmean2": 0.113393113017, "median": 0, "min": 0, "dvar2": 0.109601169825, "dvar": 0.0534756183624, "dmean": 0.0566910915077, "max": 1, "var": 0.150708526373, "mean": 0.184903115034}, "erbbands_kurtosis": {"dmean2": 3.91505527496, "median": 0.010377407074, "min": -1.9182267189, "dvar2": 39.3367118835, "dvar": 17.9391994476, "dmean": 2.46097254753, "max": 53.5766563416, "var": 41.9341926575, "mean": 2.46868801117}, "erbbands": {"dmean2": [0.215947240591, 2.6707444191, 10.7680835724, 20.5159282684, 38.7594833374, 32.1097145081, 10.9780759811, 6.1817612648, 8.584649086, 12.5500068665, 11.8996515274, 7.64337921143, 9.95984268188, 8.67259025574, 6.86601305008, 9.195353508, 7.06359243393, 6.81832885742, 8.73285293579, 6.70396471024, 5.9453086853, 10.6039066315, 9.78388214111, 8.24571228027, 13.4894113541, 9.09954357147, 27.5115909576, 16.4051780701, 18.4966716766, 13.6613273621, 8.59549617767, 5.3131775856, 1.01973843575, 0.362767964602, 0.200129777193, 0.114965178072, 0.0299353338778, 0.00494944676757, 0.000265148992185, 2.95323970931e-05], "median": [0.0783376768231, 0.519573926926, 1.7073469162, 1.21494328976, 0.386240929365, 0.49293166399, 1.09230184555, 2.23271799088, 1.43997049332, 2.12371253967, 2.93202900887, 3.11136221886, 3.55279064178, 2.37345552444, 2.26548576355, 3.20505237579, 2.45031762123, 2.11921620369, 1.47286951542, 1.28047335148, 0.911383390427, 0.919536173344, 0.927349388599, 1.02975547314, 1.66542351246, 1.18709731102, 1.54315400124, 2.04430198669, 2.31975460052, 1.95437967777, 1.13390266895, 0.674013018608, 0.158338680863, 0.0605518557131, 0.0307839922607, 0.0152687691152, 0.00374073698185, 0.000418486422859, 3.97857475036e-05, 2.98763170576e-05], "min": [3.76556783008e-22, 4.81324846997e-21, 2.07929747671e-20, 2.74370090005e-20, 9.06804759823e-20, 4.38708970358e-20, 1.57771854696e-19, 2.40060686761e-19, 2.90059515489e-19, 7.31632566407e-19, 1.30387218506e-18, 8.7828496817e-19, 2.60488873586e-18, 1.67422131463e-18, 3.74427026585e-18, 2.73312799379e-18, 4.58129143256e-18, 3.82360763994e-18, 5.41718349773e-18, 7.04387884007e-18, 8.18613254795e-18, 9.45457927571e-18, 1.07065419482e-17, 8.3663462521e-18, 1.03296859058e-17, 1.24805697382e-17, 1.39268760141e-17, 1.51710284473e-17, 1.5199523165e-17, 1.67797094502e-17, 1.68408976545e-17, 1.60535970736e-17, 1.23741124205e-17, 9.44048246371e-18, 7.21695314836e-18, 4.23473460235e-18, 3.10014885876e-18, 1.34490272159e-18, 3.27099319151e-19, 3.56305043865e-20], "dvar2": [0.171837717295, 34.0913696289, 594.503417969, 2461.34228516, 10516.3027344, 6410.30615234, 567.010681152, 95.9638519287, 189.07611084, 470.169158936, 521.44909668, 195.548049927, 288.705200195, 299.274871826, 212.087982178, 340.171295166, 234.053787231, 193.793075562, 379.723083496, 202.100250244, 468.221496582, 871.698852539, 325.152069092, 160.553253174, 460.090637207, 189.557525635, 2695.44091797, 653.226745605, 770.735595703, 439.207275391, 161.299591064, 86.8971252441, 2.51629543304, 0.399124830961, 0.0981789827347, 0.0418674424291, 0.00250147259794, 7.35713401809e-05, 2.25455110581e-07, 1.75844327988e-09], "dvar": [0.14910389483, 19.7425136566, 243.722976685, 922.608825684, 3713.59472656, 2234.57617188, 199.264404297, 40.1482276917, 82.3952865601, 195.271743774, 201.107025146, 79.5575561523, 124.297218323, 129.928833008, 91.5398483276, 154.791625977, 106.26247406, 95.4925613403, 187.87727356, 93.2288894653, 182.060119629, 335.998809814, 134.83795166, 68.8922805786, 188.798339844, 79.0185623169, 1054.60424805, 280.179931641, 340.846313477, 211.074890137, 74.4819488525, 41.9135971069, 1.23524427414, 0.187206894159, 0.044577550143, 0.0180145874619, 0.00113434519153, 3.06469264615e-05, 8.72042207334e-08, 7.98607124874e-10], "dmean": [0.232362672687, 2.14166522026, 6.96486473083, 12.04733181, 21.1356067657, 17.0243434906, 5.89227819443, 3.89465451241, 5.35192918777, 7.51530313492, 7.14798307419, 4.71710681915, 6.19829702377, 5.54899740219, 4.4781794548, 6.06227588654, 4.73634529114, 4.71235275269, 5.81597948074, 4.16132164001, 3.97132873535, 6.39331626892, 6.07429361343, 5.05519723892, 8.16146564484, 5.55587434769, 16.2524642944, 10.2283763885, 11.7900238037, 8.94760513306, 5.49401426315, 3.5098528862, 0.680890679359, 0.247410044074, 0.134138762951, 0.0751736611128, 0.019598769024, 0.00310946232639, 0.000157202754053, 1.96030941879e-05], "max": [3.71700787544, 37.8258857727, 163.906829834, 234.449325562, 365.695159912, 356.267578125, 106.798652649, 131.06590271, 122.869110107, 253.784835815, 270.356628418, 151.080718994, 184.124740601, 203.701416016, 216.319412231, 284.055664062, 158.73286438, 154.866119385, 209.187515259, 151.013565063, 321.079559326, 349.265380859, 157.119415283, 70.9314727783, 223.966934204, 93.8105545044, 221.710998535, 183.271484375, 178.181564331, 147.790481567, 65.0223007202, 69.3206481934, 11.6907014847, 4.66982936859, 2.0128891468, 1.09270441532, 0.270208239555, 0.0432731807232, 0.00264722597785, 0.000242136200541], "var": [0.617963850498, 36.6009902954, 235.199417114, 655.803894043, 2255.89550781, 1314.39379883, 127.672721863, 64.799041748, 132.318740845, 329.345947266, 334.070770264, 136.000030518, 229.75920105, 189.115936279, 133.466705322, 286.785705566, 166.969161987, 201.749450684, 282.665863037, 144.134887695, 164.792404175, 293.183319092, 150.925674438, 94.8685073853, 253.167312622, 121.346130371, 914.174560547, 397.878723145, 432.37197876, 275.355621338, 93.2712554932, 55.1067619324, 1.82262444496, 0.266420394182, 0.0615401491523, 0.0196727011353, 0.00130495417397, 3.05631438096e-05, 7.15965953191e-08, 2.09877271118e-09], "mean": [0.504171550274, 3.05288267136, 7.7711019516, 9.75404548645, 14.6862411499, 11.8024177551, 4.61526012421, 5.28919553757, 6.82819747925, 9.66271018982, 10.2695198059, 7.4705696106, 9.22495269775, 7.55174922943, 6.7572312355, 9.38496685028, 6.90445280075, 7.54552078247, 7.17756748199, 5.81481599808, 4.9731669426, 6.76336479187, 6.36298847198, 5.98268890381, 9.45521831512, 7.01720046997, 15.0250291824, 12.0003118515, 13.0872488022, 10.1573944092, 5.91666316986, 3.65676784515, 0.776103317738, 0.293491452932, 0.156401023269, 0.0805697515607, 0.0207477062941, 0.00296781398356, 0.000142071483424, 4.44817487733e-05]}, "spectral_strongpeak": {"dmean2": 0.399350553751, "median": 0.470221608877, "min": 0, "dvar2": 0.446502715349, "dvar": 0.16463367641, "dmean": 0.24734416604, "max": 8.52765846252, "var": 0.220845267177, "mean": 0.528669118881}, "spectral_energy": {"dmean2": 0.0201325658709, "median": 0.019369866699, "min": 1.02181192938e-20, "dvar2": 0.00121034076437, "dvar": 0.000558205530979, "dmean": 0.0138505259529, "max": 0.218338876963, "var": 0.00156158884056, "mean": 0.0352192781866}, "average_loudness": 0.925652384758, "spectral_rolloff": {"dmean2": 1424.05871582, "median": 366.064453125, "min": 21.533203125, "dvar2": 4996420.5, "dvar": 2502280.5, "dmean": 818.694580078, "max": 18733.8867188, "var": 2905013.75, "mean": 1092.86401367}, "spectral_centroid": {"dmean2": 822.359924316, "median": 1023.48748779, "min": 76.5971832275, "dvar2": 949412.8125, "dvar": 531724.875, "dmean": 555.717346191, "max": 11261.9990234, "var": 1047180.9375, "mean": 1325.83654785}, "pitch_salience": {"dmean2": 0.145447090268, "median": 0.455947488546, "min": 0.016246009618, "dvar2": 0.0193639285862, "dvar": 0.009601412341, "dmean": 0.0974100530148, "max": 0.941858649254, "var": 0.0301805380732, "mean": 0.418206930161}, "spectral_energyband_middle_high": {"dmean2": 0.00146815110929, "median": 0.000726976606529, "min": 1.48607944781e-21, "dvar2": 7.89004025137e-06, "dvar": 3.69360805053e-06, "dmean": 0.00100002228282, "max": 0.0312566608191, "var": 5.77548689762e-06, "mean": 0.0015760405222}, "spectral_contrast_coeffs": {"dmean2": [0.0990226715803, 0.0836421102285, 0.058260474354, 0.0393420085311, 0.0357337780297, 0.0410134345293], "median": [-0.660341560841, -0.781998097897, -0.830625772476, -0.840228915215, -0.837955772877, -0.734511971474], "min": [-0.966677248478, -0.958920359612, -0.984933912754, -0.983463346958, -0.9783654809, -0.962824881077], "dvar2": [0.00811037328094, 0.00430159876123, 0.0022438375745, 0.000937211152632, 0.0010062942747, 0.00162087811623], "dvar": [0.00434146123007, 0.00162684556562, 0.000904236803763, 0.000377457996365, 0.000451575237093, 0.000920287915505], "dmean": [0.0660040453076, 0.0507289543748, 0.0352449454367, 0.0238311141729, 0.0223808810115, 0.0283818915486], "max": [-0.286652326584, -0.454507142305, -0.456057876348, -0.543470084667, -0.673964977264, -0.593353509903], "var": [0.0126831680536, 0.00496665621176, 0.00493062660098, 0.00323695130646, 0.00133276323322, 0.00408404599875], "mean": [-0.650540292263, -0.776416122913, -0.814520359039, -0.827554225922, -0.835295438766, -0.736755728722]}, "melbands_skewness": {"dmean2": 2.93466544151, "median": 4.35119819641, "min": -4.48074245453, "dvar2": 14.2037754059, "dvar": 7.27186346054, "dmean": 1.95801079273, "max": 45.9359092712, "var": 22.8441047668, "mean": 5.34058952332}, "spectral_spread": {"dmean2": 950493.4375, "median": 4922334.5, "min": 557396.125, "dvar2": 1199256502270.0, "dvar": 632672944128, "dmean": 614194.875, "max": 40830616, "var": 2697116516350.0, "mean": 4734102.5}, "dissonance": {"dmean2": 0.0381019935012, "median": 0.475793808699, "min": 0.101206324995, "dvar2": 0.00224566599354, "dvar": 0.000832223915495, "dmean": 0.0230937134475, "max": 0.500000059605, "var": 0.00233133719303, "mean": 0.457893937826}, "spectral_skewness": {"dmean2": 0.620267868042, "median": 1.17212414742, "min": -0.0383171029389, "dvar2": 0.567763209343, "dvar": 0.266778916121, "dmean": 0.419731765985, "max": 10.4946775436, "var": 1.90503835678, "mean": 1.63708126545}, "spectral_flux": {"dmean2": 0.0565851703286, "median": 0.0705142244697, "min": 1.02137909241e-10, "dvar2": 0.00401051575318, "dvar": 0.00274902582169, "dmean": 0.0412547066808, "max": 0.508081316948, "var": 0.009072618559, "mean": 0.101888604462}, "spectral_contrast_valleys": {"dmean2": [0.74538487196, 0.90965616703, 0.774121880531, 0.683174669743, 0.679747164249, 0.71456104517], "median": [-7.49888515472, -7.22479391098, -7.79893064499, -8.23782634735, -8.03973197937, -10.4710044861], "min": [-27.6294364929, -27.760477066, -27.294801712, -27.2522125244, -27.3800029755, -27.2448787689], "dvar2": [0.364922553301, 0.841952264309, 0.545400202274, 0.485814005136, 0.522266089916, 0.569836199284], "dvar": [0.168331384659, 0.392549812794, 0.294456481934, 0.26481166482, 0.295662581921, 0.311809778214], "dmean": [0.454962491989, 0.585168778896, 0.501979529858, 0.451263636351, 0.477490276098, 0.522072315216], "max": [-5.35441970825, -5.01113033295, -5.19598340988, -5.68234205246, -5.83627510071, -8.3117980957], "var": [1.5864700079, 1.72416257858, 1.48565602303, 1.93774294853, 2.62916660309, 2.8874464035], "mean": [-7.77574300766, -7.45606660843, -7.93881797791, -8.45671367645, -8.35022640228, -10.8812227249]}, "erbbands_flatness_db": {"dmean2": 0.02905703336, "median": 0.134959951043, "min": 0.0641437470913, "dvar2": 0.000749111757614, "dvar": 0.000435632042354, "dmean": 0.0198516398668, "max": 0.489091336727, "var": 0.0061794440262, "mean": 0.16550989449}, "spectral_energyband_high": {"dmean2": 0.00160034571309, "median": 0.000217929133214, "min": 7.42707296656e-21, "dvar2": 6.08840400673e-06, "dvar": 2.65689891421e-06, "dmean": 0.00102231034543, "max": 0.0123053900898, "var": 3.21663151226e-06, "mean": 0.00114675774239}, "spectral_entropy": {"dmean2": 0.361354798079, "median": 7.72687578201, "min": 4.67237043381, "dvar2": 0.133677348495, "dvar": 0.0863720774651, "dmean": 0.264115810394, "max": 9.81481647491, "var": 0.613043963909, "mean": 7.44906711578}, "silence_rate_20dB": {"dmean2": 0, "median": 1, "min": 1, "dvar2": 0, "dvar": 0, "dmean": 0, "max": 1, "var": 0, "mean": 1}, "melbands_flatness_db": {"dmean2": 0.0669941827655, "median": 0.268286645412, "min": 0.00427438411862, "dvar2": 0.00468467408791, "dvar": 0.0028353552334, "dmean": 0.0499610118568, "max": 0.704550325871, "var": 0.0167688950896, "mean": 0.289773404598}, "barkbands": {"dmean2": [0.00183686881792, 0.00957034435123, 0.0114808604121, 0.00831747148186, 0.0105975260958, 0.000673058850225, 0.000826227420475, 0.000497176661156, 0.000396446615923, 0.000304488290567, 0.00017817535263, 0.000236357780523, 0.000165707693668, 0.000143883837154, 0.000170774976141, 0.000110598855827, 0.000190971361008, 0.000178776972461, 0.000206849392271, 0.000219452020247, 0.000597683596425, 0.000445902202046, 0.000361803016858, 0.000147912069224, 3.11010626319e-05, 1.96363325813e-05, 1.40835788898e-06], "median": [0.000784542993642, 0.00261948816478, 0.0012296467321, 0.000100017990917, 0.000130529864691, 0.000238420601818, 8.71262454893e-05, 0.000101351266494, 0.000143262906931, 6.48543864372e-05, 3.9076563553e-05, 8.20955974632e-05, 4.58761423943e-05, 3.94174458052e-05, 2.59464522969e-05, 1.64669327205e-05, 1.55116103997e-05, 1.80113765964e-05, 2.70151158475e-05, 2.74912781606e-05, 4.66032543045e-05, 5.80231790082e-05, 5.0431870477e-05, 1.92450697796e-05, 4.94632422487e-06, 2.53248322224e-06, 7.71660779719e-08], "min": [8.27025059043e-25, 1.94807291501e-23, 1.6440762144e-23, 2.07969648697e-24, 2.36827356013e-23, 3.64978646258e-23, 1.8639617254e-23, 5.72758834232e-23, 2.93032480664e-23, 6.49258715179e-23, 8.89455879875e-23, 5.67508996462e-23, 9.89046918586e-23, 5.18343019663e-23, 1.35132075013e-22, 1.36483349567e-22, 1.46936261432e-22, 1.76792892268e-22, 1.77310056856e-22, 2.42598734971e-22, 4.13451088104e-22, 4.51992004656e-22, 6.10075337684e-22, 7.42122827718e-22, 9.28065446258e-22, 1.47427657405e-21, 2.47745339247e-21], "dvar2": [8.23792834126e-06, 0.000433217792306, 0.000697985757142, 0.0004843302886, 0.000775118358433, 1.11906138045e-06, 1.84849216112e-06, 7.91011814272e-07, 5.041553095e-07, 3.66014774045e-07, 1.75156003479e-07, 1.97806656388e-07, 1.26242809984e-07, 1.15738451711e-07, 1.30736097503e-07, 9.18122751159e-08, 3.17998683386e-07, 9.4386578553e-08, 9.98933060714e-08, 1.1146344292e-07, 1.12265502139e-06, 4.30815816799e-07, 3.05267747081e-07, 6.66386412718e-08, 2.50597120832e-09, 1.14947751317e-09, 6.27395054312e-12], "dvar": [2.40530471274e-06, 0.000266251212452, 0.000271189055638, 0.000173519962118, 0.000269602140179, 4.4888128059e-07, 7.83804409821e-07, 3.22244602557e-07, 2.25182233748e-07, 1.43996587099e-07, 7.74616921717e-08, 8.90775737616e-08, 5.6523063563e-08, 5.22216048182e-08, 5.58407506901e-08, 3.86301977073e-08, 1.22067660868e-07, 3.98861637052e-08, 3.83595164521e-08, 4.82399009627e-08, 4.48277859277e-07, 1.96083050241e-07, 1.45063395962e-07, 3.20238449092e-08, 1.13779130562e-09, 5.07606179312e-10, 2.43344645649e-12], "dmean": [0.00105901213828, 0.00834995042533, 0.00701342849061, 0.00457030860707, 0.00567594496533, 0.000416693423176, 0.000503249291796, 0.00029592611827, 0.000249029020779, 0.000186151402886, 0.000118476877105, 0.000152999520651, 0.000107653460873, 9.67617525021e-05, 0.000101244055259, 7.22229960957e-05, 0.000115655217087, 0.000110963439511, 0.000121075652714, 0.000134531816002, 0.000359282508725, 0.000288017268758, 0.000232697057072, 9.8023287137e-05, 2.09321333386e-05, 1.28303936435e-05, 8.29239127143e-07], "max": [0.0224605463445, 0.154984816909, 0.177708044648, 0.0845435783267, 0.108550436795, 0.0109630310908, 0.0112426616251, 0.0106424121186, 0.0077205747366, 0.00427774107084, 0.00695447064936, 0.00564050814137, 0.00347047252581, 0.00382731622085, 0.00430163461715, 0.0040826657787, 0.00684119621292, 0.00220008613542, 0.00243321480229, 0.00328697240911, 0.00494424719363, 0.00438291486353, 0.00340643757954, 0.00194399175234, 0.000343397638062, 0.00018342549447, 1.69298327819e-05], "var": [3.26672625306e-06, 0.000652829417959, 0.000223525843467, 0.000105282037111, 0.000159213508596, 7.09036839908e-07, 1.29740431021e-06, 5.8626471855e-07, 5.25444249888e-07, 1.65687836784e-07, 1.0838431308e-07, 1.72581863467e-07, 8.22281123192e-08, 8.49431813776e-08, 7.51001891786e-08, 4.33643130293e-08, 1.02456759521e-07, 4.7744862286e-08, 4.52906050441e-08, 7.96960009097e-08, 4.45659310344e-07, 2.6214112836e-07, 1.85671098052e-07, 4.24645314467e-08, 1.56408042074e-09, 5.67954183683e-10, 2.04304867295e-12], "mean": [0.0014145753812, 0.0148587673903, 0.00718283699825, 0.00291921617463, 0.00408423971385, 0.000565288239159, 0.000609230948612, 0.00040488972445, 0.000425826350693, 0.000218919303734, 0.000162913434906, 0.000241707704845, 0.000145820900798, 0.000140191303217, 0.000127320250613, 9.09898008103e-05, 0.000119551186799, 0.000117041192425, 0.000136207338073, 0.000170484563569, 0.00036127876956, 0.000326358655002, 0.000254596525338, 0.000102521589724, 2.41523812292e-05, 1.36812122946e-05, 7.00181544744e-07]}, "erbbands_skewness": {"dmean2": 1.08839607239, "median": 0.207698151469, "min": -4.67510414124, "dvar2": 1.12187623978, "dvar": 0.630636870861, "dmean": 0.736189544201, "max": 6.49108219147, "var": 2.23139309883, "mean": 0.367838591337}, "erbbands_spread": {"dmean2": 2