{"tonal": {"thpcp": [1, 0.840757846832, 0.465339750051, 0.247261211276, 0.156997144222, 0.246386125684, 0.394793123007, 0.366840422153, 0.208845630288, 0.187176838517, 0.278695225716, 0.391154497862, 0.466335326433, 0.383719086647, 0.212554261088, 0.128794372082, 0.123067900538, 0.189373672009, 0.481244832277, 0.867152690887, 0.714781582355, 0.383013963699, 0.35277351737, 0.413164556026, 0.319301843643, 0.206168323755, 0.361037671566, 0.503412723541, 0.519087731838, 0.567308485508, 0.552520215511, 0.587816894054, 0.456519335508, 0.17369556427, 0.207610026002, 0.588308334351], "hpcp": {"dmean2": [0.140829905868, 0.113479956985, 0.0948328748345, 0.138642802835, 0.14202465117, 0.142503798008, 0.146454900503, 0.14184461534, 0.123807936907, 0.119302392006, 0.0893406793475, 0.0965529382229, 0.185928002, 0.176026910543, 0.184739977121, 0.159145399928, 0.0990129932761, 0.0770539939404, 0.0867587700486, 0.0876736193895, 0.0967772677541, 0.0825103670359, 0.081175647676, 0.131434217095, 0.148449584842, 0.124561153352, 0.110455036163, 0.0834497585893, 0.0582929775119, 0.0611618533731, 0.100267335773, 0.146428078413, 0.171714425087, 0.18572165072, 0.127350226045, 0.128410756588], "median": [0.0412582196295, 0.0309379640967, 0.016589416191, 0.0270166173577, 0.0333089716733, 0.0558764114976, 0.0392510034144, 0.0666458308697, 0.046386025846, 0.0296822190285, 0.0152002088726, 0.0182808656245, 0.0797403082252, 0.10453440994, 0.10137655586, 0.0468402728438, 0.0199948567897, 0.00636191200465, 0.0103331115097, 0.0187703482807, 0.0263765752316, 0.0237502474338, 0.0182712599635, 0.0171494707465, 0.0362903513014, 0.0409021675587, 0.0338794738054, 0.0183693487197, 0.0105997603387, 0.0101775797084, 0.0182900466025, 0.0463236421347, 0.0768545344472, 0.0973668396473, 0.0328042954206, 0.0341744199395], "min": [0, 0, 0, 0, 0, 0, 0, 0, 0, 0, 0, 0, 0, 0, 0, 0, 0, 0, 0, 0, 0, 0, 0, 0, 0, 0, 0, 0, 0, 0, 0, 0, 0, 0, 0, 0], "dvar2": [0.0687966272235, 0.0522201731801, 0.0479004755616, 0.0691268667579, 0.0658092349768, 0.0550743900239, 0.07039514184, 0.060415584594, 0.0662799328566, 0.0590769201517, 0.0482353717089, 0.0443190298975, 0.0870996490121, 0.0895189195871, 0.0778890922666, 0.0756001994014, 0.0451576113701, 0.036398395896, 0.0377819128335, 0.0355987362564, 0.0344075188041, 0.0322211645544, 0.0282143466175, 0.0828372463584, 0.0718946233392, 0.0517684742808, 0.0402301363647, 0.0313870236278, 0.0221261940897, 0.0272376667708, 0.0493857860565, 0.062999278307, 0.081161223352, 0.0918726250529, 0.063074760139, 0.0585893727839], "dvar": [0.0258387774229, 0.0191104747355, 0.0168329291046, 0.0257035437971, 0.0257451254874, 0.0203799195588, 0.0288822222501, 0.0225450824946, 0.0237666536123, 0.0218162555248, 0.0167081356049, 0.0164591055363, 0.0339065603912, 0.0334396548569, 0.028357675299, 0.0286044795066, 0.0170017462224, 0.0137408310547, 0.0141100538895, 0.0140199521556, 0.0138693070039, 0.012317456305, 0.0100696785375, 0.0296366792172, 0.0266469996423, 0.0207245573401, 0.0155895501375, 0.011890867725, 0.00785141997039, 0.00948940124363, 0.017827924341, 0.0226757898927, 0.0315635278821, 0.0318766050041, 0.0224758163095, 0.021345846355], "dmean": [0.0827978774905, 0.0666218698025, 0.0544594973326, 0.080984942615, 0.0834724009037, 0.084803648293, 0.0860878825188, 0.0838541686535, 0.0709906369448, 0.0699061229825, 0.0500537790358, 0.0557281523943, 0.110093474388, 0.100479654968, 0.108526602387, 0.0927540585399, 0.0573315657675, 0.0439336784184, 0.0516330748796, 0.053079020232, 0.0572501383722, 0.0476135052741, 0.0464626923203, 0.0745410174131, 0.0858663916588, 0.0744065791368, 0.0664964690804, 0.049051117152, 0.03375852108, 0.0350174680352, 0.0563540048897, 0.0852594077587, 0.100933358073, 0.106738522649, 0.073122471571, 0.0749302655458], "max": [1, 1, 1, 1, 1, 1, 1, 1, 1, 1, 1, 1, 1, 1, 1, 1, 1, 1, 1, 1, 1, 1, 1, 1, 1, 1, 1, 1, 1, 1, 1, 1, 1, 1, 1, 1], "var": [0.0465587414801, 0.0313388928771, 0.0191365778446, 0.0389088727534, 0.0685951337218, 0.0521501153708, 0.0873531252146, 0.0589451044798, 0.0960336104035, 0.0617911070585, 0.0159168820828, 0.0181053448468, 0.0575312972069, 0.150764375925, 0.101676508784, 0.0614141561091, 0.0229424871504, 0.0160497929901, 0.0237681008875, 0.0656885877252, 0.0464333891869, 0.0177593491971, 0.0134844919667, 0.0388084724545, 0.0422780513763, 0.0603977777064, 0.0424764826894, 0.017584932968, 0.00879854243249, 0.00885258242488, 0.0182927269489, 0.0487620458007, 0.124002173543, 0.0865804180503, 0.0462382957339, 0.0413140505552], "mean": [0.135945528746, 0.105061426759, 0.0678365603089, 0.118793971837, 0.165640324354, 0.170797944069, 0.186664253473, 0.181798398495, 0.19341224432, 0.150210767984, 0.0571518912911, 0.068310931325, 0.19357393682, 0.3290348351, 0.276638627052, 0.153112992644, 0.0813575536013, 0.0516575314105, 0.0810696184635, 0.129900693893, 0.120703279972, 0.0687174871564, 0.0615877024829, 0.0917004421353, 0.128703460097, 0.153440564871, 0.126256942749, 0.0699377581477, 0.042377833277, 0.0404936261475, 0.0623105354607, 0.158346310258, 0.285323441029, 0.235188037157, 0.126024931669, 0.11607477814]}, "tuning_equal_tempered_deviation": 0.207600012422, "chords_changes_rate": 0.0604242868721, "key_key": "C#", "tuning_diatonic_strength": 0.257823854685, "key_scale": "major", "chords_number_rate": 0.0029261156451, "tuning_frequency": 441.017791748, "tuning_nontempered_energy_ratio": 0.863274276257, "chords_histogram": [5.01828813553, 3.7307972908, 1.82882225513, 1.02414047718, 3.5552303791, 3.52596926689, 1.82882225513, 0.731528878212, 2.42867588997, 0.263350397348, 0.117044620216, 6.77395772934, 10.2999267578, 3.78931975365, 1.84345281124, 12.9334306717, 9.58302879333, 7.05193853378, 5.58888053894, 5.91075325012, 3.23335766792, 0.014630577527, 1.15581560135, 7.7688369751], "key_strength": 0.376689344645, "chords_key": "F#", "chords_strength": {"dmean2": 0.00702545233071, "median": 0.418985664845, "min": -1, "dvar2": 0.000562344561331, "dvar": 0.000334172917064, "dmean": 0.00762972561643, "max": 0.704493463039, "var": 0.0316879115999, "mean": 0.410317629576}, "chords_scale": "minor", "hpcp_entropy": {"dmean2": 0.717135548592, "median": 2.08199596405, "min": 0, "dvar2": 0.586041212082, "dvar": 0.209205344319, "dmean": 0.423928469419, "max": 4.46999454498, "var": 0.560418426991, "mean": 2.07535099983}}, "metadata": {"audio_properties": {"equal_loudness": 0, "codec": "mp3", "downmix": "mix", "sample_rate": 44100, "analysis_sample_rate": 44100, "bit_rate": 171046, "md5_encoded": "f278ef17e8fdecb73a32d2a08a455324", "length": 317.362701416, "replay_gain": -4.80478096008, "lossless": false}, "version": {"essentia_build_sha": "ca57ba49d9b1854bd80e60cf9ccf267278fb7d6b", "essentia": "2.1-beta1", "extractor": "music 1.0", "essentia_git_sha": "v2.1_beta1-28-g21ef5f4-dirty"}, "tags": {"title": ["Jehoel"], "barcode": ["702397735823"], "media": ["CD"], "albumartist": ["The Cracow Klezmer Band"], "musicbrainz_recordingid": ["13ac6cee-23cb-488d-82a1-79156a1de2e3"], "composer": ["John Zorn"], "musicbrainz_albumartistid": ["c7752820-4cef-4435-abf5-e60de2efe2a2"], "acoustid_fingerprint": ["AQADtJKUJUqS0Gh2FGfxjcfRh0cz6NmHX8eXqGh2ymgT1AjDtUjGovmDnbiDZ8f1LMK3SFJwI7mKMJ2ao45xB-P24D-MpyeuIcyR7I2KT1KC5Tf2-PgTBi_K_EiHJLoDPlkq4xkSIR_-xEF_NEuS3MJ1o7kRPjeSoGjy4FmU6Dge_MGeC0t-hEj-Bg-aqkefHL81fCLeHSceH_3hfUePI36CpOk3lHwi-Nvw-PCFOmGOJw_OXEiWB-FxBiMeWWD4SBHaMcV-3EEyhLmKh_iIHcvx43mK70gPPUeOS0rxHX2IX8MFHAAAf_hx4EB-6A9yHP_R48eV4N7xKKgPXzg-lMdv5JkY9ETzDScP9Xj04yuL_guC44J_9EeOk9gT4Z_woPkJ7kWXQz8eBXwC5Tj644SfoapxDd9hXrhx3YieWEKRMVoMMyEYUtCxq0GdY-uOG5KfBc9DwmnyJSCO7VxQ9viFOgyu4PGh-gm8C20ulMoFH32wt1BO_Eeco2rk4od_9ESOJzgTQj8ajiR64sN_XFCYHT9Oa_gjTGQPXcXhJKKJqk_wHCWcQ5QzVCf-KUKeoj7MYwfzpLiaYbKOtwlxIR9MQDkONz1ykMeO-4hx6AiPf7jRHH2Qj4N-_Agv-DhQ_EcO4AMOHT8KpAT-4jiODzWOHseFAweA38CPAz-OA4CPwAGAA4eBA4cOHDFxHD9w_DhxVEcOATl-Ykf1w1QPhtKJo7qOpsmS4FJiDdfRfEF1Ccd9PB-a-jhcFbiOmLSEJxbewwcOAACAAwDgAwAA4wA-GDAO_cBx4EZ4HAeOHN9w9MFx4Id-HHngI8fR44J-tMSjwzgO_Dj0Fj0uHNqBH0F7_OgDP-iPB_1RNkcv-ER5PMfRGz56ILhxaL3hIz-Of4IP3AeI9EgA-MFxfDCPB7kO6DjwIzoOGDhyADUO4MVx4EaIH0dq4zpa4jcOHcB9PMlQHyl6nDjyGTV8aNSB4-iBH8ePIsf04wDh48CBHD9qHwfzwUf0HT-ewkevIQ_yF8ePi0eP1BJ2B_qRH7YpgVm04ceU7EO_FDlJPLiOurHQzAryIcdz9B9EJ8Nz1A-Oo4N6-PiPGyL6A-dwVId4osfRw0cf_Di0_YGoHx9--CiPI7wH_wg_FA2GJxf0G02eg4cPAMeBHzgCAEAMH_BxHPgPHAdkOAeO9MaBwPjhuLgC-Th8-NhxBS983DhyBT9O-HiPwxbMF9-Qw4dKGTj-QdPRo-GhHz38omSGPrCNM4f5oGSOHifEzWg545GOB6Wco6E047qF-kIzqcedB492NPXRvfiGSsd13MMPb5lW9Eefo7E5PNRx8RG0Cz6DssMTPA9-hEdz5hip_OB_rFPQB8cfhM-RANfwCz2eEQ_CF9rCIMyZ48wHvA_CJmEQBh-Orwz2gMmDPUkC90iO_LDC7ETVCz_eoI_wMBVsDcfx6fAenDOSWUeO50Wpw9Zs1E6M-03xuAih5cSpHIeeHA-P6VeCnGCY4Md-9EjfBcmejMd_fEme4MpEXEd_Dq4X5NBy7TgdNHKU1ZiYRciqBXuO40yJ5jtK4vnxLM1xCk-CZDlC3sSZFD-mRMrBWHEYrHnwhfiiJEGtHGGg5wjzKyj14Unmwl9y5NGh0EfKJ3iKS8OTHF1vhDmS4zz4EW40vMeDH6dx5AkfnIeUy0L6oI-OmTqeHG-Cozm-4z_gI_qJlofOo0F2wS96HpfxHWdRopWO68d6HLnxX-h7qIebzaiB_MdLNM1R6sSfGHd1ocmPWniOPMMFTeqDRskOPTtibsEeB0eto3GCK2D441yOrT1-5M-hmscRvDo2h3nwPWiH8vAf9BeByUee5tDyI6fQH83xPWiaPqiPYzw-MHw2PDwiWTpk0kuBGz38HtN-5PjwCT9mbQDjFbCIACMAsAIIh5AAwmBFhGGGIEGAcIYgIQADUAmyBFGCEIaUAIAxZJghikiAkAUCMEcQAhQQIpo0gkhAEFEEQMUUQAgL6gBBShmEkABeIUAdUKsjq5DRBhkrKJAAcieQsmAbBIxSxEAAiCFASQEEUUYgQQFRCggHhEiECW4IwgQI7hwiAAjgFUICAiAcQ0gYRYCgwAqiHAVEMW4EAAEIxARwjhhmDQGGCYedAIhpEowER4ACkLJUGgMcwQoBZ6gVHhArkNPAcdkNCMBRYJCTwjyHlolPKRmFQGJ8xAgCRAAhiABCYUQUAWAJyQxzZlloAbUkLPjKAwVZaJGQBCxPDQjAAUusY9NCiogBBCqDAUFKKCEIE0spUBwiQhWoiGAUdIaZBsQpqpAlhChLJIBEEQISEYYhg4QACjKlLHQIEbegEcsBSBQiyCGLCDMKIQSEAMw4CBgRiCFDlBGIAseAIQgAqwwQRyixFAIAEmWQA0YJpxQgzACBABFqAG2CZg4AZQJDgTGIDBPAICGAOQAoIRwjAgtlkFFCGQ4QEcBYJpAXACgABCHEIGccNEABQQghwgKiDFIKICEEEYQYgAR3wlImACAECUcaRgAoAwxxDnMlk2POUGQAAwAARBRDDAgjGBJKBEAEMAoghIAySTCBRBOMAAQQYEQwR5gABCACBCIAMGgYQo4oMBgAQkIomTMAQIMEcAQARJAkABLhKGAUGcGZRIYooBFCBDAhBiCQOEAFAQRRRZIlimGEhDCCAAuIENIAgAxUQBhsCEJeIOCAUFg6QYihGggDoCJGAQ"], "country": ["United States"], "album": ["Balan: Book of Angels, Volume 5"], "catalognumber": ["TZ 7358"], "musicbrainz album release country": ["US"], "musicbrainz original album id": ["0be2fec3-be61-422f-901a-e56b93810366"], "musicbrainz album type": ["Album"], "musicbrainz album status": ["Official"], "discnumber": ["01/01"], "artists": ["The Cracow Klezmer Band"], "date": ["2006-05-23"], "file_name": "06 jehoel.mp3", "musicbrainz_releasegroupid": ["c2075809-8372-3d01-9c99-c581d85390bc"], "musicbrainz release track id": ["f3ef22fa-4ba2-3652-ab6e-898d0f25be75"], "musicbrainz_artistid": ["c7752820-4cef-4435-abf5-e60de2efe2a2"], "asin": ["B000EUMKEK"], "musicbrainz_albumid": ["0be2fec3-be61-422f-901a-e56b93810366"], "originalalbum": ["Balan: Book of Angels, Volume 5"], "tracknumber": ["06/08"], "url:discogs_release": ["http://www.discogs.com/release/1142070"], "artistsort": ["Cracow Klezmer Band, The"], "artist": ["The Cracow Klezmer Band"], "label": ["Tzadik"], "albumartistsort": ["Cracow Klezmer Band, The"], "acoustid_id": ["ceaac3a8-c39f-4837-a150-11608c168d39"], "script": ["Latin"]}}, "rhythm": {"bpm_histogram_first_peak_bpm": {"dmean2": 0, "median": 140, "min": 140, "dvar2": 0, "dvar": 0, "dmean": 0, "max": 140, "var": 0, "mean": 140}, "bpm": 140.245025635, "bpm_histogram_second_peak_spread": {"dmean2": 0, "median": 0.282608687878, "min": 0.282608687878, "dvar2": 0, "dvar": 0, "dmean": 0, "max": 0.282608687878, "var": 0, "mean": 0.282608687878}, "bpm_histogram_first_peak_weight": {"dmean2": 0, "median": 0.234794914722, "min": 0.234794914722, "dvar2": 0, "dvar": 0, "dmean": 0, "max": 0.234794914722, "var": 0, "mean": 0.234794914722}, "onset_rate": 1.17524003983, "beats_position": [0.46439909935, 0.940408170223, 1.4164172411, 1.89242625237, 2.36843538284, 2.8444442749, 3.36689329147, 3.88934230804, 4.41179132462, 4.94585037231, 5.47990942001, 6.00235795975, 6.53641700745, 7.08208608627, 7.6277551651, 8.16181373596, 8.6958732605, 9.24154186249, 9.77560043335, 10.2980499268, 10.8204984665, 11.354557991, 11.8770065308, 12.3065757751, 12.7361450195, 13.1657142639, 13.6068935394, 14.0480718613, 14.5008611679, 14.9420404434, 15.3832197189, 15.8127889633, 16.2307472229, 16.6487064362, 17.0782756805, 17.5078449249, 17.9258041382, 18.3437633514, 18.7617225647, 19.1912918091, 19.6208610535, 20.0388202667, 20.45677948, 20.8863487244, 21.3043079376, 21.7222671509, 22.1518363953, 22.5697956085, 22.9877548218, 23.405714035, 23.8236732483, 24.2416324615, 24.6595916748, 25.0775508881, 25.4955101013, 25.9134693146, 26.3314285278, 26.7609977722, 27.1905670166, 27.6085262299, 28.0264854431, 28.4444446564, 28.8624038696, 29.291973114, 29.7331504822, 30.1743297577, 30.6155090332, 31.0566883087, 31.4978675842, 31.9390468597, 32.3802261353, 32.8097953796, 33.2277526855, 33.6457138062, 34.0636711121, 34.4932403564, 34.9228096008, 35.3407707214, 35.7587280273, 36.1766891479, 36.6062583923, 37.0358276367, 37.4653968811, 37.8949661255, 38.3245353699, 38.7076644897, 39.0907936096, 39.4739227295, 39.8570518494, 40.2866210938, 40.7161903381, 41.1457595825, 41.5753288269, 41.9932861328, 42.4112472534, 42.8408164978, 43.281993866, 43.7231750488, 44.164352417, 44.6055335999, 45.0351028442, 45.4646720886, 45.894241333, 46.3238105774, 46.7417678833, 47.1713371277, 47.6125144958, 48.0420837402, 48.4716529846, 48.901222229, 49.3191833496, 49.7255325317, 50.1318817139, 50.5498390198, 50.9678001404, 51.3857574463, 51.8037185669, 52.2332878113, 52.6628570557, 53.0808143616, 53.510383606, 53.9399528503, 54.3695220947, 54.7990913391, 55.240272522, 55.6930618286, 56.1342391968, 56.5754165649, 57.0165977478, 57.457775116, 57.8989562988, 58.340133667, 58.7813148499, 59.2341041565, 59.6752815247, 60.104850769, 60.5344200134, 60.9639892578, 61.3935585022, 61.8115196228, 62.2410888672, 62.6706581116, 63.0886154175, 63.5065765381, 63.924533844, 64.3424911499, 64.7604522705, 65.1784133911, 65.6079788208, 66.0259399414, 66.443901062, 66.8618545532, 67.2914276123, 67.720993042, 68.1621780396, 68.5917434692, 69.0213165283, 69.450881958, 69.8920593262, 70.3332443237, 70.7744216919, 71.2155990601, 71.6451721191, 72.0631256104, 72.481086731, 72.9222640991, 73.3518371582, 73.7814025879, 74.210975647, 74.6289291382, 75.0468902588, 75.4648513794, 75.8828125, 76.3007659912, 76.7187271118, 77.1366882324, 77.554649353, 77.9609985352, 78.3673477173, 78.7736968994, 79.2032623291, 79.6212234497, 80.0507888794, 80.4803619385, 80.9099273682, 81.3395004272, 81.7922897339, 82.2450790405, 82.6862564087, 83.1274337769, 83.5686187744, 84.0097961426, 84.4509735107, 84.8805389404, 85.3101119995, 85.7512893677, 86.1924667358, 86.6336517334, 87.0748291016, 87.5160064697, 87.9455795288, 88.3751449585, 88.8047180176, 89.2342834473, 89.6522445679, 90.0702056885, 90.4881591797, 90.9061203003, 91.3240814209, 91.7420425415, 92.1716079712, 92.6011810303, 93.03074646, 93.460319519, 93.9014968872, 94.3310623169, 94.7722396851, 95.2134246826, 95.6546020508, 96.0841674805, 96.5021286011, 96.9549179077, 97.4193191528, 97.8837203979, 98.3829498291, 98.8821716309, 99.381401062, 99.8922424316, 100.403083801, 100.902313232, 101.401542664, 101.900772095, 102.411605835, 102.922447205, 103.444892883, 103.967346191, 104.40852356, 104.849700928, 105.279273987, 105.697235107, 106.115188599, 106.533149719, 106.95111084, 107.38067627, 107.810249329, 108.251426697, 108.692604065, 109.133781433, 109.58657074, 110.039360046, 110.492149353, 110.933334351, 111.374511719, 111.815689087, 112.256866455, 112.698051453, 113.139228821, 113.580406189, 114.021583557, 114.451156616, 114.880722046, 115.310295105, 115.728248596, 116.157821655, 116.587387085, 117.005348206, 117.411697388, 117.81804657, 118.224395752, 118.642356873, 119.071922302, 119.501495361, 119.931060791, 120.36063385, 120.79019928, 121.2081604, 121.626121521, 122.055686951, 122.48526001, 122.90322113, 123.321174622, 123.739135742, 124.157096863, 124.575057983, 124.993011475, 125.422584534, 125.852149963, 126.293327332, 126.722900391, 127.164077759, 127.593650818, 128.034820557, 128.476013184, 128.917190552, 129.335144043, 129.753097534, 130.171066284, 130.589019775, 131.006988525, 131.424942017, 131.842895508, 132.249252319, 132.76008606, 133.282531738, 133.804992676, 134.327438354, 134.849884033, 135.372329712, 135.906387329, 136.440444946, 136.974502563, 137.485351562, 137.996185303, 138.507034302, 139.017868042, 139.528701782, 140.039550781, 140.550384521, 141.0728302, 141.572067261, 142.071289062, 142.570526123, 143.058135986, 143.545761108, 144.04498291, 144.532608032, 145.020217896, 145.496231079, 145.960632324, 146.436645508, 146.912643433, 147.388656616, 147.8646698, 148.340682983, 148.723800659, 149.095321655, 149.466842651, 149.838363647, 150.209884644, 150.58140564, 150.941314697, 151.312835693, 151.788833618, 152.253234863, 152.717636108, 153.20526123, 153.669662476, 154.134063721, 154.586837769, 155.028030396, 155.480819702, 155.945205688, 156.421218872, 156.897232056, 157.384857178, 157.895690918, 158.406524658, 158.917373657, 159.416595459, 159.915817261, 160.415054321, 160.879455566, 161.343856812, 161.808258057, 162.284255981, 162.748657227, 163.213058472, 163.677459717, 164.141860962, 164.594650269, 165.047439575, 165.500228882, 165.953018188, 166.440628052, 166.939865112, 167.415863037, 167.915100098, 168.367889404, 168.832290649, 169.285079956, 169.761077881, 170.237091064, 170.713104248, 171.165893555, 171.618682861, 172.071472168, 172.55909729, 173.035095215, 173.511108398, 174.033554077, 174.555999756, 175.078460693, 175.600906372, 176.134963989, 176.657409668, 177.203079224, 177.748748779, 178.294418335, 178.863311768, 179.408981323, 179.954650879, 180.488708496, 181.022766113, 181.452331543, 181.881896973, 182.311477661, 182.741043091, 183.182220459, 183.635009766, 184.087799072, 184.52897644, 184.970153809, 185.422943115, 185.852508545, 186.293685913, 186.73487854, 187.16444397, 187.605621338, 188.035186768, 188.464752197, 188.894332886, 189.323898315, 189.753463745, 190.183029175, 190.612609863, 191.053787231, 191.4949646, 191.936141968, 192.377319336, 192.806884766, 193.236465454, 193.654418945, 194.072372437, 194.501953125, 194.931518555, 195.361083984, 195.790649414, 196.231826782, 196.673019409, 197.114196777, 197.555374146, 197.984939575, 198.414505005, 198.844070435, 199.285263062, 199.714828491, 200.156005859, 200.632019043, 201.108016968, 201.584030151, 202.060043335, 202.501220703, 202.942398071, 203.383575439, 203.836364746, 204.289154053, 204.730331421, 205.171508789, 205.612701416, 206.053878784, 206.483444214, 206.913009644, 207.342575073, 207.772155762, 208.190109253, 208.608062744, 209.037643433, 209.467208862, 209.838729858, 210.210250854, 210.59336853, 210.976501465, 211.348022461, 211.719543457, 212.091064453, 212.509017944, 212.926986694, 213.333328247, 213.751281738, 214.134414673, 214.517547607, 214.900680542, 215.283798218, 215.666931152, 216.050064087, 216.433197021, 216.816329956, 217.199447632, 217.582580566, 217.965713501, 218.337234497, 218.720352173, 219.103485107, 219.475006104, 219.858139038, 220.241271973, 220.624389648, 221.007522583, 221.402267456, 221.785385132, 222.168518066, 222.551651001, 222.946395874, 223.341125488, 223.724258423, 224.107391357, 224.490524292, 224.873641968, 225.256774902, 225.639907837, 226.069473267, 226.499038696, 226.917007446, 227.334960938, 227.752914429, 228.170883179, 228.600448608, 229.041625977, 229.471191406, 229.900772095, 230.341949463, 230.783126831, 231.235916138, 231.677093506, 232.118270874, 232.536224365, 232.965805054, 233.383758545, 233.801712036, 234.219680786, 234.637634277, 235.055603027, 235.473556519, 235.89151001, 236.30947876, 236.727432251, 237.145385742, 237.563354492, 237.981307983, 238.410873413, 238.828842163, 239.258407593, 239.676361084, 240.094329834, 240.512283325, 240.930252075, 241.359817505, 241.789382935, 242.207336426, 242.625305176, 243.043258667, 243.461227417, 243.879180908, 244.297134399, 244.703491211, 245.121444702, 245.551010132, 245.98059082, 246.41015625, 246.828109741, 247.246078491, 247.652420044, 248.058776855, 248.476730347, 248.894683838, 249.312652588, 249.765441895, 250.206619263, 250.647796631, 251.100585938, 251.541763306, 251.982940674, 252.412506104, 252.830474854, 253.248428345, 253.666397095, 254.084350586, 254.490692139, 254.89704895, 255.303390503, 255.721359253, 256.139312744, 256.557281494, 256.975219727, 257.404815674, 257.834381104, 258.252319336, 258.681884766, 259.111480713, 259.529418945, 259.947387695, 260.365356445, 260.783294678, 261.201263428, 261.619232178, 262.03717041, 262.45513916, 262.87310791, 263.291046143, 263.72064209, 264.15020752, 264.579772949, 265.009338379, 265.438903809, 265.868469238, 266.298034668, 266.727600098, 267.145568848, 267.586761475, 268.027923584, 268.457489014, 268.887084961, 269.316650391, 269.74621582, 270.17578125, 270.60534668, 271.034912109, 271.464477539, 271.894042969, 272.312011719, 272.729980469, 273.159545898, 273.577514648, 273.995452881, 274.413421631, 274.831390381, 275.260955811, 275.70211792, 276.143310547, 276.596099854, 277.037261963, 277.47845459, 277.90802002, 278.337585449, 278.767150879, 279.196716309, 279.614685059, 280.032653809, 280.450592041, 280.880187988, 281.298126221, 281.716094971, 282.134063721, 282.552001953, 282.981567383, 283.41116333, 283.968444824, 284.525695801, 285.082977295, 285.733154297, 286.394927979, 287.091522217, 287.776489258, 288.461486816, 289.158081055, 289.78503418, 290.411956787, 291.038909912, 291.66583252, 292.292785645, 292.919708252, 293.546661377, 294.161987305, 294.719268799, 295.264923096, 295.752563477, 296.22857666, 296.704589844, 297.18057251, 297.656585693, 298.144226074, 298.62020874, 299.107849121, 299.583862305, 300.071472168, 300.501037598, 300.942230225, 301.383392334, 301.905853271, 302.428283691, 302.950744629, 303.473205566, 303.995635986, 304.506469727, 305.017303467, 305.528167725, 306.039001465, 306.538238525, 307.037445068, 307.525085449, 308.082366943, 308.63961792, 309.127258301, 309.614868164, 310.102478027, 310.578491211, 311.066131592, 311.553741455, 312.052978516, 312.563812256, 313.074645996, 313.573883057, 314.084716797, 314.583953857, 315.0831604, 315.582397461, 316.081634521, 316.580841064], "beats_loudness": {"dmean2": 0.0199310295284, "median": 0.00198225583881, "min": 0, "dvar2": 0.0031802826561, "dvar": 0.0010962728411, "dmean": 0.0118334498256, "max": 0.298571974039, "var": 0.0014181464212, "mean": 0.0155595457181}, "danceability": 0.916724860668, "bpm_histogram_second_peak_weight": {"dmean2": 0, "median": 0.0466760955751, "min": 0.0466760955751, "dvar2": 0, "dvar": 0, "dmean": 0, "max": 0.0466760955751, "var": 0, "mean": 0.0466760955751}, "beats_count": 708, "bpm_histogram_second_peak_bpm": {"dmean2": 0, "median": 157, "min": 157, "dvar2": 0, "dvar": 0, "dmean": 0, "max": 157, "var": 0, "mean": 157}, "bpm_histogram_first_peak_spread": {"dmean2": 0, "median": 0.615740776062, "min": 0.615740776062, "dvar2": 0, "dvar": 0, "dmean": 0, "max": 0.615740776062, "var": 0, "mean": 0.615740776062}, "beats_loudness_band_ratio": {"dmean2": [0.199426293373, 0.194288432598, 0.123607426882, 0.148239254951, 0.0463332012296, 0.115882128477], "median": [0.261946946383, 0.194330871105, 0.0490550175309, 0.0862897485495, 0.0149894170463, 0.115160256624], "min": [0, 0, 0, 0, 0, 0], "dvar2": [0.0434095747769, 0.0400497578084, 0.0297428928316, 0.0325960032642, 0.0084870737046, 0.0178700890392], "dvar": [0.0185677036643, 0.0171096604317, 0.0117113124579, 0.011927947402, 0.00319438381121, 0.00652978383005], "dmean": [0.118697971106, 0.114187709987, 0.0739164948463, 0.0865612849593, 0.0271988715976, 0.0679510980844], "max": [0.954153835773, 0.92954647541, 0.824135482311, 0.876076102257, 0.620719134808, 0.67047637701], "var": [0.0747778192163, 0.0575761795044, 0.0217975154519, 0.0269203837961, 0.00548962131143, 0.00982575491071], "mean": [0.318239271641, 0.264570236206, 0.115838617086, 0.149835884571, 0.0409395284951, 0.13537299633]}}, "lowlevel": {"barkbands_spread": {"dmean2": 5.38416385651, "median": 9.55643367767, "min": 0.0938999652863, "dvar2": 90.9308395386, "dvar": 34.6511459351, "dmean": 3.25878620148, "max": 133.42779541, "var": 140.257171631, "mean": 12.6169395447}, "melbands_spread": {"dmean2": 4.71971702576, "median": 9.98485279083, "min": 0.179810628295, "dvar2": 52.4214744568, "dvar": 21.3549442291, "dmean": 2.93352866173, "max": 205.775436401, "var": 314.459960938, "mean": 13.9947509766}, "hfc": {"dmean2": 14.0096483231, "median": 6.40776395798, "min": 1.08067613314e-16, "dvar2": 1620.05310059, "dvar": 774.178894043, "dmean": 9.54417228699, "max": 1043.30334473, "var": 8362.42480469, "mean": 40.7506713867}, "barkbands_kurtosis": {"dmean2": 39.7918891907, "median": 7.47239208221, "min": -1.81312692165, "dvar2": 43959.6992188, "dvar": 13842.9326172, "dmean": 21.8817043304, "max": 3451.04858398, "var": 10004.2666016, "mean": 25.5646800995}, "gfcc": {"mean": [-219.541152954, 107.163719177, -96.4550094604, -25.5858783722, -21.9370059967, -16.814868927, -18.9205379486, -25.9413490295, -15.4848108292, -18.1094474792, -6.99836874008, -3.65176653862, -1.39567744732], "icov": [[8.23391674203e-05, -0.000273185694823, 0.000503391842358, -0.000228435863391, 9.8695178167e-05, -5.3274910897e-05, 0.000124017708004, -0.000137669514515, 0.000115368784463, -0.000333056610543, 0.000150668551214, -0.000134252622956, 8.2020793343e-05], [-0.000273185694823, 0.00253775226884, -0.00261294422671, 0.00213490845636, -0.000666873005684, 0.000792468083091, -0.000371034431737, 0.00151011731941, -0.000922709645238, 0.00287263724022, -0.00131475483067, 0.00222336128354, 8.73423414305e-05], [0.000503391842358, -0.00261294422671, 0.0057238903828, -0.00417450768873, 0.00149038201198, -0.0022282183636, 0.00147264508996, -0.00169125350658, 0.00135140074417, -0.00248965225182, 0.000324222986819, -0.000132515298901, 7.31859836378e-05], [-0.000228435863391, 0.00213490845636, -0.00417450768873, 0.00833531655371, -0.00407924735919, 0.00248073902912, -0.00126883317716, -0.000740212679375, 0.00228683068417, -0.00321324518882, 0.00563448248431, -0.00384600413963, 0.00313491560519], [9.8695178167e-05, -0.000666873005684, 0.00149038201198, -0.00407924735919, 0.00960013270378, -0.00330638419837, -0.00189090205822, 0.00284183281474, -0.00549450749531, 0.00798232108355, -0.00796012207866, 0.00775163993239, -0.00378029141575], [-5.3274910897e-05, 0.000792468083091, -0.0022282183636, 0.00248073902912, -0.00330638419837, 0.0114360870793, -0.00276761362329, -0.00504185585305, 0.00786014460027, -0.00549515895545, 0.00742399785668, -0.00521868886426, 0.00375189352781], [0.000124017708004, -0.000371034431737, 0.00147264508996, -0.00126883317716, -0.00189090205822, -0.00276761362329, 0.00747640384361, -0.00152121006977, -0.00329672312364, 0.00341727817431, -0.00370353553444, -0.000277311337413, 0.000857793260366], [-0.000137669514515, 0.00151011731941, -0.00169125350658, -0.000740212679375, 0.00284183281474, -0.00504185585305, -0.00152121006977, 0.0132807511836, -0.00728343939409, 0.00346943968907, -0.00273793330416, 0.00493161845952, -0.00334068736993], [0.000115368784463, -0.000922709645238, 0.00135140074417, 0.00228683068417, -0.00549450749531, 0.00786014460027, -0.00329672312364, -0.00728343939409, 0.0192917753011, -0.0173412468284, 0.0118513833731, -0.00870856177062, 0.00503836525604], [-0.000333056610543, 0.00287263724022, -0.00248965225182, -0.00321324518882, 0.00798232108355, -0.00549515895545, 0.00341727817431, 0.00346943968907, -0.0173412468284, 0.030726691708, -0.0263517927378, 0.0158541351557, -0.00426448648795], [0.000150668551214, -0.00131475483067, 0.000324222986819, 0.00563448248431, -0.00796012207866, 0.00742399785668, -0.00370353553444, -0.00273793330416, 0.0118513833731, -0.0263517927378, 0.0376994945109, -0.0239311307669, 0.0084164487198], [-0.000134252622956, 0.00222336128354, -0.000132515298901, -0.00384600413963, 0.00775163993239, -0.00521868886426, -0.000277311337413, 0.00493161845952, -0.00870856177062, 0.0158541351557, -0.0239311307669, 0.0303471777588, -0.0123030757532], [8.2020793343e-05, 8.73423414305e-05, 7.31859836378e-05, 0.00313491560519, -0.00378029141575, 0.00375189352781, 0.000857793260366, -0.00334068736993, 0.00503836525604, -0.00426448648795, 0.0084164487198, -0.0123030757532, 0.0133631071076]], "cov": [[40541.1210938, 1795.22827148, -4775.97119141, -1919.24389648, -362.029571533, -1498.40368652, -424.267547607, -721.445495605, 599.794250488, 291.633178711, 428.509765625, 128.708984375, 96.5299682617], [1795.22827148, 1451.77783203, 220.716598511, -186.868118286, 103.047904968, -45.3328666687, -106.588447571, -197.582824707, -207.880691528, -293.339996338, -171.822906494, -190.877670288, -61.302444458], [-4775.97119141, 220.716598511, 1203.63024902, 440.510498047, 16.1159076691, 313.842376709, -38.2474403381, 124.415077209, -170.845550537, -56.6369171143, -141.722946167, -122.36479187, -109.117256165], [-1919.24389648, -186.868118286, 440.510498047, 405.831176758, 77.9194107056, 139.952514648, 64.0123977661, 96.3825912476, -12.072350502, 21.0174808502, -48.0157661438, -33.5660514832, -71.2850799561], [-362.029571533, 103.047904968, 16.1159076691, 77.9194107056, 260.489074707, 45.6717071533, 125.166435242, -5.47783756256, -1.29525649548, -85.0527420044, -31.4140014648, -40.3756027222, -9.39783382416], [-1498.40368652, -45.3328666687, 313.842376709, 139.952514648, 45.6717071533, 260.800506592, 61.7430686951, 84.9842300415, -94.3105621338, -55.4737701416, -70.334815979, -32.2510032654, -35.6176223755], [-424.267547607, -106.588447571, -38.2474403381, 64.0123977661, 125.166435242, 61.7430686951, 272.870605469, 68.8353424072, 78.672958374, 10.6273527145, 34.4181976318, 17.7032871246, -25.3907928467], [-721.445495605, -197.582824707, 124.415077209, 96.3825912476, -5.47783756256, 84.9842300415, 68.8353424072, 175.368377686, 78.5258483887, 71.7117767334, 10.3724088669, -2.20378994942, -18.8445148468], [599.794250488, -207.880691528, -170.845550537, -12.072350502, -1.29525649548, -94.3105621338, 78.672958374, 78.5258483887, 270.912628174, 202.348312378, 109.849769592, 32.1296882629, -35.0362892151], [291.633178711, -293.339996338, -56.6369171143, 21.0174808502, -85.0527420044, -55.4737701416, 10.6273527145, 71.7117767334, 202.348312378, 284.405639648, 155.956588745, 41.5963249207, -41.1941947937], [428.509765625, -171.822906494, -141.722946167, -48.0157661438, -31.4140014648, -70.334815979, 34.4181976318, 10.3724088669, 109.849769592, 155.956588745, 166.085449219, 84.8245773315, 3.62080740929], [128.708984375, -190.877670288, -122.36479187, -33.5660514832, -40.3756027222, -32.2510032654, 17.7032871246, -2.20378994942, 32.1296882629, 41.5963249207, 84.8245773315, 132.75177002, 74.9046707153], [96.5299682617, -61.302444458, -109.117256165, -71.2850799561, -9.39783382416, -35.6176223755, -25.3907928467, -18.8445148468, -35.0362892151, -41.1941947937, 3.62080740929, 74.9046707153, 162.968521118]]}, "spectral_energyband_middle_low": {"dmean2": 0.00324193690903, "median": 0.000874080113135, "min": 1.41318461071e-22, "dvar2": 0.000126409562654, "dvar": 5.54157595616e-05, "dmean": 0.00219553848729, "max": 0.243715450168, "var": 0.000191817176528, "mean": 0.00574174383655}, "melbands_crest": {"dmean2": 4.65637350082, "median": 16.759147644, "min": 1.04531991482, "dvar2": 29.1633281708, "dvar": 10.145075798, "dmean": 2.83281111717, "max": 39.7738838196, "var": 54.5728645325, "mean": 17.4266376495}, "spectral_kurtosis": {"dmean2": 15.0377378464, "median": 24.6694488525, "min": -1.269105196, "dvar2": 253.885986328, "dvar": 88.2579498291, "dmean": 8.94083786011, "max": 130.079421997, "var": 165.497421265, "mean": 25.8893432617}, "spectral_rms": {"dmean2": 0.000459498813143, "median": 0.00143315573223, "min": 3.13702210909e-12, "dvar2": 7.35955950404e-07, "dvar": 4.19545045816e-07, "dmean": 0.000326316192513, "max": 0.0191323813051, "var": 6.97087898516e-06, "mean": 0.00232222769409}, "zerocrossingrate": {"dmean2": 0.0510136187077, "median": 0.2197265625, "min": 0, "dvar2": 0.00534219294786, "dvar": 0.00278236460872, "dmean": 0.0380511060357, "max": 0.91748046875, "var": 0.0140770887956, "mean": 0.234490126371}, "silence_rate_60dB": {"dmean2": 0.0433160178363, "median": 1, "min": 0, "dvar2": 0.0505108870566, "dvar": 0.0211866386235, "dmean": 0.0216564238071, "max": 1, "var": 0.245030477643, "mean": 0.570268511772}, "erbbands_kurtosis": {"dmean2": 1.47986209393, "median": 0.0295579433441, "min": -1.76836013794, "dvar2": 9.42314434052, "dvar": 3.5808775425, "dmean": 0.910290241241, "max": 60.356967926, "var": 8.73532581329, "mean": 0.8232640028}, "erbbands": {"dmean2": [0.0117891114205, 0.042525973171, 0.325802624226, 1.31101548672, 2.11072468758, 2.86365056038, 3.70691871643, 8.87101364136, 19.3554039001, 29.8668346405, 5.7377820015, 7.07466363907, 10.1065731049, 23.2655620575, 20.6573314667, 34.7655525208, 14.5567893982, 18.6448936462, 14.4380121231, 15.646985054, 10.1640520096, 7.98685979843, 4.84676074982, 2.05191874504, 1.27154421806, 2.07061266899, 0.941291332245, 0.505868911743, 0.321191430092, 0.136526554823, 0.0900922194123, 0.046570610255, 0.0274615902454, 0.0131198065355, 0.008206397295, 0.00529956724495, 0.00400033174083, 0.00295644602738, 0.00274483417161, 0.0017926543951], "median": [0.00027190707624, 0.00248112459667, 0.0336856842041, 0.171676829457, 0.25469404459, 0.499641567469, 0.54734069109, 0.370422482491, 0.431497216225, 0.379348903894, 0.205755025148, 0.291585385799, 0.643306910992, 1.43233907223, 1.23223137856, 1.03908514977, 0.726607143879, 0.292103111744, 0.421520322561, 0.565926790237, 0.397841304541, 0.126125633717, 0.0756939277053, 0.0583617947996, 0.0296817533672, 0.0266705714166, 0.0108673498034, 0.00735178263858, 0.00587855326012, 0.00402605347335, 0.00276857451536, 0.00160827976651, 0.000903453968931, 0.000565061403904, 0.000370962021407, 0.000252873811405, 0.000197690111236, 0.000131246852106, 0.000135961177875, 0.000350292422809], "min": [5.39232119542e-23, 5.32657159535e-22, 1.19155548992e-21, 5.86421657723e-21, 1.6059596886e-20, 2.20225205865e-20, 1.32449371372e-20, 5.75013956581e-20, 1.18816391208e-19, 1.493025075e-19, 1.67897127005e-19, 2.07720690696e-19, 2.94020547401e-19, 4.64990430661e-19, 8.90902988029e-19, 6.79020363931e-19, 1.48297984534e-18, 2.01077949578e-18, 2.33733179005e-18, 3.34694212362e-18, 3.137496477e-18, 4.36340461459e-18, 4.84399200099e-18, 5.70077409894e-18, 4.42351955201e-18, 8.0166788092e-18, 7.61955270584e-18, 7.8065798967e-18, 1.12561414267e-17, 1.01820201044e-17, 1.07227761949e-17, 8.51493435989e-18, 8.93127586889e-18, 8.58118656388e-18, 6.18077087838e-18, 3.70829039074e-18, 2.05860170212e-18, 9.37449578471e-19, 2.23503064138e-19, 2.6700107397e-20], "dvar2": [0.00265277549624, 0.0528353974223, 2.69067788124, 24.9480438232, 58.718711853, 104.265541077, 184.223434448, 1680.91345215, 7533.51611328, 21033.4941406, 768.459960938, 1304.48791504, 1742.05688477, 12507.9287109, 8225.58203125, 38709.8515625, 4894.24853516, 12283.4765625, 5678.52197266, 5962.54736328, 2104.04907227, 1634.76574707, 550.50201416, 103.946533203, 32.524723053, 118.329650879, 20.3142223358, 7.785115242, 3.15419697762, 0.261955738068, 0.175967171788, 0.0296909548342, 0.0107899298891, 0.00230911769904, 0.000913847587071, 0.000351575668901, 0.000215270280023, 0.000122106808703, 0.000136561429827, 3.79284574592e-05], "dvar": [0.00100523710717, 0.0210963748395, 1.09017539024, 9.7291727066, 20.6696624756, 45.5228538513, 82.7565994263, 899.797424316, 3271.08886719, 7477.96484375, 307.895843506, 535.888366699, 795.312561035, 5269.13037109, 4340.10400391, 19617.9414062, 2560.6965332, 5698.90429688, 2580.88720703, 4046.14233398, 988.791992188, 728.512145996, 238.234924316, 47.2188148499, 14.7640810013, 62.6416549683, 9.40440559387, 3.52597975731, 1.47771382332, 0.129911318421, 0.0874913930893, 0.0143018765375, 0.0047397040762, 0.00096144824056, 0.000380223209504, 0.000151113403263, 0.000108639971586, 6.26770051895e-05, 7.20010575606e-05, 2.07957928069e-05], "dmean": [0.0070290453732, 0.0262731891125, 0.20552238822, 0.784468352795, 1.24870491028, 1.86077082157, 2.48999142647, 6.38807964325, 12.6483688354, 17.8915500641, 3.62424755096, 4.43987464905, 6.68805837631, 15.1971483231, 14.433177948, 24.6702022552, 10.5005369186, 12.9932470322, 9.96848106384, 11.4325351715, 7.03540849686, 5.36755466461, 3.25886440277, 1.38045120239, 0.867856144905, 1.42179965973, 0.641747891903, 0.343678802252, 0.221195831895, 0.0919187292457, 0.0589064508677, 0.0304081831127, 0.0174293667078, 0.00795095786452, 0.00496326154098, 0.00332894013263, 0.00267925998196, 0.00206750468351, 0.00194614252541, 0.00129179377109], "max": [1.74914765358, 9.11723804474, 58.4880943298, 193.208602905, 204.030410767, 244.99659729, 334.178405762, 1993.50695801, 2201.08398438, 3358.19311523, 966.180358887, 1202.29333496, 1092.28540039, 3802.18383789, 2634.68261719, 7572.56689453, 2340.79418945, 3999.03540039, 2725.00439453, 5819.69824219, 1059.00427246, 1623.75134277, 438.216583252, 309.845550537, 145.399780273, 408.777130127, 123.016296387, 77.5279083252, 62.7013511658, 21.5956268311, 16.8798656464, 5.96034812927, 2.79221200943, 0.956099152565, 0.596430718899, 0.359620839357, 0.588926196098, 0.442245423794, 0.483728021383, 0.22055965662], "var": [0.00356334983371, 0.0415555499494, 2.44789981842, 35.9800834656, 63.2238807678, 144.289672852, 254.032516479, 2874.91772461, 6894.42236328, 10664.4628906, 527.044067383, 780.93347168, 2162.203125, 10378.9873047, 12554.3066406, 51969.0859375, 10080.7294922, 11753.3779297, 6760.30566406, 13159.4423828, 2308.1237793, 1751.52807617, 605.968139648, 127.216148376, 41.6216087341, 163.064666748, 21.3247699738, 7.33313846588, 3.34561991692, 0.521926343441, 0.256099283695, 0.0482524447143, 0.0110120736063, 0.00117646716535, 0.000447919272119, 0.00027311174199, 0.000439759140136, 0.00030347093707, 0.000348579225829, 0.000255290971836], "mean": [0.0110582169145, 0.0417707711458, 0.36400744319, 1.51533162594, 2.4506289959, 4.19887828827, 6.08283758163, 14.7281141281, 21.3402938843, 25.6091766357, 6.2607254982, 6.98616838455, 12.7144260406, 27.2165737152, 28.7301006317, 49.2095527649, 22.9052848816, 22.3423137665, 18.8733158112, 20.6817703247, 12.5398025513, 9.79176425934, 5.74854326248, 2.50131249428, 1.61043310165, 2.37581253052, 1.03335154057, 0.538754343987, 0.355259180069, 0.17607460916, 0.0999430194497, 0.0489076189697, 0.0246537607163, 0.00846437364817, 0.00510816089809, 0.00440303096548, 0.00489902775735, 0.00475852517411, 0.00533869955689, 0.00564112141728]}, "spectral_strongpeak": {"dmean2": 2.20570468903, "median": 0.207831934094, "min": 0, "dvar2": 79.186630249, "dvar": 29.006855011, "dmean": 1.19642281532, "max": 140.029449463, "var": 25.7243976593, "mean": 1.2704744339}, "spectral_energy": {"dmean2": 0.00500997900963, "median": 0.00210528378375, "min": 1.00869303874e-20, "dvar2": 0.000247150135692, "dvar": 0.000136458678753, "dmean": 0.00366566888988, "max": 0.375199258327, "var": 0.000927441869862, "mean": 0.0126726552844}, "average_loudness": 0.00227856799029, "spectral_rolloff": {"dmean2": 8103.89013672, "median": 2110.25390625, "min": 21.533203125, "dvar2": 166686688, "dvar": 62048528, "dmean": 4140.1796875, "max": 22050, "var": 100051192, "mean": 9677.31835938}, "spectral_centroid": {"dmean2": 163.773986816, "median": 569.41583252, "min": 155.474822998, "dvar2": 76701.4375, "dvar": 33468.8945312, "dmean": 102.258529663, "max": 11867.15625, "var": 1394799.875, "mean": 846.229553223}, "pitch_salience": {"dmean2": 0.0960502997041, "median": 0.476758211851, "min": 0.0183413047343, "dvar2": 0.0100253568962, "dvar": 0.00358420214616, "dmean": 0.0592939257622, "max": 0.995130181313, "var": 0.0243277996778, "mean": 0.45933124423}, "spectral_energyband_middle_high": {"dmean2": 0.00195231265388, "median": 0.000200477385079, "min": 1.11511671098e-21, "dvar2": 5.74945624976e-05, "dvar": 3.52475726686e-05, "dmean": 0.0015105176717, "max": 0.229916349053, "var": 0.000203983305255, "mean": 0.00424904329702}, "spectral_contrast_coeffs": {"dmean2": [0.072944201529, 0.0705363228917, 0.0536369048059, 0.0443148799241, 0.05