{"metadata": {"tags": {"originalyear": ["2009"], "album": ["French Level 2 Unit 4: Dining and Vacation"], "musicbrainz album type": ["other/spokenword"], "script": ["Latn"], "albumartistsort": ["Rosetta Stone"], "musicbrainz album release country": ["US"], "musicbrainz_artistid": ["7a8d62ab-2b8e-4ec9-924c-9b23b78afbe5"], "musicbrainz_releasegroupid": ["dd2fa67b-8063-426e-940f-a34e014f6e62"], "musicbrainz_recordingid": ["13b4237a-9bcc-4cf8-9e67-9f08c7d21c47"], "albumartist": ["Rosetta Stone"], "barcode": ["9781617161469"], "originaldate": ["2009"], "musicbrainz album status": ["official"], "artist": ["Rosetta Stone"], "musicbrainz_albumid": ["521f237d-c89e-4109-928c-f49f871cfcc5"], "artistsort": ["Rosetta Stone"], "title": ["Lesson 4 Vocabulary"], "tracknumber": ["18/21"], "musicbrainz_albumartistid": ["7a8d62ab-2b8e-4ec9-924c-9b23b78afbe5"], "encoding": ["LAME 32bits version 3.98.2 (http://www.mp3dev.org/)"], "discnumber": ["1/1"], "date": ["2009"], "media": ["CD"], "file_name": "18. Rosetta Stone - Lesson 4 Vocabulary.mp3", "composer": ["Rosetta Stone Ltd."], "length": ["109518"]}, "audio_properties": {"sample_rate": 44100, "downmix": "mix", "lossless": false, "analysis_sample_rate": 44100, "md5_encoded": "85ff8be1cc968ced7099130cbb6558a0", "equal_loudness": 0, "replay_gain": -13.5672931671, "codec": "mp3", "bit_rate": 71704, "length": 109.58367157}, "version": {"extractor": "music 1.0", "essentia_build_sha": "70f2e5ece6736b2c40cc944ad0e695b16b925413", "essentia_git_sha": "v2.1_beta2", "essentia": "2.1-beta2"}}, "rhythm": {"beats_loudness_band_ratio": {"dvar2": [0.244530081749, 0.137970268726, 0.0225573759526, 0.0131517238915, 0.00766969099641, 0.151876151562], "var": [0.140226989985, 0.0492354743183, 0.0148742450401, 0.00257447990589, 0.00161862955429, 0.0388949103653], "min": [0, 0, 0, 0, 0, 0], "dmean": [0.367646425962, 0.185972630978, 0.0585093535483, 0.0257455483079, 0.0207716692239, 0.0875897854567], "mean": [0.281880199909, 0.1197443977, 0.0467545948923, 0.0150436433032, 0.0119809294119, 0.055826716125], "max": [0.999920010567, 0.970766723156, 0.785182476044, 0.375014275312, 0.364518880844, 0.993231534958], "dmean2": [0.655665159225, 0.344603329897, 0.105715163052, 0.0505359172821, 0.0395308993757, 0.174146473408], "median": [0.000176284229383, 1.1730568076e-05, 4.98293911733e-06, 1.17826130008e-06, 1.92333823179e-06, 3.08890685119e-06], "dvar": [0.135739207268, 0.0602619126439, 0.0105740623549, 0.0045250444673, 0.00267744460143, 0.055501781404]}, "bpm_histogram_first_peak_weight": {"dvar2": 0, "var": 0, "min": 0.23899371922, "dmean": 0, "mean": 0.23899371922, "max": 0.23899371922, "dmean2": 0, "median": 0.23899371922, "dvar": 0}, "bpm": 83.1987915039, "beats_count": 160, "bpm_histogram_first_peak_spread": {"dvar2": 0, "var": 0, "min": 0.486486494541, "dmean": 0, "mean": 0.486486494541, "max": 0.486486494541, "dmean2": 0, "median": 0.486486494541, "dvar": 0}, "danceability": 1.10823607445, "bpm_histogram_first_peak_bpm": {"dvar2": 0, "var": 0, "min": 82, "dmean": 0, "mean": 82, "max": 82, "dmean2": 0, "median": 82, "dvar": 0}, "beats_position": [0.66176867485, 1.33514738083, 2.00852608681, 2.65868473053, 3.33206343651, 3.98222208023, 4.62077093124, 5.25931978226, 5.89786815643, 6.51319694519, 7.11691617966, 7.87156438828, 8.63782310486, 9.38086128235, 10.1006803513, 10.8321084976, 11.5635375977, 12.2833557129, 12.9915647507, 13.6881628036, 14.3731517792, 14.9884805679, 15.6038093567, 16.2191371918, 16.8228569031, 17.4730148315, 18.1696147919, 18.8662128448, 19.5279808044, 20.2013607025, 20.9908390045, 21.7803173065, 22.5697956085, 23.3476638794, 24.1835823059, 25.0078907013, 25.8670291901, 26.73777771, 27.5736961365, 28.3051242828, 29.0249423981, 29.7563705444, 30.4878005981, 31.2192287445, 31.8461666107, 32.5079345703, 33.2161445618, 33.9243545532, 34.6093406677, 35.3175506592, 36.0489807129, 36.7804069519, 37.5466651917, 38.3361434937, 39.1720619202, 40.0079803467, 40.8206787109, 41.6565971375, 42.492515564, 43.281993866, 44.0830841064, 44.8841705322, 45.6852607727, 46.4515190125, 47.1597251892, 47.8911552429, 48.6225852966, 49.3772315979, 50.0970497131, 50.8168716431, 51.5366897583, 52.2797279358, 52.999546051, 53.73097229, 54.4624023438, 55.2054405212, 55.9600906372, 56.726348877, 57.4926071167, 58.2588653564, 59.03673172, 59.8146018982, 60.5924720764, 61.3006782532, 62.0088882446, 62.7170982361, 63.4253044128, 64.1567306519, 64.8765487671, 65.6079788208, 66.351020813, 67.0360107422, 67.720993042, 68.4408187866, 69.1606369019, 69.8920593262, 70.6118774414, 71.3316955566, 72.0631256104, 72.7945556641, 73.3750534058, 73.9671630859, 74.4199523926, 74.8727416992, 75.3255310059, 75.7783203125, 76.2194976807, 76.6606826782, 77.1018600464, 77.5082092285, 77.9029464722, 78.2860794067, 78.6808166504, 79.1103820801, 79.5399551392, 79.9695205688, 80.4455337524, 80.9215393066, 81.3975524902, 82.047706604, 82.6978683472, 83.3828582764, 84.0678405762, 84.7876663208, 85.4378204346, 86.1924667358, 86.935508728, 87.6901550293, 88.44480896, 89.2226715088, 90.000541687, 90.7551879883, 91.4053497314, 92.1135559082, 92.8217697144, 93.5299758911, 94.2730178833, 95.0276641846, 95.7474822998, 96.4556884766, 97.1406784058, 97.8488845825, 98.5570983887, 99.2653045654, 100.031562805, 100.786209106, 101.494422913, 102.214241028, 102.852790833, 103.514556885, 104.037002563, 104.559455872, 105.08190155, 105.581130981, 106.091972351, 106.602806091, 107.113647461, 107.624488831, 108.1353302, 108.64616394], "beats_loudness": {"dvar2": 0.0026910379529, "var": 0.00095934123965, "min": 0, "dmean": 0.0274491794407, "mean": 0.017397319898, "max": 0.133269131184, "dmean2": 0.0503427088261, "median": 2.33420560658e-10, "dvar": 0.00114280602429}, "bpm_histogram_second_peak_weight": {"dvar2": 0, "var": 0, "min": 0.0691823884845, "dmean": 0, "mean": 0.0691823884845, "max": 0.0691823884845, "dmean2": 0, "median": 0.0691823884845, "dvar": 0}, "bpm_histogram_second_peak_spread": {"dvar2": 0, "var": 0, "min": 0.476190507412, "dmean": 0, "mean": 0.476190507412, "max": 0.476190507412, "dmean2": 0, "median": 0.476190507412, "dvar": 0}, "bpm_histogram_second_peak_bpm": {"dvar2": 0, "var": 0, "min": 88, "dmean": 0, "mean": 88, "max": 88, "dmean2": 0, "median": 88, "dvar": 0}, "onset_rate": 1.36863577366}, "lowlevel": {"spectral_energyband_high": {"dvar2": 9.21538503462e-06, "var": 1.5198444089e-05, "min": 6.68744546366e-21, "dmean": 0.000376513082301, "mean": 0.000590203271713, "max": 0.0644319802523, "dmean2": 0.000498402456287, "median": 8.06137186237e-21, "dvar": 5.49670221517e-06}, "spectral_energyband_middle_low": {"dvar2": 0.00013286570902, "var": 0.000388288171962, "min": 1.01606963288e-22, "dmean": 0.00281368708238, "mean": 0.00688999844715, "max": 0.153407111764, "dmean2": 0.00364574673586, "median": 3.8794530915e-22, "dvar": 8.975459059e-05}, "spectral_energy": {"dvar2": 0.000171253850567, "var": 0.000505739997607, "min": 9.69762639468e-21, "dmean": 0.00354730850086, "mean": 0.00926457252353, "max": 0.154924333096, "dmean2": 0.00465166289359, "median": 1.09990609948e-20, "dvar": 0.000109194865217}, "spectral_spread": {"dvar2": 26970266009600.0, "var": 285455572533000.0, "min": 136337.75, "dmean": 1561211, "mean": 27763382, "max": 51290408, "dmean2": 2649207, "median": 39864212, "dvar": 14218185146400.0}, "spectral_energyband_low": {"dvar2": 1.72187010321e-05, "var": 3.77766373276e-05, "min": 7.24127373769e-24, "dmean": 0.000849797273986, "mean": 0.00186328787822, "max": 0.0717708691955, "dmean2": 0.00109587493353, "median": 1.03381755175e-22, "dvar": 1.01568202808e-05}, "spectral_rolloff": {"dvar2": 10720124, "var": 66568544, "min": 21.533203125, "dmean": 832.795776367, "mean": 13164.2675781, "max": 20564.2089844, "dmean2": 1445.44104004, "median": 18497.0214844, "dvar": 5712361}, "barkbands": {"dvar2": [2.23361694225e-05, 2.70429245575e-06, 3.06774290948e-06, 9.24434971239e-06, 5.48289717699e-05, 2.06125914701e-05, 1.70635539689e-05, 6.46185526421e-06, 1.92184438674e-06, 4.17987934043e-07, 3.07666169874e-07, 1.12023798238e-07, 8.25141270866e-08, 6.48931148817e-08, 3.7156958399e-08, 4.21194137346e-08, 2.14606021842e-08, 2.42009967621e-08, 1.07047874565e-07, 5.88185002925e-07, 6.21161689196e-07, 5.96069185121e-07, 1.01861633084e-06, 9.0223090865e-07, 3.72692767314e-07, 3.60734766502e-08, 3.58359730779e-10], "var": [6.99428028383e-06, 8.28836255096e-06, 7.11246912033e-06, 2.83660410787e-05, 0.000143359444337, 2.74392186839e-05, 1.15876855489e-05, 3.98426345782e-06, 2.50285438597e-06, 4.09831642401e-07, 3.60006765732e-07, 7.18571087077e-08, 7.61232072932e-08, 4.16772145684e-08, 3.34918155431e-08, 2.38366073546e-08, 1.33287683113e-08, 1.83195840719e-08, 5.49549312723e-08, 3.55099160743e-07, 7.27771009679e-07, 5.66940968838e-07, 1.33976823236e-06, 9.09203038191e-07, 4.1166586584e-07, 5.22551673043e-08, 4.7754639132e-10], "min": [3.16215510155e-26, 2.28866002152e-25, 1.63974230133e-25, 5.0224718483e-26, 2.66585622994e-24, 4.02618592148e-24, 2.114178386e-24, 8.80320748319e-25, 6.60048951856e-24, 8.3714566128e-24, 8.04302699669e-24, 1.14130392061e-23, 1.11903942596e-23, 1.98108232627e-23, 2.69446202241e-23, 2.41694438471e-23, 4.74443194277e-23, 4.90127421458e-23, 7.26651523562e-23, 1.22162810456e-22, 1.7809058739e-22, 2.38842520128e-22, 3.25518643643e-22, 4.69288934895e-22, 7.09509172195e-22, 1.11517184289e-21, 1.73614689064e-21], "dmean": [0.000310749688651, 0.000278513442026, 0.000278524297755, 0.000679329619743, 0.00139907200355, 0.000759478309192, 0.000492885883432, 0.000236158171901, 0.000158787850523, 6.87021019985e-05, 5.4420062952e-05, 3.10645154968e-05, 2.51648289122e-05, 2.57068131759e-05, 2.34024919337e-05, 2.34071321756e-05, 1.7684778868e-05, 2.19403118535e-05, 3.37915116688e-05, 6.45060063107e-05, 7.6714430179e-05, 7.11712418706e-05, 8.41587316245e-05, 7.61619594414e-05, 5.84340268688e-05, 1.93570012925e-05, 2.18967647925e-06], "mean": [0.000257893523667, 0.00058980146423, 0.000542702211533, 0.00155946996529, 0.00293990992941, 0.00125177740119, 0.000588752096519, 0.000271063967375, 0.000240349138039, 9.4110131613e-05, 7.03330224496e-05, 3.68354158127e-05, 3.16947298415e-05, 3.16684345307e-05, 2.92347140203e-05, 2.62187040789e-05, 2.10014841286e-05, 2.7134328775e-05, 3.90744098695e-05, 7.5104595453e-05, 0.000103698912426, 9.42386104725e-05, 0.000126132232253, 0.000109387212433, 7.7230099123e-05, 2.6852116207e-05, 2.91596870738e-06], "max": [0.107315897942, 0.0411842539907, 0.0414007976651, 0.0678692609072, 0.149451851845, 0.0870228558779, 0.0652409568429, 0.050054538995, 0.0307571440935, 0.0120200738311, 0.015154954046, 0.00647216616198, 0.00678767729551, 0.00517784478143, 0.00553456740454, 0.00292823673226, 0.00344495591708, 0.00305675412528, 0.00841753184795, 0.0187894459814, 0.0184699799865, 0.0171819385141, 0.0295412875712, 0.0226270705462, 0.0199987981468, 0.00557921687141, 0.000545882678125], "dmean2": [0.000515078252647, 0.000360913574696, 0.000380107667297, 0.000835526094306, 0.00182592391502, 0.00101248151623, 0.000725143763702, 0.000340139755281, 0.00020163145382, 9.65749568422e-05, 7.32261032681e-05, 4.68670586997e-05, 3.72516951757e-05, 3.84839186154e-05, 3.3725224057e-05, 3.52565220965e-05, 2.68481435342e-05, 3.21748630085e-05, 5.26356161572e-05, 9.5140610938e-05, 0.00010603904957, 0.000100278572063, 0.000118270429084, 0.000111867084343, 8.35038226796e-05, 2.60107954091e-05, 2.8236261187e-06], "median": [3.16439435226e-23, 4.70676067911e-23, 3.3030760994e-23, 3.16863148195e-23, 7.30275298125e-23, 7.22441404465e-23, 7.52466270933e-23, 7.42277154155e-23, 9.89673715907e-23, 1.0014825219e-22, 9.96309108971e-23, 1.26978459183e-22, 1.40009128673e-22, 1.54116536501e-22, 1.77046993832e-22, 1.99118703493e-22, 2.21630433457e-22, 2.69470013219e-22, 3.34554041882e-22, 4.06182334397e-22, 5.22769412866e-22, 6.1709647742e-22, 7.34625493675e-22, 9.81388505457e-22, 1.35381698371e-21, 1.85714265396e-21, 2.60923986421e-21], "dvar": [8.61305306898e-06, 1.7035088149e-06, 1.9377339413e-06, 6.44830151941e-06, 3.70641610061e-05, 1.20489412438e-05, 8.12897906144e-06, 2.95197128253e-06, 1.15655132049e-06, 2.10213315199e-07, 1.63070353665e-07, 5.10551991795e-08, 4.12287839424e-08, 2.97175297703e-08, 1.88282811564e-08, 1.7730569013e-08, 8.67869864862e-09, 1.10702842449e-08, 4.56687168082e-08, 2.59134509406e-07, 3.24437024801e-07, 3.04459518929e-07, 5.64730100905e-07, 4.51343225905e-07, 2.10537251633e-07, 2.17275886172e-08, 2.07505720939e-10]}, "melbands_skewness": {"dvar2": 64.001159668, "var": 51.6999053955, "min": -7.00032091141, "dmean": 1.34913861752, "mean": 1.72859203815, "max": 175.4637146, "dmean2": 2.06637763977, "median": 0.0657900348306, "dvar": 30.3185024261}, "barkbands_skewness": {"dvar2": 49.6697044373, "var": 25.30950737, "min": -11.5123653412, "dmean": 1.16651546955, "mean": -0.14369545877, "max": 102.453018188, "dmean2": 1.86847484112, "median": -1.76875674725, "dvar": 18.4312210083}, "erbbands": {"dvar2": [0.00775536103174, 0.132998049259, 2.56667113304, 31.804901123, 383.697998047, 1350.70690918, 1306.13537598, 2145.27856445, 3106.57861328, 2928.94799805, 2732.31225586, 1230.83203125, 561.249938965, 381.74508667, 366.298950195, 178.370376587, 183.84286499, 129.649932861, 73.5411682129, 106.598709106, 97.1875686646, 46.3842163086, 58.6874198914, 206.844146729, 346.986877441, 1240.52502441, 945.236083984, 1088.89929199, 579.042663574, 1398.66821289, 614.86541748, 383.922180176, 283.006347656, 93.2937469482, 10.90691185, 1.58453571796, 0.0740968883038, 0.000912852643523, 9.7069032563e-06, 5.37141140455e-08], "var": [0.0035211793147, 0.609348654747, 6.90613698959, 91.560005188, 1209.27636719, 2499.36450195, 1519.82446289, 2976.32055664, 2215.2109375, 2322.38598633, 1320.7635498, 1420.82531738, 589.262817383, 395.552429199, 270.352996826, 110.813987732, 169.464324951, 99.7700195312, 59.2852859497, 123.894325256, 56.5716819763, 40.1304206848, 50.5486946106, 81.8998184204, 244.462982178, 761.675354004, 1031.55639648, 1261.03076172, 606.129943848, 1546.19360352, 877.028381348, 392.518554688, 294.839263916, 94.3046569824, 10.7467556, 2.02797198296, 0.119202718139, 0.00169131660368, 1.42079625221e-05, 4.48440111711e-08], "min": [1.67031309701e-23, 8.49513517215e-23, 1.08930245586e-21, 2.86689874903e-21, 3.89018114543e-21, 6.76770864026e-21, 2.12818401247e-20, 4.30102770008e-20, 4.76129554983e-20, 5.89816870631e-20, 9.9103507526e-20, 1.80047608872e-19, 2.70237683073e-19, 4.36707833048e-19, 5.4398405951e-19, 6.19013632068e-19, 8.1117254805e-19, 1.26313219573e-18, 1.50321320011e-18, 2.220668718e-18, 2.71112664385e-18, 3.31631493426e-18, 2.94819123074e-18, 3.28980834512e-18, 4.21477018468e-18, 5.7859753564e-18, 6.19993334445e-18, 7.77798839882e-18, 7.95751223435e-18, 7.18180789849e-18, 8.43468212405e-18, 7.80514721987e-18, 8.26299830637e-18, 6.36425070519e-18, 5.4847079055e-18, 3.53829691665e-18, 1.96322095326e-18, 8.31569684582e-19, 1.99959061137e-19, 2.41988036975e-20], "dmean": [0.0085375411436, 0.0629639700055, 0.268311053514, 1.27439117432, 3.90810680389, 5.61686706543, 5.01774644852, 7.26766347885, 7.05870962143, 6.16561508179, 4.54429674149, 3.79242920876, 2.65505051613, 2.04461598396, 1.72368228436, 1.20251309872, 1.15532779694, 1.23248958588, 1.11758267879, 1.29423129559, 1.10252916813, 0.965679943562, 1.13346374035, 1.42993116379, 1.93201839924, 2.97054743767, 3.08225536346, 2.98475551605, 2.35840892792, 2.98064494133, 2.1555314064, 1.75286436081, 1.27769315243, 0.81948274374, 0.332873135805, 0.123484812677, 0.0275400262326, 0.00392806576565, 0.000383958598832, 1.87646728591e-05], "mean": [0.0109261190519, 0.157476380467, 0.597731351852, 2.98609662056, 8.71633052826, 9.70166015625, 7.923183918, 11.4515838623, 8.95033740997, 8.12327098846, 5.58890533447, 5.50605249405, 3.89714384079, 2.85080218315, 2.23916053772, 1.45274114609, 1.47626054287, 1.56563091278, 1.4927059412, 1.65934574604, 1.3349199295, 1.23030543327, 1.41683864594, 1.6771671772, 2.30401563644, 3.51244068146, 4.13886451721, 4.13123130798, 3.13639044762, 4.1272726059, 3.28912210464, 2.38437581062, 1.7915968895, 1.04260480404, 0.436084091663, 0.167123064399, 0.0399715267122, 0.00551601406187, 0.000526940624695, 3.25682085531e-05], "max": [1.65499782562, 11.1564083099, 32.7595481873, 114.879241943, 384.063232422, 854.909362793, 1022.57971191, 1099.28552246, 1121.23303223, 1396.36279297, 1015.15820312, 719.413269043, 478.421478271, 384.440246582, 552.106140137, 245.290374756, 339.714050293, 202.302322388, 152.079742432, 267.117828369, 196.766769409, 149.179580688, 190.193817139, 305.406890869, 604.251708984, 899.039794922, 654.784240723, 756.009460449, 512.442687988, 1162.22021484, 654.772460938, 526.75177002, 526.266052246, 370.053314209, 70.002784729, 34.294052124, 9.08844470978, 0.870687782764, 0.0792844444513, 0.0088926050812], "dmean2": [0.0134569564834, 0.0764077007771, 0.352771818638, 1.544044137, 4.98496294022, 7.33895301819, 6.60954999924, 9.53402709961, 10.19165802, 8.7080450058, 6.6106171608, 4.90296125412, 3.43910455704, 2.88431453705, 2.42312765121, 1.80457186699, 1.69130706787, 1.80487644672, 1.60036802292, 1.83206641674, 1.64296674728, 1.40933346748, 1.65451073647, 2.1732199192, 2.89053463936, 4.33292818069, 4.42188262939, 4.22341060638, 3.22527194023, 4.24055528641, 2.97803449631, 2.45155930519, 1.9794626236, 1.15072453022, 0.479875713587, 0.172504588962, 0.0373093523085, 0.00510305538774, 0.000487408251502, 2.52681729762e-05], "median": [1.75664344071e-21, 9.81555133075e-21, 3.29334464564e-20, 7.80057490149e-20, 1.50470085859e-19, 2.68858281854e-19, 4.3952371095e-19, 6.40826798411e-19, 9.50859003381e-19, 1.28807034703e-18, 1.7035510712e-18, 2.21064163461e-18, 2.88663244955e-18, 3.46481019103e-18, 4.23492568107e-18, 5.32216567436e-18, 6.22228914128e-18, 7.43046997115e-18, 8.68762485638e-18, 9.70201877543e-18, 1.11534337188e-17, 1.2688829001e-17, 1.42188558811e-17, 1.5954307276e-17, 1.75726447854e-17, 1.90195027908e-17, 2.05600737421e-17, 2.13731244554e-17, 2.15696542972e-17, 2.18775838607e-17, 2.1221158142e-17, 1.95880041734e-17, 1.73982767666e-17, 1.42148473638e-17, 1.04611356585e-17, 6.76706574321e-18, 3.62128629315e-18, 1.47365803682e-18, 3.69275888567e-19, 3.9083094871e-20], "dvar": [0.00312490086071, 0.102209940553, 1.68697285652, 22.0410728455, 274.884124756, 890.343444824, 732.96862793, 1284.80957031, 1480.91687012, 1486.84667969, 1127.46887207, 726.902160645, 294.973205566, 182.889968872, 167.009567261, 79.1320571899, 97.5472946167, 63.7055892944, 33.6069984436, 62.1151618958, 40.7491645813, 21.6305065155, 28.1188030243, 80.0139083862, 173.638702393, 548.690307617, 511.56439209, 547.335388184, 298.26473999, 765.116516113, 340.952209473, 185.643539429, 152.860412598, 53.3389587402, 5.30795431137, 0.898013174534, 0.0460954755545, 0.000624947657343, 5.84436565987e-06, 2.49276510544e-08]}, "silence_rate_30dB": {"dvar2": 0.0171681679785, "var": 0.00777568854392, "min": 0, "dmean": 0.00720338989049, "mean": 0.992162704468, "max": 1, "dmean2": 0.0144098326564, "median": 1, "dvar": 0.00715140346438}, "melbands_spread": {"dvar2": 1916.15148926, "var": 3359.4609375, "min": 0.00794671103358, "dmean": 16.2765846252, "mean": 96.0622711182, "max": 272.555175781, "dmean2": 27.8049964905, "median": 125.015426636, "dvar": 818.427307129}, "melbands_crest": {"dvar2": 37.3761405945, "var": 90.0955810547, "min": 1.00048482418, "dmean": 2.22496676445, "mean": 8.21251487732, "max": 39.9800987244, "dmean2": 3.46164941788, "median": 2.72159433365, "dvar": 18.1982727051}, "zerocrossingrate": {"dvar2": 0.00446510361508, "var": 0.0462266281247, "min": 0, "dmean": 0.0237325374037, "mean": 0.363319098949, "max": 0.71533203125, "dmean2": 0.0347002521157, "median": 0.49267578125, "dvar": 0.0029224131722}, "barkbands_kurtosis": {"dvar2": 918613.1875, "var": 190848.953125, "min": -1.97213351727, "dmean": 48.9106254578, "mean": 40.4268112183, "max": 18381.7363281, "dmean2": 89.9461135864, "median": 3.51923513412, "dvar": 309258.34375}, "spectral_flux": {"dvar2": 0.00181368540507, "var": 0.00264678359963, "min": 6.14172532276e-11, "dmean": 0.011637785472, "mean": 0.0255681369454, "max": 0.305198341608, "dmean2": 0.0175016336143, "median": 6.94696800085e-11, "dvar": 0.00078397319885}, "barkbands_crest": {"dvar2": 15.8749284744, "var": 25.4071750641, "min": 2.63506340981, "dmean": 1.67546594143, "mean": 9.29174232483, "max": 26.9147949219, "dmean2": 2.6900844574, "median": 6.91713380814, "dvar": 7.09779214859}, "barkbands_flatness_db": {"dvar2": 0.0063846539706, "var": 0.0149198696017, "min": 0.0179398283362, "dmean": 0.0292632151395, "mean": 0.146039456129, "max": 0.743975758553, "dmean2": 0.0445177927613, "median": 0.0803339853883, "dvar": 0.00315740099177}, "spectral_entropy": {"dvar2": 0.329806506634, "var": 2.47341990471, "min": 2.94239139557, "dmean": 0.194264352322, "mean": 8.78238582611, "max": 9.83530235291, "dmean2": 0.265783011913, "median": 9.79292488098, "dvar": 0.201814889908}, "pitch_salience": {"dvar2": 0.022122612223, "var": 0.0323223248124, "min": 0.00560314767063, "dmean": 0.0518751256168, "mean": 0.702444016933, "max": 0.999835669994, "dmean2": 0.0816089659929, "median": 0.784775435925, "dvar": 0.0102381734177}, "erbbands_spread": {"dvar2": 612.301147461, "var": 276.496246338, "min": 0.531494379044, "dmean": 7.98011350632, "mean": 34.7004737854, "max": 189.236328125, "dmean2": 13.4016056061, "median": 35.4760322571, "dvar": 235.739349365}, "dynamic_complexity": 44.8426246643, "spectral_contrast_valleys": {"dvar2": [1.79972279072, 1.92541325092, 1.70801949501, 1.76613616943, 1.95014548302, 1.46462500095], "var": [71.1472549438, 75.0812759399, 69.0095748901, 65.8576202393, 69.4067001343, 53.6683120728], "min": [-28.5519618988, -28.3650093079, -28.1767234802, -27.9183330536, -27.6986026764, -27.4835300446], "dmean": [0.75020980835, 0.728692293167, 0.652213454247, 0.586411118507, 0.549898982048, 0.479272007942], "mean": [-21.1173610687, -20.8783588409, -21.079668045, -21.240606308, -21.0699195862, -21.8257713318], "max": [-5.65152311325, -5.07376718521, -5.55292034149, -6.15001726151, -5.46898794174, -6.79401445389], "dmean2": [1.01941490173, 0.974898457527, 0.847631931305, 0.751771867275, 0.677077353001, 0.575907945633], "median": [-27.032951355, -27.0417232513, -27.0412750244, -27.1214046478, -27.1644458771, -27.1950359344], "dvar": [1.66679441929, 1.72485685349, 1.54175209999, 1.53295040131, 1.66192615032, 1.26641726494]}, "hfc": {"dvar2": 539.842163086, "var": 931.336914062, "min": 1.03009714889e-16, "dmean": 3.60988807678, "mean": 7.08212137222, "max": 497.80682373, "dmean2": 4.85628318787, "median": 1.22233379089e-16, "dvar": 316.887359619}, "spectral_kurtosis": {"dvar2": 676.166687012, "var": 855.041748047, "min": -1.29557526112, "dmean": 3.12384939194, "mean": 4.99887943268, "max": 633.755554199, "dmean2": 5.07942247391, "median": -1.17660534382, "dvar": 257.237609863}, "mfcc": {"mean": [-1034.50305176, 33.7848358154, 10.7199401855, 10.4928750992, 3.51601052284, -2.14234137535, -0.047447886318, -2.36122608185, -1.67741286755, -1.20733737946, -2.09261703491, -1.38964176178, 0.157517373562], "cov": [[30642.3320312, 8101.84667969, 1938.14453125, 2413.89282227, 559.018493652, -992.114318848, -190.629425049, -835.030639648, -497.935180664, -378.389526367, -669.567077637, -508.592651367, -60.8651199341], [8101.84667969, 4704.50488281, 854.25177002, 629.35559082, 283.408538818, -438.794403076, -92.3131713867, -382.720733643, -295.690185547, -271.641876221, -275.121704102, -232.646591187, -79.1458816528], [1938.14453125, 854.25177002, 643.391540527, 337.56439209, 129.391738892, -16.3731384277, -12.0284576416, -34.6439781189, -68.5201950073, -69.1277160645, -81.2518768311, -22.1057758331, -0.520971775055], [2413.89282227, 629.35559082, 337.56439209, 616.113342285, 227.498855591, -23.8361949921, -4.07537603378, -7.16277456284, -40.962978363, -27.2582702637, -74.240814209, -67.740852356, 20.2407302856], [559.018493652, 283.408538818, 129.391738892, 227.498855591, 327.285766602, 29.0066051483, -6.71540307999, 20.8394126892, -32.7681999207, 29.1413898468, -37.093536377, -20.0071792603, 19.9573841095], [-992.114318848, -438.794403076, -16.3731384277, -23.8361949921, 29.0066051483, 273.124023438, 91.1663742065, 97.2949905396, 64.2525253296, 68.3932189941, 81.8749923706, 21.4736270905, 29.1928329468], [-190.629425049, -92.3131713867, -12.0284576416, -4.07537603378, -6.71540307999, 91.1663742065, 164.187957764, 51.8362312317, 59.1685714722, 41.0716400146, 32.6498947144, 9.42188453674, 2.57690000534], [-835.030639648, -382.720733643, -34.6439781189, -7.16277456284, 20.8394126892, 97.2949905396, 51.8362312317, 161.730926514, 49.9765090942, 57.1212730408, 53.2036170959, 25.6606750488, 33.8648452759], [-497.935180664, -295.690185547, -68.5201950073, -40.962978363, -32.7681999207, 64.2525253296, 59.1685714722, 49.9765090942, 130.54385376, 44.7310791016, 36.5050582886, 16.9156322479, -4.3259100914], [-378.389526367, -271.641876221, -69.1277160645, -27.2582702637, 29.1413898468, 68.3932189941, 41.0716400146, 57.1212730408, 44.7310791016, 109.815658569, 49.7625389099, 24.7222251892, 34.0720100403], [-669.567077637, -275.121704102, -81.2518768311, -74.240814209, -37.093536377, 81.8749923706, 32.6498947144, 53.2036170959, 36.5050582886, 49.7625389099, 103.186729431, 38.5445289612, 24.8398094177], [-508.592651367, -232.646591187, -22.1057758331, -67.740852356, -20.0071792603, 21.4736270905, 9.42188453674, 25.6606750488, 16.9156322479, 24.7222251892, 38.5445289612, 80.499458313, 19.2979946136], [-60.8651199341, -79.1458816528, -0.520971775055, 20.2407302856, 19.9573841095, 29.1928329468, 2.57690000534, 33.8648452759, -4.3259100914, 34.0720100403, 24.8398094177, 19.2979946136, 67.3735046387]], "icov": [[8.75079203979e-05, -0.000109703934868, -7.28396526029e-06, -0.000276911829133, 0.000159906820045, 7.77300738264e-05, -1.57468111865e-05, 0.000182909949217, -1.42395711009e-05, -0.000253643316682, 0.000116949093353, 1.48184540194e-06, -5.5251748563e-05], [-0.000109703934868, 0.000617506622802, -0.000493384781294, 0.000372617709218, -0.00053524778923, 0.000545392162167, -0.000475218723295, 0.000460178620415, 0.000297131569823, 0.000672618334647, -0.000660192279611, 0.000980392098427, -0.000138844785397], [-7.28396526029e-06, -0.000493384781294, 0.00307537824847, -0.00131844496354, 0.000322771462379, -0.00134368753061, 0.000273596029729, -0.000615210214164, 0.000453750864835, 0.000779740163125, 0.00181959895417, -0.00240541249514, 0.000272003380815], [-0.000276911829133, 0.000372617709218, -0.00131844496354, 0.0041376883164, -0.00220923731104, 0.000376971147489, -0.000326152570779, -0.000694194459356, -0.000629738438874, 0.00139347626828, -0.000467651087092, 0.00233399611898, -0.00145446835086], [0.000159906820045, -0.00053524778923, 0.000322771462379, -0.00220923731104, 0.00551144778728, -0.00138690241147, 0.000942602346186, -0.000733832246624, 0.00133633473888, -0.00347996363416, 0.0029534548521, -0.00121054484043, 0.000586558773648], [7.77300738264e-05, 0.000545392162167, -0.00134368753061, 0.000376971147489, -0.00138690241147, 0.00745750265196, -0.00266939820722, -0.000479161884869, -0.000747328973375, -7.16828799341e-05, -0.00465984689072, 0.00279283663258, -0.000983943347819], [-1.57468111865e-05, -0.000475218723295, 0.000273596029729, -0.000326152570779, 0.000942602346186, -0.00266939820722, 0.00907933618873, -0.00160624424461, -0.00240810634568, -0.00196666014381, 0.000768102996517, -0.000939694058616, 0.00169107504189], [0.000182909949217, 0.000460178620415, -0.000615210214164, -0.000694194459356, -0.000733832246624, -0.000479161884869, -0.00160624424461, 0.0110187027603, -0.0014859912917, -0.00106098351534, -0.00211691739969, 0.000757376546971, -0.00313773099333], [-1.42395711009e-05, 0.000297131569823, 0.000453750864835, -0.000629738438874, 0.00133633473888, -0.000747328973375, -0.00240810634568, -0.0014859912917, 0.012103558518, -0.00334305176511, -0.000151720945723, -0.00076153583359, 0.00403773365542], [-0.000253643316682, 0.000672618334647, 0.000779740163125, 0.00139347626828, -0.00347996363416, -7.16828799341e-05, -0.00196666014381, -0.00106098351534, -0.00334305176511, 0.0182018168271, -0.00446448754519, 0.000137940805871, -0.00599433667958], [0.000116949093353, -0.000660192279611, 0.00181959895417, -0.000467651087092, 0.0029534548521, -0.00465984689072, 0.000768102996517, -0.00211691739969, -0.000151720945723, -0.00446448754519, 0.0204405989498, -0.00645996956155, -0.00177425204311], [1.48184540194e-06, 0.000980392098427, -0.00240541249514, 0.00233399611898, -0.00121054484043, 0.00279283663258, -0.000939694058616, 0.000757376546971, -0.00076153583359, 0.000137940805871, -0.00645996956155, 0.0195876099169, -0.00411052722484], [-5.5251748563e-05, -0.000138844785397, 0.000272003380815, -0.00145446835086, 0.000586558773648, -0.000983943347819, 0.00169107504189, -0.00313773099333, 0.00403773365542, -0.00599433667958, -0.00177425204311, -0.00411052722484, 0.0219559781253]]}, "silence_rate_20dB": {"dvar2": 0, "var": 0, "min": 1, "dmean": 0, "mean": 1, "max": 1, "dmean2": 0, "median": 1, "dvar": 0}, "melbands_kurtosis": {"dvar2": 2569679.75, "var": 1308884, "min": -1.87052404881, "dmean": 92.5487594604, "mean": 84.5882263184, "max": 37580.8242188, "dmean2": 153.585021973, "median": -1.11380672455, "dvar": 1124082.5}, "barkbands_spread": {"dvar2": 635.702941895, "var": 280.67288208, "min": 0.0120461406186, "dmean": 7.26063394547, "mean": 22.6729393005, "max": 142.788864136, "dmean2": 12.3986949921, "median": 24.7417831421, "dvar": 252.932388306}, "erbbands_skewness": {"dvar2": 1.75638520718, "var": 1.9914945364, "min": -5.608314991, "dmean": 0.45621073246, "mean": -0.0724580287933, "max": 13.3005952835, "dmean2": 0.713580369949, "median": -0.594825148582, "dvar": 0.794811666012}, "average_loudness": 0.256544977427, "spectral_centroid": {"dvar2": 1842971.125, "var": 21634780, "min": 133.935272217, "dmean": 515.309143066, "mean": 7547.01025391, "max": 12162.1328125, "dmean2": 835.820800781, "median": 10777.9423828, "dvar": 1110990}, "dissonance": {"dvar2": 0.00335520110093, "var": 0.00423799781129, "min": 0.0664690732956, "dmean": 0.0184090007097, "mean": 0.466995000839, "max": 0.500000119209, "dmean2": 0.0296023581177, "median": 0.492329776287, "dvar": 0.00142714416143}, "erbbands_flatness_db": {"dvar2": 0.00214171176776, "var": 0.00659082084894, "min": 0.0215311441571, "dmean": 0.0199830643833, "mean": 0.141066744924, "max": 0.634587705135, "dmean2": 0.03037818335, "median": 0.103072687984, "dvar": 0.00109896319918}, "spectral_strongpeak": {"dvar2": 1.58528900146, "var": 1.00024950504, "min": 0, "dmean": 0.191219195724, "mean": 0.322777241468, "max": 17.1794204712, "dmean2": 0.302578419447, "median": 4.02476141304e-09, "dvar": 0.618099212646}, "spectral_rms": {"dvar2": 1.12367058591e-06, "var": 7.16866588846e-06, "min": 3.07589002012e-12, "dmean": 0.000361297774361, "mean": 0.00136747851502, "max": 0.0122941322625, "dmean2": 0.000438103801571, "median": 3.27578871147e-12, "dvar": 8.34685636164e-07}, "silence_rate_60dB": {"dvar2": 0.0689124539495, "var": 0.178259387612, "min": 0, "dmean": 0.0347457639873, "mean": 0.76784580946, "max": 1, "dmean2": 0.0695062503219, "median": 1, "dvar": 0.0335370339453}, "melbands": {"dvar2": [5.93201491483e-07, 4.26565918588e-07, 1.50330765791e-06, 3.04688114738e-06, 1.85285466614e-06, 9.06615412077e-07, 6.40849179945e-07, 3.06265008021e-07, 1.42156125094e-07, 5.55982815342e-08, 1.40653959591e-08, 6.59880106113e-09, 6.10743278173e-09, 1.21444221346e-09, 1.83251236408e-09, 5.66939606372e-10, 5.84892134725e-10, 2.7943358738e-10, 1.61993488068e-10, 1.80701065222e-10, 1.60629329282e-10, 6.59503909817e-11, 7.34573582517e-11, 4.69495969879e-11, 1.82241541302e-10, 1.22500717903e-10, 3.41381201086e-10, 7.93783316855e-10, 4.84462359118e-10, 5.24425614046e-10, 4.19211443337e-10, 2.65064720173e-10, 3.00962144095e-10, 6.19270745794e-10, 2.50083120878e-10, 1.73544428828e-10, 2.26454549557e-10, 2.21551887947e-10, 1.60228511015e-10, 6.05505784401e-11], "var": [5.20269111348e-07, 1.44748787534e-06, 5.12280894327e-06, 7.65663935454e-06, 2.45702472057e-06, 1.28923738885e-06, 5.03474495872e-07, 2.52128387501e-07, 7.96737893438e-08, 5.54143824161e-08, 1.45082639236e-08, 6.52660014921e-09, 5.3848916437e-09, 8.73656647027e-10, 1.04818742575e-09, 5.6688309602e-10, 4.03007238692e-10, 1.78668968509e-10, 2.2037524583e-10, 1.67458422129e-10, 8.03970362506e-11, 4.86339406247e-11, 4.88132832765e-11, 3.86139280273e-11, 6.24535700933e-11, 8.01967242614e-11, 2.20030382803e-10, 4.51886222885e-10, 4.18925810708e-10, 4.92973939448e-10, 4.33417607359e-10, 2.21497958863e-10, 2.75367562086e-10, 6.20865969747e-10, 3.12286752013e-10, 2.07868056101e-10, 1.53439635997e-10, 1.71717237651e-10, 1.30122523867e-10, 5.50512864461e-11], "min": [2.88208408874e-25, 4.69567432377e-25, 4.86474348601e-25, 4.77276723484e-25, 5.6836052645e-25, 9.47610484927e-25, 7.04530688377e-25, 5.86428596623e-25, 5.6509513534e-25, 8.21680674322e-25, 1.32422776804e-24, 1.1632537978e-24, 1.41810517399e-24, 1.29422807807e-24, 1.42501105957e-24, 1.63530017627e-24, 2.04611014228e-24, 1.79266175521e-24, 2.35436838784e-24, 2.20895114908e-24, 2.34345844152e-24, 2.30211779135e-24, 2.90595511834e-24, 2.46508836854e-24, 2.48276753029e-24, 2.15572335114e-24, 2.6198713584e-24, 3.31523252483e-24, 3.01026008217e-24, 3.13723690841e-24, 3.81020763855e-24, 3.14960052816e-24, 3.30447542031e-24, 3.55062506908e-24, 4.30624889778e-24, 4.36616209467e-24, 4.00083863731e-24, 4.88480224668e-24, 4.59874116649e-24, 4.0824403815e-24], "dmean": [9.03223044588e-05, 0.000114833390398, 0.000289800373139, 0.000331494782586, 0.00019213926862, 0.000154362773173, 0.00010725021275, 6.45511390758e-05, 3.4307144233e-05, 2.42845526373e-05, 1.31730457724e-05, 8.31651050248e-06, 6.81778010403e-06, 3.49112428921e-06, 3.1332067465e-06, 2.32671914091e-06, 2.41122302214e-06, 1.91009780792e-06, 1.73492730937e-06, 1.67709356447e-06, 1.26713712234e-06, 1.03553497866e-06, 1.06643869913e-06, 9.88442252492e-07, 1.21088362448e-06, 1.30822979827e-06, 1.56125054218e-06, 2.19296430259e-06, 2.04874436349e-06, 2.02026922125e-06, 1.75729201146e-06, 1.407151899e-06, 1.41961265854e-06, 1.87871023627e-06, 1.27904934288e-06, 1.1336027228e-06, 1.1063805232e-06, 9.8126940884e-07, 8.77478726125e-07, 6.57273233173e-07], "mean": [0.000148625360453, 0.000278771942249, 0.000705374521203, 0.00068812147947, 0.000312998425215, 0.000250112032518, 0.000137110284413, 8.35446408018e-05, 4.3711548642e-05, 3.38929821737e-05, 1.88550839084e-05, 1.13656888061e-05, 8.86784073373e-06, 4.31296666648e-06, 3.57230646841e-06, 2.91818628284e-06, 2.97854467135e-06, 2.42599185185e-06, 2.27197688218e-06, 2.02748969969e-06, 1.46059755934e-06, 1.24940174828e-06, 1.27971543407e-06, 1.24904534005e-06, 1.34253514261e-06, 1.50334722093e-06, 1.83247061614e-06, 2.4953162665e-06, 2.59961962001e-06, 2.54202700489e-06, 2.34155572798e-06, 1.76848493538e-06, 1.77886397523e-06, 2.51827782449e-06, 1.91483718481e-06, 1.6543667698e-06, 1.39691803724e-06, 1.33825847115e-06, 1.01762748272e-06, 8.37565551137e-07], "max": [0.0159205589443, 0.0124088814482, 0.0259538330138, 0.0340748131275, 0.0307007413357, 0.021207941696, 0.0145547240973, 0.0142218740657, 0.00695227598771, 0.00513897929341, 0.00233718170784, 0.00163685018197, 0.00240182760172, 0.000704735517502, 0.000826686387882, 0.000531415862497, 0.000424900266808, 0.000322015199345, 0.000378091062885, 0.000255289312918, 0.000262792542344, 0.000170876039192, 0.000184383156011, 0.000126826984342, 0.000293852208415, 0.000298155588098, 0.000571401498746, 0.000749110127799, 0.000451365718618, 0.000548351206817, 0.000438673421741, 0.000344971631421, 0.000528220785782, 0.000731461041141, 0.00039811845636, 0.000380327808671, 0.000417661911342, 0.00036765736877, 0.000558495521545, 0.000223086506594], "dmean2": [0.000129461448523, 0.00015032356896, 0.000360975973308, 0.000424163765274, 0.000253272301052, 0.000203478251933, 0.00015361898113, 9.05967899598e-05, 4.89015619678e-05, 3.15724064421e-05, 1.73167809407e-05, 1.18077441584e-05, 9.42790939007e-06, 5.33017191628e-06, 4.73107820653e-06, 3.41122995451e-06, 3.65860796592e-06, 2.82393989437e-06, 2.43679232881e-06, 2.50778612099e-06, 1.93527603187e-06, 1.54617237058e-06, 1.58030968578e-06, 1.46370803122e-06, 1.88297144632e-06, 1.9811554921e-06, 2.48863079833e-06, 3.21155448546e-06, 3.01351565213e-06, 2.89024342237e-06, 2.48334208663e-06, 2.04816751648e-06, 1.96700898414e-06, 2.81589564111e-06, 1.87369960258e-06, 1.59614683071e-06, 1.62286858085e-06, 1.58390901106e-06, 1.21107098039e-06, 9.62552689998e-07], "median": [1.57058545915e-23, 1.54657505755e-23, 1.52589364897e-23, 1.48358388318e-23, 1.47441305961e-23, 1.44021799041e-23, 1.46263489298e-23, 1.45093308808e-23, 1.43873903398e-23, 1.410232283e-23, 1.45756772384e-23, 1.40091678234e-23, 1.39494258093e-23, 1.40467065584e-23, 1.44321787066e-23, 1.39671862237e-23, 1.41797495278e-23, 1.40369136391e-23, 1.36035592117e-23, 1.34837959268e-23, 1.34084313114e-23, 1.32135716237e-23, 1.30829449353e-23, 1.31681356022e-23, 1.3224266211e-23, 1.31105684776e-23, 1.31011904992e-23, 1.28968755247e-23, 1.29368139746e-23, 1.28610880609e-23, 1.26391041799e-23, 1.24158644323e-23, 1.24737352683e-23, 1.24486439695e-23, 1.24519918952e-23, 1.23792155324e-23, 1.21781561869e-23, 1.22968095445e-23, 1.23529330536e-23, 1.22486495863e-23], "dvar": [2.68502077461e-07, 2.95287179597e-07, 1.09130621695e-06, 2.05466221814e-06, 1.07465700694e-06, 5.48263983546e-07, 3.1442473869e-07, 1.55435628812e-07, 5.96491460669e-08, 3.13004306918e-08, 7.40886951789e-09, 3.12704462324e-09, 2.96264768274e-09, 5.54232049144e-10, 8.12312994647e-10, 3.01828784188e-10, 2.77718570363e-10, 1.20775250911e-10, 9.71743102651e-11, 9.24508664069e-11, 6.4494194707e-11, 2.88863568482e-11, 3.27223595442e-11, 2.21747498835e-11, 6.85045839499e-11, 5.6749851346e-11, 1.6886790577e-10, 3.43518463675e-10, 2.44224585e-10, 2.54085974483e-10, 2.01700753322e-10, 1.24060831053e-10, 1.61924057496e-10, 3.23533005941e-10, 1.30899416306e-10, 8.89472523413e-11, 9.53232909273e-11, 9.97488411314e-11, 8.82527523283e-11, 3.12440351369e-11]}, "spectral_skewness": {"dvar2": 1.14499950409, "var": 3.39982581139, "min": -0.820801079273, "dmean": 0.299249351025, "mean": 0.892859041691, "max": 21.0884723663, "dmean2": 0.454915881157, "median": 0.0268043261021, "dvar": 0.55650472641}, "melbands_flatness_db": {"dvar2": 0.0076818196103, "var": 0.0332459360361, "min": -2.76116480791e-07, "dmean": 0.0288426615298, "mean": 0.119116269052, "max": 0.828450381756, "dmean2": 0.040447268635, "median": 0.00848898291588, "dvar": 0.00437302840874}, "spectral_decrease": {"dvar2": 1.10715411838e-17, "var": 3.28591906596e-17, "min": -3.99825488273e-08, "dmean": 8.85642725823e-10, "mean": -2.2844945935e-09, "max": 1.3070816872e-16, "dmean2": 1.14920839511e-09, "median": -4.9666868445e-29, "dvar": 7.2654838349e-18}, "erbbands_crest": {"dvar2": 15.6677379608, "var": 28.1449508667, "min": 2.47475910187, "dmean": 1.56059169769, "mean": 6.42406225204, "max": 30.8472137451, "dmean2": 2.53843331337, "median": 3.72475290298, "dvar": 6.70459985733}, "gfcc": {"mean": [-826.184875488, 23.201461792, -22.8168067932, 11.4126281738, -18.0778217316, -0.490150749683, -14.3966779709, 1.84894454479, -9.3294839859, -0.106344483793, -4.05153417587, -1.44235193729, -1.948772192], "cov": [[211669.484375, 17285.9726562, -15024.5849609, 7145.0078125, -12125.4960938, -1432.33740234, -9674.12207031, 805.394287109, -6069.88525391, -387.545227051, -2581.03344727, -1356.51367188, -1219.82568359], [17285.9726562, 4261.92480469, -964.203735352, 133.498474121, -963.600646973, -509.578186035, -972.643554688, -186.550064087, -568.180664062, -282.028533936, -150.38343811, -316.504272461, -61.7313613892], [-15024.5849609, -964.203735352, 1535.5020752, -394.783599854, 878.338378906, 62.384513855, 606.356567383, -102.853630066, 407.480194092, -47.144821167, 193.173126221, 83.2933959961, 98.7910766602], [7145.0078125, 133.498474121, -394.783599854, 799.