{"tonal": {"thpcp": [1, 0.892419695854, 0.54037964344, 0.36869302392, 0.317478269339, 0.312216490507, 0.386249154806, 0.438240915537, 0.480572342873, 0.544654250145, 0.506647050381, 0.520506858826, 0.564818739891, 0.458564937115, 0.37000092864, 0.361053884029, 0.418497085571, 0.45551893115, 0.443230599165, 0.465174227953, 0.477355241776, 0.615963160992, 0.680430114269, 0.542504012585, 0.48330244422, 0.410090357065, 0.297046244144, 0.29218429327, 0.273821622133, 0.223971009254, 0.199499160051, 0.182137951255, 0.335455864668, 0.610969305038, 0.735968649387, 0.815890789032], "hpcp": {"dmean2": [0.260437458754, 0.237723350525, 0.270660191774, 0.30302593112, 0.234749808908, 0.183955401182, 0.186155304313, 0.211826592684, 0.225250095129, 0.221459358931, 0.252053886652, 0.253546893597, 0.286438554525, 0.342378109694, 0.301159948111, 0.234998941422, 0.198470890522, 0.170560568571, 0.158618301153, 0.145391583443, 0.130603075027, 0.132036581635, 0.131883770227, 0.222288176417, 0.362119227648, 0.370638012886, 0.401674717665, 0.406535565853, 0.367569714785, 0.342754751444, 0.298297822475, 0.242605626583, 0.197826355696, 0.19974476099, 0.214477702975, 0.252145588398], "median": [0.177494466305, 0.159916222095, 0.201330378652, 0.217225730419, 0.173058331013, 0.125053688884, 0.111636139452, 0.138689368963, 0.152486771345, 0.170868247747, 0.155253142118, 0.183272048831, 0.238719716668, 0.255804270506, 0.207066252828, 0.132744282484, 0.0983307957649, 0.0865737274289, 0.0797606483102, 0.074012234807, 0.0693132132292, 0.0568641014397, 0.050577186048, 0.0997354388237, 0.203849181533, 0.275484591722, 0.350550323725, 0.448714107275, 0.381490588188, 0.175972819328, 0.104749336839, 0.0857430547476, 0.0788770318031, 0.089765638113, 0.110839128494, 0.150557085872], "min": [0.00184493465349, 0.0016622467665, 0.00303564197384, 0.00517574511468, 0.00244159763679, 0.00210404279642, 0.00348003022373, 0.00235035829246, 0.00241919257678, 0.000361053505912, 0.00145145726856, 0.00293059204705, 0.00448085833341, 0.00552934082225, 0.00314009911381, 0.00134519138373, 0.00193012238014, 0.00182891741861, 0.00115805189125, 0.0017926673172, 0.00131487566978, 0.00203353120014, 0.000648783636279, 0.00070681492798, 0.00125395087525, 0.00163902470376, 0.00591073650867, 0.00455359788612, 0.0030383139383, 0.000813860155176, 0.00119357893709, 0.000751642277464, 0.000934653973673, 0.00138238142245, 0.00149248610251, 0.00141278421506], "dvar2": [0.0776902288198, 0.0614093914628, 0.0656750500202, 0.0884613245726, 0.059914290905, 0.0473716817796, 0.0531246252358, 0.0535460300744, 0.0595601946115, 0.0549726560712, 0.0854964405298, 0.0683669522405, 0.0858354046941, 0.105905331671, 0.0847760140896, 0.0694057643414, 0.0638918355107, 0.0439328253269, 0.0426315292716, 0.0383806265891, 0.0292074047029, 0.0344729945064, 0.0336431153119, 0.0657532885671, 0.142221316695, 0.119095958769, 0.122706159949, 0.129774585366, 0.117886662483, 0.142259255052, 0.137651607394, 0.0974686816335, 0.0678748190403, 0.0625401437283, 0.0661288648844, 0.0731272622943], "dvar": [0.0276981256902, 0.0226175840944, 0.0238694511354, 0.0320233516395, 0.0212413445115, 0.0170954577625, 0.018562508747, 0.0198433268815, 0.0227352418005, 0.0195845738053, 0.0309792794287, 0.0244269892573, 0.0303502958268, 0.0392936915159, 0.0299996454269, 0.0263249725103, 0.0225931722671, 0.0154377799481, 0.0152385057881, 0.0136412065476, 0.010367914103, 0.0121249556541, 0.0115019474179, 0.0224947929382, 0.0482344217598, 0.0431346595287, 0.0437456220388, 0.0457478873432, 0.0426672138274, 0.0470492616296, 0.0450972430408, 0.0337422862649, 0.0243298728019, 0.0225064437836, 0.0237388852984, 0.0264337752014], "dmean": [0.151456907392, 0.138505488634, 0.157036930323, 0.175891280174, 0.137301385403, 0.106712311506, 0.10763463378, 0.12304443866, 0.130138188601, 0.128913059831, 0.146155759692, 0.146978527308, 0.168227359653, 0.199126020074, 0.174802005291, 0.136642113328, 0.115905195475, 0.0967631563544, 0.0916193574667, 0.0843490660191, 0.0752490758896, 0.0754526779056, 0.0743453428149, 0.125927120447, 0.20600785315, 0.211961627007, 0.230505436659, 0.233728319407, 0.212858527899, 0.194803208113, 0.165384992957, 0.135548204184, 0.112915880978, 0.114377625287, 0.122643694282, 0.145209729671], "max": [1, 1, 1, 1, 1, 1, 1, 1, 1, 1, 1, 1, 1, 1, 1, 1, 1, 1, 1, 1, 1, 1, 1, 1, 1, 1, 1, 1, 1, 1, 1, 1, 1, 1, 1, 1], "var": [0.0709753930569, 0.0632637739182, 0.0416534394026, 0.0503821186721, 0.0374737456441, 0.0325278639793, 0.0358655974269, 0.0413508787751, 0.0510274134576, 0.0375010445714, 0.0556147284806, 0.038811121136, 0.0610632263124, 0.0785371214151, 0.0500367246568, 0.0716190338135, 0.0649442747235, 0.0291088502854, 0.0316066741943, 0.0283287353814, 0.0167256705463, 0.016591578722, 0.013358687982, 0.0331306867301, 0.0844223424792, 0.0933841764927, 0.0814094766974, 0.107273623347, 0.107965774834, 0.0696483701468, 0.0460474416614, 0.0374178029597, 0.037358764559, 0.0594985820353, 0.0692612379789, 0.0582986585796], "mean": [0.27389216423, 0.254779368639, 0.261749088764, 0.28403237462, 0.230600148439, 0.186063662171, 0.181564420462, 0.210451081395, 0.229068383574, 0.222888916731, 0.233923777938, 0.240049287677, 0.309751540422, 0.342170268297, 0.272810876369, 0.243039980531, 0.20622356236, 0.149376675487, 0.146931737661, 0.137697637081, 0.112629078329, 0.100322835147, 0.091592349112, 0.168691858649, 0.307240247726, 0.370099127293, 0.410289853811, 0.50287348032, 0.448774188757, 0.271742582321, 0.185405939817, 0.159651398659, 0.157005399466, 0.194234460592, 0.22037974, 0.241667091846]}, "tuning_equal_tempered_deviation": 0.182364791632, "chords_changes_rate": 0.0502035282552, "key_key": "F#", "tuning_diatonic_strength": 0.662443220615, "key_scale": "minor", "chords_number_rate": 0.00232603214681, "tuning_frequency": 434.193115234, "tuning_nontempered_energy_ratio": 0.845902383327, "chords_histogram": [7.07501459122, 0, 0, 1.3762357235, 0.329521238804, 0.852878451347, 3.50843191147, 42.2368659973, 1.41500294209, 4.01240539551, 10.6609811783, 0.0193836018443, 0, 0, 1.88020932674, 0.426439225674, 12.4830389023, 1.0273308754, 0, 0, 0, 0.0581508055329, 5.27233982086, 7.36576843262], "key_strength": 0.721575379372, "chords_key": "F#", "chords_strength": {"dmean2": 0.00977965816855, "median": 0.603987932205, "min": 0.275532841682, "dvar2": 6.40258440399e-05, "dvar": 5.37146297575e-05, "dmean": 0.00907278805971, "max": 0.815983176231, "var": 0.00831464026123, "mean": 0.595850408077}, "chords_scale": "major", "hpcp_entropy": {"dmean2": 1.18320965767, "median": 2.48788619041, "min": 0.0540170967579, "dvar2": 0.899011075497, "dvar": 0.307255446911, "dmean": 0.689529061317, "max": 4.47645044327, "var": 0.623848736286, "mean": 2.42605781555}}, "metadata": {"audio_properties": {"equal_loudness": 0, "codec": "flac", "downmix": "mix", "sample_rate": 44100, "analysis_sample_rate": 44100, "bit_rate": 0, "md5_encoded": "4d485ab415660f38eb869958119e3ae3", "length": 239.520004272, "replay_gain": -11.3885211945, "lossless": true}, "version": {"essentia_build_sha": "70f2e5ece6736b2c40cc944ad0e695b16b925413", "essentia": "2.1-beta2", "extractor": "music 1.0", "essentia_git_sha": "v2.1_beta2"}, "tags": {"title": ["AURAsh"], "language": ["fin"], "media": ["CD"], "albumartist": ["Halo Manash"], "tracktotal": ["9"], "musicbrainz_releasegroupid": ["eef7775a-0e84-3900-baf8-f097208b5bce"], "releasetype": ["album"], "musicbrainz_recordingid": ["13c45e9a-1ff5-4594-b383-1f0849828e2c"], "musicbrainz_albumartistid": ["ac61b85f-c6e6-42b9-9c09-7b9f32e833c3"], "musicbrainz_releasetrackid": ["5a5b43ee-70cf-3fb1-8c8a-42af6724e3f0"], "discnumber": ["1"], "totaldiscs": ["1"], "album": ["PAR-ANTRA I: VIR"], "catalognumber": ["[AH01]"], "releasecountry": ["FI"], "file_name": "08_AURAsh.flac", "albumartistsort": ["Halo Manash"], "date": ["2004-02"], "genre": ["Dark Ambient; Finland; Published by Aural Hypnox; Ritual"], "disctotal": ["1"], "musicbrainz_artistid": ["ac61b85f-c6e6-42b9-9c09-7b9f32e833c3"], "originaldate": ["2004-02"], "musicbrainz_albumid": ["c361d66c-5b90-42bb-a4d9-ff2c93317f10"], "tracknumber": ["8"], "artistsort": ["Halo Manash"], "artist": ["Halo Manash"], "label": ["Aural Hypnox"], "releasestatus": ["official"], "acoustid_id": ["058bd128-e1c4-4328-862c-2e4c1f6c4f2d"], "script": ["Latn"], "totaltracks": ["9"]}}, "rhythm": {"bpm_histogram_first_peak_bpm": {"dmean2": 0, "median": 120, "min": 120, "dvar2": 0, "dvar": 0, "dmean": 0, "max": 120, "var": 0, "mean": 120}, "bpm": 120.914573669, "bpm_histogram_second_peak_spread": {"dmean2": 0, "median": 0.493670880795, "min": 0.493670880795, "dvar2": 0, "dvar": 0, "dmean": 0, "max": 0.493670880795, "var": 0, "mean": 0.493670880795}, "bpm_histogram_first_peak_weight": {"dmean2": 0, "median": 0.181015446782, "min": 0.181015446782, "dvar2": 0, "dvar": 0, "dmean": 0, "max": 0.181015446782, "var": 0, "mean": 0.181015446782}, "onset_rate": 0.743100106716, "beats_position": [0.673378646374, 1.34675729275, 2.02013611794, 2.69351458549, 3.39011335373, 4.08671188354, 4.71365070343, 5.34058952332, 5.9675283432, 6.59446716309, 7.22140598297, 7.84834432602, 8.47528362274, 9.14866161346, 9.82204055786, 10.4954195023, 11.1687984467, 11.8421764374, 12.5155553818, 13.1889343262, 13.9319725037, 14.6866207123, 15.4412698746, 16.2075271606, 16.9737873077, 17.7400455475, 18.5063037872, 19.272562027, 19.9111099243, 20.549659729, 21.1649875641, 21.7803173065, 22.2911567688, 22.7903842926, 23.2896137238, 23.7888431549, 24.2880725861, 24.7873020172, 25.286529541, 25.7857589722, 26.2849884033, 26.8538761139, 27.4343757629, 28.014875412, 28.6069831848, 29.1874828339, 29.7912006378, 30.3949203491, 30.9986381531, 31.567527771, 32.1248054504, 32.6820869446, 33.1813163757, 33.6805419922, 34.1797714233, 34.6790008545, 35.1782302856, 35.7587280273, 36.3392295837, 36.9197273254, 37.5002250671, 38.0807266235, 38.672832489, 39.2533340454, 39.8338317871, 40.4259414673, 41.0180473328, 41.6101570129, 42.2022666931, 42.7943763733, 43.3980941772, 44.0018119812, 44.6055335999, 45.2092514038, 45.8129692078, 46.439907074, 47.0668487549, 47.6937866211, 48.3207244873, 48.9476623535, 49.5746040344, 50.2015419006, 50.8284797668, 51.4554176331, 52.0591392517, 52.6628570557, 53.2665748596, 53.8702926636, 54.4740142822, 55.0777320862, 55.6814498901, 56.2851676941, 56.8772773743, 57.457775116, 58.0847167969, 58.7000427246, 59.3269844055, 59.9539222717, 60.5808601379, 61.2542381287, 61.9160079956, 62.5081176758, 63.100227356, 63.6923332214, 64.2263946533, 64.748840332, 65.2712936401, 65.8053512573, 66.3394088745, 66.9199066162, 67.4888000488, 68.0692977905, 68.6381835938, 69.2070770264, 69.7759628296, 70.3332443237, 70.8905181885, 71.4477996826, 72.0050811768, 72.57396698, 73.0731964111, 73.5608139038, 74.0484313965, 74.5476608276, 75.0468902588, 75.5577316284, 76.0453491211, 76.5329666138, 77.0205917358, 77.5082092285, 77.9958267212, 78.4718322754, 78.9594573975, 79.4586868286, 79.9463043213, 80.433921814, 80.9215393066, 81.4091567993, 81.9199981689, 82.4424438477, 82.9648971558, 83.4292984009, 83.8936920166, 84.3580932617, 84.8224945068, 85.2868881226, 85.7512893677, 86.2273025513, 86.7033081055, 87.1677093506, 87.6437149048, 88.0616760254, 88.4912490845, 88.9208145142, 89.3503875732, 89.7799530029, 90.2095184326, 90.6390914917, 91.0686569214, 91.4982299805, 91.9277954102, 92.4386367798, 92.9494781494, 93.460319519, 93.9595413208, 94.458770752, 94.9580001831, 95.4572296143, 95.9680709839, 96.467300415, 96.9665298462, 97.4541473389, 97.95337677, 98.4526062012, 98.9518356323, 99.4510650635, 99.9502944946, 100.449523926, 100.948753357, 101.459587097, 101.958816528, 102.458045959, 102.957275391, 103.456504822, 103.955734253, 104.466575623, 104.977409363, 105.476638794, 105.975868225, 106.475097656, 106.974327087, 107.46194458, 107.961174011, 108.460403442, 108.971244812, 109.470474243, 109.969703674, 110.468933105, 110.968162537, 111.467391968, 111.966621399, 112.477455139, 112.988296509, 113.499137878, 114.009971619, 114.497596741, 114.985214233, 115.472831726, 115.960449219, 116.448066711, 116.935691833, 117.400085449, 117.852874756, 118.305664062, 118.758453369, 119.2576828, 119.745300293, 120.232925415, 120.720542908, 121.2081604, 121.695777893, 122.171791077, 122.659408569, 123.147026062, 123.634643555, 124.110656738, 124.598274231, 125.085891724, 125.573509216, 126.0495224, 126.548751831, 127.036369324, 127.523986816, 128.081268311, 128.638549805, 129.195831299, 129.753097534, 130.310379028, 130.856048584, 131.40171814, 131.958999634, 132.527893066, 133.09677124, 133.677276611, 134.257781982, 134.838272095, 135.418777466, 136.010879517, 136.602996826, 137.183486938, 137.775604248, 138.27482605, 138.77406311, 139.273284912, 139.760910034, 140.248519897, 140.73614502, 141.212158203, 141.688156128, 142.164169312, 142.640182495, 143.127792358, 143.603805542, 144.079818726, 144.567428589, 145.055053711, 145.542678833, 146.030288696, 146.517913818, 147.005523682, 147.469924927, 147.934326172, 148.387115479, 148.828292847, 149.269470215, 149.699050903, 150.128616333, 150.558181763, 150.987747192, 151.417327881, 151.881713867, 152.334503174, 152.798904419, 153.274917603, 153.750930786, 154.226928711, 154.726165771, 155.225387573, 155.724624634, 156.223846436, 156.723083496, 157.222305298, 157.70993042, 158.197555542, 158.673553467, 159.161178589, 159.637191772, 160.124801636, 160.600814819, 161.088439941, 161.576049805, 162.063674927, 162.562896729, 163.062133789, 163.549743652, 164.037368774, 164.536590576, 165.024215698, 165.51184082, 165.999450684, 166.475463867, 166.951477051, 167.439086914, 168.031204224, 168.611694336, 169.192199707, 169.772689819, 170.35319519, 170.980133057, 171.607070923, 172.234008789, 172.872558594, 173.49949646, 174.0103302, 174.521179199, 175.032012939, 175.53125, 176.030471802, 176.541305542, 177.052154541, 177.562988281, 178.08543396, 178.584671021, 179.072280884, 179.559906006, 180.059127808, 180.558364868, 181.05758667, 181.510375977, 181.963165283, 182.41595459, 182.868743896, 183.321533203, 183.77432251, 184.227111816, 184.691513062, 185.155914307, 185.620315552, 186.084716797, 186.549118042, 187.013504028, 187.50112915, 187.988754272, 188.476364136, 188.975601196, 189.474822998, 189.974060059, 190.47328186, 190.972518921, 191.471740723, 191.947753906, 192.412155151, 192.876556396, 193.340942383, 193.793731689, 194.258132935, 194.710922241, 195.163711548, 195.616500854, 196.069290161, 196.522079468, 196.974868774, 197.427658081, 197.880447388, 198.333236694, 198.786026001, 199.273651123, 199.761260986, 200.248886108, 200.74810791, 201.247344971, 201.746566772, 202.245803833, 202.745025635, 203.244262695, 203.743484497, 204.242721558, 204.741943359, 205.345672607, 205.960998535, 206.576324463, 207.180038452, 207.7837677, 208.399093628, 209.002807617, 209.606521606, 210.210250854, 210.813964844, 211.406066895, 211.998184204, 212.54385376, 213.089523315, 213.64680481, 214.250518799, 214.865844727, 215.469558716, 216.038452148, 216.595733643, 217.153015137, 217.710296631, 218.267562866, 218.836456299, 219.405349731, 219.985839844, 220.566345215, 221.146850586, 221.588027954, 222.029205322, 222.481994629, 222.923171997, 223.364349365, 223.805526733, 224.246704102, 224.699493408, 225.152282715, 225.605072021, 226.057861328, 226.510650635, 226.963439941, 227.416229248, 227.869018555, 228.321807861, 228.774597168, 229.227386475, 229.680175781, 230.132965088, 230.585754395, 231.038543701, 231.491333008, 231.97895813, 232.466567993, 232.954193115, 233.465026855, 233.975875854, 234.486709595, 234.95111084, 235.415512085, 235.879898071, 236.344299316, 236.808700562, 237.273101807, 237.737503052, 238.201904297, 238.666305542], "beats_loudness": {"dmean2": 0.014268072322, "median": 0.0168997105211, "min": 0.000962460646406, "dvar2": 0.000201759656193, "dvar": 7.72109415266e-05, "dmean": 0.00879257079214, "max": 0.0746564343572, "var": 0.000181592389708, "mean": 0.019790397957}, "danceability": 0.886446595192, "bpm_histogram_second_peak_weight": {"dmean2": 0, "median": 0.0883002206683, "min": 0.0883002206683, "dvar2": 0, "dvar": 0, "dmean": 0, "max": 0.0883002206683, "var": 0, "mean": 0.0883002206683}, "beats_count": 454, "bpm_histogram_second_peak_bpm": {"dmean2": 0, "median": 133, "min": 133, "dvar2": 0, "dvar": 0, "dmean": 0, "max": 133, "var": 0, "mean": 133}, "bpm_histogram_first_peak_spread": {"dmean2": 0, "median": 0.526011586189, "min": 0.526011586189, "dvar2": 0, "dvar": 0, "dmean": 0, "max": 0.526011586189, "var": 0, "mean": 0.526011586189}, "beats_loudness_band_ratio": {"dmean2": [0.172140881419, 0.130829706788, 0.215440765023, 0.16710537672, 0.102129302919, 0.151277303696], "median": [0.167487770319, 0.0947568714619, 0.236482232809, 0.174747213721, 0.126745194197, 0.0373961180449], "min": [0.00316065037623, 0.0028615493793, 0.0137766767293, 0.0319496430457, 0.0064646708779, 0.00132023985498], "dvar2": [0.0220359135419, 0.0139843532816, 0.0317773744464, 0.0170732364058, 0.00967957079411, 0.0524270124733], "dvar": [0.00875410903245, 0.00555607769638, 0.0112053407356, 0.00696880416945, 0.0035012953449, 0.0205828361213], "dmean": [0.104880563915, 0.0767450109124, 0.127998664975, 0.101918704808, 0.061628960073, 0.0915220826864], "max": [0.735643446445, 0.621947407722, 0.748957872391, 0.640526652336, 0.503897964954, 0.650543689728], "var": [0.019125668332, 0.00990387424827, 0.0199870299548, 0.0136544397101, 0.0067596049048, 0.0205005556345], "mean": [0.201022520661, 0.122431218624, 0.260800719261, 0.20343144238, 0.14039157331, 0.0984871089458]}}, "lowlevel": {"barkbands_spread": {"dmean2": 7.06499052048, "median": 20.1108913422, "min": 4.57858419418, "dvar2": 34.5607185364, "dvar": 12.3162136078, "dmean": 4.15178537369, "max": 73.1478042603, "var": 97.0246658325, "mean": 22.8465061188}, "melbands_spread": {"dmean2": 10.5462141037, "median": 28.0900974274, "min": 5.91079950333, "dvar2": 90.3463439941, "dvar": 33.4594573975, "dmean": 6.30210351944, "max": 148.049194336, "var": 446.587921143, "mean": 35.3367729187}, "hfc": {"dmean2": 6.26396608353, "median": 17.028295517, "min": 0.00153270829469, "dvar2": 58.5050544739, "dvar": 24.3831863403, "dmean": 3.93443250656, "max": 183.814346313, "var": 419.565185547, "mean": 21.1820297241}, "barkbands_kurtosis": {"dmean2": 1.15916574001, "median": -0.112424373627, "min": -1.83321940899, "dvar2": 1.55215322971, "dvar": 0.560610294342, "dmean": 0.676597952843, "max": 22.4401340485, "var": 1.38955259323, "mean": 0.0990876182914}, "gfcc": {"mean": [-25.3455448151, 123.348396301, -166.545288086, 32.9807090759, -60.2623519897, -4.07087898254, -15.8272771835, 13.3052368164, -11.2942771912, -12.7563276291, -9.78628063202, -8.79257583618, 5.3321018219], "icov": [[0.00104872882366, 0.000331102171913, -0.000797590066213, -0.000773213629145, 0.000717087066732, 0.000422966462793, 0.000356269185431, -0.00100950314663, -0.000234274033573, -0.000553843274247, 0.00148789770901, 0.00103220657911, -0.000570265518036], [0.000331102171913, 0.00698965601623, -0.00540939765051, 0.00319186132401, -0.00521017052233, 0.004050552845, -0.0028933249414, 0.0062605063431, -0.00883227679878, 0.00815409608185, -0.00584101304412, 0.00660697557032, -0.00553146097809], [-0.000797590066213, -0.00540939765051, 0.0090299565345, -0.00351750361733, 0.00165923300665, -0.00388298160397, 0.00571664283052, -0.0066926991567, 0.00758724752814, -0.00527281640097, 0.00174318661448, -0.00759745994583, 0.00364505569451], [-0.000773213629145, 0.00319186132401, -0.00351750361733, 0.01052600611, -0.00141697109211, -0.000658184988424, -0.00397026306018, 0.00715256482363, -0.00492692738771, 0.000343451654771, -0.00116354995407, 0.00459564197809, -0.00388623983599], [0.000717087066732, -0.00521017052233, 0.00165923300665, -0.00141697109211, 0.0137810176238, -0.00296628847718, -0.00247916928492, -0.00283382413909, 0.00498058833182, -0.00603158446029, 0.00625706557184, -0.00361900636926, 0.00348263629712], [0.000422966462793, 0.004050552845, -0.00388298160397, -0.000658184988424, -0.00296628847718, 0.00980531517416, 0.000472121260827, 0.00104578991886, -0.00133813265711, 0.00307107856497, -0.00574452849105, 0.00371120800264, 0.000400662509492], [0.000356269185431, -0.0028933249414, 0.00571664283052, -0.00397026306018, -0.00247916928492, 0.000472121260827, 0.0174870397896, -0.00647598458454, 0.00187395128887, -0.00265910080634, 0.00258858269081, -0.00470955297351, 0.00352240819484], [-0.00100950314663, 0.0062605063431, -0.0066926991567, 0.00715256482363, -0.00283382413909, 0.00104578991886, -0.00647598458454, 0.0224952902645, -0.0204600542784, 0.0085113979876, 5.08739140059e-05, -0.000168074169778, -0.00487945973873], [-0.000234274033573, -0.00883227679878, 0.00758724752814, -0.00492692738771, 0.00498058833182, -0.00133813265711, 0.00187395128887, -0.0204600542784, 0.0387657098472, -0.0169084649533, -0.00228581600823, 0.00604482833296, 0.00030199761386], [-0.000553843274247, 0.00815409608185, -0.00527281640097, 0.000343451654771, -0.00603158446029, 0.00307107856497, -0.00265910080634, 0.0085113979876, -0.0169084649533, 0.0280432198197, -0.00824102014303, -0.000409564789152, 0.000624905165751], [0.00148789770901, -0.00584101304412, 0.00174318661448, -0.00116354995407, 0.00625706557184, -0.00574452849105, 0.00258858269081, 5.08739140059e-05, -0.00228581600823, -0.00824102014303, 0.0242857933044, -0.0109953116626, 0.00531293777749], [0.00103220657911, 0.00660697557032, -0.00759745994583, 0.00459564197809, -0.00361900636926, 0.00371120800264, -0.00470955297351, -0.000168074169778, 0.00604482833296, -0.000409564789152, -0.0109953116626, 0.0296961031854, -0.0124014597386], [-0.000570265518036, -0.00553146097809, 0.00364505569451, -0.00388623983599, 0.00348263629712, 0.000400662509492, 0.00352240819484, -0.00487945973873, 0.00030199761386, 0.000624905165751, 0.00531293777749, -0.0124014597386, 0.0237859133631]], "cov": [[2379.45556641, -873.525024414, 214.92855835, 282.449859619, -254.689361572, 107.895805359, -111.027671814, 217.619598389, 18.9612903595, 143.304901123, -213.265579224, -20.1699943542, -3.20964503288], [-873.525024414, 1827.72607422, 18.4119281769, -270.862823486, 311.081817627, -419.773132324, 144.585220337, -20.8107585907, 218.158340454, -250.811462402, 112.746040344, -139.605239868, 198.714324951], [214.92855835, 18.4119281769, 408.528747559, 51.2365989685, -4.36126375198, 130.562408447, -92.6338729858, 31.9645309448, -35.7122077942, 36.0014076233, 51.329208374, 82.5140991211, 4.97916507721], [282.449859619, -270.862823486, 51.2365989685, 199.716720581, -42.4449958801, 92.9498138428, -20.1562252045, -24.7191734314, -23.1514492035, 59.2966880798, -17.4866695404, 0.794256448746, -25.8201274872], [-254.689361572, 311.081817627, -4.36126375198, -42.4449958801, 160.471313477, -50.7086334229, 51.8430099487, -12.2033662796, 22.9236717224, -30.5668582916, 11.2655620575, -14.4144096375, 17.6282196045], [107.895805359, -419.773132324, 130.562408447, 92.9498138428, -50.7086334229, 288.85144043, -72.5063323975, -18.1696281433, -72.5503921509, 72.3595046997, 34.1679000854, 53.5605735779, -70.9712142944], [-111.027671814, 144.585220337, -92.6338729858, -20.1562252045, 51.8430099487, -72.5063323975, 112.133140564, 21.3416042328, 39.1797790527, -18.3487548828, -10.8091630936, -21.8822307587, 14.2573385239], [217.619598389, -20.8107585907, 31.9645309448, -24.7191734314, -12.2033662796, -18.1696281433, 21.3416042328, 144.203262329, 63.6508522034, 5.85797929764, -21.3898200989, 4.07125473022, 25.8934364319], [18.9612903595, 218.158340454, -35.7122077942, -23.1514492035, 22.9236717224, -72.5503921509, 39.1797790527, 63.6508522034, 110.783180237, -4.42267799377, 7.99584245682, -42.224155426, 32.9077606201], [143.304901123, -250.811462402, 36.0014076233, 59.2966880798, -30.5668582916, 72.3595046997, -18.3487548828, 5.85797929764, -4.42267799377, 101.525527954, 12.1702489853, 27.6204280853, -34.4731445312], [-213.265579224, 112.746040344, 51.329208374, -17.4866695404, 11.2655620575, 34.1679000854, -10.8091630936, -21.3898200989, 7.99584245682, 12.1702489853, 101.578063965, 28.3494606018, -2.95831513405], [-20.1699943542, -139.605239868, 82.5140991211, 0.794256448746, -14.4144096375, 53.5605735779, -21.8822307587, 4.07125473022, -42.224155426, 27.6204280853, 28.3494606018, 95.2298355103, 2.9488298893], [-3.20964503288, 198.714324951, 4.97916507721, -25.8201274872, 17.6282196045, -70.9712142944, 14.2573385239, 25.8934364319, 32.9077606201, -34.4731445312, -2.95831513405, 2.9488298893, 87.6955108643]]}, "spectral_energyband_middle_low": {"dmean2": 0.00551766669378, "median": 0.00639682402834, "min": 8.16842657514e-07, "dvar2": 5.50500008103e-05, "dvar": 1.84331329365e-05, "dmean": 0.00320365722291, "max": 0.0588029436767, "var": 6.46590269753e-05, "mean": 0.00894583109766}, "melbands_crest": {"dmean2": 5.05461645126, "median": 8.58759593964, "min": 2.36243987083, "dvar2": 20.2061920166, "dvar": 6.96297025681, "dmean": 2.93519854546, "max": 34.8113441467, "var": 13.8074760437, "mean": 9.38707828522}, "spectral_kurtosis": {"dmean2": 3.89988231659, "median": 3.8525390625, "min": 0.000322580337524, "dvar2": 13.4266614914, "dvar": 4.27216529846, "dmean": 2.17660331726, "max": 34.3503227234, "var": 7.64647340775, "mean": 4.51856708527}, "spectral_rms": {"dmean2": 0.000791635131463, "median": 0.00395387457684, "min": 4.01554098062e-05, "dvar2": 5.43259204733e-07, "dvar": 1.90063161654e-07, "dmean": 0.000466063036583, "max": 0.0087307440117, "var": 2.23826373258e-06, "mean": 0.00405980320647}, "zerocrossingrate": {"dmean2": 0.00671967770904, "median": 0.05810546875, "min": 0.005859375, "dvar2": 3.25549663103e-05, "dvar": 2.32355250773e-05, "dmean": 0.00517471134663, "max": 0.30908203125, "var": 0.00113841739949, "mean": 0.0690138712525}, "silence_rate_60dB": {"dmean2": 0.0172564219683, "median": 0, "min": 0, "dvar2": 0.0214193928987, "dvar": 0.00855469983071, "dmean": 0.0086273746565, "max": 1, "var": 0.0394943729043, "mean": 0.0411941446364}, "erbbands_kurtosis": {"dmean2": 1.04338908195, "median": -0.395357131958, "min": -1.54066085815, "dvar2": 1.1804240942, "dvar": 0.419184923172, "dmean": 0.607109963894, "max": 11.0133371353, "var": 0.905213713646, "mean": -0.161388754845}, "erbbands": {"dmean2": [0.051140088588, 0.516949474812, 1.41326415539, 1.28181290627, 2.56064677238, 2.77578997612, 7.9507522583, 18.0178623199, 11.5279045105, 18.4366817474, 33.2892951965, 73.8436355591, 76.1374664307, 64.1895751953, 38.6099472046, 9.56462574005, 7.30570077896, 6.52624750137, 20.3461017609, 24.9470329285, 42.9217567444, 13.2608499527, 13.501709938, 17.1105365753, 21.0373821259, 12.0035495758, 7.81717777252, 4.57083082199, 3.2974615097, 1.45542359352, 0.873502910137, 0.686480283737, 0.331527173519, 0.0857714042068, 0.0322386175394, 0.0137860951945, 0.00319916894659, 0.000607737281825, 6.75798582961e-05, 1.4250197637e-05], "median": [0.018381588161, 0.155226945877, 0.476705312729, 0.787801861763, 1.16812705994, 1.15734088421, 3.1419878006, 5.95363283157, 7.0402507782, 9.34653091431, 19.2809925079, 33.2902832031, 40.0783615112, 44.6607398987, 26.1072654724, 9.11707878113, 4.48462867737, 4.77524089813, 9.38331890106, 23.2464904785, 31.6469249725, 13.7085523605, 14.316160202, 10.1229696274, 19.5400791168, 10.5981559753, 4.84218502045, 1.29625618458, 0.497731328011, 0.248226851225, 0.102704301476, 0.119503624737, 0.0598660632968, 0.00910395104438, 0.00236886949278, 0.000658709148411, 0.000180556977284, 4.52801505162e-05, 1.96487071662e-05, 2.33852551901e-05], "min": [1.30992509639e-06, 1.74003871507e-05, 0.000101402176369, 0.000304422399495, 0.000489560712595, 0.000365707237506, 0.000215727748582, 0.000447773665655, 0.000699804921169, 0.00187392963562, 0.00206312793307, 0.0059748403728, 0.00883910153061, 0.00881195161492, 0.00421428168193, 0.00153995596338, 0.000748807040509, 0.00117281021085, 0.000876098230947, 0.00114253908396, 0.00199297373183, 0.000676509283949, 0.0044079166837, 0.00528436014429, 0.000579742831178, 0.000550757511519, 0.000438046234194, 0.000167487378349, 2.68144904112e-05, 1.09234679257e-05, 5.24678489455e-06, 3.450584245e-06, 2.34758067563e-06, 1.35509083066e-06, 7.69280518398e-07, 4.01458464694e-07, 1.89135278106e-07, 6.88109409452e-08, 1.65923506046e-08, 3.78595732542e-09], "dvar2": [0.00744089344516, 0.760357737541, 6.81285238266, 3.93901634216, 18.8896656036, 21.5362262726, 200.596038818, 950.376220703, 348.52154541, 1093.6809082, 2538.7253418, 13379.2109375, 15063.4003906, 6605.08691406, 3063.6418457, 121.862182617, 161.709762573, 121.121421814, 2124.6809082, 1441.35766602, 4647.10302734, 562.779174805, 472.925994873, 2166.92089844, 2030.52368164, 765.825317383, 488.186706543, 209.619506836, 170.408889771, 27.387430191, 9.50583267212, 7.07040119171, 1.32458913326, 0.16509026289, 0.0466429032385, 0.0109821744263, 0.00132800021674, 4.59682487417e-05, 1.2649617247e-06, 1.68333329498e-08], "dvar": [0.00240418524481, 0.245473086834, 2.60757946968, 1.46605706215, 6.50019025803, 7.87458944321, 72.3951721191, 323.932281494, 114.063301086, 405.059936523, 890.773254395, 4583.19189453, 4932.53369141, 2437.28149414, 1119.78601074, 42.9909133911, 57.4199981689, 43.3401451111, 751.117126465, 503.151550293, 1704.01379395, 193.277191162, 159.901763916, 814.233154297, 723.398864746, 284.627685547, 176.646408081, 88.7222290039, 70.0618286133, 11.4228649139, 3.97542572021, 2.87080645561, 0.553596138954, 0.0670823827386, 0.027651052922, 0.00727441906929, 0.000780517235398, 2.83110948658e-05, 4.87126328608e-07, 5.76318459622e-09], "dmean": [0.0285739582032, 0.286675482988, 0.848052501678, 0.787946462631, 1.49806129932, 1.66288375854, 4.61787605286, 10.3707304001, 6.70142459869, 11.0655002594, 19.5527057648, 41.9573516846, 43.2637214661, 38.0697021484, 22.7571468353, 5.58660840988, 4.25378370285, 3.80149006844, 11.7718429565, 14.6655015945, 25.3769378662, 7.78561830521, 7.89170360565, 10.3959646225, 12.5239706039, 7.20282268524, 4.74067163467, 2.9842748642, 2.14162325859, 0.977247476578, 0.560385167599, 0.447995722294, 0.214695841074, 0.0547019317746, 0.0221295114607, 0.00993018876761, 0.00230558170006, 0.000433657463873, 4.36801565229e-05, 8.30649150885e-06], "max": [0.960410118103, 7.11462116241, 24.8182544708, 20.0105266571, 36.2167205811, 46.8213348389, 181.281158447, 258.596405029, 212.079620361, 485.597351074, 505.820739746, 980.479797363, 964.579162598, 828.451049805, 589.934936523, 104.014778137, 171.838165283, 152.773330688, 561.642150879, 359.706329346, 755.831359863, 294.637664795, 342.626037598, 802.473449707, 776.968688965, 454.364532471, 407.8359375, 315.77947998, 286.611358643, 114.266014099, 64.1572647095, 68.5065383911, 29.6902542114, 19.8353672028, 16.1303806305, 8.71178722382, 2.3695795536, 0.428235471249, 0.0538134239614, 0.00515726255253], "var": [0.00259999581613, 0.351340323687, 3.78820633888, 3.40543437004, 9.84114551544, 18.3412456512, 130.614868164, 503.800872803, 196.551589966, 934.216369629, 1667.22753906, 7266.76367188, 7283.28369141, 4153.5390625, 2189.80834961, 67.4905166626, 114.512031555, 96.0952758789, 1742.28881836, 1580.72167969, 4356.20458984, 549.646911621, 465.10836792, 3281.15258789, 3496.06982422, 1621.64318848, 1166.45776367, 810.026245117, 414.593597412, 91.1524429321, 35.0793571472, 21.4773731232, 4.32651758194, 0.368570148945, 0.182892918587, 0.0498047806323, 0.00259800278582, 6.98973381077e-05, 6.09619348779e-07, 4.26354906935e-09], "mean": [0.0349486507475, 0.3848977983, 1.18201494217, 1.44027400017, 2.29739499092, 2.8640730381, 6.92684412003, 14.7371234894, 11.3745861053, 19.9526576996, 32.7258911133, 64.8583374023, 70.6464538574, 64.800819397, 40.384311676, 11.2862377167, 8.39394569397, 8.29905986786, 24.0598068237, 35.668888092, 55.2650604248, 20.3376731873, 20.2553634644, 27.8922138214, 35.4402084351, 21.9113292694, 14.7315502167, 10.1779623032, 6.41095876694, 3.14026713371, 1.92063295841, 1.50105309486, 0.698936700821, 0.169056862593, 0.0766965672374, 0.0327972881496, 0.00592438876629, 0.000981715274975, 9.62338308454e-05, 3.03626911773e-05]}, "spectral_strongpeak": {"dmean2": 1.29762363434, "median": 0.758935511112, "min": 0, "dvar2": 2.65440893173, "dvar": 0.964505314827, "dmean": 0.749547719955, "max": 14.7372398376, "var": 1.27355015278, "mean": 1.06488406658}, "spectral_energy": {"dmean2": 0.00747819337994, "median": 0.0160239525139, "min": 1.65276844655e-06, "dvar2": 7.61849150877e-05, "dvar": 2.65137077804e-05, "dmean": 0.00439308118075, "max": 0.0781315416098, "var": 0.000175457273144, "mean": 0.0191882122308}, "average_loudness": 0.783341526985, "spectral_rolloff": {"dmean2": 591.386291504, "median": 1873.38867188, "min": 43.06640625, "dvar2": 372601.28125, "dvar": 152513.25, "dmean": 337.575561523, "max": 11197.265625, "var": 1511879.75, "mean": 2045.50476074}, "spectral_centroid": {"dmean2": 293.582702637, "median": 1569.3157959, "min": 413.962310791, "dvar2": 55181.7851562, "dvar": 20758.4179688, "dmean": 176.468841553, "max": 3773.27075195, "var": 478774.09375, "mean": 1767.19567871}, "pitch_salience": {"dmean2": 0.106471098959, "median": 0.66081571579, "min": 0.17631469667, "dvar2": 0.00740718934685, "dvar": 0.00255608232692, "dmean": 0.0620933845639, "max": 0.89767152071, "var": 0.00659085996449, "mean": 0.647850811481}, "spectral_energyband_middle_high": {"dmean2": 0.00299299391918, "median": 0.00579229788855, "min": 6.90064553055e-07, "dvar2": 1.19558626466e-05, "dvar": 4.25434609497e-06, "dmean": 0.00178262940608, "max": 0.0389045886695, "var": 2.21369646169e-05, "mean": 0.00671584624797}, "spectral_contrast_coeffs": {"dmean2": [0.0819607153535, 0.0817052423954, 0.0730100572109, 0.0512018054724, 0.0324393287301, 0.0212266612798], "median": [-0.685831308365, -0.764258265495, -0.748467087746, -0.771793365479, -0.784530460835, -0.711784243584], "min": [-0.937755405903, -0.939725756645, -0.930462479591, -0.947271645069, -0.870135188103, -0.922075033188], "dvar2": [0.00402764882892, 0.0038149356842, 0.00319833843969, 0.00155806378461, 0.000608974311035, 0.000278014078503], "dvar": [0.00138784246519, 0.00132445362397, 0.00108493783046, 0.00053599110106, 0.000212724102312, 0.000109041160613], "dmean": [0.0481698513031, 0.047893088311, 0.0426103137434, 0.029935348779, 0.0190584249794, 0.013012307696], "max": [-0.397920578718, -0.534739851952, -0.531534254551, -0.578949987888, -0.640747189522, -0.590362012386], "var": [0.00425092643127, 0.00319418380968, 0.00347760412842, 0.00276557332836, 0.000900158716831, 0.00167806912214], "mean": [-0.68101722002, -0.760902941227, -0.748396575451, -0.765616953373, -0.783934652805, -0.708901524544]}, "melbands_skewness": {"dmean2": 0.577817201614, "median": 1.00913238525, "min": -0.67218798399, "dvar2": 0.236240908504, "dvar": 0.0824389085174, "dmean": 0.341959923506, "max": 4.99423074722, "var": 0.264791101217, "mean": 1.06068301201}, "spectral_spread": {"dmean2": 284166.53125, "median": 2580321, "min": 1061647.5, "dvar2": 83023667200, "dvar": 51740909568, "dmean": 172096.0625, "max": 23860786, "var": 489824780288, "mean": 2820016.75}, "dissonance": {"dmean2": 0.027831774205, "median": 0.480598717928, "min": 0.253875017166, "dvar2": 0.000664869206958, "dvar": 0.000232914098888, "dmean": 0.0159384123981, "max": 0.5, "var": 0.000361565296771, "mean": 0.476022809744}, "spectral_skewness": {"dmean2": 0.390722960234, "median": 1.14670813084, "min": 0.183884963393, "dvar2": 0.113652475178, "dvar": 0.0365127846599, "dmean": 0.222834095359, "max": 3.71452856064, "var": 0.168602079153, "mean": 1.17692923546}, "spectral_flux": {"dmean2": 0.0180837959051, "median": 0.0733893811703, "min": 0.0134632168338, "dvar2": 0.000284769048449, "dvar": 0.000107544852654, "dmean": 0.0108570940793, "max": 0.201561778784, "var": 0.000931193586439, "mean": 0.0767916887999}, "spectral_contrast_valleys": {"dmean2": [0.672368824482, 0.537328004837, 0.424055337906, 0.343862324953, 0.215389594436, 0.212045922875], "median": [-7.59481143951, -6.3982334137, -6.57389497757, -7.48787689209, -7.01501560211, -11.4140806198], "min": [-11.0711975098, -10.633146286, -10.2088088989, -11.1490030289, -11.6238479614, -14.3532733917], "dvar2": [0.265946477652, 0.167595401406, 0.10256242007, 0.0694415941834, 0.0285661835223, 0.0752817168832], "dvar": [0.090246938169, 0.0572571530938, 0.0354376882315, 0.0243294388056, 0.0107505535707, 0.0322825908661], "dmean": [0.389172166586, 0.313821226358, 0.248047083616, 0.202476292849, 0.129010424018, 0.141715183854], "max": [-5.68925666809, -4.66280269623, -5.37147045135, -5.88161849976, -5.46485376358, -7.95575714111], "var": [0.652037620544, 0.472964257002, 0.199081376195, 0.204652100801, 0.346506237984, 0.950176000595], "mean": [-7.67889785767, -6.48762893677, -6.60964250565, -7.45532417297, -7.07679510117, -11.1616306305]}, "erbbands_flatness_db": {"dmean2": 0.0229961760342, "median": 0.217147931457, "min": 0.0905134379864, "dvar2": 0.000384613085771, "dvar": 0.000138413117384, "dmean": 0.0137336123735, "max": 0.380535781384, "var": 0.00129324314184, "mean": 0.212458953261}, "spectral_energyband_high": {"dmean2": 0.000255296647083, "median": 0.000181212642929, "min": 1.32084254645e-08, "dvar2": 5.28363500507e-07, "dvar": 2.61360270315e-07, "dmean": 0.000180682851351, "max": 0.0214063115418, "var": 4.17279898102e-06, "mean": 0.000811040226836}, "spectral_entropy": {"dmean2": 0.134153872728, "median": 7.49891996384, "min": 6.42160224915, "dvar2": 0.0133972475305, "dvar": 0.00491477549076, "dmean": 0.0802859440446, "max": 8.78721523285, "var": 0.0706506595016, "mean": 7.56633234024}, "silence_rate_20dB": {"dmean2": 0, "median": 1, "min": 1, "dvar2": 0, "dvar": 0, "dmean": 0, "max": 1, "var": 0, "mean": 1}, "melbands_flatness_db": {"dmean2": 0.0262624789029, "median": 0.185892209411, "min": 0.0188827160746, "dvar2": 0.000488194345962, "dvar": 0.000175005596248, "dmean": 0.0157016813755, "max": 0.372270584106, "var": 0.00333490245976, "mean": 0.171528801322}, "barkbands": {"dmean2": [0.000622664520051, 0.00207782397047, 0.00113752076868, 0.00054827646818, 0.00101657386404, 0.00155925261788, 0.000785051262937, 0.00171954149846, 0.00370242865756, 0.00171041081194, 0.00142749666702, 0.000302030268358, 0.000174999207957, 0.000152636741404, 0.000491060665809, 0.000802779570222, 0.000222992632189, 0.000257066712948, 0.000447081605671, 0.000274104095297, 0.000139759693411, 8.29382697702e-05, 3.07741502183e-05, 2.39980436163e-05, 5.57183375349e-06, 2.13484440792e-06, 5.13597569807e-07], "median": [7.94420338934e-05, 0.000759341754019, 0.000407613290008, 0.000283466040855, 0.000434133864474, 0.000646741129458, 0.00038370245602, 0.000800345325842, 0.00163010403048, 0.00108434597496, 0.000878460530657, 0.000223962008022, 9.196420433e-05, 9.55677096499e-05, 0.000246628624154, 0.00062739016721, 0.000172790736542, 0.000249223230639, 0.000278837716905, 0.000255405117059, 6.14023956587e-05, 1.24770258481e-05, 4.32136994277e-06, 4.92063963975e-06, 4.96595134791e-07, 1.0130768402e-07, 1.05233404213e-07], "min": [2.38787789542e-09, 6.43226911734e-08, 2.69184052826e-08, 1.24113469724e-07, 1.2357438095e-07, 4.55869120231e-08, 7.14973964477e-08, 9.25186398604e-08, 2.73147520602e-07, 2.91415204856e-07, 1.3595473547e-07, 4.62959022229e-08, 1.58763011626e-08, 2.41174884508e-08, 1.36120750227e-08, 3.97798771701e-08, 7.83178677466e-09, 1.33213845288e-07, 2.03030872115e-08, 9.79061276496e-09, 8.71568861527e-09, 5.88935289425e-10, 1.87291987475e-10, 1.49289247631e-10, 1.12515143036e-10, 9.99123006551e-11, 1.20315271634e-10], "dvar2": [2.4164264687e-06, 1.04688087958e-05, 4.29254714618e-06, 6.98833332535e-07, 2.95906284009e-06, 6.40648022454e-06, 2.15592422137e-06, 7.76035903982e-06, 3.43134706782e-05, 6.54054201732e-06, 3.13237615046e-06, 1.22971570704e-07, 9.54981089762e-08, 6.34635455299e-08, 8.97316340343e-07, 1.37065774197e-06, 1.69038287368e-07, 1.65455816159e-07, 1.35974914883e-06, 3.05504556763e-07, 1.57166240911e-07, 1.09151919503e-07, 1.07442330588e-08, 7.6949548955e-09, 1.02034014571e-09, 3.89435844683e-10, 7.17587794741e-11], "dvar": [8.41036