{"metadata": {"tags": {"bpm": ["98.39"], "musicip_puid": ["e4fcb42c-1f0b-c0dc-b006-baaa1b5103a1"], "musicbrainz_albumid": ["56048b2b-54f2-4d30-9b53-5476cdb33c57"], "genre": ["New Age"], "musicbrainz_artistid": ["d662aac8-5691-45e1-93dd-72962ca696ae"], "title": ["Three Hesitant Themes"], "tracknumber": ["07"], "artist": ["William Ackerman"], "musicbrainz_albumartistid": ["d662aac8-5691-45e1-93dd-72962ca696ae"], "album": ["Childhood and Memory"], "musicbrainz album type": ["Album"], "musicbrainz_recordingid": ["13c51569-4db0-407b-8737-0c27dc9272c1"], "date": ["1979"], "acoustid_id": ["52c37668-18d1-4acc-bc5e-28767b60ba80"], "file_name": "William Ackerman - Three Hesitant Themes.mp3", "acoustid_fingerprint": ["AQADtKaUVAaSI_eD8wtxXEUVOEaPa8i5J9BTGjn6VTj8ospx2cih9wtyPnhwPEM_NEkTXM-DPH2QHC_6bjjhuEd5PMeP-IeeBEeOMrtxfkZt4zzRh0dTGx9-PFGKZodPo76C-_hSQX9UlM9gh0aV5sFxGQ2fD32Ok0rRN8zwKPiLw_mQRDuyHXOCK8OJ-0oyNDIqMxee4TonIXfQJD8qbsTxYMokSPnRB2GGLdmW4kv2BGeO3niRQxfCbMXX49jxH9dxocex4_DxoAfQH-EBCH0Of0Z4_OjRPDiOv-jhE-XhRL9w-cPzoE_xHLgLJ0d_HC-SP8izXMGJ4yqqNGhyPEmQ01SQPDVx9AzhIzyuQ_4Rz8av4McvPPg4NEeoNIIqPngifchxoi_8fEVF4z4ufD7yk9hz_IHWH-mk9tgLn6ivDM35DLVyPMfzHf3hHD-ap3gffKyIMxc0tZLR8MFz3MdxPDkc_viFMzX6JAseXHgC9wiPQzGiEE-O6_iFOoWLsuxw-nhq9A-aBy-M5EoiXJiOMNELJok4Y_KDK3rQBzne4IKWA8ePqMePA-hxHD4uF_1x_OhhHmFvodATHIix43gP4y8OHO3xHBfzoK8Cj5lx3Dh64siR9B7-4BOO6rDyoMKP88ER9oX4KDEqI_jxIzyP5nEgNKQShN9RWmie4r_wpEe-I_nRi8DFwCpzVESemUiO45OwLxQYGlOKp5kS9Du842iOe9gVMUKdF34K6rSCJCr1ID8aDpV7PEpy_MGPEz7u48yDPlrx6PjxHH4RHgqPrMeqBMePP-iOpmbxSMLD43BNCdeQH5ONZkog_WgelA-2RImuIJb24OhTPMgFuxRKqLiO4Nh3HD96GC_wqwJ6Fqjh53h84EZKnDjxI8CxHwfiIzl8HvhhfCFweGhYHU-OO-XQp8Ez4Tgc9_hRnfiR50j-JXiW4y9OPM3h4IlifEfylFSQXziLni58VMdjxDP0Iw8enMzRH4cfGlWeBEl15OmDE33xcIOPysfzIz8OHbnw3MRRkjB34fph-3g--Dz6B_fxZEV1wz-8J0V_PHcQO0byy2j4EL1knMlRtRSOS5rgfziPkzKeLHiEx8UFH-GRhAKNdeHx47yIw92Oz8OPPEd9onmCEzUHLU127EHAJKKUClOSZLnw5Lhy9MGD5CrSHe2ND__xCj9w60CP4wcOf6h-XFfwHUcvNF-CLzkSI-bR80GP4-h1AM3yHE-MO1fQx4EfGPCL6hueI4eO3F_w8DhOvIGTJjPiJ0Pyhg6e4-hZ_PA7VMePpM-RP3iO5zhOGC-D57KQVNmeICdO9BpOpC_KE_rx48IfnEMelET74RJxVwTssCmu47nxFL1kvIvRW_j04FIT5B6S9RmaHdfxP8NxwYyKf3jqoE-SBQ_O4cnhF72QhMiONQqei3ioD89FND36sMdzHXFxsRn8He8wUT60NNnBDyF5TImZwomy40py4USf4BECXWgu5B8-HNcxfEUv-Dx8HCT84cFx-NLxwceJ7ghnqESmYz_M4vAeAN7RHo-P-0L5GGdwnII_FJeFOEh-3MSP6ziaF0eX7oj3Qace5EWv4kFzqcFxxDr0I-x4HOVlXOgNJ0f1Hbkf6Dvyp0I_-DkqSziOM0hOdghz-DnqY6oE98WPw_Oxwy_qbSgXJoQ_JPuRMj_-40dtNGOW480zHGfhHd-DMx-uDH1TfFLx4PCRTDoikEqx5zj-orvQdAqLK8aPU-gvoenwISSmNBGkT_gRbUe7zEKTRBfOJMfRFycCsdKG8jjiA8ex4yj4wLqB4_jx4w1--EEOIbsx_MAfAD7KVA9-3EH3NHiK_FCfIOcOL69QfCh1uFEW48en481xeMd5JHHkHJmqHPtR70d_NNeF58gPPSPyp0e9HW6aY1oPHtG1B_qLh-iiHY926BfywwvKdzh6oflxZUc9OvgTHNaNHOKO6PlBKXuF_cCHHj9yD1q-I0-OZhOP78YzTLrA5NqxX_iHNsNTCx-R74Jz_BV6vOiHtAqLK0_wwzlNPDrS5RnkdIhWKgf_YNOOF65RUjiuBWEeLtD4I7Q4WEsS5eiF6T0y_QkUSXxwImSLPMW5Qz9Syaj048HRHx5zvDivIDfhcMQPR5VwPvD044GP44eaHc5RfsIlHb-D5gq0cih_pL8CJ4wBhComBNCEAwKgAAIx0RgAQhBMhUNCKGigQEwKIpgQhlPDnFCGGAMEAQQAoYhACDBBCAFBAEQANIBSQhAgBCnGCBCiCAGQBKNysyRYRCFCFLAKEQeFEkIAIJhRjACjAJTMCEE4lU4AMYQAAhAoHCKKOqIIUFQAQKQAxAFDGQIGEKAAIIgAQIShRCBEgADACUJAAwAAI4liEgEFDEWKQKCQUIABZAgjSCmCEEBMGMyUUFkqAgZVAjDxLXFQOAIABIZBwhQAhEgjjnCIKAiAkMAKgghAQAigFBHOAGIcMQgRBzhgAiAgGGGCAIkkUYYQpJhAACGgJEBEMwSRkEAZYIgRxDDFjFHsEJWcEkMoBIygzolgmYBiCUAgVAdIwJi4SEADgQNIEEQMA5AxAoRiBBjBjGgECeIAUMJwxcAAxHEBnWKAJKKAYQoIgJBhRhighBEGAEGIAEgYRSxDSCmAGDGSEOCRMYAAY5BCRDFCAAfCSEGBUAgySQwQDCFmgBFOAEXAQYAAQBQACBDnBCBIVEYAgWI4AIwAQghJIBOMMQCEoMIBITAQAlDCHFEIMUAFUYgYBYQigAABiGSIIeSUUcYI4gQEQACBhGAGGIGI4YgRIhSAxDKQiCVLmgKUIU5gAaATEChgBLFEAQElkYxQBQQDRCIGgJAMCQugMkAII4wADACBAFBCAiAJqhJBI4CQgBjHgBGAGEUQFQgxJQQiDEEiOAAEAmYIA4gKJwxF0KhNrAmOWSaBYJwQR4QgEhAGDBVEgAAVAwRpCBRARhKhABDQGAeEEIogboADhCDggENEXOGIkIQYRwAAQDhqmIBECEcE0hYIRAhAADCMgJCCMKaAMwAIxpDBSAACEVAAGQMQoESIZgRgxDghDQLACUskRAoJAogQwAA"], "language": ["eng"]}, "audio_properties": {"sample_rate": 44100, "downmix": "mix", "lossless": false, "analysis_sample_rate": 44100, "md5_encoded": "2b73581b0355a856c2a764994845d9c0", "equal_loudness": 0, "replay_gain": -4.8992767334, "codec": "mp3", "bit_rate": 192000, "length": 331.990203857}, "version": {"extractor": "music 1.0", "essentia_build_sha": "2d9f1f26377add8aeb1075a9c2973f962c4f09fd", "essentia_git_sha": "v2.1_beta2-1-ge3940c0", "essentia": "2.1-beta2"}}, "rhythm": {"beats_loudness_band_ratio": {"dvar2": [0.0858642533422, 0.0906541794538, 0.0175759810954, 0.00269408314489, 0.00158233719412, 0.00959657877684], "var": [0.0600160956383, 0.0412637740374, 0.0084478482604, 0.00131311267614, 0.000845937640406, 0.00183011626359], "min": [0.0264539737254, 0.00171735684853, 0.000359678233508, 2.1881005523e-05, 8.2913929873e-06, 4.59666580355e-06], "dmean": [0.211959883571, 0.223400607705, 0.0660196393728, 0.022907814011, 0.0166186932474, 0.0205846056342], "mean": [0.648393929005, 0.302325308323, 0.0760316178203, 0.0288314931095, 0.0184468440711, 0.0136948097497], "max": [0.998823583126, 0.883166313171, 0.590585410595, 0.330192178488, 0.199265271425, 0.633414745331], "dmean2": [0.36573690176, 0.40719589591, 0.110310412943, 0.0391684211791, 0.0279995519668, 0.0389152392745], "median": [0.699485301971, 0.30305325985, 0.0467838123441, 0.0154750626534, 0.00725065451115, 0.00196391204372], "dvar": [0.0347001515329, 0.0289436206222, 0.00687230052426, 0.000946435437072, 0.000624011910986, 0.0031410898082]}, "bpm_histogram_first_peak_weight": {"dvar2": 0, "var": 0, "min": 0.0914826467633, "dmean": 0, "mean": 0.0914826467633, "max": 0.0914826467633, "dmean2": 0, "median": 0.0914826467633, "dvar": 0}, "bpm": 126.039710999, "beats_count": 635, "bpm_histogram_first_peak_spread": {"dvar2": 0, "var": 0, "min": 0.644171774387, "dmean": 0, "mean": 0.644171774387, "max": 0.644171774387, "dmean2": 0, "median": 0.644171774387, "dvar": 0}, "danceability": 1.02374327183, "bpm_histogram_first_peak_bpm": {"dvar2": 0, "var": 0, "min": 126, "dmean": 0, "mean": 126, "max": 126, "dmean2": 0, "median": 126, "dvar": 0}, "beats_position": [0.568888902664, 1.16099774837, 1.74149656296, 2.33360528946, 2.92571425438, 3.52943301201, 4.1099319458, 4.7020406723, 5.2941493988, 5.89786815643, 6.52480697632, 7.14013576508, 7.72063493729, 8.3011341095, 8.88163280487, 9.43891143799, 9.99619007111, 10.5418596268, 11.0875282288, 11.6331968307, 12.2601356506, 12.8638544083, 13.479183197, 14.0945119858, 14.7098407745, 15.2903394699, 15.8824491501, 16.4861679077, 17.0898857117, 17.693605423, 18.2973232269, 18.877822876, 19.4467124939, 20.0388202667, 20.6309299469, 21.2230377197, 21.826757431, 22.430475235, 23.0574150085, 23.6727428436, 24.195192337, 24.6944217682, 25.1936511993, 25.5883903503, 25.9947395325, 26.4010887146, 26.8074378967, 27.2137870789, 27.6085262299, 28.014875412, 28.4212245941, 28.8275737762, 29.2455329895, 29.6518821716, 30.0350112915, 30.4065303802, 30.778049469, 31.1611785889, 31.5094776154, 31.8577766418, 32.2060775757, 32.6936950684, 33.1697044373, 33.6457138062, 34.2494316101, 34.8531494141, 35.4568710327, 36.0489807129, 36.6410865784, 37.244808197, 37.8369140625, 38.4290237427, 39.0211334229, 39.613243103, 40.1705207825, 40.7277984619, 41.2850799561, 41.8539657593, 42.4228553772, 42.9917449951, 43.5838546753, 44.1875724792, 44.7912902832, 45.3833999634, 45.9755096436, 46.590839386, 47.2061653137, 47.7750549316, 48.3439445496, 48.901222229, 49.4120635986, 49.9229011536, 50.5266189575, 51.1303405762, 51.7340583801, 52.3609962463, 52.999546051, 53.6148757935, 54.2302017212, 54.8339233398, 55.4492492676, 56.0529708862, 56.6915168762, 57.3184585571, 57.9453964233, 58.6884346008, 59.4314727783, 60.1512908936, 60.859500885, 61.5677070618, 62.2759170532, 62.9144668579, 63.5530128479, 64.1567306519, 64.772064209, 65.3757781982, 65.9446716309, 66.5135574341, 67.1172790527, 67.720993042, 68.3595428467, 68.9748764038, 69.5902023315, 70.1939239502, 70.7744216919, 71.3781356812, 71.9818572998, 72.5623550415, 73.1660766602, 73.7697982788, 74.3735122681, 74.9772338867, 75.5925598145, 76.1614532471, 76.7419509888, 77.2992248535, 77.8448944092, 78.4021759033, 78.9942855835, 79.5979995728, 80.1785049438, 80.7590026855, 81.3395004272, 81.9199981689, 82.5004959106, 83.0809936523, 83.6963272095, 84.3232650757, 84.9502029419, 85.5771408081, 86.1924667358, 86.8194122314, 87.4231262207, 88.0268478394, 88.6421737671, 89.2575073242, 89.8612213135, 90.4765548706, 91.1034927368, 91.7420425415, 92.3225402832, 92.9030380249, 93.4835357666, 94.0756454468, 94.6793670654, 95.2482528687, 95.8171386719, 96.3860321045, 96.9433059692, 97.5005874634, 98.046257019, 98.6151428223, 99.1840362549, 99.7529220581, 100.3334198, 100.913917542, 101.51763916, 102.121360779, 102.736686707, 103.340408325, 103.955734253, 104.478187561, 105.00063324, 105.511474609, 106.02230835, 106.556373596, 107.067207336, 107.578048706, 108.088890076, 108.599723816, 109.110565186, 109.621406555, 110.132240295, 110.654693604, 111.165527344, 111.687980652, 112.210426331, 112.732879639, 113.255325317, 113.800994873, 114.427932739, 115.043266296, 115.658592224, 116.297142029, 116.935691833, 117.574241638, 118.212783813, 118.839729309, 119.466667175, 120.093605042, 120.708930969, 121.324264526, 121.881538391, 122.438819885, 122.99609375, 123.530158997, 124.075828552, 124.598274231, 125.109115601, 125.619949341, 126.142402649, 126.653244019, 127.15246582, 127.66330719, 128.197372437, 128.719818115, 129.242263794, 129.764709473, 130.28717041, 130.809616089, 131.332061768, 131.854507446, 132.365356445, 132.876190186, 133.387023926, 133.886260986, 134.37387085, 134.884719849, 135.372329712, 135.859954834, 136.359176636, 136.951293945, 137.531784058, 138.10067749, 138.692779541, 139.284896851, 139.795730591, 140.30657959, 140.829025269, 141.363082886, 141.885528564, 142.407974243, 142.976867676, 143.545761108, 144.103042603, 144.671920776, 145.229202271, 145.809707642, 146.390197754, 146.970703125, 147.539596558, 148.108474731, 148.700592041, 149.281082153, 149.861587524, 150.430480957, 150.999359131, 151.568252563, 152.090698242, 152.613143921, 153.135604858, 153.681274414, 154.203720093, 154.726165771, 155.24861145, 155.771057129, 156.293518066, 156.815963745, 157.338409424, 157.860855103, 158.383300781, 158.905761719, 159.404983521, 159.915817261, 160.449890137, 160.983947754, 161.518005371, 162.017227173, 162.516464233, 163.027297974, 163.526535034, 164.025756836, 164.536590576, 165.128707886, 165.732421875, 166.440628052, 167.12562561, 167.81060791, 168.530426025, 169.250244141, 169.958450317, 170.655059814, 171.223937988, 171.792831421, 172.361724854, 172.942214966, 173.49949646, 174.056777954, 174.60244751, 175.148117065, 175.682174683, 176.204620361, 176.715454102, 177.226303101, 177.725524902, 178.236373901, 178.75881958, 179.281265259, 179.803710938, 180.326171875, 180.837005615, 181.359451294, 181.881896973, 182.41595459, 182.961624146, 183.507293701, 184.064575195, 184.575408936, 185.086257935, 185.608703613, 186.107940674, 186.595550537, 187.083175659, 187.559173584, 188.046798706, 188.534423828, 188.929153442, 189.335510254, 189.753463745, 190.171432495, 190.589385986, 191.018951416, 191.448516846, 191.854873657, 192.26121521, 192.667572021, 193.073913574, 193.468658447, 193.86340332, 194.234924316, 194.606430054, 194.97795105, 195.349472046, 195.720993042, 196.208618164, 196.696228027, 197.183853149, 197.671463013, 198.159088135, 198.646713257, 199.13432312, 199.621948242, 200.121170044, 200.608795166, 201.096420288, 201.572418213, 202.060043335, 202.536056519, 203.023666382, 203.488067627, 203.952468872, 204.405258179, 204.869659424, 205.357269287, 205.856506348, 206.332519531, 206.796905518, 207.249694824, 207.702484131, 208.155273438, 208.619674683, 209.084075928, 209.583312988, 210.070922852, 210.558547974, 211.034561157, 211.522171021, 212.021408081, 212.532241821, 213.019866943, 213.495864868, 213.960266113, 214.424667358, 214.900680542, 215.365081787, 215.841079712, 216.293869019, 216.746658325, 217.199447632, 217.640625, 218.128250122, 218.615875244, 219.091873169, 219.567886353, 220.020675659, 220.485076904, 220.961090088, 221.437088013, 221.889877319, 222.331054688, 222.783843994, 223.236633301, 223.689422607, 224.153823853, 224.606613159, 225.047790527, 225.500579834, 225.976593018, 226.429382324, 226.882171631, 227.323348999, 227.752914429, 228.182495117, 228.600448608, 229.053237915, 229.494415283, 229.923980713, 230.353561401, 230.783126831, 231.224304199, 231.677093506, 232.129882813, 232.571060181, 233.012237549, 233.523086548, 234.02230835, 234.521530151, 234.985931396, 235.46194458, 235.97277832, 236.472015381, 236.959625244, 237.447250366, 237.911651611, 238.376052856, 238.840454102, 239.304855347, 239.769241333, 240.233642578, 240.698043823, 241.15083313, 241.603622437, 242.056411743, 242.532424927, 243.00843811, 243.484436035, 243.94883728, 244.413238525, 244.877639771, 245.342041016, 245.81803894, 246.294052124, 246.758453369, 247.211242676, 247.664031982, 248.116821289, 248.569610596, 249.034011841, 249.510025024, 249.986022949, 250.462036133, 250.938049316, 251.402450562, 251.878448486, 252.35446167, 252.830474854, 253.306488037, 253.7940979, 254.281723022, 254.746124268, 255.222122192, 255.674911499, 256.127716064, 256.592102051, 257.068115234, 257.555725098, 258.043365479, 258.507751465, 258.972137451, 259.436553955, 259.900939941, 260.376953125, 260.852966309, 261.317352295, 261.804992676, 262.292602539, 262.768615723, 263.233001709, 263.72064209, 264.208251953, 264.707489014, 265.218322754, 265.717559814, 266.205169678, 266.681182861, 267.145568848, 267.609985352, 268.074371338, 268.550384521, 269.014770508, 269.479187012, 269.920349121, 270.373138428, 270.802703857, 271.232299805, 271.673461914, 272.114654541, 272.55581665, 272.997009277, 273.426574707, 273.856140137, 274.274108887, 274.715270996, 275.156463623, 275.597625732, 276.038818359, 276.503204346, 276.955993652, 277.432006836, 277.919647217, 278.41885376, 278.91809082, 279.440551758, 279.939758301, 280.462219238, 280.984680176, 281.507110596, 282.029571533, 282.540405273, 283.039642334, 283.538848877, 284.014862061, 284.490875244, 284.966888428, 285.454498291, 285.930511475, 286.406524658, 286.870910645, 287.346923828, 287.846160889, 288.322174072, 288.786560059, 289.250976563, 289.703765869, 290.168151855, 290.644165039, 291.131774902, 291.631011963, 292.107025146, 292.571411133, 293.035827637, 293.51184082, 293.976226807, 294.45223999, 294.928253174, 295.404266357, 295.880279541, 296.379486084, 296.867126465, 297.354736328, 297.842346191, 298.329986572, 298.829193115, 299.328430176, 299.816040039, 300.292053223, 300.768066406, 301.232452393, 301.696868896, 302.17288208, 302.660491943, 303.159729004, 303.647338867, 304.123352051, 304.599365234, 305.075378418, 305.551391602, 306.015777588, 306.503387451, 306.967803955, 307.455413818, 307.954650879, 308.442260742, 308.941497803, 309.452331543, 309.963165283, 310.473999023, 311.008056641, 311.530517578, 312.029754639, 312.517364502, 313.004974365, 313.492614746, 314.003448486, 314.525878906, 315.071563721, 315.605621338, 316.128051758, 316.650512695, 317.172973633, 317.695404053, 318.22946167, 318.775146484, 319.297576904, 319.854858398, 320.412139893, 320.981048584, 321.549926758, 322.130432129, 322.72253418, 323.326263428, 323.964813232, 324.603363037, 325.241912842, 325.775970459, 326.310028076, 326.844085693, 327.401367188, 327.958648682, 328.492706299, 329.026763916, 329.560821533, 330.09487915, 330.628936768, 331.174591064], "beats_loudness": {"dvar2": 0.0426380038261, "var": 0.0102860359475, "min": 2.3049367428e-06, "dmean": 0.0571013502777, "mean": 0.0510427579284, "max": 1.76181340218, "dmean2": 0.10791156441, "median": 0.02257543616, "dvar": 0.0149361295626}, "bpm_histogram_second_peak_weight": {"dvar2": 0, "var": 0, "min": 0.0835962146521, "dmean": 0, "mean": 0.0835962146521, "max": 0.0835962146521, "dmean2": 0, "median": 0.0835962146521, "dvar": 0}, "bpm_histogram_second_peak_spread": {"dvar2": 0, "var": 0, "min": 0.530973494053, "dmean": 0, "mean": 0.530973494053, "max": 0.530973494053, "dmean2": 0, "median": 0.530973494053, "dvar": 0}, "bpm_histogram_second_peak_bpm": {"dvar2": 0, "var": 0, "min": 115, "dmean": 0, "mean": 115, "max": 115, "dmean2": 0, "median": 115, "dvar": 0}, "onset_rate": 3.26796865463}, "lowlevel": {"spectral_energyband_high": {"dvar2": 5.50374124941e-06, "var": 4.07262541557e-06, "min": 8.18916722804e-21, "dmean": 0.000209719466511, "mean": 0.000339551479556, "max": 0.0947838947177, "dmean2": 0.000299430335872, "median": 1.17957561088e-05, "dvar": 2.54333735938e-06}, "spectral_energyband_middle_low": {"dvar2": 0.000595949590206, "var": 0.000837222964037, "min": 2.15892877699e-22, "dmean": 0.00459404382855, "mean": 0.0115512423217, "max": 1.44808578491, "dmean2": 0.00689098564908, "median": 0.00476867239922, "dvar": 0.000329035858158}, "spectral_energy": {"dvar2": 0.000988454674371, "var": 0.00297734886408, "min": 1.0920680785e-20, "dmean": 0.00923636276275, "mean": 0.0273579768836, "max": 1.59769487381, "dmean2": 0.0119179179892, "median": 0.0115741519257, "dvar": 0.000617387937382}, "spectral_spread": {"dvar2": 1305051791360.0, "var": 1773688979460.0, "min": 783174.75, "dmean": 521722.4375, "mean": 3144058.75, "max": 40028448, "dmean2": 843252.4375, "median": 2927602.25, "dvar": 581664309248}, "spectral_energyband_low": {"dvar2": 0.000389642897062, "var": 0.00179327826481, "min": 7.03024445253e-23, "dmean": 0.00613999739289, "mean": 0.0148959578946, "max": 0.73995244503, "dmean2": 0.00756539590657, "median": 0.00318146520294, "dvar": 0.000285636517219}, "spectral_rolloff": {"dvar2": 439887.09375, "var": 389730.375, "min": 64.599609375, "dmean": 124.297172546, "mean": 502.428741455, "max": 19659.8144531, "dmean2": 212.061294556, "median": 344.53125, "dvar": 179614.109375}, "barkbands": {"dvar2": [1.29863997334e-09, 5.52573001187e-05, 0.000154926034156, 0.000319375045365, 7.8680968727e-05, 3.70116458726e-06, 3.169534466e-06, 2.90255172786e-07, 1.59237444564e-07, 8.35759479401e-08, 1.07335953459e-08, 1.68343342466e-06, 3.22305879763e-07, 1.0121775631e-06, 1.27775649617e-07, 2.91065482827e-08, 5.63850441893e-08, 6.24212717071e-08, 1.1085178997e-08, 4.87032684759e-06, 2.64025601382e-08, 2.46916780355e-08, 2.00301801812e-08, 3.20877795446e-08, 7.94144572325e-09, 3.14763970444e-09, 1.31169949902e-10], "var": [1.53172929895e-09, 0.000724616344087, 0.000234794715652, 0.000409591128118, 6.37402990833e-05, 1.18016287161e-05, 1.16470027933e-05, 1.01603120584e-06, 7.9349877069e-07, 3.12472337782e-07, 4.48291963551e-08, 2.05266951525e-06, 5.75520346047e-07, 1.56815997343e-06, 1.77351580533e-07, 1.27701540009e-07, 8.75382184518e-08, 4.25219184308e-08, 6.97504987102e-09, 3.41554596162e-06, 3.59902649905e-08, 2.44555788953e-08, 1.25577983567e-08, 1.34490356629e-08, 4.37855218749e-09, 1.82203652166e-09, 3.75387741725e-11], "min": [1.75671750528e-23, 4.84139714752e-23, 5.2691546068e-24, 4.89734592393e-24, 1.90599144556e-23, 6.02406562078e-23, 3.18750513688e-23, 3.13991031857e-23, 4.53526736702e-23, 7.48940567558e-23, 3.049931266e-23, 5.30195496992e-23, 9.66526138811e-23, 8.12423801807e-23, 1.18500968621e-22, 1.84392109275e-22, 1.57703430239e-22, 2.34349622796e-22, 1.68910758186e-22, 2.49016049015e-22, 4.51621833254e-22, 5.13293489454e-22, 7.46855033895e-22, 9.68215815761e-22, 1.36995993035e-21, 1.70559674378e-21, 2.60025679584e-21], "dmean": [1.21445200421e-05, 0.002696266165, 0.00313981925137, 0.00236301682889, 0.0021394926589, 0.000507814227603, 0.000318728591083, 9.21084210859e-05, 7.34201094019e-05, 4.09117383242e-05, 2.56422754319e-05, 0.000204395924811, 4.57074202131e-05, 0.000130549044115, 6.15004973952e-05, 2.98328523058e-05, 2.69690481218e-05, 2.42889382207e-05, 1.23257323139e-05, 0.000171312814928, 1.96430337382e-05, 1.63217173395e-05, 1.10232567749e-05, 1.23958752738e-05, 9.01918883756e-06, 6.44787087367e-06, 9.25060760437e-07], "mean": [5.17389089509e-05, 0.00695113930851, 0.00676669506356, 0.00303854816593, 0.00439668912441, 0.00208940263838, 0.00136778177693, 0.000332054216415, 0.000315449084155, 0.000163796692505, 8.84456967469e-05, 0.000475322711281, 0.000240493376623, 0.000282922177576, 0.000150823325384, 9.27173823584e-05, 7.58765236242e-05, 5.44037393411e-05, 2.51597030001e-05, 0.000266277929768, 4.27611194027e-05, 3.46605520463e-05, 1.95402772079e-05, 1.62513006217e-05, 1.16691080621e-05, 6.64015442453e-06, 7.6395610904e-07], "max": [0.00138314021751, 0.446457207203, 0.294311225414, 1.16690051556, 0.206206142902, 0.0614543482661, 0.0514783598483, 0.0275762993842, 0.0199574716389, 0.0139861395583, 0.00417062314227, 0.0393023602664, 0.0309680532664, 0.0568138770759, 0.0113418390974, 0.0127937458456, 0.0131072681397, 0.00655166711658, 0.00300119863823, 0.0922615081072, 0.00673177139834, 0.00564949726686, 0.00514617841691, 0.00565958581865, 0.00231630401686, 0.00156503508333, 0.000301081629004], "dmean2": [1.97626104637e-05, 0.00247855181806, 0.00460332492366, 0.00357719417661, 0.0034016657155, 0.000704879697878, 0.000429497100413, 0.000108466483653, 8.86275447556e-05, 5.10241661686e-05, 3.24684588122e-05, 0.000283642322756, 6.49219582556e-05, 0.000156623689691, 8.31169891171e-05, 4.16260008933e-05, 3.77775249945e-05, 3.67169996025e-05, 1.907454498e-05, 0.000244999449933, 2.99720122712e-05, 2.52210447798e-05, 1.63087352121e-05, 1.91710205399e-05, 1.41186810652e-05, 1.01973973869e-05, 1.58692694185e-06], "median": [4.23954843427e-05, 0.000560626096558, 0.00170289527159, 0.000353535171598, 0.00181113183498, 0.000741195864975, 0.000142572869663, 4.57928945252e-05, 5.53105383005e-05, 1.02163039628e-05, 1.50353707795e-05, 8.91497329576e-05, 3.52399147232e-05, 1.50861114889e-05, 1.92577281268e-05, 1.40697411553e-05, 9.92777040665e-06, 5.03035153088e-06, 3.13231748805e-06, 8.09383072919e-06, 2.52071981777e-06, 1.8932232706e-06, 5.79163156544e-07, 4.69040344342e-07, 2.76230451846e-07, 1.09918140367e-07, 2.46317490848e-08], "dvar": [4.65543048556e-10, 7.79885158408e-05, 7.07379876985e-05, 0.000195231797989, 3.23143649439e-05, 1.74227045591e-06, 1.51823917349e-06, 1.45804008866e-07, 9.97331071062e-08, 4.64345326634e-08, 6.55434373442e-09, 7.72392752424e-07, 1.14370671156e-07, 5.93961146933e-07, 6.24440588126e-08, 1.71815699446e-08, 2.54908094632e-08, 2.45126621223e-08, 4.47354153721e-09, 2.26679139814e-06, 1.2753964107e-08, 1.0072304768e-08, 7.95971377698e-09, 1.25384556071e-08, 3.24437143817e-09, 1.41219624883e-09, 4.80226934607e-11]}, "melbands_skewness": {"dvar2": 0.930562198162, "var": 2.97790193558, "min": -0.46016022563, "dmean": 0.5646879673, "mean": 3.4231402874, "max": 15.0967578888, "dmean2": 0.800859808922, "median": 3.02458071709, "dvar": 0.429372519255}, "barkbands_skewness": {"dvar2": 0.653180241585, "var": 1.75203633308, "min": -2.12790822983, "dmean": 0.464642077684, "mean": 2.55632185936, "max": 10.3882513046, "dmean2": 0.662065267563, "median": 2.27102446556, "dvar": 0.294918060303}, "erbbands": {"dvar2": [0.0021853223443, 5.40867567062, 209.302124023, 731.271179199, 3997.28759766, 486.150177002, 544.339111328, 164.071151733, 167.011703491, 1353.89953613, 78.6651153564, 31.854845047, 88.9234695435, 26.7049293518, 493.722076416, 1379.02832031, 623.57409668, 323.687011719, 1756.9173584, 350.241088867, 83.2836990356, 237.014282227, 183.594314575, 103.607940674, 106.639472961, 12604.1425781, 997.647888184, 68.4101104736, 49.1416091919, 8.76396751404, 15.1357278824, 33.2496833801, 5.28167915344, 1.64903068542, 0.275495141745, 0.084553681314, 0.0111014032736, 0.000402374571422, 3.44896329807e-06, 2.58187915492e-09], "var": [0.0242303777486, 61.008895874, 529.696350098, 1153.87609863, 2623.31860352, 424.055236816, 1309.74157715, 533.720825195, 1608.64001465, 2076.74194336, 460.341033936, 125.949882507, 470.747955322, 103.760734558, 585.51348877, 1703.55053711, 1495.94311523, 551.569152832, 2893.58105469, 598.859130859, 211.489135742, 413.54574585, 125.382972717, 51.7984046936, 116.544700623, 8884.56152344, 788.030090332, 67.467376709, 48.5761871338, 10.5098266602, 9.67669391632, 10.0093917847, 2.80286049843, 0.81815123558, 0.147057339549, 0.0483799278736, 0.00505669042468, 0.000163112592418, 1.12205350433e-06, 4.7763579758e-09], "min": [1.69873049846e-21, 9.79582824302e-21, 9.81465144872e-21, 8.87339503644e-21, 6.72359802241e-20, 4.76976995058e-20, 1.84232793805e-19, 5.77306358402e-19, 5.35330768025e-19, 3.40202713084e-19, 9.6246496776e-19, 1.19863464862e-18, 1.63497717803e-18, 1.98068046124e-18, 1.52627758053e-18, 2.60041182759e-18, 4.82365369768e-18, 4.22816720188e-18, 5.00895414901e-18, 8.40894274492e-18, 1.08233390235e-17, 7.81307491887e-18, 1.4193190121e-17, 8.35957412443e-18, 1.08784615124e-17, 1.06000374813e-17, 1.39741014096e-17, 2.02817721337e-17, 1.59657885429e-17, 2.31301983516e-17, 1.95559989012e-17, 1.51185686528e-17, 2.1803281535e-17, 1.68197350657e-17, 9.70898777209e-18, 6.07085180987e-18, 3.09730790694e-18, 1.26562676566e-18, 3.63260967195e-19, 3.89099879408e-20], "dmean": [0.0159807670861, 0.816772699356, 3.91872000694, 4.34604930878, 9.52747535706, 6.08788585663, 6.78239965439, 2.82528662682, 3.01233482361, 4.90929794312, 2.12605285645, 1.01848137379, 1.65513503551, 1.15392899513, 3.64086031914, 5.74750852585, 2.28826832771, 2.34504199028, 5.9936504364, 3.05231809616, 1.4159860611, 1.6739577055, 1.34488070011, 0.797473013401, 1.32961678505, 8.4200668335, 2.65780925751, 0.82523971796, 0.690248548985, 0.339451164007, 0.296569466591, 0.297305732965, 0.186358854175, 0.116284571588, 0.0534284338355, 0.0329760797322, 0.0106905428693, 0.00189930992201, 0.000166237572557, 1.27755483845e-05], "mean": [0.0411453619599, 2.08188962936, 8.40270042419, 8.02071857452, 13.2109050751, 12.98716259, 22.2176704407, 14.5043373108, 18.4027881622, 14.3290510178, 8.49007606506, 4.39613628387, 7.28246307373, 4.66325044632, 8.35377502441, 14.6521883011, 12.5466594696, 7.03120660782, 13.8257675171, 9.06146430969, 4.20384740829, 5.03327465057, 2.93117904663, 2.08774614334, 2.90562987328, 12.7928876877, 4.5186290741, 1.5904263258, 1.43199968338, 0.765277147293, 0.498944252729, 0.39380005002, 0.25565546751, 0.149124875665, 0.062226112932, 0.0354421436787, 0.0102895880118, 0.00171884405427, 0.000150899257278, 3.38141617249e-05], "max": [2.61097121239, 131.079650879, 436.0831604, 1819.80908203, 2764.26342773, 429.921356201, 459.909210205, 536.633239746, 448.157806396, 1183.9720459, 443.752105713, 230.402282715, 468.953857422, 206.765365601, 705.927001953, 1013.4284668, 1325.3848877, 882.952514648, 2425.4362793, 893.000488281, 537.788024902, 915.740783691, 396.445831299, 439.647949219, 338.405731201, 4714.91113281, 1334.3302002, 253.859710693, 245.331008911, 118.581314087, 130.420410156, 245.601257324, 63.2295913696, 31.2310733795, 15.4926404953, 7.81695652008, 2.57076191902, 0.50441879034, 0.0492540039122, 0.00194223085418], "dmean2": [0.0152713861316, 0.79717195034, 5.38601636887, 6.39532995224, 15.143497467, 9.94759368896, 9.65808582306, 4.31495809555, 3.73428559303, 7.00234603882, 2.46100831032, 1.28267884254, 1.90034079552, 1.41094624996, 4.95522451401, 8.1145362854, 3.15621113777, 2.99954390526, 7.28604507446, 4.13504981995, 2.02488446236, 2.3206641674, 2.05525183678, 1.15634024143, 2.01148462296, 11.8811759949, 3.83854603767, 1.28664016724, 1.07374191284, 0.498396962881, 0.444069713354, 0.465893357992, 0.282771468163, 0.184469848871, 0.0840140357614, 0.0515050254762, 0.0174573156983, 0.00316629582085, 0.000281038781395, 1.75186760316e-05], "median": [0.00427349749953, 0.217826217413, 1.80675292015, 2.00101780891, 2.44727540016, 5.47057771683, 8.18848323822, 5.423350811, 3.94291424751, 2.23052000999, 1.87823915482, 1.03200304508, 1.04320514202, 0.86972117424, 1.46061205864, 3.31593585014, 2.29016089439, 0.993674695492, 1.19089579582, 1.48474538326, 0.71563154459, 0.66817176342, 0.353545337915, 0.238117307425, 0.328086048365, 0.294463396072, 0.152892932296, 0.0764428824186, 0.0609454661608, 0.0406446047127, 0.0174951218069, 0.0106775872409, 0.00734159117565, 0.00379567523487, 0.0014173083473, 0.000573700468522, 0.000191083541722, 4.27699160355e-05, 1.20689564937e-05, 1.37926290336e-05], "dvar": [0.00269891158678, 6.8056974411, 113.444236755, 489.79473877, 1789.28601074, 178.645950317, 263.337463379, 69.1258010864, 92.6352233887, 620.351806641, 49.1620025635, 17.2897033691, 58.7512550354, 14.6401968002, 234.368789673, 612.993164063, 228.044021606, 160.633407593, 1050.80944824, 164.838699341, 40.9888191223, 108.577880859, 72.3821411133, 38.7145423889, 48.3010139465, 5891.07226563, 470.846099854, 31.0934867859, 20.0104751587, 4.15871858597, 6.13508653641, 12.097158432, 2.15034723282, 0.661500751972, 0.114907540381, 0.038037635386, 0.00452596088871, 0.000160957439221, 1.30470414206e-06, 1.3430393464e-09]}, "silence_rate_30dB": {"dvar2": 0.0472981221974, "var": 0.0457431748509, "min": 0, "dmean": 0.0228003915399, "mean": 0.9519546628, "max": 1, "dmean2": 0.0456039719284, "median": 1, "dvar": 0.0222798157483}, "melbands_spread": {"dvar2": 40.0415000916, "var": 64.9447479248, "min": 0.25671505928, "dmean": 1.86175918579, "mean": 7.61988401413, "max": 143.804428101, "dmean2": 2.75577783585, "median": 5.23999977112, "dvar": 17.6721420288}, "melbands_crest": {"dvar2": 17.6509552002, "var": 31.4844245911, "min": 1.85750496387, "dmean": 2.60930085182, "mean": 17.0115451813, "max": 32.5841674805, "dmean2": 4.13280916214, "median": 15.988494873, "dvar": 6.94015169144}, "zerocrossingrate": {"dvar2": 7.71990453359e-05, "var": 0.000380251702154, "min": 0.00390625, "dmean": 0.00445733359084, "mean": 0.0247902367264, "max": 0.49755859375, "dmean2": 0.00547727430239, "median": 0.01904296875, "dvar": 4.95097447129e-05}, "barkbands_kurtosis": {"dvar2": 150.127288818, "var": 289.889007568, "min": -1.87709128857, "dmean": 4.67460823059, "mean": 13.7637691498, "max": 234.421401978, "dmean2": 6.55425643921, "median": 8.65948200226, "dvar": 69.6492919922}, "spectral_flux": {"dvar2": 0.00256241462193, "var": 0.00232090801001, "min": 1.04502059783e-10, "dmean": 0.0197686944157, "mean": 0.0426649041474, "max": 0.750596940517, "dmean2": 0.031732685864, "median": 0.0277318749577, "dvar": 0.00106190866791}, "barkbands_crest": {"dvar2": 6.84801292419, "var": 12.939707756, "min": 3.06808280945, "dmean": 1.74134099483, "mean": 12.0727987289, "max": 23.493139267, "dmean2": 2.66346788406, "median": 11.6171798706, "dvar": 2.79177045822}, "barkbands_flatness_db": {"dvar2": 0.00118701905012, "var": 0.00565826147795, "min": 0.0436745136976, "dmean": 0.0219857729971, "mean": 0.236075103283, "max": 0.594490408897, "dmean2": 0.0319214053452, "median": 0.233893081546, "dvar": 0.000584253575653}, "spectral_entropy": {"dvar2": 0.148585900664, "var": 0.33928617835, "min": 3.82308864594, "dmean": 0.210749432445, "mean": 6.2435131073, "max": 9.80059432983, "dmean2": 0.323714524508, "median": 6.23187446594, "dvar": 0.0637232735753}, "pitch_salience": {"dvar2": 0.00740267941728, "var": 0.0185586772859, "min": 0.0335550568998, "dmean": 0.0549357645214, "mean": 0.491907924414, "max": 0.949870169163, "dmean2": 0.0839931592345, "median": 0.509330868721, "dvar": 0.00319415540434}, "erbbands_spread": {"dvar2": 99.904838562, "var": 255.615188599, "min": 1.67175531387, "dmean": 4.42080497742, "mean": 30.6731987, "max": 155.958694458, "dmean2": 6.5551738739, "median": 28.1180992126, "dvar": 42.828830719}, "dynamic_complexity": 6.60467004776, "spectral_contrast_valleys": {"dvar2": [0.298945337534, 0.203520253301, 0.235691487789, 0.263384729624, 0.344737380743, 0.506143569946], "var": [1.49617993832, 1.48493015766, 1.32665979862, 1.51114547253, 1.42746114731, 1.06835019588], "min": [-27.7914180756, -27.2767467499, -27.3016376495, -27.5577583313, -27.1754283905, -27.2061233521], "dmean": [0.393442600965, 0.281725972891, 0.298114061356, 0.313891291618, 0.34950324893, 0.378686875105], "mean": [-7.93896484375, -8.01784801483, -9.24666976929, -9.80357456207, -10.1707611084, -12.5090837479], "max": [-4.46651077271, -4.6053276062, -5.33296823502, -5.75715017319, -5.96697568893, -7.74487400055], "dmean2": [0.642698585987, 0.446139067411, 0.469666838646, 0.49436968565, 0.535373866558, 0.588352620602], "median": [-7.77840900421, -7.8580160141, -9.13733482361, -9.70967102051, -10.2533340454, -12.7698688507], "dvar": [0.125178053975, 0.0904154852033, 0.103065244853, 0.118992693722, 0.157787486911, 0.226679489017]}, "hfc": {"dvar2": 202.361251831, "var": 378.251098633, "min": 1.25399045616e-16, "dmean": 2.66261911392, "mean": 9.05681800842, "max": 462.273468018, "dmean2": 3.63010978699, "median": 3.36710190773, "dvar": 101.533920288}, "spectral_kurtosis": {"dvar2": 132.410308838, "var": 232.25970459, "min": -1.20283079147, "dmean": 5.9485206604, "mean": 17.4394817352, "max": 117.790626526, "dmean2": 10.0596570969, "median": 12.1391563416, "dvar": 52.6327362061}, "mfcc": {"mean": [-776.093139648, 173.985717773, 19.319601059, 29.6277294159, 10.9577045441, 12.4257621765, 1.73685336113, -9.75941562653, -9.42146015167, -5.56923389435, -6.75097560883, -1.76435732841, 2.61470770836], "cov": [[14956.7880859, -1056.66699219, -2294.65673828, 352.126586914, -558.221618652, 314.057220459, -96.2277069092, -288.707000732, -157.716537476, 69.9358673096, -131.592910767, 77.5371704102, 188.26008606], [-1056.66699219, 1480.03674316, -46.2518005371, -91.8054656982, 94.3246383667, 9.10723781586, 14.0159978867, 80.9326095581, 41.035736084, -32.5074081421, 18.3447742462, -30.7667999268, 10.1787910461], [-2294.65673828, -46.2518005371, 829.919067383, -67.4809112549, 136.50668335, 8.8400182724, 86.0633773804, 112.904762268, 89.4430541992, 41.9706268311, 36.1947021484, 19.6071853638, -7.63324928284], [352.126586914, -91.8054656982, -67.4809112549, 256.032562256, 53.4941825867, 26.8200531006, 70.7134017944, 54.4434661865, 30.8256034851, 39.8015060425, 31.3520832062, 22.7809944153, 22.0193843842], [-558.221618652, 94.3246383667, 136.50668335, 53.4941825867, 243.473953247, 7.33132314682, 75.9526062012, 78.7734909058, 49.2044525146, 10.9651002884, 37.8380470276, 55.2361221313, 41.0498924255], [314.057220459, 9.10723781586, 8.8400182724, 26.8200531006, 7.33132314682, 120.563148499, 26.0865249634, 0.911265432835, 2.07766771317, 8.73697280884, -0.0776009261608, 4.72446155548, 18.478055954], [-96.2277069092, 14.0159978867, 86.0633773804, 70.7134017944, 75.9526062012, 26.0865249634, 168.305725098, 80.9800033569, 38.0335540771, 44.3081588745, 18.57371521, 19.7219409943, 11.6085510254], [-288.707000732, 80.9326095581, 112.904762268, 54.4434661865, 78.7734909058, 0.911265432835, 80.9800033569, 171.825622559, 75.4188232422, 19.1143035889, 33.7324905396, 12.7662143707, 5.2947063446], [-157.716537476, 41.035736084, 89.4430541992, 30.8256034851, 49.2044525146, 2.07766771317, 38.0335540771, 75.4188232422, 126.785270691, 31.4164962769, 7.18357086182, 6.9655995369, 11.2629289627], [69.9358673096, -32.5074081421, 41.9706268311, 39.8015060425, 10.9651002884, 8.73697280884, 44.3081588745, 19.1143035889, 31.4164962769, 107.098075867, 30.7593345642, -7.74432659149, -3.79856967926], [-131.592910767, 18.3447742462, 36.1947021484, 31.3520832062, 37.8380470276, -0.0776009261608, 18.57371521, 33.7324905396, 7.18357086182, 30.7593345642, 113.965843201, 47.2829170227, 8.85621547699], [77.5371704102, -30.7667999268, 19.6071853638, 22.7809944153, 55.2361221313, 4.72446155548, 19.7219409943, 12.7662143707, 6.9655995369, -7.74432659149, 47.2829170227, 162.72946167, 85.2133407593], [188.26008606, 10.1787910461, -7.63324928284, 22.0193843842, 41.0498924255, 18.478055954, 11.6085510254, 5.2947063446, 11.2629289627, -3.79856967926, 8.85621547699, 85.2133407593, 156.149185181]], "icov": [[0.000166035839356, 0.000128954998218, 0.000486395962071, 4.88835903525e-05, 0.000172034240677, -0.000448046106612, -4.27356062573e-05, -0.000113307265565, -9.95105729089e-05, -0.000241249610553, 0.000123285484733, -0.000138523158967, -0.000106977924588], [0.000128954998218, 0.000888829003088, 0.000598835060373, 0.000570405391045, -0.000259327265667, -0.000513825565577, -7.19175077393e-05, -0.00048300853814, -0.000272743665846, 7.90764388512e-05, -0.000215678053792, 0.000313859432936, -0.000251322169788], [0.000486395962071, 0.000598835060373, 0.00308732152916, 0.00123053288553, -0.000282374559902, -0.00156012410298, -0.000501488568261, -0.000984605867416, -0.000910220493097, -0.00106389995199, 0.000125951351947, -0.000395080278395, -7.03063196852e-05], [4.88835903525e-05, 0.000570405391045, 0.00123053288553, 0.00564732542261, -0.000873600540217, -0.00102009112015, -0.00137656577863, -0.00121581356507, -0.00053112837486, -0.00109946692828, -0.000797751767095, 0.000117210074677, -0.000345540407579], [0.000172034240677, -0.000259327265667, -0.000282374559902, -0.000873600540217, 0.00633634254336, -0.000115687937068, -0.00157249963377, -0.000772436265834, -0.000814740546048, 0.000698112766258, -0.000629703863524, -0.00118388864212, -0.000832556164823], [-0.000448046106612, -0.000513825565577, -0.00156012410298, -0.00102009112015, -0.000115687937068, 0.0101949684322, -0.00138196372427, 0.00125470967032, 0.000397267169319, 0.000629129004665, -0.00022284858278, 0.000820488203317, -0.000923028914258], [-4.27356062573e-05, -7.19175077393e-05, -0.000501488568261, -0.00137656577863, -0.00157249963377, -0.00138196372427, 0.00996905006468, -0.00369128095917, 0.00125617638696, -0.00340249412693, 0.00173078174703, -0.00106272939593, 0.000495188403875], [-0.000113307265565, -0.00048300853814, -0.000984605867416, -0.00121581356507, -0.000772436265834, 0.00125470967032, -0.00369128095917, 0.0112808048725, -0.00487409159541, 0.00254766875878, -0.00271281972528, 0.00103057024535, 0.000242909605731], [-9.95105729089e-05, -0.000272743665846, -0.000910220493097, -0.00053112837486, -0.000814740546048, 0.000397267169319, 0.00125617638696, -0.00487409159541, 0.0122174369171, -0.00332530913875, 0.00220478512347, -0.000407085579354, -0.000457808637293], [-0.000241249610553, 7.90764388512e-05, -0.00106389995199, -0.00109946692828, 0.000698112766258, 0.000629129004665, -0.00340249412693, 0.00254766875878, -0.00332530913875, 0.013668153435, -0.00465056160465, 0.0026879562065, -0.000333421601681], [0.000123285484733, -0.000215678053792, 0.000125951351947, -0.000797751767095, -0.000629703863524, -0.00022284858278, 0.00173078174703, -0.00271281972528, 0.00220478512347, -0.00465056160465, 0.0127984490246, -0.00471062865108, 0.00171193073038], [-0.000138523158967, 0.000313859432936, -0.000395080278395, 0.000117210074677, -0.00118388864212, 0.000820488203317, -0.00106272939593, 0.00103057024535, -0.000407085579354, 0.0026879562065, -0.00471062865108, 0.0110034700483, -0.00527395680547], [-0.000106977924588, -0.000251322169788, -7.03063196852e-05, -0.000345540407579, -0.000832556164823, -0.000923028914258, 0.000495188403875, 0.000242909605731, -0.000457808637293, -0.000333421601681, 0.00171193073038, -0.00527395680547, 0.00968373473734]]}, "silence_rate_20dB": {"dvar2": 0.00667016487569, "var": 0.00632331194356, "min": 0, "dmean": 0.00335711287335, "mean": 0.993635892868, "max": 1, "dmean2": 0.00671469559893, "median": 1, "dvar": 0.00334600452334}, "melbands_kurtosis": {"dvar2": 387.065490723, "var": 1027.90979004, "min": -1.73983538151, "dmean": 8.2722864151, "mean": 25.9931354523, "max": 368.169006348, "dmean2": 11.3693447113, "median": 15.67486763, "dvar": 194.072677612}, "barkbands_spread": {"dvar2": 36.2574310303, "var": 60.5481414795, "min": 0.253138929605, "dmean": 1.96399414539, "mean": 8.08637523651, "max": 116.745506287, "dmean2": 2.90988612175, "median": 5.59800338745, "dvar": 16.4233036041}, "erbbands_skewness": {"dvar2": 0.210701033473, "var": 1.02008569241, "min": -2.57694554329, "dmean": 0.270106315613, "mean": 1.08812081814, "max": 9.23568725586, "dmean2": 0.380958795547, "median": 0.928995847702, "dvar": 0.0998247638345}, "average_loudness": 0.0469459146261, "spectral_centroid": {"dvar2": 69547.015625, "var": 179264.125, "min": 95.5489044189, "dmean": 92.2052383423, "mean": 552.775268555, "max": 11153.1347656, "dmean2": 133.894973755, "median": 418.725402832, "dvar": 37218.0195313}, "dissonance