{"tonal": {"thpcp": [1, 0.795351862907, 0.557240068913, 0.489651888609, 0.677745759487, 0.949025213718, 0.858846962452, 0.584039509296, 0.464659124613, 0.436762779951, 0.540376603603, 0.767086327076, 0.857335746288, 0.813351273537, 0.86866235733, 0.814191460609, 0.601331353188, 0.469432651997, 0.433097720146, 0.6053571105, 0.86035656929, 0.751735210419, 0.479355156422, 0.383461564779, 0.382220327854, 0.521836578846, 0.740752637386, 0.744370043278, 0.650131583214, 0.626127719879, 0.592777788639, 0.64343225956, 0.729520499706, 0.701683878899, 0.710397541523, 0.907911419868], "hpcp": {"dmean2": [0.365270644426, 0.348269313574, 0.327019512653, 0.34354147315, 0.34091347456, 0.327565848827, 0.268449068069, 0.247313812375, 0.303731054068, 0.324371486902, 0.310716092587, 0.267983466387, 0.230482473969, 0.225207984447, 0.252767086029, 0.301175504923, 0.310778826475, 0.335430264473, 0.323296457529, 0.282430917025, 0.267711341381, 0.226924091578, 0.208656638861, 0.259224802256, 0.327877700329, 0.295183986425, 0.222888946533, 0.193277165294, 0.197216436267, 0.228345856071, 0.264173150063, 0.280663400888, 0.279119491577, 0.271788299084, 0.286587029696, 0.333467334509], "median": [0.0614346116781, 0.0640607699752, 0.0717413276434, 0.103086799383, 0.108822084963, 0.0767993479967, 0.0527964942157, 0.0475312247872, 0.0672643184662, 0.0903792232275, 0.0822764635086, 0.0569282472134, 0.0428175702691, 0.0400968119502, 0.0565320216119, 0.0813629776239, 0.0892725139856, 0.0885806977749, 0.0946626588702, 0.0794231295586, 0.0595067366958, 0.0438178405166, 0.0405311882496, 0.0668107271194, 0.0997555851936, 0.0860666483641, 0.0440580099821, 0.0329098552465, 0.0345037728548, 0.0495416522026, 0.0751246958971, 0.0808979123831, 0.0720687881112, 0.0586835518479, 0.051737241447, 0.0533461049199], "min": [0, 0, 0, 0, 0, 0, 0, 0, 0, 0, 0, 0, 0, 0, 0, 0, 0, 0, 0, 0, 0, 0, 0, 0, 0, 0, 0, 0, 0, 0, 0, 0, 0, 0, 0, 0], "dvar2": [0.187231376767, 0.169842034578, 0.153751268983, 0.14878757298, 0.154941350222, 0.165819898248, 0.133424311876, 0.118189588189, 0.151459917426, 0.146459698677, 0.141633450985, 0.12726123631, 0.108838580549, 0.103523477912, 0.113523490727, 0.133186757565, 0.136946216226, 0.158305600286, 0.142355144024, 0.118481703103, 0.116243742406, 0.0982138291001, 0.0929345265031, 0.102681390941, 0.132194146514, 0.120605103672, 0.100216805935, 0.093133315444, 0.09840503335, 0.111421681941, 0.115353927016, 0.120799571276, 0.122906550765, 0.118819780648, 0.136847034097, 0.165228560567], "dvar": [0.0705184936523, 0.0642869248986, 0.0567222833633, 0.0568010918796, 0.0594021193683, 0.0600623302162, 0.0483476258814, 0.0423326455057, 0.0538747012615, 0.0580855943263, 0.0543949157, 0.0454817824066, 0.0393689014018, 0.0371104478836, 0.0413184687495, 0.0504988208413, 0.0537946410477, 0.0584276542068, 0.053438141942, 0.0455868914723, 0.0417594984174, 0.035817977041, 0.0338473208249, 0.0383894592524, 0.0505659990013, 0.0451045110822, 0.0364236272871, 0.0336355939507, 0.0349881350994, 0.0403151549399, 0.0450053177774, 0.0450800582767, 0.0452243499458, 0.0451817363501, 0.0499122664332, 0.0597872957587], "dmean": [0.204454094172, 0.195331782103, 0.185215651989, 0.195555910468, 0.194428175688, 0.183370471001, 0.148584246635, 0.137407392263, 0.170388638973, 0.18443185091, 0.177890241146, 0.15022046864, 0.128150224686, 0.1244052127, 0.141701996326, 0.171783640981, 0.178096592426, 0.191537499428, 0.183381870389, 0.162041932344, 0.151125401258, 0.127001032233, 0.116423130035, 0.147139832377, 0.187216341496, 0.169010579586, 0.125913307071, 0.107291474938, 0.109349772334, 0.129396751523, 0.151420354843, 0.162167966366, 0.158624246716, 0.153002873063, 0.159590423107, 0.18501073122], "max": [1, 1, 1, 1, 1, 1, 1, 1, 1, 1, 1, 1, 1, 1, 1, 1, 1, 1, 1, 1, 1, 1, 1, 1, 1, 1, 1, 1, 1, 1, 1, 1, 1, 1, 1, 1], "var": [0.0681040585041, 0.0613091439009, 0.0564518868923, 0.0753577798605, 0.0914693698287, 0.0709539800882, 0.044536948204, 0.034973423928, 0.0536992140114, 0.0922889336944, 0.0777266770601, 0.0443625003099, 0.0353105738759, 0.0308597125113, 0.0375307910144, 0.0633935183287, 0.0770820975304, 0.0668207779527, 0.0747392773628, 0.0736322253942, 0.0449753664434, 0.0329328998923, 0.0307330358773, 0.0427540801466, 0.0699007883668, 0.0585866346955, 0.0334684215486, 0.0282367505133, 0.0275621097535, 0.040625769645, 0.0650991946459, 0.0583861917257, 0.0482794195414, 0.0516784377396, 0.0497532337904, 0.054705824703], "mean": [0.180986821651, 0.174080833793, 0.176242604852, 0.225243851542, 0.24809011817, 0.197318941355, 0.138245761395, 0.121477797627, 0.168142020702, 0.235443770885, 0.213071450591, 0.144894436002, 0.115277335048, 0.108356527984, 0.134062096477, 0.190306544304, 0.212696522474, 0.201784417033, 0.21550655365, 0.201992854476, 0.1491843611, 0.116461604834, 0.107447266579, 0.150183111429, 0.213445961475, 0.186498075724, 0.118923276663, 0.0951330214739, 0.0948250889778, 0.129462495446, 0.183773413301, 0.184670850635, 0.161291226745, 0.155336096883, 0.147062316537, 0.159629181027]}, "tuning_equal_tempered_deviation": 0.15535916388, "chords_changes_rate": 0.0879059359431, "key_key": "D#", "tuning_diatonic_strength": 0.713212788105, "key_scale": "major", "chords_number_rate": 0.00186636799481, "tuning_frequency": 434.193115234, "tuning_nontempered_energy_ratio": 0.865474522114, "chords_histogram": [5.91638660431, 7.72676372528, 24.2441215515, 3.00485253334, 2.48226952553, 1.26913022995, 0.503919363022, 0.317282557487, 0.447928339243, 0.0373273603618, 0.354609936476, 0.0559910424054, 0.0559910424054, 0.186636805534, 0.410600960255, 0.503919363022, 0, 0.261291533709, 0, 0.970511376858, 2.55692434311, 5.91638660431, 4.77790212631, 37.9992523193], "key_strength": 0.76508718729, "chords_key": "C", "chords_strength": {"dmean2": 0.0168837737292, "median": 0.556372225285, "min": 0.216499358416, "dvar2": 0.000210126978345, "dvar": 0.000155165893375, "dmean": 0.0154326017946, "max": 0.857563138008, "var": 0.0147188380361, "mean": 0.554209113121}, "chords_scale": "minor", "hpcp_entropy": {"dmean2": 1.23564195633, "median": 2.56741714478, "min": 0, "dvar2": 0.896075665951, "dvar": 0.320889472961, "dmean": 0.735477685928, "max": 4.62335062027, "var": 0.669814229012, "mean": 2.5482172966}}, "metadata": {"audio_properties": {"equal_loudness": 0, "codec": "mp3", "downmix": "mix", "sample_rate": 44100, "analysis_sample_rate": 44100, "bit_rate": 192000, "md5_encoded": "7b719761fa2abbb01280a089ca29739d", "length": 248.737960815, "replay_gain": -5.47679519653, "lossless": false}, "version": {"essentia_build_sha": "2d9f1f26377add8aeb1075a9c2973f962c4f09fd", "essentia": "2.1-beta2", "extractor": "music 1.0", "essentia_git_sha": "v2.1_beta2-1-ge3940c0"}, "tags": {"title": ["Scatman Jack"], "language": ["eng"], "acoustid_fingerprint": ["AQADtEmUaImiKFIE5HvwggeO48B1RBf6ZlAlHj0aLsqN__iC-_iD8ofIOOiD5-hhG7VyvEf1EM1-4_pw4_ONLzrqoVGWHvrxQ__RPEeniMeT4-hzNA7xKVfQw9GDPrKG43KKN2yGc2gUHr3xygFKWAqVo4-OB_0Hv5C3w7qJ8sEzlOThHtfhM3gKO8Qr9JCP8oYZH9MToDsaB59yYeKnQX3g5-iHOxX09biyXOjKovHxF_-h1YGrI9fx4zlMMUe9Izy06CG-7chz7KgN_8KP_UL-QzsONLfQ6-ihHx-DVFMe_MgfCemz40N9vJFCfNmGLkcY49IFncePpoqCcsGDPg-a_Ycu4a4Q5kFPPMcvtIedGRfe4DhO8TA5fFSO2AdEWxpaBuGPG2aG9wr-IvoINcWVIK9ZHJXylMhKHtqTI8zxF-_iwAv2IZLFI-Gy7PCeKET_BM0Z9MPTw1-OhynCbRDHB1kvMHkePGKIZyHCTAqqxxr0TY1QSpFU6MFXpKcTlKSOZ-Fx60cYzdnQHyqRa_gvXDm-yK6Q-7gyNJQuaMeNnDEaSclxyTn8FWeI9IM4hI2N8_i-4r1QjmmQ42JU4WEM_oF7xGKn4XkI60UoyUG7oNmyHDrTgxdeaB_SJGvwvTh3-Dr6Ew91nIzRJ2gQd8Kz0Lgk_MetgmyNejn-BOZyNdAnMUIfHl2J60G6rkng_PiGNNfR65Cz40r2oU_gB4qeEf2LKX2PK5GIlkcT5_hu6McVJQ56-AXFlOiTZRUcinhxNaKgWdmP5seh8UGT78iV433AkDyoMSSu4zr8IM-LPxCtK_iLcFREHM0VdD04fcMT6UFjbSn6Hjcq0kh1JG3c4ovw7JiO64gUKjl-_HikIJ8ubBFltE-G3_jRpGGKPhv-E__wHF-I9kd59ArOGVOc5LgQ_iG0PAtyoflRi9HwR8TR_kKlRcSP_mhe_LgO5rqQ_kI_SJOFPKQZ_PiInscLPzv6HM-RvyS-Hu8S41oy4igfhHmGH_eR-_igrz2e6LDCE3-OPluLL8efI__x4zxO4sQbkoLlIzSh_kK-Unh6vDveDX0j-Ceeoz-OyLfw6Qj3wXHxjIPdo9c05BRaRjm04EVEv3jzHD3DcLByNBnyZB_aFd6PHz6eIud3fBysasd5hEu4Q5fiIIzRN3i4GE8UbvhLATUn-FmDPg9y9NASGYqWPHAcpTn641lXvJ6we7CV4_nxE9oiDQ9HPDb-ccgrpaCMZxmc9kOP-GgObRXKOGjG0OiPZtCJ39BiHyV75FqO8jfu4yaaEz8Y-Wj0In-KH8pV9JzwSSUshjx8fJHhOhQOXQmpYJYEH_6PL_gHqoWO_PAxjSG-oz_RDzl0B2mqPbiOOflQOUrQNCEPgPqCnPhuYXoeiHcxjbWCbwvKW_DxRQkeFpKXxYF3JQif49GGH2aPnKlS6Mw2_Ajh15gufKh8NAuPnCvRx0gWZcS3oJSI5omFWTq-yGi2omKT4-XQxOHR7-CN8IYYF18X5LMTbLuKSylC6WnxGBOrRIN5lEelaTeaXkOeHMx1-FmK_kR3w0UOm4HPowzpBCEpEQ2-4lzQKPoQ_iH0DHmWHZeYEX_QNx4aPcV9PEcz8mA8Fn-HX8GP02ioZgazKcPzHP-Mi0cu_FEOj8dXgyVTNNqVwI4uXIdYo7Ry5Dn6bEQzOTsefEeeHM0P7Q3yRUcjRXyGPvjRH0btVEQ-eih7qD9S4fB29DraP8aPPDr05shHGT-a_XikYM_xo6YeOFpzI1QU5dA55A0u9IfrYfpxBh-qzKVBPUefb8OHGs2JL8hPQc-Qj3hY4ns6MD_89GhH_MihydnRPBM-oocY1YR_PFGOtKIVFJUYmNvR5RXyQkv-47yQV3De4HvQH_khkUWop7gm4z_8J6i37vhR3nCaBReDdMuhfshUi7iG6hTKH5aWCz8RMyWhpwipHT_yZsSVecZ0aSHE6OiSKMN14dMkNOEr9CvKo4my4MePpmNRnrigWdnxJXVQHSWJ7YsRnvil4cfHYxQjHeHmw-mhH46eDz_MCYo25ThCHU2l4wyaT0KWHz-qcT2aWTG-RLhQEa54_AmhKtKDX0PtHX-HshvR8NCDdjnyH32O80HjhujBMDwsNkZ-oyl7aK0sNBduOcKpfmiVw4wSxdAOVg-eLMelo3kIjffwjC_ydJHRf2jCD5-Q7-glF-ISMQ_KJQ-aLwh_3NmFZsu6oMiDxuGDkrkwiT6sQxU76FGOnUJP44Imfcrxx8FP_NB_8OyKnAVxKV6CykzxI48P7QhTp8eJ_xjdDZH4F6KK8JJw_UKPhtrxRyHyRYa2HUzwZUkDPVHe4Ts-HA-N-2gzVYKdK-iPlscH61RG6PNgm-gcHYWojGZRJkP1BJfhM9BzuCdC7qAjCU1-dP3w5MiuHfpiCj4y6kdTH70WGNfx1Ggm5eiHozkR8viLzGqOzgqYpEcetJN2iMeP_yq8U0Kf4WSOekGjItaD5wHzC02VHe8UFa_QaDzOoznyMEc_ozkTG_fxfPiP45oOPUuM_Fgf6rhwVaiqkWieDeeDbzh7XDm6dCmqC70SeEWvIyemMxC57Ih2oSTDYN9xHc26fGhHVLqGszyO8IZ2PfAXI_yCJ_qCK7iCM6M61GK0BEABMEYUzQEQBBFFkJFGAMAMZwIZQZxARABCCKAAAIMIVEYoIYwSghFgFEACEAaEMkIwAIwBAglFADDCCAOMQIAAohAhRChkmKJCGEUAUcoDAoAxwAgFFjAAEmOAJQAApoARiABlhFhCCGAQEgwhBhygFgBBGFLKAIIQQgAAgDQyBCIAgAJECACUcoAYQQSBABAABAHQEAIUAgZAwqmiQCAmHABGIBIUBpQRhRBBTBqHiCCCGUEAARIIKAggRgBjFFCAGGEAsUgIIwQRQDADkIAAGQGAIAIAIIEiUBgBJCBUAIQEFIQIgAQiSiHmiANGGQKIQEwIIoBkiDAgDDFGEWAQcgQKIJhSiiGFDBAICSY0IxYAQCgQAhgBwABMAQaQE4IBAwwThBkAhEBMYsEsUIQYIghiygEGhREDWMiEIIAIQYCgygihKKJCAACYIsgKAhAAhptGhCJECYYAQMwQARiyIAgliAQGKAIAUAAxS4RwTCtERKJCBCAcE0YChYAAGhRCCCJCCgaIEMAExRRBBBoFEEPIAicUMMoQwZTRygEgAAgOAAAEAAoACQQxzhgoAKECCGCUAQY4IgUQAiClgDBGGIcEEggZAQwjyCAEiAEKACQIMoAJxABgTAEDAAACUCOYAQIBIwETjAAEBGDAKaENAAAJRJQTDQmFAANAKECIA8oQRSxhhlAgFACUESEcM0AQiKBAAiFBHHCAGKSUAqAIIwQhFBgCnCJaAEqQQoYwoQgwgkMiDBMCAQiNIAARBgQDxFgBiLFOASQoIEQpABRgRhjEACASGGEEg8IIIYgjzAABDCBECEUAo0AQQgQQAhFhDAEEKgsaEcgISohiEgJEmEVKGAuIgEAIIIxCYAqJDCDSCMUAMIIIhAgThgBJgEIIEQAYQwIIjAgQjgCOJGCIKIMEEcYMohFQhCAhkBJECCQQIAA"], "date": ["2001"], "genre": ["Rock & Roll", "Rock & Roll"], "musicbrainz album type": ["Live"], "musicbrainz_releasegroupid": ["78ce593c-2dc0-3196-81ab-cf3b7b6e9ce8"], "musicip_puid": ["160878c3-28a1-16ca-318a-13e1d3984c63"], "musicbrainz_recordingid": ["13cb8b66-a046-4f66-83ef-d26bbdc8f892"], "musicbrainz_albumartistid": ["7878a1ce-1f6d-4e44-8a2c-39e7bc547dde"], "musicbrainz_albumid": ["97053d72-7d1a-471d-bf8d-46f2705b3b52"], "artist": ["Brian Setzer (68' Comeback) 22"], "tracknumber": ["22"], "bpm": ["105.24"], "album": ["68' Comeback Special: Rockabilly Dynamite in Hamburg"], "musicbrainz album release country": ["US"], "acoustid_id": ["94512db3-44fc-4adc-90c3-9fca7b97e9da"], "musicbrainz_artistid": ["7878a1ce-1f6d-4e44-8a2c-39e7bc547dde"], "file_name": "Brian Setzer (68' Comeback) 22 - Scatman Jack.mp3"}}, "rhythm": {"bpm_histogram_first_peak_bpm": {"dmean2": 0, "median": 105, "min": 105, "dvar2": 0, "dvar": 0, "dmean": 0, "max": 105, "var": 0, "mean": 105}, "bpm": 105.205314636, "bpm_histogram_second_peak_spread": {"dmean2": 0, "median": 0, "min": 0, "dvar2": 0, "dvar": 0, "dmean": 0, "max": 0, "var": 0, "mean": 0}, "bpm_histogram_first_peak_weight": {"dmean2": 0, "median": 0.677419364452, "min": 0.677419364452, "dvar2": 0, "dvar": 0, "dmean": 0, "max": 0.677419364452, "var": 0, "mean": 0.677419364452}, "onset_rate": 5.14159727097, "beats_position": [0.580498874187, 1.16099774837, 1.74149656296, 2.32199549675, 2.90249419212, 3.47138309479, 4.04027223587, 4.62077093124, 5.18965959549, 5.75854873657, 6.32743740082, 6.8963265419, 7.47682523727, 8.03410434723, 8.6146030426, 9.18349170685, 9.75238037109, 10.321269989, 10.8901586533, 11.4590473175, 12.0279359818, 12.6084346771, 13.177324295, 13.7462129593, 14.3151016235, 14.8839902878, 15.4528799057, 16.0217685699, 16.602268219, 17.1595458984, 17.7400455475, 18.3089332581, 18.877822876, 19.4467124939, 20.0156002045, 20.5844898224, 21.153377533, 21.7222671509, 22.2911567688, 22.8600444794, 23.4289340973, 24.009431839, 24.5783214569, 25.1472110748, 25.7160987854, 26.2849884033, 26.8538761139, 27.4227657318, 28.0032653809, 28.5605430603, 29.1294326782, 29.6983222961, 30.2788200378, 30.8593196869, 31.4165973663, 31.9854869843, 32.5543746948, 33.1348762512, 33.7153739929, 34.2726516724, 34.8415412903, 35.4104309082, 35.9793205261, 36.5482063293, 37.1287078857, 37.6975975037, 38.2664833069, 38.8353729248, 39.4158706665, 39.9847602844, 40.5536499023, 41.1225395203, 41.6914291382, 42.2603149414, 42.8408164978, 43.4097061157, 43.9785919189, 44.5358734131, 45.1163711548, 45.6736488342, 46.2541503906, 46.8230361938, 47.3919258118, 47.9492073059, 48.5297050476, 49.1102027893, 49.6790924072, 50.2479820251, 50.8168716431, 51.3857574463, 51.9546470642, 52.5235366821, 53.1040344238, 53.661315918, 54.2302017212, 54.7990913391, 55.3795890808, 55.9484786987, 56.5173683167, 57.0746459961, 57.6551475525, 58.2240333557, 58.7929229736, 59.37342453, 59.9307022095, 60.5111999512, 61.0800895691, 61.648979187, 62.2178688049, 62.7867546082, 63.3556442261, 63.924533844, 64.5050354004, 65.0623092651, 65.6312026978, 66.200088501, 66.7805862427, 67.3494796753, 67.9183654785, 68.4872512817, 69.0561447144, 69.6250305176, 70.1939239502, 70.7628097534, 71.3316955566, 71.9122009277, 72.481086731, 73.0499725342, 73.6188659668, 74.18775177, 74.7682495117, 75.3487548828, 75.9060287476, 76.4749221802, 77.0438079834, 77.6126937866, 78.1815872192, 78.7504730225, 79.3193664551, 79.8998641968, 80.46875, 81.0376434326, 81.6181411743, 82.1870269775, 82.7559204102, 83.3248062134, 83.8936920166, 84.4625854492, 85.0314712524, 85.6003646851, 86.1692504883, 86.7265319824, 87.3070297241, 87.8759155273, 88.44480896, 89.0136947632, 89.5825805664, 90.1630859375, 90.7319717407, 91.3008575439, 91.8697509766, 92.4386367798, 93.0075302124, 93.5764160156, 94.1569137573, 94.7141952515, 95.2830810547, 95.8519744873, 96.432472229, 97.0013580322, 97.5702438354, 98.1391372681, 98.7080230713, 99.2769165039, 99.8458023071, 100.41469574, 100.983581543, 101.564079285, 102.132965088, 102.701858521, 103.270744324, 103.839637756, 104.40852356, 104.977409363, 105.557914734, 106.126800537, 106.69568634, 107.264579773, 107.833465576, 108.402359009, 108.971244812, 109.528526306, 110.109024048, 110.68952179, 111.258407593, 111.827301025, 112.407798767, 112.97668457, 113.545578003, 114.102851868, 114.683357239, 115.252243042, 115.821128845, 116.390022278, 116.958908081, 117.527801514, 118.096687317, 118.66557312, 119.234466553, 119.803352356, 120.372245789, 120.95274353, 121.533241272, 122.090522766, 122.671020508, 123.239906311, 123.808792114, 124.377685547, 124.94657135, 125.515464783, 126.084350586, 126.653244019, 127.222129822, 127.779411316, 128.359909058, 128.92880249, 129.497680664, 130.078186035, 130.647079468, 131.215957642, 131.784851074, 132.353744507, 132.934234619, 133.491516113, 134.072021484, 134.62928772, 135.209793091, 135.778686523, 136.347564697, 136.91645813, 137.485351563, 138.054244995, 138.623123169, 139.192016602, 139.760910034, 140.329788208, 140.898681641, 141.467575073, 142.036453247, 142.60534668, 143.174240112, 143.754730225, 144.312011719, 144.89251709, 145.449798584, 146.030288696, 146.610794067, 147.179672241, 147.748565674, 148.317459106, 148.886352539, 149.455230713, 150.024124146, 150.593017578, 151.161895752, 151.742401123, 152.299682617, 152.86857605, 153.437454224, 154.017959595, 154.586837769, 155.155731201, 155.736236572, 156.305114746, 156.885620117, 157.466125488, 158.035003662, 158.592285156, 159.161178589, 159.730072021, 160.287338257, 160.867843628, 161.436737061, 162.005615234, 162.574508667, 163.1434021, 163.712280273, 164.281173706, 164.861679077, 165.430557251, 165.999450684, 166.568344116, 167.137237549, 167.706115723, 168.275009155, 168.843902588, 169.412780762, 169.981674194, 170.550567627, 171.119445801, 171.688339233, 172.257232666, 172.826126099, 173.383392334, 173.963897705, 174.544403076, 175.11328125, 175.682174683, 176.262680054, 176.831558228, 177.40045166, 177.957733154, 178.538223267, 179.107116699, 179.676010132, 180.244888306, 180.813781738, 181.394287109, 181.963165283, 182.532058716, 183.08934021, 183.669830322, 184.227111816, 184.807617188, 185.37651062, 185.945388794, 186.525894165, 187.083175659, 187.652053833, 188.220947266, 188.801452637, 189.358734131, 189.939224243, 190.496505737, 191.07699585, 191.634277344, 192.214782715, 192.795272827, 193.36416626, 193.933059692, 194.501953125, 195.070831299, 195.639724731, 196.208618164, 196.777496338, 197.346389771, 197.915283203, 198.484161377, 199.064666748, 199.621948242, 200.202438354, 200.759719849, 201.34022522, 201.909118652, 202.477996826, 203.058502197, 203.62739563, 204.196273804, 204.753555298, 205.334060669, 205.914550781, 206.471832275, 207.040725708, 207.609603882, 208.190109253, 208.747390747, 209.327880859, 209.885162354, 210.465667725, 211.034561157, 211.603439331, 212.172332764, 212.741226196, 213.31010437, 213.878997803, 214.459503174, 215.028381348, 215.59727478, 216.154556274, 216.735046387, 217.292327881, 217.872833252, 218.441726685, 219.010604858, 219.579498291, 220.148391724, 220.717269897, 221.28616333, 221.866668701, 222.435546875, 223.004440308, 223.57333374, 224.142211914, 224.711105347, 225.279998779, 225.848892212, 226.417770386, 226.986663818, 227.555557251, 228.124435425, 228.693328857, 229.273834229, 229.854324341, 230.423217773, 230.992111206, 231.56098938, 232.129882813, 232.698776245, 233.267654419, 233.836547852, 234.405441284, 234.974319458, 235.543212891, 236.112106323, 236.680999756, 237.24987793, 237.818771362, 238.399276733, 238.968154907, 239.53704834, 240.105941772, 240.674819946, 241.243713379, 241.812606812, 242.381484985, 242.950378418, 243.519271851, 244.088165283, 244.668655396, 245.237548828, 245.806442261, 246.386932373, 246.967437744, 247.547927856, 248.128433228], "beats_loudness": {"dmean2": 0.0238294284791, "median": 0.0373904407024, "min": 1.91662818949e-09, "dvar2": 0.000408767402405, "dvar": 0.000141702941619, "dmean": 0.0141177559271, "max": 0.0870095714927, "var": 0.000364905776223, "mean": 0.0370974577963}, "danceability": 1.48676335812, "bpm_histogram_second_peak_weight": {"dmean2": 0, "median": 0, "min": 0, "dvar2": 0, "dvar": 0, "dmean": 0, "max": 0, "var": 0, "mean": 0}, "beats_count": 435, "bpm_histogram_second_peak_bpm": {"dmean2": 0, "median": 0, "min": 0, "dvar2": 0, "dvar": 0, "dmean": 0, "max": 0, "var": 0, "mean": 0}, "bpm_histogram_first_peak_spread": {"dmean2": 0, "median": 0.322580635548, "min": 0.322580635548, "dvar2": 0, "dvar": 0, "dmean": 0, "max": 0.322580635548, "var": 0, "mean": 0.322580635548}, "beats_loudness_band_ratio": {"dmean2": [0.314688593149, 0.112550027668, 0.174785554409, 0.142247259617, 0.135906770825, 0.0957965478301], "median": [0.377317041159, 0.0994013622403, 0.107007093728, 0.0964056178927, 0.162604346871, 0.123275719583], "min": [0.0020627011545, 0.00729107391089, 0.000857407052536, 0.00624650437385, 0.00934753194451, 0.0250097922981], "dvar2": [0.0457433611155, 0.00847735255957, 0.0190633628517, 0.0207844953984, 0.0152281327173, 0.00873586349189], "dvar": [0.0186445768923, 0.00309037417173, 0.00680766161531, 0.00762191228569, 0.00499552907422, 0.00331333605573], "dmean": [0.181702703238, 0.0657954737544, 0.095636472106, 0.0809814110398, 0.0799856558442, 0.0551108755171], "max": [0.852334618568, 0.460454136133, 0.552028298378, 0.599209189415, 0.623654544353, 0.514818787575], "var": [0.0324335061014, 0.00423251185566, 0.0080830603838, 0.00846789218485, 0.00737573252991, 0.0039151776582], "mean": [0.38147354126, 0.109529934824, 0.127702444792, 0.120744086802, 0.173644140363, 0.134644567966]}}, "lowlevel": {"barkbands_spread": {"dmean2": 14.0508308411, "median": 34.9023704529, "min": 1.95972371101, "dvar2": 172.084564209, "dvar": 76.984916687, "dmean": 9.01257705688, "max": 108.556861877, "var": 235.137557983, "mean": 35.629650116}, "melbands_spread": {"dmean2": 19.5253143311, "median": 31.9749565125, "min": 1.44355547428, "dvar2": 426.632324219, "dvar": 188.367660522, "dmean": 12.2922000885, "max": 192.964447021, "var": 482.087768555, "mean": 35.0621109009}, "hfc": {"dmean2": 15.4375772476, "median": 20.238609314, "min": 1.23303671393e-16, "dvar2": 386.81137085, "dvar": 210.172973633, "dmean": 11.3206062317, "max": 166.635223389, "var": 576.13079834, "mean": 26.4698734283}, "barkbands_kurtosis": {"dmean2": 4.07919692993, "median": 0.0423238500953, "min": -1.92031538486, "dvar2": 58.1407318115, "dvar": 24.6163043976, "dmean": 2.52335715294, "max": 105.757377625, "var": 41.519733429, "mean": 2.12786030769}, "gfcc": {"mean": [-6.54821395874, 67.0887527466, -118.057601929, 53.9966392517, -58.2555580139, 27.2944374084, -42.34167099, 20.2764053345, -28.1487159729, 5.83163261414, -23.6816635132, -6.04554986954, -13.5197057724], "icov": [[0.00012761457765, -0.000349085545167, 0.000307442242047, -0.000417287665186, 0.000399301352445, -0.00056390586542, 0.000535241153557, -0.000420566851972, 0.000509027740918, -0.000509113073349, 0.000609631533735, -0.000417049654061, 0.00039599914453], [-0.000349085545167, 0.00315741240047, -0.000724820478354, 0.00123993831221, -0.00200674450025, 0.00235632108524, -0.00237932382151, 0.00117397529539, -0.00163111335132, 0.00247800932266, -0.00307935941964, 0.00238933367655, -0.00196409178898], [0.000307442242047, -0.000724820478354, 0.00289822695777, -0.00176188570913, 0.000520274799783, -0.00144734303467, 0.000968644977547, -0.000433009670814, 0.000236832260271, -0.000269285199465, 0.0016888086684, -0.00280409376137, 0.00213074428029], [-0.000417287665186, 0.00123993831221, -0.00176188570913, 0.00479581300169, -0.00223974674009, 0.00126221880782, -0.000802487018518, 0.00163051648997, -0.00230874633417, 0.00221504084766, -0.00223548756912, 0.00244539207779, -0.0019154365873], [0.000399301352445, -0.00200674450025, 0.000520274799783, -0.00223974674009, 0.00717397872359, -0.00250339554623, 0.000648995686788, -0.000472601241199, 0.00107077648863, -0.00320679973811, 0.00286867353134, -0.00131248310208, 0.000132768385811], [-0.00056390586542, 0.00235632108524, -0.00144734303467, 0.00126221880782, -0.00250339554623, 0.0106138531119, -0.00474457070231, 0.000667799904477, -0.00116580910981, 0.00351775158197, -0.00315335346386, 0.00173499702942, 0.000188442179933], [0.000535241153557, -0.00237932382151, 0.000968644977547, -0.000802487018518, 0.000648995686788, -0.00474457070231, 0.00989567954093, -0.00357338623144, 0.00315023725852, -0.00135540100746, 0.00145389907993, -0.00108428159729, 0.00188333331607], [-0.000420566851972, 0.00117397529539, -0.000433009670814, 0.00163051648997, -0.000472601241199, 0.000667799904477, -0.00357338623144, 0.013794596307, -0.00571318110451, 0.000173277730937, 0.000170874642208, 0.00163890479598, -0.00195275398437], [0.000509027740918, -0.00163111335132, 0.000236832260271, -0.00230874633417, 0.00107077648863, -0.00116580910981, 0.00315023725852, -0.00571318110451, 0.0150180701166, -0.00405413238332, 0.00174607499503, 0.000902849191334, 0.000388394691981], [-0.000509113073349, 0.00247800932266, -0.000269285199465, 0.00221504084766, -0.00320679973811, 0.00351775158197, -0.00135540100746, 0.000173277730937, -0.00405413238332, 0.0172952730209, -0.00585997477174, 0.000110701614176, 0.00169292127248], [0.000609631533735, -0.00307935941964, 0.0016888086684, -0.00223548756912, 0.00286867353134, -0.00315335346386, 0.00145389907993, 0.000170874642208, 0.00174607499503, -0.00585997477174, 0.0185913685709, -0.00509293656796, 0.00232168845832], [-0.000417049654061, 0.00238933367655, -0.00280409376137, 0.00244539207779, -0.00131248310208, 0.00173499702942, -0.00108428159729, 0.00163890479598, 0.000902849191334, 0.000110701614176, -0.00509293656796, 0.0182506088167, -0.00695963203907], [0.00039599914453, -0.00196409178898, 0.00213074428029, -0.0019154365873, 0.000132768385811, 0.000188442179933, 0.00188333331607, -0.00195275398437, 0.000388394691981, 0.00169292127248, 0.00232168845832, -0.00695963203907, 0.0211034975946]], "cov": [[23900.4472656, 371.060241699, -1307.98071289, 582.577209473, -515.017211914, 405.356842041, -518.705749512, 278.08215332, -289.514129639, 197.584594727, -245.974258423, -25.19439888, -149.136520386], [371.060241699, 622.757080078, -34.8528556824, 1.54487645626, 96.2586669922, -31.4950637817, 85.6501083374, 0.142184525728, 16.6252574921, -33.3354454041, 40.2125053406, -41.1721534729, 31.0674648285], [-1307.98071289, -34.8528556824, 615.337280273, 152.291687012, 66.5075912476, 30.3498783112, 9.65072822571, -27.013759613, 29.6076431274, -29.5765743256, -3.84705901146, 46.1711349487, -13.5785627365], [582.577209473, 1.54487645626, 152.291687012, 368.362609863, 69.0185623169, 20.9571208954, -28.3563079834, -12.7312927246, 29.003162384, -16.7830696106, -4.87149429321, -10.91817379, 5.74865722656], [-515.017211914, 96.2586669922, 66.5075912476, 69.0185623169, 213.690628052, 20.1106891632, 36.8855133057, -5.97896957397, 14.8444366455, 4.24536180496, 0.253118485212, -3.73803067207, 10.9288740158], [405.356842041, -31.4950637817, 30.3498783112, 20.9571208954, 20.1106891632, 154.176147461, 51.9297294617, 13.2674760818, -12.0891723633, -10.9409332275, -0.661508262157, -1.69555366039, -15.9958925247], [-518.705749512, 85.6501083374, 9.65072822571, -28.3563079834, 36.8855133057, 51.9297294617, 176.000717163, 21.9639930725, -8.60983371735, -11.8006916046, 11.0239439011, -9.30276679993, -3.38916826248], [278.08215332, 0.142184525728, -27.013759613, -12.7312927246, -5.97896957397, 13.2674760818, 21.9639930725, 99.1850357056, 27.9327945709, 9.54163360596, -9.87692642212, -9.53421592712, 0.166742563248], [-289.514129639, 16.6252574921, 29.6076431274, 29.003162384, 14.8444366455, -12.0891723633, -8.60983371735, 27.9327945709, 96.6932373047, 12.6126766205, 0.189252749085, -12.5848197937, 3.02812719345], [197.584594727, -33.3354454041, -29.5765743256, -16.7830696106, 4.24536180496, -10.9409332275, -11.8006916046, 9.54163360596, 12.6126766205, 80.7002563477, 13.9513483047, 5.41588401794, -9.79481315613], [-245.974258423, 40.2125053406, -3.84705901146, -4.87149429321, 0.253118485212, -0.661508262157, 11.0239439011, -9.87692642212, 0.189252749085, 13.9513483047, 74.8941040039, 11.9870328903, 1.00207614899], [-25.19439888, -41.1721534729, 46.1711349487, -10.91817379, -3.73803067207, -1.69555366039, -9.30276679993, -9.53421592712, -12.5848197937, 5.41588401794, 11.9870328903, 78.0937576294, 15.2074337006], [-149.136520386, 31.0674648285, -13.5785627365, 5.74865722656, 10.9288740158, -15.9958925247, -3.38916826248, 0.166742563248, 3.02812719345, -9.79481315613, 1.00207614899, 15.2074337006, 60.9951095581]]}, "spectral_energyband_middle_low": {"dmean2": 0.00876800436527, "median": 0.00544928573072, "min": 2.6870573953e-22, "dvar2": 0.00016172650794, "dvar": 6.17710174993e-05, "dmean": 0.0052678133361, "max": 0.0801284313202, "var": 7.49446626287e-05, "mean": 0.00800214149058}, "melbands_crest": {"dmean2": 6.56598997116, "median": 13.773431778, "min": 1.42629027367, "dvar2": 26.9123287201, "dvar": 10.0657987595, "dmean": 3.90496397018, "max": 37.4061012268, "var": 24.9520549774, "mean": 14.1702442169}, "spectral_kurtosis": {"dmean2": 1.32111144066, "median": 2.69369268417, "min": -1.2248749733, "dvar2": 1.59713101387, "dvar": 0.62568706274, "dmean": 0.817732095718, "max": 12.6061553955, "var": 1.77959561348, "mean": 2.7409183979}, "spectral_rms": {"dmean2": 0.0014608114725, "median": 0.004469871521, "min": 3.28794435255e-12, "dvar2": 2.20865945266e-06, "dvar": 1.0657712437e-06, "dmean": 0.000978217227384, "max": 0.0117645822465, "var": 4.38386086898e-06, "mean": 0.00443721050397}, "zerocrossingrate": {"dmean2": 0.017392558977, "median": 0.08349609375, "min": 0, "dvar2": 0.000298962724628, "dvar": 0.000231134428759, "dmean": 0.0150908669457, "max": 0.5205078125, "var": 0.00178801477887, "mean": 0.0896746665239}, "silence_rate_60dB": {"dmean2": 0.0362210609019, "median": 0, "min": 0, "dvar2": 0.0421907901764, "dvar": 0.0177777726203, "dmean": 0.0181088391691, "max": 1, "var": 0.0897507593036, "mean": 0.0996826589108}, "erbbands_kurtosis": {"dmean2": 1.30712985992, "median": -0.252889990807, "min": -1.78024888039, "dvar2": 2.85874605179, "dvar": 1.23263299465, "dmean": 0.815273284912, "max": 30.6594810486, "var": 2.50863647461, "mean": 0.137274801731}, "erbbands": {"dmean2": [0.122668504715, 1.47073352337, 5.49598693848, 10.6420507431, 12.4307928085, 11.1967115402, 9.59077835083, 10.4722194672, 11.67436409, 16.2926616669, 25.7278633118, 28.6469268799, 23.8511772156, 24.278301239, 19.8522090912, 25.1472415924, 24.9679069519, 37.6354446411, 37.5577697754, 36.7310371399, 31.3506298065, 31.8174247742, 25.833656311, 23.8811740875, 21.888710022, 18.0394878387, 16.1452598572, 11.9161157608, 10.4793081284, 10.3492059708, 7.33938217163, 4.31139802933, 3.62094902992, 2.41780519485, 1.43212413788, 0.641700863838, 0.0855622664094, 0.00176200806163, 8.15560269984e-05, 2.50001430686e-05], "median": [0.0405710935593, 0.591409087181, 2.74752616882, 4.26695585251, 3.44352626801, 2.30226016045, 2.4064719677, 2.43615078926, 3.21797370911, 4.86112976074, 7.42862510681, 8.23890113831, 7.52731704712, 5.74311637878, 5.1877322197, 6.69051361084, 7.56797504425, 13.0894784927, 13.3515195847, 13.7273960114, 14.9924488068, 17.0434150696, 14.9209623337, 15.4597206116, 15.1337175369, 13.3752994537, 8.74952125549, 6.95714855194, 5.10842132568, 4.68611097336, 3.01773500443, 1.6774122715, 1.6152971983, 1.21121692657, 0.586758673191, 0.193547055125, 0.022727470845, 0.000514704035595, 4.14674068452e-05, 3.16982841468e-05], "min": [9.57269076969e-23, 3.67810746523e-21, 2.49454408291e-20, 1.86691319988e-20, 1.16390629132e-20, 2.03504085824e-19, 5.84303737698e-19, 3.53058909261e-19, 2.94415526143e-19, 6.84714365075e-19, 1.64060769306e-18, 1.6335874112e-18, 2.41827616928e-18, 2.08960153635e-18, 1.16601529815e-18, 3.33906467585e-18, 8.69090297314e-18, 6.39731021914e-18, 5.62969529608e-18, 7.76110067944e-18, 1.25551599227e-17, 1.09596732777e-17, 8.83753314443e-18, 2.03344238341e-17, 1.73079420263e-17, 1.59996086494e-17, 1.5097268752e-17, 1.38147326569e-17, 1.70425345093e-17, 1.68030988092e-17, 2.19855574004e-17, 1.81337528278e-17, 1.34549512767e-17, 1.44276230328e-17, 8.70041637737e-18, 6.50629498715e-18, 3.77951229585e-18, 1.31755943926e-18, 4.02079467667e-19, 3.48501854944e-20], "dvar2": [0.0509229488671, 5.17831468582, 57.8224601746, 258.629058838, 452.982971191, 452.972473145, 316.87210083, 451.828369141, 610.794799805, 1137.01965332, 3328.13769531, 3985.54296875, 2464.12915039, 3346.68457031, 2295.64746094, 3194.62280273, 3160.39477539, 5286.17675781, 6395.48828125, 4664.28515625, 2946.63378906, 2630.62817383, 1899.8704834, 1583.76293945, 1162.28894043, 730.605651855, 1245.85925293, 860.995361328, 446.290283203, 464.841766357, 286.564788818, 125.101242065, 112.732215881, 21.2502555847, 7.28770065308, 1.29466211796, 0.0235683079809, 9.72368343355e-06, 1.83405273191e-08, 9.11338338128e-10], "dvar": [0.0226796604693, 2.12016510963, 21.1482963562, 87.8794326782, 161.170883179, 164.288024902, 120.78377533, 170.598144531, 244.331207275, 453.001953125, 1301.83996582, 1577.0534668, 1066.18444824, 1438.31958008, 920.731994629, 1302.62902832, 1424.82702637, 2160.62402344, 2779.68457031, 1991.11413574, 1424.91064453, 1271.48010254, 849.913024902, 647.344604492, 519.0390625, 308.010955811, 488.253143311, 387.091552734, 203.286499023, 209.914733887, 145.053039551, 56.842918396, 46.9273872375, 9.95724201202, 3.34762716293, 0.583383202553, 0.0103589650244, 4.32749538959e-06, 8.50232773075e-09, 4.60817106696e-10], "dmean": [0.0778350681067, 0.898526668549, 3.25643134117, 6.01498603821, 7.05118656158, 6.32488918304, 5.68342781067, 6.14572668076, 7.1358294487, 9.96471405029, 15.7463388443, 17.6918621063, 15.1089372635, 15.5967082977, 12.4051942825, 15.4877080917, 16.0440559387, 23.8580379486, 24.1679401398, 23.1429958344, 20.4784622192, 20.7019557953, 16.6841850281, 15.2871084213, 14.418466568, 11.6619958878, 10.4570474625, 7.97343158722, 7.06070184708, 6.88682508469, 5.0569024086, 2.95047187805, 2.44090461731, 1.68004047871, 0.991091251373, 0.44469076395, 0.0584631003439, 0.00121617538389, 5.83807996009e-05, 1.75796176336e-05], "max": [2.097189188, 21.2809753418, 66.5669708252, 109.624588013, 150.266952515, 151.232345581, 192.305511475, 191.100158691, 344.163543701, 482.655426025, 787.542480469, 824.42767334, 690.338195801, 798.475219727, 696.895629883, 948.018615723, 1033.10778809, 952.936035156, 2315.98657227, 843.142089844, 765.035705566, 676.06262207, 615.46282959, 561.536865234, 507.894927979, 298.559539795, 1021.35101318, 1046.97668457, 435.750061035, 367.964538574, 285.775299072, 251.380966187, 238.851699829, 84.6343002319, 48.1543998718, 19.3945636749, 1.33044147491, 0.0272869840264, 0.00152778835036, 0.000257632345892], "var": [0.0299368035048, 2.8063249588, 33.2230224609, 102.060806274, 140.033432007, 125.271865845, 145.26914978, 172.027236938, 250.018951416, 572.73626709, 1546.8470459, 1758.19885254, 1922.29211426, 2664.86230469, 1539.72363281, 1858.56799316, 3070.98217773, 3457.95214844, 4165.36865234, 3360.61743164, 2672.89697266, 2559.48999023, 1457.57995605, 1083.93835449, 1180.35900879, 587.594421387, 604.918273926, 690.022216797, 352.274932861, 348.251068115, 331.751831055, 104.143318176, 59.7296180725, 17.0485019684, 4.92248678207, 0.825356125832, 0.0136442473158, 5.90045374338e-06, 1.3533791865e-08, 1.11943199155e-09], "mean": [0.0972554907203, 1.17246997356, 4.69747686386, 7.74872159958, 7.52340126038, 6.09215354919, 6.60205745697, 6.92674255371, 8.15921115875, 12.5122966766, 20.4409503937, 22.135635376, 21.6317443848, 22.6569271088, 17.5206031799, 20.8020954132, 24.1004943848, 34.236164093, 34.7963180542, 34.8591842651, 32.4792137146, 34.5050773621, 27.7737693787, 26.0158672333, 26.2028942108, 21.0001049042, 16.4483890533, 13.0133705139, 10.9989032745, 10.6655607224, 8.14990329742, 4.61326932907, 3.7711493969, 2.60918951035, 1.36953580379, 0.557045459747, 0.0700629651546, 0.00150236207992, 8.67771595949e-05, 3.9882321289e-05]}, "spectral_strongpeak": {"dmean2": 0.744995713234, "median": 0.303838551044, "min": 0, "dvar2": 1.8186404705, "dvar": 0.707136154175, "dmean": 0.429449886084, "max": 11.1807861328, "var": 0.870753407478, "mean": 0.581728935242}, "spectral_energy": {"dmean2": 0.0160209983587, "median": 0.0204792432487, "min": 1.10808420155e-20, "dvar2": 0.00037046262878, "dvar": 0.000170059385709, "dmean": 0.0105457985774, "max": 0.141865536571, "var": 0.000393941649236, "mean": 0.0246743839234}, "average_loudness": 0.898769915104, "spectral_rolloff": {"dmean2": 1422.38574219, "median": 2067.1875, "min": 21.533203125, "dvar2": 2760243.25, "dvar": 1300121.25, "dmean": 869.75579834, "max": 18906.1523438, "var": 3023951.25, "mean": 2271.08764648}, "spectral_centroid": {"dmean2": 577.975952148, "median": 1934.1986084, "min": 237.561264038, "dvar2": 279121.25, "dvar": 121829.34375, "dmean": 366.997772217, "max": 10753.5566406, "var": 394031.3125, "mean": 1917.2277832}, "pitch_salience": {"dmean2": 0.143953561783, "median": 0.572170734406, "min": 0.0628127083182, "dvar2": 0.0144314700738, "dvar": 0.00535083562136, "dmean": 0.0861488804221, "max": 0.982315182686, "var": 0.0113640362397, "mean": 0.568189620972}, "spectral_energyband_middle_high": {"dmean2": 0.00359439034946, "median": 0.00369905331172, "min": 1.77793304211e-21, "dvar2": 2.22803737415e-05, "dvar": 1.17935132948e-05, "dmean": 0.00249957363121, "max": 0.0471725538373, "var": 3.579046097e-05, "mean": 0.00585118029267}, "spectral_contrast_coeffs": {"dmean2": [0.0953649953008, 0.082662537694, 0.0680767372251, 0.0519379079342, 0.0381627194583, 0.0337245352566], "median": [-0.657847642899, -0.780382752419, -0.797831296921, -0.801265716553, -0.795366048813, -0.763355612755], "min": [-0.961940705776, -0.978863954544, -0.978516221046, -0.981395423412, -0.975431799889, -0.95920342207], "dvar2": [0.00581370573491, 0.0043170042336, 0.0029200182762, 0.00180654879659, 0.000991036184132, 0.000838708481751], "dvar": [0.00200610863976, 0.00163181929383, 0.00114667904563, 0.000730267434847, 0.000413364847191, 0.000357912795153], "dmean": [0.0562105178833, 0.0498480722308, 0.041669793427, 0.0323305390775, 0.0237946864218, 0.0215570665896], "max": [-0.368279516697, -0.450530052185, -0.501593649387, -0.526716351509, -0.563524782658, -0.549801230431], "var": [0.00561955897138, 0.00485478201881, 0.00435782503337, 0.00323964934796, 0.00206535868347, 0.00197425228544], "mean": [-0.660684406757, -0.774106323719, -0.789555609226, -0.794661641121, -0.793666124344, -0.76343023777]}, "melbands_skewness": {"dmean2": 1.50821435452, "median": 2.44785046577, "min": -1.06881093979, "dvar2": 2.21236228943, "dvar": 0.953631222248, "dmean": 0.959996402264, "max": 14.5843544006, "var": 3.49138975143, "mean": 2.86798167229}, "spectral_spread": {"dmean2": 872353.1875, "median": 5183094.5, "min": 2420211.75, "dvar2": 741211308032, "dvar": 406289186816, "dmean": 600197.3125, "max": 41341784, "var": 1680806903810.0, "mean": 5357603.5}, "dissonance": {"dmean2": 0.0215510558337, "median": 0.484493970871, "min": 0.181869417429, "dvar2": 0.000435527879745, "dvar": 0.000163668009918, "dmean": 0.0126592367887, "max": 0.500000178814, "var": 0.000274955353234, "mean": 0.480104029179}, "spectral_skewness": {"dmean2": 0.242042303085, "median": 1.28323698044, "min": 0.0064324955456, "dvar2": 0.0463473945856, "dvar": 0.020472927019, "dmean": 0.154600352049, "max": 2.78149080276, "var": 0.079899482429, "mean": 1.25547683239}, "spectral_flux": {"dmean2": 0.0387219078839, "median": 0.0904001817107, "min": 1.05265580974e-10, "dvar2": 0.00163584714755, "dvar": 0.000779491150752, "dmean": 0.0253935195506, "max": 0.29568374157, "var": 0.00240725465119, "mean": 0.0934364423156}, "spectral_contrast_valleys": {"dmean2": [0.742952823639, 0.703311145306, 0.594096779823, 0.533797383308, 0.431085705757, 0.475094377995], "median": [-7.02124214172, -6.79867696762, -7.28146266937, -7.31013298035, -6.99352264404, -9.42294120789], "min": [-27.2474555969, -27.2664279938, -27.4564380646, -27.0856590271, -27.2197360992, -27.2162475586], "dvar2": [0.364788413048, 0.3311008811, 0.243591740727, 0.220120325685, 0.166039451957, 0.228652238846], "dvar": [0.164377123117, 0.150711938739, 0.121055804193, 0.120492115617, 0.0943968743086, 0.123040027916], "dmean": [0.454536795616, 0.452758550644, 0.387347877026, 0.355596810579, 0.300648242235, 0.364244252443], "max": [-5.20032691956, -4.55352449417, -5.25623321533, -5.34876155853, -5.43539381027, -7.34959983826], "var": [2.25182271004, 2.18828129768, 2.18307209015, 2.30539059639, 2.24214220047, 2.20749855042], "mean": [-7.3675069809, -7.06603860855, -7.56720685959, -7.58570289612, -7.29637050629, -9.69901275635]}, "erbbands_flatness_db": {"dmean2": 0.0237834285945, "median": 0.122373208404, "min": 0.0292673055083, "dvar2": 0.000443221651949, "dvar": 0.000211471138755, "dmean": 0.0159503258765, "max": 0.267602413893, "var": 0.00103590986691, "mean": 0.127216950059}, "spectral_energyband_high": {"dmean2": 0.0012666763505, "median": 0.00093840889167, "min": 7.9945285603e-21, "dvar2": 3.91786215914e-06, "dvar": 1.98860720957e-06, "dmean": 0.000916211574804, "max": 0.0254944767803, "var": 4.69432143291e-06, "mean": 0.00168711540755}, "spectral_entropy": {"dmean2": 0.20634329319, "median": 7.98613023758, "min": 6.24103593826, "dvar2": 0.0376734733582, "dvar": 0.0165720283985, "dmean": 0.139666765928, "max": 9.78701686859, "var": 0.0631633847952, "mean": 7.96506309509}, "silence_rate_20dB": {"dmean2": 0, "median": 1, "min": 1, "dvar2": 0, "dvar": 0, "dmean":