{"tonal": {"thpcp": [1, 0.578007936478, 0.382579624653, 0.343092411757, 0.262312799692, 0.259888410568, 0.253401577473, 0.285775512457, 0.442305415869, 0.453248500824, 0.326595395803, 0.349252671003, 0.376358300447, 0.450742989779, 0.873126387596, 0.931036174297, 0.466311424971, 0.229235202074, 0.197526887059, 0.28833976388, 0.546341001987, 0.603353202343, 0.504302740097, 0.694549679756, 0.742787718773, 0.448550403118, 0.278427809477, 0.250355809927, 0.303376734257, 0.410337984562, 0.374012708664, 0.267212420702, 0.243863970041, 0.26192843914, 0.41630345583, 0.885028600693], "hpcp": {"dmean2": [0.257642865181, 0.272483110428, 0.298815906048, 0.322897702456, 0.297731757164, 0.222076952457, 0.169649392366, 0.171426475048, 0.203689724207, 0.209789514542, 0.172267332673, 0.155164718628, 0.148848220706, 0.168080195785, 0.229670330882, 0.321059823036, 0.359683781862, 0.262413322926, 0.17015747726, 0.155364111066, 0.150600448251, 0.168680429459, 0.159256950021, 0.190780162811, 0.252344876528, 0.22434052825, 0.179930642247, 0.174268499017, 0.184755653143, 0.235347256064, 0.279514282942, 0.300086468458, 0.214712843299, 0.146711796522, 0.137401357293, 0.184244170785], "median": [0.0600804612041, 0.0776919573545, 0.0779674202204, 0.116506516933, 0.120162017643, 0.0681232437491, 0.0296686068177, 0.0262240953743, 0.0237712487578, 0.0248718857765, 0.0239729806781, 0.0226246602833, 0.0183669626713, 0.01969358325, 0.0611256062984, 0.186754390597, 0.219989567995, 0.109910398722, 0.025025235489, 0.0161882862449, 0.0200465768576, 0.0190227068961, 0.0194972250611, 0.029405772686, 0.0419237017632, 0.0453701391816, 0.0388486757874, 0.0348057635128, 0.0349683389068, 0.0723519548774, 0.15671402216, 0.180403709412, 0.077465698123, 0.0177179090679, 0.013397898525, 0.0247613079846], "min": [0, 0, 0, 0, 0, 0, 0, 0, 0, 0, 0, 0, 0, 0, 0, 0, 0, 0, 0, 0, 0, 0, 0, 0, 0, 0, 0, 0, 0, 0, 0, 0, 0, 0, 0, 0], "dvar2": [0.124704383314, 0.122834384441, 0.146399110556, 0.142072230577, 0.12765237689, 0.0960412472486, 0.0832269340754, 0.0926875397563, 0.120215840638, 0.123060524464, 0.0735014602542, 0.0727816596627, 0.067672111094, 0.0747052952647, 0.089547239244, 0.116078384221, 0.129761263728, 0.0926841050386, 0.0662026926875, 0.0679658949375, 0.0634767115116, 0.08314781636, 0.0776011422276, 0.0799842402339, 0.141018822789, 0.10198649019, 0.0835251882672, 0.0764397159219, 0.0825503394008, 0.0969832539558, 0.102840051055, 0.108618110418, 0.0802697464824, 0.0712932795286, 0.0717351064086, 0.0862678214908], "dvar": [0.0473997406662, 0.047118011862, 0.0529821850359, 0.0529367178679, 0.0511577874422, 0.0346597954631, 0.0289821662009, 0.0324858650565, 0.0417824834585, 0.0442583300173, 0.0286002326757, 0.026446968317, 0.0245215129107, 0.0275364015251, 0.0335693694651, 0.0476838201284, 0.0548585951328, 0.0359840504825, 0.0264976415783, 0.0273848753422, 0.0236198790371, 0.0310113430023, 0.028059206903, 0.0286334324628, 0.0510886795819, 0.0372050181031, 0.0299536008388, 0.0285943597555, 0.031749099493, 0.0357116013765, 0.0431665293872, 0.0453911349177, 0.0301332231611, 0.02617784217, 0.0254805069417, 0.0310383941978], "dmean": [0.147015437484, 0.155779451132, 0.167469784617, 0.186693921685, 0.1765974015, 0.127481549978, 0.095541626215, 0.0945215076208, 0.112048819661, 0.118578881025, 0.100071012974, 0.0879776999354, 0.0844710320234, 0.0951577723026, 0.131983891129, 0.19145463407, 0.212973445654, 0.153969064355, 0.0993502140045, 0.0899813622236, 0.0868280157447, 0.0945824831724, 0.0893179699779, 0.105591215193, 0.140622287989, 0.127268716693, 0.102908864617, 0.100759774446, 0.105931118131, 0.136208504438, 0.16806358099, 0.179909601808, 0.125867664814, 0.0827337950468, 0.0766811817884, 0.10397452116], "max": [1, 1, 1, 1, 1, 1, 1, 1, 1, 1, 1, 1, 1, 1, 1, 1, 1, 1, 1, 1, 1, 1, 1, 1, 1, 1, 1, 1, 1, 1, 1, 1, 1, 1, 1, 1], "var": [0.0763188526034, 0.0813703685999, 0.0551571212709, 0.0822509750724, 0.0956517532468, 0.0457979515195, 0.0300238709897, 0.027459513396, 0.0381215363741, 0.0653462633491, 0.0526050813496, 0.0294540058821, 0.0272078476846, 0.0286998860538, 0.0408530011773, 0.0975117012858, 0.112010590732, 0.0544076524675, 0.0553083978593, 0.0525744818151, 0.0268547292799, 0.03261962533, 0.0310373399407, 0.0289964936674, 0.0628369450569, 0.0604360774159, 0.0321387648582, 0.0420013070107, 0.0510268881917, 0.0426017120481, 0.109383150935, 0.115929089487, 0.0457968711853, 0.0258308369666, 0.0223580151796, 0.0305013339967], "mean": [0.19115126133, 0.211098447442, 0.176443114877, 0.24300584197, 0.259883135557, 0.156936749816, 0.0974150374532, 0.087593331933, 0.106144055724, 0.143567159772, 0.13085784018, 0.0934910550714, 0.0853220000863, 0.0916423127055, 0.145654335618, 0.309649735689, 0.34987539053, 0.202230751514, 0.133855193853, 0.120039589703, 0.0917767956853, 0.0909285545349, 0.0886589735746, 0.0999858230352, 0.154751777649, 0.158580496907, 0.11426769197, 0.12219491601, 0.131678506732, 0.157703876495, 0.30548542738, 0.325746655464, 0.163150891662, 0.08020375669, 0.0691097974777, 0.100882984698]}, "tuning_equal_tempered_deviation": 0.196551561356, "chords_changes_rate": 0.042985457927, "key_key": "G", "tuning_diatonic_strength": 0.710347354412, "key_scale": "minor", "chords_number_rate": 0.00213857996278, "tuning_frequency": 434.193115234, "tuning_nontempered_energy_ratio": 0.92598003149, "chords_histogram": [48.0111198425, 10.4790420532, 4.08468770981, 1.02651834488, 0.0855432003736, 0.213857993484, 0.0641573965549, 6.67236948013, 0.641573965549, 11.1420021057, 0, 1.00513255596, 0.363558590412, 0, 0, 0, 0, 0.149700596929, 1.06929004192, 0.0213858000934, 0.342172801495, 0, 9.04619312286, 5.58169364929], "key_strength": 0.85100710392, "chords_key": "G", "chords_strength": {"dmean2": 0.0104900570586, "median": 0.642317414284, "min": 0.245457515121, "dvar2": 9.19192170841e-05, "dvar": 8.63026580191e-05, "dmean": 0.0108355963603, "max": 0.829088509083, "var": 0.0107722030953, "mean": 0.628012895584}, "chords_scale": "minor", "hpcp_entropy": {"dmean2": 1.0477206707, "median": 2.11454463005, "min": 0, "dvar2": 0.678181171417, "dvar": 0.250294148922, "dmean": 0.619187295437, "max": 4.55615139008, "var": 0.538908779621, "mean": 2.09899568558}}, "metadata": {"audio_properties": {"equal_loudness": 0, "codec": "mp3", "downmix": "mix", "sample_rate": 44100, "analysis_sample_rate": 44100, "bit_rate": 160019, "md5_encoded": "a03448a0b2eddb34cbbcd302e60c9fff", "length": 217.103668213, "replay_gain": -11.3404521942, "lossless": false}, "version": {"essentia_build_sha": "70f2e5ece6736b2c40cc944ad0e695b16b925413", "essentia": "2.1-beta2", "extractor": "music 1.0", "essentia_git_sha": "v2.1_beta2"}, "tags": {"title": ["Tataral\u00ed"], "albumartist": ["Onda Vaga"], "musicbrainz_recordingid": ["13d37f85-7ec9-4126-a2c4-3818463bb327"], "encoding": ["Lavf56.36.100"], "musicbrainz_albumartistid": ["fa7c5fe9-26ed-483c-881c-12d5e9392caa"], "discnumber": ["1/1"], "album": ["Magma elemental"], "musicbrainz album type": ["album"], "musicbrainz album status": ["official"], "originalyear": ["2013"], "asin": ["B00DCKCN1E"], "date": ["2013"], "file_name": "Onda Vaga - Tataral\u00ed.mp3", "musicbrainz_releasegroupid": ["62cdd538-a435-4dc0-8afe-4d7ba0baef02"], "script": ["Latn"], "originaldate": ["2013"], "musicbrainz_albumid": ["f2de1b90-24db-41b1-abdf-b6aa7c142ff6"], "artist": ["Onda Vaga"], "artistsort": ["Onda Vaga"], "tracknumber": ["1/13"], "musicbrainz album release country": ["XW"], "albumartistsort": ["Onda Vaga"], "musicbrainz_artistid": ["fa7c5fe9-26ed-483c-881c-12d5e9392caa"]}}, "rhythm": {"bpm_histogram_first_peak_bpm": {"dmean2": 0, "median": 89, "min": 89, "dvar2": 0, "dvar": 0, "dmean": 0, "max": 89, "var": 0, "mean": 89}, "bpm": 88.5626831055, "bpm_histogram_second_peak_spread": {"dmean2": 0, "median": 0.625, "min": 0.625, "dvar2": 0, "dvar": 0, "dmean": 0, "max": 0.625, "var": 0, "mean": 0.625}, "bpm_histogram_first_peak_weight": {"dmean2": 0, "median": 0.795731663704, "min": 0.795731663704, "dvar2": 0, "dvar": 0, "dmean": 0, "max": 0.795731663704, "var": 0, "mean": 0.795731663704}, "onset_rate": 3.85043764114, "beats_position": [0.638548731804, 1.27709746361, 1.91564619541, 2.55419492722, 3.22757363319, 3.88934230804, 4.5627207756, 5.22448968887, 5.89786815643, 6.5596370697, 7.22140598297, 7.8831744194, 8.54494285583, 9.10222244263, 9.64789104462, 10.1935596466, 10.7276191711, 11.261677742, 11.7957363129, 12.3297958374, 12.8638544083, 13.3979139328, 13.9435825348, 14.4776411057, 15.0465307236, 15.6270294189, 16.1959171295, 16.7531967163, 17.298866272, 17.8561439514, 18.4134235382, 18.9823131561, 19.5628108978, 20.1317005157, 20.7121982574, 21.3043079376, 21.8964176178, 22.4769153595, 23.0574150085, 23.6379127502, 24.2068023682, 24.7756919861, 25.3445796967, 25.9134693146, 26.4823570251, 27.0396366119, 27.5969161987, 28.1541938782, 28.6998634338, 29.2339229584, 29.7563705444, 30.2672100067, 30.7896595001, 31.474647522, 32.1596374512, 32.8562355042, 33.5528335571, 34.2262115479, 34.9112014771, 35.5961914062, 36.269569397, 36.9429473877, 37.6163253784, 38.3013153076, 38.9863014221, 39.6596832275, 40.3330612183, 41.0180473328, 41.703037262, 42.3764152527, 43.0497932434, 43.7231750488, 44.3965530396, 45.0815429688, 45.7665290833, 46.4515190125, 47.1365089417, 47.8098869324, 48.4832649231, 49.1566429138, 49.8300209045, 50.5150108337, 51.1883888245, 51.8617668152, 52.5467567444, 53.2201347351, 53.9051246643, 54.578502655, 55.2634925842, 55.936870575, 56.6102485657, 57.2836265564, 57.9570045471, 58.6419944763, 59.3269844055, 60.0003623962, 60.673740387, 61.3587303162, 62.0437164307, 62.7170982361, 63.3904762268, 64.0754623413, 64.7604522705, 65.4338302612, 66.107208252, 66.7805862427, 67.4655761719, 68.1505661011, 68.8239440918, 69.4973220825, 70.1707000732, 70.8556900024, 71.5406799316, 72.2140579224, 72.8874359131, 73.5608139038, 74.2341918945, 74.9191818237, 75.6041717529, 76.2775497437, 76.9509277344, 77.6243057251, 78.2976837158, 78.982673645, 79.6676635742, 80.3410415649, 81.0144195557, 81.6877975464, 82.3611755371, 83.0461654663, 83.7311553955, 84.4045333862, 85.0895233154, 85.7745132446, 86.4478912354, 87.1212692261, 87.8062591553, 88.4912490845, 89.1646270752, 89.8380050659, 90.5113830566, 91.1847610474, 91.8697509766, 92.5547409058, 93.2281188965, 93.9014968872, 94.5748748779, 95.2598648071, 95.9448471069, 96.6182327271, 97.3032150269, 97.9882049561, 98.6615829468, 99.3349609375, 100.008346558, 100.681724548, 101.355102539, 102.02848053, 102.713470459, 103.398452759, 104.071838379, 104.74521637, 105.41859436, 106.091972351, 106.77696228, 107.46194458, 108.1353302, 108.831924438, 109.528526306, 110.248344421, 110.979774475, 111.687980652, 112.372970581, 113.046348572, 113.731338501, 114.404716492, 115.089706421, 115.774688721, 116.448066711, 117.121452332, 117.806434631, 118.491424561, 119.164802551, 119.838180542, 120.511566162, 121.184944153, 121.869926453, 122.554916382, 123.228294373, 123.913284302, 124.598274231, 125.271652222, 125.945030212, 126.618408203, 127.303398132, 127.988388062, 128.661773682, 129.335144043, 130.008529663, 130.681900024, 131.355285645, 132.028656006, 132.713653564, 133.398635864, 134.083618164, 134.768615723, 135.441986084, 136.115371704, 136.800354004, 137.485351562, 138.158721924, 138.832107544, 139.505477905, 140.178863525, 140.852249146, 141.525619507, 142.210617065, 142.895599365, 143.580581665, 144.253967285, 144.938949585, 145.612335205, 146.285705566, 146.959091187, 147.644073486, 148.329071045, 149.002441406, 149.675827026, 150.349197388, 151.022583008, 151.695953369, 152.369338989, 153.054321289, 153.739318848, 154.412689209, 155.086074829, 155.771057129, 156.456054688, 157.129425049, 157.802810669, 158.47618103, 159.14956665, 159.83454895, 160.519546509, 161.19291687, 161.86630249, 162.55128479, 163.236282349, 163.90965271, 164.58303833, 165.256408691, 165.929794312, 166.614776611, 167.29977417, 167.973144531, 168.646530151, 169.331512451, 170.01651001, 170.689880371, 171.363265991, 172.036636353, 172.710021973, 173.395004272, 174.080001831, 174.753372192, 175.426757812, 176.111740112, 176.796737671, 177.470108032, 178.143493652, 178.816864014, 179.490249634, 180.175231934, 180.860229492, 181.533599854, 182.206985474, 182.880355835, 183.553741455, 184.238723755, 184.923721313, 185.608703613, 186.282089233, 186.955459595, 187.628845215, 188.313827515, 188.987213135, 189.660583496, 190.333969116, 191.018951416, 191.703948975, 192.377319336, 193.050704956, 193.735687256, 194.420669556, 195.094055176, 195.779037476, 196.452423096, 197.137405396, 197.810791016, 198.484161377, 199.157546997, 199.830932617, 200.515914917, 201.200897217, 201.874282837, 202.547653198, 203.221038818, 203.906021118, 204.591018677, 205.264389038, 205.949386597, 206.634368896, 207.307754517, 207.981124878, 208.654510498, 209.327880859, 210.012878418, 210.697860718, 211.197097778, 211.69631958, 212.218765259, 212.741226196, 213.263671875, 213.786117554, 214.285354614, 214.784576416, 215.295410156, 215.806259155, 216.317092896], "beats_loudness": {"dmean2": 0.0653307512403, "median": 0.0324697755277, "min": 3.25596188899e-10, "dvar2": 0.00426269741729, "dvar": 0.00122396589722, "dmean": 0.0342057868838, "max": 0.203339368105, "var": 0.00201460183598, "mean": 0.0468647554517}, "danceability": 1.26127338409, "bpm_histogram_second_peak_weight": {"dmean2": 0, "median": 0.0274390242994, "min": 0.0274390242994, "dvar2": 0, "dvar": 0, "dmean": 0, "max": 0.0274390242994, "var": 0, "mean": 0.0274390242994}, "beats_count": 329, "bpm_histogram_second_peak_bpm": {"dmean2": 0, "median": 105, "min": 105, "dvar2": 0, "dvar": 0, "dmean": 0, "max": 105, "var": 0, "mean": 105}, "bpm_histogram_first_peak_spread": {"dmean2": 0, "median": 0.0404411554337, "min": 0.0404411554337, "dvar2": 0, "dvar": 0, "dmean": 0, "max": 0.0404411554337, "var": 0, "mean": 0.0404411554337}, "beats_loudness_band_ratio": {"dmean2": [0.334170550108, 0.22456035018, 0.218011677265, 0.21926485002, 0.07598824054, 0.0409531220794], "median": [0.344033956528, 0.146989732981, 0.199619963765, 0.132807314396, 0.028997246176, 0.0129489684477], "min": [0.000936718832236, 4.76610148326e-05, 0.00346576375887, 0.00151456752792, 0.000479231850477, 0.000165203804499], "dvar2": [0.0975679084659, 0.0495173074305, 0.0379126146436, 0.0468439348042, 0.00941432826221, 0.00705500133336], "dvar": [0.034777186811, 0.0164743959904, 0.0129381986335, 0.016912125051, 0.003131786827, 0.00423254119232], "dmean": [0.190083384514, 0.135373622179, 0.126085504889, 0.127612501383, 0.0428356714547, 0.0244116093963], "max": [0.953335642815, 0.909062743187, 0.794018387794, 0.929567933083, 0.327489197254, 0.854871332645], "var": [0.0793260410428, 0.0265594795346, 0.0217386391014, 0.0341101698577, 0.00294272345491, 0.00560105452314], "mean": [0.378003001213, 0.193992227316, 0.219812810421, 0.195117920637, 0.0466034449637, 0.0317566916347]}}, "lowlevel": {"barkbands_spread": {"dmean2": 6.8886551857, "median": 14.6823177338, "min": 0.0366390943527, "dvar2": 75.3336486816, "dvar": 35.3225784302, "dmean": 4.47305107117, "max": 123.231529236, "var": 122.315818787, "mean": 16.2809677124}, "melbands_spread": {"dmean2": 8.97858333588, "median": 16.3110160828, "min": 0.223995432258, "dvar2": 187.683731079, "dvar": 77.8084335327, "dmean": 5.66591930389, "max": 187.653778076, "var": 258.410797119, "mean": 19.162147522}, "hfc": {"dmean2": 7.9670176506, "median": 13.8994932175, "min": 1.09494341052e-16, "dvar2": 103.489486694, "dvar": 57.2214050293, "dmean": 5.99067544937, "max": 88.1861190796, "var": 233.970672607, "mean": 17.0209121704}, "barkbands_kurtosis": {"dmean2": 8.36353111267, "median": 1.96378803253, "min": -1.91805016994, "dvar2": 5198.71337891, "dvar": 2256.73266602, "dmean": 5.1007809639, "max": 4555.77050781, "var": 8091.0703125, "mean": 7.60959386826}, "gfcc": {"mean": [-50.387008667, 105.889198303, -121.565811157, 14.9221076965, -66.5505523682, 12.6419801712, -32.3679542542, 7.9485449791, -31.6864643097, -2.5125541687, -11.2000408173, -7.36300992966, -14.9828710556], "icov": [[0.000124490528833, -0.000365882355254, 0.000357818498742, -0.000369236106053, 0.000274919264484, -0.000528935575858, 0.000379705859814, -0.000572135555558, 0.000405591999879, -0.000473169668112, 0.000445946265245, -0.000383498467272, 0.000224590388825], [-0.000365882355254, 0.00272840447724, -0.00116974429693, 0.00165617628954, -0.0016661476111, 0.00195891712792, -0.00166541535873, 0.00283596315421, -0.00275139999576, 0.00322321127169, -0.00357111054473, 0.00224700197577, -0.00110160908662], [0.000357818498742, -0.00116974429693, 0.00250464561395, -0.00157963868696, 0.000408627121942, -0.00186535262037, 0.000943832623307, -0.00115885143168, 0.000783976865932, -0.00173357827589, 0.00175272522029, -0.00237468071282, 0.00169748195913], [-0.000369236106053, 0.00165617628954, -0.00157963868696, 0.00438354443759, -0.00257964502089, 0.000419355172198, 0.000497330271173, 0.000922887236811, -0.00202829134651, 0.00257535651326, -0.00212126108818, 0.00176746968646, -0.000936929893214], [0.000274919264484, -0.0016661476111, 0.000408627121942, -0.00257964502089, 0.00564836896956, -0.00109146512114, -0.00107250653673, -0.000941921724007, 0.000338024488883, -0.0025295233354, 0.00307152187452, -0.00213469471782, -0.00074722483987], [-0.000528935575858, 0.00195891712792, -0.00186535262037, 0.000419355172198, -0.00109146512114, 0.00854001473635, -0.0044440231286, 0.00180619291496, -0.00167231366504, -8.91255331226e-05, -0.00160113454331, 0.00293698674068, -0.0025736335665], [0.000379705859814, -0.00166541535873, 0.000943832623307, 0.000497330271173, -0.00107250653673, -0.0044440231286, 0.00837614294142, -0.00490895332769, 0.0021485297475, 0.00163737975527, -0.00165926327463, -0.000561711436603, 0.00255006272346], [-0.000572135555558, 0.00283596315421, -0.00115885143168, 0.000922887236811, -0.000941921724007, 0.00180619291496, -0.00490895332769, 0.0125886183232, -0.00578384427354, 0.000571228971239, -0.00282296631485, 0.00182336871512, -0.000613998447079], [0.000405591999879, -0.00275139999576, 0.000783976865932, -0.00202829134651, 0.000338024488883, -0.00167231366504, 0.0021485297475, -0.00578384427354, 0.012586215511, -0.00720870029181, 0.00341913895682, 0.000169063336216, -0.00312655977905], [-0.000473169668112, 0.00322321127169, -0.00173357827589, 0.00257535651326, -0.0025295233354, -8.91255331226e-05, 0.00163737975527, 0.000571228971239, -0.00720870029181, 0.0196031872183, -0.00707729021087, 0.000251104967901, 0.00244576414116], [0.000445946265245, -0.00357111054473, 0.00175272522029, -0.00212126108818, 0.00307152187452, -0.00160113454331, -0.00165926327463, -0.00282296631485, 0.00341913895682, -0.00707729021087, 0.015082359314, -0.00435737892985, -0.000487711746246], [-0.000383498467272, 0.00224700197577, -0.00237468071282, 0.00176746968646, -0.00213469471782, 0.00293698674068, -0.000561711436603, 0.00182336871512, 0.000169063336216, 0.000251104967901, -0.00435737892985, 0.015449016355, -0.00488602323458], [0.000224590388825, -0.00110160908662, 0.00169748195913, -0.000936929893214, -0.00074722483987, -0.0025736335665, 0.00255006272346, -0.000613998447079, -0.00312655977905, 0.00244576414116, -0.000487711746246, -0.00488602323458, 0.0174775905907]], "cov": [[24915.0351562, 343.497070312, -1613.15893555, 1043.54919434, -163.692321777, 849.974609375, -251.630905151, 696.932983398, 226.125274658, 319.302612305, -12.0933122635, -62.9687232971, 71.2942657471], [343.497070312, 1417.75610352, -27.5380535126, -196.799484253, 168.931472778, -44.9082374573, 248.633361816, -79.3645782471, 82.0948562622, -105.196472168, 192.145233154, -55.8328590393, 57.7761573792], [-1613.15893555, -27.5380535126, 990.848022461, 318.344055176, 246.172866821, 130.944763184, 19.4697990417, 36.2114028931, 104.935279846, 69.6234436035, -26.0708351135, 74.9154815674, -2.69226431847], [1043.54919434, -196.799484253, 318.344055176, 621.908630371, 245.141815186, 155.189071655, -52.9481163025, 97.6586608887, 129.919967651, 66.5184326172, -38.3665046692, 22.6475009918, 40.2888450623], [-163.692321777, 168.931472778, 246.172866821, 245.141815186, 402.386901855, 109.286254883, 95.7360916138, 60.2793579102, 112.879341125, 37.0208473206, 2.89196944237, 25.7928256989, 45.7326202393], [849.974609375, -44.9082374573, 130.944763184, 155.189071655, 109.286254883, 281.01776123, 119.680305481, 98.3390655518, 67.5464782715, 50.4791526794, 16.9630088806, -6.8206782341, 17.4805793762], [-251.630905151, 248.633361816, 19.4697990417, -52.9481163025, 95.7360916138, 119.680305481, 322.105895996, 82.5101165771, 14.6865339279, -18.3169784546, 82.9936294556, -19.291053772, -6.09290933609], [696.932983398, -79.3645782471, 36.2114028931, 97.6586608887, 60.2793579102, 98.3390655518, 82.5101165771, 189.09072876, 85.2448959351, 53.1305885315, 18.4247455597, -0.652476072311, 7.56858539581], [226.125274658, 82.0948562622, 104.935279846, 129.919967651, 112.879341125, 67.5464782715, 14.6865339279, 85.2448959351, 191.313323975, 63.7144927979, 8.45754909515, 0.154963865876, 40.2532424927], [319.302612305, -105.196472168, 69.6234436035, 66.5184326172, 37.0208473206, 50.4791526794, -18.3169784546, 53.1305885315, 63.7144927979, 106.124595642, 12.8071317673, 16.4472808838, 1.12770581245], [-12.0933122635, 192.145233154, -26.0708351135, -38.3665046692, 2.89196944237, 16.9630088806, 82.9936294556, 18.4247455597, 8.45754909515, 12.8071317673, 130.869796753, 9.94342327118, 10.0537137985], [-62.9687232971, -55.8328590393, 74.9154815674, 22.6475009918, 25.7928256989, -6.8206782341, -19.291053772, -0.652476072311, 0.154963865876, 16.4472808838, 9.94342327118, 92.6859054565, 18.0329685211], [71.2942657471, 57.7761573792, -2.69226431847, 40.2888450623, 45.7326202393, 17.4805793762, -6.09290933609, 7.56858539581, 40.2532424927, 1.12770581245, 10.0537137985, 18.0329685211, 80.4119415283]]}, "spectral_energyband_middle_low": {"dmean2": 0.00795875489712, "median": 0.00957509130239, "min": 1.99573365054e-22, "dvar2": 0.000129085223307, "dvar": 5.84647423238e-05, "dmean": 0.00539022684097, "max": 0.0923006162047, "var": 0.00014854654728, "mean": 0.0123793883249}, "melbands_crest": {"dmean2": 5.7479929924, "median": 12.6468334198, "min": 1.72946834564, "dvar2": 26.100566864, "dvar": 10.2390012741, "dmean": 3.50649690628, "max": 35.1138954163, "var": 34.8106536865, "mean": 13.8892421722}, "spectral_kurtosis": {"dmean2": 3.93685770035, "median": 5.13602161407, "min": -1.24527001381, "dvar2": 44.9196968079, "dvar": 16.8013191223, "dmean": 2.40776205063, "max": 138.510940552, "var": 59.2335395813, "mean": 6.83043766022}, "spectral_rms": {"dmean2": 0.00134643842466, "median": 0.00468212133273, "min": 3.14023481697e-12, "dvar2": 2.78910351881e-06, "dvar": 1.29815953187e-06, "dmean": 0.000954790855758, "max": 0.0147416535765, "var": 8.57212035044e-06, "mean": 0.00469257356599}, "zerocrossingrate": {"dmean2": 0.0104862172157, "median": 0.04443359375, "min": 0.00341796875, "dvar2": 0.000185948709259, "dvar": 0.000156526541105, "dmean": 0.00899163354188, "max": 0.5595703125, "var": 0.00186158088036, "mean": 0.0517549403012}, "silence_rate_60dB": {"dmean2": 0.0654615461826, "median": 0, "min": 0, "dvar2": 0.0705788806081, "dvar": 0.0316536463797, "dmean": 0.0327272713184, "max": 1, "var": 0.153091803193, "mean": 0.188642919064}, "erbbands_kurtosis": {"dmean2": 2.61722946167, "median": 0.617352247238, "min": -1.76936507225, "dvar2": 78.7868423462, "dvar": 32.9440879822, "dmean": 1.64126217365, "max": 371.725830078, "var": 106.820884705, "mean": 2.04518651962}, "erbbands": {"dmean2": [0.272016644478, 2.28297233582, 5.28250026703, 5.84908866882, 9.03710079193, 9.23194217682, 13.6383314133, 10.5857629776, 16.0655040741, 22.5976295471, 65.74584198, 34.3248291016, 68.109664917, 57.5130081177, 31.5889263153, 52.1072998047, 24.6379356384, 36.4780845642, 23.0485858917, 15.2347860336, 8.83301830292, 7.12127113342, 16.820646286, 9.59783935547, 8.37192058563, 7.8180770874, 3.48812222481, 2.46381831169, 2.02192306519, 1.70920228958, 1.3768633604, 0.931779325008, 0.711079537868, 0.439050704241, 0.25771099329, 0.122659787536, 0.0297179967165, 0.00573967630044, 0.000217401480768, 2.31003377849e-05], "median": [0.00574499228969, 0.129106372595, 0.83091711998, 1.64420294762, 2.71074652672, 4.69761323929, 6.27836847305, 5.14485788345, 7.14480018616, 9.24834251404, 22.4280776978, 15.2584991455, 20.1326713562, 20.7004852295, 13.12915802, 19.7705173492, 11.1876716614, 13.4643993378, 8.26227474213, 5.2594871521, 2.96926188469, 2.83326172829, 6.28039169312, 6.01354646683, 5.14664316177, 4.71910858154, 1.85368490219, 1.06761276722, 0.866307616234, 0.798331737518, 0.709416925907, 0.544000089169, 0.34902125597, 0.190771952271, 0.070435538888, 0.0180398020893, 0.00382127659395, 0.000517491891515, 3.5326287616e-05, 2.94009605568e-05], "min": [1.95662785909e-22, 6.61375126434e-22, 2.76433905634e-21, 4.76148586599e-21, 1.22253497906e-20, 2.64871471634e-20, 7.94643204664e-20, 6.42578586003e-20, 2.03080052363e-19, 1.19031122125e-19, 2.59785506401e-19, 5.61491026982e-19, 9.26948830787e-19, 8.83729884552e-19, 1.01570655128e-18, 1.09925779021e-18, 1.58941534611e-18, 1.77711441442e-18, 2.85397308422e-18, 4.15963859685e-18, 5.10245492314e-18, 3.99956219112e-18, 5.91431987306e-18, 7.98955886564e-18, 7.72105934753e-18, 9.53111250753e-18, 1.14872623073e-17, 1.17530842418e-17, 1.21478429542e-17, 1.25303899993e-17, 1.26688989113e-17, 1.27054958632e-17, 1.11563329868e-17, 9.0229853834e-18, 7.28681434135e-18, 4.79766699155e-18, 2.40739440153e-18, 9.09598820836e-19, 2.58542900175e-19, 2.66935206483e-20], "dvar2": [0.554841756821, 33.3906288147, 229.375808716, 228.375473022, 463.515716553, 309.722381592, 705.75769043, 427.910125732, 1046.45617676, 2088.81689453, 14058.5966797, 4988.38134766, 28003.1074219, 14307.9238281, 5157.0078125, 11871.1416016, 2343.42529297, 5530.29736328, 2155.77416992, 1080.83276367, 382.226776123, 174.006896973, 1819.51220703, 239.98727417, 222.133743286, 179.114059448, 41.326751709, 24.740026474, 15.3710107803, 9.10244846344, 5.78857898712, 2.26385641098, 1.45795845985, 0.628255486488, 0.239830598235, 0.0691506788135, 0.00352362100966, 0.000153814486112, 2.90636052114e-07, 1.22677967784e-09], "dvar": [0.193547740579, 11.8174991608, 86.6171340942, 96.8882293701, 174.944747925, 154.454772949, 290.459960938, 169.856216431, 403.033294678, 850.372009277, 5554.55859375, 1907.89709473, 11070.5800781, 5667.72412109, 1980.9510498, 4777.76318359, 949.987365723, 2140.97314453, 889.882873535, 456.367340088, 160.619995117, 77.2263641357, 705.581298828, 104.149688721, 96.891784668, 79.626914978, 19.6381435394, 11.4730615616, 7.51797103882, 4.37210655212, 2.83884263039, 1.10216426849, 0.651649475098, 0.281730890274, 0.100456528366, 0.0267132036388, 0.00140736601315, 6.08704249316e-05, 1.11365224598e-07, 4.99701280354e-10], "dmean": [0.159775793552, 1.33701169491, 3.19562697411, 3.69668197632, 5.45544862747, 6.31608724594, 8.84914684296, 6.78863525391, 10.1504030228, 14.3897256851, 40.9141082764, 21.4729290009, 43.2141952515, 36.905506134, 20.1165065765, 33.0050430298, 15.8478507996, 23.0983333588, 14.9393196106, 10.0354290009, 5.83374118805, 4.7074546814, 10.7257833481, 6.28054618835, 5.58905792236, 5.22805500031, 2.42876982689, 1.70026254654, 1.40702402592, 1.20557188988, 0.978014290333, 0.643668651581, 0.471335798502, 0.289082437754, 0.161906257272, 0.0741802155972, 0.0181852411479, 0.00349537236616, 0.000129819658468, 1.55459838425e-05], "max": [3.90521979332, 35.4350166321, 121.705833435, 172.652801514, 200.881332397, 242.112335205, 342.634796143, 266.609130859, 364.323059082, 640.83770752, 859.094848633, 863.279418945, 2545.47509766, 1503.89477539, 1036.8815918, 1567.39562988, 727.15814209, 777.304870605, 678.881713867, 545.558532715, 422.22366333, 133.36769104, 620.050537109, 185.159210205, 180.164886475, 118.344497681, 56.3008918762, 60.5114517212, 47.0050888062, 39.3545074463, 50.5508842468, 19.8698806763, 11.5538673401, 8.88565444946, 4.85503816605, 1.42221260071, 0.382781207561, 0.0841884315014, 0.00581146450713, 0.000247207673965], "var": [0.308662295341, 17.9771728516, 103.300178528, 108.974517822, 186.464797974, 411.700958252, 523.958984375, 344.310302734, 694.331420898, 1591.41003418, 6740.89257812, 3154.42407227, 19903.6035156, 11362.078125, 4076.30883789, 8593.08398438, 1908.60083008, 3541.78491211, 1636.42333984, 827.112426758, 306.770294189, 174.566619873, 819.569396973, 212.615509033, 166.244812012, 146.570770264, 32.9659576416, 17.4948711395, 11.8042192459, 8.46821403503, 6.31391143799, 2.7365128994, 1.42508065701, 0.544963598251, 0.135478779674, 0.0234522074461, 0.00128380674869, 5.14960265718e-05, 8.85282034346e-08, 1.54658164053e-09], "mean": [0.215618044138, 2.05145859718, 4.98883867264, 4.94871473312, 7.31221675873, 11.5799884796, 14.4173936844, 12.1133918762, 16.7361850739, 22.9185180664, 52.3260231018, 35.1587753296, 67.027557373, 59.6175804138, 34.792591095, 50.3778114319, 27.1222267151, 35.6463623047, 24.4472122192, 16.2408065796, 9.79259300232, 8.17028713226, 15.9779148102, 11.2039670944, 9.5145778656, 8.99806880951, 3.87753224373, 2.51963853836, 2.05631685257, 1.82391917706, 1.55384027958, 1.11303901672, 0.785573482513, 0.437309473753, 0.205056041479, 0.0738507509232, 0.0178540796041, 0.00321062630974, 0.000126172264572, 3.91438916267e-05]}, "spectral_strongpeak": {"dmean2": 0.810475468636, "median": 0.510918617249, "min": 0, "dvar2": 1.4721801281, "dvar": 0.554014325142, "dmean": 0.472528100014, "max": 7.69185733795, "var": 0.805118501186, "mean": 0.794010102749}, "spectral_energy": {"dmean2": 0.0186864640564, "median": 0.0224703140557, "min": 1.01076010169e-20, "dvar2": 0.000986563740298, "dvar": 0.000388494227082, "dmean": 0.0124662732705, "max": 0.222749263048, "var": 0.0011447124416, "mean": 0.0313570424914}, "average_loudness": 0.887295305729, "spectral_rolloff": {"dmean2": 607.377197266, "median": 990.52734375, "min": 64.599609375, "dvar2": 1377519.375, "dvar": 627204, "dmean": 369.640014648, "max": 19702.8808594, "var": 2555050.75, "mean": 1272.96179199}, "spectral_centroid": {"dmean2": 322.202087402, "median": 1036.21875, "min": 111.433280945, "dvar2": 175222.421875, "dvar": 88954.6484375, "dmean": 214.323883057, "max": 11526.9023438, "var": 563956.125, "mean": 1126.41699219}, "pitch_salience": {"dmean2": 0.120190322399, "median": 0.570144236088, "min": 0.0590951256454, "dvar2": 0.0108891138807, "dvar": 0.00439635012299, "dmean": 0.0748362839222, "max": 0.946698307991, "var": 0.0174734555185, "mean": 0.558437824249}, "spectral_energyband_middle_high": {"dmean2": 0.00370138580911, "median": 0.00378529494628, "min": 1.09979306896e-21, "dvar2": 2.90693642455e-05, "dvar": 1.3365031009e-05, "dmean": 0.00262082158588, "max": 0.0513532571495, "var": 4.92959443363e-05, "mean": 0.00629156315699}, "spectral_contrast_coeffs": {"dmean2": [0.0849701017141, 0.0780753493309, 0.0661196261644, 0.0524584203959, 0.0370283052325, 0.0274043250829], "median": [-0.616499364376, -0.725096821785, -0.745454192162, -0.763265788555, -0.783967852592, -0.794381439686], "min": [-0.982230484486, -0.972405970097, -0.968509912491, -0.968475818634, -0.965817153454, -0.963928222656], "dvar2": [0.00469853822142, 0.00406441837549, 0.00268607400358, 0.00174075399991, 0.000918934529182, 0.000600888859481], "dvar": [0.00180642539635, 0.00154250324704, 0.00113412085921, 0.000698686169926, 0.000389133259887, 0.000267964962404], "dmean": [0.0518840476871, 0.0477053262293, 0.0414788760245, 0.0326400958002, 0.0236645843834, 0.0180481765419], "max": [-0.302448779345, -0.388738632202, -0.4694878757, -0.570542097092, -0.630784630775, -0.685689687729], "var": [0.00827322062105, 0.00587068079039, 0.00596646172926, 0.00374980992638, 0.00238824915141, 0.00133795524016], "mean": [-0.614089488983, -0.728831708431, -0.746222198009, -0.764493465424, -0.786545872688, -0.795967578888]}, "melbands_skewness": {"dmean2": 1.14711761475, "median": 1.78136515617, "min": -2.6031806469, "dvar2": 1.92723405361, "dvar": 0.775521159172, "dmean": 0.727305293083, "max": 16.7150039673, "var": 2.98544096947, "mean": 2.12254357338}, "spectral_spread": {"dmean2": 845386.375, "median": 3920144.5, "min": 650156.0625, "dvar2": 1435320188930.0, "dvar": 759474225152, "dmean": 587959.125, "max": 42111648, "var": 6125670367230.0, "mean": 4236987.5}, "dissonance": {"dmean2": 0.0423036254942, "median": 0.458299428225, "min": 0.206567466259, "dvar2": 0.00156787841115, "dvar": 0.000567667535506, "dmean": 0.025290241465, "max": 0.500000119209, "var": 0.00110989133827, "mean": 0.451492965221}, "spectral_skewness": {"dmean2": 0.428402900696, "median": 1.7847417593, "min": -0.0714796409011, "dvar2": 0.261595606804, "dvar": 0.11132248491, "dmean": 0.2794316113, "max": 9.90957832336, "var": 0.587969303131, "mean": 1.90599000454}, "spectral_flux": {"dmean2": 0.0366783477366, "median": 0.0747674107552, "min": 6.35306043884e-11, "dvar2": 0.00182033074088, "dvar": 0.000895095989108, "dmean": 0.0247852541506, "max": 0.387063145638, "var": 0.00353918084875, "mean": 0.0831069126725}, "spectral_contrast_valleys": {"dmean2": [0.754603564739, 0.5899772048, 0.516945183277, 0.48119983077, 0.43888002634, 0.442304313183], "median": [-7.66148853302, -6.63403224945, -7.04845428467, -7.8035569191, -7.83191823959, -10.1372213364], "min": [-28.7802772522, -27.7928371429, -27.8637104034, -27.5177993774, -27.5283546448, -27.4190540314], "dvar2": [0.414744794369, 0.253116160631, 0.209342196584, 0.201966017485, 0.215348616242, 0.28266531229], "dvar": [0.201711967587, 0.132185965776, 0.127631500363, 0.131491869688, 0.158170193434, 0.189097121358], "dmean": [0.478618234396, 0.388152718544, 0.358079910278, 0.350467473269, 0.351454883814, 0.361290067434], "max": [-4.87957715988, -4.63111162186, -5.07953882217, -5.82589912415, -5.90263319016, -8.35020256042], "var": [3.76954627037, 3.08995056152, 3.12720966339, 3.25364995003, 3.19650268555, 3.07927751541], "mean": [-8.00939750671, -6.97006177902, -7.40663671494, -8.23910999298, -8.24592876434, -10.6912469864]}, "erbbands_flatness_db": {"dmean2": 0.0309362094849, "median": 0.172478660941, "min": 0.0374911762774, "dvar2": 0.000850524229463, "dvar": 0.000410986831412, "dmean": 0.0211296230555, "max": 0.543032288551, "var": 0.00303679914214, "mean": 0.180980503559}, "spectral_energyband_high": {"dmean2": 0.000283892091829, "median": 0.000202009963687, "min": 7.32381109931e-21, "dvar2": 2.17530370605e-07, "dvar": 1.122180322e-07, "dmean": 0.000204096533707, "max": 0.00349456910044, "var": 2.33814773765e-07, "mean": 0.000364273408195}, "spectral_entropy": {"dmean2": 0.277419894934, "median": 7.41344976425, "min": 3.5999777317, "dvar2": 0.0967980027199, "dvar": 0.0511882007122, "dmean": 0.198826372623, "max": 9.82693386078, "var": 0.262920260429, "mean": 7.37928771973}, "silence_rate_20dB": {"dmean2": 0, "median": 1, "min": 1, "dvar2": 0, "dvar": 0, "dmean": 0, "max": 1, "var": 0, "mean": 1}, "melbands_flatness_db": {"dmean2": 0.043975956738, "median": 0.211647316813, "min": 0.00358933093958, "dvar2": 0.00196929159574, "dvar": 0.000971454486717, "dmean": 0.0304242037237, "max": 0.639341115952, "var": 0.00571930687875, "mean": 0.21639662981}, "barkbands": {"dmean2": [0.000327700166963, 0.00961774215102, 0.0049418611452, 0.00227189995348, 0.00278748059645, 0.00144334323704, 0.00125839107204, 0.00261383829638, 0.00146690628026, 0.00232746265829, 0.00106680358294, 0.00117471267004, 0.000568459392525, 0.000656700984109, 0.000434303336078, 0.000178273417987, 0.000153511849931, 0.000304295186652, 0.000146114471136, 0.000176103276317, 6.86553030391e-05, 5.69557487324e-05, 5.02571710967e-05, 4.20671676693e-05, 3.62866485375e-05, 2.13411967707e-05, 1.5524757373e-06], "median": [1.78042728294e-06, 0.000384284881875, 0.000646753120236, 0.00036211538827, 0.001512958901, 0.000827662472147, 0.000483815034386, 0.000812820158899, 0.000514264742378, 0.000733730499633, 0.000290848402074, 0.000422353768954, 0.000211149890674, 0.000196668261196, 0.000125426682644, 4.56171037513e-05, 4.67392128485e-05, 0.000126943836221, 9.11365277716e-05, 0.000102640980913, 2.95805639325e-05, 2.51598630712e-05, 2.52123518294e-05, 2.35159241129e-05, 1.33732000904e-05, 2.70133477898e-06, 9.4602505385e-08], "min": [1.31307850105e-24, 9.19367686798e-24, 2.21148635081e-24, 1.85693755012e-24, 8.36956098004e-24, 5.20592188322e-24, 1.50117832126e-23, 9.37693793373e-24, 1.82931195677e-23, 4.97655173978e-23, 2.07404769069e-23, 2.25940917748e-23, 2.58812893664e-23, 2.59619172618e-23, 3.3432669848e-23, 7.08360805287e-23, 6.85348849157e-23, 1.29392272579e-22, 1.37654448291e-22, 2.16089171536e-22, 2.77824365749e-22, 3.41984884417e-22, 4.61702995995e-22, 5.99720130975e-22, 9.82848087459e-22, 1.34205884152e-21, 1.94751920407e-21], "dvar2": [9.75032776296e-07, 0.000590592098888, 0.000224658360821, 3.08388844132e-05, 2.68076819339e-05, 6.48338573228e-06, 6.02275440542e-06, 2.16668104258e-05, 8.82231051946e-06, 2.46134004556e-05, 5.2604236771e-06, 5.67929919271e-06, 1.16154683383e-06, 1.91018102669e-06, 7.70837175423e-07, 2.16998714109e-07, 8.52728305745e-08, 4.6302869805e-07, 5.43602141079e-08, 9.89587292111e-08, 1.89472473267e-08, 1.13616405173e-08, 7.40989225534e-09, 4.79445372292e-09, 4.40158931525e-09, 2.07177630607e-09, 1.45910020177e-11], "dvar": [4.03590178166e-07, 0.000207574499655, 8.35456739878e-05, 1.21976008813e-05, 1.15683296826e-05, 2.61886339104e-06, 2.40879649027e-06, 8.55878442962e-06, 3.41186500918e-06, 9.6581861726e-06, 2.0473562472e-06, 2.29817305808e-06, 4.70491869464e-07, 7.38839389669e-07, 3.17691359442e-07, 8.96174370268e-08, 3.52493003675e-08, 1.82380475167e-07, 2.38875053071e-08, 4.3892420365e-08, 8.7096205803e-09, 5.63972246681e-09, 3.73682196297e-09, 2.24791718573e-09, 1.92471416582e-09, 8.06194500047e-10, 5.5715358542e-12], "dmean": [0.000201922390261, 0.00563484989107, 0.00293100904673, 0.00136849156115, 0.00182290107477, 0.000931678921916, 0.000790822145063, 0.00161878520157, 0.000908394285943, 0.00147306872532, 0.000671792251524, 0.000740913383197, 0.000357139477273, 0.000415370537667, 0.000279563595541, 0.000117989286082, 9.72734706011e-05, 0.000195026455913, 9.63579950621e-05, 0.00011712887499, 4.75164670206e-05, 3.98441952711e-05, 3.58818688255e-05, 2.85396054096e-05, 2.36068972299e-05, 1.29540512717e-05, 9.15593489026e-07], "max": [0.00600165314972, 0.138141930103, 0.11643229425, 0.0448933057487, 0.0682908073068, 0.0277343932539, 0.0383648239076, 0.0390308983624, 0.0289147309959, 0.0595428273082, 0.0272153820843, 0.0352993458509, 0.0136109171435, 0.0163365323097, 0.011015038006, 0.00983705557883, 0.00281041604467, 0.00910739041865, 0.00261152721941, 0.00381817994639, 0.0013837502338, 0.00190674152691, 0.00169065804221, 0.000768804515246, 0.000644147105049, 0.000255212653428, 5.27120500919e-05], "var": [4.96264533467e-07, 0.000339525227901, 8.01333953859e-05, 1.18854750326e-05, 2.32201655308e-05, 5.77555329073e-06, 4.47547836302e-06, 1.09859711301e-05, 5.84045164942e-06, 1.74303950189e-05, 4.1720468289e-06, 4.11317114413e-06, 8.73812837199e-07, 1.18403795568e-06, 5.62560501294e-07, 1.46417278302e-07, 7.31283762434e-08, 2.31332066392e-07, 4.58234161727e-08, 7.64239160844e-08, 1.32425617139e-08, 9.22158971406e-09, 8.36172375784e-09, 5.4588094045e-09, 3.24619064962e-09, 6.87100876196e-10, 4.35064180862e-12], "mean": [0.000199897258426, 0.00865816324949, 0.00402775360271, 0.00157260615379, 0.00317698181607, 0.00171925849281, 0.00126112019643, 0.00205572741106, 0.0014356051106, 0.00221286388114, 0.00104562938213, 0.00111654982902, 0.000557266117539, 0.000610465358477, 0.000428376719356, 0.000179505368578, 0.000156069436343, 0.000294970435789, 0.000167036530911, 0.000199639180209, 7.01668832335e-05, 5.82444226893e-05, 5.67688002775e-05, 4.99023190059e-05, 3.33097741532e-05, 1.24296175272e-05, 7.83660425441e-07]}, "erbbands_skewness": {"dmean2": 0.635186612606, "median": 0.507547259331, "min": -4.74701118469, "dvar2": 0.505316019058, "dvar": 0.211467459798, "dmean": 0.405733108521, "max": 12.782814