{"tonal": {"thpcp": [1, 0.676158726215, 0.386000663042, 0.595234334469, 0.727574944496, 0.606785595417, 0.456111162901, 0.37175565958, 0.323055833578, 0.327618449926, 0.339496135712, 0.340710401535, 0.36786544323, 0.346836775541, 0.277421921492, 0.271819859743, 0.329965233803, 0.442461520433, 0.629373371601, 0.686432480812, 0.546100854874, 0.416926383972, 0.340650886297, 0.319008141756, 0.415456980467, 0.468215465546, 0.385185927153, 0.390881896019, 0.424878031015, 0.367684811354, 0.31216442585, 0.259636700153, 0.221945092082, 0.216753065586, 0.21853390336, 0.596863925457], "hpcp": {"dmean2": [0.230544582009, 0.201881840825, 0.183443754911, 0.191961541772, 0.230552792549, 0.309704601765, 0.343616247177, 0.359306305647, 0.337063908577, 0.299130290747, 0.241808354855, 0.223774164915, 0.236641481519, 0.250037282705, 0.232947990298, 0.214507728815, 0.214699268341, 0.202452644706, 0.185711532831, 0.153938561678, 0.141112208366, 0.138261020184, 0.12593100965, 0.410205423832, 0.737304627895, 0.418932050467, 0.272339403629, 0.350386530161, 0.364496588707, 0.371109902859, 0.336221784353, 0.257193386555, 0.223045483232, 0.213131800294, 0.205569669604, 0.224114507437], "median": [0.0559848845005, 0.0508126839995, 0.0433490648866, 0.0396612510085, 0.0439989231527, 0.0604851320386, 0.0948550403118, 0.107523024082, 0.0917728021741, 0.0547164268792, 0.0451685041189, 0.046013481915, 0.0607328824699, 0.0658715069294, 0.0677276849747, 0.0686381906271, 0.0724659487605, 0.06877194345, 0.0638550817966, 0.0532471016049, 0.0439185537398, 0.040899284184, 0.0393083021045, 0.134488731623, 0.196594655514, 0.158191472292, 0.0644756406546, 0.115663379431, 0.13621263206, 0.105742327869, 0.069092169404, 0.054334577173, 0.0519928783178, 0.0518297031522, 0.0531004182994, 0.0545331090689], "min": [0, 0, 0, 0, 0, 0, 0, 0, 0, 0, 0, 0, 0, 0, 0, 0, 0, 0, 0, 0, 0, 0, 0, 0, 0, 0, 0, 0, 0, 0, 0, 0, 0, 0, 0, 0], "dvar2": [0.115637265146, 0.0921070203185, 0.0855335518718, 0.096338480711, 0.111618734896, 0.157072454691, 0.161319434643, 0.163780733943, 0.157037332654, 0.148939549923, 0.106814049184, 0.103102587163, 0.101166494191, 0.108339734375, 0.100847579539, 0.0853335782886, 0.0909857451916, 0.0827761813998, 0.0784817487001, 0.0535955317318, 0.0525908768177, 0.0562671348453, 0.0453657209873, 0.113620884717, 0.372441202402, 0.127653539181, 0.127862289548, 0.156039655209, 0.162255853415, 0.177051439881, 0.167552769184, 0.123449042439, 0.105380780995, 0.107257351279, 0.0989535078406, 0.111048519611], "dvar": [0.0413176566362, 0.0347781553864, 0.0302368924022, 0.0345319956541, 0.0403811968863, 0.0558530837297, 0.0624529607594, 0.062571503222, 0.0564410686493, 0.0529255345464, 0.039282515645, 0.0374888963997, 0.0379986986518, 0.0410776659846, 0.0357754863799, 0.0310827605426, 0.0335496924818, 0.0298539549112, 0.0270949043334, 0.0188876390457, 0.0184365529567, 0.0199853852391, 0.0164358001202, 0.038613114506, 0.12385083735, 0.0432855077088, 0.044807780534, 0.055108435452, 0.0597492232919, 0.0622279718518, 0.0589207820594, 0.0446231812239, 0.0380602963269, 0.0382471606135, 0.0357426665723, 0.0393113382161], "dmean": [0.129881337285, 0.114603668451, 0.102598950267, 0.106243789196, 0.127900972962, 0.172149226069, 0.196299806237, 0.205322504044, 0.189971417189, 0.166235432029, 0.134621545672, 0.12422747165, 0.135566875339, 0.14348860085, 0.131618782878, 0.122856296599, 0.122668027878, 0.114730797708, 0.104912020266, 0.0873467549682, 0.0792141929269, 0.0774087458849, 0.0716954618692, 0.223509848118, 0.394937157631, 0.231213361025, 0.150283023715, 0.197520837188, 0.207207918167, 0.208608612418, 0.185511723161, 0.14281848073, 0.123778007925, 0.119212888181, 0.116080678999, 0.124864980578], "max": [1, 1, 1, 1, 1, 1, 1, 1, 1, 1, 1, 1, 1, 1, 1, 1, 1, 1, 1, 1, 1, 1, 1, 1, 1, 1, 1, 1, 1, 1, 1, 1, 1, 1, 1, 1], "var": [0.0457106605172, 0.0446265637875, 0.0294076055288, 0.0320761017501, 0.0418142527342, 0.0573897361755, 0.0896339565516, 0.0973263680935, 0.067460745573, 0.0526662878692, 0.0394875518978, 0.0364123135805, 0.0523601621389, 0.0635230243206, 0.0397811345756, 0.041461687535, 0.0512173734605, 0.0375632792711, 0.0257704406977, 0.0184237081558, 0.0160598084331, 0.0174301881343, 0.0182088911533, 0.049523204565, 0.147668197751, 0.0655056163669, 0.0418620854616, 0.068297021091, 0.0958367884159, 0.0774845257401, 0.0583898276091, 0.0457856506109, 0.0349746309221, 0.0378510020673, 0.0411689355969, 0.0397133119404], "mean": [0.140143290162, 0.132132127881, 0.105687610805, 0.103553429246, 0.125704690814, 0.168561667204, 0.239768236876, 0.261505693197, 0.208044469357, 0.158833712339, 0.129775539041, 0.12153044343, 0.158273920417, 0.178372979164, 0.146741762757, 0.148911714554, 0.161862999201, 0.1400744766, 0.118923231959, 0.0989120900631, 0.0845529660583, 0.082574993372, 0.08325342834, 0.227383345366, 0.38096344471, 0.257591754198, 0.147052139044, 0.226762518287, 0.277179449797, 0.23116312921, 0.173761680722, 0.141625314951, 0.123072467744, 0.124810658395, 0.129335612059, 0.129798203707]}, "tuning_equal_tempered_deviation": 0.161701053381, "chords_changes_rate": 0.103228092194, "key_key": "B", "tuning_diatonic_strength": 0.4084418118, "key_scale": "minor", "chords_number_rate": 0.00212841434404, "tuning_frequency": 434.193115234, "tuning_nontempered_energy_ratio": 0.852309763432, "chords_histogram": [36.1475715637, 4.20361852646, 3.6360411644, 0.514366805553, 0.478893220425, 0.425682872534, 0.301525354385, 5.35650920868, 0.0354735739529, 1.41894292831, 1.56083714962, 5.214615345, 7.28981924057, 0.159631073475, 0.496630012989, 0, 0.869102537632, 12.2029085159, 12.2383823395, 0.567577183247, 0.212841436267, 0.585313916206, 1.43667972088, 4.64703798294], "key_strength": 0.478386849165, "chords_key": "B", "chords_strength": {"dmean2": 0.0182818528265, "median": 0.446236610413, "min": -1, "dvar2": 0.000872714095749, "dvar": 0.000498968700413, "dmean": 0.0142651824281, "max": 0.805053949356, "var": 0.0210757199675, "mean": 0.458255320787}, "chords_scale": "minor", "hpcp_entropy": {"dmean2": 1.17093634605, "median": 2.9413819313, "min": 0, "dvar2": 0.871209859848, "dvar": 0.309136778116, "dmean": 0.691456854343, "max": 4.74118852615, "var": 0.733152747154, "mean": 2.84158492088}}, "metadata": {"audio_properties": {"equal_loudness": 0, "codec": "mp3", "downmix": "mix", "sample_rate": 44100, "analysis_sample_rate": 44100, "bit_rate": 160016, "md5_encoded": "b7bcbb2f0d1602d26e5275a7bac31060", "length": 261.773071289, "replay_gain": -12.7505569458, "lossless": false}, "version": {"essentia_build_sha": "70f2e5ece6736b2c40cc944ad0e695b16b925413", "essentia": "2.1-beta2", "extractor": "music 1.0", "essentia_git_sha": "v2.1_beta2"}, "tags": {"title": ["The Burning"], "media": ["CD"], "albumartist": ["From Graves of Valor"], "musicbrainz_recordingid": ["13d821e3-4cfc-4e16-8cfa-85ace80b308c"], "encoding": ["Lavf56.36.100"], "musicbrainz_albumartistid": ["cc9e6573-e135-4f64-b859-a0d84153c776"], "originalyear": ["2007"], "discnumber": ["1/1"], "album": ["Famine"], "musicbrainz album release country": ["US"], "musicbrainz album type": ["ep"], "musicbrainz album status": ["official"], "asin": ["B000Q7ZC6E"], "date": ["2007"], "file_name": "From Graves Of Valor - The Burning.mp3", "musicbrainz_releasegroupid": ["29219da6-3aa4-3a47-b979-9e8878beec90"], "script": ["Latn"], "originaldate": ["2007"], "musicbrainz_albumid": ["d87357cb-bf75-4a0a-bc45-2fd588eca6db"], "artist": ["From Graves of Valor"], "artistsort": ["From Graves of Valor"], "tracknumber": ["4/6"], "label": ["Tragic Hero Records"], "albumartistsort": ["From Graves of Valor"], "musicbrainz_artistid": ["cc9e6573-e135-4f64-b859-a0d84153c776"]}}, "rhythm": {"bpm_histogram_first_peak_bpm": {"dmean2": 0, "median": 120, "min": 120, "dvar2": 0, "dvar": 0, "dmean": 0, "max": 120, "var": 0, "mean": 120}, "bpm": 120.522109985, "bpm_histogram_second_peak_spread": {"dmean2": 0, "median": 0.476923108101, "min": 0.476923108101, "dvar2": 0, "dvar": 0, "dmean": 0, "max": 0.476923108101, "var": 0, "mean": 0.476923108101}, "bpm_histogram_first_peak_weight": {"dmean2": 0, "median": 0.132427841425, "min": 0.132427841425, "dvar2": 0, "dvar": 0, "dmean": 0, "max": 0.132427841425, "var": 0, "mean": 0.132427841425}, "onset_rate": 3.10168290138, "beats_position": [0.417959183455, 0.847528338432, 1.26548755169, 1.67183673382, 2.08979582787, 2.49614500999, 2.90249419212, 3.30884337425, 3.72680258751, 4.13315200806, 4.53950119019, 4.93424034119, 5.34058952332, 5.74693870544, 6.19972801208, 6.64090681076, 7.0936961174, 7.5464849472, 7.99927425385, 8.45206356049, 8.893242836, 9.33442115784, 9.76399040222, 10.1935596466, 10.6347389221, 11.0875282288, 11.5403175354, 11.9814968109, 12.4226751328, 12.8638544083, 13.3050336838, 13.7462129593, 14.1873922348, 14.6285715103, 15.0697498322, 15.5225391388, 15.9637184143, 16.4048976898, 16.8576869965, 17.298866272, 17.7516555786, 18.2160549164, 18.6804523468, 19.1564617157, 19.6092510223, 20.062040329, 20.5032196045, 20.94439888, 21.3971881866, 21.8383674622, 22.2911567688, 22.7555541992, 23.2315635681, 23.707572937, 24.1603622437, 24.6131515503, 25.0775508881, 25.5419502258, 26.0063495636, 26.470746994, 26.9351463318, 27.3995456696, 27.8755550385, 28.3515644073, 28.8159637451, 29.2803630829, 29.7447605133, 30.2207698822, 30.6967792511, 31.1495685577, 31.5907478333, 32.0319252014, 32.4731063843, 32.9142837524, 33.3670730591, 33.8082542419, 34.2494316101, 34.690612793, 35.1434020996, 35.5845794678, 36.0373687744, 36.4785499573, 36.9197273254, 37.3609046936, 37.8020858765, 38.2432632446, 38.6844444275, 39.1256217957, 39.5784111023, 40.0195922852, 40.4723815918, 40.91355896, 41.3547401428, 41.795917511, 42.2370948792, 42.678276062, 43.1426734924, 43.5954627991, 44.0366439819, 44.4662132263, 44.9073905945, 45.3485717773, 45.7897491455, 46.2309303284, 46.6721076965, 47.1132888794, 47.5544662476, 47.9956436157, 48.4484329224, 48.8896141052, 49.3424034119, 49.78358078, 50.2247619629, 50.6659393311, 51.1071205139, 51.5482978821, 51.9894790649, 52.4306564331, 52.871837616, 53.3246231079, 53.7774124146, 54.2185935974, 54.6597709656, 55.1009521484, 55.5421295166, 55.9949188232, 56.4477081299, 56.8888893127, 57.3416786194, 57.794467926, 58.305305481, 58.8161430359, 59.3269844055, 59.8378219604, 60.3370513916, 60.8362808228, 61.3355102539, 61.8347396851, 62.34557724, 62.8448066711, 63.3440361023, 63.8432655334, 64.3424911499, 64.8533325195, 65.3525619507, 65.8517913818, 66.351020813, 66.8502502441, 67.3494796753, 67.8487091064, 68.3479385376, 68.8471679688, 69.358001709, 69.8572311401, 70.3564605713, 70.8556900024, 71.3549194336, 71.8541488647, 72.3533782959, 72.8526077271, 73.3518371582, 73.8510665894, 74.3502960205, 74.8611297607, 75.3603591919, 75.859588623, 76.3704299927, 76.8812713623, 77.3921051025, 77.9029464722, 78.4021759033, 78.9014053345, 79.3890228271, 79.8882522583, 80.3874816895, 80.8867111206, 81.3859405518, 81.8967819214, 82.4076156616, 82.9416732788, 83.4525146484, 83.9633560181, 84.4741897583, 84.9153747559, 85.356552124, 85.7977294922, 86.2389068604, 86.6800918579, 87.1328811646, 87.5856704712, 88.0384597778, 88.4912490845, 88.9208145142, 89.3503875732, 89.7683410645, 90.1863021851, 90.6158676147, 91.0454406738, 91.4634017944, 91.8813552856, 92.2993164062, 92.7288894653, 93.158454895, 93.5764160156, 93.9827651978, 94.4123306274, 94.8419036865, 95.2714691162, 95.6894302368, 96.1073913574, 96.525352478, 96.9549179077, 97.3728790283, 97.802444458, 98.2204055786, 98.6499786377, 99.0795440674, 99.497505188, 99.9154663086, 100.3334198, 100.75138092, 101.169342041, 101.598907471, 102.02848053, 102.44644165, 102.87600708, 103.305580139, 103.72353363, 104.141494751, 104.559455872, 104.977409363, 105.395370483, 105.824943542, 106.254508972, 106.672470093, 107.102035522, 107.519996643, 107.949569702, 108.367523193, 108.715827942, 109.064125061, 109.41242218, 109.760726929, 110.120635986, 110.480545044, 110.852058411, 111.223579407, 111.606712341, 111.989837646, 112.38457489, 112.767707825, 113.15083313, 113.533966064, 113.917098999, 114.288612366, 114.683357239, 115.089706421, 115.496055603, 115.890792847, 116.28553009, 116.680267334, 117.075012207, 117.469749451, 117.864486694, 118.270835876, 118.66557312, 119.060317993, 119.443443298, 119.814964294, 120.1980896, 120.581222534, 120.95274353, 121.324264526, 121.695777893, 122.078910828, 122.462036133, 122.833557129, 123.205078125, 123.576599121, 123.948112488, 124.331245422, 124.714370728, 125.085891724, 125.469024658, 125.852149963, 126.223670959, 126.595191956, 126.978317261, 127.361450195, 127.732971191, 128.116104126, 128.499221802, 128.870742798, 129.242263794, 129.61378479, 129.996917725, 130.3800354, 130.751556396, 131.134689331, 131.517822266, 131.889343262, 132.260864258, 132.632385254, 133.01550293, 133.398635864, 133.77015686, 134.153289795, 134.536407471, 134.907928467, 135.279449463, 135.662582397, 136.034103394, 136.417236328, 136.788757324, 137.160263062, 137.543395996, 137.926528931, 138.298049927, 138.669570923, 139.052688599, 139.435821533, 139.807342529, 140.202087402, 140.596817017, 140.99156189, 141.386306763, 141.781036377, 142.17578125, 142.558914185, 143.02331543, 143.487701416, 143.952102661, 144.428115845, 144.904129028, 145.368530273, 145.844528198, 146.308929443, 146.773330688, 147.237731934, 147.702133179, 148.166534424, 148.642532349, 149.118545532, 149.582946777, 150.047348022, 150.511749268, 150.987747192, 151.463760376, 151.928161621, 152.392562866, 152.86857605, 153.356185913, 153.855422974, 154.354644775, 154.853881836, 155.364715576, 155.863937378, 156.363174438, 156.839187622, 157.315185547, 157.779586792, 158.243988037, 158.720001221, 159.195999146, 159.660400391, 160.124801636, 160.600814819, 161.076828003, 161.541213989, 162.005615234, 162.470016479, 162.934417725, 163.410430908, 163.886444092, 164.350830078, 164.815231323, 165.279632568, 165.744033813, 166.220046997, 166.696044922, 167.160446167, 167.624847412, 168.100860596, 168.576873779, 169.041259766, 169.505661011, 169.970062256, 170.434463501, 170.910476685, 171.386474609, 171.862487793, 172.338500977, 172.791290283, 173.24407959, 173.685256958, 174.103210449, 174.521179199, 174.93913269, 175.35710144, 175.775054932, 176.193008423, 176.610977173, 177.005706787, 177.40045166, 177.806793213, 178.213150024, 178.607894897, 179.01423645, 179.420593262, 179.815322876, 180.221679688, 180.62802124, 181.022766113, 181.417495728, 181.812240601, 182.206985474, 182.613327026, 183.019683838, 183.426025391, 183.820770264, 184.227111816, 184.621856689, 185.028198242, 185.434555054, 185.829299927, 186.224029541, 186.618774414, 187.025115967, 187.431472778, 187.826202393, 188.232559204, 188.638900757, 189.03364563, 189.428390503, 189.823120117, 190.21786499, 190.624221802, 191.030563354, 191.425308228, 191.820037842, 192.226394653, 192.632736206, 193.027481079, 193.422225952, 193.828567505, 194.234924316, 194.629653931, 195.024398804, 195.419128418, 195.825485229, 196.231826782, 196.626571655, 197.032928467, 197.43927002, 197.834014893, 198.240356445, 198.635101318, 199.041442871, 199.436187744, 199.830932617, 200.23727417, 200.643630981, 201.038360596, 201.433105469, 201.827835083, 202.234191895, 202.640533447, 203.03527832, 203.441635132, 203.847976685, 204.242721558, 204.637451172, 205.032196045, 205.438537598, 205.844894409, 206.239639282, 206.634368896, 207.040725708, 207.447067261, 207.841812134, 208.236557007, 208.64289856, 209.049255371, 209.443984985, 209.838729858, 210.245071411, 210.651428223, 211.046157837, 211.452514648, 211.87046814, 212.28843689, 212.706390381, 213.112747192, 213.519088745, 213.925445557, 214.447891235, 214.970336914, 215.481170654, 215.992019653, 216.502853394, 217.025299072, 217.524536133, 218.023757935, 218.522994995, 219.010604858, 219.49822998, 219.985839844, 220.473464966, 220.961090088, 221.448699951, 221.936325073, 222.423934937, 222.911560059, 223.399185181, 223.886795044, 224.374420166, 224.873641968, 225.372879028, 225.860488892, 226.348114014, 226.835739136, 227.323348999, 227.810974121, 228.298583984, 228.786209106, 229.273834229, 229.761444092, 230.249069214, 230.736679077, 231.224304199, 231.711929321, 232.211151123, 232.710388184, 233.197998047, 233.685623169, 234.184844971, 234.684082031, 235.171691895, 235.659317017, 236.14692688, 236.634552002, 237.122177124, 237.609786987, 238.097412109, 238.585037231, 239.072647095, 239.560272217, 240.04788208, 240.547119141, 241.046340942, 241.545578003, 242.044799805, 242.544036865, 243.043258667, 243.542495728, 244.041717529, 244.55255127, 245.05178833, 245.551010132, 246.050247192, 246.549468994, 247.048706055, 247.547927856, 248.047164917, 248.546386719, 249.045623779, 249.544845581, 250.044082642, 250.543304443, 251.042541504, 251.541763306, 252.052597046, 252.551834106, 253.051055908, 253.550292969, 254.049514771, 254.548751831, 255.047973633, 255.547210693, 256.046447754, 256.534057617, 257.02166748, 257.544128418, 258.054962158, 258.577423096, 259.088256836, 259.599090576, 260.121551514, 260.643981934, 261.166442871], "beats_loudness": {"dmean2": 0.0331418029964, "median": 0.0515976250172, "min": 0, "dvar2": 0.00091521278955, "dvar": 0.000332297349814, "dmean": 0.0190912298858, "max": 0.217847898602, "var": 0.00052756187506, "mean": 0.0517728552222}, "danceability": 1.00106489658, "bpm_histogram_second_peak_weight": {"dmean2": 0, "median": 0.115449912846, "min": 0.115449912846, "dvar2": 0, "dvar": 0, "dmean": 0, "max": 0.115449912846, "var": 0, "mean": 0.115449912846}, "beats_count": 590, "bpm_histogram_second_peak_bpm": {"dmean2": 0, "median": 136, "min": 136, "dvar2": 0, "dvar": 0, "dmean": 0, "max": 136, "var": 0, "mean": 136}, "bpm_histogram_first_peak_spread": {"dmean2": 0, "median": 0.465753436089, "min": 0.465753436089, "dvar2": 0, "dvar": 0, "dmean": 0, "max": 0.465753436089, "var": 0, "mean": 0.465753436089}, "beats_loudness_band_ratio": {"dmean2": [0.30990421772, 0.137347325683, 0.10991101712, 0.126037433743, 0.0974499210715, 0.0581599958241], "median": [0.597021996975, 0.0940080285072, 0.0685078427196, 0.0714630335569, 0.0660110265017, 0.0372423231602], "min": [0, 0, 0, 0, 0, 0], "dvar2": [0.0707242265344, 0.0257809963077, 0.0164060406387, 0.0181578155607, 0.0114292483777, 0.00774208456278], "dvar": [0.0239426922053, 0.00871595833451, 0.00592639949173, 0.00694891251624, 0.00414234446362, 0.00292383297347], "dmean": [0.181186631322, 0.0797112733126, 0.0632659345865, 0.0736048594117, 0.0552816279233, 0.0336954221129], "max": [0.979415774345, 0.795661389828, 0.806066036224, 0.768409490585, 0.446901887655, 0.794328689575], "var": [0.0442862696946, 0.0109821977094, 0.00809901487082, 0.00964615307748, 0.00499991606921, 0.00273530255072], "mean": [0.563616156578, 0.123308643699, 0.0920958667994, 0.105426102877, 0.0864602178335, 0.0494215190411]}}, "lowlevel": {"barkbands_spread": {"dmean2": 13.8533983231, "median": 28.8737869263, "min": 0.836805343628, "dvar2": 193.925247192, "dvar": 70.2261047363, "dmean": 8.1097946167, "max": 102.879066467, "var": 141.963363647, "mean": 29.0901107788}, "melbands_spread": {"dmean2": 15.2028741837, "median": 25.3355579376, "min": 0.602782487869, "dvar2": 236.509384155, "dvar": 94.8806533813, "dmean": 9.12227725983, "max": 174.724624634, "var": 349.219421387, "mean": 28.2412662506}, "hfc": {"dmean2": 18.8976650238, "median": 30.6788406372, "min": 1.09495115294e-16, "dvar2": 454.168487549, "dvar": 169.787338257, "dmean": 10.8038682938, "max": 147.164138794, "var": 312.84387207, "mean": 32.1872634888}, "barkbands_kurtosis": {"dmean2": 4.5587849617, "median": 0.713605880737, "min": -1.87392342091, "dvar2": 99.9954833984, "dvar": 38.0398635864, "dmean": 2.70779013634, "max": 163.010955811, "var": 51.2372550964, "mean": 2.57189130783}, "gfcc": {"mean": [30.1556682587, 86.6702575684, -121.33657074, 49.3347892761, -46.9212913513, 16.355512619, -32.6876411438, 11.769818306, -27.5059165955, 3.27849388123, -13.4389429092, 1.08611345291, -10.5939741135], "icov": [[0.000190747596207, -0.000443452736363, 0.000330281851348, -0.000566416012589, 0.000442340417067, -0.000443533412181, 0.00043049317901, -0.000622882973403, 0.000767125631683, -0.000763730611652, 0.000775016495027, -0.000780240166932, 0.000324701512], [-0.000443452736363, 0.00252391886897, -0.000331847346388, 0.00103550730273, -0.00160132860765, 0.00152122403961, -0.00101290619932, 0.00180467369501, -0.00187189644203, 0.00315762055106, -0.00363662606105, 0.00242722360417, -0.00131232058629], [0.000330281851348, -0.000331847346388, 0.00293665309437, -0.00151471060235, -0.00075401016511, -0.000810336612631, 0.000826586619951, -0.0008576164837, 0.00108665868174, -0.000542638183106, 0.00180267367978, -0.00352397817187, 0.00108591013122], [-0.000566416012589, 0.00103550730273, -0.00151471060235, 0.0045831091702, -0.0015963758342, 0.00126860977616, -0.00196806178428, 0.00177974090911, -0.00145504972897, 0.00130361749325, -0.00135518237948, 0.00381680135615, -0.00254655210301], [0.000442340417067, -0.00160132860765, -0.00075401016511, -0.0015963758342, 0.00787085946649, -0.00211929902434, 0.000151304455358, -0.00102684239391, 0.000938019133173, -0.0037404014729, 0.00124944874551, 0.00103483442217, 0.000413979345467], [-0.000443533412181, 0.00152122403961, -0.000810336612631, 0.00126860977616, -0.00211929902434, 0.00812165625393, -0.00240985071287, -0.000892588752322, 0.00237211817876, -1.21285875139e-05, -0.00272335554473, 0.000724557205103, -0.000375462317606], [0.00043049317901, -0.00101290619932, 0.000826586619951, -0.00196806178428, 0.000151304455358, -0.00240985071287, 0.00820269528776, -0.00176167010795, -0.00165265682153, 0.000636466196738, -0.000365862506442, -0.00408605858684, 0.00161108875182], [-0.000622882973403, 0.00180467369501, -0.0008576164837, 0.00177974090911, -0.00102684239391, -0.000892588752322, -0.00176167010795, 0.0117260115221, -0.0052791647613, 0.00040449219523, 0.00161805213429, 0.00236749229953, -0.00288773234934], [0.000767125631683, -0.00187189644203, 0.00108665868174, -0.00145504972897, 0.000938019133173, 0.00237211817876, -0.00165265682153, -0.0052791647613, 0.0176574625075, -0.00956498645246, 0.00390424043871, 0.00168972590473, -0.00269411690533], [-0.000763730611652, 0.00315762055106, -0.000542638183106, 0.00130361749325, -0.0037404014729, -1.21285875139e-05, 0.000636466196738, 0.00040449219523, -0.00956498645246, 0.0217216722667, -0.00861418340355, -0.00420763297006, 0.00655851885676], [0.000775016495027, -0.00363662606105, 0.00180267367978, -0.00135518237948, 0.00124944874551, -0.00272335554473, -0.000365862506442, 0.00161805213429, 0.00390424043871, -0.00861418340355, 0.0199021417648, -0.00698361592367, -0.00422496348619], [-0.000780240166932, 0.00242722360417, -0.00352397817187, 0.00381680135615, 0.00103483442217, 0.000724557205103, -0.00408605858684, 0.00236749229953, 0.00168972590473, -0.00420763297006, -0.00698361592367, 0.0225237924606, -0.0070971949026], [0.000324701512, -0.00131232058629, 0.00108591013122, -0.00254655210301, 0.000413979345467, -0.000375462317606, 0.00161108875182, -0.00288773234934, -0.00269411690533, 0.00655851885676, -0.00422496348619, -0.0070971949026, 0.022536367178]], "cov": [[21888.7011719, 800.841552734, -875.400146484, 932.068725586, -526.062072754, 664.666015625, -433.942779541, 465.930114746, -562.443115234, 236.823760986, -212.436752319, 237.753967285, -110.882118225], [800.841552734, 1236.29870605, -247.132736206, 84.7255706787, 53.5483207703, -165.167572021, 31.485086441, -147.34703064, 15.3586988449, -137.286117554, 136.474060059, -88.5108566284, 96.5680236816], [-875.400146484, -247.132736206, 618.13885498, 86.6113510132, 114.164306641, 78.5582504272, 33.3407821655, 23.1721591949, -8.46766090393, 42.0215530396, -16.8359470367, 72.554725647, -15.5273809433], [932.068725586, 84.7255706787, 86.6113510132, 410.71182251, 57.1832542419, 3.4468588829, 34.015335083, 5.55011510849, 2.04255509377, -10.468993187, -14.1684541702, -29.4923362732, 22.373916626], [-526.062072754, 53.5483207703, 114.164306641, 57.1832542419, 202.836929321, 27.6694431305, 39.0598487854, 0.0316534787416, 24.8488006592, 21.8117618561, 16.7206726074, -10.9509134293, 1.91383612156], [664.666015625, -165.167572021, 78.5582504272, 3.4468588829, 27.6694431305, 233.022293091, 34.7625312805, 51.1196632385, -47.7388801575, 51.4565315247, 11.8239183426, 56.5778770447, -15.7985744476], [-433.942779541, 31.485086441, 33.3407821655, 34.015335083, 39.0598487854, 34.7625312805, 182.642456055, 11.2296543121, 33.7994842529, 9.92211914062, 36.264503479, 25.1819610596, 14.4485149384], [465.930114746, -147.34703064, 23.1721591949, 5.55011510849, 0.0316534787416, 51.1196632385, 11.2296543121, 153.331344604, 29.574420929, 35.4977035522, -41.4159698486, 7.98739099503, -8.13103294373], [-562.443115234, 15.3586988449, -8.46766090393, 2.04255509377, 24.8488006592, -47.7388801575, 33.7994842529, 29.574420929, 117.618217468, 24.1933269501, -2.3304567337, -21.3928642273, 9.6042842865], [236.823760986, -137.286117554, 42.0215530396, -10.468993187, 21.8117618561, 51.4565315247, 9.92211914062, 35.4977035522, 24.1933269501, 112.490188599, 19.0142631531, 44.7623710632, -22.501701355], [-212.436752319, 136.474060059, -16.8359470367, -14.1684541702, 16.7206726074, 11.8239183426, 36.264503479, -41.4159698486, -2.3304567337, 19.0142631531, 116.522407532, 36.7325401306, 29.8090934753], [237.753967285, -88.5108566284, 72.554725647, -29.4923362732, -10.9509134293, 56.5778770447, 25.1819610596, 7.98739099503, -21.3928642273, 44.7623710632, 36.7325401306, 105.252983093, 9.40749835968], [-110.882118225, 96.5680236816, -15.5273809433, 22.373916626, 1.91383612156, -15.7985744476, 14.4485149384, -8.13103294373, 9.6042842865, -22.501701355, 29.8090934753, 9.40749835968, 68.7444152832]]}, "spectral_energyband_middle_low": {"dmean2": 0.00856384541839, "median": 0.0113302115351, "min": 1.401505809e-22, "dvar2": 0.000110167675302, "dvar": 3.90568384319e-05, "dmean": 0.00508272508159, "max": 0.0795146599412, "var": 6.79034637869e-05, "mean": 0.0126015758142}, "melbands_crest": {"dmean2": 8.20628261566, "median": 14.9846868515, "min": 1.53733408451, "dvar2": 47.2171936035, "dvar": 17.0479125977, "dmean": 4.81158161163, "max": 37.7101478577, "var": 29.3167991638, "mean": 15.3506622314}, "spectral_kurtosis": {"dmean2": 2.52416610718, "median": 3.41226768494, "min": -1.26916444302, "dvar2": 7.99794054031, "dvar": 2.69359898567, "dmean": 1.47510242462, "max": 38.2145652771, "var": 4.70380544662, "mean": 3.69368696213}, "spectral_rms": {"dmean2": 0.00199036137201, "median": 0.00667162518948, "min": 3.14186242127e-12, "dvar2": 3.06738616018e-06, "dvar": 1.23732934298e-06, "dmean": 0.0012293534819, "max": 0.0165582764894, "var": 4.45156456408e-06, "mean": 0.00646546203643}, "zerocrossingrate": {"dmean2": 0.0125462245196, "median": 0.0576171875, "min": 0.00634765625, "dvar2": 0.000143327502883, "dvar": 0.000100540390122, "dmean": 0.00952629186213, "max": 0.52783203125, "var": 0.0028297372628, "mean": 0.065940618515}, "silence_rate_60dB": {"dmean2": 0.0173866767436, "median": 0, "min": 0, "dvar2": 0.0201031975448, "dvar": 0.0086177084595, "dmean": 0.00869256723672, "max": 1, "var": 0.0507696345448, "mean": 0.0536585375667}, "erbbands_kurtosis": {"dmean2": 1.42932701111, "median": -0.270325422287, "min": -1.78241121769, "dvar2": 5.08114433289, "dvar": 1.97807061672, "dmean": 0.856932222843, "max": 31.7497444153, "var": 3.14673781395, "mean": 0.103655025363}, "erbbands": {"dmean2": [0.938590586185, 2.4471642971, 9.53639125824, 11.1304101944, 9.73980998993, 18.8230361938, 19.5615196228, 16.9437961578, 21.545545578, 16.0307254791, 20.7173080444, 29.0986824036, 29.2850399017, 28.0936603546, 45.0321769714, 56.2373161316, 40.3123435974, 37.1724472046, 32.1607208252, 26.8135623932, 29.0389480591, 35.5361938477, 35.8494567871, 41.2008361816, 33.734828949, 29.8407497406, 25.265920639, 41.2996139526, 35.0593910217, 6.52654838562, 3.1702144146, 2.21134734154, 1.51712906361, 0.862971961498, 0.387901753187, 0.147837147117, 0.040137950331, 0.00985870417207, 0.000599717081059, 3.84114173357e-05], "median": [0.150967895985, 1.94288218021, 6.83078432083, 7.79453134537, 6.1432595253, 9.70641899109, 10.5299596786, 9.58898830414, 11.7335653305, 7.40876102448, 10.9655809402, 13.9804229736, 14.0427045822, 15.2151794434, 17.3635177612, 25.0683879852, 22.3024196625, 21.9693031311, 21.5382671356, 22.7954883575, 24.4286880493, 35.9613456726, 44.5819854736, 42.2134780884, 29.2657775879, 18.4297332764, 12.7164449692, 11.0208063126, 6.11407756805, 3.50821852684, 2.28105449677, 1.78550744057, 1.37112784386, 0.778615295887, 0.370416015387, 0.117602460086, 0.0234938561916, 0.00367357279174, 0.000125220190967, 6.33689414826e-05], "min": [3.15672630872e-23, 4.08577038426e-22, 2.64650398729e-21, 1.44130647962e-21, 9.13253198154e-21, 3.05468332875e-20, 5.07912257498e-20, 4.60155404884e-20, 1.75091672554e-19, 2.20670978667e-19, 2.16322037822e-19, 2.10238951598e-19, 5.88099669529e-19, 6.33721730539e-19, 1.11415975914e-18, 1.20246004876e-18, 1.68451919626e-18, 1.94025924663e-18, 2.41706889917e-18, 2.5002148196e-18, 3.35919577042e-18, 3.62719898016e-18, 5.50095952299e-18, 4.11730225233e-18, 7.24572828033e-18, 8.58471614355e-18, 9.05566811658e-18, 1.01628220695e-17, 1.22152135064e-17, 1.1352067908e-17, 1.01502257632e-17, 1.0819352013e-17, 1.01874091861e-17, 8.1794530645e-18, 5.63309335404e-18, 3.92803671073e-18, 1.95520619351e-18, 8.9826024259e-19, 2.52875704853e-19, 2.43095667359e-20], "dvar2": [1.13929545879, 8.32990837097, 109.539260864, 207.657165527, 215.372131348, 814.442626953, 778.221740723, 662.808898926, 1125.00219727, 661.868347168, 919.78125, 2851.54492188, 2566.77929688, 1867.93688965, 10856.0976562, 12127.7236328, 5759.31982422, 4343.58544922, 2464.70825195, 2340.23413086, 2931.57226562, 3098.92285156, 1497.75927734, 1999.01611328, 1475.21875, 1310.22412109, 928.292053223, 2924.43530273, 2444.22094727, 70.9194946289, 18.3938732147, 15.5166091919, 9.90309715271, 3.54296875, 0.739724636078, 0.144237399101, 0.00802553724498, 0.000411453365814, 3.44850377587e-06, 1.57806245848e-09], "dvar": [0.439967393875, 3.25693869591, 40.6086349487, 79.1571884155, 79.0878372192, 298.362609863, 286.922363281, 241.856613159, 414.465759277, 245.882446289, 340.091125488, 1068.27001953, 922.369140625, 687.437255859, 3924.06494141, 4456.99414062, 2172.36962891, 1678.91772461, 957.809143066, 879.586486816, 1174.73535156, 1225.72717285, 551.760681152, 728.01739502, 537.771118164, 476.606170654, 347.88671875, 1084.5177002, 901.92755127, 26.6219539642, 7.26266336441, 7.6561293602, 4.75635576248, 1.63512861729, 0.407262206078, 0.069906257093, 0.00373797281645, 0.000182460120413, 1.39928943099e-06, 6.55655307824e-10], "dmean": [0.533669769764, 1.44653809071, 5.60586881638, 6.70858049393, 5.81024217606, 11.3265266418, 11.5913009644, 10.1757974625, 12.9544973373, 9.36972141266, 12.3412857056, 17.1803131104, 17.1784687042, 16.8354568481, 27.2470340729, 34.0082511902, 24.1837825775, 22.6734199524, 19.4685001373, 16.2707386017, 17.6106700897, 21.395116806, 21.2922763824, 23.7163295746, 19.089838028, 16.4542942047, 13.8222942352, 21.9731197357, 18.3977909088, 3.63976049423, 1.84913897514, 1.36029076576, 0.988066017628, 0.577567219734, 0.266901344061, 0.100072592497, 0.0266543831676, 0.00616577779874, 0.000361265614629, 2.38434658968e-05], "max": [5.45879411697, 52.9822921753, 78.4347076416, 150.558044434, 130.973007202, 230.274597168, 192.230606079, 266.810699463, 467.664093018, 260.473144531, 335.699920654, 709.115783691, 434.540893555, 428.51574707, 1329.27282715, 1453.28527832, 1056.49865723, 924.394897461, 621.901428223, 1459.92785645, 1541.91772461, 1223.61254883, 378.377655029, 404.046630859, 252.821105957, 215.74710083, 295.913330078, 326.814239502, 296.037750244, 84.9361343384, 67.9141769409, 138.620925903, 54.4870414734, 43.3419494629, 26.6432571411, 12.4223022461, 2.06852602959, 0.507694602013, 0.0550055094063, 0.000866442394909], "var": [0.408076405525, 5.15460062027, 68.9021530151, 142.618942261, 121.79296875, 424.140838623, 389.236938477, 529.388366699, 681.98236084, 483.153381348, 540.564453125, 1639.72509766, 1401.66540527, 1491.83862305, 9413.73828125, 12243.2216797, 4780.36914062, 3903.68823242, 2390.30126953, 1719.62854004, 2704.05493164, 2742.671875, 1298.69421387, 1205.90673828, 687.360900879, 459.789459229, 338.925170898, 778.74786377, 598.713989258, 35.5885047913, 15.8993864059, 20.1841011047, 12.2944345474, 4.13872146606, 1.26810312271, 0.181594267488, 0.0113125368953, 0.000470676808618, 2.0659740585e-06, 1.51161549944e-09], "mean": [0.455170154572, 2.34231162071, 8.87993240356, 11.0353126526, 9.2288236618, 16.5189151764, 17.0077095032, 17.1739559174, 20.554479599, 14.766084671, 18.7284927368, 26.1404304504, 26.4308319092, 28.7997055054, 50.2817459106, 65.6380233765, 46.1774330139, 43.7909317017, 39.086769104, 34.3400230408, 38.0030975342, 47.7791366577, 49.3381614685, 46.8642311096, 33.8003616333, 23.6292514801, 18.0469932556, 20.83943367, 14.9934434891, 5.32426452637, 3.45461821556, 2.82473826408, 2.22834539413, 1.30063700676, 0.648119866848, 0.234677568078, 0.0581933110952, 0.0107191819698, 0.000478687958093, 6.72862079227e-05]}, "spectral_strongpeak": {"dmean2": 0.57812666893, "median": 0.306899309158, "min": 0, "dvar2": 0.813126385212, "dvar": 0.301348775625, "dmean": 0.331799268723, "max": 12.3988847733, "var": 0.302274167538, "mean": 0.451276451349}, "spectral_energy": {"dmean2": 0.0293567385525, "median": 0.0456233471632, "min": 1.01180813307e-20, "dvar2": 0.000741791795008, "dvar": 0.000296343583614, "dmean": 0.0178436860442, "max": 0.281030923128, "var": 0.000590127601754, "mean": 0.0474102087319}, "average_loudness": 0.957924902439, "spectral_rolloff": {"dmean2": 1098.89196777, "median": 1313.52539062, "min": 21.533203125, "dvar2": 1776818, "dvar": 690737.4375, "dmean": 635.033569336, "max": 19789.0136719, "var": 4498842.5, "mean": 1719.4309082}, "spectral_centroid": {"dmean2": 629.617614746, "median": 1770.94104004, "min": 177.715423584, "dvar2": 345819.4375, "dvar": 135394.828125, "dmean": 375.664550781, "max": 11827.1933594, "var": 1176721.625, "mean": 1854.48022461}, "pitch_salience": {"dmean2": 0.153671592474, "median": 0.605885624886, "min": 0.0508061461151, "dvar2": 0.016267888248, "dvar": 0.00573047529906, "dmean": 0.0907285585999, "max": 0.961946666241, "var": 0.0111264726147, "mean": 0.595432937145}, "spectral_energyband_middle_high": {"dmean2": 0.00419880868867, "median": 0.00814939662814, "min": 1.20231752166e-21, "dvar2": 2.13558178075e-05, "dvar": 8.30630142445e-06, "dmean": 0.0025847684592, "max": 0.0562283098698, "var": 3.89747510781e-05, "mean": 0.00924646109343}, "spectral_contrast_coeffs": {"dmean2": [0.0966427400708, 0.0862106084824, 0.0660712718964, 0.0484514161944, 0.0353350527585, 0.0713592320681], "median": [-0.659355938435, -0.759891867638, -0.799362659454, -0.807457089424, -0.787899792194, -0.742136359215], "min": [-0.985364079475, -0.984637498856, -0.978775262833, -0.969770848751, -0.966890752316, -0.963986933231], "dvar2": [0.00578417954966, 0.0045192479156, 0.00271137151867, 0.00144158129115, 0.000827938609291, 0.0043108323589], "dvar": [0.00209991377778, 0.00162504473701, 0.000977331888862, 0.000533982180059, 0.000303648441331, 0.00165123050101], "dmean": [0.0581513009965, 0.0513814464211, 0.0392791926861, 0.0289040356874, 0.0209626872092, 0.040998890996], "max": [-0.261615484953, -0.447891891003, -0.539652168751, -0.583894789219, -0.588723123074, -0.537345588207], "var": [0.00650570821017, 0.0048777689226, 0.00310940761119, 0.00185651401989, 0.00113058649004, 0.00276714703068], "mean": [-0.659461379051, -0.75507491827, -0.79431951046, -0.803783714771, -0.789975404739, -0.733053445816]}, "melbands_skewness": {"dmean2": 1.4311068058, "median": 2.6217508316, "min": -1.54665863514, "dvar2": 2.46807003021, "dvar": 0.968400657177, "dmean": 0.890347361565, "max": 27.731546402, "var": 2.9950363636, "mean": 2.89279198647}, "spectral_spread": {"dmean2": 629672.125, "median": 4169969, "min": 1161560.75, "dvar2": 677007917056, "dvar": 319776194560, "dmean": 408013.90625, "max": 42456644, "var": 13670398558200.0, "mean": 4565498.5}, "dissonance": {"dmean2": 0.0161114614457, "median": 0.487243741751, "min": 0.189805731177, "dvar2": 0.000269837735686, "dvar": 0.000109696549771, "dmean": 0.00951826851815, "max": 0.500000059605, "var": 0.000290616211714, "mean": 0.483645945787}, "spectral_skewness": {"dmean2": 0.503893792629, "median": 1.29738938808, "min": -0.427192091942, "dvar2": 0.232014611363, "dvar": 0.0850777104497, "dmean": 0.29056429863, "max": 4.66874170303, "var": 0.159311443567, "mean": 1.2818390131}, "spectral_flux": {"dmean2": 0.0541464500129, "median": 0.131574958563, "min": 6.43776004727e-11, "dvar2": 0.00223060208373, "dvar": 0.000965410494246, "dmean": 0.033125795424, "max": 0.462996214628, "var": 0.00254868227057, "mean": 0.129829913378}, "spectral_contrast_valleys": {"dmean2": [0.720939993858, 0.646853268147, 0.509324491024, 0.405679106712, 0.4350476861, 0.389220923185], "median": [-6.32857465744, -6.36746358871, -6.62061357498, -6.80242347717, -6.52330970764, -9.40074634552], "min": [-28.1195678711, -27.9806690216, -27.7501144409, -27.7980194092, -27.4838943481, -27.3792800903], "dvar2": [0.368548750877, 0.297898709774, 0.188186571002, 0.128687232733, 0.179850399494, 0.174260735512], "dvar": [0.152181476355, 0.119565546513, 0.0817522108555, 0.0583659335971, 0.0769295915961, 0.0809107869864], "dmean": [0.440528303385, 0.388881117105, 0.316500663757, 0.249440819025, 0.261589884758, 0.251752734184], "max": [-4.91211748123, -4.61248159409, -5.03198337555, -5.49982452393, -5.44984388351, -7.75871324539], "var": [5.58518314362, 5.05244112015, 4.95213651657, 4.76586055756, 4.84572029114, 4.18483972549], "mean": [-6.84269285202, -6.71833229065, -6.96397542953, -7.14570903778, -6.92322349548, -9.84441280365]}, "erbbands_flatness_db": {"dmean2": 0.022311149165, "median": 0.130377784371, "min": 0.0505143404007, "dvar2": 0.00045567646157, "dvar": 0.000203207979212, "dmean": 0.0143826929852, "max": 0.345274358988, "var": 0.00138458772562, "mean": 0.138008907437}, "spectral_energyband_high": {"dmean2": 0.00206026691012, "median": 0.000982792116702, "min": 7.24081596486e-21, "dvar2": 7.17479997547e-06, "dvar": 2.67518385044e-06, "dmean": 0.00111674517393, "max": 0.0169197209179, "var": 2.53252051152e-06, "mean": 0.00148435484152}, "spectral_entropy": {"dmean2": 0.201228961349, "median": 7.89992523193, "min": 6.06062984467, "dvar2": 0.0357252247632, "dvar": 0.0152421994135, "dmean": 0.126982554793, "max": 9.82161331177, "var": 0.109464839101, "mean": 7.87068462372}, "silence_rate_20dB": {"dmean2": 0, "median": 1, "min": 1, "dvar2": 0, "dvar": 0, "dmean": 0, "max": 1, "var": 0, "mean": 1}, "melbands_flatness_db": {"dmean2": 0.0514353550971, "median": 0.173022121191, "min": 0.00246245693415, "dvar2": 0.00191215402447, "dvar": 0.000751248328015, "dmean": 0.0311479177326, "max": 0.471189677715, "var": 0.00312308594584, "mean": 0.178849637508}, "barkbands": {"dmean2": [0.00708115426823, 0.0165509041399, 0.00940123014152, 0.00361152202822, 0.00452774344012, 0.0018976489082, 0.00136167567689, 0.000839237472974, 0.00130175554659, 0.000904183078092, 0.000987355830148, 0.00149462511763, 0.000939766294323, 0.000770201499108, 0.000582990527619, 0.000526410003658, 0.000661835656501, 0.000644246523734, 0.000733321125153, 0.00066310580587, 0.000897289253771, 0.00083415658446, 0.000114713722724, 8.96418641787e-05, 6.03672560828e-05, 2.54115857388e-05, 4.53147640656e-06], "median": [0.00080710533075, 0.00847386941314, 0.0061609596014, 0.00185694824904, 0.00301564391702, 0.00119698559865, 0.000653042108752, 0.000401384284487, 0.000625671236776, 0.00038771823165, 0.000342172192177, 0.000577959464863, 0.000435033551184, 0.000417854753323, 0.000414962531067, 0.000388884654967, 0.000618844176643, 0.000789276731666, 0.000706279592123, 0.000381333753467, 0.000319082435453, 0.000158278373419, 8.299