{"tonal": {"thpcp": [1, 0.467106312513, 0.284143269062, 0.394896388054, 0.200397402048, 0.0792034417391, 0.109126113355, 0.096636146307, 0.244086012244, 0.404498100281, 0.239493638277, 0.143916383386, 0.241483151913, 0.219330027699, 0.530758678913, 0.814413011074, 0.403920501471, 0.0633681714535, 0.0568207725883, 0.0431455112994, 0.149626806378, 0.310799330473, 0.235338747501, 0.317806005478, 0.495665878057, 0.258244335651, 0.0578401573002, 0.0864871740341, 0.118113711476, 0.361334949732, 0.535925447941, 0.273732036352, 0.0735855922103, 0.1157553792, 0.165410295129, 0.691064894199], "hpcp": {"dmean2": [0.070290081203, 0.0698082372546, 0.0759722515941, 0.0813018903136, 0.0577210895717, 0.0230079554021, 0.0267837774009, 0.0410460680723, 0.077625580132, 0.0857786685228, 0.0714371725917, 0.0349978394806, 0.0379317887127, 0.0544932894409, 0.109376586974, 0.124945089221, 0.104278661311, 0.073930375278, 0.0731498524547, 0.0521057620645, 0.0290329232812, 0.0309918988496, 0.038116812706, 0.0579553991556, 0.067065730691, 0.0599240325391, 0.0444424748421, 0.0551613010466, 0.0710657089949, 0.114741049707, 0.10681014508, 0.0888004824519, 0.0320895947516, 0.0186244342476, 0.0190472621471, 0.04365555197], "median": [0.0171659402549, 0.0149897839874, 0.0193979479373, 0.0191854722798, 0.0107477912679, 0.0037305499427, 0.00239094696008, 0.00417567882687, 0.0116989761591, 0.0126146283001, 0.00807361397892, 0.00444309879094, 0.00228756363504, 0.00621570460498, 0.0646649301052, 0.113296940923, 0.0673008561134, 0.0035902489908, 0.00139712542295, 0.00184170645662, 0.00330461817794, 0.00318671297282, 0.00385976629332, 0.00685303658247, 0.0074515058659, 0.00725937215611, 0.00615644780919, 0.00337263662368, 0.00924267992377, 0.048838108778, 0.0587452948093, 0.0281474851072, 0.00244180182926, 0.000899371574633, 0.00112248281948, 0.0100631602108], "min": [0, 0, 0, 0, 0, 0, 0, 0, 0, 0, 0, 0, 0, 0, 0, 0, 0, 0, 0, 0, 0, 0, 0, 0, 0, 0, 0, 0, 0, 0, 0, 0, 0, 0, 0, 0], "dvar2": [0.0244134571403, 0.0268230494112, 0.0260135997087, 0.0314261466265, 0.0164839178324, 0.00445231376216, 0.00979670044035, 0.0174755137414, 0.0308697950095, 0.0370544530451, 0.0269030686468, 0.0107940426096, 0.0149143915623, 0.0178091712296, 0.0354354828596, 0.0475608557463, 0.033874258399, 0.0341643802822, 0.0439884103835, 0.0204546712339, 0.00876974407583, 0.00993515178561, 0.0145856747404, 0.0238178521395, 0.0291696544737, 0.0226965676993, 0.014233674854, 0.0240403153002, 0.0282984115183, 0.0423555970192, 0.0409049540758, 0.03298509866, 0.0125906653702, 0.00686187623069, 0.00491492263973, 0.0124957347289], "dvar": [0.0126884263009, 0.010894337669, 0.010243602097, 0.0151951555163, 0.0071006375365, 0.00168827339076, 0.0042676338926, 0.00656585255638, 0.0126440208405, 0.0183953382075, 0.0111648673192, 0.00403175177053, 0.00617482885718, 0.00695463363081, 0.0151591105387, 0.0227715764195, 0.0136599093676, 0.013720552437, 0.0194552596658, 0.00901937112212, 0.00334194675088, 0.00428831297904, 0.00553799560294, 0.00963751785457, 0.0132095729932, 0.00916183087975, 0.00568141462281, 0.0102054579183, 0.0116353658959, 0.0165574047714, 0.0204055309296, 0.012810123153, 0.00444691907614, 0.00284118764102, 0.00180664006621, 0.00506679201499], "dmean": [0.0473019890487, 0.0443557612598, 0.0480968691409, 0.0535214878619, 0.0375105962157, 0.0140898544341, 0.0170581899583, 0.024926463142, 0.0493419580162, 0.0563529580832, 0.0449217967689, 0.0210794582963, 0.0231821164489, 0.0326107256114, 0.0709267035127, 0.0810130536556, 0.0667363107204, 0.0462387278676, 0.0441956333816, 0.0333585999906, 0.0177358686924, 0.0197874978185, 0.0232577864081, 0.0367309376597, 0.0436855778098, 0.0377120450139, 0.0281815938652, 0.0353297889233, 0.0437048748136, 0.0725124850869, 0.0723246634007, 0.0568400621414, 0.018730359152, 0.011282174848, 0.0110109932721, 0.0281044878066], "max": [1, 1, 1, 1, 1, 0.681869149208, 1, 1, 1, 1, 1, 1, 1, 1, 1, 1, 1, 1, 1, 1, 1, 1, 1, 1, 1, 1, 1, 1, 1, 1, 1, 1, 1, 1, 0.946584284306, 1], "var": [0.0536144971848, 0.0294618159533, 0.0383699834347, 0.095502845943, 0.0301313791424, 0.00280235824175, 0.0126968752593, 0.0166894830763, 0.0578646585345, 0.111417889595, 0.0361033640802, 0.00447174115106, 0.0189949031919, 0.0212064627558, 0.0945388302207, 0.164148375392, 0.0418694503605, 0.0493370592594, 0.0977548658848, 0.0303985737264, 0.00861943140626, 0.0169347450137, 0.00953778810799, 0.0370755158365, 0.0843105986714, 0.032890509814, 0.0157425478101, 0.0471442937851, 0.0317116081715, 0.0665618255734, 0.144981175661, 0.0458842329681, 0.00538735557348, 0.00989103782922, 0.00428132573143, 0.0134924221784], "mean": [0.108571901917, 0.0822111666203, 0.111019551754, 0.173151552677, 0.0902127996087, 0.0202053710818, 0.030212668702, 0.041260804981, 0.126225575805, 0.187215477228, 0.0956231355667, 0.0257057435811, 0.0404369644821, 0.0577829778194, 0.241410523653, 0.349331200123, 0.163174808025, 0.0992601141334, 0.137949630618, 0.0700050666928, 0.0276682320982, 0.0381211563945, 0.0337580218911, 0.0852668583393, 0.141303807497, 0.0836625993252, 0.0502744838595, 0.0843575969338, 0.0766188204288, 0.185410574079, 0.284499883652, 0.141102030873, 0.0221364796162, 0.0198492687196, 0.0150720728561, 0.0522693097591]}, "tuning_equal_tempered_deviation": 0.00920160487294, "chords_changes_rate": 0.0492813140154, "key_key": "G", "tuning_diatonic_strength": 0.527769625187, "key_scale": "minor", "chords_number_rate": 0.00256673502736, "tuning_frequency": 442.548919678, "tuning_nontempered_energy_ratio": 0.620515108109, "chords_histogram": [27.0876121521, 12.9876794815, 3.2340862751, 4.63723468781, 2.24161529541, 4.34633827209, 0.4791238904, 4.82546186447, 1.45448327065, 11.8069810867, 1.84804928303, 0.0342231355608, 0, 0, 0, 0.273785084486, 1.7967145443, 0.2395619452, 0, 0.205338805914, 2.36139631271, 1.74537992477, 9.37713909149, 9.01779556274], "key_strength": 0.798326730728, "chords_key": "G", "chords_strength": {"dmean2": 0.00501618534327, "median": 0.49477019906, "min": 0.217378661036, "dvar2": 3.04616714857e-05, "dvar": 4.99798516103e-05, "dmean": 0.00850848667324, "max": 0.745981574059, "var": 0.00866312626749, "mean": 0.500798404217}, "chords_scale": "minor", "hpcp_entropy": {"dmean2": 0.713344037533, "median": 1.15659546852, "min": 0, "dvar2": 0.465552568436, "dvar": 0.191859290004, "dmean": 0.436001032591, "max": 3.86504745483, "var": 0.523899078369, "mean": 1.19673466682}}, "metadata": {"audio_properties": {"equal_loudness": 0, "codec": "mp3", "downmix": "mix", "sample_rate": 44100, "analysis_sample_rate": 44100, "bit_rate": 298646, "md5_encoded": "7531eef6b75c876244c85e5fe644323c", "length": 271.307769775, "replay_gain": -1.17317581177, "lossless": false}, "version": {"essentia_build_sha": "70f2e5ece6736b2c40cc944ad0e695b16b925413", "essentia": "2.1-beta2", "extractor": "music 1.0", "essentia_git_sha": "v2.1_beta2"}, "tags": {"title": ["Sinfonia Concertata in C minor: III. Larghetto"], "barcode": ["743625116922"], "media": ["CD"], "albumartist": ["Leonardo Leo; Josephine Knight, English Chamber Orchestra"], "musicbrainz_recordingid": ["13d82337-1894-4e9b-8253-ba53d8ce37c6"], "musicbrainz_albumartistid": ["5afca891-8965-4cf6-a9c2-f0cc7d3c64a3", "4d049404-a4a7-4df9-9b6a-ffcd8a78f3bc", "8c936585-f1e5-4729-9402-98f319d265b0"], "discnumber": ["2/2"], "album": ["The 6 Cello Concertos"], "catalognumber": ["CD DCA 1169"], "musicbrainz album release country": ["GB"], "musicbrainz album type": ["album"], "musicbrainz album status": ["official"], "date": ["2006"], "file_name": "07 - Josephine Knight, English Chamber Orchestra - Sinfonia Concertata in C minor: III. Larghetto.mp3", "musicbrainz_releasegroupid": ["d4adedb9-131d-4cb7-8174-6ea536d4a559"], "script": ["Latn"], "originaldate": ["2006"], "musicbrainz_albumid": ["fdfc0cbd-15bc-4a79-9fcf-b94ce48adf32"], "artist": ["Josephine Knight, English Chamber Orchestra"], "artistsort": ["Knight, Josephine, English Chamber Orchestra"], "tracknumber": ["7/12"], "label": ["ASV"], "albumartistsort": ["Leo, Leonardo; Knight, Josephine, English Chamber Orchestra"], "musicbrainz_artistid": ["4d049404-a4a7-4df9-9b6a-ffcd8a78f3bc", "8c936585-f1e5-4729-9402-98f319d265b0"]}}, "rhythm": {"bpm_histogram_first_peak_bpm": {"dmean2": 0, "median": 178, "min": 178, "dvar2": 0, "dvar": 0, "dmean": 0, "max": 178, "var": 0, "mean": 178}, "bpm": 178.206115723, "bpm_histogram_second_peak_spread": {"dmean2": 0, "median": 0, "min": 0, "dvar2": 0, "dvar": 0, "dmean": 0, "max": 0, "var": 0, "mean": 0}, "bpm_histogram_first_peak_weight": {"dmean2": 0, "median": 0.0707964599133, "min": 0.0707964599133, "dvar2": 0, "dvar": 0, "dmean": 0, "max": 0.0707964599133, "var": 0, "mean": 0.0707964599133}, "onset_rate": 1.50741636753, "beats_position": [0.49922901392, 1.02167797089, 1.54412698746, 2.06657600403, 2.57741498947, 3.11147379875, 3.64553284645, 4.17959165573, 4.71365070343, 5.25931978226, 5.80498838425, 6.33904743195, 6.87310647964, 7.40716552734, 7.89478445053, 8.38240337372, 8.87002277374, 9.38086128235, 9.89170074463, 10.379319191, 10.866938591, 11.3661680222, 11.8653964996, 12.3646259308, 12.8638544083, 13.3514738083, 13.8390922546, 14.3383216858, 14.8375511169, 15.3367795944, 15.8360090256, 16.3468475342, 16.8460769653, 17.3569164276, 17.8793640137, 18.4018135071, 18.9242630005, 19.4467124939, 19.96916008, 20.4916095734, 21.0140590668, 21.5248966217, 22.035736084, 22.6278457642, 23.219953537, 23.7772331238, 24.3229026794, 24.8801803589, 25.4258499146, 25.9715194702, 26.5287971497, 27.0744667053, 27.6317462921, 28.1658039093, 28.711473465, 29.2571430206, 29.8028106689, 30.3484802246, 30.8941497803, 31.4165973663, 31.9390468597, 32.4731063843, 33.0187759399, 33.5412254333, 34.0752830505, 34.6093406677, 35.1434020996, 35.6774597168, 36.211517334, 36.7455787659, 37.2215881348, 37.6975975037, 38.1736030579, 38.638004303, 39.1024017334, 39.5784111023, 40.0428123474, 40.5072097778, 40.9832191467, 41.4592285156, 41.9700660706, 42.492515564, 43.0033569336, 43.50258255, 44.0018119812, 44.5010414124, 45.0583229065, 45.6156005859, 46.1612701416, 46.7069396973, 47.2526054382, 47.7866668701, 48.3207244873, 48.8547821045, 49.3772315979, 49.9112930298, 50.4337387085, 50.8749198914, 51.327709198, 51.7804985046, 52.2216758728, 52.6628570557, 53.1040344238, 53.5452156067, 53.9863929749, 54.4275741577, 54.8803634644, 55.2634925842, 55.6582298279, 56.0413589478, 56.4244880676, 56.761177063, 57.0978660583, 57.4345550537, 57.7712478638, 58.1195449829, 58.4562339783, 58.8045349121, 59.1528320312, 59.4895210266, 59.8262138367, 60.1745109558, 60.5111999512, 60.8478889465, 61.2077980042, 61.5677070618, 61.9276161194, 62.2759170532, 62.6358261108, 63.0073471069, 63.3672561646, 63.7387733459, 64.0870742798, 64.4353713989, 64.772064209, 65.1087493896, 65.4454421997, 65.7821273804, 66.1304321289, 66.478729248, 66.8734664917, 67.2449874878, 67.6281204224, 68.0112457275, 68.3827667236, 68.7658920288, 69.1490249634, 69.5321502686, 69.9036712646, 70.2868041992, 70.6583175659, 71.0414505005, 71.4477996826, 71.8425369263, 72.2488861084, 72.6552352905, 73.0499725342, 73.4447174072, 73.8510665894, 74.2690200806, 74.6753692627, 75.0817184448, 75.488067627, 75.9060287476, 76.3356018066, 76.7651672363, 77.276008606, 77.7984542847, 78.2976837158, 78.7736968994, 79.2497024536, 79.7257156372, 80.2017211914, 80.6661224365, 81.1305236816, 81.5949172974, 82.0593185425, 82.5237197876, 82.9881134033, 83.4525146484, 83.9169158936, 84.3813171387, 84.8573226929, 85.321723938, 85.7977294922, 86.2621307373, 86.7265319824, 87.1909255981, 87.6553268433, 88.0616760254, 88.4680252075, 88.8743743896, 89.2807235718, 89.6986846924, 90.116645813, 90.5229949951, 90.9293441772, 91.3356933594, 91.7420425415, 92.1483917236, 92.5547409058, 92.9494781494, 93.3558273315, 93.8898849487, 94.4239425659, 94.9580001831, 95.5152816772, 96.0841674805, 96.6414489746, 97.1987304688, 97.767616272, 98.3365097046, 98.8937835693, 99.4510650635, 100.031562805, 100.612060547, 101.122901917, 101.633743286, 102.144577026, 102.713470459, 103.282356262, 103.862854004, 104.478187561, 105.093513489, 105.708839417, 106.324172974, 106.939498901, 107.554824829, 108.181770325, 108.785484314, 109.389205933, 110.074195862, 110.747573853, 111.420951843, 112.059501648, 112.698051453, 113.324989319, 113.963539124, 114.59047699, 115.217414856, 115.844352722, 116.378410339, 116.924079895, 117.481361389, 118.027030945, 118.572692871, 119.118362427, 119.664031982, 120.209701538, 120.755371094, 121.312652588, 121.939590454, 122.56652832, 123.193466187, 123.820404053, 124.447341919, 125.085891724, 125.724441528, 126.432647705, 127.140861511, 127.802627563, 128.441177368, 129.079727173, 129.625396729, 130.171066284, 130.71673584, 131.262405396, 131.808074951, 132.353744507, 132.911010742, 133.445083618, 133.979141235, 134.513198853, 135.04725647, 135.500045776, 135.952835083, 136.417236328, 136.765533447, 137.125442505, 137.473739624, 137.833648682, 138.193557739, 138.541854858, 138.890151978, 139.238449097, 139.586761475, 139.946670532, 140.30657959, 140.666488647, 141.003173828, 141.339859009, 141.676544189, 142.013244629, 142.34992981, 142.68661499, 143.034912109, 143.383224487, 143.731521606, 144.079818726, 144.428115845, 144.764801025, 145.101501465, 145.449798584, 145.809707642, 146.169616699, 146.529525757, 146.889434814, 147.260955811, 147.620864868, 147.992385864, 148.363891602, 148.712203979, 149.04888916, 149.385574341, 149.722259521, 150.093780518, 150.465301514, 150.83682251, 151.196731567, 151.556640625, 151.93977356, 152.334503174, 152.717636108, 153.089157104, 153.460678101, 153.832199097, 154.203720093, 154.679718018, 155.155731201, 155.631744385, 156.09614563, 156.560546875, 157.0365448, 157.524169922, 158.000183105, 158.464584351, 158.940582275, 159.416595459, 159.880996704, 160.345397949, 160.856231689, 161.36706543, 161.982406616, 162.574508667, 163.178222656, 163.793563843, 164.397277832, 165.000991821, 165.604721069, 166.208435059, 166.88180542, 167.55519104, 168.216964722, 168.878723145, 169.517272949, 170.155822754, 170.794372559, 171.432922363, 172.059860229, 172.675186157, 173.302124023, 173.871017456, 174.439910889, 175.020401001, 175.519638062, 176.018859863, 176.529708862, 177.040542603, 177.539764404, 178.027389526, 178.619491577, 179.211608887, 179.803710938, 180.395828247, 180.987930298, 181.568435669, 182.148925781, 182.729431152, 183.228652954, 183.716278076, 184.227111816, 184.737960815, 185.248794556, 185.759628296, 186.270477295, 186.781311035, 187.303756714, 187.826202393, 188.337051392, 188.894332886, 189.451599121, 189.997268677, 190.566162109, 191.135055542, 191.703948975, 192.26121521, 192.795272827, 193.352554321, 193.898223877, 194.432281494, 194.954742432, 195.488800049, 196.022857666, 196.522079468, 197.032928467, 197.543762207, 198.066207886, 198.577041626, 199.099502563, 199.621948242, 200.144393921, 200.655227661, 201.177688599, 201.711746216, 202.210968018, 202.710205078, 203.221038818, 203.673828125, 204.13822937, 204.591018677, 205.032196045, 205.473373413, 205.902938843, 206.344116211, 206.796905518, 207.249694824, 207.702484131, 208.143676758, 208.608062744, 209.084075928, 209.65296936, 210.221862793, 210.790740967, 211.371246338, 211.95173645, 212.532241821, 213.112747192, 213.693237305, 214.296951294, 214.900680542, 215.527618408, 216.154556274, 216.781494141, 217.431655884, 218.081817627, 218.697143555, 219.312469482, 219.916183472, 220.577957153, 221.239730835, 221.855056763, 222.47038269, 222.981216431, 223.49206543, 223.991287231, 224.467300415, 224.93170166, 225.407699585, 225.883712769, 226.348114014, 226.812515259, 227.276916504, 227.741317749, 228.205703735, 228.681716919, 229.238998413, 229.796279907, 230.36517334, 230.934051514, 231.514556885, 232.095046997, 232.66394043, 233.232833862, 233.801712036, 234.370605469, 234.927886963, 235.496780396, 236.05406189, 236.611328125, 237.180221558, 237.74911499, 238.329605103, 238.898498535, 239.455780029, 240.001449585, 240.547119141, 241.104400635, 241.66166687, 242.218948364, 242.694961548, 243.18258667, 243.670196533, 244.041717529, 244.401626587, 244.761535645, 245.133056641, 245.492965698, 245.852874756, 246.212783813, 246.572692871, 246.92098999, 247.269287109, 247.640808105, 248.000717163, 248.349014282, 248.685714722, 249.022399902, 249.359085083, 249.695770264, 250.032470703, 250.357543945, 250.682632446, 251.007705688, 251.332778931, 251.657867432, 251.994552612, 252.319625854, 252.644714355, 252.969787598, 253.294876099, 253.619949341, 253.945022583, 254.270111084, 254.595184326, 254.931884766, 255.256958008, 255.58203125, 255.918731689, 256.255401611, 256.603729248, 256.952026367, 257.300323486, 257.648620605, 257.996917725, 258.356811523, 258.71673584, 259.065032959, 259.413330078, 259.761627197, 260.109924316, 260.458221436, 260.794921875, 261.131591797, 261.479919434, 261.816589355, 262.153289795, 262.478363037, 262.803436279, 263.128509521, 263.465209961, 263.8019104, 264.138580322, 264.521728516, 264.904846191, 265.276367188, 265.647888184, 266.10067749, 266.553466797, 266.994628906, 267.505493164, 268.004699707, 268.515563965, 269.014770508, 269.514007568, 270.024841309, 270.524078369], "beats_loudness": {"dmean2": 0.0378979556262, "median": 0.0131917949766, "min": 1.01559180621e-06, "dvar2": 0.00229899026453, "dvar": 0.000784329371527, "dmean": 0.0213345475495, "max": 0.209158211946, "var": 0.000746542471461, "mean": 0.0221587531269}, "danceability": 0.854078412056, "bpm_histogram_second_peak_weight": {"dmean2": 0, "median": 0.0637168139219, "min": 0.0637168139219, "dvar2": 0, "dvar": 0, "dmean": 0, "max": 0.0637168139219, "var": 0, "mean": 0.0637168139219}, "beats_count": 566, "bpm_histogram_second_peak_bpm": {"dmean2": 0, "median": 172, "min": 172, "dvar2": 0, "dvar": 0, "dmean": 0, "max": 172, "var": 0, "mean": 172}, "bpm_histogram_first_peak_spread": {"dmean2": 0, "median": 0, "min": 0, "dvar2": 0, "dvar": 0, "dmean": 0, "max": 0, "var": 0, "mean": 0}, "beats_loudness_band_ratio": {"dmean2": [0.304559588432, 0.356292039156, 0.309359997511, 0.176589593291, 0.0629879012704, 0.0157243739814], "median": [0.142138198018, 0.358225762844, 0.225604474545, 0.0959947556257, 0.024348674342, 0.00384593848139], "min": [0.000103487975139, 0.000256392231677, 0.000380291545298, 0.00152529601473, 0.000391443900298, 2.33443206525e-05], "dvar2": [0.079374730587, 0.0699362009764, 0.0712270215154, 0.028969720006, 0.00612188410014, 0.000948463683017], "dvar": [0.0307165570557, 0.0279846470803, 0.0278235077858, 0.011192953214, 0.00210101134144, 0.000353003735654], "dmean": [0.175223991275, 0.207762822509, 0.181624010205, 0.101851858199, 0.036145620048, 0.00883295945823], "max": [0.940441727638, 0.9834613204, 0.961121320724, 0.775905072689, 0.383721441031, 0.215745687485], "var": [0.0597620718181, 0.0631865262985, 0.0430612005293, 0.0142027325928, 0.00213722931221, 0.000253323465586], "mean": [0.243935003877, 0.38114374876, 0.272675126791, 0.126740664244, 0.0397646650672, 0.00839868281037]}}, "lowlevel": {"barkbands_spread": {"dmean2": 2.74855303764, "median": 9.16453170776, "min": 0.400234907866, "dvar2": 20.5670032501, "dvar": 7.77985811234, "dmean": 1.89235079288, "max": 98.1186676025, "var": 42.1532478333, "mean": 10.3571176529}, "melbands_spread": {"dmean2": 3.3680267334, "median": 10.8913784027, "min": 0.411095559597, "dvar2": 20.3816738129, "dvar": 10.6154766083, "dmean": 2.35841846466, "max": 155.336105347, "var": 53.1597480774, "mean": 12.2361249924}, "hfc": {"dmean2": 2.01069235802, "median": 5.60449123383, "min": 1.14986919581e-16, "dvar2": 13.3372507095, "dvar": 8.64312267303, "dmean": 1.6941870451, "max": 109.084686279, "var": 117.434608459, "mean": 9.15184783936}, "barkbands_kurtosis": {"dmean2": 3.13299798965, "median": 3.03399062157, "min": -1.57324671745, "dvar2": 44.4034309387, "dvar": 16.3605537415, "dmean": 2.13485860825, "max": 262.864868164, "var": 113.662620544, "mean": 5.57676124573}, "gfcc": {"mean": [-102.449607849, 139.588180542, -129.130844116, 3.07552027702, -52.1529884338, -10.7287921906, -29.5684909821, -2.6906812191, -14.5650405884, -9.79026699066, -8.66766357422, -3.91870474815, 0.796934247017], "icov": [[0.000536453851964, -0.000951407535467, 0.00081642717123, -0.000914888980333, 0.000880594947375, -0.000987554434687, 0.00121961382683, -0.00121286208741, 0.00128364225384, -0.00116546149366, 0.00113136367872, -0.00102400546893, 0.000463139818748], [-0.000951407535467, 0.00307061290368, -0.00144471507519, 0.00155874784105, -0.00207415618934, 0.00185755302664, -0.00258927838877, 0.00253134453669, -0.00312698329799, 0.00394321326166, -0.0034563431982, 0.00327988574281, -0.00179393636063], [0.00081642717123, -0.00144471507519, 0.00258859037422, -0.00170440936927, 0.00104064564221, -0.00197409023531, 0.00121808738913, -0.00106353522278, 0.00163486402016, -0.00172944623046, 0.00271834037267, -0.00213162507862, 0.000998959410936], [-0.000914888980333, 0.00155874784105, -0.00170440936927, 0.00507503189147, -0.00256500439718, -0.000615697179455, -0.00117790442891, 5.44272224943e-05, -0.00108042918146, 0.000846288632601, -0.0023338785395, 0.00256536225788, -0.00136536255013], [0.000880594947375, -0.00207415618934, 0.00104064564221, -0.00256500439718, 0.00788534339517, -0.00258213677444, -0.000612018746324, 0.000792492472101, -4.36125810666e-05, -0.000179211987415, 0.000664210121613, -0.000905863475055, 0.00223669665866], [-0.000987554434687, 0.00185755302664, -0.00197409023531, -0.000615697179455, -0.00258213677444, 0.0101114381105, -0.00368328811601, 0.000293490447802, 0.000405596802011, -0.000489594298415, 0.00107082328759, -0.000413857662352, -0.000811100937426], [0.00121961382683, -0.00258927838877, 0.00121808738913, -0.00117790442891, -0.000612018746324, -0.00368328811601, 0.0124791972339, -0.00779251335189, 0.00240119872615, -0.00133374973666, -0.00045283450163, 0.000772895698901, 0.000301638385281], [-0.00121286208741, 0.00253134453669, -0.00106353522278, 5.44272224943e-05, 0.000792492472101, 0.000293490447802, -0.00779251335189, 0.0183606687933, -0.00971431378275, 0.00173221889418, 0.00150005565956, -0.00178943970241, 0.00278909015469], [0.00128364225384, -0.00312698329799, 0.00163486402016, -0.00108042918146, -4.36125810666e-05, 0.000405596802011, 0.00240119872615, -0.00971431378275, 0.0215657688677, -0.0107545256615, 0.00234636850655, 0.000409575644881, -0.00247113639489], [-0.00116546149366, 0.00394321326166, -0.00172944623046, 0.000846288632601, -0.000179211987415, -0.000489594298415, -0.00133374973666, 0.00173221889418, -0.0107545256615, 0.0226851962507, -0.0134008936584, 0.00502228084952, 0.00192788615823], [0.00113136367872, -0.0034563431982, 0.00271834037267, -0.0023338785395, 0.000664210121613, 0.00107082328759, -0.00045283450163, 0.00150005565956, 0.00234636850655, -0.0134008936584, 0.0238609295338, -0.0149310184643, 0.00378164974973], [-0.00102400546893, 0.00327988574281, -0.00213162507862, 0.00256536225788, -0.000905863475055, -0.000413857662352, 0.000772895698901, -0.00178943970241, 0.000409575644881, 0.00502228084952, -0.0149310184643, 0.0269683077931, -0.0132101485506], [0.000463139818748, -0.00179393636063, 0.000998959410936, -0.00136536255013, 0.00223669665866, -0.000811100937426, 0.000301638385281, 0.00278909015469, -0.00247113639489, 0.00192788615823, 0.00378164974973, -0.0132101485506, 0.0173718575388]], "cov": [[10312.640625, 429.896362305, -1099.67053223, 979.633911133, -431.441589355, 563.254577637, -320.479492188, 348.833343506, -153.001693726, 157.353683472, -64.1449966431, 130.588562012, 15.1345720291], [429.896362305, 1160.72851562, 47.9528045654, -68.2580108643, 191.371765137, -83.3239517212, 109.20690155, -74.5168457031, 35.4475097656, -121.713005066, 26.1569423676, -54.980304718, 52.8653678894], [-1099.67053223, 47.9528045654, 967.326171875, 213.760070801, 148.400741577, 166.349578857, 112.639152527, 23.5853767395, -0.475744992495, -20.4859981537, -70.1955795288, -36.1152534485, -31.6147537231], [979.633911133, -68.2580108643, 213.760070801, 543.639770508, 103.590370178, 232.274597168, 69.5244140625, 110.869102478, 8.73045730591, 60.1765708923, -18.2843647003, -17.4584980011, -38.96251297], [-431.441589355, 191.371765137, 148.400741577, 103.590370178, 270.700256348, 59.5449256897, 105.790031433, 1.15897595882, 26.0647659302, -13.2758464813, 0.831919908524, -43.5406951904, -31.3335971832], [563.254577637, -83.3239517212, 166.349578857, 232.274597168, 59.5449256897, 255.361190796, 64.7386856079, 77.9380493164, -6.40783309937, 32.7971572876, -31.0186138153, -3.51433539391, -24.7833175659], [-320.479492188, 109.20690155, 112.639152527, 69.5244140625, 105.790031433, 64.7386856079, 191.735214233, 66.3358840942, 39.120967865, 9.2345199585, 3.17057418823, -33.7938117981, -27.6172008514], [348.833343506, -74.5168457031, 23.5853767395, 110.869102478, 1.15897595882, 77.9380493164, 66.3358840942, 140.926971436, 46.244430542, 43.7733154297, -10.0559034348, -7.73639631271, -31.8993091583], [-153.001693726, 35.4475097656, -0.475744992495, 8.73045730591, 26.0647659302, -6.40783309937, 39.120967865, 46.244430542, 98.1254043579, 46.9788894653, 22.8128185272, -8.99036312103, -6.36386871338], [157.353683472, -121.713005066, -20.4859981537, 60.1765708923, -13.2758464813, 32.7971572876, 9.2345199585, 43.7733154297, 46.9788894653, 120.815597534, 52.6800422668, 9.43658638, -25.8209705353], [-64.1449966431, 26.1569423676, -70.1955795288, -18.2843647003, 0.831919908524, -31.0186138153, 3.17057418823, -10.0559034348, 22.8128185272, 52.6800422668, 113.370697021, 51.0774993896, 18.5752029419], [130.588562012, -54.980304718, -36.1152534485, -17.4584980011, -43.5406951904, -3.51433539391, -33.7938117981, -7.73639631271, -8.99036312103, 9.43658638, 51.0774993896, 105.118965149, 65.3071975708], [15.1345720291, 52.8653678894, -31.6147537231, -38.96251297, -31.3335971832, -24.7833175659, -27.6172008514, -31.8993091583, -6.36386871338, -25.8209705353, 18.5752029419, 65.3071975708, 117.432510376]]}, "spectral_energyband_middle_low": {"dmean2": 0.00368178007193, "median": 0.00719560869038, "min": 3.60884047953e-22, "dvar2": 5.4747066315e-05, "dvar": 2.68954518106e-05, "dmean": 0.0029554089997, "max": 0.213386580348, "var": 0.00031087041134, "mean": 0.0131559045985}, "melbands_crest": {"dmean2": 3.23638606071, "median": 15.0955677032, "min": 2.458101511, "dvar2": 13.9218473434, "dvar": 5.38868427277, "dmean": 2.22123336792, "max": 33.5432701111, "var": 33.4178123474, "mean": 15.9766426086}, "spectral_kurtosis": {"dmean2": 8.52767848969, "median": 10.7175273895, "min": -1.18484413624, "dvar2": 82.8044891357, "dvar": 27.6550884247, "dmean": 4.82572078705, "max": 140.962524414, "var": 124.158424377, "mean": 14.1163730621}, "spectral_rms": {"dmean2": 0.000436357106082, "median": 0.00338546186686, "min": 3.22079168891e-12, "dvar2": 3.76089587917e-07, "dvar": 1.7932509877e-07, "dmean": 0.000361408892786, "max": 0.0149038266391, "var": 5.34811169928e-06, "mean": 0.00369558716193}, "zerocrossingrate": {"dmean2": 0.00516594387591, "median": 0.03076171875, "min": 0.00390625, "dvar2": 6.74493348924e-05, "dvar": 4.73372019769e-05, "dmean": 0.00417623575777, "max": 0.49365234375, "var": 0.000362554157618, "mean": 0.0339872315526}, "silence_rate_60dB": {"dmean2": 0.054775763303, "median": 0, "min": 0, "dvar2": 0.059130076319, "dvar": 0.0266370680183, "dmean": 0.0273855365813, "max": 1, "var": 0.156434595585, "mean": 0.19407838583}, "erbbands_kurtosis": {"dmean2": 1.23765015602, "median": 0.446139454842, "min": -1.68592131138, "dvar2": 3.95119452477, "dvar": 1.91957342625, "dmean": 0.855725646019, "max": 97.2769317627, "var": 19.2947063446, "mean": 1.35512530804}, "erbbands": {"dmean2": [0.00307655148208, 0.0820296928287, 0.32046353817, 0.538261890411, 1.48764705658, 3.87405180931, 16.7830104828, 11.9017782211, 6.27605342865, 9.05988311768, 14.0685949326, 8.64950847626, 10.1948890686, 16.6115684509, 12.9386644363, 7.63366365433, 3.6034386158, 7.44038724899, 6.15077638626, 6.04074001312, 6.47267436981, 5.07951688766, 3.01586079597, 2.5292134285, 1.53095376492, 1.13225269318, 0.532020688057, 0.181887611747, 0.139206856489, 0.0717196241021, 0.0607879906893, 0.037002839148, 0.0207064636052, 0.00887252576649, 0.00384667585604, 0.0012638886692, 0.000482944597024, 0.000196098917513, 5.9085617977e-05, 7.62901436246e-06], "median": [0.00403856299818, 0.0995400995016, 0.286399096251, 0.454326689243, 0.864502131939, 2.45543527603, 7.33791255951, 7.32493686676, 5.05601644516, 4.35946273804, 9.05352210999, 6.47139263153, 7.84208917618, 10.0584154129, 6.12325429916, 4.31674718857, 2.19796228409, 3.43368244171, 2.98515701294, 3.11870765686, 3.30436706543, 2.29751181602, 1.56974542141, 0.99914753437, 0.699376940727, 0.603824913502, 0.403214216232, 0.177956730127, 0.117251500487, 0.0728082507849, 0.0501140579581, 0.0326947718859, 0.0141670722514, 0.00594386504963, 0.00221235910431, 0.000728660263121, 0.000206694938242, 5.02815164509e-05, 2.89335403068e-05, 1.90434220713e-05], "min": [6.7732854451e-22, 8.78122579045e-21, 2.76627129855e-20, 7.22394341907e-20, 2.17524719659e-19, 4.59250520993e-19, 9.70498248601e-20, 4.56852317602e-19, 7.81770568273e-19, 4.59544273508e-19, 4.13150814877e-19, 1.74808306325e-18, 3.29100713662e-18, 2.97853014765e-18, 1.33589668927e-18, 2.51240642786e-18, 2.94069325208e-18, 3.73643562468e-18, 8.02568184299e-18, 6.95929962244e-18, 6.39267263103e-18, 8.30584957082e-18, 9.11505306712e-18, 1.27869442022e-17, 1.81699701037e-17, 1.89714833019e-17, 1.81940178985e-17, 3.09543657624e-17, 2.55061753994e-17, 1.19852672223e-17, 1.99496260306e-17, 1.7314925085e-17, 1.33881531335e-17, 1.24516233798e-17, 1.10179249908e-17, 6.69249871971e-18, 2.56750265371e-18, 1.12280048782e-18, 3.59059949508e-19, 3.14893377409e-20], "dvar2": [6.02866384725e-05, 0.0681459829211, 1.00485527515, 2.33663773537, 21.8992958069, 129.699142456, 3075.11206055, 1204.6730957, 221.517166138, 1067.29797363, 1748.72338867, 478.993164062, 598.310546875, 3147.03222656, 1951.99584961, 560.443237305, 91.7578811646, 443.74230957, 366.811920166, 230.77394104, 436.815551758, 364.621246338, 177.637374878, 77.8733215332, 27.1357002258, 12.3780221939, 3.32716727257, 0.409024566412, 0.161427825689, 0.0249701458961, 0.0202309638262, 0.00772764021531, 0.00254004751332, 0.000492949446198, 0.000124384911032, 9.38687935559e-06, 1.41466500736e-06, 3.83208202948e-07, 3.05212530805e-08, 1.62052954389e-10], "dvar": [8.75108817127e-05, 0.104210451245, 0.76981574297, 3.13293576241, 11.7963237762, 55.196811676, 1149.5057373, 904.557373047, 149.059921265, 845.841186523, 1101.81030273, 394.880432129, 415.637054443, 2004.99682617, 1108.47424316, 357.658569336, 57.6458816528, 205.933105469, 152.419494629, 108.660331726, 191.531005859, 140.510101318, 70.1354293823, 33.6521835327, 9.95913314819, 4.92027950287, 1.28928041458, 0.168937087059, 0.0665216520429, 0.0113436151296, 0.00792609434575, 0.00353418732993, 0.0012674536556, 0.000213502498809, 5.55759434064e-05, 4.60687306258e-06, 6.48102002287e-07, 1.65007037367e-07, 1.29414621242e-08, 7.66267604924e-11], "dmean": [0.00344035937451, 0.0920182317495, 0.305110692978, 0.54629522562, 1.20389592648, 2.81607556343, 11.942276001, 10.2893419266, 5.16880226135, 7.62349653244, 11.8698701859, 7.38297653198, 8.64878559113, 13.8094444275, 10.1956367493, 6.01908349991, 2.7481880188, 5.33295440674, 4.16425609589, 4.18344497681, 4.38280725479, 3.27025437355, 1.97035682201, 1.63339471817, 0.966599822044, 0.722915887833, 0.338509351015, 0.119366392493, 0.0925791710615, 0.0487250424922, 0.0401710085571, 0.0258996374905, 0.0147871570662, 0.00637293234468, 0.00277965003625, 0.000933193950914, 0.000350004149368, 0.000137526585604, 3.94350136048e-05, 5.69727171751e-06], "max": [1.03367710114, 38.1052932739, 79.3039016724, 333.522064209, 202.244018555, 260.182800293, 1264.93688965, 1633.00695801, 621.682617188, 2418.48413086, 2040.74365234, 1773.40698242, 668.658508301, 3119.44946289, 1266.6126709, 1120.06408691, 561.283691406, 734.808105469, 520.485717773, 289.439300537, 1016.20123291, 530.022033691, 487.695373535, 330.312713623, 145.255645752, 88.482208252, 54.672328949, 35.2693977356, 19.0843868256, 5.25253820419, 3.58149027824, 3.81535673141, 0.948188126087, 0.346513539553, 0.189974322915, 0.0488331206143, 0.0132942385972, 0.00743292830884, 0.00213083275594, 0.000259723892668], "var": [0.0041127759032, 4.17906522751, 21.7198162079, 231.144836426, 198.475112915, 478.795318604, 5850.15185547, 7682.22363281, 1253.28125, 7517.84716797, 9293.77636719, 4004.0612793, 2654.44189453, 8673.59277344, 4080.79125977, 1752.97351074, 381.820098877, 740.042785645, 462.921630859, 356.889709473, 621.299560547, 253.278900146, 125.969558716, 70.1917266846, 22.7496814728, 12.7370033264, 3.00797629356, 0.443861156702, 0.213054895401, 0.053842779249, 0.0283827651292, 0.0133910058066, 0.00504903448746, 0.000718800409231, 0.000171447172761, 1.55301386258e-05, 1.82253154435e-06, 2.96561779578e-07, 2.0129595768e-08, 8.57580950697e-10], "mean": [0.025652481243, 0.62425839901, 1.77678668499, 3.41273450851, 4.94300365448, 9.66493988037, 35.7239608765, 33.8636856079, 16.7949905396, 22.8733234406, 37.2461204529, 23.4337158203, 24.8898124695, 36.1033439636, 24.8488922119, 14.2054100037, 7.0073018074, 11.7990407944, 9.36409187317, 9.54606342316, 9.57769203186, 6.40003871918, 4.13704156876, 3.26994276047, 2.04028630257, 1.61307704449, 0.871321022511, 0.343452006578, 0.260495573282, 0.150584712625, 0.111112773418, 0.0742082819343, 0.0438827537, 0.0177091900259, 0.00742482207716, 0.00239892839454, 0.000752238323912, 0.000236025400227, 7.29413222871e-05, 2.81073826045e-05]}, "spectral_strongpeak": {"dmean2": 0.397242963314, "median": 0.722288787365, "min": 0, "dvar2": 0.425983071327, "dvar": 0.188128754497, "dmean": 0.262142777443, "max": 10.1804933548, "var": 0.852152466774, "mean": 0.984672188759}, "spectral_energy": {"dmean2": 0.00415938161314, "median": 0.0117478854954, "min": 1.06328372799e-20, "dvar2": 6.05374043516e-05, "dvar": 3.3544118196e-05, "dmean": 0.0035079123918, "max": 0.227677151561, "var": 0.000613391457591, "mean": 0.0194806456566}, "average_loudness": 0.328021228313, "spectral_rolloff": {"dmean2": 252.597229004, "median": 753.662109375, "min": 21.533203125, "dvar2": 609417.9375, "dvar": 247304.515625, "dmean": 148.936233521, "max": 18540.0878906, "var": 322196.90625, "mean": 825.109802246}, "spectral_centroid": {"dmean2": 133.22819519, "median": 665.947265625, "min": 160.438308716, "dvar2": 35338.046875, "dvar": 20592.3027344, "dmean": 91.2116928101, "max": 10574.0439453, "var": 118845.742188, "mean": 741.090270996}, "pitch_salience": {"dmean2": 0.0715995132923, "median": 0.482412338257, "min": 0.0935343876481, "dvar2": 0.00571725750342, "dvar": 0.00226104003377, "dmean": 0.0478769540787, "max": 0.908022165298, "var": 0.0128794368356, "mean": 0.48221975565}, "spectral_energyband_middle_high": {"dmean2": 0.0009310375317, "median": 0.00143684470095, "min": 1.44652209976e-21, "dvar2": 4.21289132646e-06, "dvar": 2.7220235097e-06, "dmean": 0.000771744176745, "max": 0.0885197967291, "var": 1.87578607438e-05, "mean": 0.00284500257112}, "spectral_contrast_coeffs": {"dmean2": [0.0554750710726, 0.0527593307197, 0.0451612845063, 0.0383201465011, 0.0293636824936, 0.0205258652568], "median": [-0.598568558693, -0.634929418564, -0.675433039665, -0.719857573509, -0.742305874825, -0.750836074352], "min": [-0.947784900665, -0.970251560211, -0.953382372856, -0.951891481876, -0.952109456062, -0.95802873373], "dvar2": [0.00220180628821, 0.00204792618752, 0.0013585020788, 0.000955931958742, 0.000567884242628, 0.000368899985915], "dvar": [0.000857056118548, 0.000814006780274, 0.00061948178336, 0.000411010580137, 0.000239706205321, 0.000149318817421], "dmean": [0.0345038771629, 0.0342446044087, 0.0303850527853, 0.024723239243, 0.0188604909927, 0.0127548724413], "max": [-0.24597799778, -0.259076446295, -0.344850718975, -0.426845490932, -0.494895339012, -0.647661685944], "var": [0.0105793988332, 0.010385453701, 0.00734470319003, 0.00547793880105, 0.00372858345509, 0.00176564464346], "mean": [-0.595250427723, -0.629319965839, -0.672161400318, -0.717924535275, -0.743783712387, -0.758629560471]}, "melbands_skewness": {"dmean2": 0.583609044552, "median": 1.84075975418, "min": -2.0805952549, "dvar2": 0.495576560497, "dvar": 0.207631751895, "dmean": 0.413865894079, "max": 12.3251094818, "var": 1.57656347752, "mean": 2.03562831879}, "spectral_spread": {"dmean2": 406177.6875, "median": 2616952, "min": 641411.125, "dvar2": 275220267008, "dvar": 169886253056, "dmean": 253114.171875, "max": 40714668, "var": 1059473719300.0, "mean": 2782442.5}, "dissonance": {"dmean2": 0.0438132844865, "median": 0.418646991253, "min": 0.156692922115, "dvar2": 0.0015451736981, "dvar": 0.000575810205191, "dmean": 0.0264117252082, "max": 0.499995648861, "var": 0.00255607673898, "mean": 0.410315364599}, "spectral_skewness": {"dmean2": 0.683144450188, "median": 2.3391752243, "min": 0.0340148806572, "dvar2": 0.436621785164, "dvar": 0.144909814, "dmean": 0.39168035984, "max": 10.2151517868, "var": 0.81671744585, "mean": 2.5532181263}, "spectral_flux": {"dmean2": 0.0138753782958, "median": 0.0271331015974, "min": 1.03115647965e-10, "dvar2": 0.000303069275105, "dvar": 0.000110799184768, "dmean": 0.00838379282504, "max": 0.245250582695, "var": 0.000479546462884, "mean": 0.0315621010959}, "spectral_contrast_valleys": {"dmean2": [0.508811354637, 0.41493716836, 0.37131485343, 0.312041550875, 0.244073599577, 0.251217186451], "median": [-8.28392028809, -7.35898971558, -8.19889640808, -9.03122901917, -9.20414161682, -12.2863540649], "min": [-27.6147193909, -26.8300914764, -27.3043327332, -27.4005126953, -27.4383239746, -27.2758674622], "dvar2": [0.203177616, 0.137753084302, 0.107872746885, 0.0784634128213, 0.0613113380969, 0.110989935696], "dvar": [0.0926141440868, 0.0675252825022, 0.0562724359334, 0.0438325330615, 0.0389344058931, 0.0571520291269], "dmean": [0.310215681791, 0.255398541689, 0.229806244373, 0.190749004483, 0.152535334229, 0.164106339216], "max": [-5.90219068527, -4.97091579437, -6.25960445404, -6.93354558945, -7.34543180466, -10.5370149612], "var": [1.47130048275, 1.23757326603, 1.06986105442, 0.939242362976, 0.793719112873, 0.720153927803], "mean": [-8.49358844757, -7.59175491333, -8.40610122681, -9.17260551453, -9.34638023376, -12.4112825394]}, "erbbands_flatness_db": {"dmean2": 0.0170262809843, "median": 0.229045748711, "min": 0.0353571027517, "dvar2": 0.000303492473904, "dvar": 0.000158564304002, "dmean": 0.0127354767174, "max": 0.416792392731, "var": 0.00323391729034, "mean": 0.229577481747}, "spectral_energyband_high": {"dmean2": 1.82572530321e-05, "median": 2.37244221353e-05, "min": 7.76121112097e-21, "dvar2": 2.43797781962e-09, "dvar": 9.89206938584e-10, "dmean": 1.22006331367e-05, "max": 0.00211150897667, "var": 4.04188327252e-09, "mean": 4.27624545409e-05}, "spectral_entropy": {"dmean2": 0.171084210277, "median": 6.58768939972, "min": 4.5114159584, "dvar2": 0.0329285375774, "dvar": 0.0154915777966, "dmean": 0.122543402016, "max": 9.75816059113, "var": 0.261216163635, "mean": 6.54943084717}, "silence_rate_20dB": {"dmean2": 0, "median": 1, "min": 1, "dvar2": 0, "dvar": 0, "dmean": 0, "max": 1, "var": 0, "mean": 1}, "melbands_flatness_db": {"dmean2": 0.0220998842269, "median": 0.274686217308, "min": 0.0064958431758, "dvar2": 0.000586830254178, "dvar": 0.000269004114671, "dmean": 0.0160197261721, "max": 0.570201694965, "var": 0.00428557721898, "mean": 0.280907303095}, "barkbands": {"dmean2": [4.74834268971e-06, 0.000287303817458, 0.000286730995867, 0.000225554977078, 0.00117395550478, 0.00200620689429, 0.000392867164919, 0.000695538008586, 0.000386425788747, 0.000365272164345, 0.000435060064774, 0.000192129504285, 7.49147511669e-05, 0.000158583265147, 0.000136903021485, 0.000119041746075, 0.000111852190457, 4.50702536909e-05, 3.83998121833e-05, 2.83986883005e-05, 8.09221182863e-06, 3.86706096833e-06, 1.8689809167e-06, 1.42033059092e-06, 6.12786550391e-07, 2.68891483302e-07, 3.2890372381