{"metadata": {"tags": {"albumartist": ["Queen"], "musicbrainz_artistid": ["0383dadf-2a4e-4d10-a46a-e9e041da8eb3"], "musicbrainz album status": ["bootleg"], "artist": ["Queen"], "musicbrainz_albumid": ["eed8012c-54ca-490b-84aa-8c571b140c9f"], "discnumber": ["1/2"], "title": ["Man on the Prowl (extended 12\")"], "tracknumber": ["6/21"], "musicbrainz_albumartistid": ["0383dadf-2a4e-4d10-a46a-e9e041da8eb3"], "album": ["The Unobtainable Royal Chronicles"], "musicbrainz album type": ["compilation"], "script": ["Latn"], "albumartistsort": ["Queen"], "artistsort": ["Queen"], "musicbrainz_recordingid": ["13d9832d-5ba0-4fd9-9eab-27314868d46b"], "file_name": "Queen - Unobtainable Royal Collection - 06 - Man On The Prowl.mp3", "language": ["eng"]}, "audio_properties": {"sample_rate": 44100, "downmix": "mix", "lossless": false, "analysis_sample_rate": 44100, "md5_encoded": "5b370597b3f1e1045ed24b18b120d2a9", "equal_loudness": 0, "replay_gain": -8.70864295959, "codec": "mp3", "bit_rate": 192000, "length": 356.310211182}, "version": {"extractor": "music 1.0", "essentia_build_sha": "70f2e5ece6736b2c40cc944ad0e695b16b925413", "essentia_git_sha": "v2.1_beta2", "essentia": "2.1-beta2"}}, "rhythm": {"beats_loudness_band_ratio": {"dvar2": [0.118006065488, 0.034265331924, 0.0348780490458, 0.0208374969661, 0.019845014438, 0.00417090393603], "var": [0.0506148673594, 0.0167390331626, 0.0216947719455, 0.010238500312, 0.00740676186979, 0.00216448446736], "min": [0.00266615860164, 0.000106856467028, 1.84595046449e-05, 1.7846472474e-05, 8.90648880159e-06, 3.77064170607e-05], "dmean": [0.290058404207, 0.138942882419, 0.13010789454, 0.0895237028599, 0.0951573103666, 0.0576167479157], "mean": [0.347643882036, 0.223452925682, 0.201430678368, 0.1270904392, 0.0996944084764, 0.0571719519794], "max": [0.999713122845, 0.687247574329, 0.872783899307, 0.756076216698, 0.600647628307, 0.48643347621], "dmean2": [0.55937319994, 0.248432010412, 0.224168345332, 0.160964235663, 0.182373300195, 0.112230695784], "median": [0.298058688641, 0.208173066378, 0.158931225538, 0.100015833974, 0.0825736448169, 0.0511937886477], "dvar": [0.0358210168779, 0.0104551101103, 0.0130374077708, 0.00763176847249, 0.00623019551858, 0.00143984507304]}, "bpm_histogram_first_peak_weight": {"dvar2": 0, "var": 0, "min": 0.771111130714, "dmean": 0, "mean": 0.771111130714, "max": 0.771111130714, "dmean2": 0, "median": 0.771111130714, "dvar": 0}, "bpm": 151.97203064, "beats_count": 901, "bpm_histogram_first_peak_spread": {"dvar2": 0, "var": 0, "min": 0.125944554806, "dmean": 0, "mean": 0.125944554806, "max": 0.125944554806, "dmean2": 0, "median": 0.125944554806, "dvar": 0}, "danceability": 1.1483656168, "bpm_histogram_first_peak_bpm": {"dvar2": 0, "var": 0, "min": 152, "dmean": 0, "mean": 152, "max": 152, "dmean2": 0, "median": 152, "dvar": 0}, "beats_position": [0.429569154978, 0.824308395386, 1.20743763447, 1.57895684242, 1.95047616959, 2.32199549675, 2.70512461662, 3.08825397491, 3.48299312592, 3.86612248421, 4.2492518425, 4.63238096237, 5.01551008224, 5.41024923325, 5.80498838425, 6.19972801208, 6.59446716309, 6.97759628296, 7.37233543396, 7.76707458496, 8.15020370483, 8.54494285583, 8.93968200684, 9.33442115784, 9.72916126251, 10.1239004135, 10.5186395645, 10.9133787155, 11.3081178665, 11.7028570175, 12.0975961685, 12.4807252884, 12.8638544083, 13.2585935593, 13.6533327103, 14.0480718613, 14.4428119659, 14.8375511169, 15.2322902679, 15.6270294189, 16.0217685699, 16.4048976898, 16.7880268097, 17.1711559296, 17.5542850494, 17.9490242004, 18.3437633514, 18.7385025024, 19.1332416534, 19.5279808044, 19.9227199554, 20.3174591064, 20.7121982574, 21.1069393158, 21.5016784668, 21.8964176178, 22.2911567688, 22.6858959198, 23.0806350708, 23.4637641907, 23.8468933105, 24.2416324615, 24.6363716125, 25.0311107635, 25.4258499146, 25.8205890656, 26.2153282166, 26.6100673676, 27.0048065186, 27.3995456696, 27.7942848206, 28.1890239716, 28.5837631226, 28.9785022736, 29.3732414246, 29.7563705444, 30.1394996643, 30.5226306915, 30.9057598114, 31.3004989624, 31.6952381134, 32.0783653259, 32.4614944458, 32.8562355042, 33.2509727478, 33.6457138062, 34.0404510498, 34.4351921082, 34.8299331665, 35.2130622864, 35.60779953, 36.0025405884, 36.397277832, 36.7920188904, 37.186756134, 37.5814971924, 37.976234436, 38.3709754944, 38.7541046143, 39.1488418579, 39.5435829163, 39.9383201599, 40.3330612183, 40.7277984619, 41.1109275818, 41.4940567017, 41.88879776, 42.2835350037, 42.6666641235, 43.0497932434, 43.4445343018, 43.8392753601, 44.22240448, 44.6171417236, 45.0002708435, 45.3950119019, 45.7897491455, 46.1844902039, 46.5792274475, 46.9739685059, 47.3687057495, 47.7634468079, 48.1581840515, 48.5529251099, 48.9476623535, 49.3424034119, 49.7371406555, 50.1202697754, 50.5033988953, 50.8981399536, 51.2928771973, 51.6876182556, 52.0823554993, 52.4770965576, 52.871837616, 53.2665748596, 53.6497039795, 54.0328330994, 54.4275741577, 54.8223114014, 55.2170524597, 55.6117897034, 56.0065307617, 56.4012680054, 56.7960090637, 57.1907463074, 57.5854873657, 57.9802246094, 58.3865737915, 58.7929229736, 59.187664032, 59.5824012756, 59.977142334, 60.3718795776, 60.766620636, 61.1613578796, 61.556098938, 61.9508361816, 62.34557724, 62.7403144836, 63.135055542, 63.5297966003, 63.924533844, 64.3192749023, 64.714012146, 65.1087493896, 65.5034942627, 65.8982315063, 66.29296875, 66.6877059937, 67.0824508667, 67.4771881104, 67.871925354, 68.2666625977, 68.6614074707, 69.0561447144, 69.450881958, 69.8572311401, 70.2635803223, 70.6583175659, 71.053062439, 71.4477996826, 71.8541488647, 72.2604980469, 72.6552352905, 73.0499725342, 73.4447174072, 73.8394546509, 74.2341918945, 74.6173248291, 75.0120620728, 75.4067993164, 75.789932251, 76.1846694946, 76.5794067383, 76.9741516113, 77.368888855, 77.7636260986, 78.1583633423, 78.5531082153, 78.947845459, 79.3425827026, 79.7373199463, 80.1320648193, 80.526802063, 80.9215393066, 81.3162765503, 81.7110214233, 82.105758667, 82.5121078491, 82.9184570312, 83.3131942749, 83.7079315186, 84.1026763916, 84.4974136353, 84.9037628174, 85.298500061, 85.6932373047, 86.0879821777, 86.4827194214, 86.8890686035, 87.2838058472, 87.6901550293, 88.0848999023, 88.479637146, 88.8743743896, 89.2575073242, 89.6522445679, 90.0469818115, 90.4417190552, 90.8364639282, 91.2312011719, 91.6259384155, 92.0322875977, 92.4386367798, 92.8333740234, 93.2281188965, 93.6228561401, 94.0175933838, 94.4123306274, 94.8070755005, 95.2018127441, 95.5965499878, 95.9912872314, 96.3860321045, 96.7807693481, 97.1755065918, 97.5586395264, 97.9417648315, 98.3365097046, 98.7312469482, 99.1259841919, 99.5207214355, 99.9154663086, 100.310203552, 100.704940796, 101.09967804, 101.506027222, 101.912376404, 102.307121277, 102.701858521, 103.108207703, 103.514556885, 103.909294128, 104.304031372, 104.698776245, 105.093513489, 105.488250732, 105.882987976, 106.277732849, 106.672470093, 107.067207336, 107.46194458, 107.845077515, 108.239814758, 108.64616394, 109.040908813, 109.435646057, 109.830383301, 110.225120544, 110.619865417, 111.014602661, 111.409339905, 111.804077148, 112.198822021, 112.581947327, 112.988296509, 113.383033752, 113.777778625, 114.172515869, 114.567253113, 114.961990356, 115.356735229, 115.763084412, 116.157821655, 116.564170837, 116.958908081, 117.353645325, 117.748390198, 118.143127441, 118.537864685, 118.932601929, 119.327346802, 119.722084045, 120.116821289, 120.499954224, 120.883079529, 121.277824402, 121.672561646, 122.067298889, 122.462036133, 122.856781006, 123.25151825, 123.646255493, 124.040992737, 124.424125671, 124.807250977, 125.20199585, 125.596733093, 125.991470337, 126.386207581, 126.780952454, 127.187301636, 127.593650818, 127.988388062, 128.383132935, 128.777862549, 129.172607422, 129.578948975, 129.973693848, 130.3800354, 130.786392212, 131.181137085, 131.587478638, 131.982223511, 132.376953125, 132.771697998, 133.166442871, 133.561172485, 133.955917358, 134.350662231, 134.745391846, 135.140136719, 135.534866333, 135.929611206, 136.324356079, 136.730697632, 137.125442505, 137.531784058, 137.926528931, 138.321273804, 138.716003418, 139.122360229, 139.517089844, 139.911834717, 140.30657959, 140.701309204, 141.096054077, 141.479187012, 141.850692749, 142.222213745, 142.593734741, 143.011703491, 143.429656982, 143.824401855, 144.195922852, 144.567428589, 144.938949585, 145.333694458, 145.740036011, 146.146392822, 146.541137695, 146.93586731, 147.330612183, 147.725341797, 148.12008667, 148.514831543, 148.909561157, 149.30430603, 149.699050903, 150.093780518, 150.488525391, 150.883255005, 151.277999878, 151.672744751, 152.067474365, 152.462219238, 152.86857605, 153.263305664, 153.669662476, 154.06439209, 154.459136963, 154.853881836, 155.24861145, 155.643356323, 156.038085938, 156.432830811, 156.827575684, 157.210693359, 157.605438232, 158.011795044, 158.406524658, 158.801269531, 159.195999146, 159.590744019, 159.985488892, 160.380218506, 160.774963379, 161.169708252, 161.564437866, 161.970794678, 162.365524292, 162.771881104, 163.166610718, 163.561355591, 163.956100464, 164.350830078, 164.745574951, 165.140319824, 165.535049438, 165.929794312, 166.324539185, 166.719268799, 167.114013672, 167.508743286, 167.903488159, 168.298233032, 168.692962646, 169.08770752, 169.482452393, 169.888793945, 170.295150757, 170.713104248, 171.142669678, 171.572235107, 172.001815796, 172.431381226, 172.837722778, 173.232467651, 173.638824463, 174.033554077, 174.42829895, 174.834640503, 175.229385376, 175.612518311, 176.007247925, 176.401992798, 176.796737671, 177.191467285, 177.586212158, 177.980941772, 178.387298584, 178.793640137, 179.18838501, 179.583129883, 179.977859497, 180.37260437, 180.767349243, 181.162078857, 181.55682373, 181.951568604, 182.346298218, 182.741043091, 183.135772705, 183.530517578, 183.925262451, 184.319992065, 184.714736938, 185.109481812, 185.515823364, 185.922180176, 186.31690979, 186.711654663, 187.106384277, 187.50112915, 187.895874023, 188.290603638, 188.685348511, 189.080093384, 189.474822998, 189.869567871, 190.264297485, 190.659042358, 191.053787231, 191.448516846, 191.854873657, 192.26121521, 192.655960083, 193.050704956, 193.44543457, 193.840179443, 194.234924316, 194.618041992, 195.001174927, 195.3959198, 195.790649414, 196.185394287, 196.58013916, 196.974868774, 197.369613647, 197.7759552, 198.182312012, 198.565444946, 198.971786499, 199.366531372, 199.749649048, 200.132781982, 200.515914917, 200.899047852, 201.293777466, 201.688522339, 202.083267212, 202.477996826, 202.872741699, 203.267486572, 203.662216187, 204.05696106, 204.451690674, 204.846435547, 205.24118042, 205.635910034, 206.030654907, 206.42539978, 206.820129395, 207.214874268, 207.609603882, 208.004348755, 208.399093628, 208.793823242, 209.188568115, 209.583312988, 209.978042603, 210.372787476, 210.76751709, 211.162261963, 211.557006836, 211.95173645, 212.346481323, 212.741226196, 213.147567749, 213.553924561, 213.948654175, 214.343399048, 214.738143921, 215.132873535, 215.527618408, 215.922348022, 216.328704834, 216.723449707, 217.118179321, 217.512924194, 217.907653809, 218.31401062, 218.708755493, 219.103485107, 219.49822998, 219.892959595, 220.287704468, 220.682449341, 221.077178955, 221.471923828, 221.866668701, 222.261398315, 222.656143188, 223.050872803, 223.445617676, 223.840362549, 224.235092163, 224.629837036, 225.024581909, 225.419311523, 225.814056396, 226.20880127, 226.603530884, 226.998275757, 227.393005371, 227.787750244, 228.182495117, 228.577224731, 228.971969604, 229.366714478, 229.761444092, 230.156188965, 230.550918579, 230.945663452, 231.340408325, 231.735137939, 232.129882812, 232.524627686, 232.9193573, 233.314102173, 233.708831787, 234.115188599, 234.521530151, 234.916275024, 235.311019897, 235.705749512, 236.100494385, 236.495239258, 236.878356934, 237.273101807, 237.66784668, 238.050964355, 238.445709229, 238.840454102, 239.235183716, 239.629928589, 240.024673462, 240.419403076, 240.814147949, 241.208877563, 241.603622437, 241.99836731, 242.393096924, 242.787841797, 243.18258667, 243.577316284, 243.972061157, 244.366790771, 244.761535645, 245.167892456, 245.574234009, 245.968978882, 246.363708496, 246.758453369, 247.153198242, 247.547927856, 247.942672729, 248.337417603, 248.732147217, 249.138504028, 249.544845581, 249.951202393, 250.345932007, 250.752288818, 251.147018433, 251.530151367, 251.913284302, 252.308029175, 252.702758789, 253.097503662, 253.492233276, 253.886978149, 254.293334961, 254.688064575, 255.082809448, 255.465942383, 255.860671997, 256.255401611, 256.650146484, 257.044891357, 257.43963623, 257.834381104, 258.229125977, 258.635467529, 259.041809082, 259.436553955, 259.819671631, 260.202819824, 260.59753418, 260.992279053, 261.387023926, 261.781768799, 262.176513672, 262.571228027, 262.9659729, 263.360717773, 263.767059326, 264.173431396, 264.579772949, 264.986114502, 265.392456055, 265.798828125, 266.19354248, 266.588287354, 266.983032227, 267.3777771, 267.772521973, 268.167236328, 268.561981201, 268.956726074, 269.351470947, 269.74621582, 270.140960693, 270.535675049, 270.942047119, 271.348388672, 271.743133545, 272.149475098, 272.55581665, 272.950561523, 273.345306396, 273.74005127, 274.134765625, 274.529510498, 274.924255371, 275.330596924, 275.725341797, 276.13168335, 276.526428223, 276.921173096, 277.315917969, 277.710662842, 278.105377197, 278.511749268, 278.91809082, 279.324432373, 279.730773926, 280.125518799, 280.520263672, 280.915008545, 281.309753418, 281.716094971, 282.122436523, 282.517181396, 282.923522949, 283.318267822, 283.713012695, 284.107757568, 284.502502441, 284.908843994, 285.303588867, 285.698303223, 286.104675293, 286.499420166, 286.894134521, 287.300506592, 287.706848145, 288.113189697, 288.50793457, 288.902679443, 289.309020996, 289.715362549, 290.110107422, 290.504852295, 290.899597168, 291.294311523, 291.689056396, 292.08380127, 292.478546143, 292.873291016, 293.279632568, 293.685974121, 294.080718994, 294.475463867, 294.87020874, 295.264923096, 295.671295166, 296.077636719, 296.472381592, 296.867126465, 297.26184082, 297.656585693, 298.051330566, 298.446075439, 298.840820312, 299.235565186, 299.641906738, 300.048248291, 300.442993164, 300.837738037, 301.232452393, 301.627197266, 302.033569336, 302.439910889, 302.834655762, 303.229370117, 303.62411499, 304.018859863, 304.413604736, 304.796722412, 305.179870605, 305.574584961, 305.969329834, 306.364074707, 306.75881958, 307.153564453, 307.548278809, 307.943023682, 308.337768555, 308.732513428, 309.127258301, 309.522003174, 309.916717529, 310.311462402, 310.706207275, 311.100952148, 311.495697021, 311.890411377, 312.28515625, 312.679901123, 313.074645996, 313.469390869, 313.864135742, 314.258850098, 314.641998291, 315.036743164, 315.41986084, 315.814605713, 316.209350586, 316.604064941, 316.998809814, 317.393554688, 317.788299561, 318.183044434, 318.577758789, 318.972503662, 319.355651855, 319.738769531, 320.133514404, 320.528259277, 320.922973633, 321.317718506, 321.712463379, 322.107208252, 322.501953125, 322.896697998, 323.279815674, 323.66293335, 324.057678223, 324.440795898, 324.823944092, 325.218688965, 325.61340332, 326.008148193, 326.402893066, 326.797637939, 327.192382812, 327.587127686, 327.981842041, 328.376586914, 328.771331787, 329.16607666, 329.560821533, 329.955535889, 330.350280762, 330.745025635, 331.139770508, 331.534515381, 331.929260254, 332.323974609, 332.707122803, 333.090240479, 333.484985352, 333.879730225, 334.2628479, 334.645965576, 335.040710449, 335.435455322, 335.818572998, 336.201721191, 336.573242188, 336.956359863, 337.339508057, 337.734222412, 338.128967285, 338.523712158, 338.918457031, 339.301574707, 339.6847229, 340.079437256, 340.474182129, 340.868927002, 341.263671875, 341.658416748, 342.053131104, 342.447875977, 342.84262085, 343.237365723, 343.632110596, 344.026855469, 344.421569824, 344.816314697, 345.21105957, 345.605804443, 346.000549316, 346.395263672, 346.790008545, 347.184753418, 347.579498291, 347.974243164, 348.368988037, 348.763702393, 349.146850586, 349.541595459, 349.936309814, 350.319458008, 350.714202881, 351.108917236, 351.503662109, 351.898406982, 352.281524658, 352.676269531, 353.071014404, 353.465759277, 353.86050415, 354.243621826, 354.638366699, 355.021484375, 355.404632568, 355.799346924], "beats_loudness": {"dvar2": 0.000553781166673, "var": 0.000299901352264, "min": 1.33908251154e-09, "dmean": 0.0186295099556, "mean": 0.0327688343823, "max": 0.097165338695, "dmean2": 0.0340919941664, "median": 0.0308063812554, "dvar": 0.00018679992354}, "bpm_histogram_second_peak_weight": {"dvar2": 0, "var": 0, "min": 0.0988888889551, "dmean": 0, "mean": 0.0988888889551, "max": 0.0988888889551, "dmean2": 0, "median": 0.0988888889551, "dvar": 0}, "bpm_histogram_second_peak_spread": {"dvar2": 0, "var": 0, "min": 0.0824741721153, "dmean": 0, "mean": 0.0824741721153, "max": 0.0824741721153, "dmean2": 0, "median": 0.0824741721153, "dvar": 0}, "bpm_histogram_second_peak_bpm": {"dvar2": 0, "var": 0, "min": 157, "dmean": 0, "mean": 157, "max": 157, "dmean2": 0, "median": 157, "dvar": 0}, "onset_rate": 3.50806474686}, "lowlevel": {"spectral_energyband_high": {"dvar2": 7.01083024524e-07, "var": 8.1913287886e-07, "min": 7.49918469828e-21, "dmean": 0.000249536853516, "mean": 0.000622952880803, "max": 0.026242794469, "dmean2": 0.000313645636197, "median": 0.000314271368552, "dvar": 3.45392209056e-07}, "spectral_energyband_middle_low": {"dvar2": 7.55512664909e-05, "var": 0.000113777947263, "min": 1.43998770613e-22, "dmean": 0.0041386121884, "mean": 0.0110298600048, "max": 0.098211362958, "dmean2": 0.00629152311012, "median": 0.00778500223532, "dvar": 3.48563335137e-05}, "spectral_energy": {"dvar2": 0.00014270869724, "var": 0.000250874902122, "min": 1.04143808188e-20, "dmean": 0.00671697966754, "mean": 0.0213168524206, "max": 0.124642148614, "dmean2": 0.00979987811297, "median": 0.0170695707202, "dvar": 7.09548476152e-05}, "spectral_spread": {"dvar2": 397476495360, "var": 1232829677570.0, "min": 1726028.75, "dmean": 400380.75, "mean": 4339537.5, "max": 43153452, "dmean2": 544749.6875, "median": 4227857, "dvar": 242075926528}, "spectral_energyband_low": {"dvar2": 3.23291787936e-05, "var": 2.30987279792e-05, "min": 1.47293306189e-22, "dmean": 0.00219964422286, "mean": 0.0045936233364, "max": 0.077389664948, "dmean2": 0.00359871634282, "median": 0.00340657634661, "dvar": 1.26979339257e-05}, "spectral_rolloff": {"dvar2": 696673.5, "var": 1017248.625, "min": 21.533203125, "dmean": 372.018310547, "mean": 1346.8203125, "max": 19186.0839844, "dmean2": 602.00189209, "median": 1184.32617188, "dvar": 340961.625}, "barkbands": {"dvar2": [9.29340603761e-06, 1.54519766511e-05, 8.73015869729e-06, 3.8718990254e-06, 9.97033930616e-06, 1.65009059856e-05, 1.39353433042e-05, 1.55128800543e-05, 1.39547673825e-05, 4.26152655564e-06, 2.131354222e-06, 2.87964098789e-06, 1.71196393239e-06, 1.55321833972e-06, 8.5450176357e-07, 6.96301583503e-07, 4.87717159103e-07, 3.6608054188e-07, 1.22901624877e-07, 9.35827344506e-08, 3.59580774045e-08, 4.26190176483e-08, 1.22966042682e-07, 2.38797241536e-07, 3.03958747061e-09, 5.05700516185e-11, 6.72387926587e-13], "var": [6.456268693e-06, 8.67606013344e-06, 3.8541916183e-06, 2.40013605435e-06, 7.84565781942e-06, 1.31178085212e-05, 1.13796713777e-05, 1.22439869301e-05, 1.04476212073e-05, 3.94771404899e-06, 2.19804701374e-06, 2.56402768173e-06, 1.03669401597e-06, 1.32848538215e-06, 5.8487808019e-07, 5.98016356435e-07, 3.86398568253e-07, 2.555999572e-07, 1.31995065544e-07, 1.01758416804e-07, 3.86233978134e-08, 2.94159150371e-08, 6.93063526569e-08, 1.18351223932e-07, 3.15272963292e-09, 1.2842983621e-10, 4.79040093183e-13], "min": [3.0237606477e-23, 6.77898341897e-23, 5.89250697208e-23, 1.05269740712e-23, 2.09875307874e-23, 3.21524590393e-23, 1.79987482323e-23, 3.91257748713e-23, 2.12351274043e-23, 3.29716974003e-23, 3.34789791385e-23, 1.30840961989e-22, 4.27631241529e-23, 1.12664193094e-22, 1.60831800153e-22, 2.15651347422e-22, 1.50514572364e-22, 1.33597809972e-22, 3.87177980992e-22, 3.15313282641e-22, 4.42226133841e-22, 3.77231719777e-22, 4.59955132664e-22, 9.82621703311e-22, 1.38963737775e-21, 1.56874136741e-21, 2.48839091736e-21], "dmean": [0.000885488116182, 0.00132753676735, 0.00102144526318, 0.000809077522717, 0.00141833419912, 0.00133044237737, 0.0010104898829, 0.00089429540094, 0.000832565885503, 0.000487812969368, 0.000391864799894, 0.000482289207866, 0.000346303248079, 0.000324346881825, 0.000267017720034, 0.000282073713606, 0.000225497438805, 0.000179189286428, 0.000133050911245, 0.000114520735224, 6.84798142174e-05, 5.38475433132e-05, 5.91929856455e-05, 4.7850960982e-05, 1.46719330587e-05, 3.51087669515e-06, 2.56646984553e-07], "mean": [0.00100273825228, 0.00213018758222, 0.0015423524892, 0.00124741776381, 0.00270756473765, 0.00230634631589, 0.00172696751542, 0.0014143754961, 0.00130105623975, 0.000826009258162, 0.000649344583508, 0.000793859595433, 0.000528317235876, 0.00051548529882, 0.000417869305238, 0.000480475253426, 0.000385976454709, 0.000326374021824, 0.00027368159499, 0.000233358863625, 0.000140582516906, 0.000111496483441, 0.000126980099594, 8.84107503225e-05, 3.20424042002e-05, 7.30564761398e-06, 3.36951785584e-07], "max": [0.0331791080534, 0.0432925522327, 0.0378984957933, 0.0174116119742, 0.0315771251917, 0.0551363565028, 0.0609626248479, 0.0664705783129, 0.0614352524281, 0.0510351061821, 0.0388149656355, 0.0250729825348, 0.0204837862402, 0.0244895648211, 0.0211549233645, 0.0124134402722, 0.0119909923524, 0.0138931870461, 0.00563104730099, 0.00374783715233, 0.00258928234689, 0.00581002375111, 0.0139682274312, 0.0224477183074, 0.00245360448025, 0.000223409631872, 1.25613905766e-05], "dmean2": [0.00130916782655, 0.0022164855618, 0.00178763316944, 0.00135787494946, 0.0023170360364, 0.00215226062573, 0.00163994100876, 0.00140561454464, 0.00130191864446, 0.000768139434513, 0.000609097827692, 0.000758453214075, 0.000553238613065, 0.000512060476467, 0.000427162332926, 0.000442282034783, 0.000351303518983, 0.000281786400592, 0.000203453790164, 0.000171690204297, 9.94677975541e-05, 7.81046546763e-05, 8.3540842752e-05, 6.78624783177e-05, 1.80519728019e-05, 4.19509706262e-06, 3.65514637224e-07], "median": [0.00025368045317, 0.00125375855714, 0.000862653134391, 0.00072880834341, 0.00188695685938, 0.00100343127269, 0.000662907492369, 0.000432590371929, 0.000360333040589, 0.000325038272422, 0.000207823584788, 0.00026245531626, 0.000197282453883, 0.000165100966115, 0.000182397780009, 0.000218249770114, 0.000177842972334, 0.000162770928, 0.000140895470395, 0.000114738941193, 6.43995517748e-05, 4.9825066526e-05, 5.63708672416e-05, 3.13202981488e-05, 1.25462884171e-05, 2.51651499639e-06, 6.83711220972e-08], "dvar": [4.27119994129e-06, 6.02334785071e-06, 3.02177136291e-06, 1.47748926338e-06, 4.02120122089e-06, 6.54707491776e-06, 5.55116412215e-06, 6.45339378025e-06, 5.76284264753e-06, 1.8622592961e-06, 9.59502585829e-07, 1.20114202673e-06, 6.9510775802e-07, 6.73779368299e-07, 3.72375012603e-07, 3.01329890817e-07, 2.10703518633e-07, 1.49303460262e-07, 5.43095808325e-08, 4.34171454344e-08, 1.67121481098e-08, 1.74944183584e-08, 5.01620363025e-08, 9.8653799796e-08, 1.430322083e-09, 3.35640577831e-11, 3.12872178252e-13]}, "melbands_skewness": {"dvar2": 3.54020643234, "var": 5.12346506119, "min": -1.83768928051, "dmean": 0.601974368095, "mean": 2.42916727066, "max": 79.6172409058, "dmean2": 0.935766637325, "median": 2.1704595089, "dvar": 1.6116052866}, "barkbands_skewness": {"dvar2": 4.96582555771, "var": 5.14683389664, "min": -2.14190721512, "dmean": 0.491952091455, "mean": 1.47615027428, "max": 91.6921310425, "dmean2": 0.753112018108, "median": 1.26220870018, "dvar": 2.29290914536}, "erbbands": {"dvar2": [0.0123315928504, 0.872700572014, 8.54934501648, 22.1978130341, 80.3942108154, 174.574310303, 534.439941406, 1711.52270508, 2113.86279297, 4733.26904297, 8123.53808594, 9130.32519531, 6329.53076172, 2679.72387695, 3281.69921875, 5288.97558594, 3767.07421875, 3509.72802734, 2436.34082031, 1939.90209961, 1336.3314209, 1697.59008789, 1037.99841309, 407.667633057, 359.267120361, 215.445251465, 93.4906005859, 42.8360137939, 47.0828857422, 65.0356674194, 101.851341248, 112.327636719, 73.5100250244, 2.88478755951, 0.0410238914192, 0.00253564026207, 0.000110603039502, 3.34345622832e-06, 1.55484585207e-08, 2.23097734731e-10], "var": [0.00727200182155, 0.470737099648, 3.72802495956, 12.7636356354, 48.3013000488, 128.065414429, 388.134094238, 1215.74230957, 1976.58581543, 3799.27001953, 6295.88330078, 6318.00878906, 5517.48681641, 3260.03320312, 3366.99389648, 4658.12792969, 2461.89257812, 3228.64477539, 1729.38195801, 1510.63696289, 1225.49328613, 1386.50500488, 837.481079102, 300.574249268, 418.66619873, 229.007629395, 90.1665344238, 49.2903594971, 35.2986679077, 43.7613372803, 59.1698646545, 62.9193763733, 26.2039451599, 1.25876188278, 0.0736724883318, 0.00539612630382, 0.000307073089061, 6.45980298941e-06, 1.03972475074e-08, 4.30645796801e-10], "min": [1.05927474949e-21, 1.8575028895e-20, 6.57024972283e-20, 5.93981272651e-20, 1.37139970122e-20, 5.49381438856e-20, 3.16856212379e-19, 2.09686110605e-19, 2.21876413464e-19, 6.42987911159e-19, 5.87906884747e-19, 5.97928229567e-19, 6.272040643e-19, 1.88344413946e-18, 2.22953588737e-18, 4.39802667272e-18, 2.37933788271e-18, 5.8208414328e-18, 8.23097070023e-18, 7.91066072445e-18, 1.09772103339e-17, 9.00277322513e-18, 8.50398662449e-18, 1.42697043277e-17, 1.78644939579e-17, 1.57200166393e-17, 1.73398314933e-17, 1.66706589213e-17, 1.54833999707e-17, 8.89190620763e-18, 1.71906196913e-17, 1.94133962723e-17, 1.80705628464e-17, 1.60327554309e-17, 9.33076274572e-18, 6.17079797533e-18, 2.81000884825e-18, 1.03745530094e-18, 2.60948987631e-19, 4.32225328384e-20], "dmean": [0.0351183451712, 0.3214225173, 1.01047492027, 1.93775010109, 3.73012590408, 5.28502941132, 7.37767219543, 12.5876626968, 13.6902036667, 15.6097269058, 19.6831951141, 19.4143104553, 16.5582027435, 14.1889638901, 15.1615486145, 20.5228843689, 16.8747882843, 15.7392349243, 13.872177124, 14.7198791504, 12.1821737289, 12.5536289215, 10.088101387, 6.22504091263, 7.1508846283, 5.3531255722, 3.40710949898, 2.44547772408, 1.92920851707, 1.81983482838, 1.7011783123, 1.23460841179, 0.645164191723, 0.235435947776, 0.0800893828273, 0.0223232451826, 0.00552696175873, 0.000880388368387, 3.40174483426e-05, 8.47775208968e-06], "mean": [0.0503232851624, 0.531209945679, 1.64845383167, 3.2787604332, 6.12601852417, 9.666680336, 13.2689647675, 20.5004444122, 24.3295135498, 26.5055465698, 31.6624355316, 30.8246002197, 28.7408504486, 25.3025074005, 27.2000408173, 34.2636604309, 27.7882289886, 26.9216079712, 22.6109981537, 25.1011390686, 22.8221092224, 22.7100429535, 18.7418136597, 12.8372907639, 15.0461273193, 11.119474411, 6.96897315979, 5.05357027054, 3.97137355804, 3.83053326607, 3.56494402885, 2.29325461388, 1.19530498981, 0.484353274107, 0.172594577074, 0.0474990420043, 0.0110952975228, 0.00156935944688, 5.95229794271e-05, 2.76912160189e-05], "max": [1.46196806431, 9.49964141846, 36.2893447876, 49.403842926, 94.0500411987, 119.880859375, 419.964263916, 458.798156738, 801.205566406, 1542.39367676, 1683.51806641, 1590.49645996, 2134.81958008, 1699.10388184, 1582.29467773, 1211.00866699, 1049.95678711, 1411.92663574, 1108.11535645, 729.948181152, 589.809631348, 796.253295898, 563.45526123, 753.143310547, 258.925231934, 203.550415039, 129.970550537, 72.527557373, 191.3487854, 303.446685791, 420.445556641, 307.875427246, 406.314147949, 76.7849197388, 8.46269798279, 1.76169276237, 0.191677019, 0.0216238256544, 0.00263336719945, 0.000220167436055], "dmean2": [0.0567887574434, 0.543571352959, 1.76180195808, 3.30240345001, 6.10176849365, 8.72430038452, 11.979675293, 20.6296329498, 21.9842815399, 25.1879806519, 30.6365509033, 30.1387672424, 25.4302711487, 22.2720966339, 23.4536781311, 32.1001358032, 26.669549942, 24.6645202637, 21.8568744659, 23.4078426361, 18.7617778778, 19.3167171478, 15.6522111893, 9.52603912354, 10.8434677124, 8.00712299347, 5.04386138916, 3.54532170296, 2.80500626564, 2.60295438766, 2.42715382576, 1.80060136318, 0.924386501312, 0.313761144876, 0.0976411178708, 0.0272942483425, 0.00656402204186, 0.00108266936149, 4.49558065156e-05, 1.18587786346e-05], "median": [0.0255336295813, 0.324086666107, 1.04466295242, 2.21437597275, 3.97292900085, 6.06990242004, 6.61319828033, 7.58814716339, 10.1528816223, 9.93848133087, 9.69662952423, 9.12226104736, 9.8960723877, 10.7138233185, 9.61889076233, 12.1640625, 11.6827392578, 9.81804656982, 9.7995929718, 12.3854808807, 10.5543079376, 10.6847743988, 9.03743171692, 7.05846881866, 7.48297595978, 5.57004642487, 3.43416023254, 2.28234362602, 1.7696737051, 1.68017649651, 1.53253412247, 0.814133524895, 0.441162526608, 0.189256504178, 0.0653409659863, 0.0176144950092, 0.00344972638413, 0.000429020350566, 2.36238010984e-05, 2.21083719225e-05], "dvar": [0.00528396945447, 0.327960073948, 2.93588876724, 8.20534896851, 31.9317207336, 68.5365219116, 206.126525879, 663.895141602, 873.034729004, 1894.2557373, 3455.45605469, 3661.36401367, 2792.12109375, 1301.12939453, 1459.03601074, 2222.46630859, 1544.25952148, 1557.72509766, 1057.37451172, 809.154663086, 599.659545898, 737.077087402, 439.307891846, 171.262817383, 160.034103394, 100.037849426, 42.1566162109, 20.165473938, 19.6514186859, 26.8678283691, 42.442489624, 48.8780441284, 27.6563091278, 1.09477102757, 0.023664072156, 0.00154632178601, 7.73825449869e-05, 2.04269031201e-06, 7.13797598806e-09, 1.15349209351e-10]}, "silence_rate_30dB": {"dvar2": 0.00169292802457, "var": 0.000455788627733, "min": 0, "dmean": 0.000651678070426, "mean": 0.999543845654, "max": 1, "dmean2": 0.00130344112404, "median": 1, "dvar": 0.000650980742648}, "melbands_spread": {"dvar2": 124.894111633, "var": 231.812866211, "min": 0.0666968151927, "dmean": 6.05380153656, "mean": 24.1547412872, "max": 221.547897339, "dmean2": 9.44441986084, "median": 21.3928527832, "dvar": 59.9715690613}, "melbands_crest": {"dvar2": 15.9189958572, "var": 19.5073070526, "min": 2.98221373558, "dmean": 2.71556258202, "mean": 11.4888267517, "max": 39.9438743591, "dmean2": 4.5157585144, "median": 10.6721496582, "dvar": 6.06628656387}, "zerocrossingrate": {"dvar2": 0.000109209067887, "var": 0.000783729134127, "min": 0, "dmean": 0.0083665214479, "mean": 0.0585991255939, "max": 0.501953125, "dmean2": 0.00988928601146, "median": 0.0546875, "dvar": 9.11415772862e-05}, "barkbands_kurtosis": {"dvar2": 62052.203125, "var": 30164.7050781, "min": -1.89459729195, "dmean": 7.94231271744, "mean": 9.19801616669, "max": 9888.42675781, "dmean2": 11.7538938522, "median": 1.37714385986, "dvar": 28381.1074219}, "spectral_flux": {"dvar2": 0.000935607764404, "var": 0.00146507273894, "min": 1.02050874695e-10, "dmean": 0.0193778648973, "mean": 0.0747351869941, "max": 0.285727679729, "dmean2": 0.0300879348069, "median": 0.0680934488773, "dvar": 0.00042174430564}, "barkbands_crest": {"dvar2": 12.1636152267, "var": 13.0527276993, "min": 1.94997477531, "dmean": 2.24703812599, "mean": 8.33191299438, "max": 26.8986949921, "dmean2": 3.72688245773, "median": 7.50346565247, "dvar": 4.771671772}, "barkbands_flatness_db": {"dvar2": 0.00072522170376, "var": 0.0022576735355, "min": 0.0273009072989, "dmean": 0.0185719821602, "mean": 0.117409549654, "max": 0.622213363647, "dmean2": 0.0275724083185, "median": 0.110841833055, "dvar": 0.000352439179551}, "spectral_entropy": {"dvar2": 0.0326211340725, "var": 0.116028621793, "min": 6.30092048645, "dmean": 0.128649652004, "mean": 7.66029310226, "max": 9.79442214966, "dmean2": 0.186945602298, "median": 7.70177173615, "dvar": 0.0169519986957}, "pitch_salience": {"dvar2": 0.00865955930203, "var": 0.0123309688643, "min": 0.00755513366312, "dmean": 0.0656953454018, "mean": 0.632678091526, "max": 0.889896988869, "dmean2": 0.106753520668, "median": 0.646619617939, "dvar": 0.00351409474388}, "erbbands_spread": {"dvar2": 102.000930786, "var": 223.648849487, "min": 3.45988488197, "dmean": 6.62385034561, "mean": 38.1942100525, "max": 152.794189453, "dmean2": 10.2101268768, "median": 37.2671012878, "dvar": 44.6324157715}, "dynamic_complexity": 3.19331216812, "spectral_contrast_valleys": {"dvar2": [0.28167027235, 0.238811805844, 0.176347702742, 0.182782679796, 0.139901265502, 0.139892473817], "var": [1.08036637306, 1.11063671112, 1.07588171959, 1.16464400291, 1.11326122284, 1.08762025833], "min": [-27.2609882355, -27.3066596985, -26.7575721741, -27.3451366425, -27.2932777405, -27.2941837311], "dmean": [0.392297595739, 0.36244520545, 0.312347054482, 0.300967872143, 0.256218463182, 0.286627560854], "mean": [-7.38178634644, -6.62678432465, -7.17191123962, -7.55722045898, -7.49722957611, -10.1534233093], "max": [-5.31505012512, -4.60774755478, -4.92702722549, -5.0696349144, -5.43663454056, -7.80704498291], "dmean2": [0.646964609623, 0.582693338394, 0.490112245083, 0.449471652508, 0.359315723181, 0.3396461308], "median": [-7.16910457611, -6.51935005188, -7.07536506653, -7.42518615723, -7.37628555298, -10.0203075409], "dvar": [0.115631997585, 0.108700685203, 0.0853926539421, 0.105855882168, 0.0905043035746, 0.0947940275073]}, "hfc": {"dvar2": 155.429107666, "var": 272.925201416, "min": 1.17162139895e-16, "dmean": 5.43882846832, "mean": 17.1818637848, "max": 232.390716553, "dmean2": 7.11451053619, "median": 11.9832363129, "dvar": 81.146270752}, "spectral_kurtosis": {"dvar2": 4.43356800079, "var": 3.73645186424, "min": -1.37025988102, "dmean": 1.16740095615, "mean": 3.73297286034, "max": 24.7331733704, "dmean2": 1.96906805038, "median": 3.33294224739, "dvar": 1.60804784298}, "mfcc": {"mean": [-639.404907227, 120.547142029, -2.73767518997, 21.5013179779, 1.95662093163, 4.17818593979, -3.41147255898, 4.31883001328, -6.34605932236, 2.18860840797, -4.16346693039, 1.36636257172, 0.776933610439], "cov": [[6059.75830078, -282.272644043, -372.144073486, -224.949691772, -177.713470459, -121.886932373, -190.113586426, -154.700393677, -109.056640625, -73.7733535767, -137.175567627, -56.83436203, -54.3483085632], [-282.272644043, 840.258666992, 40.5094261169, 78.7976608276, -10.9972114563, 5.08117818832, 39.9661254883, 54.713306427, 30.0156612396, 2.17309594154, 17.2758388519, 6.41811275482, -5.44488668442], [-372.144073486, 40.5094261169, 455.532897949, 79.7144012451, 26.4352989197, -7.77208566666, 29.0649929047, 16.4287548065, 25.2463588715, 7.67192602158, 0.38050749898, 3.66464471817, -12.9468898773], [-224.949691772, 78.7976608276, 79.7144012451, 196.695404053, 67.7477111816, 59.7979850769, 20.8985824585, -3.30867552757, 55.1141014099, -9.99067878723, -0.474148690701, 6.90930747986, -6.9772901535], [-177.713470459, -10.9972114563, 26.4352989197, 67.7477111816, 146.319061279, 73.4732971191, 18.9097480774, 4.36898565292, 38.7682037354, 8.25515270233, 1.43234694004, 1.71724200249, -8.20590209961], [-121.886932373, 5.08117818832, -7.77208566666, 59.7979850769, 73.4732971191, 159.382843018, 48.3772087097, 4.57863950729, 56.0736427307, -18.6159973145, 6.15314865112, 12.6972036362, -9.47049331665], [-190.113586426, 39.9661254883, 29.0649929047, 20.8985824585, 18.9097480774, 48.3772087097, 126.660697937, 68.6752243042, 25.0025272369, 12.4177913666, 13.931180954, 1.65435504913, -5.17324256897], [-154.700393677, 54.713306427, 16.4287548065, -3.30867552757, 4.36898565292, 4.57863950729, 68.6752243042, 126.656730652, 7.60979318619, 38.8373451233, 19.7467422485, 0.746963918209, 4.69685983658], [-109.056640625, 30.0156612396, 25.2463588715, 55.1141014099, 38.7682037354, 56.0736427307, 25.0025272369, 7.60979318619, 126.742584229, 5.23269557953, 2.84766578674, 7.24458551407, -23.0135269165], [-73.7733535767, 2.17309594154, 7.67192602158, -9.99067878723, 8.25515270233, -18.6159973145, 12.4177913666, 38.8373451233, 5.23269557953, 85.4415206909, 25.4463539124, 1.9758079052, 3.7541642189], [-137.175567627, 17.2758388519, 0.38050749898, -0.474148690701, 1.43234694004, 6.15314865112, 13.931180954, 19.7467422485, 2.84766578674, 25.4463539124, 62.0855941772, 20.4095211029, 8.40109443665], [-56.83436203, 6.41811275482, 3.66464471817, 6.90930747986, 1.71724200249, 12.6972036362, 1.65435504913, 0.746963918209, 7.24458551407, 1.9758079052, 20.4095211029, 57.7159538269, 17.5646476746], [-54.3483085632, -5.44488668442, -12.9468898773, -6.9772901535, -8.20590209961, -9.47049331665, -5.17324256897, 4.69685983658, -23.0135269165, 3.7541642189, 8.40109443665, 17.5646476746, 57.8720474243]], "icov": [[0.000199445639737, 3.56250748155e-05, 0.000125895647216, 8.92312382348e-05, 0.000165097735589, -2.19541889237e-05, 0.000154100402142, 6.38388592051e-05, 6.39340360067e-05, -2.29456709349e-05, 0.000360949314199, -4.09853055316e-05, 0.000244941824349], [3.56250748155e-05, 0.00131506845355, 3.61213205906e-05, -0.00063857017085, 0.000402088713599, 0.000170896877535, -3.47132518073e-05, -0.000589624862187, -0.00013389812375, 0.000261662353296, -0.000235567626078, -4.64631993964e-05, 0.000196085311472], [0.000125895647216, 3.61213205906e-05, 0.00256203766912, -0.00101670855656, -0.000166584635735, 0.00092661078088, -0.000554597994778, -3.37427559316e-06, -6.9937799708e-05, -6.47624765406e-05, 0.000359302503057, -0.000435262336396, 0.000707267376129], [8.92312382348e-05, -0.00063857017085, -0.00101670855656, 0.00753124663606, -0.00234996248037, -0.000976466340944, -0.000114069785923, 0.000735732319299, -0.00187258410733, 0.000836212304421, 0.000239296961809, -7.40141331335e-05, -0.0006698257057], [0.000165097735589, 0.000402088713599, -0.000166584635735, -0.00234996248037, 0.0104843508452, -0.00440377462655, 0.000902767700609, -0.000101758436358, -0.000200782887987, -0.00251266988926, 0.00102276739199, 0.000650240108371, 0.000464532611659], [-2.19541889237e-05, 0.000170896877535, 0.00092661078088, -0.000976466340944, -0.00440377462655, 0.0114556662738, -0.00399753358215, 0.000982092577033, -0.00278052338399, 0.00342817790806, -0.00132968917023, -0.00164813839365, 0.000263376015937], [0.000154100402142, -3.47132518073e-05, -0.000554597994778, -0.000114069785923, 0.000902767700609, -0.00399753358215, 0.0136488899589, -0.00712170964107, -0.000346411194187, 0.000630392110907, -0.000682077370584, 0.000724017736502, 0.000976158829872], [6.38388592051e-05, -0.000589624862187, -3.37427559316e-06, 0.000735732319299, -0.000101758436358, 0.000982092577033, -0.00712170964107, 0.0136193120852, -1.47589425978e-05, -0.00452261278406, -0.000702950055711, 0.000660612713546, -0.00131418416277], [6.39340360067e-05, -0.00013389812375, -6.9937799708e-05, -0.00187258410733, -0.000200782887987, -0.00278052338399, -0.000346411194187, -1.47589425978e-05, 0.011118132621, -0.001748241717, 0.000807394681033, -0.0020009232685, 0.00431753275916], [-2.29456709349e-05, 0.000261662353296, -6.47624765406e-05, 0.000836212304421, -0.00251266988926, 0.00342817790806, 0.000630392110907, -0.00452261278406, -0.001748241717, 0.0166787132621, -0.00618321727961, 0.00120935670566, -0.000529084703885], [0.000360949314199, -0.000235567626078, 0.000359302503057, 0.000239296961809, 0.00102276739199, -0.00132968917023, -0.000682077370584, -0.000702950055711, 0.000807394681033, -0.00618321727961, 0.0223036054522, -0.0071577122435, 6.40510188532e-06], [-4.09853055316e-05, -4.64631993964e-05, -0.000435262336396, -7.40141331335e-05, 0.000650240108371, -0.00164813839365, 0.000724017736502, 0.000660612713546, -0.0020009232685, 0.00120935670566, -0.0071577122435, 0.0225070826709, -0.0069817318581], [0.000244941824349, 0.000196085311472, 0.000707267376129, -0.0006698257057, 0.000464532611659, 0.000263376015937, 0.000976158829872, -0.00131418416277, 0.00431753275916, -0.000529084703885, 6.40510188532e-06, -0.0069817318581, 0.021777657792]]}, "silence_rate_20dB": {"dvar2": 0, "var": 0, "min": 1, "dmean": 0, "mean": 1, "max": 1, "dmean2": 0, "median": 1, "dvar": 0}, "melbands_kurtosis": {"dvar2": 35229.3554688, "var": 22071.1015625, "min": -1.74471127987, "dmean": 9.20041465759, "mean": 15.9623689651, "max": 8325.61523438, "dmean2": 13.9284496307, "median": 6.35653781891, "dvar": 16317.9980469}, "barkbands_s