{"tonal": {"thpcp": [1, 0.922567844391, 0.357851415873, 0.251725226641, 0.293503582478, 0.261869251728, 0.346764147282, 0.398032426834, 0.263447344303, 0.19094543159, 0.183347210288, 0.154790878296, 0.139916881919, 0.142153188586, 0.18388324976, 0.30266302824, 0.330990612507, 0.213807657361, 0.139442265034, 0.121859416366, 0.207455143332, 0.433473885059, 0.434395730495, 0.214562505484, 0.127517461777, 0.124596565962, 0.115499839187, 0.120109774172, 0.123920679092, 0.154578849673, 0.327280521393, 0.400451362133, 0.343508243561, 0.353055477142, 0.262359380722, 0.419841080904], "hpcp": {"dmean2": [0.122289843857, 0.111936084926, 0.120322175324, 0.147417977452, 0.137635216117, 0.134683921933, 0.124646440148, 0.104429341853, 0.140840172768, 0.172680720687, 0.177145704627, 0.13979665935, 0.101846829057, 0.102242171764, 0.102451324463, 0.0918807387352, 0.0868055894971, 0.118294946849, 0.154549881816, 0.22292137146, 0.267595112324, 0.242331713438, 0.235817968845, 0.181382879615, 0.224425345659, 0.222619622946, 0.212644532323, 0.166900441051, 0.147899582982, 0.157308042049, 0.174863249063, 0.19101087749, 0.1725461483, 0.127877622843, 0.107276819646, 0.121022418141], "median": [0.0054878834635, 0.00617232453078, 0.00846743397415, 0.0181369483471, 0.0180420316756, 0.0131828822196, 0.00619891053066, 0.00374879385345, 0.00979742407799, 0.0299471952021, 0.0318252108991, 0.0157937146723, 0.0065821474418, 0.00531042180955, 0.00469426065683, 0.00421814480796, 0.00456502055749, 0.00806904863566, 0.0113359438255, 0.016287881881, 0.0321865677834, 0.0193891227245, 0.0102983824909, 0.1155898422, 0.216325730085, 0.156482458115, 0.0657212734222, 0.00874309614301, 0.00623520836234, 0.0119007946923, 0.0194982178509, 0.0203276053071, 0.0132202804089, 0.00498899864033, 0.00397096481174, 0.00497212354094], "min": [0, 0, 0, 0, 0, 0, 0, 0, 0, 0, 0, 0, 0, 0, 0, 0, 0, 0, 0, 0, 0, 0, 0, 0, 0, 0, 0, 0, 0, 0, 0, 0, 0, 0, 0, 0], "dvar2": [0.0687369927764, 0.0525460727513, 0.0548407398164, 0.0655141025782, 0.0589644610882, 0.0563576482236, 0.0566133484244, 0.0348995141685, 0.0663687437773, 0.0878133103251, 0.0907253399491, 0.0629112645984, 0.0424296595156, 0.0506620556116, 0.0498477704823, 0.0377910621464, 0.0396268032491, 0.0558663159609, 0.0861153155565, 0.131875768304, 0.153246864676, 0.136865273118, 0.155784711242, 0.0579411685467, 0.0973837450147, 0.0963869020343, 0.0881322473288, 0.0965147539973, 0.0839071720839, 0.0746485367417, 0.0905737653375, 0.102249287069, 0.086995780468, 0.074548907578, 0.0523846596479, 0.0674952492118], "dvar": [0.0261675193906, 0.0209838971496, 0.0210555996746, 0.0264735165983, 0.0251101404428, 0.021277340129, 0.0208070278168, 0.012844610028, 0.0235697254539, 0.0322144888341, 0.0329284779727, 0.0222803521901, 0.0156962294132, 0.0185784380883, 0.0179453920573, 0.0136775467545, 0.0143622821197, 0.0183098167181, 0.0308998078108, 0.0483468696475, 0.0553351826966, 0.0537273995578, 0.0546020641923, 0.0212162956595, 0.0382285900414, 0.0361237227917, 0.0304468646646, 0.0360133871436, 0.0326234214008, 0.0278555285186, 0.032164838165, 0.0392066538334, 0.0321351028979, 0.0266642272472, 0.0209537483752, 0.0244851894677], "dmean": [0.0664058178663, 0.0636331811547, 0.0708438158035, 0.0878438949585, 0.0812479704618, 0.0778411105275, 0.0698952674866, 0.0570659376681, 0.0807116031647, 0.100243575871, 0.10271704942, 0.0795101299882, 0.0570780932903, 0.0574914142489, 0.0568427629769, 0.0515860840678, 0.0494151338935, 0.065113581717, 0.0854914113879, 0.123675249517, 0.149863228202, 0.140567719936, 0.129984080791, 0.10633674264, 0.13213686645, 0.127251192927, 0.121690683067, 0.094409160316, 0.0821281373501, 0.090602375567, 0.102234385908, 0.111896157265, 0.0990575104952, 0.0722767561674, 0.06271173805, 0.0687135159969], "max": [1, 1, 1, 1, 1, 1, 1, 1, 1, 1, 1, 1, 1, 1, 1, 1, 1, 1, 1, 1, 1, 1, 1, 1, 1, 1, 1, 1, 1, 1, 1, 1, 1, 1, 1, 1], "var": [0.0231918524951, 0.0218393579125, 0.0268676877022, 0.0528256520629, 0.0717691332102, 0.0335499793291, 0.0193739756942, 0.0142292995006, 0.0289327334613, 0.0887621715665, 0.0879139304161, 0.0264599174261, 0.0155527368188, 0.0167386643589, 0.0144825112075, 0.0133653180674, 0.0151564916596, 0.0179332513362, 0.0740271881223, 0.086028650403, 0.0524695180357, 0.0629851073027, 0.0449920445681, 0.032039385289, 0.166235759854, 0.158982992172, 0.0353572629392, 0.0478664934635, 0.0705403611064, 0.0427232682705, 0.0552437640727, 0.0745889618993, 0.0405836552382, 0.0355261713266, 0.0353513434529, 0.0239173583686], "mean": [0.0579890534282, 0.0589158982038, 0.0762110725045, 0.12543977797, 0.137180253863, 0.0886133536696, 0.0577923506498, 0.0505050718784, 0.0859805271029, 0.179654806852, 0.180036872625, 0.0889262035489, 0.0528500676155, 0.0516394935548, 0.0478693246841, 0.0497799292207, 0.0513593703508, 0.0640657618642, 0.135642588139, 0.165968507528, 0.142368227243, 0.146325111389, 0.108735792339, 0.174004644156, 0.414453595877, 0.38236156106, 0.148312807083, 0.104328431189, 0.121643610299, 0.108532652259, 0.143717646599, 0.164965972304, 0.109186694026, 0.0791380181909, 0.0759889110923, 0.0641536340117]}, "tuning_equal_tempered_deviation": 0.182545676827, "chords_changes_rate": 0.0594692416489, "key_key": "F", "tuning_diatonic_strength": 0.630194842815, "key_scale": "minor", "chords_number_rate": 0.00132689985912, "tuning_frequency": 434.193115234, "tuning_nontempered_energy_ratio": 0.883495807648, "chords_histogram": [41.3269004822, 3.17249703407, 18.6127872467, 3.72738242149, 0.0965018123388, 1.55609166622, 0, 2.78648972511, 0.229191794991, 16.1399269104, 0.265379965305, 1.14595901966, 0.132689982653, 0.0965018123388, 0.27744269371, 0, 0.108564533293, 0, 1.77322077751, 0.313630878925, 1.48371529579, 0.784077227116, 5.86248493195, 0.108564533293], "key_strength": 0.576359152794, "chords_key": "F", "chords_strength": {"dmean2": 0.010211147368, "median": 0.509177148342, "min": 0.207829371095, "dvar2": 8.90891096788e-05, "dvar": 7.40050381864e-05, "dmean": 0.0095778554678, "max": 0.817748725414, "var": 0.00919808074832, "mean": 0.500204265118}, "chords_scale": "minor", "hpcp_entropy": {"dmean2": 1.17000067234, "median": 2.24947357178, "min": 0, "dvar2": 0.854745924473, "dvar": 0.30083912611, "dmean": 0.69579398632, "max": 4.6499581337, "var": 0.549093544483, "mean": 2.29068136215}}, "metadata": {"audio_properties": {"equal_loudness": 0, "codec": "mp3", "downmix": "mix", "sample_rate": 44100, "analysis_sample_rate": 44100, "bit_rate": 227288, "md5_encoded": "a3cf5b1ba78190edc741d9c781240f0c", "length": 384.914276123, "replay_gain": -11.6717891693, "lossless": false}, "version": {"essentia_build_sha": "2d9f1f26377add8aeb1075a9c2973f962c4f09fd", "essentia": "2.1-beta2", "extractor": "music 1.0", "essentia_git_sha": "v2.1_beta2-1-ge3940c0"}, "tags": {"title": ["True Romance"], "barcode": ["666017087467"], "media": ["12\" Vinyl"], "albumartist": ["dBridge & Vegas"], "language": ["eng"], "musicbrainz_recordingid": ["13e0e22a-430c-4fe1-a26f-3f6cbeedae39"], "album": ["Bellini / True Romance"], "musicbrainz_albumartistid": ["d3ef570f-e3fd-4665-b854-c5fdfbce2559", "bc19b497-4a7e-46a3-a9a4-aeec1c48f70d"], "discnumber": ["01/01"], "bpm": ["86.88"], "catalognumber": ["METPLA 001"], "contentgroup": ["Drum n Bass"], "originalalbum": ["Bellini / True Romance"], "musicbrainz album type": ["Single"], "musicbrainz album status": ["Official"], "file_name": "02 - True Romance.mp3", "acoustid_fingerprint": ["AQABz5KULInCJIpQjegeIb6xKz5Qi0j3Aj0u2cM3dIfJC_2Q30EPLR_y4NmO8mgu3Anyo5UO8Tw8SQoe7UN6o1UTI-bQnEc_fFGgHzdqiD9CPbiPTg78oLiOMy_ye2g2ChrlE3ty5EczXgh3Bfdxjvj3QPeKHmE-UXib49nRJCXKBzn6H7rgo8d1vB2hTRl8FeFFXA96pPbRD3oe4-qCMLnR43OOXGiinYJJ5dCO_OjFCg4t3BeamMFJ5Kh3iBeO-rh-vD20KS_8I7yI60F_pG7QH3p-XF3Q5EZ4_DlySmiiXTCpQ3vwI7xYwaGF-2hi5jiJHP0hlsJRH9chT-2Ili98hCf-IJx62A36Q11-vEvR5OjxOUcvGY52mFQO7cURxmIo_Ph2oYkZnESO_hAvHD2uH9faQ_N--AgvGleP8LAbaL9x5XiXClN-1MY1_2gviPCPa0c2qRd8-OjC4iNyScdz-IH-4PihVcV_eBr6HaePB-cNLaIW9Biuo9kvHPJRPkf05bgeIc_RL2jWCHd-XHlR_XDF4Dh1VDauoxca5YHO40Kr2BCP8_iPoz8-6Oh5NNaC_PiL8IMfCzX0SciP9_gnVFOO9IuK0jpwrkIl-TiRj7Ae9Mh3PIQWxgl6_MH14EmhLdSOH82PnJ_w9HhoIcwTBT0eoJsXGl_h_OhzfIOOPnzQ5MGPVxeOKxd0HaXUFGE-nMeV49kR5ug1CNfRecehT_BItMzxCw9PNF_QQ9UPXSZ66vAlB8eJ4A-6IzxTwZ-hFb2Naxdw-RDPoGQeHD-eJVsFP4Hwo8_xkS10HZ43hPvwLTmuI4ftQMfxHnJy9EiPXjhz5DrOQ_xyPMiD9oj24Rt1oD_2KDp-PEcfRQiT_dgDhMkeQ7t05PmKXodvCufxI7Rz_Ji64If3CnmFowuZ48ePUD60_AFiX6gVpHoeHNpD5MSF-yh5pDEz9Mmg4zwqbocv6MMftMd1yDyaJzVCmbiJB62O9IQmTqqQ6_iHG_3hbUqFHrky9HB1Eb2O48cl4RHOV9By9MGHXBdyBs1_aEeeJfiH68hTNE8HTdVw8cjRMIqOnB9E3XCNkGTw5TjCiJE4oXoE_UKeH8157ESeQ72OvPRw4zF84i_C40fZwzrRv7iCi8SO7_i-wOyg4z-aG50qCg8AgRAgAiBDABFASAMcQQIQAARBQBiDGAHIECEUMQQQYQRxBiCiAABACSCMEYoYwAAGgFEgnBFEMGC0EA4A5gQQhoBKGAPAMOAEAcIZRJBgABgtiDBIKCiAMIKAQhkDAFGiFCKIAWK0EAYBBoERhoBCCcMAGAEIwEAYTpBgBBEAABDEGAEIEEgp5QQBWBhABAGGCW2cEMgAARRhCBBBgAGGkCOIwwIJZRkRhlFijBgCYCUEEowJgYwVQglHJAdOEcSYMYwCwQQwRgGsrDEEMQKAYUYIZxATgiihGVHAQEKQYkgIoSBAAgjAjLNCOIGIAAYZKQyBQBnACFAEKkeAA0QpYoBkQDCFpBBAGWCEVIoAQIAQwBEIECGOUQEFRAow5JBRwgiAhDSCIUAJA0IIIhFihjEFAECKCKQIMQZYAwgTACkCsAAIKEWoUQAB6ZEQyjBlkFFEAKAUIQAQEQhRBhIgEATIIGMQIESI"], "date": ["2004-05"], "genre": ["Electronic"], "musicbrainz album release country": ["GB"], "musicip_puid": ["244f6972-e985-b7f0-fc14-5b1a84e3262a"], "musicbrainz_artistid": ["d3ef570f-e3fd-4665-b854-c5fdfbce2559", "bc19b497-4a7e-46a3-a9a4-aeec1c48f70d"], "originaldate": ["2004-05"], "musicbrainz_albumid": ["c6fb05af-6159-4ce8-9b8c-d648c9d2b7d8"], "copyright": ["http://electropeople.org/"], "artist": ["dBridge & Vegas"], "artistsort": ["dBridge"], "tracknumber": ["02/02"], "label": ["Metalheadz Platinum"], "albumartistsort": ["Various Artists", "dBridge"], "acoustid_id": ["7e905281-06b8-4899-9881-837527c7ba3c"], "script": ["Latn", "Latin"], "musicbrainz_releasegroupid": ["955bee39-08b3-450d-a721-951397286fc0"]}}, "rhythm": {"bpm_histogram_first_peak_bpm": {"dmean2": 0, "median": 86, "min": 86, "dvar2": 0, "dvar": 0, "dmean": 0, "max": 86, "var": 0, "mean": 86}, "bpm": 86.7420654297, "bpm_histogram_second_peak_spread": {"dmean2": 0, "median": 0.352941185236, "min": 0.352941185236, "dvar2": 0, "dvar": 0, "dmean": 0, "max": 0.352941185236, "var": 0, "mean": 0.352941185236}, "bpm_histogram_first_peak_weight": {"dmean2": 0, "median": 0.47469457984, "min": 0.47469457984, "dvar2": 0, "dvar": 0, "dmean": 0, "max": 0.47469457984, "var": 0, "mean": 0.47469457984}, "onset_rate": 5.85303068161, "beats_position": [0.394739210606, 0.801088392735, 1.20743763447, 1.6137868166, 2.02013611794, 2.42648530006, 2.82122445107, 3.20435357094, 3.58748292923, 3.97061228752, 4.35374164581, 4.73687076569, 5.11999988556, 5.50312900543, 5.88625860214, 6.29260778427, 6.6989569664, 7.10530614853, 7.52326536179, 7.94122457504, 8.37079334259, 8.80036258698, 9.21832180023, 9.63628101349, 10.0658502579, 10.4954195023, 10.9249887466, 11.354557991, 11.7841272354, 12.202085495, 12.6316547394, 13.0496139526, 13.479183197, 13.9087524414, 14.3383216858, 14.8607711792, 15.3716096878, 15.8824491501, 16.4629478455, 17.0550556183, 17.6471652985, 18.2973232269, 18.9474830627, 19.6556911469, 20.363899231, 21.0721092224, 21.7919273376, 22.5001354218, 23.1967334747, 23.8933334351, 24.589931488, 25.286529541, 25.9715194702, 26.6565074921, 27.353105545, 28.0497055054, 28.7346935272, 29.4196815491, 30.1162815094, 30.8128795624, 31.4978675842, 32.1828575134, 32.8794555664, 33.5760536194, 34.2610435486, 34.9460296631, 35.6426315308, 36.3276176453, 37.0126075745, 37.7092056274, 38.4058036804, 39.0907936096, 39.7757797241, 40.4723815918, 41.1689796448, 41.8539657593, 42.5389556885, 43.2355537415, 43.9321517944, 44.6171417236, 45.3021316528, 45.9987297058, 46.6953277588, 47.380317688, 48.0653038025, 48.7619056702, 49.4585037231, 50.1434898376, 50.8284797668, 51.5250778198, 52.2216758728, 52.906665802, 53.5916557312, 54.2882537842, 54.9848518372, 55.6698417664, 56.3548278809, 57.0514259338, 57.7480278015, 58.433013916, 59.1180038452, 59.8146018982, 60.5111999512, 61.1961898804, 61.8811798096, 62.5777778625, 63.2627639771, 63.9477539063, 64.6443557739, 65.3409500122, 66.0375518799, 66.7225418091, 67.4075241089, 68.1041259766, 68.7891159058, 69.474105835, 70.1707000732, 70.8673019409, 71.5522918701, 72.2372741699, 72.9338760376, 73.6304779053, 74.3154602051, 75.0004501343, 75.697052002, 76.3936462402, 77.0786361694, 77.7636260986, 78.4602279663, 79.1568222046, 79.8418121338, 80.526802063, 81.2233963013, 81.9199981689, 82.6049880981, 83.2899780273, 83.9865722656, 84.6831741333, 85.3797683716, 86.0879821777, 86.7613601685, 87.4579544067, 88.1545562744, 88.8279342651, 89.5129241943, 90.2095184326, 90.8945083618, 91.579498291, 92.2761001587, 92.972694397, 93.6576843262, 94.3426742554, 95.039276123, 95.7358703613, 96.4208602905, 97.1058502197, 97.802444458, 98.4990463257, 99.1840362549, 99.8690261841, 100.565620422, 101.26222229, 101.947212219, 102.632194519, 103.328796387, 104.025398254, 104.698776245, 105.395370483, 106.091972351, 106.788566589, 107.473556519, 108.158546448, 108.855148315, 109.551742554, 110.236732483, 110.921722412, 111.61831665, 112.314918518, 112.999908447, 113.684898376, 114.381492615, 115.078094482, 115.763084412, 116.448066711, 117.144668579, 117.841270447, 118.526252747, 119.211242676, 119.907844543, 120.604438782, 121.277824402, 121.97441864, 122.671020508, 123.367614746, 124.052604675, 124.737594604, 125.434196472, 126.13079071, 126.804168701, 127.500770569, 128.197372437, 128.882354736, 129.567337036, 130.263946533, 130.948928833, 131.633926392, 132.33052063, 133.027114868, 133.723709106, 134.408706665, 135.093688965, 135.790298462, 136.4868927, 137.171875, 137.856872559, 138.553466797, 139.250061035, 139.935058594, 140.620040894, 141.316635132, 142.013244629, 142.698226929, 143.383224487, 144.079818726, 144.776412964, 145.461410522, 146.146392822, 146.842987061, 147.539596558, 148.224578857, 148.909561157, 149.606170654, 150.302764893, 150.987747192, 151.672744751, 152.369338989, 153.054321289, 153.739318848, 154.435913086, 155.132507324, 155.829116821, 156.514099121, 157.19909668, 157.895690918, 158.592285156, 159.277282715, 159.962265015, 160.658859253, 161.35546875, 162.04045105, 162.72543335, 163.422042847, 164.118637085, 164.792022705, 165.488616943, 166.185211182, 166.88180542, 167.566802979, 168.251785278, 168.948379517, 169.644989014, 170.318359375, 171.014968872, 171.71156311, 172.39654541, 173.081542969, 173.778137207, 174.463119507, 175.148117065, 175.844711304, 176.541305542, 177.237915039, 177.922897339, 178.607894897, 179.304489136, 180.001083374, 180.686080933, 181.371063232, 182.067657471, 182.764266968, 183.449249268, 184.134231567, 184.830841064, 185.527435303, 186.224029541, 186.897415161, 187.594009399, 188.290603638, 188.975601196, 189.660583496, 190.357177734, 191.053787231, 191.738769531, 192.42376709, 193.120361328, 193.816955566, 194.501953125, 195.186935425, 195.883529663, 196.58013916, 197.253509521, 197.95010376, 198.646713257, 199.343307495, 200.028289795, 200.713287354, 201.409881592, 202.10647583, 202.791473389, 203.476455688, 204.173049927, 204.869659424, 205.554641724, 206.239639282, 206.936233521, 207.632827759, 208.317825317, 209.002807617, 209.699401855, 210.396011353, 211.080993652, 211.765975952, 212.462585449, 213.159179688, 213.844161987, 214.529159546, 215.225753784, 215.922348022, 216.607345581, 217.292327881, 217.988937378, 218.697143555, 219.405349731, 220.10194397, 220.798538208, 221.495147705, 222.191741943, 222.888336182, 223.584945679, 224.281539917, 224.966522217, 225.651519775, 226.278457642, 226.905395508, 227.532333374, 228.147659302, 228.762985229, 229.343490601, 229.912384033, 230.492874146, 231.061767578, 231.630645752, 232.199539185, 232.780044556, 233.360534668, 233.941040039, 234.509933472, 235.078811646, 235.659317017, 236.239807129, 236.8203125, 237.412414551, 238.050964355, 238.68951416, 239.374511719, 240.071105957, 240.767700195, 241.464309692, 242.149291992, 242.834274292, 243.530883789, 244.227478027, 244.924072266, 245.620681763, 246.305664063, 246.990646362, 247.687255859, 248.383850098, 249.068832397, 249.753829956, 250.450424194, 251.147018433, 251.832015991, 252.516998291, 253.213607788, 253.910202026, 254.595184326, 255.280181885, 255.976776123, 256.673370361, 257.35836792, 258.043365479, 258.739959717, 259.436553955, 260.121551514, 260.806518555, 261.503112793, 262.188110352, 262.87310791, 263.569702148, 264.266296387, 264.962890625, 265.647888184, 266.332885742, 267.02947998, 267.726074219, 268.411071777, 269.096038818, 269.792633057, 270.489257813, 271.174224854, 271.859222412, 272.55581665, 273.252410889, 273.937408447, 274.622406006, 275.319000244, 276.003997803, 276.688964844, 277.385559082, 278.082183838, 278.767150879, 279.452148438, 280.148742676, 280.845336914, 281.530334473, 282.215332031, 282.91192627, 283.608520508, 284.293518066, 284.978485107, 285.675109863, 286.360076904, 287.045074463, 287.741668701, 288.438262939, 289.134857178, 289.819854736, 290.504852295, 291.201446533, 291.898040771, 292.58303833, 293.268035889, 293.964630127, 294.661224365, 295.357818604, 296.042816162, 296.727783203, 297.412780762, 298.09777832, 298.794372559, 299.490966797, 300.187561035, 300.872558594, 301.557556152, 302.254150391, 302.950744629, 303.635742188, 304.320709229, 305.017303467, 305.713928223, 306.398895264, 307.083892822, 307.780487061, 308.477081299, 309.162078857, 309.847076416, 310.543670654, 311.240264893, 311.925262451, 312.610229492, 313.306854248, 314.003448486, 314.688415527, 315.373413086, 316.070007324, 316.766601563, 317.451599121, 318.13659668, 318.833190918, 319.529785156, 320.214782715, 320.899780273, 321.596374512, 322.29296875, 322.977966309, 323.66293335, 324.359527588, 325.056152344, 325.741119385, 326.426116943, 327.122711182, 327.81930542, 328.515899658, 329.224121094, 329.909118652, 330.594085693, 331.290710449, 331.964080811, 332.649078369, 333.345672607, 334.030639648, 334.715637207, 335.412231445, 336.108825684, 336.793823242, 337.478820801, 338.175415039, 338.872009277, 339.557006836, 340.242004395, 340.938598633, 341.635192871, 342.320159912, 343.005157471, 343.701751709, 344.398345947, 345.083343506, 345.768341064, 346.464935303, 347.161529541, 347.8465271, 348.531524658, 349.228118896, 349.924713135, 350.609710693, 351.294677734, 351.991271973, 352.687896729, 353.37286377, 354.057861328, 354.754455566, 355.451049805, 356.136047363, 356.821044922, 357.51763916, 358.202636719, 358.88760376, 359.584197998, 360.280822754, 360.977416992, 361.662384033, 362.347381592, 363.04397583, 363.740570068, 364.425567627, 365.110565186, 365.807159424, 366.503753662, 367.188751221, 367.873748779, 368.570343018, 369.266937256, 369.951934814, 370.636901855, 371.333496094, 372.03012085, 372.726715088, 373.446533203, 374.166351318, 374.862945557, 375.571136475, 376.27935791, 376.999176025, 377.707397461, 378.415588379, 379.135406494, 379.84362793, 380.551818848, 381.271636963, 381.979858398, 382.688079834, 383.396270752, 384.104492188], "beats_loudness": {"dmean2": 0.0229884628206, "median": 0.0741594955325, "min": 2.31621265812e-06, "dvar2": 0.000722976517864, "dvar": 0.000368051987607, "dmean": 0.0138628277928, "max": 0.118552461267, "var": 0.00199450063519, "mean": 0.0578814595938}, "danceability": 0.930841207504, "bpm_histogram_second_peak_weight": {"dmean2": 0, "median": 0.0191972069442, "min": 0.0191972069442, "dvar2": 0, "dvar": 0, "dmean": 0, "max": 0.0191972069442, "var": 0, "mean": 0.0191972069442}, "beats_count": 574, "bpm_histogram_second_peak_bpm": {"dmean2": 0, "median": 140, "min": 140, "dvar2": 0, "dvar": 0, "dmean": 0, "max": 140, "var": 0, "mean": 140}, "bpm_histogram_first_peak_spread": {"dmean2": 0, "median": 0.465618848801, "min": 0.465618848801, "dvar2": 0, "dvar": 0, "dmean": 0, "max": 0.465618848801, "var": 0, "mean": 0.465618848801}, "beats_loudness_band_ratio": {"dmean2": [0.231961041689, 0.174445658922, 0.110272653401, 0.0938337668777, 0.0510390214622, 0.0713041871786], "median": [0.695903301239, 0.181011140347, 0.0280133802444, 0.00765000656247, 0.00977476686239, 0.0451954603195], "min": [6.34450479993e-05, 4.84311203763e-06, 0.000204930009204, 2.03707168112e-05, 3.7093670926e-06, 1.34380798045e-06], "dvar2": [0.0515171810985, 0.0227488465607, 0.0398840196431, 0.0312090925872, 0.013803800568, 0.00737006030977], "dvar": [0.0256600957364, 0.00918526481837, 0.0132377576083, 0.0120696844533, 0.00553406728432, 0.00248187826946], "dmean": [0.129468023777, 0.102392435074, 0.0616041719913, 0.0506562925875, 0.0311671756208, 0.0386906638741], "max": [0.989930689335, 0.76605951786, 0.860338270664, 0.946948945522, 0.629156053066, 0.448523938656], "var": [0.107502579689, 0.0297639518976, 0.017311502248, 0.0223782602698, 0.00967129226774, 0.00798157602549], "mean": [0.538028717041, 0.217373818159, 0.0792100429535, 0.0640001446009, 0.0466383136809, 0.0788784325123]}}, "lowlevel": {"barkbands_spread": {"dmean2": 11.5152492523, "median": 6.70857048035, "min": 0.146335110068, "dvar2": 349.145629883, "dvar": 146.675445557, "dmean": 7.20498800278, "max": 125.800224304, "var": 214.888580322, "mean": 12.2340459824}, "melbands_spread": {"dmean2": 9.31510734558, "median": 4.87211608887, "min": 0.235060080886, "dvar2": 428.654754639, "dvar": 166.578857422, "dmean": 5.84698677063, "max": 257.529571533, "var": 288.002746582, "mean": 11.3544626236}, "hfc": {"dmean2": 15.1703948975, "median": 12.0545425415, "min": 1.20224124294e-16, "dvar2": 333.859191895, "dvar": 139.352615356, "dmean": 8.978931427, "max": 80.5534362793, "var": 193.276870728, "mean": 14.8406295776}, "barkbands_kurtosis": {"dmean2": 34.4992179871, "median": 15.3546123505, "min": -1.90819072723, "dvar2": 5573.50683594, "dvar": 2209.38061523, "dmean": 21.188577652, "max": 1014.62115479, "var": 3169.58911133, "mean": 32.6254234314}, "gfcc": {"mean": [-63.8118286133, 104.206748962, -76.157989502, 36.9756469727, -51.3331451416, 19.7143249512, -34.4415931702, 10.5598478317, -14.3770275116, 10.086815834, -8.49937534332, -1.5530769825, -11.2937583923], "icov": [[0.000153478657012, -7.80754126026e-05, 0.000141344979056, -0.000329633010551, 5.35806284461e-05, -0.000285574555164, 0.00019866778166, -9.45309730014e-05, 6.40044299871e-06, -0.000250572920777, 0.000498817767948, -0.00052356091328, 0.00037043626071], [-7.80754126026e-05, 0.00282933097333, -0.0014854731271, 0.00189301755745, -0.00189140078146, 0.0026396731846, -0.00215743784793, 0.00250645517372, -0.00239983643405, 0.0015597299207, -0.00147448887583, 0.00223055109382, -0.000566953443922], [0.000141344979056, -0.0014854731271, 0.00128331140149, -0.00141218560748, 0.00123325071763, -0.00199267780408, 0.00146114663221, -0.00185627653264, 0.00117222277913, -0.000764845171943, 0.00117040518671, -0.000366963562556, 0.000198409223231], [-0.000329633010551, 0.00189301755745, -0.00141218560748, 0.00329803163186, -0.00176504906267, 0.00158644840121, -0.00124945596326, 0.00240322714671, -0.002090978669, 0.0015045836335, -0.00127469294239, 0.000975829432718, -0.000227631127927], [5.35806284461e-05, -0.00189140078146, 0.00123325071763, -0.00176504906267, 0.00371385389008, -0.00227416376583, -0.000289906165563, -0.00088601722382, 0.00275902589783, -0.00380543083884, 0.00197223271243, 0.000999510637484, -0.000331821560394], [-0.000285574555164, 0.0026396731846, -0.00199267780408, 0.00158644840121, -0.00227416376583, 0.00714565906674, -0.00355738238432, 0.000340544531355, -0.000896039186046, 0.00254206266254, -0.00335354241543, 0.00107942672912, 0.0023836067412], [0.00019866778166, -0.00215743784793, 0.00146114663221, -0.00124945596326, -0.000289906165563, -0.00355738238432, 0.00781895965338, -0.00544964615256, 0.000770460814238, 0.00167599250562, -0.000601839681622, -0.001501677325, -0.00168183958158], [-9.45309730014e-05, 0.00250645517372, -0.00185627653264, 0.00240322714671, -0.00088601722382, 0.000340544531355, -0.00544964615256, 0.0130527438596, -0.00361299142241, -0.00126272137277, 0.00360602024011, -0.00128065259196, 7.6417796663e-05], [6.40044299871e-06, -0.00239983643405, 0.00117222277913, -0.002090978669, 0.00275902589783, -0.000896039186046, 0.000770460814238, -0.00361299142241, 0.0110667403787, -0.00673744175583, -0.00184020109009, 0.00474413111806, -0.00246136030182], [-0.000250572920777, 0.0015597299207, -0.000764845171943, 0.0015045836335, -0.00380543083884, 0.00254206266254, 0.00167599250562, -0.00126272137277, -0.00673744175583, 0.0157033149153, -0.0056792376563, -0.0030443794094, 0.00512962788343], [0.000498817767948, -0.00147448887583, 0.00117040518671, -0.00127469294239, 0.00197223271243, -0.00335354241543, -0.000601839681622, 0.00360602024011, -0.00184020109009, -0.0056792376563, 0.0171627458185, -0.00624159397557, -0.000226381147513], [-0.00052356091328, 0.00223055109382, -0.000366963562556, 0.000975829432718, 0.000999510637484, 0.00107942672912, -0.001501677325, -0.00128065259196, 0.00474413111806, -0.0030443794094, -0.00624159397557, 0.0232476498932, -0.00898957718164], [0.00037043626071, -0.000566953443922, 0.000198409223231, -0.000227631127927, -0.000331821560394, 0.0023836067412, -0.00168183958158, 7.6417796663e-05, -0.00246136030182, 0.00512962788343, -0.000226381147513, -0.00898957718164, 0.0191430840641]], "cov": [[16593.6386719, -3384.90869141, -376.656463623, 2319.9284668, 611.356506348, 1124.94995117, -355.491699219, 220.361099243, -295.752258301, 400.567871094, -267.95904541, 337.244354248, -541.612915039], [-3384.90869141, 2455.0715332, 849.635986328, -549.781616211, 286.176116943, -391.98626709, 232.873748779, -107.388580322, 310.797637939, -43.4127120972, 55.5620155334, -266.227142334, 124.756767273], [-376.656463623, 849.635986328, 4315.55712891, 714.412353516, -126.084671021, 725.297424316, 58.2877120972, 330.453582764, -10.9328937531, -133.659866333, -180.242858887, -177.293060303, -143.454086304], [2319.9284668, -549.781616211, 714.412353516, 1009.61102295, 197.473236084, 303.379760742, -44.339931488, 38.1283988953, -20.8136920929, 46.678943634, -47.1592407227, 6.64828920364, -107.594894409], [611.356506348, 286.176116943, -126.084671021, 197.473236084, 806.071411133, 184.37487793, 221.728469849, 45.8671073914, -2.85345315933, 96.5660247803, -18.7596588135, -58.9865341187, -43.5527153015], [1124.94995117, -391.98626709, 725.297424316, 303.379760742, 184.37487793, 611.846191406, 187.711837769, 189.515762329, -99.7156066895, -18.7127532959, -39.4324264526, 18.8693790436, -93.9532623291], [-355.491699219, 232.873748779, 58.2877120972, -44.339931488, 221.728469849, 187.711837769, 386.635864258, 134.695495605, -0.444653958082, -39.0926628113, 5.87802171707, -3.11895179749, 35.568775177], [220.361099243, -107.388580322, 330.453582764, 38.1283988953, 45.8671073914, 189.515762329, 134.695495605, 203.781967163, -4.41558933258, 1.93490302563, -37.2911872864, 12.2249622345, -17.9848804474], [-295.752258301, 310.797637939, -10.9328937531, -20.8136920929, -2.85345315933, -99.7156066895, -0.444653958082, -4.41558933258, 230.357315063, 85.2423934937, 51.5588607788, -48.8163108826, 11.6014041901], [400.567871094, -43.4127120972, -133.659866333, 46.678943634, 96.5660247803, -18.7127532959, -39.0926628113, 1.93490302563, 85.2423934937, 159.078201294, 43.7860183716, 4.93187952042, -35.368057251], [-267.95904541, 55.5620155334, -180.242858887, -47.1592407227, -18.7596588135, -39.4324264526, 5.87802171707, -37.2911872864, 51.5588607788, 43.7860183716, 110.020095825, 21.0029315948, 19.4485282898], [337.244354248, -266.227142334, -177.293060303, 6.64828920364, -58.9865341187, 18.8693790436, -3.11895179749, 12.2249622345, -48.8163108826, 4.93187952042, 21.0029315948, 100.625137329, 23.7147197723], [-541.612915039, 124.756767273, -143.454086304, -107.594894409, -43.5527153015, -93.9532623291, 35.568775177, -17.9848804474, 11.6014041901, -35.368057251, 19.4485282898, 23.7147197723, 103.097000122]]}, "spectral_energyband_middle_low": {"dmean2": 0.0204664468765, "median": 0.00492277974263, "min": 2.87637568218e-22, "dvar2": 0.00174487836193, "dvar": 0.000551594421268, "dmean": 0.0112860063091, "max": 0.192562788725, "var": 0.000503066694364, "mean": 0.0123486146331}, "melbands_crest": {"dmean2": 4.6637172699, "median": 18.8566474915, "min": 1.89809918404, "dvar2": 21.8734741211, "dvar": 8.25450611115, "dmean": 2.91373538971, "max": 38.0496520996, "var": 31.1106586456, "mean": 17.9299812317}, "spectral_kurtosis": {"dmean2": 11.4715499878, "median": 4.51891279221, "min": -1.39015543461, "dvar2": 643.000549316, "dvar": 240.798065186, "dmean": 6.9997754097, "max": 405.578033447, "var": 1923.98632813, "mean": 15.8560161591}, "spectral_rms": {"dmean2": 0.00159833952785, "median": 0.00834934972227, "min": 3.19974493949e-12, "dvar2": 5.33339380127e-06, "dvar": 1.87763487247e-06, "dmean": 0.000970521941781, "max": 0.0167530383915, "var": 1.61120933626e-05, "mean": 0.00673349061981}, "zerocrossingrate": {"dmean2": 0.0182275660336, "median": 0.02490234375, "min": 0.001953125, "dvar2": 0.000557759427465, "dvar": 0.000321422092384, "dmean": 0.013118321076, "max": 0.505859375, "var": 0.00105065887328, "mean": 0.0367138125002}, "silence_rate_60dB": {"dmean2": 0.119691118598, "median": 0, "min": 0, "dvar2": 0.133586376905, "dvar": 0.0562772788107, "dmean": 0.0598419494927, "max": 1, "var": 0.147762358189, "mean": 0.180299192667}, "erbbands_kurtosis": {"dmean2": 5.98662948608, "median": 0.0918679833412, "min": -1.91444182396, "dvar2": 135.549942017, "dvar": 53.2886962891, "dmean": 3.59125423431, "max": 201.84425354, "var": 79.9931488037, "mean": 3.02639818192}, "erbbands": {"dmean2": [0.432646423578, 2.80951309204, 6.7172999382, 26.941822052, 26.0490550995, 18.63215065, 22.4212818146, 24.3532218933, 20.3928794861, 15.9159269333, 8.61000537872, 10.3028726578, 9.65210723877, 5.74749898911, 23.0984401703, 6.35446023941, 7.37433862686, 14.8493041992, 10.2308368683, 6.37389850616, 5.10937976837, 5.85654258728, 4.47603559494, 4.28779745102, 5.40560626984, 4.31536626816, 5.94244813919, 5.11602973938, 4.38700246811, 9.19665241241, 10.5916490555, 7.85346508026, 6.44063234329, 1.88350212574, 0.799380064011, 0.377990186214, 0.119365461171, 0.0207361672074, 0.000433171691839, 4.57054302387e-05], "median": [0.619391798973, 6.88972330093, 14.5536823273, 4.53756809235, 2.52148771286, 1.38782811165, 2.9501850605, 5.82457542419, 5.252825737, 4.45986509323, 3.14974689484, 2.37155032158, 2.3193025589, 1.39579498768, 1.4561393261, 2.63800239563, 3.47823572159, 4.84141921997, 4.94366502762, 3.60573816299, 3.08626747131, 2.98300361633, 2.60682106018, 2.33122348785, 1.88063800335, 1.63737308979, 1.429895401, 0.994684278965, 0.765318036079, 0.669714450836, 0.730198800564, 0.470956504345, 0.264501094818, 0.0889906659722, 0.165167659521, 0.0234923027456, 0.010555206798, 0.00119454180822, 6.48545537842e-05, 8.35241007735e-05], "min": [1.09025888344e-21, 2.2876322036e-21, 1.84987134056e-20, 7.21180260488e-20, 2.96758638013e-20, 8.28419509391e-20, 3.09913452853e-19, 8.12967736774e-19, 3.79902367704e-19, 7.4917572303e-19, 8.36764947516e-19, 1.08026561995e-18, 2.71401805368e-18, 1.73431040266e-18, 3.08562253322e-18, 2.57736512815e-18, 4.4932831377e-18, 6.88618306014e-18, 5.48015220827e-18, 7.36519466748e-18, 9.25050141088e-18, 1.30971468581e-17, 7.31718924063e-18, 8.24270591158e-18, 1.06274080606e-17, 1.77942365453e-17, 1.51514077231e-17, 1.19791353324e-17, 1.50088249466e-17, 1.73522408568e-17, 2.00913286869e-17, 1.84889723069e-17, 1.57556317277e-17, 1.09575374974e-17, 9.81652704198e-18, 6.0380913217e-18, 3.16298770194e-18, 1.26998890262e-18, 2.73325238107e-19, 4.8307735514e-20], "dvar2": [0.79102575779, 41.2821846008, 222.434249878, 5818.59521484, 4249.3828125, 2044.99926758, 1871.26953125, 2544.67919922, 1674.96765137, 662.901367188, 202.877212524, 1784.55383301, 345.742431641, 679.284301758, 6889.82568359, 161.975112915, 402.196411133, 1389.87524414, 372.145629883, 169.249740601, 103.186134338, 130.490814209, 57.2151565552, 49.1922988892, 129.521774292, 55.3389129639, 118.640449524, 80.6518249512, 46.1340675354, 318.673950195, 341.525543213, 135.956695557, 107.572967529, 8.23113822937, 1.29958462715, 0.220370277762, 0.0200654808432, 0.00101729726885, 4.23322262577e-07, 4.11295841829e-09], "dvar": [0.286602646112, 13.6899433136, 74.6062545776, 1759.3494873, 1345.09436035, 800.896240234, 705.042480469, 874.067321777, 613.932678223, 322.015441895, 87.2957382202, 665.332763672, 158.194549561, 548.934387207, 2873.19750977, 73.7273330688, 260.544677734, 705.596008301, 171.63508606, 71.2677154541, 43.3265190125, 49.3405303955, 23.1204071045, 23.3838348389, 77.5896682739, 29.9870586395, 49.1412315369, 37.4166107178, 22.3544769287, 124.800895691, 134.83291626, 54.0290870667, 42.3207702637, 3.26139235497, 0.516543745995, 0.087310500443, 0.00833746790886, 0.00040680958773, 1.6961243432e-07, 1.44481782094e-09], "dmean": [0.287005662918, 1.74976062775, 4.06432342529, 14.4954080582, 13.9433431625, 10.6008138657, 12.6477298737, 13.6036376953, 12.2784929276, 10.294757843, 5.37096500397, 6.32145786285, 5.93598985672, 4.05277824402, 14.756857872, 4.20998239517, 5.29757833481, 10.3895187378, 6.51155424118, 4.02189397812, 3.10178637505, 3.54679441452, 2.76185011864, 2.77686548233, 3.60121774673, 2.70993328094, 3.59771037102, 3.24480032921, 2.67616629601, 5.33679962158, 6.13817453384, 4.48874473572, 3.72338581085, 1.09546852112, 0.474087178707, 0.213632896543, 0.0684539154172, 0.011868047528, 0.000248095573625, 2.66563602054e-05], "max": [6.29943227768, 43.6427345276, 113.423530579, 297.182861328, 358.986419678, 252.081451416, 213.250762939, 302.853912354, 362.39352417, 498.319702148, 175.1875, 597.191467285, 358.212799072, 1046.27429199, 781.005310059, 189.796112061, 513.272216797, 559.286193848, 311.006958008, 174.805618286, 166.866531372, 117.906494141, 67.3159790039, 70.9791107178, 96.7207336426, 56.811050415, 54.9023284912, 56.9579086304, 34.8815879822, 77.8312454224, 80.8793563843, 49.620765686, 57.7199935913, 14.7149543762, 7.33993577957, 2.43982219696, 0.655588805676, 0.1658629179, 0.00328647880815, 0.00032509380253], "var": [1.04318678379, 58.5847511292, 262.124969482, 1451.43920898, 1105.7677002, 610.761169434, 534.516296387, 633.444763184, 721.679382324, 829.054077148, 163.10585022, 555.736206055, 507.61038208, 1976.48034668, 3554.09350586, 147.299789429, 865.560302734, 1762.41870117, 433.348937988, 238.164642334, 132.26701355, 89.2135696411, 42.2084732056, 45.7581672668, 119.462524414, 44.8734359741, 48.8146362305, 46.4566307068, 25.8997631073, 97.135269165, 106.432380676, 44.0232429504, 33.4124832153, 2.6818959713, 0.47689858079, 0.0712911859155, 0.00742088491097, 0.000324207212543, 1.39314295211e-07, 4.13803524779e-09], "mean": [0.90922999382, 7.73275279999, 16.0211219788, 15.411775589, 13.293589592, 8.93667602539, 10.9443416595, 14.2116594315, 16.0216197968, 15.3598613739, 7.95993375778, 7.64028739929, 9.75956058502, 6.79317760468, 18.3492012024, 6.63584470749, 9.5864610672, 18.2097625732, 11.8440732956, 8.47700023651, 6.32848453522, 5.75283241272, 4.61112356186, 4.73615312576, 5.07053422928, 3.66499042511, 3.95022344589, 3.71494650841, 2.63054323196, 4.13018703461, 4.63876008987, 3.33010792732, 2.69192194939, 0.812991440296, 0.426502227783, 0.151826128364, 0.0509888604283, 0.00849764514714, 0.000203473857255, 7.65285512898e-05]}, "spectral_strongpeak": {"dmean2": 0.416615247726, "median": 0.466956198215, "min": 0, "dvar2": 0.399480313063, "dvar": 0.152486979961, "dmean": 0.246524035931, "max": 6.17632198334, "var": 0.295409888029, "mean": 0.614580690861}, "spectral_energy": {"dmean2": 0.0284216571599, "median": 0.0714544206858, "min": 1.04943265326e-20, "dvar2": 0.0028567193076, "dvar": 0.000943935418036, "dmean": 0.0167092755437, "max": 0.287680894136, "var": 0.00297468109056, "mean": 0.0629885867238}, "average_loudness": 0.879763364792, "spectral_rolloff": {"dmean2": 935.271118164, "median": 193.798828125, "min": 21.533203125, "dvar2": 6474451.5, "dvar": 2446411.25, "dmean": 511.791503906, "max": 19401.4160156, "var": 2506169.5, "mean": 840.809020996}, "spectral_centroid": {"dmean2": 404.585968018, "median": 650.710571289, "min": 91.9594650269, "dvar2": 269099.84375, "dvar": 118322.132813, "dmean": 262.92590332, "max": 11072.2705078, "var": 373297.78125, "mean": 829.790588379}, "pitch_salience": {"dmean2": 0.134304359555, "median": 0.45860594511, "min": 0.0640741735697, "dvar2": 0.0151155134663, "dvar": 0.0059724599123, "dmean": 0.081433005631, "max": 0.881538033485, "var": 0.0309380982071, "mean": 0.466261148453}, "spectral_energyband_middle_high": {"dmean2": 0.00122466182802, "median": 0.0010074081365, "min": 1.30048271638e-21, "dvar2": 5.80072537559e-06, "dvar": 2.88493242806e-06, "dmean": 0.00083762477152, "max": 0.0333523824811, "var": 9.14348765946e-06, "mean": 0.00194532505702}, "spectral_contrast_coeffs": {"dmean2": [0.0961292609572, 0.0852564573288, 0.0755777731538, 0.0462661683559, 0.0336804240942, 0.0459329485893], "median": [-0.648541510105, -0.754273176193, -0.795246422291, -0.837867498398, -0.826208055019, -0.79708647728], "min": [-0.965749084949, -0.97893422842, -0.984552443027, -0.976032674313, -0.972419321537, -0.960220992565], "dvar2": [0.00858748424798, 0.00515506509691, 0.00414231652394, 0.00141737551894, 0.00077563081868, 0.00149249460083], "dvar": [0.00297790882178, 0.00186260126065, 0.00171676825266, 0.000680179917254, 0.000313767232001, 0.000616694276687], "dmean": [0.0567777305841, 0.051815353334, 0.0465365275741, 0.0292180944234, 0.0211715474725, 0.0296273250133], "max": [-0.304417490959, -0.408960610628, -0.446321815252, -0.440869778395, -0.612105131149, -0.53602296114], "var": [0.00756235420704, 0.00426837010309, 0.00596328824759, 0.0034582845401, 0.00192298041657, 0.00348142231815], "mean": [-0.652155399323, -0.751967310905, -0.779504776001, -0.824789762497, -0.825816035271, -0.796874046326]}, "melbands_skewness": {"dmean2": 2.68760347366, "median": 4.99715137482, "min": -3.5263478756, "dvar2": 9.32266712189, "dvar": 3.75302314758, "dmean": 1.71127665043, "max": 25.7775001526, "var": 14.2199144363, "mean": 5.16390323639}, "spectral_spread": {"dmean2": 2739472, "median": 4838657, "min": 249744.96875, "dvar2": 7086402961410.0, "dvar": 3297221804030.0, "dmean": 1758833.75, "max": 46038928, "var": 7446692626430.0, "mean": 5160136.5}, "dissonance": {"dmean2": 0.0503777638078, "median": 0.468715250492, "min": 0.0788455605507, "dvar2": 0.00368882529438, "dvar": 0.00135854142718, "dmean": 0.0299541000277, "max": 0.500000238419, "var": 0.00236249645241, "mean": 0.452813565731}, "spectral_skewness": {"dmean2": 1.03990113735, "median": 1.67399680614, "min": -0.337741881609, "dvar2": 1.74784398079, "dvar": 0.759661376476, "dmean": 0.674944400787, "max": 18.1762580872, "var": 5.86088180542, "mean": 2.34245204926}, "spectral_flux": {"dmean2": 0.0572875104845, "median": 0.0634404495358, "min": 3.68001201423e-06, "dvar2": 0.0052021802403, "dvar": 0.0023523021955, "dmean": 0.0351523347199, "max": 0.471785187721, "var": 0.0053830514662, "mean": 0.0858433991671}, "spectral_contrast_valleys": {"dmean2": [0.628840148449, 0.849785089493, 0.828852295876, 0.773181676865, 0.80859619379, 1.4181843996], "median": [-6.71775913239, -6.78090953827, -7.9333615303, -7.70291233063, -7.81628322601, -10.5294771194], "min": [-27.0771827698, -27.0370807648, -27.072725296, -27.279214859, -27.304353714, -27.1827144623], "dvar2": [0.316684484482, 0.712071359158, 0.669648468494, 0.841262638569, 0.92180788517, 1.37411737442], "dvar": [0.145438596606, 0.313505649567, 0.309841573238, 0.388031035662, 0.448858231306, 0.640909075737], "dmean": [0.390021800995, 0.546680152416, 0.538653254509, 0.506278514862, 0.542615652084, 0.959089815617], "max": [-4.7876496315, -4.65029287338, -6.00983095169, -6.00041913986, -6.04016494751, -7.97634840012], "var": [2.72644472122, 1.26173698902, 1.28895509243, 2.45711660385, 2.65496373177, 3.02738499641], "mean": [-7.24057149887, -6.97301149368, -8.23171234131, -8.3558883667, -8.48841571808, -10.6960773468]}, "erbbands_flatness_db": {"dmean2": 0.0569436773658, "median": 0.146164789796, "min": 0.03800