{"tonal": {"thpcp": [1, 0.550207555294, 0.115739606321, 0.11909583956, 0.158970892429, 0.20807851851, 0.222309529781, 0.202375695109, 0.178367808461, 0.180544808507, 0.198852479458, 0.211643069983, 0.21337172389, 0.214281514287, 0.212116152048, 0.185958206654, 0.17084403336, 0.171759873629, 0.163908541203, 0.161421597004, 0.165184736252, 0.165500059724, 0.161833375692, 0.155651837587, 0.141968756914, 0.124415040016, 0.113631859422, 0.115164168179, 0.133641704917, 0.157906979322, 0.146149948239, 0.11370331794, 0.100182361901, 0.0989707112312, 0.11009645462, 0.570489883423], "hpcp": {"dmean2": [0.287675052881, 0.284588694572, 0.246646806598, 0.212430939078, 0.210974723101, 0.21086871624, 0.214455246925, 0.217277005315, 0.200880542397, 0.195871964097, 0.192277923226, 0.170820221305, 0.161455586553, 0.14256349206, 0.121245697141, 0.133553668857, 0.138569802046, 0.140869945288, 0.135714739561, 0.118172034621, 0.109029002488, 0.107205413282, 0.118159845471, 0.333646684885, 0.558281540871, 0.335257261992, 0.153569474816, 0.161020606756, 0.194275543094, 0.229352384806, 0.262806624174, 0.28316912055, 0.256888836622, 0.249748960137, 0.244869798422, 0.256018280983], "median": [0.0174179095775, 0.0161838494241, 0.0141577795148, 0.0112984515727, 0.0108818113804, 0.0123963803053, 0.0129499500617, 0.0130836199969, 0.0165151823312, 0.0189297553152, 0.0173756089061, 0.0140545032918, 0.0176143813878, 0.0186144728214, 0.0157906468958, 0.0134827950969, 0.0153230419382, 0.0143480133265, 0.0127053176984, 0.010648868978, 0.0103893037885, 0.0110870357603, 0.0144726224244, 0.336731016636, 0.542247116566, 0.330302357674, 0.0108614005148, 0.0126852327958, 0.0163969770074, 0.021871285513, 0.0220235772431, 0.014704301022, 0.0127486204728, 0.0145804965869, 0.0175279714167, 0.0190690271556], "min": [0, 0, 0, 0, 0, 0, 0, 0, 0, 0, 0, 0, 0, 0, 0, 0, 0, 0, 0, 0, 0, 0, 0, 0, 0, 0, 0, 0, 0, 0, 0, 0, 0, 0, 0, 0], "dvar2": [0.204696133733, 0.201571643353, 0.167795956135, 0.143657982349, 0.145905464888, 0.149352297187, 0.148986801505, 0.149447545409, 0.127089351416, 0.113925091922, 0.117046266794, 0.0948697850108, 0.0849764719605, 0.0712464898825, 0.0568100735545, 0.0769189968705, 0.0676329210401, 0.0717878565192, 0.0681066438556, 0.0632494091988, 0.0561454705894, 0.0540793910623, 0.0541018731892, 0.121307075024, 0.347983539104, 0.121895425022, 0.0849614590406, 0.0831898599863, 0.100028373301, 0.11124252528, 0.145173922181, 0.191951304674, 0.17265214026, 0.173354372382, 0.162701621652, 0.16753192246], "dvar": [0.0731139630079, 0.0720188692212, 0.0622744001448, 0.0523356422782, 0.0515361763537, 0.0538316592574, 0.0518273375928, 0.0522045642138, 0.0444608926773, 0.0403196997941, 0.0420806594193, 0.0360496230423, 0.0314196944237, 0.0253496132791, 0.0206783581525, 0.0274292062968, 0.0244135092944, 0.027443619445, 0.0260631404817, 0.0229638591409, 0.0201450977474, 0.019217543304, 0.0200450904667, 0.047536175698, 0.146543353796, 0.0483906939626, 0.0298529826105, 0.0288058016449, 0.0365814678371, 0.0424691773951, 0.0542730987072, 0.06928139925, 0.0613048970699, 0.0614701062441, 0.0584709830582, 0.0594628453255], "dmean": [0.155479669571, 0.153726056218, 0.134286686778, 0.115608014166, 0.113800734282, 0.114712201059, 0.11656884104, 0.117055028677, 0.110283434391, 0.106844179332, 0.104984946549, 0.0945009961724, 0.0890516415238, 0.0783725455403, 0.0680366456509, 0.0729967057705, 0.0766565352678, 0.0807456970215, 0.0771626234055, 0.0657989606261, 0.0598211996257, 0.059118270874, 0.065640874207, 0.184312999249, 0.29890230298, 0.183797717094, 0.0824815109372, 0.0864828526974, 0.106852844357, 0.127148479223, 0.144093096256, 0.151569351554, 0.137531101704, 0.134147971869, 0.133037671447, 0.139058068395], "max": [1, 1, 1, 1, 1, 1, 1, 1, 1, 1, 1, 1, 1, 1, 1, 1, 1, 1, 1, 1, 1, 1, 1, 1, 1, 1, 1, 1, 1, 1, 1, 1, 1, 1, 1, 1], "var": [0.0541624911129, 0.0536238513887, 0.0545003153384, 0.0481335669756, 0.0436829179525, 0.0444594658911, 0.0385318621993, 0.0382917150855, 0.035414531827, 0.0331896841526, 0.0343517512083, 0.0350746437907, 0.0260210875422, 0.0190063156188, 0.0169963762164, 0.0207912325859, 0.0225241146982, 0.0321937836707, 0.0294363163412, 0.0215239748359, 0.0176805164665, 0.0172249265015, 0.017853166908, 0.0615686066449, 0.205113053322, 0.0619611255825, 0.021433621645, 0.0199939925224, 0.0298368409276, 0.0423256345093, 0.0489997081459, 0.0505121611059, 0.043216470629, 0.0443352125585, 0.0490497015417, 0.051079172641], "mean": [0.111850112677, 0.112327024341, 0.111191935837, 0.0974798649549, 0.0895569622517, 0.0900370553136, 0.0859213620424, 0.0846176967025, 0.0865903422236, 0.0867556408048, 0.084833547473, 0.0815931707621, 0.0744204595685, 0.0652187466621, 0.0595661699772, 0.0603694096208, 0.0700553879142, 0.0827753245831, 0.0766122490168, 0.0596036277711, 0.0525159016252, 0.0518807508051, 0.0577128976583, 0.299052536488, 0.524203062057, 0.288420498371, 0.0606710575521, 0.0624304041266, 0.0833330303431, 0.109075397253, 0.116535335779, 0.106085956097, 0.0935009494424, 0.0946421399713, 0.104239076376, 0.110943943262]}, "tuning_equal_tempered_deviation": 0.185065180063, "chords_changes_rate": 0.0911874771118, "key_key": "A#", "tuning_diatonic_strength": 0.463704735041, "key_scale": "major", "chords_number_rate": 0.00510377669707, "tuning_frequency": 434.193115234, "tuning_nontempered_energy_ratio": 0.768564879894, "chords_histogram": [13.8482475281, 9.05069732666, 18.9520244598, 1.46308267117, 0.272201418877, 1.32698202133, 0.204151079059, 2.2796869278, 1.29295682907, 1.59918344021, 1.15685606003, 1.49710786343, 0.102075539529, 0.374276965857, 0, 0.0340251773596, 0.0680503547192, 15.7876825333, 9.28887367249, 16.0258598328, 0.272201418877, 1.59918344021, 3.50459337234, 0], "key_strength": 0.607532262802, "chords_key": "F", "chords_strength": {"dmean2": 0.0136261768639, "median": 0.44180482626, "min": 0.225892290473, "dvar2": 0.000138499119203, "dvar": 9.20696256799e-05, "dmean": 0.0115395346656, "max": 0.81813031435, "var": 0.00858548656106, "mean": 0.447066307068}, "chords_scale": "major", "hpcp_entropy": {"dmean2": 1.22574317455, "median": 2.33402776718, "min": 0.0369425006211, "dvar2": 0.917532503605, "dvar": 0.348511785269, "dmean": 0.743871152401, "max": 4.79440450668, "var": 0.795500099659, "mean": 2.38905405998}}, "metadata": {"audio_properties": {"equal_loudness": 0, "codec": "mp3", "downmix": "mix", "sample_rate": 44100, "analysis_sample_rate": 44100, "bit_rate": 112000, "md5_encoded": "3d7e1c691baee79e433e3770fd5928fe", "length": 136.437545776, "replay_gain": -7.8145866394, "lossless": false}, "version": {"essentia_build_sha": "9f04d4dd351e2d05498f0c7e4880499648f24ac0", "essentia": "2.1-beta1", "extractor": "music 1.0", "essentia_git_sha": "v2.1_beta1-34-gf95df8b"}, "tags": {"title": ["Chica Me Tipo"], "barcode": ["008811147426"], "albumartist": ["Sublime"], "date": ["1992"], "file_name": "13 Chica Me Tipo.mp3", "musicbrainz album release country": ["US"], "musicbrainz_recordingid": ["f0cf22fe-8ad2-4da8-9315-8e57473db7ff"], "artist": ["Sublime"], "musicbrainz album status": ["official"], "asin": ["B000002P22"], "musicbrainz_albumid": ["c0bb651e-19d0-4b0e-9857-043cf910de60"], "musicbrainz_albumartistid": ["95f5b748-d370-47fe-85bd-0af2dc450bc0"], "tracknumber": ["13/22"], "artistsort": ["Sublime"], "catalognumber": ["GASD-11474"], "album": ["40 Oz. to Freedom"], "label": ["Gasoline Alley"], "albumartistsort": ["Sublime"], "musicbrainz album type": ["album"], "musicbrainz_artistid": ["95f5b748-d370-47fe-85bd-0af2dc450bc0"]}}, "rhythm": {"bpm_histogram_first_peak_bpm": {"dmean2": 0, "median": 96, "min": 96, "dvar2": 0, "dvar": 0, "dmean": 0, "max": 96, "var": 0, "mean": 96}, "bpm": 94.782875061, "bpm_histogram_second_peak_spread": {"dmean2": 0, "median": 0.392857134342, "min": 0.392857134342, "dvar2": 0, "dvar": 0, "dmean": 0, "max": 0.392857134342, "var": 0, "mean": 0.392857134342}, "bpm_histogram_first_peak_weight": {"dmean2": 0, "median": 0.33649289608, "min": 0.33649289608, "dvar2": 0, "dvar": 0, "dmean": 0, "max": 0.33649289608, "var": 0, "mean": 0.33649289608}, "onset_rate": 4.0233912468, "beats_position": [0.66176867485, 1.34675729275, 2.04335594177, 2.75156450272, 3.41333317757, 4.08671188354, 4.76009082794, 5.42185926437, 6.08362817764, 6.73378658295, 7.39555549622, 8.05732440948, 8.70748329163, 9.35764122009, 10.0078001022, 10.6579589844, 11.3081178665, 11.9582767487, 12.6084346771, 13.2469835281, 13.8971424103, 14.5473012924, 15.2090702057, 15.8824491501, 16.5326080322, 17.1827659607, 17.8329238892, 18.4598636627, 19.0984115601, 19.7369613647, 20.3755092621, 21.0140590668, 21.6526069641, 22.2795467377, 22.918094635, 23.5682544708, 24.2184123993, 24.8685703278, 25.5303401947, 26.1804981232, 26.8190479279, 27.4692058563, 28.1193637848, 28.7579135895, 29.3964614868, 30.0234012604, 30.6503391266, 31.2888889313, 31.9274368286, 32.5659866333, 33.204536438, 33.843082428, 34.4816322327, 35.1085700989, 35.7355079651, 36.362449646, 36.9893875122, 37.6163253784, 38.2432632446, 38.8702049255, 39.520362854, 40.1473007202, 40.7742385864, 41.4011802673, 42.0281181335, 42.6550559998, 43.3632659912, 44.071472168, 44.7216300964, 45.3717918396, 46.0103378296, 46.6721076965, 47.322265625, 47.9724235535, 48.6225852966, 49.2727432251, 49.9229011536, 50.573059082, 51.2116088867, 51.8501586914, 52.4770965576, 53.1040344238, 53.73097229, 54.3579139709, 54.9848518372, 55.6234016418, 56.2503395081, 56.8772773743, 57.4926071167, 58.1195449829, 58.7580947876, 59.3966445923, 60.0468025208, 60.673740387, 61.3006782532, 61.9392280579, 62.5777778625, 63.2047157288, 63.831653595, 64.4585952759, 65.0971450806, 65.7124710083, 66.3394088745, 67.0011749268, 67.6629486084, 68.3131027222, 68.9400405884, 69.5902023315, 70.2287521362, 70.8673019409, 71.4942398071, 72.1211776733, 72.759727478, 73.3982772827, 74.0252151489, 74.6521530151, 75.2907028198, 75.9292526245, 76.5561904907, 77.1831283569, 77.8100662231, 78.4253921509, 79.040725708, 79.6792755127, 80.3062133789, 80.9447631836, 81.5717010498, 82.198638916, 82.8255767822, 83.4292984009, 84.0330123901, 84.6367340088, 85.2404556274, 85.8557815552, 86.5523757935, 87.2489776611, 87.9339675903, 88.6189575195, 89.2807235718, 89.942489624, 90.6042633057, 91.2544174194, 91.9161911011, 92.5547409058, 93.2048950195, 93.8434448242, 94.4819946289, 95.1089324951, 95.7358703613, 96.3511962891, 96.9665298462, 97.5934677124, 98.2204055786, 98.8473434448, 99.474281311, 100.101219177, 100.728164673, 101.355102539, 101.993652344, 102.632194519, 103.259140015, 103.874465942, 104.501403809, 105.116729736, 105.743675232, 106.370613098, 107.009155273, 107.647705078, 108.274642944, 108.889976501, 109.516914368, 110.143852234, 110.7707901, 111.409339905, 112.047889709, 112.686439514, 113.336593628, 113.975143433, 114.613693237, 115.252243042, 115.890792847, 116.517730713, 117.144668579, 117.783218384, 118.421768188, 119.048706055, 119.698867798, 120.325805664, 120.95274353, 121.579681396, 122.206619263, 122.845169067, 123.483718872, 124.110656738, 124.737594604, 125.364532471, 125.979858398, 126.595191956, 127.210517883, 127.83745575, 128.464401245, 129.079727173, 129.695053101, 130.29876709, 130.960540771, 131.622314453, 132.284072876, 132.957458496, 133.630844116, 134.304214478, 134.989196777, 135.674194336], "beats_loudness": {"dmean2": 0.084762789309, "median": 0.0859596133232, "min": 0.000161486765137, "dvar2": 0.011325661093, "dvar": 0.00424987124279, "dmean": 0.050821904093, "max": 0.55471932888, "var": 0.00460517918691, "mean": 0.0942753478885}, "danceability": 1.19108295441, "bpm_histogram_second_peak_weight": {"dmean2": 0, "median": 0.0805687233806, "min": 0.0805687233806, "dvar2": 0, "dvar": 0, "dmean": 0, "max": 0.0805687233806, "var": 0, "mean": 0.0805687233806}, "beats_count": 212, "bpm_histogram_second_peak_bpm": {"dmean2": 0, "median": 91, "min": 91, "dvar2": 0, "dvar": 0, "dmean": 0, "max": 91, "var": 0, "mean": 91}, "bpm_histogram_first_peak_spread": {"dmean2": 0, "median": 0.598870038986, "min": 0.598870038986, "dvar2": 0, "dvar": 0, "dmean": 0, "max": 0.598870038986, "var": 0, "mean": 0.598870038986}, "beats_loudness_band_ratio": {"dmean2": [0.320503264666, 0.111555457115, 0.0820013657212, 0.0973124653101, 0.0701594725251, 0.114258639514], "median": [0.689148187637, 0.0393600575626, 0.019956715405, 0.035993874073, 0.0562674105167, 0.108935393393], "min": [0.00362011161633, 0.000505266420078, 8.84325709194e-05, 4.56921225123e-05, 4.94822270412e-05, 0.00345215713605], "dvar2": [0.0769795179367, 0.0334583297372, 0.0364687852561, 0.0123680271208, 0.00538756884634, 0.0136231333017], "dvar": [0.0275893732905, 0.0108660757542, 0.0125349638984, 0.0042855902575, 0.00195798464119, 0.00529498839751], "dmean": [0.187984094024, 0.0604777410626, 0.0453290864825, 0.05379473418, 0.0407943539321, 0.0670583471656], "max": [0.982532441616, 0.881690204144, 0.942305326462, 0.482667535543, 0.365443080664, 0.487117141485], "var": [0.0404365584254, 0.00739550497383, 0.00764545425773, 0.00552013330162, 0.00250362255611, 0.00696889311075], "mean": [0.669700562954, 0.0631464868784, 0.0398476608098, 0.064469859004, 0.0641395822167, 0.111676737666]}}, "lowlevel": {"barkbands_spread": {"dmean2": 10.8215093613, "median": 11.5262813568, "min": 0.134108364582, "dvar2": 167.798812866, "dvar": 74.7438659668, "dmean": 7.03727340698, "max": 93.3318023682, "var": 218.189834595, "mean": 16.202419281}, "melbands_spread": {"dmean2": 10.1259670258, "median": 7.62102890015, "min": 0.095450848341, "dvar2": 176.889648438, "dvar": 72.5862045288, "dmean": 6.3594250679, "max": 147.019851685, "var": 195.823165894, "mean": 12.6788635254}, "hfc": {"dmean2": 43.4312591553, "median": 50.2058563232, "min": 2.63380115939e-05, "dvar2": 9183.74511719, "dvar": 4204.0859375, "dmean": 29.0412330627, "max": 2542.48120117, "var": 19345.890625, "mean": 77.4888687134}, "barkbands_kurtosis": {"dmean2": 28.8479309082, "median": 12.945145607, "min": -1.77959895134, "dvar2": 2356.20483398, "dvar": 920.933898926, "dmean": 17.8175430298, "max": 652.042419434, "var": 1755.10424805, "mean": 27.7721672058}, "gfcc": {"mean": [-2.99604845047, 97.9348220825, -88.5208206177, 24.4848937988, -1.21660125256, -2.04227161407, 9.92552375793, -14.0673494339, 1.00607573986, -2.16523981094, -5.12733697891, 3.30992174149, -5.4731798172], "icov": [[0.000174473869265, 5.62675777473e-05, 0.000172331390786, 0.000107296931674, -0.000311877985951, 0.000339377875207, -0.000259486434516, -0.000308705522912, 0.000734884059057, -0.000975764298346, 0.000670587935019, -0.000470973842312, 0.000273724086583], [5.62675777473e-05, 0.00443466613069, -0.00609804410487, 0.00857204664499, -0.00608038902283, 0.0045060692355, -0.00207922561094, 0.000401994737331, 0.00187372800428, -0.00124636699911, 0.0013640250545, -0.000893937947694, 0.000484244112158], [0.000172331390786, -0.00609804410487, 0.015469295904, -0.0202766731381, 0.0172589998692, -0.0125632863492, 0.00574777228758, -0.000137199371238, -0.00861635059118, 0.011313226074, -0.0123620163649, 0.0103281885386, -0.00629421183839], [0.000107296931674, 0.00857204664499, -0.0202766731381, 0.0334106609225, -0.0302716866136, 0.0225762221962, -0.00859353505075, -0.00510035362095, 0.0196308158338, -0.0254030209035, 0.0274282619357, -0.0238159727305, 0.0147001529112], [-0.000311877985951, -0.00608038902283, 0.0172589998692, -0.0302716866136, 0.0368340648711, -0.025548024103, 0.00681999744847, 0.0115708420053, -0.0269323140383, 0.0338542573154, -0.0369266755879, 0.0315681770444, -0.0204877760261], [0.000339377875207, 0.0045060692355, -0.0125632863492, 0.0225762221962, -0.025548024103, 0.023392546922, -0.00698359357193, -0.00896059162915, 0.0233563240618, -0.0263748653233, 0.0243899002671, -0.0206583738327, 0.0134432949126], [-0.000259486434516, -0.00207922561094, 0.00574777228758, -0.00859353505075, 0.00681999744847, -0.00698359357193, 0.00901850871742, 0.0013186148135, -0.00932265352458, 0.00988483242691, -0.00795064866543, 0.00234743207693, -0.000654875882901], [-0.000308705522912, 0.000401994737331, -0.000137199371238, -0.00510035362095, 0.0115708420053, -0.00896059162915, 0.0013186148135, 0.0149074522778, -0.0127747636288, 0.0105451894924, -0.0124873491004, 0.0136605473235, -0.0116376392543], [0.000734884059057, 0.00187372800428, -0.00861635059118, 0.0196308158338, -0.0269323140383, 0.0233563240618, -0.00932265352458, -0.0127747636288, 0.0375903472304, -0.0383515879512, 0.0354421213269, -0.0288848113269, 0.0184425860643], [-0.000975764298346, -0.00124636699911, 0.011313226074, -0.0254030209035, 0.0338542573154, -0.0263748653233, 0.00988483242691, 0.0105451894924, -0.0383515879512, 0.064415872097, -0.05730047822, 0.0418426170945, -0.0202342867851], [0.000670587935019, 0.0013640250545, -0.0123620163649, 0.0274282619357, -0.0369266755879, 0.0243899002671, -0.00795064866543, -0.0124873491004, 0.0354421213269, -0.05730047822, 0.0754089951515, -0.0492529124022, 0.0220399945974], [-0.000470973842312, -0.000893937947694, 0.0103281885386, -0.0238159727305, 0.0315681770444, -0.0206583738327, 0.00234743207693, 0.0136605473235, -0.0288848113269, 0.0418426170945, -0.0492529124022, 0.0563351660967, -0.0262748692185], [0.000273724086583, 0.000484244112158, -0.00629421183839, 0.0147001529112, -0.0204877760261, 0.0134432949126, -0.000654875882901, -0.0116376392543, 0.0184425860643, -0.0202342867851, 0.0220399945974, -0.0262748692185, 0.0294551346451]], "cov": [[8381.59863281, -1054.43713379, -752.227050781, 233.357116699, 106.958137512, -135.573501587, 444.867126465, -127.647727966, 72.0104217529, 139.488082886, 25.9166545868, 86.2711105347, -133.730712891], [-1054.43713379, 963.802429199, 187.613357544, -338.10369873, 7.18808984756, 99.3383026123, -147.548431396, 54.3673210144, -60.5870933533, -46.4813117981, 28.4214954376, -68.5775527954, 104.208297729], [-752.227050781, 187.613357544, 633.661010742, 174.977096558, -167.147521973, 59.5588188171, -177.523498535, 177.721237183, -67.3405990601, 30.3582630157, -15.5533189774, -22.7874298096, 29.1419963837], [233.357116699, -338.10369873, 174.977096558, 457.669006348, 89.8161621094, -127.592056274, 117.198371887, -41.6519584656, 62.2258453369, 7.01084280014, -16.414226532, 52.3390922546, -55.9486541748], [106.958137512, 7.18808984756, -167.147521973, 89.8161621094, 333.177001953, 72.4745025635, 110.42414093, -109.748550415, 33.5793113708, -22.9878349304, 38.8246269226, 7.7418551445, 17.1453495026], [-135.573501587, 99.3383026123, 59.5588188171, -127.592056274, 72.4745025635, 325.519348145, -54.4051399231, 69.8755340576, -105.014526367, 28.489118576, 32.4340858459, -28.2818317413, 40.0982246399], [444.867126465, -147.548431396, -177.523498535, 117.198371887, 110.42414093, -54.4051399231, 319.318206787, -79.9119644165, 105.055137634, -19.4994411469, 9.08190631866, 58.4393844604, -54.8085441589], [-127.647727966, 54.3673210144, 177.721237183, -41.6519584656, -109.748550415, 69.8755340576, -79.9119644165, 203.327453613, -7.24411582947, 41.3455886841, 0.306105017662, -24.7305450439, 40.0350151062], [72.0104217529, -60.5870933533, -67.3405990601, 62.2258453369, 33.5793113708, -105.014526367, 105.055137634, -7.24411582947, 155.084472656, 28.1185054779, -1.65417909622, 20.1863059998, -32.9011383057], [139.488082886, -46.4813117981, 30.3582630157, 7.01084280014, -22.9878349304, 28.489118576, -19.4994411469, 41.3455886841, 28.1185054779, 84.9482879639, 31.8242683411, -10.2269992828, -2.81933188438], [25.9166545868, 28.4214954376, -15.5533189774, -16.414226532, 38.8246269226, 32.4340858459, 9.08190631866, 0.306105017662, -1.65417909622, 31.8242683411, 59.7226600647, 19.8868522644, 12.6342639923], [86.2711105347, -68.5775527954, -22.7874298096, 52.3390922546, 7.7418551445, -28.2818317413, 58.4393844604, -24.7305450439, 20.1863059998, -10.2269992828, 19.8868522644, 71.9922866821, 8.83072185516], [-133.730712891, 104.208297729, 29.1419963837, -55.9486541748, 17.1453495026, 40.0982246399, -54.8085441589, 40.0350151062, -32.9011383057, -2.81933188438, 12.6342639923, 8.83072185516, 92.9400863647]]}, "spectral_energyband_middle_low": {"dmean2": 0.00564738363028, "median": 0.00439242273569, "min": 7.91775867093e-10, "dvar2": 7.40693649277e-05, "dvar": 3.38749850926e-05, "dmean": 0.00365910935216, "max": 0.191052123904, "var": 8.46096954774e-05, "mean": 0.00718938885257}, "melbands_crest": {"dmean2": 7.78384256363, "median": 25.303155899, "min": 3.89373636246, "dvar2": 47.5833816528, "dvar": 17.9333095551, "dmean": 4.76995182037, "max": 38.9371604919, "var": 48.9231071472, "mean": 24.7602844238}, "spectral_kurtosis": {"dmean2": 4.93135547638, "median": 9.69289207458, "min": 2.80488061905, "dvar2": 61.450340271, "dvar": 23.1003952026, "dmean": 3.11387300491, "max": 95.6914749146, "var": 47.4012680054, "mean": 11.6422557831}, "spectral_rms": {"dmean2": 0.00355517538264, "median": 0.0086735887453, "min": 2.57723058894e-06, "dvar2": 1.61719999596e-05, "dvar": 6.1066048147e-06, "dmean": 0.00218517752364, "max": 0.0260128844529, "var": 1.5362389604e-05, "mean": 0.00888571422547}, "zerocrossingrate": {"dmean2": 0.028870427981, "median": 0.08056640625, "min": 0.005859375, "dvar2": 0.000974193506408, "dvar": 0.000590694544371, "dmean": 0.0220690499991, "max": 0.6884765625, "var": 0.00445357942954, "mean": 0.0943285897374}, "silence_rate_60dB": {"dmean2": 0.0170212760568, "median": 0, "min": 0, "dvar2": 0.0170721728355, "dvar": 0.00843685679138, "dmean": 0.00850918982178, "max": 1, "var": 0.0371364094317, "mean": 0.0386251471937}, "erbbands_kurtosis": {"dmean2": 2.13642597198, "median": 0.245832681656, "min": -1.75884640217, "dvar2": 14.5222444534, "dvar": 5.83126068115, "dmean": 1.36035192013, "max": 84.6875839233, "var": 12.4027843475, "mean": 1.36259841919}, "erbbands": {"dmean2": [2.73267102242, 7.71019744873, 12.4669771194, 8.02258872986, 7.03818559647, 9.2340555191, 10.5643863678, 8.13788986206, 9.10417461395, 10.7211227417, 16.2630519867, 17.4247093201, 26.4116859436, 23.6373386383, 30.4575576782, 50.8579750061, 55.8599090576, 35.6686325073, 29.9468479156, 22.0389957428, 22.30534935, 16.3773212433, 12.0027761459, 11.7129564285, 11.7257394791, 12.2101011276, 12.3918142319, 9.37381076813, 5.08558654785, 2.21846580505, 1.01637899876, 0.37666285038, 0.131951063871, 0.0876741781831, 0.0547004044056, 0.0307983271778, 0.0351001955569, 0.0509352907538, 0.0314241871238, 0.00513101788238], "median": [1.52357065678, 4.52726411819, 4.64915800095, 2.90397453308, 2.96436500549, 3.80838894844, 3.66635847092, 3.34652590752, 2.55925655365, 3.07883167267, 3.93488717079, 5.04104995728, 6.45973825455, 6.62103271484, 10.032324791, 11.9213829041, 11.5676269531, 9.126994133, 11.103222847, 11.0364646912, 8.42194747925, 8.75716495514, 6.79937648773, 5.38363409042, 4.85871744156, 4.10755825043, 3.2810614109, 2.12297487259, 1.25590276718, 0.656513333321, 0.336182892323, 0.136983439326, 0.031833678484, 0.016169808805, 0.0100933676586, 0.00723282713443, 0.0133910523728, 0.0157900918275, 0.011275340803, 0.00459857517853], "min": [9.85510340001e-09, 2.53908538639e-08, 4.75087915675e-08, 2.57349341837e-07, 1.32790503926e-07, 3.03629747123e-07, 5.88948466884e-07, 4.69962856187e-07, 8.84323185346e-07, 6.8235397066e-07, 3.47351942764e-07, 8.4101873199e-07, 6.52672213164e-07, 5.89859837419e-07, 1.00117904367e-06, 2.87753664452e-06, 1.58055979682e-06, 1.77543404334e-06, 3.60366720997e-06, 3.07638742925e-06, 4.62208163299e-06, 3.77625997316e-06, 2.96661255561e-06, 3.33365187544e-06, 3.75627973881e-06, 3.62024411515e-06, 6.21046638116e-06, 4.23299206886e-06, 1.42090379995e-06, 3.39949593808e-07, 3.3481788364e-07, 2.54740115224e-07, 7.56199938223e-08, 6.78850042846e-08, 4.74603787382e-08, 3.15617469937e-08, 2.40863151646e-08, 1.83630159967e-08, 2.11087805013e-08, 2.71161537668e-09], "dvar2": [17.9773845673, 119.491508484, 528.145507812, 236.057662964, 134.942398071, 233.656784058, 654.84777832, 329.518859863, 551.86315918, 677.294128418, 4451.98828125, 5356.48144531, 8903.38378906, 9922.43457031, 4814.71240234, 16971.1074219, 28849.7753906, 7930.47753906, 5185.35888672, 1583.82861328, 2975.33203125, 798.122314453, 610.074279785, 558.100280762, 606.12097168, 840.986694336, 978.55291748, 594.534729004, 149.155029297, 23.746465683, 4.58742046356, 0.503266274929, 0.0393220596015, 0.0176404919475, 0.00683403061703, 0.00212157936767, 0.0039204810746, 0.0105193173513, 0.00470672687516, 0.00017217011191], "dvar": [6.51654243469, 43.7951316833, 193.532058716, 89.9035797119, 50.8413848877, 92.3503265381, 325.224609375, 136.409225464, 261.769378662, 323.639526367, 2275.95166016, 2476.65063477, 4140.95263672, 4801.47119141, 1988.02416992, 6539.00634766, 11942.2763672, 3047.38012695, 2237.41674805, 633.628295898, 1240.81591797, 364.422790527, 263.157836914, 267.861938477, 296.852996826, 424.884185791, 482.855987549, 285.668487549, 74.6836090088, 12.2478618622, 2.30998802185, 0.234364613891, 0.0159977395087, 0.00716232415289, 0.00277756643482, 0.000866984308232, 0.00199338700622, 0.00589136220515, 0.00244268798269, 7.03134064679e-05], "dmean": [1.62440705299, 4.62918329239, 7.28764200211, 4.77073097229, 4.25444841385, 5.61714220047, 6.6997385025, 5.0790309906, 5.81594228745, 6.93781042099, 10.7906370163, 11.3957052231, 17.5726928711, 15.4846830368, 19.1264343262, 31.2103767395, 34.7756919861, 22.2882766724, 18.8354454041, 13.7833003998, 14.3638811111, 11.0109357834, 8.18620586395, 8.09070968628, 8.31730556488, 8.93476676941, 9.09023571014, 6.89181423187, 3.74387836456, 1.66788876057, 0.747107684612, 0.261234104633, 0.0797508656979, 0.0525029115379, 0.0327589288354, 0.0185449849814, 0.0253928136081, 0.0393610112369, 0.0241227224469, 0.00367423682474], "max": [30.7620353699, 102.233764648, 155.555236816, 139.177078247, 89.5029296875, 162.028656006, 658.800598145, 401.47857666, 477.873657227, 439.154815674, 2109.15185547, 2135.03320312, 2884.30664062, 3666.84375, 1422.50085449, 1698.41674805, 3007.20629883, 1080.99804688, 2345.58325195, 650.670898438, 1072.90063477, 374.075134277, 495.797821045, 381.993225098, 311.241455078, 491.182800293, 543.893066406, 349.348083496, 188.070236206, 52.8787307739, 34.8556060791, 14.7149124146, 1.31979548931, 0.88431674242, 0.550849020481, 0.305423825979, 1.205483675, 1.0892996788, 1.1884983778, 0.230296865106], "var": [9.26926231384, 59.9904289246, 183.042327881, 86.0752792358, 62.6654205322, 134.859191895, 712.632385254, 213.109542847, 554.952880859, 660.207702637, 5143.31787109, 4835.76367188, 9465.18261719, 10816.6005859, 3907.35473633, 15147.3447266, 26407.7148438, 7712.65869141, 5893.63085938, 1538.53820801, 2819.86157227, 829.635192871, 542.060424805, 526.079345703, 570.618652344, 808.311889648, 910.103881836, 505.548461914, 137.020935059, 23.4602527618, 4.36381149292, 0.396919310093, 0.0176547002047, 0.00761621398851, 0.00295806885697, 0.000951327150688, 0.00406611757353, 0.0131157487631, 0.00532272504643, 0.000158532013302], "mean": [2.5580034256, 6.85027360916, 8.83409786224, 5.87248086929, 5.67253923416, 7.88286447525, 9.64423179626, 7.57700967789, 8.13843250275, 9.90617275238, 16.9956417084, 17.5651531219, 27.2120628357, 23.9564437866, 32.8389358521, 54.2593307495, 61.5672340393, 42.0198402405, 35.5958366394, 25.6914329529, 27.3361816406, 20.2034645081, 14.7862100601, 13.5818042755, 13.4247903824, 14.0198307037, 13.8413705826, 10.098862648, 5.54917573929, 2.52159333229, 1.13380098343, 0.368416398764, 0.0822524502873, 0.0503991171718, 0.0314456522465, 0.0190038755536, 0.0385957174003, 0.0639478936791, 0.0410888046026, 0.00871722120792]}, "spectral_strongpeak": {"dmean2": 3.21175599098, "median": 0.30294290185, "min": 0, "dvar2": 534.494567871, "dvar": 188.5990448, "dmean": 1.7418936491, "max": 276.094390869, "var": 175.052032471, "mean": 1.58097422123}, "spectral_energy": {"dmean2": 0.0772365480661, "median": 0.0771119222045, "min": 6.80817047183e-09, "dvar2": 0.0118676032871, "dvar": 0.00436427071691, "dmean": 0.0464251860976, "max": 0.693586885929, "var": 0.00651104934514, "mean": 0.0966761261225}, "average_loudness": 0.819570183754, "spectral_rolloff": {"dmean2": 1204.86096191, "median": 193.798828125, "min": 21.533203125, "dvar2": 14246153, "dvar": 5421136, "dmean": 668.046203613, "max": 22050, "var": 14923100, "mean": 1329.55749512}, "spectral_centroid": {"dmean2": 411.677734375, "median": 1164.53173828, "min": 74.9255599976, "dvar2": 191041.625, "dvar": 106623.578125, "dmean": 291.518096924, "max": 4115.58496094, "var": 546948.1875, "mean": 1290.13317871}, "pitch_salience": {"dmean2": 0.16600368917, "median": 0.368494510651, "min": 0.0473986677825, "dvar2": 0.0202753245831, "dvar": 0.00792801938951, "dmean": 0.103194564581, "max": 0.865468263626, "var": 0.0214571785182, "mean": 0.380406737328}, "spectral_energyband_middle_high": {"dmean2": 0.00383592559956, "median": 0.00310743832961, "min": 6.55737242283e-10, "dvar2": 4.94264240842e-05, "dvar": 2.06283402804e-05, "dmean": 0.00257017393596, "max": 0.110301636159, "var": 8.68223360158e-05, "mean": 0.00665438454598}, "spectral_contrast_coeffs": {"dmean2": [0.0888303294778, 0.0818886607885, 0.0651376917958, 0.0517388992012, 0.0359708294272, 0.088871948421], "median": [-0.738289654255, -0.796197712421, -0.809049785137, -0.808917462826, -0.8253210783, -0.720736801624], "min": [-0.924070596695, -0.95006364584, -0.958912730217, -0.973015010357, -0.964909255505, -0.902171909809], "dvar2": [0.00512158963829, 0.00402723392472, 0.00266052340157, 0.00167326733936, 0.000959163880907, 0.0060607213527], "dvar": [0.00194037379697, 0.00155633757822, 0.00104620063212, 0.000640282407403, 0.00038607759052, 0.00262534245849], "dmean": [0.0538707487285, 0.0505513362586, 0.0405266545713, 0.0317419543862, 0.0222752280533, 0.0583115927875], "max": [-0.393679469824, -0.456732660532, -0.514363050461, -0.572839200497, -0.654284179211, -0.372596859932], "var": [0.00482974108309, 0.00506885163486, 0.00429148133844, 0.00278496160172, 0.00147903896868, 0.0101504847407], "mean": [-0.732643306255, -0.786747813225, -0.801177918911, -0.804310441017, -0.825675964355, -0.708547413349]}, "melbands_skewness": {"dmean2": 3.04944968224, "median": 4.74084663391, "min": -0.927994310856, "dvar2": 10.9360523224, "dvar": 4.11074733734, "dmean": 1.90183055401, "max": 28.0464496613, "var": 11.5925245285, "mean": 5.3577041626}, "spectral_spread": {"dmean2": 825291.5625, "median": 3842726, "min": 983035.375, "dvar2": 559936241664, "dvar": 226599337984, "dmean": 521792, "max": 8865947, "var": 746543710208, "mean": 3827538}, "dissonance": {"dmean2": 0.026638649404, "median": 0.483560860157, "min": 0.250700175762, "dvar2": 0.000955560826696, "dvar": 0.000379193632398, "dmean": 0.0162492655218, "max": 0.5, "var": 0.000822173547931, "mean": 0.473725229502}, "spectral_skewness": {"dmean2": 0.420751363039, "median": 1.9931640625, "min": 0.707351207733, "dvar2": 0.27446988225, "dvar": 0.116266593337, "dmean": 0.285690456629, "max": 7.49062585831, "var": 0.467139691114, "mean": 2.11681270599}, "spectral_flux": {"dmean2": 0.0914672762156, "median": 0.134384617209, "min": 0.000110927823698, "dvar2": 0.00945059489459, "dvar": 0.00407670252025, "dmean": 0.0552651062608, "max": 0.671712517738, "var": 0.00816124025732, "mean": 0.150716170669}, "spectral_contrast_valleys": {"dmean2": [0.666860222816, 0.768786132336, 0.613914549351, 0.509948313236, 0.481724619865, 1.26291823387], "median": [-6.20755529404, -6.78820705414, -7.04063415527, -7.27538347244, -7.28559160233, -10.9347686768], "min": [-14.9238357544, -14.5071706772, -15.3360452652, -14.6233634949, -14.1977682114, -17.1770820618], "dvar2": [0.279915213585, 0.375687748194, 0.275488197803, 0.199036613107, 0.265002816916, 1.14826476574], "dvar": [0.114463232458, 0.157299995422, 0.120917625725, 0.0970497727394, 0.130660519004, 0.432114869356], "dmean": [0.413872420788, 0.48020786047, 0.394455343485, 0.340548366308, 0.353619784117, 0.776872158051], "max": [-4.75981998444, -4.81364011765, -4.97418069839, -5.20748138428, -5.38363695145, -8.84903812408], "var": [0.769431471825, 0.802314698696, 0.841760337353, 0.997260212898, 1.19428670406, 1.24044346809], "mean": [-6.35099840164, -6.88749504089, -7.18644046783, -7.37910079956, -7.44359827042, -11.0723991394]}, "erbbands_flatness_db": {"dmean2": 0.0383415147662, "median": 0.129105374217, "min": 0.0451775230467, "dvar2": 0.00113889609929, "dvar": 0.000496875087265, "dmean": 0.0247941799462, "max": 0.338892281055, "var": 0.00235831062309, "mean": 0.139768913388}, "spectral_energyband_high": {"dmean2": 0.000734907051083, "median": 0.00030487368349, "min": 3.80152548329e-10, "dvar2": 2.64092909674e-06, "dvar": 1.42110934576e-06, "dmean": 0.000574735109694, "max": 0.0259510073811, "var": 3.1482088616e-06, "mean": 0.000986977829598}, "spectral_entropy": {"dmean2": 0.278191417456, "median": 7.66601467133, "min": 4.76079034805, "dvar2": 0.0910786017776, "dvar": 0.0398372709751, "dmean": 0.184595301747, "max": 8.44382381439, "var": 0.193388044834, "mean": 7.5592751503}, "silence_rate_20dB": {"dmean2": 0.0149787236005, "median": 1, "min": 0, "dvar2": 0.0195196047425, "dvar": 0.00743161467835, "dmean": 0.00748808728531, "max": 1, "var": 0.00675980001688, "mean": 0.993193805218}, "melbands_flatness_db": {"dmean2": 0.0754029750824, "median": 0.307496488094, "min": 0.0749306231737, "dvar2": 0.00448317360133, "dvar": 0.00172108528204, "dmean": 0.0480737127364, "max": 0.806589663029, "var": 0.00763892894611, "mean": 0.314692020416}, "barkbands": {"dmean2": [0.0274753086269, 0.0512716509402, 0.0102811707184, 0.00197526020929, 0.0025338192936, 0.00107342761476, 0.000637885706965, 0.000735060428269, 0.000856969389133, 0.000896983372513, 0.000664882711135, 0.00121525942814, 0.00127430667635, 0.000706118589733, 0.000522915972397, 0.000421332428232, 0.00031904966454, 0.000226155854762, 0.000238012435148, 0.000253551086644, 0.000274693476968, 0.000128467552713, 3.97479598178e-05, 1.11150293378e-05, 7.75690386945e-06, 1.7490450773e-05, 0.000250693236012], "median": [0.0128849223256, 0.0323445536196, 0.00284852366894, 0.000688105123118, 0.00116095179692, 0.000439673720393, 0.000171174207935, 0.000170133454958, 0.000226623902563, 0.00019894290017, 0.000183845884749, 0.000269396521617, 0.000235753861489, 0.000155697402079, 0.000215880325413, 0.000156285314006, 0.000147194587043, 0.000113394125947, 0.000102748970676, 8.61731386976e-05, 6.60658552079e-05, 3.20741673931e-05, 1.31237584355e-05, 3.72076692656e-06, 1.39163114454e-06, 6.87941474098e-06, 0.000160209659953], "min": [2.0875247364e-10, 1.876343525e-10, 3.765139589e-11, 1.11157680283e-10, 1.82338893984e-10, 4.10287151476e-11, 4.31896220177e-11, 5.76914080744e-12, 4.06755289173e-11, 1.0802065839e-11, 1.36938741596e-11, 4.88852777702e-11, 3.17026960239e-11, 5.49877227085e-11, 5.36267800999e-11, 7.44209346926e-11, 5.69276153994e-11, 5.14351269909e-11, 8.12926045923e-11, 7.71681954448e-11, 1.40864708786e-10, 3.5173478713e-11, 1.18722262923e-11, 7.54191934599e-12, 6.11524633015e-12, 1.15705231854e-11, 1.35637043264e-10], "dvar2": [0.00203425483778, 0.00559235643595, 0.000466090597911, 1.04057480712e-05, 1.57405938808e-05, 6.96508323017e-06, 2.98050804304e-06, 6.05376271778e-06, 1.08732147055e-05, 1.26518634715e-05, 2.56055091086e-06, 8.27044914331e-06, 1.46560769281e-05, 3.35791401085e-06, 1.11935480618e-06, 8.37868014969e-07, 3.1561552305e-07, 2.12765968399e-07, 2.39676353431e-07, 3.47079634366e-07, 5.18449269293e-07, 9.26007786006e-08, 6.77142519834e-09, 2.83070317186e-10, 1.37747091511e-10, 9.05079844404e-10, 2.92593028917e-07], "dvar": [0.00074836355634, 0.00203688908368, 0.000169722581632, 3.97332405555e-06, 6.26646578894e-06, 3.49915490006e-06, 1.46744378071e-06, 2.76287482848e-06, 5.17611533724e-06, 5.57087832931e-06, 1.14284603114e-06, 3.20063782056e-06, 5.88404645896e-06, 1.36620428748e-06, 4.48098347761e-07, 3.37663919936e-07, 1.36329077804e-07, 9.12466830982e-08, 1.16107237602e-07, 1.76248676098e-07, 2.50827213222e-07, 4.64887541796e-08, 3.55123375151e-09, 1.22951732129e-10, 5.59399956912e-11, 4.53524856558e-10, 1.3392947551e-07], "dmean": [0.0160877369344, 0.0308172199875, 0.00596623122692, 0.00117724947631, 0.00156038871501, 0.000695786264259, 0.000409121013945, 0.000482285075122, 0.000560914981179, 0.00058292481117, 0.000420898548327, 0.00074151577428, 0.000789116951637, 0.000439299619757, 0.000328747177264, 0.000266209448455, 0.0002095765376, 0.000152262800839, 0.000165733043104, 0.000185661556316, 0.000203984149266, 9.43560226006e-05, 2.96940706903e-05, 7.14132829671e-06, 4.64267759526e-06, 1.25171563923e-05, 0.00018565976643], "max": [0.308128416538, 0.506369948387, 0.158344909549, 0.0270118489861, 0.0338331088424, 0.0724446251988, 0.0402689725161, 0.061745762825, 0.0691081732512, 0.102981634438, 0.029874689877, 0.0334034301341, 0.0561553128064, 0.0407192707062, 0.016379237175, 0.0169984158128, 0.00611832458526, 0.00910244788975, 0.00586840091273, 0.00965679436922, 0.0130130676553, 0.00418025581166, 0.00139141757973, 0.000144544304931, 7.81681446824e-05, 0.000455528555904, 0.00917523913085], "var": [0.000925290863961, 0.00296291499399, 0.000145041311043, 4.61773288407e-06, 9.61180739978e-06, 7.56868439566e-06, 3.19649802805e-06, 5.04709987581e-06, 1.08239728434e-05, 1.1687226106e-05, 2.21781442633e-06, 7.50039180275e-06, 1.16095661724e-05, 3.24744746649e-06, 1.01570651623e-06, 7.95789787844e-07, 2.80886865767e-07, 1.79773110176e-07, 2.21255035626e-07, 3.38087602358e-07, 4.51986608141e-07, 8.50991312973e-08, 7.05227432007e-09, 1.77011405533e-10, 5.94162011258e-11, 9.27540655393e-10, 3.27487072127e-07], "mean": [0.0233282446861, 0.0497384443879, 0.00656276615337, 0.00142364832573, 0.00226995302364, 0.00104955164716, 0.00057256303262, 0.000688252970576, 0.000864768167958, 0.000842030160129, 0.000641517690383, 0.00123959244229, 0.00128919980489, 0.00075870368164, 0.000570669712033, 0.000486503675347, 0.000359181954991, 0.000262019981164, 0.000267091003479, 0.00029165376327, 0.00030328342109, 0.000140243282658, 4.52460044471e-05, 8.7858779807e-06, 4.42329928774e-06, 1.90121972992e-05, 0.000377385818865]}, "erbbands_skewness": {"dmean2": 0.638617038727, "median": -0.193361803889, "min": -4.0205078125, "dvar2": 0.366391122341, "dvar": 0.163398846984, "dmean": 0.425054699183, "max": 7.44719839096, "var": 0.860593736172, "mean": -0.159211531281}, "erbbands_spread": {"dmean2": 16.2640724182, "median": 36.0478057861, "min": 2.35548758507, "dvar2": 256.456756592, "dvar": 107.606056213, "dmean": 10.3581581116, "max": 115.600639343, "var": 411.919616699, "mean": 38.1022491455}, "melbands_kurtosis": {"dmean2": 60.4852828979, "median": 28.2302074432, "min": -1.8165178299, "dvar2": 12494.1591797, "dvar": 4592.35302734, "dmean": 36.5224876404, "max": 1466.27429199, "var": 6761.94580078, "mean": 55.6482200623}, "melbands": {"dmean2": [0.0192343797535, 0.00720965396613, 0.00135215301998, 0.000564081827179, 0.000376401178073, 0.0001868995314, 0.000134429108584, 0.000125547623611, 0.000135880109156, 0.000115431488666, 0.000134292931762, 0.00010049372213, 9.5097522717e-05, 0.000121463119285, 0.000158515264047, 0.000111582186946, 6.71382877044e-05, 5.35494509677e-05, 3.81398895115e-05, 2.86146205326e-05, 2.86759841401e-05, 1.93628147827e-05, 1.36518428917e-05, 1.0844800272e-05, 1.02325157059e-05, 9.43406303122e-06, 8.55642156239e-06, 8.88302838575e-06, 8.31158467918e-06, 7.51927564124e-06, 5.22293703398e-06, 3.43810279446e-06, 1.83811471288e-06, 1.0974961242e-06, 6.51867082979e-07, 4.27558433103e-07, 1.56523654482e-07, 9.22771263845e-08, 8.0921438439e-08, 7.14833703341e-08], "median": [0.0122140496969, 0.00384785025381, 0.000556002603844, 0.000255244463915, 0.00014584037126, 7.7386641351e-05, 3.77247888537e-05, 3.35715012625e-05, 3.11498806695e-05, 3.1465835491e-05, 2.98360519082e-05, 2.27174241445e-05, 2.9890847145e-05, 3.03743072436e-05, 2.64924074145e-05, 2.17568485823e-05, 1.42081153172e-05, 1.583273297e-05, 1.60150029842e-05, 1.17385552585e-05, 8.84425389813e-06, 8.80069819686e-06, 7.14755105946e-06, 4.85154487251e-06, 4.06399612984e-06, 3.70267025573e-06, 3.02657781504e-06, 2.6049481221e-06, 2.091