{"metadata": {"tags": {"label": ["Rhino"], "genre": ["Funk"], "asin": ["B0041T7FS6"], "file_name": "[untitled][21784].m4a", "album": ["Nile Rodgers Presents: The Chic Organization Box Set, Volume 1 / Savoir Faire"], "script": ["Latn"], "albumartistsort": ["Chic"], "musicbrainz_artistid": ["a4ed036b-5f18-439c-b1e1-96d205bab255"], "musicbrainz_releasegroupid": ["2c78da93-b80f-49ed-8515-4be33642aa54"], "artist": ["Chic"], "bpm": ["99"], "musicbrainz_albumid": ["b24ffa62-9930-44d5-96fb-adae1443a58f"], "artistsort": ["Chic"], "title": ["Funny Bone (Previously Unreleased outtake)"], "tracknumber": ["11/11"], "musicbrainz_albumartistid": ["a4ed036b-5f18-439c-b1e1-96d205bab255"], "composer": ["Nile Rodgers/Nile Rodgers & Bernard Edwards"], "compilation": ["0"], "date": ["2010-10-19"], "media": ["CD"], "musicbrainz_recordingid": ["13efa380-18c0-4307-a9a1-83f644c18d99"], "discnumber": ["1/4"]}, "audio_properties": {"sample_rate": 44100, "downmix": "mix", "lossless": true, "analysis_sample_rate": 44100, "md5_encoded": "f6cbb9674043f06614239f0bf7d80312", "equal_loudness": 0, "replay_gain": -9.34129333496, "codec": "alac", "bit_rate": 847782, "length": 209.839996338}, "version": {"extractor": "music 1.0", "essentia_build_sha": "2d9f1f26377add8aeb1075a9c2973f962c4f09fd", "essentia_git_sha": "v2.1_beta2-1-ge3940c0", "essentia": "2.1-beta2"}}, "rhythm": {"beats_loudness_band_ratio": {"dvar2": [0.0494634658098, 0.0296660643071, 0.0110116507858, 0.00197404739447, 0.00254941545427, 0.00300606805831], "var": [0.0349414944649, 0.0108269453049, 0.00388756464235, 0.00110560981557, 0.000641091261059, 0.00103372510057], "min": [0, 0, 0, 0, 0, 0], "dmean": [0.125875160098, 0.0989899113774, 0.0267301760614, 0.0105339325964, 0.0134433181956, 0.0411544218659], "mean": [0.807120680809, 0.120741464198, 0.0237079504877, 0.0123579567298, 0.0146259935573, 0.0286509022117], "max": [0.987442553043, 0.67776453495, 0.840945661068, 0.407801687717, 0.428829073906, 0.244917333126], "dmean2": [0.222598597407, 0.171344548464, 0.0468954630196, 0.0168309118599, 0.0249971114099, 0.0799573883414], "median": [0.86836874485, 0.0990069583058, 0.00877941958606, 0.00599938910455, 0.0104807987809, 0.0175939556211], "dvar": [0.0169173460454, 0.00981846451759, 0.00501573784277, 0.000860538042616, 0.000881725514773, 0.000928926747292]}, "bpm_histogram_first_peak_weight": {"dvar2": 0, "var": 0, "min": 0.827586174011, "dmean": 0, "mean": 0.827586174011, "max": 0.827586174011, "dmean2": 0, "median": 0.827586174011, "dvar": 0}, "bpm": 99.3621673584, "beats_count": 349, "bpm_histogram_first_peak_spread": {"dvar2": 0, "var": 0, "min": 0.142857164145, "dmean": 0, "mean": 0.142857164145, "max": 0.142857164145, "dmean2": 0, "median": 0.142857164145, "dvar": 0}, "danceability": 1.32530665398, "bpm_histogram_first_peak_bpm": {"dvar2": 0, "var": 0, "min": 99, "dmean": 0, "mean": 99, "max": 99, "dmean2": 0, "median": 99, "dvar": 0}, "beats_position": [0.568888902664, 1.16099774837, 1.75310659409, 2.33360528946, 2.91410422325, 3.50621318817, 4.09832191467, 4.69043064117, 5.2941493988, 5.89786815643, 6.5015873909, 7.10530614853, 7.70902490616, 8.28952407837, 8.893242836, 9.49696159363, 10.1006803513, 10.7043991089, 11.3081178665, 11.9234466553, 12.538775444, 13.1308841705, 13.722992897, 14.3267116547, 14.90721035, 15.5225391388, 16.1378688812, 16.7415866852, 17.3453063965, 17.9258041382, 18.5295238495, 19.1448516846, 19.760181427, 20.3522891998, 20.9676189423, 21.5829467773, 22.1982765198, 22.8019943237, 23.405714035, 24.009431839, 24.6131515503, 25.2168693542, 25.8205890656, 26.435918808, 27.0512466431, 27.6433563232, 28.2586841583, 28.8624038696, 29.4777317047, 30.0698413849, 30.6735591888, 31.2888889313, 31.9042167664, 32.4963264465, 33.0884361267, 33.6921539307, 34.2958717346, 34.8995895386, 35.5033111572, 36.1070289612, 36.7107467651, 37.3144645691, 37.9181861877, 38.5219039917, 39.1372337341, 39.7409515381, 40.344669342, 40.9599990845, 41.5637168884, 42.1674385071, 42.771156311, 43.374874115, 43.9785919189, 44.5823135376, 45.1860313416, 45.7897491455, 46.4050788879, 47.0087966919, 47.6241264343, 48.2278442383, 48.8315620422, 49.4352836609, 50.0390014648, 50.6543312073, 51.269657135, 51.8733787537, 52.4770965576, 53.0808143616, 53.6845359802, 54.2882537842, 54.8919715881, 55.4956893921, 56.0994110107, 56.7031288147, 57.3068466187, 57.9105644226, 58.5142860413, 59.1180038452, 59.7217216492, 60.3254394531, 60.952381134, 61.556098938, 62.1598167419, 62.7635345459, 63.3672561646, 63.9709739685, 64.5746917725, 65.1900177002, 65.8053512573, 66.409072876, 67.0127868652, 67.6165084839, 68.2202224731, 68.8239440918, 69.4276657104, 70.0197753906, 70.6351013184, 71.2272109985, 71.8425369263, 72.4462585449, 73.0499725342, 73.6536941528, 74.2574157715, 74.8611297607, 75.4764633179, 76.068572998, 76.6722869873, 77.276008606, 77.8797302246, 78.4834442139, 79.0871658325, 79.6908798218, 80.2946014404, 80.8983230591, 81.5020370483, 82.105758667, 82.7094802856, 83.3131942749, 83.9169158936, 84.5206298828, 85.1359634399, 85.7280731201, 86.3317871094, 86.935508728, 87.5624465942, 88.1661682129, 88.7698822021, 89.3736038208, 89.9773254395, 90.5810394287, 91.1847610474, 91.788482666, 92.3921966553, 92.9959182739, 93.5996322632, 94.2149658203, 94.830291748, 95.4340133667, 96.037727356, 96.6414489746, 97.2451705933, 97.8488845825, 98.4526062012, 99.0563278198, 99.683265686, 100.286979675, 100.890701294, 101.506027222, 102.121360779, 102.725074768, 103.328796387, 103.932518005, 104.536231995, 105.139953613, 105.755279541, 106.370613098, 106.974327087, 107.578048706, 108.181770325, 108.797096252, 109.41242218, 110.016143799, 110.619865417, 111.235191345, 111.850517273, 112.454238892, 113.05796051, 113.673286438, 114.288612366, 114.892333984, 115.496055603, 116.099769592, 116.703491211, 117.3072052, 117.910926819, 118.526252747, 119.141586304, 119.745300293, 120.349021912, 120.95274353, 121.55645752, 122.160179138, 122.763900757, 123.367614746, 123.971336365, 124.575057983, 125.178771973, 125.782493591, 126.386207581, 126.989929199, 127.593650818, 128.197372437, 128.801086426, 129.404800415, 130.008529663, 130.612243652, 131.215957642, 131.796463013, 132.400177002, 133.003890991, 133.607620239, 134.211334229, 134.815048218, 135.407165527, 136.022491455, 136.602996826, 137.206710815, 137.810424805, 138.414154053, 139.017868042, 139.621582031, 140.225296021, 140.829025269, 141.432739258, 142.036453247, 142.640182495, 143.243896484, 143.847610474, 144.451339722, 145.055053711, 145.6587677, 146.262496948, 146.866210938, 147.469924927, 148.073654175, 148.677368164, 149.281082153, 149.884811401, 150.488525391, 151.09223938, 151.695953369, 152.299682617, 152.903396606, 153.495513916, 154.099227905, 154.691329956, 155.295059204, 155.898773193, 156.502487183, 157.082992554, 157.698318481, 158.290420532, 158.89414978, 159.49786377, 160.101577759, 160.716918945, 161.332244873, 161.935958862, 162.539672852, 163.120178223, 163.723892212, 164.32762146, 164.931335449, 165.51184082, 166.11555481, 166.719268799, 167.322982788, 167.926712036, 168.530426025, 169.122543335, 169.714645386, 170.318359375, 170.922088623, 171.525802612, 172.129516602, 172.710021973, 173.313735962, 173.917449951, 174.521179199, 175.11328125, 175.717010498, 176.320724487, 176.936050415, 177.539764404, 178.143493652, 178.747207642, 179.350921631, 179.94303894, 180.535140991, 181.138870239, 181.742584229, 182.346298218, 182.938415527, 183.553741455, 184.157455444, 184.737960815, 185.341674805, 185.945388794, 186.57232666, 187.152832031, 187.756546021, 188.360275269, 188.963989258, 189.567703247, 190.171432495, 190.786758423, 191.402084351, 191.982574463, 192.586303711, 193.1900177, 193.805343628, 194.397460938, 195.001174927, 195.604888916, 196.231826782, 196.823944092, 197.43927002, 198.042984009, 198.646713257, 199.227203369, 199.830932617, 200.446258545, 201.061584473, 201.665298462, 202.26902771, 202.884353638, 203.499679565, 204.05696106, 204.625839233, 205.07862854, 205.508209229, 205.949386597, 206.42539978, 206.878189087, 207.330978394, 207.7837677, 208.236557007, 208.689331055, 209.142120361], "beats_loudness": {"dvar2": 0.00399886490777, "var": 0.00236724759452, "min": 0, "dmean": 0.0423094853759, "mean": 0.111979149282, "max": 0.282337635756, "dmean2": 0.0748639553785, "median": 0.106266275048, "dvar": 0.00132055510767}, "bpm_histogram_second_peak_weight": {"dvar2": 0, "var": 0, "min": 0.0201149433851, "dmean": 0, "mean": 0.0201149433851, "max": 0.0201149433851, "dmean2": 0, "median": 0.0201149433851, "dvar": 0}, "bpm_histogram_second_peak_spread": {"dvar2": 0, "var": 0, "min": 0.124999962747, "dmean": 0, "mean": 0.124999962747, "max": 0.124999962747, "dmean2": 0, "median": 0.124999962747, "dvar": 0}, "bpm_histogram_second_peak_bpm": {"dvar2": 0, "var": 0, "min": 133, "dmean": 0, "mean": 133, "max": 133, "dmean2": 0, "median": 133, "dvar": 0}, "onset_rate": 4.3552441597}, "lowlevel": {"spectral_energyband_high": {"dvar2": 1.26113377519e-06, "var": 1.39303915603e-06, "min": 6.97980816986e-21, "dmean": 0.00037221662933, "mean": 0.000475802022265, "max": 0.0117606287822, "dmean2": 0.000516777392477, "median": 2.27962118515e-05, "dvar": 6.90895319622e-07}, "spectral_energyband_middle_low": {"dvar2": 0.000658265431412, "var": 0.000349639652995, "min": 1.45710030798e-22, "dmean": 0.00972563587129, "mean": 0.0203413311392, "max": 0.188583999872, "dmean2": 0.015750143677, "median": 0.0174030456692, "dvar": 0.000261736568063}, "spectral_energy": {"dvar2": 0.00547596346587, "var": 0.00330778048374, "min": 9.94804240043e-21, "dmean": 0.0283758919686, "mean": 0.0674585327506, "max": 0.406632244587, "dmean2": 0.044514361769, "median": 0.0679775625467, "dvar": 0.00220443075523}, "spectral_spread": {"dvar2": 2541429456900.0, "var": 29001221406700.0, "min": 621712, "dmean": 1134292.375, "mean": 4849109.5, "max": 43122468, "dmean2": 1496498, "median": 3745884.75, "dvar": 1449106604030.0}, "spectral_energyband_low": {"dvar2": 0.00481689581648, "var": 0.00262128259055, "min": 1.52295009339e-23, "dmean": 0.0234829336405, "mean": 0.0492575801909, "max": 0.378167361021, "dmean2": 0.0375655032694, "median": 0.0425046049058, "dvar": 0.00187994109001}, "spectral_rolloff": {"dvar2": 814081.8125, "var": 6968591.5, "min": 43.06640625, "dmean": 175.803985596, "mean": 742.295410156, "max": 21016.40625, "dmean2": 307.356079102, "median": 236.865234375, "dvar": 322374.75}, "barkbands": {"dvar2": [6.95560220265e-06, 0.00302618509158, 0.0005382852396, 0.000206492986763, 0.000159065297339, 1.67303151102e-05, 3.70248380932e-06, 9.74837348622e-07, 3.46422382336e-07, 7.92392143012e-08, 4.40864660334e-08, 6.36768717754e-08, 7.25537034896e-08, 9.53581960061e-08, 1.45633563875e-07, 6.27601309588e-07, 5.55717463158e-07, 7.32922202928e-08, 9.84136931947e-08, 7.37212531021e-08, 1.42781132695e-07, 7.59737730505e-08, 3.31460157099e-08, 2.43657876098e-08, 1.17339862271e-08, 1.78206320811e-08, 2.21798290845e-09], "var": [3.39628786605e-06, 0.00156642706133, 0.000190022416064, 9.41862890613e-05, 8.33505473565e-05, 1.12880616143e-05, 3.71197370441e-06, 6.16217448624e-07, 1.24144378333e-07, 3.66415591202e-08, 2.04556407368e-08, 3.87858918316e-08, 4.1006373408e-08, 5.40890319201e-08, 5.30439585589e-08, 1.80553755058e-07, 1.37467196737e-07, 3.33219603021e-08, 6.17383477675e-08, 4.61370284199e-08, 1.00154046834e-07, 6.79191813902e-08, 3.14461168216e-08, 2.20356319858e-08, 1.36173987642e-08, 1.26041443949e-08, 1.31635791156e-09], "min": [1.48566544059e-25, 2.38938592342e-24, 3.19759812899e-25, 7.44350809151e-25, 5.77308763052e-24, 5.67092383241e-24, 7.10404270576e-24, 6.91074811815e-24, 9.21537843148e-24, 7.10271031969e-24, 1.55694573855e-23, 2.0808221126e-23, 1.55434013098e-23, 3.13837330198e-23, 2.67675556608e-23, 4.90968662728e-23, 6.88650137382e-23, 1.02931694251e-22, 1.07678844609e-22, 1.40518972632e-22, 2.28454092908e-22, 2.93068793509e-22, 4.25914610779e-22, 5.79614098607e-22, 8.57966029286e-22, 1.26404173493e-21, 1.87653797945e-21], "dmean": [0.00070607161615, 0.017925998196, 0.00640179682523, 0.00456958636642, 0.00474135531113, 0.0016289568739, 0.00056203402346, 0.000282621098449, 0.000160571566084, 8.75458645169e-05, 7.21746109775e-05, 8.55555554153e-05, 7.87648605183e-05, 9.30974856601e-05, 0.00011565566092, 0.000211357997614, 0.000164216864505, 7.45393917896e-05, 8.26170871733e-05, 6.68909124215e-05, 9.74490176304e-05, 7.07521976437e-05, 4.97072178405e-05, 4.49156286777e-05, 3.83987317036e-05, 5.12079932378e-05, 1.72487962118e-05], "mean": [0.000695627531968, 0.0355493947864, 0.00911381095648, 0.00686221849173, 0.00939428433776, 0.00260945642367, 0.000857200066093, 0.000375083996914, 0.000217774300836, 0.000120739889098, 0.000116293216706, 0.000157901609782, 9.89852560451e-05, 0.000129464242491, 0.000131498338305, 0.000202261813683, 0.000145686120959, 7.63213029131e-05, 9.02464598767e-05, 7.31330437702e-05, 0.000111595974886, 8.84279943421e-05, 6.38191704638e-05, 5.6584001868e-05, 4.90574384457e-05, 5.43432215636e-05, 1.69520935742e-05], "max": [0.0200570896268, 0.30621021986, 0.155011698604, 0.0943853780627, 0.083007261157, 0.0425142496824, 0.0222043469548, 0.0105561744422, 0.00859883241355, 0.00352165801451, 0.0026491698809, 0.00224872166291, 0.00526951439679, 0.00638908939436, 0.0038946904242, 0.00597770884633, 0.00467047933489, 0.0033423434943, 0.00338425138034, 0.00440482236445, 0.00340644968674, 0.00379976024851, 0.00242262915708, 0.00247474829666, 0.00147270422895, 0.000891732634045, 0.000301155669149], "dmean2": [0.00105862377677, 0.0292017590255, 0.0111400736496, 0.00763148674741, 0.00779465539381, 0.00267128553241, 0.000887536909431, 0.000449203711469, 0.000260304397671, 0.000136346934596, 0.000119375763461, 0.000136318572913, 0.000130048530991, 0.000151025058585, 0.00019475024601, 0.000362355436664, 0.000285441987216, 0.000118330935948, 0.000123676902149, 0.000102726327896, 0.000141623881063, 0.000102582715044, 7.06431310391e-05, 6.42323939246e-05, 5.33477468707e-05, 7.43265118217e-05, 2.54503847827e-05], "median": [5.32183294126e-05, 0.0272726658732, 0.00441942410544, 0.00404958287254, 0.0072015831247, 0.00149398343638, 0.000304264132865, 0.000125080536236, 0.000107397027023, 5.85157904425e-05, 7.67341989558e-05, 9.4329167041e-05, 4.27601335105e-05, 7.21960313967e-05, 5.66863964195e-05, 6.37818084215e-05, 4.09662534366e-05, 1.23911477203e-05, 1.14046451927e-05, 4.847512173e-06, 4.7886583161e-06, 2.66537153948e-06, 2.60339766101e-06, 2.21660502575e-06, 2.26471934184e-06, 2.76856121673e-06, 6.19960076165e-07], "dvar": [3.15114084515e-06, 0.00115731742699, 0.000190567778191, 8.13770893728e-05, 6.07249930908e-05, 6.84409496898e-06, 1.92580318981e-06, 4.40245031541e-07, 1.29815120431e-07, 3.051733799e-08, 1.65965001742e-08, 2.5321410746e-08, 3.05500016395e-08, 4.05420621519e-08, 5.60061010901e-08, 2.34628572571e-07, 2.00910065473e-07, 3.06379526194e-08, 4.57267503862e-08, 3.2621187529e-08, 6.80477825199e-08, 3.62593333136e-08, 1.64462612418e-08, 1.18886571698e-08, 6.17886009024e-09, 8.91696050331e-09, 1.0606979739e-09]}, "melbands_skewness": {"dvar2": 4.4555773735, "var": 5.98971176147, "min": -2.21959996223, "dmean": 1.32318365574, "mean": 4.34127902985, "max": 20.0347309113, "dmean2": 1.95511341095, "median": 4.02808856964, "dvar": 2.13394880295}, "barkbands_skewness": {"dvar2": 3.41502070427, "var": 4.19131994247, "min": -3.43197727203, "dmean": 1.05870091915, "mean": 3.33969044685, "max": 27.2985992432, "dmean2": 1.58190619946, "median": 3.20710515976, "dvar": 1.53294229507}, "erbbands": {"dvar2": [2.6683306694, 181.122009277, 746.46282959, 1330.77233887, 2203.77758789, 1872.67407227, 1802.97949219, 1150.31860352, 1232.79577637, 416.469970703, 450.3175354, 196.042709351, 105.607719421, 64.1407928467, 75.3670883179, 118.480773926, 140.667388916, 234.851608276, 221.665893555, 984.925292969, 1835.12243652, 1803.05664063, 291.03225708, 198.336349487, 271.817749023, 142.966827393, 247.906906128, 199.137283325, 116.633323669, 48.7668304443, 24.0279712677, 13.8238592148, 6.77479410172, 1.85356879234, 0.652416706085, 0.357227176428, 0.0701836794615, 0.0025459153112, 6.44964457024e-05, 2.88871945031e-07], "var": [1.07863414288, 94.4163513184, 298.927825928, 572.355285645, 859.133789063, 974.645874023, 1199.73278809, 735.886962891, 1297.91369629, 278.725891113, 306.167755127, 79.7742080688, 43.2563934326, 23.5740261078, 37.2978973389, 78.7619552612, 86.5919494629, 145.870147705, 110.157714844, 316.237609863, 494.205718994, 445.609344482, 112.601806641, 120.019447327, 175.21711731, 86.8490600586, 181.371856689, 129.990478516, 103.911087036, 46.7853088379, 21.2496776581, 11.7028627396, 5.5829744339, 1.83833050728, 0.677851617336, 0.280631572008, 0.0430748201907, 0.00159735698253, 3.88411863241e-05, 1.66876660046e-07], "min": [7.14142840178e-23, 4.10417242658e-22, 1.90493979931e-21, 3.77898512976e-21, 8.84436616681e-21, 1.12278321719e-20, 1.97375456198e-20, 4.3980165656e-20, 1.0704544307e-19, 1.07866820494e-19, 2.13753990987e-19, 2.94796416966e-19, 3.21019825992e-19, 7.74661622992e-19, 9.67421950979e-19, 1.06167090997e-18, 1.19553034318e-18, 1.44499891694e-18, 2.10101435406e-18, 3.06629814655e-18, 3.24847950659e-18, 4.52911039798e-18, 5.91844957227e-18, 6.06056333741e-18, 6.78232433038e-18, 6.71559980627e-18, 8.82264141186e-18, 9.22819400413e-18, 9.01228580218e-18, 1.0711134455e-17, 1.16391326678e-17, 1.08526402424e-17, 1.01869740891e-17, 8.26945858695e-18, 5.9428613265e-18, 3.75993210357e-18, 2.23284585059e-18, 9.11267554325e-19, 2.44892429665e-19, 2.50563718885e-20], "dmean": [0.489704072475, 4.32179403305, 7.69308757782, 12.0043048859, 14.3635149002, 16.216211319, 16.815536499, 12.7939033508, 9.27601051331, 6.42439699173, 5.95756244659, 3.88368082047, 2.88122439384, 2.44257235527, 2.88961791992, 3.70679688454, 3.46000361443, 4.30295658112, 4.89783096313, 9.24555397034, 10.4324712753, 9.34636688232, 4.56260585785, 3.92268538475, 4.14759492874, 3.06494903564, 3.97172832489, 3.49546551704, 2.62638235092, 1.90763521194, 1.29137563705, 1.03141057491, 0.693933188915, 0.394806802273, 0.308809876442, 0.22991579771, 0.0963017493486, 0.0185238067061, 0.00294617773034, 0.000203553427127], "mean": [0.727551996708, 8.7870054245, 12.9668798447, 18.8628749847, 26.5193195343, 30.1013145447, 28.580619812, 19.8352546692, 14.7727813721, 9.00664997101, 8.2894487381, 5.43745803833, 4.01586103439, 3.53737783432, 5.18474578857, 7.12710475922, 4.38066577911, 5.8267660141, 6.81404304504, 9.93227005005, 9.49400901794, 8.18434143066, 4.62260198593, 4.20088243484, 4.66914319992, 3.37841868401, 4.54282331467, 3.98788833618, 3.30950570107, 2.45538163185, 1.64079606533, 1.27885687351, 0.873259246349, 0.513023555279, 0.373291581869, 0.253378123045, 0.0985762923956, 0.0187983885407, 0.00292658014223, 0.000247461139224], "max": [11.7423181534, 77.8914031982, 169.246841431, 259.539672852, 437.759887695, 354.040466309, 348.63470459, 372.925598145, 497.583129883, 320.173034668, 228.385253906, 194.100799561, 112.302688599, 56.8783416748, 148.545700073, 114.046424866, 270.715606689, 354.135009766, 254.499313354, 270.81942749, 255.264541626, 273.421051025, 172.384521484, 140.328292847, 190.772186279, 112.436515808, 219.548568726, 115.884544373, 160.666366577, 80.0864334106, 63.6917419434, 52.8134651184, 40.204372406, 17.5725841522, 9.60337352753, 4.13422250748, 2.1438472271, 0.337289720774, 0.0591491945088, 0.00387148652226], "dmean2": [0.79705786705, 7.13124275208, 13.2445573807, 20.1827106476, 23.8673210144, 26.8081283569, 27.2948875427, 21.1134490967, 14.7293224335, 10.3432178497, 9.27777004242, 6.24493455887, 4.53863525391, 4.01684761047, 4.67371797562, 5.90965986252, 5.68829393387, 7.0079498291, 8.03164482117, 15.4589223862, 18.083782196, 16.252073288, 7.34801959991, 5.97162771225, 6.2594575882, 4.64684724808, 5.7984752655, 5.12739133835, 3.82976055145, 2.72547125816, 1.84359574318, 1.47442615032, 1.00432062149, 0.556798398495, 0.433848798275, 0.331060022116, 0.141684234142, 0.0271197352558, 0.00435377145186, 0.000299948005704], "median": [0.449590355158, 6.6273355484, 7.90665864944, 12.4352703094, 20.4489212036, 23.1768798828, 15.6402835846, 10.796869278, 5.30036449432, 3.75854206085, 3.07381677628, 2.54801082611, 1.99607920647, 2.19937539101, 3.5617377758, 4.21776151657, 2.03266310692, 3.04321551323, 3.73768949509, 4.21197557449, 2.7321138382, 2.24867987633, 1.09047806263, 0.570580720901, 0.509937286377, 0.237201571465, 0.221391811967, 0.148846879601, 0.0939276665449, 0.0913557335734, 0.0618865601718, 0.0487723313272, 0.0343863740563, 0.0217220634222, 0.0184948574752, 0.0130018135533, 0.00484726764262, 0.000802572176326, 0.000132630724693, 9.56595176831e-05], "dvar": [1.06184864044, 66.5545349121, 264.675537109, 511.467041016, 807.164978027, 704.826782227, 736.757324219, 460.972076416, 645.656982422, 178.513885498, 205.810058594, 75.3191986084, 39.8466873169, 24.0862102509, 28.5677947998, 47.3422622681, 61.4411506653, 102.873931885, 90.6017837524, 374.616241455, 677.031005859, 653.283691406, 116.760452271, 92.3427886963, 124.388717651, 63.7931632996, 115.059753418, 93.6782989502, 53.9759902954, 24.5079898834, 11.6859178543, 6.60496330261, 3.14943194389, 0.891137421131, 0.346013039351, 0.184372127056, 0.0330664515495, 0.00120675144717, 3.1198727811e-05, 1.36822436048e-07]}, "silence_rate_30dB": {"dvar2": 0.242890149355, "var": 0.166670024395, "min": 0, "dmean": 0.141402959824, "mean": 0.78869342804, "max": 1, "dmean2": 0.282837212086, "median": 1, "dvar": 0.121417440474}, "melbands_spread": {"dvar2": 71.5849838257, "var": 361.579925537, "min": 0.244991958141, "dmean": 2.99547457695, "mean": 8.3616437912, "max": 169.723876953, "dmean2": 4.76142549515, "median": 3.61827683449, "dvar": 29.1120548248}, "melbands_crest": {"dvar2": 30.6223621368, "var": 30.4677448273, "min": 1.51214289665, "dmean": 3.3258907795, "mean": 16.8615283966, "max": 36.8122177124, "dmean2": 5.29027223587, "median": 16.7060642242, "dvar": 12.604347229}, "zerocrossingrate": {"dvar2": 0.000196667533601, "var": 0.00488600693643, "min": 0.00244140625, "dmean": 0.00914789922535, "mean": 0.0361687354743, "max": 0.53759765625, "dmean2": 0.0112040471286, "median": 0.01953125, "dvar": 0.000131035179948}, "barkbands_kurtosis": {"dvar2": 1900.52832031, "var": 1226.18212891, "min": -1.9136608839, "dmean": 13.456038475, "mean": 24.2506637573, "max": 1149.38635254, "dmean2": 20.6315898895, "median": 16.1994361877, "dvar": 839.647460938}, "spectral_flux": {"dvar2": 0.00870508886874, "var": 0.00864164717495, "min": 6.33968225139e-11, "dmean": 0.0539839342237, "mean": 0.102850608528, "max": 0.539794147015, "dmean2": 0.0797560065985, "median": 0.0737978294492, "dvar": 0.00440799910575}, "barkbands_crest": {"dvar2": 25.9046974182, "var": 24.0382862091, "min": 2.6739962101, "dmean": 3.11065363884, "mean": 14.2258644104, "max": 26.7445755005, "dmean2": 5.07072639465, "median": 13.9353265762, "dvar": 10.1102361679}, "barkbands_flatness_db": {"dvar2": 0.00347550981678, "var": 0.00841360911727, "min": 0.0251090470701, "dmean": 0.044184140861, "mean": 0.234701439738, "max": 0.53599524498, "dmean2": 0.0579347573221, "median": 0.230435103178, "dvar": 0.00190888915677}, "spectral_entropy": {"dvar2": 0.241845205426, "var": 0.76114153862, "min": 4.33388280869, "dmean": 0.382739901543, "mean": 6.90428352356, "max": 9.82386684418, "dmean2": 0.484362095594, "median": 6.85875082016, "dvar": 0.152141392231}, "pitch_salience": {"dvar2": 0.022279785946, "var": 0.0232481956482, "min": 0.0984867289662, "dmean": 0.0947057232261, "mean": 0.530068814754, "max": 0.931403696537, "dmean2": 0.151569128036, "median": 0.536325931549, "dvar": 0.0089950170368}, "erbbands_spread": {"dvar2": 320.179473877, "var": 645.642211914, "min": 0.921995341778, "dmean": 12.9104347229, "mean": 40.2098770142, "max": 149.377410889, "dmean2": 17.5756320953, "median": 34.222946167, "dvar": 188.139404297}, "dynamic_complexity": 3.50459527969, "spectral_contrast_valleys": {"dvar2": [0.452522099018, 0.463991075754, 0.437141478062, 0.546597003937, 0.754595398903, 0.948137462139], "var": [9.63523674011, 8.83997154236, 7.85842752457, 7.71358299255, 7.90893554688, 6.9965968132], "min": [-28.245929718, -28.2897281647, -28.024969101, -27.6902484894, -27.5044002533, -27.4139728546], "dmean": [0.450248122215, 0.479331195354, 0.443966776133, 0.528303146362, 0.603248775005, 0.694931089878], "mean": [-6.83473396301, -7.43457508087, -8.2825088501, -8.68315505981, -8.99611949921, -11.4003553391], "max": [-4.51966619492, -4.57860279083, -5.66165542603, -5.90412521362, -5.50007724762, -7.87732362747], "dmean2": [0.674877822399, 0.700370073318, 0.653289198875, 0.760074555874, 0.790402293205, 0.802343130112], "median": [-6.00090551376, -6.81955051422, -7.75251626968, -8.21563625336, -8.7542142868, -11.240442276], "dvar": [0.235099181533, 0.237543210387, 0.215466871858, 0.284893333912, 0.398863881826, 0.560204446316]}, "hfc": {"dvar2": 356.417327881, "var": 264.729187012, "min": 1.06954003217e-16, "dmean": 7.41868114471, "mean": 14.6174316406, "max": 120.605995178, "dmean2": 10.7719535828, "median": 11.3377819061, "dvar": 166.099273682}, "spectral_kurtosis": {"dvar2": 248.366409302, "var": 244.11177063, "min": -1.27478396893, "dmean": 7.32359457016, "mean": 14.3341674805, "max": 173.498535156, "dmean2": 10.7246217728, "median": 9.68396568298, "dvar": 119.971313477}, "mfcc": {"mean": [-725.873168945, 164.867889404, 25.9753856659, 35.1211967468, 26.9076957703, 16.6908760071, 2.44933867455, 2.03042244911, -0.0270985085517, -1.91745078564, -4.19095897675, -1.04697549343, 0.559144556522], "cov": [[14759.2382813, -269.555267334, 385.801391602, 854.26385498, 192.602783203, 190.805892944, -326.070892334, -1.53547871113, 180.869262695, 0.765948951244, -93.0627975464, 77.209854126, 60.5662078857], [-269.555267334, 3217.22802734, -333.135772705, 17.5292930603, 340.36630249, 36.908416748, 93.5562591553, -18.261095047, -67.9035263062, -15.7876262665, -24.4844722748, -12.2907133102, 33.5652885437], [385.801391602, -333.135772705, 673.02722168, 122.509750366, -13.7141094208, 98.1823730469, 25.251373291, 3.70709943771, 0.969695866108, -12.9145736694, -27.2029933929, -23.8378505707, -15.1119251251], [854.26385498, 17.5292930603, 122.509750366, 327.710449219, 111.677322388, 49.9340591431, 19.1688232422, 36.4745368958, 42.1390762329, 2.78628659248, -21.2712631226, -6.88988828659, 1.10409522057], [192.602783203, 340.36630249, -13.7141094208, 111.677322388, 217.471008301, 65.2384262085, 19.7630786896, 55.665802002, 51.483505249, 12.8865871429, -0.632021009922, 16.6776714325, 22.152639389], [190.805892944, 36.908416748, 98.1823730469, 49.9340591431, 65.2384262085, 133.615493774, 79.5458831787, 37.6978874207, 27.6066551208, 18.8814983368, 3.10227656364, 1.86557018757, 8.81530094147], [-326.070892334, 93.5562591553, 25.251373291, 19.1688232422, 19.7630786896, 79.5458831787, 137.753173828, 43.1723136902, 7.5457277298, 22.492099762, 6.10584974289, -9.05578708649, 0.553125321865], [-1.53547871113, -18.261095047, 3.70709943771, 36.4745368958, 55.665802002, 37.6978874207, 43.1723136902, 97.2429656982, 57.0798416138, 13.715970993, 8.54185199738, 5.7463850975, 0.733067810535], [180.869262695, -67.9035263062, 0.969695866108, 42.1390762329, 51.483505249, 27.6066551208, 7.5457277298, 57.0798416138, 81.7222213745, 24.113740921, 8.17110729218, 15.5691556931, 7.11187648773], [0.765948951244, -15.7876262665, -12.9145736694, 2.78628659248, 12.8865871429, 18.8814983368, 22.492099762, 13.715970993, 24.113740921, 49.1285171509, 24.9232883453, 7.63844919205, 8.02319431305], [-93.0627975464, -24.4844722748, -27.2029933929, -21.2712631226, -0.632021009922, 3.10227656364, 6.10584974289, 8.54185199738, 8.17110729218, 24.9232883453, 51.4632492065, 23.7173290253, 3.32088661194], [77.209854126, -12.2907133102, -23.8378505707, -6.88988828659, 16.6776714325, 1.86557018757, -9.05578708649, 5.7463850975, 15.5691556931, 7.63844919205, 23.7173290253, 48.3628044128, 18.506816864], [60.5662078857, 33.5652885437, -15.1119251251, 1.10409522057, 22.152639389, 8.81530094147, 0.553125321865, 0.733067810535, 7.11187648773, 8.02319431305, 3.32088661194, 18.506816864, 44.8220939636]], "icov": [[0.000101014382381, -2.24202613026e-05, 3.12404081342e-05, -0.000296428974252, 0.000234407416428, -0.000434641202446, 0.000531869125552, -6.35678734398e-05, -2.38651664404e-05, -0.000170735496795, 0.000231347992667, -0.000217805500142, -3.06275651383e-05], [-2.24202613026e-05, 0.000482570787426, 0.000161423478858, 0.00023721132311, -0.0011861854, 0.000408904335927, -0.000692332512699, 0.000429027189966, 0.000595980556682, 0.00018033037486, 5.15130486747e-05, 0.00024085752375, -5.24695587956e-06], [3.12404081342e-05, 0.000161423478858, 0.00206895382144, -0.000823784561362, 0.000711313914508, -0.00235810410231, 0.000884600158315, -4.88006335218e-05, 0.000527499767486, 0.000335570395691, 0.00053849350661, 0.000288253097096, 0.000354171032086], [-0.000296428974252, 0.00023721132311, -0.000823784561362, 0.00522009795532, -0.0032878103666, 0.0018358908128, -0.00224806298502, 0.000794633699115, -0.00121886224952, 0.000509062607307, 0.000655615585856, 0.00115151214413, 0.000673457689118], [0.000234407416428, -0.0011861854, 0.000711313914508, -0.0032878103666, 0.0112125547603, -0.00582817383111, 0.00478106830269, -0.0041139870882, -0.00176082376856, -0.000839135318529, 0.00128530152142, -0.00210538972169, -0.00229108822532], [-0.000434641202446, 0.000408904335927, -0.00235810410231, 0.0018358908128, -0.00582817383111, 0.0188238210976, -0.0118026584387, 0.00256378110498, -0.00310090533458, 0.000694108486641, -0.00138128048275, 0.000642444007099, -0.00107224867679], [0.000531869125552, -0.000692332512699, 0.000884600158315, -0.00224806298502, 0.00478106830269, -0.0118026584387, 0.0188328679651, -0.00904520880431, 0.0068371668458, -0.00739981466904, 0.00262295291759, 0.00018048689526, -1.91991534848e-06], [-6.35678734398e-05, 0.000429027189966, -4.88006335218e-05, 0.000794633699115, -0.0041139870882, 0.00256378110498, -0.00904520880431, 0.0246688090265, -0.0171602200717, 0.00799930747598, -0.00572272017598, 0.00360590568744, 0.00119185086805], [-2.38651664404e-05, 0.000595980556682, 0.000527499767486, -0.00121886224952, -0.00176082376856, -0.00310090533458, 0.0068371668458, -0.0171602200717, 0.0319973230362, -0.01517706085, 0.00821253564209, -0.00835598818958, 0.00195162429009], [-0.000170735496795, 0.00018033037486, 0.000335570395691, 0.000509062607307, -0.000839135318529, 0.000694108486641, -0.00739981466904, 0.00799930747598, -0.01517706085, 0.0393325649202, -0.0212261304259, 0.0101785575971, -0.00682748667896], [0.000231347992667, 5.15130486747e-05, 0.00053849350661, 0.000655615585856, 0.00128530152142, -0.00138128048275, 0.00262295291759, -0.00572272017598, 0.00821253564209, -0.0212261304259, 0.0391581207514, -0.0206285584718, 0.00762447435409], [-0.000217805500142, 0.00024085752375, 0.000288253097096, 0.00115151214413, -0.00210538972169, 0.000642444007099, 0.00018048689526, 0.00360590568744, -0.00835598818958, 0.0101785575971, -0.0206285584718, 0.0381307676435, -0.0136759905145], [-3.06275651383e-05, -5.24695587956e-06, 0.000354171032086, 0.000673457689118, -0.00229108822532, -0.00107224867679, -1.91991534848e-06, 0.00119185086805, 0.00195162429009, -0.00682748667896, 0.00762447435409, -0.0136759905145, 0.0297766216099]]}, "silence_rate_20dB": {"dvar2": 0, "var": 0, "min": 1, "dmean": 0, "mean": 1, "max": 1, "dmean2": 0, "median": 1, "dvar": 0}, "melbands_kurtosis": {"dvar2": 3498.39477539, "var": 2806.69604492, "min": -1.61717128754, "dmean": 23.5543289185, "mean": 46.2061691284, "max": 845.115905762, "dmean2": 36.0272445679, "median": 32.6730270386, "dvar": 1587.86376953}, "barkbands_spread": {"dvar2": 81.644569397, "var": 96.8839645386, "min": 0.150551766157, "dmean": 3.84447145462, "mean": 8.46634864807, "max": 99.0386352539, "dmean2": 5.82214021683, "median": 4.7558298111, "dvar": 35.546710968}, "erbbands_skewness": {"dvar2": 0.923647463322, "var": 1.570941329, "min": -5.09966945648, "dmean": 0.615557730198, "mean": 1.17765295506, "max": 10.6271381378, "dmean2": 0.882519721985, "median": 1.0286719799, "dvar": 0.490498840809}, "average_loudness": 0.931539535522, "spectral_centroid": {"dvar2": 167733.890625, "var": 2233470, "min": 105.080299377, "dmean": 179.364654541, "mean": 739.904663086, "max": 11622.0732422, "dmean2": 267.775726318, "median": 376.660369873, "dvar": 76514.2109375}, "dissonance": {"dvar2": 0.00108149519656, "var": 0.00108999712393, "min": 0, "dmean": 0.0198517497629, "mean": 0.459005713463, "max": 0.500000238419, "dmean2": 0.0310969296843, "median": 0.466448992491, "dvar": 0.000462398194941}, "erbbands_flatness_db": {"dvar2": 0.00190339563414, "var": 0.00457043107599, "min": 0.0397454127669, "dmean": 0.0352076031268, "mean": 0.161345899105, "max": 0.392391115427, "dmean2": 0.0429890267551, "median": 0.15810251236, "dvar": 0.00118922616821}, "spectral_strongpeak": {"dvar2": 0.159004598856, "var": 0.141471639276, "min": 0, "dmean": 0.200142279267, "mean": 0.566448867321, "max": 2.94663929939, "dmean2": 0.322827279568, "median": 0.574814558029, "dvar": 0.0643179863691}, "spectral_rms": {"dvar2": 1.1290693692e-05, "var": 1.52070360855e-05, "min": 3.11535020871e-12, "dmean": 0.00166171521414, "mean": 0.00711382506415, "max": 0.0199176892638, "dmean2": 0.00243787583895, "median": 0.00814368296415, "dvar": 5.22403161085e-06}, "silence_rate_60dB": {"dvar2": 0.0827435329556, "var": 0.103934183717, "min": 0, "dmean": 0.0387253835797, "mean": 0.117822766304, "max": 1, "dmean2": 0.0774593353271, "median": 0, "dvar": 0.0372234024107}, "melbands": {"dvar2": [0.000213853156311, 0.000230878489674, 3.90815912397e-05, 9.78347998171e-06, 2.11827727981e-06, 5.4912129599e-07, 2.19409329816e-07, 4.5414154215e-08, 2.57296211004e-08, 7.1895809306e-09, 2.58484589288e-09, 1.08856457182e-09, 8.59466553482e-10, 9.61134727362e-10, 5.89560067432e-10, 8.15103984309e-10, 8.71403615932e-10, 5.775240286e-10, 1.0856164856e-09, 2.91183610557e-09, 2.66374167168e-09, 2.36982411472e-09, 5.42514144719e-10, 1.71888170364e-10, 1.42881206866e-10, 1.84640538969e-10, 1.09361464329e-10, 6.48234868561e-11, 1.03474694091e-10, 1.06061992522e-10, 7.66213134606e-11, 4.16035227102e-11, 3.00062440173e-11, 1.58461698624e-11, 8.78999303899e-12, 8.6757320078e-12, 5.30498128065e-12, 3.82828014081e-12, 3.22867774183e-12, 1.00032699138e-12], "var": [0.000101618781628, 0.000108852815174, 1.69353643287e-05, 4.74281932838e-06, 1.40170959639e-06, 3.75921104023e-07, 2.29832721743e-07, 2.83135221935e-08, 1.69309917197e-08, 2.68981281693e-09, 1.06773057063e-09, 4.10133982331e-10, 4.09826339531e-10, 5.73809000315e-10, 3.46898565429e-10, 4.65601557309e-10, 5.44366940414e-10, 2.83238460463e-10, 3.70724478893e-10, 8.87825091223e-10, 6.74667322009e-10, 5.54353674076e-10, 1.75906095246e-10, 7.39479588674e-11, 8.07550415427e-11, 1.07718042819e-10, 6.53412671192e-11, 3.47908472864e-11, 6.92402107871e-11, 7.19209414246e-11, 4.24143324629e-11, 3.221067163e-11, 2.63583911642e-11, 1.33147503439e-11, 7.51873129728e-12, 5.54657665283e-12, 4.34893223863e-12, 2.82815329315e-12, 2.23344042913e-12, 1.08318464875e-12], "min": [1.00326481901e-24, 8.50320269486e-25, 8.87148438061e-25, 1.46121257677e-24, 4.79807093446e-25, 1.16698323634e-24, 2.12220977887e-24, 1.07324821978e-24, 1.44783428468e-24, 1.56979010986e-24, 9.57750996041e-25, 2.70624630271e-24, 2.49604859528e-24, 2.4081872398e-24, 2.14043147971e-24, 2.22111262322e-24, 2.3946624168e-24, 2.7400994796e-24, 3.19747491878e-24, 3.08366595598e-24, 3.60220276721e-24, 3.98011407804e-24, 3.23982373318e-24, 4.75481453558e-24, 4.4554489218e-24, 4.02486655162e-24, 4.35544541927e-24, 3.41201865815e-24, 4.58797439843e-24, 4.72291221171e-24, 4.77979263285e-24, 4.28296369601e-24, 5.35314147193e-24, 4.70438541892e-24, 5.87871255586e-24, 5.33116854028e-24, 5.72910902949e-24, 5.38079144109e-24, 5.92792722115e-24, 6.32234702414e-24], "dmean": [0.00471331970766, 0.00457580015063, 0.00206096470356, 0.00111369916704, 0.000593634264078, 0.000286087451968, 0.000129619453219, 6.65452462272e-05, 4.50341358373e-05, 2.30089008255e-05, 1.450768832e-05, 1.02469830381e-05, 1.0212496818e-05, 1.02339727164e-05, 8.27454914543e-06, 8.08946333564e-06, 8.0138879639e-06, 7.93430172052e-06, 9.79014839686e-06, 1.52911670739e-05, 1.16820237963e-05, 1.01684445326e-05, 6.06011599302e-06, 3.43582291862e-06, 3.17675517181e-06, 3.26132862938e-06, 2.63071001427e-06, 1.91711387743e-06, 2.4348844363e-06, 2.48479705078e-06, 2.01036596081e-06, 1.52223356054e-06, 1.36075857426e-06, 1.03528054751e-06, 7.58215207952e-07, 7.3535983347e-07, 6.19426373305e-07, 5.0338684332e-07, 4.30139465379e-07, 3.05023860392e-07], "mean": [0.00859450455755, 0.00907153449953, 0.00341168162413, 0.00219362345524, 0.0010501074139, 0.000451253494248, 0.000206201264518, 9.01185630937e-05, 6.29392379778e-05, 3.09138704324e-05, 1.982709e-05, 1.45047379192e-05, 1.68786118593e-05, 1.95440861717e-05, 1.25287406263e-05, 9.97585721052e-06, 1.07923569885e-05, 1.09408811113e-05, 1.1128047845e-05, 1.53160472109e-05, 1.00157230918e-05, 8.4828116087e-06, 6.02377485848e-06, 3.45267835655e-06, 3.30709667651e-06, 3.54689427695e-06, 2.95373479275e-06, 2.01344073503e-06, 2.69026895694e-06, 2.82837390841e-06, 2.19153594117e-06, 1.85133990271e-06, 1.67853124822e-06, 1.28674355437e-06, 9.44003659242e-07, 8.7004980287e-07, 7.54178188345e-07, 6.16774912032e-07, 5.30637407792e-07, 3.93656961251e-07], "max": [0.0863691344857, 0.0812429413199, 0.041836053133, 0.0227939076722, 0.00944928266108, 0.00815934780985, 0.00654753064737, 0.0030380547978, 0.00158296653535, 0.00119271629956, 0.000580983643886, 0.000234281687881, 0.000409806380048, 0.000277357030427, 0.000330942915753, 0.000661049271002, 0.000740388641134, 0.000373162853066, 0.000354337593308, 0.000476015819004, 0.000318302103551, 0.000290334399324, 0.000213290200918, 0.000201403236133, 0.000123626756249, 0.000174556786078, 0.000122038683912, 8.92198513611e-05, 0.000193600018974, 0.000102743426396, 7.88223114796e-05, 8.1575672084e-05, 7.96152453404e-05, 5.24638599018e-05, 4.67296158604e-05, 3.95030328946e-05, 3.21884290315e-05, 2.86037247861e-05, 2.29076158575e-05, 1.4800626559e-05], "dmean2": [0.00762279750779, 0.00769538106397, 0.00347596104257, 0.00183234445285, 0.00096779235173, 0.000470177677926, 0.000205414515221, 0.000107343745185, 6.99938536854e-05, 3.73912844225e-05, 2.27601667575e-05, 1.66785794136e-05, 1.67541638803e-05, 1.62639025802e-05, 1.34199708555e-05, 1.32869909066e-05, 1.31004353534e-05, 1.29642567117e-05, 1.64936882356e-05, 2.59773005382e-05, 2.05378000828e-05, 1.79340386239e-05, 1.00701909105e-05, 5.47937133888e-06, 4.87773513669e-06, 4.94770665682e-06, 4.00183125748e-06, 2.9597520097e-06, 3.61055208487e-06, 3.69543727174e-06, 3.01508953271e-06, 2.25437815971e-06, 2.00405270334e-06, 1.50325058712e-06, 1.09135407911e-06, 1.07930372906e-06, 8.87320197762e-07, 7.38820972401e-07, 6.2608933149e-07, 4.27901568401e-07], "median": [0.00631983112544, 0.00666171731427, 0.00238875113428, 0.00175671593752, 0.000622322724666, 0.000247975782258, 7.58845562814e-05, 3.80568526452e-05, 2.47759344347e-05, 1.45987305586e-05, 9.51518904913e-06, 8.63423883857e-06, 1.13876403702e-05, 1.23211057144e-05, 7.23264338376e-06, 4.50943116448e-06, 5.53735389985e-06, 5.92454352955e-06, 4.85256532556e-06, 4.9811333156e-06, 2.47077286986e-06, 2.07037032851e-06, 1.69469205957e-06, 5.17334797223e-07, 4.17801516051e-07, 4.52845767995e-07, 2.51711611554e-07, 1.1750307749e-07, 1.39504635399e-07, 1.06424948854e-07, 7.55327604907e-08, 4.81776680772e-08, 5.42860441044e-08, 5.01357959592e-08, 3.50018538597e-08, 3.56669715984e-08, 2.61666830426e-08, 2.33324026766e-08, 2.01163210534e-08, 1.71955854e-08], "dvar": [8.35805767565e-05, 8.31035140436e-05, 1.50091591422e-05, 3.6479375467e-06, 8.68716142577e-07, 2.24435552809e-07, 1.14169345977e-07, 1.93548181926e-08, 1.14548637242e-08, 2.72692424197e-09, 9.75886926824e-10, 4.10424944031e-10, 3.23946841574e-10, 3.78714559712e-10, 2.40933523132e-10, 3.51