{"tonal": {"thpcp": [1, 0.661993086338, 0.449643135071, 0.389554917812, 0.480850547552, 0.717727422714, 0.743543863297, 0.523196876049, 0.44235008955, 0.416931927204, 0.424233645201, 0.601391851902, 0.612132072449, 0.447493493557, 0.431201249361, 0.393689095974, 0.315091848373, 0.351750403643, 0.431561380625, 0.554186820984, 0.798573195934, 0.72292393446, 0.36232817173, 0.224811881781, 0.229604870081, 0.523237943649, 0.948863148689, 0.743554532528, 0.315600663424, 0.212157309055, 0.19500374794, 0.242221042514, 0.446135669947, 0.550636708736, 0.563591897488, 0.912852346897], "hpcp": {"dmean2": [0.256147056818, 0.231906890869, 0.28355500102, 0.349227845669, 0.326210677624, 0.267169654369, 0.24969278276, 0.244790479541, 0.235050693154, 0.275324642658, 0.265884548426, 0.226136505604, 0.198051527143, 0.188419684768, 0.172311842442, 0.194241121411, 0.251190334558, 0.31962159276, 0.325318753719, 0.261869043112, 0.174997016788, 0.12860237062, 0.133411645889, 0.240971505642, 0.368665188551, 0.272136390209, 0.14928792417, 0.110491275787, 0.10594945401, 0.125806599855, 0.189655557275, 0.229987427592, 0.271645009518, 0.392695516348, 0.379973381758, 0.312971681356], "median": [0.0144775183871, 0.0120985303074, 0.0146759049967, 0.0266733244061, 0.0277468971908, 0.0213334821165, 0.0138558223844, 0.0118783842772, 0.0207859557122, 0.0372058823705, 0.0347202196717, 0.0223423559219, 0.01336722821, 0.0107474885881, 0.0119841415435, 0.0122013986111, 0.0148883992806, 0.0266417060047, 0.0526560172439, 0.0438616350293, 0.0193970240653, 0.00712961051613, 0.00655085081235, 0.0169098563492, 0.0327565073967, 0.0337804667652, 0.0175695214421, 0.0108650540933, 0.00824777688831, 0.0106371287256, 0.0175617188215, 0.020803835243, 0.0282131247222, 0.0432073771954, 0.045312486589, 0.028098680079], "min": [0, 0, 0, 0, 0, 0, 0, 0, 0, 0, 0, 0, 0, 0, 0, 0, 0, 0, 0, 0, 0, 0, 0, 0, 0, 0, 0, 0, 0, 0, 0, 0, 0, 0, 0, 0], "dvar2": [0.168780744076, 0.147867247462, 0.178598448634, 0.222605153918, 0.190222755075, 0.161549091339, 0.162378326058, 0.169321373105, 0.143355280161, 0.164219275117, 0.154593870044, 0.140293434262, 0.130809530616, 0.118873260915, 0.102938108146, 0.134410902858, 0.170003652573, 0.208829671144, 0.184709250927, 0.135032907128, 0.102069862187, 0.0791283026338, 0.093001306057, 0.122514523566, 0.244944855571, 0.132194697857, 0.0857295840979, 0.0657574012876, 0.0694875568151, 0.0782928466797, 0.114015549421, 0.142813071609, 0.143904075027, 0.248016536236, 0.211865827441, 0.185519278049], "dvar": [0.0634939819574, 0.0553446672857, 0.0678906515241, 0.0852872282267, 0.073671579361, 0.0616210140288, 0.0610445551574, 0.0615434125066, 0.0510084666312, 0.0583748444915, 0.055231872946, 0.0487654805183, 0.0494504272938, 0.0432361960411, 0.0348394624889, 0.0443858914077, 0.0559406876564, 0.0684914886951, 0.0694116652012, 0.0522547028959, 0.0353921838105, 0.0274205189198, 0.0322417989373, 0.0449792817235, 0.0970791429281, 0.0516039021313, 0.0301307868212, 0.0229919999838, 0.0240718275309, 0.0278373155743, 0.0429661050439, 0.055120062083, 0.0525090247393, 0.0907352790236, 0.0854697078466, 0.0736912935972], "dmean": [0.138452917337, 0.124615192413, 0.152658507228, 0.189875245094, 0.17816029489, 0.146382778883, 0.135457992554, 0.131166309118, 0.125423401594, 0.150406509638, 0.14571711421, 0.12283500284, 0.108201004565, 0.103371687233, 0.0933707803488, 0.104373112321, 0.133435204625, 0.168544396758, 0.177048280835, 0.14839373529, 0.096049465239, 0.0688268244267, 0.0711918845773, 0.132213264704, 0.202711626887, 0.152035117149, 0.0818168371916, 0.059895247221, 0.0575204864144, 0.0690597593784, 0.107142418623, 0.128211602569, 0.149227648973, 0.216841816902, 0.213298663497, 0.175308838487], "max": [1, 1, 1, 1, 1, 1, 1, 1, 1, 1, 1, 1, 1, 1, 1, 1, 1, 1, 1, 1, 1, 1, 1, 1, 1, 1, 1, 1, 1, 1, 1, 1, 1, 1, 1, 1], "var": [0.0458110645413, 0.0388494580984, 0.0490830913186, 0.0755933597684, 0.076810374856, 0.0479469932616, 0.0450100339949, 0.0436288453639, 0.0360538326204, 0.053645811975, 0.0552665777504, 0.0384105630219, 0.047191221267, 0.0403363667428, 0.0242916718125, 0.0310744382441, 0.0397144369781, 0.0483844466507, 0.0762244537473, 0.0672305077314, 0.026524418965, 0.0184477455914, 0.0218543186784, 0.0393091961741, 0.108509577811, 0.0641142725945, 0.0227172374725, 0.0153004564345, 0.015283850953, 0.0189920905977, 0.0416788086295, 0.0574732646346, 0.0451208613813, 0.0927399322391, 0.103721357882, 0.0650482326746], "mean": [0.0985377132893, 0.0853695943952, 0.105376712978, 0.157287448645, 0.16294503212, 0.114656761289, 0.0969394668937, 0.0913691669703, 0.0929693132639, 0.131792917848, 0.134146600962, 0.0980666279793, 0.094496242702, 0.0862755849957, 0.0690512731671, 0.0770848691463, 0.0945751592517, 0.121448099613, 0.175004512072, 0.158426240087, 0.0794029459357, 0.0492667332292, 0.0503171011806, 0.11466576159, 0.207940027118, 0.162947371602, 0.0691627785563, 0.0464935302734, 0.042734388262, 0.0530818924308, 0.0977690666914, 0.120670102537, 0.123509190977, 0.200048387051, 0.219146490097, 0.145073458552]}, "tuning_equal_tempered_deviation": 0.214857280254, "chords_changes_rate": 0.0815010294318, "key_key": "G#", "tuning_diatonic_strength": 0.650766849518, "key_scale": "major", "chords_number_rate": 0.00161243032198, "tuning_frequency": 434.193115234, "tuning_nontempered_energy_ratio": 0.896911740303, "chords_histogram": [33.0987968445, 4.50014638901, 9.32277965546, 1.6857227087, 4.70536518097, 0.0146584575996, 0.996775150299, 0.806215167046, 0.425095289946, 0.102609202266, 1.21665203571, 0.982116699219, 0, 0.175901502371, 0.293169170618, 0.659630596638, 4.11902666092, 3.40076231956, 0.117267660797, 0.263852238655, 0.175901502371, 4.73468208313, 7.4904718399, 20.7124004364], "key_strength": 0.682918548584, "chords_key": "G#", "chords_strength": {"dmean2": 0.0164501331747, "median": 0.476080238819, "min": 0.234721183777, "dvar2": 0.000209871330298, "dvar": 0.000124096710351, "dmean": 0.0138451866806, "max": 0.853140830994, "var": 0.0115436650813, "mean": 0.485148578882}, "chords_scale": "major", "hpcp_entropy": {"dmean2": 1.23400437832, "median": 2.17107009888, "min": 0, "dvar2": 0.972398102283, "dvar": 0.341935276985, "dmean": 0.728896617889, "max": 4.60164880753, "var": 0.830447793007, "mean": 2.19384646416}}, "metadata": {"audio_properties": {"equal_loudness": 0, "codec": "mp3", "downmix": "mix", "sample_rate": 44100, "analysis_sample_rate": 44100, "bit_rate": 162733, "md5_encoded": "5497ec7fdbeaf065c0b463dc705c707d", "length": 316.734680176, "replay_gain": -14.648481369, "lossless": false}, "version": {"essentia_build_sha": "2d9f1f26377add8aeb1075a9c2973f962c4f09fd", "essentia": "2.1-beta2", "extractor": "music 1.0", "essentia_git_sha": "v2.1_beta2-1-ge3940c0"}, "tags": {"title": ["Everytime We Touch"], "barcode": ["617465134128"], "media": ["CD"], "albumartist": ["Various Artists"], "musicbrainz_recordingid": ["13f7f914-e7a8-457c-a228-bcdea4a3667b"], "composer": ["Peter Risavy"], "mood": ["Happy", "Humorous", "Sexy", "Hot"], "musicbrainz album release country": ["US"], "musicbrainz_albumartistid": ["89ad4ac3-39f7-470e-963a-56509c546377"], "lyricist": ["Maggie Reilly", "Stuart MacKillop"], "discnumber": ["1/2"], "album": ["Ministry of Sound: The Annual 2006"], "catalognumber": ["UL 1341-2"], "contentgroup": ["Dance"], "musicbrainz album type": ["album", "compilation"], "musicbrainz album status": ["official"], "file_name": "01.11 - Cascada - Everytime We Touch.mp3", "asin": ["B000BCKFIO"], "work": ["Everytime We Touch"], "date": ["2005-11-01"], "genre": ["Dance", "Techno", "Eurodance", "House", "Vocal Trance"], "musicbrainz_albumid": ["43543812-16f1-46d4-801a-0f0d90eb6832"], "musicbrainz_releasegroupid": ["1b43dff6-d966-4872-832e-1b75bab744be"], "musicbrainz_artistid": ["04af2581-6692-4f14-a7fe-151a36f20368"], "originaldate": ["2005-10-31"], "musicbrainz_workid": ["995fc7cd-8100-4dc9-b213-b255cc29d27a"], "artist": ["Cascada"], "artistsort": ["Cascada"], "tracknumber": ["11/12"], "label": ["Ultra Records"], "albumartistsort": ["Various Artists"], "script": ["Latn"]}}, "rhythm": {"bpm_histogram_first_peak_bpm": {"dmean2": 0, "median": 144, "min": 144, "dvar2": 0, "dvar": 0, "dmean": 0, "max": 144, "var": 0, "mean": 144}, "bpm": 141.981185913, "bpm_histogram_second_peak_spread": {"dmean2": 0, "median": 0.365079313517, "min": 0.365079313517, "dvar2": 0, "dvar": 0, "dmean": 0, "max": 0.365079313517, "var": 0, "mean": 0.365079313517}, "bpm_histogram_first_peak_weight": {"dmean2": 0, "median": 0.521621644497, "min": 0.521621644497, "dvar2": 0, "dvar": 0, "dmean": 0, "max": 0.521621644497, "var": 0, "mean": 0.521621644497}, "onset_rate": 4.06939125061, "beats_position": [0.487619042397, 0.99845802784, 1.50929701328, 2.03174591064, 2.50775504112, 2.97215414047, 3.42494320869, 3.87773227692, 4.34213161469, 4.80653047562, 5.27092981339, 5.73532867432, 6.18811798096, 6.64090681076, 7.10530614853, 7.56970500946, 8.03410434723, 8.48689365387, 8.93968200684, 9.4040813446, 9.86848068237, 10.321269989, 10.774058342, 11.2268476486, 11.6796369553, 12.1324262619, 12.5852155685, 13.0263938904, 13.4675731659, 13.9087524414, 14.3267116547, 14.7446708679, 15.1742401123, 15.6038093567, 16.0217685699, 16.4397277832, 16.8576869965, 17.2756462097, 17.693605423, 18.1231746674, 18.5527439117, 18.970703125, 19.3886623383, 19.8066215515, 20.2361907959, 20.6657600403, 21.0837192535, 21.5016784668, 21.9196376801, 22.3492050171, 22.7787742615, 23.1967334747, 23.614692688, 24.0326519012, 24.4622211456, 24.89179039, 25.3097496033, 25.7277088165, 26.1456680298, 26.5752372742, 27.0048065186, 27.4227657318, 27.8407249451, 28.2702941895, 28.6998634338, 29.1178226471, 29.5357818604, 29.9537410736, 30.3717002869, 30.8012695313, 31.2308387756, 31.6487979889, 32.0667572021, 32.4847145081, 32.9258956909, 33.3438529968, 33.7618141174, 34.1797714233, 34.5977325439, 35.0273017883, 35.4568710327, 35.8748283386, 36.2927894592, 36.7107467651, 37.151927948, 37.5698852539, 37.9878463745, 38.4058036804, 38.823764801, 39.2533340454, 39.6829032898, 40.1008605957, 40.5188217163, 40.9367790222, 41.3779602051, 41.795917511, 42.2138786316, 42.6318359375, 43.0614051819, 43.4909744263, 43.9205436707, 44.350112915, 44.7680702209, 45.1860313416, 45.6039886475, 46.0219497681, 46.4515190125, 46.8810882568, 47.3106575012, 47.7402267456, 48.16979599, 48.6109733582, 49.0405426025, 49.4701118469, 49.8996810913, 50.3292503357, 50.7588195801, 51.2000007629, 51.6295700073, 52.0591392517, 52.5003166199, 52.941493988, 53.3942832947, 53.8238525391, 54.2534217834, 54.6829910278, 55.1241722107, 55.5769615173, 56.029750824, 56.4825401306, 56.9353294373, 57.3765068054, 57.8292961121, 58.2704734802, 58.7000427246, 59.1412239075, 59.5707931519, 60.0003623962, 60.4415397644, 60.8711090088, 61.3006782532, 61.7302474976, 62.1598167419, 62.6009979248, 63.042175293, 63.4833564758, 63.9129257202, 64.3657150269, 64.8185043335, 65.3873901367, 65.9446716309, 66.5019454956, 67.0592269897, 67.6165084839, 68.1853942871, 68.6265716553, 69.0561447144, 69.4973220825, 69.9384994507, 70.3680725098, 70.7976379395, 71.2272109985, 71.6451721191, 72.0747375488, 72.5043106079, 72.9338760376, 73.3634490967, 73.7930145264, 74.2341918945, 74.6637649536, 75.0933303833, 75.5229034424, 75.9524688721, 76.3936462402, 76.8232192993, 77.252784729, 77.6823577881, 78.1119232178, 78.5531082153, 78.9710617065, 79.4006347656, 79.8302001953, 80.2481613159, 80.677734375, 81.1072998047, 81.5368728638, 81.9664382935, 82.3843994141, 82.8139648438, 83.2435379028, 83.661491394, 84.0794525146, 84.4974136353, 84.9269790649, 85.356552124, 85.7745132446, 86.1924667358, 86.6336517334, 87.0516052246, 87.4695663452, 87.8875274658, 88.3054885864, 88.7350540161, 89.1646270752, 89.5825805664, 90.000541687, 90.4301147461, 90.8596801758, 91.2776412964, 91.695602417, 92.1135559082, 92.5315170288, 92.9494781494, 93.3906555176, 93.8086166382, 94.2265777588, 94.6561431885, 95.0857162476, 95.5036697388, 95.9216308594, 96.33959198, 96.7575454712, 97.1755065918, 97.6050796509, 98.0346450806, 98.4526062012, 98.8705673218, 99.3001327515, 99.7297058105, 100.147659302, 100.577232361, 100.995193481, 101.424758911, 101.842720032, 102.260681152, 102.690246582, 103.119819641, 103.537773132, 103.955734253, 104.373695374, 104.791656494, 105.221221924, 105.639183044, 106.068748474, 106.486709595, 106.904670715, 107.322631836, 107.752197266, 108.181770325, 108.599723816, 109.017684937, 109.435646057, 109.865211487, 110.294784546, 110.712738037, 111.130699158, 111.548660278, 111.978225708, 112.407798767, 112.825759888, 113.243713379, 113.6616745, 114.07963562, 114.50920105, 114.938774109, 115.356735229, 115.774688721, 116.192649841, 116.610610962, 117.040176392, 117.469749451, 117.887710571, 118.305664063, 118.735237122, 119.164802551, 119.582763672, 120.000724792, 120.418685913, 120.848251343, 121.277824402, 121.695777893, 122.113739014, 122.531700134, 122.961265564, 123.390838623, 123.808792114, 124.226753235, 124.644714355, 125.074279785, 125.503852844, 125.921813965, 126.339767456, 126.757728577, 127.198905945, 127.616867065, 128.034820557, 128.452789307, 128.870742798, 129.300308228, 129.729888916, 130.147842407, 130.565795898, 130.983764648, 131.413330078, 131.842895508, 132.260864258, 132.678817749, 133.09677124, 133.526351929, 133.955917358, 134.37387085, 134.7918396, 135.209793091, 135.639358521, 136.068939209, 136.4868927, 136.904846191, 137.322814941, 137.740768433, 138.170333862, 138.599899292, 139.017868042, 139.435821533, 139.865386963, 140.294967651, 140.712921143, 141.130874634, 141.548843384, 141.978408813, 142.407974243, 142.825942993, 143.243896484, 143.661849976, 144.079818726, 144.509384155, 144.938949585, 145.356918335, 145.774871826, 146.192825317, 146.622406006, 147.051971436, 147.469924927, 147.887893677, 148.317459106, 148.747024536, 149.164993286, 149.582946777, 150.000900269, 150.430480957, 150.860046387, 151.277999878, 151.695953369, 152.113922119, 152.53187561, 152.94984436, 153.37940979, 153.80897522, 154.226928711, 154.644897461, 155.074462891, 155.50402832, 155.92199707, 156.339950562, 156.757904053, 157.187484741, 157.617050171, 158.035003662, 158.452972412, 158.870925903, 159.300491333, 159.730072021, 160.148025513, 160.565979004, 160.983947754, 161.413513184, 161.843078613, 162.261047363, 162.679000854, 163.096954346, 163.538131714, 163.956100464, 164.374053955, 164.792022705, 165.209976196, 165.639541626, 166.069107056, 166.487075806, 166.905029297, 167.322982788, 167.752563477, 168.182128906, 168.600082397, 169.018051147, 169.436004639, 169.85395813, 170.295150757, 170.713104248, 171.131057739, 171.549026489, 171.978591919, 172.408157349, 172.826126099, 173.24407959, 173.662033081, 174.080001831, 174.521179199, 174.93913269, 175.35710144, 175.775054932, 176.204620361, 176.634185791, 177.052154541, 177.470108032, 177.888076782, 178.317642212, 178.747207642, 179.165161133, 179.583129883, 180.001083374, 180.430648804, 180.871826172, 181.347839355, 181.823852539, 182.299865723, 182.775863647, 183.217056274, 183.669830322, 184.122619629, 184.563812256, 185.004989624, 185.457778931, 185.898956299, 186.340133667, 186.781311035, 187.199264526, 187.617233276, 188.046798706, 188.476364136, 188.905944824, 189.335510254, 189.753463745, 190.159820557, 190.577774048, 190.995727539, 191.425308228, 191.843261719, 192.26121521, 192.67918396, 193.10874939, 193.538314819, 193.956283569, 194.374237061, 194.792190552, 195.210159302, 195.628112793, 196.057678223, 196.487258911, 196.905212402, 197.323165894, 197.741134644, 198.170700073, 198.600265503, 199.018234253, 199.436187744, 199.865753174, 200.295318604, 200.713287354, 201.131240845, 201.549209595, 201.967163086, 202.396728516, 202.814697266, 203.244262695, 203.662216187, 204.080184937, 204.509750366, 204.939315796, 205.357269287, 205.775238037, 206.193191528, 206.622756958, 207.052337646, 207.470291138, 207.888244629, 208.317825317, 208.747390747, 209.165344238, 209.583312988, 210.012878418, 210.430831909, 210.860397339, 211.278366089, 211.69631958, 212.11428833, 212.532241821, 212.961807251, 213.391372681, 213.809341431, 214.227294922, 214.656860352, 215.08644104, 215.504394531, 215.922348022, 216.351928711, 216.781494141, 217.199447632, 217.617416382, 218.035369873, 218.453323364, 218.882904053, 219.300857544, 219.730422974, 220.148391724, 220.566345215, 220.984298706, 221.402267456, 221.820220947, 222.249786377, 222.679367065, 223.108932495, 223.538497925, 223.956451416, 224.374420166, 224.792373657, 225.221939087, 225.651519775, 226.069473267, 226.487426758, 226.917007446, 227.346572876, 227.764526367, 228.182495117, 228.600448608, 229.030014038, 229.459594727, 229.877548218, 230.295501709, 230.713470459, 231.13142395, 231.56098938, 231.990570068, 232.40852356, 232.826477051, 233.256057739, 233.685623169, 234.10357666, 234.521530151, 234.939498901, 235.357452393, 235.775421143, 236.193374634, 236.622940063, 237.052505493, 237.470474243, 237.888427734, 238.317993164, 238.747573853, 239.165527344, 239.583480835, 240.001449585, 240.419403076, 240.848968506, 241.278549194, 241.696502686, 242.114456177, 242.532424927, 242.961990356, 243.391555786, 243.809524536, 244.227478027, 244.645431519, 245.075012207, 245.504577637, 245.922531128, 246.340499878, 246.758453369, 247.199630737, 247.617584229, 248.035552979, 248.45350647, 248.883071899, 249.312652588, 249.730606079, 250.14855957, 250.56652832, 250.984481812, 251.414047241, 251.84362793, 252.261581421, 252.679534912, 253.097503662, 253.527069092, 253.956634521, 254.374603271, 254.792556763, 255.210510254, 255.651702881, 256.069641113, 256.487609863, 256.905578613, 257.323547363, 257.753112793, 258.182678223, 258.600616455, 259.018585205, 259.436553955, 259.866119385, 260.295684814, 260.713653564, 261.131591797, 261.549560547, 261.967529297, 262.385467529, 262.815063477, 263.244628906, 263.662567139, 264.080535889, 264.510101318, 264.939666748, 265.357635498, 265.775604248, 266.19354248, 266.61151123, 267.04107666, 267.47064209, 267.88861084, 268.30657959, 268.73614502, 269.165710449, 269.583679199, 270.013244629, 270.442810059, 270.860778809, 271.278717041, 271.696685791, 272.126251221, 272.55581665, 272.9737854, 273.39175415, 273.809692383, 274.227661133, 274.657226563, 275.086791992, 275.504760742, 275.922729492, 276.340667725, 276.758636475, 277.188201904, 277.617767334, 278.035736084, 278.453704834, 278.871643066, 279.301208496, 279.730773926, 280.148742676, 280.566711426, 280.984680176, 281.414245605, 281.843811035, 282.261749268, 282.679718018, 283.097686768, 283.527252197, 283.956817627, 284.374786377, 284.792724609, 285.210693359, 285.640258789, 286.069824219, 286.487792969, 286.905761719, 287.323699951, 287.753295898, 288.182861328, 288.600799561, 289.018768311, 289.436737061, 289.86630249, 290.29586792, 290.71383667, 291.131774902, 291.549743652, 291.979309082, 292.408874512, 292.826843262, 293.244812012, 293.662750244, 294.080718994, 294.510284424, 294.939849854, 295.357818604, 295.775787354, 296.193725586, 296.623291016, 297.052886963, 297.470825195, 297.888793945, 298.306762695, 298.747924805, 299.165893555, 299.583862305, 300.001800537, 300.431365967, 300.849334717, 301.278900146, 301.696868896, 302.114837646, 302.544403076, 302.973968506, 303.391906738, 303.809875488, 304.227844238, 304.645812988, 305.075378418, 305.504943848, 305.92288208, 306.34085083, 306.75881958, 307.18838501, 307.617950439, 308.035919189, 308.453857422, 308.871826172, 309.301391602, 309.730957031, 310.148925781, 310.566894531, 310.984832764, 311.414428711, 311.832366943, 312.261932373, 312.679901123, 313.097869873, 313.515808105, 313.945404053, 314.374969482, 314.792907715, 315.210876465, 315.628845215, 316.058410645, 316.487976074], "beats_loudness": {"dmean2": 0.0321382544935, "median": 0.0671578794718, "min": 0.00197840668261, "dvar2": 0.000722283264622, "dvar": 0.000260248023551, "dmean": 0.0185917690396, "max": 0.146968781948, "var": 0.000657946860883, "mean": 0.065177924931}, "danceability": 1.3410794735, "bpm_histogram_second_peak_weight": {"dmean2": 0, "median": 0.0540540553629, "min": 0.0540540553629, "dvar2": 0, "dvar": 0, "dmean": 0, "max": 0.0540540553629, "var": 0, "mean": 0.0540540553629}, "beats_count": 741, "bpm_histogram_second_peak_bpm": {"dmean2": 0, "median": 136, "min": 136, "dvar2": 0, "dvar": 0, "dmean": 0, "max": 136, "var": 0, "mean": 136}, "bpm_histogram_first_peak_spread": {"dmean2": 0, "median": 0.408882081509, "min": 0.408882081509, "dvar2": 0, "dvar": 0, "dmean": 0, "max": 0.408882081509, "var": 0, "mean": 0.408882081509}, "beats_loudness_band_ratio": {"dmean2": [0.290466696024, 0.228483393788, 0.137480467558, 0.143100336194, 0.0629860237241, 0.0896358564496], "median": [0.737624228001, 0.0774923786521, 0.0332668051124, 0.0408321619034, 0.0264777075499, 0.0556512027979], "min": [7.9212941273e-06, 0.000566201109905, 0.000485856493469, 0.000327966641635, 0.000380498851882, 0.000205670323339], "dvar2": [0.0708179622889, 0.0449043177068, 0.0423562414944, 0.0333776213229, 0.00479777762666, 0.0112096825615], "dvar": [0.0301067437977, 0.0176031664014, 0.0159742981195, 0.0119854332879, 0.00201501627453, 0.00412903400138], "dmean": [0.166833385825, 0.1270724684, 0.0798185318708, 0.0804904773831, 0.0354687348008, 0.0497219152749], "max": [0.992076992989, 0.827170193195, 0.888757884502, 0.801854908466, 0.398916900158, 0.645019054413], "var": [0.0982255488634, 0.0307710859925, 0.0209388434887, 0.0165391601622, 0.00263746525161, 0.00529342936352], "mean": [0.607894122601, 0.150646701455, 0.0928938537836, 0.0907776728272, 0.0428870469332, 0.0748424306512]}}, "lowlevel": {"barkbands_spread": {"dmean2": 14.2202482224, "median": 27.614944458, "min": 0.0397894792259, "dvar2": 282.250457764, "dvar": 136.602890015, "dmean": 9.18295192719, "max": 126.788673401, "var": 354.178283691, "mean": 29.9137687683}, "melbands_spread": {"dmean2": 13.9269523621, "median": 16.995967865, "min": 0.183602377772, "dvar2": 377.23638916, "dvar": 163.649841309, "dmean": 8.87450885773, "max": 235.616348267, "var": 372.390716553, "mean": 22.2075843811}, "hfc": {"dmean2": 20.4085597992, "median": 36.0191040039, "min": 1.19309805167e-16, "dvar2": 926.251464844, "dvar": 395.180755615, "dmean": 13.6878995895, "max": 236.487045288, "var": 821.643798828, "mean": 39.7555389404}, "barkbands_kurtosis": {"dmean2": 20.8694496155, "median": 3.28717803955, "min": -1.95780992508, "dvar2": 28446.1835938, "dvar": 12354.296875, "dmean": 13.8150939941, "max": 4076.61035156, "var": 17053.9941406, "mean": 19.5220146179}, "gfcc": {"mean": [48.452255249, 44.4517250061, -84.7859039307, 22.9296340942, -48.2766838074, 31.4539985657, -34.8808860779, 18.8820476532, -26.0437488556, 11.0247707367, -13.9343967438, 6.11987066269, -10.3198442459], "icov": [[0.000349163077772, 8.23061636765e-05, 0.000190200502402, -0.00012765127758, -4.17211886088e-05, 0.000178322326974, 7.2430477303e-05, -0.000127622712171, 0.000598535640165, -0.000511945341714, 0.000532067904714, -0.000640128157102, 9.60363395279e-05], [8.23061636765e-05, 0.0011426047422, -0.000348770903656, 0.000539894797839, -0.000489261117764, 0.000716625188943, -0.000278161285678, -7.00641030562e-05, -0.000693803129252, 0.00115631299559, -0.00148885685485, 0.00147710496094, -0.00109839322977], [0.000190200502402, -0.000348770903656, 0.0018416371895, -0.00122662039939, -7.27045990061e-05, -0.000758388603572, 0.000930252776016, -0.000588755880017, 0.000845924427267, -0.00116172642447, 0.00180223421194, -0.00101544568315, 0.00143961550202], [-0.00012765127758, 0.000539894797839, -0.00122662039939, 0.00423176167533, -0.00137586984783, 0.000396268995246, -0.00147603196092, 0.0012658466585, -0.00339858070947, 0.00312764663249, -0.00189645099454, 0.000575700658374, -0.000192424486158], [-4.17211886088e-05, -0.000489261117764, -7.27045990061e-05, -0.00137586984783, 0.00568758836016, -0.00220672227442, -0.00247510126792, -0.00100927078165, 0.000859199033584, -0.00130854605231, 0.00120887323283, 0.000329845497617, -0.00107198266778], [0.000178322326974, 0.000716625188943, -0.000758388603572, 0.000396268995246, -0.00220672227442, 0.00668128300458, -0.00281023513526, -0.000104171936982, 0.000195514323423, -0.000680256343912, -0.000756807741709, 0.000619442202151, 0.000876809412148], [7.2430477303e-05, -0.000278161285678, 0.000930252776016, -0.00147603196092, -0.00247510126792, -0.00281023513526, 0.0101754143834, -0.00150887563359, -0.000671277346555, -0.00267154956236, 0.00107273494359, -0.000900421058759, 0.00105118285865], [-0.000127622712171, -7.00641030562e-05, -0.000588755880017, 0.0012658466585, -0.00100927078165, -0.000104171936982, -0.00150887563359, 0.00916386209428, -0.00344402226619, 0.000719717179891, -0.0031220333185, 0.00106234941632, -0.00221462058835], [0.000598535640165, -0.000693803129252, 0.000845924427267, -0.00339858070947, 0.000859199033584, 0.000195514323423, -0.000671277346555, -0.00344402226619, 0.0146666001529, -0.0062530473806, 0.00433271285146, -0.00588770117611, 0.000794295279775], [-0.000511945341714, 0.00115631299559, -0.00116172642447, 0.00312764663249, -0.00130854605231, -0.000680256343912, -0.00267154956236, 0.000719717179891, -0.0062530473806, 0.0193227324635, -0.0103337690234, 0.000121837758343, -0.000153860892169], [0.000532067904714, -0.00148885685485, 0.00180223421194, -0.00189645099454, 0.00120887323283, -0.000756807741709, 0.00107273494359, -0.0031220333185, 0.00433271285146, -0.0103337690234, 0.0190985500813, -0.00470122974366, -0.00105281022843], [-0.000640128157102, 0.00147710496094, -0.00101544568315, 0.000575700658374, 0.000329845497617, 0.000619442202151, -0.000900421058759, 0.00106234941632, -0.00588770117611, 0.000121837758343, -0.00470122974366, 0.0173434615135, -0.00532208848745], [9.60363395279e-05, -0.00109839322977, 0.00143961550202, -0.000192424486158, -0.00107198266778, 0.000876809412148, 0.00105118285865, -0.00221462058835, 0.000794295279775, -0.000153860892169, -0.00105281022843, -0.00532208848745, 0.0195126030594]], "cov": [[3925.04956055, -688.30291748, -519.798095703, -185.363723755, -204.624023438, -215.930450439, -132.193405151, -88.1757125854, -134.180557251, 35.786277771, -51.4913825989, 133.725967407, 13.4734554291], [-688.30291748, 1428.18798828, 38.7016181946, -116.918136597, 38.8868751526, -117.637969971, -27.2161636353, 74.4135284424, -7.63990783691, -52.2105865479, 73.9040298462, -103.245765686, 72.8349151611], [-519.798095703, 38.7016181946, 1007.75543213, 387.878356934, 258.561004639, 244.955352783, 132.453643799, 52.6997871399, 87.3378295898, 23.1608905792, -53.6915168762, 7.72262811661, -67.9088287354], [-185.363723755, -116.918136597, 387.878356934, 578.890930176, 294.511352539, 210.355667114, 208.932067871, 52.9903907776, 149.28717041, 32.1145095825, -3.21159315109, 44.2288284302, -21.0251121521], [-204.624023438, 38.8868751526, 258.561004639, 294.511352539, 512.455444336, 307.945983887, 279.65057373, 122.198181152, 112.137153625, 91.263961792, 28.6511955261, 27.631280899, 5.38071060181], [-215.930450439, -117.637969971, 244.955352783, 210.355667114, 307.945983887, 393.481170654, 232.739608765, 85.4921722412, 86.2004165649, 85.9686965942, 23.733877182, 25.3651103973, -19.787858963], [-132.193405151, -27.2161636353, 132.453643799, 208.932067871, 279.65057373, 232.739608765, 293.601379395, 99.4245452881, 105.105903625, 88.6147918701, 34.6793022156, 38.4067802429, 0.546215832233], [-88.1757125854, 74.4135284424, 52.6997871399, 52.9903907776, 122.198181152, 85.4921722412, 99.4245452881, 178.711837769, 73.2507858276, 56.5887641907, 49.8588027954, 26.6850204468, 26.4889354706], [-134.180557251, -7.63990783691, 87.3378295898, 149.28717041, 112.137153625, 86.2004165649, 105.105903625, 73.2507858276, 159.093856812, 65.3312683105, 25.5975341797, 55.3947410583, 10.7265348434], [35.786277771, -52.2105865479, 23.1608905792, 32.1145095825, 91.263961792, 85.9686965942, 88.6147918701, 56.5887641907, 65.3312683105, 125.872917175, 62.7228240967, 44.4012107849, 12.1202087402], [-51.4913825989, 73.9040298462, -53.6915168762, -3.21159315109, 28.6511955261, 23.733877182, 34.6793022156, 49.8588027954, 25.5975341797, 62.7228240967, 106.972305298, 31.4854316711, 26.4533538818], [133.725967407, -103.245765686, 7.72262811661, 44.2288284302, 27.631280899, 25.3651103973, 38.4067802429, 26.6850204468, 55.3947410583, 44.4012107849, 31.4854316711, 103.293785095, 22.7017021179], [13.4734554291, 72.8349151611, -67.9088287354, -21.0251121521, 5.38071060181, -19.787858963, 0.546215832233, 26.4889354706, 10.7265348434, 12.1202087402, 26.4533538818, 22.7017021179, 71.5254058838]]}, "spectral_energyband_middle_low": {"dmean2": 0.0103766201064, "median": 0.00704069714993, "min": 5.35996881063e-22, "dvar2": 0.000265527516603, "dvar": 0.000130809814436, "dmean": 0.0066187880002, "max": 0.106384463608, "var": 0.000196637018234, "mean": 0.0119078829885}, "melbands_crest": {"dmean2": 7.01991939545, "median": 19.6194934845, "min": 2.03695654869, "dvar2": 41.824836731, "dvar": 17.1859893799, "dmean": 4.51509380341, "max": 33.6905326843, "var": 51.2565116882, "mean": 19.2353782654}, "spectral_kurtosis": {"dmean2": 1.16433882713, "median": 2.19207859039, "min": -1.50104117393, "dvar2": 2.78763175011, "dvar": 1.15271961689, "dmean": 0.77822881937, "max": 37.0968780518, "var": 5.33491516113, "mean": 2.65778136253}, "spectral_rms": {"dmean2": 0.00161605898757, "median": 0.00665592867881, "min": 3.27239233974e-12, "dvar2": 2.75316210718e-06, "dvar": 1.17312231396e-06, "dmean": 0.0010362182511, "max": 0.013035165146, "var": 4.32073284173e-06, "mean": 0.00650532031432}, "zerocrossingrate": {"dmean2": 0.0218602158129, "median": 0.0673828125, "min": 0.001953125, "dvar2": 0.000613864976913, "dvar": 0.000456410663901, "dmean": 0.0181428641081, "max": 0.51416015625, "var": 0.00267306482419, "mean": 0.0802290961146}, "silence_rate_60dB": {"dmean2": 0.0210410561413, "median": 0, "min": 0, "dvar2": 0.0245575867593, "dvar": 0.0104469517246, "dmean": 0.0105564109981, "max": 1, "var": 0.0176346451044, "mean": 0.0179592426866}, "erbbands_kurtosis": {"dmean2": 1.4333717823, "median": -0.258401691914, "min": -1.9602741003, "dvar2": 9.99216079712, "dvar": 4.18045711517, "dmean": 0.932777822018, "max": 75.8919143677, "var": 10.3365564346, "mean": 0.725692093372}, "erbbands": {"dmean2": [0.519300043583, 2.81495666504, 6.96642494202, 12.3918571472, 13.977604866, 22.7873573303, 19.1856575012, 17.8170642853, 22.2912254333, 25.2589931488, 24.5689659119, 29.5139274597, 45.2142715454, 58.7687187195, 38.8109664917, 34.4435386658, 31.9901924133, 33.5484962463, 26.939781189, 28.2551002502, 35.27684021, 23.5602264404, 17.3524703979, 14.0373487473, 16.1714801788, 12.0213575363, 9.97269439697, 8.60130310059, 8.9463300705, 8.61505794525, 9.63822555542, 6.72471094131, 5.74618196487, 5.27791118622, 3.58051943779, 1.7921744585, 0.444006323814, 0.0646440982819, 0.00790293421596, 0.000193640138605], "median": [0.323090940714, 1.88999462128, 1.88518249989, 1.59229207039, 2.34631586075, 3.55169796944, 4.53961086273, 6.83228874207, 7.70764350891, 7.38199615479, 7.86304187775, 9.64553451538, 13.3368492126, 13.6628952026, 15.0789813995, 16.5059432983, 16.7909984589, 18.5448913574, 15.0843353271, 13.4679574966, 11.1252880096, 10.6651382446, 10.1794538498, 10.2340164185, 11.4152431488, 10.4675960541, 8.21961593628, 6.88887214661, 7.4310259819, 6.83527421951, 6.94586086273, 5.52378082275, 4.88098669052, 4.50375366211, 2.89377832413, 1.39796113968, 0.310344338417, 0.056008040905, 0.00446000043303, 0.000161323623615], "min": [1.84276857328e-21, 3.84315382734e-21, 2.80159255694e-20, 1.22383219859e-19, 1.24450899972e-19, 1.67764959052e-19, 4.03906347749e-19, 9.90974884945e-19, 5.17382964986e-19, 1.99124872754e-18, 2.68363757094e-18, 2.46809312167e-18, 3.66523977576e-18, 1.65287354077e-18, 2.40748373703e-18, 5.39464778912e-18, 3.36986123044e-18, 5.29397329113e-18, 1.1154126069e-17, 9.94048584704e-18, 1.16429021298e-17, 1.15755067622e-17, 1.30267554423e-17, 1.86885891867e-17, 1.12358192534e-17, 8.06237888368e-18, 1.13112027042e-17, 1.9093083815e-17, 1.26904850166e-17, 1.959036991e-17, 2.09846026848e-17, 2.45283321101e-17, 1.65011232917e-17, 1.21324698026e-17, 7.52100737074e-18, 5.54628695261e-18, 2.61606684106e-18, 1.21211934696e-18, 3.04653075296e-19, 4.3529478238e-20], "dvar2": [0.618751645088, 19.9797897339, 238.156890869, 998.687072754, 1103.39147949, 2761.88305664, 1706.9954834, 1175.43164063, 2983.1730957, 2946.16040039, 3569.34838867, 11849.7666016, 11962.3867188, 16309.1728516, 6872.8515625, 5762.29541016, 4599.70019531, 4986.91259766, 3162.46337891, 3181.73901367, 5833.20703125, 2151.62719727, 894.113342285, 440.796539307, 721.70111084, 368.339172363, 270.994140625, 155.943908691, 170.074035645, 214.737045288, 341.947143555, 107.013710022, 82.2993850708, 136.022613525, 61.9450340271, 11.2485876083, 0.864614486694, 0.0117422733456, 0.000273609213764, 1.49069535382e-07], "dvar": [0.273108631372, 9.33990764618, 118.819580078, 397.263763428, 452.833435059, 1013.14501953, 582.29510498, 460.800445557, 1243.53466797, 1235.85754395, 1493.87939453, 4491.6328125, 5904.56005859, 6321.42382813, 2988.70410156, 2926.98022461, 1980.10998535, 2168.85375977, 1271.91003418, 1384.69873047, 2101.07055664, 856.20300293, 368.257263184, 172.303070068, 269.303100586, 138.188934326, 100.197601318, 61.8316345215, 67.7683105469, 90.589263916, 139.779815674, 46.8589515686, 34.9949951172, 58.6546440125, 27.1595954895, 4.79543638229, 0.354512691498, 0.00587707385421, 0.000130068816361, 6.95690474117e-08], "dmean": [0.373881369829, 1.95625281334, 5.05370759964, 7.58215618134, 8.62278842926, 13.128651619, 10.9358215332, 10.7619047165, 13.4291534424, 14.8163671494, 14.583987236, 18.5930519104, 29.3213729858, 34.5850486755, 24.1397647858, 22.6456680298, 20.3386039734, 21.3609046936, 16.8072147369, 17.53307724, 20.0040340424, 14.1747169495, 10.4766378403, 8.39959621429, 9.59606838226, 7.30286502838, 5.99853992462, 5.28556394577, 5.49161195755, 5.45507287979, 6.1181883812, 4.40089607239, 3.74947118759, 3.44278240204, 2.35678362846, 1.15430402756, 0.298381358385, 0.0455288179219, 0.00536627601832, 0.000131842723931], "max": [3.97767806053, 41.8582839966, 106.203910828, 185.911773682, 258.887207031, 331.253051758, 348.797546387, 565.744018555, 898.343139648, 936.995788574, 1585.1463623, 2403.52319336, 2078.16699219, 2387.44213867, 1510.1036377, 1871.68762207, 1264.35412598, 1579.37841797, 828.505737305, 818.583190918, 538.811340332, 697.176086426, 674.529907227, 343.093933105, 229.856216431, 232.233444214, 140.067443848, 97.882774353, 118.404449463, 209.106536865, 218.462661743, 158.994277954, 111.557380676, 229.589859009, 117.161109924, 59.5214500427, 8.55655574799, 1.42367684841, 0.148103863001, 0.00365901342593], "var": [0.61449444294, 27.6878910065, 184.134002686, 326.189941406, 402.522247314, 1021.62585449, 700.158630371, 728.084899902, 2057.22924805, 2295.80908203, 2587.46508789, 6035.07714844, 12880.3154297, 9597.26367188, 8070.88330078, 10378.2382813, 5861.89453125, 3991.37744141, 2509.96606445, 2548.66723633, 1783.13769531, 1238.46179199, 677.631225586, 325.08883667, 339.03338623, 217.63822937, 148.825775146, 125.485359192, 168.329406738, 185.992340088, 221.79977417, 119.577232361, 91.7767562866, 89.4261169434, 44.8222160339, 8.187748909, 0.473806202412, 0.0122625371441, 0.000204219570151, 1.10491676253e-07], "mean": [0.641205906868, 4.40844154358, 6.56663799286, 7.03531503677, 8.5731306076, 14.7089166641, 13.5779666901, 15.7880821228, 20.2951564789, 19.5749263763, 19.9021949768, 27.2881336212, 47.8831863403, 45.9175872803, 39.4613723755, 43.2955093384, 38.1709594727, 36.7003211975, 29.5550575256, 28.2225475311, 24.0560588837, 21.5752334595, 17.8143882751, 15.0085916519, 16.0497722626, 13.7458953857, 11.269698143, 10.6928663254, 11.4106941223, 10.8035297394, 11.4596004486, 9.23408031464, 8.0214176178, 7.08306884766, 4.51852226257, 2.15394163132, 0.51067751646, 0.0900111570954, 0.00906870141625, 0.000264291389612]}, "spectral_strongpeak": {"dmean2": 0.730911493301, "median": 0.594288229942, "min": 0, "dvar2": 1.9241617918, "dvar": 0.728587210178, "dmean": 0.436014294624, "max": 19.6016368866, "var": 1.40574300289, "mean": 0.933563172817}, "spectral_energy": {"dmean2": 0.0226389411837, "median": 0.0454089269042, "min": 1.09762658681e-20, "dvar2": 0.000623182859272, "dvar": 0.000244965078309, "dmean": 0.0142918452621, "max": 0.174163416028, "var": 0.000692456145771, "mean": 0.0478060729802}, "average_loudness": 0.953506410122, "spectral_rolloff": {"dmean2": 1594.9597168, "median": 947.4609375, "min": 64.599609375, "dvar2": 7226774, "dvar": 3274017.5, "dmean": 958.616516113, "max": 19422.9492188, "var": 5857249.5, "mean": 1787.62011719}, "spectral_centroid": {"dmean2": 462.9609375, "median": 1492.98840332, "min": 70.3813018799, "dvar2": 317862.25, "dvar": 137457.875, "dmean": 314.461242676, "max": 5371.64257813, "var": 467485.8125, "mean": 1492.54272461}, "pitch_salience": {"dmean2": 0.143890231848, "median": 0.483372271061, "min": 0.020408578217, "dvar2": 0.020964557305, "dvar": 0.00962600018829, "dmean": 0.0942158922553, "max": 0.890486359596, "var": 0.0355457141995, "mean": 0.456908494234}, "spectral_energyband_middle_high": {"dmean2": 0.0047310567461, "median": 0.00450856145471, "min": 1.67669893866e-21, "dvar2": 5.4310716223e-05, "dvar": 2.21516474994e-05, "dmean": 0.00294433697127, "max": 0.066305860877, "var": 6.24583772151e-05, "mean": 0.00713305640966}, "spectral_contrast_coeffs": {"dmean2": [0.0930717512965, 0.0821813046932, 0.0684336274862, 0.0499861724675, 0.0352226011455, 0.0256816912442], "median": [-0.655914068222, -0.768294334412, -0.783077955246, -0.803708076477, -0.809843659401, -0.80160343647], "min": [-0.965457260609, -0.978351533413, -0.985435009003, -0.978913664818, -0.972739994526, -0.963395833969], "dvar2": [0.00684284185991, 0.00454984372482, 0.00348542211577, 0.00166781444568, 0.00085392879555, 0.000445821875473], "dvar": [0.00301971589215, 0.00173491204623, 0.00139419070911, 0.000688899366651, 0.000373038346879, 0.000179884678801], "dmean": [0.0576056577265, 0.0499261878431, 0.0423130244017, 0.0309125930071, 0.0218975804746, 0.0155234793201], "max": [-0.237638190389, -0.38391700387, -0.394562989473, -0.474601298571, -0.565174996853, -0.667778134346], "var": [0.0113678546622, 0.00807298533618, 0.00671902205795, 0.00437428150326, 0.00192910374608, 0.000699864700437], "mean": [-0.642513871193, -0.757062733173, -0.769063711166, -0.78878390789, -0.801388800144, -0.802071452141]}, "melbands_skewness": {"dmean2": 2.09338450432, "median": 3.53067684174, "min": -1.28139436245, "dvar2": 9.26690196991, "dvar": 5.00618648529, "dmean": 1.4293872118, "max": 32.0494613647, "var": 20.6024684906, "mean": 4.70975828171}, "spectral_spread": {"dmean2": 1207164.75, "median": 7292729.5, "min": 1802008, "dvar2": 2063309471740.0, "dvar": 1189772263420.0, "dmean": 848255.8125, "max": 41722488, "var": 5233021812740.0, "mean": 7560565.5}, "dissonance": {"dmean2": 0.0296177361161, "median": 0.478603243828, "min": 0.211842447519, "dvar2": 0.00100817659404, "dvar": 0.000369563465938, "dmean": 0.0173776205629, "max": 0.500000119209, "var": 0.00107134715654, "mean": 0.468069016933}, "spectral_skewness": {"dmean2": 0.2278188169, "median": 1.3697514534, "min": -0.29021319747, "dvar2": 0.0634856075048, "dvar": 0.0322746522725, "dmean": 0.156846746802, "max": 4.59857797623, "var": 0.221361935139, "mean": 1.44640028477}, "spectral_flux": {"dmean2": 0.0611064732075, "median": 0.0999227166176, "min": 0.000218462009798, "dvar2": 0.00317224138416, "dvar": 0.00160115072504, "dmean": 0.039134323597, "max": 0.372283011675, "var": 0.00414372980595, "mean": 0.116998501122}, "spectral_contrast_valleys": {"dmean2": [0.691489756107, 0.776412963867, 0.582019627094, 0.498117744923, 0.460087835789, 0.416235029697], "median": [-7.01927661896, -6.60547065735, -6.930580616, -7.21489524841, -7.16885852814, -8.79061126709], "min": [-22.9595508575, -23.9654464722, -24.5424785614, -25.2344760895, -25.9923