{"tonal": {"thpcp": [1, 0.488197892904, 0.166364610195, 0.133948355913, 0.165469974279, 0.338104307652, 0.398367971182, 0.27342069149, 0.303458571434, 0.367451816797, 0.360066354275, 0.530357420444, 0.526097238064, 0.304082095623, 0.37797409296, 0.417498022318, 0.240248143673, 0.15784008801, 0.174756109715, 0.319672673941, 0.753579735756, 0.82274466753, 0.384815365076, 0.173014894128, 0.182046934962, 0.255706459284, 0.403838455677, 0.41693174839, 0.271220088005, 0.23423832655, 0.272374838591, 0.341456115246, 0.465524017811, 0.459059625864, 0.440718829632, 0.853198111057], "hpcp": {"dmean2": [0.17345584929, 0.144595846534, 0.14315508306, 0.165118902922, 0.183350935578, 0.203269392252, 0.211661010981, 0.231987029314, 0.290282070637, 0.302000939846, 0.198935136199, 0.117499411106, 0.101373016834, 0.10651011765, 0.144592523575, 0.163296639919, 0.140107244253, 0.153860792518, 0.17449632287, 0.163486927748, 0.198196738958, 0.203248560429, 0.160167977214, 0.164683461189, 0.167242914438, 0.135321065784, 0.111178852618, 0.132611706853, 0.186750531197, 0.230024218559, 0.2467777282, 0.178730636835, 0.121219933033, 0.120800197124, 0.145712554455, 0.173096075654], "median": [0.0404057241976, 0.0331752225757, 0.0254421271384, 0.0245174709707, 0.0298737939447, 0.0470308363438, 0.0556453168392, 0.0689282044768, 0.191981166601, 0.22278906405, 0.0912202894688, 0.0161757450551, 0.0120631949976, 0.0147749651223, 0.02815162763, 0.0363385118544, 0.0311280414462, 0.0253255777061, 0.0266991779208, 0.0428640693426, 0.067888893187, 0.0693612918258, 0.0415029674768, 0.0199431572109, 0.0208928920329, 0.0169614423066, 0.0112771717831, 0.0128122474998, 0.0292773023248, 0.0979550406337, 0.117453061044, 0.0530411452055, 0.010541879572, 0.00967940781265, 0.0181136205792, 0.0338728092611], "min": [0, 0, 0, 0, 0, 0, 0, 0, 0, 0, 0, 0, 0, 0, 0, 0, 0, 0, 0, 0, 0, 0, 0, 0, 0, 0, 0, 0, 0, 0, 0, 0, 0, 0, 0, 0], "dvar2": [0.0816597938538, 0.0627307519317, 0.0643312782049, 0.0818335562944, 0.0879694968462, 0.0983501970768, 0.0946071520448, 0.0962368771434, 0.108349144459, 0.11419172585, 0.0720888227224, 0.0577104277909, 0.0515974424779, 0.0478093512356, 0.0625904724002, 0.0715228095651, 0.0571865551174, 0.0705471783876, 0.0841992497444, 0.0671908259392, 0.0777186751366, 0.0873803794384, 0.0669505447149, 0.0765313878655, 0.0818387493491, 0.0699320808053, 0.0588890090585, 0.0713353604078, 0.0951051488519, 0.089306473732, 0.109771572053, 0.0836120098829, 0.0683082193136, 0.0680828019977, 0.0742051824927, 0.080624319613], "dvar": [0.0344208553433, 0.0238109249622, 0.0244700610638, 0.0320617854595, 0.0343472994864, 0.038881842047, 0.0362274385989, 0.0362358987331, 0.0428802408278, 0.0508890673518, 0.0281873419881, 0.0207798890769, 0.0185623131692, 0.017307318747, 0.0252894833684, 0.0302678830922, 0.0223847869784, 0.0280049853027, 0.0351128578186, 0.027891529724, 0.0341368019581, 0.0373525470495, 0.0258704349399, 0.0312630534172, 0.0349221229553, 0.0259749814868, 0.0217005182058, 0.0264729075134, 0.0352195762098, 0.0390135422349, 0.0483432933688, 0.0318095944822, 0.024868555367, 0.0250135548413, 0.0286241099238, 0.0329869538546], "dmean": [0.104227825999, 0.0837166905403, 0.0826686099172, 0.0945498496294, 0.106675006449, 0.118647970259, 0.123160660267, 0.133709594607, 0.171051308513, 0.18005900085, 0.118648335338, 0.0657459124923, 0.0561469942331, 0.0608047135174, 0.0865528136492, 0.0985779985785, 0.0833951607347, 0.091316729784, 0.104736976326, 0.0991193130612, 0.122534714639, 0.123976990581, 0.0935678109527, 0.0973140671849, 0.100608743727, 0.0781964659691, 0.0627676844597, 0.0736181214452, 0.106091246009, 0.137832775712, 0.14680480957, 0.103337965906, 0.0683423355222, 0.0681640431285, 0.0835388675332, 0.103329196572], "max": [1, 1, 1, 1, 1, 1, 1, 1, 1, 1, 1, 1, 1, 1, 1, 1, 1, 1, 1, 1, 1, 1, 1, 1, 1, 1, 1, 1, 1, 1, 1, 1, 1, 1, 1, 1], "var": [0.0626785904169, 0.0273926910013, 0.0258149690926, 0.0359365977347, 0.0476411767304, 0.0688304156065, 0.0613219067454, 0.0463432557881, 0.0928167328238, 0.124286904931, 0.0433173626661, 0.0174345970154, 0.0141256256029, 0.0152079518884, 0.0463265180588, 0.0581850633025, 0.0284592974931, 0.0378135479987, 0.0546530000865, 0.0459349676967, 0.0695395767689, 0.0706079304218, 0.0294529814273, 0.0593181066215, 0.0740124881268, 0.0280012898147, 0.0191885083914, 0.022453956306, 0.0393478535116, 0.106575921178, 0.121543943882, 0.0385673679411, 0.0224902704358, 0.0258246418089, 0.036045819521, 0.0576195158064], "mean": [0.149464204907, 0.0972286164761, 0.0839711651206, 0.097642570734, 0.122407250106, 0.166883856058, 0.164566457272, 0.157991543412, 0.305859595537, 0.358486026525, 0.175012126565, 0.0596393868327, 0.0480186119676, 0.0593186728656, 0.121205665171, 0.142809346318, 0.0980174988508, 0.108785659075, 0.131726339459, 0.129078760743, 0.190125718713, 0.188598513603, 0.109009183943, 0.135498434305, 0.149667203426, 0.0861256048083, 0.056583467871, 0.0626476258039, 0.114598184824, 0.270147800446, 0.294942468405, 0.137950927019, 0.0620234198868, 0.0652612820268, 0.0916671976447, 0.144770443439]}, "tuning_equal_tempered_deviation": 0.114600248635, "chords_changes_rate": 0.0838603228331, "key_key": "C", "tuning_diatonic_strength": 0.664291977882, "key_scale": "major", "chords_number_rate": 0.00439923023805, "tuning_frequency": 440.508636475, "tuning_nontempered_energy_ratio": 0.767674565315, "chords_histogram": [32.6367874146, 3.27192735672, 4.7841629982, 1.23728346825, 0.0549903772771, 0.192466318607, 1.34726417065, 0.577398955822, 3.21693706512, 6.35138845444, 10.1182289124, 1.51223540306, 0.49491339922, 0, 0.577398955822, 0.742370069027, 3.40940332413, 12.6477870941, 0.0549903772771, 1.53973054886, 2.17211985588, 2.22711014748, 7.56117677689, 3.27192735672], "key_strength": 0.812969624996, "chords_key": "C", "chords_strength": {"dmean2": 0.0111010083929, "median": 0.550395071507, "min": -1, "dvar2": 0.0011193951359, "dvar": 0.000610399991274, "dmean": 0.0110364034772, "max": 0.764578819275, "var": 0.0406504012644, "mean": 0.5241330266}, "chords_scale": "major", "hpcp_entropy": {"dmean2": 0.99333101511, "median": 1.74230730534, "min": 0, "dvar2": 0.756079792976, "dvar": 0.30044683814, "dmean": 0.59141933918, "max": 4.11739873886, "var": 0.624564290047, "mean": 1.67677664757}}, "metadata": {"audio_properties": {"equal_loudness": 0, "codec": "flac", "downmix": "mix", "sample_rate": 44100, "analysis_sample_rate": 44100, "bit_rate": 0, "md5_encoded": "e6c6df82789b1c58a1722686ef05d5b9", "length": 168.839996338, "replay_gain": -15.0483341217, "lossless": true}, "version": {"essentia_build_sha": "2d9f1f26377add8aeb1075a9c2973f962c4f09fd", "essentia": "2.1-beta2", "extractor": "music 1.0", "essentia_git_sha": "v2.1_beta2-1-ge3940c0"}, "tags": {"title": ["Dark and Dreary (take 4)"], "barcode": ["0029667007726"], "media": ["CD"], "albumartist": ["Elmore James"], "tracktotal": ["18"], "musicbrainz_releasegroupid": ["6306f3b0-968c-4728-a5aa-ba1a1767640c"], "releasetype": ["album", "compilation"], "musicbrainz_recordingid": ["0c03ac35-f650-48ec-bea9-8ed21a1f26ca"], "musicbrainz_albumartistid": ["6fbd2cfb-5f9c-497c-8e06-3c6668367681"], "originalyear": ["2005"], "musicbrainz_releasetrackid": ["2ea9abfa-7ce7-3704-8e15-4920bfa801fe"], "discnumber": ["1"], "album": ["Blues After Hours"], "catalognumber": ["CDCHM 1043"], "releasecountry": ["GB"], "originaldate": ["2005-02-28"], "albumartistsort": ["James, Elmore"], "date": ["2005-02-28"], "file_name": "b496b1af43fca7406782cf3d75fa.flac", "disctotal": ["1"], "acoustid_id": ["1ff7b496-b1af-43fc-a740-6782cf3d75fa"], "musicbrainz_artistid": ["6fbd2cfb-5f9c-497c-8e06-3c6668367681"], "asin": ["B0007LZJ6C"], "musicbrainz_albumid": ["68775069-47c0-43bd-b240-91c1ec5cbc64"], "tracknumber": ["4"], "artistsort": ["James, Elmore"], "artist": ["Elmore James"], "label": ["Ace Records"], "releasestatus": ["official"], "totaldiscs": ["1"], "script": ["Latn"], "totaltracks": ["18"]}}, "rhythm": {"bpm_histogram_first_peak_bpm": {"dmean2": 0, "median": 96, "min": 96, "dvar2": 0, "dvar": 0, "dmean": 0, "max": 96, "var": 0, "mean": 96}, "bpm": 96.1597824097, "bpm_histogram_second_peak_spread": {"dmean2": 0, "median": 0.40625, "min": 0.40625, "dvar2": 0, "dvar": 0, "dmean": 0, "max": 0.40625, "var": 0, "mean": 0.40625}, "bpm_histogram_first_peak_weight": {"dmean2": 0, "median": 0.244360908866, "min": 0.244360908866, "dvar2": 0, "dvar": 0, "dmean": 0, "max": 0.244360908866, "var": 0, "mean": 0.244360908866}, "onset_rate": 3.23353385925, "beats_position": [0.696598649025, 1.42802715302, 2.13623571396, 2.85605430603, 3.55265307426, 4.23764181137, 4.92263031006, 5.59600877762, 6.25777769089, 6.91954612732, 7.56970500946, 8.2198638916, 8.87002277374, 9.50857162476, 10.1471195221, 10.8204984665, 11.4938774109, 12.1556463242, 12.8174142838, 13.4907932281, 14.1525621414, 14.8259410858, 15.4760990143, 16.1378688812, 16.7880268097, 17.4381847382, 18.088344574, 18.7385025024, 19.4118824005, 20.0736503601, 20.7354183197, 21.3971881866, 22.0589561462, 22.7439460754, 23.4289340973, 24.0674819946, 24.7060317993, 25.3561897278, 26.0063495636, 26.6797275543, 27.3298854828, 27.9800453186, 28.6418132782, 29.3035831451, 29.9537410736, 30.6155090332, 31.2772789001, 31.9390468597, 32.6124267578, 33.2741928101, 33.9591827393, 34.6209526062, 35.2827186584, 35.9444885254, 36.5830383301, 37.2215881348, 37.8717460632, 38.5102958679, 39.1488418579, 39.7873916626, 40.4259414673, 41.0644874573, 41.6914291382, 42.3183670044, 42.9569168091, 43.6070747375, 44.257232666, 44.8841705322, 45.5111083984, 46.1496582031, 46.7882080078, 47.4383659363, 48.0885238647, 48.7386856079, 49.3656234741, 50.0041732788, 50.6427192688, 51.2928771973, 51.931427002, 52.5699768066, 53.1969146729, 53.8238525391, 54.4624023438, 55.1009521484, 55.7395019531, 56.3780479431, 57.0165977478, 57.6551475525, 58.2936935425, 58.9322433472, 59.5591812134, 60.2093429565, 60.8478889465, 61.4864387512, 62.1133766174, 62.7403144836, 63.3672561646, 64.0058059692, 64.6443557739, 65.2828979492, 65.9098434448, 66.5483856201, 67.1637191772, 67.779045105, 68.4059829712, 69.0329208374, 69.6482543945, 70.2868041992, 70.9137420654, 71.5406799316, 72.1676177979, 72.817779541, 73.4679336548, 74.094871521, 74.7218093872, 75.3487548828, 75.975692749, 76.6026306152, 77.2295684814, 77.8681182861, 78.4950561523, 79.1103820801, 79.7373199463, 80.3642578125, 80.9795913696, 81.6065292358, 82.2218551636, 82.8487930298, 83.4757385254, 84.0910644531, 84.7063903809, 85.3333282471, 85.9602737427, 86.5755996704, 87.1909255981, 87.8178634644, 88.44480896, 89.0717468262, 89.6754608154, 90.3023986816, 90.9177322388, 91.5330581665, 92.1367797852, 92.7637176514, 93.3906555176, 93.9943771362, 94.6213150024, 95.2482528687, 95.8751907349, 96.5021286011, 97.0942382813, 97.6979598999, 98.3132858276, 98.9286117554, 99.5439453125, 100.147659302, 100.739768982, 101.308662415, 101.889160156, 102.469657898, 103.073379517, 103.677093506, 104.292427063, 104.907752991, 105.534690857, 106.150024414, 106.765350342, 107.392288208, 108.019226074, 108.64616394, 109.261497498, 109.876823425, 110.503761292, 111.130699158, 111.746032715, 112.361358643, 112.988296509, 113.592018127, 114.195732117, 114.822669983, 115.449615479, 116.064941406, 116.680267334, 117.295600891, 117.922538757, 118.537864685, 119.153198242, 119.76852417, 120.372245789, 120.987571716, 121.602897644, 122.22983551, 122.856781006, 123.483718872, 124.0990448, 124.714370728, 125.318092346, 125.933418274, 126.548751831, 127.15246582, 127.767799377, 128.394729614, 129.010070801, 129.625396729, 130.240722656, 130.844436646, 131.448165894, 132.051879883, 132.655593872, 133.25932312, 133.874649048, 134.489974976, 135.116912842, 135.755462646, 136.382400513, 136.99772644, 137.613052368, 138.228393555, 138.832107544, 139.447433472, 140.062759399, 140.666488647, 141.270202637, 141.885528564, 142.500854492, 143.10458374, 143.731521606, 144.335235596, 144.938949585, 145.531066895, 146.123168945, 146.703674316, 147.307388306, 147.911102295, 148.526443481, 149.141769409, 149.757095337, 150.372421265, 150.976135254, 151.579864502, 152.183578491, 152.78729248, 153.391021729, 153.994735718, 154.598449707, 155.202178955, 155.771057129, 156.363174438, 156.966888428, 157.559005737, 158.151107788, 158.754821777, 159.370162964, 159.985488892, 160.589202881, 161.204528809, 161.831466675, 162.458404541, 163.073745728, 163.700683594, 164.316009521, 164.942947388, 165.558273315, 166.185211182, 166.812149048, 167.439086914, 168.054412842], "beats_loudness": {"dmean2": 0.020107852295, "median": 0.0345751047134, "min": 0, "dvar2": 0.000211997248698, "dvar": 8.14153754618e-05, "dmean": 0.0120246326551, "max": 0.0602635666728, "var": 0.000196082139155, "mean": 0.0318685136735}, "danceability": 1.1501609087, "bpm_histogram_second_peak_weight": {"dmean2": 0, "median": 0.0714285746217, "min": 0.0714285746217, "dvar2": 0, "dvar": 0, "dmean": 0, "max": 0.0714285746217, "var": 0, "mean": 0.0714285746217}, "beats_count": 267, "bpm_histogram_second_peak_bpm": {"dmean2": 0, "median": 91, "min": 91, "dvar2": 0, "dvar": 0, "dmean": 0, "max": 91, "var": 0, "mean": 91}, "bpm_histogram_first_peak_spread": {"dmean2": 0, "median": 0.701834857464, "min": 0.701834857464, "dvar2": 0, "dvar": 0, "dmean": 0, "max": 0.701834857464, "var": 0, "mean": 0.701834857464}, "beats_loudness_band_ratio": {"dmean2": [0.357048690319, 0.218008458614, 0.274982094765, 0.217941254377, 0.116146706045, 0.0663036480546], "median": [0.273595660925, 0.141932576895, 0.261382490396, 0.0997342690825, 0.0735127106309, 0.0151106817648], "min": [0, 0, 0, 0, 0, 0], "dvar2": [0.0945976674557, 0.0318764820695, 0.0494005903602, 0.0396386608481, 0.016210289672, 0.00779417157173], "dvar": [0.0350701212883, 0.0117470333353, 0.0170660950243, 0.0151480603963, 0.00517781171948, 0.00303701357916], "dmean": [0.205623850226, 0.122614048421, 0.160446360707, 0.123819939792, 0.0654708445072, 0.0388726256788], "max": [0.983565509319, 0.789590239525, 0.76691788435, 0.648185789585, 0.396524131298, 0.426762491465], "var": [0.0520998202264, 0.0168637707829, 0.0302261356264, 0.0169653501362, 0.00502207363024, 0.00291227153502], "mean": [0.332607001066, 0.171433195472, 0.262716591358, 0.143012240529, 0.0864088088274, 0.0373007059097]}}, "lowlevel": {"barkbands_spread": {"dmean2": 5.37925434113, "median": 15.0838499069, "min": 0.771308898926, "dvar2": 41.3972854614, "dvar": 20.782043457, "dmean": 3.56924295425, "max": 108.861427307, "var": 103.343231201, "mean": 16.9996356964}, "melbands_spread": {"dmean2": 8.24907779694, "median": 18.7684001923, "min": 0.744455575943, "dvar2": 125.124336243, "dvar": 56.8755683899, "dmean": 5.47438621521, "max": 177.36416626, "var": 458.517486572, "mean": 24.669260025}, "hfc": {"dmean2": 5.22434473038, "median": 8.91419696808, "min": 1.07986390796e-16, "dvar2": 62.8619155884, "dvar": 37.6271514893, "dmean": 4.07926511765, "max": 101.423332214, "var": 282.115600586, "mean": 15.6836671829}, "barkbands_kurtosis": {"dmean2": 2.51399087906, "median": 0.759553432465, "min": -1.8432713747, "dvar2": 29.5674381256, "dvar": 14.9247617722, "dmean": 1.64155721664, "max": 163.486541748, "var": 87.3396148682, "mean": 2.55349397659}, "gfcc": {"mean": [-80.6399002075, 129.640274048, -144.613479614, 21.1058197021, -53.5127220154, -5.27103948593, -25.2064056396, -1.97936439514, -11.013671875, -2.64827728271, -14.1172523499, -4.55644226074, -6.70276641846], "icov": [[0.000541230896488, -0.00128773844335, 0.00173693569377, -0.00130590936169, 0.00157916289754, -0.00173596409149, 0.00106944364961, -0.00173005450051, 0.00103980861604, -0.000911868351977, 0.000397522031562, -0.000420061609475, 0.000386729050661], [-0.00128773844335, 0.00393528910354, -0.00406098971143, 0.00332094100304, -0.00407597515732, 0.00450205150992, -0.00252836570144, 0.00446262350306, -0.00332980905659, 0.00272388360463, -0.000510703714099, 0.00118227943312, -0.00136900914367], [0.00173693569377, -0.00406098971143, 0.00661650905386, -0.00426469463855, 0.00427137780935, -0.00619309861213, 0.00344875268638, -0.00540837273002, 0.00292316405103, -0.00288691464812, 0.00148416066077, -0.00145975395571, 0.00103440100793], [-0.00130590936169, 0.00332094100304, -0.00426469463855, 0.00531448377296, -0.00366109004244, 0.00371214444749, -0.00277324742638, 0.0042163352482, -0.00121790345293, 0.00112305406947, -0.000800865818746, 0.00130841636565, -0.000463614560431], [0.00157916289754, -0.00407597515732, 0.00427137780935, -0.00366109004244, 0.00909995753318, -0.00481514353305, 0.00141407700721, -0.00473579531536, 0.00279665924609, -0.00381335965358, 0.00108582095709, -0.00154939561617, 0.000955154304393], [-0.00173596409149, 0.00450205150992, -0.00619309861213, 0.00371214444749, -0.00481514353305, 0.0122324740514, -0.00588066177443, 0.00518856151029, -0.00432107876986, 0.00354035594501, -0.000339811027516, -0.000484156160383, 0.0009167897515], [0.00106944364961, -0.00252836570144, 0.00344875268638, -0.00277324742638, 0.00141407700721, -0.00588066177443, 0.0138767231256, -0.00976298004389, 0.0033660621848, -0.00032791175181, -0.0024698227644, 0.00104971707333, -0.000435062363977], [-0.00173005450051, 0.00446262350306, -0.00540837273002, 0.0042163352482, -0.00473579531536, 0.00518856151029, -0.00976298004389, 0.0214899871498, -0.00988470669836, 0.00299992831424, 0.000246617913945, -0.0013597314246, 0.00013166917779], [0.00103980861604, -0.00332980905659, 0.00292316405103, -0.00121790345293, 0.00279665924609, -0.00432107876986, 0.0033660621848, -0.00988470669836, 0.0168619025499, -0.00863021984696, 0.000123978883494, 0.00406866148114, -0.00377544737421], [-0.000911868351977, 0.00272388360463, -0.00288691464812, 0.00112305406947, -0.00381335965358, 0.00354035594501, -0.00032791175181, 0.00299992831424, -0.00863021984696, 0.0178476255387, -0.00425029592589, 0.0020469785668, -0.00190848018974], [0.000397522031562, -0.000510703714099, 0.00148416066077, -0.000800865818746, 0.00108582095709, -0.000339811027516, -0.0024698227644, 0.000246617913945, 0.000123978883494, -0.00425029592589, 0.0176319014281, -0.010091769509, 0.00543428678066], [-0.000420061609475, 0.00118227943312, -0.00145975395571, 0.00130841636565, -0.00154939561617, -0.000484156160383, 0.00104971707333, -0.0013597314246, 0.00406866148114, 0.0020469785668, -0.010091769509, 0.023075370118, -0.0116890408099], [0.000386729050661, -0.00136900914367, 0.00103440100793, -0.000463614560431, 0.000955154304393, 0.0009167897515, -0.000435062363977, 0.00013166917779, -0.00377544737421, -0.00190848018974, 0.00543428678066, -0.0116890408099, 0.0187720805407]], "cov": [[29373.1660156, 2092.35522461, -4520.19873047, 1022.37286377, -1564.57348633, -60.3220100403, -419.370147705, -73.8985443115, -353.276824951, -153.066162109, -171.940170288, -115.56930542, -213.655181885], [2092.35522461, 1567.28918457, -33.024307251, -298.355773926, 114.936470032, -139.508300781, -42.7313156128, -0.816075444221, 147.861984253, -0.124112263322, -77.2665100098, -30.5559463501, 98.6922149658], [-4520.19873047, -33.024307251, 1287.63916016, 27.7642593384, 263.293243408, 151.118560791, 84.7783966064, 56.970413208, 87.9769287109, 43.3142089844, 1.28539872169, 18.2258644104, 34.3086891174], [1022.37286377, -298.355773926, 27.7642593384, 577.089355469, -37.31432724, 68.0327758789, 16.2137756348, -18.7778720856, -83.4569015503, 5.55734014511, 12.5767393112, -8.82166099548, -56.3684539795], [-1564.57348633, 114.936470032, 263.293243408, -37.31432724, 312.298126221, 26.0527973175, 62.0001602173, 35.6214408875, 55.8769645691, 35.2799568176, 9.80413818359, 10.5740423203, 27.7797775269], [-60.3220100403, -139.508300781, 151.118560791, 68.0327758789, 26.0527973175, 212.139953613, 68.1895294189, 37.4622764587, 4.99861049652, -1.58205699921, 11.3746290207, 10.0902147293, -22.1120700836], [-419.370147705, -42.7313156128, 84.7783966064, 16.2137756348, 62.0001602173, 68.1895294189, 146.891906738, 66.3348083496, 20.4114494324, 3.84736323357, 24.7031898499, 9.0215177536, 0.668892025948], [-73.8985443115, -0.816075444221, 56.970413208, -18.7778720856, 35.6214408875, 37.4622764587, 66.3348083496, 113.538131714, 62.0475692749, 21.2275619507, 6.94290018082, 6.23988294601, 11.4715623856], [-353.276824951, 147.861984253, 87.9769287109, -83.4569015503, 55.8769645691, 4.99861049652, 20.4114494324, 62.0475692749, 155.465576172, 59.0364189148, -6.56864118576, -12.7077312469, 39.3608398438], [-153.066162109, -0.124112263322, 43.3142089844, 5.55734014511, 35.2799568176, -1.58205699921, 3.84736323357, 21.2275619507, 59.0364189148, 93.0566101074, 14.5347280502, -1.49405491352, 15.3134059906], [-171.940170288, -77.2665100098, 1.28539872169, 12.5767393112, 9.80413818359, 11.3746290207, 24.7031898499, 6.94290018082, -6.56864118576, 14.5347280502, 87.4806442261, 35.8623352051, -5.22059392929], [-115.56930542, -30.5559463501, 18.2258644104, -8.82166099548, 10.5740423203, 10.0902147293, 9.0215177536, 6.23988294601, -12.7077312469, -1.49405491352, 35.8623352051, 81.4761734009, 35.7092094421], [-213.655181885, 98.6922149658, 34.3086891174, -56.3684539795, 27.7797775269, -22.1120700836, 0.668892025948, 11.4715623856, 39.3608398438, 15.3134059906, -5.22059392929, 35.7092094421, 94.4083099365]]}, "spectral_energyband_middle_low": {"dmean2": 0.00383869721554, "median": 0.00603659171611, "min": 1.56166868035e-22, "dvar2": 3.20445724356e-05, "dvar": 1.6055375454e-05, "dmean": 0.00272602331825, "max": 0.0529269017279, "var": 6.43779349048e-05, "mean": 0.00868348497897}, "melbands_crest": {"dmean2": 4.68073177338, "median": 11.6922807693, "min": 1.50806748867, "dvar2": 19.9323654175, "dvar": 8.06747817993, "dmean": 2.88794112206, "max": 31.4791488647, "var": 27.9861106873, "mean": 12.6742868423}, "spectral_kurtosis": {"dmean2": 5.66901397705, "median": 5.284532547, "min": -1.255879879, "dvar2": 44.1979103088, "dvar": 16.3295783997, "dmean": 3.29803204536, "max": 64.1681747437, "var": 52.3360290527, "mean": 7.52021598816}, "spectral_rms": {"dmean2": 0.000736762944143, "median": 0.00368843507022, "min": 3.11946085282e-12, "dvar2": 7.64558308219e-07, "dvar": 4.28791992135e-07, "dmean": 0.000544737733435, "max": 0.00883496552706, "var": 3.06223364532e-06, "mean": 0.00375077780336}, "zerocrossingrate": {"dmean2": 0.00742615945637, "median": 0.0419921875, "min": 0.00244140625, "dvar2": 0.000148361446918, "dvar": 9.42627448239e-05, "dmean": 0.00630166148767, "max": 0.5341796875, "var": 0.00449164770544, "mean": 0.0556483529508}, "silence_rate_60dB": {"dmean2": 0.0709668546915, "median": 0, "min": 0, "dvar2": 0.075010292232, "dvar": 0.034214489162, "dmean": 0.0354785472155, "max": 1, "var": 0.106973931193, "mean": 0.121820434928}, "erbbands_kurtosis": {"dmean2": 1.0911667347, "median": -0.141755461693, "min": -1.82612156868, "dvar2": 2.29667329788, "dvar": 1.02954292297, "dmean": 0.709437966347, "max": 19.6090888977, "var": 2.7383878231, "mean": 0.313308566809}, "erbbands": {"dmean2": [0.0176260285079, 0.355136543512, 2.25693702698, 2.27919125557, 1.5947316885, 3.75490784645, 6.75262928009, 10.1208276749, 9.1896648407, 20.2294006348, 20.5457210541, 39.1925201416, 26.5465431213, 16.3078861237, 20.8152217865, 19.650188446, 20.923406601, 18.2211990356, 17.119436264, 16.801782608, 15.3905925751, 14.7109270096, 10.8252420425, 9.58822536469, 10.0459270477, 11.1663246155, 4.02051210403, 1.85037684441, 2.03094959259, 1.14084756374, 0.709026098251, 0.487474828959, 0.134607449174, 0.0286055915058, 0.00744855869561, 0.00249211373739, 0.00062647840241, 0.000126057479065, 2.20074834942e-05, 8.25522238301e-06], "median": [0.00475639058277, 0.124632224441, 0.62685495615, 0.733218669891, 0.844132840633, 2.35155248642, 5.11378002167, 6.37818384171, 5.47203683853, 8.4906873703, 11.2724676132, 14.4753446579, 10.9413137436, 6.48190498352, 10.9863519669, 6.92801094055, 6.51851558685, 5.90085458755, 6.35323762894, 11.2435379028, 10.9756088257, 5.54499721527, 3.13133764267, 2.62345147133, 1.67892885208, 1.64399588108, 1.04687023163, 0.574881136417, 0.307681083679, 0.167760848999, 0.082709684968, 0.0283370856196, 0.0113319121301, 0.00515236612409, 0.0021351352334, 0.000756410532631, 0.00022093798907, 5.25371615367e-05, 1.7653359464e-05, 1.72069849214e-05], "min": [9.91766406117e-23, 5.4047281473e-22, 1.34769936108e-21, 1.3708648611e-21, 6.09839835567e-21, 2.88347923706e-20, 4.27525520788e-20, 5.30007059452e-20, 1.06825619823e-19, 1.68481284538e-19, 2.74882870899e-19, 4.79468986513e-19, 5.20052535316e-19, 6.86667080007e-19, 6.04136064968e-19, 1.03646950844e-18, 1.49455158512e-18, 1.87315029033e-18, 1.84977127109e-18, 3.18627593811e-18, 2.73873234923e-18, 4.41344531933e-18, 5.8708333339e-18, 5.92706879425e-18, 5.51245733351e-18, 6.53863650833e-18, 7.57467733042e-18, 7.24961437485e-18, 1.08254979649e-17, 9.30270560652e-18, 9.29960367923e-18, 1.1306466268e-17, 8.27234627447e-18, 8.5912591422e-18, 6.68198318618e-18, 3.93362803808e-18, 2.19725992025e-18, 9.48755793276e-19, 2.31150529847e-19, 2.70456524044e-20], "dvar2": [0.00159622798674, 0.587999224663, 24.3022842407, 28.5623588562, 8.56550693512, 45.6710510254, 139.029067993, 401.595458984, 470.887237549, 2116.31616211, 3107.09863281, 10324.21875, 4563.453125, 2025.7277832, 2502.97851563, 3050.82348633, 2743.85058594, 2642.38720703, 1839.28796387, 1090.08288574, 941.392333984, 1161.97998047, 1092.73461914, 954.479919434, 1189.07250977, 1397.39562988, 126.734687805, 24.039068222, 33.4567871094, 10.4994087219, 9.72813987732, 10.4681043625, 0.975524961948, 0.0284344945103, 0.000585454632528, 5.73770485062e-05, 2.09286758945e-06, 7.94472470034e-08, 2.60375787597e-09, 1.18826087858e-10], "dvar": [0.000865220907144, 0.236373141408, 9.9961566925, 12.8866233826, 3.36748385429, 17.7247066498, 55.6370506287, 175.659118652, 250.326461792, 1108.97717285, 1393.54553223, 4578.56738281, 2287.77539063, 1188.21826172, 1205.08276367, 1934.25305176, 1402.30944824, 1390.83984375, 882.757751465, 497.920715332, 439.595153809, 616.979370117, 526.852355957, 439.37210083, 587.388671875, 629.850097656, 61.3934593201, 13.4047222137, 16.8476066589, 5.10368967056, 4.64539670944, 4.84275054932, 0.641602754593, 0.0162636227906, 0.000374221534003, 3.07082373183e-05, 1.07167988972e-06, 3.80849982662e-08, 1.17216236717e-09, 6.37162753114e-11], "dmean": [0.0121556185186, 0.216727524996, 1.37043023109, 1.42009627819, 0.963023662567, 2.34258055687, 4.23158311844, 6.64510440826, 6.68380069733, 14.1796216965, 13.6905908585, 26.6641578674, 18.8297939301, 11.7140035629, 14.7278032303, 14.5955476761, 14.6103153229, 13.0382204056, 11.789393425, 11.3523216248, 10.6574668884, 10.4413881302, 7.79349946976, 6.6730465889, 7.24460697174, 7.75121068954, 2.86663389206, 1.3599486351, 1.45600879192, 0.797819316387, 0.493511080742, 0.327021420002, 0.102342501283, 0.021108912304, 0.00549871427938, 0.00178938161116, 0.000437814276665, 8.70685689733e-05, 1.51909353008e-05, 6.06286448601e-06], "max": [1.05810701847, 12.5958003998, 42.7554321289, 64.43334198, 39.4557228088, 104.650924683, 159.757110596, 257.64956665, 331.66973877, 698.453552246, 911.45703125, 1480.81738281, 1052.77832031, 946.282592773, 893.728027344, 1455.75402832, 759.877746582, 1084.19702148, 541.864868164, 445.037994385, 515.849182129, 658.657531738, 717.21472168, 705.37286377, 856.448974609, 774.37286377, 219.787521362, 137.322921753, 114.435493469, 68.7561950684, 74.344039917, 111.851989746, 37.9097328186, 5.30063438416, 1.05191075802, 0.220586642623, 0.0379190519452, 0.00409279996529, 0.000844092923217, 0.000109486332803], "var": [0.00738343922421, 0.46835449338, 15.2651510239, 21.3520374298, 5.63957595825, 31.5539989471, 116.876708984, 534.104858398, 1012.28570557, 3311.57299805, 3314.3059082, 12693.4414063, 7092.33349609, 4371.96435547, 3521.0793457, 7897.54443359, 4328.80419922, 4980.49169922, 2086.88232422, 1331.12878418, 1502.1081543, 2428.45336914, 2250.69580078, 1208.8848877, 2062.48730469, 1891.76538086, 244.742401123, 43.5513038635, 60.5441093445, 15.8057689667, 9.33812046051, 7.726126194, 1.25504851341, 0.0316533409059, 0.00106962106656, 8.23230075184e-05, 4.08685764341e-06, 1.9540034657e-07, 5.60011104156e-09, 3.84841547518e-10], "mean": [0.0322197303176, 0.380880743265, 1.90184032917, 2.09088110924, 1.64796686172, 4.19481801987, 8.33379173279, 15.4496736526, 17.4072093964, 27.8632030487, 27.7647800446, 53.1226234436, 42.6265983582, 26.1648235321, 31.7799816132, 30.4075469971, 29.364276886, 26.3985290527, 21.6944007874, 24.1877231598, 24.6020298004, 23.6759967804, 18.0768032074, 14.5968198776, 17.0179195404, 17.8949375153, 6.9342455864, 3.20537543297, 3.25370407104, 1.68191254139, 0.903264403343, 0.521915972233, 0.161435142159, 0.0394989363849, 0.0115386266261, 0.00381233682856, 0.0010255248053, 0.000217968568904, 4.26410551881e-05, 2.33236696658e-05]}, "spectral_strongpeak": {"dmean2": 0.894044935703, "median": 0.636173188686, "min": 0, "dvar2": 1.71046364307, "dvar": 0.754807412624, "dmean": 0.549120485783, "max": 12.264913559, "var": 1.94002306461, "mean": 1.19714546204}, "spectral_energy": {"dmean2": 0.00646057212725, "median": 0.0139446668327, "min": 9.97431184723e-21, "dvar2": 7.87736425991e-05, "dvar": 4.08955529565e-05, "dmean": 0.00467380741611, "max": 0.0800080373883, "var": 0.000192887018784, "mean": 0.0175587814301}, "average_loudness": 0.904689252377, "spectral_rolloff": {"dmean2": 526.115844727, "median": 1055.12695313, "min": 64.599609375, "dvar2": 844457.75, "dvar": 397782.28125, "dmean": 320.936523438, "max": 19595.2148438, "var": 6756185.5, "mean": 1751.08276367}, "spectral_centroid": {"dmean2": 269.915466309, "median": 1034.02612305, "min": 131.215774536, "dvar2": 171168.1875, "dvar": 84975.59375, "dmean": 187.481506348, "max": 12029.3574219, "var": 2247035.25, "mean": 1421.3347168}, "pitch_salience": {"dmean2": 0.0989703014493, "median": 0.561154425144, "min": 0.113191746175, "dvar2": 0.00867043156177, "dvar": 0.00352077465504, "dmean": 0.0617608167231, "max": 0.853586375713, "var": 0.0131963025779, "mean": 0.554480612278}, "spectral_energyband_middle_high": {"dmean2": 0.00211393181235, "median": 0.00249469373375, "min": 1.18156782928e-21, "dvar2": 1.13120267997e-05, "dvar": 6.86363910063e-06, "dmean": 0.00161444034893, "max": 0.0407555066049, "var": 4.41963638877e-05, "mean": 0.00540360389277}, "spectral_contrast_coeffs": {"dmean2": [0.0794092789292, 0.0706930533051, 0.0603601485491, 0.0495015233755, 0.0349392704666, 0.0244984272867], "median": [-0.651006340981, -0.707583725452, -0.717778980732, -0.747833788395, -0.784149885178, -0.732025325298], "min": [-0.979060590267, -0.983984589577, -0.983498990536, -0.983391582966, -0.979016661644, -0.982115745544], "dvar2": [0.00420331722125, 0.00374745205045, 0.00273089110851, 0.00176053808536, 0.000975466624368, 0.000515697756782], "dvar": [0.00154284434393, 0.0016100279754, 0.00122546032071, 0.000812693673652, 0.000482281815493, 0.00027515180409], "dmean": [0.0472002997994, 0.0444356314838, 0.0393492244184, 0.0318480022252, 0.0230275318027, 0.0165769550949], "max": [-0.357829451561, -0.329442590475, -0.405663251877, -0.45566213131, -0.561847865582, -0.574842751026], "var": [0.00750907883048, 0.00778307486326, 0.00663011567667, 0.00453933607787, 0.00394657952711, 0.00326533080079], "mean": [-0.654172480106, -0.703381061554, -0.719169139862, -0.748765051365, -0.780228316784, -0.732436418533]}, "melbands_skewness": {"dmean2": 0.746374547482, "median": 1.41556382179, "min": -1.18104660511, "dvar2": 0.887533247471, "dvar": 0.410121291876, "dmean": 0.490633457899, "max": 23.3939247131, "var": 2.39290332794, "mean": 1.681889534}, "spectral_spread": {"dmean2": 444932.5625, "median": 2866415, "min": 1040856.3125, "dvar2": 454876889088, "dvar": 291584901120, "dmean": 297673.75, "max": 42434732, "var": 27607865229300.0, "mean": 3661323.5}, "dissonance": {"dmean2": 0.0387232936919, "median": 0.45717561245, "min": 0.172830119729, "dvar2": 0.00150013074744, "dvar": 0.000561336113606, "dmean": 0.0234122462571, "max": 0.499996960163, "var": 0.00165820925031, "mean": 0.446704268456}, "spectral_skewness": {"dmean2": 0.525933027267, "median": 1.53747606277, "min": -0.139733284712, "dvar2": 0.275685101748, "dvar": 0.11088258028, "dmean": 0.322025418282, "max": 6.48406171799, "var": 0.724484503269, "mean": 1.67958188057}, "spectral_flux": {"dmean2": 0.0301735606045, "median": 0.049841016531, "min": 6.43715081239e-11, "dvar2": 0.00117313570809, "dvar": 0.000503620191012, "dmean": 0.0196135696024, "max": 0.223978355527, "var": 0.00168166018557, "mean": 0.0604307390749}, "spectral_contrast_valleys": {"dmean2": [0.721519470215, 0.56526017189, 0.554136812687, 0.472530305386, 0.35730779171, 0.28402274847], "median": [-7.79912853241, -6.83979415894, -7.63655233383, -7.97017431259, -8.12026405334, -11.6943874359], "min": [-28.3382282257, -27.9108638763, -27.8612804413, -27.7841243744, -27.5395889282, -27.5218467712], "dvar2": [0.349645882845, 0.274884700775, 0.27542552352, 0.221165657043, 0.143970027566, 0.118457458913], "dvar": [0.163090527058, 0.128226354718, 0.135836437345, 0.11572393775, 0.0944300815463, 0.0839583650231], "dmean": [0.4438572824, 0.35947522521, 0.365953058004, 0.32081374526, 0.261734306812, 0.218715161085], "max": [-5.69028091431, -4.92988967896, -5.5198802948, -5.77226066589, -5.73728132248, -8.33520412445], "var": [8.00478458405, 8.58708763123, 8.13493156433, 7.9078669548, 8.03150272369, 5.51190185547], "mean": [-8.25326156616, -7.30452156067, -8.07640647888, -8.41226100922, -8.46836185455, -11.8638515472]}, "erbbands_flatness_db": {"dmean2": 0.0221224781126, "median": 0.207000598311, "min": 0.0501765869558, "dvar2": 0.000569319818169, "dvar": 0.000327739340719, "dmean": 0.0156870633364, "max": 0.473069876432, "var": 0.00255569838919, "mean": 0.212580651045}, "spectral_energyband_high": {"dmean2": 0.000230525009101, "median": 5.82510947424e-05, "min": 7.09708606329e-21, "dvar2": 3.87407652624e-07, "dvar": 1.80356536816e-07, "dmean": 0.000164911383763, "max": 0.00981471594423, "var": 6.38066353531e-07, "mean": 0.000410934968386}, "spectral_entropy": {"dmean2": 0.199100211263, "median": 7.26114845276, "min": 4.26951360703, "dvar2": 0.0469647981226, "dvar": 0.0274724010378, "dmean": 0.14326544106, "max": 9.82116603851, "var": 0.340447515249, "mean": 7.22895240784}, "silence_rate_20dB": {"dmean2": 0, "median": 1, "min": 1, "dvar2": 0, "dvar": 0, "dmean": 0, "max": 1, "var": 0, "mean": 1}, "melbands_flatness_db": {"dmean2": 0.0299676228315, "median": 0.221485093236, "min": 0.00211451109499, "dvar2": 0.000958243035711, "dvar": 0.000489798898343, "dmean": 0.0209612790495, "max": 0.529058516026, "var": 0.00590755650774, "mean": 0.221646219492}, "barkbands": {"dmean2": [7.52505638957e-06, 0.00122904614545, 0.00238309428096, 0.000503499759361, 0.000900269194972, 0.00116587581579, 0.000737046822906, 0.00105574575718, 0.00160223536659, 0.000750423234422, 0.000532642705366, 0.000493986881338, 0.000503591552842, 0.000350140151568, 0.000371740286937, 0.000344551895978, 0.000298820436001, 0.000216585991438, 0.000216322645429, 0.000227719079703, 6.08091941103e-05, 5.05257521581e-05, 2.73633359029e-05, 1.44051991811e-05, 1.62082392308e-06, 4.06726513802e-07, 1.24566895465e-07], "median": [1.06191760096e-06, 0.000397249124944, 0.000584963825531, 0.000159033341333, 0.000703216821421, 0.000883821747266, 0.0003564626968, 0.000418080860982, 0.000549793126993, 0.000245476607233, 0.00020756678714, 0.000118015414046, 0.000123598831124, 7.97866450739e-05, 0.000145145939314, 0.000196679233341, 0.000100538156403, 4.63715441583e-05, 3.93554510083e-05, 3.46622327925e-05, 1.77551373781e-05, 7.44589488022e-06, 3.29135991706e-06, 8.88892373041e-07, 3.73855613134e-07, 1.3455131409e-07, 5.37235536058e-08], "min": [1.23052415801e-25, 3.11474510349e-24, 2.97478214764e-25, 7.97564875974e-26, 7.62893418601e-24, 5.99161196203e-24, 6.08230296157e-24, 8.24679686825e-24, 1.99821638513e-23, 8.74739616579e-24, 4.63888629796e-24, 1.77194173189e-23, 2.60483843056e-23, 3.22224562452e-23, 4.05478796687e-23, 4.56669022123e-23, 4.95927726368e-23, 1.07802563242e-22, 9.41140342445e-23, 1.15265389354e-22, 1.98702853889e-22, 3.04089243464e-22, 3.23724332183e-22, 5.70052650052e-22, 8.87718681944e-22, 1.26244008224e-21, 1.85395348496e-21], "dvar2": [3.97221006088e-10, 7.330749213e-06, 2.99997482216e-05, 1.2244604477e-06, 2.351809826e-06, 4.22767152486e-06, 4.23162327934e-06, 6.29820942777e-06, 1.5556184735e-05, 3.38273093803e-06, 1.73820615146e-06, 1.89050786048e-06, 1.88345438801e-06, 1.08643155272e-06, 7.89161560988e-07, 4.55512662256e-07, 4.64618921114e-07, 4.13941364741e-07, 4.50336614222e-07, 4.66745717631e-07, 3.37733716549e-08, 1.93394491532e-08, 1.22298091654e-08, 9.55837187178e-09, 7.12244568879e-11, 1.17858077898e-12, 1.06146990882e-13], "dvar": [1.73069877873e-10, 3.03075285046e-06, 1.23858499137e-05, 5.12959786647e-07, 9.29936788907e-07, 1.81982534286e-06, 2.31280228036e-06, 3.10590576191e-06, 6.89749231242e-06, 1.81080463335e-06, 8.83600534962e-07, 1.0666470871e-06, 9.24624316667e-07, 5.67670383589e-07, 3.7481987647e-07, 2.05978466283e-07, 2.32247970189e-07, 1.87826955766e-07, 2.11931464378e-07, 2.15726856823e-07, 1.67554787822e-08, 9.74515934615e-09, 5.7255391539e-09, 5.31618482569e-09, 3.78096234877e-11, 6.24960098863e-13, 4.60189883162e-14], "dmean": [5.06028754899e-06, 0.000757768575568, 0.00145022582728, 0.000308093498461, 0.000564592774026, 0.00076119392179, 0.000504640280269, 0.000739882292692, 0.0010794486152, 0.000539366505109, 0.000374602648662, 0.000351499067619, 0.000346242450178, 0.000246635230724, 0.000253375823377, 0.000229752025916, 0.000205434174859, 0.000149894505739, 0.000149548257468, 0.000158956012456, 4.35040055891e-05, 3.61874153896e-05, 1.8669936253e-05, 1.02405392681e-05, 1.18483751521e-06, 2.89790051511e-07, 8.25003851901e-08], "max": [0.000327721034409, 0.0438080728054, 0.053090531379, 0.0236008223146, 0.0213392581791, 0.0210607144982, 0.0507911592722, 0.0327052474022, 0.0494230389595, 0.0271170716733, 0.0230422504246, 0.0281785000116, 0.0210990868509, 0.0190916564316, 0.0138524090871, 0.0141684673727, 0.0135967740789, 0.011666460894, 0.0125248879194, 0.0112632717937, 0.00392551161349, 0.00264145876281, 0.0025020276662, 0.00379287358373, 0.000319069455145, 2.73338901025e-05, 4.74796297567e-06], "var": [6.61480592523e-10, 8.21109733806e-06, 1.80377919605e-05, 8.68344841365e-07, 1.77412516678e-06, 5.9468334257e-06, 8.40863594931e-06, 7.7398672147e-06, 1.8973430997e-05, 5.86009264225e-06, 2.55395343629e-06, 3.60464787263e-06, 2.53138409789e-06, 1.78308562226e-06, 7.42423083011e-07, 5.68724942696e-07, 7.94783943547e-07, 6.5087931489e-07, 6.42834208975e-07, 7.43702514683e-07, 5.33799635605e-08, 3.67192747319e-08, 1.17388108123e-08, 9.5937080502e-09, 7.50662657034e-11, 1.94021578317e-12, 1.85199810132e-13], "mean": [1.00452743936e-05, 0.00144574628212, 0.00192484492436, 0.000437316601165, 0.00109644362237, 0.00181081402116, 0.00110856990796, 0.00137349579018, 0.00212434935383, 0.00117336423136, 0.000759220158216, 0.000651204318274, 0.000623623433057, 0.000457870191894, 0.000445425655926, 0.00046594516607, 0.000434816960478, 0.000297292863252, 0.000314694567351, 0.000369168905308, 9.91566557786e-05, 8.11093414086e-05, 3.51155285898e-05, 1.59932824317e-05, 2.34735489357e-06, 6.52487074149e-07, 1.97433323024e-07]}, "erbbands_skewness": {"dmean2": 0.447266966105, "median": 0.344364821911, "min": -3.15322899818, "dvar2": 0.21164765954, "dvar": 0.0984638854861, "dmean": 0.300157934427, "max": 3.55782270432, "var": 0.454658031464, "mean": 0.327977091074}, "erbbands_spread": {"dmean2": 7.17637014389, "median": 25.1259422302, "min": 2.87174844742, "dvar2": 76.1783294678, "dvar": 37.3444900513, "dmean": 4.8310418129, "max": 164.881469727, "var": 198.557144165, "mean": 27.0535011292}, "melbands_kurtosis": {"dmean2": 5.43349313736, "median": 2.88429498672, "min": -1.81500971317, "dvar2": 238.102706909, "dvar": 113.010307312, "dmean": 3.51496720314, "max": 799.043579102, "var": 1071.60827637, "mean": 7.39565420151}, "melbands": {"dmean2": [0.000251899415161, 0.000910619914066, 0