{"tonal": {"thpcp": [1, 0.596485376358, 0.229769423604, 0.157148867846, 0.192428827286, 0.394341796637, 0.520408093929, 0.341366767883, 0.192843824625, 0.187376707792, 0.250100463629, 0.428016960621, 0.4400613904, 0.292018711567, 0.378299176693, 0.431913197041, 0.278800278902, 0.240170866251, 0.285293459892, 0.31029599905, 0.632393598557, 0.91754347086, 0.604998111725, 0.283608138561, 0.244442328811, 0.241620630026, 0.306859880686, 0.338051587343, 0.269802182913, 0.230151310563, 0.185939505696, 0.168493390083, 0.308932572603, 0.377102702856, 0.365210413933, 0.750879943371], "hpcp": {"dmean2": [0.191568166018, 0.164231464267, 0.13458250463, 0.139697551727, 0.153885662556, 0.192863479257, 0.191278472543, 0.15971070528, 0.187029659748, 0.193444117904, 0.16478857398, 0.150914371014, 0.169070720673, 0.186578318477, 0.258747726679, 0.29966789484, 0.261767178774, 0.213326767087, 0.205549702048, 0.200588867068, 0.176029369235, 0.15422603488, 0.150959163904, 0.169371649623, 0.141873672605, 0.114911884069, 0.155578091741, 0.183416590095, 0.212818801403, 0.336576968431, 0.302708089352, 0.279157698154, 0.18137589097, 0.123267956078, 0.136181727052, 0.175752967596], "median": [0.0513857007027, 0.0330648571253, 0.00973410625011, 0.00724734738469, 0.0117106903344, 0.039186693728, 0.0483754873276, 0.0341370664537, 0.0243152044713, 0.0223734378815, 0.017486916855, 0.0156542062759, 0.0170089155436, 0.0277177169919, 0.129768848419, 0.194384858012, 0.111033052206, 0.0185422301292, 0.00741602946073, 0.00976218096912, 0.0204348117113, 0.0257266238332, 0.0215697735548, 0.010515673086, 0.00717604393139, 0.00875700172037, 0.0237398631871, 0.0341004580259, 0.049522805959, 0.152515888214, 0.209441125393, 0.0978575050831, 0.0131589705124, 0.00622372981161, 0.00944432709366, 0.0352317579091], "min": [0, 0, 0, 0, 0, 0, 0, 0, 0, 0, 0, 0, 0, 0, 0, 0, 0, 0, 0, 0, 0, 0, 0, 0, 0, 0, 0, 0, 0, 0, 0, 0, 0, 0, 0, 0], "dvar2": [0.0862888991833, 0.0733863413334, 0.0733291134238, 0.0886880084872, 0.0808777734637, 0.0975363254547, 0.0914048105478, 0.0662117898464, 0.0967653393745, 0.1093608886, 0.0856264904141, 0.0774777010083, 0.0937978476286, 0.0954436063766, 0.101554714143, 0.132138982415, 0.112841881812, 0.122386336327, 0.141347467899, 0.139902070165, 0.0948802158237, 0.0679528936744, 0.065537057817, 0.0989539921284, 0.0761878937483, 0.0577112473547, 0.0772022530437, 0.0911703854799, 0.0875051245093, 0.146066993475, 0.136106327176, 0.131530433893, 0.0899217054248, 0.0613240040839, 0.0719826966524, 0.0810956284404], "dvar": [0.0365567915142, 0.0288360957056, 0.0283175371587, 0.0334158837795, 0.0316832140088, 0.0388147458434, 0.0362651720643, 0.0257833115757, 0.0375638864934, 0.0432707518339, 0.0331645049155, 0.0298787299544, 0.035077676177, 0.0359053909779, 0.0391453392804, 0.052291341126, 0.0431062877178, 0.046476483345, 0.0523422546685, 0.0521905459464, 0.03584074229, 0.0274342820048, 0.0261217076331, 0.036524835974, 0.0278173331171, 0.022075144574, 0.0309506729245, 0.0360283665359, 0.0325963422656, 0.0543155260384, 0.0559602975845, 0.0465231053531, 0.0324259586632, 0.0234011728317, 0.0268204733729, 0.0322069451213], "dmean": [0.117026753724, 0.0971521437168, 0.0767022967339, 0.079911224544, 0.0897634029388, 0.114479228854, 0.11509463191, 0.0938077643514, 0.108722008765, 0.110768273473, 0.0943554714322, 0.0866887792945, 0.0971537232399, 0.107003830373, 0.154581531882, 0.177444815636, 0.153537601233, 0.119871251285, 0.113379940391, 0.110723696649, 0.101592473686, 0.0924545824528, 0.0884443819523, 0.0953940600157, 0.0792507529259, 0.0663761794567, 0.0916444808245, 0.106500282884, 0.123445659876, 0.193921133876, 0.178972885013, 0.161147847772, 0.101310558617, 0.0692460313439, 0.0767787843943, 0.103952676058], "max": [1, 1, 1, 1, 1, 1, 1, 1, 1, 1, 1, 1, 1, 1, 1, 1, 1, 1, 1, 1, 1, 1, 1, 1, 1, 1, 1, 1, 1, 1, 1, 1, 1, 1, 1, 1], "var": [0.0795299038291, 0.0406394340098, 0.0284847673029, 0.0298520065844, 0.0368632674217, 0.066171489656, 0.0622243955731, 0.0324233807623, 0.0597568750381, 0.0777309760451, 0.0382781662047, 0.0327531658113, 0.041814353317, 0.0435093566775, 0.0660707950592, 0.116037987173, 0.065411798656, 0.0421835072339, 0.0418499186635, 0.0417312122881, 0.0415577627718, 0.0480221621692, 0.03513905406, 0.03557799384, 0.0256634764373, 0.0221713669598, 0.0446494445205, 0.0578261055052, 0.0409412719309, 0.0894397869706, 0.140477254987, 0.0729089379311, 0.0300611164421, 0.0213923342526, 0.0279124602675, 0.0540630295873], "mean": [0.190367817879, 0.124873630702, 0.0705432146788, 0.0685433149338, 0.0914879664779, 0.15657068789, 0.160976603627, 0.106821864843, 0.138383686543, 0.157995954156, 0.101986497641, 0.0878556743264, 0.104361735284, 0.113507792354, 0.231332674623, 0.335641890764, 0.221311271191, 0.103745244443, 0.089418195188, 0.0883860066533, 0.112250842154, 0.12366092205, 0.0986949503422, 0.0841904729605, 0.0680175796151, 0.0616357065737, 0.113009043038, 0.137946009636, 0.133595749736, 0.274675548077, 0.365804880857, 0.218197271228, 0.0840507745743, 0.0574858225882, 0.0703914016485, 0.144252151251]}, "tuning_equal_tempered_deviation": 0.0669066682458, "chords_changes_rate": 0.0664335638285, "key_key": "G", "tuning_diatonic_strength": 0.735589683056, "key_scale": "major", "chords_number_rate": 0.00279720290564, "tuning_frequency": 441.272583008, "tuning_nontempered_energy_ratio": 0.71688580513, "chords_histogram": [45.198135376, 2.63403272629, 20.0233097076, 1.77156174183, 2.68065261841, 0.745920717716, 0.139860138297, 0, 0.116550117731, 0, 1.67832171917, 0.0233100224286, 0.582750558853, 0.279720276594, 0.0932400897145, 4.19580411911, 0, 4.03263425827, 0, 1.8648018837, 0.163170158863, 1.23543119431, 11.1655015945, 1.3752913475], "key_strength": 0.905150949955, "chords_key": "G", "chords_strength": {"dmean2": 0.0098053952679, "median": 0.560514986515, "min": 0.245010778308, "dvar2": 9.21129758353e-05, "dvar": 8.40076754685e-05, "dmean": 0.0103318933398, "max": 0.803396701813, "var": 0.00960594415665, "mean": 0.561735868454}, "chords_scale": "major", "hpcp_entropy": {"dmean2": 0.924315333366, "median": 1.85352623463, "min": 0, "dvar2": 0.578447639942, "dvar": 0.214290454984, "dmean": 0.550154924393, "max": 4.00601387024, "var": 0.464128345251, "mean": 1.82080364227}}, "metadata": {"audio_properties": {"equal_loudness": 0, "codec": "mp3", "downmix": "mix", "sample_rate": 44100, "analysis_sample_rate": 44100, "bit_rate": 192000, "md5_encoded": "fae8e9be852748d668468f59fa980e6e", "length": 199.157546997, "replay_gain": -5.98601341248, "lossless": false}, "version": {"essentia_build_sha": "2d9f1f26377add8aeb1075a9c2973f962c4f09fd", "essentia": "2.1-beta2", "extractor": "music 1.0", "essentia_git_sha": "v2.1_beta2-1-ge3940c0"}, "tags": {"title": ["I'm With a Crowd but So Alone"], "language": ["eng"], "musicbrainz_recordingid": ["0c089bb3-d5e1-40c8-93e3-ea2cade811c0"], "album": ["Ernest Tub & Friends: 40 Great Country Duets (disc 1: 20 Great Country Duets)"], "musicbrainz_albumartistid": ["89ad4ac3-39f7-470e-963a-56509c546377"], "discnumber": ["01"], "bpm": ["111.00"], "catalognumber": ["PLATCD 4942"], "musicbrainz album type": ["Compilation"], "musicbrainz album release country": ["United Kingdom"], "file_name": "Ernest Tubb with Roy Clark - I'm With a Crowd but So Alone.mp3", "acoustid_fingerprint": ["AQABz-NEZdkUfEinTIcacTlKIgt-XMeemEiPM0qOG3oSb5hEZdnQJNfwHvfRfIfW3Ojzwb0ipEcf3EYc5XiSNcHTeGjA_DiHpxR-6CmFPAqNozlRSy4upXiTI47yBslyHdM1B0crfmiOUs6RfoQO1yn2SAuaHq-gH_FOPDreHleNMszgHemTGDp--EKpZDceQ8uuo18OPhfG3CqaXEOpZUrwpMCWh7h2NHEulErD4xY-8GOEkgsRJssurF2OqpmQ_rB3aMePhtkRsktx_CLCVJmHPqNwXcIj6Izx5MjnG7mPPmhOCnmPK8fXfCgTJdfR7xKeH79EHMmkIJ2EjtqFHzGJ8UiimUdFPPpwiUmPE5GyP0iivsMz5cKL5tLRHuWxXS768AgfbvBXCpp-dDvCg79wZcePPvCJ_vh15IFy_JcRpuKJ7i--B42Yo_qP8zP6ZKUQWg_0IL7R_QgTk1CeZMGLkD-aJcpiPMSPODeaH8yPKxLGcPKKpnpQKzvERbpx8UPs6EGjF5UlHA-e40Kjvwif7FAuPLiPJ8a1QPsQZ25Q0Tmuo0ZzlJZhUsmRC1rixrgyrOxRv2h-_BT-HP2Ge0ftID-a35ika7j2gNM34mKwL6gJ72j5IBmPtEffsKhoEY16PA-u5xyeirjwE32MRzL8Y_Jx8XiUG1myMRySPcdVDVOcHKXw6PgRkqYh_ohEapRwkUKrBEzwZ3iXZkjzcUN-9IV7fDxe5gG_HFeOhi3OIkx-lISWH-HDgz3q4-iRHPn04JHxTAe34h-a6uiN6EdyEueN47iOXD9qhR3eHfFjVDGa8UF9D_uHR1fASGs0WM90VELyHGF3NFsShbiJ-0HzfOhWfE3xhTrCrMcFqYefX_hqXMdDOdByPCuiE805OCe65OGCLswTwj4qujjTIs9RXYT3I1ySBW8jnE4a7C_OlGiIEy-SLsqLcFlxMzseNE9RSsKHHlW0486Rc4OOHFeSHV9Qa2jwKHWI98PVBP9xsGQqweSQSx_0j2hCe-hu6MzCo_Jh5kLaJLNQWUrRE03yHDQnPLjQI_2D5NI-PB9a4ukPRg_8HzmS6MeZMMHuKfiIRulRNVIOfhqaPwg_FsqP_mimJEXYHM2eIzwZaMlf5LPxHP1VOBcZVNcT5GF2qENootnHFNeTDHlyQT0RbvA51BIeKeIS5GeEb4cmJlHh4znEMUedMBr6oIkTE6-3aEgiiZfBZDl2MceL5kePSxL-BWc04Y2Of_iP_FKIZHwu-OjxJccPr8ezIzya5LIQ09mOh0dzGv2DUyaaScbUBM2OfNDyE70gxgMZZmiy8OBPMBfRLA_0HPlx4vgifEd5y7hyAmEUGAgKRBQUjAEnlFEAASmAUYYgA4AlBAwGmCBGIICZ8QQ54KCAQCBnEGNUGACEI4YQgwQCADlkhDBEMENFkAogLyARwCABFEGCICAEAAABYxUz1BBIABNAAASAgpQIAYAARhoCEHFCCAGEkpoAQQxxgBoBiAAIIQEEckQhR5QQABmBiBAGg4QQEUJoSSRRUimAhUPCACUMAEIQYoRASiCBCCbcAOwMAIIgBZQyTAEAmCJMAQskIggYASgAAiAhiEBGAKoAAE6ogQliwCiDlDWCCOqJIcAQZAAwRAlBFHEIIEAIEIYSAIAhTiFnAAAEMWUkMAoYQ0wjQDBiuAJEcmMQBYAQCgAUxigAgGHQCUosIQA4AISQggCkDEMAIGaI0UQgy4hCADAAjAAAIIIIAsIQQZDhhBkkhBNOASQ4BAQ4oYABBAkgBRZIIcIkAAgQQRzxAhkhlAIIKUBWMUQgAQ"], "date": ["1979"], "genre": ["Country"], "musicbrainz_releasegroupid": ["92e0fbeb-848d-4f10-b524-0e2eb2fcbf16"], "musicbrainz_albumid": ["0fb33802-2b26-4656-9a5c-2df4924499aa"], "artist": ["Ernest Tubb with Roy Clark"], "composer": ["Carl Story/Elaine Tubb"], "tracknumber": ["19"], "label": ["Prism Leisure"], "acoustid_id": ["9e31e400-c621-4972-8502-4aa81a6ac110"], "musicbrainz_artistid": ["eefcb39d-afa5-4db0-916c-e6dbe1892e8e", "88f8eb8f-1da4-455b-8a7f-229e5c59ff52"]}}, "rhythm": {"bpm_histogram_first_peak_bpm": {"dmean2": 0, "median": 112, "min": 112, "dvar2": 0, "dvar": 0, "dmean": 0, "max": 112, "var": 0, "mean": 112}, "bpm": 110.848907471, "bpm_histogram_second_peak_spread": {"dmean2": 0, "median": 0.444444477558, "min": 0.444444477558, "dvar2": 0, "dvar": 0, "dmean": 0, "max": 0.444444477558, "var": 0, "mean": 0.444444477558}, "bpm_histogram_first_peak_weight": {"dmean2": 0, "median": 0.433242499828, "min": 0.433242499828, "dvar2": 0, "dvar": 0, "dmean": 0, "max": 0.433242499828, "var": 0, "mean": 0.433242499828}, "onset_rate": 3.29368257523, "beats_position": [0.49922901392, 1.02167797089, 1.55573689938, 2.10140585899, 2.6470746994, 3.19274377823, 3.73841261864, 4.29569149017, 4.85297060013, 5.39863920212, 5.94430828094, 6.5015873909, 7.04725599289, 7.60453510284, 8.16181373596, 8.71909236908, 9.26476192474, 9.81043052673, 10.3560991287, 10.9133787155, 11.4590473175, 12.0047159195, 12.5503854752, 13.0960540771, 13.6533327103, 14.2106122971, 14.7795009613, 15.3251695633, 15.870839119, 16.4165077209, 16.9505672455, 17.4846248627, 18.0419044495, 18.5991840363, 19.1448516846, 19.7021312714, 20.2594108582, 20.8050785065, 21.3507480621, 21.9080276489, 22.4536952972, 22.9877548218, 23.5218143463, 24.0790920258, 24.6247615814, 25.1704311371, 25.7160987854, 26.2617683411, 26.8074378967, 27.353105545, 27.9103851318, 28.4560546875, 29.0133323669, 29.5590019226, 30.1046714783, 30.6503391266, 31.1843986511, 31.7300682068, 32.2757377625, 32.8330154419, 33.3902931213, 33.9475746155, 34.4932403564, 35.0389099121, 35.5845794678, 36.1302490234, 36.6875267029, 37.2215881348, 37.7672538757, 38.3129234314, 38.8469848633, 39.3926506042, 39.9383201599, 40.4956016541, 41.0528793335, 41.5985488892, 42.1326065063, 42.678276062, 43.2239456177, 43.7696151733, 44.3036727905, 44.8377304077, 45.3717918396, 45.9174575806, 46.4631271362, 46.9971885681, 47.5312461853, 48.076915741, 48.6225852966, 49.1798629761, 49.7139205933, 50.2479820251, 50.7820396423, 51.3160972595, 51.8501586914, 52.3842163086, 52.9182739258, 53.4523353577, 53.9863929749, 54.5204544067, 55.0545120239, 55.5885696411, 56.122631073, 56.6566886902, 57.1907463074, 57.7248077393, 58.2588653564, 58.7929229736, 59.3037643433, 59.8378219604, 60.3834915161, 60.9291610718, 61.463218689, 62.0088882446, 62.5429458618, 63.0886154175, 63.6342849731, 64.1683425903, 64.7024002075, 65.2480697632, 65.7821273804, 66.316192627, 66.8502502441, 67.3959197998, 67.9415893555, 68.4756469727, 69.0097045898, 69.5553741455, 70.1010437012, 70.6351013184, 71.180770874, 71.7264404297, 72.2604980469, 72.7945556641, 73.3402252197, 73.8742828369, 74.4199523926, 74.9540100098, 75.488067627, 76.0337371826, 76.5794067383, 77.1134643555, 77.6475296021, 78.1931991577, 78.738861084, 79.2729263306, 79.8302001953, 80.3874816895, 80.9331512451, 81.4788208008, 82.012878418, 82.5585479736, 83.1042175293, 83.6382751465, 84.1723327637, 84.7180023193, 85.263671875, 85.8093414307, 86.3550109863, 86.8890686035, 87.4347381592, 87.9804077148, 88.5260772705, 89.0717468262, 89.6058044434, 90.1398620605, 90.6739196777, 91.2195892334, 91.7652587891, 92.3225402832, 92.8798141479, 93.4370956421, 93.9711532593, 94.5052108765, 95.0508804321, 95.5965499878, 96.1538314819, 96.6878890991, 97.2219467163, 97.7560043335, 98.2900695801, 98.8357315063, 99.381401062, 99.9270706177, 100.472740173, 101.018409729, 101.564079285, 102.098136902, 102.632194519, 103.166259766, 103.700317383, 104.245986938, 104.791656494, 105.325714111, 105.871383667, 106.417053223, 106.95111084, 107.496780396, 108.042449951, 108.588119507, 109.133781433, 109.66784668, 110.225120544, 110.759178162, 111.293243408, 111.827301025, 112.361358643, 112.89541626, 113.429473877, 113.975143433, 114.520812988, 115.054870605, 115.588935852, 116.122993469, 116.657051086, 117.191108704, 117.736778259, 118.282447815, 118.828117371, 119.373786926, 119.907844543, 120.441902161, 120.975959778, 121.510017395, 122.044082642, 122.578140259, 123.112197876, 123.646255493, 124.18031311, 124.714370728, 125.248435974, 125.782493591, 126.316551208, 126.850608826, 127.373062134, 127.91872406, 128.452789307, 128.986846924, 129.520904541, 130.054962158, 130.589019775, 131.134689331, 131.680358887, 132.214416504, 132.748474121, 133.282531738, 133.816589355, 134.362258911, 134.907928467, 135.441986084, 135.97605896, 136.510116577, 137.055786133, 137.601455688, 138.147125244, 138.692779541, 139.238449097, 139.784118652, 140.31817627, 140.863845825, 141.409515381, 141.943572998, 142.489242554, 143.034912109, 143.580581665, 144.126251221, 144.683532715, 145.240814209, 145.774871826, 146.297317505, 146.831375122, 147.35383606, 147.887893677, 148.421951294, 148.956008911, 149.501678467, 150.035736084, 150.569793701, 151.115463257, 151.661132813, 152.206802368, 152.764083862, 153.298141479, 153.843811035, 154.389480591, 154.923538208, 155.469207764, 156.014877319, 156.548934937, 157.082992554, 157.640274048, 158.185943604, 158.731613159, 159.277282715, 159.811340332, 160.357009888, 160.902679443, 161.448348999, 161.982406616, 162.516464233, 163.050521851, 163.596191406, 164.141860962, 164.675918579, 165.209976196, 165.744033813, 166.278091431, 166.823760986, 167.369430542, 167.903488159, 168.437545776, 168.971603394, 169.517272949, 170.062942505, 170.608612061, 171.154281616, 171.688339233, 172.222396851, 172.756454468, 173.302124023, 173.847793579, 174.381851196, 174.915908813, 175.449981689, 175.984039307, 176.518096924, 177.052154541, 177.586212158, 178.131881714, 178.67755127, 179.223220825, 179.768890381, 180.302947998, 180.837005615, 181.371063232, 181.90512085, 182.439178467, 182.973236084, 183.507293701, 184.041351318, 184.575408936, 185.109481812, 185.643539429, 186.177597046, 186.723266602, 187.268936157, 187.802993774, 188.337051392, 188.871109009, 189.405166626, 189.939224243, 190.496505737, 191.053787231, 191.622665405, 192.214782715, 192.830108643, 193.375778198, 193.921447754, 194.46711731, 194.908294678, 195.349472046, 195.790649414, 196.231826782, 196.684616089, 197.137405396, 197.578598022, 198.03137207, 198.484161377], "beats_loudness": {"dmean2": 0.0354681611061, "median": 0.0296330749989, "min": 6.09616890301e-09, "dvar2": 0.000801016052719, "dvar": 0.000302562781144, "dmean": 0.0203367453068, "max": 0.109810747206, "var": 0.000455986912129, "mean": 0.0345592275262}, "danceability": 1.05653178692, "bpm_histogram_second_peak_weight": {"dmean2": 0, "median": 0.0136239780113, "min": 0.0136239780113, "dvar2": 0, "dvar": 0, "dmean": 0, "max": 0.0136239780113, "var": 0, "mean": 0.0136239780113}, "beats_count": 368, "bpm_histogram_second_peak_bpm": {"dmean2": 0, "median": 136, "min": 136, "dvar2": 0, "dvar": 0, "dmean": 0, "max": 136, "var": 0, "mean": 136}, "bpm_histogram_first_peak_spread": {"dmean2": 0, "median": 0.549575090408, "min": 0.549575090408, "dvar2": 0, "dvar": 0, "dmean": 0, "max": 0.549575090408, "var": 0, "mean": 0.549575090408}, "beats_loudness_band_ratio": {"dmean2": [0.41478151083, 0.216436311603, 0.240627750754, 0.222740218043, 0.104234568775, 0.0543548092246], "median": [0.447941303253, 0.147194683552, 0.133692592382, 0.0984971597791, 0.0354934036732, 0.0224419571459], "min": [0.0320436470211, 0.0178881008178, 0.00779647566378, 0.00485377246514, 0.000439193827333, 0.000221270951442], "dvar2": [0.0848852023482, 0.0284288935363, 0.0472129769623, 0.0559272095561, 0.018935309723, 0.00154337787535], "dvar": [0.0307626575232, 0.00949636753649, 0.0181804336607, 0.0198979210109, 0.00667706737295, 0.000518205866683], "dmean": [0.244713157415, 0.127500742674, 0.139424175024, 0.129847124219, 0.0595936253667, 0.0314459018409], "max": [0.951565742493, 0.554230809212, 0.796583533287, 0.734699845314, 0.608360648155, 0.123263448477], "var": [0.058707498014, 0.0135889649391, 0.0306574124843, 0.0237217135727, 0.00785178877413, 0.00064530048985], "mean": [0.448673427105, 0.171754583716, 0.208360567689, 0.148032084107, 0.069600827992, 0.0270029120147]}}, "lowlevel": {"barkbands_spread": {"dmean2": 5.15177774429, "median": 12.850315094, "min": 0.682922542095, "dvar2": 50.0572967529, "dvar": 21.2580413818, "dmean": 3.28541922569, "max": 125.576713562, "var": 85.5895080566, "mean": 14.7255964279}, "melbands_spread": {"dmean2": 7.51503324509, "median": 17.3119831085, "min": 0.419734984636, "dvar2": 125.074729919, "dvar": 58.6312065125, "dmean": 4.79881668091, "max": 207.086090088, "var": 267.413787842, "mean": 21.9758701324}, "hfc": {"dmean2": 5.35950946808, "median": 6.98651885986, "min": 1.27647626923e-16, "dvar2": 69.9760894775, "dvar": 41.5199584961, "dmean": 3.99341344833, "max": 178.608474731, "var": 302.349914551, "mean": 13.9919519424}, "barkbands_kurtosis": {"dmean2": 4.6036438942, "median": 1.11027860641, "min": -1.88271331787, "dvar2": 169.790878296, "dvar": 70.0985641479, "dmean": 2.78416514397, "max": 409.388580322, "var": 109.842422485, "mean": 3.68368458748}, "gfcc": {"mean": [-82.5032043457, 138.577545166, -126.317451477, 8.96483898163, -41.5331764221, 14.1378698349, -34.0781097412, 2.96915721893, -17.2733097076, -6.48495674133, -14.8806991577, -3.65799927711, -11.9108333588], "icov": [[0.000228052318562, -0.000354116287781, 0.000432233238826, -0.000255980005022, 0.000401259312639, -0.000305717781885, 0.000615427736193, -0.000603010645136, 0.000623760861345, -0.000326507200953, 0.000676435010973, -0.000330482551362, 0.000721254560631], [-0.000354116287781, 0.00290223397315, -0.0013477569446, 0.00178051483817, -0.00147193821613, 0.00188469688874, -0.00238079205155, 0.00293818628415, -0.00263205496594, 0.00246372632682, -0.0030448094476, 0.00194238091353, -0.00245030946098], [0.000432233238826, -0.0013477569446, 0.00319555983879, -0.00200962857343, 0.00255317869596, -0.00120071449783, 0.00162450817879, -0.00224180961959, 0.00235369894654, -0.00225907401182, 0.0021025412716, -0.00200344645418, 0.00177154748235], [-0.000255980005022, 0.00178051483817, -0.00200962857343, 0.00386767624877, -0.00150721811224, 0.00168437603861, -0.00155334395822, 0.0028828876093, -0.00171298079658, 0.000487072014948, -0.00156495801639, 0.00165383610874, -0.002624937566], [0.000401259312639, -0.00147193821613, 0.00255317869596, -0.00150721811224, 0.00466421386227, -0.00218970165588, 0.00226306123659, -0.0014397923369, 0.000681639125105, -0.00135697342921, 0.00188633683138, -0.00167033798061, 0.00097974576056], [-0.000305717781885, 0.00188469688874, -0.00120071449783, 0.00168437603861, -0.00218970165588, 0.00729653425515, -0.00349655980244, 0.00230277259834, -0.000814977625851, -0.000701415468939, -0.000134357454954, 0.00014253226982, -0.00177775672637], [0.000615427736193, -0.00238079205155, 0.00162450817879, -0.00155334395822, 0.00226306123659, -0.00349655980244, 0.00663845520467, -0.00368617032655, 0.00343377934769, -0.000856578175444, 0.00211385684088, -0.000747886893805, 0.000686364190187], [-0.000603010645136, 0.00293818628415, -0.00224180961959, 0.0028828876093, -0.0014397923369, 0.00230277259834, -0.00368617032655, 0.0104097751901, -0.00467055849731, 0.00354400393553, -0.00353510607965, 0.000746446661651, 0.000736223184504], [0.000623760861345, -0.00263205496594, 0.00235369894654, -0.00171298079658, 0.000681639125105, -0.000814977625851, 0.00343377934769, -0.00467055849731, 0.0119499061257, -0.00468867784366, 0.0026531489566, 0.00060166005278, -0.000658005883452], [-0.000326507200953, 0.00246372632682, -0.00225907401182, 0.000487072014948, -0.00135697342921, -0.000701415468939, -0.000856578175444, 0.00354400393553, -0.00468867784366, 0.011358782649, -0.00288936286233, 0.00136210222263, -0.000237464351812], [0.000676435010973, -0.0030448094476, 0.0021025412716, -0.00156495801639, 0.00188633683138, -0.000134357454954, 0.00211385684088, -0.00353510607965, 0.0026531489566, -0.00288936286233, 0.0125865684822, -0.00406228005886, 0.00517032528296], [-0.000330482551362, 0.00194238091353, -0.00200344645418, 0.00165383610874, -0.00167033798061, 0.00014253226982, -0.000747886893805, 0.000746446661651, 0.00060166005278, 0.00136210222263, -0.00406228005886, 0.0128987208009, -0.00581146031618], [0.000721254560631, -0.00245030946098, 0.00177154748235, -0.002624937566, 0.00097974576056, -0.00177775672637, 0.000686364190187, 0.000736223184504, -0.000658005883452, -0.000237464351812, 0.00517032528296, -0.00581146031618, 0.016782745719]], "cov": [[9452.73046875, -276.836151123, -615.753601074, -538.737915039, -296.042510986, -105.551254272, -513.0546875, 362.681640625, -247.094314575, -94.7642059326, -107.94569397, -44.9359207153, -448.083282471], [-276.836151123, 1330.57617188, -411.426025391, -316.066711426, 196.343276978, -156.653839111, 167.506774902, -95.981628418, 134.543136597, -206.169082642, 135.565750122, -84.8697433472, 100.667007446], [-615.753601074, -411.426025391, 1147.22058105, 393.998809814, -450.097229004, 33.7032394409, 20.4035606384, 29.3553714752, -133.648117065, 148.901000977, -35.9770240784, 80.5592498779, -29.5101661682], [-538.737915039, -316.066711426, 393.998809814, 629.79309082, -29.9574546814, 18.8654670715, -29.0457134247, -115.464752197, -0.275890111923, 121.901374817, -52.2804908752, 16.1625041962, 67.3381500244], [-296.042510986, 196.343276978, -450.097229004, -29.9574546814, 537.324768066, 56.771648407, -54.9848098755, -77.2176208496, 105.75352478, -8.81142425537, -13.4901914597, -10.0636262894, 69.1893844604], [-105.551254272, -156.653839111, 33.7032394409, 18.8654670715, 56.771648407, 243.33430481, 78.2460250854, -24.1973304749, -22.0180644989, 48.3093757629, -47.3062667847, 26.5832309723, 24.9797859192], [-513.0546875, 167.506774902, 20.4035606384, -29.0457134247, -54.9848098755, 78.2460250854, 328.647613525, 24.6857414246, -37.7496261597, -43.8151168823, 6.67544460297, 1.60616672039, 33.1829338074], [362.681640625, -95.981628418, 29.3553714752, -115.464752197, -77.2176208496, -24.1973304749, 24.6857414246, 205.805358887, -7.63405799866, -29.4009017944, 26.5954551697, 4.98483371735, -66.0339508057], [-247.094314575, 134.543136597, -133.648117065, -0.275890111923, 105.75352478, -22.0180644989, -37.7496261597, -7.63405799866, 163.348892212, 20.4197883606, 3.4979391098, -28.7703933716, 33.3530693054], [-94.7642059326, -206.169082642, 148.901000977, 121.901374817, -8.81142425537, 48.3093757629, -43.8151168823, -29.4009017944, 20.4197883606, 165.494766235, -15.8245582581, 8.89750862122, -2.86815738678], [-107.94569397, 135.565750122, -35.9770240784, -52.2804908752, -13.4901914597, -47.3062667847, 6.67544460297, 26.5954551697, 3.4979391098, -15.8245582581, 133.586471558, 8.3414068222, -23.9635124207], [-44.9359207153, -84.8697433472, 80.5592498779, 16.1625041962, -10.0636262894, 26.5832309723, 1.60616672039, 4.98483371735, -28.7703933716, 8.89750862122, 8.3414068222, 110.457138062, 21.3601112366], [-448.083282471, 100.667007446, -29.5101661682, 67.3381500244, 69.1893844604, 24.9797859192, 33.1829338074, -66.0339508057, 33.3530693054, -2.86815738678, -23.9635124207, 21.3601112366, 123.379257202]]}, "spectral_energyband_middle_low": {"dmean2": 0.00689268670976, "median": 0.00432830862701, "min": 3.03241842769e-22, "dvar2": 0.000216566884774, "dvar": 8.63892710186e-05, "dmean": 0.0044861594215, "max": 0.120843015611, "var": 0.000179485185072, "mean": 0.0101629765704}, "melbands_crest": {"dmean2": 4.91895961761, "median": 11.3329467773, "min": 1.0015912056, "dvar2": 25.5869121552, "dvar": 10.5659351349, "dmean": 3.06109404564, "max": 36.8414115906, "var": 27.9857997894, "mean": 12.6259965897}, "spectral_kurtosis": {"dmean2": 8.60118103027, "median": 11.1634616852, "min": -1.22858285904, "dvar2": 81.9304046631, "dvar": 29.0771770477, "dmean": 5.23305082321, "max": 100.41418457, "var": 86.2531051636, "mean": 13.3049516678}, "spectral_rms": {"dmean2": 0.00108873494901, "median": 0.00304146436974, "min": 3.31482410965e-12, "dvar2": 3.1655820294e-06, "dvar": 1.45789033468e-06, "dmean": 0.000758122536354, "max": 0.0138512169942, "var": 4.9863770073e-06, "mean": 0.00374224153347}, "zerocrossingrate": {"dmean2": 0.00700401188806, "median": 0.0400390625, "min": 0.005859375, "dvar2": 0.000118370488053, "dvar": 8.27773110359e-05, "dmean": 0.00573128461838, "max": 0.513671875, "var": 0.000574884936213, "mean": 0.043437961489}, "silence_rate_60dB": {"dmean2": 0.109608210623, "median": 0, "min": 0, "dvar2": 0.110425934196, "dvar": 0.0517900399864, "dmean": 0.0547977164388, "max": 1, "var": 0.136735916138, "mean": 0.163441359997}, "erbbands_kurtosis": {"dmean2": 1.79980194569, "median": 1.28492093086, "min": -1.81851565838, "dvar2": 8.33314228058, "dvar": 3.45515012741, "dmean": 1.17070901394, "max": 69.8863677979, "var": 10.2027540207, "mean": 1.96728098392}, "erbbands": {"dmean2": [0.0945364758372, 0.841928482056, 2.13562917709, 8.07387638092, 7.58486652374, 3.93402194977, 4.52339172363, 5.69435739517, 10.6681632996, 17.5849952698, 37.7056732178, 23.4878730774, 26.0432128906, 16.51927948, 18.5078601837, 29.765247345, 27.6201934814, 22.3604297638, 19.7121276855, 19.6781196594, 11.1709289551, 7.56711292267, 3.96900177002, 3.90693593025, 2.11628007889, 1.13956856728, 0.971475422382, 1.00660026073, 0.801643073559, 0.830519497395, 0.505308926105, 0.353891223669, 0.208913400769, 0.148890033364, 0.0855717360973, 0.0488448180258, 0.0179291535169, 0.00294950278476, 0.000149475294165, 1.57550839504e-05], "median": [0.015442525968, 0.135188564658, 0.389344394207, 1.13605248928, 2.53998947144, 2.42925357819, 2.05222630501, 2.55505490303, 3.09867572784, 3.65096521378, 6.44922542572, 4.98219299316, 6.92708015442, 6.1555480957, 7.51399517059, 10.6539020538, 7.10295772552, 5.70693635941, 5.90177106857, 5.41814899445, 5.09616327286, 3.6267182827, 1.62360394001, 0.74519431591, 0.45004850626, 0.246275246143, 0.0983899980783, 0.143522500992, 0.110127359629, 0.0586626604199, 0.036424703896, 0.0444068871439, 0.0233958512545, 0.00782153662294, 0.00374776357785, 0.00144159118645, 0.000478082627524, 0.000102999452793, 1.01753139461e-05, 1.17323888844e-05], "min": [7.04586579172e-22, 4.14330487522e-21, 1.96830227852e-20, 1.9520363857e-19, 1.76183176146e-19, 8.13324497187e-20, 2.85979472967e-19, 5.2469229477e-19, 6.03099555962e-19, 3.62290451692e-19, 4.53712805286e-19, 1.22266279785e-18, 1.95482610401e-18, 2.00554757841e-18, 3.84630009928e-18, 2.52202364325e-18, 6.79220169408e-18, 3.93082885889e-18, 8.26451700997e-18, 5.29574263046e-18, 6.96116905062e-18, 1.52828880815e-17, 1.29473452763e-17, 2.18885671649e-17, 1.29380907796e-17, 1.60645654886e-17, 1.69438253925e-17, 1.7924431465e-17, 2.20303244152e-17, 1.92882140671e-17, 2.21747650394e-17, 1.20136494435e-17, 1.58239700812e-17, 1.13721568164e-17, 9.37815192301e-18, 5.55281712995e-18, 3.7829190392e-18, 1.37385559399e-18, 3.16334313111e-19, 4.35420927423e-20], "dvar2": [0.175405621529, 12.5443658829, 29.713968277, 641.963623047, 371.793334961, 52.1115036011, 91.9737625122, 156.053848267, 833.685546875, 2558.45068359, 10663.765625, 4996.53369141, 6931.515625, 3237.97021484, 2916.65112305, 5796.37841797, 9207.53710938, 5912.86621094, 4749.8828125, 4195.02050781, 1186.96496582, 362.436248779, 91.4063339233, 129.5809021, 35.9336204529, 16.8611621857, 11.1658630371, 22.3226947784, 8.56105232239, 14.5849437714, 3.54891562462, 2.38069677353, 1.53322100639, 0.245268404484, 0.0623645372689, 0.02183576487, 0.00290561560541, 7.45504075894e-05, 2.40388374095e-07, 1.05330666411e-09], "dvar": [0.0741054043174, 4.85979270935, 10.7792310715, 237.7215271, 140.08821106, 20.5914745331, 35.4817695618, 68.801399231, 378.260192871, 1363.89294434, 5212.52978516, 2499.80859375, 3247.92944336, 1599.3828125, 1665.9630127, 2838.12695313, 4288.70947266, 3187.2512207, 2313.40209961, 2165.00756836, 547.133300781, 169.745758057, 51.7738304138, 71.7648849487, 16.3879947662, 6.37683963776, 4.42843818665, 8.84678554535, 4.15668106079, 6.93115091324, 1.90969502926, 1.29034388065, 0.672753691673, 0.114806868136, 0.0299458820373, 0.0100251007825, 0.00135475920979, 3.44829895766e-05, 9.89230670712e-08, 4.53800691469e-10], "dmean": [0.0582559965551, 0.5004581213, 1.20981001854, 4.59973621368, 4.61465072632, 2.49982786179, 2.79684662819, 3.71956324577, 7.1940202713, 12.4369077682, 25.8151874542, 16.5001106262, 18.4788856506, 12.3289766312, 13.4195413589, 20.8866443634, 19.7666015625, 16.5664863586, 14.0125646591, 13.7295150757, 7.69598007202, 5.08476495743, 2.74845004082, 2.82896900177, 1.44320905209, 0.730110049248, 0.614426791668, 0.654944598675, 0.533883810043, 0.553682148457, 0.346030592918, 0.247965291142, 0.142097398639, 0.101682558656, 0.0584365651011, 0.0330443866551, 0.012139939703, 0.00198492966592, 9.40491445363e-05, 1.07150854092e-05], "max": [3.55632162094, 30.5197620392, 50.2543716431, 171.839157104, 157.864761353, 108.255096436, 98.5277175903, 250.625976563, 570.432617188, 982.534973145, 1744.55664063, 1544.3026123, 1461.00219727, 2105.54663086, 2104.34082031, 1255.6940918, 1945.7064209, 2461.06762695, 1931.5123291, 2281.66186523, 1127.0480957, 464.809387207, 170.958816528, 379.022521973, 201.802368164, 104.34059906, 71.5257568359, 134.896591187, 84.7938995361, 150.254348755, 84.4846343994, 63.0530967712, 44.8348197937, 12.6483182907, 2.17970657349, 1.35559523106, 0.48562374711, 0.0762818977237, 0.00368186994456, 0.000286258611595], "var": [0.0634245499969, 3.64303207397, 8.4655828476, 163.354507446, 137.593307495, 39.6435890198, 59.9216880798, 177.173019409, 1539.78198242, 5524.09130859, 18352.1484375, 8656.31542969, 15636.5166016, 7104.72021484, 7452.57373047, 11575.90625, 17953.6035156, 13120.1904297, 10169.6318359, 10529.0146484, 1665.90820313, 634.472106934, 231.104721069, 304.398651123, 85.8766555786, 6.93348789215, 4.35521841049, 10.8036909103, 7.44190502167, 12.5228443146, 4.35148906708, 2.63231253624, 0.952552199364, 0.156694680452, 0.0359591580927, 0.0110024511814, 0.00150337815285, 3.78800250473e-05, 8.70523777508e-08, 8.67525828951e-10], "mean": [0.0582693889737, 0.468998849392, 1.26081883907, 4.31947183609, 6.29786109924, 4.67695379257, 4.98084878922, 7.05752468109, 15.8147497177, 27.2861938477, 54.1195030212, 38.4765663147, 46.4742965698, 32.7015762329, 35.6286468506, 53.8882751465, 50.1046028137, 39.767250061, 33.5762214661, 33.5892181396, 18.4770069122, 12.2852039337, 6.69776391983, 6.54588365555, 3.12298130989, 0.978069782257, 0.620028614998, 0.755992352962, 0.631367623806, 0.596827685833, 0.39264652133, 0.320651829243, 0.171939611435, 0.107919901609, 0.0593472868204, 0.0317140035331, 0.0114376442507, 0.00187598052435, 8.69197610882e-05, 2.46938925557e-05]}, "spectral_strongpeak": {"dmean2": 1.00279247761, "median": 0.800299704075, "min": 0, "dvar2": 2.00509691238, "dvar": 0.874440133572, "dmean": 0.618752539158, "max": 15.2382822037, "var": 2.96054363251, "mean": 1.49699950218}, "spectral_energy": {"dmean2": 0.0122941825539, "median": 0.00948176812381, "min": 1.12627611658e-20, "dvar2": 0.000629054906312, "dvar": 0.000259061082033, "dmean": 0.00804742146283, "max": 0.196652621031, "var": 0.000512439990416, "mean": 0.0194655284286}, "average_loudness": 0.677447497845, "spectral_rolloff": {"dmean2": 364.925933838, "median": 1162.79296875, "min": 21.533203125, "dvar2": 475553.25, "dvar": 233164.28125, "dmean": 213.650314331, "max": 19401.4160156, "var": 776438.875, "mean": 1184.0345459}, "spectral_centroid": {"dmean2": 219.132644653, "median": 905.939758301, "min": 225.564208984, "dvar2": 98492.9765625, "dvar": 48837.3359375, "dmean": 141.97013855, "max": 10939.1455078, "var": 262675.34375, "mean": 1000.95440674}, "pitch_salience": {"dmean2": 0.10033672303, "median": 0.568573117256, "min": 0.110716842115, "dvar2": 0.00978733412921, "dvar": 0.00408009625971, "dmean": 0.0631760656834, "max": 0.996073067188, "var": 0.0149940550327, "mean": 0.563588500023}, "spectral_energyband_middle_high": {"dmean2": 0.002215544926, "median": 0.00251491833478, "min": 1.68703748463e-21, "dvar2": 1.67614471138e-05, "dvar": 1.05032850115e-05, "dmean": 0.00168324948754, "max": 0.116253018379, "var": 9.3391048722e-05, "mean": 0.00616481993347}, "spectral_contrast_coeffs": {"dmean2": [0.0734127908945, 0.0641789361835, 0.0548211820424, 0.0482164658606, 0.0364353246987, 0.0274930801243], "median": [-0.659847676754, -0.717907905579, -0.720801651478, -0.722813606262, -0.748213946819, -0.786643385887], "min": [-0.998585820198, -0.998971402645, -0.997926533222, -0.997915625572, -0.997609078884, -0.994596362114], "dvar2": [0.00427665840834, 0.00299456901848, 0.00217466941103, 0.00174540362787, 0.00105183932465, 0.000641841441393], "dvar": [0.0017317236634, 0.00126137665939, 0.000992229091935, 0.000818044878542, 0.00060365855461, 0.000317143538268], "dmean": [0.0454491823912, 0.0402445048094, 0.0353936068714, 0.0315878540277, 0.0259693246335, 0.0190101098269], "max": [-0.303226947784, -0.413076847792, -0.423734784126, -0.455316334963, -0.501730203629, -0.631235063076], "var": [0.00659567164257, 0.00697463657707, 0.00707739545032, 0.0068948622793, 0.00552836805582, 0.0015933822142], "mean": [-0.657869338989, -0.70931571722, -0.713343918324, -0.718504786491, -0.740722537041, -0.783510684967]}, "melbands_skewness": {"dmean2": 0.933343887329, "median": 1.11130690575, "min": -4.18534946442, "dvar2": 1.97493052483, "dvar": 0.881618380547, "dmean": 0.627145946026, "max": 20.5447006226, "var": 3.19477438927, "mean": 1.53296244144}, "spectral_spread": {"dmean2": 695225.875, "median": 2468547, "min": 873660.375, "dvar2": 787072483328, "dvar": 484138418176, "dmean": 540339.25, "max": 42850376, "var": 2536593686530.0, "mean": 2973283.25}, "dissonance": {"dmean2": 0.0479585640132, "median": 0.441676020622, "min": 0.152816683054, "dvar2": 0.00228431937285, "dvar": 0.00085182976909, "dmean": 0.0289487689734, "max": 0.5, "var": 0.00253406213596, "mean": 0.42957764864}, "spectral_skewness": {"dmean2": 0.699912369251, "median": 2.39336466789, "min": -0.12693361938, "dvar2": 0.421140879393, "dvar": 0.152160957456, "dmean": 0.436275839806, "max": 7.66392660141, "var": 0.62391602993, "mean": 2.49588155746}, "spectral_flux": {"dmean2": 0.0405897162855, "median": 0.042687561363, "min": 1.06126156474e-10, "dvar2": 0.00300244055688, "dvar": 0.00137955171522, "dmean": 0.0256398189813, "max": 0.368570506573, "var": 0.00313450698741, "mean": 0.0631580427289}, "spectral_contrast_valleys": {"dmean2": [0.582873106003, 0.52572208643, 0.484762400389, 0.50387942791, 0.451189577579, 0.47036498785], "median": [-7.53362369537, -7.23853111267, -7.87276649475, -8.49793148041, -9.24937057495, -11.8040943146], "min": [-26.9969367981, -27.2955055237, -26.8912982941, -27.2022724152, -27.2793312073, -27.3187255859], "dvar2": [0.300237923861, 0.207033485174, 0.178225070238, 0.24324066937, 0.251991122961, 0.244811952114], "dvar": [0.140035644174, 0.105658017099, 0.0944793149829, 0.127363547683, 0.15594676137, 0.196543619037], "dmean": [0.369085103273, 0.345435798168, 0.320283412933, 0.348173379898, 0.352235645056, 0.44953763485], "max": [-5.28345108032, -4.78384494781, -4.92364597321, -5.25401592255, -6.19044876099, -7.92732572556], "var": [0.881962478161, 1.21941375732, 1.33249592781, 1.28513932228, 1.0860875845, 1.5437977314], "mean": [-7.59825229645, -7.32992696762, -7.8941860199, -8.52903366089, -9.14101219177, -11.7972068787]}, "erbbands_flatness_db": {"dmean2": 0.027279259637, "median": 0.22957393527, "min": 0.0314597934484, "dvar2": 0.000797145476099, "dvar": 0.000527215597685, "dmean": 0.0225401688367, "max": 0.581716775894, "var": 0.00417995126918, "mean": 0.225346669555}, "spectral_energyband_high": {"dmean2": 0.000108373889816, "median": 1.39307612699e-05, "min": 8.03465409015e-21, "dvar2": 1.32733319447e-07, "dvar": 6.41565733872e-08, "dmean": 7.37455120543e-05, "max": 0.0105116423219, "var": 1.10650532292e-07, "mean": 8.60161671881e-05}, "spectral_entropy": {"dmean2": 0.251459479332, "median": 6.81485843658, "min": 4.87222766876, "dvar2": 0.0707042738795, "dvar": 0.0392997376621, "dmean": 0.193124979734, "max": 9.96019077301, "var": 0.219873458147, "mean": 6.87333869934}, "silence_rate_20dB": {"dmean2": 0, "median": 1, "min": 1, "dvar2": 0, "dvar": 0, "dmean": 0, "max": 1, "var": 0, "mean": 1}, "melbands_flatness_db": {"dmean2": 0.0349851064384, "median": 0.258543074131, "min": -3.96917101853e-07, "dvar2": 0.00165946991183, "dvar": 0.000719078932889, "dmean": 0.0240362286568, "max": 0.488921016455, "var": 0.00302477669902, "mean": 0.258015722036}, "barkbands": {"dmean2": [7.61777409934e-05, 0.00349834933877, 0.00208316952921, 0.00353267788887, 0.00141458725557, 0.000632859882899, 0.000835417537019, 0.00168223644141, 0.00116259919014, 0.000658947275952, 0.000512622587848, 0.000716798240319, 0.000640087702777, 0.000427159073297, 0.000480809103465, 0.000214204992517, 0.000182471238077, 7.73553620093e-05, 6.15433527855e-05, 2.59148200712e-05, 2.46484123636e-05, 2.28799963224e-05, 1.99372752832e-05, 1.45688227349e-05, 1.25085343825e-05, 1.00819424915e-05, 1.05672665995e-06], "median": [5.74387195229e-06, 0.000605534994975, 0.00037314844667, 0.000389361870475, 0.000978838070296, 0.000341150793247, 0.000186032717465, 0.000247388728894, 0.000182446732651, 0.00020713385311, 0.000115820541396, 0.000205894233659, 0.000110672342998, 7.0250913268e-05, 0.000108747670311, 5.85755951761e-05, 6.65950865368e-05, 1.94170825125e-05, 1.01427485788e-05, 4.20915239374e-06, 3.06799597638e-06, 2.94049209515e-06, 1.18970035601e-06, 1.8398161501e-06, 6.38765072836e-07, 2.85535776356e-07, 2.18220961301e-08], "min": [1.78672829847e-23, 1.99712191951e-23, 2.17759404642e-23, 9.15786163625e-23, 3.16812755761e-23, 6.12185471186e-23, 3.49727251279e-23, 1.65425220453e-23, 6.07636583662e-23, 6.58487946008e-23, 8.33307916085e-23, 6.2435557547e-23, 1.2823927348e-22, 9.05971471787e-23, 1.38715459897e-22, 7.31459725443e-23, 2.62401642803e-22, 2.81419375288e-22, 3.44117939061e-22, 3.42455045516e-22, 4.27892846737e-22, 6.62470242075e-22, 6.55800442054e-22, 8.08199079317e-22, 1.11057721406e-21, 1.78544269501e-21, 2.6144454879e-21], "dvar2": [1.08724535153e-07, 0.000227157099289, 2.80870008282e-05, 0.000128741172375, 6.83706366544e-06, 1.73069577158e-06, 4.82157793158e-06, 2.07194934774e-05, 1.33315807034e-05, 4.01271063311e-06, 3.37801611749e-06, 3.39712846653e-06, 4.87869920107e-06, 2.22377320824e-06, 2.2948484002e-06, 4.60998535345e-07, 2.60092178905e-07, 4.17434371514e-08, 3.03698683979e-08, 1.00993400309e-08, 8.88286066925e-09, 8.47018899464e-09, 6.68344313226e-09, 5.85547255127e-09, 1.40021017003e-09, 9.12801167985e-10, 1.05545763102e-11], "dvar": 