{"tonal": {"thpcp": [1, 0.515058577061, 0.0890689119697, 0.324784368277, 0.718549072742, 0.657579183578, 0.326860934496, 0.221099302173, 0.227936685085, 0.282383263111, 0.328451156616, 0.318836688995, 0.322428554296, 0.422550290823, 0.380055069923, 0.208998993039, 0.159662410617, 0.180877372622, 0.2576790452, 0.34546071291, 0.299060344696, 0.203288570046, 0.161586880684, 0.13459546864, 0.220905795693, 0.516952335835, 0.486382693052, 0.220525622368, 0.235181197524, 0.246165722609, 0.172533676028, 0.131501451135, 0.153177052736, 0.239461138844, 0.343097299337, 0.712495803833], "hpcp": {"dmean2": [0.274303764105, 0.293612629175, 0.257739543915, 0.178971424699, 0.163238883018, 0.174791827798, 0.206537902355, 0.241755396128, 0.239262148738, 0.213323712349, 0.166510865092, 0.136145621538, 0.178275883198, 0.298098415136, 0.282421737909, 0.16486890614, 0.177208304405, 0.198039054871, 0.173364520073, 0.140909388661, 0.144453406334, 0.174215629697, 0.205303549767, 0.361782431602, 0.510737240314, 0.270656824112, 0.0902101024985, 0.210155189037, 0.283273786306, 0.267752289772, 0.249579355121, 0.2197881639, 0.228977710009, 0.254431068897, 0.264901578426, 0.268806576729], "median": [0.0184882897884, 0.0343200154603, 0.0306970775127, 0.0132197355852, 0.00585798267275, 0.00596221908927, 0.0114866886288, 0.0177205279469, 0.0142543194816, 0.00687424279749, 0.00342271430418, 0.00227859127335, 0.0167991407216, 0.0479984357953, 0.0442953929305, 0.0198881383985, 0.012810010463, 0.0154323214665, 0.00837533827871, 0.00431800540537, 0.00465480284765, 0.0103542357683, 0.0164188556373, 0.151205703616, 0.0868012607098, 0.0412836819887, 0.00251208385453, 0.0114831961691, 0.034234713763, 0.0490810126066, 0.02249792777, 0.00486620189622, 0.00367876305245, 0.004471977707, 0.00847342051566, 0.00991818215698], "min": [0, 0, 0, 0, 0, 0, 0, 0, 0, 0, 0, 0, 0, 0, 0, 0, 0, 0, 0, 0, 0, 0, 0, 0, 0, 0, 0, 0, 0, 0, 0, 0, 0, 0, 0, 0], "dvar2": [0.168593659997, 0.152934342623, 0.133219361305, 0.104933992028, 0.104196280241, 0.113176696002, 0.134579822421, 0.13934019208, 0.153507173061, 0.155904784799, 0.118872657418, 0.0896988511086, 0.10381282866, 0.143143817782, 0.134973138571, 0.0824404805899, 0.108281955123, 0.113270029426, 0.110349945724, 0.0918428227305, 0.0944666042924, 0.103861771524, 0.108886837959, 0.121147178113, 0.246242105961, 0.0817464664578, 0.0487605333328, 0.0962509512901, 0.124912239611, 0.106260895729, 0.120815403759, 0.141286075115, 0.162302434444, 0.176936924458, 0.171432048082, 0.167105153203], "dvar": [0.0605503506958, 0.0578800998628, 0.0490292944014, 0.0368255153298, 0.0364323481917, 0.0397750101984, 0.0486198179424, 0.052262544632, 0.055836610496, 0.0559899061918, 0.0427473857999, 0.0318113341928, 0.0365104153752, 0.0551659241319, 0.0518233776093, 0.029743174091, 0.0393864326179, 0.0414107628167, 0.0397124402225, 0.0323431789875, 0.0337051898241, 0.038464307785, 0.0458631850779, 0.0572617612779, 0.139143690467, 0.0427000746131, 0.0166701953858, 0.0372868515551, 0.0668903142214, 0.0512360744178, 0.0456606596708, 0.0505353137851, 0.0580385662615, 0.063409268856, 0.0631711110473, 0.0604629144073], "dmean": [0.148627668619, 0.162283658981, 0.141892835498, 0.097232721746, 0.087061420083, 0.094210088253, 0.11477752775, 0.135344907641, 0.13113848865, 0.113072350621, 0.0888919308782, 0.0724539682269, 0.0971800610423, 0.172852158546, 0.164265438914, 0.0919862166047, 0.0965579301119, 0.107628762722, 0.092645816505, 0.0745013952255, 0.0781633555889, 0.0990792959929, 0.122542724013, 0.201612055302, 0.275561243296, 0.147195190191, 0.0483007021248, 0.120836906135, 0.168228536844, 0.165518507361, 0.140292659402, 0.117252975702, 0.122270219028, 0.137247487903, 0.144745767117, 0.146105691791], "max": [1, 1, 1, 1, 1, 1, 1, 1, 1, 1, 1, 1, 1, 1, 1, 1, 1, 1, 1, 1, 1, 1, 1, 1, 1, 1, 1, 1, 1, 1, 1, 1, 1, 1, 1, 1], "var": [0.0471885763109, 0.0572903566062, 0.0493428260088, 0.0273957494646, 0.0230164639652, 0.0264089722186, 0.03873199597, 0.0516083091497, 0.0472155995667, 0.0360746309161, 0.0277357492596, 0.0207544658333, 0.0263578910381, 0.0683856531978, 0.0605001524091, 0.0231800191104, 0.0366457104683, 0.0335142798722, 0.0252968836576, 0.0192426368594, 0.0233288891613, 0.0356036014855, 0.057779494673, 0.0689773857594, 0.189440652728, 0.0529814362526, 0.0107101909816, 0.0412695519626, 0.136868670583, 0.108141072094, 0.041714232415, 0.0358004830778, 0.0412380099297, 0.0497666522861, 0.0563337877393, 0.0513165742159], "mean": [0.117665573955, 0.154203534126, 0.138695523143, 0.0762711167336, 0.0582664571702, 0.0660085454583, 0.0940361842513, 0.126070827246, 0.109137691557, 0.07418718189, 0.0589687637985, 0.0491186454892, 0.0806163325906, 0.18865416944, 0.177498236299, 0.0804775953293, 0.0858259275556, 0.0898345708847, 0.0629636347294, 0.0479895249009, 0.055899720639, 0.087387830019, 0.125208333135, 0.260014891624, 0.364935338497, 0.187963083386, 0.0325043946505, 0.118525288999, 0.262223958969, 0.239973887801, 0.119283102453, 0.0806869491935, 0.0831821486354, 0.103051632643, 0.119863435626, 0.116354778409]}, "tuning_equal_tempered_deviation": 0.354060530663, "chords_changes_rate": 0.051961414516, "key_key": "A", "tuning_diatonic_strength": 0.436460465193, "key_scale": "major", "chords_number_rate": 0.000643086794298, "tuning_frequency": 434.193115234, "tuning_nontempered_energy_ratio": 0.92299002409, "chords_histogram": [9.54340839386, 13.9292602539, 9.17041778564, 0, 0.411575555801, 0.308681666851, 0.823151111603, 0, 0.0385852083564, 0.0128617361188, 0, 0, 0, 0, 0.10289388895, 0.0514469444752, 0.064308680594, 0.21864952147, 0, 0.115755625069, 0, 18.3022499084, 0.604501605034, 46.3022499084], "key_strength": 0.552456796169, "chords_key": "F#", "chords_strength": {"dmean2": 0.0113541064784, "median": 0.520031452179, "min": -1, "dvar2": 0.00106285524089, "dvar": 0.000564811402, "dmean": 0.0103709055111, "max": 0.831067562103, "var": 0.0167404357344, "mean": 0.518770635128}, "chords_scale": "minor", "hpcp_entropy": {"dmean2": 1.00916683674, "median": 2.17204427719, "min": 0, "dvar2": 0.628404855728, "dvar": 0.226863265038, "dmean": 0.58713388443, "max": 4.28877305984, "var": 0.466687083244, "mean": 2.14915966988}}, "metadata": {"audio_properties": {"equal_loudness": 0, "codec": "flac", "downmix": "mix", "sample_rate": 44100, "analysis_sample_rate": 44100, "bit_rate": 0, "md5_encoded": "a2d494c5806543c153c09a63c614c531", "length": 361, "replay_gain": -6.59250259399, "lossless": true}, "version": {"essentia_build_sha": "70f2e5ece6736b2c40cc944ad0e695b16b925413", "essentia": "2.1-beta2", "extractor": "music 1.0", "essentia_git_sha": "v2.1_beta2"}, "tags": {"title": ["Music, Part 1"], "media": ["CD"], "albumartist": ["Theo Parrish"], "tracktotal": ["10"], "musicbrainz_releasegroupid": ["30b510a3-4dc8-4910-909c-cff2ad0fbb1c"], "releasetype": ["other", "compilation"], "musicbrainz_recordingid": ["0c0b4f5c-6aaf-4c71-96c1-05b5a8f53fd3"], "originalyear": ["2000"], "musicbrainz_releasetrackid": ["25a027bd-4ae4-3663-9e02-cb638d2a7765"], "discnumber": ["1"], "totaldiscs": ["1"], "album": ["Sound Signature Sounds"], "catalognumber": ["SSCD1"], "releasecountry": ["US"], "file_name": "09. Theo Parrish - Music, Part 1.flac", "musicbrainz_albumartistid": ["15388d42-9197-4ca1-9ffe-240f763b84cb"], "albumartistsort": ["Parrish, Theo"], "date": ["2000-05"], "genre": ["Electronic"], "disctotal": ["1"], "musicbrainz_artistid": ["15388d42-9197-4ca1-9ffe-240f763b84cb"], "originaldate": ["2000-05"], "musicbrainz_albumid": ["feb49937-06bb-4e44-b965-541d0a229b4b"], "tracknumber": ["9"], "artistsort": ["Parrish, Theo"], "artist": ["Theo Parrish"], "label": ["Sound Signature"], "releasestatus": ["official"], "acoustid_id": ["dd9d936f-cf43-4528-9bdc-fef686d1f177"], "script": ["Latn"], "totaltracks": ["10"]}}, "rhythm": {"bpm_histogram_first_peak_bpm": {"dmean2": 0, "median": 108, "min": 108, "dvar2": 0, "dvar": 0, "dmean": 0, "max": 108, "var": 0, "mean": 108}, "bpm": 108.784645081, "bpm_histogram_second_peak_spread": {"dmean2": 0, "median": 0.565217375755, "min": 0.565217375755, "dvar2": 0, "dvar": 0, "dmean": 0, "max": 0.565217375755, "var": 0, "mean": 0.565217375755}, "bpm_histogram_first_peak_weight": {"dmean2": 0, "median": 0.51152074337, "min": 0.51152074337, "dvar2": 0, "dvar": 0, "dmean": 0, "max": 0.51152074337, "var": 0, "mean": 0.51152074337}, "onset_rate": 4.24639368057, "beats_position": [0.53405892849, 1.07972788811, 1.62539684772, 2.18267560005, 2.73995471001, 3.28562355042, 3.83129239082, 4.38857126236, 4.93424034119, 5.47990942001, 6.03718805313, 6.59446716309, 7.14013576508, 7.6858048439, 8.24308395386, 8.80036258698, 9.34603118896, 9.89170074463, 10.4489793777, 10.9946479797, 11.5403175354, 12.0975961685, 12.6548748016, 13.2005443573, 13.7578229904, 14.3151016235, 14.8723802567, 15.4296598434, 15.9985485077, 16.5790481567, 17.1711559296, 17.786485672, 18.390203476, 18.9474830627, 19.5047607422, 20.062040329, 20.6077098846, 21.153377533, 21.7106571198, 22.2679367065, 22.8136043549, 23.3592739105, 23.9165534973, 24.4738311768, 25.0195007324, 25.5651702881, 26.1224479675, 26.6681175232, 27.2137870789, 27.7710647583, 28.3283443451, 28.8740139008, 29.4196815491, 29.9769611359, 30.5226306915, 31.0682983398, 31.6255779266, 32.1828575134, 32.7285270691, 33.2741928101, 33.8314743042, 34.3887519836, 34.9460296631, 35.5033111572, 36.0954170227, 36.6875267029, 37.2680282593, 37.8601341248, 38.4406356812, 39.0327415466, 39.613243103, 40.1705207825, 40.7277984619, 41.2734680176, 41.8191375732, 42.3764152527, 42.9336967468, 43.4793624878, 44.0250320435, 44.5823135376, 45.1279792786, 45.6736488342, 46.2309303284, 46.7882080078, 47.3338775635, 47.8795471191, 48.4368247986, 48.994102478, 49.5397720337, 50.0854415894, 50.6427192688, 51.2000007629, 51.7572784424, 52.2913360596, 52.8486175537, 53.4058952332, 53.9631729126, 54.4972343445, 55.0545120239, 55.6117897034, 56.157459259, 56.7031288147, 57.2604064941, 57.8176841736, 58.3749656677, 58.9090232849, 59.4663009644, 60.0235824585, 60.5692520142, 61.1149177551, 61.6721992493, 62.2294769287, 62.7751464844, 63.32081604, 63.8780937195, 64.4353713989, 64.9810409546, 65.5267105103, 66.0839920044, 66.6296615601, 67.1753311157, 67.7326049805, 68.2898864746, 68.8355560303, 69.3812255859, 69.9384994507, 70.4957809448, 71.0414505005, 71.5871200562, 72.1327896118, 72.6900634766, 73.2357330322, 73.7930145264, 74.3270721436, 74.8843536377, 75.4416275024, 75.9989089966, 76.5445785522, 77.0902481079, 77.6475296021, 78.1931991577, 78.738861084, 79.2961425781, 79.8534240723, 80.3990936279, 80.9447631836, 81.5020370483, 82.0593185425, 82.6166000366, 83.1506576538, 83.7079315186, 84.2652130127, 84.8224945068, 85.356552124, 85.9138336182, 86.4711074829, 87.0167770386, 87.5624465942, 88.1197280884, 88.6770019531, 89.2342834473, 89.7683410645, 90.3256225586, 90.8829040527, 91.428565979, 91.9742355347, 92.5315170288, 93.0887985229, 93.6344680786, 94.1801376343, 94.737411499, 95.2946929932, 95.8403625488, 96.3860321045, 96.9433059692, 97.5005874634, 98.046257019, 98.5919265747, 99.1492080688, 99.7064819336, 100.252151489, 100.797821045, 101.355102539, 101.900772095, 102.44644165, 103.003715515, 103.549385071, 104.095054626, 104.652336121, 105.198005676, 105.743675232, 106.300949097, 106.858230591, 107.392288208, 107.949569702, 108.506843567, 109.064125061, 109.609794617, 110.155464172, 110.712738037, 111.270019531, 111.815689087, 112.361358643, 112.918640137, 113.475914001, 114.009971619, 114.567253113, 115.124534607, 115.681808472, 116.215873718, 116.773147583, 117.330429077, 117.876098633, 118.421768188, 118.979042053, 119.536323547, 120.093605042, 120.639274597, 121.184944153, 121.742218018, 122.287887573, 122.833557129, 123.390838623, 123.948112488, 124.493782043, 125.039451599, 125.596733093, 126.154014587, 126.699676514, 127.245346069, 127.802627563, 128.359909058, 128.905578613, 129.451248169, 130.008529663, 130.554199219, 131.099868774, 131.65713501, 132.214416504, 132.76008606, 133.305755615, 133.863037109, 134.420318604, 134.965988159, 135.511657715, 136.057327271, 136.614593506, 137.160263062, 137.717544556, 138.263214111, 138.808883667, 139.366165161, 139.911834717, 140.457504272, 141.014785767, 141.572067261, 142.117736816, 142.663391113, 143.220672607, 143.777954102, 144.335235596, 144.880905151, 145.426574707, 145.983856201, 146.541137695, 147.086807251, 147.632461548, 148.189743042, 148.735412598, 149.281082153, 149.838363647, 150.395645142, 150.941314697, 151.486984253, 152.044265747, 152.601531982, 153.147201538, 153.692871094, 154.250152588, 154.807434082, 155.364715576, 155.898773193, 156.456054688, 157.013336182, 157.559005737, 158.104675293, 158.661941528, 159.219223022, 159.764892578, 160.310562134, 160.867843628, 161.425125122, 161.970794678, 162.516464233, 163.073745728, 163.619400024, 164.16506958, 164.722351074, 165.279632568, 165.825302124, 166.37097168, 166.916641235, 167.473922729, 168.019592285, 168.576873779, 169.122543335, 169.668212891, 170.225479126, 170.78276062, 171.340042114, 171.88571167, 172.431381226, 172.98866272, 173.522720337, 174.080001831, 174.637283325, 175.194549561, 175.728607178, 176.285888672, 176.843170166, 177.388839722, 177.934509277, 178.491790771, 179.049072266, 179.594741821, 180.140411377, 180.697677612, 181.254959106, 181.800628662, 182.346298218, 182.903579712, 183.460861206, 184.006530762, 184.552200317, 185.109481812, 185.666748047, 186.212417603, 186.758087158, 187.315368652, 187.872650146, 188.418319702, 188.963989258, 189.521270752, 190.078552246, 190.624221802, 191.169876099, 191.727157593, 192.272827148, 192.818496704, 193.375778198, 193.933059692, 194.478729248, 195.024398804, 195.581680298, 196.138946533, 196.684616089, 197.230285645, 197.787567139, 198.333236694, 198.87890625, 199.436187744, 199.9818573, 200.527526855, 201.08480835, 201.642089844, 202.176147461, 202.733413696, 203.29069519, 203.847976685, 204.39364624, 204.939315796, 205.49659729, 206.053878784, 206.587936401, 207.145217896, 207.702484131, 208.259765625, 208.793823242, 209.351104736, 209.90838623, 210.465667725, 210.999725342, 211.557006836, 212.11428833, 212.671554565, 213.205612183, 213.762893677, 214.320175171, 214.877456665, 215.411514282, 215.968795776, 216.526077271, 217.083358765, 217.617416382, 218.174682617, 218.731964111, 219.277633667, 219.823303223, 220.380584717, 220.937866211, 221.483535767, 222.029205322, 222.586486816, 223.143753052, 223.689422607, 224.235092163, 224.792373657, 225.349655151, 225.883712769, 226.440994263, 226.998275757, 227.543945312, 228.089614868, 228.646896362, 229.204162598, 229.749832153, 230.295501709, 230.841171265, 231.398452759, 231.944122314, 232.501403809, 233.058685303, 233.615966797, 234.196456909, 234.788574219, 235.392288208, 236.007614136, 236.611328125, 237.168609619, 237.725891113, 238.283172607, 238.840454102, 239.386123657, 239.931793213, 240.489059448, 241.046340942, 241.592010498, 242.137680054, 242.694961548, 243.252243042, 243.786300659, 244.343582153, 244.889251709, 245.446533203, 245.9921875, 246.549468994, 247.106750488, 247.652420044, 248.1980896, 248.743759155, 249.289428711, 249.846710205, 250.403991699, 250.949661255, 251.495330811, 252.052597046, 252.60987854, 253.155548096, 253.701217651, 254.258499146, 254.81578064, 255.373062134, 255.918731689, 256.464385986, 257.02166748, 257.567352295, 258.113006592, 258.670288086, 259.2159729, 259.761627197, 260.318908691, 260.876190186, 261.43347168, 261.979125977, 262.524810791, 263.082092285, 263.639373779, 264.196624756, 264.730712891, 265.287963867, 265.833648682, 266.379302979, 266.936584473, 267.493865967, 268.039550781, 268.585205078, 269.142486572, 269.699768066, 270.245422363, 270.791107178, 271.348388672, 271.905670166, 272.46295166, 273.008605957, 273.554290771, 274.134765625, 274.738494873, 275.330596924, 275.922729492, 276.514831543, 277.106933594, 277.687438965, 278.244720459, 278.802001953, 279.33605957, 279.893341064, 280.450592041, 281.007873535, 281.541931152, 282.099212646, 282.656494141, 283.213775635, 283.747833252, 284.305114746, 284.86239624, 285.408081055, 285.953735352, 286.511016846, 287.06829834, 287.613952637, 288.159637451, 288.716918945, 289.262573242, 289.808258057, 290.365539551, 290.922821045, 291.468475342, 292.014129639, 292.571411133, 293.117095947, 293.662750244, 294.220031738, 294.777313232, 295.322998047, 295.868652344, 296.425933838, 296.971618652, 297.517272949, 298.074554443, 298.631835938, 299.165893555, 299.723175049, 300.280456543, 300.837738037, 301.371795654, 301.929077148, 302.486358643, 303.043609619, 303.589294434, 304.13494873, 304.692230225, 305.249511719, 305.795196533, 306.34085083, 306.898132324, 307.443817139, 307.989471436, 308.54675293, 309.104034424, 309.661315918, 310.195373535, 310.752655029, 311.309936523, 311.85559082, 312.401275635, 312.958557129, 313.515808105, 314.06149292, 314.607147217, 315.164428711, 315.721710205, 316.26739502, 316.813049316, 317.370330811, 317.927612305, 318.473297119, 319.018951416, 319.57623291, 320.121887207, 320.667572021, 321.224853516, 321.78213501, 322.327789307, 322.873474121, 323.430755615, 323.988006592, 324.533691406, 325.079345703, 325.625030518, 326.182312012, 326.727966309, 327.285247803, 327.830932617, 328.376586914, 328.933868408, 329.491149902, 330.036804199, 330.582489014, 331.139770508, 331.697052002, 332.242706299, 332.788391113, 333.345672607, 333.891326904, 334.437011719, 334.994293213, 335.551544189, 336.108825684, 336.654510498, 337.200164795, 337.757446289, 338.303131104, 338.8487854, 339.406066895, 339.963348389, 340.509033203, 341.0546875, 341.611968994, 342.169250488, 342.714904785, 343.2605896, 343.817871094, 344.375152588, 344.920806885, 345.466491699, 346.023742676, 346.58102417, 347.126708984, 347.672363281, 348.229644775, 348.78692627, 349.332611084, 349.878265381, 350.435546875, 350.992828369, 351.538482666, 352.08416748, 352.641448975, 353.187103271, 353.732788086, 354.29006958, 354.847351074, 355.393005371, 355.938690186, 356.49597168, 357.053222656, 357.61050415, 358.167785645, 358.725067139, 359.282348633, 359.839630127, 360.396911621], "beats_loudness": {"dmean2": 0.146946832538, "median": 0.283801674843, "min": 0, "dvar2": 0.0169653408229, "dvar": 0.00606752047315, "dmean": 0.0880161374807, "max": 0.483778476715, "var": 0.019430687651, "mean": 0.267739742994}, "danceability": 2.10947680473, "bpm_histogram_second_peak_weight": {"dmean2": 0, "median": 0.0153609830886, "min": 0.0153609830886, "dvar2": 0, "dvar": 0, "dmean": 0, "max": 0.0153609830886, "var": 0, "mean": 0.0153609830886}, "beats_count": 652, "bpm_histogram_second_peak_bpm": {"dmean2": 0, "median": 101, "min": 101, "dvar2": 0, "dvar": 0, "dmean": 0, "max": 101, "var": 0, "mean": 101}, "bpm_histogram_first_peak_spread": {"dmean2": 0, "median": 0.469745218754, "min": 0.469745218754, "dvar2": 0, "dvar": 0, "dmean": 0, "max": 0.469745218754, "var": 0, "mean": 0.469745218754}, "beats_loudness_band_ratio": {"dmean2": [0.0867692828178, 0.0320386253297, 0.0170751381665, 0.0167316067964, 0.0136702507734, 0.0487349182367], "median": [0.984032273293, 0.00861134845763, 0.00245262985118, 0.00324823381379, 0.00161774910521, 0.000673942558933], "min": [0, 0, 0, 0, 0, 0], "dvar2": [0.0529093407094, 0.00295165088028, 0.00327242328785, 0.00185352470726, 0.00205785618164, 0.0304238572717], "dvar": [0.0207730606198, 0.00105873355642, 0.00110554369166, 0.00071627512807, 0.000762822397519, 0.0114816781133], "dmean": [0.0467314273119, 0.0184769593179, 0.00979613140225, 0.00898960977793, 0.00778317917138, 0.0268763825297], "max": [0.999602138996, 0.388745188713, 0.409447818995, 0.480460882187, 0.300060927868, 0.984072327614], "var": [0.0580592229962, 0.00112168188207, 0.00101132132113, 0.000584528024774, 0.000567010603845, 0.0326268076897], "mean": [0.902750790119, 0.0192871503532, 0.0100664226338, 0.00754912430421, 0.00636420072988, 0.05245834589]}}, "lowlevel": {"barkbands_spread": {"dmean2": 10.7546977997, "median": 10.8091421127, "min": 0.070530846715, "dvar2": 386.831604004, "dvar": 165.764266968, "dmean": 6.98836421967, "max": 114.697433472, "var": 288.725219727, "mean": 15.6021947861}, "melbands_spread": {"dmean2": 16.6928424835, "median": 10.1784534454, "min": 0.0794297084212, "dvar2": 1417.11206055, "dvar": 662.492370605, "dmean": 11.0041856766, "max": 270.896026611, "var": 1094.50280762, "mean": 20.6169090271}, "hfc": {"dmean2": 27.1175518036, "median": 7.14534473419, "min": 1.08109766438e-16, "dvar2": 5428.43701172, "dvar": 2056.25415039, "dmean": 16.7007808685, "max": 594.544921875, "var": 1579.10009766, "mean": 19.1712474823}, "barkbands_kurtosis": {"dmean2": 32.5342979431, "median": 6.98965930939, "min": -1.9185436964, "dvar2": 4618.63671875, "dvar": 2180.24487305, "dmean": 23.5781021118, "max": 818.892456055, "var": 5135.66601562, "mean": 39.4066200256}, "gfcc": {"mean": [-47.8427505493, 90.3906478882, -82.8626174927, 21.4875984192, -43.1015472412, 27.724603653, -29.615858078, 5.54482316971, -13.7326450348, 3.15350985527, -5.67110919952, 0.857453405857, -7.86716222763], "icov": [[8.7782391347e-05, -2.2177808205e-05, 8.96336714504e-05, -0.000274517835351, 0.000131043314468, -0.000241627902142, 0.000397713622078, -0.000281675776932, 8.56609040056e-05, 0.000138480623718, -0.000264752423391, 0.000265947863227, 0.000170357219758], [-2.2177808205e-05, 0.000692943984177, 0.000274526537396, 0.000444264529506, -0.000351746828528, -8.11475620139e-05, -0.000811341276858, -5.93466866121e-05, -0.000157644739375, 0.000202407638426, 5.90587769693e-05, 9.71746339928e-05, -0.000383409700589], [8.96336714504e-05, 0.000274526537396, 0.00276499893516, -0.00150587817188, 0.000241102097789, 0.000309621624183, -0.00104563497007, -0.000279309810139, -0.00121222739108, 0.0007964593824, -0.00245467037894, 0.00222674640827, -0.000230362449656], [-0.000274517835351, 0.000444264529506, -0.00150587817188, 0.00620590755716, -0.00197360105813, -0.000674117181916, -0.000661112309899, -0.00257175671868, 0.00208078697324, -0.00162352365442, 0.0016063748626, -0.00114928744733, -0.00259462557733], [0.000131043314468, -0.000351746828528, 0.000241102097789, -0.00197360105813, 0.00334013719112, 0.000355255266186, -0.000107788713649, -0.000717350339983, -0.00153708085418, 0.00142716604751, -0.00215121917427, 0.000699749973137, 0.00157783052418], [-0.000241627902142, -8.11475620139e-05, 0.000309621624183, -0.000674117181916, 0.000355255266186, 0.00733295129612, -0.0058457320556, 0.00370939215645, -0.00229687057436, -0.000383251055609, -9.9492710433e-05, -0.000863466353621, 6.01903702773e-05], [0.000397713622078, -0.000811341276858, -0.00104563497007, -0.000661112309899, -0.000107788713649, -0.0058457320556, 0.0139325596392, -0.00731567572802, 0.00348896160722, 0.00331225967966, -0.00659326044843, 0.00755603890866, -0.00479601090774], [-0.000281675776932, -5.93466866121e-05, -0.000279309810139, -0.00257175671868, -0.000717350339983, 0.00370939215645, -0.00731567572802, 0.0152044575661, -0.00699382647872, -0.00196301448159, 0.00924768298864, -0.0117219341919, 0.00555842509493], [8.56609040056e-05, -0.000157644739375, -0.00121222739108, 0.00208078697324, -0.00153708085418, -0.00229687057436, 0.00348896160722, -0.00699382647872, 0.013181315735, -0.000404948805226, -0.00608831318095, 0.0068097859621, -0.00413705455139], [0.000138480623718, 0.000202407638426, 0.0007964593824, -0.00162352365442, 0.00142716604751, -0.000383251055609, 0.00331225967966, -0.00196301448159, -0.000404948805226, 0.0104285543784, -0.00589654408395, 0.00362465856597, -0.00150022318121], [-0.000264752423391, 5.90587769693e-05, -0.00245467037894, 0.0016063748626, -0.00215121917427, -9.9492710433e-05, -0.00659326044843, 0.00924768298864, -0.00608831318095, -0.00589654408395, 0.0245932228863, -0.0173041764647, 0.00435804761946], [0.000265947863227, 9.71746339928e-05, 0.00222674640827, -0.00114928744733, 0.000699749973137, -0.000863466353621, 0.00755603890866, -0.0117219341919, 0.0068097859621, 0.00362465856597, -0.0173041764647, 0.027024589479, -0.00820908229798], [0.000170357219758, -0.000383409700589, -0.000230362449656, -0.00259462557733, 0.00157783052418, 6.01903702773e-05, -0.00479601090774, 0.00555842509493, -0.00413705455139, -0.00150022318121, 0.00435804761946, -0.00820908229798, 0.0179919973016]], "cov": [[18156.5605469, -666.193969727, -679.526977539, 614.431030273, -444.52355957, 30.0818023682, -596.362243652, 258.831878662, -228.350280762, 60.1567802429, -156.303039551, 58.9221611023, -289.001098633], [-666.193969727, 2218.72680664, 109.344192505, 8.90767478943, 397.420043945, 299.250671387, 410.673339844, 94.7238388062, 157.322891235, -121.447463989, 83.1231994629, -25.8706378937, 94.7368011475], [-679.526977539, 109.344192505, 874.145812988, 322.060180664, 341.799133301, 206.805633545, 330.697021484, 142.884979248, 198.528411865, -21.3584022522, 142.850494385, -15.5787286758, 81.9024353027], [614.431030273, 8.90767478943, 322.060180664, 455.799285889, 288.534240723, 109.658912659, 171.350967407, 181.534576416, 77.0960693359, 8.88165092468, 55.6623458862, 44.9504623413, 53.6436157227], [-444.52355957, 397.420043945, 341.799133301, 288.534240723, 695.676269531, 129.116638184, 248.800765991, 185.695663452, 174.63444519, -52.4890632629, 113.309104919, 28.0259799957, 27.2961044312], [30.0818023682, 299.250671387, 206.805633545, 109.658912659, 129.116638184, 346.909973145, 243.735244751, 17.2376346588, 89.5992126465, -21.0329170227, 78.8020324707, -16.5609054565, 63.9208068848], [-596.362243652, 410.673339844, 330.697021484, 171.350967407, 248.800765991, 243.735244751, 365.28213501, 108.602416992, 114.843849182, -49.0809707642, 89.9169235229, -9.51006603241, 80.7235031128], [258.831878662, 94.7238388062, 142.884979248, 181.534576416, 185.695663452, 17.2376346588, 108.602416992, 221.907424927, 83.1870651245, -7.41343975067, 19.0902328491, 49.3899345398, 8.04802131653], [-228.350280762, 157.322891235, 198.528411865, 77.0960693359, 174.63444519, 89.5992126465, 114.843849182, 83.1870651245, 176.510543823, 4.05371999741, 63.4634513855, -3.6384267807, 32.3658485413], [60.1567802429, -121.447463989, -21.3584022522, 8.88165092468, -52.4890632629, -21.0329170227, -49.0809707642, -7.41343975067, 4.05371999741, 130.551177979, 21.493221283, 9.17559719086, 2.5284705162], [-156.303039551, 83.1231994629, 142.850494385, 55.6623458862, 113.309104919, 78.8020324707, 89.9169235229, 19.0902328491, 63.4634513855, 21.493221283, 122.353462219, 42.2291603088, 26.9936695099], [58.9221611023, -25.8706378937, -15.5787286758, 44.9504623413, 28.0259799957, -16.5609054565, -9.51006603241, 49.3899345398, -3.6384267807, 9.17559719086, 42.2291603088, 94.697517395, 17.8843975067], [-289.001098633, 94.7368011475, 81.9024353027, 53.6436157227, 27.2961044312, 63.9208068848, 80.7235031128, 8.04802131653, 32.3658485413, 2.5284705162, 26.9936695099, 17.8843975067, 94.8186340332]]}, "spectral_energyband_middle_low": {"dmean2": 0.00899037346244, "median": 0.00330954557285, "min": 1.6942377021e-22, "dvar2": 0.000434495566878, "dvar": 0.000174548928044, "dmean": 0.00539134582505, "max": 0.105907395482, "var": 0.000144499543239, "mean": 0.00649845600128}, "melbands_crest": {"dmean2": 6.18701314926, "median": 19.5564155579, "min": 1.45464372635, "dvar2": 40.2937812805, "dvar": 20.0388774872, "dmean": 4.29263782501, "max": 39.7073059082, "var": 108.175048828, "mean": 20.284532547}, "spectral_kurtosis": {"dmean2": 2.98775839806, "median": 5.40023756027, "min": -1.26139497757, "dvar2": 16.9324588776, "dvar": 7.46072292328, "dmean": 1.91318368912, "max": 77.123626709, "var": 24.7194519043, "mean": 6.20978832245}, "spectral_rms": {"dmean2": 0.00262792501599, "median": 0.004596774932, "min": 3.09940397999e-12, "dvar2": 1.38155673994e-05, "dvar": 8.722568964e-06, "dmean": 0.00202950509265, "max": 0.0260610207915, "var": 3.04425957438e-05, "mean": 0.00678286654875}, "zerocrossingrate": {"dmean2": 0.0179158635437, "median": 0.0322265625, "min": 0, "dvar2": 0.000858699146193, "dvar": 0.000701024313457, "dmean": 0.0162821561098, "max": 0.52734375, "var": 0.00446037622169, "mean": 0.051229018718}, "silence_rate_60dB": {"dmean2": 0.0530039891601, "median": 0, "min": 0, "dvar2": 0.0554671622813, "dvar": 0.0257976409048, "dmean": 0.0265002902597, "max": 1, "var": 0.0706805214286, "mean": 0.0765371769667}, "erbbands_kurtosis": {"dmean2": 2.32823395729, "median": 0.325210094452, "min": -1.79122209549, "dvar2": 15.5584964752, "dvar": 6.18880271912, "dmean": 1.43294966221, "max": 70.3311691284, "var": 9.15814590454, "mean": 0.992854058743}, "erbbands": {"dmean2": [1.93306207657, 11.5830307007, 22.2158679962, 18.6150894165, 12.9199972153, 6.41448354721, 3.74446558952, 5.37201595306, 7.99885511398, 15.2362213135, 17.3867435455, 9.25500011444, 8.47955417633, 22.6245632172, 21.324886322, 9.61167049408, 11.7232427597, 8.24973678589, 10.4077157974, 10.673573494, 21.1412944794, 49.0504493713, 8.04986667633, 5.62490987778, 7.10242509842, 5.47111845016, 9.15116214752, 13.1226797104, 7.36470651627, 7.72870397568, 5.45680427551, 7.86055088043, 11.1967830658, 14.7473468781, 2.49385166168, 0.4391669631, 0.172682449222, 0.0504945330322, 0.00578421540558, 0.000202107446967], "median": [0.286993652582, 1.00205349922, 0.575075387955, 0.825798273087, 2.77924919128, 2.18056702614, 1.44383263588, 4.05848646164, 4.66372299194, 2.78797769547, 5.01057481766, 3.07423114777, 1.805580616, 4.60690116882, 6.35996866226, 9.07561302185, 3.62155723572, 6.15599346161, 4.17718887329, 2.44344329834, 2.16318702698, 2.42983913422, 0.940886855125, 1.0217590332, 1.09818148613, 0.665850877762, 0.436787068844, 0.375539690256, 0.539071679115, 0.544779419899, 0.455646216869, 0.437358736992, 0.303896158934, 0.183187812567, 0.0827673822641, 0.0252687372267, 0.0105515327305, 0.00490340217948, 0.000630827038549, 7.62812123867e-05], "min": [4.28879124817e-23, 5.93383495314e-22, 1.28217932584e-21, 7.10988312898e-21, 1.22256721002e-20, 1.88463651385e-20, 2.08349735702e-20, 5.7248821228e-20, 1.12527298237e-19, 1.23428427186e-19, 2.00091086918e-19, 3.30988282952e-19, 3.93540042764e-19, 7.01191440985e-19, 9.82835014127e-19, 6.03416883124e-19, 1.78976428073e-18, 1.60239608466e-18, 2.63955546174e-18, 3.02944166679e-18, 3.63026368433e-18, 4.66857346284e-18, 5.26019454364e-18, 6.43398533955e-18, 7.26134296875e-18, 5.20906526921e-18, 8.79713943358e-18, 1.08051137531e-17, 9.57881684063e-18, 1.13138910412e-17, 1.11655543963e-17, 1.00867644666e-17, 9.1140298447e-18, 7.61277230636e-18, 6.05203303734e-18, 3.88495673084e-18, 2.4104760629e-18, 9.65250601871e-19, 2.52281840872e-19, 2.69823472381e-20], "dvar2": [14.3087739944, 583.01385498, 2895.5703125, 2296.36352539, 779.131286621, 143.050827026, 37.1530952454, 44.9596481323, 146.111526489, 1355.06713867, 1842.07104492, 435.028106689, 431.548675537, 7598.94433594, 4033.46850586, 302.769775391, 1169.48535156, 131.523925781, 300.307525635, 676.105773926, 4142.78173828, 46348.7460938, 449.962249756, 348.255889893, 316.693847656, 259.30291748, 920.449462891, 2231.02734375, 617.724365234, 648.631713867, 281.822235107, 582.629211426, 1984.69775391, 3993.91430664, 90.6279602051, 2.45602297783, 0.383075416088, 0.031461942941, 0.000351485825377, 2.69966960786e-07], "dvar": [5.35250329971, 277.848632812, 1227.05725098, 985.254394531, 298.601806641, 52.9449768066, 15.7988586426, 19.4703464508, 54.7868804932, 480.46572876, 643.655151367, 156.30140686, 158.046295166, 2621.58349609, 1402.33654785, 121.943519592, 535.03704834, 55.7524642944, 124.102836609, 246.335174561, 1465.56054688, 16158.0449219, 161.013092041, 116.891685486, 110.706771851, 97.6466140747, 368.526824951, 896.534912109, 255.246459961, 270.285705566, 117.010505676, 243.212738037, 744.101135254, 1401.99682617, 33.4682731628, 0.916408538818, 0.140441566706, 0.0113894604146, 0.000125908394693, 9.89277282315e-08], "dmean": [1.26859176159, 7.91796922684, 13.570649147, 11.1918745041, 7.4651927948, 3.8065302372, 2.24817013741, 3.69961071014, 4.90302038193, 8.46699619293, 9.68588256836, 5.31370353699, 4.89400911331, 12.5710926056, 11.8668909073, 6.02285814285, 7.46258687973, 5.34334850311, 6.2452082634, 6.08836174011, 11.8039083481, 26.2790737152, 4.5130648613, 3.18103933334, 4.17947721481, 3.25644469261, 5.5212597847, 8.21314334869, 4.77663707733, 4.81466150284, 3.33858680725, 4.79843044281, 6.55672836304, 7.99135971069, 1.42864584923, 0.251298159361, 0.0982507094741, 0.0288515072316, 0.00330993323587, 0.000123239529785], "max": [27.1305599213, 128.08354187, 281.601013184, 263.524230957, 165.545791626, 90.785774231, 55.159992218, 71.9382629395, 83.1374588013, 178.364334106, 220.002502441, 224.422332764, 142.529983521, 773.455078125, 563.699523926, 147.528488159, 361.264221191, 115.916061401, 188.201644897, 149.246002197, 373.160400391, 1855.39599609, 125.537742615, 164.920898438, 131.977279663, 157.309799194, 248.458023071, 392.745239258, 214.212493896, 187.731307983, 121.679092407, 183.303421021, 369.30871582, 511.209533691, 74.9350738525, 12.5500020981, 4.8991689682, 1.45523405075, 0.172907590866, 0.00497417338192], "var": [8.54068470001, 459.840148926, 1336.81921387, 906.365722656, 234.861358643, 53.2737426758, 25.2729740143, 94.7078781128, 74.0749435425, 327.307220459, 424.446502686, 172.741607666, 144.992599487, 1543.86413574, 952.307434082, 279.786468506, 752.649719238, 141.93031311, 329.830993652, 198.240722656, 972.374511719, 9085.859375, 134.42640686, 108.568138123, 117.999481201, 89.9150924683, 300.890655518, 758.38470459, 238.463653564, 238.225189209, 102.977912903, 215.421676636, 522.028747559, 815.901855469, 22.3081684113, 0.62248891592, 0.0921802148223, 0.0079235965386, 0.000117965886602, 9.87282149367e-08], "mean": [1.98439109325, 10.6680088043, 13.370475769, 10.0106639862, 7.32653141022, 4.72626781464, 3.13027787209, 7.73944616318, 7.24086427689, 8.23553657532, 11.2081604004, 7.47384548187, 6.682762146, 12.5929775238, 14.923871994, 13.4681415558, 10.103811264, 10.4297399521, 12.2796220779, 6.73149442673, 11.5247898102, 18.1332855225, 5.03276395798, 3.95977020264, 4.84387207031, 3.4954969883, 4.68442392349, 6.8615026474, 4.5220208168, 4.6311211586, 3.14579749107, 4.36173200607, 5.17806243896, 5.06895971298, 1.03000688553, 0.187846422195, 0.0746526196599, 0.0271881390363, 0.00406864238903, 0.000179197828402]}, "spectral_strongpeak": {"dmean2": 1.25863933563, "median": 0.41072332859, "min": 0, "dvar2": 14.6982536316, "dvar": 5.219165802, "dmean": 0.71161544323, "max": 23.9048557281, "var": 3.25207018852, "mean": 0.83039855957}, "spectral_energy": {"dmean2": 0.0578458569944, "median": 0.0216585993767, "min": 9.84646316718e-21, "dvar2": 0.0108075365424, "dvar": 0.0061098835431, "dmean": 0.042719475925, "max": 0.696156203747, "var": 0.0136280944571, "mean": 0.0783604085445}, "average_loudness": 0.929820597172, "spectral_rolloff": {"dmean2": 1082.49768066, "median": 452.197265625, "min": 21.533203125, "dvar2": 5847739, "dvar": 2846166.25, "dmean": 656.735534668, "max": 19659.8144531, "var": 7007207, "mean": 1358.55529785}, "spectral_centroid": {"dmean2": 508.037811279, "median": 841.996459961, "min": 66.5051422119, "dvar2": 672105.6875, "dvar": 336937.40625, "dmean": 354.610168457, "max": 11786.5214844, "var": 1599319.75, "mean": 1148.74682617}, "pitch_salience": {"dmean2": 0.140070900321, "median": 0.432954490185, "min": 0.0172798857093, "dvar2": 0.0173769574612, "dvar": 0.00887851789594, "dmean": 0.0939353480935, "max": 0.821104586124, "var": 0.041923802346, "mean": 0.401603341103}, "spectral_energyband_middle_high": {"dmean2": 0.00278250384144, "median": 0.00127245369367, "min": 1.16292294402e-21, "dvar2": 3.759804531e-05, "dvar": 1.36176768137e-05, "dmean": 0.00158892304171, "max": 0.0362859629095, "var": 1.06069946924e-05, "mean": 0.00221405201592}, "spectral_contrast_coeffs": {"dmean2": [0.0844927877188, 0.0699987486005, 0.0657130926847, 0.0541817136109, 0.0413177497685, 0.0246413256973], "median": [-0.667446672916, -0.763587594032, -0.744040548801, -0.769950389862, -0.812826752663, -0.804880619049], "min": [-0.983120322227, -0.983598649502, -0.978419363499, -0.974409043789, -0.968544840813, -0.966342329979], "dvar2": [0.00473325653002, 0.00318237044849, 0.00303337187506, 0.00186464108992, 0.0018855597591, 0.000531435536686], "dvar": [0.00198706006631, 0.00117047701497, 0.0013139420189, 0.000788241100963, 0.00077862420585, 0.000248363969149], "dmean": [0.053871113807, 0.0423129163682, 0.0396651625633, 0.0337537527084, 0.0259399581701, 0.0157532952726], "max": [-0.314240276814, -0.504385232925, -0.510916531086, -0.557388365269, -0.614164710045, -0.683465003967], "var": [0.0090563017875, 0.00498021161184, 0.00467086443678, 0.00284132431261, 0.00182121025864, 0.0011821584776], "mean": [-0.666417837143, -0.756224691868, -0.744381427765, -0.769705951214, -0.807368278503, -0.801071226597]}, "melbands_skewness": {"dmean2": 2.12334442139, "median": 3.60208177567, "min": -2.40391016006, "dvar2": 6.05356645584, "dvar": 3.29039812088, "dmean": 1.6375515461, "max": 27.2175064087, "var": 19.3137054443, "mean": 5.07762002945}, "spectral_spread": {"dmean2": 870225.5625, "median": 4832296.5, "min": 1077816.125, "dvar2": 1755234304000.0, "dvar": 883305676800, "dmean": 578469.9375, "max": 42952844, "var": 14362938966000.0, "mean": 5444567.5}, "dissonance": {"dmean2": 0.0427304133773, "median": 0.460406661034, "min": 0.239939510822, "dvar2": 0.00158168410417, "dvar": 0.000596830679569, "dmean": 0.0255266558379, "max": 0.500000059605, "var": 0.00166058400646, "mean": 0.448563098907}, "spectral_skewness": {"dmean2": 0.413481205702, "median": 1.92384910583, "min": -0.0932868123055, "dvar2": 0.241659849882, "dvar": 0.120264157653, "dmean": 0.282220363617, "max": 7.52012681961, "var": 0.521274626255, "mean": 1.96741294861}, "spectral_flux": {"dmean2": 0.0890263468027, "median": 0.0674311891198, "min": 6.34503630192e-11, "dvar2": 0.0168282072991, "dvar": 0.00817331299186, "dmean": 0.0615219324827, "max": 0.696229159832, "var": 0.0184565931559, "mean": 0.128780841827}, "spectral_contrast_valleys": {"dmean2": [0.78012740612, 0.638011217117, 0.734819173813, 0.612732827663, 0.621803343296, 0.537580251694], "median": [-7.11773681641, -7.03854942322, -7.98677015305, -8.38444900513, -8.25887680054, -10.3243522644], "min": [-28.3409862518, -28.2459220886, -28.1621417999, -27.7261142731, -27.4926757812, -27.3916091919], "dvar2": [0.580879986286, 0.433330416679, 0.562424123287, 0.443628758192, 0.649703502655, 0.559844195843], "dvar": [0.334419518709, 0.194631710649, 0.256257086992, 0.21892362833, 0.300995796919, 0.30677819252], "dmean": [0.508046746254, 0.408233731985, 0.472790211439, 0.406331330538, 0.406507074833, 0.39653006196], "max": [-4.71736001968, -4.54661607742, -5.09834194183, -6.00242996216, -5.51194667816, -7.30605602264], "var": [5.13863706589, 4.41655492783, 4.23101663589, 4.15744018555, 4.2325425148, 3.8196413517], "mean": [-7.45288515091, -7.31366872787, -8.1403131485, -8.63681221008, -8.58059597015, -10.6216592789]}, "erbbands_flatness_db": {"dmean2": 0.0258965976536, "median": 0.138063341379, "min": 0.029399048537, "dvar2": 0.00075623736484, "dvar": 0.000344912317814, "dmean": 0.0171811915934, "max": 0.334466934204, "var": 0.00207923329435, "mean": 0.145903140306}, "spectral_energyband_high": {"dmean2": 0.0022651986219, "median": 0.000112040390377, "min": 7.0328688981e-21, "dvar2": 7.00299642631e-05, "dvar": 2.66773295152e-05, "dmean": 0.00134211650584, "max": 0.0686463192105, "var": 1.95727952814e-05, "mean": 0.00109941477422}, "spectral_entropy": {"dmean2": 0.343363910913, "median": 7.44942474365, "min": 4.68315267563, "dvar2": 0.142013415694, "dvar": 0.0754891335964, "dmean": 0.240923374891, "max": 9.82178974152, "var": 0.408616453409, "mean": 7.36080360413}, "silence_rate_20dB": {"dmean2": 0.141772806644, "median": 1, "min": 0, "dvar2": 0.144577115774, "dvar": 0.0658512189984, "dmean": 0.0708818435669, "max": 1, "var": 0.0565694011748, "mean": 0.939799308777}, "melbands_flatness_db": {"dmean2": 0.0604462400079, "median": 0.262964785099, "min": 0.003099375