{"tonal": {"thpcp": [1, 0.861804962158, 0.47439879179, 0.326316863298, 0.197946459055, 0.154948234558, 0.191195085645, 0.153911873698, 0.182533696294, 0.363464087248, 0.419530272484, 0.37530040741, 0.366977989674, 0.28486174345, 0.260548114777, 0.331089049578, 0.27471280098, 0.200735569, 0.25666052103, 0.30290594697, 0.334170430899, 0.419356912374, 0.411136984825, 0.343993574381, 0.345219880342, 0.307256549597, 0.234194725752, 0.194564774632, 0.183643564582, 0.278498262167, 0.415709555149, 0.455092400312, 0.478155195713, 0.494522124529, 0.414797514677, 0.592907786369], "hpcp": {"dmean2": [0.209485352039, 0.186053186655, 0.153764754534, 0.170395299792, 0.182885751128, 0.194080457091, 0.204337701201, 0.219336509705, 0.231593817472, 0.21319231391, 0.187835678458, 0.167569220066, 0.147737503052, 0.153534561396, 0.204228058457, 0.249630495906, 0.270262777805, 0.307674914598, 0.354128032923, 0.315171658993, 0.303889125586, 0.337101578712, 0.300174742937, 0.290005624294, 0.244326859713, 0.146476730704, 0.0988237112761, 0.0943998470902, 0.0913237482309, 0.129013583064, 0.216354042292, 0.264250814915, 0.265332937241, 0.242025345564, 0.209268659353, 0.191130131483], "median": [0.0148504702374, 0.0122010055929, 0.005953527987, 0.00473922304809, 0.00566229317337, 0.0240257810801, 0.0417808257043, 0.0390604957938, 0.0176821518689, 0.00824883300811, 0.00499937497079, 0.00525798182935, 0.00352148874663, 0.00485481182113, 0.0171848442405, 0.0307774245739, 0.0212936792523, 0.00899127032608, 0.00823709275573, 0.0116781089455, 0.0594471283257, 0.124049730599, 0.0959377735853, 0.0203636959195, 0.00609593931586, 0.00356234493665, 0.00500938342884, 0.00561632821336, 0.00513891410083, 0.00497633172199, 0.00739421090111, 0.010656802915, 0.0168157797307, 0.0147006502375, 0.0101656727493, 0.0127424122766], "min": [0, 0, 0, 0, 0, 0, 0, 0, 0, 0, 0, 0, 0, 0, 0, 0, 0, 0, 0, 0, 0, 0, 0, 0, 0, 0, 0, 0, 0, 0, 0, 0, 0, 0, 0, 0], "dvar2": [0.136836007237, 0.120663687587, 0.106147542596, 0.117598563433, 0.113412328064, 0.107883043587, 0.0990965142846, 0.109418459237, 0.131168738008, 0.128336727619, 0.124483115971, 0.122102789581, 0.097833789885, 0.112137712538, 0.149726778269, 0.156518384814, 0.167138978839, 0.198335528374, 0.24311093986, 0.217217996716, 0.163451135159, 0.165775492787, 0.146723538637, 0.172145441175, 0.155366197228, 0.0944970324636, 0.0555094704032, 0.0517535060644, 0.0460651963949, 0.0657082945108, 0.12804427743, 0.174230232835, 0.172404140234, 0.146737769246, 0.136675238609, 0.120049111545], "dvar": [0.0515739619732, 0.0438245870173, 0.0381838940084, 0.0416567958891, 0.042383685708, 0.040447678417, 0.0381311140954, 0.0419173017144, 0.0487424097955, 0.04605910182, 0.0443085171282, 0.0439434088767, 0.0355212800205, 0.0386884771287, 0.0500376373529, 0.055668849498, 0.0654556006193, 0.0788729265332, 0.0928134024143, 0.0783049687743, 0.0596090182662, 0.0653266087174, 0.0576888993382, 0.061710011214, 0.0561104528606, 0.0335064902902, 0.0194337870926, 0.0199045296758, 0.0172976441681, 0.0244789030403, 0.050200548023, 0.0655722469091, 0.0627804920077, 0.0530464313924, 0.0485606975853, 0.0438218154013], "dmean": [0.114875480533, 0.101973228157, 0.0833204984665, 0.0930129736662, 0.100590489805, 0.109568178654, 0.117404386401, 0.125831842422, 0.128159850836, 0.117191001773, 0.103031396866, 0.0908054634929, 0.0798995196819, 0.0814931988716, 0.109779462218, 0.138448834419, 0.150931358337, 0.169969707727, 0.194634184241, 0.170163914561, 0.169186905026, 0.194698646665, 0.171271115541, 0.157835483551, 0.130503460765, 0.0782061740756, 0.0539965182543, 0.0537957288325, 0.0509803518653, 0.0705212950706, 0.121783748269, 0.145976990461, 0.144883394241, 0.13130004704, 0.112688392401, 0.103782847524], "max": [1, 1, 1, 1, 1, 1, 1, 1, 1, 1, 1, 1, 1, 1, 1, 1, 1, 1, 1, 1, 1, 1, 1, 1, 1, 1, 1, 1, 1, 1, 1, 1, 1, 1, 1, 1], "var": [0.049174439162, 0.036987002939, 0.0292862150818, 0.0383072160184, 0.0477044060826, 0.039941046387, 0.0464426539838, 0.0462935864925, 0.0452499873936, 0.0495732352138, 0.0472078509629, 0.0372967757285, 0.0283004008234, 0.0265767853707, 0.0355557762086, 0.0537510737777, 0.0679133981466, 0.0819279104471, 0.0843873918056, 0.065037868917, 0.0656018853188, 0.13043358922, 0.109625801444, 0.0655579045415, 0.0478418245912, 0.0275315698236, 0.016345160082, 0.0273503419012, 0.0173204112798, 0.0202660858631, 0.0558418892324, 0.0675428211689, 0.0526479557157, 0.0505740009248, 0.0377428494394, 0.0340954214334], "mean": [0.10296946764, 0.085436321795, 0.0624292343855, 0.0798220261931, 0.0942044556141, 0.103927791119, 0.130420982838, 0.127864569426, 0.106982812285, 0.107364192605, 0.0955575108528, 0.0728351101279, 0.0605101026595, 0.0571135804057, 0.0866136103868, 0.129286646843, 0.141534805298, 0.148707389832, 0.153797537088, 0.12900300324, 0.184395715594, 0.311002343893, 0.268023371696, 0.147539138794, 0.101485311985, 0.0615618117154, 0.0481892637908, 0.0594621188939, 0.0478669516742, 0.0567684061825, 0.113038182259, 0.130474895239, 0.116719305515, 0.114131011069, 0.0885926708579, 0.0810310766101]}, "tuning_equal_tempered_deviation": 0.114628396928, "chords_changes_rate": 0.0679344236851, "key_key": "A", "tuning_diatonic_strength": 0.419488430023, "key_scale": "minor", "chords_number_rate": 0.00209836056456, "tuning_frequency": 438.477722168, "tuning_nontempered_energy_ratio": 0.738333642483, "chords_histogram": [6.29508209229, 6.8065571785, 11.803278923, 5.25901651382, 4.56393432617, 2.0065574646, 0.0131147541106, 15.8688526154, 8.38032817841, 18.3999996185, 0, 1.29836070538, 0.944262266159, 2.55737709999, 2.03278684616, 0, 0.524590134621, 0.826229512691, 5.54754114151, 1.19344258308, 1.06229507923, 2.79344272614, 0.878688514233, 0.944262266159], "key_strength": 0.621211111546, "chords_key": "E", "chords_strength": {"dmean2": 0.00971332006156, "median": 0.4548176229, "min": 0.205803140998, "dvar2": 7.51803454477e-05, "dvar": 5.51461998839e-05, "dmean": 0.00895994901657, "max": 0.731213867664, "var": 0.00719730323181, "mean": 0.451363891363}, "chords_scale": "major", "hpcp_entropy": {"dmean2": 0.957266032696, "median": 1.91105389595, "min": 0, "dvar2": 0.608928382397, "dvar": 0.223144352436, "dmean": 0.566823124886, "max": 4.49770069122, "var": 0.492595970631, "mean": 1.90921747684}}, "metadata": {"audio_properties": {"equal_loudness": 0, "codec": "vorbis", "downmix": "mix", "sample_rate": 44100, "analysis_sample_rate": 44100, "bit_rate": 320000, "md5_encoded": "92239f57b969a3dfb71885b9548b3d88", "length": 354.030303955, "replay_gain": -12.9513072968, "lossless": false}, "version": {"essentia_build_sha": "cead25079874084f62182a551b7393616cd33d87", "essentia": "2.1-beta2", "extractor": "music 1.0", "essentia_git_sha": "v2.1_beta2-1-ge3940c0"}, "tags": {"title": ["Just a Dream"], "barcode": ["657036105423"], "media": ["CD"], "albumartist": ["Batidos"], "tracktotal": ["9"], "albumartistsort": ["Batidos"], "performer": ["Bill Ware (vibraphone)", "Bill Ware (electric upright bass)", "Bob Appel (guitar)", "Ron Trent (percussion)", "Chucho Vald\u00e9s (rhodes piano)", "Chris Theberge (snare drum)", "Jay Rodriguez (woodwind)", "Barney McAll (keyboard)", "Jay Rodriguez (keyboard)", "Ron Trent (keyboard)", "Jay Rodriguez (vocals)", "Nora Tombalakian (vocals)", "Cristy Dwyer (other vocals)"], "releasetype": ["album"], "musicbrainz_recordingid": ["0c0ce27d-3fbe-4a4a-bd89-4532dd8b0202"], "musicbrainz_releasegroupid": ["8bb5012d-7579-3b63-bbc4-9e9374503517"], "mixer": ["Hugo Dwyer"], "musicbrainz_albumartistid": ["26629c36-b311-4727-aa25-0d8ba6aa0dec"], "musicbrainz_releasetrackid": ["7cfd5b74-d59f-3183-9dc3-9d2f411e2195"], "discnumber": ["1"], "totaldiscs": ["1"], "catalognumber": ["657036 1054-2"], "releasecountry": ["US"], "engineer": ["Ben Grassini", "Hugo Dwyer"], "isrc": ["US6DR0100214"], "originaldate": ["2001"], "producer": ["Bob Appel", "Hugo Dwyer", "Jay Rodriguez", "Ron Trent"], "date": ["2001"], "file_name": "01 Just a Dream.ogg", "disctotal": ["1"], "musicbrainz_artistid": ["26629c36-b311-4727-aa25-0d8ba6aa0dec"], "asin": ["B00005NBYA"], "musicbrainz_albumid": ["5fe20fad-d112-4536-9c31-31a8319f62d0"], "artist": ["Batidos"], "tracknumber": ["1"], "artistsort": ["Batidos"], "album": ["Ol\u00e1jop\u00e9"], "label": ["Six Degrees"], "releasestatus": ["official"], "acoustid_id": ["e008c6fd-6ecb-4bcb-93ff-eb340c36a915"], "script": ["Latn"], "totaltracks": ["9"]}}, "rhythm": {"bpm_histogram_first_peak_bpm": {"dmean2": 0, "median": 120, "min": 120, "dvar2": 0, "dvar": 0, "dmean": 0, "max": 120, "var": 0, "mean": 120}, "bpm": 120.031364441, "bpm_histogram_second_peak_spread": {"dmean2": 0, "median": 0, "min": 0, "dvar2": 0, "dvar": 0, "dmean": 0, "max": 0, "var": 0, "mean": 0}, "bpm_histogram_first_peak_weight": {"dmean2": 0, "median": 0.737960338593, "min": 0.737960338593, "dvar2": 0, "dvar": 0, "dmean": 0, "max": 0.737960338593, "var": 0, "mean": 0.737960338593}, "onset_rate": 7.14030981064, "beats_position": [0.487619042397, 0.986848056316, 1.48607707024, 1.98530614376, 2.48453521729, 2.97215414047, 3.45977306366, 3.94739222527, 4.43501138687, 4.93424034119, 5.4334692955, 5.93269824982, 6.43192720413, 6.93115615845, 7.4303855896, 7.94122457504, 8.42884349823, 8.92807197571, 9.42730140686, 9.93814086914, 10.4373693466, 10.9365987778, 11.4358272552, 11.9350566864, 12.4342851639, 12.933514595, 13.4327430725, 13.9319725037, 14.4312019348, 14.9304304123, 15.4296598434, 15.9288883209, 16.4397277832, 16.9273471832, 17.426574707, 17.9258041382, 18.4250335693, 18.9242630005, 19.4234924316, 19.9227199554, 20.4219493866, 20.9327888489, 21.43201828, 21.9312477112, 22.430475235, 22.9413146973, 23.4405441284, 23.9397735596, 24.4506111145, 24.9614505768, 25.4490699768, 25.9366893768, 26.435918808, 26.9351463318, 27.4343757629, 27.9336051941, 28.4444446564, 28.9436721802, 29.4429016113, 29.9421310425, 30.4413604736, 30.9405899048, 31.4398174286, 31.9390468597, 32.4382743835, 32.9375038147, 33.4367332458, 33.935962677, 34.4351921082, 34.9228096008, 35.4336509705, 35.9328804016, 36.4321098328, 36.9313354492, 37.4305648804, 37.9297943115, 38.4290237427, 38.9282531738, 39.427482605, 39.9267120361, 40.4259414673, 40.9367790222, 41.4360084534, 41.9352378845, 42.4344673157, 42.9336967468, 43.432926178, 43.9321517944, 44.4429931641, 44.9306106567, 45.4298400879, 45.929069519, 46.439907074, 46.9391365051, 47.4383659363, 47.9375953674, 48.4368247986, 48.9360542297, 49.4352836609, 49.934513092, 50.4337387085, 50.9213600159, 51.4321975708, 51.931427002, 52.4306564331, 52.9298858643, 53.4291152954, 53.9399528503, 54.4391822815, 54.9384117126, 55.4376411438, 55.936870575, 56.4244880676, 56.9353294373, 57.4345550537, 57.9337844849, 58.433013916, 58.9322433472, 59.4314727783, 59.9307022095, 60.4415397644, 60.9407691956, 61.4399986267, 61.9392280579, 62.438457489, 62.9376869202, 63.4369163513, 63.9361457825, 64.4353713989, 64.9346008301, 65.4338302612, 65.9446716309, 66.443901062, 66.9431304932, 67.4423599243, 67.9415893555, 68.4292068481, 68.9400405884, 69.4392700195, 69.9384994507, 70.4377288818, 70.936958313, 71.4361877441, 71.9354171753, 72.4346466064, 72.9338760376, 73.4331054688, 73.9323348999, 74.4315643311, 74.9307937622, 75.4300231934, 75.9292526245, 76.4400863647, 76.9509277344, 77.4385452271, 77.9377746582, 78.4370040894, 78.9362335205, 79.4354629517, 79.9463043213, 80.433921814, 80.9331512451, 81.4323806763, 81.9432220459, 82.4424438477, 82.9416732788, 83.44090271, 83.9401321411, 84.4393615723, 84.9385910034, 85.4378204346, 85.9370498657, 86.4478912354, 86.935508728, 87.4347381592, 87.9339675903, 88.44480896, 88.9324264526, 89.4316558838, 89.9308853149, 90.4301147461, 90.9293441772, 91.428565979, 91.9394073486, 92.4386367798, 92.9378662109, 93.4370956421, 93.9479370117, 94.4355545044, 94.9347839355, 95.4340133667, 95.9448471069, 96.432472229, 96.9433059692, 97.4425354004, 97.9417648315, 98.4409942627, 98.9286117554, 99.4278411865, 99.9386825562, 100.437911987, 100.937141418, 101.43637085, 101.935600281, 102.434829712, 102.934059143, 103.433288574, 103.932518005, 104.443351746, 104.930976868, 105.41859436, 105.929428101, 106.417053223, 106.927886963, 107.427116394, 107.926345825, 108.437187195, 108.936416626, 109.435646057, 109.946479797, 110.445709229, 110.933334351, 111.432563782, 111.943397522, 112.431015015, 112.930244446, 113.429473877, 113.940315247, 114.451156616, 114.938774109, 115.43800354, 115.937232971, 116.448066711, 116.935691833, 117.434921265, 117.934150696, 118.421768188, 118.932601929, 119.43183136, 119.931060791, 120.441902161, 120.929519653, 121.428749084, 121.927978516, 122.438819885, 122.926437378, 123.425666809, 123.92489624, 124.43573761, 124.934967041, 125.434196472, 125.945030212, 126.432647705, 126.943489075, 127.442718506, 127.941947937, 128.42956543, 128.92880249, 129.428024292, 129.938858032, 130.438095093, 130.937316895, 131.424942017, 131.935775757, 132.446624756, 132.934234619, 133.43347168, 133.932693481, 134.44354248, 134.931152344, 135.441986084, 135.941223145, 136.440444946, 136.928070068, 137.42729187, 137.926528931, 138.437362671, 138.936599731, 139.435821533, 139.935058594, 140.434280396, 140.945129395, 141.444351196, 141.943572998, 142.43119812, 142.930435181, 143.429656982, 143.928878784, 144.428115845, 144.938949585, 145.449798584, 145.937408447, 146.436645508, 146.93586731, 147.43510437, 147.934326172, 148.445159912, 148.932785034, 149.432022095, 149.931243896, 150.442077637, 150.929702759, 151.440536499, 151.928161621, 152.438995361, 152.938232422, 153.437454224, 153.936691284, 154.435913086, 154.935150146, 155.434371948, 155.92199707, 156.432830811, 156.943664551, 157.442901611, 157.942123413, 158.429748535, 158.940582275, 159.439819336, 159.939041138, 160.438278198, 160.9375, 161.436737061, 161.935958862, 162.446792603, 162.934417725, 163.433654785, 163.932876587, 164.443710327, 164.931335449, 165.430557251, 165.929794312, 166.440628052, 166.928253174, 167.427474976, 167.926712036, 168.437545776, 168.936782837, 169.436004639, 169.935241699, 170.434463501, 170.933700562, 171.432922363, 171.932144165, 172.431381226, 172.942214966, 173.441452026, 173.940673828, 174.451522827, 174.93913269, 175.438369751, 175.937591553, 176.436828613, 176.936050415, 177.435287476, 177.934509277, 178.433731079, 178.93296814, 179.432189941, 179.931427002, 180.430648804, 180.929885864, 181.429107666, 181.928344727, 182.439178467, 182.938415527, 183.437637329, 183.93687439, 184.436096191, 184.935317993, 185.434555054, 185.933776855, 186.433013916, 186.932235718, 187.431472778, 187.93069458, 188.441543579, 188.940765381, 189.440002441, 189.939224243, 190.450057983, 190.937683105, 191.436920166, 191.936141968, 192.43536377, 192.93460083, 193.433822632, 193.933059692, 194.443893433, 194.931518555, 195.442352295, 195.929977417, 196.429199219, 196.928436279, 197.43927002, 197.93850708, 198.437728882, 198.936950684, 199.436187744, 199.935409546, 200.434646606, 200.933868408, 201.433105469, 201.932327271, 202.431564331, 202.930786133, 203.430023193, 203.929244995, 204.428482056, 204.939315796, 205.438537598, 205.937774658, 206.448608398, 206.936233521, 207.447067261, 207.946304321, 208.445526123, 208.944763184, 209.443984985, 209.931610107, 210.442443848, 210.93006897, 211.44090271, 211.940139771, 212.439361572, 212.938583374, 213.437820435, 213.937042236, 214.436279297, 214.947113037, 215.446350098, 215.945571899, 216.433197021, 216.932418823, 217.431655884, 217.942489624, 218.441726685, 218.940948486, 219.440170288, 219.939407349, 220.43862915, 220.937866211, 221.437088013, 221.936325073, 222.447158813, 222.946395874, 223.445617676, 223.933242798, 224.444076538, 224.93170166, 225.4425354, 225.941757202, 226.440994263, 226.940216064, 227.439453125, 227.938674927, 228.437911987, 228.937133789, 229.43637085, 229.935592651, 230.434829712, 230.945663452, 231.433288574, 231.932510376, 232.431747437, 232.930969238, 233.430206299, 233.929428101, 234.428665161, 234.927886963, 235.427108765, 235.937957764, 236.448791504, 236.948028564, 237.447250366, 237.934875488, 238.445709229, 238.944946289, 239.444168091, 239.931793213, 240.442626953, 240.941848755, 241.441085815, 241.940307617, 242.439544678, 242.927154541, 243.426391602, 243.925613403, 244.436462402, 244.947296143, 245.434921265, 245.945755005, 246.444976807, 246.944213867, 247.431838989, 247.931060791, 248.430297852, 248.929519653, 249.428741455, 249.939590454, 250.438812256, 250.938049316, 251.437271118, 251.936508179, 252.447341919, 252.946563721, 253.445800781, 253.933425903, 254.444259644, 254.943481445, 255.442718506, 255.941940308, 256.441162109, 256.94039917, 257.43963623, 257.938873291, 258.438079834, 258.925720215, 259.436553955, 259.935791016, 260.434997559, 260.934234619, 261.43347168, 261.94430542, 262.44354248, 262.942749023, 263.441986084, 263.941223145, 264.428833008, 264.939666748, 265.438903809, 265.938140869, 266.43737793, 266.936584473, 267.435821533, 267.935058594, 268.445892334, 268.945129395, 269.444335938, 269.943572998, 270.442810059, 270.942047119, 271.441253662, 271.940490723, 272.439727783, 272.938964844, 273.438171387, 273.949005127, 274.436645508, 274.935882568, 275.435089111, 275.934326172, 276.433563232, 276.944396973, 277.432006836, 277.942840576, 278.442077637, 278.941314697, 279.440551758, 279.939758301, 280.438995361, 280.938232422, 281.437469482, 281.936676025, 282.435913086, 282.935150146, 283.42276001, 283.93359375, 284.44442749, 284.943664551, 285.442901611, 285.942138672, 286.441345215, 286.940582275, 287.439819336, 287.939056396, 288.438262939, 288.9375, 289.436737061, 289.947570801, 290.446807861, 290.946014404, 291.445251465, 291.944488525, 292.443725586, 292.942932129, 293.43057251, 293.94140625, 294.440643311, 294.939849854, 295.439086914, 295.938323975, 296.437530518, 296.936767578, 297.436004639, 297.935241699, 298.434448242, 298.933685303, 299.432922363, 299.932159424, 300.442993164, 300.942230225, 301.441436768, 301.940673828, 302.439910889, 302.939147949, 303.438354492, 303.937591553, 304.436828613, 304.936035156, 305.435272217, 305.946105957, 306.445343018, 306.944580078, 307.443817139, 307.943023682, 308.442260742, 308.941497803, 309.440734863, 309.939941406, 310.439178467, 310.938415527, 311.43762207, 311.936859131, 312.436096191, 312.935333252, 313.422943115, 313.933776855, 314.433013916, 314.932250977, 315.43145752, 315.93069458, 316.44152832, 316.940765381, 317.440002441, 317.950836182, 318.438446045, 318.937683105, 319.436920166, 319.947753906, 320.446990967, 320.94619751, 321.44543457, 321.944671631, 322.443908691, 322.943115234, 323.442352295, 323.941589355, 324.440795898, 324.940032959, 325.43927002, 325.93850708, 326.437713623, 326.936950684, 327.436187744, 327.935424805, 328.434631348, 328.933868408, 329.433105469, 329.932342529, 330.431549072, 330.930786133, 331.441619873, 331.940856934, 332.440093994, 332.939300537, 333.438537598, 333.949371338, 334.448608398, 334.947845459, 335.44708252, 335.946289062, 336.445526123, 336.944763184, 337.443969727, 337.943206787, 338.442443848, 338.941680908, 339.440887451, 339.940124512, 340.439361572, 340.938598633, 341.449432373, 341.960266113, 342.459503174, 342.958709717, 343.457946777, 343.957183838, 344.456420898, 344.955627441, 345.454864502, 345.954101562, 346.453338623, 346.952545166, 347.451782227, 347.951019287, 348.450256348, 348.949462891, 349.448699951, 349.947937012, 350.447174072, 350.946380615, 351.445617676, 351.944854736, 352.444061279, 352.94329834, 353.4425354], "beats_loudness": {"dmean2": 0.0686424598098, "median": 0.0943109244108, "min": 7.77080000347e-09, "dvar2": 0.00370928575285, "dvar": 0.00142175494693, "dmean": 0.0388366021216, "max": 0.295586675406, "var": 0.00276791234501, "mean": 0.0978264585137}, "danceability": 1.46337139606, "bpm_histogram_second_peak_weight": {"dmean2": 0, "median": 0, "min": 0, "dvar2": 0, "dvar": 0, "dmean": 0, "max": 0, "var": 0, "mean": 0}, "beats_count": 707, "bpm_histogram_second_peak_bpm": {"dmean2": 0, "median": 0, "min": 0, "dvar2": 0, "dvar": 0, "dmean": 0, "max": 0, "var": 0, "mean": 0}, "bpm_histogram_first_peak_spread": {"dmean2": 0, "median": 0.262039661407, "min": 0.262039661407, "dvar2": 0, "dvar": 0, "dmean": 0, "max": 0.262039661407, "var": 0, "mean": 0.262039661407}, "beats_loudness_band_ratio": {"dmean2": [0.175645530224, 0.0804349854589, 0.0841718167067, 0.0469123199582, 0.0301629733294, 0.026539362967], "median": [0.869993746281, 0.03741921857, 0.0368146933615, 0.0102416090667, 0.00607199687511, 0.00389097235166], "min": [0.000492463470437, 0.000113044196041, 5.72905719309e-06, 3.59136515726e-06, 9.63703223533e-06, 5.84717308811e-05], "dvar2": [0.0516976155341, 0.011182195507, 0.0136021310464, 0.00798767153174, 0.00458866078407, 0.0174640752375], "dvar": [0.0182693637908, 0.0039657857269, 0.00486881146207, 0.0030208749231, 0.00175209948793, 0.00591057911515], "dmean": [0.099850833416, 0.0454812459648, 0.047883760184, 0.027968827635, 0.0170067343861, 0.0144162923098], "max": [0.999471247196, 0.617686450481, 0.610929906368, 0.574139177799, 0.658013820648, 0.978875756264], "var": [0.0322058312595, 0.00473761511967, 0.00581226777285, 0.00420730281621, 0.00315569946542, 0.0036748952698], "mean": [0.820711970329, 0.0587801858783, 0.0619446747005, 0.0366651900113, 0.0206048637629, 0.0146230217069]}}, "lowlevel": {"barkbands_spread": {"dmean2": 8.83327579498, "median": 11.1204299927, "min": 0.081702567637, "dvar2": 164.847000122, "dvar": 66.8722839355, "dmean": 5.4166469574, "max": 124.791221619, "var": 147.241210938, "mean": 13.7218036652}, "melbands_spread": {"dmean2": 7.49887466431, "median": 8.77034091949, "min": 0.176973491907, "dvar2": 245.061309814, "dvar": 109.632545471, "dmean": 4.72152042389, "max": 282.289581299, "var": 292.76260376, "mean": 12.6028966904}, "hfc": {"dmean2": 9.10652732849, "median": 14.2999629974, "min": 1.20070983384e-16, "dvar2": 121.245986938, "dvar": 52.0970115662, "dmean": 5.85189819336, "max": 208.397521973, "var": 247.875946045, "mean": 17.5570354462}, "barkbands_kurtosis": {"dmean2": 41.4536018372, "median": 7.55534315109, "min": -1.92266392708, "dvar2": 14743.3535156, "dvar": 5846.51806641, "dmean": 25.1052379608, "max": 1964.13879395, "var": 9207.98046875, "mean": 34.6662597656}, "gfcc": {"mean": [-36.8944854736, 96.3227462769, -69.1135482788, 28.2704391479, -37.7168998718, 18.9126853943, -35.2650260925, 11.1341238022, -13.4883346558, 8.48867797852, -10.2733459473, -0.578941822052, -10.0492639542], "icov": [[0.000167812351719, -0.000246618845267, 6.30657814327e-05, 1.83891879715e-05, 8.71142328833e-05, -0.000208626530366, 0.000402615783969, -0.00060432770988, 0.000501997186802, -0.000499284884427, 0.00035673083039, -0.00030156711, 0.000214107363718], [-0.000246618845267, 0.00145270023495, -0.000197762070457, 0.000946946151089, -0.000698567309882, 0.00111548905261, -0.00118990335613, 0.00139205087908, -0.00170518551022, 0.00154805299826, -0.00203564250842, 0.00203651096672, -0.00127903162502], [6.30657814327e-05, -0.000197762070457, 0.000876110279933, -0.000769754056819, 6.69820146868e-05, -0.000431695603766, 0.000708782987203, -0.000941450532991, 0.000705615035258, -0.000973199610598, 0.000607302470598, -0.000408167601563, 0.000123046193039], [1.83891879715e-05, 0.000946946151089, -0.000769754056819, 0.00312070106156, -0.00122699537314, 0.00111898023169, -0.00111099274363, 0.00146018282976, -0.0020133939106, 0.00202112435363, -0.0017160132993, 0.00107155053411, -0.000633269082755], [8.71142328833e-05, -0.000698567309882, 6.69820146868e-05, -0.00122699537314, 0.00337444059551, -0.00152324244846, 0.000886311172508, -0.00133686908521, 0.000982875470072, -0.00126301229466, 0.000470469356515, 0.000338171143085, -0.000117311647045], [-0.000208626530366, 0.00111548905261, -0.000431695603766, 0.00111898023169, -0.00152324244846, 0.00512563297525, -0.00200808979571, 0.000807276228443, -0.00148940773215, 0.00109819660429, -0.00144648144487, 0.000523418013472, -0.000374564755475], [0.000402615783969, -0.00118990335613, 0.000708782987203, -0.00111099274363, 0.000886311172508, -0.00200808979571, 0.00561122084036, -0.00262423232198, 0.000309907190967, -0.0008943558787, 0.00102213118225, -0.00157489650883, 0.000331944029313], [-0.00060432770988, 0.00139205087908, -0.000941450532991, 0.00146018282976, -0.00133686908521, 0.000807276228443, -0.00262423232198, 0.00782048888505, -0.00325757381506, 0.00273903342895, -0.000856099475641, 0.000562323781196, -0.000702549819835], [0.000501997186802, -0.00170518551022, 0.000705615035258, -0.0020133939106, 0.000982875470072, -0.00148940773215, 0.000309907190967, -0.00325757381506, 0.0103298919275, -0.00506872683764, 0.00214387336746, 0.000198593261302, -0.000127095947391], [-0.000499284884427, 0.00154805299826, -0.000973199610598, 0.00202112435363, -0.00126301229466, 0.00109819660429, -0.0008943558787, 0.00273903342895, -0.00506872683764, 0.0108466977254, -0.00603462476283, 0.0024472984951, -0.000378004537197], [0.00035673083039, -0.00203564250842, 0.000607302470598, -0.0017160132993, 0.000470469356515, -0.00144648144487, 0.00102213118225, -0.000856099475641, 0.00214387336746, -0.00603462476283, 0.0134481014684, -0.00713269971311, 0.00234800251201], [-0.00030156711, 0.00203651096672, -0.000408167601563, 0.00107155053411, 0.000338171143085, 0.000523418013472, -0.00157489650883, 0.000562323781196, 0.000198593261302, 0.0024472984951, -0.00713269971311, 0.0169534739107, -0.00612755026668], [0.000214107363718, -0.00127903162502, 0.000123046193039, -0.000633269082755, -0.000117311647045, -0.000374564755475, 0.000331944029313, -0.000702549819835, -0.000127095947391, -0.000378004537197, 0.00234800251201, -0.00612755026668, 0.013592755422]], "cov": [[14405.3720703, 1261.0579834, -147.32371521, -1572.2142334, 24.0529003143, 95.3854675293, -627.553588867, 659.740905762, -382.198883057, 321.67098999, -55.163860321, 13.1085262299, -107.089538574], [1261.0579834, 1973.09912109, -486.371887207, -338.384643555, 78.5860748291, -156.680877686, 152.660476685, -81.7499542236, 161.39704895, 24.3629302979, 119.965606689, -113.192565918, 73.2806015015], [-147.32371521, -486.371887207, 1891.83813477, 448.878326416, 216.206985474, 114.975799561, -137.783782959, 154.631713867, -20.2853660583, 87.8575439453, -15.1619291306, 25.9441337585, -6.69883060455], [-1572.2142334, -338.384643555, 448.878326416, 740.032714844, 157.102844238, 6.47672891617, 73.0121002197, -43.7559318542, 81.9177856445, -37.8317489624, 18.5463161469, 0.221665337682, 17.4377212524], [24.0529003143, 78.5860748291, 216.206985474, 157.102844238, 435.021392822, 100.615936279, 6.38599443436, 55.7450904846, 33.5248298645, 38.3508605957, 19.1818981171, -20.9250049591, 10.263759613], [95.3854675293, -156.680877686, 114.975799561, 6.47672891617, 100.615936279, 290.972869873, 67.3846511841, 58.4930610657, 18.8082275391, 19.8569850922, 11.1203289032, 17.8448505402, 0.131007447839], [-627.553588867, 152.660476685, -137.783782959, 73.0121002197, 6.38599443436, 67.3846511841, 318.130249023, 38.0840034485, 77.1240081787, -20.5002651215, 18.7598075867, 7.78922605515, 25.4318408966], [659.740905762, -81.7499542236, 154.631713867, -43.7559318542, 55.7450904846, 58.4930610657, 38.0840034485, 240.620239258, 17.8262615204, 0.247376263142, -22.5852546692, 11.4033842087, 1.29236876965], [-382.198883057, 161.39704895, -20.2853660583, 81.9177856445, 33.5248298645, 18.8082275391, 77.1240081787, 17.8262615204, 182.128555298, 48.0843009949, 20.5617656708, -21.6018505096, 14.8030824661], [321.67098999, 24.3629302979, 87.8575439453, -37.8317489624, 38.3508605957, 19.8569850922, -20.5002651215, 0.247376263142, 48.0843009949, 175.533081055, 61.8748054504, 0.932435929775, -8.87744617462], [-55.163860321, 119.965606689, -15.1619291306, 18.5463161469, 19.1818981171, 11.1203289032, 18.7598075867, -22.5852546692, 20.5617656708, 61.8748054504, 136.940200806, 35.5508422852, 6.28924655914], [13.1085262299, -113.192565918, 25.9441337585, 0.221665337682, -20.9250049591, 17.8448505402, 7.78922605515, 11.4033842087, -21.6018505096, 0.932435929775, 35.5508422852, 98.7748336792, 27.8384284973], [-107.089538574, 73.2806015015, -6.69883060455, 17.4377212524, 10.263759613, 0.131007447839, 25.4318408966, 1.29236876965, 14.8030824661, -8.87744617462, 6.28924655914, 27.8384284973, 93.9164199829]]}, "spectral_energyband_middle_low": {"dmean2": 0.0112873315811, "median": 0.011398342438, "min": 2.30021313403e-22, "dvar2": 0.000372336478904, "dvar": 0.000133993511554, "dmean": 0.00667215604335, "max": 0.118843108416, "var": 0.000220615518629, "mean": 0.0148783838376}, "melbands_crest": {"dmean2": 5.56870889664, "median": 17.28424263, "min": 1.79539275169, "dvar2": 22.2039031982, "dvar": 9.37565326691, "dmean": 3.49622321129, "max": 35.9435272217, "var": 36.1849136353, "mean": 17.5468845367}, "spectral_kurtosis": {"dmean2": 5.03698158264, "median": 5.89471817017, "min": -1.19495129585, "dvar2": 29.5646533966, "dvar": 14.5101175308, "dmean": 3.27878308296, "max": 54.9164466858, "var": 31.0526847839, "mean": 6.94767618179}, "spectral_rms": {"dmean2": 0.00228284462355, "median": 0.00703952554613, "min": 3.25637672209e-12, "dvar2": 6.07876791037e-06, "dvar": 2.462680186e-06, "dmean": 0.00146829721052, "max": 0.01688583754, "var": 1.13217474791e-05, "mean": 0.00667933560908}, "zerocrossingrate": {"dmean2": 0.0146604795009, "median": 0.03076171875, "min": 0.001953125, "dvar2": 0.000282029213849, "dvar": 0.000211554812267, "dmean": 0.0110682314262, "max": 0.70703125, "var": 0.00214257859625, "mean": 0.0393550284207}, "silence_rate_60dB": {"dmean2": 0.0283353012055, "median": 0, "min": 0, "dvar2": 0.0316000692546, "dvar": 0.013963913545, "dmean": 0.0141667211428, "max": 1, "var": 0.103916555643, "mean": 0.117785938084}, "erbbands_kurtosis": {"dmean2": 3.8166437149, "median": 0.907845139503, "min": -1.94122862816, "dvar2": 87.4890823364, "dvar": 42.3514518738, "dmean": 2.40077733994, "max": 207.856964111, "var": 68.2210159302, "mean": 2.64976930618}, "erbbands": {"dmean2": [0.821434319019, 8.43091487885, 12.8789520264, 15.0659065247, 16.8777618408, 16.0507698059, 13.514878273, 13.3895225525, 21.5462398529, 17.0939502716, 16.5848484039, 29.8142623901, 20.2435455322, 20.7608032227, 20.7970733643, 14.9597120285, 21.3851490021, 21.5821533203, 15.7671575546, 21.2608146667, 13.225271225, 7.80539369583, 6.32972669601, 5.28828477859, 4.22296380997, 2.05322480202, 1.75479745865, 1.24600124359, 1.33438384533, 1.20547223091, 1.36523830891, 2.34250545502, 2.14042758942, 1.30618131161, 0.940819859505, 0.553356647491, 0.223725557327, 0.0489895753562, 0.00439296942204, 0.000241419518716], "median": [0.342723548412, 4.13223648071, 4.78168773651, 4.49048900604, 3.9622092247, 4.90465450287, 9.22150707245, 10.1997127533, 7.59044265747, 6.79118919373, 5.58164834976, 5.99969673157, 2.7625837326, 2.29932594299, 2.30982112885, 4.03405189514, 7.47149181366, 4.85638809204, 3.62906312943, 5.00487136841, 2.66680192947, 2.20024633408, 1.53875660896, 0.977949857712, 1.16290307045, 0.800461053848, 0.646243691444, 0.622941613197, 0.450819611549, 0.358785748482, 0.619559407234, 0.566772341728, 0.295333623886, 0.25767147541, 0.126130342484, 0.0548244863749, 0.0147383883595, 0.00325921969488, 0.000352045928594, 9.64397913776e-05], "min": [1.18237966182e-21, 1.43254535254e-21, 2.00884285271e-20, 1.47836497885e-19, 1.15386073208e-19, 6.18526952599e-20, 7.95097120025e-20, 2.53752361206e-19, 5.16350023196e-19, 8.36726121726e-19, 5.76469303321e-19, 1.02781254634e-18, 9.44363877813e-19, 3.07796904461e-18, 5.29212991914e-18, 3.91461777325e-18, 4.86912671108e-18, 5.67822060595e-18, 7.51124746669e-18, 1.786078488e-17, 1.28164596608e-17, 1.15217615291e-17, 1.28769869478e-17, 1.46183162881e-17, 2.02559492094e-17, 1.16969501111e-17, 1.39886498622e-17, 1.63044362857e-17, 1.35374145663e-17, 1.86576228533e-17, 2.10630260243e-17, 1.30989707913e-17, 1.41968412962e-17, 1.02081151711e-17, 9.68288112478e-18, 5.87331446214e-18, 3.11782736281e-18, 1.15093259026e-18, 3.31861036046e-19, 4.13551887614e-20], "dvar2": [1.61645269394, 147.763900757, 458.993499756, 879.723327637, 1506.24267578, 727.891784668, 533.571289062, 648.58404541, 2424.59057617, 1810.81188965, 1654.3684082, 6978.65234375, 5878.49462891, 7269.20214844, 11400.6269531, 2320.18725586, 4310.93115234, 6019.05517578, 2314.94458008, 3653.34082031, 5082.42773438, 739.384216309, 556.387695312, 393.307495117, 220.570114136, 25.134305954, 12.9459657669, 4.32902002335, 6.65697574615, 4.6832242012, 4.32437944412, 12.3848733902, 13.4565591812, 4.13110303879, 1.64642167091, 0.482347905636, 0.0842466428876, 0.0037840383593, 3.57310927939e-05, 1.19859947745e-07], "dvar": [0.653616726398, 55.9762039185, 168.014373779, 313.7862854, 524.619689941, 270.361663818, 207.656433105, 247.61756897, 834.216369629, 858.197143555, 826.251220703, 4284.67089844, 2599.3815918, 3325.0871582, 4765.92285156, 1025.29260254, 1956.48156738, 2679.98120117, 1109.2442627, 1604.26745605, 2161.51855469, 320.59375, 244.370285034, 178.665527344, 109.225036621, 10.5678071976, 5.11414337158, 1.69692373276, 2.64815592766, 1.87689423561, 1.92486214638, 5.01204299927, 4.99622917175, 1.67198824883, 0.639476358891, 0.189129069448, 0.0323995985091, 0.0014740943443, 1.36266016852e-05, 4.455585767e-08], "dmean": [0.537691354752, 5.11238241196, 7.5554766655, 8.45535850525, 9.20500659943, 9.31651306152, 8.48417472839, 8.5571680069, 12.9217500687, 11.5705032349, 11.7353410721, 23.5210876465, 13.9758968353, 14.0452003479, 13.7722978592, 9.9763212204, 14.4144697189, 14.1084756851, 10.4087810516, 13.7492580414, 8.39792537689, 4.87689256668, 4.00663375854, 3.36951589584, 2.65503835678, 1.26220810413, 1.04805552959, 0.754603207111, 0.806109726429, 0.728322267532, 0.844758093357, 1.39112603664, 1.22415888309, 0.799810111523, 0.54094016552, 0.318084597588, 0.12608127296, 0.0271667055786, 0.00246217986569, 0.000140172327519], "max": [8.38245677948, 67.9336929321, 120.302711487, 179.162582397, 248.158447266, 244.695098877, 464.635864258, 595.435424805, 593.365539551, 832.48248291, 974.741455078, 2202.38354492, 1809.5090332, 2426.53564453, 3351.50756836, 1864.78662109, 1606.16882324, 2924.75976562, 1220.00488281, 2123.99023438, 3124.40039062, 901.635681152, 729.748168945, 461.642822266, 566.510070801, 147.891952515, 99.7425613403, 29.0043792725, 49.5420265198, 27.5705547333, 72.6767883301, 73.5853271484, 29.7233390808, 25.2994060516, 12.5810785294, 5.26216888428, 1.5089931488, 0.203706249595, 0.022680900991, 0.00143935601227], "var": [1.18244767189, 75.9701461792, 179.746826172, 242.15222168, 355.250396729, 323.618347168, 584.835083008, 984.980529785, 2089.2019043, 4036.95483398, 3683.12768555, 25047.9472656, 8734.43164062, 10243.6533203, 15075.171875, 2929.8347168, 4851.92822266, 6401.63427734, 2949.78710938, 5118.23632812, 9213.70996094, 723.030761719, 778.74798584, 446.981628418, 276.045654297, 17.4019298553, 6.83114671707, 2.42987012863, 3.80122685432, 2.63518857956, 5.13448381424, 6.73834705353, 3.79636931419, 1.81772971153, 0.530577421188, 0.165164098144, 0.0255322735757, 0.00109247467481, 9.81887569651e-06, 3.55447298261e-08], "mean": [0.79073035717, 7.0636305809, 9.60003566742, 9.47690963745, 9.72665882111, 11.4116725922, 16.5698127747, 21.434015274, 24.627702713, 28.2532958984, 30.0054016113, 61.2384300232, 31.8658161163, 29.9012546539, 28.8780593872, 20.3111572266, 27.3788738251, 26.5251617432, 19.9171962738, 25.5856437683, 16.3370361328, 9.47584152222, 8.30968475342, 6.46013975143, 4.96014928818, 2.00491404533, 1.43773317337, 1.11008787155, 1.03849971294, 0.862661361694, 1.10753428936, 1.40424060822, 0.994350075722, 0.791670203209, 0.438767880201, 0.251521646976, 0.0916325747967, 0.0190867222846, 0.00180558545981, 0.000157319896971]}, "spectral_strongpeak": {"dmean2": 0.797713756561, "median": 0.495158225298, "min": 0, "dvar2": 2.60873007774, "dvar": 1.02282965183, "dmean": 0.463212609291, "max": 24.9229717255, "var": 1.81571781635, "mean": 0.822991192341}, "spectral_energy": {"dmean2": 0.0388523861766, "median": 0.0507937930524, "min": 1.08690894333e-20, "dvar2": 0.00239424873143, "dvar": 0.000926128122956, "dmean": 0.0244012102485, "max": 0.292259812355, "var": 0.00210443558171, "mean": 0.057333804667}, "average_loudness": 0.954252243042, "spectral_rolloff": {"dmean2": 554.534667969, "median": 430.6640625, "min": 64.599609375, "dvar2": 2485224.25, "dvar": 990326.9375, "dmean": 322.450744629, "max": 19229.1503906, "var": 2691028, "mean": 806.821777344}, "spectral_centroid": {"dmean2": 286.184509277, "median": 676.98260498, "min": 85.683555603, "dvar2": 154324.375, "dvar": 71044.140625, "dmean": 181.707611084, "max": 11398.4169922, "var": 405669.84375, "mean": 836.354492188}, "pitch_salience": {"dmean2": 0.158966436982, "median": 0.42639952898, "min": 0.0137596921995, "dvar2": 0.0233131237328, "dvar": 0.00933015532792, "dmean": 0.0983462706208, "max": 0.87880563736, "var": 0.0246692690998, "mean": 0.425084143877}, "spectral_energyband_middle_high": {"dmean2": 0.00222735735588, "median": 0.00139627687167, "min": 2.02365778673e-21, "dvar2": 3.13995296892e-05, "dvar": 1.38484838317e-05, "dmean": 0.00149163324386, "max": 0.12372982502, "var": 6.15961544099e-05, "mean": 0.004450077191}, "spectral_contrast_coeffs": {"dmean2": [0.093143850565, 0.0729890018702, 0.0647014603019, 0.0542284101248, 0.0417622365057, 0.046872805804], "median": [-0.671062350273, -0.701192975044, -0.747594118118, -0.745585441589, -0.79637169838, -0.798956096172], "min": [-0.973524868488, -0.980465829372, -0.977810323238, -0.962994515896, -0.960133671761, -0.960633277893], "dvar2": [0.00600236235186, 0.00364389480092, 0.00304774846882, 0.00212979339994, 0.00132187746931, 0.00131251639687], "dvar": [0.00242565642111, 0.00137270311825, 0.00123534759041, 0.000856976956129, 0.000579528685194, 0.000683832506184], "dmean": [0.0570686236024, 0.0445889346302, 0.0399745851755, 0.0338939614594, 0.0268987640738, 0.031585521996], "max": [-0.276898443699, -0.386275291443, -0.417045384645, -0.445463240147, -0.524513959885, -0.538604438305], "var": [0.00739890802652, 0.00823752675205, 0.0101893674582, 0.00724553689361, 0.00354164652526, 0.00242663454264], "mean": [-0.662753343582, -0.701459169388, -0.739127099514, -0.74956536293, -0.788942456245, -0.79844635725]}, "melbands_skewness": {"dmean2": 2.39992141724, "median": 3.38137960434, "min": -4.02332258224, "dvar2": 9.67339706421, "dvar": 4.31000089645, "dmean": 1.56508493423, "max": 40.2738609314, "var": 18.1911125183, "mean": 4.58726549149}, "spectral_spread": {"dmean2": 2711443, "median": 4879351, "min": 1281446.375, "dvar2": 7609290063870.0, "dvar": 3534510358530.0, "dmean": 1764926, "max": 40908480, "var": 6554201358340.0, "mean": 5517754}, "dissonance": {"dmean2": 0.041831292212, "median": 0.454959094524, "min": 0.210998296738, "dvar2": 0.00172393757384, "dvar": 0.000631114351563, "dmean": 0.0247896574438, "max": 0.500000059605, "var": 0.00146851886529, "mean": 0.447385251522}, "spectral_skewness": {"dmean2": 0.630330204964, "median": 2.08807420731, "min": -0.0425692796707, "dvar2": 0.368798494339, "dvar": 0.17745436728, "dmean": 0.405813425779, "max": 6.02210855484, "var": 0.602288603783, "mean": 2.0938911438}, "spectral_flux": {"dmean2": 0.0693023949862, "median": 0.0936171412468, "min": 1.04254924138e-10, "dvar2": 0.00524851446971, "dvar": 0.00235917768441, "dmean": 0.0448306053877, "max": 0.485634446144, "var": 0.0061409054324, "mean": 0.109619855881}, "spectral_contrast_valleys": {"dmean2": [0.688207030296, 0.649932026863, 0.728646576405, 0.618021309376, 0.592439830303, 1.04080569744], "median": [-6.51094532013, -6.82873153687, -8.14035224915, -8.48169898987, -8.47933101654, -10.5663881302], "min": [-26.8812103271, -27.1866264343, -27.2924842834, -27.3300952911, -27.2951793671, -27.1981601715], "dvar2": [0.328733712435, 0.40647611022, 0.547382056713, 0.377071917057, 0.335659712553, 0.637743353844], "dvar": [0.142499506474, 0.173575818539, 0.228665888309, 0.158939674497, 0.16331396997, 0.344922542572], "dmean": [0.425559222698, 0.400382131338, 0.45486080