{"tonal": {"thpcp": [1, 0.947010815144, 0.535248875618, 0.304833471775, 0.224000677466, 0.343819439411, 0.590874493122, 0.49217441678, 0.325251787901, 0.42318469286, 0.423543870449, 0.3092648983, 0.30203306675, 0.338186770678, 0.409519821405, 0.589246273041, 0.624171972275, 0.482942342758, 0.385180622339, 0.326863437891, 0.371973454952, 0.562723219395, 0.583548247814, 0.391747117043, 0.282527029514, 0.258753418922, 0.270661711693, 0.33521142602, 0.354132890701, 0.373179495335, 0.550590217113, 0.566992461681, 0.401744961739, 0.375200152397, 0.453923612833, 0.667589366436], "hpcp": {"dmean2": [0.282315224409, 0.244156241417, 0.264308780432, 0.303819566965, 0.290317028761, 0.238004013896, 0.198240935802, 0.190035581589, 0.192686930299, 0.219473198056, 0.230255872011, 0.228991597891, 0.280964821577, 0.277894377708, 0.238247156143, 0.251159340143, 0.319473087788, 0.405532926321, 0.427839815617, 0.423078745604, 0.320042967796, 0.227983772755, 0.177616938949, 0.2616533041, 0.411045819521, 0.297960847616, 0.194037213922, 0.23150858283, 0.230461895466, 0.19716489315, 0.209904357791, 0.246081098914, 0.287031620741, 0.315389186144, 0.341645807028, 0.327298879623], "median": [0.0466094240546, 0.0383135229349, 0.0494034327567, 0.0836856588721, 0.0888762697577, 0.0600702948868, 0.0351885892451, 0.0325082875788, 0.0350477844477, 0.0422080643475, 0.0441396795213, 0.0591519810259, 0.0845247283578, 0.0839817300439, 0.063100412488, 0.0538780167699, 0.0658406466246, 0.112454280257, 0.208497986197, 0.19586405158, 0.0957080125809, 0.0353936031461, 0.0215093158185, 0.0364134125412, 0.0626198202372, 0.0702251940966, 0.0467376112938, 0.0454857833683, 0.0432010143995, 0.0380335748196, 0.0376833677292, 0.0411716476083, 0.053195528686, 0.076643332839, 0.0860199332237, 0.0668513700366], "min": [0, 0, 0, 0, 0, 0, 0, 0, 0, 0, 0, 0, 0, 0, 0, 0, 0, 0, 0, 0, 0, 0, 0, 0, 0, 0, 0, 0, 0, 0, 0, 0, 0, 0, 0, 0], "dvar2": [0.151459589601, 0.131566494703, 0.131718739867, 0.140326425433, 0.122994966805, 0.102125518024, 0.0976032689214, 0.101787626743, 0.0999272763729, 0.112663462758, 0.11504188925, 0.103786982596, 0.12140198797, 0.115695998073, 0.106387123466, 0.11917950958, 0.157044366002, 0.181776255369, 0.167363762856, 0.166927427053, 0.134468376637, 0.110015317798, 0.0941895991564, 0.111516579986, 0.243721097708, 0.1189192608, 0.088193513453, 0.105979532003, 0.109141938388, 0.0907908752561, 0.107097454369, 0.135917961597, 0.153902858496, 0.147053435445, 0.158411130309, 0.165141090751], "dvar": [0.0547845214605, 0.0473205596209, 0.0470355339348, 0.0531406439841, 0.0481980629265, 0.0370771959424, 0.0348339788616, 0.0361057110131, 0.0358470976353, 0.0409896150231, 0.0421706065536, 0.0375228226185, 0.0473985783756, 0.0466463975608, 0.038968898356, 0.043363429606, 0.0573535263538, 0.0674548596144, 0.0703639313579, 0.0666455030441, 0.0494414232671, 0.0396385043859, 0.0332882329822, 0.0404437109828, 0.0907207727432, 0.0446909479797, 0.0324169918895, 0.0424897707999, 0.0434542261064, 0.0337318405509, 0.0385844409466, 0.0490539185703, 0.0548042245209, 0.0565450266004, 0.0610508695245, 0.0610159412026], "dmean": [0.156075075269, 0.134744152427, 0.146646022797, 0.17413598299, 0.168376237154, 0.13537569344, 0.110500819981, 0.10481582582, 0.106704570353, 0.122950725257, 0.129198983312, 0.129612654448, 0.164806306362, 0.163831442595, 0.136091068387, 0.140919595957, 0.177762538195, 0.22992528975, 0.25078189373, 0.248658746481, 0.182705491781, 0.12691898644, 0.097505658865, 0.143293917179, 0.226663723588, 0.168466627598, 0.111769884825, 0.135595023632, 0.134566232562, 0.111862018704, 0.116955026984, 0.136355638504, 0.159602358937, 0.18041780591, 0.195741772652, 0.182988002896], "max": [1, 1, 1, 1, 1, 1, 1, 1, 1, 1, 1, 1, 1, 1, 1, 1, 1, 1, 1, 1, 1, 1, 1, 1, 1, 1, 1, 1, 1, 1, 1, 1, 1, 1, 1, 1], "var": [0.0472090169787, 0.0387567654252, 0.0408528260887, 0.0686686038971, 0.0699363723397, 0.0377957969904, 0.028719317168, 0.0274891071022, 0.0281160362065, 0.0377922020853, 0.0405430532992, 0.0354772731662, 0.0643029585481, 0.0690283402801, 0.0399227552116, 0.0398379713297, 0.0515515767038, 0.0772686526179, 0.119219005108, 0.111607082188, 0.0538300871849, 0.0329134911299, 0.025153644383, 0.0354093722999, 0.0898253917694, 0.0532906427979, 0.031955961138, 0.0558352768421, 0.0577138699591, 0.033676777035, 0.033387709409, 0.0404866188765, 0.0480508431792, 0.0788295716047, 0.0813086852431, 0.0580976344645], "mean": [0.135600700974, 0.115070462227, 0.130951195955, 0.1981035918, 0.205434933305, 0.137912407517, 0.0994620770216, 0.0910927057266, 0.0952849537134, 0.118009328842, 0.124670520425, 0.131375774741, 0.193832233548, 0.19960655272, 0.141432091594, 0.132087141275, 0.159801289439, 0.235021144152, 0.352044463158, 0.333389908075, 0.18843139708, 0.107314936817, 0.0788581967354, 0.121039733291, 0.208014085889, 0.173267275095, 0.114503093064, 0.148979827762, 0.149106279016, 0.108874991536, 0.106329068542, 0.119056776166, 0.144169181585, 0.207440882921, 0.219736278057, 0.170017182827]}, "tuning_equal_tempered_deviation": 0.169782862067, "chords_changes_rate": 0.0889728367329, "key_key": "G#", "tuning_diatonic_strength": 0.615848481655, "key_scale": "major", "chords_number_rate": 0.00120559392963, "tuning_frequency": 434.193115234, "tuning_nontempered_energy_ratio": 0.889776408672, "chords_histogram": [34.9140014648, 3.13454437256, 6.38964796066, 0.594759702682, 2.84520173073, 1.2538176775, 1.10110914707, 0.241118788719, 0, 0.104484811425, 0.699244499207, 0.337566316128, 0.096447519958, 2.2263302803, 0.353640884161, 2.12988257408, 0.20896962285, 5.810962677, 1.22970581055, 14.7162837982, 3.09435772896, 4.05883312225, 13.1972351074, 1.26185500622], "key_strength": 0.697450876236, "chords_key": "G#", "chords_strength": {"dmean2": 0.014952275902, "median": 0.459253013134, "min": 0.205844178796, "dvar2": 0.000168144106283, "dvar": 0.000108612541226, "dmean": 0.0126006072387, "max": 0.768828570843, "var": 0.00803448073566, "mean": 0.461235612631}, "chords_scale": "major", "hpcp_entropy": {"dmean2": 1.21684706211, "median": 2.39034795761, "min": 0, "dvar2": 0.923078298569, "dvar": 0.336658298969, "dmean": 0.724614739418, "max": 4.67554092407, "var": 0.642122209072, "mean": 2.3838455677}}, "metadata": {"audio_properties": {"equal_loudness": 0, "codec": "mp3", "downmix": "mix", "sample_rate": 44100, "analysis_sample_rate": 44100, "bit_rate": 192000, "md5_encoded": "4447e03029cf87f48aa57c6bba9f55f1", "length": 577.724060059, "replay_gain": -15.6908874512, "lossless": false}, "version": {"essentia_build_sha": "2d9f1f26377add8aeb1075a9c2973f962c4f09fd", "essentia": "2.1-beta2", "extractor": "music 1.0", "essentia_git_sha": "v2.1_beta2-1-ge3940c0"}, "tags": {"title": ["Dark Angel"], "language": ["eng"], "albumartist": ["Rob Tognoni"], "musicbrainz_recordingid": ["0c159a4e-9f37-454a-95fd-febd233271c7"], "musicbrainz_albumartistid": ["966d2a2a-e964-4f30-8520-1b44d85ff115"], "discnumber": ["01/02"], "album": ["Rock and Roll Live"], "musicbrainz album type": ["Album", "Live"], "musicbrainz album status": ["Official"], "file_name": "03. Dark Angel_9-39.mp3", "acoustid_fingerprint": ["AQADtAqTZ0mkDJM-fB5i-Al-EX2UHPqE7-jR5GhjaPmMOwouS4ieK-gG7BnC1DlOHd-h5TJ69ELDKPrwaNByC6GGPsSUisfzo90ig8mJnzM6PQxiSRn0B_eFh8fv4bmCXIePawmo9fgDc8FfOEPYLTl6hXgPnUeew8E3B5dxUJ_gUkd4I-kiLYfXH-cePAl-2EEeJKdSUK9xUsd1XOSxLZpC9AuaNPSQb4fzHHqOyD4-sNpRKg2aD6uMPLrQo2FSXPqB5i36HP-hnMh1UGPQZB1RMsOP_kGkPMuJP1COF3kSaUJTLTEqB41CyQSjL8fFEk9TpJ-h03iMH4-0IM8Cc4nA30MTyeiz3MhyHs2zHIfi4iEedGuC5jvU9ehzwkxy1EclpD-6dDHGfyJu8JE62FoQa9GN_scj5RHC5ij_YnsrPA98YfqRR-YCPVwRSj989DkeHOEPKXkyeA9ih_jQPWDyRMd3hJnEQPss9DzCqMzBf_gR_figRZOUI3xQOasCs0ephDhC_ThjWM0saPqPX4TyaDrCZzmaiDl6PWhkHrUQ5lks8Iec4sgc2EyEK1FR_UaYkTny7XgYC7WHMKfxY40ojGjGCclE4xnhPcSb49KFRs_R58gFhUeuo1SSDc0nfMuFcFUJsfYQOrrwB6WP5sN1_BFm-WiV0IGBT9aE34j0HdqzI32LE9smXXi1HJYm4ZJO-Ds--EefHMmvIU9xMXLxD38Ofwef7MZPlHKO5kR4ZtDyHbnBfSi1PTCl45KUFUm-II2KF3WOXDi0l_CyoMd5nFA65cg54cl7ILSko3mWFzpxoyXcrbgGfTT8o5fxHWp9NFX2o7pxzringJFpNId6RGJOEt4zovMRfsJ2omR2gE6So9bRPDw-CT1cseihb5h-NNyJmVmH41MtaEc6Hrd4eEx0oSuewhEz5Be0Z6mK4x-ecQeXDqeO_kPe5Wh-tCPKOyKasxkCMRbybSm-FKcONviJB6nKjVCeH9-RJ0el7PCO9NGh8TKeSDweaPLhBBpDAjv4HuFFwhWD70OzLNnx40jvQP1J5NMP7sibovYOZQ_8KBzqBt8PjYk0wTHy5jj6Y0Ze6MjVD1cGlhwaH9XCg2dWnPiOXNuEZHHYoJuy4PiPNtKDzdeIa8uOk0b0w9F3aGt2hNeGG5Wi4z4uw_3ABzlBb4f44T_2JEGYa2pRfcc1XA6apivC49AV5MZMCQ0_UJPooxbD4s2H6siSd4ce_IieJEGNL7gZXETMmYLmRKiQD420GmeC8bg5MKeOxjbujdgYcUOs4qWN9IxxXzhufKsURHdiiHFy5Md_gflxVGIeXB8xs8ODJD_S__jAJNfRJWMYnGnxw3mRHTp55NN3fLrQRjm8J8d5IZq2I1eko9TRHWcGcwyHLtjpHTGVD9qV5AhP4zlOPNOIij6cTHHRH8-Ri4IehFV0XOHQW7iEabThKkf_48XD4eaxF2GeQ8o5Demy4ZQiDQ-qF81P8MH147sQ3SHx8ugV5DjRJkkPPEcn7oiUXZB-48XHQ8fVHc9mIvoD58PcHz-yJA80KuGCfBemzxGaWAo-4qKJK0nCItIFLXiXQr9IgjfuhIKVRCSD7_gHLeeEkHkElviUYw9lNL3RlcF5nAnyaQkFnUfPCulvXMtiWJGPw5WO6siR7DpKkngiCnsQ-7B-qJy-4Uf-I2WOQ19ClIRZlAugmYoCsTqqHz9xk7iyGGFOlGSGjctq_PhxJ4PV4D6R24KOUlqO45sp_PqRS0zx6DguWM4mRPpxkYZ0CblRjcMVlB2RH81jox-h6jikpMqCckXF7Uj1DeEV_NDTILS4oBnyZPmhukaGXsd2-JpQKWOKh6kq7A_i50h4XuCc4HqxMntUVBQDX_h1pByhLRqRJxyOp0jPYs4SyLkIjtrRx9Ay8ph8NCfio1GfCSV54dERS4OWS6jWBXmPyQ11vDh5ND9-I7ohnil-7IqG6wjzouxR5kcTZykO6ikeHW-xn0g4iQhLwpE_vHBF44GR64M4MuiaGfvBK8ORVtmFP0YTkSdqBf8Nn8FjDdclnCvRzSHSC1_GwY_Co4de42EVoRwaRgfbhciHP7gO7kvxTzjBMjnC_NBu5A-KLdIi4ksTmLhS4Tpc6jgcHiF79FkKLZcmHPtyPJCi68jJol0WXNLx_LB2_Ah4QZ90hJlUfIHJvegXPDoqbkG0Xzi0M8TMjNAdg08-NJom9ESzMEqE8sZvaHkIZsfJGq8GxToe6Qh7OCIvfEid43ohH2FGBl-GEzszNIt3MFfw-Tjpw8t6fNxwLUgPiUd-fD2uY9ouNNxxHfWLp8cfHNVTREyYHdc4SEeYKyh_NHvQjseTF5UeMDmF5_iF6NCNPNQo_Gh44VIi4Rz8o0ejMCQqHxdl7OHRC4mSKjtCWslWNFz24SIO68nxliAu5NNjJN8wCw9R3oEd9sEv5IbQtVKIPcipg8offE9wOEpVHN2PJjf44Mf0CKEV6HFQMtkQHx_q6EcPv0GfpUIuQ-mRJzqYD43SbSgTB82b4z-aFz0-BdkO_UEe6Qg5EVuO7_iPD_2P7zhPPGTwR8eUH08DLXvwHM_x5HB-3DV-TFTeo8kiKZgRZkf1_ciTccZ39LiFP6CuC12kK5iZBTna6LjR4zzRHJWY4chdWKag-BfCo2G2FPzhLisOgBxgRhAhgAIEMIEMERYZoDlBQAhEiAAGGAQMEwQQhAhCBFBkBBEUIQqUEksgQIQQUhBFABAOAEEMMAwJZIxggBIEgCACAMMIswoAwZAhBACEpHXACEWEAIIAAIwSgghFIBICIGIEEUIwQYADRgEgiOBKgVAAYIwAYQwRgBkCgmAEIIgUYAIIIgATyhgGADIAGQAAUNAJIgRigDCBFDUGAAIYEspBCAgBhhCiABNAASCIRUQQYhAQygBAgACMACSEAwY4YgwxWnComBQCCAQEYIYYw5AAQBBDrAAECQAgAc44QAQFUJhjiKCKCBmkA4QQIBQQBABGDAPUECGYUUwKCBAySBBmGCDEkQUIIAIjZQUhCCigAEFCKCyJc8LAIAQhhBAAgRACYUIUIEIIBAQAwAlivKIGCKCAQcQABoQlCgFBBAAKaQKEUkQoQARBgCkAgGGCEGCRYQAIQAgAghhDGANFACCIIIpQIAx1wlGkACVCCAaIEYoQhgAgyAiChACCIEEFMEwwQTAQRDBhgIDGEMIIoEQAABiBDAhhiKAECYIcUIKRhERxhDNDBJEECOACA0IIgAihTACAjHEOCACAQMSJwYChUDFEvAmAQESAIEIYIowxCiACAAGKGFgBIQogABBBCAgDADDAIKCAIIIhBQBgyDFEHBFIASYAFAYQYARghDFABFCWISYcZIAAY5QQzAgHmFBKCUIMYIIIgBggAABgFCMGGYC4IEQIQQGyCEimOEAEMWmYAcYBIgiiGkBAABPAAA4RcYIZwbQCRgAmBGIGQUKANAoAwLAhRiAgACXAIQScIUJAZgwAhhHCmAEaQQCMMEAgoQgDDAFngBJCAEAEFRAp4YARiBAkABAASUGgExQYILwAAAAAiFCEGgAIgEZgAIQ4QAhhRA"], "date": ["2010"], "genre": ["Blues"], "musicbrainz_releasegroupid": ["8d3d8aaa-45ff-405f-a179-5cef5678e73e"], "script": ["Latin"], "originaldate": ["1997"], "musicbrainz_albumid": ["67fb506b-3b2d-4887-a334-df1ce958b47d"], "originalalbum": ["Headstrong"], "tracknumber": ["04/26"], "artistsort": ["Rob Tognoni"], "artist": ["Rob Tognoni"], "albumartistsort": ["Rob Tognoni"], "acoustid_id": ["b883847a-4bb4-4286-ae6f-187a4a5969af"], "musicbrainz_artistid": ["966d2a2a-e964-4f30-8520-1b44d85ff115"]}}, "rhythm": {"bpm_histogram_first_peak_bpm": {"dmean2": 0, "median": 89, "min": 89, "dvar2": 0, "dvar": 0, "dmean": 0, "max": 89, "var": 0, "mean": 89}, "bpm": 89.7700119019, "bpm_histogram_second_peak_spread": {"dmean2": 0, "median": 0.482352942228, "min": 0.482352942228, "dvar2": 0, "dvar": 0, "dmean": 0, "max": 0.482352942228, "var": 0, "mean": 0.482352942228}, "bpm_histogram_first_peak_weight": {"dmean2": 0, "median": 0.413140296936, "min": 0.413140296936, "dvar2": 0, "dvar": 0, "dmean": 0, "max": 0.413140296936, "var": 0, "mean": 0.413140296936}, "onset_rate": 3.46871423721, "beats_position": [0.626938760281, 1.27709746361, 1.92725622654, 2.57741498947, 3.23918366432, 3.87773227692, 4.58594083786, 5.28253936768, 5.95591831207, 6.64090681076, 7.32589578629, 8.01088428497, 8.6958732605, 9.38086128235, 10.0658502579, 10.7508392334, 11.4358272552, 12.1208162308, 12.8174142838, 13.5024032593, 14.1873922348, 14.8839902878, 15.5805892944, 16.2655773163, 16.9505672455, 17.6471652985, 18.3437633514, 19.0403633118, 19.7253513336, 20.4103393555, 21.1069393158, 21.8035373688, 22.4885253906, 23.1735134125, 23.8701133728, 24.5551013947, 25.2400894165, 25.9366893768, 26.6332874298, 27.3298854828, 28.0264854431, 28.711473465, 29.3964614868, 30.081451416, 30.7664394379, 31.4630374908, 32.1596374512, 32.8330154419, 33.5063934326, 34.1797714233, 34.8531494141, 35.5381393433, 36.2231292725, 36.8965072632, 37.5814971924, 38.2664833069, 38.9398651123, 39.613243103, 40.309841156, 40.9948310852, 41.6798171997, 42.3648071289, 43.0497932434, 43.7231750488, 44.3965530396, 45.0699310303, 45.7665290833, 46.439907074, 47.0900688171, 47.7634468079, 48.4368247986, 49.1102027893, 49.78358078, 50.4685707092, 51.1535606384, 51.8385467529, 52.5235366821, 53.2085266113, 53.8935127258, 54.5552825928, 55.2170524597, 55.8904304504, 56.5638084412, 57.2371864319, 57.9105644226, 58.5955543518, 59.280544281, 59.9539222717, 60.6389122009, 61.3238983154, 62.0204963684, 62.7054862976, 63.3904762268, 64.0754623413, 64.7604522705, 65.4454421997, 66.1188201904, 66.8038101196, 67.4771881104, 68.1505661011, 68.8239440918, 69.485710144, 70.1590881348, 70.8324737549, 71.5058517456, 72.1792297363, 72.8758239746, 73.5608139038, 74.2574157715, 74.9540100098, 75.6506118774, 76.3356018066, 77.0205917358, 77.6939697266, 78.3905639648, 79.0639419556, 79.7373199463, 80.4223098755, 81.1072998047, 81.7806777954, 82.4656677246, 83.1506576538, 83.8240356445, 84.4974136353, 85.1591796875, 85.8209533691, 86.4943313599, 87.1793212891, 87.8643035889, 88.5492935181, 89.2342834473, 89.907661438, 90.5810394287, 91.2544174194, 91.9510192871, 92.6360092163, 93.3209991455, 94.0059814453, 94.6909713745, 95.3759613037, 96.0609512329, 96.7343292236, 97.4193191528, 98.104309082, 98.7776870728, 99.462677002, 100.147659302, 100.832649231, 101.51763916, 102.191017151, 102.887619019, 103.572608948, 104.257591248, 104.930976868, 105.627571106, 106.312561035, 106.997550964, 107.682540894, 108.367523193, 109.040908813, 109.714286804, 110.387664795, 111.061042786, 111.734420776, 112.407798767, 113.081176758, 113.74294281, 114.404716492, 115.078094482, 115.739860535, 116.424850464, 117.098228455, 117.771606445, 118.444984436, 119.118362427, 119.791740417, 120.465126038, 121.138504028, 121.811882019, 122.48526001, 123.158638, 123.832015991, 124.505393982, 125.178771973, 125.852149963, 126.525527954, 127.198905945, 127.872291565, 128.534057617, 129.207427979, 129.892425537, 130.565795898, 131.239181519, 131.912567139, 132.5859375, 133.25932312, 133.932693481, 134.61769104, 135.30267334, 135.97605896, 136.649429321, 137.322814941, 137.996185303, 138.657958984, 139.319732666, 139.993103027, 140.666488647, 141.339859009, 142.013244629, 142.68661499, 143.36000061, 144.04498291, 144.729980469, 145.40335083, 146.07673645, 146.76171875, 147.446716309, 148.12008667, 148.79347229, 149.47845459, 150.16343689, 150.83682251, 151.52180481, 152.19519043, 152.86857605, 153.530334473, 154.203720093, 154.877090454, 155.550476074, 156.235458374, 156.920455933, 157.617050171, 158.313644409, 158.987030029, 159.672012329, 160.357009888, 161.030380249, 161.703765869, 162.37713623, 163.050521851, 163.723892212, 164.397277832, 165.070648193, 165.744033813, 166.417419434, 167.090789795, 167.764175415, 168.437545776, 169.110931396, 169.784301758, 170.457687378, 171.142669678, 171.827667236, 172.512649536, 173.197631836, 173.871017456, 174.544403076, 175.229385376, 175.914367676, 176.599365234, 177.284347534, 177.980941772, 178.654327393, 179.327713013, 179.977859497, 180.639633179, 181.30140686, 181.963165283, 182.624938965, 183.286712646, 183.948471069, 184.610244751, 185.272018433, 185.922180176, 186.583938599, 187.24571228, 187.907485962, 188.546035767, 189.196182251, 189.869567871, 190.542938232, 191.216323853, 191.889694214, 192.563079834, 193.236465454, 193.909835815, 194.594833374, 195.256591797, 195.929977417, 196.59173584, 197.253509521, 197.903671265, 198.542221069, 199.215591431, 199.877365112, 200.550750732, 201.224121094, 201.909118652, 202.594100952, 203.279083252, 203.940856934, 204.602630615, 205.276000977, 205.960998535, 206.611160278, 207.28453064, 207.95791626, 208.619674683, 209.281448364, 209.931610107, 210.581771851, 211.255142212, 211.916915894, 212.578674316, 213.252059937, 213.925445557, 214.587203979, 215.248977661, 215.910751343, 216.572509766, 217.245895386, 217.907653809, 218.56942749, 219.207977295, 219.858139038, 220.51991272, 221.170059204, 221.843444824, 222.516815186, 223.178588867, 223.840362549, 224.502120972, 225.163894653, 225.825668335, 226.487426758, 227.149200439, 227.810974121, 228.484344482, 229.157730103, 229.819503784, 230.481262207, 231.143035889, 231.81640625, 232.48979187, 233.151565552, 233.824935913, 234.498321533, 235.160079956, 235.821853638, 236.495239258, 237.168609619, 237.818771362, 238.468933105, 239.119094849, 239.746032715, 240.396179199, 241.046340942, 241.708114624, 242.369888306, 243.02003479, 243.69342041, 244.37840271, 245.063400269, 245.73677063, 246.398544312, 247.060317993, 247.733688354, 248.407073975, 249.080444336, 249.753829956, 250.427200317, 251.100585938, 251.773956299, 252.447341919, 253.120727539, 253.7940979, 254.467483521, 255.129241943, 255.791015625, 256.464385986, 257.126159668, 257.78793335, 258.461303711, 259.134674072, 259.819671631, 260.493041992, 261.154815674, 261.793365479, 262.44354248, 263.116912842, 263.778686523, 264.440460205, 265.102203369, 265.775604248, 266.448974609, 267.110748291, 267.772521973, 268.422668457, 269.072814941, 269.734588623, 270.396362305, 271.069732666, 271.719909668, 272.370056152, 273.031829834, 273.693603516, 274.355377197, 275.028747559, 275.69052124, 276.363891602, 277.037261963, 277.699035645, 278.360809326, 279.034179688, 279.695953369, 280.357727051, 281.019500732, 281.681274414, 282.354644775, 283.016418457, 283.678192139, 284.3515625, 285.013336182, 285.675109863, 286.336853027, 287.010253906, 287.683624268, 288.345397949, 289.018768311, 289.692138672, 290.365539551, 291.015686035, 291.677459717, 292.350830078, 293.01260376, 293.674377441, 294.336151123, 294.997894287, 295.648071289, 296.309844971, 296.959991455, 297.633361816, 298.306762695, 298.968505859, 299.630279541, 300.30368042, 300.988647461, 301.66204834, 302.323791504, 302.985565186, 303.647338867, 304.309112549, 304.97088623, 305.632659912, 306.294403076, 306.956176758, 307.617950439, 308.268127441, 308.918273926, 309.580047607, 310.241821289, 310.891967773, 311.553741455, 312.215515137, 312.888885498, 313.562255859, 314.235626221, 314.9090271, 315.570800781, 316.232543945, 316.905944824, 317.579315186, 318.252685547, 318.926086426, 319.599456787, 320.272827148, 320.94619751, 321.619598389, 322.29296875, 322.954742432, 323.593292236, 324.243438721, 324.893585205, 325.53213501, 326.182312012, 326.844085693, 327.494232178, 328.132781982, 328.794555664, 329.444702148, 330.09487915, 330.756652832, 331.418395996, 332.080169678, 332.741943359, 333.403717041, 334.065490723, 334.715637207, 335.377410889, 336.027557373, 336.689331055, 337.362701416, 338.036102295, 338.709472656, 339.359619141, 340.009796143, 340.671569824, 341.333312988, 341.98348999, 342.645263672, 343.307037354, 343.980407715, 344.653778076, 345.303924561, 345.965698242, 346.627471924, 347.289245605, 347.951019287, 348.612792969, 349.27456665, 349.936309814, 350.598083496, 351.271453857, 351.944854736, 352.606628418, 353.268371582, 353.941772461, 354.615142822, 355.288513184, 355.950286865, 356.612060547, 357.273834229, 357.94720459, 358.608978271, 359.270751953, 359.920898438, 360.559448242, 361.209594727, 361.859771729, 362.509918213, 363.171691895, 363.833465576, 364.495239258, 365.157012939, 365.818756104, 366.480529785, 367.142303467, 367.804077148, 368.454223633, 369.104400635, 369.754547119, 370.416320801, 371.078094482, 371.728240967, 372.401611328, 373.075012207, 373.748382568, 374.42175293, 375.083526611, 375.745300293, 376.418670654, 377.080444336, 377.742218018, 378.403991699, 379.065765381, 379.739135742, 380.412506104, 381.085876465, 381.759277344, 382.258483887, 382.757720947, 383.268554688, 383.756195068, 384.243804932, 384.731414795, 385.230651855, 385.729888916, 386.229095459, 386.72833252, 387.23916626, 387.750030518, 388.260864258, 388.771697998, 389.294128418, 389.804992676, 390.315826416, 390.815063477, 391.325897217, 391.82510376, 392.32434082, 392.835174561, 393.334411621, 393.833648682, 394.332885742, 394.843719482, 395.354553223, 395.865386963, 396.376220703, 396.875457764, 397.386291504, 397.897125244, 398.407989502, 398.918823242, 399.418029785, 399.928894043, 400.428100586, 400.938934326, 401.449798584, 401.960632324, 402.471466064, 402.982299805, 403.493133545, 404.003997803, 404.514831543, 405.025665283, 405.536499023, 406.047332764, 406.546569824, 407.057403564, 407.568237305, 408.079071045, 408.740844727, 409.391021729, 410.041168213, 410.702941895, 411.364715576, 412.038085938, 412.711456299, 413.37322998, 414.035003662, 414.696777344, 415.358551025, 416.020324707, 416.670471191, 417.332244873, 417.982391357, 418.632568359, 419.294311523, 419.956085205, 420.629455566, 421.302856445, 421.976226807, 422.649597168, 423.322998047, 423.973144531, 424.634918213, 425.296691895, 425.970062256, 426.62020874, 427.270385742, 427.932159424, 428.593902588, 429.24407959, 429.894226074, 430.544403076, 431.20614624, 431.867919922, 432.518096924, 433.179870605, 433.84161377, 434.503387451, 435.165161133, 435.815307617, 436.465484619, 437.127258301, 437.789031982, 438.450775146, 439.112548828, 439.77432251, 440.447692871, 441.12109375, 441.782836914, 442.456237793, 443.106384277, 443.756530762, 444.406707764, 445.056854248, 445.70703125, 446.357177734, 447.030548096, 447.692321777, 448.354095459, 449.004241943, 449.654418945, 450.316192627, 450.977935791, 451.639709473, 452.301483154, 452.963256836, 453.625030518, 454.298400879, 454.97177124, 455.633544922, 456.306915283, 456.968688965, 457.630462646, 458.292236328, 458.942382813, 459.604156494, 460.265930176, 460.91607666, 461.566253662, 462.239624023, 462.901397705, 463.563171387, 464.236541748, 464.89831543, 465.560089111, 466.210235596, 466.872009277, 467.533782959, 468.183929443, 468.834106445, 469.48425293, 470.146026611, 470.807800293, 471.457946777, 472.108123779, 472.769866943, 473.431640625, 474.081817627, 474.731964111, 475.382110596, 476.055511475, 476.717285156, 477.37902832, 478.040802002, 478.714172363, 479.387573242, 480.049346924, 480.722717285, 481.396087646, 482.057861328, 482.71963501, 483.369781494, 484.043151855, 484.704925537, 485.366699219, 486.0284729, 486.690246582, 487.340393066, 488.013763428, 488.675537109, 489.348937988, 490.02230835, 490.695678711, 491.357452393, 492.030822754, 492.704223633, 493.377593994, 494.050964355, 494.724334717, 495.397735596, 496.071105957, 496.732879639, 497.39465332, 498.044799805, 498.694946289, 499.345123291, 499.995269775, 500.657043457, 501.330413818, 502.003814697, 502.665557861, 503.327331543, 503.989105225, 504.662475586, 505.335876465, 506.009246826, 506.659393311, 507.332794189, 508.006164551, 508.667938232, 509.318084717, 509.979858398, 510.64163208, 511.303405762, 511.953552246, 512.60369873, 513.253845215, 513.904052734, 514.577392578, 515.239196777, 515.912536621, 516.5859375, 517.247680664, 517.921081543, 518.594482422, 519.244628906, 519.894775391, 520.544921875, 521.195068359, 521.845275879, 522.483825684, 523.122375488, 523.772521973, 524.422668457, 525.084411621, 525.74621582, 526.419555664, 527.092956543, 527.766357422, 528.439697266, 529.089904785, 529.74005127, 530.401794434, 531.017150879, 531.60925293, 532.20135498, 532.770263672, 533.327514648, 533.803527832, 534.279541016, 534.755554199, 535.254760742, 535.765625, 536.276428223, 536.79888916, 537.298156738, 537.797363281, 538.284973145, 538.772583008, 539.271850586, 539.771057129, 540.258666992, 540.746276855, 541.233886719, 541.721557617, 542.20916748, 542.696777344, 543.184387207, 543.67199707, 544.159606934, 544.658874512, 545.158081055, 545.657287598, 546.156555176, 546.644165039, 547.120178223, 547.596191406, 548.08380127, 548.583007813, 549.070617676, 549.558288574, 550.034301758, 550.521911621, 551.009521484, 551.497131348, 551.996337891, 552.495605469, 552.983215332, 553.470825195, 553.970031738, 554.469299316, 554.968505859, 555.467773438, 555.97857666, 556.489440918, 556.977050781, 557.464660645, 557.952270508, 558.439880371, 558.950744629, 559.461547852, 559.972412109, 560.471618652, 560.98248291, 561.481689453, 562.01574707, 562.549804688, 563.072265625, 563.548278809, 564.012695313, 564.477111816, 564.953125, 565.429077148, 565.916748047, 566.40435791, 566.891967773, 567.356384277, 567.820739746, 568.28515625, 568.772766113, 569.283630371, 569.794433594, 570.305297852, 570.839355469, 571.373413086, 571.907470703, 572.44152832, 572.952392578, 573.47479248, 573.997253418, 574.531311035, 575.053771973, 575.57623291, 576.110290527, 576.644348145, 577.178405762], "beats_loudness": {"dmean2": 0.0390424840152, "median": 0.0424821786582, "min": 0.000271991477348, "dvar2": 0.0011049361201, "dvar": 0.00043021896272, "dmean": 0.0248945914209, "max": 0.16035977006, "var": 0.000597162346821, "mean": 0.0464290864766}, "danceability": 1.25471651554, "bpm_histogram_second_peak_weight": {"dmean2": 0, "median": 0.0489977709949, "min": 0.0489977709949, "dvar2": 0, "dvar": 0, "dmean": 0, "max": 0.0489977709949, "var": 0, "mean": 0.0489977709949}, "beats_count": 899, "bpm_histogram_second_peak_bpm": {"dmean2": 0, "median": 117, "min": 117, "dvar2": 0, "dvar": 0, "dmean": 0, "max": 117, "var": 0, "mean": 117}, "bpm_histogram_first_peak_spread": {"dmean2": 0, "median": 0.499325245619, "min": 0.499325245619, "dvar2": 0, "dvar": 0, "dmean": 0, "max": 0.499325245619, "var": 0, "mean": 0.499325245619}, "beats_loudness_band_ratio": {"dmean2": [0.595841705799, 0.22351706028, 0.204721063375, 0.218609333038, 0.192657485604, 0.129433572292], "median": [0.342086434364, 0.0944742932916, 0.108435377479, 0.11538041383, 0.126037314534, 0.0863001719117], "min": [1.30654307213e-05, 0.000311337265885, 0.000262190907961, 0.000258270680206, 0.000264456088189, 6.14488235442e-05], "dvar2": [0.174249351025, 0.0321872569621, 0.0316007658839, 0.0436603873968, 0.0179429836571, 0.0142884766683], "dvar": [0.0592357479036, 0.0100338747725, 0.0113167762756, 0.0144013501704, 0.00581113388762, 0.00539078516886], "dmean": [0.326091438532, 0.124648310244, 0.118063770235, 0.121075727046, 0.107355035841, 0.071908518672], "max": [0.998497843742, 0.576828479767, 0.904688119888, 0.95685762167, 0.693665325642, 0.887425482273], "var": [0.0762247368693, 0.0124501474202, 0.0137625411153, 0.014160592109, 0.0100373122841, 0.00618029013276], "mean": [0.417687773705, 0.125455826521, 0.133913263679, 0.133775159717, 0.134824246168, 0.0921926870942]}}, "lowlevel": {"barkbands_spread": {"dmean2": 10.626074791, "median": 28.9690093994, "min": 0.187305539846, "dvar2": 125.532447815, "dvar": 57.6215248108, "dmean": 6.96060752869, "max": 115.320526123, "var": 205.706085205, "mean": 28.9889678955}, "melbands_spread": {"dmean2": 14.8199729919, "median": 29.4899597168, "min": 0.190641894937, "dvar2": 277.107910156, "dvar": 132.452697754, "dmean": 9.7087392807, "max": 265.634246826, "var": 421.630401611, "mean": 31.013174057}, "hfc": {"dmean2": 10.2852573395, "median": 28.0249633789, "min": 7.94089273504e-12, "dvar2": 149.626098633, "dvar": 77.1269607544, "dmean": 7.08400821686, "max": 137.982315063, "var": 404.467163086, "mean": 31.0675239563}, "barkbands_kurtosis": {"dmean2": 8.70996665955, "median": 0.106963329017, "min": -1.91286242008, "dvar2": 999.234375, "dvar": 399.042388916, "dmean": 5.35556316376, "max": 663.169189453, "var": 523.922363281, "mean": 5.46903181076}, "gfcc": {"mean": [37.1423149109, 77.457862854, -121.688392639, 43.6524047852, -48.3770980835, 19.384180069, -29.7946491241, 10.8752336502, -20.3014450073, 7.90051841736, -20.704120636, 0.904636025429, -11.701341629], "icov": [[0.000366976950318, -0.000386407889891, 0.00028789168573, -0.000468587706564, 0.000285270856693, -0.000308715854771, 0.000405830796808, -0.000584277499001, 0.000828307121992, -0.00114942528307, 0.00107249850407, -0.000858428771608, 0.000475139066111], [-0.000386407889891, 0.00216404069215, -0.000583717075642, 0.000720435287803, -0.00145816826262, 0.00210335571319, -0.00143200426828, 0.00171785010025, -0.00188141770195, 0.0029482934624, -0.00300518143922, 0.00274336035363, -0.00156206812244], [0.00028789168573, -0.000583717075642, 0.00180842657574, -0.00165745895356, -9.79335018201e-05, -0.000330232753186, 0.000356198550435, -0.00119142129552, 0.00193028664216, -0.00239111948758, 0.00199424801394, -0.00166086561512, 0.000774530926719], [-0.000468587706564, 0.000720435287803, -0.00165745895356, 0.00525809451938, -0.0015144845238, -8.80779625732e-05, -0.000372778071323, 0.00104098871816, -0.00136862369254, 0.00202954350971, -0.0036167379003, 0.00447833258659, -0.0027459487319], [0.000285270856693, -0.00145816826262, -9.79335018201e-05, -0.0015144845238, 0.00657034758478, -0.00252281920984, -0.00181730324402, 0.000987603445537, -0.00124234694522, -0.000481666909764, 0.00227153138258, -0.00490833865479, 0.0029777335003], [-0.000308715854771, 0.00210335571319, -0.000330232753186, -8.80779625732e-05, -0.00252281920984, 0.0125491758808, -0.00556641211733, -0.00125842296984, 0.00412130216137, -0.00187645643018, -0.00135377573315, 0.00363398063928, -0.00362072768621], [0.000405830796808, -0.00143200426828, 0.000356198550435, -0.000372778071323, -0.00181730324402, -0.00556641211733, 0.0135219534859, -0.00592690566555, -0.00134036294185, 0.0027068881318, -0.00261555239558, 0.000227414420806, 0.00138854538091], [-0.000584277499001, 0.00171785010025, -0.00119142129552, 0.00104098871816, 0.000987603445537, -0.00125842296984, -0.00592690566555, 0.0167168211192, -0.0088403262198, 0.00131089275237, 0.00413788622245, -0.00293008796871, 0.0016628553858], [0.000828307121992, -0.00188141770195, 0.00193028664216, -0.00136862369254, -0.00124234694522, 0.00412130216137, -0.00134036294185, -0.0088403262198, 0.0204038973898, -0.0116794425994, 0.000613393378444, 0.00633368827403, -0.00470834970474], [-0.00114942528307, 0.0029482934624, -0.00239111948758, 0.00202954350971, -0.000481666909764, -0.00187645643018, 0.0027068881318, 0.00131089275237, -0.0116794425994, 0.0244101807475, -0.010966764763, -0.00157713796943, 0.00642506359145], [0.00107249850407, -0.00300518143922, 0.00199424801394, -0.0036167379003, 0.00227153138258, -0.00135377573315, -0.00261555239558, 0.00413788622245, 0.000613393378444, -0.010966764763, 0.0231323726475, -0.0108802691102, 0.0011625882471], [-0.000858428771608, 0.00274336035363, -0.00166086561512, 0.00447833258659, -0.00490833865479, 0.00363398063928, 0.000227414420806, -0.00293008796871, 0.00633368827403, -0.00157713796943, -0.0108802691102, 0.0253457967192, -0.0122569128871], [0.000475139066111, -0.00156206812244, 0.000774530926719, -0.0027459487319, 0.0029777335003, -0.00362072768621, 0.00138854538091, 0.0016628553858, -0.00470834970474, 0.00642506359145, 0.0011625882471, -0.0122569128871, 0.0218937620521]], "cov": [[4635.87353516, -311.04107666, -29.4671154022, 35.6038894653, -154.313842773, 67.5047149658, -184.275939941, 102.022644043, -159.027648926, 164.334289551, -132.542236328, 101.03868103, -100.024635315], [-311.04107666, 1555.88427734, -38.6569442749, 163.596405029, 249.342956543, -164.455535889, 146.678070068, -133.556671143, 136.496673584, -143.308959961, 128.437744141, -100.84034729, 87.5123977661], [-29.4671154022, -38.6569442749, 1060.3157959, 279.71005249, 158.988540649, 97.9348373413, 44.7782249451, 57.873916626, -45.9972839355, 68.881187439, -8.62665748596, 48.9503593445, -19.4544963837], [35.6038894653, 163.596405029, 279.71005249, 364.875854492, 117.566207886, 42.4209480286, 57.6401138306, -5.11929750443, 22.8874835968, -2.54104924202, 35.5550498962, -26.2678794861, 23.6002616882], [-154.313842773, 249.342956543, 158.988540649, 117.566207886, 297.217803955, 57.2128791809, 107.251586914, 9.54296112061, 33.4142036438, -3.55385327339, 33.5319252014, 16.3018512726, 7.3450627327], [67.5047149658, -164.455535889, 97.9348373413, 42.4209480286, 57.2128791809, 162.393600464, 66.9722747803, 47.4064178467, -21.2464675903, 21.8147735596, -5.29851865768, 14.8794288635, -2.47557663918], [-184.275939941, 146.678070068, 44.7782249451, 57.6401138306, 107.251586914, 66.9722747803, 172.576309204, 55.3529205322, 47.297416687, -11.3836936951, 22.6454219818, -13.0297317505, 6.46405267715], [102.022644043, -133.556671143, 57.873916626, -5.11929750443, 9.54296112061, 47.4064178467, 55.3529205322, 134.300323486, 44.0549468994, 30.9302406311, -28.0916481018, 2.75931406021, -18.1676273346], [-159.027648926, 136.496673584, -45.9972839355, 22.8874835968, 33.4142036438, -21.2464675903, 47.297416687, 44.0549468994, 129.636001587, 29.1471347809, 19.9578018188, -33.767364502, 2.64489603043], [164.334289551, -143.308959961, 68.881187439, -2.54104924202, -3.55385327339, 21.8147735596, -11.3836936951, 30.9302406311, 29.1471347809, 108.058898926, 24.5185985565, 22.1086864471, -28.4509029388], [-132.542236328, 128.437744141, -8.62665748596, 35.5550498962, 33.5319252014, -5.29851865768, 22.6454219818, -28.0916481018, 19.9578018188, 24.5185985565, 99.0821533203, 26.7695484161, 18.8870239258], [101.03868103, -100.84034729, 48.9503593445, -26.2678794861, 16.3018512726, 14.8794288635, -13.0297317505, 2.75931406021, -33.767364502, 22.1086864471, 26.7695484161, 96.6907653809, 25.4061012268], [-100.024635315, 87.5123977661, -19.4544963837, 23.6002616882, 7.3450627327, -2.47557663918, 6.46405267715, -18.1676273346, 2.64489603043, -28.4509029388, 18.8870239258, 25.4061012268, 79.4378356934]]}, "spectral_energyband_middle_low": {"dmean2": 0.00627700751647, "median": 0.00923713482916, "min": 2.98208470818e-17, "dvar2": 5.76874845137e-05, "dvar": 2.3427503038e-05, "dmean": 0.00388672784902, "max": 0.0891033038497, "var": 5.16448744747e-05, "mean": 0.0102936895564}, "melbands_crest": {"dmean2": 6.45255851746, "median": 13.5981473923, "min": 2.39940857887, "dvar2": 28.9271259308, "dvar": 12.8701944351, "dmean": 4.1270403862, "max": 36.2753372192, "var": 38.4816093445, "mean": 14.628484726}, "spectral_kurtosis": {"dmean2": 1.75825285912, "median": 3.10651493073, "min": -0.89211410284, "dvar2": 5.07705354691, "dvar": 1.85535049438, "dmean": 1.04328691959, "max": 26.7729740143, "var": 3.59300613403, "mean": 3.42676734924}, "spectral_rms": {"dmean2": 0.00164096720982, "median": 0.00569141330197, "min": 8.41131109208e-10, "dvar2": 4.03711464969e-06, "dvar": 1.89307695564e-06, "dmean": 0.00108380941674, "max": 0.014199802652, "var": 4.16449029217e-06, "mean": 0.005791363772}, "zerocrossingrate": {"dmean2": 0.0133811831474, "median": 0.06640625, "min": 0.00146484375, "dvar2": 0.000186847202713, "dvar": 0.000164435521583, "dmean": 0.011918803677, "max": 0.49951171875, "var": 0.00123658322264, "mean": 0.0696468353271}, "silence_rate_60dB": {"dmean2": 0.0170418005437, "median": 0, "min": 0, "dvar2": 0.0206981766969, "dvar": 0.00845140684396, "dmean": 0.00852055754513, "max": 1, "var": 0.0286408104002, "mean": 0.0294992364943}, "erbbands_kurtosis": {"dmean2": 1.19338953495, "median": -0.252312153578, "min": -1.82533347607, "dvar2": 4.01198148727, "dvar": 1.67295181751, "dmean": 0.753235638142, "max": 43.2905731201, "var": 3.63125228882, "mean": 0.188004419208}, "erbbands": {"dmean2": [0.639433205128, 4.40791082382, 7.26710653305, 7.42232275009, 6.99838399887, 10.2503318787, 11.1107139587, 13.0571174622, 16.5521869659, 21.9365959167, 27.4427146912, 29.9534835815, 32.4181213379, 23.6540641785, 28.2090759277, 37.2631950378, 38.9405326843, 40.2682762146, 38.9407577515, 37.2323303223, 44.6432762146, 57.2381629944, 17.6723613739, 18.0741844177, 23.2419872284, 18.2193031311, 15.2016830444, 9.51791858673, 10.7745304108, 4.99727106094, 2.67379713058, 2.0104906559, 1.74069297314, 0.908270478249, 0.425644695759, 0.230729177594, 0.0850879997015, 0.0178167950362, 0.00110934244003, 4.53811662737e-05], "median": [0.0965068414807, 1.33506822586, 2.9395711422, 4.23722362518, 4.09779834747, 4.45070791245, 5.55497837067, 5.97491025925, 6.95364093781, 9.55937767029, 14.0211982727, 16.4999046326, 17.2758045197, 13.2882318497, 16.2826862335, 21.298160553, 23.6288871765, 27.7524032593, 28.5047302246, 26.6905097961, 37.2527236938, 44.3715744019, 15.9952335358, 18.4100189209, 22.4482421875, 16.6743965149, 13.4992427826, 8.96318817139, 10.5947208405, 5.0761346817, 2.50718927383, 1.42801070213, 1.1056804657, 0.687927961349, 0.314772933722, 0.12331956625, 0.037569116801, 0.00619524437934, 0.000210402766243, 5.4345899116e-05], "min": [9.02057928044e-17, 6.41462815516e-16, 2.63670959151e-15, 6.80281890796e-15, 1.177571546e-14, 1.35149739504e-14, 9.93801903563e-15, 6.58645662357e-15, 1.80509971662e-14, 8.13406620163e-14, 2.06478809202e-13, 2.42054179435e-13, 1.99319849362e-13, 1.972076609e-13, 7.87750263241e-14, 2.44298803192e-13, 1.20158847065e-13, 4.73447127856e-13, 4.00342736392e-13, 8.93286638236e-13, 9.2356200812e-13, 3.52919408107e-13, 4.89477978548e-13, 1.01194053137e-12, 1.4778297943e-12, 8.47871360794e-13, 1.26921932166e-12, 1.0187411895e-12, 1.14863750022e-12, 9.35273776828e-13, 1.27132755278e-12, 9.10428199843e-13, 9.06185879373e-13, 8.34237355845e-13, 6.51817846659e-13, 4.75301330412e-13, 2.51195982418e-13, 1.06015883735e-13, 2.35100550545e-14, 2.34869191966e-15], "dvar2": [1.73729729652, 69.1760635376, 159.922988892, 115.306533813, 96.8793106079, 333.314941406, 495.727081299, 591.378173828, 1223.46447754, 2635.90795898, 3845.65844727, 3474.26391602, 3894.7199707, 2529.52612305, 3372.18017578, 5310.20214844, 4912.86328125, 4849.23388672, 4147.47021484, 3678.89892578, 4742.23583984, 8891.56445313, 682.081176758, 650.94708252, 1029.5065918, 724.340332031, 539.417724609, 287.610565186, 351.635498047, 74.65184021, 27.7228965759, 43.1325950623, 40.7476158142, 5.54844236374, 0.769742131233, 0.221399560571, 0.0315060690045, 0.00144590868149, 7.50836034058e-06, 5.4660982407e-09], "dvar": [0.742583632469, 27.2902584076, 56.186504364, 39.9972457886, 36.2713432312, 130.838272095, 198.170394897, 260.523956299, 502.645721436, 1024.76245117, 1647.85412598, 1511.87683105, 1601.47851563, 1121.7923584, 1541.00634766, 2410.90258789, 2289.13598633, 2002.13867188, 1769.77160645, 1535.19970703, 1971.60498047, 3502.31591797, 278.465820313, 267.872192383, 411.389923096, 289.087615967, 218.470413208, 129.301422119, 151.536972046, 36.878452301, 13.9648752213, 23.1698493958, 21.5592498779, 2.93952465057, 0.386641263962, 0.103679090738, 0.0141341695562, 0.000648960936815, 2.94797860079e-06, 2.24168794638e-09], "dmean": [0.4010168612, 2.65881276131, 4.12682819366, 4.25850963593, 4.11457300186, 6.11228513718, 6.86025333405, 8.18374061584, 10.1732177734, 13.50897789, 17.5610923767, 18.9793186188, 19.9528121948, 14.7592391968, 17.9831504822, 23.8920688629, 24.8075809479, 25.0194377899, 24.6859397888, 23.3949756622, 27.9097423553, 35.2332763672, 11.0029592514, 11.2767372131, 14.278301239, 11.2792005539, 9.57612705231, 6.16134738922, 6.91384935379, 3.32871031761, 1.82162582874, 1.40668666363, 1.22174191475, 0.638510346413, 0.302127748728, 0.159374028444, 0.0578718557954, 0.0119373230264, 0.000678223790601, 2.90339703497e-05], "max": [7.78650522232, 39.6576042175, 75.7594070435, 84.5186843872, 90.6497421265, 262.290435791, 460.820098877, 418.994842529, 642.743591309, 1126.40087891, 1729.9519043, 1068.3704834, 1892.5559082, 1192.67529297, 1979.69311523, 3073.79077148, 2701.37988281, 1287.43469238, 1068.67529297, 902.79095459, 1597.53442383, 1929.29284668, 312.410644531, 354.824676514, 652.821899414, 461.919433594, 367.460723877, 391.808929443, 387.083312988, 222.5