{"metadata": {"tags": {"albumartist": ["A$AP Ferg"], "artist": ["A$AP Ferg"], "genre": ["Hip-Hop/Rap"], "originalartist": ["BLKSOUL"], "title": ["Talk It"], "tracknumber": ["19/19"], "album": ["Ferg Forever"], "musicbrainz_recordingid": ["0c187f01-59d6-4c77-82a1-36f9a0c9a808"], "discnumber": ["1/1"], "date": ["2014"], "file_name": "2185105.mp3", "composer": ["Clams Casino"]}, "audio_properties": {"sample_rate": 44100, "downmix": "mix", "lossless": false, "analysis_sample_rate": 44100, "md5_encoded": "4d5ef9787ff0a93ee51c702d657acade", "equal_loudness": 0, "replay_gain": -12.995218277, "codec": "mp3", "bit_rate": 192000, "length": 225.776321411}, "version": {"extractor": "music 1.0", "essentia_build_sha": "70f2e5ece6736b2c40cc944ad0e695b16b925413", "essentia_git_sha": "v2.1_beta2", "essentia": "2.1-beta2"}}, "rhythm": {"beats_loudness_band_ratio": {"dvar2": [0.174436911941, 0.0656811222434, 0.0689261928201, 0.0337039232254, 0.0317878052592, 0.0466814115644], "var": [0.0686222985387, 0.037551023066, 0.0521223172545, 0.0139362243935, 0.00739866076037, 0.0103360675275], "min": [0, 0, 0, 0, 0, 0], "dmean": [0.21452999115, 0.174622312188, 0.210867062211, 0.0897149294615, 0.0604987666011, 0.0756854563951], "mean": [0.275669842958, 0.244188338518, 0.314584255219, 0.0927296727896, 0.0510651431978, 0.0533868744969], "max": [0.948754906654, 0.920462012291, 0.993927180767, 0.866194546223, 0.827852904797, 0.982271194458], "dmean2": [0.388941347599, 0.298442989588, 0.371257454157, 0.16220857203, 0.113260373473, 0.145366594195], "median": [0.174629926682, 0.192323923111, 0.298802316189, 0.0560609512031, 0.0236275438219, 0.0175964888185], "dvar": [0.0518488325179, 0.0259960908443, 0.0287848059088, 0.0121073871851, 0.0101133193821, 0.0158219225705]}, "bpm_histogram_first_peak_weight": {"dvar2": 0, "var": 0, "min": 0.299107134342, "dmean": 0, "mean": 0.299107134342, "max": 0.299107134342, "dmean2": 0, "median": 0.299107134342, "dvar": 0}, "bpm": 129.259094238, "beats_count": 449, "bpm_histogram_first_peak_spread": {"dvar2": 0, "var": 0, "min": 0.355769217014, "dmean": 0, "mean": 0.355769217014, "max": 0.355769217014, "dmean2": 0, "median": 0.355769217014, "dvar": 0}, "danceability": 1.09684896469, "bpm_histogram_first_peak_bpm": {"dvar2": 0, "var": 0, "min": 129, "dmean": 0, "mean": 129, "max": 129, "dmean2": 0, "median": 129, "dvar": 0}, "beats_position": [0.487619042397, 0.975238084793, 1.47446703911, 1.97369611263, 2.46131515503, 2.94893407822, 3.34367346764, 3.72680258751, 4.13315200806, 4.53950119019, 4.95746040344, 5.35219955444, 5.74693870544, 6.14167785645, 6.52480697632, 6.8963265419, 7.26784563065, 7.66258478165, 8.05732440948, 8.46367359161, 8.87002277374, 9.27637195587, 9.67111110687, 10.077460289, 10.5882987976, 11.0875282288, 11.5867567062, 12.0859861374, 12.5852155685, 13.084444046, 13.5836734772, 14.0712919235, 14.5473012924, 15.0465307236, 15.5573692322, 16.0565986633, 16.5790481567, 17.0782756805, 17.5658950806, 18.0186843872, 18.483083725, 18.9474830627, 19.4234924316, 19.8994998932, 20.3755092621, 20.851518631, 21.339138031, 21.8383674622, 22.3375968933, 22.8136043549, 23.2896137238, 23.7656230927, 24.2416324615, 24.7176418304, 25.1936511993, 25.6928787231, 26.1921081543, 26.6913375854, 27.2021770477, 27.7130146027, 28.2238540649, 28.8159637451, 29.4196815491, 30.0350112915, 30.6503391266, 31.2772789001, 31.8926067352, 32.5311546326, 33.1580963135, 33.7850341797, 34.4003639221, 35.0156898499, 35.6426315308, 36.2927894592, 36.9429473877, 37.5931053162, 38.2200431824, 38.8353729248, 39.4507026672, 40.0544204712, 40.6465301514, 41.2386398315, 41.7262573242, 42.2370948792, 42.7363243103, 43.2007255554, 43.6651229858, 44.129524231, 44.5823135376, 45.046710968, 45.5111083984, 45.9522895813, 46.4050788879, 46.8694763184, 47.3338775635, 47.8098869324, 48.2742843628, 48.7502937317, 49.2263031006, 49.690700531, 50.1551017761, 50.6194992065, 51.0839004517, 51.5599098206, 52.0359191895, 52.5003166199, 52.9879341125, 53.4755554199, 53.9399528503, 54.4043540955, 54.8803634644, 55.3447608948, 55.8207702637, 56.3083877563, 56.8424491882, 57.3648986816, 57.8873443604, 58.3749656677, 58.8625831604, 59.3502044678, 59.8378219604, 60.3254394531, 60.8362808228, 61.3122901917, 61.7766876221, 62.2294769287, 62.6938781738, 63.1582756042, 63.6342849731, 64.2031707764, 64.748840332, 65.2945098877, 65.8517913818, 66.3974609375, 66.9431304932, 67.4888000488, 68.0344696045, 68.5569152832, 69.0793609619, 69.60181427, 70.1242599487, 70.6583175659, 71.1923828125, 71.6916122437, 72.2024459839, 72.701675415, 73.1776885986, 73.6536941528, 74.1413116455, 74.6289291382, 75.1165542603, 75.6041717529, 76.0917892456, 76.5561904907, 77.0321960449, 77.5082092285, 77.9842147827, 78.4602279663, 78.947845459, 79.4470748901, 79.9463043213, 80.561630249, 81.2001800537, 81.8387298584, 82.4540557861, 83.0693893433, 83.7079315186, 84.3348770142, 84.9618148804, 85.5887527466, 86.2040786743, 86.8194122314, 87.4463500977, 88.0732879639, 88.7002258301, 89.3271636963, 89.9541015625, 90.5810394287, 91.2079772949, 91.8349151611, 92.4386367798, 93.0539703369, 93.6692962646, 94.2846221924, 94.888343811, 95.5036697388, 96.1073913574, 96.7343292236, 97.3612670898, 97.9998168945, 98.6383666992, 99.2653045654, 99.9038543701, 100.542404175, 101.09967804, 101.668571472, 102.214241028, 102.725074768, 103.282356262, 103.839637756, 104.315643311, 104.780044556, 105.244445801, 105.720451355, 106.196456909, 106.672470093, 107.136871338, 107.601264954, 108.077278137, 108.588119507, 109.110565186, 109.621406555, 110.132240295, 110.631469727, 111.130699158, 111.595100403, 112.059501648, 112.523895264, 113.011520386, 113.499137878, 113.986755371, 114.462760925, 114.950386047, 115.426391602, 115.890792847, 116.378410339, 116.866027832, 117.353645325, 117.852874756, 118.363716125, 118.862945557, 119.362174988, 119.861404419, 120.372245789, 120.894691467, 121.417137146, 121.997642517, 122.56652832, 123.135414124, 123.773963928, 124.412513733, 125.051063538, 125.689613342, 126.316551208, 126.931877136, 127.570426941, 128.150924683, 128.743041992, 129.323532104, 129.904037476, 130.472915649, 131.041809082, 131.622314453, 132.202804565, 132.864578247, 133.51473999, 134.153289795, 134.815048218, 135.465209961, 136.103759766, 136.74230957, 137.392471313, 138.042633057, 138.588302612, 139.133972168, 139.668029785, 140.236907959, 140.794189453, 141.363082886, 141.931976318, 142.489242554, 143.058135986, 143.638641357, 144.21913147, 144.799636841, 145.380126953, 145.867752075, 146.355377197, 146.854598999, 147.35383606, 147.853057861, 148.352294922, 148.816680908, 149.281082153, 149.745483398, 150.209884644, 150.674285889, 151.138687134, 151.603088379, 152.067474365, 152.53187561, 152.996276855, 153.449066162, 153.901855469, 154.366256714, 154.830657959, 155.295059204, 155.759460449, 156.223846436, 156.688247681, 157.152648926, 157.605438232, 158.058227539, 158.522628784, 158.987030029, 159.451431274, 159.915817261, 160.380218506, 160.833007812, 161.285797119, 161.750198364, 162.214599609, 162.679000854, 163.1434021, 163.607803345, 164.060592651, 164.513381958, 164.977767944, 165.442169189, 165.906570435, 166.37097168, 166.835372925, 167.29977417, 167.764175415, 168.216964722, 168.669754028, 169.134140015, 169.59854126, 170.062942505, 170.52734375, 170.991744995, 171.45614624, 171.920547485, 172.384933472, 172.837722778, 173.290512085, 173.75491333, 174.219314575, 174.68371582, 175.148117065, 175.612518311, 176.065307617, 176.518096924, 176.982498169, 177.446884155, 177.9112854, 178.375686646, 178.828475952, 179.281265259, 179.745666504, 180.210067749, 180.674468994, 181.138870239, 181.603256226, 182.067657471, 182.532058716, 182.984848022, 183.437637329, 183.902038574, 184.366439819, 184.830841064, 185.29524231, 185.759628296, 186.224029541, 186.688430786, 187.152832031, 187.617233276, 188.070022583, 188.52281189, 188.987213135, 189.451599121, 189.916000366, 190.380401611, 190.844802856, 191.297592163, 191.761993408, 192.214782715, 192.67918396, 193.143585205, 193.607971191, 194.072372437, 194.536773682, 195.001174927, 195.465576172, 195.918365479, 196.371154785, 196.83555603, 197.299957275, 197.764343262, 198.217132568, 198.669921875, 199.13432312, 199.598724365, 200.06312561, 200.527526855, 200.991928101, 201.456329346, 201.920715332, 202.385116577, 202.837905884, 203.29069519, 203.755096436, 204.219497681, 204.683898926, 205.148300171, 205.612701416, 206.065490723, 206.529876709, 206.982666016, 207.447067261, 207.923080444, 208.352645874, 208.782211304, 209.211791992, 209.699401855, 210.198638916, 210.697860718, 211.289978027, 211.87046814, 212.462585449, 212.973419189, 213.461044312, 213.948654175, 214.401443481, 214.854232788, 215.307022095, 215.77142334, 216.247436523, 216.723449707, 217.176239014, 217.640625, 218.105026245, 218.56942749, 219.033828735, 219.49822998, 219.92779541, 220.322540283, 220.717269897, 221.112014771, 221.506759644, 221.901489258, 222.296234131, 222.679367065, 223.062484741, 223.445617676, 223.840362549, 224.235092163, 224.629837036, 225.036193848], "beats_loudness": {"dvar2": 0.00345982820727, "var": 0.00129025045317, "min": 0, "dmean": 0.028229592368, "mean": 0.0388348810375, "max": 0.169291585684, "dmean2": 0.051967471838, "median": 0.0336245186627, "dvar": 0.00108942459337}, "bpm_histogram_second_peak_weight": {"dvar2": 0, "var": 0, "min": 0.0736607164145, "dmean": 0, "mean": 0.0736607164145, "max": 0.0736607164145, "dmean2": 0, "median": 0.0736607164145, "dvar": 0}, "bpm_histogram_second_peak_spread": {"dvar2": 0, "var": 0, "min": 0.592592597008, "dmean": 0, "mean": 0.592592597008, "max": 0.592592597008, "dmean2": 0, "median": 0.592592597008, "dvar": 0}, "bpm_histogram_second_peak_bpm": {"dvar2": 0, "var": 0, "min": 120, "dmean": 0, "mean": 120, "max": 120, "dmean2": 0, "median": 120, "dvar": 0}, "onset_rate": 3.675968647}, "lowlevel": {"spectral_energyband_high": {"dvar2": 1.88941794477e-06, "var": 1.44627824739e-06, "min": 7.16883751908e-21, "dmean": 0.000381247547921, "mean": 0.000647091772407, "max": 0.0238720905036, "dmean2": 0.000571129261516, "median": 0.000232478632824, "dvar": 8.40072800656e-07}, "spectral_energyband_middle_low": {"dvar2": 0.000280978274532, "var": 0.000224365052418, "min": 1.82665854423e-22, "dmean": 0.00692447740585, "mean": 0.0167725458741, "max": 0.11176148057, "dmean2": 0.0109666073695, "median": 0.0144133809954, "dvar": 0.0001093022438}, "spectral_energy": {"dvar2": 0.000432990753325, "var": 0.00103768880945, "min": 1.00805334701e-20, "dmean": 0.0103029767051, "mean": 0.0333620235324, "max": 0.200976327062, "dmean2": 0.0159918833524, "median": 0.0281561352313, "dvar": 0.000188821999473}, "spectral_spread": {"dvar2": 1570533670910.0, "var": 9301506654210.0, "min": 222874, "dmean": 653286.6875, "mean": 4302710, "max": 42197836, "dmean2": 955801.25, "median": 4012700, "dvar": 894395940864}, "spectral_energyband_low": {"dvar2": 0.000293481367407, "var": 0.000651857175399, "min": 1.67178984463e-23, "dmean": 0.00530186202377, "mean": 0.0126337772235, "max": 0.189202398062, "dmean2": 0.00842322129756, "median": 0.00408148579299, "dvar": 0.000136332309921}, "spectral_rolloff": {"dvar2": 2479817, "var": 3643108.75, "min": 64.599609375, "dmean": 437.262451172, "mean": 1213.45703125, "max": 19681.3476562, "dmean2": 734.886352539, "median": 667.529296875, "dvar": 1180107}, "barkbands": {"dvar2": [6.88354703016e-07, 0.000192709063413, 0.000112353409349, 2.62600929091e-06, 6.06293251622e-05, 3.95743008994e-05, 9.58564633038e-05, 6.37142002233e-05, 7.69644429965e-06, 2.84786574412e-06, 8.51141976455e-07, 3.10489076583e-06, 1.80663937499e-06, 9.53602295795e-07, 6.54769849007e-07, 4.576305912e-07, 2.95505714121e-07, 3.90298822595e-07, 2.43077863615e-07, 1.17969882751e-07, 1.62764905554e-07, 1.77508752586e-07, 1.03327558065e-07, 1.35987733074e-07, 4.3902321778e-08, 4.93866103568e-09, 3.12658149371e-10], "var": [6.45311104108e-07, 0.000539676577318, 4.13395064243e-05, 9.98512859951e-07, 3.13824348268e-05, 3.25435757986e-05, 5.9912676079e-05, 2.79498308373e-05, 5.766022241e-06, 3.00626879834e-06, 6.20675450591e-07, 2.1875823677e-06, 1.55632847054e-06, 1.0258072507e-06, 5.22311950135e-07, 7.00648456586e-07, 1.79313218496e-07, 2.53948883255e-07, 2.38137360498e-07, 6.46484110689e-08, 1.22501361943e-07, 1.03596022427e-07, 7.97247281525e-08, 9.10956146072e-08, 1.49215235723e-08, 1.518821513e-09, 1.19038973123e-10], "min": [1.78029562097e-25, 4.32111892584e-24, 2.14389990389e-24, 1.73780515672e-24, 1.19464716833e-23, 6.28259356211e-24, 7.42321109484e-24, 6.88898029033e-24, 2.45049321906e-23, 1.67323235568e-23, 1.07892064245e-23, 3.64260530399e-23, 3.71517798292e-23, 3.55960356836e-23, 4.85443544056e-23, 3.61418927201e-23, 7.9228512953e-23, 7.6343288902e-23, 1.22077891157e-22, 2.16552365416e-22, 2.42573642883e-22, 3.75950357231e-22, 4.26573265459e-22, 6.39025194998e-22, 9.21601684084e-22, 1.26269786936e-21, 2.03133364315e-21], "dmean": [0.000172461266629, 0.00336337322369, 0.00300019979477, 0.000457592250314, 0.0021535444539, 0.00218622200191, 0.00309853837825, 0.00178907089867, 0.000785022217315, 0.000529277080204, 0.00021787598962, 0.000295553385513, 0.0003375581, 0.000276798644336, 0.000247597228736, 0.000140779520734, 0.00013064754603, 8.59755818965e-05, 0.0001384440111, 6.64276158204e-05, 0.000113553018309, 0.000103930186015, 8.3484701463e-05, 7.10049062036e-05, 2.57911724475e-05, 6.76140643918e-06, 1.56658177275e-06], "mean": [0.000244675728027, 0.00790732260793, 0.0041869985871, 0.000590080802795, 0.00404514186084, 0.00349547900259, 0.00478607043624, 0.00226534786634, 0.00129919149913, 0.000967889616732, 0.000337027857313, 0.000412813795265, 0.000517381064128, 0.000441485404735, 0.00039692921564, 0.000226649848628, 0.000204504758585, 0.000130517117213, 0.000208093348192, 0.000103187856439, 0.000176009416464, 0.000156016132678, 0.000120437958685, 9.95559094008e-05, 3.27546222252e-05, 8.91761101229e-06, 1.52556867761e-06], "max": [0.00994737446308, 0.180301487446, 0.0654395744205, 0.0150641780347, 0.0785552710295, 0.0650016963482, 0.0830119848251, 0.0722345560789, 0.0349365286529, 0.0385297834873, 0.0159649718553, 0.0503038987517, 0.0357417613268, 0.0164014697075, 0.0141706224531, 0.0314752981067, 0.0116575472057, 0.0208382532001, 0.00977840926498, 0.0073602902703, 0.00918347388506, 0.00716027896851, 0.00416213041171, 0.00792316813022, 0.00751520367339, 0.00268347444944, 0.000808453129139], "dmean2": [0.00027119970764, 0.00505115604028, 0.00516866659746, 0.000789857818745, 0.00352916074917, 0.00345008191653, 0.00499401427805, 0.00288571114652, 0.00121801323257, 0.000787688419223, 0.000344077823684, 0.000449192040833, 0.000518529675901, 0.000409215746913, 0.000382251746487, 0.000209449746762, 0.00021320025553, 0.000127981722471, 0.000207531644264, 0.000105382321635, 0.000175183668034, 0.000164140277775, 0.000126167360577, 0.000110140739707, 4.05649625463e-05, 1.06615179902e-05, 2.555225592e-06], "median": [6.4642849793e-06, 0.000799003290012, 0.00195077829994, 0.000239469634835, 0.00247415853664, 0.00149206339847, 0.00168382655829, 0.000489554367959, 0.000453706539702, 0.000434680987382, 0.000124369078549, 8.75846671988e-05, 0.000138976130984, 9.95013324427e-05, 0.000146502454299, 8.18476109998e-05, 7.42366391933e-05, 3.89229826396e-05, 5.42433772353e-05, 3.96833020204e-05, 5.54811158509e-05, 3.95439965359e-05, 2.30433452089e-05, 2.45927676588e-05, 7.75751595938e-06, 2.50157063419e-06, 1.22785678514e-07], "dvar": [3.00878326698e-07, 0.000109015105409, 3.67592983821e-05, 9.47387150063e-07, 2.21909322136e-05, 1.74123051693e-05, 3.43477913702e-05, 2.49905278906e-05, 3.23208701047e-06, 1.40804399962e-06, 3.78138366841e-07, 1.41097723372e-06, 8.64137120971e-07, 4.73578381843e-07, 2.95432613484e-07, 3.09884427452e-07, 1.14161686326e-07, 1.7343351999e-07, 1.20170426499e-07, 4.92707386002e-08, 7.44223598304e-08, 7.31381391006e-08, 4.70599914593e-08, 5.88760542541e-08, 1.67612785873e-08, 1.82257897663e-09, 1.25919330518e-10]}, "melbands_skewness": {"dvar2": 1.41183638573, "var": 2.52803444862, "min": -3.16245627403, "dmean": 0.70405292511, "mean": 2.33903574944, "max": 12.3984003067, "dmean2": 1.07431590557, "median": 2.1769657135, "dvar": 0.617972314358}, "barkbands_skewness": {"dvar2": 1.26247882843, "var": 1.85329711437, "min": -3.88245606422, "dmean": 0.588044404984, "mean": 1.70434248447, "max": 18.3435306549, "dmean2": 0.902610301971, "median": 1.61825621128, "dvar": 0.543871819973}, "erbbands": {"dvar2": [0.313538819551, 12.4827032089, 151.019302368, 43.0339241028, 228.402572632, 1026.04602051, 1132.07531738, 3371.13842773, 19736.0761719, 5427.14160156, 43908.5585938, 4879.01855469, 2121.23193359, 2463.57373047, 2816.85913086, 4515.22705078, 4140.70605469, 2399.16821289, 2232.96948242, 2147.17382812, 938.424560547, 731.904907227, 1454.26306152, 585.251037598, 422.942932129, 290.648651123, 221.932022095, 302.135955811, 266.272644043, 101.980400085, 102.530685425, 61.7333335876, 38.6292648315, 9.93397426605, 1.37708687782, 0.265173316002, 0.00796990934759, 0.000571084441617, 1.04445334728e-05, 6.25818463718e-09], "var": [0.917723238468, 18.2501926422, 53.2226142883, 21.0185394287, 102.255805969, 608.46484375, 974.538208008, 2540.89257812, 13243.3730469, 3392.28393555, 15236.9394531, 3800.67382812, 2310.66967773, 2455.20800781, 1716.90246582, 3199.11230469, 3281.46826172, 2880.79516602, 1686.6920166, 1961.58288574, 1086.08703613, 485.580932617, 792.561645508, 589.278137207, 345.037628174, 161.286849976, 148.238952637, 235.707458496, 157.014892578, 60.425037384, 70.31300354, 46.1680831909, 22.4438037872, 3.7714548111, 0.379055380821, 0.0692527368665, 0.00311825354584, 0.000225656011025, 3.60544436262e-06, 3.84885856519e-09], "min": [6.89579478638e-23, 7.65836718592e-22, 2.02564718033e-21, 5.45166468959e-21, 1.68845366792e-20, 2.80852698004e-20, 5.6314352705e-20, 7.75043289297e-20, 1.87817432688e-19, 2.05700444221e-19, 2.86600297866e-19, 4.74001839652e-19, 4.46204538565e-19, 7.81039857599e-19, 1.09003720792e-18, 1.75140274585e-18, 1.65606935307e-18, 1.55634177008e-18, 2.20251106958e-18, 2.35896959411e-18, 2.50408974718e-18, 5.16071118573e-18, 4.44188296161e-18, 6.87568737894e-18, 8.53800856308e-18, 8.7781564657e-18, 1.03606199791e-17, 9.73229524021e-18, 1.21712182512e-17, 1.23357519196e-17, 1.26409062922e-17, 1.08880534988e-17, 1.10168504832e-17, 9.13998098206e-18, 5.86630782876e-18, 4.17329245363e-18, 2.37098790802e-18, 1.05691338068e-18, 2.55354454956e-19, 2.93092483065e-20], "dmean": [0.12428946048, 0.776856064796, 3.35089254379, 2.03423166275, 4.10199451447, 8.93587875366, 12.5988368988, 19.4569015503, 45.2656707764, 26.1946201324, 41.0848922729, 20.3813648224, 11.0108556747, 16.5456199646, 9.78114700317, 12.2252607346, 15.211479187, 14.687874794, 13.8530855179, 9.57685184479, 7.7485499382, 5.4327878952, 4.44648838043, 6.46428155899, 5.55470180511, 3.32919621468, 3.48066306114, 5.29004573822, 3.98009705544, 2.48239278793, 2.46799826622, 1.73998630047, 1.01448893547, 0.414538621902, 0.116784453392, 0.0373257286847, 0.0112085146829, 0.00285039003938, 0.000249317352427, 1.71346382558e-05], "mean": [0.25722527504, 1.68544125557, 4.71699094772, 3.23237919807, 7.21786403656, 15.8579788208, 21.7245998383, 29.7875347137, 72.1594390869, 41.022731781, 51.6036071777, 34.7310447693, 22.3308429718, 28.4458522797, 15.7316303253, 18.1466941833, 24.3563117981, 25.6105747223, 22.2821083069, 16.1813182831, 13.4278593063, 9.18705368042, 7.13019514084, 10.0967264175, 8.45802116394, 5.2715883255, 5.39060306549, 8.18502044678, 5.99819993973, 3.52394843102, 3.48013567924, 2.50974154472, 1.36012947559, 0.526981770992, 0.147164031863, 0.0474964343011, 0.0148669509217, 0.00343281636015, 0.000254099519225, 4.58633039671e-05], "max": [7.46811008453, 33.8868103027, 70.0463562012, 42.2323684692, 165.456451416, 340.225708008, 407.538360596, 653.368103027, 1289.28491211, 598.325927734, 2042.72839355, 1077.93237305, 1122.52770996, 871.160644531, 1393.73278809, 1773.84631348, 1928.47021484, 980.394042969, 763.262817383, 1630.68640137, 956.125610352, 688.252929688, 1117.0168457, 405.647644043, 438.799346924, 356.6355896, 308.856842041, 304.781585693, 313.234558105, 120.125480652, 146.087219238, 135.61958313, 165.838684082, 105.5362854, 45.5131187439, 20.9015388489, 2.84942650795, 1.00910246372, 0.131782621145, 0.00286965444684], "dmean2": [0.166368559003, 1.31181335449, 5.81815576553, 3.43762540817, 6.81540060043, 14.5393075943, 19.8260784149, 31.0929374695, 71.6915206909, 42.4529800415, 66.9446105957, 31.2213993073, 16.16664505, 24.8361225128, 15.1579742432, 18.3051662445, 23.203836441, 21.6990013123, 21.0863246918, 13.9808330536, 11.8585014343, 8.44526100159, 6.55256080627, 9.53860855103, 8.6138381958, 5.25821065903, 5.37899446487, 8.19075489044, 6.15714931488, 3.94225525856, 3.79127573967, 2.69861006737, 1.58505010605, 0.650285542011, 0.181965231895, 0.0590713471174, 0.0177475046366, 0.0045842085965, 0.000405462342314, 2.63512665697e-05], "median": [0.00714738294482, 0.287109881639, 2.53420734406, 1.81683754921, 3.80604147911, 7.74322605133, 10.0922555923, 13.1514091492, 27.3209991455, 18.2221698761, 13.9733467102, 13.4348602295, 9.83451366425, 11.6825962067, 6.09513711929, 4.86926031113, 7.24357700348, 7.25009632111, 8.64543056488, 6.00571918488, 5.5800819397, 3.64037179947, 2.47002220154, 2.9729590416, 2.78963041306, 2.0915248394, 1.63211667538, 2.56055760384, 1.60327839851, 0.757848143578, 0.691201627254, 0.62809240818, 0.308609455824, 0.116674236953, 0.0327688753605, 0.0118817836046, 0.00408556964248, 0.000776353641413, 4.60243754787e-05, 3.7882320612e-05], "dvar": [0.21672360599, 5.25767087936, 49.3264656067, 15.3782939911, 82.1636962891, 384.320587158, 479.714508057, 1456.28039551, 7252.94873047, 2110.86621094, 16365.6113281, 2059.00341797, 1119.45251465, 1147.33764648, 1192.5703125, 2017.72277832, 1933.51086426, 1193.45874023, 995.582580566, 1141.32556152, 519.880859375, 301.019470215, 599.859741211, 289.674041748, 196.175415039, 121.697128296, 99.8275909424, 136.092041016, 110.791664124, 42.044631958, 44.8581581116, 26.9074172974, 16.5101222992, 3.89372420311, 0.4995482862, 0.0954233780503, 0.00307237310335, 0.000224962102948, 4.09812628277e-06, 2.56773313723e-09]}, "silence_rate_30dB": {"dvar2": 0.0325507372618, "var": 0.0437584072351, "min": 0, "dmean": 0.0156314279884, "mean": 0.954138815403, "max": 1, "dmean2": 0.0312660709023, "median": 1, "dvar": 0.0153869576752}, "melbands_spread": {"dvar2": 319.369293213, "var": 408.776611328, "min": 0.416294783354, "dmean": 6.27389574051, "mean": 17.2790470123, "max": 224.321060181, "dmean2": 9.45798015594, "median": 12.4239721298, "dvar": 166.219451904}, "melbands_crest": {"dvar2": 23.9811096191, "var": 34.0440979004, "min": 1.72769033909, "dmean": 3.35583519936, "mean": 14.0938396454, "max": 33.4766578674, "dmean2": 5.39120101929, "median": 12.7093868256, "dvar": 9.43312740326}, "zerocrossingrate": {"dvar2": 0.000297751510516, "var": 0.00234701996669, "min": 0.0048828125, "dmean": 0.0104051008821, "mean": 0.0488799400628, "max": 0.5234375, "dmean2": 0.0118309399113, "median": 0.0380859375, "dvar": 0.000293404940749}, "barkbands_kurtosis": {"dvar2": 491.684051514, "var": 239.751205444, "min": -1.92748606205, "dmean": 4.15888214111, "mean": 7.08361816406, "max": 524.96472168, "dmean2": 6.68652200699, "median": 3.72820663452, "dvar": 182.523986816}, "spectral_flux": {"dvar2": 0.00226435437799, "var": 0.00319379521534, "min": 6.45742903593e-11, "dmean": 0.0262688379735, "mean": 0.0825235322118, "max": 0.385294348001, "dmean2": 0.0415173508227, "median": 0.0780337825418, "dvar": 0.00107327860314}, "barkbands_crest": {"dvar2": 15.2555131912, "var": 21.796453476, "min": 2.44002056122, "dmean": 2.6776432991, "mean": 10.7074232101, "max": 26.3951148987, "dmean2": 4.30859994888, "median": 9.57467079163, "dvar": 6.29327344894}, "barkbands_flatness_db": {"dvar2": 0.00155103544239, "var": 0.00597152253613, "min": 0.0384570360184, "dmean": 0.0259510111064, "mean": 0.187278211117, "max": 0.498428314924, "dmean2": 0.0385794527829, "median": 0.16915141046, "dvar": 0.000768679077737}, "spectral_entropy": {"dvar2": 0.157502666116, "var": 0.560535430908, "min": 4.15583944321, "dmean": 0.234873995185, "mean": 7.10975885391, "max": 9.82084178925, "dmean2": 0.342909067869, "median": 7.24141407013, "dvar": 0.0802481994033}, "pitch_salience": {"dvar2": 0.0118288230151, "var": 0.0185898076743, "min": 0.124178022146, "dmean": 0.0726838484406, "mean": 0.586439907551, "max": 0.870443463326, "dmean2": 0.118919484317, "median": 0.607828915119, "dvar": 0.00483461143449}, "erbbands_spread": {"dvar2": 259.372741699, "var": 400.733947754, "min": 0.465053319931, "dmean": 8.74858474731, "mean": 32.3009719849, "max": 141.404586792, "dmean2": 13.4693641663, "median": 29.5799789429, "dvar": 117.96308136}, "dynamic_complexity": 4.58302593231, "spectral_contrast_valleys": {"dvar2": [0.373845756054, 0.283134549856, 0.202659606934, 0.220602661371, 0.33018296957, 0.446910411119], "var": [5.55583143234, 3.33698821068, 3.57511281967, 3.98741197586, 4.27086591721, 4.0953335762], "min": [-27.8979091644, -28.0006942749, -27.6712474823, -27.624628067, -27.4677314758, -27.4600486755], "dmean": [0.435909181833, 0.366049438715, 0.32130381465, 0.320874869823, 0.341087162495, 0.410957604647], "mean": [-8.26263427734, -6.74948406219, -7.7773771286, -8.36297798157, -8.67643928528, -10.9799976349], "max": [-4.88222932816, -4.30173683167, -5.13263607025, -5.72295570374, -5.67938327789, -7.17417860031], "dmean2": [0.721681058407, 0.594963371754, 0.510737895966, 0.486920803785, 0.486561536789, 0.570075690746], "median": [-7.59356212616, -6.37328767776, -7.33642339706, -7.83798313141, -8.04826641083, -10.4592103958], "dvar": [0.15356823802, 0.126875579357, 0.101164475083, 0.120563440025, 0.187242001295, 0.256240010262]}, "hfc": {"dvar2": 186.738098145, "var": 226.104217529, "min": 1.05356075562e-16, "dmean": 5.97127532959, "mean": 17.6076374054, "max": 234.901763916, "dmean2": 8.85196304321, "median": 15.8554878235, "dvar": 82.8079528809}, "spectral_kurtosis": {"dvar2": 381.159606934, "var": 803.522888184, "min": -1.38161408901, "dmean": 5.10266065598, "mean": 12.1407117844, "max": 395.702911377, "dmean2": 8.30358314514, "median": 4.59453964233, "dvar": 141.686843872}, "mfcc": {"mean": [-692.90222168, 138.357589722, 13.0954608917, 10.8525276184, -7.84087324142, -2.66744565964, -15.9386854172, -9.67019081116, -5.32911014557, 0.749607264996, -2.60662078857, -1.70413661003, -5.42032432556], "cov": [[16878.8085938, -660.084411621, -350.119995117, 1360.0604248, 657.701049805, 1394.05517578, 676.67364502, 806.410644531, 520.086364746, 505.8543396, 309.65838623, 562.88092041, 56.7443771362], [-660.084411621, 2193.66357422, -240.037734985, -273.401153564, 63.3085212708, -17.5218353271, 196.22303772, 7.24239778519, 44.0227394104, -10.3122367859, 18.6694049835, 32.6216049194, -7.90605306625], [-350.119995117, -240.037734985, 1017.88751221, 257.870941162, 108.006103516, 166.647354126, 49.2755699158, 77.5352249146, 51.1694297791, 69.7130508423, 18.8617649078, 75.5037155151, 71.9304351807], [1360.0604248, -273.401153564, 257.870941162, 678.78503418, 260.195404053, 214.945083618, 23.7669219971, 97.3150939941, 91.6382369995, 89.4246826172, 34.7272529602, 43.8620147705, 68.8940582275], [657.701049805, 63.3085212708, 108.006103516, 260.195404053, 365.117156982, 165.12953186, 24.5661220551, 68.4646911621, 47.4844169617, 79.593963623, 17.9856357574, 36.2175178528, 40.2684860229], [1394.05517578, -17.5218353271, 166.647354126, 214.945083618, 165.12953186, 377.179473877, 166.251434326, 143.644317627, 112.930931091, 88.3001251221, 42.3479728699, 96.2257843018, 28.5680370331], [676.67364502, 196.22303772, 49.2755699158, 23.7669219971, 24.5661220551, 166.251434326, 344.815307617, 136.846939087, 76.682472229, 39.9123077393, 56.9169769287, 107.09677124, -4.02077770233], [806.410644531, 7.24239778519, 77.5352249146, 97.3150939941, 68.4646911621, 143.644317627, 136.846939087, 256.539642334, 88.1733627319, 8.94770717621, 37.9176025391, 76.9011535645, 20.6118431091], [520.086364746, 44.0227394104, 51.1694297791, 91.6382369995, 47.4844169617, 112.930931091, 76.682472229, 88.1733627319, 189.941848755, 59.8207321167, 17.5147304535, 44.7878646851, 16.0496139526], [505.8543396, -10.3122367859, 69.7130508423, 89.4246826172, 79.593963623, 88.3001251221, 39.9123077393, 8.94770717621, 59.8207321167, 186.977233887, 62.2586135864, 37.4982452393, 11.1469945908], [309.65838623, 18.6694049835, 18.8617649078, 34.7272529602, 17.9856357574, 42.3479728699, 56.9169769287, 37.9176025391, 17.5147304535, 62.2586135864, 127.879707336, 62.1945648193, 7.24023675919], [562.88092041, 32.6216049194, 75.5037155151, 43.8620147705, 36.2175178528, 96.2257843018, 107.09677124, 76.9011535645, 44.7878646851, 37.4982452393, 62.1945648193, 180.123275757, 39.5252037048], [56.7443771362, -7.90605306625, 71.9304351807, 68.8940582275, 40.2684860229, 28.5680370331, -4.02077770233, 20.6118431091, 16.0496139526, 11.1469945908, 7.24023675919, 39.5252037048, 121.449195862]], "icov": [[0.000117396994028, 2.703957216e-05, 0.000162455049576, -0.000171143998159, 6.86457933625e-05, -0.000319126731483, 2.51933415711e-05, -0.000168661368662, 3.62150240107e-05, -0.000159524788614, 2.9794198781e-05, -0.00019256125961, 0.000100289420516], [2.703957216e-05, 0.00056797004072, 0.000124234953546, 0.000280955398921, -0.00039406484575, 8.27802723506e-05, -0.000432165979873, 0.000136477683554, -0.000231269048527, 9.58827586146e-05, -7.93340950622e-05, 1.56927271746e-05, -0.000113516070996], [0.000162455049576, 0.000124234953546, 0.00139364192728, -0.000517659122124, 0.000161207601195, -0.000702173332684, 2.15264371946e-05, -0.000311908806907, 0.000177016059752, -0.00046329171164, 0.000281492044451, -0.000511774036568, -0.000265304057393], [-0.000171143998159, 0.000280955398921, -0.000517659122124, 0.00283535313793, -0.00151796010323, -0.000125023434521, 0.000126019091113, 0.000156718073413, -0.000625597662292, 0.000263508263743, -0.000502580835018, 0.000697417359333, -0.000831790093798], [6.86457933625e-05, -0.00039406484575, 0.000161207601195, -0.00151796010323, 0.00470983609557, -0.00152266409714, 0.000800458830781, -0.000744704040699, 0.000788936333265, -0.00137785437983, 0.000666563457344, -0.000207934572245, -0.000292541371891], [-0.000319126731483, 8.27802723506e-05, -0.000702173332684, -0.000125023434521, -0.00152266409714, 0.00632290635258, -0.00172279716935, -0.000521297450177, -0.00115784641821, -0.000483408657601, 0.000473714375403, -0.000282052555121, -4.87914621772e-05], [2.51933415711e-05, -0.000432165979873, 2.15264371946e-05, 0.000126019091113, 0.000800458830781, -0.00172279716935, 0.00515035353601, -0.00157584738918, -0.000143629324157, -0.000220855290536, -0.000540468026884, -0.00163385050837, 0.00105686159804], [-0.000168661368662, 0.000136477683554, -0.000311908806907, 0.000156718073413, -0.000744704040699, -0.000521297450177, -0.00157584738918, 0.00673224776983, -0.0020269821398, 0.00223982590251, -0.0012396837119, -0.000363385333912, -0.000387222069548], [3.62150240107e-05, -0.000231269048527, 0.000177016059752, -0.000625597662292, 0.000788936333265, -0.00115784641821, -0.000143629324157, -0.0020269821398, 0.00769631331787, -0.00234951893799, 0.00133615743835, -0.000430432643043, -0.000172910018591], [-0.000159524788614, 9.58827586146e-05, -0.00046329171164, 0.000263508263743, -0.00137785437983, -0.000483408657601, -0.000220855290536, 0.00223982590251, -0.00234951893799, 0.00854602362961, -0.00391480606049, 0.000480100832647, -7.95033156464e-06], [2.9794198781e-05, -7.93340950622e-05, 0.000281492044451, -0.000502580835018, 0.000666563457344, 0.000473714375403, -0.000540468026884, -0.0012396837119, 0.00133615743835, -0.00391480606049, 0.0114601291716, -0.003194531193, 0.000498542154673], [-0.00019256125961, 1.56927271746e-05, -0.000511774036568, 0.000697417359333, -0.000207934572245, -0.000282052555121, -0.00163385050837, -0.000363385333912, -0.000430432643043, 0.000480100832647, -0.003194531193, 0.00920639652759, -0.00265158014372], [0.000100289420516, -0.000113516070996, -0.000265304057393, -0.000831790093798, -0.000292541371891, -4.87914621772e-05, 0.00105686159804, -0.000387222069548, -0.000172910018591, -7.95033156464e-06, 0.000498542154673, -0.00265158014372, 0.00987461302429]]}, "silence_rate_20dB": {"dvar2": 0, "var": 0, "min": 1, "dmean": 0, "mean": 1, "max": 1, "dmean2": 0, "median": 1, "dvar": 0}, "melbands_kurtosis": {"dvar2": 391.212402344, "var": 344.247894287, "min": -1.85879790783, "dmean": 6.65134048462, "mean": 13.3440074921, "max": 414.859283447, "dmean2": 10.4496135712, "median": 8.43128299713, "dvar": 164.428314209}, "barkbands_spread": {"dvar2": 125.541755676, "var": 137.127822876, "min": 0.106211401522, "dmean": 4.9698805809, "mean": 14.6097154617, "max": 97.1483840942, "dmean2": 7.76714944839, "median": 11.7770519257, "dvar": 57.9663276672}, "erbbands_skewness": {"dvar2": 0.767359256744, "var": 1.04733359814, "min": -3.3506321907, "dmean": 0.489125102758, "mean": 0.829235374928, "max": 11.6849775314, "dmean2": 0.750206768513, "median": 0.743776977062, "dvar": 0.328081429005}, "average_loudness": 0.68159288168, "spectral_centroid": {"dvar2": 251140.109375, "var": 809376.0625, "min": 214.418518066, "dmean": 233.040618896, "mean": 992.573974609, "max": 11615.1474609, "dmean2": 347.660522461, "median": 807.514038086, "dvar": 134714.125}, "dissonance": {"dvar2": 0.0024451459758, "var": 0.00272168824449, "min": 0.11412858218, "dmean": 0.027996212244, "mean": 0.431270897388, "max": 0.500000059605, "dmean2": 0.0462709926069, "median": 0.444414228201, "dvar": 0.000908306159545}, "erbbands_flatness_db": {"dvar2": 0.00129258423112, "var": 0.00560363987461, "min": 0.0565080456436, "dmean": 0.022294556722, "mean": 0.200331151485, "max": 0.505710422993, "dmean2": 0.0330023281276, "median": 0.183824568987, "dvar": 0.000630315800663}, "spectral_strongpeak": {"dvar2": 1.17133176327, "var": 0.932943642139, "min": 0, "dmean": 0.52455663681, "mean": 1.04426515102, "max": 12.018204689, "dmean2": 0.863163352013, "median": 0.745897769928, "dvar": 0.478950917721}, "spectral_rms": {"dvar2": 1.92059019355e-06, "var": 7.92114133219e-06, "min": 3.13602724518e-12, "dmean": 0.000830089324154, "mean": 0.00496257049963, "max": 0.0140026593581, "dmean2": 0.00125118542928, "median": 0.00524112582207, "dvar": 8.92925072549e-07}, "silence_rate_60dB": {"dvar2": 0.0445818044245, "var": 0.133333221078, "min": 0, "dmean": 0.0205676667392, "mean": 0.158457577229, "max": 1, "dmean2": 0.0411395654082, "median": 0, "dvar": 0.0201460048556}, "melbands": {"dvar2": [1.62684682437e-05, 2.79048927041e-05, 1.44068837926e-06, 3.44799923369e-06, 1.19615197036e-06, 1.52854158841e-06, 4.76813193018e-06, 7.33244348794e-07, 2.7040821351e-06, 1.49374869807e-07, 5.49290497531e-08, 4.74106656156e-08, 2.24704344021e-08, 5.01761725502e-08, 2.08318340356e-08, 2.1906901182e-08, 9.5250296539e-09, 7.08547087669e-09, 3.07605385608e-09, 4.45138947924e-09, 1.68045699578e-09, 9.99395233237e-10, 1.87808590901e-09, 7.22855220125e-10, 4.93482421593e-10, 4.35083774564e-10, 1.24867671758e-10, 1.58956167673e-10, 7.78980838168e-11, 1.48604184513e-10, 1.14746642743e-10, 1.15647297294e-10, 7.66200436431e-11, 2.8197992552e-11, 4.11316848636e-11, 2.98166109858e-11, 2.51273377105e-11, 2.14013286259e-11, 1.69542001965e-11, 5.45188070036e-12], "var": [5.41696936125e-05, 1.43618890434e-05, 6.65938671318e-07, 2.0445586415e-06, 9.4057941169e-07, 1.18745083455e-06, 3.06118795379e-06, 5.01528859331e-07, 9.03630734683e-07, 1.25653144778e-07, 5.62009496718e-08, 4.6670812992e-08, 1.46882630503e-08, 3.68486006153e-08, 1.51654333536e-08, 1.59410316058e-08, 1.15185603278e-08, 5.2210293866e-09, 2.47751952287e-09, 5.92726179249e-09, 1.33503597066e-09, 6.01202809758e-10, 1.00387220758e-09, 4.57354126793e-10, 4.76783446057e-10, 3.86677523334e-10, 7.94991641961e-11, 7.65980820439e-11, 4.82765424858e-11, 9.25962154175e-11, 8.61626048287e-11, 6.88666901283e-11, 2.65036378261e-11, 1.99421434227e-11, 2.57983513025e-11, 2.30635770898e-11, 1.70267498018e-11, 1.38863391272e-11, 6.60168794631e-12, 1.94233409738e-12], "min": [9.8274161648e-25, 1.16083376976e-24, 1.33836740952e-24, 1.75806172426e-24, 2.77270014258e-24, 1.95576683319e-24, 2.80846827932e-24, 1.83234796685e-24, 2.24068445949e-24, 3.35824240468e-24, 1.93054537233e-24, 3.05873795137e-24, 2.93278348887e-24, 3.85733497789e-24, 3.24500852148e-24, 2.99381607938e-24, 2.21594321771e-24, 3.53537599335e-24, 3.55231480914e-24, 2.40111411571e-24, 2.56835972737e-24, 4.25273888485e-24, 3.39046303392e-24, 4.79899863488e-24, 5.06552120817e-24, 4.97472647342e-24, 5.27312652145e-24, 5.20982516698e-24, 5.55223734263e-24, 5.75628213223e-24, 5.07763022306e-24, 6.68728827839e-24, 6.45088402003e-24, 5.32413781746e-24, 5.67805829043e-24, 5.34642826563e-24, 6.38887639744e-24, 6.79404719128e-24, 6.96226467957e-24, 7.260537721e-24], "dmean": [0.000971385918092, 0.00142859283369, 0.000368246051949, 0.000522564398125, 0.00040152555448, 0.000421680073487, 0.000693866284564, 0.000295879290206, 0.000317142432323, 0.000112996749522, 5.48110256204e-05, 7.17085786164e-05, 3.07924747176e-05, 3.47328787029e-05, 3.2045700209e-05, 3.35988006555e-05, 2.88477185677e-05, 2.27975160669e-05, 1.51086451297e-05, 1.19643545986e-05, 1.02768362922e-05, 6.92674439051e-06, 4.22201583206e-06, 4.32528167948e-06, 5.65380787521e-06, 5.57978592042e-06, 2.53459097621e-06, 2.26418023885e-06, 1.92691936718e-06, 3.09312599711e-06, 3.30930629389e-06, 2.5787173854e-06, 1.72472186932e-06, 1.36966514219e-06, 1.55285283654e-06, 1.2632195876e-06, 1.06059519567e-06, 8.11860047634e-07, 5.20051912645e-07, 3.07915797748e-07], "mean": [0.00222099642269, 0.00239590113051, 0.000621360726655, 0.000960898294579, 0.000719415198546, 0.000651713402476, 0.00108567101415, 0.000443124095909, 0.000406568171456, 0.000192833627807, 0.000106758459879, 0.000119272968732, 4.83478725073e-05, 4.88519326609e-05, 4.82642390125e-05, 5.08096236445e-05, 4.80142698507e-05, 3.45997686964e-05, 2.41170127993e-05, 1.90807677427e-05, 1.60871513799e-05, 1.08878857645e-05, 6.30598697171e-06, 6.50413176118e-06, 8.33786543808e-06, 8.00802718004e-06, 3.77755054615e-06, 3.35570462084e-06, 2.80814401776e-06, 4.52779249827e-06, 4.88920295538e-06, 3.76275806957e-06, 2.228771109e-06, 1.89803631656e-06, 2.07028074328e-06, 1.79386631771e-06, 1.44918635669e-06, 1.03533443507e-06, 6.67064227855e-07, 3.67872814877e-07], "max": [0.0578298792243, 0.0354013480246, 0.0096664680168, 0.019124019891, 0.0111751379445, 0.0140440063551, 0.0192347560078, 0.00860475748777, 0.0163377840072, 0.00647159991786, 0.00590883335099, 0.0039107631892, 0.00324589060619, 0.00775530841202, 0.00268629076891, 0.00413429737091, 0.00167135184165, 0.00140876031946, 0.00110355543438, 0.00314734061249, 0.00134605332278, 0.00085017294623, 0.00167550274637, 0.000644577492494, 0.000391549954657, 0.000471837614896, 0.000193900617887, 0.000287051778287, 0.000161779054906, 0.00033536189585, 0.00016764877364, 0.000222549511818, 9.67328451225e-05, 7.39520037314e-05, 8.15800303826e-05, 8.85231929715e-05, 8.9916640718e-05, 9.21540777199e-05, 0.000144087112858, 7.43171549402e-05], "dmean2": [0.00135529227555, 0.0024743557442, 0.000622110790573, 0.00084944505943, 0.000637954042759, 0.000672108493745, 0.00110736046918, 0.000473458785564, 0.00051915529184, 0.000171725769178, 8.11482168501e-05, 0.000107630774437, 4.81663155369e-05, 5.23512753716e-05, 4.98839144711e-05, 5.15078900207e-05, 4.29690990131e-05, 3.48596768163e-05, 2.29337820201e-05, 1.76964967977e-05, 1.60977033374e-05, 1.10027076516e-05, 6.44233386993e-06, 6.54051791571e-06, 8.44971964398e-06, 8.52828907227e-06, 3.97645908379e-06, 3.64737752534e-06, 3.00021019939e-06, 4.87416582473e-06, 5.17269472766e-06, 3.96266796088e-06, 2.90569528261e-06, 2.13544672079e-06, 2.40608619606e-06, 1.95037546291e-06, 1.67160999354e-06, 1.28916394715e-06, 8.13320014004e-07, 4.92654407935e-07], "median": [0.000