{"metadata": {"tags": {"albumartist": ["Atmosphere"], "musicbrainz_artistid": ["ef954679-5ee7-4016-acef-7ac71f2fa3d8"], "artist": ["Atmosphere"], "genre": ["Summer song"], "musicbrainz_albumid": ["e14c1b8a-e0fb-4ef7-bb52-2ca35b5e7240"], "discnumber": ["01/01"], "title": ["Slug's Anwsering Machine"], "tracknumber": ["20/32"], "musicbrainz_albumartistid": ["ef954679-5ee7-4016-acef-7ac71f2fa3d8"], "musicbrainz_releasegroupid": ["1976f84e-4da2-33cf-abad-753f5aa8c0fb"], "album": ["Sad Clown Bad Dub 7"], "musicbrainz_recordingid": ["0c23e09b-c756-4c91-b3ba-6f665076a30d"], "script": ["Latin"], "albumartistsort": ["Atmosphere"], "artistsort": ["Atmosphere"], "date": ["2003"], "acoustid_id": ["fd76199d-8bf5-4d84-8c5c-4cbbc9a06388"], "file_name": "20 Slug's Anwsering Machine.mp3", "acoustid_fingerprint": ["AQABjlqoRJmyZMF1F1-Wo9yF_IGOPJFx9iij4qj749lxHk-OSynhRzm-J4gz6K9w5Udo5bDDI7QxPjik_fjxJtkHRZuO-NGCkszxHVeO43fQR_GQUD1CCg_uYHqjoSmSR4hFHZ1yXOuFimIO0i-S6Uirow7O43LwPTijE9eOJP4RZol-odfxopcQa3nw5BF6H7qK5ic0kciTL3hkK_iCJjr64zSuLMiR5D9-IS-SR0fF48uWBVcO7wQf4uqGtM2H5Eky-DzKfDiTJ6g4IlK06EdSD88w5wmuN8iTsJDOI36GzkcTXniSY9eNl_hnhFZqaFykC6F2NJN-PPgX9MkRUoKc6DjxSA60VA_Cj_hwFc3x_XA28niOdDK045fxHk9y6I8QPbhwJbpAZscdB28UI0wO7UaeDFfyBU0-oUMSOkLOow0tXMrxomuO6kfCIJKT7LhB-viFdwl2xIkWHrqKkBLS58IP7TouCp-O58cVTiF6PUiWE99xSYrRwsoSHv2P6siD5Jge8Mfj7DiFVyOSb1wQPUd5nEGfPXiOymGHaI0WaNaJ58KP3zHI6DM0TUHOLIP74Lh5pFWIMfHRU3ihL_vRPEqFasozNKXQaVmI2yiPpiYTXEuUjLgi_AhyDX2MRtTk4IcQMqEE7zh5HOGmGmdqKD8-9AwVowkpQyaHkFqOJsqIMwn-4c5BJQ5yQj_YrAg_B81__AgVMoGeKMFFGvlRHdHtoWt4NGl0HLoaPD9qBw2lWdDOB00oBnIYDT0cmuiT5Xj2BLlQ1Bq-GE414WeQH3ISHs2eCDnxC_WHh6kQXcchP4J4LZRxRgnyo1l2VHqkRPgm_EQTLgp6IjmeiBlCfjuaSk9whGMmXFoOxdmRHj4qfniWI4wYbqhkDW8CHd-qw26q4MrR5EHLFc9HNOGFvllxLTqO3MfxRIHrBF-CI5d0aMniRDjx8Ihz1EkWY1eOI0cvpVHRhFOEnIqLKz4c5Raup8FRmRmaKkmO_NCNJ8oyHWE-olbyIM6PSos2Qs9wHuEX5JgsWoHjEFU4vGKgk8d3NN0yidCeB02dHe0yqAm9oIdDk-iT5cGVCPmBa-i1eAhzGWegH2VCaUj34SYuVFSHPNqh5xE-VNePRtOSELpyhH7RLCN-KcGNzxGcR0fOB4pd5BFzlF1zNN3x5sIrZUUoaYPW7chfAAIMIEx4RQADxBFCiWJAKAIEUIBAI5xBBgBGgBFEUASEIhQgowAAxEgsICMAICAAEcAwoQgzxAmCgDBgKYaQMAYKhZQRACHCBAGCEQGAY4QYogwFiBgioUDaAAcBAgQwJQkEDggBDEaKCWUIMA4IiQQmggAkGGDMSKGQhUIaJACBCAECjHAACQMZIE4IQSW7RAEBEAAGMwEAEQQTBgwQzAThABVACAUcEAQaxRRxQgajwFAWSAQQEEQQwAgAIFgBhAXMCCEsAAQJ54BSQDAAjhIEQAAMUYIKAhgRAABgjCWLAYSQQMgI4AARRhCkOBmAMCUGIV8ABAAQQiAHCEBAGEGMdAkoB4BCCAAgIAKII0eEOwAJMAAwiBBCBRCIEAUMMAIIBQ"], "language": ["eng"]}, "audio_properties": {"sample_rate": 44100, "downmix": "mix", "lossless": false, "analysis_sample_rate": 44100, "md5_encoded": "4bcc10aeac4d2f434f2c9828dbc88e01", "equal_loudness": 0, "replay_gain": -7.0985660553, "codec": "mp3", "bit_rate": 320160, "length": 52.2187767029}, "version": {"extractor": "music 1.0", "essentia_build_sha": "2d9f1f26377add8aeb1075a9c2973f962c4f09fd", "essentia_git_sha": "v2.1_beta2-1-ge3940c0", "essentia": "2.1-beta2"}}, "rhythm": {"beats_loudness_band_ratio": {"dvar2": [0.269239604473, 0.0412621535361, 0.0933270677924, 0.0999692827463, 0.0345825664699, 0.0026315562427], "var": [0.128834068775, 0.0133085893467, 0.0357697606087, 0.0278142970055, 0.0101804304868, 0.000534248480108], "min": [0.00237619644031, 0.00272240908816, 0.00229646451771, 0.000873056647833, 0.000496004184242, 7.84720759839e-05], "dmean": [0.407953590155, 0.0971668064594, 0.200508877635, 0.161963775754, 0.069121748209, 0.0118263345212], "mean": [0.613324701786, 0.0827038213611, 0.155946880579, 0.111080907285, 0.0549721382558, 0.00913984328508], "max": [0.990102052689, 0.71145939827, 0.833667099476, 0.924440085888, 0.591679394245, 0.245366439223], "dmean2": [0.725686788559, 0.174867451191, 0.369223713875, 0.299536734819, 0.124648407102, 0.0217269435525], "median": [0.800394058228, 0.034529954195, 0.0638961493969, 0.0379487723112, 0.0188114307821, 0.00296433223411], "dvar": [0.110016301274, 0.0160828251392, 0.038240198046, 0.0350751541555, 0.0132495090365, 0.000922327046283]}, "bpm_histogram_first_peak_weight": {"dvar2": 0, "var": 0, "min": 0.379844963551, "dmean": 0, "mean": 0.379844963551, "max": 0.379844963551, "dmean2": 0, "median": 0.379844963551, "dvar": 0}, "bpm": 153.365356445, "beats_count": 130, "bpm_histogram_first_peak_spread": {"dvar2": 0, "var": 0, "min": 0.124999992549, "dmean": 0, "mean": 0.124999992549, "max": 0.124999992549, "dmean2": 0, "median": 0.124999992549, "dvar": 0}, "danceability": 1.5707089901, "bpm_histogram_first_peak_bpm": {"dvar2": 0, "var": 0, "min": 152, "dmean": 0, "mean": 152, "max": 152, "dmean2": 0, "median": 152, "dvar": 0}, "beats_position": [0.429569154978, 0.870748281479, 1.28870749474, 1.67183673382, 2.0549659729, 2.4497051239, 2.8444442749, 3.23918366432, 3.62231278419, 4.01705217361, 4.41179132462, 4.80653047562, 5.20126962662, 5.59600877762, 6.01396799088, 6.43192720413, 6.84988641739, 7.26784563065, 7.6858048439, 8.09215450287, 8.48689365387, 8.893242836, 9.287981987, 9.682721138, 10.0890703201, 10.4954195023, 10.8901586533, 11.2732877731, 11.6680269241, 12.051156044, 12.4342851639, 12.8174142838, 13.1889343262, 13.5604534149, 13.9087524414, 14.2570514679, 14.6053514481, 14.9652605057, 15.3367795944, 15.696688652, 16.0565986633, 16.4165077209, 16.8112468719, 17.2059860229, 17.5775051117, 18.0302944183, 18.4598636627, 18.9010429382, 19.3538322449, 19.7950115204, 20.2245807648, 20.6657600403, 21.0837192535, 21.5248966217, 21.942855835, 22.3956451416, 22.8600444794, 23.3244438171, 23.7888431549, 24.2416324615, 24.6828117371, 25.1123809814, 25.4955101013, 25.8786392212, 26.2385482788, 26.6216773987, 27.0048065186, 27.3995456696, 27.7942848206, 28.1774139404, 28.5605430603, 28.9552822113, 29.3500213623, 29.7447605133, 30.1278915405, 30.5226306915, 30.9173698425, 31.3004989624, 31.6952381134, 32.0899772644, 32.4847145081, 32.8678436279, 33.2509727478, 33.6457138062, 34.0404510498, 34.4235839844, 34.8067131042, 35.2014503479, 35.5961914063, 35.9793205261, 36.362449646, 36.7571868896, 37.151927948, 37.5350570679, 37.9297943115, 38.3245353699, 38.7076644897, 39.0907936096, 39.4739227295, 39.8686599731, 40.2634010315, 40.6581382751, 41.0528793335, 41.4476165771, 41.8423576355, 42.2254867554, 42.6086158752, 42.9917449951, 43.3864860535, 43.7696151733, 44.164352417, 44.5590934753, 44.953830719, 45.3369598389, 45.7200889587, 46.1148300171, 46.5095672607, 46.9043083191, 47.3106575012, 47.7286148071, 48.1465759277, 48.5529251099, 48.9708824158, 49.4004516602, 49.8068008423, 50.2015419006, 50.5962791443, 50.9794082642, 51.362537384, 51.7572784424], "beats_loudness": {"dvar2": 0.00193853920791, "var": 0.000940180674661, "min": 9.28086883505e-05, "dmean": 0.0341780297458, "mean": 0.0455734096467, "max": 0.155840262771, "dmean2": 0.0608961507678, "median": 0.0408980622888, "dvar": 0.000757177593186}, "bpm_histogram_second_peak_weight": {"dvar2": 0, "var": 0, "min": 0.255813956261, "dmean": 0, "mean": 0.255813956261, "max": 0.255813956261, "dmean2": 0, "median": 0.255813956261, "dvar": 0}, "bpm_histogram_second_peak_spread": {"dvar2": 0, "var": 0, "min": 0.108108155429, "dmean": 0, "mean": 0.108108155429, "max": 0.108108155429, "dmean2": 0, "median": 0.108108155429, "dvar": 0}, "bpm_histogram_second_peak_bpm": {"dvar2": 0, "var": 0, "min": 157, "dmean": 0, "mean": 157, "max": 157, "dmean2": 0, "median": 157, "dvar": 0}, "onset_rate": 5.14997243881}, "lowlevel": {"spectral_energyband_high": {"dvar2": 2.00416661045e-08, "var": 1.96307965439e-08, "min": 7.89504312797e-21, "dmean": 5.07774675498e-05, "mean": 7.99589106464e-05, "max": 0.00166347110644, "dmean2": 7.47024896555e-05, "median": 2.99580460705e-05, "dvar": 1.00811465842e-08}, "spectral_energyband_middle_low": {"dvar2": 0.000187674042536, "var": 0.000127185019664, "min": 4.17934115209e-22, "dmean": 0.00557602057233, "mean": 0.00968395825475, "max": 0.130730628967, "dmean2": 0.00877008959651, "median": 0.00618190690875, "dvar": 7.99517438281e-05}, "spectral_energy": {"dvar2": 0.000852556026075, "var": 0.000925255648326, "min": 1.11286480466e-20, "dmean": 0.0168930646032, "mean": 0.0385896898806, "max": 0.298585355282, "dmean2": 0.0253144726157, "median": 0.0348137095571, "dvar": 0.000387592299376}, "spectral_spread": {"dvar2": 1514952458240.0, "var": 2504105394180.0, "min": 923807.5625, "dmean": 573480.4375, "mean": 3064235.75, "max": 40640856, "dmean2": 815732.0625, "median": 2796980.75, "dvar": 1194506059780.0}, "spectral_energyband_low": {"dvar2": 0.000821664405521, "var": 0.000695294700563, "min": 4.48755169522e-23, "dmean": 0.0136237610132, "mean": 0.025268426165, "max": 0.272935301065, "dmean2": 0.020746588707, "median": 0.0207880921662, "dvar": 0.000347611639882}, "spectral_rolloff": {"dvar2": 848963.6875, "var": 806471.625, "min": 64.599609375, "dmean": 348.314453125, "mean": 758.121276855, "max": 18497.0214844, "dmean2": 584.25201416, "median": 559.86328125, "dvar": 532164.375}, "barkbands": {"dvar2": [3.24791585626e-06, 0.000608084490523, 0.00021923033637, 1.94947442651e-05, 1.16008986879e-05, 1.15969141916e-05, 3.9342117816e-05, 2.31556750805e-05, 9.95426380541e-05, 3.55972915713e-05, 3.5784796637e-05, 1.50652958837e-05, 6.53269307804e-06, 4.27696977567e-06, 3.97668100049e-06, 3.31531623488e-06, 4.28035809819e-06, 3.26564645547e-06, 3.63114850188e-07, 6.27111651497e-09, 8.9945584314e-10, 3.64913388395e-09, 2.5701398787e-09, 7.37435001952e-10, 4.679419352e-11, 4.61055629439e-12, 1.2009783168e-09], "var": [1.7122696363e-06, 0.00053792539984, 6.81348319631e-05, 1.21456105262e-05, 5.67209963265e-06, 5.58232250114e-06, 1.61616044352e-05, 8.19577235234e-06, 3.44608524756e-05, 1.71010287886e-05, 1.46057691381e-05, 5.03194314661e-06, 5.83779956287e-06, 2.24952123062e-06, 1.73740875198e-06, 1.00672605186e-06, 2.07469042834e-06, 1.82401549864e-06, 2.14336949966e-07, 4.8734798419e-09, 6.46355524658e-10, 1.92736648863e-09, 2.74356670715e-09, 7.14180270478e-10, 4.16328256592e-11, 2.77780749791e-12, 9.20738874033e-10], "min": [6.8855747778e-24, 2.98533744181e-23, 7.1299646751e-24, 2.58870997214e-24, 1.0733131667e-22, 1.1351885131e-22, 6.4950717481e-23, 2.4696322468e-23, 7.1127599343e-23, 7.44553238747e-23, 9.4933610238e-23, 1.85319254342e-22, 1.30205493509e-22, 8.63915908534e-23, 1.2416121601e-22, 2.12027358289e-22, 1.24153529349e-22, 2.77692644911e-22, 2.73227717431e-22, 5.41705608688e-22, 5.40520777473e-22, 4.22343128228e-22, 8.48357021885e-22, 9.15002616487e-22, 1.29761212096e-21, 1.39290732611e-21, 2.49429528249e-21], "dmean": [0.000506702519488, 0.011067696847, 0.00393831403926, 0.00155508634634, 0.00113226065878, 0.00079651735723, 0.0012550142128, 0.000943212013226, 0.00208322121762, 0.00118446256965, 0.000988511252217, 0.000605597859249, 0.0004420929763, 0.000304536399199, 0.000346353190253, 0.000296135578537, 0.000309776107315, 0.000261984532699, 0.000102128753497, 2.74613230431e-05, 9.02294959815e-06, 1.23565823742e-05, 1.10560577014e-05, 6.20553919362e-06, 2.00898853109e-06, 5.73959425765e-07, 7.24366373106e-06], "mean": [0.000630266207736, 0.0188701767474, 0.00467430008575, 0.00195995857939, 0.00148531794548, 0.00106158619747, 0.00156842544675, 0.000986333354376, 0.0020708614029, 0.00132713466883, 0.00102304969914, 0.000607490364928, 0.000519189692568, 0.000319814862451, 0.000355732481694, 0.000304730667267, 0.000329644768499, 0.000274112680927, 0.000116258328489, 3.98073752876e-05, 1.28943893287e-05, 1.66750069184e-05, 1.51753156388e-05, 8.94275490282e-06, 2.95540303341e-06, 7.48003913031e-07, 8.21307730803e-06], "max": [0.0196957439184, 0.15805208683, 0.19594424963, 0.0245537124574, 0.0258304215968, 0.0482239350677, 0.0825786143541, 0.0419870689511, 0.106125876307, 0.064581900835, 0.09817212075, 0.0589183159173, 0.0577004104853, 0.0373258665204, 0.0275057479739, 0.0232510287315, 0.0257219802588, 0.0394005142152, 0.0111852483824, 0.000532180711161, 0.00020870762819, 0.000738335482311, 0.000727577367797, 0.000290480238618, 7.10230451659e-05, 2.55097183981e-05, 0.000345970445778], "dmean2": [0.000876506615896, 0.0172076411545, 0.00678396690637, 0.00265819299966, 0.00183681806084, 0.00129299110267, 0.00204983586445, 0.00157803483307, 0.00336491107009, 0.00181666284334, 0.0016873893328, 0.00100738636684, 0.000685096834786, 0.000484085845528, 0.000585074711125, 0.000497337139677, 0.000498973415233, 0.000420700234827, 0.000162745607668, 4.44357319793e-05, 1.4669221855e-05, 1.8550113964e-05, 1.54418466991e-05, 8.88309932634e-06, 2.86520321424e-06, 8.47938792958e-07, 1.12334946607e-05], "median": [0.000125529128127, 0.0105657503009, 0.00143812783062, 0.000475442153402, 0.000654776464216, 0.000275419442914, 0.000381358666345, 0.000262102170382, 0.000457210466266, 0.000368636654457, 0.000184260570677, 0.000113865142339, 0.000111174784251, 6.16441830061e-05, 5.54498219572e-05, 7.79494585004e-05, 4.19218922616e-05, 2.54726801359e-05, 3.36128505296e-05, 1.2341684851e-05, 3.88646549254e-06, 5.01114845974e-06, 2.63150377577e-06, 1.94462245418e-06, 1.03257002593e-06, 2.39498973542e-07, 5.14614617586e-09], "dvar": [1.16648379844e-06, 0.000271390163107, 7.82404531492e-05, 8.71267093316e-06, 4.58126623926e-06, 4.68812777399e-06, 1.5020180399e-05, 9.09763821255e-06, 3.80508208764e-05, 1.54188091983e-05, 1.43912157e-05, 5.73225179323e-06, 3.66691688214e-06, 2.01432703761e-06, 1.53149574089e-06, 1.26708459902e-06, 1.83141435173e-06, 1.5298692233e-06, 1.80843812814e-07, 2.51037501897e-09, 3.7001623987e-10, 1.55795254475e-09, 1.42506562106e-09, 4.00515454135e-10, 2.4050199332e-11, 2.0644527754e-12, 5.67961788711e-10]}, "melbands_skewness": {"dvar2": 4.80995130539, "var": 7.48154783249, "min": -2.32290673256, "dmean": 1.45430159569, "mean": 3.19221591949, "max": 20.2568035126, "dmean2": 2.18634176254, "median": 2.62749004364, "dvar": 2.54641008377}, "barkbands_skewness": {"dvar2": 4.10705375671, "var": 4.76876115799, "min": -2.89806199074, "dmean": 1.23463106155, "mean": 2.22805285454, "max": 16.1114120483, "dmean2": 1.88479971886, "median": 1.79545688629, "dvar": 1.96477210522}, "erbbands": {"dvar2": [0.296447038651, 42.3574409485, 245.895629883, 222.947738647, 283.36895752, 102.267250061, 280.250579834, 1089.54052734, 4920.67578125, 12680.9208984, 9968.265625, 35491.8046875, 50373.78125, 33094.484375, 29827.8046875, 25921.6347656, 11744.5195313, 13983.9667969, 6928.27978516, 7167.89453125, 11944.5126953, 13081.3056641, 9878.60351563, 3794.33227539, 127.602035522, 13.6585626602, 4.0222287178, 0.652789413929, 2.78532195091, 7.52426099777, 1.44492185116, 0.589746654034, 0.121038213372, 0.0113746905699, 0.00153802614659, 0.000247986637987, 6.68840084472e-06, 5.20455978403e-05, 0.000104712300526, 1.1099731978e-07], "var": [0.40744638443, 32.724773407, 89.7234268188, 135.747940063, 99.8203201294, 77.5909805298, 226.373794556, 462.33682251, 2679.78759766, 3898.69189453, 3730.71606445, 13297.9921875, 25920.1386719, 21754.0800781, 9251.71582031, 10339.5009766, 10634.9824219, 8528.98242188, 2974.44262695, 4559.25683594, 3723.5859375, 6332.20166016, 5076.2890625, 2991.7722168, 61.0209236145, 10.0588779449, 2.57030344009, 0.521058857441, 1.42206990719, 5.2935385704, 1.5977588892, 0.601525783539, 0.105890832841, 0.0102127678692, 0.00126482429914, 0.000156355279614, 4.33121658716e-06, 3.24845386785e-05, 7.73615101934e-05, 8.04111763841e-08], "min": [1.42916917933e-21, 4.68898518167e-21, 5.04653198196e-21, 1.28375191816e-20, 5.82734201259e-20, 3.55262699358e-19, 1.15650696041e-18, 7.35582250434e-19, 9.16982028189e-19, 9.41217903149e-19, 4.2697525181e-19, 1.21758856178e-18, 2.95232030956e-18, 2.21806950972e-18, 6.18462223132e-18, 6.69830511402e-18, 5.85849262634e-18, 6.22205174044e-18, 4.47482749746e-18, 1.02503311609e-17, 9.33642314265e-18, 9.19354092672e-18, 1.48045708923e-17, 1.0898290686e-17, 1.88040999962e-17, 2.60186121346e-17, 1.71640539588e-17, 2.4225630328e-17, 1.42331809949e-17, 1.60107888226e-17, 2.61249561285e-17, 2.31479628824e-17, 1.50038552455e-17, 1.27482437301e-17, 9.90408990009e-18, 4.44224443954e-18, 2.93079562246e-18, 1.31048177175e-18, 3.45788560363e-19, 3.55921858909e-20], "dmean": [0.247973784804, 2.86573219299, 4.91363382339, 4.77286720276, 4.67367935181, 3.46189188957, 4.54500436783, 6.90660810471, 14.6863794327, 21.255859375, 20.2245750427, 39.1782798767, 50.1925201416, 35.2059822083, 31.8071117401, 25.0011692047, 18.740316391, 17.5142173767, 16.6072597504, 16.1267127991, 17.0244865417, 17.5832691193, 14.4607982635, 9.49025154114, 2.80738639832, 1.26557397842, 0.574019134045, 0.264812201262, 0.375052392483, 0.509573161602, 0.268936097622, 0.172660514712, 0.080740749836, 0.0296667590737, 0.0115800993517, 0.00387884606607, 0.000760461436585, 0.00119994871784, 0.0019898081664, 8.28356205602e-05], "mean": [0.468095690012, 4.35096979141, 6.63907194138, 6.38906097412, 5.55686950684, 4.59765481949, 7.45594453812, 8.3016500473, 18.6052246094, 23.286813736, 23.376537323, 39.830165863, 58.2441596985, 41.5121459961, 32.1607170105, 26.351360321, 23.2561206818, 19.47108078, 18.1591472626, 16.4195423126, 18.3356761932, 19.2525539398, 15.3721351624, 10.4342384338, 3.87771749496, 1.89213562012, 0.81299084425, 0.398855209351, 0.53148329258, 0.652959883213, 0.380050063133, 0.241921201348, 0.11626701057, 0.0435439273715, 0.0165815744549, 0.00520554883406, 0.00102676160168, 0.0013739594724, 0.00223278650083, 0.000114711590868], "max": [3.67117905617, 38.1545944214, 199.832122803, 141.768417358, 121.213531494, 99.3692626953, 313.783355713, 490.902374268, 757.498535156, 1341.27941895, 952.276489258, 1915.81066895, 2577.08935547, 2873.88989258, 2885.24853516, 2512.00683594, 2450.97045898, 2184.02929688, 828.065368652, 1662.10192871, 1304.42468262, 1288.29125977, 1930.05773926, 1573.90100098, 220.464141846, 22.329706192, 14.2316064835, 9.81674575806, 22.1047821045, 38.5499839783, 14.9553794861, 8.82647323608, 3.97584319115, 1.30600643158, 0.410201728344, 0.179990395904, 0.0333454124629, 0.103590808809, 0.106197856367, 0.00362189929001], "dmean2": [0.378921210766, 4.41047286987, 8.01613616943, 8.17355155945, 7.80640888214, 5.49551105499, 7.0389084816, 11.4404315948, 23.874458313, 36.0712661743, 33.2964744568, 63.4755630493, 77.6817626953, 55.6507606506, 54.3951683044, 40.7170753479, 28.0779247284, 27.2593402863, 26.5818653107, 26.2816543579, 28.0273914337, 28.0320911407, 23.3321685791, 14.7695798874, 4.47304677963, 2.05677604675, 0.958557903767, 0.412000656128, 0.567282438278, 0.740947663784, 0.37752532959, 0.241204366088, 0.116250172257, 0.0424125082791, 0.0165691040456, 0.00569248618558, 0.00111094675958, 0.00185252598021, 0.00310059008189, 0.000127158273244], "median": [0.163505375385, 2.05306482315, 3.42176151276, 1.80994963646, 1.99043512344, 1.80436515808, 2.95047831535, 2.15967464447, 4.56749916077, 6.19974708557, 7.83808374405, 9.15315532684, 15.7491760254, 11.9460926056, 7.76812076569, 4.90915679932, 5.24402999878, 3.37900662422, 3.98863625526, 2.24450922012, 5.15508031845, 3.54457807541, 1.7266023159, 1.54941380024, 1.29592108727, 0.682701587677, 0.222439929843, 0.152428627014, 0.191288232803, 0.121042430401, 0.0696731358767, 0.0427048429847, 0.0319464206696, 0.0152328033, 0.00578507035971, 0.00171753298491, 0.00033702456858, 3.30614566337e-05, 2.45828487095e-05, 4.3715837819e-05], "dvar": [0.139381602407, 18.7548675537, 89.0690689087, 91.5110244751, 107.499450684, 46.1660041809, 119.887268066, 442.628814697, 2047.39355469, 4721.00244141, 3976.7644043, 14144.9472656, 21956.8945313, 15747.4414063, 11084.9550781, 10431.5810547, 6373.18408203, 6908.99511719, 2828.43554688, 3098.66552734, 4628.10351563, 5439.33544922, 4468.21630859, 2113.35424805, 52.5736198425, 5.30347061157, 1.57268822193, 0.292210638523, 1.17737960815, 3.56358098984, 0.799509882927, 0.322248399258, 0.0635569542646, 0.00589172635227, 0.000771545921452, 0.000113505957415, 3.04829791276e-06, 2.3076110665e-05, 4.96267275594e-05, 5.10056032965e-08]}, "silence_rate_30dB": {"dvar2": 0.054959077388, "var": 0.0217274967581, "min": 0, "dmean": 0.0222321022302, "mean": 0.977777779102, "max": 1, "dmean2": 0.0444839857519, "median": 1, "dvar": 0.0217386968434}, "melbands_spread": {"dvar2": 208.585266113, "var": 175.780181885, "min": 0.505869567394, "dmean": 7.075070858, "mean": 13.3740253448, "max": 130.791152954, "dmean2": 11.2171611786, "median": 9.98729324341, "dvar": 99.8203353882}, "melbands_crest": {"dvar2": 33.5057983398, "var": 40.9018363953, "min": 2.58409142494, "dmean": 4.1698756218, "mean": 17.8258247375, "max": 36.049495697, "dmean2": 6.6763715744, "median": 17.7040157318, "dvar": 13.1204786301}, "zerocrossingrate": {"dvar2": 0.000171163293999, "var": 0.000568873540033, "min": 0.0029296875, "dmean": 0.00832987390459, "mean": 0.0297013893723, "max": 0.49169921875, "dmean2": 0.00939789321274, "median": 0.02490234375, "dvar": 0.000190106293303}, "barkbands_kurtosis": {"dvar2": 1287.94140625, "var": 601.055358887, "min": -1.87814354897, "dmean": 10.8138113022, "mean": 11.9787015915, "max": 315.025482178, "dmean2": 17.8073673248, "median": 3.9979736805, "dvar": 528.051940918}, "spectral_flux": {"dvar2": 0.00358101399615, "var": 0.00387885421515, "min": 1.05492406477e-10, "dmean": 0.0412465184927, "mean": 0.106527805328, "max": 0.488125771284, "dmean2": 0.0652582496405, "median": 0.0945727974176, "dvar": 0.00159174145665}, "barkbands_crest": {"dvar2": 25.3239135742, "var": 29.6539134979, "min": 3.92636942863, "dmean": 3.68331885338, "mean": 14.0752258301, "max": 26.4686336517, "dmean2": 6.04689216614, "median": 13.3991956711, "dvar": 11.2413959503}, "barkbands_flatness_db": {"dvar2": 0.00270356494002, "var": 0.00434421654791, "min": 0.0458264276385, "dmean": 0.0389655567706, "mean": 0.221628859639, "max": 0.430161356926, "dmean2": 0.0587910823524, "median": 0.213675141335, "dvar": 0.00137005653232}, "spectral_entropy": {"dvar2": 0.116022929549, "var": 0.188586160541, "min": 5.13492488861, "dmean": 0.250803142786, "mean": 7.02069854736, "max": 9.78770065308, "dmean2": 0.375005543232, "median": 7.02583026886, "dvar": 0.0559755526483}, "pitch_salience": {"dvar2": 0.0222891364247, "var": 0.0261074732989, "min": 0.042499601841, "dmean": 0.105969496071, "mean": 0.448394030333, "max": 0.850526511669, "dmean2": 0.17092102766, "median": 0.448698580265, "dvar": 0.00960197299719}, "erbbands_spread": {"dvar2": 228.490158081, "var": 362.890899658, "min": 1.86583995819, "dmean": 9.94975662231, "mean": 28.1008300781, "max": 151.782424927, "dmean2": 15.0875339508, "median": 24.0325374603, "dvar": 119.54473877}, "dynamic_complexity": 2.46621346474, "spectral_contrast_valleys": {"dvar2": [0.50952655077, 0.498052239418, 0.515186667442, 0.663333296776, 0.521451592445, 0.273614823818], "var": [1.07837629318, 0.658408045769, 0.663434922695, 0.837973356247, 0.813893735409, 0.736857056618], "min": [-27.3084411621, -26.8551921844, -27.1294460297, -27.1734046936, -27.3875179291, -27.2761039734], "dmean": [0.474423259497, 0.471546322107, 0.442600876093, 0.525891780853, 0.426450908184, 0.339344710112], "mean": [-7.26893758774, -7.05325078964, -7.29563903809, -8.11280441284, -8.4620475769, -11.3589639664], "max": [-5.38655042648, -4.8874001503, -4.92086315155, -5.20380830765, -6.18798780441, -9.08261013031], "dmean2": [0.752657473087, 0.73924434185, 0.686040580273, 0.796364724636, 0.639906942844, 0.450771331787], "median": [-7.04315185547, -7.04797077179, -7.31528186798, -8.1730928421, -8.47438430786, -11.3569164276], "dvar": [0.31032165885, 0.327005535364, 0.335822969675, 0.379897534847, 0.312170863152, 0.201791867614]}, "hfc": {"dvar2": 234.988937378, "var": 281.801361084, "min": 1.16908797634e-16, "dmean": 6.47977972031, "mean": 13.6280918121, "max": 159.486206055, "dmean2": 9.60638141632, "median": 9.18144226074, "dvar": 129.063049316}, "spectral_kurtosis": {"dvar2": 68.6330490112, "var": 75.5285339355, "min": -1.18726229668, "dmean": 4.73692989349, "mean": 11.5542297363, "max": 69.6897888184, "dmean2": 7.56521701813, "median": 9.24768638611, "dvar": 27.7248268127}, "mfcc": {"mean": [-705.76385498, 174.598922729, -7.83154773712, 17.4303970337, 6.26449584961, 3.16529154778, 4.60357141495, 17.7634334564, 6.73629617691, 6.505402565, 3.55638337135, 1.24503135681, 4.52091884613], "cov": [[3797.6184082, -279.737640381, -479.814208984, 114.366416931, -43.7671966553, 102.680267334, 145.300384521, 12.1949071884, -78.3341522217, 141.939956665, -93.8693161011, -109.281364441, -50.2805747986], [-279.737640381, 952.860290527, -164.769088745, 41.5110168457, 43.8476867676, -71.0592193604, 87.3765106201, -19.4554080963, 96.2165756226, -41.470249176, 43.5065727234, 31.2548351288, -7.68197250366], [-479.814208984, -164.769088745, 1095.91210938, 188.283432007, -20.4106235504, 306.83190918, 60.9580078125, 25.2591056824, 88.0328826904, 37.5502433777, -23.6078510284, 42.6909103394, 77.2520599365], [114.366416931, 41.5110168457, 188.283432007, 522.573608398, 199.19039917, 36.5266799927, 54.8374710083, 55.2820358276, 73.8764266968, -7.83531045914, 4.8248052597, 16.1878318787, -20.1511669159], [-43.7671966553, 43.8476867676, -20.4106235504, 199.19039917, 303.501525879, 45.7043533325, 19.9827651978, 106.674575806, 68.6971511841, 45.9907913208, 19.8274936676, 16.8800754547, -13.2413434982], [102.680267334, -71.0592193604, 306.83190918, 36.5266799927, 45.7043533325, 382.496154785, 212.745223999, 41.9591140747, 86.1926422119, 105.055274963, -18.3419513702, -0.0736226290464, 50.0614356995], [145.300384521, 87.3765106201, 60.9580078125, 54.8374710083, 19.9827651978, 212.745223999, 362.063873291, 127.933883667, 33.1653709412, 53.3051528931, 23.7024459839, -3.62948560715, 20.276807785], [12.1949071884, -19.4554080963, 25.2591056824, 55.2820358276, 106.674575806, 41.9591140747, 127.933883667, 262.427490234, 49.013923645, 34.6970863342, 40.5951156616, 11.9112586975, -4.67317533493], [-78.3341522217, 96.2165756226, 88.0328826904, 73.8764266968, 68.6971511841, 86.1926422119, 33.1653709412, 49.013923645, 183.575271606, 59.6893424988, -9.48355484009, -0.125822842121, 7.51073122025], [141.939956665, -41.470249176, 37.5502433777, -7.83531045914, 45.9907913208, 105.055274963, 53.3051528931, 34.6970863342, 59.6893424988, 204.18548584, 17.1451473236, 2.61840867996, 28.9426593781], [-93.8693161011, 43.5065727234, -23.6078510284, 4.8248052597, 19.8274936676, -18.3419513702, 23.7024459839, 40.5951156616, -9.48355484009, 17.1451473236, 113.984901428, 40.781539917, -13.5956077576], [-109.281364441, 31.2548351288, 42.6909103394, 16.1878318787, 16.8800754547, -0.0736226290464, -3.62948560715, 11.9112586975, -0.125822842121, 2.61840867996, 40.781539917, 92.491355896, 31.0379962921], [-50.2805747986, -7.68197250366, 77.2520599365, -20.1511669159, -13.2413434982, 50.0614356995, 20.276807785, -4.67317533493, 7.51073122025, 28.9426593781, -13.5956077576, 31.0379962921, 98.5848464966]], "icov": [[0.000360365695087, 6.1351180193e-05, 0.000308401387883, -0.000343221588992, 0.000358632474672, -0.000341834645951, 6.94631817169e-05, -0.000156958121806, 0.000290060212137, -0.000344436848536, 0.000345235603163, 7.78804242145e-05, 0.000178892078111], [6.1351180193e-05, 0.00148768955842, 9.7613374237e-05, 0.000165548204677, -0.000423992605647, 0.000965045415796, -0.00121688900981, 0.000948102213442, -0.00136044179089, 0.000456950656371, -0.000415491813328, -0.000389880384319, -0.000112262838229], [0.000308401387883, 9.7613374237e-05, 0.00191074016038, -0.00123499217443, 0.00145811168477, -0.00223137554713, 0.00122376554646, -0.000820343266241, 0.000173131862539, 4.52053900517e-05, 0.000185845274245, -0.000389034714317, -0.000424814847065], [-0.000343221588992, 0.000165548204677, -0.00123499217443, 0.00369868776761, -0.00300090294331, 0.00188215018716, -0.0016884150682, 0.0012616495369, -0.00122840807308, 0.000861853710376, -4.53075736004e-05, -0.000417618080974, 0.000575679878239], [0.000358632474672, -0.000423992605647, 0.00145811168477, -0.00300090294331, 0.00698200799525, -0.00283413310535, 0.00263715605251, -0.00313830981031, 0.000341916718753, -0.00119991740212, 0.000314804696245, -0.000676237570588, 0.000662211852614], [-0.000341834645951, 0.000965045415796, -0.00223137554713, 0.00188215018716, -0.00283413310535, 0.00864969845861, -0.00555423554033, 0.0029128359165, -0.00268817599863, -0.00109843246173, 0.000695833703503, -0.00010905918316, -0.000800843175966], [6.94631817169e-05, -0.00121688900981, 0.00122376554646, -0.0016884150682, 0.00263715605251, -0.00555423554033, 0.00753707624972, -0.00401127338409, 0.00208981893957, -7.48380844016e-05, -0.000940906291362, 0.00115865154658, -0.000560964515898], [-0.000156958121806, 0.000948102213442, -0.000820343266241, 0.0012616495369, -0.00313830981031, 0.0029128359165, -0.00401127338409, 0.00708938995376, -0.0022279669065, 0.000323615386151, -0.00154252338689, -0.000202476454433, 8.07239048299e-05], [0.000290060212137, -0.00136044179089, 0.000173131862539, -0.00122840807308, 0.000341916718753, -0.00268817599863, 0.00208981893957, -0.0022279669065, 0.00884098466486, -0.00224594329484, 0.00174708082341, 0.000327621382894, 0.000654308882076], [-0.000344436848536, 0.000456950656371, 4.52053900517e-05, 0.000861853710376, -0.00119991740212, -0.00109843246173, -7.48380844016e-05, 0.000323615386151, -0.00224594329484, 0.00721491221339, -0.00246361084282, 0.00105455191806, -0.0021907852497], [0.000345235603163, -0.000415491813328, 0.000185845274245, -4.53075736004e-05, 0.000314804696245, 0.000695833703503, -0.000940906291362, -0.00154252338689, 0.00174708082341, -0.00246361084282, 0.0135282585397, -0.00679141329601, 0.00439214939252], [7.78804242145e-05, -0.000389880384319, -0.000389034714317, -0.000417618080974, -0.000676237570588, -0.00010905918316, 0.00115865154658, -0.000202476454433, 0.000327621382894, 0.00105455191806, -0.00679141329601, 0.0166524164379, -0.00656844116747], [0.000178892078111, -0.000112262838229, -0.000424814847065, 0.000575679878239, 0.000662211852614, -0.000800843175966, -0.000560964515898, 8.07239048299e-05, 0.000654308882076, -0.0021907852497, 0.00439214939252, -0.00656844116747, 0.0145584298298]]}, "silence_rate_20dB": {"dvar2": 0, "var": 0, "min": 1, "dmean": 0, "mean": 1, "max": 1, "dmean2": 0, "median": 1, "dvar": 0}, "melbands_kurtosis": {"dvar2": 4069.28833008, "var": 2908.80395508, "min": -1.89592623711, "dmean": 20.2094097137, "mean": 26.089641571, "max": 627.875427246, "dmean2": 32.0236129761, "median": 9.2920665741, "dvar": 1952.57470703}, "barkbands_spread": {"dvar2": 90.4668273926, "var": 75.1328811646, "min": 0.436796575785, "dmean": 5.3980383873, "mean": 11.5415678024, "max": 70.2801589966, "dmean2": 8.66353607178, "median": 9.52143669128, "dvar": 40.7566413879}, "erbbands_skewness": {"dvar2": 0.891847074032, "var": 0.870311141014, "min": -6.75527906418, "dmean": 0.626464545727, "mean": 0.280418932438, "max": 3.78165960312, "dmean2": 0.985564410686, "median": 0.29502928257, "dvar": 0.389992624521}, "average_loudness": 0.976998627186, "spectral_centroid": {"dvar2": 239958.828125, "var": 275634.5, "min": 148.313919067, "dmean": 273.821166992, "mean": 886.477844238, "max": 10942.7558594, "dmean2": 428.026641846, "median": 781.036499023, "dvar": 138531.328125}, "dissonance": {"dvar2": 0.00292610446922, "var": 0.00201780628413, "min": 0.198207706213, "dmean": 0.0354715771973, "mean": 0.438963413239, "max": 0.500000119209, "dmean2": 0.0587435401976, "median": 0.449717104435, "dvar": 0.00114767451305}, "erbbands_flatness_db": {"dvar2": 0.00112551881466, "var": 0.00232649222016, "min": 0.0915910303593, "dmean": 0.0253381878138, "mean": 0.209546416998, "max": 0.39261341095, "dmean2": 0.0370256118476, "median": 0.207120150328, "dvar": 0.000568936986383}, "spectral_strongpeak": {"dvar2": 2.12226605415, "var": 0.940044403076, "min": 0, "dmean": 0.50252789259, "mean": 0.801288187504, "max": 11.2737092972, "dmean2": 0.854479551315, "median": 0.537144064903, "dvar": 0.823474943638}, "spectral_rms": {"dvar2": 3.39315579367e-06, "var": 6.29020541965e-06, "min": 3.29502918006e-12, "dmean": 0.00132959813345, "mean": 0.00559984566644, "max": 0.0170675944537, "dmean2": 0.00194735522382, "median": 0.00582791492343, "dvar": 1.72758427652e-06}, "silence_rate_60dB": {"dvar2": 0.086941421032, "var": 0.0480973906815, "min": 0, "dmean": 0.0373499318957, "mean": 0.050666667521, "max": 1, "dmean2": 0.0747330933809, "median": 0, "dvar": 0.0359558090568}, "melbands": {"dvar2": [3.30853836203e-05, 5.53019126528e-05, 6.24154108664e-06, 7.53871631787e-07, 2.79166613382e-07, 5.49725314158e-07, 1.27752616663e-06, 1.40489055411e-06, 7.5232492236e-07, 1.87636828741e-06, 1.29815009586e-06, 5.90652348365e-07, 6.17792068169e-07, 9.50357232909e-08, 1.43139388342e-07, 9.62098027912e-08, 5.17804572553e-08, 1.7973476929e-08, 3.17019690499e-08, 1.24858239303e-08, 2.09438528742e-08, 1.99708143356e-08, 1.12939853025e-08, 7.30221305645e-09, 2.67292565859e-09, 2.17146342574e-10, 1.40650381966e-11, 4.71271199148e-12, 2.73809750914e-12, 4.11220590999e-13, 2.62368008179e-13, 7.59054982497e-13, 2.66957246239e-12, 2.28524447629e-12, 5.72994234525e-13, 4.11126834616e-13, 1.74018907465e-13, 7.74119402478e-14, 2.65747473127e-14, 5.34999943178e-15], "var": [3.65574051102e-05, 3.09562019538e-05, 3.33244861395e-06, 3.11580635071e-07, 2.27584095569e-07, 2.39192246454e-07, 6.21931405931e-07, 4.30375848737e-07, 2.61581163841e-07, 6.84694100528e-07, 6.65440836656e-07, 3.46822247366e-07, 1.93499602119e-07, 3.9376502059e-08, 8.73265904033e-08, 5.50945422617e-08, 2.80671095254e-08, 7.22747239834e-09, 1.15417808644e-08, 5.44046097062e-09, 6.2488738628e-09, 8.62453486405e-09, 4.81780570993e-09, 5.10834974321e-09, 2.0165074055e-09, 6.98161181645e-11, 1.20673774792e-11, 3.28231474118e-12, 1.4653715524e-12, 3.36933795751e-13, 1.65942739693e-13, 3.21050450764e-13, 1.47350230975e-12, 1.79016155198e-12, 6.3219020947e-13, 3.4526263684e-13, 1.81266527938e-13, 6.09208931674e-14, 2.24743997284e-14, 4.2387260863e-15], "min": [1.10365277289e-23, 3.88347230626e-24, 2.92046700355e-24, 1.15910409362e-23, 3.68104397155e-23, 1.74898761504e-23, 1.39400746521e-23, 9.21054192527e-24, 3.00405529672e-24, 9.78806383854e-24, 1.44307903114e-23, 7.82015564716e-24, 1.76169095774e-23, 2.24655674007e-23, 9.56076145731e-24, 1.70419735502e-23, 1.00236808137e-23, 6.14538422385e-24, 1.02715140889e-23, 1.49438417783e-23, 1.0720755386e-23, 8.49321887124e-24, 1.46323837157e-23, 1.09407568596e-23, 8.1615068049e-24, 1.00165108569e-23, 1.86869489083e-23, 1.61538376555e-23, 1.17115804602e-23, 1.20076636238e-23, 1.34193554572e-23, 7.01106124858e-24, 9.05079443652e-24, 8.41168299694e-24, 1.23045719358e-23, 2.06861764553e-23, 1.16545552831e-23, 1.00672732673e-23, 1.04311203715e-23, 1.13383656328e-23], "dmean": [0.0026478304062, 0.00299412803724, 0.000818756932858, 0.000271161436103, 0.000153554370627, 0.00015909843205, 0.000236817417317, 0.000231249214266, 0.00016870800755, 0.000286425085505, 0.000253892096225, 0.000143380108057, 0.000125767357531, 6.51047594147e-05, 5.60446242162e-05, 4.50551524409e-05, 3.10647737933e-05, 2.68174098892e-05, 2.59612370428e-05, 1.97557874344e-05, 2.1121579266e-05, 1.95370812435e-05, 1.57292979566e-05, 1.18718699014e-05, 7.78205958341e-06, 2.60773663285e-06, 1.35261473133e-06, 7.17942782558e-07, 4.58217897403e-07, 1.80904947911e-07, 1.53133427716e-07, 1.93233333334e-07, 3.02831523413e-07, 2.83007210555e-07, 1.64736206898e-07, 1.32973525524e-07, 9.51780236846e-08, 6.18702671318e-08, 3.82763083451e-08, 2.1417685403e-08], "mean": [0.00480546895415, 0.0045421840623, 0.00111433526035, 0.000337338220561, 0.000252196477959, 0.000195378495846, 0.000300363375572, 0.00025041817571, 0.000183296127943, 0.000285883870674, 0.000289863266516, 0.000162786265719, 0.000126506551169, 6.46943008178e-05, 6.48355780868e-05, 4.94006490044e-05, 3.28396090481e-05, 2.8537826438e-05, 2.50782159128e-05, 1.79858998308e-05, 2.29033594223e-05, 2.05069936783e-05, 1.56414917001e-05, 1.28657511596e-05, 8.22484889795e-06, 3.06660967908e-06, 2.03739682547e-06, 1.02656531453e-06, 5.79436175485e-07, 2.74103484799e-07, 2.12981035475e-07, 2.75007664641e-07, 3.77436833787e-07, 3.58279152124e-07, 2.26646847068e-07, 1.799121776e-07, 1.31777909473e-07, 8.61020197362e-08, 5.45505756122e-08, 3.05743839135e-08], "max": [0.040434204042, 0.079199180007, 0.0232899766415, 0.00605931458995, 0.0102180670947, 0.0111578721553, 0.0120833795518, 0.0119474986568, 0.00875183939934, 0.0127293178812, 0.0129483835772, 0.0108297215775, 0.0141496369615, 0.00310652889311, 0.0069774473086, 0.00673497654498, 0.00422092853114, 0.00154590397142, 0.00199070270173, 0.00141877483111, 0.00150857726112, 0.00174235436134, 0.00123743794393, 0.00224560755305, 0.00122507777996, 0.000297503953334, 3.26170375047e-05, 1.30543012347e-05, 1.19967944556e-05, 8.09052744444e-06, 7.62794206821e-06, 1.25792939798e-05, 2.20370948227e-05, 2.24170289584e-05, 9.78356274572e-06, 7.56628651288e-06, 4.73329100714e-06, 2.84700149678e-06, 2.26845554607e-06, 8.34723550724e-07], "dmean2": [0.00409810850397, 0.00462219165638, 0.00141267711297, 0.000443150318461, 0.000236774940277, 0.000261507986579, 0.000384340877645, 0.000393288588384, 0.000277744140476, 0.000466271390906, 0.00039194864803, 0.00022920720221, 0.000216713611735, 0.000110084525659, 8.88505092007e-05, 6.95397320669e-05, 4.97334258398e-05, 4.31352600572e-05, 4.45362820756e-05, 3.3152566175e-05, 3.49984366039e-05, 3.20768413076e-05, 2.56109779002e-05, 1.87144141819e-05, 1.22160572573e-05, 4.30912768934e-06, 2.13677390093e-06, 1.17621277695e-06, 7.8869123854e-07, 2.84687189378e-07, 2.45356488904e-07, 3.02669263874e-07, 4.54361128277e-07, 4.08591716905e-07, 2.34283376699e-07, 1.89691292007e-07, 1.35053653594e-07, 9.07176911369e-08, 5.58857493616e-08, 3.11971035671e-08], "median": [0.00252868281677, 0.00271810241975, 0.00034152448643, 0.000134671514388, 0.000105770326627, 4.85298078274e-05, 7.37686059438e-05, 7.41649491829e-05, 5.58119900234e-05, 5.83545406698e-05, 7.60397670092e-05, 4.34687462985e-05, 2.6549823815e-05, 1.3464159565e-05, 1.00768829725e-05, 1.02126477941e-05, 4.87142369821e-06, 5.99397390033e-06, 2.90320804197e-06, 2.55796589954e-06, 6.48440891382e-06, 3.18907586916e-06, 2.06795129998e-06, 1.07849848519e-06, 1.11635233679e-06, 8.75713794812e-07, 5.57500129617e-07, 3.45815323044e-07, 1.29103582935e-07, 7.50194999455e-08, 8.34310895925e-08, 1.09445181806e-07, 8.30332709256e-08, 5.49656213877e-08, 3.75205431169e-08, 3.09259320375e-08, 2.37724293584e-08, 2.19019984371e-08, 1.65942068975e-08, 1.08026210199e-08], "dvar": [1.56307651196e-05, 2.15757263504e-05, 2.4979299269e-06, 2.89513565122e-07, 1.20713664842e-07, 2.22205073896e-07, 5.07442734943e-07, 5.2066917533e-07, 2.9716784411e-07, 7.34580964945e-07, 5.68531675071e-07, 2.70270589908e-07, 2.30125550615e-07, 3.76899365051e-08, 6.9136781633e-08, 4.54287700791e-08, 2.45910616314e-08, 7.30676319449e-09, 1.15424629854e-08, 5.19487919348e-09, 8.05433053586e-09, 8.09330735763e-09, 4.64724747573e-09, 3.86881771064e-09, 1.45822598441e-09, 8.28238311268e-11, 5.91027313895e-12, 1.81735420983e-12, 1.03251218339e-12, 1.77359862907e-13, 1.1500225956e-13, 3.04118872013e-13, 1.15670938539e-12, 1.13489577978e-12, 3.19204217095e-13, 2.02913640751e-13, 9.74194073393e-14, 3.89872799301e-14, 1.37146899198e-14, 2.61144979847e-15]}, "spectral_skewness": {"dvar2": 0.501188218594, "var": 0.626493155956, "min": -0.0225253496319, "dmean": 0.460453629494, "mean": 2.28507828712, "max": 6.57137680054, "dmean2": 0.722271621227, "median": 2.21767902374, "dvar": 0.203670799732}, "melbands_flatness_db": {"dvar2": 0.00352056021802, "var": 0.00687382277101, "min": 0.00786341354251, "dmean": 0.0447337068617, "mean": 0.309184640646, "max": 0.545244753361, "dmean2": 0.0662778392434, "median": 0.305638045073, "dvar": 0.00188466801774}, "spectral_decrease": {"dvar2": 5.79793589174e-17, "var": 6.16358148623e-17, "min": -7.76356117171e-08, "dmean": 4.36674874038e-09, "mean": -9.89702897414e-09, "max": -1.39014116905e-28, "dmean2": 6.54493792496e-09, "median": -8.98492036328e-09, "dvar": 2.6099503781e-17}, "erbbands_crest": {"dvar2": 28.2381839752, "var": 21.4188156128, "min": 2.90369486809, "dmean": 3.76039099693, "mean": 11.0332984924, "max": 27.7415485382, "dmean2": 6.18990802765, "median": 10.018945694, "dvar": 10.8553829193}, "gfcc": {"mean": [