{"metadata": {"tags": {"musicbrainz_recordingid": ["0c2762b9-8340-4b78-b6f7-2b58c31252c8"], "musicbrainz_artistid": ["1afefb49-158d-4a88-936a-f75f568d36ee"], "genre": ["Irish"], "bpm": ["0"], "musicbrainz_albumid": ["064ad321-96dc-4dd7-9c94-e71dd83a4e09"], "artistsort": ["Long, Tom"], "albumartistsort": ["Various Artists"], "title": ["The Butterfly"], "tracknumber": ["15/22"], "artist": ["Tom Long"], "musicbrainz_albumartistid": ["89ad4ac3-39f7-470e-963a-56509c546377"], "album": ["Ramble to Cashel (Celtic Fingerstyle Guitar, Vol. 1)"], "compilation": ["1"], "script": ["Latin"], "encodedby": ["iTunes 10.7"], "discnumber": ["1/1"], "date": ["2011"], "file_name": "15 The Butterfly.m4a", "musicbrainz_releasegroupid": ["0d422f52-f190-3aa4-a07e-9255a6dce0d4"], "language": ["English"]}, "audio_properties": {"sample_rate": 44100, "downmix": "mix", "lossless": true, "analysis_sample_rate": 44100, "md5_encoded": "a1f3f27eb2cc4628bc5b4f178fcf0cbb", "equal_loudness": 0, "replay_gain": -7.60786437988, "codec": "alac", "bit_rate": 855398, "length": 169.973327637}, "version": {"extractor": "music 1.0", "essentia_build_sha": "c0e182ba78c2de26e491b7b7a4a2c98c1ed34208", "essentia_git_sha": "v2.1_beta2-2-gbb40004", "essentia": "2.1-beta2"}}, "rhythm": {"beats_loudness_band_ratio": {"dvar2": [0.136262044311, 0.094343483448, 0.0538077615201, 0.00672696577385, 0.00127016124316, 0.0022140648216], "var": [0.0634585022926, 0.0463776998222, 0.0137256197631, 0.00128910515923, 0.000240778666921, 0.0100287152454], "min": [0.00365042733029, 0.0048459218815, 0.00136754848063, 0.000260245986283, 0.000111879206088, 7.62510753702e-05], "dmean": [0.270082563162, 0.23803076148, 0.0971795767546, 0.020377703011, 0.00760890822858, 0.00998680666089], "mean": [0.331663787365, 0.654812693596, 0.0831970050931, 0.0141663383693, 0.00649715075269, 0.0168282259256], "max": [0.946077644825, 0.97066795826, 0.74444848299, 0.295923650265, 0.205801278353, 0.938553452492], "dmean2": [0.463042378426, 0.414313077927, 0.179740533233, 0.0389297641814, 0.0142158539966, 0.0166031587869], "median": [0.256303727627, 0.719112277031, 0.0431619957089, 0.00427500065416, 0.00293204863556, 0.00175527692772], "dvar": [0.0488819442689, 0.0343142226338, 0.0191795285791, 0.00230785226449, 0.000427948310971, 0.00160333164968]}, "bpm_histogram_first_peak_weight": {"dvar2": 0, "var": 0, "min": 0.308681666851, "dmean": 0, "mean": 0.308681666851, "max": 0.308681666851, "dmean2": 0, "median": 0.308681666851, "dvar": 0}, "bpm": 111.228630066, "beats_count": 312, "bpm_histogram_first_peak_spread": {"dvar2": 0, "var": 0, "min": 0.660777390003, "dmean": 0, "mean": 0.660777390003, "max": 0.660777390003, "dmean2": 0, "median": 0.660777390003, "dvar": 0}, "danceability": 1.19354569912, "bpm_histogram_first_peak_bpm": {"dvar2": 0, "var": 0, "min": 112, "dmean": 0, "mean": 112, "max": 112, "dmean2": 0, "median": 112, "dvar": 0}, "beats_position": [0.53405892849, 1.09133780003, 1.64861679077, 2.20589566231, 2.76317453384, 3.32045340538, 3.86612248421, 4.41179132462, 4.96907043457, 5.50312900543, 6.04879808426, 6.59446716309, 7.12852573395, 7.6858048439, 8.25469398499, 8.8119726181, 9.38086128235, 9.96135997772, 10.5186395645, 11.0759181976, 11.6448068619, 12.1904764175, 12.7361450195, 13.2818136215, 13.8158731461, 14.3499317169, 14.8839902878, 15.4180498123, 15.9521083832, 16.4745578766, 16.99700737, 17.5078449249, 18.0302944183, 18.5527439117, 19.0751914978, 19.6092510223, 20.1317005157, 20.6657600403, 21.1998176575, 21.7454872131, 22.2795467377, 22.8136043549, 23.3360538483, 23.8585033417, 24.3809528351, 24.9150104523, 25.4374599457, 25.9599094391, 26.4823570251, 27.0164165497, 27.5620861053, 28.1077537537, 28.6418132782, 29.1874828339, 29.7215423584, 30.2672100067, 30.8128795624, 31.358549118, 31.9042167664, 32.4382743835, 32.9723358154, 33.5180053711, 34.0636711121, 34.5977325439, 35.1550102234, 35.7122879028, 36.2463493347, 36.7804069519, 37.3144645691, 37.848526001, 38.3825836182, 38.9398651123, 39.4855308533, 40.0312004089, 40.5884780884, 41.1689796448, 41.7262573242, 42.2835350037, 42.8292045593, 43.374874115, 43.9321517944, 44.4894332886, 45.046710968, 45.6039886475, 46.1380500793, 46.6721076965, 47.2177772522, 47.7634468079, 48.297504425, 48.8315620422, 49.3540115356, 49.8764610291, 50.3873023987, 50.9097480774, 51.4321975708, 51.9546470642, 52.4887046814, 53.0227661133, 53.5568237305, 54.1024932861, 54.6365509033, 55.1706123352, 55.7046699524, 56.2271194458, 56.7495689392, 57.2720184326, 57.794467926, 58.3169136047, 58.8393630981, 59.3618125916, 59.8958702087, 60.4183197021, 60.952381134, 61.4748306274, 61.9972763062, 62.5429458618, 63.0886154175, 63.6226730347, 64.1567306519, 64.6907958984, 65.2132415771, 65.7472991943, 66.29296875, 66.8386383057, 67.3843078613, 67.9415893555, 68.4756469727, 69.0097045898, 69.543762207, 70.0894317627, 70.6351013184, 71.1691589355, 71.7032165527, 72.2488861084, 72.7945556641, 73.3518371582, 73.9091110229, 74.4663925171, 75.0120620728, 75.5577316284, 76.1150131226, 76.6722869873, 77.217956543, 77.7636260986, 78.2976837158, 78.831741333, 79.3890228271, 79.9463043213, 80.503578186, 81.0608596802, 81.6181411743, 82.1521987915, 82.7094802856, 83.2551422119, 83.8008117676, 84.3464813232, 84.8921508789, 85.4262084961, 85.9718780518, 86.5175476074, 87.0632171631, 87.6088867188, 88.1313400269, 88.6537857056, 89.1878433228, 89.7219009399, 90.2559585571, 90.7784118652, 91.3008575439, 91.8233108521, 92.3573684692, 92.9030380249, 93.4370956421, 93.9711532593, 94.5052108765, 95.0276641846, 95.5501098633, 96.0841674805, 96.6066207886, 97.1290664673, 97.6515197754, 98.1855773926, 98.7312469482, 99.2653045654, 99.7993621826, 100.3334198, 100.855873108, 101.401542664, 101.958816528, 102.504486084, 103.05015564, 103.584213257, 104.129882812, 104.675552368, 105.232833862, 105.790107727, 106.35900116, 106.927886963, 107.485168457, 108.05405426, 108.622947693, 109.168617249, 109.714286804, 110.25995636, 110.794013977, 111.328071594, 111.896957397, 112.46585083, 113.034736633, 113.592018127, 114.149291992, 114.706573486, 115.287071228, 115.844352722, 116.401634216, 116.958908081, 117.504577637, 118.050247192, 118.595916748, 119.141586304, 119.687255859, 120.232925415, 120.755371094, 121.277824402, 121.811882019, 122.345939636, 122.879997253, 123.414054871, 123.948112488, 124.470565796, 125.004623413, 125.550292969, 126.084350586, 126.618408203, 127.15246582, 127.686531067, 128.220581055, 128.754638672, 129.277099609, 129.811157227, 130.333602905, 130.867660522, 131.413330078, 131.958999634, 132.504669189, 133.050338745, 133.596008301, 134.141677856, 134.675735474, 135.209793091, 135.755462646, 136.301132202, 136.846801758, 137.404083252, 137.972961426, 138.53024292, 139.087524414, 139.668029785, 140.213699341, 140.759368896, 141.305038452, 141.850692749, 142.396362305, 142.930435181, 143.476104736, 144.010162354, 144.567428589, 145.124710083, 145.681991577, 146.25088501, 146.796554565, 147.35383606, 147.911102295, 148.468383789, 149.025665283, 149.582946777, 150.128616333, 150.674285889, 151.231567383, 151.765625, 152.299682617, 152.833740234, 153.356185913, 153.878631592, 154.412689209, 154.935150146, 155.457595825, 155.991653442, 156.52571106, 157.059768677, 157.593826294, 158.13949585, 158.673553467, 159.195999146, 159.718460083, 160.240905762, 160.774963379, 161.309020996, 161.843078613, 162.37713623, 162.899581909, 163.433654785, 164.002532959, 164.571426392, 165.151931763, 165.732421875, 166.312927246, 166.928253174, 167.543579102, 168.158905029, 168.774230957, 169.389572144], "beats_loudness": {"dvar2": 0.00203811726533, "var": 0.000760502938647, "min": 2.36779651441e-10, "dmean": 0.0239796247333, "mean": 0.0396706648171, "max": 0.19733479619, "dmean2": 0.0419093295932, "median": 0.0345658734441, "dvar": 0.000696076138411}, "bpm_histogram_second_peak_weight": {"dvar2": 0, "var": 0, "min": 0.0450160764158, "dmean": 0, "mean": 0.0450160764158, "max": 0.0450160764158, "dmean2": 0, "median": 0.0450160764158, "dvar": 0}, "bpm_histogram_second_peak_spread": {"dvar2": 0, "var": 0, "min": 0.333333313465, "dmean": 0, "mean": 0.333333313465, "max": 0.333333313465, "dmean2": 0, "median": 0.333333313465, "dvar": 0}, "bpm_histogram_second_peak_bpm": {"dvar2": 0, "var": 0, "min": 105, "dmean": 0, "mean": 105, "max": 105, "dmean2": 0, "median": 105, "dvar": 0}, "onset_rate": 4.36487817764}, "lowlevel": {"spectral_energyband_high": {"dvar2": 1.46357876929e-06, "var": 4.0416617253e-07, "min": 6.91494961658e-21, "dmean": 0.000118406984257, "mean": 0.000110508372018, "max": 0.0315278582275, "dmean2": 0.000200199938263, "median": 1.93444629986e-05, "dvar": 5.52895642159e-07}, "spectral_energyband_middle_low": {"dvar2": 0.000985163846053, "var": 0.000500326103065, "min": 2.39771205051e-22, "dmean": 0.0105886776, "mean": 0.0242564417422, "max": 0.213828921318, "dmean2": 0.0177050437778, "median": 0.0187385082245, "dvar": 0.000377025979105}, "spectral_energy": {"dvar2": 0.000997753115371, "var": 0.000513234292157, "min": 1.02328841446e-20, "dmean": 0.0107919862494, "mean": 0.0257843732834, "max": 0.215388327837, "dmean2": 0.0179874803871, "median": 0.0202424041927, "dvar": 0.000382218830055}, "spectral_spread": {"dvar2": 3595667243010.0, "var": 4509467672580.0, "min": 1017576.5, "dmean": 956858.0625, "mean": 3618970.5, "max": 41528224, "dmean2": 1488410.625, "median": 2990060.5, "dvar": 1601853849600.0}, "spectral_energyband_low": {"dvar2": 5.20759249412e-06, "var": 6.14577083979e-06, "min": 7.89585836838e-23, "dmean": 0.000879087951034, "mean": 0.00263868831098, "max": 0.0245132278651, "dmean2": 0.00147645105608, "median": 0.00185295857955, "dvar": 1.89382649296e-06}, "spectral_rolloff": {"dvar2": 1679895, "var": 6772992, "min": 172.265625, "dmean": 139.181060791, "mean": 751.25012207, "max": 21274.8046875, "dmean2": 259.253204346, "median": 322.998046875, "dvar": 602826.375}, "barkbands": {"dvar2": [1.84692400262e-10, 9.27136056816e-08, 1.15502780318e-06, 4.4806394726e-05, 0.000803427188657, 9.58586224442e-06, 7.71465124672e-07, 2.07346545267e-07, 2.55107295288e-07, 1.68044437032e-07, 8.55980530901e-09, 2.30960708336e-08, 1.62895330558e-09, 1.66409378721e-07, 2.74361042329e-07, 1.92191436099e-08, 1.62181223118e-07, 1.01002548547e-07, 5.86557380444e-09, 1.3692237566e-08, 1.32095205885e-08, 1.6543239667e-08, 5.80140770978e-08, 3.41162866846e-08, 1.62950925642e-07, 9.32074613047e-08, 1.205016531e-09], "var": [7.92350629553e-11, 3.47341853058e-08, 1.11088525045e-06, 2.85187470581e-05, 0.000382040190743, 1.99169935513e-05, 8.90293165412e-07, 3.6194188624e-07, 3.68953266161e-07, 4.01859153953e-07, 8.84126993839e-09, 2.20908180637e-08, 7.75771225037e-10, 6.7073109733e-08, 5.12793150165e-08, 4.22152046653e-09, 4.9724221185e-08, 3.92256787052e-08, 2.88561485817e-09, 5.33864952246e-09, 2.65729838134e-09, 5.41301625745e-09, 1.39525164755e-08, 9.35311472716e-09, 4.55592683579e-08, 2.48610785292e-08, 2.9053284778e-10], "min": [2.65201562591e-23, 3.8708158219e-23, 1.64337980799e-23, 8.4853239513e-24, 4.15484108874e-23, 3.48218886119e-23, 7.59167044789e-23, 3.29921068096e-23, 4.15059922589e-23, 4.98046575205e-23, 3.41600374679e-23, 4.39620633556e-23, 9.09648573347e-23, 1.15474065151e-22, 1.99475457949e-22, 2.24508930102e-22, 1.76257577569e-22, 3.75960126485e-22, 3.40084625781e-22, 3.49286252789e-22, 4.1286409986e-22, 4.69170391189e-22, 5.1183118115e-22, 6.3201627314e-22, 1.06743709959e-21, 1.66533621143e-21, 2.21078760937e-21], "dmean": [4.56211955679e-06, 0.00012007325131, 0.000386665196856, 0.00198354106396, 0.00867531448603, 0.00108917290345, 0.000257128907833, 0.000112532623461, 0.000137906827149, 6.284032861e-05, 1.90550763364e-05, 2.9237844501e-05, 8.25464667287e-06, 2.67844243353e-05, 2.45152532443e-05, 9.35598563956e-06, 2.22624730668e-05, 2.22499547817e-05, 7.80084337748e-06, 1.29520067276e-05, 9.47596072365e-06, 1.08882768473e-05, 1.5659357814e-05, 1.54218105308e-05, 3.65135238098e-05, 2.5753828595e-05, 3.67044344785e-06], "mean": [4.63411060991e-06, 0.000160452502314, 0.000907037290744, 0.00412544701248, 0.0148488124833, 0.00368029414676, 0.000791578553617, 0.000299602863379, 0.00040553996223, 0.000151481697685, 4.78580623167e-05, 5.81755593885e-05, 1.45464691741e-05, 4.35898109572e-05, 4.31147564086e-05, 1.56947062351e-05, 2.27275832003e-05, 3.36200137099e-05, 1.27243692987e-05, 1.75711047632e-05, 9.66459992924e-06, 1.10552282422e-05, 1.6722109649e-05, 1.30194275698e-05, 2.71226999757e-05, 1.81834911928e-05, 3.74829096472e-06], "max": [0.000135386391776, 0.00211217347533, 0.00976089760661, 0.0684023573995, 0.177596613765, 0.0398365259171, 0.0127852708101, 0.00842137355357, 0.0105836903676, 0.0110188936815, 0.00164018175565, 0.00289802462794, 0.00072775024455, 0.0107344780117, 0.0185251012444, 0.00474707316607, 0.0135880541056, 0.0103758107871, 0.00321729364805, 0.00335360993631, 0.00251680682413, 0.00375274149701, 0.00746760517359, 0.0045860838145, 0.00785210356116, 0.00883505679667, 0.00063663063338], "dmean2": [7.42327711123e-06, 0.00021916271362, 0.000691614870448, 0.00337009015493, 0.0146539658308, 0.00156595837325, 0.000378064491088, 0.000180624134373, 0.000199850299396, 9.1128567874e-05, 2.71013141173e-05, 4.38712304458e-05, 1.30146800075e-05, 4.34709290857e-05, 3.95963870687e-05, 1.45920830619e-05, 3.67823522538e-05, 3.59868281521e-05, 1.25198539536e-05, 2.09154986806e-05, 1.63987169799e-05, 1.78758218681e-05, 2.61216882791e-05, 2.5976476536e-05, 6.30355643807e-05, 4.55876433989e-05, 6.47372826279e-06], "median": [1.37597794492e-06, 0.000100645353086, 0.00055425753817, 0.00220343773253, 0.00843445956707, 0.00199685548432, 0.000497689354233, 9.88748070085e-05, 0.000185872399015, 3.30593975377e-05, 1.87705500139e-05, 1.87770328921e-05, 6.98982148606e-06, 1.58745569934e-05, 1.97922690859e-05, 5.21660331287e-06, 5.61198976357e-06, 1.27116618387e-05, 4.77570392832e-06, 4.24216250394e-06, 2.55393615589e-06, 1.92065726878e-06, 2.82618066194e-06, 1.30209627969e-06, 1.13219005016e-06, 6.03042735747e-07, 1.4743848169e-06], "dvar": [6.87863169202e-11, 2.95182687182e-08, 3.75394932917e-07, 1.62045762409e-05, 0.000301269552438, 4.70484155812e-06, 3.1517441812e-07, 8.9702417938e-08, 1.09834857653e-07, 8.77312587022e-08, 3.37794126004e-09, 1.0575553766e-08, 6.29303886779e-10, 7.22668289654e-08, 9.26130638845e-08, 6.58051968472e-09, 6.4908782349e-08, 4.02997457627e-08, 2.54546872469e-09, 5.30100408014e-09, 4.56085036404e-09, 6.53931087058e-09, 2.10232471431e-08, 1.26666321876e-08, 6.23492155682e-08, 3.55006513075e-08, 4.39975889055e-10]}, "melbands_skewness": {"dvar2": 2.9443063736, "var": 4.36006355286, "min": -0.684613645077, "dmean": 0.913186371326, "mean": 3.87455129623, "max": 13.1857805252, "dmean2": 1.45157778263, "median": 3.60875988007, "dvar": 1.25169301033}, "barkbands_skewness": {"dvar2": 4.5599861145, "var": 6.29700374603, "min": -3.77170419693, "dmean": 1.10612428188, "mean": 4.40573406219, "max": 16.4335460663, "dmean2": 1.79868972301, "median": 4.11109828949, "dvar": 1.84908032417}, "erbbands": {"dvar2": [3.19466585097e-06, 0.0103911561891, 1.10927271843, 92.7560424805, 6527.86230469, 13603.4150391, 949.650024414, 787.268981934, 137.829956055, 333.131622314, 92.9089736938, 72.3392868042, 351.259338379, 11.0283355713, 6.45384454727, 47.0443572998, 3.21982288361, 132.351608276, 180.880691528, 1654.02661133, 55.4610214233, 386.966064453, 335.461029053, 56.3933753967, 7.13243293762, 37.9000358582, 26.5321788788, 8.36199951172, 10.0309810638, 43.3023529053, 90.630531311, 32.2120170593, 9.80275917053, 18.3208179474, 9.36937713623, 3.50052952766, 0.210424438119, 0.00338902021758, 4.49817380286e-05, 4.32150493168e-08], "var": [1.80739743882e-06, 0.00401543080807, 0.767388224602, 72.448928833, 2794.16015625, 7148.47509766, 1560.84680176, 1360.04345703, 184.627258301, 443.161865234, 208.438735962, 122.835754395, 701.183776855, 13.159122467, 8.85682964325, 46.3334121704, 2.05071759224, 55.7640151978, 71.6240615845, 291.186950684, 19.542049408, 119.074554443, 128.552841187, 24.8430347443, 2.55774140358, 13.6303272247, 6.01104021072, 1.79830276966, 2.30364274979, 13.8532781601, 20.99766922, 8.48820114136, 2.4411752224, 5.78964662552, 2.26347708702, 0.911624312401, 0.0544117875397, 0.000844896771014, 1.02867188616e-05, 1.16144862616e-08], "min": [2.32654927428e-21, 4.63855745656e-21, 1.12137741405e-20, 3.28407602225e-20, 1.06437788438e-19, 1.52681850495e-19, 6.98072646959e-20, 4.29554090768e-19, 8.63140635323e-19, 9.38712993459e-19, 7.82083966328e-19, 1.28785300532e-18, 1.04595106621e-18, 1.58640585624e-18, 1.58306104804e-18, 1.83215770071e-18, 4.05568515491e-18, 6.84865428934e-18, 4.55492380976e-18, 1.25436463958e-17, 1.37135304177e-17, 1.01384425753e-17, 1.98376787152e-17, 2.18829820414e-17, 1.62249194134e-17, 1.53643901872e-17, 1.4574197783e-17, 1.71465938304e-17, 1.74932205574e-17, 1.50798665263e-17, 1.53509087976e-17, 1.37737243509e-17, 1.25349576906e-17, 1.46695998317e-17, 5.31887225475e-18, 6.07892302469e-18, 3.04171599311e-18, 1.17445212681e-18, 2.75955620756e-19, 3.58885136518e-20], "dmean": [0.000746731588151, 0.0390624962747, 0.385395646095, 3.04828500748, 20.5493850708, 36.4488868713, 11.1486682892, 8.64401626587, 2.94585227966, 5.07170438766, 2.08679270744, 2.51885914803, 3.48237156868, 0.886723101139, 0.642123878002, 1.23446166515, 0.396363377571, 0.973397791386, 1.39593756199, 1.16423499584, 0.778470337391, 1.19393420219, 1.24002563953, 0.63106995821, 0.333127826452, 0.66279488802, 0.454392492771, 0.307275265455, 0.298651844263, 0.444773525, 0.544648528099, 0.425976097584, 0.22482778132, 0.360111117363, 0.265118002892, 0.160162970424, 0.038361184299, 0.00557328620926, 0.000690762244631, 3.05076318909e-05], "mean": [0.00161429971922, 0.0622650906444, 0.858772158623, 7.60110378265, 26.5897693634, 67.4757614136, 34.93907547, 29.0072612762, 8.66541481018, 16.3308334351, 6.73580884933, 8.20993900299, 9.01837158203, 2.25428152084, 1.79149627686, 2.47540616989, 0.845744550228, 1.8007543087, 2.50306677818, 1.61865115166, 1.23300075531, 1.34771752357, 1.83335733414, 1.05272579193, 0.533111155033, 0.8462870121, 0.536436975002, 0.314775288105, 0.298444271088, 0.466656804085, 0.57405847311, 0.36772608757, 0.18528342247, 0.279915690422, 0.188994780183, 0.110690176487, 0.027602955699, 0.00430649332702, 0.000616978737526, 6.36407130514e-05], "max": [0.0123835001141, 0.702107846737, 8.02990531921, 81.1825027466, 718.553894043, 776.473693848, 467.668914795, 338.840057373, 250.381729126, 287.012542725, 227.631286621, 120.355735779, 419.704162598, 61.4491043091, 45.721408844, 142.603302002, 30.3645477295, 294.026275635, 314.797698975, 1443.95983887, 210.908966064, 641.305541992, 611.938415527, 291.724884033, 84.4722366333, 173.571105957, 93.5569458008, 54.2169036865, 72.3507080078, 213.11529541, 305.916809082, 156.334701538, 85.0477981567, 105.557022095, 55.3453025818, 50.6293067932, 11.3801870346, 1.27558577061, 0.122568920255, 0.00491482252255], "dmean2": [0.00134574412368, 0.0716459006071, 0.704957008362, 5.05263662338, 35.065788269, 61.518989563, 16.8584823608, 12.9584674835, 4.48701047897, 7.46736717224, 3.30966830254, 3.61287999153, 4.99761962891, 1.27425932884, 0.906055867672, 1.84029972553, 0.611848890781, 1.54184818268, 2.23351550102, 1.93466460705, 1.20366752148, 1.96474194527, 2.01993608475, 1.01465344429, 0.544679284096, 1.07836163044, 0.765381813049, 0.529515862465, 0.501360177994, 0.73011392355, 0.918062746525, 0.721873879433, 0.379991233349, 0.602027416229, 0.47024846077, 0.284249126911, 0.0680168122053, 0.0098762921989, 0.00122844986618, 5.11621801706e-05], "median": [0.00125741027296, 0.0436022691429, 0.588304042816, 4.61629104614, 11.1814308167, 37.323135376, 23.7882423401, 16.6107826233, 4.79585933685, 8.50796031952, 2.82148742676, 4.128033638, 2.48609781265, 1.1229903698, 0.82810741663, 0.804192841053, 0.435678124428, 0.776504278183, 1.11431741714, 0.61647439003, 0.407852351665, 0.380409836769, 0.700534164906, 0.397656351328, 0.232580691576, 0.190188407898, 0.138787448406, 0.0811980590224, 0.0627972483635, 0.0762238651514, 0.0853820890188, 0.04434010759, 0.0162195395678, 0.013185236603, 0.00654382817447, 0.00313704833388, 0.00103513512295, 0.000778319721576, 0.000176053814357, 4.64661716251e-05], "dvar": [1.0356840221e-06, 0.00327066588216, 0.345248937607, 34.1459236145, 2605.62255859, 4893.58886719, 408.160766602, 364.342529297, 60.1512756348, 137.017868042, 41.4100608826, 31.8619689941, 172.640487671, 4.84788131714, 2.76758241653, 22.132850647, 1.29126906395, 57.7174568176, 75.7341690063, 555.230957031, 21.9302959442, 154.208297729, 134.743164062, 23.3832988739, 2.78142523766, 14.5434103012, 9.27727508545, 2.92290401459, 3.57702565193, 17.0391426086, 32.5837020874, 11.8376054764, 3.59687161446, 7.28216791153, 3.44256138802, 1.32173645496, 0.0792400538921, 0.00125745288096, 1.61875250342e-05, 1.60474264987e-08]}, "silence_rate_30dB": {"dvar2": 0.0345567725599, "var": 0.00893247127533, "min": 0, "dmean": 0.0131129622459, "mean": 0.990986049175, "max": 1, "dmean2": 0.0262295082211, "median": 1, "dvar": 0.0129416780546}, "melbands_spread": {"dvar2": 79.6263885498, "var": 445.269165039, "min": 0.343584746122, "dmean": 1.6834436655, "mean": 6.44944953918, "max": 204.739578247, "dmean2": 2.84735989571, "median": 2.8167514801, "dvar": 29.482919693}, "melbands_crest": {"dvar2": 22.3808002472, "var": 26.7738265991, "min": 2.09542059898, "dmean": 2.72849535942, "mean": 17.3497447968, "max": 33.709728241, "dmean2": 4.61293649673, "median": 17.0745449066, "dvar": 8.16659927368}, "zerocrossingrate": {"dvar2": 0.00011829828145, "var": 0.00494439108297, "min": 0.00732421875, "dmean": 0.00560806458816, "mean": 0.0326697640121, "max": 0.59765625, "dmean2": 0.00747870793566, "median": 0.0185546875, "dvar": 8.25646638987e-05}, "barkbands_kurtosis": {"dvar2": 2709.93383789, "var": 2002.30322266, "min": -1.90486001968, "dmean": 19.2860794067, "mean": 44.9294395447, "max": 496.636657715, "dmean2": 31.9749126434, "median": 30.9591064453, "dvar": 1030.72338867}, "spectral_flux": {"dvar2": 0.00396970985457, "var": 0.00273032230325, "min": 1.01157721089e-10, "dmean": 0.03046878241, "mean": 0.0561696402729, "max": 0.404906839132, "dmean2": 0.0474288649857, "median": 0.0378089547157, "dvar": 0.00170613755472}, "barkbands_crest": {"dvar2": 15.374587059, "var": 23.7404651642, "min": 4.24563550949, "dmean": 2.29423260689, "mean": 15.2152967453, "max": 26.3452224731, "dmean2": 3.7896361351, "median": 14.5391311646, "dvar": 6.19285488129}, "barkbands_flatness_db": {"dvar2": 0.00216653523967, "var": 0.00361803662963, "min": 0.056821487844, "dmean": 0.0284607317299, "mean": 0.257904469967, "max": 0.435589164495, "dmean2": 0.0448043942451, "median": 0.264939129353, "dvar": 0.000889207643922}, "spectral_entropy": {"dvar2": 0.304777175188, "var": 0.469661474228, "min": 4.35350370407, "dmean": 0.30957660079, "mean": 6.02512168884, "max": 9.80143642426, "dmean2": 0.484764963388, "median": 5.90191841125, "dvar": 0.129490986466}, "pitch_salience": {"dvar2": 0.0121657149866, "var": 0.0159303359687, "min": 0.097749710083, "dmean": 0.0647872313857, "mean": 0.532026290894, "max": 0.95752209425, "dmean2": 0.107020132244, "median": 0.546935558319, "dvar": 0.00485334545374}, "erbbands_spread": {"dvar2": 303.688873291, "var": 246.932617188, "min": 1.62338125706, "dmean": 6.0801281929, "mean": 19.0118141174, "max": 143.652359009, "dmean2": 9.78207588196, "median": 13.954460144, "dvar": 124.848228455}, "dynamic_complexity": 2.64777994156, "spectral_contrast_valleys": {"dvar2": [0.397991746664, 0.25600835681, 0.23165987432, 0.307627260685, 0.386363685131, 0.766389727592], "var": [2.13999819756, 1.96831738949, 1.72612464428, 1.86305117607, 1.33075428009, 1.49475872517], "min": [-27.7976875305, -26.7400913239, -27.1270370483, -27.2130661011, -27.2236862183, -27.2951221466], "dmean": [0.420004248619, 0.333662688732, 0.318626344204, 0.370747625828, 0.384571671486, 0.539987027645], "mean": [-8.11888694763, -7.53554487228, -8.81685066223, -9.74723052979, -9.82953834534, -12.0389518738], "max": [-6.30840492249, -5.14534759521, -6.13990259171, -6.85440301895, -6.07880830765, -7.63634967804], "dmean2": [0.749028861523, 0.527617096901, 0.485290497541, 0.556012392044, 0.562443196774, 0.763172030449], "median": [-7.90876483917, -7.36669254303, -8.65788841248, -9.64652729034, -9.81565284729, -12.194685936], "dvar": [0.140700340271, 0.118712000549, 0.110658168793, 0.147278651595, 0.187195494771, 0.355437368155]}, "hfc": {"dvar2": 214.422348022, "var": 80.8298797607, "min": 1.1329129197e-16, "dmean": 3.47160720825, "mean": 7.9669303894, "max": 356.964630127, "dmean2": 5.70334529877, "median": 6.21650505066, "dvar": 83.0576858521}, "spectral_kurtosis": {"dvar2": 161.392868042, "var": 230.887466431, "min": -1.19339644909, "dmean": 7.46665525436, "mean": 20.9707393646, "max": 109.059043884, "dmean2": 12.0771951675, "median": 17.183380127, "dvar": 66.0393676758}, "mfcc": {"mean": [-763.237731934, 171.302185059, 31.83644104, 26.4707374573, 4.27301454544, -9.8497428894, -16.458732605, -9.94518756866, -17.5549945831, -7.27649641037, -11.9189834595, -15.540681839, -13.740319252], "cov": [[6294.70800781, 148.096725464, 186.754440308, -13.8922634125, -37.1748771667, -85.0714645386, -191.354278564, -43.585609436, -62.6850090027, -91.1375808716, -295.202636719, -215.162338257, -165.318557739], [148.096725464, 1957.55957031, -159.344680786, 224.491790771, 1.64830362797, -69.1939620972, -1.26490819454, -70.9104766846, -180.054641724, 9.01540374756, 70.9064102173, -52.8284683228, -38.1575698853], [186.754440308, -159.344680786, 454.479034424, -57.8786010742, 26.5389976501, -23.0919971466, -28.4810562134, -6.87784004211, 31.2766361237, -28.5482597351, 8.2928647995, 4.10315084457, -16.4017696381], [-13.8922634125, 224.491790771, -57.8786010742, 258.137664795, 35.9488639832, 8.15082263947, -10.4405431747, -3.70843887329, -17.9833545685, 1.39336705208, -8.73350524902, -15.9890508652, -21.6639652252], [-37.1748771667, 1.64830362797, 26.5389976501, 35.9488639832, 154.576965332, 20.4426765442, 20.8013706207, -25.2501182556, 0.707074761391, 14.7544898987, 16.160036087, 1.37478816509, 5.24868917465], [-85.0714645386, -69.1939620972, -23.0919971466, 8.15082263947, 20.4426765442, 141.576904297, 4.30511426926, 3.23006415367, -1.95354735851, 8.66058063507, 3.80288505554, -8.17916965485, -0.199395850301], [-191.354278564, -1.26490819454, -28.4810562134, -10.4405431747, 20.8013706207, 4.30511426926, 114.143035889, 7.94708824158, -5.74458312988, 6.66713476181, 18.2099456787, 13.3473052979, 9.25525665283], [-43.585609436, -70.9104766846, -6.87784004211, -3.70843887329, -25.2501182556, 3.23006415367, 7.94708824158, 102.640045166, 10.2949914932, -10.7801475525, -3.33879375458, -1.36720728874, -2.10335636139], [-62.6850090027, -180.054641724, 31.2766361237, -17.9833545685, 0.707074761391, -1.95354735851, -5.74458312988, 10.2949914932, 107.502227783, 7.27871894836, -15.9619884491, 5.1430439949, 8.32764720917], [-91.1375808716, 9.01540374756, -28.5482597351, 1.39336705208, 14.7544898987, 8.66058063507, 6.66713476181, -10.7801475525, 7.27871894836, 103.520965576, 7.26291704178, -6.39301490784, 15.4228420258], [-295.202636719, 70.9064102173, 8.2928647995, -8.73350524902, 16.160036087, 3.80288505554, 18.2099456787, -3.33879375458, -15.9619884491, 7.26291704178, 118.98085022, 25.2898349762, 6.88579893112], [-215.162338257, -52.8284683228, 4.10315084457, -15.9890508652, 1.37478816509, -8.17916965485, 13.3473052979, -1.36720728874, 5.1430439949, -6.39301490784, 25.2898349762, 99.0883483887, 21.9546813965], [-165.318557739, -38.1575698853, -16.4017696381, -21.6639652252, 5.24868917465, -0.199395850301, 9.25525665283, -2.10335636139, 8.32764720917, 15.4228420258, 6.88579893112, 21.9546813965, 84.2199859619]], "icov": [[0.000210030644666, -1.45569474626e-05, -6.3247345679e-05, 9.01079547475e-05, -6.27563276794e-05, 0.000104653918243, 0.00022557147895, 5.85432608204e-05, 0.000169304767041, 9.37262448133e-05, 0.000458098686067, 0.000269041192951, 0.000255882012425], [-1.45569474626e-05, 0.000735358044039, 0.000147867758642, -0.000559057167266, 0.000153302506078, 0.000427675520768, -1.90200207726e-05, 0.0004041834909, 0.000962791556958, -6.14470773144e-05, -0.000493849394843, 0.000365480547771, 5.43825335626e-05], [-6.3247345679e-05, 0.000147867758642, 0.00256966217421, 0.000543080910575, -0.000736275571398, 0.000469984253868, 0.000670536828693, 0.000140220639878, -0.000576765043661, 0.000665379629936, -0.000541968620382, -2.6481840905e-05, 0.000546189665329], [9.01079547475e-05, -0.000559057167266, 0.000543080910575, 0.00484901387244, -0.00148587743752, -0.000233169645071, 0.000784623378422, -0.000478265108541, -0.000115486102004, 0.000123958583572, 0.000841406348627, 8.71485244716e-05, 0.00116775173228], [-6.27563276794e-05, 0.000153302506078, -0.000736275571398, -0.00148587743752, 0.00781224807724, -0.00103871989995, -0.00171869632322, 0.0019611902535, -0.000217891865759, -0.000775477208663, -0.000993003952317, 0.000154096240294, -0.000626233697403], [0.000104653918243, 0.000427675520768, 0.000469984253868, -0.000233169645071, -0.00103871989995, 0.00767156668007, 0.00015920966689, -0.000243536691414, 0.000693739799317, -0.000347408029484, -0.000289154209895, 0.000980304554105, 0.000253180944128], [0.00022557147895, -1.90200207726e-05, 0.000670536828693, 0.000784623378422, -0.00171869632322, 0.00015920966689, 0.0099730072543, -0.00115839985665, 0.000668674882036, -0.000197622997803, -0.000505350646563, -0.000646633212455, -7.08785446477e-05], [5.85432608204e-05, 0.0004041834909, 0.000140220639878, -0.000478265108541, 0.0019611902535, -0.000243536691414, -0.00115839985665, 0.010804714635, -0.000674997165333, 0.00107446219772, -0.000221044989303, 0.00063402071828, 0.000199443602469], [0.000169304767041, 0.000962791556958, -0.000576765043661, -0.000115486102004, -0.000217891865759, 0.000693739799317, 0.000668674882036, -0.000674997165333, 0.0116043761373, -0.0010804614285, 0.00143273861613, -8.11061690911e-05, -0.000494177744258], [9.37262448133e-05, -6.14470773144e-05, 0.000665379629936, 0.000123958583572, -0.000775477208663, -0.000347408029484, -0.000197622997803, 0.00107446219772, -0.0010804614285, 0.0106663508341, -0.000598641403485, 0.00147562171333, -0.00176850624848], [0.000458098686067, -0.000493849394843, -0.000541968620382, 0.000841406348627, -0.000993003952317, -0.000289154209895, -0.000505350646563, -0.000221044989303, 0.00143273861613, -0.000598641403485, 0.010781750083, -0.00203413446434, 0.000514281971846], [0.000269041192951, 0.000365480547771, -2.6481840905e-05, 8.71485244716e-05, 0.000154096240294, 0.000980304554105, -0.000646633212455, 0.00063402071828, -8.11061690911e-05, 0.00147562171333, -0.00203413446434, 0.0122320121154, -0.0024939943105], [0.000255882012425, 5.43825335626e-05, 0.000546189665329, 0.00116775173228, -0.000626233697403, 0.000253180944128, -7.08785446477e-05, 0.000199443602469, -0.000494177744258, -0.00176850624848, 0.000514281971846, -0.0024939943105, 0.0138405505568]]}, "silence_rate_20dB": {"dvar2": 0, "var": 0, "min": 1, "dmean": 0, "mean": 1, "max": 1, "dmean2": 0, "median": 1, "dvar": 0}, "melbands_kurtosis": {"dvar2": 2274.32250977, "var": 1968.36645508, "min": -1.70792961121, "dmean": 18.7232666016, "mean": 44.5833129883, "max": 364.063751221, "dmean2": 30.4731197357, "median": 31.5926113129, "dvar": 919.741577148}, "barkbands_spread": {"dvar2": 105.894950867, "var": 77.2675552368, "min": 0.180777743459, "dmean": 2.18911099434, "mean": 4.7394785881, "max": 141.102127075, "dmean2": 3.70719718933, "median": 2.49816560745, "dvar": 40.2787818909}, "erbbands_skewness": {"dvar2": 1.00619006157, "var": 1.5202665329, "min": -1.84200012684, "dmean": 0.522656261921, "mean": 2.38393902779, "max": 8.37946224213, "dmean2": 0.824611604214, "median": 2.26201057434, "dvar": 0.412073880434}, "average_loudness": 0.922572433949, "spectral_centroid": {"dvar2": 79786.875, "var": 266691.28125, "min": 190.700119019, "dmean": 63.677898407, "mean": 428.523254395, "max": 10967.0986328, "dmean2": 107.194282532, "median": 318.527862549, "dvar": 34502.0742188}, "dissonance": {"dvar2": 0.00190577178728, "var": 0.00236941291951, "min": 0.149112552404, "dmean": 0.0286620538682, "mean": 0.398520797491, "max": 0.500000178814, "dmean2": 0.0475679077208, "median": 0.403144299984, "dvar": 0.000738824543077}, "erbbands_flatness_db": {"dvar2": 0.00169652537443, "var": 0.00295957410708, "min": 0.0437915176153, "dmean": 0.0252461507916, "mean": 0.223557606339, "max": 0.363968342543, "dmean2": 0.0381834022701, "median": 0.229463636875, "dvar": 0.000744623190258}, "spectral_strongpeak": {"dvar2": 0.404978364706, "var": 0.315473973751, "min": 0, "dmean": 0.287740260363, "mean": 0.936277389526, "max": 8.51404380798, "dmean2": 0.476481586695, "median": 0.875321090221, "dvar": 0.156215250492}, "spectral_rms": {"dvar2": 4.14275154981e-06, "var": 3.77000856133e-06, "min": 3.15963618117e-12, "dmean": 0.000903723761439, "mean": 0.00462443009019, "max": 0.0144960321486, "dmean2": 0.00147343473509, "median": 0.00444394908845, "dvar": 1.63792776675e-06}, "silence_rate_60dB": {"dvar2": 0.00624724011868, "var": 0.0382897332311, "min": 0, "dmean": 0.00300505384803, "mean": 0.0398798137903, "max": 1, "dmean2": 0.00601092912257, "median": 0, "dvar": 0.00299607519992}, "melbands": {"dvar2": [2.20370521831e-09, 1.49931224769e-07, 1.18398775157e-05, 5.24219576619e-05, 3.20179947266e-06, 3.54911605882e-07, 3.10978833795e-08, 2.98378139973e-08, 5.61201751736e-09, 3.80680376111e-09, 8.61194759949e-09, 1.71261088644e-10, 1.30280661259e-10, 3.25683563451e-10, 8.18234716093e-11, 2.39429604615e-11, 7.65169316796e-10, 9.14184672407e-10, 1.57085189301e-09, 1.2965186702e-09, 1.29674604388e-10, 8.30548796404e-10, 9.05616207025e-11, 3.91027016322e-10, 2.37232733458e-11, 3.65350805165e-12, 5.68287084057e-12, 2.32413983892e-11, 7.86616952131e-12, 2.01007457207e-11, 1.49914390797e-12, 2.97908009025e-12, 7.54983315449e-12, 1.13512020963e-11, 2.62858294159e-11, 2.42253456878e-11, 1.18230781068e-11, 1.59979364825e-12, 2.67850880364e-11, 9.36368690918e-12], "var": [9.11839326267e-10, 1.02121326506e-07, 6.47722208669e-06, 2.36628311541e-05, 2.93253197015e-06, 6.57097700696e-07, 3.95623374061e-08, 3.7943188147e-08, 1.19766756512e-08, 5.746492171e-09, 1.74362781991e-08, 1.7990342549e-10, 1.76472142455e-10, 3.06834030406e-10, 8.24910001418e-11, 1.09348910135e-11, 3.18305548586e-10, 3.68159114306e-10, 2.84442053244e-10, 2.26372559586e-10, 4.65779532999e-11, 2.55512999647e-10, 5.27711208065e-11, 1.20789545033e-10, 1.20036836374e-11, 1.42623055293e-12, 1.78983921868e-12, 8.96043742676e-12, 2.31154418523e-12, 3.8470095165e-12, 3.54023803545e-13, 6.3797426543e-13, 2.8414998219e-12, 3.36011405332e-12, 6.19011352593e-12, 6.0034303917e-12, 2.9322800698e-12, 4.32016022348e-13, 6.35437449187e-12, 3.04220906279e-12], "min": [1.70804462966e-23, 5.92117693838e-24, 7.21080556295e-24, 1.07390711585e-23, 2.91879185742e-24, 9.63277104732e-24, 1.38495118425e-23, 9.90721733397e-24, 6.22696072449e-24, 7.30162001922e-24, 5.22249269539e-24, 6.75653212207e-24, 5.24080057928e-24, 3.73217548996e-24, 7.41957839038e-24, 1.01208022129e-23, 1.3028370749e-23, 5.06779943846e-24, 1.74939024965e-23, 1.39172450175e-23, 1.74554123952e-23, 1.04076785809e-23, 1.08641458439e-23, 2.10449661722e-23, 1.80326503185e-23, 1.10065052606e-23, 1.18153117249e-23, 1.01644151769e-23, 7.99344629993e-24, 9.76665099813e-24, 9.71048015737e-24, 9.61247050079e-24, 9.95596578247e-24, 7.42671837043e-24, 8.65250566522e-24, 7.47872087016e-24, 9.38073787671e-24, 7.4743837129e-24, 1.20063754139e-23, 1.26948908454e-23], "dmean": [1.87913537957e-05, 0.000138880510349, 0.000985666294582, 0.00216142693534, 0.000634039170109, 0.000192818886717, 4.83645380882e-05, 4.81755268993e-05, 1.67402067746e-05, 1.73534572241e-05, 1.74274100573e-05, 3.534526968e-06, 2.5658487175e-06, 3.1671945635e-06, 2.02297837859e-06, 9.45228180171e-07, 2.04900470635e-06, 2.71043109024e-06, 1.41678742693e-06, 1.01261298369e-06, 1.02899639387e-06, 1.54129736529e-06, 8.01199007583e-07, 1.33241292133e-06, 4.43784131221e-07, 2.31599955214e-07, 2.76392881915e-07, 5.0732546697e-07, 2.73288122798e-07, 2.89918432372e-07, 1.47913340243e-07, 1.4295530093e-07, 2.5697497108e-07, 2.20901796411e-07, 3.05354149077e-07, 3.05976044501e-07, 2.47574774903e-07, 1.1931102506e-07, 2.72568001947e-07, 2.99053823483e-07], "mean": [2.80843923974e-05, 0.000292296288535, 0.00180168543011, 0.00346257165074, 0.0017243528273, 0.000650768866763, 0.000139742885949, 0.000153043758473, 5.21674191987e-05, 5.31094628968e-05, 4.44339311798e-05, 8.33737885841e-06, 6.94404889146e-06, 6.07428319199e-06, 4.04090405937e-06, 1.77465540219e-06, 3.50714003616e-06, 4.65347875434e-06, 2.11977635445e-06, 1.46591003158e-06, 1.49558650264e-06, 1.56433577558e-06, 1.15925183763e-06, 1.88150090707e-06, 7.39557947327e-07, 3.63263666259e-07, 3.75671362463e-07, 6.40598614154e-07, 3.55132669938e-07, 2.73251970384e-07, 1.52442211743e-07, 1.39764082974e-07, 2.5505994472e-07, 2.35500436929e-07, 3.47074973206e-07, 2.74518413335e-07, 2.04831280826e-07, 1.0253422289e-07, 2.03254160169e-07, 2.34268469512e-07], "max": [0.000323009764543, 0.00298166554421, 0.0318774133921, 0.0464645065367, 0.0143521707505, 0.00676565105096, 0.00337455654517, 0.0025873738341, 0.00163798942231, 0.00118588842452, 0.00209336425178, 0.000240703491727, 0.000214098894503, 0.000319952378049, 0.000168166850926, 8.17397158244e-05, 0.000720180163626, 0.000769113365095, 0.0014091009507, 0.00127320364118, 0.000390052591683, 0.000980002922006, 0.000341754406691, 0.000578177161515, 0.000201085582376, 6.62962702336e-05, 6.44284737064e-05, 0.000128563217004, 6.2543709646e-05, 0.000114892420243, 1.82782423508e-05, 3.94978960685e-05, 7.14180496288e-05, 0.000108156375063, 0.000164846525877, 0.00015036019613, 0.000109482731204, 2.4098695576e-05, 0.00014984048903, 7.19906165614e-05], "dmean2": [3.41762024618e-05, 0.000254612328717, 0.00166613887995, 0.00369528937154, 0.00100219703745, 0.000284598849248, 7.33862543711e-05, 7.14877969585e-05, 2.64564787358e-05, 2.49037930189e-05, 2.49100576184e-05, 5.06401374878e-06, 3.5434061374e-06, 4.7925555009e-06, 3.05906337417e-06, 1.47709988596e-06, 3.27448265125e-06, 4.34025923823e-06, 2.34034087043e-06, 1.66629092746e-06, 1.58789430316e-06, 2.54246992881e-06, 1.32546608711e-06, 2.20307310883e-06, 7.16852639471e-07, 3.76941386548e-07, 4.5175798391e-07, 8.24391690912e-07, 4.50060895218e-07, 5.09842891461e-07, 2.52533567391e-07, 2.4236317131e-07, 4.22750048301e-07, 3.63612542742e-07, 5.08538562372e-07, 5.24407028024e-07, 4.21062793521e-07, 2.02462231869e-07, 4.62693549252e-07, 5.01673810049e-07], "median": [1.84606433322e-05, 0.000186384073459, 0.000983711099252, 0.0018545932835, 0.00122047879267, 0.000369383895304, 8.33683589008e-05, 8.02195718279e-05, 1.87067234947e-05, 2.50928987953e-05, 1.14587328426e-05, 4.08436608268e-06, 2.80092626781e-06, 1.75061404661e-06, 1.46399747791e-06, 8.46976263347e-07, 1.35788741318e-06, 1.92580705516e-06, 8.84796804712e-07, 5.67867573409e-07, 4.25447353791e-07, 3.49050111481e-07, 3.69209061546e-07, 6.98935480159e-07, 2.41941791046e-07, 1.4925853975e-07, 1.39092719564e-07, 1.1248587839e-07, 8.25699899565e-08, 5.75978695849e-08, 3.56877691843e-08, 2.75588512011e-08, 3.99788149252e-08, 3.68586512423e-08, 4.8774985828e-08, 3.56152654035e-08, 1.84442718876e-08, 9.85140680143e-09, 8.61909832395e-09, 1.11798392766e-08], "dvar": [7.02971569844e-10, 4.67482124122e-08, 4.72025067211e-06, 1.95580360014e-05, 1.21019400012e-06, 1.67120290939e-07, 1.33597266583e-08, 1.21856995605e-08, 2.45924391962e-09, 1.63884861237e-09, 4.25726875974e-09, 7.49420664414e-11, 5.39749391015e-11, 1.46631470854e-10, 3.73063871462e-11, 9.04893261017e-12, 3.34498290178e-10, 3.90925930516e-10, 5.29954635731e-10, 4.3421249929e-10, 5.31461159803e-11, 3.32845112583e-10, 4.10780402749e-11, 1.47899373304e-10, 1.02485580786e-11, 1.46319122183e-12, 2.1624089238e-12, 8.94534273044e-12, 2.84318011842e-12, 6.89076486