{"metadata": {"tags": {"originalyear": ["2009"], "album": ["French Level 2 Unit 4: Dining and Vacation"], "musicbrainz album type": ["other/spokenword"], "script": ["Latn"], "albumartistsort": ["Rosetta Stone"], "musicbrainz album release country": ["US"], "musicbrainz_artistid": ["7a8d62ab-2b8e-4ec9-924c-9b23b78afbe5"], "musicbrainz_releasegroupid": ["dd2fa67b-8063-426e-940f-a34e014f6e62"], "musicbrainz_recordingid": ["0c292a33-35e0-4277-a251-434ee5eaa801"], "albumartist": ["Rosetta Stone"], "barcode": ["9781617161469"], "originaldate": ["2009"], "musicbrainz album status": ["official"], "artist": ["Rosetta Stone"], "musicbrainz_albumid": ["521f237d-c89e-4109-928c-f49f871cfcc5"], "artistsort": ["Rosetta Stone"], "title": ["Lesson 1 Phrases"], "tracknumber": ["4/21"], "musicbrainz_albumartistid": ["7a8d62ab-2b8e-4ec9-924c-9b23b78afbe5"], "encoding": ["LAME 32bits version 3.98.2 (http://www.mp3dev.org/)"], "discnumber": ["1/1"], "date": ["2009"], "media": ["CD"], "file_name": "04. Rosetta Stone - Lesson 1 Phrases.mp3", "composer": ["Rosetta Stone Ltd."], "length": ["209173"]}, "audio_properties": {"sample_rate": 44100, "downmix": "mix", "lossless": false, "analysis_sample_rate": 44100, "md5_encoded": "0a4f9e6f0782b57f78e8afa388ea101d", "equal_loudness": 0, "replay_gain": -12.7859745026, "codec": "mp3", "bit_rate": 72880, "length": 209.214691162}, "version": {"extractor": "music 1.0", "essentia_build_sha": "70f2e5ece6736b2c40cc944ad0e695b16b925413", "essentia_git_sha": "v2.1_beta2", "essentia": "2.1-beta2"}}, "rhythm": {"beats_loudness_band_ratio": {"dvar2": [0.243508845568, 0.0537475347519, 0.0507249161601, 0.0115818763152, 0.00577688030899, 0.237978294492], "var": [0.107888124883, 0.0234611500055, 0.0205512009561, 0.00244511431083, 0.00188547186553, 0.0543234944344], "min": [0, 0, 0, 0, 0, 0], "dmean": [0.210626915097, 0.0871507972479, 0.0702814757824, 0.0234362185001, 0.0171296801418, 0.111796952784], "mean": [0.214178144932, 0.0795254036784, 0.0569776073098, 0.0146085843444, 0.0124102029949, 0.0694298371673], "max": [0.999636650085, 0.960135340691, 0.96357357502, 0.478583693504, 0.40739890933, 0.999251723289], "dmean2": [0.387678295374, 0.147326886654, 0.126892015338, 0.044087857008, 0.0303427707404, 0.219724044204], "median": [0, 0, 0, 0, 0, 0], "dvar": [0.0985842347145, 0.0214070733637, 0.0204777661711, 0.00405946746469, 0.00228711473756, 0.0824967995286]}, "bpm_histogram_first_peak_weight": {"dvar2": 0, "var": 0, "min": 0.0973084867001, "dmean": 0, "mean": 0.0973084867001, "max": 0.0973084867001, "dmean2": 0, "median": 0.0973084867001, "dvar": 0}, "bpm": 148.671081543, "beats_count": 484, "bpm_histogram_first_peak_spread": {"dvar2": 0, "var": 0, "min": 0.560747742653, "dmean": 0, "mean": 0.560747742653, "max": 0.560747742653, "dmean2": 0, "median": 0.560747742653, "dvar": 0}, "danceability": 0.937221050262, "bpm_histogram_first_peak_bpm": {"dvar2": 0, "var": 0, "min": 148, "dmean": 0, "mean": 148, "max": 148, "dmean2": 0, "median": 148, "dvar": 0}, "beats_position": [0.406349211931, 0.812698423862, 1.21904754639, 1.63700675964, 2.0549659729, 2.46131515503, 2.85605430603, 3.28562355042, 3.70358276367, 4.12154197693, 4.53950119019, 4.95746040344, 5.38702917099, 5.94430828094, 6.48997735977, 7.03564596176, 7.59292507172, 8.15020370483, 8.70748329163, 9.25315189362, 9.82204055786, 10.3909292221, 10.8437185287, 11.3081178665, 11.7609071732, 12.2136955261, 12.6664848328, 13.0728340149, 13.4211339951, 13.7462129593, 14.0829019547, 14.4660310745, 14.8375511169, 15.2206802368, 15.6038093567, 15.9869384766, 16.3700675964, 16.7415866852, 17.1131057739, 17.4614048004, 17.8097057343, 18.1696147919, 18.5179138184, 18.9126529694, 19.3073921204, 19.6905212402, 20.062040329, 20.4451694489, 20.8282985687, 21.2114276886, 21.5829467773, 21.9196376801, 22.2447166443, 22.5465755463, 22.8600444794, 23.2083435059, 23.5682544708, 23.974603653, 24.3809528351, 24.7756919861, 25.1704311371, 25.5651702881, 25.9599094391, 26.3662586212, 26.8074378967, 27.2834453583, 27.7594547272, 28.2354640961, 28.711473465, 29.1874828339, 29.6634922028, 30.0582313538, 30.4645805359, 30.870929718, 31.358549118, 31.8461666107, 32.3337860107, 32.8214035034, 33.3090248108, 33.8082542419, 34.2842636108, 34.7486610413, 35.2246704102, 35.6774597168, 36.1650772095, 36.6526985168, 37.1403160095, 37.5931053162, 38.0458946228, 38.4986839294, 38.8702049255, 39.2417221069, 39.613243103, 39.9499320984, 40.2866210938, 40.6116981506, 40.91355896, 41.2270278931, 41.6101570129, 41.981678009, 42.3415870667, 42.713104248, 43.0962333679, 43.467754364, 43.8508834839, 44.22240448, 44.5939216614, 44.9422225952, 45.3021316528, 45.650428772, 45.9987297058, 46.497959137, 46.9971885681, 47.4848060608, 47.9492073059, 48.4252128601, 48.901222229, 49.3656234741, 49.8300209045, 50.2944221497, 50.7704315186, 51.2580490112, 51.7456665039, 52.3145561218, 52.8834457397, 53.4523353577, 54.0212249756, 54.5901107788, 55.1357803345, 55.6814498901, 56.2038993835, 56.6799087524, 57.1559181213, 57.6319274902, 58.1079368591, 58.583946228, 59.0599517822, 59.5359611511, 60.0003623962, 60.4531517029, 60.9175491333, 61.3703384399, 61.8231277466, 62.2759170532, 62.7054862976, 63.1234474182, 63.5414047241, 63.95936203, 64.3773193359, 64.7372360229, 65.1087493896, 65.4686584473, 65.8401794434, 66.2697525024, 66.6993179321, 67.1056671143, 67.5120162964, 67.9183654785, 68.3247146606, 68.7194519043, 69.0445327759, 69.3812255859, 69.7411346436, 70.0894317627, 70.4841690063, 70.8905181885, 71.2968673706, 71.6800003052, 72.0747375488, 72.4694747925, 72.8642196655, 73.2125167847, 73.5608139038, 73.9091110229, 74.245803833, 74.5824966431, 74.9424057007, 75.3371429443, 75.789932251, 76.2194976807, 76.6490707397, 77.0786361694, 77.5430374146, 78.0074386597, 78.4718322754, 78.9362335205, 79.4006347656, 79.8302001953, 80.2713851929, 80.7009506226, 81.1421279907, 81.5949172974, 82.0360946655, 82.4772796631, 82.9068450928, 83.3596343994, 83.8124237061, 84.2652130127, 84.7063903809, 85.1475753784, 85.6003646851, 86.0299301147, 86.4595031738, 86.900680542, 87.3302459717, 87.7598190308, 88.2474365234, 88.7350540161, 89.2342834473, 89.7335128784, 90.244354248, 90.7203598022, 91.1963729858, 91.67237854, 92.1483917236, 92.6243972778, 93.0887985229, 93.5299758911, 93.9711532593, 94.4007263184, 94.888343811, 95.3063049316, 95.7126541138, 96.1190032959, 96.5950088501, 97.0594100952, 97.5238113403, 97.9998168945, 98.4293823242, 98.8473434448, 99.2653045654, 99.683265686, 100.07800293, 100.484352112, 100.937141418, 101.355102539, 101.761451721, 102.167800903, 102.597366333, 103.026939392, 103.456504822, 103.886077881, 104.315643311, 104.74521637, 105.174781799, 105.604354858, 106.02230835, 106.417053223, 106.823402405, 107.218139648, 107.601264954, 107.984397888, 108.437187195, 108.831924438, 109.226661682, 109.621406555, 110.016143799, 110.410881042, 110.805618286, 111.188751221, 111.641540527, 112.082717896, 112.535507202, 112.97668457, 113.406257629, 113.847434998, 114.25378418, 114.636917114, 115.043266296, 115.449615479, 115.844352722, 116.239089966, 116.633827209, 117.028572083, 117.423309326, 117.81804657, 118.201179504, 118.514648438, 118.839729309, 119.188026428, 119.536323547, 119.896232605, 120.290969849, 120.685714722, 121.080451965, 121.463577271, 121.846710205, 122.22983551, 122.601356506, 122.972877502, 123.356010437, 123.681083679, 124.029388428, 124.366073608, 124.714370728, 125.062675476, 125.410972595, 125.759269714, 126.119178772, 126.525527954, 126.931877136, 127.338226318, 127.7445755, 128.150924683, 128.557281494, 128.963623047, 129.369979858, 129.776321411, 130.182678223, 130.589019775, 130.995376587, 131.40171814, 131.784851074, 132.179595947, 132.667205811, 133.17805481, 133.746932983, 134.292602539, 134.838272095, 135.372329712, 135.917999268, 136.452056885, 136.986114502, 137.520172119, 138.054244995, 138.565078735, 139.099136353, 139.63319397, 140.14402771, 140.654876709, 141.165710449, 141.572067261, 141.978408813, 142.384765625, 142.791107178, 143.185852051, 143.580581665, 143.928878784, 144.277191162, 144.625488281, 144.997009277, 145.345306396, 145.716827393, 146.123168945, 146.517913818, 146.924255371, 147.377044678, 147.829833984, 148.282623291, 148.735412598, 149.188201904, 149.640991211, 150.093780518, 150.523345947, 150.964538574, 151.405715942, 151.893325806, 152.380950928, 152.86857605, 153.367797852, 153.855422974, 154.343032837, 154.819046021, 155.295059204, 155.771057129, 156.212234497, 156.653427124, 157.082992554, 157.524169922, 157.953735352, 158.383300781, 158.81288147, 159.219223022, 159.613967896, 160.00869751, 160.496322632, 161.007156372, 161.52961731, 162.063674927, 162.597732544, 163.131790161, 163.665847778, 164.199905396, 164.710739136, 165.209976196, 165.709197998, 166.208435059, 166.649612427, 167.090789795, 167.543579102, 167.98475647, 168.425933838, 168.867111206, 169.319900513, 169.749481201, 170.190658569, 170.631835938, 171.131057739, 171.618682861, 172.106307983, 172.593917847, 173.081542969, 173.569152832, 174.021942139, 174.474731445, 174.904312134, 175.345489502, 175.728607178, 176.111740112, 176.494873047, 176.88961792, 177.284347534, 177.679092407, 178.062225342, 178.445343018, 178.805252075, 179.165161133, 179.52507019, 179.908203125, 180.29133606, 180.662857056, 181.034378052, 181.394287109, 181.765808105, 182.137313843, 182.4972229, 182.868743896, 183.182220459, 183.507293701, 183.832382202, 184.169067383, 184.505752563, 184.842453003, 185.21395874, 185.759628296, 186.270477295, 186.781311035, 187.303756714, 187.826202393, 188.337051392, 188.85949707, 189.347122192, 189.834732056, 190.345581055, 190.879638672, 191.413696289, 192.017410278, 192.621124268, 193.224853516, 193.828567505, 194.385848999, 194.931518555, 195.47718811, 196.0809021, 196.638183594, 197.195465088, 197.752746582, 198.310012817, 198.867294312, 199.262039185, 199.668380737, 200.074737549, 200.515914917, 200.945480347, 201.363449097, 201.793014526, 202.222579956, 202.652145386, 203.023666382, 203.406799316, 203.789932251, 204.161453247, 204.579406738, 204.985748291, 205.357269287, 205.728790283, 206.088699341, 206.448608398, 206.808517456, 207.168426514, 207.528335571, 207.888244629, 208.224945068, 208.561630249], "beats_loudness": {"dvar2": 0.00130059604999, "var": 0.000832745048683, "min": 0, "dmean": 0.0154665680602, "mean": 0.0170286260545, "max": 0.131892561913, "dmean2": 0.0255119968206, "median": 0, "dvar": 0.000587441725656}, "bpm_histogram_second_peak_weight": {"dvar2": 0, "var": 0, "min": 0.076604552567, "dmean": 0, "mean": 0.076604552567, "max": 0.076604552567, "dmean2": 0, "median": 0.076604552567, "dvar": 0}, "bpm_histogram_second_peak_spread": {"dvar2": 0, "var": 0, "min": 0.421875, "dmean": 0, "mean": 0.421875, "max": 0.421875, "dmean2": 0, "median": 0.421875, "dvar": 0}, "bpm_histogram_second_peak_bpm": {"dvar2": 0, "var": 0, "min": 140, "dmean": 0, "mean": 140, "max": 140, "dmean2": 0, "median": 140, "dvar": 0}, "onset_rate": 1.50548410416}, "lowlevel": {"spectral_energyband_high": {"dvar2": 7.76221804699e-06, "var": 1.54337685672e-05, "min": 6.49646812025e-21, "dmean": 0.000372629263438, "mean": 0.000587073736824, "max": 0.0779375061393, "dmean2": 0.000473596679512, "median": 8.06080236791e-21, "dvar": 5.50471031602e-06}, "spectral_energyband_middle_low": {"dvar2": 0.000138135263114, "var": 0.000325499393512, "min": 9.50958694598e-23, "dmean": 0.00316502503119, "mean": 0.00670885201544, "max": 0.169303044677, "dmean2": 0.00415924750268, "median": 3.88365689971e-22, "dvar": 8.88545691851e-05}, "spectral_energy": {"dvar2": 0.00023145218438, "var": 0.00060353934532, "min": 9.52469233228e-21, "dmean": 0.00461756903678, "mean": 0.0111399842426, "max": 0.169592052698, "dmean2": 0.00617876276374, "median": 1.09976893613e-20, "dvar": 0.000142230666825}, "spectral_spread": {"dvar2": 17771031167000.0, "var": 293232349020000.0, "min": 123623.773438, "dmean": 1361970, "mean": 27719792, "max": 48121084, "dmean2": 2297488, "median": 39896300, "dvar": 9239342874620.0}, "spectral_energyband_low": {"dvar2": 6.25685570412e-05, "var": 0.000102699355921, "min": 5.30574237001e-24, "dmean": 0.00187992863357, "mean": 0.00392949022353, "max": 0.109146632254, "dmean2": 0.00257332227193, "median": 9.87793702598e-23, "dvar": 3.26158005919e-05}, "spectral_rolloff": {"dvar2": 7346560, "var": 67029316, "min": 21.533203125, "dmean": 756.412414551, "mean": 13024.7978516, "max": 20478.0761719, "dmean2": 1294.41088867, "median": 18475.4882812, "dvar": 3933181}, "barkbands": {"dvar2": [1.58770344569e-05, 1.69273243955e-05, 1.19299666039e-05, 2.02629580599e-05, 3.33095813403e-05, 2.27536802413e-05, 2.22259695875e-05, 6.01811825618e-06, 2.6291395443e-06, 4.69955978133e-07, 2.91442461275e-07, 4.27369286626e-07, 1.13643046973e-07, 1.33644874722e-07, 1.43722758139e-07, 5.39489732887e-08, 2.97584449527e-07, 1.42455661489e-07, 4.07926336266e-07, 4.56834868601e-07, 3.99685234242e-07, 2.45846763391e-07, 1.70707710367e-06, 9.41516759667e-07, 4.76930836157e-07, 2.00367978209e-07, 2.29763585935e-09], "var": [5.45204329683e-06, 2.54105671047e-05, 2.13599105336e-05, 3.40158148902e-05, 6.74334369251e-05, 2.45206883847e-05, 1.89633701666e-05, 3.87305544791e-06, 2.14319675251e-06, 3.69792104493e-07, 2.3814288852e-07, 2.47623574978e-07, 9.97981643991e-08, 7.43358512523e-08, 1.46368165588e-07, 5.42591429564e-08, 1.54272910891e-07, 8.88196964866e-08, 2.83924151745e-07, 2.75595539279e-07, 4.52250077387e-07, 2.98750961747e-07, 1.37964661917e-06, 1.39026155921e-06, 5.12504811923e-07, 1.97282062686e-07, 3.22905902017e-09], "min": [1.31689096103e-26, 3.95669703789e-25, 6.83027819215e-26, 7.14643145625e-26, 2.14381391805e-24, 3.18514640333e-24, 9.85623522582e-25, 3.52820998088e-24, 7.18667825216e-24, 8.16272243956e-24, 4.6187486512e-24, 1.07593874823e-23, 1.49279872518e-23, 1.92102681887e-23, 2.43908881473e-23, 3.27965008596e-23, 3.70875949505e-23, 4.33639868826e-23, 9.15490624776e-23, 1.20277193079e-22, 1.90007094981e-22, 2.25272547458e-22, 2.71207299502e-22, 4.42287475665e-22, 7.19919005944e-22, 1.11804152954e-21, 1.76017955705e-21], "dmean": [0.000408252759371, 0.000747372861952, 0.000777351553552, 0.000973089539912, 0.00117492198478, 0.00095232820604, 0.000767915335018, 0.000319252867484, 0.000201597242267, 8.20547429612e-05, 5.52868732484e-05, 5.51668817934e-05, 4.23745987064e-05, 4.74335029139e-05, 5.16975524079e-05, 3.3496919059e-05, 4.89344383823e-05, 3.55029696948e-05, 7.55827859393e-05, 6.45267573418e-05, 6.50729198242e-05, 5.47523632122e-05, 9.79269752861e-05, 8.80338993738e-05, 6.4175168518e-05, 2.4112585379e-05, 3.82909411201e-06], "mean": [0.00033544076723, 0.00141641160008, 0.00145531783346, 0.0015905770706, 0.00212099030614, 0.00139392842539, 0.000976398703642, 0.000353701849235, 0.000240686757024, 9.83119389275e-05, 6.21442159172e-05, 5.84644330957e-05, 5.08232515131e-05, 5.16351283295e-05, 6.72401001793e-05, 4.37826747657e-05, 5.95857418375e-05, 4.25943107984e-05, 9.49854875216e-05, 7.92901628301e-05, 8.7308268121e-05, 7.5248455687e-05, 0.000132252433104, 0.000126529674162, 8.73637836776e-05, 3.37910569215e-05, 5.19887362316e-06], "max": [0.0788688510656, 0.0812425464392, 0.0604526773095, 0.0900695919991, 0.153323501348, 0.0734864324331, 0.0709185898304, 0.0401140600443, 0.0291914623231, 0.0157540291548, 0.0158376190811, 0.0216370541602, 0.0082742869854, 0.00584504846483, 0.00844599865377, 0.00803152378649, 0.0227549746633, 0.016084741801, 0.0119971586391, 0.0162777435035, 0.0286061223596, 0.0125226946548, 0.0358036644757, 0.0264528281987, 0.0157352611423, 0.0186820924282, 0.00180441094562], "dmean2": [0.000710660009645, 0.00100176315755, 0.00105675216764, 0.00128511281218, 0.0015840587439, 0.0013458346948, 0.00112406909466, 0.000467083533294, 0.000289919378702, 0.000117074872833, 7.98878973001e-05, 8.05914023658e-05, 6.24312815489e-05, 7.37048976589e-05, 7.49300816096e-05, 4.74323314847e-05, 7.3047420301e-05, 5.34110986337e-05, 0.000113771187898, 9.51128240558e-05, 8.82936583366e-05, 7.59888862376e-05, 0.000136476010084, 0.00011991707288, 9.0724293841e-05, 3.57077733497e-05, 5.15838246429e-06], "median": [3.0084251917e-23, 4.51203257346e-23, 3.12259923932e-23, 3.15476141397e-23, 7.29822176421e-23, 7.27904045353e-23, 7.29767776573e-23, 7.31414728816e-23, 9.94501165994e-23, 9.98599771713e-23, 9.88239882326e-23, 1.23202857295e-22, 1.36893039745e-22, 1.50126440177e-22, 1.7286115903e-22, 2.00556664395e-22, 2.22694575263e-22, 2.68243025277e-22, 3.31862347499e-22, 3.98674549524e-22, 5.12598332603e-22, 6.14850255946e-22, 7.30594654263e-22, 9.72782575718e-22, 1.33783781721e-21, 1.85743164211e-21, 2.60675913016e-21], "dvar": [6.33287118035e-06, 8.49713069329e-06, 6.89769740347e-06, 1.26953664221e-05, 2.01672173716e-05, 1.22762694446e-05, 1.11533408926e-05, 2.86017825601e-06, 1.3616271417e-06, 2.24944116667e-07, 1.6272610992e-07, 1.99851641014e-07, 5.64981803564e-08, 6.02048402243e-08, 6.96980038128e-08, 2.84309802367e-08, 1.23256668871e-07, 6.17985804752e-08, 1.86055871154e-07, 1.9961414921e-07, 2.23094048124e-07, 1.38272369554e-07, 7.81432788699e-07, 6.04466947607e-07, 2.62867416723e-07, 1.05134908779e-07, 1.44668899082e-09]}, "melbands_skewness": {"dvar2": 34.265296936, "var": 17.0874710083, "min": -10.7507562637, "dmean": 1.06544017792, "mean": 1.30848824978, "max": 124.876670837, "dmean2": 1.70374333858, "median": 0.0717131644487, "dvar": 14.2221546173}, "barkbands_skewness": {"dvar2": 12.8002653122, "var": 12.0761899948, "min": -8.57753372192, "dmean": 0.87431627512, "mean": -0.344646543264, "max": 59.6082267761, "dmean2": 1.35711681843, "median": -1.76067829132, "dvar": 5.66723680496}, "erbbands": {"dvar2": [0.0399844646454, 0.660448133945, 9.52154159546, 96.1962966919, 264.084289551, 703.851318359, 1269.90161133, 2088.9597168, 3974.77563477, 4692.39697266, 2726.36523438, 1083.23376465, 447.195129395, 575.421875, 590.030456543, 336.206542969, 197.625167847, 244.322143555, 324.179870605, 201.071365356, 222.94833374, 1108.109375, 224.577468872, 724.05065918, 1122.74890137, 1095.68530273, 753.995178223, 519.083190918, 257.676239014, 1575.18994141, 1739.74182129, 552.541259766, 251.22505188, 82.5160369873, 22.29413414, 9.43962574005, 0.332319736481, 0.0146086560562, 6.20268911007e-05, 1.2824956741e-07], "var": [0.0133161917329, 1.77761971951, 19.4562664032, 180.77192688, 574.108886719, 1020.79516602, 1687.02197266, 1996.42944336, 3325.94970703, 3153.98291016, 1898.87329102, 1003.20715332, 509.65057373, 419.571228027, 408.920532227, 288.705841064, 192.223739624, 169.587036133, 322.702484131, 228.885879517, 214.650817871, 505.480743408, 177.041244507, 448.681884766, 817.01776123, 647.342224121, 704.142150879, 597.643798828, 345.851379395, 1205.13134766, 987.949645996, 699.712768555, 342.55947876, 92.7824707031, 21.3911647797, 5.86403369904, 0.536535024643, 0.0133411921561, 9.89305917756e-05, 1.79162768177e-07], "min": [2.95991087712e-23, 8.15517272515e-23, 6.10040602561e-22, 1.23648052525e-21, 2.18101718526e-21, 9.44968466062e-21, 1.75391128092e-20, 3.77422092487e-20, 4.18700182199e-20, 9.25773174492e-20, 1.48232239185e-19, 2.23747676955e-19, 2.26008956105e-19, 3.12995165924e-19, 4.99087384197e-19, 6.56525962654e-19, 8.85969269265e-19, 1.23343692872e-18, 1.48630480121e-18, 1.73692873949e-18, 2.66167385773e-18, 2.68369443961e-18, 2.33444038022e-18, 4.38407172219e-18, 4.99022595276e-18, 5.70832625793e-18, 5.37952196444e-18, 6.92778941777e-18, 7.80611005811e-18, 8.66929287964e-18, 7.42831020258e-18, 8.47223695104e-18, 7.39937211603e-18, 6.961784473e-18, 5.07067133528e-18, 3.63823356954e-18, 1.99862614463e-18, 8.48107713364e-19, 1.91063160164e-19, 2.35034953848e-20], "dmean": [0.0195185150951, 0.178808912635, 0.741831541061, 2.2088162899, 3.29341816902, 4.3457903862, 7.10952043533, 8.39207649231, 10.6548337936, 9.41576385498, 6.85277986526, 4.41388320923, 2.8690662384, 2.5089430809, 2.32638764381, 1.94148254395, 1.86994826794, 2.22415661812, 2.59684944153, 2.16931414604, 2.00915789604, 2.74279069901, 1.72813940048, 3.11789059639, 3.83187770844, 3.05241012573, 2.69707322121, 2.46416282654, 1.82417297363, 2.95244789124, 2.67300152779, 2.02452850342, 1.43262279034, 0.850468158722, 0.390311270952, 0.146526888013, 0.0394394099712, 0.00763903884217, 0.000678931362927, 2.93130524369e-05], "mean": [0.0240084100515, 0.382572650909, 1.515163064, 4.0205245018, 5.73579978943, 7.02826547623, 10.3260812759, 11.5196065903, 13.8897428513, 11.0630931854, 7.95845031738, 5.37278032303, 3.71214938164, 2.97638130188, 2.5384991169, 2.24846720695, 2.2835021019, 2.62539124489, 3.33670902252, 2.96108293533, 2.67270040512, 3.3471455574, 2.22217154503, 3.90315485001, 4.79753398895, 3.75870156288, 3.55213618279, 3.25273656845, 2.54651784897, 3.83632898331, 3.44301533699, 2.85119795799, 1.98757708073, 1.15851962566, 0.517007172108, 0.18967717886, 0.0552500933409, 0.00979643221945, 0.000934972485993, 4.87663273816e-05], "max": [4.2134885788, 14.621295929, 49.6271591187, 241.812759399, 399.276092529, 829.479797363, 1057.26403809, 770.923156738, 1027.76550293, 1179.52404785, 937.416748047, 688.761779785, 488.712341309, 631.424743652, 639.66796875, 646.458374023, 315.039642334, 244.593521118, 345.941070557, 282.169677734, 478.304504395, 1369.56140137, 524.148376465, 615.82220459, 821.37902832, 860.284790039, 1197.8137207, 670.107971191, 409.762817383, 1410.35180664, 1206.21032715, 708.786010742, 495.960876465, 269.163726807, 142.559936523, 115.656845093, 27.3037261963, 5.27563667297, 0.357431530952, 0.0180775858462], "dmean2": [0.0315885916352, 0.223586514592, 0.994663834572, 2.8800804615, 4.27245855331, 5.91952753067, 9.72147655487, 11.9821872711, 15.5301542282, 13.8132667542, 9.54174137115, 6.04866552353, 3.83859372139, 3.6013906002, 3.29237961769, 2.73010921478, 2.62749314308, 3.27595758438, 3.74995970726, 3.06539392471, 2.86528539658, 4.08809995651, 2.57091379166, 4.69506311417, 5.60096645355, 4.4348449707, 3.84781575203, 3.37981247902, 2.51742243767, 4.25098562241, 3.81354188919, 2.83760261536, 1.90436470509, 1.19832265377, 0.566683292389, 0.227442741394, 0.0534024052322, 0.0100598083809, 0.000886173627805, 3.81185927836e-05], "median": [1.6273107429e-21, 9.17862629805e-21, 3.14447604607e-20, 7.58595449051e-20, 1.54121648824e-19, 2.60024949339e-19, 4.29563577495e-19, 6.45548810637e-19, 9.24555900672e-19, 1.30120059848e-18, 1.70917910469e-18, 2.21203233202e-18, 2.81150790632e-18, 3.49754834531e-18, 4.23869307517e-18, 5.07236664195e-18, 6.11367370941e-18, 7.24257506783e-18, 8.3359936867e-18, 9.58857343596e-18, 1.11472612971e-17, 1.26686565474e-17, 1.42294057426e-17, 1.59080000509e-17, 1.73597152609e-17, 1.8703493327e-17, 2.00849775942e-17, 2.11803996445e-17, 2.1858148425e-17, 2.16242250565e-17, 2.11342396576e-17, 1.94666121098e-17, 1.71342771111e-17, 1.39884066711e-17, 1.0342345905e-17, 6.75257974274e-18, 3.62193976583e-18, 1.46104353248e-18, 3.67899460028e-19, 3.89377566524e-20], "dvar": [0.0150933591649, 0.420970439911, 5.62507343292, 61.167301178, 174.323150635, 400.522857666, 730.895141602, 1103.15002441, 1965.80224609, 2219.83935547, 1313.32287598, 603.277099609, 252.774887085, 282.883148193, 302.3565979, 183.281051636, 102.568878174, 114.647460938, 160.902664185, 104.650047302, 113.9320755, 441.530395508, 100.539459229, 312.40524292, 529.740661621, 477.813720703, 378.033935547, 288.067504883, 153.293151855, 714.360473633, 704.981262207, 314.658111572, 158.572265625, 46.6684265137, 11.7483177185, 3.94195413589, 0.239639014006, 0.00779859861359, 4.235817687e-05, 8.19662702156e-08]}, "silence_rate_30dB": {"dvar2": 0.0192786660045, "var": 0.0081442957744, "min": 0, "dmean": 0.00799023453146, "mean": 0.991788744926, "max": 1, "dmean2": 0.0159822423011, "median": 1, "dvar": 0.00792626757175}, "melbands_spread": {"dvar2": 1504.59924316, "var": 3339.25488281, "min": 0.0155291222036, "dmean": 15.5399942398, "mean": 95.2515640259, "max": 287.124938965, "dmean2": 26.4320411682, "median": 124.775360107, "dvar": 653.255981445}, "melbands_crest": {"dvar2": 32.6951560974, "var": 73.8115463257, "min": 1.00153803825, "dmean": 2.13996315002, "mean": 7.65521240234, "max": 39.9055595398, "dmean2": 3.33987116814, "median": 2.71249008179, "dvar": 15.548201561}, "zerocrossingrate": {"dvar2": 0.00265949964523, "var": 0.0460452400148, "min": 0, "dmean": 0.0207072757185, "mean": 0.356808066368, "max": 0.71044921875, "dmean2": 0.0290161538869, "median": 0.4921875, "dvar": 0.00187385070603}, "barkbands_kurtosis": {"dvar2": 56890.8242188, "var": 19120.796875, "min": -1.92404317856, "dmean": 19.3217563629, "mean": 19.5865097046, "max": 5981.63818359, "dmean2": 32.1127891541, "median": 3.44091272354, "dvar": 22823.8007812}, "spectral_flux": {"dvar2": 0.00253962283023, "var": 0.00356716057286, "min": 6.17417852955e-11, "dmean": 0.0142891723663, "mean": 0.0327748097479, "max": 0.389911830425, "dmean2": 0.0223637633026, "median": 6.93188145773e-11, "dvar": 0.00101991544943}, "barkbands_crest": {"dvar2": 14.8722028732, "var": 18.0890979767, "min": 3.10739803314, "dmean": 1.65318083763, "mean": 8.67889404297, "max": 26.7444953918, "dmean2": 2.67508101463, "median": 6.88210773468, "dvar": 6.45569562912}, "barkbands_flatness_db": {"dvar2": 0.00679166568443, "var": 0.012474889867, "min": 0.0246281493455, "dmean": 0.0286534931511, "mean": 0.139559835196, "max": 0.761400997639, "dmean2": 0.0439911447465, "median": 0.0801453739405, "dvar": 0.00317902327515}, "spectral_entropy": {"dvar2": 0.390069574118, "var": 2.17133164406, "min": 3.25248026848, "dmean": 0.190928265452, "mean": 8.81844234467, "max": 9.83169364929, "dmean2": 0.278500884771, "median": 9.79316711426, "dvar": 0.196070238948}, "pitch_salience": {"dvar2": 0.0174436382949, "var": 0.0236071702093, "min": 0.0120803369209, "dmean": 0.048000253737, "mean": 0.717759311199, "max": 0.995993971825, "dmean2": 0.074249766767, "median": 0.784908294678, "dvar": 0.00807701982558}, "erbbands_spread": {"dvar2": 583.014587402, "var": 237.15284729, "min": 0.710743188858, "dmean": 8.07637119293, "mean": 34.803981781, "max": 165.838439941, "dmean2": 13.5310964584, "median": 35.5888519287, "dvar": 224.890304565}, "dynamic_complexity": 45.1086883545, "spectral_contrast_valleys": {"dvar2": [1.50482714176, 1.60981655121, 1.57399666309, 1.60126721859, 1.74376630783, 1.41916573048], "var": [79.0267562866, 81.4710693359, 74.0297164917, 71.8271408081, 75.1292953491, 56.401260376], "min": [-28.5725097656, -28.3789424896, -28.1124534607, -28.0554828644, -27.6849136353, -27.4863471985], "dmean": [0.675931811333, 0.666433572769, 0.591907680035, 0.53686773777, 0.492443650961, 0.437048226595], "mean": [-20.7860279083, -20.635017395, -20.8745307922, -21.0067234039, -20.851858139, -21.7110691071], "max": [-5.34677743912, -4.56819200516, -4.64471673965, -6.18729829788, -5.33509206772, -6.55942392349], "dmean2": [0.963939249516, 0.939476430416, 0.816713392735, 0.737815141678, 0.652174293995, 0.562734305859], "median": [-27.0459861755, -27.0540142059, -27.0420303345, -27.1305465698, -27.1718330383, -27.1952934265], "dvar": [1.19253134727, 1.22676992416, 1.16370487213, 1.16472744942, 1.27910077572, 1.02739882469]}, "hfc": {"dvar2": 561.56817627, "var": 1106.58447266, "min": 9.96899611578e-17, "dmean": 4.24236440659, "mean": 8.12056350708, "max": 594.799987793, "dmean2": 5.51004743576, "median": 1.22243067029e-16, "dvar": 376.073760986}, "spectral_kurtosis": {"dvar2": 524.795410156, "var": 551.538085938, "min": -1.29322743416, "dmean": 2.97121334076, "mean": 4.0664896965, "max": 655.18371582, "dmean2": 4.88642549515, "median": -1.17747378349, "dvar": 203.344268799}, "mfcc": {"mean": [-1018.95404053, 38.1297225952, 9.57450866699, 13.784075737, 6.62122106552, -1.54034531116, 1.90964388847, -2.01367068291, -1.40840280056, 0.417018532753, -0.843041718006, -0.861549317837, 1.45416402817], "cov": [[35923.6914062, 9880.36816406, 1606.27539062, 3362.09887695, 1496.25195312, -852.275390625, 320.187072754, -759.04901123, -442.836669922, 116.414894104, -293.174316406, -338.845336914, 326.383453369], [9880.36816406, 5627.87841797, 755.594116211, 1016.63879395, 605.233886719, -479.814331055, 89.181968689, -366.433166504, -299.294311523, -140.562088013, -190.717834473, -203.356948853, 84.9951629639], [1606.27539062, 755.594116211, 590.498474121, 347.937896729, 128.567199707, 43.7956771851, 55.4099006653, 11.2380714417, -30.7128582001, -27.5965518951, -35.9026985168, -17.6187210083, 28.9586467743], [3362.09887695, 1016.63879395, 347.937896729, 774.424865723, 357.111999512, -4.51676893234, 22.5905799866, -61.8620491028, -56.2547645569, 3.24570202827, -59.9469108582, -84.2626876831, 48.7741928101], [1496.25195312, 605.233886719, 128.567199707, 357.111999512, 398.81829834, 15.3389368057, 14.9879560471, -56.2904090881, -46.8623161316, 24.1781654358, -44.7134284973, -27.8097782135, 25.2802848816], [-852.275390625, -479.814331055, 43.7956771851, -4.51676893234, 15.3389368057, 256.934112549, 43.0645027161, 58.7108306885, 57.4777679443, 11.651927948, 45.8799858093, 15.8324651718, 2.24615621567], [320.187072754, 89.181968689, 55.4099006653, 22.5905799866, 14.9879560471, 43.0645027161, 143.466339111, 26.9478626251, 21.1257572174, 22.3577041626, 17.7533912659, 24.364736557, 5.22207450867], [-759.04901123, -366.433166504, 11.2380714417, -61.8620491028, -56.2904090881, 58.7108306885, 26.9478626251, 148.12097168, 37.4293746948, 8.33756256104, 29.1650733948, 14.1459627151, 9.55822753906], [-442.836669922, -299.294311523, -30.7128582001, -56.2547645569, -46.8623161316, 57.4777679443, 21.1257572174, 37.4293746948, 117.88381958, 21.9288864136, 24.1440181732, 20.4777107239, -4.57230472565], [116.414894104, -140.562088013, -27.5965518951, 3.24570202827, 24.1781654358, 11.651927948, 22.3577041626, 8.33756256104, 21.9288864136, 82.5658187866, 22.8911380768, 26.342546463, 11.480017662], [-293.174316406, -190.717834473, -35.9026985168, -59.9469108582, -44.7134284973, 45.8799858093, 17.7533912659, 29.1650733948, 24.1440181732, 22.8911380768, 78.6375045776, 31.2422275543, 0.896213412285], [-338.845336914, -203.356948853, -17.6187210083, -84.2626876831, -27.8097782135, 15.8324651718, 24.364736557, 14.1459627151, 20.4777107239, 26.342546463, 31.2422275543, 86.3986816406, 7.15842819214], [326.383453369, 84.9951629639, 28.9586467743, 48.7741928101, 25.2802848816, 2.24615621567, 5.22207450867, 9.55822753906, -4.57230472565, 11.480017662, 0.896213412285, 7.15842819214, 51.5367736816]], "icov": [[8.20836939965e-05, -0.000106794286694, 4.12797926401e-05, -0.000281528831692, 0.000118797368486, 7.25670251995e-05, -8.01247661002e-05, 0.000109828724817, -3.45159023709e-05, -0.000253527483437, -3.75956878997e-05, -5.76758611714e-05, -0.000112078421807], [-0.000106794286694, 0.000614202290308, -0.000493180472404, 0.00030453960062, -0.000576647988055, 0.000815947423689, -0.000554710859433, 0.000639801088255, 0.000192261330085, 0.00105964206159, -0.000493189378176, 0.00078950508032, -0.000482935894979], [4.12797926401e-05, -0.000493180472404, 0.00310827605426, -0.00150195707101, 0.000871256517712, -0.00133698061109, -0.000205956574064, -0.00123089109547, 0.000375648058252, 0.000330132548697, 0.00151306181215, -0.0018057761481, 0.000291179283522], [-0.000281528831692, 0.00030453960062, -0.00150195707101, 0.00433011958376, -0.00261514703743, 1.41256359711e-05, 0.000175260865944, 0.00013798425789, -0.000255094782915, 0.000406686507631, -0.000421810778789, 0.00280399061739, -0.00122989702504], [0.000118797368486, -0.000576647988055, 0.000871256517712, -0.00261514703743, 0.00556223932654, -0.00183449941687, 0.00028950322303, 0.000284000998363, 0.00121541495901, -0.00279623758979, 0.00261383596808, -0.0016772786621, 0.00037180291838], [7.25670251995e-05, 0.000815947423689, -0.00133698061109, 1.41256359711e-05, -0.00183449941687, 0.00719687202945, -0.00201487750746, 0.000371773086954, -0.00192831340246, 0.002045373898, -0.00403325166553, 0.00193314265925, -0.00117100321222], [-8.01247661002e-05, -0.000554710859433, -0.000205956574064, 0.000175260865944, 0.00028950322303, -0.00201487750746, 0.00933285895735, -0.00208708830178, -0.000704863516148, -0.00228679203428, 0.00034319065162, -0.00270913657732, 0.00157653028145], [0.000109828724817, 0.000639801088255, -0.00123089109547, 0.00013798425789, 0.000284000998363, 0.000371773086954, -0.00208708830178, 0.0101867532358, -0.00127764081117, 0.000790852005593, -0.00245272368193, 0.00200681225397, -0.00354858627543], [-3.45159023709e-05, 0.000192261330085, 0.000375648058252, -0.000255094782915, 0.00121541495901, -0.00192831340246, -0.000704863516148, -0.00127764081117, 0.0113441394642, -0.0022377606947, 0.000283804023638, -0.000923934683669, 0.00135639018845], [-0.000253527483437, 0.00105964206159, 0.000330132548697, 0.000406686507631, -0.00279623758979, 0.002045373898, -0.00228679203428, 0.000790852005593, -0.0022377606947, 0.0183198433369, -0.00427516922355, -0.00203434913419, -0.00326727470383], [-3.75956878997e-05, -0.000493189378176, 0.00151306181215, -0.000421810778789, 0.00261383596808, -0.00403325166553, 0.00034319065162, -0.00245272368193, 0.000283804023638, -0.00427516922355, 0.0197671465576, -0.00554680498317, 0.00131840561517], [-5.76758611714e-05, 0.00078950508032, -0.0018057761481, 0.00280399061739, -0.0016772786621, 0.00193314265925, -0.00270913657732, 0.00200681225397, -0.000923934683669, -0.00203434913419, -0.00554680498317, 0.0182911101729, -0.00400797557086], [-0.000112078421807, -0.000482935894979, 0.000291179283522, -0.00122989702504, 0.00037180291838, -0.00117100321222, 0.00157653028145, -0.00354858627543, 0.00135639018845, -0.00326727470383, 0.00131840561517, -0.00400797557086, 0.0236591976136]]}, "silence_rate_20dB": {"dvar2": 0, "var": 0, "min": 1, "dmean": 0, "mean": 1, "max": 1, "dmean2": 0, "median": 1, "dvar": 0}, "melbands_kurtosis": {"dvar2": 802948.375, "var": 179756.40625, "min": -1.90358233452, "dmean": 44.2349891663, "mean": 32.9516639709, "max": 26826.2382812, "dmean2": 78.7018356323, "median": -1.11264419556, "dvar": 287323.375}, "barkbands_spread": {"dvar2": 593.981811523, "var": 286.118438721, "min": 0.0164037197828, "dmean": 7.25592374802, "mean": 23.2417411804, "max": 142.152313232, "dmean2": 12.3842067719, "median": 24.8032455444, "dvar": 241.732025146}, "erbbands_skewness": {"dvar2": 1.5047339201, "var": 1.45866823196, "min": -4.01156234741, "dmean": 0.420223087072, "mean": -0.0970373749733, "max": 10.7875890732, "dmean2": 0.67570912838, "median": -0.585107088089, "dvar": 0.635509490967}, "average_loudness": 0.144033908844, "spectral_centroid": {"dvar2": 1436562.75, "var": 21908638, "min": 118.131721497, "dmean": 466.113189697, "mean": 7559.78857422, "max": 12077.15625, "dmean2": 770.638244629, "median": 10791.3369141, "dvar": 801617.5625}, "dissonance": {"dvar2": 0.00217809993774, "var": 0.00281432433985, "min": 0.0908597037196, "dmean": 0.0155557719991, "mean": 0.471998602152, "max": 0.500000119209, "dmean2": 0.0251565612853, "median": 0.492247074842, "dvar": 0.00090498465579}, "erbbands_flatness_db": {"dvar2": 0.00240136892535, "var": 0.00534639600664, "min": 0.0214892271906, "dmean": 0.0202545337379, "mean": 0.137972578406, "max": 0.623999536037, "dmean2": 0.0308479238302, "median": 0.103177919984, "dvar": 0.00111542979721}, "spectral_strongpeak": {"dvar2": 1.36757814884, "var": 0.854073882103, "min": 0, "dmean": 0.189307138324, "mean": 0.293620079756, "max": 23.0845470428, "dmean2": 0.297665178776, "median": 3.9239944627e-09, "dvar": 0.553676664829}, "spectral_rms": {"dvar2": 1.63233312378e-06, "var": 8.33972080727e-06, "min": 3.04834109344e-12, "dmean": 0.000447826285381, "mean": 0.00159016181715, "max": 0.0128629570827, "dmean2": 0.000563671172131, "median": 3.27558466462e-12, "dvar": 1.10430130462e-06}, "silence_rate_60dB": {"dvar2": 0.065726146102, "var": 0.195597633719, "min": 0, "dmean": 0.0324048399925, "mean": 0.733244538307, "max": 1, "dmean2": 0.0648168697953, "median": 1, "dvar": 0.0313553959131}, "melbands": {"dvar2": [2.34234357777e-06, 1.76471451141e-06, 2.66317397291e-06, 1.87516150163e-06, 1.20837216855e-06, 8.68635765983e-07, 9.07627907054e-07, 4.50152327858e-07, 1.91222497392e-07, 3.95333223935e-08, 1.13850013861e-08, 9.95274795912e-09, 5.98990457235e-09, 6.05338135173e-09, 2.37735009456e-09, 1.11105979972e-09, 1.04302033677e-09, 1.01053099222e-09, 9.15265585544e-10, 2.56213661398e-10, 4.12404999039e-10, 1.5416646848e-09, 3.20461879255e-10, 5.09877307042e-10, 5.65062552305e-10, 9.10579334157e-10, 5.94758298167e-10, 4.92113572115e-10, 3.00573121947e-10, 4.42050146487e-10, 1.69214170453e-10, 9.62649890357e-11, 1.47410778029e-10, 7.90024268227e-10, 5.08272368638e-10, 6.66616650769e-10, 2.05982314538e-10, 1.54603177482e-10, 8.6563305135e-11, 5.84592027564e-11], "var": [1.47871674017e-06, 4.20924834543e-06, 5.52284245714e-06, 3.43632063959e-06, 1.92470361071e-06, 9.15042505767e-07, 7.84914504948e-07, 3.06764405877e-07, 1.27303906083e-07, 3.88889915826e-08, 1.24816130764e-08, 6.93982560307e-09, 4.66853000702e-09, 3.25288129766e-09, 1.72521252839e-09, 9.55077572584e-10, 6.13103734448e-10, 8.0831386029e-10, 8.82761308496e-10, 2.46042020091e-10, 3.50599160814e-10, 7.06992242527e-10, 1.57726373629e-10, 2.85440310277e-10, 3.2118779858e-10, 5.66972413463e-10, 3.79761805336e-10, 2.74314237991e-10, 2.29068514157e-10, 4.07007705316e-10, 1.63630956007e-10, 1.14598969203e-10, 1.49477860645e-10, 5.54576440326e-10, 2.82822043562e-10, 3.90978721621e-10, 2.4988142111e-10, 1.91477250722e-10, 1.08476810867e-10, 5.95270568948e-11], "min": [3.63658763635e-25, 3.37090150214e-25, 2.7997149308e-25, 2.97867986007e-25, 7.73620753482e-25, 6.65633682774e-25, 5.28140305286e-25, 1.09191020361e-24, 7.01270178344e-25, 9.84339947281e-25, 8.06677230158e-25, 9.53172940385e-25, 1.29014217301e-24, 1.66045103408e-24, 1.70861710601e-24, 1.32004434006e-24, 1.67907288461e-24, 1.98423958427e-24, 1.99284132358e-24, 2.13150058819e-24, 2.50724765912e-24, 2.1430735721e-24, 2.16525555189e-24, 2.22635204014e-24, 2.69983878001e-24, 2.82210531779e-24, 2.4685875583e-24, 2.55385573076e-24, 3.12720831693e-24, 2.75322553342e-24, 2.78847124702e-24, 3.20003773064e-24, 3.68787858355e-24, 3.73393149433e-24, 3.92936981145e-24, 3.96997011566e-24, 4.41863317778e-24, 4.4784781382e-24, 4.26835911964e-24, 5.00447836246e-24], "dmean": [0.000205189848202, 0.000332665687893, 0.000385112973163, 0.0002495891531, 0.000223165770876, 0.000181387571502, 0.000162236930919, 9.31744361878e-05, 5.51726625417e-05, 2.65238086286e-05, 1.41019372677e-05, 1.04412611108e-05, 7.58455962568e-06, 6.36323466097e-06, 4.81221468362e-06, 4.24336803917e-06, 4.27203622166e-06, 4.30055524703e-06, 3.90075956602e-06, 2.38282632381e-06, 2.46409535976e-06, 3.17837202601e-06, 1.77197853191e-06, 1.73402338532e-06, 2.66533743343e-06, 3.19426021633e-06, 2.43924841925e-06, 1.96676410269e-06, 1.67936536855e-06, 1.85186468116e-06, 1.34441506816e-06, 1.05933690975e-06, 1.12035525035e-06, 1.92925267584e-06, 1.51687731886e-06, 1.64027028404e-06, 1.16168905606e-06, 1.0659051668e-06, 8.59346016568e-07, 6.98754320183e-07], "mean": [0.000327393005136, 0.000723384669982, 0.000747747544665, 0.000447901373263, 0.000359092315193, 0.000259770778939, 0.000213102728594, 0.000108543878014, 6.21674116701e-05, 3.20045510307e-05, 1.79494600161e-05, 1.20125960166e-05, 8.47118735692e-06, 6.61497870169e-06, 5.44315207662e-06, 5.06562264491e-06, 4.79036270917e-06, 5.14108705829e-06, 5.04679928781e-06, 3.11190206048e-06, 3.15985494126e-06, 3.77791775463e-06, 2.14438159674e-06, 2.05429341804e-06, 3.2115860904e-06, 3.83952237826e-06, 2.99262069348e-06, 2.34669664678e-06, 2.0732898065e-06, 2.35877814703e-06, 1.70838882241e-06, 1.40894485412e-06, 1.49520383275e-06, 2.4382918582e-06, 1.85415001397e-06, 2.07879156733e-06, 1.60637034696e-06, 1.42405315273e-06, 1.16978549158e-06, 9.18229204672e-07], "max": [0.03020741418, 0.022341394797, 0.0341450124979, 0.0425632186234, 0.0304607953876, 0.0155052319169, 0.0140725839883, 0.0108293900266, 0.00697737652808, 0.00466543901712, 0.00241426727735, 0.00259045651183, 0.00223551644012, 0.0021221828647, 0.00135644420516, 0.0007251