{"tonal": {"thpcp": [1, 0.731570363045, 0.495037823915, 0.405020952225, 0.374533653259, 0.441850572824, 0.46126294136, 0.462521523237, 0.635552585125, 0.613511502743, 0.396784543991, 0.385498583317, 0.400507301092, 0.396946936846, 0.566645681858, 0.671795248985, 0.546073615551, 0.341071039438, 0.203033059835, 0.223867490888, 0.430236905813, 0.607366263866, 0.547131419182, 0.727894544601, 0.875493347645, 0.608033418655, 0.473898500204, 0.452267497778, 0.4235496521, 0.661194741726, 0.847230553627, 0.608692884445, 0.431225657463, 0.474678009748, 0.57743948698, 0.871857762337], "hpcp": {"dmean2": [0.11500544101, 0.123132929206, 0.152471572161, 0.182197183371, 0.205585539341, 0.244096800685, 0.239555627108, 0.225703373551, 0.21410498023, 0.182354956865, 0.201504647732, 0.233913376927, 0.242642715573, 0.218633517623, 0.195126369596, 0.205674931407, 0.244499862194, 0.272908806801, 0.267695367336, 0.252538174391, 0.218637034297, 0.180164575577, 0.17254576087, 0.176335886121, 0.169106423855, 0.195510610938, 0.201942294836, 0.186080798507, 0.170514717698, 0.161560893059, 0.153523817658, 0.174967482686, 0.221089661121, 0.209803178906, 0.187716692686, 0.151169165969], "median": [0.00233351578936, 0.00279815634713, 0.00851055327803, 0.0123686324805, 0.0184244178236, 0.0228594709188, 0.0208522435278, 0.0194120984524, 0.00476234825328, 0.00468572089449, 0.00706656789407, 0.0167992860079, 0.0194796752185, 0.0171156655997, 0.00644438993186, 0.00736391264945, 0.0167654938996, 0.046230789274, 0.0554226152599, 0.036539722234, 0.0117028709501, 0.00562595156953, 0.00509849749506, 0.00582172023132, 0.00713083148003, 0.0104916216806, 0.00798077508807, 0.0072734085843, 0.00952345132828, 0.00687379296869, 0.00666082836688, 0.0120715638623, 0.0194189287722, 0.0248872544616, 0.011356302537, 0.00309542589821], "min": [0, 0, 0, 0, 0, 0, 0, 0, 0, 0, 0, 0, 0, 0, 0, 0, 0, 0, 0, 0, 0, 0, 0, 0, 0, 0, 0, 0, 0, 0, 0, 0, 0, 0, 0, 0], "dvar2": [0.0591687895358, 0.0734502822161, 0.0821816846728, 0.101178482175, 0.10744882375, 0.132258996367, 0.134602546692, 0.118164204061, 0.135476067662, 0.107123687863, 0.13294352591, 0.125258088112, 0.140378907323, 0.116883717477, 0.118777967989, 0.119048796594, 0.14222420752, 0.146882072091, 0.143286809325, 0.13983617723, 0.125836148858, 0.103893920779, 0.0993906408548, 0.110833153129, 0.10031580925, 0.116610839963, 0.121039584279, 0.104886695743, 0.0912679210305, 0.0861281529069, 0.0786204487085, 0.0893057286739, 0.124252587557, 0.106656603515, 0.102628625929, 0.0862417221069], "dvar": [0.0219324678183, 0.0265129152685, 0.0307467523962, 0.0394886359572, 0.0402271226048, 0.0508723109961, 0.0533910728991, 0.0436909906566, 0.051189981401, 0.0399709120393, 0.0486253611743, 0.0472786389291, 0.0536368153989, 0.0436200909317, 0.0440571419895, 0.0449762456119, 0.0536329671741, 0.056824516505, 0.0550399385393, 0.0522229373455, 0.0483396090567, 0.0391592532396, 0.0372105054557, 0.0421838536859, 0.0379808284342, 0.0418350845575, 0.0460553318262, 0.0412153564394, 0.0338752232492, 0.0326396860182, 0.03032791242, 0.0332037992775, 0.0464116856456, 0.0416274368763, 0.0375181958079, 0.0339201390743], "dmean": [0.062836676836, 0.0671668425202, 0.0870108157396, 0.103011012077, 0.116359233856, 0.140135839581, 0.137013927102, 0.129643544555, 0.120378047228, 0.102039158344, 0.112451501191, 0.133173987269, 0.13897626102, 0.123775109649, 0.109577938914, 0.115388207138, 0.138532221317, 0.158934161067, 0.154789432883, 0.145010665059, 0.123037599027, 0.100289106369, 0.0967608988285, 0.100102841854, 0.0966011807323, 0.11185528338, 0.115760616958, 0.107091322541, 0.0962552279234, 0.0915514230728, 0.0868840366602, 0.098699785769, 0.125305756927, 0.12322140485, 0.105577908456, 0.0870030894876], "max": [1, 1, 1, 1, 1, 1, 1, 1, 1, 1, 1, 1, 1, 1, 1, 1, 1, 1, 1, 1, 1, 1, 1, 1, 1, 1, 1, 1, 1, 1, 1, 1, 1, 1, 1, 1], "var": [0.0162058640271, 0.0200276430696, 0.0390875078738, 0.0678899288177, 0.0497039109468, 0.069997087121, 0.0995112583041, 0.0535267703235, 0.0529752001166, 0.0481568314135, 0.0452090129256, 0.0619729273021, 0.0956799685955, 0.055768109858, 0.043151602149, 0.0489459261298, 0.0572999939322, 0.0833299979568, 0.102152876556, 0.0686780512333, 0.0483188219368, 0.040347199887, 0.0347977615893, 0.04669540748, 0.0483380816877, 0.0424207821488, 0.0744427219033, 0.071360424161, 0.0339405611157, 0.0347300320864, 0.0375020951033, 0.0335175246, 0.0530625730753, 0.0636658221483, 0.0563963092864, 0.0356894619763], "mean": [0.0454818196595, 0.0501489825547, 0.096378184855, 0.136057272553, 0.122563950717, 0.163057044148, 0.196120932698, 0.136206716299, 0.106158904731, 0.101313300431, 0.0948801636696, 0.148115485907, 0.18978972733, 0.136354446411, 0.096599675715, 0.106333523989, 0.129353314638, 0.195306509733, 0.224011898041, 0.163880467415, 0.110894359648, 0.0907295122743, 0.0838999971747, 0.0989797860384, 0.103328384459, 0.103610321879, 0.142371341586, 0.137433871627, 0.0888844579458, 0.086356267333, 0.089718401432, 0.0889208391309, 0.126935377717, 0.150490134954, 0.122326985002, 0.0764039680362]}, "tuning_equal_tempered_deviation": 0.0508760884404, "chords_changes_rate": 0.0692194402218, "key_key": "G#", "tuning_diatonic_strength": 0.415569394827, "key_scale": "minor", "chords_number_rate": 0.0053019146435, "tuning_frequency": 443.316436768, "tuning_nontempered_energy_ratio": 0.746021747589, "chords_histogram": [12.3122234344, 10.397644043, 3.85861563683, 12.3711338043, 6.59793806076, 2.47422671318, 3.77025032043, 9.80854225159, 5.44919013977, 7.24594974518, 0.265095740557, 4.41826200485, 0.353460967541, 1.94403529167, 0.265095740557, 1.91458022594, 0.0883652418852, 4.30044174194, 3.85861563683, 0.0589101612568, 0.500736355782, 1.06038296223, 3.71134018898, 2.97496318817], "key_strength": 0.604057013988, "chords_key": "F#", "chords_strength": {"dmean2": 0.0127207990736, "median": 0.529066979885, "min": -1, "dvar2": 0.000958780176006, "dvar": 0.000597593549173, "dmean": 0.0132206110284, "max": 0.868450820446, "var": 0.0351262018085, "mean": 0.518870890141}, "chords_scale": "major", "hpcp_entropy": {"dmean2": 1.05872297287, "median": 1.6746481657, "min": 0, "dvar2": 0.745339035988, "dvar": 0.274832725525, "dmean": 0.615919232368, "max": 4.45765256882, "var": 0.545032978058, "mean": 1.63381457329}}, "metadata": {"audio_properties": {"equal_loudness": 0, "codec": "mp3", "downmix": "mix", "sample_rate": 44100, "analysis_sample_rate": 44100, "bit_rate": 192000, "md5_encoded": "e386de9a740902d65ab3023e811e2816", "length": 157.596740723, "replay_gain": -7.59429931641, "lossless": false}, "version": {"essentia_build_sha": "70f2e5ece6736b2c40cc944ad0e695b16b925413", "essentia": "2.1-beta2", "extractor": "music 1.0", "essentia_git_sha": "v2.1_beta2"}, "tags": {"title": ["- Tausendmal war ich im Traum bei Dir"], "artist": ["Comedian Harmonists"], "albumartist": ["Comedian Harmonists"], "date": ["2006"], "genre": ["Pop"], "album": ["Die Grossen Erfolge"], "tracknumber": ["6"], "musicbrainz_recordingid": ["0c29f572-941e-4a6e-8ae3-b93f45286f07"], "file_name": "298000.mp3"}}, "rhythm": {"bpm_histogram_first_peak_bpm": {"dmean2": 0, "median": 148, "min": 148, "dvar2": 0, "dvar": 0, "dmean": 0, "max": 148, "var": 0, "mean": 148}, "bpm": 147.670089722, "bpm_histogram_second_peak_spread": {"dmean2": 0, "median": 0.537037014961, "min": 0.537037014961, "dvar2": 0, "dvar": 0, "dmean": 0, "max": 0.537037014961, "var": 0, "mean": 0.537037014961}, "bpm_histogram_first_peak_weight": {"dmean2": 0, "median": 0.0801186934114, "min": 0.0801186934114, "dvar2": 0, "dvar": 0, "dmean": 0, "max": 0.0801186934114, "var": 0, "mean": 0.0801186934114}, "onset_rate": 2.0746486187, "beats_position": [0.66176867485, 1.33514738083, 2.00852608681, 2.68190479279, 3.32045340538, 3.95900225639, 4.59755086899, 5.23609972, 5.87464857101, 6.5015873909, 7.12852573395, 7.6858048439, 8.24308395386, 8.8119726181, 9.38086128235, 9.94974994659, 10.5186395645, 11.0759181976, 11.6331968307, 12.1324262619, 12.6432647705, 13.1657142639, 13.6881628036, 14.2106122971, 14.7214508057, 15.2322902679, 15.7431287766, 16.2539672852, 16.7648067474, 17.2756462097, 17.786485672, 18.2973232269, 18.8081626892, 19.3306121826, 19.853061676, 20.3755092621, 20.9095687866, 21.4552383423, 21.9776859283, 22.5001354218, 23.0225849152, 23.5450344086, 24.0907020569, 24.6479816437, 25.2052612305, 25.7625389099, 26.3198184967, 26.8887062073, 27.4575958252, 28.0264854431, 28.5837631226, 29.1526527405, 29.7215423584, 30.3020401001, 30.870929718, 31.4398174286, 32.0087051392, 32.5659866333, 33.111656189, 33.6573219299, 34.2029914856, 34.7602729797, 35.3059387207, 35.8516082764, 36.397277832, 36.9429473877, 37.5002250671, 38.0575065613, 38.6147842407, 39.1720619202, 39.7409515381, 40.2866210938, 40.8206787109, 41.3547401428, 41.8423576355, 42.3299751282, 42.8292045593, 43.3168258667, 43.8160552979, 44.3036727905, 44.7912902832, 45.2905197144, 45.7897491455, 46.2773704529, 46.7882080078, 47.287437439, 47.7750549316, 48.262676239, 48.7619056702, 49.1682548523, 49.5746040344, 49.9809532166, 50.3873023987, 50.7820396423, 51.1767807007, 51.5715179443, 51.9662590027, 52.3609962463, 52.7557373047, 53.1388664246, 53.5219955444, 53.8935127258, 54.2766418457, 54.6597709656, 55.0545120239, 55.4376411438, 55.8207702637, 56.2038993835, 56.5405883789, 56.8772773743, 57.2139663696, 57.550655365, 57.8873443604, 58.2240333557, 58.5723342896, 58.9206352234, 59.2689323425, 59.6520614624, 60.0235824585, 60.4067115784, 60.7898406982, 61.1613578796, 61.5328788757, 61.9043960571, 62.2875289917, 62.6938781738, 63.0886154175, 63.4833564758, 63.889705658, 64.2844467163, 64.67918396, 65.0739212036, 65.4802703857, 65.8982315063, 66.316192627, 66.7225418091, 67.1404953003, 67.5468444824, 67.9415893555, 68.3363265991, 68.7891159058, 69.2419052124, 69.6830825806, 70.1242599487, 70.5770492554, 71.029838562, 71.4942398071, 71.9586410522, 72.4114303589, 72.817779541, 73.2357330322, 73.6420822144, 74.0484313965, 74.4547805786, 74.8611297607, 75.2790908813, 75.697052002, 76.1150131226, 76.5329666138, 76.9393157959, 77.368888855, 77.7868499756, 78.2048034668, 78.6227645874, 79.0291137695, 79.4354629517, 79.8418121338, 80.2481613159, 80.6661224365, 81.0840835571, 81.5020370483, 81.8735580444, 82.256690979, 82.6282043457, 82.9997253418, 83.3712463379, 83.7543716431, 84.1258926392, 84.4974136353, 84.9734191895, 85.449432373, 85.9138336182, 86.3782272339, 86.842628479, 87.3070297241, 87.7830352783, 88.2590484619, 88.7350540161, 89.2110671997, 89.6754608154, 90.1398620605, 90.6158676147, 91.0454406738, 91.486618042, 91.9161911011, 92.3457565308, 92.7869338989, 93.216506958, 93.6576843262, 94.0988616943, 94.5400466919, 94.9812240601, 95.3643493652, 95.7358703613, 96.1073913574, 96.4789123535, 96.8504257202, 97.2103347778, 97.5702438354, 97.9301605225, 98.3016738892, 98.6615829468, 99.0214920044, 99.381401062, 99.7413101196, 100.101219177, 100.461128235, 100.821044922, 101.227394104, 101.633743286, 102.040092468, 102.44644165, 102.87600708, 103.305580139, 103.72353363, 104.141494751, 104.571060181, 105.00063324, 105.441810608, 105.836547852, 106.219680786, 106.602806091, 107.067207336, 107.54322052, 108.007614136, 108.472015381, 108.924804688, 109.377593994, 109.830383301, 110.271560669, 110.712738037, 111.142311096, 111.583488464, 112.013061523, 112.442626953, 112.872200012, 113.301765442, 113.719726562, 114.149291992, 114.567253113, 114.985214233, 115.403175354, 115.821128845, 116.250701904, 116.680267334, 117.109840393, 117.539405823, 117.98059082, 118.421768188, 118.897773743, 119.373786926, 119.84979248, 120.325805664, 120.836639404, 121.370697021, 121.89315033, 122.415596008, 122.949661255, 123.483718872, 124.006164551, 124.528617859, 124.911743164, 125.306480408, 125.701225281, 126.084350586, 126.490699768, 126.89704895, 127.303398132, 127.721359253, 128.104492188, 128.476013184, 128.847518921, 129.230651855, 129.61378479, 130.008529663, 130.403259277, 130.79800415, 131.181137085, 131.587478638, 131.982223511, 132.481445312, 132.969070435, 133.456680298, 133.94430542, 134.431930542, 134.931152344, 135.430389404, 135.929611206, 136.417236328, 136.904846191, 137.392471313, 137.880081177, 138.437362671, 138.994644165, 139.551925659, 140.097595215, 140.654876709, 141.200546265, 141.74621582, 142.291885376, 142.837554932, 143.383224487, 143.940490723, 144.497772217, 145.043441772, 145.589111328, 146.134780884, 146.680450439, 147.168075562, 147.667297363, 148.166534424, 148.665756226, 149.164993286, 149.664215088, 150.15184021, 150.639450073, 151.115463257, 151.59147644, 152.079086304, 152.555099487, 153.042724609, 153.576782227, 154.110839844, 154.656509399, 155.202178955, 155.747848511, 156.293518066, 156.839187622], "beats_loudness": {"dmean2": 0.0305712427944, "median": 0.0114457029849, "min": 0, "dvar2": 0.00270128925331, "dvar": 0.000968249398284, "dmean": 0.0175114851445, "max": 0.306402206421, "var": 0.00106753373984, "mean": 0.0209854636341}, "danceability": 0.958268880844, "bpm_histogram_second_peak_weight": {"dmean2": 0, "median": 0.0741839781404, "min": 0.0741839781404, "dvar2": 0, "dvar": 0, "dmean": 0, "max": 0.0741839781404, "var": 0, "mean": 0.0741839781404}, "beats_count": 338, "bpm_histogram_second_peak_bpm": {"dmean2": 0, "median": 110, "min": 110, "dvar2": 0, "dvar": 0, "dmean": 0, "max": 110, "var": 0, "mean": 110}, "bpm_histogram_first_peak_spread": {"dmean2": 0, "median": 0.614285707474, "min": 0.614285707474, "dvar2": 0, "dvar": 0, "dmean": 0, "max": 0.614285707474, "var": 0, "mean": 0.614285707474}, "beats_loudness_band_ratio": {"dmean2": [0.289453774691, 0.37967261672, 0.371104568243, 0.17548391223, 0.0506069734693, 0.020927593112], "median": [0.201788216829, 0.413759946823, 0.260383367538, 0.0181081593037, 0.00582977104932, 0.00130724336486], "min": [0, 0, 0, 0, 0, 0], "dvar2": [0.0612621419132, 0.0691039115191, 0.094571724534, 0.0466878302395, 0.0106924725696, 0.00737510342151], "dvar": [0.022067759186, 0.0260410793126, 0.0307443309575, 0.0166900902987, 0.00379289709963, 0.00289883115329], "dmean": [0.168047383428, 0.218196764588, 0.209273695946, 0.0963836684823, 0.0284940842539, 0.0121290422976], "max": [0.90289747715, 0.963164567947, 0.920433878899, 0.898088872433, 0.527613639832, 0.719341814518], "var": [0.0397215969861, 0.0510993525386, 0.0426335036755, 0.0170300211757, 0.0037823044695, 0.00227317633107], "mean": [0.245017185807, 0.42297950387, 0.288919895887, 0.0765274241567, 0.0278984475881, 0.00907673593611]}}, "lowlevel": {"barkbands_spread": {"dmean2": 2.73808050156, "median": 4.50483226776, "min": 0.32988217473, "dvar2": 23.0807971954, "dvar": 11.3512964249, "dmean": 1.81386494637, "max": 112.93686676, "var": 78.0219497681, "mean": 7.17226219177}, "melbands_spread": {"dmean2": 3.76089954376, "median": 5.64947652817, "min": 0.362869232893, "dvar2": 65.4430770874, "dvar": 28.4573307037, "dmean": 2.47854614258, "max": 219.458557129, "var": 503.419067383, "mean": 11.1256752014}, "hfc": {"dmean2": 3.99389410019, "median": 2.96182346344, "min": 1.07445236004e-16, "dvar2": 127.335105896, "dvar": 71.8759689331, "dmean": 2.80674052238, "max": 432.008087158, "var": 840.026062012, "mean": 10.0019989014}, "barkbands_kurtosis": {"dmean2": 10.8744812012, "median": 11.2400331497, "min": -1.88474524021, "dvar2": 325.049591064, "dvar": 152.548797607, "dmean": 7.19402885437, "max": 286.499633789, "var": 458.912994385, "mean": 17.1606693268}, "gfcc": {"mean": [-161.404937744, 139.341644287, -99.1057128906, 11.6816091537, -88.8130340576, -7.06108522415, -59.7878417969, 0.106111079454, -27.8408756256, -23.4660339355, -7.11732006073, -14.7861881256, -9.19400787354], "icov": [[0.0010896838503, -0.00356431934051, 0.00275749107823, -0.00209682085551, 0.00223415484652, -1.88408721442e-05, 0.000411576358601, 0.000754763546865, 0.000111187706352, -0.000134038185934, 0.00160369358491, -0.00147941801697, 0.00105101603549], [-0.00356431934051, 0.0138461645693, -0.00937088113278, 0.00758033478633, -0.00638983212411, -0.000924364605453, -2.54169608525e-05, -0.0024187611416, -0.00313169904985, 0.00506499689072, -0.00937745068222, 0.00851986836642, -0.00415024906397], [0.00275749107823, -0.00937088113278, 0.00865352153778, -0.0069789015688, 0.00645209895447, -0.000520222994965, -0.000832166406326, 0.00453253323212, -0.00172391440719, -0.000147229744471, 0.00514748413116, -0.00546423904598, 0.00349243520759], [-0.00209682085551, 0.00758033478633, -0.0069789015688, 0.00902705360204, -0.00585147319362, 0.000119042604638, 0.00303404545411, -0.0063917087391, 0.00441954145208, -0.00217342469841, -0.00175166188274, 0.00422271713614, -0.00423286156729], [0.00223415484652, -0.00638983212411, 0.00645209895447, -0.00585147319362, 0.00866018608212, -0.000560394139029, -0.000232074773521, 0.00437980797142, -0.00670674955472, 0.00475205015391, -0.000541031709872, -0.00182928622235, 0.00328501965851], [-1.88408721442e-05, -0.000924364605453, -0.000520222994965, 0.000119042604638, -0.000560394139029, 0.00660570012406, -0.0028571006842, 0.000195919128601, 0.00399717036635, -0.00584633881226, 0.00498075596988, -0.00312052876689, 0.00124515756033], [0.000411576358601, -2.54169608525e-05, -0.000832166406326, 0.00303404545411, -0.000232074773521, -0.0028571006842, 0.00866690650582, -0.00651692831889, 0.00436212262139, 0.00090908590937, -0.00298452819698, 0.00312149850652, -0.00169251195621], [0.000754763546865, -0.0024187611416, 0.00453253323212, -0.0063917087391, 0.00437980797142, 0.000195919128601, -0.00651692831889, 0.0173645876348, -0.0107674011961, 0.00539829675108, 0.00101446383633, -0.0052096392028, 0.00622618384659], [0.000111187706352, -0.00313169904985, -0.00172391440719, 0.00441954145208, -0.00670674955472, 0.00399717036635, 0.00436212262139, -0.0107674011961, 0.0237960312515, -0.0166453402489, 0.0111059490591, -0.00464313197881, -0.0045430213213], [-0.000134038185934, 0.00506499689072, -0.000147229744471, -0.00217342469841, 0.00475205015391, -0.00584633881226, 0.00090908590937, 0.00539829675108, -0.0166453402489, 0.0230822730809, -0.0170346088707, 0.0127594703808, -0.00143834855407], [0.00160369358491, -0.00937745068222, 0.00514748413116, -0.00175166188274, -0.000541031709872, 0.00498075596988, -0.00298452819698, 0.00101446383633, 0.0111059490591, -0.0170346088707, 0.0286505483091, -0.0180477425456, 0.00799797475338], [-0.00147941801697, 0.00851986836642, -0.00546423904598, 0.00422271713614, -0.00182928622235, -0.00312052876689, 0.00312149850652, -0.0052096392028, -0.00464313197881, 0.0127594703808, -0.0180477425456, 0.027371244505, -0.0124745331705], [0.00105101603549, -0.00415024906397, 0.00349243520759, -0.00423286156729, 0.00328501965851, 0.00124515756033, -0.00169251195621, 0.00622618384659, -0.0045430213213, -0.00143834855407, 0.00799797475338, -0.0124745331705, 0.0169747322798]], "cov": [[20180.40625, 3713.21899414, -3037.89550781, -835.214477539, -540.210693359, -862.690185547, -935.873962402, 51.3367767334, -199.885421753, -809.412658691, 134.427505493, -230.769729614, -224.207244873], [3713.21899414, 1196.32104492, -226.046127319, -342.859313965, 6.42530488968, -139.281585693, -89.0045013428, -14.8214302063, 20.011800766, -219.463851929, 65.9315948486, -44.7670440674, -48.0718002319], [-3037.89550781, -226.046127319, 1456.89953613, 363.141967773, -260.622558594, 306.636169434, 145.616119385, -86.0845336914, -12.4964179993, 117.609733582, -110.993629456, 31.8711338043, 80.0130996704], [-835.214477539, -342.859313965, 363.141967773, 585.913146973, 24.9335460663, 10.7012434006, -163.993530273, 21.263917923, 45.2881774902, 88.9071807861, -95.3885879517, 9.6782207489, 81.2264556885], [-540.210693359, 6.42530488968, -260.622558594, 24.9335460663, 601.985351562, -175.604736328, -109.213615417, 37.7997512817, 188.460662842, -35.08568573, 28.7994041443, 30.4870910645, 22.7870025635], [-862.690185547, -139.281585693, 306.636169434, 10.7012434006, -175.604736328, 366.89465332, 203.447052002, -21.8033409119, -98.6614990234, 83.703704834, -12.0876302719, -20.3010845184, -34.2418746948], [-935.873962402, -89.0045013428, 145.616119385, -163.993530273, -109.213615417, 203.447052002, 404.39453125, 53.0139579773, -126.311592102, -12.8024320602, 48.0898971558, -3.11945128441, -67.4215011597], [51.3367767334, -14.8214302063, -86.0845336914, 21.263917923, 37.7997512817, -21.8033409119, 53.0139579773, 135.436477661, 35.0725364685, -29.2899456024, -0.449430376291, 20.7457332611, -11.5331716537], [-199.885421753, 20.011800766, -12.4964179993, 45.2881774902, 188.460662842, -98.6614990234, -126.311592102, 35.0725364685, 217.518676758, 66.922668457, -23.8704528809, 14.1041765213, 61.9383430481], [-809.412658691, -219.463851929, 117.609733582, 88.9071807861, -35.08568573, 83.703704834, -12.8024320602, -29.2899456024, 66.922668457, 215.045654297, 20.1704978943, -36.0496482849, 4.6839466095], [134.427505493, 65.9315948486, -110.993629456, -95.3885879517, 28.7994041443, -12.0876302719, 48.0898971558, -0.449430376291, -23.8704528809, 20.1704978943, 114.619392395, 19.3987522125, -37.3090209961], [-230.769729614, -44.7670440674, 31.8711338043, 9.6782207489, 30.4870910645, -20.3010845184, -3.11945128441, 20.7457332611, 14.1041765213, -36.0496482849, 19.3987522125, 103.837173462, 54.7567405701], [-224.207244873, -48.0718002319, 80.0130996704, 81.2264556885, 22.7870025635, -34.2418746948, -67.4215011597, -11.5331716537, 61.9383430481, 4.6839466095, -37.3090209961, 54.7567405701, 135.234985352]]}, "spectral_energyband_middle_low": {"dmean2": 0.00652828812599, "median": 0.00737442960963, "min": 1.58136660026e-22, "dvar2": 0.000189097554539, "dvar": 8.01494243206e-05, "dmean": 0.0042554824613, "max": 0.252223730087, "var": 0.000247498654062, "mean": 0.012098739855}, "melbands_crest": {"dmean2": 4.79703426361, "median": 14.0435600281, "min": 1.69437682629, "dvar2": 17.501543045, "dvar": 6.84138679504, "dmean": 2.99953556061, "max": 31.7738304138, "var": 24.5999412537, "mean": 14.7067260742}, "spectral_kurtosis": {"dmean2": 6.5643491745, "median": 12.3545370102, "min": -1.26358163357, "dvar2": 40.7558784485, "dvar": 14.5262212753, "dmean": 3.9745965004, "max": 52.397808075, "var": 55.3223190308, "mean": 12.8220682144}, "spectral_rms": {"dmean2": 0.000803664617706, "median": 0.00287393550389, "min": 3.13633645964e-12, "dvar2": 9.26169548165e-07, "dvar": 4.66609378691e-07, "dmean": 0.000545784540009, "max": 0.0209255497903, "var": 5.28646569364e-06, "mean": 0.00326176639646}, "zerocrossingrate": {"dmean2": 0.00546426093206, "median": 0.02392578125, "min": 0.0078125, "dvar2": 8.28931806609e-05, "dvar": 5.31662044523e-05, "dmean": 0.00440014200285, "max": 0.52685546875, "var": 0.0041464921087, "mean": 0.0376497991383}, "silence_rate_60dB": {"dmean2": 0.107263885438, "median": 0, "min": 0, "dvar2": 0.107263356447, "dvar": 0.0507441721857, "dmean": 0.0536240413785, "max": 1, "var": 0.180356413126, "mean": 0.236117243767}, "erbbands_kurtosis": {"dmean2": 4.72455024719, "median": 4.17313241959, "min": -1.87300539017, "dvar2": 49.0669021606, "dvar": 21.9270496368, "dmean": 3.10428261757, "max": 106.516159058, "var": 71.378036499, "mean": 6.62144517899}, "erbbands": {"dmean2": [0.00036518406705, 0.0157269444317, 0.225445702672, 1.75828635693, 4.69520711899, 9.93949508667, 14.0101041794, 13.5082616806, 21.1763210297, 31.6503105164, 22.4937934875, 21.709810257, 29.443271637, 19.5358772278, 10.740527153, 18.5427780151, 8.08182048798, 4.80963802338, 5.45518302917, 7.43139743805, 5.10308504105, 9.98739814758, 9.71002197266, 5.41098165512, 2.62379837036, 0.338678538799, 0.0888328179717, 0.058517858386, 0.0460514314473, 0.0437984205782, 0.0240259710699, 0.0211182497442, 0.0157879758626, 0.00673234416172, 0.00348780909553, 0.000389352819184, 4.42331584054e-05, 2.82912446892e-06, 3.52889310307e-06, 8.21471167001e-06], "median": [0.000253509264439, 0.00972276553512, 0.186808675528, 1.31571722031, 3.27237534523, 6.0762424469, 7.70977497101, 5.45045566559, 5.8772778511, 6.73230648041, 5.64962005615, 2.90789985657, 1.32442688942, 0.966627001762, 0.788093090057, 0.547158896923, 0.334626942873, 0.23051379621, 0.136081725359, 0.0866590291262, 0.117318697274, 0.328464746475, 0.295969843864, 0.140849933028, 0.0746680721641, 0.032457318157, 0.0300838854164, 0.02991482988, 0.0348964259028, 0.0351067781448, 0.0344805158675, 0.0361080989242, 0.0272632613778, 0.0137520954013, 0.00638428144157, 0.000875544792507, 4.33636596426e-05, 2.48923856816e-06, 4.17063529312e-06, 9.45515967032e-06], "min": [9.68933552967e-23, 7.50754505878e-22, 1.69969944684e-21, 5.5034983794e-21, 1.31450583094e-20, 1.47626051505e-20, 6.14825319358e-20, 5.73920010221e-20, 8.17957225606e-20, 2.23501383928e-19, 1.93705317213e-19, 3.40062325024e-19, 5.30458932711e-19, 8.04360974199e-19, 9.08328271415e-19, 1.02603772694e-18, 1.52938260975e-18, 1.82799201915e-18, 2.67036008134e-18, 2.71810804822e-18, 2.9056892433e-18, 4.43183437153e-18, 4.65085732207e-18, 5.90656919072e-18, 6.69453896069e-18, 8.1192475508e-18, 1.042645942e-17, 9.26091230607e-18, 8.9356102953e-18, 9.33862840617e-18, 1.20612206005e-17, 9.79399712364e-18, 8.95569506775e-18, 8.68032085157e-18, 6.29553391657e-18, 4.103091703e-18, 2.40545238824e-18, 9.39359538505e-19, 2.35824979188e-19, 2.68601636144e-20], "dvar2": [5.46772071175e-07, 0.00106511567719, 0.265274882317, 10.154583931, 71.671661377, 357.394104004, 879.035827637, 1278.78588867, 6557.45507812, 18703.6425781, 8550.65625, 13535.8847656, 79388.5625, 52681.5351562, 3502.95825195, 9282.8515625, 2568.27148438, 750.029052734, 4449.91503906, 11022.3886719, 1280.18933105, 3140.8215332, 3445.33642578, 1141.39416504, 636.69152832, 8.83432292938, 0.195569172502, 0.120654523373, 0.0385513044894, 0.082316480577, 0.00442388607189, 0.000487333833007, 0.000365095940651, 4.57804744656e-05, 1.16290093501e-05, 1.60225070545e-07, 2.27898255822e-09, 1.62606213217e-11, 5.58547617879e-11, 2.89363283335e-10], "dvar": [2.32760271501e-07, 0.000449531275081, 0.0903569459915, 4.07154035568, 28.8446960449, 144.252655029, 342.191894531, 511.75567627, 2956.92871094, 8399.44140625, 3861.984375, 6876.61279297, 48969.4414062, 30738.9394531, 1539.07128906, 4691.35009766, 1430.98791504, 384.558258057, 1769.78942871, 6602.90234375, 696.69921875, 1778.4630127, 2596.5559082, 758.812316895, 298.736419678, 4.55536699295, 0.0902756005526, 0.071512773633, 0.0209393259138, 0.0367223098874, 0.00208899797872, 0.000196620676434, 0.000139391340781, 1.70124931174e-05, 4.26064480052e-06, 6.09798505025e-08, 8.59896986949e-10, 6.8406443704e-12, 2.84526343458e-11, 1.43259917817e-10], "dmean": [0.000229486482567, 0.00996478646994, 0.144587829709, 1.16859650612, 2.99194931984, 6.38708019257, 9.0060634613, 8.53321361542, 13.7366857529, 21.6294441223, 15.1476268768, 14.9647397995, 24.0967178345, 14.7420797348, 7.31271696091, 13.0358896255, 6.05299139023, 3.36741828918, 3.76314306259, 5.56878757477, 3.99049329758, 7.61895942688, 7.33473062515, 4.32622385025, 1.9137597084, 0.246414110065, 0.0579478107393, 0.0407396480441, 0.0308689065278, 0.0271822623909, 0.0147811025381, 0.012783893384, 0.00944673363119, 0.0040476936847, 0.00207740743645, 0.00023374389275, 2.61926670646e-05, 1.73857472419e-06, 2.37692142946e-06, 5.48594289285e-06], "max": [0.0132199740037, 0.554536998272, 8.09771537781, 54.6016273499, 114.937858582, 275.771972656, 552.963134766, 638.700012207, 1927.52709961, 4408.81689453, 3004.80224609, 5182.23388672, 9305.6484375, 9527.609375, 1570.31469727, 3593.56665039, 2367.85229492, 635.682312012, 2497.48925781, 5732.41455078, 1850.25292969, 1670.76306152, 4490.95117188, 821.738891602, 915.799377441, 117.482383728, 11.4732112885, 16.402009964, 7.2130446434, 10.3925695419, 2.66543722153, 0.721819102764, 0.550509214401, 0.184649839997, 0.0640561580658, 0.00884957425296, 0.000585437344853, 9.57219526754e-05, 0.000248557160376, 0.00053579203086], "var": [9.64221612776e-07, 0.00159068184439, 0.244617715478, 12.295586586, 71.7016525269, 395.532287598, 875.090820312, 1479.00256348, 8948.66308594, 16459.4335938, 6765.94189453, 18888.1503906, 159364.734375, 203226.71875, 3868.56738281, 10565.859375, 2775.65112305, 761.308288574, 2308.74438477, 12888.0292969, 3715.52832031, 6113.01855469, 15993.1162109, 2726.08789062, 680.260803223, 8.07807636261, 0.225045397878, 0.236057266593, 0.0788133367896, 0.118132576346, 0.00832175929099, 0.000954982533585, 0.000428932195064, 6.01023384661e-05, 1.2850143321e-05, 2.61628656517e-07, 2.31242425208e-09, 4.22060719707e-11, 2.73428224506e-10, 1.27890020796e-09], "mean": [0.000591513351537, 0.024561168626, 0.343655794859, 2.59074687958, 6.05126905441, 12.6193723679, 18.2967262268, 17.9240150452, 29.6540603638, 38.3167495728, 26.3363761902, 27.2043476105, 48.7033615112, 42.1481819153, 13.5728778839, 19.7770061493, 10.1399745941, 5.53476333618, 6.16570901871, 9.44821071625, 9.06239414215, 15.9738454819, 17.064239502, 8.65821933746, 3.2525331974, 0.391282021999, 0.114703275263, 0.0877946019173, 0.0715254917741, 0.066890321672, 0.0448575466871, 0.0410693883896, 0.0303722694516, 0.0148041481152, 0.00696151610464, 0.00095233466709, 5.96978170506e-05, 4.33156674262e-06, 8.43664929562e-06, 1.87824407476e-05]}, "spectral_strongpeak": {"dmean2": 0.618538141251, "median": 0.517783045769, "min": 0, "dvar2": 1.3063416481, "dvar": 0.558399200439, "dmean": 0.38579210639, "max": 28.039264679, "var": 2.85161018372, "mean": 0.984760403633}, "spectral_energy": {"dmean2": 0.00725337909535, "median": 0.00846599321812, "min": 1.00825214501e-20, "dvar2": 0.000217743596295, "dvar": 0.000106067047454, "dmean": 0.00482799066231, "max": 0.448825597763, "var": 0.000897303165402, "mean": 0.0163236893713}, "average_loudness": 0.00695948023349, "spectral_rolloff": {"dmean2": 224.58354187, "median": 495.263671875, "min": 172.265625, "dvar2": 354385.78125, "dvar": 163373.515625, "dmean": 131.311004639, "max": 19552.1484375, "var": 5858333.5, "mean": 1016.07104492}, "spectral_centroid": {"dmean2": 133.344909668, "median": 447.56350708, "min": 188.845504761, "dvar2": 69373.765625, "dvar": 36585.234375, "dmean": 91.4682769775, "max": 11811.8056641, "var": 1807844.75, "mean": 737.649902344}, "pitch_salience": {"dmean2": 0.105807796121, "median": 0.555640220642, "min": 0.0589651875198, "dvar2": 0.00859481003135, "dvar": 0.00340447598137, "dmean": 0.0658835396171, "max": 0.847481906414, "var": 0.0126498192549, "mean": 0.553593754768}, "spectral_energyband_middle_high": {"dmean2": 0.00145468593109, "median": 0.000198123903829, "min": 1.16814967132e-21, "dvar2": 5.43361675227e-05, "dvar": 3.03631077259e-05, "dmean": 0.00108548614662, "max": 0.440824687481, "var": 0.0005464857677, "mean": 0.00394104095176}, "spectral_contrast_coeffs": {"dmean2": [0.0773594602942, 0.0697347894311, 0.0570023432374, 0.0465113073587, 0.0338443368673, 0.0179719887674], "median": [-0.490744709969, -0.676355481148, -0.783631503582, -0.804849147797, -0.81258481741, -0.85250556469], "min": [-0.978575110435, -0.97656661272, -0.978664755821, -0.970095217228, -0.969180762768, -0.964651167393], "dvar2": [0.00379602564499, 0.00348682166077, 0.00212764483877, 0.00147351436317, 0.000988003332168, 0.000213208346395], "dvar": [0.00149797240738, 0.00139749899972, 0.000908760994207, 0.000682897458319, 0.000561543973163, 9.38631274039e-05], "dmean": [0.0471563488245, 0.0431779772043, 0.0355059057474, 0.0300209894776, 0.0228600502014, 0.0111507577822], "max": [-0.235832631588, -0.392578929663, -0.286885112524, -0.483721286058, -0.497709423304, -0.676203608513], "var": [0.0127677218989, 0.00766326766461, 0.00799571350217, 0.00556484842673, 0.00728955911472, 0.000733364955522], "mean": [-0.502317905426, -0.679045379162, -0.768278956413, -0.793398499489, -0.794789850712, -0.849301159382]}, "melbands_skewness": {"dmean2": 1.02704131603, "median": 2.17781996727, "min": -1.2756370306, "dvar2": 1.28202700615, "dvar": 0.582534015179, "dmean": 0.669230461121, "max": 14.4573831558, "var": 3.0741250515, "mean": 2.46431469917}, "spectral_spread": {"dmean2": 725296.3125, "median": 2982373.25, "min": 1450437.125, "dvar2": 1262615527420.0, "dvar": 592269475840, "dmean": 467138.53125, "max": 47436796, "var": 22655210094600.0, "mean": 4026850}, "dissonance": {"dmean2": 0.0683183148503, "median": 0.403883099556, "min": 0.134941697121, "dvar2": 0.00393766677007, "dvar": 0.00141981616616, "dmean": 0.0408260934055, "max": 0.499999970198, "var": 0.00363762257621, "mean": 0.396646916866}, "spectral_skewness": {"dmean2": 0.604200601578, "median": 2.87807917595, "min": -0.0642016455531, "dvar2": 0.277173489332, "dvar": 0.113022118807, "dmean": 0.383745551109, "max": 5.78069353104, "var": 0.85118997097, "mean": 2.79995155334}, "spectral_flux": {"dmean2": 0.029837589711, "median": 0.0405364185572, "min": 6.34912747377e-11, "dvar2": 0.00214645941742, "dvar": 0.000818979751784, "dmean": 0.0181019492447, "max": 0.698488116264, "var": 0.00244740676135, "mean": 0.0523051507771}, "spectral_contrast_valleys": {"dmean2": [0.718980848789, 0.543644547462, 0.533378005028, 0.446462631226, 0.293713659048, 0.190098568797], "median": [-8.99215888977, -7.11880064011, -8.46929931641, -9.57576847076, -9.62106609344, -11.4022293091], "min": [-28.3613376617, -28.099861145, -27.8239936829, -27.6691417694, -27.4844760895, -27.443523407], "dvar2": [0.353557705879, 0.236134126782, 0.222175434232, 0.163174197078, 0.0991973280907, 0.0562479346991], "dvar": [0.140603333712, 0.112184971571, 0.104416012764, 0.0846395492554, 0.055858515203, 0.0319311060011], "dmean": [0.42876586318, 0.342002421618, 0.337720572948, 0.28838545084, 0.190963581204, 0.116725854576], "max": [-6.66124343872, -4.88292837143, -4.59609413147, -6.65374517441, -6.55625629425, -9.90812683105], "var": [5.94414329529, 6.88439369202, 6.13971138, 5.52515077591, 5.07707834244, 3.7954621315], "mean": [-9.28552818298, -7.53788089752, -8.77487754822, -9.75748062134, -9.78600978851, -11.6435966492]}, "erbbands_flatness_db": {"dmean2": 0.0260083395988, "median": 0.263715595007, "min": 0.0848523452878, "dvar2": 0.000592847180087, "dvar": 0.000273940095212, "dmean": 0.0169495586306, "max": 0.393462240696, "var": 0.00230475934222, "mean": 0.257603406906}, "spectral_energyband_high": {"dmean2": 4.4310568228e-06, "median": 6.35841115582e-06, "min": 7.07094747905e-21, "dvar2": 2.98745056471e-10, "dvar": 1.69567970776e-10, "dmean": 3.03952128888e-06, "max": 0.000510977348313, "var": 8.3795165251e-10, "mean": 1.07214154923e-05}, "spectral_entropy": {"dmean2": 0.276065945625, "median": 6.33522224426, "min": 4.76175880432, "dvar2": 0.0675724893808, "dvar": 0.0322459712625, "dmean": 0.180787146091, "max": 9.82189941406, "var": 0.438906341791, "mean": 6.4436507225}, "silence_rate_20dB": {"dmean2": 0.00235744798556, "median": 1, "min": 0, "dvar2": 0.00294127990492, "dvar": 0.00117716845125, "dmean": 0.00117855041754, "max": 1, "var": 0.00161768204998, "mean": 0.998379707336}, "melbands_flatness_db": {"dmean2": 0.0322026014328, "median": 0.332544654608, "min": 0.003214354394, "dvar2": 0.000912967894692, "dvar": 0.00042483798461, "dmean": 0.0211723838001, "max": 0.521357476711, "var": 0.0050581083633, "mean": 0.321972697973}, "barkbands": {"dmean2": [5.10815937105e-07, 4.63637443318e-05, 0.000294901052257, 0.000940645171795, 0.00247523374856, 0.00166521186475, 0.00192463339772, 0.00115346489474, 0.000984438811429, 0.000677581236232, 0.000228168035392, 0.000483187905047, 0.000202214345336, 0.000110999659228, 0.000126921542687, 0.000126112005091, 0.000195452492335, 0.000185154058272, 6.2919818447e-05, 6.26700648354e-06, 1.64113225765e-06, 1.23597988022e-06, 1.07981054498e-06, 9.14827182896e-07, 4.69483154575e-07, 4.14777900914e-08, 1.17022780355e-09], "median": [1.06176194947e-07, 1.11162171379e-05, 0.000159751463798, 0.000593768898398, 0.0019055751618, 0.000715564121492, 0.000414175679907, 0.000195073560462, 0.000116071278171, 2.64589798462e-05, 1.86928500625e-05, 1.25003443827e-05, 5.8384116528e-06, 3.40929591403e-06, 1.491812327e-06, 1.36964763442e-06, 4.93054403705e-06, 3.47709328707e-06, 1.82052053788e-06, 6.63328705741e-07, 7.49384355458e-07, 9.64371679402e-07, 1.22001949876e-06, 1.74042588696e-06, 1.05171352516e-06, 6.66692940854e-08, 1.43600395464e-10], "min": [1.12690284077e-25, 2.4441518029e-24, 6.26670807285e-25, 8.90612917942e-25, 5.0880585698e-24, 7.69688587553e-24, 7.16844609892e-24, 9.14415139149e-24, 1.58018068988e-23, 1.55603223763e-23, 1.44092717636e-23, 1.58460935501e-23, 2.84632216429e-23, 2.15854494883e-23, 4.07894951422e-23, 4.92700433296e-23, 6.52013922331e-23, 8.33662651057e-23, 1.17781338149e-22, 1.45322277264e-22, 2.0080117341e-22, 2.85302312747e-22, 4.35362513851e-22, 4.5021344517e-22, 8.9748349253e-22, 1.29191364222e-21, 1.92394496051e-21], "dvar2": [1.68347844345e-12, 1.10482405447e-08, 5.53396546366e-07, 3.06905008074e-06, 1.78612717718e-05, 1.56309815793e-05, 5.424839037e-05, 2.50256634899e-05, 2.83239496639e-05, 4.19976277044e-05, 9.95209234134e-07, 6.23961568635e-06, 1.50658695475e-06, 5.74857722313e-07, 2.25838198276e-06, 1.06931850041e-06, 1.23629047266e-06, 1.28271824451e-06, 2.0735558337e-07, 3.04257996575e-09, 7.33943877895e-11, 3.35762251336e-11, 3.38846034564e-11, 1.03656308797e-12, 2.17247972541e-13, 1.75416277624e-15, 1.23045870629e-17], "dvar": [5.78832337964e-13, 4.85513851345e-09, 1.8358826992e-07, 1.24803727886e-06, 7.01581939211e-06, 5.93221693634e-06, 2.41851503233e-05, 1.11645867946e-05, 1.30135440486e-05, 2.23069891945e-05, 4.97732969507e-07, 3.04354261971e-06, 7.33491617666e-07, 2.66099675628e-07, 1.45044430155e-06, 6.50150070669e-07, 6.63436026116e-07, 7.86858322499e-07, 1.08736259108e-07, 1.8715775596e-09, 3.95639458695e-11, 1.46621621094e-11, 1.42052923244e-11, 4.13179527484e-13, 8.0443857413e-14, 6.25035670295e-16, 3.83165693448e-18], "dmean": [2.84261290062e-07, 2.90933621727e-05, 0.000186414879863, 0.000618404126726, 0.0015721579548, 0.00104729121085, 0.00128335575573, 0.000773865322117, 0.000650128000416, 0.000466636993224, 0.000149735424202, 0.000333913514623, 0.000140615054988, 7.59016256779e-05, 9.65234794421e-05, 9.32048496907e-05, 0.000142126882565, 0.000133376408485, 4.50894985988e-05, 4.23655001214e-06, 1.11993563223e-06, 7.87866270002e-07, 6.59180102502e-07, 5.51932089365e-07, 2.86223865942e-07, 2.45501183826e-08, 6.31911190041e-10], "max": [1.98060643015e-05, 0.00185731379315, 0.0112110059708, 0.0296711456031, 0.047301210463, 0.0615256391466, 0.218934029341, 0.170518890023, 0.190895974636, 0.4119104743, 0.0219168663025, 0.0695100799203, 0.0429313592613, 0.0211365949363, 0.0953766480088, 0.0642190352082, 0.025305878371, 0.0641869977117, 0.0142458435148, 0.00261291093193, 0.000348271598341, 0.000140701260534, 0.000201935268706, 3.48819776264e-05, 1.1131312931e-05, 7.13956012532e-07, 5.468870512e-08], "var": [4.04068434528e-13, 1.65481157666e-08, 4.20341763174e-07, 3.39506573255e-06, 2.05076867132e-05, 1.71989195223e-05, 6.3276514993e-05, 2.09891550185e-05, 3.40983569913e-05, 0.00041201300337, 1.1579807051e-06, 6.40393955109e-06, 1.22089113574e-06, 4.22288280788e-07, 2.99772113976e-06, 2.75344655165e-06, 1.92163906831e-06, 4.44760826213e-06, 3.60002616162e-07, 3.29280047673e-09, 1.36750416546e-10, 5.61608710925e-11, 3.54141750647e-11, 1.74874015008e-12, 3.12076211227e-13, 1.88653126188e-15, 2.90922668119e-18], "mean": [2.52354794839e-07, 6.49238791084e-05, 0.000398039235733, 0.00126184592955, 0.00337059865706, 0.00220561400056, 0.00252614240162, 0.00122626218945, 0.00119663449004, 0.0020616131369, 0.000241053843638, 0.00048621481983, 0.000193501720787, 0.000102822770714, 0.000133424298838, 0.000179614784429, 0.000271140655968, 0.000303638196783, 8.50106662256e-05, 6.16811394138e-06, 2.36074174609e-06, 1.92659217646e-06, 1.77337756213e-06, 1.92706352209e-06, 1.12764723781e-06, 7.43093266919e-08, 5.42558720174e-10]}, "erbbands_skewness": {"dmean2": 0.725750625134, "median": 1.57389616966, "min": -2.80252480507, "dvar2": 0.491438180208, "dvar": 0.245955958962, "dmean": 0.491302102804, "max": 9.18470954895, "var": 1.71209001541, "mean": 1.56413578987}, "erbbands_spread": {"dmean2": 6.99597072601, "median": 14.7759904861, "min": 1.3