{"tonal": {"thpcp": [1, 0.521134853363, 0.205731421709, 0.22094860673, 0.260788947344, 0.368628531694, 0.471968889236, 0.369122982025, 0.417395085096, 0.516530156136, 0.360934942961, 0.230493962765, 0.215998902917, 0.258231669664, 0.477018684149, 0.673943519592, 0.502567112446, 0.306785970926, 0.263302505016, 0.233141392469, 0.516821682453, 0.875025868416, 0.670364260674, 0.380475610495, 0.304453849792, 0.2165184021, 0.189592167735, 0.191666647792, 0.229663431644, 0.389680862427, 0.490297734737, 0.364875793457, 0.259316712618, 0.257646411657, 0.36504432559, 0.82640427351], "hpcp": {"dmean2": [0.36123085022, 0.304382890463, 0.177222162485, 0.192235559225, 0.237947657704, 0.22090613842, 0.231244295835, 0.222187653184, 0.23728518188, 0.248302593827, 0.225649237633, 0.182151690125, 0.172023206949, 0.207924425602, 0.260208904743, 0.265367805958, 0.280229717493, 0.224588096142, 0.204632952809, 0.196840167046, 0.263176590204, 0.310841023922, 0.309393465519, 0.281807363033, 0.220257014036, 0.167510554194, 0.157237157226, 0.157541543245, 0.179862290621, 0.235390812159, 0.269604831934, 0.257696509361, 0.225519418716, 0.230759933591, 0.285573154688, 0.348078906536], "median": [0.104423597455, 0.0471234768629, 0.00636475346982, 0.00336856488138, 0.00352999684401, 0.0158715508878, 0.0278279837221, 0.0283430423588, 0.0384407192469, 0.0481779575348, 0.0311395153403, 0.00794821232557, 0.00714942580089, 0.0102852042764, 0.0221365280449, 0.0271220672876, 0.0213992670178, 0.0108744986355, 0.00712991971523, 0.00880688242614, 0.0577554367483, 0.096023991704, 0.0764226838946, 0.0232801027596, 0.0131622049958, 0.00569891417399, 0.00366419693455, 0.00391802750528, 0.00771280517802, 0.0220202542841, 0.0249379426241, 0.0130565799773, 0.00437685102224, 0.00412457995117, 0.0143822077662, 0.0899588465691], "min": [0, 0, 0, 0, 0, 0, 0, 0, 0, 0, 0, 0, 0, 0, 0, 0, 0, 0, 0, 0, 0, 0, 0, 0, 0, 0, 0, 0, 0, 0, 0, 0, 0, 0, 0, 0], "dvar2": [0.160945743322, 0.148713901639, 0.10141634196, 0.127089560032, 0.195099815726, 0.125343725085, 0.125179693103, 0.113322459161, 0.118603855371, 0.123371146619, 0.118709534407, 0.0993067249656, 0.0968829989433, 0.121594518423, 0.139280170202, 0.14092387259, 0.155381187797, 0.139789879322, 0.137350380421, 0.119655132294, 0.126118808985, 0.145622029901, 0.128691479564, 0.165272220969, 0.117000781, 0.106251589954, 0.0966943204403, 0.0950733497739, 0.106024295092, 0.123938299716, 0.144923046231, 0.145265936852, 0.134509205818, 0.142502725124, 0.152568250895, 0.153173297644], "dvar": [0.0689419731498, 0.0529830902815, 0.0362515375018, 0.0465831682086, 0.0705481246114, 0.0482758395374, 0.0508036911488, 0.041451074183, 0.0431430265307, 0.0463511273265, 0.0436252839863, 0.037515733391, 0.0355333983898, 0.0434898473322, 0.0523504465818, 0.0582590028644, 0.0565555170178, 0.051227953285, 0.0503692105412, 0.0428024455905, 0.0466605275869, 0.0660599991679, 0.0501321330667, 0.0599660649896, 0.0427729822695, 0.0394156165421, 0.0355132184923, 0.0348463431001, 0.0394178666174, 0.0475482903421, 0.059906039387, 0.0532900542021, 0.048293095082, 0.0519040189683, 0.0546127408743, 0.0608902648091], "dmean": [0.210773989558, 0.170079857111, 0.09513566643, 0.10228767246, 0.125503018498, 0.122404925525, 0.131116747856, 0.122510753572, 0.133459731936, 0.141535356641, 0.125754401088, 0.0989977642894, 0.0933856889606, 0.112986117601, 0.14634335041, 0.153105184436, 0.15719294548, 0.122481040657, 0.11139306426, 0.10610190779, 0.149240285158, 0.182085976005, 0.179398015141, 0.153983637691, 0.120866052806, 0.0917980372906, 0.0856875404716, 0.0857231020927, 0.0985913872719, 0.131198361516, 0.149432823062, 0.140907093883, 0.121259525418, 0.122830472887, 0.154520049691, 0.199769213796], "max": [1, 1, 1, 1, 1, 1, 1, 1, 1, 1, 1, 1, 1, 1, 1, 1, 1, 1, 1, 1, 1, 1, 1, 1, 1, 1, 1, 1, 1, 1, 1, 1, 1, 1, 1, 1], "var": [0.133738920093, 0.0533383488655, 0.0251948982477, 0.0347370766103, 0.048302423209, 0.044760607183, 0.0673530697823, 0.037783883512, 0.0422499068081, 0.0551184490323, 0.03808311373, 0.0299426000565, 0.0273011345416, 0.0329003743827, 0.061706263572, 0.108840271831, 0.0661611780524, 0.0441142767668, 0.0398086346686, 0.0285719465464, 0.0494787879288, 0.117767110467, 0.0681768208742, 0.0501160211861, 0.0371788181365, 0.0293869096786, 0.0262544397265, 0.0260048694909, 0.0304599106312, 0.0498573891819, 0.0755372419953, 0.0455414056778, 0.0348741263151, 0.0373823158443, 0.0437287837267, 0.101002894342], "mean": [0.307355642319, 0.160173729062, 0.0632327124476, 0.0679097995162, 0.0801549553871, 0.113300062716, 0.145062297583, 0.113452032208, 0.128288730979, 0.158758461475, 0.110935389996, 0.0708436220884, 0.0663884803653, 0.0793689638376, 0.146614387631, 0.207140341401, 0.154466837645, 0.0942923948169, 0.0809275060892, 0.0716573223472, 0.158848062158, 0.268944144249, 0.206040233374, 0.116941325366, 0.09357560426, 0.066548153758, 0.0582722239196, 0.0589098259807, 0.070588350296, 0.119770608842, 0.150695770979, 0.112146630883, 0.0797024518251, 0.0791890770197, 0.11219843477, 0.254000008106]}, "tuning_equal_tempered_deviation": 0.0686869397759, "chords_changes_rate": 0.0767465606332, "key_key": "A", "tuning_diatonic_strength": 0.50985866785, "key_scale": "minor", "chords_number_rate": 0.00229474762455, "tuning_frequency": 441.527557373, "tuning_nontempered_energy_ratio": 0.700331509113, "chords_histogram": [42.14686203, 1.96328401566, 8.6180524826, 19.4033660889, 1.01988780499, 0.152983173728, 0, 12.6976032257, 1.35135138035, 1.58082616329, 0.152983173728, 0, 0.0254971943796, 0, 0.968893408775, 0, 0, 0.178480371833, 0, 0.586435496807, 0, 0.203977555037, 8.36308002472, 0.586435496807], "key_strength": 0.767970502377, "chords_key": "A", "chords_strength": {"dmean2": 0.0133188599721, "median": 0.453381955624, "min": 0.241911917925, "dvar2": 0.000126633705804, "dvar": 9.15564596653e-05, "dmean": 0.012427425012, "max": 0.685171723366, "var": 0.00638215616345, "mean": 0.452986598015}, "chords_scale": "minor", "hpcp_entropy": {"dmean2": 1.06123423576, "median": 1.92397117615, "min": 0, "dvar2": 0.72270578146, "dvar": 0.280038952827, "dmean": 0.633646786213, "max": 4.08375644684, "var": 0.486693024635, "mean": 1.91931283474}}, "metadata": {"audio_properties": {"equal_loudness": 0, "codec": "mp3", "downmix": "mix", "sample_rate": 44100, "analysis_sample_rate": 44100, "bit_rate": 201918, "md5_encoded": "d33b95f9204be488445cb48e5fb0d0f6", "length": 182.047348022, "replay_gain": -14.3019275665, "lossless": false}, "version": {"essentia_build_sha": "2d9f1f26377add8aeb1075a9c2973f962c4f09fd", "essentia": "2.1-beta2", "extractor": "music 1.0", "essentia_git_sha": "v2.1_beta2-1-ge3940c0"}, "tags": {"title": ["SORCERERS"], "barcode": ["730003002724"], "media": ["CD"], "albumartist": ["MF DOOM"], "musicbrainz_recordingid": ["0c2fad2d-b5a8-4a01-bc98-b55f78c729cf"], "musicbrainz_albumartistid": ["188711ed-c99b-439c-844a-ca831f63a727"], "discnumber": ["1/1"], "album": ["Unexpected Guests"], "catalognumber": ["GDM027CD"], "musicbrainz album release country": ["US"], "musicbrainz album type": ["album", "compilation"], "musicbrainz album status": ["official"], "originaldate": ["2009-11-03"], "date": ["2009-11-10"], "file_name": "04 KMD - Unexpected Guests - SORCERERS.mp3", "musicbrainz_releasegroupid": ["579be8c2-d98a-480d-99a2-3ae0985f6dfe"], "script": ["Latn"], "asin": ["B002NZJMFY"], "musicbrainz_albumid": ["fee4a8bc-ef22-43b5-b7c6-ab50bf6ab894"], "artist": ["KMD"], "artistsort": ["KMD"], "tracknumber": ["4/17"], "label": ["Gold Dust Media"], "albumartistsort": ["MF DOOM"], "musicbrainz_artistid": ["543edda0-d61e-4698-97fa-1f34a1322d20"]}}, "rhythm": {"bpm_histogram_first_peak_bpm": {"dmean2": 0, "median": 86, "min": 86, "dvar2": 0, "dvar": 0, "dmean": 0, "max": 86, "var": 0, "mean": 86}, "bpm": 85.8687133789, "bpm_histogram_second_peak_spread": {"dmean2": 0, "median": 0, "min": 0, "dvar2": 0, "dvar": 0, "dmean": 0, "max": 0, "var": 0, "mean": 0}, "bpm_histogram_first_peak_weight": {"dmean2": 0, "median": 0.94208496809, "min": 0.94208496809, "dvar2": 0, "dvar": 0, "dmean": 0, "max": 0.94208496809, "var": 0, "mean": 0.94208496809}, "onset_rate": 5.01461935043, "beats_position": [0.731428563595, 1.46285712719, 2.18267560005, 2.87927436829, 3.5758728981, 4.27247142792, 4.96907043457, 5.67727899551, 6.38548755646, 7.08208608627, 7.77868461609, 8.47528362274, 9.17188167572, 9.86848068237, 10.5650787354, 11.261677742, 11.9582767487, 12.6548748016, 13.3630838394, 14.0712919235, 14.7678909302, 15.4528799057, 16.1494789124, 16.8576869965, 17.5542850494, 18.2508831024, 18.9474830627, 19.6440811157, 20.3406791687, 21.037279129, 21.7454872131, 22.4536952972, 23.1502952576, 23.8468933105, 24.5434913635, 25.2400894165, 25.9366893768, 26.6216773987, 27.3298854828, 28.0264854431, 28.7230834961, 29.4196815491, 30.1162815094, 30.8128795624, 31.5210876465, 32.2292976379, 32.9258956909, 33.6224937439, 34.3190917969, 35.0156898499, 35.7122879028, 36.4088897705, 37.1054878235, 37.8020858765, 38.4986839294, 39.1952819824, 39.8918800354, 40.6000900269, 41.3083000183, 42.0048980713, 42.7014961243, 43.3980941772, 44.0946922302, 44.7912902832, 45.4878921509, 46.1844902039, 46.8810882568, 47.5892944336, 48.2858963013, 48.9708824158, 49.6674804688, 50.3756904602, 51.0839004517, 51.7804985046, 52.4770965576, 53.1736946106, 53.8702926636, 54.5668907166, 55.2634925842, 55.971698761, 56.668296814, 57.3648986816, 58.0731048584, 58.7697029114, 59.4663009644, 60.1512908936, 60.8478889465, 61.556098938, 62.252696991, 62.9492950439, 63.6458930969, 64.3424911499, 65.0390930176, 65.7356872559, 66.443901062, 67.1521072388, 67.8487091064, 68.5453033447, 69.2419052124, 69.9384994507, 70.6351013184, 71.3316955566, 72.0282974243, 72.724899292, 73.4214935303, 74.1180953979, 74.8263015747, 75.5345077515, 76.2311096191, 76.9277114868, 77.6243057251, 78.3209075928, 79.0175018311, 79.7141036987, 80.410697937, 81.1189117432, 81.8039016724, 82.5004959106, 83.1970977783, 83.9053039551, 84.6135101318, 85.3101119995, 86.0067138672, 86.7033081055, 87.3999099731, 88.0965042114, 88.7931060791, 89.5013122559, 90.2095184326, 90.9061203003, 91.602722168, 92.2993164063, 92.9843063354, 93.6692962646, 94.3775024414, 95.0857162476, 95.7823104858, 96.4789123535, 97.1755065918, 97.8721084595, 98.5687026978, 99.2653045654, 99.9619064331, 100.67011261, 101.355102539, 102.051696777, 102.771514893, 103.46811676, 104.164710999, 104.861312866, 105.557914734, 106.254508972, 106.95111084, 107.647705078, 108.344306946, 109.040908813, 109.737503052, 110.445709229, 111.153923035, 111.850517273, 112.547119141, 113.243713379, 113.940315247, 114.636917114, 115.333511353, 116.03011322, 116.726707458, 117.423309326, 118.119903564, 118.828117371, 119.536323547, 120.232925415, 120.929519653, 121.626121521, 122.322715759, 123.019317627, 123.715919495, 124.412513733, 125.109115601, 125.817321777, 126.502311707, 127.198905945, 127.91872406, 128.615325928, 129.311920166, 130.008529663, 130.705123901, 131.40171814, 132.098312378, 132.794921875, 133.503128052, 134.211334229, 134.907928467, 135.604537964, 136.301132202, 136.99772644, 137.694335938, 138.390930176, 139.087524414, 139.784118652, 140.480728149, 141.177322388, 141.873916626, 142.570526123, 143.267120361, 143.9637146, 144.671920776, 145.380126953, 146.07673645, 146.773330688, 147.469924927, 148.166534424, 148.863128662, 149.5597229, 150.256317139, 150.952926636, 151.649520874, 152.346115112, 153.042724609, 153.750930786, 154.435913086, 155.132507324, 155.829116821, 156.537322998, 157.245529175, 157.942123413, 158.63873291, 159.335327148, 160.031921387, 160.728515625, 161.425125122, 162.133331299, 162.841537476, 163.538131714, 164.234741211, 164.931335449, 165.627929688, 166.324539185, 167.021133423, 167.717727661, 168.414321899, 169.122543335, 169.830749512, 170.52734375, 171.223937988, 171.908935547, 172.617141724, 173.313735962, 174.0103302, 174.706939697, 175.415145874, 176.123352051, 176.819946289, 177.528152466, 178.236373901, 178.93296814, 179.629562378, 180.326171875, 181.022766113, 181.719360352], "beats_loudness": {"dmean2": 0.0476585775614, "median": 0.040704652667, "min": 0.00110641494393, "dvar2": 0.00165469141211, "dvar": 0.000528990291059, "dmean": 0.0277993995696, "max": 0.127309262753, "var": 0.000659764104057, "mean": 0.0493167191744}, "danceability": 1.68363964558, "bpm_histogram_second_peak_weight": {"dmean2": 0, "median": 0, "min": 0, "dvar2": 0, "dvar": 0, "dmean": 0, "max": 0, "var": 0, "mean": 0}, "beats_count": 260, "bpm_histogram_second_peak_bpm": {"dmean2": 0, "median": 0, "min": 0, "dvar2": 0, "dvar": 0, "dmean": 0, "max": 0, "var": 0, "mean": 0}, "bpm_histogram_first_peak_spread": {"dmean2": 0, "median": 0.0579150319099, "min": 0.0579150319099, "dvar2": 0, "dvar": 0, "dmean": 0, "max": 0.0579150319099, "var": 0, "mean": 0.0579150319099}, "beats_loudness_band_ratio": {"dmean2": [0.88477563858, 0.577116549015, 0.256871789694, 0.152150154114, 0.0421024300158, 0.168731346726], "median": [0.3672721982, 0.340392231941, 0.0650525763631, 0.0506654530764, 0.0122643448412, 0.0573712997139], "min": [0.0688404664397, 0.0152892479673, 0.00125862495042, 0.000740288523957, 0.000382703874493, 0.000788350938819], "dvar2": [0.127666324377, 0.0954534634948, 0.0428602211177, 0.0217430163175, 0.00113626767416, 0.00676020421088], "dvar": [0.048151884228, 0.0288705937564, 0.0152987288311, 0.00816440209746, 0.000381704099709, 0.00204615597613], "dmean": [0.447595864534, 0.301833450794, 0.137531608343, 0.0921587198973, 0.0220995135605, 0.0883061140776], "max": [0.956840872765, 0.787981450558, 0.80937486887, 0.449662387371, 0.200211763382, 0.303659141064], "var": [0.0788424685597, 0.0401473678648, 0.0164294410497, 0.0102462945506, 0.000374822877347, 0.00345271569677], "mean": [0.46240106225, 0.321582347155, 0.106455005705, 0.0854498445988, 0.0158895477653, 0.065473690629]}}, "lowlevel": {"barkbands_spread": {"dmean2": 12.392408371, "median": 11.9351615906, "min": 0.436759442091, "dvar2": 291.514892578, "dvar": 148.0834198, "dmean": 8.19364356995, "max": 108.173408508, "var": 342.974304199, "mean": 18.1272258759}, "melbands_spread": {"dmean2": 10.149014473, "median": 10.5094223022, "min": 0.390669882298, "dvar2": 268.568115234, "dvar": 123.502029419, "dmean": 6.64387845993, "max": 225.862243652, "var": 244.80166626, "mean": 15.0937700272}, "hfc": {"dmean2": 12.5963230133, "median": 12.8701171875, "min": 1.13194306698e-16, "dvar2": 257.94152832, "dvar": 131.350845337, "dmean": 9.01563167572, "max": 190.872344971, "var": 304.830505371, "mean": 18.5189609528}, "barkbands_kurtosis": {"dmean2": 11.9566659927, "median": 5.11151885986, "min": -1.95102858543, "dvar2": 424.337097168, "dvar": 187.268432617, "dmean": 7.58569335938, "max": 566.502563477, "var": 317.761993408, "mean": 10.6495256424}, "gfcc": {"mean": [-16.4624462128, 95.4676132202, -68.5433502197, 34.5333862305, -63.6679496765, 15.625166893, -27.840587616, 5.93652391434, -23.849905014, 2.06761145592, -18.3675899506, 6.82226657867, -8.25872039795], "icov": [[0.000476652145153, 5.61987508263e-05, 0.000542266643606, -1.34318088385e-05, 0.00053631560877, -0.000366679858416, 0.000653903465718, -0.00045343732927, 0.000329331669491, -0.000627194007393, 0.000696664559655, -0.000786760880146, 0.000405824248446], [5.61987508263e-05, 0.0035512263421, -0.000917520723306, 0.0033343420364, -0.00270060286857, 0.00297103333287, -0.00183910143096, 0.00155118003022, -0.00247387122363, 0.00276713143103, -0.00297957821749, 0.0025135059841, -0.00161601335276], [0.000542266643606, -0.000917520723306, 0.00279249926098, -0.00198251008987, 0.00179837236647, -0.00173803488724, 0.00166022835765, -0.00208071107045, 0.00146579544526, -0.00199774629436, 0.00184635620099, -0.00228396174498, 0.001099527115], [-1.34318088385e-05, 0.0033343420364, -0.00198251008987, 0.00539453141391, -0.00265625608154, 0.00309626525268, -0.00126110063866, 0.00196195277385, -0.0028082949575, 0.00276983226649, -0.00304837035947, 0.00235698651522, -0.00216308305971], [0.00053631560877, -0.00270060286857, 0.00179837236647, -0.00265625608154, 0.00594135886058, -0.00297026848421, 0.00253584072925, -0.00252202176489, 0.00279821478762, -0.00329513568431, 0.00246435473673, -0.00327498675324, 0.000351926108124], [-0.000366679858416, 0.00297103333287, -0.00173803488724, 0.00309626525268, -0.00297026848421, 0.00795456767082, -0.00532055040821, 0.0040691238828, -0.00139696919359, 0.0010959317442, -0.00137632025871, 0.00222850264981, -0.00223455042578], [0.000653903465718, -0.00183910143096, 0.00166022835765, -0.00126110063866, 0.00253584072925, -0.00532055040821, 0.00968205649406, -0.0046717710793, 0.00184103182983, 0.000120137432532, -3.41135055351e-05, -0.0013564635301, 0.000748844409827], [-0.00045343732927, 0.00155118003022, -0.00208071107045, 0.00196195277385, -0.00252202176489, 0.0040691238828, -0.0046717710793, 0.0119727943093, -0.00526712369174, 0.00187646725681, 0.000965883664321, 0.00035698802094, -6.01930332778e-05], [0.000329331669491, -0.00247387122363, 0.00146579544526, -0.0028082949575, 0.00279821478762, -0.00139696919359, 0.00184103182983, -0.00526712369174, 0.0101901590824, -0.00541330734268, 0.00033912062645, 0.00257385871373, -0.00197121407837], [-0.000627194007393, 0.00276713143103, -0.00199774629436, 0.00276983226649, -0.00329513568431, 0.0010959317442, 0.000120137432532, 0.00187646725681, -0.00541330734268, 0.0138633064926, -0.00427593151107, 0.00365612399764, 0.00271267048083], [0.000696664559655, -0.00297957821749, 0.00184635620099, -0.00304837035947, 0.00246435473673, -0.00137632025871, -3.41135055351e-05, 0.000965883664321, 0.00033912062645, -0.00427593151107, 0.0148393195122, -0.00775343738496, 0.00354147003964], [-0.000786760880146, 0.0025135059841, -0.00228396174498, 0.00235698651522, -0.00327498675324, 0.00222850264981, -0.0013564635301, 0.00035698802094, 0.00257385871373, 0.00365612399764, -0.00775343738496, 0.0187816508114, -0.00838507898152], [0.000405824248446, -0.00161601335276, 0.001099527115, -0.00216308305971, 0.000351926108124, -0.00223455042578, 0.000748844409827, -6.01930332778e-05, -0.00197121407837, 0.00271267048083, 0.00354147003964, -0.00838507898152, 0.016238860786]], "cov": [[4419.53662109, -1067.3034668, -453.751739502, -197.453582764, -374.489501953, 161.625991821, -244.832778931, -66.8677444458, -191.557327271, 180.341659546, -216.189315796, 25.3730926514, -163.969741821], [-1067.3034668, 1590.25915527, -383.511871338, -550.899230957, 293.642364502, -222.365646362, 153.485946655, 61.1959533691, 176.801315308, -119.283370972, 146.016479492, -54.791759491, 74.951133728], [-453.751739502, -383.511871338, 837.423583984, 384.29699707, -84.2139816284, 26.6645755768, -67.0948562622, 50.5183792114, -12.5212783813, 47.6688423157, -32.2561798096, 38.7013931274, -6.02622842789], [-197.453582764, -550.899230957, 384.29699707, 660.575500488, -24.157453537, -50.0583229065, -93.0745391846, 6.96513605118, 29.4924507141, 22.2788963318, -1.13993144035, 25.7845878601, 23.4567184448], [-374.489501953, 293.642364502, -84.2139816284, -24.157453537, 358.524505615, 10.0059728622, 12.1477508545, 5.61672639847, -18.370174408, -18.0793552399, 26.9764957428, 39.0446777344, 49.2006149292], [161.625991821, -222.365646362, 26.6645755768, -50.0583229065, 10.0059728622, 318.025848389, 100.017189026, -56.6468658447, -87.5113296509, -0.638216078281, -20.9225521088, 27.3018226624, 12.2257480621], [-244.832778931, 153.485946655, -67.0948562622, -93.0745391846, 12.1477508545, 100.017189026, 215.483901978, 29.3665904999, -6.64770269394, -45.6400794983, 22.7898483276, 7.39647102356, 22.8756217957], [-66.8677444458, 61.1959533691, 50.5183792114, 6.96513605118, 5.61672639847, -56.6468658447, 29.3665904999, 149.975158691, 84.7430419922, 9.94268512726, -13.7691993713, -18.6239051819, -1.43451452255], [-191.557327271, 176.801315308, -12.5212783813, 29.4924507141, -18.370174408, -87.5113296509, -6.64770269394, 84.7430419922, 243.768981934, 59.9339332581, 16.656703949, -72.3797988892, -5.29287052155], [180.341659546, -119.283370972, 47.6688423157, 22.2788963318, -18.0793552399, -0.638216078281, -45.6400794983, 9.94268512726, 59.9339332581, 145.441040039, 0.73907494545, -39.339225769, -51.6865844727], [-216.189315796, 146.016479492, -32.2561798096, -1.13993144035, 26.9764957428, -20.9225521088, 22.7898483276, -13.7691993713, 16.656703949, 0.73907494545, 116.696113586, 25.6269397736, 7.08155155182], [25.3730926514, -54.791759491, 38.7013931274, 25.7845878601, 39.0446777344, 27.3018226624, 7.39647102356, -18.6239051819, -72.3797988892, -39.339225769, 25.6269397736, 118.264839172, 50.4916915894], [-163.969741821, 74.951133728, -6.02622842789, 23.4567184448, 49.2006149292, 12.2257480621, 22.8756217957, -1.43451452255, -5.29287052155, -51.6865844727, 7.08155155182, 50.4916915894, 108.7447052]]}, "spectral_energyband_middle_low": {"dmean2": 0.0158264003694, "median": 0.00961631163955, "min": 2.10104266863e-22, "dvar2": 0.000550140510313, "dvar": 0.000221873197006, "dmean": 0.00991900451481, "max": 0.128715202212, "var": 0.000286541908281, "mean": 0.0153720648959}, "melbands_crest": {"dmean2": 6.45290994644, "median": 14.8031349182, "min": 2.26329803467, "dvar2": 30.2447757721, "dvar": 11.3593521118, "dmean": 3.86185717583, "max": 34.3816490173, "var": 24.1460132599, "mean": 15.3431339264}, "spectral_kurtosis": {"dmean2": 3.56418728828, "median": 3.85377120972, "min": -1.20517134666, "dvar2": 17.1415843964, "dvar": 8.03888225555, "dmean": 2.38473296165, "max": 36.9493865967, "var": 21.1335105896, "mean": 4.98969650269}, "spectral_rms": {"dmean2": 0.00190190400463, "median": 0.00499077606946, "min": 3.15867210859e-12, "dvar2": 4.11435257774e-06, "dvar": 1.8576470211e-06, "dmean": 0.00123297562823, "max": 0.0125796664506, "var": 4.42413465862e-06, "mean": 0.00534450635314}, "zerocrossingrate": {"dmean2": 0.0163374301046, "median": 0.0361328125, "min": 0.0029296875, "dvar2": 0.000393998081563, "dvar": 0.000327762390953, "dmean": 0.0144827291369, "max": 0.50732421875, "var": 0.00147024705075, "mean": 0.0485885292292}, "silence_rate_60dB": {"dmean2": 0.00663265306503, "median": 0, "min": 0, "dvar2": 0.0070987935178, "dvar": 0.00330492295325, "dmean": 0.00331590347923, "max": 1, "var": 0.0119676124305, "mean": 0.0121142566204}, "erbbands_kurtosis": {"dmean2": 4.37604904175, "median": 1.5275028944, "min": -1.89917182922, "dvar2": 42.5190925598, "dvar": 18.2927951813, "dmean": 2.82224369049, "max": 87.8538894653, "var": 32.7097511292, "mean": 3.2667131424}, "erbbands": {"dmean2": [0.215631365776, 2.42372632027, 6.80959749222, 10.2592687607, 15.9689626694, 35.6347541809, 21.1013240814, 25.6720809937, 36.2240715027, 53.2452545166, 51.6897583008, 35.592010498, 34.9029960632, 27.2094650269, 32.0375862122, 48.1964912415, 22.0691661835, 15.9781217575, 9.81495380402, 6.32643461227, 5.19124269485, 4.88885974884, 4.84134531021, 2.93648266792, 3.99779844284, 4.94903945923, 8.32744693756, 7.69838190079, 7.96080589294, 6.87519979477, 5.61868190765, 3.94804692268, 2.23841619492, 1.30313444138, 0.920039236546, 0.58401030302, 0.154964014888, 0.0176478717476, 0.000975681177806, 4.86100325361e-05], "median": [0.0962219238281, 1.28024935722, 2.63063526154, 2.44236850739, 4.74796485901, 8.6142911911, 8.51527404785, 10.1522922516, 3.99764680862, 4.92973899841, 5.37399530411, 7.84434986115, 3.91304159164, 3.47926211357, 5.57027292252, 2.50638651848, 1.84023964405, 0.948760867119, 0.927729010582, 1.49635517597, 1.32184886932, 1.58030748367, 1.55649483204, 1.09942448139, 1.05440974236, 1.54624891281, 1.88828623295, 1.83523035049, 1.76658296585, 1.24812579155, 0.706259787083, 0.407366275787, 0.30822005868, 0.160339772701, 0.0782538354397, 0.0302246175706, 0.0084558352828, 0.00169440405443, 0.000221683978452, 4.16779475927e-05], "min": [2.13071759641e-22, 2.79299371559e-21, 2.35837088821e-21, 2.54579810006e-20, 6.78061144613e-20, 3.16739347268e-20, 7.86715712469e-20, 1.77611781688e-19, 1.85903297976e-19, 5.35889528529e-19, 1.48574314557e-18, 1.9016822312e-18, 1.74553989646e-18, 2.65088680215e-18, 2.90453863507e-18, 3.67239488806e-18, 1.99647568183e-18, 2.03047383898e-18, 3.34133487304e-18, 6.44062635909e-18, 6.97226898726e-18, 7.47201677178e-18, 9.90951620491e-18, 1.1755402829e-17, 1.20666874372e-17, 1.12778011511e-17, 1.10152697411e-17, 1.76374841649e-17, 1.65982210607e-17, 1.97247950313e-17, 1.54714902242e-17, 1.70465397179e-17, 1.39333048618e-17, 1.37708862942e-17, 7.5772382816e-18, 5.17533077587e-18, 2.41340035316e-18, 1.04972207923e-18, 3.3646364992e-19, 3.03770867785e-20], "dvar2": [0.184382647276, 19.5077037811, 290.218597412, 736.007080078, 813.789794922, 6234.06689453, 1437.35986328, 2445.64208984, 10068.0380859, 34721.28125, 19457.9121094, 7649.26757813, 14361.7919922, 5876.00390625, 6443.53662109, 24776.46875, 5359.24902344, 3074.99243164, 829.806396484, 225.648208618, 159.016326904, 105.206130981, 96.2041778564, 36.3180770874, 66.5358200073, 103.100463867, 300.305908203, 332.59777832, 363.194488525, 216.970291138, 241.822296143, 135.012481689, 31.3591327667, 7.15649747849, 3.51530432701, 1.45926773548, 0.094040222466, 0.00132740777917, 3.54578151018e-06, 4.49782522338e-09], "dvar": [0.0637813359499, 7.11306381226, 121.232040405, 267.459716797, 305.581359863, 2429.29248047, 570.758300781, 1122.30786133, 4478.54931641, 14870.078125, 8865.61621094, 3422.61865234, 6359.29736328, 2812.39453125, 3175.61035156, 10876.8798828, 3306.42041016, 1636.81774902, 432.157653809, 108.467224121, 70.1883621216, 46.9857254028, 40.8727531433, 15.5429325104, 28.8432273865, 46.3800888062, 133.805557251, 149.699996948, 165.837417603, 113.187561035, 116.562469482, 67.0597991943, 15.9696617126, 3.24328804016, 1.56247162819, 0.654078125954, 0.0485967956483, 0.000637041055597, 1.72355078121e-06, 2.219643358e-09], "dmean": [0.128065660596, 1.44214403629, 4.14198541641, 5.80530261993, 9.31660938263, 20.9998779297, 12.4681978226, 16.0817527771, 23.00989151, 33.5461654663, 33.8116950989, 23.0207080841, 22.9249267578, 18.665102005, 21.4504070282, 29.6675510406, 15.4369802475, 10.9379730225, 6.76317358017, 4.16913747787, 3.41148304939, 3.19977641106, 3.1219420433, 1.92562949657, 2.62419724464, 3.32183623314, 5.49398994446, 5.27042198181, 5.5031170845, 4.83475160599, 3.9428589344, 2.79315686226, 1.59882116318, 0.875116348267, 0.631878018379, 0.392516762018, 0.108275398612, 0.0119808167219, 0.000674758222885, 3.31982992066e-05], "max": [2.72156763077, 25.7146759033, 104.908493042, 168.938751221, 208.80619812, 489.571472168, 453.539001465, 618.348632813, 1666.66430664, 2231.67407227, 1631.69018555, 1191.6270752, 1931.18493652, 1159.38928223, 1475.29382324, 1575.63183594, 2276.89550781, 1216.19189453, 667.999145508, 290.475616455, 165.614059448, 126.647384644, 122.983711243, 58.1531944275, 99.5180358887, 139.789276123, 303.730224609, 405.516662598, 341.164245605, 242.986999512, 251.11706543, 287.147735596, 108.336883545, 44.5508003235, 13.0200881958, 7.6333489418, 2.215031147, 0.256573438644, 0.0243306029588, 0.000616052537225], "var": [0.0834160223603, 8.87944793701, 117.224464417, 209.185958862, 267.640777588, 2019.8157959, 674.235595703, 1730.81604004, 5556.39746094, 16928.6113281, 12223.8759766, 5316.45703125, 9591.05566406, 6127.47558594, 8141.52099609, 18039.9335938, 8426.59472656, 3110.60107422, 955.169433594, 190.053359985, 93.1600418091, 78.8839035034, 62.5726318359, 19.1486053467, 36.5723419189, 69.2258377075, 193.651107788, 231.483459473, 274.410125732, 220.73765564, 196.533447266, 121.940536499, 31.7745170593, 5.27676010132, 2.03883862495, 0.796960115433, 0.0687048137188, 0.000830239907373, 2.78987499769e-06, 3.83366183243e-09], "mean": [0.188944578171, 2.22529006004, 5.69011211395, 6.15823602676, 10.1256427765, 21.8633460999, 16.7259559631, 22.7532444, 25.1106243134, 35.479259491, 40.1853790283, 35.4042625427, 31.369436264, 32.4790611267, 41.7715377808, 40.1882095337, 20.7248764038, 13.6391143799, 8.82601642609, 5.54352331161, 4.38449859619, 4.63298511505, 4.3244304657, 2.53921222687, 3.1835038662, 4.32879543304, 6.90752077103, 7.05764722824, 7.64305591583, 6.61343050003, 5.17136001587, 3.60722613335, 2.1174633503, 1.10010135174, 0.723387181759, 0.414154052734, 0.121348068118, 0.013762909919, 0.000907097710297, 6.30270733382e-05]}, "spectral_strongpeak": {"dmean2": 1.01747024059, "median": 0.399028778076, "min": 0, "dvar2": 2.2183907032, "dvar": 0.9373742342, "dmean": 0.613889098167, "max": 10.2699651718, "var": 1.6635529995, "mean": 0.982807040215}, "spectral_energy": {"dmean2": 0.0248443279415, "median": 0.0255305469036, "min": 1.02266390926e-20, "dvar2": 0.000994796282612, "dvar": 0.000430469750427, "dmean": 0.0157480407506, "max": 0.162204220891, "var": 0.000728982966393, "mean": 0.0338126681745}, "average_loudness": 0.967939853668, "spectral_rolloff": {"dmean2": 1022.86364746, "median": 559.86328125, "min": 64.599609375, "dvar2": 4326176.5, "dvar": 1919638.25, "dmean": 578.45690918, "max": 18755.4199219, "var": 2651344.25, "mean": 1067.02770996}, "spectral_centroid": {"dmean2": 450.582702637, "median": 711.741210938, "min": 144.315093994, "dvar2": 375312.75, "dvar": 198793.5, "dmean": 303.362701416, "max": 10461.0566406, "var": 479106.15625, "mean": 921.280090332}, "pitch_salience": {"dmean2": 0.157038405538, "median": 0.494114428759, "min": 0.0804251208901, "dvar2": 0.0193484500051, "dvar": 0.00709165306762, "dmean": 0.0933665856719, "max": 0.832988917828, "var": 0.0123882647604, "mean": 0.494567543268}, "spectral_energyband_middle_high": {"dmean2": 0.00288034509867, "median": 0.000991518609226, "min": 1.37941545698e-21, "dvar2": 2.8279471735e-05, "dvar": 1.42990529639e-05, "dmean": 0.00199689646251, "max": 0.0548951402307, "var": 4.25015532528e-05, "mean": 0.00386425619945}, "spectral_contrast_coeffs": {"dmean2": [0.0954250991344, 0.0961042195559, 0.0746152848005, 0.0576962269843, 0.0413822419941, 0.035111811012], "median": [-0.656454384327, -0.691208481789, -0.72408503294, -0.806706309319, -0.807005643845, -0.777053117752], "min": [-0.966910779476, -0.980037033558, -0.985712707043, -0.975535750389, -0.970394194126, -0.960784196854], "dvar2": [0.00707189133391, 0.00661872234195, 0.0037930496037, 0.00235062651336, 0.00121374835726, 0.000840075023007], "dvar": [0.00289932196029, 0.00284721958451, 0.00184779090341, 0.0011130758794, 0.000565364083741, 0.000399087875849], "dmean": [0.0597706101835, 0.0600230023265, 0.0484695695341, 0.0377219803631, 0.0269460957497, 0.0233033429831], "max": [-0.28281852603, -0.344656527042, -0.438072383404, -0.49607232213, -0.619177758694, -0.600445270538], "var": [0.00703744124621, 0.00751949567348, 0.00812913384289, 0.00400850968435, 0.00188895023894, 0.00149367295671], "mean": [-0.645412027836, -0.687083482742, -0.72041028738, -0.793945610523, -0.80133742094, -0.774686336517]}, "melbands_skewness": {"dmean2": 2.03141880035, "median": 2.88665652275, "min": -1.5470392704, "dvar2": 4.8988199234, "dvar": 2.24272322655, "dmean": 1.34535503387, "max": 17.0839157104, "var": 6.72741413116, "mean": 3.33728480339}, "spectral_spread": {"dmean2": 1600585.625, "median": 5279362, "min": 1758249.625, "dvar2": 2746660159490.0, "dvar": 1488505929730.0, "dmean": 1133175, "max": 43794544, "var": 4768363184130.0, "mean": 5738175}, "dissonance": {"dmean2": 0.0586129464209, "median": 0.442803233862, "min": 0.161076486111, "dvar2": 0.00306794955395, "dvar": 0.0012625179952, "dmean": 0.0362939573824, "max": 0.499999970198, "var": 0.00294009922072, "mean": 0.428168088198}, "spectral_skewness": {"dmean2": 0.566458642483, "median": 1.7185781002, "min": -0.239287719131, "dvar2": 0.28751257062, "dvar": 0.156358107924, "dmean": 0.403120189905, "max": 4.80327796936, "var": 0.654868543148, "mean": 1.74633896351}, "spectral_flux": {"dmean2": 0.0619414262474, "median": 0.0903736054897, "min": 6.94710955429e-11, "dvar2": 0.00373507640325, "dvar": 0.00172918336466, "dmean": 0.0396111905575, "max": 0.361618340015, "var": 0.00398083915934, "mean": 0.104202471673}, "spectral_contrast_valleys": {"dmean2": [0.633231401443, 0.750134706497, 0.790998220444, 0.711571872234, 0.604227185249, 0.643070936203], "median": [-6.75187587738, -7.03063297272, -7.93997573853, -8.55882835388, -8.30325698853, -10.2419261932], "min": [-26.9251117706, -27.093580246, -27.0217571259, -27.3070907593, -27.2541160583, -27.2392730713], "dvar2": [0.26996460557, 0.45187959075, 0.502927005291, 0.408719360828, 0.320324420929, 0.391722232103], "dvar": [0.119478970766, 0.213724508882, 0.233074501157, 0.206163272262, 0.187876462936, 0.254342794418], "dmean": [0.387204378843, 0.489840835333, 0.535770773888, 0.502212643623, 0.459168702364, 0.494060486555], "max": [-5.15363883972, -4.85949277878, -5.39477872849, -6.01470565796, -6.04663896561, -7.53368854523], "var": [0.455887198448, 0.689598023891, 0.801845133305, 0.793968439102, 0.744198024273, 1.0927978754], "mean": [-6.8093457222, -7.00028276443, -7.9019575119, -8.52698326111, -8.30505084991, -10.0966539383]}, "erbbands_flatness_db": {"dmean2": 0.0398972630501, "median": 0.154363542795, "min": 0.039520688355, "dvar2": 0.00132276513614, "dvar": 0.00072409916902, "dmean": 0.0285215303302, "max": 0.360441744328, "var": 0.00298752076924, "mean": 0.160632550716}, "spectral_energyband_high": {"dmean2": 0.000901025952771, "median": 0.000222468588618, "min": 7.68522359572e-21, "dvar2": 2.70825512416e-06, "dvar": 1.47531966377e-06, "dmean": 0.000660854333546, "max": 0.0268670152873, "var": 3.17604508382e-06, "mean": 0.000957281212322}, "spectral_entropy": {"dmean2": 0.462576150894, "median": 7.24441671371, "min": 5.22713041306, "dvar2": 0.173127174377, "dvar": 0.0971845835447, "dmean": 0.330453932285, "max": 9.80633163452, "var": 0.39429923892, "mean": 7.25025033951}, "silence_rate_20dB": {"dmean2": 0, "median": 1, "min": 1, "dvar2": 0, "dvar": 0, "dmean": 0, "max": 1, "var": 0, "mean": 1}, "melbands_flatness_db": {"dmean2": 0.0583404302597, "median": 0.273491233587, "min": 0.00587696395814, "dvar2": 0.00256287190132, "dvar": 0.00128975161351, "dmean": 0.0404360480607, "max": 0.579997897148, "var": 0.00506234541535, "mean": 0.27306830883}, "barkbands": {"dmean2": [0.000144031990203, 0.00978865660727, 0.00669001648203, 0.00322515843436, 0.00812372658402, 0.00283819949254, 0.00287342863157, 0.00281428848393, 0.00162454380188, 0.00104778050445, 0.000912633026019, 0.00107275997289, 0.000477841560496, 0.000291058240691, 0.000166877463926, 9.80817712843e-05, 9.16795615922e-05, 8.80473671714e-05, 6.34147436358e-05, 0.000109637781861, 0.000196012129891, 0.000220557136345, 0.000192002495169, 0.000155576955876, 0.000123565157992, 9.92644490907e-05, 5.02217426401e-06], "median": [4.54212058685e-05, 0.00534035358578, 0.00160660920665, 0.000682919460814, 0.00257206847891, 0.0011371334549, 0.000193435669644, 0.000197321787709, 0.000268778996542, 5.76935599383e-05, 0.000118329466204, 3.92550282413e-05, 3.28901696776e-05, 1.45960566442e-05, 2.17148153752e-05, 2.21311856876e-05, 3.24623360939e-05, 2.61478689936e-05, 1.74536253326e-05, 2.96744728985e-05, 4.79162699776e-05, 4.9424408644e-05, 2.72162797046e-05, 1.92483021237e-05, 1.27742368932e-05, 5.41202962268e-06, 1.01108435047e-06], "min": [3.63734770383e-24, 9.76923925076e-24, 1.21225004723e-24, 1.34320277188e-23, 1.30254054209e-23, 1.87914335352e-23, 2.02366251358e-23, 4.9634064772e-23, 8.29228937225e-23, 6.36885274108e-23, 4.61543582983e-23, 8.23014038578e-23, 3.20326531559e-23, 5.34793735654e-23, 8.8671928984e-23, 1.79307074015e-22, 1.12744215144e-22, 1.6957747818e-22, 2.12775021722e-22, 2.47369084149e-22, 3.0811235835e-22, 6.31729859833e-22, 5.50747746954e-22, 8.8900317469e-22, 1.14388446133e-21, 1.4211008362e-21, 2.19951646573e-21], "dvar2": [8.02700697022e-08, 0.000311414332828, 0.000361590529792, 4.93886036566e-05, 0.000271210359642, 2.60124088527e-05, 6.92141911713e-05, 7.42400952731e-05, 1.71470746864e-05, 1.19373726193e-05, 7.01317640051e-06, 1.12162533696e-05, 2.76212290373e-06, 1.07925882276e-06, 2.09827774711e-07, 5.67622073788e-08, 3.99249699967e-08, 3.47742457052e-08, 1.44825582638e-08, 4.89416471794e-08, 1.87103822213e-07, 2.72536425427e-07, 2.32521216503e-07, 1.74823171051e-07, 5.9619303272e-08, 3.97056361123e-08, 1.00474115139e-10], "dvar": [5.2262418393e-08, 0.000107198829937, 0.000140670512337, 1.75030527316e-05, 0.000105674545921, 1.12978514153e-05, 3.0401699405e-05, 3.30623333866e-05, 7.39430697649e-06, 5.32943613507e-06, 3.51611197402e-06, 4.88504429086e-06, 1.65538574493e-06, 5.41574422641e-07, 1.02522946577e-07, 2.44372486691e-08, 1.78883734492e-08, 1.43866483171e-08, 6.44986419829e-09, 2.18246700712e-08, 8.64868709982e-08, 1.27555679796e-07, 1.1945334677e-07, 9.09165009944e-08, 2.63512429655e-08, 1.92767490859e-08, 4.68877575655e-11], "dmean": [0.000111315013783, 0.00576148135588, 0.00402773870155, 0.00182504951954, 0.00480084633455, 0.00174943148158, 0.00180103187449, 0.00181093451101, 0.00103779020719, 0.000689851935022, 0.000610194867477, 0.000656028452795, 0.000322045612847, 0.000192957028048, 0.000109382817755, 6.33994932286e-05, 5.94125776843e-05, 5.56925187993e-05, 4.18657255068e-05, 7.24912606529e-05, 0.000133773210109, 0.000154743975145, 0.000137122318847, 0.000111716799438, 8.33919839351e-05, 6.87343854224e-05, 3.39801954397e-06], "max": [0.00372002506629, 0.0913103222847, 0.109401725233, 0.0416631959379, 0.102712720633, 0.0763809904456, 0.119959697127, 0.0996681600809, 0.0564082227647, 0.0503043234348, 0.0445068888366, 0.0434914119542, 0.0404850691557, 0.026104606688, 0.010344946757, 0.00350140500814, 0.00249609816819, 0.00219822535291, 0.00129591813311, 0.00272866152227, 0.00849006231874, 0.00949223525822, 0.00836711842567, 0.0105191674083, 0.00230173463933, 0.00135529367253, 0.000128972460516], "var": [1.34652438533e-07, 0.000136236136314, 0.000117694275104, 1.41093123602e-05, 9.16755452636e-05, 1.66562895174e-05, 3.6001427361e-05, 4.343449109e-05, 1.01557643575e-05, 8.76762533153e-06, 8.53563778946e-06, 7.58745682106e-06, 4.10608117818e-06, 9.80103436632e-07, 1.74376310724e-07, 3.18202992844e-08, 2.75996345778e-08, 1.84986799212e-08, 8.7065794574e-09, 3.10856691499e-08, 1.3546043931e-07, 2.19656868694e-07, 2.22385409643e-07, 1.80113559622e-07, 3.70470658595e-08, 2.57473313781e-08, 7.18116816012e-11], "mean": [0.000172125073732, 0.00892336852849, 0.00472145993263, 0.0018404929433, 0.00544533180073, 0.00242089433596, 0.001806109678, 0.00199273601174, 0.0014614299871, 0.000964810955338, 0.00118266278878, 0.000826625735499, 0.000414289388573, 0.000227191645536, 0.000132242726977, 7.87467870396e-05, 8.48845666042e-05, 7.16369686415e-05, 5.16888540005e-05, 8.97646023077e-05, 0.000176999528776, 0.000216440530494, 0.000183867188753, 0.000147844431922, 9.94113725028e-05, 7.51000989112e-05, 4.44476381745e-06]}, "erbbands_skewness": {"dmean2": 1.02100872993, "median": 0.835520505905, "min": -4.2526011467, "dvar2": 0.923109710217, "dvar": 0.453048408031, "dmean": 0.695457816124, "max": 8.32870674133, "var": 1.51038444042, "mean": 0.766355395317}, "erbbands_spread": {"dmean2": 24.0770492554, "median": 33.3213577271, "min": 1.34599387646, "dvar2": 685.062316895, "dvar": 332.087188721, "dmean": 16.0904045105, "max": 179.878936768, "var": 1015.91394043, "mean": 42.7950248718}, "melbands_kurtosis": {"dmean2": 31.3214855194, "median": 14.0240793228, "min": -1.76789832115, "dvar2": 3183.52636719, "dvar": 1361.02038574, "dmean": 19.7396183014, "max": 550.416625977, "var": 2088.46069336, "mean": 28.7912654877}, "melbands": {"dmean2": [0.00237301946618, 0.00324264517985, 0.00175461883191, 0.00189672794659, 0.000941150356084, 0.000566346745472, 0.000561905559152, 0.000611233699601, 0.000403263285989, 0.000217082255404, 0.000177341353265, 0.000112681744213, 0.00012832590437, 0.000112770620035, 9.41300022532e-05, 4.29104693467e-05, 2.98279264825e-05, 1.76188987098e-05, 1.14864960779e-05, 7.13312647349e-06, 6.25435359325e-06, 5.32267495146e-06, 5.47643094251e-06, 3.91654930354e-06, 2.30204636864e-06, 2.72229249276e-06, 3.35713070854e-06, 3.35040999744e-06, 5.29574845132e-06, 4.80379276269e-06, 4.80317703477e-06, 4.8451