{"metadata": {"tags": {"genre": ["Tom Waits"], "file_name": "09. Since I fell for you, New Orleans reprise.mp3", "album": ["On Broadway"], "musicbrainz album type": ["live"], "script": ["Latn"], "albumartistsort": ["Waits, Tom"], "musicbrainz_artistid": ["c3aeb863-7b26-4388-94e8-5a240f2be21b"], "albumartist": ["Tom Waits"], "barcode": ["4018638020082"], "originaldate": ["1984"], "musicbrainz album status": ["bootleg"], "artist": ["Tom Waits"], "musicbrainz_albumid": ["205a7697-3cea-4f1e-ac60-f93c23f5e0aa"], "artistsort": ["Waits, Tom"], "title": ["Since I Fell for You / New Orleans Reprise"], "tracknumber": ["8/12"], "musicbrainz_albumartistid": ["c3aeb863-7b26-4388-94e8-5a240f2be21b"], "encodedby": ["iTunes v4.6"], "discnumber": ["1/1"], "date": ["1984"], "musicbrainz_recordingid": ["0c3216bf-39a9-4b8d-8ec0-dc3eb1f610e7"], "language": ["eng"]}, "audio_properties": {"sample_rate": 44100, "downmix": "mix", "lossless": false, "analysis_sample_rate": 44100, "md5_encoded": "ebe2deadafe36475f303ce90a405930e", "equal_loudness": 0, "replay_gain": -11.0381202698, "codec": "mp3", "bit_rate": 320000, "length": 161.227752686}, "version": {"extractor": "music 1.0", "essentia_build_sha": "70f2e5ece6736b2c40cc944ad0e695b16b925413", "essentia_git_sha": "v2.1_beta2", "essentia": "2.1-beta2"}}, "rhythm": {"beats_loudness_band_ratio": {"dvar2": [0.097436055541, 0.0813736096025, 0.0990769043565, 0.0602421425283, 0.0192679055035, 0.0646129399538], "var": [0.0645326301455, 0.0719900727272, 0.0444544777274, 0.0335852019489, 0.00787632539868, 0.0159356165677], "min": [0.00295258569531, 0.00592826679349, 0.0016856295988, 0.000320582999848, 3.54216899723e-05, 3.59648183803e-05], "dmean": [0.223642379045, 0.221270397305, 0.204477980733, 0.104851841927, 0.0387223772705, 0.0544687956572], "mean": [0.299223423004, 0.40521812439, 0.206985265017, 0.108333528042, 0.0355070345104, 0.0390969142318], "max": [0.970989763737, 0.990975320339, 0.88656103611, 0.891055762768, 0.830497086048, 0.904137969017], "dmean2": [0.38848733902, 0.374523162842, 0.361696094275, 0.176110118628, 0.0683657005429, 0.102235041559], "median": [0.225312232971, 0.364399313927, 0.123298734426, 0.0254087820649, 0.00477488152683, 0.00128932506777], "dvar": [0.0396463535726, 0.033083345741, 0.0367263108492, 0.0233756937087, 0.00726771447808, 0.0227177608758]}, "bpm_histogram_first_peak_weight": {"dvar2": 0, "var": 0, "min": 0.0726072639227, "dmean": 0, "mean": 0.0726072639227, "max": 0.0726072639227, "dmean2": 0, "median": 0.0726072639227, "dvar": 0}, "bpm": 120.160415649, "beats_count": 304, "bpm_histogram_first_peak_spread": {"dvar2": 0, "var": 0, "min": 0.531914889812, "dmean": 0, "mean": 0.531914889812, "max": 0.531914889812, "dmean2": 0, "median": 0.531914889812, "dvar": 0}, "danceability": 0.883928894997, "bpm_histogram_first_peak_bpm": {"dvar2": 0, "var": 0, "min": 120, "dmean": 0, "mean": 120, "max": 120, "dmean2": 0, "median": 120, "dvar": 0}, "beats_position": [0.336689323187, 0.684988677502, 1.02167797089, 1.35836732388, 1.69505667686, 2.03174591064, 2.36843538284, 2.70512461662, 3.09986400604, 3.48299312592, 3.86612248421, 4.26086139679, 4.66721057892, 5.07355976105, 5.47990942001, 5.94430828094, 6.40870714188, 6.87310647964, 7.33750534058, 7.80190467834, 8.26630401611, 8.73070240021, 9.18349170685, 9.64789104462, 10.0890703201, 10.5302495956, 10.9830379486, 11.4358272552, 11.9350566864, 12.4342851639, 12.933514595, 13.479183197, 14.0248527527, 14.5705213547, 15.1161899567, 15.6618595123, 16.2075271606, 16.7531967163, 17.298866272, 17.8793640137, 18.4598636627, 19.0403633118, 19.5163707733, 19.9923801422, 20.4683895111, 20.94439888, 21.43201828, 21.9080276489, 22.3724250793, 22.8368244171, 23.2896137238, 23.7540130615, 24.2416324615, 24.7292518616, 25.2633094788, 25.7857589722, 26.3082084656, 26.8422679901, 27.3763256073, 27.9103851318, 28.4444446564, 28.9901123047, 29.5357818604, 30.0350112915, 30.5342407227, 31.0334682465, 31.5559177399, 32.0899772644, 32.6124267578, 33.111656189, 33.5992736816, 34.0868911743, 34.5512924194, 35.0156898499, 35.480091095, 35.9444885254, 36.4321098328, 36.908115387, 37.3376846313, 37.7788658142, 38.2200431824, 38.6612243652, 39.0907936096, 39.5319709778, 39.9847602844, 40.4723815918, 40.9599990845, 41.4476165771, 41.9584579468, 42.4692955017, 42.9685249329, 43.467754364, 43.9669837952, 44.4778213501, 45.1163711548, 45.743309021, 46.3702468872, 46.9971885681, 47.6241264343, 48.2510643005, 48.8780021667, 49.5165519714, 50.1434898376, 50.8516998291, 51.5366897583, 52.2332878113, 52.9182739258, 53.6148757935, 54.3230819702, 55.0429000854, 55.7511100769, 56.4709281921, 57.2023582458, 57.9337844849, 58.6884346008, 59.4314727783, 60.162902832, 60.9059410095, 61.6373672485, 62.3687973022, 63.0770072937, 63.7968254089, 64.5166397095, 65.2248535156, 65.9678878784, 66.7109298706, 67.4307479858, 68.1621780396, 68.8703842163, 69.5785903931, 70.2868041992, 70.9833984375, 71.6800003052, 72.3765945435, 72.8990478516, 73.4098815918, 73.9091110229, 74.4199523926, 74.9307937622, 75.4532394409, 75.9872970581, 76.5213623047, 77.0438079834, 77.5662536621, 78.1003189087, 78.6343765259, 79.133605957, 79.6328353882, 80.1320648193, 80.6080703735, 81.0724716187, 81.5252609253, 81.9780502319, 82.4308395386, 82.8720169067, 83.2899780273, 83.7311553955, 84.1723327637, 84.5902938843, 85.0082550049, 85.4262084961, 85.8325576782, 86.2389068604, 86.656867981, 87.0748291016, 87.4811782837, 87.9223556519, 88.3751449585, 88.8279342651, 89.3271636963, 89.8263931274, 90.3256225586, 90.8364639282, 91.3472976685, 91.8581390381, 92.3805847168, 92.9262542725, 93.6228561401, 94.2730178833, 94.9231719971, 95.5733337402, 96.2350997925, 96.9897460938, 97.7444000244, 98.5106582642, 99.2769165039, 100.008346558, 100.739768982, 101.494422913, 102.249069214, 102.910835266, 103.584213257, 104.164710999, 104.733604431, 105.325714111, 105.871383667, 106.428657532, 106.974327087, 107.415504456, 107.856689453, 108.297866821, 108.727432251, 109.15700531, 109.598182678, 110.027755737, 110.468933105, 110.898498535, 111.328071594, 111.69959259, 112.082717896, 112.454238892, 112.825759888, 113.185668945, 113.545578003, 113.917098999, 114.277008057, 114.625305176, 114.973602295, 115.321899414, 115.681808472, 116.076553345, 116.482902527, 116.889251709, 117.295600891, 117.713554382, 118.131515503, 118.549476624, 118.979042053, 119.408615112, 119.826576233, 120.256141663, 120.674102783, 121.103668213, 121.54485321, 121.97441864, 122.392379761, 122.82194519, 123.25151825, 123.66947937, 124.0990448, 124.528617859, 125.02784729, 125.527069092, 126.037910461, 126.537139893, 127.036369324, 127.547210693, 128.034820557, 128.534057617, 129.021682739, 129.486068726, 129.962081909, 130.449707031, 130.960540771, 131.471374512, 131.993835449, 132.516281128, 133.038726807, 133.561172485, 134.153289795, 134.745391846, 135.349105835, 135.964447021, 136.556549072, 137.160263062, 137.76399231, 138.344482422, 138.924987793, 139.505477905, 140.051147461, 140.608428955, 141.165710449, 141.781036377, 142.396362305, 143.011703491, 143.638641357, 144.242355347, 144.846069336, 145.461410522, 146.065124512, 146.680450439, 147.295776367, 147.922714233, 148.561264038, 149.164993286, 149.757095337, 150.32598877, 150.883255005, 151.440536499, 152.044265747, 152.647979736, 153.251693726, 153.843811035, 154.435913086, 155.016418457, 155.573699951, 156.154190063, 156.734695435, 157.315185547, 157.930511475, 158.545852661, 159.161178589, 159.776504517, 160.391830444], "beats_loudness": {"dvar2": 0.00168860435952, "var": 0.000744833843783, "min": 0.000137866067234, "dmean": 0.0166434589773, "mean": 0.0176717396826, "max": 0.17536495626, "dmean2": 0.0277024358511, "median": 0.0058517055586, "dvar": 0.000662609469146}, "bpm_histogram_second_peak_weight": {"dvar2": 0, "var": 0, "min": 0.0561056099832, "dmean": 0, "mean": 0.0561056099832, "max": 0.0561056099832, "dmean2": 0, "median": 0.0561056099832, "dvar": 0}, "bpm_histogram_second_peak_spread": {"dvar2": 0, "var": 0, "min": 0.514285683632, "dmean": 0, "mean": 0.514285683632, "max": 0.514285683632, "dmean2": 0, "median": 0.514285683632, "dvar": 0}, "bpm_histogram_second_peak_bpm": {"dvar2": 0, "var": 0, "min": 129, "dmean": 0, "mean": 129, "max": 129, "dmean2": 0, "median": 129, "dvar": 0}, "onset_rate": 2.81568956375}, "lowlevel": {"spectral_energyband_high": {"dvar2": 2.82928027673e-07, "var": 8.15068801785e-07, "min": 1.13448677536e-11, "dmean": 8.67594208103e-05, "mean": 0.000210398240597, "max": 0.015500840731, "dmean2": 0.000117533949378, "median": 3.12417000714e-06, "dvar": 1.80765852065e-07}, "spectral_energyband_middle_low": {"dvar2": 0.00011706546502, "var": 0.000441321521066, "min": 2.55370252722e-10, "dmean": 0.00326655828394, "mean": 0.0109914559871, "max": 0.22939927876, "dmean2": 0.0046867816709, "median": 0.00304040266201, "dvar": 6.20189966867e-05}, "spectral_energy": {"dvar2": 0.000215440566535, "var": 0.000567979528569, "min": 3.06365532943e-09, "dmean": 0.00406903680414, "mean": 0.0141765261069, "max": 0.312968999147, "dmean2": 0.0058564520441, "median": 0.00472454819828, "dvar": 0.000104425780592}, "spectral_spread": {"dvar2": 283412955136, "var": 1183122980860.0, "min": 803130.4375, "dmean": 365791.53125, "mean": 2780689, "max": 15088328, "dmean2": 565770.375, "median": 2648113.75, "dvar": 161737490432}, "spectral_energyband_low": {"dvar2": 0.000108378415462, "var": 7.55614746595e-05, "min": 1.35888067465e-09, "dmean": 0.00121382332873, "mean": 0.00226366170682, "max": 0.308264791965, "dmean2": 0.00181808928028, "median": 0.000334088894306, "dvar": 4.73255604447e-05}, "spectral_rolloff": {"dvar2": 518617.53125, "var": 1060805.25, "min": 86.1328125, "dmean": 162.7472229, "mean": 811.923828125, "max": 15762.3046875, "dmean2": 268.243438721, "median": 452.197265625, "dvar": 292344.875}, "barkbands": {"dvar2": [1.04519719268e-10, 1.94025597011e-06, 7.0409863838e-05, 2.986801519e-05, 8.04797309684e-05, 5.07863023813e-06, 5.56102349947e-06, 6.73569684295e-06, 1.1059555618e-06, 1.11574308903e-06, 5.77676530611e-07, 1.79167045644e-06, 3.58110753496e-07, 3.03042014593e-07, 1.96775175709e-07, 1.19892547445e-07, 8.25435364504e-08, 1.93250244251e-07, 1.35634977028e-07, 6.2247607957e-08, 7.57843423571e-08, 4.81548454445e-08, 5.36464739298e-09, 8.33597191274e-10, 7.68498875647e-11, 9.37268383565e-14, 1.49576599479e-14], "var": [5.09404810001e-11, 1.19951732813e-06, 3.75295785489e-05, 4.38213392044e-05, 0.000247575255344, 7.01756061972e-06, 7.93645358499e-06, 1.1585860193e-05, 2.78932657238e-06, 2.57713281826e-06, 1.29206318888e-06, 3.29577596858e-06, 3.56839336746e-07, 3.22339673176e-07, 2.07819070397e-07, 1.79193889949e-07, 8.26477801752e-08, 1.95780671675e-07, 1.81534559829e-07, 6.87235583996e-08, 1.26687055513e-07, 1.03679269614e-07, 1.26280061963e-08, 1.76673997654e-09, 1.57938481737e-10, 1.51872533104e-13, 2.83033518226e-15], "min": [6.92286991621e-11, 8.47826031602e-10, 1.46010648017e-10, 2.6025046701e-11, 8.9075982701e-11, 4.08407821451e-11, 2.29398149781e-11, 1.42435421097e-11, 1.42158758723e-11, 9.66908757921e-12, 6.91228888364e-12, 6.47199524875e-12, 5.24228663951e-12, 4.14282150252e-12, 3.45901887862e-12, 3.29000346931e-12, 2.50559946055e-12, 2.37332571131e-12, 2.28258557888e-12, 2.20721010913e-12, 2.08219075662e-12, 1.59954233019e-12, 9.88664879131e-13, 1.14166618867e-12, 1.38938166527e-12, 1.15634628609e-12, 1.78244452618e-12], "dmean": [2.38796178564e-06, 0.000131883920403, 0.000748893711716, 0.00106893654447, 0.00181721174158, 0.000595110061113, 0.000457371002994, 0.000475850800285, 0.000217544060433, 0.000198668712983, 0.000110610402771, 0.000171482868609, 0.000102194309875, 9.06198183657e-05, 6.64037506795e-05, 5.10841964569e-05, 4.21166987508e-05, 4.57789610664e-05, 4.56232519355e-05, 3.39878752129e-05, 3.87059553759e-05, 2.96610978694e-05, 1.20129916468e-05, 4.91192713525e-06, 1.46862657857e-06, 4.62995153327e-08, 3.26786087079e-09], "mean": [2.79793289337e-06, 0.000191959785298, 0.00113397161476, 0.00216566142626, 0.00505873421207, 0.00126352428924, 0.000858850893565, 0.000989179941826, 0.000444829842309, 0.000457022542832, 0.000209538760828, 0.000353694224032, 0.000165294928593, 0.000158438910148, 0.000117633295304, 9.72802154138e-05, 7.91890561231e-05, 9.62743579294e-05, 9.28552399273e-05, 6.43237799522e-05, 7.45287834434e-05, 6.26994806225e-05, 2.49415224971e-05, 1.01593004729e-05, 3.04655577565e-06, 1.17574437297e-07, 7.75766917371e-09], "max": [0.000180932576768, 0.033930528909, 0.264831125736, 0.125817403197, 0.226473033428, 0.0578974224627, 0.0597889795899, 0.0625642240047, 0.0399655103683, 0.0254813730717, 0.0475679263473, 0.0584962777793, 0.0114372344688, 0.0101135289297, 0.00880087632686, 0.0125936549157, 0.00458239484578, 0.00905103050172, 0.00715031707659, 0.0057237339206, 0.00768159003928, 0.0094434376806, 0.00225498317741, 0.000804734881967, 0.000209536199691, 6.05366858508e-06, 3.71426972379e-06], "dmean2": [4.11035307479e-06, 0.000206083015655, 0.00114291766658, 0.0016075145686, 0.00263841287233, 0.000913481344469, 0.000647610460874, 0.000638469995465, 0.000299778883345, 0.000289412681013, 0.00016480233171, 0.000250198150752, 0.000156414535013, 0.000141499942401, 0.00010443363135, 7.81624330557e-05, 6.71133529977e-05, 7.58500245865e-05, 7.23012926755e-05, 5.1647235523e-05, 5.6986034906e-05, 4.31746630056e-05, 1.72524578375e-05, 6.7600303737e-06, 2.02548085326e-06, 6.86282177753e-08, 5.51061640763e-09], "median": [1.19418257327e-06, 2.13323964999e-05, 0.000112598165288, 0.00032496091444, 0.000720130163245, 0.000515190593433, 9.52246336965e-05, 7.72984494688e-05, 3.47780551238e-05, 2.65628350462e-05, 1.243317638e-05, 1.57910781127e-05, 5.70844076719e-06, 4.8727383728e-06, 2.52268660006e-06, 2.27708005696e-06, 1.60220974976e-06, 1.14735883017e-06, 7.98173516614e-07, 7.56109784561e-07, 6.19301886218e-07, 4.71285119374e-07, 1.74779628992e-07, 9.25302927612e-08, 6.33288053109e-08, 2.36877504278e-08, 7.47213757535e-09], "dvar": [3.82895624929e-11, 8.27033318274e-07, 3.06347392325e-05, 1.35960872285e-05, 4.32430424553e-05, 2.42999931288e-06, 3.12545330416e-06, 3.4642916944e-06, 7.19985166597e-07, 5.50035963442e-07, 3.39081111633e-07, 9.69026359599e-07, 1.55459773055e-07, 1.29842106844e-07, 7.71939738797e-08, 5.94188840353e-08, 3.02816971498e-08, 7.00003468523e-08, 5.53730679087e-08, 2.80037415479e-08, 4.03659434767e-08, 2.64984763021e-08, 3.04824432362e-09, 4.81538864339e-10, 4.54564094698e-11, 4.43695407292e-14, 5.64724023363e-15]}, "melbands_skewness": {"dvar2": 1.26251780987, "var": 3.1071498394, "min": -1.96082019806, "dmean": 0.611834704876, "mean": 2.14948749542, "max": 17.863986969, "dmean2": 0.930651783943, "median": 1.81067335606, "dvar": 0.590599298477}, "barkbands_skewness": {"dvar2": 1.29284727573, "var": 3.44535326958, "min": -3.88838601112, "dmean": 0.61745518446, "mean": 2.05096173286, "max": 24.452129364, "dmean2": 0.924988925457, "median": 1.80445659161, "dvar": 0.634503424168}, "erbbands": {"dvar2": [0.000395491544623, 0.241804897785, 49.9398956299, 151.143783569, 1053.05029297, 1248.32897949, 479.442626953, 407.534759521, 551.194580078, 3453.13891602, 1678.00805664, 643.760192871, 1134.57348633, 622.708251953, 1211.9942627, 3561.79174805, 754.156982422, 466.581604004, 541.809326172, 335.638885498, 324.057373047, 222.620162964, 517.394836426, 496.099700928, 133.283065796, 110.352149963, 200.39302063, 106.353042603, 75.6322250366, 16.9430770874, 3.40177035332, 0.744065105915, 0.143004879355, 0.020704915747, 0.00167534709908, 1.29629324874e-05, 7.93924357367e-08, 6.51028342347e-09, 3.49077100559e-10, 2.59555626991e-10], "var": [0.000329481525114, 0.129565298557, 24.618680954, 199.680755615, 2149.74951172, 4261.45654297, 929.270996094, 534.114257812, 759.887817383, 4434.44091797, 3968.7409668, 1228.3482666, 3883.87670898, 701.126586914, 2528.84741211, 6806.90576172, 780.291503906, 757.543395996, 605.758666992, 441.732818604, 484.050048828, 282.587280273, 559.816040039, 579.575012207, 266.003326416, 152.466537476, 211.368911743, 215.815887451, 150.703613281, 42.8839988708, 8.27900028229, 1.50120031834, 0.297850608826, 0.0421551279724, 0.00319924135692, 3.1361629226e-05, 9.33896231459e-08, 1.46791012678e-09, 1.97500724108e-10, 7.09804437449e-10], "min": [2.03387813258e-08, 1.28001047983e-07, 1.78209859314e-07, 2.24175835228e-07, 1.54020284526e-07, 2.92779105848e-07, 3.23411455838e-07, 3.19792007986e-07, 3.292227575e-07, 3.30163857143e-07, 3.19417210903e-07, 3.16298837788e-07, 3.16187168892e-07, 2.93410636232e-07, 2.90249033696e-07, 2.55368831859e-07, 2.46320269071e-07, 2.13608373656e-07, 2.06668943292e-07, 1.718367173e-07, 1.79169333592e-07, 1.44544415548e-07, 1.32492942839e-07, 1.15217346774e-07, 1.09587816155e-07, 1.06603692984e-07, 9.24551102344e-08, 7.61675877925e-08, 5.6424120487e-08, 4.76616790479e-08, 2.46055940067e-08, 2.45662263865e-08, 1.78408399165e-08, 1.23686598741e-08, 1.18150440542e-08, 5.27007282258e-09, 2.25979923663e-09, 6.57278731442e-10, 2.51045684241e-10, 3.40609693228e-11], "dmean": [0.00210451590829, 0.0439810603857, 0.592252194881, 2.27747368813, 5.84824371338, 6.12238121033, 4.91210365295, 5.00506830215, 5.37794542313, 9.06642818451, 7.96253490448, 5.05296516418, 6.60196876526, 4.23013782501, 5.43733453751, 6.40143251419, 4.55565309525, 4.05369901657, 3.78803181648, 2.8571062088, 2.64872908592, 2.26058602333, 2.47761821747, 2.49634432793, 1.67134571075, 1.52790164948, 1.75024437904, 1.41202938557, 1.1405339241, 0.64085829258, 0.303769558668, 0.139082551003, 0.0648363381624, 0.0243220664561, 0.00668420270085, 0.000624908541795, 3.4687553125e-05, 4.04334923587e-06, 2.3915656584e-06, 4.63540663986e-06], "mean": [0.00354169192724, 0.0664262250066, 0.908175468445, 4.79959774017, 14.1735458374, 16.1034259796, 11.7694826126, 10.9256572723, 10.9843473434, 18.5448436737, 17.3705368042, 10.5764732361, 16.2574157715, 9.0528345108, 11.6732597351, 13.1411771774, 8.01806354523, 7.9531750679, 7.06311988831, 5.75339174271, 5.20056152344, 4.73575210571, 5.30419492722, 5.16415023804, 3.77030801773, 3.0778632164, 3.16778492928, 2.77474284172, 2.30857491493, 1.4093067646, 0.638654172421, 0.283962726593, 0.135949626565, 0.050081115216, 0.0136730838567, 0.00155254348647, 0.000115955452202, 1.41839345815e-05, 8.81645610207e-06, 1.64241937455e-05], "max": [0.589638829231, 12.4257211685, 225.724380493, 224.695114136, 600.494873047, 1090.59912109, 854.000976562, 631.167541504, 492.988433838, 1369.28381348, 1149.43127441, 881.238891602, 1166.4107666, 633.243835449, 2182.59741211, 2917.86230469, 603.163452148, 391.68762207, 408.45501709, 381.367095947, 758.974731445, 289.614837646, 499.921264648, 415.81451416, 365.838104248, 243.961990356, 294.471313477, 349.800415039, 361.675476074, 116.972824097, 66.5338592529, 26.0964832306, 10.2260456085, 3.383715868, 1.11901772022, 0.0765625238419, 0.0068070278503, 0.00235807802528, 0.000539133267011, 0.000339578982675], "dmean2": [0.00337941362523, 0.068265132606, 0.907385408878, 3.39074587822, 8.64987850189, 8.54215240479, 7.50471973419, 7.71178102493, 7.77506160736, 12.7073745728, 10.5291128159, 6.84179592133, 9.09063243866, 6.31889533997, 7.98216152191, 9.2152299881, 6.92336702347, 6.15594053268, 5.86761617661, 4.4207701683, 4.0870256424, 3.58499550819, 3.97687387466, 4.07893562317, 2.58660197258, 2.32847809792, 2.61108732224, 2.01622080803, 1.64454448223, 0.938663184643, 0.41854006052, 0.196147382259, 0.0877905040979, 0.0336044020951, 0.00929568056017, 0.000863929395564, 4.96060529258e-05, 6.37594803266e-06, 3.48203820977e-06, 6.65134894007e-06], "median": [0.000575145415496, 0.00908964965492, 0.130128532648, 0.765897929668, 1.67451202869, 1.99137437344, 3.83523750305, 4.58485841751, 2.26615023613, 1.84691095352, 1.64902281761, 1.07298088074, 0.973313391209, 0.752206027508, 0.814661860466, 0.494911789894, 0.341704010963, 0.272871285677, 0.21759018302, 0.151744350791, 0.134092673659, 0.106634356081, 0.0719994008541, 0.0522126369178, 0.0388981439173, 0.0370514914393, 0.0310226026922, 0.0196667294949, 0.0171022806317, 0.0112375887111, 0.0045098210685, 0.0022791235242, 0.0014046842698, 0.000776679138653, 0.00042902759742, 0.000153718108777, 3.71402820747e-05, 9.18447040021e-06, 3.56897089659e-06, 5.58347528568e-06], "dvar": [0.000154776585987, 0.103309571743, 21.8371162415, 69.1817703247, 496.802337646, 780.146728516, 249.610244751, 190.884124756, 280.108917236, 1699.11108398, 1029.40014648, 380.89050293, 688.244018555, 264.359100342, 696.549377441, 1969.60656738, 321.986450195, 215.240493774, 221.62991333, 136.557067871, 155.001831055, 83.9359817505, 187.38822937, 192.123016357, 59.9492111206, 52.7111778259, 91.8837432861, 59.6697120667, 41.033618927, 9.38638687134, 2.01557993889, 0.419627964497, 0.082061804831, 0.0122755197808, 0.000969446147792, 7.87064163887e-06, 3.36154322156e-08, 2.455069259e-09, 1.37477002005e-10, 1.25658358718e-10]}, "silence_rate_30dB": {"dvar2": 0.0215303003788, "var": 0.015168693848, "min": 0, "dmean": 0.00950460787863, "mean": 0.984593212605, "max": 1, "dmean2": 0.0190119538456, "median": 1, "dvar": 0.0094150537625}, "melbands_spread": {"dvar2": 135.203765869, "var": 372.142547607, "min": 0.224376618862, "dmean": 3.19280266762, "mean": 11.1721611023, "max": 197.671737671, "dmean2": 4.6956653595, "median": 5.44916152954, "dvar": 83.6601028442}, "melbands_crest": {"dvar2": 16.3990859985, "var": 31.6348152161, "min": 2.64636349678, "dmean": 2.69918227196, "mean": 15.9732751846, "max": 34.1011352539, "dmean2": 4.32509469986, "median": 15.1470851898, "dvar": 6.60353040695}, "zerocrossingrate": {"dvar2": 7.45988654671e-05, "var": 0.000979497679509, "min": 0, "dmean": 0.00474998354912, "mean": 0.0310675539076, "max": 0.265625, "dmean2": 0.00528663070872, "median": 0.02099609375, "dvar": 8.90289084055e-05}, "barkbands_kurtosis": {"dvar2": 866.568481445, "var": 1188.79455566, "min": -1.9445823431, "dmean": 7.27105474472, "mean": 16.6338787079, "max": 878.737121582, "dmean2": 10.95175457, "median": 7.79623126984, "dvar": 456.010620117}, "spectral_flux": {"dvar2": 0.00106921291444, "var": 0.00142278661951, "min": 0.000235162995523, "dmean": 0.0131597947329, "mean": 0.039517108351, "max": 0.462009459734, "dmean2": 0.0212504863739, "median": 0.0274619217962, "dvar": 0.000420628464781}, "barkbands_crest": {"dvar2": 10.493724823, "var": 23.8149261475, "min": 2.70116305351, "dmean": 2.15104722977, "mean": 12.8827066422, "max": 26.7573375702, "dmean2": 3.43215298653, "median": 12.1265697479, "dvar": 4.37220287323}, "barkbands_flatness_db": {"dvar2": 0.000893692136742, "var": 0.0060879541561, "min": 0.0457254834473, "dmean": 0.0204613860697, "mean": 0.262799292803, "max": 0.540980935097, "dmean2": 0.0302301496267, "median": 0.268440067768, "dvar": 0.000443988479674}, "spectral_entropy": {"dvar2": 0.0917907506227, "var": 0.7362819314, "min": 3.8344950676, "dmean": 0.19577473402, "mean": 6.30381631851, "max": 9.01481437683, "dmean2": 0.28258651495, "median": 6.16573572159, "dvar": 0.0495461635292}, "pitch_salience": {"dvar2": 0.00859303679317, "var": 0.0193696767092, "min": 0.0697959661484, "dmean": 0.0620263963938, "mean": 0.534621119499, "max": 0.899457395077, "dmean2": 0.0998979881406, "median": 0.54447132349, "dvar": 0.00357665959746}, "erbbands_spread": {"dvar2": 175.441650391, "var": 281.13168335, "min": 0.917371630669, "dmean": 4.93185567856, "mean": 17.7579174042, "max": 130.926635742, "dmean2": 7.4851360321, "median": 12.5711765289, "dvar": 86.6936416626}, "dynamic_complexity": 5.98742580414, "spectral_contrast_valleys": {"dvar2": [0.317273944616, 0.197819426656, 0.190671309829, 0.190492153168, 0.159398421645, 0.0925122052431], "var": [0.635669052601, 0.678342223167, 1.15685451031, 1.70152795315, 1.93848669529, 1.17090582848], "min": [-19.4043521881, -19.3838920593, -18.7123260498, -18.60115242, -17.8371562958, -19.1937160492], "dmean": [0.409039825201, 0.320108264685, 0.305699497461, 0.290303587914, 0.255494982004, 0.200416445732], "mean": [-8.77818202972, -7.61127710342, -8.61254119873, -9.38205814362, -9.65916252136, -12.2383298874], "max": [-5.82749176025, -5.02264308929, -5.48394155502, -5.60711240768, -5.81528902054, -8.33668708801], "dmean2": [0.683300197124, 0.517554700375, 0.487683236599, 0.438782393932, 0.35542267561, 0.266344249249], "median": [-8.82024383545, -7.654296875, -8.75957012177, -9.53534698486, -9.94295024872, -12.7508955002], "dvar": [0.127873316407, 0.0933834910393, 0.0927855297923, 0.100396320224, 0.097975179553, 0.0747406408191]}, "hfc": {"dvar2": 27.294046402, "var": 153.835372925, "min": 3.53169298251e-07, "dmean": 1.89959013462, "mean": 7.26260757446, "max": 99.1352615356, "dmean2": 2.57427167892, "median": 1.95682859421, "dvar": 15.8187122345}, "spectral_kurtosis": {"dvar2": 139.321258545, "var": 326.413208008, "min": -1.13752567768, "dmean": 6.35268831253, "mean": 19.9925022125, "max": 128.662200928, "dmean2": 10.3946390152, "median": 14.8977279663, "dvar": 54.6101570129}, "mfcc": {"mean": [-815.232727051, 177.679794312, 23.7910938263, 13.8157320023, -11.2878780365, -0.0899694934487, -11.9997282028, -9.24435424805, -10.6147947311, -11.6935853958, -9.93971252441, -7.79945325851, -6.0903429985], "cov": [[11145.4423828, -2809.39111328, -2993.43603516, 392.551940918, -351.89163208, 417.148773193, -161.808197021, 318.016357422, 67.6072845459, 406.646789551, 221.444915771, 111.847137451, -95.763961792], [-2809.39111328, 2182.9074707, 635.098510742, -434.000244141, 212.057769775, -241.544784546, -53.1755599976, -124.536323547, -59.5726356506, -179.363723755, -55.9660873413, -34.4292144775, 25.2770309448], [-2993.43603516, 635.098510742, 1634.20910645, -26.7640857697, 63.107624054, 47.8283157349, 0.0187667235732, -69.2620239258, -15.2757110596, -150.58039856, -82.5221252441, -26.4523143768, -18.967962265], [392.551940918, -434.000244141, -26.7640857697, 597.442138672, 59.0641098022, 67.5284500122, 11.1369581223, -52.074546814, -29.6760845184, -11.3929519653, -8.67291355133, 5.71784639359, -25.3279533386], [-351.89163208, 212.057769775, 63.107624054, 59.0641098022, 353.463806152, -53.6190376282, -15.1735391617, -16.4031543732, -30.9360866547, -4.54313755035, -23.853811264, 0.385433316231, -18.9817886353], [417.148773193, -241.544784546, 47.8283157349, 67.5284500122, -53.6190376282, 275.600524902, 9.9839849472, 18.8440284729, 24.0460453033, -3.11352992058, 15.906373024, 3.81098794937, 1.97998249531], [-161.808197021, -53.1755599976, 0.0187667235732, 11.1369581223, -15.1735391617, 9.9839849472, 209.06137085, 36.0475502014, -27.8905925751, 5.13176774979, -11.6252574921, 19.0914936066, 24.9545631409], [318.016357422, -124.536323547, -69.2620239258, -52.074546814, -16.4031543732, 18.8440284729, 36.0475502014, 210.09197998, 48.029624939, -9.1294631958, -10.9599666595, -4.17997312546, 4.88709545135], [67.6072845459, -59.5726356506, -15.2757110596, -29.6760845184, -30.9360866547, 24.0460453033, -27.8905925751, 48.029624939, 164.871459961, 24.3482055664, -6.738966465, 7.67240905762, 3.5721206665], [406.646789551, -179.363723755, -150.58039856, -11.3929519653, -4.54313755035, -3.11352992058, 5.13176774979, -9.1294631958, 24.3482055664, 171.651947021, 43.5482788086, 7.67497158051, 13.0785388947], [221.444915771, -55.9660873413, -82.5221252441, -8.67291355133, -23.853811264, 15.906373024, -11.6252574921, -10.9599666595, -6.738966465, 43.5482788086, 126.969665527, 31.1248607635, -0.792991757393], [111.847137451, -34.4292144775, -26.4523143768, 5.71784639359, 0.385433316231, 3.81098794937, 19.0914936066, -4.17997312546, 7.67240905762, 7.67497158051, 31.1248607635, 123.179656982, 39.8293113708], [-95.763961792, 25.2770309448, -18.967962265, -25.3279533386, -18.9817886353, 1.97998249531, 24.9545631409, 4.88709545135, 3.5721206665, 13.0785388947, -0.792991757393, 39.8293113708, 132.596343994]], "icov": [[0.00030046881875, 0.000165286634001, 0.000463194126496, -3.30573275278e-05, 0.000110421911813, -0.000382122234441, 0.000393078982597, -0.000313972268486, 0.000255006249063, -0.000238899490796, 9.95564114419e-05, -0.000314117700327, 0.000316194142215], [0.000165286634001, 0.000956112868153, 2.52253539657e-05, 0.000632847310044, -0.000447114289273, 0.000316418329021, 0.000216247775825, 0.000394179631257, 7.28413579054e-05, 0.000714613473974, -0.000145431462443, 0.000106573002995, -0.000167686652276], [0.000463194126496, 2.52253539657e-05, 0.00148259010166, -0.000112820809591, 0.00015954580158, -0.000927779823542, 0.00051392102614, -0.000286597962258, 0.000301601627143, -7.83086670708e-06, 0.000469306483865, -0.000485919677885, 0.000612206524238], [-3.30573275278e-05, 0.000632847310044, -0.000112820809591, 0.00235729734413, -0.000744285411201, -0.000164031167515, -0.000221173846512, 0.000981222372502, 0.000101311321487, 0.000784825591836, 9.75067305262e-05, 3.58302422683e-05, 0.000100667748484], [0.000110421911813, -0.000447114289273, 0.00015954580158, -0.000744285411201, 0.00347439502366, 0.000175169247086, 0.000500572961755, -0.000594163604546, 0.000746223086026, -0.000931304763071, 0.000827161711641, -0.000713357701898, 0.000759068701882], [-0.000382122234441, 0.000316418329021, -0.000927779823542, -0.000164031167515, 0.000175169247086, 0.0048624672927, -0.000662081700284, 0.000343530147802, -0.000927064626012, 0.000940611935221, -0.000958214863203, 0.000679012387991, -0.000713432207704], [0.000393078982597, 0.000216247775825, 0.00051392102614, -0.000221173846512, 0.000500572961755, -0.000662081700284, 0.00601611658931, -0.00172951386776, 0.00190071947873, -0.00100656913128, 0.00109604443423, -0.00140416866634, -0.000236587555264], [-0.000313972268486, 0.000394179631257, -0.000286597962258, 0.000981222372502, -0.000594163604546, 0.000343530147802, -0.00172951386776, 0.00644077127799, -0.00219749496318, 0.00168991775718, -0.00010159167141, 0.00100696168374, -0.000568112998735], [0.000255006249063, 7.28413579054e-05, 0.000301601627143, 0.000101311321487, 0.000746223086026, -0.000927064626012, 0.00190071947873, -0.00219749496318, 0.00765341985971, -0.00184494606219, 0.0014071095502, -0.00136335147545, 0.000470460741781], [-0.000238899490796, 0.000714613473974, -7.83086670708e-06, 0.000784825591836, -0.000931304763071, 0.000940611935221, -0.00100656913128, 0.00168991775718, -0.00184494606219, 0.00829480122775, -0.00272648734972, 0.00129002914764, -0.00135244207922], [9.95564114419e-05, -0.000145431462443, 0.000469306483865, 9.75067305262e-05, 0.000827161711641, -0.000958214863203, 0.00109604443423, -0.00010159167141, 0.0014071095502, -0.00272648734972, 0.0100897504017, -0.0030789040029, 0.00133177638054], [-0.000314117700327, 0.000106573002995, -0.000485919677885, 3.58302422683e-05, -0.000713357701898, 0.000679012387991, -0.00140416866634, 0.00100696168374, -0.00136335147545, 0.00129002914764, -0.0030789040029, 0.0104566235095, -0.00344484345987], [0.000316194142215, -0.000167686652276, 0.000612206524238, 0.000100667748484, 0.000759068701882, -0.000713432207704, -0.000236587555264, -0.000568112998735, 0.000470460741781, -0.00135244207922, 0.00133177638054, -0.00344484345987, 0.00925705209374]]}, "silence_rate_20dB": {"dvar2": 0, "var": 0, "min": 1, "dmean": 0, "mean": 1, "max": 1, "dmean2": 0, "median": 1, "dvar": 0}, "melbands_kurtosis": {"dvar2": 602.457641602, "var": 700.975585938, "min": -1.89684033394, "dmean": 7.13389778137, "mean": 16.3580780029, "max": 481.931549072, "dmean2": 11.0024118423, "median": 8.35450553894, "dvar": 275.07901001}, "barkbands_spread": {"dvar2": 47.8947257996, "var": 102.287071228, "min": 0.057943444699, "dmean": 2.23236370087, "mean": 7.53235292435, "max": 85.0536499023, "dmean2": 3.28404951096, "median": 4.2279920578, "dvar": 26.1893501282}, "erbbands_skewness": {"dvar2": 0.543207168579, "var": 2.05992984772, "min": -5.75707530975, "dmean": 0.450033515692, "mean": 1.34998619556, "max": 8.86820793152, "dmean2": 0.66149276495, "median": 1.33207857609, "dvar": 0.284406155348}, "average_loudness": 0.115204155445, "spectral_centroid": {"dvar2": 100298.679688, "var": 494253.625, "min": 139.132659912, "dmean": 113.941299438, "mean": 671.653320312, "max": 5051.35351562, "dmean2": 159.38671875, "median": 419.22833252, "dvar": 66678.453125}, "dissonance": {"dvar2": 0.00399888120592, "var": 0.00459053460509, "min": 0.13933108747, "dmean": 0.0376264229417, "mean": 0.396939635277, "max": 0.500000059605, "dmean2": 0.063267968595, "median": 0.405835747719, "dvar": 0.00143371359445}, "erbbands_flatness_db": {"dvar2": 0.000549321819562, "var": 0.00287558115087, "min": 0.0635550022125, "dmean": 0.016180364415, "mean": 0.2650154531, "max": 0.455070048571, "dmean2": 0.0235480740666, "median": 0.267296046019, "dvar": 0.000283782050246}, "spectral_strongpeak": {"dvar2": 0.745607435703, "var": 0.866960525513, "min": 0, "dmean": 0.301434904337, "mean": 0.796320557594, "max": 11.2636671066, "dmean2": 0.484271645546, "median": 0.455646306276, "dvar": 0.304823875427}, "spectral_rms": {"dvar2": 8.01557462182e-07, "var": 5.16791806149e-06, "min": 1.72885279426e-06, "dmean": 0.000441353215137, "mean": 0.00294326990843, "max": 0.0174738559872, "dmean2": 0.000629302987363, "median": 0.00214693159796, "dvar": 4.26113103913e-07}, "silence_rate_60dB": {"dvar2": 0.116219624877, "var": 0.240435659885, "min": 0, "dmean": 0.0570276491344, "mean": 0.402159839869, "max": 1, "dmean2": 0.113927699625, "median": 0, "dvar": 0.0537789911032}, "melbands": {"dvar2": [7.02213966974e-08, 7.14237648936e-06, 5.70044585402e-06, 5.72002090848e-06, 6.3989142518e-07, 1.85972893973e-07, 1.40950021432e-07, 4.03771167612e-07, 8.5403456751e-08, 2.74416276369e-08, 2.94678574875e-08, 1.14346248026e-08, 1.19990053449e-08, 2.52493741471e-08, 9.78134107044e-09, 4.06484446103e-09, 2.11926942661e-09, 1.99117966559e-09, 1.29604371679e-09, 7.84295239864e-10, 4.45325887277e-10, 2.48444764761e-10, 9.61922319576e-10, 2.48017079096e-10, 4.48391379582e-10, 1.52882387305e-10, 5.93344609556e-11, 6.15130585357e-11, 9.88568116256e-11, 5.45168840627e-11, 4.027113365e-11, 3.5336327614e-11, 1.49889649304e-11, 4.74008115744e-12, 1.54230426173e-12, 6.63621393081e-13, 2.56281839283e-13, 1.1513680905e-13, 3.2310200522e-14, 1.38807676697e-14], "var": [5.3313275572e-08, 3.54969029104e-06, 9.00470058696e-06, 1.47822793224e-05, 2.1524128897e-06, 2.51108559723e-07, 2.0314843141e-07, 5.48111870557e-07, 2.18255308937e-07, 5.39687690093e-08, 9.70370876985e-08, 1.16521476912e-08, 2.88134298643e-08, 4.6413369148e-08, 1.2925292836e-08, 3.86459486634e-09, 2.84602696965e-09, 1.88492377262e-09, 1.31208965914e-09, 9.25456933309e-10, 5.89708781806e-10, 2.5074595178e-10, 7.66411822894e-10, 3.136987059e-10, 4.44187131521e-10, 2.49764320337e-10, 7.41917499658e-11, 7.26868565337e-11, 8.85747308832e-11, 7.4732810218e-11, 8.03023966767e-11, 5.99498853338e-11, 2.66601705989e-11, 9.24907633121e-12, 3.21964915666e-12, 1.08023279991e-12, 4.28966161637e-13, 1.8192766087e-13, 6.25867020427e-14, 2.22988961958e-14], "min": [2.13435019658e-10, 1.17693785273e-10, 4.01009399298e-11, 2.04900419548e-11, 1.15330722403e-11, 7.34234808369e-12, 5.02504027972e-12, 3.52873633092e-12, 2.5587934549e-12, 1.96667725508e-12, 1.56768131462e-12, 1.19011603957e-12, 9.77685597411e-13, 7.55535716455e-13, 5.9582352073e-13, 5.04299401717e-13, 3.81221367408e-13, 3.42689472719e-13, 2.51937386968e-13, 2.1959545998e-13, 2.06447218262e-13, 1.51294477163e-13, 1.32159379469e-13, 1.04733780784e-13, 9.14415908986e-14, 8.68934508765e-14, 6.95504783865e-14, 7.15121186009e-14, 5.92184992449e-14, 5.0364047107e-14, 4.27468119495e-14, 3.04365907478e-14, 3.15475252801e-14, 2.44174763687e-14, 1.37600773332e-14, 1.47203263983e-14, 1.4180950217e-14, 1.23671833205e-14, 1.10120576598e-14, 1.00452381602e-14], "dmean": [2.68780058832e-05, 0.000225887066335, 0.000478495203424, 0.000447120983154, 0.000183327443665, 0.000111713583465, 8.37235202198e-05, 0.000103861100797, 5.87364847888e-05, 3.17171106872e-05, 3.33830103045e-05, 1.81424529728e-05, 1.65409564943e-05, 1.96167820832e-05, 1.28678075271e-05, 9.78407024377e-06, 8.11737299955e-06, 6.95139806339e-06, 4.97851306136e-06, 3.82074131267e-06, 3.09352162731e-06, 2.42772489401e-06, 3.10353107125e-06, 1.92523702935e-06, 2.27724444812e-06, 1.59159048962e-06, 1.12106874894e-06, 1.08241647467e-06, 1.18177683817e-06, 1.02176920791e-06, 8.15847442937e-07, 7.20916943919e-07, 5.31847035745e-07, 3.25383410882e-07, 1.95031361727e-07, 1.22325715779e-07, 7.9972352296e-08, 5.3396906452e-08, 3.05277474411e-08, 1.8520248446e-08], "mean": [4.17725241277e-05, 0.000342735642334, 0.00110242550727, 0.00116144085769, 0.000480626651552, 0.000242257257923, 0.000168023470906, 0.000217980370508, 0.000127237697598, 6.42875020276e-05, 8.05376330391e-05, 3.6428700696e-05, 3.430113793e-05, 4.11106702813e-05, 2.29373672482e-05, 1.62661872309e-05, 1.48745366459e-05, 1.18749921967e-05, 8.95429730008e-06, 7.05662023393e-06, 5.66269818592e-06, 4.5517849685e-06, 5.66166772842e-06, 3.99641521653e-06, 4.25645384894e-06, 3.20499657391e-06, 2.1556224965e-06, 1.98391808226e-06, 2.00334034162e-06, 1.77246340627e-06, 1.55852092121e-06, 1.37097129027e-06, 1.06860966298e-06, 6.51936318263e-07, 3.88025739539e-07, 2.34016155787e-07, 1.49285256157e-07, 1.04237649623e-07, 6.163289612e-08, 3.4953608008e-08], "max": [0.00603313092142, 0.0851277783513, 0.0473342500627, 0.0622399300337, 0.0275162085891, 0.0132513968274, 0.0089296689257, 0.0144330989569, 0.0080907214433, 0.00620704144239, 0.00563439680263, 0.00228805979714, 0.00741815706715, 0.00701376562938, 0.00353154027835, 0.00138343067374, 0.000850327778608, 0.000922883511521, 0.000763810065109, 0.00103322730865, 0.000829372613225, 0.000286113994662, 0.000660030695144, 0.000272128934739, 0.00038460129872, 0.00037234951742, 0.000160226743901, 0.000187959958566, 0.000201648595976, 0.000223132563406, 0.000234525155975, 0.000260400935076, 0.00010181851394, 5.64597357879e-05, 4.239010741e-05, 2.59956450464e-05, 1.44658351928e-05, 8.18699118099e-06, 4.48453374702e-06, 2.52431550507e-06], "dmean2": [4.19462630816e-05, 0.000345687090885, 0.000714840076398, 0.000639462203253, 0.000272517412668, 0.000170576677192, 0.000120139789942, 0.000143687720993, 7.81740091043e-05, 4.36664704466e-05, 4.65452940261e-05, 2.75206748483e-05, 2.44498205575e-05, 2.87195252895e-05, 1.97107565327e-05, 1.53296314238e-05, 1.25701672005e-05, 1.08505664684e-05, 7.90088142821e-06, 5.98854103373e-06, 4.78532092529e-06, 3.84382747143e-06, 5.05691696162e-06, 3.15761599268e-06, 3.74867568098e-06, 2.46636182055e-06, 1.75898617272e-06, 1.65015444509e-06, 1.78201651124e-06, 1.51341191668e-06, 1.19882554372e-06, 1.06957395474e-06, 7.97663574303e-07, 4.86887529405e-07, 2.73325099442e-07, 1.81276732292e-07, 1.13902792975e-07, 7.55051701162e-08, 4.22463024563e-08, 2.65838746571e-08], "median": [5.04139734403e-06, 4.09861240769e-05, 0.000180648188689, 0.000132954039145, 0.00013418130402, 9.84658981906e-05, 2.89862764475e-05, 1.86019296962e-05, 1.20882605188e-05, 5.11227790412e-06, 4.00858880312e-06, 2.81790426016e-06, 2.3639322535e-06, 1.79383050636e-06, 7.21066896858e-07, 5.78114850214e-07, 4.59087914351e-07, 3.46339049884e-07, 1.82293959483e-07, 1.69506293446e-07, 1.20309593399e-07, 1.01536343777e-07, 6.69072761639e-08, 4.79616950599e-08, 3.4900761392e-08, 2.76773928221e-08, 2.17521858303e-08, 2.1077596557e-08, 1.81043997571e-08, 1.26526424893e-08, 8.76937544803e-09, 8.50194492585e-09, 8.01244048887e-09, 4.52299975251e-09, 2.39685404857e-09, 1.54721357948e-09, 1.15682607937e-09, 9.97274041126e-10, 7.82506170971e-10, 5.96713289891e-10], "dvar": [2.94104935961e-08, 3.10548011839e-06, 2.56933185483e-06, 3.07864638671e-06, 3.58321585736e-07, 8.74052901167e-08, 7.56288045523e-08, 1.94337644643e-07, 5.35667972201e-08, 1.63240496676e-08, 1.75041723338e-08, 4.74651251636e-09, 7.40648076203e-09, 1.34829267751e-08, 4.9332111729e-09, 1.76459380441e-09, 9.36791755279e-10, 8.19225132176e-10, 5.05092356828e-10, 3.63823443594e-10, 2.0212402585e-10, 9.32581373236e-11, 3.48862938537e-10, 9.23731646729e-11, 1.72411973587e-10, 6.78430228662e-11, 2.61272756902e-11, 2.87105582364e-11, 4.31183387606e-11, 2.89148947841e-11, 2