{"metadata": {"tags": {"album": ["West End Girls (Live At The Mermaid Theatre)"], "tracknumber": ["4"], "genre": ["Pop"], "artist": ["Pet Shop Boys"], "date": ["2006"], "discnumber": ["1"], "title": ["The Sodom And Gomorrah Show (Live At The Mermaid Theatre)"], "file_name": "2067663.mp3", "musicbrainz_recordingid": ["0c330649-6594-488e-93bc-9e58d899c009"], "length": ["334"]}, "audio_properties": {"sample_rate": 44100, "downmix": "mix", "lossless": false, "analysis_sample_rate": 44100, "md5_encoded": "3eedb3ea2bbc18a683502462022fc2c2", "equal_loudness": 0, "replay_gain": -13.818397522, "codec": "mp3", "bit_rate": 256020, "length": 333.897155762}, "version": {"extractor": "music 1.0", "essentia_build_sha": "70f2e5ece6736b2c40cc944ad0e695b16b925413", "essentia_git_sha": "v2.1_beta2", "essentia": "2.1-beta2"}}, "rhythm": {"beats_loudness_band_ratio": {"dvar2": [0.0445690006018, 0.0269283242524, 0.0174739807844, 0.0142974825576, 0.0067215426825, 0.0257827155292], "var": [0.0867883339524, 0.0186908841133, 0.011409111321, 0.0123015502468, 0.00640888512135, 0.00840714015067], "min": [0.000360777688911, 0.00173563021235, 0.000710026884917, 0.000233447251958, 0.000331106857629, 0.000354020972736], "dmean": [0.129289641976, 0.102269925177, 0.0599729642272, 0.054785862565, 0.0285186506808, 0.0354289151728], "mean": [0.614942312241, 0.157581448555, 0.091414436698, 0.0827347114682, 0.0492185838521, 0.0414534173906], "max": [0.981220364571, 0.931405961514, 0.778922617435, 0.653141975403, 0.659557342529, 0.951321065426], "dmean2": [0.227137371898, 0.175463184714, 0.102869361639, 0.0949081107974, 0.0480284132063, 0.0643385648727], "median": [0.723950505257, 0.119157269597, 0.0503539517522, 0.0380373485386, 0.0214222967625, 0.0221533533186], "dvar": [0.0159309450537, 0.0099733248353, 0.00642140721902, 0.00562675716355, 0.00262994808145, 0.00986363366246]}, "bpm_histogram_first_peak_weight": {"dvar2": 0, "var": 0, "min": 0.594142258167, "dmean": 0, "mean": 0.594142258167, "max": 0.594142258167, "dmean2": 0, "median": 0.594142258167, "dvar": 0}, "bpm": 133.043731689, "beats_count": 718, "bpm_histogram_first_peak_spread": {"dvar2": 0, "var": 0, "min": 0.277966082096, "dmean": 0, "mean": 0.277966082096, "max": 0.277966082096, "dmean2": 0, "median": 0.277966082096, "dvar": 0}, "danceability": 1.10221326351, "bpm_histogram_first_peak_bpm": {"dvar2": 0, "var": 0, "min": 133, "dmean": 0, "mean": 133, "max": 133, "dmean2": 0, "median": 133, "dvar": 0}, "beats_position": [0.545668900013, 1.09133780003, 1.62539684772, 2.15945577621, 2.69351458549, 3.23918366432, 3.7732424736, 4.3073015213, 4.841360569, 5.38702917099, 5.94430828094, 6.5015873909, 7.04725599289, 7.59292507172, 8.12698364258, 8.66104316711, 9.2067117691, 9.74077033997, 10.2748298645, 10.8088884354, 11.3429479599, 11.8770065308, 12.3530158997, 12.8290243149, 13.3166437149, 13.8507022858, 14.3847618103, 14.9304304123, 15.4644899368, 15.9869384766, 16.5558280945, 17.1131057739, 17.6819953918, 18.2508831024, 18.8081626892, 19.3422222137, 19.8646717072, 20.3987293243, 20.9211788177, 21.4436283112, 21.9544658661, 22.523355484, 23.0806350708, 23.6495227814, 24.2184123993, 24.7756919861, 25.3445796967, 25.9134693146, 26.4823570251, 27.0628566742, 27.6433563232, 28.2238540649, 28.711473465, 29.199092865, 29.686712265, 30.1627197266, 30.6387290955, 31.1147384644, 31.5907478333, 32.0667572021, 32.5195465088, 32.9839439392, 33.4367332458, 33.8895225525, 34.3423118591, 34.7951011658, 35.2478904724, 35.7006797791, 36.1534690857, 36.5946464539, 37.0474357605, 37.5002250671, 37.9530143738, 38.4058036804, 38.8469848633, 39.2997741699, 39.7525634766, 40.2053489685, 40.6581382751, 41.1109275818, 41.5637168884, 42.0048980713, 42.4576873779, 42.9104766846, 43.3632659912, 43.8160552979, 44.2688446045, 44.7216300964, 45.1744194031, 45.6272087097, 46.0799980164, 46.532787323, 46.9739685059, 47.415145874, 47.8563270569, 48.297504425, 48.7619056702, 49.2146911621, 49.6674804688, 50.1202697754, 50.573059082, 51.0374603271, 51.4902496338, 51.9430389404, 52.3958282471, 52.8486175537, 53.2897949219, 53.7425842285, 54.1953735352, 54.6365509033, 55.08934021, 55.5421295166, 55.9949188232, 56.4477081299, 56.9004974365, 57.3532867432, 57.8060760498, 58.2588653564, 58.7000427246, 59.1528320312, 59.6056213379, 60.0584106445, 60.5111999512, 60.9639892578, 61.4167785645, 61.8579597473, 62.310749054, 62.7635345459, 63.2163238525, 63.6691131592, 64.1102905273, 64.5514755249, 64.9926528931, 65.4454421997, 65.8982315063, 66.351020813, 66.8038101196, 67.2565994263, 67.7093887329, 68.1621780396, 68.6265716553, 69.0793609619, 69.5321502686, 69.9849395752, 70.4377288818, 70.8905181885, 71.3433074951, 71.7960968018, 72.2372741699, 72.6900634766, 73.1428527832, 73.5956420898, 74.0484313965, 74.5012207031, 74.9540100098, 75.3951950073, 75.8479766846, 76.3007659912, 76.7535552979, 77.2063446045, 77.6591339111, 78.1119232178, 78.5531082153, 78.9942855835, 79.4470748901, 79.8998641968, 80.3526535034, 80.8054428101, 81.2582321167, 81.7110214233, 82.16381073, 82.6166000366, 83.0693893433, 83.5221786499, 83.9749679565, 84.4277572632, 84.8689346313, 85.321723938, 85.7745132446, 86.2156906128, 86.6684799194, 87.1212692261, 87.5740585327, 88.0268478394, 88.479637146, 88.9324264526, 89.3736038208, 89.8263931274, 90.2791824341, 90.7319717407, 91.1847610474, 91.637550354, 92.0903396606, 92.5315170288, 92.9843063354, 93.4370956421, 93.8898849487, 94.3426742554, 94.795463562, 95.2482528687, 95.6894302368, 96.1422195435, 96.5950088501, 97.0477981567, 97.5005874634, 97.9417648315, 98.3945541382, 98.8473434448, 99.288520813, 99.7413101196, 100.194099426, 100.658500671, 101.122901917, 101.564079285, 102.016868591, 102.469657898, 102.922447205, 103.375236511, 103.816413879, 104.257591248, 104.698776245, 105.163169861, 105.604354858, 106.068748474, 106.509933472, 106.962722778, 107.415504456, 107.879905701, 108.321083069, 108.773872375, 109.226661682, 109.66784668, 110.120635986, 110.573425293, 111.0262146, 111.479003906, 111.943397522, 112.38457489, 112.837364197, 113.290153503, 113.74294281, 114.195732117, 114.648521423, 115.10131073, 115.542495728, 115.995285034, 116.448066711, 116.889251709, 117.342041016, 117.794830322, 118.259223938, 118.700408936, 119.164802551, 119.605987549, 120.047164917, 120.499954224, 120.95274353, 121.405532837, 121.858322144, 122.31111145, 122.763900757, 123.216690063, 123.66947937, 124.122268677, 124.575057983, 125.016235352, 125.45741272, 125.910202026, 126.362991333, 126.81578064, 127.268569946, 127.721359253, 128.17414856, 128.626937866, 129.079727173, 129.532516479, 129.985305786, 130.426483154, 130.879272461, 131.332061768, 131.784851074, 132.237640381, 132.690429688, 133.143218994, 133.584396362, 134.037185669, 134.489974976, 134.942764282, 135.395553589, 135.848342896, 136.301132202, 136.74230957, 137.195098877, 137.647888184, 138.089065552, 138.541854858, 138.994644165, 139.45904541, 139.911834717, 140.364624023, 140.805801392, 141.258590698, 141.711380005, 142.164169312, 142.616958618, 143.058135986, 143.510925293, 143.9637146, 144.416503906, 144.869293213, 145.32208252, 145.774871826, 146.216049194, 146.668838501, 147.121627808, 147.586029053, 148.027206421, 148.468383789, 148.921173096, 149.373962402, 149.826751709, 150.279541016, 150.720718384, 151.185119629, 151.637908936, 152.090698242, 152.53187561, 152.973052979, 153.437454224, 153.89024353, 154.343032837, 154.784210205, 155.236999512, 155.689788818, 156.142578125, 156.595367432, 157.0365448, 157.489334106, 157.942123413, 158.39491272, 158.847702026, 159.312103271, 159.75328064, 160.194458008, 160.647247314, 161.100036621, 161.552825928, 162.005615234, 162.470016479, 162.911193848, 163.352371216, 163.816772461, 164.257949829, 164.710739136, 165.163528442, 165.627929688, 166.069107056, 166.510284424, 166.96307373, 167.415863037, 167.868652344, 168.32144165, 168.774230957, 169.227020264, 169.67980957, 170.132598877, 170.585388184, 171.03817749, 171.479354858, 171.932144165, 172.384933472, 172.837722778, 173.290512085, 173.731704712, 174.184494019, 174.637283325, 175.078460693, 175.53125, 175.984039307, 176.448425293, 176.9012146, 177.354003906, 177.795196533, 178.24798584, 178.700775146, 179.153549194, 179.606338501, 180.047531128, 180.500320435, 180.941497803, 181.394287109, 181.847076416, 182.299865723, 182.752655029, 183.217056274, 183.669830322, 184.122619629, 184.575408936, 185.016601562, 185.457778931, 185.910568237, 186.363357544, 186.816146851, 187.268936157, 187.721725464, 188.174514771, 188.627304077, 189.080093384, 189.53288269, 189.985671997, 190.426849365, 190.879638672, 191.332427979, 191.773605347, 192.226394653, 192.67918396, 193.120361328, 193.584762573, 194.03755188, 194.478729248, 194.931518555, 195.384307861, 195.837097168, 196.289886475, 196.742675781, 197.183853149, 197.625030518, 198.089431763, 198.553833008, 199.006622314, 199.447799683, 199.900588989, 200.341766357, 200.782943726, 201.247344971, 201.700134277, 202.152923584, 202.594100952, 203.046890259, 203.499679565, 203.952468872, 204.405258179, 204.858047485, 205.310836792, 205.763626099, 206.216415405, 206.657592773, 207.11038208, 207.563171387, 208.015960693, 208.46875, 208.921539307, 209.374328613, 209.82711792, 210.279907227, 210.732696533, 211.18548584, 211.626663208, 212.079452515, 212.532241821, 212.973419189, 213.426208496, 213.878997803, 214.331787109, 214.784576416, 215.237365723, 215.690155029, 216.142944336, 216.595733643, 217.048522949, 217.501312256, 217.942489624, 218.395278931, 218.848068237, 219.300857544, 219.753646851, 220.206436157, 220.659225464, 221.100402832, 221.553192139, 222.005981445, 222.447158813, 222.89994812, 223.352737427, 223.805526733, 224.25831604, 224.699493408, 225.140670776, 225.581848145, 226.057861328, 226.533874512, 227.021499634, 227.462677002, 227.90385437, 228.345031738, 228.786209106, 229.238998413, 229.69178772, 230.132965088, 230.574142456, 231.015319824, 231.468109131, 231.920898438, 232.373687744, 232.826477051, 233.279266357, 233.732055664, 234.184844971, 234.637634277, 235.090423584, 235.543212891, 235.996002197, 236.448791504, 236.889968872, 237.342758179, 237.795547485, 238.248336792, 238.701126099, 239.142303467, 239.595092773, 240.04788208, 240.500671387, 240.953460693, 241.40625, 241.859039307, 242.311828613, 242.76461792, 243.205795288, 243.658584595, 244.111373901, 244.564163208, 245.016952515, 245.469741821, 245.922531128, 246.363708496, 246.816497803, 247.269287109, 247.722076416, 248.174865723, 248.616043091, 249.068832397, 249.521621704, 249.962814331, 250.415603638, 250.868392944, 251.332778931, 251.785568237, 252.238357544, 252.691146851, 253.143936157, 253.585113525, 254.037902832, 254.490692139, 254.943481445, 255.396270752, 255.849060059, 256.301849365, 256.743041992, 257.184204102, 257.636993408, 258.089782715, 258.542572021, 258.995361328, 259.448150635, 259.900939941, 260.365356445, 260.806518555, 261.259307861, 261.712097168, 262.153289795, 262.606079102, 263.058868408, 263.523254395, 263.964447021, 264.417236328, 264.870025635, 265.311187744, 265.775604248, 266.216766357, 266.681182861, 267.122344971, 267.575134277, 268.027923584, 268.469116211, 268.91027832, 269.363067627, 269.815856934, 270.26864624, 270.721435547, 271.174224854, 271.62701416, 272.079803467, 272.532592773, 272.9737854, 273.438171387, 273.890960693, 274.34375, 274.784942627, 275.226104736, 275.678894043, 276.13168335, 276.584472656, 277.037261963, 277.49005127, 277.942840576, 278.395629883, 278.848419189, 279.289611816, 279.753997803, 280.206787109, 280.659576416, 281.112365723, 281.565155029, 282.017944336, 282.459136963, 282.91192627, 283.353088379, 283.805877686, 284.258666992, 284.699859619, 285.164245605, 285.605438232, 286.058227539, 286.511016846, 286.963806152, 287.416595459, 287.869384766, 288.322174072, 288.774963379, 289.227752686, 289.680541992, 290.133331299, 290.586120605, 291.038909912, 291.491699219, 291.932861328, 292.385650635, 292.826843262, 293.279632568, 293.732421875, 294.185211182, 294.638000488, 295.090789795, 295.543579102, 296.007965088, 296.460754395, 296.925170898, 297.389556885, 297.865570068, 298.329986572, 298.805969238, 299.281982422, 299.757995605, 300.30368042, 300.849334717, 301.395019531, 301.940673828, 302.486358643, 303.043609619, 303.577667236, 304.111755371, 304.680633545, 305.249511719, 305.81842041, 306.387298584, 306.956176758, 307.525085449, 308.093963623, 308.662841797, 309.243347168, 309.800628662, 310.357910156, 310.891967773, 311.426025391, 311.960083008, 312.459320068, 312.946929932, 313.434539795, 313.933776855, 314.433013916, 314.932250977, 315.43145752, 315.93069458, 316.44152832, 316.998809814, 317.544494629, 318.101776123, 318.64743042, 319.193115234, 319.692321777, 320.203155518, 320.725616455, 321.248077393, 321.758911133, 322.269744873, 322.780578613, 323.291412354, 323.802276611, 324.278259277, 324.754272461, 325.230285645, 325.706298828, 326.193908691, 326.681549072, 327.157531738, 327.645172119, 328.121185303, 328.562347412, 329.003540039, 329.444702148, 329.897491455, 330.373504639, 330.849517822, 331.325531006, 331.801544189, 332.277557373, 332.753540039, 333.229553223], "beats_loudness": {"dvar2": 0.0015202636132, "var": 0.00189711654093, "min": 2.41624752562e-06, "dmean": 0.0228376798332, "mean": 0.0661834701896, "max": 0.166914835572, "dmean2": 0.0405514426529, "median": 0.072870016098, "dvar": 0.000527061172761}, "bpm_histogram_second_peak_weight": {"dvar2": 0, "var": 0, "min": 0.0362622030079, "dmean": 0, "mean": 0.0362622030079, "max": 0.0362622030079, "dmean2": 0, "median": 0.0362622030079, "dvar": 0}, "bpm_histogram_second_peak_spread": {"dvar2": 0, "var": 0, "min": 0.277777791023, "dmean": 0, "mean": 0.277777791023, "max": 0.277777791023, "dmean2": 0, "median": 0.277777791023, "dvar": 0}, "bpm_histogram_second_peak_bpm": {"dvar2": 0, "var": 0, "min": 126, "dmean": 0, "mean": 126, "max": 126, "dmean2": 0, "median": 126, "dvar": 0}, "onset_rate": 3.67459273338}, "lowlevel": {"spectral_energyband_high": {"dvar2": 1.09530492409e-06, "var": 1.81185907877e-06, "min": 7.56103179715e-21, "dmean": 0.000367533735698, "mean": 0.00088624766795, "max": 0.0129707492888, "dmean2": 0.00054201472085, "median": 0.000428690051194, "dvar": 5.14421913067e-07}, "spectral_energyband_middle_low": {"dvar2": 0.000200853872229, "var": 0.000145710044308, "min": 2.96709216193e-22, "dmean": 0.00504908990115, "mean": 0.0136640509591, "max": 0.141846090555, "dmean2": 0.00831561069936, "median": 0.0118346260861, "dvar": 7.55234068492e-05}, "spectral_energy": {"dvar2": 0.00133761914913, "var": 0.00100424455013, "min": 1.04087214171e-20, "dmean": 0.0127155743539, "mean": 0.0357373505831, "max": 0.247087553144, "dmean2": 0.0200158972293, "median": 0.0324933938682, "dvar": 0.000568481220398}, "spectral_spread": {"dvar2": 1008460693500.0, "var": 2489602015230.0, "min": 1458904.375, "dmean": 558865.75, "mean": 5053107, "max": 40728640, "dmean2": 800995.75, "median": 4692782.5, "dvar": 565828059136}, "spectral_energyband_low": {"dvar2": 0.00104929658119, "var": 0.000520983943716, "min": 2.0576624186e-23, "dmean": 0.00962312426418, "mean": 0.01782345213, "max": 0.225870519876, "dmean2": 0.0156103577465, "median": 0.0142559474334, "dvar": 0.000437014328782}, "spectral_rolloff": {"dvar2": 2433077.75, "var": 2347652.75, "min": 64.599609375, "dmean": 454.336486816, "mean": 1250.52429199, "max": 18712.3535156, "dmean2": 759.592651367, "median": 861.328125, "dvar": 1098692.625}, "barkbands": {"dvar2": [2.54677324847e-05, 0.000611400988419, 8.89949878911e-05, 3.06812435156e-05, 9.93887442746e-05, 6.66051391818e-06, 3.08682228933e-06, 5.95802794123e-06, 4.61289118903e-06, 4.90560387334e-06, 2.54630549534e-06, 2.72440865956e-06, 9.68374251897e-07, 3.00890974358e-07, 4.27409958093e-07, 2.5893854172e-07, 2.6201360015e-07, 1.71495244672e-07, 1.17826637336e-07, 1.13332617957e-07, 6.25480396366e-08, 5.71913005842e-08, 1.63449968227e-07, 8.61758948645e-08, 2.79055427654e-08, 1.02534372104e-08, 6.01745764328e-09], "var": [1.08692311187e-05, 0.000261831009993, 5.24375427631e-05, 1.46896800288e-05, 4.7467645345e-05, 6.03436865276e-06, 2.41082375396e-06, 3.49589208781e-06, 2.72504462373e-06, 4.86227236252e-06, 2.36433106693e-06, 2.17840533878e-06, 8.00424061254e-07, 2.16883066173e-07, 3.41857401054e-07, 2.29444651723e-07, 2.26149126092e-07, 1.76375820615e-07, 1.21367875749e-07, 1.37870813433e-07, 7.91679539702e-08, 7.74345494392e-08, 1.47278569784e-07, 1.09828782513e-07, 2.86354921997e-08, 5.21556886568e-09, 1.87900361936e-09], "min": [1.20000929257e-24, 1.44391719585e-24, 6.30902079687e-24, 1.84882853333e-23, 4.46308059885e-23, 6.61043792232e-23, 3.3127809818e-23, 8.28638301288e-23, 4.91080523204e-23, 2.48810421376e-23, 4.67171158909e-23, 2.03216110144e-22, 1.39973371186e-22, 1.22790516545e-22, 1.7702997968e-22, 1.12415619867e-22, 2.06913558005e-22, 1.37091731719e-22, 2.07366566113e-22, 2.64211908186e-22, 4.58615911905e-22, 5.98585130527e-22, 5.75633897754e-22, 7.22261455826e-22, 1.34578973709e-21, 1.69589292161e-21, 2.18864477601e-21], "dmean": [0.0010577973444, 0.00683116866276, 0.00293949316256, 0.0017745528603, 0.00311188632622, 0.000957788026426, 0.000584313296713, 0.000647180015221, 0.000587773276493, 0.00064765161369, 0.000419352552854, 0.000417541828938, 0.000279311119812, 0.000165385761647, 0.000208913217648, 0.000159359711688, 0.00016619663802, 0.000150137537275, 0.000126390950754, 0.000121307384688, 8.92126117833e-05, 7.40250397939e-05, 8.41349974507e-05, 6.88519940013e-05, 4.57584101241e-05, 2.88608025585e-05, 1.35325890369e-05], "mean": [0.000945964129642, 0.0101526696235, 0.00545407086611, 0.002833875129, 0.00558181526139, 0.00198646401986, 0.00104759656824, 0.000992696033791, 0.00092217582278, 0.00110494554974, 0.000708849926013, 0.00068566261325, 0.000487090932438, 0.000268481555395, 0.000366175780073, 0.000283926085103, 0.000302467640722, 0.000315282464726, 0.000272874720395, 0.000267810071819, 0.000193271494936, 0.000148125764099, 0.000148377177538, 0.000134110843646, 8.42071749503e-05, 3.64832158084e-05, 1.17880463222e-05], "max": [0.048754632473, 0.175203070045, 0.0687789022923, 0.0547728203237, 0.0968885719776, 0.0323665030301, 0.0406204275787, 0.0406733714044, 0.0338715165854, 0.0323727726936, 0.0298898071051, 0.0281325876713, 0.0188749581575, 0.00641766376793, 0.0130153223872, 0.0087627870962, 0.0098164761439, 0.00669057760388, 0.00522039365023, 0.00387104740366, 0.00358988996595, 0.00400891341269, 0.00585043570027, 0.00453410157934, 0.00420941086486, 0.001129189739, 0.001052472624], "dmean2": [0.00166160694789, 0.0112779270858, 0.00499412184581, 0.0030397423543, 0.00522935157642, 0.00153316953219, 0.00092764449073, 0.00102032045834, 0.00093788880622, 0.00101992103737, 0.000668956432492, 0.000670784909744, 0.000452706241049, 0.000275780155789, 0.000344720174326, 0.000259743741481, 0.000274802965578, 0.00024663345539, 0.000207848788705, 0.000195898595848, 0.000139890122227, 0.000113514106488, 0.000129909472889, 0.000103223173937, 6.88442887622e-05, 4.49132421636e-05, 2.24637879001e-05], "median": [3.15055694955e-05, 0.00612300541252, 0.00280857575126, 0.00149950338528, 0.00375098874792, 0.0012002561707, 0.000536874635145, 0.000374118360924, 0.000376427284209, 0.00035336217843, 0.000226492120419, 0.000237255953834, 0.000171916821273, 0.000107128435047, 0.000174421220436, 0.000134301822982, 0.000146151927765, 0.000170966406586, 0.000153870365466, 0.000135078720632, 9.20552265598e-05, 5.50639706489e-05, 4.25231701229e-05, 4.48771934316e-05, 3.28053429257e-05, 1.09185702968e-05, 1.34809977226e-06], "dvar": [1.12832749437e-05, 0.000249985168921, 3.25627115672e-05, 1.08038802864e-05, 3.64997176803e-05, 2.57818737737e-06, 1.24004088775e-06, 2.34553112932e-06, 1.80891731816e-06, 2.06429967875e-06, 1.05283629637e-06, 1.05810556761e-06, 3.74478617005e-07, 1.152796969e-07, 1.68219571606e-07, 1.05323763933e-07, 1.0484288282e-07, 6.64335928491e-08, 4.53521273869e-08, 4.60369449229e-08, 2.68437609918e-08, 2.68468927089e-08, 7.10719021413e-08, 4.0488718156e-08, 1.24030004045e-08, 4.29001723035e-09, 2.34383290554e-09]}, "melbands_skewness": {"dvar2": 2.08827376366, "var": 3.58543324471, "min": -1.34268987179, "dmean": 0.80138027668, "mean": 3.22641038895, "max": 16.8488483429, "dmean2": 1.25086200237, "median": 2.91932821274, "dvar": 0.904173910618}, "barkbands_skewness": {"dvar2": 1.03473317623, "var": 2.01732158661, "min": -4.66385316849, "dmean": 0.574496567249, "mean": 1.98779797554, "max": 18.9228839874, "dmean2": 0.883185982704, "median": 1.75055968761, "dvar": 0.485669255257}, "erbbands": {"dvar2": [1.07769215107, 25.6455879211, 119.930473328, 173.993545532, 1499.06506348, 800.561584473, 700.226806641, 428.555969238, 453.424377441, 787.721191406, 3872.37084961, 2695.84838867, 2451.49584961, 7265.83984375, 3448.73217773, 4529.19384766, 1756.13659668, 1035.25402832, 1124.61669922, 550.243041992, 675.405517578, 493.983551025, 568.144226074, 315.231231689, 334.825866699, 235.378799438, 146.80406189, 88.0235214233, 68.2739715576, 107.653358459, 152.923706055, 75.2907333374, 13.822763443, 4.70626115799, 1.3593506813, 0.235768467188, 0.0293966066092, 0.00634473701939, 0.000193154497538, 3.79219756041e-07], "var": [0.32600903511, 12.084107399, 63.9455757141, 95.2940826416, 543.724060059, 523.19317627, 746.501464844, 338.136016846, 400.516998291, 552.444274902, 2100.77490234, 1759.52587891, 2043.23535156, 7042.94726562, 4127.24169922, 3517.00927734, 1487.69372559, 919.397216797, 877.940307617, 528.621398926, 631.915527344, 467.959259033, 588.240356445, 364.823120117, 353.08770752, 282.75680542, 180.878417969, 105.134124756, 93.8163375854, 104.233253479, 130.566802979, 77.8852844238, 20.291021347, 5.39605712891, 1.07951414585, 0.115467473865, 0.0157167166471, 0.00255948817357, 5.71861564822e-05, 1.06299687275e-07], "min": [6.90162920163e-23, 3.02314798676e-22, 4.37301268899e-21, 4.59477698393e-20, 8.77033818719e-20, 1.60770138847e-19, 3.40003724448e-19, 6.31724554649e-19, 3.58766248692e-19, 9.28554284958e-19, 1.75869268859e-18, 1.28045397814e-18, 9.10316813608e-19, 1.1039940196e-18, 3.0204173331e-18, 8.61938741893e-18, 5.11383403323e-18, 7.08895604755e-18, 8.48034580258e-18, 6.75690631093e-18, 8.43012601323e-18, 1.19798764862e-17, 7.91272950316e-18, 9.22725019105e-18, 1.00095554282e-17, 1.25194273746e-17, 1.86586948794e-17, 1.58651388603e-17, 1.88470554854e-17, 2.21839831401e-17, 1.8728783547e-17, 1.13776881731e-17, 1.57406084735e-17, 1.27724412445e-17, 1.01187085275e-17, 6.07702754032e-18, 2.96292766015e-18, 1.31995195579e-18, 3.47435735456e-19, 2.97863667301e-20], "dmean": [0.224429175258, 1.50196588039, 3.39731860161, 4.30994367599, 9.60629653931, 10.625954628, 9.6554441452, 7.1785531044, 7.10365533829, 9.05594825745, 15.0875701904, 14.2390108109, 14.4744472504, 22.702829361, 14.5378541946, 16.9093608856, 11.7911043167, 9.43274116516, 10.3865480423, 7.79175329208, 8.71377468109, 7.23634672165, 8.56000804901, 6.48868513107, 6.41220140457, 5.37799024582, 4.24782705307, 3.09296441078, 2.62724471092, 2.54186201096, 2.43374752998, 1.79594564438, 0.973921179771, 0.575685560703, 0.313801884651, 0.133305579424, 0.0472777560353, 0.0182398725301, 0.00222929543816, 9.81138655334e-05], "mean": [0.223220586777, 2.51117348671, 6.64976501465, 8.2558259964, 13.6577615738, 19.7563648224, 19.9265232086, 14.2977828979, 14.1239385605, 15.8499965668, 23.7427616119, 23.6442832947, 25.9605770111, 39.9045066833, 28.280796051, 28.8629493713, 22.0229320526, 17.4671821594, 18.7407684326, 15.7409963608, 17.0667552948, 14.8344535828, 18.1348552704, 14.7902364731, 14.0847406387, 12.1611394882, 9.3870973587, 6.5030708313, 5.26696538925, 4.65442323685, 4.2596540451, 3.27162981033, 1.91938376427, 1.11199402809, 0.519722819328, 0.174895405769, 0.060406062752, 0.0192129295319, 0.00186580466107, 0.000112396068289], "max": [6.96729946136, 32.3642234802, 78.5724411011, 108.937294006, 375.350952148, 232.582473755, 344.482940674, 273.178527832, 415.939025879, 435.888702393, 1204.01965332, 809.310058594, 805.559631348, 1141.53625488, 1456.5222168, 1135.54614258, 972.746826172, 648.251464844, 782.20715332, 362.981811523, 323.634429932, 314.36114502, 344.625396729, 312.395996094, 229.5965271, 195.645797729, 195.166244507, 154.240142822, 155.404266357, 167.416992188, 188.408554077, 148.341384888, 76.072845459, 54.8498001099, 22.5390319824, 5.2208366394, 2.30359101295, 1.05161857605, 0.195202976465, 0.0117200706154], "dmean2": [0.375733196735, 2.51224589348, 5.79876422882, 7.32584667206, 16.418012619, 17.7034091949, 15.2404298782, 11.5571165085, 11.2642431259, 14.5177583694, 23.790599823, 22.5488014221, 22.8420715332, 36.0582885742, 23.0266342163, 27.1847610474, 19.1573238373, 15.4781179428, 17.0344867706, 12.7214899063, 14.1820850372, 11.8952169418, 14.0774717331, 10.5581989288, 10.5273065567, 8.64090156555, 6.70687389374, 4.88179779053, 4.05819654465, 3.90457034111, 3.75190663338, 2.73353672028, 1.45001447201, 0.853110909462, 0.486340522766, 0.211129292846, 0.0733848512173, 0.0288444086909, 0.00377939455211, 0.000165611636476], "median": [0.0744424238801, 1.69481515884, 4.07051897049, 5.25956392288, 7.11467027664, 12.6991577148, 10.7904901505, 8.56930446625, 7.57692241669, 8.3595905304, 9.53330898285, 10.4643983841, 10.5140285492, 13.6048707962, 10.1084032059, 10.7612552643, 8.57762622833, 7.49170923233, 9.1343755722, 8.5382900238, 8.90220832825, 8.0088596344, 9.7284078598, 8.2846622467, 7.61164855957, 6.20011901855, 4.52609205246, 3.04428291321, 2.01422142982, 1.47712683678, 1.19470572472, 0.937488853931, 0.691047608852, 0.437318086624, 0.191622912884, 0.0565720535815, 0.0178766455501, 0.00387796456926, 0.000206059179618, 5.06022806803e-05], "dvar": [0.413840919733, 10.4980697632, 44.6592445374, 61.8617782593, 548.115722656, 292.489440918, 284.776489258, 164.337036133, 183.170394897, 312.591339111, 1521.95581055, 1069.52172852, 993.82824707, 3028.95458984, 1462.63586426, 1747.55322266, 679.47265625, 400.811309814, 445.600067139, 220.018188477, 268.79095459, 197.725967407, 220.338287354, 123.989356995, 126.987983704, 95.3481140137, 62.0208053589, 38.3454475403, 32.1582679749, 47.2315330505, 66.2958221436, 33.5746994019, 6.81095933914, 2.17757439613, 0.569090604782, 0.0953609347343, 0.0124018071219, 0.00260178954341, 7.45028519304e-05, 1.43457398849e-07]}, "silence_rate_30dB": {"dvar2": 0.141874447465, "var": 0.0394785627723, "min": 0, "dmean": 0.0595271214843, "mean": 0.958834588528, "max": 1, "dmean2": 0.119062520564, "median": 1, "dvar": 0.0559804365039}, "melbands_spread": {"dvar2": 328.487121582, "var": 401.025970459, "min": 0.346243977547, "dmean": 5.9490981102, "mean": 19.6915245056, "max": 296.967895508, "dmean2": 9.36900138855, "median": 16.490442276, "dvar": 156.820587158}, "melbands_crest": {"dvar2": 19.7806949615, "var": 23.5339622498, "min": 2.30236697197, "dmean": 2.94290161133, "mean": 13.8024215698, "max": 32.9994430542, "dmean2": 4.86224126816, "median": 13.2659645081, "dvar": 7.69085931778}, "zerocrossingrate": {"dvar2": 0.000249306001933, "var": 0.00148887454998, "min": 0.00341796875, "dmean": 0.0101980157197, "mean": 0.0574026033282, "max": 0.50048828125, "dmean2": 0.0123048983514, "median": 0.05029296875, "dvar": 0.000224009854719}, "barkbands_kurtosis": {"dvar2": 209.458618164, "var": 237.189544678, "min": -1.96979892254, "dmean": 4.05084896088, "mean": 7.31424999237, "max": 727.732421875, "dmean2": 6.34207487106, "median": 2.9162569046, "dvar": 100.86125946}, "spectral_flux": {"dvar2": 0.00330285890959, "var": 0.00372831150889, "min": 1.02023139936e-10, "dmean": 0.0269675608724, "mean": 0.0853915885091, "max": 0.40349650383, "dmean2": 0.0417730472982, "median": 0.0738046914339, "dvar": 0.00149571732618}, "barkbands_crest": {"dvar2": 12.6505327225, "var": 15.0853395462, "min": 2.3740105629, "dmean": 2.33190083504, "mean": 9.58689975739, "max": 25.6220779419, "dmean2": 3.84555339813, "median": 8.83348751068, "dvar": 4.94988203049}, "barkbands_flatness_db": {"dvar2": 0.000977181829512, "var": 0.00282304757275, "min": 0.0208095069975, "dmean": 0.0202247630805, "mean": 0.130306646228, "max": 0.414370208979, "dmean2": 0.0312191881239, "median": 0.118451759219, "dvar": 0.000439862953499}, "spectral_entropy": {"dvar2": 0.0649637505412, "var": 0.184751823545, "min": 4.67929124832, "dmean": 0.156287923455, "mean": 7.61813879013, "max": 9.78714370728, "dmean2": 0.228180259466, "median": 7.68827581406, "dvar": 0.035751324147}, "pitch_salience": {"dvar2": 0.0102673722431, "var": 0.0119163924828, "min": 0.102237857878, "dmean": 0.0680258721113, "mean": 0.574690997601, "max": 0.934821605682, "dmean2": 0.111820206046, "median": 0.575853943825, "dvar": 0.00382314133458}, "erbbands_spread": {"dvar2": 280.321868896, "var": 484.975860596, "min": 2.16895222664, "dmean": 9.14015674591, "mean": 45.1922035217, "max": 167.980804443, "dmean2": 13.9099655151, "median": 41.6926994324, "dvar": 126.112419128}, "dynamic_complexity": 4.07274150848, "spectral_contrast_valleys": {"dvar2": [0.297002911568, 0.217270150781, 0.196614101529, 0.168458208442, 0.142325475812, 0.188252776861], "var": [2.27969098091, 0.94586545229, 1.03034460545, 1.17032825947, 1.11414980888, 1.05072462559], "min": [-28.4069423676, -26.9024353027, -27.1448497772, -27.1261253357, -27.5254573822, -27.3306941986], "dmean": [0.393986999989, 0.345351368189, 0.309358596802, 0.275687903166, 0.236470296979, 0.274060934782], "mean": [-7.16025590897, -6.84040880203, -7.34593486786, -7.86067533493, -7.56745243073, -9.97728157043], "max": [-4.77395915985, -4.61251544952, -5.04930114746, -5.8097076416, -5.62743091583, -7.54126882553], "dmean2": [0.646205961704, 0.560719192028, 0.499509364367, 0.430683076382, 0.351664274931, 0.379284977913], "median": [-6.57800388336, -6.63083982468, -7.1341085434, -7.60460472107, -7.32412004471, -9.82699298859], "dvar": [0.129301443696, 0.0965344458818, 0.0934512242675, 0.0871812030673, 0.0803173184395, 0.106750175357]}, "hfc": {"dvar2": 137.020965576, "var": 283.562927246, "min": 1.15894541854e-16, "dmean": 5.16339921951, "mean": 19.4382514954, "max": 135.513641357, "dmean2": 7.78255653381, "median": 15.1098403931, "dvar": 59.2524642944}, "spectral_kurtosis": {"dvar2": 4.58087873459, "var": 6.92360067368, "min": -1.53633522987, "dmean": 1.12437808514, "mean": 4.10590791702, "max": 32.7009010315, "dmean2": 1.80682241917, "median": 3.85396909714, "dvar": 1.97899639606}, "mfcc": {"mean": [-646.664794922, 118.066444397, 10.9998483658, 25.0143661499, 4.55656385422, 2.72896552086, 4.86278152466, 4.12891674042, -1.35047471523, -0.794010818005, -5.18417072296, -1.88251841068, -2.93157315254], "cov": [[9991.06347656, 168.495605469, -362.683898926, 323.283233643, 101.688735962, 307.86428833, 380.171478271, 168.648849487, 248.361938477, 165.276794434, 257.666717529, 64.8365020752, 106.128700256], [168.495605469, 956.758117676, -31.9569549561, 72.8999252319, 96.9976959229, -15.3793363571, 104.949668884, 15.4413890839, 31.8959121704, -26.3602046967, 9.40385055542, -2.73879718781, -5.25624132156], [-362.683898926, -31.9569549561, 1070.1418457, 357.167633057, 159.038848877, 119.301017761, 83.1023178101, 72.8355178833, -13.3470592499, -0.431445658207, -68.2614212036, 24.722530365, 15.9390678406], [323.283233643, 72.8999252319, 357.167633057, 467.892364502, 158.171325684, 79.6912994385, 49.5733108521, 42.5718917847, 33.5496482849, 19.6675243378, 4.21633243561, 25.2068214417, 43.0502243042], [101.688735962, 96.9976959229, 159.038848877, 158.171325684, 232.018798828, 65.5434494019, 35.0823631287, 29.8724536896, 47.3289222717, 12.4076099396, 0.12494790554, 20.1959209442, 24.9973392487], [307.86428833, -15.3793363571, 119.301017761, 79.6912994385, 65.5434494019, 202.898971558, 81.4081802368, 40.079914093, 24.5943870544, 26.2698249817, 25.7535133362, 7.69369888306, 30.5674591064], [380.171478271, 104.949668884, 83.1023178101, 49.5733108521, 35.0823631287, 81.4081802368, 184.735534668, 49.9638023376, 24.4210128784, 13.3166770935, 16.9213924408, 12.167755127, 7.32207107544], [168.648849487, 15.4413890839, 72.8355178833, 42.5718917847, 29.8724536896, 40.079914093, 49.9638023376, 98.4090118408, 38.1855239868, 9.95584487915, 2.64981436729, 5.26390171051, 12.0296125412], [248.361938477, 31.8959121704, -13.3470592499, 33.5496482849, 47.3289222717, 24.5943870544, 24.4210128784, 38.1855239868, 104.720329285, 32.1029396057, 9.85231399536, 7.20103406906, 10.6103887558], [165.276794434, -26.3602046967, -0.431445658207, 19.6675243378, 12.4076099396, 26.2698249817, 13.3166770935, 9.95584487915, 32.1029396057, 87.8716964722, 31.1275119781, 6.48647117615, 5.42327928543], [257.666717529, 9.40385055542, -68.2614212036, 4.21633243561, 0.12494790554, 25.7535133362, 16.9213924408, 2.64981436729, 9.85231399536, 31.1275119781, 93.950553894, 19.0999774933, 9.84400081635], [64.8365020752, -2.73879718781, 24.722530365, 25.2068214417, 20.1959209442, 7.69369888306, 12.167755127, 5.26390171051, 7.20103406906, 6.48647117615, 19.0999774933, 68.2900390625, 20.958114624], [106.128700256, -5.25624132156, 15.9390678406, 43.0502243042, 24.9973392487, 30.5674591064, 7.32207107544, 12.0296125412, 10.6103887558, 5.42327928543, 9.84400081635, 20.958114624, 70.6517105103]], "icov": [[0.000126970931888, 1.21053199109e-05, 8.64432295202e-05, -0.000119304357213, 5.75274243602e-05, -7.02175384504e-05, -0.000200849899556, -3.81825993827e-05, -0.000174141940079, -2.54616115853e-05, -0.000195696775336, 1.24317211885e-05, -4.760515003e-05], [1.21053199109e-05, 0.0012588481186, 0.000156529044034, -0.000169276361703, -0.000579115352593, 0.000542708672583, -0.000957521609962, 0.000189097598195, -0.000237770742388, 0.000586933630984, -0.00026512981276, 0.000319703452988, 0.000113192254503], [8.64432295202e-05, 0.000156529044034, 0.00162254495081, -0.00109059805982, -0.000348793633748, -0.000517376931384, -0.000399749493226, -0.000780746224336, 0.000909203721676, -0.000284775858745, 0.0012652190635, -0.000568334653508, 0.000579518673476], [-0.000119304357213, -0.000169276361703, -0.00109059805982, 0.00369776994921, -0.0015325382119, 5.0966940762e-05, 0.000227323034778, 2.92758863907e-06, -0.000132909000968, -0.000206115029869, -0.000471780920634, 9.91686683847e-05, -0.00127228687052], [5.75274243602e-05, -0.000579115352593, -0.000348793633748, -0.0015325382119, 0.00672941515222, -0.00140822352841, 0.000402161560487, 0.0002424474078, -0.00241942564026, 0.000274241814623, 0.000435843219748, -0.00108780455776, -0.000367364671547], [-7.02175384504e-05, 0.000542708672583, -0.000517376931384, 5.0966940762e-05, -0.00140822352841, 0.00760584231466, -0.00267817196436, -0.000645181164145, 0.000146856618812, -0.000750085979234, -0.00166422163602, 0.00159481004812, -0.0023791808635], [-0.000200849899556, -0.000957521609962, -0.000399749493226, 0.000227323034778, 0.000402161560487, -0.00267817196436, 0.00836525671184, -0.00270466716029, 0.000155816072947, -0.000150717125507, -0.000196955472347, -0.00118932314217, 0.00116054166574], [-3.81825993827e-05, 0.000189097598195, -0.000780746224336, 2.92758863907e-06, 0.0002424474078, -0.000645181164145, -0.00270466716029, 0.0142145426944, -0.00475231278688, 0.000847420364153, 2.39937544393e-05, 0.000495595508255, -0.00120253255591], [-0.000174141940079, -0.000237770742388, 0.000909203721676, -0.000132909000968, -0.00241942564026, 0.000146856618812, 0.000155816072947, -0.00475231278688, 0.0142612699419, -0.00454494729638, 0.00136241829023, -0.000500353227835, -0.000129012405523], [-2.54616115853e-05, 0.000586933630984, -0.000284775858745, -0.000206115029869, 0.000274241814623, -0.000750085979234, -0.000150717125507, 0.000847420364153, -0.00454494729638, 0.0149937327951, -0.00459528667852, 0.000402306352044, 0.000423129822593], [-0.000195696775336, -0.00026512981276, 0.0012652190635, -0.000471780920634, 0.000435843219748, -0.00166422163602, -0.000196955472347, 2.39937544393e-05, 0.00136241829023, -0.00459528667852, 0.014798768796, -0.0038937071804, 9.96481612674e-05], [1.24317211885e-05, 0.000319703452988, -0.000568334653508, 9.91686683847e-05, -0.00108780455776, 0.00159481004812, -0.00118932314217, 0.000495595508255, -0.000500353227835, 0.000402306352044, -0.0038937071804, 0.0177258960903, -0.00486477371305], [-4.760515003e-05, 0.000113192254503, 0.000579518673476, -0.00127228687052, -0.000367364671547, -0.0023791808635, 0.00116054166574, -0.00120253255591, -0.000129012405523, 0.000423129822593, 9.96481612674e-05, -0.00486477371305, 0.0175382774323]]}, "silence_rate_20dB": {"dvar2": 0, "var": 0, "min": 1, "dmean": 0, "mean": 1, "max": 1, "dmean2": 0, "median": 1, "dvar": 0}, "melbands_kurtosis": {"dvar2": 833.568237305, "var": 851.343139648, "min": -1.92141532898, "dmean": 9.77081489563, "mean": 20.978427887, "max": 522.931213379, "dmean2": 15.5143499374, "median": 11.7102508545, "dvar": 350.296966553}, "barkbands_spread": {"dvar2": 131.997009277, "var": 177.089523315, "min": 0.217057213187, "dmean": 5.36594629288, "mean": 20.6035938263, "max": 115.25844574, "dmean2": 8.39955329895, "median": 18.5042648315, "dvar": 59.3184356689}, "erbbands_skewness": {"dvar2": 0.349233686924, "var": 0.702366173267, "min": -5.96132469177, "dmean": 0.343225091696, "mean": 0.392577052116, "max": 10.0044441223, "dmean2": 0.516735374928, "median": 0.326049029827, "dvar": 0.185394495726}, "average_loudness": 0.860082447529, "spectral_centroid": {"dvar2": 181733.96875, "var": 398439.9375, "min": 164.119567871, "dmean": 230.612121582, "mean": 1226.09423828, "max": 11307.9941406, "dmean2": 356.984954834, "median": 1160.67077637, "dvar": 92055.5}, "dissonance": {"dvar2": 0.000864919391461, "var": 0.000805333605967, "min": 0.244493469596, "dmean": 0.0179521013051, "mean": 0.464249044657, "max": 0.499999970198, "dmean2": 0.0299246851355, "median": 0.471313506365, "dvar": 0.000336202734616}, "erbbands_flatness_db": {"dvar2": 0.000543935399037, "var": 0.00160235352814, "min": 0.0276624858379, "dmean": 0.0160190332681, "mean": 0.133560746908, "max": 0.331189334393, "dmean2": 0.0232734996825, "median": 0.128549233079, "dvar": 0.000276114005828}, "spectral_strongpeak": {"dvar2": 0.86137086153, "var": 0.426393121481, "min": 0, "dmean": 0.313037782907, "mean": 0.577073812485, "max": 8.7907037735, "dmean2": 0.544283390045, "median": 0.404831051826, "dvar": 0.33345168829}, "spectral_rms": {"dvar2": 3.60406397704e-06, "var": 7.04704416421e-06, "min": 3.18666750973e-12, "dmean": 0.000858658109792, "mean": 0.00527434283867, "max": 0.0155261401087, "dmean2": 0.00133042340167, "median": 0.00563035253435, "dvar": 1.6040629589e-06}, "silence_rate_60dB": {"dvar2": 0.0333647057414, "var": 0.117867670953, "min": 0, "dmean": 0.0146036157385, "mean": 0.136499553919, "max": 1, "dmean2": 0.0292092636228, "median": 0, "dvar": 0.0143907209858}, "melbands": {"dvar2": [6.19688071311e-05, 3.27772504534e-05, 7.34170862415e-06, 6.68327766107e-06, 7.41844928598e-07, 1.95494251898e-07, 1.15762993858e-07, 1.04607899232e-07, 2.59895102772e-07, 1.10066743275e-07, 6.43532516165e-08, 1.27955630091e-07, 3.27031628444e-08, 4.26793107522e-08, 1.1144417833e-08, 1.26322481364e-08, 3.63544816473e-09, 2.89689805477e-09, 2.6103335049e-09, 1.76820946773e-09, 1.2568313057e-09, 7.77381548023e-10, 5.34340682812e-10, 4.75173178582e-10, 2.58195353986e-10, 2.31634003645e-10, 2.08132081014e-10, 1.20935456094e-10, 8.26194668235e-11, 4.97423768842e-11, 3.24010505925e-11, 2.74001377143e-11, 2.77407784244e-11, 4.42364825326e-11, 6.17312520546e-11, 5.11145396842e-11, 2.93647918481e-11, 9.86942905873e-12, 4.59874716432e-12, 4.20118844227e-12], "var": [2.36062496697e-05, 1.65536057466e-05, 3.54371854883e-06, 2.84362818093e-06, 7.73841748014e-07, 1.60059315135e-07, 1.01657214202e-07, 7.44864365743e-08, 1.33010715331e-07, 7.24176985045e-08, 5.24959808956e-08, 1.27794393734e-07, 3.62477479143e-08, 3.67244794575e-08, 7.70552510687e-09, 1.0516339799e-08, 2.84007062312e-09, 2.05136418963e-09, 1.97233163135e-09, 1.44318612616e-09, 1.00609764964e-09, 6.13723794007e-10, 4.84265960665e-10, 4.73071470886e-10, 2.50918313904e-10