{"metadata": {"tags": {"album artist": ["Arthur B. Rubinstein"], "releasecountry": ["US"], "genre": ["Soundtrack"], "releasetype": ["soundtrack"], "disctotal": ["1"], "encoder": ["MediaMonkey 3.2.4"], "album": ["Blue Thunder"], "ensemble": ["Arthur B. Rubinstein"], "script": ["Latn"], "albumartistsort": ["Rubinstein, Arthur B."], "releasestatus": ["promotion"], "musicbrainz_albumartistid": ["54a37067-14c3-42ad-acf2-c57352acb4f3"], "acoustid_id": ["e405a89c-b3ec-40a8-a1ea-32ce348149c9"], "musicbrainz_artistid": ["54a37067-14c3-42ad-acf2-c57352acb4f3"], "musicbrainz_recordingid": ["0c43221b-58af-4400-a921-40b50d8414b2"], "albumartist": ["Arthur B. Rubinstein"], "originaldate": ["1998"], "totaltracks": ["16"], "artist": ["Arthur B. Rubinstein"], "musicbrainz_albumid": ["e5b1679b-a364-4c53-a7d3-84ece4e02aff"], "artistsort": ["Rubinstein, Arthur B."], "title": ["Main Title / Crook Dusting"], "tracknumber": ["1"], "tracktotal": ["16"], "composer": ["Arthur B. Rubinstein"], "totaldiscs": ["1"], "date": ["1983"], "file_name": "01 Main Title _ Crook Dusting.flac", "discnumber": ["1"]}, "audio_properties": {"downmix": "mix", "lossless": true, "analysis_sample_rate": 44100, "md5_encoded": "f271060081e0c3a34d816533e17e0f97", "equal_loudness": 0, "replay_gain": -5.51057052612, "codec": "flac", "bit_rate": 0, "length": 383.866668701}, "version": {"extractor": "music 1.0", "essentia_build_sha": "7f154e5731828a63663f0144680ef47bd640f88b", "essentia_git_sha": "v2.1_beta1-6-g5578087", "essentia": "2.1-beta1"}}, "rhythm": {"beats_loudness_band_ratio": {"dvar2": [0.0819806084037, 0.08596277982, 0.0580458752811, 0.0276986826211, 0.02303179726, 0.00448823580518], "var": [0.10813806951, 0.0578531585634, 0.0548663586378, 0.0264647509903, 0.0216845162213, 0.00229218113236], "min": [0, 0, 0, 0, 0, 0], "dmean": [0.156915932894, 0.160583376884, 0.104593530297, 0.0786759033799, 0.0623834878206, 0.0227014869452], "mean": [0.375196546316, 0.252341389656, 0.177207678556, 0.121263958514, 0.0952145755291, 0.0277059618384], "max": [0.988535225391, 0.994378507137, 0.996218979359, 0.846105337143, 0.740263581276, 0.407232165337], "dmean2": [0.26691621542, 0.281985402107, 0.183148980141, 0.136719658971, 0.105696998537, 0.0385850854218], "median": [0.343067109585, 0.186482846737, 0.0864070504904, 0.0615629702806, 0.0366440452635, 0.00702390214428], "dvar": [0.0329658128321, 0.0292826909572, 0.0206783488393, 0.0104542039335, 0.00994456093758, 0.00163018028252]}, "bpm_histogram_first_peak_weight": {"dvar2": 0, "var": 0, "min": 0.330477356911, "dmean": 0, "mean": 0.330477356911, "max": 0.330477356911, "dmean2": 0, "median": 0.330477356911, "dvar": 0}, "bpm": 126.932357788, "beats_count": 818, "bpm_histogram_first_peak_spread": {"dvar2": 0, "var": 0, "min": 0.524647891521, "dmean": 0, "mean": 0.524647891521, "max": 0.524647891521, "dmean2": 0, "median": 0.524647891521, "dvar": 0}, "danceability": 0.9116076231, "bpm_histogram_first_peak_bpm": {"dvar2": 0, "var": 0, "min": 126, "dmean": 0, "mean": 126, "max": 126, "dmean2": 0, "median": 126, "dvar": 0}, "beats_position": [0.417959183455, 0.847528338432, 1.27709746361, 1.70666658878, 2.12462592125, 2.54258489609, 2.96054410934, 3.3785033226, 3.79646253586, 4.21442174911, 4.63238096237, 5.05034017563, 5.46829938889, 5.94430828094, 6.40870714188, 6.87310647964, 7.33750534058, 7.80190467834, 8.26630401611, 8.73070240021, 9.19510173798, 9.67111110687, 10.1471195221, 10.5650787354, 10.9830379486, 11.4009971619, 11.8189563751, 12.2369155884, 12.6548748016, 13.0728340149, 13.4559631348, 13.8274831772, 14.1990022659, 14.5705213547, 14.9536504745, 15.3251695633, 15.696688652, 16.0682086945, 16.4281177521, 16.7996368408, 17.1595458984, 17.5194549561, 17.9025840759, 18.2973232269, 18.6920623779, 19.0868015289, 19.5512008667, 20.0272102356, 20.5032196045, 20.9676189423, 21.4436283112, 21.9080276489, 22.3608150482, 22.8136043549, 23.2780036926, 23.7424030304, 24.195192337, 24.6479816437, 25.1007709503, 25.6116104126, 26.1108379364, 26.6100673676, 27.1092967987, 27.6085262299, 28.2354640961, 28.8624038696, 29.4777317047, 30.0466213226, 30.6155090332, 31.2076187134, 31.7997264862, 32.391834259, 32.9839439392, 33.5644454956, 34.1565513611, 34.63256073, 35.1085700989, 35.572971344, 36.0605888367, 36.5482063293, 37.0358276367, 37.5002250671, 37.9530143738, 38.4058036804, 38.8585929871, 39.3113822937, 39.7757797241, 40.2401809692, 40.7045783997, 41.1573677063, 41.6217689514, 42.0861663818, 42.550567627, 43.0149650574, 43.4793624878, 43.9437637329, 44.4081611633, 44.8725624084, 45.3369598389, 45.801361084, 46.2773704529, 46.7533760071, 47.229385376, 47.6937866211, 48.16979599, 48.6458053589, 49.1218147278, 49.5978240967, 50.0738296509, 50.5614509583, 51.0490684509, 51.5482978821, 52.0359191895, 52.5235366821, 53.0111541748, 53.4987754822, 53.9747848511, 54.45079422, 54.9151916504, 55.3912010193, 55.8672103882, 56.3316078186, 56.7960090637, 57.2604064941, 57.736415863, 58.2124252319, 58.6768226624, 59.1412239075, 59.6056213379, 60.070022583, 60.5460319519, 61.0220413208, 61.5096588135, 62.0088882446, 62.5081176758, 62.9957351685, 63.4833564758, 63.9709739685, 64.470199585, 64.9694290161, 65.4454421997, 65.9214477539, 66.3974609375, 66.8734664917, 67.3378677368, 67.8022689819, 68.2666625977, 68.7310638428, 69.1954650879, 69.6714706421, 70.1474838257, 70.6118774414, 71.0762786865, 71.5406799316, 72.0166854858, 72.4926986694, 72.9570999146, 73.4214935303, 73.8858947754, 74.3619003296, 74.8379135132, 75.3023147583, 75.766708374, 76.2311096191, 76.6955108643, 77.15990448, 77.6359176636, 78.1119232178, 78.5879364014, 79.0639419556, 79.5283432007, 79.9927444458, 80.4571380615, 80.9215393066, 81.3859405518, 81.8503417969, 82.3147354126, 82.7907485962, 83.2667541504, 83.7311553955, 84.1955566406, 84.6715621948, 85.1475753784, 85.6119689941, 86.0763702393, 86.5523757935, 87.0283889771, 87.5043945312, 87.9920196533, 88.479637146, 88.9672546387, 89.4548721313, 89.942489624, 90.4185028076, 90.9061203003, 91.4053497314, 91.9045791626, 92.3921966553, 92.8682098389, 93.3442153931, 93.8086166382, 94.2730178833, 94.737411499, 95.2018127441, 95.6778182983, 96.1538314819, 96.6182327271, 97.0942382812, 97.5702438354, 98.0346450806, 98.4990463257, 98.9634475708, 99.4278411865, 99.8922424316, 100.356643677, 100.821044922, 101.285438538, 101.761451721, 102.237457275, 102.701858521, 103.166259766, 103.64226532, 104.118278503, 104.582672119, 105.047073364, 105.523078918, 105.987480164, 106.451881409, 106.927886963, 107.392288208, 107.868293762, 108.344306946, 108.808708191, 109.273101807, 109.737503052, 110.201904297, 110.666305542, 111.130699158, 111.606712341, 112.071105957, 112.547119141, 113.023124695, 113.499137878, 113.986755371, 114.474372864, 114.961990356, 115.449615479, 115.937232971, 116.436462402, 116.935691833, 117.434921265, 117.934150696, 118.444984436, 118.955825806, 119.466667175, 119.977500916, 120.488342285, 120.975959778, 121.463577271, 121.927978516, 122.380767822, 122.833557129, 123.297958374, 123.773963928, 124.238365173, 124.702766418, 125.167160034, 125.643173218, 126.107574463, 126.571968079, 127.047981262, 127.512374878, 127.988388062, 128.464401245, 128.94039917, 129.404800415, 129.86920166, 130.333602905, 130.79800415, 131.274017334, 131.750015259, 132.226028442, 132.702041626, 133.166442871, 133.630844116, 134.095230103, 134.559631348, 135.024032593, 135.500045776, 135.964447021, 136.428848267, 136.904846191, 137.369247437, 137.833648682, 138.298049927, 138.77406311, 139.250061035, 139.726074219, 140.202087402, 140.666488647, 141.130874634, 141.595275879, 142.059677124, 142.524078369, 142.988479614, 143.452880859, 143.917282104, 144.381668091, 144.846069336, 145.32208252, 145.798095703, 146.262496948, 146.726898193, 147.19128418, 147.655685425, 148.12008667, 148.596099854, 149.072113037, 149.536499023, 150.012512207, 150.488525391, 150.952926636, 151.417327881, 151.893325806, 152.369338989, 152.833740234, 153.298141479, 153.774139404, 154.250152588, 154.714553833, 155.178955078, 155.643356323, 156.107757568, 156.583755493, 157.048156738, 157.512557983, 157.988571167, 158.452972412, 158.917373657, 159.381759644, 159.846160889, 160.322174072, 160.798187256, 161.262588501, 161.726974487, 162.191375732, 162.655776978, 163.131790161, 163.607803345, 164.072189331, 164.536590576, 165.000991821, 165.477005005, 165.953018188, 166.417419434, 166.88180542, 167.346206665, 167.81060791, 168.275009155, 168.751022339, 169.227020264, 169.691421509, 170.155822754, 170.620223999, 171.096237183, 171.572235107, 172.036636353, 172.512649536, 172.98866272, 173.453063965, 173.92906189, 174.393463135, 174.85786438, 175.322265625, 175.78666687, 176.262680054, 176.72706604, 177.191467285, 177.65586853, 178.131881714, 178.596282959, 179.072280884, 179.536682129, 180.001083374, 180.465484619, 180.929885864, 181.394287109, 181.858688354, 182.334686279, 182.810699463, 183.275100708, 183.751113892, 184.215499878, 184.691513062, 185.155914307, 185.63192749, 186.096328735, 186.560714722, 187.025115967, 187.50112915, 187.977142334, 188.453155518, 188.940765381, 189.428390503, 189.916000366, 190.403625488, 190.90284729, 191.390472412, 191.889694214, 192.377319336, 192.864944458, 193.352554321, 193.828567505, 194.304580688, 194.780578613, 195.256591797, 195.744216919, 196.220230103, 196.707839966, 197.195465088, 197.683074951, 198.170700073, 198.658325195, 199.145935059, 199.633560181, 200.109558105, 200.585571289, 201.061584473, 201.525985718, 201.990386963, 202.466384888, 202.942398071, 203.406799316, 203.871200562, 204.335601807, 204.800003052, 205.264389038, 205.740402222, 206.216415405, 206.692428589, 207.156814575, 207.632827759, 208.108840942, 208.584854126, 209.060852051, 209.536865234, 210.001266479, 210.477279663, 210.953277588, 211.429290771, 211.905303955, 212.381317139, 212.857315063, 213.321716309, 213.797729492, 214.273742676, 214.738143921, 215.214141846, 215.690155029, 216.154556274, 216.630569458, 217.106567383, 217.582580566, 218.05859375, 218.534591675, 219.010604858, 219.486618042, 219.951019287, 220.427032471, 220.903030396, 221.379043579, 221.843444824, 222.319458008, 222.795455933, 223.271469116, 223.7474823, 224.223495483, 224.699493408, 225.163894653, 225.628295898, 226.104309082, 226.580307007, 227.05632019, 227.532333374, 227.996734619, 228.472732544, 228.948745728, 229.413146973, 229.889160156, 230.36517334, 230.841171265, 231.317184448, 231.793197632, 232.269195557, 232.74520874, 233.209609985, 233.685623169, 234.161621094, 234.637634277, 235.113647461, 235.589660645, 236.065658569, 236.541671753, 237.006072998, 237.482086182, 237.958084106, 238.43409729, 238.910110474, 239.386123657, 239.862121582, 240.349746704, 240.848968506, 241.348205566, 241.835830688, 242.33505249, 242.84588623, 243.356735229, 243.855957031, 244.343582153, 244.819580078, 245.295593262, 245.771606445, 246.247619629, 246.723617554, 247.188018799, 247.652420044, 248.128433228, 248.616043091, 249.092056274, 249.568069458, 250.044082642, 250.520080566, 250.984481812, 251.460494995, 251.936508179, 252.412506104, 252.888519287, 253.352920532, 253.828933716, 254.304931641, 254.769332886, 255.233734131, 255.721359253, 256.197357178, 256.673370361, 257.137786865, 257.613769531, 258.089782715, 258.565795898, 259.041809082, 259.517822266, 259.993835449, 260.458221436, 260.934234619, 261.421844482, 261.897857666, 262.37387085, 262.849884033, 263.325897217, 263.8019104, 264.266296387, 264.730712891, 265.206695557, 265.68270874, 266.147125244, 266.623138428, 267.099121094, 267.575134277, 268.039550781, 268.515563965, 269.003173828, 269.490783691, 269.978393555, 270.466033936, 270.953643799, 271.441253662, 271.940490723, 272.439727783, 272.950561523, 273.461395264, 273.949005127, 274.436645508, 274.912658691, 275.388671875, 275.853057861, 276.317443848, 276.793457031, 277.269470215, 277.745483398, 278.221496582, 278.697509766, 279.173522949, 279.637908936, 280.113922119, 280.589935303, 281.065948486, 281.530334473, 282.006347656, 282.48236084, 282.958374023, 283.42276001, 283.898773193, 284.374786377, 284.850799561, 285.326782227, 285.80279541, 286.278808594, 286.754821777, 287.230834961, 287.695220947, 288.159637451, 288.635650635, 289.111663818, 289.587646484, 290.052062988, 290.528076172, 291.004089355, 291.480072021, 291.956085205, 292.432098389, 292.908111572, 293.384124756, 293.860137939, 294.336151123, 294.812133789, 295.288146973, 295.764160156, 296.22857666, 296.704589844, 297.16897583, 297.644989014, 298.121002197, 298.597015381, 299.072998047, 299.54901123, 300.013427734, 300.489440918, 300.965423584, 301.441436768, 301.929077148, 302.416687012, 302.904296875, 303.391906738, 303.879547119, 304.367156982, 304.843170166, 305.330780029, 305.806793213, 306.294403076, 306.782043457, 307.26965332, 307.722442627, 308.163635254, 308.604797363, 309.034362793, 309.47555542, 309.916717529, 310.357910156, 310.799072266, 311.240264893, 311.669830322, 312.111022949, 312.540588379, 312.970153809, 313.411346436, 313.840911865, 314.282073975, 314.723266602, 315.164428711, 315.605621338, 316.046783447, 316.487976074, 316.929168701, 317.370330811, 317.823120117, 318.264312744, 318.717102051, 319.169891357, 319.622680664, 320.063842773, 320.5050354, 320.94619751, 321.387390137, 321.828552246, 322.269744873, 322.7109375, 323.152099609, 323.604888916, 324.057678223, 324.510467529, 324.963256836, 325.416046143, 325.868835449, 326.310028076, 326.751190186, 327.192382812, 327.621948242, 328.051513672, 328.492706299, 328.933868408, 329.375061035, 329.816223145, 330.257415771, 330.698577881, 331.128143311, 331.557739258, 331.998901367, 332.440093994, 332.881256104, 333.32244873, 333.75201416, 334.18157959, 334.622772217, 335.063934326, 335.493499756, 335.934692383, 336.364257812, 336.805450439, 337.246612549, 337.687805176, 338.128967285, 338.570159912, 338.999725342, 339.429290771, 339.870483398, 340.300048828, 340.741210938, 341.182403564, 341.623565674, 342.07635498, 342.529144287, 342.981933594, 343.423126221, 343.86428833, 344.305480957, 344.746673584, 345.153015137, 345.570983887, 345.988922119, 346.441711426, 346.882904053, 347.335693359, 347.788482666, 348.241271973, 348.694061279, 349.146850586, 349.588012695, 350.040802002, 350.481994629, 350.923156738, 351.364349365, 351.828735352, 352.293151855, 352.745941162, 353.198730469, 353.639892578, 354.081085205, 354.522247314, 354.963439941, 355.404632568, 355.845794678, 356.275360107, 356.704925537, 357.146118164, 357.587280273, 358.0284729, 358.469665527, 358.922454834, 359.375244141, 359.81640625, 360.269195557, 360.721984863, 361.232818604, 361.743652344, 362.254516602, 362.742126465, 363.241363525, 363.740570068, 364.193359375, 364.646148682, 365.098937988, 365.551727295, 366.004516602, 366.457305908, 366.910095215, 367.397735596, 367.885345459, 368.372955322, 368.930236816, 369.487518311, 370.044799805, 370.590484619, 371.147735596, 371.716644287, 372.285522461, 372.854400635, 373.411682129, 373.968963623, 374.526245117, 375.071929932, 375.629211426, 376.18649292, 376.743743896, 377.301025391, 377.765441895, 378.229827881, 378.694244385, 379.08895874, 379.483703613, 379.878448486, 380.273193359, 380.667938232, 381.062683105, 381.457397461, 381.852142334, 382.258483887, 382.711273193, 383.15246582], "beats_loudness": {"dvar2": 0.00170713872649, "var": 0.000697605486494, "min": 0, "dmean": 0.012570746243, "mean": 0.0180709008127, "max": 0.185924232006, "dmean2": 0.0226355325431, "median": 0.00682176509872, "dvar": 0.000503711577039}, "bpm_histogram_second_peak_weight": {"dvar2": 0, "var": 0, "min": 0.0881272926927, "dmean": 0, "mean": 0.0881272926927, "max": 0.0881272926927, "dmean2": 0, "median": 0.0881272926927, "dvar": 0}, "bpm_histogram_second_peak_spread": {"dvar2": 0, "var": 0, "min": 0.485714256763, "dmean": 0, "mean": 0.485714256763, "max": 0.485714256763, "dmean2": 0, "median": 0.485714256763, "dvar": 0}, "bpm_histogram_second_peak_bpm": {"dvar2": 0, "var": 0, "min": 136, "dmean": 0, "mean": 136, "max": 136, "dmean2": 0, "median": 136, "dvar": 0}, "onset_rate": 2.92015361786}, "lowlevel": {"spectral_energyband_high": {"dvar2": 2.0491265218e-07, "var": 5.71977295749e-07, "min": 7.11226369662e-21, "dmean": 9.84566577245e-05, "mean": 0.000258617219515, "max": 0.0114872734994, "dmean2": 0.000145030586282, "median": 9.32617240323e-06, "dvar": 1.04042513271e-07}, "spectral_energyband_middle_low": {"dvar2": 0.000211728154682, "var": 0.000190034683328, "min": 1.23743914902e-22, "dmean": 0.00314546772279, "mean": 0.00700212363154, "max": 0.185019046068, "dmean2": 0.00502668786794, "median": 0.00215420592576, "dvar": 8.2461447164e-05}, "spectral_energy": {"dvar2": 0.00033099934808, "var": 0.000566841161344, "min": 9.94630806764e-21, "dmean": 0.00462097907439, "mean": 0.0142308687791, "max": 0.357405930758, "dmean2": 0.00707880454138, "median": 0.00540202111006, "dvar": 0.000130845844978}, "spectral_spread": {"dvar2": 655522201600, "var": 13576669495300.0, "min": 618879.5625, "dmean": 354542.65625, "mean": 3389000.25, "max": 42713304, "dmean2": 562221.25, "median": 2955799, "dvar": 300915392512}, "spectral_energyband_low": {"dvar2": 0.000117605071864, "var": 0.000136408969411, "min": 5.95367406337e-24, "dmean": 0.00229444820434, "mean": 0.00501850573346, "max": 0.249722003937, "dmean2": 0.00345436949283, "median": 0.00167434441391, "dvar": 4.17697738158e-05}, "spectral_rolloff": {"dvar2": 663927.25, "var": 3761405, "min": 86.1328125, "dmean": 261.858978271, "mean": 1308.13696289, "max": 19789.0136719, "dmean2": 439.192901611, "median": 796.728515625, "dvar": 290283.78125}, "barkbands": {"dvar2": [5.39292166479e-10, 5.08349221491e-05, 2.54179522017e-05, 3.19919090543e-05, 0.000135485781357, 6.4919477154e-06, 2.08833830584e-06, 9.58963823905e-07, 4.07285824622e-07, 4.10262686046e-07, 2.43266839561e-07, 4.14153049633e-07, 4.21251399985e-07, 7.24094491034e-07, 1.66247446032e-06, 2.31400235862e-07, 1.15232739972e-06, 3.48234436842e-07, 1.55606414864e-07, 1.41733195846e-07, 8.66635758712e-08, 1.02753165976e-08, 9.13322217855e-09, 4.26459623171e-09, 5.91033533226e-09, 5.18410370187e-10, 6.89221527073e-11], "var": [5.18880494127e-10, 5.47228773939e-05, 2.74674530374e-05, 1.28775718622e-05, 7.6155331044e-05, 1.23934078147e-05, 5.47006084162e-06, 1.27981047626e-06, 6.09372023064e-07, 8.07155288385e-07, 4.38379515799e-07, 5.03167655097e-07, 4.99441796364e-07, 5.99261113621e-07, 1.40815370742e-06, 2.29751734082e-07, 1.0825795016e-06, 2.92253957923e-07, 1.36010982033e-07, 1.23813691744e-07, 1.44398526913e-07, 1.45771377191e-08, 1.45828513709e-08, 5.12721598511e-09, 7.31076443827e-09, 4.00463384675e-10, 5.85797244046e-11], "min": [2.44495555356e-25, 1.91287114096e-24, 1.30436819476e-24, 9.13785312602e-25, 5.50529854105e-24, 9.52088611627e-24, 8.0408110864e-24, 3.15695231737e-24, 1.16474744676e-23, 1.14478358606e-23, 1.12821356275e-23, 2.01117847421e-23, 2.33022853416e-23, 3.23445592915e-23, 4.46154768434e-23, 6.09296473225e-23, 7.36223624895e-23, 9.71354156878e-23, 1.48319860351e-22, 1.68056907764e-22, 2.0604531876e-22, 2.76010793461e-22, 3.44997626255e-22, 5.2911574205e-22, 8.17792385231e-22, 1.223920446e-21, 1.82334497501e-21], "dmean": [6.74666944178e-06, 0.001072555664, 0.00126230216119, 0.00086684548296, 0.00205334392376, 0.000539519067388, 0.000341648905305, 0.000195497312234, 0.000138068353408, 0.000128190018586, 0.000116647432151, 0.000127385181258, 0.000136822622153, 0.000110908193165, 0.000236748121097, 0.000103427148133, 0.00018208649999, 0.000107409265183, 6.80410230416e-05, 6.44112515147e-05, 5.02095026604e-05, 1.89724341908e-05, 1.31162532853e-05, 8.27151234262e-06, 7.53025278755e-06, 2.44752845902e-06, 7.49795276533e-07], "mean": [1.09874299596e-05, 0.00217581540346, 0.00236598681659, 0.00108684541192, 0.0030441689305, 0.00129505700897, 0.000785460288171, 0.000409541215049, 0.000301178952213, 0.000281296495814, 0.000241825648118, 0.000243656948442, 0.000256573024672, 0.000203322706511, 0.000390009197872, 0.000186251607374, 0.000311811279971, 0.000190217164345, 0.000123871912365, 0.000114299204142, 0.000111024506623, 3.80603160011e-05, 2.6790314223e-05, 1.68101778399e-05, 1.50394198499e-05, 3.85573093808e-06, 1.11278666282e-06], "max": [0.000435721682152, 0.206013381481, 0.129713132977, 0.107067480683, 0.156159937382, 0.0780759230256, 0.0741838291287, 0.019060254097, 0.0145801333711, 0.0189061015844, 0.0150014413521, 0.0150988586247, 0.0144016491249, 0.0550856590271, 0.025590127334, 0.00816113967448, 0.0232455898076, 0.014359800145, 0.0109615139663, 0.0095394346863, 0.00840729661286, 0.00262367585674, 0.00514826411381, 0.00273850513622, 0.00308184535243, 0.000807367556263, 0.000329767441144], "dmean2": [1.00586648841e-05, 0.00164498307277, 0.00186769128777, 0.00145792088006, 0.00338549935259, 0.000812438083813, 0.000494952837471, 0.00029556726804, 0.000202034614631, 0.000180893024663, 0.000161922900588, 0.000189726037206, 0.000208538520383, 0.000166451514815, 0.000370886438759, 0.00016376253916, 0.000297996855807, 0.000174671818968, 0.000110269094876, 0.00010423441563, 7.75935623096e-05, 2.95165136777e-05, 1.95706270461e-05, 1.25698525153e-05, 1.06689667518e-05, 3.56828172698e-06, 1.09009681637e-06], "median": [2.32395723287e-06, 0.000400823570089, 0.000517424778081, 0.000173526481376, 0.000462533993414, 0.000250798882917, 0.00010955461039, 5.61219603696e-05, 5.76495876885e-05, 2.63810397882e-05, 4.02482801292e-05, 2.29984379985e-05, 2.69493175438e-05, 2.07195153052e-05, 2.86202630377e-05, 1.8393055143e-05, 9.36145625019e-06, 8.04892806627e-06, 3.10620657729e-06, 4.14960913986e-06, 2.36495952777e-06, 1.33456592266e-06, 6.2749808194e-07, 5.12887538662e-07, 2.39788704448e-07, 1.06439834724e-07, 3.58935814404e-08], "dvar": [2.39420844261e-10, 1.76502271643e-05, 1.05753479147e-05, 1.18591615319e-05, 5.23504750163e-05, 2.90328421215e-06, 1.07012647277e-06, 3.86725702128e-07, 1.803740588e-07, 2.13080440403e-07, 1.31347974275e-07, 1.81228301699e-07, 1.81094449658e-07, 3.258948027e-07, 6.70291342431e-07, 9.26981229554e-08, 4.47815409643e-07, 1.31899781763e-07, 5.96105635964e-08, 5.33710178274e-08, 3.71839732338e-08, 4.44194014904e-09, 4.61302507304e-09, 1.8487373854e-09, 2.81590262219e-09, 2.26099541867e-10, 3.28503613201e-11]}, "melbands_skewness": {"dvar2": 1.13112330437, "var": 3.39986872673, "min": -3.87478733063, "dmean": 0.612067759037, "mean": 2.47625374794, "max": 16.8875694275, "dmean2": 0.895443856716, "median": 2.2296333313, "dvar": 0.501655220985}, "barkbands_skewness": {"dvar2": 1.42067492008, "var": 6.69558906555, "min": -5.28807067871, "dmean": 0.560281038284, "mean": 1.89342439175, "max": 58.9959945679, "dmean2": 0.786842942238, "median": 1.48816239834, "dvar": 0.813511013985}, "erbbands": {"dvar2": [0.00845889747143, 3.94679450989, 32.6007003784, 108.664886475, 1026.90917969, 2028.67370605, 1039.90844727, 511.772857666, 374.376403809, 324.28793335, 546.324584961, 171.392486572, 161.601196289, 646.190368652, 174.59576416, 714.20098877, 854.909973145, 706.194274902, 3704.45336914, 2088.22045898, 1148.36645508, 3761.00244141, 1149.3963623, 494.638793945, 482.446411133, 198.195648193, 182.370834351, 90.6143722534, 19.0933074951, 9.72473239899, 6.14497280121, 1.61297690868, 1.54642486572, 0.97716230154, 0.384861022234, 0.0306570716202, 0.00157532258891, 0.000183397278306, 2.00103409043e-06, 9.30199295368e-09], "var": [0.015046778135, 4.00092601776, 37.0532455444, 57.3123893738, 496.849273682, 919.156677246, 1286.88562012, 858.382263184, 910.711853027, 867.899963379, 615.805114746, 262.045288086, 376.571411133, 1251.28881836, 222.145141602, 938.543212891, 1094.98608398, 867.962341309, 3109.3449707, 1951.0958252, 1236.13256836, 3752.37451172, 1024.55029297, 503.483795166, 396.930084229, 200.666625977, 223.97668457, 189.536254883, 24.0453014374, 14.0928144455, 10.4819068909, 1.6902513504, 1.93244194984, 1.68900036812, 0.341675370932, 0.0222203750163, 0.00164394953754, 0.000118067560834, 1.9603551209e-06, 1.48819943036e-08], "min": [5.56046468856e-23, 1.04964532006e-22, 1.59637336001e-21, 5.25570729884e-21, 1.63647215189e-20, 1.41925419992e-20, 2.64199678192e-20, 1.01987537355e-19, 1.24196283439e-19, 1.45213185046e-19, 1.48904775797e-19, 2.9880428798e-19, 3.88078014083e-19, 6.68681433454e-19, 7.8686202004e-19, 1.03399034475e-18, 1.5221400231e-18, 1.85825959174e-18, 1.80770851655e-18, 3.15241054345e-18, 4.57426825557e-18, 4.84455944689e-18, 5.49734350294e-18, 5.54401799619e-18, 7.25178655113e-18, 8.58990173881e-18, 7.83137546274e-18, 9.0950394322e-18, 1.09683983788e-17, 1.07896314136e-17, 1.08496268234e-17, 1.0711748223e-17, 8.67593927586e-18, 8.12004495291e-18, 5.69400197127e-18, 3.47612808976e-18, 2.33248016896e-18, 9.5056421689e-19, 2.47624917421e-19, 2.28280200197e-20], "dmean": [0.0189408063889, 0.291930139065, 1.28803098202, 2.02221369743, 5.74489498138, 7.05433368683, 5.32634830475, 4.46093940735, 4.43369245529, 4.76152133942, 4.23811531067, 2.89930582047, 3.19927477837, 5.29770231247, 3.34225606918, 5.29056453705, 6.12880563736, 5.52090787888, 9.13981628418, 8.6217622757, 7.25289916992, 9.09723186493, 5.91013479233, 3.99223661423, 3.73019719124, 2.69437646866, 2.25680780411, 1.63145780563, 0.765977263451, 0.489992201328, 0.350049883127, 0.169213488698, 0.136489093304, 0.101367093623, 0.0438705421984, 0.0145233739167, 0.00423271395266, 0.00109801674262, 0.000128995830892, 1.06898514787e-05], "mean": [0.0378534495831, 0.593995392323, 2.52299833298, 3.23959636688, 7.27135372162, 9.91875457764, 10.8486099243, 10.5539159775, 11.2188024521, 11.0269594193, 8.79725933075, 6.6860833168, 7.38268947601, 11.8919668198, 7.22260904312, 10.6805782318, 12.1858654022, 11.2812108994, 16.1562137604, 15.4091787338, 14.0660982132, 16.5312156677, 11.170208931, 7.75252819061, 6.5988240242, 4.97316884995, 4.69185829163, 3.54235267639, 1.55868065357, 0.983458101749, 0.725139200687, 0.335109740496, 0.291248053312, 0.230187132955, 0.0746659338474, 0.0228510834277, 0.00687312847003, 0.00157127599232, 0.000199159869226, 2.74764006463e-05], "max": [3.89360785484, 54.5000801086, 157.611022949, 189.620056152, 419.862243652, 703.331726074, 733.244506836, 644.811523438, 636.879638672, 1076.28027344, 587.32824707, 255.804290771, 417.021942139, 733.909118652, 260.878692627, 591.948730469, 769.272155762, 691.36340332, 2782.30761719, 1137.91235352, 690.85546875, 1510.92651367, 819.564880371, 531.822570801, 416.180786133, 358.141662598, 430.512756348, 350.848480225, 110.889503479, 167.86769104, 99.2592926025, 46.7773933411, 48.3099899292, 44.5023269653, 24.0240039825, 6.45713472366, 2.06529664993, 0.554314911366, 0.068881355226, 0.00753980875015], "dmean2": [0.0267466064543, 0.453193098307, 1.92936098576, 3.26365303993, 9.67495155334, 11.8261890411, 8.59588623047, 6.67617321014, 6.44464826584, 6.89146661758, 6.35770320892, 4.21746683121, 4.50398826599, 7.28314781189, 4.86475276947, 7.80366277695, 9.21792125702, 8.28910541534, 14.1544055939, 13.4881076813, 11.4617834091, 14.7516479492, 9.5727930069, 6.42610883713, 6.05202531815, 4.31790924072, 3.58358597755, 2.45712041855, 1.20231926441, 0.75295996666, 0.518029630184, 0.248837292194, 0.206668302417, 0.144613012671, 0.0609274283051, 0.020968908444, 0.00609700987116, 0.00161519018002, 0.000182774150744, 1.50957321239e-05], "median": [0.00787724833935, 0.116538591683, 0.560966253281, 0.833757460117, 0.83347171545, 1.43185162544, 1.57371914387, 2.21085572243, 1.7733014822, 1.79168713093, 1.44753372669, 1.25749790668, 1.2586877346, 1.59006226063, 1.77733433247, 0.939993262291, 1.41131150723, 1.56151044369, 1.04607641697, 1.55550611019, 1.36684918404, 0.682234525681, 0.530282795429, 0.330071121454, 0.173598557711, 0.207280173898, 0.0957087501884, 0.069443769753, 0.0572821162641, 0.0324002169073, 0.0155298095196, 0.00942607689649, 0.0074344528839, 0.0030401351396, 0.00141898856964, 0.000654923089314, 0.000212122540688, 4.39000941697e-05, 1.02347848951e-05, 7.38278231438e-06], "dvar": [0.00373826525174, 1.34191930294, 12.5402402878, 40.7325210571, 390.873016357, 750.20715332, 376.610290527, 228.312530518, 177.647781372, 170.211502075, 217.488876343, 75.1575927734, 85.3283309937, 349.06149292, 76.0489807129, 317.663696289, 373.765930176, 309.068695068, 1594.14929199, 843.071289062, 455.645507812, 1517.92602539, 442.882568359, 188.043609619, 184.090164185, 78.8483505249, 72.3000564575, 44.9868240356, 7.94715166092, 4.61258745193, 3.1043305397, 0.697780847549, 0.656026780605, 0.455344289541, 0.183830216527, 0.0132108489051, 0.000784255913459, 8.21526700747e-05, 9.96659537122e-07, 5.53908519052e-09]}, "silence_rate_30dB": {"dvar2": 0.0142515813932, "var": 0.0110624628142, "min": 0, "dmean": 0.00604887492955, "mean": 0.988810241222, "max": 1, "dmean2": 0.0120984818786, "median": 1, "dvar": 0.0060127004981}, "melbands_spread": {"dvar2": 101.847068787, "var": 390.12286377, "min": 0.18058617413, "dmean": 4.36303424835, "mean": 17.8755912781, "max": 174.815475464, "dmean2": 6.62388038635, "median": 11.6258239746, "dvar": 44.7349014282}, "melbands_crest": {"dvar2": 18.965385437, "var": 40.0904884338, "min": 1.56567394733, "dmean": 2.70559287071, "mean": 15.7983646393, "max": 34.8640785217, "dmean2": 4.18213319778, "median": 14.9841442108, "dvar": 7.4270606041}, "zerocrossingrate": {"dvar2": 7.718357665e-05, "var": 0.00295262341388, "min": 0.00244140625, "dmean": 0.00563670648262, "mean": 0.0486652180552, "max": 0.529296875, "dmean2": 0.00682598352432, "median": 0.037109375, "dvar": 5.68078030483e-05}, "barkbands_kurtosis": {"dvar2": 4560.26806641, "var": 13371.15625, "min": -1.83020365238, "dmean": 7.34939289093, "mean": 16.6893138885, "max": 6392.29980469, "dmean2": 9.32900524139, "median": 2.86948728561, "dvar": 3377.99194336}, "spectral_flux": {"dvar2": 0.00116892973892, "var": 0.00186705205124, "min": 6.27582430468e-11, "dmean": 0.0125302728266, "mean": 0.0404620096087, "max": 0.436541855335, "dmean2": 0.0207642372698, "median": 0.0262696631253, "dvar": 0.000443225668278}, "barkbands_crest": {"dvar2": 12.0579481125, "var": 28.7266483307, "min": 2.39356780052, "dmean": 2.18267989159, "mean": 12.0202331543, "max": 26.9380493164, "dmean2": 3.35312628746, "median": 11.0061578751, "dvar": 4.82503509521}, "barkbands_flatness_db": {"dvar2": 0.000986476195976, "var": 0.0140238180757, "min": 0.035348393023, "dmean": 0.0200529824942, "mean": 0.231283798814, "max": 0.626638412476, "dmean2": 0.0294554233551, "median": 0.20691858232, "dvar": 0.000452335749287}, "spectral_entropy": {"dvar2": 0.0815951228142, "var": 1.12762176991, "min": 2.84688472748, "dmean": 0.168138295412, "mean": 6.41758108139, "max": 9.82449054718, "dmean2": 0.249426856637, "median": 6.52114677429, "dvar": 0.0389238148928}, "pitch_salience": {"dvar2": 0.00938052218407, "var": 0.0200667586178, "min": 0.0176574829966, "dmean": 0.0625986605883, "mean": 0.486564278603, "max": 0.868112623692, "dmean2": 0.0965533703566, "median": 0.499189645052, "dvar": 0.00360511918552}, "erbbands_spread": {"dvar2": 81.4118728638, "var": 272.785369873, "min": 0.415105819702, "dmean": 4.93640136719, "mean": 25.7789478302, "max": 134.233276367, "dmean2": 7.37826395035, "median": 23.6699428558, "dvar": 37.7231864929}, "dynamic_complexity": 7.07958984375, "spectral_contrast_valleys": {"dvar2": [0.293850630522, 0.270475119352, 0.296012848616, 0.243590056896, 0.17584374547, 0.151268944144], "var": [7.24301052094, 7.25772714615, 6.25384140015, 6.12382793427, 5.62019824982, 3.87862586975], "min": [-28.1082954407, -28.0181598663, -27.8118438721, -27.7529811859, -27.5003757477, -27.3955039978], "dmean": [0.382288634777, 0.3440797925, 0.324208408594, 0.285735100508, 0.254991978407, 0.200664594769], "mean": [-8.82028007507, -8.65260505676, -9.50601577759, -9.92642879486, -10.0549964905, -12.5382900238], "max": [-4.57532501221, -4.78261566162, -5.49388933182, -5.55692958832, -5.60062360764, -8.4041185379], "dmean2": [0.630538225174, 0.564997792244, 0.533574402332, 0.456021428108, 0.384666621685, 0.289560616016], "median": [-7.73287916183, -7.9415063858, -9.16894054413, -9.84968471527, -10.3189992905, -13.0383777618], "dvar": [0.122228518128, 0.114530056715, 0.125345736742, 0.106728769839, 0.0882412716746, 0.0802582502365]}, "hfc": {"dvar2": 44.4378585815, "var": 265.196960449, "min": 1.07204499976e-16, "dmean": 2.06934976578, "mean": 8.60381412506, "max": 207.928466797, "dmean2": 2.89970612526, "median": 1.90683162212, "dvar": 24.8514842987}, "spectral_kurtosis": {"dvar2": 173.450286865, "var": 502.876922607, "min": -1.27591729164, "dmean": 5.30390262604, "mean": 19.1526699066, "max": 179.706420898, "dmean2": 8.90111637115, "median": 8.5217590332, "dvar": 66.7886581421}, "mfcc": {"mean": [-802.166748047, 139.244979858, -7.20693159103, 15.4694375992, 4.37340831757, 2.2324860096, -2.93134784698, -1.13835656643, 1.01759791374, 0.117999434471, -2.10329794884, 0.80754673481, 2.90960788727], "cov": [[21630.7617188, 981.53503418, -1811.67822266, 1954.4161377, 540.244934082, 423.588928223, 92.0124206543, -59.890914917, -167.209686279, -230.841995239, -142.729171753, -10.7238988876, -535.354675293], [981.53503418, 3963.59008789, 1611.77026367, 490.880096436, 810.395019531, 162.255157471, 64.0681228638, -174.577911377, -130.03817749, -163.337890625, -175.110305786, -189.476806641, -304.986938477], [-1811.67822266, 1611.77026367, 2360.4753418, 351.548950195, 474.816619873, 107.061691284, -9.71653938293, -63.4887657166, -96.3856964111, -199.876663208, -187.062667847, -155.730377197, -186.886459351], [1954.4161377, 490.880096436, 351.548950195, 817.1953125, 405.928924561, 209.923339844, 136.133605957, 55.9701042175, 32.8273277283, -49.7616195679, -90.2225494385, -55.0538444519, -112.083015442], [540.244934082, 810.395019531, 474.816619873, 405.928924561, 642.335205078, 288.92868042, 138.202377319, 66.713432312, 24.2206077576, -65.1194610596, -115.257415771, -88.8170547485, -76.3849105835], [423.588928223, 162.255157471, 107.061691284, 209.923339844, 288.92868042, 340.557037354, 185.930664062, 100.339874268, 57.8168869019, -0.340451300144, -58.153011322, -57.7277069092, -22.1846218109], [92.0124206543, 64.0681228638, -9.71653938293, 136.133605957, 138.202377319, 185.930664062, 277.455200195, 134.696228027, 81.8060913086, 22.3549594879, -15.0518703461, -13.7780447006, -33.7336578369], [-59.890914917, -174.577911377, -63.4887657166, 55.9701042175, 66.713432312, 100.339874268, 134.696228027, 243.969589233, 115.234855652, 46.69764328, -1.98954176903, -4.64452266693, 17.1438674927], [-167.209686279, -130.03817749, -96.3856964111, 32.8273277283, 24.2206077576, 57.8168869019, 81.8060913086, 115.234855652, 232.33833313, 104.988357544, 20.2092247009, 25.6668777466, 7.65666675568], [-230.841995239, -163.337890625, -199.876663208, -49.7616195679, -65.1194610596, -0.340451300144, 22.3549594879, 46.69764328, 104.988357544, 220.088241577, 134.153259277, 34.0612106323, 25.2542877197], [-142.729171753, -175.110305786, -187.062667847, -90.2225494385, -115.257415771, -58.153011322, -15.0518703461, -1.98954176903, 20.2092247009, 134.153259277, 199.736114502, 84.6090774536, 23.7174053192], [-10.7238988876, -189.476806641, -155.730377197, -55.0538444519, -88.8170547485, -57.7277069092, -13.7780447006, -4.64452266693, 25.6668777466, 34.0612106323, 84.6090774536, 181.960891724, 96.8627166748], [-535.354675293, -304.986938477, -186.886459351, -112.083015442, -76.3849105835, -22.1846218109, -33.7336578369, 17.1438674927, 7.65666675568, 25.2542877197, 23.7174053192, 96.8627166748, 207.408325195]], "icov": [[9.63390994002e-05, -5.46291666979e-05, 0.000164487588336, -0.000267039227765, 0.000104373597424, -0.00019239228277, 0.000223121227464, -7.83447030699e-05, 0.000114635418868, 7.75336666266e-05, 6.40160651528e-05, -0.000212484490476, 0.000311107753078], [-5.46291666979e-05, 0.000515118823387, -0.000295886333333, 0.000217283755774, -0.000680336670484, 0.000450626364909, -0.000366646709153, 0.000441868935013, 5.70194861211e-05, -0.000244430266321, 6.11193318036e-05, 6.46016196697e-05, 0.000159252551384], [0.000164487588336, -0.000295886333333, 0.000929716741666, -0.000516200670972, 2.83665685856e-05, -0.000324602908222, 0.000612506235484, -0.00024887159816, 0.000186357749044, 0.000447349302704, 0.000171934545506, -0.000263201334747, 0.000686078274157], [-0.000267039227765, 0.000217283755774, -0.000516200670972, 0.00267762946896, -0.00134291115683, 0.000364093721146, -0.000845916278195, 0.000224458883167, -0.000263094669208, -0.000408073043218, 0.000327744957758, -9.33925621212e-05, 6.58705394017e-05], [0.000104373597424, -0.000680336670484, 2.83665685856e-05, -0.00134291115683, 0.00451865466312, -0.00305054080673, 0.000914249452762, -0.000712162698619, -4.80995877297e-05, 0.000529995653778, 0.000355763564585, -7.86161836004e-05, 4.75382948935e-05], [-0.00019239228277, 0.000450626364909, -0.000324602908222, 0.000364093721146, -0.00305054080673, 0.00788941606879, -0.00417229346931, 0.000465601653559, -0.00033755847835, -0.000723388511688, 0.000213005550904, 0.00204514805228, -0.00180530815851], [0.000223121227464, -0.000366646709153, 0.000612506235484, -0.000845916278195, 0.000914249452762, -0.00417229346931, 0.00810028333217, -0.0030827568844, -0.000109876833449, 0.000374335999368, 0.000185432611033, -0.00186211953405, 0.00240115332417], [-7.83447030699e-05, 0.000441868935013, -0.00024887159816, 0.000224458883167, -0.000712162698619, 0.000465601653559, -0.0030827568844, 0.00735340127721, -0.00267928279936, 0.000142423334182, -0.000495157146361, 0.00145445985254, -0.00151816394646], [0.000114635418868, 5.70194861211e-05, 0.000186357749044, -0.000263094669208, -4.80995877297e-05, -0.00033755847835, -0.000109876833449, -0.00267928279936, 0.00820963643491, -0.00502396980301, 0.00358901382424, -0.00291337468661, 0.00181409192737], [7.75336666266e-05, -0.000244430266321, 0.000447349302704, -0.000408073043218, 0.000529995653778, -0.000723388511688, 0.000374335999368, 0.000142423334182, -0.00502396980301, 0.012270508334, -0.00881241820753, 0.0035120586399, -0.00175088865217], [6.40160651528e-05, 6.11193318036e-05, 0.000171934545506, 0.000327744957758, 0.000355763564585, 0.000213005550904, 0.000185432611033, -0.000495157146361, 0.00358901382424, -0.00881241820753, 0.0135248396546, -0.00625342549756, 0.00312641519122], [-0.000212484490476, 6.46016196697e-05, -0.000263201334747, -9.33925621212e-05, -7.86161836004e-05, 0.00204514805228, -0.00186211953405, 0.00145445985254, -0.00291337468661, 0.0035120586399, -0.00625342549756, 0.0116758681834, -0.00603217305616], [0.000311107753078, 0.000159252551384, 0.000686078274157, 6.58705394017e-05, 4.75382948935e-05, -0.00180530815851, 0.00240115332417, -0.00151816394646, 0.00181409192737, -0.00175088865217, 0.00312641519122, -0.00603217305616, 0.00945864804089]]}, "silence_rate_20dB": {"dvar2": 0, "var": 0, "min": 1, "dmean": 0, "mean": 1, "max": 1, "dmean2": 0, "median": 1, "dvar": 0}, "melbands_kurtosis": {"dvar2": 401.168579102, "var": 610.605407715, "min": -1.92435753345, "dmean": 6.28054141998, "mean": 15.4256353378, "max": 418.982971191, "dmean2": 9.32724189758, "median": 7.01048183441, "dvar": 173.121261597}, "barkbands_spread": {"dvar2": 41.236038208, "var": 147.823638916, "min": 0.0198621042073, "dmean": 2.97523665428, "mean": 13.7325019836, "max": 112.305038452, "dmean2": 4.49934530258, "median": 10.2499952316, "dvar": 18.1048088074}, "erbbands_skewness": {"dvar2": 0.490208238363, "var": 1.939904809, "min": -6.77191495895, "dmean": 0.371760964394, "mean": 0.620514035225, "max": 15.5983839035, "dmean2": 0.52910554409, "median": 0.320288896561, "dvar": 0.252295106649}, "average_loudness": 0.00504622561857, "spectral_centroid": {"dvar2": 113884.664062, "var": 1391569.875, "min": 116.899002075, "dmean": 152.472930908, "mean": 1133.76269531, "max": 11857.6210938, "dmean2": 233.327407837, "median": 830.000488281, "dvar": 49644.8515625}, "dissonance": {"dvar2": 0.00255421572365, "var": 0.00665429560468, "min": 0.0733227357268, "dmean": 0.0263934265822, "mean": 0.416753023863, "max": 0.500000059605, "dmean2": 0.044263053685