{"metadata": {"tags": {"label": ["Om Records"], "catalognumber": ["OM 315"], "genre": ["Hip Hop, Rap"], "asin": ["B001EN46FC"], "album": ["Mushroom Jazz, Volume 6"], "musicbrainz album type": ["compilation"], "script": ["Latn"], "albumartistsort": ["Farina, Mark", "Farina, Mark"], "musicbrainz album release country": ["US"], "acoustid_id": ["e5cb8a3f-38db-4769-941f-e82801bd1509"], "musicbrainz_artistid": ["947451fa-109d-4479-9072-b9527f291799"], "musicbrainz_releasegroupid": ["0c1564e4-60a6-3fc1-9c2f-51d0e488582e"], "musicbrainz_recordingid": ["0c455b59-ad8b-4865-bf9d-f5bc439273f9"], "musicbrainz album status": ["Official"], "albumartist": ["Mark Farina"], "barcode": ["600353081529"], "originaldate": ["2008-10-21"], "artist": ["Rubberoom"], "bpm": ["0"], "musicbrainz_albumid": ["cb06a172-2b89-47ba-bfdd-4a745278d60c"], "artistsort": ["Rubberoom"], "title": ["Bodyscatchin\u2019 (On the Isle) (instrumental)"], "tracknumber": ["12/20"], "musicbrainz_albumartistid": ["723644fe-d2b7-4b9c-a8e8-9ed7d5cdb476"], "discnumber": ["1/1"], "date": ["2008-10-21"], "acoustid_fingerprint": ["AQADtFEiaUmyJJESdNKDvkGY48ePMMoY4lN46BQcWcdXB9eJ_oip4w3CRMfDHbk0Fr1wL0Z-4mie9WAm5VA37ehzwZXhMTT04_PxCRcToX-GP-izB80kEffA6MnhboV4VJON_Gge9MOHZuuRT-GKixAj_MNFHiEuHdVDODoeDmfEEj2-GDlzHM13dIe0RqOCPsWhl8Z1_CrMwZGUHX1wS0GfPWgU41kCRk8H_xB_VNOH_GjQF0eYjTqeHvIERz7-IRbJBcUpHQ_RRGPwZDh5osdNIw-LE80zMIfMNA1qJTj-41eho0oSCS_eI9eE5jlCTiAr4dNR_VB3dDx6hMGLE2G2HlekFXJIwbmOHxdJhA9O6XhDNDvuKDh5ouNwGpeK_GDyrGgVvB90RTL6Q-dxHfFxaqJha0d-mM-hUQnVgPkR7cUvfCuuTHlwZYfVHNWHPiyaZhz-JKieC8nyLEGeEc-DH0_CJmhCl5h-fCoxbzuepziPb7lQJ3wQJofsH5Fy1FtQp0Q6Q8pzxF6FF7iSLMdFR0jD65CPbIyCYz-uZ_iSKA8qJT4aNcc_9GGIptlxXkH4PIGWZwnyjHge_HgSNkETusT041OJfcP1VPiOa8sp1AmPMDlkH5Hy49GCm_AQPjlUr0LmHheuLHjoKMh0_McPPVIeKE0VA_0eHM9ymOhFZ7g0aJRyiGdF4ksO3xNKSjnx5A2uB6ozoXGkoM_xh-jT49eDD_vy4zp6BrWSw0fXjPh1aFZwGs-PXPtRCvfRnJge_MLFKEGP_A-OyzgPn9AuGpdQSt_hD-ItXDFKSuFGPLmFy8WrobkC7cEfcujTDb-O79ieH6519MzRLvDBUEqMPzn0CL2M7EOZ4brw5mgeTkdx7UJkJkpRvfgf_Ghl9OFhKofW1cEjlJoLf5KgJ_AvlJTw5GGKyw3uDI2nHP2FP0Sv4e2DD18OXT6m56iXoznu4UetHPJ3_Cc-lGqL55hmojlG8cMVYuLhcEOPLthv_OgXoyQfaMGDy0SP4z8ewmdQOTt6wuRy6MaJLc4XIM9RUUG-fLhCNBE_dFMOPcS4NEGPQ1eOhlGG_AGaiBlRq0cX7oid47egaceZI8zR4xRCjjn8rviUQoyOd7j4BUdoHjeLcg0cL7jEE4_QB2-iCvmOnkejBu8hPTPq48yhf7h-4cIlBb1U4sa_pEGDUkqEXxUYPfgOTZONH-HRvDjRM0c69viUQ5UJ88fFLzhC87hZlDMcD5eWEw_64E10_Ah_MJGW4fiYQoMfWD30Qz_hNDl0_A8u6Xg3OFQEej56aDacHeGYxkI_NMeJPke6pfiU6VBlwfxxH_mPWsJfom_giMOp5cTFCP3xZiGCPjzRqIG0Hs9S1PBz-Id6CZdxKaisE8edJUUzHr1kgbSE6oF_iNkVdESI5jV-9EQ69viUCjqcH9-6BflR87hZ9A3ScYin5riOHm9IIV-PkuzRPLiOT0mWCZoFHs-hXrgsXFKI60R__IuD5uhCSTgngbE7iN_hTLYQ7hbqo-nAE4y0HmlYgS8HNYf3SQiZHefxDz-oK8UZGdXk49HRB29WId9x8vBz44TqZJmCWvA_-DmuDy--HBolyTiLLymaH5MsZcIZxfiH_nh6_IdvaH_wKCiFf8djQVcslJSO62GK08a5o4-G5viPPsM7Pfh0HMrto_3RJ4crdM1xMsc1aB_OI-dR5jh19IvRHHmOXeJRqUrwE8d_3Dl8Q_uDR0Gp4x8eC7qy4ZSOTk81XDr-Fn00NMd_nDmqTsd3_FA-G8-NJzpcHV1zfGHwDNpcxJZwHe1-sEe9xfBROSfySqg46bj2gYd2C59iC-HQnDjRH-nW4DvkmHD24zrOIzxOCeUaIk2JfCEenejxZjF-IkfzoZNufEuWKYN28MLzQMXl4wouSiV6Gv_ioEczScS9FIzYNIL4wZSPUA86NGdwoke6J8eV6ZBLeD5-5OSD4pSOPoRH4ldynEePJ6OQZz1uofnRSQe3JcsUaBZ8iGMeXPiPR8FFqeg93IzRPDW6SMKVFNUbQVK3w7eCUBN-wydOHGG25vh2yLngD0dOHsUpHX1DOHrwMPhP9MKbhUK-HUez7ujwJpkDKTdcwc8DfMc7XJuOPs2Ex9DIoOHwLugH68dXNIqH9miU7sJRPQqaCiwX_KiP4xREZiv64z4aJxJyDelxiRJ8SOfxNDnCiCcuHSdzuOKJ67jR94jRHdM_aKlCBjf0H1MslA_6rPB3nGjWDC15NMp6vEWfBU2O83hzozvuHToPfz1K4iyaiEXlkCil7NgO8Qq6SkfJKEfDOETO6MUl5fBjvHhyTfjmB_0RMRea6ccz4fNwNEd3gZGpTXgG3UIVKUd--PhwhNmY4woPuYYjH98RknyAUzr6hvCOe8HlEz2eUXiJfEfzHZ1uSGtKBe0SHi68HvrxH9dwaTnR46icqUEzCt-WghGbw18D8aimIz-MF0eYjTqu7JBLwZHx_Tj5IMR5VGYIRyueBf-JHqdxhkWO5tnR9eCaB9rDHIY47Rl-_Hi0Hc9RiQ_e48pU3CSkKI5ViJsP7Q0eXfhuoVGYBVWJk2HwoydOkYUWeTG-fSgfACWEIEwJgYQBwiCiACPECEUUENAIAQgAAggCjACCAA2oIkwAZgQACBnAjHKAmMGcQABIIQgFAjCCjFAKUMIAA8YIgKgywghkgiAAGALAVUQiwAAQUmnHBBLCCIABUgIY4RhyQBDikABAUSAEA4IAywQiAChCBVICACEEM8ggxIwiBiFhCbHCGAKQAswygAwBggAqAFAGACEEM8ggRIgyhgBiiRUICWIAUlQw5JAxBCgHAEOACWEEQEhYAoADAgiAAAXCAAIMFAIBgQAShDGgAAHkQAABI0AoJwACRBAAgEDCAASAAEAQggwnBiBAFCGCAIcIEA45QQRAQBBFgABAGAeBEgYKQpwgRAijkBCGICCRIYgRjIQxCgAgCAECCoYUNBoyoRAhAgEqlCJMACENEBQBI5wSCAkGmBEEIAEAEEBQAISASAnKBANCCCAAEBQBI5wSQBnBFALMCQIIBEAIxhB3TDAkBBAAICEEMEAIoYAAhDkAAHKCABCUgII5wRQQAggDhEAAKEiUEEQAAQFhRgrAgDAAACAMAkQYQBQDSClCiHBMCeEIA0IABYwE1iDmACOCKqCAIYAA5ZwAVEEBCDBAEKAUAAI6A4QQBhCDCCRCeSAIUsoAwcQBQgEClCNOUEUEIAQAIAhQDABBHQBUMAEBUcQJRBEAhAjCgGCIICUAkAxwQBxRQhk2DBCAGQEQEAAIIQQVDACAgDFCAIAUAMoowwAhQhpggBDAAAWAM0YJJJgEiAhiBAAIAGUAMUIgyIAABjBBCKKECOEEoMAZAISACBnlEAHGGMAIAEogAYwwSgAgBBBMACAcI4RYZYQTQjBABAAGUESRQEBYYAhjYggmHQXMMYGEAQIABAQwwjiBkGCKGCABAQIAa4UQWgHqGEAECEAAQsoIYZwggUEkmIGMOCAdIgwgABQTABAKJABEAA"], "media": ["CD"], "file_name": "12. Rubberoom - Bodyscatchin\u2019 (On the Isle) (instrumental).mp3", "language": ["eng"]}, "audio_properties": {"sample_rate": 44100, "downmix": "mix", "lossless": false, "analysis_sample_rate": 44100, "md5_encoded": "5d31e2f9cd0dc27bf916accb0048a9a9", "equal_loudness": 0, "replay_gain": -12.5196647644, "codec": "mp3", "bit_rate": 254081, "length": 191.111831665}, "version": {"extractor": "music 1.0", "essentia_build_sha": "70f2e5ece6736b2c40cc944ad0e695b16b925413", "essentia_git_sha": "v2.1_beta2", "essentia": "2.1-beta2"}}, "rhythm": {"beats_loudness_band_ratio": {"dvar2": [0.133028149605, 0.0682833120227, 0.00558068789542, 0.000901792955119, 0.00972457230091, 0.0234994925559], "var": [0.0865400135517, 0.0312878564, 0.00126534479205, 0.000347698340192, 0.00592732941732, 0.00906671304256], "min": [0.0725071057677, 0.00414473377168, 0.000212727085454, 0.000101216239273, 0.000469714752398, 0.000692110217642], "dmean": [0.523292899132, 0.281132429838, 0.0325567536056, 0.0217454358935, 0.0981839224696, 0.146534129977], "mean": [0.623277544975, 0.204337134957, 0.0214939471334, 0.015688912943, 0.0934882313013, 0.101707868278], "max": [0.9958127141, 0.668143451214, 0.198198512197, 0.11858265847, 0.400724679232, 0.455815404654], "dmean2": [1.03721797466, 0.557801187038, 0.0632867664099, 0.0425411500037, 0.190503120422, 0.2916854918], "median": [0.677060008049, 0.151249811053, 0.00955400615931, 0.00985610857606, 0.077636577189, 0.0542707964778], "dvar": [0.0360399596393, 0.0190854780376, 0.00161706609651, 0.000311564828735, 0.00324952485971, 0.00700537953526]}, "bpm_histogram_first_peak_weight": {"dvar2": 0, "var": 0, "min": 0.942857146263, "dmean": 0, "mean": 0.942857146263, "max": 0.942857146263, "dmean2": 0, "median": 0.942857146263, "dvar": 0}, "bpm": 99.3455123901, "beats_count": 316, "bpm_histogram_first_peak_spread": {"dvar2": 0, "var": 0, "min": 0.0480769276619, "dmean": 0, "mean": 0.0480769276619, "max": 0.0480769276619, "dmean2": 0, "median": 0.0480769276619, "dvar": 0}, "danceability": 1.58101713657, "bpm_histogram_first_peak_bpm": {"dvar2": 0, "var": 0, "min": 99, "dmean": 0, "mean": 99, "max": 99, "dmean2": 0, "median": 99, "dvar": 0}, "beats_position": [0.545668900013, 1.09133780003, 1.63700675964, 2.19428563118, 2.7863945961, 3.39011335373, 3.99383211136, 4.58594083786, 5.18965959549, 5.80498838425, 6.40870714188, 7.01242637634, 7.61614513397, 8.2198638916, 8.82358264923, 9.42730140686, 10.0310201645, 10.6347389221, 11.2384576797, 11.8421764374, 12.445895195, 13.0496139526, 13.6533327103, 14.2570514679, 14.8607711792, 15.4644899368, 16.0682086945, 16.6719264984, 17.2756462097, 17.8793640137, 18.483083725, 19.0751914978, 19.6905212402, 20.2942390442, 20.8979587555, 21.5016784668, 22.1053962708, 22.7091159821, 23.312833786, 23.9165534973, 24.5202713013, 25.1356010437, 25.7509288788, 26.3546485901, 26.958366394, 27.5620861053, 28.1658039093, 28.7695236206, 29.3732414246, 29.9769611359, 30.5806789398, 31.1843986511, 31.7881164551, 32.391834259, 32.9955558777, 33.5992736816, 34.2029914856, 34.8067131042, 35.4104309082, 36.0141487122, 36.6178665161, 37.2215881348, 37.8253059387, 38.4290237427, 39.0327415466, 39.6364631653, 40.2401809692, 40.8438987732, 41.4476165771, 42.0513381958, 42.6550559998, 43.2587738037, 43.8624954224, 44.4662132263, 45.0699310303, 45.6736488342, 46.2773704529, 46.8810882568, 47.4848060608, 48.0885238647, 48.6922454834, 49.3075714111, 49.9229011536, 50.5266189575, 51.1303405762, 51.7340583801, 52.3377761841, 52.941493988, 53.5452156067, 54.1489334106, 54.7526512146, 55.3563690186, 55.9600906372, 56.5638084412, 57.1675262451, 57.7596359253, 58.3749656677, 58.9786834717, 59.5824012756, 60.1861228943, 60.7898406982, 61.3935585022, 61.9972763062, 62.6009979248, 63.2047157288, 63.8084335327, 64.4121551514, 65.0158691406, 65.6195907593, 66.2233123779, 66.8270263672, 67.4307479858, 68.0344696045, 68.6381835938, 69.2535171509, 69.8688430786, 70.4725646973, 71.0762786865, 71.6800003052, 72.2721099854, 72.8758239746, 73.4795455933, 74.094871521, 74.6985931396, 75.3023147583, 75.9060287476, 76.5097503662, 77.1134643555, 77.7171859741, 78.3209075928, 78.924621582, 79.5283432007, 80.1320648193, 80.7357788086, 81.3395004272, 81.9432220459, 82.5469360352, 83.1506576538, 83.7543716431, 84.3580932617, 84.9618148804, 85.5655288696, 86.1692504883, 86.7729721069, 87.3766860962, 87.9804077148, 88.5841217041, 89.1878433228, 89.7915649414, 90.3952789307, 90.9990005493, 91.602722168, 92.2064361572, 92.8101577759, 93.4254837036, 94.0408172607, 94.64453125, 95.2366409302, 95.8403625488, 96.432472229, 97.0361862183, 97.6399078369, 98.2552337646, 98.8705673218, 99.474281311, 100.07800293, 100.681724548, 101.285438538, 101.889160156, 102.492874146, 103.096595764, 103.700317383, 104.304031372, 104.907752991, 105.511474609, 106.115188599, 106.718910217, 107.322631836, 107.926345825, 108.530067444, 109.133781433, 109.737503052, 110.34122467, 110.94493866, 111.548660278, 112.152381897, 112.756095886, 113.359817505, 113.963539124, 114.567253113, 115.170974731, 115.774688721, 116.378410339, 116.982131958, 117.585845947, 118.201179504, 118.816505432, 119.420227051, 120.02394104, 120.61605072, 121.219772339, 121.823486328, 122.438819885, 123.042533875, 123.646255493, 124.249977112, 124.853691101, 125.45741272, 126.061134338, 126.664848328, 127.268569946, 127.872291565, 128.476013184, 129.079727173, 129.683441162, 130.28717041, 130.890884399, 131.494598389, 132.098312378, 132.702041626, 133.305755615, 133.921081543, 134.524810791, 135.12852478, 135.720626831, 136.324356079, 136.928070068, 137.531784058, 138.135513306, 138.739227295, 139.342941284, 139.946670532, 140.550384521, 141.154098511, 141.757827759, 142.361541748, 142.965255737, 143.568969727, 144.184310913, 144.788024902, 145.40335083, 146.007064819, 146.610794067, 147.214508057, 147.818222046, 148.421951294, 149.025665283, 149.629379272, 150.233108521, 150.83682251, 151.440536499, 152.044265747, 152.647979736, 153.251693726, 153.855422974, 154.459136963, 155.062850952, 155.6665802, 156.270294189, 156.874008179, 157.477722168, 158.081451416, 158.685165405, 159.288879395, 159.892608643, 160.496322632, 161.100036621, 161.703765869, 162.307479858, 162.911193848, 163.514923096, 164.118637085, 164.733963013, 165.34928894, 165.953018188, 166.556732178, 167.160446167, 167.764175415, 168.367889404, 168.971603394, 169.575332642, 170.179046631, 170.78276062, 171.386474609, 171.978591919, 172.57069397, 173.174423218, 173.778137207, 174.381851196, 174.985580444, 175.589294434, 176.193008423, 176.796737671, 177.40045166, 178.004165649, 178.607894897, 179.211608887, 179.815322876, 180.419036865, 181.022766113, 181.614868164, 182.206985474, 182.810699463, 183.414413452, 184.0181427, 184.621856689, 185.225570679, 185.829299927, 186.421401978, 187.025115967, 187.617233276, 188.220947266, 188.824661255, 189.428390503, 190.032104492, 190.635818481], "beats_loudness": {"dvar2": 0.00641594361514, "var": 0.00245378841646, "min": 3.83008045901e-05, "dmean": 0.0624752305448, "mean": 0.0762036070228, "max": 0.220721498132, "dmean2": 0.121016420424, "median": 0.0596709400415, "dvar": 0.00189257762395}, "bpm_histogram_second_peak_weight": {"dvar2": 0, "var": 0, "min": 0.00634920643643, "dmean": 0, "mean": 0.00634920643643, "max": 0.00634920643643, "dmean2": 0, "median": 0.00634920643643, "dvar": 0}, "bpm_histogram_second_peak_spread": {"dvar2": 0, "var": 0, "min": 0.33333337307, "dmean": 0, "mean": 0.33333337307, "max": 0.33333337307, "dmean2": 0, "median": 0.33333337307, "dvar": 0}, "bpm_histogram_second_peak_bpm": {"dvar2": 0, "var": 0, "min": 110, "dmean": 0, "mean": 110, "max": 110, "dmean2": 0, "median": 110, "dvar": 0}, "onset_rate": 4.51017427444}, "lowlevel": {"spectral_energyband_high": {"dvar2": 1.78294112629e-06, "var": 2.7458331715e-06, "min": 7.91824134363e-21, "dmean": 0.000635961187072, "mean": 0.000864519213792, "max": 0.0114869195968, "dmean2": 0.000791438564193, "median": 0.000106187129859, "dvar": 1.32155628307e-06}, "spectral_energyband_middle_low": {"dvar2": 0.000633123912849, "var": 0.000275689759292, "min": 4.47486233113e-22, "dmean": 0.00744237797335, "mean": 0.00871104188263, "max": 0.153771266341, "dmean2": 0.0118440901861, "median": 0.00314237130806, "dvar": 0.000259600084973}, "spectral_energy": {"dvar2": 0.00532818818465, "var": 0.00311662373133, "min": 1.11356734273e-20, "dmean": 0.0289078131318, "mean": 0.0399917513132, "max": 0.35442301631, "dmean2": 0.0431069396436, "median": 0.018072495237, "dvar": 0.00235126074404}, "spectral_spread": {"dvar2": 1624473468930.0, "var": 3650953674750.0, "min": 1135377.75, "dmean": 824761.5625, "mean": 4929453.5, "max": 41263620, "dmean2": 1151136.875, "median": 4482131, "dvar": 1124152377340.0}, "spectral_energyband_low": {"dvar2": 0.00498090870678, "var": 0.00256611802615, "min": 1.59266447682e-22, "dmean": 0.0236283075064, "mean": 0.0299991276115, "max": 0.320761233568, "dmean2": 0.0364165045321, "median": 0.0114269917831, "dvar": 0.00213598972186}, "spectral_rolloff": {"dvar2": 2465750.75, "var": 1806009.125, "min": 21.533203125, "dmean": 541.366394043, "mean": 797.00567627, "max": 18518.5546875, "dmean2": 902.535888672, "median": 193.798828125, "dvar": 1173259.5}, "barkbands": {"dvar2": [1.08313406599e-05, 0.00147775723599, 0.00286469748244, 7.62368435971e-05, 0.00047570411698, 2.24134737437e-06, 2.01678903977e-06, 2.68904159384e-07, 1.50149077172e-07, 1.268010692e-07, 3.7760663929e-08, 7.885844866e-08, 1.16999423483e-07, 1.41934904718e-07, 7.12865471542e-07, 1.06110599063e-06, 3.98073041197e-07, 3.57954604624e-07, 1.38108589454e-07, 8.44812433343e-08, 1.90032395153e-07, 1.4420560035e-07, 1.07361053381e-07, 5.75299559102e-08, 1.58058703903e-08, 1.50873580296e-09, 6.28887775189e-11], "var": [4.59602279079e-06, 0.00100684212521, 0.000605571258347, 2.63573565462e-05, 0.000168657003087, 1.55715895289e-06, 6.19608556462e-07, 9.31546466632e-08, 6.16797777298e-08, 6.0120257217e-08, 1.43572007616e-08, 4.03695352702e-08, 4.89108842316e-08, 6.97397339877e-08, 4.31018889913e-07, 5.97108225975e-07, 2.09807538454e-07, 2.40363220883e-07, 1.13094884568e-07, 8.71832739335e-08, 1.73410384718e-07, 1.6041519757e-07, 1.38741484079e-07, 7.70494565927e-08, 1.23436354471e-08, 9.47422917896e-10, 5.25638560456e-11], "min": [1.59221574907e-24, 6.03596732303e-23, 5.20682150019e-23, 7.13485245727e-23, 6.28926803534e-23, 7.41566990013e-23, 1.28375651753e-22, 3.75664492972e-23, 6.24893767934e-23, 7.44456114193e-23, 1.13668949452e-22, 5.90394229976e-23, 7.41034414239e-23, 1.11480851249e-22, 8.14562561493e-23, 2.01357175198e-22, 1.30975017856e-22, 2.14059489225e-22, 4.70934056981e-22, 2.17337919416e-22, 3.53027069067e-22, 4.79204449468e-22, 5.64774526885e-22, 1.07701187674e-21, 1.33816335802e-21, 1.8307177069e-21, 2.40484668524e-21], "dmean": [0.00117980118375, 0.0144211370498, 0.0121276602149, 0.00295199849643, 0.004476536531, 0.000543517875485, 0.000170926941792, 0.000114320973807, 9.2890652013e-05, 7.56010122132e-05, 4.15971044276e-05, 7.46137957321e-05, 7.86750970292e-05, 8.48086710903e-05, 0.000208790384931, 0.000281378481304, 0.000157318456331, 0.000165743273101, 0.000109841494123, 0.000101448189525, 0.000145237005199, 0.000143029305036, 0.000151631233166, 0.000120125878311, 4.9840851716e-05, 1.39248995765e-05, 3.01729096464e-06], "mean": [0.00145096157212, 0.0179612580687, 0.00942103937268, 0.00295829307288, 0.00448092352599, 0.00084963790141, 0.000173080275999, 0.000119511183584, 0.000105134611658, 8.11544668977e-05, 4.78488473163e-05, 9.1515132226e-05, 9.60437173489e-05, 9.87366001937e-05, 0.000288917857688, 0.000325879722368, 0.000182229676284, 0.000198975452804, 0.000141462267493, 0.000137017312227, 0.00018566189101, 0.000183933356311, 0.000199414338567, 0.000140807736898, 5.41999615962e-05, 1.48050203279e-05, 3.35790514328e-06], "max": [0.0588684938848, 0.221171945333, 0.215243548155, 0.0543895028532, 0.140515729785, 0.012935445644, 0.0250401608646, 0.00365319335833, 0.00268407142721, 0.0035945973359, 0.00213725212961, 0.00381763256155, 0.00499546015635, 0.00499884597957, 0.0080645782873, 0.00941877160221, 0.00700520444661, 0.00589818274602, 0.00374397193082, 0.00260162330233, 0.0041180648841, 0.00444419821724, 0.00255788071081, 0.00179666525219, 0.000672282767482, 0.000218607019633, 4.57729875052e-05], "dmean2": [0.00204046908766, 0.0221073850989, 0.0223780237138, 0.00517712719738, 0.00714229932055, 0.00088917161338, 0.000287459493848, 0.000191482031369, 0.000151629807078, 0.000126154947793, 6.79502845742e-05, 0.000119639436889, 0.000127116654767, 0.000136892398586, 0.000312497431878, 0.000413073750678, 0.000238606531639, 0.000242697075009, 0.00015514070401, 0.000139636482345, 0.000206636090297, 0.000194994150661, 0.000188841833733, 0.000145597325172, 6.62051097606e-05, 1.92318493646e-05, 3.97558278564e-06], "median": [0.000847097835504, 0.0055151572451, 0.00184648414142, 0.000960876990575, 0.00107023469172, 0.000276296603261, 4.41436059191e-05, 3.75121526304e-05, 3.1041137845e-05, 1.29113086587e-05, 1.30085154524e-05, 2.33683858823e-05, 2.52501195064e-05, 1.44752730193e-05, 6.93199253874e-05, 6.35781470919e-05, 3.90471141145e-05, 3.67298562196e-05, 3.70609304809e-05, 2.79553241853e-05, 2.99343118968e-05, 2.33456339629e-05, 1.64352240972e-05, 5.55832684768e-06, 1.89664547179e-06, 5.76741626901e-07, 3.05877705387e-08], "dvar": [3.68872338186e-06, 0.000695373688359, 0.000999911804684, 2.84173765976e-05, 0.000186078410479, 8.7958005679e-07, 7.90919386873e-07, 1.04746689544e-07, 6.19272171321e-08, 5.18836920094e-08, 1.45682506059e-08, 3.31791483177e-08, 4.70387107043e-08, 5.88669557544e-08, 3.0523082728e-07, 4.82968687265e-07, 1.76250594563e-07, 1.71709004348e-07, 7.45609938235e-08, 4.77910901964e-08, 1.05641909443e-07, 9.01246082208e-08, 7.0159821064e-08, 4.04984668023e-08, 8.30329849322e-09, 7.12849335116e-10, 3.43680431336e-11]}, "melbands_skewness": {"dvar2": 34.9172134399, "var": 69.1014633179, "min": -1.50806343555, "dmean": 2.21383547783, "mean": 6.75861167908, "max": 252.464889526, "dmean2": 3.46727800369, "median": 5.5159072876, "dvar": 15.6693458557}, "barkbands_skewness": {"dvar2": 8.84176826477, "var": 10.5745916367, "min": -2.41128730774, "dmean": 1.46816217899, "mean": 3.81836748123, "max": 53.6444396973, "dmean2": 2.32159662247, "median": 3.26859855652, "dvar": 3.43746781349}, "erbbands": {"dvar2": [1.04990422726, 113.424491882, 3404.68212891, 1625.97399902, 5216.13916016, 3185.98095703, 305.928955078, 194.091506958, 312.659881592, 239.026519775, 190.13710022, 74.8635864258, 145.332321167, 116.636100769, 55.6780586243, 132.182922363, 222.492553711, 388.132171631, 581.51184082, 2543.18676758, 2534.04858398, 1163.23986816, 945.313293457, 511.105041504, 270.208221436, 220.011810303, 336.729034424, 220.10333252, 235.312728882, 119.160850525, 84.7224807739, 23.7023067474, 29.7554340363, 2.75947260857, 0.622014224529, 0.0596592128277, 0.00235883356072, 6.99591546436e-05, 2.67319842351e-06, 1.57911035359e-08], "var": [0.717260360718, 63.4950790405, 780.77545166, 415.136688232, 1744.38378906, 1366.71447754, 132.812866211, 132.148590088, 96.1526184082, 90.5539093018, 51.2905693054, 32.6867599487, 49.170955658, 45.4071846008, 23.8312072754, 66.1906280518, 100.511238098, 145.514053345, 307.908660889, 1600.96789551, 1395.98364258, 639.97052002, 690.541259766, 387.984771729, 233.067474365, 205.726638794, 295.283355713, 223.957641602, 221.762161255, 150.324966431, 111.491104126, 29.9419574738, 27.6707000732, 2.76610183716, 0.423478364944, 0.0387379862368, 0.00193937832955, 6.31582952337e-05, 1.98497855308e-06, 1.13097815557e-08], "min": [7.58488876846e-22, 1.68026151024e-20, 6.28371758982e-20, 1.71073203289e-19, 1.25854056784e-19, 3.4870532845e-19, 2.77483216552e-19, 7.35718580139e-19, 2.01730016055e-18, 8.7794024065e-19, 8.97114390646e-19, 1.43852715922e-18, 2.17246435421e-18, 2.53949266381e-18, 5.14172366836e-18, 2.30460376873e-18, 2.52206893139e-18, 4.74466249867e-18, 6.07537690141e-18, 5.85873912616e-18, 1.07524645343e-17, 8.1932554002e-18, 1.25745449004e-17, 1.3410102371e-17, 2.40750867653e-17, 1.24493817204e-17, 1.06142302462e-17, 1.79193773915e-17, 1.93999876746e-17, 1.62683033821e-17, 1.39593014941e-17, 2.02379067458e-17, 1.97693469791e-17, 1.30232572955e-17, 1.14718453151e-17, 6.09880761944e-18, 3.91831816572e-18, 1.48213581092e-18, 3.19817415574e-19, 3.27577868985e-20], "dmean": [0.424831092358, 3.50144171715, 13.2267799377, 11.5565242767, 16.8881702423, 11.6465015411, 5.37643623352, 4.61663579941, 2.76659584045, 2.54576396942, 2.64165449142, 2.03485846519, 2.45728540421, 2.05432724953, 1.62524592876, 3.10285401344, 3.58365607262, 3.90594601631, 5.98404502869, 13.8073205948, 14.3244180679, 8.86232471466, 8.97165966034, 6.50526714325, 4.89983606339, 5.12766551971, 5.78389310837, 5.29158639908, 5.20962095261, 4.51005268097, 4.3116402626, 2.22814249992, 2.38676452637, 0.715351104736, 0.297755211592, 0.0906860083342, 0.0189853459597, 0.00332692521624, 0.000600156432483, 5.73946927034e-05], "mean": [0.568340718746, 3.8372759819, 10.3657846451, 10.9283800125, 16.1015014648, 12.2831640244, 6.85016536713, 6.73054409027, 3.29816961288, 2.78662896156, 2.62268710136, 2.28543353081, 2.59980773926, 2.402759552, 2.05999517441, 3.85700678825, 4.41593313217, 4.48687410355, 8.15404415131, 18.9175739288, 16.4807052612, 10.5190544128, 11.1789979935, 8.26759338379, 6.43480730057, 6.89337873459, 7.36081838608, 7.05581045151, 6.38057279587, 6.06005430222, 5.6632399559, 2.91499876976, 2.52010989189, 0.832920372486, 0.30442070961, 0.0940200462937, 0.0220854822546, 0.00392186827958, 0.000660264980979, 7.24241835997e-05], "max": [7.30626630783, 54.4258155823, 229.092178345, 170.725723267, 427.714141846, 373.697845459, 201.722976685, 113.55569458, 293.67288208, 227.041671753, 97.8580856323, 57.4201965332, 86.2562484741, 153.665496826, 88.7237930298, 148.751312256, 207.755554199, 240.126068115, 261.130981445, 597.863891602, 501.490234375, 412.69229126, 314.967285156, 236.062301636, 203.040435791, 150.107894897, 164.62361145, 135.013671875, 189.350906372, 126.344985962, 65.8947982788, 30.1512241364, 33.6993980408, 8.95390892029, 4.37801122665, 1.3257291317, 0.27685290575, 0.0492487028241, 0.0101038543507, 0.000608677044511], "dmean2": [0.672191023827, 5.4191069603, 23.8731060028, 20.8508682251, 27.3075332642, 18.5470466614, 8.84442520142, 7.71358966827, 4.59126615524, 4.23806667328, 4.60275316238, 3.30159544945, 4.12092494965, 3.36012458801, 2.54869031906, 4.95783185959, 5.74174404144, 6.38810443878, 9.15405654907, 19.9268512726, 21.0760478973, 13.1480970383, 13.0017213821, 9.10581970215, 7.04417991638, 7.10567426682, 8.10837364197, 7.51667737961, 7.05665683746, 5.67390012741, 5.50458812714, 2.93408513069, 2.99471879005, 0.925658404827, 0.405933946371, 0.12298668921, 0.0260666050017, 0.00449426146224, 0.000797885179054, 7.86896198406e-05], "median": [0.244309991598, 0.921950817108, 1.97248411179, 3.72959136963, 3.20513677597, 3.07095479965, 2.33948373795, 1.86031067371, 0.842359483242, 0.815739035606, 0.854423999786, 0.668943166733, 0.520383059978, 0.563935697079, 0.586339056492, 1.01298928261, 1.10794591904, 0.953312635422, 2.0679359436, 4.733959198, 3.5139465332, 2.35253143311, 2.26505017281, 2.08816075325, 1.37634921074, 1.40991330147, 1.1621067524, 1.23717355728, 0.820330500603, 0.633825063705, 0.40433755517, 0.14706787467, 0.0834525823593, 0.0280251652002, 0.0105989221483, 0.00337519822642, 0.000891656382009, 0.000139239651617, 2.07164775929e-05, 2.44633229158e-05], "dvar": [0.447794944048, 52.7568778992, 1219.39318848, 570.696228027, 2012.61242676, 1311.20593262, 118.640434265, 76.6096878052, 117.547340393, 99.8232040405, 69.048866272, 32.1317596436, 55.6959075928, 45.1659698486, 22.6082954407, 55.1194610596, 91.683555603, 153.807098389, 239.217056274, 1130.8425293, 1144.4621582, 516.243774414, 466.604675293, 262.524597168, 148.531066895, 116.584747314, 183.217819214, 127.667175293, 137.190628052, 77.7459259033, 56.7318725586, 15.540596962, 17.3239841461, 1.6511515379, 0.312948316336, 0.0287959557027, 0.0012652897276, 3.90549575968e-05, 1.36623168601e-06, 7.6241608582e-09]}, "silence_rate_30dB": {"dvar2": 0.181178957224, "var": 0.101349547505, "min": 0, "dmean": 0.103511117399, "mean": 0.885568499565, "max": 1, "dmean2": 0.207047387958, "median": 1, "dvar": 0.0928069353104}, "melbands_spread": {"dvar2": 355.445831299, "var": 304.844177246, "min": 0.00655935145915, "dmean": 7.88022756577, "mean": 13.7038784027, "max": 189.270462036, "dmean2": 12.4516992569, "median": 6.47840547562, "dvar": 153.602172852}, "melbands_crest": {"dvar2": 45.3012390137, "var": 45.3504524231, "min": 2.52488279343, "dmean": 5.02869367599, "mean": 20.2720298767, "max": 39.9831390381, "dmean2": 8.51429080963, "median": 19.8313713074, "dvar": 17.0078716278}, "zerocrossingrate": {"dvar2": 0.000260750413872, "var": 0.00112030771561, "min": 0, "dmean": 0.0130907548591, "mean": 0.040558129549, "max": 0.5126953125, "dmean2": 0.0148387663066, "median": 0.03076171875, "dvar": 0.000233189130086}, "barkbands_kurtosis": {"dvar2": 49244.9765625, "var": 21648.7949219, "min": -1.83480238914, "dmean": 26.0781040192, "mean": 35.8863296509, "max": 4468.23876953, "dmean2": 43.9023704529, "median": 13.0793094635, "dvar": 16466.4863281}, "spectral_flux": {"dvar2": 0.00915878359228, "var": 0.00975314062089, "min": 0.000157514296006, "dmean": 0.0526013597846, "mean": 0.113809965551, "max": 0.535933732986, "dmean2": 0.0819776207209, "median": 0.0788905844092, "dvar": 0.00521415285766}, "barkbands_crest": {"dvar2": 27.6154956818, "var": 29.1971683502, "min": 2.31346797943, "dmean": 4.05098628998, "mean": 13.8014163971, "max": 26.461730957, "dmean2": 6.68458080292, "median": 13.1727104187, "dvar": 10.5069732666}, "barkbands_flatness_db": {"dvar2": 0.00323745375499, "var": 0.00846202578396, "min": 0.0244069173932, "dmean": 0.0421666391194, "mean": 0.205902010202, "max": 0.720503568649, "dmean2": 0.0649926289916, "median": 0.200007483363, "dvar": 0.00161779113114}, "spectral_entropy": {"dvar2": 0.182690039277, "var": 0.370585650206, "min": 4.91372823715, "dmean": 0.276848614216, "mean": 7.50027751923, "max": 9.78437042236, "dmean2": 0.406911253929, "median": 7.62508106232, "dvar": 0.0999960079789}, "pitch_salience": {"dvar2": 0.024444790557, "var": 0.0252304766327, "min": 0.00375622138381, "dmean": 0.118178285658, "mean": 0.476240575314, "max": 0.952164828777, "dmean2": 0.199942067266, "median": 0.498694181442, "dvar": 0.00949758011848}, "erbbands_spread": {"dvar2": 634.258422852, "var": 995.630981445, "min": 4.66307592392, "dmean": 17.3481388092, "mean": 61.6765174866, "max": 183.0909729, "dmean2": 26.4784832001, "median": 58.8621635437, "dvar": 325.408843994}, "dynamic_complexity": 4.18107557297, "spectral_contrast_valleys": {"dvar2": [0.318464994431, 0.404207438231, 0.317169368267, 0.366584300995, 0.282527536154, 0.416062086821], "var": [0.842000126839, 0.7415112257, 0.764751732349, 0.872613787651, 1.13032221794, 1.99649703503], "min": [-26.9870738983, -27.0869274139, -27.454044342, -27.0830936432, -27.4084644318, -27.323184967], "dmean": [0.426587224007, 0.452504038811, 0.404067724943, 0.396145790815, 0.380719333887, 0.522825658321], "mean": [-6.88498735428, -7.54216814041, -8.41638469696, -8.34538936615, -8.03573417664, -10.6012783051], "max": [-4.97386312485, -5.05662441254, -5.48968744278, -5.59245920181, -5.35930585861, -7.98673439026], "dmean2": [0.67325091362, 0.703383088112, 0.622098267078, 0.578490078449, 0.479343026876, 0.626713514328], "median": [-6.77880764008, -7.49750328064, -8.42702007294, -8.39803695679, -8.04414749146, -10.8461513519], "dvar": [0.172795891762, 0.211329579353, 0.187968656421, 0.216358438134, 0.214219808578, 0.380883187056]}, "hfc": {"dvar2": 307.718231201, "var": 408.561737061, "min": 1.21717721313e-16, "dmean": 9.0553150177, "mean": 13.4582262039, "max": 130.732574463, "dmean2": 11.3714609146, "median": 5.0739197731, "dvar": 197.894714355}, "spectral_kurtosis": {"dvar2": 21.2807731628, "var": 20.4963474274, "min": -1.19397032261, "dmean": 2.03597521782, "mean": 3.86416625977, "max": 56.1772155762, "dmean2": 3.25734376907, "median": 2.42650127411, "dvar": 8.72908592224}, "mfcc": {"mean": [-705.708312988, 112.354614258, 20.3509273529, 54.2841720581, 27.3584156036, 24.0085220337, -2.55035972595, 9.38240909576, 3.3395524025, 2.97074484825, -3.10225367546, 0.896315574646, 2.36977386475], "cov": [[8226.234375, -1978.05444336, 215.741836548, -210.414154053, -214.024688721, -44.8924674988, -277.925415039, -107.197921753, -203.233215332, -151.524124146, -220.240432739, -77.5990905762, -188.531768799], [-1978.05444336, 1769.83056641, -268.325408936, 65.5132980347, 69.2407608032, -14.5460071564, 34.6215934753, -5.84216213226, 4.80770540237, 10.2664203644, 61.9206542969, 0.606529891491, 11.3036613464], [215.741836548, -268.325408936, 1069.37402344, 80.8507003784, 153.428466797, 110.202026367, 11.1685686111, 25.9877815247, -10.2522525787, 35.5164070129, -29.2282352448, 15.7804670334, -5.51576185226], [-210.414154053, 65.5132980347, 80.8507003784, 476.396179199, 39.348274231, 77.9523696899, -34.4486351013, 5.58918523788, 44.2072257996, -10.918923378, -14.0736217499, 16.7751140594, 39.2238998413], [-214.024688721, 69.2407608032, 153.428466797, 39.348274231, 201.341033936, 58.7045326233, 26.5484085083, 20.913143158, 21.5490589142, 18.5708560944, -2.78989338875, 16.5822296143, 24.3989200592], [-44.8924674988, -14.5460071564, 110.202026367, 77.9523696899, 58.7045326233, 126.359580994, 34.2003936768, 26.5637607574, 24.9781265259, 11.0981416702, -0.759480834007, 15.4907836914, 13.9703321457], [-277.925415039, 34.6215934753, 11.1685686111, -34.4486351013, 26.5484085083, 34.2003936768, 117.663299561, 58.1119155884, 18.5144386292, 21.8361701965, 21.4373893738, 12.0034074783, 1.54915821552], [-107.197921753, -5.84216213226, 25.9877815247, 5.58918523788, 20.913143158, 26.5637607574, 58.1119155884, 87.3475952148, 31.3836135864, 20.5787277222, 13.8636713028, 12.1169290543, 5.08617639542], [-203.233215332, 4.80770540237, -10.2522525787, 44.2072257996, 21.5490589142, 24.9781265259, 18.5144386292, 31.3836135864, 76.8223953247, 33.71484375, 10.0099582672, 8.67823600769, 16.782957077], [-151.524124146, 10.2664203644, 35.5164070129, -10.918923378, 18.5708560944, 11.0981416702, 21.8361701965, 20.5787277222, 33.71484375, 70.122215271, 25.1989383698, -2.30132079124, 6.22658872604], [-220.240432739, 61.9206542969, -29.2282352448, -14.0736217499, -2.78989338875, -0.759480834007, 21.4373893738, 13.8636713028, 10.0099582672, 25.1989383698, 58.3154640198, 15.6618804932, -0.233727306128], [-77.5990905762, 0.606529891491, 15.7804670334, 16.7751140594, 16.5822296143, 15.4907836914, 12.0034074783, 12.1169290543, 8.67823600769, -2.30132079124, 15.6618804932, 60.9046020508, 28.5160961151], [-188.531768799, 11.3036613464, -5.51576185226, 39.2238998413, 24.3989200592, 13.9703321457, 1.54915821552, 5.08617639542, 16.782957077, 6.22658872604, -0.233727306128, 28.5160961151, 62.4984397888]], "icov": [[0.000225605108426, 0.00021852061036, 5.20234425494e-05, 5.70080810576e-05, 4.29212122981e-05, -0.000195835615159, 0.000515275867656, -0.000244598224526, 0.00045073806541, -0.000128158382722, 0.000587574206293, -0.0002933810174, 0.000671787769534], [0.00021852061036, 0.00086145568639, 0.000241793546593, -0.00011989154882, -0.000382521946449, -2.6559609978e-05, 0.000243873684667, -1.08643198473e-05, 0.00059830484679, -3.80632991437e-05, -0.000182660063729, -1.51667363752e-05, 0.000599436985794], [5.20234425494e-05, 0.000241793546593, 0.00130600284319, -0.000179931666935, -0.000831324781757, -0.000766562530771, 0.00040995751624, -0.000386081839679, 0.00128427578602, -0.00139172154013, 0.0010380782187, -0.00078511913307, 0.00101442832965], [5.70080810576e-05, -0.00011989154882, -0.000179931666935, 0.00283091212623, 0.000173124615685, -0.001744807465, 0.00166667520534, -0.000410853332141, -0.00160596950445, 0.00138806144241, -3.42228054251e-06, 0.000301349704387, -0.00112888740841], [4.29212122981e-05, -0.000382521946449, -0.000831324781757, 0.000173124615685, 0.00678850430995, -0.00197729608044, -0.000504141207784, -7.10426829755e-05, -0.000596180791035, -0.000725231599063, 0.00122518546414, -0.000453423854196, -0.00172946439125], [-0.000195835615159, -2.6559609978e-05, -0.000766562530771, -0.001744807465, -0.00197729608044, 0.0120349796489, -0.00371661828831, 0.000178677917575, -0.00213999021798, 0.0003259551886, 0.000356946518878, -0.000978787429631, -0.000409139320254], [0.000515275867656, 0.000243873684667, 0.00040995751624, 0.00166667520534, -0.000504141207784, -0.00371661828831, 0.0160314105451, -0.009242631495, 0.00210720486939, -0.00132007780485, -0.000937750795856, -0.00118889240548, 0.00198744377121], [-0.000244598224526, -1.08643198473e-05, -0.000386081839679, -0.000410853332141, -7.10426829755e-05, 0.000178677917575, -0.009242631495, 0.0199735891074, -0.00617475388572, -8.6702137196e-05, -0.00111951469444, -0.00126059621107, 0.000317070051096], [0.00045073806541, 0.00059830484679, 0.00128427578602, -0.00160596950445, -0.000596180791035, -0.00213999021798, 0.00210720486939, -0.00617475388572, 0.0226452182978, -0.0103550953791, 0.00305820768699, -0.00191081443336, -0.00063197518466], [-0.000128158382722, -3.80632991437e-05, -0.00139172154013, 0.00138806144241, -0.000725231599063, 0.0003259551886, -0.00132007780485, -8.6702137196e-05, -0.0103550953791, 0.0252567622811, -0.0115434974432, 0.00766577478498, -0.00440005306154], [0.000587574206293, -0.000182660063729, 0.0010380782187, -3.42228054251e-06, 0.00122518546414, 0.000356946518878, -0.000937750795856, -0.00111951469444, 0.00305820768699, -0.0115434974432, 0.028159443289, -0.0108503643423, 0.00684033986181], [-0.0002933810174, -1.51667363752e-05, -0.00078511913307, 0.000301349704387, -0.000453423854196, -0.000978787429631, -0.00118889240548, -0.00126059621107, -0.00191081443336, 0.00766577478498, -0.0108503643423, 0.0264491215348, -0.0129719180986], [0.000671787769534, 0.000599436985794, 0.00101442832965, -0.00112888740841, -0.00172946439125, -0.000409139320254, 0.00198744377121, 0.000317070051096, -0.00063197518466, -0.00440005306154, 0.00684033986181, -0.0129719180986, 0.0259604007006]]}, "silence_rate_20dB": {"dvar2": 0, "var": 0, "min": 1, "dmean": 0, "mean": 1, "max": 1, "dmean2": 0, "median": 1, "dvar": 0}, "melbands_kurtosis": {"dvar2": 3189528, "var": 2839661, "min": -1.62793445587, "dmean": 101.38885498, "mean": 165.465286255, "max": 82144.765625, "dmean2": 160.413513184, "median": 43.9437026978, "dvar": 1269717.75}, "barkbands_spread": {"dvar2": 200.234390259, "var": 290.62020874, "min": 0.0281621925533, "dmean": 8.18237113953, "mean": 17.3642463684, "max": 101.137481689, "dmean2": 12.3251276016, "median": 11.0615158081, "dvar": 102.994804382}, "erbbands_skewness": {"dvar2": 0.746557295322, "var": 1.40103781223, "min": -3.40684819221, "dmean": 0.587733626366, "mean": 0.153372198343, "max": 6.27364683151, "dmean2": 0.893221855164, "median": -0.0966794490814, "dvar": 0.390432417393}, "average_loudness": 0.939849317074, "spectral_centroid": {"dvar2": 358019.875, "var": 570820.5625, "min": 121.717468262, "dmean": 384.23135376, "mean": 1171.44665527, "max": 11052.2646484, "dmean2": 600.182189941, "median": 1027.31018066, "dvar": 176472.734375}, "dissonance": {"dvar2": 0.000497494242154, "var": 0.000349009147612, "min": 0.204914316535, "dmean": 0.0126437861472, "mean": 0.477461159229, "max": 0.500000119209, "dmean2": 0.0209179650992, "median": 0.482851982117, "dvar": 0.000191695871763}, "erbbands_flatness_db": {"dvar2": 0.00104058836587, "var": 0.00187491357792, "min": 0.0498708486557, "dmean": 0.0216050539166, "mean": 0.142571508884, "max": 0.34035679698, "dmean2": 0.0318095982075, "median": 0.134654983878, "dvar": 0.000544847163837}, "spectral_strongpeak": {"dvar2": 0.403242319822, "var": 0.187604501843, "min": 0, "dmean": 0.280024588108, "mean": 0.391473829746, "max": 5.67846918106, "dmean2": 0.458785027266, "median": 0.25788885355, "dvar": 0.157626673579}, "spectral_rms": {"dvar2": 1.12785219244e-05, "var": 1.18098687381e-05, "min": 3.29606914679e-12, "dmean": 0.00188774615526, "mean": 0.00521598709747, "max": 0.0185951218009, "dmean2": 0.00271240319125, "median": 0.00419901218265, "dvar": 5.51118273506e-06}, "silence_rate_60dB": {"dvar2": 0.0794278383255, "var": 0.0592845790088, "min": 0, "dmean": 0.035475641489, "mean": 0.0632896050811, "max": 1, "dmean2": 0.0708383992314, "median": 0, "dvar": 0.0342161767185}, "melbands": {"dvar2": [9.06914065126e-05, 0.000550996221136, 4.16853763454e-05, 3.36001576215e-05, 4.90136130793e-07, 8.68431513368e-08, 7.81059696919e-08, 2.04899190948e-08, 1.26092727371e-08, 2.89469559434e-09, 3.61589047593e-09, 2.13260364923e-09, 6.29374941052e-10, 7.83329401344e-10, 1.29867649967e-09, 1.33660393864e-09, 1.29462063292e-09, 1.27951815809e-09, 5.66570657057e-09, 6.34500985086e-09, 2.92015922554e-09, 1.75916425871e-09, 6.18643247741e-10, 1.10688402888e-09, 3.5038702495e-10, 1.88822568692e-10, 1.08915647334e-10, 1.09519726621e-10, 1.34062205781e-10, 1.56737789414e-10, 7.11312050927e-11, 7.55397619456e-11, 7.9469611447e-11, 3.52666264247e-11, 2.78940429782e-11, 2.47303132833e-11, 7.97808000219e-12, 3.01910094147e-11, 2.04880491912e-12, 2.33951291499e-12], "var": [6.34933167021e-05, 0.000166858953889, 1.35482123369e-05, 1.15171660582e-05, 2.47142736498e-07, 5.97746137032e-08, 2.49666403107e-08, 8.21093326664e-09, 3.25082116781e-09, 1.2921683723e-09, 1.26448418403e-09, 8.84742001883e-10, 2.53305459941e-10, 4.21369494852e-10, 6.13164130581e-10, 5.25414267649e-10, 4.97996588411e-10, 7.2646749727e-10, 3.95480936888e-09, 3.64479002535e-09, 1.46296386117e-09, 8.31087143549e-10, 4.625290706e-10, 6.62663035556e-10, 2.37073027876e-10, 1.50220794137e-10, 9.16467457479e-11, 9.29379281867e-11, 1.13279399749e-10, 1.18062601362e-10, 6.45172873459e-11, 6.32538535439e-11, 7.54518461599e-11, 4.33295309354e-11, 3.70909483682e-11, 2.38760487076e-11, 8.35822296791e-12, 2.46159707201e-11, 2.54008077592e-12, 1.67274332406e-12], "min": [1.17457870468e-23, 3.00522872731e-23, 2.70656377978e-23, 1.68625266269e-23, 1.09067190892e-23, 1.66933112296e-23, 3.0107952454e-23, 8.56797211948e-24, 6.46994250507e-24, 1.01001813889e-23, 1.13988830971e-23, 1.02760539834e-23, 1.68985239278e-23, 8.27323001946e-24, 5.66318155705e-24, 6.3045578163e-24, 9.70965106456e-24, 1.09377386778e-23, 6.32912491704e-24, 1.16012440631e-23, 1.11709425274e-23, 7.43932278997e-24, 8.08574065926e-24, 1.3720138654e-23, 9.29044249092e-24, 2.04001086698e-23, 1.20091892808e-23, 7.33057436988e-24, 5.451103008e-24, 6.9064007057e-24, 1.24663507414e-23, 1.16652822137e-23, 8.12082840346e-24, 9.83148037618e-24, 7.70673480393e-24, 1.02069268911e-23, 1.29350224715e-23, 1.34867509998e-23, 1.19693683711e-23, 1.08225050322e-23], "dmean": [0.00384319014847, 0.00598136009648, 0.00207141391002, 0.00116967153735, 0.00020691161626, 0.000100095348898, 4.18379313487e-05, 2.64661448455e-05, 2.11794686038e-05, 1.28111205413e-05, 1.24324724311e-05, 8.69782343216e-06, 5.4846295825e-06, 6.90205251885e-06, 9.91277647699e-06, 7.70591123e-06, 7.11684560883e-06, 8.0870668171e-06, 1.88269314094e-05, 2.17294000322e-05, 1.48755862028e-05, 1.00089846455e-05, 7.45105990063e-06, 8.65088713908e-06, 5.12321685164e-06, 4.03267722504e-06, 3.19546120409e-06, 3.51446647073e-06,