{"metadata": {"tags": {"genre": ["Afrobeat"], "musicbrainz release track id": ["93f27acd-d42b-3db7-a568-1cf4d6fcd57a"], "album": ["Fela Fela Fela"], "date": ["1969"], "musicbrainz album type": ["Album"], "musicbrainz original album id": ["4cf25be8-781f-42f1-a6b2-220d52b700f0"], "script": ["Latin"], "albumartistsort": ["Kuti, Fela & Afrika 70"], "acoustid_id": ["1f182d51-0c7e-4e93-b818-53a42f8c62e4"], "musicbrainz_artistid": ["5a79baf5-e8b3-41e4-8fa5-7b0098286cb6"], "musicbrainz_releasegroupid": ["13785912-cc74-4374-85c2-dc8caef886c3"], "musicbrainz_recordingid": ["c00c41d6-8e50-4d26-ab0a-7e786e53932d"], "albumartist": ["Fela Kuti"], "musicbrainz album status": ["Official"], "artist": ["Fela Kuti"], "musicbrainz_albumid": ["4cf25be8-781f-42f1-a6b2-220d52b700f0"], "discnumber": ["01/01"], "title": ["Funky Horn"], "tracknumber": ["08/10"], "musicbrainz_albumartistid": ["5a79baf5-e8b3-41e4-8fa5-7b0098286cb6"], "artistsort": ["Kuti, Fela & Afrika 70"], "originalalbum": ["Fela Fela Fela"], "acoustid_fingerprint": ["AQADtEoSSWkYJqjSGxU_-MGVIjf06AqO8EOV6bgzwo_QS8ihZz7yeoFz4hmOXkfzHd8bhD0kXQh1POFRKyx4pFfQ59B9PPvgMWXwDP_QPIf2EL-C5xp6MHmFn3h8aPmOWknwBzlr5HwUNDmqXOCdoE9S2FHxC-YflMOvopsOMQ6uJOgj6DfY8Ar-Bb7wGXrQ_Hiaw_OjoU-HHye0JGGIUD54fDmeCDwufD9CJYeQJWWER8ZPgWH4BD5yaAqD-AM_fIoc3MeJH-UPx0eVqUG-UNC-bIWfIz_sg8HTHKHMBmIftEu0IKeCO7hzIYymo9Kh40MzMZieoyQPkTkq_UHE9OgFewp6BbmI8zivoMmDDqeJB32SHb5aQt-VoOGLH8_RRMxRC9oV4TnKO7gjtHPh5FB1uMIT5MtxpFvRnoWaKQ8qH-kllE2E43gf4UizHWpy9EH2zHjTyHiUHcyR_6gCMdyFXMejRCgpGt-DM0eTB1UQ-mjGJHhJ6OhJonnwPLiyD8xzQqyIXgry4zfyPrhNNNoHTfiPN-iTjjh68FCPTsuFNJKIXhEe4Q1-oYkyM6gS5IFmC36C7KCWT3ifIDye3JAirkgvoU8SHEceegpKPtCS7PiD8MIT_EyQP_iDQ6WNp0F6DU8SoXiPZyb6IA2eQ7_wBHnxJ0H-EwdvqPEF58iTJLiKH2dKsHmQBmoeuEboqHiOKfOFoz1KOMY3vFqK5pKDvBf0HD_hK8cJ7UeT6kJ-VHRm-MSRZx6SPTou4Zk0RnhDHX6O47mCMA4N8RlCPbhjook_1McRZh10HumOPgp-xCHnGM0oE5qU6R6OMN_xJ7CyIlai5BD_oEd_fCN6nDmu4xoTC1rURI9QUYT-oI2OZgz0ZkJT6uivoHKENDmM8NDDDiGfGE3I40saJ3gZOB_y7NB1xA2DU8ZzTBf8PMgPPUeeMfgxnfiFZ8vxR4at5UFO6NkRPjueErcFm0c3hPqhMw_SHV_hMUfFHmeKfkeT45fQM0ZyFbGH73COk3ie4Eh_IeGPMtlxLYzx7miePKh-XIjV69BWJkV6Sbh69MeVo9cDn0czRklI3Due4WFRUX0Q5nnwB7qP8KHhKlHwB45lCW8Q6jjCHn8GPzn6lTj5GOfR5CiTo5n04IEdHsl05E1yVBR847zgMWTwwruKZEdMLSHOJEcTOmNQBuePJx6SH3GJbkoOxwdOxsLzHel3JMs9nJKOM1EyCbd0NHWOMuHxK0j2ZEb8BPWFKk3Q_PiD8OGhF3mPPsU54SyJ6kOzHD-uLsgZaGpx4YmUI2WF97iQo592vJ-KkUaeJUTDMRsqtRKOJxG4J0eenHhPaImkHFm6GyePH8U-VA_yndD1IJQSG82OX3gbPMLxMEdChU8Q0TSe48f04zx63MNHM2jSfiilo8yD5DNyFZWJU0mJijr8A-mRjLnRRJKG7serrHgPb-ETPLiCZKcRd0qGWjseh0RJ-DzMjAgdrUQy8kFzF2cGXMSuHBdyFbupoO_gCpUUDV3Cw6caqFeHwxWJitGh73iO5kEkLRIuxhFBssmEypdhJzl6Vchf8NDCLEVlF3He48TzBM2vAEx2PApO8-iPpp_AZw8uHrkCTVKOMA9xjviHD835oFpGH0-Lo8lRHtkP7UGmuEdn6XiOS0eZH2kcDlL-IT9Oh8OjI8-OZPSP5mHxG9cHX8fT8HiVovmDRFFUkYgbpmgYZTrKx3hX3GDOHM0YBUmVEDmqS_B5fMoYnMqKkDu0D2n5oSSzBdUNqzkqizhe4T-S_UGqJhsm2fgxPRkF-HLwB02kS5CDJhYLphGeoMSt4IqONMokJOpzfLhTCXY4JXhWsI2QMH0Qeoo2_AWfM-hcHR6eodZx5BuSPUuMJiKPfUfPw40UFdNxy2B-JGzkIWIiNDwu8jjRZ0NTMfgUCkmXI7KEHnYkJ2C5JPhR-uh5JMvzHLlelJm0HM03vPhxbTI-HV18JNTEDuGzEHgeoTdcbvgD_0H7IBmPMD9-4Q1Yiht-dBeSmgjDJUrxC2eMy4nQI0z-QG6yCtHC5MQPH8-DyxcuM0XTHX2WCXc44cmF-Xgp_AHF44ym4dRxhRPaGOk-PEwOjd3x_NCVBjddNFwQWuED_kbPNHA-I06PP9BePMmGH-2eIfwRJ0flHK6kQLsSsD3y2Tg_BelzBc8O9eiDZlSM5_ge9F2gJTuuXQgTZ6hVPMEZHKHOoPmDp4dWMCmHK0PJHOmnIAt-VDkFP9A5PEHIusGPM0d1KUg1EaoZ6B9YMfh04cyTIMdkF9XhhIlH5LiD5vmg5ynKZD2aLRd0V_iKJmyEjslxq0az7MJ72NpxNRQuwReqjIZadSN-Qc8eNEff4RzxIn4yFVU4UtiG9D_0F_lxHv5Q482a4dG0MRrCo-wJ7diOSpVwTRJi8cGTLsL_4MmDHj6qTBLeRMap4Mdzpnii48qCMHm6Q1Ni5FE-9IcX9egTGj1ySYfWB7GkeTh3_Mvh8ciF5LrQPKxwUUejhcOp6-gTwXuQcEfIJA1RS4L_oPKyDa-U49J8NIty_IG_42GYwUcl6jniiDr0B7ly_BvCw08boT-eG9cSDr0GL5XxInWW4-ngyMePa_kCn_CXDsllpIt8lJqOExeeDyWLKVGWBz-iQ68RStMOSwxO4yHS3vg26GMK50fX5Dj1og9_eOGRn_CPPswQJlfRdSdUMfkAA4iyABFpABEMAKGABcAYIiCSADFAHAIEAIAIIsQRoxBQABBCJBFAEiCIAwIYwwgwhAEmoICECEUFVQQh50EAwCliDPQAIWIMMwIYCQQSjgEDBAYEOQEFEVAAA4gwiBgJqBAAIKcAYEQ4YxwkDAESjAGUFAIWEYgYooUAwClmFCESGCsUIEAIQoQwRhAAiAFGMM4pEE47IgUyCgAgAMFkGAGMccQQSIQFxBFFLDBEOEccAYIAYBRjjDACAaFAACIQYAwRxggygAIiiHEAAIAIQYII45gwiiAlRADACICsIlARghQAQCAjhOECACMYEAYwBIRAQApEBIHCAeAAAQIYASgAgCEgjQGCCEyUEIJZwgwXQBECBDDACAUEAEYIRIQBAgIDADCEEAAkEZQAIoAQwAjolaECA0eYMMIKQwxgBBBFiALCAAAEIMARBYgCjAgBhDAKCCCJc4oBw4BzBBAB3CJAISGIIMARJYAxCCIDnCRGMYOUwA4ZIIRgyghGjAdCAAYE4QIBIBBiSBHEjBKAkIKEcAoYhBAgRjBGiCCGEKAIEcAABRgBHgihBHJGYAEUAUw4IQAEzAhDAEACAQKUIEARAbEQQAFAjKDCEIqAEUoYIYQFhlFEhBGAMGEMEQ5QIggShAkqmAOEI-KsgUgIQIAARlgpiEFECMCYIsQ4QYRBRkKEFDFGAKQMAUAwChBhUhHBCBHQUSGMAQwAogQQCBimGAEMEgEIAQAAYZQTBikgBDTkCQIMQw5QAgg0kBBlgBHESCeRMIwIQSAChgCAmCAKGAAcBQAAA4xijgBgjSUCKCIIYVYBRAQhSCACCBFCACmEEAgAYAhAACBggBBgGAGAkswIoTAgEjAHGDBAGCCAEIMKQYEAggHpEDBGGo8AYIYQAgwQQAAikCBAEAE"], "file_name": "08 - funky horn.mp3", "artists": ["Fela Kuti"]}, "audio_properties": {"sample_rate": 44100, "downmix": "mix", "lossless": false, "analysis_sample_rate": 44100, "md5_encoded": "6b2de9ffcc6113d07a17cda9c7eac191", "equal_loudness": 0, "replay_gain": -1.00901603699, "codec": "mp3", "bit_rate": 256000, "length": 282.56652832}, "version": {"extractor": "music 1.0", "essentia_build_sha": "ca57ba49d9b1854bd80e60cf9ccf267278fb7d6b", "essentia_git_sha": "v2.1_beta1-28-g21ef5f4-dirty", "essentia": "2.1-beta1"}}, "rhythm": {"beats_loudness_band_ratio": {"dvar2": [0.0607857480645, 0.0144363855943, 0.00918301846832, 0.0177413038909, 0.00577453849837, 0.00428686663508], "var": [0.0428496710956, 0.00478575984016, 0.0039464388974, 0.00897010974586, 0.00294477166608, 0.00207269168459], "min": [0, 0, 0, 0, 0, 0], "dmean": [0.184434309602, 0.0596732720733, 0.0532108582556, 0.0742190480232, 0.0440991967916, 0.0379507914186], "mean": [0.66509026289, 0.0782107561827, 0.0589876770973, 0.0906261950731, 0.0616406165063, 0.0523667298257], "max": [0.985992789268, 0.766356170177, 0.516356527805, 0.572744429111, 0.332852125168, 0.299511611462], "dmean2": [0.305784136057, 0.101655803621, 0.0918785482645, 0.124504454434, 0.0734585747123, 0.0620407089591], "median": [0.706544458866, 0.0574101507664, 0.0350935719907, 0.0571267753839, 0.0496817603707, 0.0374916121364], "dvar": [0.02525552921, 0.0050291265361, 0.0033803768456, 0.00670272251591, 0.00212170765735, 0.00161992118228]}, "bpm_histogram_first_peak_weight": {"dvar2": 0, "var": 0, "min": 0.313213706017, "dmean": 0, "mean": 0.313213706017, "max": 0.313213706017, "dmean2": 0, "median": 0.313213706017, "dvar": 0}, "bpm": 122.226486206, "beats_count": 614, "bpm_histogram_first_peak_spread": {"dvar2": 0, "var": 0, "min": 0.396226406097, "dmean": 0, "mean": 0.396226406097, "max": 0.396226406097, "dmean2": 0, "median": 0.396226406097, "dvar": 0}, "danceability": 1.31626844406, "bpm_histogram_first_peak_bpm": {"dvar2": 0, "var": 0, "min": 123, "dmean": 0, "mean": 123, "max": 123, "dmean2": 0, "median": 123, "dvar": 0}, "beats_position": [0.53405892849, 1.07972788811, 1.60217678547, 2.12462592125, 2.6470746994, 3.15791368484, 3.64553284645, 4.14476203918, 4.6439909935, 5.14321994781, 5.630838871, 6.11845779419, 6.6176867485, 7.11691617966, 7.61614513397, 8.10376358032, 8.59138298035, 9.0906124115, 9.58984088898, 10.0890703201, 10.5882987976, 11.0759181976, 11.5751476288, 12.0743761063, 12.5736055374, 13.0728340149, 13.572063446, 14.0712919235, 14.5705213547, 15.0697498322, 15.5573692322, 16.0449886322, 16.5442180634, 17.0434455872, 17.5310649872, 18.0186843872, 18.5179138184, 19.0171432495, 19.5163707733, 20.0156002045, 20.5032196045, 20.9908390045, 21.4900684357, 21.9892959595, 22.4885253906, 22.9877548218, 23.4753742218, 23.974603653, 24.4738311768, 24.9730606079, 25.4722900391, 25.9715194702, 26.470746994, 26.958366394, 27.4575958252, 27.9568252563, 28.4444446564, 28.932062149, 29.4196815491, 29.9189109802, 30.4181404114, 30.9289798737, 31.4282073975, 31.9274368286, 32.4266662598, 32.9258956909, 33.4135131836, 33.901134491, 34.4003639221, 34.8995895386, 35.3872108459, 35.8864402771, 36.3856697083, 36.8848991394, 37.3841247559, 37.8717460632, 38.3593635559, 38.8585929871, 39.3578224182, 39.8454399109, 40.3330612183, 40.8322906494, 41.3315200806, 41.8075294495, 42.2951469421, 42.7943763733, 43.281993866, 43.7696151733, 44.257232666, 44.7448501587, 45.2324714661, 45.708480835, 46.1960983276, 46.6953277588, 47.1829452515, 47.6705665588, 48.1581840515, 48.6458053589, 49.14503479, 49.6442604065, 50.1318817139, 50.6194992065, 51.1071205139, 51.5947380066, 52.0823554993, 52.5815849304, 53.0575942993, 53.5568237305, 54.0560531616, 54.5552825928, 55.0429000854, 55.5305213928, 56.0065307617, 56.4941482544, 56.9817695618, 57.4693870544, 57.9686164856, 58.4678459167, 58.9554634094, 59.4430847168, 59.9307022095, 60.4299316406, 60.9291610718, 61.4167785645, 61.9043960571, 62.3920173645, 62.8680267334, 63.3556442261, 63.8548736572, 64.3424911499, 64.8301086426, 65.3177337646, 65.8053512573, 66.29296875, 66.7805862427, 67.2682037354, 67.7674331665, 68.2782745361, 68.6962356567, 69.1025848389, 69.508934021, 69.8920593262, 70.2868041992, 70.6931533813, 71.0995025635, 71.5174560547, 71.9238052368, 72.3301544189, 72.7481155396, 73.1428527832, 73.5375976562, 73.9439468384, 74.3502960205, 74.7682495117, 75.1629943848, 75.5577316284, 75.9524688721, 76.3356018066, 76.7303390503, 77.1366882324, 77.554649353, 77.9609985352, 78.3673477173, 78.7736968994, 79.1800460815, 79.5979995728, 79.9927444458, 80.375869751, 80.7706069946, 81.1653518677, 81.5717010498, 81.9780502319, 82.3727874756, 82.7791366577, 83.1854858398, 83.6150588989, 84.0330123901, 84.4277572632, 84.8341064453, 85.2404556274, 85.6584091187, 86.0531539917, 86.4478912354, 86.865852356, 87.2838058472, 87.6785507202, 88.0732879639, 88.479637146, 88.9092025757, 89.4200439453, 89.9308853149, 90.4417190552, 90.9409484863, 91.4401779175, 91.9277954102, 92.4154205322, 92.9030380249, 93.3790435791, 93.8782730103, 94.3658905029, 94.853515625, 95.3411331177, 95.8287506104, 96.316368103, 96.8039855957, 97.2916107178, 97.7908401489, 98.2900695801, 98.7776870728, 99.2653045654, 99.7645339966, 100.263763428, 100.75138092, 101.238998413, 101.726615906, 102.214241028, 102.713470459, 103.201087952, 103.688705444, 104.187934875, 104.675552368, 105.174781799, 105.67401123, 106.173240662, 106.672470093, 107.160087585, 107.647705078, 108.1353302, 108.622947693, 109.110565186, 109.598182678, 110.097412109, 110.596641541, 111.084259033, 111.571876526, 112.059501648, 112.535507202, 113.023124695, 113.522354126, 114.009971619, 114.497596741, 114.985214233, 115.472831726, 115.960449219, 116.448066711, 116.935691833, 117.423309326, 117.910926819, 118.398544312, 118.886169434, 119.373786926, 119.861404419, 120.349021912, 120.836639404, 121.324264526, 121.811882019, 122.299499512, 122.787117004, 123.274734497, 123.762359619, 124.249977112, 124.737594604, 125.225212097, 125.71282959, 126.188842773, 126.676460266, 127.164077759, 127.66330719, 128.150924683, 128.638549805, 129.137771606, 129.637008667, 130.136230469, 130.635467529, 131.123077393, 131.610702515, 132.098312378, 132.5859375, 133.073562622, 133.561172485, 134.048797607, 134.536407471, 135.024032593, 135.511657715, 135.999267578, 136.4868927, 136.974502563, 137.462127686, 137.949752808, 138.437362671, 138.924987793, 139.412597656, 139.900222778, 140.3878479, 140.887069702, 141.386306763, 141.873916626, 142.361541748, 142.849151611, 143.325164795, 143.812789917, 144.30039978, 144.799636841, 145.287246704, 145.774871826, 146.262496948, 146.750106812, 147.249343872, 147.748565674, 148.236190796, 148.723800659, 149.211425781, 149.699050903, 150.186660767, 150.697509766, 151.208343506, 151.742401123, 152.27645874, 152.810516357, 153.321365356, 153.832199097, 154.343032837, 154.853881836, 155.364715576, 155.875549316, 156.386398315, 156.897232056, 157.396453857, 157.907302856, 158.418136597, 158.928970337, 159.32371521, 159.741668701, 160.159637451, 160.577590942, 160.983947754, 161.390289307, 161.808258057, 162.214599609, 162.609344482, 163.004074097, 163.410430908, 163.828384399, 164.223129272, 164.617858887, 165.000991821, 165.395736694, 165.790466309, 166.185211182, 166.603164673, 167.009521484, 167.415863037, 167.822219849, 168.24017334, 168.646530151, 169.041259766, 169.436004639, 169.84236145, 170.248703003, 170.666656494, 171.073013306, 171.479354858, 171.897323608, 172.303665161, 172.73324585, 173.151199341, 173.545944214, 173.952285767, 174.358642578, 174.776596069, 175.194549561, 175.589294434, 176.007247925, 176.425216675, 176.843170166, 177.237915039, 177.644256592, 178.050613403, 178.468566895, 178.863311768, 179.258041382, 179.664398193, 180.070739746, 180.477096558, 180.88343811, 181.289794922, 181.707748413, 182.125717163, 182.532058716, 182.926803589, 183.321533203, 183.716278076, 184.122619629, 184.540588379, 184.95854187, 185.364898682, 185.771240234, 186.189208984, 186.595550537, 186.99029541, 187.396636963, 187.802993774, 188.220947266, 188.638900757, 189.045257568, 189.451599121, 189.857955933, 190.264297485, 190.682266235, 191.07699585, 191.471740723, 191.854873657, 192.238006592, 192.621124268, 192.992645264, 193.491882324, 193.956283569, 194.420669556, 194.908294678, 195.3959198, 195.883529663, 196.382766724, 196.870376587, 197.346389771, 197.834014893, 198.321624756, 198.809249878, 199.296859741, 199.796096802, 200.295318604, 200.782943726, 201.270568848, 201.758178711, 202.257415771, 202.756637573, 203.244262695, 203.731872559, 204.231109619, 204.730331421, 205.206344604, 205.693969727, 206.18157959, 206.669204712, 207.156814575, 207.632827759, 208.108840942, 208.584854126, 209.072463989, 209.560089111, 210.047698975, 210.535324097, 211.022949219, 211.510559082, 211.986572266, 212.462585449, 212.950195312, 213.437820435, 213.925445557, 214.424667358, 214.91229248, 215.411514282, 215.899139404, 216.386749268, 216.87437439, 217.373596191, 217.861221313, 218.348846436, 218.82484436, 219.312469482, 219.800079346, 220.287704468, 220.77532959, 221.262939453, 221.750564575, 222.238174438, 222.725799561, 223.225036621, 223.724258423, 224.211883545, 224.711105347, 225.210342407, 225.709564209, 226.092697144, 226.487426758, 226.870559692, 227.253692627, 227.671646118, 228.089614868, 228.484344482, 228.879089355, 229.285430908, 229.703399658, 230.109741211, 230.504486084, 230.899230957, 231.293960571, 231.700317383, 232.106658936, 232.513015747, 232.9193573, 233.314102173, 233.720443726, 234.126800537, 234.521530151, 234.916275024, 235.322631836, 235.740585327, 236.158538818, 236.56489563, 236.948028564, 237.342758179, 237.737503052, 238.143844604, 238.550201416, 238.933334351, 239.328063965, 239.711196899, 240.094329834, 240.489059448, 240.918640137, 241.348205566, 241.754547119, 242.184127808, 242.602081299, 243.02003479, 243.43800354, 243.855957031, 244.273925781, 244.691879272, 245.121444702, 245.516189575, 245.910919189, 246.305664062, 246.700408936, 247.083526611, 247.478271484, 247.873016357, 248.290969849, 248.70892334, 249.115280151, 249.521621704, 249.927978516, 250.345932007, 250.752288818, 251.147018433, 251.553375244, 251.971328735, 252.389297485, 252.795639038, 253.190383911, 253.585113525, 253.991470337, 254.39781189, 254.81578064, 255.210510254, 255.605255127, 256, 256.394744873, 256.789459229, 257.219055176, 257.625396729, 258.043365479, 258.461303711, 258.879272461, 259.274017334, 259.668762207, 260.07510376, 260.504669189, 260.922637939, 261.340576172, 261.851409912, 262.36227417, 262.87310791, 263.38394165, 263.894775391, 264.405609131, 264.916442871, 265.438903809, 265.961364746, 266.483795166, 267.006256104, 267.517089844, 268.027923584, 268.538757324, 269.061218262, 269.583679199, 270.117736816, 270.651794434, 271.209075928, 271.731506348, 272.265563965, 272.788024902, 273.298858643, 273.716827393, 274.146392822, 274.587554932, 274.993927002, 275.411865234, 275.829833984, 276.247802734, 276.665740967, 277.083709717, 277.501678467, 277.90802002, 278.314361572, 278.709106445, 279.103851318, 279.510192871, 279.916534424, 280.311279297, 280.717651367, 281.12399292, 281.541931152, 281.959899902], "beats_loudness": {"dvar2": 0.00231031421572, "var": 0.000997563474812, "min": 0, "dmean": 0.0337758213282, "mean": 0.0631788298488, "max": 0.196210592985, "dmean2": 0.0599713623524, "median": 0.0593764819205, "dvar": 0.000772457220592}, "bpm_histogram_second_peak_weight": {"dvar2": 0, "var": 0, "min": 0.135399669409, "dmean": 0, "mean": 0.135399669409, "max": 0.135399669409, "dmean2": 0, "median": 0.135399669409, "dvar": 0}, "bpm_histogram_second_peak_spread": {"dvar2": 0, "var": 0, "min": 0.617511510849, "dmean": 0, "mean": 0.617511510849, "max": 0.617511510849, "dmean2": 0, "median": 0.617511510849, "dvar": 0}, "bpm_histogram_second_peak_bpm": {"dvar2": 0, "var": 0, "min": 148, "dmean": 0, "mean": 148, "max": 148, "dmean2": 0, "median": 148, "dvar": 0}, "onset_rate": 3.75813651085}, "lowlevel": {"spectral_energyband_high": {"dvar2": 1.43133163988e-07, "var": 2.62500293502e-07, "min": 7.31154717738e-21, "dmean": 0.000154262976139, "mean": 0.000327983230818, "max": 0.00748573290184, "dmean2": 0.000214926054468, "median": 0.000147033963003, "dvar": 7.69026158309e-08}, "spectral_energyband_middle_low": {"dvar2": 4.79265727336e-05, "var": 5.28195487277e-05, "min": 1.66714203395e-22, "dmean": 0.00382915884256, "mean": 0.00869274418801, "max": 0.0551137551665, "dmean2": 0.0058938334696, "median": 0.00717022968456, "dvar": 2.07852735912e-05}, "spectral_energy": {"dvar2": 0.00123604724649, "var": 0.00113953859545, "min": 1.02326070714e-20, "dmean": 0.0203893836588, "mean": 0.0502884760499, "max": 0.298452675343, "dmean2": 0.0320539101958, "median": 0.0437883213162, "dvar": 0.000495799526107}, "spectral_spread": {"dvar2": 1068671238140.0, "var": 7327675580420.0, "min": 1077819, "dmean": 529753.0625, "mean": 3308834.75, "max": 48570088, "dmean2": 854281.125, "median": 3022047, "dvar": 444160704512}, "spectral_energyband_low": {"dvar2": 0.00108618673403, "var": 0.000767171382904, "min": 1.6542245944e-23, "dmean": 0.0174705330282, "mean": 0.0302639361471, "max": 0.287209272385, "dmean2": 0.0283431857824, "median": 0.0224063303322, "dvar": 0.000426440063166}, "spectral_rolloff": {"dvar2": 48200844, "var": 26906020, "min": 21.533203125, "dmean": 1416.30285645, "mean": 2307.43823242, "max": 22028.4667969, "dmean2": 2672.12597656, "median": 861.328125, "dvar": 18828834}, "barkbands": {"dvar2": [0.000162154028658, 0.000686899409629, 0.000198086054297, 1.19909354908e-05, 2.00372996915e-05, 3.34755372933e-06, 2.22259996008e-06, 2.25754524763e-06, 4.03720423492e-06, 4.62398293166e-06, 5.76304910282e-06, 5.54419193577e-06, 9.03162344912e-06, 2.38892948801e-06, 1.64885534559e-06, 8.70849987678e-07, 4.78358629152e-07, 1.35193204187e-06, 1.42979644124e-07, 3.53618432314e-08, 5.80690606711e-09, 8.55976567404e-10, 1.11486896104e-10, 4.99761308725e-11, 4.53213300222e-11, 4.7338535869e-11, 2.5666938086e-07], "var": [0.000119839241961, 0.00043682535761, 8.69858340593e-05, 5.48573871129e-06, 8.65987112775e-06, 3.7652937408e-06, 2.75800289273e-06, 2.1577420739e-06, 8.9888317234e-06, 9.55553059612e-06, 7.91586353444e-06, 5.87959038967e-06, 1.09263928607e-05, 2.25461258196e-06, 1.47214711888e-06, 8.19089279958e-07, 3.74540235271e-07, 9.20371576285e-07, 1.26733027628e-07, 2.64627715296e-08, 3.9357979098e-09, 5.68777747123e-10, 6.49414896858e-11, 2.36832636835e-11, 2.13881690136e-11, 2.490601822e-11, 6.62725597067e-07], "min": [1.05954718497e-24, 5.35180987472e-24, 7.60633046146e-25, 8.77907524202e-25, 9.33500287687e-24, 6.16158821571e-24, 6.16950956249e-24, 1.31791244346e-23, 1.45461123094e-23, 1.39232277386e-23, 2.31748574842e-23, 3.23804209083e-23, 2.23883773612e-23, 3.58323531672e-23, 5.76801904143e-23, 6.71453158975e-23, 5.97496691804e-23, 7.65601940965e-23, 1.35311102262e-22, 1.72796964685e-22, 2.93997225997e-22, 3.74609394666e-22, 3.85999839318e-22, 6.9982054664e-22, 8.02042329185e-22, 1.24929677603e-21, 1.97650485674e-21], "dmean": [0.00474190432578, 0.0123005006462, 0.00535097206011, 0.00129981955979, 0.0018076262204, 0.000851610384416, 0.000504846742842, 0.000464660231955, 0.000692047353368, 0.000622537685558, 0.000794881139882, 0.000686621293426, 0.000749945349526, 0.000390366651118, 0.00041032617446, 0.000323203625157, 0.000224122530199, 0.000256060098764, 0.000138947900268, 7.07725193934e-05, 2.78024181171e-05, 1.12130755952e-05, 4.45941941507e-06, 2.74816829915e-06, 2.60550905296e-06, 2.83088547803e-06, 0.000149725558003], "mean": [0.00673455512151, 0.0186876226217, 0.00599392224103, 0.00148493098095, 0.00233059050515, 0.00149941176642, 0.000897013582289, 0.000821222260129, 0.00144312414341, 0.00116133072879, 0.00140939257108, 0.00114002253395, 0.00127011700533, 0.000639817735646, 0.000702396908309, 0.00054389477009, 0.000358811434126, 0.000402473640861, 0.000232851743931, 0.000108846426883, 3.90604327549e-05, 1.54510562425e-05, 5.27770498593e-06, 2.75263232652e-06, 2.55319469034e-06, 3.21103311762e-06, 0.000367617263691], "max": [0.134991958737, 0.231316506863, 0.122555047274, 0.0309661831707, 0.038870472461, 0.0266704820096, 0.0315552428365, 0.0220384225249, 0.0369568876922, 0.0568745434284, 0.0418648645282, 0.0413025766611, 0.0624909549952, 0.0312033258379, 0.0228611249477, 0.0133254546672, 0.00874579511583, 0.0247895605862, 0.00433414103463, 0.00240215845406, 0.0009545138455, 0.000387560983654, 0.000155257701408, 7.67347373767e-05, 7.3710034485e-05, 7.19843010302e-05, 0.0106529528275], "dmean2": [0.00811596121639, 0.0200018379837, 0.00900589488447, 0.00217444845475, 0.00301639409736, 0.00132267642766, 0.000762484851293, 0.000723065051716, 0.00100825331174, 0.000931193877477, 0.00122110079974, 0.00107317988295, 0.00114778871648, 0.000612323638052, 0.000646376982331, 0.00050205248408, 0.000351599155692, 0.000400274206186, 0.000209994454053, 0.000105436098238, 4.10546053899e-05, 1.70388520928e-05, 7.01443559592e-06, 4.51846653959e-06, 4.29289320891e-06, 4.57326359538e-06, 0.000204034891794], "median": [0.00303274369799, 0.0118232946843, 0.00245501147583, 0.000620124221314, 0.00135505176149, 0.000873194891028, 0.000308787857648, 0.000284530426143, 0.000375356030418, 0.000315158540616, 0.000413373345509, 0.000388947082683, 0.000408070976846, 0.000232440826949, 0.00028750608908, 0.000219766268856, 0.000144159639603, 0.000141654134495, 0.000103401282104, 5.33952043043e-05, 1.69083232322e-05, 6.96641882314e-06, 2.28064118346e-06, 9.89403361018e-07, 8.58203918597e-07, 1.41204623105e-06, 9.31815156946e-05], "dvar": [5.74173609493e-05, 0.00027096728445, 7.57966190577e-05, 4.58057775177e-06, 7.67498750065e-06, 1.5073871964e-06, 1.07392929749e-06, 9.75676584858e-07, 2.27905570682e-06, 2.33058563026e-06, 2.79311893792e-06, 2.45061096393e-06, 4.2131932787e-06, 1.05714798337e-06, 6.91667537467e-07, 3.75509728201e-07, 1.98791781258e-07, 5.33789432211e-07, 6.37911696799e-08, 1.63729172442e-08, 2.72310685112e-09, 3.87241905209e-10, 4.85965642727e-11, 2.10156024527e-11, 1.90768199848e-11, 2.00560627134e-11, 1.51156214656e-07]}, "melbands_skewness": {"dvar2": 4.5310883522, "var": 8.20506954193, "min": -1.12350285053, "dmean": 1.24013793468, "mean": 3.66480255127, "max": 24.5545501709, "dmean2": 1.92999660969, "median": 2.96812176704, "dvar": 1.89194417}, "barkbands_skewness": {"dvar2": 2.71019697189, "var": 5.52291440964, "min": -2.20698952675, "dmean": 0.957918763161, "mean": 2.76650500298, "max": 21.4201717377, "dmean2": 1.48142659664, "median": 2.14595961571, "dvar": 1.16938555241}, "erbbands": {"dvar2": [1.42188704014, 29.293132782, 186.107894897, 243.589019775, 59.0396614075, 375.87802124, 402.446990967, 357.190032959, 660.725097656, 189.594482422, 2331.18969727, 2680.48608398, 1828.06958008, 7342.96386719, 11280.15625, 9693.64257812, 22535.1816406, 7687.55224609, 5171.84863281, 2457.73999023, 1573.50134277, 1395.68579102, 1113.36474609, 3658.33642578, 270.453063965, 75.0143737793, 18.9540538788, 5.60991573334, 1.42601430416, 0.338492423296, 0.0745911896229, 0.0256249401718, 0.0126214195043, 0.00578773859888, 0.00225211307406, 0.000697776908055, 0.000164923025295, 0.000107290965389, 0.0003025092592, 0.000119197742606], "var": [0.799670398235, 19.2456226349, 83.13671875, 116.423652649, 30.6870536804, 162.463424683, 151.493026733, 486.137451172, 822.161682129, 202.006469727, 2921.15258789, 5785.96582031, 2362.89257812, 15832.3066406, 14229.8183594, 10735.1083984, 27420.8769531, 7432.46484375, 4833.01660156, 2596.59082031, 1494.99389648, 1203.45739746, 1213.66760254, 2415.47094727, 227.329925537, 54.3766937256, 12.1937417984, 3.82785153389, 0.940497994423, 0.19858764112, 0.0422357805073, 0.0125578092411, 0.00592641485855, 0.00272426265292, 0.00106692034751, 0.000334347889293, 8.6823667516e-05, 9.31367758312e-05, 0.000475239357911, 0.000403466488933], "min": [1.09734388936e-22, 7.29386094113e-22, 1.3580662808e-21, 2.45743848931e-21, 1.34078238632e-20, 3.71239175902e-20, 3.84014075734e-20, 8.58097909664e-20, 9.19287496878e-20, 2.49777732513e-19, 4.03843895613e-19, 4.39048960977e-19, 3.71361107494e-19, 8.75437088718e-19, 8.74485520821e-19, 1.46388541488e-18, 1.40340310586e-18, 2.37286374685e-18, 2.29262205756e-18, 4.01929458463e-18, 4.4299029048e-18, 4.42181183764e-18, 4.12717506653e-18, 6.22858853523e-18, 7.04749610089e-18, 8.65972157277e-18, 1.05891931434e-17, 1.2062990767e-17, 1.08026528908e-17, 1.13856721204e-17, 1.20184040776e-17, 1.19303746897e-17, 1.04213275915e-17, 8.36068502799e-18, 6.71703165591e-18, 4.3689165326e-18, 2.23339075582e-18, 9.46850796325e-19, 2.41952216178e-19, 2.76770432434e-20], "dmean": [0.537892103195, 2.25521850586, 5.58061265945, 5.75971269608, 3.55570077896, 7.60358572006, 7.01963376999, 8.23738670349, 8.26747608185, 4.98875284195, 14.1367282867, 16.1314849854, 13.127661705, 25.4391555786, 31.0918426514, 29.3310470581, 35.9138069153, 21.2878837585, 21.7679538727, 17.7319488525, 13.9103708267, 12.2205085754, 11.0023136139, 11.8029050827, 5.84288263321, 3.24289321899, 1.54401433468, 0.84961694479, 0.445100992918, 0.225543022156, 0.114133559167, 0.0641528367996, 0.0432726033032, 0.0293784867972, 0.0184138268232, 0.0103196911514, 0.0052770585753, 0.0039715343155, 0.00600567320362, 0.00369270495139], "mean": [0.809243917465, 3.15649271011, 6.55794620514, 6.95833730698, 4.72134494781, 9.32934761047, 8.91073799133, 15.0947961807, 14.9693546295, 9.25961780548, 28.0253391266, 33.0127410889, 24.0173358917, 50.3033332825, 55.7202835083, 52.3738861084, 63.6968650818, 38.2809486389, 38.7859573364, 32.6106719971, 25.0491027832, 20.5864334106, 18.7801475525, 18.9100170135, 9.74386310577, 5.0334610939, 2.18080639839, 1.22309696674, 0.624306082726, 0.283728629351, 0.13428889215, 0.0675696060061, 0.0423832982779, 0.0287236310542, 0.0181602425873, 0.0103803267702, 0.00608924776316, 0.00632279459387, 0.0128185227513, 0.0107277100906], "max": [9.61402320862, 58.010181427, 102.154930115, 131.987533569, 62.0548400879, 204.152175903, 165.237030029, 325.412139893, 568.528076172, 225.399246216, 791.902587891, 1119.47229004, 1001.24121094, 2133.98071289, 1978.17004395, 1740.2869873, 3272.82763672, 1859.52404785, 1464.94812012, 888.94720459, 681.609069824, 605.113891602, 639.160827637, 1348.54943848, 283.465209961, 98.4181137085, 43.3322753906, 37.6172103882, 16.1704101562, 10.2941226959, 4.61028671265, 1.69863426685, 1.22881710529, 0.834069609642, 0.518961191177, 0.286650747061, 0.133233204484, 0.185860976577, 0.375084728003, 0.25727635622], "dmean2": [0.86741989851, 3.73553442955, 9.43795108795, 9.42457103729, 5.87906122208, 12.8477153778, 11.7739505768, 12.5554599762, 12.378745079, 7.75614213943, 21.5894737244, 23.4272708893, 20.0360717773, 37.6082267761, 48.3268547058, 45.4946746826, 54.7904930115, 32.9106445312, 33.6171379089, 27.4924869537, 21.5034217834, 18.9516849518, 16.8330440521, 18.2990665436, 8.73931217194, 4.82462453842, 2.27612376213, 1.26708173752, 0.67560750246, 0.348310530186, 0.180167481303, 0.104662239552, 0.0713329836726, 0.0484190657735, 0.0303126927465, 0.0169525835663, 0.00851445645094, 0.00585147598758, 0.00801225379109, 0.00491795269772], "median": [0.505610346794, 1.8269033432, 3.16039204597, 2.77659535408, 2.92309474945, 4.80166101456, 5.15198612213, 7.36226224899, 5.06598043442, 4.78706550598, 8.79357910156, 9.41146469116, 9.66007900238, 13.9867391586, 18.4470367432, 19.5278930664, 21.6266994476, 15.7890529633, 16.6925067902, 14.7422113419, 11.4317750931, 8.5034160614, 7.64436817169, 6.72147798538, 4.68008375168, 2.52664232254, 0.960948169231, 0.536192595959, 0.284646481276, 0.123148493469, 0.0586142614484, 0.027599433437, 0.0141718192026, 0.00960225611925, 0.00621795095503, 0.00368206622079, 0.00276244874112, 0.00301258522086, 0.00486339302734, 0.00317063950934], "dvar": [0.529225111008, 11.9711894989, 70.3443832397, 94.7800140381, 23.3939113617, 140.063522339, 153.995986938, 172.468215942, 322.658660889, 83.0013580322, 1049.88745117, 1612.77172852, 844.299865723, 3930.42626953, 5321.08251953, 4350.05273438, 10611.1269531, 3354.9921875, 2246.49072266, 1068.24584961, 672.081604004, 589.141479492, 474.325775146, 1452.66625977, 121.10660553, 34.5141105652, 8.83892536163, 2.56637954712, 0.644565045834, 0.148840069771, 0.0323163233697, 0.0107855172828, 0.00530901690945, 0.00243565905839, 0.00094820279628, 0.000293953664368, 6.97007926647e-05, 5.03029805259e-05, 0.000163665143191, 7.41294352338e-05]}, "silence_rate_30dB": {"dvar2": 0.132894083858, "var": 0.0536260716617, "min": 0, "dmean": 0.0585045181215, "mean": 0.943143546581, "max": 1, "dmean2": 0.117018654943, "median": 1, "dvar": 0.0550778694451}, "melbands_spread": {"dvar2": 76.3340988159, "var": 206.777526855, "min": 0.211496651173, "dmean": 5.37739658356, "mean": 16.2577495575, "max": 158.843856812, "dmean2": 8.53055381775, "median": 13.1309757233, "dvar": 31.7426013947}, "melbands_crest": {"dvar2": 36.662311554, "var": 54.6191940308, "min": 1.0002464056, "dmean": 4.65494060516, "mean": 19.5251903534, "max": 38.5263061523, "dmean2": 7.54971647263, "median": 18.783290863, "dvar": 15.0436267853}, "zerocrossingrate": {"dvar2": 0.00120464235079, "var": 0.00483651086688, "min": 0, "dmean": 0.0284447297454, "mean": 0.129910454154, "max": 0.5380859375, "dmean2": 0.037310924381, "median": 0.11181640625, "dvar": 0.000738539325539}, "barkbands_kurtosis": {"dvar2": 1746.6184082, "var": 1394.46350098, "min": -1.63055586815, "dmean": 11.4671440125, "mean": 18.0948505402, "max": 697.895324707, "dmean2": 18.3106594086, "median": 4.91486120224, "dvar": 712.047058105}, "spectral_flux": {"dvar2": 0.00291737937368, "var": 0.00263623497449, "min": 6.54649112697e-11, "dmean": 0.0358081236482, "mean": 0.117093279958, "max": 0.399658024311, "dmean2": 0.0586856156588, "median": 0.11305269599, "dvar": 0.00115058664232}, "barkbands_crest": {"dvar2": 18.672203064, "var": 24.0912513733, "min": 2.58286952972, "dmean": 3.32851552963, "mean": 12.2736845016, "max": 25.5203838348, "dmean2": 5.45933485031, "median": 11.7010707855, "dvar": 7.41143417358}, "barkbands_flatness_db": {"dvar2": 0.00220622471534, "var": 0.00401368224993, "min": 0.0340853109956, "dmean": 0.0338043756783, "mean": 0.180981934071, "max": 0.486335456371, "dmean2": 0.0533056892455, "median": 0.167178049684, "dvar": 0.000918726553209}, "spectral_entropy": {"dvar2": 0.088576823473, "var": 0.110303580761, "min": 5.33243513107, "dmean": 0.187044620514, "mean": 7.38788747787, "max": 9.81930828094, "dmean2": 0.292566984892, "median": 7.41352987289, "dvar": 0.0357586480677}, "pitch_salience": {"dvar2": 0.0152255352587, "var": 0.019014371559, "min": 0.0518435016274, "dmean": 0.0929054915905, "mean": 0.46495372057, "max": 0.996096968651, "dmean2": 0.150865331292, "median": 0.481942564249, "dvar": 0.00608851807192}, "erbbands_spread": {"dvar2": 141.109283447, "var": 246.053939819, "min": 3.72894430161, "dmean": 7.61583375931, "mean": 31.7513961792, "max": 109.647567749, "dmean2": 11.9292144775, "median": 28.5671710968, "dvar": 60.938419342}, "dynamic_complexity": 3.11474514008, "spectral_contrast_valleys": {"dvar2": [0.292858481407, 0.319392472506, 0.276184648275, 0.218030512333, 0.314461201429, 1.06878256798], "var": [2.41901993752, 2.63120746613, 2.57976770401, 2.51907539368, 2.56017708778, 2.11214447021], "min": [-28.3586940765, -28.0370006561, -27.7141494751, -27.7739830017, -27.4847679138, -27.396396637], "dmean": [0.422037780285, 0.424185454845, 0.390330374241, 0.342221647501, 0.382721990347, 0.766956746578], "mean": [-6.6378235817, -6.78882646561, -7.11669445038, -7.38792181015, -7.79727554321, -11.3435049057], "max": [-5.02229595184, -4.8017039299, -5.21311426163, -5.32084321976, -5.63720607758, -8.87450027466], "dmean2": [0.680542349815, 0.670304119587, 0.606151163578, 0.515462517738, 0.540934741497, 1.24344563484], "median": [-6.46110057831, -6.57504034042, -6.87637996674, -7.14632463455, -7.564494133, -11.2046747208], "dvar": [0.127475395799, 0.14049744606, 0.12660805881, 0.109357856214, 0.166686743498, 0.416578650475]}, "hfc": {"dvar2": 1284.82128906, "var": 4808.99072266, "min": 1.07572072571e-16, "dmean": 20.7643127441, "mean": 67.9684448242, "max": 628.753173828, "dmean2": 30.3990306854, "median": 44.5032234192, "dvar": 700.143066406}, "spectral_kurtosis": {"dvar2": 81.8546142578, "var": 73.8098907471, "min": -1.27516818047, "dmean": 4.97887849808, "mean": 17.1830921173, "max": 106.201499939, "dmean2": 7.88777923584, "median": 15.4305686951, "dvar": 32.9988899231}, "mfcc": {"mean": [-680.152893066, 181.317703247, -32.1283607483, 36.5434150696, 13.1812944412, 15.2491168976, 13.8421144485, 8.76884174347, 2.50324940681, 4.02470445633, 4.76584243774, 1.60976314545, 4.19032001495], "cov": [[6748.68408203, 259.777618408, -1273.57250977, 111.425575256, -562.442077637, -71.9718551636, -170.672348022, 46.0948066711, -45.360244751, -65.4199905396, -48.861076355, -114.960929871, -3.38934183121], [259.777618408, 854.731140137, -325.695800781, -108.997505188, -13.5397634506, -42.191028595, 18.2498340607, -6.9374127388, 5.16053199768, -1.87216866016, 21.4530200958, 1.54906463623, 5.64231586456], [-1273.57250977, -325.695800781, 968.075622559, 1.11046409607, 202.16746521, 52.6535797119, 25.8285179138, -41.0557556152, 3.52375459671, 44.5453071594, -0.00490598659962, 50.4115180969, -7.45837211609], [111.425575256, -108.997505188, 1.11046409607, 455.803619385, -27.7205314636, 95.7234802246, 1.19921195507, -4.6401925087, -9.5519323349, -0.691737174988, -2.40462803841, -12.5268125534, 20.8641605377], [-562.442077637, -13.5397634506, 202.16746521, -27.7205314636, 214.376251221, 16.0701293945, 36.1743354797, 1.2656069994, 12.8207912445, 19.4683170319, 10.7121191025, 19.6246166229, -8.58459854126], [-71.9718551636, -42.191028595, 52.6535797119, 95.7234802246, 16.0701293945, 121.154495239, 23.6320075989, 6.91830968857, -2.76699590683, 1.79684245586, 1.10051810741, 0.980125486851, 0.0101312128827], [-170.672348022, 18.2498340607, 25.8285179138, 1.19921195507, 36.1743354797, 23.6320075989, 97.3389663696, 31.5744991302, 7.01569509506, -2.7876200676, 0.494353950024, 7.48971939087, 7.11893606186], [46.0948066711, -6.9374127388, -41.0557556152, -4.6401925087, 1.2656069994, 6.91830968857, 31.5744991302, 89.937538147, 34.0184364319, -2.09739470482, -4.52218341827, -7.93171215057, -7.35688209534], [-45.360244751, 5.16053199768, 3.52375459671, -9.5519323349, 12.8207912445, -2.76699590683, 7.01569509506, 34.0184364319, 62.4908065796, 27.5695800781, 4.95341396332, -0.0519342273474, -7.94089841843], [-65.4199905396, -1.87216866016, 44.5453071594, -0.691737174988, 19.4683170319, 1.79684245586, -2.7876200676, -2.09739470482, 27.5695800781, 58.0028076172, 27.7554264069, 6.94967269897, -2.55993127823], [-48.861076355, 21.4530200958, -0.00490598659962, -2.40462803841, 10.7121191025, 1.10051810741, 0.494353950024, -4.52218341827, 4.95341396332, 27.7554264069, 54.086807251, 26.0926971436, -0.874904692173], [-114.960929871, 1.54906463623, 50.4115180969, -12.5268125534, 19.6246166229, 0.980125486851, 7.48971939087, -7.93171215057, -0.0519342273474, 6.94967269897, 26.0926971436, 50.3047294617, 20.5620441437], [-3.38934183121, 5.64231586456, -7.45837211609, 20.8641605377, -8.58459854126, 0.0101312128827, 7.11893606186, -7.35688209534, -7.94089841843, -2.55993127823, -0.874904692173, 20.5620441437, 53.7223815918]], "icov": [[0.00022834308038, 2.84858128907e-06, 0.000231380399782, -3.57731587428e-05, 0.00034282906563, -9.62953981798e-06, 0.000245163479121, -0.000193917047, 0.000267369177891, -0.000272046105238, 0.000265920476522, -6.54387331451e-05, 0.000111799192382], [2.84858128907e-06, 0.0014681161847, 0.000593126402237, 0.000314883684041, -0.000316146790283, 0.000104740320239, -0.000524125411175, 0.000692981760949, -0.000380912126275, 0.000104178303445, -0.000493511208333, 6.18162739556e-05, -0.000163182252436], [0.000231380399782, 0.000593126402237, 0.00200679432601, 1.98642155738e-05, -0.000921773549635, -0.000407750863815, 5.16578757015e-06, 0.000549659598619, 0.000755656685214, -0.00209447718225, 0.00243573007174, -0.00248714745976, 0.00115407048725], [-3.57731587428e-05, 0.000314883684041, 1.98642155738e-05, 0.00290941935964, 0.000207606557524, -0.00233118189499, 0.000233882776229, 0.000376487092581, -0.000301037158351, 0.000376330513973, -0.00109755643643, 0.00188523961697, -0.00187433068641], [0.00034282906563, -0.000316146790283, -0.000921773549635, 0.000207606557524, 0.00704567879438, -0.00025277750683, -0.00167687714566, -3.82073558285e-05, -0.000164498836966, -0.00124372972641, 0.000464853597805, -0.00148879701737, 0.00168294773903], [-9.62953981798e-06, 0.000104740320239, -0.000407750863815, -0.00233118189499, -0.00025277750683, 0.0108882058412, -0.00237774080597, -0.000746686302591, 0.00133864372037, -0.000717887014616, 0.000231172263739, -0.000680434110109, 0.00143538764678], [0.000245163479121, -0.000524125411175, 5.16578757015e-06, 0.000233882776229, -0.00167687714566, -0.00237774080597, 0.0139748556539, -0.00562577694654, 0.00140161463059, 0.000628422538284, 0.000134413974592, -0.00083152577281, -0.00235179928131], [-0.000193917047, 0.000692981760949, 0.000549659598619, 0.000376487092581, -3.82073558285e-05, -0.000746686302591, -0.00562577694654, 0.0185531005263, -0.0122857382521, 0.00651073548943, -0.00251446827315, 0.00310312095098, 0.000390900357161], [0.000267369177891, -0.000380912126275, 0.000755656685214, -0.000301037158351, -0.000164498836966, 0.00133864372037, 0.00140161463059, -0.0122857382521, 0.0309354644269, -0.0188745483756, 0.00939109455794, -0.00646342057735, 0.00468406500295], [-0.000272046105238, 0.000104178303445, -0.00209447718225, 0.000376330513973, -0.00124372972641, -0.000717887014616, 0.000628422538284, 0.00651073548943, -0.0188745483756, 0.0374759547412, -0.0228900741786, 0.0120676122606, -0.00585108296946], [0.000265920476522, -0.000493511208333, 0.00243573007174, -0.00109755643643, 0.000464853597805, 0.000231172263739, 0.000134413974592, -0.00251446827315, 0.00939109455794, -0.0228900741786, 0.0422616489232, -0.0261609721929, 0.0115437814966], [-6.54387331451e-05, 6.18162739556e-05, -0.00248714745976, 0.00188523961697, -0.00148879701737, -0.000680434110109, -0.00083152577281, 0.00310312095098, -0.00646342057735, 0.0120676122606, -0.0261609721929, 0.0432040914893, -0.0181333255023], [0.000111799192382, -0.000163182252436, 0.00115407048725, -0.00187433068641, 0.00168294773903, 0.00143538764678, -0.00235179928131, 0.000390900357161, 0.00468406500295, -0.00585108296946, 0.0115437814966, -0.0181333255023, 0.027702415362]]}, "silence_rate_20dB": {"dvar2": 0, "var": 0, "min": 1, "dmean": 0, "mean": 1, "max": 1, "dmean2": 0, "median": 1, "dvar": 0}, "melbands_kurtosis": {"dvar2": 3864.30371094, "var": 3326.47143555, "min": -1.67710745335, "dmean": 18.4635906219, "mean": 29.9364738464, "max": 906.629760742, "dmean2": 29.4217433929, "median": 9.91489887238, "dvar": 1632.15942383}, "barkbands_spread": {"dvar2": 67.5275421143, "var": 145.703979492, "min": 0.255119979382, "dmean": 5.24811410904, "mean": 17.821762085, "max": 103.427192688, "dmean2": 8.18291950226, "median": 16.5758285522, "dvar": 29.9231204987}, "erbbands_skewness": {"dvar2": 0.240998789668, "var": 0.36871099472, "min": -2.57038092613, "dmean": 0.352309644222, "mean": -0.0920178741217, "max": 4.61805057526, 