{"tonal": {"thpcp": [1, 0.591384828091, 0.289417475462, 0.187468141317, 0.152117460966, 0.180958971381, 0.222780764103, 0.222964465618, 0.258470624685, 0.279083877802, 0.216402098536, 0.227286085486, 0.254678249359, 0.236621126533, 0.342757225037, 0.403280824423, 0.28538531065, 0.250644683838, 0.280212581158, 0.27549675107, 0.542000055313, 0.820977151394, 0.53266531229, 0.188738718629, 0.135913982987, 0.11625995487, 0.130433052778, 0.161392822862, 0.17394593358, 0.202386930585, 0.235670596361, 0.24801184237, 0.271413087845, 0.299993604422, 0.424850314856, 0.856163144112], "hpcp": {"dmean2": [0.373783409595, 0.376453399658, 0.256081849337, 0.184291914105, 0.143920019269, 0.145821690559, 0.156915813684, 0.170632049441, 0.182693913579, 0.183578774333, 0.151762962341, 0.153266698122, 0.161863729358, 0.152917534113, 0.19642996788, 0.195682927966, 0.185002595186, 0.200716197491, 0.229205995798, 0.248463347554, 0.308484464884, 0.325415313244, 0.284763485193, 0.155064880848, 0.120349392295, 0.104801334441, 0.112562559545, 0.126242414117, 0.139131993055, 0.157709151506, 0.17439006269, 0.184696733952, 0.21326328814, 0.25117212534, 0.340126127005, 0.388303101063], "median": [0.35038715601, 0.164510756731, 0.0469658300281, 0.0241053141654, 0.0188158676028, 0.0311534944922, 0.0416791364551, 0.040899336338, 0.0432883352041, 0.045001745224, 0.0418079830706, 0.040878713131, 0.0411835201085, 0.0423330068588, 0.0468919798732, 0.0386563576758, 0.0305794160813, 0.0271549969912, 0.0258293058723, 0.0351270884275, 0.151666581631, 0.220225304365, 0.128071382642, 0.0292301196605, 0.0142726320773, 0.0127381095663, 0.0137228239328, 0.0153917921707, 0.0234247352928, 0.0289077945054, 0.0326798968017, 0.0349382162094, 0.0435551516712, 0.050849147141, 0.0877517387271, 0.247348189354], "min": [0, 0, 0, 0, 0, 0, 0, 0, 0, 0, 0, 0, 0, 0, 0, 0, 0, 0, 0, 0, 0, 0, 0, 0, 0, 0, 0, 0, 0, 0, 0, 0, 0, 0, 0, 0], "dvar2": [0.138353064656, 0.155446395278, 0.126024216413, 0.101660482585, 0.0776977390051, 0.0689173042774, 0.0681907013059, 0.0743334144354, 0.0813432559371, 0.0820026248693, 0.056911945343, 0.0559878014028, 0.0608582980931, 0.0546025037766, 0.0832214727998, 0.0910504534841, 0.0864517390728, 0.100531361997, 0.123491749167, 0.131555467844, 0.116446867585, 0.123685598373, 0.097271963954, 0.0624308437109, 0.0574089102447, 0.0531842857599, 0.0617359876633, 0.06779884547, 0.0743056610227, 0.0783852934837, 0.0927875936031, 0.0941603109241, 0.105352126062, 0.121363021433, 0.163746938109, 0.154068082571], "dvar": [0.0573257915676, 0.0571034327149, 0.0466708242893, 0.0376321412623, 0.0287482570857, 0.0250779986382, 0.0256441477686, 0.0274659805, 0.0316626355052, 0.0335607752204, 0.0213708560914, 0.0226730201393, 0.0259237997234, 0.0213814117014, 0.0331440120935, 0.0393217839301, 0.0321229919791, 0.0374602340162, 0.0473374016583, 0.0473028495908, 0.0429386682808, 0.0575462318957, 0.0393880866468, 0.0232900250703, 0.0208222121, 0.0188443232328, 0.0221333671361, 0.0247048176825, 0.026480326429, 0.0295695010573, 0.0334808193147, 0.035741943866, 0.0403097160161, 0.0447380244732, 0.0571151375771, 0.0616682097316], "dmean": [0.220248892903, 0.215210527182, 0.14430989325, 0.1013141945, 0.0806986689568, 0.0826737806201, 0.0901811122894, 0.0969316735864, 0.106020480394, 0.107561230659, 0.0877997875214, 0.0900063365698, 0.0950280949473, 0.0904282480478, 0.11689016968, 0.116861179471, 0.107710406184, 0.114758908749, 0.132130399346, 0.138484090567, 0.178162783384, 0.193545639515, 0.169280186296, 0.0886078327894, 0.0674411952496, 0.0581062622368, 0.0631449222565, 0.0721714273095, 0.0793178528547, 0.090200304985, 0.0995062440634, 0.105424590409, 0.122102335095, 0.140682384372, 0.189908415079, 0.226787284017], "max": [1, 1, 1, 1, 1, 1, 1, 1, 1, 1, 1, 1, 1, 1, 1, 1, 1, 1, 1, 1, 1, 1, 1, 1, 1, 1, 1, 1, 1, 1, 1, 1, 1, 1, 1, 1], "var": [0.132848531008, 0.0733213722706, 0.0410793051124, 0.0290840100497, 0.0233509447426, 0.021696742624, 0.025560926646, 0.0264123324305, 0.0352922566235, 0.0418661646545, 0.0217128172517, 0.0274590272456, 0.037046790123, 0.0272272285074, 0.0525896698236, 0.086402207613, 0.0438718944788, 0.0381006151438, 0.0515557155013, 0.0443446114659, 0.0610390715301, 0.126123249531, 0.0669650435448, 0.022446192801, 0.0183729305863, 0.0158101003617, 0.0184818673879, 0.0260381679982, 0.024931512773, 0.0283283255994, 0.0374768711627, 0.0385295711458, 0.0398216508329, 0.0420768894255, 0.0577191524208, 0.122241720557], "mean": [0.444979846478, 0.263154327869, 0.128784939647, 0.0834195464849, 0.0676892027259, 0.080523096025, 0.0991329476237, 0.099214695394, 0.115014217794, 0.124186694622, 0.0962945744395, 0.101137727499, 0.113326691091, 0.105291634798, 0.152520060539, 0.179451838136, 0.126990705729, 0.111531838775, 0.124688945711, 0.122590497136, 0.241179093719, 0.36531829834, 0.23702532053, 0.083984926343, 0.0604789815843, 0.0517333373427, 0.0580400824547, 0.0718165561557, 0.0774024352431, 0.0900581032038, 0.104868665338, 0.110360272229, 0.120773352683, 0.133491113782, 0.189049825072, 0.380975335836]}, "tuning_equal_tempered_deviation": 0.0872413665056, "chords_changes_rate": 0.0463309362531, "key_key": "A", "tuning_diatonic_strength": 0.644454360008, "key_scale": "major", "chords_number_rate": 0.00230215815827, "tuning_frequency": 451.586883545, "tuning_nontempered_energy_ratio": 0.761176764965, "chords_histogram": [44.1726608276, 2.47482013702, 0, 1.55395686626, 0, 0.258992791176, 0.892086327076, 0.172661870718, 0.086330935359, 0, 1.29496407509, 0.690647482872, 0.776978433132, 0, 0, 2.12949633598, 0, 35.3669052124, 1.38129496574, 0, 0.086330935359, 0.0287769790739, 8.40287780762, 0.230215832591], "key_strength": 0.780051469803, "chords_key": "A", "chords_strength": {"dmean2": 0.0115128783509, "median": 0.586133301258, "min": -1, "dvar2": 0.00116581679322, "dvar": 0.000615962548181, "dmean": 0.0105455610901, "max": 0.846568465233, "var": 0.0317547172308, "mean": 0.565576791763}, "chords_scale": "major", "hpcp_entropy": {"dmean2": 1.19382441044, "median": 2.16105937958, "min": 0, "dvar2": 0.923960447311, "dvar": 0.341024488211, "dmean": 0.710859835148, "max": 4.50305175781, "var": 0.637876212597, "mean": 2.14355254173}}, "metadata": {"audio_properties": {"equal_loudness": 0, "codec": "flac", "downmix": "mix", "sample_rate": 44100, "analysis_sample_rate": 44100, "bit_rate": 0, "md5_encoded": "be225ad790573e21cbc3063ef4200834", "length": 161.293334961, "replay_gain": -13.7075233459, "lossless": true}, "version": {"essentia_build_sha": "2d9f1f26377add8aeb1075a9c2973f962c4f09fd", "essentia": "2.1-beta2", "extractor": "music 1.0", "essentia_git_sha": "v2.1_beta2-1-ge3940c0"}, "tags": {"title": ["I Want Justice (live)"], "barcode": ["664813210928"], "media": ["CD"], "albumartist": ["The Selecter"], "tracktotal": ["16"], "musicbrainz_releasegroupid": ["7fd1bda7-4d1d-3935-a467-16fffd2a0c83"], "releasetype": ["album", "compilation"], "musicbrainz_recordingid": ["0c47e9b8-0040-49c6-8cf0-5862a45e6777"], "originalyear": ["1999"], "musicbrainz_releasetrackid": ["d515afde-abfb-39ea-93f5-11fd6cbfcb57"], "discnumber": ["1"], "album": ["Too Much Pressure"], "catalognumber": ["MAYO CD 109"], "releasecountry": ["GB"], "musicbrainz_albumartistid": ["1329faaf-799f-44e2-91f9-87fe52f17afd"], "date": ["1999"], "file_name": "10 - The Selecter - I Want Justice (live).flac", "disctotal": ["1"], "musicbrainz_artistid": ["1329faaf-799f-44e2-91f9-87fe52f17afd"], "originaldate": ["1999"], "musicbrainz_albumid": ["6a42ee49-9dbc-496b-9e2b-3afb10e6f765"], "artist": ["The Selecter"], "artistsort": ["Selecter, The"], "tracknumber": ["10"], "label": ["The Harry May Record Company"], "albumartistsort": ["Selecter, The"], "script": ["Latn"], "releasestatus": ["official"]}}, "rhythm": {"bpm_histogram_first_peak_bpm": {"dmean2": 0, "median": 148, "min": 148, "dvar2": 0, "dvar": 0, "dmean": 0, "max": 148, "var": 0, "mean": 148}, "bpm": 148.968048096, "bpm_histogram_second_peak_spread": {"dmean2": 0, "median": 0.312500029802, "min": 0.312500029802, "dvar2": 0, "dvar": 0, "dmean": 0, "max": 0.312500029802, "var": 0, "mean": 0.312500029802}, "bpm_histogram_first_peak_weight": {"dmean2": 0, "median": 0.498753130436, "min": 0.498753130436, "dvar2": 0, "dvar": 0, "dmean": 0, "max": 0.498753130436, "var": 0, "mean": 0.498753130436}, "onset_rate": 3.7691628933, "beats_position": [0.371519267559, 0.743038535118, 1.11455774307, 1.48607707024, 1.8575963974, 2.22911548615, 2.60063481331, 2.9837641716, 3.36689329147, 3.75002264977, 4.13315200806, 4.52789115906, 4.91102027893, 5.30575942993, 5.6888885498, 6.08362817764, 6.47836732864, 6.87310647964, 7.26784563065, 7.66258478165, 8.03410434723, 8.40562343597, 8.77714252472, 9.17188167572, 9.56662082672, 9.94974994659, 10.3444900513, 10.7508392334, 11.1455783844, 11.5403175354, 11.9466667175, 12.3646259308, 12.7709751129, 13.1889343262, 13.5952835083, 14.0132427216, 14.4195919037, 14.8259410858, 15.2322902679, 15.6386394501, 16.0449886322, 16.4513378143, 16.8576869965, 17.2756462097, 17.693605423, 18.0999546051, 18.5063037872, 18.9126529694, 19.3306121826, 19.7369613647, 20.1433105469, 20.549659729, 20.9560089111, 21.3739681244, 21.7803173065, 22.1866664886, 22.5930156708, 22.9877548218, 23.405714035, 23.8120632172, 24.2184123993, 24.6247615814, 25.0311107635, 25.4258499146, 25.8321990967, 26.2269382477, 26.6332874298, 27.0280265808, 27.4343757629, 27.8407249451, 28.2354640961, 28.6418132782, 29.0481624603, 29.4545116425, 29.8608608246, 30.2555999756, 30.6619491577, 31.0682983398, 31.474647522, 31.8809967041, 32.2989578247, 32.7053070068, 33.111656189, 33.5063934326, 33.901134491, 34.3074836731, 34.7138328552, 35.1201820374, 35.5265312195, 35.9212684631, 36.3160095215, 36.7223587036, 37.1287078857, 37.5350570679, 37.94140625, 38.3361434937, 38.730884552, 39.1372337341, 39.5435829163, 39.9499320984, 40.3562812805, 40.7510185242, 41.1457595825, 41.5521087646, 41.9584579468, 42.3648071289, 42.771156311, 43.1775054932, 43.5838546753, 43.9902038574, 44.3965530396, 44.8029022217, 45.1976394653, 45.6039886475, 45.9987297058, 46.3934669495, 46.7882080078, 47.1945571899, 47.6009063721, 48.0072555542, 48.4136047363, 48.80834198, 49.2030830383, 49.6094322205, 50.0157814026, 50.4105224609, 50.8168716431, 51.2116088867, 51.6179580688, 52.0126991272, 52.4074363708, 52.8021774292, 53.1969146729, 53.5916557312, 53.9863929749, 54.392742157, 54.7990913391, 55.2054405212, 55.6117897034, 56.0181388855, 56.4244880676, 56.8308372498, 57.2371864319, 57.643535614, 58.0498847961, 58.4562339783, 58.8509750366, 59.2573242188, 59.6636734009, 60.070022583, 60.4763717651, 60.8827209473, 61.2890701294, 61.6954193115, 62.1017684937, 62.5081176758, 62.9144668579, 63.32081604, 63.7155532837, 64.1219024658, 64.5282516479, 64.9346008301, 65.3409500122, 65.7472991943, 66.1536483765, 66.5483856201, 66.9431304932, 67.3494796753, 67.7558288574, 68.1621780396, 68.5685272217, 68.9864807129, 69.3812255859, 69.7875747681, 70.1939239502, 70.5886611938, 70.9833984375, 71.3897476196, 71.7960968018, 72.2140579224, 72.6204071045, 73.0267562866, 73.4331054688, 73.8394546509, 74.245803833, 74.6521530151, 75.0468902588, 75.4532394409, 75.859588623, 76.2543258667, 76.6490707397, 77.0554199219, 77.461769104, 77.8565063477, 78.2512435913, 78.6575927734, 79.0639419556, 79.4702911377, 79.8766403198, 80.2946014404, 80.712562561, 81.1189117432, 81.5252609253, 81.9316101074, 82.3379592896, 82.7559204102, 83.1622695923, 83.5686187744, 83.9749679565, 84.3813171387, 84.7876663208, 85.1940155029, 85.6003646851, 86.0067138672, 86.4246673584, 86.8310165405, 87.2373657227, 87.6321105957, 88.0384597778, 88.44480896, 88.8511581421, 89.2575073242, 89.6638565063, 90.0702056885, 90.4649429321, 90.8596801758, 91.2544174194, 91.6491622925, 92.0438995361, 92.4502487183, 92.8565979004, 93.2629470825, 93.6692962646, 94.0756454468, 94.4819946289, 94.8767318726, 95.2714691162, 95.6662139893, 96.0725631714, 96.4789123535, 96.8736495972, 97.2683868408, 97.6631240845, 98.0578689575, 98.4526062012, 98.8473434448, 99.2420806885, 99.6368255615, 100.043174744, 100.449523926, 100.844261169, 101.250610352, 101.656959534, 102.063308716, 102.481269836, 102.899223328, 103.317184448, 103.735145569, 104.164710999, 104.582672119, 104.989021301, 105.395370483, 105.801719666, 106.208068848, 106.602806091, 106.997550964, 107.392288208, 107.787025452, 108.181770325, 108.576507568, 108.971244812, 109.377593994, 109.772331238, 110.167076111, 110.561813354, 110.956550598, 111.351287842, 111.746032715, 112.140769958, 112.535507202, 112.930244446, 113.324989319, 113.719726563, 114.114463806, 114.497596741, 114.892333984, 115.27545929, 115.658592224, 116.053329468, 116.448066711, 116.842811584, 117.237548828, 117.632286072, 118.027030945, 118.421768188, 118.804893494, 119.199638367, 119.582763672, 119.977500916, 120.372245789, 120.755371094, 121.138504028, 121.521629333, 121.904762268, 122.299499512, 122.694236755, 123.088973999, 123.472106934, 123.855232239, 124.249977112, 124.644714355, 125.039451599, 125.434196472, 125.828933716, 126.223670959, 126.618408203, 127.013153076, 127.40789032, 127.814239502, 128.232192993, 128.650161743, 129.079727173, 129.486068726, 129.892425537, 130.28717041, 130.693511963, 131.099868774, 131.506210327, 131.912567139, 132.318908691, 132.725265503, 133.131607056, 133.537963867, 133.932693481, 134.339050293, 134.745391846, 135.151748657, 135.55809021, 135.964447021, 136.370788574, 136.765533447, 137.171875, 137.578231812, 137.984573364, 138.379318237, 138.78565979, 139.192016602, 139.598358154, 139.993103027, 140.399459839, 140.805801392, 141.200546265, 141.595275879, 141.990020752, 142.384765625, 142.779495239, 143.185852051, 143.592193604, 143.998550415, 144.404891968, 144.799636841, 145.194366455, 145.589111328, 146.007064819, 146.401809692, 146.796554565, 147.19128418, 147.597640991, 148.003982544, 148.410339355, 148.816680908, 149.234649658, 149.640991211, 150.035736084, 150.442077637, 150.848434448, 151.254776001, 151.661132813, 152.067474365, 152.473831177, 152.891784668, 153.309753418, 153.716094971, 154.122451782, 154.528793335, 154.877090454, 155.225387573, 155.585296631, 155.945205688, 156.293518066, 156.630203247, 156.966888428, 157.303573608, 157.675094604, 158.058227539, 158.441360474, 158.824493408, 159.207611084, 159.602355957, 159.99710083, 160.391830444, 160.786575317], "beats_loudness": {"dmean2": 0.0221261736006, "median": 0.0211030747741, "min": 0, "dvar2": 0.000433062959928, "dvar": 0.000148192382767, "dmean": 0.0125204324722, "max": 0.0935597345233, "var": 0.000188037913176, "mean": 0.0240707155317}, "danceability": 1.1203186512, "bpm_histogram_second_peak_weight": {"dmean2": 0, "median": 0.0548628419638, "min": 0.0548628419638, "dvar2": 0, "dvar": 0, "dmean": 0, "max": 0.0548628419638, "var": 0, "mean": 0.0548628419638}, "beats_count": 402, "bpm_histogram_second_peak_bpm": {"dmean2": 0, "median": 157, "min": 157, "dvar2": 0, "dvar": 0, "dmean": 0, "max": 157, "var": 0, "mean": 157}, "bpm_histogram_first_peak_spread": {"dmean2": 0, "median": 0.442896902561, "min": 0.442896902561, "dvar2": 0, "dvar": 0, "dmean": 0, "max": 0.442896902561, "var": 0, "mean": 0.442896902561}, "beats_loudness_band_ratio": {"dmean2": [0.312604129314, 0.204893052578, 0.202722623944, 0.191514670849, 0.113690942526, 0.153379112482], "median": [0.310061693192, 0.134783893824, 0.085346378386, 0.0937440693378, 0.098796248436, 0.116092130542], "min": [0, 0, 0, 0, 0, 0], "dvar2": [0.0461013801396, 0.042958650738, 0.0505423657596, 0.0447498112917, 0.0137828616425, 0.0198981873691], "dvar": [0.0169252306223, 0.0156841631979, 0.0165663529187, 0.0143810603768, 0.00505667133257, 0.00736526353285], "dmean": [0.178928211331, 0.117457345128, 0.112573079765, 0.103699415922, 0.0671030282974, 0.0848377645016], "max": [0.803130924702, 0.858514785767, 0.66629087925, 0.74346023798, 0.657725393772, 0.682899355888], "var": [0.0313678346574, 0.0227140113711, 0.0168598294258, 0.0150645328686, 0.00770178018138, 0.0104344356805], "mean": [0.32445526123, 0.176588371396, 0.126261562109, 0.131684362888, 0.118132531643, 0.140315324068]}}, "lowlevel": {"barkbands_spread": {"dmean2": 11.2682781219, "median": 32.8555183411, "min": 1.81901597977, "dvar2": 132.166824341, "dvar": 65.9304275513, "dmean": 7.49389028549, "max": 106.056022644, "var": 287.462799072, "mean": 34.6113739014}, "melbands_spread": {"dmean2": 16.7315330505, "median": 32.129699707, "min": 1.4142203331, "dvar2": 398.372375488, "dvar": 203.666305542, "dmean": 11.2225847244, "max": 294.703216553, "var": 859.147338867, "mean": 38.9344558716}, "hfc": {"dmean2": 9.80359840393, "median": 18.6480827332, "min": 1.06200779169e-16, "dvar2": 148.464828491, "dvar": 76.6371307373, "dmean": 7.16080665588, "max": 146.993881226, "var": 343.191925049, "mean": 23.0180206299}, "barkbands_kurtosis": {"dmean2": 2.97212839127, "median": 0.116667062044, "min": -1.91094565392, "dvar2": 26.0095043182, "dvar": 13.4225444794, "dmean": 1.98082745075, "max": 79.0578765869, "var": 37.776424408, "mean": 2.16218185425}, "gfcc": {"mean": [-7.83287334442, 61.164516449, -115.774536133, 49.9134407043, -60.4895057678, 15.5324430466, -38.7019386292, 4.61198711395, -32.6056976318, -2.3230676651, -19.1175060272, -6.39756250381, -11.3503675461], "icov": [[0.000213083752897, -0.000379353121389, 0.000472166429972, -0.000376124313334, 0.000572241842747, -0.000383117090678, 0.000722905795556, -0.000641149177682, 0.00106641324237, -0.000911904731765, 0.00108261220157, -0.000707950384822, 0.000665969273541], [-0.000379353121389, 0.00238054827787, -0.000484729360323, 0.000324137072312, -0.000730368192308, 0.00116282794625, -0.00172438623849, 0.00256987265311, -0.00266794092022, 0.0033224504441, -0.00301206042059, 0.00260634510778, -0.00147405569442], [0.000472166429972, -0.000484729360323, 0.0023934636265, -0.00108121673111, 0.000882948806975, -0.00125332851894, 0.00183435133658, -0.000816444051452, 0.00233593629673, -0.00231100572273, 0.00279923574999, -0.00230575632304, 0.00178271555342], [-0.000376124313334, 0.000324137072312, -0.00108121673111, 0.00337282870896, -0.00167778553441, 0.000472567480756, -0.000313928525429, 0.000711338943802, -0.00151704880409, 0.00157906801905, -0.00282700778916, 0.00269175088033, -0.00195733550936], [0.000572241842747, -0.000730368192308, 0.000882948806975, -0.00167778553441, 0.00579556217417, -0.000847007031552, 0.000365682411939, -0.00102415517904, 0.00156715116464, -0.00255587673746, 0.00282503361814, -0.00219220831059, 0.00157295085955], [-0.000383117090678, 0.00116282794625, -0.00125332851894, 0.000472567480756, -0.000847007031552, 0.00801531411707, -0.00438104942441, 0.000250864599366, 0.0018248151755, -0.000230167919653, -0.00147363520227, 0.00400657625869, -0.00147148524411], [0.000722905795556, -0.00172438623849, 0.00183435133658, -0.000313928525429, 0.000365682411939, -0.00438104942441, 0.0122510753572, -0.00531652010977, 1.36950411616e-05, 0.00109386106487, 0.000701316748746, -0.00258808908984, 0.00305292080157], [-0.000641149177682, 0.00256987265311, -0.000816444051452, 0.000711338943802, -0.00102415517904, 0.000250864599366, -0.00531652010977, 0.0137990750372, -0.00725049199536, 0.00480584800243, 0.000244534312515, 0.00027972139651, 0.000111343317258], [0.00106641324237, -0.00266794092022, 0.00233593629673, -0.00151704880409, 0.00156715116464, 0.0018248151755, 1.36950411616e-05, -0.00725049199536, 0.0203205272555, -0.0117957862094, 0.00383173837326, 0.00100305431988, -0.00119870982599], [-0.000911904731765, 0.0033224504441, -0.00231100572273, 0.00157906801905, -0.00255587673746, -0.000230167919653, 0.00109386106487, 0.00480584800243, -0.0117957862094, 0.0214286167175, -0.00860064011067, 0.00225224625319, 0.00131333805621], [0.00108261220157, -0.00301206042059, 0.00279923574999, -0.00282700778916, 0.00282503361814, -0.00147363520227, 0.000701316748746, 0.000244534312515, 0.00383173837326, -0.00860064011067, 0.0239759758115, -0.0111450646073, 0.00405018264428], [-0.000707950384822, 0.00260634510778, -0.00230575632304, 0.00269175088033, -0.00219220831059, 0.00400657625869, -0.00258808908984, 0.00027972139651, 0.00100305431988, 0.00225224625319, -0.0111450646073, 0.021957738325, -0.00734493276104], [0.000665969273541, -0.00147405569442, 0.00178271555342, -0.00195733550936, 0.00157295085955, -0.00147148524411, 0.00305292080157, 0.000111343317258, -0.00119870982599, 0.00131333805621, 0.00405018264428, -0.00734493276104, 0.0212829541415]], "cov": [[24769.3515625, 918.92980957, -1876.57543945, 523.245910645, -1367.32507324, 231.333755493, -832.721191406, 26.749835968, -771.065490723, -14.2009096146, -410.567504883, -111.840995789, -272.769317627], [918.92980957, 1020.34216309, -336.721740723, 112.576538086, -33.3582458496, -100.563453674, 45.5404930115, -96.4703292847, 50.4404335022, -95.1005325317, 55.0210380554, -68.7792739868, 44.4596443176], [-1876.57543945, -336.721740723, 958.458679199, 60.6428756714, 89.2822418213, 63.9712753296, -62.9518508911, -33.0806808472, -40.6687927246, 61.8149147034, -13.8942975998, 44.5752906799, -20.3569602966], [523.245910645, 112.576538086, 60.6428756714, 436.887359619, 55.9077644348, -0.733690142632, -37.0060424805, -25.8206539154, 0.0786737799644, 1.25662696362, 13.506072998, -30.3723163605, 14.6594076157], [-1367.32507324, -33.3582458496, 89.2822418213, 55.9077644348, 288.985443115, 3.26453518867, 56.370967865, 7.37517642975, 46.2929801941, 13.4074668884, 16.369550705, 5.13917207718, 9.31952571869], [231.333755493, -100.563453674, 63.9712753296, -0.733690142632, 3.26453518867, 196.265853882, 47.2932167053, 29.9860229492, -35.6418418884, 1.06157410145, -20.3157711029, -18.8944225311, -17.969493866], [-832.721191406, 45.5404930115, -62.9518508911, -37.0060424805, 56.370967865, 47.2932167053, 187.588684082, 62.1442527771, 47.9054489136, -30.1295719147, 14.3095369339, -7.05975103378, 2.34850525856], [26.749835968, -96.4703292847, -33.0806808472, -25.8206539154, 7.37517642975, 29.9860229492, 62.1442527771, 135.023513794, 31.3878631592, -8.67608356476, -22.250711441, -2.10938024521, -9.40517616272], [-771.065490723, 50.4404335022, -40.6687927246, 0.0786737799644, 46.2929801941, -35.6418418884, 47.9054489136, 31.3878631592, 125.973609924, 27.4107151031, 17.4515075684, -13.2366476059, 15.6277933121], [-14.2009096146, -95.1005325317, 61.8149147034, 1.25662696362, 13.4074668884, 1.06157410145, -30.1295719147, -8.67608356476, 27.4107151031, 93.9957199097, 16.2713394165, 8.12085914612, -12.3050708771], [-410.567504883, 55.0210380554, -13.8942975998, 13.506072998, 16.369550705, -20.3157711029, 14.3095369339, -22.250711441, 17.4515075684, 16.2713394165, 80.5709381104, 25.5226325989, 7.96732234955], [-111.840995789, -68.7792739868, 44.5752906799, -30.3723163605, 5.13917207718, -18.8944225311, -7.05975103378, -2.10938024521, -13.2366476059, 8.12085914612, 25.5226325989, 78.5886917114, 12.564538002], [-272.769317627, 44.4596443176, -20.3569602966, 14.6594076157, 9.31952571869, -17.969493866, 2.34850525856, -9.40517616272, 15.6277933121, -12.3050708771, 7.96732234955, 12.564538002, 63.8944625854]]}, "spectral_energyband_middle_low": {"dmean2": 0.00519270543009, "median": 0.00592087442055, "min": 1.58638047396e-22, "dvar2": 6.47409760859e-05, "dvar": 2.89417857857e-05, "dmean": 0.00343762082048, "max": 0.115595966578, "var": 0.000101366131275, "mean": 0.0089145032689}, "melbands_crest": {"dmean2": 5.08403635025, "median": 14.2146043777, "min": 1.54945194721, "dvar2": 18.5583076477, "dvar": 7.65855741501, "dmean": 3.17457675934, "max": 31.6901741028, "var": 26.4117031097, "mean": 14.592912674}, "spectral_kurtosis": {"dmean2": 1.2540872097, "median": 2.20315623283, "min": -1.26652383804, "dvar2": 1.81628978252, "dvar": 0.658049762249, "dmean": 0.766799628735, "max": 11.3583478928, "var": 1.97598683834, "mean": 2.35666418076}, "spectral_rms": {"dmean2": 0.000912213581614, "median": 0.004006463103, "min": 3.09033831511e-12, "dvar2": 9.37129073009e-07, "dvar": 4.67742552246e-07, "dmean": 0.000639678910375, "max": 0.011825311929, "var": 2.66112897407e-06, "mean": 0.00410015974194}, "zerocrossingrate": {"dmean2": 0.0171417929232, "median": 0.08447265625, "min": 0.01025390625, "dvar2": 0.000319517712342, "dvar": 0.000304624496493, "dmean": 0.015292333439, "max": 0.533203125, "var": 0.00419404683635, "mean": 0.0970711261034}, "silence_rate_60dB": {"dmean2": 0.0172761306167, "median": 0, "min": 0, "dvar2": 0.0244666188955, "dvar": 0.00856318511069, "dmean": 0.0086368219927, "max": 1, "var": 0.0471881404519, "mean": 0.0496545769274}, "erbbands_kurtosis": {"dmean2": 1.40070748329, "median": -0.400246649981, "min": -1.83407521248, "dvar2": 4.75642728806, "dvar": 2.12683200836, "dmean": 0.906707704067, "max": 23.3584156036, "var": 4.86664676666, "mean": 0.268481999636}, "erbbands": {"dmean2": [0.0610024146736, 0.485292345285, 2.22053003311, 4.1701426506, 4.68439817429, 7.44040870667, 11.8442764282, 12.1640729904, 10.6391077042, 13.2021131516, 17.6454582214, 26.8649520874, 26.6779193878, 27.226940155, 23.3623733521, 17.0706291199, 22.6105060577, 19.8318138123, 25.1073799133, 17.8953094482, 22.8821239471, 19.3346481323, 17.6372337341, 28.0684909821, 27.2707614899, 15.4317808151, 18.207447052, 10.6645374298, 6.60493040085, 3.93091392517, 4.04401397705, 2.85703921318, 3.19296240807, 1.97916996479, 0.511870265007, 0.156132310629, 0.0495237074792, 0.0102012716234, 0.000655867857859, 2.2001682737e-05], "median": [0.0083563812077, 0.210748940706, 1.55483269691, 4.04606056213, 3.98368167877, 4.14882326126, 4.85139560699, 4.31043815613, 3.10474872589, 2.86977100372, 2.89113688469, 5.00972747803, 4.82300949097, 6.32128810883, 6.26451206207, 5.94338989258, 8.84506988525, 7.87011432648, 11.0279598236, 8.75161743164, 10.8526039124, 10.2250490189, 10.050868988, 14.7772254944, 16.5743274689, 11.8023357391, 14.2612533569, 8.96792030334, 5.77044010162, 3.44838809967, 3.4633140564, 2.35470962524, 1.47593200207, 0.810214459896, 0.261077940464, 0.0762109458447, 0.018389923498, 0.00253188796341, 0.000162344687851, 3.16849545925e-05], "min": [6.41606259527e-23, 7.08765598216e-22, 2.15527199649e-21, 5.45442693969e-21, 6.28558472387e-21, 2.1451573709e-20, 2.47766006645e-20, 8.15849918372e-20, 1.1698145904e-19, 1.41466005172e-19, 2.43727966158e-19, 2.18623422307e-19, 3.70158878022e-19, 5.35670997751e-19, 1.13972057065e-18, 1.36355026773e-18, 1.7563197142e-18, 1.91429611516e-18, 2.01972814244e-18, 2.98749347677e-18, 4.070528911e-18, 5.03780538159e-18, 5.08881967792e-18, 5.05248370156e-18, 6.19620979093e-18, 8.5193672208e-18, 9.07711939141e-18, 8.80725998837e-18, 9.88034981651e-18, 1.09462969401e-17, 9.05924070965e-18, 1.10663067849e-17, 8.69040914632e-18, 8.79325416624e-18, 6.63507170569e-18, 4.19951986932e-18, 2.25867373804e-18, 9.64543776037e-19, 2.39628872632e-19, 2.78345565266e-20], "dvar2": [0.0282272528857, 1.43084132671, 13.8539896011, 52.1614341736, 117.554534912, 203.590209961, 563.143981934, 881.847106934, 997.532409668, 3940.28442383, 4544.02539063, 7779.48388672, 8311.65039063, 8645.04492188, 7177.91845703, 1670.25256348, 1849.82019043, 2097.94873047, 2867.39208984, 1793.39160156, 1885.9420166, 2119.14575195, 1067.00744629, 3952.65209961, 3908.25512695, 709.116821289, 935.227783203, 307.814666748, 147.170394897, 59.0226135254, 54.5459365845, 27.6558952332, 109.314743042, 75.1343002319, 1.07151722908, 0.0828259810805, 0.00922637339681, 0.000422945682658, 1.68766666775e-06, 8.96014429319e-10], "dvar": [0.0112383468077, 0.55147588253, 5.13315010071, 21.0543384552, 46.9305229187, 84.4825973511, 278.91015625, 381.89956665, 496.067626953, 1947.5703125, 1796.56518555, 4435.33154297, 4179.45507813, 4944, 3701.46337891, 733.464233398, 756.753723145, 844.808288574, 1342.21960449, 810.552124023, 868.526000977, 899.685913086, 459.790100098, 1530.52612305, 1448.11474609, 306.334289551, 368.061767578, 130.179336548, 66.6831130981, 27.7969245911, 26.8194198608, 13.5204563141, 51.863494873, 36.7759246826, 0.527196347713, 0.0410442724824, 0.00412307772785, 0.00018815221847, 7.55169367039e-07, 4.25865287479e-10], "dmean": [0.0361529067159, 0.289813280106, 1.35370016098, 2.53632998466, 2.94143486023, 4.65304994583, 7.69782352448, 7.80527162552, 7.00397777557, 8.66487407684, 11.2798309326, 18.9872379303, 18.3464164734, 18.7149562836, 16.4356765747, 11.0965719223, 14.2444829941, 12.5437545776, 16.4582614899, 11.8341426849, 14.8080949783, 12.6344556808, 11.2958459854, 17.8309059143, 16.8100128174, 9.95378875732, 11.4893341064, 6.75187206268, 4.24725198746, 2.55268549919, 2.68128037453, 1.92364311218, 2.12024331093, 1.34546303749, 0.361102223396, 0.110094152391, 0.0337324365973, 0.00692899851128, 0.000442667980678, 1.51158519657e-05], "max": [0.983831882477, 11.107093811, 53.2457962036, 227.830413818, 198.21156311, 238.289245605, 577.992431641, 469.104217529, 812.042602539, 1909.61413574, 1282.45153809, 2993.49926758, 1541.45007324, 2518.41137695, 2434.4934082, 979.648681641, 571.019836426, 793.659851074, 835.952697754, 1163.046875, 806.449951172, 1145.06469727, 648.507202148, 1079.38305664, 1166.06140137, 398.121459961, 457.041320801, 261.615966797, 216.454498291, 135.602325439, 112.40335083, 88.1831436157, 259.103057861, 213.782699585, 16.3768024445, 3.14307451248, 0.908177256584, 0.170993760228, 0.0088677899912, 0.000220193600398], "var": [0.0087579889223, 0.443366318941, 12.9258270264, 31.4694004059, 90.8413848877, 169.824447632, 695.818237305, 761.688354492, 1236.73413086, 5235.5234375, 2215.32104492, 13395.2070313, 10521.5634766, 15319.1787109, 8831.72949219, 1544.05114746, 1641.09106445, 1490.27038574, 2610.04956055, 1296.07202148, 1731.89306641, 1691.50561523, 1241.84338379, 2596.64428711, 2124.51977539, 698.544128418, 669.036499023, 221.184326172, 121.670318604, 59.8610916138, 64.0023880005, 36.2150688171, 89.1750259399, 57.224647522, 1.11601996422, 0.0795668438077, 0.00617466773838, 0.000269584212219, 1.1136393141e-06, 1.04026431913e-09], "mean": [0.0324861854315, 0.384101748466, 3.00460457802, 5.16332864761, 6.08465671539, 7.83148241043, 12.3723020554, 12.7329826355, 11.1125478745, 13.6444692612, 15.5384588242, 30.8685817719, 29.7207145691, 32.4063186646, 27.0666179657, 18.7725925446, 23.0446281433, 20.2188911438, 25.8845176697, 19.0618686676, 23.7054462433, 21.7102966309, 20.6800880432, 30.407661438, 29.6735725403, 19.7640571594, 21.8240699768, 13.2486228943, 8.57217884064, 5.31430339813, 5.72353744507, 4.21585226059, 3.69614768028, 2.20822620392, 0.66666585207, 0.19299864769, 0.0507698468864, 0.00938312988728, 0.000606503803283, 4.09155072703e-05]}, "spectral_strongpeak": {"dmean2": 1.01407718658, "median": 0.434494256973, "min": 0, "dvar2": 4.11088132858, "dvar": 1.66926717758, "dmean": 0.599703609943, "max": 17.9767570496, "var": 2.39662599564, "mean": 1.00018501282}, "spectral_energy": {"dmean2": 0.00878890883178, "median": 0.0164530426264, "min": 9.78894664963e-21, "dvar2": 0.000128573927213, "dvar": 5.92022479395e-05, "dmean": 0.00602145539597, "max": 0.143333941698, "var": 0.000218290515477, "mean": 0.0199592113495}, "average_loudness": 0.865234375, "spectral_rolloff": {"dmean2": 1231.23840332, "median": 2217.91992188, "min": 129.19921875, "dvar2": 2291464.25, "dvar": 1212978.625, "dmean": 776.235473633, "max": 19659.8144531, "var": 7050018.5, "mean": 2690.25048828}, "spectral_centroid": {"dmean2": 476.005340576, "median": 1928.92749023, "min": 279.226654053, "dvar2": 246818.6875, "dvar": 121500.84375, "dmean": 317.718658447, "max": 11806.8183594, "var": 1623943, "mean": 2048.99707031}, "pitch_salience": {"dmean2": 0.102556921542, "median": 0.551078021526, "min": 0.165468901396, "dvar2": 0.00797086488456, "dvar": 0.00311707216315, "dmean": 0.0639867633581, "max": 0.946071922779, "var": 0.0103914216161, "mean": 0.550242006779}, "spectral_energyband_middle_high": {"dmean2": 0.00274519342929, "median": 0.00342291081324, "min": 1.21986905834e-21, "dvar2": 2.1201229174e-05, "dvar": 1.13143059934e-05, "dmean": 0.00198992481455, "max": 0.0835169330239, "var": 4.61251765955e-05, "mean": 0.00532590411603}, "spectral_contrast_coeffs": {"dmean2": [0.077322140336, 0.0836135521531, 0.0634423345327, 0.0502276271582, 0.0366709902883, 0.0317748785019], "median": [-0.613070130348, -0.728461146355, -0.775880992413, -0.784970641136, -0.791201472282, -0.757580816746], "min": [-0.97801220417, -0.978924274445, -0.984399497509, -0.980844140053, -0.970185220242, -0.964201509953], "dvar2": [0.00388466543518, 0.00459158234298, 0.00248972512782, 0.00159645767417, 0.000883258646354, 0.00090713892132], "dvar": [0.00151753530372, 0.00186553550884, 0.00117355189286, 0.000666137144435, 0.000379072473152, 0.000385472434573], "dmean": [0.0475784279406, 0.051574356854, 0.0409700348973, 0.0319588445127, 0.0233279578388, 0.0198654979467], "max": [-0.327842354774, -0.334198147058, -0.456153720617, -0.550845146179, -0.583676278591, -0.575261294842], "var": [0.00676818145439, 0.00857493560761, 0.0064998739399, 0.00357402884401, 0.00222427793778, 0.00195623142645], "mean": [-0.622126996517, -0.72117972374, -0.764313578606, -0.780522823334, -0.787143409252, -0.75556665659]}, "melbands_skewness": {"dmean2": 1.08894848824, "median": 2.32082509995, "min": -2.4505636692, "dvar2": 1.2407450676, "dvar": 0.638716042042, "dmean": 0.745597958565, "max": 12.6612930298, "var": 3.29645109177, "mean": 2.72723436356}, "spectral_spread": {"dmean2": 834722.5625, "median": 5131343, "min": 2034681.5, "dvar2": 1037612220420.0, "dvar": 605050175488, "dmean": 586280.625, "max": 42616436, "var": 18114852945900.0, "mean": 5706848.5}, "dissonance": {"dmean2": 0.0223925448954, "median": 0.479629456997, "min": 0.0781607106328, "dvar2": 0.000647088745609, "dvar": 0.000238931577769, "dmean": 0.0134611064568, "max": 0.500000059605, "var": 0.000487763580168, "mean": 0.473724782467}, "spectral_skewness": {"dmean2": 0.23239825666, "median": 1.09720945358, "min": -0.182288408279, "dvar2": 0.0515509061515, "dvar": 0.0216122195125, "dmean": 0.148270487785, "max": 2.31100487709, "var": 0.0912991389632, "mean": 1.07818055153}, "spectral_flux": {"dmean2": 0.030574887991, "median": 0.0693973973393, "min": 6.43978828596e-11, "dvar2": 0.00107079022564, "dvar": 0.000468201673357, "dmean": 0.0199643447995, "max": 0.317438274622, "var": 0.00146010634489, "mean": 0.0754555612803}, "spectral_contrast_valleys": {"dmean2": [0.721669077873, 0.635766983032, 0.538306415081, 0.452166259289, 0.35658800602, 0.335313767195], "median": [-7.3590259552, -7.16961193085, -7.48793411255, -7.63755512238, -7.06265163422, -9.39884471893], "min": [-28.3519859314, -28.0081863403, -27.7899494171, -27.829668045, -27.5245018005, -27.4074401855], "dvar2": [0.362133264542, 0.282976001501, 0.203259393573, 0.161309659481, 0.138711318374, 0.164694219828], "dvar": [0.179778262973, 0.134138390422, 0.110718473792, 0.0942224562168, 0.0856435969472, 0.10091753304], "dmean": [0.454003095627, 0.403350353241, 0.355523049831, 0.30758947134, 0.251569986343, 0.24980416894], "max": [-5.40322446823, -5.19285488129, -5.70610570908, -5.70877122879, -5.65008735657, -7.56856632233], "var": [5.94856977463, 6.05947637558, 5.78118038177, 5.59514331818, 5.89684438705, 4.94700813293], "mean": [-7.76704692841, -7.51909732819, -7.85238313675, -7.99720716476, -7.44561004639, -9.79062175751]}, "erbbands_flatness_db": {"dmean2": 0.0235326513648, "median": 0.128849476576, "min": 0.0536076202989, "dvar2": 0.000440166826593, "dvar": 0.000236498293816, "dmean": 0.0165659375489, "max": 0.320482075214, "var": 0.00147835153621, "mean": 0.136356294155}, "spectral_energyband_high": {"dmean2": 0.000864960020408, "median": 0.00105534284376, "min": 6.8304382536e-21, "dvar2": 1.76086086867e-06, "dvar": 9.09346113076e-07, "dmean": 0.000599945080467, "max": 0.0211056377739, "var": 2.7753080758e-06, "mean": 0.0014887835132}, "spectral_entropy": {"dmean2": 0.195006087422, "median": 7.89738941193, "min": 6.30712604523, "dvar2": 0.032940607518, "dvar": 0.0184223987162, "dmean": 0.136625543237, "max": 9.81976032257, "var": 0.142187401652, "mean": 7.87927865982}, "silence_rate_20dB": {"dmean2": 0, "median": 1, "min": 1, "dvar2": 0, "dvar": 0, "dmean": 0, "max": 1, "var": 0, "mean": 1}, "melbands_flatness_db": {"dmean2": 0.034784398973, "median": 0.14407992363, "min": 0.00234146416187, "dvar2": 0.00102063233498, "dvar": 0.000544895476196, "dmean": 0.0236675553024, "max": 0.368123531342, "var": 0.00312517490238, "mean": 0.150603234768}, "barkbands": {"dmean2": [6.1688835558e-05, 0.00202882662416, 0.00229019438848, 0.00169420917518, 0.00182343448978, 0.00162134179845, 0.000857877370436, 0.000770117621869, 0.00117970793508, 0.000939617108088, 0.000668411666993, 0.000489429454319, 0.000462741911178, 0.000501727859955, 0.000416026945459, 0.000435666093836, 0.000373922812287, 0.000348345172824, 0.000610066403169, 0.000349719281076, 0.000363573344657, 0.000164337572642, 0.000131124368636, 0.000161642150488, 0.000122744022519, 2.82435266854e-05, 4.37965763922e-06], "median": [2.44655211645e-06, 0.000633663556073, 0.0015925206244, 0.00142595311627, 0.00117715902161, 0.000534062448423, 0.000196318491362, 8.88930226211e-05, 0.000197476430913, 0.000200758950086, 0.000108632288175, 0.000131159482407, 0.000161141797435, 0.000155165209435, 0.00013967815903, 0.000176747111254, 0.000151751941303, 0.000183661963092, 0.000315534853144, 0.00026459468063, 0.000308138725813, 0.000141221360536, 0.000119622221973, 9.80179611361e-05, 5.51516859559e-05, 1.22046458273e-05, 8.13455017123e-07], "min": [3.59555848763e-25, 3.17845193248e-24, 9.5999678443e-25, 2.29445795196e-24, 5.90450357429e-24, 9.65036737867e-24, 8.28531852398e-24, 3.43127593614e-24, 8.64332253543e-24, 1.44733162251e-23, 2.03715645268e-23, 2.81209632951e-23, 2.7616470969e-23, 3.19316758046e-23, 4.58616972134e-23, 5.88415451281e-23, 6.92512274157e-23, 1.06694876313e-22, 1.1381837864e-22, 1.50910820352e-22, 1.89531582249e-22, 3.09834145094e-22, 3.0635013144e-22, 4.6914322913e-22, 8.62061542671e-22, 1.24293509877e-21, 1.85979161101e-21], "dvar2": [2.77129164061e-08, 2.58781728917e-05, 1.30921689561e-05, 1.11758326966e-05, 1.28707933982e-05, 1.42361477629e-05, 6.77527532389e-06, 1.30734370032e-05, 1.369642996e-05, 9.08272340894e-06, 6.79611684973e-06, 1.70223165696e-06, 7.79252616212e-07, 1.3263730807e-06, 1.19630931295e-06, 7.23399523395e-07, 6.73141187235e-07, 3.4276513361e-07, 1.61831098922e-06, 3.30145496719e-07, 3.18755382978e-07, 9.74570397716e-08, 5.36360076353e-08, 2.09126895356e-07, 2.23936865495e-07, 2.87737655924e-09, 7.76667202773e-11], "dvar": [1.20232384049e-08, 1.04297487269e-05, 4.7750622798e-06, 4.66116580355e-06, 5.30280340172e-06, 6.61710055283e-06, 3.33639695782e-06, 5.73145871385e-06, 6.77523712511e-06, 5.11702819495e-06, 3.66759013559e-06, 7.71950510625e-07, 3.27082204876e-07, 5.59862655791e-07, 5.3836583902e-07, 3.29272779709e-07, 2.93135343554e-07, 1.43599550029e-07, 6.35832179796e-07, 1.40371142265e-07, 1.27959680185e-07, 4.40862493178e-08, 2.75440150688e-08, 9.72383915609e-08, 1.12005196229e-07, 1.34647970551e-09, 3.41411586502e-11], "dmean": [3.95825372834e-05, 0.00122048845515, 0.00138479424641, 0.00105805462226, 0.00114493130241, 0.00104499049485, 0.000562822038773, 0.000494537118357, 0.000821543973871, 0.000640565354843, 0.000471965118777, 0.0003151455021, 0.000293533987133, 0.000315068697091, 0.000271220400464, 0.000279750820482, 0.000240377848968, 0.000221620735829, 0.000385840394301, 0.000222807604587, 0.000229361510719, 0.000105717728729, 8.77150232554e-05, 0.000108736887341, 8.46722032293e-05, 1.97644912987e-05, 2.89983040602e-06], "max": [0.000874128309079, 0.0448580309749, 0.0577576830983, 0.106599830091, 0.0756955519319, 0.0641114860773, 0.052484434098, 0.108025640249, 0.094901278615, 0.0635356083512, 0.0490010641515, 0.0324802584946, 0.010807339102, 0.0204836707562, 0.030146624893, 0.0153850959614, 0.0199586376548, 0.0122295692563, 0.0169502235949, 0.00854468345642, 0.00543348770589, 0.00619690865278, 0.00331870676018, 0.0108164446428, 0.0114040430635, 0.000492342573125, 6.44829779048e-05], "var": [1.14297531439e-08, 8.5630563262