{"metadata": {"tags": {"encoding": ["Lavf56.36.100"], "artist": ["Tonny T\u00fan T\u00fan"], "bpm": ["0"], "discnumber": ["0/0"], "title": ["Cuando Acaba el Placer"], "tracknumber": ["3/0"], "album": ["Merengue Pa' La Playa 2000"], "musicbrainz_recordingid": ["0c5a752a-355e-40eb-b8a1-9c1fb19116f0"], "artistsort": ["T\u00fan T\u00fan, Tonny"], "date": ["2015"], "file_name": "Tonny Tun Tun - Cuando Acaba El Placer.mp3", "musicbrainz_artistid": ["61b66a54-1e7c-4da1-92c8-9664adde2c11"]}, "audio_properties": {"sample_rate": 44100, "downmix": "mix", "lossless": false, "analysis_sample_rate": 44100, "md5_encoded": "6ca9d26db045c8efc25c55c749fb410c", "equal_loudness": 0, "replay_gain": -9.54669189453, "codec": "mp3", "bit_rate": 160016, "length": 261.982055664}, "version": {"extractor": "music 1.0", "essentia_build_sha": "70f2e5ece6736b2c40cc944ad0e695b16b925413", "essentia_git_sha": "v2.1_beta2", "essentia": "2.1-beta2"}}, "rhythm": {"beats_loudness_band_ratio": {"dvar2": [0.0645154640079, 0.0214770399034, 0.0337929725647, 0.0266551915556, 0.00622182851657, 0.00906990282238], "var": [0.041673310101, 0.0113427694887, 0.013247506693, 0.0111221047118, 0.00294374511577, 0.00441734679043], "min": [0, 0, 0, 0, 0, 0], "dmean": [0.19669058919, 0.0681419372559, 0.0811972767115, 0.0953526496887, 0.0490941517055, 0.0603932440281], "mean": [0.542752981186, 0.0740428566933, 0.0973043292761, 0.123989753425, 0.0697957724333, 0.103291168809], "max": [0.985424935818, 0.897993505001, 0.819772958755, 0.654636621475, 0.346656858921, 0.3925550282], "dmean2": [0.34064078331, 0.121596232057, 0.141228914261, 0.169836953282, 0.0847301930189, 0.105143070221], "median": [0.550043821335, 0.0336036607623, 0.05589530617, 0.0940215736628, 0.0549816861749, 0.090151257813], "dvar": [0.0221854466945, 0.00904745236039, 0.0123617229983, 0.0089665800333, 0.00221056072041, 0.00306831975468]}, "bpm_histogram_first_peak_weight": {"dvar2": 0, "var": 0, "min": 0.520720720291, "dmean": 0, "mean": 0.520720720291, "max": 0.520720720291, "dmean2": 0, "median": 0.520720720291, "dvar": 0}, "bpm": 127.716072083, "beats_count": 556, "bpm_histogram_first_peak_spread": {"dvar2": 0, "var": 0, "min": 0.470695972443, "dmean": 0, "mean": 0.470695972443, "max": 0.470695972443, "dmean2": 0, "median": 0.470695972443, "dvar": 0}, "danceability": 1.3268712759, "bpm_histogram_first_peak_bpm": {"dvar2": 0, "var": 0, "min": 129, "dmean": 0, "mean": 129, "max": 129, "dmean2": 0, "median": 129, "dvar": 0}, "beats_position": [0.46439909935, 0.9287981987, 1.40480720997, 1.88081634045, 2.34521532059, 2.80961441994, 3.28562355042, 3.76163268089, 4.22603178024, 4.69043064117, 5.15482997894, 5.61922883987, 6.09523820877, 6.57124710083, 7.04725599289, 7.52326536179, 7.98766422272, 8.45206356049, 8.92807197571, 9.39247131348, 9.86848068237, 10.3328800201, 10.7972784042, 11.2732877731, 11.749297142, 12.2136955261, 12.6780948639, 13.1424942017, 13.6185035706, 14.0945119858, 14.5589113235, 15.0233106613, 15.4877090454, 15.9637184143, 16.4397277832, 16.904127121, 17.3685264587, 17.8445339203, 18.3205432892, 18.784942627, 19.2609519958, 19.7369613647, 20.2013607025, 20.6657600403, 21.1417675018, 21.6177768707, 22.0821762085, 22.5465755463, 23.0225849152, 23.4985942841, 23.9629936218, 24.4273910522, 24.9034004211, 25.37940979, 25.8438091278, 26.3198184967, 26.7958278656, 27.2602272034, 27.7246246338, 28.1890239716, 28.6534233093, 29.1294326782, 29.6054420471, 30.0698413849, 30.5458488464, 31.0218582153, 31.4862575531, 31.962266922, 32.4382743835, 32.9026756287, 33.3670730591, 33.843082428, 34.3074836731, 34.783493042, 35.2594985962, 35.7355079651, 36.1999092102, 36.6643066406, 37.1403160095, 37.6163253784, 38.0807266235, 38.545124054, 39.0211334229, 39.4971427917, 39.9615402222, 40.4259414673, 40.8903388977, 41.3663482666, 41.8423576355, 42.3067550659, 42.771156311, 43.2471656799, 43.7231750488, 44.1875724792, 44.6519737244, 45.1163711548, 45.5807685852, 46.0567779541, 46.532787323, 46.9971885681, 47.4615859985, 47.9375953674, 48.4136047363, 48.8780021667, 49.3424034119, 49.8184127808, 50.2944221497, 50.7588195801, 51.234828949, 51.7108383179, 52.1752357483, 52.6396369934, 53.1040344238, 53.5800437927, 54.0560531616, 54.5204544067, 54.9848518372, 55.4724693298, 55.936870575, 56.4128799438, 56.8888893127, 57.3532867432, 57.8176841736, 58.2820854187, 58.7580947876, 59.2341041565, 59.6985015869, 60.162902832, 60.6273002625, 61.1033096313, 61.5793190002, 62.0437164307, 62.5081176758, 62.9841270447, 63.4601364136, 63.924533844, 64.3889312744, 64.864944458, 65.3293380737, 65.8053512573, 66.2813568115, 66.7573699951, 67.2217712402, 67.6977767944, 68.1737823486, 68.6381835938, 69.1025848389, 69.566986084, 70.0313796997, 70.5073928833, 70.9833984375, 71.4477996826, 71.9238052368, 72.3998184204, 72.8642196655, 73.3286132812, 73.7930145264, 74.2690200806, 74.7450332642, 75.2094345093, 75.6854400635, 76.1614532471, 76.6258468628, 77.0902481079, 77.554649353, 78.0190429688, 78.4950561523, 78.9710617065, 79.4354629517, 79.9114761353, 80.3874816895, 80.8518829346, 81.3162765503, 81.7922897339, 82.2682952881, 82.7326965332, 83.1970977783, 83.661491394, 84.1375045776, 84.6135101318, 85.0895233154, 85.5655288696, 86.0299301147, 86.4943313599, 86.9703369141, 87.4347381592, 87.9107437134, 88.3751449585, 88.8395462036, 89.3155517578, 89.7915649414, 90.2559585571, 90.7203598022, 91.1963729858, 91.67237854, 92.1367797852, 92.6127853394, 93.0887985229, 93.5531921387, 94.0175933838, 94.4819946289, 94.9580001831, 95.4340133667, 95.8984146118, 96.3628082275, 96.8272094727, 97.2916107178, 97.767616272, 98.2436294556, 98.7080230713, 99.1724243164, 99.6484298706, 100.124443054, 100.588844299, 101.064849854, 101.540863037, 102.005256653, 102.481269836, 102.945663452, 103.421676636, 103.886077881, 104.362083435, 104.82648468, 105.302490234, 105.778503418, 106.254508972, 106.718910217, 107.183311462, 107.647705078, 108.123718262, 108.599723816, 109.064125061, 109.528526306, 110.00453186, 110.480545044, 110.94493866, 111.409339905, 111.885353088, 112.361358643, 112.825759888, 113.290153503, 113.766166687, 114.242172241, 114.706573486, 115.170974731, 115.635368347, 116.111381531, 116.587387085, 117.05178833, 117.516189575, 117.992195129, 118.468208313, 118.932601929, 119.397003174, 119.861404419, 120.337409973, 120.813423157, 121.277824402, 121.753829956, 122.218231201, 122.694236755, 123.158638, 123.634643555, 124.110656738, 124.575057983, 125.051063538, 125.527069092, 125.991470337, 126.455871582, 126.920272827, 127.384666443, 127.860679626, 128.336685181, 128.812698364, 129.288711548, 129.753097534, 130.217498779, 130.681900024, 131.157913208, 131.633926392, 132.098312378, 132.562713623, 133.050338745, 133.51473999, 133.979141235, 134.44354248, 134.907928467, 135.38394165, 135.848342896, 136.324356079, 136.788757324, 137.264755249, 137.740768433, 138.205169678, 138.669570923, 139.133972168, 139.609970093, 140.085983276, 140.550384521, 141.014785767, 141.479187012, 141.955184937, 142.43119812, 142.895599365, 143.36000061, 143.824401855, 144.30039978, 144.776412964, 145.240814209, 145.728439331, 146.192825317, 146.657226562, 147.121627808, 147.597640991, 148.073654175, 148.538040161, 149.002441406, 149.490066528, 149.954467773, 150.430480957, 150.906478882, 151.370880127, 151.835281372, 152.311294556, 152.78729248, 153.251693726, 153.727706909, 154.203720093, 154.668121338, 155.132507324, 155.596908569, 156.072921753, 156.548934937, 157.013336182, 157.477722168, 157.942123413, 158.418136597, 158.89414978, 159.358551025, 159.83454895, 160.310562134, 160.774963379, 161.239364624, 161.715377808, 162.191375732, 162.655776978, 163.120178223, 163.584579468, 164.048980713, 164.513381958, 164.977767944, 165.442169189, 165.918182373, 166.394195557, 166.858596802, 167.334594727, 167.81060791, 168.275009155, 168.751022339, 169.227020264, 169.691421509, 170.155822754, 170.631835938, 171.096237183, 171.560638428, 172.036636353, 172.512649536, 172.98866272, 173.453063965, 173.92906189, 174.405075073, 174.869476318, 175.333877563, 175.798278809, 176.274276733, 176.750289917, 177.226303101, 177.702316284, 178.166702271, 178.631103516, 179.095504761, 179.559906006, 180.035919189, 180.511917114, 180.976318359, 181.440719604, 181.90512085, 182.381134033, 182.857131958, 183.321533203, 183.797546387, 184.27355957, 184.737960815, 185.202362061, 185.678359985, 186.154373169, 186.618774414, 187.083175659, 187.547576904, 188.011962891, 188.476364136, 188.952377319, 189.428390503, 189.892791748, 190.368789673, 190.844802856, 191.309204102, 191.773605347, 192.24961853, 192.725616455, 193.201629639, 193.677642822, 194.142044067, 194.606430054, 195.070831299, 195.535232544, 196.011245728, 196.498855591, 196.974868774, 197.43927002, 197.903671265, 198.379684448, 198.855682373, 199.320083618, 199.784484863, 200.248886108, 200.713287354, 201.189300537, 201.665298462, 202.129699707, 202.594100952, 203.058502197, 203.534515381, 204.010513306, 204.474914551, 204.950927734, 205.426940918, 205.891326904, 206.355728149, 206.831741333, 207.307754517, 207.772155762, 208.248153687, 208.72416687, 209.188568115, 209.65296936, 210.117370605, 210.581771851, 211.057769775, 211.533782959, 211.998184204, 212.485794067, 212.950195312, 213.426208496, 213.90222168, 214.366622925, 214.831008911, 215.307022095, 215.783035278, 216.247436523, 216.711837769, 217.176239014, 217.640625, 218.116638184, 218.592651367, 219.057052612, 219.521453857, 219.985839844, 220.461853027, 220.937866211, 221.402267456, 221.866668701, 222.342666626, 222.81867981, 223.283081055, 223.7474823, 224.223495483, 224.699493408, 225.163894653, 225.628295898, 226.104309082, 226.580307007, 227.044708252, 227.509109497, 227.985122681, 228.461135864, 228.925521851, 229.389923096, 229.854324341, 230.330337524, 230.806350708, 231.270736694, 231.735137939, 232.199539185, 232.675552368, 233.151565552, 233.615966797, 234.080352783, 234.544754028, 235.020767212, 235.496780396, 235.961181641, 236.425567627, 236.901580811, 237.377593994, 237.841995239, 238.306396484, 238.782394409, 239.258407593, 239.722808838, 240.187210083, 240.651611328, 241.127609253, 241.603622437, 242.07963562, 242.555648804, 243.031646729, 243.507659912, 243.972061157, 244.436462402, 244.912460327, 245.388473511, 245.852874756, 246.317276001, 246.781677246, 247.257675171, 247.733688354, 248.1980896, 248.662490845, 249.12689209, 249.591293335, 250.05569458, 250.531692505, 251.007705688, 251.472106934, 251.948120117, 252.424118042, 252.888519287, 253.352920532, 253.828933716, 254.304931641, 254.769332886, 255.233734131, 255.698135376, 256.174133301, 256.650146484, 257.114562988, 257.590576172, 258.066558838, 258.542572021, 259.006988525, 259.471374512, 259.935791016, 260.423400879, 260.911010742, 261.410247803], "beats_loudness": {"dvar2": 0.000642760773189, "var": 0.000335249147611, "min": 0, "dmean": 0.0182709507644, "mean": 0.0444226190448, "max": 0.107794336975, "dmean2": 0.0321831032634, "median": 0.0416654497385, "dvar": 0.00023067346774}, "bpm_histogram_second_peak_weight": {"dvar2": 0, "var": 0, "min": 0.0144144147635, "dmean": 0, "mean": 0.0144144147635, "max": 0.0144144147635, "dmean2": 0, "median": 0.0144144147635, "dvar": 0}, "bpm_histogram_second_peak_spread": {"dvar2": 0, "var": 0, "min": 0.111111104488, "dmean": 0, "mean": 0.111111104488, "max": 0.111111104488, "dmean2": 0, "median": 0.111111104488, "dvar": 0}, "bpm_histogram_second_peak_bpm": {"dvar2": 0, "var": 0, "min": 123, "dmean": 0, "mean": 123, "max": 123, "dmean2": 0, "median": 123, "dvar": 0}, "onset_rate": 5.98086261749}, "lowlevel": {"spectral_energyband_high": {"dvar2": 1.12404550237e-05, "var": 5.73882289245e-06, "min": 6.98423407081e-21, "dmean": 0.0014927922748, "mean": 0.00224266853184, "max": 0.0232318732888, "dmean2": 0.00224435748532, "median": 0.00160760525614, "dvar": 4.68226880912e-06}, "spectral_energyband_middle_low": {"dvar2": 0.000144927456859, "var": 0.000124463811517, "min": 1.46543875707e-22, "dmean": 0.00471532996744, "mean": 0.0092105763033, "max": 0.111164547503, "dmean2": 0.00708093168214, "median": 0.00542458985001, "dvar": 6.32298542769e-05}, "spectral_energy": {"dvar2": 0.000543368980289, "var": 0.000420328433393, "min": 1.00597715598e-20, "dmean": 0.0113084902987, "mean": 0.0249118022621, "max": 0.161697655916, "dmean2": 0.0166066046804, "median": 0.01944427751, "dvar": 0.000236702544498}, "spectral_spread": {"dvar2": 1806251851780.0, "var": 11787315445800.0, "min": 1714308.5, "dmean": 893297.3125, "mean": 5627319, "max": 42396708, "dmean2": 1280581.75, "median": 4980117.5, "dvar": 1020845948930.0}, "spectral_energyband_low": {"dvar2": 0.000332266878104, "var": 0.000165505014593, "min": 1.33139841506e-23, "dmean": 0.00515589024872, "mean": 0.00683793751523, "max": 0.123718462884, "dmean2": 0.00796079542488, "median": 0.000405589293223, "dvar": 0.000135648049763}, "spectral_rolloff": {"dvar2": 4124184, "var": 5622690, "min": 21.533203125, "dmean": 1077.67797852, "mean": 2841.23974609, "max": 19745.9472656, "dmean2": 1746.35803223, "median": 2282.51953125, "dvar": 1786496.375}, "barkbands": {"dvar2": [4.45738592703e-08, 0.000103991689684, 0.000110789325845, 2.99892167277e-06, 7.48120000935e-05, 1.18160287457e-05, 2.88951696348e-06, 7.2756552072e-06, 2.71367498499e-05, 8.71732481755e-06, 3.54996632268e-06, 7.68014888308e-06, 1.18379455216e-06, 2.06829895433e-06, 1.62498236023e-06, 5.65065022329e-07, 4.98387123571e-07, 2.63224734454e-07, 5.88403281654e-07, 3.99626628678e-07, 2.89300260192e-07, 1.04763296349e-06, 4.39753904402e-07, 4.98918893754e-07, 3.65650151934e-07, 1.81659860488e-08, 1.43385983642e-10], "var": [3.11806473974e-08, 5.3312334785e-05, 3.72561116819e-05, 1.73064427145e-06, 3.95995884901e-05, 7.09328742232e-06, 4.81846382172e-06, 9.0023077064e-06, 4.0330709453e-05, 1.44189543789e-05, 7.31308273316e-06, 6.88093996359e-06, 8.37010645682e-07, 2.50581524597e-06, 1.8342364001e-06, 5.15889837516e-07, 3.80634361363e-07, 2.28788920253e-07, 2.39921178036e-07, 4.59099652517e-07, 1.79148656798e-07, 5.38756466995e-07, 2.168569182e-07, 1.94797891595e-07, 1.46229510278e-07, 1.20622045685e-08, 8.95457874517e-11], "min": [6.4403171296e-25, 1.90396924008e-24, 2.27492220607e-24, 1.5229267431e-24, 9.37394499546e-24, 1.27109023552e-23, 8.29893505206e-24, 9.61320729687e-24, 1.60095439519e-23, 1.05285865029e-23, 1.85767829051e-23, 1.68358647061e-23, 2.2123014019e-23, 2.63251750869e-23, 2.75254742858e-23, 5.13197847958e-23, 6.65233464054e-23, 9.74315982478e-23, 9.72928723244e-23, 1.80255272201e-22, 2.11046040567e-22, 2.97206615082e-22, 4.56598144548e-22, 5.46003878257e-22, 9.01759951673e-22, 1.27761004153e-21, 1.83079747651e-21], "dmean": [8.07795004221e-05, 0.00293943239376, 0.00240949285217, 0.000444824225269, 0.00208568782546, 0.00109073671047, 0.000357330020051, 0.000709808198735, 0.00128745078109, 0.000709710759111, 0.000517150154337, 0.000805828662124, 0.000304518645862, 0.00046482871403, 0.000438783405116, 0.000261333188973, 0.000297271297313, 0.000262945744907, 0.000287290167762, 0.000303272245219, 0.000263534573605, 0.000438671646407, 0.000278183666524, 0.00025666426518, 0.000208554876735, 5.27412885276e-05, 4.45922978543e-06], "mean": [0.000114523900265, 0.00371816242114, 0.00264059775509, 0.00058549141977, 0.00277403765358, 0.00152155477554, 0.000612121715676, 0.00115537003148, 0.00225218408741, 0.0011545191519, 0.000959303812124, 0.00123992434237, 0.000450541934697, 0.000770099286456, 0.000697278825101, 0.000420036813011, 0.000467104662675, 0.00044795969734, 0.000394529663026, 0.000572219723836, 0.00040737533709, 0.000629728252534, 0.000372463691747, 0.000263520574663, 0.000216199507122, 6.96326533216e-05, 5.37784853805e-06], "max": [0.00191649748012, 0.0701758414507, 0.0813245326281, 0.01983820647, 0.0870275720954, 0.0322953127325, 0.0837543979287, 0.0533662624657, 0.103979125619, 0.092290237546, 0.0390826202929, 0.0434811003506, 0.016643602401, 0.0295946374536, 0.0239444226027, 0.0153212826699, 0.00967053230852, 0.00490312231705, 0.00619656313211, 0.00690005160868, 0.00516211753711, 0.00957597605884, 0.00538561819121, 0.00645171618089, 0.00529832020402, 0.00158739136532, 0.000133525943966], "dmean2": [0.000120809127111, 0.00461465353146, 0.0039874529466, 0.00072449084837, 0.00321606406942, 0.00173170212656, 0.000555653299671, 0.0010967758717, 0.00189705775119, 0.00107385311276, 0.000738458125852, 0.00119038682897, 0.000479863636428, 0.000712269160431, 0.000670990382787, 0.000400831748266, 0.000467532867333, 0.000413711095462, 0.000480082409922, 0.000473056396004, 0.000409855187172, 0.000673886621371, 0.00042911953642, 0.000403610756621, 0.000333938514814, 8.20100394776e-05, 7.12364044375e-06], "median": [4.13561065216e-05, 0.000165337100043, 7.21609976608e-05, 7.30027313693e-05, 0.000673268456012, 0.00045502523426, 0.000207355842576, 0.000294377852697, 0.000401408498874, 0.000300987652736, 0.000215514999582, 0.000353319512215, 0.000163603486726, 0.000253369740676, 0.000248695898335, 0.000188335019629, 0.00024560111342, 0.000291668926366, 0.000233605358517, 0.000372120848624, 0.000276311096968, 0.000391310313717, 0.000212331098737, 9.63696365943e-05, 6.63665414322e-05, 2.16548905883e-05, 1.51025494688e-06], "dvar": [1.93567899487e-08, 4.25568832725e-05, 4.18268828071e-05, 1.18134676086e-06, 3.21608131344e-05, 4.83109670313e-06, 1.43437398492e-06, 3.3445378449e-06, 1.29850432131e-05, 4.23286201112e-06, 1.95215034182e-06, 3.49845458913e-06, 4.99778991525e-07, 9.5787970622e-07, 7.72741771016e-07, 2.46824981787e-07, 2.04616313226e-07, 1.11854383533e-07, 2.15813514615e-07, 1.68146556234e-07, 1.20612995147e-07, 4.29219113585e-07, 1.82075851285e-07, 2.06864342545e-07, 1.50345002226e-07, 7.84161446887e-09, 6.08831457471e-11]}, "melbands_skewness": {"dvar2": 2.63319993019, "var": 3.80414366722, "min": -0.9093952775, "dmean": 0.868798136711, "mean": 2.2950284481, "max": 24.6214103699, "dmean2": 1.32737970352, "median": 1.84532284737, "dvar": 1.1243917942}, "barkbands_skewness": {"dvar2": 1.32162189484, "var": 1.63942050934, "min": -3.7533159256, "dmean": 0.588108241558, "mean": 1.03215241432, "max": 24.8084602356, "dmean2": 0.906454443932, "median": 0.829671382904, "dvar": 0.540471792221}, "erbbands": {"dvar2": [0.0369574949145, 8.07821655273, 146.322692871, 58.4963493347, 135.5128479, 1674.73925781, 631.379516602, 1245.88525391, 606.618347168, 848.78338623, 5573.50683594, 12005.0498047, 10359.8925781, 6006.3046875, 7853.49414062, 10742.0595703, 1943.65222168, 3994.5769043, 3105.25537109, 3624.03271484, 1218.39074707, 1740.37866211, 677.228393555, 1130.93481445, 1347.45361328, 927.563720703, 514.725952148, 487.029663086, 1283.91638184, 1027.94580078, 294.221405029, 194.007797241, 171.478424072, 78.5631942749, 9.97532844543, 0.916730344296, 0.0293058753014, 0.000870554940775, 2.86581257569e-06, 3.51870621529e-09], "var": [0.0190797299147, 3.81903243065, 50.4750480652, 26.9340457916, 83.6227645874, 803.10357666, 396.346679688, 578.966064453, 434.682647705, 2075.45239258, 7470.75488281, 18200.3398438, 13127.2509766, 12363.9589844, 9083.70703125, 8385.69335938, 1473.55773926, 4383.63769531, 4500.98583984, 3000.4753418, 1253.34570312, 1353.82739258, 562.233093262, 557.328796387, 645.2265625, 1096.42272949, 362.818817139, 315.859954834, 677.981811523, 479.375305176, 138.391799927, 76.3478012085, 64.7088623047, 28.9680690765, 4.57151842117, 0.609097540379, 0.0179177001119, 0.000543679925613, 1.64751179454e-06, 2.1880512957e-09], "min": [4.26666338424e-23, 5.80809279676e-22, 2.26338910697e-21, 7.09781065412e-21, 1.565511526e-20, 2.6062040952e-20, 8.16532988612e-20, 7.88690347687e-20, 1.22517429913e-19, 1.67835695919e-19, 2.85450490966e-19, 3.63884428732e-19, 7.26345383028e-19, 8.35985588282e-19, 1.00617805101e-18, 9.37687703089e-19, 1.37268399605e-18, 1.98803161534e-18, 2.30150825208e-18, 3.38263331269e-18, 3.88560730839e-18, 4.37083807316e-18, 5.183884237e-18, 4.96819110201e-18, 6.95542676281e-18, 9.51479636994e-18, 8.50484689232e-18, 9.46299418408e-18, 1.07623882201e-17, 1.14115521202e-17, 1.28793526843e-17, 1.01974329607e-17, 9.98803963327e-18, 9.32072904489e-18, 5.80584382112e-18, 4.10656999747e-18, 2.14007547694e-18, 1.01139332138e-18, 2.41242288417e-19, 2.59222248103e-20], "dmean": [0.0563394613564, 0.789875805378, 2.85588216782, 1.95413935184, 3.1943192482, 9.10109424591, 7.9162607193, 9.72526931763, 4.60983562469, 7.50424861908, 20.8440284729, 26.2958869934, 24.3737812042, 21.1426677704, 21.6261558533, 28.7800731659, 13.9894838333, 22.0278244019, 18.4057807922, 20.1152362823, 13.9726495743, 17.3656387329, 13.0869407654, 13.8073692322, 14.2889928818, 14.1155967712, 11.3243551254, 10.9060525894, 15.5731630325, 12.7880601883, 7.21668672562, 5.1305475235, 4.57542085648, 2.97548341751, 1.12213921547, 0.365839630365, 0.0665977522731, 0.0114528117701, 0.000644968589768, 2.79746236629e-05], "mean": [0.0705838724971, 0.965554118156, 3.13467121124, 2.55613780022, 4.38193941116, 11.4114055634, 11.5300922394, 12.0378398895, 6.87046003342, 13.9861364365, 36.0658721924, 47.366443634, 40.2998924255, 40.8680992126, 37.9249610901, 45.0418434143, 24.070148468, 37.2705421448, 33.4116897583, 33.9898872375, 24.429693222, 28.5459785461, 22.9362392426, 21.336473465, 22.1439170837, 26.7755203247, 19.0245933533, 16.8296661377, 22.2531890869, 17.5741100311, 9.65241146088, 5.79644823074, 4.41217565536, 2.85901665688, 1.25549662113, 0.488205134869, 0.0858729407191, 0.0142757287249, 0.000798868830316, 5.16467916896e-05], "max": [1.59506368637, 18.569103241, 86.5001602173, 71.1282348633, 161.195297241, 418.281341553, 264.18359375, 403.360748291, 1350.69433594, 968.570861816, 1405.79919434, 2066.92382812, 3307.82202148, 2878.02270508, 1769.50378418, 1914.4420166, 788.968566895, 992.522705078, 1242.84899902, 792.34942627, 564.661132812, 614.982543945, 231.670776367, 285.629364014, 246.918762207, 351.567352295, 224.880661011, 166.44770813, 328.063995361, 339.04510498, 180.020141602, 117.492164612, 114.50428772, 77.1858139038, 35.01927948, 13.3466911316, 2.08727931976, 0.265508025885, 0.0149646289647, 0.000389200198697], "dmean2": [0.0903654098511, 1.24506735802, 4.66679143906, 3.12841176987, 4.77640295029, 14.3711080551, 12.646443367, 15.7918071747, 7.43684434891, 11.412817955, 31.5164337158, 38.7629089355, 36.6305847168, 30.2211589813, 30.5480499268, 43.0586776733, 21.4362354279, 33.9458389282, 27.6833114624, 30.3832244873, 21.4424476624, 27.185503006, 20.596529007, 22.6372241974, 23.5223808289, 21.9298973083, 17.6310253143, 16.7041912079, 24.0328178406, 19.7624816895, 11.1641521454, 8.02132987976, 7.23729562759, 4.78091430664, 1.78925967216, 0.5684851408, 0.104658536613, 0.018098924309, 0.00102918734774, 4.14976930188e-05], "median": [0.00484810955822, 0.0344389304519, 0.0831605046988, 0.307987451553, 1.16451644897, 2.36668539047, 3.83882379532, 3.4110751152, 2.82886052132, 4.52934408188, 9.84094619751, 9.22558403015, 13.3653316498, 12.3634128571, 9.16636562347, 15.6787967682, 12.4219741821, 15.2016906738, 13.3631477356, 15.8385181427, 14.3190097809, 16.3141670227, 15.6237297058, 13.3132228851, 14.3289031982, 16.8304080963, 13.3324985504, 10.9993782043, 13.6897935867, 10.5996751785, 5.81524038315, 2.78877449036, 1.27328133583, 0.830085992813, 0.396814346313, 0.150872826576, 0.0264635011554, 0.00436682952568, 0.000246739014983, 3.90994173358e-05], "dvar": [0.0147238764912, 3.26240634918, 55.9121780396, 22.7067966461, 60.1554603577, 705.741638184, 256.597198486, 493.37612915, 266.040008545, 442.900512695, 2612.01025391, 5705.14160156, 5034.18505859, 3127.35302734, 4006.53198242, 4790.0703125, 842.872009277, 1757.13391113, 1529.02575684, 1627.27893066, 556.336547852, 718.534667969, 283.276947021, 421.25592041, 498.540008545, 390.005462646, 215.019210815, 207.147338867, 527.267944336, 411.972839355, 121.627624512, 79.124710083, 70.8587799072, 32.0252876282, 4.14739942551, 0.395445793867, 0.0124269276857, 0.000370533234673, 1.18645164093e-06, 1.50204770843e-09]}, "silence_rate_30dB": {"dvar2": 0.00283148046583, "var": 0.000796914799139, "min": 0, "dmean": 0.00106354698073, "mean": 0.999202430248, "max": 1, "dmean2": 0.00212728232145, "median": 1, "dvar": 0.00106230692472}, "melbands_spread": {"dvar2": 449.842987061, "var": 522.742797852, "min": 0.192608758807, "dmean": 12.3809728622, "mean": 37.354259491, "max": 193.756256104, "dmean2": 19.1909141541, "median": 33.6597709656, "dvar": 185.835739136}, "melbands_crest": {"dvar2": 29.1014308929, "var": 36.2008361816, "min": 1.55909764767, "dmean": 3.83673334122, "mean": 14.1151046753, "max": 39.9005432129, "dmean2": 6.05846405029, "median": 13.4574108124, "dvar": 12.1615953445}, "zerocrossingrate": {"dvar2": 0.00044008527766, "var": 0.00278356438503, "min": 0, "dmean": 0.0175585635006, "mean": 0.0937587842345, "max": 0.5224609375, "dmean2": 0.0213320739567, "median": 0.0859375, "dvar": 0.000301599415252}, "barkbands_kurtosis": {"dvar2": 1498.81848145, "var": 601.263671875, "min": -1.86625552177, "dmean": 2.71714282036, "mean": 2.40170168877, "max": 2106.87915039, "dmean2": 4.43910312653, "median": -0.0421416759491, "dvar": 578.585998535}, "spectral_flux": {"dvar2": 0.00324232364073, "var": 0.00253174896352, "min": 6.41527594936e-11, "dmean": 0.0330156795681, "mean": 0.0884602367878, "max": 0.361741513014, "dmean2": 0.0517500340939, "median": 0.0774051994085, "dvar": 0.00143332756124}, "barkbands_crest": {"dvar2": 17.2776107788, "var": 19.5886516571, "min": 2.07572865486, "dmean": 2.89386367798, "mean": 9.41250801086, "max": 26.8148136139, "dmean2": 4.64594078064, "median": 8.60741233826, "dvar": 7.15598917007}, "barkbands_flatness_db": {"dvar2": 0.00126526167151, "var": 0.00193978240713, "min": 0.0216847527772, "dmean": 0.0242282990366, "mean": 0.104873329401, "max": 0.519200265408, "dmean2": 0.0372960157692, "median": 0.0971833467484, "dvar": 0.000547573785298}, "spectral_entropy": {"dvar2": 0.0945723876357, "var": 0.190389752388, "min": 3.50574493408, "dmean": 0.247593060136, "mean": 7.75060844421, "max": 9.82461357117, "dmean2": 0.349681138992, "median": 7.74811697006, "dvar": 0.0513751469553}, "pitch_salience": {"dvar2": 0.0117532294244, "var": 0.0145861543715, "min": 0.00836843531579, "dmean": 0.0773465931416, "mean": 0.518497943878, "max": 0.869581103325, "dmean2": 0.121535152197, "median": 0.517931580544, "dvar": 0.00484423805028}, "erbbands_spread": {"dvar2": 260.4246521, "var": 356.052642822, "min": 0.73844909668, "dmean": 10.4337091446, "mean": 42.9288520813, "max": 154.21446228, "dmean2": 15.5369215012, "median": 39.1028823853, "dvar": 122.6301651}, "dynamic_complexity": 2.62966585159, "spectral_contrast_valleys": {"dvar2": [0.558489620686, 0.472953617573, 0.519697248936, 0.351513773203, 0.436662018299, 0.642543971539], "var": [4.31102657318, 4.1257019043, 3.9173951149, 3.71601629257, 3.84538149834, 3.78846406937], "min": [-27.9984436035, -27.9443798065, -27.7546710968, -27.7515640259, -27.5570716858, -27.4196052551], "dmean": [0.547741174698, 0.503136515617, 0.519822359085, 0.43348684907, 0.457783073187, 0.667035400867], "mean": [-8.28114700317, -7.41757822037, -7.93198490143, -8.0837469101, -7.71467018127, -9.85031795502], "max": [-5.15523481369, -4.92532110214, -5.13930273056, -6.02922391891, -5.51983833313, -7.2153711319], "dmean2": [0.832425177097, 0.751303434372, 0.766888141632, 0.649709761143, 0.651501297951, 0.875841677189], "median": [-8.25467681885, -7.18484115601, -7.75620269775, -7.8859372139, -7.49684286118, -9.74662971497], "dvar": [0.289861232042, 0.230737149715, 0.243738934398, 0.17338989675, 0.205388501287, 0.394367575645]}, "hfc": {"dvar2": 927.110351562, "var": 651.948486328, "min": 1.08063682552e-16, "dmean": 15.3321437836, "mean": 31.5662021637, "max": 199.074966431, "dmean2": 22.436870575, "median": 26.7767372131, "dvar": 396.42199707}, "spectral_kurtosis": {"dvar2": 2.74832129478, "var": 2.86294293404, "min": -1.29874098301, "dmean": 1.07128202915, "mean": 2.43096256256, "max": 55.9282150269, "dmean2": 1.67380928993, "median": 2.27977657318, "dvar": 1.23305583}, "mfcc": {"mean": [-623.627197266, 76.212387085, -9.32190799713, 14.9383831024, -9.78583526611, 8.39702987671, -4.65319061279, 3.57096147537, -0.525388717651, 0.889610469341, -1.58741796017, -4.53338193893, -1.24023199081], "cov": [[7547.82470703, -249.270584106, 104.920257568, -141.914245605, -87.8427810669, 17.0261611938, 22.6671409607, -5.13006210327, -8.43880462646, -50.049156189, -46.569683075, -129.785675049, -69.9066925049], [-249.270584106, 996.359558105, 38.1046218872, 239.766876221, 17.321598053, 61.6530418396, 37.7993164062, 30.7754096985, 21.8067913055, 36.1611099243, 6.92177724838, 31.1099300385, 49.4155464172], [104.920257568, 38.1046218872, 636.57244873, 145.814987183, 243.4634552, 63.2470588684, 97.8240814209, 32.711353302, 36.6294441223, -18.5884304047, 24.3414535522, 6.68056821823, -17.614900589], [-141.914245605, 239.766876221, 145.814987183, 357.353179932, 180.656616211, 133.913314819, 43.1539268494, 86.8774261475, 64.2537918091, 45.5202217102, 35.5417861938, 62.9231910706, 5.41634607315], [-87.8427810669, 17.321598053, 243.4634552, 180.656616211, 323.435668945, 149.015884399, 98.2571487427, 70.8794174194, 83.2722702026, 44.2262115479, 43.7560043335, 40.7514152527, -2.50521683693], [17.0261611938, 61.6530418396, 63.2470588684, 133.913314819, 149.015884399, 224.210708618, 143.737609863, 118.235656738, 64.2951507568, 66.4732894897, 62.1481208801, 45.5430603027, 19.1706809998], [22.6671409607, 37.7993164062, 97.8240814209, 43.1539268494, 98.2571487427, 143.737609863, 230.618911743, 135.678146362, 67.2526779175, 62.5615653992, 62.5913543701, 36.6404647827, 41.2509384155], [-5.13006210327, 30.7754096985, 32.711353302, 86.8774261475, 70.8794174194, 118.235656738, 135.678146362, 195.669326782, 99.8245925903, 69.8871841431, 60.7035636902, 55.7365837097, 35.4959526062], [-8.43880462646, 21.8067913055, 36.6294441223, 64.2537918091, 83.2722702026, 64.2951507568, 67.2526779175, 99.8245925903, 166.084823608, 95.2036437988, 39.9939041138, 34.4840507507, 26.7509975433], [-50.049156189, 36.1611099243, -18.5884304047, 45.5202217102, 44.2262115479, 66.4732894897, 62.5615653992, 69.8871841431, 95.2036437988, 138.279418945, 76.9496917725, 33.7216262817, 20.4145488739], [-46.569683075, 6.92177724838, 24.3414535522, 35.5417861938, 43.7560043335, 62.1481208801, 62.5913543701, 60.7035636902, 39.9939041138, 76.9496917725, 120.255859375, 69.2065200806, 25.5626087189], [-129.785675049, 31.1099300385, 6.68056821823, 62.9231910706, 40.7514152527, 45.5430603027, 36.6404647827, 55.7365837097, 34.4840507507, 33.7216262817, 69.2065200806, 129.972702026, 70.8569717407], [-69.9066925049, 49.4155464172, -17.614900589, 5.41634607315, -2.50521683693, 19.1706809998, 41.2509384155, 35.4959526062, 26.7509975433, 20.4145488739, 25.5626087189, 70.8569717407, 120.845962524]], "icov": [[0.00013906332606, 2.92403492494e-05, -5.79650404688e-05, 3.07858681481e-05, 0.000111472021672, -0.000128259183839, 2.17872457142e-05, -1.58017007834e-06, -7.75553053245e-05, 8.19560737e-05, -3.99962409574e-05, 0.000144225239637, 1.56220892222e-06], [2.92403492494e-05, 0.00135865574703, -3.16293917422e-05, -0.00136556278449, 0.000689007923938, 4.7275912948e-05, -0.000492685707286, 0.000502177339513, 4.50439620181e-05, -0.000284150853986, 0.000142454664456, 0.000422022276325, -0.000694156566169], [-5.79650404688e-05, -3.16293917422e-05, 0.00272284890525, -0.000760345021263, -0.00206034933217, 0.00159774243366, -0.00155083462596, 0.000503399700392, -0.000451359839644, 0.00179281074088, -0.0013502384536, 0.000798930763267, 0.000109940388938], [3.07858681481e-05, -0.00136556278449, -0.000760345021263, 0.00656681135297, -0.00213880394585, -0.00250703049824, 0.00294930231757, -0.00225308560766, 0.000550013384782, -0.00110825162847, 0.00173384777736, -0.00266606220976, 0.00144139165059], [0.000111472021672, 0.000689007923938, -0.00206034933217, -0.00213880394585, 0.00799609255046, -0.00373605429195, -0.000668931112159, 0.00227211415768, -0.00281736068428, 0.000636472948827, 0.000109562228317, -0.000859750784002, 0.00089475029381], [-0.000128259183839, 4.7275912948e-05, 0.00159774243366, -0.00250703049824, -0.00373605429195, 0.0124271512032, -0.00518469372764, -0.00205937889405, 0.00182223529555, -0.00121382833458, -0.00106520822737, 0.000327577319695, 0.000412497814978], [2.17872457142e-05, -0.000492685707286, -0.00155083462596, 0.00294930231757, -0.000668931112159, -0.00518469372764, 0.0118416333571, -0.00575147755444, 0.00116057228297, -0.001028905157, -0.00115895981435, 0.00199078349397, -0.00269355741329], [-1.58017007834e-06, 0.000502177339513, 0.000503399700392, -0.00225308560766, 0.00227211415768, -0.00205937889405, -0.00575147755444, 0.0135340029374, -0.00596659863368, 0.00196183868684, -0.00148784683552, -0.00171126576606, 0.00063733314164], [-7.75553053245e-05, 4.50439620181e-05, -0.000451359839644, 0.000550013384782, -0.00281736068428, 0.00182223529555, 0.00116057228297, -0.00596659863368, 0.0148463565856, -0.0102939195931, 0.00494075194001, -0.00118588178884, -0.00104209559504], [8.19560737e-05, -0.000284150853986, 0.00179281074088, -0.00110825162847, 0.000636472948827, -0.00121382833458, -0.001028905157, 0.00196183868684, -0.0102939195931, 0.0207992978394, -0.0124665712938, 0.00474605290219, -0.000925347325392], [-3.99962409574e-05, 0.000142454664456, -0.0013502384536, 0.00173384777736, 0.000109562228317, -0.00106520822737, -0.00115895981435, -0.00148784683552, 0.00494075194001, -0.0124665712938, 0.0219854488969, -0.0113076604903, 0.00363980373368], [0.000144225239637, 0.000422022276325, 0.000798930763267, -0.00266606220976, -0.000859750784002, 0.000327577319695, 0.00199078349397, -0.00171126576606, -0.00118588178884, 0.00474605290219, -0.0113076604903, 0.0197879876941, -0.00984972715378], [1.56220892222e-06, -0.000694156566169, 0.000109940388938, 0.00144139165059, 0.00089475029381, 0.000412497814978, -0.00269355741329, 0.00063733314164, -0.00104209559504, -0.000925347325392, 0.00363980373368, -0.00984972715378, 0.0145889045671]]}, "silence_rate_20dB": {"dvar2": 0, "var": 0, "min": 1, "dmean": 0, "mean": 1, "max": 1, "dmean2": 0, "median": 1, "dvar": 0}, "melbands_kurtosis": {"dvar2": 1296.32861328, "var": 1355.36474609, "min": -1.4777213335, "dmean": 7.77103710175, "mean": 11.5131597519, "max": 743.047851562, "dmean2": 12.6973266602, "median": 4.06205368042, "dvar": 448.4765625}, "barkbands_spread": {"dvar2": 213.965499878, "var": 210.807647705, "min": 0.0666034072638, "dmean": 9.11453533173, "mean": 30.828584671, "max": 111.786499023, "dmean2": 13.9409980774, "median": 29.1068820953, "dvar": 93.3960494995}, "erbbands_skewness": {"dvar2": 0.272964835167, "var": 0.445586204529, "min": -2.93225979805, "dmean": 0.355882763863, "mean": 0.171685546637, "max": 10.2941322327, "dmean2": 0.54856222868, "median": 0.114677116275, "dvar": 0.119652912021}, "average_loudness": 0.903664052486, "spectral_centroid": {"dvar2": 333060.15625, "var": 1095346.5, "min": 214.142959595, "dmean": 367.02130127, "mean": 2020.54345703, "max": 11816.2910156, "dmean2": 563.203613281, "median": 1977.7454834, "dvar": 146205.53125}, "dissonance": {"dvar2": 0.000792804697994, "var": 0.000708918378223, "min": 0.236092925072, "dmean": 0.0185497198254, "mean": 0.462936401367, "max": 0.5, "dmean2": 0.0307165812701, "median": 0.469112128019, "dvar": 0.000301221909467}, "erbbands_flatness_db": {"dvar2": 0.000705429876689, "var": 0.0015810043551, "min": 0.0210831630975, "dmean": 0.0210377909243, "mean": 0.149579286575, "max": 0.423132002354, "dmean2": 0.0298781991005, "median": 0.146972924471, "dvar": 0.000389321037801}, "spectral_strongpeak": {"dvar2": 2.07505369186, "var": 2.08011126518, "min": 0, "dmean": 0.694886684418, "mean": 1.26596462727, "max": 11.0522594452, "dmean2": 1.14040958881, "median": 0.690158903599, "dvar": 0.901106238365}, "spectral_rms": {"dvar2": 3.26882604895e-06, "var": 4.0143681872e-06, "min": 3.13279610586e-12, "dmean": 0.00107975595165, "mean": 0.00450442638248, "max": 0.0125600080937, "dmean2": 0.00152223778423, "median": 0.00435545947403, "dvar": 1.54558074428e-06}, "silence_rate_60dB": {"dvar2": 0.0771106258035, "var": 0.0544386953115, "min": 0, "dmean": 0.0333244688809, "mean": 0.0577809289098, "max": 1, "dmean2": 0.0666548460722, "median": 0, "dvar": 0.0322131402791}, "melbands": {"dvar2": [4.70137865705e-06, 2.79290561593e-05, 1.50001972088e-06, 4.13450197811e-06, 1.06989000415e-06, 5.16566615261e-07, 1.23732945667e-07, 1.20899969147e-07, 4.90905563311e-07, 5.37151322533e-07, 2.66817011152e-07, 1.20252380498e-07, 7.89728318296e-08, 1.07643330693e-07, 3.94272774429e-08, 1.15426370684e-08, 1.78602377332e-08, 1.13505516097e-08, 1.15593570271e-08, 4.19389056816e-09, 1.65718627709e-09, 3.4454794573e-09, 6.06626915367e-10, 8.49924908231e-10, 8.77637573726e-10, 9.22659559865e-10, 6.87404688726e-10, 4.27883367626e-10, 2.61471649887e-10, 2.30926458511e-10, 1.72871369997e-10, 3.62807783816e-10, 6.13302131303e-10, 2.6581534196e-10, 9.47841805043e-11, 1.05667877226e-10, 7.03287081349e-11, 9.01054161839e-11, 8.71551580905e-11, 5.20641134372e-11], "var": [2.5595909392e-06, 1.10890341602e-05, 6.9804366376e-07, 2.41046632254e-06, 5.17010732892e-07, 2.53324600408e-07, 1.14782864102e-07, 2.31213888924e-07, 6.86835278429e-07, 8.19120430151e-07, 3.61455818165e-07, 2.29696965448e-07, 1.21416562138e-07, 8.82581545625e-08, 3.58342937545e-08, 8.52254888883e-09, 2.0376251797e-08, 1.50286023626e-08, 1.13432871984e-08, 3.52807560944e-09, 1.60797630766e-09, 2.50295495441e-09, 4.26767565731e-10, 7.207449082e-10, 4.12916478787e-10, 3.23772120225e-10, 5.50667678123e-10, 5.09075170907e-10, 1.98661073703e-10, 1.33280705916e-10, 1.10631358241e-10, 1.98985550259e-10, 2.68730232511e-10, 1.25199628442e-10, 4.467023626e-11, 4.29723062689e-11, 2.60971973198e-11, 3.33265394448e-11, 3.12434418615e-11, 1.88168976928e-11], "min": [4.71359231315e-25, 1.33189924313e-24, 1.76281283628e-24, 2.11001083384e-24, 2.59222947507e-24, 2.18713105922e-24, 1.87589151109e-24, 2.25553910477e-24, 1.44234174202e-24, 2.18448048658e-24, 2.50079379084e-24, 2.63676047595e-24, 2.71518429398e-24, 3.03854173169e-24, 2.33862035759e-24, 2.91601388374e-24, 2.63596885403e-24, 2.54351356708e-24, 3.23901495354e-24, 4.29498356962e-24, 3.81375238503e-24, 3.59278929003e-24, 3.25219050838e-24, 3.51537245294e-24, 2.93161479143e-24, 3.6495600595e-24, 4.18553740206e-24, 5.48136529005e-24, 4.23331791823e-24, 4.83709430571e-24, 5.26029569883e-24, 5.58565546273e-24, 5.55448835723e-24, 5.80808150028e-24, 6.30337334165e-24, 6.57613896014e-24, 5.25383532245e-24, 5.96847072737e-24, 6.17449752999e-24, 6.4726912909e-24], "dmean": [0.000641068385448, 0.00134837464429, 0.000334967393428, 0.000482296629343, 0.000297911057714, 0.000207580451388, 7.13589397492e-05, 9.05393899302e-05, 0.000195338492631, 0.00016887827951, 0.000124346552184, 8.85374174686e-05, 7.22881013644e-05, 7.54754073569e-05, 6.27777262707e-05, 3.12285774271e-05, 4.5368073188e-05, 3.12525298796e-05, 3.61633610737e-05, 2.09595054912e-05, 1.62937249115e-05, 2.24990199058e-05, 1.09771344796e-05, 1.32697896333e-05, 1.16832106869e-05, 1.02007543319e-05, 1.1557273865e-05, 9.47195985646e-06, 7.84709391155e-06, 6.96679990142e-06, 6.44293231744e-06, 8.49197385833e-06, 9.56194799073e-06, 6.44354713586e-06, 4.10535994888e-06, 3.93636719309e-06, 2.91878745884e-06, 3.2470034057e-06, 3.12643351208e-06, 2.35195420828e-06], "mean": [0.000841136963572, 0.00157080905046, 0.00044649359188, 0.000640265643597, 0.000415501155658, 0.000267566967523, 0.000111157292849, 0.000160156458151, 0.000336433644406, 0.000298632134218, 0.00020017978386, 0.000164862838574, 0.000133698020363, 0.000112204477773, 9.96783928713e-05, 4.7296496632e-05, 7.47092853999e-05, 5.36231164006e-05, 5.72098942939e-05, 3.40097321896e-05, 2.64170139417e-05, 3.42434832419e-05, 1.77197434823e-05, 2.15327308979e-05, 1.68155966094e-05, 1.34817200887e-05, 1.98896796064e-05, 1.7176147594e-05, 1.26371223814e-05, 1.03102238427e-05, 9.42502902035e-06, 1.20002023323e-05, 1.28757283164e-05, 8.55562393