{"tonal": {"thpcp": [1, 0.754026591778, 0.159286260605, 0.0595950484276, 0.0571162998676, 0.215985536575, 0.387171268463, 0.270765542984, 0.304140776396, 0.420709133148, 0.217835396528, 0.0729546844959, 0.0713028535247, 0.0759340748191, 0.213925376534, 0.367996841669, 0.277801781893, 0.140653982759, 0.125747874379, 0.169872269034, 0.411006778479, 0.648542821407, 0.399836391211, 0.100405648351, 0.126301258802, 0.114138312638, 0.0581515133381, 0.0678092092276, 0.0664385259151, 0.0714629665017, 0.0813728347421, 0.0596795938909, 0.107346065342, 0.207756742835, 0.19056288898, 0.437055826187], "hpcp": {"dmean2": [0.205548256636, 0.158247157931, 0.0827208608389, 0.0695929303765, 0.0598696768284, 0.0428025126457, 0.0430152639747, 0.0451100282371, 0.0458391271532, 0.0450788997114, 0.0480398908257, 0.0696043297648, 0.101590372622, 0.116720676422, 0.197786256671, 0.19321551919, 0.224389001727, 0.124007441103, 0.0651178434491, 0.0626652911305, 0.0983434915543, 0.112995691597, 0.122528478503, 0.130109086633, 0.116226322949, 0.10834633559, 0.0540099963546, 0.0469297654927, 0.0553636476398, 0.108405515552, 0.126897111535, 0.165513709188, 0.136235460639, 0.118687294424, 0.158793047071, 0.220632091165], "median": [0.18748819828, 0.103237196803, 0.0143159506842, 0.00363274617121, 0.00290399580263, 0.00611208705232, 0.00509210210294, 0.00567265320569, 0.00629675993696, 0.00551250018179, 0.00372079783119, 0.00814148783684, 0.0102949077263, 0.00964227132499, 0.15108717978, 0.419784724712, 0.284140944481, 0.0297682881355, 0.00304824206978, 0.00178280263208, 0.0104492139071, 0.0270452126861, 0.0347608290613, 0.0244164690375, 0.0230281986296, 0.0173371303827, 0.00858828425407, 0.00789186824113, 0.0109484102577, 0.0251045823097, 0.0389526039362, 0.0235607363284, 0.0114868646488, 0.0073948521167, 0.012432847172, 0.104561388493], "min": [0, 0, 0, 0, 0, 0, 0, 0, 0, 0, 0, 0, 0, 0, 0, 0, 0, 0, 0, 0, 0, 0, 0, 0, 0, 0, 0, 0, 0, 0, 0, 0, 0, 0, 0, 0], "dvar2": [0.0724813640118, 0.0456188842654, 0.0274760685861, 0.033356949687, 0.0273483227938, 0.018687594682, 0.0176845546812, 0.0198006592691, 0.0208345651627, 0.0184739362448, 0.0240922681987, 0.0268439017236, 0.0483485125005, 0.0534914880991, 0.0744570121169, 0.0859823524952, 0.0799451842904, 0.050325397402, 0.0404919795692, 0.032587800175, 0.0488648600876, 0.0514584481716, 0.0460112169385, 0.0543043874204, 0.0504561699927, 0.0450029745698, 0.0278697069734, 0.0218821316957, 0.0206085387617, 0.0466104149818, 0.054871160537, 0.0773654356599, 0.0665162727237, 0.0584208704531, 0.0791634917259, 0.0937872827053], "dvar": [0.0327268615365, 0.0191463176161, 0.0102197676897, 0.0144689157605, 0.0114925457165, 0.00705375242978, 0.0077808322385, 0.00801177322865, 0.00871342327446, 0.0084298029542, 0.00925251096487, 0.0103911943734, 0.0218760650605, 0.0222277715802, 0.0274657420814, 0.0385285131633, 0.0312855392694, 0.0181253813207, 0.0142262773588, 0.0117666395381, 0.0189649518579, 0.0239355806261, 0.0187226627022, 0.0225183870643, 0.0244965385646, 0.017382517457, 0.0105555690825, 0.0086589967832, 0.00816549919546, 0.0177940484136, 0.0258147697896, 0.0318231619895, 0.0253685638309, 0.0218919701874, 0.0291753858328, 0.0347565449774], "dmean": [0.127706110477, 0.0982068628073, 0.0474116168916, 0.0430472753942, 0.0379551202059, 0.0257320068777, 0.0268504731357, 0.0271247848868, 0.027434905991, 0.0282830111682, 0.0278164893389, 0.0409299954772, 0.0609671697021, 0.0688300579786, 0.118675149977, 0.116706945002, 0.136919289827, 0.0716890618205, 0.0358292609453, 0.0346234701574, 0.0584392882884, 0.069216504693, 0.0731445848942, 0.0783779770136, 0.0720552876592, 0.064330868423, 0.0310628078878, 0.0282990280539, 0.0323721729219, 0.0654557049274, 0.0793629810214, 0.0983503833413, 0.0770245864987, 0.0677084103227, 0.0891343802214, 0.127808347344], "max": [1, 1, 1, 1, 1, 1, 1, 1, 1, 1, 1, 1, 1, 1, 1, 1, 1, 1, 1, 1, 1, 1, 1, 1, 1, 1, 1, 1, 1, 1, 1, 1, 1, 1, 1, 1], "var": [0.102792829275, 0.049471706152, 0.00997869949788, 0.0264811292291, 0.0229079183191, 0.00725479191169, 0.0106381038204, 0.00952290929854, 0.0135971242562, 0.0169597249478, 0.00997343659401, 0.0132093699649, 0.0519531741738, 0.0416360795498, 0.0505755357444, 0.183299213648, 0.114857472479, 0.0174417048693, 0.0111843729392, 0.0101359393448, 0.0405949614942, 0.102257564664, 0.0434710793197, 0.0589338392019, 0.108487159014, 0.0325908213854, 0.01173063647, 0.00976186897606, 0.00858449004591, 0.0331023782492, 0.0866049751639, 0.0527119934559, 0.0250411164016, 0.0222836583853, 0.0318463146687, 0.0566534921527], "mean": [0.317540794611, 0.195768669248, 0.0491608083248, 0.0618398673832, 0.0558846220374, 0.0284722559154, 0.0332008749247, 0.0325297601521, 0.0349898375571, 0.0398419238627, 0.029220437631, 0.0525589883327, 0.101722255349, 0.0933037698269, 0.213992118835, 0.489621937275, 0.369187951088, 0.0779900476336, 0.0291790422052, 0.0279653929174, 0.105751253664, 0.189567551017, 0.132572755218, 0.148913994431, 0.205988422036, 0.106656990945, 0.0357202142477, 0.034911442548, 0.0371789894998, 0.10474255681, 0.180179327726, 0.136017844081, 0.0688672736287, 0.0615689195693, 0.0831731930375, 0.201237931848]}, "tuning_equal_tempered_deviation": 0.0764548256993, "chords_changes_rate": 0.0281976740807, "key_key": "D", "tuning_diatonic_strength": 0.586729347706, "key_scale": "minor", "chords_number_rate": 0.00145348836668, "tuning_frequency": 441.272583008, "tuning_nontempered_energy_ratio": 0.67635601759, "chords_histogram": [45.6395339966, 0.87209302187, 0, 0.406976729631, 0.843023240566, 0.552325606346, 0.959302306175, 12.1802330017, 0.697674393654, 22.2383728027, 0.465116292238, 0, 0, 0, 0, 0, 0, 0.0872092992067, 0.465116292238, 0.465116292238, 0.145348832011, 0, 12.0058135986, 1.97674417496], "key_strength": 0.808574259281, "chords_key": "D", "chords_strength": {"dmean2": 0.00689504155889, "median": 0.547870159149, "min": -1, "dvar2": 0.0011624165345, "dvar": 0.000638448575046, "dmean": 0.00772781483829, "max": 0.734228372574, "var": 0.034655764699, "mean": 0.528867065907}, "chords_scale": "minor", "hpcp_entropy": {"dmean2": 0.850667417049, "median": 1.62357544899, "min": 0, "dvar2": 0.553637981415, "dvar": 0.215776264668, "dmean": 0.518353939056, "max": 4.0735411644, "var": 0.564841687679, "mean": 1.57490086555}}, "metadata": {"audio_properties": {"equal_loudness": 0, "codec": "flac", "downmix": "mix", "sample_rate": 44100, "analysis_sample_rate": 44100, "bit_rate": 0, "md5_encoded": "565dafe4c3dab4abe933f6b40de166ae", "length": 159.693328857, "replay_gain": -11.2664737701, "lossless": true}, "version": {"essentia_build_sha": "2d9f1f26377add8aeb1075a9c2973f962c4f09fd", "essentia": "2.1-beta2", "extractor": "music 1.0", "essentia_git_sha": "v2.1_beta2-1-ge3940c0"}, "tags": {"title": ["A Ribbon"], "barcode": ["658457002520"], "media": ["CD"], "albumartist": ["Devendra Banhart"], "tracktotal": ["16"], "musicbrainz_releasegroupid": ["0048bac3-2d8b-3fda-9357-e9ae7fd1fa6b"], "releasetype": ["album"], "musicbrainz_recordingid": ["0c60ad20-d59e-4533-ab25-8f55387105d8"], "musicbrainz_albumartistid": ["0110e63e-0a9b-4818-af8e-41e180c20b9a"], "originalyear": ["2004"], "originaldate": ["2004-09-13"], "musicbrainz_releasetrackid": ["e66eb531-ec6d-3698-a7dc-99516d14a709"], "discnumber": ["1"], "totaldiscs": ["1"], "album": ["Ni\u00f1o Rojo"], "catalognumber": ["WPCB-10041"], "releasecountry": ["JP"], "file_name": "05 - A Ribbon.flac", "musicip_puid": ["0b75db22-9fbe-7097-3e0f-51c846a271b5"], "albumartistsort": ["Banhart, Devendra"], "date": ["2007-11-14"], "genre": ["Folk - New Folk"], "disctotal": ["1"], "musicbrainz_artistid": ["0110e63e-0a9b-4818-af8e-41e180c20b9a"], "asin": ["B0002NRRB0"], "musicbrainz_albumid": ["657cf379-f26e-34ae-9e72-89756813df08"], "artist": ["Devendra Banhart"], "tracknumber": ["5"], "artistsort": ["Banhart, Devendra"], "bpm": ["117"], "label": ["Beggars Japan"], "releasestatus": ["official"], "acoustid_id": ["15471c15-1f8a-4383-b000-5e08ba25e6ec"], "script": ["Latn"], "totaltracks": ["16"]}}, "rhythm": {"bpm_histogram_first_peak_bpm": {"dmean2": 0, "median": 117, "min": 117, "dvar2": 0, "dvar": 0, "dmean": 0, "max": 117, "var": 0, "mean": 117}, "bpm": 117.199249268, "bpm_histogram_second_peak_spread": {"dmean2": 0, "median": 0.270270287991, "min": 0.270270287991, "dvar2": 0, "dvar": 0, "dmean": 0, "max": 0.270270287991, "var": 0, "mean": 0.270270287991}, "bpm_histogram_first_peak_weight": {"dmean2": 0, "median": 0.274509817362, "min": 0.274509817362, "dvar2": 0, "dvar": 0, "dmean": 0, "max": 0.274509817362, "var": 0, "mean": 0.274509817362}, "onset_rate": 3.55025482178, "beats_position": [0.557278871536, 1.1261677742, 1.69505667686, 2.2523355484, 2.79800438881, 3.33206343651, 3.86612248421, 4.42340135574, 4.96907043457, 5.50312900543, 6.03718805313, 6.57124710083, 7.10530614853, 7.63936471939, 8.17342376709, 8.70748329163, 9.24154186249, 9.77560043335, 10.3096599579, 10.8204984665, 11.354557991, 11.8770065308, 12.3994560242, 12.9102945328, 13.4211339951, 13.9319725037, 14.4312019348, 14.9304304123, 15.4296598434, 15.9288883209, 16.4629478455, 16.9737873077, 17.4962348938, 18.0186843872, 18.5295238495, 19.0403633118, 19.5512008667, 20.062040329, 20.5728797913, 21.0837192535, 21.5945568085, 22.1170063019, 22.6278457642, 23.1502952576, 23.6611328125, 24.1719722748, 24.6828117371, 25.1936511993, 25.6928787231, 26.1921081543, 26.6797275543, 27.1789569855, 27.6781845093, 28.1890239716, 28.6998634338, 29.2107028961, 29.7099323273, 30.2091598511, 30.7199993134, 31.2192287445, 31.7184581757, 32.2292976379, 32.7401351929, 33.2509727478, 33.7618141174, 34.2958717346, 34.8067131042, 35.3059387207, 35.8167800903, 36.3276176453, 36.8500671387, 37.3609046936, 37.8717460632, 38.3825836182, 38.91664505, 39.427482605, 39.9499320984, 40.4723815918, 41.006439209, 41.5404968262, 42.0861663818, 42.6434440613, 43.1426734924, 43.6535148621, 44.1527442932, 44.6519737244, 45.1744194031, 45.6736488342, 46.1844902039, 46.7069396973, 47.2177772522, 47.7402267456, 48.2510643005, 48.7619056702, 49.2843513489, 49.8068008423, 50.3408622742, 50.8749198914, 51.3973693848, 51.9198188782, 52.4422683716, 52.9763259888, 53.4987754822, 54.0096130371, 54.4972343445, 54.9848518372, 55.4724693298, 55.971698761, 56.4825401306, 56.9817695618, 57.4926071167, 58.0266647339, 58.5491142273, 59.0599517822, 59.5707931519, 60.0932426453, 60.6273002625, 61.1613578796, 61.7070274353, 62.2410888672, 62.7751464844, 63.3092041016, 63.8548736572, 64.4121551514, 64.9694290161, 65.5150985718, 66.0607681274, 66.5948257446, 67.1172790527, 67.6397247314, 68.1737823486, 68.6962356567, 69.2302932739, 69.7643508911, 70.2868041992, 70.7976379395, 71.3084793091, 71.8193206787, 72.3301544189, 72.8293838501, 73.3286132813, 73.8394546509, 74.3502960205, 74.8611297607, 75.3719711304, 75.8828125, 76.3820419312, 76.8812713623, 77.3805007935, 77.8797302246, 78.3905639648, 78.8781814575, 79.3658065796, 79.8534240723, 80.3410415649, 80.8402709961, 81.3395004272, 81.8503417969, 82.3611755371, 82.8720169067, 83.3944625854, 83.9169158936, 84.4277572632, 84.9502029419, 85.4842605591, 86.0067138672, 86.5407714844, 87.0632171631, 87.5856704712, 88.1197280884, 88.6305618286, 89.1414031982, 89.6406326294, 90.151473999, 90.6855316162, 91.2079772949, 91.730430603, 92.2528762817, 92.7753295898, 93.2861633301, 93.8086166382, 94.3194503784, 94.830291748, 95.3527450562, 95.8751907349, 96.3976364136, 96.9200897217, 97.4425354004, 97.9649887085, 98.4758224487, 98.9866638184, 99.497505188, 100.031562805, 100.565620422, 101.08807373, 101.610519409, 102.144577026, 102.667030334, 103.189476013, 103.711929321, 104.245986938, 104.768432617, 105.290885925, 105.813331604, 106.335777283, 106.846618652, 107.36907196, 107.891517639, 108.425575256, 108.948028564, 109.493690491, 110.016143799, 110.538589478, 111.061042786, 111.571876526, 112.082717896, 112.593559265, 113.092788696, 113.592018127, 114.091247559, 114.59047699, 115.10131073, 115.623764038, 116.122993469, 116.645439148, 117.167892456, 117.701950073, 118.23600769, 118.770065308, 119.292518616, 119.826576233, 120.349021912, 120.859863281, 121.370697021, 121.89315033, 122.403991699, 122.926437378, 123.448883057, 123.971336365, 124.505393982, 125.039451599, 125.550292969, 126.061134338, 126.571968079, 127.094421387, 127.616867065, 128.139312744, 128.661773682, 129.160995483, 129.660217285, 130.171066284, 130.693511963, 131.215957642, 131.750015259, 132.284072876, 132.794921875, 133.328979492, 133.863037109, 134.385482788, 134.919540405, 135.441986084, 135.97605896, 136.510116577, 137.020950317, 137.531784058, 138.031021118, 138.53024292, 139.02947998, 139.528701782, 140.016326904, 140.503936768, 141.014785767, 141.525619507, 142.024856567, 142.524078369, 143.011703491, 143.499313354, 143.998550415, 144.497772217, 144.997009277, 145.496231079, 146.007064819, 146.494689941, 146.982315063, 147.516372681, 148.073654175, 148.61932373, 149.141769409, 149.722259521, 150.267929077, 150.813598633, 151.370880127, 151.928161621, 152.485443115, 153.054321289, 153.565170288, 154.087615967, 154.575241089, 155.062850952, 155.550476074, 156.049697876, 156.548934937, 157.048156738, 157.547393799, 158.046615601, 158.545852661, 159.045074463], "beats_loudness": {"dmean2": 0.0193006023765, "median": 0.0387808457017, "min": 0, "dvar2": 0.000234334482229, "dvar": 7.97156171757e-05, "dmean": 0.0110379178077, "max": 0.0736584663391, "var": 0.000218215907807, "mean": 0.0372673757374}, "danceability": 0.967084944248, "bpm_histogram_second_peak_weight": {"dmean2": 0, "median": 0.176470592618, "min": 0.176470592618, "dvar2": 0, "dvar": 0, "dmean": 0, "max": 0.176470592618, "var": 0, "mean": 0.176470592618}, "beats_count": 307, "bpm_histogram_second_peak_bpm": {"dmean2": 0, "median": 112, "min": 112, "dvar2": 0, "dvar": 0, "dmean": 0, "max": 112, "var": 0, "mean": 112}, "bpm_histogram_first_peak_spread": {"dmean2": 0, "median": 0.601895689964, "min": 0.601895689964, "dvar2": 0, "dvar": 0, "dmean": 0, "max": 0.601895689964, "var": 0, "mean": 0.601895689964}, "beats_loudness_band_ratio": {"dmean2": [0.2736364007, 0.313548117876, 0.225833579898, 0.143567487597, 0.0522839874029, 0.0587192177773], "median": [0.225777670741, 0.401236772537, 0.198728129268, 0.0700144171715, 0.0172380749136, 0.00513610150665], "min": [0, 0, 0, 0, 0, 0], "dvar2": [0.0495717264712, 0.0694556236267, 0.0369042567909, 0.0182913318276, 0.00417471770197, 0.0212465059012], "dvar": [0.0187424141914, 0.0230703726411, 0.0134195256978, 0.00733924470842, 0.00153648527339, 0.0105576831847], "dmean": [0.156091809273, 0.186338141561, 0.12775310874, 0.0833830162883, 0.0295692365617, 0.0318950675428], "max": [0.947957575321, 0.916676163673, 0.719270169735, 0.515894651413, 0.31684628129, 0.905741512775], "var": [0.0347759984434, 0.0443930439651, 0.0207787137479, 0.00912847276777, 0.0014119092375, 0.00954770762473], "mean": [0.267806231976, 0.398989289999, 0.227901041508, 0.103538550436, 0.0298281330615, 0.0245325043797]}}, "lowlevel": {"barkbands_spread": {"dmean2": 3.46863389015, "median": 5.94709587097, "min": 0.514093995094, "dvar2": 39.5821609497, "dvar": 19.9628601074, "dmean": 2.32970237732, "max": 85.3138046265, "var": 82.9852523804, "mean": 8.56338500977}, "melbands_spread": {"dmean2": 4.11832046509, "median": 7.61527776718, "min": 0.838070452213, "dvar2": 64.2031784058, "dvar": 29.5917987823, "dmean": 2.74605107307, "max": 166.388671875, "var": 350.680541992, "mean": 11.9442338943}, "hfc": {"dmean2": 5.49842309952, "median": 13.793299675, "min": 1.08856200988e-16, "dvar2": 69.2933120728, "dvar": 29.8708400726, "dmean": 3.59163951874, "max": 90.8712768555, "var": 103.107246399, "mean": 15.5163202286}, "barkbands_kurtosis": {"dmean2": 5.41774511337, "median": 5.80165052414, "min": -1.87598752975, "dvar2": 69.2219009399, "dvar": 29.9500827789, "dmean": 3.50620412827, "max": 122.890213013, "var": 101.130508423, "mean": 8.75972080231}, "gfcc": {"mean": [-72.8204650879, 144.176254272, -111.583198547, -1.09780180454, -67.0480804443, -11.097618103, -42.6120948792, -14.5321912766, -26.2031574249, -13.0727949142, -18.9993686676, -9.2669801712, -11.1301994324], "icov": [[0.00100398762152, -0.00255328044295, 0.00237745186314, -0.00177672749851, 0.00267138751224, -0.00186051090714, 0.00299094081856, -0.00178076687735, 0.00270766182803, -0.00193659972865, 0.00261113233864, -0.0020034078043, 0.00162000884302], [-0.00255328044295, 0.00814035627991, -0.00563564198092, 0.00582322152331, -0.00658734794706, 0.00587986642495, -0.00741822319105, 0.00578760402277, -0.00721035106108, 0.00682454137132, -0.00646201940253, 0.00542848790064, -0.0029710540548], [0.00237745186314, -0.00563564198092, 0.00754577340558, -0.00425683986396, 0.00567064760253, -0.00475792493671, 0.00709430640563, -0.00397129915655, 0.00585728790611, -0.00410434929654, 0.0059919366613, -0.00636146450415, 0.00489184586331], [-0.00177672749851, 0.00582322152331, -0.00425683986396, 0.00659277942032, -0.00375838321634, 0.00421020668, -0.00507118273526, 0.00314693036489, -0.00427676271647, 0.00379498186521, -0.00417661294341, 0.00369054963812, -0.00261076749302], [0.00267138751224, -0.00658734794706, 0.00567064760253, -0.00375838321634, 0.0112897828221, -0.00425892835483, 0.00719493115321, -0.005283952225, 0.00550090428442, -0.0047245840542, 0.00677555939183, -0.00538310362026, 0.00478181242943], [-0.00186051090714, 0.00587986642495, -0.00475792493671, 0.00421020668, -0.00425892835483, 0.0108680203557, -0.00696992734447, 0.00225203577429, -0.00525119062513, 0.00328055443242, -0.00194477522746, 0.00300413602963, 0.000239950590185], [0.00299094081856, -0.00741822319105, 0.00709430640563, -0.00507118273526, 0.00719493115321, -0.00696992734447, 0.0154111403972, -0.00510864425451, 0.00729746511206, -0.00569383660331, 0.00697652436793, -0.00587577139959, 0.00445094006136], [-0.00178076687735, 0.00578760402277, -0.00397129915655, 0.00314693036489, -0.005283952225, 0.00225203577429, -0.00510864425451, 0.0131616611034, -0.00665295822546, 0.00480447802693, -0.00343304057606, 0.00454076891765, -0.00295118428767], [0.00270766182803, -0.00721035106108, 0.00585728790611, -0.00427676271647, 0.00550090428442, -0.00525119062513, 0.00729746511206, -0.00665295822546, 0.0187071412802, -0.00752840843052, 0.00606312789023, -0.00698430743068, 0.00565601000562], [-0.00193659972865, 0.00682454137132, -0.00410434929654, 0.00379498186521, -0.0047245840542, 0.00328055443242, -0.00569383660331, 0.00480447802693, -0.00752840843052, 0.0174930356443, -0.00565379206091, 0.00719107734039, -0.00249023386277], [0.00261113233864, -0.00646201940253, 0.0059919366613, -0.00417661294341, 0.00677555939183, -0.00194477522746, 0.00697652436793, -0.00343304057606, 0.00606312789023, -0.00565379206091, 0.0179239865392, -0.00755967292935, 0.00559789175168], [-0.0020034078043, 0.00542848790064, -0.00636146450415, 0.00369054963812, -0.00538310362026, 0.00300413602963, -0.00587577139959, 0.00454076891765, -0.00698430743068, 0.00719107734039, -0.00755967292935, 0.0157551895827, -0.00563601963222], [0.00162000884302, -0.0029710540548, 0.00489184586331, -0.00261076749302, 0.00478181242943, 0.000239950590185, 0.00445094006136, -0.00295118428767, 0.00565601000562, -0.00249023386277, 0.00559789175168, -0.00563601963222, 0.0164320468903]], "cov": [[26605.4589844, 3223.84301758, -3367.90869141, 183.165420532, -1901.50732422, -388.836608887, -1008.99151611, -294.535339355, -881.516235352, -144.042633057, -528.794677734, -561.798217773, 40.1231880188], [3223.84301758, 1808.1418457, -378.51159668, -590.105651855, 11.0460939407, -291.477294922, -81.2923202515, -228.961593628, -20.2474422455, -193.128311157, 68.3141555786, -38.1026229858, -48.6800880432], [-3367.90869141, -378.51159668, 875.49206543, 41.0151977539, 196.896392822, 125.065658569, 68.4534759521, 49.0101356506, 103.932014465, -1.16193413734, 36.3913269043, 144.084106445, -58.3123512268], [183.165420532, -590.105651855, 41.0151977539, 541.288818359, -121.70489502, 44.025062561, -16.7488803864, 61.8751335144, -44.9033241272, 55.8950805664, -39.7930297852, -10.2266530991, 33.4357719421], [-1901.50732422, 11.0460939407, 196.896392822, -121.70489502, 350.385253906, 11.077038765, 58.2319564819, 21.8572826385, 85.1577072144, -11.7196178436, 32.1093482971, 43.3420944214, -29.6234912872], [-388.836608887, -291.477294922, 125.065658569, 44.025062561, 11.077038765, 236.618591309, 52.2739295959, 62.3312683105, 24.3351650238, 34.4302902222, -48.4347572327, 9.76657009125, -37.5561447144], [-1008.99151611, -81.2923202515, 68.4534759521, -16.7488803864, 58.2319564819, 52.2739295959, 178.492446899, 15.7865552902, 31.7148971558, 8.77166652679, 9.06705379486, 14.3131122589, -9.25212097168], [-294.535339355, -228.961593628, 49.0101356506, 61.8751335144, 21.8572826385, 62.3312683105, 15.7865552902, 140.002456665, 22.6386184692, 18.3506183624, -25.2489852905, -2.93924951553, -0.940429091454], [-881.516235352, -20.2474422455, 103.932014465, -44.9033241272, 85.1577072144, 24.3351650238, 31.7148971558, 22.6386184692, 123.537452698, 11.7087392807, 18.8452968597, 27.6569824219, -22.1720218658], [-144.042633057, -193.128311157, -1.16193413734, 55.8950805664, -11.7196178436, 34.4302902222, 8.77166652679, 18.3506183624, 11.7087392807, 104.887794495, -7.84458017349, -24.9749107361, -1.69263672829], [-528.794677734, 68.3141555786, 36.3913269043, -39.7930297852, 32.1093482971, -48.4347572327, 9.06705379486, -25.2489852905, 18.8452968597, -7.84458017349, 115.511764526, 29.6114940643, -5.16914892197], [-561.798217773, -38.1026229858, 144.084106445, -10.2266530991, 43.3420944214, 9.76657009125, 14.3131122589, -2.93924951553, 27.6569824219, -24.9749107361, 29.6114940643, 124.98551178, 6.29473829269], [40.1231880188, -48.6800880432, -58.3123512268, 33.4357719421, -29.6234912872, -37.5561447144, -9.25212097168, -0.940429091454, -22.1720218658, -1.69263672829, -5.16914892197, 6.29473829269, 93.5727386475]]}, "spectral_energyband_middle_low": {"dmean2": 0.0107104917988, "median": 0.0273409076035, "min": 1.83103299883e-22, "dvar2": 0.000162747732247, "dvar": 6.4437968831e-05, "dmean": 0.00669849244878, "max": 0.107917189598, "var": 0.000217443768634, "mean": 0.0280062779784}, "melbands_crest": {"dmean2": 4.2759604454, "median": 14.531627655, "min": 1.60899758339, "dvar2": 16.9058494568, "dvar": 6.21986865997, "dmean": 2.62619352341, "max": 31.5032501221, "var": 22.8093357086, "mean": 14.9246168137}, "spectral_kurtosis": {"dmean2": 11.9193248749, "median": 13.3173341751, "min": -1.25903427601, "dvar2": 176.018478394, "dvar": 70.6846237183, "dmean": 7.27511453629, "max": 99.3229064941, "var": 227.920761108, "mean": 17.7576351166}, "spectral_rms": {"dmean2": 0.000939939985983, "median": 0.00570610864088, "min": 3.12265556295e-12, "dvar2": 1.03860122636e-06, "dvar": 4.22135826739e-07, "dmean": 0.000597046513576, "max": 0.0107151083648, "var": 3.0559760944e-06, "mean": 0.00544806104153}, "zerocrossingrate": {"dmean2": 0.00610106624663, "median": 0.02490234375, "min": 0.0068359375, "dvar2": 9.03620384634e-05, "dvar": 8.90543378773e-05, "dmean": 0.005096568726, "max": 0.7578125, "var": 0.00652989372611, "mean": 0.0409300215542}, "silence_rate_60dB": {"dmean2": 0.0046531916596, "median": 0, "min": 0, "dvar2": 0.00521261012182, "dvar": 0.00232114782557, "dmean": 0.00232625752687, "max": 1, "var": 0.0596201047301, "mean": 0.0636720433831}, "erbbands_kurtosis": {"dmean2": 1.92032408714, "median": 1.05312860012, "min": -1.85153925419, "dvar2": 8.79710292816, "dvar": 3.71401691437, "dmean": 1.22864711285, "max": 51.7239532471, "var": 13.4220657349, "mean": 2.04802727699}, "erbbands": {"dmean2": [0.0011201153975, 0.0570841431618, 0.903260648251, 6.63853788376, 16.3076953888, 12.4240636826, 28.6569461823, 30.0590381622, 36.4771232605, 21.2770786285, 40.468044281, 28.7527008057, 21.2840805054, 30.4920883179, 12.7536621094, 10.2355146408, 8.35507965088, 11.5411262512, 12.5012426376, 5.92122220993, 4.23246860504, 4.07754850388, 2.64917302132, 3.51044154167, 3.62893009186, 2.6470015049, 4.30594158173, 3.94910597801, 2.64447927475, 0.948575139046, 0.521975755692, 0.559333980083, 0.287449717522, 0.144012391567, 0.0681683719158, 0.0208192355931, 0.00369297130965, 0.000478967675008, 4.67079189548e-05, 1.38084851642e-05], "median": [0.0012433284428, 0.0379085205495, 0.936063766479, 6.86419630051, 10.495423317, 13.7867107391, 46.2252311707, 27.5337219238, 36.5810127258, 16.8773365021, 23.0973510742, 16.7925395966, 16.1927337646, 23.5739250183, 8.59913921356, 8.39530849457, 5.55324745178, 6.34907960892, 3.98050808907, 3.19552111626, 2.42234683037, 2.02128648758, 1.07375240326, 0.984624385834, 0.772773265839, 0.542044579983, 0.395746052265, 0.199984401464, 0.108394533396, 0.105035327375, 0.0564958788455, 0.0306531619281, 0.0183024797589, 0.00773220183328, 0.00334289716557, 0.00136156112421, 0.000448201171821, 0.000112635840196, 3.48064677382e-05, 3.95502502215e-05], "min": [8.07822218374e-23, 4.52575231611e-22, 1.74927858481e-21, 8.10238515735e-21, 1.3719918139e-20, 1.33205870048e-20, 4.49838459318e-20, 8.73284622593e-20, 1.43505858412e-19, 1.48237460763e-19, 1.83666575751e-19, 4.13275977644e-19, 6.27986111871e-19, 7.15923889586e-19, 5.0848953263e-19, 8.94606275631e-19, 1.52857259314e-18, 1.74609576183e-18, 1.89679938404e-18, 3.11776118836e-18, 3.0187534593e-18, 4.02097541564e-18, 4.36385460084e-18, 5.88489499072e-18, 7.46661776392e-18, 7.78385476373e-18, 9.60713288736e-18, 9.52453807602e-18, 9.77063175288e-18, 9.61629887573e-18, 1.03786674057e-17, 1.22254540024e-17, 9.87006878867e-18, 7.87424492516e-18, 5.99389712953e-18, 4.29486773775e-18, 2.25661178357e-18, 1.00722433109e-18, 2.62299256584e-19, 2.83920213295e-20], "dvar2": [2.53089137914e-06, 0.0117268981412, 2.42294168472, 101.634841919, 672.38092041, 346.058013916, 2389.77758789, 3842.82592773, 4763.59423828, 2043.81750488, 10356.3505859, 5701.90234375, 2298.91040039, 4330.61767578, 1069.66174316, 366.984283447, 394.504577637, 817.445678711, 845.633300781, 195.463851929, 102.524734497, 83.2474975586, 52.850025177, 442.117889404, 390.007354736, 97.1214294434, 335.152832031, 362.374938965, 184.058685303, 15.9760951996, 3.06513834, 5.07759571075, 1.89969551563, 0.368881493807, 0.122763186693, 0.0113425375894, 0.000329318485456, 6.55888743495e-06, 5.91303326303e-08, 3.44042155875e-10], "dvar": [1.15389150324e-06, 0.00642848573625, 1.08207416534, 37.1031723022, 310.090362549, 133.359466553, 1043.64599609, 1272.57666016, 1977.9831543, 821.182373047, 4094.52685547, 2599.19604492, 1033.0814209, 1996.84851074, 492.916687012, 154.48614502, 205.180725098, 419.091888428, 397.418151855, 85.160774231, 43.3754997253, 38.9400901794, 21.8190593719, 163.606704712, 155.2787323, 41.7619476318, 154.602828979, 157.556762695, 91.6756439209, 8.42982959747, 1.44224894047, 2.54535388947, 0.785660147667, 0.146905109286, 0.0464073643088, 0.00443936651573, 0.000128797953948, 2.56790531239e-06, 2.24765610568e-08, 1.32546543186e-10], "dmean": [0.000720699492376, 0.0399061366916, 0.625873684883, 4.04474163055, 10.3188009262, 7.61897754669, 19.687953949, 17.8774642944, 23.279132843, 13.4479560852, 26.3401374817, 18.6660022736, 13.641043663, 21.3553314209, 8.5328502655, 6.67618227005, 5.6525812149, 7.99074554443, 8.38500881195, 3.93939685822, 2.76501846313, 2.71486210823, 1.69904410839, 2.27764797211, 2.39530014992, 1.76002550125, 2.8189766407, 2.62550806999, 1.80304324627, 0.649640381336, 0.344189554453, 0.374210566282, 0.187569975853, 0.0911440551281, 0.0419395640492, 0.0130859715864, 0.00233130459674, 0.000308659655275, 2.87109014607e-05, 8.66455684445e-06], "max": [0.0293734818697, 1.9855505228, 18.6661624908, 71.325088501, 266.04486084, 220.00088501, 654.491210938, 869.27166748, 922.719909668, 617.104125977, 1294.61889648, 1208.36999512, 816.664306641, 1123.63720703, 789.739746094, 264.970947266, 583.691589355, 668.468383789, 422.837310791, 294.047607422, 211.034545898, 170.125427246, 163.072189331, 506.501831055, 487.906066895, 176.365158081, 452.625579834, 362.064422607, 334.059997559, 105.923912048, 29.7098770142, 68.4979629517, 30.6038379669, 10.5661287308, 5.9084687233, 2.72633695602, 0.359479486942, 0.063185505569, 0.00413759844378, 0.000266888353508], "var": [2.48478249887e-06, 0.0152340075001, 2.68110537529, 81.3494262695, 863.703674316, 406.986419678, 4932.26855469, 6562.68652344, 4471.66796875, 1764.47619629, 7139.90576172, 11523.8798828, 3784.38330078, 7197.15722656, 2113.98608398, 429.626068115, 817.140258789, 1748.63220215, 1281.97766113, 230.528579712, 93.1683959961, 98.3153533936, 36.6240921021, 147.257080078, 168.255523682, 59.6473884583, 250.039337158, 294.221099854, 184.620849609, 19.1645011902, 2.4365632534, 4.01255846024, 0.850280225277, 0.14978839457, 0.0397316776216, 0.00401003332809, 0.000120547781989, 3.38833433489e-06, 2.12473718619e-08, 3.69306779602e-10], "mean": [0.00163237971719, 0.0774164274335, 1.4273993969, 9.38159370422, 21.4140834808, 19.0100135803, 69.5809631348, 54.9389533997, 56.7129859924, 29.6693611145, 50.6041221619, 49.487411499, 35.5515823364, 54.7669143677, 21.2401180267, 15.2647008896, 14.2119245529, 20.0774345398, 17.2240848541, 8.88101100922, 5.72090911865, 5.36165809631, 3.02701830864, 3.5897500515, 3.5725376606, 2.55939459801, 3.84745287895, 3.81381678581, 2.55155968666, 0.947251141071, 0.433553218842, 0.445729523897, 0.216542050242, 0.103160887957, 0.0449915602803, 0.0143207814544, 0.0028131629806, 0.000434850109741, 5.71866003156e-05, 3.99134187319e-05]}, "spectral_strongpeak": {"dmean2": 0.653737545013, "median": 1.06673741341, "min": 0, "dvar2": 0.713846683502, "dvar": 0.28733548522, "dmean": 0.39210486412, "max": 7.89167451859, "var": 0.789519488811, "mean": 1.22724127769}, "spectral_energy": {"dmean2": 0.0115386145189, "median": 0.0333736687899, "min": 9.99475144785e-21, "dvar2": 0.000187525220099, "dvar": 7.41287294659e-05, "dmean": 0.00726752355695, "max": 0.117683894932, "var": 0.000261904089712, "mean": 0.0335558205843}, "average_loudness": 0.942202210426, "spectral_rolloff": {"dmean2": 286.774078369, "median": 581.396484375, "min": 129.19921875, "dvar2": 596491.375, "dvar": 292697.40625, "dmean": 172.931213379, "max": 21533.203125, "var": 7944378, "mean": 1117.171875}, "spectral_centroid": {"dmean2": 171.643539429, "median": 485.518554688, "min": 197.909301758, "dvar2": 126350.546875, "dvar": 64035.9414063, "dmean": 115.848251343, "max": 11677.8222656, "var": 1796802.875, "mean": 766.638549805}, "pitch_salience": {"dmean2": 0.0914990380406, "median": 0.573712706566, "min": 0.182893246412, "dvar2": 0.00706436764449, "dvar": 0.00279861595482, "dmean": 0.0561968274415, "max": 0.923626363277, "var": 0.0118322847411, "mean": 0.566693425179}, "spectral_energyband_middle_high": {"dmean2": 0.00151497963816, "median": 0.00216084159911, "min": 1.00084542521e-21, "dvar2": 7.43606733522e-06, "dvar": 3.68891005564e-06, "dmean": 0.00108489207923, "max": 0.0406713187695, "var": 1.91127383005e-05, "mean": 0.00363788241521}, "spectral_contrast_coeffs": {"dmean2": [0.0734907314181, 0.0675294697285, 0.0546003244817, 0.0462235659361, 0.0433099232614, 0.031615704298], "median": [-0.467487215996, -0.638009369373, -0.701814055443, -0.748455822468, -0.775359034538, -0.778984248638], "min": [-0.987938702106, -0.978342831135, -0.980116248131, -0.971598744392, -0.967205643654, -0.964762628078], "dvar2": [0.00363020086661, 0.00341828819364, 0.00231380015612, 0.0015081417514, 0.00166235223878, 0.00103085220326], "dvar": [0.0013370065717, 0.00130807736423, 0.000950257992372, 0.000629032845609, 0.000738260801882, 0.000494352309033], "dmean": [0.0442976541817, 0.0410483069718, 0.0340470224619, 0.0287964139134, 0.0274386834353, 0.0212497431785], "max": [-0.252733528614, -0.390596717596, -0.456288248301, -0.557850718498, -0.5842217803, -0.542744994164], "var": [0.0120229152963, 0.00913847237825, 0.00681946240366, 0.00472802203149, 0.00347406161018, 0.00338898110203], "mean": [-0.483393669128, -0.645755708218, -0.70583075285, -0.748452305794, -0.773942530155, -0.769961118698]}, "melbands_skewness": {"dmean2": 0.804242253304, "median": 2.11754560471, "min": -0.544911623001, "dvar2": 0.788048684597, "dvar": 0.336296051741, "dmean": 0.516915500164, "max": 12.8869991302, "var": 2.24588871002, "mean": 2.36667203903}, "spectral_spread": {"dmean2": 755407.125, "median": 2491898, "min": 902753, "dvar2": 1161337765890.0, "dvar": 536451842048, "dmean": 493279.46875, "max": 42730160, "var": 23975142883300.0, "mean": 3477303.25}, "dissonance": {"dmean2": 0.0490325205028, "median": 0.414278745651, "min": 0.16444645822, "dvar2": 0.00193887890782, "dvar": 0.000740844814572, "dmean": 0.0299767702818, "max": 0.499925613403, "var": 0.00272778142244, "mean": 0.409058094025}, "spectral_skewness": {"dmean2": 0.913743138313, "median": 2.79707503319, "min": -0.181789457798, "dvar2": 0.801257550716, "dvar": 0.34840592742, "dmean": 0.581044733524, "max": 8.3965921402, "var": 1.81789755821, "mean": 2.96672153473}, "spectral_flux": {"dmean2": 0.0334330424666, "median": 0.0573988668621, "min": 6.44589520649e-11, "dvar2": 0.00133245112374, "dvar": 0.000556392304134, "dmean": 0.0208119433373, "max": 0.244323939085, "var": 0.00143003545236, "mean": 0.0638786926866}, "spectral_contrast_valleys": {"dmean2": [0.674982666969, 0.532680034637, 0.527578532696, 0.506763219833, 0.576479375362, 0.540358841419], "median": [-8.12638282776, -6.42757415771, -7.54455852509, -8.40019035339, -8.93158817291, -11.7467193604], "min": [-28.1949863434, -28.2607002258, -27.7500858307, -27.5942878723, -27.56939888, -27.3936061859], "dvar2": [0.316277831793, 0.250970542431, 0.261092275381, 0.237727046013, 0.391331911087, 0.424270302057], "dvar": [0.127881065011, 0.111167915165, 0.117727205157, 0.109237477183, 0.179954245687, 0.194620132446], "dmean": [0.40890660882, 0.327766746283, 0.333665966988, 0.323013454676, 0.379614770412, 0.356713056564], "max": [-6.17978239059, -4.49292182922, -4.93477869034, -5.73012399673, -5.9313416481, -8.26183509827], "var": [6.33065605164, 7.57847547531, 6.85314273834, 6.40196847916, 6.23661422729, 4.54170036316], "mean": [-8.48687553406, -6.90125799179, -7.93637752533, -8.74074554443, -9.20616722107, -11.8003664017]}, "erbbands_flatness_db": {"dmean2": 0.0268183741719, "median": 0.239439636469, "min": 0.0328966453671, "dvar2": 0.000835775397718, "dvar": 0.000380429875804, "dmean": 0.0182820335031, "max": 0.381134569645, "var": 0.00323232566006, "mean": 0.232444390655}, "spectral_energyband_high": {"dmean2": 0.000209439283935, "median": 2.60150227405e-05, "min": 6.8255163674e-21, "dvar2": 5.2771611081e-07, "dvar": 2.68561223038e-07, "dmean": 0.000145187950693, "max": 0.0105584030971, "var": 6.6130525056e-07, "mean": 0.000234747611103}, "spectral_entropy": {"dmean2": 0.338238418102, "median": 6.50278997421, "min": 4.64748907089, "dvar2": 0.14402037859, "dvar": 0.0645171478391, "dmean": 0.224265575409, "max": 9.82458019257, "var": 0.554945468903, "mean": 6.59999084473}, "silence_rate_20dB": {"dmean2": 0, "median": 1, "min": 1, "dvar2": 0, "dvar": 0, "dmean": 0, "max": 1, "var": 0, "mean": 1}, "melbands_flatness_db": {"dmean2": 0.038670103997, "median": 0.303409099579, "min": 0.00289208558388, "dvar2": 0.00163916067686, "dvar": 0.000800637120847, "dmean": 0.0270096678287, "max": 0.496705263853, "var": 0.0063342996873, "mean": 0.297466725111}, "barkbands": {"dmean2": [2.22810631385e-05, 0.000152398759383, 0.00107231456786, 0.00351320905611, 0.00489350873977, 0.00362170883454, 0.00234773824923, 0.00171380280517, 0.0012560824398, 0.000936817552429, 0.000370967696654, 0.00024501682492, 0.000196400957066, 0.000277344748611, 0.000179712660611, 8.70958756423e-05, 7.78876928962e-05, 4.77516223327e-05, 7.90508347563e-05, 5.71794698772e-05, 0.000109178297862, 6.11718278378e-05, 1.99196474568e-05, 2.21720238187e-05, 1.09080010589e-05, 2.91539413411e-06, 2.64162508756e-07], "median": [9.05452361621e-06, 7.18515802873e-05, 0.00103180971928, 0.00308452337049, 0.00577191635966, 0.00515617756173, 0.00202756002545, 0.000894240220077, 0.000631890434306, 0.00072116276715, 0.000159546238137, 0.000173076652572, 9.81313642114e-05, 0.000124582540593, 5.36591469427e-05, 4.55597510154e-05, 3.83809710911e-05, 1.54125209519e-05, 1.62060205184e-05, 1.15230050142e-05, 7.31004320187e-06, 2.97897804558e-06, 2.53229518421e-06, 1.38530822369e-06, 5.59967304525e-07, 2.65010811518e-07, 1.18535972149e-07], "min": [4.94535323761e-25, 1.61723841698e-24, 7.59767715036e-25, 1.53801390513e-24, 4.59936239446e-24, 6.12031856302e-24, 8.76154517499e-24, 5.88801993125e-24, 1.7965855888e-23, 1.96470289175e-23, 7.24222273736e-24, 1.17566449283e-23, 2.11712833135e-23, 3.19818536691e-23, 4.268543082e-23, 5.0203568703e-23, 6.40092593222e-23, 7.4453910236e-23, 8.74320794547e-23, 1.84004002332e-22, 2.14097001138e-22, 2.98017967989e-22, 4.13711450068e-22, 6.31679322248e-22, 7.90613362877e-22, 1.32837774675e-21, 2.04951848998e-21], "dvar2": [1.77741332763e-09, 8.62545732616e-08, 3.68214523405e-06, 2.8007554647e-05, 4.95931235491e-05, 4.10285429098e-05, 2.01957300305e-05, 1.55141242431e-05, 1.00685820144e-05, 3.66933613805e-06, 9.12841642275e-07, 2.67759617145e-07, 2.51643854199e-07, 4.20041544658e-07, 1.8475694219e-07, 4.50726780343e-08, 2.61319215156e-08, 2.0283401625e-08, 2.08787128031e-07, 4.58180338114e-08, 2.38401369757e-07, 8.11633569242e-08, 7.26267179729e-09, 9.50080103479e-09, 2.51914133997e-09, 2.01788447063e-10, 2.14551662027e-12], "dvar": [1.16390308502e-09, 4.6161769518e-08, 1.50936728005e-06, 9.98130963126e-06, 2.16303742491e-05, 1.49982943185e-05, 8.26349059935e-06, 6.14044074609e-06, 4.48353375759e-06, 1.80242182068e-06, 4.02254215714e-07, 1.12079767689e-07, 1.22871526287e-07, 1.98551347808e-07, 8.3559370978e-08, 1.93220621725e-08, 1.19114726971e-08, 7.94295917927e-09, 8.0438923078e-08, 1.972090935e-08, 1.06934216149e-07, 4.20497556775e-08, 3.10543346593e-09, 4.34608526945e-09, 9.72754210515e-10, 7.95117721664e-11, 8.75211741188e-13], "dmean": [1.82156982191e-05, 0.000104062062746, 0.000741509313229, 0.00212363153696, 0.00308686494827, 0.00230036280118, 0.00149478309322, 0.00111225584988, 0.000795919564553, 0.000655320589431, 0.00024079970899, 0.000159122646437, 0.000129989770357, 0.000185796627193, 0.000118310599646, 5.64520669286e-05, 5.09440469614e-05, 3.02493936033e-05, 5.18978376931e-05, 3.76845746359e-05, 7.29231251171e-05, 4.21564072894e-05, 1.29722329802e-05, 1.47699984154e-05, 6.79247659718e-06, 1.82777500868e-06, 1.64251488854e-07], "max": [0.000773135747295, 0.00557004893199, 0.020599829033, 0.0324110276997, 0.0653685480356, 0.0869515538216, 0.0587992891669, 0.0409312322736, 0.0422593131661, 0.0273569840938, 0.0199188645929, 0.00938269589096, 0.0125979539007, 0.0105961775407, 0.0067222379148, 0.00474504195154, 0.00261995662004, 0.00294235884212, 0.00879458431154, 0.00376637582667, 0.00801997911185, 0.00680118286982, 0.00184394884855, 0.00242375745438, 0.00089017173741, 0.000277546292637, 3.75040945073e-05], "var": [2.80408651854e-09, 9.89213759794e-08, 3.54352596332e-06, 2.1120893507e-05, 5.86673304497e-05, 8.82120148162e-05, 1.8449869458e-05, 1.10163800855e-05, 1.58099192049e-05, 7.31274440113e-06, 1.4092473748e-06, 2.53516702742e-07, 4.70084472681e-07, 7.23180448858e-07, 2.04624555522e-07, 4.27630411082e-08, 3.02002831631e-08, 1.10965459044e-08, 8.48517842655e-08, 2.721487391e-08, 1.91649036196e-07, 9.28226882024e-08, 4.49423920301e-09, 5.85361226157e-09, 9.09534836335e-10, 7.46743847313e-11, 9.73324285752e-13], "mean": [2.83633926301e-05, 0.0001730966178, 0.00162039429415, 0.00442811381072, 0.00761554762721, 0.00823611486703, 0.00344865722582, 0.00202393019572, 0.00187677808572, 0.00171213422436, 0.000521045469213, 0.000335332064424, 0.000295801117318, 0.000417628180003, 0.000218285000301, 0.000115643459139, 9.91458000499e-05, 4.80973212689e-05, 7.94752922957e-05, 5.35757644684e-05, 0.000103755657619, 6.10341558058e-05, 1.65511046362e-05, 1.75186305569e-05, 7.5753737292e-06, 2.11061728805e-06, 2.55731293919e-07]}, "erbbands_skewness": {"dmean2": 0.49806573987, "median": 0.918143928051, "min": -2.