{"tonal": {"thpcp": [1, 0.576884865761, 0.172122880816, 0.0740618854761, 0.039912328124, 0.034090526402, 0.0324706099927, 0.0944399759173, 0.166942626238, 0.106624342501, 0.0439488962293, 0.0654853060842, 0.0556777715683, 0.0219074357301, 0.0183831006289, 0.0261067207903, 0.0316070318222, 0.0385306067765, 0.0716722533107, 0.222039103508, 0.548297464848, 0.600558876991, 0.270200490952, 0.0653789788485, 0.0341037884355, 0.0257291421294, 0.0236243661493, 0.0295067802072, 0.0437700860202, 0.0580585002899, 0.0602456219494, 0.0581265836954, 0.0625889971852, 0.0846414044499, 0.215196698904, 0.708594441414], "hpcp": {"dmean2": [0.345177531242, 0.361035972834, 0.274159818888, 0.103095389903, 0.0638453885913, 0.0481120720506, 0.0432400405407, 0.0540087856352, 0.0697295665741, 0.0837026461959, 0.0978490188718, 0.108908213675, 0.12197265029, 0.157798334956, 0.263908416033, 0.379643619061, 0.357843101025, 0.381465673447, 0.251213848591, 0.142904028296, 0.0815073996782, 0.0613217763603, 0.0508671402931, 0.11955434829, 0.202773541212, 0.119737558067, 0.0485625788569, 0.0530708543956, 0.0450155176222, 0.0280892308801, 0.0293998755515, 0.0433517917991, 0.0541949607432, 0.0703829079866, 0.128772780299, 0.265228062868], "median": [0.186252251267, 0.225173383951, 0.0686994642019, 0.00455824099481, 0.00171497045085, 0.00142667721957, 0.0013276450336, 0.00167838577181, 0.00328498054296, 0.004703624174, 0.00351858977228, 0.00215432350524, 0.00204039365053, 0.00281806197017, 0.0338658839464, 0.390530049801, 0.709203243256, 0.29452162981, 0.013193028979, 0.00181773561053, 0.00129303790163, 0.00241112429649, 0.00326524721459, 0.00428625848144, 0.00380222289823, 0.00448555871844, 0.00810145586729, 0.0164870154113, 0.0133550148457, 0.00362487952225, 0.0012013965752, 0.00142438104376, 0.0022970396094, 0.00250740745105, 0.00242260843515, 0.0285466108471], "min": [0, 0, 0, 0, 0, 0, 0, 0, 0, 0, 0, 0, 0, 0, 0, 0, 0, 0, 0, 0, 0, 0, 0, 0, 0, 0, 0, 0, 0, 0, 0, 0, 0, 0, 0, 0], "dvar2": [0.14965698123, 0.14116486907, 0.109229490161, 0.0560442209244, 0.0438197180629, 0.0371821075678, 0.0353538691998, 0.0463193431497, 0.0524696484208, 0.0606231875718, 0.0748421549797, 0.0947112068534, 0.103604279459, 0.119781598449, 0.140824556351, 0.154123231769, 0.177635997534, 0.1628587991, 0.159043848515, 0.115823827684, 0.0677403435111, 0.0524173416197, 0.0364743471146, 0.0570071898401, 0.145945012569, 0.0516682639718, 0.0196866746992, 0.0161881577224, 0.013777192682, 0.0106279756874, 0.0162639115006, 0.0288875997066, 0.040113337338, 0.0506868511438, 0.0878744646907, 0.134018525481], "dvar": [0.0592000447214, 0.0574267841876, 0.0409131571651, 0.0197509620339, 0.0151048060507, 0.0125660495833, 0.0118445046246, 0.0156871676445, 0.0181328989565, 0.0209829453379, 0.0254458840936, 0.0324466638267, 0.0356923602521, 0.0417898260057, 0.0520554669201, 0.0570673346519, 0.0690340921283, 0.0615981221199, 0.0579026937485, 0.0397405065596, 0.0228646621108, 0.0177612435073, 0.0126326205209, 0.0208572391421, 0.0540245734155, 0.0188445430249, 0.00678038038313, 0.00595212494954, 0.00507781933993, 0.003686289303, 0.00554752303287, 0.00988807436079, 0.013687947765, 0.0173192918301, 0.0302704311907, 0.0474781692028], "dmean": [0.206332355738, 0.217427924275, 0.159490287304, 0.0559576079249, 0.0332040190697, 0.0250111687928, 0.022669121623, 0.028176529333, 0.0370660983026, 0.045149281621, 0.0520182847977, 0.0565948523581, 0.0634501650929, 0.0826445817947, 0.148471146822, 0.222828179598, 0.205503851175, 0.222406581044, 0.137890085578, 0.0744732916355, 0.0418827459216, 0.031998179853, 0.0270191524178, 0.0661588460207, 0.112294942141, 0.0673086941242, 0.0270216669887, 0.0318623892963, 0.0271508395672, 0.0154898334295, 0.0156630761921, 0.022894307971, 0.0285388696939, 0.0368245355785, 0.0685859248042, 0.148828819394], "max": [1, 1, 1, 1, 1, 1, 1, 1, 1, 1, 1, 1, 1, 1, 1, 1, 1, 1, 1, 1, 1, 1, 1, 1, 1, 1, 1, 1, 1, 1, 1, 1, 1, 1, 1, 1], "var": [0.115878149867, 0.121467612684, 0.047841951251, 0.0132308108732, 0.00872847996652, 0.00716262497008, 0.00664215441793, 0.00896013341844, 0.0111189326271, 0.0129770599306, 0.0152897546068, 0.0190868619829, 0.0210517104715, 0.0261410642415, 0.0473012924194, 0.110390163958, 0.156492367387, 0.0926672369242, 0.046760879457, 0.0242117177695, 0.0125827854499, 0.00973001588136, 0.00732265878469, 0.0189639702439, 0.0543167367578, 0.0190232042223, 0.0045838970691, 0.0054846056737, 0.00460475543514, 0.00220986362547, 0.00317261437885, 0.00584791135043, 0.00795071851462, 0.00994258839637, 0.0195088423789, 0.0491794608533], "mean": [0.331289917231, 0.362867087126, 0.163259372115, 0.0395030044019, 0.0206060428172, 0.0155459512025, 0.0142742125317, 0.0178284589201, 0.0264465734363, 0.0350798554718, 0.0364013500512, 0.0351209938526, 0.0378172546625, 0.0511416643858, 0.130025222898, 0.428143888712, 0.604215681553, 0.348562896252, 0.103999346495, 0.044749353081, 0.0241156537086, 0.0205980315804, 0.0196192506701, 0.0570621155202, 0.100869350135, 0.064424097538, 0.0265546124429, 0.0395672470331, 0.0336413830519, 0.0132368160412, 0.0111073581502, 0.015774089843, 0.0190974641591, 0.0232807975262, 0.0433054976165, 0.134159505367]}, "tuning_equal_tempered_deviation": 0.25222915411, "chords_changes_rate": 0.0364597812295, "key_key": "D", "tuning_diatonic_strength": 0.617452919483, "key_scale": "minor", "chords_number_rate": 0.00097411632305, "tuning_frequency": 434.193115234, "tuning_nontempered_energy_ratio": 0.949065446854, "chords_histogram": [39.5212898254, 4.31394386292, 1.64208185673, 0, 0, 4.67575836182, 0.292234897614, 39.0898971558, 0, 0.793209016323, 0, 0, 0, 0, 0.459226280451, 0, 0.041747841984, 0.0139159476385, 0.389646530151, 2.10130810738, 0, 0.361814647913, 5.49679946899, 0.807124972343], "key_strength": 0.738331139088, "chords_key": "D", "chords_strength": {"dmean2": 0.00659612147138, "median": 0.545855641365, "min": 0.207110986114, "dvar2": 3.029425352e-05, "dvar": 2.0098150344e-05, "dmean": 0.00541611853987, "max": 0.841647028923, "var": 0.0192711409181, "mean": 0.547808468342}, "chords_scale": "minor", "hpcp_entropy": {"dmean2": 1.02176165581, "median": 2.25544548035, "min": 0.0355638675392, "dvar2": 0.671219527721, "dvar": 0.240014150739, "dmean": 0.602230608463, "max": 4.53669595718, "var": 0.643865764141, "mean": 2.23571753502}}, "metadata": {"audio_properties": {"equal_loudness": 0, "codec": "flac", "downmix": "mix", "sample_rate": 44100, "analysis_sample_rate": 44100, "bit_rate": 0, "md5_encoded": "0ff707cc5b33a588cd4e8c2374c33f36", "length": 333.664642334, "replay_gain": -7.20920181274, "lossless": true}, "version": {"essentia_build_sha": "70f2e5ece6736b2c40cc944ad0e695b16b925413", "essentia": "2.1-beta2", "extractor": "music 1.0", "essentia_git_sha": "v2.1_beta2"}, "tags": {"title": ["Transmission/Outro"], "media": ["Digital Media"], "albumartist": ["Sabled Sun"], "tracktotal": ["15"], "albumartistsort": ["Sabled Sun"], "releasetype": ["album"], "musicbrainz_recordingid": ["0c645362-4c4a-4e3a-bfcd-5ad82c518153"], "musicbrainz_workid": ["3536b43d-16d3-4422-9156-fb3942ed4ef8"], "musicbrainz_releasegroupid": ["3705a6f5-057d-42ae-9076-176d531da002"], "musicbrainz_albumartistid": ["7192e7c7-15ad-46ea-bfa0-6c0903a6a7a2"], "musicbrainz_releasetrackid": ["56817f9a-cb42-3b39-abd0-adf1aed8a336"], "discnumber": ["1"], "totaldiscs": ["1"], "album": ["2145"], "releasecountry": ["XW"], "writer": ["Simon Heath"], "file_name": "15_TransmissionOutro.flac", "work": ["Transmission/Outro"], "date": ["2012-05-08"], "genre": ["Dark Ambient; Industrial"], "disctotal": ["1"], "musicbrainz_artistid": ["7192e7c7-15ad-46ea-bfa0-6c0903a6a7a2"], "originaldate": ["2012-05-08"], "musicbrainz_albumid": ["c0a26b1c-03d7-429f-a15f-ff7f9bc647f0"], "tracknumber": ["15"], "artistsort": ["Sabled Sun"], "artist": ["Sabled Sun"], "label": ["Cryo Chamber"], "releasestatus": ["official"], "acoustid_id": ["0bf7193a-4f66-4908-9944-b046517d807d"], "script": ["Latn"], "totaltracks": ["15"]}}, "rhythm": {"bpm_histogram_first_peak_bpm": {"dmean2": 0, "median": 108, "min": 108, "dvar2": 0, "dvar": 0, "dmean": 0, "max": 108, "var": 0, "mean": 108}, "bpm": 106.854904175, "bpm_histogram_second_peak_spread": {"dmean2": 0, "median": 0.413793087006, "min": 0.413793087006, "dvar2": 0, "dvar": 0, "dmean": 0, "max": 0.413793087006, "var": 0, "mean": 0.413793087006}, "bpm_histogram_first_peak_weight": {"dmean2": 0, "median": 0.123630672693, "min": 0.123630672693, "dvar2": 0, "dvar": 0, "dmean": 0, "max": 0.123630672693, "var": 0, "mean": 0.123630672693}, "onset_rate": 1.22571647167, "beats_position": [0.557278871536, 1.11455774307, 1.66022670269, 2.20589566231, 2.76317453384, 3.32045340538, 3.87773227692, 4.43501138687, 4.99229001999, 5.54956912994, 6.10684776306, 6.66412687302, 7.22140598297, 7.79029464722, 8.35918331146, 8.92807197571, 9.4853515625, 10.0310201645, 10.5882987976, 11.1571884155, 11.7144670486, 12.2833557129, 12.840634346, 13.3979139328, 13.966802597, 14.5356912613, 15.1161899567, 15.6850786209, 16.2655773163, 16.8344669342, 17.4149665833, 17.995464325, 18.575963974, 19.1564617157, 19.7253513336, 20.2942390442, 20.8631286621, 21.43201828, 22.0009059906, 22.5697956085, 23.1386852264, 23.707572937, 24.3229026794, 24.9382305145, 25.5303401947, 26.1224479675, 26.7493877411, 27.3763256073, 28.0032653809, 28.5837631226, 29.1642627716, 29.7447605133, 30.3252601624, 30.8941497803, 31.4514274597, 31.9970970154, 32.5543746948, 33.1000442505, 33.6341018677, 34.1681632996, 34.6441726685, 35.1317901611, 35.60779953, 36.0838088989, 36.5714263916, 37.059047699, 37.5118370056, 37.9646263123, 38.4058036804, 38.8469848633, 39.2997741699, 39.7409515381, 40.216960907, 40.6929702759, 41.1689796448, 41.6565971375, 42.1442184448, 42.6202278137, 43.1078453064, 43.5954627991, 44.0830841064, 44.5707015991, 45.0699310303, 45.5691604614, 46.0683898926, 46.5676193237, 47.0668487549, 47.5544662476, 48.0536956787, 48.5529251099, 49.0637626648, 49.5629920959, 50.0622215271, 50.538230896, 51.0142402649, 51.4786376953, 52.0126991272, 52.5467567444, 53.0808143616, 53.6264839172, 54.1721534729, 54.7062110901, 55.2286605835, 55.7511100769, 56.2851676941, 56.7960090637, 57.3068466187, 57.8176841736, 58.39818573, 58.9786834717, 59.5359611511, 60.0932426453, 60.6505203247, 61.1961898804, 61.741859436, 62.2875289917, 62.8331947327, 63.3788642883, 63.95936203, 64.5398635864, 65.1203613281, 65.6892471313, 66.2697525024, 66.8502502441, 67.4307479858, 68.0112457275, 68.6614074707, 69.3115615845, 69.9617233276, 70.6118774414, 71.2504272461, 71.8889770508, 72.5391387939, 73.1892929077, 73.8278427124, 74.4199523926, 75.0004501343, 75.5925598145, 76.1730575562, 76.7535552979, 77.3340606689, 77.9261627197, 78.5182723999, 79.040725708, 79.5631713867, 80.0856246948, 80.5964584351, 81.1072998047, 81.6181411743, 82.1289749146, 82.6398162842, 83.1622695923, 83.684715271, 84.2071609497, 84.7296142578, 85.2404556274, 85.7629013062, 86.2853469849, 86.807800293, 87.3302459717, 87.8178634644, 88.2938766479, 88.7698822021, 89.2458953857, 89.7102966309, 90.1746902466, 90.6390914917, 91.0106124878, 91.393737793, 91.7768707275, 92.1599960327, 92.5431289673, 92.9262542725, 93.2977752686, 93.6692962646, 94.0524215698, 94.4355545044, 94.8186798096, 95.2250289917, 95.6197738647, 96.0145111084, 96.3976364136, 96.7923812866, 97.1871185303, 97.5818557739, 97.976600647, 98.3713378906, 98.7544631958, 99.1375961304, 99.5207214355, 99.9038543701, 100.286979675, 100.67011261, 101.09967804, 101.51763916, 101.947212219, 102.376777649, 102.79473877, 103.21269989, 103.630653381, 104.106666565, 104.582672119, 105.047073364, 105.534690857, 106.02230835, 106.509933472, 106.985939026, 107.508384705, 108.030838013, 108.56489563, 109.098953247, 109.633010864, 110.167076111, 110.68952179, 111.211967468, 111.734420776, 112.245262146, 112.767707825, 113.301765442, 113.82421875, 114.358276367, 114.973602295, 115.600540161, 116.308753967, 117.005348206, 117.736778259, 118.468208313, 119.188026428, 119.907844543, 120.627662659, 121.347480774, 122.055686951, 122.763900757, 123.379226685, 123.994552612, 124.609886169, 125.248435974, 125.87537384, 126.513923645, 127.15246582, 127.82585144, 128.499221802, 129.160995483, 129.776321411, 130.391647339, 131.006988525, 131.610702515, 132.214416504, 132.829742432, 133.445083618, 134.013961792, 134.582855225, 135.151748657, 135.709014893, 136.266296387, 136.823577881, 137.380859375, 137.938140869, 138.507034302, 139.075912476, 139.644805908, 140.225296021, 140.782577515, 141.339859009, 141.897140503, 142.454421997, 143.058135986, 143.661849976, 144.277191162, 144.89251709, 145.496231079, 146.088348389, 146.680450439, 147.237731934, 147.806625366, 148.37550354, 148.921173096, 149.47845459, 150.047348022, 150.604629517, 151.17350769, 151.765625, 152.357727051, 152.94984436, 153.530334473, 154.110839844, 154.610061646, 155.109298706, 155.596908569, 156.084533691, 156.572158813, 157.059768677, 157.547393799, 158.035003662, 158.534240723, 159.010253906, 159.474639893, 159.950653076, 160.42666626, 160.856231689, 161.285797119, 161.715377808, 162.086883545, 162.470016479, 162.853149414, 163.236282349, 163.607803345, 163.979324341, 164.374053955, 164.745574951, 165.128707886, 165.51184082, 165.906570435, 166.312927246, 166.649612427, 166.986297607, 167.322982788, 167.659683228, 168.007980347, 168.344665527, 168.692962646, 169.041259766, 169.377960205, 169.714645386, 170.051330566, 170.388031006, 170.724716187, 171.061401367, 171.409698486, 171.757995605, 172.106307983, 172.535873413, 172.953826904, 173.371795654, 173.778137207, 174.230926514, 174.695327759, 175.159729004, 175.612518311, 176.076919556, 176.541305542, 177.005706787, 177.458496094, 177.922897339, 178.410522461, 178.898132324, 179.374145508, 179.850158691, 180.326171875, 180.790557861, 181.266571045, 181.742584229, 182.218597412, 182.694595337, 183.170608521, 183.646621704, 184.122619629, 184.587020874, 185.051422119, 185.504211426, 185.957000732, 186.409790039, 186.862579346, 187.315368652, 187.779769897, 188.232559204, 188.685348511, 189.138137817, 189.590927124, 190.043716431, 190.496505737, 190.949295044, 191.402084351, 191.854873657, 192.307662964, 192.760452271, 193.213241577, 193.677642822, 194.142044067, 194.618041992, 195.094055176, 195.570068359, 196.16217041, 196.742675781, 197.323165894, 197.903671265, 198.484161377, 199.064666748, 199.691604614, 200.295318604, 200.852600098, 201.42149353, 201.990386963, 202.547653198, 203.104934692, 203.70866394, 204.31237793, 204.916091919, 205.531417847, 206.135147095, 206.715637207, 207.307754517, 207.888244629, 208.46875, 209.037643433, 209.594909668, 210.152191162, 210.721084595, 211.336410522, 211.95173645, 212.532241821, 213.089523315, 213.64680481, 214.099594116, 214.552383423, 215.005172729, 215.457962036, 215.910751343, 216.363540649, 216.816329956, 217.269119263, 217.721893311, 218.174682617, 218.673919678, 219.173141479, 219.67237854, 220.218048096, 220.77532959, 221.332611084, 221.889877319, 222.447158813, 223.004440308, 223.561721802, 224.130615234, 224.699493408, 225.256774902, 225.814056396, 226.440994263, 227.067932129, 227.683258057, 228.298583984, 228.913925171, 229.529251099, 230.156188965, 230.759902954, 231.352020264, 231.920898438, 232.478179932, 233.035461426, 233.59274292, 234.150024414, 234.707290649, 235.252960205, 235.798629761, 236.286254883, 236.773880005, 237.261489868, 237.74911499, 238.201904297, 238.654693604, 239.119094849, 239.560272217, 240.001449585, 240.454238892, 240.907028198, 241.371429443, 241.835830688, 242.323440552, 242.811065674, 243.298675537, 243.763076782, 244.227478027, 244.703491211, 245.167892456, 245.632278442, 246.096679688, 246.572692871, 247.037094116, 247.5131073, 247.989105225, 248.465118408, 248.941131592, 249.417144775, 249.869934082, 250.334320068, 250.798721313, 251.25151062, 251.704299927, 252.168701172, 252.633102417, 253.085891724, 253.53868103, 253.991470337, 254.444259644, 254.89704895, 255.338226318, 255.791015625, 256.243804932, 256.696594238, 257.149383545, 257.602172852, 258.031738281, 258.484527588, 258.937316895, 259.390106201, 259.854522705, 260.295684814, 260.748474121, 261.201263428, 261.654052734, 262.106842041, 262.548034668, 263.000823975, 263.453613281, 263.906402588, 264.347564697, 264.800354004, 265.253143311, 265.705932617, 266.147125244, 266.599914551, 267.052703857, 267.505493164, 267.958282471, 268.39944458, 268.852233887, 269.316650391, 269.792633057, 270.257049561, 270.767883301, 271.278717041, 271.789550781, 272.358459473, 272.915740967, 273.484619141, 274.041900635, 274.599182129, 275.156463623, 275.713745117, 276.271026611, 276.828308105, 277.385559082, 277.954467773, 278.523345947, 279.092254639, 279.661132812, 280.230010986, 280.78729248, 281.344573975, 281.901855469, 282.447509766, 282.99319458, 283.550476074, 284.107757568, 284.676635742, 285.233917236, 285.79119873, 286.360076904, 286.928985596, 287.509460449, 288.08996582, 288.670471191, 289.250976562, 289.854675293, 290.446807861, 291.038909912, 291.584564209, 292.141845703, 292.687530518, 293.244812012, 293.802093506, 294.312927246, 294.812133789, 295.31137085, 295.79901123, 296.298217773, 296.797454834, 297.26184082, 297.726257324, 298.202270508, 298.678283691, 299.142669678, 299.618682861, 300.094696045, 300.582305908, 301.069915771, 301.557556152, 302.126434326, 302.68371582, 303.240997314, 303.809875488, 304.37878418, 304.936035156, 305.49331665, 306.039001465, 306.584655762, 307.130340576, 307.675994873, 308.221679688, 308.767333984, 309.417510986, 310.067657471, 310.671386719, 311.286712646, 311.890411377, 312.494140625, 313.109466553, 313.701568604, 314.305297852, 314.897399902, 315.547576904, 316.209350586, 316.813049316, 317.416778564, 318.032104492, 318.64743042, 319.274383545, 319.901306152, 320.51663208, 321.131958008, 321.747283936, 322.351013184, 322.966339111, 323.581665039, 324.17376709, 324.777496338, 325.381225586, 325.961730957, 326.542205811, 327.122711182, 327.714813232, 328.306945801, 328.899047852, 329.491149902, 330.048431396, 330.605712891, 331.174591064, 331.731872559, 332.289154053, 332.846435547], "beats_loudness": {"dmean2": 0.0616438575089, "median": 0.0433156788349, "min": 7.3540704193e-08, "dvar2": 0.00551344780251, "dvar": 0.00197879318148, "dmean": 0.0370209887624, "max": 0.408419787884, "var": 0.00228972150944, "mean": 0.0560496225953}, "danceability": 1.08055186272, "bpm_histogram_second_peak_weight": {"dmean2": 0, "median": 0.106416277587, "min": 0.106416277587, "dvar2": 0, "dvar": 0, "dmean": 0, "max": 0.106416277587, "var": 0, "mean": 0.106416277587}, "beats_count": 640, "bpm_histogram_second_peak_bpm": {"dmean2": 0, "median": 133, "min": 133, "dvar2": 0, "dvar": 0, "dmean": 0, "max": 133, "var": 0, "mean": 133}, "bpm_histogram_first_peak_spread": {"dmean2": 0, "median": 0.529761910439, "min": 0.529761910439, "dvar2": 0, "dvar": 0, "dmean": 0, "max": 0.529761910439, "var": 0, "mean": 0.529761910439}, "beats_loudness_band_ratio": {"dmean2": [0.217762961984, 0.168297454715, 0.0602046772838, 0.0357239060104, 0.018602412194, 0.0139802480116], "median": [0.86928153038, 0.0633526071906, 0.012976015918, 0.00898182205856, 0.00378595432267, 0.00184997660108], "min": [0.1816226542, 0.000309911818476, 3.45650478266e-05, 6.61547483105e-06, 1.80775302283e-07, 1.99405826606e-06], "dvar2": [0.0486728213727, 0.0455546043813, 0.0121991345659, 0.00336205097847, 0.0022858818993, 0.00238005653955], "dvar": [0.0176667794585, 0.0153934480622, 0.00440823985264, 0.00119273387827, 0.000766731915064, 0.000855140737258], "dmean": [0.125022858381, 0.0953343436122, 0.034218840301, 0.0204269327223, 0.0100693376735, 0.00788166560233], "max": [0.999523937702, 0.787502884865, 0.563141167164, 0.254835963249, 0.290851742029, 0.414021730423], "var": [0.0254708770663, 0.0193378813565, 0.00393666420132, 0.00131896324456, 0.000484437128762, 0.000663867685944], "mean": [0.824923038483, 0.11626919359, 0.0364723838866, 0.0247193574905, 0.00933768413961, 0.00725938659161]}}, "lowlevel": {"barkbands_spread": {"dmean2": 3.00649380684, "median": 3.79018306732, "min": 0.0435973033309, "dvar2": 22.196855545, "dvar": 10.1949739456, "dmean": 1.94647848606, "max": 71.0058059692, "var": 45.6052513123, "mean": 6.17604589462}, "melbands_spread": {"dmean2": 2.76224374771, "median": 2.83306360245, "min": 0.0988813713193, "dvar2": 25.6017951965, "dvar": 11.3032922745, "dmean": 1.78672754765, "max": 121.818252563, "var": 38.3205299377, "mean": 4.88774490356}, "hfc": {"dmean2": 3.35810184479, "median": 7.83681821823, "min": 2.01910268061e-07, "dvar2": 56.3036384583, "dvar": 23.8313560486, "dmean": 2.30334210396, "max": 216.720062256, "var": 77.6536865234, "mean": 9.39521884918}, "barkbands_kurtosis": {"dmean2": 35.0174751282, "median": 21.8604564667, "min": -1.92472243309, "dvar2": 14517.2226562, "dvar": 5147.13867188, "dmean": 21.5616931915, "max": 2176.78588867, "var": 8937.79394531, "mean": 47.5358390808}, "gfcc": {"mean": [-90.2593688965, 128.510528564, -58.9737205505, 32.7196769714, -30.093624115, 18.9712219238, -22.0888633728, 0.697033822536, -23.4078235626, -4.14064359665, -19.3766040802, -1.74322044849, -9.83699989319], "icov": [[0.000123540798086, -0.000293242599582, 0.000379820063245, -0.000382689147955, 0.000307065696688, -1.49307015818e-05, 1.68962214957e-05, -8.4641005742e-06, 0.000189911064808, -0.000270942779025, 0.000478561822092, -0.000120616001368, 0.000325371249346], [-0.000293242599582, 0.00577205512673, -0.00128713797312, 0.00601556105539, -0.000975260743871, 0.0031585781835, -0.000815726991277, 0.00357338786125, -0.00358462473378, 0.00414477242157, -0.00545605551451, 0.00710660871118, -0.00788195431232], [0.000379820063245, -0.00128713797312, 0.00210032239556, -0.00180048472248, 0.000684753293172, 0.000297781225527, -0.000607048685197, 6.67272106512e-05, 0.00101327861194, -0.00149694678839, 0.00253831339069, -0.000534843595233, -0.000113872476504], [-0.000382689147955, 0.00601556105539, -0.00180048472248, 0.00900471862406, -0.000993364839815, 0.00166575063486, 0.000430381973274, 0.00265767984092, -0.00381685374305, 0.00324624869972, -0.00518844090402, 0.00681397691369, -0.00623834272847], [0.000307065696688, -0.000975260743871, 0.000684753293172, -0.000993364839815, 0.0044519174844, -0.00243644672446, 0.000909204827622, 0.00159746839199, -0.00186187704094, 0.00237408350222, -0.000700793287251, 0.000356011762051, -0.000613952695858], [-1.49307015818e-05, 0.0031585781835, 0.000297781225527, 0.00166575063486, -0.00243644672446, 0.0132509442046, -0.00530852377415, -0.000741740572266, 0.00291051762179, -0.00115497643128, -0.00388026144356, 0.00574105512351, -0.00537967588753], [1.68962214957e-05, -0.000815726991277, -0.000607048685197, 0.000430381973274, 0.000909204827622, -0.00530852377415, 0.00791103113443, -0.00121828226838, -0.00411267345771, 0.00167912535835, 0.000842297275085, -0.004940868821, 0.00276177027263], [-8.4641005742e-06, 0.00357338786125, 6.67272106512e-05, 0.00265767984092, 0.00159746839199, -0.000741740572266, -0.00121828226838, 0.0125486841425, -0.00792352110147, 0.0068515217863, -0.0079987924546, 0.00570495659485, -0.0051526282914], [0.000189911064808, -0.00358462473378, 0.00101327861194, -0.00381685374305, -0.00186187704094, 0.00291051762179, -0.00411267345771, -0.00792352110147, 0.0199642404914, -0.0115806795657, 0.00505421729758, -0.00500772101805, 0.00611879723147], [-0.000270942779025, 0.00414477242157, -0.00149694678839, 0.00324624869972, 0.00237408350222, -0.00115497643128, 0.00167912535835, 0.0068515217863, -0.0115806795657, 0.0232663601637, -0.00906274840236, 0.00356889073737, -0.00714448699728], [0.000478561822092, -0.00545605551451, 0.00253831339069, -0.00518844090402, -0.000700793287251, -0.00388026144356, 0.000842297275085, -0.0079987924546, 0.00505421729758, -0.00906274840236, 0.0193881765008, -0.00927963387221, 0.00967175047845], [-0.000120616001368, 0.00710660871118, -0.000534843595233, 0.00681397691369, 0.000356011762051, 0.00574105512351, -0.004940868821, 0.00570495659485, -0.00500772101805, 0.00356889073737, -0.00927963387221, 0.0284688808024, -0.0176309123635], [0.000325371249346, -0.00788195431232, -0.000113872476504, -0.00623834272847, -0.000613952695858, -0.00537967588753, 0.00276177027263, -0.0051526282914, 0.00611879723147, -0.00714448699728, 0.00967175047845, -0.0176309123635, 0.0297855511308]], "cov": [[27855.421875, -1278.00708008, -4941.50146484, 603.530273438, -1530.14624023, -255.344512939, -629.808288574, 135.4427948, -142.694671631, 66.369682312, -11.755153656, -318.378570557, -670.203125], [-1278.00708008, 1621.86816406, 648.043762207, -725.627319336, 216.490722656, -244.927581787, -60.4812049866, -306.740997314, -46.9872779846, -96.5161132812, -107.607269287, -26.6728115082, 212.070220947], [-4941.50146484, 648.043762207, 1915.8137207, -144.987808228, 156.354370117, -137.751617432, 28.0612697601, -270.93460083, -43.6563491821, -14.0329380035, -210.331924438, 40.3794670105, 229.098678589], [603.530273438, -725.627319336, -144.987808228, 519.825866699, -64.1901855469, 84.1663208008, -24.9016284943, 100.924949646, 20.1819419861, 42.4079742432, 38.7213973999, -19.6502113342, -74.8239440918], [-1530.14624023, 216.490722656, 156.354370117, -64.1901855469, 413.658905029, 57.0090904236, 17.4114723206, -31.7711486816, 9.66825485229, -37.1518058777, 26.63813591, -2.27451729774, 51.9761314392], [-255.344512939, -244.927581787, -137.751617432, 84.1663208008, 57.0090904236, 194.840621948, 116.154891968, 110.145683289, 25.8804931641, 17.7967014313, 75.7261581421, 10.0511932373, -19.960313797], [-629.808288574, -60.4812049866, 28.0612697601, -24.9016284943, 17.4114723206, 116.154891968, 286.903747559, 111.053985596, 85.0116500854, 15.1588354111, 56.4088630676, 53.9452972412, -0.498545110226], [135.4427948, -306.740997314, -270.93460083, 100.924949646, -31.7711486816, 110.145683289, 111.053985596, 256.711212158, 82.4851150513, 16.9414520264, 112.351119995, 10.5059366226, -52.342010498], [-142.694671631, -46.9872779846, -43.6563491821, 20.1819419861, 9.66825485229, 25.8804931641, 85.0116500854, 82.4851150513, 117.049880981, 38.1587600708, 39.9612045288, 20.0246810913, -11.5699148178], [66.369682312, -96.5161132812, -14.0329380035, 42.4079742432, -37.1518058777, 17.7967014313, 15.1588354111, 16.9414520264, 38.1587600708, 79.7301940918, 28.5819168091, 14.2230215073, -3.03975224495], [-11.755153656, -107.607269287, -210.331924438, 38.7213973999, 26.63813591, 75.7261581421, 56.4088630676, 112.351119995, 39.9612045288, 28.5819168091, 146.219573975, 16.9020729065, -31.4375267029], [-318.378570557, -26.6728115082, 40.3794670105, -19.6502113342, -2.27451729774, 10.0511932373, 53.9452972412, 10.5059366226, 20.0246810913, 14.2230215073, 16.9020729065, 77.3953094482, 30.6645870209], [-670.203125, 212.070220947, 229.098678589, -74.8239440918, 51.9761314392, -19.960313797, -0.498545110226, -52.342010498, -11.5699148178, -3.03975224495, -31.4375267029, 30.6645870209, 100.682678223]]}, "spectral_energyband_middle_low": {"dmean2": 0.00445975735784, "median": 0.0085222357884, "min": 3.52352765021e-11, "dvar2": 5.81160020374e-05, "dvar": 3.3759377402e-05, "dmean": 0.00370184984058, "max": 0.237294510007, "var": 0.000445378449513, "mean": 0.0169464461505}, "melbands_crest": {"dmean2": 4.27941513062, "median": 20.0098571777, "min": 4.70227146149, "dvar2": 16.2096405029, "dvar": 5.95585680008, "dmean": 2.77502250671, "max": 37.5513381958, "var": 27.0368061066, "mean": 20.2943325043}, "spectral_kurtosis": {"dmean2": 9.25754356384, "median": 6.09781551361, "min": -0.283829450607, "dvar2": 909.283691406, "dvar": 325.800079346, "dmean": 5.62260103226, "max": 870.321655273, "var": 1567.63708496, "mean": 20.1246395111}, "spectral_rms": {"dmean2": 0.00150916678831, "median": 0.00599003303796, "min": 9.23021275412e-07, "dvar2": 4.40481881014e-06, "dvar": 1.60686352046e-06, "dmean": 0.00102791271638, "max": 0.0239764284343, "var": 8.67761900736e-06, "mean": 0.00623038504273}, "zerocrossingrate": {"dmean2": 0.00467797135934, "median": 0.0146484375, "min": 0.00146484375, "dvar2": 2.5700453989e-05, "dvar": 1.77660767804e-05, "dmean": 0.00358511251397, "max": 0.16796875, "var": 0.000148592967889, "mean": 0.0174094308168}, "silence_rate_60dB": {"dmean2": 0.00556754134595, "median": 0, "min": 0, "dvar2": 0.00720677897334, "dvar": 0.00277570984326, "dmean": 0.00278357695788, "max": 1, "var": 0.0544186457992, "mean": 0.057755202055}, "erbbands_kurtosis": {"dmean2": 4.18517398834, "median": 0.865903377533, "min": -1.85665142536, "dvar2": 103.760093689, "dvar": 51.4042358398, "dmean": 2.83360624313, "max": 426.481658936, "var": 416.557952881, "mean": 7.12211942673}, "erbbands": {"dmean2": [0.389025628567, 3.7352604866, 9.63493919373, 11.5389289856, 5.13508987427, 6.91658592224, 4.66095399857, 5.23382997513, 6.20250749588, 7.06802129745, 9.58413505554, 7.46440601349, 6.066614151, 9.90745639801, 6.87448453903, 11.3359460831, 7.08623361588, 5.98442173004, 4.37187814713, 3.03796935081, 3.22891235352, 3.88125371933, 3.3824505806, 4.730656147, 2.70339298248, 1.79094862938, 1.5719012022, 1.11402773857, 0.791061043739, 0.426506906748, 0.22620357573, 0.141687840223, 0.0651574656367, 0.0362387560308, 0.0208511073142, 0.00826874468476, 0.00265879114158, 0.000902171712369, 0.000178755290108, 2.8389855288e-05], "median": [0.125708132982, 2.05839729309, 7.85166549683, 13.6133508682, 7.62075567245, 6.24168014526, 3.66289043427, 2.49483680725, 2.92392778397, 2.20223402977, 2.02382564545, 2.42391252518, 2.43887329102, 2.92379593849, 3.06564235687, 3.20423936844, 2.69829416275, 2.17909049988, 2.02880382538, 1.82229495049, 1.96180784702, 1.91679167747, 1.35664927959, 1.29174721241, 1.09454143047, 0.898478448391, 0.783730387688, 0.749102473259, 0.703949868679, 0.440552264452, 0.294176667929, 0.184561818838, 0.0997991636395, 0.0538085699081, 0.0499084219337, 0.0130551420152, 0.00419626152143, 0.00123362464365, 0.000229444645811, 5.18823908351e-05], "min": [2.55536782845e-08, 9.34927228968e-08, 9.08443595904e-08, 5.0665143192e-08, 2.37690667149e-08, 2.30227517051e-08, 1.01453370149e-08, 1.25018910779e-08, 7.90230458847e-09, 1.23162822163e-08, 1.13941514002e-08, 1.67829092845e-08, 3.49725866045e-08, 3.86509100281e-08, 5.81141108569e-08, 4.02052435788e-08, 3.76894675469e-08, 3.19610755639e-08, 3.4596389753e-08, 7.10194427711e-08, 7.87606708741e-08, 3.6708925677e-08, 1.00267918413e-07, 3.99086097502e-08, 2.25052563252e-08, 3.91703309788e-08, 3.43502222222e-08, 4.33365343611e-08, 5.99179870164e-08, 4.1470524792e-08, 1.89507627368e-08, 1.80222734514e-08, 2.20694627018e-08, 1.48600367567e-08, 8.82203199382e-09, 7.70241204151e-09, 5.13230613564e-09, 1.40169464924e-09, 3.62605556692e-10, 2.43743601691e-11], "dvar2": [1.4482820034, 79.2875976562, 442.344512939, 466.874664307, 71.8700790405, 130.787765503, 145.177841187, 246.391952515, 335.277191162, 879.263061523, 780.933349609, 304.794708252, 142.305923462, 415.689605713, 276.602874756, 586.594360352, 598.06817627, 2043.94128418, 614.85949707, 222.596633911, 244.194946289, 364.046386719, 824.073486328, 3999.20385742, 523.253173828, 142.119384766, 139.717712402, 50.146194458, 15.0981016159, 3.41183590889, 0.66771364212, 0.118428982794, 0.0161970872432, 0.00358172925189, 0.00105375738349, 0.000205496151466, 2.52339323197e-05, 2.82448309008e-06, 1.08345517447e-07, 3.00623770322e-09], "dvar": [0.772613167763, 27.6326847076, 162.714675903, 247.875076294, 38.2333908081, 94.0075836182, 114.297920227, 97.7622528076, 154.045730591, 411.648162842, 404.712982178, 119.87109375, 55.4620704651, 160.479934692, 118.410987854, 241.396972656, 250.894775391, 758.254882812, 302.504119873, 99.5503158569, 108.956489563, 158.755126953, 352.289642334, 1539.93603516, 208.531173706, 60.4571685791, 64.1657943726, 22.4966640472, 6.94550323486, 1.52353823185, 0.330652326345, 0.0514980331063, 0.00663018599153, 0.00146311987191, 0.000434867368313, 9.1158079158e-05, 1.15533157441e-05, 1.28624606077e-06, 5.18171958674e-08, 1.08476228e-09], "dmean": [0.240471288562, 2.31412410736, 6.27844905853, 9.53619289398, 4.08321475983, 5.92680263519, 3.66538310051, 3.28527903557, 3.99288368225, 4.50059175491, 5.99760913849, 4.52427482605, 3.6542828083, 6.0030670166, 4.08381128311, 6.96101999283, 4.42154884338, 3.66589283943, 2.75634980202, 1.92026329041, 1.95392894745, 2.38567066193, 2.13425922394, 2.94878077507, 1.68185782433, 1.11964726448, 1.01740193367, 0.704314053059, 0.510766625404, 0.266229659319, 0.14281834662, 0.0879568010569, 0.040178578347, 0.0226499531418, 0.0135282706469, 0.0051541258581, 0.00166299426928, 0.00058606924722, 0.0001188162787, 1.89478050743e-05], "max": [24.5148029327, 95.3239517212, 327.455322266, 618.852416992, 202.262908936, 306.255126953, 835.469726562, 384.661224365, 481.826843262, 908.996398926, 1257.79174805, 291.180725098, 184.571655273, 189.188537598, 777.522094727, 534.646118164, 884.806640625, 1409.41625977, 1405.62902832, 633.131347656, 638.766113281, 606.198669434, 1360.98815918, 2488.73291016, 646.810119629, 349.456573486, 461.878326416, 222.298370361, 91.8474578857, 43.6339607239, 22.7810573578, 7.58468818665, 2.96760582924, 0.771592378616, 0.416412174702, 0.159066006541, 0.0571661442518, 0.0174839794636, 0.00373418419622, 0.000647211272735], "var": [1.7791686058, 39.6546478271, 345.03503418, 2513.63916016, 335.908691406, 596.314941406, 974.615539551, 214.978302002, 380.412017822, 991.518981934, 966.502441406, 220.754577637, 136.928436279, 326.89239502, 201.483963013, 544.984619141, 697.630004883, 1209.78210449, 810.705444336, 177.651123047, 144.383132935, 239.864059448, 550.242248535, 1502.98974609, 256.475799561, 122.556404114, 135.417617798, 53.9625968933, 15.1108484268, 3.31707215309, 0.839511632919, 0.189251586795, 0.0445426590741, 0.0126912407577, 0.00358635024168, 0.000478488829685, 3.8611357013e-05, 3.64435618394e-06, 2.00737986233e-07, 3.30192362341e-09], "mean": [0.378103792667, 3.96791601181, 13.8863945007, 33.2312202454, 14.5923061371, 15.6779651642, 11.2322635651, 6.25646448135, 7.37803554535, 8.20157527924, 9.71485805511, 7.99442577362, 7.06450891495, 10.018409729, 7.51712179184, 13.0070066452, 8.76981735229, 6.28753042221, 4.9349064827, 3.55565023422, 3.77001428604, 4.34889650345, 3.68822550774, 4.32515096664, 2.93876290321, 2.34901309013, 2.1773686409, 1.64258742332, 1.25921559334, 0.743301212788, 0.456108570099, 0.315373331308, 0.175123974681, 0.0984443500638, 0.0623965971172, 0.0199606698006, 0.00549562834203, 0.00167142401915, 0.000361816666555, 6.60472069285e-05]}, "spectral_strongpeak": {"dmean2": 0.368704646826, "median": 0.507574439049, "min": 0, "dvar2": 0.247150987387, "dvar": 0.0957063436508, "dmean": 0.230206400156, "max": 4.4687128067, "var": 0.281801342964, "mean": 0.64877641201}, "spectral_energy": {"dmean2": 0.0241114776582, "median": 0.0367775075138, "min": 8.73267458346e-10, "dvar2": 0.00248464918695, "dvar": 0.000893287884537, "dmean": 0.0160713586956, "max": 0.589240908623, "var": 0.00233980384655, "mean": 0.0486823655665}, "average_loudness": 0.719898581505, "spectral_rolloff": {"dmean2": 164.792053223, "median": 172.265625, "min": 43.06640625, "dvar2": 139066.140625, "dvar": 62028.890625, "dmean": 97.6519470215, "max": 5426.3671875, "var": 135466.3125, "mean": 289.549804688}, "spectral_centroid": {"dmean2": 140.770187378, "median": 345.697265625, "min": 73.1708145142, "dvar2": 50076.9765625, "dvar": 24699.8027344, "dmean": 93.2313766479, "max": 3728.23730469, "var": 159945.78125, "mean": 505.679840088}, "pitch_salience": {"dmean2": 0.11406802386, "median": 0.455142378807, "min": 0.0422068051994, "dvar2": 0.011577276513, "dvar": 0.00436169933528, "dmean": 0.0751610547304, "max": 0.80552482605, "var": 0.0217730160803, "mean": 0.448152601719}, "spectral_energyband_middle_high": {"dmean2": 0.000734059896786, "median": 0.000596129742917, "min": 1.06931052554e-11, "dvar2": 5.27821293872e-06, "dvar": 2.31399872064e-06, "dmean": 0.000465647142846, "max": 0.0639100521803, "var": 6.14100963503e-06, "mean": 0.0013704188168}, "spectral_contrast_coeffs": {"dmean2": [0.0675670728087, 0.0656353086233, 0.0510172843933, 0.0392246358097, 0.027658527717, 0.0250980556011], "median": [-0.621952354908, -0.777581095695, -0.829834222794, -0.837108314037, -0.841292381287, -0.784238278866], "min": [-0.964485704899, -0.954752981663, -0.965470671654, -0.954195261002, -0.96320348978, -0.964304924011], "dvar2": [0.00315671414137, 0.00270770443603, 0.00162853149232, 0.000978692783974, 0.000625171000138, 0.0009666926926], "dvar": [0.00116721715312, 0.000973339774646, 0.000570345262531, 0.000352537579602, 0.000259830616415, 0.000436451169662], "dmean": [0.0427418500185, 0.0396166928113, 0.030182974413, 0.0231568291783, 0.0166198927909, 0.0155774205923], "max": [-0.22778660059, -0.391590088606, -0.608213603497, -0.560658335686, -0.526412606239, -0.537325322628], "var": [0.0102360378951, 0.00589623954147, 0.00299117760733, 0.00147641822696, 0.00180080602877, 0.00265749264508], "mean": [-0.619398415089, -0.765550136566, -0.821374297142, -0.835170090199, -0.839150190353, -0.787913382053]}, "melbands_skewness": {"dmean2": 1.60510981083, "median": 4.58984327316, "min": -1.17756402493, "dvar2": 3.77514219284, "dvar": 1.45959544182, "dmean": 1.0410181284, "max": 37.3312911987, "var": 10.8894233704, "mean": 5.22090244293}, "spectral_spread": {"dmean2": 471328.875, "median": 4070731, "min": 125398.804688, "dvar2": 232635400192, "dvar": 93948690432, "dmean": 290522.96875, "max": 12510520, "var": 3064735989760.0, "mean": 3887453.5}, "dissonance": {"dmean2": 0.0328861065209, "median": 0.464940935373, "min": 0.0804300904274, "dvar2": 0.00119052245282, "dvar": 0.000439580006059, "dmean": 0.019605146721, "max": 0.5, "var": 0.00217769411393, "mean": 0.451218366623}, "spectral_skewness": {"dmean2": 0.570149362087, "median": 2.01330757141, "min": -0.0933086872101, "dvar2": 0.930582523346, "dvar": 0.367008626461, "dmean": 0.353243082762, "max": 23.7448577881, "var": 5.22728061676, "mean": 2.97077798843}, "spectral_flux": {"dmean2": 0.0408053584397, "median": 0.0645601376891, "min": 8.08937402326e-05, "dvar2": 0.00264325039461, "dvar": 0.000972099951468, "dmean": 0.0239700395614, "max": 0.620489776134, "var": 0.00253715645522, "mean": 0.0733617767692}, "spectral_contrast_valleys": {"dmean2": [0.505426883698, 0.532861113548, 0.429557412863, 0.365208119154, 0.293293744326, 0.288368165493], "median": [-6.54478406906, -7.03075265884, -7.45826482773, -7.9952583313, -7.9694275856, -10.5960578918], "min": [-14.8010911942, -16.2056121826, -16.4185886383, -16.7154140472, -16.4739570618, -18.3001880646], "dvar2": [0.169268220663, 0.185253053904, 0.119822770357, 0.10935536027, 0.139897629619, 0.218137055635], "dvar": [0.0625619739294, 0.0670818611979, 0.0430146753788, 0.0406718477607, 0.052758730948, 0.0768690779805], "dmean": [0.309532701969, 0.317294299603, 0.253252983093, 0.21986810863, 0.180035918951, 0.176210090518], "max": [-4.84046125412, -4.7956328392, -5.36513471603, -5.31073856354, -5.44895839691, -9.18905544281], "var": [1.59425187111, 2.74192929268, 2.94448423386, 3.48081803322, 4.29351234436, 3.39612054825], "mean": [-6.81601953506, -7.44121408463, -7.91309165955, -8.63061904907, -8.92059898376, -11.4525575638]}, "erbbands_flatness_db": {"dmean2": 0.0213514454663, "median": 0.150045618415, "min": 0.0373309850693, "dvar2": 0.000574133067857, "dvar": 0.000223245093366, "dmean": 0.0140054561198, "max": 0.572041213512, "var": 0.00686244666576, "mean": 0.180358350277}, "spectral_energyband_high": {"dmean2": 6.39785794192e-05, "median": 8.59706633491e-05, "min": 1.03608241778e-11, "dvar2": 1.2380398573e-07, "dvar": 6.73767885928e-08, "dmean": 4.34020112152e-05, "max": 0.0107282632962, "var": 2.11146257811e-07, "mean": 0.000150474574184}, "spectral_entropy": {"dmean2": 0.228225171566, "median": 7.05099630356, "min": 2.97367668152, "dvar2": 0.0624546483159, "dvar": 0.0247777439654, "dmean": 0.152939215302, "max": 8.44164180756, "var": 1.09729909897, "mean": 6.73682117462}, "silence_rate_20dB": {"dmean2": 0.0064026