{"tonal": {"thpcp": [1, 0.948968231678, 0.344689846039, 0.0912366732955, 0.0816168114543, 0.183812394738, 0.33222207427, 0.266758799553, 0.108676783741, 0.0632073134184, 0.0614369995892, 0.127401545644, 0.288451910019, 0.287038117647, 0.236390352249, 0.373448640108, 0.32068786025, 0.135628789663, 0.103475652635, 0.174148827791, 0.507428348064, 0.861592650414, 0.601373255253, 0.177066892385, 0.0821296870708, 0.0898926332593, 0.232016980648, 0.378656893969, 0.318427503109, 0.309983432293, 0.397631347179, 0.317229658365, 0.221593245864, 0.268460690975, 0.355123132467, 0.538839519024], "hpcp": {"dmean2": [0.333389043808, 0.332546591759, 0.201943576336, 0.0984626561403, 0.0808414965868, 0.101481094956, 0.125030621886, 0.109042219818, 0.0826852619648, 0.0610676966608, 0.0533309131861, 0.0795719623566, 0.122406087816, 0.135274544358, 0.11035142839, 0.106870517135, 0.120091840625, 0.0932214334607, 0.0889338031411, 0.138055175543, 0.219848752022, 0.225918114185, 0.221677958965, 0.131387725472, 0.0924784317613, 0.0930642485619, 0.146939456463, 0.179053008556, 0.182535409927, 0.214536979795, 0.208136320114, 0.195692777634, 0.210710257292, 0.254726171494, 0.319696843624, 0.34234675765], "median": [0.23066714406, 0.210386455059, 0.046537399292, 0.00137824239209, 0.000843260553665, 0.0117795653641, 0.0318222343922, 0.0261253993958, 0.00393070606515, 0.00105415389407, 0.00134804402478, 0.0110927810892, 0.0353989973664, 0.0359696522355, 0.0205572023988, 0.00809938646853, 0.00391055364162, 0.00389733212069, 0.00176234333776, 0.00505420658737, 0.0421913266182, 0.0891081392765, 0.0692785382271, 0.0113638332114, 0.00156798260286, 0.00138204358518, 0.00353707210161, 0.00863054953516, 0.0126560982317, 0.0114967189729, 0.00885474868119, 0.00462655723095, 0.00448888726532, 0.00835252739489, 0.0143754910678, 0.0639128834009], "min": [0, 0, 0, 0, 0, 0, 0, 0, 0, 0, 0, 0, 0, 0, 0, 0, 0, 0, 0, 0, 0, 0, 0, 0, 0, 0, 0, 0, 0, 0, 0, 0, 0, 0, 0, 0], "dvar2": [0.142078205943, 0.144563525915, 0.0887011364102, 0.056807950139, 0.0519846640527, 0.0580156780779, 0.0628297105432, 0.0529981516302, 0.0534340515733, 0.0431406870484, 0.0302973110229, 0.0404340364039, 0.0530988760293, 0.059131719172, 0.0461985468864, 0.0494693778455, 0.0620606467128, 0.042193878442, 0.0535492151976, 0.0768240466714, 0.114435553551, 0.107818759978, 0.104764275253, 0.0656114891171, 0.0556695573032, 0.0552419237792, 0.0814436152577, 0.103482343256, 0.0953022316098, 0.117695644498, 0.121478840709, 0.111221812665, 0.135457083583, 0.152307271957, 0.19426394999, 0.181557580829], "dvar": [0.0581339932978, 0.0584969744086, 0.0334634743631, 0.0196999143809, 0.0179585125297, 0.0214861929417, 0.0258172992617, 0.0212168544531, 0.0200453493744, 0.01541314926, 0.0113398516551, 0.0144353238866, 0.0206740126014, 0.0232197009027, 0.0179073940963, 0.0218681581318, 0.0243125520647, 0.0150753101334, 0.0188714023679, 0.0275123305619, 0.0426510982215, 0.0453249141574, 0.0409109592438, 0.0241434685886, 0.0190609619021, 0.0188122484833, 0.0304522588849, 0.0414257273078, 0.036265630275, 0.0409163571894, 0.044072329998, 0.0414624325931, 0.0466418713331, 0.053787317127, 0.0681928247213, 0.0658829882741], "dmean": [0.195546373725, 0.197825059295, 0.11500492692, 0.0521519631147, 0.0426873937249, 0.058231998235, 0.0746144577861, 0.0647251829505, 0.0461926758289, 0.0332142673433, 0.0295733008534, 0.0449657514691, 0.0719621628523, 0.0797489359975, 0.0646547600627, 0.0648478642106, 0.0708941221237, 0.0521255768836, 0.0480347722769, 0.0777732953429, 0.129496797919, 0.132375314832, 0.129985868931, 0.0728285387158, 0.0486570000648, 0.0497250892222, 0.0834387019277, 0.101270228624, 0.104848608375, 0.118182659149, 0.115584127605, 0.108810447156, 0.113097093999, 0.13636302948, 0.173344433308, 0.191555276513], "max": [1, 1, 1, 1, 1, 1, 1, 1, 1, 1, 1, 1, 1, 1, 1, 1, 1, 1, 1, 1, 1, 1, 1, 1, 1, 1, 1, 1, 1, 1, 1, 1, 1, 1, 1, 1], "var": [0.124270893633, 0.120191007853, 0.0362149365246, 0.0129378139973, 0.0136759895831, 0.027746040374, 0.0510568507016, 0.038359824568, 0.0182575620711, 0.0103463949636, 0.00872627925128, 0.0145684378222, 0.0343222357333, 0.0313517600298, 0.0278087947518, 0.0768652111292, 0.0589048005641, 0.014885654673, 0.0153561299667, 0.024297170341, 0.070798009634, 0.14248585701, 0.0819558054209, 0.0210829935968, 0.0115106636658, 0.0121736023575, 0.0357896797359, 0.0739937722683, 0.0504887141287, 0.0432430356741, 0.0796746909618, 0.0557951405644, 0.0363360568881, 0.0452059209347, 0.0597271695733, 0.077869810164], "mean": [0.364175379276, 0.345590859652, 0.125527560711, 0.0332261510193, 0.029722834006, 0.0669399499893, 0.120987102389, 0.097146987915, 0.0395774096251, 0.0230185464025, 0.0223738420755, 0.0463965050876, 0.105047084391, 0.104532212019, 0.0860875472426, 0.136000797153, 0.116786621511, 0.0493926666677, 0.0376832857728, 0.0634207129478, 0.184792920947, 0.313770830631, 0.219005331397, 0.0644834041595, 0.0299096107483, 0.032736685127, 0.0844948738813, 0.137897521257, 0.115963459015, 0.112888328731, 0.144807547331, 0.115527234972, 0.0806988030672, 0.0977667719126, 0.129327103496, 0.196232095361]}, "tuning_equal_tempered_deviation": 0.13280454278, "chords_changes_rate": 0.0359417647123, "key_key": "A", "tuning_diatonic_strength": 0.65999943018, "key_scale": "major", "chords_number_rate": 0.00227479520254, "tuning_frequency": 438.477722168, "tuning_nontempered_energy_ratio": 0.840057611465, "chords_histogram": [58.0755233765, 1.00090992451, 3.29845309258, 0.386715203524, 3.18471336365, 0.0454959049821, 0.204731568694, 0, 0, 0.0454959049821, 0.0682438611984, 0, 0, 2.97998189926, 0.022747952491, 0.227479532361, 0, 1.31938123703, 0, 0.841674268246, 4.4131026268, 2.91173791885, 13.6715192795, 7.30209302902], "key_strength": 0.777712285519, "chords_key": "A", "chords_strength": {"dmean2": 0.00871665310115, "median": 0.62093937397, "min": -1, "dvar2": 0.000926295353565, "dvar": 0.000506288022734, "dmean": 0.00948818400502, "max": 0.877979457378, "var": 0.0432286337018, "mean": 0.608151912689}, "chords_scale": "major", "hpcp_entropy": {"dmean2": 0.99918025732, "median": 1.78689956665, "min": 0, "dvar2": 0.738928675652, "dvar": 0.287231892347, "dmean": 0.593253314495, "max": 4.32090806961, "var": 0.631223797798, "mean": 1.69736969471}}, "metadata": {"audio_properties": {"equal_loudness": 0, "codec": "flac", "downmix": "mix", "sample_rate": 44100, "analysis_sample_rate": 44100, "bit_rate": 0, "md5_encoded": "9e78d4c5151b0188b0c328a541c47f6b", "length": 204.080001831, "replay_gain": -8.50866699219, "lossless": true}, "version": {"essentia_build_sha": "2d9f1f26377add8aeb1075a9c2973f962c4f09fd", "essentia": "2.1-beta2", "extractor": "music 1.0", "essentia_git_sha": "v2.1_beta2-1-ge3940c0"}, "tags": {"title": ["You Never Wanted Me"], "barcode": ["5020393500241"], "media": ["CD"], "albumartist": ["Sandy Denny"], "tracktotal": ["19"], "musicbrainz_releasegroupid": ["68f975ff-9556-3035-9c50-676ea9a7e6e0"], "releasetype": ["album", "compilation"], "musicbrainz_recordingid": ["0c710be4-c0f4-4f91-81b7-769e623e7934"], "album": ["A Boxful Of Treasures CD1"], "musicbrainz_albumartistid": ["08d86aab-8e58-4d9f-90e4-cfc3d2f0b867"], "originalyear": ["2004"], "musicbrainz_releasetrackid": ["79655769-aab9-3ce5-ac3e-fdb7a2c13235"], "discnumber": ["1"], "bpm": ["164"], "catalognumber": ["NEST 5002"], "releasecountry": ["GB"], "file_name": "08 - You Never Wanted Me.flac", "originaldate": ["2004-10-11"], "albumartistsort": ["Denny, Sandy"], "date": ["2004"], "genre": ["Folk"], "disctotal": ["5"], "musicbrainz_artistid": ["464c3871-c8c8-4e7e-bf65-9fa3bc0f9f78"], "asin": ["B0004O5STA"], "musicbrainz_albumid": ["8a061eaa-f35f-3fa7-bb98-deea0295c24d"], "artist": ["Sandy Denny"], "artistsort": ["Campbell, Alex & Friends"], "tracknumber": ["8"], "label": ["Fledg'ling Records"], "isrc": ["GBAJE0506047"], "acoustid_id": ["ce68f803-d408-4196-8f31-e5b82e2b8cbf"], "script": ["Latn"], "releasestatus": ["official"]}}, "rhythm": {"bpm_histogram_first_peak_bpm": {"dmean2": 0, "median": 167, "min": 167, "dvar2": 0, "dvar": 0, "dmean": 0, "max": 167, "var": 0, "mean": 167}, "bpm": 164.045928955, "bpm_histogram_second_peak_spread": {"dmean2": 0, "median": 0.233333364129, "min": 0.233333364129, "dvar2": 0, "dvar": 0, "dmean": 0, "max": 0.233333364129, "var": 0, "mean": 0.233333364129}, "bpm_histogram_first_peak_weight": {"dmean2": 0, "median": 0.188034191728, "min": 0.188034191728, "dvar2": 0, "dvar": 0, "dmean": 0, "max": 0.188034191728, "var": 0, "mean": 0.188034191728}, "onset_rate": 3.28773641586, "beats_position": [0.708208620548, 1.42802715302, 2.14784574509, 2.87927436829, 3.59909296036, 4.34213161469, 5.08516979218, 5.80498838425, 6.52480697632, 7.25623559952, 7.98766422272, 8.71909236908, 9.45052146912, 10.1819496155, 10.9133787155, 11.6331968307, 12.3646259308, 13.0960540771, 13.8158731461, 14.5473012924, 15.2787294388, 16.0101585388, 16.7415866852, 17.4614048004, 18.181224823, 18.9126529694, 19.6440811157, 20.3755092621, 21.1069393158, 21.8383674622, 22.5814056396, 23.312833786, 24.0442619324, 24.7873020172, 25.5419502258, 26.2849884033, 27.0396366119, 27.7942848206, 28.4444446564, 29.0946025848, 29.7447605133, 30.3949203491, 31.0450782776, 31.6836280823, 32.3337860107, 32.9955558777, 33.6689338684, 34.2262115479, 34.7718811035, 35.3175506592, 35.8748283386, 36.4321098328, 36.9893875122, 37.5350570679, 38.0923347473, 38.6612243652, 39.2301139832, 39.7989997864, 40.3562812805, 40.9251708984, 41.4824485779, 42.0513381958, 42.6202278137, 43.1426734924, 43.6535148621, 44.1527442932, 44.6635818481, 45.1860313416, 45.6968688965, 46.2193183899, 46.7533760071, 47.287437439, 47.8214950562, 48.3671646118, 48.901222229, 49.4352836609, 49.9461212158, 50.4569587708, 50.9678001404, 51.4786376953, 51.9894790649, 52.5467567444, 53.1040344238, 53.6380958557, 54.1837615967, 54.7294311523, 55.275100708, 55.8323783875, 56.3780479431, 56.9353294373, 57.4809951782, 58.0266647339, 58.5607261658, 59.094783783, 59.6520614624, 60.1977310181, 60.7434005737, 61.3006782532, 61.8579597473, 62.4152374268, 62.9725151062, 63.5297966003, 64.0870742798, 64.6443557739, 65.2016296387, 65.7356872559, 66.29296875, 66.8502502441, 67.4075241089, 67.9764175415, 68.5453033447, 69.1141967773, 69.6830825806, 70.1474838257, 70.6002731323, 71.053062439, 71.5058517456, 71.9586410522, 72.423034668, 72.8874359131, 73.3402252197, 73.8046264648, 74.280632019, 74.6637649536, 75.0468902588, 75.4300231934, 75.8015441895, 76.1730575562, 76.5445785522, 76.9160995483, 77.276008606, 77.6243057251, 77.9842147827, 78.3557357788, 78.738861084, 79.1103820801, 79.4819030762, 79.8534240723, 80.2481613159, 80.6312942505, 81.0144195557, 81.3975524902, 81.7806777954, 82.1521987915, 82.5237197876, 82.9068450928, 83.2435379028, 83.5686187744, 83.8936920166, 84.2187728882, 84.5554656982, 84.9153747559, 85.263671875, 85.6119689941, 85.9602737427, 86.3085708618, 86.6452560425, 86.9819488525, 87.3186416626, 87.6785507202, 88.0268478394, 88.3751449585, 88.7350540161, 89.0949630737, 89.4432601929, 89.7915649414, 90.1398620605, 90.4881591797, 90.8480682373, 91.2079772949, 91.5562820435, 91.9277954102, 92.2993164063, 92.6708374023, 93.0423583984, 93.4138793945, 93.7737884521, 94.1336975098, 94.4819946289, 94.8419036865, 95.2018127441, 95.5617218018, 95.9216308594, 96.281539917, 96.6414489746, 97.0013580322, 97.3612670898, 97.709564209, 98.0694732666, 98.4293823242, 98.7892990112, 99.1492080688, 99.5091171265, 99.8458023071, 100.194099426, 100.542404175, 100.890701294, 101.238998413, 101.598907471, 101.958816528, 102.307121277, 102.678634644, 103.038543701, 103.398452759, 103.769973755, 104.141494751, 104.513015747, 104.884536743, 105.25605011, 105.627571106, 106.010704041, 106.382217407, 106.753738403, 107.160087585, 107.566436768, 107.961174011, 108.355918884, 108.750656128, 109.133781433, 109.528526306, 109.92326355, 110.294784546, 110.666305542, 111.0262146, 111.374511719, 111.722808838, 112.071105957, 112.431015015, 112.790924072, 113.15083313, 113.522354126, 113.893875122, 114.265396118, 114.636917114, 115.020042419, 115.379951477, 115.739860535, 116.099769592, 116.471290588, 116.819587708, 117.167892456, 117.597457886, 118.038635254, 118.479812622, 118.92099762, 119.350563049, 119.780136108, 120.1980896, 120.627662659, 121.068840027, 121.498413086, 121.858322144, 122.22983551, 122.601356506, 122.961265564, 123.33278656, 123.692695618, 124.064216614, 124.43573761, 124.818862915, 125.178771973, 125.53868103, 125.898590088, 126.246894836, 126.595191956, 126.931877136, 127.291786194, 127.628479004, 127.941947937, 128.267028809, 128.580490112, 128.917190552, 129.242263794, 129.578948975, 129.915649414, 130.240722656, 130.565795898, 130.890884399, 131.22756958, 131.564254761, 131.889343262, 132.260864258, 132.632385254, 132.992294312, 133.363800049, 133.746932983, 134.118453979, 134.489974976, 134.861495972, 135.221405029, 135.581314087, 135.952835083, 136.324356079, 136.684265137, 137.067382813, 137.438903809, 137.798812866, 138.158721924, 138.507034302, 138.855331421, 139.215240479, 139.575149536, 139.946670532, 140.31817627, 140.689697266, 141.061218262, 141.467575073, 141.873916626, 142.268661499, 142.663391113, 143.058135986, 143.452880859, 143.847610474, 144.242355347, 144.63710022, 145.031829834, 145.414962769, 145.83291626, 146.239273071, 146.657226563, 147.075195313, 147.632461548, 148.178131104, 148.700592041, 149.22303772, 149.745483398, 150.279541016, 150.813598633, 151.34765625, 151.858505249, 152.380950928, 152.903396606, 153.321365356, 153.739318848, 154.168884277, 154.552017212, 154.923538208, 155.295059204, 155.6665802, 156.038085938, 156.409606934, 156.78112793, 157.152648926, 157.524169922, 157.895690918, 158.267211914, 158.63873291, 159.010253906, 159.370162964, 159.741668701, 160.124801636, 160.496322632, 160.856231689, 161.227752686, 161.599273682, 161.970794678, 162.353912354, 162.72543335, 163.096954346, 163.468475342, 163.839996338, 164.199905396, 164.559814453, 164.931335449, 165.291244507, 165.662765503, 166.034286499, 166.394195557, 166.742492676, 167.102401733, 167.462310791, 167.833831787, 168.205352783, 168.553649902, 168.91355896, 169.273468018, 169.633377075, 169.993286133, 170.341583252, 170.689880371, 171.026565552, 171.363265991, 171.723175049, 172.071472168, 172.454605103, 172.826126099, 173.209243774, 173.592376709, 173.963897705, 174.34703064, 174.730148315, 175.124893188, 175.519638062, 175.914367676, 176.320724487, 176.72706604, 177.098587036, 177.470108032, 177.83001709, 178.189926147, 178.538223267, 178.898132324, 179.258041382, 179.629562378, 179.989471436, 180.360992432, 180.720901489, 181.069198608, 181.417495728, 181.777404785, 182.137313843, 182.485626221, 182.845535278, 183.205444336, 183.553741455, 183.902038574, 184.261947632, 184.621856689, 184.981765747, 185.341674805, 185.689971924, 186.038269043, 186.386566162, 186.74647522, 187.117996216, 187.477905273, 187.826202393, 188.174514771, 188.52281189, 188.871109009, 189.219406128, 189.567703247, 189.916000366, 190.264297485, 190.612609863, 190.960906982, 191.309204102, 191.657501221, 192.00579834, 192.354095459, 192.714004517, 193.073913574, 193.457046509, 193.828567505, 194.200088501, 194.559997559, 194.919906616, 195.291427612, 195.662948608, 196.022857666, 196.394378662, 196.765899658, 197.137405396, 197.52053833, 197.903671265, 198.298416138, 198.693145752, 199.076278687, 199.482620239, 199.888977051, 200.306930542, 200.6668396, 201.026748657, 201.398269653, 201.758178711, 202.118087769, 202.477996826, 202.849517822, 203.221038818], "beats_loudness": {"dmean2": 0.0118164084852, "median": 0.00396888982505, "min": 9.29651244874e-10, "dvar2": 0.000345260254107, "dvar": 0.000132125598611, "dmean": 0.0068223727867, "max": 0.0810694769025, "var": 0.000210304293432, "mean": 0.010016954504}, "danceability": 0.856281340122, "bpm_histogram_second_peak_weight": {"dmean2": 0, "median": 0.196581199765, "min": 0.196581199765, "dvar2": 0, "dvar": 0, "dmean": 0, "max": 0.196581199765, "var": 0, "mean": 0.196581199765}, "beats_count": 469, "bpm_histogram_second_peak_bpm": {"dmean2": 0, "median": 161, "min": 161, "dvar2": 0, "dvar": 0, "dmean": 0, "max": 161, "var": 0, "mean": 161}, "bpm_histogram_first_peak_spread": {"dmean2": 0, "median": 0, "min": 0, "dvar2": 0, "dvar": 0, "dmean": 0, "max": 0, "var": 0, "mean": 0}, "beats_loudness_band_ratio": {"dmean2": [0.327104508877, 0.287135481834, 0.224412098527, 0.143639415503, 0.0840550065041, 0.0310642011464], "median": [0.399511307478, 0.306848675013, 0.115105554461, 0.0259082410485, 0.0085263364017, 0.00289036519825], "min": [0.00181074161083, 0.000257051811786, 0.00061846972676, 0.000798933848273, 0.000258944288362, 3.76964671887e-05], "dvar2": [0.0861071124673, 0.0709824115038, 0.057699456811, 0.0525550842285, 0.0302026346326, 0.00706333154812], "dvar": [0.0318333990872, 0.027044063434, 0.0230816844851, 0.0222860276699, 0.0109217846766, 0.00258403760381], "dmean": [0.192770510912, 0.168873801827, 0.130994856358, 0.0815578252077, 0.0481304712594, 0.0181432366371], "max": [0.947737514973, 0.948927283287, 0.974813520908, 0.94953674078, 0.71820050478, 0.655377089977], "var": [0.0754688158631, 0.0605547949672, 0.0362480916083, 0.0299097169191, 0.0159394666553, 0.00417006202042], "mean": [0.388582229614, 0.332737386227, 0.182874441147, 0.0916407331824, 0.0558460317552, 0.0244923289865]}}, "lowlevel": {"barkbands_spread": {"dmean2": 3.82355165482, "median": 5.91888523102, "min": 0.398802816868, "dvar2": 56.3608283997, "dvar": 29.4457054138, "dmean": 2.53881311417, "max": 146.113540649, "var": 332.929656982, "mean": 11.2467689514}, "melbands_spread": {"dmean2": 4.77692937851, "median": 6.38048362732, "min": 0.654488801956, "dvar2": 105.021110535, "dvar": 51.3326263428, "dmean": 3.15558099747, "max": 215.371124268, "var": 247.267440796, "mean": 12.0623960495}, "hfc": {"dmean2": 2.14370179176, "median": 0.841328084469, "min": 1.12038265543e-16, "dvar2": 35.3054580688, "dvar": 23.9602928162, "dmean": 1.66897034645, "max": 152.552001953, "var": 412.049438477, "mean": 8.0087890625}, "barkbands_kurtosis": {"dmean2": 6.88675117493, "median": 7.72701454163, "min": -1.94077289104, "dvar2": 117.757225037, "dvar": 50.5651931763, "dmean": 4.38213396072, "max": 159.539764404, "var": 142.607574463, "mean": 10.3494272232}, "gfcc": {"mean": [-189.378540039, 152.125747681, -116.327934265, 34.2598838806, -60.0743255615, -5.52266120911, -31.3969535828, -17.2302188873, -13.2660732269, -8.73505592346, -0.496761471033, -6.03399705887, -8.94691371918], "icov": [[0.000576065969653, -0.00102289998904, 0.00156158010941, -0.00133744394407, 0.00118836085312, -0.00115402031224, 0.00132247479632, -0.000714407360647, 0.000218565444811, 5.90087365708e-05, -0.00040748808533, 3.94344860979e-05, -1.39181338454e-05], [-0.00102289998904, 0.00269314250909, -0.00303657958284, 0.00273759942502, -0.00238410569727, 0.0028438414447, -0.00269660237245, 0.00261612865143, -0.000763553660363, 0.000972632085904, 0.000348154688254, 0.000889629765879, -0.000187670986634], [0.00156158010941, -0.00303657958284, 0.00531547004357, -0.00343211111613, 0.00277539226227, -0.00367933488451, 0.00386037887074, -0.00263969250955, 0.00115414394531, -0.000245594128501, -0.000249121687375, -0.000570796779357, 1.54500776262e-05], [-0.00133744394407, 0.00273759942502, -0.00343211111613, 0.00617403397337, -0.00216272682883, 0.00349749438465, -0.00357076432556, 0.0020290389657, -0.00128816766664, -4.04898673878e-05, 0.00235106633045, -0.000607078021858, 0.000210388432606], [0.00118836085312, -0.00238410569727, 0.00277539226227, -0.00216272682883, 0.00612375792116, -0.00115036009811, 0.00120161368977, -0.00175918918103, 0.000376691285055, -0.000868389150128, 5.78347389819e-05, 0.000108051615825, -0.000167904683622], [-0.00115402031224, 0.0028438414447, -0.00367933488451, 0.00349749438465, -0.00115036009811, 0.00740174390376, -0.00470317248255, 0.00299284374341, -0.00152754620649, 0.000960301957093, -0.000885506684426, 0.00118725374341, -8.1341706391e-05], [0.00132247479632, -0.00269660237245, 0.00386037887074, -0.00357076432556, 0.00120161368977, -0.00470317248255, 0.0105485394597, -0.00204579276033, 0.00275999424048, -0.00272105936892, 0.000343704916304, -0.000272330857115, 0.00041001784848], [-0.000714407360647, 0.00261612865143, -0.00263969250955, 0.0020290389657, -0.00175918918103, 0.00299284374341, -0.00204579276033, 0.0121046649292, -0.00538010383025, 0.00232528708875, -0.00106748822145, 0.000125138671137, -0.000940895231906], [0.000218565444811, -0.000763553660363, 0.00115414394531, -0.00128816766664, 0.000376691285055, -0.00152754620649, 0.00275999424048, -0.00538010383025, 0.0125416824594, -0.00395070947707, 0.00180220615584, -0.00234842626378, 0.0021300248336], [5.90087365708e-05, 0.000972632085904, -0.000245594128501, -4.04898673878e-05, -0.000868389150128, 0.000960301957093, -0.00272105936892, 0.00232528708875, -0.00395070947707, 0.0137119917199, -0.00266739306971, 0.001935105538, -0.0006425701431], [-0.00040748808533, 0.000348154688254, -0.000249121687375, 0.00235106633045, 5.78347389819e-05, -0.000885506684426, 0.000343704916304, -0.00106748822145, 0.00180220615584, -0.00266739306971, 0.0124765411019, -0.00339333876036, 0.00167191110086], [3.94344860979e-05, 0.000889629765879, -0.000570796779357, -0.000607078021858, 0.000108051615825, 0.00118725374341, -0.000272330857115, 0.000125138671137, -0.00234842626378, 0.001935105538, -0.00339333876036, 0.017186133191, -0.00391285726801], [-1.39181338454e-05, -0.000187670986634, 1.54500776262e-05, 0.000210388432606, -0.000167904683622, -8.1341706391e-05, 0.00041001784848, -0.000940895231906, 0.0021300248336, -0.0006425701431, 0.00167191110086, -0.00391285726801, 0.0135169718415]], "cov": [[19296.5820313, 468.466339111, -3512.88427734, 1002.37811279, -1563.0111084, 173.100814819, -556.711669922, -132.325592041, 123.75730896, -275.78112793, 296.57611084, -72.9108886719, -86.3120498657], [468.466339111, 2302.83007813, 472.579467773, -292.392059326, 355.878143311, -244.926361084, 72.7690124512, -243.562606812, -149.267303467, -99.9839096069, -59.181968689, -115.167175293, 13.0019598007], [-3512.88427734, 472.579467773, 1244.83728027, -159.022766113, 243.767486572, 10.3925056458, 43.2919883728, 2.84710025787, -48.8698997498, -0.725831031799, -69.9189758301, 2.58242464066, 23.0343341827], [1002.37811279, -292.392059326, -159.022766113, 428.655578613, -84.9440612793, -43.5462722778, -9.80786705017, 28.2918701172, 48.4231109619, 8.26656532288, -41.6376571655, 22.3911437988, -4.17370462418], [-1563.0111084, 355.878143311, 243.767486572, -84.9440612793, 429.752105713, -102.547912598, 84.4352798462, -18.7607574463, -23.9827785492, 26.1973819733, -50.5294647217, -17.4813079834, 11.4433469772], [173.100814819, -244.926361084, 10.3925056458, -43.5462722778, -102.547912598, 300.163757324, 41.7208595276, -7.10333395004, 1.34435009956, 7.30201005936, 42.8649940491, -2.67953586578, -9.72629451752], [-556.711669922, 72.7690124512, 43.2919883728, -9.80786705017, 84.4352798462, 41.7208595276, 184.287948608, -24.8685798645, -29.669593811, 31.5563526154, -14.3253717422, -12.4014596939, -1.12353301048], [-132.325592041, -243.562606812, 2.84710025787, 28.2918701172, -18.7607574463, -7.10333395004, -24.8685798645, 145.497802734, 61.6673126221, 3.80333900452, 7.78572654724, 23.3580379486, 2.90671157837], [123.75730896, -149.267303467, -48.8698997498, 48.4231109619, -23.9827785492, 1.34435009956, -29.669593811, 61.6673126221, 124.88243866, 23.8594436646, -2.14663052559, 18.1738376617, -10.7586183548], [-275.78112793, -99.9839096069, -0.725831031799, 8.26656532288, 26.1973819733, 7.30201005936, 31.5563526154, 3.80333900452, 23.8594436646, 96.6501846313, 9.50378513336, -0.457314431667, -2.59625411034], [296.57611084, -59.181968689, -69.9189758301, -41.6376571655, -50.5294647217, 42.8649940491, -14.3253717422, 7.78572654724, -2.14663052559, 9.50378513336, 109.513458252, 14.1362943649, -7.84503173828], [-72.9108886719, -115.167175293, 2.58242464066, 22.3911437988, -17.4813079834, -2.67953586578, -12.4014596939, 23.3580379486, 18.1738376617, -0.457314431667, 14.1362943649, 74.2248840332, 16.5956001282], [-86.3120498657, 13.0019598007, 23.0343341827, -4.17370462418, 11.4433469772, -9.72629451752, -1.12353301048, 2.90671157837, -10.7586183548, -2.59625411034, -7.84503173828, 16.5956001282, 81.7777175903]]}, "spectral_energyband_middle_low": {"dmean2": 0.00199400819838, "median": 0.00169817451388, "min": 2.96018199283e-22, "dvar2": 1.66160843946e-05, "dvar": 7.31990940039e-06, "dmean": 0.00133989646565, "max": 0.067709825933, "var": 3.40396727552e-05, "mean": 0.00387724745087}, "melbands_crest": {"dmean2": 5.13183116913, "median": 15.0436687469, "min": 2.71710991859, "dvar2": 19.0434799194, "dvar": 7.74653339386, "dmean": 3.16800880432, "max": 38.7448120117, "var": 31.6170902252, "mean": 16.0123100281}, "spectral_kurtosis": {"dmean2": 9.15868473053, "median": 8.22675132751, "min": -1.19131588936, "dvar2": 104.697212219, "dvar": 39.6668167114, "dmean": 5.44797515869, "max": 79.7946395874, "var": 107.038131714, "mean": 11.5055027008}, "spectral_rms": {"dmean2": 0.000440119882114, "median": 0.00159379537217, "min": 3.22024915414e-12, "dvar2": 2.54114013387e-07, "dvar": 1.5112219387e-07, "dmean": 0.000313329073833, "max": 0.00954921450466, "var": 2.75898582913e-06, "mean": 0.00216238712892}, "zerocrossingrate": {"dmean2": 0.00671797897667, "median": 0.02197265625, "min": 0.00439453125, "dvar2": 0.000108165724669, "dvar": 9.03089603526e-05, "dmean": 0.00554531719536, "max": 0.52099609375, "var": 0.00379036087543, "mean": 0.0391615442932}, "silence_rate_60dB": {"dmean2": 0.150659993291, "median": 1, "min": 0, "dvar2": 0.148450151086, "dvar": 0.0696509182453, "dmean": 0.0753214210272, "max": 1, "var": 0.246387138963, "mean": 0.560182034969}, "erbbands_kurtosis": {"dmean2": 2.74095821381, "median": 1.47703409195, "min": -1.91160154343, "dvar2": 25.2951965332, "dvar": 11.5278024673, "dmean": 1.78238177299, "max": 75.5173034668, "var": 43.4732322693, "mean": 3.29373335838}, "erbbands": {"dmean2": [0.00256847171113, 0.0813760980964, 0.344255447388, 0.535869836807, 1.89809763432, 1.637196064, 2.16278290749, 5.08331775665, 13.6417446136, 13.1632757187, 1.82377660275, 2.05677556992, 4.01296710968, 10.8391914368, 6.31887340546, 6.47565412521, 19.5464630127, 9.92391872406, 11.9642801285, 6.6049990654, 7.05926275253, 10.2215261459, 5.15841388702, 7.01687955856, 0.974383234978, 2.41421818733, 5.02968931198, 0.792874932289, 0.764164984226, 0.944742977619, 0.427479475737, 0.15484161675, 0.0526438876987, 0.0148254623637, 0.00341324391775, 0.000461496762, 7.2662565799e-05, 8.13132373878e-06, 1.75177865458e-06, 3.12274528369e-06], "median": [0.00170836248435, 0.0433705896139, 0.189084231853, 0.409896492958, 0.875043153763, 1.03722262383, 1.24113810062, 1.82946252823, 2.34559845924, 1.50020694733, 0.644635558128, 0.475117266178, 0.223419696093, 0.438262820244, 0.412037312984, 0.570625603199, 0.507786393166, 0.278922379017, 0.196113139391, 0.164478167892, 0.186680287123, 0.157870933414, 0.132102847099, 0.117958262563, 0.0617301724851, 0.0877593904734, 0.0607361570001, 0.0372726917267, 0.026477728039, 0.021162185818, 0.0129771819338, 0.00419476255774, 0.00109686818905, 0.000336315482855, 0.000103898797533, 3.26372937707e-05, 1.03749134723e-05, 2.74793660537e-06, 1.88293347492e-06, 3.01308637063e-06], "min": [4.84622785403e-21, 7.29870729863e-21, 3.29388069745e-20, 2.26435959016e-20, 6.1864915561e-20, 4.93217135422e-20, 1.92049301626e-19, 3.12905804568e-19, 5.18843352357e-19, 1.93219651041e-18, 1.53770590787e-18, 1.38428603132e-18, 1.84321813948e-18, 4.76873055936e-18, 4.20076064023e-18, 2.59400200502e-18, 1.14373642912e-17, 5.21069895091e-18, 6.09343177264e-18, 1.340973593e-17, 1.41578413847e-17, 1.91364859817e-17, 6.9618357582e-18, 1.2381286558e-17, 1.82443501844e-17, 1.38921675156e-17, 2.07363459306e-17, 1.97706555789e-17, 2.27981746711e-17, 9.70582380625e-18, 1.57869305878e-17, 1.48123133028e-17, 1.33073781195e-17, 1.20337970816e-17, 7.4034393631e-18, 5.31936277285e-18, 3.51339629867e-18, 1.22988418799e-18, 2.96403086059e-19, 3.41851128948e-20], "dvar2": [1.68594724528e-05, 0.0138668622822, 0.236166939139, 1.02409672737, 20.719877243, 14.520154953, 54.1255645752, 415.52722168, 1754.61584473, 4143.04345703, 79.7974853516, 182.625656128, 848.398254395, 2731.77954102, 2209.08911133, 3294.3972168, 17006.0390625, 6296.43115234, 9437.55078125, 2561.49438477, 1484.78186035, 3504.52880859, 521.67388916, 900.572143555, 17.3690357208, 111.09362793, 607.307495117, 11.0513181686, 16.7486133575, 13.0323505402, 4.13568687439, 0.586174845695, 0.179511338472, 0.00998138450086, 0.000641707854811, 1.60789277288e-05, 2.63010548451e-07, 3.40011996336e-09, 1.72514277169e-11, 3.46135932416e-11], "dvar": [6.51346090308e-06, 0.00519740208983, 0.118079975247, 0.394095540047, 9.11043643951, 6.28682136536, 24.0423870087, 193.936325073, 814.589660645, 1649.64746094, 35.4237785339, 79.1885299683, 374.638916016, 1655.31835938, 955.215393066, 1682.83935547, 8653.98925781, 3127.84350586, 5221.77929688, 1604.29821777, 840.589111328, 1642.46655273, 260.974395752, 518.844360352, 9.12884235382, 61.7121543884, 305.172149658, 6.10844993591, 8.13575458527, 6.92729902267, 2.01300263405, 0.296393841505, 0.0817603245378, 0.00594571046531, 0.000384477811167, 9.27979453991e-06, 1.32363979333e-07, 1.65450475542e-09, 1.00733405992e-11, 1.99888387092e-11], "dmean": [0.00155855482444, 0.0498921945691, 0.227505430579, 0.333545923233, 1.214376688, 1.07054901123, 1.44993269444, 3.48573875427, 9.11049079895, 8.81086540222, 1.22682702541, 1.43377816677, 2.74198770523, 7.99875736237, 4.47468185425, 4.7036356926, 14.0222549438, 7.17952775955, 8.4288110733, 4.97276067734, 5.27852344513, 7.15090417862, 3.54086232185, 5.2216463089, 0.703641474247, 1.77220225334, 3.63211131096, 0.572070658207, 0.53549861908, 0.671026825905, 0.296341478825, 0.1061052531, 0.0363498367369, 0.0105106970295, 0.00240911613218, 0.000339536200045, 5.1662515034e-05, 5.85326779401e-06, 1.3166396684e-06, 2.25040730584e-06], "max": [0.0403077378869, 1.13231122494, 7.39929151535, 18.3899383545, 86.9979629517, 79.1019515991, 154.407440186, 423.807403564, 838.796020508, 1474.96923828, 180.647293091, 410.830657959, 609.676269531, 1946.0189209, 1136.60107422, 2452.04321289, 4697.90039063, 2868.77392578, 3294.9934082, 2268.06494141, 931.874755859, 1579.81140137, 732.606933594, 742.599121094, 147.181304932, 233.917877197, 740.306518555, 123.249511719, 164.655166626, 79.9858169556, 59.4015541077, 23.6637859344, 14.9297142029, 4.22126340866, 1.20384740829, 0.217584833503, 0.0240531787276, 0.00241852947511, 0.000118264164485, 0.000117943709483], "var": [1.45646217788e-05, 0.00969530828297, 0.304461926222, 0.872209906578, 16.6202449799, 23.284784317, 72.3202209473, 443.233612061, 2849.91552734, 7657.27490234, 105.531723022, 115.433677673, 555.912109375, 5919.77294922, 3744.27856445, 2893.60424805, 44145.3632813, 10516.4550781, 11327.6035156, 5665.07470703, 2469.49194336, 16417.578125, 2479.20263672, 2348.68066406, 69.3029251099, 200.399124146, 2821.26367188, 33.0464057922, 24.6445503235, 51.9868354797, 6.13236045837, 0.635686993599, 0.126561179757, 0.0119631011039, 0.000714831287041, 1.71010669874e-05, 2.43929292765e-07, 3.06263436833e-09, 1.27094584856e-10, 2.84041568044e-10], "mean": [0.00302462792024, 0.077930547297, 0.366197526455, 0.708550512791, 2.07184457779, 2.53785324097, 3.46775150299, 7.24936819077, 19.9422988892, 21.2315196991, 2.7080988884, 2.27059197426, 4.18297815323, 17.2153663635, 10.3060007095, 7.40489912033, 30.6456699371, 15.1299543381, 13.3845434189, 9.22346305847, 10.6553201675, 24.909570694, 11.983839035, 11.8548316956, 2.235912323, 3.78809285164, 11.1049118042, 1.51997637749, 1.36008858681, 2.03257775307, 0.720652341843, 0.221074208617, 0.0657031536102, 0.0198431294411, 0.00453433860093, 0.000624866283033, 0.000108333413664, 1.50989062604e-05, 6.18548392595e-06, 9.6098292488e-06]}, "spectral_strongpeak": {"dmean2": 0.548740625381, "median": 0.233092531562, "min": 0, "dvar2": 2.22658848763, "dvar": 0.903814435005, "dmean": 0.337922811508, "max": 16.1876792908, "var": 2.96998548508, "mean": 0.822597503662}, "spectral_energy": {"dmean2": 0.00266699097119, "median": 0.0026036882773, "min": 1.06292539076e-20, "dvar2": 2.4444070732e-05, "dvar": 1.3410775864e-05, "dmean": 0.00189902842976, "max": 0.0934671908617, "var": 0.000159300252562, "mean": 0.00762072950602}, "average_loudness": 0.032537188381, "spectral_rolloff": {"dmean2": 312.251861572, "median": 452.197265625, "min": 64.599609375, "dvar2": 907672.1875, "dvar": 421432.03125, "dmean": 181.371322632, "max": 21167.1386719, "var": 6728136, "mean": 1092.43884277}, "spectral_centroid": {"dmean2": 179.754135132, "median": 469.50390625, "min": 172.061264038, "dvar2": 109276.804688, "dvar": 58448.6835938, "dmean": 121.720733643, "max": 11048.0908203, "var": 553913.375, "mean": 772.435974121}, "pitch_salience": {"dmean2": 0.106367520988, "median": 0.545262336731, "min": 0.102012455463, "dvar2": 0.00935155153275, "dvar": 0.00383137352765, "dmean": 0.0667360201478, "max": 0.867911994457, "var": 0.0145975938067, "mean": 0.531441688538}, "spectral_energyband_middle_high": {"dmean2": 0.000993571826257, "median": 8.389102004e-05, "min": 1.97629038755e-21, "dvar2": 1.26619806906e-05, "dvar": 8.40947632241e-06, "dmean": 0.000779189111199, "max": 0.0877302885056, "var": 7.62755516917e-05, "mean": 0.00287721958011}, "spectral_contrast_coeffs": {"dmean2": [0.0727849975228, 0.0572691559792, 0.0500792451203, 0.0452140718699, 0.035835120827, 0.0292209461331], "median": [-0.656806349754, -0.703573703766, -0.756932854652, -0.769313573837, -0.792814135551, -0.770070791245], "min": [-0.95668888092, -0.969781756401, -0.969014286995, -0.961005747318, -0.954706847668, -0.958780348301], "dvar2": [0.00328561384231, 0.00252715870738, 0.00186752853915, 0.00155106524471, 0.00102998188231, 0.0008422411629], "dvar": [0.00125475472305, 0.00111097493209, 0.000851865217555, 0.000717904884368, 0.000514535408001, 0.000394652568502], "dmean": [0.0436979681253, 0.0362482890487, 0.0318671800196, 0.0291928369552, 0.0230707433075, 0.0192182157189], "max": [-0.363482743502, -0.319647192955, -0.415070354939, -0.438306063414, -0.476920574903, -0.569747388363], "var": [0.00537823420018, 0.00940860714763, 0.00586103182286, 0.00594275025651, 0.0057212151587, 0.00352435419336], "mean": [-0.652980029583, -0.684679448605, -0.748864293098, -0.759227752686, -0.778542339802, -0.760305702686]}, "melbands_skewness": {"dmean2": 0.928061187267, "median": 2.50690937042, "min": -2.62087416649, "dvar2": 0.922159612179, "dvar": 0.412503868341, "dmean": 0.613118112087, "max": 12.1243305206, "var": 2.14047861099, "mean": 2.54771089554}, "spectral_spread": {"dmean2": 589965.4375, "median": 2883505, "min": 989387.625, "dvar2": 434734006272, "dvar": 276496842752, "dmean": 384189.84375, "max": 39489684, "var": 3116467748860.0, "mean": 3172480}, "dissonance": {"dmean2": 0.0451065078378, "median": 0.433141589165, "min": 0.164922058582, "dvar2": 0.00188911356963, "dvar": 0.000715847185347, "dmean": 0.0272325612605, "max": 0.499631792307, "var": 0.00218790140934, "mean": 0.423990219831}, "spectral_skewness": {"dmean2": 0.801323711872, "median": 2.2338104248, "min": -0.411322802305, "dvar2": 0.608687520027, "dvar": 0.246451362967, "dmean": 0.493211716413, "max": 7.56938123703, "var": 1.14487922192, "mean": 2.3452167511}, "spectral_flux": {"dmean2": 0.0206122603267, "median": 0.0202475190163, "min": 1.03098272974e-10, "dvar2": 0.000951391819399, "dvar": 0.000375832954887, "dmean": 0.0126946847886, "max": 0.344413489103, "var": 0.00146175397094, "mean": 0.0337339676917}, "spectral_contrast_valleys": {"dmean2": [0.671368896961, 0.473760396242, 0.477377474308, 0.464703321457, 0.473189204931, 0.325879991055], "median": [-8.22134780884, -7.92086696625, -9.231133461, -9.97985267639, -10.056552887, -13.1614875793], "min": [-27.8938179016, -27.2818450928, -26.8875617981, -27.5514183044, -27.3803768158, -27.2786197662], "dvar2": [0.276208221912, 0.172228232026, 0.166210412979, 0.186851173639, 0.236163407564, 0.13413451612], "dvar": [0.108749777079, 0.075200393796, 0.0748916864395, 0.0858976095915, 0.107843697071, 0.0862202644348], "dmean": [0.400892049074, 0.294263124466, 0.295460671186, 0.296216785908, 0.303449630737, 0.228736206889], "max": [-6.51278305054, -5.85151433945, -5.85788869858, -5.9587688446, -6.31437253952, -8.68891525269], "var": [2.13482165337, 1.73203551769, 1.68613886833, 1.81145894527, 1.84697830677, 1.79127502441], "mean": [-8.45236587524, -8.09352397919, -9.32409286499, -9.94584274292, -9.96629428864, -12.820066452]}, "erbbands_flatness_db": {"dmean2": 0.0235482584685, "median": 0.228867352009, "min": 0.0224746391177, "dvar2": 0.000549272808712, "dvar": 0.000275553960819, "dmean": 0.0157836209983, "max": 0.397597581148, "var": 0.00223199487664, "mean": 0.229339584708}, "spectral_energyband_high": {"dmean2": 0.000117151706945, "median": 5.0832618399e-06, "min": 7.25413486519e-21, "dvar2": 1.96304867472e-07, "dvar": 1.12297207977e-07, "dmean": 8.94897020771e-05, "max": 0.0139424670488, "var": 1.30432067635e-06, "mean": 0.000304234912619}, "spectral_entropy": {"dmean2": 0.323087275028, "median": 6.51154327393, "min": 4.88113546371, "dvar2": 0.106335476041, "dvar": 0.0484730005264, "dmean": 0.209095552564, "max": 9.79102706909, "var": 0.343693047762, "mean": 6.55536842346}, "silence_rate_20dB": {"dmean2": 0, "median": 1, "min": 1, "dvar2": 0, "dvar": 0, "dmean": 0, "max": 1, "var": 0, "mean": 1}, "melbands_flatness_db": {"dmean2": 0.0377460196614, "median": 0.307221829891, "min": 0.00884651299566, "dvar2": 0.00133310595993, "dvar": 0.00065494782757, "dmean": 0.0252871327102, "max": 0.524854421616, "var": 0.00616780901328, "mean": 0.302621930838}, "barkbands": {"dmean2": [3.01350269183e-07, 0.000278960011201, 0.000290417519864, 0.000310015369905, 0.000539779895917, 0.000499321206007, 0.00112720974721, 0.000165567238582, 8.09622069937e-05, 0.000265894574113, 0.000195062821149, 0.000126539729536, 0.000434199726442, 0.000223751572776, 0.000240941473749, 0.000137161594466, 0.000181568102562, 0.000161310948897, 5.15841347806e-05, 7.66100711189e-05, 9.97206807369e-05, 2.80027725239e-05, 2.15415475395e-05, 4.87611396238e-06, 8.23836273867e-07, 5.69118263627e-08, 3.71065511651e-09], "median": [1.08570645807e-07, 0.000146294187289, 0.000154363064212, 0.000159572780831, 0.000320314080454, 0.000195560744032, 0.000141192256706, 2.28054377658e-05, 1.32784662128e-05, 1.03449810922e-05, 3.77895094061e-06, 1.20084596347e-05, 1.00143324744e-05, 4.3575937525e-06, 3.38549034495e-06, 2.97296787721e-06, 2.8107047001e-06, 2.13442490349e-06, 1.49687593876e-06, 1.68825476976e-06, 1.1780132354e-06, 6.71933207741e-07, 5.25646612459e-07, 1.03202538071e-07, 2.08624157949e-08, 5.59881474516e-09, 4.01148270157e-09], "min": [5.11819203086e-23, 7.62277933546e-23, 3.21157833181e-23, 4.71844923114e-24, 1.86477488322e-23, 4.22175574171e-23, 4.68263605045e-23, 1.12727996164e-22, 6.03179140894e-23, 8.82925815519e-23, 1.41817399816e-22, 4.55589229316e-23, 2.56019089126e-22, 8.51317610551e-23, 1.57493025258e-22, 2.52733565497e-22, 3.62141883511e-22, 9.87514761382e-23, 3.85095842586e-22, 2.69680872583e-22, 5.1730999053e-22, 5.22479011078e-22, 4.73000190977e-22, 7.71735479653e-22, 1.06893313328e-21, 1.70286579568e-21, 2.17967059338e-21], "dvar2": [5.89800452401e-13, 1.68503390796e-07, 1.76206626179e-07, 4.69278205628e-07, 1.2308469195e-06, 3.31815567733e-06, 1.18943762573e-05, 9.89906652649e-07, 3.06230418801e-07, 1.94908784579e-06, 1.31946273996e-06, 2.36609457716e-06, 6.52693688608e-06, 3.36519497068e-06, 3.13293753607e-06, 6.96316874382e-07, 9.74161025624e-07, 4.90332467962e-07, 9.18285678608e-08, 1.81231953889e-07, 2.53636841308e-07, 1.61229962714e-08, 7.67301866489e-09, 7.91627152719e-10, 3.09516683117e-11, 2.3278940082e-13, 2.47710259092e-16], "dvar": [2.57430497275e-13, 6.14742603489e-08, 8.78