{"tonal": {"thpcp": [1, 0.690818011761, 0.311375528574, 0.218141078949, 0.215448796749, 0.267761528492, 0.260906279087, 0.207644954324, 0.275808542967, 0.381723672152, 0.407720625401, 0.37899851799, 0.375339776278, 0.438734412193, 0.545592844486, 0.669667840004, 0.748864591122, 0.576736330986, 0.331528514624, 0.310943514109, 0.385533690453, 0.343773216009, 0.232379704714, 0.272004276514, 0.375736951828, 0.396579116583, 0.442362397909, 0.487193495035, 0.468728631735, 0.608280003071, 0.687650322914, 0.44182112813, 0.349880635738, 0.684189260006, 0.758115172386, 0.797961235046], "hpcp": {"dmean2": [0.268795400858, 0.233331397176, 0.220186308026, 0.363290905952, 0.357976049185, 0.301167994738, 0.318922013044, 0.27217155695, 0.180283084512, 0.132951959968, 0.123869158328, 0.133419826627, 0.134233951569, 0.125681400299, 0.148791760206, 0.177998200059, 0.187803000212, 0.187209606171, 0.192124709487, 0.207475438714, 0.216260746121, 0.248993501067, 0.289184808731, 0.238074064255, 0.189557343721, 0.176725521684, 0.173322200775, 0.168435513973, 0.150453090668, 0.167712271214, 0.204289793968, 0.212957188487, 0.224095076323, 0.253631591797, 0.279762893915, 0.259796768427], "median": [0.0157054029405, 0.0124962478876, 0.0171780064702, 0.0247337818146, 0.0426993854344, 0.0758964642882, 0.0749599784613, 0.0440491512418, 0.0133039969951, 0.00912979710847, 0.00986886769533, 0.0110448226333, 0.0115801682696, 0.0110508231446, 0.0115374978632, 0.0187050346285, 0.0243175663054, 0.0171629600227, 0.0152242975309, 0.0159914083779, 0.0236250404269, 0.0376442521811, 0.0380311496556, 0.0210389718413, 0.012018465437, 0.00812452286482, 0.0119863599539, 0.0121129686013, 0.0118880691007, 0.0126523738727, 0.0226791556925, 0.0334745496511, 0.0276864208281, 0.0215003453195, 0.0154179092497, 0.0206372570246], "min": [0, 0, 0, 0, 0, 0, 0, 0, 0, 0, 0, 0, 0, 0, 0, 0, 0, 0, 0, 0, 0, 0, 0, 0, 0, 0, 0, 0, 0, 0, 0, 0, 0, 0, 0, 0], "dvar2": [0.174163803458, 0.131750807166, 0.104347638786, 0.206174686551, 0.187892600894, 0.13523222506, 0.154187336564, 0.131308957934, 0.0905112177134, 0.0696639120579, 0.0562516413629, 0.0633792206645, 0.0705869197845, 0.0680956318974, 0.0833862796426, 0.0963281020522, 0.107178248465, 0.105070374906, 0.112309120595, 0.124536789954, 0.116788655519, 0.124530337751, 0.169072970748, 0.137627094984, 0.113274246454, 0.11764831841, 0.106723465025, 0.103352867067, 0.0907916352153, 0.101999230683, 0.126313984394, 0.113676056266, 0.121836945415, 0.140543103218, 0.179795205593, 0.148405134678], "dvar": [0.0697037130594, 0.0475897006691, 0.0373183377087, 0.0818217545748, 0.0754289254546, 0.0523914881051, 0.066663004458, 0.0543272830546, 0.0323146618903, 0.0249658953398, 0.0200411621481, 0.0239960812032, 0.0265403483063, 0.0237232055515, 0.0294830668718, 0.0360559374094, 0.0411459393799, 0.0371857918799, 0.0397137738764, 0.0473275184631, 0.0454555526376, 0.0480661354959, 0.0671924650669, 0.0549158677459, 0.0411398224533, 0.0446156300604, 0.0397375673056, 0.0373486541212, 0.0318929366767, 0.0365662872791, 0.0470787733793, 0.0417651087046, 0.0464967638254, 0.0539942495525, 0.0682970955968, 0.05603473261], "dmean": [0.146543562412, 0.128261446953, 0.12093115598, 0.205142334104, 0.204311549664, 0.172896265984, 0.184138566256, 0.155040383339, 0.0992942973971, 0.0725959092379, 0.0682764723897, 0.0757950544357, 0.0743642300367, 0.0679520517588, 0.0823501944542, 0.100659713149, 0.105008974671, 0.10346416384, 0.106877833605, 0.116232439876, 0.123533122241, 0.143826812506, 0.162616640329, 0.133477702737, 0.104880660772, 0.0980577915907, 0.0968689695001, 0.0922420024872, 0.0801816210151, 0.0911330133677, 0.113036319613, 0.118232510984, 0.127023279667, 0.142937913537, 0.15410618484, 0.146016478539], "max": [1, 1, 1, 1, 1, 1, 1, 1, 1, 1, 1, 1, 1, 1, 1, 1, 1, 1, 1, 1, 1, 1, 1, 1, 1, 1, 1, 1, 1, 1, 1, 1, 1, 1, 1, 1], "var": [0.104220628738, 0.045927438885, 0.0290030594915, 0.0873581394553, 0.0857859030366, 0.071371294558, 0.114868171513, 0.0739788562059, 0.0271589867771, 0.019454177469, 0.0153657328337, 0.0241638720036, 0.0261295121163, 0.0168977249414, 0.0243473574519, 0.0379546955228, 0.0434156022966, 0.0352717787027, 0.0345113165677, 0.051421456039, 0.0615569725633, 0.072796754539, 0.0931671783328, 0.0781732201576, 0.0349157862365, 0.0379439145327, 0.0472708195448, 0.0384858250618, 0.0203573703766, 0.0273858662695, 0.0403398759663, 0.0342091992497, 0.0449123047292, 0.0534185580909, 0.0591427050531, 0.0721739009023], "mean": [0.175847530365, 0.112983524799, 0.0894722864032, 0.174962460995, 0.193866968155, 0.204056486487, 0.255722314119, 0.17665758729, 0.0796256735921, 0.0557835400105, 0.0550950653851, 0.0684726014733, 0.0667195543647, 0.053099449724, 0.0705303996801, 0.0976152643561, 0.104263260961, 0.0969183817506, 0.0959827527404, 0.112194180489, 0.139520257711, 0.171249017119, 0.191501379013, 0.147484347224, 0.084779240191, 0.079515196383, 0.0985895693302, 0.0879104807973, 0.0594246760011, 0.0695575624704, 0.0960843265057, 0.101414129138, 0.113121934235, 0.124586246908, 0.119864366949, 0.155550763011]}, "tuning_equal_tempered_deviation": 0.157959192991, "chords_changes_rate": 0.0920981913805, "key_key": "E", "tuning_diatonic_strength": 0.538973987103, "key_scale": "major", "chords_number_rate": 0.00268769031391, "tuning_frequency": 441.272583008, "tuning_nontempered_energy_ratio": 0.824619650841, "chords_histogram": [13.5101232529, 3.97778177261, 0.358358711004, 1.48718869686, 1.5409424305, 3.11772084236, 0.0358358733356, 1.55886042118, 5.30370903015, 0.125425547361, 1.98889088631, 2.61601853371, 3.78068447113, 0.250851094723, 0.232933163643, 0.57337397337, 0.447948396206, 22.6841068268, 27.5936203003, 1.8993011713, 0.268769025803, 0.304604917765, 5.24995517731, 1.09299409389], "key_strength": 0.623033940792, "chords_key": "G", "chords_strength": {"dmean2": 0.0141879124567, "median": 0.499087095261, "min": -1, "dvar2": 0.000802387949079, "dvar": 0.000450309074949, "dmean": 0.0130073372275, "max": 0.778585374355, "var": 0.0187570992857, "mean": 0.487037628889}, "chords_scale": "major", "hpcp_entropy": {"dmean2": 1.16741418839, "median": 2.06275868416, "min": 0, "dvar2": 0.946867406368, "dvar": 0.339023023844, "dmean": 0.693623840809, "max": 4.57437753677, "var": 0.589385509491, "mean": 2.08157396317}}, "metadata": {"audio_properties": {"equal_loudness": 0, "codec": "flac", "downmix": "mix", "sample_rate": 44100, "analysis_sample_rate": 44100, "bit_rate": 0, "md5_encoded": "9c47f11a6475e8b89efe0c01bdcaf4c1", "length": 259.133331299, "replay_gain": -11.7652206421, "lossless": true}, "version": {"essentia_build_sha": "70f2e5ece6736b2c40cc944ad0e695b16b925413", "essentia": "2.1-beta2", "extractor": "music 1.0", "essentia_git_sha": "v2.1_beta2"}, "tags": {"title": ["Tug of War"], "barcode": ["730003303524"], "albumartist": ["Various Artists"], "tracktotal": ["16"], "language": ["Multiple languages"], "musicbrainz_recordingid": ["0c79e56b-a41b-4224-9d14-613ef2762cb1"], "album": ["Nigeria 70: Lagos Jump"], "musicbrainz_albumartistid": ["89ad4ac3-39f7-470e-963a-56509c546377"], "musicbrainz_releasetrackid": ["da220363-5fbe-30f1-89ed-98b8505e8845"], "discnumber": ["1"], "bpm": ["107"], "catalognumber": ["STRUT035CD"], "releasecountry": ["NG"], "file_name": "11-Tug of War.flac", "compilation": ["1"], "acoustid_fingerprint": ["AQADtIu0JN3CBH-Ou3CH08f34fGJUGpyJM_x6Gg-_GjXo1mL5w1ykdCDPhuaJBIhTdFxHdktPGFwJcfj4XzwO8UTphk-0aicIwxunGohR7nQm0SYKFxwHc9xVM6Oxk1w4Rbyj1B4vQipzETD7PjwMEdPNFVqXMk9XCJ-BqlKYpSgJ8d55MfT49IR8sUVRQ6058jnFCdXPFFQH_2Dh0WZo1EkMniyDMeD3CFFaFESx8UveNPRC_0GWziuDNaxP4GquDSaSckz_LixdTiRJ8qHUFqeoNEjXMODZys-BXKP69FQRsngytCOkOzRLMeV8WiaZCEqHz9eCkmVGyHFHSfqGT-aD_3x41RyHA8eJdHxR8XhM_iH50ge6Uj3MDlO4ceHK9vRKOLRXzi3HOHDQteFfM_gqItDdJFoVC3RMFuO40eoREuOJtN0aHaOrMxJ-KfgMzg3nPrB-cF52FMO_0UZHjOPjz2aOkfZLcVzBT2RJou4QywmodcRZn3xpMi1RvigTw_CfDomWS1-NMnRSyGaRyNRHw_CVNmhcTGHr0O46BP8HId74sVNwkffYz7a6AmuXfiDjh7uBD0SLgvyhRTeHBWVHeR04tSJK9KPJxWYPEPV0MiPTnEOLaEyK8OvoDHqETr-IPRinEmFZ1QlxD-HQ6wIfjmeg8-hmkcc-nhGMkL5aPjRZ4bPRCizGM34oWoyqfgc_Ef-4SoeHdoz3Ic7HqFMCvmhJnFkRHp4eF_xxfCpo7_QHOHD4-kzqBoafsSJMzx-XBTMwfWh4_lTRFNJCZOo5EFPNOWOP3iO_NCkZFPhpulx5DpeHZUSHmcuxA_6HuKS4xfSs4KHNj8-Ef9xhEsrBV9z6H9QZy9e9EaY6Klw7HqK412K41mO20qEa4frrHiED6EUCQl3SkffCPdxHVdx6miuHbdylEFcMegOLX9CxMpRrmieZciPo2RiQku1GNqbHFdy3EauB7wyeAtiSLJ25E4l_HiWoz9-TGlS9ClxlNklOFkSi6j44ELv4sWj5Agl6oTObOh-NI6hSh6RH14zB5cllAtzNFyOS0-QN9fgUAx0RhT-CM0YDdVGPMdk6QjDDyfalzBOWin8eMG7Ck064VmOH2Gi7NCWJY8Q06nR80WtxMXxKFGPJ34ifJnRHH0e5IkuVF8-TLmFa1egSUpDaOl24HpRMtphJlN6iKFYoU8_rEcTM6i343ig7wh9nDqm8sJ1oQ_RVIzxVESs5EOjTK5Q0Ql69LpwtcG14EkeVB-HM4cV5ah45MzRo3koCW2co5mSDA9C-YEWNZM0nGmKZsLnDmfgByqNzTkeHX-K3aRx6_D1BDWPxmEulFKG7ziqRMosOG2iBT961XhU4pSOefipBOUsNNORu_jRKOUWYtKNO3CTDDl-D3ITcggtPqjTaPgRJuqFTk9wy9iVG4eWaip6hD-2KMuJUnzwHE0_on-QB3ovPItT5MekE83lBnnxpS6-KROOciF8HSqPh4ZHWrgzhHGyHpeE_BK-XNASikK_JEZ9oiGL08FvlEvyoZFzQc8S_LpQ85iYRUd-JbhONI1RD88RK7zQTFahvelwPJisFVXi41MuPIzRMCLKF4eijFkslNlxk4Ydhrhy_Hj1FJUYjYPI2MSVKS78lLjxVPAJzR_24zvqHg9fKJJClbie4Q9cDi_UBGGi8EnwrFPgVjOaC89xHleeIE5JCZqpwP8Q6bjwKC_ysYV-hEWTKMuLZw8qidoEH_mh5StyiSLmyE3Ql2jOHGdCrD8uKkjWBWmPXheeBw-aKpNRLjd-4agSkjLCZFEW4zt05eiP5g0eHSovlEwQZhkn_LimEqcu7Oh6hPGg08OlEOFrOItR7viFH72Mpmlw6sIRXVkNLQqjHKGOJzl-4ei1wV1F1MmN_DF-aGsjNGGEZ_jR7EcfzErUwMyJiwv0XEJ-PAuaHz8eJXAk_Tj8CtM349hz5DkeVM4gzheu7UXFRYGu5OjhCjUuQz9-5MeJE810VPGFUFcOsdFRi_jRXkETecet43Tw9PjxQ0u3oE6P88F7XBfcJcdp6IglEY-02PgO_8GtY8xzNKOUG-GDH9fRTGkeVNehRkyOH81u1DGunejpwV8KXWfg_Oh5TKtwaUcl7Qn24eh3iD8uP8Q1TC5-rH7Q7IEmyUHFwEcfPUGVLsNe-BrqP1CuHEIfCc0XB38wXDv6o0kUSXlwJzpQJ0FTEfpV3EUfCk3EY4yiMMT34EHjCNWzI8-D73h59GieG9eeID50CZF-WNaDm4_xwYwy9M2DdzcelBL85QhbPTh0Df0RJpKIvFkcVDvEKrvxHP0n5E-MvnCMSErD4zl-hDzCOBpm7fjEJoWO8rCL6koe_FCto47gkXnwnISPH39iVJlF_MWHpg8eDf_RhnrxHJoyHY5-aF-O8nDzo6aJb0-Qb6iMSFGzOPiPHz-07EEb6saPvbiTo9FzVM4OnT8ulEJzR3hYPGgiCi2x5j3uPEEPHX0YJyh1mEd54VHYoKkWTMoV3Dme47JXlDns5ENP6NGKUFQUGU5e9PiPpk-I8EyKW8IPzfrQhMoDPSHCqoIrobo-PDz-Fc2I0FuOc8fXCYo--AlC9cHqPDieHE2eI3y2Qs8RU0JveE_QXRX-CCXCNGEqnDuOHo3F43lw4T20pDu6-UnxcYGOOiHMLBf6Bz-uFA5uFueL_QrC52jOB38RHvdTSPrxKUdFZWCG-Ei_HP0TBocmNth0hPqOB0eYP9BqVUF-4Tkqw_pRmekQPkeSJwBHhCIGCIGgcIhAMJQCViuNEENIEiIAQIIRoBRRCoGIOADAEE6FIoACJDQxFDCADADCAkKEQIwrBAEFyDGwhHCCGcUFMUY7QhgQGDBkhMDOAAUUIYYZYFglijgQAAAYACGoYwoYQwBwAChCCOEEACCAAEAAQagBgCGjACDKGWEAQdYAwZiDADAvgACWBAUUABoRAgSgwgolCAAIOCQYYEIYrQAAxCgFCVGMMEUEIAIIoQwhhCIAEBJCOKAAMQIAghgxVADAiQACEIcAFY6QhYgEQhhABIHCGIIQAIAQIIhTggkDgSWUIOC8AExAIA0xghFBBGHAYAAAIgwAwAyhBAmDrCACcIOIEIgQxRATQAFgEKNAISaIEIwwqYgwgCAAHAJIGCCQEI4ZIISAjjCGNEGEIMCUEsYRYgATgCihBPMIGIKUIoIIgAQQwDCGlGAAGAAVYwY5QABgDBCBHEcQCGUAUQIQYJQDAhCBAGSIAMCMAQoYQIQBQkgjFBOAEYAcAEIZahBCwAlBAKCAGQMJEQwZZZxAgFkigDLGgIKMAkIRpbAQCiAAFHAAGEUBEp4gogRWiAhukDDOICIwYo4o4MgSEBGEwABEAWWYIU4ggIAjDADECBJUESSwQlQIIRBTxFkhBVLOCGCIY0AIgAQkjBGCjAGQCEIQEggYQYAgHhkgBGBIECAgAQIBYoRBmgAFiDBAIIgJMAQAoIBADgnAAADAWCQJEwEAaRCABgEFGCGUAAABIEIJIAgBAkiBmBAEIICcgRwZIgEQiAACiAOAMAAaJYAQZZgABBiAjHDAAEKZEkI5ARABgAihEJMEAKMJ0AAiAAgFBAJlrCBOMAAENQYCIBAQwBBFDCNGISOEMQoKAAwhAxjHEDQAcIEIQ1AABxiwAkBjjQBMASOAIcwARkqgCDlChEAA"], "genre": ["International"], "musicbrainz_albumid": ["f10c6f56-e6ca-4358-885c-7e97cdeefc5f"], "disctotal": ["1"], "initialkey": ["9A"], "musicbrainz_artistid": ["76e9a2d2-3ea1-40e3-8a0b-d4bec2fb7a19"], "grouping": ["International"], "artist": ["The Faces"], "artistsort": ["Faces, The"], "tracknumber": ["11"], "label": ["Strut Records"], "albumartistsort": ["Various Artists"], "acoustid_id": ["fd35c48a-c407-418d-99fe-83835c1b5a6a"], "script": ["Latin"], "musicbrainz_releasegroupid": ["6608cc7b-b508-3a22-bdb4-e20ce6851d07"]}}, "rhythm": {"bpm_histogram_first_peak_bpm": {"dmean2": 0, "median": 108, "min": 108, "dvar2": 0, "dvar": 0, "dmean": 0, "max": 108, "var": 0, "mean": 108}, "bpm": 106.552085876, "bpm_histogram_second_peak_spread": {"dmean2": 0, "median": 0.274999976158, "min": 0.274999976158, "dvar2": 0, "dvar": 0, "dmean": 0, "max": 0.274999976158, "var": 0, "mean": 0.274999976158}, "bpm_histogram_first_peak_weight": {"dmean2": 0, "median": 0.432900428772, "min": 0.432900428772, "dvar2": 0, "dvar": 0, "dmean": 0, "max": 0.432900428772, "var": 0, "mean": 0.432900428772}, "onset_rate": 6.22814226151, "beats_position": [0.580498874187, 1.16099774837, 1.74149656296, 2.32199549675, 2.90249419212, 3.49460315704, 4.09832191467, 4.69043064117, 5.24770975113, 5.8282084465, 6.39709758759, 6.96598625183, 7.5464849472, 8.12698364258, 8.70748329163, 9.27637195587, 9.84526062012, 10.4025392532, 10.95981884, 11.5170974731, 12.0743761063, 12.6316547394, 13.177324295, 13.722992897, 14.2802715302, 14.8375511169, 15.3948297501, 15.9404983521, 16.4861679077, 17.031835556, 17.5775051117, 18.1463947296, 18.7152824402, 19.272562027, 19.8298416138, 20.3871192932, 20.94439888, 21.5016784668, 22.0589561462, 22.616235733, 23.1735134125, 23.7307929993, 24.2880725861, 24.8453502655, 25.4026298523, 25.948299408, 26.4939670563, 27.0512466431, 27.6085262299, 28.1658039093, 28.7230834961, 29.2803630829, 29.8376407623, 30.3949203491, 30.9638080597, 31.5210876465, 32.0783653259, 32.6472549438, 33.204536438, 33.7618141174, 34.3190917969, 34.8763694763, 35.4336509705, 35.9909286499, 36.5482063293, 37.1054878235, 37.6627655029, 38.2084350586, 38.7541046143, 39.3229942322, 39.8918800354, 40.4607696533, 41.0296592712, 41.5869369507, 42.1442184448, 42.713104248, 43.281993866, 43.8392753601, 44.3965530396, 44.953830719, 45.5111083984, 46.0683898926, 46.625667572, 47.1829452515, 47.7402267456, 48.297504425, 48.8547821045, 49.4120635986, 49.9693412781, 50.538230896, 51.1071205139, 51.6643981934, 52.2216758728, 52.7789573669, 53.3362350464, 53.8935127258, 54.45079422, 55.0080718994, 55.5653495789, 56.122631073, 56.6799087524, 57.2487983704, 57.8176841736, 58.3749656677, 58.9322433472, 59.4895210266, 60.0468025208, 60.6040802002, 61.1729698181, 61.741859436, 62.2991371155, 62.8564147949, 63.4136962891, 63.9709739685, 64.5282516479, 65.0971450806, 65.6660308838, 66.2233123779, 66.7921981812, 67.3610839844, 67.9183654785, 68.4872512817, 69.0561447144, 69.6134262085, 70.1707000732, 70.7279815674, 71.2852630615, 71.8425369263, 72.3998184204, 72.9687042236, 73.5375976562, 74.094871521, 74.6753692627, 75.2674789429, 75.859588623, 76.4400863647, 77.0205917358, 77.6010894775, 78.1699752808, 78.738861084, 79.3193664551, 79.8998641968, 80.491973877, 81.0724716187, 81.6645812988, 82.2334671021, 82.7907485962, 83.3596343994, 83.9169158936, 84.4741897583, 85.0430831909, 85.6119689941, 86.1692504883, 86.7265319824, 87.2954177856, 87.8643035889, 88.421585083, 88.9788665771, 89.5361404419, 90.093421936, 90.6390914917, 91.1963729858, 91.7536468506, 92.3225402832, 92.8798141479, 93.4370956421, 93.9943771362, 94.551651001, 95.1089324951, 95.6662139893, 96.223487854, 96.7807693481, 97.3380508423, 97.895324707, 98.4642181396, 99.0331039429, 99.590385437, 100.147659302, 100.704940796, 101.26222229, 101.819496155, 102.376777649, 102.934059143, 103.491333008, 104.037002563, 104.582672119, 105.139953613, 105.697235107, 106.254508972, 106.811790466, 107.36907196, 107.926345825, 108.483627319, 109.040908813, 109.598182678, 110.155464172, 110.712738037, 111.270019531, 111.827301025, 112.38457489, 112.941856384, 113.499137878, 114.044807434, 114.59047699, 115.147750854, 115.705032349, 116.250701904, 116.807983398, 117.353645325, 117.910926819, 118.456596375, 119.00226593, 119.559547424, 120.116821289, 120.674102783, 121.231384277, 121.800270081, 122.369155884, 122.949661255, 123.541763306, 124.110656738, 124.667930603, 125.236824036, 125.805709839, 126.374603271, 126.943489075, 127.535598755, 128.127700806, 128.708206177, 129.288711548, 129.857589722, 130.426483154, 130.983764648, 131.552658081, 132.121536255, 132.678817749, 133.236099243, 133.793380737, 134.362258911, 134.919540405, 135.476821899, 136.045715332, 136.602996826, 137.171875, 137.740768433, 138.298049927, 138.855331421, 139.424209595, 139.993103027, 140.550384521, 141.107666016, 141.66494751, 142.222213745, 142.791107178, 143.348388672, 143.917282104, 144.486160278, 145.043441772, 145.612335205, 146.169616699, 146.726898193, 147.284164429, 147.841445923, 148.410339355, 148.979232788, 149.536499023, 150.093780518, 150.66267395, 151.231567383, 151.800445557, 152.369338989, 152.926620483, 153.495513916, 154.06439209, 154.621673584, 155.190567017, 155.759460449, 156.316726685, 156.874008179, 157.442901611, 158.011795044, 158.580673218, 159.137954712, 159.695236206, 160.264129639, 160.821395874, 161.378677368, 161.947570801, 162.504852295, 163.073745728, 163.631011963, 164.199905396, 164.768798828, 165.337677002, 165.894958496, 166.463851929, 167.032745361, 167.601623535, 168.170516968, 168.727798462, 169.296691895, 169.877182007, 170.434463501, 171.003356934, 171.572235107, 172.14112854, 172.710021973, 173.278915405, 173.847793579, 174.42829895, 174.997192383, 175.554458618, 176.123352051, 176.703857422, 177.284347534, 177.841629028, 178.410522461, 178.991012573, 179.559906006, 180.1171875, 180.674468994, 181.243347168, 181.812240601, 182.381134033, 182.950012207, 183.51890564, 184.087799072, 184.656692505, 185.225570679, 185.80607605, 186.374969482, 186.943847656, 187.512741089, 188.081634521, 188.650512695, 189.219406128, 189.788299561, 190.357177734, 190.926071167, 191.4949646, 192.063858032, 192.632736206, 193.1900177, 193.758911133, 194.339401245, 194.908294678, 195.488800049, 196.046066284, 196.603347778, 197.172241211, 197.741134644, 198.298416138, 198.867294312, 199.436187744, 200.005081177, 200.573959351, 201.142852783, 201.711746216, 202.28062439, 202.849517822, 203.406799316, 203.975692749, 204.544570923, 205.113464355, 205.682357788, 206.251235962, 206.820129395, 207.389022827, 207.95791626, 208.515182495, 209.084075928, 209.65296936, 210.221862793, 210.790740967, 211.348022461, 211.905303955, 212.485794067, 213.043075562, 213.600357056, 214.169250488, 214.738143921, 215.295410156, 215.85269165, 216.433197021, 217.002075195, 217.570968628, 218.128250122, 218.685531616, 219.254425049, 219.823303223, 220.380584717, 220.949478149, 221.518356323, 222.087249756, 222.656143188, 223.213424683, 223.770706177, 224.339584351, 224.908477783, 225.465759277, 226.034637451, 226.603530884, 227.160812378, 227.718093872, 228.286987305, 228.855865479, 229.424758911, 229.982040405, 230.550918579, 231.119812012, 231.688705444, 232.257598877, 232.826477051, 233.395370483, 233.964263916, 234.53314209, 235.102035522, 235.670928955, 236.239807129, 236.808700562, 237.377593994, 237.934875488, 238.503753662, 239.072647095, 239.629928589, 240.198822021, 240.767700195, 241.336593628, 241.905487061, 242.474365234, 243.043258667, 243.6121521, 244.181045532, 244.738311768, 245.318817139, 245.887710571, 246.456588745, 247.013870239, 247.571151733, 248.163253784, 248.639266968, 249.103668213, 249.55645752, 250.009246826, 250.450424194, 250.891601562, 251.332778931, 251.762359619, 252.191925049, 252.633102417, 253.074279785, 253.53868103, 254.014694214, 254.490692139, 254.931884766, 255.373062134, 255.814239502, 256.232208252, 256.673370361, 257.114562988, 257.555725098, 257.996917725, 258.438079834], "beats_loudness": {"dmean2": 0.0763521939516, "median": 0.0411497019231, "min": 0, "dvar2": 0.00438155652955, "dvar": 0.00147626094986, "dmean": 0.0405353680253, "max": 0.224746584892, "var": 0.00131282105576, "mean": 0.0493266507983}, "danceability": 1.54266607761, "bpm_histogram_second_peak_weight": {"dmean2": 0, "median": 0.0627705603838, "min": 0.0627705603838, "dvar2": 0, "dvar": 0, "dmean": 0, "max": 0.0627705603838, "var": 0, "mean": 0.0627705603838}, "beats_count": 463, "bpm_histogram_second_peak_bpm": {"dmean2": 0, "median": 103, "min": 103, "dvar2": 0, "dvar": 0, "dmean": 0, "max": 103, "var": 0, "mean": 103}, "bpm_histogram_first_peak_spread": {"dmean2": 0, "median": 0.498746871948, "min": 0.498746871948, "dvar2": 0, "dvar": 0, "dmean": 0, "max": 0.498746871948, "var": 0, "mean": 0.498746871948}, "beats_loudness_band_ratio": {"dmean2": [0.376095622778, 0.35006660223, 0.174237459898, 0.0909389331937, 0.19272133708, 0.0621697604656], "median": [0.489570468664, 0.20015604794, 0.072087071836, 0.0357278324664, 0.0591101683676, 0.0203536059707], "min": [0, 0, 0, 0, 0, 0], "dvar2": [0.0978487357497, 0.0687383934855, 0.0371129252017, 0.006393189542, 0.0399083532393, 0.0113321645185], "dvar": [0.0324044898152, 0.0232490859926, 0.011100936681, 0.00216307025403, 0.0134693011642, 0.00418685935438], "dmean": [0.223667994142, 0.194712817669, 0.0969076007605, 0.0496601164341, 0.105347283185, 0.0342892035842], "max": [0.970737218857, 0.951747536659, 0.743656814098, 0.335984736681, 0.794757902622, 0.529395163059], "var": [0.0721404477954, 0.0406486056745, 0.01129989326, 0.00252133188769, 0.0156001988798, 0.00380594213493], "mean": [0.477294057608, 0.246123403311, 0.105496637523, 0.0516534037888, 0.108385510743, 0.0366034954786]}}, "lowlevel": {"barkbands_spread": {"dmean2": 10.514998436, "median": 16.949886322, "min": 0.230984836817, "dvar2": 146.977264404, "dvar": 61.7774810791, "dmean": 6.70488929749, "max": 95.7909317017, "var": 158.546203613, "mean": 18.991765976}, "melbands_spread": {"dmean2": 12.5889377594, "median": 14.6549415588, "min": 0.252171754837, "dvar2": 266.60256958, "dvar": 116.657569885, "dmean": 8.13986110687, "max": 167.97203064, "var": 410.035919189, "mean": 20.4728813171}, "hfc": {"dmean2": 11.7684249878, "median": 14.9563770294, "min": 1.05367503889e-16, "dvar2": 234.530609131, "dvar": 104.784339905, "dmean": 8.04770946503, "max": 171.750610352, "var": 271.577301025, "mean": 19.2643260956}, "barkbands_kurtosis": {"dmean2": 18.0085029602, "median": 2.94287252426, "min": -1.91179251671, "dvar2": 1845.42590332, "dvar": 809.304931641, "dmean": 11.4659996033, "max": 499.053863525, "var": 1137.31213379, "mean": 13.1805858612}, "gfcc": {"mean": [-22.1919231415, 103.052993774, -111.938232422, 37.3122215271, -38.632976532, 9.92223167419, -42.1967658997, 3.90590310097, -15.6387548447, 0.93156850338, -12.1133565903, -1.43899738789, -10.1322069168], "icov": [[0.000273893558187, -0.000690374290571, 0.000481708353618, -0.000708675011992, 0.000534267048351, -0.000727211649064, 0.000831260520499, -0.000838196719997, 0.00107148417737, -0.00100449332967, 0.00126141367946, -0.000992677174509, 0.000641690683551], [-0.000690374290571, 0.00338610471226, -0.00122292432934, 0.00227889884263, -0.00223448150791, 0.00234386580996, -0.00229347450659, 0.00262831733562, -0.00316277192906, 0.0041718473658, -0.00492521515116, 0.00416979473084, -0.00242798053659], [0.000481708353618, -0.00122292432934, 0.00177682668436, -0.00143022055272, 0.000841580622364, -0.00121381133795, 0.00135753909126, -0.00202822708525, 0.00306405057199, -0.00195680302568, 0.00163960747886, -0.00134451570921, 0.00138597760815], [-0.000708675011992, 0.00227889884263, -0.00143022055272, 0.00451322086155, -0.00212589488365, 0.00199299748056, -0.00277895363979, 0.0030121053569, -0.00357943074778, 0.00257381750271, -0.00341627909802, 0.00492479512468, -0.00231641647406], [0.000534267048351, -0.00223448150791, 0.000841580622364, -0.00212589488365, 0.00577027024701, -0.00428241817281, 0.000109759079351, 1.27683024402e-05, -0.00040671241004, -0.0019225286087, 0.00533210719004, -0.00501605123281, 0.0035152931232], [-0.000727211649064, 0.00234386580996, -0.00121381133795, 0.00199299748056, -0.00428241817281, 0.00975766032934, -0.0025628102012, -0.000729975814465, -0.00217274948955, 0.00361059932038, -0.00561993196607, 0.0035131892655, -0.00108582747635], [0.000831260520499, -0.00229347450659, 0.00135753909126, -0.00277895363979, 0.000109759079351, -0.0025628102012, 0.00954263377935, -0.00508981198072, 0.00324915233068, -0.0043838294223, 0.00318364449777, -0.000977160641924, 0.000711652566679], [-0.000838196719997, 0.00262831733562, -0.00202822708525, 0.0030121053569, 1.27683024402e-05, -0.000729975814465, -0.00508981198072, 0.0137928184122, -0.00696516595781, 0.00277628167532, -0.00506628863513, 0.00135353149381, 0.00179035996553], [0.00107148417737, -0.00316277192906, 0.00306405057199, -0.00357943074778, -0.00040671241004, -0.00217274948955, 0.00324915233068, -0.00696516595781, 0.0164424013346, -0.00775011954829, 0.00225587910973, -0.00159351923503, -0.00090488413116], [-0.00100449332967, 0.0041718473658, -0.00195680302568, 0.00257381750271, -0.0019225286087, 0.00361059932038, -0.0043838294223, 0.00277628167532, -0.00775011954829, 0.0162465628237, -0.00552086345851, -0.000775336637162, -0.000305484805722], [0.00126141367946, -0.00492521515116, 0.00163960747886, -0.00341627909802, 0.00533210719004, -0.00561993196607, 0.00318364449777, -0.00506628863513, 0.00225587910973, -0.00552086345851, 0.0182125903666, -0.00722931651399, 0.00100898114033], [-0.000992677174509, 0.00416979473084, -0.00134451570921, 0.00492479512468, -0.00501605123281, 0.0035131892655, -0.000977160641924, 0.00135353149381, -0.00159351923503, -0.000775336637162, -0.00722931651399, 0.0216056518257, -0.0107085565105], [0.000641690683551, -0.00242798053659, 0.00138597760815, -0.00231641647406, 0.0035152931232, -0.00108582747635, 0.000711652566679, 0.00179035996553, -0.00090488413116, -0.000305484805722, 0.00100898114033, -0.0107085565105, 0.0200599338859]], "cov": [[15070.7480469, 446.840515137, -1801.29736328, 357.990539551, -139.20942688, 147.654159546, -503.679290771, 23.7053565979, -251.40045166, 101.588058472, -398.12789917, 112.533813477, -143.76965332], [446.840515137, 1121.38061523, -9.40384101868, -20.8825321198, 125.043914795, 8.58616924286, 52.1815795898, -58.4966888428, 53.7819900513, -161.778274536, 111.360313416, -102.086219788, 41.4587135315], [-1801.29736328, -9.40384101868, 1344.95007324, 76.1753997803, -42.1460571289, 34.5854263306, 48.2460403442, 63.7018051147, -121.382019043, -19.6154060364, 35.6323013306, -62.6786499023, -66.8111114502], [357.990539551, -20.8825321198, 76.1753997803, 522.88494873, 141.995758057, 43.9225502014, 92.6860198975, -12.1291103363, 53.3943367004, 1.74769532681, -22.3610935211, -77.1907348633, -21.2203426361], [-139.20942688, 125.043914795, -42.1460571289, 141.995758057, 483.96963501, 163.704406738, 130.949859619, 26.1780471802, 103.390701294, 19.8311576843, -36.5524711609, 2.93624305725, -35.6627540588], [147.654159546, 8.58616924286, 34.5854263306, 43.9225502014, 163.704406738, 223.502105713, 80.0882110596, 77.7153091431, 45.7496147156, 11.0357761383, 23.0888977051, -5.24026489258, -29.0954666138], [-503.679290771, 52.1815795898, 48.2460403442, 92.6860198975, 130.949859619, 80.0882110596, 221.452484131, 68.819442749, 60.2948532104, 27.1378479004, 21.6736774445, -21.7055625916, -12.3576583862], [23.7053565979, -58.4966888428, 63.7018051147, -12.1291103363, 26.1780471802, 77.7153091431, 68.819442749, 158.976806641, 50.8424301147, 39.1899261475, 34.0761489868, 10.4031496048, -23.9216175079], [-251.40045166, 53.7819900513, -121.382019043, 53.3943367004, 103.390701294, 45.7496147156, 60.2948532104, 50.8424301147, 158.559280396, 46.3086090088, 37.3545951843, 9.01975917816, 17.579044342], [101.588058472, -161.778274536, -19.6154060364, 1.74769532681, 19.8311576843, 11.0357761383, 27.1378479004, 39.1899261475, 46.3086090088, 134.612380981, 8.85510730743, 47.1997032166, 0.278073430061], [-398.12789917, 111.360313416, 35.6323013306, -22.3610935211, -36.5524711609, 23.0888977051, 21.6736774445, 34.0761489868, 37.3545951843, 8.85510730743, 131.213043213, 15.1501626968, 28.3228530884], [112.533813477, -102.086219788, -62.6786499023, -77.1907348633, 2.93624305725, -5.24026489258, -21.7055625916, 10.4031496048, 9.01975917816, 47.1997032166, 15.1501626968, 111.101997375, 38.1774024963], [-143.76965332, 41.4587135315, -66.8111114502, -21.2203426361, -35.6627540588, -29.0954666138, -12.3576583862, -23.9216175079, 17.579044342, 0.278073430061, 28.3228530884, 38.1774024963, 88.6341323853]]}, "spectral_energyband_middle_low": {"dmean2": 0.0131054390222, "median": 0.00654339976609, "min": 1.7831392969e-22, "dvar2": 0.000303707958665, "dvar": 0.000123466234072, "dmean": 0.00826779194176, "max": 0.0858086049557, "var": 0.000149045721628, "mean": 0.0110805118456}, "melbands_crest": {"dmean2": 6.45611381531, "median": 17.4979228973, "min": 1.49819862843, "dvar2": 33.9395675659, "dvar": 13.7828884125, "dmean": 4.03421211243, "max": 37.3558082581, "var": 36.56457901, "mean": 17.5744876862}, "spectral_kurtosis": {"dmean2": 4.05552816391, "median": 5.4787940979, "min": -1.25404810905, "dvar2": 20.237745285, "dvar": 8.03660011292, "dmean": 2.47209882736, "max": 63.6670227051, "var": 15.3231678009, "mean": 6.24758386612}, "spectral_rms": {"dmean2": 0.00238488684408, "median": 0.00526402844116, "min": 3.13656045581e-12, "dvar2": 9.01612747839e-06, "dvar": 4.19816251451e-06, "dmean": 0.00164547271561, "max": 0.0171563271433, "var": 7.43451846574e-06, "mean": 0.00563045218587}, "zerocrossingrate": {"dmean2": 0.0127448448911, "median": 0.0380859375, "min": 0.00341796875, "dvar2": 0.000205642019864, "dvar": 0.000144485136843, "dmean": 0.0103201046586, "max": 0.5263671875, "var": 0.00223544007167, "mean": 0.0456218570471}, "silence_rate_60dB": {"dmean2": 0.0541267134249, "median": 0, "min": 0, "dvar2": 0.0623090900481, "dvar": 0.0263287555426, "dmean": 0.0270609315485, "max": 1, "var": 0.0367154590786, "mean": 0.0381686240435}, "erbbands_kurtosis": {"dmean2": 2.98081851006, "median": -0.150399208069, "min": -1.86198115349, "dvar2": 35.8095779419, "dvar": 15.5051708221, "dmean": 1.89483261108, "max": 86.7629165649, "var": 24.3214550018, "mean": 1.48486721516}, "erbbands": {"dmean2": [0.224048197269, 5.17343950272, 19.3519954681, 14.865696907, 13.4947128296, 35.7980117798, 15.2960205078, 20.3865642548, 30.286113739, 14.8280792236, 14.7571182251, 10.7588386536, 11.949007988, 14.8096561432, 15.7517976761, 21.6318645477, 25.7955322266, 19.2243347168, 21.5132160187, 50.610622406, 29.5745697021, 27.8924865723, 13.5199127197, 8.10428714752, 8.72116374969, 10.6248245239, 5.00328779221, 4.54254579544, 3.14628529549, 2.01587557793, 4.87895393372, 1.35770249367, 0.893524050713, 0.99621540308, 0.396588504314, 0.142447352409, 0.0847884640098, 0.0128811448812, 0.000777571636718, 6.60257937852e-05], "median": [0.0230874922127, 1.1726744175, 6.4279665947, 4.82239866257, 2.28576183319, 3.85285568237, 4.42096376419, 8.56686019897, 12.6779336929, 6.49754428864, 3.97168016434, 3.86594581604, 5.31122684479, 5.03055953979, 6.89038562775, 10.1507787704, 10.5475378036, 10.5768795013, 13.8460474014, 23.8701591492, 20.586681366, 14.8603391647, 9.61689186096, 5.34431934357, 4.58941268921, 3.60820436478, 2.37658905983, 1.50463914871, 0.811204254627, 0.700174689293, 0.744481563568, 0.304592370987, 0.133726447821, 0.136317819357, 0.0359711609781, 0.0109234955162, 0.00280989194289, 0.000498949666508, 8.18283442641e-05, 4.0641916712e-05], "min": [2.63456886259e-23, 9.96377619963e-22, 1.86252619419e-21, 3.21987485137e-21, 2.13851326881e-20, 2.64610344285e-20, 3.91941794112e-20, 3.74700345154e-20, 1.01382086383e-19, 1.90380981728e-19, 2.91877658476e-19, 3.10604277912e-19, 4.35098242974e-19, 8.71716740516e-19, 9.60885569778e-19, 1.1925940588e-18, 1.23215097306e-18, 1.97592727465e-18, 1.8765266348e-18, 3.33175488078e-18, 3.7214462848e-18, 4.89088321555e-18, 4.57350352709e-18, 6.35517612028e-18, 6.61688159043e-18, 7.0874861476e-18, 8.75869290589e-18, 7.91939740608e-18, 9.86154221092e-18, 1.02401270609e-17, 1.16837317649e-17, 9.2901159176e-18, 1.03894786564e-17, 8.61833441801e-18, 6.22216961368e-18, 3.84934164239e-18, 2.39198712864e-18, 9.82184953564e-19, 2.60579677337e-19, 2.69278502529e-20], "dvar2": [0.260051190853, 139.988037109, 1584.38708496, 892.239868164, 441.672729492, 4261.26660156, 688.788391113, 1090.13146973, 2182.38989258, 810.422058105, 1242.69641113, 395.503417969, 370.83190918, 905.344848633, 597.233886719, 1576.46960449, 1833.58618164, 1486.60949707, 1901.96069336, 7389.83544922, 2469.46533203, 2328.86987305, 455.123260498, 171.427734375, 300.760345459, 2185.56616211, 97.758605957, 366.288879395, 405.115142822, 69.994720459, 196.644104004, 9.59085845947, 23.7534408569, 6.93808507919, 3.20895576477, 0.157546699047, 0.0443329624832, 0.00101881870069, 5.45883858649e-06, 1.51421417627e-08], "dvar": [0.103072158992, 52.4962158203, 605.559143066, 319.804779053, 165.567733765, 1793.95056152, 261.887908936, 428.519256592, 844.519287109, 334.184631348, 500.084320068, 167.916320801, 147.636138916, 460.077728271, 253.416625977, 817.449890137, 698.976013184, 592.914428711, 884.984924316, 3569.45629883, 1380.6036377, 1087.57324219, 236.300628662, 71.8665618896, 146.682098389, 841.289428711, 36.7977600098, 146.537384033, 173.298400879, 27.1748371124, 74.7485809326, 3.7234647274, 7.75155210495, 2.67274999619, 1.16125893593, 0.0592995248735, 0.0176997650415, 0.000406916224165, 2.06049821827e-06, 6.04248251435e-09], "dmean": [0.131830975413, 3.00132656097, 11.3178529739, 8.5710849762, 8.00448894501, 23.0690994263, 9.43674564362, 12.5553274155, 18.1060943604, 9.21632480621, 9.20499897003, 6.84001255035, 7.31149673462, 9.1332950592, 9.78499412537, 13.7548208237, 15.695772171, 11.8355131149, 13.7322387695, 33.2659797668, 20.0369606018, 18.3558502197, 8.99748897552, 5.1382727623, 5.48337650299, 6.50780916214, 3.05884218216, 2.74342632294, 1.93338131905, 1.23726475239, 2.92404723167, 0.832598984241, 0.514642119408, 0.619428217411, 0.235791712999, 0.0864245593548, 0.051385961473, 0.00781611073762, 0.000468234560685, 4.22512493969e-05], "max": [2.21603012085, 63.5203170776, 192.011962891, 192.767318726, 168.632354736, 334.307525635, 322.863311768, 383.507965088, 488.689025879, 403.588104248, 419.473175049, 256.753234863, 190.388183594, 721.852111816, 328.617889404, 984.591491699, 400.531219482, 976.008361816, 952.418029785, 1317.6282959, 716.346984863, 635.605041504, 264.873291016, 161.921447754, 1013.58905029, 937.764770508, 95.9359436035, 313.418151855, 584.157287598, 297.000671387, 185.494873047, 31.0781917572, 76.9243927002, 38.067943573, 29.0158405304, 4.39252138138, 2.11770939827, 0.336820065975, 0.0285256765783, 0.00190646294504], "var": [0.0820940211415, 38.6938934326, 501.095794678, 264.92590332, 148.916717529, 1947.44250488, 322.466339111, 728.790161133, 1183.66003418, 634.357116699, 598.84185791, 359.187469482, 192.735580444, 832.489501953, 485.519165039, 2511.04589844, 1572.46875, 1096.97338867, 2105.97827148, 26732.5898438, 6679.05810547, 6952.42724609, 871.885070801, 134.837371826, 360.820770264, 725.05480957, 69.3446044922, 137.377853394, 163.521530151, 23.5368213654, 57.451210022, 3.14911580086, 4.48494625092, 2.21779751778, 0.84441691637, 0.0480872988701, 0.0153968129307, 0.000356482923962, 1.67189296008e-06, 5.8994849006e-09], "mean": [0.124743886292, 3.04991960526, 13.8262462616, 10.471496582, 7.61037111282, 21.8193855286, 11.9634580612, 18.9777832031, 24.6941814423, 14.4274663925, 11.4585361481, 10.6581611633, 9.77477264404, 13.1297540665, 14.6508779526, 21.9244613647, 24.9122390747, 20.4471683502, 26.0896320343, 90.8839187622, 50.5968399048, 51.7000541687, 20.1613674164, 9.010181427, 8.82248687744, 8.34328365326, 5.52121591568, 3.98943209648, 2.32792544365, 1.77489924431, 2.67683148384, 0.839467406273, 0.459999084473, 0.588966846466, 0.208225354552, 0.0799311921, 0.0442834161222, 0.00683172326535, 0.000444399280241, 6.31483489997e-05]}, "spectral_strongpeak": {"dmean2": 0.870180606842, "median": 0.561988532543, "min": 0, "dvar2": 3.14126133919, "dvar": 1.26431715488, "dmean": 0.492382287979, "max": 18.3330097198, "var": 1.72973906994, "mean": 0.882053613663}, "spectral_energy": {"dmean2": 0.0377404876053, "median": 0.0284027438611, "min": 1.0083961746e-20, "dvar2": 0.00360704492778, "dvar": 0.00152330368292, "dmean": 0.0243563465774, "max": 0.301698029041, "var": 0.00169378332794, "mean": 0.0401151366532}, "average_loudness": 0.936650812626, "spectral_rolloff": {"dmean2": 832.730895996, "median": 753.662109375, "min": 21.533203125, "dvar2": 2055728.375, "dvar": 833485.8125, "dmean": 486.344970703, "max": 19616.7480469, "var": 3500761, "mean": 1255.65112305}, "spectral_centroid": {"dmean2": 476.161560059, "median": 1047.07214355, "min": 105.216194153, "dvar2": 314259.1875, "dvar": 138912.40625, "dmean": 306.927185059, "max": 11686.1064453, "var": 1135881.75, "mean": 1205.51489258}, "pitch_salience": {"dmean2": 0.17325642705, "median": 0.445899069309, "min": 0.0265328716487, "dvar2": 0.0255972165614, "dvar": 0.0107326461002, "dmean": 0.111221835017, "max": 0.855939507484, "var": 0.023718116805, "mean": 0.445794075727}, "spectral_energyband_middle_high": {"dmean2": 0.00309102679603, "median": 0.00347264623269, "min": 1.16882761207e-21, "dvar2": 1.48116287164e-05, "dvar": 7.65408003645e-06, "dmean": 0.00208459887654, "max": 0.0436400026083, "var": 3.65510204574e-05, "mean": 0.00565844029188}, "spectral_contrast_coeffs": {"dmean2": [0.100494280457, 0.0950657501817, 0.0825755894184, 0.0717729926109, 0.0484374910593, 0.0329695083201], "median": [-0.583244264126, -0.709888339043, -0.769874811172, -0.754184424877, -0.779590427876, -0.768674373627], "min": [-0.974910318851, -0.977447867393, -0.976144611835, -0.973308324814, -0.968921005726, -0.963574111462], "dvar2": [0.00749021116644, 0.00572610041127, 0.00430480204523, 0.00359441945329, 0.00171046610922, 0.000822493282612], "dvar": [0.00297185196541, 0.00234788493253, 0.00212003919296, 0.00192733481526, 0.000858539424371, 0.000375494651962], "dmean": [0.0635414645076, 0.0596318021417, 0.0553141124547, 0.0501095727086, 0.0326637290418, 0.021943833679], "max": [-0.286110043526, -0.368608862162, -0.497079104185, -0.447415530682, -0.518341004848, -0.612726271152], "var": [0.00958511419594, 0.00673839170486, 0.00658633839339, 0.00994438398629, 0.00534655619413, 0.0019291813951], "mean": [-0.583993315697, -0.707368612289, -0.760483384132, -0.73668974638, -0.763696730137, -0.76941293478]}, "melbands_skewness": {"dmean2": 2.07691383362, "median": 3.04114484787, "min": -1.95548450947, "dvar2": 6.08096027374, "dvar": 2.71464967728, "dmean": 1.37178385258, "max": 21.1015014648, "var": 6.57589817047, "mean": 3.62286567688}, "spectral_spread": {"dmean2": 1096172.375, "median": 3716568.25, "min": 1416610.875, "dvar2": 1868935987200.0, "dvar": 879820275712, "dmean": 736182.4375, "max": 43888356, "var": 11817063546900.0, "mean": 4337935}, "dissonance": {"dmean2": 0.0325843766332, "median": 0.469108760357, "min": 0.278144806623, "dvar2": 0.000982208061032, "dvar": 0.000387248088373, "dmean": 0.0200415384024, "max": 0.499999970198, "var": 0.000828695308883, "mean": 0.461568266153}, "spectral_skewness": {"dmean2": 0.532019555569, "median": 1.72903358936, "min": -0.0729996562004, "dvar2": 0.264971852303, "dvar": 0.110085509717, "dmean": 0.339596122503, "max": 6.84353065491, "var": 0.332653254271, "mean": 1.79963052273}, "spectral_flux": {"dmean2": 0.075566329062, "median": 0.0804131180048, "min": 6.4724864357e-11, "dvar2": 0.00606080424041, "dvar": 0.00339151429944, "dmean": 0.052092242986, "max": 0.465616852045, "var": 0.00724928453565, "mean": 0.108675763011}, "spectral_contrast_valleys": {"dmean2": [0.897112548351, 0.870691180229, 1.00908851624, 0.92287582159, 0.703782200813, 0.664595484734], "median": [-7.43745803833, -6.86913537979, -7.77246570587, -7.87947750092, -7.93418836594, -10.5926380157], "min": [-28.1450099945, -28.1190757751, -27.7523288727, -27.7408332825, -27.5414524078, -27.3676872253], "dvar2": [0.533171474934, 0.627109646797, 0.707260727882, 0.628069996834, 0.408754110336, 0.449312925339], "dvar": [0.27077126503, 0.318457901478, 0.401800960302, 0.352783948183, 0.217754334211, 0.230111896992], "dmean": [0.600103497505, 0.611092090607, 0.735662102699, 0.675981998444, 0.512151896954, 0.505762040615], "max": [-4.94964027405, -4.52600860596, -5.24790334702, -5.54880332947, -5.93617773056, -8.08358192444], "var": [3.90934991837, 4.00124979019, 3.9968252182, 3.92398548126, 3.66991090775, 2.78627467155], "mean": [-7.60001182556, -7.1151881218, -7.99463796616, -8.11328887939, -8.12051773071, -10.7282075882]}, "erbbands_flatness_db": {"dmean2": 0.0342708937824, "median": 0.167785167694, "min": 0.0243187341839, "dvar2": 0.0010