{"tonal": {"thpcp": [1, 0.598848164082, 0.115603893995, 0.11239439249, 0.0625290125608, 0.172679498792, 0.307116061449, 0.176464766264, 0.0823812484741, 0.128822639585, 0.110416650772, 0.293389052153, 0.400458157063, 0.17935231328, 0.381655722857, 0.746021270752, 0.451936930418, 0.130582973361, 0.121609583497, 0.0785812363029, 0.376481920481, 0.682166516781, 0.371436983347, 0.126583069563, 0.131642460823, 0.0836965665221, 0.448692083359, 0.692121148109, 0.325040996075, 0.285136371851, 0.453137129545, 0.236462071538, 0.143962949514, 0.195183008909, 0.11447597295, 0.480093479156], "hpcp": {"dmean2": [0.152045443654, 0.137974143028, 0.0647509992123, 0.0426500588655, 0.045088596642, 0.112899981439, 0.155646204948, 0.112141355872, 0.0549243092537, 0.0446693263948, 0.0460177063942, 0.107950031757, 0.134781375527, 0.112547233701, 0.084392875433, 0.0980289205909, 0.0763383582234, 0.0479893684387, 0.0538472346961, 0.054869312793, 0.122002996504, 0.171429201961, 0.134009733796, 0.0457089319825, 0.0373150035739, 0.0338031239808, 0.0611593276262, 0.0879357382655, 0.0655517056584, 0.0396062657237, 0.0441375896335, 0.0542052835226, 0.109388373792, 0.123614400625, 0.074611030519, 0.105166643858], "median": [0.0572863221169, 0.0356562100351, 0.00383060891181, 0.00159441039432, 0.00385344680399, 0.0377852469683, 0.0592689290643, 0.0381875410676, 0.00371312932111, 0.00185849948321, 0.00447409367189, 0.0215065255761, 0.0333039574325, 0.0255420170724, 0.00831727683544, 0.00666587473825, 0.00510953273624, 0.00552188139409, 0.00525036873296, 0.00568971270695, 0.0707733854651, 0.140955999494, 0.0893642380834, 0.00765024870634, 0.00221906253137, 0.00257062283345, 0.00477889506146, 0.00720400596038, 0.00640188530087, 0.00401336606592, 0.00290179881267, 0.00402495497838, 0.0226181000471, 0.0301127396524, 0.0181625988334, 0.0311834942549], "min": [0, 8.0184536273e-06, 1.21189650599e-05, 2.50722700912e-06, 4.98422105011e-06, 0, 0, 0, 0, 0, 0, 0, 0, 0, 0, 0, 0, 0, 0, 0, 7.74354418809e-07, 3.53494442606e-06, 8.50823653309e-06, 4.98159715789e-06, 0, 0, 0, 0, 0, 0, 0, 0, 0, 0, 0, 0], "dvar2": [0.0689937621355, 0.0597468577325, 0.0235814452171, 0.016770510003, 0.0134648075327, 0.0369169190526, 0.0706017911434, 0.0337818786502, 0.0237399376929, 0.0208444371819, 0.0125905927271, 0.0377694703639, 0.065085567534, 0.0418594107032, 0.0337056703866, 0.052124414593, 0.0277748592198, 0.0160506609827, 0.0225840229541, 0.0198442526162, 0.038470774889, 0.0728755518794, 0.0397036969662, 0.0148886656389, 0.0167384129018, 0.0144411465153, 0.021866902709, 0.0463996641338, 0.0250985529274, 0.0142199881375, 0.0247997753322, 0.0191026125103, 0.0493102818727, 0.0573611110449, 0.0203915666789, 0.0315537564456], "dvar": [0.0340517573059, 0.024314371869, 0.00942934583873, 0.00743858935311, 0.00486771203578, 0.0156106250361, 0.0358826816082, 0.0141552435234, 0.0101102404296, 0.00981162674725, 0.00454252492636, 0.0156833361834, 0.031310942024, 0.0157440342009, 0.0141701679677, 0.0259717348963, 0.0117788957432, 0.00692350091413, 0.0105565432459, 0.00733652012423, 0.0156986583024, 0.0380866900086, 0.0181189607829, 0.00598836364225, 0.00732197705656, 0.00549147510901, 0.00913602579385, 0.0225310120732, 0.0104026775807, 0.00530991284177, 0.0100353360176, 0.00715376483276, 0.0206601787359, 0.0282204970717, 0.00802006665617, 0.0124210771173], "dmean": [0.0970754176378, 0.0846339091659, 0.0381734967232, 0.025527536869, 0.0255120880902, 0.0697468146682, 0.0981918722391, 0.0694550797343, 0.0321288108826, 0.0265935324132, 0.0267131831497, 0.0672821551561, 0.0829950720072, 0.0664535239339, 0.0523162707686, 0.0604124814272, 0.0460833534598, 0.0287334360182, 0.0332832746208, 0.0317048355937, 0.0755122900009, 0.108136303723, 0.0859108418226, 0.0273297503591, 0.0228739716113, 0.019569164142, 0.0372108221054, 0.0526522733271, 0.0393995344639, 0.0227442476898, 0.0251589696854, 0.030998274684, 0.0664854869246, 0.0770954415202, 0.045055475086, 0.065021879971], "max": [1, 1, 1, 1, 1, 1, 1, 1, 1, 1, 1, 1, 1, 1, 1, 1, 1, 1, 1, 1, 1, 1, 1, 1, 1, 1, 1, 1, 1, 1, 1, 1, 1, 1, 1, 1], "var": [0.131336659193, 0.0536847673357, 0.0171339903027, 0.0253249406815, 0.00638312473893, 0.0374496132135, 0.120825819671, 0.0346875116229, 0.0214140135795, 0.02932064794, 0.00557127734646, 0.0608635395765, 0.133967280388, 0.030226835981, 0.0412951521575, 0.103480175138, 0.0283638015389, 0.021856315434, 0.0408777445555, 0.0111174955964, 0.0420322716236, 0.158326163888, 0.0612971000373, 0.0130232740194, 0.0213374458253, 0.00680888723582, 0.0204630754888, 0.0676210597157, 0.0214528236538, 0.00860004778951, 0.0295446980745, 0.0143041405827, 0.040190462023, 0.0706557333469, 0.0128042791039, 0.0378802865744], "mean": [0.265326350927, 0.160733729601, 0.0464425161481, 0.0432510823011, 0.0279478281736, 0.133897766471, 0.242616087198, 0.13210350275, 0.0450199320912, 0.0468193292618, 0.029767120257, 0.15957967937, 0.24615649879, 0.115602530539, 0.101410239935, 0.161160588264, 0.0840989723802, 0.0512011758983, 0.0694178566337, 0.0407139770687, 0.170747756958, 0.355655223131, 0.212983474135, 0.0411151275039, 0.0399736538529, 0.0222387686372, 0.0614143647254, 0.10922742635, 0.0627606138587, 0.0292993206531, 0.0458164438605, 0.0392702594399, 0.104345351458, 0.14242503047, 0.063787586987, 0.135737851262]}, "tuning_equal_tempered_deviation": 0.0262692980468, "chords_changes_rate": 0.0401955470443, "key_key": "A", "tuning_diatonic_strength": 0.530944764614, "key_scale": "major", "chords_number_rate": 0.00235379324295, "tuning_frequency": 456.570251465, "tuning_nontempered_energy_ratio": 0.601347029209, "chords_histogram": [35.6328086853, 5.19645118713, 22.7593708038, 2.0459895134, 4.52652549744, 0.506970822811, 0.0181061010808, 0.778562366962, 0, 0, 0.850986778736, 0, 0, 0, 0.0905305072665, 2.95129466057, 0, 4.1825094223, 1.41227591038, 3.58500814438, 2.62538480759, 3.72985696793, 6.21039295197, 2.89697623253], "key_strength": 0.827234864235, "chords_key": "A", "chords_strength": {"dmean2": 0.00552808213979, "median": 0.508599877357, "min": 0.200503855944, "dvar2": 3.54931253241e-05, "dvar": 4.71391285828e-05, "dmean": 0.00820596609265, "max": 0.751343727112, "var": 0.00919914059341, "mean": 0.499755293131}, "chords_scale": "major", "hpcp_entropy": {"dmean2": 0.701181411743, "median": 1.36425793171, "min": 0.0331793688238, "dvar2": 0.456986904144, "dvar": 0.186574593186, "dmean": 0.422802716494, "max": 4.25079250336, "var": 0.417609512806, "mean": 1.38058817387}}, "metadata": {"audio_properties": {"equal_loudness": 0, "codec": "flac", "downmix": "mix", "sample_rate": 44100, "analysis_sample_rate": 44100, "bit_rate": 0, "md5_encoded": "81919e806babc403132605c0a7b9c11e", "length": 256.42666626, "replay_gain": 0.576261520386, "lossless": true}, "version": {"essentia_build_sha": "70f2e5ece6736b2c40cc944ad0e695b16b925413", "essentia": "2.1-beta2", "extractor": "music 1.0", "essentia_git_sha": "v2.1_beta2"}, "tags": {"title": ["Trio in D minor, Hob. XV:23: II. Adagio ma non troppo"], "barcode": ["761203973125"], "media": ["CD"], "albumartist": ["Joseph Haydn; Trio 1790"], "tracktotal": ["9"], "releasetype": ["album"], "musicbrainz_recordingid": ["0c7c24d4-9155-44b5-902b-4128fa83a4bb"], "musicbrainz_albumartistid": ["c130b0fb-5dce-449d-9f40-1437f889f7fe", "375f7fde-17e0-4767-a4e7-14c5a1556c4f"], "musicbrainz_releasetrackid": ["b8f6a701-15a3-479f-a6cf-2de4963b8010"], "album": ["Complete Piano Trios, Vol. 4"], "catalognumber": ["999 731-2"], "releasecountry": ["DE"], "date": ["2002"], "file_name": "08 - Joseph Haydn - Trio in D minor, Hob. XV:23: II. Adagio ma non troppo.flac", "musicbrainz_releasegroupid": ["9b0cadcc-6f34-475c-b586-d73bdaacf4cd"], "musicbrainz_artistid": ["c130b0fb-5dce-449d-9f40-1437f889f7fe"], "originaldate": ["2002"], "musicbrainz_albumid": ["b0611f7f-eb48-4faf-a0a0-bd96f7c2d5cc"], "artist": ["Joseph Haydn"], "totaltracks": ["9"], "artistsort": ["Haydn, Joseph"], "tracknumber": ["8"], "label": ["Classic Produktion Osnabr\u00fcck"], "albumartistsort": ["Haydn, Joseph; Trio 1790"], "script": ["Latn"], "releasestatus": ["official"]}}, "rhythm": {"bpm_histogram_first_peak_bpm": {"dmean2": 0, "median": 185, "min": 185, "dvar2": 0, "dvar": 0, "dmean": 0, "max": 185, "var": 0, "mean": 185}, "bpm": 184.570556641, "bpm_histogram_second_peak_spread": {"dmean2": 0, "median": 0, "min": 0, "dvar2": 0, "dvar": 0, "dmean": 0, "max": 0, "var": 0, "mean": 0}, "bpm_histogram_first_peak_weight": {"dmean2": 0, "median": 0.140752866864, "min": 0.140752866864, "dvar2": 0, "dvar": 0, "dmean": 0, "max": 0.140752866864, "var": 0, "mean": 0.140752866864}, "onset_rate": 2.91684818268, "beats_position": [0.476009070873, 0.96362811327, 1.45124709606, 1.93886613846, 2.42648530006, 2.91410422325, 3.49460315704, 4.06349182129, 4.60916090012, 5.16644001007, 5.73532867432, 6.26938772202, 6.81505680084, 7.33750534058, 7.85995435715, 8.38240337372, 8.99773216248, 9.61306095123, 10.2167797089, 10.8553285599, 11.4706573486, 12.0859861374, 12.7013149261, 13.3398637772, 13.9319725037, 14.5356912613, 15.1045799255, 15.6734695435, 16.2539672852, 16.8228569031, 17.391746521, 17.995464325, 18.575963974, 19.1564617157, 19.7950115204, 20.4335594177, 21.0953292847, 21.7570972443, 22.4420852661, 23.1270751953, 23.8236732483, 24.5202713013, 25.2052612305, 25.8902492523, 26.563627243, 27.2718353271, 27.9684352875, 28.6882534027, 29.3964614868, 30.1162815094, 30.8128795624, 31.5210876465, 32.2292976379, 32.9491157532, 33.6573219299, 34.2842636108, 34.9228096008, 35.5613594055, 36.1999092102, 36.8384590149, 37.4770050049, 38.1271629333, 38.7773246765, 39.427482605, 40.0776405334, 40.7161903381, 41.3663482666, 42.0048980713, 42.6434440613, 43.281993866, 43.9089317322, 44.5358734131, 45.1628112793, 45.801361084, 46.439907074, 47.0900688171, 47.7750549316, 48.4600448608, 49.1218147278, 49.7951927185, 50.4569587708, 51.1187286377, 51.7572784424, 52.3958282471, 53.0343742371, 53.661315918, 54.299861908, 54.9151916504, 55.5421295166, 56.1690673828, 56.8076171875, 57.4461669922, 58.0731048584, 58.7000427246, 59.3269844055, 59.9655303955, 60.6040802002, 61.2890701294, 61.9856681824, 62.6938781738, 63.4020843506, 64.0406341553, 64.6675720215, 65.3061218262, 65.9446716309, 66.5599975586, 67.1753311157, 67.7906570435, 68.4059829712, 69.0329208374, 69.6482543945, 70.2519683838, 70.8673019409, 71.4710159302, 72.0979614258, 72.7132873535, 73.3402252197, 73.9555511475, 74.5476608276, 75.1397705078, 75.731880188, 76.3472061157, 76.9509277344, 77.554649353, 78.1583633423, 78.7504730225, 79.2148742676, 79.7024917603, 80.1901092529, 80.584854126, 80.9447631836, 81.2814483643, 81.6181411743, 81.9432220459, 82.2682952881, 82.5933761597, 82.9300689697, 83.2667541504, 83.626663208, 83.9633560181, 84.3116531372, 84.6715621948, 85.019859314, 85.3797683716, 85.7512893677, 86.1228103638, 86.4711074829, 86.8310165405, 87.1909255981, 87.5624465942, 87.8991394043, 88.235824585, 88.572517395, 88.8975982666, 89.2342834473, 89.5709762573, 89.907661438, 90.2327423096, 90.5578231812, 90.8829040527, 91.2079772949, 91.5330581665, 91.8581390381, 92.2064361572, 92.5547409058, 92.9030380249, 93.251335144, 93.6112442017, 93.9711532593, 94.3194503784, 94.6793670654, 95.0624923706, 95.4107894897, 95.7590942383, 96.1073913574, 96.4440765381, 96.7691574097, 97.0942382812, 97.4309310913, 97.767616272, 98.0926971436, 98.4293823242, 98.7544631958, 99.0563278198, 99.381401062, 99.6948699951, 100.008346558, 100.310203552, 100.612060547, 100.92552948, 101.238998413, 101.552467346, 101.865936279, 102.179405212, 102.504486084, 102.829566956, 103.166259766, 103.502944946, 103.851242065, 104.211151123, 104.536231995, 104.861312866, 105.198005676, 105.534690857, 105.859771729, 106.196456909, 106.556373596, 106.904670715, 107.252967834, 107.589660645, 107.926345825, 108.263038635, 108.599723816, 108.948028564, 109.296325684, 109.633010864, 109.969703674, 110.318000793, 110.643081665, 110.979774475, 111.304847717, 111.641540527, 111.978225708, 112.314918518, 112.651611328, 112.965080261, 113.290153503, 113.615234375, 113.940315247, 114.25378418, 114.567253113, 114.880722046, 115.194190979, 115.519271851, 115.832740784, 116.169433594, 116.506118774, 116.842811584, 117.191108704, 117.539405823, 117.887710571, 118.23600769, 118.572692871, 118.909385681, 119.246078491, 119.582763672, 119.907844543, 120.244529724, 120.581222534, 120.906303406, 121.242988586, 121.591293335, 121.939590454, 122.276275635, 122.601356506, 122.926437378, 123.25151825, 123.576599121, 123.901672363, 124.226753235, 124.551834106, 124.86530304, 125.178771973, 125.492240906, 125.805709839, 126.13079071, 126.444259644, 126.746116638, 127.059593201, 127.384666443, 127.709747314, 128.034820557, 128.371520996, 128.708206177, 129.056503296, 129.404800415, 129.753097534, 130.101409912, 130.438095093, 130.774780273, 131.111465454, 131.448165894, 131.773239136, 132.098312378, 132.423400879, 132.748474121, 133.061950684, 133.375411987, 133.700500488, 134.02557373, 134.350662231, 134.664123535, 134.977600098, 135.291061401, 135.604537964, 135.929611206, 136.266296387, 136.614593506, 136.974502563, 137.334411621, 137.694335938, 138.054244995, 138.390930176, 138.727615356, 139.064300537, 139.401000977, 139.876998901, 140.341400146, 140.794189453, 141.258590698, 141.734603882, 142.210617065, 142.68661499, 143.151016235, 143.603805542, 144.068206787, 144.520996094, 144.985397339, 145.426574707, 145.844528198, 146.262496948, 146.657226562, 147.051971436, 147.43510437, 147.818222046, 148.224578857, 148.61932373, 149.025665283, 149.443618774, 149.849975586, 150.256317139, 150.674285889, 151.09223938, 151.51020813, 151.858505249, 152.206802368, 152.543487549, 152.880172729, 153.263305664, 153.646438599, 154.041183472, 154.435913086, 154.842269897, 155.24861145, 155.631744385, 156.014877319, 156.397994995, 156.78112793, 157.164260864, 157.547393799, 157.930511475, 158.325256348, 158.720001221, 159.14956665, 159.567520142, 159.99710083, 160.42666626, 160.925888062, 161.401901245, 161.889526367, 162.342315674, 162.79510498, 163.259490967, 163.723892212, 164.188293457, 164.641082764, 165.09387207, 165.535049438, 165.987838745, 166.463851929, 166.928253174, 167.392654419, 167.845443726, 168.298233032, 168.762634277, 169.227020264, 169.656600952, 170.086166382, 170.492507935, 170.910476685, 171.340042114, 171.769607544, 172.199172974, 172.547485352, 172.907394409, 173.267303467, 173.627212524, 173.963897705, 174.300582886, 174.637283325, 174.973968506, 175.310653687, 175.635726929, 175.96081543, 176.29750061, 176.657409668, 177.028930664, 177.40045166, 177.771972656, 178.131881714, 178.468566895, 178.793640137, 179.141952515, 179.490249634, 179.850158691, 180.186843872, 180.535140991, 180.88343811, 181.231735229, 181.55682373, 181.870285034, 182.183761597, 182.508834839, 182.83392334, 183.158996582, 183.507293701, 183.832382202, 184.180679321, 184.52897644, 184.888885498, 185.248794556, 185.597091675, 185.922180176, 186.247253418, 186.583938599, 186.932235718, 187.292144775, 187.640457153, 187.988754272, 188.337051392, 188.662124634, 188.987213135, 189.300674438, 189.614151001, 189.927612305, 190.229476929, 190.542938232, 190.856414795, 191.181488037, 191.506576538, 191.83164978, 192.156738281, 192.470199585, 192.795272827, 193.120361328, 193.584762573, 194.049163818, 194.525161743, 195.001174927, 195.488800049, 195.976409912, 196.440811157, 196.893600464, 197.346389771, 197.799179077, 198.251968384, 198.716369629, 199.192382812, 199.668380737, 200.132781982, 200.597183228, 201.049972534, 201.514373779, 201.967163086, 202.327072144, 202.686981201, 203.03527832, 203.371963501, 203.70866394, 204.05696106, 204.39364624, 204.730331421, 205.07862854, 205.415328979, 205.740402222, 206.077087402, 206.413787842, 206.773696899, 207.145217896, 207.516723633, 207.888244629, 208.259765625, 208.631286621, 209.002807617, 209.362716675, 209.711013794, 210.070922852, 210.430831909, 210.779129028, 211.127426147, 211.487350464, 211.858856201, 212.230377197, 212.567077637, 212.892150879, 213.22883606, 213.565536499, 213.90222168, 214.250518799, 214.598815918, 214.947113037, 215.295410156, 215.620498657, 215.945571899, 216.2706604, 216.595733643, 216.920806885, 217.245895386, 217.570968628, 217.896057129, 218.221130371, 218.546203613, 218.859680176, 219.173141479, 219.49822998, 219.811691284, 220.125167847, 220.427032471, 220.752105713, 221.077178955, 221.413879395, 221.773788452, 222.122085571, 222.447158813, 222.760635376, 223.085708618, 223.399185181, 223.724258423, 224.037734985, 224.351196289, 224.664672852, 224.978134155, 225.303222656, 225.628295898, 225.953369141, 226.30166626, 226.649978638, 226.986663818, 227.323348999, 227.694869995, 228.054779053, 228.41468811, 228.786209106, 229.157730103, 229.51763916, 229.877548218, 230.237457275, 230.608978271, 230.968887329, 231.317184448, 231.665481567, 232.025390625, 232.385299683, 232.74520874, 233.105117798, 233.465026855, 233.824935913, 234.196456909, 234.567977905, 234.927886963, 235.299407959, 235.670928955, 236.030838013, 236.379135132, 236.727432251, 237.07572937, 237.412414551, 237.760726929, 238.097412109, 238.43409729, 238.770782471, 239.119094849, 239.479003906, 239.838912964, 240.198822021, 240.558731079, 240.918640137, 241.278549194, 241.638458252, 241.99836731, 242.358276367, 242.729797363, 243.101318359, 243.461227417, 243.86756897, 244.273925781, 244.680267334, 245.086624146, 245.539413452, 245.9921875, 246.444976807, 246.897766113, 247.35055542, 247.814956665, 248.27935791, 248.743759155, 249.196548462, 249.649337769, 250.090515137, 250.531692505, 250.972869873, 251.414047241, 251.866836548, 252.308029175, 252.725982666, 253.143936157, 253.561904907, 253.979858398, 254.39781189, 254.804168701, 255.210510254, 255.616867065], "beats_loudness": {"dmean2": 0.0250818170607, "median": 0.0123308487236, "min": 7.48420279706e-06, "dvar2": 0.00158608343918, "dvar": 0.000537666317541, "dmean": 0.0148639995605, "max": 0.273472487926, "var": 0.00107778725214, "mean": 0.0220367964357}, "danceability": 0.893632054329, "bpm_histogram_second_peak_weight": {"dmean2": 0, "median": 0.134206220508, "min": 0.134206220508, "dvar2": 0, "dvar": 0, "dmean": 0, "max": 0.134206220508, "var": 0, "mean": 0.134206220508}, "beats_count": 612, "bpm_histogram_second_peak_bpm": {"dmean2": 0, "median": 178, "min": 178, "dvar2": 0, "dvar": 0, "dmean": 0, "max": 178, "var": 0, "mean": 178}, "bpm_histogram_first_peak_spread": {"dmean2": 0, "median": 0, "min": 0, "dvar2": 0, "dvar": 0, "dmean": 0, "max": 0, "var": 0, "mean": 0}, "beats_loudness_band_ratio": {"dmean2": [0.174486801028, 0.303268700838, 0.367396771908, 0.151813834906, 0.0578776188195, 0.0168965049088], "median": [0.0533373057842, 0.276697903872, 0.366321802139, 0.0610225349665, 0.0204932130873, 0.00326254032552], "min": [0.00111798767466, 0.000471840030514, 5.57547500648e-05, 9.8152559076e-05, 7.46598598198e-05, 6.72523947287e-06], "dvar2": [0.0530425198376, 0.0791153609753, 0.103033356369, 0.0474789328873, 0.00978935137391, 0.00126421730965], "dvar": [0.0202584099025, 0.0290420241654, 0.0398140735924, 0.0202339906245, 0.0037164457608, 0.000440406874986], "dmean": [0.100735537708, 0.181383416057, 0.220542714, 0.0899639055133, 0.033493719995, 0.00943659711629], "max": [0.999036371708, 0.959200203419, 0.978892505169, 0.953649163246, 0.652471363544, 0.194810986519], "var": [0.0377460084856, 0.0612993501127, 0.0796692445874, 0.0314957909286, 0.00446074362844, 0.000354453601176], "mean": [0.134021192789, 0.314038455486, 0.411111652851, 0.123101316392, 0.0399002581835, 0.00892490521073]}}, "lowlevel": {"barkbands_spread": {"dmean2": 2.7252099514, "median": 7.16597223282, "min": 0.217847645283, "dvar2": 10.0446567535, "dvar": 4.49681901932, "dmean": 1.84116971493, "max": 40.7593917847, "var": 32.3882369995, "mean": 8.50761699677}, "melbands_spread": {"dmean2": 3.56034111977, "median": 9.01370811462, "min": 0.0903275161982, "dvar2": 19.8340911865, "dvar": 10.1001615524, "dmean": 2.45941543579, "max": 73.9834442139, "var": 72.4873123169, "mean": 11.263502121}, "hfc": {"dmean2": 3.72398352623, "median": 4.22707986832, "min": 6.00912244408e-06, "dvar2": 90.725479126, "dvar": 50.0168418884, "dmean": 2.85221004486, "max": 214.513061523, "var": 251.991287231, "mean": 9.43118476868}, "barkbands_kurtosis": {"dmean2": 15.8920469284, "median": 4.16302251816, "min": -1.71460723877, "dvar2": 13474.4257812, "dvar": 4048.09985352, "dmean": 9.03012657166, "max": 1674.62512207, "var": 6353.91455078, "mean": 14.9000778198}, "gfcc": {"mean": [-143.381942749, 139.478393555, -139.089630127, -3.69305157661, -59.6714019775, -21.5143699646, -34.3222885132, -8.50096225739, -18.6655979156, -6.07607030869, -11.4499616623, -3.99407362938, -8.86073207855], "icov": [[0.00025980710052, -0.000105505074316, 0.000466492696432, -0.000333590520313, 0.000626470718998, 9.05039487407e-05, 0.000609857437667, -0.000107148400275, 0.000626977416687, 0.000116922296002, 0.000444057921413, -4.71241719424e-06, 0.000388270127587], [-0.000105505074316, 0.00260454881936, -0.00130038289353, 0.00217814277858, -0.00221967720427, 0.00265369494446, -0.00181671127211, 0.00243322271854, -0.00162577605806, 0.00292259361595, -0.00196115439758, 0.00187658716459, -0.000329033122398], [0.000466492696432, -0.00130038289353, 0.00272308383137, -0.0012190862326, 0.000825505063403, -0.00142557744402, 0.00215327646583, -0.00136791809928, 0.00161512452178, -0.00145798013546, 0.00209236517549, -0.000951008114498, 0.000740436371416], [-0.000333590520313, 0.00217814277858, -0.0012190862326, 0.00500091491267, -0.00347602670081, 0.00146271684207, -0.0013550601434, 0.00211479584686, -0.0012960457243, 0.00247620325536, -0.00174647930544, 0.00200320547447, -3.13049276883e-05], [0.000626470718998, -0.00221967720427, 0.000825505063403, -0.00347602670081, 0.00963529851288, -0.00350584927946, 0.00266840029508, -0.00237965863198, 0.00331359915435, -0.00427399110049, 0.00264839432202, -0.00185939460061, 0.00135284522548], [9.05039487407e-05, 0.00265369494446, -0.00142557744402, 0.00146271684207, -0.00350584927946, 0.00957158301026, -0.00476705189794, 0.0016409602249, -0.00110540702008, 0.00350901088677, -0.00165387045126, 0.00117481243797, -0.000418145529693], [0.000609857437667, -0.00181671127211, 0.00215327646583, -0.0013550601434, 0.00266840029508, -0.00476705189794, 0.00996868405491, -0.00443969527259, 0.00128750689328, 0.000419941265136, 0.00185229023919, 0.000109994252853, 0.000653342111036], [-0.000107148400275, 0.00243322271854, -0.00136791809928, 0.00211479584686, -0.00237965863198, 0.0016409602249, -0.00443969527259, 0.0103896278888, -0.00393912848085, 0.00126109924167, -0.00147981534246, 0.00131211278494, 0.00108510069549], [0.000626977416687, -0.00162577605806, 0.00161512452178, -0.0012960457243, 0.00331359915435, -0.00110540702008, 0.00128750689328, -0.00393912848085, 0.0107277585194, -0.00278301932849, 0.000471225357614, 0.000436711212387, 0.00138116593007], [0.000116922296002, 0.00292259361595, -0.00145798013546, 0.00247620325536, -0.00427399110049, 0.00350901088677, 0.000419941265136, 0.00126109924167, -0.00278301932849, 0.0121245561168, -0.00290386867709, 0.00178271217737, 0.00047150827595], [0.000444057921413, -0.00196115439758, 0.00209236517549, -0.00174647930544, 0.00264839432202, -0.00165387045126, 0.00185229023919, -0.00147981534246, 0.000471225357614, -0.00290386867709, 0.0101477587596, -0.00542847393081, 0.00215223408304], [-4.71241719424e-06, 0.00187658716459, -0.000951008114498, 0.00200320547447, -0.00185939460061, 0.00117481243797, 0.000109994252853, 0.00131211278494, 0.000436711212387, 0.00178271217737, -0.00542847393081, 0.0138444602489, -0.00556943379343], [0.000388270127587, -0.000329033122398, 0.000740436371416, -3.13049276883e-05, 0.00135284522548, -0.000418145529693, 0.000653342111036, 0.00108510069549, 0.00138116593007, 0.00047150827595, 0.00215223408304, -0.00556943379343, 0.0118848886341]], "cov": [[15063.1132812, -582.15435791, -2335.06103516, 413.040100098, -1035.85522461, -951.902282715, -796.144165039, -694.359436035, -608.17791748, -529.37878418, -255.826629639, -182.626998901, -117.646629333], [-582.15435791, 1320.78601074, 249.311080933, -326.64276123, 3.60300731659, -171.265289307, 25.457069397, -128.32925415, 55.6591644287, -119.676101685, 56.1749305725, -48.8454704285, 8.29047298431], [-2335.06103516, 249.311080933, 1020.28619385, 18.1894607544, 257.524597168, 132.188308716, -2.26160407066, 67.5617599487, 13.9690828323, 115.733451843, -52.3336868286, 13.3816452026, -1.5038100481], [413.040100098, -326.64276123, 18.1894607544, 407.126434326, 86.2113113403, 34.914855957, -32.4489822388, -14.8524932861, -44.4488143921, 3.77552938461, -32.8727416992, -26.8690242767, -29.6653385162], [-1035.85522461, 3.60300731659, 257.524597168, 86.2113113403, 265.607147217, 99.3960876465, 16.5661716461, 44.6714515686, -3.00346589088, 77.5062408447, -13.0231046677, 8.17714691162, -10.1380872726], [-951.902282715, -171.265289307, 132.188308716, 34.914855957, 99.3960876465, 265.173034668, 140.450134277, 90.5291748047, 29.305185318, 8.32957172394, -4.53017568588, 3.9702796936, -0.813066244125], [-796.144165039, 25.457069397, -2.26160407066, -32.4489822388, 16.5661716461, 140.450134277, 258.196960449, 116.15133667, 62.9397506714, -29.0233631134, 1.20282793045, -24.9616794586, -13.0512294769], [-694.359436035, -128.32925415, 67.5617599487, -14.8524932861, 44.6714515686, 90.5291748047, 116.15133667, 209.488296509, 81.6627731323, 36.4211273193, 6.30182409286, -16.2715835571, -32.2297134399], [-608.17791748, 55.6591644287, 13.9690828323, -44.4488143921, -3.00346589088, 29.305185318, 62.9397506714, 81.6627731323, 167.01260376, 32.0452308655, 29.0890617371, -19.1511898041, -24.0431022644], [-529.37878418, -119.676101685, 115.733451843, 3.77552938461, 77.5062408447, 8.32957172394, -29.0233631134, 36.4211273193, 32.0452308655, 163.231445312, 22.740316391, 11.8973903656, -12.2210149765], [-255.826629639, 56.1749305725, -52.3336868286, -32.8727416992, -13.0231046677, -4.53017568588, 1.20282793045, 6.30182409286, 29.0890617371, 22.740316391, 161.531951904, 53.024559021, 5.08183526993], [-182.626998901, -48.8454704285, 13.3816452026, -26.8690242767, 8.17714691162, 3.9702796936, -24.9616794586, -16.2715835571, -19.1511898041, 11.8973903656, 53.024559021, 129.550704956, 58.6369857788], [-117.646629333, 8.29047298431, -1.5038100481, -29.6653385162, -10.1380872726, -0.813066244125, -13.0512294769, -32.2297134399, -24.0431022644, -12.2210149765, 5.08183526993, 58.6369857788, 122.851242065]]}, "spectral_energyband_middle_low": {"dmean2": 0.00497470842674, "median": 0.00571007560939, "min": 2.92810486968e-09, "dvar2": 0.000114855502034, "dvar": 6.44270767225e-05, "dmean": 0.0036707459949, "max": 0.23585575819, "var": 0.000380780606065, "mean": 0.0120309479535}, "melbands_crest": {"dmean2": 4.35966491699, "median": 15.230884552, "min": 4.78862333298, "dvar2": 19.740486145, "dvar": 8.51201915741, "dmean": 2.81468081474, "max": 39.6118850708, "var": 44.6937980652, "mean": 16.840669632}, "spectral_kurtosis": {"dmean2": 10.6018600464, "median": 12.2007436752, "min": 1.08176279068, "dvar2": 172.678405762, "dvar": 65.7943878174, "dmean": 6.24445962906, "max": 185.399917603, "var": 354.777252197, "mean": 17.6848182678}, "spectral_rms": {"dmean2": 0.000625638174824, "median": 0.00274464557879, "min": 7.3696810432e-06, "dvar2": 8.44080091156e-07, "dvar": 4.75574893244e-07, "dmean": 0.000471850275062, "max": 0.0162318460643, "var": 5.05254274685e-06, "mean": 0.00313154002652}, "zerocrossingrate": {"dmean2": 0.00424370914698, "median": 0.03076171875, "min": 0, "dvar2": 1.76410540007e-05, "dvar": 1.38744908327e-05, "dmean": 0.00352045288309, "max": 0.15283203125, "var": 0.000231046855333, "mean": 0.0334219560027}, "silence_rate_60dB": {"dmean2": 0.0927284285426, "median": 0, "min": 0, "dvar2": 0.0942747816443, "dvar": 0.0442062430084, "dmean": 0.0463600158691, "max": 1, "var": 0.206407144666, "mean": 0.291172474623}, "erbbands_kurtosis": {"dmean2": 2.47812080383, "median": 1.11545991898, "min": -1.65565872192, "dvar2": 19.2249069214, "dvar": 9.56588745117, "dmean": 1.72284829617, "max": 127.475875854, "var": 43.8590354919, "mean": 2.96572828293}, "erbbands": {"dmean2": [0.000885062268935, 0.0122602274641, 0.109919160604, 0.879216909409, 2.33008861542, 3.83339452744, 10.9427804947, 9.30507278442, 18.2904624939, 33.11951828, 17.567024231, 20.9595336914, 24.5832996368, 13.5028438568, 22.8939666748, 18.5019874573, 8.6659450531, 5.41777229309, 6.1958694458, 4.78371572495, 4.42489814758, 5.54686737061, 4.4521446228, 2.595297575, 2.42771840096, 1.437505126, 0.939815700054, 0.375196754932, 0.249517887831, 0.158331513405, 0.169804871082, 0.0443646758795, 0.0206096358597, 0.00790052302182, 0.00406032893807, 0.00166597065981, 0.000726378289983, 0.00017030503659, 2.69902593573e-05, 7.65140612202e-06], "median": [0.000497375673149, 0.00394304608926, 0.0358650609851, 0.17643225193, 0.807333111763, 2.36571359634, 4.68142604828, 4.65816164017, 5.05495786667, 8.53660392761, 5.36046028137, 4.21842718124, 2.80540418625, 3.90909481049, 3.26931357384, 2.53019618988, 2.49462389946, 1.97213685513, 1.87290859222, 1.7781380415, 1.37315630913, 1.32749700546, 1.29891228676, 0.7308370471, 0.487144261599, 0.319965898991, 0.209324672818, 0.109791986644, 0.0571131110191, 0.0293188206851, 0.0188325867057, 0.00790260452777, 0.00326150585897, 0.00125480350107, 0.000588418741245, 0.000287966046017, 0.000115322625788, 3.04605582642e-05, 1.11756917249e-05, 1.00042407212e-05], "min": [1.08841800284e-06, 2.77592084785e-06, 2.20837250708e-06, 1.69274653672e-06, 2.30902924159e-06, 3.27859515892e-06, 6.07791025686e-06, 1.89667275663e-06, 1.60737408805e-06, 2.09402423934e-06, 1.75381546796e-06, 2.04995603781e-06, 2.8994090826e-06, 3.49292804458e-06, 3.41143027072e-06, 4.43834005637e-06, 3.50928712578e-06, 2.57158399108e-06, 2.36920345742e-06, 2.06456297747e-06, 1.4423956145e-06, 2.29667375606e-06, 2.30245723287e-06, 2.02715159503e-06, 2.21238497033e-06, 1.38488894663e-06, 1.10751091142e-06, 1.09582765617e-06, 1.30109970087e-06, 1.01423563592e-06, 6.91475804615e-07, 4.18390129653e-07, 3.10498705858e-07, 3.03522085687e-07, 2.32865119187e-07, 1.06701634195e-07, 1.10753610727e-07, 2.30545005309e-08, 6.57088294886e-09, 5.73377179069e-10], "dvar2": [2.24933637583e-06, 0.00153032992966, 0.104363530874, 9.69404697418, 57.2634124756, 81.2054672241, 1405.42687988, 822.042114258, 3903.5769043, 14713.4960938, 3188.05981445, 10753.0390625, 17378.0390625, 2247.83276367, 22427.9960938, 25561.4765625, 1355.09558105, 521.308044434, 466.005981445, 223.326812744, 336.390991211, 706.661621094, 211.443939209, 110.200248718, 75.6908187866, 30.8382091522, 13.8639621735, 1.86921334267, 0.701946020126, 0.339830249548, 0.596389472485, 0.0273238532245, 0.00540330586955, 0.00100451288745, 0.000325268134475, 4.75624219689e-05, 1.14784534162e-05, 5.31372052137e-07, 1.66239608745e-08, 2.81951295644e-10], "dvar": [9.23585787405e-07, 0.000871635333169, 0.0568491593003, 3.59830880165, 27.9917621613, 36.7727203369, 676.144042969, 484.959075928, 1707.73156738, 6484.80566406, 2050.72290039, 5662.74707031, 13537.7890625, 1304.17614746, 8533.91894531, 11627.2070312, 600.711486816, 230.742553711, 360.75100708, 180.734100342, 270.188964844, 281.328765869, 114.751060486, 47.5766181946, 46.6572227478, 15.8703279495, 7.6075720787, 1.43202292919, 0.339756190777, 0.153918534517, 0.228155300021, 0.0115321632475, 0.00356558384374, 0.000503344868775, 0.000160940151545, 2.98931081488e-05, 6.22303059572e-06, 2.62457149347e-07, 9.83468861904e-09, 1.68678529477e-10], "dmean": [0.000538067601155, 0.00799660012126, 0.0732432752848, 0.54615688324, 1.51670944691, 2.49501204491, 7.58037805557, 7.19468927383, 11.995141983, 22.5157260895, 13.4631853104, 16.5222988129, 22.1064929962, 9.93400096893, 14.656747818, 12.8763656616, 6.47468566895, 3.85103559494, 4.79166078568, 3.772326231, 3.36579394341, 3.74558830261, 3.18982553482, 1.79793167114, 1.75301992893, 1.03241729736, 0.698134183884, 0.293180435896, 0.176394969225, 0.106699608266, 0.104872956872, 0.0288031119853, 0.0147909978405, 0.00565453851596, 0.0028661780525, 0.00122528825887, 0.000534175545909, 0.000124659578432, 2.04379666684e-05, 5.74970772504e-06], "max": [0.0494782477617, 2.49913454056, 18.2267475128, 65.0900344849, 208.021057129, 216.766159058, 1596.02429199, 1484.02612305, 981.114013672, 2131.07275391, 1524.68566895, 2113.40429688, 4966.33105469, 1531.25244141, 2470.36645508, 3862.98876953, 1364.43322754, 434.025695801, 1587.55627441, 965.716186523, 1657.73571777, 661.08770752, 832.137817383, 278.222290039, 436.796051025, 198.463012695, 130.027603149, 105.722427368, 20.5227336884, 13.5951662064, 12.6391048431, 3.58041787148, 3.8508374691, 0.898593425751, 0.586019635201, 0.406749904156, 0.141732037067, 0.0185133721679, 0.00658367713913, 0.000543643371202], "var": [8.51498316479e-06, 0.0326762013137, 2.06329679489, 14.5294055939, 100.728034973, 205.513153076, 3315.13891602, 3241.92456055, 3638.06396484, 16024.0371094, 8528.42285156, 12902.4970703, 43610.7578125, 5250.66503906, 9982.390625, 14893.2519531, 1805.04736328, 533.938903809, 2017.51501465, 1014.42034912, 1929.74523926, 685.426513672, 749.678955078, 118.927490234, 211.075469971, 77.9411239624, 30.9418716431, 7.61461782455, 1.1098253727, 0.374299168587, 0.237148568034, 0.0213999655098, 0.0143608357757, 0.00186603679322, 0.000531186116859, 0.000127967708977, 2.69738047791e-05, 1.11054566787e-06, 3.74412607584e-08, 1.15346010521e-09], "mean": [0.0012273156317, 0.0372758470476, 0.354870885611, 1.6342728138, 3.80316138268, 7.43924999237, 22.4375858307, 22.1440067291, 24.1259651184, 46.5259971619, 32.1627883911, 33.7321014404, 42.2207794189, 23.809387207, 23.722442627, 18.0442371368, 14.5362272263, 8.18044090271, 11.1829748154, 9.6221075058, 8.60990619659, 8.32879734039, 7.39109134674, 3.79571247101, 3.91117405891, 2.38535714149, 1.58490037918, 0.697979211807, 0.369271636009, 0.197776675224, 0.142500445247, 0.0507571622729, 0.030773408711, 0.0124475909397, 0.00626288959756, 0.00305529753678, 0.00129629287403, 0.000303824810544, 5.61513916182e-05, 2.08416986425e-05]}, "spectral_strongpeak": {"dmean2": 0.658149957657, "median": 0.720912992954, "min": 0, "dvar2": 1.17203724384, "dvar": 0.58095651865, "dmean": 0.441764056683, "max": 13.8407278061, "var": 1.95199787617, "mean": 1.22175562382}, "spectral_energy": {"dmean2": 0.00584035832435, "median": 0.00772140640765, "min": 5.56700072707e-08, "dvar2": 0.000158677212312, "dvar": 8.88371214387e-05, "dmean": 0.00432963017374, "max": 0.270059645176, "var": 0.000544489128515, "mean": 0.0152305318043}, "average_loudness": 0.0200920347124, "spectral_rolloff": {"dmean2": 195.367523193, "median": 689.0625, "min": 21.533203125, "dvar2": 100891.96875, "dvar": 50571.0390625, "dmean": 115.492042542, "max": 4608.10546875, "var": 254135.828125, "mean": 820.235046387}, "spectral_centroid": {"dmean2": 132.788467407, "median": 676.925842285, "min": 193.405059814, "dvar2": 29908.7734375, "dvar": 15447.9765625, "dmean": 93.162651062, "max": 3396.89892578, "var": 154314.265625, "mean": 783.125305176}, "pitch_salience": {"dmean2": 0.0938185229897, "median": 0.50442135334, "min": 0.0202846694738, "dvar2": 0.00878184661269, "dvar": 0.00359193398617, "dmean": 0.059441704303, "max": 0.866687893867, "var": 0.0176517311484, "mean": 0.495651364326}, "spectral_energyband_middle_high": {"dmean2": 0.00148594961502, "median": 0.000835138838738, "min": 6.12449146953e-10, "dvar2": 3.51840062649e-05, "dvar": 1.57877257152e-05, "dmean": 0.00105742597952, "max": 0.115504257381, "var": 3.9346403355e-05, "mean": 0.00274765794165}, "spectral_contrast_coeffs": {"dmean2": [0.0702402368188, 0.0632228478789, 0.0514868870378, 0.0421073958278, 0.0347019545734, 0.023930285126], "median": [-0.552584707737, -0.656084477901, -0.70887619257, -0.720744788647, -0.731353640556, -0.741281151772], "min": [-0.97438621521, -0.952051222324, -0.95382630825, -0.932273805141, -0.939195990562, -0.926663696766], "dvar2": [0.00341521273367, 0.00296545261517, 0.00228902208619, 0.00136168627068, 0.00115174928214, 0.000570382922888], "dvar": [0.00132372579537, 0.0012625240488, 0.00103128072806, 0.000597660953645, 0.000502277282067, 0.000241464993451], "dmean": [0.0425061546266, 0.0400908887386, 0.0334661155939, 0.0269566681236, 0.0225172154605, 0.0153850568458], "max": [-0.215425014496, -0.350090682507, -0.380401611328, -0.364045470953, -0.457833707333, -0.54533714056], "var": [0.0158949121833, 0.00898778438568, 0.0070967883803, 0.00547698698938, 0.00558844674379, 0.00357820303179], "mean": [-0.571214437485, -0.656624019146, -0.703133821487, -0.717804849148, -0.732007622719, -0.749323606491]}, "melbands_skewness": {"dmean2": 0.951497495174, "median": 1.91108548641, "min": -3.92185425758, "dvar2": 8.03162479401, "dvar": 2.97284650803, "dmean": 0.627364397049, "max": 63.3806648254, "var": 13.0825586319, "mean": 2.2207467556}, "spectral_spread": {"dmean2": 355076.0625, "median": 2360151, "min": 454054.59375, "dvar2": 136979750912, "dvar": 67491168256, "dmean": 219375.21875, "max": 26654720, "var": 1193892773890.0, "mean": 2473389}, "dissonance": {"dmean2": 0.0541237741709, "median": 0.421828240156, "min": 0.117626704276, "dvar2": 0.00303418841213, "dvar": 0.00108680187259, "dmean": 0.0320874899626, "max": 0.499995559454, "var": 0.00273010204546, "mean": 0.414550960064}, "spectral_skewness": {"dmean2": 0.779275357723, "median": 2.46877169609, "min": 0.913174629211, "dvar2": 0.627191781998, "dvar": 0.228696808219, "dmean": 0.461778432131, "max": 11.6064729691, "var": 1.66162860394, "mean": 2.80248093605}, "spectral_flux": {"dmean2": 0.0236407537013, "median": 0.0255343876779, "min": 0.000536625506356, "dvar2": 0.00131742842495, "dvar": 0.000526133400854, "dmean": 0.0145501047373, "max": 0.361615508795, "var": 0.00114622677211, "mean": 0.0356243737042}, "spectral_contrast_valleys": {"dmean2": [0.679432988167, 0.539152801037, 0.517125070095, 0.43957901001, 0.409747064114, 0.318155348301], "median": [-9.1543636322, -7.38806295395, -8.37500095367, -9.25874900818, -9.69096088409, -12.9186668396], "min": [-13.0756216049, -14.6357936859, -15.193072319, -16.2407608032, -15.5397663116, -16.9345016479], "dvar2": [0.291810303926, 0.217521622777, 0.263956338167, 0.18461574614, 0.248252943158, 0.185473009944], "dvar": [0.101686693728, 0.101355828345, 0.116780512035, 0.0804278105497, 0.100081793964, 0.0730951800942], "dmean": [0.398510366678, 0.344732880592, 0.320485860109, 0.273517847061, 0.25032389164, 0.199340030551], "max": [-6.60528230667, -4.50926017761, -4.97360181808, -6.5558681488, -6.86886930466, -10.0534086227], "var": [0.69505828619, 1.64994621277, 1.68335235119, 1.34017825127, 1.38967907429, 0.838411331177], "mean": [-9.16765975952, -7.59766435623, -8.58253192902, -9.46769809723, -9.91571807861, -13.0128602982]}, "erbbands_flatness_db": {"dmean2": 0.021746462211, "median": 0.252719730139, "min": 0.0297235045582, "dvar2": 0.000525367620867, "dvar": 0.000277624261798, "dmean": 0.0155433909968, "max": 0.489393204451, "var": 0.00350607419387, "mean": 0.258689463139}, "spectral_energyband_high": {"dmean2": 3.92283800466e-05, "median": 1.23872760014e-05, "min": 2.30578695026e-10, "dvar2": 1.81221491147e-08, "dvar": 9.53506962276e-09, "dmean": 2.89911185973e-05, "max": 0.00453189155087, "var": 5.02506338762e-08, "mean": 7.47253725422e-05}, "spectral_entropy": {"dmean2": 0.244788765907, "median": 6.39891862869, "min": 4.34204530716, "dvar2": 0.0786601901054, "dvar": 0.0348003916442, "dmean": 0.161819592118, "max": 8.64026737213, "var": 0.238654151559, "mean": 6.36980724335}, "silence_rate_20dB": {"dmean2": 0, "median": 1, "min": 1, "dvar2": 0, "dvar": 0, "dmean": 0, "max": 1, "var": 0, "mean": 1}, "melbands_flatness_db": {"dmean2": 0.0282066203654, "median": 0.289207756519, "min": 0.118811003864, "dvar2": 0.000899810402188, "dvar": 0.000406010483857, "dmean": 0.01924806647, "max": 0.57583039999, "var": 0.00447825761512, "mean": 0.2963414