{"tonal": {"thpcp": [1, 0.542236030102, 0.284937441349, 0.223629787564, 0.0885623693466, 0.0412798263133, 0.0519526004791, 0.113386310637, 0.395154088736, 0.566964745522, 0.300931364298, 0.0594071112573, 0.0394712425768, 0.188690647483, 0.665218770504, 0.725638449192, 0.253196895123, 0.0309520363808, 0.0117248687893, 0.0801123902202, 0.260916352272, 0.322481900454, 0.207501783967, 0.251472681761, 0.301160216331, 0.224929064512, 0.141507685184, 0.044021923095, 0.0487151555717, 0.214374139905, 0.265121012926, 0.10682592541, 0.0227757599205, 0.0270046554506, 0.161344960332, 0.73678535223], "hpcp": {"dmean2": [0.0678036808968, 0.0473081767559, 0.027976769954, 0.032203450799, 0.0724021047354, 0.112684063613, 0.0840211883187, 0.102339848876, 0.044419914484, 0.0349832475185, 0.091420173645, 0.139836087823, 0.142164096236, 0.0978854969144, 0.0255006551743, 0.0106850750744, 0.0397278256714, 0.0769573897123, 0.0865969955921, 0.0963127017021, 0.090249851346, 0.0824288129807, 0.0844574123621, 0.0608484148979, 0.0187498535961, 0.0230738390237, 0.0591414906085, 0.0632777810097, 0.0368132404983, 0.0170269198716, 0.0242497678846, 0.0985752642155, 0.206865936518, 0.188329428434, 0.209114894271, 0.122271597385], "median": [0.00195006793365, 0.00219097500667, 0.00240338407457, 0.00279997754842, 0.00644790008664, 0.0126320775598, 0.0125025836751, 0.00930437259376, 0.003853358794, 0.00204998371191, 0.00739881955087, 0.0483633391559, 0.0614617615938, 0.0167592894286, 0.000820048269816, 0.000471549865324, 0.00221326504834, 0.0158978737891, 0.0237614810467, 0.0180295780301, 0.0109205469489, 0.0106809716672, 0.0145682916045, 0.00609868206084, 0.00307179125957, 0.00295602343976, 0.00816539488733, 0.00718335062265, 0.00449504423887, 0.00123776122928, 0.000862741260789, 0.0117264445871, 0.131830558181, 0.219812214375, 0.10868050158, 0.0128836743534], "min": [0, 0, 0, 0, 0, 0, 0, 0, 0, 0, 0, 0, 0, 0, 0, 0, 0, 0, 0, 0, 0, 0, 0, 0, 0, 0, 0, 0, 0, 0, 0, 0, 0, 0, 0, 0], "dvar2": [0.0272179841995, 0.0172593481839, 0.0101263765246, 0.0095111662522, 0.0319695770741, 0.0527216047049, 0.0367619395256, 0.0506572313607, 0.0173038262874, 0.0212978292257, 0.0408702269197, 0.057075265795, 0.0546855665743, 0.0401936620474, 0.00996303185821, 0.00303367781453, 0.0173279512674, 0.0318283848464, 0.0305680315942, 0.0400286763906, 0.0345423854887, 0.0316932350397, 0.0361821092665, 0.0318703316152, 0.00272910995409, 0.00401284266263, 0.0190739613026, 0.0223175287247, 0.00955427717417, 0.00699979811907, 0.0101495366544, 0.0345211401582, 0.0858546569943, 0.0676799640059, 0.0849298536777, 0.0478668473661], "dvar": [0.0113311400637, 0.00637316843495, 0.00370295997709, 0.00342003954574, 0.0117851896212, 0.0209947116673, 0.0151542620733, 0.0207062549889, 0.00634344480932, 0.00728932349011, 0.0156945344061, 0.0244742389768, 0.0242737419903, 0.0157002080232, 0.00340610020794, 0.00106872536708, 0.00654798187315, 0.01318648085, 0.0130659295246, 0.0163356214762, 0.0139914769679, 0.0136178033426, 0.0142488190904, 0.0117041599005, 0.00100782047957, 0.00165502133314, 0.00900628697127, 0.0105062918738, 0.00395534886047, 0.00246345181949, 0.00375809473917, 0.0133051127195, 0.0352418348193, 0.0291560757905, 0.0338607393205, 0.0181893259287], "dmean": [0.0419759601355, 0.0276622697711, 0.0161680690944, 0.0185642652214, 0.0422092378139, 0.0681607276201, 0.051246330142, 0.0630631819367, 0.025397496298, 0.0193740949035, 0.0552398748696, 0.0880356132984, 0.0896757468581, 0.0610000416636, 0.01421665214, 0.00597854750231, 0.0238538552076, 0.0471187606454, 0.0542911998928, 0.0586520768702, 0.0553328171372, 0.0512665696442, 0.0517029538751, 0.0355853140354, 0.0109690362588, 0.0141664799303, 0.0388192459941, 0.0414254143834, 0.0236111991107, 0.00974006019533, 0.0134833306074, 0.0578498132527, 0.128360077739, 0.116164170206, 0.127998605371, 0.0716615319252], "max": [1, 1, 1, 1, 1, 1, 1, 1, 1, 1, 1, 1, 1, 1, 0.997958600521, 0.704748034477, 1, 1, 1, 1, 1, 1, 1, 1, 0.403560906649, 0.758524119854, 1, 1, 1, 1, 1, 1, 1, 1, 1, 1], "var": [0.0480549894273, 0.00956444628537, 0.00312226009555, 0.00349489157088, 0.0126942563802, 0.0779425129294, 0.140664711595, 0.0526236146688, 0.00583949778229, 0.00509582925588, 0.024502037093, 0.128268510103, 0.141235411167, 0.0308951381594, 0.00303282821551, 0.000759587157518, 0.0128504885361, 0.051395136863, 0.06186196208, 0.028494220227, 0.0455478206277, 0.0636199563742, 0.0343401804566, 0.0245548337698, 0.0020568324253, 0.00293466052972, 0.0356178432703, 0.054946757853, 0.0119809443131, 0.00164827611297, 0.00272443890572, 0.0154374688864, 0.10947740823, 0.157769262791, 0.0637791082263, 0.0524290315807], "mean": [0.0898926109076, 0.0355994738638, 0.016593279317, 0.0208834204823, 0.0455779694021, 0.158840343356, 0.227903187275, 0.120965577662, 0.0238799154758, 0.0158662814647, 0.0758481025696, 0.267398416996, 0.291685372591, 0.101777724922, 0.0124418102205, 0.00471305334941, 0.0322028286755, 0.104880712926, 0.129628255963, 0.0834096297622, 0.101084642112, 0.121057569981, 0.0904148817062, 0.0568819344044, 0.0176955219358, 0.0195820629597, 0.0861721113324, 0.106570862234, 0.0429408885539, 0.0091551868245, 0.0108550786972, 0.06485594064, 0.296166092157, 0.401970654726, 0.217962965369, 0.114536494017]}, "tuning_equal_tempered_deviation": 0.0999098941684, "chords_changes_rate": 0.0368986465037, "key_key": "C#", "tuning_diatonic_strength": 0.637098968029, "key_scale": "minor", "chords_number_rate": 0.00280242878944, "tuning_frequency": 445.112548828, "tuning_nontempered_energy_ratio": 0.767142772675, "chords_histogram": [24.2410087585, 15.9738435745, 7.82344675064, 4.25035047531, 0.233535736799, 0, 0.420364320278, 11.793554306, 0.840728640556, 12.3773937225, 3.85333967209, 0, 0.630546450615, 0.326950013638, 0.723960757256, 0, 0, 4.78748226166, 1.0509108305, 0, 1.49462866783, 0, 2.68566083908, 6.49229335785], "key_strength": 0.74489146471, "chords_key": "C#", "chords_strength": {"dmean2": 0.00485168490559, "median": 0.597080349922, "min": 0.259360224009, "dvar2": 2.16853622987e-05, "dvar": 3.66929198208e-05, "dmean": 0.0064611332491, "max": 0.824879050255, "var": 0.0111392186955, "mean": 0.586261332035}, "chords_scale": "minor", "hpcp_entropy": {"dmean2": 0.817083060741, "median": 1.58772206306, "min": 0.0352739989758, "dvar2": 0.451557159424, "dvar": 0.172562897205, "dmean": 0.477139055729, "max": 3.32213139534, "var": 0.40818926692, "mean": 1.50626289845}}, "metadata": {"audio_properties": {"equal_loudness": 0, "codec": "flac", "downmix": "mix", "sample_rate": 44100, "analysis_sample_rate": 44100, "bit_rate": 0, "md5_encoded": "3046920c03a94f469190008a722701cf", "length": 198.78666687, "replay_gain": -3.78943824768, "lossless": true}, "version": {"essentia_build_sha": "ca57ba49d9b1854bd80e60cf9ccf267278fb7d6b", "essentia": "2.1-beta1", "extractor": "music 1.0", "essentia_git_sha": "v2.1_beta1-28-g21ef5f4-dirty"}, "tags": {"title": ["Spring 2"], "barcode": ["0028948100446"], "media": ["CD"], "albumartist": ["Max Richter; Konzerthaus Kammerorchester Berlin, Daniel Hope, Andr\u00e9 de Ridder"], "tracktotal": ["13"], "albumartistsort": ["Richter, Max; Konzerthaus Kammerorchester Berlin, Hope, Daniel, Ridder, Andr\u00e9 de"], "performer": ["Konzerthaus Kammerorchester Berlin (orchestra)", "Daniel Hope (solo and violin)", "Raphael Alpermann (harpsichord)"], "releasetype": ["album"], "musicbrainz_recordingid": ["0c83e952-2825-4654-8df3-23e250c983e6"], "artistsort": ["Richter, Max"], "mixer": ["Neil Hutchinson", "Max Richter"], "musicbrainz_albumartistid": ["509f20b2-5df3-4aec-9bbc-002131fb3f99", "3bb3cd04-e82b-45d7-b684-bf56742398d4", "b932f5eb-dd3d-479d-b2a0-694cb61327bb", "b6c47394-cb4e-4b41-9f3a-22d94afb9903"], "artists": ["Max Richter"], "composersort": ["Richter, Max", "Vivaldi, Antonio"], "catalognumber": ["481 0044"], "producer": ["Max Richter"], "releasecountry": ["XE"], "originaldate": ["2012"], "work": ["The Four Seasons: Spring 2"], "date": ["2012"], "file_name": "03 - Max Richter - Spring 2.flac", "musicbrainz_albumid": ["59f3fca7-adff-4940-9d28-7eb1b216f01d"], "musicbrainz_releasegroupid": ["b921615e-355b-47af-a13d-6a223ead16e6"], "tracknumber": ["3"], "releasestatus": ["official"], "musicbrainz_artistid": ["509f20b2-5df3-4aec-9bbc-002131fb3f99"], "asin": ["B009HOU672"], "musicbrainz_workid": ["7df96ffd-a222-4865-8d4d-8348ed88838d"], "musicbrainz_releasetrackid": ["d37603c9-6d39-394b-b226-be15f86309b3"], "artist": ["Max Richter"], "arranger": ["Max Richter"], "composer": ["Max Richter", "Antonio Vivaldi"], "album": ["Recomposed by Max Richter: Vivaldi - The Four Seasons"], "label": ["Deutsche Grammophon"], "totaltracks": ["13"], "acoustid_id": ["a0cb3336-5e61-40ca-a063-cd5d92f0b9c0"], "script": ["Latn"], "conductor": ["Andr\u00e9 de Ridder"]}}, "rhythm": {"bpm_histogram_first_peak_bpm": {"dmean2": 0, "median": 99, "min": 99, "dvar2": 0, "dvar": 0, "dmean": 0, "max": 99, "var": 0, "mean": 99}, "bpm": 99.5018844604, "bpm_histogram_second_peak_spread": {"dmean2": 0, "median": 0, "min": 0, "dvar2": 0, "dvar": 0, "dmean": 0, "max": 0, "var": 0, "mean": 0}, "bpm_histogram_first_peak_weight": {"dmean2": 0, "median": 0.141752570868, "min": 0.141752570868, "dvar2": 0, "dvar": 0, "dmean": 0, "max": 0.141752570868, "var": 0, "mean": 0.141752570868}, "onset_rate": 1.0261092186, "beats_position": [0.615328788757, 1.24226760864, 1.86920630932, 2.49614500999, 3.13469386101, 3.7732424736, 4.40018129349, 4.99229001999, 5.58439922333, 6.17650794983, 6.76861667633, 7.36072540283, 7.95283412933, 8.55655288696, 9.14866161346, 9.74077033997, 10.3328800201, 10.9133787155, 11.4938774109, 12.0975961685, 12.7013149261, 13.2934236526, 13.873922348, 14.4660310745, 15.0465307236, 15.6270294189, 16.2075271606, 16.7764167786, 17.3453063965, 17.9141941071, 18.483083725, 19.0519733429, 19.6208610535, 20.1781406403, 20.7354183197, 21.3043079376, 21.8848075867, 22.4885253906, 23.0922451019, 23.6959629059, 24.2996826172, 24.9034004211, 25.4955101013, 26.0876178741, 26.6797275543, 27.2950553894, 27.9103851318, 28.5024929047, 29.0946025848, 29.686712265, 30.290430069, 30.8825397491, 31.474647522, 32.0783653259, 32.6820869446, 33.2858047485, 33.901134491, 34.5629005432, 35.2246704102, 35.8980484009, 36.5714263916, 37.1635360718, 37.7672538757, 38.3709754944, 38.9979133606, 39.613243103, 40.2285690308, 40.8438987732, 41.4476165771, 42.0513381958, 42.6550559998, 43.2471656799, 43.8508834839, 44.4429931641, 45.0583229065, 45.6620407104, 46.2657585144, 46.8578681946, 47.4615859985, 48.0653038025, 48.6690254211, 49.2727432251, 49.8764610291, 50.5266189575, 51.1767807007, 51.8385467529, 52.4538764954, 53.0692062378, 53.6380958557, 54.2069816589, 54.7758712769, 55.2867126465, 55.7975502014, 56.3083877563, 56.854057312, 57.3997268677, 57.9337844849, 58.4678459167, 59.0135154724, 59.5359611511, 60.0468025208, 60.5576400757, 61.0800895691, 61.6025390625, 62.1249885559, 62.6242179871, 63.135055542, 63.6458930969, 64.1567306519, 64.6675720215, 65.1784133911, 65.7705230713, 66.3626327515, 66.9895706177, 67.6165084839, 68.2434463501, 68.8819961548, 69.5205459595, 70.1707000732, 70.8208618164, 71.4710159302, 72.1095657349, 72.7481155396, 73.3866653442, 74.0252151489, 74.6637649536, 75.3023147583, 75.9989089966, 76.6955108643, 77.3921051025, 78.0654830933, 78.738861084, 79.4238510132, 80.1088409424, 80.8634872437, 81.6181411743, 82.3611755371, 83.1042175293, 83.8472518921, 84.6019058228, 85.356552124, 86.1111984253, 86.842628479, 87.5856704712, 88.328704834, 89.0717468262, 89.6754608154, 90.2791824341, 90.8945083618, 91.5098419189, 92.1251678467, 92.7288894653, 93.3442153931, 93.9479370117, 94.551651001, 95.1553726196, 95.7590942383, 96.3628082275, 96.9781417847, 97.5934677124, 98.2204055786, 98.8473434448, 99.474281311, 100.07800293, 100.693328857, 101.285438538, 101.877548218, 102.469657898, 102.945663452, 103.421676636, 103.89768219, 104.385307312, 104.861312866, 105.33732605, 105.836547852, 106.335777283, 106.846618652, 107.345848083, 107.845077515, 108.355918884, 108.831924438, 109.296325684, 109.760726929, 110.109024048, 110.457321167, 110.794013977, 111.142311096, 111.479003906, 111.815689087, 112.152381897, 112.489067078, 112.825759888, 113.162445068, 113.499137878, 113.835823059, 114.184127808, 114.520812988, 114.857505798, 115.18258667, 115.519271851, 115.844352722, 116.169433594, 116.494506836, 116.831199646, 117.167892456, 117.504577637, 117.841270447, 118.166343689, 118.491424561, 118.816505432, 119.164802551, 119.5131073, 119.84979248, 120.186485291, 120.53478241, 120.883079529, 121.231384277, 121.579681396, 121.939590454, 122.299499512, 122.647796631, 122.99609375, 123.344398499, 123.704307556, 124.052604675, 124.389297485, 124.737594604, 125.085891724, 125.434196472, 125.782493591, 126.13079071, 126.47908783, 126.827392578, 127.164077759, 127.500770569, 127.849067688, 128.197372437, 128.545669556, 128.893966675, 129.230651855, 129.61378479, 129.996917725, 130.3800354, 130.763168335, 131.215957642, 131.680358887, 132.133148193, 132.5859375, 133.027114868, 133.468292236, 133.932693481, 134.385482788, 134.849884033, 135.349105835, 135.848342896, 136.347564697, 136.835189819, 137.322814941, 137.810424805, 138.298049927, 138.78565979, 139.284896851, 139.772521973, 140.260131836, 140.747756958, 141.270202637, 141.781036377, 142.291885376, 142.814331055, 143.348388672, 143.870834351, 144.323623657, 144.776412964, 145.240814209, 145.681991577, 146.123168945, 146.564346313, 147.005523682, 147.446716309, 147.887893677, 148.329071045, 148.781860352, 149.234649658, 149.687438965, 150.140228271, 150.593017578, 151.045806885, 151.649520874, 152.253234863, 152.856964111, 153.460678101, 154.06439209, 154.610061646, 155.155731201, 155.701400757, 156.235458374, 156.757904053, 157.28036499, 157.802810669, 158.336868286, 158.870925903, 159.404983521, 159.927429199, 160.449890137, 160.972335815, 161.483169556, 161.994003296, 162.504852295, 163.015686035, 163.468475342, 163.90965271, 164.374053955, 164.826843262, 165.233200073, 165.627929688, 166.022674561, 166.429016113, 166.823760986, 167.206893921, 167.601623535, 167.996368408, 168.391113281, 168.774230957, 169.157363892, 169.517272949, 169.877182007, 170.237091064, 170.585388184, 170.945297241, 171.293609619, 171.641906738, 171.990203857, 172.350112915, 172.698410034, 173.058319092, 173.418228149, 173.871017456, 174.312194824, 174.753372192, 175.194549561, 175.682174683, 176.158187866, 176.634185791, 177.110198975, 177.586212158, 178.062225342, 178.538223267, 179.01423645, 179.478637695, 179.94303894, 180.407440186, 180.88343811, 181.30140686, 181.719360352, 182.137313843, 182.566894531, 182.996459961, 183.414413452, 183.832382202, 184.250335693, 184.668289185, 185.086257935, 185.504211426, 185.945388794, 186.386566162, 186.827758789, 187.24571228, 187.67527771, 188.10484314, 188.534423828, 188.975601196, 189.416778564, 189.857955933, 190.357177734, 190.856414795, 191.355636597, 191.843261719, 192.342483521, 192.841720581, 193.352554321, 193.86340332, 194.374237061, 194.885070801, 195.3959198, 195.895141602, 196.405975342, 196.916824341, 197.427658081, 197.93850708], "beats_loudness": {"dmean2": 0.0231994092464, "median": 0.0121371885762, "min": 7.70840472342e-07, "dvar2": 0.00228845374659, "dvar": 0.000849848962389, "dmean": 0.014151792042, "max": 0.377873986959, "var": 0.000894483237062, "mean": 0.0206633526832}, "danceability": 0.927996754646, "bpm_histogram_second_peak_weight": {"dmean2": 0, "median": 0.0773195847869, "min": 0.0773195847869, "dvar2": 0, "dvar": 0, "dmean": 0, "max": 0.0773195847869, "var": 0, "mean": 0.0773195847869}, "beats_count": 389, "bpm_histogram_second_peak_bpm": {"dmean2": 0, "median": 172, "min": 172, "dvar2": 0, "dvar": 0, "dmean": 0, "max": 172, "var": 0, "mean": 172}, "bpm_histogram_first_peak_spread": {"dmean2": 0, "median": 0.45544552803, "min": 0.45544552803, "dvar2": 0, "dvar": 0, "dmean": 0, "max": 0.45544552803, "var": 0, "mean": 0.45544552803}, "beats_loudness_band_ratio": {"dmean2": [0.276138246059, 0.202279374003, 0.212936356664, 0.276921838522, 0.134605571628, 0.0494137518108], "median": [0.261469900608, 0.114444509149, 0.0955235734582, 0.112989991903, 0.0656398609281, 0.00963327847421], "min": [0.0001156268263, 0.000628118403256, 0.000195498214453, 3.47837230947e-05, 3.46684610122e-05, 0.000114489419502], "dvar2": [0.0643874406815, 0.0351312719285, 0.0570938102901, 0.0854551717639, 0.0237884987146, 0.00687547354028], "dvar": [0.0242485944182, 0.0138218561187, 0.023262295872, 0.034243632108, 0.00823106244206, 0.00242887740023], "dmean": [0.167927637696, 0.115678757429, 0.127824887633, 0.161169111729, 0.0793604776263, 0.0281806699932], "max": [0.999397873878, 0.870157599449, 0.925716519356, 0.922975242138, 0.520296633244, 0.449755877256], "var": [0.0617362223566, 0.0303910467774, 0.0566137880087, 0.0659683719277, 0.0100911790505, 0.00262840883806], "mean": [0.303428798914, 0.176357835531, 0.205389648676, 0.23703636229, 0.099495485425, 0.0295104738325]}}, "lowlevel": {"barkbands_spread": {"dmean2": 5.0130109787, "median": 12.9629611969, "min": 0.213278889656, "dvar2": 30.5223827362, "dvar": 12.9562416077, "dmean": 3.26934504509, "max": 68.4133224487, "var": 144.264434814, "mean": 16.5656147003}, "melbands_spread": {"dmean2": 7.33558607101, "median": 16.8588619232, "min": 0.0254483483732, "dvar2": 78.6316833496, "dvar": 34.8938522339, "dmean": 4.83087921143, "max": 97.2162780762, "var": 253.542953491, "mean": 21.1005153656}, "hfc": {"dmean2": 5.28733825684, "median": 6.03376436234, "min": 3.20280975075e-08, "dvar2": 113.909309387, "dvar": 64.4264907837, "dmean": 3.8181977272, "max": 421.595275879, "var": 466.105987549, "mean": 13.6358575821}, "barkbands_kurtosis": {"dmean2": 5.84963846207, "median": 1.35856723785, "min": -1.84673011303, "dvar2": 1319.7298584, "dvar": 473.81161499, "dmean": 3.64259839058, "max": 917.357849121, "var": 1844.83813477, "mean": 7.11933946609}, "gfcc": {"mean": [-113.106742859, 127.729927063, -136.717269897, 12.9281225204, -38.7026023865, -9.80077934265, -28.7835559845, 5.81434059143, -17.5573863983, -3.06650662422, -6.743080616, 2.43561983109, -5.89138555527], "icov": [[0.000178047659574, -6.0237962316e-05, 0.000459028204205, -0.000672795402352, 0.000419387622969, -0.000327470450429, 0.000171635037987, -0.000152339329361, 0.000308164366288, -0.000112913257908, 0.000296785729006, -0.0003334794892, 0.000388063053833], [-6.0237962316e-05, 0.00196916493587, -0.000770730897784, 0.00100683327764, -0.00186538614798, 0.00167054636404, -0.000998104689643, 0.00257866643369, -0.0020176297985, 0.00234804768115, -0.00227215653285, 0.00180669932161, -0.000721407064702], [0.000459028204205, -0.000770730897784, 0.00335005484521, -0.00278661283664, 0.00101443543099, -0.00189394620247, 0.00104612996802, -0.00010470131383, 0.000907465000637, -0.00107218860649, 0.00131173816044, -0.00156645616516, 0.00146639929153], [-0.000672795402352, 0.00100683327764, -0.00278661283664, 0.007683086209, -0.00427610008046, -8.41326836962e-05, -0.00136701308656, 0.001174744335, -0.00080083089415, 0.000170035360497, -0.00112976646051, 0.0017067292938, -7.52352134441e-05], [0.000419387622969, -0.00186538614798, 0.00101443543099, -0.00427610008046, 0.0100722936913, -0.00416088849306, 0.000644253334031, -0.00287844985723, 0.00231069303118, -0.00143840152305, 0.000523731054273, -0.00132842408493, 0.000964821898378], [-0.000327470450429, 0.00167054636404, -0.00189394620247, -8.41326836962e-05, -0.00416088849306, 0.0100386440754, -0.00491703208536, 0.00252229790203, -0.00177519081626, 0.00135974830482, -0.000881429237779, -5.27625270479e-05, 6.29142887192e-05], [0.000171635037987, -0.000998104689643, 0.00104612996802, -0.00136701308656, 0.000644253334031, -0.00491703208536, 0.0123077165335, -0.0055594178848, 0.00206479034387, -2.7169682653e-05, 0.000396560353693, -0.00146610336378, -0.00209037400782], [-0.000152339329361, 0.00257866643369, -0.00010470131383, 0.001174744335, -0.00287844985723, 0.00252229790203, -0.0055594178848, 0.0133079141378, -0.00612130248919, 0.00299327401444, -0.0010607187869, 0.000997560215183, -0.000505421834532], [0.000308164366288, -0.0020176297985, 0.000907465000637, -0.00080083089415, 0.00231069303118, -0.00177519081626, 0.00206479034387, -0.00612130248919, 0.0131706455722, -0.0062290164642, 0.00197923788801, -0.000344140309608, 0.000558956584428], [-0.000112913257908, 0.00234804768115, -0.00107218860649, 0.000170035360497, -0.00143840152305, 0.00135974830482, -2.7169682653e-05, 0.00299327401444, -0.0062290164642, 0.0114188650623, -0.00742551824078, 0.00337125035003, -0.000182241608854], [0.000296785729006, -0.00227215653285, 0.00131173816044, -0.00112976646051, 0.000523731054273, -0.000881429237779, 0.000396560353693, -0.0010607187869, 0.00197923788801, -0.00742551824078, 0.0153145249933, -0.00709341838956, 0.00302589545026], [-0.0003334794892, 0.00180669932161, -0.00156645616516, 0.0017067292938, -0.00132842408493, -5.27625270479e-05, -0.00146610336378, 0.000997560215183, -0.000344140309608, 0.00337125035003, -0.00709341838956, 0.0114873107523, -0.00484243640676], [0.000388063053833, -0.000721407064702, 0.00146639929153, -7.52352134441e-05, 0.000964821898378, 6.29142887192e-05, -0.00209037400782, -0.000505421834532, 0.000558956584428, -0.000182241608854, 0.00302589545026, -0.00484243640676, 0.0116611784324]], "cov": [[14479.4130859, -2016.30041504, -719.345947266, 1239.60180664, 127.908737183, 744.320739746, 285.207794189, 252.804916382, -353.916564941, -60.5238342285, -184.533630371, 259.186126709, -289.112823486], [-2016.30041504, 1505.58374023, 149.307250977, -234.323760986, 38.118637085, -245.614868164, -114.652435303, -214.341827393, 75.0536575317, -83.7444763184, 82.9975509644, -145.848968506, 21.2733879089], [-719.345947266, 149.307250977, 847.619628906, 368.47052002, 226.575164795, 233.969177246, 28.9817733765, -68.5718765259, -6.88121318817, 82.3231658936, 63.5296516418, 29.7681922913, -91.3285140991], [1239.60180664, -234.323760986, 368.47052002, 548.87097168, 250.372161865, 289.921173096, 100.567268372, 19.0585975647, -38.2230567932, 63.8854751587, 31.2819900513, 45.1093025208, -88.5223846436], [127.908737183, 38.118637085, 226.575164795, 250.372161865, 275.342071533, 188.87147522, 78.8555221558, 16.2289485931, -17.4041881561, 24.3418197632, 39.965549469, 36.3970985413, -31.7777385712], [744.320739746, -245.614868164, 233.969177246, 289.921173096, 188.87147522, 339.704681396, 135.692306519, 40.0250740051, -34.5204582214, 17.9791316986, 18.3962783813, 79.1911239624, -28.8692321777], [285.207794189, -114.652435303, 28.9817733765, 100.567268372, 78.8555221558, 135.692306519, 178.027893066, 75.4913406372, -21.5965690613, -28.1318092346, -0.251355350018, 63.618598938, 35.4280967712], [252.804916382, -214.341827393, -68.5718765259, 19.0585975647, 16.2289485931, 40.0250740051, 75.4913406372, 157.606613159, 30.614988327, -6.05976295471, -16.744600296, 27.7390651703, 20.1795825958], [-353.916564941, 75.0536575317, -6.88121318817, -38.2230567932, -17.4041881561, -34.5204582214, -21.5965690613, 30.614988327, 142.236862183, 76.4978103638, 22.1466579437, -33.2558097839, -9.05760478973], [-60.5238342285, -83.7444763184, 82.3231658936, 63.8854751587, 24.3418197632, 17.9791316986, -28.1318092346, -6.05976295471, 76.4978103638, 212.743331909, 81.8745040894, -17.401889801, -49.3366851807], [-184.533630371, 82.9975509644, 63.5296516418, 31.2819900513, 39.965549469, 18.3962783813, -0.251355350018, -16.744600296, 22.1466579437, 81.8745040894, 138.402191162, 46.6626586914, -17.0063285828], [259.186126709, -145.848968506, 29.7681922913, 45.1093025208, 36.3970985413, 79.1911239624, 63.618598938, 27.7390651703, -33.2558097839, -17.401889801, 46.6626586914, 180.016464233, 52.0351791382], [-289.112823486, 21.2733879089, -91.3285140991, -88.5223846436, -31.7777385712, -28.8692321777, 35.4280967712, 20.1795825958, -9.05760478973, -49.3366851807, -17.0063285828, 52.0351791382, 143.299942017]]}, "spectral_energyband_middle_low": {"dmean2": 0.00160544749815, "median": 0.002314676065, "min": 2.16845985612e-11, "dvar2": 1.20615595733e-05, "dvar": 8.20267723611e-06, "dmean": 0.00128590734676, "max": 0.165603026748, "var": 6.59415964037e-05, "mean": 0.00495961820707}, "melbands_crest": {"dmean2": 4.16693878174, "median": 15.2524232864, "min": 4.16069889069, "dvar2": 18.2076759338, "dvar": 6.96251010895, "dmean": 2.75462222099, "max": 39.7911682129, "var": 34.5144996643, "mean": 16.0645523071}, "spectral_kurtosis": {"dmean2": 7.96524095535, "median": 10.1725664139, "min": -1.12739598751, "dvar2": 58.1695365906, "dvar": 18.7646026611, "dmean": 4.51713323593, "max": 59.1355171204, "var": 44.153137207, "mean": 11.955578804}, "spectral_rms": {"dmean2": 0.000542343652342, "median": 0.0030287662521, "min": 1.87573590438e-07, "dvar2": 4.84387442157e-07, "dvar": 2.36132933651e-07, "dmean": 0.000398309290176, "max": 0.0203910116106, "var": 4.95441736348e-06, "mean": 0.00332048488781}, "zerocrossingrate": {"dmean2": 0.00593175319955, "median": 0.04052734375, "min": 0, "dvar2": 3.2459403883e-05, "dvar": 2.26842330449e-05, "dmean": 0.00483935652301, "max": 0.1318359375, "var": 0.000400142307626, "mean": 0.0435743816197}, "silence_rate_60dB": {"dmean2": 0.0541992746294, "median": 0, "min": 0, "dvar2": 0.0577978529036, "dvar": 0.0263608563691, "dmean": 0.0270964726806, "max": 1, "var": 0.20757496357, "mean": 0.294055819511}, "erbbands_kurtosis": {"dmean2": 1.93450653553, "median": 0.466453552246, "min": -1.75377655029, "dvar2": 6.19378805161, "dvar": 2.64070081711, "dmean": 1.25311255455, "max": 27.3745861053, "var": 7.83192873001, "mean": 1.27908933163}, "erbbands": {"dmean2": [0.0669253543019, 0.15673789382, 0.203164517879, 0.396706819534, 1.56457090378, 2.33500552177, 1.55759692192, 3.12582063675, 7.55699682236, 6.46637630463, 9.09595394135, 7.50975227356, 19.4590682983, 36.2086029053, 45.5942611694, 24.6274623871, 23.087644577, 7.07860660553, 23.9129772186, 14.0278148651, 15.2240362167, 25.5906791687, 14.6579704285, 8.92441272736, 9.42456150055, 3.21401619911, 1.40235435963, 1.4750521183, 0.444800794125, 0.492227137089, 0.215425893664, 0.137455493212, 0.0609193108976, 0.0362185575068, 0.0172362327576, 0.00923825055361, 0.00304773473181, 0.00110086961649, 0.000120926619275, 1.00886736618e-05], "median": [0.00376457208768, 0.0547020025551, 0.237075313926, 0.277136296034, 0.61246830225, 1.34229111671, 1.41459465027, 1.72762870789, 4.44026565552, 2.54699158669, 2.46030139923, 2.77984952927, 2.49210786819, 2.57354545593, 2.77305388451, 2.77918863297, 1.89386796951, 2.24737215042, 3.4972474575, 2.55313920975, 2.67832493782, 4.56964159012, 2.42791366577, 2.55978512764, 1.40030407906, 0.595602631569, 0.241102933884, 0.167297363281, 0.062536098063, 0.0354917570949, 0.0211747176945, 0.0119017343968, 0.00722959963605, 0.00379419350065, 0.00184074044228, 0.000775533670094, 0.00026584288571, 7.65131990192e-05, 1.71526662598e-05, 1.27760449686e-05], "min": [1.05907879688e-10, 5.87857207357e-10, 1.96769178729e-09, 4.71244154809e-09, 9.32491595051e-09, 1.61304818391e-08, 2.52218210761e-08, 3.63654883984e-08, 4.88665321541e-08, 6.14812165622e-08, 7.23968369698e-08, 7.93297942892e-08, 7.98844084215e-08, 7.22782829143e-08, 5.64002071712e-08, 3.50220190626e-08, 1.4307885543e-08, 2.43539077793e-09, 5.26258769895e-09, 2.01637888608e-08, 3.35507408522e-08, 3.00740019554e-08, 1.18644436498e-08, 2.88056090092e-09, 1.43525529239e-08, 1.84207085141e-08, 4.95005547663e-09, 8.32543189944e-09, 1.08784083963e-08, 2.98796853926e-09, 5.90983795234e-09, 2.38919817264e-09, 2.75943712325e-09, 1.50499313012e-09, 9.30852450676e-10, 5.8282184634e-10, 3.00466429515e-10, 1.14934645135e-10, 2.54865295535e-11, 2.53239660145e-12], "dvar2": [0.020614085719, 0.136175319552, 0.238688766956, 1.57449030876, 21.0635719299, 37.1455726624, 7.72977828979, 43.3348503113, 443.201324463, 1577.72546387, 1463.50109863, 449.738983154, 6509.35742188, 16080.5625, 37289.6914062, 16026.1630859, 11584.6201172, 662.074035645, 9375.72460938, 3635.65136719, 3297.44799805, 4947.89941406, 3598.02758789, 519.360656738, 755.290161133, 88.7749710083, 37.9947242737, 36.4690589905, 2.07412672043, 2.7759270668, 0.442424207926, 0.209376230836, 0.0476542897522, 0.0154944211245, 0.00274050072767, 0.00101377954707, 9.06207424123e-05, 1.49075267473e-05, 1.60137844318e-07, 4.97758723128e-10], "dvar": [0.00873478502035, 0.103252410889, 0.245820209384, 2.20483779907, 11.1013317108, 17.7468128204, 4.71118688583, 32.4922981262, 247.706634521, 1413.39868164, 861.014831543, 272.132507324, 4831.06005859, 8801.23535156, 16842.0078125, 7096.04101562, 5543.49316406, 364.269317627, 3836.77880859, 1684.27978516, 1602.02819824, 2393.97290039, 2120.55957031, 255.166351318, 443.359527588, 40.3396453857, 22.9332084656, 23.0546531677, 1.25865232944, 1.35545992851, 0.206061676145, 0.0982179939747, 0.0211881697178, 0.00730306096375, 0.00125503423624, 0.000476084154798, 4.48912978754e-05, 7.44568478694e-06, 7.76959083737e-08, 2.6718380286e-10], "dmean": [0.043726220727, 0.134339570999, 0.193952739239, 0.411244213581, 1.17280244827, 1.66793632507, 1.1820152998, 2.48173165321, 5.61313819885, 5.37177658081, 7.08664512634, 5.57447385788, 14.2011709213, 25.8036079407, 31.4359455109, 16.2784786224, 15.1066560745, 4.70806407928, 14.9868869781, 9.01921844482, 10.2174224854, 17.0243473053, 10.4028711319, 6.04231929779, 6.68971347809, 2.11581683159, 0.976330280304, 0.97968506813, 0.316130697727, 0.332159817219, 0.141677498817, 0.0910270884633, 0.0405225865543, 0.0248020235449, 0.0116511955857, 0.00629116268829, 0.00212608533911, 0.000763288524467, 8.31784200273e-05, 7.39562347007e-06], "max": [1.85890054703, 15.905377388, 51.7287101746, 105.70463562, 212.710144043, 255.440032959, 86.1125488281, 344.499206543, 950.039733887, 3637.28515625, 2014.60998535, 625.418212891, 7090.80664062, 6829.24023438, 6074.69287109, 5082.29589844, 4593.76318359, 1399.53894043, 1744.51403809, 2409.86962891, 1562.49707031, 1318.25927734, 1934.22924805, 704.781555176, 780.729675293, 250.869232178, 259.366607666, 420.402801514, 57.5328903198, 41.4544639587, 18.7561225891, 10.3434638977, 7.55863142014, 2.94120430946, 1.10705506802, 0.691061854362, 0.25960534811, 0.0755641832948, 0.0102239102125, 0.000677836884279], "var": [0.0281967632473, 1.77676391602, 7.81802177429, 35.2615623474, 104.79058075, 113.188323975, 37.769657135, 279.567047119, 1359.46765137, 7006.90576172, 5249.33496094, 1127.50134277, 39579.1132812, 45643.9960938, 95819.578125, 21797.4667969, 14044.0341797, 1687.5489502, 6949.33105469, 6010.13476562, 5617.07519531, 8014.91064453, 6039.92041016, 1362.57580566, 1412.79614258, 179.217529297, 77.0971832275, 79.4489898682, 6.36733150482, 4.82769346237, 0.690169036388, 0.235818073153, 0.0766808390617, 0.0192935466766, 0.00416283868253, 0.00154375145212, 0.000199112633709, 2.27497675951e-05, 3.00282039234e-07, 2.08488426523e-09], "mean": [0.0821318998933, 0.622705221176, 1.02374005318, 1.68059694767, 3.49734520912, 4.35763597488, 3.57740306854, 6.72571134567, 14.2933340073, 13.0530748367, 18.0170860291, 12.232629776, 36.2710838318, 55.3617095947, 72.4541015625, 32.8647727966, 27.9678478241, 10.1085357666, 25.7592849731, 18.0470275879, 20.9100418091, 33.4876174927, 19.662689209, 15.2269172668, 13.7285032272, 4.58586597443, 2.02794194221, 1.99353134632, 0.723861515522, 0.681595802307, 0.29302662611, 0.168240994215, 0.0835018008947, 0.0483352020383, 0.0243806410581, 0.013327986002, 0.00513559160754, 0.00161634956021, 0.000203997275094, 3.02700900647e-05]}, "spectral_strongpeak": {"dmean2": 0.990572929382, "median": 0.529976069927, "min": 0, "dvar2": 3.62403583527, "dvar": 1.5926964283, "dmean": 0.627352118492, "max": 19.031463623, "var": 4.95372819901, "mean": 1.54654622078}, "spectral_energy": {"dmean2": 0.00513249170035, "median": 0.00940276123583, "min": 3.60634473673e-11, "dvar2": 8.84239489096e-05, "dvar": 4.98359368066e-05, "dmean": 0.00378223392181, "max": 0.426188230515, "var": 0.000475273991469, "mean": 0.0163795817643}, "average_loudness": 0.192154154181, "spectral_rolloff": {"dmean2": 484.68560791, "median": 1012.06054688, "min": 21.533203125, "dvar2": 434126.78125, "dvar": 189893.21875, "dmean": 270.250793457, "max": 5124.90234375, "var": 637743.3125, "mean": 1215.69750977}, "spectral_centroid": {"dmean2": 237.574356079, "median": 1164.28735352, "min": 190.876068115, "dvar2": 74159.609375, "dvar": 39719.7578125, "dmean": 158.803878784, "max": 10720.8652344, "var": 424048.78125, "mean": 1241.59179688}, "pitch_salience": {"dmean2": 0.0869822651148, "median": 0.450251758099, "min": 0.0156458970159, "dvar2": 0.00602943217382, "dvar": 0.00246797944419, "dmean": 0.0556232109666, "max": 0.94171833992, "var": 0.0145500479266, "mean": 0.456113398075}, "spectral_energyband_middle_high": {"dmean2": 0.00372554338537, "median": 0.00217725127004, "min": 6.64393973865e-12, "dvar2": 7.57657180657e-05, "dvar": 4.07770094171e-05, "dmean": 0.00261761737056, "max": 0.418374627829, "var": 0.000265640293946, "mean": 0.00736567983404}, "spectral_contrast_coeffs": {"dmean2": [0.0592473521829, 0.0572403967381, 0.0547296106815, 0.0451695434749, 0.0335677601397, 0.0212264750153], "median": [-0.645526885986, -0.701476216316, -0.712404370308, -0.726586103439, -0.689352869987, -0.752676606178], "min": [-0.998365044594, -0.993075489998, -0.979889988899, -0.950597703457, -0.958848416805, -0.960646212101], "dvar2": [0.00223860424012, 0.00207777344622, 0.0019624538254, 0.00131262559444, 0.000764743832406, 0.00030882837018], "dvar": [0.000865480338689, 0.000844481168315, 0.000795173225924, 0.000511283113156, 0.000322951644193, 0.000133475972689], "dmean": [0.0368763245642, 0.0366750843823, 0.0344614647329, 0.0278696473688, 0.0214375518262, 0.0134286377579], "max": [-0.354210138321, -0.306865096092, -0.278031438589, -0.433606207371, -0.426474690437, -0.540006279945], "var": [0.00952910259366, 0.00715353153646, 0.0123470006511, 0.00619241781533, 0.00838101096451, 0.00364180584438], "mean": [-0.642677307129, -0.69402050972, -0.688845396042, -0.723795354366, -0.699778735638, -0.746409595013]}, "melbands_skewness": {"dmean2": 0.902437567711, "median": 1.67138242722, "min": -2.24741983414, "dvar2": 6.14765739441, "dvar": 2.31531858444, "dmean": 0.598968684673, "max": 86.5328598022, "var": 16.8808326721, "mean": 2.07778716087}, "spectral_spread": {"dmean2": 355652.65625, "median": 2472980, "min": 1238849.375, "dvar2": 184367808512, "dvar": 137055436800, "dmean": 216335.28125, "max": 38521480, "var": 949256847360, "mean": 2625327.5}, "dissonance": {"dmean2": 0.046912111342, "median": 0.428776562214, "min": 0, "dvar2": 0.00183007179294, "dvar": 0.000673131027725, "dmean": 0.0280403252691, "max": 0.499968260527, "var": 0.00210118317045, "mean": 0.422717452049}, "spectral_skewness": {"dmean2": 0.674630224705, "median": 2.06542062759, "min": -0.000276366161415, "dvar2": 0.357910007238, "dvar": 0.115751184523, "dmean": 0.388690859079, "max": 5.72822189331, "var": 0.418717056513, "mean": 2.19939422607}, "spectral_flux": {"dmean2": 0.0193023458123, "median": 0.0334512032568, "min": 0.000467037811177, "dvar2": 0.00063308753306, "dvar": 0.000221011199756, "dmean": 0.0115402145311, "max": 0.227460816503, "var": 0.000974908878561, "mean": 0.0404718071222}, "spectral_contrast_valleys": {"dmean2": [0.538370132446, 0.4678401649, 0.40661752224, 0.327166557312, 0.223240062594, 0.183619171381], "median": [-8.45191383362, -7.58371114731, -8.61461544037, -9.00836372375, -9.42088603973, -12.6217298508], "min": [-27.7851028442, -27.5027866364, -27.2214641571, -27.6166820526, -27.4395923615, -27.2193412781], "dvar2": [0.223931491375, 0.149294644594, 0.117988847196, 0.0842923223972, 0.0517877042294, 0.0428650788963], "dvar": [0.0995406955481, 0.0693668723106, 0.0548374280334, 0.0452596321702, 0.0342748910189, 0.0295768082142], "dmean": [0.321184039116, 0.287037461996, 0.244375407696, 0.195805937052, 0.135153859854, 0.117706052959], "max": [-5.44569683075, -5.55626058578, -6.4270825386, -7.18184709549, -7.42617321014, -10.6320371628], "var": [2.05530023575, 1.03543317318, 1.01519143581, 0.841295421124, 0.795364737511, 0.729151725769], "mean": [-8.47109508514, -7.72181653976, -8.65859413147, -9.07239437103, -9.45267391205, -12.7698726654]}, "erbbands_flatness_db": {"dmean2": 0.0237538535148, "median": 0.237151414156, "min": 0.0222465526313, "dvar2": 0.000488097721245, "dvar": 0.000207771445275, "dmean": 0.0163258574903, "max": 0.438395291567, "var": 0.00311678950675, "mean": 0.236323595047}, "spectral_energyband_high": {"dmean2": 6.30373324384e-05, "median": 1.56728838192e-05, "min": 1.33459714634e-12, "dvar2": 3.28597984378e-08, "dvar": 2.00334415723e-08, "dmean": 4.48242717539e-05, "max": 0.00730823399499, "var": 1.08601248883e-07, "mean": 0.000130614906084}, "spectral_entropy": {"dmean2": 0.19232827425, "median": 6.56259489059, "min": 4.723300457, "dvar2": 0.0307149738073, "dvar": 0.014988492243, "dmean": 0.135190114379, "max": 9.79419612885, "var": 0.186547115445, "mean": 6.53294229507}, "silence_rate_20dB": {"dmean2": 0.000467235135147, "median": 1, "min": 0, "dvar2": 0.000467029283755, "dvar": 0.000233502010815, "dmean": 0.000233590282733, "max": 1, "var": 0.000350293208612, "mean": 0.999649643898}, "melbands_flatness_db": {"dmean2": 0.0256848055869, "median": 0.272228240967, "min": 0.129197135568, "dvar2": 0.000673457165249, "dvar": 0.000282309221802, "dmean": 0.017858825624, "max": 0.68634980917, "var": 0.00382413435727, "mean": 0.27819788456}, "barkbands": {"dmean2": [0.000251238816418, 0.00121787225362, 0.000175801018486, 0.000173279069713, 0.000624430424068, 0.00031851301901, 0.00048949761549, 0.000414103153162, 0.000338426267263, 0.00116936396807, 0.0010163175175, 0.000729049206711, 0.000437055394286, 0.000321586499922, 0.000305364432279, 0.000318996026181, 0.000422988494392, 0.000266474700766, 0.000233225597185, 7.30392712285e-05, 3.80680830858e-05, 1.22516730698e-05, 1.2293533473e-05, 4.62464913653e-06, 2.65016183221e-06, 1.92208062799e-06, 6.64787592086e-07], "median": [2.95555673802e-05, 0.000205805859878, 0.000149519371917, 4.45182049589e-05, 0.000432516040746, 0.000172912259586, 0.000259808672126, 8.57092236402e-05, 8.77653292264e-05, 5.90107993048e-05, 1.99083333428e-05, 3.15328506986e-05, 2.62374633166e-05, 4.76568275189e-05, 2.99566763715e-05, 3.21235929732e-05, 4.89380581712e-05, 1.29732497953e-05, 2.40364352067e-05, 7.48599086364e-06, 4.92210574521e-06, 1.11671545255e-06, 8.0402594449e-07, 4.82124903556e-07, 3.02975905697e-07, 1.5796513253e-07, 6.23160616442e-08], "min": [1.94299567755e-12, 2.89832090619e-12, 1.90787294817e-12, 1.87784683636e-12, 4.50750287789e-12, 4.14550728814e-12, 3.68749432031e-12, 3.16460095975e-12, 3.49966670227e-12, 2.44410785014e-12, 1.52196614686e-12, 9.39240764157e-13, 2.65806745104e-13, 1.92892390564e-14, 2.17690760708e-13, 5.73139680247e-13, 5.48100952645e-13, 1.47181081884e-13, 1.53628032604e-13, 3.89211883209e-13, 1.17357431282e-13, 2.47478849479e-13, 1.7589755878e-13, 1.38757346e-13, 1.37774286337e-13, 1.66498257781e-13, 1.80700154276e-13], "dvar2": [3.30363207013e-07, 6.70106328471e-06, 2.29472973956e-07, 4.08217744052e-07, 2.53537541539e-06, 3.90000167272e-07, 2.5745689527e-06, 4.4734219955e-06, 1.04839443793e-06, 2.33663249674e-05, 2.83123790723e-05, 1.70092716871e-05, 4.12759936808e-06, 1.01945227016e-06, 1.6891242467e-06, 1.23909183003e-06, 1.5645368876e-06, 1.74362514826e-06, 4.67845183039e-07, 4.90657470209e-08, 1.78915886551e-08, 1.62123958702e-09, 1.73897019007e-09, 2.09496281434e-10, 7.28903812308e-11, 3.82368650631e-11, 4.60265593e-12], "dvar": [1.00009550863e-07, 3.55320003109e-06, 2.16348283288e-07, 6.07677463904e-07, 1.18931393445e-06, 2.78715873492e-07, 1.84665520919e-06, 2.76582659353e-06, 7.40900475193e-07, 1.60639447131e-05, 1.24116031657e-05, 7.01266526448e-06, 1.9877138584e-06, 4.1898530867e-07, 7.32528633307e-07, 6.73528290918e-07, 7.36188951578e-07, 9.58233613346e-07, 2.42107404347e-07, 2.24184120157e-08, 1.10752012006e-08, 9.75143743531e-10, 7.92366339208e-10, 1.0363