{"tonal": {"thpcp": [1, 0.41616037488, 0.140214696527, 0.12559697032, 0.131733834743, 0.131677418947, 0.142189711332, 0.221174746752, 0.485414654016, 0.627959251404, 0.446389347315, 0.282501757145, 0.248358547688, 0.26764819026, 0.366780340672, 0.367502063513, 0.231875151396, 0.171660900116, 0.179232537746, 0.248450085521, 0.466781198978, 0.482484519482, 0.272391676903, 0.262349367142, 0.282522082329, 0.191219761968, 0.129215359688, 0.137132242322, 0.192636936903, 0.318963587284, 0.314605206251, 0.162430211902, 0.100677579641, 0.112819880247, 0.385586738586, 0.988875091076], "hpcp": {"dmean2": [0.22226677835, 0.204543367028, 0.220562934875, 0.221497014165, 0.22210714221, 0.184376612306, 0.150568559766, 0.151019155979, 0.186652749777, 0.230064049363, 0.229771062732, 0.170958518982, 0.139513358474, 0.130557641387, 0.124431982636, 0.097261056304, 0.0986184328794, 0.124513074756, 0.164923503995, 0.166552528739, 0.106058605015, 0.0937187895179, 0.112360879779, 0.218017950654, 0.322157204151, 0.2808855474, 0.220117464662, 0.11915025115, 0.100287131965, 0.0906581580639, 0.0958053171635, 0.107181638479, 0.145830139518, 0.250167280436, 0.283048421144, 0.265906840563], "median": [0.0275077912956, 0.0184552874416, 0.0153832882643, 0.0228579137474, 0.0263426098973, 0.0209090560675, 0.0127679212019, 0.0110380351543, 0.0273582357913, 0.0873717442155, 0.0867494419217, 0.0451050288975, 0.0139016117901, 0.0150799695402, 0.0155153190717, 0.0106148943305, 0.0105644408613, 0.0193227622658, 0.0443013384938, 0.0391561053693, 0.0208726376295, 0.00762430252507, 0.00734172109514, 0.0506971031427, 0.315842241049, 0.327513992786, 0.0820591747761, 0.0120364390314, 0.00974835455418, 0.00896929576993, 0.0128717562184, 0.0137586798519, 0.0215236227959, 0.0766510292888, 0.110831238329, 0.0683271810412], "min": [0, 0, 0, 0, 0, 0, 0, 0, 0, 0, 0, 0, 0, 0, 0, 0, 0, 0, 0, 0, 0, 0, 0, 0, 0, 0, 0, 0, 0, 0, 0, 0, 0, 0, 0, 0], "dvar2": [0.124928556383, 0.114861391485, 0.134328886867, 0.132200464606, 0.123888298869, 0.10399658978, 0.0931562632322, 0.0931382849813, 0.0954227223992, 0.101288922131, 0.0938338413835, 0.0738030448556, 0.0712624564767, 0.0644971951842, 0.058605954051, 0.0418778322637, 0.0449130646884, 0.0605191402137, 0.0646884441376, 0.0698325112462, 0.0406277105212, 0.0462528690696, 0.0591776408255, 0.0948256030679, 0.14228387177, 0.105864055455, 0.0816679894924, 0.0491185970604, 0.043751694262, 0.0360558368266, 0.0401867330074, 0.0534047596157, 0.0669633150101, 0.11137535423, 0.125758633018, 0.135798856616], "dvar": [0.0458571128547, 0.0456826984882, 0.049607552588, 0.0477708689868, 0.046866312623, 0.0368283614516, 0.0318261645734, 0.0325852110982, 0.0347394123673, 0.0409381017089, 0.0396426804364, 0.026747064665, 0.0260797236115, 0.0246871933341, 0.0210003945976, 0.0152622368187, 0.0163223445415, 0.0221834070981, 0.0258070658892, 0.02938436158, 0.0149528989568, 0.0165236722678, 0.0212861280888, 0.0357172712684, 0.0613141693175, 0.0465994738042, 0.0301220249385, 0.0178055036813, 0.0155510278419, 0.0130676412955, 0.0143747888505, 0.0190596524626, 0.0251018851995, 0.0438962802291, 0.0536075867712, 0.0510610677302], "dmean": [0.125103443861, 0.114073723555, 0.122170075774, 0.123909130692, 0.124362491071, 0.102411083877, 0.0834528878331, 0.0833040773869, 0.104409441352, 0.13711592555, 0.138021469116, 0.0986536070704, 0.0789324566722, 0.075270280242, 0.0721945017576, 0.0556868799031, 0.0572021305561, 0.0721338838339, 0.0981271639466, 0.0986139550805, 0.0607429780066, 0.0513866506517, 0.0614527389407, 0.123340621591, 0.186200976372, 0.167390987277, 0.127742797136, 0.0664641112089, 0.0559967011213, 0.0512957721949, 0.054083392024, 0.0603989809752, 0.0847981050611, 0.14708557725, 0.165726736188, 0.151486352086], "max": [1, 1, 1, 1, 1, 1, 1, 1, 1, 1, 1, 1, 1, 1, 1, 1, 1, 1, 1, 1, 1, 1, 1, 1, 1, 1, 1, 1, 1, 1, 1, 1, 1, 1, 1, 1], "var": [0.0450045987964, 0.0446474738419, 0.0488395243883, 0.0756205171347, 0.0711460411549, 0.032624270767, 0.0250902231783, 0.0283500514925, 0.0350303836167, 0.0664043799043, 0.071521513164, 0.0294957086444, 0.052280087024, 0.0605497844517, 0.0255137234926, 0.0148127116263, 0.0169781092554, 0.0280530620366, 0.043083820492, 0.0495593138039, 0.0153297046199, 0.0121359676123, 0.0151097346097, 0.0469215214252, 0.139077275991, 0.137861445546, 0.0439401417971, 0.0151709727943, 0.0148369725794, 0.0180358029902, 0.014127583243, 0.0176411923021, 0.0313191898167, 0.0728890672326, 0.106100969017, 0.0681233778596], "mean": [0.119142301381, 0.104742750525, 0.112877964973, 0.15468595922, 0.15499034524, 0.0977910384536, 0.0723962783813, 0.0755895376205, 0.104781351984, 0.196860328317, 0.203483045101, 0.114878475666, 0.110643237829, 0.119150884449, 0.080645032227, 0.0544952899218, 0.0578341595829, 0.0812427103519, 0.134519726038, 0.132681623101, 0.0685033276677, 0.0424597673118, 0.0475806631148, 0.162617370486, 0.417048245668, 0.421740055084, 0.175511494279, 0.0591341517866, 0.0529692731798, 0.0555574335158, 0.0555336438119, 0.059967096895, 0.0932782515883, 0.204718798399, 0.264835566282, 0.188260272145]}, "tuning_equal_tempered_deviation": 0.211084768176, "chords_changes_rate": 0.0503076352179, "key_key": "A#", "tuning_diatonic_strength": 0.488130062819, "key_scale": "minor", "chords_number_rate": 0.0012064181501, "tuning_frequency": 434.193115234, "tuning_nontempered_energy_ratio": 0.919589519501, "chords_histogram": [9.22909927368, 13.511882782, 47.2071418762, 8.52937602997, 0.168898537755, 2.48522138596, 0.144770175219, 6.33369541168, 1.4597659111, 4.97044277191, 0.458438903093, 0, 0, 0.301604539156, 0.265412002802, 0, 0, 0, 0, 0, 3.59512615204, 0, 1.07371211052, 0.265412002802], "key_strength": 0.638300299644, "chords_key": "F", "chords_strength": {"dmean2": 0.00942057557404, "median": 0.544612288475, "min": 0.240116909146, "dvar2": 7.54430802772e-05, "dvar": 5.78060171392e-05, "dmean": 0.00891793798655, "max": 0.801426589489, "var": 0.0103849032894, "mean": 0.535409152508}, "chords_scale": "minor", "hpcp_entropy": {"dmean2": 1.09749758244, "median": 2.13294291496, "min": 0, "dvar2": 0.868384003639, "dvar": 0.320882856846, "dmean": 0.654995441437, "max": 4.68172597885, "var": 0.810574173927, "mean": 2.15934896469}}, "metadata": {"audio_properties": {"equal_loudness": 0, "codec": "mp3", "downmix": "mix", "sample_rate": 44100, "analysis_sample_rate": 44100, "bit_rate": 160011, "md5_encoded": "7a1b79b271febbd6b4e16b51f785b592", "length": 384.862030029, "replay_gain": -12.1040611267, "lossless": false}, "version": {"essentia_build_sha": "70f2e5ece6736b2c40cc944ad0e695b16b925413", "essentia": "2.1-beta2", "extractor": "music 1.0", "essentia_git_sha": "v2.1_beta2"}, "tags": {"title": ["Cryogenic Dreams"], "media": ["Digital Media"], "albumartist": ["Phutureprimitive"], "musicbrainz_recordingid": ["0c85893d-5368-4b09-815a-be8d62ae5030"], "encoding": ["Lavf56.36.100"], "musicbrainz_albumartistid": ["0c445197-bab3-442a-b1d2-32963f1b39a0"], "originalyear": ["2011"], "discnumber": ["1/1"], "album": ["Kinetik"], "musicbrainz album release country": ["US"], "musicbrainz album type": ["album"], "musicbrainz album status": ["official"], "asin": ["B004S5OTM8"], "date": ["2011"], "file_name": "Phutureprimitive - Cryogenic Dreams.mp3", "musicbrainz_releasegroupid": ["577cece1-2505-4ff7-8bc0-f97cc9465f99"], "script": ["Latn"], "originaldate": ["2011"], "musicbrainz_albumid": ["29624b49-2a6a-484f-a67c-9263965b3cc0"], "artist": ["Phutureprimitive"], "artistsort": ["Phutureprimitive"], "tracknumber": ["1/10"], "label": ["Native Harmonix"], "albumartistsort": ["Phutureprimitive"], "musicbrainz_artistid": ["0c445197-bab3-442a-b1d2-32963f1b39a0"]}}, "rhythm": {"bpm_histogram_first_peak_bpm": {"dmean2": 0, "median": 161, "min": 161, "dvar2": 0, "dvar": 0, "dmean": 0, "max": 161, "var": 0, "mean": 161}, "bpm": 161.499755859, "bpm_histogram_second_peak_spread": {"dmean2": 0, "median": 0.444444417953, "min": 0.444444417953, "dvar2": 0, "dvar": 0, "dmean": 0, "max": 0.444444417953, "var": 0, "mean": 0.444444417953}, "bpm_histogram_first_peak_weight": {"dmean2": 0, "median": 0.477728277445, "min": 0.477728277445, "dvar2": 0, "dvar": 0, "dmean": 0, "max": 0.477728277445, "var": 0, "mean": 0.477728277445}, "onset_rate": 4.4403181076, "beats_position": [0.406349211931, 0.824308395386, 1.24226760864, 1.66022670269, 2.07818579674, 2.49614500999, 2.90249419212, 3.28562355042, 3.66875267029, 4.05188179016, 4.43501138687, 4.82975053787, 5.22448968887, 5.61922883987, 6.01396799088, 6.40870714188, 6.78022670746, 7.16335582733, 7.5464849472, 7.91800451279, 8.28952407837, 8.66104316711, 9.03256225586, 9.41569137573, 9.79882049561, 10.1703395844, 10.5418596268, 10.9133787155, 11.2848978043, 11.6680269241, 12.051156044, 12.4226751328, 12.8058052063, 13.177324295, 13.5604534149, 13.9319725037, 14.3034915924, 14.6750106812, 15.0465307236, 15.4296598434, 15.8127889633, 16.1843090057, 16.5558280945, 16.9273471832, 17.298866272, 17.6703853607, 18.0535144806, 18.4250335693, 18.8081626892, 19.179681778, 19.5512008667, 19.9227199554, 20.2942390442, 20.6773700714, 21.0488891602, 21.43201828, 21.8035373688, 22.1750564575, 22.5465755463, 22.918094635, 23.2896137238, 23.6611328125, 24.0442619324, 24.4273910522, 24.7989120483, 25.1704311371, 25.553560257, 25.9366893768, 26.3082084656, 26.6797275543, 27.0512466431, 27.4227657318, 27.7942848206, 28.1658039093, 28.5489330292, 28.932062149, 29.3035831451, 29.6751022339, 30.0466213226, 30.4181404114, 30.7896595001, 31.1611785889, 31.5443077087, 31.9274368286, 32.2989578247, 32.6704750061, 33.0419960022, 33.4135131836, 33.7850341797, 34.1681632996, 34.539680481, 34.9228096008, 35.2943305969, 35.6658477783, 36.0489807129, 36.4204978943, 36.8036270142, 37.1751480103, 37.5466651917, 37.9181861877, 38.3013153076, 38.6844444275, 39.0559616089, 39.427482605, 39.7989997864, 40.1705207825, 40.5420417786, 40.9251708984, 41.3083000183, 41.6798171997, 42.0513381958, 42.4228553772, 42.7943763733, 43.1658935547, 43.5374145508, 43.9205436707, 44.3036727905, 44.6751937866, 45.046710968, 45.4182319641, 45.801361084, 46.1844902039, 46.5560073853, 46.9275283813, 47.2990455627, 47.6705665588, 48.0420837402, 48.4252128601, 48.80834198, 49.1798629761, 49.5513839722, 49.9229011536, 50.2944221497, 50.6659393311, 51.0490684509, 51.4321975708, 51.8037185669, 52.1752357483, 52.5467567444, 52.9182739258, 53.3130149841, 53.6845359802, 54.0560531616, 54.4275741577, 54.7990913391, 55.1706123352, 55.5421295166, 55.9252586365, 56.3083877563, 56.6799087524, 57.0514259338, 57.4229469299, 57.794467926, 58.1775970459, 58.5491142273, 58.9322433472, 59.3037643433, 59.6752815247, 60.0468025208, 60.4299316406, 60.8130607605, 61.1845779419, 61.556098938, 61.9276161194, 62.2991371155, 62.6706581116, 63.042175293, 63.4253044128, 63.8084335327, 64.1799545288, 64.5514755249, 64.9229888916, 65.2945098877, 65.6660308838, 66.0375518799, 66.4206771851, 66.8038101196, 67.1753311157, 67.5468444824, 67.9183654785, 68.3014984131, 68.6846237183, 69.0561447144, 69.4276657104, 69.7991790771, 70.1707000732, 70.5422210693, 70.9253463745, 71.3084793091, 71.6800003052, 72.0515213013, 72.423034668, 72.7945556641, 73.1776885986, 73.5492019653, 73.9323348999, 74.303855896, 74.6753692627, 75.0468902588, 75.4184112549, 75.8015441895, 76.1846694946, 76.5561904907, 76.9277114868, 77.2992248535, 77.6707458496, 78.0422668457, 78.4253921509, 78.8085250854, 79.1800460815, 79.5515594482, 79.9230804443, 80.2946014404, 80.6661224365, 81.0376434326, 81.4207687378, 81.7922897339, 82.16381073, 82.5353240967, 82.9184570312, 83.3015823364, 83.6731033325, 84.0562362671, 84.4277572632, 84.7992706299, 85.170791626, 85.5423126221, 85.9254379272, 86.3085708618, 86.6800918579, 87.0516052246, 87.4231262207, 87.7946472168, 88.177772522, 88.5492935181, 88.9324264526, 89.3039474487, 89.6754608154, 90.0469818115, 90.4185028076, 90.8016281128, 91.1847610474, 91.5562820435, 91.9277954102, 92.2993164062, 92.6708374023, 93.0423583984, 93.4254837036, 93.8086166382, 94.1801376343, 94.551651001, 94.9231719971, 95.2946929932, 95.6662139893, 96.0493392944, 96.432472229, 96.8039855957, 97.1755065918, 97.5470275879, 97.918548584, 98.3016738892, 98.6848068237, 99.0563278198, 99.4278411865, 99.7993621826, 100.170883179, 100.542404175, 100.92552948, 101.308662415, 101.680175781, 102.051696777, 102.423217773, 102.79473877, 103.166259766, 103.549385071, 103.932518005, 104.304031372, 104.675552368, 105.047073364, 105.430198669, 105.813331604, 106.1848526, 106.556373596, 106.927886963, 107.299407959, 107.670928955, 108.042449951, 108.425575256, 108.808708191, 109.180221558, 109.551742554, 109.92326355, 110.294784546, 110.677909851, 111.061042786, 111.432563782, 111.804077148, 112.175598145, 112.547119141, 112.918640137, 113.301765442, 113.684898376, 114.056411743, 114.427932739, 114.799453735, 115.170974731, 115.542495728, 115.925621033, 116.308753967, 116.680267334, 117.05178833, 117.423309326, 117.794830322, 118.177955627, 118.549476624, 118.932601929, 119.304122925, 119.675643921, 120.047164917, 120.430290222, 120.813423157, 121.184944153, 121.55645752, 121.927978516, 122.299499512, 122.671020508, 123.042533875, 123.425666809, 123.808792114, 124.18031311, 124.551834106, 124.923355103, 125.294876099, 125.666389465, 126.0495224, 126.432647705, 126.804168701, 127.175689697, 127.547210693, 127.91872406, 128.301864624, 128.6849823, 129.056503296, 129.428024292, 129.799545288, 130.171066284, 130.54258728, 130.925704956, 131.308837891, 131.680358887, 132.051879883, 132.423400879, 132.806533813, 133.17805481, 133.549560547, 133.932693481, 134.304214478, 134.675735474, 135.04725647, 135.418777466, 135.801895142, 136.185028076, 136.556549072, 136.928070068, 137.299591064, 137.671112061, 138.042633057, 138.425750732, 138.808883667, 139.180404663, 139.551925659, 139.923446655, 140.294967651, 140.678085327, 141.061218262, 141.432739258, 141.804260254, 142.17578125, 142.547302246, 142.918823242, 143.290344238, 143.661849976, 144.04498291, 144.428115845, 144.799636841, 145.171157837, 145.554275513, 145.937408447, 146.308929443, 146.680450439, 147.051971436, 147.423492432, 147.795013428, 148.178131104, 148.561264038, 148.932785034, 149.30430603, 149.675827026, 150.047348022, 150.418869019, 150.801986694, 151.185119629, 151.556640625, 151.928161621, 152.299682617, 152.671203613, 153.042724609, 153.414230347, 153.785751343, 154.157272339, 154.528793335, 154.91192627, 155.295059204, 155.6665802, 156.038085938, 156.421218872, 156.804351807, 157.175872803, 157.547393799, 157.918914795, 158.302032471, 158.673553467, 159.056686401, 159.428207397, 159.799728394, 160.17124939, 160.542770386, 160.925888062, 161.309020996, 161.680541992, 162.052062988, 162.423583984, 162.80670166, 163.189834595, 163.561355591, 163.932876587, 164.304397583, 164.675918579, 165.047439575, 165.418960571, 165.802078247, 166.185211182, 166.556732178, 166.928253174, 167.29977417, 167.671295166, 168.042816162, 168.425933838, 168.809066772, 169.180587769, 169.552108765, 169.923629761, 170.295150757, 170.666656494, 171.03817749, 171.421310425, 171.804443359, 172.175964355, 172.547485352, 172.919006348, 173.302124023, 173.67364502, 174.056777954, 174.42829895, 174.799819946, 175.171340942, 175.54284668, 175.925979614, 176.309112549, 176.680633545, 177.052154541, 177.423675537, 177.795196533, 178.178314209, 178.561447144, 178.93296814, 179.304489136, 179.676010132, 180.047531128, 180.419036865, 180.8021698, 181.185302734, 181.55682373, 181.928344727, 182.299865723, 182.671386719, 183.042892456, 183.426025391, 183.809158325, 184.180679321, 184.552200317, 184.923721313, 185.29524231, 185.678359985, 186.06149292, 186.433013916, 186.804534912, 187.176055908, 187.547576904, 187.919082642, 188.302215576, 188.685348511, 189.056869507, 189.428390503, 189.799911499, 190.171432495, 190.542938232, 190.926071167, 191.309204102, 191.680725098, 192.052246094, 192.42376709, 192.795272827, 193.178405762, 193.561538696, 193.933059692, 194.304580688, 194.676101685, 195.047622681, 195.419128418, 195.802261353, 196.185394287, 196.556915283, 196.928436279, 197.299957275, 197.671463013, 198.042984009, 198.426116943, 198.809249878, 199.180770874, 199.55229187, 199.923812866, 200.295318604, 200.678451538, 201.049972534, 201.433105469, 201.804626465, 202.176147461, 202.547653198, 202.919174194, 203.29069519, 203.662216187, 204.033737183, 204.416870117, 204.800003052, 205.171508789, 205.543029785, 205.914550781, 206.297683716, 206.669204712, 207.052337646, 207.423858643, 207.806976318, 208.178497314, 208.550018311, 208.933151245, 209.304672241, 209.676193237, 210.047698975, 210.419219971, 210.802352905, 211.173873901, 211.557006836, 211.928527832, 212.509017944, 213.066299438, 213.623580933, 214.180862427, 214.738143921, 215.295410156, 215.864303589, 216.433197021, 216.990478516, 217.547744751, 218.116638184, 218.673919678, 219.24281311, 219.800079346, 220.35736084, 220.926254272, 221.495147705, 222.052429199, 222.609695435, 223.178588867, 223.7474823, 224.304763794, 224.862030029, 225.419311523, 225.976593018, 226.54548645, 227.114364624, 227.671646118, 228.240539551, 228.809432983, 229.366714478, 229.923980713, 230.481262207, 231.05015564, 231.619049072, 232.176315308, 232.733596802, 233.302490234, 233.871383667, 234.428665161, 234.985931396, 235.554824829, 236.123718262, 236.680999756, 237.238265991, 237.795547485, 238.364440918, 238.933334351, 239.490600586, 240.04788208, 240.616775513, 241.185668945, 241.742950439, 242.300216675, 242.869110107, 243.426391602, 243.995285034, 244.55255127, 245.109832764, 245.678726196, 246.247619629, 246.804885864, 247.362167358, 247.919448853, 248.488342285, 249.045623779, 249.614501953, 250.171783447, 250.74067688, 251.309570312, 251.866836548, 252.43572998, 253.004623413, 253.561904907, 254.130783081, 254.688064575, 255.245346069, 255.814239502, 256.371520996, 256.92880249, 257.486083984, 258.043365479, 258.612243652, 259.181121826, 259.73840332, 260.295684814, 260.864562988, 261.421844482, 261.990753174, 262.548034668, 263.116912842, 263.685791016, 264.24307251, 264.800354004, 265.357635498, 265.914916992, 266.483795166, 267.052703857, 267.609985352, 268.178863525, 268.747741699, 269.305023193, 269.862304688, 270.419586182, 270.988464355, 271.557373047, 272.114654541, 272.671936035, 273.240814209, 273.809692383, 274.366973877, 274.924255371, 275.481536865, 276.050415039, 276.61932373, 277.176605225, 277.733886719, 278.302764893, 278.871643066, 279.428924561, 279.986206055, 280.543487549, 281.112365723, 281.681274414, 282.238555908, 282.795837402, 283.353088379, 283.92199707, 284.479278564, 285.048156738, 285.605438232, 286.174316406, 286.743225098, 287.300506592, 287.857757568, 288.415039062, 288.983947754, 289.552825928, 290.110107422, 290.667388916, 291.23626709, 291.805175781, 292.362457275, 292.919708252, 293.488616943, 294.057495117, 294.614776611, 295.172058105, 295.740936279, 296.309844971, 296.867126465, 297.424407959, 297.981658936, 298.53894043, 299.107849121, 299.676727295, 300.234008789, 300.802886963, 301.371795654, 301.929077148, 302.486358643, 303.043609619, 303.612518311, 304.181396484, 304.738677979, 305.295959473, 305.864837646, 306.433746338, 306.991027832, 307.548278809, 308.105560303, 308.674468994, 309.243347168, 309.800628662, 310.357910156, 310.92678833, 311.495697021, 312.052978516, 312.610229492, 313.179138184, 313.748016357, 314.305297852, 314.862579346, 315.41986084, 315.988739014, 316.557647705, 317.114929199, 317.672180176, 318.241088867, 318.809967041, 319.367248535, 319.924530029, 320.493408203, 321.050689697, 321.619598389, 322.176879883, 322.734130859, 323.303039551, 323.871917725, 324.429199219, 324.986480713, 325.543762207, 326.112640381, 326.681549072, 327.238800049, 327.796081543, 328.364990234, 328.933868408, 329.491149902, 330.048431396, 330.61730957, 331.186218262, 331.743499756, 332.300750732, 332.869659424, 333.426940918, 333.995819092, 334.553100586, 335.11038208, 335.679260254, 336.248168945, 336.805450439, 337.362701416, 337.91998291, 338.488891602, 339.057769775, 339.61505127, 340.172332764, 340.741210938, 341.310119629, 341.867401123, 342.4246521, 342.993560791, 343.550842285, 344.119720459, 344.677001953, 345.234283447, 345.803161621, 346.372070312, 346.929321289, 347.486602783, 348.043884277, 348.612792969, 349.181671143, 349.553192139, 349.924713135, 350.296234131, 350.667755127, 351.050872803, 351.434020996, 351.805511475, 352.177032471, 352.548553467, 352.920074463, 353.291595459, 353.674743652, 354.057861328, 354.429382324, 354.80090332, 355.172424316, 355.555541992, 355.938690186, 356.310211182, 356.68170166, 357.053222656, 357.424743652, 357.796264648, 358.179412842, 358.562530518, 358.934051514, 359.30557251, 359.677093506, 360.048614502, 360.420135498, 360.803253174, 361.186401367, 361.557922363, 361.929412842, 362.300933838, 362.672454834, 363.04397583, 363.427124023, 363.810241699, 364.181762695, 364.553283691, 364.924804688, 365.296325684, 365.679443359, 366.062591553, 366.434112549, 366.805603027, 367.177124023, 367.54864502, 367.920166016, 368.291687012, 368.663208008, 369.046356201, 369.429473877, 369.800994873, 370.172515869, 370.555633545, 370.938781738, 371.310302734, 371.681793213, 372.053314209, 372.424835205, 372.796356201, 373.167877197, 373.551025391, 373.934143066, 374.317260742, 374.723632812, 375.118347168, 375.513092041, 375.919464111, 376.302581787, 376.685699463, 377.068847656, 377.451965332, 377.800262451, 378.14855957, 378.496856689, 378.949645996, 379.390838623, 379.820404053, 380.261566162, 380.702758789, 381.143951416, 381.573516846, 382.014678955, 382.455871582, 382.885437012, 383.315002441, 383.756195068, 384.197357178], "beats_loudness": {"dmean2": 0.0394959412515, "median": 0.0410267710686, "min": 8.2758599973e-09, "dvar2": 0.00128275051247, "dvar": 0.000442719319835, "dmean": 0.023112423718, "max": 0.174242421985, "var": 0.000682185636833, "mean": 0.0430874638259}, "danceability": 1.1403567791, "bpm_histogram_second_peak_weight": {"dmean2": 0, "median": 0.150334075093, "min": 0.150334075093, "dvar2": 0, "dvar": 0, "dmean": 0, "max": 0.150334075093, "var": 0, "mean": 0.150334075093}, "beats_count": 899, "bpm_histogram_second_peak_bpm": {"dmean2": 0, "median": 108, "min": 108, "dvar2": 0, "dvar": 0, "dmean": 0, "max": 108, "var": 0, "mean": 108}, "bpm_histogram_first_peak_spread": {"dmean2": 0, "median": 0.310289442539, "min": 0.310289442539, "dvar2": 0, "dvar": 0, "dmean": 0, "max": 0.310289442539, "var": 0, "mean": 0.310289442539}, "beats_loudness_band_ratio": {"dmean2": [0.444918394089, 0.233340606093, 0.221744373441, 0.10573438555, 0.0534854605794, 0.19629521668], "median": [0.409655272961, 0.109922640026, 0.131638586521, 0.0330179110169, 0.0225616339594, 0.037987742573], "min": [4.84081465402e-06, 0.00113202235661, 0.0012954644626, 0.000795038882643, 0.000762301147915, 2.88972364615e-06], "dvar2": [0.155430391431, 0.0493292063475, 0.0505731739104, 0.0142090860754, 0.00286750402302, 0.0410427115858], "dvar": [0.0574038438499, 0.0170298013836, 0.0188335645944, 0.00535489665344, 0.0011654344853, 0.0180383902043], "dmean": [0.264660716057, 0.131961226463, 0.127098560333, 0.0589840523899, 0.0312093999237, 0.112468257546], "max": [0.985269188881, 0.976017057896, 0.984320700169, 0.759707331657, 0.419215083122, 0.929078519344], "var": [0.102081798017, 0.0380532406271, 0.0437255129218, 0.00602791132405, 0.00132725131698, 0.0222617927939], "mean": [0.433322906494, 0.19374370575, 0.204609408975, 0.0594951473176, 0.0346571691334, 0.114126563072]}}, "lowlevel": {"barkbands_spread": {"dmean2": 10.2875957489, "median": 13.2964782715, "min": 0.550599753857, "dvar2": 166.743484497, "dvar": 87.5666122437, "dmean": 7.03007507324, "max": 88.1312561035, "var": 274.413421631, "mean": 19.4351539612}, "melbands_spread": {"dmean2": 11.7202167511, "median": 10.8882980347, "min": 0.505969524384, "dvar2": 350.708099365, "dvar": 173.811141968, "dmean": 7.87007284164, "max": 182.159408569, "var": 501.090454102, "mean": 19.2965011597}, "hfc": {"dmean2": 19.3999614716, "median": 15.4860229492, "min": 1.24137217987e-16, "dvar2": 1172.76574707, "dvar": 496.223297119, "dmean": 12.8209295273, "max": 243.515518188, "var": 658.412902832, "mean": 23.2905406952}, "barkbands_kurtosis": {"dmean2": 9.20419025421, "median": 5.08936357498, "min": -1.93678283691, "dvar2": 303.849914551, "dvar": 148.342010498, "dmean": 6.19776821136, "max": 307.407409668, "var": 360.917633057, "mean": 10.7091474533}, "gfcc": {"mean": [-11.2372493744, 86.8594512939, -104.332824707, 28.2681789398, -65.7355499268, 4.79319858551, -29.0237979889, 10.8856573105, -21.9759922028, 9.66704940796, -15.2025966644, 0.422913432121, -7.50454473495], "icov": [[0.000174817600055, -0.00015398125106, 0.000165108285728, -0.000451635336503, 0.000251058081631, -0.000241006724536, 0.000388549728086, -0.000404260994401, 0.000159257819178, -0.000204860843951, 0.000342164974427, -0.000422897894168, 0.000440963282017], [-0.00015398125106, 0.00141914584674, -0.000645254796837, 0.000942918297369, -0.00119338324293, 0.000991848181002, -0.000834167469293, 0.00109107233584, -0.00154280336574, 0.00126691197511, -0.00146224198397, 0.00229053827934, -0.00154853763524], [0.000165108285728, -0.000645254796837, 0.00231270026416, -0.000510116806254, -0.000991205219179, -0.000984722166322, 0.00149110436905, -0.00134638801683, 0.00031640654197, -0.00166508124676, 0.00183195190039, -0.0010462438222, 0.00114041415509], [-0.000451635336503, 0.000942918297369, -0.000510116806254, 0.00270529207774, -0.00173867016565, 0.000618360412773, -0.00217809481546, 0.000709588057362, -0.000659827317577, 0.000505670323037, -0.00101553916465, 0.00166493246797, -0.00179032760207], [0.000251058081631, -0.00119338324293, -0.000991205219179, -0.00173867016565, 0.00603177445009, -0.00151399814058, -0.00079252634896, -0.00112961756531, 0.00187112065032, 0.00168697047047, -0.00168985663913, -0.00123031367548, 0.00194929121062], [-0.000241006724536, 0.000991848181002, -0.000984722166322, 0.000618360412773, -0.00151399814058, 0.00430972874165, -0.00213459925726, 0.00131994939875, 6.32465307717e-05, -0.00019759949646, 0.000155823305249, -9.6690178907e-05, -0.00105473212898], [0.000388549728086, -0.000834167469293, 0.00149110436905, -0.00217809481546, -0.00079252634896, -0.00213459925726, 0.00859150383621, -0.00244677742012, -0.00197433703579, 0.00023982199491, 0.000176947127329, -0.000280503940303, 0.00103368912823], [-0.000404260994401, 0.00109107233584, -0.00134638801683, 0.000709588057362, -0.00112961756531, 0.00131994939875, -0.00244677742012, 0.00867571961135, -0.00320495734923, -0.00155974901281, -0.000181269759196, 0.000744963879697, -0.000559712876566], [0.000159257819178, -0.00154280336574, 0.00031640654197, -0.000659827317577, 0.00187112065032, 6.32465307717e-05, -0.00197433703579, -0.00320495734923, 0.0107854567468, -0.00230017397553, -0.000608566915616, 0.000686727638822, -0.000979396747425], [-0.000204860843951, 0.00126691197511, -0.00166508124676, 0.000505670323037, 0.00168697047047, -0.00019759949646, 0.00023982199491, -0.00155974901281, -0.00230017397553, 0.0125601431355, -0.00603427086025, -0.000597468984779, 0.000427147722803], [0.000342164974427, -0.00146224198397, 0.00183195190039, -0.00101553916465, -0.00168985663913, 0.000155823305249, 0.000176947127329, -0.000181269759196, -0.000608566915616, -0.00603427086025, 0.0166955720633, -0.00648471200839, -0.00118594989181], [-0.000422897894168, 0.00229053827934, -0.0010462438222, 0.00166493246797, -0.00123031367548, -9.6690178907e-05, -0.000280503940303, 0.000744963879697, 0.000686727638822, -0.000597468984779, -0.00648471200839, 0.0202460996807, -0.00914236437529], [0.000440963282017, -0.00154853763524, 0.00114041415509, -0.00179032760207, 0.00194929121062, -0.00105473212898, 0.00103368912823, -0.000559712876566, -0.000979396747425, 0.000427147722803, -0.00118594989181, -0.00914236437529, 0.0179658550769]], "cov": [[14585.2236328, -2161.53979492, 290.362945557, 2769.77758789, 195.025863647, 940.074707031, 234.774856567, 724.960205078, -92.3725814819, 405.943359375, -105.537033081, 247.825500488, -139.150985718], [-2161.53979492, 2776.17358398, 181.321212769, -407.379760742, 392.278015137, -396.221862793, 191.394943237, -130.570770264, 302.109527588, -257.541717529, 113.226036072, -237.617034912, 68.4821166992], [290.362945557, 181.321212769, 888.541015625, 271.86114502, 325.430358887, 228.978790283, 54.5408935547, 144.162506104, 16.5888881683, 66.7596054077, -16.393447876, 2.76839661598, -41.6778450012], [2769.77758789, -407.379760742, 271.86114502, 1455.25805664, 435.030975342, 368.005493164, 367.538818359, 240.780227661, 59.6919708252, 71.8275985718, 52.4951324463, 45.8777885437, 13.7818346024], [195.025863647, 392.278015137, 325.430358887, 435.030975342, 516.040588379, 186.869522095, 208.551773071, 80.5540237427, 36.5761222839, -40.621799469, 50.7203216553, -15.1817016602, -4.20781135559], [940.074707031, -396.221862793, 228.978790283, 368.005493164, 186.869522095, 482.123718262, 123.641876221, 75.7355957031, -37.3121185303, 55.6974372864, -1.68300831318, 58.4968490601, -5.51506328583], [234.774856567, 191.394943237, 54.5408935547, 367.538818359, 208.551773071, 123.641876221, 304.695495605, 97.1455307007, 96.152961731, -5.1998333931, 44.0948219299, -12.2902956009, 16.046541214], [724.960205078, -130.570770264, 144.162506104, 240.780227661, 80.5540237427, 75.7355957031, 97.1455307007, 231.560379028, 68.4948348999, 73.9535446167, 18.0365467072, 19.5956707001, -3.73607468605], [-92.3725814819, 302.109527588, 16.5888881683, 59.6919708252, 36.5761222839, -37.3121185303, 96.152961731, 68.4948348999, 182.774642944, 21.0385723114, 42.4481277466, -19.5667934418, 25.9537410736], [405.943359375, -257.541717529, 66.7596054077, 71.8275985718, -40.621799469, 55.6974372864, -5.1998333931, 73.9535446167, 21.0385723114, 159.37109375, 40.7275772095, 50.1895256042, 6.62486982346], [-105.537033081, 113.226036072, -16.393447876, 52.4951324463, 50.7203216553, -1.68300831318, 44.0948219299, 18.0365467072, 42.4481277466, 40.7275772095, 115.27545929, 37.0785102844, 38.8679389954], [247.825500488, -237.617034912, 2.76839661598, 45.8777885437, -15.1817016602, 58.4968490601, -12.2902956009, 19.5956707001, -19.5667934418, 50.1895256042, 37.0785102844, 108.116226196, 39.436580658], [-139.150985718, 68.4821166992, -41.6778450012, 13.7818346024, -4.20781135559, -5.51506328583, 16.046541214, -3.73607468605, 25.9537410736, 6.62486982346, 38.8679389954, 39.436580658, 91.9826507568]]}, "spectral_energyband_middle_low": {"dmean2": 0.00972752645612, "median": 0.00991125404835, "min": 4.30845736121e-22, "dvar2": 0.000260252185399, "dvar": 9.89730397123e-05, "dmean": 0.0059181638062, "max": 0.101603254676, "var": 0.000166035839356, "mean": 0.013950958848}, "melbands_crest": {"dmean2": 5.38774013519, "median": 16.0810127258, "min": 2.58921504021, "dvar2": 25.654920578, "dvar": 11.327504158, "dmean": 3.47281765938, "max": 36.5337104797, "var": 48.9735221863, "mean": 16.9482555389}, "spectral_kurtosis": {"dmean2": 4.08542156219, "median": 3.07457327843, "min": -1.21572518349, "dvar2": 136.590911865, "dvar": 47.7017173767, "dmean": 2.45582675934, "max": 298.672485352, "var": 470.690155029, "mean": 7.87262105942}, "spectral_rms": {"dmean2": 0.00159549864475, "median": 0.00576276984066, "min": 3.25892091091e-12, "dvar2": 4.35146148448e-06, "dvar": 1.72699299128e-06, "dmean": 0.00100779859349, "max": 0.0142201557755, "var": 7.10007861926e-06, "mean": 0.00569947483018}, "zerocrossingrate": {"dmean2": 0.0152452522889, "median": 0.04052734375, "min": 0.001953125, "dvar2": 0.000288050301606, "dvar": 0.00024509022478, "dmean": 0.0137010980397, "max": 0.61279296875, "var": 0.00196087197401, "mean": 0.0555972233415}, "silence_rate_60dB": {"dmean2": 0.0432001948357, "median": 0, "min": 0, "dvar2": 0.0496739037335, "dvar": 0.021130785346, "dmean": 0.0215987935662, "max": 1, "var": 0.070027038455, "mean": 0.075772203505}, "erbbands_kurtosis": {"dmean2": 2.21801376343, "median": 0.0573456287384, "min": -1.85224914551, "dvar2": 18.0190868378, "dvar": 9.87880420685, "dmean": 1.47572267056, "max": 107.639755249, "var": 31.9566135406, "mean": 1.69525897503}, "erbbands": {"dmean2": [0.39862793684, 2.23066806793, 4.33131408691, 6.55461597443, 9.01913738251, 13.3234262466, 12.4082393646, 28.3401145935, 26.0910568237, 24.3423480988, 32.0709609985, 40.2728462219, 30.1195716858, 18.7768192291, 15.0754642487, 12.0960206985, 10.7131757736, 12.1353349686, 14.9265403748, 14.7701807022, 8.74296855927, 11.0719146729, 17.0074062347, 15.8856773376, 22.8707447052, 32.4671592712, 29.8181972504, 22.6717624664, 17.2732543945, 9.18613243103, 6.43645381927, 5.09900999069, 2.67427587509, 1.98666167259, 1.0548787117, 0.602134346962, 0.175597071648, 0.0383823141456, 0.00273179844953, 6.73912873026e-05], "median": [0.0611210688949, 0.829301953316, 1.63650655746, 1.64694499969, 2.83630943298, 3.83859491348, 5.79410457611, 13.1306381226, 12.2896270752, 9.22210979462, 13.1089897156, 16.2945480347, 14.3778076172, 8.28023338318, 7.24421977997, 5.06976413727, 5.34769010544, 5.4397482872, 5.54155063629, 6.22734832764, 4.38753700256, 4.11692333221, 6.45928573608, 6.00739574432, 5.49315166473, 7.68212556839, 5.46515512466, 3.34012389183, 2.33138418198, 1.29502153397, 0.912462353706, 0.671680569649, 0.362924784422, 0.238912060857, 0.130806088448, 0.0732542723417, 0.0131389060989, 0.00253838044591, 0.000121591081552, 4.8405083362e-05], "min": [1.63446537053e-21, 6.22784162022e-21, 4.30842797772e-21, 4.05066953234e-20, 1.38017657219e-19, 3.95018860754e-19, 5.7052771668e-19, 1.74446145974e-18, 1.11144495237e-18, 6.07042570845e-19, 8.63009837388e-19, 1.05865831818e-18, 1.02846839717e-18, 6.39711665887e-18, 2.4580013114e-18, 3.16092140477e-18, 5.22049442373e-18, 4.15052017137e-18, 4.32772748759e-18, 7.03049836648e-18, 9.62739881237e-18, 9.19367079408e-18, 9.08500655855e-18, 1.41011282276e-17, 9.62499833423e-18, 1.06571129435e-17, 1.64630531312e-17, 1.80657436922e-17, 1.96940106777e-17, 1.80595927771e-17, 1.7849536878e-17, 1.65720474118e-17, 1.55594029797e-17, 1.14638133913e-17, 9.18956715106e-18, 6.00250683893e-18, 2.95800035203e-18, 1.37612641157e-18, 4.17986797082e-19, 4.12902680081e-20], "dvar2": [0.94407838583, 24.2760009766, 95.4491348267, 376.995635986, 535.76348877, 984.934204102, 489.058380127, 2257.77270508, 2493.55151367, 2987.4296875, 4289.12158203, 7099.35595703, 2820.60668945, 1335.83886719, 779.973205566, 472.815368652, 347.638946533, 423.497467041, 1225.43115234, 1527.81286621, 223.682815552, 467.662536621, 1124.58105469, 1049.98486328, 2558.14501953, 4631.65576172, 5108.90722656, 2523.86254883, 1759.1159668, 506.134063721, 200.15512085, 105.658073425, 28.7471847534, 16.2282390594, 4.49404096603, 1.88894617558, 0.150337487459, 0.00728783011436, 5.38258718734e-05, 1.6048677054e-08], "dvar": [0.435284346342, 10.0101633072, 36.6007652283, 136.061828613, 195.142425537, 345.14050293, 176.016357422, 1211.8951416, 1182.2467041, 1423.39208984, 2004.71105957, 3385.71118164, 1066.78015137, 496.81350708, 307.881408691, 190.274353027, 132.894393921, 156.149795532, 447.750274658, 563.49017334, 87.0757751465, 177.918548584, 436.665771484, 401.148742676, 952.421386719, 1845.57470703, 2061.6784668, 1053.5579834, 742.062438965, 208.54876709, 95.4673843384, 48.8256912231, 13.948225975, 7.46451377869, 2.05576086044, 0.753804087639, 0.0612234473228, 0.00292542856187, 2.01115508389e-05, 6.14195183601e-09], "dmean": [0.277757674456, 1.46639382839, 2.59308314323, 3.85429406166, 5.50735282898, 7.7073302269, 7.29795885086, 18.6734962463, 15.8987817764, 15.0718460083, 19.8150348663, 24.9003429413, 17.8996315002, 11.150018692, 9.01434707642, 7.21093797684, 6.37129974365, 7.12695026398, 8.62105846405, 8.62614917755, 5.2474603653, 6.62992811203, 10.3614635468, 9.69691944122, 13.5723867416, 19.9229507446, 19.0067901611, 14.418879509, 11.2596130371, 5.86232757568, 4.28969144821, 3.39296221733, 1.81675648689, 1.32102835178, 0.696817696095, 0.376498073339, 0.111165106297, 0.0240604896098, 0.00160287460312, 4.12210101786e-05], "max": [8.38045692444, 40.9064369202, 121.115493774, 173.554855347, 229.880493164, 266.657653809, 182.868515015, 769.333190918, 898.256469727, 911.791259766, 910.846862793, 1323.72033691, 630.673583984, 302.430480957, 466.58795166, 376.011474609, 198.61831665, 221.164978027, 332.02746582, 391.375183105, 207.336395264, 160.963165283, 273.757598877, 270.895629883, 529.049682617, 520.887145996, 908.734802246, 493.657440186, 496.400299072, 296.624542236, 137.229217529, 92.1393280029, 51.8454170227, 65.4481277466, 43.2497367859, 10.2412519455, 2.34755444527, 0.652467131615, 0.0871782749891, 0.00117309112102], "var": [1.35043203831, 26.1649303436, 53.4058609009, 136.464126587, 221.10496521, 323.029266357, 257.732574463, 5296.84619141, 3163.42285156, 3301.32275391, 4713.31591797, 8380.76464844, 1717.93554688, 601.232971191, 514.250732422, 422.418212891, 240.083770752, 213.737686157, 386.375366211, 482.617401123, 97.0204238892, 164.181045532, 460.219024658, 391.650543213, 893.115539551, 1962.02416992, 2097.47387695, 1192.56970215, 853.363708496, 300.760772705, 166.316040039, 72.203086853, 22.029750824, 9.9947309494, 2.63336038589, 0.713818609715, 0.0598517693579, 0.0027345456183, 1.49263923959e-05, 6.57787158076e-09], "mean": [0.665097475052, 3.22129964828, 4.33056020737, 5.58157873154, 8.31063175201, 10.1965770721, 11.9525814056, 40.5068016052, 29.1531333923, 29.9201641083, 34.8212127686, 45.9473571777, 29.2901821136, 16.890663147, 14.0710945129, 12.0837059021, 10.9709358215, 10.9463853836, 11.5211191177, 11.9853172302, 7.71288824081, 8.46717071533, 13.8323459625, 12.969792366, 16.9107437134, 24.7294998169, 22.951417923, 17.2445602417, 13.7633638382, 7.95748567581, 5.7764840126, 4.04491567612, 2.29326033592, 1.56364130974, 0.804255187511, 0.386873781681, 0.10732819885, 0.0228398144245, 0.00134499371052, 7.27468941477e-05]}, "spectral_strongpeak": {"dmean2": 0.539218068123, "median": 0.540220320225, "min": 0, "dvar2": 0.605243265629, "dvar": 0.274292916059, "dmean": 0.32796344161, "max": 6.54639387131, "var": 0.6896276474, "mean": 0.818012416363}, "spectral_energy": {"dmean2": 0.0221988614649, "median": 0.0340397544205, "min": 1.08860805631e-20, "dvar2": 0.00118155602831, "dvar": 0.000435885973275, "dmean": 0.0136730605736, "max": 0.207268133759, "var": 0.0010967256967, "mean": 0.0405735932291}, "average_loudness": 0.849162340164, "spectral_rolloff": {"dmean2": 888.510192871, "median": 656.762695312, "min": 21.533203125, "dvar2": 2206097.75, "dvar": 1117201.5, "dmean": 550.822387695, "max": 19789.0136719, "var": 3095444.75, "mean": 1349.71484375}, "spectral_centroid": {"dmean2": 475.692443848, "median": 1116.24633789, "min": 175.531845093, "dvar2": 315646.875, "dvar": 178608.421875, "dmean": 326.993927002, "max": 10802.9589844, "var": 779751.875, "mean": 1395.6887207}, "pitch_salience": {"dmean2": 0.12675242126, "median": 0.546278893948, "min": 0.0396650210023, "dvar2": 0.0154493721202, "dvar": 0.00678976904601, "dmean": 0.0821464732289, "max": 0.951791346073, "var": 0.0273865237832, "mean": 0.526290178299}, "spectral_energyband_middle_high": {"dmean2": 0.00259943748824, "median": 0.00209247716703, "min": 1.40074857826e-21, "dvar2": 1.7889733499e-05, "dvar": 6.94130221746e-06, "dmean": 0.0015654808376, "max": 0.0244537070394, "var": 9.84804137261e-06, "mean": 0.00305615761317}, "spectral_contrast_coeffs": {"dmean2": [0.0827001929283, 0.0802042782307, 0.0656469687819, 0.0465343780816, 0.0361095778644, 0.0386037826538], "median": [-0.669684052467, -0.739516615868, -0.788873434067, -0.816428780556, -0.798513174057, -0.752588748932], "min": [-0.970810711384, -0.976818442345, -0.96357178688, -0.969161987305, -0.960852026939, -0.958783090115], "dvar2": [0.00508445780724, 0.00458952691406, 0.0028511765413, 0.00142436532769, 0.00094235164579, 0.00131252512801], "dvar": [0.00202090386301, 0.0018415733939, 0.00112811056897, 0.000517672509886, 0.000369865039829, 0.000636593205854], "d