{"tonal": {"thpcp": [1, 0.748625695705, 0.419070035219, 0.34492200613, 0.317497551441, 0.371206134558, 0.562193572521, 0.6074655056, 0.491350442171, 0.425132781267, 0.378515779972, 0.514374256134, 0.833362042904, 0.798320293427, 0.528729856014, 0.438796341419, 0.404070675373, 0.506460666656, 0.639816462994, 0.593419373035, 0.592981994152, 0.762833714485, 0.720583260059, 0.516701817513, 0.465822279453, 0.474581956863, 0.593768954277, 0.73855394125, 0.60615259409, 0.39597672224, 0.321621716022, 0.301762312651, 0.415982723236, 0.612549602985, 0.641392767429, 0.781225085258], "hpcp": {"dmean2": [0.227032333612, 0.212450429797, 0.169278621674, 0.150736525655, 0.158347830176, 0.18313036859, 0.197310879827, 0.237998828292, 0.280411362648, 0.250457793474, 0.238497555256, 0.182272851467, 0.162602007389, 0.153712838888, 0.154861569405, 0.181186720729, 0.197864666581, 0.211162924767, 0.197604984045, 0.186603784561, 0.218798130751, 0.248830646276, 0.236252292991, 0.223563849926, 0.186112344265, 0.178748816252, 0.202329412103, 0.22981415689, 0.246050223708, 0.270549625158, 0.262126088142, 0.245466679335, 0.266072273254, 0.267504513264, 0.257642239332, 0.270483523607], "median": [0.0514634475112, 0.0509890988469, 0.0313748084009, 0.0188098344952, 0.0167887192219, 0.0197259839624, 0.0317073501647, 0.0455757826567, 0.0579447746277, 0.041999720037, 0.0452028140426, 0.0316789411008, 0.0235091038048, 0.017831871286, 0.0179401505738, 0.0246486421674, 0.0276970900595, 0.0251652523875, 0.01829107292, 0.0200394187123, 0.040313590318, 0.0613665767014, 0.0580453202128, 0.0412013195455, 0.0223707314581, 0.0179758295417, 0.025480741635, 0.0306792594492, 0.0343761406839, 0.0408705212176, 0.0396807603538, 0.0377470366657, 0.0285492762923, 0.0234868898988, 0.0265879072249, 0.0404061116278], "min": [0, 0, 0, 0, 0, 0, 0, 0, 0, 0, 0, 0, 0, 0, 0, 0, 0, 0, 0, 0, 0, 0, 0, 0, 0, 0, 0, 0, 0, 0, 0, 0, 0, 0, 0, 0], "dvar2": [0.111064828932, 0.103118374944, 0.0796775072813, 0.0757321491838, 0.0862666517496, 0.0961674079299, 0.094375833869, 0.107482492924, 0.129754006863, 0.128217637539, 0.11384165287, 0.081550128758, 0.0782662779093, 0.0794948264956, 0.0785232186317, 0.0915163531899, 0.0938725024462, 0.101609170437, 0.103381082416, 0.0930211395025, 0.0986818596721, 0.112316422164, 0.10769354552, 0.108897432685, 0.101309806108, 0.0948982387781, 0.109573863447, 0.124668359756, 0.134038716555, 0.143341898918, 0.134868696332, 0.133025333285, 0.152391478419, 0.167901083827, 0.146267771721, 0.147943913937], "dvar": [0.0450205430388, 0.0364413000643, 0.0276891384274, 0.0267221275717, 0.0305844377726, 0.034365888685, 0.0355325862765, 0.0402111299336, 0.0487773343921, 0.0580606646836, 0.0443920642138, 0.0293037183583, 0.0288418065757, 0.0292878001928, 0.0290572941303, 0.0357791371644, 0.0379072800279, 0.0379062779248, 0.0376304984093, 0.0340474881232, 0.0357348993421, 0.0468023084104, 0.0453255064785, 0.0389202572405, 0.0382955670357, 0.0345286503434, 0.0389600321651, 0.0463688969612, 0.0488778986037, 0.0523576624691, 0.0540033355355, 0.0522783622146, 0.0554128624499, 0.0617769882083, 0.0541770868003, 0.0532668679953], "dmean": [0.128910556436, 0.123163081706, 0.0946126505733, 0.0838793441653, 0.0875266641378, 0.103490315378, 0.113942712545, 0.135881379247, 0.160096541047, 0.145027503371, 0.140218779445, 0.103100530803, 0.0920841693878, 0.0860352218151, 0.0884882062674, 0.105308525264, 0.11488738656, 0.11958964169, 0.109413392842, 0.103345997632, 0.124324217439, 0.144373819232, 0.137041136622, 0.127202212811, 0.104289017618, 0.100268498063, 0.114041864872, 0.129551827908, 0.138068526983, 0.151911392808, 0.149623960257, 0.140771478415, 0.147455200553, 0.146196261048, 0.142823517323, 0.149668902159], "max": [1, 1, 1, 1, 1, 1, 1, 1, 1, 1, 1, 1, 1, 1, 1, 1, 1, 1, 1, 1, 1, 1, 1, 1, 1, 1, 1, 1, 1, 1, 1, 1, 1, 1, 1, 1], "var": [0.0783583298326, 0.0470192804933, 0.026912547648, 0.02433430776, 0.0242415219545, 0.0359027199447, 0.0628958493471, 0.0558366067708, 0.0700504779816, 0.126600623131, 0.0715049877763, 0.0286754202098, 0.0258609689772, 0.0282061938196, 0.0337395705283, 0.0620318986475, 0.066671654582, 0.0435386672616, 0.0420014150441, 0.0323502980173, 0.0383884459734, 0.0868477448821, 0.0836779400706, 0.0418228842318, 0.0482316315174, 0.0398402139544, 0.0466566048563, 0.0684807598591, 0.0568984150887, 0.0525070242584, 0.082114495337, 0.0782446041703, 0.0486742593348, 0.0480122081935, 0.0445603504777, 0.0540347360075], "mean": [0.179477676749, 0.147302523255, 0.0962272062898, 0.0781580284238, 0.0733319446445, 0.101088911295, 0.148857071996, 0.155866324902, 0.189847290516, 0.243012279272, 0.181925237179, 0.101839162409, 0.0838202834129, 0.0771558061242, 0.0902076512575, 0.1366199404, 0.147621572018, 0.119404189289, 0.10331248492, 0.0919839814305, 0.124999254942, 0.202517211437, 0.194001629949, 0.128487840295, 0.106632895768, 0.0981941372156, 0.123076163232, 0.155483260751, 0.144208192825, 0.144101902843, 0.185377955437, 0.175110578537, 0.12556488812, 0.11320053041, 0.115329243243, 0.144293144345]}, "tuning_equal_tempered_deviation": 0.138470649719, "chords_changes_rate": 0.0917139649391, "key_key": "C", "tuning_diatonic_strength": 0.592665672302, "key_scale": "major", "chords_number_rate": 0.00317820650525, "tuning_frequency": 438.224517822, "tuning_nontempered_energy_ratio": 0.855785429478, "chords_histogram": [15.0283765793, 5.10783195496, 3.95005679131, 7.80930757523, 7.40068101883, 0.476731002331, 4.56299638748, 2.31555056572, 9.19409751892, 0.204313278198, 8.92167949677, 0.249716237187, 0, 0, 0.0681044235826, 3.45062422752, 0.0908059030771, 3.04199767113, 0, 0.0454029515386, 0, 4.81271266937, 4.94892168045, 18.3200912476], "key_strength": 0.760404288769, "chords_key": "A", "chords_strength": {"dmean2": 0.0150561202317, "median": 0.538872241974, "min": -1, "dvar2": 0.00100740569178, "dvar": 0.000555048754904, "dmean": 0.0144877349958, "max": 0.830494761467, "var": 0.0221278760582, "mean": 0.531126439571}, "chords_scale": "minor", "hpcp_entropy": {"dmean2": 1.09435796738, "median": 2.37270593643, "min": 0, "dvar2": 0.794865906239, "dvar": 0.294537633657, "dmean": 0.653916597366, "max": 4.66159725189, "var": 0.605272054672, "mean": 2.36531376839}}, "metadata": {"audio_properties": {"equal_loudness": 0, "codec": "mp3", "downmix": "mix", "sample_rate": 44100, "analysis_sample_rate": 44100, "bit_rate": 320000, "md5_encoded": "f84cebde0dfbe16ce81e31933965d98e", "length": 204.486526489, "replay_gain": -11.6624526978, "lossless": false}, "version": {"essentia_build_sha": "70f2e5ece6736b2c40cc944ad0e695b16b925413", "essentia": "2.1-beta2", "extractor": "music 1.0", "essentia_git_sha": "v2.1_beta2"}, "tags": {"title": ["Custom of Live"], "albumartist": ["Made in Germany"], "musicbrainz_recordingid": ["0c8784f0-e354-4c13-ad3c-b7b6508e9cc3"], "album": ["Made in Germany"], "originalyear": ["1971"], "discnumber": ["1/1"], "bpm": ["99"], "musicbrainz album type": ["album"], "musicbrainz album status": ["official"], "file_name": "Made in Germany - Custom of Live.mp3", "musicbrainz_albumartistid": ["a2ed8367-3cb6-4a02-814f-ca1a53d39a20"], "date": ["1971"], "genre": ["Progressive Rock; Psychedelic"], "musicbrainz_releasegroupid": ["c1a26bcf-c5c1-4e33-82bc-ed3f6ebca266"], "script": ["Latn"], "originaldate": ["1971"], "musicbrainz_albumid": ["fa3540bc-7def-46a5-8782-5c71fa9cb663"], "artist": ["Made in Germany"], "tracknumber": ["9/16"], "musicbrainz album release country": ["DE"], "albumartistsort": ["Made in Germany"], "musicbrainz_artistid": ["a2ed8367-3cb6-4a02-814f-ca1a53d39a20"]}}, "rhythm": {"bpm_histogram_first_peak_bpm": {"dmean2": 0, "median": 99, "min": 99, "dvar2": 0, "dvar": 0, "dmean": 0, "max": 99, "var": 0, "mean": 99}, "bpm": 99.1270446777, "bpm_histogram_second_peak_spread": {"dmean2": 0, "median": 0.5, "min": 0.5, "dvar2": 0, "dvar": 0, "dmean": 0, "max": 0.5, "var": 0, "mean": 0.5}, "bpm_histogram_first_peak_weight": {"dmean2": 0, "median": 0.797014951706, "min": 0.797014951706, "dvar2": 0, "dvar": 0, "dmean": 0, "max": 0.797014951706, "var": 0, "mean": 0.797014951706}, "onset_rate": 3.34477376938, "beats_position": [0.568888902664, 1.16099774837, 1.764716506, 2.38004541397, 2.99537420273, 3.59909296036, 4.20281171799, 4.80653047562, 5.41024923325, 6.01396799088, 6.6176867485, 7.22140598297, 7.8251247406, 8.42884349823, 9.04417228699, 9.65950107574, 10.2748298645, 10.8901586533, 11.4938774109, 12.1208162308, 12.7245349884, 13.3514738083, 13.9551925659, 14.5589113235, 15.1626300812, 15.7547388077, 16.3468475342, 16.9505672455, 17.5542850494, 18.1463947296, 18.7385025024, 19.3422222137, 19.9459400177, 20.549659729, 21.153377533, 21.7687072754, 22.3840351105, 22.9877548218, 23.5914726257, 24.195192337, 24.7989120483, 25.4026298523, 26.0063495636, 26.6100673676, 27.2137870789, 27.8175048828, 28.4212245941, 29.0365524292, 29.6518821716, 30.2555999756, 30.8593196869, 31.4630374908, 32.0667572021, 32.6588668823, 33.2509727478, 33.8546943665, 34.4584121704, 35.0621299744, 35.6658477783, 36.269569397, 36.8732872009, 37.4770050049, 38.0807266235, 38.672832489, 39.2765541077, 39.8918800354, 40.5072097778, 41.1225395203, 41.7262573242, 42.3415870667, 42.9453048706, 43.5490226746, 44.1411323547, 44.7448501587, 45.3485717773, 45.9522895813, 46.5676193237, 47.1829452515, 47.7866668701, 48.3903846741, 48.994102478, 49.5978240967, 50.2015419006, 50.8052597046, 51.4089775085, 52.0126991272, 52.6164169312, 53.2201347351, 53.8238525391, 54.4275741577, 55.0312919617, 55.6350097656, 56.2387275696, 56.8424491882, 57.4461669922, 58.0382766724, 58.6303825378, 59.2341041565, 59.8378219604, 60.4415397644, 61.0336494446, 61.6373672485, 62.2294769287, 62.8331947327, 63.4369163513, 64.0406341553, 64.6327438354, 65.2248535156, 65.8285675049, 66.4322891235, 67.0360107422, 67.6629486084, 68.2666625977, 68.8936004639, 69.5205459595, 70.1474838257, 70.7511978149, 71.3549194336, 71.9586410522, 72.5623550415, 73.1660766602, 73.7697982788, 74.3735122681, 74.9772338867, 75.5693435669, 76.1614532471, 76.7535552979, 77.345664978, 77.9261627197, 78.5298843384, 79.1452102661, 79.7605438232, 80.3642578125, 80.9679794312, 81.5717010498, 82.1754150391, 82.7791366577, 83.3828582764, 83.9865722656, 84.6019058228, 85.1940155029, 85.7977294922, 86.3782272339, 86.9471206665, 87.5160064697, 88.1081161499, 88.7002258301, 89.3039474487, 89.907661438, 90.5113830566, 91.1150970459, 91.7188186646, 92.3225402832, 92.9262542725, 93.5299758911, 94.1336975098, 94.760635376, 95.3643493652, 95.9680709839, 96.5833969116, 97.1871185303, 97.7792282104, 98.3829498291, 98.9866638184, 99.590385437, 100.205711365, 100.821044922, 101.424758911, 102.02848053, 102.632194519, 103.235916138, 103.839637756, 104.443351746, 105.047073364, 105.650794983, 106.254508972, 106.858230591, 107.46194458, 108.065666199, 108.669387817, 109.273101807, 109.876823425, 110.480545044, 111.084259033, 111.687980652, 112.291702271, 112.89541626, 113.499137878, 114.102851868, 114.706573486, 115.310295105, 115.914009094, 116.517730713, 117.109840393, 117.713554382, 118.305664062, 118.909385681, 119.5131073, 120.116821289, 120.732154846, 121.347480774, 121.951202393, 122.554916382, 123.158638, 123.762359619, 124.366073608, 124.969795227, 125.573509216, 126.188842773, 126.804168701, 127.419502258, 128.034820557, 128.638549805, 129.253875732, 129.86920166, 130.472915649, 131.076644897, 131.680358887, 132.284072876, 132.899414062, 133.51473999, 134.118453979, 134.722167969, 135.337509155, 135.952835083, 136.568161011, 137.183486938, 137.787200928, 138.390930176, 139.006256104, 139.621582031, 140.225296021, 140.829025269, 141.432739258, 142.036453247, 142.651794434, 143.267120361, 143.870834351, 144.47454834, 145.078277588, 145.681991577, 146.285705566, 146.889434814, 147.516372681, 148.131698608, 148.747024536, 149.373962402, 150.000900269, 150.604629517, 151.219955444, 151.835281372, 152.4506073, 153.065933228, 153.681274414, 154.296600342, 154.900314331, 155.50402832, 156.107757568, 156.699859619, 157.291976929, 157.884078979, 158.499404907, 159.103118896, 159.718460083, 160.322174072, 160.9375, 161.541213989, 162.144943237, 162.748657227, 163.352371216, 163.956100464, 164.559814453, 165.163528442, 165.755645752, 166.347747803, 166.951477051, 167.543579102, 168.158905029, 168.762634277, 169.366348267, 169.970062256, 170.585388184, 171.20072937, 171.804443359, 172.408157349, 173.011871338, 173.615600586, 174.242538452, 174.846252441, 175.449981689, 176.030471802, 176.610977173, 177.191467285, 177.795196533, 178.410522461, 179.025848389, 179.629562378, 180.233291626, 180.837005615, 181.452331543, 182.056045532, 182.671386719, 183.275100708, 183.878814697, 184.482528687, 185.074645996, 185.666748047, 186.247253418, 186.827758789, 187.431472778, 188.035186768, 188.638900757, 189.242630005, 189.857955933, 190.461669922, 191.07699585, 191.680725098, 192.284439087, 192.888153076, 193.503494263, 194.11882019, 194.745758057, 195.372695923, 195.999633789, 196.626571655, 197.253509521, 197.892059326, 198.553833008, 199.238815308, 199.923812866, 200.608795166, 201.293777466, 201.990386963, 202.686981201, 203.383575439, 204.080184937], "beats_loudness": {"dmean2": 0.0288482513279, "median": 0.037277713418, "min": 0, "dvar2": 0.000469241495011, "dvar": 0.000160430383403, "dmean": 0.0162529088557, "max": 0.0984120592475, "var": 0.000253645586781, "mean": 0.0387000367045}, "danceability": 1.20739591122, "bpm_histogram_second_peak_weight": {"dmean2": 0, "median": 0.011940298602, "min": 0.011940298602, "dvar2": 0, "dvar": 0, "dmean": 0, "max": 0.011940298602, "var": 0, "mean": 0.011940298602}, "beats_count": 336, "bpm_histogram_second_peak_bpm": {"dmean2": 0, "median": 86, "min": 86, "dvar2": 0, "dvar": 0, "dmean": 0, "max": 86, "var": 0, "mean": 86}, "bpm_histogram_first_peak_spread": {"dmean2": 0, "median": 0.173374652863, "min": 0.173374652863, "dvar2": 0, "dvar": 0, "dmean": 0, "max": 0.173374652863, "var": 0, "mean": 0.173374652863}, "beats_loudness_band_ratio": {"dmean2": [0.400101929903, 0.326883792877, 0.147280320525, 0.203141450882, 0.14695879817, 0.0650108680129], "median": [0.504010260105, 0.104801110923, 0.0756487622857, 0.0798863843083, 0.0651871412992, 0.0522689670324], "min": [0, 0, 0, 0, 0, 0], "dvar2": [0.0879904404283, 0.0633301660419, 0.0191511511803, 0.0409678965807, 0.0309841427952, 0.00281230802648], "dvar": [0.0296757407486, 0.0185860805213, 0.00766175612807, 0.0150271058083, 0.0115543836728, 0.00102493795566], "dmean": [0.231418669224, 0.170847013593, 0.0884810760617, 0.121483057737, 0.0798599347472, 0.0372352302074], "max": [0.935647368431, 0.586076557636, 0.692967772484, 0.593607127666, 0.736832737923, 0.363825023174], "var": [0.0530712492764, 0.0188243445009, 0.012367554009, 0.0191825665534, 0.0105207785964, 0.00143305421807], "mean": [0.500627100468, 0.154509007931, 0.116269737482, 0.138525754213, 0.101051911712, 0.0588850192726]}}, "lowlevel": {"barkbands_spread": {"dmean2": 9.42948150635, "median": 22.8522377014, "min": 0.203999251127, "dvar2": 103.995429993, "dvar": 44.0698432922, "dmean": 6.08029651642, "max": 106.045372009, "var": 176.070251465, "mean": 23.1123332977}, "melbands_spread": {"dmean2": 11.1306409836, "median": 20.9124565125, "min": 0.249024063349, "dvar2": 152.291061401, "dvar": 61.3557815552, "dmean": 6.96974563599, "max": 158.301589966, "var": 399.994537354, "mean": 24.0955295563}, "hfc": {"dmean2": 8.41182899475, "median": 17.3361568451, "min": 1.09201863223e-16, "dvar2": 101.566314697, "dvar": 50.5261001587, "dmean": 5.96697473526, "max": 117.951171875, "var": 338.58203125, "mean": 22.9065074921}, "barkbands_kurtosis": {"dmean2": 7.23305463791, "median": 1.64064574242, "min": -1.86086416245, "dvar2": 208.399017334, "dvar": 97.2829360962, "dmean": 4.65259122849, "max": 251.79133606, "var": 354.10760498, "mean": 8.39838218689}, "gfcc": {"mean": [5.3176445961, 83.2439346313, -106.313514709, 39.647228241, -37.1766700745, 21.0597324371, -32.5463600159, 12.1341629028, -26.0996246338, -4.39830112457, -20.3959980011, -10.4483385086, -16.3352298737], "icov": [[0.000148066144902, -0.000206622193218, 0.000229673300055, -0.000247874122579, 0.000258965650573, -0.000457102694781, 0.000536174571607, -0.000398206990212, 0.000275389815215, -0.00030511355726, 0.000504119147081, -0.000610295450315, 0.000511337362695], [-0.000206622193218, 0.00193157512695, 0.00031231273897, 0.000215863605263, -0.000805855146609, 0.00120959302876, -0.00150849891361, 0.00174417672679, -0.00153784267604, 0.00280032656156, -0.00291299447417, 0.00267521827482, -0.00146691338159], [0.000229673300055, 0.00031231273897, 0.00292588351294, -0.00131020194385, -0.000553686695639, 0.000197350658709, -0.000572373683099, 0.00106252916157, -0.000393951806473, 0.000110411674541, -0.0013649755856, -0.00182373693679, 0.000875269877724], [-0.000247874122579, 0.000215863605263, -0.00131020194385, 0.00431982055306, -0.00130525731947, 4.69637234346e-05, 0.0012541009346, 0.000359910511179, 0.000284437672235, 0.00165793136694, -0.00099137914367, 0.00174895895179, -0.00116544158664], [0.000258965650573, -0.000805855146609, -0.000553686695639, -0.00130525731947, 0.00684199761599, -0.00196363730356, 0.000405542639783, 0.000219268331421, -0.0024400241673, -0.000206269440241, 0.00172602536622, -0.00166703783907, -0.00161795550957], [-0.000457102694781, 0.00120959302876, 0.000197350658709, 4.69637234346e-05, -0.00196363730356, 0.0132233230397, -0.00662573892623, 0.00116020650603, 0.00514194462448, -0.00264155771583, -0.00121422938537, 0.0031593288295, -2.76296796073e-05], [0.000536174571607, -0.00150849891361, -0.000572373683099, 0.0012541009346, 0.000405542639783, -0.00662573892623, 0.0138125410303, -0.00448698084801, 0.000294329656754, 0.00496646715328, -0.00435134954751, -0.000384642800782, 0.002658625599], [-0.000398206990212, 0.00174417672679, 0.00106252916157, 0.000359910511179, 0.000219268331421, 0.00116020650603, -0.00448698084801, 0.0140350051224, -0.00520749436691, -0.000279446307104, 0.000576016725972, 0.00121670728549, 0.000341381906765], [0.000275389815215, -0.00153784267604, -0.000393951806473, 0.000284437672235, -0.0024400241673, 0.00514194462448, 0.000294329656754, -0.00520749436691, 0.0167441051453, -0.00893976353109, 0.00346497842111, 0.00260263890959, -0.00263259210624], [-0.00030511355726, 0.00280032656156, 0.000110411674541, 0.00165793136694, -0.000206269440241, -0.00264155771583, 0.00496646715328, -0.000279446307104, -0.00893976353109, 0.0275027584285, -0.011562069878, 0.00171444925945, 0.00182525266428], [0.000504119147081, -0.00291299447417, -0.0013649755856, -0.00099137914367, 0.00172602536622, -0.00121422938537, -0.00435134954751, 0.000576016725972, 0.00346497842111, -0.011562069878, 0.0288698077202, -0.0118181081489, 0.00425275741145], [-0.000610295450315, 0.00267521827482, -0.00182373693679, 0.00174895895179, -0.00166703783907, 0.0031593288295, -0.000384642800782, 0.00121670728549, 0.00260263890959, 0.00171444925945, -0.0118181081489, 0.0273213777691, -0.0118333827704], [0.000511337362695, -0.00146691338159, 0.000875269877724, -0.00116544158664, -0.00161795550957, -2.76296796073e-05, 0.002658625599, 0.000341381906765, -0.00263259210624, 0.00182525266428, 0.00425275741145, -0.0118333827704, 0.0255179367959]], "cov": [[18996.8789062, -340.068786621, -2017.65185547, 199.818527222, -901.691467285, 423.188232422, -605.968688965, 394.583679199, -418.192474365, 127.415893555, -370.457611084, -103.984817505, -359.479888916], [-340.068786621, 1143.28857422, -22.1704502106, 16.0506134033, 135.729232788, -62.1341209412, 113.432884216, -84.367401123, 72.6065750122, -103.828666687, 46.784740448, -59.0348777771, 51.6236877441], [-2017.65185547, -22.1704502106, 727.661132812, 152.107666016, 165.384246826, -33.5670890808, 64.0185394287, -96.2346801758, 21.4384269714, -10.0614652634, 89.116973877, 73.1064682007, 48.1922607422], [199.818527222, 16.0506134033, 152.107666016, 337.149383545, 76.4175338745, -9.4278717041, -46.4242515564, -36.3251495361, -7.64339780807, -17.0212650299, 0.506285250187, 9.78374481201, 22.1387729645], [-901.691467285, 135.729232788, 165.384246826, 76.4175338745, 249.690475464, -24.9255180359, 17.6994285583, -34.7486534119, 58.6656951904, -12.3604564667, 14.3232250214, 15.6301879883, 49.9111785889], [423.188232422, -62.1341209412, -33.5670890808, -9.4278717041, -24.9255180359, 154.561843872, 64.3520355225, 5.30602312088, -70.6586685181, -0.443152070045, 12.3387508392, -6.52776384354, -31.8610305786], [-605.968688965, 113.432884216, 64.0185394287, -46.4242515564, 17.6994285583, 64.3520355225, 173.503311157, 5.53722333908, -21.0210494995, -28.8065223694, 41.9350700378, -4.77832603455, -11.9244527817], [394.583679199, -84.367401123, -96.2346801758, -36.3251495361, -34.7486534119, 5.30602312088, 5.53722333908, 115.832702637, 26.8081607819, 18.5280685425, -19.5723323822, -14.6035509109, -17.5086574554], [-418.192474365, 72.6065750122, 21.4384269714, -7.64339780807, 58.6656951904, -70.6586685181, -21.0210494995, 26.8081607819, 133.74659729, 24.6014671326, -9.53353023529, -11.8093490601, 25.0948867798], [127.415893555, -103.828666687, -10.0614652634, -17.0212650299, -12.3604564667, -0.443152070045, -28.8065223694, 18.5280685425, 24.6014671326, 66.8855056763, 9.55434608459, 5.50763893127, -8.26935577393], [-370.457611084, 46.784740448, 89.116973877, 0.506285250187, 14.3232250214, 12.3387508392, 41.9350700378, -19.5723323822, -9.53353023529, 9.55434608459, 71.8605422974, 26.4519233704, 2.51694202423], [-103.984817505, -59.0348777771, 73.1064682007, 9.78374481201, 15.6301879883, -6.52776384354, -4.77832603455, -14.6035509109, -11.8093490601, 5.50763893127, 26.4519233704, 69.4293670654, 24.4821186066], [-359.479888916, 51.6236877441, 48.1922607422, 22.1387729645, 49.9111785889, -31.8610305786, -11.9244527817, -17.5086574554, 25.0948867798, -8.26935577393, 2.51694202423, 24.4821186066, 67.4379501343]]}, "spectral_energyband_middle_low": {"dmean2": 0.00730768963695, "median": 0.00803222693503, "min": 1.80064393106e-22, "dvar2": 8.86875131982e-05, "dvar": 3.36294651788e-05, "dmean": 0.00446404376999, "max": 0.0713758319616, "var": 6.24933454674e-05, "mean": 0.0102423503995}, "melbands_crest": {"dmean2": 5.71797895432, "median": 15.2226686478, "min": 1.58293056488, "dvar2": 25.5807800293, "dvar": 9.35601806641, "dmean": 3.39106893539, "max": 31.7489547729, "var": 34.1833076477, "mean": 15.62266922}, "spectral_kurtosis": {"dmean2": 2.0406525135, "median": 3.96017193794, "min": -1.25761890411, "dvar2": 7.27460765839, "dvar": 2.91079878807, "dmean": 1.27068638802, "max": 37.6193580627, "var": 8.5111207962, "mean": 4.62244558334}, "spectral_rms": {"dmean2": 0.00139066402335, "median": 0.00536864623427, "min": 3.13564625654e-12, "dvar2": 1.86904003385e-06, "dvar": 7.44055171253e-07, "dmean": 0.000874291465152, "max": 0.0110020395368, "var": 2.52072754847e-06, "mean": 0.00533863529563}, "zerocrossingrate": {"dmean2": 0.0111521752551, "median": 0.05615234375, "min": 0.00341796875, "dvar2": 0.000179643553565, "dvar": 0.000119630451081, "dmean": 0.00943247135729, "max": 0.52734375, "var": 0.00279788672924, "mean": 0.0592559911311}, "silence_rate_60dB": {"dmean2": 0.0018169429386, "median": 0, "min": 0, "dvar2": 0.00204056105576, "dvar": 0.000907568784896, "dmean": 0.000908368325327, "max": 1, "var": 0.0202363748103, "mean": 0.0206630341709}, "erbbands_kurtosis": {"dmean2": 1.33540010452, "median": -0.206674933434, "min": -1.7924169302, "dvar2": 3.49187541008, "dvar": 1.61090731621, "dmean": 0.858430206776, "max": 52.4591941833, "var": 7.0216050148, "mean": 0.562465548515}, "erbbands": {"dmean2": [0.0893544703722, 1.93104159832, 7.81501054764, 9.07031917572, 12.5835351944, 9.27733802795, 5.14082050323, 6.05820655823, 7.24528121948, 15.9023733139, 21.9086513519, 26.0015735626, 36.1939430237, 22.295381546, 25.4217739105, 27.2423267365, 36.522403717, 52.3860168457, 37.5176849365, 39.0655479431, 27.2839984894, 19.8080177307, 15.289899826, 11.808713913, 14.9808454514, 11.0575246811, 5.10508489609, 3.57511019707, 2.77111577988, 2.46005344391, 2.01117277145, 1.69526076317, 1.39163732529, 0.730014324188, 0.33717674017, 0.163322910666, 0.0512969866395, 0.00997677724808, 0.0015361814294, 7.75504449848e-05], "median": [0.0524101182818, 0.939831018448, 4.65766763687, 8.33063697815, 7.47751760483, 4.51822900772, 2.25746631622, 2.08743667603, 2.73800325394, 3.7880551815, 5.15780067444, 7.38992977142, 7.72647666931, 7.66016578674, 8.04656219482, 9.88473892212, 10.5207719803, 12.3003730774, 13.9046802521, 11.4802589417, 12.9400815964, 13.1492481232, 14.6792316437, 12.2820072174, 14.3864955902, 9.71587181091, 4.50179004669, 3.12259268761, 2.61818289757, 2.01749920845, 1.68571853638, 1.54336416721, 1.18487906456, 0.586120247841, 0.236756831408, 0.101151593029, 0.021696858108, 0.00316335028037, 0.000290299707558, 5.45545954083e-05], "min": [4.8044090374e-23, 3.31066872784e-22, 2.37903343986e-21, 3.2260179195e-21, 1.775278067e-20, 2.86736698657e-20, 5.19256910352e-20, 7.50738396455e-20, 8.84415824075e-20, 1.66651289605e-19, 2.34500482081e-19, 4.32528399606e-19, 4.90861900186e-19, 5.95430764503e-19, 1.14102555146e-18, 1.35159378556e-18, 1.83363132298e-18, 1.83756580756e-18, 1.92849425678e-18, 3.58865112285e-18, 4.06182200788e-18, 2.80516880769e-18, 6.29310117839e-18, 5.678090325e-18, 7.7267007193e-18, 8.11737977697e-18, 9.1396335662e-18, 1.07075726153e-17, 1.05273986158e-17, 1.25098353883e-17, 1.22880757107e-17, 1.06468757563e-17, 1.0049064883e-17, 8.33127875721e-18, 6.72014929964e-18, 4.26826478207e-18, 2.38539987583e-18, 8.33258218706e-19, 2.43887792962e-19, 2.47805136166e-20], "dvar2": [0.0165946092457, 8.12415981293, 108.599334717, 115.139900208, 404.141601562, 422.929443359, 77.864692688, 122.956237793, 313.928619385, 1678.89440918, 2181.77026367, 2873.96020508, 9053.58886719, 2900.64355469, 3955.97045898, 5474.59130859, 11147.9521484, 22329.390625, 6294.21777344, 10915.0478516, 3169.63745117, 1267.75305176, 505.217803955, 308.143157959, 435.5703125, 280.998931885, 65.4333953857, 28.3166294098, 18.3537120819, 15.1610994339, 10.6014547348, 8.52318954468, 5.74201869965, 1.61167931557, 0.395599424839, 0.143373265862, 0.0274557676166, 0.000529037439264, 1.33966086651e-05, 2.85907155728e-08], "dvar": [0.00621207663789, 2.91354990005, 39.5820503235, 43.8225669861, 144.676300049, 155.291107178, 28.6255340576, 45.3716201782, 126.384483337, 728.086181641, 991.911682129, 1204.90026855, 3527.0078125, 1139.30480957, 1512.18737793, 2182.98901367, 4428.328125, 8959.93164062, 2506.92333984, 5013.12158203, 1438.72131348, 594.350769043, 199.901184082, 136.495346069, 181.697280884, 121.975257874, 29.7771625519, 10.9916982651, 7.5574221611, 6.34888792038, 4.51800823212, 3.73486113548, 2.60659217834, 0.801701128483, 0.198782414198, 0.0654961392283, 0.0113252075389, 0.000243585775024, 6.65613333695e-06, 1.42900171696e-08], "dmean": [0.0530091188848, 1.12908744812, 4.62335014343, 5.48189258575, 7.3201713562, 5.52073478699, 3.01946759224, 3.53737568855, 4.51455974579, 10.4004259109, 14.3034448624, 16.6207466125, 23.1019439697, 14.1882638931, 15.7214365005, 17.1860656738, 22.8941345215, 33.0244102478, 23.4368209839, 25.9869194031, 17.6194915771, 12.9961099625, 9.77696037292, 7.71605157852, 9.54368972778, 7.09920215607, 3.37036085129, 2.26365542412, 1.78852128983, 1.61986327171, 1.34596848488, 1.1672642231, 0.96303576231, 0.518322885036, 0.241164788604, 0.115448124707, 0.0348700508475, 0.00708698108792, 0.00110809737816, 5.59979234822e-05], "max": [1.17609918118, 21.7754325867, 71.2102508545, 94.0939483643, 159.894592285, 190.246749878, 63.3707237244, 84.3049545288, 311.432434082, 689.480529785, 679.637145996, 699.459533691, 1074.09411621, 730.460083008, 898.255859375, 1688.72961426, 1833.14099121, 2074.8918457, 952.807006836, 2440.45043945, 1175.28222656, 994.641479492, 255.076400757, 356.058349609, 528.86706543, 324.014404297, 118.332054138, 69.1414794922, 60.1789398193, 62.811668396, 59.8576965332, 53.8848609924, 56.3397293091, 27.7033576965, 13.7600984573, 10.9076433182, 3.7361266613, 0.377084106207, 0.0656018331647, 0.00256952783093], "var": [0.00830120500177, 4.42459630966, 85.2572784424, 99.1175918579, 165.513427734, 134.105102539, 31.840177536, 41.160118103, 150.503036499, 1594.41442871, 2567.0559082, 3616.26220703, 7084.08203125, 2679.63061523, 3266.19726562, 4076.97583008, 8551.46582031, 25826.4023438, 6638.11083984, 16327.8417969, 7007.33154297, 2310.61889648, 716.766967773, 410.333831787, 794.238037109, 333.654693604, 67.3852157593, 27.6772785187, 20.1879386902, 14.8992195129, 13.2282075882, 11.2337560654, 8.70873069763, 2.47925138474, 0.508485913277, 0.127231627703, 0.0128039577976, 0.000371804373572, 1.00460856629e-05, 2.19437197302e-08], "mean": [0.0821536406875, 1.7120705843, 8.00598239899, 11.0512094498, 11.1535835266, 7.7717666626, 4.23996782303, 4.27558994293, 6.43955373764, 16.458530426, 24.7040214539, 32.3757858276, 39.6687545776, 24.8872795105, 27.440952301, 29.7792205811, 39.6595153809, 60.5394172668, 45.5929298401, 53.4087333679, 40.525844574, 29.3852043152, 23.304359436, 17.6830558777, 22.447517395, 14.8117313385, 6.73672437668, 4.49486017227, 3.80659103394, 3.17920541763, 2.75547814369, 2.47878527641, 2.04047513008, 1.06630802155, 0.467835754156, 0.207239165902, 0.0530303157866, 0.0103463409469, 0.00144938717131, 9.89407126326e-05]}, "spectral_strongpeak": {"dmean2": 1.07501363754, "median": 0.465114712715, "min": 0, "dvar2": 3.88376092911, "dvar": 1.50165140629, "dmean": 0.624939024448, "max": 14.7395648956, "var": 2.75807976723, "mean": 1.02893483639}, "spectral_energy": {"dmean2": 0.0163665451109, "median": 0.0295429192483, "min": 1.00780850478e-20, "dvar2": 0.000319128594128, "dvar": 0.00012529239757, "dmean": 0.0101603697985, "max": 0.124071002007, "var": 0.000285873044049, "mean": 0.0317973382771}, "average_loudness": 0.960766017437, "spectral_rolloff": {"dmean2": 687.118774414, "median": 1205.859375, "min": 107.666015625, "dvar2": 1254980.375, "dvar": 517316.3125, "dmean": 407.15234375, "max": 19573.6816406, "var": 4117536, "mean": 1405.74621582}, "spectral_centroid": {"dmean2": 403.770050049, "median": 1424.49462891, "min": 117.094238281, "dvar2": 185400.265625, "dvar": 83825.796875, "dmean": 263.004638672, "max": 11644.7001953, "var": 1300505.75, "mean": 1454.46044922}, "pitch_salience": {"dmean2": 0.128616079688, "median": 0.51221203804, "min": 0.0510698594153, "dvar2": 0.0139377973974, "dvar": 0.00498943403363, "dmean": 0.0770300105214, "max": 0.942193806171, "var": 0.0139231551439, "mean": 0.504825174809}, "spectral_energyband_middle_high": {"dmean2": 0.00342901446857, "median": 0.00377474562265, "min": 1.07991508682e-21, "dvar2": 2.63806705334e-05, "dvar": 1.16307865028e-05, "dmean": 0.00232903589495, "max": 0.0563982203603, "var": 7.30296233087e-05, "mean": 0.00744218239561}, "spectral_contrast_coeffs": {"dmean2": [0.0876876786351, 0.0756268948317, 0.059649720788, 0.0490455403924, 0.0333171375096, 0.0248310323805], "median": [-0.623003423214, -0.76628524065, -0.784460186958, -0.779078125954, -0.786027371883, -0.790454745293], "min": [-0.977149665356, -0.982448816299, -0.980102419853, -0.971650600433, -0.97284924984, -0.96412050724], "dvar2": [0.00504423445091, 0.00375393987633, 0.00223243562505, 0.00152299634647, 0.000699750846252, 0.000481479917653], "dvar": [0.00179788901005, 0.00145575718489, 0.000918717123568, 0.000655456678942, 0.000312216492603, 0.000191397572053], "dmean": [0.0519527606666, 0.0457640588284, 0.037070017308, 0.0310369729996, 0.0215185470879, 0.0154614672065], "max": [-0.354396879673, -0.419641911983, -0.46915024519, -0.517802238464, -0.571982383728, -0.654600262642], "var": [0.00549361342564, 0.00619965977967, 0.00655740685761, 0.00533971842378, 0.0024793590419, 0.000944276573136], "mean": [-0.623251497746, -0.75547760725, -0.766949951649, -0.76508641243, -0.7824690938, -0.792872846127]}, "melbands_skewness": {"dmean2": 1.50020182133, "median": 3.13928747177, "min": -1.20550203323, "dvar2": 2.53407502174, "dvar": 1.05906784534, "dmean": 0.947031855583, "max": 14.8619022369, "var": 6.42344379425, "mean": 3.51725649834}, "spectral_spread": {"dmean2": 652179, "median": 4513406.5, "min": 1952698.25, "dvar2": 875063410688, "dvar": 449588199424, "dmean": 483541.25, "max": 42643312, "var": 14439284736000.0, "mean": 5032017}, "dissonance": {"dmean2": 0.0229534544051, "median": 0.480171561241, "min": 0.295395821333, "dvar2": 0.000563724897802, "dvar": 0.000209813661058, "dmean": 0.0137462951243, "max": 0.500000059605, "var": 0.000485724973259, "mean": 0.473441332579}, "spectral_skewness": {"dmean2": 0.279333651066, "median": 1.53857803345, "min": -0.08974789083, "dvar2": 0.0999260991812, "dvar": 0.0428332649171, "dmean": 0.178245782852, "max": 4.80591487885, "var": 0.185865849257, "mean": 1.58438396454}, "spectral_flux": {"dmean2": 0.0380745716393, "median": 0.0837206095457, "min": 6.33345945134e-11, "dvar2": 0.00125164131168, "dvar": 0.000589716946706, "dmean": 0.0250274129212, "max": 0.277235329151, "var": 0.00183547567576, "mean": 0.0893249064684}, "spectral_contrast_valleys": {"dmean2": [0.644325613976, 0.670024096966, 0.516119420528, 0.448007404804, 0.37377294898, 0.357470035553], "median": [-6.8349199295, -7.02625608444, -7.29455661774, -7.43694877625, -7.19725465775, -9.58722400665], "min": [-28.0806407928, -28.005033493, -27.864402771, -27.7194309235, -27.6191558838, -27.3661899567], "dvar2": [0.279302477837, 0.391396105289, 0.192835181952, 0.168607532978, 0.165599003434, 0.18177396059], "dvar": [0.113557145, 0.170921579003, 0.100073046982, 0.0986350625753, 0.0976252481341, 0.126317739487], "dmean": [0.386506170034, 0.424789130688, 0.343670189381, 0.318178862333, 0.274299889803, 0.303414523602], "max": [-5.48367547989, -4.84572505951, -5.29985952377, -5.72417926788, -5.72560882568, -7.65372896194], "var": [4.54940748215, 4.67239189148, 4.52136230469, 4.51471090317, 4.60088396072, 4.00801801682], "mean": [-7.09522771835, -7.20408678055, -7.50890445709, -7.68533229828, -7.54675006866, -10.0027647018]}, "erbbands_flatness_db": {"dmean2": 0.021720468998, "median": 0.132863864303, "min": 0.0200573448092, "dvar2": 0.00040788933984, "dvar": 0.000223298222409, "dmean": 0.0159716121852, "max": 0.325548142195, "var": 0.00172621931415, "mean": 0.136809036136}, "spectral_energyband_high": {"dmean2": 0.000392271758756, "median": 0.000499272719026, "min": 7.07445491872e-21, "dvar2": 3.3908122532e-07, "dvar": 1.63491307603e-07, "dmean": 0.000280968350125, "max": 0.0101163461804, "var": 6.22422476226e-07, "mean": 0.00070884329034}, "spectral_entropy": {"dmean2": 0.230749025941, "median": 7.69545507431, "min": 4.58105802536, "dvar2": 0.0651461333036, "dvar": 0.0367948487401, "dmean": 0.168744936585, "max": 9.8189573288, "var": 0.249784499407, "mean": 7.62036037445}, "silence_rate_20dB": {"dmean2": 0, "median": 1, "min": 1, "dvar2": 0, "dvar": 0, "dmean": 0, "max": 1, "var": 0, "mean": 1}, "melbands_flatness_db": {"dmean2": 0.0473217964172, "median": 0.186565071344, "min": 0.00169838510919, "dvar2": 0.00217356113717, "dvar": 0.00104066671338, "dmean": 0.0316934101284, "max": 0.623637974262, "var": 0.00741344317794, "mean": 0.209263071418}, "barkbands": {"dmean2": [4.17274386564e-05, 0.00682429457083, 0.00718611152843, 0.00334576307796, 0.00318589550443, 0.000675587158184, 0.000722695491277, 0.000862456392497, 0.00129716889933, 0.00102510815486, 0.000535248196684, 0.000741452851798, 0.00089412892703, 0.00103306246456, 0.000880274514202, 0.00062204466667, 0.000415488844737, 0.000289207382593, 0.000297523278277, 0.000229192170082, 9.95869122562e-05, 7.57633970352e-05, 7.58684473112e-05, 7.9381519754e-05, 5.30142533535e-05, 3.04209897877e-05, 8.33221747598e-06], "median": [1.09253696792e-05, 0.00330918957479, 0.00472552469, 0.00226842006668, 0.00171874579974, 0.000243712740485, 0.00018316184287, 0.000184013741091, 0.00028575421311, 0.000230989928241, 0.00012706599955, 0.000226455566008, 0.000218233122723, 0.000224302668357, 0.000221523310756, 0.000222816277528, 0.000220754212933, 0.000253066711593, 0.000274713878753, 0.000188974096091, 8.79225990502e-05, 6.9352092396e-05, 6.2542683736e-05, 7.3165516369e-05, 4.1538340156e-05, 1.64428311109e-05, 1.46044840221e-06], "min": [2.83771460713e-25, 2.70806324659e-24, 1.25726698643e-24, 5.54802127553e-25, 7.36367102916e-24, 6.11588634802e-24, 4.43983775891e-24, 9.06570785194e-24, 1.70500530636e-23, 1.51823302072e-23, 2.11124563781e-23, 3.69624626783e-23, 2.9009381602e-23, 3.30235634271e-23, 4.62892124923e-23, 7.50216250305e-23, 3.78217120643e-23, 9.88456598194e-23, 1.27593669715e-22, 1.69969838662e-22, 2.24242332981e-22, 2.92701979499e-22, 4.45175388154e-22, 6.04642925947e-22, 9.28614442961e-22, 1.36172184961e-21, 1.88888389243e-21], "dvar2": [4.99596097825e-09, 0.000101707679278, 8.49124626257e-05, 1.61215666594e-05, 3.97581643483e-05, 1.46335105455e-06, 3.52749952981e-06, 3.56003306479e-06, 7.78591038397e-06, 6.95055905453e-06, 1.94682570509e-06, 3.91096136809e-06, 5.7370380091e-06, 7.98057681095e-06, 5.01738486491e-06, 2.14455144487e-06, 7.37015909635e-07, 1.95293765159e-07, 1.63747884585e-07, 1.2922984638e-07, 2.29804868468e-08, 1.39942430977e-08, 1.43978793332e-08, 1.88329103423e-08, 8.7970297713e-09, 6.59535270842e-09, 3.56145335445e-10], "dvar": [2.25613638882e-09, 3.6662506318e-05, 3.09119604935e-05, 6.06729054198e-06, 1.48314793478e-05, 5.38063716249e-07, 1.47744606238e-06, 1.56099861215e-06, 3.49578226633e-06, 2.62937419393e-06, 7.67223298226e-07, 1.5520308807e-06, 2.27961231758e-06, 3.25312794303e-06, 2.08216397368e-06, 9.93885691969e-07, 3.38233803632e-07, 7.73666428699e-08, 6.76478180139e-08, 5.6184234154e-08, 9.78132508322e-09, 5.89490678493e-09, 6.0757843201e-09, 8.56154791506e-09, 4.52771953263e-09, 2.88288681816e-09, 1.80876300049e-10], "dmean": [2.65203179879e-05, 0.00400621630251, 0.00427611125633, 0.00198257225566, 0.00189949094784, 0.000395648297854, 0.00046760161058, 0.000544742855709, 0.000837347295601, 0.000633436720818, 0.000333324220264, 0.000463270349428, 0.000553775986191, 0.000647655979265, 0.000555295031518, 0.000399957032641, 0.000266579503659, 0.000184610704309, 0.000187648125575, 0.000147889717482, 6.44922547508e-05, 4.94726955367e-05, 5.03034316353e-05, 5.54818943783e-05, 3.82904399885e-05, 2.13149087358e-05, 6.03750277151e-06], "max": [0.00101405300666, 0.0770756304264, 0.0694087520242, 0.0375521183014, 0.0513180494308, 0.00807276554406, 0.0338827446103, 0.0307905822992, 0.0387802273035, 0.0273275468498, 0.0175810605288, 0.0344385839999, 0.0382486209273, 0.0355106294155, 0.0386851541698, 0.0365724675357, 0.0178170930594, 0.00564171466976, 0.00826866272837, 0.00742389215156, 0.0019212072948, 0.00144855293911, 0.00246347044595, 0.00316374166869, 0.0019087769324, 0.00201220181771, 0.00028600927908], "var": [4.88167728463e-09, 5.52440578758e-05, 6.92518733558e-05, 1.18567868412e-05, 1.45261401485e-05, 5.21103800111e-07, 2.69104430117e-06, 3.27447514792e-06, 1.21817538457e-05, 5.34124683327e-06, 2.01115881282e-06, 2.87060515802e-06, 4.42475447926e-06, 8.60802720126e-06, 5.31086607225e-06, 4.11308656112e-06, 1.13504574983e-06, 2.38514616058e-07, 2.2494765517e-07, 1.53953735094e-07, 2.41441053817e-08, 1.5208087234e-08, 1.74234919825e-08, 2.82400538509e-08, 1.35014612823e-08, 4.39883862668e-09, 2.88501028622e-10], "mean": [3.92049769289e-05, 0.00598560459912, 0.00762994214892, 0.00331528671086, 0.0027430432383, 0.000504044350237, 0.000709258543793, 0.000869645504281, 0.00165038637351, 0.00103040097747, 0.000536298146471, 0.000730262894649, 0.000873292563483, 0.00112411216833, 0.000991638167761, 0.000821456953418, 0.00054803059902, 0.000405631843023, 0.000409053725889, 0.000302046333672, 0.000130300206365, 0.000103478472738, 0.000101635116152, 0.00012156466255, 7.79792389949e-05, 3.57919088856e-05, 7.88592842582e-06]}, "erbbands_skewness": {"dmean2": 0.494799405336, "median": -0.0465258657932, "min": -4.08985948563, "dvar2": 0.217292591929, "dvar": 0.101441219449, "dmean": 0.328955084085, "max": 6.58045911789, "var": 0.6655853390