{"tonal": {"thpcp": [1, 0.530998587608, 0.0470805764198, 0.0602590106428, 0.0885317772627, 0.0719933137298, 0.0669069960713, 0.076685205102, 0.073298625648, 0.082455933094, 0.0882281810045, 0.0682172477245, 0.0541651286185, 0.0450684800744, 0.033365264535, 0.0864515304565, 0.113335333765, 0.0585623271763, 0.0307182557881, 0.0305023230612, 0.0308394171298, 0.0311326701194, 0.0309126060456, 0.0536658540368, 0.163038611412, 0.195532619953, 0.100915372372, 0.0494875311852, 0.0337259396911, 0.0300491992384, 0.0409174598753, 0.0540894828737, 0.0517639704049, 0.0365064293146, 0.0229702442884, 0.50905662775], "hpcp": {"dmean2": [0.131826654077, 0.107641279697, 0.0676021650434, 0.0899908542633, 0.108003795147, 0.082815989852, 0.0607841201127, 0.0481525324285, 0.0558551996946, 0.0635622143745, 0.062384262681, 0.107389934361, 0.253597378731, 0.262239903212, 0.150487601757, 0.100119166076, 0.0719386562705, 0.0657850652933, 0.0739856809378, 0.0947626531124, 0.106788724661, 0.0844854265451, 0.0486979149282, 0.226024284959, 0.425571322441, 0.244111716747, 0.0756254941225, 0.0859060510993, 0.106830529869, 0.118894413114, 0.159957796335, 0.187754377723, 0.178529754281, 0.179632201791, 0.168089196086, 0.1370087713], "median": [0.00131938443519, 0.00112744246144, 0.00187820964493, 0.00558576220647, 0.00677458103746, 0.00446741655469, 0.00118417048361, 0.00119371293113, 0.00133465300314, 0.00157313211821, 0.00142508326098, 0.00163920910563, 0.00570881413296, 0.00919040944427, 0.00702400133014, 0.00245097605512, 0.00197276868857, 0.00145299138967, 0.00187612720765, 0.00217686756514, 0.00165368849412, 0.00111983530223, 0.000898439611774, 0.510428726673, 1, 0.489692479372, 0.00200356217101, 0.00348386657424, 0.00413584569469, 0.00377804785967, 0.00192308821715, 0.00183107831981, 0.00146381417289, 0.00170825805981, 0.00172139890492, 0.00165510596707], "min": [0, 0, 0, 0, 0, 0, 0, 0, 0, 0, 0, 0, 0, 0, 0, 0, 0, 0, 0, 0, 0, 0, 0, 0, 0, 0, 0, 0, 0, 0, 0, 0, 0, 0, 0, 0], "dvar2": [0.08031912148, 0.0708698108792, 0.0329160429537, 0.0420227088034, 0.0603044591844, 0.0301700420678, 0.0279915183783, 0.021806275472, 0.0251367520541, 0.0336276106536, 0.0278183855116, 0.0401112698019, 0.158145621419, 0.160179853439, 0.0563874877989, 0.0483482144773, 0.0288272164762, 0.0252219811082, 0.0299840178341, 0.0474246293306, 0.0626131445169, 0.0365626849234, 0.0121864415705, 0.101868525147, 0.384530872107, 0.101131357253, 0.0280199348927, 0.0367577634752, 0.053317617625, 0.0461397059262, 0.107436165214, 0.156660154462, 0.137778893113, 0.14266385138, 0.125008240342, 0.088695935905], "dvar": [0.0277010314167, 0.0243422240019, 0.0113594112918, 0.0162129327655, 0.0238444451243, 0.0109808761626, 0.00968921557069, 0.00854444224387, 0.0094032259658, 0.0116996318102, 0.00975261069834, 0.0143939591944, 0.0619129501283, 0.0666004344821, 0.0217307787389, 0.0170284565538, 0.0100077660754, 0.00873418524861, 0.0108465151861, 0.017861880362, 0.0222627706826, 0.0127452975139, 0.0041696424596, 0.0380598455667, 0.14478957653, 0.0402715206146, 0.0101310228929, 0.0137632479891, 0.0224851965904, 0.0174733083695, 0.037491992116, 0.0536875501275, 0.0469848886132, 0.0491652339697, 0.0448727458715, 0.0312376637012], "dmean": [0.0683999732137, 0.0557435564697, 0.0360307022929, 0.0505981147289, 0.0606985129416, 0.0454815030098, 0.0327122732997, 0.0266795493662, 0.0303038880229, 0.0340680330992, 0.0338321328163, 0.0581204034388, 0.14100292325, 0.146270826459, 0.0841027274728, 0.0536391437054, 0.0381010435522, 0.0348793677986, 0.0401887409389, 0.0512585118413, 0.0570555813611, 0.044304754585, 0.0259148459882, 0.116958811879, 0.217572033405, 0.128952950239, 0.041368290782, 0.0478916615248, 0.0587671734393, 0.0643860548735, 0.0831038430333, 0.0968568250537, 0.0920196771622, 0.0937037244439, 0.088844679296, 0.0729790627956], "max": [1, 1, 1, 1, 1, 1, 1, 1, 1, 1, 1, 1, 1, 1, 1, 1, 1, 1, 1, 1, 1, 1, 0.874629378319, 1, 1, 1, 1, 1, 1, 1, 1, 1, 1, 1, 1, 1], "var": [0.0161757729948, 0.0138060450554, 0.00664469785988, 0.027903445065, 0.0480123274028, 0.0108242649585, 0.00732203293592, 0.00983815267682, 0.0081289857626, 0.00724930595607, 0.00596658838913, 0.00987309031188, 0.0605900846422, 0.0811250135303, 0.0222611743957, 0.0105732511729, 0.00586237339303, 0.00517525244504, 0.00863417983055, 0.0167609192431, 0.0144769558683, 0.00738932611421, 0.00260997284204, 0.0524096563458, 0.184620052576, 0.0536946058273, 0.00996363162994, 0.0153493359685, 0.0363352075219, 0.017496291548, 0.0220082364976, 0.0309666115791, 0.0273216534406, 0.0303015373647, 0.0342951640487, 0.0209842827171], "mean": [0.0388901047409, 0.0323587879539, 0.0239559765905, 0.0620714686811, 0.0813738107681, 0.0420472547412, 0.0220554471016, 0.0219004098326, 0.0221424400806, 0.0223529934883, 0.0221949890256, 0.038531627506, 0.117060340941, 0.140390768647, 0.072456382215, 0.0355316288769, 0.0242149401456, 0.0215750709176, 0.0293783899397, 0.0388357900083, 0.0371660925448, 0.0262113083154, 0.0164924412966, 0.365498334169, 0.717991530895, 0.381252467632, 0.0338034555316, 0.0432654581964, 0.0635650679469, 0.0516905896366, 0.0480386577547, 0.0550593286753, 0.0526277907193, 0.0592026598752, 0.0633470863104, 0.0489794053137]}, "tuning_equal_tempered_deviation": 0.137369409204, "chords_changes_rate": 0.0233495719731, "key_key": "A#", "tuning_diatonic_strength": 0.458482027054, "key_scale": "minor", "chords_number_rate": 0.000671930145472, "tuning_frequency": 434.193115234, "tuning_nontempered_energy_ratio": 0.734661579132, "chords_histogram": [85.5367050171, 6.988073349, 0.839912652969, 0, 0, 0.268772035837, 0, 1.37745678425, 0, 0, 0, 0, 0, 0, 0, 0, 0.0503947585821, 0.487149327993, 0, 0, 0, 0.201579034328, 0.352763324976, 3.89719462395], "key_strength": 0.577453136444, "chords_key": "A#", "chords_strength": {"dmean2": 0.00766809144989, "median": 0.501854121685, "min": -1, "dvar2": 0.000673776434269, "dvar": 0.000351837137714, "dmean": 0.00671802228317, "max": 0.739769637585, "var": 0.0161628350616, "mean": 0.491969436407}, "chords_scale": "minor", "hpcp_entropy": {"dmean2": 1.01353383064, "median": 1.65211129189, "min": 0, "dvar2": 0.673637449741, "dvar": 0.288583666086, "dmean": 0.601069390774, "max": 4.42381381989, "var": 0.545595943928, "mean": 1.7810035944}}, "metadata": {"audio_properties": {"equal_loudness": 0, "codec": "mp3", "downmix": "mix", "sample_rate": 44100, "analysis_sample_rate": 44100, "bit_rate": 183665, "md5_encoded": "820790626736cacb170a06044b0f0c0e", "length": 276.375518799, "replay_gain": -7.44076347351, "lossless": false}, "version": {"essentia_build_sha": "2d9f1f26377add8aeb1075a9c2973f962c4f09fd", "essentia": "2.1-beta2", "extractor": "music 1.0", "essentia_git_sha": "v2.1_beta2-1-ge3940c0"}, "tags": {"title": ["Don't Cry"], "language": ["eng"], "media": ["Digital Media"], "albumartist": ["Various Artists"], "initialkey": ["F#m"], "musicbrainz_recordingid": ["0c877eda-f95c-42c3-9213-b1ef7cf7abf8"], "album": ["Morse Bleeping"], "musicbrainz_albumartistid": ["89ad4ac3-39f7-470e-963a-56509c546377"], "discnumber": ["01/01"], "originalartist": ["Stakka"], "bpm": ["125"], "catalognumber": ["owo002"], "contentgroup": ["Ambient,Downtempo,IDM"], "originalalbum": ["Morse Bleeping"], "musicbrainz album type": ["Album"], "musicbrainz album status": ["Official"], "file_name": "05 - Don't Cry.mp3", "acoustid_fingerprint": ["AQABz8m4JImioEeOU0VHOC4aJzveBNfxoEeyPFGQ4_jhOERJonkW4A-a8ygJ_LiQH30K8UL6Hr5QUko1nA-aZye-Gj-OowmuBD9yJPGD72iWMejRY5OXEv2D6gr64zwe5DmSWUdjLQ9u_MfXFk6oBaeI40Hzox_uLChlWMS9BI2THXdwHQ96JMsTBTmOH00coiT8EMfzoPlylCTw40J-9CnEC-l7-EJJKVWE82i47MN7vEfRw0GvBD9yJPGDH83yoEexySzRo3J09HtwHHmOZNbRWMuDGz_eFk6oBaeI40Hzo8ejoJJEWMRNNE6UHHdwHQ96JMsTBTmOH00c4kTzEMfzoPlylCTw40J-9EohHnmPssKlVBF6HuayD-_xHhUKl9HROUJy5D8eXOgDn7B-fPiQylGg-XiGNGKL5_hhX0Fe6NKRa4Jf49HxJ_iO5kuQbIg34sOXBxeaP_CqFz1ONG7QLsOP6Ee9oznQ5_CH__gOXIF4nDvgYGdxHscl6EL64kd__MGRPir2JNAv9DoeRNXo41J7vMFx4UcYOQr048qQjkzx7DjsPMihS0euCX7xRI9w6sGPhmMQTkhq4sOX40HzB69-ND9ONG7QLsOPHLty-EAf-CP-4zugK_CPc4AxnsV5HJegC-lDnEd__METpC-UMgnyC_2F9xh94WpxBv_x44GfoCa-3Ej6I8yJXqzQvGgzHtdEhDzESiQeHD-q5HiuQD9yaUc_9AeqBM3x7Slu9AmcDxeeyAgv_IGOw1OV4gmqMEeT1mh-lNrWFF-CP0bTpwifCDdyXMdzBfpxaUf4oT-CKhuaqA_0PbiRN0Hz5Ljx_KiWCz-OIGE1HccZOPnRxOlR-_gSncg_aCmH5_jxo0qO5wr0I5d29EOPoxIa7fiip7jRJ_CHX3giI7zwBzoOT1Xw5KjCHE1ao_lRaltTfAn-GE2fInwi3MhxHc8V_NCloV8R_giqbGj2QN3y4MjVBM113MHzo1ou_DiChNV0HA-c5EcT56hvfMmJ_IOWcniOHz-q5Hge6BdyaUc_9DgqodGOb09xEU_QfPiFJ0foC3-g4_BUBddRhYnRpDWaH6W2NcWX4I_R9CnCJwLGgMDIMAUUEBI4JIAjYkBFABFMAGMcIfI5qpyRSgkHCCWUeGEASQogIEpQBgCBkWEKKCAkYAwJ4IgYUBFABBOAMUJQcVQ5g4ECiTBmvDCAhOCAKEExBwBGhimggJAEMIYEcEQMaJAiTAjAGCFOKSNAUoA4yBxhhhmkCBUAIWCNAYgYkARShhljkUJCIQAccMo45wByCBioCGKOEGSAEoMIYZkExAEGmKKECqAEUMwgYkQSBBBkDDNuIIUUAsABpZgxDiCHgEGKIOaUMsQoYhAByDHjDBFKAQABAwwEA41iRgBDDAaKIACBNZCBBoAyBAABAIBGMUOAIcYIRQwgQAjBiIQGEiKAMEAARpgBBhrFjACGiAcUQQIIYA1koBEAlCEACAAANAoaYIiBCApAgBCCEQkNZEIoYYgAjDADDDSOCQEMEQ8oIgUQQCgDGWgEKEMAEAA"], "date": ["2007-05-20"], "genre": ["Electronic"], "musicbrainz album release country": ["CZ"], "musicip_puid": ["1a595154-ed6b-ae8c-dcc4-e5a4ca997e51"], "musicbrainz_artistid": ["df98ba9d-5883-4c14-8b0b-57481b528809"], "originaldate": ["2007-05-20"], "musicbrainz_albumid": ["42cc4c86-95e9-4bd4-ae6f-2cf875143a52"], "artist": ["Stakka"], "artistsort": ["Stakka"], "tracknumber": ["05/08"], "label": ["Cryoworks"], "albumartistsort": ["Various Artists", "Various Artists"], "acoustid_id": ["f09f7a7f-59ea-43dd-83c5-119486c798a7"], "script": ["Latn", "Latin"], "musicbrainz_releasegroupid": ["2c19fced-a65c-3328-b6b1-58439647035b"]}}, "rhythm": {"bpm_histogram_first_peak_bpm": {"dmean2": 0, "median": 126, "min": 126, "dvar2": 0, "dvar": 0, "dmean": 0, "max": 126, "var": 0, "mean": 126}, "bpm": 125.005905151, "bpm_histogram_second_peak_spread": {"dmean2": 0, "median": 0, "min": 0, "dvar2": 0, "dvar": 0, "dmean": 0, "max": 0, "var": 0, "mean": 0}, "bpm_histogram_first_peak_weight": {"dmean2": 0, "median": 0.353518813848, "min": 0.353518813848, "dvar2": 0, "dvar": 0, "dmean": 0, "max": 0.353518813848, "var": 0, "mean": 0.353518813848}, "onset_rate": 4.89530754089, "beats_position": [0.325079351664, 0.673378646374, 1.02167797089, 1.38158726692, 1.74149656296, 2.10140585899, 2.46131515503, 2.82122445107, 3.1811337471, 3.54104304314, 3.90095233917, 4.26086139679, 4.62077093124, 4.99229001999, 5.36380958557, 5.73532867432, 6.10684776306, 6.46675729752, 6.83827638626, 7.19818592072, 7.56970500946, 7.94122457504, 8.31274318695, 8.68426322937, 9.04417228699, 9.4040813446, 9.77560043335, 10.1355104446, 10.4954195023, 10.8553285599, 11.2152376175, 11.5867567062, 11.9466667175, 12.3065757751, 12.6664848328, 13.0147848129, 13.3746938705, 13.7346029282, 14.0945119858, 14.4544210434, 14.8143310547, 15.1742401123, 15.545759201, 15.9288883209, 16.3120174408, 16.6951465607, 17.0782756805, 17.4381847382, 17.8097057343, 18.1696147919, 18.5295238495, 18.8894329071, 19.2493419647, 19.6092510223, 19.96916008, 20.3290691376, 20.7005901337, 21.0604991913, 21.4204082489, 21.7803173065, 22.1402263641, 22.5001354218, 22.8832645416, 23.312833786, 23.6843528748, 24.0558719635, 24.4157810211, 24.7756919861, 25.1356010437, 25.4955101013, 25.8554191589, 26.2153282166, 26.5752372742, 26.9351463318, 27.2950553894, 27.6549663544, 28.014875412, 28.3747844696, 28.7346935272, 29.0946025848, 29.4545116425, 29.8144207001, 30.1859397888, 30.5806789398, 30.9986381531, 31.3701572418, 31.7300682068, 32.0899772644, 32.449886322, 32.8097953796, 33.1697044373, 33.5296134949, 33.8895225525, 34.2494316101, 34.6093406677, 34.9692497253, 35.329158783, 35.6890678406, 36.0489807129, 36.4088897705, 36.7687988281, 37.1287078857, 37.5002250671, 37.8717460632, 38.2664833069, 38.6844444275, 39.0559616089, 39.4158706665, 39.7757797241, 40.1356925964, 40.4956016541, 40.8671188354, 41.2270278931, 41.5869369507, 41.9468460083, 42.3067550659, 42.6666641235, 43.0265769958, 43.3864860535, 43.7463951111, 44.0946922302, 44.4546012878, 44.8145103455, 45.1744194031, 45.5343284607, 45.9174575806, 46.3354187012, 46.718547821, 47.0900688171, 47.4499778748, 47.8214950562, 48.1814041138, 48.5413131714, 48.901222229, 49.2611312866, 49.6210403442, 49.9925613403, 50.3640823364, 50.7123794556, 51.0722885132, 51.420589447, 51.7804985046, 52.1404075623, 52.5003166199, 52.8602256775, 53.2201347351, 53.6148757935, 54.0328330994, 54.4043540955, 54.7758712769, 55.1357803345, 55.5073013306, 55.878818512, 56.2851676941, 56.6799087524, 57.0514259338, 57.4229469299, 57.8060760498, 58.3169136047, 58.8393630981, 59.3269844055, 59.8146018982, 60.2906112671, 60.7782287598, 61.2542381287, 61.741859436, 62.2178688049, 62.7054862976, 63.1814956665, 63.6691131592, 64.1335144043, 64.621131897, 65.1087493896, 65.5963668823, 66.0607681274, 66.5483856201, 67.0127868652, 67.5004043579, 67.98802948, 68.4756469727, 68.9400405884, 69.4276657104, 69.8920593262, 70.3796844482, 70.8673019409, 71.3549194336, 71.8193206787, 72.3069381714, 72.7829437256, 73.2589569092, 73.7465744019, 74.2341918945, 74.6985931396, 75.1862106323, 75.6622238159, 76.1498413086, 76.6258468628, 77.1134643555, 77.5778656006, 78.0654830933, 78.5531082153, 79.0291137695, 79.5051269531, 79.9927444458, 80.4571380615, 80.9447631836, 81.4207687378, 81.9083862305, 82.3843994141, 82.8720169067, 83.3364181519, 83.8240356445, 84.3000411987, 84.7760543823, 85.263671875, 85.7512893677, 86.2273025513, 86.7033081055, 87.1793212891, 87.6669387817, 88.1429443359, 88.6305618286, 89.0949630737, 89.5825805664, 90.05859375, 90.5345993042, 91.0222167969, 91.5098419189, 91.9742355347, 92.4502487183, 92.9262542725, 93.4022674561, 93.9014968872, 94.3891143799, 94.853515625, 95.3411331177, 95.8287506104, 96.316368103, 96.7807693481, 97.2683868408, 97.7327880859, 98.2204055786, 98.7080230713, 99.1956481934, 99.6600418091, 100.147659302, 100.612060547, 101.09967804, 101.587303162, 102.074920654, 102.53931427, 103.026939392, 103.502944946, 103.97895813, 104.466575623, 104.954193115, 105.41859436, 105.906211853, 106.382217407, 106.869842529, 107.345848083, 107.845077515, 108.355918884, 108.866752625, 109.365982056, 109.853607178, 110.34122467, 110.828842163, 111.304847717, 111.780860901, 112.268478394, 112.744483948, 113.220497131, 113.696502686, 114.172515869, 114.660133362, 115.136146545, 115.623764038, 116.099769592, 116.575782776, 117.063400269, 117.539405823, 118.015419006, 118.491424561, 118.967437744, 119.455055237, 119.942672729, 120.418685913, 120.906303406, 121.38230896, 121.858322144, 122.345939636, 122.82194519, 123.297958374, 123.785575867, 124.261581421, 124.737594604, 125.213600159, 125.689613342, 126.177230835, 126.653244019, 127.129249573, 127.616867065, 128.092880249, 128.568893433, 129.056503296, 129.544128418, 130.020126343, 130.496139526, 130.983764648, 131.459777832, 131.935775757, 132.41178894, 132.887802124, 133.375411987, 133.851425171, 134.327438354, 134.815048218, 135.30267334, 135.778686523, 136.254684448, 136.74230957, 137.218322754, 137.694335938, 138.170333862, 138.657958984, 139.133972168, 139.609970093, 140.085983276, 140.573608398, 141.049606323, 141.525619507, 141.978408813, 142.43119812, 142.883987427, 143.348388672, 143.824401855, 144.30039978, 144.776412964, 145.264038086, 145.740036011, 146.216049194, 146.692062378, 147.168075562, 147.655685425, 148.131698608, 148.607711792, 149.095321655, 149.582946777, 150.070556641, 150.534957886, 151.022583008, 151.498596191, 151.974594116, 152.4506073, 152.938232422, 153.414230347, 153.89024353, 154.366256714, 154.853881836, 155.341491699, 155.817504883, 156.293518066, 156.78112793, 157.268753052, 157.756362915, 158.22076416, 158.696777344, 159.172790527, 159.648788452, 160.124801636, 160.612426758, 161.100036621, 161.576049805, 162.052062988, 162.539672852, 163.027297974, 163.503311157, 163.979324341, 164.466934204, 164.942947388, 165.418960571, 165.894958496, 166.37097168, 166.858596802, 167.334594727, 167.81060791, 168.298233032, 168.774230957, 169.250244141, 169.737869263, 170.225479126, 170.713104248, 171.189117432, 171.665115356, 172.152740479, 172.617141724, 173.104751587, 173.580764771, 174.056777954, 174.544403076, 175.032012939, 175.496414185, 175.984039307, 176.460037231, 176.936050415, 177.423675537, 177.9112854, 178.387298584, 178.863311768, 179.339309692, 179.826934814, 180.302947998, 180.790557861, 181.254959106, 181.742584229, 182.218597412, 182.694595337, 183.182220459, 183.669830322, 184.134231567, 184.621856689, 185.097869873, 185.585479736, 186.06149292, 186.549118042, 187.013504028, 187.50112915, 187.988754272, 188.464752197, 188.940765381, 189.428390503, 189.892791748, 190.380401611, 190.856414795, 191.332427979, 191.820037842, 192.307662964, 192.772064209, 193.259674072, 193.747299194, 194.234924316, 194.699310303, 195.186935425, 195.662948608, 196.150558472, 196.626571655, 197.102584839, 197.578598022, 198.066207886, 198.542221069, 199.018234253, 199.505844116, 199.993469238, 200.457870483, 200.945480347, 201.433105469, 201.909118652, 202.385116577, 202.872741699, 203.337142944, 203.824752808, 204.300765991, 204.776779175, 205.252792358, 205.728790283, 206.216415405, 206.704025269, 207.180038452, 207.656051636, 208.143676758, 208.631286621, 209.107299805, 209.583312988, 210.059310913, 210.546936035, 211.022949219, 211.510559082, 211.974960327, 212.462585449, 212.938583374, 213.414596558, 213.90222168, 214.389831543, 214.854232788, 215.330245972, 215.806259155, 216.293869019, 216.781494141, 217.257507324, 217.733505249, 218.221130371, 218.708755493, 219.184753418, 219.660766602, 220.136779785, 220.61277771, 221.100402832, 221.576416016, 222.064025879, 222.540039063, 223.016052246, 223.49206543, 223.979675293, 224.467300415, 224.943313599, 225.419311523, 225.895324707, 226.371337891, 226.858947754, 227.334960938, 227.810974121, 228.298583984, 228.774597168, 229.250610352, 229.738220215, 230.214233398, 230.690246582, 231.177871704, 231.665481567, 232.141494751, 232.617507935, 233.093505859, 233.581130981, 234.057144165, 234.53314209, 235.009155273, 235.496780396, 235.984390259, 236.460403442, 236.936416626, 237.424026489, 237.900039673, 238.376052856, 238.85206604, 239.328063965, 239.815689087, 240.291702271, 240.767700195, 241.255325317, 241.742950439, 242.230560303, 242.694961548, 243.18258667, 243.670196533, 244.146209717, 244.6222229, 245.098220825, 245.574234009, 246.061859131, 246.537857056, 247.013870239, 247.501495361, 247.977508545, 248.45350647, 248.941131592, 249.417144775, 249.904754639, 250.380767822, 250.868392944, 251.344390869, 251.820404053, 252.296417236, 252.772415161, 253.260040283, 253.747665405, 254.212051392, 254.699676514, 255.187301636, 255.663299561, 256.139312744, 256.615325928, 257.091339111, 257.578948975, 258.054962158, 258.530975342, 259.018585205, 259.494598389, 259.970611572, 260.458221436, 260.934234619, 261.421844482, 261.897857666, 262.385467529, 262.861480713, 263.337493896, 263.81350708, 264.301116943, 264.777130127, 265.253143311, 265.729156494, 266.216766357, 266.704406738, 267.180389404, 267.656402588, 268.144042969, 268.620025635, 269.096038818, 269.572052002, 270.059692383, 270.535675049, 271.011688232, 271.487701416, 271.975311279, 272.46295166, 272.950561523, 273.438171387, 273.925811768, 274.413421631, 274.901031494, 275.388671875, 275.876281738], "beats_loudness": {"dmean2": 0.0615963675082, "median": 0.0640121251345, "min": 9.70700964054e-10, "dvar2": 0.00353180617094, "dvar": 0.00112683547195, "dmean": 0.0348223149776, "max": 0.241553008556, "var": 0.00236140051857, "mean": 0.0670241266489}, "danceability": 1.41137778759, "bpm_histogram_second_peak_weight": {"dmean2": 0, "median": 0.165302783251, "min": 0.165302783251, "dvar2": 0, "dvar": 0, "dmean": 0, "max": 0.165302783251, "var": 0, "mean": 0.165302783251}, "beats_count": 612, "bpm_histogram_second_peak_bpm": {"dmean2": 0, "median": 167, "min": 167, "dvar2": 0, "dvar": 0, "dmean": 0, "max": 167, "var": 0, "mean": 167}, "bpm_histogram_first_peak_spread": {"dmean2": 0, "median": 0.513513505459, "min": 0.513513505459, "dvar2": 0, "dvar": 0, "dmean": 0, "max": 0.513513505459, "var": 0, "mean": 0.513513505459}, "beats_loudness_band_ratio": {"dmean2": [0.203197553754, 0.0749635100365, 0.175245761871, 0.225268229842, 0.122269138694, 0.0723437592387], "median": [0.905441939831, 0.00333944521844, 0.00447420310229, 0.00477371225134, 0.00128911226057, 0.00161793921143], "min": [8.23658047011e-05, 1.83011320587e-06, 1.41631935549e-05, 3.93321024603e-05, 1.15602115329e-05, 6.98108442521e-06], "dvar2": [0.0637654960155, 0.0103478189558, 0.120318055153, 0.13351584971, 0.0512185953557, 0.0239648874849], "dvar": [0.0229462683201, 0.00341357383877, 0.0444246940315, 0.0448600612581, 0.0160453598946, 0.00822943821549], "dmean": [0.114715926349, 0.0417605340481, 0.0927274897695, 0.118714056909, 0.0613450221717, 0.0368025116622], "max": [0.999713540077, 0.285578519106, 0.979076087475, 0.994266629219, 0.881471335888, 0.852004945278], "var": [0.124174706638, 0.00252458406612, 0.0552934370935, 0.0565607212484, 0.00908309780061, 0.00720108347014], "mean": [0.730581998825, 0.0278791878372, 0.088789306581, 0.105067096651, 0.0328921973705, 0.0254204813391]}}, "lowlevel": {"barkbands_spread": {"dmean2": 13.9525346756, "median": 2.35121059418, "min": 0.0332709886134, "dvar2": 534.255004883, "dvar": 215.206863403, "dmean": 8.11356067657, "max": 126.511405945, "var": 391.891174316, "mean": 10.2114286423}, "melbands_spread": {"dmean2": 13.8884496689, "median": 1.98472762108, "min": 0.0136229684576, "dvar2": 729.546447754, "dvar": 289.202087402, "dmean": 8.07197093964, "max": 206.840042114, "var": 546.411865234, "mean": 10.0179367065}, "hfc": {"dmean2": 25.2719535828, "median": 3.27601385117, "min": 1.14853697181e-16, "dvar2": 4460.16015625, "dvar": 1665.89208984, "dmean": 14.8008737564, "max": 667.362548828, "var": 1309.01147461, "mean": 13.9000768661}, "barkbands_kurtosis": {"dmean2": 85.202545166, "median": 32.7406463623, "min": -1.97814416885, "dvar2": 23717.3066406, "dvar": 8812.75585938, "dmean": 50.5861930847, "max": 2242.9753418, "var": 9177.39355469, "mean": 61.9977149963}, "gfcc": {"mean": [-167.995666504, 90.1399307251, -81.6607818604, 29.7550239563, -31.9930114746, 34.2221488953, 2.78875875473, 22.7108249664, -11.596663475, 0.0406108349562, -8.19151687622, 8.7846622467, 2.83741998672], "icov": [[0.000108185849967, -0.000325590459397, 0.000236410589423, -0.000378322525648, 0.000164210010553, -0.00021544113406, 0.000208093522815, -0.000220659028855, 0.000105575883936, -0.000255877472227, 0.000247981020948, -0.000341065257089, 0.000194862586795], [-0.000325590459397, 0.00214554276317, -0.00135067466181, 0.0014777231263, -0.000868696020916, 0.00156178732868, -0.00105065200478, 0.00172403629404, -0.000588062335737, 0.00123061402701, -0.00103830173612, 0.00183369137812, -0.000813378021121], [0.000236410589423, -0.00135067466181, 0.00242442055605, -0.00206426600926, -0.000151115469635, 0.000285478192382, 9.06212299014e-05, -0.000409105210565, -0.00104976538569, 0.000718810362741, -0.000121725657664, -0.00153741508257, 0.00189589185175], [-0.000378322525648, 0.0014777231263, -0.00206426600926, 0.00473198201507, -0.00122991634998, -0.000550779106561, 0.00151804159395, 6.97494324413e-05, 0.00135560065974, -0.000210859390791, -0.00232650223188, 0.00395642686635, -0.00398912653327], [0.000164210010553, -0.000868696020916, -0.000151115469635, -0.00122991634998, 0.00333389313892, -0.00164922117256, -0.000321397208609, 0.000173851469299, -0.000571362150367, -0.000117792966194, -2.75374222838e-05, -0.00133073015604, 0.000287866452709], [-0.00021544113406, 0.00156178732868, 0.000285478192382, -0.000550779106561, -0.00164922117256, 0.00584598397836, -0.00264479150064, 0.000178667891305, -9.84224534477e-05, 0.00119143584743, -0.00104884698521, -0.000206280019484, 0.000882550200913], [0.000208093522815, -0.00105065200478, 9.06212299014e-05, 0.00151804159395, -0.000321397208609, -0.00264479150064, 0.00583338132128, -0.00180921168067, -0.000204585376196, 0.000842939945869, -0.000283215893432, 0.000730921339709, -0.00406528171152], [-0.000220659028855, 0.00172403629404, -0.000409105210565, 6.97494324413e-05, 0.000173851469299, 0.000178667891305, -0.00180921168067, 0.00683726323768, -0.00411822088063, 0.00231199734844, 0.00140441465192, -0.00203345483169, 0.00254729227163], [0.000105575883936, -0.000588062335737, -0.00104976538569, 0.00135560065974, -0.000571362150367, -9.84224534477e-05, -0.000204585376196, -0.00411822088063, 0.0112761007622, -0.00535940611735, -0.00216139410622, 0.0070036360994, -0.00460384273902], [-0.000255877472227, 0.00123061402701, 0.000718810362741, -0.000210859390791, -0.000117792966194, 0.00119143584743, 0.000842939945869, 0.00231199734844, -0.00535940611735, 0.0110782086849, -0.00444840500131, 0.000988752697594, 0.00126962049399], [0.000247981020948, -0.00103830173612, -0.000121725657664, -0.00232650223188, -2.75374222838e-05, -0.00104884698521, -0.000283215893432, 0.00140441465192, -0.00216139410622, -0.00444840500131, 0.0137410983443, -0.00891864579171, 0.00271493475884], [-0.000341065257089, 0.00183369137812, -0.00153741508257, 0.00395642686635, -0.00133073015604, -0.000206280019484, 0.000730921339709, -0.00203345483169, 0.0070036360994, 0.000988752697594, -0.00891864579171, 0.018118551001, -0.00776655739173], [0.000194862586795, -0.000813378021121, 0.00189589185175, -0.00398912653327, 0.000287866452709, 0.000882550200913, -0.00406528171152, 0.00254729227163, -0.00460384273902, 0.00126962049399, 0.00271493475884, -0.00776655739173, 0.0147514622658]], "cov": [[24890.1855469, 1076.30029297, -448.010803223, 1759.421875, -587.917053223, -160.923858643, -1668.58154297, -278.707946777, -401.528533936, 589.57244873, 58.1073570251, -70.1243896484, -350.359771729], [1076.30029297, 3675.5534668, 2002.51940918, 143.175598145, 730.705383301, -662.533874512, 257.904022217, -620.251464844, 364.907806396, -70.5637359619, 170.341323853, -242.823577881, 134.119293213], [-448.010803223, 2002.51940918, 2099.66015625, 570.410827637, 723.140563965, -309.540283203, 88.3429946899, -314.446166992, 289.795501709, -20.350725174, 241.286056519, -106.544013977, 75.4782867432], [1759.421875, 143.175598145, 570.410827637, 842.211608887, 304.572174072, 66.2218475342, -219.029785156, -94.3207778931, 33.8752593994, 112.557441711, 159.753433228, -15.2942466736, 48.5466308594], [-587.917053223, 730.705383301, 723.140563965, 304.572174072, 771.278503418, 115.062606812, 221.188201904, -110.649803162, 129.13835144, -25.5743122101, 155.440795898, 27.6140727997, 124.043052673], [-160.923858643, -662.533874512, -309.540283203, 66.2218475342, 115.062606812, 475.393554688, 170.478881836, 159.434768677, -57.9108352661, -39.2653884888, 20.999704361, 103.63961792, 48.0546379089], [-1668.58154297, 257.904022217, 88.3429946899, -219.029785156, 221.188201904, 170.478881836, 576.234008789, 86.8805999756, 95.4412841797, -131.98576355, -4.34762525558, 37.9175109863, 156.870300293], [-278.707946777, -620.251464844, -314.446166992, -94.3207778931, -110.649803162, 159.434768677, 86.8805999756, 352.021636963, 19.3383808136, -34.4839630127, -64.0382995605, 35.2301826477, -20.4973583221], [-401.528533936, 364.907806396, 289.795501709, 33.8752593994, 129.13835144, -57.9108352661, 95.4412841797, 19.3383808136, 265.635101318, 75.2997131348, 38.5496673584, -89.2901611328, 43.5641975403], [589.57244873, -70.5637359619, -20.350725174, 112.557441711, -25.5743122101, -39.2653884888, -131.98576355, -34.4839630127, 75.2997131348, 204.87588501, 65.6285552979, -28.7183609009, -27.5268650055], [58.1073570251, 170.341323853, 241.286056519, 159.753433228, 155.440795898, 20.999704361, -4.34762525558, -64.0382995605, 38.5496673584, 65.6285552979, 180.804794312, 57.3233528137, 29.6722412109], [-70.1243896484, -242.823577881, -106.544013977, -15.2942466736, 27.6140727997, 103.63961792, 37.9175109863, 35.2301826477, -89.2901611328, -28.7183609009, 57.3233528137, 161.440704346, 43.7734832764], [-350.359771729, 134.119293213, 75.4782867432, 48.5466308594, 124.043052673, 48.0546379089, 156.870300293, -20.4973583221, 43.5641975403, -27.5268650055, 29.6722412109, 43.7734832764, 158.266372681]]}, "spectral_energyband_middle_low": {"dmean2": 0.0105571607128, "median": 0.000205662741791, "min": 2.01104234837e-22, "dvar2": 0.000540065055247, "dvar": 0.000208011872019, "dmean": 0.00623360881582, "max": 0.149819046259, "var": 0.000190368824406, "mean": 0.00588483083993}, "melbands_crest": {"dmean2": 8.0365858078, "median": 33.2844772339, "min": 2.22692537308, "dvar2": 66.9675674438, "dvar": 33.2333297729, "dmean": 5.09129905701, "max": 39.9756355286, "var": 79.2628326416, "mean": 29.8569564819}, "spectral_kurtosis": {"dmean2": 7.73000097275, "median": 6.38001298904, "min": -1.223066926, "dvar2": 111.021026611, "dvar": 53.7982292175, "dmean": 4.91328716278, "max": 99.6014556885, "var": 97.9526824951, "mean": 8.90311050415}, "spectral_rms": {"dmean2": 0.00361378281377, "median": 0.00645454227924, "min": 3.22152439274e-12, "dvar2": 1.0892791579e-05, "dvar": 4.08946425523e-06, "dmean": 0.00215672538616, "max": 0.0193335488439, "var": 1.46766551552e-05, "mean": 0.00635426677763}, "zerocrossingrate": {"dmean2": 0.0116927810013, "median": 0.01025390625, "min": 0.00048828125, "dvar2": 0.000276472768746, "dvar": 0.000189205078641, "dmean": 0.0088021485135, "max": 0.51318359375, "var": 0.0021434025839, "mean": 0.0263553746045}, "silence_rate_60dB": {"dmean2": 0.039657201618, "median": 0, "min": 0, "dvar2": 0.0426340252161, "dvar": 0.0194370765239, "dmean": 0.0198269337416, "max": 1, "var": 0.138236492872, "mean": 0.165658608079}, "erbbands_kurtosis": {"dmean2": 9.98452663422, "median": 2.24073886871, "min": -1.92898035049, "dvar2": 208.802383423, "dvar": 90.6793136597, "dmean": 6.1650967598, "max": 112.705192566, "var": 203.051300049, "mean": 8.01476287842}, "erbbands": {"dmean2": [2.07931613922, 3.14982247353, 4.19054985046, 8.63400745392, 14.2613935471, 17.2969722748, 16.7496509552, 14.0481996536, 12.575138092, 19.934015274, 36.8153419495, 8.472864151, 11.0301494598, 15.4004383087, 27.6133956909, 32.6626739502, 11.0277290344, 16.6056404114, 14.0742721558, 18.3691596985, 51.4127388, 13.8843011856, 14.6143283844, 27.5152645111, 16.6751079559, 18.8198432922, 45.511390686, 22.9705982208, 13.8795471191, 7.28779220581, 6.90782690048, 4.32603549957, 2.97933912277, 1.59824705124, 5.05229854584, 0.727878928185, 0.0336750820279, 0.00340632814914, 0.000262529705651, 7.89708428783e-05], "median": [1.06644582748, 1.17526614666, 0.227014943957, 0.0908720642328, 0.0703841745853, 0.0699440464377, 0.0663691610098, 0.0578266456723, 0.0549462735653, 0.0749236345291, 0.198196709156, 0.7531914711, 1.08165025711, 1.57863128185, 1.24440634251, 0.468581050634, 0.153493657708, 0.136100828648, 0.103899978101, 0.108791939914, 0.169155091047, 0.102166101336, 0.136199176311, 0.0882244333625, 0.0881190598011, 0.0646523311734, 0.0743170231581, 0.0610758066177, 0.0531089454889, 0.0260895509273, 0.0155572863296, 0.0116392876953, 0.00918151624501, 0.00458130892366, 0.00180122372694, 0.000903386040591, 0.000867652124725, 0.000126303522848, 2.93182656605e-05, 5.05366733705e-05], "min": [6.46199563076e-22, 9.08056500579e-21, 3.44199190977e-20, 4.28429894154e-20, 2.29978796198e-20, 4.62276024556e-20, 3.04982189782e-19, 2.45754817152e-19, 8.77976843392e-19, 1.05748930518e-18, 5.3243739364e-19, 5.76918410695e-19, 1.00111198335e-18, 1.66797082772e-18, 2.5168204704e-18, 3.27125075487e-18, 2.81776552765e-18, 3.35012366705e-18, 4.13716203166e-18, 4.66408476725e-18, 5.79256964024e-18, 8.41247563332e-18, 9.05041800124e-18, 8.36267357018e-18, 1.26142719037e-17, 1.43518665236e-17, 1.56926915549e-17, 1.97369248078e-17, 1.60199341314e-17, 1.44426462871e-17, 1.70096424995e-17, 1.28742771041e-17, 1.44923069023e-17, 9.97079705341e-18, 8.71266113198e-18, 5.26487762668e-18, 3.18931810161e-18, 1.27648713011e-18, 3.57574074634e-19, 3.30343818781e-20], "dvar2": [7.50896072388, 38.148639679, 103.905929565, 410.987823486, 1279.66210938, 1951.68762207, 1909.01831055, 1791.27587891, 1420.05297852, 3775.00317383, 24043.6660156, 520.787109375, 1075.83679199, 1787.07678223, 9128.99316406, 12639.9560547, 773.976196289, 2656.16040039, 1602.95092773, 4024.59863281, 79711.3828125, 1474.74829102, 1873.4128418, 8369.91113281, 2334.7565918, 6080.95849609, 142038.4375, 6819.25048828, 14751.1884766, 461.159332275, 654.026489258, 202.120986938, 69.3111190796, 31.9411411285, 848.405456543, 15.1979227066, 0.0135148065165, 0.000110952518298, 6.61803369439e-07, 1.14256808459e-08], "dvar": [2.60017323494, 13.3089494705, 42.2000656128, 199.390914917, 460.46963501, 690.408508301, 673.681152344, 623.447143555, 491.528900146, 1374.90893555, 8290.0234375, 191.345077515, 379.090698242, 656.629699707, 4452.88378906, 5916.08447266, 395.459381104, 1018.7668457, 898.418457031, 1770.43164063, 28459.2207031, 580.610168457, 833.981750488, 3009.515625, 864.170227051, 2158.6472168, 48412.7070313, 2354.23803711, 5198.79589844, 177.661331177, 247.051605225, 79.5929641724, 27.3755874634, 11.9823465347, 290.658477783, 5.28507041931, 0.00517196441069, 5.1522598369e-05, 2.96265142197e-07, 4.14187351083e-09], "dmean": [1.20870053768, 1.8478063345, 2.66522717476, 5.65848398209, 8.03745651245, 9.27046585083, 9.07109451294, 7.55933189392, 6.60470819473, 10.8716678619, 19.944234848, 4.77475357056, 6.08974170685, 8.94114971161, 16.5963153839, 19.9866485596, 7.17497491837, 9.64198112488, 9.88565254211, 11.7352151871, 28.4784450531, 8.02632236481, 8.78282356262, 15.4398927689, 9.40311145782, 10.4514799118, 23.9078731537, 12.1044197083, 7.68020820618, 4.12008810043, 3.9811835289, 2.51764845848, 1.71002829075, 0.900202512741, 2.71291422844, 0.40257692337, 0.0199349448085, 0.00210010493174, 0.000161367832334, 4.63111282443e-05], "max": [15.45084095, 38.9064598083, 112.706634521, 253.075164795, 175.502548218, 240.594299316, 208.696029663, 316.491912842, 269.61730957, 482.871643066, 1084.82202148, 203.440811157, 270.499694824, 337.885894775, 806.774536133, 1018.8828125, 228.807312012, 337.67401123, 350.712310791, 540.090087891, 2017.79321289, 293.649963379, 332.815368652, 735.609130859, 271.184417725, 812.311218262, 4517.64697266, 731.008789063, 5100.77294922, 551.936157227, 226.141571045, 129.184280396, 164.359985352, 77.7460861206, 185.60798645, 25.6475791931, 0.82182854414, 0.0693606808782, 0.00667107850313, 0.000729754741769], "var": [3.46820759773, 15.3509941101, 43.7434196472, 297.903259277, 301.785797119, 406.445129395, 421.484893799, 362.678710938, 277.676696777, 1385.94189453, 7688.40917969, 195.892425537, 331.637786865, 765.926574707, 4618.60302734, 5928.46826172, 705.060974121, 1243.48852539, 1629.13342285, 1918.19384766, 17428.5058594, 500.51675415, 849.557067871, 2025.78564453, 621.002746582, 1325.21008301, 25841.3496094, 1308.421875, 3332.10375977, 138.867279053, 180.631408691, 62.6680793762, 22.0111026764, 8.59057807922, 169.40802002, 3.35938715935, 0.00419434951618, 5.39366374142e-05, 3.01597225416e-07, 5.57790613698e-09], "mean": [1.61610543728, 2.57123756409, 2.54352402687, 5.42430019379, 5.71645212173, 5.7306432724, 6.46687316895, 5.11122512817, 4.22899723053, 9.73370075226, 17.8773708344, 5.50284433365, 6.9046459198, 11.4416847229, 16.806520462, 18.9362106323, 7.54625272751, 9.10861492157, 10.4103927612, 9.99971103668, 19.7191982269, 6.33667802811, 7.59200763702, 11.0092716217, 6.52017879486, 6.97646999359, 14.1386642456, 7.41894483566, 5.35842323303, 2.94689083099, 2.87529063225, 1.84287154675, 1.24549722672, 0.649263322353, 1.87921273708, 0.309909850359, 0.0170202311128, 0.0018734986661, 0.000152930311742, 6.93606925779e-05]}, "spectral_strongpeak": {"dmean2": 0.505084753036, "median": 0.260830402374, "min": 0, "dvar2": 1.43925189972, "dvar": 0.502596795559, "dmean": 0.288086533546, "max": 14.859708786, "var": 0.430911511183, "mean": 0.3725695014}, "spectral_energy": {"dmean2": 0.0602304376662, "median": 0.0427026450634, "min": 1.06376751556e-20, "dvar2": 0.00456775771454, "dvar": 0.00167225277983, "dmean": 0.0353987663984, "max": 0.383130788803, "var": 0.00298456475139, "mean": 0.0564295090735}, "average_loudness": 0.905952095985, "spectral_rolloff": {"dmean2": 850.598571777, "median": 64.599609375, "min": 21.533203125, "dvar2": 4560891, "dvar": 1693385.125, "dmean": 469.330810547, "max": 19099.9511719, "var": 3470648, "mean": 711.797302246}, "spectral_centroid": {"dmean2": 815.865966797, "median": 756.179199219, "min": 71.8495941162, "dvar2": 1366040.75, "dvar": 575176.5625, "dmean": 484.453948975, "max": 11156.4912109, "var": 959489.375, "mean": 1057.9128418}, "pitch_salience": {"dmean2": 0.198427453637, "median": 0.205557927489, "min": 0.00523752672598, "dvar2": 0.0353358536959, "dvar": 0.0176072344184, "dmean": 0.12612311542, "max": 0.945960581303, "var": 0.0406075902283, "mean": 0.266686916351}, "spectral_energyband_middle_high": {"dmean2": 0.00387507560663, "median": 0.000201657327125, "min": 1.3807716414e-21, "dvar2": 8.96470082807e-05, "dvar": 3.8822323404e-05, "dmean": 0.00242068362422, "max": 0.0601734593511, "var": 4.35954061686e-05, "mean": 0.00246252841316}, "spectral_contrast_coeffs": {"dmean2": [0.0940982177854, 0.0839039981365, 0.0760045722127, 0.0471434034407, 0.0394269302487, 0.0434731021523], "median": [-0.769407868385, -0.834604740143, -0.774515390396, -0.865828752518, -0.856984019279, -0.805699706078], "min": [-0.956512868404, -0.983536839485, -0.968712091446, -0.9696611166, -0.959487855434, -0.960350096226], "dvar2": [0.00631966115907, 0.00494753150269, 0.0042903535068, 0.00167022633832, 0.00158720160834, 0.00227159657516], "dvar": [0.00291350018233, 0.00218493607827, 0.00185244739987, 0.000647227687296, 0.000693566398695, 0.00096385035431], "dmean": [0.0588739290833, 0.0518131703138, 0.0474772900343, 0.0280989203602, 0.023905383423, 0.0263748820871], "max": [-0.41902205348, -0.359391272068, -0.402392983437, -0.627687692642, -0.612042248249, -0.589718103409], "var": [0.00790137797594, 0.00616760458797, 0.007369232364, 0.00151921028737, 0.00211518304422, 0.00204488239251], "mean": [-0.754329502583, -0.818483650684, -0.765926539898, -0.859545171261, -0.846104264259, -0.799609184265]}, "melbands_skewness": {"dmean2": 7.72208738327, "median": 6.24143218994, "min": -4.50006532669, "dvar2": 102.963104248, "dvar": 41.0502853394, "dmean": 4.87693023682, "max": 102.569343567, "var": 78.7633895874, "mean": 9.02067947388}, "spectral_spread": {"dmean2": 1354700.75, "median": 4081862, "min": 835831.5625, "dvar2": 2253861421060.0, "dvar": 1198005288960.0, "dmean": 844286.6875, "max": 41635760, "var": 3058828050430.0, "mean": 4449732}, "dissonance": {"dmean2": 0.0728738233447, "median": 0.459778696299, "min": 0.141367718577, "dvar2": 0.00507158739492, "dvar": 0.00193924107589, "dmean": 0.0424086414278, "max": 0.500000059605, "var": 0.00304365693592, "mean": 0.442891567945}, "spectral_skewness": {"dmean2": 0.955182492733, "median": 2.07298374176, "min": -0.00731457117945, "dvar2": 0.987606883049, "dvar": 0.499638020992, "dmean": 0.613984048367, "max": 8.21523761749, "var": 1.06077337265, "mean": 2.18853163719}, "spectral_flux": {"dmean2": 0.0821368321776, "median": 0.115878716111, "min": 1.04243010057e-10, "dvar2": 0.00662548607215, "dvar": 0.00286013865843, "dmean": 0.0518829636276, "max": 0.490270972252, "var": 0.00868055038154, "mean": 0.12772218883}, "spectral_contrast_valleys": {"dmean2": [0.891840219498, 1.20132493973, 1.06258833408, 1.12869787216, 1.1571624279, 1.20092225075], "median": [-7.66835594177, -8.63280963898, -8.61770629883, -9.46869087219, -9.44751262665, -11.9310178757], "min": [-27.7336788177, -27.3670768738, -27.065404892, -26.9657592773, -27.3233585358, -27.2965507507], "dvar2": [0.611856997013, 1.39021062851, 1.03321409225, 1.34472107887, 1.83326637745, 1.77404224873], "dvar": [0.298135727644, 0.622353553772, 0.462269365788, 0.614852547646, 0.865329325199, 0.912448883057], "dmean": [0.56834179163, 0.766898572445, 0.662146508694, 0.713241100311, 0.738300025463, 0.780329823494], "max": [-4.75541353226, -4.28050279617, -4.75469684601, 