{"tonal": {"thpcp": [1, 0.515489578247, 0.169618606567, 0.16127717495, 0.268262505531, 0.641689002514, 0.816128432751, 0.49664747715, 0.340679764748, 0.448414117098, 0.439287334681, 0.518036544323, 0.621943533421, 0.471914082766, 0.455004781485, 0.531925201416, 0.365372091532, 0.304120898247, 0.351984888315, 0.339776962996, 0.706331968307, 0.939348936081, 0.48420637846, 0.18746137619, 0.211095571518, 0.189392328262, 0.470950335264, 0.772996544838, 0.486284166574, 0.276507467031, 0.333103388548, 0.251063913107, 0.273509025574, 0.309831887484, 0.280533611774, 0.718407034874], "hpcp": {"dmean2": [0.19985230267, 0.206534475088, 0.190391793847, 0.170451447368, 0.15376663208, 0.136446550488, 0.1437574476, 0.158799156547, 0.205090284348, 0.229753673077, 0.168414309621, 0.0918482914567, 0.0867633372545, 0.094684228301, 0.146477907896, 0.183403089643, 0.167756095529, 0.115004770458, 0.114397309721, 0.102262705564, 0.102102197707, 0.113070867956, 0.124392941594, 0.202641367912, 0.239865362644, 0.173125907779, 0.100847050548, 0.0992255434394, 0.125361591578, 0.182651281357, 0.226413533092, 0.200754448771, 0.17339296639, 0.174091205001, 0.189776852727, 0.190157830715], "median": [0.0204425659031, 0.0190385133028, 0.0130092725158, 0.00870576500893, 0.00742484908551, 0.00576323270798, 0.00529909553006, 0.0109126726165, 0.0352737233043, 0.0472289212048, 0.0260403901339, 0.00461457297206, 0.00272076390684, 0.00504916487262, 0.0173041932285, 0.0249439012259, 0.0228842757642, 0.00955177191645, 0.00660031754524, 0.00645263958722, 0.00498828850687, 0.0058103101328, 0.0115772616118, 0.033440887928, 0.0458982922137, 0.0266727991402, 0.00424840534106, 0.00295493053272, 0.00604402087629, 0.0211749263108, 0.0309032592922, 0.0217866003513, 0.010268073529, 0.00823875237256, 0.0119408965111, 0.0183432437479], "min": [0, 0, 0, 0, 0, 0, 0, 0, 0, 0, 0, 0, 0, 0, 0, 0, 0, 0, 0, 0, 0, 0, 0, 0, 0, 0, 0, 0, 0, 0, 0, 0, 0, 0, 0, 0], "dvar2": [0.103409178555, 0.106190480292, 0.101111665368, 0.0985939353704, 0.0812795162201, 0.0757090598345, 0.0844285041094, 0.0817659273744, 0.0891938880086, 0.110436059535, 0.0704190060496, 0.0454684793949, 0.0483342930675, 0.0436154268682, 0.0631303116679, 0.0906463861465, 0.077544696629, 0.0465316958725, 0.0584408603609, 0.0442531071603, 0.0471593104303, 0.0576387606561, 0.0561151318252, 0.090400069952, 0.118548132479, 0.0767195895314, 0.0523615702987, 0.0590068139136, 0.0637542083859, 0.0877986699343, 0.112352870405, 0.0965023860335, 0.0973182916641, 0.0973202362657, 0.104550890625, 0.0959052965045], "dvar": [0.0408419929445, 0.0392760150135, 0.0378054082394, 0.0396351777017, 0.0297985635698, 0.0278674121946, 0.0322382077575, 0.0307624973357, 0.0368294045329, 0.05248304829, 0.0281164366752, 0.0166961606592, 0.0187585335225, 0.0157232359052, 0.0245389007032, 0.0413529314101, 0.0291873700917, 0.0181428492069, 0.0264472849667, 0.0170331727713, 0.0186272952706, 0.0237842388451, 0.019952788949, 0.0367408320308, 0.0555498972535, 0.0290599055588, 0.0188893619925, 0.0212998446077, 0.0230084843934, 0.0368668884039, 0.0515844374895, 0.0380767099559, 0.035773742944, 0.0395290590823, 0.0393970608711, 0.0365308970213], "dmean": [0.116746068001, 0.118304789066, 0.107347272336, 0.0996812060475, 0.0877438336611, 0.0765671730042, 0.0821503549814, 0.09084841609, 0.121089294553, 0.137483671308, 0.0996293872595, 0.0510183610022, 0.0491609722376, 0.0531797856092, 0.0872064977884, 0.109783105552, 0.0968915224075, 0.0658014938235, 0.0664711818099, 0.0587229318917, 0.0599295981228, 0.0662298947573, 0.070851944387, 0.121575459838, 0.142055168748, 0.100972868502, 0.0555460043252, 0.0538853928447, 0.0699494928122, 0.107456736267, 0.135212317109, 0.116852417588, 0.097645483911, 0.100276961923, 0.108911968768, 0.108157873154], "max": [1, 1, 1, 1, 1, 1, 1, 1, 1, 1, 1, 1, 1, 1, 1, 1, 1, 1, 1, 1, 1, 1, 1, 1, 1, 1, 1, 1, 1, 1, 1, 1, 1, 1, 1, 1], "var": [0.0776395648718, 0.0484082698822, 0.0532303526998, 0.0762444585562, 0.040175229311, 0.0348799079657, 0.0455294288695, 0.033673800528, 0.074021011591, 0.120782293379, 0.0390640720725, 0.0173646789044, 0.0277473777533, 0.0156481657177, 0.0413519963622, 0.10405369103, 0.0449723266065, 0.0237274263054, 0.046471580863, 0.0218603163958, 0.0275312997401, 0.0358937047422, 0.0221112091094, 0.0725147798657, 0.130348235369, 0.0422488674521, 0.0151519868523, 0.0165983773768, 0.0262736640871, 0.0816849246621, 0.106218636036, 0.0498560853302, 0.0351978614926, 0.0595338381827, 0.0497402697802, 0.0622474737465], "mean": [0.161014571786, 0.122173540294, 0.117795906961, 0.137709781528, 0.0945909544826, 0.0787336677313, 0.0911251455545, 0.0879646465182, 0.182861849666, 0.243187457323, 0.125355884433, 0.0485317595303, 0.0546503998339, 0.049031663686, 0.121924035251, 0.200120598078, 0.125893801451, 0.0715848430991, 0.0862369313836, 0.0649977773428, 0.0708085820079, 0.0802121832967, 0.072627171874, 0.185987949371, 0.258889377117, 0.13345476985, 0.0439124554396, 0.0417529456317, 0.0694503113627, 0.166126459837, 0.211286976933, 0.128576755524, 0.0881983712316, 0.116089649498, 0.113726824522, 0.134114161134]}, "tuning_equal_tempered_deviation": 0, "chords_changes_rate": 0.0855844169855, "key_key": "F", "tuning_diatonic_strength": 0.555189907551, "key_scale": "major", "chords_number_rate": 0.00194805196952, "tuning_frequency": 441.527557373, "tuning_nontempered_energy_ratio": 0.675853252411, "chords_histogram": [24.6753253937, 3.35064935684, 7.54545450211, 1.14285719395, 4.18181800842, 1.23376619816, 0.285714298487, 0.311688303947, 1, 0.571428596973, 0.584415555, 0.363636374474, 0.142857149243, 0.11688311398, 0.0909090936184, 1.61038959026, 1.29870128632, 14, 1.87012982368, 6.66233778, 1.40259742737, 7.03896093369, 10.5064935684, 10.0129871368], "key_strength": 0.745964348316, "chords_key": "F", "chords_strength": {"dmean2": 0.0108098881319, "median": 0.437659859657, "min": -1, "dvar2": 0.000504380092025, "dvar": 0.000332709401846, "dmean": 0.0112400138751, "max": 0.751657187939, "var": 0.0178734101355, "mean": 0.435968399048}, "chords_scale": "major", "hpcp_entropy": {"dmean2": 0.962189555168, "median": 1.73607540131, "min": 0, "dvar2": 0.655699491501, "dvar": 0.255564033985, "dmean": 0.57254087925, "max": 4.06882476807, "var": 0.548838019371, "mean": 1.72208869457}}, "metadata": {"audio_properties": {"equal_loudness": 0, "codec": "alac", "downmix": "mix", "sample_rate": 44100, "analysis_sample_rate": 44100, "bit_rate": 509394, "md5_encoded": "a4b87a4fb7f9bf91585fce658451d60a", "length": 357.533325195, "replay_gain": -9.77933311462, "lossless": true}, "version": {"essentia_build_sha": "c0e182ba78c2de26e491b7b7a4a2c98c1ed34208", "essentia": "2.1-beta2", "extractor": "music 1.0", "essentia_git_sha": "v2.1_beta2-2-gbb40004"}, "tags": {"title": ["Extended Blues"], "language": ["English"], "media": ["CD"], "musicbrainz_recordingid": ["0c9df888-a138-4d13-a751-ede61df9fced"], "musicbrainz_albumartistid": ["0dbd6300-efdc-420b-857e-895e18fad317"], "discnumber": ["2/8"], "bpm": ["0"], "catalognumber": ["MD8-229"], "file_name": "2-10 Extended Blues.m4a", "compilation": ["0"], "date": ["2005"], "genre": ["Jazz"], "album": ["The Complete Clef/Verve Count Basie Fifties Studio Recordings (disc 2)"], "script": ["Latin"], "asin": ["B0009A6C3A"], "musicbrainz_albumid": ["28c2a16d-ce1c-4803-827c-74eb2b08ae33"], "tracknumber": ["10/16"], "encodedby": ["iTunes 10.7"], "musicbrainz_releasegroupid": ["62dbd35e-0470-3b0b-8516-e2f781b71f66"], "artist": ["Count Basie"], "label": ["Mosaic Records"], "musicbrainz_artistid": ["0dbd6300-efdc-420b-857e-895e18fad317"]}}, "rhythm": {"bpm_histogram_first_peak_bpm": {"dmean2": 0, "median": 110, "min": 110, "dvar2": 0, "dvar": 0, "dmean": 0, "max": 110, "var": 0, "mean": 110}, "bpm": 109.735168457, "bpm_histogram_second_peak_spread": {"dmean2": 0, "median": 0.399999976158, "min": 0.399999976158, "dvar2": 0, "dvar": 0, "dmean": 0, "max": 0.399999976158, "var": 0, "mean": 0.399999976158}, "bpm_histogram_first_peak_weight": {"dmean2": 0, "median": 0.429663598537, "min": 0.429663598537, "dvar2": 0, "dvar": 0, "dmean": 0, "max": 0.429663598537, "var": 0, "mean": 0.429663598537}, "onset_rate": 3.29182457924, "beats_position": [0.487619042397, 0.986848056316, 1.48607707024, 1.99691605568, 2.50775504112, 3.01859402657, 3.51782298088, 4.01705217361, 4.52789115906, 5.0387301445, 5.54956912994, 6.06040811539, 6.57124710083, 7.08208608627, 7.60453510284, 8.12698364258, 8.64943313599, 9.17188167572, 9.69433116913, 10.2167797089, 10.7508392334, 11.2848978043, 11.807346344, 12.3297958374, 12.8638544083, 13.3979139328, 13.9319725037, 14.4660310745, 15.0000905991, 15.5225391388, 16.0449886322, 16.5790481567, 17.1131057739, 17.6471652985, 18.1928348541, 18.7385025024, 19.272562027, 19.8182315826, 20.363899231, 20.9095687866, 21.4552383423, 22.0009059906, 22.5465755463, 23.0806350708, 23.614692688, 24.1487522125, 24.6828117371, 25.2168693542, 25.7509288788, 26.2849884033, 26.8190479279, 27.353105545, 27.8755550385, 28.409614563, 28.9436721802, 29.4777317047, 30.0234012604, 30.5574588776, 31.0915184021, 31.6255779266, 32.1596374512, 32.7053070068, 33.2509727478, 33.7966423035, 34.3307037354, 34.8763694763, 35.4104309082, 35.9561004639, 36.4901580811, 37.0358276367, 37.5814971924, 38.1271629333, 38.6612243652, 39.2068939209, 39.7525634766, 40.309841156, 40.8555107117, 41.3895683289, 41.923625946, 42.4692955017, 43.0033569336, 43.5490226746, 44.0946922302, 44.6403617859, 45.1744194031, 45.708480835, 46.2425384521, 46.7765960693, 47.322265625, 47.8563270569, 48.4019927979, 48.9476623535, 49.4933319092, 50.0390014648, 50.573059082, 51.1071205139, 51.6527900696, 52.1984558105, 52.7325172424, 53.2781867981, 53.8238525391, 54.3695220947, 54.9268035889, 55.4840812683, 56.0413589478, 56.5870285034, 57.1210861206, 57.6783676147, 58.2240333557, 58.7697029114, 59.315372467, 59.8610420227, 60.4067115784, 60.952381134, 61.498046875, 62.0437164307, 62.5893859863, 63.135055542, 63.6691131592, 64.2263946533, 64.772064209, 65.3177337646, 65.8634033203, 66.409072876, 66.9663467407, 67.5120162964, 68.0692977905, 68.6265716553, 69.1838531494, 69.7295227051, 70.2751922607, 70.8208618164, 71.3665313721, 71.9122009277, 72.4578704834, 73.0035324097, 73.5375976562, 74.0832672119, 74.6289291382, 75.1745986938, 75.7202682495, 76.2659378052, 76.8116073608, 77.345664978, 77.8913345337, 78.4370040894, 78.9942855835, 79.5399551392, 80.0856246948, 80.619682312, 81.1537399292, 81.6877975464, 82.2218551636, 82.7675247192, 83.3131942749, 83.8588638306, 84.4045333862, 84.9502029419, 85.4958724976, 86.0531539917, 86.598815918, 87.1444854736, 87.7017669678, 88.2590484619, 88.8163223267, 89.3503875732, 89.8844451904, 90.4301147461, 90.9757843018, 91.521446228, 92.0671157837, 92.6243972778, 93.181678772, 93.7273483276, 94.2730178833, 94.8070755005, 95.3643493652, 95.9100189209, 96.4556884766, 97.0129699707, 97.5702438354, 98.1275253296, 98.6848068237, 99.2420806885, 99.7993621826, 100.356643677, 100.913917542, 101.459587097, 102.005256653, 102.550926208, 103.096595764, 103.630653381, 104.176322937, 104.721992493, 105.25605011, 105.813331604, 106.35900116, 106.904670715, 107.438728333, 107.996009827, 108.553283691, 109.110565186, 109.66784668, 110.225120544, 110.782402039, 111.339683533, 111.896957397, 112.454238892, 113.011520386, 113.56879425, 114.114463806, 114.6717453, 115.217414856, 115.763084412, 116.308753967, 116.866027832, 117.423309326, 117.98059082, 118.526252747, 119.071922302, 119.629203796, 120.186485291, 120.732154846, 121.289428711, 121.835098267, 122.392379761, 122.949661255, 123.50693512, 124.052604675, 124.609886169, 125.155555725, 125.71282959, 126.270111084, 126.81578064, 127.361450195, 127.91872406, 128.476013184, 129.021682739, 129.567337036, 130.12461853, 130.681900024, 131.239181519, 131.784851074, 132.33052063, 132.876190186, 133.421859741, 133.967529297, 134.513198853, 135.058868408, 135.604537964, 136.138595581, 136.672653198, 137.218322754, 137.752380371, 138.309661865, 138.855331421, 139.412597656, 139.96987915, 140.515548706, 141.061218262, 141.606887817, 142.152557373, 142.709838867, 143.255508423, 143.801177979, 144.346847534, 144.89251709, 145.449798584, 145.99546814, 146.541137695, 147.098403931, 147.644073486, 148.189743042, 148.735412598, 149.281082153, 149.815139771, 150.360809326, 150.906478882, 151.440536499, 151.974594116, 152.520263672, 153.065933228, 153.599990845, 154.134063721, 154.668121338, 155.213790894, 155.759460449, 156.305114746, 156.850784302, 157.396453857, 157.942123413, 158.487792969, 159.033462524, 159.567520142, 160.113189697, 160.658859253, 161.216140747, 161.761810303, 162.307479858, 162.853149414, 163.39881897, 163.944488525, 164.490158081, 165.047439575, 165.593109131, 166.138778687, 166.684448242, 167.241714478, 167.798995972, 168.356277466, 168.901947021, 169.447616577, 169.993286133, 170.550567627, 171.096237183, 171.641906738, 172.199172974, 172.744842529, 173.290512085, 173.847793579, 174.405075073, 174.962356567, 175.508026123, 176.053695679, 176.599365234, 177.14503479, 177.690704346, 178.224761963, 178.770431519, 179.316101074, 179.86177063, 180.407440186, 180.953109741, 181.498779297, 182.032836914, 182.57850647, 183.112564087, 183.646621704, 184.19229126, 184.737960815, 185.272018433, 185.80607605, 186.351745605, 186.897415161, 187.431472778, 187.965530396, 188.499588013, 189.03364563, 189.579315186, 190.124984741, 190.682266235, 191.239547729, 191.785217285, 192.330886841, 192.888153076, 193.44543457, 193.991104126, 194.536773682, 195.094055176, 195.65133667, 196.185394287, 196.731063843, 197.276733398, 197.822402954, 198.36807251, 198.925354004, 199.459411621, 200.005081177, 200.550750732, 201.096420288, 201.642089844, 202.187744141, 202.733413696, 203.29069519, 203.847976685, 204.405258179, 204.950927734, 205.49659729, 206.053878784, 206.611160278, 207.156814575, 207.702484131, 208.259765625, 208.817047119, 209.362716675, 209.90838623, 210.454055786, 210.999725342, 211.557006836, 212.11428833, 212.659957886, 213.205612183, 213.762893677, 214.320175171, 214.865844727, 215.411514282, 215.957183838, 216.502853394, 217.060134888, 217.617416382, 218.174682617, 218.731964111, 219.289245605, 219.834915161, 220.380584717, 220.937866211, 221.471923828, 222.029205322, 222.574874878, 223.120544434, 223.677825928, 224.235092163, 224.780761719, 225.326431274, 225.87210083, 226.417770386, 226.963439941, 227.509109497, 228.054779053, 228.612060547, 229.157730103, 229.715011597, 230.272293091, 230.829559326, 231.38684082, 231.944122314, 232.48979187, 233.047073364, 233.59274292, 234.150024414, 234.69569397, 235.252960205, 235.810241699, 236.379135132, 236.924804688, 237.482086182, 238.039367676, 238.596633911, 239.153915405, 239.711196899, 240.280090332, 240.837371826, 241.394638062, 241.951919556, 242.50920105, 243.054870605, 243.600540161, 244.157821655, 244.715103149, 245.272369385, 245.81803894, 246.375320435, 246.92098999, 247.478271484, 248.035552979, 248.592834473, 249.150115967, 249.707382202, 250.264663696, 250.82194519, 251.379226685, 251.92489624, 252.470565796, 253.016235352, 253.561904907, 254.107574463, 254.676452637, 255.233734131, 255.802627563, 256.371520996, 256.92880249, 257.486083984, 258.043365479, 258.600616455, 259.157897949, 259.715179443, 260.272460938, 260.829742432, 261.375427246, 261.93270874, 262.501586914, 263.058868408, 263.616149902, 264.173431396, 264.730712891, 265.276367188, 265.822021484, 266.379302979, 266.924987793, 267.493865967, 268.051147461, 268.608428955, 269.165710449, 269.722991943, 270.280273438, 270.837554932, 271.394836426, 271.95211792, 272.509368896, 273.066650391, 273.612335205, 274.157989502, 274.703674316, 275.249328613, 275.795013428, 276.340667725, 276.886352539, 277.432006836, 277.97769165, 278.523345947, 279.057403564, 279.603088379, 280.148742676, 280.682800293, 281.228485107, 281.774139404, 282.308197021, 282.853881836, 283.399536133, 283.93359375, 284.467651367, 285.001708984, 285.535766602, 286.069824219, 286.603881836, 287.137939453, 287.672027588, 288.206085205, 288.740142822, 289.274200439, 289.796630859, 290.319091797, 290.853149414, 291.387207031, 291.921264648, 292.455322266, 292.989379883, 293.51184082, 294.03427124, 294.568328857, 295.114013672, 295.648071289, 296.182128906, 296.727783203, 297.273468018, 297.819122314, 298.353179932, 298.898864746, 299.444519043, 299.990203857, 300.535858154, 301.069915771, 301.603973389, 302.161254883, 302.706939697, 303.240997314, 303.763427734, 304.285888672, 304.808349609, 305.354003906, 305.899688721, 306.456970215, 307.014221191, 307.571502686, 308.12878418, 308.686065674, 309.243347168, 309.789031982, 310.334686279, 310.891967773, 311.43762207, 311.983306885, 312.540588379, 313.086242676, 313.620300293, 314.165985107, 314.723266602, 315.280548096, 315.83782959, 316.395111084, 316.940765381, 317.486419678, 318.043701172, 318.600982666, 319.15826416, 319.703948975, 320.249603271, 320.806884766, 321.35256958, 321.898223877, 322.455505371, 323.012786865, 323.570068359, 324.104125977, 324.649780273, 325.195465088, 325.706298828, 326.217132568, 326.727966309, 327.145935059, 327.575500488, 327.993469238, 328.399810791, 328.841003418, 329.282165527, 329.711730957, 330.141296387, 330.570892334, 331.023681641, 331.557739258, 332.091796875, 332.625854492, 333.183135986, 333.728790283, 334.286071777, 334.843353271, 335.389007568, 335.946289062, 336.503570557, 337.060852051, 337.618133545, 338.175415039, 338.732696533, 339.289978027, 339.847259521, 340.404541016, 340.96182251, 341.519073486, 342.07635498, 342.633636475, 343.190917969, 343.736602783, 344.293884277, 344.851135254, 345.420043945, 345.977325439, 346.546203613, 347.115081787, 347.683990479, 348.229644775, 348.77532959, 349.309387207, 349.843444824, 350.377502441, 350.911560059, 351.457214355, 351.991271973, 352.548553467, 353.105834961, 353.721160889, 354.348114014, 354.963439941, 355.578765869, 356.205718994, 356.821044922], "beats_loudness": {"dmean2": 0.0422225147486, "median": 0.028791077435, "min": 1.10088405059e-09, "dvar2": 0.00223854463547, "dvar": 0.000768552417867, "dmean": 0.0234471410513, "max": 0.221914023161, "var": 0.00102211430203, "mean": 0.0377833619714}, "danceability": 1.17136013508, "bpm_histogram_second_peak_weight": {"dmean2": 0, "median": 0.0275229364634, "min": 0.0275229364634, "dvar2": 0, "dvar": 0, "dmean": 0, "max": 0.0275229364634, "var": 0, "mean": 0.0275229364634}, "beats_count": 655, "bpm_histogram_second_peak_bpm": {"dmean2": 0, "median": 115, "min": 115, "dvar2": 0, "dvar": 0, "dmean": 0, "max": 115, "var": 0, "mean": 115}, "bpm_histogram_first_peak_spread": {"dmean2": 0, "median": 0.526138305664, "min": 0.526138305664, "dvar2": 0, "dvar": 0, "dmean": 0, "max": 0.526138305664, "var": 0, "mean": 0.526138305664}, "beats_loudness_band_ratio": {"dmean2": [0.387830197811, 0.337407916784, 0.254268884659, 0.112171508372, 0.0275220796466, 0.0189824104309], "median": [0.547983646393, 0.344953805208, 0.0844959393144, 0.0251460112631, 0.00290565448813, 0.00148624926805], "min": [0.000305298395688, 0.00019983582024, 9.36628930504e-05, 2.64917453023e-05, 1.87451587408e-05, 5.507133028e-05], "dvar2": [0.0918764099479, 0.0765866339207, 0.0616583265364, 0.025413133204, 0.00524576194584, 0.00852791965008], "dvar": [0.0383567884564, 0.0293409768492, 0.0264420937747, 0.00886623095721, 0.00191563437693, 0.0030882647261], "dmean": [0.221995696425, 0.193597987294, 0.143303692341, 0.0614544153214, 0.0153014613315, 0.0102820917964], "max": [0.998315632343, 0.951406240463, 0.990572810173, 0.566841542721, 0.432969629765, 0.753909707069], "var": [0.0818377509713, 0.0495317354798, 0.0453961640596, 0.00753501662984, 0.00144659122452, 0.00282722292468], "mean": [0.523443818092, 0.360498577356, 0.168666228652, 0.0558728091419, 0.0124002965167, 0.00952138379216]}}, "lowlevel": {"barkbands_spread": {"dmean2": 4.03793764114, "median": 5.70602655411, "min": 0.256000727415, "dvar2": 47.8202781677, "dvar": 20.3520965576, "dmean": 2.55964922905, "max": 160.980545044, "var": 213.114562988, "mean": 8.8788318634}, "melbands_spread": {"dmean2": 4.55727863312, "median": 6.4395737648, "min": 0.224399492145, "dvar2": 75.0142822266, "dvar": 31.2128887177, "dmean": 2.93020939827, "max": 156.911651611, "var": 126.380134583, "mean": 9.30982303619}, "hfc": {"dmean2": 3.59242343903, "median": 2.9249484539, "min": 1.15223228539e-16, "dvar2": 95.7831039429, "dvar": 50.1968040466, "dmean": 2.73621749878, "max": 461.421356201, "var": 292.657684326, "mean": 8.12691020966}, "barkbands_kurtosis": {"dmean2": 14.4133548737, "median": 6.59293842316, "min": -1.96972203255, "dvar2": 1760.67993164, "dvar": 741.6171875, "dmean": 9.21313667297, "max": 1731.20458984, "var": 3219.796875, "mean": 18.3220405579}, "gfcc": {"mean": [-140.03036499, 142.047683716, -77.1453170776, 4.44454097748, -42.3470077515, -6.15138196945, -10.7862129211, -11.0884571075, -14.1418933868, -1.47961676121, -14.9718265533, 0.305823594332, -12.4896297455], "icov": [[0.000371799134882, -0.000813473016024, 0.000714882567991, -0.000811445468571, 0.000922005216125, -0.00103283009958, 0.00124023202807, -0.00130215054378, 0.00140216900036, -0.00127537886146, 0.00115545606241, -0.000718100985978, 0.000497491506394], [-0.000813473016024, 0.00284978328273, -0.00157257157844, 0.00225160364062, -0.00226721330546, 0.00274226930924, -0.00377516681328, 0.00466650584713, -0.00489355018362, 0.00480396533385, -0.00427295826375, 0.00272363517433, -0.00160446413793], [0.000714882567991, -0.00157257157844, 0.00228395476006, -0.00226920540445, 0.00219724676572, -0.00314329005778, 0.00324006867595, -0.0031626902055, 0.00293547450565, -0.00270352466032, 0.00209021056071, -0.001438737032, 0.000885141489562], [-0.000811445468571, 0.00225160364062, -0.00226920540445, 0.00398066500202, -0.00343951047398, 0.00389688881114, -0.00443292642012, 0.00462246965617, -0.00312615185976, 0.00346016604453, -0.0019788898062, 0.00115536677185, -0.000697459268849], [0.000922005216125, -0.00226721330546, 0.00219724676572, -0.00343951047398, 0.0067407716997, -0.00518620759249, 0.00522428099066, -0.00623969640583, 0.00456140888855, -0.00367186754011, 0.00212412280962, -0.00117328891065, 0.000118268428196], [-0.00103283009958, 0.00274226930924, -0.00314329005778, 0.00389688881114, -0.00518620759249, 0.00886673200876, -0.00723730493337, 0.00772289233282, -0.00721835996956, 0.00694973533973, -0.00427129212767, 0.00221895379946, -0.000847326824442], [0.00124023202807, -0.00377516681328, 0.00324006867595, -0.00443292642012, 0.00522428099066, -0.00723730493337, 0.0128656709567, -0.0111217489466, 0.0104855094105, -0.0102132363245, 0.00809321925044, -0.00394322443753, 0.00110108952504], [-0.00130215054378, 0.00466650584713, -0.0031626902055, 0.00462246965617, -0.00623969640583, 0.00772289233282, -0.0111217489466, 0.0179476328194, -0.015546807088, 0.0146333193406, -0.0114844562486, 0.00672444235533, -0.00232860515825], [0.00140216900036, -0.00489355018362, 0.00293547450565, -0.00312615185976, 0.00456140888855, -0.00721835996956, 0.0104855094105, -0.015546807088, 0.0235254187137, -0.0188888330013, 0.0148620875552, -0.00780019629747, 0.00440599117428], [-0.00127537886146, 0.00480396533385, -0.00270352466032, 0.00346016604453, -0.00367186754011, 0.00694973533973, -0.0102132363245, 0.0146333193406, -0.0188888330013, 0.0242583863437, -0.0176998730749, 0.0104006705806, -0.00515716057271], [0.00115545606241, -0.00427295826375, 0.00209021056071, -0.0019788898062, 0.00212412280962, -0.00427129212767, 0.00809321925044, -0.0114844562486, 0.0148620875552, -0.0176998730749, 0.023609533906, -0.0135744819418, 0.00701241288334], [-0.000718100985978, 0.00272363517433, -0.001438737032, 0.00115536677185, -0.00117328891065, 0.00221895379946, -0.00394322443753, 0.00672444235533, -0.00780019629747, 0.0104006705806, -0.0135744819418, 0.0195225290954, -0.0104965064675], [0.000497491506394, -0.00160446413793, 0.000885141489562, -0.000697459268849, 0.000118268428196, -0.000847326824442, 0.00110108952504, -0.00232860515825, 0.00440599117428, -0.00515716057271, 0.00701241288334, -0.0104965064675, 0.014897336252]], "cov": [[12626.3662109, 2433.19238281, -2601.94506836, -324.792602539, -637.820739746, -273.415679932, -28.1307754517, -312.600799561, -93.1714859009, -25.0887203217, -94.1954650879, -80.2431259155, -70.8030090332], [2433.19238281, 1490.76098633, -363.217437744, -429.953735352, -84.6130447388, 7.0330991745, 14.6955184937, -86.3425140381, 63.5242996216, -6.91370677948, 44.6636619568, -31.2251091003, 3.03639364243], [-2601.94506836, -363.217437744, 1868.52490234, 569.361877441, 170.037353516, 300.652832031, -38.0557289124, -10.3070840836, -41.4978027344, -62.5163269043, -3.7637386322, 48.8553314209, 7.18598890305], [-324.792602539, -429.953735352, 569.361877441, 981.169311523, 170.106170654, -13.6569633484, 66.6051559448, -63.2209510803, -127.330711365, -61.2649307251, -53.2708320618, 39.1604614258, 28.832069397], [-637.820739746, -84.6130447388, 170.037353516, 170.106170654, 390.666442871, 131.885391235, -2.52713680267, 78.8740615845, -2.57351064682, -41.8401451111, 15.6212110519, 11.119427681, 13.7217655182], [-273.415679932, 7.0330991745, 300.652832031, -13.6569633484, 131.885391235, 352.863311768, 60.978805542, -4.13819169998, 13.7122220993, -38.2878036499, -17.0427837372, 8.60648059845, 2.03062534332], [-28.1307754517, 14.6955184937, -38.0557289124, 66.6051559448, -2.52713680267, 60.978805542, 229.837280273, 62.8687858582, -11.1769046783, 3.97111153603, -21.7088031769, -5.69420480728, 15.1162729263], [-312.600799561, -86.3425140381, -10.3070840836, -63.2209510803, 78.8740615845, -4.13819169998, 62.8687858582, 233.254394531, 77.4031906128, -21.3777637482, 8.0413980484, -21.4570922852, -19.4524688721], [-93.1714859009, 63.5242996216, -41.4978027344, -127.330711365, -2.57351064682, 13.7122220993, -11.1769046783, 77.4031906128, 169.138519287, 73.9950637817, -6.47342824936, -24.8255004883, -18.6701717377], [-25.0887203217, -6.91370677948, -62.5163269043, -61.2649307251, -41.8401451111, -38.2878036499, 3.97111153603, -21.3777637482, 73.9950637817, 166.441329956, 58.016910553, -12.2604408264, -4.75517892838], [-94.1954650879, 44.6636619568, -3.7637386322, -53.2708320618, 15.6212110519, -17.0427837372, -21.7088031769, 8.0413980484, -6.47342824936, 58.016910553, 132.823547363, 48.2648620605, 0.937308490276], [-80.2431259155, -31.2251091003, 48.8553314209, 39.1604614258, 11.119427681, 8.60648059845, -5.69420480728, -21.4570922852, -24.8255004883, -12.2604408264, 48.2648620605, 124.218177795, 63.6172409058], [-70.8030090332, 3.03639364243, 7.18598890305, 28.832069397, 13.7217655182, 2.03062534332, 15.1162729263, -19.4524688721, -18.6701717377, -4.75517892838, 0.937308490276, 63.6172409058, 114.847640991]]}, "spectral_energyband_middle_low": {"dmean2": 0.00567892659456, "median": 0.00483731366694, "min": 3.5708921048e-22, "dvar2": 0.000111107867269, "dvar": 5.85762500123e-05, "dmean": 0.00415291450918, "max": 0.21397100389, "var": 0.000274692458333, "mean": 0.0111084608361}, "melbands_crest": {"dmean2": 5.22094678879, "median": 15.9637289047, "min": 1.64898788929, "dvar2": 22.8837394714, "dvar": 9.36448860168, "dmean": 3.2460694313, "max": 39.2066307068, "var": 37.9367408752, "mean": 16.8700389862}, "spectral_kurtosis": {"dmean2": 8.70122337341, "median": 14.0600910187, "min": -1.21811521053, "dvar2": 96.8077926636, "dvar": 40.6681404114, "dmean": 5.44259214401, "max": 121.986846924, "var": 203.44078064, "mean": 18.0846233368}, "spectral_rms": {"dmean2": 0.000829088501632, "median": 0.00302980304696, "min": 3.21828935029e-12, "dvar2": 9.48898048136e-07, "dvar": 5.85371026318e-07, "dmean": 0.000643688254058, "max": 0.0184972491115, "var": 5.40895962331e-06, "mean": 0.0035513387993}, "zerocrossingrate": {"dmean2": 0.00655588228256, "median": 0.0234375, "min": 0.00244140625, "dvar2": 8.13093138277e-05, "dvar": 5.95394049014e-05, "dmean": 0.00520981336012, "max": 0.5927734375, "var": 0.00197366648354, "mean": 0.0306196007878}, "silence_rate_60dB": {"dmean2": 0.131454184651, "median": 0, "min": 0, "dvar2": 0.129654809833, "dvar": 0.0614121370018, "dmean": 0.065722823143, "max": 1, "var": 0.169527366757, "mean": 0.216312751174}, "erbbands_kurtosis": {"dmean2": 4.58555221558, "median": 2.03932142258, "min": -1.98413729668, "dvar2": 92.8634796143, "dvar": 42.4115104675, "dmean": 2.96599912643, "max": 171.212234497, "var": 101.815155029, "mean": 4.95709085464}, "erbbands": {"dmean2": [0.0399745814502, 0.548997938633, 1.7531696558, 1.75761139393, 7.32522249222, 9.47043037415, 8.72132968903, 15.2288455963, 7.0641002655, 17.0048274994, 26.2004032135, 32.5342330933, 24.1257896423, 15.4854259491, 14.7039928436, 15.8343029022, 14.3848285675, 12.6199016571, 5.58356142044, 6.66053915024, 4.82152891159, 3.02294778824, 2.02926492691, 3.49161434174, 2.40025138855, 1.36003816128, 0.752211213112, 1.99352347851, 0.779601514339, 0.111657552421, 0.0574525594711, 0.0296022985131, 0.00735386367887, 0.00680637964979, 0.00566519284621, 0.00519872829318, 0.00215953332372, 0.0022394368425, 0.00050361501053, 3.64896150131e-05], "median": [0.0179072953761, 0.250045657158, 0.585397422314, 0.743714392185, 1.78904736042, 2.99648857117, 2.43374967575, 2.402146101, 2.28898143768, 2.86211109161, 3.73139548302, 3.78921318054, 2.27473783493, 1.76024198532, 2.14152765274, 1.63151359558, 1.06197452545, 0.731040596962, 0.389992266893, 0.230838194489, 0.228384822607, 0.155737668276, 0.11791986227, 0.115741237998, 0.0909201651812, 0.0614480152726, 0.0674875900149, 0.0617931671441, 0.0323391109705, 0.0212775897235, 0.0102488379925, 0.00371302198619, 0.0014187580673, 0.000908600050025, 0.000724368437659, 0.000488380028401, 0.000315242243232, 0.000231633617659, 9.36119322432e-05, 2.20181991608e-05], "min": [1.89348326705e-21, 8.41390751527e-21, 4.36812230673e-21, 1.6845762588e-20, 1.77186998594e-20, 1.0630852208e-19, 2.60588466131e-19, 5.79306687918e-19, 1.10862592084e-18, 1.0520058215e-18, 1.94502608171e-18, 1.67978513822e-18, 2.73623178224e-18, 3.76666163144e-18, 3.38383355176e-18, 3.32457784819e-18, 5.03119083182e-18, 4.96296166618e-18, 6.0725314001e-18, 4.4273857942e-18, 4.8214298226e-18, 5.66146647623e-18, 8.88910289254e-18, 1.58643017535e-17, 1.81982778786e-17, 1.67345123015e-17, 1.68083811846e-17, 1.24183161253e-17, 2.07082813468e-17, 2.08948899843e-17, 2.26599163948e-17, 2.14647777217e-17, 1.61088213057e-17, 1.22248865565e-17, 8.16020457165e-18, 6.24369202604e-18, 3.25679163777e-18, 1.49111392589e-18, 3.53294164597e-19, 2.2916513805e-20], "dvar2": [0.00599263934419, 1.10438156128, 16.4424800873, 12.0613174438, 311.85055542, 453.204376221, 652.546081543, 2285.6184082, 362.111053467, 2813.34399414, 9177.76171875, 17777.828125, 24636.4746094, 6429.0234375, 6500.25292969, 13994.1669922, 9016.14453125, 10821.8232422, 4513.67529297, 4123.39257812, 1372.17810059, 616.635559082, 240.85118103, 852.029663086, 493.387969971, 189.83215332, 16.6270961761, 256.173278809, 14.6545095444, 0.197855859995, 0.0320508293808, 0.00958643760532, 0.000661822617985, 0.000655813200865, 0.000462170864921, 0.00041696979315, 7.16481226846e-05, 9.1574358521e-05, 4.06981280321e-06, 1.65488955872e-08], "dvar": [0.00301736406982, 0.625266849995, 10.2574472427, 5.49207115173, 168.839263916, 175.853393555, 276.252075195, 1184.3425293, 154.15574646, 1325.94384766, 5296.63183594, 8511.109375, 9689.55566406, 2267.74536133, 2630.32324219, 6253.16455078, 3485.046875, 4165.45361328, 1609.48071289, 1625.69812012, 607.643005371, 236.447921753, 101.551322937, 296.553100586, 189.433044434, 75.6189422607, 7.27073001862, 94.102973938, 6.58605098724, 0.0865568742156, 0.0130540924147, 0.00375651451759, 0.00026963246637, 0.00025913582067, 0.000177323890966, 0.000159239629284, 2.76032915281e-05, 3.43309948221e-05, 1.5616770952e-06, 6.36753982874e-09], "dmean": [0.0281102396548, 0.387099921703, 1.26746296883, 1.17851769924, 5.10852193832, 6.06413412094, 5.68236446381, 10.7928667068, 4.67465829849, 11.4856433868, 19.3109970093, 22.4423160553, 15.3000907898, 9.73986434937, 9.43039417267, 11.4378957748, 9.45017433167, 7.96400117874, 3.54786682129, 4.18984127045, 2.96411323547, 1.84125006199, 1.28069806099, 2.05399250984, 1.56771230698, 0.831082105637, 0.491564542055, 1.18488681316, 0.501460790634, 0.0750065371394, 0.0373937450349, 0.0188859123737, 0.00482415733859, 0.00431122677401, 0.00355646619573, 0.00314754410647, 0.00133128266316, 0.00133439747151, 0.000301483029034, 2.27677846851e-05], "max": [1.39388477802, 26.4896621704, 118.681365967, 57.3862533569, 320.036407471, 328.414764404, 763.611877441, 1014.63812256, 312.701049805, 1259.38879395, 4139.81445312, 5859.52197266, 6261.55078125, 2246.30615234, 3758.06274414, 5526.23095703, 3297.53173828, 4474.56542969, 4025.72949219, 3153.55859375, 2258.87890625, 1123.55187988, 883.845947266, 1172.17773438, 684.310241699, 614.356506348, 110.745376587, 445.817260742, 73.4351348877, 13.4405050278, 5.29509925842, 1.58635878563, 0.685178518295, 0.412598967552, 0.381542891264, 0.362844854593, 0.162592202425, 0.185336694121, 0.0307378936559, 0.00218737963587], "var": [0.0153626948595, 2.89395332336, 49.1801757812, 17.6382656097, 494.804992676, 463.639282227, 751.837280273, 3682.71142578, 418.640045166, 3795.25708008, 22433.4492188, 20236.2578125, 13946.6708984, 3260.46826172, 4073.93115234, 13420.7255859, 6443.50683594, 7303.92041016, 2342.48608398, 3410.03320312, 1957.8951416, 506.198822021, 279.002593994, 334.998474121, 299.603424072, 134.819076538, 16.7069511414, 96.6118469238, 14.4682035446, 0.318932980299, 0.0215448904783, 0.00448879785836, 0.000345202628523, 0.000253757316386, 0.000161924865097, 0.000127473627799, 2.27894015552e-05, 2.50222528848e-05, 1.19735852877e-06, 5.97521498946e-09], "mean": [0.0686168447137, 0.8334441185, 2.43524599075, 2.47182512283, 9.13505744934, 11.3072824478, 11.4281053543, 21.5165596008, 9.20440483093, 22.8729305267, 43.6997833252, 41.5443534851, 22.5492153168, 15.0044870377, 15.2561168671, 20.4425144196, 15.4144716263, 12.5431833267, 6.05151557922, 7.04023790359, 5.20002555847, 3.0185751915, 2.28155350685, 2.74984073639, 2.62142634392, 1.48533809185, 0.833243370056, 1.43099176884, 0.856184959412, 0.153335243464, 0.0613121315837, 0.0253131352365, 0.00727277249098, 0.00519434595481, 0.00410133134574, 0.00302134803496, 0.00138619134668, 0.00119590363465, 0.000305962166749, 4.30191066698e-05]}, "spectral_strongpeak": {"dmean2": 0.566743254662, "median": 0.355905145407, "min": 0, "dvar2": 1.03316903114, "dvar": 0.448168814182, "dmean": 0.361152052879, "max": 12.7892360687, "var": 1.1453820467, "mean": 0.770386397839}, "spectral_energy": {"dmean2": 0.00771596422419, "median": 0.00940919946879, "min": 1.06163211326e-20, "dvar2": 0.000169665159774, "dvar": 9.73521455307e-05, "dmean": 0.00596066797152, "max": 0.350701957941, "var": 0.000610258837696, "mean": 0.0184714663774}, "average_loudness": 0.273126333952, "spectral_rolloff": {"dmean2": 257.907073975, "median": 516.796875, "min": 21.533203125, "dvar2": 468839.53125, "dvar": 195104.875, "dmean": 147.417953491, "max": 21360.9375, "var": 3313768.75, "mean": 727.147033691}, "spectral_centroid": {"dmean2": 176.217315674, "median": 468.660827637, "min": 82.8102111816, "dvar2": 94912.765625, "dvar": 43902.3867188, "dmean": 114.342201233, "max": 11293.5957031, "var": 240356.3125, "mean": 599.741516113}, "pitch_salience": {"dmean2": 0.119264565408, "median": 0.511553704739, "min": 0.0346983112395, "dvar2": 0.0124411387369, "dvar": 0.00492856372148, "dmean": 0.0730326250196, "max": 0.837369382381, "var": 0.0183108281344, "mean": 0.496128678322}, "spectral_energyband_middle_high": {"dmean2": 0.00148269126657, "median": 0.000331738701789, "min": 1.44262903964e-21, "dvar2": 4.87608631374e-05, "dvar": 2.02395440283e-05, "dmean": 0.00102575297933, "max": 0.272260993719, "var": 7.32753396733e-05, "mean": 0.0022592660971}, "spectral_contrast_coeffs": {"dmean2": [0.078764885664, 0.0737366899848, 0.0610073469579, 0.0460621081293, 0.0335552282631, 0.0267114527524], "median": [-0.654784142971, -0.731123805046, -0.74717092514, -0.783418059349, -0.838813781738, -0.772193849087], "min": [-0.959623634815, -0.962356507778, -0.968924760818, -0.960608959198, -0.957662165165, -0.963983356953], "dvar2": [0.0039572766982, 0.00397394411266, 0.00292731355876, 0.00159972696565, 0.000956527481321, 0.000749973172788], "dvar": [0.00161591451615, 0.0017297512386, 0.00139194866642, 0.000773529463913, 0.00049141823547, 0.000384263403248], "dmean": [0.0484999343753, 0.0466117300093, 0.0404928401113, 0.0301294103265, 0.0218054018915, 0.0174931883812], "max": [-0.297314524651, -0.247314140201, -0.336265623569, -0.443005383015, -0.48525211215, -0.436960279942], "var": [0.00906171370298, 0.0098659992218, 0.00791256409138, 0.00525385094807, 0.00415171915665, 0.00452588358894], "mean": [-0.652445912361, -0.71823579073, -0.740600883961, -0.780530810356, -0.822618186474, -0.762110352516]}, "melbands_skewness": {"dmean2": 1.27553164959, "median": 2.14196157455, "min": -4.50010728836, "dvar2": 2.23951935768, "dvar": 0.995093047619, "dmean": 0.835157096386, "max": 18.2400512695, "var": 4.49403905869, "mean": 2.57361412048}, "spectral_spread": {"dmean2": 728197.1875, "median": 2832955.5, "min": 883242.875, "dvar2": 853674754048, "dvar": 429329448960, "dmean": 477695.71875, "max": 40974136, "var": 2882185723900.0, "mean": 3183395.25}, "dissonance": {"dmean2": 0.0641874819994, "median": 0.423609435558, "min": 0.113845363259, "dvar2": 0.00384029373527, "dvar": 0.00144452915993, "dmean": 0.0385670550168, "max": 0.500000178814, "var": 0.00369225628674, "mean": 0.410974740982}, "spectral_skewness": {"dmean2": 0.72032481432, "median": 2.94016313553, "min": -0.258672744036, "dvar2": 0.469690650702, "dvar": 0.211417704821, "dmean": 0.462497323751, "max": 9.18235778809, "var": 1.65135896206, "mean": 3.05775117874}, "spectral_flux": {"dmean2": 0.0301441326737, "median": 0.0376790687442, "min": 1.03035531496e-10, "dvar2": 0.00149190158118, "dvar": 0.000625865301117, "dmean": 0.0189029537141, "max": 0.410074710846, "var": 0.00171574216802, "mean": 0.0497935861349}, "spectral_contrast_valleys": {"dmean2": [0.641294836998, 0.63159763813, 0.601629912853, 0.516666769981, 0.378609091043, 0.290735989809], "median": [-7.52860832214, -7.36694526672, -8.42132949829, -9.47885036469, -9.68686389923, -12.6324882507], "min": [-27.0809288025, -27.0508518219, -27.3962898254, -27.2672328949, -27.3961791992, -27.1907730103], "dvar2": [0.282326906919, 0.325784116983, 0.339156985283, 0.262526273727, 0.162940278649, 0.148351028562], "dvar": [0.12173256278, 0.154396370053, 0.173080101609, 0.133086338639, 0.0940967947245, 0.0853265374899], "dmean": [0.397248625755, 0.406256169081, 0.406767636538, 0.34854221344, 0.273394197226, 0.218842163682], "max": [-5.25906324387, -4.35432958603, -4.99210786819, -4.96713972092, -5.61530542374, -9.71785163879], "var": [1.68106746674, 1.96578133106, 2.07732319832, 1.75511753559, 1.30031585693, 0.65197622776], "mean": [-7.7057390213, -7.51455545425, -8.55678081512, -9.46453762054, -9.62969684601, -12.4443597794]}, "erbbands_flatness_db": {"dmean2": 0.0331443399191, "median": 0.22636821866, "min": 0.0244618393481, "dvar2": 0.00125515356194, "dvar": 0.000686495332047, "dmean": 0.023504987359, "max": 0.529107451439, "var": 0.00458201998845, "mean": 0.227886289358}, "spectral_energyband_high": {"dmean2": 6.39247591607e-05, "median": 5.88923376199e-06, "min": 7.7494044102e-21, "dvar2": 1.24627760556e-07, "dvar": 4.83915059135e-08, "dmean": 4.0420654841e-05, "max": 0.00784964766353, "var": 7.93700323243e-08, "mean": 6.51178561384e-05}, "spectral_entropy": {"dmean2": 0.340608894825, "median": 6.39566326141, "min": 3.73789143562, "dvar2": 0.131003186107, "dvar": 0.0657693818212, "dmean": 0.234326124191, "max": 9.79699993134, "var": 0.411521047354, "mean": 6.43128824234}, "silence_rate_20dB": {"dmean2": 0, "median": 1, "min": 1, "dvar2": 0, "dvar": 0, "dmean": 0, "max": 1, "var": 0, "mean": 1}, "melbands_flatness_db": {"dmean2": 0.0408