{"tonal": {"thpcp": [1, 0.554457426071, 0.123826988041, 0.0936133265495, 0.130086570978, 0.321059674025, 0.466701209545, 0.397571027279, 0.573280334473, 0.669181227684, 0.340352445841, 0.134732410312, 0.116349168122, 0.130080670118, 0.228793725371, 0.31232714653, 0.232894867659, 0.127569153905, 0.0978812873363, 0.132382169366, 0.354153603315, 0.504457831383, 0.298942178488, 0.226088777184, 0.268645316362, 0.140420973301, 0.090767763555, 0.117659531534, 0.123748116195, 0.22119872272, 0.294869601727, 0.218485221267, 0.186054140329, 0.163004130125, 0.154114291072, 0.617171168327], "hpcp": {"dmean2": [0.165745332837, 0.142622068524, 0.0840138196945, 0.0732446312904, 0.082629032433, 0.105243943632, 0.119643509388, 0.108696907759, 0.0843392163515, 0.0740743130445, 0.0957612991333, 0.131523653865, 0.142587304115, 0.116954132915, 0.0865539908409, 0.0732861235738, 0.0603251196444, 0.0472938269377, 0.0500613301992, 0.0664573311806, 0.093233756721, 0.100344493985, 0.10896089673, 0.108224324882, 0.097990565002, 0.11196307838, 0.184798270464, 0.144593715668, 0.173667728901, 0.0985783934593, 0.0788803249598, 0.0979465991259, 0.134760856628, 0.147001206875, 0.180599719286, 0.196466296911], "median": [0.0215903669596, 0.0108273625374, 0.00208629714325, 0.00149900675751, 0.0014905318385, 0.0030594074633, 0.00425587687641, 0.00347834080458, 0.00176671845838, 0.00134859455284, 0.0026804045774, 0.0247626341879, 0.0407379493117, 0.0266946852207, 0.0020345216617, 0.000726570258848, 0.00106993620284, 0.00242941593751, 0.00249637151137, 0.00403109192848, 0.00647866120562, 0.00896278582513, 0.00825062580407, 0.00302146119066, 0.00226795580238, 0.0041101500392, 0.0442484244704, 0.0718690603971, 0.0394839867949, 0.00206553842872, 0.000656405463815, 0.00106877856888, 0.0082677565515, 0.0139533029869, 0.024212334305, 0.0215384587646], "min": [0, 0, 0, 0, 0, 0, 0, 0, 0, 0, 0, 0, 0, 0, 0, 0, 0, 0, 0, 0, 0, 0, 0, 0, 0, 0, 0, 0, 0, 0, 0, 0, 0, 0, 0, 0], "dvar2": [0.0851053670049, 0.0713484957814, 0.0478963144124, 0.047874443233, 0.0499206371605, 0.0622482970357, 0.0699506402016, 0.0623125173151, 0.052754200995, 0.0493387579918, 0.0624217838049, 0.0702359899879, 0.0760467350483, 0.0553373731673, 0.0492770373821, 0.0462319254875, 0.0330784320831, 0.0241601709276, 0.0233194511384, 0.0347668491304, 0.0530150905252, 0.0547313950956, 0.0612284392118, 0.0598469227552, 0.0557626523077, 0.0583086311817, 0.0923127382994, 0.0735435113311, 0.0831604227424, 0.0652902796865, 0.0520436577499, 0.0641137436032, 0.0753752663732, 0.0851688832045, 0.0874633565545, 0.102839305997], "dvar": [0.0374679416418, 0.0295856390148, 0.0188553854823, 0.0177720170468, 0.0191451497376, 0.0255311634392, 0.0307886768132, 0.0261070989072, 0.0200995989144, 0.0182989574969, 0.0226921532303, 0.0290603097528, 0.0334125421941, 0.0217273943126, 0.0188692174852, 0.0192213729024, 0.0127921411768, 0.00874127820134, 0.0085819773376, 0.0132903046906, 0.0214561074972, 0.0233108960092, 0.022968115285, 0.0239495895803, 0.0221336297691, 0.0209026392549, 0.0347582995892, 0.0339727438986, 0.0309514794499, 0.0237658526748, 0.018824627623, 0.0238534975797, 0.0297049414366, 0.0361626558006, 0.0339996702969, 0.0413535162807], "dmean": [0.0991415157914, 0.0849501043558, 0.047781996429, 0.0410091541708, 0.0471734255552, 0.0626531392336, 0.0710519403219, 0.0650966688991, 0.0480223149061, 0.0412040352821, 0.0534406676888, 0.077977873385, 0.0861753895879, 0.0709861218929, 0.0505480132997, 0.0425834991038, 0.0352328568697, 0.0270175226033, 0.0290322508663, 0.0385041572154, 0.0542862005532, 0.0610158927739, 0.0625081583858, 0.0617494285107, 0.0559518076479, 0.0625704005361, 0.106463447213, 0.0885968804359, 0.10055231303, 0.0542705841362, 0.0431422702968, 0.0541377626359, 0.0776092484593, 0.0862389057875, 0.104357667267, 0.113904587924], "max": [1, 1, 1, 1, 1, 1, 1, 1, 1, 1, 1, 1, 1, 1, 1, 1, 1, 1, 1, 1, 1, 1, 1, 1, 1, 1, 1, 1, 1, 1, 1, 1, 1, 1, 1, 1], "var": [0.126620516181, 0.0482155568898, 0.0211901869625, 0.0191886126995, 0.0210560895503, 0.0393288619816, 0.0612590759993, 0.0408776476979, 0.0202705562115, 0.0153592266142, 0.0204715821892, 0.0505799017847, 0.083790756762, 0.0338794104755, 0.0397862941027, 0.0635285153985, 0.0194859597832, 0.00854151882231, 0.0110617745668, 0.0142955239862, 0.0349056050181, 0.0501176007092, 0.0305694360286, 0.032146602869, 0.0277441032231, 0.0187443960458, 0.078880675137, 0.179557770491, 0.0647329762578, 0.0193162225187, 0.0143270259723, 0.0208978746086, 0.0498159117997, 0.0921426489949, 0.052666913718, 0.0972743853927], "mean": [0.233537480235, 0.118779562414, 0.0470202453434, 0.0406046807766, 0.0453968383372, 0.0798466950655, 0.108999013901, 0.0812779515982, 0.0445203408599, 0.034159578383, 0.0462000370026, 0.123596020043, 0.176050677896, 0.10432779789, 0.0789026916027, 0.0937544927001, 0.049005497247, 0.0316770300269, 0.0410619862378, 0.0431868396699, 0.0771961137652, 0.102906502783, 0.0762491300702, 0.0649310126901, 0.0568867921829, 0.0537843257189, 0.215386494994, 0.348989874125, 0.193500027061, 0.04321436584, 0.0326701030135, 0.0453988946974, 0.112046577036, 0.162873998284, 0.138748258352, 0.20006904006]}, "tuning_equal_tempered_deviation": 0.0313687250018, "chords_changes_rate": 0.0579169355333, "key_key": "F#", "tuning_diatonic_strength": 0.52958714962, "key_scale": "minor", "chords_number_rate": 0.00210902001709, "tuning_frequency": 440.508636475, "tuning_nontempered_energy_ratio": 0.678760230541, "chords_histogram": [24.5944194794, 22.4853992462, 4.33160305023, 3.24464631081, 3.69889688492, 8.22517871857, 0.0162232313305, 7.57624912262, 0.0648929253221, 1.89811813831, 2.75794935226, 3.22842311859, 0.648929238319, 0, 0.0162232313305, 0.551589906216, 0.0486696958542, 0.113562621176, 1.57365345955, 0.340687870979, 0.0162232313305, 0.713822185993, 2.35236859322, 11.5022716522], "key_strength": 0.736661672592, "chords_key": "F#", "chords_strength": {"dmean2": 0.0085323061794, "median": 0.531769394875, "min": -1, "dvar2": 0.000651204260066, "dvar": 0.000382166908821, "dmean": 0.00993766821921, "max": 0.826064050198, "var": 0.0326462872326, "mean": 0.520759105682}, "chords_scale": "minor", "hpcp_entropy": {"dmean2": 0.832726061344, "median": 1.57934713364, "min": 0, "dvar2": 0.582116484642, "dvar": 0.234836578369, "dmean": 0.492679536343, "max": 4.64272642136, "var": 0.586252510548, "mean": 1.54533970356}}, "metadata": {"audio_properties": {"equal_loudness": 0, "codec": "mp3", "downmix": "mix", "sample_rate": 44100, "analysis_sample_rate": 44100, "bit_rate": 320000, "md5_encoded": "c450edcd1cf1fc1ef2afa302a7c8a6c0", "length": 286.171417236, "replay_gain": -13.6422576904, "lossless": false}, "version": {"essentia_build_sha": "2d9f1f26377add8aeb1075a9c2973f962c4f09fd", "essentia": "2.1-beta2", "extractor": "music 1.0", "essentia_git_sha": "v2.1_beta2-1-ge3940c0"}, "tags": {"title": ["Halfway Home"], "media": ["CD"], "albumartist": ["Jason Mraz"], "length": ["286173"], "musicbrainz_recordingid": ["0c9d85ea-effc-49d2-80ac-ee3f26c9fc0d"], "musicbrainz_albumartistid": ["82eb8936-7bf6-4577-8320-a2639465206d"], "originalyear": ["2001"], "album": ["Live"], "musicbrainz album release country": ["US"], "musicbrainz album type": ["album; live"], "musicbrainz album status": ["official"], "file_name": "15 - Hey Love.mp3", "asin": ["B000225PZG"], "date": ["2001", "2001"], "genre": ["Singer-Songwriter"], "musicbrainz_releasegroupid": ["e71b8d39-5f2c-3313-a861-6c889a801eb7"], "script": ["Latn"], "originaldate": ["2001", "2001"], "musicbrainz_albumid": ["9f0404da-8bac-4ceb-b134-d2f273db464a"], "artist": ["Jason Mraz"], "artistsort": ["Mraz, Jason"], "tracknumber": ["8/15"], "label": ["US"], "albumartistsort": ["Mraz, Jason"], "acoustid_id": ["6f1cf0fb-86a9-457e-bc67-77b0a3bd6284"], "musicbrainz_artistid": ["82eb8936-7bf6-4577-8320-a2639465206d"]}}, "rhythm": {"bpm_histogram_first_peak_bpm": {"dmean2": 0, "median": 120, "min": 120, "dvar2": 0, "dvar": 0, "dmean": 0, "max": 120, "var": 0, "mean": 120}, "bpm": 119.787963867, "bpm_histogram_second_peak_spread": {"dmean2": 0, "median": 0.249999985099, "min": 0.249999985099, "dvar2": 0, "dvar": 0, "dmean": 0, "max": 0.249999985099, "var": 0, "mean": 0.249999985099}, "bpm_histogram_first_peak_weight": {"dmean2": 0, "median": 0.124386250973, "min": 0.124386250973, "dvar2": 0, "dvar": 0, "dmean": 0, "max": 0.124386250973, "var": 0, "mean": 0.124386250973}, "onset_rate": 3.14131426811, "beats_position": [0.522448956966, 1.01006805897, 1.48607707024, 1.9620860815, 2.43809509277, 2.91410422325, 3.3785033226, 3.84290242195, 4.3073015213, 4.78331041336, 5.24770975113, 5.70049858093, 6.15328788757, 6.60607719421, 7.05886602402, 7.52326536179, 7.99927425385, 8.47528362274, 8.93968200684, 9.41569137573, 9.89170074463, 10.3677091599, 10.8437185287, 11.3081178665, 11.7841272354, 12.2601356506, 12.7361450195, 13.2237634659, 13.6997728348, 14.1873922348, 14.6982307434, 15.2206802368, 15.7315187454, 16.2307472229, 16.7299766541, 17.2292060852, 17.7284355164, 18.1696147919, 18.6340141296, 19.0868015289, 19.5163707733, 19.9459400177, 20.3871192932, 20.8050785065, 21.2230377197, 21.6526069641, 22.0821762085, 22.430475235, 22.7787742615, 23.1270751953, 23.4637641907, 23.8236732483, 24.1835823059, 24.5551013947, 24.9382305145, 25.4374599457, 25.9366893768, 26.4475269318, 26.958366394, 27.4575958252, 27.9568252563, 28.4560546875, 28.9552822113, 29.4545116425, 29.9537410736, 30.4529705048, 30.9521980286, 31.4398174286, 31.9274368286, 32.4266662598, 32.8330154419, 33.239364624, 33.6457138062, 34.0636711121, 34.4584121704, 34.8647613525, 35.2827186584, 35.7006797791, 36.1070289612, 36.5133781433, 36.9197273254, 37.2680282593, 37.6047172546, 37.94140625, 38.2897033691, 38.638004303, 38.9746932983, 39.3113822937, 39.6596832275, 39.9963722229, 40.3214492798, 40.6581382751, 40.9832191467, 41.3199081421, 41.7726974487, 42.2254867554, 42.678276062, 43.1426734924, 43.6070747375, 44.071472168, 44.5358734131, 44.9886627197, 45.4414520264, 45.8826293945, 46.3354187012, 46.7882080078, 47.2526054382, 47.6589546204, 48.0653038025, 48.4716529846, 48.866394043, 49.2611312866, 49.655872345, 50.0622215271, 50.5614509583, 51.0606803894, 51.5482978821, 52.0475273132, 52.5467567444, 53.0575942993, 53.5452156067, 54.0328330994, 54.5320625305, 55.0312919617, 55.5305213928, 56.0413589478, 56.5522003174, 57.0514259338, 57.550655365, 58.0731048584, 58.6071662903, 59.1412239075, 59.5591812134, 59.977142334, 60.3950996399, 60.8130607605, 61.2310180664, 61.6721992493, 62.1017684937, 62.531337738, 62.9725151062, 63.4020843506, 63.831653595, 64.2496109009, 64.6675720215, 65.0855331421, 65.5963668823, 66.107208252, 66.6180496216, 67.1172790527, 67.6281204224, 68.1273422241, 68.6149673462, 69.1025848389, 69.5902023315, 70.0662155151, 70.5422210693, 71.029838562, 71.5174560547, 72.0050811768, 72.4926986694, 73.0151443481, 73.5375976563, 74.0716552734, 74.5941009521, 75.1165542603, 75.638999939, 76.1614532471, 76.6838989258, 77.2063446045, 77.7171859741, 78.2280273438, 78.738861084, 79.2845306396, 79.8302001953, 80.3874816895, 80.9447631836, 81.5020370483, 82.0593185425, 82.6166000366, 83.1738739014, 83.7311553955, 84.2884368896, 84.8341064453, 85.3913803101, 85.9370498657, 86.4943313599, 87.0400009155, 87.5856704712, 88.2126083374, 88.8279342651, 89.4432601929, 90.05859375, 90.6739196777, 91.2660293579, 91.8813552856, 92.3689804077, 92.8682098389, 93.36743927, 93.8666687012, 94.3658905029, 94.853515625, 95.3411331177, 95.8287506104, 96.3279800415, 96.8388214111, 97.3380508423, 97.8488845825, 98.3597259521, 98.8705673218, 99.381401062, 99.9270706177, 100.472740173, 101.018409729, 101.540863037, 102.063308716, 102.574150085, 103.096595764, 103.595825195, 104.095054626, 104.582672119, 105.093513489, 105.581130981, 106.080360413, 106.591201782, 107.102035522, 107.624488831, 108.146934509, 108.692604065, 109.249885559, 109.795555115, 110.329612732, 110.863670349, 111.386123657, 111.931785583, 112.477455139, 113.034736633, 113.592018127, 114.149291992, 114.660133362, 115.170974731, 115.705032349, 116.122993469, 116.54094696, 116.958908081, 117.353645325, 117.748390198, 118.143127441, 118.549476624, 118.944213867, 119.327346802, 119.722084045, 120.10521698, 120.511566162, 120.894691467, 121.277824402, 121.649337769, 122.009246826, 122.369155884, 122.717460632, 123.07736969, 123.402442932, 123.739135742, 124.075828552, 124.389297485, 124.714370728, 125.085891724, 125.45741272, 125.828933716, 126.212059021, 126.595191956, 126.966712952, 127.361450195, 127.756187439, 128.162536621, 128.568893433, 128.963623047, 129.35836792, 129.753097534, 130.171066284, 130.589019775, 130.983764648, 131.378494263, 131.773239136, 132.15637207, 132.574325562, 132.992294312, 133.398635864, 133.863037109, 134.327438354, 134.7918396, 135.267837524, 135.743850708, 136.219863892, 136.74230957, 137.253143311, 137.752380371, 138.367706299, 138.983032227, 139.598358154, 140.167251587, 140.73614502, 141.316635132, 141.897140503, 142.477645874, 143.058135986, 143.638641357, 144.207519531, 144.776412964, 145.356918335, 145.844528198, 146.320541382, 146.808166504, 147.307388306, 147.806625366, 148.305847168, 148.805084229, 149.30430603, 149.791931152, 150.291152954, 150.790390015, 151.289611816, 151.788833618, 152.288070679, 152.78729248, 153.286529541, 153.797363281, 154.30821228, 154.807434082, 155.318267822, 155.829116821, 156.339950562, 156.850784302, 157.384857178, 157.895690918, 158.406524658, 158.917373657, 159.428207397, 159.927429199, 160.415054321, 160.914276123, 161.401901245, 161.912734985, 162.411972046, 162.911193848, 163.410430908, 163.898040771, 164.385665894, 164.861679077, 165.372512817, 165.883346558, 166.394195557, 166.905029297, 167.439086914, 167.949935913, 168.449157715, 168.959991455, 169.459228516, 169.958450317, 170.457687378, 170.95690918, 171.479354858, 172.001815796, 172.524261475, 173.046707153, 173.569152832, 174.196090698, 174.811431885, 175.426757813, 176.04208374, 176.657409668, 177.14503479, 177.644256592, 178.143493652, 178.654327393, 179.176773071, 179.68762207, 180.210067749, 180.732513428, 181.30140686, 181.870285034, 182.439178467, 182.984848022, 183.530517578, 184.087799072, 184.621856689, 185.179138184, 185.736419678, 186.270477295, 186.781311035, 187.303756714, 187.826202393, 188.34866333, 188.85949707, 189.370330811, 189.892791748, 190.415237427, 190.937683105, 191.471740723, 191.982574463, 192.481811523, 192.981033325, 193.468658447, 193.967880249, 194.46711731, 194.966339111, 195.488800049, 195.999633789, 196.510467529, 197.021316528, 197.52053833, 198.042984009, 198.553833008, 199.064666748, 199.47102356, 199.877365112, 200.283721924, 200.6668396, 201.061584473, 201.456329346, 201.85105896, 202.245803833, 202.640533447, 203.03527832, 203.406799316, 203.789932251, 204.184661865, 204.5677948, 204.939315796, 205.310836792, 205.682357788, 206.065490723, 206.448608398, 206.820129395, 207.180038452, 207.53994751, 207.923080444, 208.329421997, 208.747390747, 209.142120361, 209.536865234, 209.919998169, 210.303131104, 210.686248779, 211.022949219, 211.359634399, 211.69631958, 212.033004761, 212.3697052, 212.694778442, 213.019866943, 213.356552124, 213.693237305, 214.053146362, 214.41305542, 214.749740601, 215.098052979, 215.434738159, 215.77142334, 216.119720459, 216.45640564, 216.804718018, 217.141403198, 217.501312256, 217.849609375, 218.197906494, 218.56942749, 218.929336548, 219.289245605, 219.660766602, 220.020675659, 220.380584717, 220.740493774, 221.100402832, 221.471923828, 221.843444824, 222.21496582, 222.586486816, 222.981216431, 223.387573242, 223.770706177, 224.142211914, 224.571792603, 225.024581909, 225.477371216, 225.976593018, 226.46421814, 226.951828003, 227.439453125, 227.938674927, 228.449523926, 228.948745728, 229.459594727, 229.970428467, 230.44644165, 230.934051514, 231.433288574, 231.955734253, 232.454956055, 232.942581177, 233.430206299, 233.917816162, 234.405441284, 235.009155273, 235.612869263, 236.228210449, 236.866760254, 237.516906738, 238.167068481, 238.817230225, 239.467391968, 240.117553711, 240.802536011, 241.487518311, 242.160903931, 242.76461792, 243.368347168, 243.983673096, 244.575775146, 245.167892456, 245.73677063, 246.317276001, 246.862945557, 247.385391235, 247.919448853, 248.45350647, 248.975952148, 249.498413086, 250.009246826, 250.531692505, 251.042541504, 251.541763306, 252.052597046, 252.563446045, 253.074279785, 253.585113525, 254.095962524, 254.595184326, 255.094421387, 255.593643188, 256.023223877, 256.452789307, 256.882354736, 257.311920166, 257.741485596, 258.159454346, 258.589019775, 259.018585205, 259.436553955, 259.854522705, 260.284088135, 260.725250244, 261.178039551, 261.700500488, 262.211334229, 262.722167969, 263.128509521, 263.523254395, 263.917999268, 264.32434082, 264.730712891, 265.137054443, 265.543395996, 265.938140869, 266.286437988, 266.646331787, 267.006256104, 267.3777771, 267.749298096, 268.120819092, 268.503936768, 268.863861084, 269.223754883, 269.583679199, 269.955200195, 270.326721191, 270.709838867, 271.092956543, 271.476104736, 271.859222412, 272.335235596, 272.811248779, 273.275634766, 273.716827393, 274.157989502, 274.599182129, 275.040344238, 275.493133545, 275.934326172, 276.387115479, 276.839904785, 277.292694092, 277.745483398, 278.128601074, 278.50012207, 278.871643066, 279.25479126, 279.684356689, 280.102294922, 280.520263672, 280.949829102, 281.391021729, 281.820587158, 282.261749268, 282.621673584, 282.99319458, 283.387939453, 283.794281006, 284.200622559, 284.606964111, 285.013336182, 285.419677734], "beats_loudness": {"dmean2": 0.021172253415, "median": 0.00549923442304, "min": 0, "dvar2": 0.000887784874067, "dvar": 0.000322974519804, "dmean": 0.0120434928685, "max": 0.0972302481532, "var": 0.00041242557927, "mean": 0.0137017117813}, "danceability": 0.929303884506, "bpm_histogram_second_peak_weight": {"dmean2": 0, "median": 0.0638297870755, "min": 0.0638297870755, "dvar2": 0, "dvar": 0, "dmean": 0, "max": 0.0638297870755, "var": 0, "mean": 0.0638297870755}, "beats_count": 612, "bpm_histogram_second_peak_bpm": {"dmean2": 0, "median": 115, "min": 115, "dvar2": 0, "dvar": 0, "dmean": 0, "max": 115, "var": 0, "mean": 115}, "bpm_histogram_first_peak_spread": {"dmean2": 0, "median": 0.577777802944, "min": 0.577777802944, "dvar2": 0, "dvar": 0, "dmean": 0, "max": 0.577777802944, "var": 0, "mean": 0.577777802944}, "beats_loudness_band_ratio": {"dmean2": [0.382858663797, 0.301344007254, 0.284830540419, 0.257517635822, 0.0847763344646, 0.0964941382408], "median": [0.27737903595, 0.222071409225, 0.114406146109, 0.0182767473161, 0.00892306864262, 0.00335137918591], "min": [0, 0, 0, 0, 0, 0], "dvar2": [0.110041923821, 0.0655382424593, 0.0789141952991, 0.115420810878, 0.0161292515695, 0.0663510933518], "dvar": [0.0485739074647, 0.0254163555801, 0.0311139188707, 0.0416982062161, 0.00648465659469, 0.022701619193], "dmean": [0.229632258415, 0.176494643092, 0.168800994754, 0.14189645648, 0.0499477908015, 0.0511613041162], "max": [0.978573560715, 0.933292686939, 0.904736816883, 0.913545966148, 0.620080649853, 0.973431110382], "var": [0.0992665961385, 0.0434824600816, 0.052249956876, 0.0386728830636, 0.00917009077966, 0.0135626010597], "mean": [0.367219507694, 0.257960110903, 0.218750119209, 0.116453379393, 0.0536842234433, 0.0342403315008]}}, "lowlevel": {"barkbands_spread": {"dmean2": 4.32894229889, "median": 5.67463684082, "min": 0.693559527397, "dvar2": 108.804145813, "dvar": 51.9935379028, "dmean": 2.85020160675, "max": 112.20905304, "var": 194.883117676, "mean": 10.2690782547}, "melbands_spread": {"dmean2": 5.67528533936, "median": 6.32956266403, "min": 0.453316032887, "dvar2": 239.010238647, "dvar": 124.418273926, "dmean": 3.83390903473, "max": 290.510772705, "var": 599.931213379, "mean": 13.989402771}, "hfc": {"dmean2": 2.29882287979, "median": 1.15422344208, "min": 1.06963902914e-16, "dvar2": 46.7735404968, "dvar": 31.4109764099, "dmean": 1.890619874, "max": 154.822433472, "var": 337.120666504, "mean": 7.99747467041}, "barkbands_kurtosis": {"dmean2": 7.42353153229, "median": 6.96208095551, "min": -1.96173739433, "dvar2": 178.308639526, "dvar": 71.9415588379, "dmean": 4.71962833405, "max": 267.629882813, "var": 338.063812256, "mean": 12.5804071426}, "gfcc": {"mean": [-188.134689331, 124.31010437, -89.1821365356, 14.225941658, -54.6430053711, 3.14906406403, -48.7846870422, 3.21388196945, -24.732131958, -8.33320713043, -13.526930809, -11.7433128357, -10.9236316681], "icov": [[0.000185752258403, -0.000409297848819, 0.000443692639237, -0.000458773138234, 0.000527515367139, -0.000507318589371, 0.000296278711176, -0.000401591154514, 0.00034897212754, -6.5073458245e-05, 0.000108243431896, 3.31733135681e-05, -6.37408011244e-05], [-0.000409297848819, 0.00172946462408, -0.00134641374461, 0.00138451193925, -0.00169635913335, 0.00157487369142, -0.000745907134842, 0.0011685519712, -0.00089087896049, 0.000823036243673, -0.000827146926895, 0.000800319190603, 0.000374653405743], [0.000443692639237, -0.00134641374461, 0.00192609545775, -0.00159009732306, 0.00140912283678, -0.00135086069349, 0.000637129531242, -0.000218856323045, 0.000192237392184, -0.000755103654228, 0.000430042797234, -0.00117191730533, -1.23515837913e-05], [-0.000458773138234, 0.00138451193925, -0.00159009732306, 0.00319796521217, -0.00198834203184, 0.00115912267938, 0.000206966447877, 0.000112016678031, -0.00118844513781, -0.00024082204618, -0.000283069908619, -3.87596519431e-05, -0.000252349855145], [0.000527515367139, -0.00169635913335, 0.00140912283678, -0.00198834203184, 0.00487789465114, -0.00179312226828, -0.000285032001557, -0.00126633758191, 5.87311915297e-05, -0.00109401694499, 0.00067008548649, -0.000436669302871, -0.00184614770114], [-0.000507318589371, 0.00157487369142, -0.00135086069349, 0.00115912267938, -0.00179312226828, 0.0052439677529, -0.00228573335335, 0.0010489358101, -0.000515044550411, -0.000537361134775, -0.000118660667795, -0.000262057466898, 0.00129581731744], [0.000296278711176, -0.000745907134842, 0.000637129531242, 0.000206966447877, -0.000285032001557, -0.00228573335335, 0.00530666066334, -0.00180025433656, 0.00140665867366, -0.000452222855529, -0.00155089155305, -0.000786814372987, 0.000949767534621], [-0.000401591154514, 0.0011685519712, -0.000218856323045, 0.000112016678031, -0.00126633758191, 0.0010489358101, -0.00180025433656, 0.00868446100503, -0.00413161609322, 0.00128313584719, -0.00122932356317, 0.000617469078861, -0.0012656779727], [0.00034897212754, -0.00089087896049, 0.000192237392184, -0.00118844513781, 5.87311915297e-05, -0.000515044550411, 0.00140665867366, -0.00413161609322, 0.00937513448298, -0.00129410740919, 0.000318290520227, 0.000942260900047, 0.000570878793951], [-6.5073458245e-05, 0.000823036243673, -0.000755103654228, -0.00024082204618, -0.00109401694499, -0.000537361134775, -0.000452222855529, 0.00128313584719, -0.00129410740919, 0.00878630764782, -0.000174030603375, -0.000238832435571, 0.000965352635831], [0.000108243431896, -0.000827146926895, 0.000430042797234, -0.000283069908619, 0.00067008548649, -0.000118660667795, -0.00155089155305, -0.00122932356317, 0.000318290520227, -0.000174030603375, 0.00941299460828, -0.000591490068473, 0.000856855418533], [3.31733135681e-05, 0.000800319190603, -0.00117191730533, -3.87596519431e-05, -0.000436669302871, -0.000262057466898, -0.000786814372987, 0.000617469078861, 0.000942260900047, -0.000238832435571, -0.000591490068473, 0.00982813630253, -0.00150044378825], [-6.37408011244e-05, 0.000374653405743, -1.23515837913e-05, -0.000252349855145, -0.00184614770114, 0.00129581731744, 0.000949767534621, -0.0012656779727, 0.000570878793951, 0.000965352635831, 0.000856855418533, -0.00150044378825, 0.0124704400077]], "cov": [[24436.9335938, 1077.15234375, -4697.1171875, -156.423828125, -1097.39624023, -24.8028049469, -588.73815918, 560.616210938, -396.743255615, -658.157043457, 26.6679058075, -840.131225586, -7.22391080856], [1077.15234375, 2213.9050293, 553.745239258, -321.960174561, 183.957672119, -227.342346191, 81.7440338135, -103.210540771, 39.6239700317, -121.877792358, 124.95451355, -110.444541931, -47.0718460083], [-4697.1171875, 553.745239258, 2612.94042969, 602.652404785, 270.479705811, 118.639854431, 22.1749820709, -182.636123657, 177.961074829, 258.17791748, -18.1023616791, 299.860046387, -9.18249225616], [-156.423828125, -321.960174561, 602.652404785, 904.616882324, 199.793548584, 48.1254501343, -125.30670166, 79.5860671997, 138.86831665, 129.76335144, -53.2978744507, 94.4062576294, 68.5927047729], [-1097.39624023, 183.957672119, 270.479705811, 199.793548584, 470.173706055, 66.8659973145, 101.546882629, 44.6295585632, 84.9596786499, 73.4688720703, 9.66123008728, 51.3997802734, 48.5719261169], [-24.8028049469, -227.342346191, 118.639854431, 48.1254501343, 66.8659973145, 380.92477417, 147.996871948, 2.39227485657, -11.3147621155, 75.0906677246, 9.3037815094, 56.3317108154, -32.0738296509], [-588.73815918, 81.7440338135, 22.1749820709, -125.30670166, 101.546882629, 147.996871948, 351.959838867, 21.8742008209, -22.5356750488, 25.9035758972, 71.2169799805, 34.5317687988, -34.6219444275], [560.616210938, -103.210540771, -182.636123657, 79.5860671997, 44.6295585632, 2.39227485657, 21.8742008209, 202.247848511, 67.107749939, -15.8325252533, 15.4930830002, -25.6832733154, 26.6141357422], [-396.743255615, 39.6239700317, 177.961074829, 138.86831665, 84.9596786499, -11.3147621155, -22.5356750488, 67.107749939, 174.986862183, 35.8679656982, -3.19055342674, 3.04486680031, 11.8471298218], [-658.157043457, -121.877792358, 258.17791748, 129.76335144, 73.4688720703, 75.0906677246, 25.9035758972, -15.8325252533, 35.8679656982, 170.617599487, -7.45778465271, 51.1965065002, -5.50423240662], [26.6679058075, 124.95451355, -18.1023616791, -53.2978744507, 9.66123008728, 9.3037815094, 71.2169799805, 15.4930830002, -3.19055342674, -7.45778465271, 130.687805176, -1.7686111927, -16.5713329315], [-840.131225586, -110.444541931, 299.860046387, 94.4062576294, 51.3997802734, 56.3317108154, 34.5317687988, -25.6832733154, 3.04486680031, 51.1965065002, -1.7686111927, 160.716629028, 13.1068181992], [-7.22391080856, -47.0718460083, -9.18249225616, 68.5927047729, 48.5719261169, -32.0738296509, -34.6219444275, 26.6141357422, 11.8471298218, -5.50423240662, -16.5713329315, 13.1068181992, 101.406776428]]}, "spectral_energyband_middle_low": {"dmean2": 0.00201593129896, "median": 0.00207487959415, "min": 1.63977171598e-22, "dvar2": 2.5393685064e-05, "dvar": 1.32902705445e-05, "dmean": 0.00148192420602, "max": 0.155622124672, "var": 0.000118605392345, "mean": 0.00562177272514}, "melbands_crest": {"dmean2": 4.11864900589, "median": 16.5442123413, "min": 1.00197696686, "dvar2": 20.9895591736, "dvar": 7.73616743088, "dmean": 2.56078839302, "max": 33.5319480896, "var": 34.759513855, "mean": 17.1457805634}, "spectral_kurtosis": {"dmean2": 6.99337100983, "median": 10.5981893539, "min": -1.32031774521, "dvar2": 81.922454834, "dvar": 32.0251579285, "dmean": 4.26590538025, "max": 141.341766357, "var": 183.574966431, "mean": 14.1249647141}, "spectral_rms": {"dmean2": 0.000426711252658, "median": 0.00193239888176, "min": 3.09718526867e-12, "dvar2": 4.05541982218e-07, "dvar": 2.45022022227e-07, "dmean": 0.000312411808409, "max": 0.0128216706216, "var": 3.8877597035e-06, "mean": 0.00241513736546}, "zerocrossingrate": {"dmean2": 0.00732271326706, "median": 0.02392578125, "min": 0.00390625, "dvar2": 0.000231751793763, "dvar": 0.000211963866604, "dmean": 0.00635664956644, "max": 0.53076171875, "var": 0.00451405346394, "mean": 0.0406802520156}, "silence_rate_60dB": {"dmean2": 0.104511521757, "median": 0, "min": 0, "dvar2": 0.107044272125, "dvar": 0.0495196282864, "dmean": 0.052251521498, "max": 1, "var": 0.247275292873, "mean": 0.447833836079}, "erbbands_kurtosis": {"dmean2": 2.74768233299, "median": 2.41745376587, "min": -1.86213231087, "dvar2": 17.1947250366, "dvar": 7.38789510727, "dmean": 1.77413022518, "max": 79.0509796143, "var": 33.4915275574, "mean": 4.12653303146}, "erbbands": {"dmean2": [0.00241770083085, 0.0719895064831, 0.524661660194, 0.596256732941, 2.19378256798, 2.17236733437, 2.47603273392, 1.79743361473, 3.12578988075, 5.2725777626, 11.6795053482, 15.2172613144, 12.8157567978, 5.36820983887, 15.900270462, 8.42152690887, 8.65587425232, 12.1354188919, 8.54625701904, 7.65014648438, 3.68077945709, 2.0682528019, 2.4396033287, 1.22043097019, 1.04077804089, 1.88421881199, 0.505927920341, 0.254760414362, 0.38831743598, 0.413498103619, 0.478636622429, 0.542419493198, 0.422648996115, 0.123845897615, 0.0508853048086, 0.0113402968273, 0.00207949918695, 0.000312647520332, 2.54544193012e-05, 4.11983728554e-06], "median": [0.000812401180156, 0.0539495386183, 0.414912521839, 0.354209989309, 0.778442084789, 1.91801333427, 1.84612798691, 0.973918676376, 1.07903122902, 0.751470327377, 0.711372733116, 0.614357173443, 0.344352781773, 0.294786214828, 0.219086199999, 0.184358716011, 0.209539860487, 0.234751060605, 0.233583420515, 0.187201485038, 0.169644474983, 0.17510175705, 0.143471449614, 0.0685580894351, 0.0687727630138, 0.0868276804686, 0.0376711934805, 0.0106489052996, 0.00795825850219, 0.0131926070899, 0.0181398764253, 0.0231306888163, 0.0140499155968, 0.00437963940203, 0.00168075726833, 0.000549105694517, 0.000167246209458, 3.22036830767e-05, 3.28889427692e-06, 4.56716134067e-06], "min": [4.74978546842e-23, 1.61945684373e-22, 8.19532019164e-22, 3.93849527867e-21, 6.59738980954e-21, 2.67511647972e-20, 4.49404641861e-20, 6.55927923996e-20, 1.30763231548e-19, 1.32341130266e-19, 2.02721159374e-19, 2.64628002653e-19, 5.44659193986e-19, 7.1305362456e-19, 9.63977364113e-19, 9.74819220402e-19, 1.41512787405e-18, 1.78415144668e-18, 1.16540638982e-18, 2.92225126032e-18, 2.80979915797e-18, 3.89040743749e-18, 4.82110349985e-18, 6.14290296353e-18, 7.07456806798e-18, 5.29199591588e-18, 8.75582424352e-18, 7.75887556359e-18, 1.08142375553e-17, 1.10298248111e-17, 1.10669734924e-17, 1.05972631175e-17, 9.31579904844e-18, 7.92538205781e-18, 5.76714417616e-18, 4.22525056304e-18, 2.0847182756e-18, 8.88746114582e-19, 2.51257196738e-19, 2.5799448266e-20], "dvar2": [0.000340367318131, 0.0682772696018, 1.59946799278, 1.8942886591, 45.8519287109, 23.8169975281, 69.5593109131, 127.538612366, 134.902297974, 454.702209473, 3096.4140625, 7688.51416016, 6077.71289063, 688.575439453, 11095.46875, 1965.35754395, 3282.75439453, 5578.43017578, 1964.12939453, 2385.7746582, 268.524902344, 62.9885673523, 87.3312606812, 25.3655071259, 19.9868564606, 70.0087966919, 5.21914720535, 5.37070131302, 11.5135087967, 8.55834770203, 16.2058639526, 18.7337532043, 11.1769866943, 0.911652565002, 0.132386177778, 0.00517009338364, 0.000141812255606, 3.1717404454e-06, 3.94573120843e-08, 1.09708638008e-10], "dvar": [0.000116056507977, 0.0244544893503, 0.488553196192, 1.00571894646, 23.3997840881, 10.3959321976, 27.9639968872, 55.1227035522, 67.5830307007, 282.91973877, 1963.35400391, 3853.37084961, 4061.2434082, 517.988098145, 6605.02978516, 1612.38867188, 1982.95581055, 4036.56298828, 995.866699219, 1453.30175781, 127.825386047, 31.3140468597, 42.9242134094, 14.9587574005, 14.1626291275, 47.9173240662, 2.47792768478, 2.46303772926, 5.04740476608, 3.80058908463, 7.08886957169, 9.36071777344, 5.95408153534, 0.489490866661, 0.068101786077, 0.00309906783514, 8.16369283712e-05, 1.71072861122e-06, 1.91484872403e-08, 6.02515745629e-11], "dmean": [0.00132361927535, 0.0405286103487, 0.291532963514, 0.3917144835, 1.50562226772, 1.44784915447, 1.63017404079, 1.18796515465, 2.10945367813, 3.98968219757, 9.20530128479, 11.2730283737, 10.9335184097, 4.8747549057, 12.9963493347, 7.55061531067, 6.71822595596, 10.0279092789, 6.21499252319, 5.9120593071, 2.6892311573, 1.51549267769, 1.75259459019, 0.920473277569, 0.815062522888, 1.439483881, 0.361323684454, 0.175897881389, 0.25496289134, 0.279043585062, 0.321138232946, 0.378844290972, 0.283956259489, 0.0865684822202, 0.0355346947908, 0.00834782700986, 0.00144382391591, 0.000223648647079, 1.74684464582e-05, 3.07767777485e-06], "max": [0.544263780117, 6.4393362999, 16.1483592987, 31.039182663, 169.312576294, 179.948577881, 318.024902344, 492.018310547, 424.848419189, 760.349060059, 2483.86645508, 3319.50878906, 3624.25, 1115.81640625, 3124.10229492, 1857.94946289, 3024.19335938, 3099.69628906, 1195.12792969, 2254.45678711, 463.041229248, 193.210571289, 312.227264404, 159.898773193, 228.16166687, 343.066680908, 48.3761711121, 78.3927688599, 107.972465515, 74.8510131836, 124.678565979, 149.765563965, 155.036956787, 35.8759727478, 13.9502792358, 2.40889430046, 0.480450898409, 0.0581517145038, 0.0063226185739, 0.000224841671297], "var": [8.76188350958e-05, 0.082138210535, 1.24854898453, 2.40912342072, 55.9212684631, 34.899055481, 64.3709411621, 91.782989502, 271.434051514, 1716.02453613, 12431.4628906, 17070.7949219, 36356.2148438, 2586.98583984, 30160.3300781, 10239.0703125, 7115.04980469, 18654.7128906, 3135.77001953, 4496.078125, 1209.92504883, 226.220169067, 266.248352051, 111.792175293, 88.8860549927, 236.254806519, 7.35260152817, 3.3090069294, 7.3133225441, 7.41578102112, 13.0194511414, 22.1691703796, 18.1849632263, 1.62537336349, 0.229953914881, 0.0115364389494, 0.000284965120954, 5.16239060744e-06, 3.63413192872e-08, 4.91390761415e-10], "mean": [0.00341703812592, 0.176947847009, 0.861203432083, 0.78466296196, 3.16232872009, 4.18138551712, 4.45333623886, 2.88001298904, 5.58528709412, 11.2785549164, 22.3935146332, 33.6765594482, 40.9512252808, 12.5335483551, 31.0246105194, 19.4515914917, 15.4231948853, 22.7742099762, 14.7868099213, 13.7154970169, 9.29773902893, 4.86244916916, 5.03781747818, 2.76348161697, 2.47416424751, 3.69270181656, 0.730962276459, 0.248519226909, 0.34919694066, 0.428273439407, 0.484663903713, 0.626050531864, 0.506535410881, 0.157616078854, 0.0624036043882, 0.0154566653073, 0.00283433520235, 0.000397444498958, 2.86022623186e-05, 1.26673603518e-05]}, "spectral_strongpeak": {"dmean2": 0.39456319809, "median": 0.265337407589, "min": 0, "dvar2": 0.778701543808, "dvar": 0.396285861731, "dmean": 0.265078276396, "max": 13.461432457, "var": 2.83259534836, "mean": 0.923514127731}, "spectral_energy": {"dmean2": 0.00293371709995, "median": 0.00382751971483, "min": 9.83237040061e-21, "dvar2": 4.39166142314e-05, "dvar": 2.61580389633e-05, "dmean": 0.00219200132415, "max": 0.168505102396, "var": 0.000300295534544, "mean": 0.0099637042731}, "average_loudness": 0.0216180756688, "spectral_rolloff": {"dmean2": 426.572753906, "median": 452.197265625, "min": 107.666015625, "dvar2": 1743339.875, "dvar": 807720.0625, "dmean": 251.34967041, "max": 19724.4140625, "var": 6228113, "mean": 1175.08679199}, "spectral_centroid": {"dmean2": 181.892959595, "median": 475.06060791, "min": 133.125518799, "dvar2": 162054.375, "dvar": 90093.1796875, "dmean": 128.614440918, "max": 11737.8544922, "var": 1805440.125, "mean": 859.167053223}, "pitch_salience": {"dmean2": 0.0912082120776, "median": 0.52717345953, "min": 0.0650681480765, "dvar2": 0.00976947043091, "dvar": 0.0037468157243, "dmean": 0.0569839701056, "max": 0.995978355408, "var": 0.0182893648744, "mean": 0.522237598896}, "spectral_energyband_middle_high": {"dmean2": 0.000890828378033, "median": 8.2356549683e-05, "min": 1.08715503764e-21, "dvar2": 1.08397207441e-05, "dvar": 8.71782503964e-06, "dmean": 0.000802022928838, "max": 0.0933046042919, "var": 8.82037493284e-05, "mean": 0.00300942407921}, "spectral_contrast_coeffs": {"dmean2": [0.0686361938715, 0.0582275427878, 0.0524004399776, 0.0444377698004, 0.0338175855577, 0.0219726469368], "median": [-0.589875876904, -0.68256688118, -0.756539106369, -0.79201734066, -0.820739150047, -0.846283495426], "min": [-0.983976602554, -0.986128151417, -0.997580289841, -0.9880194664, -0.989492714405, -0.966264009476], "dvar2": [0.00340632675216, 0.00285911932588, 0.00234279152937, 0.0016574455658, 0.00100280041806, 0.000443892175099], "dvar": [0.00136418221518, 0.00135350506753, 0.00123284559231, 0.000889203627594, 0.00056399469031, 0.00019987464475], "dmean": [0.0423195771873, 0.0368670187891, 0.0344532206655, 0.0292409304529, 0.022498935461, 0.0142436306924], "max": [-0.275897979736, -0.336568266153, -0.313201159239, -0.41684320569, -0.479858726263, -0.663514375687], "var": [0.00966737046838, 0.0105637414381, 0.0151617089286, 0.0101099433377, 0.00751396687701, 0.00151177949738], "mean": [-0.588612914085, -0.676822245121, -0.726202428341, -0.764760077, -0.796989560127, -0.84175914526]}, "melbands_skewness": {"dmean2": 0.96519869566, "median": 2.2954287529, "min": -2.67164516449, "dvar2": 1.66647171974, "dvar": 0.701962888241, "dmean": 0.636036515236, "max": 20.9535961151, "var": 4.07722663879, "mean": 2.56017065048}, "spectral_spread": {"dmean2": 737345.3125, "median": 3189113.75, "min": 651664.5, "dvar2": 1353840721920.0, "dvar": 717357121536, "dmean": 493027.84375, "max": 50477656, "var": 20667728658400.0, "mean": 4139538.25}, "dissonance": {"dmean2": 0.0519478581846, "median": 0.409816622734, "min": 0.143907412887, "dvar2": 0.00262551917695, "dvar": 0.000995727954432, "dmean": 0.0315566062927, "max": 0.499999850988, "var": 0.00395440729335, "mean": 0.4011054039}, "spectral_skewness": {"dmean2": 0.610261917114, "median": 2.62292075157, "min": -0.713566422462, "dvar2": 0.40666693449, "dvar": 0.179176971316, "dmean": 0.391936302185, "max": 10.0540752411, "var": 1.76714253426, "mean": 2.78685164452}, "spectral_flux": {"dmean2": 0.0189673900604, "median": 0.0182057581842, "min": 6.2272749457e-11, "dvar2": 0.00091471784981, "dvar": 0.00041826168308, "dmean": 0.0124438870698, "max": 0.357898712158, "var": 0.00130668736529, "mean": 0.0299201738089}, "spectral_contrast_valleys": {"dmean2": [0.72279715538, 0.522223830223, 0.544159889221, 0.501600861549, 0.427819550037, 0.331930845976], "median": [-8.68747901917, -8.34795188904, -9.42388725281, -9.7837677002, -9.78182220459, -12.1235437393], "min": [-28.1988487244, -27.9361171722, -27.9629898071, -27.8393497467, -27.5256328583, -27.3913097382], "dvar2": [0.454212963581, 0.231123879552, 0.252141863108, 0.238369449973, 0.207758799195, 0.165354326367], "dvar": [0.199121728539, 0.0991425290704, 0.112980850041, 0.108152456582, 0.102072820067, 0.10162203759], "dmean": [0.447462201118, 0.321833431721, 0.340278357267, 0.318148046732, 0.284236907959, 0.236712366343], "max": [-5.84285163879, -5.58735990524, -5.24869918823, -6.38959360123, -6.1006269455, -7.78004932404], "var": [5.83487844467, 5.52325439453, 5.24983739853, 5.06629991531, 5.17064237595, 4.06454515457], "mean": [-9.11917495728, -8.72607326508, -9.71592330933, -10.1122922897, -10.1500272751, -12.2850313187]}, "erbbands_flatness_db": {"dmean2": 0.0234492626041, "median": 0.224126249552, "min": 0.0546538233757, "dvar2": 0.000674214330502, "dvar": 0.000345432403265, "dmean": 0.0164874587208, "max": 0.40751901269, "var": 0.00344954291359, "mean": 0.221684187651}, "spectral_energyband_high": {"dmean2": 7.56269946578e-05, "median": 5.24359984411e-06, "min": 7.01240910263e-21, "dvar2": 1.59591593274e-07, "dvar": 8.68948362154e-08, "dmean": 5.48443022126e-05, "max": 0.0132422633469, "var": 2.78072008086e-07, "mean": 0.000112931949843}, "spectral_entropy": {"dmean2": 0.288937389851, "median": 6.38725042343, "min": 4.49085426331, "dvar2": 0.106425203383, "dvar": 0.0581005848944, "dmean": 0.20007610321, "max": 9.82752895355, "var": 0.699067652225, "mean": 6.50232696533}, "silence_rate_20dB": {"dmean2": 0, "median": 1, "min": 1, "dvar2": 0, "dvar": 0, "dmean": 0, "max": 1, "var": 0, "mean": 1}, "melbands_flatness_db": {"dmean2": 0.0327778384089, "median": 0.318099319935, "min": -3.45145423353e-07, "dvar2": 0.00152809952851, "dvar": 0.000733977998607, "dmean": 0.0223331972957, "max": 0.612288355827, "var": 0.0107654593885, "mean": 0.32139262557}, "barkbands": {"dmean2": [2.26282395488e-06, 0.000228053017054, 0.00050831574481, 0.000279411440715, 0.0007141813403, 0.000221753303776, 0.000248527241638, 0.000471364241093, 0.000753596192226, 0.000236074498389, 0.000318311736919, 0.000353110604919, 0.000275396858342, 0