{"metadata": {"tags": {"catalognumber": ["60001"], "asin": ["B00005K2A8"], "album": ["Estate"], "musicbrainz album type": ["album"], "script": ["Latn"], "albumartistsort": ["Michel Petrucciani Trio, The"], "musicbrainz_artistid": ["740b1ced-cb28-4b97-8c84-7c2c3c29fe75"], "musicbrainz_releasegroupid": ["527b5f13-b010-3929-b61c-294430e72ccc"], "musicbrainz_recordingid": ["0c9e9a13-41f6-4372-8a81-f11dfe773ba8"], "albumartist": ["The Michel Petrucciani Trio"], "musicbrainz album status": ["official"], "artist": ["The Michel Petrucciani Trio"], "musicbrainz_albumid": ["85d656e1-64cd-4e2f-a764-d0c95c9ccee8"], "artistsort": ["Michel Petrucciani Trio, The"], "title": ["Estate"], "tracknumber": ["3/7"], "musicbrainz_albumartistid": ["740b1ced-cb28-4b97-8c84-7c2c3c29fe75"], "encoding": ["Lavf56.36.100"], "discnumber": ["1/1"], "date": ["2014"], "media": ["CD"], "file_name": "Michel Petrucciani Trio - Estate.mp3"}, "audio_properties": {"sample_rate": 44100, "downmix": "mix", "lossless": false, "analysis_sample_rate": 44100, "md5_encoded": "5f54d5b0106db12a957214367bfc29ae", "equal_loudness": 0, "replay_gain": -0.292858123779, "codec": "mp3", "bit_rate": 160012, "length": 348.029388428}, "version": {"extractor": "music 1.0", "essentia_build_sha": "70f2e5ece6736b2c40cc944ad0e695b16b925413", "essentia_git_sha": "v2.1_beta2", "essentia": "2.1-beta2"}}, "rhythm": {"beats_loudness_band_ratio": {"dvar2": [0.121609039605, 0.0643250569701, 0.0717120394111, 0.0859771445394, 0.0132178487256, 0.0831143409014], "var": [0.0759124606848, 0.0341513156891, 0.0324014425278, 0.0290184058249, 0.00462594535202, 0.0403775759041], "min": [0.00165228021797, 0.00236609391868, 0.000707256316673, 0.000122286684928, 0.000103851263702, 0.000527882308234], "dmean": [0.275397360325, 0.160199135542, 0.143785774708, 0.0907955542207, 0.0282051190734, 0.174211755395], "mean": [0.432899028063, 0.202105209231, 0.141401648521, 0.0815077647567, 0.0233211200684, 0.156378895044], "max": [0.983558356762, 0.803806066513, 0.876313567162, 0.984483003616, 0.946897447109, 0.922126114368], "dmean2": [0.474548786879, 0.277137100697, 0.254677802324, 0.167077198625, 0.0500062294304, 0.295629799366], "median": [0.398447692394, 0.138676971197, 0.0630931705236, 0.0225759521127, 0.00665569119155, 0.0629427060485], "dvar": [0.0436803437769, 0.0232285261154, 0.027757640928, 0.030962465331, 0.00534553220496, 0.037264700979]}, "bpm_histogram_first_peak_weight": {"dvar2": 0, "var": 0, "min": 0.335974633694, "dmean": 0, "mean": 0.335974633694, "max": 0.335974633694, "dmean2": 0, "median": 0.335974633694, "dvar": 0}, "bpm": 109.067527771, "beats_count": 632, "bpm_histogram_first_peak_spread": {"dvar2": 0, "var": 0, "min": 0.5867446661, "dmean": 0, "mean": 0.5867446661, "max": 0.5867446661, "dmean2": 0, "median": 0.5867446661, "dvar": 0}, "danceability": 1.07309615612, "bpm_histogram_first_peak_bpm": {"dvar2": 0, "var": 0, "min": 110, "dmean": 0, "mean": 110, "max": 110, "dmean2": 0, "median": 110, "dvar": 0}, "beats_position": [0.580498874187, 1.17260766029, 1.764716506, 2.34521532059, 2.92571425438, 3.50621318817, 4.08671188354, 4.65560102463, 5.23609972, 5.81659841537, 6.39709758759, 6.97759628296, 7.55809497833, 8.13859367371, 8.6958732605, 9.25315189362, 9.81043052673, 10.379319191, 10.9365987778, 11.505487442, 12.051156044, 12.6084346771, 13.1541042328, 13.6997728348, 14.2338323593, 14.7678909302, 15.3135595322, 15.8592290878, 16.4165077209, 16.9737873077, 17.5310649872, 18.088344574, 18.6572322845, 19.2261219025, 19.7950115204, 20.363899231, 20.9211788177, 21.4784584045, 22.035736084, 22.5930156708, 23.1502952576, 23.707572937, 24.2648525238, 24.8221302032, 25.37940979, 25.9366893768, 26.4939670563, 27.0512466431, 27.6085262299, 28.1541938782, 28.6998634338, 29.2571430206, 29.8144207001, 30.3717002869, 30.9289798737, 31.474647522, 32.0203170776, 32.5775947571, 33.1348762512, 33.6921539307, 34.2378234863, 34.7951011658, 35.3407707214, 35.8980484009, 36.455329895, 37.0126075745, 37.5698852539, 38.1387748718, 38.7076644897, 39.2765541077, 39.8454399109, 40.4143295288, 40.9832191467, 41.5521087646, 42.1326065063, 42.713104248, 43.2703857422, 43.8392753601, 44.3849411011, 44.9306106567, 45.4762802124, 46.0219497681, 46.5792274475, 47.1365089417, 47.6937866211, 48.2510643005, 48.8199539185, 49.3888435364, 49.9461212158, 50.5150108337, 51.0722885132, 51.6411781311, 52.1984558105, 52.7557373047, 53.3130149841, 53.8702926636, 54.4275741577, 54.9732398987, 55.5189094543, 56.0761909485, 56.6218566895, 57.1675262451, 57.7131958008, 58.2588653564, 58.8045349121, 59.3502044678, 59.8958702087, 60.4415397644, 60.9988212585, 61.556098938, 62.1133766174, 62.6706581116, 63.227935791, 63.7852134705, 64.3424911499, 64.899772644, 65.4338302612, 65.9794998169, 66.5135574341, 67.0592269897, 67.6048965454, 68.1505661011, 68.6962356567, 69.2419052124, 69.7991790771, 70.3564605713, 70.9137420654, 71.4710159302, 72.0282974243, 72.5855789185, 73.1428527832, 73.7117462158, 74.2690200806, 74.8379135132, 75.4067993164, 75.975692749, 76.5329666138, 77.0902481079, 77.6475296021, 78.2048034668, 78.7736968994, 79.3425827026, 79.8998641968, 80.4571380615, 81.0144195557, 81.5717010498, 82.1289749146, 82.6978683472, 83.2551422119, 83.8240356445, 84.3929214478, 84.9502029419, 85.5190887451, 86.0763702393, 86.6336517334, 87.1793212891, 87.7365951538, 88.3054885864, 88.8859863281, 89.4432601929, 90.0121536255, 90.5810394287, 91.1383209229, 91.695602417, 92.2644882202, 92.8333740234, 93.3906555176, 93.9479370117, 94.5052108765, 95.0741043091, 95.6429901123, 96.2002716064, 96.7575454712, 97.3264389038, 97.895324707, 98.4642181396, 99.0331039429, 99.590385437, 100.15927124, 100.728164673, 101.285438538, 101.842720032, 102.411605835, 102.968887329, 103.537773132, 104.106666565, 104.675552368, 105.244445801, 105.801719666, 106.370613098, 106.927886963, 107.485168457, 108.042449951, 108.599723816, 109.15700531, 109.702674866, 110.248344421, 110.805618286, 111.36289978, 111.931785583, 112.500679016, 113.081176758, 113.650062561, 114.218955994, 114.787841797, 115.356735229, 115.914009094, 116.471290588, 117.028572083, 117.585845947, 118.143127441, 118.688796997, 119.234466553, 119.780136108, 120.337409973, 120.883079529, 121.440361023, 121.997642517, 122.554916382, 123.112197876, 123.66947937, 124.226753235, 124.784034729, 125.329704285, 125.87537384, 126.432647705, 126.989929199, 127.535598755, 128.081268311, 128.626937866, 129.172607422, 129.741500854, 130.310379028, 130.867660522, 131.436553955, 132.005432129, 132.574325562, 133.143218994, 133.700500488, 134.269378662, 134.838272095, 135.395553589, 135.952835083, 136.510116577, 137.055786133, 137.613052368, 138.170333862, 138.727615356, 139.273284912, 139.830566406, 140.3878479, 140.945129395, 141.490783691, 142.036453247, 142.593734741, 143.139404297, 143.685073853, 144.242355347, 144.811248779, 145.380126953, 145.925796509, 146.471466064, 147.01713562, 147.562805176, 148.108474731, 148.654144287, 149.199813843, 149.745483398, 150.291152954, 150.83682251, 151.370880127, 151.916549683, 152.462219238, 153.019500732, 153.576782227, 154.122451782, 154.679718018, 155.225387573, 155.771057129, 156.316726685, 156.86239624, 157.408065796, 157.96534729, 158.522628784, 159.06829834, 159.613967896, 160.148025513, 160.693695068, 161.239364624, 161.796646118, 162.365524292, 162.934417725, 163.491699219, 164.048980713, 164.606262207, 165.163528442, 165.720809937, 166.278091431, 166.823760986, 167.38104248, 167.926712036, 168.460769653, 169.018051147, 169.563720703, 170.109390259, 170.643447876, 171.177505493, 171.71156311, 172.245620728, 172.779678345, 173.3253479, 173.859405518, 174.405075073, 174.950744629, 175.496414185, 176.04208374, 176.599365234, 177.156646729, 177.713912964, 178.25958252, 178.805252075, 179.350921631, 179.908203125, 180.453872681, 180.999542236, 181.55682373, 182.114105225, 182.671386719, 183.217056274, 183.762710571, 184.308380127, 184.854049683, 185.399719238, 185.945388794, 186.479446411, 187.013504028, 187.559173584, 188.10484314, 188.650512695, 189.196182251, 189.730239868, 190.264297485, 190.798370361, 191.332427979, 191.878097534, 192.42376709, 192.981033325, 193.526702881, 194.083984375, 194.629653931, 195.186935425, 195.744216919, 196.301498413, 196.83555603, 197.369613647, 197.903671265, 198.44934082, 198.995010376, 199.540679932, 200.074737549, 200.620407104, 201.154464722, 201.688522339, 202.222579956, 202.768249512, 203.313919067, 203.847976685, 204.382034302, 204.927703857, 205.473373413, 206.00743103, 206.541488647, 207.075546265, 207.609603882, 208.155273438, 208.700942993, 209.23500061, 209.792282104, 210.33795166, 210.883621216, 211.429290771, 211.974960327, 212.520629883, 213.066299438, 213.600357056, 214.146026611, 214.691696167, 215.225753784, 215.77142334, 216.317092896, 216.862762451, 217.396820068, 217.942489624, 218.476547241, 219.022216797, 219.567886353, 220.113555908, 220.647613525, 221.193283081, 221.727340698, 222.261398315, 222.795455933, 223.32951355, 223.863571167, 224.386032104, 224.93170166, 225.477371216, 226.023040771, 226.580307007, 227.137588501, 227.683258057, 228.228927612, 228.774597168, 229.320266724, 229.854324341, 230.388381958, 230.922439575, 231.456497192, 231.97895813, 232.501403809, 233.035461426, 233.581130981, 234.126800537, 234.660858154, 235.194915771, 235.728973389, 236.274642944, 236.808700562, 237.354370117, 237.900039673, 238.445709229, 238.979766846, 239.513824463, 240.036270142, 240.558731079, 241.092788696, 241.603622437, 242.126068115, 242.648529053, 243.18258667, 243.705032349, 244.239089966, 244.784759521, 245.318817139, 245.864486694, 246.41015625, 246.955825806, 247.501495361, 248.035552979, 248.581222534, 249.12689209, 249.660949707, 250.195007324, 250.74067688, 251.274734497, 251.808792114, 252.342849731, 252.888519287, 253.422576904, 253.96824646, 254.525527954, 255.082809448, 255.640090942, 256.208984375, 256.777862549, 257.346740723, 257.915649414, 258.484527588, 259.041809082, 259.599090576, 260.15637207, 260.713653564, 261.282531738, 261.839813232, 262.408691406, 262.9659729, 263.523254395, 264.092163086, 264.66104126, 265.218322754, 265.775604248, 266.332885742, 266.913360596, 267.47064209, 268.027923584, 268.585205078, 269.15411377, 269.711364746, 270.257049561, 270.814331055, 271.371612549, 271.917266846, 272.47454834, 273.020233154, 273.577514648, 274.134765625, 274.680450439, 275.226104736, 275.760162354, 276.305847168, 276.851501465, 277.385559082, 277.931243896, 278.465301514, 279.010955811, 279.545043945, 280.090698242, 280.636352539, 281.182037354, 281.72769165, 282.284973145, 282.830657959, 283.387939453, 283.93359375, 284.479278564, 285.024932861, 285.582214355, 286.12789917, 286.661956787, 287.207611084, 287.753295898, 288.298950195, 288.856231689, 289.413513184, 289.947570801, 290.481628418, 291.015686035, 291.549743652, 292.07220459, 292.59463501, 293.117095947, 293.651153564, 294.173614502, 294.707672119, 295.253326416, 295.81060791, 296.367889404, 296.913543701, 297.459228516, 298.004882812, 298.550567627, 299.096221924, 299.641906738, 300.187561035, 300.73324585, 301.278900146, 301.824584961, 302.370239258, 302.904296875, 303.449981689, 303.995635986, 304.541320801, 305.086975098, 305.644256592, 306.178314209, 306.723999023, 307.26965332, 307.826934814, 308.372589111, 308.918273926, 309.452331543, 309.98638916, 310.520446777, 311.054504395, 311.588562012, 312.134246826, 312.668304443, 313.21395874, 313.771240234, 314.328521729, 314.885803223, 315.443084717, 316.000366211, 316.546020508, 317.091705322, 317.648986816, 318.194641113, 318.740325928, 319.285980225, 319.831634521, 320.365722656, 320.899780273, 321.45703125, 322.014312744, 322.583221436, 323.152099609, 323.709381104, 324.266662598, 324.812316895, 325.358001709, 325.892059326, 326.426116943, 326.97177124, 327.517456055, 328.074737549, 328.632019043, 329.189300537, 329.746582031, 330.292236328, 330.837921143, 331.383575439, 331.929260254, 332.474914551, 333.020568848, 333.554656982, 334.0887146, 334.622772217, 335.156829834, 335.690887451, 336.236541748, 336.782226562, 337.327880859, 337.873565674, 338.430847168, 338.988098145, 339.545379639, 340.102661133, 340.659942627, 341.217224121, 341.774505615, 342.308563232, 342.84262085, 343.283813477, 343.701751709, 344.131317139, 344.560913086, 345.036895752, 345.512908936, 345.988922119, 346.464935303, 346.940948486, 347.41696167], "beats_loudness": {"dvar2": 0.0050742267631, "var": 0.00157737254631, "min": 1.58552083462e-07, "dmean": 0.034051310271, "mean": 0.0319594219327, "max": 0.323262900114, "dmean2": 0.0632486641407, "median": 0.0175332017243, "dvar": 0.00180799455848}, "bpm_histogram_second_peak_weight": {"dvar2": 0, "var": 0, "min": 0.12361331284, "dmean": 0, "mean": 0.12361331284, "max": 0.12361331284, "dmean2": 0, "median": 0.12361331284, "dvar": 0}, "bpm_histogram_second_peak_spread": {"dvar2": 0, "var": 0, "min": 0.178947329521, "dmean": 0, "mean": 0.178947329521, "max": 0.178947329521, "dmean2": 0, "median": 0.178947329521, "dvar": 0}, "bpm_histogram_second_peak_bpm": {"dvar2": 0, "var": 0, "min": 105, "dmean": 0, "mean": 105, "max": 105, "dmean2": 0, "median": 105, "dvar": 0}, "onset_rate": 4.05695915222}, "lowlevel": {"spectral_energyband_high": {"dvar2": 5.28281361767e-06, "var": 2.9180778256e-06, "min": 8.50987177544e-21, "dmean": 0.000506762124132, "mean": 0.000898580183275, "max": 0.0344600193202, "dmean2": 0.000713918590918, "median": 0.000484362361021, "dvar": 2.46054264608e-06}, "spectral_energyband_middle_low": {"dvar2": 0.000124173951917, "var": 0.000217343098484, "min": 3.85826517111e-22, "dmean": 0.00292459549382, "mean": 0.00822477973998, "max": 0.222269043326, "dmean2": 0.0042846868746, "median": 0.00337689579464, "dvar": 5.8655601606e-05}, "spectral_energy": {"dvar2": 0.000997703522444, "var": 0.00107824290171, "min": 1.10614783959e-20, "dmean": 0.00778712844476, "mean": 0.0204959269613, "max": 1.32665598392, "dmean2": 0.0111657436937, "median": 0.0106534212828, "dvar": 0.000468289043056}, "spectral_spread": {"dvar2": 1656331698180.0, "var": 7993119211520.0, "min": 945173.75, "dmean": 869444.25, "mean": 9389053, "max": 41482732, "dmean2": 1184219.5, "median": 10184018, "dvar": 970053713920}, "spectral_energyband_low": {"dvar2": 0.000322339124978, "var": 0.000236135587329, "min": 1.01189321393e-22, "dmean": 0.00361366895959, "mean": 0.00784334819764, "max": 0.29117551446, "dmean2": 0.00573119381443, "median": 0.00286051398143, "dvar": 0.000132088578539}, "spectral_rolloff": {"dvar2": 8095146, "var": 13961468, "min": 86.1328125, "dmean": 972.756164551, "mean": 2693.55786133, "max": 18432.421875, "dmean2": 1571.58081055, "median": 775.1953125, "dvar": 4076536}, "barkbands": {"dvar2": [9.18911347014e-09, 9.19978265301e-05, 0.000125048973132, 2.55507484326e-06, 1.1068898857e-05, 2.82628443529e-05, 1.74148281076e-05, 2.05545757126e-06, 4.39497416664e-05, 8.14743088995e-06, 1.11184990601e-05, 0.000406957376981, 1.44243313116e-05, 4.92751632919e-06, 1.07964854124e-06, 6.80628909322e-06, 3.95719835069e-05, 1.63954916843e-06, 5.0896223911e-06, 8.63498769377e-07, 1.87024824072e-07, 1.11487103993e-07, 8.66173834879e-08, 2.82317387246e-07, 2.18363624072e-07, 2.27085337201e-07, 1.51274992533e-08], "var": [2.56538381649e-08, 4.86506287416e-05, 0.000108197134978, 2.79158325611e-06, 1.29526570163e-05, 3.63281869795e-05, 1.87603745871e-05, 2.67823497779e-06, 4.57347050542e-05, 1.99510632228e-05, 1.49370198415e-05, 0.000362560298527, 8.7812595666e-06, 3.78785148314e-06, 6.2107812937e-07, 7.45283477954e-06, 1.59958235599e-05, 8.23838547603e-07, 2.02302044272e-06, 2.696589263e-07, 6.0407046476e-08, 5.06960340374e-08, 4.27724025087e-08, 1.54126865937e-07, 1.22785522194e-07, 1.29685020056e-07, 7.78748621144e-09], "min": [2.46652697473e-23, 4.69951199402e-23, 3.55035938072e-23, 1.15364706942e-23, 3.81895957698e-23, 5.44714261071e-23, 6.26752071791e-23, 2.77391009744e-23, 1.77611767753e-22, 8.81298868788e-23, 6.23368805141e-23, 5.61058827939e-23, 1.53110543209e-22, 3.7634824605e-23, 1.86884594191e-22, 1.00177301204e-22, 8.76017350365e-23, 1.56020796239e-22, 1.95302282786e-22, 1.99880667397e-22, 4.42564952755e-22, 7.03582996639e-22, 6.73499502029e-22, 8.97598199216e-22, 1.02338458229e-21, 1.95236394599e-21, 2.9141413441e-21], "dmean": [2.57277642959e-05, 0.00174225401133, 0.00204935274087, 0.000370373745682, 0.000838891486637, 0.000828938093036, 0.000650716829114, 0.000204378011404, 0.000800330366474, 0.000379755656468, 0.000329217204126, 0.0010444970103, 0.000220261368668, 0.000170244893525, 7.91920610936e-05, 0.000155774527229, 0.000151094078319, 7.08261140971e-05, 8.51926015457e-05, 5.34392493137e-05, 3.99785931222e-05, 6.32002120255e-05, 5.84981098655e-05, 0.000119825584989, 0.000110981469334, 0.00010680082778, 2.23543138418e-05], "mean": [5.70602605876e-05, 0.00316895102151, 0.00410007312894, 0.000762975309044, 0.00195476110093, 0.00183459441178, 0.00135399971623, 0.000397543655708, 0.00155598309357, 0.000864305475261, 0.000643869221676, 0.00154665368609, 0.000291375967208, 0.000271037686616, 0.000141398108099, 0.00024346090504, 0.000176522429683, 9.56793664955e-05, 0.000111319306598, 6.43278544885e-05, 5.75117082917e-05, 9.87835373962e-05, 8.84584878804e-05, 0.000201608549105, 0.000197338449652, 0.000183678494068, 3.26851841237e-05], "max": [0.0033447961323, 0.140113443136, 0.249518290162, 0.0358309522271, 0.0747996717691, 0.171401455998, 0.0910772681236, 0.0523659102619, 0.164389535785, 0.190044060349, 0.13796132803, 1.30311369896, 0.171058863401, 0.119106076658, 0.0429434590042, 0.192406356335, 0.355379402637, 0.0555071495473, 0.142543077469, 0.0340418592095, 0.0183165278286, 0.0105720143765, 0.00442819856107, 0.00852005369961, 0.00870335288346, 0.0105200028047, 0.00210536061786], "dmean2": [3.317951996e-05, 0.00296472199261, 0.00314248725772, 0.000617305224296, 0.00133636046667, 0.00131537474226, 0.000999661395326, 0.000289271614747, 0.00107699760702, 0.000440825155238, 0.000424261204898, 0.00130542484112, 0.000325447355863, 0.00021960392769, 0.000107974163257, 0.000201179122087, 0.000217853608774, 0.000109338972834, 0.000119347692817, 8.32475125208e-05, 6.13423617324e-05, 9.51657493715e-05, 8.61122680362e-05, 0.000174550819793, 0.000159759234521, 0.000151060856297, 3.24646389345e-05], "median": [1.15782204375e-05, 0.00101149396505, 0.00103687914088, 0.000256068364251, 0.000804862356745, 0.000390759756556, 0.000165332719916, 5.46352748643e-05, 8.68094357429e-05, 4.07019288104e-05, 2.21434092964e-05, 3.97646617785e-05, 1.3216208572e-05, 8.35076480143e-06, 1.08668309622e-05, 1.07994565042e-05, 7.09371670382e-06, 8.65170295583e-06, 9.72087400442e-06, 1.8173665012e-05, 2.59956050286e-05, 5.09052661073e-05, 4.37800190412e-05, 0.000110163789941, 0.000105344704934, 9.34757990763e-05, 1.32554432639e-05], "dvar": [6.42619690794e-09, 3.25362780131e-05, 5.56587910978e-05, 1.03665490769e-06, 4.48011360277e-06, 1.1880004422e-05, 6.72588157613e-06, 1.06903473807e-06, 2.13829971472e-05, 5.80776440984e-06, 5.99623945163e-06, 0.000207283563213, 6.64077333568e-06, 2.43483873419e-06, 4.39131639496e-07, 3.86822966902e-06, 1.64803877851e-05, 7.64817457366e-07, 2.15816908167e-06, 3.36418622737e-07, 7.20810788835e-08, 4.80794177804e-08, 3.9079289138e-08, 1.32062083935e-07, 1.01150213538e-07, 1.07485703893e-07, 6.99517688219e-09]}, "melbands_skewness": {"dvar2": 3.26603603363, "var": 9.34003639221, "min": -6.45152759552, "dmean": 0.925562918186, "mean": 4.0599398613, "max": 22.5945053101, "dmean2": 1.35318982601, "median": 3.46602392197, "dvar": 1.58115208149}, "barkbands_skewness": {"dvar2": 1.18057882786, "var": 2.94743990898, "min": -6.6908082962, "dmean": 0.601870119572, "mean": 2.05800461769, "max": 13.7924804688, "dmean2": 0.85743612051, "median": 1.85250353813, "dvar": 0.579630970955}, "erbbands": {"dvar2": [0.0107691055164, 7.52208089828, 141.014907837, 73.0817184448, 17.2112293243, 349.50302124, 168.988525391, 2825.52978516, 5834.77490234, 2230.59545898, 964.246948242, 14306.9931641, 22096.6367188, 14707.6464844, 98804.5625, 387977.78125, 34268.75, 15666.5136719, 1363.20788574, 2080.22119141, 31786.8261719, 192129, 6747.86279297, 16339.8115234, 2593.08666992, 844.076599121, 834.117553711, 469.108428955, 214.400436401, 92.9393615723, 93.4614257812, 79.5242385864, 100.504142761, 35.8816680908, 9.40418720245, 4.73318099976, 0.756803274155, 0.0511993058026, 0.000345358479535, 8.20906649324e-08], "var": [0.0109211243689, 3.80646085739, 105.782211304, 76.0653533936, 14.8302001953, 381.217254639, 205.422424316, 3156.51733398, 8016.69580078, 1681.72973633, 1527.88586426, 14298.6845703, 25446.4589844, 29756.9570312, 109719.132812, 297984.8125, 21024.0996094, 12351.7666016, 1625.45959473, 1722.79089355, 34520.4609375, 77989.46875, 3490.69555664, 6659.92675781, 1530.59338379, 283.26965332, 294.195037842, 119.134857178, 95.6317749023, 40.4441413879, 44.1281280518, 44.0625152588, 53.6290550232, 20.0190544128, 5.08364772797, 2.61772060394, 0.423734933138, 0.0281214173883, 0.000183021547855, 4.63765950087e-08], "min": [1.31161522244e-21, 1.02583239874e-20, 4.45406419133e-20, 3.56317451574e-20, 4.95387256683e-20, 1.67436477876e-19, 2.47577768126e-19, 6.48114466403e-19, 1.09407602066e-18, 3.29479608912e-19, 1.8477355796e-18, 3.53224112738e-18, 2.34124828346e-18, 2.53197917551e-18, 2.99978806901e-18, 2.67017107057e-18, 6.97349735047e-18, 2.92101193697e-18, 7.07334632221e-18, 8.39289213232e-18, 5.35276556676e-18, 5.46189385061e-18, 9.26578688142e-18, 8.56289760053e-18, 1.0024246983e-17, 9.3170083865e-18, 1.8904311273e-17, 1.68252970281e-17, 2.37403168452e-17, 1.9943839075e-17, 2.1057075287e-17, 1.65626738011e-17, 1.64414173951e-17, 9.16965112345e-18, 9.10410119581e-18, 6.2048422478e-18, 3.5206225485e-18, 1.75531076065e-18, 4.31011686404e-19, 3.86499915033e-20], "dmean": [0.0233232602477, 0.497553288937, 2.23602175713, 1.68517124653, 1.24969959259, 4.18659877777, 3.12112283707, 7.67202472687, 11.1826610565, 6.54193782806, 5.4299287796, 13.8273391724, 17.5775241852, 15.2486629486, 19.9070243835, 36.5936851501, 12.0435152054, 9.64947223663, 4.45392370224, 3.27939319611, 10.4355382919, 10.2229146957, 4.06357336044, 4.09700536728, 4.16479730606, 2.24277997017, 2.19073963165, 1.47815549374, 2.44074368477, 1.80470371246, 1.81282532215, 2.03758096695, 2.2873108387, 1.43715429306, 0.719207108021, 0.507658779621, 0.187995627522, 0.0441240817308, 0.00346465501934, 6.01587817073e-05], "mean": [0.0462035164237, 0.912735104561, 4.43501472473, 3.71021294594, 2.65258407593, 9.41772842407, 7.20758581161, 16.6326370239, 25.1466712952, 12.0180110931, 11.2647609711, 26.2257118225, 40.2028808594, 32.2522544861, 34.4225006104, 53.4657058716, 17.1431980133, 15.3775749207, 8.29580783844, 6.05990982056, 15.963965416, 11.7385549545, 5.48655033112, 5.46895074844, 5.48693943024, 2.94475150108, 2.8596098423, 2.25361180305, 3.71518659592, 2.81408381462, 2.67780828476, 3.3393073082, 3.77501130104, 2.4495267868, 1.27437257767, 0.867139875889, 0.312612503767, 0.0700461417437, 0.00512823229656, 0.000108839354652], "max": [2.07835698128, 41.1337165833, 228.035308838, 213.823532104, 58.5730247498, 408.348724365, 256.39364624, 1948.16162109, 1701.60656738, 1101.34448242, 961.526306152, 4564.78515625, 4349.47949219, 7313.39404297, 21104.3222656, 35848.4257812, 7662.00048828, 6676.89892578, 1973.34997559, 2003.48815918, 13248.7529297, 24781.3320312, 3954.82299805, 8091.859375, 2105.09350586, 943.097473145, 991.363952637, 1155.19177246, 630.088256836, 273.59262085, 149.862258911, 129.407058716, 150.516876221, 100.165245056, 69.4523239136, 56.0051269531, 16.999835968, 3.55496072769, 0.283852100372, 0.00420008925721], "dmean2": [0.0374797433615, 0.844438195229, 3.51725459099, 2.60331106186, 2.1022837162, 6.56213569641, 5.0604262352, 12.2064218521, 16.8501186371, 10.1384115219, 7.34766149521, 18.8754024506, 22.5829181671, 17.7249202728, 24.198381424, 47.5486373901, 16.9416236877, 12.4704732895, 5.75570583344, 4.38630390167, 13.575966835, 14.6884822845, 6.22670030594, 5.94826078415, 5.81278085709, 3.42269158363, 3.37353205681, 2.27644872665, 3.70235753059, 2.70293545723, 2.6776611805, 2.97260069847, 3.35302209854, 2.08771181107, 1.04420053959, 0.730665206909, 0.267714679241, 0.0631417483091, 0.00501168845221, 8.58275816427e-05], "median": [0.0136876981705, 0.294558793306, 1.36188173294, 1.23675060272, 1.40995573997, 3.10059165955, 2.95072555542, 3.18178701401, 3.25907349586, 1.96315777302, 1.81584191322, 2.05615448952, 2.31960058212, 2.09882593155, 1.74901711941, 1.93246245384, 1.09743928909, 0.750123679638, 0.617276310921, 0.72971868515, 0.714482486248, 0.504517436028, 0.523000836372, 0.501443147659, 0.65913939476, 0.881395339966, 1.04601037502, 1.14054989815, 1.87284445763, 1.46909546852, 1.28321218491, 1.786714077, 2.05473327637, 1.28559267521, 0.690096020699, 0.450774550438, 0.155351638794, 0.0321352109313, 0.00210368260741, 5.90906638536e-05], "dvar": [0.00419298000634, 2.68904328346, 59.9629669189, 33.4046020508, 6.5116815567, 141.350967407, 62.9623718262, 1154.7286377, 2432.13305664, 904.614257812, 540.535949707, 7362.14794922, 10228.4833984, 9872.88964844, 55428.640625, 184457.6875, 15531.8095703, 7835.12011719, 732.650085449, 888.984924316, 18077.09375, 80174.3984375, 3218.46313477, 7036.50585938, 1178.46789551, 330.500366211, 336.465637207, 169.929931641, 91.646484375, 39.8603897095, 41.558303833, 37.2259407043, 46.5704650879, 16.6183414459, 4.28712558746, 2.19508767128, 0.357259333134, 0.0241651833057, 0.00016154156765, 3.88940080143e-08]}, "silence_rate_30dB": {"dvar2": 0.0380055755377, "var": 0.0214031077921, "min": 0, "dmean": 0.0165454670787, "mean": 0.97811871767, "max": 1, "dmean2": 0.0330931395292, "median": 1, "dvar": 0.0162725150585}, "melbands_spread": {"dvar2": 452.671630859, "var": 676.213867188, "min": 0.475704610348, "dmean": 7.61034154892, "mean": 22.3552246094, "max": 274.75567627, "dmean2": 11.0833654404, "median": 14.6649541855, "dvar": 228.216781616}, "melbands_crest": {"dvar2": 17.8802757263, "var": 33.029083252, "min": 2.13832569122, "dmean": 2.60701227188, "mean": 16.0022697449, "max": 33.9012107849, "dmean2": 4.23152446747, "median": 14.9961967468, "dvar": 7.45392179489}, "zerocrossingrate": {"dvar2": 0.000686568382662, "var": 0.00611758185551, "min": 0.00439453125, "dmean": 0.019990766421, "mean": 0.106737144291, "max": 0.49755859375, "dmean2": 0.0218397378922, "median": 0.08447265625, "dvar": 0.000575613230467}, "barkbands_kurtosis": {"dvar2": 181.140563965, "var": 243.601150513, "min": -1.94106924534, "dmean": 4.26418352127, "mean": 8.62167930603, "max": 279.030731201, "dmean2": 6.30820941925, "median": 3.98193669319, "dvar": 84.235786438}, "spectral_flux": {"dvar2": 0.00323216384277, "var": 0.00217542238533, "min": 1.05173564302e-10, "dmean": 0.0199925433844, "mean": 0.0506990142167, "max": 0.899740993977, "dmean2": 0.0320500433445, "median": 0.035212635994, "dvar": 0.00131271523423}, "barkbands_crest": {"dvar2": 12.0624704361, "var": 21.5135307312, "min": 2.64948105812, "dmean": 2.12486791611, "mean": 11.3175601959, "max": 26.659412384, "dmean2": 3.3501431942, "median": 10.4439077377, "dvar": 5.07303380966}, "barkbands_flatness_db": {"dvar2": 0.00104919774458, "var": 0.00287461956032, "min": 0.0306763183326, "dmean": 0.0193715747446, "mean": 0.149251073599, "max": 0.419467777014, "dmean2": 0.0286692231894, "median": 0.14103859663, "dvar": 0.000478256319184}, "spectral_entropy": {"dvar2": 0.0863268598914, "var": 0.472252309322, "min": 4.80857372284, "dmean": 0.212308809161, "mean": 7.66526269913, "max": 9.81551647186, "dmean2": 0.276425927877, "median": 7.74284172058, "dvar": 0.0526805520058}, "pitch_salience": {"dvar2": 0.0101139405742, "var": 0.0177355147898, "min": 0.0662253126502, "dmean": 0.0608189925551, "mean": 0.513783156872, "max": 0.836654186249, "dmean2": 0.0977030172944, "median": 0.51946502924, "dvar": 0.00418894598261}, "erbbands_spread": {"dvar2": 474.574005127, "var": 1745.58154297, "min": 0.565437018871, "dmean": 12.9902620316, "mean": 63.984172821, "max": 186.970123291, "dmean2": 18.1800003052, "median": 54.9313049316, "dvar": 251.649276733}, "dynamic_complexity": 5.10877180099, "spectral_contrast_valleys": {"dvar2": [0.268930733204, 0.209691509604, 0.280735611916, 0.250821828842, 0.145350173116, 0.13510902226], "var": [0.953155338764, 0.971782565117, 1.03655254841, 0.720509231091, 0.571528673172, 0.787033855915], "min": [-27.011548996, -27.4737472534, -27.1326179504, -27.3106842041, -27.1577720642, -27.1522960663], "dmean": [0.35365408659, 0.30736592412, 0.322832673788, 0.32009935379, 0.247844621539, 0.241550862789], "mean": [-7.62342643738, -7.50739431381, -8.45637321472, -9.18801307678, -8.62032794952, -9.47437000275], "max": [-5.25166463852, -4.96304035187, -5.02806711197, -5.60231018066, -5.80860996246, -7.03235054016], "dmean2": [0.580904185772, 0.494200468063, 0.507684588432, 0.49937158823, 0.355306476355, 0.296066641808], "median": [-7.50856590271, -7.42804908752, -8.4376411438, -9.2240228653, -8.52548599243, -9.30707359314], "dvar": [0.117909908295, 0.0974656417966, 0.129263594747, 0.115458458662, 0.0817798748612, 0.0964671969414]}, "hfc": {"dvar2": 1641.36791992, "var": 1223.55480957, "min": 1.25898570062e-16, "dmean": 8.59727478027, "mean": 18.2877788544, "max": 1502.14282227, "dmean2": 11.7522716522, "median": 9.44277667999, "dvar": 769.296630859}, "spectral_kurtosis": {"dvar2": 7.18829679489, "var": 21.1754608154, "min": -1.22134852409, "dmean": 1.06460499763, "mean": 2.70382738113, "max": 57.8458480835, "dmean2": 1.44520914555, "median": 1.11735296249, "dvar": 3.74390935898}, "mfcc": {"mean": [-703.026245117, 95.4858322144, 58.6958961487, 12.6314249039, 7.19711065292, 5.61935186386, 4.13862228394, 1.43273293972, 1.36724925041, -4.57460355759, -4.2482252121, -1.08921480179, 0.981196761131], "cov": [[5830.45410156, 543.799316406, -889.548400879, -444.960571289, -119.94984436, -159.761123657, 39.0548362732, 68.6234130859, 39.0027770996, 96.1851806641, 110.825073242, 12.670674324, -2.03052663803], [543.799316406, 1949.70593262, -423.941711426, -329.399291992, -47.3449058533, -44.0013618469, -45.250869751, -18.9888801575, -12.7040586472, 22.4233818054, 25.0814495087, -1.15765452385, -28.600112915], [-889.548400879, -423.941711426, 985.298278809, 286.773895264, 28.0910358429, 115.962997437, 18.3462963104, 8.66426849365, 42.4747581482, -27.1292362213, -42.7107772827, 15.9723215103, 36.1823959351], [-444.960571289, -329.399291992, 286.773895264, 357.099029541, 139.066650391, 38.5232086182, 13.4619989395, 6.53581523895, 24.5444736481, 22.4047813416, 8.30024242401, 11.5096540451, 12.2775793076], [-119.94984436, -47.3449058533, 28.0910358429, 139.066650391, 179.474334717, 81.7595367432, 9.44089126587, -2.67690348625, 2.52398729324, 13.0548181534, 18.0272674561, 15.7039690018, 8.26487636566], [-159.761123657, -44.0013618469, 115.962997437, 38.5232086182, 81.7595367432, 164.486038208, 87.4346389771, 12.5809516907, -5.94674253464, -6.6921582222, -2.22642755508, 16.2374858856, 20.9708099365], [39.0548362732, -45.250869751, 18.3462963104, 13.4619989395, 9.44089126587, 87.4346389771, 139.355255127, 63.6555023193, -3.56392979622, -5.46972560883, -0.927170872688, 4.51647949219, 16.8376216888], [68.6234130859, -18.9888801575, 8.66426849365, 6.53581523895, -2.67690348625, 12.5809516907, 63.6555023193, 111.641563416, 58.5635032654, 6.25100898743, -0.857174158096, -8.63325595856, -13.2403469086], [39.0027770996, -12.7040586472, 42.4747581482, 24.5444736481, 2.52398729324, -5.94674253464, -3.56392979622, 58.5635032654, 120.467826843, 65.7330703735, 1.27645099163, -22.3509216309, -30.6777820587], [96.1851806641, 22.4233818054, -27.1292362213, 22.4047813416, 13.0548181534, -6.6921582222, -5.46972560883, 6.25100898743, 65.7330703735, 123.067909241, 56.4392967224, -20.9612178802, -25.3057804108], [110.825073242, 25.0814495087, -42.7107772827, 8.30024242401, 18.0272674561, -2.22642755508, -0.927170872688, -0.857174158096, 1.27645099163, 56.4392967224, 105.616416931, 47.2114143372, -15.933426857], [12.670674324, -1.15765452385, 15.9723215103, 11.5096540451, 15.7039690018, 16.2374858856, 4.51647949219, -8.63325595856, -22.3509216309, -20.9612178802, 47.2114143372, 117.533187866, 60.3115196228], [-2.03052663803, -28.600112915, 36.1823959351, 12.2775793076, 8.26487636566, 20.9708099365, 16.8376216888, -13.2403469086, -30.6777820587, -25.3057804108, -15.933426857, 60.3115196228, 128.890716553]], "icov": [[0.000218794812099, -3.24046055766e-07, 9.34134222916e-05, 0.000268868927378, -0.000196740424144, 0.000365359766874, -0.000361720711226, 0.000123914374853, -0.000265026057605, 6.61744052195e-05, -0.000269196956651, 8.76845952007e-05, -0.000159701856319], [-3.24046055766e-07, 0.000644042796921, 5.26617077412e-05, 0.000721645716112, -0.000457884831121, 0.000159066636115, 6.70506196911e-05, -4.81385504827e-05, 0.000122433761135, -0.000339463964337, 0.000197041110368, -0.000227979850024, 0.000142684890307], [9.34134222916e-05, 5.26617077412e-05, 0.00220619468018, -0.00251406175084, 0.00314200064167, -0.00355888181366, 0.00230020610616, -0.000578566337936, -0.000816790561657, 0.00103060551919, -0.000397731841076, 0.00035045176628, -0.000554264872335], [0.000268868927378, 0.000721645716112, -0.00251406175084, 0.0088585279882, -0.00901529379189, 0.00733893364668, -0.00550012430176, 0.00230239890516, -0.000989010557532, -0.00137415423524, 0.000681552628521, -0.000861914770212, 0.000347715045791], [-0.000196740424144, -0.000457884831121, 0.00314200064167, -0.00901529379189, 0.0178515855223, -0.0144461253658, 0.0105639426038, -0.00486187590286, 0.00222651381046, 0.00012034997053, -0.00159397162497, 0.00083386345068, -0.000835373590235], [0.000365359766874, 0.000159066636115, -0.00355888181366, 0.00733893364668, -0.0144461253658, 0.0235980506986, -0.0187822636217, 0.00998308137059, -0.00522915972397, 0.00157156633213, 0.000358426652383, -0.0013340243604, 0.000639516452793], [-0.000361720711226, 6.70506196911e-05, 0.00230020610616, -0.00550012430176, 0.0105639426038, -0.0187822636217, 0.0278352703899, -0.0197546929121, 0.0131275346503, -0.00698577798903, 0.00337023241445, -0.000715506088454, -0.000895246805158], [0.000123914374853, -4.81385504827e-05, -0.000578566337936, 0.00230239890516, -0.00486187590286, 0.00998308137059, -0.0197546929121, 0.0298343840986, -0.0224042199552, 0.0150984767824, -0.00994265358895, 0.00545147946104, -0.00188090035226], [-0.000265026057605, 0.000122433761135, -0.000816790561657, -0.000989010557532, 0.00222651381046, -0.00522915972397, 0.0131275346503, -0.0224042199552, 0.0332727655768, -0.0251800697297, 0.0184525176883, -0.0108445212245, 0.0073693129234], [6.61744052195e-05, -0.000339463964337, 0.00103060551919, -0.00137415423524, 0.00012034997053, 0.00157156633213, -0.00698577798903, 0.0150984767824, -0.0251800697297, 0.0346430465579, -0.0269735567272, 0.0179497618228, -0.00895773991942], [-0.000269196956651, 0.000197041110368, -0.000397731841076, 0.000681552628521, -0.00159397162497, 0.000358426652383, 0.00337023241445, -0.00994265358895, 0.0184525176883, -0.0269735567272, 0.0363247990608, -0.0233297068626, 0.0131716420874], [8.76845952007e-05, -0.000227979850024, 0.00035045176628, -0.000861914770212, 0.00083386345068, -0.0013340243604, -0.000715506088454, 0.00545147946104, -0.0108445212245, 0.0179497618228, -0.0233297068626, 0.0265232417732, -0.0136003727093], [-0.000159701856319, 0.000142684890307, -0.000554264872335, 0.000347715045791, -0.000835373590235, 0.000639516452793, -0.000895246805158, -0.00188090035226, 0.0073693129234, -0.00895773991942, 0.0131716420874, -0.0136003727093, 0.0157709214836]]}, "silence_rate_20dB": {"dvar2": 0.00173300493043, "var": 0.000600070343353, "min": 0, "dmean": 0.000667155894917, "mean": 0.999399602413, "max": 1, "dmean2": 0.00133440084755, "median": 1, "dvar": 0.000666707812343}, "melbands_kurtosis": {"dvar2": 2578.23461914, "var": 3604.34399414, "min": -1.92190921307, "dmean": 14.7164869308, "mean": 38.3558502197, "max": 768.811767578, "dmean2": 22.252576828, "median": 18.7819042206, "dvar": 1137.68981934}, "barkbands_spread": {"dvar2": 276.501617432, "var": 793.300720215, "min": 0.436540752649, "dmean": 8.77644824982, "mean": 33.9434280396, "max": 121.543769836, "dmean2": 12.4718637466, "median": 23.7323131561, "dvar": 142.373519897}, "erbbands_skewness": {"dvar2": 0.490080863237, "var": 1.5202306509, "min": -7.52408790588, "dmean": 0.432230293751, "mean": 0.760069012642, "max": 9.52970314026, "dmean2": 0.593126893044, "median": 0.820943593979, "dvar": 0.25873041153}, "average_loudness": 0.173489049077, "spectral_centroid": {"dvar2": 229730.34375, "var": 608395.25, "min": 139.515899658, "dmean": 235.274978638, "mean": 1111.50073242, "max": 10720, "dmean2": 333.933105469, "median": 877.025756836, "dvar": 126300.148438}, "dissonance": {"dvar2": 0.00198497157544, "var": 0.00167667341884, "min": 0.131173923612, "dmean": 0.0231912788004, "mean": 0.442345947027, "max": 0.5, "dmean2": 0.0389198474586, "median": 0.452051281929, "dvar": 0.000729211140424}, "erbbands_flatness_db": {"dvar2": 0.000729599385522, "var": 0.00271834246814, "min": 0.0424640402198, "dmean": 0.0165532883257, "mean": 0.123664230108, "max": 0.44468832016, "dmean2": 0.0219630114734, "median": 0.108830265701, "dvar": 0.00042486784514}, "spectral_strongpeak": {"dvar2": 4.27492761612, "var": 5.02127933502, "min": 0, "dmean": 0.501178205013, "mean": 1.09860992432, "max": 53.2821311951, "dmean2": 0.743179440498, "median": 0.388139843941, "dvar": 2.12696433067}, "spectral_rms": {"dvar2": 2.43299587055e-06, "var": 5.68281711821e-06, "min": 3.28507034943e-12, "dmean": 0.000664819672238, "mean": 0.00378328794613, "max": 0.0359763614833, "dmean2": 0.000933937088121, "median": 0.00322390790097, "dvar": 1.21354071325e-06}, "silence_rate_60dB": {"dvar2": 0.0796513780951, "var": 0.123902358115, "min": 0, "dmean": 0.0378944575787, "mean": 0.14489659667, "max": 1, "dmean2": 0.075793966651, "median": 0, "dvar": 0.0364598222077}, "melbands": {"dvar2": [3.10817927129e-06, 2.67099258053e-05, 1.78001982931e-06, 5.72817327793e-07, 2.50716368555e-07, 1.49328525367e-06, 1.06818163204e-06, 2.22036277364e-07, 1.24049762462e-07, 7.23803736946e-07, 5.47693218778e-07, 2.51282671115e-07, 3.12941210723e-07, 8.75309615367e-06, 5.54837640721e-07, 1.09876062027e-07, 4.95341829776e-08, 3.00993718838e-09, 8.77477290828e-09, 3.64052432644e-09, 5.50890533191e-08, 2.12302381897e-07, 2.63356820795e-08, 3.5914322627e-09, 1.48968855029e-08, 3.51523543607e-09, 1.26861987582e-09, 5.8692095628e-10, 8.42061864681e-10, 5.17753062645e-11, 2.10575515358e-10, 8.52526382822e-11, 4.85738012312e-11, 2.68404708181e-11, 3.39458669507e-11, 2.57090859018e-11, 3.35802982643e-11, 5.56935990381e-11, 4.00732017014e-11, 2.33652749926e-11], "var": [2.22288781515e-06, 1.75735949597e-05, 1.79308835868e-06, 5.87744239056e-07, 3.25569743609e-07, 1.87296234344e-06, 1.53335497544e-06, 1.818933697e-07, 1.76530164708e-07, 7.2625886105e-07, 6.37098821699e-07, 5.28410510015e-07, 4.32826794849e-07, 7.503267625e-06, 3.84672404152e-07, 9.33109518542e-08, 3.966419726e-08, 3.94190013964e-09, 3.21612203535e-09, 4.46019132738e-09, 5.92042823655e-08, 8.70260379315e-08, 1.12100835281e-08, 1.67568603437e-09, 6.20583273658e-09, 1.31344990439e-09, 4.99129126919e-10, 1.94465069048e-10, 2.69499728089e-10, 2.06310662998e-11, 5.16838238873e-11, 3.65111725575e-11, 2.08438769717e-11, 1.10093132527e-11, 1.51850060304e-11, 1.34286115214e-11, 1.78957317715e-11, 2.85447897957e-11, 2.11535476635e-11, 1.28482398332e-11], "min": [1.24199262771e-23, 2.09058126863e-23, 6.60696764431e-24, 7.57324612813e-24, 9.14092179494e-24, 1.4245065633e-23, 1.4347388781e-23, 2.81672351148e-24, 2.0666197764e-23, 2.20893422801e-23, 1.18892445578e-23, 1.06436047895e-23, 9.10669075368e-24, 8.15649911588e-24, 9.14280480592e-24, 1.5178310172e-23, 3.71710469679e-24, 9.49524655913e-24, 1.3996692777e-23, 7.97664514037e-24, 5.62908896088e-24, 4.92769498068e-24, 7.75226785538e-24, 7.33757156611e-24, 6.79273137129e