{"tonal": {"thpcp": [1, 0.671714663506, 0.268656909466, 0.237176313996, 0.30290967226, 0.3881033957, 0.41108506918, 0.383845031261, 0.298071354628, 0.200857788324, 0.199766159058, 0.261125683784, 0.333108395338, 0.382299661636, 0.49499309063, 0.547720968723, 0.401610344648, 0.287680894136, 0.341285079718, 0.342204451561, 0.325200349092, 0.379422694445, 0.29147580266, 0.191348314285, 0.187762916088, 0.179401993752, 0.208893820643, 0.297351419926, 0.321910768747, 0.249144554138, 0.192186281085, 0.180037230253, 0.249482184649, 0.3913859725, 0.496125429869, 0.753704965115], "hpcp": {"dmean2": [0.192741274834, 0.160054549575, 0.154025942087, 0.155542209744, 0.153726965189, 0.16580824554, 0.214256420732, 0.225357592106, 0.193738460541, 0.16847974062, 0.16765293479, 0.204010039568, 0.236887961626, 0.298258394003, 0.36518663168, 0.359877467155, 0.315622448921, 0.223722845316, 0.214900955558, 0.2385173738, 0.239533424377, 0.257509440184, 0.259900063276, 0.221825867891, 0.171542346478, 0.165124088526, 0.177340701222, 0.210216194391, 0.24208329618, 0.255478829145, 0.245074570179, 0.236122041941, 0.221774160862, 0.219410657883, 0.234460487962, 0.184000387788], "median": [0.029273333028, 0.0203181765974, 0.00574273476377, 0.00402939645573, 0.00454833172262, 0.00881507713348, 0.0191684607416, 0.0228263121098, 0.0141856539994, 0.00671001430601, 0.00522335618734, 0.00655687460676, 0.0121149765328, 0.0297860316932, 0.142896994948, 0.178172692657, 0.105027012527, 0.0135913388804, 0.00473368074745, 0.00764284050092, 0.0166322868317, 0.0245820675045, 0.0213666316122, 0.01008095406, 0.00695591047406, 0.00913422834128, 0.0164339933544, 0.0194577407092, 0.0248184446245, 0.0212326943874, 0.0210232585669, 0.0160831455141, 0.0150091489777, 0.0177689678967, 0.0183926299214, 0.0365226306021], "min": [0, 0, 0, 0, 0, 0, 0, 0, 0, 0, 0, 0, 0, 0, 0, 0, 0, 0, 0, 0, 0, 0, 0, 0, 0, 0, 0, 0, 0, 0, 0, 0, 0, 0, 0, 0], "dvar2": [0.0937834829092, 0.0754458904266, 0.0877844467759, 0.0921173393726, 0.0916927680373, 0.102366365492, 0.127703428268, 0.126976236701, 0.106669835746, 0.10225841403, 0.102094687521, 0.118678227067, 0.131323590875, 0.161426216364, 0.156760647893, 0.169276326895, 0.127095624804, 0.12598156929, 0.131777375937, 0.1507845819, 0.136024653912, 0.138275176287, 0.148529037833, 0.132054165006, 0.101830452681, 0.10107730329, 0.100352197886, 0.125805273652, 0.126500055194, 0.15560798347, 0.136676982045, 0.143539592624, 0.129950106144, 0.121938839555, 0.135900020599, 0.0823416560888], "dvar": [0.034912198782, 0.0275964252651, 0.0314724482596, 0.0324421823025, 0.0320332534611, 0.0356413722038, 0.0447315238416, 0.0456699468195, 0.0382725670934, 0.0354475937784, 0.0355732552707, 0.0412384606898, 0.0499362200499, 0.0586180537939, 0.0570176020265, 0.0669146254659, 0.0473804436624, 0.0442049726844, 0.0459733754396, 0.0520634427667, 0.0489277467132, 0.0497170314193, 0.0529638305306, 0.0467851981521, 0.0346112623811, 0.0347459502518, 0.0350933149457, 0.0441971234977, 0.0446023605764, 0.0547707043588, 0.0495046712458, 0.0506801046431, 0.0448830835521, 0.0439114868641, 0.0489044822752, 0.0294268094003], "dmean": [0.108446747065, 0.0906818583608, 0.0831370949745, 0.0836149826646, 0.0817447155714, 0.090483315289, 0.117242626846, 0.124765917659, 0.106815204024, 0.0910063460469, 0.0898461267352, 0.111066922545, 0.131570473313, 0.167219147086, 0.205923736095, 0.201512143016, 0.178170114756, 0.12161321938, 0.115488879383, 0.128163635731, 0.132949993014, 0.142899230123, 0.14440600574, 0.121774785221, 0.0933560058475, 0.0890339389443, 0.0980809703469, 0.114996023476, 0.134019121528, 0.1402528584, 0.136628970504, 0.129548221827, 0.12056145072, 0.122441567481, 0.13010686636, 0.103967010975], "max": [1, 1, 1, 1, 1, 1, 1, 1, 1, 1, 1, 1, 1, 1, 1, 1, 1, 1, 1, 1, 1, 1, 1, 1, 1, 1, 1, 1, 1, 1, 1, 1, 1, 1, 1, 1], "var": [0.0566412769258, 0.0347499288619, 0.028044719249, 0.0289460364729, 0.0266751330346, 0.0294485911727, 0.0412894710898, 0.0441569574177, 0.0322362631559, 0.0268111079931, 0.0256346557289, 0.0347347334027, 0.0681703016162, 0.0784657672048, 0.0907411873341, 0.143683031201, 0.0791319385171, 0.036091722548, 0.0358855389059, 0.0502990335226, 0.0616772733629, 0.0619768388569, 0.0586378313601, 0.0468136668205, 0.0278984755278, 0.0279008354992, 0.0328479446471, 0.0529083646834, 0.0523581281304, 0.0919038429856, 0.0989586859941, 0.0723332166672, 0.0401732362807, 0.0512506365776, 0.0504300743341, 0.0333082675934], "mean": [0.134936630726, 0.103659488261, 0.068050481379, 0.0667753815651, 0.0638019293547, 0.0742903053761, 0.105749070644, 0.114483274519, 0.0886049419641, 0.0683484897017, 0.0640278458595, 0.088725015521, 0.13919121027, 0.176440402865, 0.268045127392, 0.355636686087, 0.238886386156, 0.0955442562699, 0.0843485966325, 0.107725791633, 0.138023808599, 0.146196931601, 0.136509373784, 0.106005109847, 0.0714323967695, 0.0710441768169, 0.0928658694029, 0.118465565145, 0.135959789157, 0.176037698984, 0.194789662957, 0.142827376723, 0.102309882641, 0.121373489499, 0.121700458229, 0.115653172135]}, "tuning_equal_tempered_deviation": 0.19579474628, "chords_changes_rate": 0.0706839561462, "key_key": "G", "tuning_diatonic_strength": 0.65106844902, "key_scale": "major", "chords_number_rate": 0.0038138825912, "tuning_frequency": 448.985931396, "tuning_nontempered_energy_ratio": 0.834540247917, "chords_histogram": [10.3229084015, 15.458937645, 7.27180290222, 4.24612236023, 3.30536484718, 10.3483343124, 3.48334598541, 0.177981182933, 1.550978899, 0.0508517660201, 4.32240009308, 3.91558599472, 20.289855957, 0.177981182933, 0, 3.2036614418, 0, 0.991609454155, 0.483091801405, 2.41545891762, 0, 0.20340706408, 5.13602828979, 2.64429187775], "key_strength": 0.751819014549, "chords_key": "C#", "chords_strength": {"dmean2": 0.0129996556789, "median": 0.541330516338, "min": -1, "dvar2": 0.0017892238684, "dvar": 0.000963887490798, "dmean": 0.0117453597486, "max": 0.849043726921, "var": 0.0227863043547, "mean": 0.539474546909}, "chords_scale": "major", "hpcp_entropy": {"dmean2": 0.92930585146, "median": 2.28959178925, "min": 0, "dvar2": 0.602935373783, "dvar": 0.216369986534, "dmean": 0.54492110014, "max": 4.60915231705, "var": 0.643705844879, "mean": 2.27370834351}}, "metadata": {"audio_properties": {"equal_loudness": 0, "codec": "mp3", "downmix": "mix", "sample_rate": 44100, "analysis_sample_rate": 44100, "bit_rate": 160023, "md5_encoded": "f91b1d4284dae80a769eed2c26b4203f", "length": 182.595916748, "replay_gain": -7.6197719574, "lossless": false}, "version": {"essentia_build_sha": "70f2e5ece6736b2c40cc944ad0e695b16b925413", "essentia": "2.1-beta2", "extractor": "music 1.0", "essentia_git_sha": "v2.1_beta2"}, "tags": {"title": ["Soldercup [edit]"], "media": ["CD"], "albumartist": ["Various Artists"], "musicbrainz_recordingid": ["0caf8711-0c7f-4e60-a780-3e3c96abdac5"], "encoding": ["Lavf56.36.100"], "originalyear": ["2008"], "discnumber": ["1/1"], "album": ["Beaterblocker"], "catalognumber": ["BBR 001 CD"], "musicbrainz album release country": ["XW"], "musicbrainz album type": ["album/compilation"], "musicbrainz album status": ["official"], "musicbrainz_albumartistid": ["89ad4ac3-39f7-470e-963a-56509c546377"], "date": ["2008"], "file_name": "Rhodri Davies - Soldercup - Edit.mp3", "musicbrainz_releasegroupid": ["ddfad505-6627-4945-b950-68e61fb7a440"], "originaldate": ["2008"], "musicbrainz_albumid": ["a0a73f6b-cc7b-4da8-9a34-1eb4b8c4d603"], "artist": ["Rhodri Davies & Louisa Martin"], "artistsort": ["Rhodri Davies & Louisa Martin"], "tracknumber": ["1/15"], "label": ["Beaterblocker"], "albumartistsort": ["Various Artists"], "musicbrainz_artistid": ["4a3c2d1e-9742-4cad-b32e-1b56c28e1a28"]}}, "rhythm": {"bpm_histogram_first_peak_bpm": {"dmean2": 0, "median": 117, "min": 117, "dvar2": 0, "dvar": 0, "dmean": 0, "max": 117, "var": 0, "mean": 117}, "bpm": 116.815383911, "bpm_histogram_second_peak_spread": {"dmean2": 0, "median": 0.615384578705, "min": 0.615384578705, "dvar2": 0, "dvar": 0, "dmean": 0, "max": 0.615384578705, "var": 0, "mean": 0.615384578705}, "bpm_histogram_first_peak_weight": {"dmean2": 0, "median": 0.0849315077066, "min": 0.0849315077066, "dvar2": 0, "dvar": 0, "dmean": 0, "max": 0.0849315077066, "var": 0, "mean": 0.0849315077066}, "onset_rate": 3.21444225311, "beats_position": [0.522448956966, 1.05650794506, 1.48607707024, 1.92725622654, 2.36843538284, 2.80961441994, 3.19274377823, 3.58748292923, 3.98222208023, 4.37696123123, 4.72526073456, 5.08516979218, 5.4334692955, 5.78176879883, 6.13006782532, 6.47836732864, 6.82666635513, 7.16335582733, 7.50004529953, 7.8251247406, 8.17342376709, 8.54494285583, 8.92807197571, 9.31120204926, 9.682721138, 10.0658502579, 10.5070295334, 10.95981884, 11.412607193, 11.8886165619, 12.3762359619, 12.8522443771, 13.328253746, 13.8042631149, 14.268661499, 14.7330608368, 15.1858501434, 15.6270294189, 16.0798187256, 16.5326080322, 16.99700737, 17.4614048004, 17.9025840759, 18.3437633514, 18.784942627, 19.2261219025, 19.667301178, 20.1084804535, 20.5380496979, 20.9908390045, 21.4436283112, 21.8964176178, 22.3608150482, 22.825214386, 23.2896137238, 23.7424030304, 24.2184123993, 24.7060317993, 25.1936511993, 25.7393188477, 26.2965984344, 26.865486145, 27.4459857941, 28.0264854431, 28.6069831848, 29.199092865, 29.8840808868, 30.5806789398, 31.2772789001, 31.9738769531, 32.8097953796, 33.6341018677, 34.4468002319, 35.2594985962, 36.0373687744, 36.8036270142, 37.4770050049, 38.1619949341, 38.9282531738, 39.6945114136, 40.3678894043, 41.0528793335, 41.7262573242, 42.3996353149, 43.0730133057, 43.7463951111, 44.4197731018, 45.0931510925, 45.7665290833, 46.4050788879, 47.0436286926, 47.6009063721, 48.1581840515, 48.7270736694, 49.2959632874, 49.8532409668, 50.4105224609, 50.9794082642, 51.5482978821, 52.1055755615, 52.6628570557, 53.2201347351, 53.7774124146, 54.3346939087, 54.8919715881, 55.4492492676, 56.0065307617, 56.5522003174, 57.0978660583, 57.6551475525, 58.1427650452, 58.6303825378, 59.1180038452, 59.5940132141, 60.0584106445, 60.5344200134, 61.0104293823, 61.4748306274, 61.9508361816, 62.4965057373, 63.042175293, 63.5994529724, 64.1335144043, 64.655960083, 65.1900177002, 65.7124710083, 66.2465286255, 66.7689819336, 67.3146438599, 67.8487091064, 68.3711547852, 68.8936004639, 69.416053772, 69.9384994507, 70.4609527588, 70.9833984375, 71.4942398071, 72.0050811768, 72.5275268555, 73.0499725342, 73.5724258423, 74.094871521, 74.5592727661, 75.0468902588, 75.5229034424, 75.9989089966, 76.4633102417, 76.9277114868, 77.3805007935, 77.8332901001, 78.2860794067, 78.7504730225, 79.1916503906, 79.6328353882, 80.0624008179, 80.491973877, 80.9215393066, 81.3511123657, 81.7806777954, 82.198638916, 82.6166000366, 83.0345535278, 83.4176864624, 83.8008117676, 84.1723327637, 84.5554656982, 85.0082550049, 85.449432373, 85.8906097412, 86.3317871094, 86.784576416, 87.2373657227, 87.6901550293, 88.1429443359, 88.5957336426, 89.0485229492, 89.5477523804, 90.0469818115, 90.5345993042, 90.9990005493, 91.4634017944, 91.9394073486, 92.4154205322, 92.9030380249, 93.3790435791, 93.8782730103, 94.3891143799, 94.8999557495, 95.4107894897, 95.9216308594, 96.432472229, 96.9433059692, 97.4425354004, 97.9301605225, 98.3829498291, 98.8357315063, 99.288520813, 99.7645339966, 100.240539551, 100.704940796, 101.169342041, 101.622131348, 102.063308716, 102.53931427, 103.015327454, 103.491333008, 103.955734253, 104.420135498, 104.896141052, 105.372154236, 105.859771729, 106.35900116, 106.869842529, 107.438728333, 108.007614136, 108.576507568, 109.15700531, 109.737503052, 110.271560669, 110.794013977, 111.328071594, 111.838912964, 112.361358643, 112.883804321, 113.406257629, 113.917098999, 114.427932739, 114.938774109, 115.449615479, 115.960449219, 116.471290588, 116.982131958, 117.411697388, 117.852874756, 118.305664062, 118.758453369, 119.222854614, 119.675643921, 120.116821289, 120.581222534, 121.045623779, 121.510017395, 121.986030579, 122.450431824, 122.914825439, 123.379226685, 123.84362793, 124.319633484, 124.795646667, 125.341316223, 125.886978149, 126.432647705, 126.966712952, 127.512374878, 128.046432495, 128.557281494, 129.056503296, 129.567337036, 130.078186035, 130.589019775, 131.099868774, 131.633926392, 132.167984009, 132.655593872, 133.166442871, 133.677276611, 134.188110352, 134.698959351, 135.279449463, 135.871566772, 136.452056885, 137.032562256, 137.613052368, 138.216781616, 138.808883667, 139.412597656, 140.016326904, 140.620040894, 141.235366821, 141.850692749, 142.454421997, 143.081359863, 143.696685791, 144.312011719, 144.915740967, 145.554275513, 146.169616699, 146.819763184, 147.377044678, 147.934326172, 148.468383789, 148.979232788, 149.47845459, 150.000900269, 150.511749268, 151.022583008, 151.556640625, 152.067474365, 152.578323364, 153.100769043, 153.623214722, 154.1456604, 154.726165771, 155.295059204, 155.875549316, 156.409606934, 156.943664551, 157.477722168, 158.023391724, 158.569061279, 159.103118896, 159.637191772, 160.159637451, 160.751739502, 161.343856812, 161.947570801, 162.493240356, 163.038909912, 163.491699219, 163.90965271, 164.350830078, 164.803619385, 165.256408691, 165.709197998, 166.173599243, 166.591567993, 167.009521484, 167.427474976, 167.845443726, 168.263397217, 168.681350708, 169.064483643, 169.459228516, 169.84236145, 170.248703003, 170.655059814, 171.084625244, 171.514190674, 171.943756104, 172.373336792, 172.73324585, 173.06993103, 173.406616211, 173.743301392, 174.068389893, 174.381851196, 174.706939697, 175.032012939, 175.35710144, 175.693786621, 176.030471802, 176.355545044, 176.692245483, 177.028930664, 177.354003906, 177.690704346, 178.027389526, 178.433731079, 178.840087891, 179.246429443, 179.652786255, 180.059127808, 180.465484619, 180.871826172, 181.278182983, 181.684524536], "beats_loudness": {"dmean2": 0.0411622002721, "median": 0.0146858468652, "min": 0, "dvar2": 0.00316530652344, "dvar": 0.00114837684669, "dmean": 0.0237348843366, "max": 0.218482151628, "var": 0.00119548814837, "mean": 0.0279036797583}, "danceability": 0.905785024166, "bpm_histogram_second_peak_weight": {"dmean2": 0, "median": 0.0821917802095, "min": 0.0821917802095, "dvar2": 0, "dvar": 0, "dmean": 0, "max": 0.0821917802095, "var": 0, "mean": 0.0821917802095}, "beats_count": 366, "bpm_histogram_second_peak_bpm": {"dmean2": 0, "median": 133, "min": 133, "dvar2": 0, "dvar": 0, "dmean": 0, "max": 133, "var": 0, "mean": 133}, "bpm_histogram_first_peak_spread": {"dmean2": 0, "median": 0.483333349228, "min": 0.483333349228, "dvar2": 0, "dvar": 0, "dmean": 0, "max": 0.483333349228, "var": 0, "mean": 0.483333349228}, "beats_loudness_band_ratio": {"dmean2": [0.41090258956, 0.314289063215, 0.189280703664, 0.0733720734715, 0.172898292542, 0.154030412436], "median": [0.48665574193, 0.145783960819, 0.0400992184877, 0.00414035655558, 0.00490888301283, 0.0029890332371], "min": [0, 0, 0, 0, 0, 0], "dvar2": [0.116834953427, 0.105749845505, 0.0785426422954, 0.0415380746126, 0.0801043212414, 0.065961509943], "dvar": [0.0551227293909, 0.0409154742956, 0.0302078630775, 0.0135535830632, 0.0290749408305, 0.0263341050595], "dmean": [0.239259049296, 0.182101339102, 0.111359760165, 0.0390011183918, 0.0939665734768, 0.0880879536271], "max": [0.995947480202, 0.952717661858, 0.958609879017, 0.791578352451, 0.985569357872, 0.826937437057], "var": [0.101629152894, 0.0678414702415, 0.0338598713279, 0.00906088855118, 0.0301487017423, 0.032707516104], "mean": [0.480400413275, 0.253346830606, 0.115595467389, 0.0276195369661, 0.0760466903448, 0.095398940146]}}, "lowlevel": {"barkbands_spread": {"dmean2": 9.4248418808, "median": 6.4095492363, "min": 0.138217523694, "dvar2": 229.928863525, "dvar": 95.4798049927, "dmean": 5.73828315735, "max": 143.550872803, "var": 1044.91772461, "mean": 22.7559356689}, "melbands_spread": {"dmean2": 13.4452171326, "median": 6.0253944397, "min": 0.266275107861, "dvar2": 659.151672363, "dvar": 271.972412109, "dmean": 8.19696617126, "max": 273.214416504, "var": 1908.88818359, "mean": 26.1935253143}, "hfc": {"dmean2": 12.412984848, "median": 4.53230333328, "min": 1.07257035871e-16, "dvar2": 2820.60864258, "dvar": 1152.35449219, "dmean": 7.73764181137, "max": 925.556762695, "var": 4599.19775391, "mean": 25.8508224487}, "barkbands_kurtosis": {"dmean2": 17.1462268829, "median": 8.4370765686, "min": -1.9701539278, "dvar2": 1080.2298584, "dvar": 403.349304199, "dmean": 10.1854486465, "max": 404.179077148, "var": 671.853027344, "mean": 16.2771549225}, "gfcc": {"mean": [-190.138427734, 112.548522949, -70.1678161621, 42.1547203064, -48.3566513062, -0.261581361294, -50.9159660339, 6.30393743515, -11.7711458206, -2.34516787529, -12.0319442749, -9.88211631775, -3.44864559174], "icov": [[0.000180118673597, -0.000470437953481, 0.000381427002139, -0.000504560710397, 0.000360152218491, -0.000441579672042, 0.000487755110953, -0.000383917096769, 0.000245074392296, -6.90773595124e-05, -0.000233777958783, 0.000294006749755, -0.000163658798556], [-0.000470437953481, 0.00179929321166, -0.00115144334268, 0.00131215655711, -0.00116129161324, 0.0020472665783, -0.0011369488202, 0.00107495486736, -0.000707437982783, 0.000474762055092, 0.000691115565132, -0.000256772793364, -0.000366056221537], [0.000381427002139, -0.00115144334268, 0.00148042000365, -0.00104015285615, 0.00113901158329, -0.0016654310748, 0.000604182016104, -0.000985663966276, 0.000456782610854, 3.27974776155e-05, -0.000426243845141, 0.000757248839363, -0.000504875031766], [-0.000504560710397, 0.00131215655711, -0.00104015285615, 0.00334426178597, -0.000649313093163, 0.000246443029027, -0.00206543831155, 0.00146968790796, -0.000447454513051, 0.000349115463905, -9.15234249987e-06, 0.000345276523149, 0.000461961288238], [0.000360152218491, -0.00116129161324, 0.00113901158329, -0.000649313093163, 0.00220339139923, -0.00187527458183, 0.000584092224017, -0.000880990526639, 0.000789550074842, 0.000573435507249, 0.000557897379622, -0.000139488809509, -0.000269109237706], [-0.000441579672042, 0.0020472665783, -0.0016654310748, 0.000246443029027, -0.00187527458183, 0.00556780630723, -0.000390543747926, -5.7418110373e-05, -2.59804583038e-05, 0.00174449197948, -0.00103001971729, -0.000600927625783, 0.000750965438783], [0.000487755110953, -0.0011369488202, 0.000604182016104, -0.00206543831155, 0.000584092224017, -0.000390543747926, 0.00433894153684, -0.000400445220293, 0.000840208493173, -0.00193574372679, -0.000863878580276, 0.000167763108038, 0.000560231739655], [-0.000383917096769, 0.00107495486736, -0.000985663966276, 0.00146968790796, -0.000880990526639, -5.7418110373e-05, -0.000400445220293, 0.00651684682816, -0.0019470868865, -0.00257144775242, 0.000273351528449, -8.94212098501e-06, 0.00165114086121], [0.000245074392296, -0.000707437982783, 0.000456782610854, -0.000447454513051, 0.000789550074842, -2.59804583038e-05, 0.000840208493173, -0.0019470868865, 0.00410147709772, 0.000521769921761, -0.00182272482198, 0.00150717922952, 0.000708263134584], [-6.90773595124e-05, 0.000474762055092, 3.27974776155e-05, 0.000349115463905, 0.000573435507249, 0.00174449197948, -0.00193574372679, -0.00257144775242, 0.000521769921761, 0.00763955805451, 0.001763556269, -0.00173719238956, -0.000655784388073], [-0.000233777958783, 0.000691115565132, -0.000426243845141, -9.15234249987e-06, 0.000557897379622, -0.00103001971729, -0.000863878580276, 0.000273351528449, -0.00182272482198, 0.001763556269, 0.00876562297344, -0.00215275608934, -0.00329578621313], [0.000294006749755, -0.000256772793364, 0.000757248839363, 0.000345276523149, -0.000139488809509, -0.000600927625783, 0.000167763108038, -8.94212098501e-06, 0.00150717922952, -0.00173719238956, -0.00215275608934, 0.00908365566283, -0.0032455555629], [-0.000163658798556, -0.000366056221537, -0.000504875031766, 0.000461961288238, -0.000269109237706, 0.000750965438783, 0.000560231739655, 0.00165114086121, 0.000708263134584, -0.000655784388073, -0.00329578621313, -0.0032455555629, 0.0110185295343]], "cov": [[40801.2578125, 6183.56982422, -1863.65576172, 1764.75024414, -1638.0682373, -189.764770508, -1982.18017578, -5.19049453735, 349.351959229, -748.67980957, 615.528320312, -908.023498535, 576.193115234], [6183.56982422, 3884.01318359, -360.839630127, -596.92791748, 132.535263062, -1074.75769043, -116.464492798, -231.904586792, 36.373878479, 26.4097003937, -211.967254639, -61.5285491943, 264.239593506], [-1863.65576172, -360.839630127, 2560.62841797, 589.997680664, -591.827392578, 617.20690918, 139.407714844, 121.790214539, 168.71434021, -159.969573975, 239.912002563, -167.851028442, -26.9801578522], [1764.75024414, -596.92791748, 589.997680664, 996.257141113, -270.312103271, 478.625671387, 96.4954528809, -2.79726481438, 30.2603626251, -142.082519531, 190.108917236, -139.09715271, -46.5726737976], [-1638.0682373, 132.535263062, -591.827392578, -270.312103271, 1169.35009766, 50.357963562, -5.41387462616, -64.4573135376, -203.86946106, -53.0087013245, -150.36416626, 126.300231934, 1.52562487125], [-189.764770508, -1074.75769043, 617.20690918, 478.625671387, 50.357963562, 842.366149902, -88.5235214233, 87.1040649414, 12.6399374008, -214.026367188, 203.298324585, -53.182559967, -63.4497337341], [-1982.18017578, -116.464492798, 139.407714844, 96.4954528809, -5.41387462616, -88.5235214233, 515.986572266, -19.4150218964, -71.2168579102, 151.942153931, -40.6903800964, 49.784614563, -32.2790718079], [-5.19049453735, -231.904586792, 121.790214539, -2.79726481438, -64.4573135376, 87.1040649414, -19.4150218964, 276.375305176, 114.249397278, 63.6133766174, 5.27875089645, -39.284954071, -63.5729293823], [349.351959229, 36.373878479, 168.71434021, 30.2603626251, -203.86946106, 12.6399374008, -71.2168579102, 114.249397278, 401.328918457, -38.0083694458, 69.0780792236, -99.2520675659, -43.1130638123], [-748.67980957, 26.4097003937, -159.969573975, -142.082519531, -53.0087013245, -214.026367188, 151.942153931, 63.6133766174, -38.0083694458, 279.535888672, -89.177230835, 62.9777603149, -4.62501573563], [615.528320312, -211.967254639, 239.912002563, 190.108917236, -150.36416626, 203.298324585, -40.6903800964, 5.27875089645, 69.0780792236, -89.177230835, 242.560180664, 6.91733503342, 53.7152938843], [-908.023498535, -61.5285491943, -167.851028442, -139.09715271, 126.300231934, -53.182559967, 49.784614563, -39.284954071, -99.2520675659, 62.9777603149, 6.91733503342, 208.294998169, 66.2259979248], [576.193115234, 264.239593506, -26.9801578522, -46.5726737976, 1.52562487125, -63.4497337341, -32.2790718079, -63.5729293823, -43.1130638123, -4.62501573563, 53.7152938843, 66.2259979248, 162.408798218]]}, "spectral_energyband_middle_low": {"dmean2": 0.00855320226401, "median": 0.00501637440175, "min": 1.58440276811e-22, "dvar2": 0.000260188389802, "dvar": 0.000108293279482, "dmean": 0.00535969575867, "max": 0.28344476223, "var": 0.000477274035802, "mean": 0.0128693589941}, "melbands_crest": {"dmean2": 6.17402172089, "median": 17.1909732819, "min": 1.65242052078, "dvar2": 28.2265644073, "dvar": 10.4755439758, "dmean": 3.69074726105, "max": 33.7807159424, "var": 38.7942810059, "mean": 17.6449890137}, "spectral_kurtosis": {"dmean2": 8.61218738556, "median": 9.32999515533, "min": -1.80845403671, "dvar2": 129.165328979, "dvar": 45.7565155029, "dmean": 5.05553150177, "max": 110.163047791, "var": 166.7631073, "mean": 12.7066287994}, "spectral_rms": {"dmean2": 0.00142594322097, "median": 0.00349019304849, "min": 3.10462614818e-12, "dvar2": 4.2415513235e-06, "dvar": 1.71592137121e-06, "dmean": 0.000899847538676, "max": 0.019754299894, "var": 1.00972047221e-05, "mean": 0.00391344726086}, "zerocrossingrate": {"dmean2": 0.0125359678641, "median": 0.0263671875, "min": 0.001953125, "dvar2": 0.000341717939591, "dvar": 0.000266653776634, "dmean": 0.00974979158491, "max": 0.533203125, "var": 0.0117826098576, "mean": 0.0780492573977}, "silence_rate_60dB": {"dmean2": 0.0915681049228, "median": 0, "min": 0, "dvar2": 0.0964078009129, "dvar": 0.0436843819916, "dmean": 0.0457782298326, "max": 1, "var": 0.213853791356, "mean": 0.309853792191}, "erbbands_kurtosis": {"dmean2": 7.23399305344, "median": 3.99029159546, "min": -1.97397100925, "dvar2": 120.900222778, "dvar": 44.8920593262, "dmean": 4.32454538345, "max": 118.451812744, "var": 204.220733643, "mean": 8.60748577118}, "erbbands": {"dmean2": [0.132522091269, 1.59613060951, 5.30181932449, 11.4052114487, 11.7454547882, 6.58379220963, 29.051858902, 10.0809774399, 18.2613544464, 6.83316755295, 11.6954879761, 3.24420571327, 2.21341443062, 2.37050914764, 5.62946081161, 2.65442276001, 3.89810824394, 8.57603740692, 23.4082546234, 24.1006908417, 29.8856945038, 57.5469512939, 24.7276649475, 12.111790657, 10.4523115158, 8.96389293671, 5.15314340591, 4.16394758224, 1.8762793541, 0.765988409519, 1.59884190559, 14.6543331146, 0.918764531612, 0.551250934601, 0.213982149959, 0.0488613918424, 0.00623266771436, 0.000508088211063, 2.69768497674e-05, 2.24105424422e-05], "median": [0.0118586039171, 0.129333481193, 0.444917142391, 1.59171390533, 1.47839236259, 1.25739550591, 4.04349946976, 2.76898598671, 3.28221678734, 1.87900090218, 0.588636875153, 0.554664731026, 0.507834911346, 0.287588149309, 0.102368310094, 0.0491404086351, 0.0833656862378, 0.25392845273, 0.301352620125, 0.288951098919, 0.245194166899, 0.137834817171, 0.229304865003, 0.188640043139, 0.0870395451784, 0.122879289091, 0.0612106956542, 0.0407857149839, 0.0261852256954, 0.0210589915514, 0.0113937510177, 0.00899443216622, 0.00710762990639, 0.00516954809427, 0.00311163649894, 0.000873017474078, 0.000202732742764, 2.24844425247e-05, 8.62787055667e-06, 1.56765490829e-05], "min": [1.16291287184e-22, 2.3294100752e-22, 2.30938305514e-21, 3.22415030077e-21, 9.68058679717e-21, 2.06777365524e-20, 3.76467312802e-20, 3.96844260958e-20, 1.0247935439e-19, 1.93604427027e-19, 1.31674422692e-19, 2.65528595545e-19, 5.22439313275e-19, 6.50873527336e-19, 1.05946244113e-18, 1.31908631127e-18, 1.4941089401e-18, 2.0267827523e-18, 1.74955854667e-18, 3.10281238033e-18, 4.03805545452e-18, 4.11286029244e-18, 4.24872057215e-18, 5.83366604102e-18, 7.27374406049e-18, 8.6409305108e-18, 1.03379783914e-17, 1.01564668409e-17, 8.75492509819e-18, 1.18655733605e-17, 1.00836261433e-17, 1.02002569553e-17, 9.85480399765e-18, 7.6497191556e-18, 5.91610699677e-18, 4.42381609626e-18, 2.08147552081e-18, 9.40015802924e-19, 2.63907450791e-19, 2.79911424628e-20], "dvar2": [0.129429981112, 28.1627044678, 314.238098145, 913.133300781, 784.181030273, 219.284423828, 6556.515625, 1070.93334961, 2310.98657227, 404.970703125, 4407.17724609, 161.318283081, 36.6086235046, 1069.21533203, 9601.39453125, 565.157714844, 3109.25195312, 2122.296875, 21574.0566406, 23105.2460938, 41094.0234375, 280774.84375, 37334.109375, 11417.2568359, 7585.21044922, 3527.64355469, 1502.34020996, 3034.37011719, 816.881347656, 24.6991539001, 90.0036697388, 9589.69140625, 28.7924060822, 34.9680328369, 7.03636264801, 0.34367698431, 0.00632339157164, 2.66340794042e-05, 2.25032454892e-08, 2.47306686241e-09], "dvar": [0.0472928397357, 9.91672420502, 114.802253723, 398.274291992, 281.34588623, 83.8138122559, 2610.03125, 433.560028076, 960.756896973, 201.304199219, 1509.61206055, 60.0264472961, 16.0414333344, 383.754821777, 3559.14819336, 202.607528687, 1066.74597168, 770.620056152, 8121.91015625, 8562.04882812, 16192.5605469, 97924.484375, 13621.0087891, 4093.6628418, 2668.76489258, 1519.45397949, 1112.97644043, 1813.46252441, 276.707214355, 8.7746257782, 50.0680160522, 6174.14208984, 17.7900047302, 14.0235214233, 2.44705319405, 0.117996804416, 0.00222907052375, 9.84826147032e-06, 8.5029636665e-09, 1.001006944e-09], "dmean": [0.0775448232889, 0.928993105888, 3.17937803268, 7.11329126358, 7.08656692505, 3.99182319641, 17.6774177551, 6.16307449341, 11.0300588608, 4.2882566452, 6.61107730865, 1.93858838081, 1.33937954903, 1.35631263256, 3.13817763329, 1.49624836445, 2.14955687523, 4.88651704788, 13.5944070816, 13.6854228973, 17.4827804565, 31.7395114899, 13.8769435883, 6.79527568817, 5.72678089142, 5.25565719604, 3.32132482529, 2.59225606918, 1.04637181759, 0.436640292406, 1.13667821884, 11.2245731354, 0.666725039482, 0.344227969646, 0.118646077812, 0.026718782261, 0.00338556943461, 0.000279577361653, 1.6068419427e-05, 1.3992973436e-05], "max": [3.97920775414, 58.8776931763, 242.206787109, 694.607727051, 385.782928467, 244.195373535, 1022.79150391, 511.43447876, 1166.92492676, 712.32232666, 1943.29626465, 352.465423584, 148.926467896, 1111.71459961, 3130.35791016, 547.96685791, 1875.53845215, 748.20916748, 3461.43652344, 2594.56835938, 3758.5222168, 9020.90820312, 3384.94628906, 2147.81347656, 1409.98999023, 1890.5357666, 2773.4621582, 3835.20019531, 1081.64282227, 84.1948165894, 366.687042236, 4518.12011719, 219.311019897, 174.317428589, 84.5003204346, 15.925359726, 2.10719776154, 0.137449160218, 0.00319330580533, 0.000673195056152], "var": [0.104341037571, 12.0811023712, 157.109558105, 1822.32507324, 797.929382324, 213.813812256, 5211.06005859, 767.47064209, 4056.46875, 1157.31640625, 1664.71057129, 131.592330933, 74.5461807251, 266.555267334, 2516.37988281, 134.643005371, 606.104675293, 646.778076172, 6739.62646484, 7439.41015625, 14345.0214844, 58018.1445312, 9196.23730469, 2569.51660156, 1709.29858398, 1906.99975586, 4398.27783203, 5326.47851562, 194.893859863, 7.2878947258, 567.984558105, 86032.1875, 216.249557495, 67.4937744141, 1.63750350475, 0.0682240799069, 0.00133380596526, 6.97383211445e-06, 1.54063037883e-08, 4.05498656875e-09], "mean": [0.127998888493, 1.15318858624, 4.18625974655, 12.9849081039, 13.1625909805, 7.58076715469, 29.4777259827, 11.3152103424, 21.4351024628, 9.60747909546, 8.45710659027, 3.3318464756, 2.7322537899, 1.60274291039, 2.7430036068, 1.37343287468, 1.8318978548, 5.0987329483, 14.1363611221, 14.7707662582, 17.6379432678, 25.1923103333, 11.3968219757, 5.46605062485, 4.32638120651, 5.77536535263, 4.6244301796, 3.54921126366, 0.949838042259, 0.609091639519, 6.67702245712, 80.0218963623, 4.24394369125, 1.15791356564, 0.13111834228, 0.0236976612359, 0.00288143660873, 0.000321690225974, 4.36070295109e-05, 3.9385198761e-05]}, "spectral_strongpeak": {"dmean2": 1.71324002743, "median": 0.443121761084, "min": 0, "dvar2": 51.4610404968, "dvar": 21.6373023987, "dmean": 0.972680568695, "max": 107.522438049, "var": 125.581123352, "mean": 3.21655392647}, "spectral_energy": {"dmean2": 0.0180730205029, "median": 0.0124859847128, "min": 9.87967075292e-21, "dvar2": 0.00143051228952, "dvar": 0.000557913794182, "dmean": 0.0111712487414, "max": 0.399988174438, "var": 0.00152558949776, "mean": 0.0260475464165}, "average_loudness": 0.0993996709585, "spectral_rolloff": {"dmean2": 842.866394043, "median": 430.6640625, "min": 64.599609375, "dvar2": 4937693, "dvar": 1928049.75, "dmean": 457.20526123, "max": 19552.1484375, "var": 15386805, "mean": 2251.13916016}, "spectral_centroid": {"dmean2": 390.720947266, "median": 488.836364746, "min": 101.589691162, "dvar2": 451334.9375, "dvar": 193701.765625, "dmean": 239.295181274, "max": 12063.8759766, "var": 2824949.25, "mean": 1199.40783691}, "pitch_salience": {"dmean2": 0.144217148423, "median": 0.497639596462, "min": 0.0627104640007, "dvar2": 0.0165965892375, "dvar": 0.00615984294564, "dmean": 0.0855157896876, "max": 0.962163567543, "var": 0.0258601605892, "mean": 0.484559506178}, "spectral_energyband_middle_high": {"dmean2": 0.00289101572707, "median": 7.9197830928e-05, "min": 1.0386456203e-21, "dvar2": 0.000345982640283, "dvar": 0.000127800885821, "dmean": 0.00165749131702, "max": 0.269063949585, "var": 9.41489561228e-05, "mean": 0.00165910541546}, "spectral_contrast_coeffs": {"dmean2": [0.0900481641293, 0.0819729268551, 0.0604738369584, 0.0489939861, 0.0459281280637, 0.0400045774877], "median": [-0.638897716999, -0.687214255333, -0.783491492271, -0.81208384037, -0.79419028759, -0.785448670387], "min": [-0.975963354111, -0.977878808975, -0.976354956627, -0.972392976284, -0.971587657928, -0.964793264866], "dvar2": [0.00528970779851, 0.00444802921265, 0.00273178843781, 0.00184062449262, 0.00198525516316, 0.00175598275382], "dvar": [0.00189686031081, 0.00163077237085, 0.0010455136653, 0.00069404381793, 0.000775767315645, 0.000745420577005], "dmean": [0.0536884181201, 0.0489485189319, 0.0363914854825, 0.0291520413011, 0.027821611613, 0.0246320404112], "max": [-0.279387712479, -0.384413123131, -0.420728504658, -0.474308311939, -0.468440443277, -0.411282300949], "var": [0.0138155659661, 0.0128618506715, 0.00892927963287, 0.00443164724857, 0.00670193554834, 0.00758832832798], "mean": [-0.637697398663, -0.694874167442, -0.776665210724, -0.809939205647, -0.784569680691, -0.77189385891]}, "melbands_skewness": {"dmean2": 1.96185171604, "median": 2.60372877121, "min": -5.86650037766, "dvar2": 5.52096414566, "dvar": 2.14133906364, "dmean": 1.20442342758, "max": 19.9052143097, "var": 9.94398212433, "mean": 3.39214658737}, "spectral_spread": {"dmean2": 1124111, "median": 3449589.25, "min": 520851.34375, "dvar2": 2363158691840.0, "dvar": 1032550809600.0, "dmean": 679738.9375, "max": 43353680, "var": 26728254668800.0, "mean": 4862231}, "dissonance": {"dmean2": 0.055344145745, "median": 0.444569438696, "min": 0.165721327066, "dvar2": 0.00378545862623, "dvar": 0.00138207315467, "dmean": 0.0325507596135, "max": 0.500000059605, "var": 0.00386128108948, "mean": 0.428783357143}, "spectral_skewness": {"dmean2": 0.789900243282, "median": 2.3425848484, "min": -0.284249514341, "dvar2": 0.753904163837, "dvar": 0.284921735525, "dmean": 0.471767127514, "max": 8.65407752991, "var": 1.83368325233, "mean": 2.44537734985}, "spectral_flux": {"dmean2": 0.0405489802361, "median": 0.0493048205972, "min": 6.44480580014e-11, "dvar2": 0.00343703571707, "dvar": 0.00139559432864, "dmean": 0.0244370624423, "max": 0.518089413643, "var": 0.00377083336934, "mean": 0.0636740922928}, "spectral_contrast_valleys": {"dmean2": [0.735501050949, 0.673046767712, 0.635200321674, 0.602594912052, 0.610242605209, 0.637996613979], "median": [-7.80249929428, -7.72588777542, -9.46451377869, -9.54063415527, -9.66857624054, -12.5718355179], "min": [-28.0245933533, -27.9037437439, -28.3073883057, -27.6255321503, -27.5454978943, -27.4286842346], "dvar2": [0.366569042206, 0.345356494188, 0.377179980278, 0.436298638582, 0.538885474205, 0.577344596386], "dvar": [0.157119765878, 0.164175838232, 0.171621754766, 0.199946135283, 0.252177923918, 0.240278989077], "dmean": [0.449725747108, 0.414942294359, 0.394901514053, 0.37513974309, 0.38381305337, 0.3920160532], "max": [-4.93994998932, -4.65895032883, -5.7590212822, -5.54512500763, -4.39040899277, -7.55913972855], "var": [9.3639421463, 8.85909461975, 7.23194074631, 7.38426494598, 6.63708353043, 4.55338096619], "mean": [-8.5076713562, -8.49746513367, -9.96262264252, -9.91361045837, -10.0599994659, -12.7412166595]}, "erbbands_flatness_db": {"dmean2": 0.0360003784299, "median": 0.243278712034, "min": 0.0409042574465, "dvar2": 0.00134514376987, "dvar": 0.000542032823432, "dmean": 0.0220021232963, "max": 0.523778319359, "var": 0.00542584061623, "mean": 0.238563492894}, "spectral_energyband_high": {"dmean2": 0.000610417337157, "median": 8.76510239323e-06, "min": 6.80814719012e-21, "dvar2": 9.49171499087e-06, "dvar": 5.72889393879e-06, "dmean": 0.000425072474172, "max": 0.1155924052, "var": 6.49694775348e-05, "mean": 0.00233154231682}, "spectral_entropy": {"dmean2": 0.420375049114, "median": 6.36099910736, "min": 4.26721191406, "dvar2": 0.197993308306, "dvar": 0.0805540457368, "dmean": 0.256891965866, "max": 9.81613349915, "var": 0.925897836685, "mean": 6.51776361465}, "silence_rate_20dB": {"dmean2": 0.000508711673319, "median": 1, "min": 0, "dvar2": 0.000762986950576, "dvar": 0.000254303391557, "dmean": 0.000254323502304, "max": 1, "var": 0.000127116203657, "mean": 0.999872863293}, "melbands_flatness_db": {"dmean2": 0.0571957565844, "median": 0.362679749727, "min": 0.00171082816087, "dvar2": 0.0036159066949, "dvar": 0.00146353605669, "dmean": 0.0354083366692, "max": 0.683729827404, "var": 0.0149625642225, "mean": 0.348352879286}, "barkbands": {"dmean2": [0.000154146444402, 0.00624551763758, 0.00562155153602, 0.00440660538152, 0.00288929627277, 0.00219585746527, 0.00117106642574, 0.000435388355982, 0.000136132977786, 4.07889128837e-05, 0.000142356904689, 6.04602064413e-05, 8.6795691459e-05, 0.000315227662213, 0.000481699913507, 0.000398563337512, 0.00115639728028, 0.000311830284772, 0.000223878756515, 0.000177362890099, 0.000101885496406, 4.87513098051e-05, 1.69427439687e-05, 0.000379385426641, 3.88824919355e-05, 4.89231160827e-06, 9.54761176786e-08], "median": [1.02286030597e-05, 0.000532740494236, 0.00034641296952, 0.00051900127437, 0.000482218747493, 0.000436909729615, 0.000186809484148, 2.40529298026e-05, 2.65326707449e-05, 1.06258312371e-05, 1.74007652731e-06, 1.02796764168e-06, 1.49078232425e-06, 5.75853664486e-06, 5.42082807442e-06, 4.31638409282e-06, 2.12490726881e-06, 3.75168724531e-06, 2.20342553803e-06, 2.31150147556e-06, 8.93565527349e-07, 6.6129229026e-07, 3.86362728477e-07, 3.99608126145e-07, 4.30072645941e-07, 1.28324984416e-07, 1.93012339444e-09], "min": [7.06779040564e-25, 1.78017033999e-24, 6.21787758281e-25, 1.36542021097e-24, 3.85087617923e-24, 4.22052732751e-24, 4.74348254868e-24, 3.61538739395e-24, 1.20388204741e-23, 1.78089277881e-23, 1.14924711883e-23, 2.42346921103e-23, 2.8742106061e-23, 3.13644753474e-23, 4.31595425349e-23, 4.87921671704e-23, 6.44964156411e-23, 7.95126669619e-23, 1.39017221282e-22, 1.65865502657e-22, 2.59124651494e-22, 2.7536180706e-22, 3.83760307385e-22, 5.52293813354e-22, 7.78724963978e-22, 1.22542718295e-21, 2.01765931365e-21], "dvar2": [1.78972214826e-07, 0.000399884564104, 0.000326949375449, 0.000136002214276, 3.51546113961e-05, 3.28869864461e-05, 1.146802515e-05, 5.76978482059e-06, 1.93039369378e-07, 1.95828135929e-08, 8.14205486677e-06, 1.66136373991e-07, 1.52720917868e-06, 3.59167756869e-06, 1.16216288006e-05, 6.54916948406e-06, 0.000101488971268, 5.4828528846e-06, 3.69767940356e-06, 1.27396492644e-06, 1.27765827074e-06, 6.30153294878e-07, 2.70171831573e-08, 6.30665999779e-06, 1.57933286005e-07, 3.61471363952e-09, 8.78918736836e-13], "dvar": [6.16117787899e-08, 0.000140995136462, 0.000119659547636, 5.84009503655e-05, 1.43229963214e-05, 1.29235368149e-05, 5.00964779349e-06, 1.96875384972e-06, 8.02845576686e-08, 7.5803248123e-09, 2.96567986879e-06, 6.22355003088e-08, 5.23862752289e-07, 1.30083037675e-06, 4.33376453657e-06, 2.43247222897e-06, 3.58178222086e-05, 2.11558062801e-06, 1.29107820612e-06, 5.29849558006e-07, 1.14042825317e-06, 2.16898783378e-07, 9.51115275427e-09, 4.07141169489e-06, 5.96665472585e-08, 1.2522998194e-09, 3.19482314952e-13], "dmean": [9.01937964954e-05, 0.00363717111759, 0.00331247993745, 0.00276043987833, 0.00175923842471, 0.00134885346051, 0.000715094269253, 0.000246646464802, 8.38007981656e-05, 2.45645605901e-05, 7.91868878878e-05, 3.448274947e-05, 4.76588284073e-05, 0.000178710441105, 0.000277368642855, 0.000227544674999, 0.000638922327198, 0.000176862726221, 0.000124046389828, 0.000103316902823, 7.44111312088e-05, 2.72746819974e-05, 9.41894177231e-06, 0.000289915653411, 2.27101390919e-05, 2.62967319031e-06, 5.46084422126e-08], "max": [0.00765335839242, 0.212978988886, 0.271694988012, 0.276543676853, 0.0640898570418, 0.0826995000243, 0.0910213291645, 0.0701108574867, 0.0123001346365, 0.00288964062929, 0.0943293422461, 0.00676707690582, 0.041055098176, 0.0349270924926, 0.0848326012492, 0.041162326932, 0.170486047864, 0.044149748981, 0.0323676839471, 0.0314790569246, 0.104824215174, 0.0299608260393, 0.00447433209047, 0.115543231368, 0.00976053066552, 0.00152758264448, 2.2568163331e-05], "var": [1.81397567189e-07, 0.000180147762876, 0.000154172681505, 0.000281903863652, 4.51941596111e-05, 3.10417708533e-05, 2.41846883e-05, 2.16218381865e-06, 2.80979321587e-07, 1.3887754946e-08, 2.04776347346e-06, 4.71488590392e-08, 2.96220946439e-07, 1.03475281321e-06, 3.5116484014e-06, 2.00998965738e-06, 2.20312431338e-05, 1.61671334808e-06, 7.78498019827e-07, 6.37283790184e-07, 4.51557434644e-06, 1.3230507534e-07, 6.1908305149e-09, 5.64007677895e-05, 1.72721144054e-07,