{"tonal": {"thpcp": [1, 0.834413468838, 0.629057109356, 0.607564628124, 0.574427008629, 0.500802695751, 0.461230278015, 0.440753608942, 0.458819329739, 0.501612067223, 0.469365358353, 0.422592163086, 0.429638683796, 0.502376139164, 0.694573879242, 0.779230058193, 0.636079192162, 0.507586717606, 0.456976354122, 0.421795606613, 0.480937331915, 0.541441738605, 0.479012012482, 0.435532480478, 0.456944644451, 0.480202138424, 0.521805107594, 0.518137991428, 0.482109218836, 0.520028233528, 0.526253521442, 0.470630407333, 0.439649999142, 0.432199269533, 0.482810735703, 0.762789189816], "hpcp": {"dmean2": [0.261660575867, 0.233786985278, 0.230537816882, 0.236896812916, 0.237410604954, 0.220897227526, 0.229972779751, 0.268751621246, 0.32084569335, 0.336129575968, 0.304972320795, 0.265506833792, 0.24590228498, 0.220016553998, 0.229660734534, 0.242807298899, 0.236072212458, 0.22327144444, 0.221625000238, 0.238530769944, 0.255910724401, 0.248052060604, 0.244447916746, 0.263656497002, 0.253696322441, 0.228559240699, 0.215933844447, 0.2230437994, 0.265937745571, 0.359749943018, 0.399486243725, 0.391634136438, 0.345581918955, 0.329980432987, 0.316072195768, 0.295125961304], "median": [0.109698712826, 0.108988851309, 0.110824882984, 0.110631585121, 0.104620352387, 0.099253937602, 0.0968663096428, 0.11921659112, 0.182033032179, 0.213215753436, 0.177675917745, 0.131163656712, 0.110405266285, 0.094568669796, 0.115089289844, 0.128897219896, 0.11334143579, 0.0998566001654, 0.101193465292, 0.110579438508, 0.131881862879, 0.134800612926, 0.122788563371, 0.131123974919, 0.120021343231, 0.106934309006, 0.0919339209795, 0.0907179564238, 0.114847823977, 0.224694162607, 0.294450491667, 0.260849237442, 0.172107845545, 0.146622121334, 0.13120919466, 0.117204084992], "min": [0.00147494918201, 0.00185524101835, 0.00134643004276, 0.000738858885597, 0.000816565996502, 0.000681329867803, 0.00158436258789, 0.00148481456563, 0.00200044643134, 0.00122370268218, 0.00197412073612, 0.00104049977381, 0.00222425349057, 0.00102481723297, 0.00232185935602, 0.00217114225961, 0.00102077028714, 0.00104162399657, 0.00122032407671, 0.00180291174911, 0.00106215651613, 0.00114035326988, 0.000570612435695, 0.000446690042736, 0.000528944190592, 0.00144206383266, 0.00137894565705, 0.000959434139077, 0.000857410777826, 0.00132452335674, 0.00163625739515, 0.00179370050319, 0.00106485455763, 0.000967381056398, 0.00158017978538, 0.00173677527346], "dvar2": [0.103058964014, 0.0872146785259, 0.0835842043161, 0.0935370251536, 0.09224960953, 0.0845967531204, 0.0873076096177, 0.101373218, 0.110631659627, 0.12140224129, 0.10785933584, 0.0978072658181, 0.09664298594, 0.0811339318752, 0.0826419144869, 0.0860888808966, 0.0847469568253, 0.0789867565036, 0.081120967865, 0.0841800197959, 0.087966747582, 0.0813255831599, 0.0821407064795, 0.0907755121589, 0.0900853127241, 0.0858114287257, 0.0826046094298, 0.0878925472498, 0.105618678033, 0.132014125586, 0.156068384647, 0.146116256714, 0.132749155164, 0.142604231834, 0.135951012373, 0.124919660389], "dvar": [0.0382298268378, 0.0320133008063, 0.0305865518749, 0.0355844609439, 0.0337524749339, 0.0307038761675, 0.0318045467138, 0.0369957499206, 0.0415035113692, 0.0462389886379, 0.039598993957, 0.035953361541, 0.034903023392, 0.0300126262009, 0.0301480237395, 0.032394208014, 0.0311915948987, 0.0295823980123, 0.0312688425183, 0.031675580889, 0.032259311527, 0.0299883447587, 0.029862454161, 0.0338367819786, 0.0344544164836, 0.0315529741347, 0.0298269260675, 0.0319006070495, 0.038171928376, 0.0489972643554, 0.061801392585, 0.054768435657, 0.0484739094973, 0.0516375228763, 0.0498500727117, 0.0460137277842], "dmean": [0.149045541883, 0.133880868554, 0.133234903216, 0.137217953801, 0.137363478541, 0.126986786723, 0.131434351206, 0.153337284923, 0.186493560672, 0.197226256132, 0.178401425481, 0.15386582911, 0.141858011484, 0.126711949706, 0.133255273104, 0.141633167863, 0.136654168367, 0.129425063729, 0.128805279732, 0.138733774424, 0.148268088698, 0.144545987248, 0.141401544213, 0.153590589762, 0.148589670658, 0.131823182106, 0.123821087182, 0.126658067107, 0.151664957404, 0.207719042897, 0.232005685568, 0.227210447192, 0.19729411602, 0.186901241541, 0.179178774357, 0.167464703321], "max": [1, 1, 1, 1, 1, 1, 1, 1, 1, 1, 1, 1, 1, 1, 1, 1, 1, 1, 1, 1, 1, 1, 1, 1, 1, 1, 1, 1, 1, 1, 1, 1, 1, 1, 1, 1], "var": [0.0459733009338, 0.0409778952599, 0.0430212020874, 0.060339614749, 0.0502397790551, 0.0412398688495, 0.0440152771771, 0.0517703332007, 0.0757128745317, 0.0858867764473, 0.0608067475259, 0.0484007075429, 0.0453357808292, 0.041501969099, 0.0467784963548, 0.0585921481252, 0.0486277341843, 0.0445451401174, 0.0517396405339, 0.0517456233501, 0.0536470152438, 0.0497491136193, 0.0451156310737, 0.0530366264284, 0.0594487041235, 0.0511314980686, 0.0508571565151, 0.0484693720937, 0.0491629987955, 0.0761352404952, 0.116488777101, 0.0821151137352, 0.0633174851537, 0.0734134688973, 0.0690708830953, 0.0539065673947], "mean": [0.190192759037, 0.181749001145, 0.189198583364, 0.206844583154, 0.193547338247, 0.174259960651, 0.177165657282, 0.207159653306, 0.28641423583, 0.321323037148, 0.26229339838, 0.209308281541, 0.188438609242, 0.173931494355, 0.198319151998, 0.223268732429, 0.19752523303, 0.179596021771, 0.188425540924, 0.198015987873, 0.21517136693, 0.213659211993, 0.198802396655, 0.214438661933, 0.217005714774, 0.194068998098, 0.181293919683, 0.178221538663, 0.199091672897, 0.314543485641, 0.412359654903, 0.344078451395, 0.259397774935, 0.250535130501, 0.236870527267, 0.206510826945]}, "tuning_equal_tempered_deviation": 0.0862046331167, "chords_changes_rate": 0.0717916116118, "key_key": "C", "tuning_diatonic_strength": 0.659660875797, "key_scale": "minor", "chords_number_rate": 0.00216010166332, "tuning_frequency": 441.017791748, "tuning_nontempered_energy_ratio": 0.829839766026, "chords_histogram": [17.204574585, 4.93011426926, 3.10038113594, 2.46505713463, 0.686149954796, 2.19822120667, 0.622617542744, 35.9339256287, 2.12198209763, 2.42693781853, 1.76620078087, 0.686149954796, 0.44472682476, 0.749682366848, 0.584498107433, 2.42693781853, 1.82973313332, 0.609911084175, 4.63786554337, 1.51207113266, 3.74841165543, 1.39771282673, 2.14739513397, 5.7687420845], "key_strength": 0.773585438728, "chords_key": "C", "chords_strength": {"dmean2": 0.0143636101857, "median": 0.53280210495, "min": 0.229474887252, "dvar2": 0.000182637159014, "dvar": 0.000114640395623, "dmean": 0.0122927576303, "max": 0.838049352169, "var": 0.0122292051092, "mean": 0.531513392925}, "chords_scale": "major", "hpcp_entropy": {"dmean2": 1.17585361004, "median": 2.93270492554, "min": 0.0715735852718, "dvar2": 0.863341331482, "dvar": 0.305846393108, "dmean": 0.692882239819, "max": 4.75519418716, "var": 0.578288197517, "mean": 2.87688851357}}, "metadata": {"audio_properties": {"equal_loudness": 0, "codec": "mp3", "downmix": "mix", "sample_rate": 44100, "analysis_sample_rate": 44100, "bit_rate": 153166, "md5_encoded": "bfc385da4963e010194d52b6f9895215", "length": 365.426940918, "replay_gain": -12.4771175385, "lossless": false}, "version": {"essentia_build_sha": "70f2e5ece6736b2c40cc944ad0e695b16b925413", "essentia": "2.1-beta2", "extractor": "music 1.0", "essentia_git_sha": "v2.1_beta2"}, "tags": {"title": ["No Control"], "media": ["CD"], "albumartist": ["Bullet for My Valentine"], "musicbrainz_recordingid": ["0cbdc2e3-234c-43c7-8272-53a2ea63b201"], "originalyear": ["2006"], "discnumber": ["1/1"], "bpm": ["101"], "catalognumber": ["TK0089"], "contentgroup": ["Metal"], "musicbrainz album type": ["album/live"], "musicbrainz album status": ["official"], "file_name": "Bullet for My Valentine - No Control.mp3", "musicbrainz_albumartistid": ["d530dbf9-69b1-404f-98f2-0431104f5a1e"], "date": ["2006"], "genre": ["Metal; Hardcore; Emocore; Emo; Screamo"], "musicbrainz album release country": ["US"], "album": ["The Poison - Live at Brixton"], "script": ["Latn"], "originaldate": ["2006"], "musicbrainz_albumid": ["eb79c2b7-f445-4a98-a0e5-16e2cdc89b04"], "artist": ["Bullet for My Valentine"], "musicbrainz_releasegroupid": ["7e278997-52dc-3805-9c74-11543f0a7053"], "tracknumber": ["11/13"], "label": ["Trustkill Records"], "albumartistsort": ["Bullet for My Valentine"], "acoustid_id": ["4af078e6-1531-4a1f-81b0-ac6faa88cfe7"], "musicbrainz_artistid": ["d530dbf9-69b1-404f-98f2-0431104f5a1e"]}}, "rhythm": {"bpm_histogram_first_peak_bpm": {"dmean2": 0, "median": 98, "min": 98, "dvar2": 0, "dvar": 0, "dmean": 0, "max": 98, "var": 0, "mean": 98}, "bpm": 97.9771728516, "bpm_histogram_second_peak_spread": {"dmean2": 0, "median": 0.125, "min": 0.125, "dvar2": 0, "dvar": 0, "dmean": 0, "max": 0.125, "var": 0, "mean": 0.125}, "bpm_histogram_first_peak_weight": {"dmean2": 0, "median": 0.22610014677, "min": 0.22610014677, "dvar2": 0, "dvar": 0, "dmean": 0, "max": 0.22610014677, "var": 0, "mean": 0.22610014677}, "onset_rate": 2.45999932289, "beats_position": [0.626938760281, 1.27709746361, 1.92725622654, 2.57741498947, 3.23918366432, 3.90095233917, 4.5627207756, 5.22448968887, 5.89786815643, 6.57124710083, 7.23301553726, 7.90639448166, 8.57977294922, 9.26476192474, 9.94974994659, 10.6347389221, 11.3197278976, 12.0047159195, 12.6780948639, 13.3514738083, 14.0248527527, 14.6982307434, 15.3716096878, 16.0565986633, 16.7415866852, 17.4149665833, 18.0999546051, 18.784942627, 19.4815406799, 20.1781406403, 20.8747386932, 21.5713367462, 22.2679367065, 22.9645347595, 23.6611328125, 24.3345127106, 25.0195007324, 25.7044887543, 26.3894786835, 27.0744667053, 27.747844696, 28.4212245941, 29.0946025848, 29.7563705444, 30.4181404114, 31.0915184021, 31.7648983002, 32.4382743835, 33.1000442505, 33.7618141174, 34.4119720459, 35.0621299744, 35.6890678406, 36.3160095215, 36.9429473877, 37.5698852539, 38.1968231201, 38.823764801, 39.4507026672, 40.0660324097, 40.6813583374, 41.2966880798, 41.9120178223, 42.5389556885, 43.1658935547, 43.8044433594, 44.4429931641, 45.0699310303, 45.6968688965, 46.3238105774, 46.9507484436, 47.5776863098, 48.1930160522, 48.8199539185, 49.4352836609, 50.0622215271, 50.6891593933, 51.2928771973, 51.9082069397, 52.5351448059, 53.1504745483, 53.7774124146, 54.4043540955, 55.0312919617, 55.6814498901, 56.3199996948, 56.9585494995, 57.5970954895, 58.2240333557, 58.8393630981, 59.4546928406, 60.0932426453, 60.7434005737, 61.3935585022, 62.0437164307, 62.6590461731, 63.2743759155, 63.8780937195, 64.4818115234, 65.0855331421, 65.6892471313, 66.29296875, 66.8966903687, 67.5004043579, 68.1041259766, 68.7078475952, 69.3115615845, 69.9036712646, 70.4957809448, 71.0762786865, 71.6567764282, 72.2488861084, 72.8409957886, 73.4331054688, 74.0368270874, 74.7102050781, 75.3719711304, 76.0221328735, 76.6722869873, 77.2992248535, 77.9377746582, 78.5647125244, 79.1800460815, 79.8069839478, 80.4223098755, 81.0376434326, 81.6413574219, 82.256690979, 82.8720169067, 83.4757385254, 84.0794525146, 84.6831741333, 85.2868881226, 85.9022216797, 86.5291595459, 87.1444854736, 87.7714233398, 88.3983688354, 89.0253067017, 89.6522445679, 90.2791824341, 90.8945083618, 91.521446228, 92.1367797852, 92.7521057129, 93.3790435791, 93.9943771362, 94.5980911255, 95.2134246826, 95.8287506104, 96.4208602905, 97.0477981567, 97.6631240845, 98.2900695801, 98.9170074463, 99.5439453125, 100.194099426, 100.855873108, 101.494422913, 102.121360779, 102.748298645, 103.363624573, 103.97895813, 104.617500305, 105.25605011, 105.906211853, 106.533149719, 107.148475647, 107.763809204, 108.367523193, 108.971244812, 109.563354492, 110.155464172, 110.759178162, 111.36289978, 111.966621399, 112.570335388, 113.162445068, 113.754554749, 114.33505249, 114.915550232, 115.496055603, 116.076553345, 116.657051086, 117.249160767, 117.841270447, 118.444984436, 119.025482178, 119.617591858, 120.209701538, 120.801811218, 121.393920898, 121.986030579, 122.578140259, 123.158638, 123.739135742, 124.319633484, 124.923355103, 125.527069092, 126.13079071, 126.722900391, 127.315010071, 127.91872406, 128.522445679, 129.137771606, 129.753097534, 130.356826782, 130.960540771, 131.575866699, 132.191192627, 132.806533813, 133.421859741, 134.02557373, 134.62928772, 135.233016968, 135.836730957, 136.440444946, 137.044174194, 137.659500122, 138.27482605, 138.890151978, 139.505477905, 140.120819092, 140.73614502, 141.339859009, 141.943572998, 142.570526123, 143.174240112, 143.777954102, 144.381668091, 144.985397339, 145.565887451, 146.146392822, 146.726898193, 147.307388306, 147.887893677, 148.503219604, 149.118545532, 149.73387146, 150.349197388, 150.952926636, 151.545028687, 152.160354614, 152.78729248, 153.402633667, 154.017959595, 154.621673584, 155.225387573, 155.829116821, 156.421218872, 157.013336182, 157.617050171, 158.22076416, 158.824493408, 159.428207397, 160.031921387, 160.635650635, 161.239364624, 161.843078613, 162.446792603, 163.050521851, 163.65423584, 164.246353149, 164.850067139, 165.477005005, 166.092330933, 166.568344116, 167.0443573, 167.520355225, 167.98475647, 168.449157715, 168.91355896, 169.412780762, 169.912017822, 170.411239624, 170.910476685, 171.409698486, 171.897323608, 172.384933472, 172.872558594, 173.360183716, 173.871017456, 174.393463135, 174.915908813, 175.449981689, 175.995635986, 176.541305542, 177.168243408, 177.795196533, 178.422134399, 179.060684204, 179.68762207, 180.302947998, 180.918273926, 181.533599854, 182.16053772, 182.775863647, 183.367980957, 183.960083008, 184.552200317, 185.13269043, 185.759628296, 186.374969482, 186.99029541, 187.582397461, 188.174514771, 188.77822876, 189.381942749, 189.985671997, 190.589385986, 191.193099976, 191.773605347, 192.354095459, 192.93460083, 193.515090942, 194.083984375, 194.652877808, 195.23336792, 195.825485229, 196.41758728, 196.998092651, 197.578598022, 198.170700073, 198.762802124, 199.354919434, 199.947021484, 200.539138794, 201.131240845, 201.734954834, 202.350296021, 202.965621948, 203.615783691, 204.277542114, 204.939315796, 205.612701416, 206.286071777, 206.936233521, 207.574783325, 208.21333313, 208.840270996, 209.455596924, 210.070922852, 210.686248779, 211.324798584, 211.963348389, 212.601898193, 213.22883606, 213.855773926, 214.471099854, 215.074829102, 215.713378906, 216.363540649, 217.013687134, 217.675460815, 218.337234497, 218.975784302, 219.614334106, 220.241271973, 220.868209839, 221.495147705, 222.122085571, 222.737411499, 223.364349365, 223.979675293, 224.606613159, 225.221939087, 225.837280273, 226.452606201, 227.079544067, 227.706481934, 228.321807861, 228.948745728, 229.564071655, 230.179412842, 230.783126831, 231.410064697, 232.037002563, 232.66394043, 233.290878296, 233.917816162, 234.544754028, 235.160079956, 235.775421143, 236.379135132, 236.982849121, 237.586578369, 238.201904297, 238.817230225, 239.432556152, 240.04788208, 240.674819946, 241.278549194, 241.870651245, 242.451156616, 243.043258667, 243.646972656, 244.12298584, 244.598999023, 245.075012207, 245.48135376, 245.876098633, 246.282440186, 246.677185059, 247.048706055, 247.408615112, 247.76852417, 248.140045166, 248.499954224, 248.859863281, 249.219772339, 249.591293335, 249.927978516, 250.264663696, 250.601348877, 250.938049316, 251.274734497, 251.611419678, 251.948120117, 252.284805298, 252.667938232, 253.051055908, 253.434188843, 253.817321777, 254.200454712, 254.583572388, 254.966705322, 255.349838257, 255.732971191, 256.116088867, 256.487609863, 256.870758057, 257.253875732, 257.636993408, 258.031738281, 258.426483154, 258.844451904, 259.262390137, 259.680358887, 260.098327637, 260.516265869, 260.934234619, 261.352203369, 261.770141602, 262.176513672, 262.594451904, 263.012420654, 263.430389404, 263.836730957, 264.24307251, 264.649414062, 265.067382812, 265.473724365, 265.891693115, 266.298034668, 266.704406738, 267.110748291, 267.540313721, 267.958282471, 268.376220703, 268.794189453, 269.212158203, 269.630096436, 270.048065186, 270.466033936, 270.883972168, 271.301940918, 271.719909668, 272.137878418, 272.544219971, 272.962158203, 273.380126953, 273.809692383, 274.239257812, 274.680450439, 275.133239746, 275.574401855, 276.027191162, 276.479980469, 276.944396973, 277.408782959, 277.873199463, 278.314361572, 278.755554199, 279.196716309, 279.637908936, 280.079101562, 280.520263672, 280.961456299, 281.402618408, 281.843811035, 282.284973145, 282.679718018, 283.074462891, 283.469207764, 283.852325439, 284.235473633, 284.618591309, 284.990112305, 285.37322998, 285.767974854, 286.151092529, 286.534240723, 286.917358398, 287.312103271, 287.695220947, 288.08996582, 288.473114014, 288.856231689, 289.239349365, 289.622497559, 289.994018555, 290.37713623, 290.760253906, 291.1434021, 291.514923096, 291.886444092, 292.257965088, 292.617858887, 292.989379883, 293.360900879, 293.732421875, 294.092315674, 294.45223999, 294.812133789, 295.172058105, 295.543579102, 295.915100098, 296.286621094, 296.65814209, 297.029663086, 297.401184082, 297.772705078, 298.144226074, 298.515716553, 298.852416992, 299.189117432, 299.525787354, 299.862487793, 300.187561035, 300.512634277, 300.837738037, 301.162811279, 301.487884521, 301.812957764, 302.138031006, 302.463134766, 302.788208008, 303.11328125, 303.438354492, 303.763427734, 304.088531494, 304.413604736, 304.738677979, 305.063751221, 305.388824463, 305.713928223, 306.131866455, 306.549835205, 306.967803955, 307.385742188, 307.826934814, 308.268127441, 308.709289551, 309.266571045, 309.835449219, 310.40435791, 310.984832764, 311.553741455, 312.145843506, 312.726348877, 313.306854248, 313.898956299, 314.49105835, 315.0831604, 315.663665771, 316.244171143, 316.824676514, 317.416778564, 317.997283936, 318.577758789, 319.169891357, 319.761993408, 320.342498779, 320.992645264, 321.642791748, 322.29296875, 322.989562988, 323.674560547, 324.359527588, 325.044525146, 325.717895508, 326.391296387, 327.064666748, 327.738037109, 328.399810791, 329.073181152, 329.758178711, 330.431549072, 331.104949951, 331.766693115, 332.428466797, 332.974151611, 333.519805908, 334.065490723, 334.61114502, 335.156829834, 335.702484131, 336.248168945, 336.793823242, 337.362701416, 337.91998291, 338.477264404, 339.127441406, 339.765991211, 340.462585449, 341.159179688, 341.855773926, 342.552368164, 343.248962402, 343.945587158, 344.642181396, 345.187835693, 345.733520508, 346.267578125, 346.813232422, 347.358917236, 347.904571533, 348.43862915, 348.972686768, 349.506744385, 350.040802002, 350.574859619, 351.0625, 351.561706543, 352.060943604, 352.490509033, 352.920074463, 353.349639893, 353.77923584, 354.20880127, 354.638366699, 355.067932129, 355.497497559, 355.927062988, 356.368255615, 356.844268799, 357.320251465, 357.796264648, 358.388397217, 358.980499268, 359.561004639, 360.141479492, 360.733612061, 361.314086914, 361.894592285, 362.486694336, 363.067199707, 363.647705078, 364.228210449, 364.80871582], "beats_loudness": {"dmean2": 0.015781564638, "median": 0.0211914256215, "min": 0.000341642851708, "dvar2": 0.000544647395145, "dvar": 0.000187789279153, "dmean": 0.00911207031459, "max": 0.160467922688, "var": 0.000404123973567, "mean": 0.0233386624604}, "danceability": 0.990408539772, "bpm_histogram_second_peak_weight": {"dmean2": 0, "median": 0.0637329295278, "min": 0.0637329295278, "dvar2": 0, "dvar": 0, "dmean": 0, "max": 0.0637329295278, "var": 0, "mean": 0.0637329295278}, "beats_count": 660, "bpm_histogram_second_peak_bpm": {"dmean2": 0, "median": 103, "min": 103, "dvar2": 0, "dvar": 0, "dmean": 0, "max": 103, "var": 0, "mean": 103}, "bpm_histogram_first_peak_spread": {"dmean2": 0, "median": 0.480836212635, "min": 0.480836212635, "dvar2": 0, "dvar": 0, "dmean": 0, "max": 0.480836212635, "var": 0, "mean": 0.480836212635}, "beats_loudness_band_ratio": {"dmean2": [0.220087185502, 0.129179775715, 0.152769342065, 0.162694677711, 0.12667170167, 0.0893076658249], "median": [0.191090032458, 0.0701717361808, 0.116243034601, 0.185033544898, 0.130743578076, 0.0708650499582], "min": [1.81694067578e-05, 0.000447375117801, 0.00641033565626, 0.00753119075671, 0.0123714618385, 0.00837295409292], "dvar2": [0.0709507986903, 0.0245313495398, 0.0230965167284, 0.0227551106364, 0.0169972367585, 0.0131789371371], "dvar": [0.0236302223057, 0.00863396469504, 0.00794076360762, 0.00859347730875, 0.00621547689661, 0.00439196964726], "dmean": [0.123963549733, 0.074071392417, 0.0861989334226, 0.0951964333653, 0.0732027888298, 0.0506014786661], "max": [0.921541273594, 0.641171038151, 0.626139938831, 0.84771412611, 0.76566773653, 0.599680304527], "var": [0.0823531672359, 0.0147978290915, 0.0160391405225, 0.0436103902757, 0.0123865967616, 0.00612588506192], "mean": [0.279723346233, 0.11112973839, 0.156424283981, 0.250403940678, 0.155106678605, 0.09180662781]}}, "lowlevel": {"barkbands_spread": {"dmean2": 8.37674236298, "median": 27.5517311096, "min": 2.16937232018, "dvar2": 85.984046936, "dvar": 36.8625411987, "dmean": 5.26972913742, "max": 90.9532852173, "var": 206.521957397, "mean": 27.1248321533}, "melbands_spread": {"dmean2": 13.022480011, "median": 28.165802002, "min": 2.39818787575, "dvar2": 203.878112793, "dvar": 92.2590484619, "dmean": 8.30174732208, "max": 199.320999146, "var": 352.99230957, "mean": 32.0862159729}, "hfc": {"dmean2": 9.9648399353, "median": 19.5251178741, "min": 1.20440620622e-16, "dvar2": 366.529388428, "dvar": 136.962554932, "dmean": 6.0967335701, "max": 180.318069458, "var": 325.223907471, "mean": 22.6476421356}, "barkbands_kurtosis": {"dmean2": 2.15672802925, "median": -0.0223660469055, "min": -1.83378040791, "dvar2": 11.7354211807, "dvar": 4.49240064621, "dmean": 1.30639433861, "max": 40.6022033691, "var": 6.74732112885, "mean": 0.692629933357}, "gfcc": {"mean": [-8.49955940247, 69.293800354, -162.655029297, 32.9829673767, -64.9761962891, 10.9118204117, -36.4199371338, 7.22568655014, -31.2173709869, -3.09435844421, -15.7515802383, -5.95273303986, -11.2461156845], "icov": [[0.000501125585288, -9.9311782833e-06, -0.000176092871698, -0.000565173220821, 0.000246545416303, -0.000672655412927, 1.73662010639e-05, 7.22946570022e-05, 0.000400343385991, -0.000382646918297, 0.000165352772456, -0.000286171503831, -0.000120256721857], [-9.9311782833e-06, 0.00422258814797, -0.00105829397216, -0.000689237029292, -0.0019596805796, 0.0025159122888, -0.00296032149345, 0.00254595349543, -0.00146235444117, 0.00308775692247, -0.00453510740772, 0.00472043268383, -0.0028287016321], [-0.000176092871698, -0.00105829397216, 0.00462621683255, -0.00351346819662, -7.66164594097e-05, -0.000837848638184, 0.00251009245403, -0.00254770298488, 0.00301190838218, -0.00412192381918, 0.0045702024363, -0.0037032070104, 0.00273652537726], [-0.000565173220821, -0.000689237029292, -0.00351346819662, 0.00561597431079, -0.00114440114703, -0.000219982699491, 0.000172668660525, 0.000360630365321, -0.00281277741306, 0.00230487366207, -0.00371058797464, 0.00358770485036, -0.00166838464793], [0.000246545416303, -0.0019596805796, -7.66164594097e-05, -0.00114440114703, 0.00881065987051, -0.00199090852402, -0.00392047083005, 0.00123349460773, 0.0022719646804, -0.0048538800329, 0.00386117957532, -0.00322652468458, 0.00158644421026], [-0.000672655412927, 0.0025159122888, -0.000837848638184, -0.000219982699491, -0.00199090852402, 0.0103409755975, -0.00366210611537, -0.00220932392403, 0.000596307916567, 0.00501384027302, -0.00591858383268, 0.00240760995075, -0.00119181361515], [1.73662010639e-05, -0.00296032149345, 0.00251009245403, 0.000172668660525, -0.00392047083005, -0.00366210611537, 0.0142477713525, -0.00682291900739, 0.000660857127514, 0.0014742751373, 0.000551306176931, -0.0016879189061, 0.00210315897129], [7.22946570022e-05, 0.00254595349543, -0.00254770298488, 0.000360630365321, 0.00123349460773, -0.00220932392403, -0.00682291900739, 0.0214042123407, -0.00873294845223, -0.000523729075212, 0.00266517675482, 0.000177125315531, -0.000166987781995], [0.000400343385991, -0.00146235444117, 0.00301190838218, -0.00281277741306, 0.0022719646804, 0.000596307916567, 0.000660857127514, -0.00873294845223, 0.0185611825436, -0.00816029962152, 0.00147074169945, 0.00215786951594, -0.00268713384867], [-0.000382646918297, 0.00308775692247, -0.00412192381918, 0.00230487366207, -0.0048538800329, 0.00501384027302, 0.0014742751373, -0.000523729075212, -0.00816029962152, 0.0254340153188, -0.0107728494331, 0.000913399213459, 0.00203230720945], [0.000165352772456, -0.00453510740772, 0.0045702024363, -0.00371058797464, 0.00386117957532, -0.00591858383268, 0.000551306176931, 0.00266517675482, 0.00147074169945, -0.0107728494331, 0.0235027428716, -0.0108668897301, 0.00168711785227], [-0.000286171503831, 0.00472043268383, -0.0037032070104, 0.00358770485036, -0.00322652468458, 0.00240760995075, -0.0016879189061, 0.000177125315531, 0.00215786951594, 0.000913399213459, -0.0108668897301, 0.0290820449591, -0.01008810848], [-0.000120256721857, -0.0028287016321, 0.00273652537726, -0.00166838464793, 0.00158644421026, -0.00119181361515, 0.00210315897129, -0.000166987781995, -0.00268713384867, 0.00203230720945, 0.00168711785227, -0.01008810848, 0.0230523813516]], "cov": [[6492.02441406, 907.973022461, 2671.32299805, 2540.93310547, 595.652282715, 615.677185059, 52.7233085632, 154.028411865, -53.2329216003, 239.690551758, 168.821807861, 6.95581293106, -37.4354553223], [907.973022461, 999.900390625, 492.019470215, 763.119689941, 290.183563232, 85.2360153198, 174.531036377, -26.3264846802, 45.7655754089, 4.18665409088, 141.323989868, -82.4063568115, 51.1374931335], [2671.32299805, 492.019470215, 1946.92358398, 1522.09960938, 386.227264404, 234.396499634, -49.3085670471, 113.814971924, -30.7901630402, 195.505004883, 20.4345226288, 3.70360517502, -76.4856109619], [2540.93310547, 763.119689941, 1522.09960938, 1634.57666016, 392.730743408, 264.119476318, 58.6151199341, 81.7659683228, 37.8118743896, 130.214752197, 118.533332825, -48.3348579407, -10.5179767609], [595.652282715, 290.183563232, 386.227264404, 392.730743408, 293.463684082, 101.412658691, 99.8167800903, 20.7274169922, -11.4702196121, 41.531627655, 30.1312675476, -3.866979599, -11.5155773163], [615.677185059, 85.2360153198, 234.396499634, 264.119476318, 101.412658691, 220.996688843, 77.1379623413, 43.2126731873, -10.3827676773, -0.216002747416, 42.601764679, 3.28802633286, -0.187126457691], [52.7233085632, 174.531036377, -49.3085670471, 58.6151199341, 99.8167800903, 77.1379623413, 174.50567627, 31.7023105621, 14.0654764175, -22.4689941406, 29.7521495819, -12.7714548111, 9.06842708588], [154.028411865, -26.3264846802, 113.814971924, 81.7659683228, 20.7274169922, 43.2126731873, 31.7023105621, 90.6639251709, 34.0400772095, 18.4677944183, -12.1596946716, -0.348560929298, -8.37082386017], [-53.2329216003, 45.7655754089, -30.7901630402, 37.8118743896, -11.4702196121, -10.3827676773, 14.0654764175, 34.0400772095, 98.6214447021, 21.0617237091, 11.6387319565, -15.4759874344, 12.960439682], [239.690551758, 4.18665409088, 195.505004883, 130.214752197, 41.531627655, -0.216002747416, -22.4689941406, 18.4677944183, 21.0617237091, 87.0831680298, 18.0121841431, 11.1714324951, -14.3572292328], [168.821807861, 141.323989868, 20.4345226288, 118.533332825, 30.1312675476, 42.601764679, 29.7521495819, -12.1596946716, 11.6387319565, 18.0121841431, 101.220504761, 11.3057851791, 19.0099372864], [6.95581293106, -82.4063568115, 3.70360517502, -48.3348579407, -3.866979599, 3.28802633286, -12.7714548111, -0.348560929298, -15.4759874344, 11.1714324951, 11.3057851791, 61.6422958374, 10.9447755814], [-37.4354553223, 51.1374931335, -76.4856109619, -10.5179767609, -11.5155773163, -0.187126457691, 9.06842708588, -8.37082386017, 12.960439682, -14.3572292328, 19.0099372864, 10.9447755814, 63.847114563]]}, "spectral_energyband_middle_low": {"dmean2": 0.00642883172259, "median": 0.00463785836473, "min": 5.72894669769e-22, "dvar2": 0.000222888935241, "dvar": 8.154031093e-05, "dmean": 0.00384378014132, "max": 0.134965077043, "var": 8.84945766302e-05, "mean": 0.00714076589793}, "melbands_crest": {"dmean2": 5.40376615524, "median": 11.3604221344, "min": 2.18363881111, "dvar2": 21.513217926, "dvar": 8.27069187164, "dmean": 3.26205253601, "max": 31.2953834534, "var": 26.2574920654, "mean": 12.2197685242}, "spectral_kurtosis": {"dmean2": 2.20943450928, "median": 3.38902330399, "min": -1.1927396059, "dvar2": 4.97256660461, "dvar": 1.59287047386, "dmean": 1.2625014782, "max": 18.3208389282, "var": 5.99760961533, "mean": 4.04234361649}, "spectral_rms": {"dmean2": 0.00126135267783, "median": 0.00424755178392, "min": 3.29633195739e-12, "dvar2": 3.58967940883e-06, "dvar": 1.42955752835e-06, "dmean": 0.000782454444561, "max": 0.0161414705217, "var": 4.74089620184e-06, "mean": 0.00423401966691}, "zerocrossingrate": {"dmean2": 0.0113592026755, "median": 0.07421875, "min": 0.017578125, "dvar2": 0.000167324964423, "dvar": 0.000137322422233, "dmean": 0.00935003720224, "max": 0.5078125, "var": 0.000789953453932, "mean": 0.0804063230753}, "silence_rate_60dB": {"dmean2": 0.0350130274892, "median": 0, "min": 0, "dvar2": 0.0429364703596, "dvar": 0.0172290280461, "dmean": 0.0175371710211, "max": 1, "var": 0.121198996902, "mean": 0.141114428639}, "erbbands_kurtosis": {"dmean2": 0.930218458176, "median": -0.171972990036, "min": -1.68437051773, "dvar2": 1.09085822105, "dvar": 0.419544219971, "dmean": 0.568834006786, "max": 14.7679138184, "var": 1.14213573933, "mean": -0.0144703602418}, "erbbands": {"dmean2": [0.11943731457, 1.71342086792, 5.8477101326, 6.3677239418, 8.23543262482, 10.8506717682, 11.0139455795, 11.3508167267, 12.7612733841, 13.1593809128, 13.6222934723, 20.7336387634, 25.4322357178, 30.0590114594, 33.2593040466, 34.8261604309, 27.5468215942, 28.8250102997, 23.5431175232, 18.9130802155, 19.7128486633, 19.707447052, 23.464302063, 28.3898410797, 20.8798694611, 14.6522874832, 11.9290237427, 11.7996835709, 7.21751451492, 5.48317813873, 3.47561144829, 2.59570336342, 1.4426035881, 0.59864628315, 0.265525609255, 0.070839419961, 0.0203868597746, 0.00418817577884, 0.000282967987005, 2.34720300796e-05], "median": [0.00622279709205, 0.126667976379, 0.867530345917, 1.57814025879, 2.02356171608, 2.84974694252, 2.94641041756, 3.30545043945, 4.25443220139, 4.52281713486, 5.08625078201, 8.2239112854, 9.42650222778, 12.8464813232, 11.4069404602, 13.3532066345, 12.6773700714, 16.182258606, 13.9042596817, 14.9640569687, 19.1604175568, 17.7225723267, 22.0105991364, 31.2512645721, 25.6717014313, 18.5881347656, 16.1891746521, 8.70082187653, 4.65845632553, 2.46159267426, 1.97920107841, 1.50503802299, 0.763546228409, 0.281592071056, 0.119553029537, 0.0275647006929, 0.00468000257388, 0.000351729860995, 2.76914051938e-05, 2.82331129711e-05], "min": [4.81315163571e-22, 8.70273248955e-21, 1.05974171476e-20, 4.91788051666e-20, 2.75905576329e-19, 3.12047191093e-19, 8.39530315701e-19, 9.11947289993e-19, 4.33903225483e-19, 1.46150437548e-18, 1.85372209249e-18, 3.17874735377e-18, 3.83620518708e-18, 1.01228078278e-18, 1.07103893721e-18, 2.43970738497e-18, 1.06125899471e-17, 5.05878226834e-18, 1.16345285805e-17, 1.06617054503e-17, 7.91726576164e-18, 6.21814000333e-18, 1.21271559943e-17, 1.32868375705e-17, 1.67361865151e-17, 1.85789017288e-17, 1.97376791966e-17, 1.63933912887e-17, 2.23190187208e-17, 1.8686767735e-17, 1.50381567711e-17, 1.71319792033e-17, 1.30260018808e-17, 1.09877386887e-17, 7.78869790621e-18, 6.45250756782e-18, 4.22804932864e-18, 1.44079911417e-18, 2.95558224461e-19, 3.8475139739e-20], "dvar2": [0.120678842068, 24.1937122345, 185.528152466, 165.035614014, 441.829101562, 1217.36816406, 1592.59680176, 1602.35571289, 2291.52416992, 1750.05908203, 1216.56323242, 2565.36425781, 3383.53979492, 4000.83374023, 4596.18017578, 4990.96386719, 2797.65649414, 3052.81542969, 3519.7277832, 1623.45239258, 1011.01818848, 1347.99414062, 1440.04821777, 1742.81347656, 1294.82226562, 620.891296387, 409.764556885, 975.807312012, 254.628265381, 192.56187439, 108.396728516, 53.0858802795, 19.5003242493, 5.16174221039, 0.601413369179, 0.0795009359717, 0.00705391447991, 0.000300080166198, 1.39808526001e-06, 2.09870854029e-09], "dvar": [0.0468437224627, 8.74108886719, 66.8777542114, 62.1347465515, 157.189620972, 427.814880371, 582.040527344, 646.798095703, 912.295959473, 640.060913086, 465.619354248, 1052.55078125, 1350.38867188, 1500.6184082, 1634.73962402, 1721.67480469, 997.250549316, 1125.98596191, 1258.30224609, 603.37701416, 382.473876953, 514.120727539, 569.244567871, 650.407043457, 486.147979736, 232.608032227, 147.574539185, 344.60748291, 100.831893921, 81.9972686768, 49.687122345, 24.986579895, 9.59265995026, 2.46392297745, 0.272951334715, 0.0331685170531, 0.00306007149629, 0.000128901898279, 6.0402624058e-07, 8.13611400474e-10], "dmean": [0.0707063227892, 0.978904366493, 3.44280433655, 3.84455633163, 4.8160572052, 6.13745689392, 6.36792898178, 6.92091417313, 7.82496356964, 7.64256906509, 8.0564994812, 12.6643266678, 15.5928525925, 17.9670772552, 19.6961994171, 20.4971351624, 16.3022117615, 17.217546463, 14.1300544739, 11.3286552429, 11.7818393707, 11.7857913971, 14.1579666138, 16.7959117889, 12.4201803207, 8.69505119324, 7.05387496948, 6.71698331833, 4.29174232483, 3.30933904648, 2.16711068153, 1.61903464794, 0.909546732903, 0.392799586058, 0.173668771982, 0.0471702925861, 0.0138018559664, 0.00274654710665, 0.000178613816388, 1.44287441799e-05], "max": [3.40326356888, 33.6471366882, 149.024200439, 187.711013794, 210.554855347, 350.908508301, 586.418395996, 682.671936035, 1022.38684082, 1023.36871338, 430.211364746, 739.222106934, 970.673522949, 1300.76550293, 769.615234375, 922.379821777, 596.537902832, 1184.37548828, 1652.43798828, 1091.25170898, 703.425109863, 803.116943359, 730.333251953, 565.351135254, 993.717346191, 535.489257812, 254.558105469, 314.781707764, 279.498352051, 272.718231201, 225.691650391, 134.109329224, 120.076576233, 77.2863082886, 18.1924438477, 9.71950626373, 3.26548147202, 0.541873455048, 0.0398445501924, 0.000792824837845], "var": [0.0404777936637, 6.72305297852, 68.9002685547, 81.4487304688, 139.798416138, 290.67098999, 443.897003174, 640.034301758, 913.614196777, 530.879760742, 538.460449219, 1456.68933105, 2230.03027344, 3093.43286133, 4348.66308594, 4311.23291016, 2657.31958008, 2687.97436523, 2785.30810547, 1412.48022461, 791.13470459, 822.821044922, 1266.31518555, 1631.47961426, 1024.23583984, 459.107147217, 278.394744873, 312.840820312, 139.563430786, 109.414627075, 77.8378219604, 46.7491493225, 21.2329025269, 4.99032688141, 0.45457676053, 0.0435520634055, 0.00434708455577, 0.000177463836735, 7.46042530864e-07, 1.11701348171e-09], "mean": [0.0691995546222, 1.02151286602, 4.59213161469, 5.60980272293, 6.27995920181, 6.69744491577, 7.27843666077, 8.77422142029, 10.745434761, 9.69643783569, 11.1633090973, 18.9514560699, 24.9928035736, 32.4898223877, 38.5668640137, 40.4576377869, 33.7738189697, 35.3967437744, 29.7096042633, 25.1844425201, 26.1289520264, 25.0321331024, 32.1949462891, 40.6260566711, 31.3839416504, 21.914981842, 18.0579738617, 12.0861120224, 7.40882015228, 4.83834934235, 3.68725681305, 2.9038836956, 1.60630679131, 0.676044344902, 0.305390834808, 0.0835949629545, 0.0215769093484, 0.00361501332372, 0.000208928235224, 3.38692807418e-05]}, "spectral_strongpeak": {"dmean2": 0.697670996189, "median": 0.419114947319, "min": 4.30016605657e-10, "dvar2": 1.00619661808, "dvar": 0.371769547462, "dmean": 0.404356777668, "max": 9.82933044434, "var": 0.595622360706, "mean": 0.680839180946}, "spectral_energy": {"dmean2": 0.016337942332, "median": 0.0184927396476, "min": 1.11374497653e-20, "dvar2": 0.00100149831269, "dvar": 0.000381547753932, "dmean": 0.0098369885236, "max": 0.267060756683, "var": 0.000551380624529, "mean": 0.0232346132398}, "average_loudness": 0.784945607185, "spectral_rolloff": {"dmean2": 947.819152832, "median": 2153.3203125, "min": 107.666015625, "dvar2": 1251026.125, "dvar": 600013.5625, "dmean": 589.310852051, "max": 18561.6210938, "var": 1518747.75, "mean": 2289.78491211}, "spectral_centroid": {"dmean2": 381.93145752, "median": 2002.10949707, "min": 499.613037109, "dvar2": 125631.109375, "dvar": 57366.5703125, "dmean": 241.73739624, "max": 10650.4804688, "var": 211766.65625, "mean": 2036.42297363}, "pitch_salience": {"dmean2": 0.117593303323, "median": 0.665296792984, "min": 0.193714335561, "dvar2": 0.0118088126183, "dvar": 0.00446792226285, "dmean": 0.0707822144032, "max": 0.995612561703, "var": 0.0123092234135, "mean": 0.645389199257}, "spectral_energyband_middle_high": {"dmean2": 0.00287796277553, "median": 0.00442277966067, "min": 1.68058513254e-21, "dvar2": 1.82588955795e-05, "dvar": 6.80875746184e-06, "dmean": 0.00175585213583, "max": 0.0509271100163, "var": 4.39917384938e-05, "mean": 0.00703815324232}, "spectral_contrast_coeffs": {"dmean2": [0.089175209403, 0.0783987119794, 0.0617110207677, 0.046178933233, 0.032135553658, 0.026568043977], "median": [-0.627616465092, -0.786438286304, -0.808441877365, -0.81414103508, -0.801645576954, -0.727208375931], "min": [-0.961141705513, -0.973108530045, -0.984306395054, -0.975938498974, -0.980347573757, -0.971370279789], "dvar2": [0.00527597870678, 0.00386182963848, 0.00232625287026, 0.00123115826864, 0.000623908592388, 0.000472579587949], "dvar": [0.00190885504708, 0.00144086487126, 0.000840572814923, 0.000439551396994, 0.000223916271352, 0.000188335267012], "dmean": [0.0530935041606, 0.0467236787081, 0.0367465950549, 0.0271319746971, 0.0190561693162, 0.016187151894], "max": [-0.268399775028, -0.386150956154, -0.510376513004, -0.6176841259, -0.591057121754, -0.449989646673], "var": [0.00432949606329, 0.00378997321241, 0.00250171590596, 0.00123541301582, 0.000820152868982, 0.00192241196055], "mean": [-0.627609074116, -0.778818249702, -0.800782799721, -0.809481859207, -0.798858523369, -0.728559136391]}, "melbands_skewness": {"dmean2": 1.03103756905, "median": 1.59596312046, "min": -2.3083999157, "dvar2": 1.42367053032, "dvar": 0.578163802624, "dmean": 0.652011752129, "max": 9.98985958099, "var": 2.29140496254, "mean": 2.04186081886}, "spectral_spread": {"dmean2": 476906.8125, "median": 3650655.5, "min": 1722979.625, "dvar2": 396263456768, "dvar": 268670222336, "dmean": 315569.53125, "max": 39969040, "var": 1152467206140.0, "mean": 3693991.5}, "dissonance": {"dmean2": 0.0156418532133, "median": 0.490075230598, "min": 0.376904666424, "dvar2": 0.000247821066296, "dvar": 8.69364957907e-05, "dmean": 0.00902067683637, "max": 0.500000178814, "var": 0.000115271046525, "mean": 0.487351894379}, "spectral_skewness": {"dmean2": 0.264856368303, "median": 1.14294719696, "min": -0.146719485521, "dvar2": 0.0533377975225, "dvar": 0.0178721211851, "dmean": 0.154913693666, "max": 2.93147420883, "var": 0.181566461921, "mean": 1.24281692505}, "spectral_flux": {"dmean2": 0.0325974784791, "median": 0.0747663229704, "min": 1.05534116168e-10, "dvar2": 0.00216263183393, "dvar": 0.00108606030699, "dmean": 0.0205874592066, "max": 0.443030744791, "var": 0.00288706808351, "mean": 0.0843459069729}, "spectral_contrast_valleys": {"dmean2": [0.719713032246, 0.594189047813, 0.462935805321, 0.355921030045, 0.267578840256, 0.345857381821], "median": [-7.54837083817, -6.73436880112, -6.84263706207, -7.02556991577, -6.59585189819, -9.89108657837], "min": [-26.9449882507, -27.2608070374, -27.4208469391, -27.0482578278, -27.1873130798, -27.1632556915], "dvar2": [0.332780778408, 0.277593195438, 0.161092191935, 0.104167826474, 0.0824044942856, 0.198819965124], "dvar": [0.139508441091, 0.118743769825, 0.0798512846231, 0.0580594353378, 0.0523492246866, 0.101646065712], "dmean": [0.433049231768, 0.352639049292, 0.278454571962, 0.214371547103, 0.162611544132, 0.22712405026], "max": [-4.99217748642, -4.3202996254, -4.86355113983, -5.31519889832, -5.22386169434, -7.31882619858], "var": [4.08112382889, 0.506196320057, 0.382500737906, 0.306392252445, 0.522184252739, 0.93642604351], "mean": [-8.30579090118, -6.85202550888, -6.79956960678, -7.01427745819, -6.83964252472, -10.1303348541]}, "erbbands_flatness_db": {"dmean2": 0.0198041573167, "median": 0.158525943756, "min": 0.0610504411161, "dvar2": 0.000310509640258, "dvar": 0.000135757087264, "dmean": 0.0125578865409, "max": 0.383117467165, "var": 0.0039065186865