{"tonal": {"thpcp": [1, 0.533841729164, 0.102241024375, 0.047640196979, 0.0720476731658, 0.342185258865, 0.555431783199, 0.335462212563, 0.195389941335, 0.290506184101, 0.234506264329, 0.159167930484, 0.137782990932, 0.100729189813, 0.527458846569, 0.922262191772, 0.499612152576, 0.0642835646868, 0.0192053765059, 0.0323751047254, 0.284639000893, 0.585976004601, 0.377200722694, 0.0596213229001, 0.0170424226671, 0.0608924664557, 0.309017241001, 0.446557164192, 0.287154346704, 0.547907233238, 0.787856042385, 0.401109039783, 0.111680150032, 0.0704566463828, 0.107133843005, 0.624428629875], "hpcp": {"dmean2": [0.268470525742, 0.197239339352, 0.069253988564, 0.031821064651, 0.0492081604898, 0.153626799583, 0.20271499455, 0.137350797653, 0.0909324511886, 0.0782210975885, 0.0831808149815, 0.0857061520219, 0.0671383216977, 0.0544416382909, 0.153318434954, 0.211411878467, 0.155875384808, 0.0423926226795, 0.0123765859753, 0.0206435136497, 0.110733382404, 0.179679661989, 0.130740195513, 0.0382348671556, 0.0137624200433, 0.0379890240729, 0.122943840921, 0.150363564491, 0.124130211771, 0.199536845088, 0.212036401033, 0.140059739351, 0.0679802969098, 0.0439617782831, 0.0734208598733, 0.216697514057], "median": [0.110719405115, 0.0498987026513, 0.00648116040975, 0.00238166609779, 0.00499535724521, 0.0218597780913, 0.0276395194232, 0.0147934099659, 0.00602133246139, 0.00499258097261, 0.00662772264332, 0.00815744977444, 0.00590844312683, 0.00830431468785, 0.0307359155267, 0.0446715019643, 0.0239481516182, 0.00425606127828, 0.00138681975659, 0.00311187724583, 0.0166886579245, 0.0248497352004, 0.0121553922072, 0.00201630871743, 0.00100038701203, 0.00296036526561, 0.0119163636118, 0.0139350956306, 0.0191366523504, 0.031959079206, 0.0359828695655, 0.0204881876707, 0.00585745600984, 0.00286128139123, 0.0105732539669, 0.072912864387], "min": [0, 0, 0, 0, 0, 0, 0, 0, 0, 0, 0, 0, 0, 0, 0, 0, 0, 0, 0, 0, 0, 0, 0, 0, 0, 0, 0, 0, 0, 0, 0, 0, 0, 0, 0, 0], "dvar2": [0.111505381763, 0.0711228474975, 0.0193677749485, 0.00811540149152, 0.012643002905, 0.0688566118479, 0.0918426439166, 0.0561378709972, 0.0400594584644, 0.0373397618532, 0.0382661484182, 0.0453398935497, 0.0352856256068, 0.0143892513588, 0.0502925179899, 0.0979823470116, 0.0562898404896, 0.00946522224694, 0.00101476872806, 0.00258153490722, 0.034705273807, 0.0840174332261, 0.0574868507683, 0.0115039469674, 0.00248702382669, 0.0124454228207, 0.0515081100166, 0.0727374702692, 0.0389092043042, 0.0837051570415, 0.0987695604563, 0.052635461092, 0.0202225036919, 0.0122877843678, 0.0211163815111, 0.0773381590843], "dvar": [0.0601327754557, 0.0320810601115, 0.00723951635882, 0.00304337497801, 0.00455434946343, 0.0291313212365, 0.0501552522182, 0.0274931006134, 0.0145949227735, 0.0186409633607, 0.0174676459283, 0.0184277631342, 0.0161232110113, 0.00575532205403, 0.0234079826623, 0.0563186258078, 0.0273490753025, 0.00339929759502, 0.000365811109077, 0.000911151815671, 0.0154978437349, 0.0485450029373, 0.0293318573385, 0.00430499901995, 0.000855248305015, 0.00452882563695, 0.023903530091, 0.0395116433501, 0.0170932598412, 0.0372120626271, 0.0538296326995, 0.0239402037114, 0.00750815449283, 0.00458170939237, 0.00739617086947, 0.0332974977791], "dmean": [0.160495445132, 0.118662782013, 0.0392945706844, 0.0183171220124, 0.0279206354171, 0.0933830291033, 0.125901967287, 0.0883979052305, 0.0523873977363, 0.0469480939209, 0.0508855171502, 0.0504360124469, 0.0393497645855, 0.032119333744, 0.0956408903003, 0.12855951488, 0.0978234931827, 0.0239617396146, 0.00707549788058, 0.0116302045062, 0.0687786266208, 0.109699480236, 0.0830683410168, 0.0221720356494, 0.00746148079634, 0.0218246597797, 0.0773246213794, 0.0929295346141, 0.0753888860345, 0.122760847211, 0.129003748298, 0.0873790234327, 0.0392779372633, 0.0255218409002, 0.0404077582061, 0.130851835012], "max": [1, 1, 0.946959555149, 0.996577203274, 0.853951454163, 1, 1, 1, 1, 1, 1, 1, 1, 1, 1, 1, 1, 0.68758559227, 0.347428977489, 0.453853100538, 1, 1, 1, 1, 0.617633402348, 1, 1, 1, 1, 1, 1, 1, 0.98220705986, 1, 0.977364361286, 1], "var": [0.143278896809, 0.0559957250953, 0.00591931119561, 0.00242199050263, 0.00336440256797, 0.0387962609529, 0.0911213308573, 0.0430855713785, 0.0203080233186, 0.0599524788558, 0.0388374589384, 0.0194727741182, 0.0214298553765, 0.00588788557798, 0.0579130724072, 0.1568146348, 0.0573727339506, 0.00259098876268, 0.000261956418399, 0.000649574736599, 0.0255314800888, 0.107411086559, 0.0575837753713, 0.00361250014976, 0.000496172055136, 0.00362988724373, 0.0404052995145, 0.0816212520003, 0.0268103610724, 0.0709028840065, 0.135485470295, 0.0474350973964, 0.0064496952109, 0.00375477480702, 0.00521423341706, 0.0624121613801], "mean": [0.310600429773, 0.165811479092, 0.0317561067641, 0.014797065407, 0.022378038615, 0.106282889843, 0.172517359257, 0.104194708169, 0.0606881976128, 0.0902313441038, 0.0728377476335, 0.0494376271963, 0.0427954569459, 0.0312865301967, 0.163828939199, 0.28645503521, 0.1551797539, 0.0199665017426, 0.00596519792452, 0.0100557217374, 0.088408999145, 0.182004407048, 0.117158710957, 0.0185184087604, 0.00529338372871, 0.0189132262021, 0.0959808900952, 0.138700842857, 0.0891902595758, 0.170180216432, 0.244708418846, 0.124584637582, 0.0346879027784, 0.0218838639557, 0.0332758165896, 0.193947792053]}, "tuning_equal_tempered_deviation": 0.0561675578356, "chords_changes_rate": 0.0229048766196, "key_key": "G", "tuning_diatonic_strength": 0.613678693771, "key_scale": "major", "chords_number_rate": 0.00188628397882, "tuning_frequency": 440.763122559, "tuning_nontempered_energy_ratio": 0.681527495384, "chords_histogram": [29.7493934631, 0.781460523605, 31.0697917938, 2.39827537537, 2.72163844109, 0, 0, 0, 0, 0, 0, 0, 0, 0, 0, 0, 0, 0.0269469153136, 0, 0.0538938306272, 0, 21.9886817932, 6.46725940704, 4.7426571846], "key_strength": 0.825745344162, "chords_key": "D", "chords_strength": {"dmean2": 0.00958169903606, "median": 0.567281484604, "min": -1, "dvar2": 0.00114121078514, "dvar": 0.000612244126387, "dmean": 0.0105989985168, "max": 0.763436317444, "var": 0.0205825455487, "mean": 0.549514472485}, "chords_scale": "major", "hpcp_entropy": {"dmean2": 1.05069410801, "median": 1.33383357525, "min": 0, "dvar2": 0.740348160267, "dvar": 0.28184106946, "dmean": 0.610476851463, "max": 3.21707081795, "var": 0.508783817291, "mean": 1.29914283752}}, "metadata": {"audio_properties": {"equal_loudness": 0, "codec": "vorbis", "downmix": "mix", "sample_rate": 44100, "analysis_sample_rate": 44100, "bit_rate": 356000, "md5_encoded": "d9c17bc211fa3d49eed76e5a0a12cdde", "length": 172.270294189, "replay_gain": -15.8200654984, "lossless": false}, "version": {"essentia_build_sha": "cead25079874084f62182a551b7393616cd33d87", "essentia": "2.1-beta2", "extractor": "music 1.0", "essentia_git_sha": "v2.1_beta2-1-ge3940c0"}, "tags": {"title": ["Sergeant Cahill's / Behind the Bush in the Garden / Smash the Windows"], "barcode": ["016351230126"], "media": ["CD"], "albumartist": ["The Doon C\u00e9il\u00ed Band"], "tracktotal": ["19"], "musicbrainz_releasegroupid": ["cdf0d5ce-3294-4e6a-a521-93bbb8f9434f"], "releasetype": ["album"], "musicbrainz_recordingid": ["0cbf86ee-f2c6-4b5c-8f6b-93fdf1b16d34"], "musicbrainz_albumartistid": ["84c36a52-95be-436e-9948-676637d8cc9f"], "originalyear": ["2006"], "musicbrainz_releasetrackid": ["a21935cc-8662-4aec-8366-608cb6c68e8f"], "discnumber": ["1"], "album": ["Around the World for Sport"], "catalognumber": ["23001"], "releasecountry": ["US"], "originaldate": ["2006"], "albumartistsort": ["Doon C\u00e9il\u00ed Band, The"], "date": ["2006"], "file_name": "05 The Doon Ce\u0301ili\u0301 Band - Sergeant Cahill's _ Behind the Bush in the Garden _ Smash the Windows.ogg", "disctotal": ["1"], "acoustid_id": ["4d0f42b6-f145-444f-a768-aa0c5a6c00ab"], "musicbrainz_artistid": ["84c36a52-95be-436e-9948-676637d8cc9f"], "asin": ["B000FQJMX0"], "musicbrainz_albumid": ["5cbe8399-5f80-4396-b6be-93f0b4f29bca"], "tracknumber": ["5"], "artistsort": ["Doon C\u00e9il\u00ed Band, The"], "artist": ["The Doon C\u00e9il\u00ed Band"], "label": ["Shanachie"], "releasestatus": ["official"], "totaldiscs": ["1"], "script": ["Latn"], "totaltracks": ["19"]}}, "rhythm": {"bpm_histogram_first_peak_bpm": {"dmean2": 0, "median": 140, "min": 140, "dvar2": 0, "dvar": 0, "dmean": 0, "max": 140, "var": 0, "mean": 140}, "bpm": 138.643630981, "bpm_histogram_second_peak_spread": {"dmean2": 0, "median": 0.0666666030884, "min": 0.0666666030884, "dvar2": 0, "dvar": 0, "dmean": 0, "max": 0.0666666030884, "var": 0, "mean": 0.0666666030884}, "bpm_histogram_first_peak_weight": {"dmean2": 0, "median": 0.440506339073, "min": 0.440506339073, "dvar2": 0, "dvar": 0, "dmean": 0, "max": 0.440506339073, "var": 0, "mean": 0.440506339073}, "onset_rate": 4.31244468689, "beats_position": [0.452789098024, 0.905578196049, 1.34675729275, 1.77632653713, 2.20589566231, 2.63546490669, 3.06503391266, 3.50621318817, 3.92417216301, 4.34213161469, 4.77170038223, 5.20126962662, 5.61922883987, 6.03718805313, 6.45514726639, 6.8963265419, 7.32589578629, 7.75546455383, 8.18503379822, 8.6146030426, 9.04417228699, 9.4853515625, 9.92653083801, 10.3560991287, 10.774058342, 11.2036275864, 11.6331968307, 12.051156044, 12.4691152573, 12.8986845016, 13.3398637772, 13.7578229904, 14.1873922348, 14.6285715103, 15.0465307236, 15.4760990143, 15.9056682587, 16.3352375031, 16.7648067474, 17.1943759918, 17.6355552673, 18.0767345428, 18.5063037872, 18.9358730316, 19.3538322449, 19.7717914581, 20.2013607025, 20.6193199158, 21.0604991913, 21.5132884979, 21.9544658661, 22.3840351105, 22.8136043549, 23.2431735992, 23.6843528748, 24.1139221191, 24.5434913635, 24.984670639, 25.4142398834, 25.8438091278, 26.2617683411, 26.6913375854, 27.1209068298, 27.5504760742, 27.9800453186, 28.409614563, 28.8391838074, 29.2803630829, 29.7215423584, 30.1511096954, 30.5806789398, 31.0218582153, 31.4514274597, 31.8809967041, 32.3105659485, 32.7401351929, 33.1580963135, 33.5760536194, 34.0056228638, 34.4468002319, 34.8995895386, 35.3407707214, 35.7819480896, 36.2231292725, 36.6643066406, 37.1054878235, 37.5350570679, 37.9646263123, 38.3825836182, 38.8121528625, 39.2417221069, 39.6596832275, 40.0776405334, 40.4956016541, 40.9251708984, 41.3547401428, 41.795917511, 42.2370948792, 42.678276062, 43.1078453064, 43.5374145508, 43.9553718567, 44.3849411011, 44.8145103455, 45.2556915283, 45.6852607727, 46.1148300171, 46.5560073853, 46.9971885681, 47.4267578125, 47.8563270569, 48.2858963013, 48.7270736694, 49.1566429138, 49.5978240967, 50.0390014648, 50.480178833, 50.8981399536, 51.3393173218, 51.7804985046, 52.2216758728, 52.6396369934, 53.0692062378, 53.510383606, 53.9515647888, 54.3811340332, 54.8223114014, 55.2634925842, 55.7046699524, 56.1342391968, 56.5638084412, 57.0049858093, 57.4461669922, 57.8873443604, 58.3169136047, 58.7697029114, 59.222492218, 59.6520614624, 60.0932426453, 60.5228118896, 60.952381134, 61.3819503784, 61.8231277466, 62.252696991, 62.6938781738, 63.135055542, 63.5762329102, 64.0058059692, 64.4353713989, 64.8765487671, 65.3177337646, 65.7472991943, 66.1884765625, 66.6180496216, 67.0592269897, 67.5004043579, 67.9415893555, 68.3711547852, 68.8007278442, 69.2419052124, 69.6830825806, 70.1242599487, 70.5654373169, 71.0066223145, 71.4477996826, 71.8889770508, 72.3301544189, 72.759727478, 73.1892929077, 73.6188659668, 74.0484313965, 74.489616394, 74.9307937622, 75.3719711304, 75.8131484985, 76.2543258667, 76.6838989258, 77.1134643555, 77.5430374146, 77.9842147827, 78.4370040894, 78.8781814575, 79.3077545166, 79.7373199463, 80.1668930054, 80.5964584351, 81.0376434326, 81.4672088623, 81.8967819214, 82.3263473511, 82.7675247192, 83.1970977783, 83.6382751465, 84.0794525146, 84.5206298828, 84.9618148804, 85.4029922485, 85.8441696167, 86.2853469849, 86.7149200439, 87.1444854736, 87.5856704712, 88.0268478394, 88.4680252075, 88.8975982666, 89.3271636963, 89.7683410645, 90.2095184326, 90.6507034302, 91.0918807983, 91.5330581665, 91.9626312256, 92.3921966553, 92.8333740234, 93.274559021, 93.7157363892, 94.1453018188, 94.5748748779, 95.0160522461, 95.4456253052, 95.8751907349, 96.316368103, 96.7459411621, 97.1871185303, 97.6282958984, 98.0810852051, 98.5222625732, 98.9634475708, 99.3930130005, 99.8225860596, 100.252151489, 100.681724548, 101.111289978, 101.540863037, 101.982040405, 102.423217773, 102.852790833, 103.293968201, 103.72353363, 104.164710999, 104.605895996, 105.035461426, 105.476638794, 105.929428101, 106.35900116, 106.788566589, 107.218139648, 107.647705078, 108.088890076, 108.530067444, 108.971244812, 109.400817871, 109.841995239, 110.271560669, 110.712738037, 111.165527344, 111.61831665, 112.047889709, 112.477455139, 112.918640137, 113.348205566, 113.777778625, 114.218955994, 114.660133362, 115.10131073, 115.542495728, 115.960449219, 116.378410339, 116.79637146, 117.22593689, 117.655509949, 118.096687317, 118.537864685, 118.967437744, 119.397003174, 119.838180542, 120.27936554, 120.720542908, 121.150108337, 121.579681396, 122.020858765, 122.450431824, 122.879997253, 123.309570312, 123.739135742, 124.157096863, 124.598274231, 125.02784729, 125.45741272, 125.898590088, 126.351379395, 126.780952454, 127.222129822, 127.640090942, 128.081268311, 128.499221802, 128.963623047, 129.404800415, 129.822769165, 130.240722656, 130.681900024, 131.111465454, 131.541046143, 131.958999634, 132.388565063, 132.806533813, 133.236099243, 133.654052734, 134.095230103, 134.536407471, 134.954376221, 135.38394165, 135.801895142, 136.219863892, 136.637817383, 137.067382812, 137.485351562, 137.914916992, 138.35609436, 138.78565979, 139.226852417, 139.656417847, 140.085983276, 140.527160645, 140.968338013, 141.409515381, 141.827484131, 142.268661499, 142.709838867, 143.127792358, 143.545761108, 143.9637146, 144.393280029, 144.822860718, 145.275650024, 145.716827393, 146.158004761, 146.58757019, 147.01713562, 147.446716309, 147.887893677, 148.329071045, 148.758636475, 149.188201904, 149.629379272, 150.047348022, 150.476913452, 150.906478882, 151.34765625, 151.788833618, 152.230026245, 152.671203613, 153.100769043, 153.530334473, 153.971511841, 154.401092529, 154.830657959, 155.24861145, 155.67817688, 156.107757568, 156.537322998, 156.966888428, 157.408065796, 157.826034546, 158.255599976, 158.696777344, 159.126342773, 159.567520142, 159.99710083, 160.42666626, 160.844619751, 161.285797119, 161.715377808, 162.144943237, 162.586120605, 163.004074097, 163.433654785, 163.863220215, 164.269561768, 164.699142456, 165.140319824, 165.581497192, 166.022674561, 166.475463867, 166.916641235, 167.369430542, 167.81060791, 168.24017334, 168.669754028, 169.099319458, 169.540496826, 169.970062256, 170.411239624, 170.852416992, 171.293609619, 171.734786987], "beats_loudness": {"dmean2": 0.0294758416712, "median": 0.0279965661466, "min": 0, "dvar2": 0.000543671078049, "dvar": 0.000193131738342, "dmean": 0.0170409604907, "max": 0.0909654349089, "var": 0.000266200833721, "mean": 0.0307075381279}, "danceability": 1.41036868095, "bpm_histogram_second_peak_weight": {"dmean2": 0, "median": 0.0354430377483, "min": 0.0354430377483, "dvar2": 0, "dvar": 0, "dmean": 0, "max": 0.0354430377483, "var": 0, "mean": 0.0354430377483}, "beats_count": 396, "bpm_histogram_second_peak_bpm": {"dmean2": 0, "median": 133, "min": 133, "dvar2": 0, "dvar": 0, "dmean": 0, "max": 133, "var": 0, "mean": 133}, "bpm_histogram_first_peak_spread": {"dmean2": 0, "median": 0.540897071362, "min": 0.540897071362, "dvar2": 0, "dvar": 0, "dmean": 0, "max": 0.540897071362, "var": 0, "mean": 0.540897071362}, "beats_loudness_band_ratio": {"dmean2": [0.0566439926624, 0.188726738095, 0.447866261005, 0.413305222988, 0.095886066556, 0.0529763437808], "median": [0.0197681412101, 0.0222168769687, 0.461559951305, 0.315162360668, 0.0547841340303, 0.0185649394989], "min": [0, 0, 0, 0, 0, 0], "dvar2": [0.00601641228423, 0.0721133500338, 0.11280015111, 0.111876271665, 0.011218114756, 0.00408216239884], "dvar": [0.0025945736561, 0.0250436253846, 0.0391986630857, 0.0407200157642, 0.00397426076233, 0.00143332441803], "dmean": [0.0315211415291, 0.10742457211, 0.26266387105, 0.238062098622, 0.0555775985122, 0.02947704494], "max": [0.655525565147, 0.873919606209, 0.959715783596, 0.974111616611, 0.551625609398, 0.228473767638], "var": [0.0028342360165, 0.024756193161, 0.0582341514528, 0.0529564283788, 0.00419818190858, 0.00128237227909], "mean": [0.0320101045072, 0.0960282832384, 0.457580864429, 0.359291642904, 0.0731349214911, 0.031264398247]}}, "lowlevel": {"barkbands_spread": {"dmean2": 4.72525691986, "median": 9.80666732788, "min": 0.850142657757, "dvar2": 32.8018417358, "dvar": 12.2848310471, "dmean": 3.10647964478, "max": 144.815917969, "var": 53.6457138062, "mean": 10.9084806442}, "melbands_spread": {"dmean2": 8.31897068024, "median": 15.216006279, "min": 1.50208580494, "dvar2": 73.374382019, "dvar": 31.8314666748, "dmean": 5.50602960587, "max": 171.226196289, "var": 180.11807251, "mean": 17.5930767059}, "hfc": {"dmean2": 10.889799118, "median": 19.6772861481, "min": 1.08034671674e-16, "dvar2": 114.577178955, "dvar": 56.7701072693, "dmean": 7.89467811584, "max": 101.631286621, "var": 167.453811646, "mean": 21.9458408356}, "barkbands_kurtosis": {"dmean2": 3.96247625351, "median": 1.48002719879, "min": -1.91892063618, "dvar2": 33.8981552124, "dvar": 14.5670013428, "dmean": 2.55798220634, "max": 65.4964370728, "var": 31.6534767151, "mean": 3.19422674179}, "gfcc": {"mean": [-53.4298973083, 92.8349609375, -173.907958984, -1.15919435024, -68.1895141602, -2.97449994087, -28.7218379974, 0.106895469129, -22.4955368042, 4.39322853088, -11.3691511154, -10.0117444992, -9.01819038391], "icov": [[0.000483059964608, -0.000914434611332, 0.00179553381167, -0.00105843984056, 0.00117014662828, -0.000646863481961, 0.000104600097984, -0.000909354945179, 0.00109357549809, -0.00112577003893, 0.00131616380531, -0.000683710735757, 0.000195953281946], [-0.000914434611332, 0.00368961272761, -0.00325582316145, 0.00188366614748, -0.00203316495754, 0.000516836415045, 0.00050100160297, 0.00253093359061, -0.00258898362517, 0.00326187699102, -0.00465435581282, 0.00288012926467, -0.00152641371824], [0.00179553381167, -0.00325582316145, 0.00914114061743, -0.00448049139231, 0.00204724795185, -0.00151429930702, -1.48635872392e-05, -0.00281220208853, 0.00291445618495, -0.00327204796486, 0.00477008055896, -0.00314271333627, -9.45304782363e-06], [-0.00105843984056, 0.00188366614748, -0.00448049139231, 0.00945363752544, -0.00651270477101, 0.00286720204167, -0.000505003496073, 0.000449441897217, -0.00110216974281, 0.000767998280935, -0.000256224651821, 0.00121311307885, 0.00199298001826], [0.00117014662828, -0.00203316495754, 0.00204724795185, -0.00651270477101, 0.0170219838619, -0.0100008733571, 0.00115045846906, -0.000389630818972, 0.000699158816133, -0.00136468710843, 0.00156182632782, -0.00189151999075, 0.001340876217], [-0.000646863481961, 0.000516836415045, -0.00151429930702, 0.00286720204167, -0.0100008733571, 0.0168530438095, -0.00704770395532, 0.000223167895456, 0.00202660798095, -0.00165713147726, 0.00352812022902, -0.0022284493316, 0.00193499948364], [0.000104600097984, 0.00050100160297, -1.48635872392e-05, -0.000505003496073, 0.00115045846906, -0.00704770395532, 0.0141543084756, -0.00613084575161, 0.00140096456744, 0.000375927513232, -0.00247139506973, 0.00251065357588, -0.00387145695277], [-0.000909354945179, 0.00253093359061, -0.00281220208853, 0.000449441897217, -0.000389630818972, 0.000223167895456, -0.00613084575161, 0.0175503045321, -0.0112118050456, 0.00770364329219, -0.00102940003853, 0.00127707142383, 0.00069648202043], [0.00109357549809, -0.00258898362517, 0.00291445618495, -0.00110216974281, 0.000699158816133, 0.00202660798095, 0.00140096456744, -0.0112118050456, 0.0192512311041, -0.0102291759104, 0.0039125229232, -0.000412847177358, 0.00135705410503], [-0.00112577003893, 0.00326187699102, -0.00327204796486, 0.000767998280935, -0.00136468710843, -0.00165713147726, 0.000375927513232, 0.00770364329219, -0.0102291759104, 0.0194064769894, -0.0126959308982, 0.00414653914049, -0.000389758759411], [0.00131616380531, -0.00465435581282, 0.00477008055896, -0.000256224651821, 0.00156182632782, 0.00352812022902, -0.00247139506973, -0.00102940003853, 0.0039125229232, -0.0126959308982, 0.0228917840868, -0.0139651186764, 0.00668196985498], [-0.000683710735757, 0.00288012926467, -0.00314271333627, 0.00121311307885, -0.00189151999075, -0.0022284493316, 0.00251065357588, 0.00127707142383, -0.000412847177358, 0.00414653914049, -0.0139651186764, 0.0244406666607, -0.012951287441], [0.000195953281946, -0.00152641371824, -9.45304782363e-06, 0.00199298001826, 0.001340876217, 0.00193499948364, -0.00387145695277, 0.00069648202043, 0.00135705410503, -0.000389758759411, 0.00668196985498, -0.012951287441, 0.016224283725]], "cov": [[15631.9052734, 1052.88769531, -2478.38647461, -77.3951950073, -679.081726074, -39.0747108459, -111.392456055, 30.5310268402, -244.019363403, 84.8093414307, -128.654647827, -218.021331787, -147.389633179], [1052.88769531, 664.697998047, -68.6173171997, -75.0961990356, -46.0065956116, -48.7820053101, -72.6945114136, -98.9372253418, -15.4351701736, 37.6359062195, 117.858520508, 28.1105518341, 31.6202888489], [-2478.38647461, -68.6173171997, 614.49987793, 119.740921021, 165.928436279, 60.0992965698, 50.4486045837, 27.4993724823, 29.6745243073, -37.2370147705, -28.0236110687, 31.5207214355, 32.430141449], [-77.3951950073, -75.0961990356, 119.740921021, 251.218811035, 117.048927307, 62.562297821, 36.5376625061, 55.2335548401, 17.3469047546, -17.9692897797, -70.8945465088, -52.4047164917, -62.2254371643], [-679.081726074, -46.0065956116, 165.928436279, 117.048927307, 188.692077637, 109.460166931, 50.751625061, 26.7127189636, 8.29595947266, -14.5031070709, -35.3844032288, -9.37508678436, -22.047039032], [-39.0747108459, -48.7820053101, 60.0992965698, 62.562297821, 109.460166931, 166.909973145, 90.9243545532, 45.9840507507, -14.3789243698, -28.7539558411, -59.3328971863, -10.309627533, -4.27994346619], [-111.392456055, -72.6945114136, 50.4486045837, 36.5376625061, 50.751625061, 90.9243545532, 150.452575684, 80.4141159058, 3.14874768257, -38.9519119263, -48.9807548523, -8.03186798096, 20.019826889], [30.5310268402, -98.9372253418, 27.4993724823, 55.2335548401, 26.7127189636, 45.9840507507, 80.4141159058, 161.314376831, 54.3938484192, -53.4229660034, -79.2611541748, -42.4849052429, -18.9778842926], [-244.019363403, -15.4351701736, 29.6745243073, 17.3469047546, 8.29595947266, -14.3789243698, 3.14874768257, 54.3938484192, 114.074729919, 39.0785217285, 6.25977468491, -23.5010757446, -31.1139469147], [84.8093414307, 37.6359062195, -37.2370147705, -17.9692897797, -14.5031070709, -28.7539558411, -38.9519119263, -53.4229660034, 39.0785217285, 145.668670654, 101.348350525, 17.6488246918, -25.0923042297], [-128.654647827, 117.858520508, -28.0236110687, -70.8945465088, -35.3844032288, -59.3328971863, -48.9807548523, -79.2611541748, 6.25977468491, 101.348350525, 180.75352478, 75.2578430176, 10.5935573578], [-218.021331787, 28.1105518341, 31.5207214355, -52.4047164917, -9.37508678436, -10.309627533, -8.03186798096, -42.4849052429, -23.5010757446, 17.6488246918, 75.2578430176, 123.433509827, 83.5727462769], [-147.389633179, 31.6202888489, 32.430141449, -62.2254371643, -22.047039032, -4.27994346619, 20.019826889, -18.9778842926, -31.1139469147, -25.0923042297, 10.5935573578, 83.5727462769, 146.328033447]]}, "spectral_energyband_middle_low": {"dmean2": 0.00940269883722, "median": 0.0106033431366, "min": 1.85895324751e-22, "dvar2": 0.000105141414679, "dvar": 5.74699843128e-05, "dmean": 0.00681309727952, "max": 0.116817370057, "var": 0.000177147274371, "mean": 0.0143702924252}, "melbands_crest": {"dmean2": 6.69752788544, "median": 16.518327713, "min": 1.75108897686, "dvar2": 29.3999404907, "dvar": 12.9397192001, "dmean": 4.32633256912, "max": 34.5052108765, "var": 41.2613449097, "mean": 17.3154296875}, "spectral_kurtosis": {"dmean2": 5.09929561615, "median": 6.99843788147, "min": -1.24135684967, "dvar2": 17.566947937, "dvar": 5.95102548599, "dmean": 2.88558554649, "max": 57.5193443298, "var": 11.391951561, "mean": 7.64109802246}, "spectral_rms": {"dmean2": 0.00124360900372, "median": 0.00454114982858, "min": 3.1318771361e-12, "dvar2": 1.17372906061e-06, "dvar": 6.00397754624e-07, "dmean": 0.000912490941118, "max": 0.0110440822318, "var": 2.57549891103e-06, "mean": 0.00461914902553}, "zerocrossingrate": {"dmean2": 0.00801804009825, "median": 0.04931640625, "min": 0.01318359375, "dvar2": 6.16844990873e-05, "dvar": 3.99465861847e-05, "dmean": 0.00668313587084, "max": 0.552734375, "var": 0.00183461187407, "mean": 0.0542590282857}, "silence_rate_60dB": {"dmean2": 0.00431324960664, "median": 0, "min": 0, "dvar2": 0.00618208572268, "dvar": 0.00215178891085, "dmean": 0.00215633423068, "max": 1, "var": 0.0225119516253, "mean": 0.0230427160859}, "erbbands_kurtosis": {"dmean2": 2.85542726517, "median": 0.804936408997, "min": -1.62169528008, "dvar2": 18.1215877533, "dvar": 7.47911310196, "dmean": 1.80918347836, "max": 66.3472366333, "var": 15.3052206039, "mean": 1.83573865891}, "erbbands": {"dmean2": [0.000334783748258, 0.0155231915414, 0.133203536272, 0.163490071893, 0.171333491802, 0.5730047822, 3.33591079712, 9.05082702637, 47.624420166, 43.5516319275, 47.7552490234, 50.8440818787, 115.691917419, 119.481193542, 71.9530181885, 92.017364502, 50.2669410706, 72.502243042, 36.458694458, 28.6770114899, 19.2592658997, 10.6359415054, 6.31082725525, 9.48998641968, 10.7407655716, 8.64049243927, 5.39379787445, 2.307762146, 0.721530556679, 0.409448593855, 0.21802932024, 0.0969200730324, 0.0590735711157, 0.0226491391659, 0.0127479033545, 0.00384308747016, 0.000903978187125, 0.000161016636412, 2.10090984183e-05, 1.50146970554e-05], "median": [0.000313939643092, 0.0132438810542, 0.12565343082, 0.206091314554, 0.250303417444, 0.511384010315, 1.0732460022, 4.06287193298, 10.2043886185, 10.6741895676, 11.4846925735, 11.8589134216, 19.771402359, 26.5529327393, 19.5078086853, 22.3231582642, 21.4891395569, 21.9508342743, 17.2998409271, 12.3333969116, 11.3745470047, 6.42785024643, 4.52992105484, 6.01687145233, 6.72022104263, 5.07225847244, 3.19803595543, 1.77125406265, 0.656986773014, 0.331645727158, 0.195335045457, 0.0999742597342, 0.0532528311014, 0.0300978962332, 0.0155894747004, 0.00469146808609, 0.000912104209419, 0.000145114798215, 3.28349306074e-05, 2.71191165666e-05], "min": [2.04236366041e-22, 1.04577328781e-21, 4.026151382e-21, 9.33246977509e-21, 2.40717393851e-20, 2.81553281208e-20, 5.05523385738e-20, 1.26147201839e-19, 2.1992889426e-19, 2.69428700434e-19, 2.87741755413e-19, 4.41897822705e-19, 4.88225572176e-19, 7.60610047433e-19, 1.43251976002e-18, 1.33394009693e-18, 1.81491987713e-18, 2.41752302133e-18, 2.31746766803e-18, 3.38910868932e-18, 2.80273999862e-18, 3.97758524302e-18, 6.74477694802e-18, 7.98841983793e-18, 7.23012434525e-18, 9.31091868283e-18, 9.7328031291e-18, 1.0331221153e-17, 1.31114223411e-17, 1.29392662033e-17, 1.03401456046e-17, 1.22649411233e-17, 9.82066129069e-18, 7.69358040758e-18, 7.5739659551e-18, 4.62118139042e-18, 2.57513566961e-18, 1.04569453683e-18, 2.41744412898e-19, 2.94546285304e-20], "dvar2": [2.27792895657e-07, 0.000818760192487, 0.0522165596485, 0.0658742710948, 0.0945680439472, 1.66146624088, 127.11366272, 453.510681152, 12032.6474609, 7502.76464844, 11161.6435547, 12722.4248047, 69501.375, 80126.953125, 33579.0859375, 37258.640625, 7252.07470703, 18053.9648438, 3635.55053711, 2989.1628418, 936.994140625, 384.380401611, 125.811515808, 268.507019043, 421.778564453, 148.938705444, 71.3551940918, 9.97524738312, 1.03945064545, 0.421295672655, 0.132288977504, 0.0209634806961, 0.0117569444701, 0.000886460475158, 0.000345197622664, 2.30658588407e-05, 2.29827901421e-06, 7.06790785898e-08, 7.84315390412e-10, 2.1701995756e-10], "dvar": [1.22477970876e-07, 0.000450841122074, 0.0248199831694, 0.0318128056824, 0.0469834581017, 1.04039418697, 104.237785339, 243.317169189, 8419.14453125, 3626.29980469, 5998.00732422, 6980.2734375, 31655.2617188, 34103.8242188, 14683.2919922, 17423.0996094, 3701.69116211, 8205.34570312, 1447.28881836, 1316.52685547, 395.757629395, 153.02923584, 61.1772193909, 122.020248413, 250.841522217, 72.6877593994, 27.827917099, 4.25878047943, 0.439255684614, 0.179579854012, 0.0563238337636, 0.00977093447, 0.00523709831759, 0.000423464982305, 0.000171279229107, 1.22357241708e-05, 1.11272095182e-06, 3.65570613781e-08, 4.86254148058e-10, 1.13402079394e-10], "dmean": [0.000218515226152, 0.0106515605003, 0.0894970372319, 0.108709439635, 0.111661188304, 0.401621699333, 2.72128582001, 6.7741932869, 38.1496238708, 30.5202274323, 35.1833343506, 36.9006729126, 77.0572891235, 78.3125839233, 47.3427047729, 62.0353279114, 34.3300857544, 47.6839256287, 23.0619869232, 18.5016994476, 12.2375745773, 6.70810317993, 4.2156920433, 6.35354232788, 7.35057687759, 5.66819763184, 3.41396307945, 1.49907767773, 0.475605726242, 0.269969791174, 0.14378079772, 0.0654503926635, 0.0400911644101, 0.0157311931252, 0.00907287467271, 0.00286403251812, 0.000665856350679, 0.000121293967823, 1.69214690686e-05, 1.10592127385e-05], "max": [0.00992278102785, 0.639565944672, 3.28681516647, 4.03600645065, 6.52390813828, 30.9540271759, 346.368835449, 320.957733154, 1727.81884766, 920.239135742, 1786.58886719, 1690.26367188, 2943.51416016, 3059.42504883, 3430.53662109, 2586.83618164, 1343.49267578, 1451.96838379, 808.291809082, 719.613586426, 312.126861572, 373.919921875, 246.960693359, 257.789398193, 375.28302002, 240.335800171, 98.2109146118, 37.0532989502, 17.9076747894, 6.12573862076, 5.21051454544, 2.88961529732, 1.66859304905, 0.448701024055, 0.370830982924, 0.0558908320963, 0.0237071942538, 0.00376211549155, 0.000470837112516, 0.000141489246744], "var": [4.60705905425e-07, 0.00189927057363, 0.126980230212, 0.160516276956, 0.167673140764, 6.44146060944, 778.309143066, 827.305969238, 30138.2753906, 8677.38183594, 13815.6777344, 20546.7636719, 63737.5, 54863.4726562, 25647.5820312, 35366.28125, 8621.62695312, 14117.2177734, 2278.07373047, 2107.31347656, 662.194824219, 261.01940918, 160.84753418, 244.509536743, 597.669128418, 155.172683716, 43.0244064331, 7.69267845154, 0.886927902699, 0.405823022127, 0.130515277386, 0.0263108611107, 0.0123821850866, 0.00121460377704, 0.000421405216912, 4.2590269004e-05, 3.48781486537e-06, 1.13657598888e-07, 1.6807906178e-09, 3.61104507407e-10], "mean": [0.000536511128303, 0.0306154824793, 0.287890762091, 0.326216459274, 0.37455868721, 1.17417728901, 7.48809194565, 14.4281616211, 73.535369873, 52.3608169556, 57.8144989014, 65.2517547607, 119.008903503, 106.677207947, 65.5335922241, 89.164894104, 53.9430503845, 66.6054916382, 33.7643280029, 27.1326770782, 19.8154220581, 11.1495752335, 7.6942191124, 11.031493187, 12.4534492493, 9.07008266449, 5.29315900803, 2.55478334427, 0.927972495556, 0.545508742332, 0.307475835085, 0.152123957872, 0.0871936753392, 0.0398626103997, 0.0217382218689, 0.00692446762696, 0.00158413604368, 0.000272045814199, 4.48038517789e-05, 3.08722555928e-05]}, "spectral_strongpeak": {"dmean2": 1.74740433693, "median": 2.35380411148, "min": 0, "dvar2": 2.84486246109, "dvar": 1.25001227856, "dmean": 1.12706768513, "max": 12.1693086624, "var": 2.63332867622, "mean": 2.65513944626}, "spectral_energy": {"dmean2": 0.0127411764115, "median": 0.0211375914514, "min": 1.00538714356e-20, "dvar2": 0.000161145086167, "dvar": 8.32084042486e-05, "dmean": 0.00922803487629, "max": 0.125021055341, "var": 0.000256831641309, "mean": 0.0245099104941}, "average_loudness": 0.968206822872, "spectral_rolloff": {"dmean2": 542.632019043, "median": 1313.52539062, "min": 193.798828125, "dvar2": 744501.9375, "dvar": 279292.8125, "dmean": 316.351989746, "max": 19336.8164062, "var": 2725007.75, "mean": 1515.71606445}, "spectral_centroid": {"dmean2": 317.40145874, "median": 1174.45349121, "min": 296.924255371, "dvar2": 103781.742188, "dvar": 48384.4960938, "dmean": 215.132400513, "max": 11446.5361328, "var": 656214.6875, "mean": 1295.15820312}, "pitch_salience": {"dmean2": 0.14077155292, "median": 0.516045153141, "min": 0.0786428079009, "dvar2": 0.01249679178, "dvar": 0.00515019567683, "dmean": 0.0892803445458, "max": 0.856739461422, "var": 0.0161496140063, "mean": 0.50811368227}, "spectral_energyband_middle_high": {"dmean2": 0.00745284929872, "median": 0.0078309699893, "min": 1.22026548303e-21, "dvar2": 8.72996606631e-05, "dvar": 3.84823033528e-05, "dmean": 0.0051010614261, "max": 0.0950266569853, "var": 8.34344245959e-05, "mean": 0.0104231545702}, "spectral_contrast_coeffs": {"dmean2": [0.0627810433507, 0.0787129625678, 0.0821696296334, 0.0634774416685, 0.0440579392016, 0.0291391890496], "median": [-0.620856642723, -0.618556678295, -0.617799401283, -0.684456765652, -0.717165827751, -0.729487061501], "min": [-0.977555811405, -0.978015124798, -0.973072648048, -0.969982206821, -0.964845120907, -0.962616205215], "dvar2": [0.0025933731813, 0.00422351201996, 0.00412345677614, 0.00237226090394, 0.00118744908832, 0.000513225211762], "dvar": [0.00100493093487, 0.00192363071255, 0.00184587226249, 0.00110618327744, 0.000615038326941, 0.000246236770181], "dmean": [0.0379824973643, 0.0528117790818, 0.054227411747, 0.0428954474628, 0.0321603342891, 0.020265603438], "max": [-0.318861573935, -0.274687975645, -0.395032733679, -0.48419713974, -0.552108168602, -0.593582749367], "var": [0.00609484687448, 0.0124018248171, 0.00814585573971, 0.00461061159149, 0.0033821084071, 0.00180743599776], "mean": [-0.621013820171, -0.622066676617, -0.623933553696, -0.686607420444, -0.719351887703, -0.730387032032]}, "melbands_skewness": {"dmean2": 0.985431015491, "median": 1.10005760193, "min": -2.46160745621, "dvar2": 0.791719377041, "dvar": 0.37376371026, "dmean": 0.671034514904, "max": 11.0515317917, "var": 1.3308827877, "mean": 1.29194259644}, "spectral_spread": {"dmean2": 413240.28125, "median": 2999889, "min": 1315019.375, "dvar2": 346319126528, "dvar": 155400192000, "dmean": 253358.28125, "max": 42553608, "var": 7301400363010.0, "mean": 3273203.25}, "dissonance": {"dmean2": 0.0563515238464, "median": 0.438804745674, "min": 0.253982871771, "dvar2": 0.00211623427458, "dvar": 0.000807135773357, "dmean": 0.0338017903268, "max": 0.499999910593, "var": 0.00164196093101, "mean": 0.433500260115}, "spectral_skewness": {"dmean2": 0.521641790867, "median": 1.83980965614, "min": -0.0511252582073, "dvar2": 0.168652802706, "dvar": 0.0591141209006, "dmean": 0.306022435427, "max": 5.82319116592, "var": 0.169309780002, "mean": 1.88238954544}, "spectral_flux": {"dmean2": 0.0420117862523, "median": 0.0708758383989, "min": 6.46069170385e-11, "dvar2": 0.00136771169491, "dvar": 0.000484611984575, "dmean": 0.0250091906637, "max": 0.237910553813, "var": 0.000956182950176, "mean": 0.0739726126194}, "spectral_contrast_valleys": {"dmean2": [0.715336799622, 0.524151444435, 0.527147769928, 0.433782428503, 0.354667901993, 0.261555016041], "median": [-9.18377685547, -7.26328372955, -7.72665834427, -8.10734844208, -8.35587215424, -11.2713537216], "min": [-28.312417984, -28.0495319366, -27.7193412781, -27.5634975433, -27.5156326294, -27.3748569489], "dvar2": [0.35421359539, 0.199700400233, 0.185108289123, 0.126425981522, 0.0925583094358, 0.0575584582984], "dvar": [0.141585797071, 0.0924625620246, 0.0845834165812, 0.0628471821547, 0.0499452911317, 0.0348503738642], "dmean": [0.435909539461, 0.337674766779, 0.349030405283, 0.296499252319, 0.256702691317, 0.202692255378], "max": [-7.15521335602, -5.63014030457, -5.73677301407, -6.62656164169, -7.13623523712, -9.86878871918], "var": [2.46274828911, 3.0894844532, 2.93248558044, 2.76892542839, 2.59002637863, 1.84083688259], "mean": [-9.35059261322, -7.49086427689, -7.92768621445, -8.29911136627, -8.54190731049, -11.4232673645]}, "erbbands_flatness_db": {"dmean2": 0.0319215208292, "median": 0.260825306177, "min": 0.0282652582973, "dvar2": 0.000753029366024, "dvar": 0.000336223805789, "dmean": 0.0216324143112, "max": 0.4111533463, "var": 0.00161360623315, "mean": 0.259945213795}, "spectral_energyband_high": {"dmean2": 0.000149912797497, "median": 0.00014796484902, "min": 7.12441775863e-21, "dvar2": 3.63273144899e-08, "dvar": 1.55210813091e-08, "dmean": 0.00010103231034, "max": 0.00191026832908, "var": 3.24665592188e-08, "mean": 0.000198738343897}, "spectral_entropy": {"dmean2": 0.302389979362, "median": 6.82888364792, "min": 5.33157920837, "dvar2": 0.0613577961922, "dvar": 0.0333543047309, "dmean": 0.222418949008, "max": 9.81836700439, "var": 0.192069917917, "mean": 6.82690477371}, "silence_rate_20dB": {"dmean2": 0, "median": 1, "min": 1, "dvar2": 0, "dvar": 0, "dmean": 0, "max": 1, "var": 0, "mean": 1}, "melbands_flatness_db": {"dmean2": 0.0374352745712, "median": 0.22217169404, "min": 0.00402083620429, "dvar2": 0.00100713199936, "dvar": 0.000470712897368, "dmean": 0.0260027870536, "max": 0.411562621593, "var": 0.00242826738395, "mean": 0.223720476031}, "barkbands": {"dmean2": [1.78954826424e-06, 4.74372282042e-05, 0.000138760209666, 4.41733754997e-05, 0.000182464689715, 0.000951577967498, 0.00354213663377, 0.00222482462414, 0.00240720482543, 0.00443936791271, 0.00171391572803, 0.00192485877778, 0.00106534152292, 0.00126129155979, 0.000734031083994, 0.000300871644868, 0.000289262447041, 0.000135129987029, 0.000194797496079, 0.000202524577617, 0.000102290367067, 1.76623543666e-05, 9.1076726676e-06, 3.93443042412e-06, 1.79250753263e-06, 5.73006104787e-07, 1.13442013117e-07], "median": [2.44642905045e-07, 3.40631668223e-05, 0.000118203453894, 3.88725275116e-05, 0.000156060894369, 0.000273406389169, 0.000604153145105, 0.000281840795651, 0.000232815655181, 0.000743866723496, 0.000127581966808, 0.000190554652363, 0.000259484193521, 0.00030283734668, 0.000320351013215, 0.000152249194798, 0.000129601801746, 7.03431287548e-05, 0.000119395139336, 9.2212940217e-05, 6.53751631035e-05, 1.35355940074e-05, 7.74353156885e-06, 3.81469476451e-06, 2.43400904765e-06, 6.67874076044e-07, 9.19319447235e-08], "min": [6.35732846933e-25, 4.51745614996e-24, 2.47917821317e-24, 3.88386515899e-24, 1.32293945958e-23, 1.07548199776e-23, 1.65634868127e-23, 1.5463581208e-23, 2.02545243897e-23, 2.24463586377e-23, 2.23248488147e-23, 2.30423272744e-23, 3.52659005502e-23, 4.36767860087e-23, 5.19970061057e-23, 5.78514552723e-23, 5.44181685297e-23, 1.22852476835e-22, 1.28486521421e-22, 2.02975513879e-22, 2.51333709733e-22, 3.4186939518e-22, 3.65533783455e-22, 6.82344336716e-22, 8.38035944454e-22, 1.30704937126e-21, 2.07962515817e-21], "dvar2": [5.09083226963e-11, 7.98696131454e-09, 5.43562812538e-08, 5.19954035383e-09, 2.4875470217e-07, 5.23310563949e-06, 5.77494211029e-05, 2.00407739612e-05, 3.55310512532e-05, 8.07972319308e-05, 2.69104239123e-05, 1.62437918334e-05, 3.61031334251e-06, 5.28781038156e-06, 1.33535047553e-06, 2.44222519541e-07, 3.94108155888e-07, 5.41938298682e-08, 9.82956649409e-08, 1.6401614289e-07, 2.30782539745e-08, 8.43623226832e-10, 2.1879367762e-10, 4.52589320188e-11, 5.97187360327e-12, 5.47396438073e-13, 3.43004975551e-14], "dvar": [1.8243552502e-11, 4.50026549359e-09, 2.53904985925e-08, 2.52690446345e-09, 1.92475908989e-07, 3.07953769152e-06, 3.8275586121e-05, 1.04237669802e-05, 1.93976175069e-05, 3.4828830394e-05, 1.15035209092e-05, 7.52317509978e-06, 1.84629971045e-06, 2.33373407355e-06, 5.39185634807e-07, 1.03213217528e-07, 1.55712285732e-07, 2.63498289854e-08, 4.50007959785e-08, 9.65620472471e-08, 9.2527150386e-09, 3.72378794466e-10, 9.37981012306e-11, 2.08990810768e-11, 2.98775479184e-12, 2.97500549586e-13, 2.01126330082e-14], "dmean": [9.99846633931e-07, 3.25187284034e-05, 9.27473447518e-05, 2.86317372229e-05, 0.000137765266118, 0.000728817714844, 0.00273728719912, 0.00159757607616, 0.00172630685847, 0.00293093174696, 0.00112507340964, 0.0012965927599, 0.000734843313694, 0.000814643164631, 0.000464221491711, 0.000191870320123, 0.000181106457603, 9.07033900148e-05, 0.000126821731101, 0.000137091949, 6.57641649013e-05, 1.16925048133e-05, 6.02135150984e-06, 2.70867008112e-06, 1.28146473344e-06, 4.333627430