{"rhythm": {"bpm": 111.938987732, "bpm_histogram_second_peak_weight": {"mean": 0.0187617260963, "min": 0.0187617260963, "max": 0.0187617260963, "dmean2": 0, "dvar": 0, "dmean": 0, "median": 0.0187617260963, "dvar2": 0, "var": 0}, "bpm_histogram_first_peak_weight": {"mean": 0.598499059677, "min": 0.598499059677, "max": 0.598499059677, "dmean2": 0, "dvar": 0, "dmean": 0, "median": 0.598499059677, "dvar2": 0, "var": 0}, "danceability": 0.962556302547, "beats_loudness": {"mean": 0.0314908847213, "min": 2.42138071371e-07, "max": 0.0988172963262, "dmean2": 0.0180844441056, "dvar": 0.000116515890113, "dmean": 0.0102841863409, "median": 0.0329214334488, "dvar2": 0.000324174296111, "var": 0.000290965632303}, "onset_rate": 2.53575992584, "bpm_histogram_second_peak_spread": {"mean": 0.444444417953, "min": 0.444444417953, "max": 0.444444417953, "dmean2": 0, "dvar": 0, "dmean": 0, "median": 0.444444417953, "dvar2": 0, "var": 0}, "bpm_histogram_first_peak_spread": {"mean": 0.318376064301, "min": 0.318376064301, "max": 0.318376064301, "dmean2": 0, "dvar": 0, "dmean": 0, "median": 0.318376064301, "dvar2": 0, "var": 0}, "beats_position": [0.406349211931, 0.824308395386, 1.25387752056, 1.67183673382, 2.10140585899, 2.53097510338, 2.96054410934, 3.43655323982, 3.9125623703, 4.38857126236, 4.8994102478, 5.42185926437, 5.95591831207, 6.48997735977, 7.03564596176, 7.56970500946, 8.10376358032, 8.63782310486, 9.17188167572, 9.70594120026, 10.2399997711, 10.774058342, 11.3081178665, 11.8421764374, 12.3762359619, 12.9102945328, 13.4443531036, 13.9784126282, 14.5240812302, 15.0697498322, 15.6038093567, 16.1378688812, 16.6719264984, 17.2059860229, 17.7400455475, 18.2741031647, 18.8081626892, 19.3422222137, 19.8762817383, 20.4103393555, 20.94439888, 21.4784584045, 22.0125160217, 22.5581855774, 23.1038551331, 23.6495227814, 24.1835823059, 24.7176418304, 25.2516994476, 25.7857589722, 26.3198184967, 26.865486145, 27.3995456696, 27.9336051941, 28.4676647186, 29.0017223358, 29.5357818604, 30.0698413849, 30.6038990021, 31.1495685577, 31.6952381134, 32.2292976379, 32.7633552551, 33.2974128723, 33.8314743042, 34.3655319214, 34.8995895386, 35.422039032, 35.9328804016, 36.455329895, 36.9777755737, 37.5234451294, 38.0807266235, 38.6263923645, 39.1488418579, 39.6829032898, 40.216960907, 40.7510185242, 41.2850799561, 41.8191375732, 42.3531951904, 42.8872566223, 43.4213142395, 43.9553718567, 44.5010414124, 45.046710968, 45.5923805237, 46.1380500793, 46.683719635, 47.229385376, 47.7750549316, 48.297504425, 48.8315620422, 49.3656234741, 49.8996810913, 50.4221305847, 50.9561882019, 51.4786376953, 52.0126991272, 52.5467567444, 53.0808143616, 53.6148757935, 54.1605415344, 54.7062110901, 55.240272522, 55.7743301392, 56.3083877563, 56.8424491882, 57.3765068054, 57.9105644226, 58.4446258545, 58.9786834717, 59.5127410889, 60.0584106445, 60.5924720764, 61.1149177551, 61.648979187, 62.1830368042, 62.7170982361, 63.2511558533, 63.7968254089, 64.3308868408, 64.8765487671, 65.4106140137, 65.9446716309, 66.478729248, 67.0127868652, 67.5468444824, 68.0692977905, 68.6149673462, 69.1490249634, 69.694694519, 70.2403640747, 70.7744216919, 71.3084793091, 71.8425369263, 72.3765945435, 72.91065979, 73.4447174072, 73.9787750244, 74.5128326416, 75.0468902588, 75.580947876, 76.1150131226, 76.6490707397, 77.1831283569, 77.7287979126, 78.2628555298, 78.796913147, 79.3309707642, 79.8766403198, 80.410697937, 80.9447631836, 81.4788208008, 82.012878418, 82.5469360352, 83.0809936523, 83.6150588989, 84.1491165161, 84.6831741333, 85.2172317505, 85.7512893677, 86.2969589233, 86.842628479, 87.3766860962, 87.9107437134, 88.44480896, 88.9672546387, 89.5129241943, 90.0469818115, 90.5810394287, 91.1150970459, 91.6491622925, 92.1832199097, 92.7172775269, 93.251335144, 93.7853927612, 94.3194503784, 94.853515625, 95.3875732422, 95.9216308594, 96.4556884766, 97.0013580322, 97.5470275879, 98.0810852051, 98.6151428223, 99.1492080688, 99.683265686, 100.205711365, 100.728164673, 101.26222229, 101.819496155, 102.353561401, 102.899223328, 103.444892883, 103.97895813, 104.513015747, 105.047073364, 105.581130981, 106.115188599, 106.649246216, 107.183311462, 107.71736908, 108.239814758, 108.808708191, 109.377593994, 109.946479797, 110.526985168, 111.10748291, 111.61831665, 112.140769958, 112.674827576, 113.185668945, 113.696502686, 114.195732117, 114.694961548, 115.217414856, 115.751472473, 116.28553009, 116.819587708, 117.353645325, 117.887710571, 118.421768188, 118.944213867, 119.478271484, 120.02394104, 120.569610596, 121.103668213, 121.649337769, 122.183395386, 122.717460632, 123.25151825, 123.785575867, 124.319633484, 124.853691101, 125.387756348, 125.921813965, 126.455871582, 126.989929199, 127.523986816, 128.058044434, 128.603713989, 129.149383545, 129.671829224, 130.205886841, 130.739959717, 131.285614014, 131.81968689, 132.353744507, 132.887802124, 133.421859741, 133.955917358, 134.489974976, 135.024032593, 135.55809021, 136.092147827, 136.637817383, 137.183486938, 137.717544556, 138.251602173, 138.78565979, 139.319732666, 139.853790283, 140.3878479, 140.921905518, 141.444351196, 141.990020752, 142.524078369, 143.058135986, 143.592193604, 144.126251221, 144.660308838, 145.194366455, 145.740036011, 146.285705566, 146.819763184, 147.35383606, 147.887893677, 148.421951294, 148.956008911, 149.490066528, 150.012512207, 150.558181763, 151.09223938, 151.626296997, 152.160354614, 152.70602417, 153.240081787, 153.774139404, 154.30821228, 154.842269897, 155.376327515, 155.910385132, 156.432830811, 156.978500366, 157.524169922, 158.058227539, 158.592285156, 159.126342773, 159.660400391, 160.194458008, 160.728515625, 161.262588501, 161.796646118, 162.342315674, 162.876373291, 163.422042847, 163.967712402, 164.50177002, 165.047439575, 165.581497192, 166.127166748, 166.672836304, 167.218505859, 167.764175415, 168.309844971, 168.855514526, 169.401168823, 169.946838379, 170.504119873, 171.107849121, 171.71156311, 172.384933472, 173.035095215, 173.685256958, 174.393463135, 175.101669312, 175.763442993, 176.425216675, 177.063766479, 177.702316284, 178.34085083, 178.967803955, 179.594741821, 180.279724121, 180.953109741, 181.580047607, 182.206985474, 182.822311401, 183.437637329, 184.064575195, 184.679901123, 185.306838989, 185.922180176, 186.537506104, 187.16444397, 187.756546021, 188.34866333, 188.929153442, 189.521270752, 190.101760864, 190.682266235, 191.251159668, 191.820037842, 192.388931274, 192.957824707, 193.515090942, 194.072372437, 194.641265869, 195.186935425, 195.709381104, 196.278274536, 196.83555603, 197.392837524, 197.93850708, 198.484161377, 199.029830933, 199.55229187, 200.086349487, 200.608795166, 201.096420288, 201.59564209, 202.083267212, 202.547653198, 203.023666382, 203.592559814, 204.13822937, 204.683898926, 205.217956543, 205.763626099, 206.309295654, 206.843353271, 207.377410889, 207.911468506, 208.445526123, 208.97958374, 209.513641357, 210.047698975, 210.581771851, 211.127426147, 211.673095703, 212.207168579, 212.741226196, 213.275283813, 213.809341431, 214.343399048, 214.877456665, 215.411514282, 215.945571899, 216.479629517, 217.025299072, 217.570968628, 218.105026245, 218.639083862, 219.173141479, 219.707214355, 220.241271973, 220.77532959, 221.297775269, 221.820220947, 222.354278564, 222.888336182, 223.434005737, 223.979675293, 224.51373291, 225.047790527, 225.581848145, 226.115921021, 226.649978638, 227.184036255, 227.718093872, 228.252151489, 228.797821045, 229.343490601, 229.877548218, 230.411605835, 230.945663452, 231.479721069, 232.013778687, 232.547836304, 233.070297241, 233.59274292, 234.138412476, 234.672470093, 235.218139648, 235.752197266, 236.286254883, 236.8203125, 237.354370117, 237.876815796, 238.399276733, 238.933334351, 239.479003906, 240.036270142, 240.581939697, 241.115997314, 241.65007019, 242.184127808, 242.718185425, 243.26385498, 243.809524536, 244.331970215, 244.877639771, 245.411697388, 245.945755005, 246.479812622, 247.013870239, 247.547927856, 248.081985474, 248.604446411, 249.12689209, 249.660949707, 250.218231201, 250.763900757, 251.286346436, 251.820404053, 252.35446167, 252.888519287, 253.422576904, 253.956634521, 254.490692139, 255.024749756, 255.558822632, 256.104492188, 256.650146484, 257.184204102, 257.718261719, 258.263946533, 258.79800415, 259.343658447, 259.889343262, 260.411773682, 260.945831299, 261.479919434, 262.013977051, 262.548034668, 263.082092285, 263.616149902, 264.15020752, 264.684265137, 265.218322754, 265.752380371, 266.286437988, 266.820495605, 267.354553223, 267.88861084, 268.422668457, 268.968353271, 269.502410889, 270.036468506, 270.582122803, 271.11618042, 271.638641357, 272.161071777, 272.683532715, 273.217590332, 273.763275146, 274.308929443, 274.85458374, 275.388671875, 275.922729492, 276.456787109, 277.002441406, 277.548126221, 278.082183838, 278.616241455, 279.150299072, 279.684356689, 280.218414307, 280.752471924, 281.286529541, 281.820587158, 282.354644775, 282.888702393, 283.42276001, 283.956817627, 284.490875244, 285.024932861, 285.570617676, 286.116271973, 286.65032959, 287.184387207, 287.730072021, 288.275726318], "bpm_histogram_first_peak_bpm": {"mean": 112, "min": 112, "max": 112, "dmean2": 0, "dvar": 0, "dmean": 0, "median": 112, "dvar2": 0, "var": 0}, "beats_count": 534, "beats_loudness_band_ratio": {"mean": [0.316855043173, 0.235551074147, 0.169985592365, 0.130399078131, 0.102675147355, 0.068693742156], "min": [0.000168675658642, 0.00903264153749, 0.0039996416308, 0.000624039792456, 0.000542169902474, 8.07210089988e-05], "max": [0.979588508606, 0.885457575321, 0.793588459492, 0.632038831711, 0.579136490822, 0.903242170811], "dmean2": [0.317605555058, 0.255844533443, 0.197444707155, 0.168916285038, 0.12132294476, 0.130360364914], "dvar": [0.0292793679982, 0.0210726242512, 0.0116555737332, 0.0140209132805, 0.00816365517676, 0.0155429299921], "dmean": [0.183749213815, 0.150434881449, 0.118098527193, 0.0976570621133, 0.0722598806024, 0.0694090500474], "median": [0.281517267227, 0.15274707973, 0.124139592052, 0.0777497142553, 0.0661064460874, 0.0435199998319], "dvar2": [0.077448964119, 0.0546686798334, 0.0305641572922, 0.0380680859089, 0.0219368636608, 0.0442649237812], "var": [0.0440247915685, 0.0432200431824, 0.0176230110228, 0.0197284445167, 0.0129429474473, 0.0120205264539]}, "bpm_histogram_second_peak_bpm": {"mean": 105, "min": 105, "max": 105, "dmean2": 0, "dvar": 0, "dmean": 0, "median": 105, "dvar2": 0, "var": 0}}, "tonal": {"chords_number_rate": 0.00176678446587, "tuning_diatonic_strength": 0.704034209251, "chords_changes_rate": 0.0457757785916, "thpcp": [1, 0.544838964939, 0.14072856307, 0.0996103212237, 0.122668378055, 0.364990144968, 0.626602590084, 0.460139304399, 0.214828252792, 0.157524988055, 0.161311760545, 0.394224762917, 0.579422533512, 0.39245852828, 0.353657454252, 0.51709830761, 0.37125274539, 0.166658490896, 0.136482417583, 0.171517074108, 0.549614667892, 0.94284838438, 0.626152157784, 0.19858507812, 0.101579211652, 0.0709120333195, 0.180797547102, 0.271270006895, 0.178376570344, 0.0915319994092, 0.0956901237369, 0.106141120195, 0.201685369015, 0.31116732955, 0.332993447781, 0.712327480316], "hpcp": {"mean": [0.401234954596, 0.218608438969, 0.056465215981, 0.0399671420455, 0.0492188408971, 0.146446809173, 0.251414865255, 0.184623971581, 0.0861966013908, 0.0632045343518, 0.0647239163518, 0.158176749945, 0.232484564185, 0.157468080521, 0.141899734735, 0.207477927208, 0.148959577084, 0.0668692141771, 0.0547615177929, 0.0688186436892, 0.22052462399, 0.378303736448, 0.251234143972, 0.0796792730689, 0.0407571308315, 0.028452385217, 0.0725422948599, 0.108843013644, 0.071570917964, 0.0367258377373, 0.0383942238986, 0.0425875261426, 0.0809232220054, 0.124851204455, 0.133608609438, 0.285810679197], "min": [0, 0, 0, 0, 0, 0, 0, 0, 0, 0, 0, 0, 0, 0, 0, 0, 0, 0, 0, 0, 0, 0, 0, 0, 0, 0, 0, 0, 0, 0, 0, 0, 0, 0, 0, 0], "max": [1, 1, 1, 1, 1, 1, 1, 1, 1, 1, 1, 1, 1, 1, 1, 1, 1, 1, 1, 1, 1, 1, 1, 1, 1, 1, 1, 1, 1, 1, 1, 1, 1, 1, 1, 1], "dmean2": [0.237268581986, 0.213766202331, 0.134559899569, 0.101573720574, 0.112574949861, 0.171675264835, 0.21146787703, 0.183381974697, 0.146207585931, 0.112704694271, 0.117629788816, 0.164279296994, 0.194818258286, 0.184044092894, 0.182712957263, 0.172972127795, 0.142302155495, 0.117148257792, 0.0941179469228, 0.121198631823, 0.198180735111, 0.224325582385, 0.195556432009, 0.114817790687, 0.0690009444952, 0.0555238835514, 0.0843925997615, 0.0914845317602, 0.0755881220102, 0.0603087097406, 0.0621862895787, 0.0781527608633, 0.124490693212, 0.162773385644, 0.20006659627, 0.256741583347], "dvar": [0.0402278788388, 0.0319811999798, 0.0267380829901, 0.0220054797828, 0.0233720373362, 0.0274458304048, 0.0361204333603, 0.0310873761773, 0.0293263215572, 0.0262632369995, 0.0236593279988, 0.0287101194263, 0.035942081362, 0.0326702110469, 0.0307599063963, 0.030537514016, 0.0244853310287, 0.0222724806517, 0.0203537773341, 0.0232551768422, 0.0286061316729, 0.0327616967261, 0.0277517978102, 0.0190184749663, 0.0126189151779, 0.00841801799834, 0.0118217403069, 0.0138626303524, 0.0130625395104, 0.0111677311361, 0.0136640025303, 0.0154827414081, 0.024829113856, 0.0327065177262, 0.0357273519039, 0.0383192822337], "dmean": [0.144423291087, 0.127006500959, 0.0731950029731, 0.0544200725853, 0.0617645047605, 0.10109102726, 0.128281354904, 0.109232597053, 0.082436196506, 0.0626432597637, 0.0666038393974, 0.0979113355279, 0.11711871624, 0.108004204929, 0.106827691197, 0.104155600071, 0.0835159942508, 0.0653806403279, 0.0534041337669, 0.0705720558763, 0.120782874525, 0.138986080885, 0.119154796004, 0.0655592754483, 0.0384500920773, 0.0311234015971, 0.049662925303, 0.0562300719321, 0.044900842011, 0.0340252816677, 0.0352176837623, 0.0442022681236, 0.0714199095964, 0.0944255515933, 0.11387463659, 0.151585116982], "median": [0.249848932028, 0.111984476447, 0.0084687974304, 0.0048878248781, 0.00807917304337, 0.0582359135151, 0.107919737697, 0.0618581436574, 0.01036096178, 0.00539174955338, 0.0100080724806, 0.0521839037538, 0.0754929184914, 0.0519649684429, 0.0488166585565, 0.0455585308373, 0.0299187656492, 0.0146592129022, 0.0089514432475, 0.0134382750839, 0.127087444067, 0.241536572576, 0.128273293376, 0.014067877084, 0.00469127204269, 0.00477754697204, 0.0171845331788, 0.024912353605, 0.0158409439027, 0.00651696696877, 0.00396564230323, 0.00416068080813, 0.0166545435786, 0.026539163664, 0.0372878350317, 0.170083716512], "dvar2": [0.0915323644876, 0.0844386667013, 0.0772083327174, 0.0625533536077, 0.0658359900117, 0.0747318640351, 0.090758882463, 0.0798374116421, 0.0812849551439, 0.0730526000261, 0.064916074276, 0.0742715895176, 0.0868782103062, 0.0840748474002, 0.0817340984941, 0.0753383561969, 0.0641823709011, 0.0648230016232, 0.0557045042515, 0.0616127848625, 0.071186169982, 0.0744720846415, 0.0671964585781, 0.0515442639589, 0.0353670865297, 0.0232518129051, 0.0296159274876, 0.0322773605585, 0.0316634550691, 0.0307752173394, 0.0368779413402, 0.040906265378, 0.06556686759, 0.0835857018828, 0.0944152995944, 0.0980325713754], "var": [0.144215583801, 0.0624571442604, 0.0200953185558, 0.0152075020596, 0.0175320245326, 0.0428269468248, 0.0937454029918, 0.065392807126, 0.0320505090058, 0.0306556280702, 0.0229252260178, 0.055764336139, 0.0967817306519, 0.0541125722229, 0.0438385345042, 0.094446234405, 0.0626976639032, 0.0198028627783, 0.0201726518571, 0.0230158641934, 0.0599681437016, 0.121149167418, 0.0801801905036, 0.026208287105, 0.0152659062296, 0.00724352151155, 0.0243777148426, 0.0470010600984, 0.028558857739, 0.0116999251768, 0.019227007404, 0.0163997262716, 0.0288429465145, 0.0528666451573, 0.0498740598559, 0.0845902562141]}, "tuning_frequency": 441.527557373, "chords_scale": "major", "chords_histogram": [51.1082572937, 3.09990358353, 13.3793764114, 3.72630906105, 0.915515601635, 0, 0.192740127444, 0, 1.59010601044, 0.144555091858, 0.0160616766661, 0, 0, 0, 0, 0.770960509777, 0, 2.45743656158, 0.289110183716, 1.07613229752, 3.67812395096, 4.49726963043, 9.9743013382, 3.08384203911], "hpcp_entropy": {"mean": 1.76588976383, "min": 0, "max": 4.16132926941, "dmean2": 0.881269454956, "dvar": 0.199081912637, "dmean": 0.527965247631, "median": 1.80528569221, "dvar2": 0.516052484512, "var": 0.435489267111}, "chords_key": "A", "key_key": "A", "key_scale": "major", "tuning_nontempered_energy_ratio": 0.656520724297, "tuning_equal_tempered_deviation": 0.00887532997876, "key_strength": 0.899180293083, "chords_strength": {"mean": 0.534778058529, "min": 0.20784291625, "max": 0.787859857082, "dmean2": 0.00671445997432, "dvar": 4.78662113892e-05, "dmean": 0.00806957483292, "median": 0.536358237267, "dvar2": 4.09322201449e-05, "var": 0.0118240164593}}, "metadata": {"audio_properties": {"md5_encoded": "edc52557db87a96ab65354a345df3dd1", "downmix": "mix", "equal_loudness": 0, "bit_rate": 192000, "analysis_sample_rate": 44100, "length": 289.044891357, "lossless": false, "replay_gain": -5.83578109741, "sample_rate": 44100, "codec": "mp3"}, "version": {"essentia_git_sha": "v2.1_beta2-1-ge3940c0", "essentia_build_sha": "2d9f1f26377add8aeb1075a9c2973f962c4f09fd", "extractor": "music 1.0", "essentia": "2.1-beta2"}, "tags": {"album": ["Collection 2000"], "bpm": ["112.21"], "title": ["Again"], "musicbrainz_recordingid": ["0cc0274b-6d42-412c-88b0-a6b579b90355"], "artist": ["Eurythmics"], "genre": ["Pop"], "tracknumber": ["17/18"], "date": ["1999"], "acoustid_fingerprint": ["AQADtFEiMZOSRFmg3egJS0d9nMR-9IcVGceN4_jh9uiDH90H__hxPD9--MFfwuqxR4eYC7mPRzn-IXbxQ_lhzUdI9CdS4MfhHv3wo0fTDcd1odED7cOhPTOMH_0hUy96OMdOcbh2XD8anER2NJeMeqcwpblRiTxyHfIRpklRKzl6olF7fFGGD6GVHOI9hDc-qXjk40uOD6W-IMxz6BeCKxvqsThROY_x6yjloImi5Dhf9KmxO8ijDlKWnug_RAt1reiPM8iPOsnRVGoRH42KkIweqMuPLzryEUfFobGy4-FxXEYTKlKPiSR-uE0cxIwiPD80KZcR5tnB18JTGU11TEf5RsOXH12WE3_w5qglHU3UCx-RB20CUVOWwr-QH-141AmDZtrR9WhOD7GSRUGzBdpx1NAyPsJZ5EedHK6DkxaaHM_xpHh-olcFcxfC7ToUK0degslTC5NFvEm44T7yEDpzpPEq4WlEXOHRHGWPU8eDo2rRTMe5GueOnDEaRcpSTLJ0PNBSJ0cdRcdzqDpcRTHO4D6-5OjED1q6PIh73HiWoukZVBWe4MevKOiDhJWyIz1K4uHxHT0vPD2u4D0S1gitTDt-nBf-FKdSOGmWB2emoz78TEiujIuEdMtRI4_xo7mOXsepo1mkByVFHrjVomKPZpKOi3gb6OKxMZgXXNlmvHiW_WjGo85xZ-gziE9O4zwRLgru5-gXNJOyYz8eoxnDF72OJweaeUZ_oZ50w05yJFH6IM9w6UE1HQ2jHKd2_MhbJMsWScSXhcQPb7EOxgqNKxc6_DnMZRqHUrqRHDnOawHL6MFv_DiPOiGOVD-0s8N_3Mad2Wgr-Lxh7MvRpniOMyl-DY0eoWKSuMU1Hh9689DyY1aC-kifHX0LxkZjZKOON8-gJUe-HM1WPCLm_ugX-OgzNO2P_hKiC8leMHE8PA8xHz5zXFpxCmF6JL2KB_7wRUGr_EPoQ1uzqDiP8PCxZyVyJDoV9CRmPgmeEy_hKkrw7EO-qEguWM7x7PipwB3xlHiEJzeaiFHSIHRyIbmy4ET9obEbjNzw4AcT9aiYRFawG-URZllI6NIQ_oSrJ-iz4oGPExHR_QYVHX-Mj4d-HK5zvDiOa8R_HCcPLzh2fDHO8Lh6OMOjBCbHCaV05BNqFX5O_HiOS_nxDM-R5io089gTJcN1xMgFEbGZ5ngSafhxhieecceFBz0vND_uHjl1JM-Fdw74i6gVwtFz4jQq7Rq-DCUDX8cjNA9YPsVf43aQww9OvGgm7eiX4yMb4RoY4VLg6xN0-OExMaOoIn9xHs1CTkHl4zf-4Edz9JgZ5EKvwJOy4zmo-gjPYGb0o30nXAo-Es-Hf9XxI-GP0Ok0XDs-uBce6XjkDcmeLESYLsYb3PCwJyzxXcHzgduJksyF5j9-JEdupTgbH0-LMzue4zmYUA1qu0NedcKP5sKz9LhwMoWfPeiP6xEuCp_R0yAnfSjJ4FsO_R7xDQ9D5JKUkNjRnBbqLQ2OPSSPBzHh5D_OnPiu4MohJT8ifWgj5mi24nuC5h-KmzmSfEcuHk0mqeCpFM3CVcV-4TmeoEcT5RF-cfhTdB6RLM-RLzo-SWgY0SgxfkOptBGYVMwxaVyOZpTwP8g_VJngw3soeEkS1B9xGdWVHI1-PMclyXgsJsdliMdFHI2SEyFJD3c-7Da-MAeb5chxFT9-Q3MLq3jq4oX0Jnjh4z9-eD1hHbFOwwsPzpJxxbiE58gDRQufEfnwos-F5kEz6ujz4z9yaJ1kpAdSpYQPPcXL4jtCIrhw_MdHKI8O7QfPHHm6YydcFY9wtkLYCzpf5MEZnC5edmjGo9UzXC-aG32IG81zRHKPXAOzTAu-wzs497CTCPmhC2lEChc3OHoKfoMt9GieI3ygZ8kQSTqOrce1gr_hL9hRJ-FxLcathDmqjUczHsfV4BGLfleI5jRuKTjyUIHyHCwzTojYaBWOUhqaG89x4x_-4LKIO0jP4IcORLouXNvBBjd-HXsY3PB_lMeT6_hmfCEuC3EHPdSRng52Ljgu8uiLHGtz5CGOH6_RXCM-hsPT4_2KMByD8vhyjCINjXkcRGt49MevVDjh-XiSJPrxo5eMRg3OF8cVPImLWHwgPkvw4jhzRE6oIG4y6DS6J0UuoSdanEdepfA6o0bOoyRjODiPP_C0o8vSHPmhC3kiXCeu4szyoTsF5_AxHaXQcImQc0iOf0U3oQmTXMaxB56UHVdT49rR_Ki-BBntC-qRH3euoSeaG0fJRPC1o-eJItN3lD308PgJhg-8F_2ho420oDk-yUYlbYfVPPgN8QqeC3-Mc97QjuKRfSm-o-SFPDMO5_gHxyz64sR3PEf7oJmU6ET2g3nRxCUeKTm-40dFysE_OD96RUh-5Czm5BE8ZhKu4cJz5Qil5IM45kg_PMeOJ7tx6aD0Hf_RMxF-4eMTKNQTfDh5_EZ_PIpzXIVP7PkQQtfxLA80foJv5MF55EoOq0q2HJWDS4ee5ThyzgHzZPAjGzWPMw9yHueH_vjgo9_x4zye9AiPSxReuFUXXNHhOmDYGZ-LJNaH8F0PH7Wy8Diu40byI_8HJRBkgBHmACNAECKkEwJgZwAgBAAEkAACGUKEM4YRYZCizADKgBOEUOIEFkIgoxABwBEAHIAAGisAEYghAgiCChhkCDMCEASYEEIBJQhkkgBDACDCiCCMNgID4QQCgiBADABCAKoQIUYiAY1ACBhlnLKMCCGQAUAZYAhDABEJFBIGKKCYsgwBZEQQBBCBFANEEMQEIUIAAThxiAhABSAAMIKBI8QAhxGREgxgiEGCEAWFAIQhSwAwAAkAgAEGEEGUFAIZJIQAQBGDAGFAG0MkAIgIoNRGAkBEiUOIGIIcUEAAJJxgwBFEoCBCOqCEEAAbYwgRSghAiJGMOCAMIY4CBARkQJCAgDKECCIEMcQQgZgAjFBFJTKCEEAQsYgY4IgwBEBHFDFAEGQJYMQJSASDCDDEFCPAEEYUIIwiwAQggAAQBhEIKOMYIsQQIKAhCAJmBBLKREgQEAQQC5hwRCphgaGCDG-IMkgAAYBgAAjABGAIcEWoQIoSIwACSADAKHGAAKKUYFRIQBhBBBCngECOCMCAsMyoYAqgABACGIAEWEIQYQAIxIQBxkDFBCCCGQSMI04RJAgSSDAIBHBIEwIsUUwAIAhSGjoCDCHMQiKUQcQTJRkjwjChFDYCGEOEehgUICACgBCgDCIAAIMIAEIx4JAgAAgghEAGCWIgEwQIBACQCjKDgAOICAIoQgQA4ABQKDkCCBEUAcUAIwAgwYQgSBACBRLOIQAAQIAwiZBlyCmEACFCMCAEA4IJIQRSxgmNiAGcEYaEsIARRYwRhBgqGGKCEkFEYMIFYagzhiiEgFFGESEoBYwIoKSQzEAipMBMEGAII0QwYIxECo1hJDGGGQCIQUICS5wQSAAjvGISAKaMoAQUAgQRACkBvBAAUuCIQkAA6AgxxBAtgXMIEAUMWMJAQgghUgkLCGEWSMAoI8oZBQAEjAOLDAMC"], "musicip_puid": ["c216cdd1-0790-d2a6-75ff-02ec62bf5a31"], "file_name": "Eurythmics - Again.mp3", "acoustid_id": ["aadee98c-ce3c-43c3-8d97-4f1507778565"], "musicbrainz album type": ["Compilation"], "musicbrainz_albumid": ["2c163434-b13b-48f2-9eb4-c3f08dabf71f"]}}, "lowlevel": {"mfcc": {"mean": [-644.162963867, 115.244918823, 10.8094406128, 16.3200378418, 2.47043013573, 4.54873657227, -9.3347120285, 4.26926755905, -3.00914287567, 3.02091312408, -0.799950182438, 1.34284806252, 3.50308346748], "cov": [[10158.140625, -958.297119141, -442.681365967, 33.7668495178, 83.3293457031, 396.017028809, -11.6228866577, 243.276351929, 291.611785889, 316.77722168, 120.02532959, 29.1886177063, 50.0506782532], [-958.297119141, 1011.31048584, -81.2105865479, 33.881072998, 27.2264823914, -58.976890564, 57.3902320862, 20.9064598083, -118.385421753, -25.439666748, -30.7650337219, -53.5432167053, -35.4924850464], [-442.681365967, -81.2105865479, 1063.46362305, 288.028747559, 148.624862671, 50.1903076172, 22.9039325714, 20.3747844696, -27.4752540588, -19.2646484375, 30.3612823486, -2.46109843254, -38.6069450378], [33.7668495178, 33.881072998, 288.028747559, 340.776489258, 127.85534668, 17.8736057281, -48.8882980347, 29.30900383, 27.4832363129, -14.8451948166, -19.125164032, 30.6943721771, -0.392846524715], [83.3293457031, 27.2264823914, 148.624862671, 127.85534668, 315.569213867, 39.1598930359, -43.76329422, 49.2012748718, 72.6124954224, 2.06033420563, -19.0211582184, 27.8430957794, -9.38898468018], [396.017028809, -58.976890564, 50.1903076172, 17.8736057281, 39.1598930359, 199.882537842, 94.5408554077, 25.3471260071, 32.1451530457, 44.0530395508, 44.5624847412, -31.0578079224, -19.4397277832], [-11.6228866577, 57.3902320862, 22.9039325714, -48.8882980347, -43.76329422, 94.5408554077, 243.829879761, 46.1246604919, -16.6459121704, 50.7125778198, 44.5050544739, -55.2019691467, -15.8862705231], [243.276351929, 20.9064598083, 20.3747844696, 29.30900383, 49.2012748718, 25.3471260071, 46.1246604919, 155.668823242, 38.0548820496, 34.7692985535, 11.5088224411, -14.6460399628, 2.97226834297], [291.611785889, -118.385421753, -27.4752540588, 27.4832363129, 72.6124954224, 32.1451530457, -16.6459121704, 38.0548820496, 162.817550659, 32.5226249695, -2.76075792313, 13.9673280716, 3.25278663635], [316.77722168, -25.439666748, -19.2646484375, -14.8451948166, 2.06033420563, 44.0530395508, 50.7125778198, 34.7692985535, 32.5226249695, 127.562812805, 50.7938423157, -23.3052158356, -6.44229602814], [120.02532959, -30.7650337219, 30.3612823486, -19.125164032, -19.0211582184, 44.5624847412, 44.5050544739, 11.5088224411, -2.76075792313, 50.7938423157, 95.0080032349, 4.65653753281, 2.82431912422], [29.1886177063, -53.5432167053, -2.46109843254, 30.6943721771, 27.8430957794, -31.0578079224, -55.2019691467, -14.6460399628, 13.9673280716, -23.3052158356, 4.65653753281, 115.134628296, 38.9609870911], [50.0506782532, -35.4924850464, -38.6069450378, -0.392846524715, -9.38898468018, -19.4397277832, -15.8862705231, 2.97226834297, 3.25278663635, -6.44229602814, 2.82431912422, 38.9609870911, 81.2777709961]], "icov": [[0.000134335321491, 0.000110369146569, 8.37851766846e-05, -6.05624700256e-05, 2.44355633185e-05, -0.000262295536231, 0.000132948553073, -0.000184597738553, 1.82620879059e-05, -0.000255151971942, 5.50931872567e-05, -5.0175240176e-05, -2.10154576052e-05], [0.000110369146569, 0.00136956444476, 0.000378941564122, -0.000471523148008, -0.000456508307252, 0.000395601207856, -0.000423279765528, -0.000331830349751, 0.0010746109765, -8.09962075436e-05, 9.08555302885e-05, 0.000420454482082, 0.000424971163739], [8.37851766846e-05, 0.000378941564122, 0.0015009471681, -0.00129198818468, -0.000511019839905, 8.19820197648e-05, -0.000353696581442, -3.46934284607e-05, 0.000653902883641, 0.000355523603503, -0.000898608355783, 0.000333692965796, 0.000586578447837], [-6.05624700256e-05, -0.000471523148008, -0.00129198818468, 0.00475777406245, -0.000691279827151, -0.00074667239096, 0.000968343112618, -0.000565052905586, -0.00042070177733, -0.000147403537994, 0.00124954979401, -0.00105613505002, -0.000339820777299], [2.44355633185e-05, -0.000456508307252, -0.000511019839905, -0.000691279827151, 0.00482931220904, -0.00140886520967, 0.00111336866394, -0.00116523320321, -0.00164650531951, -0.000321959785651, 0.00126338761766, -0.00134852982592, 0.000663555925712], [-0.000262295536231, 0.000395601207856, 8.19820197648e-05, -0.00074667239096, -0.00140886520967, 0.0083932839334, -0.00314254290424, 0.000982330064289, -0.00101968133822, 0.000595713034272, -0.00304320733994, 0.00172695843503, 0.000930125766899], [0.000132948553073, -0.000423279765528, -0.000353696581442, 0.000968343112618, 0.00111336866394, -0.00314254290424, 0.00689230300486, -0.00187811057549, 0.000617641664576, -0.00117417704314, -0.000708291423507, 0.00128580594901, -0.000346748769516], [-0.000184597738553, -0.000331830349751, -3.46934284607e-05, -0.000565052905586, -0.00116523320321, 0.000982330064289, -0.00187811057549, 0.00836255121976, -0.0015706619015, -0.000792684499174, -0.000449718616437, 0.00120109727141, -0.00118309271056], [1.82620879059e-05, 0.0010746109765, 0.000653902883641, -0.00042070177733, -0.00164650531951, -0.00101968133822, 0.000617641664576, -0.0015706619015, 0.00899411551654, -0.00229851901531, 0.00160477962345, -0.000896466139238, 0.000342488870956], [-0.000255151971942, -8.09962075436e-05, 0.000355523603503, -0.000147403537994, -0.000321959785651, 0.000595713034272, -0.00117417704314, -0.000792684499174, -0.00229851901531, 0.0126566709951, -0.00651640165597, 0.00267355260439, 0.000234734630794], [5.50931872567e-05, 9.08555302885e-05, -0.000898608355783, 0.00124954979401, 0.00126338761766, -0.00304320733994, -0.000708291423507, -0.000449718616437, 0.00160477962345, -0.00651640165597, 0.0168245341629, -0.00390128209256, -0.000414229813032], [-5.0175240176e-05, 0.000420454482082, 0.000333692965796, -0.00105613505002, -0.00134852982592, 0.00172695843503, 0.00128580594901, 0.00120109727141, -0.000896466139238, 0.00267355260439, -0.00390128209256, 0.0132968211547, -0.00515798805282], [-2.10154576052e-05, 0.000424971163739, 0.000586578447837, -0.000339820777299, 0.000663555925712, 0.000930125766899, -0.000346748769516, -0.00118309271056, 0.000342488870956, 0.000234734630794, -0.000414229813032, -0.00515798805282, 0.0155453998595]]}, "barkbands_spread": {"mean": 23.1461315155, "min": 0.230529904366, "max": 111.013725281, "dmean2": 6.41768121719, "dvar": 46.2310371399, "dmean": 4.38926744461, "median": 21.0621356964, "dvar2": 83.3558425903, "var": 242.253311157}, "spectral_strongpeak": {"mean": 1.72468173504, "min": 0, "max": 14.9930906296, "dmean2": 1.28529059887, "dvar": 1.8841586113, "dmean": 0.751295268536, "median": 0.851081728935, "dvar2": 4.81080389023, "var": 5.15696144104}, "melbands_crest": {"mean": 12.4325990677, "min": 1.77667891979, "max": 31.1233139038, "dmean2": 3.99785637856, "dvar": 5.59575891495, "dmean": 2.49905776978, "median": 11.5892066956, "dvar2": 14.6646709442, "var": 20.9271430969}, "spectral_energyband_middle_high": {"mean": 0.00824106391519, "min": 1.55378254516e-21, "max": 0.0517309345305, "dmean2": 0.00271859415807, "dvar": 9.4472161436e-06, "dmean": 0.00178385246545, "median": 0.003624944482, "dvar2": 2.17191900447e-05, "var": 0.000100722303614}, "spectral_rms": {"mean": 0.00496035953984, "min": 3.24443878881e-12, "max": 0.0104040158913, "dmean2": 0.000723581004422, "dvar": 2.52217773777e-07, "dmean": 0.000461811403511, "median": 0.00541974510998, "dvar2": 6.14159773704e-07, "var": 3.42968951372e-06}, "spectral_flux": {"mean": 0.0683339685202, "min": 1.03872722923e-10, "max": 0.321413546801, "dmean2": 0.0270988661796, "dvar": 0.000367573084077, "dmean": 0.0171860288829, "median": 0.0638763979077, "dvar2": 0.000833553553093, "var": 0.00154184619896}, "erbbands_flatness_db": {"mean": 0.161535099149, "min": 0.0409297421575, "max": 0.439954161644, "dmean2": 0.0205367859453, "dvar": 0.00020130253688, "dmean": 0.0142238140106, "median": 0.159208521247, "dvar2": 0.000400303310016, "var": 0.00182871182915}, "barkbands_flatness_db": {"mean": 0.137728706002, "min": 0.0266719032079, "max": 0.589706242085, "dmean2": 0.0235275700688, "dvar": 0.000245353468927, "dmean": 0.0156162399799, "median": 0.125836730003, "dvar2": 0.000536058505531, "var": 0.00296329264529}, "spectral_entropy": {"mean": 7.42442512512, "min": 4.27038669586, "max": 9.79782867432, "dmean2": 0.201027587056, "dvar": 0.0257482845336, "dmean": 0.138978824019, "median": 7.47329902649, "dvar2": 0.046491201967, "var": 0.279761731625}, "spectral_energyband_high": {"mean": 0.00135208794381, "min": 7.8971490458e-21, "max": 0.0400042906404, "dmean2": 0.000639784964733, "dvar": 2.15940008275e-06, "dmean": 0.000465641613118, "median": 0.000536504318006, "dvar2": 3.48367279912e-06, "var": 9.13027633942e-06}, "barkbands_kurtosis": {"mean": 4.26659154892, "min": -1.91639196873, "max": 211.994873047, "dmean2": 3.11228561401, "dvar": 19.9207344055, "dmean": 2.01492762566, "median": 1.07391834259, "dvar2": 46.7703285217, "var": 79.7288284302}, "spectral_complexity": {"mean": 16.6797599792, "min": 0, "max": 49, "dmean2": 3.48762845993, "dvar": 5.09379291534, "dmean": 2.17575716972, "median": 16, "dvar2": 11.4835958481, "var": 78.7678527832}, "spectral_contrast_coeffs": {"mean": [-0.662173748016, -0.685034930706, -0.714831888676, -0.729582726955, -0.761380314827, -0.769148468971], "min": [-0.964746713638, -0.959579229355, -0.966952562332, -0.959224045277, -0.959128439426, -0.960674583912], "max": [-0.340673059225, -0.39082506299, -0.450060367584, -0.502321600914, -0.554333567619, -0.614486813545], "dmean2": [0.0711930766702, 0.062632843852, 0.0562661141157, 0.0462376363575, 0.0339380018413, 0.0253713671118], "dvar": [0.00125075492542, 0.00107695232145, 0.000889512593858, 0.000617639801931, 0.000314104370773, 0.000207380318898], "dmean": [0.0429707616568, 0.0391767323017, 0.0355134904385, 0.028912069276, 0.0211759600788, 0.0163796283305], "median": [-0.672625780106, -0.689824700356, -0.72114610672, -0.734948039055, -0.764946460724, -0.767581701279], "dvar2": [0.00331062986515, 0.00273573282175, 0.00216664210893, 0.0014502996346, 0.00075222668238, 0.00045480710105], "var": [0.00653921952471, 0.00611042557284, 0.00589367188513, 0.00603830721229, 0.0027606296353, 0.00158120424021]}, "spectral_centroid": {"mean": 1279.49450684, "min": 97.6686935425, "max": 11503.1816406, "dmean2": 249.690368652, "dvar": 63295.203125, "dmean": 170.114562988, "median": 1254.10253906, "dvar2": 107988.945313, "var": 438333.125}, "spectral_energyband_low": {"mean": 0.00748303160071, "min": 9.74859097434e-23, "max": 0.0968126729131, "dmean2": 0.00456210412085, "dvar": 2.90678381134e-05, "dmean": 0.00285324431024, "median": 0.00635998044163, "dvar2": 6.98253788869e-05, "var": 5.71947930439e-05}, "dissonance": {"mean": 0.451880306005, "min": 0.0273343659937, "max": 0.49998062849, "dmean2": 0.0316539593041, "dvar": 0.000342907471349, "dmean": 0.0192531254143, "median": 0.458421736956, "dvar2": 0.000894896395039, "var": 0.00107244774699}, "zerocrossingrate": {"mean": 0.0641001909971, "min": 0.00390625, "max": 0.50146484375, "dmean2": 0.0101255206391, "dvar": 0.000223350056331, "dmean": 0.00906350277364, "median": 0.0576171875, "dvar2": 0.000201737595489, "var": 0.00189301534556}, "erbbands": {"mean": [0.133589193225, 1.23208916187, 2.22901296616, 2.17835879326, 3.83114886284, 13.2635679245, 25.2304935455, 26.2841567993, 28.7517871857, 25.3767967224, 25.6446666718, 35.6932106018, 35.6539840698, 60.6008148193, 27.3355770111, 31.6774845123, 50.2811813354, 21.3918094635, 90.530960083, 39.6581497192, 55.8202362061, 30.2397117615, 20.5944061279, 10.2693023682, 11.3873176575, 10.4412374496, 8.71917438507, 7.5262055397, 9.97700023651, 9.2601108551, 7.42290973663, 5.87373304367, 4.28340625763, 2.26020598412, 0.988295435905, 0.342398017645, 0.087439648807, 0.0130015015602, 0.000603653665166, 5.37132982572e-05], "min": [9.94578663689e-22, 1.65870860852e-20, 2.77304093176e-20, 4.58599820657e-20, 1.16640014393e-19, 3.08216233332e-19, 2.70876835193e-19, 1.39856815763e-19, 8.0806901809e-19, 5.29868739344e-19, 1.62444230915e-18, 1.39804080414e-18, 6.50544567946e-19, 1.99397511484e-18, 4.47347671152e-18, 4.82364997536e-18, 3.86174935158e-18, 4.03266637283e-18, 4.49117713586e-18, 1.11941376224e-17, 4.8017991723e-18, 1.54187773125e-17, 1.30881024652e-17, 9.26429382042e-18, 1.63539695151e-17, 2.05494692866e-17, 1.82661447392e-17, 1.25243118762e-17, 2.62570651441e-17, 2.11270332601e-17, 1.72051003151e-17, 1.43997817877e-17, 1.25830326007e-17, 1.1938194028e-17, 7.76526884254e-18, 8.23549785972e-18, 3.51258276654e-18, 1.33839549851e-18, 3.25252560885e-19, 3.42993155181e-20], "max": [3.72450780869, 22.5096302032, 52.3475952148, 111.465446472, 88.4109344482, 230.733703613, 453.484161377, 370.636657715, 824.301086426, 1033.60290527, 714.695678711, 976.767822266, 1648.97033691, 1775.18798828, 1569.03735352, 872.787353516, 1961.8918457, 1636.69848633, 2359.75366211, 1613.14538574, 1564.34143066, 1304.51647949, 563.042480469, 317.241851807, 335.310974121, 589.740478516, 362.667205811, 506.757568359, 643.805969238, 515.137878418, 507.916107178, 388.822845459, 305.801940918, 213.463699341, 102.423934937, 27.947435379, 7.79844474792, 1.33018684387, 0.170768007636, 0.00282573746517], "dmean2": [0.108517967165, 0.879375874996, 1.61077344418, 2.23905420303, 3.21975946426, 9.49437427521, 16.0496826172, 12.9189586639, 22.2161464691, 16.5014591217, 16.5149688721, 20.5493793488, 23.9268283844, 36.016002655, 16.1155185699, 17.4060707092, 28.1942462921, 13.0510187149, 66.0297622681, 22.2192878723, 29.2273654938, 16.287071228, 11.8001213074, 5.9067325592, 7.6944732666, 6.17030286789, 5.37850856781, 4.89986610413, 6.46358585358, 5.74666309357, 4.93504285812, 4.01882600784, 3.05826020241, 1.70831632614, 0.763435900211, 0.273574411869, 0.0762946680188, 0.0132286874577, 0.000809995050076, 2.71254466497e-05], "dvar": [0.0206818152219, 1.23227012157, 5.12452507019, 13.6657562256, 16.5683517456, 107.817497253, 430.192779541, 342.427734375, 1039.66723633, 695.083068848, 555.180297852, 1183.23815918, 2640.79907227, 3723.53027344, 958.133117676, 757.844177246, 2136.23535156, 716.093017578, 13354.9501953, 1298.70056152, 2554.18920898, 778.813781738, 213.293945313, 50.1395225525, 102.763160706, 103.441963196, 63.0456962585, 115.897270203, 214.940216064, 151.16645813, 181.379776001, 130.75982666, 99.0589904785, 32.0156517029, 5.73527812958, 0.638758838177, 0.0322497300804, 0.000824639864732, 8.04504179541e-06, 3.76135789182e-09], "dmean": [0.0696966424584, 0.541029393673, 0.953434407711, 1.29271149635, 1.97083961964, 5.81567907333, 10.5808010101, 9.24060249329, 14.1199903488, 11.2593698502, 11.2860736847, 14.2882041931, 16.0458488464, 24.5890426636, 10.7952394485, 11.4244241714, 18.4753227234, 8.71174812317, 42.4074668884, 14.399561882, 19.0416278839, 10.1634302139, 7.49933242798, 3.70634818077, 4.68977594376, 3.98820161819, 3.4142305851, 3.23078918457, 4.30599927902, 3.91523170471, 3.3880546093, 2.797560215, 2.13529276848, 1.1947042942, 0.532423198223, 0.191285118461, 0.0523133017123, 0.00873429141939, 0.000502386712469, 1.75711520569e-05], "median": [0.0972831994295, 0.861227810383, 1.43701910973, 1.41935515404, 1.79150915146, 5.39329147339, 12.846663475, 11.7254085541, 11.9894361496, 10.5304775238, 11.308760643, 11.3002786636, 9.14911270142, 12.9446277618, 9.94394111633, 8.90891075134, 12.0120773315, 7.27407693863, 13.3143072128, 10.4782743454, 9.80681610107, 9.0350151062, 9.64946651459, 5.88032913208, 5.14675521851, 5.16651439667, 3.50957155228, 2.82445716858, 3.5549993515, 3.27464413643, 2.57016324997, 1.55162000656, 0.796398997307, 0.366596788168, 0.208232581615, 0.0640854462981, 0.0147950602695, 0.00195869454183, 7.347331848e-05, 4.24093886977e-05], "dvar2": [0.0469305329025, 3.16244912148, 13.9856719971, 38.7404441833, 42.3262138367, 272.927368164, 1066.98193359, 725.702941895, 2581.98291016, 1494.36364746, 1267.83374023, 2472.47753906, 5761.53027344, 8060.25634766, 2046.4543457, 1725.55554199, 5190.14208984, 1390.86938477, 33289.5664063, 3059.10083008, 6082.68554688, 2103.5690918, 518.81842041, 120.752601624, 274.102416992, 209.193588257, 137.328552246, 241.199813843, 457.999664307, 297.096557617, 374.487945557, 233.740615845, 188.741790771, 60.2312049866, 10.4966640472, 1.11946463585, 0.0565653219819, 0.00168418686371, 2.1127936634e-05, 9.52671186383e-09], "var": [0.0360800102353, 2.05111122131, 7.04736995697, 11.1923761368, 41.1459770203, 462.880828857, 1316.07409668, 1645.08300781, 2485.46142578, 1997.16369629, 1642.42150879, 5347.33837891, 7020.30859375, 19976.7519531, 5384.40136719, 4290.69238281, 10559.6962891, 2659.07446289, 43327.921875, 10599.375, 18477.0664063, 4287.85791016, 1402.66564941, 205.990890503, 316.193389893, 393.873260498, 221.780502319, 283.695739746, 497.457550049, 456.643859863, 455.749847412, 421.380554199, 313.963226318, 98.005279541, 15.8983659744, 1.93644654751, 0.108093388379, 0.00226519349962, 8.47247429192e-06, 5.89871484991e-09]}, "pitch_salience": {"mean": 0.521706581116, "min": 0.0838546305895, "max": 0.934967398643, "dmean2": 0.0843388214707, "dvar": 0.00249240011908, "dmean": 0.0533131361008, "median": 0.521422982216, "dvar2": 0.00623991247267, "var": 0.00837250705808}, "silence_rate_60dB": {"mean": 0.0809638574719, "min": 0, "max": 1, "dmean2": 0.00931876618415, "dvar": 0.00463838595897, "dmean": 0.0046590087004, "median": 0, "dvar2": 0.00971127208322, "var": 0.0744136571884}, "melbands": {"mean": [0.00136496545747, 0.00138167815749, 0.000389883236494, 0.000605405657552, 0.000863148306962, 0.000592442520428, 0.000432767992606, 0.000272954581305, 0.00021350645693, 0.000214684230741, 0.000184868957149, 0.000267452589469, 8.9094733994e-05, 7.49048340367e-05, 0.000126237195218, 7.03996192897e-05, 3.26172266796e-05, 0.000148229766637, 6.67287313263e-05, 5.73657162022e-05, 6.04113338341e-05, 2.47456991929e-05, 3.54130534106e-05, 1.21053144539e-05, 7.17275588613e-06, 8.84807832335e-06, 7.30540477889e-06, 6.55651319903e-06, 6.01567853664e-06, 4.51678124591e-06, 4.21540335083e-06, 5.46905312149e-06, 5.8801342675e-06, 4.87809802507e-06, 4.39482209913e-06, 3.7418019474e-06, 3.53062932845e-06, 3.14241083288e-06, 2.52954328062e-06, 1.66992435879e-06], "min": [1.42879970212e-23, 1.85291530614e-23, 7.79447743583e-24, 1.64681072184e-23, 1.03649980504e-23, 3.03831749798e-24, 1.20168901409e-23, 6.67797340882e-24, 1.35244175303e-23, 8.47478950277e-24, 2.84484659996e-24, 6.93717259189e-24, 1.40022952672e-23, 1.35724181386e-23, 1.18021700911e-23, 6.61483377083e-24, 7.6125739997e-24, 5.35488722111e-24, 1.64384586701e-23, 7.91857708914e-24, 5.05402040503e-24, 1.43512447332e-23, 1.63424953187e-23, 1.00870815647e-23, 6.42457669214e-24, 1.13213309704e-23, 1.17900137446e-23, 1.39922404461e-23, 1.32317225243e-23, 7.89613084094e-24, 6.45430885965e-24, 1.32746263024e-23, 1.65290751223e-23, 1.04420602945e-23, 8.65088218948e-24, 1.12655261611e-23, 7.55066261814e-24, 7.16324908328e-24, 1.10999127027