{"tonal": {"thpcp": [1, 0.959656000137, 0.540149271488, 0.464311510324, 0.425991296768, 0.458582013845, 0.857227087021, 0.93300974369, 0.632781207561, 0.56009376049, 0.547229409218, 0.464156210423, 0.466811686754, 0.518470644951, 0.484223812819, 0.47344955802, 0.415341943502, 0.385019898415, 0.494788467884, 0.480553030968, 0.496769398451, 0.653926968575, 0.645990252495, 0.580025494099, 0.628527164459, 0.53796684742, 0.377156853676, 0.343438655138, 0.347568362951, 0.452830344439, 0.774749517441, 0.824417352676, 0.624385774136, 0.778694927692, 0.731031239033, 0.622125089169], "hpcp": {"dmean2": [0.18359592557, 0.19121620059, 0.173125833273, 0.166141197085, 0.178091332316, 0.171884343028, 0.159770309925, 0.139548525214, 0.138589084148, 0.163645863533, 0.15379743278, 0.158940032125, 0.204082295299, 0.228862345219, 0.189728245139, 0.183926090598, 0.167585596442, 0.144927427173, 0.135437071323, 0.140666633844, 0.1742400527, 0.230247557163, 0.248876675963, 0.243361875415, 0.246640011668, 0.213407844305, 0.178837120533, 0.233394861221, 0.24699896574, 0.190613925457, 0.154066249728, 0.149471282959, 0.154105037451, 0.208055764437, 0.256888061762, 0.221023067832], "median": [0.0403822734952, 0.0352800674736, 0.0286270231009, 0.0332969911397, 0.0309713091701, 0.0368219204247, 0.0310207176954, 0.0250980444252, 0.0316687040031, 0.0341583564878, 0.0326115675271, 0.0383194088936, 0.0706319436431, 0.0693366825581, 0.0703044235706, 0.0486536808312, 0.0342717543244, 0.0209721364081, 0.0167991295457, 0.0202510599047, 0.0398969873786, 0.0719816684723, 0.0786309614778, 0.0545674450696, 0.0533855967224, 0.0414347276092, 0.0802291408181, 0.0850978344679, 0.100045911968, 0.053079303354, 0.034508138895, 0.0258887875825, 0.0380032844841, 0.0657889023423, 0.0790369585156, 0.0643697306514], "min": [0, 0, 0, 0, 0, 0, 0, 0, 0, 0, 0, 0, 0, 0, 0, 0, 0, 0, 0, 0, 0, 0, 0, 0, 0, 0, 0, 0, 0, 0, 0, 0, 0, 0, 0, 0], "dvar2": [0.075724683702, 0.0829747617245, 0.0754779726267, 0.0608590580523, 0.0704651474953, 0.061448212713, 0.0605698041618, 0.0536445714533, 0.0510450713336, 0.0671279653907, 0.0594274252653, 0.0588640756905, 0.0803210511804, 0.0968614518642, 0.060732871294, 0.0731380656362, 0.0703715980053, 0.0572885088623, 0.0571820624173, 0.0590881370008, 0.0616200193763, 0.0894184932113, 0.0946856886148, 0.108632750809, 0.11522166431, 0.0947759896517, 0.0548325590789, 0.097507417202, 0.0998447090387, 0.0589678138494, 0.0515604615211, 0.0635157376528, 0.0597781836987, 0.0823992341757, 0.105696357787, 0.0841020941734], "dvar": [0.0322991684079, 0.0325910933316, 0.0293369665742, 0.0247452687472, 0.0308657363057, 0.0255101658404, 0.0262859743088, 0.0208914540708, 0.0196603238583, 0.0292525421828, 0.0243881456554, 0.024874785915, 0.0341122858226, 0.0363576896489, 0.0244245994836, 0.0316153131425, 0.0278859585524, 0.0224987752736, 0.022557226941, 0.0229434855282, 0.0237359832972, 0.038671977818, 0.0382662154734, 0.0385733395815, 0.0461456254125, 0.0394570194185, 0.0217086616904, 0.0429445840418, 0.0394941009581, 0.0258073583245, 0.0229071900249, 0.0247841663659, 0.0220936369151, 0.0354738123715, 0.0468772724271, 0.0326314382255], "dmean": [0.109785288572, 0.114069379866, 0.104243405163, 0.100897140801, 0.10929325968, 0.106073431671, 0.0959790199995, 0.0832160115242, 0.0826155021787, 0.0973802357912, 0.0924469605088, 0.09730797261, 0.123453781009, 0.138173788786, 0.115185089409, 0.110372051597, 0.0993435531855, 0.085549145937, 0.0795836150646, 0.0823967009783, 0.102266438305, 0.134910702705, 0.146758958697, 0.13951779902, 0.145662024617, 0.126867383718, 0.109434641898, 0.141239911318, 0.148913323879, 0.118592761457, 0.0929182618856, 0.0882875919342, 0.0937488377094, 0.128242701292, 0.157748624682, 0.13286614418], "max": [1, 1, 1, 1, 1, 1, 1, 1, 1, 1, 1, 1, 1, 1, 1, 1, 1, 1, 1, 1, 1, 1, 1, 1, 1, 1, 1, 1, 1, 1, 1, 1, 1, 1, 1, 1], "var": [0.059916537255, 0.0545410178602, 0.0436529777944, 0.0406711325049, 0.0504734888673, 0.0395866334438, 0.0488188154995, 0.0373915359378, 0.0277915410697, 0.0507617220283, 0.0437294542789, 0.0463465675712, 0.0644167289138, 0.0566224679351, 0.0426125600934, 0.0703186020255, 0.0572808124125, 0.0343139767647, 0.0322492755949, 0.0308258570731, 0.0350306071341, 0.0825278609991, 0.0849325060844, 0.0540473349392, 0.0855469703674, 0.0852324217558, 0.0410560257733, 0.120540179312, 0.094370290637, 0.0408094637096, 0.0445592403412, 0.0422461889684, 0.0381033606827, 0.100974306464, 0.105154111981, 0.0528987012804], "mean": [0.15048570931, 0.147029325366, 0.124709255993, 0.125422731042, 0.139302432537, 0.130101010203, 0.127206191421, 0.111593864858, 0.103446952999, 0.132939517498, 0.129114747047, 0.133471757174, 0.175696775317, 0.173564344645, 0.155840963125, 0.168872356415, 0.144540667534, 0.101334318519, 0.0922749266028, 0.0933844968677, 0.121666230261, 0.208159312606, 0.221504047513, 0.167759656906, 0.209219366312, 0.196413099766, 0.167152255774, 0.268679499626, 0.257839888334, 0.145127043128, 0.124750986695, 0.114455126226, 0.123211584985, 0.230319350958, 0.250680595636, 0.170015335083]}, "tuning_equal_tempered_deviation": 0.155177086592, "chords_changes_rate": 0.100875303149, "key_key": "F#", "tuning_diatonic_strength": 0.423580229282, "key_scale": "minor", "chords_number_rate": 0.0027263595257, "tuning_frequency": 432.690917969, "tuning_nontempered_energy_ratio": 0.851280510426, "chords_histogram": [18.2379112244, 4.36217546463, 13.1152248383, 2.38197731972, 1.76495909691, 0.64571672678, 0, 3.31467938423, 1.43492615223, 8.82479572296, 10.3314676285, 2.48242211342, 1.63581573963, 0.315683752298, 5.81145048141, 0.918352723122, 1.80800688267, 2.98464632034, 2.66896247864, 2.94159841537, 0.674415290356, 1.33448123932, 4.74960517883, 7.26072597504], "key_strength": 0.561621725559, "chords_key": "F#", "chords_strength": {"dmean2": 0.0132958861068, "median": 0.455250918865, "min": -1, "dvar2": 0.000614732562099, "dvar": 0.000360910926247, "dmean": 0.0129513610154, "max": 0.850153923035, "var": 0.0293464586139, "mean": 0.441986560822}, "chords_scale": "minor", "hpcp_entropy": {"dmean2": 0.948843538761, "median": 2.01064801216, "min": 0, "dvar2": 0.643169224262, "dvar": 0.250283807516, "dmean": 0.56667548418, "max": 4.53134346008, "var": 0.633376598358, "mean": 2.04431128502}}, "metadata": {"audio_properties": {"equal_loudness": 0, "codec": "mp3", "downmix": "mix", "sample_rate": 44100, "analysis_sample_rate": 44100, "bit_rate": 129824, "md5_encoded": "1a2dd1538b4b331429f0b7d72b6b4d7a", "length": 323.552642822, "replay_gain": -7.27133560181, "lossless": false}, "version": {"essentia_build_sha": "2d9f1f26377add8aeb1075a9c2973f962c4f09fd", "essentia": "2.1-beta2", "extractor": "music 1.0", "essentia_git_sha": "v2.1_beta2-1-ge3940c0"}, "tags": {"title": ["Cromer"], "language": ["eng"], "media": ["CD"], "albumartist": ["Leafcutter John"], "musicbrainz_releasegroupid": ["094d1440-2223-3935-aeb2-8008575a9412"], "musicbrainz_recordingid": ["0cc4acb1-bc6e-4b93-a1a8-2f42d9832a5f"], "encoding": ["Lame3.98"], "musicbrainz_albumartistid": ["5983952f-deb5-4bbc-8dec-ad0319e1ffec"], "discnumber": ["01/01"], "bpm": ["99.94"], "catalognumber": ["ZIQ017CD"], "contentgroup": ["Abstract"], "originalalbum": ["Concourse EEP"], "musicbrainz album type": ["Album"], "musicbrainz album status": ["Official"], "file_name": "04 - Cromer.mp3", "originaldate": ["2000-04-24"], "acoustid_fingerprint": ["AQABz1uSUkqSSMFz4xb6HgmyGA_x8GB0PWikCjHjQz_-F00sEtpSJSliS3jx4IwD6hNxHE-LPqOCUAuV49GJ7scNv4e-4w-ONMvxFN_h97h0hD9-6EZmH6WUH_3xjcgjhdAyiWgRWTqqRymaxBsRXfih78hT41GG66jKoNkzXNvRB-byBJekB3GNQz_6hMXZI5X-4Go-hEfj6AKfxRK0w1GGh5kR1wzcX-iZEX1yw8tyOJIWdEukHM9FHN5xcbh0G48Pn6PAZlkm4RbyZEiIUzke5gluo3l44jx63PiRTFuOLxTeCrHCXfgy43BvbGdGlNqIXMF1DdqHaxOuBk1IsYOcqcSV6Dl8_NBxYs9TNNuu4XmI88SU7IOcPrj3I4_wnDiu5GhGOuFQ-xmOHD_EUNrwRjki-wFTTIl0HLuQ7EkQJp0e4vnxXWCXWMGjoT-ahMNIKUfCOkd4NFWW4QuqR0GTlHnw6IavFP-R7EeYZTjD4oJ9KsU_4k-ON3hy4x2qB82ZGs8-5NeM5IonfLDT4z0c68ivIWkSRRe-Fv1y-EQ__Hhy4i-m_EWi_IiUo_9x7SwaJiOD6zmaM3iPC291JGSS1EVoXRnuGcffKOh6HKeCXodrHE12C98UvHGD50Rzos8cXCLCKGmSQxMpHkmuLPjxPCvYC170BP8xUsxx4iHE5cG-gMcePWiaUYlQq2OKFxf-IznyT0EdlUb-4Yc_C-2EmD2ezOgTHe4yXPC0SUcfJlGE_MSh3QrChGIa3EHjDZOLpItyZF-NP9j8BOcnnKiMhsvxI_ER5iiJb3kSVLeIdgyu7EdTHe0j5EYSM8d0HW_hK0ZJPThxvQjXRNmhammJH82OK0sQWccv8ILjVsSFk2jqIJkaZN9xLs1xinB6zNqT4pW0HH1DPMePZImkGXkVvPgV9Oh7uIuZ4n7xMzClLEd-nNBvlF2OJhsPbTf-4MtSlB00f2hy4QvOFpMuIS0PPzmmJ8KP58JbpuiLMz-aPwTOfXhwlIEP7clwYnzBMcqxt2jeF2VxnEOyaGKE0FFwHM2-BO2DZvyC_aDCaMdP4g8aLstk_EHy0DZyZZgeJpLQhNuDHycsJomCXEi6C_1iND8uNFMaB31m_JhyMHKYIcmZkULu6EETJdpxRopTtMdDAT5yZkbiJQ7RKUyOH121Y98Desd0mBGPh4H3CX17NM-UhqiVZRISHwMyPVmDUwr848gXSHdwpkiD_Rl-3EFJHZ9h-aieIRd0HOmLH5eL_2iuHPkhFjcRHkfDMVXQ90FJHmmP_MaXo3GD6xT2fODJHc26bEG15kbiUEMaYk_6IDqS9wEdwdsl7HqEp8ePkgJgqUDKCAAAAUQQbphglArAACAUCEKMY8EaqgQRjDACiDDCWAWBQQowaZAVRCkDiIMAEAMEAEgQJYAQQiDBiFgCAAQAYcABg4CgRhBkCRGEQAgIQYo5YARwTBKgBANECQKAYJQQQ4RTlAkmFBdGCAkAsYRAAjADTgBEANDEAwQAYEQwDAITShAvHJECCEQA4EghwZQSQjEhBCEAEEAoE8QIa4AiSAgCECBACcKEQEoZzBQDiAmAkAEEBaTAIVJYIRAARBxgDFHAImYYcKBQaBAgRgBDhCIGCGE4IsAZZ6wj2hFADEAMCcIYQ4AQ4KwAgBBgECKEAWEAN9Q5powBgjkiiGUAIAEgIlAxSAQQzGBCoBBMIUE4Q4ADwRwSjCCABMPQAOEAE1wYLAAS0ANGAAASAKUUYYwwQZGAxhiOgCMMEEGIMkKhAAAQDmDiDCEACKUBYUIBBww"], "date": ["2000-04-24"], "genre": ["Electronic"], "musicbrainz album release country": ["GB"], "album": ["Concourse EEP"], "musicbrainz_artistid": ["5983952f-deb5-4bbc-8dec-ad0319e1ffec"], "asin": ["B00004SPQB"], "musicbrainz_albumid": ["42d7e84f-d0df-4ea5-a4d6-726b6dc5f50b"], "artist": ["Leafcutter John"], "artistsort": ["Leafcutter John"], "tracknumber": ["04/08"], "label": ["Planet Mu"], "albumartistsort": ["Leafcutter John"], "acoustid_id": ["04bbec94-82a8-4421-bbad-fb252afaead8"], "script": ["Latin"]}}, "rhythm": {"bpm_histogram_first_peak_bpm": {"dmean2": 0, "median": 99, "min": 99, "dvar2": 0, "dvar": 0, "dmean": 0, "max": 99, "var": 0, "mean": 99}, "bpm": 99.9456634521, "bpm_histogram_second_peak_spread": {"dmean2": 0, "median": 0.571428537369, "min": 0.571428537369, "dvar2": 0, "dvar": 0, "dmean": 0, "max": 0.571428537369, "var": 0, "mean": 0.571428537369}, "bpm_histogram_first_peak_weight": {"dmean2": 0, "median": 0.329371809959, "min": 0.329371809959, "dvar2": 0, "dvar": 0, "dmean": 0, "max": 0.329371809959, "var": 0, "mean": 0.329371809959}, "onset_rate": 3.48919796944, "beats_position": [0.325079351664, 0.650158703327, 0.975238084793, 1.31192743778, 1.64861679077, 1.99691605568, 2.34521532059, 2.69351458549, 3.06503391266, 3.43655323982, 3.83129239082, 4.22603178024, 4.59755086899, 4.96907043457, 5.31736946106, 5.66566896439, 6.10684776306, 6.54802703857, 7.00081634521, 7.45360517502, 7.8831744194, 8.31274318695, 8.75392246246, 9.19510173798, 9.64789104462, 10.1006803513, 10.4954195023, 10.8785486221, 11.2848978043, 11.7028570175, 12.1556463242, 12.6084346771, 13.0612239838, 13.5256233215, 14.0016326904, 14.4776411057, 14.9188203812, 15.3599996567, 15.8127889633, 16.2655773163, 16.7183666229, 17.1595458984, 17.6123352051, 18.0302944183, 18.4598636627, 18.8894329071, 19.3422222137, 19.7950115204, 20.247800827, 20.7121982574, 21.2694778442, 21.826757431, 22.4072551727, 22.9993648529, 23.5914726257, 24.1835823059, 24.7989120483, 25.4258499146, 26.0527877808, 26.6681175232, 27.2718353271, 27.8871650696, 28.3747844696, 28.8624038696, 29.3500213623, 29.8144207001, 30.2788200378, 30.7432193756, 31.2308387756, 31.6836280823, 32.1364173889, 32.5775947571, 33.0187759399, 33.4483451843, 33.8779144287, 34.2842636108, 34.690612793, 35.1085700989, 35.514919281, 35.9212684631, 36.3160095215, 36.7339668274, 37.1403160095, 37.5582771301, 37.9646263123, 38.3825836182, 38.730884552, 39.0791816711, 39.427482605, 39.7873916626, 40.2285690308, 40.6697502136, 41.1109275818, 41.5404968262, 41.9700660706, 42.4112472534, 42.8524246216, 43.3632659912, 43.8624954224, 44.3733329773, 44.9306106567, 45.4878921509, 46.0451698303, 46.6140594482, 47.1829452515, 47.7518348694, 48.3091163635, 48.8780021667, 49.4352836609, 49.9809532166, 50.5498390198, 51.1303405762, 51.7108383179, 52.210067749, 52.6860771179, 53.1736946106, 53.6380958557, 54.0908851624, 54.5552825928, 55.0196800232, 55.4956893921, 55.9600906372, 56.4244880676, 56.8888893127, 57.3648986816, 57.8409042358, 58.3633537292, 58.8858032227, 59.3850326538, 59.8726501465, 60.3602714539, 60.8478889465, 61.2774581909, 61.7070274353, 62.1365966797, 62.5893859863, 63.042175293, 63.4949645996, 63.9477539063, 64.4237594604, 64.899772644, 65.3757781982, 65.8634033203, 66.3394088745, 66.8734664917, 67.3726959229, 67.871925354, 68.3711547852, 68.8819961548, 69.392829895, 69.8920593262, 70.4029006958, 70.902130127, 71.4245758057, 71.9354171753, 72.4462585449, 73.0267562866, 73.6072540283, 74.1761474609, 74.7914733887, 75.3951950073, 75.9989089966, 76.6026306152, 77.2063446045, 77.8100662231, 78.4137878418, 79.005897522, 79.5979995728, 80.2017211914, 80.8054428101, 81.3975524902, 82.0012664795, 82.6049880981, 83.2087097168, 83.8124237061, 84.4045333862, 85.0082550049, 85.6119689941, 86.2156906128, 86.8194122314, 87.4231262207, 88.0268478394, 88.6189575195, 89.2110671997, 89.814781189, 90.4185028076, 91.0338287354, 91.6491622925, 92.2877044678, 92.9262542725, 93.5648040771, 94.1917419434, 94.8186798096, 95.5036697388, 96.1770477295, 96.8504257202, 97.5238113403, 98.1391372681, 98.7544631958, 99.346572876, 99.8922424316, 100.426300049, 100.971969604, 101.447982788, 101.912376404, 102.400001526, 102.852790833, 103.317184448, 103.781585693, 104.257591248, 104.74521637, 105.221221924, 105.766891479, 106.312561035, 106.858230591, 107.392288208, 107.926345825, 108.460403442, 109.052513123, 109.621406555, 110.213516235, 110.805618286, 111.409339905, 112.013061523, 112.616775513, 113.208885193, 113.812606812, 114.416320801, 115.020042419, 115.6121521, 116.215873718, 116.819587708, 117.411697388, 118.003807068, 118.607528687, 119.211242676, 119.803352356, 120.395462036, 120.999183655, 121.602897644, 122.195007324, 122.810340881, 123.414054871, 124.017776489, 124.621498108, 125.225212097, 125.828933716, 126.421043396, 127.024757385, 127.628479004, 128.208984375, 128.777862549, 129.323532104, 129.892425537, 130.472915649, 131.030197144, 131.599090576, 132.179595947, 132.76008606, 133.352203369, 133.781768799, 134.211334229, 134.652511597, 135.093688965, 135.546478271, 135.999267578, 136.452056885, 136.904846191, 137.34602356, 137.76399231, 138.193557739, 138.646347046, 139.099136353, 139.551925659, 140.190475464, 140.805801392, 141.409515381, 142.013244629, 142.616958618, 143.220672607, 143.824401855, 144.428115845, 145.031829834, 145.635559082, 146.25088501, 146.842987061, 147.43510437, 148.027206421, 148.61932373, 149.211425781, 149.815139771, 150.418869019, 151.010971069, 151.614685059, 152.218414307, 152.810516357, 153.414230347, 154.006347656, 154.621673584, 155.225387573, 155.829116821, 156.421218872, 157.013336182, 157.617050171, 158.22076416, 158.81288147, 159.404983521, 160.00869751, 160.612426758, 161.216140747, 161.819854736, 162.423583984, 163.027297974, 163.619400024, 164.211517334, 164.815231323, 165.418960571, 166.011062622, 166.603164673, 167.206893921, 167.81060791, 168.414321899, 169.018051147, 169.621765137, 170.213867188, 170.805984497, 171.409698486, 172.013427734, 172.617141724, 173.220855713, 173.824569702, 174.42829895, 175.020401001, 175.612518311, 176.2162323, 176.819946289, 177.423675537, 178.015777588, 178.619491577, 179.223220825, 179.815322876, 180.419036865, 181.022766113, 181.614868164, 182.206985474, 182.810699463, 183.414413452, 184.0181427, 184.610244751, 185.202362061, 185.794464111, 186.386566162, 186.99029541, 187.582397461, 188.174514771, 188.77822876, 189.370330811, 189.974060059, 190.589385986, 191.193099976, 191.785217285, 192.388931274, 192.992645264, 193.596374512, 194.188476563, 194.792190552, 195.3959198, 195.999633789, 196.603347778, 197.207077026, 197.810791016, 198.414505005, 199.006622314, 199.610336304, 200.202438354, 200.806167603, 201.398269653, 202.001998901, 202.594100952, 203.197814941, 203.801544189, 204.405258179, 205.008972168, 205.612701416, 206.204803467, 206.808517456, 207.400634766, 208.004348755, 208.584854126, 209.176956177, 209.792282104, 210.407608032, 211.022949219, 211.61505127, 212.207168579, 212.810882568, 213.402984619, 213.995101929, 214.587203979, 215.202529907, 215.806259155, 216.409973145, 217.002075195, 217.594192505, 218.197906494, 218.801635742, 219.393737793, 219.985839844, 220.589569092, 221.193283081, 221.79699707, 222.400726318, 223.004440308, 223.608154297, 224.200271606, 224.803985596, 225.396102905, 225.999816895, 226.603530884, 227.207244873, 227.810974121, 228.41468811, 229.00680542, 229.598907471, 230.20262146, 230.806350708, 231.410064697, 232.013778687, 232.617507935, 233.221221924, 233.766891479, 234.300949097, 234.823394775, 235.357452393, 235.89151001, 236.413970947, 236.936416626, 237.482086182, 238.027755737, 238.573425293, 239.119094849, 239.664764404, 240.233642578, 240.848968506, 241.464309692, 242.091247559, 242.718185425, 243.345123291, 243.995285034, 244.610610962, 245.22593689, 245.829650879, 246.421768188, 247.025482178, 247.617584229, 248.221313477, 248.813415527, 249.405532837, 250.009246826, 250.612960815, 251.216690063, 251.820404053, 252.412506104, 253.004623413, 253.608337402, 254.212051392, 254.81578064, 255.419494629, 256.023223877, 256.615325928, 257.207427979, 257.811157227, 258.414855957, 259.018585205, 259.610687256, 260.202819824, 260.806518555, 261.410247803, 262.013977051, 262.617675781, 263.221405029, 263.81350708, 264.405609131, 265.009338379, 265.613067627, 266.216766357, 266.820495605, 267.424224854, 268.016326904, 268.608428955, 269.200531006, 269.804260254, 270.407989502, 271.02331543, 271.638641357, 272.230743408, 272.822845459, 273.49621582, 274.169616699, 274.831390381, 275.493133545, 276.166534424, 276.886352539, 277.594543457, 278.244720459, 278.894866943, 279.545043945, 280.19519043, 280.845336914, 281.495513916, 282.1456604, 282.737762451, 283.32989502, 283.910369873, 284.502502441, 285.094604492, 285.675109863, 286.267211914, 286.870910645, 287.474639893, 288.08996582, 288.693695068, 289.285797119, 289.819854736, 290.365539551, 290.911193848, 291.456878662, 292.014129639, 292.571411133, 293.198364258, 293.802093506, 294.405792236, 295.009521484, 295.613250732, 296.216949463, 296.820678711, 297.412780762, 298.01651001, 298.608612061, 299.154266357, 299.699951172, 300.257232666, 300.81451416, 301.371795654, 301.940673828, 302.509552002, 303.066833496, 303.577667236, 304.100128174, 304.634185791, 305.098602295, 305.562988281, 306.027374268, 306.515014648, 307.002624512, 307.478637695, 307.954650879, 308.430664063, 308.918273926, 309.440734863, 309.97479248, 310.473999023, 310.984832764, 311.507293701, 312.099395752, 312.679901123, 313.260406494, 313.794464111, 314.340118408, 314.874176025, 315.326965332, 315.768157959, 316.209350586, 316.650512695, 317.091705322, 317.532867432, 317.974060059, 318.391998291, 318.809967041, 319.216308594, 319.553009033, 319.878082275, 320.226379395, 320.586303711, 320.94619751, 321.306121826, 321.666015625, 322.025939941, 322.38583374, 322.745758057], "beats_loudness": {"dmean2": 0.0304774884135, "median": 0.00664386106655, "min": 0, "dvar2": 0.00104228092823, "dvar": 0.000395955779823, "dmean": 0.0180211476982, "max": 0.109235562384, "var": 0.000544519803952, "mean": 0.018917420879}, "danceability": 1.19068706036, "bpm_histogram_second_peak_weight": {"dmean2": 0, "median": 0.0509337857366, "min": 0.0509337857366, "dvar2": 0, "dvar": 0, "dmean": 0, "max": 0.0509337857366, "var": 0, "mean": 0.0509337857366}, "beats_count": 590, "bpm_histogram_second_peak_bpm": {"dmean2": 0, "median": 133, "min": 133, "dvar2": 0, "dvar": 0, "dmean": 0, "max": 133, "var": 0, "mean": 133}, "bpm_histogram_first_peak_spread": {"dmean2": 0, "median": 0.388012617826, "min": 0.388012617826, "dvar2": 0, "dvar": 0, "dmean": 0, "max": 0.388012617826, "var": 0, "mean": 0.388012617826}, "beats_loudness_band_ratio": {"dmean2": [0.357730865479, 0.249919638038, 0.424553602934, 0.552832901478, 0.223902896047, 0.225965693593], "median": [0.0591215714812, 0.0786670446396, 0.0834469348192, 0.211574047804, 0.0250602141023, 0.0256731025875], "min": [0, 0, 0, 0, 0, 0], "dvar2": [0.162652373314, 0.0870265141129, 0.19513528049, 0.221631079912, 0.069060228765, 0.081835642457], "dvar": [0.0525778420269, 0.0332395769656, 0.0657716244459, 0.0742327794433, 0.0228180009872, 0.0285007208586], "dmean": [0.194849431515, 0.143963754177, 0.235390752554, 0.304961293936, 0.123572774231, 0.127345710993], "max": [0.972419977188, 0.875848472118, 0.983869671822, 0.973570764065, 0.710293591022, 0.990763366222], "var": [0.0491504780948, 0.041643217206, 0.0708106681705, 0.0706192478538, 0.0213504005224, 0.029461812228], "mean": [0.156508728862, 0.158305287361, 0.212628245354, 0.291375607252, 0.0993151441216, 0.107940211892]}}, "lowlevel": {"barkbands_spread": {"dmean2": 8.46316814423, "median": 13.0021305084, "min": 0.170019671321, "dvar2": 110.523010254, "dvar": 48.9360542297, "dmean": 5.42641210556, "max": 88.580368042, "var": 177.918304443, "mean": 16.640996933}, "melbands_spread": {"dmean2": 15.4912242889, "median": 19.1662101746, "min": 0.325841277838, "dvar2": 511.284851074, "dvar": 221.160995483, "dmean": 9.96511459351, "max": 238.145370483, "var": 833.607055664, "mean": 29.0204029083}, "hfc": {"dmean2": 12.555147171, "median": 3.34808588028, "min": 1.03674735014e-16, "dvar2": 2090.97021484, "dvar": 833.785461426, "dmean": 8.07504463196, "max": 940.994750977, "var": 977.933410645, "mean": 12.8336515427}, "barkbands_kurtosis": {"dmean2": 6.33916854858, "median": 1.35038328171, "min": -1.88468194008, "dvar2": 220.260696411, "dvar": 86.8620300293, "dmean": 3.87436842918, "max": 384.21685791, "var": 156.591308594, "mean": 4.70405817032}, "gfcc": {"mean": [-185.299057007, 100.046768188, -137.4715271, 9.63839817047, -67.9167633057, 21.929977417, -31.0557384491, -0.839265823364, -27.7564163208, -14.151427269, -3.12394142151, -6.31349802017, -6.50723552704], "icov": [[8.60305881361e-05, -9.23182888073e-05, 0.000133988360176, -7.67901437939e-05, 0.000215829641093, -9.14307804578e-07, 0.000224093295401, -4.27791819675e-05, 0.000344697938999, 8.92750103958e-05, 0.000205153570278, -0.000166435333085, 0.000134004541906], [-9.23182888073e-05, 0.000689646345563, -0.000286513881292, 0.000368634558981, -0.000549538061023, 0.000158486291184, -0.000327314046444, 0.000759954971727, -0.000603984633926, 0.00040563713992, -0.000459904054878, 0.000623944681138, -0.000603602442425], [0.000133988360176, -0.000286513881292, 0.00104775384534, -0.000216333093704, -2.12708455365e-05, 0.000183338735951, 0.000391970417695, -2.60088199866e-05, 0.00051892560441, 0.000610816932749, 0.000606334011536, -0.000452513224445, -2.38743432419e-05], [-7.67901437939e-05, 0.000368634558981, -0.000216333093704, 0.00115752837155, -0.00021311371529, -0.000582818931434, -0.00028673975612, 2.68058338406e-05, -0.00012603768846, 0.000143070690683, -3.54642688762e-05, 5.79858497076e-05, -0.000282998487819], [0.000215829641093, -0.000549538061023, -2.12708455365e-05, -0.00021311371529, 0.0026398433838, -0.000290060561383, -1.66506433743e-05, -0.000522180984262, 0.000955628871452, -0.000378779775929, 0.000472260115203, -0.000735721143428, 0.000715543865226], [-9.14307804578e-07, 0.000158486291184, 0.000183338735951, -0.000582818931434, -0.000290060561383, 0.00353141943924, -0.000230035220739, 0.000286211288767, -0.000168609403772, -0.000364163221093, -0.000463919626782, 0.000622825697064, -0.000320330931572], [0.000224093295401, -0.000327314046444, 0.000391970417695, -0.00028673975612, -1.66506433743e-05, -0.000230035220739, 0.00537423882633, 0.000267575524049, -0.000265048845904, -0.00044875475578, 0.000423379853601, -4.79540758533e-05, -0.000521819980349], [-4.27791819675e-05, 0.000759954971727, -2.60088199866e-05, 2.68058338406e-05, -0.000522180984262, 0.000286211288767, 0.000267575524049, 0.00377452000976, -0.000443192926468, 0.000295038626064, -0.00105205003638, 0.000836248393171, -0.000462308293208], [0.000344697938999, -0.000603984633926, 0.00051892560441, -0.00012603768846, 0.000955628871452, -0.000168609403772, -0.000265048845904, -0.000443192926468, 0.00592085160315, -0.000688428292051, 0.000722650554962, -0.000633408199064, 0.000866458925884], [8.92750103958e-05, 0.00040563713992, 0.000610816932749, 0.000143070690683, -0.000378779775929, -0.000364163221093, -0.00044875475578, 0.000295038626064, -0.000688428292051, 0.00430421996862, 0.000844554218929, -0.00136561109684, 0.000647374370601], [0.000205153570278, -0.000459904054878, 0.000606334011536, -3.54642688762e-05, 0.000472260115203, -0.000463919626782, 0.000423379853601, -0.00105205003638, 0.000722650554962, 0.000844554218929, 0.00335161876865, -0.000579941144679, 0.000522536865901], [-0.000166435333085, 0.000623944681138, -0.000452513224445, 5.79858497076e-05, -0.000735721143428, 0.000622825697064, -4.79540758533e-05, 0.000836248393171, -0.000633408199064, -0.00136561109684, -0.000579941144679, 0.00508984783664, -0.00171242537908], [0.000134004541906, -0.000603602442425, -2.38743432419e-05, -0.000282998487819, 0.000715543865226, -0.000320330931572, -0.000521819980349, -0.000462308293208, 0.000866458925884, 0.000647374370601, 0.000522536865901, -0.00171242537908, 0.00417942041531]], "cov": [[33062.6015625, -1734.49841309, -2427.59033203, 1216.85290527, -2236.7902832, -162.404556274, -1358.50585938, 55.8096237183, -1439.89685059, -525.559326172, -780.116882324, 164.691314697, -490.059570313], [-1734.49841309, 5470.46875, 1572.20605469, -1311.74108887, 585.194274902, -366.302642822, 219.641357422, -747.739318848, 120.595825195, -759.849365234, 193.204193115, -308.708129883, 524.333557129], [-2427.59033203, 1572.20605469, 1947.33654785, -195.220275879, 357.898284912, -177.451141357, 53.8597717285, -237.445861816, -21.9160346985, -355.790344238, -95.4543151855, 1.55321872234, 280.611602783], [1216.85290527, -1311.74108887, -195.220275879, 1381.50537109, -103.843528748, 249.991928101, -30.7101650238, 167.002334595, -83.5718536377, 116.412750244, -88.6490707397, 92.7673416138, -36.0662841797], [-2236.7902832, 585.194274902, 357.898284912, -103.843528748, 645.931152344, 8.64219856262, 109.535743713, -50.0265579224, 50.2128944397, 21.0896682739, 12.3696479797, 16.8424606323, 41.1410713196], [-162.404556274, -366.302642822, -177.451141357, 249.991928101, 8.64219856262, 361.906768799, 27.0947742462, 44.1649475098, 14.1878929138, 82.3851699829, 31.6371974945, -8.44830036163, -20.3738555908], [-1358.50585938, 219.641357422, 53.8597717285, -30.7101650238, 109.535743713, 27.0947742462, 268.47644043, -51.2656135559, 84.1791381836, 48.7369155884, 1.9686152935, 1.19767522812, 59.924079895], [55.8096237183, -747.739318848, -237.445861816, 167.002334595, -50.0265579224, 44.1649475098, -51.2656135559, 420.630065918, -13.1049070358, 49.1881027222, 89.3009796143, -13.3174295425, -69.2744293213], [-1439.89685059, 120.595825195, -21.9160346985, -83.5718536377, 50.2128944397, 14.1878929138, 84.1791381836, -13.1049070358, 270.004638672, 82.059463501, 10.5259122849, -1.34804368019, -11.2039175034], [-525.559326172, -759.849365234, -355.790344238, 116.412750244, 21.0896682739, 82.3851699829, 48.7369155884, 49.1881027222, 82.059463501, 454.035095215, -84.8610153198, 116.451377869, -101.825576782], [-780.116882324, 193.204193115, -95.4543151855, -88.6490707397, 12.3696479797, 31.6371974945, 1.9686152935, 89.3009796143, 10.5259122849, -84.8610153198, 431.126983643, -47.6475296021, -5.66335439682], [164.691314697, -308.708129883, 1.55321872234, 92.7673416138, 16.8424606323, -8.44830036163, 1.19767522812, -13.3174295425, -1.34804368019, 116.451377869, -47.6475296021, 289.775604248, 58.4988365173], [-490.059570313, 524.333557129, 280.611602783, -36.0662841797, 41.1410713196, -20.3738555908, 59.924079895, -69.2744293213, -11.2039175034, -101.825576782, -5.66335439682, 58.4988365173, 363.852355957]]}, "spectral_energyband_middle_low": {"dmean2": 0.00601026555523, "median": 0.00101817585528, "min": 1.41567703252e-22, "dvar2": 0.000404685706599, "dvar": 0.000123979480122, "dmean": 0.00379600911401, "max": 0.196671113372, "var": 0.000260839588009, "mean": 0.00746214948595}, "melbands_crest": {"dmean2": 6.36907625198, "median": 14.7910938263, "min": 1.0011575222, "dvar2": 33.4828605652, "dvar": 12.4115943909, "dmean": 3.90634584427, "max": 36.1165733337, "var": 48.2450904846, "mean": 15.47149086}, "spectral_kurtosis": {"dmean2": 14.0765867233, "median": 5.45659828186, "min": -1.33513092995, "dvar2": 1394.71508789, "dvar": 477.959655762, "dmean": 8.64161586761, "max": 540.152404785, "var": 2022.27124023, "mean": 21.856672287}, "spectral_rms": {"dmean2": 0.000951068941504, "median": 0.00176914734766, "min": 3.08756969644e-12, "dvar2": 2.16729472413e-06, "dvar": 8.93233902843e-07, "dmean": 0.000662587000988, "max": 0.0142386462539, "var": 5.52910159968e-06, "mean": 0.00254792487249}, "zerocrossingrate": {"dmean2": 0.0138919418678, "median": 0.05908203125, "min": 0.0078125, "dvar2": 0.000371488218661, "dvar": 0.000270931661362, "dmean": 0.0122490441427, "max": 0.5341796875, "var": 0.00570681830868, "mean": 0.0803560763597}, "silence_rate_60dB": {"dmean2": 0.176833644509, "median": 0, "min": 0, "dvar2": 0.168515533209, "dvar": 0.0805913209915, "dmean": 0.08841047436, "max": 1, "var": 0.249618902802, "mean": 0.48055395484}, "erbbands_kurtosis": {"dmean2": 4.98007297516, "median": 0.812314689159, "min": -1.84981286526, "dvar2": 92.8391876221, "dvar": 41.6828460693, "dmean": 3.18691658974, "max": 175.366699219, "var": 109.66809082, "mean": 4.21296310425}, "erbbands": {"dmean2": [0.00469604413956, 0.10580714047, 0.219492718577, 0.59625762701, 10.0880765915, 18.0041179657, 1.78761470318, 5.86268615723, 3.57373690605, 3.86773276329, 7.4818239212, 9.05213069916, 22.0489292145, 21.4499950409, 27.1219615936, 20.5583724976, 40.846660614, 8.50727462769, 3.39866495132, 4.15966939926, 6.55544090271, 8.64339447021, 11.0509271622, 17.4360294342, 8.73410224915, 15.1532421112, 12.093044281, 14.2376317978, 6.21215438843, 8.5581035614, 5.7022767067, 5.91043281555, 3.1632361412, 0.551771879196, 0.201242759824, 0.0532970353961, 0.0143115222454, 0.00305208587088, 0.000101791883935, 1.50000023496e-05], "median": [0.000333346775733, 0.00148637080565, 0.0124621270224, 0.0997748225927, 0.264737129211, 0.325437635183, 0.279802531004, 0.235894620419, 0.619264245033, 0.637841463089, 0.482866764069, 0.843661665916, 1.6633336544, 2.11235332489, 2.22805762291, 3.34284877777, 2.99169301987, 1.01209127903, 0.423608511686, 0.359384387732, 0.447461426258, 0.285140603781, 0.29370445013, 0.400494098663, 0.226800203323, 0.109505459666, 0.0855285301805, 0.105485975742, 0.079012259841, 0.0547167435288, 0.044607244432, 0.0404920727015, 0.0145677374676, 0.00728748738766, 0.00256496854126, 0.000545749440789, 7.37609952921e-05, 7.40059158488e-06, 3.75121862817e-06, 4.64228060082e-06], "min": [8.23787185374e-23, 5.15377344422e-22, 2.44977878876e-21, 6.04931964582e-21, 3.93734255725e-21, 1.69904061041e-20, 3.15760753829e-20, 6.71126075282e-20, 7.71339458857e-20, 9.13598562215e-20, 2.81346511905e-19, 2.25407208059e-19, 5.55463568653e-19, 6.72276980782e-19, 4.32210296961e-19, 7.13712008628e-19, 1.1522789301e-18, 2.26146050952e-18, 2.31108576281e-18, 2.93352304373e-18, 3.39619597281e-18, 2.66155805244e-18, 3.87746247449e-18, 6.00839222899e-18, 8.03880258186e-18, 7.02254750644e-18, 7.21041263126e-18, 8.24232292696e-18, 8.99631542609e-18, 1.04640721496e-17, 1.0951682713e-17, 1.00369086367e-17, 9.2379572169e-18, 6.83392509776e-18, 6.31541106669e-18, 3.98024421509e-18, 2.30548719763e-18, 9.20254975077e-19, 2.37818148422e-19, 2.5013087078e-20], "dvar2": [0.000206933793379, 0.125517040491, 0.653421640396, 3.19583725929, 1788.75610352, 5184.49951172, 20.8375549316, 857.493041992, 199.230789185, 299.702087402, 804.91015625, 849.290222168, 3715.61645508, 4176.74316406, 6938.16259766, 5662.921875, 32375.6328125, 1811.05163574, 269.7684021, 303.572113037, 768.069152832, 1040.6751709, 3258.0378418, 8661.91210938, 3463.17773438, 14669.2246094, 9080.93652344, 18763.6074219, 1871.78222656, 5056.93310547, 2967.60058594, 1766.89282227, 700.210266113, 6.69818639755, 0.738590955734, 0.0435028895736, 0.0050602578558, 0.000422959361458, 6.31935449746e-07, 1.45925427297e-09], "dvar": [0.000114461341582, 0.0738619714975, 0.259940326214, 1.24083721638, 520.366943359, 1528.48461914, 11.4227323532, 400.095672607, 74.6332626343, 227.549499512, 997.682434082, 982.520690918, 3698.36962891, 3870.91113281, 5490.96533203, 4710.32226563, 15402.4160156, 684.649353027, 100.217651367, 111.783988953, 316.921020508, 393.210357666, 1381.77282715, 3591.29760742, 1426.37890625, 6192.890625, 3830.046875, 6508.48925781, 667.146911621, 1763.28112793, 1226.18347168, 647.903930664, 240.320556641, 2.78837823868, 0.299515366554, 0.0167751088738, 0.00189126480836, 0.000154164139531, 2.23699956337e-07, 5.38035838105e-10], "dmean": [0.00338251981884, 0.0797014608979, 0.14921849966, 0.37494969368, 5.53771209717, 9.73828220367, 1.36744379997, 4.53772163391, 2.38156366348, 3.60450363159, 7.88244581223, 8.40274143219, 18.6662273407, 17.1187362671, 20.0227565765, 15.3632144928, 27.1173591614, 5.25906562805, 2.03058123589, 2.51213645935, 4.10273742676, 5.22225046158, 7.06341505051, 10.9929180145, 5.18674659729, 9.66293621063, 7.76331853867, 8.01503753662, 3.64552950859, 4.93529987335, 3.39800190926, 3.43104600906, 1.78850018978, 0.341159522533, 0.121242277324, 0.0321441330016, 0.00849823653698, 0.00180851179175, 5.92008509557e-05, 9.49556033447e-06], "max": [0.174428343773, 3.64144992828, 9.42007923126, 38.1559715271, 414.038574219, 692.821166992, 80.8998413086, 436.034423828, 149.118560791, 605.468688965, 977.114440918, 779.415405273, 1283.51745605, 2547.9675293, 1443.53295898, 1485.39794922, 3863.83496094, 1008.64227295, 381.917755127, 273.321777344, 501.733184814, 441.719512939, 1935.49658203, 2979.07250977, 1936.5144043, 2695.47827148, 2972.56933594, 2753.50732422, 1215.55700684, 933.259643555, 1485.31396484, 568.807006836, 392.140350342, 80.2043304443, 24.9688854218, 2.64202976227, 2.04735612869, 0.695248484612, 0.0296032745391, 0.000592725351453], "var": [0.000261990586296, 0.148856028914, 0.369377464056, 2.82803583145, 787.548339844, 2155.63842773, 53.6179885864, 3041.69482422, 203.638565063, 1220.98876953, 8141.02734375, 4605.42041016, 16866.6660156, 14323.203125, 15293.0009766, 11671.8291016, 29609.8867188, 704.432250977, 93.2344360352, 106.139076233, 374.132537842, 395.425476074, 1892.34509277, 4737.23144531, 1328.19519043, 6516.89306641, 4245.84765625, 3872.69287109, 466.272796631, 1081.25256348, 1179.97766113, 482.466522217, 148.567138672, 3.08698129654, 0.341748863459, 0.0238751210272, 0.0019496664172, 0.000141234850162, 1.63165850608e-07, 9.28767895925e-10], "mean": [0.00485480669886, 0.10797920078, 0.225467324257, 0.705927908421, 8.21091938019, 13.0615615845, 3.08247923851, 12.5512771606, 4.44002532959, 8.13889694214, 20.758140564, 16.5248584747, 36.0683555603, 29.344285965, 31.7179889679, 23.6012401581, 44.2085189819, 7.43018817902, 2.43665719032, 3.33940315247, 4.97535848618, 5.7110877037, 9.24110507965, 14.7058439255, 5.74694776535, 10.2707653046, 8.37235069275, 7.25543880463, 3.68393039703, 4.18420600891, 3.42218494415, 3.32351207733, 2.11748957634, 0.404191643, 0.13902579248, 0.0383577346802, 0.00962201785296, 0.00207695900463, 6.63548416924e-05, 1.77458987309e-05]}, "spectral_strongpeak": {"dmean2": 1.20293080807, "median": 0.634413480759, "min": 0, "dvar2": 7.13453197479, "dvar": 2.99146914482, "dmean": 0.779689371586, "max": 35.6801948547, "var": 5.3227930069, "mean": 1.47967517376}, "spectral_energy": {"dmean2": 0.00902992486954, "median": 0.00320812920108, "min": 9.77141349026e-21, "dvar2": 0.000491420330945, "dvar": 0.000170559302205, "dmean": 0.00591998640448, "max": 0.207807540894, "var": 0.000429861887824, "mean": 0.0123215541244}, "average_loudness": 0.489877730608, "spectral_rolloff": {"dmean2": 1062.30029297, "median": 1313.52539063, "min": 64.599609375, "dvar2": 3105881, "dvar": 1419074, "dmean": 630.012939453, "max": 19681.3476563, "var": 8521618, "mean": 2350.65551758}, "spectral_centroid": {"dmean2": 435.574859619, "median": 1242.72680664, "min": 211.611114502, "dvar2": 340298.25, "dvar": 171435.25, "dmean": 291.280395508, "max": 12005.8291016, "var": 2475155, "mean": 1640.82409668}, "pitch_salience": {"dmean2": 0.118307955563, "median": 0.479254126549, "min": 0.0371023416519, "dvar2": 0.0112375197932, "dvar": 0.00466092070565, "dmean": 0.0732616856694, "max": 0.996078968048, "var": 0.022477786988, "mean": 0.490305125713}, "spectral_energyband_middle_high": {"dmean2": 0.00284854904748, "median": 0.000745521916542, "min": 1.10372197493e-21, "dvar2": 4.51752421213e-05, "dvar": 2.41467150772e-05, "dmean": 0.00205006171018, "max": 0.105271399021, "var": 5.92804717598e-05, "mean": 0.00357381207868}, "spectral_contrast_coeffs": {"dmean2": [0.0815908014774, 0.0703861862421, 0.068338252604, 0.0554836280644, 0.0459496751428, 0.0435754582286], "median": [-0.63100785017, -0.757133126259, -0.77712982893, -0.796342492104, -0.793637275696, -0.765276432037], "min": [-0.9824898839, -0.982858598232, -0.975760638714, -0.972552061081, -0.967400074005, -0.966525793076], "dvar2": [0.00452343421057, 0.00367831182666, 0.00339781143703, 0.0026839307975, 0.00204286677763, 0.00212057377212], "dvar": [0.00166467530653, 0.00165396300144, 0.00163559953216, 0.00123956578318, 0.00102864287328, 0.00102886150125], "dmean": [0.0496442094445, 0.0448871143162, 0.0438811220229, 0.0348841883242, 0.0298488363624, 0.0290400870144], "max": [-0.2678386271, -0.275907039642, -0.304640769958, -0.365780740976, -0.393017798662, -0.336592316628], "var": [0.0181369576603, 0.0162322223186, 0.01463383995, 0.00875515956432, 0.00736764259636, 0.00970904435962], "mean": [-0.632988452911, -0.730463802814, -0.74591344595, -0.771811246872, -0.77483856678, -0.750508487225]}, "melbands_skewness": {"dmean2": 1.14304995537, "median": 1.02366840839, "min": -6.06428956985, "dvar2": 1.46926259995, "dvar": 0.609737753868, "dmean": 0.742089033127, "max": 14.9263944626, "var": 3.18633699417, "mean": 1.1846101284}, "spectral_spread": {"dmean2": 851369.4375, "median": 3474616, "min": 191134.234375, "dvar2": 1273749176320.0, "dvar": 618024075264, "dmean": 554553.8125, "max": 42975856, "var": 25898696835100.0, "mean": 4068717.75}, "dissonance": {"dmean2": 0.058658964932, "median": 0.463402658701, "min": 0.0458149984479, "dvar2": 0.00543418014422, "dvar": 0.00199096207507, "dmean": 0.0355213172734, "max": 0.500000119209, "var": 0.00729040661827, "mean": 0.427199423313}, "spectral_skewness": {"dmean2": 0.910280764103, "median": 1.777759552, "min": -0.72077023983, "dvar2": 1.90369212627, "dvar": 0.736317098141, "dmean": 0.575271546841, "max": 19.5978374481, "var": 6.13751649857, "mean": 2.69940567017}, "spectral_flux": {"dmean2": 0.026541063562, "median": 0.0295915361494, "min": 6.28497739963e-11, "dvar2": 0.0015151235275, "dvar": 0.000681428646203, "dmean": 0.0170033983886, "max": 0.400986880064, "var": 0.00179387128446, "mean": 0.0421425886452}, "spectral_contrast_valleys": {"dmean2": [0.669029057026, 0.6794475317, 0.630159795284, 0.573200285435, 0.609147131443, 0.706467688084], "median": [-9.69957923889, -8.36161518097, -8.34957122803, -9.04241752625, -9.71128845215, -12.6944103241], "min": [-28.1937942505, -28.0997409821, -27.8609352112, -27.8061790466, -27.5712032318, -27.3938007355], "dvar2": [0.354297399521, 0.384978115559, 0.370808422565, 0.361910820007, 0.528576612473, 0.646212816238], "dvar": [0.157726585865, 0.171782970428, 0.172218307853, 0.186716273427, 0.299169272184, 0.355011820793], "dmean": [0.405378311872, 0.420071661472, 0.393111079931, 0.377704322338, 0.442134052515, 0.507169663906], "max": [-6.04313325882, -4.98205375671, -5.18637180328, -5.92134380341, -5.21812152863, -7.75656509399], "var": [7.20957565308, 7.51512336731, 7.41441631317, 7.3786649704, 8.25