{"tonal": {"thpcp": [1, 0.731913626194, 0.39276817441, 0.330340087414, 0.321978330612, 0.492639154196, 0.635985970497, 0.48152884841, 0.337686061859, 0.327451586723, 0.36240375042, 0.500456094742, 0.587934434414, 0.544372975826, 0.701662242413, 0.884110867977, 0.644652485847, 0.386385917664, 0.353446364403, 0.340195536613, 0.475407093763, 0.654104888439, 0.545212626457, 0.365577697754, 0.336914002895, 0.345442473888, 0.501680195332, 0.641076028347, 0.463061124086, 0.362589359283, 0.453809380531, 0.380612194538, 0.338545978069, 0.38195592165, 0.381293565035, 0.683691680431], "hpcp": {"dmean2": [0.226809576154, 0.208825498819, 0.184780985117, 0.177945017815, 0.198564842343, 0.24487772584, 0.258577525616, 0.270549982786, 0.303187698126, 0.289450526237, 0.254427820444, 0.200129672885, 0.184159755707, 0.19276291132, 0.216466709971, 0.235129401088, 0.218763723969, 0.195588514209, 0.171713039279, 0.16385525465, 0.202147498727, 0.226317241788, 0.190153539181, 0.169142529368, 0.192511901259, 0.176202341914, 0.168006598949, 0.197391435504, 0.212226942182, 0.277556449175, 0.305952429771, 0.278282105923, 0.211447313428, 0.178442910314, 0.180406197906, 0.218684136868], "median": [0.0463750064373, 0.0360629186034, 0.0187480971217, 0.010570185259, 0.0131022352725, 0.0259969811887, 0.0356285683811, 0.03591587767, 0.0578851029277, 0.0679145008326, 0.0458990596235, 0.0221777316183, 0.0145782986656, 0.0161534827203, 0.029860753566, 0.0435584709048, 0.0369588211179, 0.0194444078952, 0.0105361985043, 0.0153715070337, 0.0356121920049, 0.0472846440971, 0.0302944201976, 0.0227657910436, 0.0175998676568, 0.0169507171959, 0.014928298071, 0.0155557701364, 0.0218309890479, 0.0607369244099, 0.102072969079, 0.0740183964372, 0.0259818825871, 0.0127986650914, 0.0158554799855, 0.0326225534081], "min": [0, 0, 0, 0, 0, 0, 0, 0, 0, 0, 0, 0, 0, 0, 0, 0, 0, 0, 0, 0, 0, 0, 0, 0, 0, 0, 0, 0, 0, 0, 0, 0, 0, 0, 0, 0], "dvar2": [0.102634064853, 0.102311849594, 0.100016891956, 0.103532485664, 0.116803757846, 0.142552509904, 0.136369660497, 0.150001123548, 0.157100006938, 0.14318805933, 0.120721071959, 0.102995067835, 0.101637467742, 0.109949313104, 0.116494469345, 0.115862064064, 0.105705454946, 0.106424972415, 0.0983796864748, 0.0848661586642, 0.0963954403996, 0.107816286385, 0.0867121517658, 0.0781346932054, 0.104170799255, 0.0878855288029, 0.0887197852135, 0.121654912829, 0.110313497484, 0.132386863232, 0.130334034562, 0.12688626349, 0.109323456883, 0.0974721983075, 0.095944583416, 0.106742531061], "dvar": [0.0413305461407, 0.0391507521272, 0.0381488092244, 0.039060138166, 0.0435001552105, 0.0527680292726, 0.0524821728468, 0.0549979880452, 0.0599058903754, 0.0577760562301, 0.0464069060981, 0.0374694131315, 0.0371389873326, 0.0404445640743, 0.0429305359721, 0.0458886884153, 0.0416146703064, 0.0398946292698, 0.0373763218522, 0.0336576029658, 0.0381760746241, 0.0441704802215, 0.0344754494727, 0.0291174054146, 0.0411183871329, 0.0331999436021, 0.0328025445342, 0.0454451180995, 0.0405534282327, 0.051787622273, 0.0551564469934, 0.0488510578871, 0.0407980456948, 0.0365174114704, 0.0349167138338, 0.0405354574323], "dmean": [0.132904216647, 0.120649732649, 0.104016132653, 0.099529825151, 0.110222801566, 0.1389105618, 0.145568564534, 0.1522603333, 0.172696754336, 0.169218465686, 0.146591022611, 0.111197523773, 0.102140389383, 0.106948852539, 0.12307459861, 0.137578263879, 0.126974895597, 0.110498897731, 0.0972031354904, 0.0938620567322, 0.118435561657, 0.133366733789, 0.10990794003, 0.0968851745129, 0.1103541255, 0.100982151926, 0.0944314226508, 0.109341040254, 0.118805527687, 0.16049323976, 0.178738072515, 0.163219004869, 0.118741385639, 0.0991410166025, 0.101487673819, 0.124211840332], "max": [1, 1, 1, 1, 1, 1, 1, 1, 1, 1, 1, 1, 1, 1, 1, 1, 1, 1, 1, 1, 1, 1, 1, 1, 1, 1, 1, 1, 1, 1, 1, 1, 1, 1, 1, 1], "var": [0.0706545114517, 0.0467919297516, 0.0354084707797, 0.0378326177597, 0.0425497256219, 0.0566121153533, 0.0693810284138, 0.0578511804342, 0.0752578154206, 0.106989763677, 0.0698713585734, 0.0386521443725, 0.0403391644359, 0.0366270244122, 0.0493465773761, 0.0777057260275, 0.0570393875241, 0.0392252728343, 0.0399455577135, 0.0398441329598, 0.0519004054368, 0.073982194066, 0.0471871420741, 0.0321101248264, 0.0561077557504, 0.0394949652255, 0.0351304486394, 0.0476729944348, 0.0378336496651, 0.0690256208181, 0.111555576324, 0.0701782628894, 0.0381456874311, 0.0378583520651, 0.0325909182429, 0.0514032058418], "mean": [0.173334524035, 0.131238073111, 0.0920345038176, 0.0892451480031, 0.0987711697817, 0.136396586895, 0.160238325596, 0.14836589992, 0.191234230995, 0.240959614515, 0.175696521997, 0.105307377875, 0.096329882741, 0.0927184447646, 0.129569619894, 0.178272724152, 0.148594737053, 0.0996362119913, 0.0918240770698, 0.0941484719515, 0.136730208993, 0.17472179234, 0.126204788685, 0.0988217592239, 0.123683281243, 0.10373378545, 0.0922688618302, 0.104100011289, 0.103919491172, 0.186336442828, 0.272544562817, 0.199479073286, 0.107046827674, 0.0900323912501, 0.08775344491, 0.134266123176]}, "tuning_equal_tempered_deviation": 0.00922179222107, "chords_changes_rate": 0.094359241426, "key_key": "C", "tuning_diatonic_strength": 0.736161470413, "key_scale": "major", "chords_number_rate": 0.00467897066846, "tuning_frequency": 434.193115234, "tuning_nontempered_energy_ratio": 0.772328972816, "chords_histogram": [30.621263504, 3.61320519447, 14.4788150787, 3.53522229195, 3.43124508858, 0.493891358376, 4.57499361038, 0, 1.24772548676, 1.87158823013, 2.9893424511, 0, 1.16974270344, 1.03977119923, 0.909799873829, 2.41746807098, 0.545879900455, 5.19885635376, 0.883805572987, 1.9755654335, 2.20951390266, 1.45567977428, 6.68053007126, 8.65609550476], "key_strength": 0.921959638596, "chords_key": "C", "chords_strength": {"dmean2": 0.0160951893777, "median": 0.509561300278, "min": -1, "dvar2": 0.00125259638298, "dvar": 0.000669835484587, "dmean": 0.0142733370885, "max": 0.80114710331, "var": 0.0353655219078, "mean": 0.491443693638}, "chords_scale": "major", "hpcp_entropy": {"dmean2": 1.11035633087, "median": 1.9484193325, "min": 0, "dvar2": 0.793569862843, "dvar": 0.299751579762, "dmean": 0.664115130901, "max": 4.03456544876, "var": 0.665264248848, "mean": 1.87303352356}}, "metadata": {"audio_properties": {"equal_loudness": 0, "codec": "alac", "downmix": "mix", "sample_rate": 44100, "analysis_sample_rate": 44100, "bit_rate": 468712, "md5_encoded": "7b1f897002b29ff8dfd0fdbb71194299", "length": 178.600006104, "replay_gain": -11.0319328308, "lossless": true}, "version": {"essentia_build_sha": "c0e182ba78c2de26e491b7b7a4a2c98c1ed34208", "essentia": "2.1-beta2", "extractor": "music 1.0", "essentia_git_sha": "v2.1_beta2-2-gbb40004"}, "tags": {"title": ["Send My Baby Back to Me"], "language": ["English"], "media": ["CD"], "musicbrainz_releasegroupid": ["0cbf1491-3311-31a8-aa8e-c7ab859ca58b"], "musicbrainz_recordingid": ["0cca0533-fc4c-4d08-b7ac-da084d87b274"], "artistsort": ["Eckstine, Billy"], "musicbrainz_albumartistid": ["dc335fdb-9bc6-42ca-86a1-e652318764cc"], "discnumber": ["2/2"], "bpm": ["0"], "catalognumber": ["819442"], "file_name": "17 Send My Baby Back to Me.m4a", "compilation": ["0"], "date": ["1994-01-25"], "genre": ["Classic pop vocals"], "album": ["Everything I Have Is Yours: The Best of the M-G-M Years"], "script": ["Latin"], "musicbrainz_albumid": ["695c5aa7-7712-4d88-869b-4d707a568d39"], "tracknumber": ["17/42"], "encodedby": ["iTunes 10.7.0.21"], "composer": ["Bob Hilliard; Milton Delugg"], "artist": ["Billy Eckstine"], "label": ["Verve"], "albumartistsort": ["Eckstine, Billy"], "musicbrainz_artistid": ["dc335fdb-9bc6-42ca-86a1-e652318764cc"]}}, "rhythm": {"bpm_histogram_first_peak_bpm": {"dmean2": 0, "median": 129, "min": 129, "dvar2": 0, "dvar": 0, "dmean": 0, "max": 129, "var": 0, "mean": 129}, "bpm": 128.885345459, "bpm_histogram_second_peak_spread": {"dmean2": 0, "median": 0, "min": 0, "dvar2": 0, "dvar": 0, "dmean": 0, "max": 0, "var": 0, "mean": 0}, "bpm_histogram_first_peak_weight": {"dmean2": 0, "median": 0.472584843636, "min": 0.472584843636, "dvar2": 0, "dvar": 0, "dmean": 0, "max": 0.472584843636, "var": 0, "mean": 0.472584843636}, "onset_rate": 3.09036803246, "beats_position": [0.441179126501, 0.882358253002, 1.33514738083, 1.78793644905, 2.2523355484, 2.71673464775, 3.1811337471, 3.64553284645, 4.1099319458, 4.58594083786, 5.06195020676, 5.52634906769, 5.99074840546, 6.45514726639, 6.91954612732, 7.38394546509, 7.85995435715, 8.33596324921, 8.80036258698, 9.26476192474, 9.72916126251, 10.1935596466, 10.6579589844, 11.1223583221, 11.5867567062, 12.0395460129, 12.4923353195, 12.9451246262, 13.3979139328, 13.8390922546, 14.2802715302, 14.7330608368, 15.2090702057, 15.6618595123, 16.114648819, 16.5674381256, 17.0202255249, 17.4846248627, 17.9490242004, 18.4134235382, 18.877822876, 19.3306121826, 19.7950115204, 20.247800827, 20.7121982574, 21.1649875641, 21.6177768707, 22.0821762085, 22.5465755463, 23.010974884, 23.4753742218, 23.9281635284, 24.3809528351, 24.8453502655, 25.3213596344, 25.7973690033, 26.2733783722, 26.7493877411, 27.2021770477, 27.6549663544, 28.1193637848, 28.5721530914, 29.0249423981, 29.4893417358, 29.9537410736, 30.4181404114, 30.8941497803, 31.3701572418, 31.8345565796, 32.2989578247, 32.7633552551, 33.2277526855, 33.6921539307, 34.1449432373, 34.5977325439, 35.0621299744, 35.5265312195, 35.9909286499, 36.455329895, 36.9197273254, 37.4073448181, 37.883354187, 38.3593635559, 38.823764801, 39.2881622314, 39.7525634766, 40.2285690308, 40.7045783997, 41.1805877686, 41.6449890137, 42.1209983826, 42.585395813, 43.0497932434, 43.5258026123, 44.0018119812, 44.4778213501, 44.9422225952, 45.3950119019, 45.8594093323, 46.3354187012, 46.8230361938, 47.2990455627, 47.7518348694, 48.204624176, 48.6690254211, 49.1334228516, 49.5978240967, 50.0622215271, 50.5266189575, 50.9910202026, 51.4670295715, 51.931427002, 52.4074363708, 52.871837616, 53.3362350464, 53.8122444153, 54.2882537842, 54.7758712769, 55.240272522, 55.7046699524, 56.1690673828, 56.6334686279, 57.0978660583, 57.5622673035, 58.0266647339, 58.491065979, 58.9554634094, 59.4198646545, 59.8958702087, 60.3602714539, 60.8362808228, 61.2890701294, 61.7534675598, 62.2178688049, 62.6822662354, 63.1582756042, 63.6226730347, 64.0986862183, 64.5746917725, 65.0390930176, 65.5034942627, 65.9794998169, 66.4555053711, 66.9199066162, 67.3843078613, 67.8487091064, 68.3247146606, 68.7775039673, 69.2419052124, 69.694694519, 70.1590881348, 70.6351013184, 71.0995025635, 71.5638961792, 72.0282974243, 72.4926986694, 72.9687042236, 73.4447174072, 73.9207229614, 74.396736145, 74.8727416992, 75.3487548828, 75.824760437, 76.3007659912, 76.7651672363, 77.2411804199, 77.7171859741, 78.1815872192, 78.6575927734, 79.133605957, 79.5979995728, 80.0624008179, 80.526802063, 80.9912033081, 81.4555969238, 81.9199981689, 82.3960113525, 82.8720169067, 83.3364181519, 83.8008117676, 84.2652130127, 84.7296142578, 85.1940155029, 85.6700210571, 86.1460266113, 86.6104278564, 87.0748291016, 87.5508346558, 88.0268478394, 88.4912490845, 88.9672546387, 89.4316558838, 89.907661438, 90.3720626831, 90.8480682373, 91.3240814209, 91.8116989136, 92.2993164062, 92.7753295898, 93.2629470825, 93.7505645752, 94.2265777588, 94.702583313, 95.1785888672, 95.6546020508, 96.130607605, 96.6066207886, 97.0826263428, 97.5586395264, 98.0346450806, 98.5106582642, 98.9866638184, 99.462677002, 99.9270706177, 100.403083801, 100.879089355, 101.331878662, 101.807891846, 102.2838974, 102.748298645, 103.21269989, 103.677093506, 104.141494751, 104.605895996, 105.070289612, 105.534690857, 105.999092102, 106.463493347, 106.939498901, 107.392288208, 107.856689453, 108.321083069, 108.785484314, 109.249885559, 109.702674866, 110.155464172, 110.619865417, 111.072654724, 111.513832092, 111.966621399, 112.431015015, 112.89541626, 113.371429443, 113.847434998, 114.323448181, 114.787841797, 115.252243042, 115.716644287, 116.181037903, 116.645439148, 117.109840393, 117.5626297, 118.027030945, 118.479812622, 118.944213867, 119.408615112, 119.884620667, 120.36063385, 120.825035095, 121.277824402, 121.742218018, 122.206619263, 122.671020508, 123.135414124, 123.599815369, 124.064216614, 124.528617859, 124.993011475, 125.445800781, 125.898590088, 126.362991333, 126.81578064, 127.268569946, 127.732971191, 128.208984375, 128.6849823, 129.172607422, 129.660217285, 130.147842407, 130.635467529, 131.099868774, 131.564254761, 132.017044067, 132.481445312, 132.957458496, 133.43347168, 133.909469604, 134.397094727, 134.87310791, 135.360717773, 135.836730957, 136.301132202, 136.765533447, 137.229934692, 137.694335938, 138.158721924, 138.634735107, 139.110748291, 139.586761475, 140.062759399, 140.538772583, 141.014785767, 141.455963135, 141.92036438, 142.373153687, 142.849151611, 143.336776733, 143.824401855, 144.265579224, 144.706756592, 145.14793396, 145.600723267, 146.053512573, 146.50630188, 146.947479248, 147.400268555, 147.8646698, 148.329071045, 148.79347229, 149.257858276, 149.710647583, 150.186660767, 150.66267395, 151.127075195, 151.59147644, 152.044265747, 152.508651733, 152.973052979, 153.437454224, 153.901855469, 154.354644775, 154.819046021, 155.283447266, 155.736236572, 156.200637817, 156.665023804, 157.129425049, 157.593826294, 158.058227539, 158.522628784, 158.975418091, 159.428207397, 159.892608643, 160.357009888, 160.821395874, 161.285797119, 161.761810303, 162.237823486, 162.702224731, 163.166610718, 163.631011963, 164.095413208, 164.559814453, 165.01260376, 165.477005005, 165.94140625, 166.405807495, 166.858596802, 167.322982788, 167.787384033, 168.24017334, 168.692962646, 169.145751953, 169.59854126, 170.051330566, 170.492507935, 170.898864746, 171.328430176, 171.757995605, 172.175964355, 172.617141724, 173.058319092, 173.49949646, 173.92906189, 174.358642578, 174.799819946, 175.240997314, 175.624130249, 176.007247925, 176.401992798, 176.808334351, 177.214691162, 177.609436035, 178.015777588], "beats_loudness": {"dmean2": 0.0362874530256, "median": 0.0379256159067, "min": 0, "dvar2": 0.00110650598072, "dvar": 0.000359154160833, "dmean": 0.0206972658634, "max": 0.163670420647, "var": 0.000478136149468, "mean": 0.0400047674775}, "danceability": 1.17681586742, "bpm_histogram_second_peak_weight": {"dmean2": 0, "median": 0.0391644909978, "min": 0.0391644909978, "dvar2": 0, "dvar": 0, "dmean": 0, "max": 0.0391644909978, "var": 0, "mean": 0.0391644909978}, "beats_count": 384, "bpm_histogram_second_peak_bpm": {"dmean2": 0, "median": 123, "min": 123, "dvar2": 0, "dvar": 0, "dmean": 0, "max": 123, "var": 0, "mean": 123}, "bpm_histogram_first_peak_spread": {"dmean2": 0, "median": 0.467647016048, "min": 0.467647016048, "dvar2": 0, "dvar": 0, "dmean": 0, "max": 0.467647016048, "var": 0, "mean": 0.467647016048}, "beats_loudness_band_ratio": {"dmean2": [0.519755661488, 0.311437427998, 0.399492442608, 0.200404077768, 0.0822091624141, 0.0149305565283], "median": [0.363070309162, 0.174686074257, 0.188724398613, 0.0544541403651, 0.0263962484896, 0.00223844428547], "min": [0, 0, 0, 0, 0, 0], "dvar2": [0.142426148057, 0.0731311589479, 0.11340123415, 0.0484081171453, 0.00642139324918, 0.00052285741549], "dvar": [0.0452127493918, 0.0259301736951, 0.0397704355419, 0.0169471781701, 0.00239771767519, 0.000199604808586], "dmean": [0.2874532938, 0.173842325807, 0.221163094044, 0.113893374801, 0.0460948161781, 0.00863616541028], "max": [0.9575060606, 0.885864198208, 0.863755643368, 0.748512506485, 0.288944423199, 0.124985098839], "var": [0.068118058145, 0.0330511592329, 0.0458507239819, 0.0186530929059, 0.00346058630385, 0.000240556357312], "mean": [0.396677941084, 0.227060899138, 0.249580278993, 0.10883551836, 0.0516234375536, 0.00925629865378]}}, "lowlevel": {"barkbands_spread": {"dmean2": 4.43145227432, "median": 8.88915634155, "min": 0.430849909782, "dvar2": 31.3511180878, "dvar": 15.5304908752, "dmean": 2.93781805038, "max": 67.0738220215, "var": 71.6858978271, "mean": 11.4781217575}, "melbands_spread": {"dmean2": 6.13992929459, "median": 10.7572946548, "min": 0.615696370602, "dvar2": 81.8083877563, "dvar": 37.1294136047, "dmean": 4.04524850845, "max": 201.508651733, "var": 363.870544434, "mean": 16.1667633057}, "hfc": {"dmean2": 4.46605825424, "median": 10.0324754715, "min": 1.08227656219e-16, "dvar2": 33.0882759094, "dvar": 19.1972637177, "dmean": 3.38344597816, "max": 105.092651367, "var": 195.309082031, "mean": 14.6333589554}, "barkbands_kurtosis": {"dmean2": 5.86618089676, "median": 2.90512704849, "min": -1.84250295162, "dvar2": 124.325683594, "dvar": 49.7950286865, "dmean": 3.74533319473, "max": 186.814331055, "var": 97.4615707397, "mean": 5.92574834824}, "gfcc": {"mean": [-94.9784622192, 160.667526245, -132.574188232, 19.3807315826, -50.0251121521, -12.6991949081, -30.4106941223, -9.99899768829, -12.7143554688, -8.50229549408, -10.6360311508, -8.02780151367, -10.5430517197], "icov": [[0.000305543188006, -0.000819334411062, 0.000820270739496, -0.000720798096154, 0.00089052709518, -0.000799001834821, 0.000689660431817, -0.000601340725552, 0.000674941984471, -0.000444141565822, 0.000694577873219, -0.000459230039269, 0.000448957143817], [-0.000819334411062, 0.00334216211922, -0.00210897019133, 0.00207423907705, -0.00229171686806, 0.00236403825693, -0.00209322059527, 0.00256843818352, -0.00285813119262, 0.00250401766971, -0.00257583288476, 0.00215929350816, -0.00114374095574], [0.000820270739496, -0.00210897019133, 0.00326229003258, -0.00234431121498, 0.00201921304688, -0.00227153906599, 0.00122510374058, -0.000807363714557, 0.00129668123554, -0.00138228293508, 0.00178945797961, -0.00190825259779, 0.00123368168715], [-0.000720798096154, 0.00207423907705, -0.00234431121498, 0.00394745357335, -0.00228486955166, 0.00168631819542, -0.000382370431907, 0.000309376744553, -0.00105723575689, 0.000969924964011, -0.0016909847036, 0.00168412923813, -0.00144337280653], [0.00089052709518, -0.00229171686806, 0.00201921304688, -0.00228486955166, 0.00667583290488, -0.00362350814976, 0.00343602546491, -0.00278722844087, 0.000561806431506, -0.000562300672755, 0.000918287027162, -0.000208418248803, -6.76088166074e-05], [-0.000799001834821, 0.00236403825693, -0.00227153906599, 0.00168631819542, -0.00362350814976, 0.0101733040065, -0.00533686252311, 0.00123558181804, -0.000721053918824, -0.00243819854222, 7.91180864326e-05, 0.000766876211856, 0.000250130367931], [0.000689660431817, -0.00209322059527, 0.00122510374058, -0.000382370431907, 0.00343602546491, -0.00533686252311, 0.00838528759778, -0.00500960368663, 0.0020100986585, 0.00112334627192, 0.000187449229998, -0.000439711438958, 0.000447168626124], [-0.000601340725552, 0.00256843818352, -0.000807363714557, 0.000309376744553, -0.00278722844087, 0.00123558181804, -0.00500960368663, 0.0106183756143, -0.00248121796176, 0.0017044703709, -0.00128311174922, 0.000852940836921, -8.26731265988e-05], [0.000674941984471, -0.00285813119262, 0.00129668123554, -0.00105723575689, 0.000561806431506, -0.000721053918824, 0.0020100986585, -0.00248121796176, 0.00999260228127, -0.00432184990495, 0.00228718365543, -0.000943714694586, 0.00126068177633], [-0.000444141565822, 0.00250401766971, -0.00138228293508, 0.000969924964011, -0.000562300672755, -0.00243819854222, 0.00112334627192, 0.0017044703709, -0.00432184990495, 0.0126498155296, -0.0032650930807, 0.00286546885036, -0.00110323552508], [0.000694577873219, -0.00257583288476, 0.00178945797961, -0.0016909847036, 0.000918287027162, 7.91180864326e-05, 0.000187449229998, -0.00128311174922, 0.00228718365543, -0.0032650930807, 0.0116008836776, -0.00341426371597, 0.00282870209776], [-0.000459230039269, 0.00215929350816, -0.00190825259779, 0.00168412923813, -0.000208418248803, 0.000766876211856, -0.000439711438958, 0.000852940836921, -0.000943714694586, 0.00286546885036, -0.00341426371597, 0.0120649095625, -0.00181791174691], [0.000448957143817, -0.00114374095574, 0.00123368168715, -0.00144337280653, -6.76088166074e-05, 0.000250130367931, 0.000447168626124, -8.26731265988e-05, 0.00126068177633, -0.00110323552508, 0.00282870209776, -0.00181791174691, 0.0123254358768]], "cov": [[26112.9667969, 2493.46557617, -3638.67504883, 467.042449951, -1162.76721191, -117.118041992, -421.886474609, 18.6620101929, -411.730407715, -232.020462036, -266.902557373, -210.848526001, -237.962478638], [2493.46557617, 1433.48352051, -147.009689331, -204.787414551, -35.787612915, -164.419815063, -32.2478370667, -152.602584839, 119.639007568, -131.067459106, 69.4200897217, -79.0449295044, -15.3443994522], [-3638.67504883, -147.009689331, 1215.63842773, 180.512985229, 133.233779907, 81.6039886475, 49.8065261841, -29.1295089722, 69.9615097046, 60.4144287109, 24.7271957397, 56.4573860168, 16.3370895386], [467.042449951, -204.787414551, 180.512985229, 586.966003418, 95.3944854736, 13.0113945007, -101.618141174, 39.1411476135, -9.24440002441, 40.8709220886, -14.5977878571, -15.4686470032, 24.5344200134], [-1162.76721191, -35.787612915, 133.233779907, 95.3944854736, 334.337005615, 31.2635421753, -54.725315094, 22.6044368744, 65.0867538452, 29.774181366, 13.054889679, -23.7087516785, 29.720041275], [-117.118041992, -164.419815063, 81.6039886475, 13.0113945007, 31.2635421753, 222.536148071, 123.766220093, 65.821937561, -15.0739440918, 49.2350349426, -17.6207180023, 2.08285856247, -15.7289571762], [-421.886474609, -32.2478370667, 49.8065261841, -101.618141174, -54.725315094, 123.766220093, 311.796325684, 106.004707336, -34.065612793, -28.4211387634, 12.3467617035, 11.6861429214, -18.0928382874], [18.6620101929, -152.602584839, -29.1295089722, 39.1411476135, 22.6044368744, 65.821937561, 106.004707336, 174.104995728, -9.24146842957, -0.221655994654, -4.89741659164, 2.3247013092, -8.83887481689], [-411.730407715, 119.639007568, 69.9615097046, -9.24440002441, 65.0867538452, -15.0739440918, -34.065612793, -9.24146842957, 164.257766724, 36.1347389221, 5.74639034271, -16.9704475403, 2.46276807785], [-232.020462036, -131.067459106, 60.4144287109, 40.8709220886, 29.774181366, 49.2350349426, -28.4211387634, -0.221655994654, 36.1347389221, 130.03427124, 5.13076210022, -11.7252645493, 0.258287072182], [-266.902557373, 69.4200897217, 24.7271957397, -14.5977878571, 13.054889679, -17.6207180023, 12.3467617035, -4.89741659164, 5.74639034271, 5.13076210022, 118.247573853, 16.2508068085, -12.9418182373], [-210.848526001, -79.0449295044, 56.4573860168, -15.4686470032, -23.7087516785, 2.08285856247, 11.6861429214, 2.3247013092, -16.9704475403, -11.7252645493, 16.2508068085, 106.62210083, 4.98478555679], [-237.962478638, -15.3443994522, 16.3370895386, 24.5344200134, 29.720041275, -15.7289571762, -18.0928382874, -8.83887481689, 2.46276807785, 0.258287072182, -12.9418182373, 4.98478555679, 94.1708297729]]}, "spectral_energyband_middle_low": {"dmean2": 0.00740362657234, "median": 0.0128135215491, "min": 1.61508882624e-22, "dvar2": 8.16921092337e-05, "dvar": 3.89921769965e-05, "dmean": 0.00499593419954, "max": 0.13727453351, "var": 0.000194802603801, "mean": 0.0160313285887}, "melbands_crest": {"dmean2": 5.48399591446, "median": 13.0303316116, "min": 1.58635997772, "dvar2": 21.7502555847, "dvar": 9.16641712189, "dmean": 3.41121864319, "max": 36.3729362488, "var": 32.4842834473, "mean": 13.9602117538}, "spectral_kurtosis": {"dmean2": 10.1906986237, "median": 9.21786689758, "min": -1.25837373734, "dvar2": 111.079864502, "dvar": 41.3348236084, "dmean": 5.96043014526, "max": 100.157531738, "var": 109.623054504, "mean": 12.3118772507}, "spectral_rms": {"dmean2": 0.0010019459296, "median": 0.00456384150311, "min": 3.11113743275e-12, "dvar2": 1.17836555091e-06, "dvar": 5.82035681873e-07, "dmean": 0.000704552454408, "max": 0.0177348181605, "var": 4.05058926845e-06, "mean": 0.0045781773515}, "zerocrossingrate": {"dmean2": 0.00650269258767, "median": 0.029296875, "min": 0.001953125, "dvar2": 0.000148474704474, "dvar": 8.57694685692e-05, "dmean": 0.00527784274891, "max": 0.52880859375, "var": 0.00380430533551, "mean": 0.0412820130587}, "silence_rate_60dB": {"dmean2": 0.0514887534082, "median": 0, "min": 0, "dvar2": 0.055601451546, "dvar": 0.0250758603215, "dmean": 0.0257410295308, "max": 1, "var": 0.0652629062533, "mean": 0.0701936855912}, "erbbands_kurtosis": {"dmean2": 2.1590692997, "median": 0.276284694672, "min": -1.80544090271, "dvar2": 11.1291465759, "dvar": 4.89440059662, "dmean": 1.39621329308, "max": 46.2754173279, "var": 13.8225488663, "mean": 1.46770894527}, "erbbands": {"dmean2": [0.0262669753283, 0.533410727978, 3.75885868073, 6.26500797272, 7.79902029037, 12.7496080399, 15.0513839722, 17.6681880951, 23.4847488403, 38.5223197937, 34.2467002869, 31.587562561, 28.0102310181, 20.187707901, 26.1922397614, 23.9061508179, 20.377374649, 24.1063308716, 18.2665233612, 15.5006990433, 10.2561645508, 7.63743686676, 8.14934158325, 9.24815368652, 3.59728503227, 3.60175561905, 1.54986894131, 0.891747832298, 0.439952105284, 0.285006850958, 0.155106037855, 0.0532984212041, 0.0145408827811, 0.00598535593599, 0.00396454660222, 0.00170626759063, 0.000516324886121, 9.01783423615e-05, 1.117568263e-05, 1.19413052744e-05], "median": [0.00623231427744, 0.15025369823, 0.959598958492, 2.19652605057, 4.04608821869, 7.70079565048, 10.0864143372, 10.1255245209, 11.2714948654, 14.7833242416, 13.1897306442, 9.24843597412, 7.70403385162, 4.92182159424, 5.29693078995, 4.87202072144, 5.62067604065, 6.32403469086, 4.82159757614, 3.45437574387, 3.99044132233, 3.36606645584, 2.74900174141, 1.33935189247, 0.783949553967, 0.415950775146, 0.276152312756, 0.225040242076, 0.101023234427, 0.077330313623, 0.0402417108417, 0.0143424328417, 0.00448809936643, 0.00195785984397, 0.000957836396992, 0.000372878654161, 8.37703701109e-05, 1.51286276378e-05, 1.3764059986e-05, 2.47626139753e-05], "min": [8.12231761508e-23, 6.45112323422e-22, 1.40714993838e-21, 7.24704243768e-21, 8.5193568875e-21, 3.05440577088e-20, 3.29985772361e-20, 4.52802964773e-20, 1.34065259005e-19, 1.43354355113e-19, 3.04826809074e-19, 4.15351761542e-19, 4.65014573995e-19, 6.11147092743e-19, 9.09476294708e-19, 1.13696885094e-18, 1.35262383222e-18, 2.06314437125e-18, 2.58873596644e-18, 3.24449973386e-18, 4.3196331117e-18, 2.99087540471e-18, 4.65799092768e-18, 6.20452130172e-18, 6.14689741871e-18, 6.93002652774e-18, 8.84728891257e-18, 8.7176564757e-18, 1.10233612218e-17, 1.18698862802e-17, 1.07301190772e-17, 1.09035101957e-17, 9.47691976969e-18, 7.40627493824e-18, 6.26825680869e-18, 3.9801755591e-18, 2.11723888139e-18, 9.29943224604e-19, 2.25439338856e-19, 2.7143117545e-20], "dvar2": [0.00542858801782, 1.32861292362, 78.4511947632, 245.360855103, 204.686386108, 428.250152588, 574.612609863, 1079.47351074, 2714.45532227, 8743.04003906, 8676.46289062, 6891.34667969, 6611.46679688, 3178.47460938, 7605.31689453, 6710.92382812, 3945.40649414, 3278.02563477, 2440.24169922, 1531.35900879, 534.709594727, 269.113311768, 503.227630615, 944.547180176, 99.8903884888, 96.6501312256, 17.889421463, 6.01698923111, 1.52457726002, 0.607362031937, 0.175194203854, 0.0190589893609, 0.00126449274831, 0.000219127890887, 0.000117424824566, 2.48725154961e-05, 3.16289447255e-06, 1.07608876476e-07, 1.00203811915e-09, 2.86798695903e-10], "dvar": [0.00210793339647, 0.574637174606, 30.3885383606, 93.8228912354, 81.383102417, 177.35067749, 251.768341064, 476.656677246, 1424.92932129, 4839.14990234, 4982.97070312, 3906.98754883, 3403.21069336, 1829.58605957, 3630.48828125, 3280.51586914, 1884.05749512, 1483.89123535, 992.308288574, 668.575012207, 224.622833252, 108.89289856, 212.569259644, 360.868164062, 38.0469970703, 38.9219474792, 7.40623998642, 2.47386646271, 0.738424539566, 0.284887820482, 0.0797799304128, 0.00909651070833, 0.000599973776843, 0.000109475840873, 5.63626490475e-05, 1.33696230478e-05, 1.76385469786e-06, 5.80076537915e-08, 5.58670554263e-10, 1.25188595601e-10], "dmean": [0.0160275157541, 0.346404761076, 2.35215401649, 3.83831882477, 4.83962202072, 7.81471061707, 9.50710391998, 11.5743265152, 15.8736200333, 26.4282608032, 24.5914478302, 22.7836647034, 20.6781845093, 14.339138031, 17.8440208435, 16.9397773743, 14.0435743332, 15.8980407715, 12.1297998428, 10.1456003189, 6.72935724258, 4.98274755478, 5.48851728439, 6.06271934509, 2.29824876785, 2.29502129555, 1.00655865669, 0.578262269497, 0.298195391893, 0.192096292973, 0.103339321911, 0.0357868783176, 0.00992643181235, 0.00422504218295, 0.00276957685128, 0.00122580071911, 0.00038360527833, 6.61407029838e-05, 8.27332314657e-06, 8.22984202387e-06], "max": [2.07757019997, 17.4692993164, 128.876098633, 344.158233643, 226.442581177, 372.41317749, 484.224487305, 500.029418945, 1099.22521973, 1616.19628906, 3638.31420898, 1709.06164551, 1783.578125, 2051.08300781, 2860.49658203, 2291.79858398, 1833.15844727, 997.115356445, 778.18737793, 860.142028809, 457.15625, 249.42628479, 394.488555908, 606.588928223, 169.706954956, 145.695953369, 64.2586593628, 43.9483642578, 18.2464771271, 11.6601753235, 6.44689846039, 2.92526292801, 0.712827801704, 0.226971924305, 0.190847456455, 0.132966995239, 0.0341821834445, 0.00802660640329, 0.000790821854025, 0.000357253011316], "var": [0.00240507279523, 1.02825295925, 40.4178466797, 110.187896729, 122.624237061, 542.491210938, 707.975341797, 1207.1817627, 4909.44042969, 20392.5390625, 27991.3417969, 16433.6933594, 14234.6103516, 7397.07714844, 13317.7402344, 7951.49267578, 4300.97460938, 3588.3684082, 2187.35986328, 2177.60644531, 740.030761719, 395.905609131, 582.938903809, 908.850830078, 117.673820496, 128.216033936, 26.9338588715, 7.26566267014, 1.88732683659, 0.749855279922, 0.205680385232, 0.0276199933141, 0.00211721658707, 0.000468692422146, 0.000231333193369, 5.06322467118e-05, 6.58832323097e-06, 2.19884228159e-07, 2.25964358336e-09, 5.49717771303e-10], "mean": [0.0220668371767, 0.496593564749, 3.18939423561, 5.38899707794, 7.40875530243, 14.987830162, 18.4371414185, 22.0943012238, 31.0240650177, 55.1811065674, 52.0538101196, 46.6891365051, 42.7812271118, 28.5380878448, 36.9272918701, 30.0144138336, 25.7067699432, 28.8053283691, 22.4732017517, 21.9556541443, 14.8025655746, 11.2495594025, 11.7418079376, 11.8819713593, 5.16475725174, 4.64653301239, 2.22417116165, 1.18111634254, 0.58588039875, 0.381848394871, 0.207283779979, 0.0768686160445, 0.0220766365528, 0.00976180192083, 0.00608975533396, 0.00258197379299, 0.000814355618786, 0.000140438438393, 2.4992014005e-05, 2.97509523079e-05]}, "spectral_strongpeak": {"dmean2": 0.912029504776, "median": 0.705090641975, "min": 0, "dvar2": 1.41392636299, "dvar": 0.603454828262, "dmean": 0.559772789478, "max": 10.4086866379, "var": 1.92316150665, "mean": 1.25576615334}, "spectral_energy": {"dmean2": 0.0107397455722, "median": 0.0213493648916, "min": 9.92115499155e-21, "dvar2": 0.000239997651079, "dvar": 0.000103798789496, "dmean": 0.0073422989808, "max": 0.322386860847, "var": 0.000415020593209, "mean": 0.0256356354803}, "average_loudness": 0.831628680229, "spectral_rolloff": {"dmean2": 392.811309814, "median": 645.99609375, "min": 21.533203125, "dvar2": 525851.6875, "dvar": 249610.03125, "dmean": 234.220016479, "max": 19422.9492188, "var": 5488432, "mean": 1186.10693359}, "spectral_centroid": {"dmean2": 233.054382324, "median": 674.725830078, "min": 90.9247817993, "dvar2": 141528.5, "dvar": 71210.59375, "dmean": 156.514358521, "max": 11796.2783203, "var": 1905915.25, "mean": 998.56427002}, "pitch_salience": {"dmean2": 0.114979371428, "median": 0.566849827766, "min": 0.0953527465463, "dvar2": 0.0103932302445, "dvar": 0.00425261445343, "dmean": 0.0720795914531, "max": 0.83535015583, "var": 0.0136311640963, "mean": 0.557826578617}, "spectral_energyband_middle_high": {"dmean2": 0.00198227283545, "median": 0.00196339306422, "min": 1.14561526002e-21, "dvar2": 1.30913967951e-05, "dvar": 7.34479135645e-06, "dmean": 0.0014973009238, "max": 0.0729780718684, "var": 4.98652989336e-05, "mean": 0.0047721285373}, "spectral_contrast_coeffs": {"dmean2": [0.0882253795862, 0.0755875781178, 0.0613613314927, 0.0491471514106, 0.0370196439326, 0.0272531304508], "median": [-0.590140163898, -0.71050465107, -0.757378757, -0.757899880409, -0.771491348743, -0.72668159008], "min": [-0.977518677711, -0.984089970589, -0.980786681175, -0.974694669247, -0.96876513958, -0.964353442192], "dvar2": [0.00497258780524, 0.00392122194171, 0.00257441354915, 0.00160518288612, 0.00098525476642, 0.000589849834796], "dvar": [0.00199325941503, 0.00168480887078, 0.00120426097419, 0.000800105452072, 0.000551716657355, 0.000292259734124], "dmean": [0.0537930056453, 0.0475572422147, 0.0395075231791, 0.0324711836874, 0.0249908864498, 0.0182633176446], "max": [-0.257596731186, -0.311694085598, -0.408935159445, -0.499734848738, -0.543758511543, -0.569537341595], "var": [0.010227791965, 0.0100027723238, 0.00861162971705, 0.00579569023103, 0.00442382274196, 0.00282277655788], "mean": [-0.590304672718, -0.699870049953, -0.744790494442, -0.755184948444, -0.769674479961, -0.727337598801]}, "melbands_skewness": {"dmean2": 0.97588956356, "median": 1.81017577648, "min": -1.30936312675, "dvar2": 1.2393887043, "dvar": 0.548856854439, "dmean": 0.647834300995, "max": 11.8228282928, "var": 2.23102927208, "mean": 2.0279917717}, "spectral_spread": {"dmean2": 503326.09375, "median": 2313547.75, "min": 890478.125, "dvar2": 532949073920, "dvar": 337306615808, "dmean": 325013.28125, "max": 42650544, "var": 23523445702700.0, "mean": 3051430}, "dissonance": {"dmean2": 0.0491919331253, "median": 0.446581363678, "min": 0.118341051042, "dvar2": 0.00240594055504, "dvar": 0.000920716731343, "dmean": 0.0295754689723, "max": 0.500000119209, "var": 0.00319753587246, "mean": 0.430667161942}, "spectral_skewness": {"dmean2": 0.826623558998, "median": 2.08499336243, "min": -0.21269415319, "dvar2": 0.587278664112, "dvar": 0.227474078536, "dmean": 0.496890246868, "max": 7.82848787308, "var": 1.07457971573, "mean": 2.23912405968}, "spectral_flux": {"dmean2": 0.0377653837204, "median": 0.0716081857681, "min": 6.28587806806e-11, "dvar2": 0.00151796347927, "dvar": 0.000617646728642, "dmean": 0.0234498381615, "max": 0.395027250051, "var": 0.00174345611595, "mean": 0.0765209719539}, "spectral_contrast_valleys": {"dmean2": [0.718569278717, 0.544211685658, 0.489945322275, 0.416646629572, 0.341490000486, 0.336004704237], "median": [-7.54334974289, -6.53133773804, -7.70473194122, -8.20666694641, -8.55751228333, -12.31894207], "min": [-28.1036529541, -28.0301761627, -27.8096981049, -27.6419849396, -27.582195282, -27.427690506], "dvar2": [0.349308788776, 0.217171147466, 0.188662409782, 0.144325822592, 0.130532190204, 0.156457081437], "dvar": [0.163451209664, 0.105600833893, 0.0970709472895, 0.0779576897621, 0.078157119453, 0.0918154790998], "dmean": [0.446826964617, 0.341140836477, 0.315270870924, 0.273102581501, 0.237848848104, 0.251871317625], "max": [-5.40320920944, -4.93153762817, -5.02627897263, -5.97806072235, -6.14770698547, -9.64412593842], "var": [7.14349937439, 7.6546664238, 7.04485654831, 6.66390132904, 6.54544878006, 4.28302383423], "mean": [-7.95738172531, -6.993288517, -8.06035327911, -8.53268432617, -8.86701965332, -12.5353689194]}, "erbbands_flatness_db": {"dmean2": 0.0265577509999, "median": 0.237267449498, "min": 0.0398463755846, "dvar2": 0.000657517870422, "dvar": 0.000390373665141, "dmean": 0.0187891479582, "max": 0.428313195705, "var": 0.00342155527323, "mean": 0.240923598409}, "spectral_energyband_high": {"dmean2": 6.19803540758e-05, "median": 1.77876681846e-05, "min": 6.9587320279e-21, "dvar2": 2.40087238979e-08, "dvar": 1.11594236074e-08, "dmean": 4.21895056206e-05, "max": 0.00318091432564, "var": 5.62615412036e-08, "mean": 0.000106898965896}, "spectral_entropy": {"dmean2": 0.257070571184, "median": 6.80956554413, "min": 4.56127929688, "dvar2": 0.0757442563772, "dvar": 0.0380860231817, "dmean": 0.173463657498, "max": 9.82422161102, "var": 0.436636716127, "mean": 6.80615997314}, "silence_rate_20dB": {"dmean2": 0, "median": 1, "min": 1, "dvar2": 0, "dvar": 0, "dmean": 0, "max": 1, "var": 0, "mean": 1}, "melbands_flatness_db": {"dmean2": 0.0369019918144, "median": 0.297056317329, "min": 0.00317435059696, "dvar2": 0.00138138665352, "dvar": 0.000678888405673, "dmean": 0.0250032003969, "max": 0.533205986023, "var": 0.00718671549112, "mean": 0.286243081093}, "barkbands": {"dmean2": [6.69023429509e-05, 0.0018036395777, 0.0039771287702, 0.00212431536056, 0.00325028854422, 0.00204974133521, 0.00198122113943, 0.00184809218626, 0.00141436746344, 0.000838080595713, 0.000706040882505, 0.000554828322493, 0.000505697971676, 0.000468440615805, 0.000379769597203, 0.000231812504353, 0.000167266640346, 0.000196769513423, 9.76958181127e-05, 7.52978376113e-05, 2.80131807813e-05, 1.16538521979e-05, 5.76398724661e-06, 1.56594603595e-06, 5.04841466409e-07, 2.92880997677e-07, 4.54596218447e-08], "median": [8.03171769803e-06, 0.000475696666399, 0.000954936607741, 0.000672049936838, 0.00239202170633, 0.00132471555844, 0.000820007408038, 0.000529482436832, 0.000340002181474, 0.000173396649188, 9.60688121268e-05, 8.88408176252e-05, 0.000107559208118, 9.21184619074e-05, 6.39585996396e-05, 5.76501479372e-05, 5.60924745514e-05, 4.26050573878e-05, 1.65994060808e-05, 8.56100996316e-06, 6.26884548183e-06, 2.6489656193e-06, 1.70666612576e-06, 3.7931732777e-07, 1.52076694349e-07, 5.39879714267e-08, 7.99345745151e-09], "min": [5.72680871109e-25, 2.50329724092e-24, 5.44320088971e-25, 1.14239631547e-24, 8.89850799421e-24, 7.42173592495e-24, 6.09378285989e-24, 7.62866912875e-24, 1.73308118152e-23, 1.65099515562e-23, 9.96867354279e-24, 2.43020387435e-23, 2.24427961418e-23, 3.37390192473e-23, 5.45691501961e-23, 6.09069028848e-23, 3.66774188342e-23, 8.0560053363e-23, 1.16702605571e-22, 1.31101197735e-22, 2.23363706016e-22, 3.11202623127e-22, 4.11538687321e-22, 5.60041815838e-22, 8.47526509124e-22, 1.30941186452e-21, 1.9730626464e-21], "dvar2": [2.79576312323e-07, 1.52867523866e-05, 9.36144206207e-05, 2.36668347497e-05, 2.23971092055e-05, 1.17042791317e-05, 1.75516761374e-05, 2.24003033509e-05, 1.23082454593e-05, 5.17091575603e-06, 5.45317925571e-06, 3.33392495122e-06, 2.76635751106e-06, 1.19199228266e-06, 8.09857908735e-07, 3.52857142616e-07, 1.36008225127e-07, 3.12707328476e-07, 6.14183335301e-08, 3.91931607169e-08, 4.96049423759e-09, 1.06849995518e-09, 2.2305175762e-10, 1.74729154756e-11, 1.65280289455e-12, 7.85568225053e-13, 2.75502819343e-14], "dvar": [1.70245328945e-07, 6.57160990158e-06, 3.54863987013e-05, 9.37977165449e-06, 8.82740823727e-06, 5.26282519786e-06, 9.03795080376e-06, 1.28657029563e-05, 6.70850522511e-06, 2.82859582512e-06, 2.53142525253e-06, 1.62425931194e-06, 1.24548739677e-06, 5.41404745036e-07, 3.34396702328e-07, 1.49027016505e-07, 5.66312969852e-08, 1.2419204154e-07, 2.46670133208e-08, 1.59714659276e-08, 2.11064010713e-09, 5.12958120424e-10, 1.045783668e-10, 8.02036041747e-12, 8.52676056932e-13, 4.67597857136e-13, 1.51400108948e-14], "dmean": [4.62098360003e-05, 0.0011672138935, 0.00244086282328, 0.00130219536368, 0.00199203146622, 0.00133297918364, 0.00133022246882, 0.00130895210896, 0.00101794442162, 0.000599435647018, 0.000478325702716, 0.000386015424738, 0.000337087607477, 0.000308294402203, 0.000241948466282, 0.0001514510368, 0.00010752936214, 0.000129575331812, 6.29632850178e-05, 4.80605522171e-05, 1.81555042218e-05, 7.87028056948e-06, 3.86845886169e-06, 1.04453647509e-06, 3.60744195405e-07, 2.18775312533e-07, 3.30013207872e-08], "max": [0.0357716754079, 0.0573505610228, 0.157883018255, 0.0971299111843, 0.0616741366684, 0.0439937822521, 0.0660348832607, 0.133507177234, 0.0682565569878, 0.0585110262036, 0.0595096349716, 0.0460260435939, 0.0449315831065, 0.0166500750929, 0.0129187125713, 0.00948577187955, 0.00476257642731, 0.00792996399105, 0.00438028108329, 0.00275654299185, 0.000929769128561, 0.000454234250356, 0.000211358259548, 8.99282022147e-05, 2.28953795158e-05, 2.40467325057e-05, 3.79354992219e-06], "var": [3.0434696896e-07, 1.17190083984e-05, 4.44947654614e-05, 1.130176679e-05, 2.57546362263e-05, 1.49971574501e-05, 2.96213584079e-05, 6.09894850641e-05, 2.8159816793e-05, 1.20616132335e-05, 7.95251253294e-06, 3.77439846488e-06, 2.46551462624e-06, 1.3267228951e-06, 8.271