{"tonal": {"thpcp": [1, 0.590785980225, 0.330901622772, 0.345558226109, 0.490561872721, 0.641398787498, 0.572694122791, 0.363492667675, 0.261495530605, 0.322508335114, 0.45516115427, 0.538706362247, 0.413656353951, 0.247789546847, 0.283231884241, 0.37695518136, 0.289614140987, 0.158502668142, 0.160336494446, 0.223003312945, 0.358656018972, 0.465219199657, 0.338687986135, 0.160601243377, 0.141462787986, 0.204421252012, 0.32348716259, 0.351443469524, 0.25010535121, 0.187690958381, 0.205403327942, 0.293436408043, 0.397439271212, 0.470094144344, 0.598445832729, 0.929735124111], "hpcp": {"dmean2": [0.352474153042, 0.287822306156, 0.236083582044, 0.203895896673, 0.214273303747, 0.219560340047, 0.206112995744, 0.170989602804, 0.14243465662, 0.151097595692, 0.170846268535, 0.192542269826, 0.16038556397, 0.111547216773, 0.117926232517, 0.125785574317, 0.115620352328, 0.0894614830613, 0.0935827046633, 0.118029266596, 0.159250363708, 0.188672617078, 0.146747395396, 0.0998600125313, 0.0941242873669, 0.116441272199, 0.152173101902, 0.156943142414, 0.120661333203, 0.108126223087, 0.122029028833, 0.148450702429, 0.18422549963, 0.232921510935, 0.283674448729, 0.333684533834], "median": [0.197871237993, 0.105246178806, 0.0341355018318, 0.0374764427543, 0.050349868834, 0.0614389143884, 0.0596082620323, 0.0363112390041, 0.0220683030784, 0.0226552952081, 0.0379010438919, 0.0608270578086, 0.0481103770435, 0.0229146443307, 0.0188841391355, 0.0187352858484, 0.0177425742149, 0.0135359540582, 0.0119437845424, 0.0221512373537, 0.0539747364819, 0.0688505321741, 0.0354293994606, 0.0137664489448, 0.0128810964525, 0.0225990545005, 0.041296299547, 0.0389497205615, 0.0284095555544, 0.019846463576, 0.0216976851225, 0.0311138145626, 0.0465052947402, 0.0650831237435, 0.0978982895613, 0.186378702521], "min": [0, 0, 0, 0, 0, 0, 0, 0, 0, 0, 0, 0, 0, 0, 0, 0, 0, 0, 0, 0, 0, 0, 0, 0, 0, 0, 0, 0, 0, 0, 0, 0, 0, 0, 0, 0], "dvar2": [0.155024409294, 0.117065355182, 0.1278424263, 0.0998040959239, 0.0943221822381, 0.0932979658246, 0.0908237174153, 0.0745358988643, 0.0704139918089, 0.0788903459907, 0.0707069262862, 0.0804822221398, 0.0612734854221, 0.0444340594113, 0.0488658957183, 0.0581388697028, 0.0489698760211, 0.037274248898, 0.039980866015, 0.0453561060131, 0.0548531524837, 0.0749448090792, 0.0584819428623, 0.0415168404579, 0.0347017012537, 0.0424192659557, 0.0581443421543, 0.0709242597222, 0.0444979183376, 0.0425227507949, 0.0531005337834, 0.0666641369462, 0.0807993561029, 0.0994802042842, 0.118848003447, 0.133648261428], "dvar": [0.0627441853285, 0.0447688139975, 0.0481485240161, 0.0382250919938, 0.0397703610361, 0.0412542708218, 0.0387319847941, 0.0315221659839, 0.0272876117378, 0.0318221375346, 0.0296254903078, 0.033462099731, 0.025553625077, 0.017049651593, 0.0184944216162, 0.0251904912293, 0.0198675766587, 0.0135629074648, 0.0145539874211, 0.0175084099174, 0.0212392825633, 0.0306057184935, 0.0251358989626, 0.0156098650768, 0.0126433474943, 0.0161949936301, 0.0233283434063, 0.0287353657186, 0.0176029894501, 0.0157442651689, 0.0196371395141, 0.0254440046847, 0.0318258553743, 0.0394339561462, 0.0466411150992, 0.0520206056535], "dmean": [0.206984981894, 0.169496268034, 0.130747392774, 0.116203218699, 0.129059404135, 0.133897334337, 0.126416891813, 0.103004567325, 0.0846484750509, 0.0888866633177, 0.102495633066, 0.115640066564, 0.0978929176927, 0.0664059817791, 0.0712338164449, 0.0752815678716, 0.0690454915166, 0.0517250597477, 0.054681032896, 0.069200143218, 0.0939199849963, 0.113407053053, 0.0885770916939, 0.058498673141, 0.0540681965649, 0.0675734505057, 0.091995857656, 0.0938191860914, 0.07109631598, 0.0633068978786, 0.0715567618608, 0.0877252966166, 0.110007338226, 0.138262733817, 0.167003601789, 0.195629939437], "max": [1, 1, 1, 1, 1, 1, 1, 1, 1, 1, 1, 1, 1, 1, 1, 1, 1, 1, 1, 1, 1, 1, 1, 1, 1, 1, 1, 1, 1, 1, 1, 1, 1, 1, 1, 1], "var": [0.13417956233, 0.063184864819, 0.0440442934632, 0.0436624959111, 0.070342078805, 0.10265866667, 0.0882531553507, 0.0493734031916, 0.033044539392, 0.0539405345917, 0.0676010325551, 0.0796785876155, 0.0515035539865, 0.0279545485973, 0.0356783419847, 0.0699127390981, 0.0404606051743, 0.0147003121674, 0.0176802892238, 0.02438711375, 0.0362913906574, 0.0580867230892, 0.0449893213809, 0.0149462390691, 0.0112776011229, 0.0177596639842, 0.0355113334954, 0.0473624654114, 0.0253105536103, 0.0166706815362, 0.019831025973, 0.0355217307806, 0.05060448125, 0.0565484948456, 0.0700515732169, 0.113863565028], "mean": [0.358393520117, 0.211733862758, 0.118592992425, 0.12384583056, 0.175814196467, 0.229873165488, 0.205249860883, 0.130273416638, 0.0937183052301, 0.115584902465, 0.163126811385, 0.193068861961, 0.148251757026, 0.0888061672449, 0.10150847584, 0.135098293424, 0.103795826435, 0.0568063296378, 0.0574635602534, 0.0799229443073, 0.128539994359, 0.16673155129, 0.121383577585, 0.0575584433973, 0.0506993457675, 0.0732632502913, 0.115935698152, 0.125955060124, 0.0896361395717, 0.0672672241926, 0.0736152231693, 0.105165712535, 0.14243966341, 0.168478697538, 0.214479118586, 0.333211034536]}, "tuning_equal_tempered_deviation": 0.142253726721, "chords_changes_rate": 0.0898788571358, "key_key": "A", "tuning_diatonic_strength": 0.676627099514, "key_scale": "major", "chords_number_rate": 0.00664321985096, "tuning_frequency": 452.37008667, "tuning_nontempered_energy_ratio": 0.816046118736, "chords_histogram": [15.5920276642, 2.6182103157, 13.6381397247, 3.04806566238, 0.0390777662396, 1.01602184772, 0, 1.32864403725, 1.79757714272, 4.02500963211, 14.4587726593, 1.05509960651, 2.26651024818, 0.351699888706, 3.04806566238, 0.195388823748, 1.64126610756, 12.9738178253, 0.468933165073, 0.429855406284, 1.75849938393, 0.547088682652, 10.433763504, 7.26846408844], "key_strength": 0.645608246326, "chords_key": "A", "chords_strength": {"dmean2": 0.0114883417264, "median": 0.513807952404, "min": 0.244185179472, "dvar2": 9.88351093838e-05, "dvar": 9.41222097026e-05, "dmean": 0.0126248886809, "max": 0.801193058491, "var": 0.0113769667223, "mean": 0.509151041508}, "chords_scale": "major", "hpcp_entropy": {"dmean2": 1.16891241074, "median": 1.82105875015, "min": 0, "dvar2": 0.817253232002, "dvar": 0.303241759539, "dmean": 0.695487082005, "max": 4.41396808624, "var": 0.634890198708, "mean": 1.7684623003}}, "metadata": {"audio_properties": {"equal_loudness": 0, "codec": "mp3", "downmix": "mix", "sample_rate": 44100, "analysis_sample_rate": 44100, "bit_rate": 192000, "md5_encoded": "fedf106fee022a451141c249154853af", "length": 118.752655029, "replay_gain": -4.67178153992, "lossless": false}, "version": {"essentia_build_sha": "2d9f1f26377add8aeb1075a9c2973f962c4f09fd", "essentia": "2.1-beta2", "extractor": "music 1.0", "essentia_git_sha": "v2.1_beta2-1-ge3940c0"}, "tags": {"title": ["(Love Me) Now"], "language": ["eng"], "acoustid_fingerprint": ["AQADpI2UiGKFxnjy4DkuIpklCWF2fF-OJ42OJmeEWiXq9JgyHL_w5RKmH7-I6xBjSTy8NdrxZIFz1Mdxybj0IEyNZIwi4tKD3zuaxFGG6VaOo1QOJsxPnA_uTWDKMcOkpA--PIWmxhl8BR714CF--A9q3EfybUWYWkbJePieo0kuVA6JS9sxOUWDW_iVhNiPStN4fDKN68OfHBcJaztCWYeeGrkJP8eFcTue6AnBJyOuhsFDHU-QPKNU5BImJ_nRBE8eLXiSOOFwKUdv3ArmHD80R0rA5ccvNONR29gT-_i34FKi4j-aJNJRhyeUo2A5VfA_oY4rfJHxozoaHjr4Ht-Hn8lQbfBjdJeIkY6J5D8iXTr-mPh7vIMD6sd99K3QOwSPC3kXHQmT4iThNQ92ZUkVnNnhkrjiY08LTyuDpMoR7vrwJ0lxotkJpomO32g-B314MJ_hZRHGHz-sjRf-4_CzoS2p4_PxHaGoIMliokviHJx2_MWjhAn68Mh_JNOW4YmEH65TXKJTfGB3_CiZDOkiHonL4VQiuA_xwi5-nJZy0FyE83DyH9Uz0Uj2B-l07GqOMw_OTNiH5zl-sIsCPcPhH_2V4Axu6niDS9Rk9BMS_oj0fMWF_thsBhde4slyVJkf7PqE_mieKEWMJLIk-JGO6Rde3egzwxZRmcaVDSE_JFkuG1fgf6j34Mcf_HCP_7jyEOGaD_6D68G148YntFwO_QnKb4NNHYm6HDAjTccvqnCQTy9eQ_p45AfyH2KTIFxIXJUY5NE0-NED_ciTBJeYwCee4DqSI__wH0_RnEe3RS6uo4_h6-jxJAFz5YV7oz--8UG3Y1tIOBShX7jYBP6GXsEz4ccjuGqGJ8ev5GiUH5N0Iox3JNIZ4zH-odGcE3nUInnkHc10dMcvH0-UCa54nLnw5DDzDrHY7UiedDnqo3IGLleyFH0U52hOYgd-mEt05GZg5vg8PCMXtOdw5kOtA3lmXJk2eAvxqMJ5NKcwPcvxD2X4BEySHzeP3SH2HD_Kw1xOeE9Q80IyJeuQZtEi3Anxj3gKT8rRHu8onMnQaLou9ElMSGd2PC-m7GgjirjSJFHwRC2eo8lRQnk2fD3qhoJfKgMny7hOVJJMPOFI5MkiIblHTKwOsxcm7zh-NPuJbyu2Kjuq-UHZoLkn5M0SJNWHNlvgPUU_XfhRUvpgrsdUWfgmIqSR8Av8GJUTHV3Yg1uojPD6BOfxgd3xXdjX446Pph8-BtfFo9G1okfOZIdmIdqeo8xJgpxeXHOwq-HRqEKeFFqiI89wNE2dYzpTPD0u2sgSRknuIdk79DmmnDa-4NqJKUmJPiz6UAgZpVOgWwbfFHmUD_-xTj--E2WiK2jOHFeGH8fFx2hThFGTecUPRaE-omSQl0GY89DU5AhtC2UjB48nXPgpg9l8Cf3B-QrSJSRxRvpx3jj0I34KK0zwnceXZPgn4ntQBs0VRGd4iJMePNIT5D2aJxr6LMd12DmeKE_QjCb6MBewKw0q6wijjAmkPBLCcHnx4z_-w1t4_EMoSykhJWqUByUvNFHUImd2HE0uFfeIdJSqoszTos-hZQyRP0WX5UcT67gDPhJxBZ9e9F_A5CGSiVMWI0yaY1aPZlkeodfxLLh4VMzhhV6Ex6LgK1HxI6SkI1mVHN4x5dlxFgyjHk2Px0d8KPIz5JNDtKWDUhX8HLsPuxmyWDkukoJyxoHmK1ilBmLFI8txp8dxa0Ed_bj2YNrxI1meIeyN5ztm6Sr6KWDSRsIl9MzRnDvmPEfJHE0f5C6SH6eCbh-2PMgZ6EP-o75RwrnxFrd6HL9waeOQpxDJrBlyhvixw4edI3x-JDcZfI8a4zec41mC7ziHhNeFfHiw5wPzMMFlI_aLhEmZgY-K8_C4BM-N5znOGG8o-MeT8JhL5BCjjPmQa8eXD47ZGCea47iPh4UrLccXw2OP3eBo48wVdMeUjnhHPLnxHc35oUuy4_pCnFmGhn8wscpxpGF6I3E_fMGyWzgqF04eNSRqXcK3BwfyHe_xqgn6BVXO4kYzpuiJjyv6XLCiSUeY47nwTHCoLB5-4w_a5UIzPsQuZI-RlGiSo-9wKapitGrgS0MbscOk5HA-4Y6xi0g3LUjWHP-MKw2ebhSYhHTQH8cvbMsb4VImCU_UZNiHJgGjI7mUCLmio3yMLaScoJSYHA_T4ng5BrVaJNwRj_ng6QneDE5THNt3eOMVnEpOvDiN5gm-V0NSyTryZEFT0aiubMLuCLdQyoEzmQnCRcokHcm1EdOTFFueCz6DawsuYxRpvInS4GWwlSbKLA_xp3jyo96uCR5FC33xZdKRL4d2aUO6vcOPTWHRZsNP8CsjPJyMKZ14oZeCZkH5CUdap0FyJTQeHr-QJqeQ5Dh1sMeU5Qd-HKeiI9kR_5HQJc_xH_2xi2jVoAFPJxoef6imIpH6IYd3H_3SDG2ObePR48eTxUIzXRKRI8m5ovqEJ9fxHbVyBo2jD2ci9EFD_7hyhah3bEmOpEc-E35jvEPDZMd13DkaPUZ1EX8QcjqSNcbJ4A_qD7aOXubxC0-OUvrQLIycDPcPbWFINIw4fB9RC80X3BKOW3heoan6II9MJDxNTMdHVHrRJLW04crxg8n0o2eOUupBq8IvD2lnCUl0C9dzNIyOLmjiKOiDa8el3CilDA0ncshfJGeWHM_RaDrKJTn2fGh-o3cC3kdD5UhG8Yj9oCuzGUyizsSnY8qUHHVz3Dq6OWi2I8-RjMzkBJWlHD_xBLV4NOuCC-WPhzF-POmChFmG8C_eK8K7NEWP-zCLT3NQHyfxCHn-IBmnyXCoPOgfAGakUM4AABhQICEiiHLECQEEVQ46QAwAQgjLACCGICQMJAoBg4QxBhBEKBMCGQGQAQwoyRAAxAAnEAQMCAQAMcQ6ApAkCAgogAEMAGEJFAAIpYQCRAkkABAMAAAMIYAIhIhQigoABCACGcIAAIAzRJxQAEhABCHCYQAEIYwQpJwhwgCgHDEEA4UQR44IQgAAggkMACFMAkWAQoYwAiwAAhDAhCDEOakEQEQRAARABghBhCMAGQCFI4AABhRQgDBhgEPICKQQEQApABQ2gAgJCMKEAEY0KJIIooQBQBEAmhEMIICAIYgQQhRYFDBggBJAAgAUAgABIBggBAggDABAAIQIUQooIAhRCjDEgECEGQiAE0QiBIJAkBBkHWEAAAAoIIQBRgBhQCikoBBOOSQIEQIBIQCQwAAkjBBCAWuNQAABY4AggAEiGABKCCYEEgIwAIwCwAAnBABMAGgAIEAAgBQVRDCFADCIQAAEEIIAgBA5SAJgGAOICEMAIQYAARBmhAghICAUAASMIMARIBShQAAgCDNEIaUNMQJJQARlSBEhgDIEAkEgA8YBIYSAAhilBEAaIIAIAwIBBoQBTDBAgCAMIQWIEIYAAqQAxlJFjGCKLCcIAQAIpBRFBghpAgTEGEYYYUIwRJxBjAgiiEOeICSMkEI4yhAjglBgCAAECmGMBkIpJwkhSiIkBFAAMYGYsYAYCbAhhCAqBBEQAIKoEAQxDggEgLgghRJQCACIYMgAgAQDgCEgIDECIGCAEAAxQYghwBIFgBGUBAKYURAoDYAjCgFHCADAAIQEAcQJAYglCgolMBBACCaAIQoAI4QCTBFDHCDEIEKJI0QIwKhiBghBiACSEAEMUFYgo5QCQgCiDCDMAKUYUAAIyQQAgAgFiHDEGAOAAMQAKZgxiiioACKEEIUMUcQSAIgBAA"], "date": ["1996"], "genre": ["Early pop/rock"], "musicbrainz album type": ["Compilation"], "musicbrainz_releasegroupid": ["26022cbd-07c7-45f1-8282-7b816865f616"], "musicip_puid": ["74096fc8-0143-7ec1-82da-9cd648365685"], "musicbrainz_recordingid": ["0cce32ad-4fff-4483-ae05-38a09a8c66ee"], "musicbrainz_albumartistid": ["359e1d48-5121-463b-a408-54e5aa83a40d"], "musicbrainz_albumid": ["b32d4bac-6fbd-4fe9-96eb-6091363e4511"], "artist": ["Angels"], "bpm": ["88.22"], "album": ["The Best of The Angels"], "catalognumber": ["532 484"], "tracknumber": ["19"], "label": ["Mercury"], "acoustid_id": ["73c7c954-2c4a-414a-9f3a-17bf0eab9adf"], "musicbrainz_artistid": ["359e1d48-5121-463b-a408-54e5aa83a40d"], "file_name": "Angels - (Love Me) Now.mp3"}}, "rhythm": {"bpm_histogram_first_peak_bpm": {"dmean2": 0, "median": 88, "min": 88, "dvar2": 0, "dvar": 0, "dmean": 0, "max": 88, "var": 0, "mean": 88}, "bpm": 88.2570571899, "bpm_histogram_second_peak_spread": {"dmean2": 0, "median": 0, "min": 0, "dvar2": 0, "dvar": 0, "dmean": 0, "max": 0, "var": 0, "mean": 0}, "bpm_histogram_first_peak_weight": {"dmean2": 0, "median": 0.728323698044, "min": 0.728323698044, "dvar2": 0, "dvar": 0, "dmean": 0, "max": 0.728323698044, "var": 0, "mean": 0.728323698044}, "onset_rate": 3.89828848839, "beats_position": [0.638548731804, 1.28870749474, 1.95047616959, 2.62385487556, 3.29723358154, 3.98222208023, 4.66721057892, 5.35219955444, 6.03718805313, 6.73378658295, 7.41877555847, 8.10376358032, 8.80036258698, 9.4853515625, 10.1703395844, 10.866938591, 11.5519275665, 12.2369155884, 12.9219045639, 13.6068935394, 14.3034915924, 14.9884805679, 15.6734695435, 16.3584575653, 17.0434455872, 17.7284355164, 18.4134235382, 19.0984115601, 19.7717914581, 20.45677948, 21.1301574707, 21.8035373688, 22.4885253906, 23.1735134125, 23.8468933105, 24.5202713013, 25.2052612305, 25.8902492523, 26.563627243, 27.2370071411, 27.9103851318, 28.5837631226, 29.2571430206, 29.9421310425, 30.6271190643, 31.3121089935, 31.9970970154, 32.6704750061, 33.3438529968, 34.0172348022, 34.6790008545, 35.3407707214, 36.0141487122, 36.6875267029, 37.3609046936, 38.0226745605, 38.6844444275, 39.3578224182, 40.0312004089, 40.7045783997, 41.4011802673, 42.1093864441, 42.8059844971, 43.4909744263, 44.1759643555, 44.86095047, 45.5343284607, 46.2193183899, 46.9043083191, 47.5892944336, 48.2742843628, 48.959274292, 49.6442604065, 50.3292503357, 51.0142402649, 51.6876182556, 52.3609962463, 53.0343742371, 53.7077522278, 54.3811340332, 55.0545120239, 55.7046699524, 56.3780479431, 57.0514259338, 57.736415863, 58.4097938538, 59.0715637207, 59.7449417114, 60.4183197021, 61.0684814453, 61.741859436, 62.4036254883, 63.0653953552, 63.7155532837, 64.3773193359, 65.0390930176, 65.7124710083, 66.3626327515, 67.0360107422, 67.7093887329, 68.3827667236, 69.0561447144, 69.7295227051, 70.4029006958, 71.053062439, 71.7148284912, 72.3765945435, 73.0499725342, 73.7349624634, 74.4199523926, 75.1049423218, 75.789932251, 76.4749221802, 77.1366882324, 77.8216781616, 78.4950561523, 79.1684341431, 79.8302001953, 80.503578186, 81.1653518677, 81.8503417969, 82.5237197876, 83.1970977783, 83.8820877075, 84.5670700073, 85.2520599365, 85.9370498657, 86.6104278564, 87.2838058472, 87.9571838379, 88.6305618286, 89.3155517578, 90.000541687, 90.6971435547, 91.393737793, 92.0787277222, 92.7637176514, 93.460319519, 94.1569137573, 94.853515625, 95.5501098633, 96.246711731, 96.9200897217, 97.6050796509, 98.2900695801, 98.9750518799, 99.6600418091, 100.345031738, 101.041633606, 101.726615906, 102.423217773, 103.119819641, 103.804801941, 104.48979187, 105.163169861, 105.84815979, 106.533149719, 107.218139648, 107.903129578, 108.599723816, 109.284713745, 109.969703674, 110.666305542, 111.36289978, 112.047889709, 112.732879639, 113.417869568, 114.114463806, 114.799453735, 115.496055603, 116.192649841, 116.889251709, 117.585845947, 118.282447815], "beats_loudness": {"dmean2": 0.0198121890426, "median": 0.0278423018754, "min": 3.56725468009e-06, "dvar2": 0.000315220124321, "dvar": 0.000102020574559, "dmean": 0.0117927463725, "max": 0.0738837048411, "var": 0.000186842444236, "mean": 0.027837626636}, "danceability": 1.21309649944, "bpm_histogram_second_peak_weight": {"dmean2": 0, "median": 0, "min": 0, "dvar2": 0, "dvar": 0, "dmean": 0, "max": 0, "var": 0, "mean": 0}, "beats_count": 174, "bpm_histogram_second_peak_bpm": {"dmean2": 0, "median": 0, "min": 0, "dvar2": 0, "dvar": 0, "dmean": 0, "max": 0, "var": 0, "mean": 0}, "bpm_histogram_first_peak_spread": {"dmean2": 0, "median": 0.271676301956, "min": 0.271676301956, "dvar2": 0, "dvar": 0, "dmean": 0, "max": 0.271676301956, "var": 0, "mean": 0.271676301956}, "beats_loudness_band_ratio": {"dmean2": [0.1434930861, 0.312326401472, 0.257132768631, 0.194101244211, 0.152499273419, 0.089190416038], "median": [0.102137058973, 0.256061524153, 0.152040183544, 0.116575941443, 0.166958123446, 0.0903221815825], "min": [0.00910553429276, 0.0073835006915, 0.0126231685281, 0.00215336517431, 0.00190273346379, 0.001583942445], "dvar2": [0.0218197181821, 0.0485226660967, 0.0605855472386, 0.0282397381961, 0.0156367719173, 0.00660081440583], "dvar": [0.0096951071173, 0.0189673788846, 0.0194431766868, 0.0105263954028, 0.00579996872693, 0.00221305782907], "dmean": [0.0871502459049, 0.174974173307, 0.147416651249, 0.119192704558, 0.0904846340418, 0.0512505024672], "max": [0.716564178467, 0.826130151749, 0.78453540802, 0.710204422474, 0.564495921135, 0.343959122896], "var": [0.014690396376, 0.0368239022791, 0.0282720569521, 0.0158427413553, 0.00958538707346, 0.00339077063836], "mean": [0.131659150124, 0.289894759655, 0.202669233084, 0.155038639903, 0.175872340798, 0.0984854176641]}}, "lowlevel": {"barkbands_spread": {"dmean2": 8.04185295105, "median": 20.1834564209, "min": 0.285395860672, "dvar2": 80.0707778931, "dvar": 34.6503410339, "dmean": 5.24602842331, "max": 99.7041473389, "var": 113.095581055, "mean": 21.1774559021}, "melbands_spread": {"dmean2": 11.5999231339, "median": 25.2184104919, "min": 0.493102401495, "dvar2": 198.064941406, "dvar": 99.2955856323, "dmean": 7.69449710846, "max": 239.647628784, "var": 352.059173584, "mean": 28.0056266785}, "hfc": {"dmean2": 8.05715751648, "median": 17.6130638123, "min": 1.12783019262e-16, "dvar2": 130.933624268, "dvar": 67.8363876343, "dmean": 5.86873674393, "max": 180.977111816, "var": 268.417205811, "mean": 19.9944667816}, "barkbands_kurtosis": {"dmean2": 4.7767367363, "median": 0.780366718769, "min": -1.84909033775, "dvar2": 170.793319702, "dvar": 88.3486709595, "dmean": 3.16852617264, "max": 361.144378662, "var": 208.323867798, "mean": 4.3647236824}, "gfcc": {"mean": [-11.4701871872, 72.0813140869, -126.96056366, 11.4879484177, -52.0086135864, 0.595743000507, -43.5630073547, 4.59540271759, -39.7525215149, 3.60952234268, -20.8335895538, -4.08552980423, -11.7702684402], "icov": [[0.00030627916567, -1.04460896182e-05, 0.000507634656969, -0.000169520979398, 0.000612287956756, -0.000369662011508, 0.000628763693385, -0.000126165905385, 0.000637461373117, 1.94301428564e-05, 0.000411028857343, 0.00016107178817, 0.000223558090511], [-1.04460896182e-05, 0.00225599040277, -0.000206392389373, -1.89133806998e-05, -0.001182629494, 0.0018752849428, -0.00140303082298, 0.00181451241951, -0.000508017430548, 0.000972307054326, -0.000392532092519, 0.00168178800959, 0.000181267241715], [0.000507634656969, -0.000206392389373, 0.0025622304529, -2.11893220694e-05, 0.000773309846409, -0.000588759139646, 0.00211360841058, -0.00123335467651, 0.000562535482459, 0.00114981841762, 0.000796850421466, -0.00062642415287, 0.00152255978901], [-0.000169520979398, -1.89133806998e-05, -2.11893220694e-05, 0.0036478547845, -0.00158196373377, 0.000379509059712, -0.000104805032606, 0.000716993177775, -0.00175615900662, 0.000326953129843, 0.00165358255617, -0.0011695525609, 0.000758940121159], [0.000612287956756, -0.001182629494, 0.000773309846409, -0.00158196373377, 0.00765797682106, -0.00273843365721, -0.000748088408727, 0.000788464036305, 0.00167485582642, -0.00105954986066, 0.00176309980452, -0.000602994463407, -0.000150147097884], [-0.000369662011508, 0.0018752849428, -0.000588759139646, 0.000379509059712, -0.00273843365721, 0.00880484469235, -0.00364769459702, 0.00143050367478, 0.000240091962041, 0.00190929044038, -0.00144469586667, -0.000117000694445, 0.00149245921057], [0.000628763693385, -0.00140303082298, 0.00211360841058, -0.000104805032606, -0.000748088408727, -0.00364769459702, 0.0100253913552, -0.00333591131493, 0.00100835727062, -0.000455773028079, 6.5352920501e-05, -0.00140301010106, 0.000802029389888], [-0.000126165905385, 0.00181451241951, -0.00123335467651, 0.000716993177775, 0.000788464036305, 0.00143050367478, -0.00333591131493, 0.0105361333117, -0.00323526305147, -0.0003952489933, -0.00135338795371, 0.00364856887609, -0.00090097397333], [0.000637461373117, -0.000508017430548, 0.000562535482459, -0.00175615900662, 0.00167485582642, 0.000240091962041, 0.00100835727062, -0.00323526305147, 0.0128529611975, -0.00538469292223, 0.000724520592485, -4.07770457969e-05, 0.000681348203216], [1.94301428564e-05, 0.000972307054326, 0.00114981841762, 0.000326953129843, -0.00105954986066, 0.00190929044038, -0.000455773028079, -0.0003952489933, -0.00538469292223, 0.0145186530426, -0.00333042698912, -0.00239944388159, 0.00488478410989], [0.000411028857343, -0.000392532092519, 0.000796850421466, 0.00165358255617, 0.00176309980452, -0.00144469586667, 6.5352920501e-05, -0.00135338795371, 0.000724520592485, -0.00333042698912, 0.0141397155821, -0.0029961282853, -0.000239609638811], [0.00016107178817, 0.00168178800959, -0.00062642415287, -0.0011695525609, -0.000602994463407, -0.000117000694445, -0.00140301010106, 0.00364856887609, -4.07770457969e-05, -0.00239944388159, -0.0029961282853, 0.0163057986647, -0.00552946934476], [0.000223558090511, 0.000181267241715, 0.00152255978901, 0.000758940121159, -0.000150147097884, 0.00149245921057, 0.000802029389888, -0.00090097397333, 0.000681348203216, 0.00488478410989, -0.000239609638811, -0.00552946934476, 0.0155397867784]], "cov": [[7789.91113281, -448.695098877, -982.41583252, 18.9326896667, -503.621154785, 72.6738739014, -388.805389404, -127.510421753, -353.925415039, -161.3099823, -176.946029663, -147.047073364, 0.498364418745], [-448.695098877, 792.180236816, -8.23546028137, 95.1593017578, 168.245437622, -83.2994537354, 77.2353591919, -118.490455627, -6.5305390358, -47.2411308289, -38.3328933716, -49.7249145508, -11.0048112869], [-982.41583252, -8.23546028137, 728.686950684, -45.3185119629, -45.63621521, -40.9615859985, -93.6378173828, 62.903175354, 27.86460495, -35.5449943542, -11.6698064804, -8.3956451416, -36.1958198547], [18.9326896667, 95.1593017578, -45.3185119629, 386.691558838, 115.075256348, 5.7677822113, 18.7663631439, -56.6766815186, 31.8997898102, 2.35338926315, -57.1290626526, 19.1857662201, -15.7167539597], [-503.621154785, 168.245437622, -45.63621521, 115.075256348, 272.839416504, 66.4048080444, 94.240776062, -61.298789978, -9.90403175354, -1.92166996002, -20.2224750519, 22.7618579865, 0.800362169743], [72.6738739014, -83.2994537354, -40.9615859985, 5.7677822113, 66.4048080444, 188.61277771, 66.3091049194, -15.1901359558, -31.838394165, -14.8842515945, 8.02857017517, 16.8200092316, -5.93467712402], [-388.805389404, 77.2353591919, -93.6378173828, 18.7663631439, 94.240776062, 66.3091049194, 193.348861694, 15.8006906509, 11.3118457794, 19.0299968719, 19.5301418304, 16.4614887238, -1.88959884644], [-127.510421753, -118.490455627, 62.903175354, -56.6766815186, -61.298789978, -15.1901359558, 15.8006906509, 162.841201782, 51.488079071, 31.8307800293, 25.7207145691, -19.2739124298, -9.41098499298], [-353.925415039, -6.5305390358, 27.86460495, 31.8997898102, -9.90403175354, -31.838394165, 11.3118457794, 51.488079071, 139.868255615, 65.7787780762, 16.2696018219, 2.86072278023, -19.2974948883], [-161.3099823, -47.2411308289, -35.5449943542, 2.35338926315, -1.92166996002, -14.8842515945, 19.0299968719, 31.8307800293, 65.7787780762, 122.250785828, 34.9421272278, 15.0580873489, -26.9019680023], [-176.946029663, -38.3328933716, -11.6698064804, -57.1290626526, -20.2224750519, 8.02857017517, 19.5301418304, 25.7207145691, 16.2696018219, 34.9421272278, 99.8107528687, 21.2127590179, 3.8329949379], [-147.047073364, -49.7249145508, -8.3956451416, 19.1857662201, 22.7618579865, 16.8200092316, 16.4614887238, -19.2739124298, 2.86072278023, 15.0580873489, 21.2127590179, 90.9473342896, 27.0482654572], [0.498364418745, -11.0048112869, -36.1958198547, -15.7167539597, 0.800362169743, -5.93467712402, -1.88959884644, -9.41098499298, -19.2974948883, -26.9019680023, 3.8329949379, 27.0482654572, 87.901802063]]}, "spectral_energyband_middle_low": {"dmean2": 0.00714034261182, "median": 0.0071551380679, "min": 3.69426692115e-22, "dvar2": 0.000122275858303, "dvar": 5.9115649492e-05, "dmean": 0.00488505372778, "max": 0.171205744147, "var": 0.000184373973752, "mean": 0.0114856557921}, "melbands_crest": {"dmean2": 5.90918445587, "median": 13.5681610107, "min": 1.28597104549, "dvar2": 25.573890686, "dvar": 11.0262870789, "dmean": 3.72259902954, "max": 36.262802124, "var": 39.8993988037, "mean": 14.7396774292}, "spectral_kurtosis": {"dmean2": 2.23675847054, "median": 5.08427143097, "min": -1.22607016563, "dvar2": 5.23413658142, "dvar": 2.03837227821, "dmean": 1.38934230804, "max": 22.9355106354, "var": 4.9236831665, "mean": 5.36040782928}, "spectral_rms": {"dmean2": 0.000910623231903, "median": 0.00413998728618, "min": 3.16893191375e-12, "dvar2": 9.0902994998e-07, "dvar": 4.66172650704e-07, "dmean": 0.00065149331931, "max": 0.0131633812562, "var": 3.22342020809e-06, "mean": 0.00409197621047}, "zerocrossingrate": {"dmean2": 0.0127732232213, "median": 0.065185546875, "min": 0.00732421875, "dvar2": 0.00026788393734, "dvar": 0.000206277749385, "dmean": 0.0109836077318, "max": 0.4931640625, "var": 0.00105603586417, "mean": 0.0669343322515}, "silence_rate_60dB": {"dmean2": 0.0547516606748, "median": 0, "min": 0, "dvar2": 0.0599625408649, "dvar": 0.0266201402992, "dmean": 0.0273704789579, "max": 1, "var": 0.0873980820179, "mean": 0.0967552810907}, "erbbands_kurtosis": {"dmean2": 1.96233820915, "median": 0.211237221956, "min": -1.63149952888, "dvar2": 10.9154872894, "dvar": 4.78627204895, "dmean": 1.2363294363, "max": 56.5874023438, "var": 8.83752727509, "mean": 0.990206599236}, "erbbands": {"dmean2": [0.00553332595155, 0.071047320962, 0.57951849699, 1.1767116785, 5.43156576157, 20.149105072, 14.8088598251, 12.0553379059, 22.2466773987, 36.7476387024, 19.3766670227, 19.7905406952, 19.9344520569, 48.0601654053, 51.765045166, 34.5552368164, 25.4269676208, 18.2627773285, 39.5665168762, 44.2550888062, 23.8116283417, 9.48604393005, 10.4517688751, 16.0517158508, 12.6487722397, 11.6963272095, 9.90735530853, 4.04303979874, 1.7299836874, 1.57646620274, 1.56952917576, 1.59679973125, 1.15551745892, 0.76406532526, 0.391533464193, 0.213673368096, 0.0969619750977, 0.0147774387151, 0.00116116181016, 2.89122708637e-05], "median": [0.00200105062686, 0.0450272709131, 0.338426917791, 0.985038101673, 2.85685348511, 5.21302986145, 3.21448469162, 3.23298931122, 5.85518980026, 7.56098365784, 4.92544746399, 5.57808303833, 7.14374399185, 18.0606918335, 15.3905887604, 12.263053894, 12.2377262115, 10.5507240295, 20.9032783508, 19.8942737579, 12.8504924774, 6.35437774658, 7.524725914, 12.8918895721, 9.82766723633, 8.27962112427, 6.34086608887, 2.09720563889, 0.638097763062, 0.508618831635, 0.592896461487, 0.585940480232, 0.391080379486, 0.261370062828, 0.149212688208, 0.0707507580519, 0.0295967310667, 0.00536883994937, 0.000178202943061, 3.05383691739e-05], "min": [6.07864810588e-22, 6.59933861152e-21, 2.78261554735e-20, 5.58994763914e-20, 7.94109156181e-20, 1.31171755373e-19, 7.69411404247e-19, 9.99340679468e-19, 4.18767293688e-19, 1.09174409512e-18, 8.48700129779e-19, 2.0612821809e-18, 1.33140116944e-18, 2.43292801947e-18, 3.71741998317e-18, 1.70504806131e-18, 3.47173948302e-18, 7.8802419846e-18, 4.60914756687e-18, 1.03321111993e-17, 1.13532234793e-17, 9.29647197343e-18, 1.47720808922e-17, 1.01461312191e-17, 9.37292166e-18, 2.54589086449e-17, 1.84060342156e-17, 1.93561686088e-17, 2.24668077721e-17, 1.55426939314e-17, 1.59109646662e-17, 1.39470195164e-17, 1.1339253226e-17, 9.2396595546e-18, 9.85150602855e-18, 4.57880534123e-18, 3.00790953506e-18, 1.13467270096e-18, 3.51028723694e-19, 3.88095630445e-20], "dvar2": [0.000380174285965, 0.0136037860066, 0.892678499222, 4.73994922638, 164.185302734, 1693.7364502, 1532.12255859, 1064.65234375, 3768.09570313, 9059.24316406, 2901.39819336, 1967.84301758, 2158.15063477, 14407.8955078, 15118.5654297, 5847.28515625, 3468.60424805, 983.758972168, 4724.06005859, 8631.19824219, 2261.67358398, 436.430297852, 475.417480469, 883.010192871, 442.66796875, 397.655670166, 468.297088623, 92.0632781982, 25.4807243347, 14.850481987, 31.0563220978, 72.2352981567, 31.0240707397, 5.46025562286, 0.866120636463, 0.196210190654, 0.039336103946, 0.000906834728085, 8.06866864878e-06, 3.56566598469e-09], "dvar": [0.000144850244396, 0.00505313882604, 0.464951276779, 1.97041535378, 83.729309082, 814.490539551, 886.568115234, 452.617248535, 1544.03491211, 3857.96362305, 1429.01647949, 839.957214355, 890.926757813, 5658.10693359, 5833.27294922, 2104.78149414, 1285.93823242, 421.52835083, 1878.37573242, 3754.17285156, 982.654663086, 187.952377319, 189.69303894, 367.923187256, 194.804367065, 185.27835083, 212.857055664, 43.4358978271, 10.1117868423, 6.46028137207, 15.738409996, 34.0512428284, 15.2910661697, 2.70896673203, 0.436992377043, 0.0920309945941, 0.0170390103012, 0.000417028961238, 3.43781402989e-06, 1.52522228181e-09], "dmean": [0.00331555330195, 0.0432720147073, 0.383494198322, 0.764541625977, 3.64022493362, 13.6637706757, 10.2625694275, 7.22104167938, 14.102101326, 23.2910747528, 12.6941890717, 12.6636304855, 12.881608963, 29.7907619476, 32.0342826843, 21.3844203949, 15.8760213852, 11.7500858307, 24.8639431, 29.0908908844, 15.3947019577, 6.22049427032, 6.85184574127, 10.5160980225, 8.46329212189, 8.04744625092, 6.62203073502, 2.68008232117, 1.13836991787, 1.1104683876, 1.09369564056, 1.10953402519, 0.789437294006, 0.523504972458, 0.260292679071, 0.138471782207, 0.0616871453822, 0.00943689234555, 0.000721569173038, 1.9005183276e-05], "max": [0.422595083714, 1.27587461472, 16.222278595, 32.8498573303, 400.792785645, 640.772949219, 1084.45715332, 673.975646973, 1565.62011719, 1263.62573242, 1258.50170898, 606.732727051, 677.666015625, 1501.59313965, 1412.44848633, 757.930419922, 831.289978027, 480.487731934, 977.74609375, 1170.59448242, 666.332885742, 379.558258057, 381.786804199, 444.201568604, 289.585601807, 165.981414795, 338.780578613, 138.196594238, 65.4100646973, 39.5331687927, 123.954299927, 211.952301025, 163.862258911, 34.2032699585, 15.7277460098, 8.62083625793, 3.16536140442, 0.480918943882, 0.044291947037, 0.000863379915245], "var": [0.000147589598782, 0.010585879907, 2.37797617912, 7.60189771652, 203.459945679, 2153.9453125, 2727.76855469, 744.265563965, 3110.25537109, 6856.66064453, 2803.40234375, 1676.0982666, 1945.38598633, 11286.9140625, 12981.0058594, 5610.16162109, 2397.90454102, 1142.33105469, 5024.45605469, 9802.37792969, 2140.82446289, 338.921508789, 314.359588623, 771.88269043, 488.084594727, 411.518035889, 393.322906494, 72.2714309692, 12.2339363098, 9.55066013336, 28.3329048157, 45.6934623718, 22.9203090668, 5.46708917618, 0.802589476109, 0.141852080822, 0.0270776934922, 0.000761513016187, 6.05147988608e-06, 3.26001559081e-09], "mean": [0.00424563512206, 0.0809988230467, 0.915894627571, 1.99692618847, 6.87714576721, 23.3716812134, 18.0254497528, 9.45097732544, 20.9461669922, 33.0829620361, 19.1491107941, 19.6222019196, 21.3825035095, 49.8714332581, 53.7288665771, 40.9111747742, 27.7530784607, 22.4092693329, 47.0246124268, 53.7658004761, 29.1964645386, 12.1275043488, 13.0384044647, 22.0219402313, 17.5060539246, 15.4293603897, 12.1124839783, 4.44938230515, 1.69339120388, 1.59013307095, 1.66333353519, 1.67279601097, 1.31377482414, 0.896486639977, 0.393465250731, 0.190612047911, 0.0845479890704, 0.0145783126354, 0.00100346643012, 4.59826733277e-05]}, "spectral_strongpeak": {"dmean2": 1.16389346123, "median": 0.89550191164, "min": 0, "dvar2": 2.36171913147, "dvar": 0.959936499596, "dmean": 0.699828386307, "max": 10.6655282974, "var": 1.74699640274, "mean": 1.32258486748}, "spectral_energy": {"dmean2": 0.00898681022227, "median": 0.0175679828972, "min": 1.0293183511e-20, "dvar2": 0.000138426781632, "dvar": 6.70422232361e-05, "dmean": 0.00625455705449, "max": 0.177606478333, "var": 0.000264683854766, "mean": 0.0204669013619}, "average_loudness": 0.912296175957, "spectral_rolloff": {"dmean2": 752.002380371, "median": 1679.58984375, "min": 64.599609375, "dvar2": 1319369.875, "dvar": 663003.625, "dmean": 458.902587891, "max": 18970.7519531, "var": 1678265.5, "mean": 1728.01623535}, "spectral_centroid": {"dmean2": 391.323913574, "median": 1435.32470703, "min": 215.181518555, "dvar2": 161817.5625, "dvar": 86140.4375, "dmean": 264.372161865, "max": 11326.6621094, "var": 415016.375, "mean": 1462.49389648}, "pitch_salience": {"dmean2": 0.115401223302, "median": 0.523703277111, "min": 0.0793329179287, "dvar2": 0.00977984257042, "dvar": 0.00425009801984, "dmean": 0.0731715857983, "max": 0.988927423954, "var": 0.0131491925567, "mean": 0.514810323715}, "spectral_energyband_middle_high": {"dmean2": 0.00362841668539, "median": 0.00498763099313, "min": 1.48210237715e-21, "dvar2": 2.8243930501e-05, "dvar": 1.20513459478e-05, "dmean": 0.00245071551763, "max": 0.051019679755, "var": 5.10150239279e-05, "mean": 0.00716691836715}, "spectral_contrast_coeffs": {"dmean2": [0.0840300545096, 0.0838642865419, 0.0699786171317, 0.0512146428227, 0.0381081365049, 0.0332036390901], "median": [-0.572605729103, -0.708912611008, -0.715649843216, -0.736693561077, -0.766762018204, -0.795937776566], "min": [-0.955261945724, -0.982833683491, -0.984230399132, -0.979887485504, -0.97954761982, -0.958402633667], "dvar2": [0.00444459961727, 0.00432203803211, 0.00294803199358, 0.00164572463837, 0.000975436239969, 0.000997326686047], "dvar": [0.00180246459786, 0.00174515333492, 0.00117198342923, 0.000671040732414, 0.000415043585235, 0.000440550909843], "dmean": [0.0520096607506, 0.0520495213568, 0.0432254113257, 0.0325330719352, 0.0241487212479, 0.0212017931044], "max": [-0.227745369077, -0.384447485209, -0.457705974579, -0.550457596779, -0.597716629505, -0.602379202843], "var": [0.011546144262, 0.00709198834375, 0.00573456287384, 0.00358291668817, 0.00162031257059, 0.00208686338738], "mean": [-0.56734007597, -0.701265692711, -0.716441333294, -0.737511217594, -0.769275128841, -0.78953486681]}, "melbands_skewness": {"dmean2": 1.02289903164, "median": 1.64114427567, "min": -0.863972008228, "dvar2": 1.49418020248, "dvar": 0.689097046852, "dmean": 0.682886481285, "max": 23.6272850037, "var": 2.82499742508, "mean": 2.00701546669}, "spectral_spread": {"dmean2": 892829.6875, "median": 4270465, "min": 2228352.5, "dvar2": 1195517935620.0, "dvar": 704701923328, "dmean": 617637.75, "max": 40365344, "var": 2105250021380.0, "mean": 4534765}, "dissonance": {"dmean2": 0.0335796326399, "median": 0.466242671013, "min": 0.321440756321, "dvar2": 0.000910392322112, "dvar": 0.000335265125614, "dmean": 0.0200490392745, "max": 0.499903261662, "var": 0.000784166913945, "mean": 0.45994412899}, "spectral_skewness": {"dmean2": 0.313901335001, "median": 1.68511915207, "min": -0.0332282744348, "dvar2": 0.0832243263721, "dvar": 0.0354834906757, "dmean": 0.203844889998, "max": 3.79355549812, "var": 0.145739302039, "mean": 1.69140911102}, "spectral_flux": {"dmean2": 0.0304478816688, "median": 0.0667717605829, "min": 1.01455330248e-10, "dvar2": 0.00100351998117, "dvar": 0.000421325617936, "dmean": 0.0193651746958, "max": 0.286131978035, "var": 0.0013161781244, "mean": 0.069538064301}, "spectral_contrast_valleys": {"dmean2": [0.717414081097, 0.622264921665, 0.515128314495, 0.434721946716, 0.36134031415, 0.43193924427], "median": [-8.09439086914, -7.1371011734, -7.50036811829, -7.77012777328, -7.51938533783, -10.0903625488], "min": [-27.3909244537, -27.4371490479, -27.4725437164, -27.3460464478, -27.2466983795, -27.321969986], "dvar2": [0.317206025124, 0.257349491119, 0.181547403336, 0.147769838572, 0.121454127133, 0.200233876705], "dvar": [0.132084861398, 0.119131200016, 0.0937155708671, 0.0854412093759, 0.0825421065092, 0.137690037489], "dmean": [0.440448313951, 0.391704261303, 0.330392301083, 0.291860491037, 0.273482114077, 0.346789687872], "max": [-6.17875099182, -4.95032310486, -5.40286493301, -5.47392177582, -5.52635526657, -7.70497512817], "var": [0.709118306637, 0.881423413754, 0.929556906223, 0.933992624283, 0.971732258797, 1.07871448994], "mean": [-8.2060585022, -7.2026181221, -7.59548377991, -7.86143636703, -7.65781831741, -10.2774038315]}, "erbbands_flatness_db": {"dmean2": 0.0287849418819, "median": 0.168089866638, "min": 0.0282591637224, "dvar2": 0.000629024230875, "dvar": 0.000309134018607, "dmean": 0.0198822803795, "max": 0.345187157393, "var": 0.00130058755167, "mean": 0.168460950255}, "spectral_energyband_high": {"dmean2": 0.000459787697764, "median": 0.000407614104915, "min": 7.49334677417e-21, "dvar2": 9.39043388826e-07, "dvar": 4.73226720032e-07, "dmean": 0.00032870969153, "max": 0.0175281111151, "var": 9.57455995376e-07, "mean": 0.000671508139931}, "spectral_entropy": {"dmean2": 0.252794921398, "median": 7.49080467224, "min": 4.97527170181, "dvar2": 0.058506809175, "dvar": 0.0324711687863, "dmean": 0.182469576597, "max": 9.78544139862, "var": 0.144363611937, "mean": 7.45775508881}, "silence_rate_20dB": {"dmean2": 0, "median": 1, "min": 1, "dvar2": 0, "dvar": 0, "dmean": 0, "max": 1, "var": 0, "mean": 1}, "melbands_flatness_db": {"dmean2": 0.036672424525, "median": 0.169469699264, "min": 0.000501118483953, "dvar2": 0.00116109033115, "dvar": 0.000621011422481, "dmean": 0.0263069160283, "max": 0.495278954506, "var": 0.00386855867691, "mean": 0.180539309978}, "barkbands": {"dmean2": [4.2331233999e-05, 0.00024392605701, 0.00060559384292, 0.000525099458173, 0.00443966593593, 0.00136558315717, 0.00203359010629, 0.00121265510097, 0.000841640052386, 0.00111284363084, 0.00122839875985, 0.00110450398643, 0.000536043662578, 0.000540285254829, 0.00084328930825, 0.000555712438654, 0.000175398628926, 0.000244621798629, 0.000311158772092, 0.00022520130733, 0.00017367345572, 4.99673478771e-05, 5.43779606232e-05, 7.11267784936e-05, 6.00359744567e-05, 4.75720589748e-05, 6.52303424431e-06], "median": [7.84887743066e-06, 0.000138682051329, 0.000307674228679, 0.00023459669319, 0.00151685113087, 0.000298083235975, 0.000426306505688, 0.000135251524625, 0.000217275155592, 0.00037027799408, 0.00021721397934, 0.000236213469179, 0.000195960426936, 0.000208688376006, 0.000398570380639, 0.000243447226239, 9.3077942438e-05, 0.000153161527123, 0.000235351064475, 0.000150090039824, 9.9538374343e-05, 1.74509041244e-05, 2.00665763259e-05, 2.62779358309e-05, 2.39115688601e-05, 1.66255977092e-05, 1.24055623019e-06], "min": [1.00680187409e-23, 2.73231219973e-23, 2.30272442539e-23, 1.61568006171e-23, 5.38958479471e-23, 1.2836780101e-22, 4.81950120869e-23, 1.72888586146e-23, 9.60844068374e-23, 5.37873133084e-23, 9.70439709316e-23, 4.41397495413e-23, 8.48453161941e-23, 1.59545805416e-22, 6.58789669527e-23, 2.60794789937e-22, 1.76042111257e-22, 2.83300373096e-22, 1.8199216721e-22, 4.60593289582e-22, 4.26365208128e-22, 6.02828217698e-22, 5.08612325734e-22, 6.87697079813e-22, 1.12542476274e-21, 1.4734855422e-21, 2.4729598388e-21], "dvar2": [1.3070168059e-08, 2.3850202524e-07, 1.08059555259e-06, 1.41522377817e-06, 7.75915686972e-05, 1.18359339467e-05, 2.65268754447e-05, 1.06114466689e-05, 3.22549090015e-06, 8.0424351836e-06, 1.1417720998e-05, 6.33055697108e-06, 1.37338997774e-06, 1.18789068893e-06, 2.15328327613e-06, 1.09005088689e-06, 1.51509055968e-07, 2.07881839742e-07, 3.12125536084e-07, 1.52242563445e-07, 1.46165092474e-07, 1.91527789184e-08, 2.82071628277e-08, 1.39122633414e-07, 2.66564672557e-08, 8.71020500171e-09, 2.27454222124e-10], "dvar": [6.27685770027e-09, 8.62419469172e-08, 5.57299188131e-07, 5.62119794267e-07, 3.98027332267e-05, 5.39129450772e-06, 1.0381671018e-05, 4.92168874189e-06, 1.32340812797e-06, 3.15397528539e-06, 4.41730890088e-06, 2.35231823353e-06, 5.22598895714e-07, 4.8382719342e-07, 8.94195295587e-07, 4.73284529789e-07, 6.51949179087e-08, 8.42743688168e-08, 1.28401040911e-07, 7.06789862193e-08, 6.71105624406e-08, 7.64043939228e-09, 1.43294913713e-08, 6.78153071476e-08, 1.31649757762e-08, 4.00148403301e-09, 1.00870797826e-10], "dmean": [2.66851075139e-05, 0.000146436912473, 0.000398911477532, 0.00034278590465, 0.0030812388286, 0.000837184605189, 0.0012870732462, 0.000786836899351, 0.000534710765351, 0.000703944882844, 0.000772369327024, 0.000675147923175, 0.000334179261699, 0.000346329703461, 0.000542534224223, 0.000356396572897, 0.000112080495455, 0.000159064744366, 0.000201934526558, 0.000154558569193, 0.000115623632155, 3.28093483404e-05, 3.8299098378e-05, 4.89935482619e-05, 4.08759078709e-05, 3.06300535158e-05, 4.08360938309e-06], "max": [0.0025216685608, 0.00862873531878, 0.0234684776515, 0.0156417600811, 0.15621471405, 0.0675214901567, 0.0825166553259, 0.0492193549871, 0.0222302209586, 0.0337876155972, 0.03702442348, 0.0277362130582, 0.0153798330575, 0.0195645727217, 0.01368389278