{"tonal": {"thpcp": [1, 0.715350210667, 0.365540415049, 0.239995464683, 0.184045955539, 0.271010220051, 0.377335131168, 0.297919660807, 0.180211961269, 0.158572584391, 0.166121304035, 0.2026476264, 0.214944213629, 0.215726047754, 0.298237502575, 0.386333882809, 0.364733666182, 0.270220547915, 0.2063344419, 0.219107076526, 0.496473401785, 0.715329527855, 0.520342051983, 0.356127083302, 0.300556719303, 0.214895188808, 0.183724194765, 0.196395561099, 0.226482525468, 0.367863327265, 0.654342710972, 0.640040755272, 0.360708981752, 0.239404469728, 0.287592321634, 0.68078738451], "hpcp": {"dmean2": [0.2042196244, 0.200773775578, 0.176607444882, 0.156239211559, 0.166162237525, 0.239118859172, 0.291101008654, 0.271278709173, 0.267121315002, 0.222378507257, 0.169640868902, 0.151049539447, 0.163107797503, 0.190570116043, 0.218370869756, 0.249650076032, 0.28131043911, 0.259106636047, 0.207379296422, 0.241462796926, 0.331770241261, 0.36353379488, 0.388343691826, 0.299239248037, 0.212538719177, 0.161719426513, 0.181433036923, 0.206813797355, 0.194523602724, 0.139914661646, 0.115520812571, 0.117217853665, 0.138293206692, 0.139659821987, 0.145834505558, 0.181905031204], "median": [0.0817238539457, 0.0739676505327, 0.0440621599555, 0.0300903767347, 0.0359268710017, 0.130112394691, 0.173673808575, 0.126800104976, 0.0583531111479, 0.0481634885073, 0.0315495207906, 0.0255182422698, 0.0287821963429, 0.0317696928978, 0.0703771710396, 0.108556836843, 0.103260710835, 0.0591148734093, 0.0322434976697, 0.0459967590868, 0.174556046724, 0.328216433525, 0.220781683922, 0.0664788633585, 0.034157011658, 0.0214079134166, 0.0508474595845, 0.0800635665655, 0.0589086487889, 0.0256775375456, 0.0186740122736, 0.0217533577234, 0.0346748530865, 0.0360686928034, 0.0327235758305, 0.0550190024078], "min": [0.000437095441157, 0.000520069617778, 0.000351381168002, 0.00035741031752, 0.00060356647009, 0.00111201277468, 0.000816131883767, 0.000655288575217, 0.000417036324507, 0.000323396729073, 0.000293581164442, 0.000292914395686, 0.000289174902719, 0.000413175555877, 0.00048414999037, 0.000148232837091, 0.000171149222297, 0.000306575529976, 0.000253780250205, 0.000199209825951, 0.00058076530695, 0.000813564867713, 0.00115319318138, 0.000266881135758, 0.000178278321982, 7.04363264958e-05, 0.000244079186814, 0.000398819538532, 0.000311455776682, 0.000187388257473, 0.000152715976583, 0.000579976243898, 0.000968617736362, 0.000970075489022, 0.000640997721348, 0.000456251669675], "dvar2": [0.0758856609464, 0.0765371546149, 0.0608733445406, 0.0696162283421, 0.0694305598736, 0.0867540836334, 0.118243657053, 0.103596828878, 0.130733370781, 0.107067771256, 0.0742201060057, 0.0767571628094, 0.085763938725, 0.106181941926, 0.084878988564, 0.095358133316, 0.118697784841, 0.116439051926, 0.0945602282882, 0.105610534549, 0.126165255904, 0.137456864119, 0.151067122817, 0.132781565189, 0.09833098948, 0.0751927047968, 0.0668293237686, 0.070157751441, 0.070845477283, 0.0524132996798, 0.0406611450016, 0.0417812019587, 0.0525737293065, 0.05085811764, 0.0538420341909, 0.0712554380298], "dvar": [0.0298913344741, 0.0300441645086, 0.0241798497736, 0.0255409497768, 0.0255890581757, 0.0334326848388, 0.0509173125029, 0.0400876700878, 0.0499845407903, 0.0399295575917, 0.0268731825054, 0.0273663718253, 0.0307606458664, 0.0378912314773, 0.0329856574535, 0.0458834692836, 0.0516286790371, 0.0453928075731, 0.0356002822518, 0.0394628532231, 0.052939478308, 0.0659973323345, 0.0593971163034, 0.0494511425495, 0.0355955585837, 0.0272705741227, 0.0246570818126, 0.0282477792352, 0.0252518765628, 0.0189319252968, 0.0152654377744, 0.0158180538565, 0.0197215620428, 0.0195323489606, 0.0200885534286, 0.027479192242], "dmean": [0.122136473656, 0.11803714931, 0.103126809001, 0.0879209414124, 0.0946163833141, 0.142390906811, 0.17367297411, 0.159551203251, 0.1525529176, 0.12696005404, 0.095732986927, 0.0842019319534, 0.0911613553762, 0.106337949634, 0.1289126724, 0.151191934943, 0.167567774653, 0.149768665433, 0.116839691997, 0.134733736515, 0.193193331361, 0.219589024782, 0.224784210324, 0.170303493738, 0.118537120521, 0.0907140001655, 0.105047173798, 0.123552136123, 0.111490644515, 0.0795919671655, 0.0661282688379, 0.0676638111472, 0.0799022838473, 0.0813616216183, 0.0845742896199, 0.106253392994], "max": [1, 1, 1, 1, 1, 1, 1, 1, 1, 1, 1, 1, 1, 1, 1, 1, 1, 1, 1, 1, 1, 1, 1, 1, 1, 1, 1, 1, 1, 1, 1, 1, 1, 1, 1, 1], "var": [0.05073710531, 0.0493775047362, 0.0354859381914, 0.0257288198918, 0.0249530859292, 0.0542480275035, 0.112437441945, 0.0619768835604, 0.0555933639407, 0.0417038053274, 0.0262871403247, 0.0246076062322, 0.0264459755272, 0.0322615206242, 0.044900547713, 0.124651730061, 0.116738937795, 0.0526088997722, 0.0333721265197, 0.0389052554965, 0.101708315313, 0.150409340858, 0.0886940956116, 0.0523426756263, 0.0321448482573, 0.0233128145337, 0.0276127886027, 0.0461891256273, 0.0323846787214, 0.0196563191712, 0.0175258032978, 0.0187316033989, 0.0225525386631, 0.0246454123408, 0.0253675058484, 0.0390780754387], "mean": [0.17247416079, 0.162830993533, 0.120636746287, 0.0921155512333, 0.0978177413344, 0.221644625068, 0.319350332022, 0.232300505042, 0.158988684416, 0.134179964662, 0.0959373936057, 0.0820214748383, 0.0876784548163, 0.101110421121, 0.164228200912, 0.292123496532, 0.285738557577, 0.161034226418, 0.106879271567, 0.128392159939, 0.303929418325, 0.446438074112, 0.319359570742, 0.163191154599, 0.107143111527, 0.0821651220322, 0.120989285409, 0.168456763029, 0.13300268352, 0.0804534777999, 0.0707928389311, 0.0741628780961, 0.0904696136713, 0.0959592834115, 0.0963083207607, 0.133144572377]}, "tuning_equal_tempered_deviation": 0.0894386991858, "chords_changes_rate": 0.0752032548189, "key_key": "A", "tuning_diatonic_strength": 0.540161252022, "key_scale": "minor", "chords_number_rate": 0.00365853658877, "tuning_frequency": 440.763122559, "tuning_nontempered_energy_ratio": 0.721549093723, "chords_histogram": [4.51219511032, 0.12195122242, 8.08943080902, 2.6422765255, 19.5934963226, 7.39837408066, 0, 5.24390220642, 1.42276418209, 46.3821144104, 0.406504064798, 0, 0, 0, 0, 0, 0.0406504049897, 0, 0, 0, 0, 0, 4.14634132385, 0], "key_strength": 0.640435755253, "chords_key": "E", "chords_strength": {"dmean2": 0.0111637786031, "median": 0.476786494255, "min": 0.236208975315, "dvar2": 9.30009628064e-05, "dvar": 8.6356922111e-05, "dmean": 0.0119455922395, "max": 0.702880620956, "var": 0.00739277945831, "mean": 0.475127488375}, "chords_scale": "major", "hpcp_entropy": {"dmean2": 1.22907781601, "median": 2.20333695412, "min": 0.0422184541821, "dvar2": 0.974680483341, "dvar": 0.372998684645, "dmean": 0.746492683887, "max": 4.54245138168, "var": 0.808694243431, "mean": 2.21449637413}}, "metadata": {"audio_properties": {"equal_loudness": 0, "codec": "flac", "downmix": "mix", "sample_rate": 44100, "analysis_sample_rate": 44100, "bit_rate": 0, "md5_encoded": "fc24ce00eb46a857f50f138ac7c31c3c", "length": 114.173332214, "replay_gain": -11.4257888794, "lossless": true}, "version": {"essentia_build_sha": "cead25079874084f62182a551b7393616cd33d87", "essentia": "2.1-beta2", "extractor": "music 1.0", "essentia_git_sha": "v2.1_beta2-1-ge3940c0"}, "tags": {"title": ["Dead Cats, Dead Rats"], "barcode": ["4670001546706"], "media": ["CD"], "albumartist": ["The Doors"], "tracktotal": ["21"], "language": ["English"], "musicbrainz_recordingid": ["0cd36a12-0be5-4f1c-a595-e8c1643e32da"], "musicbrainz_albumartistid": ["9efff43b-3b29-4082-824e-bc82f646f93d"], "musicbrainz_releasetrackid": ["65034226-3a96-3961-b48d-bdca86f1cce1"], "discnumber": ["01"], "album": ["Absolutely Live"], "catalognumber": ["4670001546706"], "releasecountry": ["RU"], "file_name": "12 Dead Cats, Dead Rats.flac", "acoustid_fingerprint": ["AQADg0kSJZkUJckSBfJ0mMczjfgLST7Ai4cf3Ax6FSdpfGguHX2gMy-OUE3xC551XBFCcjl04hyD8IdfeFFR7kLfo9Gk4ZeK-IOWRwkV1MiPm0RzKajUI8--4FkCLaXQkxLy4zgPmjkuIWcNLaGkqAhP4bjwHaeIlIccI1-JFy--FI0V5ah95Dv0MT3-I4_64ZlcoQl3hMehG4_wI8ump_CU8EUahTR-6MaUDs9xCboihNfh4z2cMg62KjmuY9KWpdgdJM-ROznssvhZ4UueAMdP9Mf5EX094lQeIYx6SDlnnEmW4tDMI_3hSFSKKmE2Bs-JH81Ooz-aI9klKkMu5cF3MMvxiRK2aMlCnEd4IumH64yxHrmWI-GNf-DxJ2guXZjkHDiShaOF8Dza-Gge5ILamkg19SGuXjjxXsKU86iPL0uIqVF2NAd2PkhKhUd-NPrRRTqeR1h3lM_RUMHMzPiM5hfK6biu40cz6-hbfDrOCxeHD3myKxk06UPqHH0W_MSeKceZe2jOI2yo4EnEBf51fNoRHS-aUDnCRamHvwl0Es_hXMIfnNGHx2ESQ8uI8LglH_Of4JF45MxyvCgLZ28yVBk__MkRH6cQLlbQLHvwHPvx45mLZ1maoOQHLSdO7CjXbEKTUccffAIaRkwTyM6qICQJvGiuFJXzMMhJIXkeot7hR-gtPMGFM-vRhOi0qEMOXUc-4bnwGL0UNJOP-8af4nSO58gbaJl0hF20HdeD53GIfwhzCRqZfcjRzEd_4sdxKUKjJO_wJ-ge3ET-Q8tSGaG3NMF-PByqeNjCT8SzB-WGZN-RXjh8PSIqmhK6PETzI8-PRusHpWWKe4QmH3lwfsGU5xrKHNd0RPzx1CgTpyG2-UJ__CitFGKmPJgWRsh__LhDgslIh3h0DTFBfclxnpiiPPjO4RqPPsEfPPFTeKJCpI9y9OnwHN8TXMkVhIlDaOQRXTo-ThOxSz-ao5q0cDiHx5mGfwuc43hzNKEs_PAiNwg_nESVzNCVSA0uy0Weoz9eVHowJUmUXAl-3DmSejny446QJ2QDz8pK6D6eJSdCLaJDlA8j1B_C5EfyH9PRVDke7sPzEM_yoclzlCWPXLi04D6-Q2OWeUjf4xJ64hnWPMOV0cOfIMyhyVnwH80b6Dc4bSOFMj0q4uXhToKOkD7OCZUeNI-OizjxI5sYKgryZMlRGb4S9Au-YX6aDKOiyETnoRkeXcQvB6GkttByHXmIH8_yBF-OJif64DpeXJEn4nmCZLERHiP-xPCyrETO4FMH7QyazyizB-Io5FbQWAuHD1c2DWWUIMzIHMmFMV4UhfgtNMzR5zga_gifE0lFPcLzBF_K41JGlMvRHBdz_LhwZynCKj6aOjhkRTneMMOlrAl6emgqBs9xjUFTpwEzMcfl4C0uiUXLxRCPcGmU42LxItZTgyIf3ILOoM-HnsLfYMrzCa164RbyB65oIA-hU0b4B811ZTieHSULcxkqHXcu5DzURgr-I5eG5yWmWZMihDmHK4eO3JPQjHmE1ke-JArk8ngzInwDKxkt5MlR_sQ9dGGDMIwyx_hROTsurSO8-Am-TQjl7NA2HZGy44mSB48cfDrWOcLMHJWyw5eDWkuDdy7WMrhslMm8IAz6Bn2GT8eV4s-U4w_RJA9CD6E0PoKXGzqKbzkqisaZD1YSfdB5PBo0FeEFT2pTlFl2PEL_wpMdtApzXM2NXkeqQxGr44rQ5eEQmiIuTVzQnjpST0Fo5dhTXIkyEr9gu_hc4rkwUzoeLjNqT8OpC_fh7hJ6j_iFXNGHklF8aDmeDB_WSFfQzoQ49chxI5emQ_KkI1fQiOlx5bie4p-DJpKjo5zAO0ePSOGSB8m5GL9yPMlxqUfDoewi48ePKx_aOIiUUYLOI7pk_MNFhfikPAgprULCPEe9ScVzXE9wbUaYQ3sk5BKxqhb6PcHFRfB0EqH2btCP_A18D7suPEc5w9qFynvwRNRQ8eg_PA-eLBLhHsETJYPSfuAThM-FvMHdw48F5m2CZjnKOugFh07x9MGjB9ppBDuaLW0xMcyDXDZ-SNzxLEGjOyg1fbig6fAT-LzgOpCugNVhPH3w54N2BnmOO6iuHI1-5K2gnkbDBKGo5Aqe7gmeIxekxA0R4tkT3MmHGzeOkMezXRDF5Oh7qM6JvUmFMqeCZg2Oi-iUC44ZJgnKRcqIR_iDZisPbb1wRXmE_ziq_zAro3yTQM9xIf5haVKMOzr-4cejo_ooodEjxKJ0vLih6UGzC7nYJcJ_vKjxHE9GR0gVZpaR7MUdXL0CL3IT4xlePBkqkZkOJwnzBD3z4FGQQ31g3SFiZVEs4uw64S56BdV7PKGeCGG4FMms4wlORnAVqfh0_McVGXmYCt0oR5jyZMh75MchRzITVE2OMDd-fHi0IyQP8VEyhLKEN8evHBNXB16Wo5_wEScia1FKPNQT9HzQXDkUUnnwSkG5OhmaKNSV4T2u4AoqkT7MKFJDaAu1I3b24Ea-hkM5zdCSOXgoBT_2MMVlR0WycLlRUgr24WyCrk-KWMyFMlIG7fCH3EI6dgpa8tCOhs_xRk4w-sNJD3mQC80YEs-eDL-GT8fLBD4hlkJfa7iUheiSGY6DHr0Sp9Ay7ziuw7rwF_3hL0Pz41kUGbcy_BEqh8UF5Ufz5TjphPhyOCc-Cf_RPHnQjg--4NAy9Dl-jLlI_EmO5wDIlQMMOAAUQ4AAgKgDSAiJiGKEACYAQA4BSYBgEkhiIAGYJOKAYJAAwRgQAhhDhLAGOwcsIQ5AZZkCABSCBHBIGGIIAhBIBQAAQGAFmDFQGYOIEMgIAxgQyElJCEQKAYqBAcYSwggQAgBDBBCSAGiAQMgIwwgAAgKjkAHUAIEIBMoBgJhAyAlCgECCACMMsUYARi1BgBgCBAAGCKCEIAAYhJiCwAlADHKCCKIoIQIARBWTRChAFCNgEKCIYIAhxwAQQDgChChEACQIkIAAAZAEFBAjGFYCCKAUAYIQSQAAkBEAgGACOWMAAAIRIgATAgCiAFMEAAYAYgAJIQQgABBmiABWQIgsEUAKJagAUCAhtJCAMAGEEMgQYo0ABggBkOAGCAEAQFoJIAESgihFnAAICAcAs4wBIRQIxggAgKKECGKMYogAJggBSglhAIOAEIEAMA0IAwQwgEmNGDAEAEgBEUwAQQAQAilBCBJKESKQAIwoggQQVCAIiCIAUEGEQgIhQgQSDCkhFHECAYKEJYIpQSUBBAgBABHACQKAUoQAw4CSghICACDKCyMAAMIBIREFhAhgARDEASGUIoNIJQAwAgkBACAAkAEEMIgQRZUTRCDBBCVAGCCkMQQKAQQAAABghAAEGMEcAMIRo5QFAgAhhDHAMGKEMABBRYAwBgABgAFACOOQAAQIJAAwyBEDhJKOEIEEEAJYYBgwwghCCCBAAAIBMQIYCKwxEEAhkXGAEOAoEAIQ4KgSQgAmESGIIAGAUNAYYJxARiBBDDFQOQIQEAoIQIRiBAhBDBCAAqgEEMgJYAkRJBAAtDREEGIEVcQIpoSAglghGBDWGcAIkIQohIwQghgCBCAMEOGMMIwAQAADAA"], "date": ["2008-11-10"], "genre": ["Acid rock"], "disctotal": ["01"], "discsubtitle": ["Medley"], "musicbrainz_artistid": ["9efff43b-3b29-4082-824e-bc82f646f93d"], "musicbrainz_albumid": ["8917a43a-dd34-41bb-a364-d84557d6f403"], "artist": ["The Doors"], "artistsort": ["Doors, The"], "tracknumber": ["12"], "label": ["\u0424\u0438\u0440\u043c\u0430 \u0433\u0440\u0430\u043c\u0437\u0430\u043f\u0438\u0441\u0438 \u00ab\u041d\u0438\u043a\u0438\u0442\u0438\u043d\u00bb"], "albumartistsort": ["Doors, The"], "acoustid_id": ["402a7b00-c4bd-4036-abfa-4cc8e41f05cd"], "script": ["Latin"], "musicbrainz_releasegroupid": ["f02e01d9-a8a7-3530-bd4f-bc5b60f3b777"]}}, "rhythm": {"bpm_histogram_first_peak_bpm": {"dmean2": 0, "median": 92, "min": 92, "dvar2": 0, "dvar": 0, "dmean": 0, "max": 92, "var": 0, "mean": 92}, "bpm": 92.2063293457, "bpm_histogram_second_peak_spread": {"dmean2": 0, "median": 0.5, "min": 0.5, "dvar2": 0, "dvar": 0, "dmean": 0, "max": 0.5, "var": 0, "mean": 0.5}, "bpm_histogram_first_peak_weight": {"dmean2": 0, "median": 0.710227251053, "min": 0.710227251053, "dvar2": 0, "dvar": 0, "dmean": 0, "max": 0.710227251053, "var": 0, "mean": 0.710227251053}, "onset_rate": 4.93013143539, "beats_position": [0.568888902664, 1.13777780533, 1.70666658878, 2.27555561066, 2.85605430603, 3.43655323982, 4.01705217361, 4.59755086899, 5.17804956436, 5.74693870544, 6.32743740082, 6.8963265419, 7.46521520615, 8.04571437836, 8.59138298035, 9.17188167572, 9.78721046448, 10.3909292221, 11.0062580109, 11.6215867996, 12.2369155884, 12.840634346, 13.4907932281, 14.117732048, 14.7330608368, 15.3716096878, 15.9985485077, 16.637096405, 17.2756462097, 17.9141941071, 18.5411338806, 19.1680717468, 19.7950115204, 20.4219493866, 21.0604991913, 21.7106571198, 22.3724250793, 23.010974884, 23.6611328125, 24.3112926483, 24.9614505768, 25.6116104126, 26.2617683411, 26.9003162384, 27.5388660431, 28.1890239716, 28.8391838074, 29.4893417358, 30.1394996643, 30.7896595001, 31.4398174286, 32.0899772644, 32.7401351929, 33.3902931213, 34.028842926, 34.6673927307, 35.3175506592, 35.9561004639, 36.5946464539, 37.2564163208, 37.9181861877, 38.5683441162, 39.2185020447, 39.8570518494, 40.5188217163, 41.1689796448, 41.8191375732, 42.4692955017, 43.1194534302, 43.7696151733, 44.4313812256, 45.0815429688, 45.743309021, 46.3934669495, 47.0436286926, 47.6937866211, 48.3439445496, 48.9824943542, 49.6210403442, 50.2712020874, 50.9213600159, 51.5599098206, 52.2216758728, 52.871837616, 53.510383606, 54.1489334106, 54.7990913391, 55.4608612061, 56.122631073, 56.7727890015, 57.4113349915, 58.0614967346, 58.7000427246, 59.3385925293, 59.9887504578, 60.6505203247, 61.3006782532, 61.9624481201, 62.6242179871, 63.2743759155, 63.9361457825, 64.5979156494, 65.2480697632, 65.8982315063, 66.5599975586, 67.2217712402, 67.8835372925, 68.5453033447, 69.1954650879, 69.8456192017, 70.4957809448, 71.145942688, 71.7960968018, 72.4462585449, 73.0964126587, 73.7465744019, 74.396736145, 75.0468902588, 75.697052002, 76.3472061157, 76.9973678589, 77.6475296021, 78.2976837158, 78.947845459, 79.5979995728, 80.2713851929, 80.9331512451, 81.5949172974, 82.256690979, 82.9184570312, 83.5686187744, 84.2187728882, 84.8805389404, 85.5423126221, 86.1924667358, 86.842628479, 87.5043945312, 88.1661682129, 88.8163223267, 89.4664840698, 90.116645813, 90.7667999268, 91.4169616699, 92.0671157837, 92.7172775269, 93.36743927, 94.0175933838, 94.667755127, 95.3179092407, 95.9680709839, 96.6182327271, 97.2799987793, 97.9417648315, 98.5919265747, 99.2420806885, 99.8922424316, 100.542404175, 101.204170227, 101.865936279, 102.527709961, 103.189476013, 103.851242065, 104.48979187, 105.139953613, 105.790107727, 106.44026947, 107.090431213, 107.740585327, 108.402359009, 109.064125061, 109.725891113, 110.387664795, 111.049430847, 111.711196899, 112.361358643, 113.023124695, 113.684898376], "beats_loudness": {"dmean2": 0.0199754796922, "median": 0.0102315600961, "min": 0.000857197621372, "dvar2": 0.000640082289465, "dvar": 0.000226829157327, "dmean": 0.0111467316747, "max": 0.0854634270072, "var": 0.000192872670596, "mean": 0.0152073502541}, "danceability": 1.12878990173, "bpm_histogram_second_peak_weight": {"dmean2": 0, "median": 0.0454545468092, "min": 0.0454545468092, "dvar2": 0, "dvar": 0, "dmean": 0, "max": 0.0454545468092, "var": 0, "mean": 0.0454545468092}, "beats_count": 177, "bpm_histogram_second_peak_bpm": {"dmean2": 0, "median": 103, "min": 103, "dvar2": 0, "dvar": 0, "dmean": 0, "max": 103, "var": 0, "mean": 103}, "bpm_histogram_first_peak_spread": {"dmean2": 0, "median": 0.188311696053, "min": 0.188311696053, "dvar2": 0, "dvar": 0, "dmean": 0, "max": 0.188311696053, "var": 0, "mean": 0.188311696053}, "beats_loudness_band_ratio": {"dmean2": [0.320773810148, 0.450823634863, 0.188314974308, 0.139008447528, 0.18830730021, 0.147469297051], "median": [0.165033459663, 0.3413374722, 0.0843460336328, 0.0520588643849, 0.0817443728447, 0.0899825617671], "min": [0.000488540215883, 0.00409052567557, 0.0031834342517, 0.0030596035067, 0.00696064485237, 0.0130641181022], "dvar2": [0.081692494452, 0.0999571681023, 0.0373753793538, 0.0275906939059, 0.0358621664345, 0.0269522182643], "dvar": [0.0295415502042, 0.0341881550848, 0.0128210643306, 0.0097339740023, 0.0135165741667, 0.00961247738451], "dmean": [0.180677980185, 0.244255319238, 0.105779461563, 0.0743394270539, 0.108479388058, 0.0854506418109], "max": [0.800797045231, 0.872861921787, 0.669277667999, 0.555514395237, 0.607907772064, 0.725167453289], "var": [0.034925788641, 0.0545748062432, 0.0119140986353, 0.00803781673312, 0.0200198534876, 0.0131029300392], "mean": [0.204841852188, 0.352627009153, 0.118747495115, 0.0827668830752, 0.1398191154, 0.12362973392]}}, "lowlevel": {"barkbands_spread": {"dmean2": 11.2017669678, "median": 26.1622619629, "min": 2.34884357452, "dvar2": 147.948684692, "dvar": 64.4022750854, "dmean": 7.25118350983, "max": 85.3619003296, "var": 182.498947144, "mean": 27.977060318}, "melbands_spread": {"dmean2": 16.9655799866, "median": 29.5246696472, "min": 2.13424348831, "dvar2": 416.323516846, "dvar": 205.317169189, "dmean": 11.0864248276, "max": 220.674057007, "var": 802.238708496, "mean": 36.5586891174}, "hfc": {"dmean2": 7.63283061981, "median": 5.98022842407, "min": 4.79890331917e-06, "dvar2": 159.110122681, "dvar": 76.3964233398, "dmean": 5.23785972595, "max": 156.095840454, "var": 360.560791016, "mean": 13.4294271469}, "barkbands_kurtosis": {"dmean2": 3.47910070419, "median": 0.546379089355, "min": -1.89250135422, "dvar2": 30.5261249542, "dvar": 13.5746269226, "dmean": 2.25259757042, "max": 50.5826873779, "var": 40.7480697632, "mean": 2.92504549026}, "gfcc": {"mean": [-35.6453552246, 58.1979370117, -120.791648865, 43.3468170166, -58.5300674438, 2.50942182541, -46.7877388, 5.82659816742, -31.241235733, -0.458419263363, -15.5398788452, -2.67578697205, -11.9731121063], "icov": [[0.000409937667428, -0.000198393841856, 0.000227162847295, 0.000209583697142, 0.000247136689723, 1.65201363416e-05, 0.000193956642761, -0.000223764131078, 0.000195440108655, -0.000729108753148, 0.000951264053583, -0.000709088577423, 0.000205585849471], [-0.000198393841856, 0.00175519508775, -0.000904693384655, 0.000299063918646, -0.00111827917863, 0.0015397091629, -0.00133685872424, 0.00169766403269, -0.00157300347928, 0.00242915935814, -0.002264641691, 0.00175240344834, -0.00063694419805], [0.000227162847295, -0.000904693384655, 0.00223161512986, -0.00187016127165, 0.00135645037517, -0.00147988286335, 0.00182565813884, -0.0007574086776, 0.00140018574893, -0.00137691397686, 0.00146197108552, -0.00240293564275, 0.00199796259403], [0.000209583697142, 0.000299063918646, -0.00187016127165, 0.00538629898801, -0.00172409112565, 0.000599004735705, -0.00101716327481, 0.00106902397238, -0.00163174921181, 0.000279144849628, 0.000592186348513, 0.000888849259354, -0.00191283738241], [0.000247136689723, -0.00111827917863, 0.00135645037517, -0.00172409112565, 0.00736240344122, -0.00267320475541, 0.000163711840287, -0.00217293598689, 0.000642129220068, -0.000696788076311, 0.00037877477007, 0.00012522682664, -0.000748525373638], [1.65201363416e-05, 0.0015397091629, -0.00147988286335, 0.000599004735705, -0.00267320475541, 0.00982494931668, -0.00463060801849, 0.000174001761479, 0.00101302727126, 1.2890567632e-05, -0.00109169294592, 0.000680333934724, 0.000222633243538], [0.000193956642761, -0.00133685872424, 0.00182565813884, -0.00101716327481, 0.000163711840287, -0.00463060801849, 0.0114510450512, -0.00442547537386, 0.00276885647327, -0.000711798493285, 0.000155005327542, -0.0012782656122, 0.00169083487708], [-0.000223764131078, 0.00169766403269, -0.0007574086776, 0.00106902397238, -0.00217293598689, 0.000174001761479, -0.00442547537386, 0.0139577528462, -0.00769673706964, 0.00341773056425, -0.00285475468263, 0.00257496722043, -0.00137345679104], [0.000195440108655, -0.00157300347928, 0.00140018574893, -0.00163174921181, 0.000642129220068, 0.00101302727126, 0.00276885647327, -0.00769673706964, 0.0195178110152, -0.0103524075821, 0.00417825672776, -0.00159250095021, 0.00165425450541], [-0.000729108753148, 0.00242915935814, -0.00137691397686, 0.000279144849628, -0.000696788076311, 1.2890567632e-05, -0.000711798493285, 0.00341773056425, -0.0103524075821, 0.0220994129777, -0.0110871652141, 0.00513735320419, -0.00177459034603], [0.000951264053583, -0.002264641691, 0.00146197108552, 0.000592186348513, 0.00037877477007, -0.00109169294592, 0.000155005327542, -0.00285475468263, 0.00417825672776, -0.0110871652141, 0.0239659715444, -0.0137884337455, 0.00415729125962], [-0.000709088577423, 0.00175240344834, -0.00240293564275, 0.000888849259354, 0.00012522682664, 0.000680333934724, -0.0012782656122, 0.00257496722043, -0.00159250095021, 0.00513735320419, -0.0137884337455, 0.0231590811163, -0.00937094539404], [0.000205585849471, -0.00063694419805, 0.00199796259403, -0.00191283738241, -0.000748525373638, 0.000222633243538, 0.00169083487708, -0.00137345679104, 0.00165425450541, -0.00177459034603, 0.00415729125962, -0.00937094539404, 0.0185543131083]], "cov": [[3263.12475586, 20.6278934479, -495.865234375, -320.092132568, -133.990158081, -143.955978394, -63.6147842407, 3.48752832413, 44.5794677734, 55.8382720947, -68.4271240234, 14.83897686, 11.5175323486], [20.6278934479, 1062.4317627, 312.412750244, 93.6869354248, 53.2036743164, -104.226081848, 1.64668738842, -86.8267974854, -2.11288666725, -68.7117233276, 25.6910228729, -11.6475248337, -8.94207668304], [-495.865234375, 312.412750244, 1150.86218262, 329.812683105, -85.0592803955, 35.8567390442, -106.102020264, -90.6245498657, -41.9944953918, -7.75640106201, 8.07055282593, 57.173500061, -44.5376586914], [-320.092132568, 93.6869354248, 329.812683105, 326.888061523, 44.3357086182, 21.8576335907, -8.16979980469, -17.359539032, 6.26187467575, -2.93701815605, -9.92154407501, 4.42201375961, 9.551197052], [-133.990158081, 53.2036743164, -85.0592803955, 44.3357086182, 208.305480957, 60.0571365356, 58.4556045532, 44.5988731384, 9.68811416626, -2.98492598534, 5.98191404343, -12.8343000412, 13.7268276215], [-143.955978394, -104.226081848, 35.8567390442, 21.8576335907, 60.0571365356, 176.315216064, 74.9248504639, 32.8989906311, -15.4381990433, 5.17653179169, 11.9228820801, 3.5102391243, -6.70293998718], [-63.6147842407, 1.64668738842, -106.102020264, -8.16979980469, 58.4556045532, 74.9248504639, 155.271057129, 52.9380149841, -4.82169723511, -4.79092979431, 13.3236913681, -5.17224645615, -3.05332350731], [3.48752832413, -86.8267974854, -90.6245498657, -17.359539032, 44.5988731384, 32.8989906311, 52.9380149841, 124.695304871, 40.9575462341, 12.4227485657, 5.32493400574, -10.1863012314, 1.9590767622], [44.5794677734, -2.11288666725, -41.9944953918, 6.26187467575, 9.68811416626, -15.4381990433, -4.82169723511, 40.9575462341, 90.6753387451, 37.9044799805, 0.930332064629, -9.4265499115, -0.780026912689], [55.8382720947, -68.7117233276, -7.75640106201, -2.93701815605, -2.98492598534, 5.17653179169, -4.79092979431, 12.4227485657, 37.9044799805, 82.8044204712, 28.5841999054, 5.55894327164, -0.328232735395], [-68.4271240234, 25.6910228729, 8.07055282593, -9.92154407501, 5.98191404343, 11.9228820801, 13.3236913681, 5.32493400574, 0.930332064629, 28.5841999054, 84.5149078369, 42.7302513123, 4.32206869125], [14.83897686, -11.6475248337, 57.173500061, 4.42201375961, -12.8343000412, 3.5102391243, -5.17224645615, -10.1863012314, -9.4265499115, 5.55894327164, 42.7302513123, 86.0388336182, 28.1447811127], [11.5175323486, -8.94207668304, -44.5376586914, 9.551197052, 13.7268276215, -6.70293998718, -3.05332350731, 1.9590767622, -0.780026912689, -0.328232735395, 4.32206869125, 28.1447811127, 73.5836715698]]}, "spectral_energyband_middle_low": {"dmean2": 0.00412309868261, "median": 0.00329883815721, "min": 5.47916212401e-10, "dvar2": 5.49728902115e-05, "dvar": 2.19649955397e-05, "dmean": 0.002627606038, "max": 0.0663552731276, "var": 4.52812346339e-05, "mean": 0.00525465374812}, "melbands_crest": {"dmean2": 5.11576843262, "median": 11.9476661682, "min": 2.62698984146, "dvar2": 20.1272373199, "dvar": 7.94900751114, "dmean": 3.16918063164, "max": 30.7847995758, "var": 27.5417098999, "mean": 12.5601892471}, "spectral_kurtosis": {"dmean2": 1.75289905071, "median": 3.20343208313, "min": -0.54549241066, "dvar2": 3.5766518116, "dvar": 1.27310931683, "dmean": 1.06021761894, "max": 17.2008705139, "var": 3.39768862724, "mean": 3.55164885521}, "spectral_rms": {"dmean2": 0.000859056017362, "median": 0.00251806830056, "min": 1.34798585805e-06, "dvar2": 1.13052965389e-06, "dvar": 5.08400319177e-07, "dmean": 0.000589533126913, "max": 0.0093273287639, "var": 2.2676485969e-06, "mean": 0.00283388094977}, "zerocrossingrate": {"dmean2": 0.0152146732435, "median": 0.07861328125, "min": 0.00341796875, "dvar2": 0.000227556563914, "dvar": 0.000204232317628, "dmean": 0.0131638357416, "max": 0.3291015625, "var": 0.00188029324636, "mean": 0.0865551233292}, "silence_rate_60dB": {"dmean2": 0.217002242804, "median": 0, "min": 0, "dvar2": 0.191888645291, "dvar": 0.0967874825001, "dmean": 0.108580723405, "max": 1, "var": 0.169629201293, "mean": 0.216507419944}, "erbbands_kurtosis": {"dmean2": 1.18320333958, "median": -0.514621734619, "min": -1.8009108305, "dvar2": 2.71136903763, "dvar": 1.30233442783, "dmean": 0.764412760735, "max": 32.3539352417, "var": 3.00055265427, "mean": -0.0455060750246}, "erbbands": {"dmean2": [0.00688137393445, 0.11157027632, 0.571978211403, 2.77589583397, 3.67495584488, 4.04978609085, 8.61139774323, 13.1151437759, 9.90339756012, 8.10122299194, 14.4491071701, 8.62621307373, 6.65952634811, 18.2279930115, 6.50646257401, 8.07700824738, 6.95657682419, 13.1264219284, 21.1147041321, 20.7678546906, 15.2076787949, 17.9888916016, 17.7670783997, 14.036772728, 15.6206293106, 13.6477651596, 7.1673951149, 4.98192405701, 3.5576736927, 3.24541354179, 2.55018162727, 1.80552089214, 1.33662092686, 0.685602784157, 0.256833314896, 0.0959213152528, 0.035441827029, 0.00671224342659, 0.000710310123395, 3.25857654389e-05], "median": [0.00306782126427, 0.0593787133694, 0.297099679708, 1.34418737888, 1.27334928513, 1.71913862228, 3.15048956871, 3.45619940758, 2.03909444809, 2.05125975609, 1.8594263792, 1.58386313915, 1.21578288078, 2.17855548859, 2.15394330025, 2.29623842239, 2.20474243164, 2.70148062706, 4.04543209076, 5.26367998123, 4.114382267, 6.53541564941, 6.57012176514, 6.10210466385, 6.88156747818, 6.10592842102, 2.75569605827, 1.81260728836, 1.26564502716, 0.998814880848, 0.722407341003, 0.670302808285, 0.459150850773, 0.18955565989, 0.0790314823389, 0.0276858024299, 0.00758132059127, 0.000925701810047, 7.79341717134e-05, 1.33182329591e-05], "min": [2.96014723844e-09, 1.63153419663e-08, 5.44083533782e-08, 1.29791033032e-07, 2.55212654565e-07, 4.37529223518e-07, 6.75628712088e-07, 9.57433258009e-07, 1.25638564441e-06, 1.52994277869e-06, 1.72189368186e-06, 1.77025572157e-06, 1.62504363743e-06, 1.27573878217e-06, 7.83713744568e-07, 3.01614392129e-07, 5.0512088734e-08, 2.30015288594e-07, 8.83202744717e-07, 1.84029659067e-06, 2.94681376545e-06, 4.60463706986e-06, 7.89796195022e-06, 1.27489302031e-05, 1.49224570123e-05, 9.92436253e-06, 3.93471236748e-06, 3.2462614854e-06, 1.70667851762e-06, 1.80323945642e-06, 7.30837484753e-07, 4.17462757696e-07, 3.6145888771e-07, 1.9625245784e-07, 2.53580054732e-07, 4.26150847943e-08, 2.75367746383e-08, 8.59694004873e-09, 1.61321644931e-09, 1.72913544594e-10], "dvar2": [0.000172090120031, 0.0455029457808, 1.02271366119, 23.5118808746, 56.2794723511, 59.0701026917, 367.387481689, 814.856384277, 868.293151855, 437.719543457, 2549.81298828, 1418.48608398, 1423.61010742, 6067.78125, 146.58203125, 463.024353027, 368.704559326, 2035.55322266, 3727.99584961, 6676.86523438, 1869.14196777, 2087.52490234, 2747.68652344, 909.659973145, 1066.89660645, 658.327148438, 173.893112183, 105.462844849, 52.272277832, 87.3628997803, 86.5269241333, 34.2445487976, 20.715681076, 9.84633159637, 0.399908542633, 0.0416170209646, 0.00762604922056, 0.000276565639069, 3.47919262822e-06, 6.13293327234e-09], "dvar": [6.41123988316e-05, 0.0171350687742, 0.362026631832, 8.67794704437, 20.5141563416, 23.443561554, 155.309036255, 320.366149902, 312.966033936, 198.560501099, 1236.62548828, 707.717468262, 789.451477051, 3149.71728516, 65.179359436, 229.958190918, 163.690093994, 997.51751709, 1799.55187988, 2778.36547852, 928.799316406, 1001.76269531, 1114.15820312, 420.254608154, 478.611175537, 289.8387146, 83.840461731, 43.0326080322, 23.0670871735, 37.4908027649, 35.5349731445, 14.1837701797, 8.87598991394, 4.08265256882, 0.173720017076, 0.017235038802, 0.00309168570675, 0.000107217099867, 1.31798265102e-06, 2.47533638031e-09], "dmean": [0.00419122539461, 0.0678048506379, 0.331542938948, 1.67915534973, 2.14096689224, 2.48113322258, 5.49085330963, 8.15308761597, 5.68468809128, 5.06638526917, 9.69694805145, 5.79018497467, 4.5036854744, 12.6538686752, 4.18639039993, 5.36371946335, 4.53897094727, 8.84376811981, 13.9829645157, 13.8210716248, 10.2000999451, 11.876036644, 11.2496566772, 8.98494911194, 10.0131940842, 8.71839141846, 4.52618026733, 3.05334687233, 2.22446656227, 2.04835176468, 1.59252095222, 1.15664803982, 0.877279102802, 0.45370927453, 0.165728673339, 0.0619151219726, 0.0227826479822, 0.00406944239512, 0.000414183683461, 2.01824841497e-05], "max": [0.110392019153, 1.55480420589, 7.65143013, 52.6413764954, 63.4472007751, 66.9384155273, 373.239837646, 237.220367432, 204.805664062, 339.694274902, 846.237976074, 1037.46105957, 1862.06396484, 1971.56262207, 169.58265686, 447.077758789, 326.476257324, 892.915039062, 1067.15112305, 1805.00073242, 1119.42016602, 883.292602539, 1204.421875, 671.713195801, 474.096038818, 373.665405273, 236.937805176, 141.791030884, 124.725074768, 217.208236694, 204.772476196, 140.292617798, 105.053863525, 82.7479248047, 10.3999109268, 1.99674594402, 0.961584627628, 0.230231165886, 0.0291827134788, 0.00152180797886], "var": [9.99981130008e-05, 0.026422759518, 0.398888319731, 15.6457719803, 23.8645820618, 31.8451595306, 292.898712158, 421.30368042, 217.96307373, 277.075744629, 3295.01757812, 2966.13916016, 2383.35913086, 11523.7802734, 177.373764038, 733.99230957, 354.606658936, 2850.12817383, 4891.37695312, 6597.01123047, 3322.65283203, 3336.95117188, 3137.08227539, 1494.19287109, 1473.48632812, 907.238342285, 226.847015381, 70.6556015015, 45.9749259949, 59.4551353455, 53.2012863159, 20.825214386, 13.0961647034, 6.16596412659, 0.291892319918, 0.0248152408749, 0.00334075116552, 0.000102075915493, 1.15329339678e-06, 2.87577872626e-09], "mean": [0.0074788602069, 0.128831058741, 0.469738215208, 2.82336878777, 3.05450367928, 3.67496299744, 8.68059635162, 11.9443464279, 5.93894672394, 6.56954431534, 16.5084629059, 10.7443780899, 7.18741989136, 22.9693927765, 6.88257980347, 9.9618806839, 8.58277416229, 15.7929477692, 24.0688304901, 26.1435565948, 19.8992118835, 24.0077972412, 22.6105384827, 18.1462154388, 19.6963348389, 17.6834411621, 8.0553855896, 4.53629112244, 3.41607427597, 2.90519213676, 2.19047141075, 1.64795672894, 1.21722173691, 0.619764447212, 0.22394476831, 0.0805397778749, 0.0259526241571, 0.00397242093459, 0.000370576803107, 2.9481949241e-05]}, "spectral_strongpeak": {"dmean2": 0.83758097887, "median": 0.399333626032, "min": 0, "dvar2": 2.24171519279, "dvar": 0.851678848267, "dmean": 0.49979314208, "max": 10.877409935, "var": 1.85666048527, "mean": 0.961298644543}, "spectral_energy": {"dmean2": 0.00618316791952, "median": 0.00649918429554, "min": 1.86249260459e-09, "dvar2": 9.28430745262e-05, "dvar": 4.04756065109e-05, "dmean": 0.00408613914624, "max": 0.0891740471125, "var": 0.000145234720549, "mean": 0.0105559490621}, "average_loudness": 0.72601544857, "spectral_rolloff": {"dmean2": 1143.71313477, "median": 2368.65234375, "min": 129.19921875, "dvar2": 2439819.75, "dvar": 1087350.75, "dmean": 695.623474121, "max": 11154.1992188, "var": 3225010.75, "mean": 2347.95581055}, "spectral_centroid": {"dmean2": 495.479553223, "median": 1895.20227051, "min": 291.286895752, "dvar2": 254993.078125, "dvar": 118973.046875, "dmean": 329.375427246, "max": 4878.59033203, "var": 683802.8125, "mean": 1905.27062988}, "pitch_salience": {"dmean2": 0.111053302884, "median": 0.615928113461, "min": 0.171681344509, "dvar2": 0.0093282610178, "dvar": 0.00368451792747, "dmean": 0.0683205127716, "max": 0.967373967171, "var": 0.0103339059278, "mean": 0.60830950737}, "spectral_energyband_middle_high": {"dmean2": 0.00193673220929, "median": 0.00126006559003, "min": 8.15942313714e-10, "dvar2": 1.4440312043e-05, "dvar": 8.47786941449e-06, "dmean": 0.00137136981357, "max": 0.0808008611202, "var": 5.66434428038e-05, "mean": 0.00379358185455}, "spectral_contrast_coeffs": {"dmean2": [0.0868501439691, 0.0829657316208, 0.0569847151637, 0.046224039048, 0.034807857126, 0.0292070973665], "median": [-0.64144718647, -0.72939825058, -0.811991631985, -0.806478023529, -0.798037111759, -0.776315331459], "min": [-0.997981727123, -0.990398347378, -0.964406549931, -0.960181832314, -0.932214558125, -0.940848588943], "dvar2": [0.00541258836165, 0.00475503411144, 0.00208088872023, 0.00138573721051, 0.000829270749819, 0.000707674247678], "dvar": [0.00212459382601, 0.00188280793373, 0.00087144470308, 0.000602366926614, 0.00035722728353, 0.000275899248663], "dmean": [0.0534142516553, 0.0518859364092, 0.0355282463133, 0.0287058465183, 0.0218863338232, 0.0181017313153], "max": [-0.307147622108, -0.404718309641, -0.488553732634, -0.548501193523, -0.604817330837, -0.621692717075], "var": [0.00711523648351, 0.00679560285062, 0.00457941368222, 0.00396191747859, 0.00206553703174, 0.00104792846832], "mean": [-0.636611402035, -0.727092921734, -0.79853361845, -0.791811525822, -0.788446784019, -0.773823618889]}, "melbands_skewness": {"dmean2": 1.06083166599, "median": 2.42590165138, "min": -1.41227507591, "dvar2": 1.26829516888, "dvar": 0.548787891865, "dmean": 0.70274502039, "max": 9.87584114075, "var": 3.88667821884, "mean": 2.59846329689}, "spectral_spread": {"dmean2": 887762.1875, "median": 4643604.5, "min": 1556840, "dvar2": 1116569468930.0, "dvar": 547397926912, "dmean": 586172.1875, "max": 32803892, "var": 1799056130050.0, "mean": 4728330}, "dissonance": {"dmean2": 0.0188666339964, "median": 0.480686783791, "min": 0, "dvar2": 0.000368481356418, "dvar": 0.000170209998032, "dmean": 0.0114333881065, "max": 0.499999970198, "var": 0.000352038565325, "mean": 0.476757049561}, "spectral_skewness": {"dmean2": 0.262939423323, "median": 1.28131139278, "min": 0.15214805305, "dvar2": 0.0626923069358, "dvar": 0.0239521116018, "dmean": 0.162977576256, "max": 2.73954367638, "var": 0.0784793272614, "mean": 1.28458881378}, "spectral_flux": {"dmean2": 0.0267402660102, "median": 0.0418278984725, "min": 0.00771006243303, "dvar2": 0.000836634018924, "dvar": 0.000424713711254, "dmean": 0.0174861457199, "max": 0.253936737776, "var": 0.00128586986102, "mean": 0.0530212856829}, "spectral_contrast_valleys": {"dmean2": [0.743012547493, 0.738124370575, 0.59013324976, 0.509653627872, 0.461011767387, 0.506093680859], "median": [-7.99383115768, -7.39894771576, -7.99263811111, -8.06143760681, -7.51892232895, -10.1524839401], "min": [-12.0460920334, -12.196346283, -12.7928209305, -13.7460870743, -13.5982265472, -14.6197023392], "dvar2": [0.373459249735, 0.421516895294, 0.263310015202, 0.243926972151, 0.273967772722, 0.335689663887], "dvar": [0.157855674624, 0.182296395302, 0.119560949504, 0.10881844908, 0.118388310075, 0.147238403559], "dmean": [0.460140645504, 0.473728716373, 0.383303970098, 0.32886493206, 0.301947832108, 0.36407917738], "max": [-6.06705713272, -5.05960607529, -5.69049406052, -5.74288129807, -5.45873689651, -7.59824085236], "var": [0.788124620914, 0.552884101868, 0.414751619101, 0.437740206718, 0.434581130743, 0.426807254553], "mean": [-8.13576126099, -7.38002204895, -7.95842075348, -8.03827857971, -7.48127937317, -10.1180953979]}, "erbbands_flatness_db": {"dmean2": 0.0235045813024, "median": 0.13698643446, "min": 0.0649068653584, "dvar2": 0.00046838176786, "dvar": 0.000231592843193, "dmean": 0.0161321908236, "max": 0.298694938421, "var": 0.00159913103562, "mean": 0.143615394831}, "spectral_energyband_high": {"dmean2": 0.000519035325851, "median": 0.000238291788264, "min": 3.22164683819e-10, "dvar2": 9.89671320895e-07, "dvar": 4.28291627941e-07, "dmean": 0.000335608579917, "max": 0.0138049256057, "var": 9.38347341162e-07, "mean": 0.000584133842494}, "spectral_entropy": {"dmean2": 0.233551025391, "median": 7.74463367462, "min": 6.49515104294, "dvar2": 0.0529262125492, "dvar": 0.0249379612505, "dmean": 0.158367618918, "max": 9.26629161835, "var": 0.0919984057546, "mean": 7.73690032959}, "silence_rate_20dB": {"dmean2": 0, "median": 1, "min": 1, "dvar2": 0, "dvar": 0, "dmean": 0, "max": 1, "var": 0, "mean": 1}, "melbands_flatness_db": {"dmean2": 0.0378066934645, "median": 0.147855296731, "min": 0.0175078008324, "dvar2": 0.00143413280603, "dvar": 0.000632527342532, "dmean": 0.0250213854015, "max": 0.361491262913, "var": 0.00339024676941, "mean": 0.151150658727}, "barkbands": {"dmean2": [6.9743214226e-06, 0.000404428457841, 0.000686730840243, 0.00122990622185, 0.00115127442405, 0.00149261089973, 0.000670403940603, 0.000567859038711, 0.000425772130257, 0.000465581193566, 0.000225372103159, 0.00018980227469, 0.000177269161213, 0.000275117723504, 0.000498020264786, 0.000322036095895, 0.000380596844479, 0.000323770014802, 0.000305512250634, 0.000281589949736, 0.000149026105646, 9.80456316029e-05, 9.52793416218e-05, 8.09080229374e-05, 4.8593050451e-05, 1.91498747881e-05, 4.12219378632e-06], "median": [1.9354692995e-06, 0.000196834589588, 0.000224510280532, 0.00053604261484, 0.00048505171435, 0.000508406548761, 0.000109818167402, 7.85136144259e-05, 6.23344822088e-05, 4.30329928349e-05, 4.4763306505e-05, 4.42447853857e-05, 4.11581859225e-05, 4.86396129418e-05, 0.000110121000034, 5.88000621065e-05, 0.000127130639157, 9.64935825323e-05, 0.000127541570691, 0.000123101868667, 5.18078959431e-05, 3.65716659871e-05, 2.66797123913e-05, 2.9846909456e-05, 1.37094484671e-05, 4.79491063743e-06, 3.96010193526e-07], "min": [5.39952423051e-11, 8.04047523006e-11, 5.2719977689e-11, 5.16345091683e-11, 1.22377094569e-10, 1.09595124642e-10, 9.38339683731e-11, 7.64593874325e-11, 7.77129957608e-11, 4.69821889726e-11, 2.32437992465e-11, 8.75984874915e-12, 6.53112221423e-13, 6.9800632288e-12, 2.51339990487e-11, 4.74533849715e-11, 7.73418273869e-11, 1.62709790086e-10, 2.91126123209e-10, 2.11404629913e-10, 8.18365583632e-11, 4.93213803132e-11, 3.66554564479e-11, 2.14760015327e-11, 2.625584819e-11, 1.2081336799e-11, 1.18600563398e-11], "dvar2": [1.66024236026e-10, 6.01296790137e-07, 1.462190653e-06, 5.05652906213e-06, 5.486432201e-06, 9.97596180241e-06, 3.75498734684e-06, 3.35710319632e-06, 3.85546582038e-06, 4.3740142246e-06, 4.22611094564e-07, 2.48750694709e-07, 3.66573146948e-07, 7.53812173571e-07, 2.86938166028e-06, 9.68639710663e-07, 1.18357490919e-06, 8.01499936642e-07, 3.88691688613e-07, 2.6604251957e-07, 8.4167780301e-08, 4.00799464728e-08, 1.05061822353e-07, 5.35027915305e-08, 3.70245238912e-08, 1.81930592813e-09, 1.19517160058e-10], "dvar": [8.338784524e-11, 2.279291067e-07, 5.15158603775e-07, 1.92034326574e-06, 2.04996513276e-06, 4.00685303248e-06, 1.34657386752e-06, 1.70593000348e-06, 1.73679745785e-06, 2.18240393224e-06, 2.14831075596e-07, 1.17712616543e-07, 1.52376529172e-07, 3.52364168066e-07, 1.17546187539e-06, 4.75901799746e-07, 5.10796610342e-07, 3.34594318474e-07, 1.73576935936e-07, 1.17333222249e-07, 3.76673199298e-08, 1.8126804946e-08, 4.41418812613e-08, 2.38305517541e-08, 1.50917145447e-08, 7.43744399401e-10, 4.48695074151e-11], "dmean": [4.81692950416e-06, 0.000246510986472, 0.0