{"tonal": {"thpcp": [1, 0.573600232601, 0.109020024538, 0.0909168720245, 0.097297206521, 0.14385509491, 0.229099795222, 0.189206585288, 0.122409507632, 0.138937965035, 0.097138799727, 0.0619202665985, 0.0748352184892, 0.0855946987867, 0.260208278894, 0.371190905571, 0.185630142689, 0.0491891540587, 0.0436621494591, 0.0617058873177, 0.303704977036, 0.600058197975, 0.407349944115, 0.110595837235, 0.0713304802775, 0.0676786825061, 0.118630670011, 0.220422610641, 0.227839931846, 0.286045521498, 0.464964568615, 0.351264417171, 0.14672973752, 0.119710490108, 0.133398965001, 0.57135784626], "hpcp": {"dmean2": [0.181224480271, 0.192577138543, 0.210756331682, 0.258894503117, 0.227689355612, 0.155279114842, 0.139034882188, 0.154788985848, 0.27870541811, 0.325322449207, 0.275505423546, 0.138878524303, 0.119365118444, 0.122722879052, 0.142332047224, 0.183072805405, 0.162832945585, 0.113500438631, 0.10496480763, 0.0795841887593, 0.0585578605533, 0.0725073590875, 0.0836109668016, 0.154915079474, 0.180001109838, 0.11528865993, 0.0564046576619, 0.0580692403018, 0.0752774700522, 0.184336587787, 0.30168864131, 0.238348022103, 0.118172295392, 0.0991013944149, 0.0889185667038, 0.125182807446], "median": [0.0280675217509, 0.0310507938266, 0.0728475227952, 0.112157776952, 0.0808610916138, 0.0286678690463, 0.0157540179789, 0.0244231559336, 0.314064592123, 0.610569357872, 0.312872588634, 0.0188636872917, 0.00768138701096, 0.00867567956448, 0.0268966984004, 0.0490025617182, 0.0388480089605, 0.0213262271136, 0.0182645842433, 0.0134808775038, 0.0144801177084, 0.016873234883, 0.0167708918452, 0.038857344538, 0.0592491142452, 0.0377449057996, 0.00816747453064, 0.00522590056062, 0.0087587563321, 0.0923970341682, 0.217568472028, 0.156009033322, 0.0230793356895, 0.00637198751792, 0.00646280497313, 0.0152883278206], "min": [0, 0, 0, 0, 0, 0, 0, 0, 0, 0, 0, 0, 0, 0, 0, 0, 0, 0, 0, 0, 0, 0, 0, 0, 0, 0, 0, 0, 0, 0, 0, 0, 0, 0, 0, 0], "dvar2": [0.0984582230449, 0.106863476336, 0.0917482972145, 0.114310756326, 0.0923540890217, 0.0873305797577, 0.0896683335304, 0.0877618119121, 0.0883123725653, 0.126871243119, 0.0884430930018, 0.0863140374422, 0.0868508890271, 0.0845680236816, 0.085367038846, 0.0982863605022, 0.0887809693813, 0.0520014055073, 0.048558101058, 0.0327028818429, 0.0185536593199, 0.0285882148892, 0.0319395922124, 0.0571705959737, 0.074896171689, 0.0324529111385, 0.0198886673898, 0.033241417259, 0.0329280868173, 0.0573699995875, 0.101482644677, 0.071263551712, 0.0457197763026, 0.058849029243, 0.0448367521167, 0.0646490007639], "dvar": [0.0372144952416, 0.0418843589723, 0.0359860248864, 0.0448616966605, 0.0354581475258, 0.030318332836, 0.0305565930903, 0.0298239178956, 0.033001512289, 0.0540269985795, 0.0334673635662, 0.0309698246419, 0.0316430926323, 0.0309539567679, 0.0307399556041, 0.0353744439781, 0.0310384202749, 0.0183576345444, 0.0187206994742, 0.0121153695509, 0.00689342943951, 0.0103216953576, 0.0115690920502, 0.0219227094203, 0.0304092932492, 0.0122341001406, 0.00716651370749, 0.0115415519103, 0.0111659513786, 0.0213414467871, 0.043020632118, 0.0275892093778, 0.0168652646244, 0.0211960803717, 0.0161766223609, 0.0230244044214], "dmean": [0.104856826365, 0.111216172576, 0.122495681047, 0.15107832849, 0.132865712047, 0.0875252410769, 0.0779172480106, 0.086310364306, 0.163951784372, 0.192589253187, 0.163242459297, 0.0765086561441, 0.0661130547523, 0.0677212104201, 0.0806340575218, 0.10528729856, 0.0929410085082, 0.0645796209574, 0.0609807930887, 0.0461617745459, 0.0338574275374, 0.0415231771767, 0.0480371154845, 0.0918390750885, 0.105765104294, 0.068050339818, 0.0318950377405, 0.0320333428681, 0.0417213849723, 0.110752098262, 0.179408475757, 0.141567960382, 0.0666671842337, 0.0545873939991, 0.0490623749793, 0.0706530958414], "max": [1, 1, 1, 1, 1, 1, 1, 1, 1, 1, 1, 1, 1, 1, 1, 1, 1, 1, 1, 1, 1, 1, 1, 1, 1, 1, 1, 1, 1, 1, 1, 1, 1, 1, 1, 1], "var": [0.0557644627988, 0.0576080977917, 0.0503797009587, 0.108938880265, 0.071727514267, 0.0252014752477, 0.024615034461, 0.0238422695547, 0.0643849000335, 0.144392699003, 0.0615121461451, 0.0224671345204, 0.0244041346014, 0.0255402773619, 0.0275593139231, 0.0445779077709, 0.0340926870704, 0.0203871633857, 0.0325089395046, 0.0176522433758, 0.00639361003414, 0.00811602827162, 0.0102582778782, 0.0511726737022, 0.100269235671, 0.0248589459807, 0.00529734883457, 0.0073593123816, 0.00806330982596, 0.0455677397549, 0.110490500927, 0.0556148514152, 0.0149772027507, 0.0150592038408, 0.0118269138038, 0.0205853898078], "mean": [0.130097985268, 0.134475842118, 0.168829992414, 0.274431705475, 0.207323521376, 0.0866029262543, 0.0706556066871, 0.0787348300219, 0.337227225304, 0.590220689774, 0.338550716639, 0.0643458738923, 0.05366101861, 0.0574268251657, 0.0849062502384, 0.135219439864, 0.111673645675, 0.0722486227751, 0.0820040628314, 0.0573333315551, 0.0365466214716, 0.0441692955792, 0.0505197606981, 0.153580307961, 0.21908454597, 0.10956274718, 0.0290324557573, 0.0257703047246, 0.0364200919867, 0.179252952337, 0.35416674614, 0.240426361561, 0.06527595222, 0.0421007238328, 0.0399453565478, 0.0700182765722]}, "tuning_equal_tempered_deviation": 0.0504943020642, "chords_changes_rate": 0.0356612168252, "key_key": "F", "tuning_diatonic_strength": 0.577190339565, "key_scale": "major", "chords_number_rate": 0.00127361493651, "tuning_frequency": 438.477722168, "tuning_nontempered_energy_ratio": 0.639061331749, "chords_histogram": [29.8238162994, 0.106134578586, 8.91530418396, 0, 0, 0, 0, 0.0212269164622, 0, 0, 0, 0, 0, 0.0212269164622, 0, 0.0636807456613, 0, 6.1133518219, 0.0849076658487, 43.9397163391, 3.88452553749, 6.70770549774, 0.318403750658, 0], "key_strength": 0.702436804771, "chords_key": "C", "chords_strength": {"dmean2": 0.00585764925927, "median": 0.500241041183, "min": 0.197974354029, "dvar2": 2.87367329292e-05, "dvar": 3.05256726278e-05, "dmean": 0.00646578706801, "max": 0.709323227406, "var": 0.00645738560706, "mean": 0.494777947664}, "chords_scale": "minor", "hpcp_entropy": {"dmean2": 0.885543227196, "median": 1.64801168442, "min": 0, "dvar2": 0.5631737113, "dvar": 0.210249260068, "dmean": 0.518012344837, "max": 3.86924910545, "var": 0.511838674545, "mean": 1.62966644764}}, "metadata": {"audio_properties": {"equal_loudness": 0, "codec": "mp3", "downmix": "mix", "sample_rate": 44100, "analysis_sample_rate": 44100, "bit_rate": 160019, "md5_encoded": "20862a2a58f6e68554db410dfcb2e119", "length": 218.697143555, "replay_gain": -13.2283859253, "lossless": false}, "version": {"essentia_build_sha": "70f2e5ece6736b2c40cc944ad0e695b16b925413", "essentia": "2.1-beta2", "extractor": "music 1.0", "essentia_git_sha": "v2.1_beta2"}, "tags": {"title": ["Sparkly"], "media": ["CD"], "albumartist": ["Young Magic"], "musicbrainz_recordingid": ["0cd3e41a-b657-46a8-ad86-645742df2702"], "encoding": ["Lavf56.36.100"], "musicbrainz_albumartistid": ["ac80ca5c-8919-4e43-807c-28748c325287"], "originalyear": ["2012"], "discnumber": ["1/1"], "album": ["Melt"], "catalognumber": ["CAK072CD"], "musicbrainz album release country": ["GB"], "musicbrainz album type": ["album"], "musicbrainz album status": ["official"], "asin": ["B006DA32GK"], "date": ["2012"], "file_name": "Young Magic - Sparkly.mp3", "musicbrainz_releasegroupid": ["4e68a0d9-7012-401f-a19d-fc7ab2cb53d1"], "script": ["Latn"], "originaldate": ["2012"], "musicbrainz_albumid": ["6d7a283f-2ded-4fc3-9325-40d06cac53a8"], "artist": ["Young Magic"], "artistsort": ["Young Magic"], "tracknumber": ["1/11"], "label": ["Carpark Records"], "albumartistsort": ["Young Magic"], "musicbrainz_artistid": ["ac80ca5c-8919-4e43-807c-28748c325287"]}}, "rhythm": {"bpm_histogram_first_peak_bpm": {"dmean2": 0, "median": 123, "min": 123, "dvar2": 0, "dvar": 0, "dmean": 0, "max": 123, "var": 0, "mean": 123}, "bpm": 123.400192261, "bpm_histogram_second_peak_spread": {"dmean2": 0, "median": 0, "min": 0, "dvar2": 0, "dvar": 0, "dmean": 0, "max": 0, "var": 0, "mean": 0}, "bpm_histogram_first_peak_weight": {"dmean2": 0, "median": 0.493392080069, "min": 0.493392080069, "dvar2": 0, "dvar": 0, "dmean": 0, "max": 0.493392080069, "var": 0, "mean": 0.493392080069}, "onset_rate": 3.06800699234, "beats_position": [0.487619042397, 0.986848056316, 1.48607707024, 1.98530614376, 2.48453521729, 2.9837641716, 3.48299312592, 3.97061228752, 4.45823097229, 4.94585037231, 5.4334692955, 5.92108821869, 6.40870714188, 6.8963265419, 7.38394546509, 7.87156438828, 8.35918331146, 8.84680271149, 9.34603118896, 9.84526062012, 10.3328800201, 10.8204984665, 11.3081178665, 11.807346344, 12.3065757751, 12.8058052063, 13.3746938705, 13.9435825348, 14.512471199, 15.0117006302, 15.5109291077, 16.0101585388, 16.5209980011, 17.031835556, 17.5310649872, 18.0186843872, 18.5063037872, 18.9939231873, 19.4815406799, 19.96916008, 20.45677948, 20.9327888489, 21.4204082489, 21.9080276489, 22.3840351105, 22.8600444794, 23.3476638794, 23.8352832794, 24.3229026794, 24.8105201721, 25.286529541, 25.7625389099, 26.2385482788, 26.7261676788, 27.2137870789, 27.7014045715, 28.1890239716, 28.6882534027, 29.1874828339, 29.6751022339, 30.1511096954, 30.6271190643, 31.1147384644, 31.5907478333, 32.0667572021, 32.5543746948, 33.0419960022, 33.5296134949, 34.0172348022, 34.4932403564, 34.9692497253, 35.4568710327, 35.9444885254, 36.4321098328, 36.9197273254, 37.4073448181, 37.8949661255, 38.3825836182, 38.8702049255, 39.3578224182, 39.8570518494, 40.3562812805, 40.8555107117, 41.3547401428, 41.8655776978, 42.3764152527, 42.8756446838, 43.374874115, 43.8857116699, 44.3849411011, 44.919002533, 45.4646720886, 46.0103378296, 46.497959137, 46.9971885681, 47.4848060608, 47.9840354919, 48.4832649231, 48.959274292, 49.4352836609, 49.9229011536, 50.4105224609, 50.8981399536, 51.3857574463, 51.8849868774, 52.3842163086, 52.8602256775, 53.3362350464, 53.8238525391, 54.3114738464, 54.7990913391, 55.2867126465, 55.7627182007, 56.2387275696, 56.7147369385, 57.1907463074, 57.6783676147, 58.1659851074, 58.6536026001, 59.1412239075, 59.6288414001, 60.104850769, 60.5808601379, 61.0684814453, 61.556098938, 62.0437164307, 62.5197257996, 62.9957351685, 63.4717445374, 63.9477539062, 64.4121551514, 64.899772644, 65.3873901367, 65.8750076294, 66.3626327515, 66.8502502441, 67.3378677368, 67.8254852295, 68.3131027222, 68.8007278442, 69.2767333984, 69.7527389526, 70.2403640747, 70.7279815674, 71.2155990601, 71.7032165527, 72.1908340454, 72.6784591675, 73.1544647217, 73.6304779053, 74.1180953979, 74.6057128906, 75.0933303833, 75.580947876, 76.068572998, 76.5561904907, 77.0438079834, 77.5314254761, 78.0190429688, 78.5066680908, 78.9942855835, 79.4819030762, 79.9579086304, 80.433921814, 80.9099273682, 81.3859405518, 81.861946106, 82.3379592896, 82.8255767822, 83.3015823364, 83.7892074585, 84.2768249512, 84.7644424438, 85.2404556274, 85.7280731201, 86.2156906128, 86.7149200439, 87.2141494751, 87.7017669678, 88.1893844604, 88.665397644, 89.1530151367, 89.6290206909, 90.116645813, 90.5926513672, 91.0686569214, 91.5562820435, 92.0438995361, 92.5315170288, 93.0075302124, 93.4835357666, 93.9711532593, 94.458770752, 94.946395874, 95.4340133667, 95.9216308594, 96.3976364136, 96.8736495972, 97.3612670898, 97.8488845825, 98.3365097046, 98.8241271973, 99.3001327515, 99.7761459351, 100.263763428, 100.739768982, 101.227394104, 101.703399658, 102.191017151, 102.678634644, 103.166259766, 103.653877258, 104.141494751, 104.617500305, 105.093513489, 105.581130981, 106.068748474, 106.556373596, 107.043991089, 107.531608582, 108.007614136, 108.483627319, 108.971244812, 109.447257996, 109.946479797, 110.434104919, 110.921722412, 111.409339905, 111.896957397, 112.372970581, 112.848976135, 113.336593628, 113.82421875, 114.311836243, 114.787841797, 115.26385498, 115.751472473, 116.239089966, 116.726707458, 117.214332581, 117.701950073, 118.177955627, 118.653968811, 119.129974365, 119.605987549, 120.093605042, 120.569610596, 121.045623779, 121.533241272, 122.020858765, 122.48526001, 122.972877502, 123.460494995, 123.948112488, 124.43573761, 124.923355103, 125.422584534, 125.921813965, 126.409431458, 126.885437012, 127.361450195, 127.83745575, 128.313461304, 128.801086426, 129.288711548, 129.776321411, 130.275558472, 130.774780273, 131.250793457, 131.726806641, 132.214416504, 132.702041626, 133.17805481, 133.654052734, 134.141677856, 134.62928772, 135.116912842, 135.604537964, 136.092147827, 136.568161011, 137.044174194, 137.520172119, 138.007797241, 138.483810425, 138.959823608, 139.435821533, 139.923446655, 140.411056519, 140.898681641, 141.386306763, 141.850692749, 142.326705933, 142.802719116, 143.290344238, 143.777954102, 144.288803101, 144.788024902, 145.287246704, 145.786483765, 146.285705566, 146.784942627, 147.27255249, 147.771789551, 148.259414673, 148.747024536, 149.246261597, 149.745483398, 150.244720459, 150.743942261, 151.243179321, 151.742401123, 152.230026245, 152.717636108, 153.20526123, 153.692871094, 154.180496216, 154.668121338, 155.16734314, 155.6665802, 156.154190063, 156.641815186, 157.129425049, 157.628662109, 158.127883911, 158.627120972, 159.126342773, 159.613967896, 160.113189697, 160.624038696, 161.134872437, 161.645706177, 162.144943237, 162.632553101, 163.120178223, 163.607803345, 164.107025146, 164.606262207, 165.09387207, 165.581497192, 166.057495117, 166.533508301, 167.021133423, 167.508743286, 167.996368408, 168.48399353, 168.971603394, 169.459228516, 169.935241699, 170.411239624, 170.898864746, 171.386474609, 171.874099731, 172.361724854, 172.849334717, 173.336959839, 173.824569702, 174.312194824, 174.788208008, 175.264221191, 175.751831055, 176.227844238, 176.715454102, 177.191467285, 177.667480469, 178.143493652, 178.631103516, 179.118728638, 179.606338501, 180.093963623, 180.569976807, 181.04598999, 181.533599854, 182.021224976, 182.508834839, 182.996459961, 183.484085083, 183.971694946, 184.459320068, 184.946929932, 185.434555054, 185.910568237, 186.386566162, 186.850967407, 187.350204468, 187.837814331, 188.337051392, 188.824661255, 189.312286377, 189.788299561, 190.264297485, 190.751922607, 191.239547729, 191.727157593, 192.203170776, 192.67918396, 193.178405762, 193.677642822, 194.153640747, 194.629653931, 195.105667114, 195.581680298, 196.057678223, 196.533691406, 197.00970459, 197.497314453, 197.996551514, 198.484161377, 198.960174561, 199.436187744, 199.900588989, 200.388198853, 200.875823975, 201.363449097, 201.839447021, 202.338684082, 202.826293945, 203.313919067, 203.801544189, 204.300765991, 204.800003052, 205.264389038, 205.717178345, 206.169967651, 206.634368896, 207.098770142, 207.563171387, 208.03918457, 208.410705566, 208.770614624, 209.142120361, 209.502029419, 209.838729858, 210.163803101, 210.500488281, 210.837188721, 211.173873901, 211.510559082, 211.858856201, 212.207168579, 212.555465698, 212.915374756, 213.263671875, 213.623580933, 213.971878052, 214.320175171, 214.66847229, 215.016769409, 215.365081787, 215.759811401, 216.142944336, 216.526077271, 216.909194946, 217.280715942, 217.663848877, 218.046981812], "beats_loudness": {"dmean2": 0.0272968374193, "median": 0.0212733950466, "min": 1.19344116811e-08, "dvar2": 0.000947631546296, "dvar": 0.000312355114147, "dmean": 0.0148492595181, "max": 0.140540882945, "var": 0.000679442600813, "mean": 0.0286625809968}, "danceability": 0.892555296421, "bpm_histogram_second_peak_weight": {"dmean2": 0, "median": 0.0198237877339, "min": 0.0198237877339, "dvar2": 0, "dvar": 0, "dmean": 0, "max": 0.0198237877339, "var": 0, "mean": 0.0198237877339}, "beats_count": 455, "bpm_histogram_second_peak_bpm": {"dmean2": 0, "median": 117, "min": 117, "dvar2": 0, "dvar": 0, "dmean": 0, "max": 117, "var": 0, "mean": 117}, "bpm_histogram_first_peak_spread": {"dmean2": 0, "median": 0.439999997616, "min": 0.439999997616, "dvar2": 0, "dvar": 0, "dmean": 0, "max": 0.439999997616, "var": 0, "mean": 0.439999997616}, "beats_loudness_band_ratio": {"dmean2": [0.303610801697, 0.224897995591, 0.307664752007, 0.200502708554, 0.0952717512846, 0.178112894297], "median": [0.0612278021872, 0.153952464461, 0.205452248454, 0.174583747983, 0.0569012910128, 0.0224345866591], "min": [4.71112143714e-05, 0.000434112269431, 0.00895005092025, 0.00605092383921, 0.00315625220537, 0.000282072782284], "dvar2": [0.121012158692, 0.0505505688488, 0.065209582448, 0.0333401188254, 0.00797718390822, 0.0454290546477], "dvar": [0.0529062412679, 0.016600381583, 0.0209920555353, 0.0118179004639, 0.0028854990378, 0.0153116378933], "dmean": [0.175495505333, 0.13173109293, 0.174083188176, 0.120215058327, 0.0541377551854, 0.0915530771017], "max": [0.901134550571, 0.818115711212, 0.852661073208, 0.969042360783, 0.423665463924, 0.714185357094], "var": [0.0679098963737, 0.0304767601192, 0.0311558060348, 0.051052890718, 0.00385378790088, 0.0123579623178], "mean": [0.206433311105, 0.205049231648, 0.248675942421, 0.250516027212, 0.0769388973713, 0.0699322968721]}}, "lowlevel": {"barkbands_spread": {"dmean2": 8.16577529907, "median": 17.5927200317, "min": 0.497308880091, "dvar2": 101.658355713, "dvar": 42.4092483521, "dmean": 5.26798439026, "max": 115.624992371, "var": 142.868270874, "mean": 19.5159091949}, "melbands_spread": {"dmean2": 10.7296228409, "median": 20.7129707336, "min": 0.992689549923, "dvar2": 200.599151611, "dvar": 83.2205810547, "dmean": 6.87067842484, "max": 174.763626099, "var": 243.169830322, "mean": 23.6477069855}, "hfc": {"dmean2": 11.589050293, "median": 13.4208545685, "min": 1.12441612045e-16, "dvar2": 504.074005127, "dvar": 194.51663208, "dmean": 7.45803785324, "max": 247.188476562, "var": 481.994537354, "mean": 20.9558410645}, "barkbands_kurtosis": {"dmean2": 3.04229617119, "median": 0.694969892502, "min": -1.83010804653, "dvar2": 22.9863433838, "dvar": 9.91320896149, "dmean": 1.94549512863, "max": 73.4751281738, "var": 21.055431366, "mean": 2.08167386055}, "gfcc": {"mean": [-53.2364196777, 96.4640274048, -159.528045654, 6.43517827988, -68.9457015991, -6.41660499573, -34.738735199, 1.53625822067, -21.8079414368, 4.794069767, -6.83412742615, 9.12804603577, -1.87789463997], "icov": [[0.000166423036717, -0.000345901702531, 0.000137599752634, -0.000586617097724, 0.000560084125027, -0.000330682349158, 0.00035443532397, -0.000300053303363, 0.000406441511586, -0.000392718182411, 0.000391376815969, -8.98328798939e-05, -1.03006357222e-06], [-0.000345901702531, 0.00258753914386, -0.000807103933766, 0.00143463606946, -0.00266155228019, 0.00155064929277, -0.00145955465268, 0.00210771383718, -0.00244051101618, 0.00222911359742, -0.00180650665425, 0.00108652852941, -0.000812426616903], [0.000137599752634, -0.000807103933766, 0.00264383526519, -0.00126967718825, 5.7590626966e-05, -0.00213156011887, 0.00226404843852, -0.00239454815164, 0.00163250975311, -0.00132266699802, 0.0010882349452, -0.000786154530942, 0.00100970722269], [-0.000586617097724, 0.00143463606946, -0.00126967718825, 0.00553873833269, -0.00202815164812, 8.53554229252e-06, -0.00108404876664, 0.000610486487858, -0.00259042158723, 0.000737506139558, -0.000594729033764, 0.00173253205139, -0.00126033544075], [0.000560084125027, -0.00266155228019, 5.7590626966e-05, -0.00202815164812, 0.00785505864769, -0.00122295727488, -0.0017157640541, -0.00166518229526, 0.00203018938191, -0.00222214940004, 0.00144593976438, -0.000818552041892, -0.000598153390456], [-0.000330682349158, 0.00155064929277, -0.00213156011887, 8.53554229252e-06, -0.00122295727488, 0.00671030441299, -0.00471735233441, 0.000443666911451, -0.00222569191828, 0.00142909574788, -0.000587935675867, 0.000339364167303, 0.000515676394571], [0.00035443532397, -0.00145955465268, 0.00226404843852, -0.00108404876664, -0.0017157640541, -0.00471735233441, 0.0119093926623, -0.00265444163233, 2.67533869192e-05, -0.00200553401373, -0.000588650058489, -0.0014445676934, -0.000387986394344], [-0.000300053303363, 0.00210771383718, -0.00239454815164, 0.000610486487858, -0.00166518229526, 0.000443666911451, -0.00265444163233, 0.0138250477612, -0.00462928274646, -0.00240412307903, 0.000665820087306, 0.000220087284106, -0.00173417059705], [0.000406441511586, -0.00244051101618, 0.00163250975311, -0.00259042158723, 0.00203018938191, -0.00222569191828, 2.67533869192e-05, -0.00462928274646, 0.01443514321, -0.00352857401595, -0.000556091486942, -0.000269774754997, -0.000413257657783], [-0.000392718182411, 0.00222911359742, -0.00132266699802, 0.000737506139558, -0.00222214940004, 0.00142909574788, -0.00200553401373, -0.00240412307903, -0.00352857401595, 0.0133644314483, -0.0050299805589, -0.00119712448213, 0.00114731991198], [0.000391376815969, -0.00180650665425, 0.0010882349452, -0.000594729033764, 0.00144593976438, -0.000587935675867, -0.000588650058489, 0.000665820087306, -0.000556091486942, -0.0050299805589, 0.0127341309562, -0.00181718950626, 0.000529904151335], [-8.98328798939e-05, 0.00108652852941, -0.000786154530942, 0.00173253205139, -0.000818552041892, 0.000339364167303, -0.0014445676934, 0.000220087284106, -0.000269774754997, -0.00119712448213, -0.00181718950626, 0.0149568142369, -0.00501327589154], [-1.03006357222e-06, -0.000812426616903, 0.00100970722269, -0.00126033544075, -0.000598153390456, 0.000515676394571, -0.000387986394344, -0.00173417059705, -0.000413257657783, 0.00114731991198, 0.000529904151335, -0.00501327589154, 0.0134682944044]], "cov": [[21872.9667969, -1178.34094238, 3340.34960938, 3165.41113281, -279.214996338, 2232.01660156, 96.6845703125, 1297.97167969, 355.861968994, 835.056396484, -566.820678711, -47.8635025024, -7.29729127884], [-1178.34094238, 1362.16345215, -489.920593262, -347.757019043, 290.172546387, -328.547424316, 97.0494842529, -249.28062439, 49.1822395325, -177.952163696, 149.694702148, -21.7652111053, 85.1061553955], [3340.34960938, -489.920593262, 1757.84838867, 928.215515137, 211.368041992, 926.424438477, 176.068283081, 564.449951172, 171.813827515, 374.259277344, -118.11995697, 49.7649726868, -25.993434906], [3165.41113281, -347.757019043, 928.215515137, 902.691040039, 148.995513916, 648.03527832, 175.475234985, 382.952362061, 172.992874146, 262.673583984, -69.9773406982, 16.3029232025, 22.0715236664], [-279.214996338, 290.172546387, 211.368041992, 148.995513916, 379.531921387, 200.561386108, 200.118484497, 110.036300659, 99.0106430054, 92.3736801147, 52.3729743958, 37.972454071, 51.931427002], [2232.01660156, -328.547424316, 926.424438477, 648.03527832, 200.561386108, 823.876831055, 267.249664307, 389.188537598, 181.86517334, 269.566375732, -36.1321525574, 46.4284706116, 8.03424358368], [96.6845703125, 97.0494842529, 176.068283081, 175.475234985, 200.118484497, 267.249664307, 268.916870117, 137.10067749, 113.830688477, 114.618003845, 53.4630126953, 42.6455459595, 40.6366348267], [1297.97167969, -249.28062439, 564.449951172, 382.952362061, 110.036300659, 389.188537598, 137.10067749, 323.968322754, 122.376167297, 195.373626709, -23.5713119507, 37.2714004517, 16.1435394287], [355.861968994, 49.1822395325, 171.813827515, 172.992874146, 99.0106430054, 181.86517334, 113.830688477, 122.376167297, 159.3565979, 100.473716736, 34.1310768127, 21.7743492126, 25.8645401001], [835.056396484, -177.952163696, 374.259277344, 262.673583984, 92.3736801147, 269.566375732, 114.618003845, 195.373626709, 100.473716736, 230.345504761, 27.2263374329, 39.6323738098, 5.2330198288], [-566.820678711, 149.694702148, -118.11995697, -69.9773406982, 52.3729743958, -36.1321525574, 53.4630126953, -23.5713119507, 34.1310768127, 27.2263374329, 134.717529297, 20.9109325409, 14.7191677094], [-47.8635025024, -21.7652111053, 49.7649726868, 16.3029232025, 37.972454071, 46.4284706116, 42.6455459595, 37.2714004517, 21.7743492126, 39.6323738098, 20.9109325409, 90.4973144531, 32.5693740845], [-7.29729127884, 85.1061553955, -25.993434906, 22.0715236664, 51.931427002, 8.03424358368, 40.6366348267, 16.1435394287, 25.8645401001, 5.2330198288, 14.7191677094, 32.5693740845, 100.535713196]]}, "spectral_energyband_middle_low": {"dmean2": 0.00592253543437, "median": 0.00692047690973, "min": 2.40791751248e-22, "dvar2": 6.74321781844e-05, "dvar": 2.63478596025e-05, "dmean": 0.00372002553195, "max": 0.0631613135338, "var": 9.81595658232e-05, "mean": 0.0102148829028}, "melbands_crest": {"dmean2": 5.27359294891, "median": 13.4286174774, "min": 1.79871535301, "dvar2": 21.0802707672, "dvar": 9.00906658173, "dmean": 3.30896806717, "max": 31.3338432312, "var": 28.1711444855, "mean": 14.2673950195}, "spectral_kurtosis": {"dmean2": 4.73931455612, "median": 4.50830507278, "min": -1.22220575809, "dvar2": 39.8425941467, "dvar": 12.8751573563, "dmean": 2.74443507195, "max": 56.7423400879, "var": 32.8225402832, "mean": 6.45874071121}, "spectral_rms": {"dmean2": 0.000922521401662, "median": 0.00401881616563, "min": 3.16743549791e-12, "dvar2": 1.04026412373e-06, "dvar": 4.50197717328e-07, "dmean": 0.000605923007242, "max": 0.0124149061739, "var": 5.91762773183e-06, "mean": 0.00433379691094}, "zerocrossingrate": {"dmean2": 0.0109392004088, "median": 0.05126953125, "min": 0.01123046875, "dvar2": 0.000167135236552, "dvar": 0.000120797551062, "dmean": 0.00884888600558, "max": 0.5244140625, "var": 0.000987197854556, "mean": 0.0589171983302}, "silence_rate_60dB": {"dmean2": 0.0726268813014, "median": 0, "min": 0, "dvar2": 0.0832742750645, "dvar": 0.034987885505, "dmean": 0.0363095887005, "max": 1, "var": 0.121937707067, "mean": 0.142144367099}, "erbbands_kurtosis": {"dmean2": 1.84757077694, "median": -0.0193468332291, "min": -1.81233382225, "dvar2": 10.5869112015, "dvar": 4.37350845337, "dmean": 1.16119277477, "max": 58.692035675, "var": 9.85503101349, "mean": 0.786118626595}, "erbbands": {"dmean2": [0.192520648241, 1.30193543434, 1.22167515755, 1.16659116745, 2.38334345818, 5.45041179657, 10.1864099503, 15.4908189774, 34.3195114136, 43.9859161377, 16.308807373, 14.9296674728, 61.5449676514, 44.7888374329, 44.8689727783, 26.6571922302, 17.5555591583, 33.4897117615, 11.9499444962, 29.3116340637, 17.8633575439, 13.3925409317, 15.6939916611, 13.6363401413, 15.0385169983, 17.3044013977, 19.2454967499, 16.6578273773, 16.538482666, 5.89635515213, 2.60353207588, 3.17089915276, 3.86080145836, 1.10159039497, 0.783421576023, 0.102421075106, 0.0890292078257, 0.00963714066893, 0.000373850925826, 1.94299063878e-05], "median": [0.00487381126732, 0.0468000024557, 0.11563757062, 0.147428184748, 0.508035123348, 2.4674911499, 4.03894042969, 12.2681112289, 15.5301055908, 17.105796814, 7.6612868309, 6.84922933578, 15.7141056061, 17.2265281677, 25.1787567139, 13.8879928589, 8.3468952179, 13.794137001, 7.03019714355, 10.4000101089, 11.4743900299, 10.3642921448, 6.87225103378, 6.73612451553, 5.21106052399, 3.98320770264, 2.57927131653, 2.0884346962, 1.39582180977, 0.844433009624, 0.321537554264, 0.217389047146, 0.124895617366, 0.0492221154273, 0.0213008988649, 0.00748216547072, 0.00289003085345, 0.000361613347195, 2.61778841377e-05, 2.27797499974e-05], "min": [1.58772898434e-22, 1.45017625493e-21, 3.61009245858e-21, 5.26704185428e-21, 1.14617546486e-20, 4.34666900596e-20, 8.26724112252e-20, 2.15680132742e-19, 3.44568649905e-19, 3.78051215041e-19, 4.70240339214e-19, 8.78296445301e-19, 8.7221790857e-19, 7.86235172232e-19, 1.00424027703e-18, 2.40548113277e-18, 2.76593087495e-18, 1.75964146475e-18, 2.37438948149e-18, 2.7940115888e-18, 7.40381159437e-18, 5.61642897342e-18, 7.2062039363e-18, 8.19771142216e-18, 7.41401817595e-18, 9.09646631876e-18, 1.20237327751e-17, 1.34584494235e-17, 1.49436844733e-17, 1.46725991886e-17, 1.22699803076e-17, 1.38746106071e-17, 9.73414068015e-18, 8.46697939106e-18, 6.65778443095e-18, 4.91072438331e-18, 2.76014226503e-18, 1.09996016995e-18, 2.84338630975e-19, 3.19449785491e-20], "dvar2": [0.234067350626, 12.8364753723, 14.9035177231, 15.9706430435, 46.2598762512, 126.830368042, 363.364318848, 666.209533691, 4738.87939453, 8676.71289062, 1364.93615723, 954.731567383, 14941.0390625, 8356.77148438, 5889.52441406, 2376.88623047, 1096.80444336, 3339.71704102, 394.360900879, 2883.27441406, 947.039794922, 532.402282715, 1227.71813965, 793.83404541, 966.977294922, 2417.53637695, 4637.984375, 1465.28076172, 5586.76220703, 648.265319824, 174.197601318, 68.2415771484, 146.424606323, 13.3591041565, 8.87786483765, 0.0991110876203, 0.14920091629, 0.000987438019365, 2.01964371627e-06, 1.37261957356e-09], "dvar": [0.109962008893, 5.29190063477, 6.10416841507, 6.02997732162, 20.2069988251, 51.3198280334, 140.128173828, 276.419830322, 1824.02722168, 3411.34814453, 528.531982422, 368.015777588, 6279.75683594, 3831.68310547, 2963.32324219, 865.45703125, 398.089447021, 1226.86157227, 147.33430481, 1075.65087891, 357.269470215, 198.571884155, 452.271942139, 291.601013184, 360.909667969, 863.392822266, 1637.11047363, 566.29876709, 1941.81103516, 230.54598999, 59.8619613647, 27.3847389221, 54.2998275757, 4.9182009697, 3.38482046127, 0.0358759500086, 0.0542323105037, 0.000364628562238, 7.31846625968e-07, 5.32374144768e-10], "dmean": [0.125596523285, 0.844108223915, 0.75202870369, 0.700308144093, 1.54210066795, 3.36318874359, 6.12624883652, 9.75478935242, 21.2422866821, 27.3082809448, 10.0792598724, 9.02045059204, 38.9507293701, 29.5729999542, 30.6835613251, 16.1019191742, 10.4007806778, 20.3155860901, 7.26106643677, 17.4953765869, 10.7048368454, 7.99129676819, 9.34845638275, 8.16853523254, 9.02414703369, 10.1932287216, 11.3353071213, 10.2096824646, 9.56439399719, 3.51497626305, 1.5391856432, 2.00270318985, 2.32499480247, 0.653050720692, 0.460856407881, 0.0617985837162, 0.0525261573493, 0.00569202518091, 0.000214973595575, 1.23096970128e-05], "max": [4.73034667969, 33.341053009, 53.2302742004, 43.1067276001, 86.5314178467, 154.473571777, 253.736480713, 387.204437256, 628.640075684, 1031.09106445, 579.353759766, 598.391418457, 1605.17272949, 1251.69873047, 999.090087891, 460.276031494, 390.210479736, 493.61138916, 215.198303223, 567.347412109, 323.855102539, 475.056793213, 341.506347656, 255.809585571, 305.058441162, 625.395263672, 1059.6373291, 335.092803955, 1014.62475586, 548.918273926, 462.994628906, 102.523132324, 130.708084106, 32.7031860352, 28.3488731384, 5.76900815964, 8.68768310547, 0.348604381084, 0.0175468828529, 0.000401769735618], "var": [0.194731116295, 9.79386615753, 8.11915016174, 6.79253721237, 39.872303009, 86.0048294067, 256.93649292, 661.697143555, 3977.19067383, 8154.38037109, 845.449645996, 574.067687988, 13305.4238281, 10388.8291016, 9235.921875, 1497.28479004, 782.920471191, 2069.47509766, 448.036621094, 2708.4140625, 688.380859375, 445.215576172, 619.123779297, 378.736816406, 483.739501953, 953.665710449, 1680.56774902, 646.681030273, 1287.55578613, 173.434707642, 38.0615959167, 41.0542640686, 52.586681366, 4.09260988235, 2.93937587738, 0.0352852120996, 0.0436361655593, 0.000340347702149, 5.53857319119e-07, 1.53826851257e-09], "mean": [0.21703144908, 1.62205684185, 1.16397082806, 0.973812997341, 2.38217329979, 5.58165216446, 9.92295360565, 19.9591674805, 38.7303886414, 46.9706916809, 17.1994667053, 14.8050107956, 62.7278404236, 55.3683128357, 62.5232543945, 28.2814559937, 18.4354953766, 32.0230064392, 16.096912384, 33.0103759766, 20.3312416077, 16.4540882111, 15.4070644379, 13.0746097565, 13.4700126648, 13.9611816406, 14.5144138336, 12.3224964142, 9.80714511871, 4.05792331696, 1.71600973606, 2.71695756912, 2.59371948242, 0.65426081419, 0.444549500942, 0.0745295807719, 0.0569337569177, 0.00635058246553, 0.000214673753362, 3.69110857719e-05]}, "spectral_strongpeak": {"dmean2": 1.02275681496, "median": 0.579520225525, "min": 0, "dvar2": 2.37596130371, "dvar": 0.929473400116, "dmean": 0.604695856571, "max": 13.4399728775, "var": 1.43143761158, "mean": 1.08172106743}, "spectral_energy": {"dmean2": 0.0107200136408, "median": 0.0165546573699, "min": 1.02834641388e-20, "dvar2": 0.000247844669502, "dvar": 0.000104181657662, "dmean": 0.00694520352408, "max": 0.157983139157, "var": 0.000572875549551, "mean": 0.025316927582}, "average_loudness": 0.683978259563, "spectral_rolloff": {"dmean2": 828.339050293, "median": 1162.79296875, "min": 64.599609375, "dvar2": 1502240.75, "dvar": 646368.6875, "dmean": 500.070709229, "max": 19638.28125, "var": 1586816.375, "mean": 1562.06347656}, "spectral_centroid": {"dmean2": 411.39074707, "median": 1257.76086426, "min": 413.714019775, "dvar2": 225310.640625, "dvar": 96601.140625, "dmean": 260.83581543, "max": 11446.0644531, "var": 429456.9375, "mean": 1411.47851562}, "pitch_salience": {"dmean2": 0.110092319548, "median": 0.51400834322, "min": 0.117674581707, "dvar2": 0.00926654506475, "dvar": 0.00383298983797, "dmean": 0.0700254663825, "max": 0.91025698185, "var": 0.0113327847794, "mean": 0.511303246021}, "spectral_energyband_middle_high": {"dmean2": 0.00304985581897, "median": 0.00413799565285, "min": 1.19976166282e-21, "dvar2": 1.58584043675e-05, "dvar": 6.86347812007e-06, "dmean": 0.00200193631463, "max": 0.0479823090136, "var": 4.09406675317e-05, "mean": 0.00653449818492}, "spectral_contrast_coeffs": {"dmean2": [0.0781756043434, 0.0770887210965, 0.0632491186261, 0.0526239611208, 0.0378809645772, 0.0332286767662], "median": [-0.64215439558, -0.702509522438, -0.725012421608, -0.765220999718, -0.785053193569, -0.727257370949], "min": [-0.976449489594, -0.981013417244, -0.970133244991, -0.962573349476, -0.964641571045, -0.960591077805], "dvar2": [0.00398270087317, 0.00395014416426, 0.0024550834205, 0.00165289849974, 0.000997635768726, 0.000948954024352], "dvar": [0.00146984355524, 0.00145369663369, 0.000961332581937, 0.000604549364652, 0.000356777047273, 0.000348920555552], "dmean": [0.047450132668, 0.0468709841371, 0.0394138135016, 0.0314748175442, 0.0223753228784, 0.0201894231141], "max": [-0.261159539223, -0.417373418808, -0.446827828884, -0.581282317638, -0.631157755852, -0.56192278862], "var": [0.0128605151549, 0.00595499062911, 0.00437583541498, 0.00226721912622, 0.00130200886633, 0.00192895391956], "mean": [-0.625077366829, -0.6963519454, -0.72091037035, -0.763193964958, -0.781730115414, -0.729116022587]}, "melbands_skewness": {"dmean2": 0.882692098618, "median": 1.56886696815, "min": -1.89027428627, "dvar2": 0.864062070847, "dvar": 0.384323596954, "dmean": 0.591895222664, "max": 10.3787221909, "var": 1.7551484108, "mean": 1.77716445923}, "spectral_spread": {"dmean2": 658785.125, "median": 3320629, "min": 1204626.5, "dvar2": 912320495616, "dvar": 470209232896, "dmean": 430680.875, "max": 41653188, "var": 3093976580100.0, "mean": 3599962.75}, "dissonance": {"dmean2": 0.039033498615, "median": 0.46125587821, "min": 0.263514667749, "dvar2": 0.00134104979225, "dvar": 0.000476771354442, "dmean": 0.0232527703047, "max": 0.499999970198, "var": 0.00113621051423, "mean": 0.453531444073}, "spectral_skewness": {"dmean2": 0.498058229685, "median": 1.4941778183, "min": -0.0389235019684, "dvar2": 0.252501040697, "dvar": 0.0848641917109, "dmean": 0.296827495098, "max": 5.23898792267, "var": 0.351228624582, "mean": 1.61668646336}, "spectral_flux": {"dmean2": 0.0278140157461, "median": 0.0615633428097, "min": 6.6042324387e-11, "dvar2": 0.000972247566096, "dvar": 0.000368264882127, "dmean": 0.0169623121619, "max": 0.301856189966, "var": 0.00218821014278, "mean": 0.0696850568056}, "spectral_contrast_valleys": {"dmean2": [0.66105055809, 0.537276506424, 0.487711161375, 0.409994840622, 0.397832363844, 0.455853670835], "median": [-8.36110305786, -6.63948774338, -7.23083305359, -7.715051651, -7.55044746399, -10.7786989212], "min": [-27.4890842438, -28.1908950806, -27.6818580627, -27.482416153, -27.2830963135, -27.3498096466], "dvar2": [0.313556194305, 0.196510523558, 0.163029253483, 0.125451594591, 0.156153187156, 0.263458579779], "dvar": [0.14138635993, 0.0878727063537, 0.0752820372581, 0.062975242734, 0.0752801522613, 0.134675294161], "dmean": [0.403677433729, 0.323377996683, 0.294322550297, 0.251075237989, 0.250178962946, 0.315275251865], "max": [-5.37821340561, -4.57036161423, -5.21606492996, -5.72783994675, -5.3631696701, -7.70492696762], "var": [4.96266460419, 2.27740836143, 1.94825851917, 2.0042347908, 2.49846863747, 3.67702269554], "mean": [-8.87193584442, -6.91402292252, -7.43253707886, -7.94526863098, -7.90890789032, -11.199215889]}, "erbbands_flatness_db": {"dmean2": 0.0261835120618, "median": 0.199654221535, "min": 0.0377218537033, "dvar2": 0.000513249484356, "dvar": 0.000247990101343, "dmean": 0.0180737469345, "max": 0.49736225605, "var": 0.00663536600769, "mean": 0.214168697596}, "spectral_energyband_high": {"dmean2": 0.00121892709285, "median": 0.000204958749237, "min": 7.36357796882e-21, "dvar2": 9.96604831016e-06, "dvar": 3.76291814064e-06, "dmean": 0.000756590685342, "max": 0.0343557111919, "var": 4.69919632451e-06, "mean": 0.00105380825698}, "spectral_entropy": {"dmean2": 0.239734277129, "median": 7.45195579529, "min": 5.02988243103, "dvar2": 0.0450160987675, "dvar": 0.0195584017783, "dmean": 0.15763092041, "max": 9.8110408783, "var": 0.315025776625, "mean": 7.35232877731}, "silence_rate_20dB": {"dmean2": 0, "median": 1, "min": 1, "dvar2": 0, "dvar": 0, "dmean": 0, "max": 1, "var": 0, "mean": 1}, "melbands_flatness_db": {"dmean2": 0.0374652184546, "median": 0.204618960619, "min": 0.00433207442984, "dvar2": 0.00115686247591, "dvar": 0.000529295823071, "dmean": 0.0255327485502, "max": 0.434030085802, "var": 0.00462807808071, "mean": 0.209153309464}, "barkbands": {"dmean2": [0.00014905052376, 0.00604410935193, 0.00103501742706, 0.000403247599024, 0.00135671359021, 0.00181419693399, 0.00281558954157, 0.00133113341872, 0.000621600949671, 0.00164379028138, 0.00150599237531, 0.000553354562726, 0.000375757634174, 0.00062543770764, 0.000416293507442, 0.000431770575233, 0.000293808232527, 0.000287309987471, 0.000296928366879, 0.000339785765391, 0.000406246603234, 0.000467217469122, 0.000106018793304, 0.000206315395189, 0.00010139105143, 2.94949386443e-05, 2.3878662887e-06], "median": [7.45095405819e-07, 0.000190731763723, 6.09014132351e-05, 2.86846261588e-05, 0.000689147855155, 0.00132937030867, 0.000965681974776, 0.000494991894811, 0.000229032972129, 0.000472308602184, 0.000754766981117, 0.000241801069933, 0.000137477793032, 0.000229651646805, 0.000124679994769, 0.000135367678013, 0.000208206984098, 0.000118421696243, 0.000111212793854, 8.20904388092e-05, 5.60610424145e-05, 3.85146959161e-05, 1.34643942147e-05, 8.84180917637e-06, 3.61263846571e-06, 1.5482892195e-06, 4.97061733995e-08], "min": [5.29438030778e-25, 5.31793855404e-24, 3.87108758448e-24, 2.31884519241e-24, 1.19956098291e-23, 2.37627418743e-23, 2.43884174349e-23, 1.13839972918e-23, 3.37073922359e-23, 2.13749656215e-23, 3.47168154948e-23, 5.1197400915e-23, 7.61002503234e-23, 2.09574278553e-23, 5.40001542915e-23, 1.25192553825e-22, 9.17401308997e-23, 1.3798917775e-22, 1.53042272031e-22, 2.15820428713e-22, 3.17902361997e-22, 4.29756073087e-22, 4.60696283262e-22, 6.78907780934e-22, 9.07345339317e-22, 1.50125344607e-21, 2.15178919452e-21], "dvar2": [2.72221114983e-07, 0.000246832030825, 1.50837122419e-05, 1.70280077327e-06, 6.36525192022e-06, 7.60754437579e-06, 3.62813116226e-05, 8.56897349877e-06, 1.67322730249e-06, 9.88853480521e-06, 6.02969203101e-06, 1.0041517271e-06, 4.94114544836e-07, 1.15336285944e-06, 6.83204802954e-07, 9.6300345831e-07, 2.00910989179e-07, 4.04842865009e-07, 3.89889436292e-07, 8.07361629995e-07, 1.36661412853e-06, 2.80652830043e-06, 4.29084735742e-07, 3.47209493157e-07, 1.26111416421e-07, 1.24410508562e-08, 7.02441785294e-11], "dvar": [9.73281402139e-08, 0.000106313425931, 5.58190140509e-06, 6.76683498568e-07, 2.54326801041e-06, 3.1834249512e-06, 1.34654719659e-05, 3.8758644223e-06, 6.61584920181e-07, 4.1858561417e-06, 3.00085662275e-06, 3.65518104672e-07, 1.80976527986e-07, 4.23328771149e-07, 2.55846828168e-07, 3.63688059224e-07, 7.30814804228e-08, 1.49894589185e-07, 1.45318892919e-07, 2.88925519953e-07, 4.9699946203e-07, 9.98994210022e-07, 1.46643841958e-07, 1.33897984256e-07, 4.80788493462e-08, 4.54360415958e-09, 2.49351771869e-11], "dmean": [9.25395215745e-05, 0.00393394147977, 0.000601082807407, 0.000246266485192, 0.000851468474139, 0.00113763357513, 0.00170086941216, 0.00086253095651, 0.00037302626879, 0.00104111467954, 0.00104229641147, 0.000331396935508, 0.000221410562517, 0.000378632714273, 0.000249940843787, 0.000