{"tonal": {"thpcp": [1, 0.529547631741, 0.296803742647, 0.291985809803, 0.350328534842, 0.422138303518, 0.385652631521, 0.253234863281, 0.173509031534, 0.171761378646, 0.197140499949, 0.296342790127, 0.341632306576, 0.309612005949, 0.44287481904, 0.430312603712, 0.217633113265, 0.15791156888, 0.182059422135, 0.233544722199, 0.510427355766, 0.741777658463, 0.500848174095, 0.211879327893, 0.143869638443, 0.142466053367, 0.204295009375, 0.219192877412, 0.317608863115, 0.458546578884, 0.296477288008, 0.136838465929, 0.189529970288, 0.251336574554, 0.403412520885, 0.895672023296], "hpcp": {"dmean2": [0.287421017885, 0.248569533229, 0.196781173348, 0.157239630818, 0.149502843618, 0.15486356616, 0.174546152353, 0.190627992153, 0.198513016105, 0.190666630864, 0.168695539236, 0.14437186718, 0.123269699514, 0.139804378152, 0.174573332071, 0.240983113647, 0.267517238855, 0.241858825088, 0.156942173839, 0.117114372551, 0.1080840379, 0.113940484822, 0.106954909861, 0.208134919405, 0.331514239311, 0.206017047167, 0.0958129540086, 0.116851173341, 0.164550855756, 0.264271378517, 0.375523507595, 0.358017116785, 0.306118249893, 0.253161132336, 0.250279337168, 0.27344840765], "median": [0.0154725722969, 0.013958609663, 0.00716442940757, 0.00363785820082, 0.00323762046173, 0.00502197304741, 0.0109726050869, 0.0138942981139, 0.0146643696353, 0.00677460758016, 0.00619079591706, 0.00622243108228, 0.00442985631526, 0.00422598235309, 0.0107732545584, 0.04386324808, 0.0621480531991, 0.0392973683774, 0.00739372428507, 0.00315736001357, 0.00407018326223, 0.00642226776108, 0.00613639317453, 0.0134237492457, 0.00916477944702, 0.00904523115605, 0.00422388734296, 0.00781556777656, 0.0114667518064, 0.0399890951812, 0.112064853311, 0.104970358312, 0.0483863390982, 0.0111962892115, 0.00843248423189, 0.0106981974095], "min": [0, 0, 0, 0, 0, 0, 0, 0, 0, 0, 0, 0, 0, 0, 0, 0, 0, 0, 0, 0, 0, 0, 0, 0, 0, 0, 0, 0, 0, 0, 0, 0, 0, 0, 0, 0], "dvar2": [0.180815815926, 0.158555015922, 0.133860439062, 0.107301354408, 0.104420259595, 0.101903393865, 0.108890384436, 0.115493126214, 0.114925339818, 0.118055768311, 0.101303242147, 0.0811842158437, 0.0734709873796, 0.0807726979256, 0.092695556581, 0.112575247884, 0.132613003254, 0.120117209852, 0.0791420191526, 0.0700513124466, 0.0613877810538, 0.0583951659501, 0.051436085254, 0.0807383656502, 0.219327241182, 0.0882244408131, 0.0456916578114, 0.0544178113341, 0.0874100029469, 0.122268304229, 0.172747895122, 0.184559315443, 0.153600379825, 0.15240752697, 0.156458109617, 0.164830908179], "dvar": [0.0672467574477, 0.0578800216317, 0.0482926815748, 0.0379252955317, 0.0368751995265, 0.0364000424743, 0.0395910404623, 0.0429802499712, 0.0404672957957, 0.0455237030983, 0.0401504151523, 0.0285264421254, 0.0259349159896, 0.0289995465428, 0.0330261811614, 0.0435728766024, 0.0591813474894, 0.0458037517965, 0.0291625130922, 0.0250229109079, 0.0221583619714, 0.0217576455325, 0.020341264084, 0.0316521525383, 0.0879039093852, 0.0342795550823, 0.0166139118373, 0.0206509567797, 0.0325591601431, 0.0446910709143, 0.0682174563408, 0.0781460702419, 0.0549307987094, 0.0556134954095, 0.0577449947596, 0.060606341809], "dmean": [0.158049538732, 0.137058094144, 0.106816351414, 0.0836567655206, 0.0800165906549, 0.0833272710443, 0.0986192747951, 0.108322449028, 0.11046923697, 0.108300752938, 0.0967637971044, 0.0798073112965, 0.0667618364096, 0.0761859342456, 0.095984198153, 0.140266135335, 0.158576697111, 0.140795126557, 0.0867012143135, 0.0642660558224, 0.0597798451781, 0.0647048950195, 0.0617277473211, 0.116191491485, 0.182381391525, 0.114189617336, 0.0537448562682, 0.0666866600513, 0.0913767591119, 0.148365646601, 0.2175681144, 0.205373764038, 0.171982228756, 0.136449918151, 0.135221034288, 0.150151073933], "max": [1, 1, 1, 1, 1, 1, 1, 1, 1, 1, 1, 1, 1, 1, 1, 1, 1, 1, 1, 1, 1, 1, 1, 1, 1, 1, 1, 1, 1, 1, 1, 1, 1, 1, 1, 1], "var": [0.0648588165641, 0.0570605322719, 0.0375108383596, 0.0253172591329, 0.0262657292187, 0.0301063749939, 0.0424547865987, 0.0522480159998, 0.0380741395056, 0.0835798233747, 0.0837804824114, 0.0261982306838, 0.0209324304014, 0.0244771055877, 0.0272308830172, 0.0632369592786, 0.117423810065, 0.062768727541, 0.0262340288609, 0.0186083372682, 0.0172824952751, 0.0258043389767, 0.0324078686535, 0.0334226638079, 0.0853800773621, 0.035946097225, 0.0151221072301, 0.0225354749709, 0.0341484434903, 0.0454812422395, 0.119099490345, 0.153491526842, 0.0616958253086, 0.0427987910807, 0.0438669137657, 0.0516209080815], "mean": [0.138971552253, 0.126960158348, 0.0833670943975, 0.0571206621826, 0.0565453208983, 0.0649003461003, 0.0975585877895, 0.112468287349, 0.101926930249, 0.145798191428, 0.141662597656, 0.0716466903687, 0.0519858449697, 0.0599355250597, 0.0768849253654, 0.168037071824, 0.244199573994, 0.164883509278, 0.0697524920106, 0.0473631173372, 0.0469010472298, 0.0672556683421, 0.0721601769328, 0.1045595631, 0.150957465172, 0.09760286659, 0.0450483970344, 0.0623948909342, 0.0827421620488, 0.132806867361, 0.294862926006, 0.32920858264, 0.174331620336, 0.0977103412151, 0.0961242318153, 0.115331158042]}, "tuning_equal_tempered_deviation": 0.221613869071, "chords_changes_rate": 0.0664023756981, "key_key": "G", "tuning_diatonic_strength": 0.622564256191, "key_scale": "major", "chords_number_rate": 0.00198216061108, "tuning_frequency": 434.193115234, "tuning_nontempered_energy_ratio": 0.911810517311, "chords_histogram": [25.0941524506, 0.753221035004, 12.32903862, 0.594648182392, 1.24876117706, 0.257680863142, 0.93161547184, 0.15857283771, 0, 0.0198216047138, 0.21803766489, 0.792864203453, 8.16650104523, 0.376610517502, 0.515361726284, 2.22001981735, 0.21803766489, 7.03667020798, 0.475718528032, 12.7056493759, 0.198216050863, 1.94251739979, 19.6035671234, 4.1427154541], "key_strength": 0.776300489902, "chords_key": "G", "chords_strength": {"dmean2": 0.0119763221592, "median": 0.495241701603, "min": -1, "dvar2": 0.000871549593285, "dvar": 0.000454515422462, "dmean": 0.0107049588114, "max": 0.763925075531, "var": 0.0385940521955, "mean": 0.477780342102}, "chords_scale": "major", "hpcp_entropy": {"dmean2": 1.10535407066, "median": 2.12941503525, "min": 0, "dvar2": 0.857635974884, "dvar": 0.316448748112, "dmean": 0.66261357069, "max": 4.43766641617, "var": 0.626841247082, "mean": 2.10775947571}}, "metadata": {"audio_properties": {"equal_loudness": 0, "codec": "flac", "downmix": "mix", "sample_rate": 44100, "analysis_sample_rate": 44100, "bit_rate": 0, "md5_encoded": "a561f2910a347f5b6e3431414ee7cc8a", "length": 234.240005493, "replay_gain": -10.4986534119, "lossless": true}, "version": {"essentia_build_sha": "70f2e5ece6736b2c40cc944ad0e695b16b925413", "essentia": "2.1-beta2", "extractor": "music 1.0", "essentia_git_sha": "v2.1_beta2"}, "tags": {"title": ["Thinking of a Time"], "barcode": ["700261248783"], "media": ["CD"], "albumartist": ["School for the Dead"], "tracktotal": ["11"], "language": ["eng"], "releasetype": ["album"], "musicbrainz_recordingid": ["0cd3b824-6711-4bb5-b2a6-1234acac9055"], "musicbrainz_releasegroupid": ["d9bd4ac4-1544-4d44-9043-adaede41cc43"], "musicbrainz_albumartistid": ["3b7baf7b-2f3a-4d15-93ab-3ddf6e7105b4"], "originalyear": ["2008"], "musicbrainz_releasetrackid": ["eeec755d-1b90-4ab2-9cd3-8b581b0ec293"], "discnumber": ["1"], "album": ["A Telephone Built for Two"], "catalognumber": ["RWDD31"], "originaldate": ["2008"], "albumartistsort": ["School for the Dead"], "date": ["2008"], "file_name": "1-11 Thinking of a Time.flac", "disctotal": ["1"], "acoustid_id": ["680a3b1b-a2bc-4401-b5d0-d114d1c2d48a"], "musicbrainz_artistid": ["3b7baf7b-2f3a-4d15-93ab-3ddf6e7105b4"], "asin": ["B001D741NG"], "musicbrainz_albumid": ["046eba4a-2195-4b06-807b-59b1ecedff18"], "tracknumber": ["11"], "artistsort": ["School for the Dead"], "artist": ["School for the Dead"], "label": ["Rub Wrongways Records"], "releasestatus": ["official"], "totaldiscs": ["1"], "script": ["Latn"], "totaltracks": ["11"]}}, "rhythm": {"bpm_histogram_first_peak_bpm": {"dmean2": 0, "median": 123, "min": 123, "dvar2": 0, "dvar": 0, "dmean": 0, "max": 123, "var": 0, "mean": 123}, "bpm": 123.621963501, "bpm_histogram_second_peak_spread": {"dmean2": 0, "median": 0.1875, "min": 0.1875, "dvar2": 0, "dvar": 0, "dmean": 0, "max": 0.1875, "var": 0, "mean": 0.1875}, "bpm_histogram_first_peak_weight": {"dmean2": 0, "median": 0.470347642899, "min": 0.470347642899, "dvar2": 0, "dvar": 0, "dmean": 0, "max": 0.470347642899, "var": 0, "mean": 0.470347642899}, "onset_rate": 4.06395578384, "beats_position": [0.476009070873, 0.940408170223, 1.40480720997, 1.88081634045, 2.35682535172, 2.8444442749, 3.33206343651, 3.83129239082, 4.33052158356, 4.82975053787, 5.31736946106, 5.81659841537, 6.31582736969, 6.80344676971, 7.30267572403, 7.80190467834, 8.3011341095, 8.78875255585, 9.287981987, 9.78721046448, 10.2864398956, 10.7856683731, 11.2848978043, 11.7725172043, 12.2601356506, 12.7477550507, 13.235373497, 13.722992897, 14.2106122971, 14.6982307434, 15.1742401123, 15.6502494812, 16.1378688812, 16.6254863739, 17.1131057739, 17.6123352051, 18.1115646362, 18.5991840363, 19.0868015289, 19.574420929, 20.062040329, 20.549659729, 21.037279129, 21.5248966217, 22.0125160217, 22.4885253906, 22.9761447906, 23.4637641907, 23.9513835907, 24.4390010834, 24.9150104523, 25.4026298523, 25.8902492523, 26.3778686523, 26.865486145, 27.3647155762, 27.8639450073, 28.3515644073, 28.8391838074, 29.3268013, 29.8144207001, 30.3020401001, 30.778049469, 31.265668869, 31.753288269, 32.2292976379, 32.7169151306, 33.204536438, 33.6921539307, 34.1797714233, 34.6673927307, 35.1550102234, 35.6426315308, 36.1302490234, 36.6178665161, 37.093875885, 37.5698852539, 38.0458946228, 38.5219039917, 39.0095214844, 39.4855308533, 39.9615402222, 40.4491615295, 40.9367790222, 41.4243965149, 41.9120178223, 42.3996353149, 42.8872566223, 43.374874115, 43.8624954224, 44.350112915, 44.8377304077, 45.3253517151, 45.801361084, 46.2773704529, 46.7649879456, 47.2526054382, 47.7286148071, 48.204624176, 48.6922454834, 49.1798629761, 49.6674804688, 50.1551017761, 50.6427192688, 51.1303405762, 51.6179580688, 52.1055755615, 52.5931968689, 53.0808143616, 53.5568237305, 54.0328330994, 54.4972343445, 54.9732398987, 55.4492492676, 55.936870575, 56.4244880676, 56.912109375, 57.4113349915, 57.9105644226, 58.39818573, 58.8858032227, 59.37342453, 59.8610420227, 60.3486595154, 60.8246688843, 61.3006782532, 61.7882995605, 62.2759170532, 62.7635345459, 63.2511558533, 63.7387733459, 64.2263946533, 64.714012146, 65.2016296387, 65.6892471313, 66.1652603149, 66.6412658691, 67.1288909912, 67.6048965454, 68.0809020996, 68.5685272217, 69.0561447144, 69.5321502686, 70.0081634521, 70.4841690063, 70.9601821899, 71.4361877441, 71.9005889893, 72.3765945435, 72.8642196655, 73.3402252197, 73.8162307739, 74.303855896, 74.7682495117, 75.2442626953, 75.7086639404, 76.1962814331, 76.6722869873, 77.15990448, 77.6359176636, 78.1119232178, 78.5879364014, 79.075553894, 79.5515594482, 80.0391845703, 80.526802063, 81.0144195557, 81.4904327393, 81.9664382935, 82.4540557861, 82.9300689697, 83.4176864624, 83.8936920166, 84.3813171387, 84.8457107544, 85.3101119995, 85.7861175537, 86.2621307373, 86.74974823, 87.2373657227, 87.7249908447, 88.2009963989, 88.6770019531, 89.1646270752, 89.6522445679, 90.1398620605, 90.6158676147, 91.1034927368, 91.5911102295, 92.0903396606, 92.5779571533, 93.065574646, 93.5531921387, 94.0292053223, 94.5052108765, 94.9928359985, 95.4804534912, 95.9680709839, 96.4556884766, 96.9433059692, 97.4309310913, 97.918548584, 98.4061660767, 98.8937835693, 99.381401062, 99.8690261841, 100.356643677, 100.844261169, 101.331878662, 101.819496155, 102.307121277, 102.79473877, 103.282356262, 103.769973755, 104.257591248, 104.74521637, 105.232833862, 105.720451355, 106.208068848, 106.707298279, 107.194915771, 107.682540894, 108.158546448, 108.64616394, 109.145393372, 109.644622803, 110.132240295, 110.619865417, 111.119087219, 111.606712341, 112.094329834, 112.581947327, 113.081176758, 113.56879425, 114.056411743, 114.544036865, 115.043266296, 115.542495728, 116.03011322, 116.517730713, 117.005348206, 117.492965698, 117.968978882, 118.444984436, 118.932601929, 119.408615112, 119.884620667, 120.372245789, 120.859863281, 121.324264526, 121.811882019, 122.276275635, 122.763900757, 123.239906311, 123.715919495, 124.203536987, 124.69115448, 125.155555725, 125.631561279, 126.107574463, 126.595191956, 127.082809448, 127.570426941, 128.058044434, 128.522445679, 129.010070801, 129.497680664, 129.985305786, 130.472915649, 130.960540771, 131.448165894, 131.935775757, 132.423400879, 132.899414062, 133.375411987, 133.863037109, 134.350662231, 134.838272095, 135.314285278, 135.790298462, 136.254684448, 136.730697632, 137.206710815, 137.694335938, 138.181945801, 138.669570923, 139.168792725, 139.668029785, 140.155639648, 140.620040894, 141.107666016, 141.595275879, 142.082901001, 142.547302246, 143.034912109, 143.522537231, 143.998550415, 144.47454834, 144.962173462, 145.438186646, 145.914199829, 146.390197754, 146.866210938, 147.35383606, 147.841445923, 148.340682983, 148.839904785, 149.327529907, 149.826751709, 150.32598877, 150.813598633, 151.301223755, 151.788833618, 152.27645874, 152.764083862, 153.251693726, 153.739318848, 154.226928711, 154.714553833, 155.202178955, 155.689788818, 156.165802002, 156.653427124, 157.129425049, 157.617050171, 158.104675293, 158.592285156, 159.079910278, 159.567520142, 160.055145264, 160.542770386, 161.030380249, 161.518005371, 162.005615234, 162.493240356, 162.992462158, 163.491699219, 164.002532959, 164.50177002, 164.989379883, 165.488616943, 165.964630127, 166.440628052, 166.928253174, 167.415863037, 167.903488159, 168.391113281, 168.878723145, 169.366348267, 169.85395813, 170.329971313, 170.817596436, 171.293609619, 171.769607544, 172.245620728, 172.710021973, 173.186035156, 173.67364502, 174.149658203, 174.625671387, 175.11328125, 175.577682495, 176.065307617, 176.541305542, 177.017318726, 177.516555786, 178.004165649, 178.491790771, 178.956192017, 179.420593262, 179.896591187, 180.37260437, 180.860229492, 181.324615479, 181.789016724, 182.253417969, 182.706207275, 183.147384644, 183.576965332, 183.994918823, 184.436096191, 184.87727356, 185.318450928, 185.771240234, 186.235641479, 186.711654663, 187.187667847, 187.663665771, 188.139678955, 188.615692139, 189.080093384, 189.556091309, 190.020492554, 190.47328186, 190.914459229, 191.367248535, 191.820037842, 192.26121521, 192.702392578, 193.143585205, 193.607971191, 194.072372437, 194.54838562, 195.024398804, 195.488800049, 195.953201294, 196.41758728, 196.881988525, 197.346389771, 197.810791016, 198.286804199, 198.762802124, 199.250427246, 199.761260986, 200.272109985, 200.771331787, 201.270568848, 201.758178711, 202.234191895, 202.710205078, 203.174606323, 203.63899231, 204.103393555, 204.5677948, 205.043807983, 205.508209229, 205.984207153, 206.448608398, 206.913009644, 207.377410889, 207.841812134, 208.306213379, 208.770614624, 209.246612549, 209.722625732, 210.210250854, 210.686248779, 211.162261963, 211.638275146, 212.11428833, 212.601898193, 213.101135254, 213.611968994, 214.122802734, 214.633651733, 215.132873535, 215.620498657, 216.084899902, 216.560897827, 217.036911011, 217.501312256, 217.965713501, 218.430114746, 218.894515991, 219.358901978, 219.823303223, 220.299316406, 220.77532959, 221.251327515, 221.704116821, 222.156906128, 222.609695435, 223.062484741, 223.515274048, 223.956451416, 224.420852661, 224.873641968, 225.326431274, 225.767608643, 226.115921021, 226.452606201, 226.789291382, 227.125976562, 227.462677002, 227.787750244, 228.136047363, 228.519180298, 228.902313232, 229.250610352, 229.598907471, 229.935592651, 230.341949463, 230.748291016, 231.166259766, 231.572601318, 231.990570068, 232.40852356, 232.826477051, 233.232833862, 233.639175415], "beats_loudness": {"dmean2": 0.0432335585356, "median": 0.0758752375841, "min": 0, "dvar2": 0.00136256753467, "dvar": 0.000508676923346, "dmean": 0.0243868753314, "max": 0.217348873615, "var": 0.0008739749901, "mean": 0.073659338057}, "danceability": 1.1917437315, "bpm_histogram_second_peak_weight": {"dmean2": 0, "median": 0.106339469552, "min": 0.106339469552, "dvar2": 0, "dvar": 0, "dmean": 0, "max": 0.106339469552, "var": 0, "mean": 0.106339469552}, "beats_count": 490, "bpm_histogram_second_peak_bpm": {"dmean2": 0, "median": 129, "min": 129, "dvar2": 0, "dvar": 0, "dmean": 0, "max": 129, "var": 0, "mean": 129}, "bpm_histogram_first_peak_spread": {"dmean2": 0, "median": 0.404145121574, "min": 0.404145121574, "dvar2": 0, "dvar": 0, "dmean": 0, "max": 0.404145121574, "var": 0, "mean": 0.404145121574}, "beats_loudness_band_ratio": {"dmean2": [0.353065788746, 0.192224159837, 0.154985681176, 0.0691883414984, 0.0388070717454, 0.0378301665187], "median": [0.868447184563, 0.0906447470188, 0.0323939323425, 0.00988931395113, 0.00701604923233, 0.00542709883302], "min": [0, 0, 0, 0, 0, 0], "dvar2": [0.165193632245, 0.0339919067919, 0.0435659661889, 0.00982663128525, 0.00287027773447, 0.0183615852147], "dvar": [0.0495481751859, 0.010830595158, 0.0134576186538, 0.00316912215203, 0.000958628312219, 0.00624130526558], "dmean": [0.18903927505, 0.104306638241, 0.0838825255632, 0.0370755791664, 0.0209934711456, 0.0206784401089], "max": [0.993983030319, 0.650079131126, 0.680036485195, 0.481637597084, 0.231044396758, 0.951370835304], "var": [0.0627797618508, 0.0129234427586, 0.0122989472002, 0.00253557483666, 0.000826554372907, 0.00353410234675], "mean": [0.757018208504, 0.129915013909, 0.0769469365478, 0.0314044840634, 0.0188032016158, 0.0178409721702]}}, "lowlevel": {"barkbands_spread": {"dmean2": 6.63940525055, "median": 8.41703796387, "min": 0.180069804192, "dvar2": 119.978874207, "dvar": 57.1082344055, "dmean": 4.4149684906, "max": 125.079124451, "var": 178.712936401, "mean": 12.291934967}, "melbands_spread": {"dmean2": 6.37885284424, "median": 6.28669786453, "min": 0.0899108797312, "dvar2": 181.896469116, "dvar": 87.7123031616, "dmean": 4.17565393448, "max": 243.722640991, "var": 480.673706055, "mean": 12.3985757828}, "hfc": {"dmean2": 7.57427120209, "median": 9.90227413177, "min": 1.06860485486e-16, "dvar2": 156.02355957, "dvar": 75.5307617188, "dmean": 5.31615352631, "max": 171.069335938, "var": 284.88571167, "mean": 15.4449043274}, "barkbands_kurtosis": {"dmean2": 22.1086406708, "median": 10.4785060883, "min": -1.93224906921, "dvar2": 1844.3638916, "dvar": 758.012512207, "dmean": 13.6465358734, "max": 967.975341797, "var": 1343.42993164, "mean": 22.1298675537}, "gfcc": {"mean": [-59.7553596497, 114.569480896, -71.3773574829, 38.6100730896, -42.2833366394, 15.1608600616, -30.9220466614, 6.17824172974, -21.35679245, -0.132109671831, -12.8749113083, -3.49553537369, -8.98909854889], "icov": [[0.000121366014355, -0.000322084641084, 0.000246475246968, -0.000292366486974, 0.000264430447714, -0.000412880937802, 0.000244235794526, -0.000338166719303, 0.000348154979292, -0.000517357548233, 0.000614111137111, -0.000558224332053, 0.000322402949678], [-0.000322084641084, 0.001832576585, -0.000464890676085, 0.000995315727778, -0.00108990527224, 0.00113653403241, -0.000490256235935, 0.00138145766687, -0.00139655731618, 0.00298421527259, -0.00323940115049, 0.00285739265382, -0.00139921484515], [0.000246475246968, -0.000464890676085, 0.00212256005034, -0.000847649585921, -0.000714813824743, -0.00108038051985, -0.000225257128477, 0.000527222582605, 0.000662484497298, -0.0011133387452, 0.00171313434839, -0.00239947508089, 0.000905295310076], [-0.000292366486974, 0.000995315727778, -0.000847649585921, 0.00344920787029, -0.000487512123073, 0.000503635208588, -0.000300148094539, 0.000856704835314, -0.000939363380894, 0.00120828289073, -0.000892482406925, 0.00183306948747, -0.00307969166897], [0.000264430447714, -0.00108990527224, -0.000714813824743, -0.000487512123073, 0.00534603279084, -0.000748136662878, -0.000670027395245, -0.00100679742172, -0.00191744347103, 0.000429692037869, 0.0011212201789, -0.000303851848003, 0.000131302716909], [-0.000412880937802, 0.00113653403241, -0.00108038051985, 0.000503635208588, -0.000748136662878, 0.00841217208654, -0.00329753104597, -0.000425026693847, -2.98621180264e-05, 0.000223523500608, -0.00232539745048, 0.00289132283069, -0.000734402390663], [0.000244235794526, -0.000490256235935, -0.000225257128477, -0.000300148094539, -0.000670027395245, -0.00329753104597, 0.00815125741065, -0.000287162460154, 0.000685504870489, 0.000517726875842, -0.00211536535062, 7.48789461795e-05, 0.000155797577463], [-0.000338166719303, 0.00138145766687, 0.000527222582605, 0.000856704835314, -0.00100679742172, -0.000425026693847, -0.000287162460154, 0.0110562397167, -0.00435123825446, -0.0010338955326, -0.000827975687571, -0.000576588034164, 0.000830832286738], [0.000348154979292, -0.00139655731618, 0.000662484497298, -0.000939363380894, -0.00191744347103, -2.98621180264e-05, 0.000685504870489, -0.00435123825446, 0.0142007656395, -0.00584975257516, 0.000805958057754, 0.00202049338259, -0.00404342822731], [-0.000517357548233, 0.00298421527259, -0.0011133387452, 0.00120828289073, 0.000429692037869, 0.000223523500608, 0.000517726875842, -0.0010338955326, -0.00584975257516, 0.0193529091775, -0.00693542649969, 0.00232028635219, 0.00118636270054], [0.000614111137111, -0.00323940115049, 0.00171313434839, -0.000892482406925, 0.0011212201789, -0.00232539745048, -0.00211536535062, -0.000827975687571, 0.000805958057754, -0.00693542649969, 0.0203463602811, -0.00718376459554, 0.00167054764461], [-0.000558224332053, 0.00285739265382, -0.00239947508089, 0.00183306948747, -0.000303851848003, 0.00289132283069, 7.48789461795e-05, -0.000576588034164, 0.00202049338259, 0.00232028635219, -0.00718376459554, 0.0212545543909, -0.00780648039654], [0.000322402949678, -0.00139921484515, 0.000905295310076, -0.00307969166897, 0.000131302716909, -0.000734402390663, 0.000155797577463, 0.000830832286738, -0.00404342822731, 0.00118636270054, 0.00167054764461, -0.00780648039654, 0.0215115062892]], "cov": [[35843.5976562, 25.8884429932, -3784.10717773, 600.246948242, -2295.06591797, 389.246307373, -1238.49694824, 849.586853027, -522.582580566, 534.957641602, -375.276397705, 142.441650391, -333.776702881], [25.8884429932, 2405.71386719, 92.8858184814, -166.32119751, 484.804931641, -65.3011932373, 196.908309937, -213.417007446, 147.186401367, -256.165496826, 180.582046509, -179.554229736, 92.6092605591], [-3784.10717773, 92.8858184814, 1134.61413574, 101.126564026, 389.157440186, 51.554599762, 207.172821045, -138.68510437, 37.749206543, -66.9489212036, 20.8254013062, 31.959903717, 53.4937057495], [600.246948242, -166.32119751, 101.126564026, 437.140808105, 1.8194000721, 27.3184967041, -7.65154314041, 1.76900136471, 11.3146524429, 8.86005115509, -27.9065170288, 14.56843853, 48.5136375427], [-2295.06591797, 484.804931641, 389.157440186, 1.8194000721, 492.050994873, 10.7131195068, 159.441482544, -66.6900787354, 110.220314026, -79.3882904053, 50.5782165527, -43.339630127, 54.0380020142], [389.246307373, -65.3011932373, 51.554599762, 27.3184967041, 10.7131195068, 181.704406738, 63.6868667603, 27.552438736, -2.11404943466, 22.9475040436, 10.0140810013, -3.18498110771, -7.32375192642], [-1238.49694824, 196.908309937, 207.172821045, -7.65154314041, 159.441482544, 63.6868667603, 227.235992432, -39.692565918, 28.529548645, -36.0249443054, 50.135307312, -17.8384304047, 19.6264228821], [849.586853027, -213.417007446, -138.68510437, 1.76900136471, -66.6900787354, 27.552438736, -39.692565918, 160.523483276, 25.6490097046, 60.9723854065, -11.966132164, 15.589384079, -17.0446796417], [-522.582580566, 147.186401367, 37.749206543, 11.3146524429, 110.220314026, -2.11404943466, 28.529548645, 25.6490097046, 133.674499512, 12.419210434, 22.485786438, -23.3115692139, 29.7303256989], [534.957641602, -256.165496826, -66.9489212036, 8.86005115509, -79.3882904053, 22.9475040436, -36.0249443054, 60.9723854065, 12.419210434, 109.349250793, -0.687741398811, 17.4622993469, -18.7257938385], [-375.276397705, 180.582046509, 20.8254013062, -27.9065170288, 50.5782165527, 10.0140810013, 50.135307312, -11.966132164, 22.485786438, -0.687741398811, 87.6601867676, 0.871131420135, 10.4040327072], [142.441650391, -179.554229736, 31.959903717, 14.56843853, -43.339630127, -3.18498110771, -17.8384304047, 15.589384079, -23.3115692139, 17.4622993469, 0.871131420135, 82.2390670776, 11.0415458679], [-333.776702881, 92.6092605591, 53.4937057495, 48.5136375427, 54.0380020142, -7.32375192642, 19.6264228821, -17.0446796417, 29.7303256989, -18.7257938385, 10.4040327072, 11.0415458679, 71.9634933472]]}, "spectral_energyband_middle_low": {"dmean2": 0.00969768408686, "median": 0.0115693788975, "min": 1.20127965839e-22, "dvar2": 0.000225330892135, "dvar": 9.03637337615e-05, "dmean": 0.00631275912747, "max": 0.123669333756, "var": 0.000199963717023, "mean": 0.0153020173311}, "melbands_crest": {"dmean2": 5.57978725433, "median": 15.6227273941, "min": 1.53565132618, "dvar2": 27.9140453339, "dvar": 11.7898368835, "dmean": 3.55781936646, "max": 37.0035552979, "var": 39.3881797791, "mean": 16.4449863434}, "spectral_kurtosis": {"dmean2": 6.99319505692, "median": 4.93588399887, "min": -1.27065718174, "dvar2": 245.286834717, "dvar": 124.320625305, "dmean": 4.77071857452, "max": 184.572341919, "var": 349.538208008, "mean": 10.5370502472}, "spectral_rms": {"dmean2": 0.00227229786105, "median": 0.00599606754258, "min": 3.09384115549e-12, "dvar2": 1.05590397652e-05, "dvar": 4.3353215915e-06, "dmean": 0.00148884800728, "max": 0.0171304531395, "var": 8.48334002512e-06, "mean": 0.00605479674414}, "zerocrossingrate": {"dmean2": 0.0104781277478, "median": 0.02587890625, "min": 0.001953125, "dvar2": 0.000249261822319, "dvar": 0.000187814745004, "dmean": 0.00875842384994, "max": 0.56640625, "var": 0.00501584308222, "mean": 0.0422447249293}, "silence_rate_60dB": {"dmean2": 0.0348963998258, "median": 0, "min": 0, "dvar2": 0.0370500572026, "dvar": 0.0171425044537, "dmean": 0.0174464713782, "max": 1, "var": 0.064994379878, "mean": 0.0698780864477}, "erbbands_kurtosis": {"dmean2": 2.89958333969, "median": 0.387197971344, "min": -1.90875470638, "dvar2": 34.5346069336, "dvar": 14.9941205978, "dmean": 1.90901148319, "max": 200.076751709, "var": 56.5942230225, "mean": 2.56656980515}, "erbbands": {"dmean2": [0.95678794384, 6.01926183701, 9.47154903412, 10.0410890579, 17.3072147369, 13.499297142, 15.7118415833, 15.1873826981, 22.3771972656, 25.0433979034, 21.5471591949, 15.3702659607, 15.375164032, 13.7487220764, 13.7327003479, 13.0707187653, 14.771897316, 12.9376049042, 21.597486496, 11.5238084793, 6.88892030716, 6.43662691116, 8.17059421539, 4.81724739075, 4.59949207306, 5.40684938431, 5.12757587433, 4.07695531845, 3.97195792198, 2.74174523354, 1.54882597923, 1.21274745464, 0.932397782803, 0.70819413662, 0.380409121513, 0.137987837195, 0.0415825136006, 0.008694360964, 0.000924102554563, 6.20641585556e-05], "median": [0.207612290978, 2.07983636856, 4.83883619308, 7.8412566185, 9.51247596741, 9.2358417511, 7.37129354477, 5.67443084717, 6.69438409805, 4.66579437256, 4.0871720314, 3.96908426285, 3.92926454544, 3.74830961227, 3.22779011726, 2.66105628014, 2.56165885925, 2.59156703949, 3.46153593063, 2.30886077881, 2.31028342247, 2.43226885796, 3.04648685455, 2.20719313622, 1.71603059769, 1.78801572323, 1.37706410885, 0.818376600742, 0.647498965263, 0.619344949722, 0.503192186356, 0.403275430202, 0.245129689574, 0.178873464465, 0.0945390835404, 0.0307473316789, 0.00656770681962, 0.000955592724495, 0.000110110573587, 5.31061086804e-05], "min": [6.91662765625e-23, 5.19668091414e-22, 1.68573693699e-21, 5.60625376008e-21, 1.18105187134e-20, 3.05446037773e-20, 4.73348580225e-20, 7.99147332347e-20, 1.04155816848e-19, 1.3991539049e-19, 2.63946819418e-19, 3.24803169168e-19, 3.58406399276e-19, 7.04710835998e-19, 8.23272029062e-19, 1.03010755895e-18, 1.79875656117e-18, 1.64800744403e-18, 2.19171470822e-18, 2.40013568486e-18, 3.26036278327e-18, 4.29159417048e-18, 4.18797242796e-18, 6.23373525301e-18, 5.3849507508e-18, 6.97065681225e-18, 9.34741306427e-18, 8.99017774595e-18, 7.57952130009e-18, 7.77482526016e-18, 1.14519052992e-17, 1.00114281651e-17, 9.36137421865e-18, 7.99738482141e-18, 6.46286635063e-18, 4.18721390334e-18, 2.36063160675e-18, 8.92777482695e-19, 2.26177080565e-19, 2.80480628287e-20], "dvar2": [3.70224738121, 144.559616089, 331.369415283, 206.148147583, 754.105041504, 454.811676025, 1287.8963623, 1664.08190918, 2781.08154297, 5224.94433594, 3791.53759766, 1665.74523926, 1983.49682617, 1851.42358398, 2172.47265625, 1394.24377441, 2485.37670898, 1444.51928711, 4988.74365234, 1724.85192871, 367.78817749, 212.507461548, 321.857849121, 112.843582153, 150.319564819, 194.782577515, 234.233169556, 222.060150146, 219.375961304, 89.5844421387, 17.0776348114, 12.4066505432, 11.0364894867, 7.81918716431, 1.59403932095, 0.207018643618, 0.0324282981455, 0.00136159860995, 1.27736175273e-05, 1.57556030445e-08], "dvar": [1.47592031956, 53.5571861267, 115.281410217, 75.8254776001, 331.300140381, 174.063079834, 491.452453613, 612.327880859, 1302.578125, 2569.39599609, 1713.84594727, 708.499328613, 908.839233398, 911.129760742, 1179.81726074, 635.312438965, 1126.89428711, 750.674743652, 2392.69750977, 748.490905762, 162.037506104, 94.0448455811, 140.865600586, 46.3834381104, 60.2918243408, 80.2420578003, 99.0728912354, 102.059501648, 122.64163208, 50.3378791809, 9.5843744278, 7.0125746727, 6.72725343704, 4.71432065964, 0.994820892811, 0.0954084098339, 0.0132688134909, 0.000540442357305, 5.20482126376e-06, 6.62478827351e-09], "dmean": [0.598402380943, 3.48555636406, 5.35651445389, 6.01776170731, 11.1799573898, 8.53061294556, 9.75751018524, 9.19774436951, 14.8041095734, 17.0224285126, 14.6055736542, 10.3516321182, 10.1291618347, 9.51536369324, 9.43430328369, 8.88108158112, 10.0512943268, 9.02475357056, 14.6839513779, 7.77018165588, 4.61362695694, 4.31722402573, 5.42288160324, 3.1012032032, 2.90476226807, 3.55761766434, 3.33418893814, 2.7234621048, 2.74398851395, 1.95775437355, 1.09446418285, 0.866451621056, 0.669905543327, 0.515208005905, 0.271522670984, 0.0940554514527, 0.0274433474988, 0.0057696136646, 0.000621885817964, 4.08947198594e-05], "max": [8.47450256348, 54.3979492188, 100.506164551, 101.159484863, 329.484039307, 194.932250977, 277.041870117, 422.341125488, 712.207458496, 1232.32958984, 1118.15002441, 643.990722656, 1032.39404297, 1662.01843262, 1426.86303711, 627.209716797, 1098.53759766, 825.993286133, 1361.2911377, 1018.17578125, 540.19720459, 246.498641968, 299.355682373, 163.660385132, 154.161987305, 234.615447998, 444.169525146, 326.097503662, 602.025634766, 253.449996948, 121.836685181, 115.172843933, 98.2010879517, 92.6996231079, 45.6699142456, 6.88817930222, 3.83068442345, 0.73321801424, 0.0619719736278, 0.00163770362269], "var": [1.48150098324, 42.5090560913, 107.601554871, 131.244857788, 521.278015137, 331.512969971, 572.127746582, 734.515563965, 3055.30297852, 7822.88183594, 5025.36767578, 1575.75256348, 1899.62097168, 2388.92211914, 3421.76953125, 1267.9621582, 2141.49658203, 1910.37194824, 5193.32568359, 1552.2121582, 334.539581299, 239.709487915, 420.715667725, 107.579589844, 110.87487793, 171.971191406, 193.991134644, 186.997467041, 296.702758789, 123.939041138, 28.9128017426, 20.4558258057, 17.7704105377, 11.6663532257, 2.54987549782, 0.163137316704, 0.014507622458, 0.00059792434331, 6.30919566902e-06, 9.59167767434e-09], "mean": [0.664698243141, 4.00578832626, 8.26536273956, 11.3109226227, 16.7874031067, 15.3921890259, 15.0983724594, 13.9845209122, 26.7527885437, 33.6652183533, 26.4094524384, 18.806678772, 17.7525920868, 17.1481533051, 16.9600925446, 14.8066673279, 15.9977407455, 15.6815061569, 23.8866176605, 13.4991464615, 8.43845367432, 8.32570648193, 10.8509140015, 6.32432746887, 5.43255901337, 6.36422920227, 5.5949511528, 4.2329120636, 4.32868814468, 3.23537302017, 1.96493864059, 1.62416267395, 1.19184648991, 0.885980963707, 0.462971299887, 0.15210288763, 0.0382159799337, 0.00804895255715, 0.00085803453112, 7.93893850641e-05]}, "spectral_strongpeak": {"dmean2": 0.57744204998, "median": 0.413348913193, "min": 0, "dvar2": 0.927364528179, "dvar": 0.36514621973, "dmean": 0.341339051723, "max": 9.77271270752, "var": 0.591839671135, "mean": 0.623746097088}, "spectral_energy": {"dmean2": 0.0386670455337, "median": 0.036851644516, "min": 9.81114885581e-21, "dvar2": 0.00435752049088, "dvar": 0.00166734075174, "dmean": 0.0238183364272, "max": 0.300788730383, "var": 0.001804775442, "mean": 0.0462724715471}, "average_loudness": 0.959525048733, "spectral_rolloff": {"dmean2": 461.382904053, "median": 279.931640625, "min": 64.599609375, "dvar2": 1364992.75, "dvar": 626062.1875, "dmean": 278.802337646, "max": 20671.875, "var": 7171287.5, "mean": 968.671936035}, "spectral_centroid": {"dmean2": 309.861907959, "median": 610.434265137, "min": 93.3424453735, "dvar2": 239342.59375, "dvar": 114466.828125, "dmean": 204.778244019, "max": 12038.5429688, "var": 2136477.75, "mean": 921.61505127}, "pitch_salience": {"dmean2": 0.131497710943, "median": 0.528767347336, "min": 0.0404643528163, "dvar2": 0.015548819676, "dvar": 0.00629798322916, "dmean": 0.0825978368521, "max": 0.899384140968, "var": 0.0187482945621, "mean": 0.518405616283}, "spectral_energyband_middle_high": {"dmean2": 0.00157517904881, "median": 0.000962109654211, "min": 1.15170541767e-21, "dvar2": 1.01826135506e-05, "dvar": 5.12792075824e-06, "dmean": 0.00113473611418, "max": 0.0524162612855, "var": 2.40767058131e-05, "mean": 0.00293464260176}, "spectral_contrast_coeffs": {"dmean2": [0.081180267036, 0.0746783018112, 0.0556750558317, 0.0475715473294, 0.0356884077191, 0.0287690144032], "median": [-0.655218839645, -0.721939682961, -0.806588292122, -0.807607591152, -0.811069369316, -0.796259760857], "min": [-0.981148838997, -0.98225748539, -0.981231331825, -0.97299772501, -0.968561530113, -0.966733574867], "dvar2": [0.0050043608062, 0.0040286812, 0.00215919665061, 0.00161643058527, 0.000989252934232, 0.000733089400455], "dvar": [0.00193695456255, 0.00166682817508, 0.000981999561191, 0.000791951082647, 0.000485185359139, 0.000325312226778], "dmean": [0.049851488322, 0.0465289242566, 0.0356103405356, 0.0312108919024, 0.0236164368689, 0.0189833883196], "max": [-0.348457306623, -0.358471035957, -0.429245650768, -0.491676032543, -0.571366667747, -0.629806876183], "var": [0.00673980731517, 0.00871970225126, 0.00647936575115, 0.00558330956846, 0.00350540387444, 0.00202342914417], "mean": [-0.656709492207, -0.715889513493, -0.789796888828, -0.79172962904, -0.806208312511, -0.797497868538]}, "melbands_skewness": {"dmean2": 1.89903581142, "median": 3.59129333496, "min": -2.93805932999, "dvar2": 5.64142608643, "dvar": 2.48596286774, "dmean": 1.24574160576, "max": 27.7710723877, "var": 7.84294986725, "mean": 4.1682972908}, "spectral_spread": {"dmean2": 999554.0625, "median": 4601356, "min": 531835.1875, "dvar2": 1535021023230.0, "dvar": 797666836480, "dmean": 717471.875, "max": 42577200, "var": 24940652789800.0, "mean": 5287533.5}, "dissonance": {"dmean2": 0.0360046699643, "median": 0.459406703711, "min": 0.19218750298, "dvar2": 0.00122361385729, "dvar": 0.000475317356177, "dmean": 0.0220056474209, "max": 0.500000119209, "var": 0.0014181578299, "mean": 0.450427621603}, "spectral_skewness": {"dmean2": 0.624968707561, "median": 1.85669720173, "min": -0.0904814377427, "dvar2": 0.921212911606, "dvar": 0.491962373257, "dmean": 0.446027457714, "max": 11.5494775772, "var": 2.11210250854, "mean": 2.22123837471}, "spectral_flux": {"dmean2": 0.0703859701753, "median": 0.0795320123434, "min": 6.3469021705e-11, "dvar2": 0.00840436667204, "dvar": 0.00390621111728, "dmean": 0.0459274500608, "max": 0.508201122284, "var": 0.00643784180284, "mean": 0.10130289197}, "spectral_contrast_valleys": {"dmean2": [0.613931238651, 0.634690344334, 0.561534941196, 0.528257071972, 0.514625370502, 0.535347878933], "median": [-6.3880238533, -7.00664710999, -7.680768013, -8.2206363678, -8.09793281555, -10.3099927902], "min": [-28.3997974396, -28.1405258179, -27.8008041382, -27.7863807678, -27.5108680725, -27.4054508209], "dvar2": [0.314838528633, 0.351751774549, 0.282760500908, 0.285052210093, 0.334504187107, 0.367753148079], "dvar": [0.145098134875, 0.17105203867, 0.146106123924, 0.163415923715, 0.205980658531, 0.227369681001], "dmean": [0.390022784472, 0.412916302681, 0.383225679398, 0.390267968178, 0.406235337257, 0.436083644629], "max": [-4.72572946548, -4.28198337555, -5.17232704163, -5.44664573669, -5.54797077179, -7.31303882599], "var": [8.25368309021, 8.10381317139, 7.61076498032, 7.41958141327, 7.77571487427, 6.75299596786], "mean": [-6.9370508194, -7.49827623367, -8.17790222168, -8.75817203522, -8.71303272247, -10.9407234192]}, "erbbands_flatness_db": {"dmean2": 0.0293823070824, "median": 0.142870500684, "min": 0.0301102045923, "dvar2": 0.000930865295231, "dvar": 0.000545243499801, "dmean": 0.0222017429769, "max": 0.418526262045, "var": 0.00364163238555, "mean": 0.154195278883}, "spectral_energyband_high": {"dmean2": 0.000384143815609, "median": 0.000151561864186, "min": 6.93457819246e-21, "dvar2": 1.06797438093e-06, "dvar": 6.50086121823e-07, "dmean": 0.000283824949292, "max": 0.0273836720735, "var": 2.08169649341e-06, "mean": 0.000563377398066}, "spectral_entropy": {"dmean2": 0.357999265194, "median": 7.24340677261, "min": 4.07829713821, "dvar2": 0.153073355556, "dvar": 0.0872267186642, "dmean": 0.267575860023, "max": 9.82928085327, "var": 0.770929813385, "mean": 7.09918689728}, "silence_rate_20dB": {"dmean2": 0, "median": 1, "min": 1, "dvar2": 0, "dvar": 0, "dmean": 0, "max": 1, "var": 0, "mean": 1}, "melbands_flatness_db": {"dmean2": 0.0561762824655, "median": 0.288141459227, "min": 0.00318435369991, "dvar2": 0.00341838621534, "dvar": 0.0016633849591, "dmean": 0.0397970937192, "max": 0.783427655697, "var": 0.0176480524242, "mean": 0.308782845736}, "barkbands": {"dmean2": [0.00123423966579, 0.0283021871001, 0.00755329290405, 0.0039018902462, 0.00463073747233, 0.00199809297919, 0.00173837668262, 0.00100602058228, 0.000725345453247, 0.000495956279337, 0.000384977873182, 0.000316725112498, 0.000346249085851, 0.000304288783809, 0.000382523023291, 0.000159180781338, 0.000126194106997, 0.000144925012137, 8.67742492119e-05, 0.000111869660032, 0.000114528927952, 0.000102627578599, 6.07078254689e-05, 5.55749174964e-05, 5.61576634937e-05, 2.52732461377e-05, 5.31753858013e-06], "median": [0.000202056849957, 0.00915425829589, 0.00428230734542, 0.00236644456163, 0.00333071546629, 0.000762803771067, 0.000372398382751, 0.000134823145345, 0.000159695278853, 0.000105372098915, 7.15203568689e-05, 5.75306767132e-05, 4.82801879116e-05, 5.0800255849e-05, 5.14817184012e-05, 3.65942796634e-05, 4.19587522629e-05, 5.21484435012e-05, 3.1743747968e-05, 3.73610382667e-05, 2.55794639088e-05, 1.89640468307e-05, 1.77870460902e-05, 1.68076876434e-05, 1.53677938215e-05, 4.71941939395e-06, 4.32254239513e-07], "min": [1.11533083677e-26, 2.57704548036e-24, 8.95566372781e-25, 5.42002760758e-25, 8.22183178718e-24, 1.07783098888e-23, 5.47320846829e-24, 7.15006248439e-24, 1.38100293542e-23, 6.36373697811e-24, 1.19482213768e-23, 1.13038679565e-23, 3.19618797109e-23, 3.20912245004e-23, 2.20866980183e-23, 4.51262358805e-23, 5.6655314948e-23, 8.73160348601e-23, 1.06876314322e-22, 1.39493226263e-22, 2.37461294102e-22, 2.01115783761e-22, 3.39242248552e-22, 5.68740187454e-22, 8.08964362747e-22, 1.31017906646e-21, 1.93874272892e-21], "dvar2": [6.38138953946e-06, 0.00313223106787, 0.000189983213204, 3.14794342557e-05, 4.68652287964e-05, 2.65264607151e-05, 1.93163359654e-05, 8.57686245581e-06, 3.27012344314e-06, 2.09367931348e-06, 1.50784069319e-06, 7.92134017047e-07, 1.2836554788e-06, 8.92786033546e-07, 1.66446579897e-06, 2.71865445711e-07, 7.79398163786e-08, 9.814883839e-08, 4.81334616609e-08, 7.74757609179e-08, 1.41392021646e-07, 1.28334789906e-07, 3.30892575562e-08, 2.900961249e-08, 3.86815486308e-08, 9.10382880193e-09, 4.16102402534e-10], "dvar": [2.62618868874e-06, 0.00119838526007, 6.59478901071e-05, 1.1501