{"tonal": {"thpcp": [1, 0.541142642498, 0.180149540305, 0.296772062778, 0.157076239586, 0.0186772160232, 0.0212393291295, 0.0186141375452, 0.0777304545045, 0.129854410887, 0.067489862442, 0.0498497225344, 0.0788253843784, 0.0520545132458, 0.324243456125, 0.615400731564, 0.327876895666, 0.0346393585205, 0.024784097448, 0.0186700131744, 0.123679496348, 0.240472450852, 0.1425768435, 0.188837647438, 0.304674446583, 0.14257389307, 0.0224108006805, 0.0284974668175, 0.0418929457664, 0.271431475878, 0.445902258158, 0.233730986714, 0.0534905567765, 0.0351856313646, 0.0479511469603, 0.525589764118], "hpcp": {"dmean2": [0.170897275209, 0.157790750265, 0.087003596127, 0.0807523280382, 0.0605130456388, 0.0172127652913, 0.0125077851117, 0.0156313236803, 0.033683616668, 0.0392263643444, 0.0329404808581, 0.0277530122548, 0.0307219699025, 0.0324957817793, 0.103754475713, 0.135618254542, 0.092978425324, 0.029465932399, 0.0135426530614, 0.0144381411374, 0.0480430275202, 0.0737126246095, 0.0592019110918, 0.0706204175949, 0.0882107391953, 0.0591988116503, 0.0195214524865, 0.019683463499, 0.0416958741844, 0.116448372602, 0.129627212882, 0.126475557685, 0.073178589344, 0.054223369807, 0.0691132321954, 0.168179959059], "median": [0.517659664154, 0.261664509773, 0.0126629024744, 0.00218027364463, 0.0015056686243, 0.00109252776019, 0.000880257284734, 0.00116668723058, 0.00227497052401, 0.00236454210244, 0.00198091682978, 0.00206967978738, 0.00192571221851, 0.00490832421929, 0.0758234411478, 0.137799665332, 0.0627795383334, 0.00113453459926, 0.000234040649957, 0.00041116878856, 0.00927186477929, 0.0178991220891, 0.0174498595297, 0.0170168727636, 0.0218973644078, 0.0107765756547, 0.0016130337026, 0.00146472943015, 0.00344456755556, 0.0110913533717, 0.0157670155168, 0.00864324346185, 0.00114074302837, 0.000694155460224, 0.00159616838209, 0.260399311781], "min": [0, 0, 0, 0, 0, 0, 0, 0, 0, 0, 0, 0, 0, 0, 0, 0, 0, 0, 0, 0, 0, 0, 0, 0, 0, 0, 0, 0, 0, 0, 0, 0, 0, 0, 0, 0], "dvar2": [0.0750802382827, 0.0468337796628, 0.0277764759958, 0.0409059859812, 0.019973911345, 0.00386088201776, 0.00363082368858, 0.00553746754304, 0.0129139069468, 0.0170238651335, 0.0130619900301, 0.0109841693193, 0.011714910157, 0.00776350544766, 0.0276065971702, 0.0519807599485, 0.0226719863713, 0.00759793352336, 0.0069793802686, 0.00313045666553, 0.0130093963817, 0.0302072539926, 0.0145086320117, 0.0197604391724, 0.033434920013, 0.0176399517804, 0.00439101923257, 0.00798234157264, 0.0158628448844, 0.0481894239783, 0.0661437734962, 0.0612278059125, 0.0458486899734, 0.0354218371212, 0.0345861576498, 0.0620875619352], "dvar": [0.0358387753367, 0.0186615996063, 0.0112921884283, 0.0204352606088, 0.00837346352637, 0.00137768802233, 0.0015071015805, 0.00195861584507, 0.00545548601076, 0.00891677755862, 0.00504161790013, 0.00417744508013, 0.00560495443642, 0.00308063463308, 0.0119732571766, 0.0262452736497, 0.00973645877093, 0.00267301895656, 0.00260609271936, 0.00115277816076, 0.00542875984684, 0.0144575638697, 0.00646209949628, 0.00913834851235, 0.0166440829635, 0.00736513454467, 0.00161042495165, 0.00308169727214, 0.0056298901327, 0.0209494978189, 0.0322389043868, 0.0230873823166, 0.0163663849235, 0.0124812722206, 0.0123131871223, 0.023395165801], "dmean": [0.103952430189, 0.0968039631844, 0.0521428659558, 0.0508407130837, 0.0368371009827, 0.00963429734111, 0.00741933705285, 0.00886651221663, 0.0206879880279, 0.0254453718662, 0.020091611892, 0.0164842791855, 0.0196951050311, 0.0195071659982, 0.0662466138601, 0.0886078327894, 0.0591261647642, 0.0167386028916, 0.00772542599589, 0.00838259235024, 0.0299654267728, 0.0465461835265, 0.0372035987675, 0.0462956763804, 0.0575230047107, 0.0379428528249, 0.0110394544899, 0.0112284561619, 0.023638010025, 0.0736837685108, 0.0810298025608, 0.0746112763882, 0.0393186546862, 0.0286106970161, 0.0371381565928, 0.100037947297], "max": [1, 1, 1, 1, 1, 0.874718546867, 1, 0.993168532848, 1, 1, 1, 1, 1, 1, 1, 1, 1, 1, 1, 0.636387228966, 1, 1, 1, 1, 1, 1, 0.926794588566, 1, 1, 1, 1, 1, 1, 1, 1, 1], "var": [0.184148237109, 0.0606576614082, 0.0301557723433, 0.0993630513549, 0.029476320371, 0.00145927083213, 0.00343826320022, 0.00185843196232, 0.0160986892879, 0.0452518165112, 0.0120801432058, 0.00752662308514, 0.0200130678713, 0.00587529828772, 0.0411518253386, 0.141284584999, 0.0482133254409, 0.00380806368776, 0.00773689709604, 0.00233927555382, 0.0187726393342, 0.0658906027675, 0.0208585262299, 0.0305531751364, 0.0810899361968, 0.0203727465123, 0.00184691895265, 0.00542533257976, 0.0053176577203, 0.056349363178, 0.135943695903, 0.0448275208473, 0.0122542474419, 0.00816953741014, 0.0079281181097, 0.0606618076563], "mean": [0.528890728951, 0.28620532155, 0.095279417932, 0.156959995627, 0.0830761641264, 0.00987820606679, 0.0112332841381, 0.00984484516084, 0.0411109179258, 0.0686787962914, 0.0356947630644, 0.0263650566339, 0.0416900143027, 0.0275311488658, 0.171489357948, 0.325479745865, 0.173411056399, 0.0183204356581, 0.0131080793217, 0.00987439695746, 0.0654129385948, 0.127183645964, 0.0754075720906, 0.0998744815588, 0.16113948822, 0.0754060074687, 0.0118528651074, 0.0150720458478, 0.0221567898989, 0.143557593226, 0.235833570361, 0.123618155718, 0.0282906591892, 0.0186093542725, 0.0253609176725, 0.277979552746]}, "tuning_equal_tempered_deviation": 0.00156786548905, "chords_changes_rate": 0.0320869125426, "key_key": "D", "tuning_diatonic_strength": 0.560151278973, "key_scale": "minor", "chords_number_rate": 0.00252652843483, "tuning_frequency": 440.254241943, "tuning_nontempered_energy_ratio": 0.578742384911, "chords_histogram": [45.0732688904, 3.23395657539, 2.60232448578, 4.67407798767, 0, 0.353713989258, 0, 8.00909519196, 0.0252652857453, 10.4850931168, 0, 0, 0, 0, 0, 0, 1.26326429844, 0, 0, 0, 0, 1.71803939342, 17.6099033356, 4.95199584961], "key_strength": 0.80809122324, "chords_key": "D", "chords_strength": {"dmean2": 0.00420719524845, "median": 0.528244376183, "min": 0.234792873263, "dvar2": 2.4536249839e-05, "dvar": 3.86300271202e-05, "dmean": 0.00707007339224, "max": 0.741677641869, "var": 0.0114626828581, "mean": 0.509676218033}, "chords_scale": "minor", "hpcp_entropy": {"dmean2": 0.629203140736, "median": 1.22128272057, "min": 0, "dvar2": 0.414986461401, "dvar": 0.169267222285, "dmean": 0.375523775816, "max": 3.16760444641, "var": 0.350674688816, "mean": 1.25014460087}}, "metadata": {"audio_properties": {"equal_loudness": 0, "codec": "mp3", "downmix": "mix", "sample_rate": 44100, "analysis_sample_rate": 44100, "bit_rate": 192000, "md5_encoded": "17238bd5694e6d2f8602df561c04849e", "length": 183.719177246, "replay_gain": -11.126531601, "lossless": false}, "version": {"essentia_build_sha": "70f2e5ece6736b2c40cc944ad0e695b16b925413", "essentia": "2.1-beta2", "extractor": "music 1.0", "essentia_git_sha": "v2.1_beta2"}, "tags": {"title": ["Always"], "artist": ["Chris Spheeris"], "albumartist": ["Chris Spheeris"], "date": ["1997"], "genre": ["New Age"], "album": ["Eros"], "tracknumber": ["9"], "musicbrainz_recordingid": ["0cd48df0-ec2a-459a-a8b9-e60b91f40cc2"], "file_name": "51501.mp3"}}, "rhythm": {"bpm_histogram_first_peak_bpm": {"dmean2": 0, "median": 167, "min": 167, "dvar2": 0, "dvar": 0, "dmean": 0, "max": 167, "var": 0, "mean": 167}, "bpm": 164.864593506, "bpm_histogram_second_peak_spread": {"dmean2": 0, "median": 0.125, "min": 0.125, "dvar2": 0, "dvar": 0, "dmean": 0, "max": 0.125, "var": 0, "mean": 0.125}, "bpm_histogram_first_peak_weight": {"dmean2": 0, "median": 0.460921853781, "min": 0.460921853781, "dvar2": 0, "dvar": 0, "dmean": 0, "max": 0.460921853781, "var": 0, "mean": 0.460921853781}, "onset_rate": 2.97159838676, "beats_position": [0.383129239082, 0.777868449688, 1.16099774837, 1.55573689938, 1.95047616959, 2.34521532059, 2.75156450272, 3.19274377823, 3.63392281532, 4.06349182129, 4.48145103455, 4.91102027893, 5.34058952332, 5.75854873657, 6.1648979187, 6.57124710083, 6.98920631409, 7.40716552734, 7.8251247406, 8.23147392273, 8.63782310486, 9.03256225586, 9.42730140686, 9.82204055786, 10.2167797089, 10.5999088287, 10.9714279175, 11.354557991, 11.7376871109, 12.1208162308, 12.4923353195, 12.8754644394, 13.2585935593, 13.6301136017, 14.0016326904, 14.3847618103, 14.7795009613, 15.1974601746, 15.6154193878, 16.0333786011, 16.4397277832, 16.8460769653, 17.2524261475, 17.6587753296, 18.0186843872, 18.3785934448, 18.7501125336, 19.1100215912, 19.4815406799, 19.853061676, 20.2245807648, 20.5844898224, 20.9560089111, 21.3275279999, 21.6990470886, 22.0589561462, 22.4188652039, 22.7787742615, 23.1386852264, 23.4869842529, 23.8468933105, 24.2068023682, 24.5667114258, 24.9266204834, 25.286529541, 25.6348285675, 26.0063495636, 26.3778686523, 26.7493877411, 27.1092967987, 27.4692058563, 27.8291149139, 28.1774139404, 28.537322998, 28.897233963, 29.2571430206, 29.6054420471, 29.9769611359, 30.3484802246, 30.6967792511, 31.0450782776, 31.4165973663, 31.7881164551, 32.1596374512, 32.5311546326, 32.8910636902, 33.2509727478, 33.5992736816, 33.9475746155, 34.3074836731, 34.6673927307, 35.0273017883, 35.3872108459, 35.7471199036, 36.1070289612, 36.4669380188, 36.8268470764, 37.1983680725, 37.5698852539, 37.94140625, 38.3129234314, 38.672832489, 39.0327415466, 39.3926506042, 39.7525634766, 40.1124725342, 40.4723815918, 40.8322906494, 41.192199707, 41.5637168884, 41.923625946, 42.2835350037, 42.6318359375, 42.9917449951, 43.3632659912, 43.7231750488, 44.0830841064, 44.4662132263, 44.8377304077, 45.1976394653, 45.5691604614, 45.9406776428, 46.3005905151, 46.6604995728, 47.0204086304, 47.380317688, 47.7402267456, 48.0885238647, 48.4368247986, 48.7851219177, 49.14503479, 49.5049438477, 49.8648529053, 50.2247619629, 50.5846710205, 50.9329681396, 51.2812690735, 51.6411781311, 52.0126991272, 52.3726081848, 52.7325172424, 53.1040344238, 53.4755554199, 53.8354644775, 54.1953735352, 54.5668907166, 54.9268035889, 55.2867126465, 55.6582298279, 56.029750824, 56.3896598816, 56.7495689392, 57.0978660583, 57.4461669922, 57.8060760498, 58.1775970459, 58.5607261658, 58.9322433472, 59.3037643433, 59.6520614624, 60.0003623962, 60.3602714539, 60.7317886353, 61.0916976929, 61.4399986267, 61.8115196228, 62.1598167419, 62.5197257996, 62.8796348572, 63.2395439148, 63.6110649109, 63.9709739685, 64.3308868408, 64.6907958984, 65.0507049561, 65.4106140137, 65.7821273804, 66.1536483765, 66.5251693726, 66.8734664917, 67.2333755493, 67.5932846069, 67.9415893555, 68.3014984131, 68.6497955322, 69.0097045898, 69.3696136475, 69.7295227051, 70.1010437012, 70.4725646973, 70.844078064, 71.2039871216, 71.5638961792, 71.9122009277, 72.2837142944, 72.6552352905, 73.0267562866, 73.3982772827, 73.7465744019, 74.094871521, 74.4547805786, 74.8146896362, 75.1862106323, 75.5577316284, 75.9060287476, 76.2543258667, 76.6026306152, 76.9625396729, 77.3224487305, 77.6707458496, 78.0422668457, 78.4137878418, 78.7853012085, 79.1800460815, 79.5283432007, 79.8882522583, 80.2481613159, 80.619682312, 80.9795913696, 81.3395004272, 81.6877975464, 82.0593185425, 82.4076156616, 82.7559204102, 83.1274337769, 83.4873428345, 83.8472518921, 84.2071609497, 84.5670700073, 84.9385910034, 85.298500061, 85.6584091187, 86.0067138672, 86.3666229248, 86.7265319824, 87.08644104, 87.4463500977, 87.8294754028, 88.1893844604, 88.5609054565, 88.9208145142, 89.2807235718, 89.6406326294, 90.000541687, 90.3488388062, 90.7087478638, 91.0686569214, 91.4169616699, 91.7768707275, 92.1367797852, 92.4966888428, 92.8565979004, 93.216506958, 93.5764160156, 93.9479370117, 94.3194503784, 94.6909713745, 95.0624923706, 95.4224014282, 95.7823104858, 96.1422195435, 96.5137405396, 96.8736495972, 97.2335586548, 97.5934677124, 97.9417648315, 98.3132858276, 98.6731948853, 99.0331039429, 99.3930130005, 99.7413101196, 100.101219177, 100.461128235, 100.821044922, 101.192558289, 101.564079285, 101.923988342, 102.2838974, 102.632194519, 102.980499268, 103.340408325, 103.700317383, 104.071838379, 104.443351746, 104.803260803, 105.163169861, 105.534690857, 105.906211853, 106.266120911, 106.626029968, 106.997550964, 107.357460022, 107.71736908, 108.065666199, 108.425575256, 108.785484314, 109.145393372, 109.505302429, 109.876823425, 110.236732483, 110.596641541, 110.968162537, 111.328071594, 111.687980652, 112.047889709, 112.407798767, 112.767707825, 113.127616882, 113.48752594, 113.847434998, 114.195732117, 114.555641174, 114.915550232, 115.287071228, 115.658592224, 116.018501282, 116.378410339, 116.749931335, 117.121452332, 117.469749451, 117.81804657, 118.166343689, 118.514648438, 118.874557495, 119.222854614, 119.582763672, 119.954284668, 120.325805664, 120.697319031, 121.057228088, 121.417137146, 121.788658142, 122.136962891, 122.48526001, 122.845169067, 123.205078125, 123.576599121, 123.948112488, 124.308021545, 124.667930603, 125.016235352, 125.387756348, 125.747665405, 126.107574463, 126.455871582, 126.827392578, 127.210517883, 127.570426941, 127.91872406, 128.290252686, 128.650161743, 129.010070801, 129.369979858, 129.729888916, 130.101409912, 130.472915649, 130.844436646, 131.215957642, 131.575866699, 131.935775757, 132.307296753, 132.667205811, 133.027114868, 133.387023926, 133.746932983, 134.095230103, 134.44354248, 134.7918396, 135.151748657, 135.511657715, 135.871566772, 136.23147583, 136.602996826, 136.962905884, 137.334411621, 137.705932617, 138.089065552, 138.460586548, 138.820495605, 139.192016602, 139.551925659, 139.900222778, 140.248519897, 140.596817017, 140.945129395, 141.305038452, 141.66494751, 142.013244629, 142.361541748, 142.709838867, 143.092971802, 143.452880859, 143.824401855, 144.184310913, 144.555831909, 144.927337646, 145.287246704, 145.670379639, 146.030288696, 146.378585815, 146.750106812, 147.098403931, 147.458312988, 147.818222046, 148.166534424, 148.514831543, 148.886352539, 149.257858276, 149.629379272, 149.98928833, 150.349197388, 150.709106445, 151.080627441, 151.440536499, 151.788833618, 152.148742676, 152.508651733, 152.880172729, 153.240081787, 153.599990845, 153.971511841, 154.343032837, 154.691329956, 155.039627075, 155.399536133, 155.759460449, 156.119369507, 156.479278564, 156.839187622, 157.222305298, 157.570602417, 157.918914795, 158.278823853, 158.63873291, 159.010253906, 159.381759644, 159.75328064, 160.124801636, 160.473098755, 160.833007812, 161.19291687, 161.541213989, 161.901138306, 162.272644043, 162.632553101, 163.004074097, 163.375595093, 163.723892212, 164.08380127, 164.443710327, 164.803619385, 165.163528442, 165.5234375, 165.883346558, 166.243255615, 166.603164673, 166.974685669, 167.322982788, 167.671295166, 168.042816162, 168.40272522, 168.762634277, 169.134140015, 169.494049072, 169.85395813, 170.213867188, 170.573776245, 170.945297241, 171.316818237, 171.688339233, 172.059860229, 172.408157349, 172.768066406, 173.127975464, 173.476272583, 173.847793579, 174.207702637, 174.567611694, 174.927520752, 175.28742981, 175.647338867, 175.995635986, 176.355545044, 176.715454102, 177.098587036, 177.493331909, 177.864852905, 178.24798584, 178.67755127, 179.107116699, 179.536682129, 179.94303894, 180.349380493, 180.755737305, 181.162078857, 181.568435669, 181.974777222, 182.381134033, 182.787475586, 183.205444336], "beats_loudness": {"dmean2": 0.0267608463764, "median": 0.0216604433954, "min": 1.70170508795e-07, "dvar2": 0.000681446283124, "dvar": 0.000251633202424, "dmean": 0.0158878751099, "max": 0.115065813065, "var": 0.000537959509529, "mean": 0.0277630705386}, "danceability": 1.01278889179, "bpm_histogram_second_peak_weight": {"dmean2": 0, "median": 0.252505004406, "min": 0.252505004406, "dvar2": 0, "dvar": 0, "dmean": 0, "max": 0.252505004406, "var": 0, "mean": 0.252505004406}, "beats_count": 500, "bpm_histogram_second_peak_bpm": {"dmean2": 0, "median": 161, "min": 161, "dvar2": 0, "dvar": 0, "dmean": 0, "max": 161, "var": 0, "mean": 161}, "bpm_histogram_first_peak_spread": {"dmean2": 0, "median": 0, "min": 0, "dvar2": 0, "dvar": 0, "dmean": 0, "max": 0, "var": 0, "mean": 0}, "beats_loudness_band_ratio": {"dmean2": [0.247974544764, 0.350237488747, 0.320273190737, 0.138317629695, 0.052959036082, 0.00840723421425], "median": [0.0767301544547, 0.491613268852, 0.285050749779, 0.0334633439779, 0.0100499987602, 0.00202122842893], "min": [2.19407902478e-05, 0.000140326606925, 0.00152289413381, 0.000121852368466, 5.88156617596e-05, 9.16595163289e-05], "dvar2": [0.0786939933896, 0.0848590582609, 0.0663283616304, 0.0385145917535, 0.0120601579547, 0.000166130674188], "dvar": [0.0269649773836, 0.0317270234227, 0.0261352080852, 0.0152219887823, 0.00534139201045, 5.91421521676e-05], "dmean": [0.137483045459, 0.205250695348, 0.187151640654, 0.0800545960665, 0.0306914001703, 0.00470879813656], "max": [0.982234477997, 0.987964510918, 0.934539735317, 0.97442728281, 0.800413906574, 0.0565257258713], "var": [0.0369484834373, 0.075094461441, 0.0463593378663, 0.0450666062534, 0.0097764711827, 4.24846730311e-05], "mean": [0.151847332716, 0.466225475073, 0.319037407637, 0.126052826643, 0.0372718945146, 0.00417688954622]}}, "lowlevel": {"barkbands_spread": {"dmean2": 1.97305464745, "median": 4.53339672089, "min": 0.114412754774, "dvar2": 7.89212274551, "dvar": 3.50872683525, "dmean": 1.31322908401, "max": 33.579750061, "var": 19.0119533539, "mean": 5.70279884338}, "melbands_spread": {"dmean2": 2.60043478012, "median": 6.13826799393, "min": 0.118538215756, "dvar2": 19.328371048, "dvar": 8.59436893463, "dmean": 1.74075603485, "max": 149.26991272, "var": 46.7043914795, "mean": 8.17106723785}, "hfc": {"dmean2": 3.10068964958, "median": 5.53982925415, "min": 1.08705389419e-16, "dvar2": 42.2396354675, "dvar": 19.7899723053, "dmean": 2.19974136353, "max": 87.8938446045, "var": 99.2596588135, "mean": 8.95889091492}, "barkbands_kurtosis": {"dmean2": 9.33923721313, "median": 8.51552772522, "min": -1.86825597286, "dvar2": 8012.76611328, "dvar": 3176.45654297, "dmean": 6.17132997513, "max": 4540.24853516, "var": 6335.89306641, "mean": 16.8278484344}, "gfcc": {"mean": [-134.763748169, 148.409164429, -130.967834473, -2.25246191025, -70.4509277344, -20.0162696838, -50.1027336121, -16.8407840729, -19.8374290466, -0.310229629278, -3.50509309769, -6.2572350502, -6.4654250145], "icov": [[0.000230363759329, -0.000671429384965, 0.000583566841669, -0.000474690779811, 0.000370404683053, -0.000496529100928, 0.00105389975943, -0.000587193469983, 0.000631185772363, -0.0003126062511, 0.000473562686238, -0.000525610113982, 0.000364768202417], [-0.000671429384965, 0.00487749092281, -0.00272823311388, 0.00168373365887, -0.00254456745461, 0.00241351430304, -0.00456355698407, 0.00263709109277, -0.00346465036273, 0.00401984620839, -0.00286182551645, 0.00333011848852, -0.00126839452423], [0.000583566841669, -0.00272823311388, 0.00330004305579, -0.00252113374881, 0.00162472086959, -0.00231899437495, 0.00367619725876, -0.00157225353178, 0.001709099859, -0.00128352467436, 0.00256081670523, -0.00264033209532, 0.00215869327076], [-0.000474690779811, 0.00168373365887, -0.00252113374881, 0.00456309411675, -0.00187828484923, 0.00121801195201, -0.0015619257465, -0.00047724560136, -0.00223802262917, 0.00193901825696, -0.00178593641613, 0.00187153276056, -0.000642534403596], [0.000370404683053, -0.00254456745461, 0.00162472086959, -0.00187828484923, 0.00587583938614, -0.00179611972999, 0.000857694773003, -0.00113448593765, 0.00239182985388, -0.00272449618205, 0.0015367307933, -0.000836955092382, -0.000339694350259], [-0.000496529100928, 0.00241351430304, -0.00231899437495, 0.00121801195201, -0.00179611972999, 0.00692703807727, -0.00447671301663, -0.000230057019508, -8.15352104837e-05, -0.000129312596982, -0.000737698981538, 0.00125643389765, -0.0018588732928], [0.00105389975943, -0.00456355698407, 0.00367619725876, -0.0015619257465, 0.000857694773003, -0.00447671301663, 0.0114973476157, -0.00395552068949, 0.00174414552748, -0.00131457147654, 0.00163680338301, -0.00300377025269, 0.00171217927709], [-0.000587193469983, 0.00263709109277, -0.00157225353178, -0.00047724560136, -0.00113448593765, -0.000230057019508, -0.00395552068949, 0.00807029567659, -0.00274259946309, 0.000567917013541, 2.98176782962e-05, -0.000613133597653, -0.000551366247237], [0.000631185772363, -0.00346465036273, 0.001709099859, -0.00223802262917, 0.00239182985388, -8.15352104837e-05, 0.00174414552748, -0.00274259946309, 0.0103622311726, -0.00554771116003, 0.000940562516917, -0.00023491072352, -0.00210785353556], [-0.0003126062511, 0.00401984620839, -0.00128352467436, 0.00193901825696, -0.00272449618205, -0.000129312596982, -0.00131457147654, 0.000567917013541, -0.00554771116003, 0.0112758539617, -0.00405414076522, 0.00186508381739, 0.000722129072528], [0.000473562686238, -0.00286182551645, 0.00256081670523, -0.00178593641613, 0.0015367307933, -0.000737698981538, 0.00163680338301, 2.98176782962e-05, 0.000940562516917, -0.00405414076522, 0.0110698696226, -0.00637664180249, 0.00346512254328], [-0.000525610113982, 0.00333011848852, -0.00264033209532, 0.00187153276056, -0.000836955092382, 0.00125643389765, -0.00300377025269, -0.000613133597653, -0.00023491072352, 0.00186508381739, -0.00637664180249, 0.0149601856247, -0.00376688991673], [0.000364768202417, -0.00126839452423, 0.00215869327076, -0.000642534403596, -0.000339694350259, -0.0018588732928, 0.00171217927709, -0.000551366247237, -0.00210785353556, 0.000722129072528, 0.00346512254328, -0.00376688991673, 0.0114860869944]], "cov": [[13127.0566406, 185.615402222, 281.143707275, 861.297241211, -152.098495483, 232.422821045, -703.918273926, 488.72164917, -485.236907959, -289.061035156, -253.609619141, 80.4936752319, -207.501693726], [185.615402222, 1023.69226074, 310.040618896, 126.404655457, 145.671234131, -122.794654846, 133.290618896, -130.821609497, 93.57396698, -226.578796387, 0.124601006508, -110.445396423, 9.39777469635], [281.143707275, 310.040618896, 1569.44287109, 656.163574219, -6.9917550087, 177.434402466, -146.461547852, 188.00328064, -32.3254737854, -128.863037109, -150.656555176, 20.0549373627, -119.383560181], [861.297241211, 126.404655457, 656.163574219, 638.654663086, 72.3595733643, 99.8391036987, -49.6353340149, 187.130569458, 27.694021225, -58.6811485291, -58.7549514771, 4.45059537888, -38.3509559631], [-152.098495483, 145.671234131, -6.9917550087, 72.3595733643, 284.918121338, 71.7703552246, 95.6120452881, 40.3807411194, 20.7328033447, 17.8138694763, -4.71031093597, -12.6423883438, 33.9654121399], [232.422821045, -122.794654846, 177.434402466, 99.8391036987, 71.7703552246, 311.157226562, 73.22290802, 146.840835571, -17.9736537933, 48.0815010071, -31.311498642, 37.1361274719, 15.213561058], [-703.918273926, 133.290618896, -146.461547852, -49.6353340149, 95.6120452881, 73.22290802, 262.326141357, 39.709438324, 59.1427612305, 15.1641311646, 32.5320320129, 2.48422598839, 40.2038955688], [488.72164917, -130.821609497, 188.00328064, 187.130569458, 40.3807411194, 146.840835571, 39.709438324, 289.299285889, 26.4757442474, 44.8120269775, -29.5337944031, 49.3781585693, 5.23902702332], [-485.236907959, 93.57396698, -32.3254737854, 27.694021225, 20.7328033447, -17.9736537933, 59.1427612305, 26.4757442474, 200.803100586, 63.8157081604, 29.3905334473, -12.7896709442, 43.3037834167], [-289.061035156, -226.578796387, -128.863037109, -58.6811485291, 17.8138694763, 48.0815010071, 15.1641311646, 44.8120269775, 63.8157081604, 208.865356445, 58.3110351562, 27.3545608521, 3.25315880775], [-253.609619141, 0.124601006508, -150.656555176, -58.7549514771, -4.71031093597, -31.311498642, 32.5320320129, -29.5337944031, 29.3905334473, 58.3110351562, 166.83102417, 40.3510665894, -13.7472314835], [80.4936752319, -110.445396423, 20.0549373627, 4.45059537888, -12.6423883438, 37.1361274719, 2.48422598839, 49.3781585693, -12.7896709442, 27.3545608521, 40.3510665894, 112.006088257, 9.85601806641], [-207.501693726, 9.39777469635, -119.383560181, -38.3509559631, 33.9654121399, 15.213561058, 40.2038955688, 5.23902702332, 43.3037834167, 3.25315880775, -13.7472314835, 9.85601806641, 127.827896118]]}, "spectral_energyband_middle_low": {"dmean2": 0.00639376603067, "median": 0.0105579737574, "min": 2.71375875922e-22, "dvar2": 0.000147194718011, "dvar": 6.68142965878e-05, "dmean": 0.00434102956206, "max": 0.127962738276, "var": 0.000276546314126, "mean": 0.0156267192215}, "melbands_crest": {"dmean2": 3.57449889183, "median": 15.9404220581, "min": 2.30546498299, "dvar2": 14.4420776367, "dvar": 5.97674369812, "dmean": 2.33857488632, "max": 39.9111976624, "var": 31.3542823792, "mean": 16.731590271}, "spectral_kurtosis": {"dmean2": 14.3459062576, "median": 16.6867370605, "min": -1.21627521515, "dvar2": 189.356048584, "dvar": 70.6902694702, "dmean": 8.30144691467, "max": 140.37197876, "var": 207.4581604, "mean": 20.5908966064}, "spectral_rms": {"dmean2": 0.000676834606566, "median": 0.00353241735138, "min": 3.20458655272e-12, "dvar2": 1.01278055809e-06, "dvar": 4.91073990361e-07, "dmean": 0.000480204616906, "max": 0.0122156776488, "var": 4.06273693443e-06, "mean": 0.00376429734752}, "zerocrossingrate": {"dmean2": 0.00385434855707, "median": 0.02490234375, "min": 0, "dvar2": 5.93024960835e-05, "dvar": 5.28826058144e-05, "dmean": 0.00302033382468, "max": 0.49365234375, "var": 0.000346463406458, "mean": 0.029782442376}, "silence_rate_60dB": {"dmean2": 0.0384226478636, "median": 0, "min": 0, "dvar2": 0.0422510653734, "dvar": 0.0188378095627, "dmean": 0.0192088969052, "max": 1, "var": 0.133533775806, "mean": 0.158706083894}, "erbbands_kurtosis": {"dmean2": 3.40851473808, "median": 3.02782964706, "min": -1.82421994209, "dvar2": 32.2057991028, "dvar": 15.5301513672, "dmean": 2.35660719872, "max": 121.760383606, "var": 66.1619567871, "mean": 5.823387146}, "erbbands": {"dmean2": [0.00198054080829, 0.0553266629577, 0.354107558727, 0.790132939816, 6.70110988617, 9.44949913025, 9.09850215912, 20.4929924011, 41.711933136, 15.4886684418, 10.0716514587, 6.86401700974, 5.49389791489, 13.2129211426, 5.57345485687, 13.0831375122, 6.88621473312, 5.31045770645, 9.52215671539, 3.89156460762, 2.692912817, 1.7083889246, 2.1980009079, 1.92174577713, 0.942176222801, 1.16006708145, 0.321696579456, 0.359301537275, 0.252147465944, 0.145781680942, 0.110050335526, 0.108233168721, 0.0745447650552, 0.0605764091015, 0.0314150415361, 0.0152530828491, 0.00539580918849, 0.000368974695448, 9.37703043746e-06, 7.89722344052e-06], "median": [0.000346465705661, 0.0106106884778, 0.119637340307, 0.387923181057, 2.09352207184, 6.23168897629, 11.472984314, 14.1460542679, 35.3977050781, 12.8054084778, 4.9518661499, 3.14200401306, 1.53594076633, 2.46461057663, 1.33892977238, 2.56124305725, 3.29728221893, 2.02750015259, 2.33015155792, 1.1698410511, 0.953604519367, 0.489452779293, 0.417657792568, 0.398343145847, 0.376259863377, 0.159261584282, 0.0822332203388, 0.0625990927219, 0.0481173507869, 0.035028450191, 0.020701110363, 0.0111813936383, 0.00547919096425, 0.00274808658287, 0.00108447426464, 0.000402804405894, 9.00567320059e-05, 7.17430202712e-06, 7.13191184332e-06, 1.45635231092e-05], "min": [2.96368680717e-22, 1.08332094644e-21, 9.76695850873e-21, 2.37188079133e-20, 1.25023308956e-19, 2.5758698958e-19, 1.53141840464e-19, 1.99748569521e-19, 5.43127203793e-19, 4.15956456419e-19, 3.98405725922e-19, 9.57901722514e-19, 9.63951618116e-19, 1.77715329191e-18, 4.6516328039e-18, 2.83864770222e-18, 2.99219124227e-18, 5.55351527039e-18, 4.93018298004e-18, 7.22191126895e-18, 8.52304321144e-18, 7.81042959527e-18, 1.49723760601e-17, 1.70555245537e-17, 1.34908054203e-17, 2.07592952295e-17, 9.96563792793e-18, 1.36104728123e-17, 1.66535660612e-17, 1.79527739815e-17, 1.78013354094e-17, 1.40100424072e-17, 1.34292334042e-17, 1.22332650689e-17, 8.40616341807e-18, 5.07564599948e-18, 2.76458215696e-18, 1.16284006197e-18, 3.33164672691e-19, 3.13433920615e-20], "dvar2": [2.66626193479e-05, 0.0172586422414, 0.916737437248, 3.32650017738, 316.133361816, 607.882995605, 346.295806885, 2901.90869141, 12336.3554688, 3267.85522461, 1718.88769531, 802.601257324, 557.283752441, 3455.67016602, 1301.86816406, 3842.63427734, 260.631988525, 372.618835449, 663.604064941, 153.88394165, 58.0921936035, 27.2079925537, 93.9402160645, 52.0513496399, 6.29442119598, 22.9083938599, 1.34167551994, 3.17652153969, 1.27382206917, 0.293214976788, 0.124406091869, 0.161262646317, 0.0886153131723, 0.0595104843378, 0.0180677380413, 0.0049073942937, 0.000769812613726, 4.36274558524e-06, 1.49282142203e-09, 2.32728503136e-10], "dvar": [1.28222909552e-05, 0.00721248425543, 0.462440669537, 1.40607464314, 173.291015625, 272.501861572, 179.123565674, 1209.75512695, 5165.53808594, 1601.59460449, 902.477111816, 498.668243408, 334.555786133, 2037.24987793, 655.28704834, 1711.6192627, 147.881759644, 165.461914062, 327.116760254, 82.8729476929, 27.6696910858, 11.6816005707, 48.5324363708, 25.5004501343, 2.98508858681, 11.5608377457, 0.738896071911, 1.52452981472, 0.536117732525, 0.114623337984, 0.0510782748461, 0.0648858845234, 0.0328058116138, 0.0230237208307, 0.0066532897763, 0.00181500369217, 0.000278183695627, 1.56730334311e-06, 5.42785094648e-10, 1.05501274383e-10], "dmean": [0.00132514396682, 0.0344042852521, 0.224849537015, 0.51231855154, 4.62542104721, 6.20294713974, 6.2842130661, 12.8637619019, 27.6897220612, 10.6878566742, 7.2355093956, 5.26528406143, 4.12596321106, 9.78664112091, 4.06964826584, 8.9191904068, 5.03025436401, 3.58581662178, 6.37839746475, 2.77706193924, 1.75611960888, 1.09170508385, 1.46158099174, 1.29257535934, 0.602918326855, 0.781048297882, 0.221778079867, 0.244820073247, 0.163504943252, 0.0925702229142, 0.0695452466607, 0.0676876083016, 0.0447879768908, 0.0365145504475, 0.0184423103929, 0.00894704833627, 0.00305716483854, 0.000208205339732, 5.72855424252e-06, 5.44478507436e-06], "max": [0.131289601326, 3.3670732975, 44.7772331238, 26.8207969666, 271.057739258, 424.626678467, 715.868408203, 759.627990723, 1606.15576172, 2113.77124023, 1007.66345215, 1075.97607422, 652.353393555, 1622.19921875, 1252.67651367, 1417.31494141, 398.48614502, 348.403289795, 652.615478516, 361.518981934, 237.165893555, 75.1554489136, 292.107757568, 152.105300903, 72.2658233643, 108.395324707, 30.1821689606, 51.3428535461, 17.5609874725, 8.73738288879, 6.15517950058, 8.30440044403, 4.63810539246, 3.43378043175, 1.84952604771, 1.07915234566, 0.536740601063, 0.0490383170545, 0.000828192511108, 0.000174326094566], "var": [7.80440313974e-05, 0.0351942628622, 2.30664229393, 6.09683561325, 342.085144043, 802.112060547, 1388.79638672, 5249.59863281, 18524.9921875, 4710.01220703, 3080.92407227, 1516.1763916, 1100.17285156, 12273.4511719, 3016.88916016, 4287.20849609, 743.984802246, 418.88458252, 1285.05407715, 388.194213867, 89.4013824463, 29.397693634, 145.774337769, 67.7822418213, 8.17073154449, 31.1266078949, 1.72011387348, 2.87674546242, 0.723538756371, 0.146913707256, 0.0729439929128, 0.0721151158214, 0.0293546523899, 0.0222496949136, 0.00521409884095, 0.00139276578557, 0.000189351441804, 1.02742876606e-06, 5.00892272104e-10, 4.68517280527e-10], "mean": [0.0042976969853, 0.0894659459591, 0.501626133919, 1.24855947495, 7.519759655, 15.3644304276, 22.3591594696, 39.3429260254, 86.0506744385, 29.8150863647, 18.9998645782, 12.3892221451, 10.4666719437, 31.7215595245, 12.3753700256, 18.9625091553, 12.2433204651, 7.80201673508, 14.4436454773, 6.74776935577, 3.63796615601, 2.27110862732, 3.19124794006, 2.57005643845, 1.18711638451, 1.47461235523, 0.417366862297, 0.400136440992, 0.24172142148, 0.142994374037, 0.103290006518, 0.0823495164514, 0.0494512356818, 0.038239557296, 0.0184202566743, 0.00834977719933, 0.00247528962791, 0.000165662713698, 1.24639373098e-05, 2.13094026549e-05]}, "spectral_strongpeak": {"dmean2": 0.600449800491, "median": 1.04299902916, "min": 0, "dvar2": 0.720772743225, "dvar": 0.313939273357, "dmean": 0.37891381979, "max": 7.71432828903, "var": 1.10169482231, "mean": 1.33669793606}, "spectral_energy": {"dmean2": 0.00689880969003, "median": 0.0127899218351, "min": 1.05261099783e-20, "dvar2": 0.000173979831743, "dvar": 7.96052408987e-05, "dmean": 0.00477317487821, "max": 0.152953356504, "var": 0.000358197954483, "mean": 0.0186884813011}, "average_loudness": 0.551760554314, "spectral_rolloff": {"dmean2": 146.632080078, "median": 473.73046875, "min": 21.533203125, "dvar2": 184049.46875, "dvar": 83817.859375, "dmean": 81.683303833, "max": 18733.8867188, "var": 300275.75, "mean": 704.988220215}, "spectral_centroid": {"dmean2": 87.9484024048, "median": 501.255371094, "min": 153.066131592, "dvar2": 23179.5097656, "dvar": 14435.7353516, "dmean": 59.6110267639, "max": 11297.0644531, "var": 139736.140625, "mean": 621.291625977}, "pitch_salience": {"dmean2": 0.0797356963158, "median": 0.492056667805, "min": 0.0115701351315, "dvar2": 0.00655386922881, "dvar": 0.0028247393202, "dmean": 0.0518300794065, "max": 0.903024077415, "var": 0.0156165426597, "mean": 0.490217506886}, "spectral_energyband_middle_high": {"dmean2": 0.000905915279873, "median": 0.000810091733001, "min": 1.64818019068e-21, "dvar2": 6.2904537117e-06, "dvar": 3.33382990902e-06, "dmean": 0.000668591528665, "max": 0.0494118668139, "var": 1.9775256078e-05, "mean": 0.00228187767789}, "spectral_contrast_coeffs": {"dmean2": [0.0705761238933, 0.0560486018658, 0.049028635025, 0.0427398085594, 0.0352653712034, 0.0373240225017], "median": [-0.53759765625, -0.614987432957, -0.703930020332, -0.719421267509, -0.761936128139, -0.752661883831], "min": [-0.962692856789, -0.983224153519, -0.968925952911, -0.966229498386, -0.957169055939, -0.957427144051], "dvar2": [0.00339297088794, 0.00253990152851, 0.001755909645, 0.00133845116943, 0.000915848126169, 0.00106047315057], "dvar": [0.00131465774029, 0.00103644223418, 0.00078013073653, 0.000581056985538, 0.000442934309831, 0.000479802489281], "dmean": [0.0430568605661, 0.0351884402335, 0.0314542613924, 0.0277004241943, 0.0228359438479, 0.0240196660161], "max": [-0.224696859717, -0.308377683163, -0.450873762369, -0.444442868233, -0.566290378571, -0.563668787479], "var": [0.0117191188037, 0.00825794786215, 0.00490876287222, 0.00629159715027, 0.0030791007448, 0.00237974850461], "mean": [-0.543056368828, -0.618471682072, -0.699054300785, -0.710258960724, -0.75995516777, -0.752921164036]}, "melbands_skewness": {"dmean2": 0.755174815655, "median": 2.05979585648, "min": -5.31072616577, "dvar2": 2.33112859726, "dvar": 0.985877037048, "dmean": 0.500875532627, "max": 75.7862243652, "var": 4.51927471161, "mean": 2.11548137665}, "spectral_spread": {"dmean2": 689746.75, "median": 2252442, "min": 614244.3125, "dvar2": 871966244864, "dvar": 386207055872, "dmean": 433241.53125, "max": 41980988, "var": 1300357185540.0, "mean": 2479413}, "dissonance": {"dmean2": 0.0570688359439, "median": 0.400063723326, "min": 0.180506452918, "dvar2": 0.00263516721316, "dvar": 0.000991428736597, "dmean": 0.0340603664517, "max": 0.499999880791, "var": 0.00262337829918, "mean": 0.395466953516}, "spectral_skewness": {"dmean2": 1.03641092777, "median": 3.05096578598, "min": -0.0273962263018, "dvar2": 0.803147435188, "dvar": 0.296118855476, "dmean": 0.602381706238, "max": 9.37467384338, "var": 1.07879924774, "mean": 3.25383996964}, "spectral_flux": {"dmean2": 0.0255711227655, "median": 0.0292436815798, "min": 6.85106485432e-11, "dvar2": 0.00155821384396, "dvar": 0.000615431577899, "dmean": 0.0157278385013, "max": 0.321492552757, "var": 0.00112951244228, "mean": 0.0386060141027}, "spectral_contrast_valleys": {"dmean2": [0.724946320057, 0.448856502771, 0.468376487494, 0.436843156815, 0.399043440819, 0.631574869156], "median": [-8.66841888428, -7.13635826111, -8.74196624756, -9.35803604126, -9.79485607147, -12.8579587936], "min": [-27.3568325043, -27.649646759, -27.094991684, -27.4460506439, -27.3772525787, -27.381608963], "dvar2": [0.378318220377, 0.162375628948, 0.174971595407, 0.176311090589, 0.180038377643, 0.446744978428], "dvar": [0.144287586212, 0.0731590464711, 0.075276426971, 0.079843878746, 0.0837529227138, 0.201439976692], "dmean": [0.429263085127, 0.280207157135, 0.286386400461, 0.27070504427, 0.257718801498, 0.419731408358], "max": [-6.01674032211, -5.10345602036, -6.08392429352, -6.81022310257, -7.15227603912, -9.21430969238], "var": [2.61131358147, 1.50713288784, 1.46918153763, 1.41731655598, 1.27620434761, 1.38457489014], "mean": [-8.95425415039, -7.33851051331, -8.7697467804, -9.41339206696, -9.81758213043, -12.8074989319]}, "erbbands_flatness_db": {"dmean2": 0.0274189785123, "median": 0.279672682285, "min": 0.0245176460594, "dvar2": 0.000891811447218, "dvar": 0.000409009313444, "dmean": 0.019353069365, "max": 0.552754998207, "var": 0.00467235874385, "mean": 0.285553872585}, "spectral_energyband_high": {"dmean2": 3.10430550599e-05, "median": 7.36887159292e-06, "min": 7.4775592567e-21, "dvar2": 1.07327204901e-08, "dvar": 4.88351892258e-09, "dmean": 2.0935671273e-05, "max": 0.00158591137733, "var": 9.48539469192e-09, "mean": 3.55356278305e-05}, "spectral_entropy": {"dmean2": 0.264677733183, "median": 6.0818977356, "min": 4.41916322708, "dvar2": 0.096313610673, "dvar": 0.0422376692295, "dmean": 0.178353354335, "max": 9.79012107849, "var": 0.257243335247, "mean": 6.10926532745}, "silence_rate_20dB": {"dmean2": 0, "median": 1, "min": 1, "dvar2": 0, "dvar": 0, "dmean": 0, "max": 1, "var": 0, "mean": 1}, "melbands_flatness_db": {"dmean2": 0.0284203644842, "median": 0.331342041492, "min": 0.00329510541633, "dvar2": 0.000969104701653, "dvar": 0.000469597551273, "dmean": 0.0198244322091, "max": 0.557162106037, "var": 0.00408281199634, "mean": 0.332608610392}, "barkbands": {"dmean2": [5.61202177778e-05, 0.000180497925612, 0.000350285874447, 0.000373103219317, 0.00279603153467, 0.00218554516323, 0.00250087096356, 0.000535230967216, 0.000240533656324, 0.00033018834074, 0.00020352685533, 0.000257911538938, 0.000136064481921, 8.87183705345e-05, 0.00018600000476, 4.26352016802e-05, 4.82152499899e-05, 3.80993151339e-05, 2.64612299361e-05, 2.08158089663e-05, 7.65766617405e-06, 6.50884476272e-06, 4.00477802032e-06, 4.87667011839e-06, 4.82175119032e-06, 2.90016419058e-06, 1.51228163325e-09], "median": [3.30040074914e-06, 2.84973557427e-05, 0.000109777982289, 9.69566390268e-05, 0.00203120615333, 0.00178766972385, 0.00214397814125, 0.000150571431732, 8.60061991261e-05, 6.54383620713e-05, 1.40901247505e-05, 3.30882176058e-05, 5.01145768794e-05, 1.3439623217e-05, 3.61188685929e-05, 1.28269848574e-05, 1.00435190689e-05, 6.74710281601e-06, 7.34744571673e-06, 2.89474087367e-06, 1.72666000253e-06, 1.32101115469e-06, 8.53625465425e-07, 4.20308197135e-07, 1.92500380081e-07, 6.3379118842e-08, 2.08912359634e-10], "min": [4.44469351333e-23, 4.40616759775e-24, 1.07281028365e-23, 8.00108484008e-24, 7.210212024e-23, 3.01003667676e-23, 4.159231573e-23, 8.9029737358e-24, 5.56426510486e-23, 1.66409245546e-23, 1.13107962063e-22, 5.53285266361e-23, 7.95505259745e-23, 8.9552310376e-23, 1.2567605614e-22, 1.43155333155e-22, 1.42981140046e-22, 3.49417241565e-22, 2.13595967178e-22, 4.388880279e-22, 2.81989829008e-22, 4.69413739001e-22, 6.27192180445e-22, 7.31637414784e-22, 1.17735680142e-21, 1.4145436729e-21, 2.21229151905e-21], "dvar2": [3.49411735101e-08, 1.84367962675e-07, 9.1110092626e-07, 8.82624476617e-07, 4.64773984277e-05, 2.97279784718e-05, 3.79939920094e-05, 8.54346035339e-06, 1.00461306829e-06, 1.962504939e-06, 1.42163116834e-06, 1.49790582782e-06, 1.09858724784e-07, 1.31949747129e-07, 2.69914465889e-07, 2.04937578019e-08, 2.48363551947e-08, 2.22541647332e-08, 8.09352140863e-09, 7.06332503597e-09, 9.70764801878e-10, 7.78958064718e-10, 1.57069787732e-10, 3.57119889216e-10, 3.44015288478e-10, 1.7624952886e-10, 6.14401883018e-18], "dvar": [1.15098730546e-08, 7.48331032696e-08, 4.5800769044e-07, 3.97330296664e-07, 2.14823612623e-05, 1.29652617034e-05, 1.57643553393e-05, 4.51020378023e-06, 6.32278613466e-07, 1.09975485429e-06, 8.1627047166e-07, 6.67232200158e-07, 6.47103206575e-08, 5.79229961772e-08, 1.37313250548e-07, 1.09343654131e-08, 1.02047046369e-08, 1.19160654677e-08, 3.74440523032e-09, 3.55647333805e-09, 4.87924423087e-10, 3.31037447454e-10, 6.53963619368e-11, 1.37897651631e-10, 1.31103586321e-10, 6.46228764944e-11, 1.91659319572e-18], "dmean": [3.13161654049e-0