{"tonal": {"thpcp": [1, 0.77014040947, 0.619540274143, 0.65252327919, 0.552293896675, 0.457533538342, 0.424359947443, 0.409800589085, 0.530803263187, 0.635397136211, 0.519460976124, 0.40196877718, 0.427045583725, 0.556488394737, 0.836903512478, 0.934290409088, 0.673137664795, 0.521322727203, 0.533187866211, 0.501496970654, 0.550508797169, 0.618593633175, 0.588285505772, 0.572528481483, 0.523578763008, 0.419392198324, 0.402354955673, 0.406013101339, 0.449577242136, 0.663483917713, 0.687229216099, 0.474239557981, 0.387060433626, 0.386558443308, 0.460918694735, 0.784473001957], "hpcp": {"dmean2": [0.219387918711, 0.207748040557, 0.244926914573, 0.267842382193, 0.248142555356, 0.223371461034, 0.257632374763, 0.355843037367, 0.410359472036, 0.380902588367, 0.321955651045, 0.266239672899, 0.2598323524, 0.267705023289, 0.285127103329, 0.297632932663, 0.311780661345, 0.325583815575, 0.290467143059, 0.238405689597, 0.211428284645, 0.203466951847, 0.238886356354, 0.342549026012, 0.311728209257, 0.226404890418, 0.219375699759, 0.224162504077, 0.260096132755, 0.331246912479, 0.356284290552, 0.334059536457, 0.291332513094, 0.267185747623, 0.260003358126, 0.243625238538], "median": [0.073977984488, 0.0764516443014, 0.0943475961685, 0.0951668918133, 0.0821223407984, 0.073546603322, 0.0751716047525, 0.0897095352411, 0.156422123313, 0.183521926403, 0.134806007147, 0.0934123471379, 0.0887797996402, 0.0958525687456, 0.108805209398, 0.122821241617, 0.110810615122, 0.098468542099, 0.0868841856718, 0.0733511596918, 0.0757668018341, 0.0768939256668, 0.088366150856, 0.13079957664, 0.128439635038, 0.0801494419575, 0.0662245079875, 0.0678069442511, 0.0855616480112, 0.144986093044, 0.173027142882, 0.153658211231, 0.11101976037, 0.092880859971, 0.0789907574654, 0.0759253203869], "min": [0, 0, 0, 0, 0, 0, 0, 0, 0, 0, 0, 0, 0, 0, 0, 0, 0, 0, 0, 0, 0, 0, 0, 0, 0, 0, 0, 0, 0, 0, 0, 0, 0, 0, 0, 0], "dvar2": [0.0930738598108, 0.0791097208858, 0.0884993895888, 0.105005212128, 0.0966925770044, 0.0907704234123, 0.109558075666, 0.171812027693, 0.178215801716, 0.153096184134, 0.130130961537, 0.116024926305, 0.118514709175, 0.128807008266, 0.135211095214, 0.137349933386, 0.149817675352, 0.170259103179, 0.149812355638, 0.1245681867, 0.0903498902917, 0.0844800919294, 0.0885481983423, 0.131440922618, 0.112007275224, 0.0900023654103, 0.0990671291947, 0.102827101946, 0.108561776578, 0.127539917827, 0.138064235449, 0.12392808497, 0.114927366376, 0.113769546151, 0.119864337146, 0.110162355006], "dvar": [0.0341437011957, 0.0287254694849, 0.0339895784855, 0.0449308641255, 0.0374505184591, 0.0335256792605, 0.0403128042817, 0.062160294503, 0.0673066824675, 0.0589999593794, 0.046641997993, 0.0422457046807, 0.0436165072024, 0.0457032546401, 0.0490395314991, 0.0511566773057, 0.0572449862957, 0.0622687116265, 0.0537188798189, 0.0428909696639, 0.0313933156431, 0.0303740277886, 0.0321082174778, 0.0485606752336, 0.0437026955187, 0.0337105728686, 0.0355518423021, 0.0368165038526, 0.0380528792739, 0.0496897287667, 0.0615248046815, 0.0478471443057, 0.0423368103802, 0.0454698391259, 0.0450204834342, 0.0399058572948], "dmean": [0.125244438648, 0.119232282043, 0.144417211413, 0.159705296159, 0.144207313657, 0.126260727644, 0.14320281148, 0.195084676147, 0.233007326722, 0.221861734986, 0.181694507599, 0.150341704488, 0.145706519485, 0.148694783449, 0.159040093422, 0.169039592147, 0.174707069993, 0.179133951664, 0.160050868988, 0.131566077471, 0.118460096419, 0.115276820958, 0.134254038334, 0.193205967546, 0.179394036531, 0.129940524697, 0.122467033565, 0.124776735902, 0.145646482706, 0.195288091898, 0.212584599853, 0.195572435856, 0.168439134955, 0.154928967357, 0.149914190173, 0.138021662831], "max": [1, 1, 1, 1, 1, 1, 1, 1, 1, 1, 1, 1, 1, 1, 1, 1, 1, 1, 1, 1, 1, 1, 1, 1, 1, 1, 1, 1, 1, 1, 1, 1, 1, 1, 1, 1], "var": [0.0341506712139, 0.0276727098972, 0.0419232398272, 0.0694828033447, 0.0470647476614, 0.0294453799725, 0.0332187004387, 0.0538343936205, 0.0829559192061, 0.0941197797656, 0.0553703680634, 0.04401300475, 0.0496209003031, 0.038679625839, 0.0436071306467, 0.0513255596161, 0.052262943238, 0.0545054897666, 0.0519383698702, 0.0356015451252, 0.0283260922879, 0.0296405851841, 0.0310153625906, 0.0567905567586, 0.0656420215964, 0.0396956503391, 0.0306478459388, 0.0309125371277, 0.0346473418176, 0.0728236809373, 0.1158272475, 0.0673214793205, 0.0551918931305, 0.0795284733176, 0.0577029213309, 0.0399524979293], "mean": [0.140912204981, 0.136077657342, 0.176257580519, 0.2109888345, 0.172491297126, 0.133477032185, 0.141803994775, 0.18478654325, 0.277900695801, 0.310238808393, 0.223520889878, 0.1731095016, 0.177049413323, 0.166526198387, 0.182800978422, 0.205409109592, 0.195345029235, 0.190112784505, 0.173858627677, 0.139262631536, 0.133605271578, 0.134819984436, 0.149285823107, 0.220315292478, 0.228200107813, 0.157475143671, 0.128526598215, 0.128359913826, 0.153051838279, 0.260490715504, 0.332058221102, 0.255731463432, 0.205723434687, 0.216675713658, 0.183393731713, 0.151927769184]}, "tuning_equal_tempered_deviation": 0.0424701198936, "chords_changes_rate": 0.100308641791, "key_key": "C", "tuning_diatonic_strength": 0.726855456829, "key_scale": "minor", "chords_number_rate": 0.00264550256543, "tuning_frequency": 440.508575439, "tuning_nontempered_energy_ratio": 0.812093138695, "chords_histogram": [20.171957016, 4.45326280594, 11.5740737915, 2.888007164, 1.5873016119, 0.0440917089581, 0.749559104443, 11.8386240005, 4.0343914032, 17.2178134918, 6.01851844788, 0.0220458544791, 0.308641970158, 0.0220458544791, 0.0661375671625, 0.26455026865, 0.198412701488, 0, 0.418871253729, 0.176366835833, 0.418871253729, 5.64373874664, 8.0467376709, 3.83597874641], "key_strength": 0.799958705902, "chords_key": "C", "chords_strength": {"dmean2": 0.0156648475677, "median": 0.495471149683, "min": 0.246582821012, "dvar2": 0.000192755614989, "dvar": 0.000119678450574, "dmean": 0.0131685407832, "max": 0.755063533783, "var": 0.00803625397384, "mean": 0.493854820728}, "chords_scale": "minor", "hpcp_entropy": {"dmean2": 1.25889277458, "median": 2.91567778587, "min": 0, "dvar2": 0.948737919331, "dvar": 0.329223692417, "dmean": 0.734351754189, "max": 4.6494102478, "var": 0.740007102489, "mean": 2.82565951347}}, "metadata": {"audio_properties": {"equal_loudness": 0, "codec": "mp3", "downmix": "mix", "sample_rate": 48000, "analysis_sample_rate": 44100, "bit_rate": 256000, "md5_encoded": "d49979c63c76de33ba0730adec4cd69b", "length": 210.599975586, "replay_gain": -16.0982818604, "lossless": false}, "version": {"essentia_build_sha": "70f2e5ece6736b2c40cc944ad0e695b16b925413", "essentia": "2.1-beta2", "extractor": "music 1.0", "essentia_git_sha": "v2.1_beta2"}, "tags": {"title": ["Asthmatic"], "artist": ["Spineshank"], "albumartist": ["Spineshank"], "date": ["2001"], "genre": ["Metal"], "album": ["The Height of Callousness"], "tracknumber": ["1"], "musicbrainz_recordingid": ["0cd611e6-428b-4904-aec0-c751559bb708"], "file_name": "379517.mp3"}}, "rhythm": {"bpm_histogram_first_peak_bpm": {"dmean2": 0, "median": 136, "min": 136, "dvar2": 0, "dvar": 0, "dmean": 0, "max": 136, "var": 0, "mean": 136}, "bpm": 136.815231323, "bpm_histogram_second_peak_spread": {"dmean2": 0, "median": 0, "min": 0, "dvar2": 0, "dvar": 0, "dmean": 0, "max": 0, "var": 0, "mean": 0}, "bpm_histogram_first_peak_weight": {"dmean2": 0, "median": 0.650924026966, "min": 0.650924026966, "dvar2": 0, "dvar": 0, "dmean": 0, "max": 0.650924026966, "var": 0, "mean": 0.650924026966}, "onset_rate": 2.79180288315, "beats_position": [0.31346938014, 0.650158703327, 0.986848056316, 1.3235373497, 1.66022670269, 1.99691605568, 2.32199549675, 2.65868473053, 2.99537420273, 3.34367346764, 3.70358276367, 4.06349182129, 4.40018129349, 4.73687076569, 5.06195020676, 5.38702917099, 5.71210861206, 6.15328788757, 6.59446716309, 7.03564596176, 7.4884352684, 7.94122457504, 8.40562343597, 8.87002277374, 9.32281208038, 9.76399040222, 10.1935596466, 10.6347389221, 11.0759181976, 11.5170974731, 11.9582767487, 12.3994560242, 12.840634346, 13.2818136215, 13.7113828659, 14.1409521103, 14.5821313858, 15.0233106613, 15.4644899368, 15.9056682587, 16.3468475342, 16.7880268097, 17.2175960541, 17.6471652985, 18.088344574, 18.5295238495, 18.970703125, 19.4118824005, 19.853061676, 20.2942390442, 20.7238082886, 21.153377533, 21.5945568085, 22.035736084, 22.4769153595, 22.918094635, 23.3592739105, 23.800453186, 24.2416324615, 24.6828117371, 25.1123809814, 25.5419502258, 25.9831295013, 26.4243087769, 26.865486145, 27.3066654205, 27.7362346649, 28.1658039093, 28.6069831848, 29.0481624603, 29.4893417358, 29.9305210114, 30.3600902557, 30.7896595001, 31.2308387756, 31.6720180511, 32.1131973267, 32.5543746948, 32.9955558777, 33.4367332458, 33.8779144287, 34.3074836731, 34.7370529175, 35.1782302856, 35.6194114685, 36.0605888367, 36.5017662048, 36.9313354492, 37.3609046936, 37.8020858765, 38.2432632446, 38.6844444275, 39.1256217957, 39.5668029785, 40.0079803467, 40.4375495911, 40.8671188354, 41.3083000183, 41.7494773865, 42.1906585693, 42.6318359375, 43.0730133057, 43.5141944885, 43.9437637329, 44.3733329773, 44.8145103455, 45.2556915283, 45.6968688965, 46.1264381409, 46.5560073853, 46.9971885681, 47.4383659363, 47.8795471191, 48.3207244873, 48.7619056702, 49.2030830383, 49.6326522827, 50.0622215271, 50.5033988953, 50.9445800781, 51.3857574463, 51.8269386292, 52.2681159973, 52.7092971802, 53.1504745483, 53.5800437927, 54.0096130371, 54.45079422, 54.8919715881, 55.333152771, 55.7627182007, 56.1922874451, 56.6334686279, 57.0746459961, 57.515827179, 57.9570045471, 58.39818573, 58.8393630981, 59.280544281, 59.7217216492, 60.1512908936, 60.5808601379, 61.0220413208, 61.463218689, 61.9043960571, 62.34557724, 62.7751464844, 63.2047157288, 63.6458930969, 64.0870742798, 64.5282516479, 64.9694290161, 65.4106140137, 65.8517913818, 66.2813568115, 66.7225418091, 67.1521072388, 67.5932846069, 68.0344696045, 68.4756469727, 68.9168243408, 69.358001709, 69.7875747681, 70.2171401978, 70.6583175659, 71.0995025635, 71.5406799316, 71.9818572998, 72.4114303589, 72.8409957886, 73.2821731567, 73.7233581543, 74.1645355225, 74.6057128906, 75.0352783203, 75.4764633179, 75.9060287476, 76.3472061157, 76.7883911133, 77.2295684814, 77.6707458496, 78.1119232178, 78.5531082153, 78.982673645, 79.4122467041, 79.8534240723, 80.2946014404, 80.7357788086, 81.1769561768, 81.6181411743, 82.0593185425, 82.4888839722, 82.9184570312, 83.3596343994, 83.8008117676, 84.2419967651, 84.6715621948, 85.1011352539, 85.5423126221, 85.9834899902, 86.4246673584, 86.865852356, 87.3070297241, 87.7482070923, 88.1893844604, 88.6305618286, 89.0601348877, 89.4897003174, 89.9308853149, 90.3720626831, 90.8132400513, 91.2544174194, 91.695602417, 92.1251678467, 92.5547409058, 92.9959182739, 93.4370956421, 93.8782730103, 94.3194503784, 94.760635376, 95.2018127441, 95.6429901123, 96.0725631714, 96.5021286011, 96.9433059692, 97.3844909668, 97.825668335, 98.2552337646, 98.6848068237, 99.1259841919, 99.5671615601, 100.008346558, 100.437911987, 100.879089355, 101.308662415, 101.749839783, 102.191017151, 102.632194519, 103.073379517, 103.514556885, 103.955734253, 104.396911621, 104.82648468, 105.25605011, 105.697235107, 106.138412476, 106.579589844, 107.020767212, 107.46194458, 107.903129578, 108.332695007, 108.762268066, 109.203445435, 109.644622803, 110.085800171, 110.526985168, 110.968162537, 111.409339905, 111.850517273, 112.291702271, 112.7212677, 113.15083313, 113.592018127, 114.033195496, 114.474372864, 114.903945923, 115.345123291, 115.786300659, 116.227478027, 116.657051086, 117.098228455, 117.539405823, 117.98059082, 118.421768188, 118.862945557, 119.292518616, 119.722084045, 120.163261414, 120.604438782, 121.034011841, 121.475189209, 121.904762268, 122.345939636, 122.787117004, 123.228294373, 123.66947937, 124.0990448, 124.528617859, 124.969795227, 125.410972595, 125.852149963, 126.293327332, 126.734512329, 127.164077759, 127.605255127, 128.034820557, 128.476013184, 128.917190552, 129.35836792, 129.799545288, 130.240722656, 130.681900024, 131.111465454, 131.541046143, 131.982223511, 132.423400879, 132.864578247, 133.305755615, 133.735321045, 134.176498413, 134.62928772, 135.058868408, 135.488433838, 135.917999268, 136.347564697, 136.788757324, 137.229934692, 137.671112061, 138.112289429, 138.553466797, 138.994644165, 139.435821533, 139.876998901, 140.31817627, 140.747756958, 141.177322388, 141.618499756, 142.059677124, 142.500854492, 142.94203186, 143.371612549, 143.801177979, 144.242355347, 144.683532715, 145.124710083, 145.565887451, 146.007064819, 146.448257446, 146.877822876, 147.307388306, 147.748565674, 148.189743042, 148.63092041, 149.072113037, 149.513290405, 149.954467773, 150.40725708, 150.860046387, 151.312835693, 151.765625, 152.206802368, 152.647979736, 153.100769043, 153.55355835, 154.006347656, 154.459136963, 154.807434082, 155.16734314, 155.515640259, 155.863937378, 156.200637817, 156.537322998, 156.874008179, 157.210693359, 157.559005737, 157.918914795, 158.267211914, 158.592285156, 158.928970337, 159.265670776, 159.613967896, 159.973876953, 160.322174072, 160.670471191, 161.007156372, 161.343856812, 161.692153931, 162.052062988, 162.400360107, 162.737045288, 163.073745728, 163.514923096, 163.956100464, 164.397277832, 164.826843262, 165.26802063, 165.709197998, 166.150375366, 166.579956055, 167.021133423, 167.462310791, 167.903488159, 168.344665527, 168.785842896, 169.227020264, 169.668212891, 170.09777832, 170.52734375, 170.968521118, 171.409698486, 171.850875854, 172.292053223, 172.721633911, 173.162811279, 173.592376709, 174.033554077, 174.474731445, 174.915908813, 175.35710144, 175.78666687, 176.2162323, 176.657409668, 177.098587036, 177.539764404, 177.980941772, 178.422134399, 178.863311768, 179.292877197, 179.722442627, 180.163619995, 180.604797363, 181.04598999, 181.487167358, 181.928344727, 182.369522095, 182.799087524, 183.228652954, 183.669830322, 184.111022949, 184.552200317, 184.993377686, 185.422943115, 185.852508545, 186.293685913, 186.73487854, 187.176055908, 187.617233276, 188.058410645, 188.499588013, 188.929153442, 189.358734131, 189.799911499, 190.241088867, 190.682266235, 191.123443604, 191.564620972, 192.00579834, 192.43536377, 192.864944458, 193.306121826, 193.747299194, 194.188476562, 194.629653931, 195.070831299, 195.512008667, 195.929977417, 196.371154785, 196.812332153, 197.253509521, 197.69468689, 198.135864258, 198.577041626, 199.018234253, 199.459411621, 199.888977051, 200.31854248, 200.759719849, 201.200897217, 201.630477905, 202.060043335, 202.501220703, 202.942398071, 203.383575439, 203.824752808, 204.254333496, 204.683898926, 205.125076294, 205.566253662, 206.00743103, 206.448608398, 206.889785767, 207.330978394, 207.772155762, 208.21333313, 208.666122437, 209.130523682, 209.594909668, 210.059310913], "beats_loudness": {"dmean2": 0.0234043952078, "median": 0.0326349064708, "min": 0, "dvar2": 0.000661713886075, "dvar": 0.000248902302701, "dmean": 0.0140447737649, "max": 0.143434211612, "var": 0.000410449603805, "mean": 0.0342147648335}, "danceability": 0.966966569424, "bpm_histogram_second_peak_weight": {"dmean2": 0, "median": 0.0390143729746, "min": 0.0390143729746, "dvar2": 0, "dvar": 0, "dmean": 0, "max": 0.0390143729746, "var": 0, "mean": 0.0390143729746}, "beats_count": 488, "bpm_histogram_second_peak_bpm": {"dmean2": 0, "median": 178, "min": 178, "dvar2": 0, "dvar": 0, "dmean": 0, "max": 178, "var": 0, "mean": 178}, "bpm_histogram_first_peak_spread": {"dmean2": 0, "median": 0.279545485973, "min": 0.279545485973, "dvar2": 0, "dvar": 0, "dmean": 0, "max": 0.279545485973, "var": 0, "mean": 0.279545485973}, "beats_loudness_band_ratio": {"dmean2": [0.3443390131, 0.106217086315, 0.134996220469, 0.181067615747, 0.156906217337, 0.0779921114445], "median": [0.400508224964, 0.0587656758726, 0.0826546922326, 0.12082567811, 0.14532867074, 0.0955753922462], "min": [0, 0, 0, 0, 0, 0], "dvar2": [0.0789274051785, 0.0100565506145, 0.0179316923022, 0.0248323976994, 0.0220686588436, 0.00413474394009], "dvar": [0.0269380006939, 0.00343920639716, 0.00616397196427, 0.00960821099579, 0.00739700719714, 0.00144464196637], "dmean": [0.201258480549, 0.0597636513412, 0.077157497406, 0.106005214155, 0.0910810977221, 0.0439283698797], "max": [0.940767586231, 0.503936231136, 0.749901533127, 0.818836152554, 0.591626405716, 0.274395167828], "var": [0.046827249229, 0.00444797007367, 0.00689031556249, 0.0163785684854, 0.00991035439074, 0.00231331749819], "mean": [0.418503344059, 0.0791446119547, 0.10488281399, 0.161837026477, 0.16266232729, 0.0999768525362]}}, "lowlevel": {"barkbands_spread": {"dmean2": 11.0387792587, "median": 38.6995429993, "min": 0.79259955883, "dvar2": 136.790527344, "dvar": 48.7379379272, "dmean": 6.58346223831, "max": 88.8475723267, "var": 120.017913818, "mean": 37.7436332703}, "melbands_spread": {"dmean2": 19.4083900452, "median": 43.8656272888, "min": 0.697573959827, "dvar2": 331.539611816, "dvar": 129.379898071, "dmean": 11.8646030426, "max": 161.443130493, "var": 324.769592285, "mean": 43.6097450256}, "hfc": {"dmean2": 9.70292472839, "median": 29.7845306396, "min": 1.10651871132e-16, "dvar2": 113.293930054, "dvar": 47.3114128113, "dmean": 6.11133956909, "max": 111.468315125, "var": 279.123809814, "mean": 30.7893600464}, "barkbands_kurtosis": {"dmean2": 2.33707284927, "median": -0.832162857056, "min": -1.78051960468, "dvar2": 30.8210697174, "dvar": 10.6040792465, "dmean": 1.32315015793, "max": 108.998161316, "var": 8.49993991852, "mean": -0.0444819070399}, "gfcc": {"mean": [42.2454147339, 64.7482070923, -131.922912598, 44.4092750549, -43.7052841187, 17.797990799, -26.6779556274, 10.2364959717, -21.4250926971, 6.01877450943, -14.6969347, -0.069001942873, -11.5305528641], "icov": [[0.000203175688512, 1.07337318695e-05, 0.000189103971934, -0.000361218379112, -5.06969336129e-05, -0.000164291035617, -0.000152099077241, -0.000171916210093, 0.000411274959333, -0.00062061654171, 0.000645919993985, -0.000361448095646, 0.000303324864944], [1.07337318695e-05, 0.0029309655074, 0.000202019116841, -0.000805559509899, 0.000255838182056, 0.000704428472091, -0.00135374488309, 0.00079680501949, -0.000258054526057, 0.000105920684291, -0.000905396707822, 0.00186428194866, -0.00152785237879], [0.000189103971934, 0.000202019116841, 0.00314931711182, -0.00139883195516, -0.00102561770473, -0.000531504163519, -0.000966383144259, 0.000276929757092, -0.000630245252978, -0.00201084744185, 0.00237329886295, -0.00227111834101, 0.00126205990091], [-0.000361218379112, -0.000805559509899, -0.00139883195516, 0.00470555108041, -0.000551341159735, -0.000225042938837, 0.0024951454252, -0.000151857122546, -0.00112364802044, 0.00217028497718, -0.0030274449382, 0.00273852748796, -0.00138040690217], [-5.06969336129e-05, 0.000255838182056, -0.00102561770473, -0.000551341159735, 0.00706225819886, 0.000178713322384, -0.0042022401467, 0.00119400140829, 0.000950724468566, -0.00296942074783, -5.02702350786e-05, 0.00299226259813, -0.00281393784098], [-0.000164291035617, 0.000704428472091, -0.000531504163519, -0.000225042938837, 0.000178713322384, 0.00935172941536, -0.00429477123544, -0.00194269872736, 0.00209459383041, -0.00240836921148, 7.54078282625e-05, 0.000147677157656, -0.000520955130924], [-0.000152099077241, -0.00135374488309, -0.000966383144259, 0.0024951454252, -0.0042022401467, -0.00429477123544, 0.0167391691357, -0.00629687123001, -0.00174176401924, 0.0082972291857, -0.00625242246315, 0.000346625223756, 0.00164593732916], [-0.000171916210093, 0.00079680501949, 0.000276929757092, -0.000151857122546, 0.00119400140829, -0.00194269872736, -0.00629687123001, 0.0166408009827, -0.00359281618148, -0.00544700445607, 0.00468495069072, -0.00370406475849, -0.000225313138799], [0.000411274959333, -0.000258054526057, -0.000630245252978, -0.00112364802044, 0.000950724468566, 0.00209459383041, -0.00174176401924, -0.00359281618148, 0.0168567132205, -0.00705627491698, -0.00150224764366, 0.00527223059908, -0.00381577946246], [-0.00062061654171, 0.000105920684291, -0.00201084744185, 0.00217028497718, -0.00296942074783, -0.00240836921148, 0.0082972291857, -0.00544700445607, -0.00705627491698, 0.0252783708274, -0.0102296629921, 0.00299234059639, 0.00246432074346], [0.000645919993985, -0.000905396707822, 0.00237329886295, -0.0030274449382, -5.02702350786e-05, 7.54078282625e-05, -0.00625242246315, 0.00468495069072, -0.00150224764366, -0.0102296629921, 0.0299683604389, -0.0176886375993, 0.00211722613312], [-0.000361448095646, 0.00186428194866, -0.00227111834101, 0.00273852748796, 0.00299226259813, 0.000147677157656, 0.000346625223756, -0.00370406475849, 0.00527223059908, 0.00299234059639, -0.0176886375993, 0.036069419235, -0.0144311264157], [0.000303324864944, -0.00152785237879, 0.00126205990091, -0.00138040690217, -0.00281393784098, -0.000520955130924, 0.00164593732916, -0.000225313138799, -0.00381577946246, 0.00246432074346, 0.00211722613312, -0.0144311264157, 0.0269295163453]], "cov": [[7028.7578125, -88.8234558105, -15.9904441833, 362.147277832, 125.622299194, 248.635604858, 49.7086830139, 161.880523682, -109.366752625, 137.888076782, -99.8056259155, -26.3997650146, -83.0584487915], [-88.8234558105, 421.425170898, -17.1299381256, 90.7004547119, 11.6007843018, -38.5040435791, 14.1724271774, -28.7190818787, 20.1916255951, -14.0560445786, 15.6990661621, -19.8013191223, 22.0248737335], [-15.9904441833, -17.1299381256, 471.72756958, 112.426651001, 109.515785217, 60.0023574829, 45.0365219116, 37.1295089722, 43.6738471985, 51.2685966492, -0.422048389912, 3.71533346176, -3.45310711861], [362.147277832, 90.7004547119, 112.426651001, 328.179962158, 41.1054115295, -3.25916194916, -26.9969844818, -9.86111545563, 26.3128852844, 12.6794605255, 8.32247924805, -20.0200824738, 9.60544681549], [125.622299194, 11.6007843018, 109.515785217, 41.1054115295, 212.387588501, 43.4342498779, 64.9348678589, 22.3493499756, 15.5783166885, 28.5497322083, 8.38937854767, -8.22346401215, 9.99750328064], [248.635604858, -38.5040435791, 60.0023574829, -3.25916194916, 43.4342498779, 164.398605347, 67.0629882812, 51.6387901306, -3.18910074234, 22.3613586426, 7.99617195129, 10.9540481567, -1.16887760162], [49.7086830139, 14.1724271774, 45.0365219116, -26.9969844818, 64.9348678589, 67.0629882812, 128.420394897, 49.1541938782, 8.26152706146, -2.42842578888, 18.9136257172, 12.719417572, 4.11638355255], [161.880523682, -28.7190818787, 37.1295089722, -9.86111545563, 22.3493499756, 51.6387901306, 49.1541938782, 101.29750824, 24.3133087158, 27.5852279663, 2.51104307175, 10.0910959244, 1.61020350456], [-109.366752625, 20.1916255951, 43.6738471985, 26.3128852844, 15.5783166885, -3.18910074234, 8.26152706146, 24.3133087158, 89.7196884155, 31.9006309509, 10.3261651993, -7.85975980759, 7.71388864517], [137.888076782, -14.0560445786, 51.2685966492, 12.6794605255, 28.5497322083, 22.3613586426, -2.42842578888, 27.5852279663, 31.9006309509, 74.0719985962, 16.5152015686, 0.655225872993, -3.51380372047], [-99.8056259155, 15.6990661621, -0.422048389912, 8.32247924805, 8.38937854767, 7.99617195129, 18.9136257172, 2.51104307175, 10.3261651993, 16.5152015686, 63.7700538635, 30.7908172607, 13.7961091995], [-26.3997650146, -19.8013191223, 3.71533346176, -20.0200824738, -8.22346401215, 10.9540481567, 12.719417572, 10.0910959244, -7.85975980759, 0.655225872993, 30.7908172607, 57.5332450867, 23.8699607849], [-83.0584487915, 22.0248737335, -3.45310711861, 9.60544681549, 9.99750328064, -1.16887760162, 4.11638355255, 1.61020350456, 7.71388864517, -3.51380372047, 13.7961091995, 23.8699607849, 53.8787002563]]}, "spectral_energyband_middle_low": {"dmean2": 0.00421808846295, "median": 0.00461925426498, "min": 1.92062020841e-22, "dvar2": 3.85776256735e-05, "dvar": 1.46205120473e-05, "dmean": 0.00257100304589, "max": 0.0495637096465, "var": 1.91314193216e-05, "mean": 0.00554658612236}, "melbands_crest": {"dmean2": 6.22236251831, "median": 13.6507539749, "min": 1.56235218048, "dvar2": 25.9553184509, "dvar": 9.71704387665, "dmean": 3.75086736679, "max": 30.1714763641, "var": 22.7921218872, "mean": 13.789273262}, "spectral_kurtosis": {"dmean2": 1.48664450645, "median": 3.55817365646, "min": -1.25357580185, "dvar2": 3.81748962402, "dvar": 1.3191229105, "dmean": 0.866929829121, "max": 47.7927970886, "var": 3.01230311394, "mean": 3.75394463539}, "spectral_rms": {"dmean2": 0.0014738595346, "median": 0.00501071242616, "min": 3.1456894381e-12, "dvar2": 2.76700870927e-06, "dvar": 1.11867348096e-06, "dmean": 0.000927227549255, "max": 0.0127653805539, "var": 3.42310158885e-06, "mean": 0.00503337942064}, "zerocrossingrate": {"dmean2": 0.0130005888641, "median": 0.08203125, "min": 0.00732421875, "dvar2": 0.000146664766362, "dvar": 9.87081875792e-05, "dmean": 0.010123626329, "max": 0.53857421875, "var": 0.00100028736051, "mean": 0.0834442004561}, "silence_rate_60dB": {"dmean2": 0.0273459032178, "median": 0, "min": 0, "dvar2": 0.0327766053379, "dvar": 0.0134827187285, "dmean": 0.013671444729, "max": 1, "var": 0.0470475777984, "mean": 0.0494984015822}, "erbbands_kurtosis": {"dmean2": 1.10673451424, "median": 0.381848096848, "min": -1.72388100624, "dvar2": 1.3550901413, "dvar": 0.557389736176, "dmean": 0.684338271618, "max": 17.2300548553, "var": 1.24860405922, "mean": 0.539393305779}, "erbbands": {"dmean2": [0.360114693642, 3.3271150589, 5.17830514908, 4.31966733932, 5.31360244751, 5.35855293274, 6.46944761276, 8.10710811615, 9.74584579468, 13.6634111404, 14.2313098907, 19.7943325043, 31.5209236145, 26.115688324, 28.8525791168, 37.3394012451, 43.13904953, 57.7984619141, 47.1780052185, 32.942653656, 36.0587806702, 35.6394920349, 35.1753044128, 29.8475189209, 21.6087837219, 22.1330852509, 17.1686344147, 11.3481149673, 6.33249378204, 4.64941930771, 2.34293603897, 1.48034346104, 0.902528703213, 0.483247250319, 0.260976731777, 0.118405468762, 0.0276949200779, 0.00614043371752, 0.00142781308386, 9.22768158489e-05], "median": [0.0739879086614, 0.937362074852, 3.37196111679, 2.85948061943, 2.20774793625, 2.30855989456, 3.47362709045, 4.49710559845, 5.79118156433, 6.12820196152, 6.24667787552, 9.7228975296, 12.9486074448, 12.6848373413, 16.2649745941, 20.8506336212, 24.246515274, 35.855670929, 29.954580307, 29.1145343781, 43.371547699, 43.2021522522, 35.9193305969, 37.3738441467, 33.4824905396, 36.5943069458, 28.1899013519, 14.9454298019, 8.80784320831, 5.58439254761, 3.54703354836, 2.45685529709, 1.32845497131, 0.625886082649, 0.296134263277, 0.133830443025, 0.0324032865465, 0.00561255309731, 0.000754421809688, 7.16769500286e-05], "min": [1.41541866479e-22, 1.13513131122e-21, 2.11296845323e-21, 6.13930340632e-21, 1.39634662839e-20, 4.94270789039e-20, 1.09859899255e-19, 8.04467073038e-20, 1.6792740957e-19, 2.07743993924e-19, 4.70738663834e-19, 5.63876770965e-19, 6.57754377563e-19, 7.36299054134e-19, 6.36646951378e-19, 1.49235779874e-18, 1.85456912544e-18, 2.18520459001e-18, 1.8097586837e-18, 3.60987368223e-18, 3.1460596575e-18, 5.03482463625e-18, 6.837038192e-18, 7.80507111926e-18, 1.05885620046e-17, 7.88694462911e-18, 1.32241256995e-17, 1.16920895978e-17, 1.24579430397e-17, 1.27416610267e-17, 1.2224132995e-17, 1.30544684744e-17, 1.0894049731e-17, 8.38029582595e-18, 5.99994506058e-18, 4.74761057037e-18, 2.32641383315e-18, 9.86276912656e-19, 2.73996029885e-19, 2.90493488043e-20], "dvar2": [0.347552984953, 36.626663208, 53.6522789001, 26.5244979858, 82.4555053711, 101.149787903, 136.136352539, 238.771606445, 250.973449707, 589.726135254, 746.944885254, 1166.72180176, 2639.69970703, 1934.31091309, 2151.80371094, 3848.75952148, 4851.44042969, 8756.60253906, 7005.22705078, 2503.66625977, 1899.58447266, 1911.8638916, 2232.79125977, 1383.703125, 534.885620117, 582.488586426, 347.175262451, 175.365829468, 50.5966186523, 31.1599674225, 8.39303207397, 3.12591481209, 2.41705489159, 0.811939716339, 0.268118321896, 0.0333266444504, 0.00154086446855, 8.96187848412e-05, 6.81932397129e-06, 3.64992338575e-08], "dvar": [0.129860028625, 13.5034303665, 19.2347354889, 9.95302963257, 29.9968261719, 35.6924362183, 50.3951454163, 91.5307388306, 94.8079452515, 241.258850098, 284.298461914, 458.709686279, 1003.79876709, 716.164611816, 812.488525391, 1483.43835449, 1933.54638672, 3540.44287109, 2787.29492188, 999.841918945, 699.467102051, 709.015563965, 873.11541748, 522.823120117, 198.61668396, 208.643554688, 126.505691528, 66.1058959961, 20.2239665985, 13.3901853561, 3.53711771965, 1.30941152573, 0.947511315346, 0.375377446413, 0.123048298061, 0.0139703890309, 0.00065172748873, 3.79650409741e-05, 2.72230045084e-06, 1.40806966087e-08], "dmean": [0.205006927252, 1.94611954689, 3.06954360008, 2.618745327, 3.09252524376, 3.06586909294, 3.84734749794, 4.89954328537, 5.80623149872, 8.24031734467, 8.63358211517, 12.0529985428, 18.9756526947, 15.7355117798, 17.3844146729, 22.7665252686, 26.8449420929, 35.7442855835, 29.4509372711, 20.1322746277, 21.3514823914, 21.1450710297, 21.0958023071, 17.6451148987, 12.7588768005, 12.9881429672, 10.1488819122, 6.72154664993, 3.84068059921, 2.88043093681, 1.45914399624, 0.92758667469, 0.571291923523, 0.309466451406, 0.168144971132, 0.0725737437606, 0.0170051455498, 0.00383809930645, 0.000866765913088, 5.6116063206e-05], "max": [3.10183811188, 36.4464302063, 51.6217308044, 33.9357872009, 84.9644546509, 68.2487716675, 94.6975784302, 242.418518066, 181.756149292, 286.531951904, 512.106445312, 422.365142822, 547.166503906, 388.047271729, 658.221130371, 601.620849609, 932.989807129, 1110.14013672, 1300.42419434, 765.20880127, 1020.29693604, 901.975402832, 591.332336426, 636.374267578, 203.146484375, 240.802947998, 214.868881226, 139.060119629, 64.1641082764, 59.8064727783, 35.5159225464, 26.1040725708, 30.6005783081, 21.3254585266, 16.2545108795, 3.48057198524, 0.596181333065, 0.0920258462429, 0.0262734778225, 0.00127441785298], "var": [0.110306605697, 12.0394163132, 24.8517532349, 13.2390651703, 26.2797298431, 29.8710594177, 50.4638824463, 108.09375, 110.905853271, 298.128265381, 351.709472656, 679.66418457, 2146.08032227, 1524.06237793, 1584.99121094, 3087.76635742, 4652.26708984, 9043.53613281, 7082.15087891, 2626.39331055, 2137.3269043, 1820.80456543, 2341.61938477, 1305.06677246, 484.885803223, 640.686157227, 332.694396973, 127.524017334, 47.8093528748, 32.3302383423, 10.5339641571, 3.81995296478, 1.76785635948, 0.744730293751, 0.242895454168, 0.0278375260532, 0.00182259979192, 9.31389513426e-05, 5.37436335435e-06, 1.7213217518e-08], "mean": [0.199332982302, 2.16190671921, 4.79251813889, 3.82978987694, 3.69178915024, 3.9257171154, 5.46902751923, 7.3220076561, 8.77589893341, 11.4239768982, 12.4411230087, 18.513004303, 32.4159736633, 28.0457382202, 29.9356784821, 40.3644142151, 49.7350578308, 69.2556838989, 60.028049469, 44.202331543, 50.9533615112, 50.9770202637, 48.591381073, 43.6475296021, 35.2940635681, 37.1212539673, 28.8652496338, 16.7299137115, 10.0464086533, 7.00677013397, 4.11104011536, 2.70443081856, 1.55153667927, 0.79150223732, 0.400132894516, 0.16908633709, 0.0435094870627, 0.0088743744418, 0.00158888974693, 0.000108294392703]}, "spectral_strongpeak": {"dmean2": 0.636322081089, "median": 0.244978487492, "min": 0, "dvar2": 1.5204501152, "dvar": 0.55989664793, "dmean": 0.358422011137, "max": 11.4121227264, "var": 0.57258439064, "mean": 0.460717558861}, "spectral_energy": {"dmean2": 0.0184132475406, "median": 0.025734918192, "min": 1.01427456917e-20, "dvar2": 0.000651498499792, "dvar": 0.000252777448623, "dmean": 0.0113312788308, "max": 0.167028814554, "var": 0.000422219542088, "mean": 0.029476929456}, "average_loudness": 0.91596275568, "spectral_rolloff": {"dmean2": 1073.38391113, "median": 2454.78515625, "min": 86.1328125, "dvar2": 1330429.75, "dvar": 533272.0625, "dmean": 641.625, "max": 19401.4160156, "var": 1686589.375, "mean": 2462.62548828}, "spectral_centroid": {"dmean2": 379.294616699, "median": 2319.58496094, "min": 211.725616455, "dvar2": 145302.28125, "dvar": 57379.1679688, "dmean": 230.123794556, "max": 11766.0683594, "var": 360809.84375, "mean": 2302.7902832}, "pitch_salience": {"dmean2": 0.154460459948, "median": 0.614274919033, "min": 0.139823183417, "dvar2": 0.0213503725827, "dvar": 0.00804594065994, "dmean": 0.0929634049535, "max": 0.990731358528, "var": 0.0143927307799, "mean": 0.594482898712}, "spectral_energyband_middle_high": {"dmean2": 0.00355983129703, "median": 0.00790519360453, "min": 1.22243592337e-21, "dvar2": 1.43321103678e-05, "dvar": 5.87672820984e-06, "dmean": 0.00224860431626, "max": 0.0410149842501, "var": 4.43296376034e-05, "mean": 0.00967119541019}, "spectral_contrast_coeffs": {"dmean2": [0.0892127379775, 0.0786244943738, 0.0611795559525, 0.0480486750603, 0.0316108986735, 0.026968754828], "median": [-0.68684387207, -0.784909784794, -0.812157154083, -0.804065406322, -0.809591174126, -0.722137629986], "min": [-0.972295165062, -0.978516221046, -0.984046280384, -0.972598850727, -0.982879281044, -0.965043663979], "dvar2": [0.00502341100946, 0.00359100685455, 0.00231042504311, 0.00135809509084, 0.000612999603618, 0.000482294155518], "dvar": [0.00182132492773, 0.00133710156661, 0.000818572356366, 0.000497063505463, 0.000219614696107, 0.000187290133908], "dmean": [0.0529831796885, 0.0468952208757, 0.0364381484687, 0.0287268217653, 0.0186016317457, 0.0161341447383], "max": [-0.354275166988, -0.513730943203, -0.576649487019, -0.613704383373, -0.653674662113, -0.618466854095], "var": [0.00424576317891, 0.0028155813925, 0.00214085308835, 0.00151583226398, 0.000546844734345, 0.000970544700976], "mean": [-0.684584081173, -0.780924975872, -0.807096779346, -0.799863874912, -0.80869692564, -0.724017500877]}, "melbands_skewness": {"dmean2": 1.30404114723, "median": 1.70994091034, "min": -0.865787565708, "dvar2": 2.44732236862, "dvar": 0.920892715454, "dmean": 0.793465554714, "max": 15.6134643555, "var": 1.62267541885, "mean": 1.96663689613}, "spectral_spread": {"dmean2": 461963.96875, "median": 3952617, "min": 1738774, "dvar2": 395122376704, "dvar": 208900341760, "dmean": 301237.21875, "max": 41738464, "var": 3749053464580.0, "mean": 4084298}, "dissonance": {"dmean2": 0.0127265434712, "median": 0.492067933083, "min": 0.314359366894, "dvar2": 0.000212654980714, "dvar": 7.88508696132e-05, "dmean": 0.00744459731504, "max": 0.5, "var": 0.000130549160531, "mean": 0.489158511162}, "spectral_skewness": {"dmean2": 0.217052862048, "median": 1.20949864388, "min": -0.0484948083758, "dvar2": 0.0574034079909, "dvar": 0.021359289065, "dmean": 0.130974128842, "max": 5.0914349556, "var": 0.0891285389662, "mean": 1.2229064703}, "spectral_flux": {"dmean2": 0.0397083833814, "median": 0.0960164293647, "min": 6.35548211281e-11, "dvar2": 0.00203131930903, "dvar": 0.000896951940376, "dmean": 0.024483108893, "max": 0.334864675999, "var": 0.00203818129376, "mean": 0.101516976953}, "spectral_contrast_valleys": {"dmean2": [0.677346229553, 0.622879564762, 0.506330966949, 0.412431538105, 0.319061458111, 0.290102779865], "median": [-6.84015321732, -6.56666040421, -6.70480155945, -6.65335798264, -6.24205636978, -9.4071521759], "min": [-28.2147083282, -28.0348625183, -27.5926380157, -27.6055812836, -27.4438552856, -27.4550819397], "dvar2": [0.2852024436, 0.273068904877, 0.171955958009, 0.135170459747, 0.126678481698, 0.125572413206], "dvar": [0.12736313045, 0.120935961604, 0.0835468396544, 0.0695782825351, 0.0663231089711, 0.0678848922253], "dmean": [0.413094967604, 0.376774311066, 0.309915244579, 0.254357546568, 0.194076552987, 0.19122210145], "max": [-5.13805532455, -4.603536129, -5.08852577209, -5.39911222458, -5.34239578247, -8.21976947784], "var": [1.87860023975, 1.43578696251, 1.43531394005, 1.39546847343, 1.48825764656, 1.26144933701], "mean": [-7.09315443039, -6.6802482605, -6.76638650894, -6.79384231567, -6.486079216, -9.61843395233]}, "erbbands_flatness_db": {"dmean2": 0.0182730425149, "median": 0.129915654659, "min": 0.0711842998862, "dvar2": 0.000261467299424, "dvar": 0.000119093310786, "dmean": 0.0119145894423, "max": 0.351940274239, "var": 0.00099048181437, "mean": 0.136025965214}, "spectral_energyband_high": {"dmean2": 0.000715360220056, "median": 0.00160207331646, "min": 7.23128157739e-21, "dvar2": 6.42034137854e-07, "dvar": 2.51479491453e-07, "dmean": 0.000438544666395, "max": 0.00924141332507, "var": 8.00996588168e-07, "mean": 0.00160612503532}, "spectral_entropy": {"dmean2": 0.103922329843, "median": 8.02318000793, "min": 6.35027313232, "dvar2": 0.0125822490081, "dvar": 0.00527294306085, "dmean": 0.0648939535022, "max": 9.82033157349, "var": 0.0352901034057, "mean": 8.00583267212}, "silence_rate_20dB": {"dmean2": 0, "median": 1, "min": 1, "dvar2": 0, "dvar": 0, "dmean": 0, "max": 1, "var": 0, "mean": 1}, "melbands_flatness_db": {"dmean2": 0.0475602969527, "median": 0.125870406628, "min": 0.0014484047424, "dvar2": 0.00253716227598, "dvar": 0.000966031628195, "dmean": 0.028879551217, "max": 0.523260951042, "var": 0.00210174103267, "mean": 0.13518422842}, "barkbands": {"dmean2": [0.00035223949817, 0.0138350343332, 0.00394273456186, 0.00146079761907, 0.00161762791686, 0.000915830081794, 0.000755037122872, 0.000702176941559, 0.000881967833266, 0.00103774608579, 0.000715270405635, 0.000897684425581, 0.00106003531255, 0.00120864319615, 0.000865649722982, 0.000615056720562, 0.000727147271391, 0.000673581496812, 0.000492468068842, 0.000457651796751, 0.000352324510459, 0.000168399870745, 8.85079280124e-05, 5.93980839767e-05, 3.77803771698e-05, 1.90209138964e-05, 7.6388278103e-06], "median": [0.000144229386933, 0.00368401827291, 0.0027378401719, 0.00064220832428, 0.000791001832113, 0.000541095156223, 0.000404599762987, 0.000259697670117, 0.000392045214539, 0.000419316638727, 0.000347322406014, 0.000463372765807, 0.000501944916323, 0.000659902696498, 0.00054250843823, 0.000639206147753, 0.000784977746662, 0.000669897010084, 0.000678218144458, 0.000775920692831, 0.000514994026162, 0.000231579819229, 0.000128948668134, 9.98780524242e-05, 4.83628173242e-05, 2.32928650803e-05, 3.92142464989e-06], "min": [7.58193641708e-25, 5.91134181505e-24, 1.46021269557e-24, 2.39505980548e-24, 1.02368468075e-23, 1.09896843795e-23, 7.96620377743e-24, 1.8837446214e-23, 2.99805514178e-23, 2.65732655307e-23, 8.12897733661e-24, 3.22466490314e-23, 3.29644745898e-23, 4.61964550717e-23, 3.38391351625e-23, 6.05314429593e-23, 6.91712558525e-23, 1.27084658794e-22, 1.73778118324e-22, 1.2485586799e-22, 3.21821523949e-22, 3.57855857062e-22, 4.53308152812e-22, 6.24072835099e-22, 7.99583557029e-22, 1.38647335132e-21, 2.10293707077e-21], "dvar2": [2.13723339471e-07, 0.000618715013843, 2.42829537456e-05, 3.72194244846e-06, 8.74366378412e-06, 2.65131257038e-06, 1.44469015595e-06, 1.79620258223e-06, 2.05214837479e-06, 2.83422104985e-06, 1.32541492803e-06, 2.14090573536e-06, 2.93721450362e-06, 3.71138412447e-06, 2.11468955058e-06, 6.43056694116e-07, 8.34933018723e-07, 7.75047851675e-07, 2.97654537462e-07, 2.43809495259e-07, 1.4683240579e-07, 3.64004897335e-08, 1.15504832365e-08, 7.22986870372e-09, 4.97216046114e-09, 7.48451745025e-10, 2.11233253111e-10], "dvar": [8.25814225891e-08, 0.000230176869081, 8.94069125934e-06, 1.39798055443e-06, 3.11975190925e-06, 1.02764818166e-06, 5.6132643067e-07, 6.87041676883e-07, 8.15414864519e-07, 1.03436036625e-06, 4.88218347527e-07, 8.33341573525e-07, 1.15400189316e-06, 1.5322756326e-06, 8.27434234907e-07, 2.42525715066e-07, 3.04459149447e-07, 2.97688700357e-07, 1.11840741113e-07, 8.83832527165e-08, 5.45296039434e-08, 1.50058188098e-08, 5.16625897617e-09, 2.92646928912e-09, 2.31279484453e-09, 3.0998126288e-10, 8.30051305467e-11], "dmean": [0.000211942926398, 0.0080984858796, 0.00237354193814, 0.000866742746439, 0.000936403113883, 0.0005519912811, 0.000452104926808, 0.000424337165896, 0.000540947308764, 0.000623387808446, 0.000427134276833, 0.000548290205188, 0.000647203589324, 0.000747005164158, 0.000529357930645, 0.000364166335203, 0.000427911232691, 0.000402159668738, 0.0002901647822, 0.000269585289061, 0.000207461824175, 0.000103502374259, 5.55328006158e-05, 3.74056326109e-05, 2.43880622293e-05, 1.16310857265e-05, 4.6316240514e-06], "max": [0.00333084561862, 0.1427746713