{"tonal": {"thpcp": [1, 0.627405464649, 0.413083255291, 0.4031714499, 0.322814583778, 0.325598210096, 0.405692309141, 0.330832570791, 0.26906260848, 0.329072952271, 0.273068904877, 0.217951491475, 0.250266522169, 0.270898073912, 0.607810556889, 0.851544797421, 0.497818022966, 0.330728590488, 0.463669270277, 0.348647296429, 0.326524525881, 0.542231023312, 0.480953633785, 0.416857093573, 0.508295655251, 0.340924024582, 0.230123832822, 0.289293646812, 0.224330574274, 0.269465714693, 0.442385911942, 0.363595843315, 0.277862131596, 0.40720513463, 0.56185978651, 0.890197277069], "hpcp": {"dmean2": [0.166405901313, 0.145154118538, 0.120784774423, 0.126209750772, 0.114764593542, 0.0954262465239, 0.103134118021, 0.125224247575, 0.181611418724, 0.213992103934, 0.178932383657, 0.131894305348, 0.135653972626, 0.128669410944, 0.126460894942, 0.157096266747, 0.14566193521, 0.138091415167, 0.147238194942, 0.124422207475, 0.107810497284, 0.11133658886, 0.0970448851585, 0.104349583387, 0.138049602509, 0.13086232543, 0.130190759897, 0.187159433961, 0.253672301769, 0.330211311579, 0.340882748365, 0.283169060946, 0.231190770864, 0.195422068238, 0.163833215833, 0.172826588154], "median": [0.0272196009755, 0.0259386505932, 0.0210126377642, 0.0158164985478, 0.01492740307, 0.0141137028113, 0.013976989314, 0.0198840592057, 0.0579296611249, 0.0833745449781, 0.0522440336645, 0.0217196084559, 0.0169552490115, 0.0191421303898, 0.0285013858229, 0.0283700656146, 0.023668948561, 0.0261308830231, 0.0205174963921, 0.0173392593861, 0.0145617891103, 0.0148229561746, 0.0142265362665, 0.0181895475835, 0.0190091375262, 0.0178315453231, 0.019102146849, 0.0250599011779, 0.0513712204993, 0.111158266664, 0.118290282786, 0.0567563250661, 0.022131273523, 0.0165081005543, 0.0156605876982, 0.0203478317708], "min": [0, 0, 0, 0, 0, 0, 0, 0, 0, 0, 0, 0, 0, 0, 0, 0, 0, 0, 0, 0, 0, 0, 0, 0, 0, 0, 0, 0, 0, 0, 0, 0, 0, 0, 0, 0], "dvar2": [0.0826861709356, 0.0713121220469, 0.0540850125253, 0.0596478655934, 0.0532859228551, 0.039239872247, 0.0441280938685, 0.0479983873665, 0.0656180456281, 0.0906936526299, 0.0637290552258, 0.0481180772185, 0.0619153007865, 0.0495667718351, 0.0449068136513, 0.0722194314003, 0.0650435611606, 0.0538991317153, 0.0702315568924, 0.0509788990021, 0.0447871237993, 0.0523866005242, 0.039414037019, 0.0395890139043, 0.0699529647827, 0.0562038496137, 0.0528017580509, 0.0953710302711, 0.11991391331, 0.151576936245, 0.165277510881, 0.145647153258, 0.134637206793, 0.108715556562, 0.0854833647609, 0.0959506779909], "dvar": [0.0331799313426, 0.0268052779138, 0.0201268084347, 0.0245678015053, 0.0203434806317, 0.0144303832203, 0.0173743851483, 0.0182561427355, 0.027935327962, 0.0424962453544, 0.0258746575564, 0.0191066469997, 0.0287511758506, 0.0201050098985, 0.0180769488215, 0.0329308062792, 0.0281189642847, 0.0218823831528, 0.0334214195609, 0.0224052704871, 0.0177912879735, 0.0235674921423, 0.0162630192935, 0.0156744234264, 0.0321537852287, 0.0235138814896, 0.0194400977343, 0.037107527256, 0.0454688407481, 0.0593887902796, 0.0670241564512, 0.0544327944517, 0.0495389774442, 0.0419195108116, 0.0325997881591, 0.0348763242364], "dmean": [0.0966460853815, 0.0840315073729, 0.0698707178235, 0.0740856379271, 0.0658592730761, 0.0546881780028, 0.0597654767334, 0.0725250989199, 0.110052287579, 0.130784735084, 0.106520958245, 0.0781161859632, 0.0801178589463, 0.0746083855629, 0.0753592774272, 0.0945774614811, 0.087330467999, 0.0832496210933, 0.0891249254346, 0.0744872391224, 0.0631401389837, 0.0661606565118, 0.0563738308847, 0.0624207779765, 0.0815538316965, 0.076996512711, 0.0738785043359, 0.106389909983, 0.145676597953, 0.192142769694, 0.198653623462, 0.162060171366, 0.129359453917, 0.111126922071, 0.0930825024843, 0.09791213274], "max": [1, 1, 1, 1, 1, 1, 1, 1, 1, 1, 1, 1, 1, 1, 1, 1, 1, 1, 1, 1, 1, 1, 1, 1, 1, 1, 1, 1, 1, 1, 1, 1, 1, 1, 1, 1], "var": [0.0505099669099, 0.0339923538268, 0.0241187624633, 0.04280526191, 0.0309664309025, 0.0200529210269, 0.027526570484, 0.0234683118761, 0.0639601871371, 0.113730125129, 0.044736456126, 0.0291506629437, 0.0778168588877, 0.0379156246781, 0.0264650117606, 0.0797185078263, 0.0670268461108, 0.0423621349037, 0.0803348645568, 0.0386082343757, 0.0213387943804, 0.0400192663074, 0.0221599414945, 0.0229931399226, 0.0697276070714, 0.0437400564551, 0.023371996358, 0.0520367138088, 0.0610102787614, 0.0993438214064, 0.121590316296, 0.068061798811, 0.0509169697762, 0.0564771816134, 0.0381333604455, 0.0349953882396], "mean": [0.120803758502, 0.098512634635, 0.0801192745566, 0.0979886651039, 0.0813122391701, 0.0648998245597, 0.074522331357, 0.0806658267975, 0.180988878012, 0.253566086292, 0.148236200213, 0.098481670022, 0.138067662716, 0.103817358613, 0.0972298160195, 0.161461144686, 0.143214464188, 0.124128319323, 0.15135614574, 0.10151758045, 0.0685244053602, 0.0861435085535, 0.0667993351817, 0.0802393108606, 0.131730079651, 0.108268611133, 0.0827395245433, 0.121254235506, 0.167306035757, 0.265075713396, 0.29777187109, 0.186823695898, 0.123004570603, 0.120053119957, 0.0961251035333, 0.0969539880753]}, "tuning_equal_tempered_deviation": 0.0409563072026, "chords_changes_rate": 0.0855193510652, "key_key": "C", "tuning_diatonic_strength": 0.55560696125, "key_scale": "minor", "chords_number_rate": 0.00223503122106, "tuning_frequency": 436.708374023, "tuning_nontempered_energy_ratio": 0.739930808544, "chords_histogram": [30.7375602722, 1.83507823944, 6.1286907196, 1.9880014658, 1.03517234325, 4.43477249146, 1.95271146297, 11.4457120895, 0.294083058834, 5.48170804977, 5.49347114563, 2.02329134941, 6.2227973938, 1.2351487875, 1.48217856884, 0.0705799311399, 0.411716282368, 0.976355731487, 0.164686501026, 3.41136336327, 2.57616758347, 3.81131625175, 4.07010936737, 2.71732735634], "key_strength": 0.774432301521, "chords_key": "C", "chords_strength": {"dmean2": 0.0116365198046, "median": 0.456076741219, "min": -1, "dvar2": 0.000469228893053, "dvar": 0.000286895374302, "dmean": 0.0117211649194, "max": 0.778526484966, "var": 0.0207688752562, "mean": 0.45058760047}, "chords_scale": "minor", "hpcp_entropy": {"dmean2": 1.04005300999, "median": 1.71583843231, "min": 0, "dvar2": 0.813205778599, "dvar": 0.330257415771, "dmean": 0.619852304459, "max": 4.34806585312, "var": 0.823231756687, "mean": 1.70053005219}}, "metadata": {"audio_properties": {"equal_loudness": 0, "codec": "mp3", "downmix": "mix", "sample_rate": 44100, "analysis_sample_rate": 44100, "bit_rate": 233016, "md5_encoded": "6b890812e3200a0f7e7699ef148ac460", "length": 394.736328125, "replay_gain": -8.52632141113, "lossless": false}, "version": {"essentia_build_sha": "2d9f1f26377add8aeb1075a9c2973f962c4f09fd", "essentia": "2.1-beta2", "extractor": "music 1.0", "essentia_git_sha": "v2.1_beta2-1-ge3940c0"}, "tags": {"title": ["Desire"], "barcode": ["094638519027"], "media": ["(CD)"], "albumartist": ["Andrew Hill"], "language": ["eng"], "isrc": ["USBN20700113"], "musicbrainz_recordingid": ["0cdded0a-149d-48cc-930d-a8bf81386e4b"], "musicbrainz_albumartistid": ["ede80a9f-f114-4041-b0d9-2584a0b30ec9"], "discnumber": ["01/01"], "album": ["Change"], "musicbrainz album release country": ["US"], "musicbrainz album type": ["Album"], "musicbrainz album status": ["Official"], "file_name": "06. Desire_6-35.mp3", "date": ["2007"], "genre": ["Jazz"], "musicip_puid": ["3aad9b18-9770-b17c-7658-f016570d64ca"], "musicbrainz_artistid": ["ede80a9f-f114-4041-b0d9-2584a0b30ec9"], "asin": ["B000PITXN2"], "musicbrainz_albumid": ["be2d3b7f-62b2-46e4-bf1a-eaf2db750ffa"], "tracknumber": ["06/08"], "encodedby": ["iTunes v7.0.2.16"], "artistsort": ["Hill, Andrew"], "artist": ["Andrew Hill"], "label": ["Blue Note"], "albumartistsort": ["Hill, Andrew"], "script": ["Latin"], "musicbrainz_releasegroupid": ["44f7b743-9bfd-41f9-b8b9-68e4bb407e29"]}}, "rhythm": {"bpm_histogram_first_peak_bpm": {"dmean2": 0, "median": 152, "min": 152, "dvar2": 0, "dvar": 0, "dmean": 0, "max": 152, "var": 0, "mean": 152}, "bpm": 151.988433838, "bpm_histogram_second_peak_spread": {"dmean2": 0, "median": 0.528619468212, "min": 0.528619468212, "dvar2": 0, "dvar": 0, "dmean": 0, "max": 0.528619468212, "var": 0, "mean": 0.528619468212}, "bpm_histogram_first_peak_weight": {"dmean2": 0, "median": 0.199780464172, "min": 0.199780464172, "dvar2": 0, "dvar": 0, "dmean": 0, "max": 0.199780464172, "var": 0, "mean": 0.199780464172}, "onset_rate": 3.92146086693, "beats_position": [0.49922901392, 0.986848056316, 1.46285712719, 1.92725622654, 2.39165520668, 2.8444442749, 3.29723358154, 3.73841261864, 4.19120168686, 4.6439909935, 5.0967798233, 5.56117916107, 6.01396799088, 6.45514726639, 6.90793657303, 7.36072540283, 7.8251247406, 8.27791404724, 8.74231243134, 9.19510173798, 9.64789104462, 10.1006803513, 10.5534696579, 11.0062580109, 11.4590473175, 11.9118366241, 12.3646259308, 12.8174142838, 13.2585935593, 13.6997728348, 14.1525621414, 14.5937414169, 15.0349206924, 15.4760990143, 15.9288883209, 16.3700675964, 16.8112468719, 17.2524261475, 17.7052154541, 18.1580047607, 18.6107940674, 19.0635814667, 19.5163707733, 19.96916008, 20.4335594177, 20.8747386932, 21.3159179688, 21.7570972443, 22.1982765198, 22.6394557953, 23.0806350708, 23.5218143463, 23.9629936218, 24.40417099, 24.8453502655, 25.2981395721, 25.7509288788, 26.1921081543, 26.6332874298, 27.0744667053, 27.527256012, 27.9800453186, 28.4212245941, 28.8624038696, 29.3035831451, 29.7563705444, 30.2091598511, 30.6503391266, 31.0915184021, 31.5326976776, 31.9738769531, 32.4382743835, 32.8910636902, 33.3554649353, 33.8082542419, 34.2494316101, 34.690612793, 35.1550102234, 35.60779953, 36.0605888367, 36.5133781433, 36.96616745, 37.4073448181, 37.848526001, 38.2897033691, 38.730884552, 39.1720619202, 39.613243103, 40.0428123474, 40.4839897156, 40.91355896, 41.3431282043, 41.7726974487, 42.2022666931, 42.6318359375, 43.0497932434, 43.4793624878, 43.9089317322, 44.350112915, 44.7912902832, 45.2324714661, 45.6736488342, 46.1148300171, 46.5560073853, 46.9971885681, 47.4383659363, 47.8795471191, 48.3091163635, 48.7386856079, 49.1566429138, 49.5862121582, 50.0157814026, 50.445350647, 50.8749198914, 51.3044891357, 51.7456665039, 52.1868476868, 52.6280250549, 53.0692062378, 53.5219955444, 53.9515647888, 54.392742157, 54.8223114014, 55.2518806458, 55.6814498901, 56.122631073, 56.5638084412, 57.0049858093, 57.4345550537, 57.8641242981, 58.305305481, 58.7348747253, 59.1644439697, 59.6056213379, 60.0468025208, 60.4879798889, 60.9291610718, 61.3703384399, 61.8115196228, 62.252696991, 62.6822662354, 63.1118354797, 63.5414047241, 63.9825820923, 64.4121551514, 64.8533325195, 65.2945098877, 65.7356872559, 66.1652603149, 66.5948257446, 67.0360107422, 67.4771881104, 67.9183654785, 68.3711547852, 68.8007278442, 69.2419052124, 69.6830825806, 70.1242599487, 70.5654373169, 71.0066223145, 71.4477996826, 71.9005889893, 72.3417663574, 72.7829437256, 73.2357330322, 73.6769180298, 74.1180953979, 74.5592727661, 75.0004501343, 75.4416275024, 75.8828125, 76.3239898682, 76.7651672363, 77.217956543, 77.6707458496, 78.1235351563, 78.5763244629, 79.0175018311, 79.4470748901, 79.8766403198, 80.3178253174, 80.7590026855, 81.2001800537, 81.6413574219, 82.08253479, 82.5237197876, 82.9648971558, 83.4060745239, 83.8472518921, 84.2884368896, 84.7296142578, 85.170791626, 85.6119689941, 86.0763702393, 86.5407714844, 86.993560791, 87.4463500977, 87.8991394043, 88.36353302, 88.8279342651, 89.3039474487, 89.7683410645, 90.2327423096, 90.6971435547, 91.1499328613, 91.5911102295, 92.0322875977, 92.4850769043, 92.9494781494, 93.4138793945, 93.9247131348, 94.4471664429, 94.9580001831, 95.4340133667, 95.8868026733, 96.33959198, 96.7807693481, 97.2335586548, 97.6863479614, 98.1275253296, 98.5687026978, 99.0098876953, 99.4510650635, 99.8922424316, 100.3334198, 100.774604797, 101.215782166, 101.656959534, 102.098136902, 102.53931427, 102.980499268, 103.398452759, 103.816413879, 104.257591248, 104.710380554, 105.139953613, 105.581130981, 106.02230835, 106.463493347, 106.904670715, 107.322631836, 107.740585327, 108.158546448, 108.588119507, 109.017684937, 109.435646057, 109.865211487, 110.294784546, 110.712738037, 111.130699158, 111.548660278, 111.978225708, 112.407798767, 112.837364197, 113.243713379, 113.6616745, 114.07963562, 114.497596741, 114.915550232, 115.333511353, 115.751472473, 116.157821655, 116.575782776, 117.005348206, 117.446525574, 117.887710571, 118.317276001, 118.74684906, 119.164802551, 119.582763672, 119.989112854, 120.407073975, 120.848251343, 121.277824402, 121.707389832, 122.160179138, 122.612968445, 123.065757751, 123.483718872, 123.913284302, 124.342857361, 124.784034729, 125.225212097, 125.666389465, 126.084350586, 126.409431458, 126.746116638, 127.082809448, 127.419502258, 127.802627563, 128.197372437, 128.592102051, 128.975234985, 129.381591797, 129.78793335, 130.194290161, 130.600631714, 131.030197144, 131.459777832, 131.877731323, 132.284072876, 132.702041626, 133.119995117, 133.549560547, 133.979141235, 134.408706665, 134.838272095, 135.372329712, 135.906387329, 136.440444946, 136.870025635, 137.287979126, 137.705932617, 138.123901367, 138.553466797, 138.983032227, 139.412597656, 139.830566406, 140.260131836, 140.689697266, 141.119277954, 141.606887817, 142.082901001, 142.570526123, 143.046524048, 143.522537231, 143.998550415, 144.486160278, 144.938949585, 145.40335083, 145.914199829, 146.413421631, 146.901046753, 147.400268555, 147.887893677, 148.398727417, 148.909561157, 149.432022095, 149.954467773, 150.372421265, 150.801986694, 151.231567383, 151.649520874, 152.067474365, 152.485443115, 152.891784668, 153.309753418, 153.727706909, 154.1456604, 154.56362915, 154.99319458, 155.42276001, 155.852325439, 156.293518066, 156.711471558, 157.129425049, 157.559005737, 157.988571167, 158.406524658, 158.824493408, 159.242446899, 159.672012329, 160.101577759, 160.531158447, 160.949111938, 161.36706543, 161.796646118, 162.214599609, 162.632553101, 163.050521851, 163.468475342, 163.886444092, 164.316009521, 164.745574951, 165.163528442, 165.581497192, 165.999450684, 166.429016113, 166.846984863, 167.253326416, 167.671295166, 168.089248657, 168.507202148, 168.936782837, 169.34312439, 169.761077881, 170.179046631, 170.597000122, 171.026565552, 171.45614624, 171.874099731, 172.292053223, 172.860946655, 173.441452026, 174.021942139, 174.614059448, 175.217773438, 175.844711304, 176.483261108, 177.121810913, 177.737136841, 178.352462769, 178.967803955, 179.583129883, 180.210067749, 180.837005615, 181.47555542, 182.114105225, 182.752655029, 183.379592896, 184.006530762, 184.645080566, 185.260406494, 185.88734436, 186.514282227, 187.141220093, 187.779769897, 188.441543579, 189.149749756, 189.869567871, 190.577774048, 191.274368286, 191.912918091, 192.551467896, 193.178405762, 193.758911133, 194.327789307, 194.896682739, 195.453964233, 196.022857666, 196.603347778, 197.160629272, 197.671463013, 198.182312012, 198.693145752, 199.13432312, 199.563903809, 199.993469238, 200.446258545, 200.899047852, 201.34022522, 201.781402588, 202.210968018, 202.617324829, 203.03527832, 203.441635132, 203.847976685, 204.242721558, 204.64906311, 205.055419922, 205.473373413, 205.891326904, 206.309295654, 206.727249146, 207.145217896, 207.563171387, 207.981124878, 208.399093628, 208.817047119, 209.23500061, 209.65296936, 210.070922852, 210.488891602, 210.895233154, 211.301589966, 211.707931519, 212.102676392, 212.509017944, 212.903762817, 213.31010437, 213.716461182, 214.134414673, 214.552383423, 214.970336914, 215.388290405, 215.794647217, 216.20098877, 216.607345581, 217.013687134, 217.420043945, 217.826385498, 218.23274231, 218.639083862, 219.033828735, 219.440170288, 219.834915161, 220.252868652, 220.659225464, 221.065567017, 221.471923828, 221.878265381, 222.284622192, 222.702575684, 223.108932495, 223.515274048, 223.933242798, 224.351196289, 224.757553101, 225.163894653, 225.581848145, 225.988204956, 226.394546509, 226.80090332, 227.207244873, 227.601989746, 228.019943237, 228.41468811, 228.809432983, 229.215774536, 229.633743286, 230.040084839, 230.44644165, 230.852783203, 231.247528076, 231.64225769, 232.037002563, 232.431747437, 232.838088989, 233.221221924, 233.615966797, 234.010696411, 234.405441284, 234.800170898, 235.194915771, 235.589660645, 235.984390259, 236.39074707, 236.797088623, 237.191833496, 237.586578369, 237.992919922, 238.399276733, 238.794006348, 239.211975098, 239.629928589, 240.036270142, 240.442626953, 240.848968506, 241.255325317, 241.65007019, 242.044799805, 242.439544678, 242.84588623, 243.252243042, 243.646972656, 244.041717529, 244.436462402, 244.842803955, 245.237548828, 245.632278442, 246.027023315, 246.421768188, 246.816497803, 247.199630737, 247.582763672, 247.965896606, 248.360626221, 248.755371094, 249.138504028, 249.521621704, 249.8931427, 250.264663696, 250.647796631, 251.030929565, 251.42565918, 251.808792114, 252.191925049, 252.575057983, 252.958175659, 253.341308594, 253.724441528, 254.119186401, 254.513916016, 254.89704895, 255.280181885, 255.674911499, 256.069641113, 256.464385986, 256.859130859, 257.253875732, 257.648620605, 258.043365479, 258.438079834, 258.832824707, 259.22756958, 259.622314453, 260.017059326, 260.411773682, 260.794921875, 261.178039551, 261.572784424, 261.967529297, 262.36227417, 262.745391846, 263.140136719, 263.534881592, 263.929595947, 264.32434082, 264.707489014, 265.102203369, 265.496948242, 265.891693115, 266.286437988, 266.681182861, 267.087524414, 267.493865967, 267.88861084, 268.271728516, 268.666473389, 269.061218262, 269.455963135, 269.862304688, 270.26864624, 270.675018311, 271.069732666, 271.464477539, 271.859222412, 272.253967285, 272.648712158, 273.043426514, 273.438171387, 273.844543457, 274.25088501, 274.645629883, 275.040344238, 275.435089111, 275.829833984, 276.224578857, 276.61932373, 277.014068604, 277.408782959, 277.803527832, 278.186676025, 278.581390381, 278.976135254, 279.359283447, 279.753997803, 280.148742676, 280.543487549, 280.938232422, 281.332977295, 281.72769165, 282.122436523, 282.505584717, 282.888702393, 283.283447266, 283.678192139, 284.061309814, 284.44442749, 284.839172363, 285.233917236, 285.628662109, 286.023406982, 286.418121338, 286.812866211, 287.207611084, 287.613952637, 288.020324707, 288.415039063, 288.809783936, 289.216125488, 289.622497559, 290.017242432, 290.411956787, 290.818328857, 291.213043213, 291.619415283, 292.025756836, 292.432098389, 292.838439941, 293.244812012, 293.639526367, 294.03427124, 294.440643311, 294.846984863, 295.241729736, 295.636444092, 296.031188965, 296.425933838, 296.820678711, 297.215423584, 297.610168457, 298.004882813, 298.399627686, 298.794372559, 299.189117432, 299.595458984, 300.001800537, 300.408172607, 300.81451416, 301.209259033, 301.603973389, 301.998718262, 302.393463135, 302.788208008, 303.171325684, 303.554473877, 303.937591553, 304.332336426, 304.738677979, 305.133422852, 305.528167725, 305.92288208, 306.306030273, 306.700775146, 307.083892822, 307.478637695, 307.873382568, 308.268127441, 308.662841797, 309.04598999, 309.429107666, 309.823852539, 310.218597412, 310.601715088, 310.984832764, 311.379577637, 311.77432251, 312.157440186, 312.540588379, 312.923706055, 313.306854248, 313.72479248, 314.14276123, 314.583953857, 315.013519287, 315.443084717, 315.884246826, 316.325439453, 316.743408203, 317.161346436, 317.556091309, 317.950836182, 318.345581055, 318.740325928, 319.135040283, 319.529785156, 319.91293335, 320.296051025, 320.679168701, 321.062316895, 321.44543457, 321.828552246, 322.223297119, 322.618041992, 323.024383545, 323.407531738, 323.802276611, 324.185394287, 324.58013916, 324.974884033, 325.358001709, 325.752746582, 326.147491455, 326.542205811, 326.936950684, 327.331695557, 327.72644043, 328.121185303, 328.504302979, 328.899047852, 329.282165527, 329.665313721, 330.048431396, 330.431549072, 330.814697266, 331.197814941, 331.580932617, 331.964080811, 332.358825684, 332.765167236, 333.171508789, 333.577850342, 333.995819092, 334.413787842, 334.843353271, 335.249694824, 335.667663574, 336.108825684, 336.526794434, 336.921539307, 337.31628418, 337.711029053, 338.117370605, 338.500488281, 338.895233154, 339.27835083, 339.661499023, 340.044616699, 340.404541016, 340.764434814, 341.124359131, 341.48425293, 341.844177246, 342.215698242, 342.575592041, 342.935516357, 343.318634033, 343.701751709, 344.096496582, 344.479644775, 344.851135254, 345.21105957, 345.582580566, 345.977325439, 346.372070313, 346.766784668, 347.161529541, 347.556274414, 347.93939209, 348.322540283, 348.705657959, 349.077178955, 349.460296631, 349.831817627, 350.21496582, 350.598083496, 350.981231689, 351.364349365, 351.759094238, 352.142211914, 352.525360107, 352.896850586, 353.279998779, 353.674743652, 354.069458008, 354.452606201, 354.835723877, 355.21887207, 355.613586426, 355.996734619, 356.391479492, 356.774597168, 357.157714844, 357.540863037, 357.93560791, 358.330322266, 358.725067139, 359.119812012, 359.514556885, 359.909301758, 360.304016113, 360.698760986, 361.105133057, 361.534698486, 361.964263916, 362.382202148, 362.800170898, 363.229736328, 363.659301758, 364.088867188, 364.530059814, 364.971252441, 365.424041748, 365.876831055, 366.341217041, 366.805603027, 367.270019531, 367.711181641, 368.163970947, 368.616760254, 369.081176758, 369.533966064, 369.986755371, 370.474365234, 370.961975098, 371.449615479, 371.937225342, 372.413238525, 372.889251709, 373.365264893, 373.841278076, 374.328887939, 374.862945557, 375.397003174, 375.931060791, 376.476715088, 377.022399902, 377.568054199, 378.113739014, 378.671020508, 379.193450928, 379.715911865, 380.226745605, 380.737579346, 381.248443604, 381.759277344, 382.246887207, 382.73449707, 383.222137451, 383.709747314, 384.197357178, 384.684967041, 385.172607422, 385.660217285, 386.159454346, 386.600616455, 387.041809082, 387.494598389, 387.970611572, 388.446624756, 388.922637939, 389.410247803, 389.897857666, 390.385467529, 390.88470459, 391.38394165, 391.894775391, 392.405609131, 392.916442871, 393.427307129, 393.938140869], "beats_loudness": {"dmean2": 0.0333592742682, "median": 0.0132133876905, "min": 0, "dvar2": 0.00174019590486, "dvar": 0.000617994519416, "dmean": 0.0191976800561, "max": 0.25045979023, "var": 0.000596878409851, "mean": 0.0212367065251}, "danceability": 1.08340609074, "bpm_histogram_second_peak_weight": {"dmean2": 0, "median": 0.153677284718, "min": 0.153677284718, "dvar2": 0, "dvar": 0, "dmean": 0, "max": 0.153677284718, "var": 0, "mean": 0.153677284718}, "beats_count": 912, "bpm_histogram_second_peak_bpm": {"dmean2": 0, "median": 136, "min": 136, "dvar2": 0, "dvar": 0, "dmean": 0, "max": 136, "var": 0, "mean": 136}, "bpm_histogram_first_peak_spread": {"dmean2": 0, "median": 0.333333343267, "min": 0.333333343267, "dvar2": 0, "dvar": 0, "dmean": 0, "max": 0.333333343267, "var": 0, "mean": 0.333333343267}, "beats_loudness_band_ratio": {"dmean2": [0.399248868227, 0.343142420053, 0.367361277342, 0.139645084739, 0.0819227695465, 0.0768224522471], "median": [0.217573449016, 0.255717337132, 0.231257975101, 0.0374314151704, 0.0292246453464, 0.0273471958935], "min": [0, 0, 0, 0, 0, 0], "dvar2": [0.111125148833, 0.0682023540139, 0.0882405638695, 0.0362300947309, 0.0123440083116, 0.00916915852576], "dvar": [0.044164121151, 0.0239976588637, 0.0352727063, 0.0147674111649, 0.00451560690999, 0.00362000381574], "dmean": [0.233029559255, 0.197980135679, 0.211926206946, 0.0800564065576, 0.0476858839393, 0.0443433821201], "max": [0.965732693672, 0.902709901333, 0.941563844681, 0.966782033443, 0.705015778542, 0.390243887901], "var": [0.0685982704163, 0.0394840463996, 0.0553743056953, 0.0182259567082, 0.00566899962723, 0.00392939755693], "mean": [0.294401943684, 0.293995648623, 0.30080217123, 0.0925764888525, 0.0566082336009, 0.0483682565391]}}, "lowlevel": {"barkbands_spread": {"dmean2": 6.6154923439, "median": 11.2465677261, "min": 0.759362995625, "dvar2": 90.8937911987, "dvar": 41.7224655151, "dmean": 4.24330377579, "max": 120.508911133, "var": 164.061218262, "mean": 14.8891506195}, "melbands_spread": {"dmean2": 7.071641922, "median": 10.9874753952, "min": 0.645291507244, "dvar2": 108.523536682, "dvar": 47.0093193054, "dmean": 4.50258874893, "max": 180.125457764, "var": 291.875427246, "mean": 16.4064292908}, "hfc": {"dmean2": 4.13335227966, "median": 4.82003307343, "min": 1.0817028959e-16, "dvar2": 68.7666320801, "dvar": 39.7591934204, "dmean": 3.0211584568, "max": 265.054168701, "var": 256.326812744, "mean": 11.0354814529}, "barkbands_kurtosis": {"dmean2": 6.11386013031, "median": 5.6891336441, "min": -1.84104812145, "dvar2": 71.5598144531, "dvar": 30.5754547119, "dmean": 3.8621571064, "max": 151.565429688, "var": 110.902511597, "mean": 8.59137153625}, "gfcc": {"mean": [-83.6939315796, 95.5252761841, -114.777137756, 18.9707832336, -72.0905532837, -5.25944375992, -46.3366012573, -2.30607891083, -19.8818798065, -3.10995101929, -14.5211734772, -8.71564769745, -18.283164978], "icov": [[0.00010275819659, -2.58675681835e-05, 0.000161559626576, -6.07738729741e-05, 0.000222257673158, -0.000243776506977, 0.00017415646289, 7.68825630075e-05, -5.81638851145e-05, 1.95436696231e-05, 9.26149805309e-05, -0.000162625947269, 0.000334726501023], [-2.58675681835e-05, 0.000999010633677, 2.70970213023e-05, 0.000168678947375, 9.38786834013e-05, 0.000291525851935, -0.000176229004865, 0.000197204019059, -0.000495939748362, 0.000593413598835, -0.000893781951163, 0.00150646909606, -0.00110964628402], [0.000161559626576, 2.70970213023e-05, 0.000954424147494, -0.00013237852545, 0.000321860832628, -0.000487499928568, 0.000167224294273, -0.000168016544194, -0.000273533456493, -0.00060051708715, 0.00100255943835, -0.000446916994406, 0.000847322749905], [-6.07738729741e-05, 0.000168678947375, -0.00013237852545, 0.00192220625468, -0.000702681485564, -0.000662267790176, -0.000342960527632, -0.00136208254844, 0.00110359489918, 0.00046425012988, -0.000246897514444, 0.00105677882675, -0.000200932976441], [0.000222257673158, 9.38786834013e-05, 0.000321860832628, -0.000702681485564, 0.00678780442104, -0.00334358005784, -0.00195360020734, 0.0014924891293, -0.00262838276103, 0.00264486134984, -0.000886381312739, -0.00211026682518, 0.0015075369738], [-0.000243776506977, 0.000291525851935, -0.000487499928568, -0.000662267790176, -0.00334358005784, 0.0112717533484, -0.00313748302869, -0.00187886855565, 0.00283951824531, -0.00353979924694, 0.00333382957615, -0.00141253031325, -0.000975133676548], [0.00017415646289, -0.000176229004865, 0.000167224294273, -0.000342960527632, -0.00195360020734, -0.00313748302869, 0.0108883595094, -0.00257257814519, -0.00158402975649, 0.00255608395673, -0.00338689121418, 0.00208853464574, -0.00142564217094], [7.68825630075e-05, 0.000197204019059, -0.000168016544194, -0.00136208254844, 0.0014924891293, -0.00187886855565, -0.00257257814519, 0.0160316172987, -0.00476283766329, -0.00229926360771, 0.00308893667534, -0.00552773149684, 0.00647044042125], [-5.81638851145e-05, -0.000495939748362, -0.000273533456493, 0.00110359489918, -0.00262838276103, 0.00283951824531, -0.00158402975649, -0.00476283766329, 0.0167408194393, -0.00890507269651, -0.00337313953787, 0.00834851339459, -0.00540718203411], [1.95436696231e-05, 0.000593413598835, -0.00060051708715, 0.00046425012988, 0.00264486134984, -0.00353979924694, 0.00255608395673, -0.00229926360771, -0.00890507269651, 0.0213499926031, -0.00585844228044, -0.00203466182575, 0.00153402495198], [9.26149805309e-05, -0.000893781951163, 0.00100255943835, -0.000246897514444, -0.000886381312739, 0.00333382957615, -0.00338689121418, 0.00308893667534, -0.00337313953787, -0.00585844228044, 0.0231932867318, -0.0111998785287, 0.00374494981952], [-0.000162625947269, 0.00150646909606, -0.000446916994406, 0.00105677882675, -0.00211026682518, -0.00141253031325, 0.00208853464574, -0.00552773149684, 0.00834851339459, -0.00203466182575, -0.0111998785287, 0.0273126196116, -0.0117691140622], [0.000334726501023, -0.00110964628402, 0.000847322749905, -0.000200932976441, 0.0015075369738, -0.000975133676548, -0.00142564217094, 0.00647044042125, -0.00540718203411, 0.00153402495198, 0.00374494981952, -0.0117691140622, 0.0195510257035]], "cov": [[15911.1552734, 213.633392334, -2415.31762695, 121.74835968, -516.149841309, -11.7752542496, -380.827514648, -127.676765442, -244.602020264, -104.405059814, -53.3384056091, -24.2504119873, -164.496795654], [213.633392334, 1523.61193848, -381.303405762, -327.849487305, -93.0648345947, -176.105834961, -6.63716220856, -116.428321838, 116.651824951, -25.7807979584, 60.4666748047, -83.1951217651, 105.035591125], [-2415.31762695, -381.303405762, 1758.70495605, 191.068023682, 53.1050491333, 125.584144592, 42.1979408264, 132.174926758, 29.4479999542, 79.5177764893, -71.5106048584, -4.88036632538, -80.3790435791], [121.74835968, -327.849487305, 191.068023682, 805.329162598, 157.372268677, 171.149230957, 93.3592834473, 101.47908783, -69.8672866821, -29.41132164, -37.6389846802, 3.62232995033, -58.6964988708], [-516.149841309, -93.0648345947, 53.1050491333, 157.372268677, 275.566253662, 109.579772949, 103.54473877, 28.2809810638, 13.4526290894, -12.8367500305, 13.3815317154, 22.4304084778, 0.945509195328], [-11.7752542496, -176.105834961, 125.584144592, 171.149230957, 109.579772949, 183.627380371, 68.898475647, 52.0952033997, -22.1983013153, 8.04967784882, -17.5734596252, 21.9543781281, -15.1739597321], [-380.827514648, -6.63716220856, 42.1979408264, 93.3592834473, 103.54473877, 68.898475647, 156.574234009, 36.8692359924, 25.6858005524, -1.28080272675, 16.6896457672, 3.81852197647, 6.24772834778], [-127.676765442, -116.428321838, 132.174926758, 101.47908783, 28.2809810638, 52.0952033997, 36.8692359924, 111.540229797, 21.9930496216, 28.4804039001, -5.12464809418, 7.31619548798, -33.682182312], [-244.602020264, 116.651824951, 29.4479999542, -69.8672866821, 13.4526290894, -22.1983013153, 25.6858005524, 21.9930496216, 130.604812622, 52.3748664856, 27.9652843475, -20.0493774414, 15.8498840332], [-104.405059814, -25.7807979584, 79.5177764893, -29.41132164, -12.8367500305, 8.04967784882, -1.28080272675, 28.4804039001, 52.3748664856, 85.8216247559, 23.2103672028, 6.58159065247, -4.28452825546], [-53.3384056091, 60.4666748047, -71.5106048584, -37.6389846802, 13.3815317154, -17.5734596252, 16.6896457672, -5.12464809418, 27.9652843475, 23.2103672028, 73.7280960083, 24.0287361145, 14.3173885345], [-24.2504119873, -83.1951217651, -4.88036632538, 3.62232995033, 22.4304084778, 21.9543781281, 3.81852197647, 7.31619548798, -20.0493774414, 6.58159065247, 24.0287361145, 72.6780700684, 26.2505378723], [-164.496795654, 105.035591125, -80.3790435791, -58.6964988708, 0.945509195328, -15.1739597321, 6.24772834778, -33.682182312, 15.8498840332, -4.28452825546, 14.3173885345, 26.2505378723, 91.3585662842]]}, "spectral_energyband_middle_low": {"dmean2": 0.00630064075813, "median": 0.00512616615742, "min": 1.33683423468e-22, "dvar2": 0.000185954660992, "dvar": 9.00911400095e-05, "dmean": 0.00427896622568, "max": 0.242979556322, "var": 0.000277758954326, "mean": 0.0107569042593}, "melbands_crest": {"dmean2": 4.92275905609, "median": 13.4993886948, "min": 1.6233497858, "dvar2": 19.9095230103, "dvar": 7.99995517731, "dmean": 3.00760412216, "max": 32.165309906, "var": 25.2286491394, "mean": 14.2006311417}, "spectral_kurtosis": {"dmean2": 3.86247849464, "median": 4.2551856041, "min": -1.27642643452, "dvar2": 68.216506958, "dvar": 25.0831336975, "dmean": 2.31295466423, "max": 244.732879639, "var": 207.36000061, "mean": 7.18264722824}, "spectral_rms": {"dmean2": 0.000838157779071, "median": 0.00284788198769, "min": 3.13241121409e-12, "dvar2": 1.28823205614e-06, "dvar": 6.74924990562e-07, "dmean": 0.000589594943449, "max": 0.0168633591384, "var": 4.30351656178e-06, "mean": 0.00321810948662}, "zerocrossingrate": {"dmean2": 0.0101249925792, "median": 0.04296875, "min": 0.005859375, "dvar2": 0.000168009180925, "dvar": 0.000120813871035, "dmean": 0.00837634969503, "max": 0.53857421875, "var": 0.00243262853473, "mean": 0.0534161180258}, "silence_rate_60dB": {"dmean2": 0.137655153871, "median": 0, "min": 0, "dvar2": 0.135411575437, "dvar": 0.064094543457, "dmean": 0.06882353127, "max": 1, "var": 0.197969049215, "mean": 0.271866351366}, "erbbands_kurtosis": {"dmean2": 2.57259106636, "median": 0.728061437607, "min": -1.72824978828, "dvar2": 19.7784442902, "dvar": 8.94581985474, "dmean": 1.65970206261, "max": 93.0813674927, "var": 33.4963798523, "mean": 2.72171878815}, "erbbands": {"dmean2": [0.00305236852728, 0.100832358003, 0.803229212761, 1.48427546024, 8.2212677002, 6.04895687103, 8.92173480988, 17.1706638336, 16.7177352905, 25.4889183044, 38.4117393494, 16.0289859772, 10.0001268387, 6.88650655746, 8.40284538269, 19.9676246643, 8.32454681396, 8.07365608215, 8.04753780365, 6.52833890915, 5.36830615997, 5.84897947311, 4.38644838333, 3.36946463585, 4.68801212311, 2.03938555717, 1.17955696583, 1.18418467045, 1.08130133152, 0.815478384495, 0.628619134426, 0.484787195921, 0.234626382589, 0.109102323651, 0.0473257824779, 0.0177711676806, 0.00686430279166, 0.00221783085726, 0.000708359933924, 8.21563662612e-05], "median": [0.000808850396425, 0.020153157413, 0.209788069129, 0.609291851521, 1.71292388439, 1.73680210114, 2.97390532494, 4.58850812912, 5.33790826797, 6.22972726822, 7.08461284637, 5.10155153275, 2.216370821, 1.4318292141, 1.52884602547, 1.88096213341, 1.81484532356, 2.3299305439, 2.01659965515, 1.27915740013, 1.53212332726, 1.34661912918, 1.30244934559, 1.03334891796, 1.62980222702, 0.60684210062, 0.457217872143, 0.548932671547, 0.404656797647, 0.390319764614, 0.245970740914, 0.191648155451, 0.0966860726476, 0.0467101559043, 0.0193746685982, 0.005680388771, 0.0015130675165, 0.000280437379843, 2.76695973298e-05, 1.57328631758e-05], "min": [9.47972508973e-23, 3.79582929171e-22, 2.40353624212e-21, 5.92497759765e-21, 5.54988107822e-21, 2.56499030586e-20, 3.63772933833e-20, 6.8856110389e-20, 1.08355031539e-19, 1.15683354165e-19, 1.43552051279e-19, 3.96274184882e-19, 5.53590728349e-19, 4.95904031309e-19, 1.06697448187e-18, 1.04510651481e-18, 1.66258919066e-18, 1.00133945802e-18, 1.71802331979e-18, 2.89117635945e-18, 2.24582369402e-18, 4.80357347472e-18, 4.90337033408e-18, 5.7293833812e-18, 7.51329722025e-18, 8.07961898201e-18, 8.61505216533e-18, 9.54613907053e-18, 1.05377234842e-17, 9.09902313403e-18, 1.07241294624e-17, 1.03828157165e-17, 9.70095005808e-18, 7.52593157693e-18, 6.26656605152e-18, 4.18865567915e-18, 2.37511326453e-18, 9.59857074084e-19, 2.45592534656e-19, 2.84579372845e-20], "dvar2": [0.000108344407636, 0.0698054730892, 4.35160112381, 14.0024242401, 887.335205078, 260.352264404, 426.1796875, 2859.6550293, 1893.39208984, 6319.02294922, 12206.8945313, 4702.06103516, 1813.44018555, 6590.63867188, 1096.16809082, 6936.18554688, 812.02734375, 717.659606934, 753.158874512, 492.574554443, 252.021331787, 418.259643555, 143.650878906, 92.3015441895, 217.678466797, 39.455165863, 14.5131950378, 11.048989296, 8.93128013611, 4.53695011139, 4.09628534317, 3.74556946754, 0.513688087463, 0.107188344002, 0.0152765242383, 0.00255292793736, 0.000439125258708, 4.80813723698e-05, 5.19709919899e-06, 8.11423745972e-08], "dvar": [4.07291918236e-05, 0.0340258143842, 1.82842719555, 5.40249061584, 377.140777588, 107.231460571, 175.77243042, 1252.47680664, 813.71673584, 2877.85571289, 6922.21875, 2846.13452148, 1080.39416504, 5136.61230469, 555.645568848, 4242.25244141, 460.714447021, 411.558654785, 438.69708252, 283.716064453, 149.128814697, 205.218551636, 75.4867172241, 45.8476219177, 99.9532928467, 18.8332023621, 7.28326654434, 5.14453601837, 4.16489696503, 1.99139976501, 1.66624987125, 1.41188728809, 0.218888059258, 0.0478703528643, 0.00751412753016, 0.00121957447845, 0.000207849880098, 2.29294437304e-05, 2.33756190937e-06, 3.24680478059e-08], "dmean": [0.00193586910609, 0.0674395337701, 0.510423183441, 0.890156984329, 5.03713941574, 3.72446751595, 5.73131942749, 11.1067285538, 10.4668121338, 16.7423419952, 27.2603111267, 11.2674627304, 6.95164966583, 5.09850549698, 5.80026340485, 14.4233226776, 5.82169866562, 5.51298761368, 5.7594408989, 4.68574094772, 3.73165893555, 4.03093910217, 3.00382709503, 2.31663823128, 3.05708146095, 1.37400782108, 0.805345773697, 0.784007012844, 0.730436265469, 0.54347807169, 0.408065676689, 0.315281122923, 0.157399907708, 0.075631454587, 0.0330604687333, 0.012813642621, 0.00493348529562, 0.00161092588678, 0.000480910297483, 5.14466046297e-05], "max": [0.213512286544, 5.32866668701, 34.2430610657, 40.9455795288, 398.898773193, 333.13482666, 430.125366211, 1820.0369873, 1049.95812988, 1930.54284668, 2698.33325195, 6072.27246094, 1794.52624512, 9801.00976563, 990.901977539, 3069.58813477, 894.862365723, 1648.83984375, 1375.59753418, 821.677246094, 808.21875, 505.409454346, 455.544250488, 361.316650391, 512.613708496, 237.273406982, 141.487548828, 159.102371216, 71.3381652832, 55.5233154297, 76.8164672852, 71.8160705566, 16.5215568542, 6.74182701111, 2.25743365288, 1.11982357502, 0.390648454428, 0.133969545364, 0.03376602754, 0.00638561695814], "var": [4.92550207127e-05, 0.0633152425289, 2.68967890739, 5.99748277664, 388.086975098, 157.603363037, 483.759155273, 4312.43701172, 2504.70849609, 9092.38574219, 28478.5917969, 8897.60742188, 3640.50097656, 14712.4345703, 1934.04296875, 34048.4375, 2276.56445313, 2139.07373047, 4602.01220703, 1659.81970215, 666.335205078, 950.165161133, 662.210021973, 276.580627441, 654.888671875, 89.2203979492, 32.9018478394, 19.510515213, 17.2674541473, 6.9636759758, 4.03788757324, 2.28053331375, 0.392994403839, 0.0872408375144, 0.0144930286333, 0.00209154537879, 0.000345704727806, 3.48750108969e-05, 2.7202131605e-06, 2.90892074872e-08], "mean": [0.00326835410669, 0.0956610292196, 0.681185901165, 1.25397706032, 5.80493927002, 5.46437740326, 10.8964223862, 22.9652194977, 21.1781959534, 35.6350746155, 65.609085083, 24.2262916565, 15.9897766113, 9.89159965515, 13.805724144, 44.8949966431, 16.2171859741, 14.3800029755, 17.4745235443, 13.3425397873, 10.3760385513, 11.6989374161, 9.46392154694, 6.85099363327, 8.25082397461, 3.5668118, 1.9352388382, 1.83296358585, 1.78351974487, 1.20676720142, 0.765069365501, 0.568367123604, 0.279169589281, 0.135936886072, 0.0588088445365, 0.0206886623055, 0.00731733441353, 0.00212946417741, 0.000498848909047, 5.61243541597e-05]}, "spectral_strongpeak": {"dmean2": 0.65248221159, "median": 0.568824231625, "min": 0, "dvar2": 1.01695728302, "dvar": 0.489257365465, "dmean": 0.418694496155, "max": 18.4851970673, "var": 2.20411777496, "mean": 1.15446436405}, "spectral_energy": {"dmean2": 0.0073761343956, "median": 0.00831319298595, "min": 1.00573005193e-20, "dvar2": 0.000217604727368, "dvar": 0.000109088425233, "dmean": 0.00512293772772, "max": 0.291482210159, "var": 0.000396074872697, "mean": 0.0150262471288}, "average_loudness": 0.249851465225, "spectral_rolloff": {"dmean2": 541.714782715, "median": 624.462890625, "min": 107.666015625, "dvar2": 1319606.25, "dvar": 555284.6875, "dmean": 321.150939941, "max": 19789.0136719, "var": 3801646.5, "mean": 1244.03540039}, "spectral_centroid": {"dmean2": 279.694702148, "median": 813.303649902, "min": 182.506027222, "dvar2": 131653.265625, "dvar": 61743.6914063, "dmean": 180.463546753, "max": 11774.3291016, "var": 992036.25, "mean": 1070.08532715}, "pitch_salience": {"dmean2": 0.115258343518, "median": 0.570469915867, "min": 0.0808761194348, "dvar2": 0.0108639961109, "dvar": 0.00428126379848, "dmean": 0.0709415748715, "max": 0.988252282143, "var": 0.0140160415322, "mean": 0.561947703362}, "spectral_energyband_middle_high": {"dmean2": 0.00117217039224, "median": 0.000507747463416, "min": 1.16392178076e-21, "dvar2": 1.55653979164e-05, "dvar": 1.01959276435e-05, "dmean": 0.000862274726387, "max": 0.286647111177, "var": 6.04742126598e-05, "mean": 0.00320353358984}, "spectral_contrast_coeffs": {"dmean2": [0.0824804157019, 0.0777956470847, 0.0590720102191, 0.0475353263319, 0.0339250974357, 0.0219833962619], "median": [-0.606114208698, -0.72162091732, -0.783448338509, -0.799462676048, -0.805512070656, -0.788820445538], "m