{"tonal": {"thpcp": [1, 0.975448012352, 0.370172768831, 0.131579875946, 0.0953246206045, 0.130190223455, 0.335281699896, 0.444699555635, 0.265163272619, 0.127656057477, 0.103640913963, 0.10383721441, 0.2165107131, 0.325932383537, 0.287374615669, 0.507099747658, 0.69319665432, 0.398657619953, 0.1469925493, 0.0949962437153, 0.166978359222, 0.671401262283, 0.986332654953, 0.618036329746, 0.284077167511, 0.140893504024, 0.103145159781, 0.325877308846, 0.459357559681, 0.475571036339, 0.898353755474, 0.845665872097, 0.284291893244, 0.1387835145, 0.163955554366, 0.40382412076], "hpcp": {"dmean2": [0.229455649853, 0.165241062641, 0.101574607193, 0.0790207162499, 0.087724648416, 0.130812570453, 0.149365976453, 0.119168490171, 0.0891001299024, 0.0741324052215, 0.0765337273479, 0.099108748138, 0.122881874442, 0.130350098014, 0.157292753458, 0.175027951598, 0.154369577765, 0.10562095046, 0.0778241381049, 0.109233811498, 0.206036984921, 0.25397542119, 0.245702177286, 0.186677515507, 0.0954023376107, 0.0656809508801, 0.107622846961, 0.142531320453, 0.176859587431, 0.199590086937, 0.200487598777, 0.143182590604, 0.10883513093, 0.120262570679, 0.160471618176, 0.212174534798], "median": [0.0962564647198, 0.0428121909499, 0.00457822531462, 0.00242723990232, 0.00406314618886, 0.0129599329084, 0.017544766888, 0.011346064508, 0.00275812298059, 0.00198196736164, 0.00400541629642, 0.00798228941858, 0.0093355756253, 0.018869407475, 0.033798713237, 0.0373042672873, 0.0202070921659, 0.00373959844001, 0.00204961840063, 0.00916943605989, 0.0652985721827, 0.10613194108, 0.0658726096153, 0.00864956341684, 0.00476691825315, 0.0037604146637, 0.0100668491796, 0.0162713658065, 0.0435203537345, 0.0272074639797, 0.017921956256, 0.0129866413772, 0.00381865678355, 0.00380437960848, 0.0210508592427, 0.0702461749315], "min": [0, 0, 0, 0, 0, 0, 0, 0, 0, 0, 0, 0, 0, 0, 0, 0, 0, 0, 0, 0, 0, 0, 0, 0, 0, 0, 0, 0, 0, 0, 0, 0, 0, 0, 0, 0], "dvar2": [0.114611648023, 0.0868322700262, 0.0637783929706, 0.0509166046977, 0.0524156205356, 0.0738632008433, 0.0795049741864, 0.0688784942031, 0.0683766752481, 0.0552658177912, 0.0543609336019, 0.061102386564, 0.0674749910831, 0.0640796199441, 0.0715237408876, 0.0915947705507, 0.0796699300408, 0.0694184675813, 0.0502913817763, 0.061140011996, 0.106637097895, 0.147753342986, 0.117290988564, 0.110044665635, 0.0454536192119, 0.0322970151901, 0.0532683990896, 0.0734293013811, 0.0815170183778, 0.113818906248, 0.109152957797, 0.0722808986902, 0.0641038045287, 0.0734605267644, 0.0776845961809, 0.122174210846], "dvar": [0.0450052544475, 0.0307873226702, 0.0224204137921, 0.0178769268095, 0.0183728672564, 0.0292327739298, 0.0322243608534, 0.0251898560673, 0.0245928857476, 0.0201812796295, 0.0191108752042, 0.0218368452042, 0.0254906453192, 0.0239627361298, 0.027376813814, 0.0385531820357, 0.0297002866864, 0.024818668142, 0.017413508147, 0.0211562179029, 0.0416956283152, 0.0643806084991, 0.0465397313237, 0.0399223603308, 0.0161779243499, 0.0113887665793, 0.0210614893585, 0.0294489078224, 0.0288892518729, 0.0485782064497, 0.0439132191241, 0.025500414893, 0.0228366628289, 0.0261771325022, 0.0278102196753, 0.0520499572158], "dmean": [0.135192736983, 0.0938334390521, 0.0544648654759, 0.0421760007739, 0.0477365478873, 0.0764579251409, 0.0887310877442, 0.0682222694159, 0.0482746399939, 0.0397990234196, 0.041248716414, 0.0560935251415, 0.0710611790419, 0.0745699107647, 0.0943592712283, 0.105169005692, 0.0885526910424, 0.0569512322545, 0.0413714535534, 0.0591421090066, 0.119628883898, 0.146841108799, 0.141006782651, 0.101632237434, 0.0516046136618, 0.0360680446029, 0.0628655329347, 0.0825353637338, 0.101142026484, 0.116052784026, 0.116811409593, 0.0795902833343, 0.0583456605673, 0.0652862489223, 0.090124823153, 0.12434194237], "max": [1, 1, 1, 1, 1, 1, 1, 1, 1, 1, 1, 1, 1, 1, 1, 1, 1, 1, 1, 1, 1, 1, 1, 1, 1, 1, 1, 1, 1, 1, 1, 1, 1, 1, 1, 1], "var": [0.11796335876, 0.032261133194, 0.0141302356496, 0.0110406624153, 0.0137763572857, 0.043201867491, 0.0585230402648, 0.0280574318022, 0.0194938387722, 0.0170034691691, 0.0124406805262, 0.0229109358042, 0.0413911417127, 0.0277091506869, 0.0537740811706, 0.100663326681, 0.0425716713071, 0.0190680157393, 0.0110830944031, 0.0144495740533, 0.0733957588673, 0.137849286199, 0.06170758605, 0.0369974300265, 0.013230798766, 0.00849982723594, 0.0425529554486, 0.0685382336378, 0.0398746393621, 0.145474076271, 0.130386769772, 0.0240777283907, 0.0156381037086, 0.0189110208303, 0.0363570302725, 0.148443728685], "mean": [0.29230850935, 0.110928155482, 0.0394299998879, 0.0285655390471, 0.0390135720372, 0.100472487509, 0.133261293173, 0.0794603899121, 0.0382541678846, 0.0310576464981, 0.0311164725572, 0.0648808777332, 0.0976708233356, 0.086116373539, 0.151960507035, 0.207727402449, 0.119464091957, 0.0440486557782, 0.0284671336412, 0.0500377193093, 0.201196059585, 0.295570254326, 0.185204416513, 0.0851282402873, 0.042220979929, 0.0309090875089, 0.0976543202996, 0.137653797865, 0.14251242578, 0.269205987453, 0.253417223692, 0.0851925835013, 0.0415886864066, 0.0491318888962, 0.121012315154, 0.299665898085]}, "tuning_equal_tempered_deviation": 0.110500745475, "chords_changes_rate": 0.0559271648526, "key_key": "D", "tuning_diatonic_strength": 0.694244921207, "key_scale": "major", "chords_number_rate": 0.00278706802055, "tuning_frequency": 443.316436768, "tuning_nontempered_energy_ratio": 0.791207253933, "chords_histogram": [10.9810476303, 8.5470085144, 22.2965431213, 1.31921219826, 1.11482715607, 0.984764039516, 1.09624671936, 1.1891490221, 4.55221128464, 0, 0.0371609069407, 0.613154947758, 7.1534743309, 0, 0, 1.33779263496, 0, 0.0371609069407, 0, 3.95763659477, 1.15198814869, 6.24303245544, 19.6023788452, 7.7852101326], "key_strength": 0.726705789566, "chords_key": "A", "chords_strength": {"dmean2": 0.00721681211144, "median": 0.552074193954, "min": 0.191107898951, "dvar2": 5.36244879186e-05, "dvar": 5.67924980714e-05, "dmean": 0.00837458204478, "max": 0.790067017078, "var": 0.0114817535505, "mean": 0.5400583148}, "chords_scale": "major", "hpcp_entropy": {"dmean2": 0.868244588375, "median": 1.89604234695, "min": 0, "dvar2": 0.593204259872, "dvar": 0.231237128377, "dmean": 0.525754511356, "max": 4.54660606384, "var": 0.545104980469, "mean": 1.89451551437}}, "metadata": {"audio_properties": {"equal_loudness": 0, "codec": "mp3", "downmix": "mix", "sample_rate": 44100, "analysis_sample_rate": 44100, "bit_rate": 304808, "md5_encoded": "216e064c87fc0870fb0dc850fcf015bd", "length": 249.88734436, "replay_gain": -12.8312625885, "lossless": false}, "version": {"essentia_build_sha": "70f2e5ece6736b2c40cc944ad0e695b16b925413", "essentia": "2.1-beta2", "extractor": "music 1.0", "essentia_git_sha": "v2.1_beta2"}, "tags": {"musicbrainz_recordingid": ["0ced7f5e-ab27-4f61-8436-10b31d9577a3"], "file_name": "2227582.mp3"}}, "rhythm": {"bpm_histogram_first_peak_bpm": {"dmean2": 0, "median": 120, "min": 120, "dvar2": 0, "dvar": 0, "dmean": 0, "max": 120, "var": 0, "mean": 120}, "bpm": 120.901794434, "bpm_histogram_second_peak_spread": {"dmean2": 0, "median": 0, "min": 0, "dvar2": 0, "dvar": 0, "dmean": 0, "max": 0, "var": 0, "mean": 0}, "bpm_histogram_first_peak_weight": {"dmean2": 0, "median": 0.505928874016, "min": 0.505928874016, "dvar2": 0, "dvar": 0, "dmean": 0, "max": 0.505928874016, "var": 0, "mean": 0.505928874016}, "onset_rate": 3.46532011032, "beats_position": [0.441179126501, 0.893968224525, 1.369977355, 1.83437633514, 2.32199549675, 2.83283448219, 3.34367346764, 3.84290242195, 4.34213161469, 4.85297060013, 5.35219955444, 5.85142850876, 6.3622674942, 6.87310647964, 7.38394546509, 7.89478445053, 8.40562343597, 8.91646194458, 9.42730140686, 9.93814086914, 10.4489793777, 10.95981884, 11.4590473175, 11.9582767487, 12.4691152573, 12.9799547195, 13.4907932281, 14.0016326904, 14.512471199, 15.0233106613, 15.5341491699, 16.0333786011, 16.5326080322, 17.0434455872, 17.5542850494, 18.0651245117, 18.575963974, 19.0751914978, 19.574420929, 20.0852603912, 20.5960998535, 21.1069393158, 21.6061668396, 22.1053962708, 22.6046257019, 23.1038551331, 23.6030826569, 24.102312088, 24.6015415192, 25.1123809814, 25.6116104126, 26.1224479675, 26.6332874298, 27.1209068298, 27.6085262299, 28.1077537537, 28.6069831848, 29.106212616, 29.6054420471, 30.1046714783, 30.6155090332, 31.1147384644, 31.6139678955, 32.1131973267, 32.6124267578, 33.111656189, 33.6108856201, 34.1101112366, 34.6093406677, 35.1085700989, 35.60779953, 36.1070289612, 36.6062583923, 37.1054878235, 37.6047172546, 38.1039466858, 38.6031723022, 39.1024017334, 39.6016311646, 40.1008605957, 40.5884780884, 41.0877075195, 41.5869369507, 42.0861663818, 42.585395813, 43.0846252441, 43.5838546753, 44.071472168, 44.5590934753, 45.0699310303, 45.5691604614, 46.0683898926, 46.5676193237, 47.0668487549, 47.5660743713, 48.0653038025, 48.5529251099, 49.052154541, 49.5513839722, 50.0506095886, 50.5498390198, 51.0490684509, 51.5482978821, 52.0475273132, 52.5467567444, 53.0459861755, 53.5452156067, 54.0328330994, 54.5204544067, 55.0312919617, 55.5421295166, 56.0413589478, 56.5405883789, 57.0398178101, 57.5390472412, 58.0498847961, 58.5491142273, 59.0483436584, 59.5475730896, 60.0468025208, 60.5344200134, 61.0336494446, 61.5328788757, 62.0321083069, 62.531337738, 63.0305671692, 63.5297966003, 64.0174102783, 64.5166397095, 65.0158691406, 65.5150985718, 66.0143280029, 66.5135574341, 67.0127868652, 67.5120162964, 68.0112457275, 68.5104751587, 69.0097045898, 69.508934021, 70.0081634521, 70.5073928833, 71.0066223145, 71.4942398071, 71.9818572998, 72.4694747925, 72.9803161621, 73.4795455933, 73.9787750244, 74.4780044556, 74.9772338867, 75.4648513794, 75.9640808105, 76.4633102417, 76.9625396729, 77.461769104, 77.9609985352, 78.4602279663, 78.9594573975, 79.4586868286, 79.9463043213, 80.433921814, 80.9331512451, 81.4323806763, 81.9199981689, 82.4192276001, 82.9184570312, 83.4176864624, 83.9169158936, 84.4045333862, 84.9037628174, 85.4029922485, 85.9022216797, 86.3898391724, 86.8890686035, 87.3766860962, 87.8643035889, 88.36353302, 88.8627624512, 89.3503875732, 89.8380050659, 90.3256225586, 90.8132400513, 91.3008575439, 91.8000869751, 92.2993164062, 92.7869338989, 93.274559021, 93.7621765137, 94.2497940063, 94.737411499, 95.2366409302, 95.7242584229, 96.2118835449, 96.7111129761, 97.1987304688, 97.6863479614, 98.1855773926, 98.6848068237, 99.1840362549, 99.683265686, 100.170883179, 100.67011261, 101.157730103, 101.656959534, 102.156188965, 102.655418396, 103.154647827, 103.653877258, 104.141494751, 104.629112244, 105.116729736, 105.604354858, 106.091972351, 106.602806091, 107.090431213, 107.578048706, 108.065666199, 108.553283691, 109.040908813, 109.528526306, 110.016143799, 110.51537323, 111.014602661, 111.502220154, 111.989837646, 112.477455139, 112.965080261, 113.452697754, 113.951927185, 114.451156616, 114.950386047, 115.449615479, 115.94884491, 116.448066711, 116.935691833, 117.423309326, 117.922538757, 118.421768188, 118.909385681, 119.408615112, 119.896232605, 120.395462036, 120.883079529, 121.370697021, 121.858322144, 122.357551575, 122.856781006, 123.367614746, 123.855232239, 124.342857361, 124.842086792, 125.341316223, 125.828933716, 126.328163147, 126.827392578, 127.326622009, 127.82585144, 128.325073242, 128.824310303, 129.311920166, 129.811157227, 130.310379028, 130.809616089, 131.308837891, 131.808074951, 132.307296753, 132.806533813, 133.305755615, 133.793380737, 134.304214478, 134.803451538, 135.30267334, 135.801895142, 136.301132202, 136.800354004, 137.299591064, 137.787200928, 138.298049927, 138.797271729, 139.296508789, 139.784118652, 140.271743774, 140.770965576, 141.270202637, 141.769424438, 142.268661499, 142.767883301, 143.267120361, 143.766342163, 144.265579224, 144.764801025, 145.264038086, 145.763259888, 146.262496948, 146.76171875, 147.260955811, 147.760177612, 148.259414673, 148.747024536, 149.246261597, 149.745483398, 150.233108521, 150.720718384, 151.219955444, 151.719177246, 152.218414307, 152.717636108, 153.20526123, 153.704483032, 154.203720093, 154.691329956, 155.178955078, 155.6665802, 156.154190063, 156.641815186, 157.141036987, 157.628662109, 158.127883911, 158.615509033, 159.103118896, 159.590744019, 160.101577759, 160.600814819, 161.100036621, 161.587661743, 162.075286865, 162.562896729, 163.062133789, 163.561355591, 164.060592651, 164.559814453, 165.047439575, 165.546661377, 166.045898438, 166.545120239, 167.0443573, 167.543579102, 168.042816162, 168.530426025, 169.029663086, 169.528884888, 170.01651001, 170.515731812, 171.014968872, 171.502578735, 172.001815796, 172.501037598, 172.98866272, 173.476272583, 173.963897705, 174.463119507, 174.962356567, 175.449981689, 175.96081543, 176.460037231, 176.959274292, 177.458496094, 177.957733154, 178.456954956, 178.956192017, 179.44380188, 179.94303894, 180.430648804, 180.929885864, 181.429107666, 181.928344727, 182.41595459, 182.903579712, 183.391204834, 183.878814697, 184.366439819, 184.854049683, 185.341674805, 185.829299927, 186.31690979, 186.804534912, 187.292144775, 187.779769897, 188.26739502, 188.755004883, 189.242630005, 189.730239868, 190.21786499, 190.705490112, 191.193099976, 191.680725098, 192.168334961, 192.655960083, 193.143585205, 193.631195068, 194.130432129, 194.629653931, 195.117279053, 195.628112793, 196.115737915, 196.603347778, 197.102584839, 197.601806641, 198.089431763, 198.565444946, 199.05305481, 199.540679932, 200.016693115, 200.504302979, 200.991928101, 201.479537964, 201.967163086, 202.454788208, 202.942398071, 203.430023193, 203.917633057, 204.416870117, 204.916091919, 205.403717041, 205.891326904, 206.390563965, 206.878189087, 207.377410889, 207.865036011, 208.352645874, 208.840270996, 209.327880859, 209.815505981, 210.303131104, 210.802352905, 211.301589966, 211.789199829, 212.28843689, 212.776046753, 213.275283813, 213.762893677, 214.250518799, 214.726531982, 215.225753784, 215.713378906, 216.20098877, 216.677001953, 217.176239014, 217.663848877, 218.151473999, 218.639083862, 219.126708984, 219.614334106, 220.10194397, 220.589569092, 221.100402832, 221.588027954, 222.087249756, 222.574874878, 223.07409668, 223.561721802, 224.060943604, 224.548568726, 225.047790527, 225.535415649, 226.023040771, 226.510650635, 227.009887695, 227.509109497, 227.996734619, 228.484344482, 228.971969604, 229.447982788, 229.935592651, 230.423217773, 230.922439575, 231.421676636, 231.944122314, 232.443344116, 232.942581177, 233.441802979, 233.941040039, 234.428665161, 234.939498901, 235.450332642, 235.961181641, 236.460403442, 236.959625244, 237.458862305, 237.958084106, 238.468933105, 238.979766846, 239.490600586, 240.001449585, 240.500671387, 240.999908447, 241.510742188, 242.033187866, 242.59046936, 243.112915039, 243.635375977, 243.995285034, 244.355194092, 244.715103149, 245.075012207, 245.423309326, 245.771606445, 246.119903564, 246.479812622, 246.828109741, 247.17640686, 247.524719238, 247.873016357, 248.221313477, 248.569610596, 248.917907715, 249.277816772], "beats_loudness": {"dmean2": 0.0474445223808, "median": 0.0395807661116, "min": 7.4640858827e-08, "dvar2": 0.000845636299346, "dvar": 0.000273833866231, "dmean": 0.0247480943799, "max": 0.119056321681, "var": 0.000528769916855, "mean": 0.0392409972847}, "danceability": 1.16574347019, "bpm_histogram_second_peak_weight": {"dmean2": 0, "median": 0.0197628457099, "min": 0.0197628457099, "dvar2": 0, "dvar": 0, "dmean": 0, "max": 0.0197628457099, "var": 0, "mean": 0.0197628457099}, "beats_count": 507, "bpm_histogram_second_peak_bpm": {"dmean2": 0, "median": 172, "min": 172, "dvar2": 0, "dvar": 0, "dmean": 0, "max": 172, "var": 0, "mean": 172}, "bpm_histogram_first_peak_spread": {"dmean2": 0, "median": 0.463312327862, "min": 0.463312327862, "dvar2": 0, "dvar": 0, "dmean": 0, "max": 0.463312327862, "var": 0, "mean": 0.463312327862}, "beats_loudness_band_ratio": {"dmean2": [0.321356028318, 0.19805984199, 0.153306931257, 0.0994883552194, 0.0650074630976, 0.0766237750649], "median": [0.68571805954, 0.126397520304, 0.0601669661701, 0.0220670253038, 0.0247064679861, 0.0294686611742], "min": [0.048466809094, 0.00590314576402, 0.00249777268618, 0.000536393723451, 0.000120915356092, 2.21252576011e-05], "dvar2": [0.0715648978949, 0.0374383851886, 0.0307051166892, 0.0160801969469, 0.00727897323668, 0.00230416306295], "dvar": [0.023581283167, 0.0131304925308, 0.0112217199057, 0.00579705322161, 0.0024329260923, 0.000806177209597], "dmean": [0.187062188983, 0.111917808652, 0.0855269506574, 0.0547686256468, 0.0360704287887, 0.0398483537138], "max": [0.977700293064, 0.877467751503, 0.604180812836, 0.484003335238, 0.426647096872, 0.347720086575], "var": [0.0401907153428, 0.0173383709043, 0.0125625273213, 0.00612287549302, 0.00228629563935, 0.0010274896631], "mean": [0.642685234547, 0.15981528163, 0.10222633183, 0.0553911775351, 0.0383545868099, 0.033048003912]}}, "lowlevel": {"barkbands_spread": {"dmean2": 5.98542928696, "median": 12.3763599396, "min": 0.410913109779, "dvar2": 90.6505126953, "dvar": 39.9955978394, "dmean": 3.95748996735, "max": 116.299804688, "var": 136.48399353, "mean": 14.5287504196}, "melbands_spread": {"dmean2": 5.78108215332, "median": 9.90515518188, "min": 0.415974110365, "dvar2": 105.925506592, "dvar": 46.8149375916, "dmean": 3.86726617813, "max": 164.514343262, "var": 157.595169067, "mean": 13.4789743423}, "hfc": {"dmean2": 5.10901260376, "median": 6.83099222183, "min": 9.61278612266e-09, "dvar2": 69.9501571655, "dvar": 35.1804656982, "dmean": 3.65465188026, "max": 115.718482971, "var": 229.861541748, "mean": 12.6797227859}, "barkbands_kurtosis": {"dmean2": 9.56446456909, "median": 4.56712579727, "min": -1.90039944649, "dvar2": 423.49029541, "dvar": 163.275756836, "dmean": 5.98287343979, "max": 172.478012085, "var": 235.720779419, "mean": 9.64274787903}, "gfcc": {"mean": [-72.1570205688, 126.072647095, -84.170753479, 33.2666549683, -38.4833908081, 0.367475450039, -27.2273902893, 4.14620351791, -17.9239387512, 1.4527913332, -13.04408741, -1.08564043045, -10.2591915131], "icov": [[0.000112723108032, 1.95103239093e-05, 0.00013579656661, 4.01922188757e-05, 0.000225247480557, -0.000112127017928, 0.000103849095467, -6.61703888909e-05, 0.000123044839711, -0.000102379824966, 0.000311331998091, 4.76750537928e-05, 0.00015360424004], [1.95103239093e-05, 0.00206560990773, -0.000233867685893, 0.00132266501896, -0.000723090139218, 0.00100416166242, -0.00117125967517, 0.00105684902519, -0.00166186143178, 0.00224458798766, -0.00325154047459, 0.00243275007233, -0.00180833484046], [0.00013579656661, -0.000233867685893, 0.00108144409023, -0.000166113924934, 0.0006538083544, 0.000244731985731, 8.50224678288e-05, 0.000108104621177, 0.000637385179289, -0.000410540291341, 0.000596277357545, -0.000356743053999, 0.000842624111101], [4.01922188757e-05, 0.00132266501896, -0.000166113924934, 0.00256903935224, 0.000264797534328, 0.000442671356723, -0.000219428024138, 0.000916586956009, -0.00197888491675, 0.00213496037759, -0.00202448433265, 0.00163460604381, -0.000970254826825], [0.000225247480557, -0.000723090139218, 0.0006538083544, 0.000264797534328, 0.00360112963244, -0.000578005099669, 0.000697612413205, 9.60848265095e-05, -0.000282741297269, 9.35132848099e-05, 0.00160311197396, 0.000212703016587, 0.000440660718596], [-0.000112127017928, 0.00100416166242, 0.000244731985731, 0.000442671356723, -0.000578005099669, 0.00554455211386, -0.000818633416202, -0.00040126676322, 0.000901232764591, -0.000392680376535, -0.00131601723842, 0.000888966489583, -0.000758455425967], [0.000103849095467, -0.00117125967517, 8.50224678288e-05, -0.000219428024138, 0.000697612413205, -0.000818633416202, 0.00602134689689, -0.0016582851531, 0.00174289511051, 0.000205468953936, 0.000149461615365, -0.000212551705772, 0.00181649986189], [-6.61703888909e-05, 0.00105684902519, 0.000108104621177, 0.000916586956009, 9.60848265095e-05, -0.00040126676322, -0.0016582851531, 0.00925097987056, -0.00227656611241, -0.00107533915434, -0.000582281907555, 7.12139953976e-05, -4.07432853535e-05], [0.000123044839711, -0.00166186143178, 0.000637385179289, -0.00197888491675, -0.000282741297269, 0.000901232764591, 0.00174289511051, -0.00227656611241, 0.00957727059722, -0.00330840167589, 0.00247721606866, 0.000255177175859, -0.00228953384794], [-0.000102379824966, 0.00224458798766, -0.000410540291341, 0.00213496037759, 9.35132848099e-05, -0.000392680376535, 0.000205468953936, -0.00107533915434, -0.00330840167589, 0.0160923954099, -0.00631335377693, 0.000842891284265, 0.00222963304259], [0.000311331998091, -0.00325154047459, 0.000596277357545, -0.00202448433265, 0.00160311197396, -0.00131601723842, 0.000149461615365, -0.000582281907555, 0.00247721606866, -0.00631335377693, 0.016582954675, -0.00644645560533, 0.000930717156734], [4.76750537928e-05, 0.00243275007233, -0.000356743053999, 0.00163460604381, 0.000212703016587, 0.000888966489583, -0.000212551705772, 7.12139953976e-05, 0.000255177175859, 0.000842891284265, -0.00644645560533, 0.0177512541413, -0.00564584322274], [0.00015360424004, -0.00180833484046, 0.000842624111101, -0.000970254826825, 0.000440660718596, -0.000758455425967, 0.00181649986189, -4.07432853535e-05, -0.00228953384794, 0.00222963304259, 0.000930717156734, -0.00564584322274, 0.0174940414727]], "cov": [[18539.5820312, -3943.90454102, -1446.05395508, -69.6875152588, -1233.40356445, 933.183532715, -347.534362793, 456.639709473, -619.024963379, 421.10244751, -561.468078613, 62.2209320068, -480.730895996], [-3943.90454102, 2732.71362305, 112.840965271, -415.133392334, 595.238952637, -419.460357666, 230.521179199, -218.556686401, 307.609313965, -245.286682129, 251.29486084, -128.661300659, 247.650177002], [-1446.05395508, 112.840965271, 1348.86083984, 49.0038833618, -180.087936401, -115.736152649, 58.4906044006, -54.7623062134, -81.253364563, -0.31204983592, 34.0759086609, 17.0761089325, -51.4693603516], [-69.6875152588, -415.133392334, 49.0038833618, 706.113037109, -119.35005188, -23.695476532, -76.2602767944, -21.6210479736, 76.75806427, -25.429233551, -9.3374004364, -2.99364161491, 17.1667308807], [-1233.40356445, 595.238952637, -180.087936401, -119.35005188, 504.669769287, -68.3611984253, 3.7771756649, -50.9948883057, 105.099693298, -67.715461731, 12.6052570343, -46.311668396, 64.9951248169], [933.183532715, -419.460357666, -115.736152649, -23.695476532, -68.3611984253, 281.808807373, 1.50748932362, 55.2212982178, -83.5323791504, 53.5695953369, -25.825258255, 16.4801597595, -44.447681427], [-347.534362793, 230.521179199, 58.4906044006, -76.2602767944, 3.7771756649, 1.50748932362, 227.689346313, 11.7194595337, -30.3672237396, -15.8921451569, 33.6643600464, -9.90417766571, -10.7476072311], [456.639709473, -218.556686401, -54.7623062134, -21.6210479736, -50.9948883057, 55.2212982178, 11.7194595337, 146.249572754, -6.47037982941, 41.6196060181, -14.881403923, 12.1599111557, -23.7956447601], [-619.024963379, 307.609313965, -81.253364563, 76.75806427, 105.099693298, -83.5323791504, -30.3672237396, -6.47037982941, 206.435195923, -20.5205764771, 16.5949287415, -22.2732334137, 63.8339233398], [421.10244751, -245.286682129, -0.31204983592, -25.429233551, -67.715461731, 53.5695953369, -15.8921451569, 41.6196060181, -20.5205764771, 109.772590637, 7.59265041351, 19.1138324738, -35.5840034485], [-561.468078613, 251.29486084, 34.0759086609, -9.3374004364, 12.6052570343, -25.825258255, 33.6643600464, -14.881403923, 16.5949287415, 7.59265041351, 121.077331543, 21.7156085968, 25.5502262115], [62.2209320068, -128.661300659, 17.0761089325, -2.99364161491, -46.311668396, 16.4801597595, -9.90417766571, 12.1599111557, -22.2732334137, 19.1138324738, 21.7156085968, 84.0539321899, 8.72366714478], [-480.730895996, 247.650177002, -51.4693603516, 17.1667308807, 64.9951248169, -44.447681427, -10.7476072311, -23.7956447601, 63.8339233398, -35.5840034485, 25.5502262115, 8.72366714478, 102.25566864]]}, "spectral_energyband_middle_low": {"dmean2": 0.00766344927251, "median": 0.00690007722005, "min": 2.33174092692e-14, "dvar2": 0.000329968926962, "dvar": 0.000140816293424, "dmean": 0.00508165126666, "max": 0.128412127495, "var": 0.000248096766882, "mean": 0.0122808907181}, "melbands_crest": {"dmean2": 4.19942522049, "median": 15.0976696014, "min": 3.25820755959, "dvar2": 23.426361084, "dvar": 9.7920331955, "dmean": 2.65719509125, "max": 34.9690895081, "var": 24.6801891327, "mean": 15.5720653534}, "spectral_kurtosis": {"dmean2": 9.02389621735, "median": 5.96700191498, "min": -1.24135458469, "dvar2": 352.377349854, "dvar": 163.392700195, "dmean": 5.68381500244, "max": 286.32824707, "var": 513.114135742, "mean": 13.4085798264}, "spectral_rms": {"dmean2": 0.00143217656296, "median": 0.00426420662552, "min": 2.93491400072e-08, "dvar2": 6.56665497445e-06, "dvar": 2.67484369942e-06, "dmean": 0.000934198440518, "max": 0.0141233829781, "var": 5.96419840804e-06, "mean": 0.00455796532333}, "zerocrossingrate": {"dmean2": 0.00875049363822, "median": 0.03369140625, "min": 0.001953125, "dvar2": 0.000125094258692, "dvar": 0.000103774204035, "dmean": 0.00730234989896, "max": 0.52294921875, "var": 0.000702786317561, "mean": 0.0373136140406}, "silence_rate_60dB": {"dmean2": 0.0423752442002, "median": 0, "min": 0, "dvar2": 0.0448587089777, "dvar": 0.0207324270159, "dmean": 0.0211856532842, "max": 1, "var": 0.0898841321468, "mean": 0.0998792126775}, "erbbands_kurtosis": {"dmean2": 2.37715339661, "median": 0.267651319504, "min": -1.90646100044, "dvar2": 24.2767887115, "dvar": 11.2284059525, "dmean": 1.6212733984, "max": 115.643989563, "var": 35.0658111572, "mean": 2.17153120041}, "erbbands": {"dmean2": [0.2802259624, 2.67448544502, 4.76983118057, 8.92368030548, 11.7011585236, 5.05707836151, 9.82622241974, 13.0965280533, 9.84963798523, 8.31025695801, 17.8551521301, 14.8088264465, 9.11130809784, 14.4729185104, 15.0534305573, 13.5020904541, 11.5413951874, 12.220826149, 12.2195110321, 13.7401914597, 9.15945529938, 5.53808450699, 6.21677398682, 3.83047795296, 6.66875696182, 3.81360054016, 3.00493383408, 2.12219667435, 2.01499772072, 1.50318777561, 1.19280993938, 0.637584984303, 0.410155057907, 0.290857434273, 0.22718320787, 0.180437669158, 0.0669971928, 0.0144838253036, 0.00189957267139, 0.000113045287435], "median": [0.0795995891094, 0.833431661129, 3.35557484627, 4.18901491165, 4.10810613632, 4.11033773422, 5.98733329773, 6.20511341095, 4.46150684357, 4.19413995743, 4.29833507538, 3.37221765518, 2.91336560249, 2.72377061844, 2.24328351021, 2.26736211777, 1.54982054234, 2.85925030708, 1.99940216541, 2.16871356964, 2.70204949379, 1.66453778744, 2.30185651779, 1.56407916546, 2.24742460251, 1.11348187923, 0.78156965971, 0.572601616383, 0.500596106052, 0.287208676338, 0.196327418089, 0.126010835171, 0.0976168587804, 0.0466778017581, 0.0291524976492, 0.0138739058748, 0.00386423291638, 0.00069573847577, 0.000109524182335, 3.21426377923e-05], "min": [3.44918212915e-13, 6.50098898325e-13, 2.75280536213e-12, 5.70073242084e-12, 1.02744722452e-11, 2.40144883146e-11, 4.13018994005e-11, 7.15193182454e-11, 4.10316502997e-11, 4.49800301172e-11, 3.0893995695e-11, 3.92007537542e-11, 1.80441314668e-10, 1.48375492448e-10, 3.4549302308e-10, 2.39542330416e-10, 1.27668930983e-10, 2.27326629743e-10, 5.98624982917e-10, 1.06323794213e-09, 1.36118261107e-09, 8.5359530555e-10, 3.60328017424e-10, 5.59721824445e-10, 9.03121299967e-10, 1.14482745506e-09, 1.18812892858e-09, 6.30219376685e-10, 1.67961555775e-09, 1.00359687227e-09, 1.59196733573e-09, 2.03827088541e-09, 1.43041056777e-09, 1.40256795067e-09, 6.11285244645e-10, 3.88574838972e-10, 1.91299767693e-10, 1.13072246011e-10, 3.56209367558e-11, 3.39474368755e-12], "dvar2": [0.637552142143, 59.7044868469, 149.408813477, 585.2890625, 1098.24328613, 100.738616943, 484.533996582, 1016.7230835, 623.195068359, 371.681793213, 3545.1315918, 3692.2902832, 522.440673828, 4380.53466797, 5764.72167969, 5027.84472656, 2465.62817383, 1554.9967041, 1640.0255127, 4726.95703125, 573.255615234, 412.851501465, 171.523864746, 67.5663299561, 174.707550049, 76.0307846069, 42.3880119324, 20.1396217346, 19.710439682, 16.8970603943, 10.6757555008, 3.35388708115, 1.32342970371, 0.766895473003, 0.456287771463, 0.252658247948, 0.037177555263, 0.00173754582647, 2.98757076962e-05, 9.35284347747e-08], "dvar": [0.237758561969, 21.1187267303, 52.3071060181, 242.742889404, 461.511535645, 35.5286979675, 202.344192505, 375.319976807, 227.386016846, 175.592269897, 1589.72705078, 1779.72570801, 266.369720459, 1738.32019043, 2579.96337891, 1776.2800293, 1005.54980469, 641.606994629, 609.19708252, 1660.83850098, 242.377944946, 158.965606689, 74.6723861694, 28.6507701874, 65.6902618408, 32.3392066956, 19.522977829, 9.81817531586, 9.9109287262, 8.11247158051, 5.26297950745, 1.61969614029, 0.619801998138, 0.355414360762, 0.207252666354, 0.118292756379, 0.0174532812089, 0.000835941289552, 1.44273953993e-05, 4.56526585424e-08], "dmean": [0.161827296019, 1.49439847469, 2.70332026482, 5.6521859169, 7.47876405716, 3.13210988045, 6.61091756821, 8.4799747467, 6.42279195786, 5.70090198517, 12.0322370529, 10.3251485825, 6.51947546005, 10.1526460648, 10.6337223053, 8.72159481049, 7.50804710388, 8.05055141449, 8.01561737061, 8.78795051575, 6.06312990189, 3.70785927773, 4.05752468109, 2.5401391983, 4.20525836945, 2.51162338257, 2.03294467926, 1.45454335213, 1.39440906048, 1.04575300217, 0.822347283363, 0.434289455414, 0.281257539988, 0.19753369689, 0.152734443545, 0.120635218918, 0.0452452749014, 0.00985380727798, 0.00129017315339, 7.76067972765e-05], "max": [4.3281493187, 39.2180328369, 74.9245300293, 165.241577148, 250.543228149, 166.970077515, 364.075439453, 626.127868652, 948.86138916, 369.572479248, 1647.33557129, 1558.2479248, 638.799438477, 1847.64599609, 1886.0859375, 1636.48815918, 1057.37231445, 865.004821777, 699.557800293, 1466.49560547, 570.870178223, 766.948181152, 347.282623291, 210.426971436, 210.233306885, 129.99319458, 89.8092956543, 81.507598877, 72.6249923706, 78.133354187, 49.1723175049, 37.8844566345, 20.8071327209, 16.7411651611, 12.3585119247, 5.04256629944, 1.79747390747, 0.623309373856, 0.0925883501768, 0.00531757995486], "var": [0.175185099244, 13.3859806061, 41.9433631897, 260.701080322, 510.106536865, 84.0694198608, 723.318664551, 2909.85107422, 2284.80859375, 679.217834473, 4620.89013672, 7586.62890625, 1531.70288086, 4255.53955078, 6509.6484375, 3532.92602539, 3468.375, 2324.42260742, 1883.8145752, 5149.39941406, 1003.91088867, 438.831420898, 347.475250244, 115.093887329, 228.127166748, 72.9546279907, 50.6130905151, 31.8176765442, 31.7240104675, 17.1836490631, 9.54888629913, 2.98294186592, 1.21999168396, 0.683069109917, 0.356272876263, 0.166753977537, 0.0246630255133, 0.00124587933533, 2.00736412808e-05, 6.71544313491e-08], "mean": [0.189631611109, 1.64926493168, 5.10399007797, 8.53180599213, 10.26176548, 6.93390274048, 15.7659387589, 25.4701519012, 18.7950782776, 13.2001419067, 24.8600902557, 24.347070694, 17.0950050354, 22.2592334747, 19.8306045532, 17.7633914948, 17.3823947906, 18.6490135193, 17.218919754, 18.4275493622, 13.6786680222, 8.40500450134, 9.63502597809, 5.78615617752, 8.97929477692, 4.7417883873, 3.85195183754, 2.9145796299, 2.83211994171, 1.824909091, 1.25440227985, 0.702065765858, 0.460518538952, 0.298251211643, 0.213577538729, 0.151117250323, 0.0574287623167, 0.0120958629996, 0.00154532736633, 0.000112822184747]}, "spectral_strongpeak": {"dmean2": 0.583433449268, "median": 0.348566055298, "min": 0, "dvar2": 1.1416131258, "dvar": 0.465968072414, "dmean": 0.345505028963, "max": 16.1272010803, "var": 1.02864229679, "mean": 0.716391801834}, "spectral_energy": {"dmean2": 0.020030066371, "median": 0.0186380427331, "min": 8.82906378216e-13, "dvar2": 0.00167500623502, "dvar": 0.000635086733382, "dmean": 0.0122431805357, "max": 0.204456686974, "var": 0.000794983992819, "mean": 0.0274076778442}, "average_loudness": 0.639411270618, "spectral_rolloff": {"dmean2": 414.840576172, "median": 452.197265625, "min": 64.599609375, "dvar2": 956424.5, "dvar": 428627.8125, "dmean": 243.677688599, "max": 18583.1542969, "var": 815814.3125, "mean": 769.953918457}, "spectral_centroid": {"dmean2": 262.775604248, "median": 784.433837891, "min": 128.955932617, "dvar2": 166888.015625, "dvar": 77587.65625, "dmean": 176.647201538, "max": 11145.21875, "var": 316852.4375, "mean": 878.944335938}, "pitch_salience": {"dmean2": 0.105633303523, "median": 0.495159178972, "min": 0.126021504402, "dvar2": 0.0142246559262, "dvar": 0.00545589951798, "dmean": 0.0660023316741, "max": 0.869496107101, "var": 0.011166148819, "mean": 0.492643475533}, "spectral_energyband_middle_high": {"dmean2": 0.00131189043168, "median": 0.000967381987721, "min": 1.20175719961e-13, "dvar2": 1.22447563626e-05, "dvar": 5.22108302903e-06, "dmean": 0.000926540233195, "max": 0.0672706142068, "var": 3.49616639141e-05, "mean": 0.00329733453691}, "spectral_contrast_coeffs": {"dmean2": [0.066521987319, 0.0687468498945, 0.0587174706161, 0.0473730862141, 0.0344221070409, 0.0293054673821], "median": [-0.663160979748, -0.710137665272, -0.752571821213, -0.774620831013, -0.798536717892, -0.768787562847], "min": [-0.979108214378, -0.957473754883, -0.958999037743, -0.959681153297, -0.958256244659, -0.959145128727], "dvar2": [0.00428651319817, 0.00343254511245, 0.00237111444585, 0.00163408380467, 0.000945750682149, 0.000891568954103], "dvar": [0.00185756280553, 0.00141670601442, 0.00115946517326, 0.000807050673757, 0.000465929973871, 0.000412215129472], "dmean": [0.0417991355062, 0.0433692373335, 0.0388485044241, 0.0314029082656, 0.022369440645, 0.0193490125239], "max": [-0.279230862856, -0.321346700191, -0.408740878105, -0.482161998749, -0.52822047472, -0.586051940918], "var": [0.0055283755064, 0.00869067758322, 0.0092524215579, 0.00794333592057, 0.00452275946736, 0.0020259229932], "mean": [-0.6593516469, -0.700602471828, -0.741058468819, -0.762096405029, -0.789356291294, -0.771242380142]}, "melbands_skewness": {"dmean2": 1.34097158909, "median": 2.64786601067, "min": -2.16123509407, "dvar2": 3.71424508095, "dvar": 1.56834483147, "dmean": 0.896587193012, "max": 15.4743461609, "var": 4.66820812225, "mean": 3.15208315849}, "spectral_spread": {"dmean2": 834294.5, "median": 3941318, "min": 398981.375, "dvar2": 1505818836990.0, "dvar": 866181578752, "dmean": 576504.9375, "max": 40153064, "var": 3765090910210.0, "mean": 4004650.75}, "dissonance": {"dmean2": 0.0423111990094, "median": 0.451870262623, "min": 0.0805759876966, "dvar2": 0.00202957727015, "dvar": 0.000871193537023, "dmean": 0.0264826770872, "max": 0.500000178814, "var": 0.00345976557583, "mean": 0.434168726206}, "spectral_skewness": {"dmean2": 0.735653877258, "median": 1.87298476696, "min": -0.00608280207962, "dvar2": 1.27069044113, "dvar": 0.616387724876, "dmean": 0.48136305809, "max": 14.5910129547, "var": 2.55277228355, "mean": 2.33330106735}, "spectral_flux": {"dmean2": 0.0480370149016, "median": 0.0423169471323, "min": 8.08230288385e-06, "dvar2": 0.00519448611885, "dvar": 0.00254797632806, "dmean": 0.0307407807559, "max": 0.393767148256, "var": 0.00422087358311, "mean": 0.0651770606637}, "spectral_contrast_valleys": {"dmean2": [0.517137825489, 0.607719600201, 0.620228946209, 0.566878676414, 0.490763813257, 0.502694666386], "median": [-6.89549541473, -7.02113437653, -8.22152042389, -8.73375320435, -8.37812137604, -10.9802885056], "min": [-27.9417686462, -27.8913021088, -27.5348548889, -27.122379303, -27.2844753265, -27.2278423309], "dvar2": [0.282746523619, 0.35996735096, 0.3745880723, 0.385060191154, 0.457621902227, 0.530521512032], "dvar": [0.15290543437, 0.202661722898, 0.240869522095, 0.248761698604, 0.291395425797, 0.308840423822], "dmean": [0.33090749383, 0.404481202364, 0.449072390795, 0.423451900482, 0.389716535807, 0.395518213511], "max": [-5.09328317642, -4.70789909363, -5.4930562973, -6.07458591461, -6.07280635834, -7.97847890854], "var": [1.05990159512, 1.35311019421, 1.66560840607, 1.76966929436, 2.16099977493, 3.05029201508], "mean": [-7.07839632034, -7.23608636856, -8.43400096893, -8.9509935379, -8.65886116028, -11.4339761734]}, "erbbands_flatness_db": {"dmean2": 0.0285391565412, "median": 0.164213120937, "min": 0.0315507203341, "dvar2": 0.00138651626185, "dvar": 0.000773178820964, "dmean": 0.0214514080435, "max": 0.502080261707, "var": 0.00551670324057, "mean": 0.181314975023}, "spectral_energyband_high": {"dmean2": 0.000235924191657, "median": 8.05431263871e-05, "min": 6.52223229852e-13, "dvar2": 2.81407579905e-07, "dvar": 1.55343244046e-07, "dmean": 0.000173436070327, "max": 0.00632036989555, "var": 4.11033113323e-07, "mean": 0.00034731294727}, "spectral_entropy": {"dmean2": 0.31330242753, "median": 7.11618995667, "min": 3.87565803528, "dvar2": 0.188058629632, "dvar": 0.105111077428, "dmean": 0.235182344913, "max": 9.7974357605, "var": 0.663801968098, "mean": 6.92169189453}, "silence_rate_20dB": {"dmean2": 0, "median": 1, "min": 1, "dvar2": 0, "dvar": 0, "dmean": 0, "max": 1, "var": 0, "mean": 1}, "melbands_flatness_db": {"dmean2": 0.0451606996357, "median": 0.276814609766, "min": 0.0131443263963, "dvar2": 0.0037281550467, "dvar": 0.00175975717138, "dmean": 0.0322236157954, "max": 0.730460047722, "var": 0.0132907526568, "mean": 0.303879827261}, "barkbands": {"dmean2": [0.000331493502017, 0.0111210532486, 0.00345509685576, 0.00459128199145, 0.00196028873324, 0.00165480619762, 0.000565986265428, 0.000677250500303, 0.000640304409899, 0.000372564652935, 0.000406651117373, 0.000323727494106, 0.000242976937443, 0.000247285090154, 0.000246151932515, 0.000233596219914, 0.000112075795187, 0.000111263776489, 0.000119153759442, 8.25018214528e-05, 6.12721705693e-05, 5.24018323631e-05, 4.12546032749e-05, 2.64088048425e-05, 2.83469944407e-05, 3.8281250454e-05, 1.1016469216e-05], "median": [6.95802082191e-05, 0.00342800025828, 0.00291717424989, 0.00118790427223, 0.00139148277231, 0.000883329485077, 0.000244414317422, 0.000155339948833, 0.000116530471132, 7.4563016824e-05, 2.14911142393e-05, 4.28990460932e-05, 2.05802571145e-05, 4.58354770672e-05, 3.23958156514e-05, 4.93988009111e-05, 1.94840067707e-05, 4.17924966314e-05, 3.67408392776e-05, 2.34828494285e-05, 1.62288142747e-05, 1.31664719447e-05, 6.8099402597e-06, 5.95220672039e-06, 4.25076768806e-06, 2.65494122687e-06, 6.00415319241e-07], "min": [2.19850857354e-14, 5.16494179104e-15, 2.69346143425e-15, 2.18409181867e-15, 6.14049208277e-15, 7.72161418058e-15, 2.71861492465e-15, 1.40399152079e-15, 1.6033464424e-15, 7.17695336077e-15, 4.68449369193e-15, 8.69219958868e-15, 2.8944320712e-15, 5.88132668245e-15, 1.58956422108e-14, 2.74303335986e-14, 1.26895318729e-14, 7.06458046427e-15, 1.46066782937e-14, 2.49094669858e-14, 2.00624869636e-14, 3.89968649549e-14, 5.8009932307e-14, 8.36914020616e-14, 1.07515342115e-13, 1.12055885946e-13, 2.35936243416e-13], "dvar2": [6.79910669987e-07, 0.00102047796827, 6.33219315205e-05, 0.000201226459467, 1.56423066073e-05, 1.43725710586e-05, 1.52173208789e-06, 4.11141400036e-06, 5.96566906097e-06, 1.89420120478e-06, 5.90950185142e-06, 2.27674649977e-06, 9.97628717414e-07, 5.81255790166e-07, 6.99657050518e-07, 8.01209012025e-07, 1.36410378104e-07, 5.39003863764e-08, 5.84024100192e-08, 2.99596720765e-08, 1.59019784007e-08, 1.37193918448e-08, 1.32645681106e-08, 5.65778535133e-09, 6.83797773959e-09, 1.17096368157e-08, 1.00388997115e-09], "dvar": [2.70092073151e-07, 0.000368144595996, 2.23421811825e-05, 8.54034660733e-05, 5.67367987969e-06, 5.37263440492e-06, 6.46288469852e-07, 1.84813029591e-06, 2.75357342616e-06, 7.84249095886e-07, 2.62367075266e-06, 8.48519960073e-07, 4.06154981647e-07, 2.38222312987e-07, 2.68095561751e-07, 2.9310501759e-07, 5.39780629083e-08, 2.41133193413e-08, 2.19460414286e-08, 1.3212823724e-08, 7.73997133052e-09, 7.12359593535e-09, 6.47995479497e-09, 2.73089706404e-09, 3.21202997533e-09, 5.55602364116e-09, 4.87144602435e-10], "dmean": [0.000197585250135, 0.006304719951, 0.00201116572134, 0.00294945482165, 0.00119209173135, 0.00108388997614, 0.000382160447771, 0.000458021095255, 0.000445399840828, 0.000262073241174, 0.000282896158751, 0.000214355895878, 0.000158188282512, 0.000161834424944, 0.0001596