{"tonal": {"thpcp": [1, 0.824486970901, 0.38867598772, 0.301221847534, 0.464864999056, 0.74749237299, 0.745168924332, 0.571873188019, 0.495787352324, 0.381964802742, 0.257486730814, 0.203167572618, 0.187967926264, 0.178288251162, 0.281996309757, 0.392101109028, 0.283383756876, 0.14554515481, 0.133889049292, 0.420936703682, 0.889975845814, 0.919629573822, 0.656854093075, 0.527653634548, 0.402051210403, 0.263920664787, 0.302731633186, 0.445048779249, 0.487894356251, 0.623023033142, 0.761570692062, 0.5282741189, 0.304791331291, 0.289940148592, 0.317734926939, 0.598256886005], "hpcp": {"dmean2": [0.177258729935, 0.178414806724, 0.209439530969, 0.275598198175, 0.265180170536, 0.27489849925, 0.239691004157, 0.216911494732, 0.243683949113, 0.23810467124, 0.290013700724, 0.26993149519, 0.212188988924, 0.201908245683, 0.147275298834, 0.128985151649, 0.129784554243, 0.119494631886, 0.13887244463, 0.154633641243, 0.118239045143, 0.0871270224452, 0.0885031446815, 0.193670734763, 0.333187282085, 0.279574453831, 0.241725131869, 0.207932844758, 0.16823977232, 0.149842754006, 0.156699806452, 0.182152017951, 0.195048376918, 0.203993499279, 0.234716549516, 0.199435472488], "median": [0.0042559215799, 0.0015024181921, 0.00213172635995, 0.0189788453281, 0.0373148731887, 0.027844376862, 0.00697190966457, 0.00187163730152, 0.00399902649224, 0.0156122492626, 0.030965231359, 0.0241719540209, 0.00824055075645, 0.0048249498941, 0.00294060795568, 0.00223619770259, 0.00191830005497, 0.0024066765327, 0.0101216156036, 0.0180987715721, 0.0131643936038, 0.00386546272784, 0.00224754912779, 0.00567853543907, 0.0162768103182, 0.0274709761143, 0.0136918872595, 0.00464475061744, 0.00223365961574, 0.00187631545123, 0.00605127960443, 0.0140830483288, 0.0243900381029, 0.0319872386754, 0.03301089257, 0.0202134363353], "min": [0, 0, 0, 0, 0, 0, 0, 0, 0, 0, 0, 0, 0, 0, 0, 0, 0, 0, 0, 0, 0, 0, 0, 0, 0, 0, 0, 0, 0, 0, 0, 0, 0, 0, 0, 0], "dvar2": [0.138611122966, 0.136997848749, 0.145046025515, 0.177743077278, 0.147891521454, 0.167811959982, 0.165327757597, 0.161864295602, 0.171699494123, 0.155058458447, 0.182926550508, 0.168900057673, 0.135872915387, 0.134484037757, 0.0907125622034, 0.0861626192927, 0.0985627919436, 0.0841778293252, 0.0882130712271, 0.0875992327929, 0.0586122199893, 0.0468236543238, 0.0584349632263, 0.112584270537, 0.243083670735, 0.155197992921, 0.14600084722, 0.134322121739, 0.115283213556, 0.105207622051, 0.107504531741, 0.131307125092, 0.112314797938, 0.105302110314, 0.127676263452, 0.113555267453], "dvar": [0.049682687968, 0.0490833520889, 0.0507632121444, 0.0600633323193, 0.053773291409, 0.0573015548289, 0.0549298040569, 0.0543042942882, 0.0590268112719, 0.0569198429585, 0.0651601776481, 0.0593220517039, 0.0488698706031, 0.0460540167987, 0.0317641869187, 0.0298068448901, 0.0335959233344, 0.0284044891596, 0.0303116329014, 0.0314519517124, 0.020656902343, 0.0161124374717, 0.019843775779, 0.0394204109907, 0.0865281745791, 0.0564021915197, 0.053303476423, 0.0480336844921, 0.0400690250099, 0.0361260361969, 0.0377192310989, 0.0469397157431, 0.0395520441234, 0.0387021079659, 0.0484361313283, 0.0426856838167], "dmean": [0.0958074405789, 0.0949697569013, 0.111040487885, 0.149683207273, 0.150184333324, 0.151275351644, 0.127349227667, 0.113507077098, 0.131587430835, 0.129881799221, 0.161252304912, 0.146355852485, 0.114227086306, 0.108372054994, 0.0787986069918, 0.0686091408134, 0.0680065900087, 0.0630461871624, 0.0761571452022, 0.0867187455297, 0.0657918229699, 0.0465052686632, 0.0468689575791, 0.103312455118, 0.179361611605, 0.154034659266, 0.137090966105, 0.112848706543, 0.0916561037302, 0.0803519114852, 0.0843857377768, 0.099729783833, 0.109449200332, 0.11782425642, 0.134985983372, 0.114297352731], "max": [1, 1, 1, 1, 1, 1, 1, 1, 1, 1, 1, 1, 1, 1, 1, 1, 1, 1, 1, 1, 1, 1, 1, 1, 1, 1, 1, 1, 1, 1, 1, 1, 1, 1, 1, 1], "var": [0.0373984649777, 0.0373001545668, 0.0354439653456, 0.0571656115353, 0.110021233559, 0.0861943662167, 0.0403893738985, 0.0350676700473, 0.0513427890837, 0.0972031280398, 0.077420219779, 0.0552933327854, 0.0618070028722, 0.0398530177772, 0.0258665718138, 0.0199875514954, 0.0204557143152, 0.0174208637327, 0.0234270822257, 0.0334909260273, 0.0188319124281, 0.0104529364035, 0.0120509723201, 0.0366792976856, 0.112661324441, 0.0961836725473, 0.0709295645356, 0.0685350224376, 0.0498569495976, 0.0290862154216, 0.0311318170279, 0.0507321506739, 0.0397434942424, 0.0519721470773, 0.0732413157821, 0.0453097857535], "mean": [0.0691987648606, 0.0658270046115, 0.0721374377608, 0.135826170444, 0.22703653574, 0.187188670039, 0.0882436484098, 0.0683883652091, 0.105541341007, 0.169708073139, 0.169180572033, 0.129836112261, 0.112561844289, 0.0867199674249, 0.0584588944912, 0.0461264625192, 0.04267558828, 0.0404779464006, 0.0640234649181, 0.0890212804079, 0.0643384680152, 0.0330440662801, 0.0303977075964, 0.0955680087209, 0.202057033777, 0.208789512515, 0.149129882455, 0.119796648622, 0.0912803113461, 0.0599196329713, 0.0687311440706, 0.101042330265, 0.110769845545, 0.141448989511, 0.172904372215, 0.11993753165]}, "tuning_equal_tempered_deviation": 0.365731924772, "chords_changes_rate": 0.0439922995865, "key_key": "A#", "tuning_diatonic_strength": 0.576694667339, "key_scale": "minor", "chords_number_rate": 0.0012372834608, "tuning_frequency": 434.193115234, "tuning_nontempered_energy_ratio": 0.961183965206, "chords_histogram": [1.51223540306, 0.0274951886386, 33.8190803528, 14.379983902, 26.0929336548, 9.51333522797, 0.591146528721, 2.5158097744, 0.123728349805, 4.33049201965, 0, 3.35441303253, 0, 0.178718730807, 0, 0, 0, 0.687379717827, 0.0137475943193, 0, 0, 1.27852630615, 0.811108052731, 0.769865274429], "key_strength": 0.66201043129, "chords_key": "F", "chords_strength": {"dmean2": 0.00955452397466, "median": 0.537257373333, "min": -1, "dvar2": 0.000592303229496, "dvar": 0.000310835224809, "dmean": 0.00843540020287, "max": 0.747594416142, "var": 0.023305773735, "mean": 0.524652779102}, "chords_scale": "minor", "hpcp_entropy": {"dmean2": 1.07047259808, "median": 2.24931764603, "min": 0, "dvar2": 0.770065188408, "dvar": 0.289193421602, "dmean": 0.633214056492, "max": 4.63081073761, "var": 0.620513617992, "mean": 2.28356981277}}, "metadata": {"audio_properties": {"equal_loudness": 0, "codec": "mp3", "downmix": "mix", "sample_rate": 44100, "analysis_sample_rate": 44100, "bit_rate": 160012, "md5_encoded": "94c26f720a2126f8d506c3f94e325ef2", "length": 337.7371521, "replay_gain": -10.0666408539, "lossless": false}, "version": {"essentia_build_sha": "70f2e5ece6736b2c40cc944ad0e695b16b925413", "essentia": "2.1-beta2", "extractor": "music 1.0", "essentia_git_sha": "v2.1_beta2"}, "tags": {"title": ["Wishful Thinking VIP"], "barcode": ["5050693186128"], "media": ["CD"], "albumartist": ["Various Artists"], "musicbrainz_recordingid": ["0cf603c1-ffd6-4bda-969a-281ee8e81208"], "encoding": ["Lavf56.36.100"], "musicbrainz_albumartistid": ["89ad4ac3-39f7-470e-963a-56509c546377"], "originalyear": ["2007"], "discnumber": ["1/1"], "album": ["Space and Time"], "catalognumber": ["HFCD 001"], "musicbrainz album release country": ["GB"], "musicbrainz album type": ["album/compilation"], "musicbrainz album status": ["official"], "originaldate": ["2007"], "date": ["2007"], "file_name": "Vaccine - Wishful Thinking VIP.mp3", "musicbrainz_releasegroupid": ["e257a38c-d79f-375a-b296-01fa044ed13d"], "musicbrainz_artistid": ["f891091e-5120-4166-8d2b-7ca10511231e"], "asin": ["B000XL0C18"], "musicbrainz_albumid": ["2990072a-b054-4748-be22-5789d717b326"], "artist": ["Vaccine"], "artistsort": ["Vaccine"], "tracknumber": ["12/14"], "label": ["Hotflush Recordings"], "albumartistsort": ["Various Artists"], "acoustid_id": ["8289e8bd-7174-4923-9950-06c124614477"], "script": ["Latn"]}}, "rhythm": {"bpm_histogram_first_peak_bpm": {"dmean2": 0, "median": 140, "min": 140, "dvar2": 0, "dvar": 0, "dmean": 0, "max": 140, "var": 0, "mean": 140}, "bpm": 139.757278442, "bpm_histogram_second_peak_spread": {"dmean2": 0, "median": 0.16666662693, "min": 0.16666662693, "dvar2": 0, "dvar": 0, "dmean": 0, "max": 0.16666662693, "var": 0, "mean": 0.16666662693}, "bpm_histogram_first_peak_weight": {"dmean2": 0, "median": 0.712765932083, "min": 0.712765932083, "dvar2": 0, "dvar": 0, "dmean": 0, "max": 0.712765932083, "var": 0, "mean": 0.712765932083}, "onset_rate": 3.56468820572, "beats_position": [0.870748281479, 1.70666658878, 2.55419492722, 3.34367346764, 4.13315200806, 4.88780021667, 5.630838871, 6.37387752533, 7.12852573395, 7.87156438828, 8.6146030426, 9.35764122009, 10.1122903824, 10.866938591, 11.6099767685, 12.3530158997, 13.0960540771, 13.7462129593, 14.3963718414, 15.0465307236, 15.696688652, 16.3468475342, 16.99700737, 17.6471652985, 18.2857131958, 18.9242630005, 19.5628108978, 20.2013607025, 20.8399085999, 21.4784584045, 22.1170063019, 22.7439460754, 23.3824939728, 23.9629936218, 24.5551013947, 25.1356010437, 25.5767803192, 26.0063495636, 26.435918808, 26.865486145, 27.2834453583, 27.7014045715, 28.1309738159, 28.5605430603, 28.9785022736, 29.4080715179, 29.8376407623, 30.2672100067, 30.6967792511, 31.1147384644, 31.5443077087, 31.9738769531, 32.4034461975, 32.8330154419, 33.2625846863, 33.6921539307, 34.121723175, 34.5512924194, 34.9808616638, 35.4104309082, 35.8400001526, 36.269569397, 36.6991386414, 37.1287078857, 37.5582771301, 37.9878463745, 38.4174156189, 38.8469848633, 39.2765541077, 39.7061233521, 40.124080658, 40.5420417786, 40.9716110229, 41.4011802673, 41.830745697, 42.2603149414, 42.6898841858, 43.1194534302, 43.5490226746, 43.9785919189, 44.4081611633, 44.8377304077, 45.2672996521, 45.6968688965, 46.1264381409, 46.5560073853, 46.9855766296, 47.415145874, 47.8447151184, 48.2742843628, 48.7038536072, 49.1334228516, 49.5629920959, 49.9809532166, 50.4105224609, 50.8284797668, 51.2580490112, 51.6876182556, 52.1171875, 52.5467567444, 52.9647140503, 53.3942832947, 53.8238525391, 54.2650337219, 54.6946029663, 55.1241722107, 55.5537414551, 55.9833106995, 56.4128799438, 56.8424491882, 57.2720184326, 57.701587677, 58.1311569214, 58.5607261658, 58.9786834717, 59.4082527161, 59.8378219604, 60.2557830811, 60.6853485107, 61.1149177551, 61.5444869995, 61.9740562439, 62.4036254883, 62.8331947327, 63.2627639771, 63.6923332214, 64.1219024658, 64.5514755249, 64.9810409546, 65.4106140137, 65.8401794434, 66.2697525024, 66.6993179321, 67.1288909912, 67.5584564209, 67.98802948, 68.4059829712, 68.8355560303, 69.26512146, 69.694694519, 70.1242599487, 70.5422210693, 70.971786499, 71.4013595581, 71.8309249878, 72.2604980469, 72.6900634766, 73.1196365356, 73.5492019653, 73.9787750244, 74.4083404541, 74.8379135132, 75.2674789429, 75.697052002, 76.1266174316, 76.5561904907, 76.9857559204, 77.4153289795, 77.8448944092, 78.2744674683, 78.6924285889, 79.1219940186, 79.5515594482, 79.9811325073, 80.410697937, 80.8402709961, 81.2698364258, 81.6877975464, 82.1173706055, 82.5469360352, 82.9765090942, 83.4060745239, 83.835647583, 84.2652130127, 84.6947860718, 85.1243515015, 85.5423126221, 85.9718780518, 86.4014511108, 86.8310165405, 87.2605895996, 87.6785507202, 88.1081161499, 88.537689209, 88.9672546387, 89.3968200684, 89.8263931274, 90.2559585571, 90.6855316162, 91.1150970459, 91.544670105, 91.9742355347, 92.4038085938, 92.8333740234, 93.251335144, 93.6809082031, 94.0988616943, 94.5284347534, 94.9580001831, 95.3875732422, 95.8171386719, 96.246711731, 96.6762771606, 97.1058502197, 97.5470275879, 97.976600647, 98.4061660767, 98.8241271973, 99.253692627, 99.683265686, 100.112831116, 100.542404175, 100.971969604, 101.401542664, 101.831108093, 102.260681152, 102.690246582, 103.119819641, 103.549385071, 103.97895813, 104.40852356, 104.838096619, 105.267662048, 105.685623169, 106.115188599, 106.544761658, 106.962722778, 107.392288208, 107.821853638, 108.251426697, 108.680992126, 109.110565186, 109.540130615, 109.969703674, 110.399269104, 110.828842163, 111.258407593, 111.687980652, 112.12915802, 112.558731079, 112.988296509, 113.417869568, 113.847434998, 114.277008057, 114.706573486, 115.124534607, 115.554100037, 115.983673096, 116.413238525, 116.842811584, 117.272377014, 117.701950073, 118.119903564, 118.549476624, 118.979042053, 119.408615112, 119.826576233, 120.256141663, 120.685714722, 121.115280151, 121.55645752, 121.97441864, 122.403991699, 122.833557129, 123.263130188, 123.692695618, 124.122268677, 124.551834106, 124.981407166, 125.410972595, 125.840545654, 126.270111084, 126.699676514, 127.129249573, 127.558815002, 127.988388062, 128.406341553, 128.835922241, 129.265487671, 129.695053101, 130.12461853, 130.54258728, 130.97215271, 131.40171814, 131.831283569, 132.260864258, 132.690429688, 133.119995117, 133.549560547, 133.979141235, 134.408706665, 134.838272095, 135.267837524, 135.697418213, 136.126983643, 136.556549072, 136.986114502, 137.41569519, 137.833648682, 138.263214111, 138.692779541, 139.122360229, 139.551925659, 139.981491089, 140.411056519, 140.829025269, 141.258590698, 141.688156128, 142.117736816, 142.547302246, 142.976867676, 143.406433105, 143.836013794, 144.265579224, 144.695144653, 145.124710083, 145.554275513, 145.983856201, 146.413421631, 146.842987061, 147.27255249, 147.702133179, 148.131698608, 148.561264038, 148.979232788, 149.408798218, 149.838363647, 150.256317139, 150.685897827, 151.115463257, 151.545028687, 151.974594116, 152.404174805, 152.833740234, 153.263305664, 153.692871094, 154.122451782, 154.552017212, 154.981582642, 155.411148071, 155.84072876, 156.270294189, 156.699859619, 157.129425049, 157.559005737, 157.988571167, 158.418136597, 158.847702026, 159.265670776, 159.683624268, 160.113189697, 160.542770386, 160.972335815, 161.401901245, 161.831466675, 162.261047363, 162.702224731, 163.120178223, 163.549743652, 163.979324341, 164.408889771, 164.8384552, 165.26802063, 165.69758606, 166.127166748, 166.556732178, 166.986297607, 167.415863037, 167.845443726, 168.275009155, 168.704574585, 169.134140015, 169.552108765, 169.970062256, 170.399627686, 170.829208374, 171.258773804, 171.688339233, 172.117904663, 172.547485352, 172.977050781, 173.406616211, 173.836181641, 174.265762329, 174.695327759, 175.124893188, 175.554458618, 175.984039307, 176.413604736, 176.843170166, 177.272735596, 177.702316284, 178.120269775, 178.549835205, 178.979400635, 179.408981323, 179.838546753, 180.256500244, 180.686080933, 181.115646362, 181.545211792, 181.974777222, 182.40435791, 182.83392334, 183.26348877, 183.693054199, 184.122619629, 184.552200317, 184.981765747, 185.411331177, 185.840896606, 186.270477295, 186.700042725, 187.129608154, 187.559173584, 187.988754272, 188.406707764, 188.824661255, 189.254241943, 189.683807373, 190.113372803, 190.542938232, 190.972518921, 191.402084351, 191.889694214, 192.388931274, 192.888153076, 193.329345703, 193.78213501, 194.234924316, 194.676101685, 195.117279053, 195.558456421, 195.999633789, 196.452423096, 196.893600464, 197.346389771, 197.799179077, 198.251968384, 198.693145752, 199.13432312, 199.598724365, 200.051513672, 200.515914917, 200.968704224, 201.409881592, 201.85105896, 202.292236328, 202.733413696, 203.174606323, 203.592559814, 204.022125244, 204.451690674, 204.881271362, 205.310836792, 205.740402222, 206.169967651, 206.611160278, 207.052337646, 207.505126953, 207.95791626, 208.410705566, 208.851882935, 209.293060303, 209.82711792, 210.361175537, 210.906845093, 211.452514648, 211.998184204, 212.54385376, 213.089523315, 213.623580933, 214.064758301, 214.505935669, 214.947113037, 215.388290405, 215.829467773, 216.259048462, 216.688613892, 217.118179321, 217.547744751, 217.977325439, 218.406890869, 218.836456299, 219.254425049, 219.683990479, 220.113555908, 220.543121338, 220.972686768, 221.402267456, 221.831832886, 222.261398315, 222.690963745, 223.120544434, 223.550109863, 223.979675293, 224.409240723, 224.838821411, 225.268386841, 225.697952271, 226.1275177, 226.557098389, 226.986663818, 227.416229248, 227.845794678, 228.263763428, 228.693328857, 229.122894287, 229.552474976, 229.970428467, 230.399993896, 230.829559326, 231.259140015, 231.688705444, 232.118270874, 232.547836304, 232.977416992, 233.406982422, 233.836547852, 234.266113281, 234.69569397, 235.125259399, 235.554824829, 235.984390259, 236.413970947, 236.843536377, 237.273101807, 237.702667236, 238.132247925, 238.561813354, 238.991378784, 239.420944214, 239.838912964, 240.256866455, 240.686431885, 241.115997314, 241.545578003, 241.975143433, 242.404708862, 242.834274292, 243.26385498, 243.69342041, 244.12298584, 244.55255127, 244.982131958, 245.411697388, 245.841262817, 246.270828247, 246.700408936, 247.129974365, 247.559539795, 247.989105225, 248.407073975, 248.836639404, 249.266204834, 249.695770264, 250.125350952, 250.543304443, 250.972869873, 251.402450562, 251.832015991, 252.261581421, 252.691146851, 253.120727539, 253.550292969, 253.979858398, 254.409423828, 254.839004517, 255.268569946, 255.698135376, 256.127716064, 256.557281494, 256.986846924, 257.416412354, 257.845977783, 258.275543213, 258.693511963, 259.123077393, 259.552642822, 259.970611572, 260.400177002, 260.829742432, 261.259307861, 261.688873291, 262.118438721, 262.548034668, 262.977600098, 263.407165527, 263.836730957, 264.266296387, 264.695861816, 265.125427246, 265.554992676, 265.984588623, 266.414154053, 266.843719482, 267.273284912, 267.702850342, 268.132415771, 268.561981201, 268.979949951, 269.397918701, 269.827484131, 270.257049561, 270.68661499, 271.11618042, 271.54574585, 271.975311279, 272.404907227, 272.834472656, 273.264038086, 273.693603516, 274.123168945, 274.552734375, 274.982299805, 275.411865234, 275.829833984, 276.259399414, 276.688964844, 277.118530273, 277.548126221, 277.98928833, 278.41885376, 278.848419189, 279.277984619, 279.695953369, 280.125518799, 280.555084229, 280.984680176, 281.414245605, 281.843811035, 282.273376465, 282.702941895, 283.120910645, 283.550476074, 283.980041504, 284.409606934, 284.839172363, 285.268737793, 285.698303223, 286.12789917, 286.5574646, 286.987030029, 287.416595459, 287.834564209, 288.252502441, 288.682067871, 289.111663818, 289.529602051, 289.970794678, 290.411956787, 290.853149414, 291.282714844, 291.712280273, 292.130249023, 292.559814453, 292.989379883, 293.407348633, 293.836914062, 294.266479492, 294.696044922, 295.125610352, 295.555175781, 295.984771729, 296.414337158, 296.843902588, 297.273468018, 297.703033447, 298.132598877, 298.562164307, 298.991729736, 299.421295166, 299.862487793, 300.3152771, 300.768066406, 301.220855713, 301.67364502, 302.126434326, 302.590820312, 303.032012939, 303.473205566, 303.914367676, 304.367156982, 304.819946289, 305.272735596, 305.725524902, 306.178314209, 306.631103516, 307.083892822, 307.536682129, 307.977874756, 308.407440186, 308.837005615, 309.266571045, 309.696136475, 310.125701904, 310.555267334, 310.984832764, 311.414428711, 311.843994141, 312.27355957, 312.71472168, 313.155914307, 313.597106934, 314.038269043, 314.467834473, 314.9090271, 315.373413086, 315.83782959, 316.302215576, 316.755004883, 317.207794189, 317.660583496, 318.113372803, 318.55456543, 318.995727539, 319.436920166, 319.889709473, 320.330871582, 320.772064209, 321.224853516, 321.666015625, 322.107208252, 322.548370361, 322.977966309, 323.407531738, 323.837097168, 324.266662598, 324.696228027, 325.125793457, 325.625030518, 326.112640381, 326.611877441, 327.122711182, 327.633544922, 328.156005859, 328.6668396, 329.189300537, 329.711730957, 330.199371338, 330.698577881, 331.186218262, 331.673828125, 332.161437988, 332.660675049, 333.183135986, 333.705566406, 334.228027344, 334.738861084, 335.249694824, 335.772155762, 336.282989502, 336.793823242], "beats_loudness": {"dmean2": 0.123786330223, "median": 0.0601719915867, "min": 1.38672115457e-10, "dvar2": 0.0184666775167, "dvar": 0.00617312546819, "dmean": 0.0676234215498, "max": 0.4869351089, "var": 0.00681492267177, "mean": 0.0843269377947}, "danceability": 1.01429319382, "bpm_histogram_second_peak_weight": {"dmean2": 0, "median": 0.0398936159909, "min": 0.0398936159909, "dvar2": 0, "dvar": 0, "dmean": 0, "max": 0.0398936159909, "var": 0, "mean": 0.0398936159909}, "beats_count": 753, "bpm_histogram_second_peak_bpm": {"dmean2": 0, "median": 133, "min": 133, "dvar2": 0, "dvar": 0, "dmean": 0, "max": 133, "var": 0, "mean": 133}, "bpm_histogram_first_peak_spread": {"dmean2": 0, "median": 0.171561062336, "min": 0.171561062336, "dvar2": 0, "dvar": 0, "dmean": 0, "max": 0.171561062336, "var": 0, "mean": 0.171561062336}, "beats_loudness_band_ratio": {"dmean2": [0.331281423569, 0.153679892421, 0.127682387829, 0.110470317304, 0.0505684055388, 0.0539008453488], "median": [0.825670719147, 0.0573757998645, 0.0353891737759, 0.0213053897023, 0.00625930773094, 0.00257331971079], "min": [0.00938903540373, 0.000747173209675, 0.00059740053257, 0.000140676507726, 6.50251240586e-05, 1.10816827146e-05], "dvar2": [0.0834780484438, 0.0251342039555, 0.0248148292303, 0.0214446652681, 0.00283994083293, 0.00680581480265], "dvar": [0.034298941493, 0.00917048379779, 0.0093514546752, 0.00761692551896, 0.00106826110277, 0.002717604395], "dmean": [0.192531019449, 0.0889889448881, 0.0729997307062, 0.0613468810916, 0.0275731496513, 0.0298990234733], "max": [0.996046245098, 0.691117823124, 0.612724304199, 0.634198307991, 0.22831402719, 0.883131802082], "var": [0.0525241009891, 0.0152195645496, 0.0103172846138, 0.00619686627761, 0.00113439944107, 0.00619323085994], "mean": [0.760952115059, 0.107949085534, 0.0771449804306, 0.0509315244853, 0.0228453017771, 0.027901513502]}}, "lowlevel": {"barkbands_spread": {"dmean2": 7.50076961517, "median": 5.04538249969, "min": 0.0450271032751, "dvar2": 143.484313965, "dvar": 62.3839569092, "dmean": 4.70672702789, "max": 107.407188416, "var": 150.210510254, "mean": 10.1976547241}, "melbands_spread": {"dmean2": 8.51131057739, "median": 4.20653343201, "min": 0.143720254302, "dvar2": 298.248931885, "dvar": 114.039176941, "dmean": 5.02439880371, "max": 148.146438599, "var": 264.492279053, "mean": 9.47358894348}, "hfc": {"dmean2": 16.9961566925, "median": 6.05779600143, "min": 1.21351300154e-16, "dvar2": 1900.71875, "dvar": 715.513793945, "dmean": 10.2507143021, "max": 310.713195801, "var": 749.117370605, "mean": 14.7341651917}, "barkbands_kurtosis": {"dmean2": 35.6285629272, "median": 11.1952075958, "min": -1.95914685726, "dvar2": 6501.73095703, "dvar": 2551.82641602, "dmean": 22.0511798859, "max": 1929.89538574, "var": 4930.79296875, "mean": 37.7451133728}, "gfcc": {"mean": [-86.2321548462, 143.595901489, -91.2898101807, 36.2262382507, -33.0229949951, 11.1690158844, -15.9082489014, 10.5682840347, -10.0790376663, -1.19578027725, -3.49286627769, -2.28225636482, -2.88700985909], "icov": [[0.000149191400851, -0.000416236202, 0.000298428436508, -0.000475326611195, 0.000160297218827, -0.000568091112655, 9.38551092986e-05, -0.000496830558404, 0.000419434305513, -0.000495661981404, 0.000506832438987, -0.000557084742468, 0.000420413794927], [-0.000416236202, 0.00270393420942, -0.000972820213065, 0.00204711873084, -0.000811775331385, 0.00278719747439, -0.000778223329689, 0.00219883047976, -0.00183751934674, 0.00294798240066, -0.00270687276497, 0.00331251113676, -0.00224700407125], [0.000298428436508, -0.000972820213065, 0.00240502669476, -0.000945233739913, -9.23070911085e-05, -0.00128600827884, 0.000209898673347, -0.00196122773923, 0.0012790276669, -0.00143897766247, 0.00117378507275, -0.00142298929859, 0.00147782661952], [-0.000475326611195, 0.00204711873084, -0.000945233739913, 0.00471551483497, -0.0010845126817, 0.00199336791411, -0.000651385809761, 0.0028225723654, -0.00242106686346, 0.0017008590512, -0.00199324497953, 0.00214995420538, -0.00120156351477], [0.000160297218827, -0.000811775331385, -9.23070911085e-05, -0.0010845126817, 0.00355186243542, -0.000475167558761, -0.0015278251376, -0.000432608678238, -0.000444687932031, -0.000219650348299, 0.00186491990462, -0.00183880282566, 0.00121104775462], [-0.000568091112655, 0.00278719747439, -0.00128600827884, 0.00199336791411, -0.000475167558761, 0.00793430954218, -0.00204793224111, 0.00152215617709, -0.00125162128825, 0.000602200278081, -0.00146415759809, 0.00242073158734, -0.00106813490856], [9.38551092986e-05, -0.000778223329689, 0.000209898673347, -0.000651385809761, -0.0015278251376, -0.00204793224111, 0.00579513795674, -0.000764255994, 0.000130223692395, -0.00185343285557, -0.00208857958205, 0.0011434762273, -0.00194749981165], [-0.000496830558404, 0.00219883047976, -0.00196122773923, 0.0028225723654, -0.000432608678238, 0.00152215617709, -0.000764255994, 0.0111545724794, -0.00481612887233, 0.000830353586935, -0.000240835579461, -0.000432171305874, -0.00075063976692], [0.000419434305513, -0.00183751934674, 0.0012790276669, -0.00242106686346, -0.000444687932031, -0.00125162128825, 0.000130223692395, -0.00481612887233, 0.0109513318166, -0.00200068438426, -0.00103248702362, -0.000297852879157, -0.00155616702978], [-0.000495661981404, 0.00294798240066, -0.00143897766247, 0.0017008590512, -0.000219650348299, 0.000602200278081, -0.00185343285557, 0.000830353586935, -0.00200068438426, 0.0127318101004, -0.00340295955539, 0.000752590945922, -0.000958457181696], [0.000506832438987, -0.00270687276497, 0.00117378507275, -0.00199324497953, 0.00186491990462, -0.00146415759809, -0.00208857958205, -0.000240835579461, -0.00103248702362, -0.00340295955539, 0.0151884667575, -0.00453097233549, -0.000988061423413], [-0.000557084742468, 0.00331251113676, -0.00142298929859, 0.00214995420538, -0.00183880282566, 0.00242073158734, 0.0011434762273, -0.000432171305874, -0.000297852879157, 0.000752590945922, -0.00453097233549, 0.0155684417114, -0.00515763135627], [0.000420413794927, -0.00224700407125, 0.00147782661952, -0.00120156351477, 0.00121104775462, -0.00106813490856, -0.00194749981165, -0.00075063976692, -0.00155616702978, -0.000958457181696, -0.000988061423413, -0.00515763135627, 0.0190009120852]], "cov": [[20206.4550781, -2859.51757812, -309.689697266, 859.468505859, -432.391448975, 1447.36340332, -351.863128662, 623.276855469, -567.373596191, 806.878662109, -616.653991699, 557.945739746, -495.713043213], [-2859.51757812, 4357.51953125, -553.241333008, -315.656982422, 308.180664062, -1059.81188965, 452.330993652, -553.18762207, 443.433441162, -709.577270508, 522.155029297, -548.007995605, 425.860534668], [-309.689697266, -553.241333008, 722.435058594, 17.3211135864, 64.4833374023, 175.094924927, -29.545331955, 153.398742676, -64.6441497803, 128.772994995, -86.2830047607, 97.4393920898, -81.7375946045], [859.468505859, -315.656982422, 17.3211135864, 394.401519775, 65.9528503418, 74.3229598999, 33.4360923767, 1.84341800213, 18.2241401672, 55.3589630127, -10.1120920181, 27.6227893829, -18.0203361511], [-432.391448975, 308.180664062, 64.4833374023, 65.9528503418, 427.926300049, -43.6151161194, 166.127456665, -10.3953542709, 83.9492492676, -29.0120220184, 36.2716674805, -14.0878810883, 35.5315933228], [1447.36340332, -1059.81188965, 175.094924927, 74.3229598999, -43.6151161194, 466.143371582, -22.2240524292, 155.056259155, -100.406097412, 212.778518677, -117.86882782, 131.215026855, -101.443954468], [-351.863128662, 452.330993652, -29.545331955, 33.4360923767, 166.127456665, -22.2240524292, 353.370147705, -31.3372688293, 107.012825012, -10.2523469925, 119.488059998, -53.1394309998, 88.8686904907], [623.276855469, -553.18762207, 153.398742676, 1.84341800213, -10.3953542709, 155.056259155, -31.3372688293, 214.659667969, -11.6983394623, 114.700187683, -65.4297409058, 95.6549377441, -48.9862136841], [-567.373596191, 443.433441162, -64.6441497803, 18.2241401672, 83.9492492676, -100.406097412, 107.012825012, -11.6983394623, 194.079025269, -48.0396614075, 93.1452178955, -47.3653793335, 76.1430053711], [806.878662109, -709.577270508, 128.772994995, 55.3589630127, -29.0120220184, 212.778518677, -10.2523469925, 114.700187683, -48.0396614075, 228.728897095, -56.4490890503, 103.726112366, -58.16639328], [-616.653991699, 522.155029297, -86.2830047607, -10.1120920181, 36.2716674805, -117.86882782, 119.488059998, -65.4297409058, 93.1452178955, -56.4490890503, 169.730102539, -46.1410598755, 83.2711715698], [557.945739746, -548.007995605, 97.4393920898, 27.6227893829, -14.0878810883, 131.215026855, -53.1394309998, 95.6549377441, -47.3653793335, 103.726112366, -46.1410598755, 159.748016357, -34.0606079102], [-495.713043213, 425.860534668, -81.7375946045, -18.0203361511, 35.5315933228, -101.443954468, 88.8686904907, -48.9862136841, 76.1430053711, -58.16639328, 83.2711715698, -34.0606079102, 116.768974304]]}, "spectral_energyband_middle_low": {"dmean2": 0.00631895521656, "median": 0.00337840407155, "min": 3.07592265511e-22, "dvar2": 0.000172119878698, "dvar": 7.08918669261e-05, "dmean": 0.00384856504388, "max": 0.0936117172241, "var": 7.11601096555e-05, "mean": 0.00572730368003}, "melbands_crest": {"dmean2": 6.18008089066, "median": 21.4030799866, "min": 1.55762982368, "dvar2": 29.9343719482, "dvar": 11.8284406662, "dmean": 3.71125507355, "max": 36.8312492371, "var": 47.7358512878, "mean": 20.7444190979}, "spectral_kurtosis": {"dmean2": 8.88562965393, "median": 6.77826881409, "min": -1.17616832256, "dvar2": 145.751785278, "dvar": 46.5753479004, "dmean": 5.151283741, "max": 160.369750977, "var": 113.898674011, "mean": 10.9469146729}, "spectral_rms": {"dmean2": 0.00251148617826, "median": 0.00539849698544, "min": 3.24605034692e-12, "dvar2": 9.76631963567e-06, "dvar": 4.28012799603e-06, "dmean": 0.00153837201651, "max": 0.0235262159258, "var": 1.73568059836e-05, "mean": 0.00660006282851}, "zerocrossingrate": {"dmean2": 0.00871477089822, "median": 0.0146484375, "min": 0.001953125, "dvar2": 0.000132555127493, "dvar": 0.00011561113206, "dmean": 0.00743368407711, "max": 0.521484375, "var": 0.00296586705372, "mean": 0.0294973291457}, "silence_rate_60dB": {"dmean2": 0.0195256099105, "median": 0, "min": 0, "dvar2": 0.0239510387182, "dvar": 0.00966417696327, "dmean": 0.00976213347167, "max": 1, "var": 0.0394798181951, "mean": 0.0411768741906}, "erbbands_kurtosis": {"dmean2": 3.2271091938, "median": 0.426173210144, "min": -1.91343104839, "dvar2": 88.6760406494, "dvar": 30.1260757446, "dmean": 1.8609251976, "max": 95.3136062622, "var": 20.7160129547, "mean": 1.46146655083}, "erbbands": {"dmean2": [1.05898952484, 8.96342945099, 13.080198288, 10.265296936, 10.4106826782, 10.5685338974, 7.31428813934, 7.48269271851, 12.2049236298, 8.33031654358, 5.8061671257, 8.73213672638, 14.002453804, 12.6018838882, 21.4103069305, 25.2876491547, 35.6166267395, 30.0376319885, 18.7632904053, 31.5736312866, 45.2302246094, 94.638710022, 22.3057250977, 14.7652435303, 15.2955493927, 6.65096473694, 7.13764953613, 5.04900169373, 4.90138196945, 3.18657684326, 2.13181972504, 1.62219023705, 0.901622712612, 0.627571165562, 0.321194201708, 0.241884991527, 0.0833471938968, 0.0116520458832, 0.000789681973401, 6.07317197137e-05], "median": [0.312983363867, 2.64237928391, 4.35364246368, 2.19765806198, 2.01373529434, 2.43463659286, 2.08912539482, 2.77094864845, 7.24608659744, 4.50045871735, 2.28465533257, 3.15270757675, 5.2841835022, 3.1480255127, 3.03873085976, 1.97072148323, 1.92525959015, 1.68878006935, 0.973752617836, 1.01141250134, 1.23641717434, 1.23747348785, 1.07481431961, 0.557072162628, 0.649314463139, 0.433264434338, 0.26903295517, 0.175069987774, 0.0789147019386, 0.0379950515926, 0.018869144842, 0.0103905340657, 0.00578634627163, 0.00312304589897, 0.00132531230338, 0.000808223208878, 0.000282594352029, 7.5242605817e-05, 4.0678492951e-05, 4.19171701651e-05], "min": [7.72996142489e-22, 5.96036743771e-21, 1.61231217721e-20, 4.95561320041e-20, 7.82035808906e-20, 9.65182837684e-20, 2.46099001835e-19, 2.9241124167e-19, 8.4644006555e-19, 1.5771490848e-18, 2.2347270661e-18, 7.83002498699e-19, 1.2143493225e-18, 3.88047258474e-18, 5.55849117537e-18, 2.71550077493e-18, 5.42271899039e-18, 6.24786101633e-18, 8.07055969994e-18, 3.33893542888e-18, 8.692061026e-18, 5.34295230956e-18, 1.4407133769e-17, 1.05483965956e-17, 1.11522276895e-17, 1.19493502129e-17, 1.8547397728e-17, 2.51738456622e-17, 2.29507762592e-17, 1.80812665635e-17, 1.94330864796e-17, 1.45357487737e-17, 1.47423007358e-17, 1.14437972748e-17, 7.96641352492e-18, 5.6170187532e-18, 3.19881909813e-18, 1.24787288477e-18, 3.7860421113e-19, 3.98641666268e-20], "dvar2": [4.16307163239, 307.602935791, 651.83795166, 480.514129639, 608.336547852, 820.90802002, 329.121917725, 402.015319824, 373.206176758, 613.728149414, 201.563674927, 596.37902832, 921.496826172, 1486.91674805, 4616.17480469, 8133.89501953, 18010.8398438, 11136.9013672, 4972.13867188, 13631.0507812, 28505.4433594, 141078.09375, 4353.23632812, 2647.65551758, 3459.59301758, 465.479400635, 522.585083008, 238.222763062, 235.908050537, 84.8303527832, 37.3416633606, 20.349653244, 6.10814571381, 4.64664888382, 0.975816547871, 0.589273989201, 0.0687953159213, 0.00142952264287, 7.93504932517e-06, 1.11538209779e-08], "dvar": [1.58776175976, 119.698173523, 240.718276978, 184.645355225, 224.643798828, 285.475036621, 118.542724609, 154.045669556, 147.2059021, 218.751449585, 75.5657043457, 218.595108032, 376.0206604, 605.988647461, 1782.20019531, 3027.04052734, 6453.59619141, 4054.76586914, 1812.68334961, 4851.07177734, 9969.20996094, 48410.4140625, 1516.3371582, 923.163635254, 1205.24902344, 182.054504395, 219.605010986, 120.930854797, 96.7883529663, 41.1379966736, 18.6805496216, 9.63786888123, 2.90896201134, 1.79081606865, 0.407753437757, 0.251454412937, 0.029674205929, 0.000677274307236, 3.38769791597e-06, 4.75365125041e-09], "dmean": [0.640944898129, 5.32076883316, 7.69343137741, 6.08056592941, 6.07293224335, 5.88687324524, 4.23113059998, 4.49417161942, 7.37327575684, 5.08005952835, 3.50794458389, 5.25637722015, 8.87279415131, 7.63630723953, 12.9418668747, 14.7645511627, 20.2135334015, 17.3616409302, 11.1706705093, 17.8838806152, 24.9339084625, 50.058013916, 12.2991609573, 8.25697803497, 8.48048305511, 4.01106977463, 4.44343852997, 3.3985786438, 3.10548305511, 2.11862921715, 1.4660255909, 1.10157382488, 0.636244952679, 0.412408083677, 0.224340796471, 0.165259316564, 0.0575855523348, 0.00820731837302, 0.000496356340591, 3.77209180442e-05], "max": [14.4999780655, 124.653358459, 176.918045044, 152.284698486, 216.287643433, 213.823791504, 140.019592285, 283.110931396, 238.902954102, 319.52557373, 146.815261841, 259.711730957, 326.817443848, 576.844543457, 857.58416748, 930.607910156, 1433.82836914, 1044.74072266, 1742.76965332, 1618.97839355, 1428.30200195, 2064.29443359, 405.807434082, 423.366821289, 376.652038574, 184.049591064, 217.841537476, 132.920120239, 113.609657288, 80.9714126587, 47.7062759399, 33.1141242981, 19.8657398224, 22.0001525879, 8.09956741333, 5.0304107666, 1.7792468071, 0.319808185101, 0.0346837155521, 0.000685344450176], "var": [2.80639338493, 213.226501465, 486.094146729, 161.028259277, 171.446807861, 182.650283813, 87.0649642944, 206.712249756, 246.805404663, 196.241119385, 131.500473022, 237.25970459, 735.385742188, 700.826782227, 1992.98718262, 2369.69165039, 4543.77099609, 3061.27856445, 1491.99450684, 3413.453125, 6286.75439453, 26609.7265625, 1064.66271973, 721.80871582, 893.335632324, 246.854187012, 382.134429932, 244.827880859, 161.617858887, 81.7642669678, 36.6061859131, 18.4813156128, 5.38735198975, 1.91620659828, 0.496233135462, 0.288463741541, 0.0349867716432, 0.000874214456417, 3.3911594528e-06, 8.67824834216e-09], "mean": [1.20613920689, 10.0517663956, 12.3020343781, 6.32130527496, 5.9470038414, 5.98108291626, 4.78040027618, 6.67934799194, 12.5279102325, 8.25853633881, 5.61553430557, 7.76223182678, 15.2892370224, 9.48447036743, 14.387676239, 13.8758506775, 16.8961086273, 15.0725030899, 10.5717687607, 14.3424520493, 18.0807723999, 31.766204834, 10.3631229401, 7.76667642593, 8.04539394379, 5.35982275009, 6.13680505753, 4.80824375153, 4.0652384758, 2.94756317139, 2.10515356064, 1.58185780048, 0.935749590397, 0.513934373856, 0.274563521147, 0.186175689101, 0.0635565668344, 0.00964653771371, 0.000492733088322, 7.90699050413e-05]}, "spectral_strongpeak": {"dmean2": 0.392620950937, "median": 0.43536990881, "min": 0, "dvar2": 0.462067186832, "dvar": 0.166357770562, "dmean": 0.229095965624, "max": 5.34631490707, "var": 0.243941515684, "mean": 0.555241823196}, "spectral_energy": {"dmean2": 0.0458523742855, "median": 0.0298723652959, "min": 1.08002646136e-20, "dvar2": 0.00635055685416, "dvar": 0.00259754457511, "dmean": 0.0277438443154, "max": 0.5673199296, "var": 0.00517691997811, "mean": 0.062440559268}, "average_loudness": 0.601177573204, "spectral_rolloff": {"dmean2": 495.84197998, "median": 215.33203125, "min": 64.599609375, "dvar2": 1147374, "dvar": 469176.5, "dmean": 286.246276855, "max": 18755.4199219, "var": 3487503.75, "mean": 641.778991699}, "spectral_centroid": {"dmean2": 376.021453857, "median": 518.126342773, "min": 80.7447814941, "dvar2": 280811.71875, "dvar": 121450.328125, "dmean": 237.422683716, "max": 11230.3261719, "var": 484811.5625, "mean": 806.890625}, "pitch_salience": {"dmean2": 0.16488713026, "median": 0.389967918396, "min": 0.0155986063182, "dvar2": 0.0233988799155, "dvar": 0.00980500224978, "dmean": 0.101622723043, "max": 0.958499073982, "var": 0.0390578173101, "mean": 0.37695401907}, "spectral_energyband_middle_high": {"dmean2": 0.00550629384816, "median": 0.000648809131235, "min": 1.46481276754e-21, "dvar2": 0.00027137203142, "dvar": 9.83468853519e-05, "dmean": 0.00319181219675, "max": 0.128383010626, "var": 7.58464811952e-05, "mean": 0.00308475154452}, "spectral_contrast_coeffs": {"dmean2": [0.0909866765141, 0.0716762468219, 0.0610524602234, 0.0457073003054, 0.0444756783545, 0.0368418470025], "median": [-0.670244634151, -0.745806157589, -0.794987261295, -0.825315237045, -0.817167341709, -0.781447410583], "min": [-0.978092968464, -0.964198112488, -0.969501137733, -0.977235615253, -0.955314159393, -0.962075591087], "dvar2": [0.00526951765642, 0.00332017848268, 0.00235455157235, 0.00141059211455, 0.00229374109767, 0.00131676997989], "dvar": [0.00194235576782, 0.00120708055329, 0.000888694892637, 0.000538180582225, 0.000918875914067, 0.000541720713954], "dmean": [0.0540645644069, 0.0432286076248, 0.0367656834424, 0.0275560058653, 0.0269204396755, 0.0229884050786], "max": [-0.343171626329, -0.507707536221, -0.557763457298, -0.576639592648, -0.56189852953, -0.504630982876], "var": [0.00646537914872, 0.00426335260272, 0.00333457044326, 0.00148357625585, 0.00193075661082, 0.00265577551909], "mean": [-0.667987763882, -0.742184102535, -0.791483581066, -0.821203589439, -0.810671567917, -0.773556947708]}, "melbands_skewness": {"dmean2": 2.35083699226, "median": 4.13313436508, "min": -1.43319368362, "dvar2": 6.6087679863, "dvar": 2.76940107346, "dmean": 1.49902033806, "max": 21.0868396759, "var": 11.6901445389, "mean": 5.11594629288}, "spectral_spread": {"dmean2": 825599.625, "median": 3016041, "min": 488557.6875, "dvar2": 1018785169410.0, "dvar": 556516900864, "dmean": 576783.25, "max": 39701044, "var": 4717769916420.0, "mean": 3825079.75}, "dissonance": {"dmean2": 0.0420685485005, "median": 0.463971614838, "min": 0.10112439096, "dvar2": 0.00223551620729, "dvar": 0.000807994103525, "dmean": 0.0247587058693, "max": 0.5, "var": 0.00144694023766, "mean": 0.454143643379}, "spectral_skewness": {"dmean2": 0.779997229576, "median": 2.0515089035, "min": -0.0397732108831, "dvar2": 0.825248062611, "dvar": 0.273961573839, "dmean": 0.469018161297, "max": 8.84627437592, "var": 1.00623238087, "mean": 2.22256183624}, "spectral_flux": {"dmean2": 0.0640779063106, "median": 0.0670998394489, "min": 1.03924320538e-10, "dvar2": 0.00803873687983, "dvar": 0.00369950989261, "dmean": 0.0400863140821, "max": 0.626924812794, "var": 0.00776264676824, "mean": 0.0999056696892}, "spectral_contrast_valleys": {"dmean2": [0.702030181885, 0.62396889925, 0.644540786743, 0.646033167839, 0.555949091911, 0.576414167881], "median": [-6.89375591278, -7.04516649246, -7.78585577011, -8.44783496857, -8.65123271942, -12.3260393143], "min": [-26.8478660583, -27.7386226654, -27.3942432404, -27.3184070587, -27.4746208191, -27.2031974792], "dvar2": [0.346142858267, 0.35622