{"tonal": {"thpcp": [1, 0.652763128281, 0.339150190353, 0.456986010075, 0.510093271732, 0.43969476223, 0.486127823591, 0.450388818979, 0.299847751856, 0.261173933744, 0.275400310755, 0.274563401937, 0.419332563877, 0.480291932821, 0.318257987499, 0.242046520114, 0.267755120993, 0.342215418816, 0.538315832615, 0.650635063648, 0.568715810776, 0.503572523594, 0.447126895189, 0.394893050194, 0.462922990322, 0.495284795761, 0.427116185427, 0.546988248825, 0.65199971199, 0.474365919828, 0.340781420469, 0.326601088047, 0.365450829268, 0.634161651134, 0.855625510216, 0.9473939538], "hpcp": {"dmean2": [0.21109393239, 0.231427654624, 0.181422740221, 0.156323745847, 0.174656867981, 0.222641468048, 0.274255931377, 0.310790151358, 0.312333315611, 0.305833846331, 0.283958941698, 0.259874045849, 0.258567363024, 0.254535228014, 0.239822357893, 0.265131741762, 0.291524559259, 0.264325410128, 0.224279791117, 0.214124768972, 0.243292182684, 0.330772250891, 0.366103351116, 0.451693058014, 0.613172709942, 0.427402585745, 0.240429326892, 0.238637194037, 0.239002153277, 0.236794084311, 0.258102864027, 0.227904289961, 0.17712906003, 0.148239120841, 0.145712584257, 0.157622382045], "median": [0.0619674213231, 0.0663823634386, 0.0463973879814, 0.0335830897093, 0.0333098545671, 0.0395516455173, 0.0719178840518, 0.0901549607515, 0.0793045610189, 0.0577664673328, 0.0507318787277, 0.0504738986492, 0.0621210671961, 0.0574413016438, 0.0588007606566, 0.0722137615085, 0.0752020776272, 0.0543044432998, 0.041068829596, 0.0407565534115, 0.0491082444787, 0.0935750603676, 0.113499835134, 0.198191851377, 0.173488348722, 0.0976084247231, 0.0411166101694, 0.0614377036691, 0.0742271840572, 0.0758243501186, 0.0631650537252, 0.0522350743413, 0.0441343262792, 0.0438578762114, 0.0426110513508, 0.0422345250845], "min": [0, 0, 0, 0, 0, 0, 0, 0, 0, 0, 0, 0, 0, 0, 0, 0, 0, 0, 0, 0, 0, 0, 0, 0, 0, 0, 0, 0, 0, 0, 0, 0, 0, 0, 0, 0], "dvar2": [0.0914932712913, 0.101313002408, 0.0787967965007, 0.0684369951487, 0.0851955488324, 0.11545522511, 0.126149326563, 0.144274786115, 0.146267309785, 0.152591183782, 0.146612554789, 0.121605277061, 0.118910342455, 0.120507270098, 0.109074652195, 0.114830635488, 0.134277775884, 0.127270370722, 0.109524428844, 0.104588858783, 0.107446886599, 0.150490671396, 0.16782143712, 0.161363348365, 0.278474956751, 0.181882664561, 0.102410681546, 0.0974211841822, 0.0938090309501, 0.0855252146721, 0.111930564046, 0.0987614095211, 0.0765270069242, 0.0552491135895, 0.0584801025689, 0.0699811205268], "dvar": [0.0336135216057, 0.0395411923528, 0.0287504959852, 0.0249060522765, 0.0305765066296, 0.0425385944545, 0.0486914478242, 0.054071597755, 0.0540122687817, 0.0564526095986, 0.053401760757, 0.04377085343, 0.0442457906902, 0.0453560762107, 0.0403271503747, 0.0442619286478, 0.0549218133092, 0.0472429394722, 0.0398386158049, 0.0375231690705, 0.0387453362346, 0.0539578609169, 0.0679330602288, 0.0592542253435, 0.106678240001, 0.0692689418793, 0.0387088991702, 0.0365880131721, 0.036241337657, 0.0311476755887, 0.0419624075294, 0.0372799634933, 0.0274152588099, 0.0200199726969, 0.0217043366283, 0.0251294020563], "dmean": [0.121586896479, 0.134150952101, 0.103212811053, 0.0874851793051, 0.0971998870373, 0.124323397875, 0.156803354621, 0.175496533513, 0.177681788802, 0.170546665788, 0.157859385014, 0.146023094654, 0.146246016026, 0.144405320287, 0.136112928391, 0.153067111969, 0.169459328055, 0.149296864867, 0.124892704189, 0.118935093284, 0.134610891342, 0.188058391213, 0.210045129061, 0.255867302418, 0.340364396572, 0.238848894835, 0.133618474007, 0.138612389565, 0.139676183462, 0.136208027601, 0.146699815989, 0.130683347583, 0.099065810442, 0.0829567983747, 0.0826684758067, 0.0885353386402], "max": [1, 1, 1, 1, 1, 1, 1, 1, 1, 1, 1, 1, 1, 1, 1, 1, 1, 1, 1, 1, 1, 1, 1, 1, 1, 1, 1, 1, 1, 1, 1, 1, 1, 1, 1, 1], "var": [0.0389234125614, 0.0516248904169, 0.0256995595992, 0.0202739331871, 0.0260691419244, 0.0388046838343, 0.0621525645256, 0.0801749974489, 0.0631008595228, 0.0619773343205, 0.0554992891848, 0.038674082607, 0.0497056618333, 0.0603318922222, 0.0424931049347, 0.0587319619954, 0.0883803889155, 0.0530748441815, 0.0342090651393, 0.0327818803489, 0.033760227263, 0.0661060959101, 0.113614812493, 0.0940235853195, 0.125926211476, 0.0693405792117, 0.0327974930406, 0.0458807088435, 0.0544921308756, 0.0349561646581, 0.0553037300706, 0.0539278127253, 0.0247289910913, 0.0176368039101, 0.023037718609, 0.02248875238], "mean": [0.141170248389, 0.161692500114, 0.107143029571, 0.0814860835671, 0.0901410058141, 0.115208409727, 0.18122652173, 0.219039306045, 0.191460818052, 0.169530019164, 0.150527343154, 0.132942572236, 0.155845165253, 0.166739925742, 0.143790647388, 0.184146121144, 0.219498723745, 0.15969748795, 0.114725641906, 0.109951771796, 0.123030714691, 0.213493451476, 0.288050293922, 0.318944573402, 0.336654633284, 0.219755724072, 0.114176481962, 0.153846457601, 0.171725273132, 0.148025274277, 0.163657188416, 0.151625484228, 0.100945129991, 0.0879254192114, 0.0927147865295, 0.0924330428243]}, "tuning_equal_tempered_deviation": 0.21483695507, "chords_changes_rate": 0.086277730763, "key_key": "F", "tuning_diatonic_strength": 0.441237896681, "key_scale": "major", "chords_number_rate": 0.00246507814154, "tuning_frequency": 434.193115234, "tuning_nontempered_energy_ratio": 0.900304496288, "chords_histogram": [0.883319616318, 6.16269493103, 8.73048496246, 16.7830734253, 7.10764169693, 8.50451946259, 4.10846328735, 7.06655693054, 11.6885786057, 4.64256381989, 12.3870172501, 0, 0.760065734386, 0.760065734386, 1.33525061607, 0.554642558098, 0.308134764433, 0.451930969954, 0, 0.0821692720056, 0, 0, 0.287592440844, 7.39523410797], "key_strength": 0.573558449745, "chords_key": "E", "chords_strength": {"dmean2": 0.013439132832, "median": 0.49536973238, "min": -1, "dvar2": 0.000955810945015, "dvar": 0.000481724360725, "dmean": 0.0122851533815, "max": 0.784955859184, "var": 0.0238861963153, "mean": 0.487490862608}, "chords_scale": "minor", "hpcp_entropy": {"dmean2": 1.18536388874, "median": 2.27654647827, "min": 0, "dvar2": 0.852346420288, "dvar": 0.310486465693, "dmean": 0.702343642712, "max": 4.49535179138, "var": 0.625959455967, "mean": 2.2764108181}}, "metadata": {"audio_properties": {"equal_loudness": 0, "codec": "mp3", "downmix": "mix", "sample_rate": 44100, "analysis_sample_rate": 44100, "bit_rate": 256030, "md5_encoded": "0fb48185b9df027235e4de4c2cb2841e", "length": 226.011428833, "replay_gain": -14.7678165436, "lossless": false}, "version": {"essentia_build_sha": "70f2e5ece6736b2c40cc944ad0e695b16b925413", "essentia": "2.1-beta2", "extractor": "music 1.0", "essentia_git_sha": "v2.1_beta2"}, "tags": {"title": ["Running in Menace"], "artist": ["Enforcer"], "date": ["2010"], "genre": ["Rock"], "length": ["226"], "album": ["Take Me to Hell"], "tracknumber": ["4"], "discnumber": ["1"], "musicbrainz_recordingid": ["0cfaec3c-80ef-4917-8def-d3487b617656"], "file_name": "2100600.mp3"}}, "rhythm": {"bpm_histogram_first_peak_bpm": {"dmean2": 0, "median": 157, "min": 157, "dvar2": 0, "dvar": 0, "dmean": 0, "max": 157, "var": 0, "mean": 157}, "bpm": 154.68321228, "bpm_histogram_second_peak_spread": {"dmean2": 0, "median": 0.0389610528946, "min": 0.0389610528946, "dvar2": 0, "dvar": 0, "dmean": 0, "max": 0.0389610528946, "var": 0, "mean": 0.0389610528946}, "bpm_histogram_first_peak_weight": {"dmean2": 0, "median": 0.536332190037, "min": 0.536332190037, "dvar2": 0, "dvar": 0, "dmean": 0, "max": 0.536332190037, "var": 0, "mean": 0.536332190037}, "onset_rate": 3.77837586403, "beats_position": [0.429569154978, 0.847528338432, 1.25387752056, 1.66022670269, 2.06657600403, 2.48453521729, 2.89088439941, 3.29723358154, 3.70358276367, 4.09832191467, 4.49306106567, 4.88780021667, 5.2941493988, 5.6888885498, 6.08362817764, 6.47836732864, 6.87310647964, 7.26784563065, 7.66258478165, 8.06893444061, 8.48689365387, 8.893242836, 9.31120204926, 9.72916126251, 10.1239004135, 10.5186395645, 10.9133787155, 11.2965078354, 11.6796369553, 12.0743761063, 12.4691152573, 12.8522443771, 13.235373497, 13.6301136017, 14.0132427216, 14.4079818726, 14.7911109924, 15.1742401123, 15.5573692322, 15.9404983521, 16.3236274719, 16.7183666229, 17.1014957428, 17.4846248627, 17.8793640137, 18.2741031647, 18.6688423157, 19.0519733429, 19.4351024628, 19.8298416138, 20.2129707336, 20.5960998535, 20.9908390045, 21.3739681244, 21.7570972443, 22.1518363953, 22.5349655151, 22.918094635, 23.312833786, 23.707572937, 24.0790920258, 24.4738311768, 24.8569602966, 25.2400894165, 25.6348285675, 26.0179595947, 26.4010887146, 26.7958278656, 27.1789569855, 27.5736961365, 27.9568252563, 28.3515644073, 28.7230834961, 29.1178226471, 29.500951767, 29.8840808868, 30.2788200378, 30.6619491577, 31.0450782776, 31.4398174286, 31.8229465485, 32.2060775757, 32.5892066956, 32.9723358154, 33.3438529968, 33.7385940552, 34.1333312988, 34.5280723572, 34.9112014771, 35.2943305969, 35.6890678406, 36.0722007751, 36.455329895, 36.8500671387, 37.2331962585, 37.6163253784, 38.0110664368, 38.3941955566, 38.7773246765, 39.1720619202, 39.55519104, 39.9499320984, 40.3330612183, 40.7277984619, 41.1109275818, 41.4940567017, 41.88879776, 42.2719268799, 42.6550559998, 43.0381851196, 43.4213142395, 43.8160552979, 44.1991844177, 44.5823135376, 44.9770507812, 45.3717918396, 45.743309021, 46.1380500793, 46.532787323, 46.9275283813, 47.3106575012, 47.6937866211, 48.0653038025, 48.4600448608, 48.8431739807, 49.2263031006, 49.6210403442, 50.0157814026, 50.3989105225, 50.7820396423, 51.1651687622, 51.5482978821, 51.9430389404, 52.3377761841, 52.720905304, 53.1040344238, 53.4871635437, 53.8702926636, 54.2650337219, 54.6597709656, 55.0312919617, 55.4260292053, 55.8207702637, 56.2155075073, 56.5986366272, 56.9817695618, 57.3765068054, 57.7712478638, 58.1543769836, 58.5375061035, 58.9206352234, 59.3037643433, 59.6868934631, 60.070022583, 60.4647598267, 60.8478889465, 61.2310180664, 61.6257591248, 62.0088882446, 62.3920173645, 62.7867546082, 63.1814956665, 63.5530128479, 63.9477539062, 64.3308868408, 64.714012146, 65.1087493896, 65.5034942627, 65.8866195679, 66.2697525024, 66.6644897461, 67.0476150513, 67.4307479858, 67.8254852295, 68.1970062256, 68.5917434692, 68.9748764038, 69.3696136475, 69.7643508911, 70.1474838257, 70.5306091309, 70.9137420654, 71.2968673706, 71.6800003052, 72.0747375488, 72.4694747925, 72.8642196655, 73.2473449707, 73.6304779053, 74.0252151489, 74.4083404541, 74.7914733887, 75.1862106323, 75.5693435669, 75.9524688721, 76.3356018066, 76.7187271118, 77.1134643555, 77.49659729, 77.8797302246, 78.2744674683, 78.6692047119, 79.0523376465, 79.4354629517, 79.8185958862, 80.2017211914, 80.5964584351, 80.9912033081, 81.3743286133, 81.7574615479, 82.1289749146, 82.5237197876, 82.9184570312, 83.3131942749, 83.7079315186, 84.0910644531, 84.4741897583, 84.8573226929, 85.2404556274, 85.6235809326, 86.0067138672, 86.4014511108, 86.784576416, 87.1793212891, 87.5624465942, 87.9571838379, 88.328704834, 88.7234420776, 89.1065750122, 89.4897003174, 89.872833252, 90.2559585571, 90.6507034302, 91.0454406738, 91.4169616699, 91.8000869751, 92.1832199097, 92.5779571533, 92.972694397, 93.36743927, 93.7505645752, 94.1336975098, 94.5284347534, 94.9115600586, 95.2946929932, 95.6894302368, 96.0725631714, 96.467300415, 96.8504257202, 97.2335586548, 97.61668396, 98.011428833, 98.3945541382, 98.7892990112, 99.1840362549, 99.5671615601, 99.9502944946, 100.3334198, 100.728164673, 101.111289978, 101.494422913, 101.877548218, 102.260681152, 102.655418396, 103.038543701, 103.421676636, 103.816413879, 104.199546814, 104.582672119, 104.977409363, 105.372154236, 105.766891479, 106.150024414, 106.533149719, 106.904670715, 107.299407959, 107.682540894, 108.065666199, 108.460403442, 108.855148315, 109.238273621, 109.633010864, 110.016143799, 110.399269104, 110.782402039, 111.177139282, 111.560272217, 111.943397522, 112.326530457, 112.709655762, 113.104400635, 113.499137878, 113.893875122, 114.288612366, 114.6717453, 115.054870605, 115.43800354, 115.821128845, 116.215873718, 116.610610962, 116.993736267, 117.376869202, 117.759994507, 118.143127441, 118.526252747, 118.909385681, 119.304122925, 119.687255859, 120.070381165, 120.465126038, 120.848251343, 121.231384277, 121.626121521, 122.020858765, 122.403991699, 122.787117004, 123.181854248, 123.564987183, 123.948112488, 124.342857361, 124.725982666, 125.109115601, 125.492240906, 125.87537384, 126.270111084, 126.664848328, 127.059593201, 127.442718506, 127.82585144, 128.208984375, 128.592102051, 128.986846924, 129.369979858, 129.753097534, 130.147842407, 130.54258728, 130.937316895, 131.320449829, 131.703582764, 132.07510376, 132.458221436, 132.852966309, 133.236099243, 133.619232178, 134.002349854, 134.397094727, 134.7918396, 135.174957275, 135.55809021, 135.952835083, 136.347564697, 136.730697632, 137.113830566, 137.496963501, 137.880081177, 138.27482605, 138.657958984, 139.041091919, 139.435821533, 139.830566406, 140.213699341, 140.596817017, 140.979949951, 141.363082886, 141.74621582, 142.129333496, 142.524078369, 142.918823242, 143.301940918, 143.685073853, 144.079818726, 144.47454834, 144.857681274, 145.240814209, 145.635559082, 146.018676758, 146.401809692, 146.796554565, 147.179672241, 147.562805176, 147.94593811, 148.329071045, 148.723800659, 149.118545532, 149.501678467, 149.884811401, 150.267929077, 150.651062012, 151.022583008, 151.417327881, 151.812057495, 152.206802368, 152.589935303, 152.973052979, 153.367797852, 153.750930786, 154.134063721, 154.528793335, 154.91192627, 155.295059204, 155.67817688, 156.061309814, 156.456054688, 156.850784302, 157.233917236, 157.617050171, 158.011795044, 158.406524658, 158.801269531, 159.184402466, 159.567520142, 159.950653076, 160.333786011, 160.716918945, 161.100036621, 161.494781494, 161.877914429, 162.261047363, 162.655776978, 163.050521851, 163.422042847, 163.816772461, 164.211517334, 164.606262207, 164.989379883, 165.372512817, 165.744033813, 166.138778687, 166.521896362, 166.905029297, 167.29977417, 167.694503784, 168.077636719, 168.460769653, 168.855514526, 169.238632202, 169.621765137, 170.01651001, 170.399627686, 170.78276062, 171.165893555, 171.549026489, 171.943756104, 172.338500977, 172.710021973, 173.104751587, 173.49949646, 173.894241333, 174.277359009, 174.660491943, 175.055236816, 175.449981689, 175.833099365, 176.2162323, 176.599365234, 176.982498169, 177.365615845, 177.748748779, 178.143493652, 178.526611328, 178.909744263, 179.304489136, 179.68762207, 180.070739746, 180.465484619, 180.848617554, 181.231735229, 181.603256226, 181.998001099, 182.392745972, 182.775863647, 183.158996582, 183.553741455, 183.948471069, 184.331604004, 184.714736938, 185.109481812, 185.492599487, 185.875732422, 186.270477295, 186.653594971, 187.036727905, 187.41986084, 187.814605713, 188.197723389, 188.592468262, 188.987213135, 189.381942749, 189.765075684, 190.148208618, 190.519729614, 190.914459229, 191.297592163, 191.680725098, 192.075454712, 192.470199585, 192.841720581, 193.236465454, 193.61958313, 194.002716064, 194.397460938, 194.792190552, 195.175323486, 195.558456421, 195.941589355, 196.324707031, 196.719451904, 197.114196777, 197.485717773, 197.880447388, 198.275192261, 198.669921875, 199.05305481, 199.436187744, 199.830932617, 200.225662231, 200.608795166, 200.991928101, 201.375045776, 201.758178711, 202.141311646, 202.52444458, 202.907577515, 203.29069519, 203.685440063, 204.080184937, 204.463302612, 204.846435547, 205.24118042, 205.624298096, 206.00743103, 206.402175903, 206.785308838, 207.168426514, 207.563171387, 207.95791626, 208.329421997, 208.72416687, 209.107299805, 209.490432739, 209.873550415, 210.25668335, 210.639816284, 211.022949219, 211.417678833, 211.812423706, 212.207168579, 212.590286255, 212.973419189, 213.368164062, 213.751281738, 214.146026611, 214.529159546, 214.91229248, 215.295410156, 215.690155029, 216.084899902, 216.479629517, 216.851150513, 217.245895386, 217.62902832, 218.012145996, 218.406890869, 218.801635742, 219.184753418, 219.579498291, 219.962631226, 220.35736084, 220.740493774, 221.123626709, 221.564804077, 222.005981445, 222.447158813, 222.89994812, 223.410797119, 223.921630859, 224.4324646, 224.943313599, 225.454147339], "beats_loudness": {"dmean2": 0.0352651886642, "median": 0.0370561294258, "min": 0, "dvar2": 0.000637897814158, "dvar": 0.000200377427973, "dmean": 0.0201289523393, "max": 0.0996426269412, "var": 0.000362156220945, "mean": 0.0379051752388}, "danceability": 1.32020699978, "bpm_histogram_second_peak_weight": {"dmean2": 0, "median": 0.384083032608, "min": 0.384083032608, "dvar2": 0, "dvar": 0, "dmean": 0, "max": 0.384083032608, "var": 0, "mean": 0.384083032608}, "beats_count": 579, "bpm_histogram_second_peak_bpm": {"dmean2": 0, "median": 152, "min": 152, "dvar2": 0, "dvar": 0, "dmean": 0, "max": 152, "var": 0, "mean": 152}, "bpm_histogram_first_peak_spread": {"dmean2": 0, "median": 0.0634441375732, "min": 0.0634441375732, "dvar2": 0, "dvar": 0, "dmean": 0, "max": 0.0634441375732, "var": 0, "mean": 0.0634441375732}, "beats_loudness_band_ratio": {"dmean2": [0.450181812048, 0.237055703998, 0.141637310386, 0.182514876127, 0.13601668179, 0.0836169347167], "median": [0.605762660503, 0.094084315002, 0.0687124580145, 0.0674292594194, 0.0719828903675, 0.059180341661], "min": [0, 0, 0, 0, 0, 0], "dvar2": [0.0728605315089, 0.0154490591958, 0.0161852277815, 0.0406948253512, 0.026160819456, 0.00350218173116], "dvar": [0.0229360815138, 0.00504771247506, 0.00634822063148, 0.0149882044643, 0.00886036083102, 0.00104874302633], "dmean": [0.264515340328, 0.122221380472, 0.079868324101, 0.102297581732, 0.0750116482377, 0.045919932425], "max": [0.96506768465, 0.521117150784, 0.596431434155, 0.72427546978, 0.771379768848, 0.340948522091], "var": [0.0612104199827, 0.00740074086934, 0.00782046746463, 0.0150817008689, 0.0129210026935, 0.00150926271453], "mean": [0.567445158958, 0.106811933219, 0.0887253209949, 0.113853640854, 0.108804047108, 0.0611335337162]}}, "lowlevel": {"barkbands_spread": {"dmean2": 11.4039459229, "median": 30.77368927, "min": 2.37109541893, "dvar2": 115.480186462, "dvar": 49.975894928, "dmean": 7.2105884552, "max": 152.40625, "var": 155.051681519, "mean": 31.1514472961}, "melbands_spread": {"dmean2": 16.6878604889, "median": 35.450138092, "min": 1.69601809978, "dvar2": 225.60546875, "dvar": 100.639533997, "dmean": 10.4606437683, "max": 179.625167847, "var": 345.820251465, "mean": 35.7117347717}, "hfc": {"dmean2": 8.99212741852, "median": 15.2348451614, "min": 1.05816689432e-16, "dvar2": 202.882614136, "dvar": 81.6789169312, "dmean": 5.80528926849, "max": 103.411933899, "var": 152.599563599, "mean": 17.5480308533}, "barkbands_kurtosis": {"dmean2": 3.68475484848, "median": -0.133741617203, "min": -1.77221226692, "dvar2": 36.743309021, "dvar": 15.1636142731, "dmean": 2.27328372002, "max": 65.8913116455, "var": 21.4995994568, "mean": 1.47082817554}, "gfcc": {"mean": [-3.11427617073, 72.9271621704, -127.381416321, 39.502910614, -42.227016449, 22.5112628937, -35.7327156067, 13.8161430359, -22.7578620911, 4.05247688293, -15.3597669601, 3.46222877502, -8.55498886108], "icov": [[0.000194106294657, -0.000377896649297, 0.000242830079515, -0.000448822567705, 0.000380459823646, -0.000394351489376, 0.000369969522581, -0.000570618431084, 0.000732648710255, -0.000434597372077, 0.000738642644137, -0.000793671002612, 0.000784465053584], [-0.000377896649297, 0.00333208660595, 0.000350297894329, -0.000860463711433, -0.00115041073877, 0.00273742596619, -0.00156333087943, 0.000682700017933, -0.000849532370921, 0.00122612039559, -0.00223104096949, 0.00238677207381, -0.00151873740833], [0.000242830079515, 0.000350297894329, 0.00194847735111, -0.00154200743418, -0.000141274096677, 0.000282571418211, 6.12033982179e-05, -0.00123228458688, 0.0016216567019, -0.00130029965658, 0.00165614194702, -0.00173781951889, 0.00190893071704], [-0.000448822567705, -0.000860463711433, -0.00154200743418, 0.00736040901393, -0.00130889250431, -0.00230710930191, 0.00168479979038, 0.00279224733822, -0.00296035176143, 0.000324801338138, -0.000514217594173, 0.00346942804754, -0.00378844817169], [0.000380459823646, -0.00115041073877, -0.000141274096677, -0.00130889250431, 0.00735666230321, -5.88625734963e-05, -0.00263836537488, -0.00120068038814, 0.000195020780666, -0.00191624287982, 0.000752589781769, -0.00196435581893, 0.00144212448504], [-0.000394351489376, 0.00273742596619, 0.000282571418211, -0.00230710930191, -5.88625734963e-05, 0.00893086567521, -0.00526780169457, -0.00139659841079, 0.00183810270391, -0.000177457332029, -0.00197362992913, -0.00043098279275, -0.00113360956311], [0.000369969522581, -0.00156333087943, 6.12033982179e-05, 0.00168479979038, -0.00263836537488, -0.00526780169457, 0.011256929487, -0.00095326686278, -0.000421947159339, 0.00159036391415, 0.000542905530892, 0.000476623390568, 0.000570478208829], [-0.000570618431084, 0.000682700017933, -0.00123228458688, 0.00279224733822, -0.00120068038814, -0.00139659841079, -0.00095326686278, 0.0108701586723, -0.00383398402482, -0.0031015407294, -0.00134612247348, 0.00225794524886, -0.00483070034534], [0.000732648710255, -0.000849532370921, 0.0016216567019, -0.00296035176143, 0.000195020780666, 0.00183810270391, -0.000421947159339, -0.00383398402482, 0.0158528722823, -0.00508483266458, 0.00222609867342, -0.00119174935389, -5.59943764529e-05], [-0.000434597372077, 0.00122612039559, -0.00130029965658, 0.000324801338138, -0.00191624287982, -0.000177457332029, 0.00159036391415, -0.0031015407294, -0.00508483266458, 0.0201395843178, -0.00623142672703, -0.00329917855561, 0.00291839637794], [0.000738642644137, -0.00223104096949, 0.00165614194702, -0.000514217594173, 0.000752589781769, -0.00197362992913, 0.000542905530892, -0.00134612247348, 0.00222609867342, -0.00623142672703, 0.0170859508216, -0.00418011285365, -0.00105641956907], [-0.000793671002612, 0.00238677207381, -0.00173781951889, 0.00346942804754, -0.00196435581893, -0.00043098279275, 0.000476623390568, 0.00225794524886, -0.00119174935389, -0.00329917855561, -0.00418011285365, 0.021394636482, -0.00926549453288], [0.000784465053584, -0.00151873740833, 0.00190893071704, -0.00378844817169, 0.00144212448504, -0.00113360956311, 0.000570478208829, -0.00483070034534, -5.59943764529e-05, 0.00291839637794, -0.00105641956907, -0.00926549453288, 0.0232990887016]], "cov": [[18507.5332031, 625.149658203, -526.403564453, 684.401428223, -663.895446777, 592.657531738, -498.704376221, 344.060455322, -506.974060059, 191.096176147, -328.171051025, 229.239501953, -223.370269775], [625.149658203, 721.837646484, -338.248443604, 100.478286743, 30.9275035858, -172.716308594, -1.48740446568, -70.8358230591, 34.9092521667, -62.9354629517, 28.3315143585, -88.101524353, 19.3029994965], [-526.403564453, -338.248443604, 961.814697266, 61.0873374939, 72.3060913086, 74.3886032104, 3.30179214478, 76.1943359375, -33.052696228, 81.9505081177, -53.4816703796, 67.6534881592, -44.1994132996], [684.401428223, 100.478286743, 61.0873374939, 239.562103271, 10.4484376907, 39.9309844971, -24.2646961212, -11.6856584549, 6.18280315399, 4.01331520081, -13.0842494965, -13.1701717377, 10.6030836105], [-663.895446777, 30.9275035858, 72.3060913086, 10.4484376907, 213.048904419, 14.1927251816, 79.1449203491, 26.9664955139, 35.6053581238, 22.2621307373, 23.8092155457, 6.76178598404, 12.3661470413], [592.657531738, -172.716308594, 74.3886032104, 39.9309844971, 14.1927251816, 270.503479004, 76.8825454712, 78.8997421265, -32.6139068604, 38.9012451172, 11.2063302994, 48.5932655334, 10.8255977631], [-498.704376221, -1.48740446568, 3.30179214478, -24.2646961212, 79.1449203491, 76.8825454712, 164.853286743, 27.0005912781, 15.3142976761, -2.90715241432, 19.9692764282, -1.67565965652, 13.5217790604], [344.060455322, -70.8358230591, 76.1943359375, -11.6856584549, 26.9664955139, 78.8997421265, 27.0005912781, 169.253158569, 21.4619464874, 57.7714500427, 17.0369968414, 36.6220397949, 20.4075431824], [-506.974060059, 34.9092521667, -33.052696228, 6.18280315399, 35.6053581238, -32.6139068604, 15.3142976761, 21.4619464874, 104.784744263, 18.3528232574, 18.6886901855, -5.40612602234, 19.993062973], [191.096176147, -62.9354629517, 81.9505081177, 4.01331520081, 22.2621307373, 38.9012451172, -2.90715241432, 57.7714500427, 18.3528232574, 92.6222610474, 24.3323516846, 37.0822868347, 0.258158057928], [-328.171051025, 28.3315143585, -53.4816703796, -13.0842494965, 23.8092155457, 11.2063302994, 19.9692764282, 17.0369968414, 18.6886901855, 24.3323516846, 94.2470016479, 16.727350235, 25.187833786], [229.239501953, -88.101524353, 67.6534881592, -13.1701717377, 6.76178598404, 48.5932655334, -1.67565965652, 36.6220397949, -5.40612602234, 37.0822868347, 16.727350235, 87.5406723022, 19.347618103], [-223.370269775, 19.3029994965, -44.1994132996, 10.6030836105, 12.3661470413, 10.8255977631, 13.5217790604, 20.4075431824, 19.993062973, 0.258158057928, 25.187833786, 19.347618103, 69.5577774048]]}, "spectral_energyband_middle_low": {"dmean2": 0.0147728938609, "median": 0.00326377223246, "min": 1.53190451663e-22, "dvar2": 0.0014432935277, "dvar": 0.000529514800292, "dmean": 0.00843735039234, "max": 0.172225102782, "var": 0.000368247856386, "mean": 0.00825278181583}, "melbands_crest": {"dmean2": 7.16831827164, "median": 12.7607851028, "min": 1.60543227196, "dvar2": 40.6118011475, "dvar": 18.8753223419, "dmean": 4.60219717026, "max": 37.3346748352, "var": 48.782043457, "mean": 14.4883117676}, "spectral_kurtosis": {"dmean2": 1.86819708347, "median": 3.81326198578, "min": -1.26191198826, "dvar2": 5.92530536652, "dvar": 2.04527544975, "dmean": 1.10760188103, "max": 37.4112548828, "var": 4.27980804443, "mean": 4.03579902649}, "spectral_rms": {"dmean2": 0.00183293165173, "median": 0.0038198416587, "min": 3.09466796806e-12, "dvar2": 7.1172717071e-06, "dvar": 2.98570967061e-06, "dmean": 0.00117548846174, "max": 0.0136587005109, "var": 4.83252779304e-06, "mean": 0.00435298867524}, "zerocrossingrate": {"dmean2": 0.0125745087862, "median": 0.0712890625, "min": 0.00732421875, "dvar2": 0.000127971696202, "dvar": 9.61858313531e-05, "dmean": 0.0104134231806, "max": 0.53173828125, "var": 0.0023652787786, "mean": 0.0774440169334}, "silence_rate_60dB": {"dmean2": 0.0102743245661, "median": 0, "min": 0, "dvar2": 0.0118137262762, "dvar": 0.00511054089293, "dmean": 0.00513663468882, "max": 1, "var": 0.0563927590847, "mean": 0.0599897280335}, "erbbands_kurtosis": {"dmean2": 1.35587656498, "median": 0.274284124374, "min": -1.64708411694, "dvar2": 3.20779204369, "dvar": 1.39241528511, "dmean": 0.841536402702, "max": 65.1811828613, "var": 2.59187483788, "mean": 0.521022975445}, "erbbands": {"dmean2": [0.311655819416, 1.11864888668, 3.92755079269, 16.5946960449, 29.9931221008, 9.29343986511, 8.89978504181, 9.18483066559, 11.4033946991, 8.36318969727, 10.6685161591, 17.2661476135, 22.3936214447, 29.5044498444, 33.92212677, 22.459821701, 18.9786548615, 25.2296257019, 22.6915416718, 30.6469421387, 25.0018863678, 19.1626358032, 14.4288635254, 14.0515966415, 9.84889316559, 8.09132480621, 7.82643318176, 4.95722866058, 4.19328784943, 3.06061983109, 1.89334022999, 1.37161409855, 0.947018623352, 0.515134871006, 0.288479626179, 0.103870019317, 0.0581546649337, 0.0242095869035, 0.00159212539438, 5.49573669559e-05], "median": [0.0549495220184, 0.603681623936, 0.908258140087, 1.22150695324, 1.3651689291, 1.74126398563, 2.3651881218, 3.29940772057, 3.54912042618, 2.68365931511, 3.05479884148, 6.49695539474, 7.46018505096, 7.96926736832, 9.33065319061, 12.1842737198, 12.5105266571, 15.0533132553, 19.9639167786, 22.467086792, 22.3792572021, 20.6589107513, 16.2631721497, 16.1688022614, 10.581111908, 7.63269042969, 5.58231115341, 3.18741226196, 2.71872210503, 2.12181854248, 1.40592813492, 1.07298469543, 0.909063398838, 0.416055798531, 0.205272272229, 0.0637021809816, 0.0179520826787, 0.00266264867969, 0.000103445556306, 2.49999593507e-05], "min": [3.05034273585e-23, 1.16276623206e-21, 4.05599975819e-21, 6.72766752484e-21, 6.38595751743e-21, 1.8342019225e-20, 5.43522285933e-20, 3.85289484841e-20, 1.54216490251e-19, 1.48641047353e-19, 1.73446035499e-19, 2.67768031957e-19, 6.85471338733e-19, 7.44213311439e-19, 1.03620853296e-18, 1.26104149673e-18, 1.11996935877e-18, 1.45153943404e-18, 1.57030282107e-18, 3.2217528874e-18, 4.30706989256e-18, 4.02987050235e-18, 6.155708133e-18, 5.40853573802e-18, 7.39586817895e-18, 7.19755824454e-18, 9.66748398485e-18, 9.78489234664e-18, 1.08210179547e-17, 1.08785078345e-17, 1.08693360559e-17, 9.72739584944e-18, 1.06724199208e-17, 9.04602236346e-18, 5.43220716561e-18, 4.01209604535e-18, 2.26463502192e-18, 9.42342558589e-19, 2.54246834266e-19, 2.76800740848e-20], "dvar2": [0.376368105412, 3.28323435783, 65.0943603516, 1586.48901367, 7125.56201172, 616.916748047, 428.981109619, 311.264038086, 590.387390137, 653.601074219, 1051.89025879, 2066.17993164, 2710.02978516, 7312.42578125, 7807.60449219, 1708.60925293, 1925.5880127, 2454.84765625, 1005.16101074, 2440.36181641, 1515.2376709, 735.310302734, 407.17590332, 287.812866211, 167.96913147, 155.541351318, 185.159042358, 97.2610015869, 60.5243301392, 36.185218811, 17.9043273926, 9.2004032135, 2.18490862846, 0.835459113121, 0.259728640318, 0.040936678648, 0.0215242281556, 0.00800973828882, 3.98239208153e-05, 1.86713737804e-08], "dvar": [0.151606366038, 1.32363045216, 23.361743927, 569.478271484, 2597.48266602, 219.658050537, 153.469314575, 117.408569336, 224.863952637, 255.359695435, 395.470092773, 828.797668457, 1123.78051758, 2917.1574707, 2820.62744141, 689.731994629, 712.329345703, 972.061828613, 408.636291504, 905.776367188, 654.669128418, 291.765625, 151.701721191, 111.498664856, 66.4676437378, 61.2101783752, 72.200920105, 38.99974823, 25.6013374329, 14.7595748901, 8.36917972565, 4.21626758575, 1.01079535484, 0.378159463406, 0.11490752548, 0.0176710449159, 0.00869501382113, 0.002843021648, 1.38580417115e-05, 6.75208022827e-09], "dmean": [0.194017320871, 0.672683238983, 2.16717195511, 9.11937141418, 16.8098163605, 5.21875524521, 5.08664178848, 5.5488781929, 6.79381370544, 5.01059818268, 6.35750198364, 10.5393457413, 13.8614587784, 18.3658542633, 20.6581802368, 14.0818090439, 11.6738452911, 15.5788507462, 14.0215854645, 18.5368061066, 15.5194244385, 11.8672847748, 8.86763000488, 8.56709575653, 6.11205244064, 4.98272752762, 4.76100969315, 3.09657931328, 2.6902384758, 1.96809005737, 1.24580132961, 0.933005452156, 0.6370896101, 0.345447868109, 0.191903278232, 0.070156738162, 0.0374332591891, 0.0138020450249, 0.000868514820468, 3.2124997233e-05], "max": [3.34327554703, 15.6766004562, 41.245880127, 171.314727783, 430.1953125, 183.484893799, 244.164825439, 156.725372314, 259.633544922, 436.197357178, 518.191345215, 697.675292969, 873.817810059, 1063.78564453, 1132.47094727, 522.578186035, 846.073059082, 909.83380127, 329.924194336, 707.063049316, 638.322570801, 400.975860596, 293.124267578, 162.708297729, 113.091049194, 116.641456604, 101.629829407, 88.7611618042, 88.835144043, 99.5685501099, 179.643844604, 100.735153198, 36.2390518188, 12.7687263489, 5.01613092422, 2.23604178429, 1.95999753475, 0.876399815083, 0.055895857513, 0.00129039771855], "var": [0.18466129899, 1.50611114502, 15.2667531967, 360.118103027, 1685.92504883, 152.682601929, 136.920227051, 149.297836304, 235.459655762, 226.890853882, 497.753326416, 1098.91381836, 2181.53271484, 6025.57080078, 5660.23730469, 1961.21350098, 2111.63745117, 2751.58056641, 852.089111328, 1841.65881348, 1564.64868164, 703.128845215, 292.171844482, 222.495529175, 130.336074829, 92.4305648804, 95.8894729614, 47.2391357422, 46.4025497437, 29.5441741943, 19.5459480286, 11.5908823013, 3.38367128372, 0.901335477829, 0.239734500647, 0.0345836281776, 0.0100480047986, 0.00181495631114, 7.98023575044e-06, 4.85387019467e-09], "mean": [0.221618697047, 0.966884553432, 1.99792385101, 6.53368425369, 11.7346477509, 5.06873464584, 6.15263366699, 7.85563707352, 8.62226295471, 6.48065757751, 8.32870101929, 14.9082517624, 21.3594913483, 29.4413738251, 34.8218002319, 26.5201702118, 23.6959667206, 30.2146053314, 28.0919456482, 36.5529823303, 32.3985481262, 27.6369857788, 20.4164524078, 19.1882743835, 13.5673685074, 10.0471067429, 8.59115028381, 5.30045604706, 5.29340267181, 4.18040752411, 2.555113554, 1.94477498531, 1.49070620537, 0.747237741947, 0.374848991632, 0.129263713956, 0.051411036402, 0.0127178030089, 0.000669757951982, 4.47618731414e-05]}, "spectral_strongpeak": {"dmean2": 0.926727890968, "median": 0.221604034305, "min": 0, "dvar2": 1.76952457428, "dvar": 0.715546965599, "dmean": 0.536014676094, "max": 8.5633649826, "var": 1.11582648754, "mean": 0.695931434631}, "spectral_energy": {"dmean2": 0.0239639878273, "median": 0.0149559704587, "min": 9.81639385944e-21, "dvar2": 0.0019001502078, "dvar": 0.000728319631889, "dmean": 0.0146141471341, "max": 0.191224098206, "var": 0.00070451706415, "mean": 0.0243755914271}, "average_loudness": 0.94067388773, "spectral_rolloff": {"dmean2": 945.028991699, "median": 1937.98828125, "min": 43.06640625, "dvar2": 1322009.875, "dvar": 583376.25, "dmean": 578.00213623, "max": 19595.2148438, "var": 4286110, "mean": 1999.61254883}, "spectral_centroid": {"dmean2": 445.306213379, "median": 1903.52380371, "min": 290.771087646, "dvar2": 193210.84375, "dvar": 86775.3046875, "dmean": 282.070617676, "max": 11637.0058594, "var": 936011.625, "mean": 1938.72814941}, "pitch_salience": {"dmean2": 0.137997180223, "median": 0.562677145004, "min": 0.135688096285, "dvar2": 0.0153160160407, "dvar": 0.00638664048165, "dmean": 0.0858132317662, "max": 0.927266001701, "var": 0.0145727861673, "mean": 0.551190912724}, "spectral_energyband_middle_high": {"dmean2": 0.0027241546195, "median": 0.00466593774036, "min": 1.17896380574e-21, "dvar2": 1.46686033986e-05, "dvar": 5.58322426514e-06, "dmean": 0.00173769181129, "max": 0.0407597310841, "var": 2.21445661737e-05, "mean": 0.00576631072909}, "spectral_contrast_coeffs": {"dmean2": [0.101279482245, 0.0758162215352, 0.0656114295125, 0.0482436083257, 0.0339788272977, 0.0277201794088], "median": [-0.713115692139, -0.767746031284, -0.775968909264, -0.7900826931, -0.793386697769, -0.765789926052], "min": [-0.981080830097, -0.974870920181, -0.978928685188, -0.971635699272, -0.966853797436, -0.966317236423], "dvar2": [0.00910525862128, 0.00368428463116, 0.0028521141503, 0.00145266798791, 0.000728288607206, 0.000634624913801], "dvar": [0.00373233552091, 0.00137710396666, 0.00108101498336, 0.000543465313967, 0.000279634055914, 0.000259141466813], "dmean": [0.0626864805818, 0.0456478558481, 0.0402431115508, 0.0292217507958, 0.0208261366934, 0.0173785872757], "max": [-0.305520832539, -0.510630965233, -0.511278688908, -0.572870612144, -0.637694597244, -0.591576159], "var": [0.00801490433514, 0.00408324087039, 0.00489824544638, 0.00209535914473, 0.00131144246552, 0.00170234229881], "mean": [-0.70042771101, -0.764474391937, -0.765206515789, -0.787748515606, -0.792707800865, -0.766058802605]}, "melbands_skewness": {"dmean2": 1.472255826, "median": 1.83643257618, "min": -3.99496293068, "dvar2": 2.70134425163, "dvar": 1.13938713074, "dmean": 0.926762104034, "max": 13.2809829712, "var": 2.73329758644, "mean": 2.17212772369}, "spectral_spread": {"dmean2": 632508.4375, "median": 4341876.5, "min": 1136730.625, "dvar2": 730068090880, "dvar": 431432925184, "dmean": 442652.96875, "max": 42414348, "var": 12933673254900.0, "mean": 4770076}, "dissonance": {"dmean2": 0.0205680225044, "median": 0.485276937485, "min": 0.375810235739, "dvar2": 0.000406331237173, "dvar": 0.000145921454532, "dmean": 0.012033296749, "max": 0.5, "var": 0.000209918362089, "mean": 0.48161610961}, "spectral_skewness": {"dmean2": 0.257897257805, "median": 1.42858850956, "min": -0.0912885740399, "dvar2": 0.0697175934911, "dvar": 0.0256839562207, "dmean": 0.156803876162, "max": 3.05209565163, "var": 0.0877448394895, "mean": 1.42059743404}, "spectral_flux": {"dmean2": 0.0568809472024, "median": 0.0737878978252, "min": 6.44949579853e-11, "dvar2": 0.00524764833972, "dvar": 0.00260783475824, "dmean": 0.0352247394621, "max": 0.408184349537, "var": 0.00410367595032, "mean": 0.0932234600186}, "spectral_contrast_valleys": {"dmean2": [0.692763626575, 0.641300559044, 0.497559189796, 0.394256442785, 0.342341333628, 0.333139061928], "median": [-7.07393932343, -7.0159702301, -7.23144817352, -7.14336633682, -7.03810119629, -9.76640987396], "min": [-28.0822124481, -28.7567081451, -28.1739196777, -27.6755466461, -27.5058097839, -27.3909683228], "dvar2": [0.348752707243, 0.320906490088, 0.1739436239, 0.116753548384, 0.121940590441, 0.160070180893], "dvar": [0.156206741929, 0.142998173833, 0.0842518508434, 0.0650636926293, 0.0721399784088, 0.0961168557405], "dmean": [0.428149908781, 0.399900138378, 0.318742215633, 0.259356200695, 0.238052010536, 0.242067843676], "max": [-5.24475383759, -4.67932415009, -5.64535045624, -6.01179122925, -5.76794624329, -8.01023674011], "var": [4.73373651505, 4.36168622971, 4.10765314102, 4.0549659729, 4.12060117722, 3.69571328163], "mean": [-7.42254734039, -7.22915935516, -7.45455265045, -7.40114831924, -7.31105136871, -10.0852470398]}, "erbbands_flatness_db": {"dmean2": 0.0244427248836, "median": 0.137711569667, "min": 0.0331132225692, "dvar2": 0.000510519312229, "dvar": 0.000244129696512, "dmean": 0.0160782951862, "max": 0.436789512634, "var": 0.0017376835458, "mean": 0.142006978393}, "spectral_energyband_high": {"dmean2": 0.000442608783487, "median": 0.000470323080663, "min": 6.96554899782e-21, "dvar2": 6.51211223612e-07, "dvar": 2.80966190758e-07, "dmean": 0.000295924022794, "max": 0.0120213190094, "var": 5.33954050752e-07, "mean": 0.000707667903043}, "spectral_entropy": {"dmean2": 0.154545351863, "median": 7.87690067291, "min": 6.53085708618, "dvar2": 0.0220006685704, "dvar": 0.00940541736782, "dmean": 0.100122705102, "max": 9.81995868683, "var": 0.0734971687198, "mean": 7.88929462433}, "silence_rate_20dB": {"dmean2": 0, "median": 1, "min": 1, "dvar2": 0, "dvar": 0, "dmean": 0, "max": 1, "var": 0, "mean": 1}, "melbands_flatness_db": {"dmean2": 0.0438364855945, "median": 0.149088442326, "min": 0.00239579658955, "dvar2": 0.0017163149314, "dvar": 0.000731344975065, "dmean": 0.0282683670521, "max": 0.391312658787, "var": 0.0023756113369, "mean": 0.157159775496}, "barkbands": {"dmean2": [0.00276843551546, 0.00610807118937, 0.00392108177766, 0.00863088387996, 0.00478571094573, 0.00115068128798, 0.000677862553857, 0.00047026280663, 0.000748969148844, 0.000810619734693, 0.00093861494679, 0.000612015894148, 0.000453174230643, 0.000496171065606, 0.000566901057027, 0.000480166636407, 0.000376645446522, 0.000286951108137, 0.00024363049306, 0.000184321936104, 0.000153353248606, 0.000111722096335, 7.34156565159e-05, 5.77968603466e-05, 4.10725224356e-05, 3.00401770801e-05, 1.16873206935e-05], "median": [0.000129484644276, 0.00265004811808, 0.000610348884948, 0.000434152490925, 0.00055678607896, 0.00041478217463, 0.000211686405237, 9.87377134152e-05, 0.000303543987684, 0.000190448568901, 0.0001501457009, 0.000240558030782, 0.00024199137988, 0.00028727579047, 0.000434996763943, 0.0003873113601, 0.000364465813618, 0.000282758235699, 0.000257106992649, 0.000159279734362, 0.000102705147583, 7.59067988838e-05, 5.44017275388e-05, 5.47828931303e-05, 3.30217189912e-05, 1.07502846731e-05, 6.12910298514e-07], "min": [4.07058858456e-25, 4.44161309038e-24, 9.5281124766e-25, 5.87037005596e-25, 1.29821521775e-23, 4.06437033917e-24, 1.10058213182e-23, 7.6052715143e-24, 1.35188308174e-23, 7.17043797271e-24, 1.09255357884e-23, 3.34070981329e-23, 2.19220154158e-23, 3.6242554527e-23, 3.96760621507e-23, 6.81005696558e-23, 6.40078330617e-23, 9.91691432776e-23, 1.14667647358e-22, 1.46341485553e-22, 2.0742302331e-22, 3.47793955149e-22, 4.03357934677e-22, 6.01475567371e-22, 7.89540915943e-22, 1.21615977125e-21, 2.06157420312e-21], "dvar2": [3.07419468299e-05, 0.000107521722384, 7.07387371222e-05, 0.000528299482539, 0.000181488023372, 5.62190416531e-06, 2.74593298855e-06, 2.0764182409e-06, 2.80294420918e-06, 5.27843030795e-06, 8.41838300403e-06, 1.76876926616e-0