{"tonal": {"thpcp": [1, 0.633316457272, 0.22083555162, 0.159890040755, 0.189763367176, 0.413829296827, 0.581919252872, 0.431955248117, 0.329122036695, 0.388882696629, 0.349775582552, 0.330936014652, 0.376958072186, 0.302574962378, 0.477465391159, 0.703323245049, 0.472445935011, 0.244827643037, 0.21593041718, 0.18228712678, 0.366803377867, 0.548650205135, 0.34683072567, 0.152526736259, 0.137428820133, 0.163764029741, 0.375587761402, 0.469746768475, 0.262782543898, 0.211762070656, 0.253001272678, 0.167775705457, 0.173739507794, 0.228109419346, 0.242532297969, 0.638765931129], "hpcp": {"dmean2": [0.213754370809, 0.21013495326, 0.195223003626, 0.186620891094, 0.192662805319, 0.187970414758, 0.167803525925, 0.169458195567, 0.197333991528, 0.204550415277, 0.205284744501, 0.149938717484, 0.127581164241, 0.120167151093, 0.155879229307, 0.181205555797, 0.146283775568, 0.0990326553583, 0.0793111547828, 0.0935293287039, 0.135725051165, 0.154760807753, 0.125471830368, 0.103759773076, 0.100917808712, 0.0888676419854, 0.102347664535, 0.118167907, 0.148474648595, 0.256669998169, 0.253180146217, 0.246389180422, 0.156390100718, 0.11132837832, 0.116059832275, 0.179565563798], "median": [0.0496251806617, 0.0397489070892, 0.0212041139603, 0.0160516630858, 0.0168568398803, 0.0328006260097, 0.031971745193, 0.0335130915046, 0.0500603877008, 0.060158520937, 0.0465400069952, 0.0189824290574, 0.0128842107952, 0.0152652338147, 0.0389433503151, 0.0557014867663, 0.0368717983365, 0.0128735546023, 0.00815057009459, 0.012659560889, 0.0359487310052, 0.0480683371425, 0.03503575176, 0.0154257398099, 0.010927897878, 0.0110316453502, 0.0141449579969, 0.0152391847223, 0.0280726458877, 0.10731498152, 0.170467466116, 0.105034008622, 0.0228697042912, 0.0099038630724, 0.0120509993285, 0.0337466336787], "min": [0, 0, 0, 0, 0, 0, 0, 0, 0, 0, 0, 0, 0, 0, 0, 0, 0, 0, 0, 0, 0, 0, 0, 0, 0, 0, 0, 0, 0, 0, 0, 0, 0, 0, 0, 0], "dvar2": [0.105903603137, 0.103990837932, 0.103525958955, 0.0974912568927, 0.103846758604, 0.086502596736, 0.076989762485, 0.0761487185955, 0.0818857997656, 0.0846684128046, 0.0850283876061, 0.0604351423681, 0.0633069053292, 0.0510992780328, 0.05708758533, 0.0743134170771, 0.0514578931034, 0.0390102528036, 0.0297838356346, 0.0318069756031, 0.0494340322912, 0.0585374608636, 0.0393459424376, 0.0394777655602, 0.0448733791709, 0.0319497510791, 0.0386105664074, 0.0484061427414, 0.0543785430491, 0.0955136269331, 0.101499184966, 0.0945957377553, 0.0698802173138, 0.055443238467, 0.0592131242156, 0.0870792418718], "dvar": [0.0415087789297, 0.0387245416641, 0.037183906883, 0.0376887060702, 0.0394064933062, 0.0320603810251, 0.0309276711196, 0.0276693366468, 0.0311371590942, 0.0377574786544, 0.0331950820982, 0.0235558431596, 0.024350233376, 0.0184571798891, 0.021885542199, 0.0321381427348, 0.0200668703765, 0.0140534434468, 0.0118757206947, 0.0120233148336, 0.0201446656138, 0.0265967417508, 0.0154130151495, 0.015441024676, 0.0190644431859, 0.0120827890933, 0.014541878365, 0.0193553045392, 0.0195409078151, 0.0365095883608, 0.046411883086, 0.0357112064958, 0.0245876703411, 0.0200928114355, 0.0218572113663, 0.0333666093647], "dmean": [0.124760068953, 0.122057251632, 0.112270377576, 0.104825392365, 0.109322182834, 0.107309609652, 0.0987009033561, 0.0977854654193, 0.116116315126, 0.122269928455, 0.12204516679, 0.0863787457347, 0.0720046311617, 0.0684846863151, 0.0911400690675, 0.10861671716, 0.0870050340891, 0.0559113025665, 0.0458537973464, 0.0544291287661, 0.0818149372935, 0.0936536937952, 0.0742861256003, 0.0608986020088, 0.0599665753543, 0.051568698138, 0.0585406683385, 0.0692960843444, 0.084790289402, 0.149774715304, 0.152820274234, 0.142902582884, 0.0874937921762, 0.061647772789, 0.0663403347135, 0.104636490345], "max": [1, 1, 1, 1, 1, 1, 1, 1, 1, 1, 1, 1, 1, 1, 1, 1, 1, 1, 1, 1, 1, 1, 1, 1, 1, 1, 1, 1, 1, 1, 1, 1, 1, 1, 1, 1], "var": [0.0983476936817, 0.0590155087411, 0.047815721482, 0.071863129735, 0.0584520697594, 0.0401357002556, 0.0582785569131, 0.0340834595263, 0.061494641006, 0.122397847474, 0.0614833161235, 0.0292576607317, 0.0333340354264, 0.018435113132, 0.042106680572, 0.089631870389, 0.0363283231854, 0.0140470946208, 0.0179828479886, 0.0156545173377, 0.0554247796535, 0.0758698359132, 0.0227116886526, 0.025996139273, 0.0444244146347, 0.017458749935, 0.0181904900819, 0.032926864922, 0.0224746353924, 0.0743720158935, 0.147466912866, 0.0738967731595, 0.0229194536805, 0.0213418509811, 0.0259845722467, 0.0606957264245], "mean": [0.209274038672, 0.155342891812, 0.118361257017, 0.139852821827, 0.125788837671, 0.119013622403, 0.135564401746, 0.1088142097, 0.17170958221, 0.252934217453, 0.169904440641, 0.0880466997623, 0.077654466033, 0.0655554234982, 0.131912499666, 0.197309583426, 0.124729789793, 0.0548527762294, 0.0494231507182, 0.0588940121233, 0.135071605444, 0.168933749199, 0.094503775239, 0.0761554166675, 0.0909861549735, 0.0603367201984, 0.0624814666808, 0.0820343717933, 0.0872212275863, 0.229717642069, 0.359627276659, 0.227757871151, 0.0794184878469, 0.0575008206069, 0.0682440847158, 0.148824304342]}, "tuning_equal_tempered_deviation": 0.0146360499784, "chords_changes_rate": 0.0604361370206, "key_key": "C", "tuning_diatonic_strength": 0.659204483032, "key_scale": "major", "chords_number_rate": 0.00467289704829, "tuning_frequency": 439.238189697, "tuning_nontempered_energy_ratio": 0.697413802147, "chords_histogram": [30.0934581757, 4.14330196381, 13.9563865662, 1.24610590935, 2.67912769318, 2.14953279495, 7.85046720505, 0, 0.996884763241, 0.373831778765, 0, 0, 1.77570092678, 0.0311526488513, 0, 0.685358226299, 3.95638632774, 1.80685353279, 0.49844238162, 9.75077915192, 3.30218076706, 3.76947045326, 6.7912774086, 4.14330196381], "key_strength": 0.803940951824, "chords_key": "C", "chords_strength": {"dmean2": 0.0086141936481, "median": 0.528097510338, "min": 0.264445126057, "dvar2": 6.24199674348e-05, "dvar": 7.18448573025e-05, "dmean": 0.0101367989555, "max": 0.825389564037, "var": 0.0125072859228, "mean": 0.529524445534}, "chords_scale": "major", "hpcp_entropy": {"dmean2": 1.06692326069, "median": 1.79702532291, "min": 0, "dvar2": 0.783736407757, "dvar": 0.2881295681, "dmean": 0.639990746975, "max": 4.30516815186, "var": 0.645172476768, "mean": 1.7628993988}}, "metadata": {"audio_properties": {"equal_loudness": 0, "codec": "mp3", "downmix": "mix", "sample_rate": 44100, "analysis_sample_rate": 44100, "bit_rate": 128000, "md5_encoded": "87be469bf1b5efe48c47a757a437fad9", "length": 149.002441406, "replay_gain": -3.90447616577, "lossless": false}, "version": {"essentia_build_sha": "2d9f1f26377add8aeb1075a9c2973f962c4f09fd", "essentia": "2.1-beta2", "extractor": "music 1.0", "essentia_git_sha": "v2.1_beta2-1-ge3940c0"}, "tags": {"title": ["The Defenders Theme"], "acoustid_fingerprint": ["AQADtInEjGMDPA8jvHOCXod7VCfeOHiS477RKBmfIj-aVDN2iXjQPLvAKU9hhQ_6BKfO4_qC7xjFoFGXoPqYI9-D5CZ-XA8uC0-YwV1wcT7uEzWVKrBTRM9xQifSvKCq_MFRb7TwYy9-HfHxQuWSHHuk4MeP98KbQNF9-D9qZcRxF_9MaOHo46Uhok60GqEVOD-a5Tne48MuHU_yBZdwhMkzaB-RH8-D5wm-H1fA5DxqRS5e5FvE41XAWHVAURpxHYe6KDuupT2YTcSdHxciM8E3_HjS4ssRP4WTXoKeRMgPL3nxPHiQviP0HPFdTIuyPAWlB_6CsQl-PEsxXUieIl9MnI-Cf5hOYxJVPD2o4-GP-caOPA8-NKfwPCjxB6eOBn3x4YOYlhty9Eez4_Fx0djFoNfhX0KyTIi3Y0tCZglOBddhPke-0IGeC-nx7LizEJWcC0zSvmgXPtguHU-DZ3iOkscd_LhOFU--oFqcwUc7GQ_ep8iv4YeWPBM6hj5yHL2GBlfQvC1a3fiNM8fOo2vh40t58EZ-7VCkIf-RQ12UPAizRflxH030HFePX9j1oHmWIdRlKP2R-yH2pAbTJNIxzUHfwPHwoKFS48eT4wyeR2i3EI-LR4SPZGyOfMGJR9VQZhSakcH54EcOHVNuo0ycsZCqXCTyw8tT4cd-PA_OwWqS48iP5MEu5uCP6c3RlHmMNxGF68R_JKeR78V1Bj9-3JN05NVx2oRjHk-F_NieKMcXLfjmgYkmTgi_bFCQ70Gfw5pkNE-Jq1FGfMh1BQ_DCE0-FtOi4yHuPEd-eFG4Sbh2oa-GMBd-HU0ZxGmH5jsu_OnB4z2-hGhzhIlbJM4d9EcTSW_wHncY_EnRxErAPMdz5DneBD-N5tC85cjz4i-Y5Bo6xxgl58STWciDH81jlBpa_IduF36O8AuuIzz0I2SO5xvGM8vxkWico5T0ofWQ6RFEvpiuDDlD4kd-6CvyBY8VIewP8WvgjNGG0HpwpY3wC3erokezbMZPHXuOvB90MKmRJ1Jy9EcP5zH6HPkSHgq5BTmu4xqm_HiawNmDug_yHMnO4RdOYY4CR1KOn3COPyWaJTqSI190fLiU5vix87iO_Ci7HM0p0EoSFKeYo9-WBPoldGiaFrnT4-iFJquPI-uD54RiCX8uNPuMmsePH3iaotmPVs0L6BijHtV3PDl2Hc9xXIliYVfw5RKuJJIE50HJeCpyKhZ2KRvOo6-FMOPxfIQeTKlyo05wyXhy3IyHKk8DSdWMJzEm6oG-4zg_5EN09MRNDtrC5PiJ59Bf9IRvhJeEK0d0XDqEv4h-9InSwt_gJ8KPjlqOiyRT5Bp6uM7wjPhRPQL5PLhs5LiMMxPS58azQ0dOPXhe4cen48yigxyFMIcmEXl47MrwDG7yYMd13IrCGM-UXTh-MegvMFnIIz-SvWgcBv0cNHzwpzjxDnkS6BKY8YcnHB-iRdfxD_5xHKF_HMd_PJF0I8wiKWOGWsmGh8Y2sseDfN4FXcdzZM-T4Dp6bKGCPsjFHbs1SDvOID3xHJcSU-hnVN-PE7-i4DvMOBeScUGYKgsuOMrT4OkonMQv1EJ4XFFwaFkyzGeR5jiPH9GFa8dz6Az05YTPI6SiF-ePx2h-43AjiuiPHHomHenkGM8FJkV4BRy1Q_4evK5w0YGOopkcXJGhaw9y_fjzoCGHUnguTfiPZmSkCMmG_PjxXcMf1BTBJyHCHAlOfA-efQkeXQICsVSEPFFwSUfOH7rCEiHXw9xPXMMJP0eV-IQ6H_xxDn_R_ziTHk6U40d55BlnKMeTHOdNNDo0nciXHE-u4NljNBPODPeR7Ndw_DhT9JCvCXct5MFuFeEPHaFlNN8JPniewN9xWdnx4VtQvoP_g9fxh6gf4r_wJBGHZswshE46BT18feiTWMHbQH2PJ0Ou6KioXOngH9VxXUGeRFIIeRdCSRHx_Dj8HD0eIf4OPcNz3BfCPKJQXce-oFHEo01ynLnR5FzQt0OuDGd-vD-uB022HCW7HXtugUfPCFMu6IkcXIdupbhyolGD6qhTK3hpPDf0PEJoHX1ECaOXw_pARczwG6VGC3to4QiFRg1uBbmyH22OvMefwifRH-PxSQeraMGVRdnhf8j1KXhyNKFEomuUoPvhh0MuGU18SM-FOpOFK4kgnkIkHs-O_ri3BHUiBY-MXkez8Md8JMh-1NFD-AvOBRWJL-zRPEeyPwj5FF5-ZHqWQpOP6DFqHX6OniHuPTg1Id_GQ1MuIw0e9KSEvBKhC_FnfG8SWJWEC3lyNEr2QqOURwifDU0-49pxHaGXC6oonci1qRh_pM88aD1y2R6eD2VZNIw7PDn2LRw-HGEuBdqFmJ-MU3mCE8X4EKaSw3_gkkZI8imkH_HR50OzJwXt4BciK-ETaJmWFeGP486ORydCanUgukY-7O1x7ujxGnTNIz-hNY2RKzROCfeJfIeoHJmW7KiT48eP5kfXPLg75Dl0hIketEsO7keQ5FNx0Wi4A6aOM3CvIvyR9MtD_MIPv9iVg37QPEPtRNh_NGMjoqLyFHmcQ3Sk4NngQ38SlDrRNA3xS_jR-UdzXfgXvA_0BI6lIN9xPMaDSw-eEUN1NElz8DwuHfkJ6VlShIrGZoOD91QEPz_KMcGNa8HD4yaS6c-I7MO0WSKukML8w08JPjk-9YgsSXiOiwACiDMGCmaIAAYIKRAwAgigBALAKMKQUoQgQAQAzAFKgGJEPECkEIRQgwihAABCgCAAEAIAI4ZZgAQQhigFCTKIEAgMAMYiKQAAQABsiECIGIGFBAgxgIECBCDGEDFGECWQgkQI5w1DiADkBGIce-WsEYQZAISlxAEhEEFUQAAAEMZRhgBxSCiBGCIIOWOEcQIBgCBBBoFBgBBACeANEAIIYghxwgCDjDAMCOYIspwJZKDhAAnmkCXJCAWoMwYhxBhhXAhBAQOCAEUIMggJJSEwAChDqGEAAUKMAcYAI4wCjgACjCKGIWAEIpAIoI1QQBAEAEFGCWCsQZoBJAwjRgpFCESCCACQYIIAwoABwDEjhBRMGAAMEIoAAiggRAChjHCGEKOMIMC4ZDAgwBBmFAJUCkSJsMogxoAjiCChCCNAESQMcFRIiZgBQBDFAAUCATGAkMAIxShCQAlnCELEEKQBZggIRYUhDDiIAACOCgSIMgiKJQwzBigAFAIYMIYgIIAQJogC2ggiCLQCIC6I5UpABYAgxhGCGPBEMcUBREgYRxRiwHBvDGnBMCAYMAIASQQhSCEFlIEcI4sMAIAICKBiQViglAJBOCGoAMooJBAgCBAABEECKWSUMBIAgJQiQglChECAAkEgRAwYBhwFChhEEBEKCCIEIBYYZZBhxhFggLKEECESAAgYRZggiFEhgAOAAQeUI84IwRwAACABCAJCIAoAAAooAAgzQAgCFHFMOEOAcgCQDwBkECBBAAKAECMMEIgQIKABAgFBjAcAAEsIMwARAgwgCAghmCBMIUGMEEARYIRCxgGliEFAEiYMYoICgIEiggkkjBICAACFAwQSYARhTEgMBHAICaEAAooKAgQBUCCilDAEECIIMQwQYYAUAAAJhLDAAGgMYMoToIghQDBAJALDIiAQMkRJQ4BQxDijBBASQAKEZcAQgIAzFBlDBDOAACAYIoIZQxFR1BmjCESEGAAAoIQYBIQBxABCmFAOAw"], "date": ["1962"], "genre": ["Instrumental"], "musicbrainz album type": ["Album"], "musicip_puid": ["36489f80-8c57-9ec3-c4d9-6c1b15fe1e97"], "musicbrainz_recordingid": ["0b0e8bf6-c501-4972-ad39-d7cb0aece7e9"], "musicbrainz_albumartistid": ["a75df285-0e05-4d81-9939-5f86f15babf9"], "musicbrainz_albumid": ["104b89d8-b09d-403d-b312-5bb69a7b6e45"], "artist": ["Nelson Riddle & His Orchestra"], "tracknumber": ["09"], "bpm": ["153.20"], "album": ["Route 66 Theme and Other Great TV Themes"], "musicbrainz album release country": ["United States"], "acoustid_id": ["a35dc56f-ec1b-4af8-90e9-e62cffa1a50e"], "musicbrainz_artistid": ["a75df285-0e05-4d81-9939-5f86f15babf9"], "file_name": "Nelson Riddle & His Orchestra - The Defenders Theme.mp3"}}, "rhythm": {"bpm_histogram_first_peak_bpm": {"dmean2": 0, "median": 157, "min": 157, "dvar2": 0, "dvar": 0, "dmean": 0, "max": 157, "var": 0, "mean": 157}, "bpm": 154.641769409, "bpm_histogram_second_peak_spread": {"dmean2": 0, "median": 0.119205273688, "min": 0.119205273688, "dvar2": 0, "dvar": 0, "dmean": 0, "max": 0.119205273688, "var": 0, "mean": 0.119205273688}, "bpm_histogram_first_peak_weight": {"dmean2": 0, "median": 0.474801063538, "min": 0.474801063538, "dvar2": 0, "dvar": 0, "dmean": 0, "max": 0.474801063538, "var": 0, "mean": 0.474801063538}, "onset_rate": 3.26143717766, "beats_position": [0.429569154978, 0.870748281479, 1.31192743778, 1.72988653183, 2.12462592125, 2.51936507225, 2.90249419212, 3.29723358154, 3.69197273254, 4.08671188354, 4.48145103455, 4.86458063126, 5.24770975113, 5.630838871, 6.01396799088, 6.39709758759, 6.78022670746, 7.16335582733, 7.5464849472, 7.94122457504, 8.32435321808, 8.70748329163, 9.0906124115, 9.47374153137, 9.86848068237, 10.2632198334, 10.6347389221, 11.017868042, 11.4009971619, 11.7841272354, 12.1672563553, 12.5619955063, 12.9451246262, 13.328253746, 13.7113828659, 14.0945119858, 14.4660310745, 14.8375511169, 15.2206802368, 15.6038093567, 15.9869384766, 16.3700675964, 16.7415866852, 17.1247158051, 17.5078449249, 17.8909740448, 18.2741031647, 18.6572322845, 19.0403633118, 19.4234924316, 19.7950115204, 20.1781406403, 20.549659729, 20.9211788177, 21.2926979065, 21.6758270264, 22.0589561462, 22.4420852661, 22.825214386, 23.2083435059, 23.5914726257, 23.9862117767, 24.3809528351, 24.764081955, 25.158821106, 25.5419502258, 25.9250793457, 26.3082084656, 26.7029476166, 27.0860767365, 27.4692058563, 27.8639450073, 28.2470741272, 28.6302032471, 29.0133323669, 29.3964614868, 29.7795906067, 30.1627197266, 30.5458488464, 30.9289798737, 31.3121089935, 31.6952381134, 32.0783653259, 32.4614944458, 32.8446235657, 33.2277526855, 33.6108856201, 33.99401474, 34.3771438599, 34.7602729797, 35.1434020996, 35.5265312195, 35.8980484009, 36.2811775208, 36.6643066406, 37.0474357605, 37.4305648804, 37.8020858765, 38.1852149963, 38.5683441162, 38.9514732361, 39.334602356, 39.7177314758, 40.1008605957, 40.4839897156, 40.8671188354, 41.2386398315, 41.6217689514, 42.0165061951, 42.3996353149, 42.7827644348, 43.1658935547, 43.5490226746, 43.9321517944, 44.3036727905, 44.6868019104, 45.0583229065, 45.4298400879, 45.8129692078, 46.1960983276, 46.5792274475, 46.9739685059, 47.3687057495, 47.7518348694, 48.1349639893, 48.5180931091, 48.9128341675, 49.3075714111, 49.690700531, 50.0738296509, 50.4569587708, 50.8516998291, 51.234828949, 51.6179580688, 52.0126991272, 52.4074363708, 52.7905654907, 53.1736946106, 53.5684356689, 53.9515647888, 54.3346939087, 54.7178230286, 55.1009521484, 55.4956893921, 55.878818512, 56.2619476318, 56.6450767517, 57.0282058716, 57.4229469299, 57.8060760498, 58.1892051697, 58.583946228, 58.9670753479, 59.3502044678, 59.7449417114, 60.1396827698, 60.5344200134, 60.9291610718, 61.3238983154, 61.7186393738, 62.1133766174, 62.5081176758, 62.9028549194, 63.2859840393, 63.6691131592, 64.0522460938, 64.4353713989, 64.8301086426, 65.2248535156, 65.6195907593, 66.0027160645, 66.385848999, 66.7689819336, 67.1521072388, 67.5468444824, 67.9183654785, 68.3014984131, 68.6846237183, 69.0793609619, 69.4624938965, 69.8456192017, 70.2403640747, 70.6234893799, 71.0066223145, 71.4013595581, 71.7960968018, 72.1908340454, 72.5855789185, 72.9803161621, 73.3750534058, 73.7697982788, 74.152923584, 74.5476608276, 74.9424057007, 75.3371429443, 75.731880188, 76.1150131226, 76.5097503662, 76.8928756714, 77.276008606, 77.6707458496, 78.0654830933, 78.4602279663, 78.85496521, 79.2264862061, 79.6212234497, 80.0159606934, 80.410697937, 80.8054428101, 81.2001800537, 81.5833053589, 81.9780502319, 82.3611755371, 82.7559204102, 83.1506576538, 83.5570068359, 83.9633560181, 84.3580932617, 84.7528305054, 85.1359634399, 85.5307006836, 85.9370498657, 86.3317871094, 86.7265319824, 87.1212692261, 87.5276184082, 87.9223556519, 88.3054885864, 88.7002258301, 89.0949630737, 89.4897003174, 89.8844451904, 90.2791824341, 90.6739196777, 91.0570526123, 91.451789856, 91.8465270996, 92.2296600342, 92.6243972778, 93.03074646, 93.4370956421, 93.8434448242, 94.2265777588, 94.6213150024, 95.0160522461, 95.3991851807, 95.7823104858, 96.1770477295, 96.5717926025, 96.9665298462, 97.3612670898, 97.7444000244, 98.1391372681, 98.5338745117, 98.9170074463, 99.3117446899, 99.7064819336, 100.101219177, 100.49596405, 100.890701294, 101.285438538, 101.680175781, 102.074920654, 102.469657898, 102.864395142, 103.259140015, 103.630653381, 104.013786316, 104.420135498, 104.814872742, 105.209609985, 105.615959167, 106.033920288, 106.44026947, 106.835006714, 107.241355896, 107.647705078, 108.05405426, 108.448799133, 108.843536377, 109.249885559, 109.656234741, 110.039360046, 110.457321167, 110.852058411, 111.246803284, 111.641540527, 112.036277771, 112.442626953, 112.848976135, 113.243713379, 113.638458252, 114.021583557, 114.404716492, 114.799453735, 115.194190979, 115.600540161, 115.995285034, 116.390022278, 116.773147583, 117.167892456, 117.551017761, 117.934150696, 118.328887939, 118.712013245, 119.095146179, 119.478271484, 119.861404419, 120.244529724, 120.627662659, 121.010787964, 121.393920898, 121.777046204, 122.160179138, 122.543312073, 122.926437378, 123.309570313, 123.692695618, 124.087432861, 124.482177734, 124.86530304, 125.248435974, 125.631561279, 126.014694214, 126.397819519, 126.780952454, 127.175689697, 127.570426941, 127.965164185, 128.348297119, 128.731430054, 129.126159668, 129.509292603, 129.892425537, 130.28717041, 130.670288086, 131.065032959, 131.459777832, 131.842895508, 132.226028442, 132.597549438, 132.980682373, 133.352203369, 133.723709106, 134.118453979, 134.513198853, 134.896316528, 135.279449463, 135.662582397, 136.045715332, 136.428848267, 136.823577881, 137.206710815, 137.601455688, 137.996185303, 138.390930176, 138.808883667, 139.226852417, 139.691238403, 140.14402771, 140.585220337, 141.014785767, 141.444351196, 141.873916626, 142.315093994, 142.791107178, 143.267120361, 143.743133545, 144.21913147, 144.706756592, 145.182769775, 145.6587677, 146.134780884, 146.610794067, 147.098403931, 147.586029053, 148.062042236, 148.5496521], "beats_loudness": {"dmean2": 0.0309308059514, "median": 0.02166938968, "min": 4.87909273943e-05, "dvar2": 0.00096229754854, "dvar": 0.000315177661832, "dmean": 0.0173457823694, "max": 0.164311468601, "var": 0.000480002345284, "mean": 0.0277977902442}, "danceability": 1.13274943829, "bpm_histogram_second_peak_weight": {"dmean2": 0, "median": 0.352785140276, "min": 0.352785140276, "dvar2": 0, "dvar": 0, "dmean": 0, "max": 0.352785140276, "var": 0, "mean": 0.352785140276}, "beats_count": 378, "bpm_histogram_second_peak_bpm": {"dmean2": 0, "median": 152, "min": 152, "dvar2": 0, "dvar": 0, "dmean": 0, "max": 152, "var": 0, "mean": 152}, "bpm_histogram_first_peak_spread": {"dmean2": 0, "median": 0.0913705378771, "min": 0.0913705378771, "dvar2": 0, "dvar": 0, "dmean": 0, "max": 0.0913705378771, "var": 0, "mean": 0.0913705378771}, "beats_loudness_band_ratio": {"dmean2": [0.36977943778, 0.325619667768, 0.223861247301, 0.137873917818, 0.0694566965103, 0.0305120237172], "median": [0.322749495506, 0.334917545319, 0.154351815581, 0.0728289335966, 0.0306558646262, 0.00690860813484], "min": [0.00103440321982, 0.00829990766943, 0.00422154832631, 0.00038225739263, 5.37491941941e-05, 0.000229846729781], "dvar2": [0.0928321927786, 0.0514401942492, 0.0376385971904, 0.0256002862006, 0.0066462601535, 0.0019724376034], "dvar": [0.0331749692559, 0.0212571099401, 0.013741443865, 0.00919765699655, 0.00228544767015, 0.00068820535671], "dmean": [0.218701183796, 0.190558493137, 0.132892951369, 0.0814987719059, 0.0387605838478, 0.0164060927927], "max": [0.976249217987, 0.893589198589, 0.839577615261, 0.782552778721, 0.306407898664, 0.189698472619], "var": [0.0700051411986, 0.040946688503, 0.0330834425986, 0.0117873251438, 0.00307616358623, 0.000544140639249], "mean": [0.355474472046, 0.352353453636, 0.215050920844, 0.106493085623, 0.0491095557809, 0.0149196404964]}}, "lowlevel": {"barkbands_spread": {"dmean2": 4.50857400894, "median": 11.0529136658, "min": 0.753371715546, "dvar2": 23.6403713226, "dvar": 10.3574705124, "dmean": 2.9037964344, "max": 88.1111297607, "var": 49.3801841736, "mean": 12.0672578812}, "melbands_spread": {"dmean2": 6.26507139206, "median": 13.1556243896, "min": 0.672830939293, "dvar2": 49.4115104675, "dvar": 24.0349349976, "dmean": 4.08540391922, "max": 148.437774658, "var": 106.37701416, "mean": 15.1882362366}, "hfc": {"dmean2": 4.24807024002, "median": 6.12373638153, "min": 1.17634440172e-16, "dvar2": 54.4637718201, "dvar": 24.4553165436, "dmean": 2.90868926048, "max": 90.2208251953, "var": 149.356201172, "mean": 10.4828720093}, "barkbands_kurtosis": {"dmean2": 5.30441761017, "median": 2.35090827942, "min": -1.82605600357, "dvar2": 75.8360900879, "dvar": 34.4595489502, "dmean": 3.48359632492, "max": 134.134384155, "var": 140.789978027, "mean": 6.75108194351}, "gfcc": {"mean": [-75.880279541, 127.709762573, -129.90045166, 12.9810686111, -57.0507011414, -5.38611793518, -43.269733429, -0.330688893795, -33.5561218262, -2.81575417519, -21.8853607178, -7.57454013824, -11.8541250229], "icov": [[0.00031153310556, -0.000511166523211, 0.000636660028249, -0.000459777947981, 0.000459817645606, -0.000172609841684, 5.61522538192e-05, -0.000325421075104, 0.000420106691308, -0.000335636315867, 0.000138081086334, 0.000206553304452, 0.000114798021968], [-0.000511166523211, 0.00768134742975, -0.00350544415414, 0.00373552460223, -0.00555730983615, 0.00329324160703, -0.00447175605223, 0.00514736585319, -0.00524527253583, 0.00566066801548, -0.00600259145722, 0.00455545913428, -0.00435831863433], [0.000636660028249, -0.00350544415414, 0.00383166456595, -0.00352433696389, 0.00324020069093, -0.00240026018582, 0.000766617071349, -0.000133256442496, 0.000999654876068, -0.00224249367602, 0.00381774338894, -0.00264593842439, 0.00232976558618], [-0.000459777947981, 0.00373552460223, -0.00352433696389, 0.00592681951821, -0.00402985746041, 0.00222420599312, -0.000824568269309, -0.000911958457436, 0.00031576785841, 0.00242571742274, -0.00349927204661, 0.00368609745055, -0.00223287777044], [0.000459817645606, -0.00555730983615, 0.00324020069093, -0.00402985746041, 0.00998852029443, -0.00352846039459, 0.00157536321785, -0.00213660253212, 0.00186863460112, -0.0013223241549, 0.00349843152799, -0.00289076264016, 0.00421026675031], [-0.000172609841684, 0.00329324160703, -0.00240026018582, 0.00222420599312, -0.00352846039459, 0.0100924754515, -0.00642046704888, 0.0036775059998, -0.00242936308496, -8.74396573636e-05, -0.00123664096463, -0.00112092669588, -0.00104761612602], [5.61522538192e-05, -0.00447175605223, 0.000766617071349, -0.000824568269309, 0.00157536321785, -0.00642046704888, 0.0179490279406, -0.0098493732512, 0.00432025641203, -0.00221799826249, 0.000940819154494, 0.00183442537673, -0.000570408068597], [-0.000325421075104, 0.00514736585319, -0.000133256442496, -0.000911958457436, -0.00213660253212, 0.0036775059998, -0.0098493732512, 0.0198622364551, -0.0111878877506, 0.00367100490257, 0.000492251885589, -0.00364751578309, 0.00270421826281], [0.000420106691308, -0.00524527253583, 0.000999654876068, 0.00031576785841, 0.00186863460112, -0.00242936308496, 0.00432025641203, -0.0111878877506, 0.0226599220186, -0.0102611333132, 0.000255398423178, 0.0053800563328, -0.00227954471484], [-0.000335636315867, 0.00566066801548, -0.00224249367602, 0.00242571742274, -0.0013223241549, -8.74396573636e-05, -0.00221799826249, 0.00367100490257, -0.0102611333132, 0.0194349680096, -0.00742569565773, 8.28963602544e-05, 0.000976643641479], [0.000138081086334, -0.00600259145722, 0.00381774338894, -0.00349927204661, 0.00349843152799, -0.00123664096463, 0.000940819154494, 0.000492251885589, 0.000255398423178, -0.00742569565773, 0.0231745522469, -0.0125685175881, 0.00648619607091], [0.000206553304452, 0.00455545913428, -0.00264593842439, 0.00368609745055, -0.00289076264016, -0.00112092669588, 0.00183442537673, -0.00364751578309, 0.0053800563328, 8.28963602544e-05, -0.0125685175881, 0.0258835647255, -0.0116658071056], [0.000114798021968, -0.00435831863433, 0.00232976558618, -0.00223287777044, 0.00421026675031, -0.00104761612602, -0.000570408068597, 0.00270421826281, -0.00227954471484, 0.000976643641479, 0.00648619607091, -0.0116658071056, 0.0229876674712]], "cov": [[6070.04248047, 29.6622333527, -1516.89343262, -165.674057007, 18.7567539215, -260.067626953, 17.4370880127, 113.33782196, -1.39564955235, -42.8530311584, 89.6629638672, -140.075057983, -9.93709182739], [29.6622333527, 721.001220703, 231.807373047, -83.0771789551, 184.483337402, 3.13631677628, 76.1619110107, -103.428215027, 54.0236129761, -95.7523269653, 25.5985794067, -64.6308288574, 54.800868988], [-1516.89343262, 231.807373047, 1190.61730957, 353.980255127, 14.0784578323, 154.517059326, 51.6417808533, -60.4927101135, -5.63922929764, -10.5328044891, -67.8887939453, 7.31297779083, 0.856490671635], [-165.674057007, -83.0771789551, 353.980255127, 464.688079834, 60.0286064148, 2.2491004467, 11.7024116516, 40.0641479492, -34.6272697449, -27.1760997772, -32.2238464355, -22.2692317963, -25.4647769928], [18.7567539215, 184.483337402, 14.0784578323, 60.0286064148, 215.277206421, 25.571144104, 32.6962051392, -2.83414316177, 6.14665412903, -36.3021621704, 0.733576416969, -21.0632019043, -6.57578754425], [-260.067626953, 3.13631677628, 154.517059326, 2.2491004467, 25.571144104, 180.299285889, 54.373500824, -2.27748179436, 11.8926181793, 27.8283023834, 1.19976770878, 22.7813262939, 2.82180809975], [17.4370880127, 76.1619110107, 51.6417808533, 11.7024116516, 32.6962051392, 54.373500824, 105.590698242, 35.1451911926, 17.4140930176, -0.423451423645, -0.0833202004433, -9.02346229553, 2.41997075081], [113.33782196, -103.428215027, -60.4927101135, 40.0641479492, -2.83414316177, -2.27748179436, 35.1451911926, 115.966545105, 32.9512367249, 19.1890544891, -2.90063452721, 2.40666103363, -18.0155029297], [-1.39564955235, 54.0236129761, -5.63922929764, -34.6272697449, 6.14665412903, 11.8926181793, 17.4140930176, 32.9512367249, 90.7774581909, 36.2465705872, 10.8648014069, -13.8901538849, 0.77684289217], [-42.8530311584, -95.7523269653, -10.5328044891, -27.1760997772, -36.3021621704, 27.8283023834, -0.423451423645, 19.1890544891, 36.2465705872, 104.68687439, 26.8179130554, 19.425321579, -12.4253444672], [89.6629638672, 25.5985794067, -67.8887939453, -32.2238464355, 0.733576416969, 1.19976770878, -0.0833202004433, -2.90063452721, 10.8648014069, 26.8179130554, 79.43699646, 28.590221405, 0.448535561562], [-140.075057983, -64.6308288574, 7.31297779083, -22.2692317963, -21.0632019043, 22.7813262939, -9.02346229553, 2.40666103363, -13.8901538849, 19.425321579, 28.590221405, 80.6454162598, 20.586971283], [-9.93709182739, 54.800868988, 0.856490671635, -25.4647769928, -6.57578754425, 2.82180809975, 2.41997075081, -18.0155029297, 0.77684289217, -12.4253444672, 0.448535561562, 20.586971283, 65.8190231323]]}, "spectral_energyband_middle_low": {"dmean2": 0.00719721522182, "median": 0.00626721419394, "min": 3.00207820618e-22, "dvar2": 0.000197358371224, "dvar": 8.31337601994e-05, "dmean": 0.00472209742293, "max": 0.153156936169, "var": 0.00024876819225, "mean": 0.0119715062901}, "melbands_crest": {"dmean2": 5.0900888443, "median": 13.3151893616, "min": 2.63529467583, "dvar2": 18.287021637, "dvar": 7.59179735184, "dmean": 3.16279506683, "max": 32.4029808044, "var": 26.7383098602, "mean": 14.0268192291}, "spectral_kurtosis": {"dmean2": 5.25859737396, "median": 7.65453147888, "min": -1.17444050312, "dvar2": 26.5380764008, "dvar": 9.58573150635, "dmean": 3.12451171875, "max": 43.3467330933, "var": 29.8333854675, "mean": 9.13781261444}, "spectral_rms": {"dmean2": 0.000883969420101, "median": 0.00326707120985, "min": 3.21846846049e-12, "dvar2": 1.28642818709e-06, "dvar": 6.20569608145e-07, "dmean": 0.00062550441362, "max": 0.0127367358655, "var": 4.09046288041e-06, "mean": 0.00362384412438}, "zerocrossingrate": {"dmean2": 0.00663677416742, "median": 0.0361328125, "min": 0.00390625, "dvar2": 7.76644737925e-05, "dvar": 6.40186335659e-05, "dmean": 0.00551186362281, "max": 0.50732421875, "var": 0.000353557639755, "mean": 0.0385269746184}, "silence_rate_60dB": {"dmean2": 0.10037406534, "median": 0, "min": 0, "dvar2": 0.102764584124, "dvar": 0.0476632639766, "dmean": 0.0501792132854, "max": 1, "var": 0.139238268137, "mean": 0.167186036706}, "erbbands_kurtosis": {"dmean2": 1.68674337864, "median": -0.137858942151, "min": -1.78226745129, "dvar2": 7.87982988358, "dvar": 3.72152423859, "dmean": 1.07912099361, "max": 77.9350738525, "var": 12.4524564743, "mean": 0.812507390976}, "erbbands": {"dmean2": [0.00221531372517, 0.115710251033, 1.41878843307, 2.9710714817, 8.56569480896, 15.726556778, 12.3760547638, 13.2088890076, 13.2582607269, 21.7783622742, 37.0352592468, 20.4846229553, 28.4914417267, 18.2899665833, 23.1579284668, 22.6082763672, 12.1597223282, 19.9517822266, 18.9205341339, 13.7030115128, 10.353017807, 7.08130979538, 5.95967531204, 7.9204120636, 4.28445863724, 3.06440353394, 1.30212640762, 0.695151686668, 0.409046322107, 0.205489546061, 0.120958723128, 0.0667609721422, 0.0649388208985, 0.0339867584407, 0.0274556167424, 0.00789569225162, 0.00275829713792, 0.00031011927058, 7.82820188761e-06, 9.76548835752e-06], "median": [0.00124200736172, 0.0505452156067, 0.441046357155, 1.06681203842, 2.97941064835, 4.60321855545, 3.9098007679, 4.88990259171, 5.42671203613, 6.71999740601, 6.38615989685, 5.68994522095, 7.40759181976, 5.59532642365, 6.30599975586, 5.78966283798, 4.62368440628, 4.46547842026, 4.27789545059, 5.07819414139, 3.56313252449, 3.04132151604, 2.58179855347, 2.13560009003, 1.16686105728, 0.943529188633, 0.49778085947, 0.228953465819, 0.138294577599, 0.0745466947556, 0.0368132516742, 0.0227120853961, 0.0190574005246, 0.0097526255995, 0.00740255229175, 0.00226086145267, 0.000768103869632, 7.24688579794e-05, 8.15908515506e-06, 1.28843857965e-05], "min": [4.4512777882e-22, 7.5002251364e-21, 6.25959945885e-20, 1.60487721291e-19, 1.26324089243e-19, 1.70606673423e-19, 1.39283928565e-19, 4.95754053124e-19, 5.95974325563e-19, 6.25225706769e-19, 6.80043896541e-19, 1.40255410836e-18, 1.61582639588e-18, 4.65947447611e-18, 1.94306959276e-18, 2.46313706903e-18, 5.38188687381e-18, 4.86946626872e-18, 1.1747282397e-17, 1.23513120141e-17, 5.73952957859e-18, 4.1506297728e-18, 7.77610325421e-18, 1.67964945992e-17, 7.57221481374e-18, 1.22365928165e-17, 1.31969329641e-17, 1.66205003434e-17, 1.94177240813e-17, 1.20908725439e-17, 1.98689378705e-17, 2.3427286886e-17, 1.66519613308e-17, 1.35259490158e-17, 9.18271230532e-18, 7.86347751513e-18, 3.11964261066e-18, 1.07542578619e-18, 2.81701605032e-19, 3.27280180899e-20], "dvar2": [1.58913026098e-05, 0.0516902282834, 10.7251958847, 59.0678787231, 352.0987854, 1623.71838379, 800.631103516, 862.172241211, 782.023864746, 4490.99951172, 13391.7646484, 2767.94799805, 12641.8740234, 4502.97265625, 4819.72314453, 5305.99072266, 619.032958984, 4597.66796875, 3271.47729492, 1549.86865234, 697.289978027, 220.833465576, 141.926330566, 347.033813477, 134.951049805, 50.7398300171, 9.12306976318, 2.0227701664, 0.628056645393, 0.157127782702, 0.0536556616426, 0.0164996534586, 0.0185653399676, 0.00449064467102, 0.00311282114126, 0.000230306017329, 3.31278533849e-05, 4.90741570047e-07, 1.99579033855e-10, 2.9632807319e-10], "dvar": [7.02992474544e-06, 0.0243841037154, 5.43256759644, 26.8950996399, 150.449874878, 630.134033203, 351.188079834, 370.52545166, 399.578735352, 1710.36865234, 5188.7578125, 1323.51696777, 5650.18994141, 2209.14794922, 2193.52758789, 2243.97851563, 280.45602417, 1561.6529541, 1392.21508789, 565.860656738, 262.400299072, 86.7250747681, 57.2377624512, 133.031448364, 51.4068832397, 22.1853809357, 3.55154418945, 0.828397154808, 0.249678134918, 0.0619978606701, 0.0213158782572, 0.00651369523257, 0.00721044326201, 0.00181348004844, 0.0014205777552, 9.83083518804e-05, 1.43668130477e-05, 2.01944700962e-07, 8.71817618098e-11, 1.29853683362e-10], "dmean": [0.00147839437705, 0.0773627907038, 0.986131191254, 1.97703850269, 5.48325777054, 9.70610141754, 7.72121334076, 8.3894071579, 8.86490154266, 13.4501533508, 22.4901866913, 13.4017677307, 18.6976833344, 12.1320142746, 14.7712516785, 14.7168130875, 7.90473365784, 12.0228033066, 12.1282949448, 8.41722869873, 6.33673429489, 4.27725172043, 3.71980714798, 4.88942289352, 2.64451694489, 1.92894017696, 0.813209176064, 0.438814073801, 0.258666485548, 0.129729405046, 0.0750687271357, 0.0419493243098, 0.040304094553, 0.021355824545, 0.0177201963961, 0.00499797565863, 0.00175998511259, 0.000192320236238, 5.27415431861e-06, 6.68329630571e-06], "max": [0.0458867326379, 3.08438324928, 43.3601379395, 218.768920898, 396.515808105, 459.030700684, 679.625488281, 388.040863037, 586.505554199, 933.723327637, 1551.90197754, 1207.79101563, 2302.25268555, 2070.56518555, 1906.25415039, 1310.24072266, 377.378692627, 1384.64587402, 1241.02404785, 899.094360352, 431.650482178, 237.706054688, 141.394866943, 245.746612549, 185.353973389, 121.038887024, 41.9505310059, 19.7187690735, 9.22032928467, 4.43141365051, 3.78117370605, 1.017816782, 1.90113818645, 0.750377118587, 1.27079463005, 0.19315251708, 0.0598635450006, 0.00818030070513, 0.000155368703417, 0.000181856230483], "var": [1.80811875907e-05, 0.0545115284622, 12.0306425095, 119.984954834, 484.884246826, 935.992919922, 869.287719727, 957.976928711, 1530.31176758, 2610.29052734, 11533.8349609, 3877.53442383, 12397.9560547, 6054.59228516, 5054.74560547, 3911.76904297, 1121.22644043, 2609.16064453, 3179.04321289, 1036.58972168, 519.470947266, 192.853744507, 181.489868164, 349.623352051, 117.724494934, 59.8363494873, 11.6404018402, 2.61257243156, 0.741006374359, 0.154984489083, 0.0535355173051, 0.0124915502965, 0.0120092863217, 0.00371651817113, 0.00427325163037, 0.000234082719544, 2.95170193567e-05, 3.53910877493e-07, 2.73061101508e-10, 4.88773244101e-10], "mean": [0.00291772698984, 0.13861900568, 1.62465500832, 4.06635951996, 10.4065895081, 14.5687856674, 12.690577507, 14.8581552505, 18.3183231354, 22.2296962738, 37.8828048706, 25.3090286255, 31.073846817, 23.0939540863, 25.2732505798, 25.3250961304, 16.3675060272, 19.9088859558, 21.3673915863, 15.8945798874, 11.6330852509, 8.30923461914, 7.8415851593, 9.66421031952, 5.20872306824, 3.93123912811, 1.80635595322, 0.872608244419, 0.502372384071, 0.24015571177, 0.131067231297, 0.070907741785, 0.0652470439672, 0.0357041843235, 0.0321736335754, 0.00863325130194, 0.00291514769197, 0.000287664268399, 1.42781127579e-05, 2.05808446481e-05]}, "spectral_strongpeak": {"dmean2": 0.682094573975, "median": 0.574512124062, "min": 2.94809821e-09, "dvar2": 0.961939334869, "dvar": 0.411266177893, "dmean": 0.419872939587, "max": 10.0924701691, "var": 1.07073867321, "mean": 0.920180678368}, "spectral_energy": {"dmean2": 0.00864773336798, "median": 0.0109405992553, "min": 1.06175021268e-20, "dvar2": 0.000236361098359, "dvar": 0.000103379912616, "dmean": 0.0058973794803, "max": 0.166280061007, "var": 0.000372220150894, "mean": 0.0176532175392}, "average_loudness": 0.633584141731, "spectral_rolloff": {"dmean2": 396.821380615, "median": 861.328125, "min": 107.666015625, "dvar2": 361747.40625, "dvar": 188910.28125, "dmean": 241.21182251, "max": 19099.9511719, "var": 508355.6875, "mean": 994.32409668}, "spectral_centroid": {"dmean2": 248.328430176, "median": 780.166381836, "min": 159.599029541, "dvar2": 84910.40625, "dvar": 48712.1015625, "dmean": 163.502914429, "max": 10630.4355469, "var": 254832.40625, "mean": 897.483886719}, "pitch_salience": {"dmean2": 0.114141725004, "median": 0.558400332928, "min": 0.120332099497, "dvar2": 0.00959195476025, "dvar": 0.00396006088704, "dmean": 0.0717062354088, "max": 0.886542499065, "var": 0.0116555606946, "mean": 0.550662517548}, "spectral_energyband_middle_high": {"dmean2": 0.00176315859426, "median": 0.00157553423196, "min": 1.42883323818e-21, "dvar2": 1.35947029776e-05, "dvar": 6.14162127022e-06, "dmean": 0.00118504243437, "max": 0.0735391974449, "var": 2.96065427392e-05, "mean": 0.00361466291361}, "spectral_contrast_coeffs": {"dmean2": [0.0877084061503, 0.0788217559457, 0.0658222809434, 0.0517190918326, 0.0413818694651, 0.0347186885774], "median": [-0.564463913441, -0.74518930912, -0.761489510536, -0.767922222614, -0.77437120676, -0.762305498123], "min": [-0.954834222794, -0.970864713192, -0.954248487949, -0.959280729294, -0.957697510719, -0.958104431629], "dvar2": [0.00516158388928, 0.00384752266109, 0.00277586956508, 0.00169681035914, 0.00114217249211, 0.000821522204205], "dvar": [0.00197359570302, 0.00146248133387, 0.00111126701813, 0.000675671210047, 0.000478673580801, 0.000318321806844], "dmean": [0.0531596206129, 0.0481140613556, 0.0404285155237, 0.0316699407995, 0.0256459750235, 0.0214135199785], "max": [-0.250997304916, -0.392367362976, -0.421591281891, -0.535676419735, -0.544247865677, -0.548290014267], "var": [0.00840671826154, 0.00615965155885, 0.00537150446326, 0.00364513671957, 0.00359593355097, 0.00211740774103], "mean": [-0.559904932976, -0.735838651657, -0.75186496973, -0.767101705074, -0.773352146149, -0.755769312382]}, "melbands_skewness": {"dmean2": 0.922644615173, "median": 2.06625032425, "min": -1.33543753624, "dvar2": 0.813800632954, "dvar": 0.380263566971, "dmean": 0.611337125301, "max": 11.4071016312, "var": 2.25895023346, "mean": 2.3566172123}, "spectral_spread": {"dmean2": 562380, "median": 2938841, "min": 1255167.25, "dvar2": 606556258304, "dvar": 368517447680, "dmean": 366088.09375, "max": 40394396, "var": 1029627904000.0, "mean": 3143733.25}, "dissonance": {"dmean2": 0.0432882234454, "median": 0.454799860716, "min": 0.22376306355, "dvar2": 0.00143629417289, "dvar": 0.000517460866831, "dmean": 0.0255415085703, "max": 0.500000178814, "var": 0.00135314860381, "mean": 0.446271568537}, "spectral_skewness": {"dmean2": 0.507177352905, "median": 1.99036622047, "min": 0.0333926305175, "dvar2": 0.201873764396, "dvar": 0.0771655216813, "dmean": 0.309767156839, "max": 4.99973106384, "var": 0.408718705177, "mean": 2.12480640411}, "spectral_flux": {"dmean2": 0.0284991059452, "median": 0.0470387451351, "min": 1.03041263022e-10, "dvar2": 0.00126466923393, "dvar": 0.00055316434009, "dmean": 0.0178231913596, "max": 0.301474153996, "var": 0.00153103342745, "mean": 0.0569054372609}, "spectral_contrast_valleys": {"dmean2": [0.761488854885, 0.645717382431, 0.550815582275, 0.479539781809, 0.418262690306, 0.476449906826], "median": [-8.13808059692, -6.83041572571, -7.59833431244, -8.24703216553, -8.59214305878, -11.9069747925], "min": [-27.3864212036, -27.2193202972, -27.3384742737, -27.0405273438, -27.2441139221, -27.350944519], "dvar2": [0.403853535652, 0.312465429306, 0.226197257638, 0.173637881875, 0.13547873497, 0.202214479446], "dvar": [0.187400326133, 0.153263747692, 0.114285364747, 0.0954486355186, 0.081843405962, 0.117102496326], "dmean": [0.470729410648, 0.405096024275, 0.347361803055, 0.302113860846, 0.271928876638, 0.339563667774], "max": [-6.0144739151, -4.43899440765, -5.37327957153, -5.90976333618, -6.41331911087, -9.76892566681], "var": [0.864735603333, 0.780455589294, 0.927814185619, 0.96550232172, 0.816547095776, 0.495799690485], "mean": [-8.2364025116, -6.85837459564, -7.69609355927, -8.29053211212, -8.59555053711, -11.7561531067]}, "erbbands_flatness_db": {"dmean2": 0.0246540941298, "median": 0.198496162891, "min": 0.0681456178427, "dvar2": 0.000515435356647, "dvar": 0.000261336826952, "dmean": 0.0167549047619, "max": 0.384599238634, "var": 0.00176914723124, "mean": 0.203670471907}, "spectral_energyband_high": {"dmean2": 5.66901217098e-05, "median": 2.71984572464e-05, "min": 7.60231974194e-21, "dvar2": 1.10796349873e-08, "dvar": 4.77311568048e-09, "dmean": 3.71824753529e-05, "max": 0.00133849983104, "var": 2.1981337639e-08, "mean": 9.16571225389e-05}, "spectral_entropy": {"dmean2": 0.255493402481, "median": 7.0592508316, "min": 5.00003385544, "dvar2": 0.0613467022777, "dvar": 0.0299030840397, "dmean": 0.171482220292, "max": 9.79083633423, "var": 0.176336944103, "mean": 6.99291658401}, "silence_rate_20dB": {"dmean2": 0, "median": 1, "min": 1, "dvar2": 0, "dvar": 0, "dmean": 0, "max": 1, "var": 0, "mean": 1}, "melbands_flatness_db": {"dmean2": 0.0347480550408, "median": 0.243390589952, "min": 0.0078494194895, "dvar2": 0.000985147897154, "dvar": 0.000524798990227, "dmean": 0.0238597281277, "max": 0.505899369717, "var": 0.00469983741641, "mean": 0.249987736344}, "barkbands": {"dmean2": [6.0251937839e-07, 0.000324644090142, 0.00160183978733, 0.00113615521695, 0.00399316800758, 0.00145685125608, 0.00102247542236, 0.00170129258186, 0.00086235353956, 0.0008944571