{"metadata": {"tags": {"label": ["Hollywood Records"], "genre": ["Soul"], "album": ["Eleven Roses"], "musicbrainz album type": ["mixtape/street"], "script": ["Latn"], "albumartistsort": ["Ward, ZZ"], "musicbrainz album release country": ["XW"], "acoustid_id": ["591d45a7-f9bf-4805-9869-a6f71f153052"], "musicbrainz_artistid": ["5fd5ef7b-272d-4284-ac10-ae0d48ae80f5"], "musicbrainz_releasegroupid": ["036e6f48-7a53-43bb-af21-b4ef07607357"], "musicbrainz_recordingid": ["0b11570a-47b3-4f40-82e1-4c2ec64b3f3f"], "musicbrainz album status": ["Official"], "albumartist": ["ZZ Ward"], "originaldate": ["2012-02-01"], "artist": ["ZZ Ward"], "bpm": ["0"], "musicbrainz_albumid": ["50c79e3a-9620-498e-b525-d3f05967e7b7"], "artistsort": ["Ward, ZZ"], "title": ["Better Off Dead"], "tracknumber": ["1/8"], "musicbrainz_albumartistid": ["5fd5ef7b-272d-4284-ac10-ae0d48ae80f5"], "discnumber": ["1/1"], "date": ["2012-02-01"], "acoustid_fingerprint": ["AQADtHMSaVOSJfgDf0H4Cr0E1RHyNMf3FPXhSTlurceRhw-0Z9C3C48fnEea58b54_SESk-D_IEYJwjP4_iHknSCxgmF8EfVLJDD5MiPL06P_vCKU4qKHA_7oCdxbQ_uI8z7oxJf_Mc7B6G-QlSHPwjP48cfNOtS4QgvGqqjIg-Fjx9q53B1XExw9ch7lJ_x0cLjPDjSuMf5GueF8luQ5oOaDuGj48SPH_4i9AgvEaqjIm-O6yn6F56UB3m1EEnxoTyeHbeT4Edz9MuEmx-Q89CIHE_wL_hx0riOG7yIHz4-nMcv_Dh59LieEZ9xhEkiJSc0PXiOXMYjoeku_NHgfKhy5Ds0BvYQ5gGfF8-J6fCkGs_xIrmNPBpKScfzHJfxP8IP5zwePDP-I0HkHmfQXziu48EVOBzeA9fxG3-JH313PPgZFTfC59CShEdsRcQTov_RXLgu4RlTIZmVIUwKnrtQOYmHmV3R0j2OitGDZxZZ5BGS5RLe4xl-C8_hH3fw48fOlMgqH9qoFvnwhzguOKKU4JmFdyVs4aJMgT-uCa7xp_hx9N3xVMGT48oR_tASdcioKclxiUTjo_iT4NG1IVkiZkG4mcTx5MabHP1zfAt8bsNrYS5eTciJZJ-GUyqe48fbMAnu3PjhmsGfErkgR0eElsfxkPAbDj9cPMI__HDF4w4uvXiKoydlHHfi4HyKpM0RJmmCXhEPdgmYHGV24XsioQnFrEimvENO9EuEW-iT3DieY9INT6pxhx2C5Dr6ZLgk8Xjy4n2CPygaNxeeyIhtIXF2jIvwg8mxM3iOU8LDCTcP30LJoPnR93iL5w--4fhZZVh7cPox_WhKIU-S7NBz5Dym5wma6cPTjBe-MceB3MohxkkS5MVP_MOkXbCaUQj1EzoRnPiOU2uCP_iPJjkqfjqeSTnuYz9yP-APncxxC8-Pjpmgb4V-7MfF49GCVDqOHw9RCs_R84Z_VMcvoznqzEJMj4fOCnmX4ztxKbiRD-JSJcePa3gSUURTFW92KIt05FkGn0b_g3nwH32iGfdurEfzEdWFC2NP5OAVyHkmXMd9XKi448dF4g2Nj0d-XIWPPy5-XAff3LhH8MLFoPrw2cjlDCqvI__w6pgToQvSXER55Mk04VJm4e5qWHg-XMmFZks-uDxCOTl-aNEXKJJp8Dny6XjzEL5IPPiLRkeW83gIOSc-HQ8zMMcbxXiEB2eQ_7AcHUd1hyg7-Ohzo9cO1-CeMfiFivyRy1mgq92Q_zgzXFEwGfmh-2iY4xrxR0b9w1V2JKFIeFkOH33kg_kOuzlc8ehzYg-aK0WoHDryYBYv9IfJ5UBeEu_h48cP8sE1pJpwCedi4bgDKwq2418KX8eVITqhzD5Cmwo-G1-O-8IjXognHs0kGTrOHuH548qHNuIRZs2GL9B4I5cUHWUS_Oj5BD0T9DmmHBwVlsgJ3cjRnvAfeDy-6PCPCz7u44enB7zw5viNizjKCz-D44toJEwy4VKQRwfz9WiOf0nQHmEiZvnwFFqeC-GLKzf8BOfxpUQpP9he4WGB5IoihJfwxCf-dMWf4GnQnOgvPKNwIfmRLzl29PAv_MWrHD883fjBH45I4cbb4j_64x0jvCp4GxdSMVAfCfkSfGj4HeWXoIcjZiGHcCU0PUeYHdeN5kmOkscd7DlRfhmcUwueI_kRusIz6fhqPE1wHR-c_HiGH7mCJD7O41fQr7BjXB_848F9HHbwxziP98N_9D2e4scv1EaTVElWxM-hC2F8lHrwoB1zPGGmcah4HBVphHmS44S6KMiPUjq24y1yaGZO5FEk4sdtJnjzoy-a_DhFnMh1KNWRo1EJ_8F9PBEuHeWDP2C-IOGNiNzS4VnSI_yhI__xVHguXEclZg8aXamQ1EqRP0epBFMePMep7MgZJoYehD-YzLjjEN_BWsF_7B_KIecO8UyQz6jODg-PSyz-4_CTB3vC4RIPxklwG_WHjMezQ2dx43mFjpmgb4V-7Lh44VqQSjmOHw9RCs_R84Z_VPgbNA9qWoiZjode5Hnw7MSl4EY-NEuVHBqPa8eTWKgdWB6URfrwLEN6yegP5sF_9Ilm3LuxHs0VojqFC2OPvOChS0zxi8SPX6i448eNN4uD88iPi4GPPy5-XOCbp7hHHHzEoPrw2cifQd91xNSHNznmROiCNBdRHnkyTbjE4w6nGY3Q58OVC6WSfDiPUE6OH1r0BYp08ImOfDrePIR_vPiLRkeW83gIOSfe4wTzDG8U4xFwxkH-44JlHtUd4h2ao8-NXjtcg3vG4EdFrsjlLIeudkP-48xwRcFk5Ifuo2GOa8QfGfUPVxmSUDy8LDN89NHxgYkbuOKDPseO5koR6pCPPNgvlNJhcjmQl8QPf_jxgzyuBakmXMK5WDjuwIqC7fiXwtdxZTgSNj5Cmwo-G1-O-8LHC9f4IMwSyTh0Fj2P69CahEdzjsTN4zLaMaikXNCXI9JxUGNMTN3xH_WiL2jM4kd-QSORZ_iDX0PsQ_wRuvqEZ8mEh8aJpgpN9ELY9QACBRQAAaANEBIwJYAQTBhBBDICACGIYcYopoAQCLghlABEAACEgYAIAIQg1DByACAMASkAI0YA8ogwRAgiiJEECiAEEgA4A5giBikGCAAAEMYERMQRhRTiiAFBgGSCIUKoEFQJQphRxgBClDKKKYucI4CAAIigRlgGBEHGEFKUhIQAgYAwQAlBCkHAOAaEoQQRgAAhwAGCCAKIIQcEgcYQAgATTQBigDAAgSEoccQKo4AgzAjEACECGAAYM4IQBKQAiANgFDNkAEAccY4RCwCwQiQGjBBAIEIUIQYYpgxABgEjBEAOIaaItEYSwhRBACnAECGIBIAgIEQZIwUVRAEBgBEOAEecQwAhiQhTzggCACPAGAmMUQBAAwBBBjhEEITAiOQIEAYKYIQSwiiAqCAMKQGMYAQggAAQgDDiEANBQAGII0xAYYgUSAgCLIECICSFQAoYCJAAhAAGgBLIMKmMNAAgwJCBAjBlBGPCiEYAERZpBQAAQgiCiAGAAMAAMAAA4ACBRAgAiACUEG-EYAIgAJQzjihmKLIAEOKEcA4AKYyBjgggCBJMGOSQAEIQApAwhDBkgJGIGEcIEwYYxJ5BLjCIAKDEAAEQUBAQIgwADAkiiGAGIEYYA5AYsAgAiBgIhCMGWAGMUohZAIBSBhhtgICCCAWAEIopZogjVClSFHWEUyMoMIAYRIlwRAAgDFBGAIqwQsAQqzwAThFGEEKCKSIIBYIIgBAAgylGCDAKGcGIBAAoRYZgFCkEADAAUA8AAYICwIABABkJAAMCGSIICIIxw5RkAkADCDIAAeUgMCI5AoQRhAgpAVEAUcEQUoYwYgECQADCiEEMHCAAIwAQJqBghEAkBAGWCIAoEgIJQgADSABCBBAAMIGQYVJJ4gwAiAiHDBSAKSMcE4YRQCBARCsAABACAWIAIAAwAAwAADgEiWNCIEqMNEowAZACyhlHFDMUWQAIcVA4B4AUBhiqBCCKCGCgJURYSQQQQEhACBRGEAaIohIA"], "media": ["Digital Media"], "file_name": "Eleven Roses - 01 - ZZ Ward - Better Off Dead.mp3", "language": ["eng"]}, "audio_properties": {"sample_rate": 44100, "downmix": "mix", "lossless": false, "analysis_sample_rate": 44100, "md5_encoded": "8656b3e315d47292c29bab94c1a78e56", "equal_loudness": 0, "replay_gain": -4.57050704956, "codec": "mp3", "bit_rate": 160000, "length": 168.933883667}, "version": {"extractor": "music 1.0", "essentia_build_sha": "2d9f1f26377add8aeb1075a9c2973f962c4f09fd", "essentia_git_sha": "v2.1_beta2-1-ge3940c0", "essentia": "2.1-beta2"}}, "rhythm": {"beats_loudness_band_ratio": {"dvar2": [0.168328180909, 0.0375804938376, 0.0184288639575, 0.0449699275196, 0.0423399358988, 0.0172594506294], "var": [0.0991985872388, 0.0129497274756, 0.00598604232073, 0.0120071135461, 0.0140581019223, 0.00921274162829], "min": [5.08988086949e-05, 1.7013071556e-05, 2.73034004294e-07, 1.27747227907e-07, 6.77645246583e-08, 1.04584565008e-07], "dmean": [0.485575199127, 0.149128988385, 0.0560299120843, 0.111837878823, 0.15911757946, 0.112292252481], "mean": [0.546988487244, 0.126793161035, 0.0482396148145, 0.0869570448995, 0.142275705934, 0.0804399624467], "max": [0.999995827675, 0.584831058979, 0.684277772903, 0.515765011311, 0.660921275616, 0.96090644598], "dmean2": [0.963270187378, 0.294165343046, 0.0956661328673, 0.210081756115, 0.309112161398, 0.219680458307], "median": [0.596815109253, 0.0780424624681, 0.0177488327026, 0.0437179207802, 0.116663992405, 0.0467355810106], "dvar": [0.0598396137357, 0.0119592137635, 0.00667590647936, 0.0152741866186, 0.0133696710691, 0.00814376864582]}, "bpm_histogram_first_peak_weight": {"dvar2": 0, "var": 0, "min": 0.609090924263, "dmean": 0, "mean": 0.609090924263, "max": 0.609090924263, "dmean2": 0, "median": 0.609090924263, "dvar": 0}, "bpm": 78.6277160645, "beats_count": 221, "bpm_histogram_first_peak_spread": {"dvar2": 0, "var": 0, "min": 0.37089201808, "dmean": 0, "mean": 0.37089201808, "max": 0.37089201808, "dmean2": 0, "median": 0.37089201808, "dvar": 0}, "danceability": 1.12319254875, "bpm_histogram_first_peak_bpm": {"dvar2": 0, "var": 0, "min": 78, "dmean": 0, "mean": 78, "max": 78, "dmean2": 0, "median": 78, "dvar": 0}, "beats_position": [0.777868449688, 1.57895684242, 2.38004541397, 3.19274377823, 4.01705217361, 4.79492044449, 5.5727891922, 6.33904743195, 7.10530614853, 7.85995435715, 8.63782310486, 9.4040813446, 10.1587295532, 10.9133787155, 11.6796369553, 12.4342851639, 13.2121543884, 13.966802597, 14.7446708679, 15.5109291077, 16.2655773163, 17.0202255249, 17.786485672, 18.5527439117, 19.3190021515, 20.0736503601, 20.851518631, 21.6061668396, 22.3608150482, 23.1154651642, 23.8817234039, 24.6247615814, 25.37940979, 26.1456680298, 26.9119262695, 27.6665763855, 28.4212245941, 29.1874828339, 29.9653511047, 30.7199993134, 31.4862575531, 32.2525177002, 33.0187759399, 33.7850341797, 34.5512924194, 35.3059387207, 36.0838088989, 36.8500671387, 37.6047172546, 38.3593635559, 39.1256217957, 39.8918800354, 40.6581382751, 41.4243965149, 42.1790466309, 42.9336967468, 43.6767349243, 44.4197731018, 45.1744194031, 45.9406776428, 46.6953277588, 47.4615859985, 48.2278442383, 48.994102478, 49.7603607178, 50.5266189575, 51.2928771973, 52.0591392517, 52.8253974915, 53.5800437927, 54.3346939087, 55.08934021, 55.8439903259, 56.5986366272, 57.3532867432, 58.1195449829, 58.8858032227, 59.6520614624, 60.4183197021, 61.1845779419, 61.9508361816, 62.7170982361, 63.4833564758, 64.2380065918, 64.9926528931, 65.7356872559, 66.4555053711, 67.1985473633, 67.964805603, 68.7194519043, 69.4973220825, 70.2519683838, 71.0182266235, 71.7728805542, 72.5391387939, 73.3053970337, 74.060043335, 74.8146896362, 75.580947876, 76.3588180542, 77.1250762939, 77.8797302246, 78.6459884644, 79.4122467041, 80.1785049438, 80.9447631836, 81.7110214233, 82.4656677246, 83.2319259644, 83.9865722656, 84.7412261963, 85.4958724976, 86.2621307373, 87.0283889771, 87.7946472168, 88.5609054565, 89.3503875732, 90.1282501221, 90.9061203003, 91.6839904785, 92.4502487183, 93.216506958, 93.9827651978, 94.7490234375, 95.5036697388, 96.2699279785, 97.0361862183, 97.7908401489, 98.5454864502, 99.3117446899, 100.07800293, 100.844261169, 101.610519409, 102.376777649, 103.13142395, 103.886077881, 104.640724182, 105.395370483, 106.161628723, 106.927886963, 107.694145203, 108.460403442, 109.226661682, 109.981315613, 110.735961914, 111.502220154, 112.268478394, 113.034736633, 113.800994873, 114.567253113, 115.333511353, 116.099769592, 116.866027832, 117.632286072, 118.398544312, 119.153198242, 119.907844543, 120.662490845, 121.428749084, 122.195007324, 122.949661255, 123.715919495, 124.482177734, 125.248435974, 126.003082275, 126.746116638, 127.48915863, 128.267028809, 129.033279419, 129.799545288, 130.565795898, 131.332061768, 132.086715698, 132.84135437, 133.607620239, 134.37387085, 135.140136719, 135.906387329, 136.672653198, 137.438903809, 138.205169678, 138.94821167, 139.702850342, 140.480728149, 141.24697876, 142.00163269, 142.756271362, 143.522537231, 144.288803101, 145.055053711, 145.82131958, 146.58757019, 147.35383606, 148.12008667, 148.886352539, 149.652603149, 150.418869019, 151.17350769, 151.928161621, 152.682815552, 153.437454224, 154.180496216, 154.935150146, 155.701400757, 156.479278564, 157.245529175, 158.011795044, 158.766433716, 159.532699585, 160.298950195, 161.065216064, 161.831466675, 162.586120605, 163.352371216, 164.118637085, 164.884887695, 165.593109131, 166.301315308, 167.009521484, 167.717727661, 168.425933838], "beats_loudness": {"dvar2": 0.00276132416911, "var": 0.000907999579795, "min": 1.1077742057e-09, "dmean": 0.0407023094594, "mean": 0.053385425359, "max": 0.18063287437, "dmean2": 0.0788781270385, "median": 0.0437384694815, "dvar": 0.000890321854968}, "bpm_histogram_second_peak_weight": {"dvar2": 0, "var": 0, "min": 0.0227272734046, "dmean": 0, "mean": 0.0227272734046, "max": 0.0227272734046, "dmean2": 0, "median": 0.0227272734046, "dvar": 0}, "bpm_histogram_second_peak_spread": {"dvar2": 0, "var": 0, "min": 0.166666641831, "dmean": 0, "mean": 0.166666641831, "max": 0.166666641831, "dmean2": 0, "median": 0.166666641831, "dvar": 0}, "bpm_histogram_second_peak_bpm": {"dvar2": 0, "var": 0, "min": 85, "dmean": 0, "mean": 85, "max": 85, "dmean2": 0, "median": 85, "dvar": 0}, "onset_rate": 3.10745787621}, "lowlevel": {"spectral_energyband_high": {"dvar2": 2.22054472943e-06, "var": 3.95984807255e-06, "min": 8.43026210383e-21, "dmean": 0.000432103290223, "mean": 0.000947498367168, "max": 0.0321409106255, "dmean2": 0.000593932985794, "median": 0.000302622298477, "dvar": 1.275273803e-06}, "spectral_energyband_middle_low": {"dvar2": 0.0012456283439, "var": 0.000441977404989, "min": 2.63910071071e-22, "dmean": 0.00885246135294, "mean": 0.00992080383003, "max": 0.176261231303, "dmean2": 0.0141012938693, "median": 0.00388473388739, "dvar": 0.000503532588482}, "spectral_energy": {"dvar2": 0.00124151876662, "var": 0.00107520981692, "min": 1.09633298619e-20, "dmean": 0.0126010254025, "mean": 0.0373370982707, "max": 0.210001781583, "dmean2": 0.018702538684, "median": 0.0307092759758, "dvar": 0.000567940762267}, "spectral_spread": {"dvar2": 1931532828670.0, "var": 6269755195390.0, "min": 143131.84375, "dmean": 625111.125, "mean": 3947076, "max": 39613032, "dmean2": 914712.5, "median": 3472840.5, "dvar": 1256290779140.0}, "spectral_energyband_low": {"dvar2": 0.000442322576419, "var": 0.000680725614075, "min": 6.94454891467e-23, "dmean": 0.00752244936302, "mean": 0.0216681379825, "max": 0.167788982391, "dmean2": 0.0111668510363, "median": 0.0113711906597, "dvar": 0.000211620354094}, "spectral_rolloff": {"dvar2": 3216822.5, "var": 6802314, "min": 43.06640625, "dmean": 582.17956543, "mean": 1970.35119629, "max": 19875.1464844, "dmean2": 968.606018066, "median": 1765.72265625, "dvar": 1553465.5}, "barkbands": {"dvar2": [3.12770794153e-06, 8.76539779711e-05, 9.99140975182e-05, 0.00107619992923, 5.1535313105e-05, 1.54723340984e-06, 3.97070920144e-07, 2.27136069952e-07, 2.39084147324e-06, 4.2186011342e-06, 6.75679211781e-06, 1.72556440248e-06, 2.43797643407e-07, 1.85248381968e-07, 4.23925894211e-06, 1.47402579387e-06, 5.00456138752e-08, 7.05796651346e-07, 8.74680736729e-08, 3.74064569542e-07, 6.92818034054e-08, 3.80192908267e-08, 1.06215914286e-07, 6.89092701123e-07, 2.41266462808e-07, 7.2599981138e-08, 2.11627004809e-09], "var": [1.00462002592e-05, 0.0002274147555, 9.27889705054e-05, 0.000327688001562, 2.26373704209e-05, 1.63916126894e-06, 4.74491059776e-07, 1.45549265085e-07, 2.84452130472e-06, 4.70947907161e-06, 7.80430582381e-06, 2.72326656159e-06, 2.8624677384e-07, 1.49125156668e-07, 3.57596400136e-06, 1.38253392379e-06, 3.93424528511e-08, 1.06266168132e-06, 9.86517960655e-08, 9.07497508251e-07, 1.00293974015e-07, 4.75607393469e-08, 1.17525708276e-07, 7.96951496795e-07, 2.85409043954e-07, 6.90691592808e-08, 1.6618666443e-09], "min": [3.03644458442e-23, 4.39105223395e-23, 1.40666300294e-23, 8.77693032922e-24, 2.76153066103e-23, 7.89847486224e-23, 3.00452001467e-23, 6.55072872486e-23, 4.25108243473e-23, 6.52597363856e-23, 8.9013726637e-23, 7.12219849726e-23, 1.35666922706e-22, 1.06661415989e-22, 8.52834369191e-23, 5.21012777402e-23, 2.97205857775e-22, 1.72077586648e-22, 2.53981354122e-22, 2.21046954066e-22, 4.15104944458e-22, 6.0322605603e-22, 7.58571524225e-22, 6.79283606891e-22, 1.25882581187e-21, 1.86561701432e-21, 2.91324065427e-21], "dmean": [0.000580041727517, 0.00342145282775, 0.00309423333965, 0.00672762654722, 0.00217394926585, 0.000369571236661, 0.000152369946591, 8.33157610032e-05, 0.000456213630969, 0.000608986592852, 0.000945853651501, 0.000390905886889, 0.000105152394099, 0.000159147995873, 0.000936113647185, 0.000547029718291, 6.8401946919e-05, 0.00038689080975, 0.000101549710962, 0.000240548761212, 6.66207633913e-05, 4.28993917012e-05, 7.55708824727e-05, 0.000129551131977, 6.20256832917e-05, 2.96793205052e-05, 3.47525497091e-06], "mean": [0.00214029895142, 0.0110380770639, 0.00596003234386, 0.00539548369125, 0.00260426942259, 0.000663925078698, 0.000236972278799, 0.000107473941171, 0.000753814063501, 0.00101164320949, 0.00140176061541, 0.00064838421531, 0.000165050762007, 0.000244308903348, 0.00146992900409, 0.000932670023758, 0.000112387104309, 0.000890137045644, 0.000184211297892, 0.00065852724947, 0.000112123045255, 6.37113989796e-05, 0.000153335597133, 0.000243213420617, 9.73572387011e-05, 4.32393244409e-05, 4.77054118164e-06], "max": [0.0264296475798, 0.13608263433, 0.0881744921207, 0.16247844696, 0.0684095099568, 0.0166024696082, 0.0171039979905, 0.00903127156198, 0.0195657331496, 0.0256914142519, 0.0387524999678, 0.023100188002, 0.0118794469163, 0.0117593063042, 0.0168751906604, 0.014817356132, 0.00337974331342, 0.0120597649366, 0.00413624709472, 0.0119531312957, 0.00447016395628, 0.00326956948265, 0.0113244997337, 0.0204929225147, 0.0120831727982, 0.00581154134125, 0.00144950964022], "dmean2": [0.000884591252543, 0.00485711870715, 0.00472690071911, 0.0110954036936, 0.00358816189691, 0.00056705751922, 0.000230147110415, 0.0001280495635, 0.000681922072545, 0.000940856174566, 0.00149655947462, 0.000591038260609, 0.000162328811712, 0.00025608294527, 0.00147132796701, 0.000904428539798, 0.000106441533717, 0.000610091665294, 0.000155910165631, 0.00035042091622, 8.98245198186e-05, 5.60507905902e-05, 0.000110190187115, 0.000191649582121, 8.76442863955e-05, 4.15727772634e-05, 5.18366596225e-06], "median": [0.000330137641868, 0.00406858278438, 0.00180357694626, 0.000518970889971, 0.000782907358371, 0.00018414085207, 2.52594927588e-05, 9.26510710997e-06, 9.8855838587e-05, 0.000121701290482, 0.000490059668664, 0.000232330319704, 4.56019843114e-05, 0.000137710128911, 0.000778502086177, 0.000565898255445, 4.36856862507e-05, 0.000545002461877, 7.80042610131e-05, 0.000226145682973, 1.82450494322e-05, 6.17695832261e-06, 4.14003588958e-05, 5.19777968293e-05, 9.31677004701e-06, 2.47743082582e-06, 1.0156058039e-07], "dvar": [1.41266059472e-06, 4.1222821892e-05, 4.36948466813e-05, 0.000421238626586, 1.9694571165e-05, 6.64433059683e-07, 1.94762051819e-07, 9.72710409997e-08, 1.09980612706e-06, 1.72696456957e-06, 3.17875310429e-06, 9.28826182189e-07, 1.18388463477e-07, 7.84223317396e-08, 1.8451919459e-06, 5.99431700721e-07, 2.09391242123e-08, 3.05549491486e-07, 3.96472863429e-08, 1.91149439388e-07, 4.07199856056e-08, 2.23648513042e-08, 4.74034465014e-08, 3.33910548989e-07, 1.26071341811e-07, 3.48215678514e-08, 9.43220612726e-10]}, "melbands_skewness": {"dvar2": 5.09223508835, "var": 8.11871528625, "min": -6.58013105392, "dmean": 1.18429493904, "mean": 3.08962512016, "max": 19.9197807312, "dmean2": 1.77880764008, "median": 2.4270927906, "dvar": 2.27487707138}, "barkbands_skewness": {"dvar2": 2.75814962387, "var": 4.39201688766, "min": -7.39705181122, "dmean": 0.856608510017, "mean": 1.53909730911, "max": 20.3531589508, "dmean2": 1.27219235897, "median": 1.12241172791, "dvar": 1.23707437515}, "erbbands": {"dvar2": [0.126177296042, 4.24758863449, 112.043876648, 3942.53369141, 3749.17944336, 438.868865967, 89.1465759277, 101.116676331, 102.075370789, 47.0269813538, 250.821182251, 1580.03503418, 2277.21191406, 7574.41357422, 7926.36425781, 1811.859375, 452.339263916, 86.2671127319, 3507.12133789, 17533.4160156, 2067.15649414, 104.731239319, 2137.50415039, 609.171630859, 260.232849121, 1254.7244873, 144.132293701, 65.5962524414, 84.7090759277, 110.403442383, 45.3938674927, 199.112182617, 156.783691406, 50.1916618347, 16.2663440704, 1.91634571552, 0.226418972015, 0.00859956350178, 3.61938546121e-05, 1.95221261379e-08], "var": [0.382140368223, 8.11179065704, 94.1594924927, 1274.85229492, 1389.20068359, 251.760665894, 77.5749588013, 108.129669189, 139.976913452, 24.8078899384, 186.863265991, 2235.29223633, 2775.29174805, 6234.58056641, 12928.5410156, 3102.10327148, 681.564819336, 117.08240509, 3005.95336914, 13529.3652344, 2065.63916016, 171.828842163, 3108.93505859, 934.353149414, 428.183410645, 2662.14892578, 195.366210938, 102.182647705, 99.1526794434, 75.0883331299, 59.711265564, 214.539337158, 202.077346802, 60.6550827026, 14.2952547073, 1.73038303852, 0.188184499741, 0.00850453134626, 3.25806904584e-05, 1.83685919808e-08], "min": [1.31181131433e-21, 9.96213355141e-21, 1.37117836578e-20, 3.1238159178e-20, 2.71566884769e-20, 8.33746940277e-20, 3.3687879119e-19, 8.21062526249e-19, 3.88969999127e-19, 1.52034700573e-18, 6.05118703837e-19, 1.0698145031e-18, 1.32344472592e-18, 3.14825209971e-18, 4.01446426345e-18, 3.14432960925e-18, 5.37562594376e-18, 4.60258761102e-18, 4.48937222776e-18, 5.29887847216e-18, 5.39069179785e-18, 1.27946957117e-17, 1.09885939935e-17, 1.46105077031e-17, 1.16071894341e-17, 1.28371606828e-17, 1.16242343178e-17, 2.16072033339e-17, 2.08890434717e-17, 1.934574117e-17, 2.15570116687e-17, 1.29653000587e-17, 1.36843880175e-17, 1.02791840478e-17, 1.13432385821e-17, 6.88009542443e-18, 2.88545185602e-18, 1.84220029374e-18, 4.20457740668e-19, 3.85602779498e-20], "dmean": [0.129995256662, 0.72502297163, 3.23481631279, 13.4216823578, 15.2867927551, 6.20204305649, 2.79547142982, 2.98457193375, 2.63311719894, 1.07644987106, 3.32537531853, 11.2904844284, 12.2940788269, 30.8171215057, 30.4915122986, 12.6300354004, 4.81343746185, 3.73516154289, 26.0560512543, 56.455116272, 21.1632156372, 4.54325151443, 20.4359073639, 10.0249757767, 6.26821947098, 12.8180189133, 3.44328260422, 1.99970698357, 1.99761343002, 1.71819591522, 1.80596065521, 2.51578640938, 1.91912913322, 0.912186801434, 0.42522457242, 0.157394230366, 0.0426737591624, 0.00814329925925, 0.000476960063679, 2.45684368565e-05], "mean": [0.438896983862, 2.00715351105, 6.58233165741, 12.9888830185, 14.5948457718, 7.74695062637, 4.37783718109, 5.37206268311, 4.42978477478, 1.54816102982, 5.08405399323, 19.0585250854, 22.4760532379, 47.1763458252, 51.7609672546, 22.857011795, 9.16693782806, 7.36887979507, 43.8289909363, 88.6109008789, 37.8970184326, 10.8725137711, 45.7540969849, 22.9397735596, 15.7798528671, 34.117061615, 7.05565166473, 3.32302856445, 2.89343833923, 2.8807592392, 3.81749773026, 5.08735322952, 3.47617316246, 1.44280326366, 0.626287281513, 0.230269402266, 0.0637676343322, 0.0120846955106, 0.000672671303619, 6.07115944149e-05], "max": [5.36998414993, 24.3775196075, 92.708946228, 336.691894531, 355.073791504, 254.062393188, 109.15146637, 132.152297974, 318.004638672, 205.951568604, 243.605926514, 633.032592773, 708.587463379, 964.903137207, 1876.83081055, 819.209777832, 438.827880859, 264.367126465, 756.928466797, 1189.82739258, 468.829193115, 161.518981934, 538.010925293, 435.539276123, 362.204345703, 639.564758301, 217.709838867, 89.8820724487, 149.457611084, 322.890472412, 215.172439575, 313.781188965, 306.537078857, 165.438262939, 140.469696045, 29.9472026825, 13.3855686188, 2.34018611908, 0.156420394778, 0.00390645768493], "dmean2": [0.175888463855, 1.06841433048, 4.9156460762, 21.7401046753, 24.6387062073, 10.3906831741, 4.32409238815, 4.53058815002, 3.90193247795, 1.76511895657, 4.99748277664, 16.572259903, 18.3055362701, 49.636932373, 47.3589897156, 19.0028457642, 7.06544494629, 5.99534845352, 42.9395866394, 87.7241516113, 34.9575958252, 7.06689739227, 32.1571121216, 15.5939836502, 9.43215656281, 18.6302719116, 4.79313850403, 2.58204627037, 2.56439685822, 2.58791995049, 2.6235575676, 3.71372628212, 2.8157851696, 1.28697693348, 0.595149815083, 0.224421426654, 0.0599048770964, 0.0118647059426, 0.000701777113136, 3.59455261787e-05], "median": [0.0852380767465, 0.779343187809, 2.658618927, 2.57352542877, 2.81980395317, 2.0109398365, 1.27169656754, 1.52785897255, 0.790742516518, 0.335252076387, 0.727968811989, 2.2116150856, 3.77323889732, 13.9822759628, 19.8237228394, 8.41587638855, 2.61450481415, 4.69849586487, 28.3214321136, 47.074005127, 25.772069931, 6.50601530075, 26.7012958527, 12.6525030136, 8.5388250351, 10.0724983215, 2.24552154541, 0.500945150852, 0.320807009935, 0.44362822175, 1.12172651291, 1.35543119907, 0.63460034132, 0.170277878642, 0.0408677272499, 0.0113287093118, 0.00427673244849, 0.000604047905654, 4.49652216048e-05, 4.31024745922e-05], "dvar": [0.0649807155132, 1.82325971127, 46.536026001, 1553.29992676, 1534.10058594, 170.043502808, 39.5015220642, 44.4121131897, 53.5001029968, 17.0290603638, 108.194694519, 761.291259766, 980.590698242, 3065.00366211, 4144.04101563, 964.379882813, 222.100723267, 40.8567276001, 1420.6048584, 7474.63476563, 886.290344238, 45.9873695374, 929.625488281, 275.685516357, 119.494880676, 625.386657715, 74.8133621216, 43.0402870178, 48.7182502747, 41.7851676941, 22.1851921082, 92.7517852783, 79.5607528687, 25.8131923676, 7.84156370163, 0.887539684772, 0.105095893145, 0.00426353560761, 1.70215116668e-05, 9.31090049505e-09]}, "silence_rate_30dB": {"dvar2": 0.102123521268, "var": 0.0377559438348, "min": 0, "dmean": 0.0442550852895, "mean": 0.960698068142, "max": 1, "dmean2": 0.0885223373771, "median": 1, "dvar": 0.0422935076058}, "melbands_spread": {"dvar2": 471.418304443, "var": 808.647766113, "min": 0.264688879251, "dmean": 10.0103349686, "mean": 29.420665741, "max": 333.998321533, "dmean2": 15.1204328537, "median": 24.1175785065, "dvar": 230.204162598}, "melbands_crest": {"dvar2": 34.6912345886, "var": 37.5321121216, "min": 1.64948451519, "dmean": 3.49643850327, "mean": 16.2677307129, "max": 36.1706619263, "dmean2": 5.56004333496, "median": 16.8041801453, "dvar": 13.0959253311}, "zerocrossingrate": {"dvar2": 0.000393589318264, "var": 0.00567710213363, "min": 0.0029296875, "dmean": 0.0122306533158, "mean": 0.069637618959, "max": 0.66064453125, "dmean2": 0.0132146021351, "median": 0.05517578125, "dvar": 0.000386803993024}, "barkbands_kurtosis": {"dvar2": 958.970703125, "var": 495.201751709, "min": -1.97671687603, "dmean": 7.1857509613, "mean": 8.58180141449, "max": 662.286193848, "dmean2": 11.4876146317, "median": 0.918545484543, "dvar": 374.002288818}, "spectral_flux": {"dvar2": 0.00480309128761, "var": 0.00376405403949, "min": 1.04705917547e-10, "dmean": 0.0311070699245, "mean": 0.0920558422804, "max": 0.41300418973, "dmean2": 0.0500328093767, "median": 0.0808562636375, "dvar": 0.00213924702257}, "barkbands_crest": {"dvar2": 17.7277927399, "var": 20.4186992645, "min": 2.83649230003, "dmean": 2.61393594742, "mean": 11.4584732056, "max": 26.4487514496, "dmean2": 4.14483690262, "median": 10.8182945251, "dvar": 6.56360435486}, "barkbands_flatness_db": {"dvar2": 0.0021354870405, "var": 0.0102322837338, "min": 0.0258627720177, "dmean": 0.0288614500314, "mean": 0.198803201318, "max": 0.954356491566, "dmean2": 0.0414803847671, "median": 0.176848948002, "dvar": 0.00107596826274}, "spectral_entropy": {"dvar2": 0.161089554429, "var": 0.568064332008, "min": 2.71785497665, "dmean": 0.223450005054, "mean": 7.17411994934, "max": 9.80283260345, "dmean2": 0.318450957537, "median": 7.2670416832, "dvar": 0.0848410576582}, "pitch_salience": {"dvar2": 0.0165821537375, "var": 0.0140510443598, "min": 0.0668095648289, "dmean": 0.0743578821421, "mean": 0.485512018204, "max": 0.851222157478, "dmean2": 0.121998868883, "median": 0.493006795645, "dvar": 0.00593597674742}, "erbbands_spread": {"dvar2": 422.944732666, "var": 508.695251465, "min": 0.552802085876, "dmean": 10.9859762192, "mean": 34.5703697205, "max": 197.874389648, "dmean2": 17.2281742096, "median": 30.4015407562, "dvar": 191.955062866}, "dynamic_complexity": 3.36830830574, "spectral_contrast_valleys": {"dvar2": [0.445586383343, 0.515706598759, 0.333293676376, 0.266742885113, 0.201800450683, 0.249648481607], "var": [3.86100292206, 2.64258503914, 2.52535843849, 2.32670474052, 2.47158527374, 2.43500828743], "min": [-27.1824111938, -27.3724365234, -26.8542404175, -27.5341815948, -27.3563079834, -27.2674655914], "dmean": [0.484523236752, 0.537522494793, 0.410644233227, 0.362490087748, 0.319457113743, 0.359376579523], "mean": [-7.87160682678, -8.62359237671, -7.78351831436, -8.05559921265, -8.38340187073, -11.2313013077], "max": [-5.27407646179, -5.53854894638, -5.50018453598, -5.96589708328, -5.99815654755, -7.84980726242], "dmean2": [0.723907113075, 0.808178305626, 0.634859919548, 0.577907145023, 0.436259567738, 0.466711044312], "median": [-7.24256658554, -8.29999256134, -7.40437269211, -7.73724842072, -8.02680110931, -10.9284439087], "dvar": [0.263046979904, 0.280872523785, 0.170732706785, 0.139017909765, 0.136056989431, 0.173719376326]}, "hfc": {"dvar2": 222.816207886, "var": 472.491882324, "min": 1.23920311378e-16, "dmean": 7.2461977005, "mean": 23.9433403015, "max": 298.908599854, "dmean2": 10.4968719482, "median": 21.043920517, "dvar": 122.032470703}, "spectral_kurtosis": {"dvar2": 1731.26293945, "var": 839.186767578, "min": -1.48538243771, "dmean": 4.74259710312, "mean": 10.1679229736, "max": 1064.55249023, "dmean2": 8.15491008759, "median": 5.4542965889, "dvar": 511.247894287}, "mfcc": {"mean": [-692.534057617, 108.588043213, -20.3627185822, 21.6514377594, 35.5553321838, 10.884226799, 19.9273090363, 20.6810855865, -1.32703971863, 9.76345443726, -27.1209468842, -12.3489093781, -3.5145368576], "cov": [[14193.2294922, -31.286781311, -316.7265625, 12.5724201202, -825.777893066, -1050.02160645, -298.727813721, 101.573455811, -265.499755859, 724.520141602, -731.987243652, -22.2627716064, 69.1742630005], [-31.286781311, 2010.99523926, -95.865814209, 380.044433594, 412.107788086, 231.230255127, 215.788391113, 131.146438599, 105.644248962, -11.2383832932, 47.7269515991, -11.6242380142, 17.9144954681], [-316.7265625, -95.865814209, 1658.37268066, 358.720825195, 205.876800537, 101.824897766, -7.05528211594, 11.34512043, 128.549346924, 92.5319976807, 231.043716431, 219.694610596, 48.2815933228], [12.5724201202, 380.044433594, 358.720825195, 651.596923828, 213.75, 251.496627808, 167.702590942, 128.530410767, 134.861404419, 62.7452278137, 87.3771591187, 80.9571533203, 44.4184761047], [-825.777893066, 412.107788086, 205.876800537, 213.75, 648.859313965, 373.200714111, 286.314331055, 169.728256226, 145.722244263, -25.3822784424, 93.2458114624, 44.0045928955, 42.3305015564], [-1050.02160645, 231.230255127, 101.824897766, 251.496627808, 373.200714111, 758.009765625, 269.785369873, 193.41986084, 228.428085327, -115.77961731, 171.604446411, -21.7116680145, 24.3403949738], [-298.727813721, 215.788391113, -7.05528211594, 167.702590942, 286.314331055, 269.785369873, 415.351745605, 187.034469604, 169.924575806, 56.4444236755, 63.9807662964, 33.8820724487, 33.6410331726], [101.573455811, 131.146438599, 11.34512043, 128.530410767, 169.728256226, 193.41986084, 187.034469604, 247.092758179, 109.590431213, 105.881454468, 32.6966743469, 6.70769548416, 27.8362731934], [-265.499755859, 105.644248962, 128.549346924, 134.861404419, 145.722244263, 228.428085327, 169.924575806, 109.590431213, 271.838378906, 26.9407119751, 102.003456116, 21.3806648254, 2.19995832443], [724.520141602, -11.2383832932, 92.5319976807, 62.7452278137, -25.3822784424, -115.77961731, 56.4444236755, 105.881454468, 26.9407119751, 266.527313232, 4.13211011887, 60.7246437073, 33.4194869995], [-731.987243652, 47.7269515991, 231.043716431, 87.3771591187, 93.2458114624, 171.604446411, 63.9807662964, 32.6966743469, 102.003456116, 4.13211011887, 192.453979492, 68.4512557983, 28.3138179779], [-22.2627716064, -11.6242380142, 219.694610596, 80.9571533203, 44.0045928955, -21.7116680145, 33.8820724487, 6.70769548416, 21.3806648254, 60.7246437073, 68.4512557983, 150.730392456, 50.7911834717], [69.1742630005, 17.9144954681, 48.2815933228, 44.4184761047, 42.3305015564, 24.3403949738, 33.6410331726, 27.8362731934, 2.19995832443, 33.4194869995, 28.3138179779, 50.7911834717, 106.782302856]], "icov": [[0.000117439056339, -3.26575063809e-05, -3.06849869958e-05, -1.72233903868e-05, 0.000128760904772, -3.20292929246e-05, 5.63631510886e-05, -2.38844259002e-05, -8.83065295056e-05, -0.000278610532405, 0.000545682094526, -6.42645463813e-05, -0.000129940148327], [-3.26575063809e-05, 0.000664961640723, 0.000172058615135, -0.000411058135796, -0.0004646127054, 0.000201280141482, -9.6982867035e-06, 4.17661567553e-06, 2.68666099146e-05, 0.000127976731164, -0.000387946143746, 0.000279506348306, 7.23689590814e-05], [-3.06849869958e-05, 0.000172058615135, 0.00100476189982, -0.00047135038767, -0.000469703722047, 0.000122978788568, 0.000519252324011, 0.000206734926905, -0.000179343260243, -0.000162990705576, -0.000914989039302, -0.000782621151302, 0.000343040504958], [-1.72233903868e-05, -0.000411058135796, -0.00047135038767, 0.00247896765359, 0.000169322098373, -0.000764103140682, -0.000217015360249, -0.000174825734575, -0.000241676505539, -0.00036560985609, 0.000634429685306, -0.000830651726574, -0.000170665662154], [0.000128760904772, -0.0004646127054, -0.000469703722047, 0.000169322098373, 0.00326397363096, -0.000812202109955, -0.00126377271954, -0.000872634816915, 0.000137671784614, 0.000515681051183, 0.00104065111373, -0.000720307172742, -0.000444208853878], [-3.20292929246e-05, 0.000201280141482, 0.000122978788568, -0.000764103140682, -0.000812202109955, 0.00393118429929, -0.000509722856805, -0.0022525547538, -0.000815210107248, 0.00266700633802, -0.00268493383192, 0.0016837028088, -0.000483937503304], [5.63631510886e-05, -9.6982867035e-06, 0.000519252324011, -0.000217015360249, -0.00126377271954, -0.000509722856805, 0.00530230021104, -0.00169582222588, -0.00168837117963, -0.000618898018729, 0.000643780396786, -0.00120299274568, -0.000160619543749], [-2.38844259002e-05, 4.17661567553e-06, 0.000206734926905, -0.000174825734575, -0.000872634816915, -0.0022525547538, -0.00169582222588, 0.0100731970742, -0.000712278124411, -0.00485852500424, 0.0010910697747, 0.00144440319855, -0.000679339515045], [-8.83065295056e-05, 2.68666099146e-05, -0.000179343260243, -0.000241676505539, 0.000137671784614, -0.000815210107248, -0.00168837117963, -0.000712278124411, 0.00669620465487, -0.000272028439213, -0.00260668457486, 0.000473100313684, 0.00149647647049], [-0.000278610532405, 0.000127976731164, -0.000162990705576, -0.00036560985609, 0.000515681051183, 0.00266700633802, -0.000618898018729, -0.00485852500424, -0.000272028439213, 0.00834744237363, -0.00181243719999, -0.00135946949013, -0.000445718033006], [0.000545682094526, -0.000387946143746, -0.000914989039302, 0.000634429685306, 0.00104065111373, -0.00268493383192, 0.000643780396786, 0.0010910697747, -0.00260668457486, -0.00181243719999, 0.01273085922, -0.00410838425159, -0.00122691178694], [-6.42645463813e-05, 0.000279506348306, -0.000782621151302, -0.000830651726574, -0.000720307172742, 0.0016837028088, -0.00120299274568, 0.00144440319855, 0.000473100313684, -0.00135946949013, -0.00410838425159, 0.012539585121, -0.00386104756035], [-0.000129940148327, 7.23689590814e-05, 0.000343040504958, -0.000170665662154, -0.000444208853878, -0.000483937503304, -0.000160619543749, -0.000679339515045, 0.00149647647049, -0.000445718033006, -0.00122691178694, -0.00386104756035, 0.0121373664588]]}, "silence_rate_20dB": {"dvar2": 0, "var": 0, "min": 1, "dmean": 0, "mean": 1, "max": 1, "dmean2": 0, "median": 1, "dvar": 0}, "melbands_kurtosis": {"dvar2": 3338.44555664, "var": 2180.33740234, "min": -1.97135841846, "dmean": 17.0592193604, "mean": 24.6945590973, "max": 588.477172852, "dmean2": 27.0713729858, "median": 5.92935228348, "dvar": 1344.55529785}, "barkbands_spread": {"dvar2": 168.300979614, "var": 265.296630859, "min": 0.131129026413, "dmean": 6.94371747971, "mean": 23.1142940521, "max": 148.624221802, "dmean2": 10.2878427505, "median": 21.9300041199, "dvar": 82.2038040161}, "erbbands_skewness": {"dvar2": 1.21384048462, "var": 1.49382972717, "min": -7.65254878998, "dmean": 0.590827703476, "mean": -0.235747680068, "max": 13.5278491974, "dmean2": 0.901140511036, "median": -0.379005223513, "dvar": 0.555695414543}, "average_loudness": 0.897041499615, "spectral_centroid": {"dvar2": 308575.75, "var": 807680.125, "min": 84.1601486206, "dmean": 326.899291992, "mean": 1693.21777344, "max": 10770.5800781, "dmean2": 476.214233398, "median": 1757.57836914, "dvar": 168796.5}, "dissonance": {"dvar2": 0.000929331348743, "var": 0.000747618672904, "min": 0.226443663239, "dmean": 0.016719719395, "mean": 0.47208955884, "max": 0.499989151955, "dmean2": 0.0280002783984, "median": 0.479771703482, "dvar": 0.000355596712325}, "erbbands_flatness_db": {"dvar2": 0.00121694314294, "var": 0.00491322064772, "min": 0.0294548403472, "dmean": 0.023178583011, "mean": 0.208253383636, "max": 0.590355813503, "dmean2": 0.0351933538914, "median": 0.196043387055, "dvar": 0.000564503949136}, "spectral_strongpeak": {"dvar2": 2.97459888458, "var": 1.99883008003, "min": 0, "dmean": 0.579343020916, "mean": 0.917334318161, "max": 14.0647134781, "dmean2": 0.98917299509, "median": 0.296970754862, "dvar": 1.18486714363}, "spectral_rms": {"dvar2": 3.90098739445e-06, "var": 7.34725517759e-06, "min": 3.27046354408e-12, "dmean": 0.000937142409384, "mean": 0.00539250206202, "max": 0.0143136223778, "dmean2": 0.00134257995524, "median": 0.00547359744087, "dvar": 2.11359133573e-06}, "silence_rate_60dB": {"dvar2": 0.0611533001065, "var": 0.0888181105256, "min": 0, "dmean": 0.0305112693459, "mean": 0.0985296145082, "max": 1, "dmean2": 0.0610309280455, "median": 0, "dvar": 0.0295802336186}, "melbands": {"dvar2": [7.59569911679e-06, 1.84936179721e-05, 0.000129057822051, 5.17517082699e-06, 1.02632164101e-07, 4.91536624736e-08, 1.8797445378e-08, 4.00003541401e-09, 2.44500881763e-08, 6.54201031125e-08, 6.42292334874e-08, 1.23096640436e-07, 1.03951435904e-07, 2.70346802722e-08, 8.35456948067e-09, 1.696417673e-09, 4.26465224246e-10, 9.39686461976e-09, 2.88301063023e-08, 1.73594294495e-08, 2.4038513402e-09, 7.8121085989e-11, 1.23600429891e-09, 2.30962626802e-09, 4.81414075271e-10, 3.99281857577e-11, 6.35931585169e-10, 6.29474528058e-10, 5.80641923431e-11, 5.92236260033e-11, 1.72827828437e-11, 4.39237327066e-11, 1.20518508367e-11, 7.11577741175e-11, 1.55174588456e-11, 4.44993035476e-11, 1.75036318772e-10, 1.51563511741e-10, 3.83801775083e-11, 5.44653870616e-11], "var": [2.26682259381e-05, 1.75567893166e-05, 4.330883894e-05, 2.47799448516e-06, 9.05386912109e-08, 5.35755297904e-08, 2.48412863613e-08, 2.09280237584e-09, 1.91861975196e-08, 8.71544898473e-08, 7.52064650555e-08, 1.04535416767e-07, 1.52363128336e-07, 4.35671019261e-08, 1.42645557588e-08, 1.80810399986e-09, 4.90902651862e-10, 6.61759891329e-09, 2.30607017926e-08, 1.47473233625e-08, 2.13818607264e-09, 8.54701448505e-11, 1.40396472226e-09, 3.18380566355e-09, 6.21036000403e-10, 4.44772829677e-11, 1.16721665666e-09, 1.12461351343e-09, 6.13026504559e-11, 8.71884509035e-11, 2.22485554285e-11, 4.12364829783e-11, 1.09196384573e-11, 4.15710174617e-11, 1.54551649256e-11, 3.94048023378e-11, 1.62499944056e-10, 1.55684673486e-10, 4.78486660016e-11, 5.35902745791e-11], "min": [1.33162686918e-23, 9.5257383997e-24, 5.04310335896e-24, 2.94169209507e-24, 1.06777190793e-23, 1.69607240324e-23, 5.80954562612e-24, 1.76206345786e-23, 3.60327680133e-24, 7.15841099934e-24, 6.24218297895e-24, 1.204366408e-23, 1.33641052171e-23, 8.22132218304e-24, 1.19255613473e-23, 1.19618197611e-23, 7.85249105566e-24, 7.79349767059e-24, 7.59091740127e-24, 4.72230123894e-24, 7.0400084995e-24, 1.20995209541e-23, 1.61571619154e-23, 7.46573464194e-24, 1.27405556366e-23, 8.17760666712e-24, 8.45157332633e-24, 7.89575297657e-24, 6.82159105864e-24, 7.44631446418e-24, 1.54685226327e-23, 1.39296616882e-23, 8.52419507241e-24, 1.15383047958e-23, 1.25667419691e-23, 1.05180875531e-23, 6.98044713457e-24, 1.03154938732e-23, 8.17371442741e-24, 8.56411616738e-24], "dmean": [0.00102533958852, 0.00135775830131, 0.00247706868686, 0.000717092305422, 0.000106481595139, 6.78510623402e-05, 3.70637026208e-05, 1.04742994154e-05, 3.48227658833e-05, 7.2840055509e-05, 6.3203908212e-05, 0.000123063786305, 0.000114671653137, 5.07484073751e-05, 2.16114531213e-05, 8.67071321409e-06, 6.93936181051e-06, 3.96814393753e-05, 7.54945140216e-05, 5.74708901695e-05, 2.25230105571e-05, 2.97442261399e-06, 1.44578280015e-05, 2.07447137655e-05, 8.19861816126e-06, 2.41025850301e-06, 9.43929990171e-06, 8.75006753631e-06, 2.03728473025e-06, 1.9664150841e-06, 8.88203999239e-07, 1.34352706027e-06, 6.78764479289e-07, 1.26515681131e-06, 9.33557430471e-07, 1.55765451382e-06, 2.02533419724e-06, 1.75137347469e-06, 9.08607944439e-07, 8.3581034005e-07], "mean": [0.0034645171836, 0.00319361267611, 0.00241529708728, 0.000809306977317, 0.00016321487783, 0.00012363960559, 6.13353768131e-05, 1.35015679916e-05, 5.3183932323e-05, 0.000119540702144, 0.000110277171188, 0.000186131321243, 0.000184469681699, 8.64632820594e-05, 3.7859310396e-05, 1.32609620778e-05, 1.10531464088e-05, 5.96884092374e-05, 0.000117962459626, 9.31300819502e-05, 3.41908016708e-05, 5.57115663469e-06, 2.89473246085e-05, 4.45989535365e-05, 1.60836170835e-05, 4.58256454294e-06, 2.34789113165e-05, 2.15485870285e-05, 3.37923734151e-06, 3.28676242134e-06, 1.34050219458e-06, 1.77974084181e-06, 9.79763171927e-07, 2.0712773221e-06, 1.82170174412e-06, 3.03192155116e-06, 3.6511230519e-06, 2.98778491015e-06, 1.45454509948e-06, 1.19153276046e-06], "max": [0.043717328459, 0.0377682000399, 0.0574539080262, 0.0188907105476, 0.00419279234484, 0.0028661089018, 0.00402434030548, 0.00181996671017, 0.00179357349407, 0.00382762984373, 0.0038146013394, 0.00354067794979, 0.00641609868035, 0.00308312941343, 0.00212778104469, 0.000948837026954, 0.000685898179654, 0.00132075103465, 0.00152826064732, 0.00136454124004, 0.000526238873135, 0.000118707263027, 0.000459037808469, 0.000680557626765, 0.000332114665071, 9.00526356418e-05, 0.000682925863657, 0.000413117348216, 9.72568595898e-05, 0.000157717207912, 4.63679825771e-05, 8.