{"metadata": {"tags": {"albumartist": ["Air Supply"], "musicbrainz_artistid": ["df9a1914-7fad-4900-bdd4-d7811712a2a8"], "originaldate": ["2000-05-02"], "musicbrainz album status": ["official"], "artist": ["Air Supply"], "asin": ["B00004T40A"], "artistsort": ["Air Supply"], "title": ["Now and Forever (live)"], "tracknumber": ["15/17"], "musicbrainz_albumartistid": ["df9a1914-7fad-4900-bdd4-d7811712a2a8"], "musicbrainz album release country": ["US"], "album": ["The Ultimate Collection"], "musicbrainz album type": ["compilation"], "script": ["Latn"], "albumartistsort": ["Air Supply"], "discnumber": ["1/1"], "date": ["2000-05-02"], "file_name": "Now and Forever (live) - Air Supply.mp3", "musicbrainz_albumid": ["224940ca-1a8e-4c88-a2f3-751b807a3986"], "musicbrainz_recordingid": ["0b18034c-8006-45e8-b5c0-9da6143bcf56"]}, "audio_properties": {"sample_rate": 44100, "downmix": "mix", "lossless": false, "analysis_sample_rate": 44100, "md5_encoded": "d09d7f319351c2d88af89d0175342fbf", "equal_loudness": 0, "replay_gain": -10.1909484863, "codec": "mp3", "bit_rate": 128000, "length": 256.862030029}, "version": {"extractor": "music 1.0", "essentia_build_sha": "70f2e5ece6736b2c40cc944ad0e695b16b925413", "essentia_git_sha": "v2.1_beta2", "essentia": "2.1-beta2"}}, "rhythm": {"beats_loudness_band_ratio": {"dvar2": [0.0325067378581, 0.0490615107119, 0.0591372326016, 0.05280148983, 0.0470106676221, 0.0183926336467], "var": [0.0210153926164, 0.0337977334857, 0.0425338558853, 0.0218334998935, 0.017224246636, 0.00526407780126], "min": [0, 0, 0, 0, 0, 0], "dmean": [0.0950665548444, 0.162234976888, 0.186437919736, 0.117046050727, 0.0861086919904, 0.0438198335469], "mean": [0.117212936282, 0.272992819548, 0.373483121395, 0.155724793673, 0.0922060981393, 0.0405545718968], "max": [0.72067797184, 0.818169772625, 0.945475518703, 0.930997788906, 0.737929403782, 0.806711435318], "dmean2": [0.166690126061, 0.271356582642, 0.325682222843, 0.209506258368, 0.153314903378, 0.0770267546177], "median": [0.056791394949, 0.241097137332, 0.339004874229, 0.104255370796, 0.0405077114701, 0.017737204209], "dvar": [0.0119337420911, 0.0189503636211, 0.0219876132905, 0.0195446833968, 0.0167320426553, 0.00652316771448]}, "bpm_histogram_first_peak_weight": {"dvar2": 0, "var": 0, "min": 0.208144798875, "dmean": 0, "mean": 0.208144798875, "max": 0.208144798875, "dmean2": 0, "median": 0.208144798875, "dvar": 0}, "bpm": 102.230766296, "beats_count": 443, "bpm_histogram_first_peak_spread": {"dvar2": 0, "var": 0, "min": 0.709779202938, "dmean": 0, "mean": 0.709779202938, "max": 0.709779202938, "dmean2": 0, "median": 0.709779202938, "dvar": 0}, "danceability": 0.989927709103, "bpm_histogram_first_peak_bpm": {"dvar2": 0, "var": 0, "min": 103, "dmean": 0, "mean": 103, "max": 103, "dmean2": 0, "median": 103, "dvar": 0}, "beats_position": [0.568888902664, 1.16099774837, 1.764716506, 2.36843538284, 2.97215414047, 3.5758728981, 4.17959165573, 4.76009082794, 5.34058952332, 5.93269824982, 6.54802703857, 7.17496585846, 7.80190467834, 8.42884349823, 9.04417228699, 9.65950107574, 10.2632198334, 10.866938591, 11.4706573486, 12.0859861374, 12.7013149261, 13.328253746, 13.966802597, 14.5937414169, 15.2206802368, 15.8592290878, 16.4861679077, 17.1131057739, 17.7400455475, 18.2857131958, 18.8081626892, 19.3306121826, 19.853061676, 20.3871192932, 20.9211788177, 21.4668483734, 22.0125160217, 22.5930156708, 23.1735134125, 23.7540130615, 24.3345127106, 24.89179039, 25.4722900391, 26.0527877808, 26.6332874298, 27.2370071411, 27.8407249451, 28.4328346252, 29.0249423981, 29.6286621094, 30.2439899445, 30.870929718, 31.5559177399, 32.2409057617, 32.9258956909, 33.5992736816, 34.1913833618, 34.7951011658, 35.3872108459, 35.9561004639, 36.5365982056, 37.151927948, 37.7440338135, 38.3361434937, 38.91664505, 39.5087509155, 40.1008605957, 40.7045783997, 41.2850799561, 41.8771858215, 42.4576873779, 43.0497932434, 43.6419029236, 44.2340126038, 44.8145103455, 45.4066200256, 45.9987297058, 46.590839386, 47.1945571899, 47.8098869324, 48.4136047363, 49.0173225403, 49.6210403442, 50.2131500244, 50.8052597046, 51.4089775085, 52.0010871887, 52.5931968689, 53.1969146729, 53.8006324768, 54.4043540955, 55.0545120239, 55.7046699524, 56.3548278809, 56.946937561, 57.5390472412, 58.1195449829, 58.6884346008, 59.2573242188, 59.8378219604, 60.4183197021, 61.0104293823, 61.6025390625, 62.1946487427, 62.7867546082, 63.3672561646, 63.9709739685, 64.563079834, 65.1551895142, 65.7589111328, 66.3626327515, 66.9663467407, 67.5700683594, 68.1737823486, 68.7658920288, 69.358001709, 69.8572311401, 70.3680725098, 70.8905181885, 71.4013595581, 71.9122009277, 72.423034668, 73.0151443481, 73.6188659668, 74.2225799561, 74.8263015747, 75.4416275024, 76.0453491211, 76.6490707397, 77.252784729, 77.8565063477, 78.4602279663, 79.075553894, 79.6908798218, 80.3062133789, 80.9099273682, 81.5136489868, 82.1289749146, 82.7326965332, 83.3480224609, 83.9633560181, 84.5786819458, 85.1940155029, 85.7977294922, 86.4014511108, 87.0051651001, 87.6088867188, 88.2009963989, 88.8047180176, 89.3968200684, 90.000541687, 90.5926513672, 91.1847610474, 91.788482666, 92.3921966553, 92.9959182739, 93.6112442017, 94.2265777588, 94.8419036865, 95.4340133667, 96.0145111084, 96.6182327271, 97.2219467163, 97.825668335, 98.4409942627, 99.0447158813, 99.6600418091, 100.263763428, 100.855873108, 101.447982788, 102.040092468, 102.643806458, 103.247528076, 103.851242065, 104.454963684, 105.047073364, 105.650794983, 106.242897034, 106.846618652, 107.450340271, 108.05405426, 108.669387817, 109.296325684, 109.911651611, 110.51537323, 111.130699158, 111.734420776, 112.338134766, 112.941856384, 113.557182312, 114.172515869, 114.799453735, 115.426391602, 116.03011322, 116.645439148, 117.260765076, 117.89931488, 118.537864685, 119.129974365, 119.733695984, 120.314193726, 120.894691467, 121.486801147, 122.067298889, 122.647796631, 123.228294373, 123.808792114, 124.400901794, 124.993011475, 125.573509216, 126.165618896, 126.769340515, 127.373062134, 127.976776123, 128.568893433, 129.160995483, 129.764709473, 130.356826782, 130.983764648, 131.599090576, 132.214416504, 132.818145752, 133.43347168, 134.037185669, 134.62928772, 135.209793091, 135.790298462, 136.370788574, 136.962905884, 137.555007935, 138.135513306, 138.716003418, 139.296508789, 139.876998901, 140.457504272, 141.037994385, 141.630111694, 142.222213745, 142.802719116, 143.371612549, 143.952102661, 144.520996094, 145.101501465, 145.705215454, 146.320541382, 146.924255371, 147.539596558, 148.154922485, 148.723800659, 149.292694092, 149.861587524, 150.442077637, 151.022583008, 151.603088379, 152.183578491, 152.752471924, 153.344573975, 153.936691284, 154.528793335, 155.109298706, 155.701400757, 156.293518066, 156.897232056, 157.500946045, 158.069839478, 158.650344849, 159.219223022, 159.788116455, 160.357009888, 160.9375, 161.518005371, 162.098495483, 162.679000854, 163.259490967, 163.839996338, 164.420501709, 164.989379883, 165.558273315, 166.138778687, 166.70765686, 167.276550293, 167.845443726, 168.414321899, 168.971603394, 169.528884888, 170.09777832, 170.666656494, 171.223937988, 171.792831421, 172.361724854, 172.942214966, 173.522720337, 174.103210449, 174.68371582, 175.264221191, 175.856323242, 176.448425293, 177.040542603, 177.632644653, 178.213150024, 178.793640137, 179.397369385, 180.012695312, 180.62802124, 181.243347168, 181.823852539, 182.392745972, 182.973236084, 183.542129517, 184.122619629, 184.691513062, 185.260406494, 185.829299927, 186.409790039, 186.99029541, 187.617233276, 188.220947266, 188.801452637, 189.381942749, 189.96244812, 190.554550171, 191.14666748, 191.738769531, 192.319274902, 192.899765015, 193.503494263, 194.11882019, 194.710922241, 195.303039551, 195.895141602, 196.487258911, 197.079360962, 197.659866333, 198.228744507, 198.786026001, 199.354919434, 199.935409546, 200.504302979, 201.073196411, 201.653686523, 202.222579956, 202.803085327, 203.383575439, 203.975692749, 204.5677948, 205.171508789, 205.763626099, 206.344116211, 206.913009644, 207.481903076, 208.027572632, 208.596466064, 209.188568115, 209.780670166, 210.372787476, 210.964889526, 211.522171021, 212.079452515, 212.648345947, 213.205612183, 213.774505615, 214.343399048, 214.92388916, 215.527618408, 216.131332397, 216.723449707, 217.280715942, 217.849609375, 218.430114746, 219.010604858, 219.579498291, 220.148391724, 220.728881836, 221.297775269, 221.889877319, 222.458770752, 223.027664185, 223.608154297, 224.177047729, 224.745941162, 225.303222656, 225.87210083, 226.440994263, 227.021499634, 227.590377808, 228.15927124, 228.739776611, 229.308654785, 229.889160156, 230.481262207, 231.061767578, 231.64225769, 232.222763062, 232.803268433, 233.383758545, 233.964263916, 234.544754028, 235.125259399, 235.705749512, 236.274642944, 236.889968872, 237.49369812, 238.097412109, 238.701126099, 239.304855347, 239.908569336, 240.512283325, 241.115997314, 241.719726562, 242.242172241, 242.76461792, 243.287063599, 243.763076782, 244.227478027, 244.703491211, 245.179489136, 245.655502319, 246.131515503, 246.607528687, 247.037094116, 247.478271484, 247.907836914, 248.337417603, 248.766983032, 249.196548462, 249.63772583, 249.986022949, 250.322723389, 250.671020508, 251.019317627, 251.414047241, 251.808792114, 252.203536987, 252.598266602, 252.981399536, 253.376144409, 253.759277344, 254.14239502, 254.537139893, 254.931884766, 255.32661438, 255.721359253, 256.116088867], "beats_loudness": {"dvar2": 0.000441074284026, "var": 0.000324706430547, "min": 0, "dmean": 0.0117593649775, "mean": 0.0194496493787, "max": 0.0979635640979, "dmean2": 0.0189831387252, "median": 0.0154537968338, "dvar": 0.000149382947711}, "bpm_histogram_second_peak_weight": {"dvar2": 0, "var": 0, "min": 0.0904977396131, "dmean": 0, "mean": 0.0904977396131, "max": 0.0904977396131, "dmean2": 0, "median": 0.0904977396131, "dvar": 0}, "bpm_histogram_second_peak_spread": {"dvar2": 0, "var": 0, "min": 0.322033941746, "dmean": 0, "mean": 0.322033941746, "max": 0.322033941746, "dmean2": 0, "median": 0.322033941746, "dvar": 0}, "bpm_histogram_second_peak_bpm": {"dvar2": 0, "var": 0, "min": 98, "dmean": 0, "mean": 98, "max": 98, "dmean2": 0, "median": 98, "dvar": 0}, "onset_rate": 2.44469881058}, "lowlevel": {"spectral_energyband_high": {"dvar2": 2.87318158598e-07, "var": 4.68962127798e-07, "min": 7.00175672887e-21, "dmean": 0.000126963597722, "mean": 0.000314038101351, "max": 0.0129406116903, "dmean2": 0.000171676772879, "median": 7.21807446098e-05, "dvar": 1.61735201232e-07}, "spectral_energyband_middle_low": {"dvar2": 3.37719757226e-05, "var": 7.96044187155e-05, "min": 1.69373283112e-22, "dmean": 0.00216005649418, "mean": 0.00816986337304, "max": 0.0840597376227, "dmean2": 0.00318021397106, "median": 0.00531186815351, "dvar": 1.55756879394e-05}, "spectral_energy": {"dvar2": 4.90810125484e-05, "var": 0.000192111270735, "min": 1.00936673857e-20, "dmean": 0.00283758156002, "mean": 0.0136457681656, "max": 0.11465203017, "dmean2": 0.00408125435933, "median": 0.00946325808764, "dvar": 2.42975056608e-05}, "spectral_spread": {"dvar2": 836935942144, "var": 17881429442600.0, "min": 937280.75, "dmean": 355038.9375, "mean": 3963585.5, "max": 43396144, "dmean2": 514642.34375, "median": 3351171, "dvar": 455438860288}, "spectral_energyband_low": {"dvar2": 1.36730841405e-06, "var": 2.52262771028e-06, "min": 5.06894565336e-24, "dmean": 0.000283346453216, "mean": 0.000823750393465, "max": 0.0226574614644, "dmean2": 0.000448913691798, "median": 0.000331050367095, "dvar": 5.35372635113e-07}, "spectral_rolloff": {"dvar2": 974977.875, "var": 5281530, "min": 129.19921875, "dmean": 283.446594238, "mean": 1621.4128418, "max": 19530.6152344, "dmean2": 457.490325928, "median": 925.927734375, "dvar": 530457.5625}, "barkbands": {"dvar2": [2.900448548e-09, 2.13582993069e-07, 5.87221052228e-07, 3.28747432832e-07, 5.17414400747e-06, 5.99744589636e-06, 3.05459252559e-06, 5.73070838072e-06, 1.13225469249e-05, 8.5436131485e-06, 2.46600234277e-06, 3.00633087136e-06, 1.01763782823e-06, 1.71882379618e-06, 8.84169310211e-07, 8.71945417202e-07, 4.33112262499e-07, 6.58747467241e-07, 1.37442015102e-07, 1.7065474367e-07, 7.07568670322e-09, 6.84060763589e-09, 1.62073128251e-08, 6.99936748561e-08, 1.07911084513e-08, 5.38320832355e-10, 5.51324437492e-12], "var": [1.11933029512e-09, 2.35544121097e-07, 9.36610092594e-07, 6.3075020762e-07, 8.04502542451e-06, 5.63852836422e-06, 3.8864036469e-06, 7.61293631513e-06, 1.43686074807e-05, 1.57478662004e-05, 5.86062833463e-06, 3.27643556375e-06, 1.63817708199e-06, 1.83652423402e-06, 1.77556023573e-06, 8.63838124587e-07, 1.05359288227e-06, 9.55758764576e-07, 2.88190022957e-07, 4.24108378638e-07, 6.660916263e-09, 6.06889249966e-09, 1.9316633626e-08, 6.29981329325e-08, 1.38112996595e-08, 8.30768565052e-10, 2.74976677712e-12], "min": [1.27818355938e-25, 1.30031749261e-24, 4.43807080909e-25, 1.1799855376e-24, 6.70257009185e-24, 6.0304424568e-24, 6.57111509946e-24, 3.91330860342e-24, 1.35697486333e-23, 8.67866902601e-24, 1.49931739839e-23, 2.45623849304e-23, 2.30002147238e-23, 3.88701934043e-23, 3.64125698293e-23, 5.65164186307e-23, 7.6386941309e-23, 8.51341087052e-23, 1.36090673541e-22, 1.33079206502e-22, 2.35610639041e-22, 2.67388076761e-22, 4.00570138103e-22, 5.54045463216e-22, 7.71874925018e-22, 1.33593778577e-21, 1.73472477006e-21], "dmean": [3.7046027046e-06, 7.87804237916e-05, 0.000177064546733, 0.000147333703353, 0.00065483659273, 0.000640263839159, 0.000397515716031, 0.000540330540389, 0.000746892648749, 0.000618455233052, 0.000329851696733, 0.000283089088043, 0.00020949273312, 0.000254602346104, 0.000195043394342, 0.000135867099743, 0.000142590404721, 0.000207030097954, 0.000105548439024, 0.000111346467747, 1.77719502972e-05, 1.30058997456e-05, 2.58331929217e-05, 3.87026011595e-05, 1.40390366141e-05, 5.41306599189e-06, 2.66777988145e-07], "mean": [3.71388046005e-06, 0.000180152215762, 0.000425079255365, 0.000361026613973, 0.00168723799288, 0.0014288375387, 0.000986702390946, 0.0014846798731, 0.00158964178991, 0.001276205061, 0.000712108332664, 0.000529181212187, 0.000406944134738, 0.000448094448075, 0.000377093412681, 0.000218719156692, 0.000331903924234, 0.000454044056823, 0.000234042934608, 0.000292868789984, 3.22087071254e-05, 2.30766345339e-05, 5.27991469426e-05, 7.28813174646e-05, 2.50296925515e-05, 1.1173112398e-05, 3.52463729314e-07], "max": [0.00257629528642, 0.0100643280894, 0.0202003270388, 0.0118001643568, 0.0476941727102, 0.0398764647543, 0.0349878557026, 0.0582079738379, 0.0632019713521, 0.0629045218229, 0.0476159751415, 0.0384821407497, 0.0204880945385, 0.0219265390188, 0.0234507713467, 0.0311217606068, 0.0127313621342, 0.0172450821847, 0.00712324492633, 0.0101052857935, 0.00272991647944, 0.00202774722129, 0.00410695839673, 0.00717782089487, 0.00337506853975, 0.000529928540345, 8.32124787848e-05], "dmean2": [6.03077160122e-06, 0.00013378089352, 0.000278346327832, 0.000231863406952, 0.00100615632255, 0.000975384085905, 0.000602154817898, 0.000795542553533, 0.00109552079812, 0.000898100959603, 0.000480270449771, 0.000426643469837, 0.000312252872391, 0.000378907134291, 0.000285832822556, 0.000201818562346, 0.000214741841774, 0.000305563997244, 0.000151280095452, 0.000159023344168, 2.64064328803e-05, 1.87006044143e-05, 3.67395514331e-05, 5.42847483302e-05, 1.94292442757e-05, 7.64930791775e-06, 4.23794716653e-07], "median": [6.7685277827e-07, 3.63817962352e-05, 0.000134481029818, 7.02831966919e-05, 0.000589776667766, 0.000570126518141, 0.000331864401232, 0.000600949628279, 0.000388554908568, 0.000215159030631, 0.000123961508507, 7.34477725928e-05, 7.87413446233e-05, 6.50174479233e-05, 5.8914291003e-05, 3.56591772288e-05, 4.75009037473e-05, 6.09870585322e-05, 3.65206324204e-05, 3.35036820616e-05, 7.12015207682e-06, 3.49444144376e-06, 7.49891933083e-06, 7.74230102252e-06, 3.72255090042e-06, 1.82960775419e-06, 3.01039237982e-09], "dvar": [1.20491328026e-09, 7.44554284893e-08, 2.44291555873e-07, 1.31701426653e-07, 2.23778715736e-06, 2.55048394138e-06, 1.33351795739e-06, 2.51673986895e-06, 5.21010224475e-06, 4.3069453568e-06, 1.28331396354e-06, 1.35370180487e-06, 5.14562600529e-07, 7.89810542301e-07, 4.55335452898e-07, 4.35596575699e-07, 2.02986896625e-07, 3.05440721604e-07, 7.59382103865e-08, 8.44212308948e-08, 3.20000403953e-09, 3.15209147672e-09, 8.70489635929e-09, 3.40225767559e-08, 6.07895112026e-09, 2.92297019922e-10, 2.07355920628e-12]}, "melbands_skewness": {"dvar2": 0.352593809366, "var": 1.08796262741, "min": -0.900899887085, "dmean": 0.377839952707, "mean": 1.67201673985, "max": 7.78733110428, "dmean2": 0.571096599102, "median": 1.54138922691, "dvar": 0.159999772906}, "barkbands_skewness": {"dvar2": 0.283341467381, "var": 1.14681637287, "min": -2.28355908394, "dmean": 0.339384675026, "mean": 1.25692737103, "max": 9.41084384918, "dmean2": 0.502858161926, "median": 1.22882282734, "dvar": 0.137015223503}, "erbbands": {"dvar2": [2.53991511272e-05, 0.0190538130701, 0.596606254578, 1.96114480495, 16.0440502167, 114.26700592, 289.62701416, 507.619140625, 639.01348877, 868.495910645, 3938.13305664, 8726.33496094, 7896.77441406, 5279.03466797, 2973.49438477, 5862.04345703, 2372.35644531, 3803.8269043, 1717.72106934, 3872.05102539, 1314.21252441, 770.877868652, 2130.2253418, 394.762939453, 415.128967285, 330.844970703, 26.8658638, 7.70569801331, 9.3287525177, 6.14254951477, 19.2008037567, 29.3566379547, 21.4030361176, 3.47262024879, 0.257567554712, 0.0220311265439, 0.00180848792661, 4.36564296251e-05, 3.34566578886e-08, 9.50508421971e-11], "var": [1.79262460733e-05, 0.0227374080569, 1.02471017838, 4.10626840591, 21.5403213501, 161.283111572, 282.182922363, 415.824462891, 762.835205078, 1692.91662598, 4609.36474609, 9278.47363281, 16737.4960938, 12304.6621094, 3926.96923828, 6771.37402344, 3783.2902832, 3879.23852539, 2556.7565918, 5371.36035156, 2225.95776367, 2494.74926758, 2933.48022461, 903.974975586, 1108.55065918, 944.052246094, 43.964679718, 6.83776330948, 8.50297260284, 7.04081773758, 20.6141052246, 26.92760849, 18.3820362091, 3.34199428558, 0.376768171787, 0.0328765809536, 0.00223576347344, 5.28381533513e-05, 3.22289004373e-08, 3.88374249427e-10], "min": [3.26091590163e-23, 2.87312103141e-22, 1.15533321858e-21, 3.21895255307e-21, 1.37945404931e-20, 2.43789303539e-20, 4.60735045236e-20, 5.77703973783e-20, 6.96387266461e-20, 1.50904291057e-19, 2.16663624641e-19, 3.58238791804e-19, 5.38061342926e-19, 6.19486003896e-19, 1.08231723466e-18, 1.20344749562e-18, 1.47236463654e-18, 2.11558203862e-18, 1.9927138712e-18, 2.92806406528e-18, 3.19809965779e-18, 4.81682573531e-18, 4.96167457314e-18, 6.06117421029e-18, 7.48763559611e-18, 6.91933273678e-18, 8.49455014806e-18, 1.00909640625e-17, 1.07033184254e-17, 8.60032090581e-18, 1.02204509156e-17, 1.03405509231e-17, 9.36985695583e-18, 7.88517528978e-18, 5.80342928091e-18, 3.88143459579e-18, 2.13351303955e-18, 9.12619477638e-19, 2.46787888189e-19, 2.63071869125e-20], "dmean": [0.000794791965745, 0.0237001720816, 0.167282432318, 0.356831550598, 0.999536573887, 2.86402320862, 4.27290010452, 5.31812667847, 5.49791240692, 7.16376399994, 13.3912248611, 18.7215232849, 19.7713546753, 13.1971406937, 10.8131856918, 12.2624778748, 10.2774648666, 11.9435501099, 9.10766506195, 9.61664772034, 6.01072263718, 6.40025615692, 11.2953538895, 5.24715042114, 5.87984895706, 4.90778636932, 1.262332201, 0.530323863029, 0.497839421034, 0.439802408218, 0.827666401863, 0.796210229397, 0.652386426926, 0.216479629278, 0.0758216008544, 0.0322137586772, 0.00885170605034, 0.00131754158065, 3.06138608721e-05, 4.02280011258e-06], "mean": [0.00153947097715, 0.0580870211124, 0.428332090378, 0.999719500542, 2.46462202072, 6.80235719681, 9.21426868439, 11.5900335312, 13.864440918, 21.5283737183, 34.9427680969, 39.9444274902, 44.357963562, 31.2735214233, 22.6425247192, 24.8069667816, 21.2387485504, 22.61759758, 17.758102417, 19.3474216461, 13.5755758286, 17.7183017731, 25.402513504, 13.8394498825, 15.4144620895, 13.2847480774, 2.96119451523, 1.0348430872, 0.895849466324, 0.832079529762, 1.68647432327, 1.47985470295, 1.21414029598, 0.375582814217, 0.142152681947, 0.064550332725, 0.0167141836137, 0.00240366347134, 6.2709179474e-05, 1.90316368389e-05], "max": [0.161865785718, 2.88249278069, 18.7520751953, 33.1488952637, 64.957244873, 201.416000366, 274.750518799, 388.460021973, 640.435424805, 699.949035645, 1608.21264648, 1651.06066895, 1877.98181152, 2173.16845703, 1239.11730957, 1969.39135742, 1075.4486084, 1005.99938965, 1121.9309082, 2014.81164551, 917.072631836, 565.10736084, 855.524230957, 419.156646729, 417.193054199, 504.031799316, 166.820648193, 58.2897224426, 62.4419708252, 66.721206665, 157.301681519, 149.099472046, 138.211242676, 50.3132781982, 18.1236057281, 3.83839821815, 1.14422678947, 0.194949433208, 0.00524663180113, 0.000175704670255], "dmean2": [0.00133243005257, 0.0397737510502, 0.264991879463, 0.55467158556, 1.59827649593, 4.3663020134, 6.55245637894, 8.10801506042, 8.41929340363, 10.2926921844, 19.8384380341, 27.4496974945, 28.8936958313, 19.161523819, 15.5932998657, 18.1321678162, 15.0097618103, 17.8691997528, 13.3141622543, 13.6970834732, 8.76870059967, 9.3340473175, 16.4209823608, 7.46971273422, 8.20542621613, 6.89763259888, 1.80054628849, 0.781621217728, 0.715434014797, 0.622611045837, 1.16871678829, 1.1227118969, 0.919545471668, 0.299960702658, 0.106802605093, 0.0459305234253, 0.0125716533512, 0.00189252605196, 4.49428989668e-05, 5.58089459446e-06], "median": [0.000412107328884, 0.0137018114328, 0.145345389843, 0.271839410067, 0.807191371918, 2.11474657059, 3.65221691132, 4.44706964493, 4.57260704041, 8.76898479462, 13.9916715622, 11.7764911652, 9.05089664459, 5.8731584549, 5.13104629517, 4.51423358917, 4.90473270416, 4.54070281982, 3.47715997696, 2.90501976013, 2.29733705521, 2.69335842133, 3.79864311218, 2.15491533279, 1.97795915604, 1.51577579975, 0.574279725552, 0.263518333435, 0.153330385685, 0.134030565619, 0.224642008543, 0.171254053712, 0.119561955333, 0.0502383634448, 0.0194198675454, 0.00904258713126, 0.00240772357211, 0.000252153753536, 1.38537270686e-05, 1.27337079903e-05], "dvar": [1.06329061964e-05, 0.00667867204174, 0.241874441504, 0.771599113941, 6.3531794548, 50.7031097412, 119.141067505, 213.849502563, 268.355682373, 431.131835938, 1718.81152344, 3929.81030273, 4001.234375, 2379.97314453, 1400.50805664, 2673.7109375, 1227.41467285, 1716.90332031, 859.651000977, 1912.35852051, 658.424316406, 376.461151123, 977.443359375, 197.875671387, 232.76121521, 176.148147583, 13.1055345535, 3.39093327522, 4.33037185669, 3.22227215767, 9.91333961487, 14.3450717926, 10.3722515106, 1.80096483231, 0.143709614873, 0.0116362208501, 0.000943135470152, 2.08106193895e-05, 1.42083820265e-08, 5.14068301816e-11]}, "silence_rate_30dB": {"dvar2": 0.000542222813237, "var": 9.03723121155e-05, "min": 0, "dmean": 0.000180782793905, "mean": 0.999909639359, "max": 1, "dmean2": 0.000361598271411, "median": 1, "dvar": 0.000180739152711}, "melbands_spread": {"dvar2": 140.411605835, "var": 503.111114502, "min": 0.829721450806, "dmean": 4.25053262711, "mean": 22.0495681763, "max": 235.701339722, "dmean2": 6.13853740692, "median": 14.8831987381, "dvar": 77.6292037964}, "melbands_crest": {"dvar2": 13.3521080017, "var": 24.4101276398, "min": 1.50381600857, "dmean": 2.33214259148, "mean": 12.4306087494, "max": 32.402053833, "dmean2": 3.64085125923, "median": 11.4779396057, "dvar": 5.46684122086}, "zerocrossingrate": {"dvar2": 0.000170260755112, "var": 0.00361738214269, "min": 0.00830078125, "dmean": 0.00701499916613, "mean": 0.0592320375144, "max": 0.52880859375, "dmean2": 0.00799016561359, "median": 0.04443359375, "dvar": 0.000165128236404}, "barkbands_kurtosis": {"dvar2": 20.6821403503, "var": 37.1177368164, "min": -1.892988801, "dmean": 1.66874694824, "mean": 3.84156703949, "max": 159.291885376, "dmean2": 2.53980731964, "median": 2.29407525063, "dvar": 9.54676532745}, "spectral_flux": {"dvar2": 0.000849674397614, "var": 0.00147085415665, "min": 6.38691113886e-11, "dmean": 0.0144465202466, "mean": 0.0474034808576, "max": 0.263223588467, "dmean2": 0.0226599369198, "median": 0.0373308882117, "dvar": 0.000375600968255}, "barkbands_crest": {"dvar2": 9.08063220978, "var": 17.0654373169, "min": 2.80589056015, "dmean": 1.90958249569, "mean": 9.96862697601, "max": 25.0818538666, "dmean2": 2.98503708839, "median": 8.94376087189, "dvar": 3.77027654648}, "barkbands_flatness_db": {"dvar2": 0.000431422929978, "var": 0.00261642294936, "min": 0.0374610386789, "dmean": 0.0143149634823, "mean": 0.169695943594, "max": 0.37858569622, "dmean2": 0.0216228291392, "median": 0.163432568312, "dvar": 0.000195363259991}, "spectral_entropy": {"dvar2": 0.0368442423642, "var": 0.301823467016, "min": 5.02558040619, "dmean": 0.123063661158, "mean": 7.06140041351, "max": 9.82608795166, "dmean2": 0.177283793688, "median": 7.05539798737, "dvar": 0.01967552118}, "pitch_salience": {"dvar2": 0.00534952897578, "var": 0.010546519421, "min": 0.15017183125, "dmean": 0.0505178011954, "mean": 0.572793781757, "max": 0.981330573559, "dmean2": 0.0791251882911, "median": 0.580263078213, "dvar": 0.00224628602155}, "erbbands_spread": {"dvar2": 66.2331008911, "var": 182.838027954, "min": 1.24127697945, "dmean": 4.26849126816, "mean": 25.0355682373, "max": 115.474952698, "dmean2": 6.30295085907, "median": 22.152973175, "dvar": 33.3738250732}, "dynamic_complexity": 5.3613576889, "spectral_contrast_valleys": {"dvar2": [0.315412789583, 0.17042414844, 0.15120652318, 0.127433806658, 0.130265414715, 0.163567706943], "var": [4.97427129745, 5.6314868927, 5.34105634689, 5.14425611496, 5.64275693893, 5.10749673843], "min": [-28.3342819214, -28.2074127197, -27.8743019104, -27.7902812958, -27.4852333069, -27.4004077911], "dmean": [0.410393029451, 0.286903619766, 0.269057780504, 0.239083513618, 0.21891489625, 0.252950638533], "mean": [-9.10485649109, -7.28656578064, -8.19916820526, -8.81834793091, -8.95914649963, -11.9326839447], "max": [-6.0298409462, -4.64571380615, -5.56593370438, -6.27755403519, -5.58295106888, -7.5998339653], "dmean2": [0.685092389584, 0.466874688864, 0.4336784482, 0.384367138147, 0.333535939455, 0.359823852777], "median": [-8.8528213501, -6.93500328064, -7.81780338287, -8.39720535278, -8.44093894958, -11.4361000061], "dvar": [0.125695005059, 0.0773617625237, 0.0701344683766, 0.0614023171365, 0.0684376507998, 0.0907994508743]}, "hfc": {"dvar2": 65.0106582642, "var": 291.639434814, "min": 1.06594642872e-16, "dmean": 3.02739882469, "mean": 13.9673643112, "max": 140.913482666, "dmean2": 4.03077030182, "median": 6.61595916748, "dvar": 36.4470825195}, "spectral_kurtosis": {"dvar2": 60.7911605835, "var": 65.3982162476, "min": -1.27051126957, "dmean": 3.06809163094, "mean": 9.04234313965, "max": 85.3454589844, "dmean2": 5.30311727524, "median": 6.83627605438, "dvar": 20.0607414246}, "mfcc": {"mean": [-720.508483887, 138.964813232, -15.0791530609, 3.1327457428, -6.08581399918, -22.2131843567, -5.86733913422, -3.27566146851, -13.7313938141, 4.69861268997, -7.8863120079, -1.11077272892, -7.72634792328], "cov": [[12608.8994141, -969.602539062, -1063.08166504, 122.795600891, -177.687194824, -666.077941895, 272.813781738, 141.360275269, -670.198913574, 431.702301025, -410.159545898, 35.83543396, -210.708358765], [-969.602539062, 1769.29492188, -53.583278656, 40.8831634521, -60.1454696655, 209.025039673, -106.808113098, -56.0314788818, 143.702270508, -130.718276978, 133.024414062, -57.9101409912, -11.1720542908], [-1063.08166504, -53.583278656, 662.229064941, -8.96395301819, 72.7867126465, 181.569259644, -5.42633008957, 5.76906347275, 101.419052124, -73.052444458, 55.7628593445, -24.8060588837, 2.71580600739], [122.795600891, 40.8831634521, -8.96395301819, 292.953063965, 37.5851593018, 49.2461090088, -54.19373703, 21.6848144531, 73.6979446411, -21.892621994, -18.2465324402, 14.7945318222, 29.5579204559], [-177.687194824, -60.1454696655, 72.7867126465, 37.5851593018, 274.327087402, -43.8653182983, 73.4925994873, 19.1741847992, 5.40636014938, 65.7878646851, -60.1788749695, 23.8391036987, 23.7066459656], [-666.077941895, 209.025039673, 181.569259644, 49.2461090088, -43.8653182983, 329.774963379, -39.2654304504, 13.3672733307, 111.578132629, -79.2826156616, 109.577575684, -43.6327934265, -6.10269403458], [272.813781738, -106.808113098, -5.42633008957, -54.19373703, 73.4925994873, -39.2654304504, 301.733428955, 64.4518585205, -63.9316291809, 86.2739105225, -31.5724372864, 20.360244751, -23.5639610291], [141.360275269, -56.0314788818, 5.76906347275, 21.6848144531, 19.1741847992, 13.3672733307, 64.4518585205, 148.012573242, -4.26376008987, 36.8678817749, -7.22083950043, 1.4671369791, 19.8945178986], [-670.198913574, 143.702270508, 101.419052124, 73.6979446411, 5.40636014938, 111.578132629, -63.9316291809, -4.26376008987, 219.036773682, -54.2427024841, 54.6614265442, 17.4538593292, 14.0970468521], [431.702301025, -130.718276978, -73.052444458, -21.892621994, 65.7878646851, -79.2826156616, 86.2739105225, 36.8678817749, -54.2427024841, 175.227325439, -32.229133606, 22.9369182587, -13.1046876907], [-410.159545898, 133.024414062, 55.7628593445, -18.2465324402, -60.1788749695, 109.577575684, -31.5724372864, -7.22083950043, 54.6614265442, -32.229133606, 155.259552002, 0.945910573006, 1.43307483196], [35.83543396, -57.9101409912, -24.8060588837, 14.7945318222, 23.8391036987, -43.6327934265, 20.360244751, 1.4671369791, 17.4538593292, 22.9369182587, 0.945910573006, 122.862358093, 22.7293453217], [-210.708358765, -11.1720542908, 2.71580600739, 29.5579204559, 23.7066459656, -6.10269403458, -23.5639610291, 19.8945178986, 14.0970468521, -13.1046876907, 1.43307483196, 22.7293453217, 110.019309998]], "icov": [[0.000124488913571, 2.8493010177e-05, 0.000100727120298, -0.000162566328072, 0.000144015284604, 5.70536503801e-05, -9.59196950134e-06, -8.80831576069e-05, 0.000251756689977, -0.000143274737638, 0.000138466901262, -3.98281626985e-05, 0.000225609444897], [2.8493010177e-05, 0.000698967371136, 0.000296906684525, -1.43798542922e-05, -0.000142399454489, -0.000266011367785, 1.32864397528e-05, 0.000143398719956, -0.000223471972276, 0.000311322160996, -0.000349515175913, 0.000264219910605, 0.000130607848405], [0.000100727120298, 0.000296906684525, 0.00222988985479, 0.00036373839248, -0.000893487478606, -0.00102192023769, -5.2231902373e-05, -0.000139628580655, -0.000336941622663, 0.000749431899749, -0.000118480609672, 0.000188291844097, 0.000315280805808], [-0.000162566328072, -1.43798542922e-05, 0.00036373839248, 0.0045771128498, -0.00089579122141, -0.00103967753239, 0.000844399386551, -0.000686278857756, -0.00149307865649, 0.000465008371975, 0.00114890607074, -0.000504359835759, -0.000775241001975], [0.000144015284604, -0.000142399454489, -0.000893487478606, -0.00089579122141, 0.00547696556896, 0.000475042150356, -0.00104713265318, 0.000457020098111, -0.000368146284018, -0.00216194102541, 0.00200676522218, -0.000260033877566, -0.00111941143405], [5.70536503801e-05, -0.000266011367785, -0.00102192023769, -0.00103967753239, 0.000475042150356, 0.00592513335869, -0.000395379523979, -0.00088689342374, -0.0012299666414, 0.000889053393621, -0.0028948339168, 0.00178096746095, 0.000622063642368], [-9.59196950134e-06, 1.32864397528e-05, -5.2231902373e-05, 0.000844399386551, -0.00104713265318, -0.000395379523979, 0.00478246388957, -0.00187605910469, 0.000953732000198, -0.00105725089088, 0.000278709456325, -0.000986993312836, 0.00127680541482], [-8.80831576069e-05, 0.000143398719956, -0.000139628580655, -0.000686278857756, 0.000457020098111, -0.00088689342374, -0.00187605910469, 0.00855176430196, -0.000377336400561, -0.00161349866539, 0.000248444121098, 0.000742874690332, -0.00236274208874], [0.000251756689977, -0.000223471972276, -0.000336941622663, -0.00149307865649, -0.000368146284018, -0.0012299666414, 0.000953732000198, -0.000377336400561, 0.00749130686745, 0.000539409171324, -0.00081624602899, -0.00186533527449, 0.000652895192616], [-0.000143274737638, 0.000311322160996, 0.000749431899749, 0.000465008371975, -0.00216194102541, 0.000889053393621, -0.00105725089088, -0.00161349866539, 0.000539409171324, 0.00893038883805, -0.000959189026617, -0.000774769228883, 0.00136143504642], [0.000138466901262, -0.000349515175913, -0.000118480609672, 0.00114890607074, 0.00200676522218, -0.0028948339168, 0.000278709456325, 0.000248444121098, -0.00081624602899, -0.000959189026617, 0.010274829343, -0.00152891187463, -0.000481896830024], [-3.98281626985e-05, 0.000264219910605, 0.000188291844097, -0.000504359835759, -0.000260033877566, 0.00178096746095, -0.000986993312836, 0.000742874690332, -0.00186533527449, -0.000774769228883, -0.00152891187463, 0.0100049367175, -0.00200982159004], [0.000225609444897, 0.000130607848405, 0.000315280805808, -0.000775241001975, -0.00111941143405, 0.000622063642368, 0.00127680541482, -0.00236274208874, 0.000652895192616, 0.00136143504642, -0.000481896830024, -0.00200982159004, 0.0112115861848]]}, "silence_rate_20dB": {"dvar2": 0, "var": 0, "min": 1, "dmean": 0, "mean": 1, "max": 1, "dmean2": 0, "median": 1, "dvar": 0}, "melbands_kurtosis": {"dvar2": 40.9166870117, "var": 68.6504516602, "min": -1.74859368801, "dmean": 2.53060913086, "mean": 6.63877630234, "max": 169.877197266, "dmean2": 3.90116715431, "median": 4.33380413055, "dvar": 17.6516056061}, "barkbands_spread": {"dvar2": 40.9243507385, "var": 108.178543091, "min": 0.530843913555, "dmean": 2.71605753899, "mean": 14.6168289185, "max": 119.645057678, "dmean2": 3.98451733589, "median": 11.8552303314, "dvar": 21.7171535492}, "erbbands_skewness": {"dvar2": 0.175338089466, "var": 0.760610222816, "min": -2.77284431458, "dmean": 0.281729102135, "mean": 0.716562151909, "max": 6.52264356613, "dmean2": 0.417026251554, "median": 0.765652298927, "dvar": 0.0862143039703}, "average_loudness": 0.273234248161, "spectral_centroid": {"dvar2": 104917.164062, "var": 1583106, "min": 209.030441284, "dmean": 150.508422852, "mean": 1274.06555176, "max": 11870.9511719, "dmean2": 211.540908813, "median": 927.104492188, "dvar": 58811.0429688}, "dissonance": {"dvar2": 0.00128178799059, "var": 0.00148783740588, "min": 0.19639274478, "dmean": 0.022849868983, "mean": 0.442284315825, "max": 0.500000119209, "dmean2": 0.0387808978558, "median": 0.450261831284, "dvar": 0.000470794853754}, "erbbands_flatness_db": {"dvar2": 0.000308784219669, "var": 0.00253700977191, "min": 0.0788659229875, "dmean": 0.0122797610238, "mean": 0.211921051145, "max": 0.435458481312, "dmean2": 0.0175631884485, "median": 0.20737297833, "dvar": 0.000160378534929}, "spectral_strongpeak": {"dvar2": 1.91041874886, "var": 2.87788939476, "min": 0, "dmean": 0.512847900391, "mean": 1.42176675797, "max": 13.9788408279, "dmean2": 0.824532926083, "median": 0.774911761284, "dvar": 0.816329717636}, "spectral_rms": {"dvar2": 3.91484292095e-07, "var": 3.28917781189e-06, "min": 3.13806944839e-12, "dmean": 0.000339803897077, "mean": 0.00316604506224, "max": 0.0105761829764, "dmean2": 0.000480194750708, "median": 0.00303849438205, "dvar": 2.1532029848e-07}, "silence_rate_60dB": {"dvar2": 0.0660935640335, "var": 0.186013817787, "min": 0, "dmean": 0.0318177714944, "mean": 0.247017353773, "max": 1, "dmean2": 0.063641294837, "median": 0, "dvar": 0.0308015327901}, "melbands": {"dvar2": [6.07033046052e-09, 1.02365724786e-07, 6.31556034136e-08, 2.47763892958e-07, 2.65555257783e-07, 2.32682381807e-07, 1.32774715667e-07, 1.0438050424e-07, 2.72512806987e-07, 3.25409700963e-07, 2.04666719128e-07, 9.87526505014e-08, 3.33683694009e-08, 3.9735432722e-08, 1.99326759542e-08, 1.29001600513e-08, 1.71134644233e-08, 7.19728232568e-09, 6.4977334624e-09, 6.16737239056e-09, 2.8907234384e-09, 1.42494671618e-09, 1.96301619404e-09, 2.12633111119e-09, 3.02824709753e-10, 2.54144233436e-10, 3.61239288482e-10, 1.61167634793e-10, 2.13236615865e-11, 5.25810818497e-12, 3.16756408429e-12, 3.9881422817e-12, 2.38428330898e-12, 2.59157105498e-12, 7.18052960841e-12, 9.73673919269e-12, 1.38032875061e-11, 1.20161996672e-11, 7.72792246861e-12, 2.11057408529e-12], "var": [6.35233776691e-09, 1.65326881074e-07, 1.225819517e-07, 3.50338694943e-07, 3.22388757468e-07, 2.10037484294e-07, 1.55766883836e-07, 2.04021119998e-07, 3.1472700357e-07, 3.77869668e-07, 4.34356536516e-07, 2.10873238871e-07, 5.59630422003e-08, 3.81850711051e-08, 2.77681824201e-08, 1.71404312965e-08, 1.79043002646e-08, 9.00325591857e-09, 1.42536302761e-08, 6.39697095295e-09, 4.78778972024e-09, 3.26578875054e-09, 3.66024099918e-09, 2.47034392942e-09, 5.55786860978e-10, 5.20477827504e-10, 8.36837987794e-10, 3.79797554517e-10, 2.96781314801e-11, 3.97782371278e-12, 2.39674209299e-12, 3.45321883068e-12, 1.7982138131e-12, 2.73408357586e-12, 7.03261711019e-12, 9.30514953285e-12, 1.12057082363e-11, 1.08610351615e-11, 5.37998551958e-12, 1.9278424343e-12], "min": [4.78896501442e-25, 5.31578851364e-25, 7.94927689316e-25, 9.75446428044e-25, 1.76664946129e-24, 1.15309750947e-24, 1.38103689588e-24, 1.51192203487e-24, 2.02721357095e-24, 2.01963991461e-24, 2.27004980669e-24, 2.13648638632e-24, 2.82455236432e-24, 3.3331140294e-24, 2.46019348663e-24, 2.64958301554e-24, 3.65823831832e-24, 2.34881441263e-24, 2.97823942916e-24, 3.1794754795e-24, 3.28933205195e-24, 4.42122931902e-24, 3.72092199471e-24, 3.81176051124e-24, 4.01117429289e-24, 5.07226636334e-24, 4.4597971231e-24, 3.83562473691e-24, 4.10320477824e-24, 4.84428240628e-24, 4.91136003792e-24, 5.60808080611e-24, 5.17472243441e-24, 4.0956620847e-24, 5.64456917286e-24, 5.30960739402e-24, 5.02190153884e-24, 6.18726997691e-24, 6.03333520974e-24, 6.16749007857e-24], "dmean": [1.40359361467e-05, 6.73343020026e-05, 7.0194437285e-05, 0.0001345109049, 0.000142940509249, 0.00012094045087, 8.25178140076e-05, 8.13531878521e-05, 0.000116566414363, 0.000115989983897, 9.96995149762e-05, 5.53747413505e-05, 3.8852878788e-05, 3.3481810533e-05, 2.80297699646e-05, 2.20321344386e-05, 2.4835109798e-05, 1.62466949405e-05, 1.47868495333e-05, 1.13180713015e-05, 8.36874005472e-06, 7.65759341448e-06, 1.11216668301e-05, 9.96232847683e-06, 4.41170595877e-06, 4.22780431109e-06, 5.23789731233e-06, 3.21851166518e-06, 1.05768606318e-06, 4.19747664182e-07, 3.05915932586e-07, 3.27755202534e-07, 2.11316276477e-07, 2.89635210038e-07, 4.93553557135e-07, 5.33147328952e-07, 5.18722345078e-07, 5.28930286237e-07, 3.13614918923e-07, 1.59529037091e-07], "mean": [3.04964978568e-05, 0.000175100096385, 0.000194607506273, 0.00033542959136, 0.000332487543346, 0.00027059475542, 0.000208112876862, 0.000245333125349, 0.000291284639388, 0.000242410824285, 0.00021601372282, 0.000124542391859, 8.09687116998e-05, 6.22503939667e-05, 5.47007039131e-05, 4.02494479204e-05, 4.3945176003e-05, 2.81068168988e-05, 2.9298622394e-05, 1.82963121915e-05, 1.69714239746e-05, 1.75878594746e-05, 2.40862409555e-05, 2.01739276235e-05, 9.82475557976e-06, 9.63856928138e-06, 1.31005426738e-05, 7.71949635237e-06, 2.13166595131e-06, 7.13604606517e-07, 5.44779709344e-07, 5.59233683362e-07, 3.40381944852e-07, 5.17711043813e-07, 9.69126517703e-07, 9.83951508715e-07, 8.86346469997e-07, 9.60948227657e-07, 5.28942848632e-07, 2.46906807888e-07], "max": [0.0016162712127, 0.0067930361256, 0.00464761583135, 0.00993096828461, 0.00739070819691, 0.00813775509596, 0.00822924729437, 0.00785543303937, 0.0122825242579, 0.0114922365174, 0.00929394271225, 0.00812220945954, 0.004050090909, 0.00378104834817, 0.00365726137534, 0.00246677501127, 0.00214588479139, 0.002130466979, 0.00261225458235, 0.00327159021981, 0.00138180679642, 0.000819353736006, 0.000796136504505, 0.0013890247792, 0.000374857889256, 0.000359068711987, 0.000388906773878, 0.000354921183316, 0.000114034082799, 6.35327232885e-05, 3.98036791012e-05, 4.18549170718e-05, 4.76709101349e-05, 4.03853446187e-05, 0.000104842503788, 8.5144143668e-05, 0.000108416170406, 9.40613026614e-05, 0.00010580077651, 4.63879732706e-05], "dmean2": [2.36692139879e-05, 0.000107528838271, 0.000110339438834, 0.000208590819966, 0.000216289510718, 0.000184006144991, 0.000125719612697, 0.000116969938972, 0.000173228007043, 0.000169646606082, 0.000145007434185, 8.10354904388e-05,