{"tonal": {"thpcp": [1, 0.757428228855, 0.679354786873, 0.647491335869, 0.423041313887, 0.430562317371, 0.575968325138, 0.506367087364, 0.355569630861, 0.336385637522, 0.383111298084, 0.505741536617, 0.664732933044, 0.861687600613, 0.84839785099, 0.559633970261, 0.508088290691, 0.936896681786, 0.947432398796, 0.495087295771, 0.546784102917, 0.779486000538, 0.625072658062, 0.372659623623, 0.342749834061, 0.458468526602, 0.613813519478, 0.609142661095, 0.456401258707, 0.40317299962, 0.448496520519, 0.403775513172, 0.409028083086, 0.566329061985, 0.713011860847, 0.910744786263], "hpcp": {"dmean2": [0.160624861717, 0.155952006578, 0.159712657332, 0.161585330963, 0.160656481981, 0.157736316323, 0.190275862813, 0.249124959111, 0.297831684351, 0.282670557499, 0.224653884768, 0.22283937037, 0.205898299813, 0.16021849215, 0.166851848364, 0.187884747982, 0.185453787446, 0.160353809595, 0.15923024714, 0.170352175832, 0.183717474341, 0.199482277036, 0.275457501411, 0.262317210436, 0.202317759395, 0.160218864679, 0.181021481752, 0.167379111052, 0.140366703272, 0.170153155923, 0.170614004135, 0.174220651388, 0.150050356984, 0.159555137157, 0.178866878152, 0.185068905354], "median": [0.00997476000339, 0.00816285982728, 0.00856461655349, 0.00712825870141, 0.00557242007926, 0.00615817727521, 0.00844976399094, 0.0129605429247, 0.0227392241359, 0.017363442108, 0.0227023530751, 0.0250431951135, 0.018517524004, 0.0111981034279, 0.00665767444298, 0.00669869221747, 0.00519087584689, 0.00345518020913, 0.00212669814937, 0.00305710523389, 0.00602057296783, 0.0137258237228, 0.018817840144, 0.0144015634432, 0.0086512407288, 0.0142939230427, 0.0238878391683, 0.0210333392024, 0.0114068174735, 0.00756929349154, 0.0108276885003, 0.00978369638324, 0.00555285485461, 0.00392878148705, 0.00473303766921, 0.00837190635502], "min": [0, 0, 0, 0, 0, 0, 0, 0, 0, 0, 0, 0, 0, 0, 0, 0, 0, 0, 0, 0, 0, 0, 0, 0, 0, 0, 0, 0, 0, 0, 0, 0, 0, 0, 0, 0], "dvar2": [0.0832962170243, 0.0876154303551, 0.0932750329375, 0.0932314395905, 0.0945391580462, 0.0962612107396, 0.112755142152, 0.152020514011, 0.171297639608, 0.173944696784, 0.122968219221, 0.125378519297, 0.122652769089, 0.097312644124, 0.104585148394, 0.122517742217, 0.119678243995, 0.108038760722, 0.111185766757, 0.120496205986, 0.122254915535, 0.116768851876, 0.161978557706, 0.156838729978, 0.124870784581, 0.0870023220778, 0.0885392054915, 0.0781531184912, 0.0671787932515, 0.100541368127, 0.098321326077, 0.0946813598275, 0.0860006660223, 0.107464127243, 0.111705310643, 0.112277343869], "dvar": [0.0338991247118, 0.0329875722528, 0.0336844734848, 0.0345876589417, 0.0347145423293, 0.0344236902893, 0.0427282042801, 0.0555628202856, 0.0652517154813, 0.0664714351296, 0.0468742512167, 0.0460545532405, 0.046268556267, 0.0352128855884, 0.0371965132654, 0.0473924838006, 0.0442564450204, 0.0385787896812, 0.0395928360522, 0.0420004166663, 0.0425043515861, 0.0443737544119, 0.0591589510441, 0.0594254285097, 0.044785246253, 0.0328941345215, 0.037913672626, 0.0331859178841, 0.0259054582566, 0.0376229099929, 0.0399163588881, 0.0365476571023, 0.0312071871012, 0.0379771627486, 0.039525706321, 0.0425041243434], "dmean": [0.0931125059724, 0.0868489816785, 0.0885277912021, 0.0901652351022, 0.0880939438939, 0.0887559205294, 0.107058554888, 0.139952749014, 0.167064607143, 0.157246261835, 0.127826139331, 0.125223562121, 0.115724660456, 0.0887481197715, 0.0926523655653, 0.105213567615, 0.104384303093, 0.0880346596241, 0.0865543559194, 0.0934065356851, 0.101607553661, 0.112746082246, 0.153970465064, 0.146195352077, 0.112792655826, 0.0925854146481, 0.107264205813, 0.0984066575766, 0.0821757987142, 0.0977029278874, 0.0992527976632, 0.100135006011, 0.0836564525962, 0.0874078795314, 0.0994457751513, 0.105661138892], "max": [1, 1, 1, 1, 1, 1, 1, 1, 1, 1, 1, 1, 1, 1, 1, 1, 1, 1, 1, 1, 1, 1, 1, 1, 1, 1, 1, 1, 1, 1, 1, 1, 1, 1, 1, 1], "var": [0.0543491058052, 0.0375270321965, 0.0293148048222, 0.0383174158633, 0.0324936136603, 0.0325461812317, 0.0502088591456, 0.0628655329347, 0.0770402550697, 0.101376391947, 0.0629247799516, 0.0492080710828, 0.0517530217767, 0.0310530811548, 0.0332481563091, 0.0570007562637, 0.0451676696539, 0.0308567751199, 0.0305135846138, 0.0352126248181, 0.0452253744006, 0.0613482557237, 0.0767044499516, 0.0825600549579, 0.0483586527407, 0.0362950712442, 0.0860265344381, 0.0889391079545, 0.0341881811619, 0.0448620244861, 0.0811911597848, 0.0558878220618, 0.0281101688743, 0.0287139918655, 0.0364741496742, 0.0549096427858], "mean": [0.114210158587, 0.085572168231, 0.0755922272801, 0.0840900838375, 0.0757051929832, 0.076690018177, 0.106182895601, 0.133684933186, 0.170758530498, 0.187493279576, 0.142012700438, 0.127374455333, 0.121400274336, 0.0793174058199, 0.0807275399566, 0.107990190387, 0.094940431416, 0.0666669160128, 0.0630700439215, 0.0718307942152, 0.0948231443763, 0.124632954597, 0.161560639739, 0.159068897367, 0.104927606881, 0.0952631384134, 0.175661832094, 0.177637204528, 0.0928255394101, 0.102518342435, 0.146148383617, 0.117196924984, 0.0698711723089, 0.064263291657, 0.0859597697854, 0.11508590728]}, "tuning_equal_tempered_deviation": 0.138579323888, "chords_changes_rate": 0.0978459790349, "key_key": "F", "tuning_diatonic_strength": 0.391567856073, "key_scale": "major", "chords_number_rate": 0.00281571177766, "tuning_frequency": 444.341888428, "tuning_nontempered_energy_ratio": 0.826590895653, "chords_histogram": [13.0226669312, 2.2807264328, 5.02604532242, 4.82894563675, 3.16767573357, 2.40743350983, 4.78670978546, 10.5166826248, 0.760242164135, 2.63269042969, 9.23553466797, 4.27988195419, 2.19625520706, 0.239335492253, 9.72828388214, 1.52048432827, 2.74531888962, 7.58834314346, 1.6331127882, 3.15359711647, 0, 0.732085049152, 3.51963949203, 3.99831056595], "key_strength": 0.53321158886, "chords_key": "F", "chords_strength": {"dmean2": 0.0114293452352, "median": 0.506333231926, "min": -1, "dvar2": 0.000647983164527, "dvar": 0.000344582280377, "dmean": 0.00985950604081, "max": 0.731457352638, "var": 0.0109080318362, "mean": 0.499353945255}, "chords_scale": "major", "hpcp_entropy": {"dmean2": 1.07260429859, "median": 1.90461146832, "min": 0, "dvar2": 0.768096864223, "dvar": 0.298721909523, "dmean": 0.643030703068, "max": 4.58835601807, "var": 0.798012137413, "mean": 1.92246794701}}, "metadata": {"audio_properties": {"equal_loudness": 0, "codec": "flac", "downmix": "mix", "sample_rate": 44100, "analysis_sample_rate": 44100, "bit_rate": 0, "md5_encoded": "1ce299c4331112874ccc3a67a52cb4c3", "length": 329.786651611, "replay_gain": -7.02290916443, "lossless": true}, "version": {"essentia_build_sha": "70f2e5ece6736b2c40cc944ad0e695b16b925413", "essentia": "2.1-beta2", "extractor": "music 1.0", "essentia_git_sha": "v2.1_beta2"}, "tags": {"title": ["He Was"], "barcode": ["5050580581203"], "media": ["CD"], "albumartist": ["Leslie Winer"], "tracktotal": ["19"], "musicbrainz_releasegroupid": ["3059942a-03cf-4310-9b66-b1d780ed73fc"], "releasetype": ["album", "compilation"], "musicbrainz_recordingid": ["0b1c99f8-adcf-4e1d-85ea-18b60c9de20c"], "musicbrainz_albumartistid": ["39d1c2c9-1590-438e-8f97-5b09096164d4"], "originalyear": ["2012"], "musicbrainz_releasetrackid": ["694d492f-3e05-31e7-87bd-61e2b272dd29"], "discnumber": ["1"], "totaldiscs": ["1"], "album": ["&c."], "catalognumber": ["WHO#03"], "releasecountry": ["GB"], "file_name": "03. Leslie Winer - He Was.flac", "originaldate": ["2012-10-29"], "albumartistsort": ["Winer, Leslie"], "date": ["2012-10-29"], "genre": ["Alternative"], "disctotal": ["1"], "musicbrainz_artistid": ["39d1c2c9-1590-438e-8f97-5b09096164d4"], "asin": ["B009GKR134"], "musicbrainz_albumid": ["93627bfd-2a3d-4840-851f-0b5d77c5efa4"], "tracknumber": ["3"], "artistsort": ["Winer, Leslie"], "artist": ["Leslie Winer"], "label": ["The Wormhole"], "releasestatus": ["official"], "acoustid_id": ["b36bc90b-ad87-40fa-95fb-7c35cd6c932e"], "script": ["Latn"], "totaltracks": ["19"]}}, "rhythm": {"bpm_histogram_first_peak_bpm": {"dmean2": 0, "median": 120, "min": 120, "dvar2": 0, "dvar": 0, "dmean": 0, "max": 120, "var": 0, "mean": 120}, "bpm": 119.053672791, "bpm_histogram_second_peak_spread": {"dmean2": 0, "median": 0.25, "min": 0.25, "dvar2": 0, "dvar": 0, "dmean": 0, "max": 0.25, "var": 0, "mean": 0.25}, "bpm_histogram_first_peak_weight": {"dmean2": 0, "median": 0.471299082041, "min": 0.471299082041, "dvar2": 0, "dvar": 0, "dmean": 0, "max": 0.471299082041, "var": 0, "mean": 0.471299082041}, "onset_rate": 4.03269052505, "beats_position": [0.510838985443, 1.03328800201, 1.55573689938, 2.08979582787, 2.62385487556, 3.15791368484, 3.66875267029, 4.17959165573, 4.67882061005, 5.17804956436, 5.6888885498, 6.19972801208, 6.6989569664, 7.19818592072, 7.69741487503, 8.19664382935, 8.6958732605, 9.2067117691, 9.70594120026, 10.2167797089, 10.7276191711, 11.2384576797, 11.749297142, 12.2485256195, 12.7593650818, 13.2585935593, 13.7694330215, 14.2802715302, 14.7795009613, 15.2787294388, 15.7663488388, 16.2655773163, 16.7764167786, 17.298866272, 17.8097057343, 18.3205432892, 18.8313827515, 19.3190021515, 19.8182315826, 20.3174591064, 20.8166885376, 21.3159179688, 21.826757431, 22.3375968933, 22.8368244171, 23.3360538483, 23.8468933105, 24.3461227417, 24.8453502655, 25.3561897278, 25.8786392212, 26.3778686523, 26.8770961761, 27.3763256073, 27.8871650696, 28.3863945007, 28.8856239319, 29.3964614868, 29.9073009491, 30.4181404114, 30.9173698425, 31.4049873352, 31.9042167664, 32.391834259, 32.9026756287, 33.4135131836, 33.9243545532, 34.4351921082, 34.9460296631, 35.4568710327, 35.9561004639, 36.455329895, 36.96616745, 37.4653968811, 37.9646263123, 38.4754638672, 38.9746932983, 39.4739227295, 39.9847602844, 40.4723815918, 40.9832191467, 41.4940567017, 42.0048980713, 42.5157356262, 43.0381851196, 43.5141944885, 44.0018119812, 44.5010414124, 44.8493423462, 45.2092514038, 45.5691604614, 45.929069519, 46.2773704529, 46.6372795105, 46.9971885681, 47.3687057495, 47.7170066833, 48.0536956787, 48.3903846741, 48.7386856079, 49.0753746033, 49.4120635986, 49.7603607178, 50.1086616516, 50.4569587708, 50.8633079529, 51.269657135, 51.6760063171, 52.0939674377, 52.5235366821, 52.9531059265, 53.4987754822, 54.0212249756, 54.5436706543, 55.0661201477, 55.6001815796, 56.122631073, 56.6218566895, 57.1326980591, 57.6319274902, 58.1427650452, 58.6536026001, 59.1528320312, 59.6520614624, 60.162902832, 60.673740387, 61.1729698181, 61.6721992493, 62.1714286804, 62.6706581116, 63.1814956665, 63.6807250977, 64.1915664673, 64.6907958984, 65.2016296387, 65.7124710083, 66.2117004395, 66.7109298706, 67.2101593018, 67.7093887329, 68.2202224731, 68.7310638428, 69.2419052124, 69.7411346436, 70.2403640747, 70.7511978149, 71.2504272461, 71.7496566772, 72.2604980469, 72.759727478, 73.2705688477, 73.7697982788, 74.280632019, 74.7798614502, 75.2790908813, 75.789932251, 76.3007659912, 76.8116073608, 77.310836792, 77.8100662231, 78.3092956543, 78.8085250854, 79.3193664551, 79.8302001953, 80.3410415649, 80.8402709961, 81.3395004272, 81.8387298584, 82.3379592896, 82.8487930298, 83.3480224609, 83.8472518921, 84.3580932617, 84.8689346313, 85.3797683716, 85.8906097412, 86.3898391724, 86.8890686035, 87.3882980347, 87.8875274658, 88.3983688354, 88.8975982666, 89.4084320068, 89.9192733765, 90.4301147461, 90.9293441772, 91.4401779175, 91.9510192871, 92.4502487183, 92.9494781494, 93.460319519, 93.9595413208, 94.4703826904, 94.9696121216, 95.4688415527, 95.9680709839, 96.467300415, 96.9665298462, 97.4773712158, 97.9882049561, 98.4990463257, 98.9982757568, 99.497505188, 100.008346558, 100.519180298, 101.030021667, 101.529251099, 102.02848053, 102.53931427, 103.05015564, 103.537773132, 104.037002563, 104.536231995, 105.035461426, 105.534690857, 106.045532227, 106.533149719, 107.043991089, 107.554824829, 108.065666199, 108.576507568, 109.075737, 109.574966431, 110.085800171, 110.596641541, 111.10748291, 111.606712341, 112.105941772, 112.605171204, 113.104400635, 113.603622437, 114.114463806, 114.625305176, 115.124534607, 115.623764038, 116.122993469, 116.633827209, 117.144668579, 117.64389801, 118.143127441, 118.653968811, 119.164802551, 119.664031982, 120.163261414, 120.662490845, 121.150108337, 121.649337769, 122.171791077, 122.682624817, 123.193466187, 123.692695618, 124.203536987, 124.714370728, 125.213600159, 125.724441528, 126.223670959, 126.734512329, 127.245346069, 127.7445755, 128.243804932, 128.731430054, 129.219039917, 129.741500854, 130.252334595, 130.763168335, 131.262405396, 131.773239136, 132.272476196, 132.771697998, 133.282531738, 133.781768799, 134.280990601, 134.7918396, 135.30267334, 135.801895142, 136.301132202, 136.800354004, 137.287979126, 137.787200928, 138.298049927, 138.808883667, 139.319732666, 139.830566406, 140.341400146, 140.852249146, 141.351470947, 141.850692749, 142.361541748, 142.872375488, 143.383224487, 143.882446289, 144.381668091, 144.869293213, 145.356918335, 145.867752075, 146.378585815, 146.889434814, 147.400268555, 147.899505615, 148.398727417, 148.909561157, 149.420410156, 149.931243896, 150.430480957, 150.929702759, 151.440536499, 151.93977356, 152.438995361, 152.94984436, 153.449066162, 153.948303223, 154.459136963, 154.969970703, 155.480819702, 155.980041504, 156.479278564, 156.990112305, 157.500946045, 158.000183105, 158.499404907, 158.987030029, 159.49786377, 159.99710083, 160.50793457, 161.007156372, 161.506393433, 162.005615234, 162.516464233, 163.027297974, 163.538131714, 164.037368774, 164.536590576, 165.047439575, 165.558273315, 166.057495117, 166.556732178, 167.067565918, 167.578414917, 168.077636719, 168.576873779, 169.08770752, 169.59854126, 170.09777832, 170.597000122, 171.096237183, 171.595458984, 172.094696045, 172.593917847, 173.104751587, 173.615600586, 174.126434326, 174.625671387, 175.124893188, 175.624130249, 176.123352051, 176.634185791, 177.14503479, 177.644256592, 178.155105591, 178.654327393, 179.165161133, 179.676010132, 180.175231934, 180.674468994, 181.173690796, 181.672927856, 182.172149658, 182.682983398, 183.182220459, 183.693054199, 184.203903198, 184.714736938, 185.21395874, 185.713195801, 186.224029541, 186.723266602, 187.222488403, 187.733337402, 188.244171143, 188.743392944, 189.254241943, 189.765075684, 190.264297485, 190.763534546, 191.262756348, 191.761993408, 192.26121521, 192.772064209, 193.282897949, 193.770523071, 194.281356812, 194.792190552, 195.303039551, 195.813873291, 196.313110352, 196.812332153, 197.323165894, 197.822402954, 198.321624756, 198.832473755, 199.331695557, 199.830932617, 200.330154419, 200.829391479, 201.34022522, 201.839447021, 202.350296021, 202.849517822, 203.360351562, 203.859588623, 204.358810425, 204.869659424, 205.368881226, 205.868118286, 206.367340088, 206.866577148, 207.36579895, 207.865036011, 208.375869751, 208.886703491, 209.39755249, 209.896774292, 210.407608032, 210.906845093, 211.417678833, 211.928527832, 212.427749634, 212.926986694, 213.437820435, 213.937042236, 214.436279297, 214.947113037, 215.457962036, 215.968795776, 216.479629517, 216.978866577, 217.478088379, 217.977325439, 218.48815918, 218.987380981, 219.486618042, 219.985839844, 220.496688843, 221.007522583, 221.506759644, 222.005981445, 222.516815186, 223.016052246, 223.515274048, 224.026123047, 224.525344849, 225.024581909, 225.535415649, 226.034637451, 226.54548645, 227.044708252, 227.555557251, 228.066390991, 228.565612793, 229.064849854, 229.575683594, 230.074920654, 230.574142456, 231.084991455, 231.584213257, 232.095046997, 232.594284058, 233.093505859, 233.59274292, 234.080352783, 234.602813721, 235.113647461, 235.612869263, 236.112106323, 236.611328125, 237.122177124, 237.633010864, 238.143844604, 238.643081665, 239.142303467, 239.653152466, 240.163986206, 240.663208008, 241.162445068, 241.673278809, 242.172515869, 242.683349609, 243.18258667, 243.681808472, 244.181045532, 244.691879272, 245.202713013, 245.701950073, 246.212783813, 246.712020874, 247.211242676, 247.710464478, 248.221313477, 248.720535278, 249.231384277, 249.730606079, 250.22984314, 250.74067688, 251.239898682, 251.750747681, 252.249969482, 252.749206543, 253.260040283, 253.770874023, 254.270111084, 254.769332886, 255.280181885, 255.779403687, 256.290252686, 256.789459229, 257.300323486, 257.799530029, 258.29876709, 258.80960083, 259.32043457, 259.819671631, 260.318908691, 260.818145752, 261.317352295, 261.828216553, 262.327423096, 262.826660156, 263.337493896, 263.848327637, 264.347564697, 264.846801758, 265.357635498, 265.868469238, 266.367706299, 266.878540039, 267.3777771, 267.88861084, 268.39944458, 268.887084961, 269.374694824, 269.885528564, 270.396362305, 270.907196045, 271.418029785, 271.917266846, 272.428100586, 272.927337646, 273.438171387, 273.949005127, 274.459869385, 274.959075928, 275.458312988, 275.945922852, 276.445159912, 276.944396973, 277.432006836, 277.942840576, 278.453704834, 278.964538574, 279.475372314, 279.974609375, 280.473815918, 280.984680176, 281.495513916, 282.006347656, 282.505584717, 283.00479126, 283.515655518, 284.014862061, 284.514099121, 285.013336182, 285.512542725, 286.011779785, 286.511016846, 287.021850586, 287.532684326, 288.031921387, 288.531158447, 289.041992188, 289.552825928, 290.063659668, 290.562896729, 291.073730469, 291.572967529, 292.08380127, 292.58303833, 293.082275391, 293.593109131, 294.092315674, 294.603179932, 295.102386475, 295.601623535, 296.100860596, 296.600097656, 297.110931396, 297.621765137, 298.132598877, 298.631835938, 299.142669678, 299.653503418, 300.152740479, 300.651977539, 301.151184082, 301.650421143, 302.149658203, 302.648895264, 303.159729004, 303.670562744, 304.169799805, 304.669006348, 305.179870605, 305.690704346, 306.201538086, 306.700775146, 307.211608887, 307.710845947, 308.21005249, 308.709289551, 309.208526611, 309.707763672, 310.218597412, 310.729431152, 311.228668213, 311.739501953, 312.238739014, 312.737945557, 313.237182617, 313.748016357, 314.258850098, 314.758087158, 315.268920898, 315.768157959, 316.278991699, 316.789825439, 317.2890625, 317.788299561, 318.299133301, 318.798370361, 319.297576904, 319.808441162, 320.307647705, 320.806884766, 321.317718506, 321.828552246, 322.339416504, 322.838623047, 323.349487305, 323.848693848, 324.185394287, 324.522094727, 324.870391846, 325.218688965, 325.566986084, 325.915283203, 326.263580322, 326.623474121, 326.983398438, 327.343292236, 327.703216553, 328.063110352, 328.434631348, 328.806152344, 329.17767334], "beats_loudness": {"dmean2": 0.122848905623, "median": 0.0332138203084, "min": 1.44688527826e-09, "dvar2": 0.0120106199756, "dvar": 0.00455808732659, "dmean": 0.064754769206, "max": 0.303477466106, "var": 0.00381257198751, "mean": 0.0550047233701}, "danceability": 1.04410111904, "bpm_histogram_second_peak_weight": {"dmean2": 0, "median": 0.0181268882006, "min": 0.0181268882006, "dvar2": 0, "dvar": 0, "dmean": 0, "max": 0.0181268882006, "var": 0, "mean": 0.0181268882006}, "beats_count": 663, "bpm_histogram_second_peak_bpm": {"dmean2": 0, "median": 115, "min": 115, "dvar2": 0, "dvar": 0, "dmean": 0, "max": 115, "var": 0, "mean": 115}, "bpm_histogram_first_peak_spread": {"dmean2": 0, "median": 0.48514854908, "min": 0.48514854908, "dvar2": 0, "dvar": 0, "dmean": 0, "max": 0.48514854908, "var": 0, "mean": 0.48514854908}, "beats_loudness_band_ratio": {"dmean2": [0.748172104359, 0.286444872618, 0.158444076777, 0.133800655603, 0.080033287406, 0.277314007282], "median": [0.63717341423, 0.0897999554873, 0.0310618970543, 0.0125280665234, 0.00866767577827, 0.0383342914283], "min": [0.00135663663968, 2.70276341325e-05, 1.63312870427e-05, 4.31644957644e-06, 2.07508060157e-06, 2.61670957116e-05], "dvar2": [0.211250543594, 0.09357727319, 0.0298549979925, 0.028498550877, 0.0100120585412, 0.120215125382], "dvar": [0.0770734548569, 0.0297575034201, 0.0104370564222, 0.00961458869278, 0.00371696008369, 0.0389967821538], "dmean": [0.407060652971, 0.162202432752, 0.0889122337103, 0.0727267041802, 0.0438536405563, 0.148923993111], "max": [0.9993070364, 0.865544736385, 0.742327213287, 0.581767857075, 0.572458565235, 0.981923937798], "var": [0.111652210355, 0.0314258299768, 0.0115369269624, 0.00894438102841, 0.00539265852422, 0.0390198640525], "mean": [0.571960628033, 0.157321795821, 0.0763222724199, 0.056850489229, 0.0385709702969, 0.125863969326]}}, "lowlevel": {"barkbands_spread": {"dmean2": 13.0464458466, "median": 11.8428440094, "min": 0.0404188409448, "dvar2": 443.071044922, "dvar": 215.495407104, "dmean": 8.53966522217, "max": 161.105148315, "var": 486.822998047, "mean": 19.1843662262}, "melbands_spread": {"dmean2": 10.3070354462, "median": 8.98708057404, "min": 0.210403561592, "dvar2": 307.276763916, "dvar": 152.350723267, "dmean": 6.72956371307, "max": 217.317260742, "var": 477.452850342, "mean": 16.1468868256}, "hfc": {"dmean2": 12.5083265305, "median": 8.08958244324, "min": 1.15090826701e-16, "dvar2": 672.063598633, "dvar": 393.943908691, "dmean": 9.04609680176, "max": 427.384124756, "var": 782.067077637, "mean": 16.354675293}, "barkbands_kurtosis": {"dmean2": 29.5648193359, "median": 6.91398334503, "min": -1.98064601421, "dvar2": 18314.6210938, "dvar": 6834.94873047, "dmean": 18.3093967438, "max": 2742.7421875, "var": 6856.85839844, "mean": 26.3882045746}, "gfcc": {"mean": [-75.6563720703, 85.0927658081, -73.4776763916, 25.8533401489, -37.8650970459, 7.00884485245, -26.1035747528, 0.350898981094, -24.4821548462, -8.68676185608, -16.2230625153, 2.33126997948, -12.4079618454], "icov": [[0.000111141169327, -6.28748020972e-05, 3.46185843227e-05, -3.1555427995e-05, 0.000107163141365, -0.000142809629324, 0.000158008857397, -5.18402739544e-05, 0.00021724315593, -0.000280156498775, 0.000287134229438, -0.000162271375302, 0.000347646709997], [-6.28748020972e-05, 0.000701685261447, 2.46132749453e-05, 0.000312356452923, -0.000475858600112, 0.000137724666274, -0.000330641429173, 0.000148924082168, -0.000284856389044, 0.00064505636692, -0.0015663402155, 0.00120349938516, -0.000424319965532], [3.46185843227e-05, 2.46132749453e-05, 0.000663058075588, -0.000106840991066, -0.000549185788259, -0.000300923129544, 0.000429762410931, -1.51989106598e-05, 0.00084380042972, -0.00038972258335, 0.000355634751031, -0.000298984115943, 0.00029199157143], [-3.1555427995e-05, 0.000312356452923, -0.000106840991066, 0.00132392882369, -0.000114877897431, -0.000279738509562, -0.0002255312138, 0.000402582227252, -0.0011006500572, 0.000924579100683, 2.94737346849e-05, 0.00182376848534, -0.000778254121542], [0.000107163141365, -0.000475858600112, -0.000549185788259, -0.000114877897431, 0.00326035963371, 0.000165031233337, -0.00157925067469, 0.000488733116072, -0.00132145686075, -9.81265620794e-05, 0.00154570164159, -0.000670640845783, 0.000816891319118], [-0.000142809629324, 0.000137724666274, -0.000300923129544, -0.000279738509562, 0.000165031233337, 0.00418756017461, -0.00161938497331, -0.0012264555553, 0.000442747026682, 0.000157897346071, -0.000760039023589, 0.00115395942703, -0.00104918249417], [0.000158008857397, -0.000330641429173, 0.000429762410931, -0.0002255312138, -0.00157925067469, -0.00161938497331, 0.00547177018598, 0.000234385617659, -0.00108927756082, -0.00142450665589, -0.000438093848061, -0.00416382635012, 0.00149162416346], [-5.18402739544e-05, 0.000148924082168, -1.51989106598e-05, 0.000402582227252, 0.000488733116072, -0.0012264555553, 0.000234385617659, 0.00863631721586, -0.00273355143145, -0.00157356262207, -0.000157669768669, -5.31325895281e-05, -0.000372759299353], [0.00021724315593, -0.000284856389044, 0.00084380042972, -0.0011006500572, -0.00132145686075, 0.000442747026682, -0.00108927756082, -0.00273355143145, 0.012133021839, -0.0029320770409, -0.000338695041137, -0.000898146012332, 0.00195493386127], [-0.000280156498775, 0.00064505636692, -0.00038972258335, 0.000924579100683, -9.81265620794e-05, 0.000157897346071, -0.00142450665589, -0.00157356262207, -0.0029320770409, 0.0111845061183, -0.00469715101644, 0.00033501139842, -0.000679101387504], [0.000287134229438, -0.0015663402155, 0.000355634751031, 2.94737346849e-05, 0.00154570164159, -0.000760039023589, -0.000438093848061, -0.000157669768669, -0.000338695041137, -0.00469715101644, 0.0148193696514, -0.00291313254274, -0.00283528445289], [-0.000162271375302, 0.00120349938516, -0.000298984115943, 0.00182376848534, -0.000670640845783, 0.00115395942703, -0.00416382635012, -5.31325895281e-05, -0.000898146012332, 0.00033501139842, -0.00291313254274, 0.0155559275299, -0.00472503574565], [0.000347646709997, -0.000424319965532, 0.00029199157143, -0.000778254121542, 0.000816891319118, -0.00104918249417, 0.00149162416346, -0.000372759299353, 0.00195493386127, -0.000679101387504, -0.00283528445289, -0.00472503574565, 0.0142264440656]], "cov": [[13420.9775391, -694.529541016, -58.1933784485, 249.072372437, -1011.06774902, 151.336776733, -982.454956055, 11.4811449051, -437.776000977, -74.6757659912, -407.406005859, -345.641418457, -300.732330322], [-694.529541016, 2927.66918945, -460.160064697, -642.844116211, 491.836517334, 34.4227218628, 515.538391113, 38.7593650818, 200.643371582, 143.663986206, 387.632720947, 97.601890564, 88.7869567871], [-58.1933784485, -460.160064697, 2201.95800781, 282.111572266, 259.810150146, 73.3854675293, -182.801452637, -72.7911148071, -160.904663086, -76.2352218628, -184.980560303, -63.9288444519, -73.938331604], [249.072372437, -642.844116211, 282.111572266, 1289.46118164, -71.686050415, 50.7957191467, -228.643463135, -75.8881912231, -25.5844039917, -174.82598877, -183.905227661, -206.236129761, -40.6423568726], [-1011.06774902, 491.836517334, 259.810150146, -71.686050415, 702.858276367, 44.1745872498, 388.902160645, 5.08350992203, 145.70300293, 71.6077804565, 49.2346076965, 106.21648407, -19.1343994141], [151.336776733, 34.4227218628, 73.3854675293, 50.7957191467, 44.1745872498, 316.591461182, 126.767700195, 53.9642295837, 23.8150043488, 42.0425224304, 36.5650901794, 20.3987903595, 20.3320426941], [-982.454956055, 515.538391113, -182.801452637, -228.643463135, 388.902160645, 126.767700195, 626.698181152, 68.1305923462, 183.975448608, 162.787277222, 164.652786255, 196.908843994, 34.4268798828], [11.4811449051, 38.7593650818, -72.7911148071, -75.8881912231, 5.08350992203, 53.9642295837, 68.1305923462, 154.794311523, 55.2728843689, 63.6392021179, 42.3507041931, 33.5578804016, 13.8468637466], [-437.776000977, 200.643371582, -160.904663086, -25.5844039917, 145.70300293, 23.8150043488, 183.975448608, 55.2728843689, 171.612884521, 77.7169799805, 66.4726486206, 56.3376312256, 6.22053480148], [-74.6757659912, 143.663986206, -76.2352218628, -174.82598877, 71.6077804565, 42.0425224304, 162.787277222, 63.6392021179, 77.7169799805, 181.651535034, 98.3607406616, 77.4944915771, 25.0318088531], [-407.406005859, 387.632720947, -184.980560303, -183.905227661, 49.2346076965, 36.5650901794, 164.652786255, 42.3507041931, 66.4726486206, 98.3607406616, 182.882354736, 80.9353103638, 57.8588104248], [-345.641418457, 97.601890564, -63.9288444519, -206.236129761, 106.21648407, 20.3987903595, 196.908843994, 33.5578804016, 56.3376312256, 77.4944915771, 80.9353103638, 161.712631226, 42.8238220215], [-300.732330322, 88.7869567871, -73.938331604, -40.6423568726, -19.1343994141, 20.3320426941, 34.4268798828, 13.8468637466, 6.22053480148, 25.0318088531, 57.8588104248, 42.8238220215, 105.028564453]]}, "spectral_energyband_middle_low": {"dmean2": 0.00886467751116, "median": 0.00569512695074, "min": 2.63203453649e-22, "dvar2": 0.000236492865952, "dvar": 9.48912711465e-05, "dmean": 0.00583273358643, "max": 0.164645299315, "var": 0.000343648833223, "mean": 0.0139152230695}, "melbands_crest": {"dmean2": 5.43813467026, "median": 17.4532966614, "min": 1.97915458679, "dvar2": 23.9213180542, "dvar": 9.59516906738, "dmean": 3.3672273159, "max": 33.7469825745, "var": 33.325958252, "mean": 17.6001415253}, "spectral_kurtosis": {"dmean2": 5.30910921097, "median": 4.452917099, "min": -1.17821407318, "dvar2": 93.9204711914, "dvar": 44.8782119751, "dmean": 3.37112545967, "max": 157.976333618, "var": 148.042633057, "mean": 8.25492286682}, "spectral_rms": {"dmean2": 0.00156677945051, "median": 0.00419121515006, "min": 3.18970566106e-12, "dvar2": 5.05196931044e-06, "dvar": 2.65112521447e-06, "dmean": 0.00106329028495, "max": 0.0198575891554, "var": 9.76327373792e-06, "mean": 0.00463418988511}, "zerocrossingrate": {"dmean2": 0.0228914245963, "median": 0.03857421875, "min": 0.00244140625, "dvar2": 0.00154738256242, "dvar": 0.00133007380646, "dmean": 0.0202193055302, "max": 0.67041015625, "var": 0.0060616703704, "mean": 0.0631663873792}, "silence_rate_60dB": {"dmean2": 0.0940712541342, "median": 0, "min": 0, "dvar2": 0.0984392240644, "dvar": 0.0448108427227, "dmean": 0.047032315284, "max": 1, "var": 0.154982358217, "mean": 0.191776961088}, "erbbands_kurtosis": {"dmean2": 5.61749458313, "median": 0.540393829346, "min": -1.8776140213, "dvar2": 365.248474121, "dvar": 178.667678833, "dmean": 3.63590025902, "max": 329.801239014, "var": 548.70703125, "mean": 5.4937286377}, "erbbands": {"dmean2": [0.32522264123, 3.02111315727, 5.72892045975, 10.1366567612, 12.0011196136, 20.7848396301, 10.6547985077, 7.44734239578, 6.99566555023, 7.47096252441, 5.57443475723, 8.54200935364, 10.8692064285, 10.2513179779, 12.9274559021, 12.7312965393, 6.00804567337, 8.41491603851, 7.68531894684, 9.48023605347, 6.46948671341, 6.5333814621, 6.60189199448, 6.50173568726, 8.01086807251, 7.40681219101, 4.94574213028, 5.46285533905, 4.78757572174, 3.33586287498, 2.59688878059, 1.80759871006, 1.24491453171, 0.885317325592, 0.489486962557, 0.402442276478, 0.444621741772, 0.240425720811, 0.0377315878868, 0.000974497292191], "median": [0.0206645000726, 0.311164259911, 0.995364069939, 2.35865283012, 2.7846493721, 1.93820977211, 1.38625407219, 2.72045326233, 2.29422903061, 0.958970010281, 0.694647312164, 2.65106129646, 3.79246711731, 1.46210122108, 2.39496946335, 2.33384919167, 0.954651355743, 1.11013150215, 1.1923661232, 1.25867915154, 1.17391729355, 1.1885945797, 1.38504266739, 0.950906395912, 1.07435560226, 0.742133498192, 0.470568627119, 0.301564633846, 0.297690391541, 0.262109041214, 0.252109527588, 0.136781036854, 0.0688055604696, 0.0478324443102, 0.0283703580499, 0.014254854992, 0.00552850076929, 0.00522709358484, 0.000348393339664, 4.74099942949e-05], "min": [9.66571148059e-22, 1.67140597229e-21, 1.83144512501e-21, 1.6697847508e-20, 1.82010146574e-19, 1.70980184244e-19, 1.88057573559e-19, 2.01911233232e-19, 6.0319773196e-19, 9.4995282702e-19, 1.53834759323e-18, 1.1030727472e-18, 6.44274952493e-19, 2.4043619574e-18, 3.1780589327e-18, 1.57045791743e-18, 3.89005092264e-18, 4.85540667985e-18, 3.02288109056e-18, 5.36546733866e-18, 8.93339841434e-18, 1.24791924825e-17, 1.94977157552e-17, 1.96173260718e-17, 1.54709889528e-17, 8.84274355511e-18, 1.46652025396e-17, 2.56896490224e-17, 1.95410103885e-17, 2.23663615759e-17, 2.39103686355e-17, 1.70197920056e-17, 1.09691908179e-17, 1.00756670115e-17, 7.93525776715e-18, 4.54072401378e-18, 2.30895391157e-18, 1.29047444408e-18, 4.11196368036e-19, 3.50337452733e-20], "dvar2": [2.1309132576, 131.481628418, 243.318786621, 416.752685547, 699.376831055, 3815.98168945, 885.814025879, 520.421813965, 491.686431885, 1041.22424316, 461.721832275, 429.479919434, 583.818847656, 1425.18859863, 1254.1842041, 1253.84301758, 361.598358154, 1097.78234863, 591.177368164, 1007.06420898, 383.741455078, 507.094329834, 428.054504395, 504.202484131, 1399.73388672, 877.681762695, 678.706848145, 1135.14331055, 728.851196289, 188.498809814, 87.3815917969, 80.9032516479, 34.5709686279, 16.2046413422, 3.33534884453, 1.48102962971, 1.93599677086, 0.54769462347, 0.0135516664013, 8.73031694937e-06], "dvar": [0.898396849632, 55.7108535767, 93.6742935181, 183.137985229, 303.296173096, 1377.10046387, 446.659393311, 245.657836914, 190.384613037, 398.026092529, 197.367767334, 207.828186035, 352.251251221, 636.763244629, 545.60144043, 597.768615723, 155.007781982, 426.148254395, 221.991317749, 395.080078125, 154.028564453, 210.705612183, 182.411499023, 207.374588013, 562.911865234, 364.146179199, 287.934844971, 573.051818848, 384.214263916, 114.762878418, 57.3682022095, 51.0645065308, 26.9700908661, 11.5981855392, 2.36087751389, 0.793269991875, 0.997150182724, 0.290894210339, 0.00720845209435, 4.68473353976e-06], "dmean": [0.199360996485, 1.83176553249, 3.43457484245, 6.46025323868, 7.81658220291, 13.0931406021, 7.51329278946, 5.18496465683, 4.46826076508, 4.52904033661, 3.59243559837, 5.76554393768, 7.83393239975, 6.50624227524, 8.2407245636, 8.55046463013, 3.84138655663, 5.32577848434, 4.66646528244, 5.77700901031, 4.07827997208, 4.15314769745, 4.24013185501, 4.09266424179, 4.94581365585, 4.71183252335, 3.21543884277, 3.83443641663, 3.41085886955, 2.36297035217, 1.86631536484, 1.33429515362, 0.926683008671, 0.640178561211, 0.355226546526, 0.285320013762, 0.307784289122, 0.165541306138, 0.0260742641985, 0.000676393916365], "max": [9.93790245056, 85.0600204468, 161.19468689, 269.1328125, 385.903717041, 658.478881836, 456.714782715, 433.685333252, 303.471984863, 406.976623535, 381.450561523, 270.005340576, 489.491668701, 600.218078613, 283.79586792, 479.443969727, 273.020782471, 441.739318848, 261.369262695, 322.779754639, 223.527023315, 262.595092773, 207.318740845, 402.979858398, 1041.66149902, 1015.64562988, 973.582458496, 908.538879395, 1048.28356934, 379.246459961, 311.734832764, 285.411590576, 199.837509155, 133.111740112, 60.7959938049, 19.8760452271, 15.747756958, 7.74205636978, 1.1700360775, 0.0254966653883], "var": [0.807583451271, 52.4866065979, 164.942321777, 566.280456543, 1601.66906738, 3217.2355957, 1301.03637695, 595.372802734, 270.205108643, 332.013244629, 243.200134277, 403.029876709, 1581.75244141, 1685.80358887, 799.653625488, 1644.26794434, 200.491821289, 375.510925293, 209.060562134, 332.957580566, 147.480178833, 206.236679077, 196.305175781, 199.408798218, 478.696594238, 369.106903076, 312.386566162, 960.4296875, 769.483337402, 242.594497681, 138.040496826, 103.978691101, 67.7132949829, 28.528881073, 5.00716733932, 1.139082551, 1.23032128811, 0.364269047976, 0.00900313816965, 5.91864454691e-06], "mean": [0.205543369055, 2.16571950912, 6.49295568466, 14.5771093369, 17.2292842865, 23.3358421326, 13.9474925995, 11.3925457001, 7.66332817078, 5.29814958572, 4.85740613937, 10.3423337936, 17.9648303986, 11.066069603, 12.5622682571, 16.0221290588, 5.33701181412, 6.47286128998, 5.39763259888, 6.04410409927, 4.72696495056, 4.98696327209, 5.74152088165, 4.93263483047, 5.07836866379, 5.36481761932, 3.68957781792, 4.74260187149, 4.87213802338, 3.49762535095, 3.31615304947, 2.29553961754, 1.78078949451, 1.27618122101, 0.555303096771, 0.317812502384, 0.306207627058, 0.171538978815, 0.0258442629129, 0.000695484573953]}, "spectral_strongpeak": {"dmean2": 0.552761137486, "median": 0.565222144127, "min": 0, "dvar2": 0.794127047062, "dvar": 0.327877134085, "dmean": 0.33526456356, "max": 11.7190570831, "var": 0.590701282024, "mean": 0.762103438377}, "spectral_energy": {"dmean2": 0.0220402944833, "median": 0.0180054400116, "min": 1.04285777908e-20, "dvar2": 0.00243531283922, "dvar": 0.00113808142487, "dmean": 0.0144434450194, "max": 0.40418189764, "var": 0.00185031094588, "mean": 0.032020047307}, "average_loudness": 0.75354886055, "spectral_rolloff": {"dmean2": 1568.72131348, "median": 387.59765625, "min": 64.599609375, "dvar2": 14882333, "dvar": 6740736.5, "dmean": 895.463195801, "max": 21791.6015625, "var": 10725472, "mean": 1580.49182129}, "spectral_centroid": {"dmean2": 370.159484863, "median": 653.042114258, "min": 76.3387832642, "dvar2": 264915.75, "dvar": 150302.53125, "dmean": 254.829071045, "max": 10752.9404297, "var": 658926, "mean": 932.01953125}, "pitch_salience": {"dmean2": 0.1400539428, "median": 0.4670317173, "min": 0.0265678297728, "dvar2": 0.0162682514638, "dvar": 0.00676090503111, "dmean": 0.0870110988617, "max": 0.85731524229, "var": 0.0229424703866, "mean": 0.459378778934}, "spectral_energyband_middle_high": {"dmean2": 0.00156828493346, "median": 0.000596432655584, "min": 1.58989313904e-21, "dvar2": 1.80127972271e-05, "dvar": 7.78438516136e-06, "dmean": 0.00103708542883, "max": 0.0398873537779, "var": 1.19168043966e-05, "mean": 0.00178489973769}, "spectral_contrast_coeffs": {"dmean2": [0.0884861499071, 0.0759700909257, 0.061870213598, 0.0474214702845, 0.0351887531579, 0.0323383882642], "median": [-0.611929535866, -0.726758480072, -0.765815794468, -0.816545963287, -0.819579720497, -0.805462896824], "min": [-0.956707835197, -0.97194391489, -0.971010506153, -0.958152830601, -0.96648144722, -0.955795526505], "dvar2": [0.00548981176689, 0.00391219137236, 0.00257025612518, 0.00150508072693, 0.000906293513253, 0.00111885881051], "dvar": [0.00228221714497, 0.00152575026732, 0.00113395706285, 0.000617255922407, 0.000390176894143, 0.000562512956094], "dmean": [0.0550443157554, 0.0470325388014, 0.0393618457019, 0.0290777049959, 0.021990261972, 0.0215897019953], "max": [-0.159756794572, -0.345056563616, -0.392294734716, -0.55803412199, -0.520022690296, -0.512086629868], "var": [0.0221788231283, 0.00969114620239, 0.0106354905292, 0.00281436182559, 0.00193333940115, 0.00266626523808], "mean": [-0.594325006008, -0.713745474815, -0.742103874683, -0.809411227703, -0.814951598644, -0.797111153603]}, "melbands_skewness": {"dmean2": 2.13476967812, "median": 3.60022091866, "min": -2.66366100311, "dvar2": 7.0292391777, "dvar": 3.24973702431, "dmean": 1.41747426987, "max": 23.9527416229, "var": 15.7016572952, "mean": 4.65482521057}, "spectral_spread": {"dmean2": 1394389.875, "median": 4606798, "min": 681777.4375, "dvar2": 5382030229500.0, "dvar": 3045570904060.0, "dmean": 987527.1875, "max": 38756980, "var": 10706449596400.0, "mean": 5472435.5}, "dissonance": {"dmean2": 0.0415588058531, "median": 0.457749903202, "min": 0.178469970822, "dvar2": 0.0020931174513, "dvar": 0.000807197997347, "dmean": 0.02564304322, "max": 0.5, "var": 0.00283083296381, "mean": 0.440215617418}, "spectral_skewness": {"dmean2": 0.587047278881, "median": 1.64343333244, "min": -0.0636177510023, "dvar2": 0.56627202034, "dvar": 0.29023629427, "dmean": 0.393950432539, "max": 11.3454122543, "var": 1.40730965137, "mean": 1.9884531498}, "spectral_flux": {"dmean2": 0.0503456667066, "median": 0.0536116436124, "min": 1.02120409351e-10, "dvar2": 0.0056727072224, "dvar": 0.00240060756914, "dmean": 0.0311623848975, "max": 0.520364046097, "var": 0.00475125107914, "mean": 0.0719166845083}, "spectral_contrast_valleys": {"dmean2": [0.705794692039, 0.681474506855, 0.613809883595, 0.518921375275, 0.477576285601, 0.486411958933], "median": [-7.6996088028, -7.90862226486, -8.37968921661, -8.6834602356, -8.39145278931, -10.9494895935], "min": [-27.5243339539, -27.4603500366, -27.2944850922, -27.4184360504, -26.9948883057, -27.3180141449], "dvar2": [0.352566301823, 0.366199105978, 0.376840859652, 0.31851503253, 0.352065980434, 0.398548036814], "dvar": [0.152456507087, 0.166893094778, 0.1836656183, 0.174510776997, 0.199157476425, 0.229820758104], "dmean": [0.426829874516, 0.420926630497, 0.393620371819, 0.353450924158, 0.347209781408, 0.371581494808], "max": [-4.63999795914, -4.6197514534, -5.12041425705, -5.67057418823, -5.48944282532, -6.76568698883], "var": [1.86461591721, 1.65627455711, 1.54320371151, 1.54744625092, 1.4745131731, 2.38107252121], "mean": [-7.85928058624, -8.03765392303, -8.4483423233, -8.77182197571, -8.51640796661, -10.8923301697]}, "erbbands_flatness_db": {"dmean2": 0.0339505448937, "median": 0.15832029283, "min": 0.0230595730245, "dvar2": 0.00128010124899, "dvar": 0.000729252118617, "dmean": 0.0241370704025, "max": 0.486125767231, "var": 0.00479269213974, "mean": 0.170622631907}, "spectral_energyband_high": {"dmean2": 0.000825370138045, "median": 9.52260816121e-05, "min": 7.46909842688e-21, "dvar2": 5.21600168213e-06, "dvar": 3.44515387951e-06, "dmean": 0.000610243994743, "max": 0.0570321790874, "var": 7.67657638789e-06, "mean": 0.000889142218512}, "spectral_entropy": {"dmean2": 0.407781928778, "median": 7.24184942245, "min": 3.30935907364, "dvar2": 0.233422651887, "dvar": 0.133070