{"tonal": {"thpcp": [1, 0.61746019125, 0.199227407575, 0.116796948016, 0.146295890212, 0.381051123142, 0.523160040379, 0.339201658964, 0.311310946941, 0.378003448248, 0.27594679594, 0.282274931669, 0.305244266987, 0.173421904445, 0.173718169332, 0.271693021059, 0.219169378281, 0.175492718816, 0.188544496894, 0.220282122493, 0.565820991993, 0.940035998821, 0.703856289387, 0.375561833382, 0.299280673265, 0.220408380032, 0.42703551054, 0.555429637432, 0.300351381302, 0.220644041896, 0.284689754248, 0.244220361114, 0.289616405964, 0.369096815586, 0.432780772448, 0.764973521233], "hpcp": {"dmean2": [0.251238912344, 0.232742533088, 0.157147452235, 0.10073915869, 0.0950117260218, 0.137015014887, 0.163383260369, 0.135101810098, 0.125717371702, 0.125562876463, 0.112087227404, 0.0991243720055, 0.0944026708603, 0.0714949965477, 0.0737512856722, 0.0880600661039, 0.0948531776667, 0.105285279453, 0.112717829645, 0.13268199563, 0.196754083037, 0.219104677439, 0.221933588386, 0.160639166832, 0.106967657804, 0.0974344611168, 0.146442651749, 0.156802222133, 0.115182109177, 0.107588641346, 0.132017850876, 0.137069955468, 0.154518857598, 0.193093493581, 0.262687176466, 0.316163003445], "median": [0.0701292827725, 0.0305989570916, 0.00405816547573, 0.00139891391154, 0.00191341980826, 0.0116801550612, 0.017979953438, 0.013166253455, 0.00444310856983, 0.00565948383883, 0.00744393048808, 0.00854389648885, 0.00633023912087, 0.00401274161413, 0.00245351111516, 0.00204292288981, 0.00263127475046, 0.0041690506041, 0.0034984415397, 0.00384694826789, 0.0327464565635, 0.0642322897911, 0.0442794859409, 0.00866056699306, 0.00249867560342, 0.00319305853918, 0.0168717820197, 0.0217535775155, 0.0138741265982, 0.00480825081468, 0.00453868694603, 0.00403625611216, 0.00588305899873, 0.00842795707285, 0.0164239257574, 0.0530044212937], "min": [0, 0, 0, 0, 0, 0, 0, 0, 0, 0, 0, 0, 0, 0, 0, 0, 0, 0, 0, 0, 0, 0, 0, 0, 0, 0, 0, 0, 0, 0, 0, 0, 0, 0, 0, 0], "dvar2": [0.127069294453, 0.130008101463, 0.108013644814, 0.0647096708417, 0.0528810918331, 0.0635919123888, 0.084597684443, 0.0598693676293, 0.0652426853776, 0.068077236414, 0.0535865165293, 0.0469705574214, 0.0465063713491, 0.0314745754004, 0.040519811213, 0.0512207672, 0.0551912374794, 0.06924187392, 0.0818262174726, 0.0857676565647, 0.107448659837, 0.111368335783, 0.117262415588, 0.0880833044648, 0.0576288066804, 0.0429722554982, 0.0689055323601, 0.0758507177234, 0.0515406392515, 0.0562855452299, 0.0761104300618, 0.0779858976603, 0.0930048301816, 0.111947260797, 0.161592260003, 0.191975802183], "dvar": [0.0545538961887, 0.0479114465415, 0.0359629802406, 0.0223297812045, 0.0192367453128, 0.0264129582793, 0.0366412103176, 0.0237643253058, 0.0263606272638, 0.0300754532218, 0.0217177439481, 0.0202883705497, 0.0199795048684, 0.0126166893169, 0.0164759494364, 0.0222748871893, 0.0214333720505, 0.0249643810093, 0.0304627306759, 0.0313441939652, 0.0411925949156, 0.0484782941639, 0.0457774698734, 0.0346569344401, 0.024793934077, 0.0174105390906, 0.0283912904561, 0.0325137376785, 0.0195107739419, 0.0213086083531, 0.0285091232508, 0.0285022016615, 0.0360466018319, 0.0439959950745, 0.0599562115967, 0.0666425079107], "dmean": [0.148675173521, 0.135120600462, 0.0835042521358, 0.0531825833023, 0.0522057563066, 0.0818869844079, 0.0973818004131, 0.0792396888137, 0.0729956775904, 0.0745336785913, 0.0660793855786, 0.0579606257379, 0.0551496036351, 0.042071595788, 0.0435779169202, 0.0510992184281, 0.0547193512321, 0.0580953210592, 0.0619080998003, 0.0741478428245, 0.114846877754, 0.130039602518, 0.132613092661, 0.0925565212965, 0.0624986216426, 0.0574932992458, 0.0890707820654, 0.0937654748559, 0.0673786327243, 0.0607541613281, 0.0747567787766, 0.0772814974189, 0.0870505422354, 0.108675628901, 0.146381348372, 0.178870469332], "max": [1, 1, 1, 1, 1, 1, 1, 1, 1, 1, 1, 1, 1, 1, 1, 1, 1, 1, 1, 1, 1, 1, 1, 1, 1, 1, 1, 1, 1, 1, 1, 1, 1, 1, 1, 1], "var": [0.136229172349, 0.0732908695936, 0.0239178836346, 0.0136178443208, 0.0161304231733, 0.0454899445176, 0.0740305706859, 0.034463327378, 0.0417668409646, 0.0603412166238, 0.0320090316236, 0.0393763706088, 0.0492403656244, 0.0183125194162, 0.0224201437086, 0.0479221530259, 0.0287835318595, 0.0192879848182, 0.0263664145023, 0.0290307924151, 0.0666397958994, 0.131519302726, 0.0837496370077, 0.0518533550203, 0.0490184091032, 0.0240793451667, 0.052526820451, 0.0779281407595, 0.0277359578758, 0.026187274605, 0.038888014853, 0.0272645670921, 0.0384602993727, 0.0507729500532, 0.0559510588646, 0.0909194871783], "mean": [0.28344810009, 0.175017923117, 0.0564706288278, 0.0331058725715, 0.0414672940969, 0.108008220792, 0.148288711905, 0.0961460694671, 0.0882404968143, 0.107144363225, 0.0782165974379, 0.0800102949142, 0.0865209102631, 0.0491561107337, 0.0492400862277, 0.0770108699799, 0.0621231421828, 0.049743078649, 0.0534425787628, 0.0624385476112, 0.160380885005, 0.2664514184, 0.199506729841, 0.106452286243, 0.0848305374384, 0.0624743364751, 0.121042400599, 0.15743547678, 0.0851340293884, 0.0625411346555, 0.0806947723031, 0.0692237988114, 0.0820912197232, 0.104619793594, 0.122670888901, 0.216830298305]}, "tuning_equal_tempered_deviation": 0.00721717905253, "chords_changes_rate": 0.0626942068338, "key_key": "A", "tuning_diatonic_strength": 0.587041914463, "key_scale": "major", "chords_number_rate": 0.00274172914214, "tuning_frequency": 442.804626465, "tuning_nontempered_energy_ratio": 0.668877184391, "chords_histogram": [25.589471817, 3.72875165939, 6.6898188591, 1.57192468643, 8.48108196259, 0.109669163823, 0, 0, 0.182781934738, 0.767684161663, 1.53536832333, 1.04185712337, 0, 0, 0.347285687923, 4.02120256424, 2.83312010765, 22.6832389832, 4.02120256424, 3.85669898987, 0.2376165241, 2.59550356865, 3.07073664665, 6.63498449326], "key_strength": 0.809833645821, "chords_key": "A", "chords_strength": {"dmean2": 0.00971935503185, "median": 0.492567867041, "min": -1, "dvar2": 0.000762192008551, "dvar": 0.000421664793976, "dmean": 0.0102655999362, "max": 0.804114758968, "var": 0.0141404075548, "mean": 0.497833311558}, "chords_scale": "major", "hpcp_entropy": {"dmean2": 0.890499353409, "median": 1.65741550922, "min": 0, "dvar2": 0.549539864063, "dvar": 0.209175005555, "dmean": 0.526463210583, "max": 4.09258794785, "var": 0.479161798954, "mean": 1.61544716358}}, "metadata": {"audio_properties": {"equal_loudness": 0, "codec": "mp3", "downmix": "mix", "sample_rate": 44100, "analysis_sample_rate": 44100, "bit_rate": 192000, "md5_encoded": "d42b5a377596a95f72cda68baf1cd48e", "length": 253.988571167, "replay_gain": -12.3410511017, "lossless": false}, "version": {"essentia_build_sha": "70f2e5ece6736b2c40cc944ad0e695b16b925413", "essentia": "2.1-beta2", "extractor": "music 1.0", "essentia_git_sha": "v2.1_beta2"}, "tags": {"title": ["08 - Avant De Mourir` - Son Nefes"], "artist": ["Quadro Nuevo"], "albumartist": ["Quadro Nuevo"], "date": ["2007"], "file_name": "385028.mp3", "album": ["Tango Bitter Sweet"], "tracknumber": ["8"], "musicbrainz_recordingid": ["0b1c2b06-2ba1-43fd-9e61-10f5f54b7d5c"]}}, "rhythm": {"bpm_histogram_first_peak_bpm": {"dmean2": 0, "median": 103, "min": 103, "dvar2": 0, "dvar": 0, "dmean": 0, "max": 103, "var": 0, "mean": 103}, "bpm": 103.931472778, "bpm_histogram_second_peak_spread": {"dmean2": 0, "median": 0.170212745667, "min": 0.170212745667, "dvar2": 0, "dvar": 0, "dmean": 0, "max": 0.170212745667, "var": 0, "mean": 0.170212745667}, "bpm_histogram_first_peak_weight": {"dmean2": 0, "median": 0.382352948189, "min": 0.382352948189, "dvar2": 0, "dvar": 0, "dmean": 0, "max": 0.382352948189, "var": 0, "mean": 0.382352948189}, "onset_rate": 3.29523563385, "beats_position": [0.626938760281, 1.27709746361, 1.91564619541, 2.56580495834, 3.19274377823, 3.83129239082, 4.446621418, 5.06195020676, 5.67727899551, 6.29260778427, 6.8963265419, 7.51165533066, 8.11537361145, 8.73070240021, 9.33442115784, 9.93814086914, 10.5418596268, 11.1455783844, 11.749297142, 12.3530158997, 12.9567346573, 13.5604534149, 14.1641721725, 14.7678909302, 15.3599996567, 15.9521083832, 16.5442180634, 17.1479358673, 17.7516555786, 18.3553733826, 18.9590930939, 19.5628108978, 20.154920578, 20.758638382, 21.3507480621, 21.942855835, 22.523355484, 23.1038551331, 23.6959629059, 24.2880725861, 24.8685703278, 25.4606800079, 26.0411777496, 26.6216773987, 27.1905670166, 27.7710647583, 28.3631744385, 28.9552822113, 29.5357818604, 30.1162815094, 30.6967792511, 31.2772789001, 31.8577766418, 32.4382743835, 33.0187759399, 33.5992736816, 34.1681632996, 34.7370529175, 35.3059387207, 35.8748283386, 36.4437179565, 37.0126075745, 37.5931053162, 38.1736030579, 38.7424926758, 39.3229942322, 39.8918800354, 40.4723815918, 41.0528793335, 41.6333770752, 42.2138786316, 42.7943763733, 43.3632659912, 43.9437637329, 44.5126533508, 45.0931510925, 45.6736488342, 46.2541503906, 46.8346481323, 47.4267578125, 47.9956436157, 48.5761451721, 49.1566429138, 49.7371406555, 50.3060302734, 50.8749198914, 51.4554176331, 52.024307251, 52.6048049927, 53.1969146729, 53.7774124146, 54.3463020325, 54.9268035889, 55.4956893921, 56.06457901, 56.6334686279, 57.2139663696, 57.7828559875, 58.3517456055, 58.9322433472, 59.5011329651, 60.070022583, 60.6389122009, 61.2077980042, 61.7766876221, 62.34557724, 62.9376869202, 63.5181846619, 64.0870742798, 64.6675720215, 65.2480697632, 65.8285675049, 66.409072876, 66.9895706177, 67.5700683594, 68.1505661011, 68.7194519043, 69.299949646, 69.8688430786, 70.4377288818, 71.0066223145, 71.5871200562, 72.1908340454, 72.7829437256, 73.3750534058, 73.9555511475, 74.5244445801, 75.0933303833, 75.673828125, 76.2659378052, 76.8580474854, 77.4385452271, 78.0190429688, 78.5995483398, 79.1800460815, 79.7605438232, 80.3294296265, 80.8983230591, 81.4555969238, 82.0244903564, 82.5933761597, 83.1506576538, 83.719543457, 84.2768249512, 84.8457107544, 85.4262084961, 86.0067138672, 86.5755996704, 87.1444854736, 87.7249908447, 88.3054885864, 88.8743743896, 89.4664840698, 90.0469818115, 90.6274795532, 91.2079772949, 91.788482666, 92.3689804077, 92.9610900879, 93.5415878296, 94.1220855713, 94.7141952515, 95.3063049316, 95.8984146118, 96.467300415, 97.0361862183, 97.61668396, 98.1971893311, 98.7776870728, 99.3581848145, 99.9386825562, 100.519180298, 101.09967804, 101.680175781, 102.260681152, 102.841178894, 103.421676636, 103.990562439, 104.559455872, 105.139953613, 105.708839417, 106.277732849, 106.858230591, 107.438728333, 108.019226074, 108.599723816, 109.180221558, 109.760726929, 110.329612732, 110.898498535, 111.479003906, 112.059501648, 112.651611328, 113.23210907, 113.82421875, 114.404716492, 114.985214233, 115.577323914, 116.169433594, 116.749931335, 117.342041016, 117.945755005, 118.537864685, 119.129974365, 119.710472107, 120.302581787, 120.894691467, 121.486801147, 122.067298889, 122.647796631, 123.228294373, 123.808792114, 124.389297485, 124.969795227, 125.550292969, 126.13079071, 126.688072205, 127.245346069, 127.779411316, 128.336685181, 128.905578613, 129.497680664, 130.078186035, 130.658676147, 131.22756958, 131.808074951, 132.400177002, 132.969070435, 133.537963867, 134.106842041, 134.675735474, 135.233016968, 135.790298462, 136.359176636, 136.928070068, 137.485351562, 138.042633057, 138.61151123, 139.168792725, 139.749298096, 140.341400146, 140.887069702, 141.455963135, 142.013244629, 142.558914185, 143.127792358, 143.685073853, 144.242355347, 144.822860718, 145.414962769, 145.99546814, 146.564346313, 147.121627808, 147.702133179, 148.271011353, 148.839904785, 149.397186279, 149.966079712, 150.534957886, 151.09223938, 151.649520874, 152.206802368, 152.764083862, 153.344573975, 153.913467407, 154.505569458, 155.074462891, 155.643356323, 156.200637817, 156.78112793, 157.350021362, 157.907302856, 158.452972412, 159.021850586, 159.590744019, 160.148025513, 160.728515625, 161.309020996, 161.889526367, 162.446792603, 163.027297974, 163.596191406, 164.16506958, 164.733963013, 165.314468384, 165.883346558, 166.463851929, 167.032745361, 167.590026855, 168.158905029, 168.716186523, 169.273468018, 169.830749512, 170.388031006, 170.945297241, 171.502578735, 172.059860229, 172.617141724, 173.186035156, 173.75491333, 174.323806763, 174.892700195, 175.461578369, 176.030471802, 176.610977173, 177.179855347, 177.748748779, 178.32925415, 178.909744263, 179.478637695, 180.047531128, 180.616409302, 181.185302734, 181.754196167, 182.323074341, 182.880355835, 183.460861206, 184.041351318, 184.621856689, 185.202362061, 185.771240234, 186.340133667, 186.920639038, 187.512741089, 188.10484314, 188.708572388, 189.300674438, 189.88117981, 190.47328186, 191.042175293, 191.611068726, 192.191558838, 192.772064209, 193.329345703, 193.898223877, 194.46711731, 195.036010742, 195.604888916, 196.16217041, 196.742675781, 197.323165894, 197.903671265, 198.472564697, 199.041442871, 199.621948242, 200.202438354, 200.771331787, 201.328613281, 201.885894775, 202.454788208, 203.03527832, 203.615783691, 204.184661865, 204.753555298, 205.334060669, 205.914550781, 206.495056152, 207.075546265, 207.644439697, 208.21333313, 208.793823242, 209.374328613, 209.943222046, 210.51210022, 211.092605591, 211.673095703, 212.253601074, 212.834106445, 213.414596558, 213.995101929, 214.587203979, 215.179321289, 215.759811401, 216.328704834, 216.897598267, 217.478088379, 218.05859375, 218.639083862, 219.219589233, 219.800079346, 220.380584717, 220.961090088, 221.553192139, 222.122085571, 222.690963745, 223.259857178, 223.840362549, 224.420852661, 225.001358032, 225.581848145, 226.162353516, 226.742858887, 227.334960938, 227.927078247, 228.519180298, 229.099685669, 229.668563843, 230.249069214, 230.829559326, 231.410064697, 231.990570068, 232.571060181, 233.151565552, 233.732055664, 234.312561035, 234.893051147, 235.46194458, 236.030838013, 236.611328125, 237.191833496, 237.772338867, 238.364440918, 238.968154907, 239.571884155, 240.187210083, 240.837371826, 241.499130249, 242.149291992, 242.694961548, 243.240631104, 243.786300659, 244.331970215, 244.889251709, 245.353652954, 245.806442261, 246.247619629, 246.712020874, 247.17640686, 247.652420044, 248.128433228, 248.499954224, 248.87147522, 249.254592896, 249.660949707, 250.06729126, 250.462036133, 250.856781006, 251.25151062, 251.646255493, 252.041000366, 252.447341919, 252.85369873, 253.260040283], "beats_loudness": {"dmean2": 0.0700095072389, "median": 0.0426414497197, "min": 0, "dvar2": 0.00360259693116, "dvar": 0.00116746500134, "dmean": 0.0382925271988, "max": 0.237803220749, "var": 0.00165205169469, "mean": 0.0501608289778}, "danceability": 1.14560353756, "bpm_histogram_second_peak_weight": {"dmean2": 0, "median": 0.088235296309, "min": 0.088235296309, "dvar2": 0, "dvar": 0, "dmean": 0, "max": 0.088235296309, "var": 0, "mean": 0.088235296309}, "beats_count": 443, "bpm_histogram_second_peak_bpm": {"dmean2": 0, "median": 108, "min": 108, "dvar2": 0, "dvar": 0, "dmean": 0, "max": 108, "var": 0, "mean": 108}, "bpm_histogram_first_peak_spread": {"dmean2": 0, "median": 0.530555546284, "min": 0.530555546284, "dvar2": 0, "dvar": 0, "dmean": 0, "max": 0.530555546284, "var": 0, "mean": 0.530555546284}, "beats_loudness_band_ratio": {"dmean2": [0.452914565802, 0.332338750362, 0.230694517493, 0.129513472319, 0.0307521279901, 0.00556677905843], "median": [0.588661253452, 0.184376105666, 0.0891123786569, 0.0318046398461, 0.00472840620205, 0.00107956514694], "min": [0, 0, 0, 0, 0, 0], "dvar2": [0.126676648855, 0.0936754122376, 0.0633662939072, 0.0241780616343, 0.00365489232354, 0.000138202842209], "dvar": [0.0434667207301, 0.03212274611, 0.0206391420215, 0.0079147266224, 0.00121411681175, 5.00497735629e-05], "dmean": [0.257655650377, 0.18483273685, 0.128925576806, 0.0706530660391, 0.0165130719543, 0.00311386026442], "max": [0.997751235962, 0.926679968834, 0.782202422619, 0.702613830566, 0.420095175505, 0.103030703962], "var": [0.0786557048559, 0.0405022762716, 0.0344538390636, 0.0100361667573, 0.000761909876019, 3.50812370016e-05], "mean": [0.54969471693, 0.239286541939, 0.165419027209, 0.0709571316838, 0.0129382684827, 0.00254820962436]}}, "lowlevel": {"barkbands_spread": {"dmean2": 2.68280363083, "median": 5.40859127045, "min": 0.148466721177, "dvar2": 13.4583187103, "dvar": 5.88500452042, "dmean": 1.7504774332, "max": 87.4000778198, "var": 30.3386478424, "mean": 6.98938369751}, "melbands_spread": {"dmean2": 3.54839777946, "median": 6.15732765198, "min": 0.20281252265, "dvar2": 35.3700752258, "dvar": 15.3780879974, "dmean": 2.32658171654, "max": 160.958679199, "var": 145.694320679, "mean": 9.00991439819}, "hfc": {"dmean2": 3.8829202652, "median": 6.04261732101, "min": 1.08312339662e-16, "dvar2": 47.184803009, "dvar": 26.1830425262, "dmean": 2.80780410767, "max": 129.040802002, "var": 149.015350342, "mean": 10.150633812}, "barkbands_kurtosis": {"dmean2": 7.0011177063, "median": 4.14951372147, "min": -1.80749583244, "dvar2": 159.486434937, "dvar": 68.4316329956, "dmean": 4.45627307892, "max": 604.620910645, "var": 933.15246582, "mean": 10.5268058777}, "gfcc": {"mean": [-142.483718872, 176.099639893, -97.8932952881, 14.1823759079, -49.4654312134, 3.10606837273, -24.8741722107, -2.7739212513, -16.5515422821, -6.71484661102, -6.76826000214, -12.1867160797, -5.54491376877], "icov": [[0.000100100958662, -0.000306102971081, 0.000283507310087, -0.000347069610143, 5.53441204829e-05, -4.85433338326e-05, 0.000108535139589, -4.15690483351e-05, 8.21308858576e-05, -6.14454038441e-05, 0.000130107306177, -0.000196721201064, 0.000332561903633], [-0.000306102971081, 0.00297668692656, -0.00124604499433, 0.00200802646577, -0.000405072729336, 0.00112340191845, -0.00125548953656, 0.00124932441395, -0.0014541890705, 0.00185062736273, -0.00196263287216, 0.00225681485608, -0.00211410759948], [0.000283507310087, -0.00124604499433, 0.00162269722205, -0.0012802220881, 0.000116411902127, -0.000135458525619, 0.000338908634149, -0.000338963262038, -0.000435379333794, -0.000406563020078, 0.000930208596401, -0.00115765363444, 0.00114156096242], [-0.000347069610143, 0.00200802646577, -0.0012802220881, 0.00376023654826, -0.000948276836425, -0.000265163660515, -0.000171267907717, 0.000271855213214, -0.000476884248201, 0.00161270110402, -0.00203511002474, 0.00169139611535, -0.00140548578929], [5.53441204829e-05, -0.000405072729336, 0.000116411902127, -0.000948276836425, 0.00421397900209, -0.00110268313438, -0.0013135781046, 0.000865345878992, -0.000624569249339, 8.8260814664e-05, -0.000360807782272, -0.000124967074953, 0.000759331160225], [-4.85433338326e-05, 0.00112340191845, -0.000135458525619, -0.000265163660515, -0.00110268313438, 0.00667709996924, -0.000958653283305, -0.00171704695094, 0.00130965944845, -0.0011759676272, 4.12415865867e-05, 0.000447433791123, -0.000708862906322], [0.000108535139589, -0.00125548953656, 0.000338908634149, -0.000171267907717, -0.0013135781046, -0.000958653283305, 0.00743079651147, -0.00231232866645, -0.00133407860994, 0.000451673695352, 0.000162024662131, 0.000366624590242, -0.000536433362868], [-4.15690483351e-05, 0.00124932441395, -0.000338963262038, 0.000271855213214, 0.000865345878992, -0.00171704695094, -0.00231232866645, 0.00987839046866, -0.00300553790294, -0.000274601858109, -0.000499423244037, -0.000973284884822, 0.000598742219154], [8.21308858576e-05, -0.0014541890705, -0.000435379333794, -0.000476884248201, -0.000624569249339, 0.00130965944845, -0.00133407860994, -0.00300553790294, 0.0112363602966, -0.00434563029557, -0.000780833186582, 0.000596233061515, 0.000236742984271], [-6.14454038441e-05, 0.00185062736273, -0.000406563020078, 0.00161270110402, 8.8260814664e-05, -0.0011759676272, 0.000451673695352, -0.000274601858109, -0.00434563029557, 0.0123846791685, -0.0045403689146, -0.00106084218714, 0.00242519495077], [0.000130107306177, -0.00196263287216, 0.000930208596401, -0.00203511002474, -0.000360807782272, 4.12415865867e-05, 0.000162024662131, -0.000499423244037, -0.000780833186582, -0.0045403689146, 0.012221256271, -0.00259136874229, -0.00014301671763], [-0.000196721201064, 0.00225681485608, -0.00115765363444, 0.00169139611535, -0.000124967074953, 0.000447433791123, 0.000366624590242, -0.000973284884822, 0.000596233061515, -0.00106084218714, -0.00259136874229, 0.014114389196, -0.00535798352212], [0.000332561903633, -0.00211410759948, 0.00114156096242, -0.00140548578929, 0.000759331160225, -0.000708862906322, -0.000536433362868, 0.000598742219154, 0.000236742984271, 0.00242519495077, -0.00014301671763, -0.00535798352212, 0.0135677391663]], "cov": [[25504.4921875, 672.194152832, -3468.59887695, 989.241638184, -6.38076066971, -60.8445129395, -247.285766602, -338.890411377, -417.663665771, -338.905303955, 53.1575965881, -222.54548645, -143.191238403], [672.194152832, 1427.53869629, 438.327758789, -329.055511475, 65.6722946167, -273.019714355, 187.927185059, -132.85005188, 158.849685669, -140.624954224, 64.2188949585, -112.424064636, 108.991691589], [-3468.59887695, 438.327758789, 1618.07043457, 36.8350830078, 90.1503295898, -51.8208084106, 112.416984558, 57.8985519409, 200.342163086, 35.1956520081, 23.517168045, 16.4744968414, 12.0977153778], [989.241638184, -329.055511475, 36.8350830078, 585.418334961, 104.909202576, 110.87273407, -21.5175437927, 31.8165473938, -22.5655384064, -1.70795106888, 33.0634346008, -1.15314924717, -19.7174110413], [-6.38076066971, 65.6722946167, 90.1503295898, 104.909202576, 312.058013916, 52.3760070801, 80.8271636963, 6.94226884842, 44.8076133728, 6.63624334335, 31.8028450012, -13.8392333984, -5.26496887207], [-60.8445129395, -273.019714355, -51.8208084106, 110.87273407, 52.3760070801, 234.856369019, 11.2297887802, 66.8239593506, -19.8882980347, 46.7255210876, 2.77718949318, 20.5450229645, -18.2330226898], [-247.285766602, 187.927185059, 112.416984558, -21.5175437927, 80.8271636963, 11.2297887802, 207.866790771, 43.2043304443, 70.7779388428, -0.619693040848, 23.3125553131, -15.2509880066, 19.1301689148], [-338.890411377, -132.85005188, 57.8985519409, 31.8165473938, 6.94226884842, 66.8239593506, 43.2043304443, 159.885757446, 50.3365707397, 53.4891967773, 17.0506725311, 23.850933075, -17.0550136566], [-417.663665771, 158.849685669, 200.342163086, -22.5655384064, 44.8076133728, -19.8882980347, 70.7779388428, 50.3365707397, 171.205703735, 56.2255935669, 44.2139205933, -4.96052408218, -1.70490479469], [-338.905303955, -140.624954224, 35.1956520081, -1.70795106888, 6.63624334335, 46.7255210876, -0.619693040848, 53.4891967773, 56.2255935669, 152.707870483, 46.1300468445, 27.8578014374, -33.8480796814], [53.1575965881, 64.2188949585, 23.517168045, 33.0634346008, 31.8028450012, 2.77718949318, 23.3125553131, 17.0506725311, 44.2139205933, 46.1300468445, 119.936759949, 15.4998569489, 7.05254220963], [-222.54548645, -112.424064636, 16.4744968414, -1.15314924717, -13.8392333984, 20.5450229645, -15.2509880066, 23.850933075, -4.96052408218, 27.8578014374, 15.4998569489, 102.05557251, 22.1967163086], [-143.191238403, 108.991691589, 12.0977153778, -19.7174110413, -5.26496887207, -18.2330226898, 19.1301689148, -17.0550136566, -1.70490479469, -33.8480796814, 7.05254220963, 22.1967163086, 106.907577515]]}, "spectral_energyband_middle_low": {"dmean2": 0.00833773240447, "median": 0.00989236310124, "min": 1.55550900196e-22, "dvar2": 0.000211783830309, "dvar": 9.28319204831e-05, "dmean": 0.00541497534141, "max": 0.180675834417, "var": 0.000271973520285, "mean": 0.0146101731807}, "melbands_crest": {"dmean2": 5.05873394012, "median": 16.3749065399, "min": 1.62860536575, "dvar2": 21.6577739716, "dvar": 9.10436820984, "dmean": 3.20211291313, "max": 33.2496910095, "var": 31.8636131287, "mean": 16.8906574249}, "spectral_kurtosis": {"dmean2": 19.1616382599, "median": 15.5490884781, "min": -1.24990427494, "dvar2": 640.371520996, "dvar": 270.485687256, "dmean": 11.6980447769, "max": 255.755065918, "var": 1073.82263184, "mean": 28.1162528992}, "spectral_rms": {"dmean2": 0.00134379870724, "median": 0.00464092567563, "min": 3.10416015809e-12, "dvar2": 2.80596941593e-06, "dvar": 1.51515325797e-06, "dmean": 0.000967194733676, "max": 0.016235191375, "var": 8.40492339194e-06, "mean": 0.0047735539265}, "zerocrossingrate": {"dmean2": 0.00426328741014, "median": 0.01806640625, "min": 0.0029296875, "dvar2": 5.58523570362e-05, "dvar": 3.27034176735e-05, "dmean": 0.00343359168619, "max": 0.5205078125, "var": 0.00149441114627, "mean": 0.0232250485569}, "silence_rate_60dB": {"dmean2": 0.0460778921843, "median": 0, "min": 0, "dvar2": 0.0476200431585, "dvar": 0.0225091390312, "dmean": 0.0230368413031, "max": 1, "var": 0.132678106427, "mean": 0.157495424151}, "erbbands_kurtosis": {"dmean2": 2.67526960373, "median": 1.06088590622, "min": -1.58268153667, "dvar2": 37.4066963196, "dvar": 15.0851097107, "dmean": 1.68274259567, "max": 113.597450256, "var": 36.7638130188, "mean": 2.71869277954}, "erbbands": {"dmean2": [0.101462572813, 2.09400582314, 7.32371664047, 6.15822553635, 14.4157428741, 18.7162532806, 8.94383811951, 11.4616165161, 13.4918804169, 10.8091287613, 12.8776416779, 15.7145090103, 13.5225133896, 10.239490509, 8.81686592102, 8.87310218811, 16.5852489471, 11.120554924, 8.05199623108, 3.67058753967, 2.97343444824, 1.95986115932, 1.92529857159, 1.63761222363, 1.65090703964, 1.19085526466, 0.882645189762, 0.363150328398, 0.281315743923, 0.18718187511, 0.0979136526585, 0.065625846386, 0.0301066115499, 0.0181607399136, 0.00974539667368, 0.00292189768516, 0.000775604392402, 0.000115830014693, 9.32136663323e-06, 1.94533222384e-05], "median": [0.0159799680114, 0.440933644772, 2.77057671547, 2.82439017296, 4.54455280304, 5.55447673798, 4.3692035675, 6.25355052948, 7.09077548981, 7.32060909271, 5.01328372955, 5.72224760056, 4.71952819824, 4.27405452728, 3.28595852852, 2.26829910278, 2.39527201653, 1.68020498753, 1.22693991661, 0.701382875443, 0.509572863579, 0.463756799698, 0.412569582462, 0.281698703766, 0.1981241256, 0.16186645627, 0.108575999737, 0.054016508162, 0.0358537510037, 0.024829801172, 0.014390360564, 0.00852203555405, 0.00442103389651, 0.00249614357017, 0.00114684808068, 0.000238286476815, 8.63694076543e-05, 9.22851086216e-06, 1.12942570922e-05, 2.45629307756e-05], "min": [3.98711064318e-23, 2.34876228471e-22, 1.12639249943e-21, 6.16805520274e-21, 1.33209278937e-20, 2.10490291719e-20, 3.90076340272e-20, 9.77203129078e-20, 1.16779032435e-19, 2.41929882301e-19, 2.91562037373e-19, 2.44613204509e-19, 6.10462807582e-19, 4.33473841197e-19, 7.17702379602e-19, 1.56376323454e-18, 1.21937713306e-18, 1.57046319071e-18, 2.59134903e-18, 2.14046466542e-18, 4.51207668121e-18, 4.42883046514e-18, 5.93382851421e-18, 5.41614538606e-18, 7.77103263705e-18, 8.83996174671e-18, 1.06258231825e-17, 8.66671952076e-18, 1.1000425985e-17, 1.07938616152e-17, 1.08597548228e-17, 1.13005750877e-17, 9.60250977492e-18, 7.9296660262e-18, 6.45431495746e-18, 4.17280400348e-18, 2.35123752333e-18, 9.79125729466e-19, 2.38017188757e-19, 2.92302784074e-20], "dvar2": [0.0517352484167, 20.5471687317, 266.615325928, 135.225296021, 1089.0255127, 1896.72961426, 443.890258789, 830.381225586, 2216.51660156, 721.485534668, 2192.46728516, 4211.45458984, 1980.71020508, 921.048522949, 1376.27404785, 562.705688477, 4740, 2539.88793945, 1570.76281738, 322.767913818, 189.357955933, 48.0246658325, 63.254989624, 36.8953475952, 200.795623779, 57.4242362976, 152.841293335, 9.54372501373, 21.863992691, 1.55733251572, 0.273573845625, 0.17979426682, 0.0252642072737, 0.00745735736564, 0.00337407295592, 0.0013815582497, 2.20519141294e-05, 3.08029314056e-07, 2.77822681527e-10, 9.15443110205e-10], "dvar": [0.0257701072842, 9.15099620819, 149.856155396, 60.3463516235, 466.926818848, 714.867736816, 189.126708984, 394.858428955, 1220.6652832, 364.483215332, 1210.91833496, 2279.52563477, 1283.69921875, 545.024780273, 732.873779297, 298.391296387, 2287.39111328, 1302.41638184, 990.186401367, 192.160186768, 91.9072799683, 22.8836364746, 29.239938736, 17.3284301758, 81.606338501, 29.184431076, 71.7758331299, 3.98511695862, 8.18869781494, 0.638216078281, 0.107414484024, 0.068004861474, 0.00968376733363, 0.00301533355378, 0.00128783786204, 0.000485299358843, 7.8624152593e-06, 1.11451264218e-07, 1.25612215074e-10, 4.7634141076e-10], "dmean": [0.0711788833141, 1.41885662079, 5.1001996994, 4.04687070847, 8.95004940033, 11.2604341507, 5.89619445801, 8.02526569366, 8.9020280838, 7.31970596313, 9.27434635162, 12.0218515396, 10.3387460709, 7.5218462944, 6.32878684998, 6.18925189972, 11.5185232162, 7.85849809647, 5.85847043991, 2.65894293785, 1.98162293434, 1.34659099579, 1.26573002338, 1.08878612518, 1.12363731861, 0.80451053381, 0.586755216122, 0.237146049738, 0.176412403584, 0.117449738085, 0.0616677217185, 0.0413404926658, 0.0185083635151, 0.011313514784, 0.00598134892061, 0.00166410126258, 0.000452764186775, 6.59464858472e-05, 6.41891392661e-06, 1.36760772875e-05], "max": [3.45945501328, 43.3515663147, 216.151000977, 131.187942505, 498.938323975, 513.795776367, 687.132202148, 597.90411377, 1283.96936035, 683.942749023, 1916.80480957, 2274.56689453, 1186.28063965, 1765.6229248, 1968.55224609, 593.845825195, 2111.15063477, 1296.59936523, 1826.74902344, 901.766601562, 485.176971436, 204.279022217, 239.509963989, 210.396865845, 647.174621582, 243.028594971, 706.137573242, 127.817115784, 231.896316528, 50.3406257629, 14.8496551514, 13.7585401535, 5.09486246109, 3.32329082489, 1.83960783482, 1.54487073421, 0.14569568634, 0.0127370432019, 0.000336263154168, 0.000293030840112], "var": [0.0871632993221, 19.3875808716, 262.436096191, 114.110580444, 794.693237305, 1465.87524414, 1049.11083984, 2231.79589844, 3536.27246094, 1278.08935547, 5199.40625, 17798.9296875, 4024.80761719, 2425.94702148, 2112.12841797, 1303.0489502, 11954.9912109, 4612.89990234, 4122.71777344, 763.546875, 250.638534546, 70.35181427, 96.5956039429, 73.4482345581, 126.50756073, 74.6192169189, 83.8982009888, 4.33347654343, 5.8977599144, 0.670011937618, 0.130829557776, 0.0672290176153, 0.0113650457934, 0.00447864690796, 0.0014659659937, 0.000298489117995, 6.43835710434e-06, 1.05933708028e-07, 3.44006267916e-10, 1.43241030148e-09], "mean": [0.119623608887, 2.30588984489, 7.85305213928, 6.77419805527, 13.4572725296, 20.5039844513, 16.2839450836, 23.8862724304, 22.6294307709, 19.0167312622, 24.3149356842, 37.5452079773, 24.8159561157, 17.761882782, 14.6184425354, 15.6634101868, 29.2618236542, 18.3160266876, 14.1789960861, 6.68844461441, 4.76651239395, 3.51602196693, 3.35045814514, 3.00155067444, 2.59572887421, 1.68495249748, 1.06303572655, 0.414334326982, 0.270093232393, 0.195926174521, 0.113281652331, 0.0704417675734, 0.0326580889523, 0.021342586726, 0.0108796404675, 0.00182342994958, 0.000614618649706, 7.97938919277e-05, 1.6745618268e-05, 3.55754855264e-05]}, "spectral_strongpeak": {"dmean2": 0.563487648964, "median": 0.534540772438, "min": 0, "dvar2": 1.03156387806, "dvar": 0.431350708008, "dmean": 0.337947964668, "max": 12.276512146, "var": 1.02797627449, "mean": 0.803583264351}, "spectral_energy": {"dmean2": 0.0177927464247, "median": 0.0220766440034, "min": 9.87670534274e-21, "dvar2": 0.000773892679717, "dvar": 0.000402042642236, "dmean": 0.0124904466793, "max": 0.270170986652, "var": 0.00117503991351, "mean": 0.0319714210927}, "average_loudness": 0.559268712997, "spectral_rolloff": {"dmean2": 205.568161011, "median": 430.6640625, "min": 21.533203125, "dvar2": 183634.90625, "dvar": 91105.0625, "dmean": 122.456352234, "max": 19595.2148438, "var": 2086449.75, "mean": 642.380249023}, "spectral_centroid": {"dmean2": 121.740036011, "median": 425.672943115, "min": 112.52179718, "dvar2": 49058.0429688, "dvar": 25424.1152344, "dmean": 80.5634002686, "max": 11881.8388672, "var": 712220.375, "mean": 564.509887695}, "pitch_salience": {"dmean2": 0.114238470793, "median": 0.476064652205, "min": 0.036145016551, "dvar2": 0.0112695004791, "dvar": 0.0045680962503, "dmean": 0.0716054812074, "max": 0.885948777199, "var": 0.0149535425007, "mean": 0.474539607763}, "spectral_energyband_middle_high": {"dmean2": 0.00107672880404, "median": 0.000655111216474, "min": 1.17552008079e-21, "dvar2": 7.6398746387e-06, "dvar": 4.34140383732e-06, "dmean": 0.000791413651314, "max": 0.0541729740798, "var": 2.50694793067e-05, "mean": 0.0026062799152}, "spectral_contrast_coeffs": {"dmean2": [0.0791358649731, 0.0644208788872, 0.0535231158137, 0.0485593639314, 0.0361483208835, 0.0318326950073], "median": [-0.588735163212, -0.67688035965, -0.723806858063, -0.754072785378, -0.792321324348, -0.785478115082], "min": [-0.979141056538, -0.980102479458, -0.976104319096, -0.973235845566, -0.966372311115, -0.96453332901], "dvar2": [0.00434976350516, 0.00312442635186, 0.00219541345723, 0.00186978653073, 0.00119738164358, 0.000825425609946], "dvar": [0.00171396275982, 0.00128865672741, 0.00100982515141, 0.000899331644177, 0.000578156439587, 0.000406072766054], "dmean": [0.0486432723701, 0.0402919128537, 0.0349583551288, 0.0311597809196, 0.023444108665, 0.0210126508027], "max": [-0.267276793718, -0.368054807186, -0.406334042549, -0.455993413925, -0.519998848438, -0.522031784058], "var": [0.0103969257325, 0.00822236668319, 0.00712520675734, 0.00803873967379, 0.00525448424742, 0.0034956864547], "mean": [-0.592455744743, -0.676606178284, -0.720299005508, -0.746831893921, -0.788807630539, -0.783619344234]}, "melbands_skewness": {"dmean2": 0.961625039577, "median": 2.11949038506, "min": -3.95807647705, "dvar2": 0.992661297321, "dvar": 0.456943005323, "dmean": 0.636868774891, "max": 17.6937675476, "var": 2.90296697617, "mean": 2.30876851082}, "spectral_spread": {"dmean2": 712435.3125, "median": 2334039, "min": 360971.4375, "dvar2": 984839946240, "dvar": 430529282048, "dmean": 429985.78125, "max": 41972836, "var": 9222282543100.0, "mean": 2585935.75}, "dissonance": {"dmean2": 0.0580959282815, "median": 0.418792128563, "min": 0.101391762495, "dvar2": 0.00323295104317, "dvar": 0.00125283771195, "dmean": 0.0349494554102, "max": 0.49995881319, "var": 0.00393227767199, "mean": 0.404103159904}, "spectral_skewness": {"dmean2": 1.21809399128, "median": 3.00635910034, "min": -0.0975065901875, "dvar2": 1.73661136627, "dvar": 0.719168663025, "dmean": 0.748377740383, "max": 13.1330394745, "var": 3.95935082436, "mean": 3.64550280571}, "spectral_flux": {"dmean2": 0.0488395877182, "median": 0.049665749073, "min": 6.34374774933e-11, "dvar2": 0.00424687145278, "dvar": 0.00167578400578, "dmean": 0.0299618504941, "max": 0.407460272312, "var": 0.00292350631207, "mean": 0.0635507777333}, "spectral_contrast_valleys": {"dmean2": [0.696226835251, 0.545099139214, 0.502039194107, 0.525124311447, 0.498480349779, 0.605040490627], "median": [-7.4885597229, -7.19928503036, -8.17255592346, -9.18487930298, -9.49834823608, -12.5058937073], "min": [-28.1113147736, -27.8845252991, -27.6628246307, -27.6375141144, -27.4779167175, -27.4314231873], "dvar2": [0.360347181559, 0.256963998079, 0.22764903307, 0.267522782087, 0.3007799685, 0.444884836674], "dvar": [0.171760484576, 0.119691297412, 0.113520182669, 0.130471587181, 0.143764257431, 0.199422046542], "dmean": [0.44222086668, 0.342113882303, 0.329593002796, 0.349669933319, 0.336458265781, 0.397771239281], "max": [-4.95953512192, -4.53655529022, -5.16835594177, -5.82779502869, -6.24308538437, -8.77386283875], "var": [4.13615369797, 3.84312009811, 3.7412147522, 3.48644089699, 3.59011983871, 2.46622657776], "mean": [-7.85994291306, -7.58200216293, -8.51758956909, -9.52369880676, -9.88454246521, -12.7501010895]}, "erbbands_flatness_db": {"dmean2": 0.0314456410706, "median": 0.242717862129, "min": 0.0283662881702, "dvar2": 0.00131846102886, "dvar": 0.000588943134062, "dmean": 0.020945193246, "max": 0.506043195724, "var": 0.00390903744847, "mean": 0.25153696537}, "spectral_energyband_high": {"dmean2": 3.65847263311e-05, "median": 6.88271938998e-06, "min": 7.09040884166e-21, "dvar2": 9.68322666495e-08, "dvar": 4.34525873061e-08, "dmean": 2.46156560024e-05, "max": 0.0126134753227, "var": 5.85216888283e-08, "mean": 5.02360599057e-05}, "spectral_entropy": {"dmean2": 0.343769431114, "median": 6.32387876511, "min": 3.67654013634, "dvar2": 0.150081336498, "dvar": 0.0640127062798, "dmean": 0.225879356265, "max": 9.82186508179, "var": 0.460326761007, "mean": 6.23345375061}, "silence_rate_20dB": {"dmean2": 0, "median": 1, "min": 1, "dvar2": 0, "dvar": 0, "dmean": 0, "max": 1, "var": 0, "mean": 1}, "melbands_flatness_db": {"dmean2": 0.0482373721898, "median": 0.35699364543, "min": 0.00415923725814, "dvar2": 0.00257626362145, "dvar": 0.00125772715546, "dmean": 0.0329704731703, "max": 0.759969830513, "var": 0.0113892219961, "mean": 0.366681098938}, "barkbands": {"dmean2": [7.95929881861e-05, 0.00746099418029, 0.00632375339046, 0.00236232113093, 0.00518936291337, 0.00122836988885, 0.000872246571817, 0.000620313338004, 0.000704403792042, 0.000406083418056, 0.000207943157875, 0.00021982191538, 0.000329832924763, 0.000216513450141, 0.000121987402963, 6.16873439867e-05, 3.60735903087e-05, 3.51737580786e-05, 3.59689111065e-05, 2.10746657103e-05, 1.54352983373e-05, 7.38647349863e-06, 3.72597855858e-06, 2.31034823628e-06, 1.4560296222e-06, 4.68168565249e-07, 2.08407726632e-08], "median": [1.13467531264e-05, 0.00131343107205, 0.00195582164451, 0.000572727294639, 0.00194665463641, 0.000623986241408, 0.00041310058441, 0.000189482874703, 0.000225495663472, 0.000119152682601, 5.04021154484e-05, 3.94241942558e-05, 3.51300041075e-05, 2.39385753957e-05, 1.47215178004e-05, 8.62592605699e-06, 8.1067391875e-06, 5.77272385271e-06, 4.07522384194e-06, 3.23982567352e-06, 1.90565765479e-06, 9.88174633676e-07, 5.18515321346e-07, 3.25447700789e-07, 1.93762133449e-07, 4.02170527991e-08, 8.14983081021e-10], "min": [5.9660036635e-25, 1.01282265773e-24, 4.53971997407e-25, 1.35703284461e-24, 8.56666182152e-24, 9.41088735165e-24, 5.93492560067e-24, 8.71733425442e-24, 6.73450318129e-24, 1.69241035315e-23, 1.88713593444e-23, 3.1480128667e-23, 2.34205987002e-23, 4.94217539034e-23, 4.03193466644e-23, 7.24848187533e-23, 5.3672486715e-23, 1.04289368045e-22, 1.14605043356e-22, 1.84250997836e-22, 2.39961238487e-22, 3.49608360474e-22, 3.74817855894e-22, 6.51159062167e-22, 9.33258448177e-22, 1.31657982073e-21, 1.87429029385e-21], "dvar2": [1.02856169804e-07, 0.000274401973002, 0.000213494640775, 2.70997770713e-05, 0.000142115153722, 8.45119939186e-06, 9.93164303509e-06, 4.19796015194e-06, 6.34853222437e-06, 1.38906557368e-06, 7.14625059572e-07, 3.59460500476e-07, 1.85133717423e-06, 8.95144694368e-07, 4.04257605169e-07, 1.01165987587e-07, 1.40464404552e-08, 1.99293914704e-08, 5.11569560047e-08, 1.6297075689e-08, 4.28710755784e-08, 1.00301065231e-08, 3.65332875063e-10, 1.87407589447e-10, 8.00068553075e-11, 1.46382107824e-11, 8.62717710448e-15], "dvar": [3.36451755345e-08, 0.000121508906886, 0.000118971351185, 1.18505904538e-05, 5.71173113713e-05, 3.97566509491e-06, 5.49959986529e-06, 2.18033619603e-06, 3.47242053067e-06, 7.92823243501e-07, 3.77110040972e-07, 1.89217431057e-07, 9.12387065455e-07, 4.70975408007e-07, 2.67937622311e-07, 5.0899942039e-08, 6.90416213089e-09, 9.69720304056e-09, 2.10668797962e-08, 7.61051488496e-09, 2.00162268982e-08, 3.77121711637e-09, 1.51554588323e-10, 7.11366868189e-11, 3.07565049817e-11, 5.11186665914e-12, 3.1224300472e-15], "dmean": [4.46715202997e-05, 0.00506277475506, 0.00439069001004, 0.00147259223741, 0.00315642333589, 0.00084940623492, 0.000579802028369, 0.000438467686763, 0.000532164471224, 0.000301956577459, 0.000147510625538, 0.00015306530986, 0.000229555836995, 0.00015256239567, 8.81301239133e-05, 4.09371059504e-05, 2.5041614208e-05, 2.32183847402e-05, 2.41274556174e-05, 1.42871394928e-05, 1.01943105619e-05, 4.62134721602e-06, 2.33367723013e-06, 1.42943292758e-06, 9.00978079699e-07, 2.67577917157e-07, 1.19120189268e-08], "max": [0.00947253964841, 0.159594088793, 0.197775110602, 0.0810243785381, 0.158980354667, 0.0539296977222, 0.0904580429196, 0.0682033598423, 0.0745856016874, 0.036001175642, 0.0372067391872, 0.0127067612484, 0.0417139567435, 0.0237423796207, 0.0286539066583, 0.00875660032034, 0.00297336746007, 0.00437655812129, 0.0098052341491, 0.00406352384016, 0.0118449376896, 0.00488119991496, 0.00049498793669, 0.00042933045188, 0.000347096909536