{"tonal": {"thpcp": [1, 0.714793682098, 0.384422302246, 0.324207395315, 0.325832754374, 0.543508291245, 0.808136105537, 0.63255751133, 0.385968744755, 0.359278142452, 0.351909279823, 0.522692680359, 0.586433172226, 0.417649269104, 0.560429990292, 0.729298353195, 0.615923464298, 0.562323212624, 0.465732753277, 0.363285601139, 0.556604802608, 0.739578008652, 0.579052388668, 0.389003515244, 0.313234418631, 0.276265799999, 0.372597336769, 0.44596901536, 0.416669279337, 0.449351161718, 0.434555619955, 0.316633462906, 0.323684751987, 0.366848260164, 0.368547350168, 0.696496367455], "hpcp": {"dmean2": [0.216020449996, 0.188422009349, 0.188381552696, 0.211264058948, 0.239323347807, 0.322151899338, 0.364011734724, 0.346326112747, 0.245785593987, 0.200239479542, 0.20600785315, 0.260933160782, 0.311911582947, 0.277997106314, 0.230294331908, 0.234549447894, 0.239333197474, 0.275548279285, 0.284439176321, 0.244273334742, 0.291068017483, 0.317269474268, 0.327711999416, 0.394010096788, 0.322713375092, 0.256273657084, 0.318823337555, 0.324390590191, 0.293558448553, 0.259836912155, 0.205854296684, 0.17151863873, 0.20618262887, 0.239026650786, 0.250958889723, 0.238711044192], "median": [0.0472732521594, 0.0455256178975, 0.0596589595079, 0.0624461397529, 0.0599325448275, 0.126898854971, 0.190495699644, 0.136866211891, 0.065746769309, 0.0558383539319, 0.0585944652557, 0.102365724742, 0.133793249726, 0.115347988904, 0.0734885185957, 0.0626214593649, 0.0601677149534, 0.0916456282139, 0.0942544788122, 0.0795232057571, 0.0860462039709, 0.101390689611, 0.118312433362, 0.0918940082192, 0.0765525996685, 0.0568422600627, 0.099335283041, 0.130657553673, 0.0942563787103, 0.0644896999002, 0.0569060072303, 0.0541145578027, 0.0721545144916, 0.0814836621284, 0.0656237453222, 0.0514129847288], "min": [0, 0, 0, 0, 0, 0, 0, 0, 0, 0, 0, 0, 0, 0, 0, 0, 0, 0, 0, 0, 0, 0, 0, 0, 0, 0, 0, 0, 0, 0, 0, 0, 0, 0, 0, 0], "dvar2": [0.116525530815, 0.0843995213509, 0.0822334289551, 0.0968937277794, 0.106315128505, 0.126147866249, 0.146322026849, 0.145976126194, 0.106186836958, 0.0918612852693, 0.100085601211, 0.104804947972, 0.133975863457, 0.110727488995, 0.105150870979, 0.129740908742, 0.127989247441, 0.133807972074, 0.135920986533, 0.103871352971, 0.128437235951, 0.144510224462, 0.126212880015, 0.181892201304, 0.144971579313, 0.132242277265, 0.160462394357, 0.142551288009, 0.140405490994, 0.136555925012, 0.0984463021159, 0.0747356265783, 0.0882395878434, 0.103773280978, 0.124918110669, 0.123819693923], "dvar": [0.0445600003004, 0.029624696821, 0.0295732691884, 0.0353138484061, 0.0374777689576, 0.0481110550463, 0.0635848492384, 0.0526583567262, 0.0379671417177, 0.0327418111265, 0.035403996706, 0.0389103032649, 0.0542453750968, 0.0410881191492, 0.0381361283362, 0.0464000292122, 0.0470178648829, 0.0494770593941, 0.0506928898394, 0.0366403162479, 0.0478757955134, 0.0596014596522, 0.0464893504977, 0.0655504763126, 0.0521917380393, 0.0481099151075, 0.057271964848, 0.0566925369203, 0.051294464618, 0.0466391704977, 0.0341523773968, 0.0267806183547, 0.0322720371187, 0.0382027328014, 0.0445612259209, 0.0467862673104], "dmean": [0.124614551663, 0.10630095005, 0.104683600366, 0.116981886327, 0.132386401296, 0.186992257833, 0.214793607593, 0.196957588196, 0.136449769139, 0.110885344446, 0.113895751536, 0.150085806847, 0.181480512023, 0.161151602864, 0.128923758864, 0.128586903214, 0.130477190018, 0.154044777155, 0.159652024508, 0.135022893548, 0.167380660772, 0.186702892184, 0.187114596367, 0.216884508729, 0.178945243359, 0.14088781178, 0.180080220103, 0.190243989229, 0.168969169259, 0.142651110888, 0.112197041512, 0.0946959629655, 0.117145307362, 0.135755971074, 0.140883788466, 0.135131716728], "max": [1, 1, 1, 1, 1, 1, 1, 1, 1, 1, 1, 1, 1, 1, 1, 1, 1, 1, 1, 1, 1, 1, 1, 1, 1, 1, 1, 1, 1, 1, 1, 1, 1, 1, 1, 1], "var": [0.0660940855742, 0.0303792525083, 0.0284921359271, 0.0380683168769, 0.0338065996766, 0.0712952017784, 0.125307261944, 0.0710432827473, 0.0333823002875, 0.0286669824272, 0.028344836086, 0.0502054728568, 0.103816457093, 0.0624491646886, 0.0340093113482, 0.0365963056684, 0.0361927375197, 0.0522007122636, 0.0693569928408, 0.0332201346755, 0.0609269142151, 0.0971253365278, 0.060275066644, 0.0618085190654, 0.0474357530475, 0.0393801927567, 0.0578342825174, 0.0866651684046, 0.0653455331922, 0.039136711508, 0.0264753159136, 0.0210209097713, 0.0311648901552, 0.0426008962095, 0.0438238531351, 0.0628031790257], "mean": [0.153884083033, 0.112125687301, 0.114622682333, 0.129907667637, 0.130509346724, 0.24664208293, 0.354118257761, 0.253121495247, 0.136130958796, 0.114807754755, 0.115383327007, 0.192466199398, 0.286175757647, 0.224000155926, 0.136678576469, 0.127226948738, 0.124617502093, 0.185095027089, 0.207666695118, 0.147897228599, 0.198458492756, 0.258257865906, 0.218109741807, 0.199128910899, 0.16492447257, 0.128646060824, 0.1971039325, 0.261898070574, 0.205053016543, 0.137753248215, 0.110922023654, 0.0978307649493, 0.131943523884, 0.157925769687, 0.147550195456, 0.159123450518]}, "tuning_equal_tempered_deviation": 0.0568862520158, "chords_changes_rate": 0.0588888898492, "key_key": "E", "tuning_diatonic_strength": 0.549937307835, "key_scale": "major", "chords_number_rate": 0.00266666663811, "tuning_frequency": 441.527557373, "tuning_nontempered_energy_ratio": 0.71934568882, "chords_histogram": [8.8444442749, 2.1333334446, 36.6888885498, 0.355555564165, 14.9333333969, 1.26666665077, 1.13333332539, 0, 0.0666666701436, 0, 0.133333340287, 0.355555564165, 0, 0, 0, 6.57777786255, 0.0888888910413, 2.44444441795, 0.0666666701436, 5.97777795792, 0, 5.35555553436, 8.19999980927, 5.37777757645], "key_strength": 0.765891313553, "chords_key": "B", "chords_strength": {"dmean2": 0.0110243689269, "median": 0.520961642265, "min": 0.224017083645, "dvar2": 0.000102700105344, "dvar": 8.78264690982e-05, "dmean": 0.0106592420489, "max": 0.79651671648, "var": 0.00912539195269, "mean": 0.515066385269}, "chords_scale": "major", "hpcp_entropy": {"dmean2": 1.16318619251, "median": 2.42276620865, "min": 0, "dvar2": 0.889633953571, "dvar": 0.332495987415, "dmean": 0.705032408237, "max": 4.65249156952, "var": 0.737601101398, "mean": 2.44046020508}}, "metadata": {"audio_properties": {"equal_loudness": 0, "codec": "flac", "downmix": "mix", "sample_rate": 44100, "analysis_sample_rate": 44100, "bit_rate": 0, "md5_encoded": "00bf2af36850c5bcdc0a26ebb83fa0a3", "length": 208.893325806, "replay_gain": -16.2613162994, "lossless": true}, "version": {"essentia_build_sha": "70f2e5ece6736b2c40cc944ad0e695b16b925413", "essentia": "2.1-beta2", "extractor": "music 1.0", "essentia_git_sha": "v2.1_beta2"}, "tags": {"title": ["Burn Baby Burn"], "barcode": ["4988009244211"], "media": ["CD"], "albumartist": ["Ash"], "tracktotal": ["15"], "language": ["eng"], "releasetype": ["album"], "musicbrainz_recordingid": ["0b22dd88-8737-449e-b234-a26d32eaa239"], "musicbrainz_releasegroupid": ["db73fb07-9e68-3da9-b091-eefb91a98cdd"], "musicbrainz_albumartistid": ["99164692-c02d-407c-81c9-25d338dd21f4"], "originalyear": ["2001"], "musicbrainz_releasetrackid": ["cae5a20a-dddd-4a0b-bfb2-cb77397bb363"], "discnumber": ["1"], "totaldiscs": ["1"], "catalognumber": ["SRCS 2442"], "releasecountry": ["JP"], "file_name": "1-03 Burn Baby Burn.flac", "originaldate": ["2001-04-16"], "albumartistsort": ["Ash"], "date": ["2001-04-18"], "genre": ["Alternative Rock", "Brit Pop"], "musicbrainz_albumid": ["63481071-b15e-418a-8eec-af0003b53bd7"], "disctotal": ["1"], "musicbrainz_artistid": ["99164692-c02d-407c-81c9-25d338dd21f4"], "asin": ["B00005HWOB"], "grouping": ["Rock", "Pop"], "artist": ["Ash"], "tracknumber": ["3"], "artistsort": ["Ash"], "album": ["Free All Angels \u276cjapan edition\u276d"], "label": ["SME Records"], "releasestatus": ["official"], "acoustid_id": ["c7d2ccf1-6b2d-40d4-8a69-8e73058745aa"], "script": ["Latn"], "totaltracks": ["15"]}}, "rhythm": {"bpm_histogram_first_peak_bpm": {"dmean2": 0, "median": 157, "min": 157, "dvar2": 0, "dvar": 0, "dmean": 0, "max": 157, "var": 0, "mean": 157}, "bpm": 155.286758423, "bpm_histogram_second_peak_spread": {"dmean2": 0, "median": 0.0526315569878, "min": 0.0526315569878, "dvar2": 0, "dvar": 0, "dmean": 0, "max": 0.0526315569878, "var": 0, "mean": 0.0526315569878}, "bpm_histogram_first_peak_weight": {"dmean2": 0, "median": 0.666048228741, "min": 0.666048228741, "dvar2": 0, "dvar": 0, "dmean": 0, "max": 0.666048228741, "var": 0, "mean": 0.666048228741}, "onset_rate": 3.63314461708, "beats_position": [0.371519267559, 0.754648506641, 1.13777780533, 1.52090704441, 1.90403628349, 2.27555561066, 2.6470746994, 3.05342388153, 3.45977306366, 3.86612248421, 4.27247142792, 4.66721057892, 5.07355976105, 5.47990942001, 5.88625860214, 6.29260778427, 6.68734693527, 7.08208608627, 7.47682523727, 7.87156438828, 8.25469398499, 8.63782310486, 9.02095222473, 9.4040813446, 9.78721046448, 10.1703395844, 10.5650787354, 10.9482088089, 11.3313379288, 11.7144670486, 12.0975961685, 12.4923353195, 12.8870744705, 13.2702035904, 13.6533327103, 14.0364627838, 14.4195919037, 14.8027210236, 15.1858501434, 15.5805892944, 15.9637184143, 16.3468475342, 16.7299766541, 17.1131057739, 17.4962348938, 17.8793640137, 18.2624931335, 18.6456241608, 19.0403633118, 19.4234924316, 19.8066215515, 20.2013607025, 20.5844898224, 20.9676189423, 21.3623580933, 21.733877182, 22.128616333, 22.5117454529, 22.8948745728, 23.2780036926, 23.6611328125, 24.0558719635, 24.4506111145, 24.8337402344, 25.2168693542, 25.5883903503, 25.9831295013, 26.3662586212, 26.7493877411, 27.1441268921, 27.527256012, 27.9103851318, 28.2935142517, 28.6766433716, 29.0713825226, 29.4545116425, 29.8376407623, 30.2207698822, 30.6038990021, 30.9754180908, 31.3701572418, 31.7648983002, 32.1596374512, 32.542766571, 32.9258956909, 33.3090248108, 33.6921539307, 34.0752830505, 34.4584121704, 34.8531494141, 35.2478904724, 35.6310195923, 36.0141487122, 36.397277832, 36.7804069519, 37.1635360718, 37.5466651917, 37.9297943115, 38.3129234314, 38.7076644897, 39.0907936096, 39.4739227295, 39.8686599731, 40.251789093, 40.6349182129, 41.0180473328, 41.4011802673, 41.795917511, 42.1790466309, 42.5621757507, 42.9453048706, 43.3284339905, 43.7115631104, 44.0946922302, 44.4894332886, 44.8725624084, 45.2556915283, 45.6388206482, 46.0219497681, 46.4166870117, 46.8114280701, 47.1945571899, 47.5776863098, 47.9608154297, 48.3439445496, 48.7270736694, 49.1102027893, 49.5049438477, 49.8880729675, 50.2712020874, 50.6659393311, 51.0490684509, 51.4321975708, 51.8153266907, 52.1984558105, 52.5815849304, 52.9763259888, 53.3594551086, 53.7425842285, 54.1257133484, 54.5088424683, 54.8919715881, 55.2867126465, 55.6698417664, 56.0529708862, 56.4361000061, 56.819229126, 57.2023582458, 57.5854873657, 57.9802246094, 58.3749656677, 58.7580947876, 59.1412239075, 59.5243530273, 59.9074821472, 60.2906112671, 60.673740387, 61.0684814453, 61.4516105652, 61.8347396851, 62.2178688049, 62.6009979248, 62.9957351685, 63.3788642883, 63.7619934082, 64.1451263428, 64.5282516479, 64.9113845825, 65.2945098877, 65.6892471313, 66.0839920044, 66.4555053711, 66.8502502441, 67.2449874878, 67.6281204224, 68.0112457275, 68.3943786621, 68.7775039673, 69.1722412109, 69.543762207, 69.9384994507, 70.3216323853, 70.7047576904, 71.087890625, 71.4710159302, 71.8541488647, 72.2372741699, 72.6204071045, 73.0035324097, 73.3982772827, 73.7930145264, 74.1761474609, 74.5592727661, 74.9424057007, 75.3255310059, 75.7086639404, 76.0917892456, 76.4865264893, 76.8812713623, 77.2643966675, 77.6475296021, 78.0422668457, 78.4137878418, 78.8085250854, 79.1916503906, 79.5747833252, 79.9579086304, 80.3410415649, 80.7357788086, 81.1189117432, 81.5020370483, 81.8851699829, 82.2682952881, 82.6630401611, 83.0461654663, 83.4292984009, 83.8240356445, 84.2071609497, 84.5902938843, 84.9734191895, 85.356552124, 85.7396774292, 86.1228103638, 86.5059356689, 86.8890686035, 87.2838058472, 87.6785507202, 88.0616760254, 88.44480896, 88.8279342651, 89.2110671997, 89.5941925049, 89.9773254395, 90.3604507446, 90.7551879883, 91.1383209229, 91.521446228, 91.9045791626, 92.2993164062, 92.6708374023, 93.065574646, 93.460319519, 93.8434448242, 94.2265777588, 94.609703064, 94.9928359985, 95.3875732422, 95.7590942383, 96.1538314819, 96.5369567871, 96.9200897217, 97.3032150269, 97.6863479614, 98.0810852051, 98.4642181396, 98.8473434448, 99.2420806885, 99.6136016846, 100.008346558, 100.391471863, 100.774604797, 101.169342041, 101.552467346, 101.935600281, 102.330337524, 102.713470459, 103.096595764, 103.479728699, 103.862854004, 104.234375, 104.629112244, 105.023849487, 105.406982422, 105.790107727, 106.1848526, 106.567977905, 106.95111084, 107.334236145, 107.71736908, 108.112106323, 108.495239258, 108.878364563, 109.273101807, 109.644622803, 110.027755737, 110.410881042, 110.794013977, 111.177139282, 111.560272217, 111.943397522, 112.338134766, 112.7212677, 113.104400635, 113.499137878, 113.893875122, 114.277008057, 114.660133362, 115.043266296, 115.426391602, 115.809524536, 116.192649841, 116.587387085, 116.97052002, 117.353645325, 117.736778259, 118.119903564, 118.514648438, 118.897773743, 119.280906677, 119.675643921, 120.058776855, 120.441902161, 120.836639404, 121.2081604, 121.602897644, 121.97441864, 122.369155884, 122.763900757, 123.147026062, 123.530158997, 123.913284302, 124.296417236, 124.69115448, 125.074279785, 125.45741272, 125.840545654, 126.223670959, 126.606803894, 126.989929199, 127.373062134, 127.756187439, 128.139312744, 128.522445679, 128.917190552, 129.311920166, 129.695053101, 130.078186035, 130.46131897, 130.844436646, 131.239181519, 131.622314453, 132.005432129, 132.400177002, 132.783309937, 133.166442871, 133.561172485, 133.94430542, 134.327438354, 134.710571289, 135.093688965, 135.488433838, 135.871566772, 136.254684448, 136.637817383, 137.020950317, 137.392471313, 137.787200928, 138.181945801, 138.565078735, 138.94821167, 139.331329346, 139.71446228, 140.109207153, 140.492340088, 140.875457764, 141.258590698, 141.641723633, 142.036453247, 142.419586182, 142.802719116, 143.197463989, 143.580581665, 143.9637146, 144.346847534, 144.729980469, 145.113098145, 145.496231079, 145.890975952, 146.274108887, 146.657226562, 147.040359497, 147.423492432, 147.818222046, 148.212966919, 148.596099854, 148.979232788, 149.362350464, 149.745483398, 150.140228271, 150.523345947, 150.906478882, 151.289611816, 151.672744751, 152.067474365, 152.4506073, 152.833740234, 153.216873169, 153.599990845, 153.994735718, 154.377868652, 154.761001587, 155.155731201, 155.538864136, 155.92199707, 156.305114746, 156.688247681, 157.082992554, 157.466125488, 157.849243164, 158.232376099, 158.615509033, 158.987030029, 159.381759644, 159.764892578, 160.148025513, 160.531158447, 160.914276123, 161.309020996, 161.703765869, 162.086883545, 162.470016479, 162.853149414, 163.236282349, 163.619400024, 164.002532959, 164.385665894, 164.768798828, 165.163528442, 165.558273315, 165.94140625, 166.324539185, 166.70765686, 167.090789795, 167.485534668, 167.868652344, 168.251785278, 168.634918213, 169.018051147, 169.412780762, 169.795913696, 170.179046631, 170.573776245, 170.945297241, 171.328430176, 171.71156311, 172.106307983, 172.501037598, 172.872558594, 173.267303467, 173.650421143, 174.033554077, 174.42829895, 174.811431885, 175.194549561, 175.589294434, 175.96081543, 176.332336426, 176.72706604, 177.121810913, 177.504943848, 177.888076782, 178.271194458, 178.654327393, 179.049072266, 179.44380188, 179.815322876, 180.210067749, 180.593200684, 180.976318359, 181.359451294, 181.742584229, 182.125717163, 182.508834839, 182.903579712, 183.286712646, 183.669830322, 184.052963257, 184.44770813, 184.842453003, 185.225570679, 185.597091675, 185.980224609, 186.363357544, 186.758087158, 187.152832031, 187.524353027, 187.919082642, 188.290603638, 188.685348511, 189.080093384, 189.46321106, 189.846343994, 190.229476929, 190.612609863, 191.007339478, 191.378860474, 191.773605347, 192.156738281, 192.539855957, 192.93460083, 193.317733765, 193.70085144, 194.095596313, 194.478729248, 194.861862183, 195.256591797, 195.639724731, 196.022857666, 196.394378662, 196.789108276, 197.172241211, 197.555374146, 197.93850708, 198.321624756, 198.716369629, 199.099502563, 199.482620239, 199.877365112, 200.260498047, 200.643630981, 201.026748657, 201.409881592, 201.804626465, 202.187744141, 202.570877075, 202.965621948, 203.337142944, 203.731872559, 204.115005493, 204.498138428, 204.892883301, 205.276000977, 205.659133911, 206.053878784, 206.448608398, 206.831741333, 207.226486206, 207.62121582, 208.015960693, 208.410705566], "beats_loudness": {"dmean2": 0.0202035512775, "median": 0.0329811833799, "min": 1.39222580131e-08, "dvar2": 0.000398644944653, "dvar": 0.000147250029841, "dmean": 0.0113146528602, "max": 0.118017740548, "var": 0.000235586994677, "mean": 0.0329777225852}, "danceability": 1.21961915493, "bpm_histogram_second_peak_weight": {"dmean2": 0, "median": 0.267161399126, "min": 0.267161399126, "dvar2": 0, "dvar": 0, "dmean": 0, "max": 0.267161399126, "var": 0, "mean": 0.267161399126}, "beats_count": 540, "bpm_histogram_second_peak_bpm": {"dmean2": 0, "median": 152, "min": 152, "dvar2": 0, "dvar": 0, "dmean": 0, "max": 152, "var": 0, "mean": 152}, "bpm_histogram_first_peak_spread": {"dmean2": 0, "median": 0.0699481964111, "min": 0.0699481964111, "dvar2": 0, "dvar": 0, "dmean": 0, "max": 0.0699481964111, "var": 0, "mean": 0.0699481964111}, "beats_loudness_band_ratio": {"dmean2": [0.272998809814, 0.173454686999, 0.115746989846, 0.0841257870197, 0.0984978750348, 0.154030486941], "median": [0.454047054052, 0.11077003181, 0.0679361969233, 0.0452496781945, 0.138628184795, 0.126990258694], "min": [0.00110330281314, 0.000117096918984, 8.7374006398e-05, 4.39398791059e-05, 6.3823434175e-05, 0.00126528879628], "dvar2": [0.0541209131479, 0.0263909734786, 0.0146326152608, 0.0118073038757, 0.00860134325922, 0.0154058625922], "dvar": [0.0178750604391, 0.00860245991498, 0.00537706725299, 0.00419531622902, 0.00309396418743, 0.00506059080362], "dmean": [0.154151722789, 0.0954462885857, 0.0656034499407, 0.0471121333539, 0.0581968985498, 0.0828497484326], "max": [0.977721631527, 0.768457472324, 0.566264748573, 0.599254071712, 0.708250463009, 0.581572234631], "var": [0.032209224999, 0.00960218533874, 0.00730059435591, 0.00592549797148, 0.00534992991015, 0.00744718266651], "mean": [0.456582933664, 0.129525616765, 0.095373108983, 0.0708343610168, 0.144528403878, 0.133820876479]}}, "lowlevel": {"barkbands_spread": {"dmean2": 12.0791921616, "median": 41.5473175049, "min": 2.34776377678, "dvar2": 209.576309204, "dvar": 82.2972488403, "dmean": 7.26697349548, "max": 166.444900513, "var": 249.308120728, "mean": 39.924331665}, "melbands_spread": {"dmean2": 19.7003765106, "median": 42.2351837158, "min": 0.21774469316, "dvar2": 404.85534668, "dvar": 159.920349121, "dmean": 11.9357433319, "max": 162.798126221, "var": 414.669311523, "mean": 41.9502792358}, "hfc": {"dmean2": 10.0373344421, "median": 30.9360179901, "min": 1.13509720591e-16, "dvar2": 157.231933594, "dvar": 71.5965118408, "dmean": 6.44656038284, "max": 108.97278595, "var": 304.488800049, "mean": 31.336057663}, "barkbands_kurtosis": {"dmean2": 2.89196538925, "median": -0.980979681015, "min": -1.98923897743, "dvar2": 35.90417099, "dvar": 14.012093544, "dmean": 1.66590750217, "max": 149.510513306, "var": 21.8935470581, "mean": 0.398206084967}, "gfcc": {"mean": [24.3400936127, 71.854637146, -128.320755005, 56.1850814819, -46.9181976318, 6.38341808319, -34.8449287415, 9.32306957245, -19.5495033264, -3.56320667267, -15.0385885239, -4.46043157578, -14.2438316345], "icov": [[0.000231958416407, -0.000247511779889, 0.000282686844002, -0.000540111912414, 0.000430143758422, -0.000469954975415, 0.000548216514289, -0.000610867340583, 0.000537411950063, -0.000505039235577, 0.000400193413952, -0.000205236690817, 0.000392802030547], [-0.000247511779889, 0.00271052634344, 0.000218896777369, 5.64266156289e-05, -0.00158351298887, 0.00207264441997, -0.00194193515927, 0.000775948399678, -0.000644165964331, 0.00194293109234, -0.00284640234895, 0.00277761789039, -0.00182617898099], [0.000282686844002, 0.000218896777369, 0.00226583797485, -0.00100955343805, -0.00116554799024, -0.00133609899785, 0.00198239763267, -0.000403224868933, -0.000622754276264, -0.000969784683548, 0.00304284854792, -0.00231187324971, 0.00079988600919], [-0.000540111912414, 5.64266156289e-05, -0.00100955343805, 0.00529683288187, -0.00105098786298, -0.00197887187824, 0.00142608792521, 0.000878123391885, -0.00203623087145, 0.00141187210102, -0.00195889966562, 0.00214467942715, -0.0027403102722], [0.000430143758422, -0.00158351298887, -0.00116554799024, -0.00105098786298, 0.00926836859435, 0.000540328037459, -0.00453985016793, -0.000267832481768, 0.0038154812064, -0.00400162162259, -0.000360152422218, 0.000769818900153, -0.000250443816185], [-0.000469954975415, 0.00207264441997, -0.00133609899785, -0.00197887187824, 0.000540328037459, 0.0121955834329, -0.00515849422663, -0.00317863933742, 0.00324732554145, 0.00265789474361, -0.00402180943638, 0.00253307167441, -0.00129418156575], [0.000548216514289, -0.00194193515927, 0.00198239763267, 0.00142608792521, -0.00453985016793, -0.00515849422663, 0.0154315931723, -0.0048363939859, -0.00351459579542, 0.00136063073296, 0.00183586287312, -0.00484848907217, 0.00515899574384], [-0.000610867340583, 0.000775948399678, -0.000403224868933, 0.000878123391885, -0.000267832481768, -0.00317863933742, -0.0048363939859, 0.0189383029938, -0.00743551691994, -0.00538020208478, 0.00242988951504, 0.00502406200394, -0.00909717567265], [0.000537411950063, -0.000644165964331, -0.000622754276264, -0.00203623087145, 0.0038154812064, 0.00324732554145, -0.00351459579542, -0.00743551691994, 0.0202343538404, -0.00378686771728, -0.00472108135, 0.00256560253911, 0.00603484828025], [-0.000505039235577, 0.00194293109234, -0.000969784683548, 0.00141187210102, -0.00400162162259, 0.00265789474361, 0.00136063073296, -0.00538020208478, -0.00378686771728, 0.025406492874, -0.011537052691, -0.00146854005288, 0.000689774460625], [0.000400193413952, -0.00284640234895, 0.00304284854792, -0.00195889966562, -0.000360152422218, -0.00402180943638, 0.00183586287312, 0.00242988951504, -0.00472108135, -0.011537052691, 0.0333293192089, -0.0147377634421, 0.00486886780709], [-0.000205236690817, 0.00277761789039, -0.00231187324971, 0.00214467942715, 0.000769818900153, 0.00253307167441, -0.00484848907217, 0.00502406200394, 0.00256560253911, -0.00146854005288, -0.0147377634421, 0.0363162122667, -0.0178308188915], [0.000392802030547, -0.00182617898099, 0.00079988600919, -0.0027403102722, -0.000250443816185, -0.00129418156575, 0.00515899574384, -0.00909717567265, 0.00603484828025, 0.000689774460625, 0.00486886780709, -0.0178308188915, 0.0295612569898]], "cov": [[14208.4619141, -113.868492126, -607.575439453, 1584.9276123, -789.450744629, 716.14630127, -611.12286377, 382.303131104, -224.002548218, 25.0548877716, -52.1155395508, -117.355255127, 199.438049316], [-113.868492126, 798.092834473, -350.427246094, -95.4972000122, 152.094116211, -119.575424194, 160.89440918, -11.2789068222, 49.639881134, -11.3821678162, 63.4344367981, -43.4250907898, -30.5602664948], [-607.575439453, -350.427246094, 916.785339355, 156.909179688, 58.2265663147, 95.8282470703, -100.961250305, 11.8743801117, -21.4660339355, 18.3419265747, -61.9096908569, 49.0878105164, 45.8861465454], [1584.9276123, -95.4972000122, 156.909179688, 464.39730835, -66.3930282593, 151.687545776, -107.320381165, 55.5875663757, -20.8324317932, 1.28257918358, -8.54601860046, -7.319627285, 54.9738006592], [-789.450744629, 152.094116211, 58.2265663147, -66.3930282593, 230.269302368, -28.922990799, 107.497421265, 2.04780745506, 12.1108551025, 24.501127243, 20.8977928162, 7.91646242142, -7.0008430481], [716.14630127, -119.575424194, 95.8282470703, 151.687545776, -28.922990799, 183.090316772, -8.04854869843, 58.0915222168, -17.9047222137, 1.53337979317, -6.08863830566, 1.14543879032, 26.9309482574], [-611.12286377, 160.89440918, -100.961250305, -107.320381165, 107.497421265, -8.04854869843, 182.955169678, 29.72905159, 47.7412528992, 10.8796014786, 24.876537323, -3.69249939919, -27.70337677], [382.303131104, -11.2789068222, 11.8743801117, 55.5875663757, 2.04780745506, 58.0915222168, 29.72905159, 111.810302734, 32.4992027283, 27.3297214508, 2.60883522034, -5.50080156326, 19.8157043457], [-224.002548218, 49.639881134, -21.4660339355, -20.8324317932, 12.1108551025, -17.9047222137, 47.7412528992, 32.4992027283, 92.7204055786, 23.167634964, 20.1879940033, -11.5822782516, -24.0994491577], [25.0548877716, -11.3821678162, 18.3419265747, 1.28257918358, 24.501127243, 1.53337979317, 10.8796014786, 27.3297214508, 23.167634964, 66.1754302979, 26.0667095184, 11.6741161346, 1.84756159782], [-52.1155395508, 63.4344367981, -61.9096908569, -8.54601860046, 20.8977928162, -6.08863830566, 24.876537323, 2.60883522034, 20.1879940033, 26.0667095184, 58.7051239014, 16.5625457764, -2.54220151901], [-117.355255127, -43.4250907898, 49.0878105164, -7.319627285, 7.91646242142, 1.14543879032, -3.69249939919, -5.50080156326, -11.5822782516, 11.6741161346, 16.5625457764, 56.0876579285, 29.1340255737], [199.438049316, -30.5602664948, 45.8861465454, 54.9738006592, -7.0008430481, 26.9309482574, -27.70337677, 19.8157043457, -24.0994491577, 1.84756159782, -2.54220151901, 29.1340255737, 68.0656280518]]}, "spectral_energyband_middle_low": {"dmean2": 0.00659571168944, "median": 0.00704484153539, "min": 1.81304671775e-22, "dvar2": 0.000141608805279, "dvar": 5.28461205249e-05, "dmean": 0.0039623491466, "max": 0.0738640204072, "var": 5.66817070649e-05, "mean": 0.00872070528567}, "melbands_crest": {"dmean2": 5.67646980286, "median": 12.2521381378, "min": 1.86922907829, "dvar2": 23.241563797, "dvar": 9.05433273315, "dmean": 3.40855288506, "max": 36.350440979, "var": 20.2523651123, "mean": 13.0234222412}, "spectral_kurtosis": {"dmean2": 2.12071537971, "median": 3.13520717621, "min": -1.2408862114, "dvar2": 11.5539903641, "dvar": 4.0263838768, "dmean": 1.23431420326, "max": 122.97530365, "var": 20.298500061, "mean": 3.72621870041}, "spectral_rms": {"dmean2": 0.00146437110379, "median": 0.00491935247555, "min": 3.20472316219e-12, "dvar2": 3.65953542314e-06, "dvar": 1.4164180584e-06, "dmean": 0.000889977207407, "max": 0.011252428405, "var": 3.01183285956e-06, "mean": 0.00494898715988}, "zerocrossingrate": {"dmean2": 0.014833252877, "median": 0.0849609375, "min": 0.01171875, "dvar2": 0.000402681558626, "dvar": 0.000267986994004, "dmean": 0.0119162444025, "max": 0.69287109375, "var": 0.00225748913363, "mean": 0.0893930196762}, "silence_rate_60dB": {"dmean2": 0.0106714097783, "median": 0, "min": 0, "dvar2": 0.0121142985299, "dvar": 0.00530498987064, "dmean": 0.00533511163667, "max": 1, "var": 0.0577720291913, "mean": 0.0615692362189}, "erbbands_kurtosis": {"dmean2": 1.1526453495, "median": 0.10638833046, "min": -1.84833943844, "dvar2": 3.66965055466, "dvar": 1.58115291595, "dmean": 0.70876789093, "max": 51.1010627747, "var": 2.53879523277, "mean": 0.287185996771}, "erbbands": {"dmean2": [0.277676850557, 3.20204281807, 5.25216531754, 5.45110750198, 13.80240345, 11.6137285233, 10.2615871429, 7.66776132584, 8.19071674347, 15.5086984634, 15.7618055344, 12.7852087021, 10.0005950928, 13.7089529037, 9.38224411011, 12.0833759308, 14.5481138229, 19.1258296967, 17.102645874, 23.3593387604, 36.343788147, 41.5442771912, 42.3226203918, 36.1752510071, 24.8109016418, 24.167766571, 16.2861709595, 11.0215454102, 10.5315732956, 8.94216918945, 6.02581071854, 4.39825868607, 2.50828075409, 0.800322651863, 0.231985971332, 0.0712883770466, 0.0211129263043, 0.00507792970166, 0.000905979657546, 6.93948022672e-05], "median": [0.0430526211858, 0.631673812866, 2.80137968063, 4.51708507538, 4.41221141815, 6.50687026978, 7.03578662872, 4.35239982605, 4.40927505493, 8.56534671783, 9.94271850586, 8.65044593811, 7.09741592407, 6.22242927551, 7.96357345581, 11.9067745209, 13.5165958405, 17.6520767212, 20.6374816895, 29.1968345642, 48.2777633667, 61.965221405, 64.3181152344, 56.3307495117, 39.9936599731, 38.547077179, 26.382610321, 10.8841152191, 7.20723056793, 6.36914300919, 4.08057308197, 2.54143977165, 1.48156142235, 0.543262004852, 0.194498196244, 0.0639928877354, 0.0152778886259, 0.00232448754832, 0.00028500839835, 5.32581107109e-05], "min": [2.29676511767e-22, 3.20270216988e-21, 8.15013221951e-21, 1.73797351384e-20, 2.49474764689e-20, 1.58352209137e-20, 3.49677259207e-20, 2.02289345245e-19, 1.50513667938e-19, 2.37797184563e-19, 6.19231439063e-19, 1.0512378877e-18, 1.61689883555e-18, 2.38294439018e-18, 1.43226602237e-18, 2.55471133951e-18, 3.01522263886e-18, 3.60758239194e-18, 3.7414992108e-18, 4.26571954733e-18, 4.58748949689e-18, 5.12177372634e-18, 1.18108818327e-17, 1.10433814742e-17, 1.34994717916e-17, 1.21353062049e-17, 1.5083226534e-17, 1.62613451388e-17, 1.65012639124e-17, 1.56385327315e-17, 1.54410913367e-17, 1.39048812816e-17, 1.27731435209e-17, 1.28224666464e-17, 8.6613205129e-18, 4.47618117853e-18, 2.48493865484e-18, 1.08728921053e-18, 3.30686206932e-19, 3.17296434023e-20], "dvar2": [0.278996855021, 45.9499435425, 82.3690567017, 52.3959350586, 998.459655762, 398.161529541, 229.521682739, 190.031387329, 219.110610962, 760.247192383, 1137.53295898, 494.747619629, 353.9815979, 1652.62097168, 230.481552124, 246.899169922, 578.523132324, 1105.93823242, 614.25769043, 752.330383301, 1580.00524902, 1907.99072266, 2347.42407227, 1619.02209473, 864.05871582, 757.251281738, 351.408355713, 310.370880127, 297.89743042, 194.205368042, 107.703849792, 99.5933456421, 44.5451660156, 3.51112556458, 0.250926703215, 0.0182567965239, 0.00127479922958, 8.65913971211e-05, 3.60848912351e-06, 1.48533416677e-08], "dvar": [0.10256639868, 16.5088653564, 29.7161388397, 19.0565319061, 367.794311523, 143.688919067, 90.8694839478, 68.650970459, 83.6807785034, 355.804077148, 490.622711182, 210.221710205, 154.888641357, 671.070556641, 99.7422561646, 102.544296265, 230.745300293, 412.510070801, 222.36164856, 288.144439697, 557.145874023, 663.657104492, 833.895935059, 578.567810059, 304.553466797, 272.286804199, 129.520248413, 124.038597107, 121.874946594, 85.5329589844, 51.8041877747, 49.0109710693, 22.6367301941, 1.82532417774, 0.121721550822, 0.0082207871601, 0.000602575019002, 3.78990625904e-05, 1.6024235947e-06, 7.04280411767e-09], "dmean": [0.1569737643, 1.78490805626, 3.00856351852, 3.22111368179, 8.02860546112, 6.80639600754, 6.19877338409, 4.51776885986, 4.87600660324, 9.87313747406, 10.0759077072, 8.14036083221, 6.48387861252, 8.90470409393, 5.96058082581, 7.62318754196, 9.02544879913, 11.7304544449, 10.3674192429, 13.9570417404, 21.2218666077, 24.4513282776, 25.0056781769, 21.3024139404, 14.5968408585, 14.2518253326, 9.69254589081, 6.67881250381, 6.44479370117, 5.72470903397, 3.90038609505, 2.88200855255, 1.6843868494, 0.553029477596, 0.159591645002, 0.0488483868539, 0.0144480923191, 0.0033816092182, 0.000603037129622, 4.62657772005e-05], "max": [2.1330769062, 28.0203132629, 52.2616043091, 47.040802002, 188.112884521, 167.142349243, 163.497711182, 127.332115173, 141.621673584, 458.649291992, 436.587432861, 323.441955566, 386.271820068, 663.363098145, 239.526687622, 195.621063232, 367.336517334, 449.827392578, 405.445343018, 413.402191162, 381.257293701, 370.941619873, 461.609069824, 466.048217773, 302.774749756, 302.378814697, 179.994338989, 170.287094116, 163.912307739, 144.446609497, 138.704803467, 120.465454102, 99.7291870117, 30.4739284515, 9.52476215363, 2.96836519241, 0.355135589838, 0.0899944528937, 0.0205274969339, 0.00115363509394], "var": [0.0864090397954, 11.4495849609, 25.0359096527, 25.0190505981, 284.569580078, 170.711669922, 181.491607666, 79.8824386597, 116.93523407, 1008.49975586, 880.991638184, 408.577789307, 374.401275635, 1780.71276855, 254.296707153, 263.94329834, 533.960266113, 886.364624023, 444.492706299, 687.154541016, 1348.42480469, 1770.06652832, 2167.54614258, 1763.34204102, 842.581726074, 831.278686523, 349.341766357, 203.122131348, 209.018707275, 175.554550171, 133.695373535, 110.974220276, 50.5330543518, 4.28244447708, 0.268613100052, 0.0165632516146, 0.00117006234359, 5.63713001611e-05, 2.32708816839e-06, 1.13232410115e-08], "mean": [0.15115454793, 1.62225472927, 4.11068058014, 5.79932308197, 9.09205341339, 10.7249689102, 11.0658311844, 7.08116054535, 7.64725494385, 18.5723304749, 18.3913936615, 15.0627851486, 13.0092506409, 17.2934532166, 12.6654825211, 16.5117683411, 19.495267868, 24.3529567719, 24.1138496399, 33.4567565918, 51.7398834229, 64.8342666626, 67.6278610229, 59.0785675049, 41.4058036804, 40.6324462891, 27.5906257629, 14.6992769241, 12.5131254196, 11.3214712143, 7.95691585541, 5.63304138184, 3.26946902275, 1.10013139248, 0.340177208185, 0.102799132466, 0.0267654825002, 0.00512874359265, 0.000824884395115, 8.6942120106e-05]}, "spectral_strongpeak": {"dmean2": 0.604070484638, "median": 0.305651545525, "min": 0, "dvar2": 0.913471221924, "dvar": 0.342389523983, "dmean": 0.344404160976, "max": 9.63262653351, "var": 0.387694031, "mean": 0.502202451229}, "spectral_energy": {"dmean2": 0.0190974455327, "median": 0.0248050298542, "min": 1.05270066291e-20, "dvar2": 0.000838194624521, "dvar": 0.000314517354127, "dmean": 0.0112819960341, "max": 0.129782572389, "var": 0.000347430672264, "mean": 0.0281918793917}, "average_loudness": 0.966987788677, "spectral_rolloff": {"dmean2": 1196.49255371, "median": 2820.84960938, "min": 86.1328125, "dvar2": 3223337, "dvar": 1330231.375, "dmean": 694.927124023, "max": 19013.8183594, "var": 3593267.5, "mean": 2800.51953125}, "spectral_centroid": {"dmean2": 398.107727051, "median": 2316.18652344, "min": 110.56072998, "dvar2": 174057.75, "dvar": 77794.546875, "dmean": 243.657836914, "max": 11753.8769531, "var": 320931.40625, "mean": 2210.90649414}, "pitch_salience": {"dmean2": 0.135811328888, "median": 0.621318876743, "min": 0.0657999590039, "dvar2": 0.021209731698, "dvar": 0.00790042988956, "dmean": 0.0803972631693, "max": 0.840057194233, "var": 0.0139863314107, "mean": 0.595213294029}, "spectral_energyband_middle_high": {"dmean2": 0.00222784699872, "median": 0.00725432112813, "min": 1.40020038935e-21, "dvar2": 5.663713182e-06, "dvar": 2.18285299525e-06, "dmean": 0.00137663958594, "max": 0.0308163054287, "var": 1.61352672876e-05, "mean": 0.00716612720862}, "spectral_contrast_coeffs": {"dmean2": [0.0878248289227, 0.0736669898033, 0.0578661859035, 0.0482203364372, 0.0323914848268, 0.0270165298134], "median": [-0.651901125908, -0.759523332119, -0.797950208187, -0.791761577129, -0.798300385475, -0.725319504738], "min": [-0.97033059597, -0.965099811554, -0.963304162025, -0.97057646513, -0.961490690708, -0.962086737156], "dvar2": [0.00529014132917, 0.00341583951376, 0.00198824843392, 0.00137884030119, 0.000691118941177, 0.000521192443557], "dvar": [0.00194918119814, 0.0012871454237, 0.000801324727945, 0.00052234478062, 0.000241392408498, 0.000210711965337], "dmean": [0.0529435873032, 0.0446431189775, 0.0357116796076, 0.0286501720548, 0.0191150344908, 0.0168171357363], "max": [-0.373248755932, -0.470687896013, -0.507587969303, -0.519398808479, -0.61628395319, -0.625707864761], "var": [0.00451411446556, 0.00460675125942, 0.00350399315357, 0.00202328828163, 0.00104640994687, 0.00137594435364], "mean": [-0.649305641651, -0.752371251583, -0.789095163345, -0.787763237953, -0.796906709671, -0.731357991695]}, "melbands_skewness": {"dmean2": 1.40766835213, "median": 2.0572373867, "min": -0.998212635517, "dvar2": 3.23846578598, "dvar": 1.2410492897, "dmean": 0.84653699398, "max": 21.9427375793, "var": 2.36667060852, "mean": 2.43691754341}, "spectral_spread": {"dmean2": 566427.75, "median": 3830918.5, "min": 802322.75, "dvar2": 864178929664, "dvar": 480683589632, "dmean": 379744.8125, "max": 42463084, "var": 2585030819840.0, "mean": 4032519.75}, "dissonance": {"dmean2": 0.013808330521, "median": 0.487669587135, "min": 0.255524635315, "dvar2": 0.000251944962656, "dvar": 9.32836992433e-05, "dmean": 0.00817822664976, "max": 0.5, "var": 0.000302117579849, "mean": 0.482464909554}, "spectral_skewness": {"dmean2": 0.268866986036, "median": 1.04052340984, "min": -0.276122510433, "dvar2": 0.0944608226418, "dvar": 0.0342919044197, "dmean": 0.159875586629, "max": 9.43962192535, "var": 0.17618483305, "mean": 1.09940826893}, "spectral_flux": {"dmean2": 0.0436863638461, "median": 0.085051253438, "min": 6.66109459257e-11, "dvar2": 0.00255192583427, "dvar": 0.00133059278596, "dmean": 0.0278545729816, "max": 0.301021009684, "var": 0.00256193126552, "mean": 0.0945246145129}, "spectral_contrast_valleys": {"dmean2": [0.649070739746, 0.565488398075, 0.494142889977, 0.394641548395, 0.29202273488, 0.363958358765], "median": [-6.76696395874, -6.58822059631, -7.19379234314, -6.9521522522, -6.15481376648, -9.49579811096], "min": [-27.929058075, -27.3733959198, -27.7656230927, -27.3662166595, -27.3669776917, -27.3468055725], "dvar2": [0.291893422604, 0.244494438171, 0.189978450537, 0.142511412501, 0.121267981827, 0.197061344981], "dvar": [0.121121279895, 0.105501532555, 0.0857084468007, 0.0650490820408, 0.0626205354929, 0.111855082214], "dmean": [0.391343832016, 0.345220714808, 0.300155729055, 0.239690467715, 0.180712714791, 0.256393760443], "max": [-5.2779250145, -5.05586624146, -5.79055976868, -6.00914764404, -5.50524902344, -7.61039352417], "var": [1.99457061291, 1.54489910603, 1.4724868536, 1.60057723522, 1.93756580353, 2.19130325317], "mean": [-7.08092403412, -6.83655738831, -7.45329093933, -7.2736749649, -6.57536125183, -9.80093669891]}, "erbbands_flatness_db": {"dmean2": 0.018484774977, "median": 0.133867502213, "min": 0.0289900358766, "dvar2": 0.000304454471916, "dvar": 0.000144068064401, "dmean": 0.0123335989192, "max": 0.373639166355, "var": 0.00151131476741, "mean": 0.141147881746}, "spectral_energyband_high": {"dmean2": 0.000999284209684, "median": 0.00148817140143, "min": 7.57803504394e-21, "dvar2": 1.86581155504e-06, "dvar": 8.90706871814e-07, "dmean": 0.000638532685116, "max": 0.0117237363011, "var": 2.65735570792e-06, "mean": 0.00190944573842}, "spectral_entropy": {"dmean2": 0.155080035329, "median": 7.92693710327, "min": 4.51992988586, "dvar2": 0.0502928756177, "dvar": 0.0225343033671, "dmean": 0.101377949119, "max": 9.8071269989, "var": 0.116488583386, "mean": 7.87139844894}, "silence_rate_20dB": {"dmean2": 0, "median": 1, "min": 1, "dvar2": 0, "dvar": 0, "dmean": 0, "max": 1, "var": 0, "mean": 1}, "melbands_flatness_db": {"dmean2": 0.0484018549323, "median": 0.131253033876, "min": 0.00424678716809, "dvar2": 0.00307996245101, "dvar": 0.00113058672287, "dmean": 0.0290090087801, "max": 0.600516736507, "var": 0.00360605982132, "mean": 0.147428646684}, "barkbands": {"dmean2": [0.000306018569972, 0.0128751117736, 0.00400740839541, 0.00252083758824, 0.00392075860873, 0.000952886766754, 0.000745751778595, 0.000761527393479, 0.000590784067754, 0.000378777680453, 0.000313271477353, 0.00033944300958, 0.00032801006455, 0.00041542519466, 0.000407261890359, 0.000605645996984, 0.000767217075918, 0.000806401891168, 0.000586446782108, 0.000486125878524, 0.000330219394527, 0.000286857655738, 0.000220412897761, 0.000172360800207, 4.61593481305e-05, 1.26169270516e-05, 5.24961296833e-06], "median": [6.35926116956e-05, 0.00252171978354, 0.00266193365678, 0.00131950329524, 0.00212080869824, 0.000564307090826, 0.000386724073905, 0.000358503311872, 0.000434571353253, 0.000152427674038, 0.000172390107764, 0.000294816098176, 0.0002277821186, 0.000370158115402, 0.000442619202659, 0.000740451505408, 0.00104784208816, 0.0011579610873, 0.000896759796888, 0.00081685918849, 0.000426118611358, 0.00020582714933, 0.000154763794853, 0.000107688567368, 3.58641555067e-05, 1.01412724689e-05, 1.56464875545e-06], "min": [1.12407346294e-23, 1.14761181018e-23, 6.12049250685e-24, 7.16501139854e-24, 9.00196867965e-24, 2.21962439768e-23, 1.12756803787e-23, 8.5542688167e-24, 5.23714909992e-23, 9.64344717527e-23, 3.69700767637e-23, 5.85642384318e-23, 5.30862052902e-23, 7.45950153638e-23, 3.94751897652e-23, 7.84144148097e-23, 9.60937