{"tonal": {"thpcp": [1, 0.590835988522, 0.234124153852, 0.231392204762, 0.234384402633, 0.245564907789, 0.325444847345, 0.400468826294, 0.385124117136, 0.325725227594, 0.290487885475, 0.325012981892, 0.397185385227, 0.400823205709, 0.377294361591, 0.431869238615, 0.468270391226, 0.409082561731, 0.421807408333, 0.445784837008, 0.364193826914, 0.307762414217, 0.281437724829, 0.261115849018, 0.290754944086, 0.319077044725, 0.3341191113, 0.418099075556, 0.497305840254, 0.501650393009, 0.483571022749, 0.467989772558, 0.51761507988, 0.649839818478, 0.672133207321, 0.843161344528], "hpcp": {"dmean2": [0.261041641235, 0.241590738297, 0.228195816278, 0.266507446766, 0.284185945988, 0.256647050381, 0.248764142394, 0.26254555583, 0.232291892171, 0.212187901139, 0.199200972915, 0.174208626151, 0.180600434542, 0.194976046681, 0.216733008623, 0.268285155296, 0.308544665575, 0.32759386301, 0.342969655991, 0.342819899321, 0.374583572149, 0.411622643471, 0.40418201685, 0.440285205841, 0.564915299416, 0.361901879311, 0.190848499537, 0.177252694964, 0.183220565319, 0.201680973172, 0.258262634277, 0.282744348049, 0.254063278437, 0.23268660903, 0.221551537514, 0.237149327993], "median": [0.10280700773, 0.109862573445, 0.112936735153, 0.124684073031, 0.133050858974, 0.121145017445, 0.130869224668, 0.133064076304, 0.11466512084, 0.0911382362247, 0.0851839631796, 0.0802485495806, 0.09077616781, 0.101170197129, 0.104281269014, 0.127149909735, 0.146617427468, 0.150300696492, 0.147194430232, 0.137302353978, 0.152085989714, 0.19982843101, 0.214186951518, 0.402755230665, 0.352965146303, 0.223780319095, 0.0558768771589, 0.0563296787441, 0.0549239292741, 0.0600976720452, 0.0759042277932, 0.0908797234297, 0.0950370207429, 0.0868433564901, 0.0798765048385, 0.0867015421391], "min": [0, 0.00042642976041, 0.000244693568675, 0.00096397055313, 0.00100704585202, 0, 0, 0, 0, 0, 0, 0, 0, 0, 0, 0, 0, 0, 0, 0, 0, 0, 0.000108715103124, 0.00113363948185, 0.00124989869073, 0.00151147833094, 0, 0, 0, 0, 0, 0, 0, 0, 0, 0], "dvar2": [0.10202164948, 0.0838583186269, 0.0734962522984, 0.100220739841, 0.10742906481, 0.0865877568722, 0.0821845605969, 0.0883276835084, 0.0757267326117, 0.0654137507081, 0.0665052607656, 0.0507302321494, 0.0490454100072, 0.0581992827356, 0.0737719014287, 0.0891135036945, 0.110627964139, 0.119906447828, 0.139112919569, 0.1411421597, 0.147631272674, 0.159854128957, 0.148070245981, 0.127866491675, 0.200018078089, 0.105960667133, 0.0847330018878, 0.0713416412473, 0.0751614198089, 0.0795403048396, 0.114648327231, 0.131289362907, 0.10680475831, 0.0941732078791, 0.093483261764, 0.0942806750536], "dvar": [0.0391001105309, 0.0327110663056, 0.0282276328653, 0.0377844199538, 0.0415222644806, 0.0327173173428, 0.0315195247531, 0.0350893810391, 0.028654275462, 0.0246874149889, 0.0244586132467, 0.018670456484, 0.0182395540178, 0.0220594704151, 0.0271332189441, 0.0342337451875, 0.0433277338743, 0.0475173294544, 0.0533637478948, 0.0526105761528, 0.0571481063962, 0.060941811651, 0.0577739179134, 0.052552267909, 0.109490007162, 0.0453529730439, 0.0306372903287, 0.0265373960137, 0.0280340556055, 0.02921221219, 0.0422464795411, 0.0508101657033, 0.0400862433016, 0.03488143906, 0.0336242541671, 0.0351671092212], "dmean": [0.149913862348, 0.140815243125, 0.131729528308, 0.154136553407, 0.16430157423, 0.148492410779, 0.14623914659, 0.154877588153, 0.135331124067, 0.121814243495, 0.113642759621, 0.100125573575, 0.105280630291, 0.113498687744, 0.125737860799, 0.156644761562, 0.181494370103, 0.190922647715, 0.196609526873, 0.196527823806, 0.214196279645, 0.239971622825, 0.234273657203, 0.251493394375, 0.314701706171, 0.203062817454, 0.108163952827, 0.102232947946, 0.104526378214, 0.114244036376, 0.147481650114, 0.163303911686, 0.146798476577, 0.132770180702, 0.125281319022, 0.136012047529], "max": [1, 1, 1, 1, 1, 1, 1, 1, 1, 1, 1, 1, 1, 1, 1, 1, 1, 1, 1, 1, 1, 1, 1, 1, 1, 1, 1, 1, 1, 1, 1, 1, 1, 1, 1, 1], "var": [0.0518685989082, 0.0482053346932, 0.0396364666522, 0.0505929514766, 0.0605537705123, 0.0425995364785, 0.0446894429624, 0.0525077581406, 0.0342234410346, 0.0264244619757, 0.0240875724703, 0.0194039344788, 0.0225142166018, 0.0272850431502, 0.029873309657, 0.0444348938763, 0.059889703989, 0.0600181892514, 0.0577780716121, 0.0558086298406, 0.0656286105514, 0.0851092487574, 0.0874142125249, 0.0773953124881, 0.153947293758, 0.0568328537047, 0.0263424608856, 0.0253538507968, 0.0266421381384, 0.0272826496512, 0.0442963577807, 0.0623111575842, 0.0533740743995, 0.039219532162, 0.0307127069682, 0.0375528149307], "mean": [0.19272197783, 0.194487124681, 0.183070465922, 0.209551244974, 0.227213785052, 0.198494717479, 0.204669058323, 0.216303363442, 0.176713839173, 0.149332240224, 0.136558994651, 0.126698419452, 0.141079887748, 0.154822304845, 0.162121012807, 0.202869698405, 0.241302341223, 0.243410408497, 0.23463794589, 0.227077633142, 0.251156777143, 0.315314769745, 0.326131939888, 0.4091180861, 0.485219210386, 0.286684960127, 0.113601535559, 0.11227594316, 0.113727815449, 0.11915281415, 0.157912090421, 0.194315165281, 0.186869621277, 0.158048138022, 0.14095030725, 0.157702535391]}, "tuning_equal_tempered_deviation": 0.168843448162, "chords_changes_rate": 0.0735340714455, "key_key": "A#", "tuning_diatonic_strength": 0.463343322277, "key_scale": "major", "chords_number_rate": 0.00253565772437, "tuning_frequency": 434.193115234, "tuning_nontempered_energy_ratio": 0.845816671848, "chords_histogram": [40.4120445251, 6.30744838715, 0, 4.05705213547, 0.0950871631503, 13.2488117218, 0.475435823202, 0.348652929068, 0.0316957198083, 0, 20.7290019989, 0.570522964001, 2.66244053841, 0.0633914396167, 0.0950871631503, 0.158478602767, 0, 0.633914411068, 0, 0, 0.380348652601, 0, 7.03644990921, 2.69413638115], "key_strength": 0.516861915588, "chords_key": "A#", "chords_strength": {"dmean2": 0.0143532305956, "median": 0.457520097494, "min": 0.191510036588, "dvar2": 0.000142662524013, "dvar": 8.87672867975e-05, "dmean": 0.011706488207, "max": 0.67549431324, "var": 0.0073040118441, "mean": 0.457536131144}, "chords_scale": "major", "hpcp_entropy": {"dmean2": 1.22756671906, "median": 3.02619194984, "min": 0.0761110410094, "dvar2": 0.928813159466, "dvar": 0.334742754698, "dmean": 0.727172553539, "max": 4.71882820129, "var": 0.654561579227, "mean": 2.95264005661}}, "metadata": {"audio_properties": {"equal_loudness": 0, "codec": "flac", "downmix": "mix", "sample_rate": 96000, "analysis_sample_rate": 44100, "bit_rate": 0, "md5_encoded": "1456653dc502fcb5157f20fe7013aee3", "length": 146.431365967, "replay_gain": -12.2348804474, "lossless": true}, "version": {"essentia_build_sha": "70f2e5ece6736b2c40cc944ad0e695b16b925413", "essentia": "2.1-beta2", "extractor": "music 1.0", "essentia_git_sha": "v2.1_beta2"}, "tags": {"title": ["Month of Sundays"], "barcode": ["075679163417"], "media": ["12\" Vinyl"], "albumartist": ["Saigon Kick"], "tracktotal": ["14"], "musicbrainz_releasegroupid": ["b3a6f507-ea21-3177-bf1d-16bb564f4359"], "releasetype": ["album"], "musicbrainz_recordingid": ["0b2438d9-9cd7-49d3-b7d1-325a1f838d3b"], "mood": ["Unknown"], "musicbrainz_albumartistid": ["4d4965c5-1717-468c-a99b-932eac623eba"], "originalyear": ["1991"], "musicbrainz_releasetrackid": ["c60b16e0-5f51-4adf-bdd1-841746e27437"], "discnumber": ["1"], "totaldiscs": ["1"], "catalognumber": ["7567-91634-1"], "releasecountry": ["XE"], "file_name": "11 Month of Sundays.flac", "originaldate": ["1991"], "albumartistsort": ["Saigon Kick"], "date": ["1991"], "genre": ["Heavy Metal", "Hard Rock"], "musicbrainz_albumid": ["3b393709-3351-4ebf-943b-8f00d2cd6d6b"], "disctotal": ["1"], "musicbrainz_artistid": ["4d4965c5-1717-468c-a99b-932eac623eba"], "asin": ["B000091XPL"], "grouping": ["Hard Rock"], "artist": ["Saigon Kick"], "tracknumber": ["11"], "artistsort": ["Saigon Kick"], "album": ["Saigon Kick"], "label": ["Atlantic"], "releasestatus": ["official"], "acoustid_id": ["ea3889b9-b434-4956-917b-9ecae5cd3442"], "script": ["Latn"], "totaltracks": ["14"]}}, "rhythm": {"bpm_histogram_first_peak_bpm": {"dmean2": 0, "median": 152, "min": 152, "dvar2": 0, "dvar": 0, "dmean": 0, "max": 152, "var": 0, "mean": 152}, "bpm": 150.90246582, "bpm_histogram_second_peak_spread": {"dmean2": 0, "median": 0.400000035763, "min": 0.400000035763, "dvar2": 0, "dvar": 0, "dmean": 0, "max": 0.400000035763, "var": 0, "mean": 0.400000035763}, "bpm_histogram_first_peak_weight": {"dmean2": 0, "median": 0.709589064121, "min": 0.709589064121, "dvar2": 0, "dvar": 0, "dmean": 0, "max": 0.709589064121, "var": 0, "mean": 0.709589064121}, "onset_rate": 3.1205561161, "beats_position": [0.406349211931, 0.835918366909, 1.26548755169, 1.69505667686, 2.11301589012, 2.54258489609, 2.96054410934, 3.36689329147, 3.76163268089, 4.15637159348, 4.5627207756, 4.96907043457, 5.38702917099, 5.80498838425, 6.2229475975, 6.62929677963, 7.02403593063, 7.41877555847, 7.8251247406, 8.2198638916, 8.6146030426, 9.0093421936, 9.4040813446, 9.79882049561, 10.1935596466, 10.5882987976, 10.9946479797, 11.4009971619, 11.807346344, 12.202085495, 12.5968255997, 12.9915647507, 13.3979139328, 13.7926530838, 14.1873922348, 14.5821313858, 14.9768705368, 15.3716096878, 15.7663488388, 16.1610889435, 16.5558280945, 16.9621772766, 17.3685264587, 17.7632656097, 18.1580047607, 18.5527439117, 18.9474830627, 19.3422222137, 19.7369613647, 20.1317005157, 20.5264396667, 20.9327888489, 21.339138031, 21.733877182, 22.128616333, 22.523355484, 22.918094635, 23.312833786, 23.7191829681, 24.1255321503, 24.5202713013, 24.9150104523, 25.3097496033, 25.7044887543, 26.0992279053, 26.4939670563, 26.8887062073, 27.2834453583, 27.6781845093, 28.0845336914, 28.4908847809, 28.8856239319, 29.2803630829, 29.6751022339, 30.0698413849, 30.4645805359, 30.8593196869, 31.265668869, 31.6720180511, 32.0667572021, 32.4614944458, 32.8562355042, 33.2625846863, 33.6689338684, 34.0636711121, 34.4584121704, 34.8531494141, 35.2478904724, 35.6426315308, 36.0373687744, 36.4321098328, 36.8268470764, 37.2331962585, 37.6395454407, 38.034286499, 38.4290237427, 38.8353729248, 39.2301139832, 39.6364631653, 40.0312004089, 40.4259414673, 40.8206787109, 41.2154197693, 41.6101570129, 42.0048980713, 42.4112472534, 42.8175964355, 43.2123336792, 43.6070747375, 44.0018119812, 44.3965530396, 44.7912902832, 45.1860313416, 45.5807685852, 45.9755096436, 46.3702468872, 46.7649879456, 47.1597251892, 47.5660743713, 47.9724235535, 48.3671646118, 48.7619056702, 49.1682548523, 49.5746040344, 49.9693412781, 50.3756904602, 50.7704315186, 51.1767807007, 51.5715179443, 51.9662590027, 52.3609962463, 52.7557373047, 53.1504745483, 53.5452156067, 53.9399528503, 54.3346939087, 54.7410430908, 55.1473922729, 55.5421295166, 55.936870575, 56.3316078186, 56.726348877, 57.1210861206, 57.515827179, 57.9105644226, 58.3169136047, 58.7232627869, 59.1180038452, 59.5127410889, 59.9074821472, 60.3022193909, 60.6969604492, 61.0916976929, 61.4864387512, 61.8811798096, 62.2759170532, 62.6706581116, 63.0653953552, 63.4717445374, 63.8664855957, 64.2728347778, 64.67918396, 65.0855331421, 65.4802703857, 65.8750076294, 66.2697525024, 66.6644897461, 67.0592269897, 67.4655761719, 67.871925354, 68.2666625977, 68.6614074707, 69.0561447144, 69.450881958, 69.8456192017, 70.2403640747, 70.6351013184, 71.029838562, 71.4245758057, 71.8193206787, 72.2140579224, 72.6204071045, 73.0151443481, 73.4214935303, 73.8162307739, 74.210975647, 74.6057128906, 75.0004501343, 75.4067993164, 75.8131484985, 76.2078933716, 76.6026306152, 76.9973678589, 77.403717041, 77.7984542847, 78.2048034668, 78.6111526489, 79.0175018311, 79.4122467041, 79.8069839478, 80.2017211914, 80.5964584351, 81.0028076172, 81.3975524902, 81.7922897339, 82.198638916, 82.5933761597, 82.9881134033, 83.3828582764, 83.77759552, 84.1723327637, 84.5670700073, 84.9618148804, 85.356552124, 85.7512893677, 86.1460266113, 86.5523757935, 86.9471206665, 87.3418579102, 87.7482070923, 88.1429443359, 88.537689209, 88.9324264526, 89.3271636963, 89.7219009399, 90.1282501221, 90.5345993042, 90.9293441772, 91.3240814209, 91.7188186646, 92.1135559082, 92.5199050903, 92.9262542725, 93.3209991455, 93.7157363892, 94.1104736328, 94.5052108765, 94.8999557495, 95.3063049316, 95.7126541138, 96.1073913574, 96.5021286011, 96.8968658447, 97.2916107178, 97.6863479614, 98.0810852051, 98.4758224487, 98.8821716309, 99.2769165039, 99.6716537476, 100.07800293, 100.472740173, 100.867477417, 101.26222229, 101.656959534, 102.051696777, 102.44644165, 102.841178894, 103.235916138, 103.630653381, 104.025398254, 104.431747437, 104.838096619, 105.232833862, 105.627571106, 106.02230835, 106.428657532, 106.835006714, 107.229751587, 107.624488831, 108.019226074, 108.413963318, 108.808708191, 109.203445435, 109.598182678, 110.00453186, 110.410881042, 110.805618286, 111.200363159, 111.595100403, 111.989837646, 112.38457489, 112.779319763, 113.185668945, 113.592018127, 113.99836731, 114.404716492, 114.799453735, 115.194190979, 115.588935852, 115.983673096, 116.378410339, 116.773147583, 117.167892456, 117.5626297, 117.957366943, 118.352104187, 118.74684906, 119.153198242, 119.559547424, 119.954284668, 120.349021912, 120.743759155, 121.138504028, 121.533241272, 121.927978516, 122.334327698, 122.74067688, 123.135414124, 123.530158997, 123.92489624, 124.331245422, 124.737594604, 125.132331848, 125.527069092, 125.921813965, 126.316551208, 126.711288452, 127.106025696, 127.500770569, 127.895507812, 128.301864624, 128.708206177, 129.10295105, 129.497680664, 129.892425537, 130.28717041, 130.681900024, 131.076644897, 131.471374512, 131.866119385, 132.260864258, 132.667205811, 133.073562622, 133.479904175, 133.886260986, 134.280990601, 134.664123535, 135.04725647, 135.441986084, 135.836730957, 136.23147583, 136.637817383, 137.044174194, 137.438903809, 137.833648682, 138.228393555, 138.623123169, 139.017868042, 139.412597656, 139.818954468, 140.225296021, 140.620040894, 141.014785767, 141.409515381, 141.804260254, 142.199005127, 142.593734741, 142.988479614, 143.383224487, 143.78956604, 144.195922852, 144.613876343, 145.055053711, 145.496231079, 145.937408447], "beats_loudness": {"dmean2": 0.0131516493857, "median": 0.0218291413039, "min": 7.78680987423e-05, "dvar2": 0.000180073882802, "dvar": 6.72180613037e-05, "dmean": 0.00769047997892, "max": 0.0696135908365, "var": 9.91960259853e-05, "mean": 0.0224989522249}, "danceability": 1.1674926281, "bpm_histogram_second_peak_weight": {"dmean2": 0, "median": 0.0164383556694, "min": 0.0164383556694, "dvar2": 0, "dvar": 0, "dmean": 0, "max": 0.0164383556694, "var": 0, "mean": 0.0164383556694}, "beats_count": 366, "bpm_histogram_second_peak_bpm": {"dmean2": 0, "median": 144, "min": 144, "dvar2": 0, "dvar": 0, "dmean": 0, "max": 144, "var": 0, "mean": 144}, "bpm_histogram_first_peak_spread": {"dmean2": 0, "median": 0.259999990463, "min": 0.259999990463, "dvar2": 0, "dvar": 0, "dmean": 0, "max": 0.259999990463, "var": 0, "mean": 0.259999990463}, "beats_loudness_band_ratio": {"dmean2": [0.305405259132, 0.115769535303, 0.0946280434728, 0.0868229791522, 0.181264266372, 0.169437006116], "median": [0.345916688442, 0.0548387095332, 0.0468720905483, 0.0432633273304, 0.222077399492, 0.201816290617], "min": [0.0278722047806, 0.00105660210829, 0.00170008360874, 0.00320383510552, 0.0150829413906, 0.00274080247618], "dvar2": [0.0644322559237, 0.00932280533016, 0.00776698673144, 0.00997303240001, 0.0223210062832, 0.0205707680434], "dvar": [0.0241579599679, 0.00319942575879, 0.00289988215081, 0.00342768221162, 0.00763407861814, 0.00686093932018], "dmean": [0.176082134247, 0.0624047107995, 0.0536940842867, 0.0490432046354, 0.104708202183, 0.0977134406567], "max": [0.943999826908, 0.445628911257, 0.417335361242, 0.356878429651, 0.595699727535, 0.690692424774], "var": [0.0393731221557, 0.00390537967905, 0.0038209981285, 0.00325131672435, 0.0133553426713, 0.010536105372], "mean": [0.378307729959, 0.0701526328921, 0.0659330710769, 0.0620557591319, 0.240252405405, 0.208498910069]}}, "lowlevel": {"barkbands_spread": {"dmean2": 14.21920681, "median": 47.0318374634, "min": 0.924248099327, "dvar2": 165.433639526, "dvar": 60.0102005005, "dmean": 8.39470767975, "max": 106.855987549, "var": 164.701324463, "mean": 45.7435112}, "melbands_spread": {"dmean2": 31.3390789032, "median": 67.5042877197, "min": 0.710676014423, "dvar2": 808.618469238, "dvar": 307.189086914, "dmean": 18.6493549347, "max": 202.021026611, "var": 851.161560059, "mean": 66.0530090332}, "hfc": {"dmean2": 13.0394468307, "median": 28.8123550415, "min": 3.65312007489e-05, "dvar2": 315.81930542, "dvar": 141.123550415, "dmean": 8.49149227142, "max": 190.556564331, "var": 459.879394531, "mean": 32.2030258179}, "barkbands_kurtosis": {"dmean2": 2.43985366821, "median": -1.18645238876, "min": -1.9405015707, "dvar2": 119.888298035, "dvar": 44.1620635986, "dmean": 1.3984746933, "max": 395.343597412, "var": 53.2268753052, "mean": -0.145412161946}, "gfcc": {"mean": [18.640253067, 53.2583808899, -136.952285767, 65.672164917, -36.1134338379, 7.33063936234, -26.0812358856, 11.764550209, -14.979434967, 4.10189294815, -17.9936275482, 0.612283110619, -9.6085357666], "icov": [[0.000432590488344, 0.000216940286919, 0.000137912866194, -0.000621068582404, 0.000703486788552, -0.000585067784414, 0.000227746044402, -0.000286640133709, 0.000688369502313, -0.00079272442963, 0.000442396092694, -0.000445236393716, 0.000712898676284], [0.000216940286919, 0.00326761160977, 0.000237097585341, -0.000208916258998, -0.000990815344267, 0.0021584504284, -0.00270264176652, 0.00213673105463, -0.00123085593805, 0.00163812132087, -0.00304435542785, 0.00297087547369, -0.00159121013712], [0.000137912866194, 0.000237097585341, 0.0033065371681, -0.000687739113346, -0.000345118605765, -0.00223426986486, 0.00246570352465, -0.00100385246333, 0.000764416006859, -0.00199457630515, 0.00214574672282, -0.00183856778312, 0.00129350041971], [-0.000621068582404, -0.000208916258998, -0.000687739113346, 0.00922883488238, -0.00466130487621, 0.000384818675229, 0.000426648417488, 0.00508423987776, -0.00623217271641, 0.00658596679568, -0.00539038935676, 0.00333627476357, -0.00169351743534], [0.000703486788552, -0.000990815344267, -0.000345118605765, -0.00466130487621, 0.0091953035444, -0.001665233518, -0.00125208869576, -0.00369655457325, 0.00537389470264, -0.00695287529379, 0.00296640838496, 0.000371826055925, -0.00170827889815], [-0.000585067784414, 0.0021584504284, -0.00223426986486, 0.000384818675229, -0.001665233518, 0.0125392638147, -0.0067681116052, -0.000127712424728, -0.00219062250108, 0.00545683782548, -0.00559576833621, 0.000106649858935, 0.000664316467009], [0.000227746044402, -0.00270264176652, 0.00246570352465, 0.000426648417488, -0.00125208869576, -0.0067681116052, 0.0143040660769, -0.00618744222447, 0.00235518463887, -0.00155302637722, 0.00347418081947, -0.00181814131793, 0.00148334936239], [-0.000286640133709, 0.00213673105463, -0.00100385246333, 0.00508423987776, -0.00369655457325, -0.000127712424728, -0.00618744222447, 0.0199998803437, -0.00846237037331, -0.000493688625284, -0.000945244799368, 0.00314433942549, -0.00409630965441], [0.000688369502313, -0.00123085593805, 0.000764416006859, -0.00623217271641, 0.00537389470264, -0.00219062250108, 0.00235518463887, -0.00846237037331, 0.018880398944, -0.0116732884198, 0.00522864889354, -0.00235764286481, 0.000938233919442], [-0.00079272442963, 0.00163812132087, -0.00199457630515, 0.00658596679568, -0.00695287529379, 0.00545683782548, -0.00155302637722, -0.000493688625284, -0.0116732884198, 0.0328391380608, -0.0187032110989, 0.00315580936149, 0.00342858722433], [0.000442396092694, -0.00304435542785, 0.00214574672282, -0.00539038935676, 0.00296640838496, -0.00559576833621, 0.00347418081947, -0.000945244799368, 0.00522864889354, -0.0187032110989, 0.0317937284708, -0.0128523306921, -0.00133172422647], [-0.000445236393716, 0.00297087547369, -0.00183856778312, 0.00333627476357, 0.000371826055925, 0.000106649858935, -0.00181814131793, 0.00314433942549, -0.00235764286481, 0.00315580936149, -0.0128523306921, 0.0293544214219, -0.0118998661637], [0.000712898676284, -0.00159121013712, 0.00129350041971, -0.00169351743534, -0.00170827889815, 0.000664316467009, 0.00148334936239, -0.00409630965441, 0.000938233919442, 0.00342858722433, -0.00133172422647, -0.0118998661637, 0.0265207048506]], "cov": [[4207.40429688, -938.198852539, 287.709472656, -38.4123153687, -403.265533447, 244.7862854, -170.777145386, -7.63318920135, -38.8801193237, 17.9511413574, -30.1896896362, 87.2415237427, -172.924911499], [-938.198852539, 798.608215332, -260.12121582, 125.925735474, 170.500289917, -124.450637817, 112.921157837, -50.181476593, 4.75009012222, -17.5411319733, 41.4448394775, -67.0152282715, 68.0072555542], [287.709472656, -260.12121582, 483.919891357, -6.83585214615, -3.75750565529, 93.6126098633, -68.9021987915, 30.2248687744, 12.131518364, 30.9880199432, -7.99873971939, 35.8851699829, -30.1795902252], [-38.4123153687, 125.925735474, -6.83585214615, 221.519485474, 81.5853729248, -6.44649124146, -10.1593666077, -41.5309486389, 24.4554195404, -12.0537719727, 25.626947403, -14.256196022, 18.2201328278], [-403.265533447, 170.500289917, -3.75750565529, 81.5853729248, 248.955749512, 17.4039134979, 74.6939697266, 34.6514968872, -1.62448513508, 28.2369556427, 20.6913852692, -15.6419429779, 33.6648483276], [244.7862854, -124.450637817, 93.6126098633, -6.44649124146, 17.4039134979, 166.362335205, 56.1563606262, 43.5319252014, 8.01818275452, 6.43151140213, 11.032078743, 21.9471588135, -9.2011089325], [-170.777145386, 112.921157837, -68.9021987915, -10.1593666077, 74.6939697266, 56.1563606262, 159.398284912, 53.5451812744, 3.15940093994, 5.23279666901, 3.02485585213, -8.07898426056, 12.5757961273], [-7.63318920135, -50.181476593, 30.2248687744, -41.5309486389, 34.6514968872, 43.5319252014, 53.5451812744, 107.291145325, 37.0845603943, 29.96052742, 1.96050322056, 5.51689720154, 5.17539167404], [-38.8801193237, 4.75009012222, 12.131518364, 24.4554195404, -1.62448513508, 8.01818275452, 3.15940093994, 37.0845603943, 98.6818313599, 35.5569152832, 12.8281288147, 3.52741551399, 1.68486726284], [17.9511413574, -17.5411319733, 30.9880199432, -12.0537719727, 28.2369556427, 6.43151140213, 5.23279666901, 29.96052742, 35.5569152832, 72.9716186523, 34.4187393188, 11.5162267685, -1.61941897869], [-30.1896896362, 41.4448394775, -7.99873971939, 25.626947403, 20.6913852692, 11.032078743, 3.02485585213, 1.96050322056, 12.8281288147, 34.4187393188, 70.0269699097, 26.4978923798, 17.0173473358], [87.2415237427, -67.0152282715, 35.8851699829, -14.256196022, -15.6419429779, 21.9471588135, -8.07898426056, 5.51689720154, 3.52741551399, 11.5162267685, 26.4978923798, 63.3627548218, 18.8680591583], [-172.924911499, 68.0072555542, -30.1795902252, 18.2201328278, 33.6648483276, -9.2011089325, 12.5757961273, 5.17539167404, 1.68486726284, -1.61941897869, 17.0173473358, 18.8680591583, 61.0358467102]]}, "spectral_energyband_middle_low": {"dmean2": 0.00264241173863, "median": 0.00242938310839, "min": 5.48124816646e-08, "dvar2": 1.29286927404e-05, "dvar": 5.07464937982e-06, "dmean": 0.00161302357446, "max": 0.0392357297242, "var": 9.75456077867e-06, "mean": 0.00337268505245}, "melbands_crest": {"dmean2": 8.16188716888, "median": 13.2310857773, "min": 2.60945820808, "dvar2": 42.5614242554, "dvar": 14.9383125305, "dmean": 4.74629974365, "max": 39.4981765747, "var": 41.5148391724, "mean": 14.1849927902}, "spectral_kurtosis": {"dmean2": 2.13156986237, "median": 3.89430689812, "min": -0.169167280197, "dvar2": 4.44138622284, "dvar": 1.49972546101, "dmean": 1.25110757351, "max": 16.5175571442, "var": 3.14363574982, "mean": 4.09905719757}, "spectral_rms": {"dmean2": 0.0013212003978, "median": 0.00422666594386, "min": 1.85817680176e-05, "dvar2": 1.85612202586e-06, "dvar": 6.95734513556e-07, "dmean": 0.000785543117672, "max": 0.010644806549, "var": 1.6279391275e-06, "mean": 0.00421847682446}, "zerocrossingrate": {"dmean2": 0.0146736027673, "median": 0.10302734375, "min": 0, "dvar2": 0.000183127602213, "dvar": 0.000145556521602, "dmean": 0.0116987759247, "max": 0.27880859375, "var": 0.00117723899893, "mean": 0.104284197092}, "silence_rate_60dB": {"dmean2": 0.00951474811882, "median": 0, "min": 0, "dvar2": 0.0100590605289, "dvar": 0.00473424699157, "dmean": 0.00475661968812, "max": 1, "var": 0.028321897611, "mean": 0.0291693080217}, "erbbands_kurtosis": {"dmean2": 1.92281770706, "median": 2.09619784355, "min": -1.71895492077, "dvar2": 3.25152730942, "dvar": 1.33318436146, "dmean": 1.2021266222, "max": 15.7682132721, "var": 5.0390868187, "mean": 2.30807256699}, "erbbands": {"dmean2": [0.261937648058, 2.00260519981, 3.29754209518, 3.95015716553, 3.08581638336, 2.33419656754, 3.00789189339, 5.50067043304, 6.15560007095, 5.27183294296, 7.70221757889, 10.6505527496, 13.9396781921, 9.49328804016, 7.90288305283, 11.1396465302, 13.6383628845, 13.542468071, 23.843744278, 31.6917762756, 41.5743789673, 59.9067192078, 37.9268836975, 33.2199401855, 39.0864067078, 31.6619110107, 19.9739456177, 22.1559829712, 20.6553459167, 12.1340026855, 6.37782239914, 2.73365211487, 1.50192368031, 0.779224455357, 0.295051783323, 0.109854444861, 0.0418632850051, 0.00852159038186, 0.0011040152749, 5.91811040067e-05], "median": [0.0689662545919, 0.45115378499, 1.0059196949, 1.54488325119, 1.39225125313, 0.975336968899, 1.08858895302, 2.10818481445, 2.22238874435, 2.18234682083, 2.50619316101, 2.75886678696, 3.77040863037, 3.8987288475, 3.27620506287, 5.01987314224, 9.25142097473, 8.15679550171, 21.0128211975, 30.0031986237, 49.477897644, 70.8549880981, 39.6173400879, 38.0854721069, 49.4151077271, 40.3220291138, 23.7942047119, 15.5625743866, 11.3955831528, 5.39573097229, 2.73208045959, 1.28719186783, 0.748175024986, 0.308259963989, 0.125002801418, 0.0587232634425, 0.0167007874697, 0.00340451160446, 0.000483584648464, 4.90417842229e-05], "min": [5.69924623051e-06, 2.3111817427e-05, 4.61919153167e-05, 2.21891223191e-05, 1.86007382581e-05, 1.82923104148e-05, 2.98087270494e-05, 2.69637730526e-05, 8.4756711658e-06, 1.91300841834e-05, 4.90105594508e-05, 5.80921696383e-05, 3.6506626202e-05, 2.25669245992e-05, 1.938971036e-05, 1.0741643564e-05, 1.08122121674e-05, 1.31798487928e-05, 9.43561917666e-06, 7.02622946847e-06, 6.27724512015e-06, 5.50344111616e-06, 5.55032102056e-06, 5.72178987568e-06, 3.7161464661e-06, 3.58220677299e-06, 4.38766664956e-06, 2.86787894765e-06, 2.15089607991e-06, 1.75603179287e-06, 1.41621933381e-06, 7.47777676224e-07, 9.73861574494e-07, 7.37728271361e-07, 3.5453382452e-07, 2.70979427341e-07, 1.39486047601e-07, 5.36030917431e-08, 1.3229987772e-08, 1.49311774056e-09], "dvar2": [0.132173925638, 10.0845832825, 29.5497608185, 48.6745071411, 28.3629302979, 25.214630127, 39.7358970642, 95.4591369629, 158.919891357, 149.671340942, 209.449935913, 702.445068359, 1277.36706543, 434.47744751, 358.310974121, 747.348022461, 449.796813965, 732.71105957, 1295.1505127, 2348.41918945, 2197.81054688, 5802.77832031, 2965.92480469, 1671.81762695, 2226.84008789, 1751.64355469, 734.736206055, 1247.57055664, 1502.89440918, 649.742126465, 344.724853516, 78.6542053223, 20.2379398346, 5.81720733643, 0.632443964481, 0.0636732578278, 0.0170316677541, 0.000700865639374, 5.49762944502e-06, 1.24126380285e-08], "dvar": [0.0424556657672, 3.60540938377, 11.3897657394, 18.3638896942, 10.5970611572, 9.49883651733, 15.1107702255, 37.3620796204, 67.4292221069, 60.9825973511, 85.6941680908, 284.218231201, 478.056762695, 169.002212524, 150.093048096, 291.202941895, 186.705459595, 290.061798096, 495.663696289, 974.126220703, 807.267456055, 2094.87548828, 1132.44287109, 657.941772461, 881.302429199, 668.536804199, 296.582672119, 540.817993164, 619.386779785, 290.750030518, 167.197036743, 36.4530525208, 10.4522199631, 2.53283238411, 0.264447897673, 0.0275460537523, 0.00641439668834, 0.000263021764113, 2.3659101771e-06, 5.55146328907e-09], "dmean": [0.146633177996, 1.10010504723, 1.92189276218, 2.30805659294, 1.83918070793, 1.40041196346, 1.79605042934, 3.29316997528, 3.75983071327, 3.18266010284, 4.67699432373, 6.68037319183, 8.42789649963, 5.87571525574, 4.94153881073, 6.90549516678, 8.41175842285, 8.42743778229, 14.506565094, 19.5270576477, 24.9671821594, 35.7806739807, 23.2795658112, 20.1461601257, 23.798116684, 19.0441570282, 12.277888298, 13.6467380524, 12.5223550797, 7.67896986008, 4.21104574203, 1.85280942917, 1.05245661736, 0.527713894844, 0.199589386582, 0.0765148773789, 0.0272835139185, 0.00563663523644, 0.000764919386711, 4.01902070735e-05], "max": [2.31902909279, 22.517786026, 36.5384635925, 81.6255722046, 63.071346283, 79.6888046265, 78.3497543335, 111.616958618, 254.430648804, 196.636764526, 167.332748413, 371.721221924, 405.320953369, 302.755889893, 336.902099609, 377.039428711, 261.325317383, 390.383636475, 444.883178711, 947.385314941, 476.176971436, 1253.21740723, 601.135986328, 502.480041504, 558.905700684, 652.973083496, 390.681762695, 540.564819336, 540.562866211, 286.935638428, 353.733215332, 156.207199097, 102.305541992, 44.5426139832, 10.8059778214, 3.30761933327, 1.25015926361, 0.40150436759, 0.0211638994515, 0.0010402490152], "var": [0.0484404154122, 2.82665944099, 10.8312034607, 20.1580104828, 19.6158981323, 13.0923967361, 22.0466842651, 56.3332672119, 110.954193115, 96.8242492676, 133.001327515, 479.94921875, 744.58605957, 381.49206543, 287.596252441, 501.587585449, 358.270812988, 549.712402344, 989.320068359, 2289.54003906, 2042.01953125, 4652.45166016, 3166.95849609, 1764.82470703, 2708.61865234, 1647.21960449, 656.861694336, 1048.60290527, 1050.32470703, 606.480163574, 354.342346191, 75.2817687988, 25.87799263, 4.15743875504, 0.453511983156, 0.0617836900055, 0.00710679776967, 0.000271178869298, 4.27346822107e-06, 1.1318817883e-08], "mean": [0.162681609392, 1.01635086536, 2.11320209503, 2.85756325722, 2.71979570389, 2.05947995186, 2.50903344154, 4.5973443985, 5.37229776382, 4.76731109619, 6.46105623245, 9.60422134399, 12.1997175217, 9.86068630219, 8.0080537796, 11.6015014648, 15.1709785461, 15.6637115479, 29.5799217224, 43.0511245728, 60.0951271057, 87.3215179443, 56.5625, 48.8353729248, 62.2344436646, 49.6076545715, 30.0662059784, 25.9651165009, 21.611946106, 12.8572921753, 7.69417572021, 3.54791235924, 2.01021528244, 0.899582505226, 0.357588618994, 0.150093570352, 0.0451996698976, 0.00930083077401, 0.00135016499553, 8.70500443853e-05]}, "spectral_strongpeak": {"dmean2": 1.15499854088, "median": 0.212315842509, "min": 0, "dvar2": 4.50907087326, "dvar": 1.669257164, "dmean": 0.643343985081, "max": 15.0377845764, "var": 1.86568522453, "mean": 0.685280144215}, "spectral_energy": {"dmean2": 0.0131304785609, "median": 0.018311323598, "min": 3.53914202833e-07, "dvar2": 0.000246109382715, "dvar": 9.11693132366e-05, "dmean": 0.0076640965417, "max": 0.116144701838, "var": 0.000128647501697, "mean": 0.0199091024697}, "average_loudness": 0.930118620396, "spectral_rolloff": {"dmean2": 1175.27355957, "median": 3488.37890625, "min": 21.533203125, "dvar2": 1662090.625, "dvar": 655215.125, "dmean": 688.328186035, "max": 9969.87304688, "var": 1657315.125, "mean": 3393.11352539}, "spectral_centroid": {"dmean2": 323.683227539, "median": 2846.48803711, "min": 339.104400635, "dvar2": 96870.59375, "dvar": 43634.65625, "dmean": 205.527313232, "max": 4668.18505859, "var": 164342.875, "mean": 2796.84399414}, "pitch_salience": {"dmean2": 0.16148892045, "median": 0.610669434071, "min": 0.0441925041378, "dvar2": 0.0206656362861, "dvar": 0.00686163455248, "dmean": 0.0932952016592, "max": 0.834444403648, "var": 0.0142981521785, "mean": 0.589159309864}, "spectral_energyband_middle_high": {"dmean2": 0.00265910685994, "median": 0.00661326851696, "min": 2.443963254e-09, "dvar2": 8.18679109216e-06, "dvar": 3.2917180306e-06, "dmean": 0.00170004775282, "max": 0.0337748005986, "var": 1.83485426533e-05, "mean": 0.0073075084947}, "spectral_contrast_coeffs": {"dmean2": [0.0854298621416, 0.0773741081357, 0.0585711821914, 0.049956034869, 0.0324774980545, 0.0329102240503], "median": [-0.704406261444, -0.788954555988, -0.818217873573, -0.788331627846, -0.792187094688, -0.69165879488], "min": [-0.978541076183, -0.937767028809, -0.978028476238, -0.977543830872, -0.961038708687, -0.974816799164], "dvar2": [0.00441330252215, 0.00367559259757, 0.00208305357955, 0.0014988790499, 0.000633885152638, 0.000936539436225], "dvar": [0.00168049603235, 0.00134120008443, 0.000787374330685, 0.000525001378264, 0.000224858260481, 0.000381645309972], "dmean": [0.05172342062, 0.0465394370258, 0.0353164896369, 0.0297612547874, 0.0192397814244, 0.0207865424454], "max": [-0.395048469305, -0.530067622662, -0.577063560486, -0.601533055305, -0.668370604515, -0.579676747322], "var": [0.00473602768034, 0.00372760742903, 0.00292064389214, 0.00137484946754, 0.000822907255497, 0.00152152241208], "mean": [-0.702852427959, -0.781558632851, -0.807138681412, -0.785359144211, -0.789250075817, -0.694082140923]}, "melbands_skewness": {"dmean2": 1.49438607693, "median": 1.41908168793, "min": -1.04583311081, "dvar2": 2.34229159355, "dvar": 0.848250687122, "dmean": 0.878440201283, "max": 20.8654022217, "var": 2.24755167961, "mean": 1.73389613628}, "spectral_spread": {"dmean2": 494285.46875, "median": 3343318.5, "min": 1584568, "dvar2": 317447012352, "dvar": 180394246144, "dmean": 339930.0625, "max": 30725302, "var": 977106763776, "mean": 3463944.25}, "dissonance": {"dmean2": 0.00885044317693, "median": 0.493499457836, "min": 0.275985151529, "dvar2": 8.86755733518e-05, "dvar": 3.51619819412e-05, "dmean": 0.00519928848371, "max": 0.500000059605, "var": 5.49796277483e-05, "mean": 0.491639196873}, "spectral_skewness": {"dmean2": 0.294759303331, "median": 1.02097582817, "min": 0.198157534003, "dvar2": 0.0659113749862, "dvar": 0.024627096951, "dmean": 0.180959224701, "max": 3.01998591423, "var": 0.0835588127375, "mean": 1.00960981846}, "spectral_flux": {"dmean2": 0.0291407890618, "median": 0.0859041064978, "min": 0.000783718423918, "dvar2": 0.000965451647062, "dvar": 0.000440666044597, "dmean": 0.0187443234026, "max": 0.301156163216, "var": 0.00112252333201, "mean": 0.0881895273924}, "spectral_contrast_valleys": {"dmean2": [0.686699151993, 0.594029486179, 0.463623464108, 0.362303674221, 0.2736287117, 0.321087300777], "median": [-7.18447303772, -7.0725479126, -7.45901584625, -7.07420825958, -6.2650513649, -9.74110031128], "min": [-11.7631340027, -12.7821044922, -13.0520009995, -13.5399522781, -14.3017168045, -15.110824585], "dvar2": [0.288087457418, 0.247336134315, 0.132889211178, 0.0817470550537, 0.0549724474549, 0.153388053179], "dvar": [0.105798944831, 0.0949357077479, 0.052304700017, 0.0345380008221, 0.0256166514009, 0.0805491730571], "dmean": [0.403035491705, 0.356314748526, 0.283353447914, 0.22846584022, 0.177254453301, 0.233239725232], "max": [-5.54001092911, -5.2906665802, -5.80545425415, -5.96900510788, -5.40156173706, -7.51782894135], "var": [0.446389526129, 0.421935737133, 0.380191743374, 0.329554110765, 0.358540832996, 0.899836599827], "mean": [-7.29016971588, -7.12106847763, -7.49220466614, -7.14807844162, -6.36845397949, -9.8716545105]}, "erbbands_flatness_db": {"dmean2": 0.0213618129492, "median": 0.156352296472, "min": 0.0402208305895, "dvar2": 0.00033053921652, "dvar": 0.000160700263223, "dmean": 0.0140544688329, "max": 0.28055614233, "var": 0.00103080307599, "mean": 0.158362239599}, "spectral_energyband_high": {"dmean2": 0.00143004022539, "median": 0.00155819801148, "min": 5.03254882211e-10, "dvar2": 5.51227185497e-06, "dvar": 2.60615411207e-06, "dmean": 0.000919290119782, "max": 0.0288985446095, "var": 6.3760771809e-06, "mean": 0.00223396788351}, "spectral_entropy": {"dmean2": 0.129094094038, "median": 7.91489696503, "min": 6.66924619675, "dvar2": 0.0149286305532, "dvar": 0.00677009439096, "dmean": 0.0826745256782, "max": 8.65669727325, "var": 0.0397079885006, "mean": 7.91636800766}, "silence_rate_20dB": {"dmean2": 0, "median": 1, "min": 1, "dvar2": 0, "dvar": 0, "dmean": 0, "max": 1, "var": 0, "mean": 1}, "melbands_flatness_db": {"dmean2": 0.0554354190826, "median": 0.119853124022, "min": 0.0189005546272, "dvar2": 0.00260344380513, "dvar": 0.000895054952707, "dmean": 0.0324573256075, "max": 0.459871858358, "var": 0.002985045081, "mean": 0.130872353911}, "barkbands": {"dmean2": [0.000525852083229, 0.00905200280249, 0.00267697428353, 0.00142876140308, 0.000699257769156, 0.000596627418417, 0.000404933176469, 0.000297143938951, 0.000467572099296, 0.000422562821768, 0.000222877817578, 0.000252613855992, 0.000302088737953, 0.00031787721673, 0.000656870193779, 0.000672862690408, 0.00119581294712, 0.0006643771776, 0.000729041348677, 0.000662702601403, 0.000517897948157, 0.000547014002223, 0.000244893773925, 9.71513145487e-05, 5.13131344633e-05, 2.23375191126e-05, 6.06944922765e-06], "median": [0.000146378850332, 0.00241946848109, 0.000830503413454, 0.000511390157044, 0.000323535583448, 0.000235815532506, 0.000154154084157, 9.71578119788e-05, 0.000118262076285, 0.000122914731037, 7.00997770764e-05, 9.85295046121e-05, 0.000190897670109, 0.000162663069204, 0.000580121763051, 0.000658700126223, 0.00132064218633, 0.000578079372644, 0.000898128258996, 0.000840319262352, 0.000466800236609, 0.000294714671327, 0.000104714483314, 5.11182151968e-05, 2.20255751628e-05, 1.06779889393e-05, 2.4864164061e-06], "min": [1.01028575727e-07, 1.31611983534e-07, 5.14031262e-09, 3.10615400068e-09, 7.78606512597e-09, 3.25754512254e-09, 4.19130841145e-10, 2.06426276073e-09, 2.51475729129e-09, 8.23602408495e-10, 4.74470185363e-10, 2.54965742963e-10, 2.16389406393e-10, 2.56068777293e-10, 1.52268628262e-10, 1.18972706686e-10, 9.1803967206e-11, 1.06172910741e-10, 8.73335639917e-11, 7.92665932892e-11, 8.99312360692e-11, 5.69972680164e-11, 5.3816503337e-11, 4.37574698697e-11, 5.63965887879e-11, 7.6366940549e-11, 8.58122600755e-11], "dvar2": [4.90893171445e-07, 0.000174674481968, 2.0942712581e-05, 6.05009017818e-06, 1.76081346126e-06, 1.02853994122e-06, 6.37578466467e-07, 3.20629197859e-07, 1.06686593426e-06, 1.06972242975e-06, 2.76580749414e-07, 3.78831799708e-07, 2.23331880989e-07, 3.74845086526e-07, 7.18830392543e-07, 6.93475158187e-07, 2.21464279093e-06, 9.7626968909e-07, 7.76277147452e-07, 6.9905371447e-07, 5.92891069573e-07, 1.02688568404e-06, 4.16654017954e-07, 8.18858296725e-08, 2.24498659662e-08, 3.73171005208e-09, 1.8170656646e-10], "dvar": [2.06393053759e-07, 5.82417051191e-05, 7.87548378867e-06, 2.36465984926e-06, 6.58495139305e-07, 4.05536042081e-07, 2.79189407593e-07, 1.27589814269e-07, 4.3174142661e-07, 4.00234654307e-07, 1.12268864427e-07, 1.47487767777e-07, 9.39954176715e-08, 1.48054866145e-07, 2.83867052531e-07, 2.70663946367e-07, 7.8859113728e-07, 3.77903631943e-07, 3.02505952732e-07, 2.65761570972e-07, 2.51379560723e-07, 4.29760007137e-07, 2.04012778227e-07, 4.20744576957e-08, 9.65047064483e-09, 1.46690204428e-09, 7.6726063003e-11], "dmean": [0.0003283082915, 0.00493750302121, 0.00154751224909, 0.000849623698741, 0.000416930590291, 0.000359558966011, 0.00025001182803, 0.000178648289875, 0.000291608594125, 0.000256521365372, 0.00013785198098, 0.000155022848048, 0.000187165715033, 0.000194726380869, 0.000398579722969, 0.000404758437071, 0.000712977722287, 0.000406685896451, 0.000444718345534, 0.000400213582907, 0.000320753315464, 0.000333701726049, 0.000160643001436, 6.81443198118e-05, 3.5101587855e-05, 1.52256916408e-05, 4.17347928305e-06], "max": [0.00397655460984, 0.0970743820071, 0.0401140525937, 0.0325887724757, 0.017614543438, 0.010309449397, 0.0138116087765, 0.00615474116057, 0.0120568247512, 0.0112400567159, 0.00831115245819, 0.00819338392466, 0.005418386776, 0.0110458144918, 0.0092824306339, 0.0142524391413, 0.0206394884735, 0.0112483333796, 0.0102572422475, 0.0116804521531, 0.0121680218726, 0.0117956325412, 0.0108132092282, 0.00579019868746, 0.00271611264907, 0.000637217250187, 0.000125746679259], "var": [3.5216837091e-07, 4.91036262247e-05, 7.40048153602e-06, 3.385332775e-06, 1.06458071514e-06, 6.59972386075e-07, 4.90082015858e-07, 1.82991854558e-07, 7.61106491609e-07, 6.46472642529e-07, 2.18533330099e-07, 2.44986722464e-07, 1.81241532005e