{"tonal": {"thpcp": [1, 0.590822339058, 0.347611129284, 0.414700359106, 0.192646130919, 0.146481990814, 0.217207744718, 0.157158240676, 0.253964453936, 0.360050469637, 0.200001552701, 0.211633116007, 0.296282529831, 0.189018145204, 0.356072098017, 0.513595700264, 0.265686541796, 0.151193618774, 0.182857558131, 0.15104688704, 0.524549484253, 0.762803912163, 0.375008493662, 0.329948067665, 0.483154445887, 0.290377050638, 0.211632624269, 0.258102536201, 0.173113465309, 0.300747126341, 0.498460382223, 0.294594109058, 0.155972972512, 0.207806766033, 0.160672038794, 0.564812779427], "hpcp": {"dmean2": [0.109652191401, 0.0991122275591, 0.0623825155199, 0.0645602717996, 0.0556146129966, 0.0869028419256, 0.0995853245258, 0.087052769959, 0.055883154273, 0.0533846914768, 0.0748300552368, 0.164779826999, 0.154636695981, 0.185016572475, 0.11739820987, 0.0884466916323, 0.0716831758618, 0.0597078986466, 0.0647188574076, 0.0620163194835, 0.0760621502995, 0.0780443549156, 0.0652112811804, 0.0679424479604, 0.0856029242277, 0.0819546058774, 0.110174395144, 0.105953074992, 0.0847819671035, 0.0535575971007, 0.0497306548059, 0.0655482113361, 0.118984051049, 0.129736438394, 0.115390263498, 0.0965122431517], "median": [0.0124815935269, 0.0137236779556, 0.00440473947674, 0.0031322191935, 0.00514031434432, 0.0268997400999, 0.0305236596614, 0.0137461377308, 0.0030632566195, 0.00235950108618, 0.00625733612105, 0.145967558026, 0.250155627728, 0.148790076375, 0.016114231199, 0.0059795579873, 0.00499078910798, 0.00732246227562, 0.00801371224225, 0.0104951122776, 0.0105398958549, 0.0120249353349, 0.011161624454, 0.0110178515315, 0.0129632912576, 0.0125836059451, 0.0246434397995, 0.0369578339159, 0.0246197301894, 0.00381878367625, 0.00237667257898, 0.0101365167648, 0.0653003379703, 0.104435153306, 0.0600374937057, 0.0111688142642], "min": [0, 0, 0, 0, 0, 0, 0, 0, 0, 0, 0, 0, 0, 0, 0, 0, 0, 0, 0, 0, 0, 0, 0, 0, 0, 0, 0, 0, 0, 0, 0, 0, 0, 0, 0, 0], "dvar2": [0.0454852432013, 0.033309482038, 0.0204385314137, 0.0261337775737, 0.0171573385596, 0.0241456665099, 0.0393497124314, 0.0253480020911, 0.0196532253176, 0.0240882746875, 0.0250507183373, 0.0551987439394, 0.0565244108438, 0.0610734447837, 0.0428083240986, 0.0380656160414, 0.0257909931242, 0.0244643408805, 0.0262292083353, 0.0181072764099, 0.0287202168256, 0.0322910994291, 0.022005693987, 0.0234118066728, 0.0357255488634, 0.0306730642915, 0.0461635738611, 0.043385643512, 0.029682373628, 0.021372679621, 0.0209605749696, 0.0234281886369, 0.0368642546237, 0.0469497591257, 0.0360935330391, 0.0318099372089], "dvar": [0.0210423152894, 0.012690092437, 0.00820098910481, 0.0122825400904, 0.00662493752316, 0.00938898511231, 0.0192444939166, 0.0102417068556, 0.0074753491208, 0.0104360906407, 0.00909854099154, 0.0206394214183, 0.0266052912921, 0.0232978779823, 0.0171818416566, 0.0170472208411, 0.00950476434082, 0.00871224980801, 0.011765088886, 0.00704136723652, 0.0106379427016, 0.0138404276222, 0.00789542123675, 0.00925109628588, 0.0158714950085, 0.0113943424076, 0.0174392480403, 0.0201743673533, 0.0109883630648, 0.00774162681773, 0.00842761155218, 0.00825939141214, 0.0146916192025, 0.0218844041228, 0.0128737585619, 0.0126138245687], "dmean": [0.0679509416223, 0.0589852705598, 0.0384495034814, 0.0408522710204, 0.0336505658925, 0.0526921823621, 0.0633912011981, 0.053082678467, 0.0327869020402, 0.0318478755653, 0.0428193025291, 0.0978754982352, 0.0976724997163, 0.110115647316, 0.0708109438419, 0.0544333569705, 0.0418816059828, 0.0351923890412, 0.0403365045786, 0.0377153269947, 0.0448586493731, 0.0483419410884, 0.0387168899179, 0.0419463925064, 0.0524634309113, 0.047671880573, 0.0645909234881, 0.0658578723669, 0.050943043083, 0.0313843637705, 0.0294330772012, 0.0376831814647, 0.0745113492012, 0.0823014378548, 0.0685135573149, 0.0595073513687], "max": [1, 1, 1, 1, 1, 1, 1, 1, 1, 1, 1, 1, 1, 1, 1, 1, 1, 1, 1, 1, 1, 1, 1, 1, 1, 1, 1, 1, 1, 1, 1, 1, 1, 1, 1, 1], "var": [0.103625699878, 0.0382866151631, 0.0349455028772, 0.0576902925968, 0.0244942437857, 0.0362697765231, 0.103013195097, 0.0377349518239, 0.0251012984663, 0.0503495521843, 0.0188169982284, 0.0523156821728, 0.155595704913, 0.0559762828052, 0.0547722876072, 0.0939230322838, 0.0226630028337, 0.0170280206949, 0.0378176681697, 0.0178296137601, 0.0390005670488, 0.076832704246, 0.0251871459186, 0.027929700911, 0.0553273335099, 0.0220884624869, 0.0526850633323, 0.10310356319, 0.0294483881444, 0.0244802050292, 0.0405489429832, 0.0186737515032, 0.0700546428561, 0.137635096908, 0.0355122461915, 0.0496823973954], "mean": [0.194938510656, 0.117158547044, 0.0853874981403, 0.104136735201, 0.0698461607099, 0.121342562139, 0.201114013791, 0.118860006332, 0.0629304796457, 0.0838438794017, 0.0648264139891, 0.227885246277, 0.403470396996, 0.238379329443, 0.14025080204, 0.167319312692, 0.0777270123363, 0.0591011494398, 0.0876368954778, 0.0634086951613, 0.102467134595, 0.145269706845, 0.0806947052479, 0.085387699306, 0.119541227818, 0.0762632265687, 0.143664553761, 0.20722065866, 0.107196651399, 0.061002150178, 0.0737776085734, 0.0609429478645, 0.211640179157, 0.307768791914, 0.15130482614, 0.133124276996]}, "tuning_equal_tempered_deviation": 0.0251126289368, "chords_changes_rate": 0.04681128636, "key_key": "F#", "tuning_diatonic_strength": 0.44403976202, "key_scale": "minor", "chords_number_rate": 0.00309900497086, "tuning_frequency": 437.465789795, "tuning_nontempered_energy_ratio": 0.603277981281, "chords_histogram": [10.5203065872, 12.8527154922, 7.45392274857, 1.53319191933, 3.49045825005, 2.38134074211, 1.33746528625, 14.0596961975, 1.98988747597, 19.0507259369, 0.554558813572, 3.01745223999, 0.228347733617, 2.15299296379, 0.228347733617, 1.51688146591, 2.08775067329, 1.45163917542, 0.358832150698, 0.96232265234, 1.04387533665, 2.02250862122, 2.28347730637, 7.4213013649], "key_strength": 0.728325426579, "chords_key": "C#", "chords_strength": {"dmean2": 0.00502385059372, "median": 0.456874758005, "min": 0.201985552907, "dvar2": 5.50819095224e-05, "dvar": 4.70586637675e-05, "dmean": 0.00719371577725, "max": 0.666820049286, "var": 0.00810583494604, "mean": 0.453083157539}, "chords_scale": "major", "hpcp_entropy": {"dmean2": 0.574887275696, "median": 1.51868987083, "min": 0, "dvar2": 0.373508214951, "dvar": 0.153926745057, "dmean": 0.348565429449, "max": 4.61118745804, "var": 0.678274154663, "mean": 1.50879585743}}, "metadata": {"audio_properties": {"equal_loudness": 0, "codec": "flac", "downmix": "mix", "sample_rate": 44100, "analysis_sample_rate": 44100, "bit_rate": 0, "md5_encoded": "9e96393b0ee083f3bb3796be5fa7eca9", "length": 284.640014648, "replay_gain": -1.79032897949, "lossless": true}, "version": {"essentia_build_sha": "70f2e5ece6736b2c40cc944ad0e695b16b925413", "essentia": "2.1-beta2", "extractor": "music 1.0", "essentia_git_sha": "v2.1_beta2"}, "tags": {"title": ["Estampes: II. La soir\u00e9e dans Grenade"], "barcode": ["5028421926155"], "media": ["CD"], "albumartist": ["\u042d\u043c\u0438\u043b\u044c \u0413\u0440\u0438\u0433\u043e\u0440\u044c\u0435\u0432\u0438\u0447 \u0413\u0438\u043b\u0435\u043b\u044c\u0441"], "albumartistsort": ["Gilels, Emil Grigoryevich"], "tracktotal": ["15"], "language": ["zxx"], "performer": ["\u042d\u043c\u0438\u043b\u044c \u0413\u0440\u0438\u0433\u043e\u0440\u044c\u0435\u0432\u0438\u0447 \u0413\u0438\u043b\u0435\u043b\u044c\u0441 (piano)"], "releasetype": ["album", "compilation"], "musicbrainz_recordingid": ["0b246e3e-5675-4f87-ac76-1ba3ea1928e6"], "composer": ["Claude Debussy"], "musicbrainz_releasegroupid": ["729360f5-e28b-3ee7-b6d9-a5c0267eb99b"], "musicbrainz_albumartistid": ["88b4ad33-63ba-4923-947e-26a720631156"], "originalyear": ["2005"], "musicbrainz_releasetrackid": ["a5b09780-187f-3bf7-96f4-d31c5bf09c8e"], "discnumber": ["6"], "composersort": ["Debussy, Claude"], "catalognumber": ["92615"], "releasecountry": ["NL"], "file_name": "CD06-09 - Estampes_ II. La soiree dans Grenade.flac", "originaldate": ["2005"], "work": ["Estampes, L. 100: II. La Soir\u00e9e dans Grenade. Mouvement de Habanera"], "date": ["2005"], "genre": ["Unknown"], "musicbrainz_albumid": ["144d5f89-0ed6-4160-89e3-8f10e63bd39e"], "disctotal": ["10"], "discsubtitle": ["Debussy / Ravel"], "musicbrainz_artistid": ["be50643c-0377-4968-b48c-47e06b2e2a3b"], "asin": ["B000B7VZRY"], "musicbrainz_workid": ["caec7e76-b080-344b-9f49-22be2fe584ea"], "artist": ["Gilels"], "tracknumber": ["9"], "artistsort": ["Debussy, Claude"], "album": ["Historic Russian Archives: Emil Gilels Edition"], "label": ["Brilliant Classics"], "releasestatus": ["official"], "totaldiscs": ["10"], "script": ["Latn"], "totaltracks": ["15"]}}, "rhythm": {"bpm_histogram_first_peak_bpm": {"dmean2": 0, "median": 115, "min": 115, "dvar2": 0, "dvar": 0, "dmean": 0, "max": 115, "var": 0, "mean": 115}, "bpm": 114.255508423, "bpm_histogram_second_peak_spread": {"dmean2": 0, "median": 0.58490562439, "min": 0.58490562439, "dvar2": 0, "dvar": 0, "dmean": 0, "max": 0.58490562439, "var": 0, "mean": 0.58490562439}, "bpm_histogram_first_peak_weight": {"dmean2": 0, "median": 0.0802047774196, "min": 0.0802047774196, "dvar2": 0, "dvar": 0, "dmean": 0, "max": 0.0802047774196, "var": 0, "mean": 0.0802047774196}, "onset_rate": 2.19213962555, "beats_position": [0.417959183455, 0.847528338432, 1.27709746361, 1.70666658878, 2.13623571396, 2.56580495834, 3.00698399544, 3.43655323982, 3.86612248421, 4.29569149017, 4.73687076569, 5.17804956436, 5.60761880875, 6.07201814651, 6.52480697632, 6.98920631409, 7.51165533066, 8.03410434723, 8.55655288696, 9.05578231812, 9.55501079559, 10.0542402267, 10.5534696579, 11.0526981354, 11.5635375977, 12.0859861374, 12.6084346771, 13.1076641083, 13.6068935394, 14.0945119858, 14.5821313858, 15.0929698944, 15.6038093567, 16.114648819, 16.5906581879, 17.0666656494, 17.5426750183, 17.9838542938, 18.4366436005, 18.9010429382, 19.365442276, 19.8414516449, 20.3058490753, 20.7818584442, 21.2578678131, 21.733877182, 22.2098865509, 22.5930156708, 22.9645347595, 23.3476638794, 23.707572937, 24.0907020569, 24.4738311768, 24.8569602966, 25.2749195099, 25.6696586609, 26.0527877808, 26.4475269318, 26.8422679901, 27.2370071411, 27.620136261, 28.0264854431, 28.409614563, 28.7927436829, 29.1758728027, 29.5590019226, 29.9305210114, 30.3020401001, 30.6735591888, 31.0566883087, 31.4398174286, 31.8229465485, 32.2060775757, 32.5775947571, 32.9375038147, 33.3090248108, 33.6921539307, 34.0752830505, 34.4468002319, 34.8067131042, 35.1666221619, 35.5265312195, 35.8748283386, 36.2347373962, 36.5946464539, 36.96616745, 37.3376846313, 37.7208137512, 38.1039466858, 38.4754638672, 38.9050331116, 39.334602356, 39.7641716003, 40.1937408447, 40.6233100891, 41.0528793335, 41.4824485779, 41.981678009, 42.4809074402, 42.9801368713, 43.4445343018, 43.9205436707, 44.3965530396, 44.8725624084, 45.3485717773, 45.8129692078, 46.2889785767, 46.7649879456, 47.2409973145, 47.6937866211, 48.1349639893, 48.5877532959, 49.0289344788, 49.5281639099, 50.0390014648, 50.5498390198, 51.0490684509, 51.5482978821, 52.0591392517, 52.5699768066, 53.0924263, 53.6148757935, 54.1257133484, 54.6365509033, 55.2634925842, 55.8904304504, 56.5173683167, 57.1443061829, 57.7596359253, 58.340133667, 58.9206352234, 59.5127410889, 60.0932426453, 60.673740387, 61.2310180664, 61.7999076843, 62.380405426, 62.8796348572, 63.3788642883, 63.8780937195, 64.3192749023, 64.748840332, 65.1784133911, 65.6079788208, 66.0375518799, 66.4671173096, 66.8966903687, 67.3378677368, 67.7558288574, 68.1737823486, 68.5917434692, 69.0213165283, 69.4276657104, 69.7991790771, 70.1707000732, 70.5654373169, 70.9485702515, 71.3316955566, 71.7264404297, 72.1444015503, 72.5507507324, 72.9570999146, 73.3518371582, 73.7697982788, 74.303855896, 74.8263015747, 75.3487548828, 75.8479766846, 76.3472061157, 76.8464355469, 77.345664978, 77.8565063477, 78.3673477173, 78.889793396, 79.4122467041, 79.9346923828, 80.4223098755, 80.8867111206, 81.3627166748, 81.8387298584, 82.3147354126, 82.8023605347, 83.2783660889, 83.7659835815, 84.2536010742, 84.7412261963, 85.2404556274, 85.7280731201, 86.2737426758, 86.8194122314, 87.3650741577, 87.8991394043, 88.4331970215, 88.9788665771, 89.5129241943, 90.035369873, 90.5578231812, 91.0802688599, 91.602722168, 92.1367797852, 92.6708374023, 93.2048950195, 93.6925125122, 94.1801376343, 94.667755127, 95.1785888672, 95.6894302368, 96.2002716064, 96.7227172852, 97.2451705933, 97.767616272, 98.3132858276, 98.8821716309, 99.4510650635, 100.019950867, 100.577232361, 101.122901917, 101.656959534, 102.191017151, 102.748298645, 103.305580139, 103.874465942, 104.396911621, 104.907752991, 105.41859436, 105.941040039, 106.463493347, 106.997550964, 107.531608582, 108.05405426, 108.588119507, 109.110565186, 109.633010864, 110.155464172, 110.677909851, 111.200363159, 111.722808838, 112.245262146, 112.767707825, 113.406257629, 114.044807434, 114.6717453, 115.298683167, 115.914009094, 116.529342651, 117.144668579, 117.783218384, 118.421768188, 119.164802551, 119.907844543, 120.650878906, 121.38230896, 122.113739014, 122.845169067, 123.483718872, 124.122268677, 124.760810852, 125.399360657, 126.0495224, 126.688072205, 127.315010071, 127.82585144, 128.336685181, 128.859130859, 129.300308228, 129.753097534, 130.205886841, 130.658676147, 131.192733765, 131.715194702, 132.226028442, 132.748474121, 133.2709198, 133.816589355, 134.350662231, 134.884719849, 135.407165527, 135.917999268, 136.440444946, 136.962905884, 137.473739624, 137.972961426, 138.437362671, 138.901763916, 139.366165161, 139.830566406, 140.294967651, 140.759368896, 141.212158203, 141.66494751, 142.129333496, 142.582122803, 143.034912109, 143.499313354, 143.940490723, 144.30039978, 144.660308838, 145.031829834, 145.380126953, 145.728439331, 146.088348389, 146.448257446, 146.808166504, 147.179672241, 147.551193237, 147.911102295, 148.271011353, 148.642532349, 149.014053345, 149.397186279, 149.780319214, 150.256317139, 150.743942261, 151.231567383, 151.730789185, 152.241622925, 152.752471924, 153.321365356, 153.89024353, 154.459136963, 154.99319458, 155.527252197, 156.09614563, 156.665023804, 157.233917236, 157.814422607, 158.383300781, 158.963806152, 159.555908203, 160.148025513, 160.751739502, 161.35546875, 161.947570801, 162.55128479, 163.155014038, 163.700683594, 164.257949829, 164.815231323, 165.372512817, 165.929794312, 166.498687744, 167.079177856, 167.659683228, 168.228561401, 168.797454834, 169.354736328, 169.912017822, 170.457687378, 170.991744995, 171.537414551, 172.083084106, 172.663574219, 173.232467651, 173.801361084, 174.34703064, 174.892700195, 175.415145874, 175.937591553, 176.448425293, 176.97088623, 177.470108032, 177.969345093, 178.526611328, 179.095504761, 179.641174316, 180.186843872, 180.744125366, 181.289794922, 181.789016724, 182.288253784, 182.775863647, 183.251876831, 183.727890015, 184.215499878, 184.691513062, 185.155914307, 185.620315552, 186.107940674, 186.583938599, 187.059951782, 187.547576904, 188.046798706, 188.534423828, 189.010421753, 189.498046875, 189.985671997, 190.496505737, 190.995727539, 191.4949646, 192.029022217, 192.551467896, 193.085525513, 193.654418945, 194.223312378, 194.838638306, 195.465576172, 196.092514038, 196.731063843, 197.369613647, 197.996551514, 198.635101318, 199.273651123, 199.912200928, 200.550750732, 201.200897217, 201.85105896, 202.501220703, 203.151382446, 203.697052002, 204.242721558, 204.788391113, 205.310836792, 205.833282471, 206.367340088, 206.889785767, 207.423858643, 207.923080444, 208.422302246, 208.933151245, 209.432373047, 209.931610107, 210.442443848, 210.953277588, 211.44090271, 211.916915894, 212.404525757, 212.903762817, 213.391372681, 213.878997803, 214.378234863, 214.877456665, 215.365081787, 215.829467773, 216.293869019, 216.758270264, 217.245895386, 217.733505249, 218.221130371, 218.697143555, 219.173141479, 219.649154663, 220.020675659, 220.403808594, 220.77532959, 221.146850586, 221.518356323, 221.901489258, 222.261398315, 222.64453125, 223.004440308, 223.364349365, 223.724258423, 224.095779419, 224.444076538, 224.803985596, 225.163894653, 225.523803711, 225.988204956, 226.452606201, 226.917007446, 227.369796753, 227.82258606, 228.275375366, 228.728164673, 229.111282349, 229.494415283, 229.877548218, 230.260681152, 230.632202148, 231.003707886, 231.363616943, 231.735137939, 232.095046997, 232.454956055, 232.814865112, 233.17477417, 233.534683228, 233.894592285, 234.266113281, 234.637634277, 235.020767212, 235.403900146, 235.787017822, 236.170150757, 236.634552002, 237.098953247, 237.551742554, 238.00453186, 238.468933105, 238.933334351, 239.397735596, 239.838912964, 240.291702271, 240.744491577, 241.185668945, 241.638458252, 242.102859497, 242.636917114, 243.170974731, 243.705032349, 244.181045532, 244.633834839, 245.086624146, 245.539413452, 245.9921875, 246.433380127, 246.874557495, 247.315734863, 247.756912231, 248.209701538, 248.662490845, 249.12689209, 249.591293335, 250.05569458, 250.508468628, 250.961257935, 251.42565918, 251.890060425, 252.35446167, 252.818862915, 253.28326416, 253.747665405, 254.212051392, 254.676452637, 255.140853882, 255.593643188, 256, 256.406341553, 256.812683105, 257.300323486, 257.78793335, 258.275543213, 258.763183594, 259.250793457, 259.73840332, 260.226013184, 260.713653564, 261.189666748, 261.712097168, 262.246154785, 262.780212402, 263.360717773, 263.941223145, 264.510101318, 265.032562256, 265.543395996, 266.054229736, 266.565063477, 267.075927734, 267.644805908, 268.213684082, 268.782592773, 269.33984375, 269.897125244, 270.454406738, 270.930419922, 271.394836426, 271.859222412, 272.300415039, 272.741577148, 273.159545898, 273.577514648, 274.018676758, 274.436645508, 274.866210938, 275.295776367, 275.713745117, 276.12008667, 276.526428223, 276.932769775, 277.339141846, 277.745483398, 278.128601074, 278.534973145, 278.941314697, 279.33605957, 279.742401123, 280.148742676, 280.555084229, 280.961456299, 281.367797852, 281.774139404, 282.180480957, 282.586853027, 282.99319458, 283.399536133, 283.805877686], "beats_loudness": {"dmean2": 0.0186181198806, "median": 0.00451889075339, "min": 7.30422834749e-06, "dvar2": 0.0017944839783, "dvar": 0.000633774674498, "dmean": 0.0110240727663, "max": 0.406183511019, "var": 0.00131458719261, "mean": 0.0172166246921}, "danceability": 0.82554769516, "bpm_histogram_second_peak_weight": {"dmean2": 0, "median": 0.0750853270292, "min": 0.0750853270292, "dvar2": 0, "dvar": 0, "dmean": 0, "max": 0.0750853270292, "var": 0, "mean": 0.0750853270292}, "beats_count": 587, "bpm_histogram_second_peak_bpm": {"dmean2": 0, "median": 129, "min": 129, "dvar2": 0, "dvar": 0, "dmean": 0, "max": 129, "var": 0, "mean": 129}, "bpm_histogram_first_peak_spread": {"dmean2": 0, "median": 0.560747623444, "min": 0.560747623444, "dvar2": 0, "dvar": 0, "dmean": 0, "max": 0.560747623444, "var": 0, "mean": 0.560747623444}, "beats_loudness_band_ratio": {"dmean2": [0.0976687893271, 0.295711636543, 0.328335762024, 0.143517330289, 0.0259878542274, 0.00279753701761], "median": [0.0301308277994, 0.474093586206, 0.326551944017, 0.0565709732473, 0.0018319968367, 3.01683962789e-06], "min": [0.00022383146279, 0.0015535147395, 0.00853156298399, 0.00188282306772, 2.43365993811e-05, 1.28921740838e-07], "dvar2": [0.0186771508306, 0.0692683234811, 0.0741853192449, 0.040259141475, 0.0042445990257, 0.000451020867331], "dvar": [0.00719848368317, 0.0260676965117, 0.0268744528294, 0.0162195451558, 0.00153847283218, 0.000148536229972], "dmean": [0.0572259090841, 0.178738921881, 0.192882984877, 0.0855370983481, 0.0146995289251, 0.00147914956324], "max": [0.91700553894, 0.968442380428, 0.944316446781, 0.958667457104, 0.629819571972, 0.235400781035], "var": [0.0149124981835, 0.067124247551, 0.052189707756, 0.0287001058459, 0.00763379177079, 0.000182931689778], "mean": [0.0805008932948, 0.465259701014, 0.374199509621, 0.126918897033, 0.0272292029113, 0.0024306178093]}}, "lowlevel": {"barkbands_spread": {"dmean2": 1.27899241447, "median": 3.00047874451, "min": 0.18734125793, "dvar2": 2.97237896919, "dvar": 1.20164275169, "dmean": 0.80707013607, "max": 34.2788543701, "var": 8.41925907135, "mean": 3.86877012253}, "melbands_spread": {"dmean2": 2.13465261459, "median": 4.57768249512, "min": 0.443634092808, "dvar2": 9.59464168549, "dvar": 3.7697095871, "dmean": 1.3341473341, "max": 49.1764945984, "var": 31.650762558, "mean": 6.37250852585}, "hfc": {"dmean2": 3.22427821159, "median": 1.47172605991, "min": 2.18731511268e-05, "dvar2": 119.335319519, "dvar": 54.6253471375, "dmean": 2.23565864563, "max": 291.86227417, "var": 357.799102783, "mean": 8.24099349976}, "barkbands_kurtosis": {"dmean2": 3.39717245102, "median": 3.17864871025, "min": -1.88468527794, "dvar2": 45.0003318787, "dvar": 16.4028491974, "dmean": 2.11777687073, "max": 156.558135986, "var": 56.3648719788, "mean": 4.97147989273}, "gfcc": {"mean": [-322.513458252, 257.706451416, -100.999946594, -95.0635604858, -33.7108573914, -20.8175754547, -47.0026245117, -26.5883331299, -8.0206785202, -13.3864679337, -3.04528856277, -6.69106149673, -0.741194188595], "icov": [[0.00040611991426, -0.000724230194464, 0.000930233101826, -0.000463113683509, 0.000403840473155, 0.000150038395077, -0.000202582596103, 0.000568063871469, -0.000737394380849, 0.00142210989725, -0.00168410735205, 0.00192404037807, -0.000722774653696], [-0.000724230194464, 0.0136253265664, -0.00833665765822, 0.0076222778298, -0.0136837949976, 0.00769082875922, -0.0110974144191, 0.00890493486077, -0.00745672406629, 0.00782998651266, -0.000158321869094, 0.00147774920333, 0.00199961825274], [0.000930233101826, -0.00833665765822, 0.00663848500699, -0.00413525663316, 0.00827232934535, -0.00477907713503, 0.00661863619462, -0.00460899854079, 0.00489732902497, -0.0044511849992, 0.00076834106585, 0.000343271851307, -0.00133747525979], [-0.000463113683509, 0.0076222778298, -0.00413525663316, 0.00594799593091, -0.00738085061312, 0.00384961324744, -0.00697694532573, 0.00525649404153, -0.0035189636983, 0.00292211351916, 0.00309277698398, -0.00118712487165, 0.00254217535257], [0.000403840473155, -0.0136837949976, 0.00827232934535, -0.00738085061312, 0.0198079291731, -0.00910103134811, 0.0155341122299, -0.0147571312264, 0.0128657110035, -0.0108207622543, 0.00210201065056, -0.00388080952689, 0.000896147626918], [0.000150038395077, 0.00769082875922, -0.00477907713503, 0.00384961324744, -0.00910103134811, 0.0118819409981, -0.0118263680488, 0.0101866964251, -0.00892517250031, 0.00637932261452, -0.0011745399097, 0.000852472323459, 0.00125048554037], [-0.000202582596103, -0.0110974144191, 0.00661863619462, -0.00697694532573, 0.0155341122299, -0.0118263680488, 0.0228390898556, -0.0166508834809, 0.0162411183119, -0.0150050418451, 0.00631151534617, -0.00604924187064, 0.00231384742074], [0.000568063871469, 0.00890493486077, -0.00460899854079, 0.00525649404153, -0.0147571312264, 0.0101866964251, -0.0166508834809, 0.0228616539389, -0.017184831202, 0.0152957355604, -0.00764623098075, 0.00469715939835, 0.00142024399247], [-0.000737394380849, -0.00745672406629, 0.00489732902497, -0.0035189636983, 0.0128657110035, -0.00892517250031, 0.0162411183119, -0.017184831202, 0.0294950064272, -0.0221684556454, 0.0149223171175, -0.0114070633426, 0.00432903179899], [0.00142210989725, 0.00782998651266, -0.0044511849992, 0.00292211351916, -0.0108207622543, 0.00637932261452, -0.0150050418451, 0.0152957355604, -0.0221684556454, 0.0380577817559, -0.0252962484956, 0.0189268197864, -0.00676273321733], [-0.00168410735205, -0.000158321869094, 0.00076834106585, 0.00309277698398, 0.00210201065056, -0.0011745399097, 0.00631151534617, -0.00764623098075, 0.0149223171175, -0.0252962484956, 0.0402132645249, -0.0268413349986, 0.0138869052753], [0.00192404037807, 0.00147774920333, 0.000343271851307, -0.00118712487165, -0.00388080952689, 0.000852472323459, -0.00604924187064, 0.00469715939835, -0.0114070633426, 0.0189268197864, -0.0268413349986, 0.0340311489999, -0.0159336682409], [-0.000722774653696, 0.00199961825274, -0.00133747525979, 0.00254217535257, 0.000896147626918, 0.00125048554037, 0.00231384742074, 0.00142024399247, 0.00432903179899, -0.00676273321733, 0.0138869052753, -0.0159336682409, 0.0237680636346]], "cov": [[16724.3164062, -1676.56298828, -5372.89355469, 798.650878906, 272.650695801, -1092.56469727, 48.2644729614, 152.163146973, 45.8389816284, -388.641082764, 242.634063721, -445.374633789, -263.989196777], [-1676.56298828, 1548.10864258, 1313.18359375, -985.566955566, 314.332977295, -135.175079346, -178.4662323, 27.4687213898, -84.0147476196, -38.4996147156, -18.9286937714, -38.7108383179, -1.46821916103], [-5372.89355469, 1313.18359375, 2681.73217773, -580.709594727, -106.467430115, 319.650909424, -91.2320022583, -160.083053589, -73.3131866455, 86.8205718994, -156.375976562, 34.5718994141, 97.393699646], [798.650878906, -985.566955566, -580.709594727, 1134.48132324, -158.569107056, 168.151626587, 220.368789673, -40.3669013977, 25.7448654175, 13.2163381577, -66.0741043091, 0.219921052456, -30.9017333984], [272.650695801, 314.332977295, -106.467430115, -158.569107056, 344.023040771, -102.827445984, -69.8909606934, 121.236305237, -24.9227657318, -27.7954788208, 50.594455719, 5.26094818115, -44.5893936157], [-1092.56469727, -135.175079346, 319.650909424, 168.151626587, -102.827445984, 329.857116699, 116.713890076, -64.6794891357, 16.5334968567, 51.256072998, -36.3420677185, 34.4657936096, 13.0867547989], [48.2644729614, -178.4662323, -91.2320022583, 220.368789673, -69.8909606934, 116.713890076, 207.370223999, 30.7932472229, -7.9853386879, 22.7532501221, -4.45147800446, 5.47450351715, -23.5556526184], [152.163146973, 27.4687213898, -160.083053589, -40.3669013977, 121.236305237, -64.6794891357, 30.7932472229, 179.013809204, 29.7316970825, -13.8547525406, 37.9584312439, 16.6099262238, -37.6373634338], [45.8389816284, -84.0147476196, -73.3131866455, 25.7448654175, -24.9227657318, 16.5334968567, -7.9853386879, 29.7316970825, 92.1274642944, 29.6658630371, -0.391110777855, 6.55357170105, -3.06336832047], [-388.641082764, -38.4996147156, 86.8205718994, 13.2163381577, -27.7954788208, 51.256072998, 22.7532501221, -13.8547525406, 29.6658630371, 86.9332351685, 25.6880550385, 6.99627494812, 0.870105624199], [242.634063721, -18.9286937714, -156.375976562, -66.0741043091, 50.594455719, -36.3420677185, -4.45147800446, 37.9584312439, -0.391110777855, 25.6880550385, 96.6711807251, 41.3888282776, -15.9472513199], [-445.374633789, -38.7108383179, 34.5718994141, 0.219921052456, 5.26094818115, 34.4657936096, 5.47450351715, 16.6099262238, 6.55357170105, 6.99627494812, 41.3888282776, 100.201934814, 31.886297226], [-263.989196777, -1.46821916103, 97.393699646, -30.9017333984, -44.5893936157, 13.0867547989, -23.5556526184, -37.6373634338, -3.06336832047, 0.870105624199, -15.9472513199, 31.886297226, 79.9885177612]]}, "spectral_energyband_middle_low": {"dmean2": 0.00390458968468, "median": 0.00275129964575, "min": 1.68061511374e-08, "dvar2": 8.04727678769e-05, "dvar": 4.07753941545e-05, "dmean": 0.00261083152145, "max": 0.410030603409, "var": 0.00039146275958, "mean": 0.0100424634293}, "melbands_crest": {"dmean2": 4.33860778809, "median": 14.7069473267, "min": 3.35735416412, "dvar2": 18.5718479156, "dvar": 6.30343055725, "dmean": 2.59186053276, "max": 33.5308494568, "var": 32.5836029053, "mean": 15.6034383774}, "spectral_kurtosis": {"dmean2": 108.416404724, "median": 223.420928955, "min": -0.354555606842, "dvar2": 11225.1660156, "dvar": 3803.91381836, "dmean": 62.1079750061, "max": 716.752929688, "var": 13789.296875, "mean": 222.562255859}, "spectral_rms": {"dmean2": 0.00052446348127, "median": 0.00184096978046, "min": 5.06072683493e-06, "dvar2": 6.25032612334e-07, "dvar": 2.85795977106e-07, "dmean": 0.000352119648596, "max": 0.0210059545934, "var": 5.85984253121e-06, "mean": 0.00262032961473}, "zerocrossingrate": {"dmean2": 0.00241049542092, "median": 0.02099609375, "min": 0.0048828125, "dvar2": 6.0727543314e-06, "dvar": 4.11902647102e-06, "dmean": 0.0018502031453, "max": 0.10107421875, "var": 0.000207082935958, "mean": 0.0248187463731}, "silence_rate_60dB": {"dmean2": 0.057105563581, "median": 0, "min": 0, "dvar2": 0.0631366670132, "dvar": 0.0277360118926, "dmean": 0.0285504534841, "max": 1, "var": 0.249761819839, "mean": 0.485236555338}, "erbbands_kurtosis": {"dmean2": 1.93847024441, "median": 1.09314441681, "min": -1.8334389925, "dvar2": 10.1448764801, "dvar": 3.85183334351, "dmean": 1.2202129364, "max": 71.1024627686, "var": 15.5861320496, "mean": 2.15575361252}, "erbbands": {"dmean2": [0.000346901535522, 0.00942333880812, 0.0514556095004, 0.240618675947, 1.01813721657, 6.83610630035, 13.8481464386, 13.3120708466, 25.2027359009, 11.0012073517, 12.0740604401, 16.0925292969, 9.55679798126, 11.4470052719, 7.71669912338, 13.7525663376, 15.5511770248, 14.9525880814, 17.4432697296, 10.8980484009, 4.94293546677, 2.66203904152, 2.40807461739, 1.234603405, 0.768256962299, 0.586894750595, 0.527223587036, 0.529020488262, 0.396683067083, 0.170013055205, 0.0482032001019, 0.00994312483817, 0.00178520253394, 0.000436240952695, 5.82994507567e-05, 7.45139277569e-06, 2.76051264336e-06, 9.29957877815e-07, 2.46089462053e-06, 5.59826685276e-06], "median": [9.58558666753e-05, 0.00176128163002, 0.011364790611, 0.0611053034663, 0.367209821939, 1.97660493851, 4.56686306, 3.99635505676, 6.1777806282, 4.24819898605, 2.93015861511, 2.02715587616, 1.75475358963, 1.046687603, 1.07236647606, 0.92320227623, 0.632915735245, 0.347517192364, 0.168699502945, 0.0541413873434, 0.0188256315887, 0.00490807928145, 0.00138725526631, 0.000299423700199, 4.56459056295e-05, 1.44242148963e-05, 8.96968231245e-06, 6.89914031682e-06, 6.00834937359e-06, 5.39935626875e-06, 4.87976467411e-06, 4.44095985586e-06, 4.03622107115e-06, 3.53570931111e-06, 2.98658824249e-06, 2.27490500038e-06, 1.34196943691e-06, 2.84883356017e-07, 1.68223459696e-06, 3.91341018258e-06], "min": [6.34314218928e-08, 6.35401647742e-07, 2.43921726906e-06, 3.84828399547e-06, 2.18290892917e-06, 7.3624628385e-06, 3.21373845509e-05, 4.39217146777e-05, 4.56679808849e-05, 5.75093617954e-05, 5.4577816627e-05, 3.45195367117e-05, 4.46555241069e-05, 1.81945069926e-05, 1.09109278128e-05, 8.27435815154e-06, 1.65809851751e-05, 1.66694717336e-05, 1.15656212074e-05, 1.84262262337e-05, 6.69251085128e-06, 1.27128328131e-06, 6.29639771432e-07, 4.02200953431e-07, 4.2762738417e-07, 3.4882197042e-07, 4.68288192224e-07, 4.09198008811e-07, 4.84802569645e-07, 4.07311915751e-07, 3.79294021968e-07, 3.36279072144e-07, 3.18933132348e-07, 2.74284474244e-07, 2.06011208093e-07, 1.425283358e-07, 7.81357556434e-08, 3.31976828249e-08, 9.39872357719e-09, 1.34150923703e-09], "dvar2": [1.28811427658e-06, 0.00155263533816, 0.0437097214162, 1.07252144814, 6.74007463455, 284.65423584, 1422.32775879, 1879.02392578, 7234.06933594, 1018.72613525, 2028.03234863, 8607.14257812, 2851.92163086, 5043.94091797, 1094.86950684, 6936.91650391, 5414.12451172, 9410.61425781, 9455.33007812, 4993.21240234, 1173.5814209, 380.987365723, 519.381530762, 98.9584884644, 42.686882019, 35.0518074036, 22.2911090851, 21.4396743774, 11.1169862747, 1.74124598503, 0.140012353659, 0.00658807717264, 0.000210183032323, 1.12152192742e-05, 1.85700031352e-07, 8.60057525198e-10, 5.92036975e-11, 8.21267706619e-12, 3.5492733752e-11, 1.7356480142e-10], "dvar": [4.96712800668e-07, 0.000564152840525, 0.0205576382577, 0.537122666836, 2.65488648415, 116.016403198, 502.906585693, 679.779296875, 3053.64575195, 549.774108887, 1120.94140625, 6754.94335938, 1962.01196289, 2795.10375977, 601.752807617, 3298.10522461, 2434.22705078, 4437.05078125, 3373.49658203, 1752.25354004, 398.124572754, 135.748062134, 181.934432983, 36.4697532654, 14.2705497742, 11.7421388626, 7.54904127121, 7.25597953796, 3.78377532959, 0.607342600822, 0.0505803599954, 0.00231001502834, 7.54490683903e-05, 4.20579135607e-06, 7.39076213563e-08, 3.61076807343e-10, 2.39261267049e-11, 3.07784375243e-12, 1.82649503161e-11, 9.03098151817e-11], "dmean": [0.000205982549232, 0.00564725417644, 0.0327770896256, 0.152359217405, 0.604253709316, 4.21230983734, 8.3328371048, 8.12431335449, 15.7272834778, 7.82837343216, 8.67398262024, 13.0167388916, 7.27229166031, 8.59830570221, 5.42322301865, 9.05169582367, 10.4662399292, 9.61819267273, 10.4527988434, 6.404255867, 2.89123487473, 1.55667662621, 1.39387881756, 0.736656785011, 0.431450009346, 0.327481120825, 0.294234395027, 0.294762164354, 0.222474724054, 0.0970146432519, 0.0285228099674, 0.00581065099686, 0.00106029387098, 0.000258054875303, 3.63487561117e-05, 4.60777164335e-06, 1.7332168909e-06, 5.60651074011e-07, 1.67728785527e-06, 3.81615882361e-06], "max": [0.0363010466099, 1.17921078205, 10.0083532333, 50.2284088135, 72.4188766479, 642.873840332, 613.625549316, 1081.4107666, 3486.32299805, 978.412536621, 1728.23498535, 7182.63134766, 3838.30175781, 1886.81335449, 1352.73583984, 4197.609375, 1758.83752441, 3655.47509766, 1665.17150879, 1408.76818848, 642.365356445, 399.738220215, 463.823547363, 212.650131226, 146.457382202, 151.179626465, 99.9469604492, 89.4755249023, 88.7360992432, 38.2241592407, 8.2633934021, 2.06400752068, 0.358570665121, 0.0668586194515, 0.011131987907, 0.000853552483022, 0.000227521668421, 6.05659479334e-05, 0.000229588491493, 0.000518748420291], "var": [8.80842321749e-07, 0.000975146074779, 0.0703815817833, 2.25551629066, 10.2846193314, 524.228881836, 1322.39758301, 1620.53503418, 16509.140625, 3464.63110352, 5943.56396484, 50323.78125, 10845.2333984, 8059.42578125, 3047.25732422, 9321.7578125, 5652.8671875, 7935.13623047, 6107.57861328, 3576.01586914, 846.271057129, 248.450958252, 181.46635437, 50.0215988159, 15.4607582092, 11.1899576187, 9.76008319855, 10.5252828598, 7.3519282341, 1.86643815041, 0.176123604178, 0.00801641307771, 0.000296151818475, 1.4193464267e-05, 2.601971687e-07, 1.65341507152e-09, 1.43041245515e-10, 1.39584255612e-11, 1.72603598081e-10, 8.78278394456e-10], "mean": [0.000343989318935, 0.00927189644426, 0.0713841021061, 0.370952636003, 1.31186378002, 8.84892940521, 17.6391334534, 18.196308136, 43.4678764343, 24.3582324982, 24.0623626709, 43.5576057434, 23.0789966583, 20.5940246582, 15.184627533, 21.5972938538, 20.0718536377, 18.4907035828, 18.3146896362, 11.7958679199, 5.6369767189, 2.86246037483, 2.00175642967, 1.13093554974, 0.603229820728, 0.416033864021, 0.423226863146, 0.470062315464, 0.413167506456, 0.218173667789, 0.0674768462777, 0.0141905937344, 0.002709366614, 0.000591384305153, 8.71508382261e-05, 1.36404714794e-05, 5.74724708713e-06, 1.57034310178e-06, 6.62302591081e-06, 1.49919978867e-05]}, "spectral_strongpeak": {"dmean2": 0.473550349474, "median": 0.478395700455, "min": 8.91280869837e-05, "dvar2": 0.83752477169, "dvar": 0.365886628628, "dmean": 0.294014692307, "max": 17.5651378632, "var": 1.44570684433, "mean": 0.88238465786}, "spectral_energy": {"dmean2": 0.00486077833921, "median": 0.00347389886156, "min": 2.6251232299e-08, "dvar2": 0.000125680642668, "dvar": 6.59903816995e-05, "dmean": 0.00331211695448, "max": 0.452281415462, "var": 0.000658886041492, "mean": 0.0130441309884}, "average_loudness": 0.00446795718744, "spectral_rolloff": {"dmean2": 124.488830566, "median": 538.330078125, "min": 150.732421875, "dvar2": 45469.5039062, "dvar": 18463.1484375, "dmean": 70.5771636963, "max": 4543.50585938, "var": 162234.515625, "mean": 671.327758789}, "spectral_centroid": {"dmean2": 64.2060165405, "median": 425.800415039, "min": 175.110046387, "dvar2": 9600.32617188, "dvar": 3888.08227539, "dmean": 40.4891204834, "max": 2852.65087891, "var": 108498.414062, "mean": 517.504882812}, "pitch_salience": {"dmean2": 0.0913536772132, "median": 0.578830242157, "min": 0.0861603915691, "dvar2": 0.00736922537908, "dvar": 0.00272903637961, "dmean": 0.0552905462682, "max": 0.943016946316, "var": 0.018977470696, "mean": 0.56514275074}, "spectral_energyband_middle_high": {"dmean2": 0.00145233783405, "median": 0.000152523134602, "min": 3.66245678229e-09, "dvar2": 4.29318133683e-05, "dvar": 2.03323997994e-05, "dmean": 0.00101857515983, "max": 0.155426636338, "var": 8.5948544438e-05, "mean": 0.00294118677266}, "spectral_contrast_coeffs": {"dmean2": [0.0744300559163, 0.0571746863425, 0.0417666807771, 0.0371413528919, 0.0385361723602, 0.0401069633663], "median": [-0.546923995018, -0.706926286221, -0.746744513512, -0.75497418642, -0.76163828373, -0.92930239439], "min": [-0.896291971207, -0.952482938766, -0.942212939262, -0.94377464056, -0.940137505531, -0.969937980175], "dvar2": [0.00370062259026, 0.00231655570678, 0.0012926873751, 0.00101254868787, 0.00125291093718, 0.00163164280821], "dvar": [0.00129647634458, 0.000885817047674, 0.000537587038707, 0.000431489635957, 0.000491485989187, 0.00060261588078], "dmean": [0.0439003296196, 0.0345175266266, 0.0260789450258, 0.0229847021401, 0.0231862701476, 0.0226278342307], "max": [-0.208984255791, -0.359501332045, -0.444240301847, -0.496240645647, -0.542202115059, -0.479465723038], "var": [0.0126337558031, 0.00692423945293, 0.00496483920142, 0.00553586240858, 0.00537843955681, 0.00640156958252], "mean": [-0.555030047894, -0.705758273602, -0.742493510246, -0.759521007538, -0.760233938694, -0.909995019436]}, "melbands_skewness": {"dmean2": 0.596632421017, "median": 1.30382406712, "min": -4.78887653351, "dvar2": 0.380329668522, "dvar": 0.148348271847, "dmean": 0.373374044895, "max": 6.8172750473, "var": 1.17352795601, "mean": 1.35186934471}, "spectral_spread": {"dmean2": 473370.84375, "median": 572574.5, "min": 130980.65625, "dvar2": 171448352768, "dvar": 88360796160, "dmean": 268647.625, "max": 29939668, "var": 301902823424, "mean": 694348.1875}, "dissonance": {"dmean2": 0.0798556655645, "median": 0.387440681458, "min": 0.095456302166, "dvar2": 0.00571191636845, "dvar": 0.00201726541854, "dmean": 0.0468314513564, "max": 0.500000178814, "var": 0.00555109139532, "mean": 0.378255188465}, "spectral_skewness": {"dmean2": 3.72104144096, "median": 11.4015846252, "min": 0.451876938343, "dvar2": 11.8343029022, "dvar": 4.22238206863, "dmean": 2.11092305183, "max": 20.692937851, "var": 17.0435771942, "mean": 10.6382484436}, "spectral_flux": {"dmean2": 0.0152797503397, "median": 0.0179391726851, "min": 0.000466986006359, "dvar2": 0.000598501705099, "dvar": 0.000258470681729, "dmean": 0.00953331124038, "max": 0.389984816313, "var": 0.00122083083261, "mean": 0.0309929475188}, "spectral_contrast_valleys": {"dmean2": [0.670793175697, 0.449810385704, 0.424552023411, 0.415983438492, 0.49339684844, 1.37547516823], "median": [-9.4983549118, -7.20122337341, -8.68444061279, -10.4067268372, -13.8835277557, -15.3358869553], "min": [-12.7177686691, -12.050444603, -13.8226308823, -13.7187709808, -15.2074995041, -16.9169864655], "dvar2": [0.292605280876, 0.151733383536, 0.150727286935, 0.167328283191, 0.236630558968, 1.41764450073], "dvar": [0.105141207576, 0.0631670132279, 0.0693511739373, 0.074326723814, 0.0905398875475, 0.472183465958], "dmean": [0.398515820503, 0.273860812187, 0.264225184917, 0.255025953054, 0.295126408339, 0.779743790627], "max": [-6.27136611938, -4.37094783783, -4.87125253677, -4.71156072617, -5.5162115097, -10.1707935333], "var": [0.902572035789, 1.64198338985, 1.86614739895, 2.45108675957, 3.47983026505, 1.80085754395], "mean": [-9.49369239807, -7.36555671692, -8.65221786499, -10.1162919998, -13.1868782043, -15.1115922928]}, "erbbands_flatness_db": {"dmean2": 0.0284199472517, "median": 0.456569820642, "min": 0.0909251868725, "dvar2": 0.000634758092929, "dvar": 0.000228942983085, "dmean": 0.016692025587, "max": 0.591899752617, "var": 0.00312008010224, "mean": 0.446091204882}, "spectral_energyband_high": {"dmean2": 2.79934574792e-05, "median": 7.92103271863e-10, "min": 2.35565816853e-10, "dvar2": 5.20472944743e-08, "dvar": 1.75452061768e-08, "dmean": 1.58603106684e-05, "max": 0.00457308162004, "var": 3.76406354974e-08, "mean": 3.00282390526e-05}, "spectral_entropy": {"dmean2": 0.212421238422, "median": 5.36779546738, "min": 3.4885725975, "dvar2": 0.0502207241952, "dvar": 0.0201787501574, "dmean": 0.131289839745, "max": 8.52688789368, "var": 0.421650052071, "mean": 5.46872091293}, "silence_rate_