{"tonal": {"thpcp": [1, 0.640120327473, 0.211074337363, 0.152082741261, 0.188540697098, 0.263387262821, 0.345201343298, 0.281997293234, 0.271697878838, 0.401310324669, 0.36388912797, 0.293885529041, 0.342410027981, 0.2785808146, 0.220345377922, 0.270384848118, 0.206734240055, 0.120583064854, 0.164820700884, 0.255571901798, 0.451318055391, 0.740900397301, 0.590509176254, 0.273775696754, 0.312335163355, 0.279073059559, 0.153057128191, 0.16561666131, 0.163807585835, 0.132201492786, 0.182938575745, 0.180339664221, 0.169910132885, 0.311761677265, 0.487201839685, 0.784217119217], "hpcp": {"dmean2": [0.255948960781, 0.22149798274, 0.152086928487, 0.124696470797, 0.123625442386, 0.0979280024767, 0.0904151275754, 0.0859130099416, 0.080605879426, 0.0908639207482, 0.0952220857143, 0.105139799416, 0.178578048944, 0.296387523413, 0.295226812363, 0.311270862818, 0.292904764414, 0.137987211347, 0.0898229405284, 0.113023720682, 0.121136002243, 0.1571521312, 0.155453532934, 0.159877985716, 0.169632226229, 0.180316314101, 0.173298984766, 0.164728552103, 0.141645491123, 0.12189450115, 0.123476468027, 0.1049381271, 0.0885389223695, 0.113692559302, 0.144566491246, 0.193610817194], "median": [0.107888281345, 0.077576354146, 0.0282788202167, 0.00777615467086, 0.00645762355998, 0.00715895555913, 0.00684030260891, 0.00669934879988, 0.00767950620502, 0.00782177876681, 0.00687530590221, 0.0126654244959, 0.0209216866642, 0.037450466305, 0.104576915503, 0.162079051137, 0.078427657485, 0.0154699543491, 0.0049952478148, 0.00563914747909, 0.0129417013377, 0.0187291894108, 0.0187263302505, 0.0162010807544, 0.0132118621841, 0.0142391752452, 0.0240080580115, 0.0219563338906, 0.0148768015206, 0.0119296107441, 0.00915592163801, 0.00723490817472, 0.005991356913, 0.00508889462799, 0.00792928691953, 0.0488606132567], "min": [0, 0, 0, 0, 0, 0, 0, 0, 0, 0, 0, 0, 0, 0, 0, 0, 0, 0, 0, 0, 0, 0, 0, 0, 0, 0, 0, 0, 0, 0, 0, 0, 0, 0, 0, 0], "dvar2": [0.110111311078, 0.0825082734227, 0.0647409260273, 0.0624841190875, 0.0674598738551, 0.0485227257013, 0.0447587296367, 0.0412206277251, 0.037363756448, 0.042360406369, 0.0434751957655, 0.0444803088903, 0.0884886309505, 0.172392114997, 0.150859087706, 0.15901426971, 0.136731728911, 0.0613660737872, 0.0390866398811, 0.0556304007769, 0.0537463873625, 0.0849040076137, 0.0784571915865, 0.086578309536, 0.0881004631519, 0.0991628617048, 0.083691097796, 0.0772314220667, 0.067638553679, 0.0598168112338, 0.0666585639119, 0.0507692471147, 0.0472579747438, 0.0661272257566, 0.0802751928568, 0.0857466757298], "dvar": [0.043896522373, 0.034135568887, 0.0237681604922, 0.0252160113305, 0.0261531639844, 0.0173383690417, 0.0172578766942, 0.0165558159351, 0.0136444447562, 0.0164754129946, 0.0175525918603, 0.0163061320782, 0.0341686718166, 0.062760591507, 0.0527151301503, 0.0617355518043, 0.0511399805546, 0.0224935635924, 0.0153132891282, 0.0209288205951, 0.0215904023498, 0.0314001999795, 0.028501663357, 0.03109418042, 0.0346425026655, 0.0371542200446, 0.0306011680514, 0.0310466699302, 0.0264327116311, 0.0221917815506, 0.0258521474898, 0.0195054728538, 0.0163517445326, 0.0234485361725, 0.0298266485333, 0.0328016169369], "dmean": [0.151706188917, 0.13207359612, 0.0877528712153, 0.0737557560205, 0.0731788650155, 0.0562842525542, 0.0524418279529, 0.0497033558786, 0.0459233261645, 0.0527961440384, 0.0549476966262, 0.0596329905093, 0.102934673429, 0.169310897589, 0.167654171586, 0.179660767317, 0.169246330857, 0.0778246074915, 0.0511365272105, 0.0648157298565, 0.0718076452613, 0.0921892076731, 0.0890659466386, 0.0907943099737, 0.0988159924746, 0.103958636522, 0.0996890664101, 0.0954606458545, 0.0830649882555, 0.0704198330641, 0.071777947247, 0.0616919435561, 0.0497164428234, 0.0642804279923, 0.0829394981265, 0.113435328007], "max": [1, 1, 1, 1, 1, 1, 1, 1, 1, 1, 1, 1, 1, 1, 1, 1, 1, 1, 1, 1, 1, 1, 1, 1, 1, 1, 1, 1, 1, 1, 1, 1, 1, 1, 1, 1], "var": [0.10967861861, 0.0815044343472, 0.0301494784653, 0.0602534450591, 0.0528922639787, 0.0177940055728, 0.0264861509204, 0.0280994512141, 0.0156396012753, 0.0288383737206, 0.0289564430714, 0.0177647061646, 0.0469366982579, 0.0781527534127, 0.120367340744, 0.156947731972, 0.0923817306757, 0.0237071271986, 0.0238084997982, 0.0275571551174, 0.0412477664649, 0.0560825616121, 0.0392144620419, 0.0382993705571, 0.0734705030918, 0.0636318773031, 0.0375187881291, 0.0565050691366, 0.0424566678703, 0.031077619642, 0.0492708049715, 0.0304338894784, 0.0138229383156, 0.0245534870774, 0.0438730493188, 0.061753500253], "mean": [0.272029429674, 0.216811686754, 0.100519649684, 0.114677160978, 0.102464623749, 0.0561965443194, 0.0608079098165, 0.0601436905563, 0.0485391765833, 0.0671678334475, 0.0662136152387, 0.0623843036592, 0.11446660012, 0.178881317377, 0.28793361783, 0.367160588503, 0.235026955605, 0.0774981752038, 0.0558387860656, 0.0692247152328, 0.0967054218054, 0.126744329929, 0.103538289666, 0.0997567549348, 0.147345334291, 0.133605748415, 0.107903182507, 0.125719472766, 0.102283895016, 0.0809021368623, 0.0992746576667, 0.0759046673775, 0.0442733503878, 0.0605156682432, 0.0938359349966, 0.165706202388]}, "tuning_equal_tempered_deviation": 0.103609234095, "chords_changes_rate": 0.0533947274089, "key_key": "D", "tuning_diatonic_strength": 0.651521265507, "key_scale": "minor", "chords_number_rate": 0.00156755163334, "tuning_frequency": 439.745910645, "tuning_nontempered_energy_ratio": 0.791795969009, "chords_histogram": [11.335357666, 5.39825630188, 0.911139428616, 0.274321556091, 0.617223501205, 4.48711681366, 3.81111001968, 21.6028213501, 7.04418516159, 11.0904283524, 4.25198411942, 0.440873920918, 1.64592921734, 0.0195943955332, 1.30302739143, 2.30234146118, 1.56755173206, 1.99862837791, 0.391887933016, 1.24424409866, 0.538845896721, 0.724992632866, 9.38571548462, 7.61242294312], "key_strength": 0.82385134697, "chords_key": "D", "chords_strength": {"dmean2": 0.00797756295651, "median": 0.573601424694, "min": 0.238907769322, "dvar2": 5.50674267288e-05, "dvar": 5.27177617187e-05, "dmean": 0.00835522077978, "max": 0.840176224709, "var": 0.00950184185058, "mean": 0.573696374893}, "chords_scale": "major", "hpcp_entropy": {"dmean2": 0.95167016983, "median": 1.81036198139, "min": 0, "dvar2": 0.587120592594, "dvar": 0.21321593225, "dmean": 0.56360155344, "max": 3.77623343468, "var": 0.440058887005, "mean": 1.79008316994}}, "metadata": {"audio_properties": {"equal_loudness": 0, "codec": "flac", "downmix": "mix", "sample_rate": 44100, "analysis_sample_rate": 44100, "bit_rate": 0, "md5_encoded": "bd8fb2c4db4a6b8478827441fd5fd798", "length": 473.96572876, "replay_gain": -3.06468009949, "lossless": true}, "version": {"essentia_build_sha": "2d9f1f26377add8aeb1075a9c2973f962c4f09fd", "essentia": "2.1-beta2", "extractor": "music 1.0", "essentia_git_sha": "v2.1_beta2-1-ge3940c0"}, "tags": {"title": ["Violin Concerto in D minor, op. 47: III. Allegro, ma non tanto"], "barcode": ["028941682123"], "media": ["CD"], "albumartist": ["Tchaikovsky, Sibelius; Viktoria Mullova, Boston Symphony Orchestra, Seiji Ozawa"], "albumartistsort": ["Tchaikovsky, Pyotr Ilyich, Sibelius, Jean; Mullova, Viktoria, Boston Symphony Orchestra, Ozawa, Seiji"], "tracktotal": ["6"], "language": ["zxx"], "performer": ["Boston Symphony Orchestra (orchestra)", "\u0412\u0438\u043a\u0442\u043e\u0440\u0438\u044f \u041c\u0443\u043b\u043b\u043e\u0432\u0430 (violin)"], "releasetype": ["album"], "musicbrainz_recordingid": ["0b244fbe-1f88-41d4-9d53-2518e8a34fba"], "composer": ["Jean Sibelius"], "musicbrainz_releasegroupid": ["f2fab224-f192-4873-afe2-0e3b6e51455b"], "musicbrainz_albumartistid": ["9ddd7abc-9e1b-471d-8031-583bc6bc8be9", "691b0e9d-9e57-41cf-932d-a3d21b068e75", "02bd2dff-f337-4788-9e75-0eb6beb932ac", "6ed6a493-0300-428d-82da-91c62b4d50aa", "98c3e4e1-2f01-4ead-911f-8d4b95a6c461"], "originalyear": ["1986"], "musicbrainz_releasetrackid": ["e5f7af18-72ae-34ba-b2d7-58830ade0534"], "discnumber": ["1"], "composersort": ["Sibelius, Jean"], "catalognumber": ["416 821-2"], "tracknumber": ["6"], "releasecountry": ["XE"], "file_name": "06 Violin Concerto in D minor, op. 47_ III. Allegro, ma non tanto.flac", "originaldate": ["1986"], "work": ["Violin Concerto in D minor, op. 47: III. Allegro, ma non tanto"], "date": ["1986"], "genre": ["Classical"], "musicbrainz_albumid": ["7c1b2b10-0843-4236-91ad-aacd1866049f"], "disctotal": ["1"], "acoustid_id": ["dafe3be7-2cbc-402d-b343-fe07e8748e25"], "releasestatus": ["official"], "musicbrainz_artistid": ["691b0e9d-9e57-41cf-932d-a3d21b068e75"], "asin": ["B0000040YE"], "musicbrainz_workid": ["ba481af9-9f35-31c4-813e-4fc73a1f52ea"], "artist": ["Jean Sibelius"], "totaltracks": ["6"], "artistsort": ["Sibelius, Jean"], "album": ["Violin Concertos"], "label": ["Philips"], "isrc": ["NLA508542606"], "totaldiscs": ["1"], "script": ["Latn"], "conductor": ["\u5c0f\u6fa4\u5f81\u723e"]}}, "rhythm": {"bpm_histogram_first_peak_bpm": {"dmean2": 0, "median": 103, "min": 103, "dvar2": 0, "dvar": 0, "dmean": 0, "max": 103, "var": 0, "mean": 103}, "bpm": 102.600700378, "bpm_histogram_second_peak_spread": {"dmean2": 0, "median": 0.178571388125, "min": 0.178571388125, "dvar2": 0, "dvar": 0, "dmean": 0, "max": 0.178571388125, "var": 0, "mean": 0.178571388125}, "bpm_histogram_first_peak_weight": {"dmean2": 0, "median": 0.215590745211, "min": 0.215590745211, "dvar2": 0, "dvar": 0, "dmean": 0, "max": 0.215590745211, "var": 0, "mean": 0.215590745211}, "onset_rate": 2.57396268845, "beats_position": [0.603718817234, 1.20743763447, 1.8111563921, 2.41487526894, 3.01859402657, 3.62231278419, 4.23764181137, 4.85297060013, 5.46829938889, 6.08362817764, 6.6989569664, 7.31428575516, 7.94122457504, 8.55655288696, 9.16027164459, 9.75238037109, 10.3444900513, 10.9365987778, 11.5287075043, 12.1208162308, 12.7013149261, 13.2818136215, 13.873922348, 14.4776411057, 15.0813598633, 15.6850786209, 16.2887973785, 16.8576869965, 17.4381847382, 18.0186843872, 18.5991840363, 19.179681778, 19.7717914581, 20.363899231, 20.94439888, 21.5248966217, 22.1053962708, 22.6858959198, 23.2663936615, 23.8468933105, 24.4273910522, 25.0195007324, 25.6116104126, 26.1921081543, 26.7726078033, 27.353105545, 27.9336051941, 28.5141029358, 29.0946025848, 29.6751022339, 30.2555999756, 30.8360996246, 31.4165973663, 31.9970970154, 32.5659866333, 33.1348762512, 33.7153739929, 34.2842636108, 34.8531494141, 35.422039032, 36.0373687744, 36.6643066406, 37.2912483215, 37.9181861877, 38.545124054, 39.1604537964, 39.7757797241, 40.3795013428, 40.9832191467, 41.5869369507, 42.1790466309, 42.771156311, 43.3632659912, 43.9553718567, 44.5358734131, 45.1279792786, 45.7200889587, 46.3005905151, 46.8926963806, 47.4848060608, 48.076915741, 48.6690254211, 49.2727432251, 49.8764610291, 50.480178833, 51.0722885132, 51.6643981934, 52.2681159973, 52.871837616, 53.4755554199, 54.0792732239, 54.6946029663, 55.3099327087, 55.9252586365, 56.5289802551, 57.1210861206, 57.7131958008, 58.305305481, 58.8974151611, 59.4895210266, 60.0816307068, 60.673740387, 61.2774581909, 61.8811798096, 62.4848976135, 63.0770072937, 63.6691131592, 64.2844467163, 64.899772644, 65.5034942627, 66.107208252, 66.7109298706, 67.3146438599, 67.9183654785, 68.4988632202, 69.0793609619, 69.6714706421, 70.2635803223, 70.844078064, 71.4361877441, 72.0399093628, 72.632019043, 73.2357330322, 73.8394546509, 74.4431762695, 75.0468902588, 75.638999939, 76.2427215576, 76.8348312378, 77.4385452271, 78.0422668457, 78.6459884644, 79.2613143921, 79.8766403198, 80.491973877, 81.1072998047, 81.7110214233, 82.3031311035, 82.8952331543, 83.4989547729, 84.0910644531, 84.6831741333, 85.298500061, 85.9138336182, 86.5175476074, 87.1212692261, 87.7249908447, 88.328704834, 88.9324264526, 89.5245361328, 90.116645813, 90.7087478638, 91.3008575439, 91.9045791626, 92.5083007813, 93.1120147705, 93.7157363892, 94.3194503784, 94.9231719971, 95.5268936157, 96.130607605, 96.7343292236, 97.3380508423, 97.9417648315, 98.5454864502, 99.1492080688, 99.7529220581, 100.356643677, 100.960357666, 101.564079285, 102.167800903, 102.759910583, 103.352012634, 103.944122314, 104.536231995, 105.128341675, 105.720451355, 106.300949097, 106.893058777, 107.473556519, 108.065666199, 108.669387817, 109.273101807, 109.876823425, 110.480545044, 111.084259033, 111.676368713, 112.268478394, 112.860588074, 113.464309692, 114.068023682, 114.660133362, 115.252243042, 115.855964661, 116.448066711, 117.040176392, 117.609069824, 118.189567566, 118.770065308, 119.350563049, 119.931060791, 120.511566162, 121.103668213, 121.684173584, 122.253059387, 122.833557129, 123.414054871, 123.994552612, 124.575057983, 125.155555725, 125.724441528, 126.293327332, 126.89704895, 127.500770569, 128.104492188, 128.708206177, 129.311920166, 129.904037476, 130.496139526, 131.088256836, 131.680358887, 132.272476196, 132.864578247, 133.456680298, 134.048797607, 134.640899658, 135.233016968, 135.836730957, 136.440444946, 137.090606689, 137.752380371, 138.367706299, 138.994644165, 139.621582031, 140.248519897, 140.875457764, 141.490783691, 142.106124878, 142.709838867, 143.313552856, 143.917282104, 144.497772217, 145.078277588, 145.6587677, 146.239273071, 146.819763184, 147.388656616, 147.957550049, 148.526443481, 149.095321655, 149.675827026, 150.256317139, 150.83682251, 151.417327881, 151.986206055, 152.555099487, 153.12399292, 153.692871094, 154.261764526, 154.842269897, 155.42276001, 156.003265381, 156.572158813, 157.141036987, 157.70993042, 158.267211914, 158.824493408, 159.381759644, 159.950653076, 160.519546509, 161.088439941, 161.657318115, 162.226211548, 162.79510498, 163.363983154, 163.932876587, 164.490158081, 165.059051514, 165.627929688, 166.208435059, 166.788925171, 167.369430542, 167.949935913, 168.530426025, 169.099319458, 169.67980957, 170.27192688, 170.852416992, 171.502578735, 172.152740479, 172.756454468, 173.360183716, 173.940673828, 174.521179199, 175.11328125, 175.693786621, 176.274276733, 176.866394043, 177.446884155, 178.027389526, 178.607894897, 179.18838501, 179.780502319, 180.360992432, 180.941497803, 181.521987915, 182.102493286, 182.682983398, 183.251876831, 183.832382202, 184.401260376, 184.970153809, 185.527435303, 186.096328735, 186.665206909, 187.234100342, 187.802993774, 188.371871948, 188.929153442, 189.474822998, 190.032104492, 190.566162109, 191.111831665, 191.657501221, 192.191558838, 192.714004517, 193.248062134, 193.78213501, 194.327789307, 194.861862183, 195.3959198, 195.918365479, 196.440811157, 196.974868774, 197.497314453, 198.03137207, 198.565444946, 199.087890625, 199.610336304, 200.144393921, 200.6668396, 201.177688599, 201.700134277, 202.257415771, 202.826293945, 203.383575439, 203.940856934, 204.498138428, 205.055419922, 205.601089478, 206.146759033, 206.704025269, 207.249694824, 207.79536438, 208.375869751, 208.967971802, 209.560089111, 210.140579224, 210.721084595, 211.301589966, 211.87046814, 212.439361572, 213.008255005, 213.577133179, 214.134414673, 214.691696167, 215.248977661, 215.817871094, 216.386749268, 216.9556427, 217.570968628, 218.197906494, 218.871292114, 219.544662476, 220.218048096, 220.903030396, 221.588027954, 222.284622192, 222.981216431, 223.677825928, 224.374420166, 225.071014404, 225.779220581, 226.487426758, 227.195648193, 227.90385437, 228.600448608, 229.308654785, 230.016860962, 230.62059021, 231.212692261, 231.81640625, 232.373687744, 232.9193573, 233.476638794, 234.033920288, 234.591201782, 235.171691895, 235.752197266, 236.30947876, 236.878356934, 237.447250366, 238.016143799, 238.585037231, 239.153915405, 239.711196899, 240.268478394, 240.825759888, 241.383041382, 241.951919556, 242.50920105, 243.066482544, 243.6121521, 244.181045532, 244.749923706, 245.365249634, 245.968978882, 246.572692871, 247.17640686, 247.780136108, 248.383850098, 248.975952148, 249.568069458, 250.160171509, 250.752288818, 251.332778931, 251.92489624, 252.516998291, 253.109115601, 253.701217651, 254.281723022, 254.862213135, 255.442718506, 256.034820557, 256.626922607, 257.230651855, 257.834381104, 258.438079834, 259.030212402, 259.633911133, 260.237640381, 260.852966309, 261.456695557, 262.060394287, 262.675720215, 263.291046143, 263.906402588, 264.510101318, 265.090606689, 265.68270874, 266.274810791, 266.866943359, 267.447418213, 268.051147461, 268.654876709, 269.24697876, 269.839080811, 270.431182861, 271.046539307, 271.661865234, 272.265563965, 272.880889893, 273.484619141, 274.088348389, 274.692047119, 275.295776367, 275.899505615, 276.479980469, 277.06048584, 277.640991211, 278.221496582, 278.802001953, 279.394104004, 279.986206055, 280.578308105, 281.182037354, 281.785766602, 282.377868652, 282.969970703, 283.562072754, 284.154174805, 284.757904053, 285.338409424, 285.918914795, 286.487792969, 287.06829834, 287.648803711, 288.229278564, 288.833007813, 289.425109863, 290.017242432, 290.609344482, 291.201446533, 291.793548584, 292.385650635, 292.977783203, 293.569885254, 294.161987305, 294.742492676, 295.334594727, 295.926696777, 296.518829346, 297.110931396, 297.703033447, 298.295135498, 298.887237549, 299.46774292, 300.059844971, 300.651977539, 301.24407959, 301.836181641, 302.416687012, 303.008789063, 303.600891113, 304.204620361, 304.785125732, 305.365631104, 305.946105957, 306.515014648, 307.083892822, 307.675994873, 308.256500244, 308.837005615, 309.417510986, 310.009613037, 310.601715088, 311.193817139, 311.77432251, 312.366424561, 312.958557129, 313.55065918, 314.14276123, 314.734863281, 315.315368652, 315.895874023, 316.476379395, 317.045257568, 317.614135742, 318.194641113, 318.763519287, 319.332427979, 319.901306152, 320.470184326, 321.062316895, 321.642791748, 322.223297119, 322.81539917, 323.407531738, 323.988006592, 324.568511963, 325.149017334, 325.729522705, 326.310028076, 326.89050293, 327.482635498, 328.074737549, 328.65524292, 329.235717773, 329.816223145, 330.385131836, 330.95401001, 331.534515381, 332.114990234, 332.695495605, 333.276000977, 333.84487915, 334.413787842, 334.971069336, 335.52835083, 336.108825684, 336.677734375, 337.246612549, 337.82711792, 338.407623291, 338.976501465, 339.545379639, 340.11428833, 340.683166504, 341.263671875, 341.844177246, 342.4246521, 343.005157471, 343.585662842, 344.166168213, 344.746673584, 345.327148438, 345.907653809, 346.48815918, 347.068664551, 347.649139404, 348.229644775, 348.810150146, 349.425476074, 350.029205322, 350.64453125, 351.236633301, 351.828735352, 352.409240723, 353.001342773, 353.593475342, 354.197174072, 354.8125, 355.404632568, 355.996734619, 356.58883667, 357.180938721, 357.773040771, 358.353546143, 358.934051514, 359.526153564, 360.141479492, 360.75680542, 361.348937988, 361.941040039, 362.53314209, 363.113647461, 363.705749512, 364.297851563, 364.878356934, 365.470458984, 366.039367676, 366.60824585, 367.223571777, 367.827301025, 368.430999756, 369.023132324, 369.603607178, 370.149291992, 370.694946289, 371.240631104, 371.797912598, 372.343566895, 372.900848389, 373.446533203, 373.9921875, 374.549468994, 375.106750488, 375.675628662, 376.232910156, 376.79019165, 377.347473145, 377.904754639, 378.462036133, 379.019317627, 379.576599121, 380.133880615, 380.691162109, 381.260040283, 381.817321777, 382.235290527, 382.65322876, 383.07119751, 383.477539063, 383.895507813, 384.313476563, 384.731414795, 385.149383545, 385.567352295, 385.973693848, 386.391662598, 386.80960083, 387.22756958, 387.633911133, 388.051879883, 388.469848633, 388.887786865, 389.305755615, 389.723724365, 390.141662598, 390.559631348, 390.977600098, 391.39553833, 391.81350708, 392.23147583, 392.649414063, 393.067382813, 393.485351563, 393.984558105, 394.495422363, 395.006256104, 395.5519104, 396.109191895, 396.654876709, 397.200531006, 397.74621582, 398.291870117, 398.837554932, 399.394836426, 399.928894043, 400.47454834, 401.020233154, 401.565887451, 402.099945068, 402.634002686, 403.156463623, 403.678894043, 404.21295166, 404.747009277, 405.281066895, 405.815155029, 406.349212646, 406.883270264, 407.405700684, 407.916534424, 408.438995361, 408.949829102, 409.472290039, 409.994720459, 410.517181396, 411.039642334, 411.562072754, 412.107757568, 412.653411865, 413.164245605, 413.663482666, 414.174316406, 414.696777344, 415.207611084, 415.730072021, 416.240905762, 416.751739502, 417.262573242, 417.78503418, 418.3074646, 418.829925537, 419.352386475, 419.874816895, 420.397277832, 420.931335449, 421.453765869, 421.987823486, 422.556732178, 423.137237549, 423.717712402, 424.298217773, 424.867126465, 425.470825195, 426.074554443, 426.678283691, 427.281982422, 427.88571167, 428.477813721, 429.069915771, 429.615600586, 430.161254883, 430.706939697, 431.148101807, 431.589294434, 432.04208374, 432.56451416, 433.086975098, 433.597808838, 434.120269775, 434.631103516, 435.141937256, 435.722442627, 436.302947998, 436.883453369, 437.463928223, 438.044433594, 438.624938965, 439.205444336, 439.785919189, 440.378051758, 440.958526611, 441.527435303, 442.096313477, 442.665222168, 443.234100342, 443.802978516, 444.371887207, 444.940765381, 445.544494629, 446.148193359, 446.74029541, 447.355651855, 447.970977783, 448.586303711, 449.178405762, 449.770507813, 450.351013184, 450.931518555, 451.512023926, 452.0809021, 452.661407471, 453.241882324, 453.764343262, 454.286804199, 454.87890625, 455.459411621, 456.039886475, 456.65524292, 457.25894165, 457.874267578, 458.477996826, 459.081726074, 459.592559814, 460.103393555, 460.683898926, 461.264404297, 461.84487915, 462.425384521, 463.005889893, 463.586395264, 464.166870117, 464.747375488, 465.188568115, 465.629730225, 466.059326172, 466.488891602, 466.964874268, 467.440887451, 467.916900635, 468.450958252, 468.973419189, 469.507476807, 470.111206055, 470.714904785, 471.318634033, 471.933959961, 472.549285889, 473.153015137], "beats_loudness": {"dmean2": 0.0246852245182, "median": 0.00839395076036, "min": 0, "dvar2": 0.00486917095259, "dvar": 0.00173627166077, "dmean": 0.0145459827036, "max": 0.618731796741, "var": 0.00166588020511, "mean": 0.0203210152686}, "danceability": 0.916416108608, "bpm_histogram_second_peak_weight": {"dmean2": 0, "median": 0.0560292340815, "min": 0.0560292340815, "dvar2": 0, "dvar": 0, "dmean": 0, "max": 0.0560292340815, "var": 0, "mean": 0.0560292340815}, "beats_count": 822, "bpm_histogram_second_peak_bpm": {"dmean2": 0, "median": 98, "min": 98, "dvar2": 0, "dvar": 0, "dmean": 0, "max": 98, "var": 0, "mean": 98}, "bpm_histogram_first_peak_spread": {"dmean2": 0, "median": 0.682795703411, "min": 0.682795703411, "dvar2": 0, "dvar": 0, "dmean": 0, "max": 0.682795703411, "var": 0, "mean": 0.682795703411}, "beats_loudness_band_ratio": {"dmean2": [0.32865190506, 0.210120692849, 0.198528453708, 0.22929097712, 0.0817747563124, 0.0289738997817], "median": [0.513440728188, 0.11417157948, 0.0873517766595, 0.073049902916, 0.0200317017734, 0.00470035616308], "min": [0, 0, 0, 0, 0, 0], "dvar2": [0.095752030611, 0.0462925136089, 0.0461870208383, 0.0801881626248, 0.0162043459713, 0.00518194772303], "dvar": [0.0341374650598, 0.0164826326072, 0.0165471918881, 0.0272694975138, 0.00579492375255, 0.00178018480074], "dmean": [0.193387165666, 0.122366242111, 0.113533772528, 0.130295276642, 0.0462826900184, 0.0160130951554], "max": [0.998787999153, 0.866334497929, 0.79388409853, 0.939721345901, 0.705653250217, 0.591441571712], "var": [0.0971371904016, 0.0271729771048, 0.0246803462505, 0.0356824211776, 0.00620768405497, 0.00135950860567], "mean": [0.496975839138, 0.171347498894, 0.149147346616, 0.153223514557, 0.0475340560079, 0.0147560015321]}}, "lowlevel": {"barkbands_spread": {"dmean2": 5.35233306885, "median": 10.3352689743, "min": 0.0527906641364, "dvar2": 45.3122749329, "dvar": 19.6401367188, "dmean": 3.50006628036, "max": 74.8490447998, "var": 85.684463501, "mean": 12.5824661255}, "melbands_spread": {"dmean2": 6.8788228035, "median": 11.810095787, "min": 0.0608422756195, "dvar2": 85.7851333618, "dvar": 40.2014350891, "dmean": 4.58315324783, "max": 158.676223755, "var": 218.334960938, "mean": 15.804775238}, "hfc": {"dmean2": 2.40075993538, "median": 2.36835384369, "min": 1.10066161084e-16, "dvar2": 27.7232322693, "dvar": 14.0068683624, "dmean": 1.73950123787, "max": 172.57409668, "var": 147.001983643, "mean": 6.77458000183}, "barkbands_kurtosis": {"dmean2": 10.5074796677, "median": 2.87332940102, "min": -1.85390031338, "dvar2": 6131.24658203, "dvar": 1915.08605957, "dmean": 6.27972269058, "max": 2954.9128418, "var": 2602.33642578, "mean": 9.52771472931}, "gfcc": {"mean": [-145.133010864, 141.539123535, -120.770835876, 20.9623737335, -40.8261108398, -3.65456914902, -22.975446701, -1.05893623829, -21.4973068237, -7.02190303802, -12.4820966721, -6.20008802414, -10.0289697647], "icov": [[0.000172403946635, -0.0003942513722, 0.000462763593532, -0.000406424049288, 0.000564261863474, -0.000483768875711, 0.00046396421385, -0.000288718903903, 0.000557664956432, -0.000136754111736, 0.00035496201599, -0.000108730833745, 0.000410585227655], [-0.0003942513722, 0.00239663873799, -0.00136347452644, 0.00184336432721, -0.00188975140918, 0.00289947912097, -0.00160803087056, 0.00212789094076, -0.00250421883538, 0.00208168267272, -0.00199878378771, 0.0018969415687, -0.00184160913341], [0.000462763593532, -0.00136347452644, 0.00283439992927, -0.00161191890948, 0.000594552839175, -0.00151493656449, 0.00186302151997, -0.000644043495413, 0.000888316368219, -2.28007411351e-05, 0.000838357023895, -5.55220940441e-05, 0.000997686525807], [-0.000406424049288, 0.00184336432721, -0.00161191890948, 0.00464568426833, -0.00262389006093, 0.00183979270514, -0.00159695604816, 0.00113205506932, -0.00065774936229, 0.000950409623329, 0.00060443097027, 0.000201641931199, 0.000233337894315], [0.000564261863474, -0.00188975140918, 0.000594552839175, -0.00262389006093, 0.008445950225, -0.00433449400589, 0.00096784386551, 0.000124708196381, 0.00099505239632, 0.000536334584467, -9.65871004155e-05, 0.000476723449538, 0.00117683270946], [-0.000483768875711, 0.00289947912097, -0.00151493656449, 0.00183979270514, -0.00433449400589, 0.0104288142174, -0.00422600470483, 0.00105698697735, -0.00154552853201, 0.00138305453584, -0.00103499810211, 0.000153108805534, 0.000133235618705], [0.00046396421385, -0.00160803087056, 0.00186302151997, -0.00159695604816, 0.00096784386551, -0.00422600470483, 0.0101643903181, -0.0050620646216, 0.00227109249681, -0.000363258644938, 0.000332118070219, 0.000144116187585, -0.000361144600902], [-0.000288718903903, 0.00212789094076, -0.000644043495413, 0.00113205506932, 0.000124708196381, 0.00105698697735, -0.0050620646216, 0.0129522643983, -0.00711633684114, 0.00292574777268, -0.000923267565668, -0.000405752594816, -0.00130105088465], [0.000557664956432, -0.00250421883538, 0.000888316368219, -0.00065774936229, 0.00099505239632, -0.00154552853201, 0.00227109249681, -0.00711633684114, 0.0150740323588, -0.0067696897313, 0.00361296371557, -0.000600629718974, 0.00154765031766], [-0.000136754111736, 0.00208168267272, -2.28007411351e-05, 0.000950409623329, 0.000536334584467, 0.00138305453584, -0.000363258644938, 0.00292574777268, -0.0067696897313, 0.0133743006736, -0.00763269234449, 0.00297427759506, -0.00138971803244], [0.00035496201599, -0.00199878378771, 0.000838357023895, 0.00060443097027, -9.65871004155e-05, -0.00103499810211, 0.000332118070219, -0.000923267565668, 0.00361296371557, -0.00763269234449, 0.0161081068218, -0.00719197792932, 0.00533029250801], [-0.000108730833745, 0.0018969415687, -5.55220940441e-05, 0.000201641931199, 0.000476723449538, 0.000153108805534, 0.000144116187585, -0.000405752594816, -0.000600629718974, 0.00297427759506, -0.00719197792932, 0.0132510084659, -0.00647660298273], [0.000410585227655, -0.00184160913341, 0.000997686525807, 0.000233337894315, 0.00117683270946, 0.000133235618705, -0.000361144600902, -0.00130105088465, 0.00154765031766, -0.00138971803244, 0.00533029250801, -0.00647660298273, 0.0130433337763]], "cov": [[17947.8339844, 607.672668457, -2001.32214355, 201.241470337, -804.06640625, -158.162017822, -296.688323975, -154.271911621, -448.091217041, -201.430923462, -218.39692688, -122.611366272, -219.05847168], [607.672668457, 2310.69726563, 501.748046875, -404.155487061, 115.990081787, -423.712463379, -147.782684326, -249.847808838, 92.7698287964, -118.691764832, 8.7009677887, -241.504928589, 93.6954193115], [-2001.32214355, 501.748046875, 966.67590332, 127.623786926, 223.559356689, -29.2355136871, -73.9177932739, -95.1276702881, 25.7882614136, -79.6940765381, -37.4305496216, -109.034637451, -24.1856498718], [201.241470337, -404.155487061, 127.623786926, 482.222625732, 107.565429688, 102.173538208, 24.3154125214, 0.984238266945, -64.7084121704, -60.3185882568, -69.929725647, -13.4690542221, -68.6234054565], [-804.06640625, 115.990081787, 223.559356689, 107.565429688, 257.658294678, 66.30052948, 16.6548366547, -33.8674354553, -4.5733537674, -44.4832801819, -11.2651615143, -44.0197410583, -25.6292533875], [-158.162017822, -423.712463379, -29.2355136871, 102.173538208, 66.30052948, 237.218032837, 84.6250305176, 55.650970459, -20.9124202728, -4.88221645355, -5.60222959518, 33.8922920227, -33.8688011169], [-296.688323975, -147.782684326, -73.9177932739, 24.3154125214, 16.6548366547, 84.6250305176, 178.908294678, 83.1769790649, 9.2812833786, -4.00604867935, 0.227783665061, 26.3478183746, 16.0376148224], [-154.271911621, -249.847808838, -95.1276702881, 0.984238266945, -33.8674354553, 55.650970459, 83.1769790649, 165.700653076, 50.7747383118, 15.5826349258, -0.803071498871, 45.3271141052, 16.6279182434], [-448.091217041, 92.7698287964, 25.7882614136, -64.7084121704, -4.5733537674, -20.9124202728, 9.2812833786, 50.7747383118, 134.962890625, 55.2971916199, 12.0511302948, -7.00860023499, 13.8094024658], [-201.430923462, -118.691764832, -79.6940765381, -60.3185882568, -44.4832801819, -4.88221645355, -4.00604867935, 15.5826349258, 55.2971916199, 156.508331299, 69.231803894, 20.1692333221, -5.89910173416], [-218.39692688, 8.7009677887, -37.4305496216, -69.929725647, -11.2651615143, -5.60222959518, 0.227783665061, -0.803071498871, 12.0511302948, 69.231803894, 126.331459045, 47.5618629456, -8.84635448456], [-122.611366272, -241.504928589, -109.034637451, -13.4690542221, -44.0197410583, 33.8922920227, 26.3478183746, 45.3271141052, -7.00860023499, 20.1692333221, 47.5618629456, 155.48916626, 47.9697799683], [-219.05847168, 93.6954193115, -24.1856498718, -68.6234054565, -25.6292533875, -33.8688011169, 16.0376148224, 16.6279182434, 13.8094024658, -5.89910173416, -8.84635448456, 47.9697799683, 129.798019409]]}, "spectral_energyband_middle_low": {"dmean2": 0.00482648052275, "median": 0.00248727411963, "min": 1.47105027179e-22, "dvar2": 0.000216080938117, "dvar": 0.000112118781544, "dmean": 0.00322036538273, "max": 0.701242029667, "var": 0.000573291792534, "mean": 0.00958221871406}, "melbands_crest": {"dmean2": 5.44537734985, "median": 15.2667818069, "min": 1.6458979845, "dvar2": 22.8494377136, "dvar": 8.94413089752, "dmean": 3.37613892555, "max": 39.6763076782, "var": 42.409576416, "mean": 16.4375610352}, "spectral_kurtosis": {"dmean2": 8.91432952881, "median": 9.10223674774, "min": -1.26929759979, "dvar2": 127.798690796, "dvar": 47.3028259277, "dmean": 5.22489261627, "max": 297.294921875, "var": 252.576904297, "mean": 13.7665119171}, "spectral_rms": {"dmean2": 0.000686489453074, "median": 0.00225496687926, "min": 3.12647065355e-12, "dvar2": 8.35940738853e-07, "dvar": 4.13941506849e-07, "dmean": 0.000467661884613, "max": 0.0311508644372, "var": 6.44016881779e-06, "mean": 0.00295941065997}, "zerocrossingrate": {"dmean2": 0.00661554001272, "median": 0.029296875, "min": 0, "dvar2": 0.000119852309581, "dvar": 6.49858484394e-05, "dmean": 0.00552983535454, "max": 0.5205078125, "var": 0.00118802976795, "mean": 0.0357944853604}, "silence_rate_60dB": {"dmean2": 0.123070895672, "median": 0, "min": 0, "dvar2": 0.125163927674, "dvar": 0.0577447190881, "dmean": 0.0615324303508, "max": 1, "var": 0.231368839741, "mean": 0.363591820002}, "erbbands_kurtosis": {"dmean2": 1.90135657787, "median": 0.262372374535, "min": -1.90786111355, "dvar2": 11.361161232, "dvar": 4.94088745117, "dmean": 1.22130084038, "max": 86.4773406982, "var": 12.7902584076, "mean": 1.11515200138}, "erbbands": {"dmean2": [0.00942551903427, 0.207419469953, 2.00923299789, 7.86994504929, 6.04674768448, 4.73989439011, 9.08988666534, 8.73953342438, 12.2755947113, 10.1802949905, 13.3006753922, 7.91369152069, 6.67161083221, 20.2739830017, 9.46368598938, 16.5884838104, 11.2041168213, 8.33330345154, 6.14714956284, 3.6538836956, 6.26565504074, 5.37458515167, 3.38286542892, 2.5732831955, 2.9584107399, 1.17865073681, 1.16844379902, 0.467294067144, 0.264178007841, 0.142979800701, 0.0955709442496, 0.054113432765, 0.0205329526216, 0.010040842928, 0.00422966014594, 0.00187912792899, 0.000721721968148, 0.00018282707606, 2.4141610993e-05, 8.31117813505e-06], "median": [0.00382993090898, 0.0605048462749, 0.461900681257, 1.43273770809, 1.39164626598, 0.748580157757, 0.827581942081, 1.71899902821, 2.22144269943, 1.57323718071, 1.91875219345, 1.6570327282, 1.80373990536, 2.90562748909, 1.65608358383, 1.50245654583, 1.41125094891, 1.03460216522, 0.931540846825, 0.801713526249, 1.04196691513, 0.957394003868, 0.765029430389, 0.544154822826, 0.52136695385, 0.318256080151, 0.248206049204, 0.107938319445, 0.0616062171757, 0.0282316077501, 0.0176117382944, 0.00949899852276, 0.00446742074564, 0.00221130275168, 0.00100005720742, 0.000394367962144, 0.000137198425364, 3.38840363838e-05, 9.75609418674e-06, 7.00769442119e-06], "min": [1.38373536027e-22, 5.6111204134e-22, 2.3846156973e-21, 7.02677975019e-21, 2.70330641533e-21, 2.85829320299e-20, 4.35868315812e-20, 6.30246550916e-20, 1.47636126307e-19, 1.63601448837e-19, 4.46099641723e-19, 3.36605950835e-19, 7.01348346808e-19, 8.14290450272e-19, 1.26636212922e-18, 1.43457695821e-18, 1.87182411301e-18, 2.36054144406e-18, 2.27850187771e-18, 3.02271317289e-18, 4.93114333674e-18, 3.56951181783e-18, 4.74685659525e-18, 7.139043488e-18, 6.69673388445e-18, 6.68526626603e-18, 9.63953768786e-18, 9.99756296367e-18, 1.17539825599e-17, 1.14451050474e-17, 1.16518927559e-17, 9.94403445187e-18, 1.05062467803e-17, 8.77692644813e-18, 6.15986057968e-18, 4.29368859179e-18, 2.34181221384e-18, 1.07595900749e-18, 2.67779224744e-19, 2.82925593232e-20], "dvar2": [0.000444138044259, 0.251819610596, 40.5262298584, 1272.96081543, 333.031463623, 347.375701904, 1195.63330078, 732.571289063, 1450.52331543, 2353.84545898, 2106.70117188, 778.449279785, 320.616424561, 3376.56958008, 1053.16015625, 6124.23535156, 1768.01586914, 863.065002441, 571.539245605, 157.139755249, 579.192993164, 2049.85400391, 111.995918274, 82.712097168, 106.220321655, 11.3214550018, 17.806684494, 3.25463223457, 0.966302454472, 0.396533668041, 0.112023457885, 0.0513468310237, 0.00481099076569, 0.00103524862789, 0.000201005866984, 4.26376354881e-05, 6.07761603533e-06, 4.38382301127e-07, 7.03223657084e-09, 5.1546866775e-10], "dvar": [0.000298646773444, 0.0977189093828, 16.7215023041, 721.37298584, 135.72555542, 121.307014465, 415.860626221, 347.987945557, 578.645446777, 1011.8371582, 956.869018555, 426.009979248, 153.723190308, 2000.4387207, 457.193817139, 2285.88623047, 795.745727539, 373.509490967, 238.601882935, 72.3611602783, 275.026489258, 864.83215332, 54.8171234131, 37.6361808777, 48.2085838318, 5.18072319031, 9.05512619019, 1.5286822319, 0.428751975298, 0.18915040791, 0.0507963746786, 0.0228212047368, 0.00205838144757, 0.000468176149298, 8.73392855283e-05, 1.89733818843e-05, 2.57003011939e-06, 1.87677258623e-07, 3.34974892269e-09, 2.7405164249e-10], "dmean": [0.00637383945286, 0.128600746393, 1.22691082954, 5.43625879288, 3.68214058876, 2.82651209831, 5.5826215744, 5.79527425766, 7.76791763306, 6.64721632004, 8.92009353638, 5.67372083664, 4.72821855545, 14.8248023987, 6.43537330627, 10.5849990845, 7.43611431122, 5.51786708832, 3.91606998444, 2.38010048866, 4.19247722626, 3.57401752472, 2.27389097214, 1.693328619, 1.9542144537, 0.781491339207, 0.782560646534, 0.307195156813, 0.173523277044, 0.0946190208197, 0.0623398125172, 0.0355767011642, 0.0134693263099, 0.00668032933027, 0.00279423943721, 0.00125137995929, 0.000472481246106, 0.000120713317301, 1.65529309015e-05, 5.64650827073e-06], "max": [2.73555421829, 17.9964332581, 176.715423584, 1846.93896484, 514.871032715, 694.485046387, 687.27532959, 895.401916504, 1307.35070801, 2292.90161133, 1024.1340332, 973.82220459, 502.609130859, 1887.98657227, 944.510192871, 1540.69055176, 1570.95581055, 620.289550781, 580.157958984, 494.806854248, 986.33001709, 2586.99902344, 242.91229248, 307.247741699, 347.477203369, 72.0951843262, 133.769287109, 111.851661682, 52.9081382751, 37.0013504028, 9.74531555176, 11.3144512177, 1.73680198193, 1.19086313248, 0.505936264992, 0.186026751995, 0.0729759782553, 0.0165604427457, 0.00315275834873, 0.00112287781667], "var": [0.00294081261382, 0.361489534378, 39.9411659241, 2441.4519043, 330.53616333, 210.44694519, 967.904052734, 1250.75524902, 2116.65283203, 3721.79833984, 2994.64306641, 1762.06494141, 689.682434082, 7168.80029297, 1477.2890625, 4795.80957031, 1976.98034668, 1078.23400879, 573.897338867, 219.193572998, 720.973510742, 952.713439941, 125.818153381, 94.9691467285, 107.40271759, 12.1174955368, 19.749048233, 3.06756997108, 0.806499898434, 0.338157922029, 0.103837445378, 0.037519518286, 0.00508261425421, 0.00122460757848, 0.000212141821976, 4.42801938334e-05, 4.92294066134e-06, 3.47232429476e-07, 7.17021464425e-09, 1.620930834e-09], "mean": [0.0149027127773, 0.243179678917, 2.17813944817, 11.422829628, 6.45481109619, 4.88193750381, 9.87350463867, 11.99152565, 15.6732950211, 14.0867328644, 17.7113380432, 13.0778779984, 11.1625537872, 29.274515152, 13.3683509827, 18.9491539001, 13.7571020126, 10.6290922165, 7.26161241531, 4.7826590538, 7.41708278656, 5.97204732895, 4.14024972916, 3.13937664032, 3.3251721859, 1.44199216366, 1.29933106899, 0.539400041103, 0.302333712578, 0.164155587554, 0.106760457158, 0.0599435009062, 0.0253329388797, 0.0125703010708, 0.0054104779847, 0.00235861260444, 0.00083801447181, 0.00021167389059, 3.57427816198e-05, 1.92140414583e-05]}, "spectral_strongpeak": {"dmean2": 0.549968004227, "median": 0.392879962921, "min": 0, "dvar2": 0.839966714382, "dvar": 0.372496724129, "dmean": 0.340185284615, "max": 14.4683713913, "var": 0.837538599968, "mean": 0.707246303558}, "spectral_energy": {"dmean2": 0.00698141055182, "median": 0.00521199777722, "min": 1.00191888188e-20, "dvar2": 0.000412051973399, "dvar": 0.000221119800699, "dmean": 0.00470483954996, "max": 0.99463570118, "var": 0.00123650534078, "mean": 0.0155781684443}, "average_loudness": 0.00436067814007, "spectral_rolloff": {"dmean2": 411.166137695, "median": 689.0625, "min": 21.533203125, "dvar2": 441940.96875, "dvar": 206849.671875, "dmean": 238.459197998, "max": 19638.28125, "var": 1543389.25, "mean": 932.297363281}, "spectral_centroid": {"dmean2": 261.879394531, "median": 720.541015625, "min": 133.179122925, "dvar2": 112536.0625, "dvar": 57071.1679688, "dmean": 177.794021606, "max": 11513.5039063, "var": 679304.8125, "mean": 935.449951172}, "pitch_salience": {"dmean2": 0.112962171435, "median": 0.490654975176, "min": 0.0203383620828, "dvar2": 0.00938521977514, "dvar": 0.0037023674231, "dmean": 0.0697833448648, "max": 0.860738635063, "var": 0.0184136796743, "mean": 0.484881192446}, "spectral_energyband_middle_high": {"dmean2": 0.00113685487304, "median": 0.000598690239713, "min": 1.07653962042e-21, "dvar2": 7.32344733478e-06, "dvar": 3.52840629603e-06, "dmean": 0.000819584471174, "max": 0.0591128692031, "var": 2.10547041206e-05, "mean": 0.00236138608307}, "spectral_contrast_coeffs": {"dmean2": [0.0763959661126, 0.0686086118221, 0.0571809150279, 0.0460133105516, 0.0386089012027, 0.0247205458581], "median": [-0.629597425461, -0.739642620087, -0.74235367775, -0.761948406696, -0.758360922337, -0.754145383835], "min": [-0.978399515152, -0.979729056358, -0.979438304901, -0.989007353783, -0.983382821083, -0.964542269707], "dvar2": [0.00374569697306, 0.00292092678137, 0.00214824615978, 0.00144693814218, 0.00121328479145, 0.000455246074125], "dvar": [0.0014072727644