{"tonal": {"thpcp": [1, 0.516490221024, 0.27859428525, 0.218136593699, 0.158577233553, 0.203133389354, 0.231895238161, 0.281689465046, 0.489669024944, 0.448080271482, 0.209622636437, 0.147038862109, 0.138025194407, 0.222799360752, 0.669417321682, 0.7672534585, 0.363415837288, 0.230383530259, 0.290754944086, 0.421282708645, 0.80717164278, 0.84148234129, 0.4241797328, 0.336357951164, 0.343258917332, 0.237867385149, 0.202127635479, 0.201051726937, 0.239001139998, 0.364393353462, 0.36238527298, 0.229305684566, 0.179348617792, 0.184023335576, 0.309514552355, 0.84619063139], "hpcp": {"dmean2": [0.384189426899, 0.365381836891, 0.267585366964, 0.233138784766, 0.225816309452, 0.20503641665, 0.203241556883, 0.202324002981, 0.219011485577, 0.2712020576, 0.261891067028, 0.196515247226, 0.162225857377, 0.162919074297, 0.215058714151, 0.343737691641, 0.366307467222, 0.286399036646, 0.219342306256, 0.171956300735, 0.140079528093, 0.143014326692, 0.147013783455, 0.179758831859, 0.26058369875, 0.215395152569, 0.137148335576, 0.122240647674, 0.117678575218, 0.151754960418, 0.265563935041, 0.291352182627, 0.225275009871, 0.235570639372, 0.303595811129, 0.348176091909], "median": [0.161764860153, 0.161307036877, 0.0795579627156, 0.0200189687312, 0.0161521062255, 0.014265069738, 0.0121315279976, 0.0139368427917, 0.02195026353, 0.0364981740713, 0.0335161536932, 0.02258887887, 0.018365021795, 0.0188024230301, 0.0480231493711, 0.154394716024, 0.190815076232, 0.0984325408936, 0.0178286544979, 0.00935027748346, 0.00969769898802, 0.0218847244978, 0.0251548253, 0.0370280370116, 0.0465514957905, 0.0420253500342, 0.0195615366101, 0.0134281190112, 0.0123122846708, 0.0305435135961, 0.0957839787006, 0.109530471265, 0.0497866347432, 0.0094580091536, 0.0102680241689, 0.0473093912005], "min": [0, 0, 0, 0, 0, 0, 0, 0, 0, 0, 0, 0, 0, 0, 0, 0, 0, 0, 0, 0, 0, 0, 0, 0, 0, 0, 0, 0, 0, 0, 0, 0, 0, 0, 0, 0], "dvar2": [0.167463496327, 0.157650649548, 0.137531086802, 0.147545263171, 0.142816483974, 0.131807506084, 0.150922849774, 0.145449176431, 0.14456628263, 0.172578200698, 0.169824570417, 0.126216977835, 0.102956719697, 0.0979153290391, 0.112199768424, 0.152218282223, 0.157730534673, 0.136069491506, 0.132567510009, 0.103069737554, 0.0819351747632, 0.0661045312881, 0.0704805627465, 0.0719444006681, 0.132442414761, 0.09719376266, 0.0670761540532, 0.0669632479548, 0.064790405333, 0.0748379901052, 0.114265359938, 0.129828125238, 0.117796510458, 0.16512401402, 0.215531617403, 0.208359986544], "dvar": [0.0665595605969, 0.0630385875702, 0.0474871397018, 0.0514720231295, 0.0509938187897, 0.0450747944415, 0.0509359315038, 0.0484193526208, 0.0479723326862, 0.0588591173291, 0.0579843856394, 0.0421028994024, 0.0347593948245, 0.0331295691431, 0.038526147604, 0.06160607934, 0.0681848675013, 0.049567759037, 0.0473828501999, 0.0376683920622, 0.0284012258053, 0.0236732941121, 0.0258586928248, 0.0268073026091, 0.0529763400555, 0.0380813404918, 0.0237315166742, 0.0236233714968, 0.0224459562451, 0.0257569048554, 0.0455728247762, 0.0540123283863, 0.0424581803381, 0.0590706244111, 0.0790809690952, 0.0774236321449], "dmean": [0.220798358321, 0.210888132453, 0.148690894246, 0.128621608019, 0.124673001468, 0.110444992781, 0.10755481571, 0.1070593521, 0.117163181305, 0.148715257645, 0.144865676761, 0.106040105224, 0.0866680219769, 0.0874012932181, 0.118797391653, 0.199308559299, 0.212498053908, 0.162135332823, 0.119204603136, 0.0936775431037, 0.0759136229753, 0.0798285081983, 0.0835618674755, 0.102126479149, 0.149330377579, 0.124191626906, 0.07660163939, 0.0671548992395, 0.0641592293978, 0.0838881283998, 0.155333593488, 0.169993251562, 0.125624731183, 0.124867767096, 0.161313459277, 0.189809784293], "max": [1, 1, 1, 1, 1, 1, 1, 1, 1, 1, 1, 1, 1, 1, 1, 1, 1, 1, 1, 1, 1, 1, 1, 1, 1, 1, 1, 1, 1, 1, 1, 1, 1, 1, 1, 1], "var": [0.096646912396, 0.109780795872, 0.0397121496499, 0.0513393208385, 0.0566852614284, 0.0331960953772, 0.0330058149993, 0.0305738113821, 0.0320504941046, 0.0509037785232, 0.0514814853668, 0.0284770689905, 0.0220874175429, 0.0211434736848, 0.0300432704389, 0.1056715101, 0.13872846961, 0.0498890019953, 0.043160866946, 0.0364299155772, 0.0199958197773, 0.01899304986, 0.0237432066351, 0.0251363720745, 0.0755398124456, 0.0667359381914, 0.0209848769009, 0.0160799082369, 0.0148478951305, 0.0199656076729, 0.0911103487015, 0.115347653627, 0.037375446409, 0.0404955297709, 0.0554097443819, 0.0612700805068], "mean": [0.292800426483, 0.305246591568, 0.153870627284, 0.122013397515, 0.124516710639, 0.0862860754132, 0.0733215287328, 0.0729312449694, 0.0866973400116, 0.13218319416, 0.131454765797, 0.0831803306937, 0.0650584697723, 0.0667542144656, 0.112275987864, 0.306954503059, 0.362748652697, 0.187356129289, 0.101059705019, 0.0791287571192, 0.0575236752629, 0.0736863613129, 0.0841196849942, 0.102182477713, 0.177626773715, 0.162540510297, 0.076040327549, 0.0533381476998, 0.0500684529543, 0.0808201655746, 0.242830231786, 0.278320163488, 0.131828606129, 0.0835713148117, 0.105470962822, 0.152819737792]}, "tuning_equal_tempered_deviation": 0.199053362012, "chords_changes_rate": 0.0497325137258, "key_key": "D", "tuning_diatonic_strength": 0.585930228233, "key_scale": "minor", "chords_number_rate": 0.00089161877986, "tuning_frequency": 434.193115234, "tuning_nontempered_energy_ratio": 0.935410320759, "chords_histogram": [37.5470581055, 4.80483436584, 0.435902506113, 2.4965326786, 0, 10.8975629807, 0, 13.2752132416, 0.267485648394, 0.425995647907, 0.703388154507, 0, 0, 0, 0, 0, 0.168416887522, 0.128789380193, 0, 0.148603126407, 1.28789377213, 4.92371702194, 18.000793457, 4.48781442642], "key_strength": 0.684290707111, "chords_key": "D", "chords_strength": {"dmean2": 0.00832867063582, "median": 0.536593914032, "min": 0.28015011549, "dvar2": 6.24796011834e-05, "dvar": 5.52136152692e-05, "dmean": 0.00826725177467, "max": 0.789190113544, "var": 0.00651907129213, "mean": 0.534759283066}, "chords_scale": "minor", "hpcp_entropy": {"dmean2": 1.05413496494, "median": 2.09897756577, "min": 0, "dvar2": 0.736855268478, "dvar": 0.26249730587, "dmean": 0.620215415955, "max": 4.30133962631, "var": 0.483631074429, "mean": 2.06838274002}}, "metadata": {"audio_properties": {"equal_loudness": 0, "codec": "mp3", "downmix": "mix", "sample_rate": 44100, "analysis_sample_rate": 44100, "bit_rate": 237402, "md5_encoded": "05a968db2bca419f8e7161a2fb97cd4d", "length": 468.715087891, "replay_gain": -13.7977676392, "lossless": false}, "version": {"essentia_build_sha": "2d9f1f26377add8aeb1075a9c2973f962c4f09fd", "essentia": "2.1-beta2", "extractor": "music 1.0", "essentia_git_sha": "v2.1_beta2-1-ge3940c0"}, "tags": {"title": ["Intro & SDHC Sound Anthem"], "media": ["CD"], "albumartist": ["SOUND HOLIC"], "musicbrainz_recordingid": ["0b26d2e2-060a-44c1-a95b-4139e0ca9498"], "composer": ["ZUN"], "albumsort": ["SOUND HOLIC MEETS TOHO \uff5e2\uff5e"], "musicbrainz_albumartistid": ["3e46dcce-77fe-4fa3-965b-f513189e97e3"], "discnumber": ["1/1"], "album": ["SOUND HOLIC MEETS TOHO \uff5e\u6771\u65b9\u7684\u5e7b\u60f3\u56db\u6483\u8e74\uff5e"], "catalognumber": ["SDHC-0002"], "contentgroup": ["Touhou"], "musicbrainz album type": ["album"], "musicbrainz album status": ["official"], "file_name": "SOUND HOLIC - SOUND HOLIC MEETS TOHO \uff5e\u6771\u65b9\u7684\u5e7b\u60f3\u56db\u6483\u8e74\uff5e - 01 - Intro & SDHC Sound Anthem.mp3", "date": ["2006"], "genre": ["Trance"], "musicbrainz album release country": ["JP"], "musicbrainz_releasegroupid": ["c1dce8c7-fdb4-39b9-a2a9-dc433dc0ccae"], "script": ["Jpan"], "originaldate": ["2006"], "musicbrainz_albumid": ["97eb09d8-294c-4f48-bb9a-c2bea9143e9d"], "artist": ["SOUND HOLIC"], "artistsort": ["Sound Holic"], "tracknumber": ["1/12"], "label": ["SOUND HOLIC MEETS TOHO \u0081`\u201c\u0152\u2022\u00fb\u201cI\u0152\u00b6\u2018z\u017dl\u0152\u201a\u008fR\u0081`"], "albumartistsort": ["Sound Holic"], "musicbrainz_artistid": ["3e46dcce-77fe-4fa3-965b-f513189e97e3"]}}, "rhythm": {"bpm_histogram_first_peak_bpm": {"dmean2": 0, "median": 152, "min": 152, "dvar2": 0, "dvar": 0, "dmean": 0, "max": 152, "var": 0, "mean": 152}, "bpm": 152.277862549, "bpm_histogram_second_peak_spread": {"dmean2": 0, "median": 0.131979674101, "min": 0.131979674101, "dvar2": 0, "dvar": 0, "dmean": 0, "max": 0.131979674101, "var": 0, "mean": 0.131979674101}, "bpm_histogram_first_peak_weight": {"dmean2": 0, "median": 0.488224625587, "min": 0.488224625587, "dvar2": 0, "dvar": 0, "dmean": 0, "max": 0.488224625587, "var": 0, "mean": 0.488224625587}, "onset_rate": 6.00346088409, "beats_position": [0.615328788757, 1.24226760864, 1.8575963974, 2.47292518616, 3.08825397491, 3.70358276367, 4.31891155243, 4.92263031006, 5.53795909882, 6.15328788757, 6.76861667633, 7.38394546509, 7.98766422272, 8.60299301147, 9.21832180023, 9.83365058899, 10.4489793777, 11.0643081665, 11.6912469864, 12.3181858063, 12.9567346573, 13.5952835083, 14.2338323593, 14.8723802567, 15.5109291077, 16.1378688812, 16.7531967163, 17.3685264587, 17.9838542938, 18.5991840363, 19.2145118713, 19.8298416138, 20.4335594177, 21.0488891602, 21.6642169952, 22.2795467377, 22.8948745728, 23.4985942841, 24.1139221191, 24.7292518616, 25.3329696655, 25.948299408, 26.563627243, 27.1673469543, 27.7826747894, 28.3980045319, 29.0017223358, 29.6170520782, 30.2323799133, 30.8477096558, 31.4630374908, 32.0667572021, 32.6820869446, 33.2974128723, 33.901134491, 34.5164604187, 35.1317901611, 35.7471199036, 36.362449646, 36.96616745, 37.5814971924, 38.1968231201, 38.8005447388, 39.4158706665, 40.0312004089, 40.6349182129, 41.2502479553, 41.8655776978, 42.4809074402, 43.0962333679, 43.6999549866, 44.3152809143, 44.9306106567, 45.5343284607, 46.1496582031, 46.7649879456, 47.380317688, 47.9956436157, 48.5993652344, 49.2146911621, 49.8300209045, 50.4337387085, 51.0490684509, 51.6643981934, 52.2797279358, 52.8950538635, 53.4987754822, 54.1141014099, 54.7294311523, 55.333152771, 55.9484786987, 56.5638084412, 57.1675262451, 57.7828559875, 58.39818573, 59.0019035339, 59.6172332764, 60.2325630188, 60.8478889465, 61.463218689, 62.0669364929, 62.6822662354, 63.2975959778, 63.9013137817, 64.5166397095, 65.1319732666, 65.7472991943, 66.3626327515, 66.9663467407, 67.5816802979, 68.1970062256, 68.8007278442, 69.416053772, 70.0313796997, 70.6467132568, 71.2620391846, 71.8657608032, 72.4694747925, 73.0848083496, 73.6885223389, 74.2922439575, 74.7102050781, 75.1281585693, 75.5461196899, 75.9524688721, 76.3588180542, 76.7651672363, 77.1715164185, 77.5778656006, 77.9842147827, 78.3905639648, 78.8085250854, 79.2264862061, 79.6212234497, 80.0159606934, 80.410697937, 80.8170471191, 81.2233963013, 81.6181411743, 82.012878418, 82.4076156616, 82.8139648438, 83.2203140259, 83.6150588989, 84.0097961426, 84.4161453247, 84.8224945068, 85.2172317505, 85.6119689941, 86.0067138672, 86.4130630493, 86.8194122314, 87.2141494751, 87.6088867188, 88.0152359009, 88.421585083, 88.8163223267, 89.2110671997, 89.6174163818, 90.023765564, 90.4185028076, 90.8132400513, 91.2079772949, 91.6143264771, 92.0206756592, 92.4154205322, 92.8101577759, 93.216506958, 93.6228561401, 94.0175933838, 94.4123306274, 94.8186798096, 95.2250289917, 95.6197738647, 96.0145111084, 96.4092483521, 96.8155975342, 97.2219467163, 97.61668396, 98.011428833, 98.4061660767, 98.8009033203, 99.1956481934, 99.590385437, 99.9851226807, 100.379859924, 100.774604797, 101.169342041, 101.564079285, 101.958816528, 102.353561401, 102.736686707, 103.119819641, 103.514556885, 103.909294128, 104.304031372, 104.698776245, 105.093513489, 105.476638794, 105.859771729, 106.254508972, 106.649246216, 107.043991089, 107.438728333, 107.833465576, 108.22820282, 108.622947693, 109.017684937, 109.400817871, 109.783943176, 110.17868042, 110.573425293, 110.968162537, 111.36289978, 111.757637024, 112.152381897, 112.547119141, 112.941856384, 113.336593628, 113.731338501, 114.137687683, 114.555641174, 114.973602295, 115.403175354, 115.832740784, 116.250701904, 116.657051086, 117.05178833, 117.446525574, 117.829658508, 118.212783813, 118.607528687, 119.00226593, 119.397003174, 119.791740417, 120.186485291, 120.581222534, 120.975959778, 121.370697021, 121.753829956, 122.136962891, 122.531700134, 122.926437378, 123.321174622, 123.715919495, 124.110656738, 124.505393982, 124.888526917, 125.271652222, 125.666389465, 126.061134338, 126.455871582, 126.850608826, 127.245346069, 127.640090942, 128.034820557, 128.417953491, 128.801086426, 129.195831299, 129.590560913, 129.985305786, 130.3800354, 130.774780273, 131.169525146, 131.564254761, 131.947387695, 132.33052063, 132.725265503, 133.119995117, 133.51473999, 133.909469604, 134.304214478, 134.698959351, 135.093688965, 135.476821899, 135.871566772, 136.266296387, 136.649429321, 137.044174194, 137.438903809, 137.833648682, 138.228393555, 138.623123169, 139.006256104, 139.389389038, 139.784118652, 140.178863525, 140.573608398, 140.968338013, 141.363082886, 141.757827759, 142.152557373, 142.535690308, 142.918823242, 143.313552856, 143.708297729, 144.103042603, 144.497772217, 144.89251709, 145.287246704, 145.681991577, 146.065124512, 146.448257446, 146.842987061, 147.237731934, 147.632461548, 148.027206421, 148.421951294, 148.816680908, 149.211425781, 149.594558716, 149.97769165, 150.372421265, 150.767166138, 151.161895752, 151.556640625, 151.951385498, 152.346115112, 152.740859985, 153.135604858, 153.518722534, 153.901855469, 154.296600342, 154.691329956, 155.086074829, 155.480819702, 155.875549316, 156.270294189, 156.653427124, 157.0365448, 157.431289673, 157.826034546, 158.22076416, 158.615509033, 159.010253906, 159.404983521, 159.799728394, 160.182861328, 160.565979004, 160.960723877, 161.35546875, 161.750198364, 162.144943237, 162.539672852, 162.934417725, 163.329162598, 163.712280273, 164.095413208, 164.490158081, 164.884887695, 165.279632568, 165.674377441, 166.069107056, 166.463851929, 166.858596802, 167.241714478, 167.624847412, 168.019592285, 168.414321899, 168.809066772, 169.203811646, 169.59854126, 169.993286133, 170.388031006, 170.771148682, 171.154281616, 171.549026489, 171.943756104, 172.338500977, 172.73324585, 173.127975464, 173.522720337, 173.905853271, 174.300582886, 174.695327759, 175.078460693, 175.473190308, 175.867935181, 176.262680054, 176.657409668, 177.052154541, 177.435287476, 177.818405151, 178.213150024, 178.607894897, 179.002624512, 179.397369385, 179.792098999, 180.186843872, 180.581588745, 180.976318359, 181.359451294, 181.742584229, 182.137313843, 182.532058716, 182.926803589, 183.321533203, 183.716278076, 184.111022949, 184.505752563, 184.888885498, 185.272018433, 185.666748047, 186.06149292, 186.456237793, 186.850967407, 187.24571228, 187.640457153, 188.035186768, 188.418319702, 188.801452637, 189.196182251, 189.590927124, 189.985671997, 190.380401611, 190.775146484, 191.169876099, 191.564620972, 191.947753906, 192.330886841, 192.725616455, 193.120361328, 193.515090942, 193.909835815, 194.304580688, 194.699310303, 195.094055176, 195.47718811, 195.860321045, 196.255050659, 196.649795532, 197.044525146, 197.43927002, 197.834014893, 198.228744507, 198.62348938, 199.018234253, 199.401351929, 199.784484863, 200.179229736, 200.573959351, 200.968704224, 201.363449097, 201.758178711, 202.152923584, 202.547653198, 202.919174194, 203.313919067, 203.70866394, 204.103393555, 204.498138428, 204.892883301, 205.287612915, 205.682357788, 206.077087402, 206.460220337, 206.843353271, 207.238098145, 207.632827759, 208.027572632, 208.422302246, 208.817047119, 209.211791992, 209.594909668, 209.978042603, 210.372787476, 210.76751709, 211.162261963, 211.557006836, 211.95173645, 212.346481323, 212.741226196, 213.124343872, 213.507476807, 213.90222168, 214.296951294, 214.691696167, 215.08644104, 215.481170654, 215.875915527, 216.259048462, 216.642166138, 217.036911011, 217.431655884, 217.826385498, 218.221130371, 218.615875244, 219.010604858, 219.405349731, 219.800079346, 220.18321228, 220.566345215, 220.961090088, 221.355819702, 221.750564575, 222.145309448, 222.540039063, 222.934783936, 223.32951355, 223.724258423, 224.107391357, 224.490524292, 224.885253906, 225.279998779, 225.674728394, 226.069473267, 226.46421814, 226.858947754, 227.242080688, 227.625213623, 228.019943237, 228.41468811, 228.809432983, 229.204162598, 229.598907471, 229.993652344, 230.37677002, 230.759902954, 231.154647827, 231.549377441, 231.944122314, 232.338867188, 232.733596802, 233.128341675, 233.523086548, 233.917816162, 234.312561035, 234.707290649, 235.090423584, 235.473556519, 235.868301392, 236.263031006, 236.657775879, 237.052505493, 237.447250366, 237.830383301, 238.213516235, 238.60824585, 239.002990723, 239.397735596, 239.79246521, 240.187210083, 240.581939697, 240.97668457, 241.359817505, 241.742950439, 242.137680054, 242.532424927, 242.927154541, 243.321899414, 243.716644287, 244.111373901, 244.506118774, 244.900863647, 245.283981323, 245.667114258, 246.061859131, 246.456588745, 246.851333618, 247.246078491, 247.640808105, 248.035552979, 248.430297852, 248.813415527, 249.196548462, 249.591293335, 249.986022949, 250.380767822, 250.775512695, 251.17024231, 251.564987183, 251.959716797, 252.342849731, 252.725982666, 253.120727539, 253.515457153, 253.910202026, 254.304931641, 254.699676514, 255.094421387, 255.489151001, 255.883895874, 256.255401611, 256.650146484, 257.044891357, 257.43963623, 257.834381104, 258.229125977, 258.623840332, 259.018585205, 259.401733398, 259.784851074, 260.179595947, 260.57434082, 260.969055176, 261.363800049, 261.758544922, 262.153289795, 262.548034668, 262.931152344, 263.31427002, 263.709014893, 264.103759766, 264.498504639, 264.893249512, 265.287963867, 265.68270874, 266.077453613, 266.460571289, 266.843719482, 267.238464355, 267.633178711, 268.027923584, 268.422668457, 268.81741333, 269.212158203, 269.595275879, 269.978393555, 270.373138428, 270.767883301, 271.162628174, 271.557373047, 271.95211792, 272.346832275, 272.741577148, 273.136322021, 273.531066895, 273.91418457, 274.297332764, 274.692047119, 275.086791992, 275.481536865, 275.876281738, 276.271026611, 276.665740967, 277.04888916, 277.432006836, 277.826751709, 278.221496582, 278.616241455, 279.010955811, 279.405700684, 279.800445557, 280.19519043, 280.578308105, 280.961456299, 281.356170654, 281.750915527, 282.1456604, 282.540405273, 282.958374023, 283.376312256, 283.84072876, 284.293518066, 284.757904053, 285.210693359, 285.640258789, 286.069824219, 286.499420166, 286.928985596, 287.358551025, 287.788116455, 288.206085205, 288.635650635, 289.065216064, 289.483154297, 289.901123047, 290.330688477, 290.760253906, 291.178222656, 291.596191406, 292.025756836, 292.455322266, 292.873291016, 293.291229248, 293.709197998, 294.138763428, 294.568328857, 294.986297607, 295.404266357, 295.82220459, 296.24017334, 296.65814209, 297.076080322, 297.494049072, 297.912017822, 298.341583252, 298.771148682, 299.189117432, 299.607055664, 300.025024414, 300.442993164, 300.860961914, 301.278900146, 301.696868896, 302.114837646, 302.532775879, 302.950744629, 303.368713379, 303.786651611, 304.216217041, 304.645812988, 305.063751221, 305.481719971, 305.899688721, 306.317626953, 306.735595703, 307.153564453, 307.571502686, 307.989471436, 308.407440186, 308.825378418, 309.243347168, 309.661315918, 310.07925415, 310.4972229, 310.91519165, 311.3331604, 311.751098633, 312.169067383, 312.575408936, 312.981750488, 313.399719238, 313.817687988, 314.235626221, 314.641998291, 315.059936523, 315.466308594, 315.884246826, 316.302215576, 316.720184326, 317.138122559, 317.544494629, 317.950836182, 318.368804932, 318.786743164, 319.204711914, 319.611053467, 320.01739502, 320.43536377, 320.85333252, 321.27130127, 321.689239502, 322.095581055, 322.501953125, 322.919891357, 323.337860107, 323.755828857, 324.16217041, 324.568511963, 324.986480713, 325.404449463, 325.822387695, 326.240356445, 326.658325195, 327.076263428, 327.505859375, 327.947021484, 328.388214111, 328.829376221, 329.270568848, 329.723358154, 330.164520264, 330.582489014, 331.000457764, 331.418395996, 331.824768066, 332.231109619, 332.649078369, 333.067016602, 333.484985352, 333.891326904, 334.297668457, 334.715637207, 335.133605957, 335.551544189, 335.969512939, 336.375854492, 336.782226563, 337.165344238, 337.548461914, 337.943206787, 338.34954834, 338.75592041, 339.173858643, 339.591827393, 339.998168945, 340.404541016, 340.822479248, 341.252044678, 341.681640625, 342.099578857, 342.517547607, 342.935516357, 343.330230713, 343.724975586, 344.119720459, 344.514465332, 344.909210205, 345.303924561, 345.687072754, 346.07019043, 346.464935303, 346.859680176, 347.254425049, 347.649139404, 348.043884277, 348.43862915, 348.833374023, 349.216491699, 349.599639893, 349.994384766, 350.389099121, 350.783843994, 351.178588867, 351.57333374, 351.968078613, 352.362792969, 352.745941162, 353.129058838, 353.523803711, 353.918548584, 354.313293457, 354.708007813, 355.102752686, 355.497497559, 355.892242432, 356.275360107, 356.658508301, 357.053222656, 357.447967529, 357.842712402, 358.237457275, 358.632202148, 359.026947021, 359.421661377, 359.81640625, 360.199554443, 360.582672119, 360.977416992, 361.372161865, 361.766876221, 362.161621094, 362.556365967, 362.95111084, 363.334228516, 363.717376709, 364.112091064, 364.506835938, 364.901580811, 365.296325684, 365.691070557, 366.085784912, 366.480529785, 366.875274658, 367.270019531, 367.641540527, 368.0362854, 368.430999756, 368.825744629, 369.220489502, 369.615234375, 370.009979248, 370.393096924, 370.7762146, 371.170959473, 371.565704346, 371.960449219, 372.355194092, 372.749938965, 373.14465332, 373.539398193, 373.922546387, 374.305664063, 374.700408936, 375.095153809, 375.489868164, 375.884613037, 376.27935791, 376.674102783, 377.068847656, 377.451965332, 377.835083008, 378.229827881, 378.624572754, 379.019317627, 379.4140625, 379.808776855, 380.203521729, 380.598266602, 380.981384277, 381.364532471, 381.759277344, 382.153991699, 382.548736572, 382.943481445, 383.338226318, 383.732971191, 384.127716064, 384.52243042, 384.905578613, 385.288696289, 385.683441162, 386.078186035, 386.472930908, 386.867645264, 387.262390137, 387.64553833, 388.040252686, 388.423400879, 388.818145752, 389.212860107, 389.60760498, 390.002349854, 390.397094727, 390.7918396, 391.186553955, 391.569702148, 391.952819824, 392.347564697, 392.74230957, 393.137054443, 393.531799316, 393.926513672, 394.321258545, 394.716003418, 395.110748291, 395.493865967, 395.87701416, 396.271728516, 396.666473389, 397.061218262, 397.455963135, 397.850708008, 398.245422363, 398.628570557, 399.011688232, 399.406433105, 399.801177979, 400.195922852, 400.590637207, 400.98538208, 401.380126953, 401.774871826, 402.157989502, 402.541137695, 402.935852051, 403.330596924, 403.725341797, 404.12008667, 404.514831543, 404.909576416, 405.304290771, 405.687438965, 406.070556641, 406.465301514, 406.860046387, 407.25479126, 407.649505615, 408.044250488, 408.438995361, 408.833740234, 409.21685791, 409.600006104, 409.994720459, 410.389465332, 410.784210205, 411.178955078, 411.573699951, 411.968414307, 412.36315918, 412.757904053, 413.152648926, 413.547393799, 413.942138672, 414.336853027, 414.743225098, 415.14956665, 415.544311523, 415.950653076, 416.356994629, 416.763336182, 417.169708252, 417.587646484, 418.005615234, 418.435180664, 418.887969971, 419.329162598, 419.770324707, 420.223114014, 420.664306641, 421.09387207, 421.51184082, 421.929779053, 422.347747803, 422.765716553, 423.172058105, 423.578399658, 423.996368408, 424.414337158, 424.832275391, 425.238616943, 425.644989014, 426.062927246, 426.480895996, 426.898864746, 427.305206299, 427.723175049, 428.129516602, 428.547485352, 428.965423584, 429.383392334, 429.801361084, 430.207702637, 430.614044189, 431.032012939, 431.449981689, 431.856323242, 432.262664795, 432.680633545, 433.098571777, 433.516540527, 433.934509277, 434.352478027, 434.75881958, 435.165161133, 435.583129883, 436.001068115, 436.419036865, 436.825378418, 437.231750488, 437.649688721, 438.067657471, 438.485626221, 438.891967773, 439.309936523, 439.716278076, 440.134246826, 440.552185059, 440.970153809, 441.388122559, 441.794464111, 442.200805664, 442.618774414, 443.036712646, 443.443084717, 443.84942627, 444.26739502, 444.685333252, 445.091705322, 445.509643555, 445.916015625, 446.333953857, 446.751922607, 447.169891357, 447.58782959, 448.00579834, 448.412139893, 448.818481445, 449.236450195, 449.654418945, 450.072387695, 450.490325928, 450.89666748, 451.303039551, 451.720977783, 452.138946533, 452.556915283, 452.963256836, 453.369598389, 453.787567139, 454.205535889, 454.623474121, 455.029846191, 455.436187744, 455.854156494, 456.272094727, 456.690063477, 457.108032227, 457.525970459, 457.932312012, 458.338684082, 458.756622314, 459.174591064, 459.592559814, 460.010498047, 460.416870117, 460.82321167, 461.24118042, 461.659118652, 462.077087402, 462.495056152, 462.912994385, 463.319366455, 463.725708008, 464.143676758, 464.56161499, 464.97958374, 465.39755249, 465.815490723, 466.233459473, 466.663024902, 467.104217529, 467.545379639, 467.998168945], "beats_loudness": {"dmean2": 0.0252910256386, "median": 0.0327747091651, "min": 3.70499492197e-10, "dvar2": 0.0010101525113, "dvar": 0.00035673007369, "dmean": 0.0146729480475, "max": 0.151430398226, "var": 0.00089960556943, "mean": 0.035049661994}, "danceability": 1.36239695549, "bpm_histogram_second_peak_weight": {"dmean2": 0, "median": 0.154891297221, "min": 0.154891297221, "dvar2": 0, "dvar": 0, "dmean": 0, "max": 0.154891297221, "var": 0, "mean": 0.154891297221}, "beats_count": 1105, "bpm_histogram_second_peak_bpm": {"dmean2": 0, "median": 144, "min": 144, "dvar2": 0, "dvar": 0, "dmean": 0, "max": 144, "var": 0, "mean": 144}, "bpm_histogram_first_peak_spread": {"dmean2": 0, "median": 0.147151887417, "min": 0.147151887417, "dvar2": 0, "dvar": 0, "dmean": 0, "max": 0.147151887417, "var": 0, "mean": 0.147151887417}, "beats_loudness_band_ratio": {"dmean2": [0.302841216326, 0.174432829022, 0.126768574119, 0.113056510687, 0.0713625252247, 0.170863822103], "median": [0.437456727028, 0.112098999321, 0.0788351371884, 0.0617476776242, 0.0437997020781, 0.168293431401], "min": [0.000764579686802, 0.000363943341654, 0.000885464658495, 0.000178499598405, 0.00107429875061, 0.000627900648396], "dvar2": [0.0778149217367, 0.024922279641, 0.0337456017733, 0.0236034989357, 0.00752991763875, 0.023924773559], "dvar": [0.0277870111167, 0.00822056271136, 0.00976574327797, 0.00717653846368, 0.0023763445206, 0.00852491520345], "dmean": [0.174671843648, 0.0981847047806, 0.0714006349444, 0.0634421855211, 0.0398005209863, 0.0981561392546], "max": [0.990487992764, 0.683621764183, 0.773834347725, 0.792563796043, 0.518878102303, 0.751152634621], "var": [0.0695032402873, 0.0106421168894, 0.0134174730629, 0.0126610053703, 0.00528554664925, 0.0156344715506], "mean": [0.429790467024, 0.137328118086, 0.113639183342, 0.102032624185, 0.0713533386588, 0.188171818852]}}, "lowlevel": {"barkbands_spread": {"dmean2": 16.9425201416, "median": 32.469379425, "min": 0.463745892048, "dvar2": 356.720672607, "dvar": 176.265350342, "dmean": 10.7969141006, "max": 131.832229614, "var": 499.535583496, "mean": 36.8573074341}, "melbands_spread": {"dmean2": 17.19622612, "median": 26.6891212463, "min": 0.354487687349, "dvar2": 520.534118652, "dvar": 253.283859253, "dmean": 11.0957756042, "max": 266.332061768, "var": 691.569152832, "mean": 30.6678314209}, "hfc": {"dmean2": 23.3794593811, "median": 14.6125774384, "min": 1.14900164879e-16, "dvar2": 1282.75109863, "dvar": 591.969055176, "dmean": 16.2448253632, "max": 221.877288818, "var": 1135.49169922, "mean": 27.4854850769}, "barkbands_kurtosis": {"dmean2": 11.9562692642, "median": 1.04444527626, "min": -1.89441812038, "dvar2": 1170.87585449, "dvar": 499.80480957, "dmean": 7.71429681778, "max": 428.448791504, "var": 677.298034668, "mean": 9.34412097931}, "gfcc": {"mean": [-19.8819675446, 27.1060276031, -79.6589202881, 15.1326227188, -48.6185760498, 12.0273284912, -32.9496688843, 2.52688312531, -20.6437149048, 2.53159737587, -15.1374835968, 3.97191023827, -12.8268327713], "icov": [[0.0001005983504, 9.43234135775e-06, -0.000204110634513, -5.25888863194e-05, 6.35620381217e-05, -3.74626870325e-05, 0.000106591680378, -0.000204252835829, 0.000346551241819, -8.75344121596e-05, -0.000136891903821, -4.89555604872e-05, 0.000114945178211], [9.43234135775e-06, 0.00143828685395, -4.95308222526e-06, -0.000604826491326, -0.000863996101543, 0.000602483225521, -0.000150686930283, 0.000718282244634, -0.00118358479813, 0.00173311342951, -0.00111007667147, 0.00114960083738, 0.000451989588328], [-0.000204110634513, -4.95308222526e-06, 0.00218654610217, -0.00108895951416, -0.00140498869587, -0.000902984815184, 0.000887223985046, -0.000828470976558, -0.000310631730827, 0.000344743952155, 0.00019812741084, -0.000450597843155, 0.000827124167699], [-5.25888863194e-05, -0.000604826491326, -0.00108895951416, 0.00500792823732, -0.000163071628776, -0.00314181367867, 0.00148221768904, -0.000854144280311, 0.000194574662601, 0.000221606896957, -0.00156909029465, 0.00280194589868, -0.00164105638396], [6.35620381217e-05, -0.000863996101543, -0.00140498869587, -0.000163071628776, 0.007488344796, 8.24031376396e-05, -0.00497484160587, 0.00104676140472, 0.00127488060389, -0.00364934792742, 0.00376140605658, -0.00336606777273, 0.00223756954074], [-3.74626870325e-05, 0.000602483225521, -0.000902984815184, -0.00314181367867, 8.24031376396e-05, 0.0101452441886, -0.00261781783774, -0.000226025833399, -0.00115294835996, 0.00199949438684, -0.00148787733633, 0.000183704149094, -0.000133626672323], [0.000106591680378, -0.000150686930283, 0.000887223985046, 0.00148221768904, -0.00497484160587, -0.00261781783774, 0.0160297919065, -0.00890142004937, 0.000882643740624, -0.000542595109437, 0.000279257597867, -0.00182518700603, -0.000631068309303], [-0.000204252835829, 0.000718282244634, -0.000828470976558, -0.000854144280311, 0.00104676140472, -0.000226025833399, -0.00890142004937, 0.0210735630244, -0.00946224294603, 0.000402511825087, -0.00015505956253, 0.00208445545286, -0.000497020490002], [0.000346551241819, -0.00118358479813, -0.000310631730827, 0.000194574662601, 0.00127488060389, -0.00115294835996, 0.000882643740624, -0.00946224294603, 0.0224415231496, -0.00831718463451, -0.00142873241566, -0.000916978053283, 0.000465827208245], [-8.75344121596e-05, 0.00173311342951, 0.000344743952155, 0.000221606896957, -0.00364934792742, 0.00199949438684, -0.000542595109437, 0.000402511825087, -0.00831718463451, 0.0220782812685, -0.0131507823244, 0.00466145435348, -0.00279114209116], [-0.000136891903821, -0.00111007667147, 0.00019812741084, -0.00156909029465, 0.00376140605658, -0.00148787733633, 0.000279257597867, -0.00015505956253, -0.00142873241566, -0.0131507823244, 0.0289382506162, -0.0159235224128, 0.00515133142471], [-4.89555604872e-05, 0.00114960083738, -0.000450597843155, 0.00280194589868, -0.00336606777273, 0.000183704149094, -0.00182518700603, 0.00208445545286, -0.000916978053283, 0.00466145435348, -0.0159235224128, 0.0304729733616, -0.0145085500553], [0.000114945178211, 0.000451989588328, 0.000827124167699, -0.00164105638396, 0.00223756954074, -0.000133626672323, -0.000631068309303, -0.000497020490002, 0.000465827208245, -0.00279114209116, 0.00515133142471, -0.0145085500553, 0.0252216644585]], "cov": [[19130.875, 542.306640625, 3467.76782227, 1678.51416016, 491.547119141, 879.75970459, -6.0792889595, 333.067840576, -56.9482078552, 21.3250465393, 155.683319092, -93.4453201294, -216.089889526], [542.306640625, 1024.37463379, 329.602935791, 258.436798096, 149.051849365, 64.3628005981, 9.55094432831, 5.92947149277, 17.8241214752, -65.5854873657, -19.797958374, -75.6137466431, -74.3890533447], [3467.76782227, 329.602935791, 1492.2890625, 638.958679199, 304.290863037, 346.422363281, 56.8887786865, 140.086181641, 40.7001533508, 7.00249624252, 28.8216743469, -40.7743186951, -79.3697128296], [1678.51416016, 258.436798096, 638.958679199, 568.616516113, 111.221870422, 233.47996521, 6.2172088623, 70.4551620483, 24.5361671448, -6.20561075211, 20.3734378815, -48.5182380676, -36.5348854065], [491.547119141, 149.051849365, 304.290863037, 111.221870422, 287.216827393, 76.2397460938, 103.035446167, 54.4249649048, 23.0642051697, 32.2880249023, 3.35180473328, 11.0010786057, -20.2890300751], [879.75970459, 64.3628005981, 346.422363281, 233.47996521, 76.2397460938, 217.409759521, 42.0856781006, 57.3906059265, 24.8273544312, 4.49796152115, 19.4782962799, -7.65559434891, -13.1027936935], [-6.0792889595, 9.55094432831, 56.8887786865, 6.2172088623, 103.035446167, 42.0856781006, 137.33821106, 68.5251693726, 34.681968689, 31.9334430695, 15.1264677048, 21.7656154633, 6.58856630325], [333.067840576, 5.92947149277, 140.086181641, 70.4551620483, 54.4249649048, 57.3906059265, 68.5251693726, 108.550788879, 53.2031173706, 32.8705482483, 21.2064914703, 5.52008008957, -0.805556297302], [-56.9482078552, 17.8241214752, 40.7001533508, 24.5361671448, 23.0642051697, 24.8273544312, 34.681968689, 53.2031173706, 88.8310699463, 49.9857177734, 33.1185150146, 13.0549077988, 4.83992528915], [21.3250465393, -65.5854873657, 7.00249624252, -6.20561075211, 32.2880249023, 4.49796152115, 31.9334430695, 32.8705482483, 49.9857177734, 103.260551453, 55.2185668945, 27.7206172943, 14.2230072021], [155.683319092, -19.797958374, 28.8216743469, 20.3734378815, 3.35180473328, 19.4782962799, 15.1264677048, 21.2064914703, 33.1185150146, 55.2185668945, 83.2125015259, 41.4746284485, 12.9893894196], [-93.4453201294, -75.6137466431, -40.7743186951, -48.5182380676, 11.0010786057, -7.65559434891, 21.7656154633, 5.52008008957, 13.0549077988, 27.7206172943, 41.4746284485, 77.8247833252, 38.7218132019], [-216.089889526, -74.3890533447, -79.3697128296, -36.5348854065, -20.2890300751, -13.1027936935, 6.58856630325, -0.805556297302, 4.83992528915, 14.2230072021, 12.9893894196, 38.7218132019, 65.1776046753]]}, "spectral_energyband_middle_low": {"dmean2": 0.0148753980175, "median": 0.00248699216172, "min": 3.99695499619e-22, "dvar2": 0.000837076862808, "dvar": 0.000380899902666, "dmean": 0.00965734757483, "max": 0.158884808421, "var": 0.000406047329307, "mean": 0.0101857455447}, "melbands_crest": {"dmean2": 6.85440921783, "median": 14.0078001022, "min": 2.74308490753, "dvar2": 35.5823822021, "dvar": 15.7931499481, "dmean": 4.31443071365, "max": 38.5076026917, "var": 50.8009567261, "mean": 15.533246994}, "spectral_kurtosis": {"dmean2": 1.32594156265, "median": 2.76506447792, "min": -1.20567584038, "dvar2": 2.33922982216, "dvar": 1.05645155907, "dmean": 0.87878549099, "max": 24.7339572906, "var": 3.33999752998, "mean": 2.7824139595}, "spectral_rms": {"dmean2": 0.00158976286184, "median": 0.00395119888708, "min": 3.196462409e-12, "dvar2": 3.45611624653e-06, "dvar": 1.79071196271e-06, "dmean": 0.00107809645124, "max": 0.0134846167639, "var": 1.11158524305e-05, "mean": 0.00442633312196}, "zerocrossingrate": {"dmean2": 0.0257014706731, "median": 0.1015625, "min": 0, "dvar2": 0.000592794618569, "dvar": 0.000499036919791, "dmean": 0.0221517756581, "max": 0.4990234375, "var": 0.00378018710762, "mean": 0.110535874963}, "silence_rate_60dB": {"dmean2": 0.110775329173, "median": 0, "min": 0, "dvar2": 0.117652632296, "dvar": 0.0523170419037, "dmean": 0.0553849190474, "max": 1, "var": 0.21350120008, "mean": 0.308862149715}, "erbbands_kurtosis": {"dmean2": 1.29616308212, "median": -0.36200016737, "min": -1.84627175331, "dvar2": 5.17654800415, "dvar": 2.1038877964, "dmean": 0.802581727505, "max": 39.911403656, "var": 2.67981743813, "mean": -0.0587939731777}, "erbbands": {"dmean2": [0.275372385979, 2.08796143532, 8.03908443451, 15.4112997055, 35.1692810059, 36.9012680054, 15.4433956146, 10.3344163895, 10.7629537582, 7.42300510406, 12.6466665268, 11.4401855469, 13.2990226746, 14.5207500458, 8.41769218445, 19.0079879761, 12.7030124664, 17.4828968048, 14.1498003006, 5.33495569229, 7.70068502426, 8.24940872192, 8.12528324127, 9.14512825012, 7.87223243713, 5.22689056396, 10.9307851791, 5.49292898178, 6.78687906265, 12.4225482941, 15.32533741, 14.1352643967, 8.30485630035, 4.6712346077, 2.32352018356, 1.44873178005, 0.467031270266, 0.146584406495, 0.0292525608093, 0.00147199770436], "median": [0.042507506907, 0.253878116608, 0.593007326126, 0.996301174164, 1.73441529274, 2.35837173462, 2.57498788834, 2.4409635067, 3.02356076241, 2.08113574982, 3.00149774551, 2.31921124458, 3.33341813087, 3.86812472343, 2.3012816906, 3.83733439445, 3.75903773308, 4.0465965271, 5.07421541214, 2.4875664711, 3.79151940346, 3.79621648788, 3.21470546722, 2.68736839294, 3.14385080338, 2.56308913231, 3.24657082558, 2.58415079117, 3.04117178917, 3.69890213013, 3.38750219345, 2.67308068275, 1.96530675888, 1.29516935349, 0.786052167416, 0.463258236647, 0.196877539158, 0.048563208431, 0.008375601843, 0.00038405097439], "min": [4.96622720398e-21, 3.30572715167e-20, 4.46272890825e-20, 6.34110259858e-20, 1.09847724191e-19, 5.38966039409e-20, 1.82242364606e-19, 1.1608035433e-18, 1.27053360105e-18, 7.8020740371e-19, 2.53114972015e-18, 1.76768641659e-18, 1.08833476683e-18, 1.99052204937e-18, 5.72909593593e-18, 5.93351583994e-18, 4.02394458045e-18, 2.365826301e-18, 7.36191572353e-18, 1.19353634159e-17, 5.03421748568e-18, 5.81172342091e-18, 6.05569662027e-18, 1.87728954348e-17, 1.36310042623e-17, 1.82967686198e-17, 1.29977379464e-17, 1.60321946025e-17, 1.62451539055e-17, 1.70836023724e-17, 1.38578635084e-17, 1.81363137789e-17, 1.34640767332e-17, 1.13805518724e-17, 9.55845082677e-18, 5.93549280161e-18, 2.75068242075e-18, 1.28984444265e-18, 3.40715125624e-19, 3.4071475727e-20], "dvar2": [0.262174099684, 13.1473264694, 281.583587646, 1194.77380371, 7909.4765625, 8514.88378906, 843.273010254, 345.373718262, 335.106262207, 169.690582275, 665.176147461, 954.886291504, 959.976013184, 1633.77368164, 501.116760254, 3212.60229492, 1689.76647949, 1987.98669434, 958.218688965, 114.155601501, 209.919342041, 256.560150146, 278.411468506, 448.281585693, 235.795288086, 66.349105835, 517.199279785, 80.6883239746, 138.693756104, 471.036407471, 509.427978516, 736.374755859, 252.133712769, 63.2761535645, 17.0183944702, 6.93785524368, 0.561563313007, 0.0550643801689, 0.00233738985844, 6.92528374202e-06], "dvar": [0.10210185498, 5.9136133194, 125.967811584, 495.169067383, 2959.58007813, 3156.96313477, 318.394104004, 144.492126465, 138.985626221, 65.7512359619, 272.726013184, 382.123443604, 404.368438721, 631.028991699, 184.445114136, 1167.58044434, 622.212402344, 727.721679688, 357.175231934, 44.8273620605, 83.5994873047, 101.538711548, 111.638511658, 178.575714111, 97.515296936, 29.1615715027, 233.962600708, 36.9898986816, 58.5314865112, 199.407897949, 218.712203979, 316.157653809, 116.458374023, 29.4892597198, 7.80560684204, 3.13703250885, 0.256095677614, 0.0266268607229, 0.00117607659195, 3.44983095601e-06], "dmean": [0.175557553768, 1.4063949585, 5.32283592224, 9.61443424225, 20.1876888275, 21.0492095947, 9.15339374542, 6.32715988159, 6.66386985779, 4.49973392487, 7.91406011581, 7.08116722107, 8.39442539215, 8.87020206451, 5.04959011078, 11.362165451, 7.6181063652, 10.3367538452, 8.50219535828, 3.27224779129, 4.69175720215, 5.09812450409, 5.04580068588, 5.63726043701, 4.90281295776, 3.35056233406, 7.1848025322, 3.56843996048, 4.31869697571, 8.04629611969, 9.875207901, 9.05049705505, 5.49289131165, 3.03696393967, 1.55540382862, 0.97507661581, 0.314222663641, 0.0995230823755, 0.0198713708669, 0.000996427144855], "max": [4.17289733887, 28.9717063904, 97.2321624756, 193.517120361, 440.640625, 476.172546387, 229.743026733, 228, 259.636688232, 144.68850708, 356.068908691, 539.239990234, 491.424926758, 856.605163574, 610.315368652, 1093.8572998, 1181.40722656, 793.065734863, 513.742919922, 164.359802246, 236.406921387, 309.129241943, 220.958862305, 300.334991455, 231.440505981, 148.468673706, 167.148849487, 64.8040008545, 94.3765335083, 183.42616272, 142.913101196, 162.421920776, 103.736541748, 46.2285270691, 28.1994743347, 16.0545501709, 7.32749605179, 2.63469600677, 0.51798838377, 0.0309596713632], "var": [0.208476305008, 13.904576