{"tonal": {"thpcp": [1, 0.92678886652, 0.680747628212, 0.461915612221, 0.347826689482, 0.345746725798, 0.388415932655, 0.400506436825, 0.432770043612, 0.539949774742, 0.623673319817, 0.535506784916, 0.442314237356, 0.453402161598, 0.550448000431, 0.786123633385, 0.922533929348, 0.825457811356, 0.639973342419, 0.45964679122, 0.429571330547, 0.522339046001, 0.653926432133, 0.689229130745, 0.51394623518, 0.406124830246, 0.397634834051, 0.400789916515, 0.408552408218, 0.335331380367, 0.330130010843, 0.409068316221, 0.425551235676, 0.512182950974, 0.744824707508, 0.922733545303], "hpcp": {"dmean2": [0.502657949924, 0.473078429699, 0.413555502892, 0.342684328556, 0.260810792446, 0.201899126172, 0.207099288702, 0.229492306709, 0.232210665941, 0.248077616096, 0.273393124342, 0.288603574038, 0.267044872046, 0.247679769993, 0.241609111428, 0.288482666016, 0.37354940176, 0.416970342398, 0.3786226511, 0.337212741375, 0.263896495104, 0.218847349286, 0.255750387907, 0.308450043201, 0.377675563097, 0.265980392694, 0.198352321982, 0.197751194239, 0.190978839993, 0.19491237402, 0.171566084027, 0.168685391545, 0.206812351942, 0.257972985506, 0.334701746702, 0.456687182188], "median": [0.0690756440163, 0.100339725614, 0.0855438783765, 0.0558584816754, 0.0280649289489, 0.0200843028724, 0.0198374167085, 0.0243832673877, 0.0266432873905, 0.0268061235547, 0.0382866039872, 0.0423836782575, 0.0416033640504, 0.0352218002081, 0.0352873615921, 0.0388972386718, 0.0711088776588, 0.0909152626991, 0.0795180723071, 0.0420702323318, 0.0238835159689, 0.0263114124537, 0.0410030931234, 0.0590842142701, 0.0463267788291, 0.0390274822712, 0.028041254729, 0.0265771150589, 0.0275702252984, 0.0268277414143, 0.0238103792071, 0.02307260409, 0.0239973887801, 0.0237590353936, 0.0251851044595, 0.037501104176], "min": [0, 0, 0, 0, 0, 0, 0, 0, 0, 0, 0, 0, 0, 0, 0, 0, 0, 0, 0, 0, 0, 0, 0, 0, 0, 0, 0, 0, 0, 0, 0, 0, 0, 0, 0, 0], "dvar2": [0.272754311562, 0.223285004497, 0.202517226338, 0.175999164581, 0.135804176331, 0.11122751236, 0.120418034494, 0.133091345429, 0.127310246229, 0.140613824129, 0.139341637492, 0.14387345314, 0.136438325047, 0.131404429674, 0.125088080764, 0.15432831645, 0.185893282294, 0.208992823958, 0.184840664268, 0.182169258595, 0.146197274327, 0.105021506548, 0.133229494095, 0.121936380863, 0.219944745302, 0.103076510131, 0.0844136700034, 0.0783149525523, 0.0790362507105, 0.0962832197547, 0.0803713947535, 0.0847153514624, 0.110970966518, 0.14811219275, 0.199032112956, 0.270115911961], "dvar": [0.101162582636, 0.0882545635104, 0.077931933105, 0.0655938982964, 0.0511466301978, 0.0409304387867, 0.0429811924696, 0.0476676486433, 0.0458800308406, 0.0515494793653, 0.0527143292129, 0.0554051063955, 0.0499031357467, 0.0475758314133, 0.0458291471004, 0.0571121536195, 0.0677522346377, 0.0788683816791, 0.0725517570972, 0.0720410048962, 0.0542991533875, 0.0395092330873, 0.0515754893422, 0.0488366857171, 0.0876610502601, 0.0401831418276, 0.0319772139192, 0.0300599373877, 0.0289500895888, 0.0337780155241, 0.0284188427031, 0.0305803455412, 0.0407648906112, 0.0530462861061, 0.0717484429479, 0.0981003418565], "dmean": [0.276675194502, 0.265585869551, 0.235545799136, 0.192675173283, 0.144679754972, 0.111213997006, 0.113142676651, 0.125459715724, 0.126824438572, 0.13718444109, 0.155790194869, 0.164696663618, 0.149902179837, 0.136859670281, 0.134822502732, 0.160385921597, 0.208938241005, 0.233579009771, 0.216041132808, 0.190499097109, 0.145215004683, 0.124582260847, 0.14676515758, 0.174300402403, 0.205763816833, 0.148008540273, 0.112454354763, 0.112821437418, 0.108424156904, 0.110011920333, 0.0961291566491, 0.0946387574077, 0.114861294627, 0.139491200447, 0.181173965335, 0.248172089458], "max": [1, 1, 1, 1, 1, 1, 1, 1, 1, 1, 1, 1, 1, 1, 1, 1, 1, 1, 1, 1, 1, 1, 1, 1, 1, 1, 1, 1, 1, 1, 1, 1, 1, 1, 1, 1], "var": [0.100948028266, 0.100909598172, 0.0929271578789, 0.0643877759576, 0.0440166443586, 0.0315666422248, 0.031583622098, 0.0358398556709, 0.035177025944, 0.041081905365, 0.0494478866458, 0.0639886185527, 0.0468375496566, 0.0384924933314, 0.0392126142979, 0.0527156963944, 0.0730324983597, 0.0898162797093, 0.0770542472601, 0.0675923004746, 0.045218013227, 0.0375621914864, 0.049240514636, 0.0529521591961, 0.0789256617427, 0.0391892157495, 0.0328296124935, 0.0300073809922, 0.0303939823061, 0.0344154275954, 0.0241135023534, 0.0260124504566, 0.0403842069209, 0.0407923385501, 0.0550441630185, 0.088475368917], "mean": [0.234592065215, 0.254235982895, 0.235623076558, 0.173070535064, 0.117435567081, 0.0884300619364, 0.0879012569785, 0.0987493097782, 0.101823151112, 0.110025718808, 0.137274667621, 0.158560201526, 0.136145099998, 0.112452194095, 0.115271143615, 0.139943689108, 0.199860915542, 0.234541326761, 0.209861084819, 0.162704259157, 0.116858750582, 0.109212487936, 0.132797375321, 0.166251629591, 0.175226852298, 0.130663633347, 0.103251546621, 0.10109308362, 0.101895220578, 0.103868722916, 0.0852533057332, 0.0839309245348, 0.103999882936, 0.108190439641, 0.130215331912, 0.18936124444]}, "tuning_equal_tempered_deviation": 0.275686860085, "chords_changes_rate": 0.084072060883, "key_key": "D", "tuning_diatonic_strength": 0.506289243698, "key_scale": "minor", "chords_number_rate": 0.00214469549246, "tuning_frequency": 434.193115234, "tuning_nontempered_energy_ratio": 0.921684443951, "chords_histogram": [24.0348873138, 5.93365764618, 8.67886734009, 2.61652851105, 0, 0.0285959392786, 7.49213600159, 14.8412923813, 1.12953960896, 15.7134685516, 4.57535028458, 0.486130982637, 0.128681734204, 1.84443807602, 2.44495272636, 0.0571918785572, 0, 0, 2.48784661293, 1.0723477602, 4.78981971741, 0.185873612761, 0.114383757114, 1.344009161], "key_strength": 0.674475610256, "chords_key": "D", "chords_strength": {"dmean2": 0.0174836143851, "median": 0.498655080795, "min": 0.184466853738, "dvar2": 0.000229406621656, "dvar": 0.000125335078337, "dmean": 0.0134289031848, "max": 0.740996658802, "var": 0.00772003969178, "mean": 0.497290611267}, "chords_scale": "minor", "hpcp_entropy": {"dmean2": 1.41470181942, "median": 2.39478349686, "min": 0, "dvar2": 1.12619495392, "dvar": 0.397651791573, "dmean": 0.816589772701, "max": 4.44912385941, "var": 0.662369251251, "mean": 2.41826200485}}, "metadata": {"audio_properties": {"equal_loudness": 0, "codec": "mp3", "downmix": "mix", "sample_rate": 44100, "analysis_sample_rate": 44100, "bit_rate": 192000, "md5_encoded": "83b103f3719b42bac02868cda417a044", "length": 324.728149414, "replay_gain": -9.01464653015, "lossless": false}, "version": {"essentia_build_sha": "2d9f1f26377add8aeb1075a9c2973f962c4f09fd", "essentia": "2.1-beta2", "extractor": "music 1.0", "essentia_git_sha": "v2.1_beta2-1-ge3940c0"}, "tags": {"title": ["Reaching From Sunshine"], "barcode": ["8 590442 394772"], "media": ["CD"], "albumartist": ["DJ Loutka"], "language": ["eng"], "musicbrainz_recordingid": ["0b2718ed-44dc-4972-96dd-60bc772b04eb"], "mood": ["Weird"], "album": ["Housebox"], "musicbrainz_albumartistid": ["90fd01b9-a83e-4d8b-8272-3dd95c30f0eb"], "discnumber": ["01/01"], "originalartist": ["DJ Loutka"], "bpm": ["128.50"], "catalognumber": ["ERA 9706 - 2/4"], "contentgroup": ["House"], "originalalbum": ["Housebox"], "musicbrainz album type": ["Album", "Compilation"], "musicbrainz album status": ["Official"], "file_name": "09 - Virus - Reaching From Sunshine.mp3", "acoustid_fingerprint": ["AQABz00kNYk44WzxIzz6PNCSIyeeTcT0w-lE4b3hceiDP8HV4z86I-VH9LgC7YdPXPiPHM-Rnhce6NMS_Ea-gyfeIh8u6ONxBu9wqhAP5rhUIDzc4yuOTngR8he-Q9yDH6-GPzj8QYethchB9ciJZ9B-kER4nER6_BBexKNi2Dj-4-Txw0e6F5YPHe9C4MJluMWhy4TFZCmKNttVfIKfFd0E7XiI58Xhd9DR4wgvBcb1C78RHN0M7Ydz2Ebe4Efqowe3GJ0HsU2J86iqfdA-fDvSUCeOXbvwjbvwH37RZ0ZoH97044b2YyIZ5GrhiceVo99x5nhy5Evx_BCTasaTHGeU7FCP5gi_I88So-GhZ4O3HOGHk7FQHw2r4MmDMLmKWoV2jUTzHJeYI-dQCnZIuPzw7HBUtD8uPYgb5ngG65GNN4cuJSpONNkRXkqOW3rQ7AVzomrQjFmOL0Z8Q0tk5chhVcokVFTGof_QVDl4hsNltMqRM3DJZXiCj0Z5XMUp5dDkoBEt4s7xKFEEHeHRrEqKE63GBunKQT_SL0cfGtfRZNURLpwKTVeRPocnU3iOZ8dj_Mhn-Kfxok90PCp-DqqJZsyFrpqMU8TDLMYlhByafDFahTCXgLFqMOTQPELsQs6NPOKMV0NTKsO5o-LxHHu44FaK0LCEf8coRyg7fNHxNdClGU0-dGkU4ymUK0uOnQiTo6WSDT2PMA8PrT_COLTwhAN9D00NRo8cPPGPMCMNzQ76kkeY6saXBTf6HBfeLTMcS2iX4TfyHe8g6h_e4zpe9Dma68i1oOFRduhzNKfxZDlyHVLCW8hyKSgfNLpi41Qu9Ie7I3_xiCl6IT9q5nAs5ZieyXhwIw9ElTmeIWdyPMqDMD8O_TAXqbjI4xfS8wgXZimOavAVHP5TxGqUoHmOPD_ChcRTpBIu8fjxLMSj5UIOVI50XDvS-rie48yh_TCR-_iS44ePjwtbnHDy4shHQGxnBOdx4T_co2coVMd7-EfKRQf0GncpWJKyIDdCq-jhQ-siIT8eSUafD2nF4xz0RSnxI-_wSDOiivB5qEf440O1KFGy4T2u75iP1JGOPkrQ7jCL5_hi2Ma4E90c9BKcGX0iHDeqQ8sTY9VRXcdhRwoFHz_UVSHy4puEnujRHHnwCQ3HY1-OPThERrvxHYe7Ey2XuehzDCKpBP0kofuDrWKMOxAZYzqDPsFxLRdGiCoq6uiFaB56AOEgAUgqxgQxQghDmACAOcGANQ4g4YSQwABjiGAIGEYYIEIBIZ4ADgghlBFicM-YUU5ZC5B1ggAjnDLCQEKNI4ABrKgwSDISBCAIOGSMYsgxY5BBgDAiBAGCGCIIMQURwQgBTBAkHDAKEWQAEYgoRYgDQACgCCAAAgEAc4wQYpgDCgBDBDAAAiQJUQIiYYgAiEHBkBECEAcEAooxQBUhBCAhDCHCCAYEIYAI5RAhABCACAIOOEOGEEwoBQQAAgBmEBAQIeAQMYIYJy0wgiinAFBCYCAAAAQ4JIQBihAhjFWACcQAMAAYAKAAhBRmBFCKAAoIocwwMAQBQAAChDOAKQcwYMIUByBwBApjBCDGAMeBAUoAgYTS0ghgDGIKAgagEUQRB4RgiAIBDEOUICGMVgIggphxQAagACFACIOAkQI"], "date": ["1997"], "genre": ["Electronic"], "musicbrainz album release country": ["CZ"], "musicip_puid": ["3c0f6f2f-9b21-e0ac-1fca-c7f4648f05c8"], "musicbrainz_artistid": ["872c289e-df31-40db-97f0-edd95b41df60"], "originaldate": ["1997"], "musicbrainz_albumid": ["700b47f8-47d4-4b33-b67f-5840592e0d49"], "artist": ["Virus"], "artistsort": ["Virus"], "tracknumber": ["09/15"], "label": ["NextEra"], "albumartistsort": ["Loutka, DJ", "Loutka, DJ"], "acoustid_id": ["e3db5d60-6080-4461-a892-fa448e168dbc"], "script": ["Latn", "Latin"], "musicbrainz_releasegroupid": ["bf49c5b6-685a-3e85-aa1d-efb33782427f"]}}, "rhythm": {"bpm_histogram_first_peak_bpm": {"dmean2": 0, "median": 129, "min": 129, "dvar2": 0, "dvar": 0, "dmean": 0, "max": 129, "var": 0, "mean": 129}, "bpm": 128.344055176, "bpm_histogram_second_peak_spread": {"dmean2": 0, "median": 0.5, "min": 0.5, "dvar2": 0, "dvar": 0, "dmean": 0, "max": 0.5, "var": 0, "mean": 0.5}, "bpm_histogram_first_peak_weight": {"dmean2": 0, "median": 0.682080924511, "min": 0.682080924511, "dvar2": 0, "dvar": 0, "dmean": 0, "max": 0.682080924511, "var": 0, "mean": 0.682080924511}, "onset_rate": 5.74916744232, "beats_position": [0.417959183455, 0.847528338432, 1.27709746361, 1.71827661991, 2.18267560005, 2.6470746994, 3.09986400604, 3.55265307426, 4.01705217361, 4.48145103455, 4.94585037231, 5.41024923325, 5.87464857101, 6.33904743195, 6.80344676971, 7.26784563065, 7.73224496841, 8.19664382935, 8.66104316711, 9.12544155121, 9.58984088898, 10.0426301956, 10.4954195023, 10.95981884, 11.4242172241, 11.8886165619, 12.3530158997, 12.8174142838, 13.2818136215, 13.7462129593, 14.2106122971, 14.6750106812, 15.1626300812, 15.6618595123, 16.1610889435, 16.6487064362, 17.1479358673, 17.6587753296, 18.1347846985, 18.5991840363, 19.0635814667, 19.5279808044, 19.9923801422, 20.45677948, 20.9211788177, 21.3855781555, 21.8499774933, 22.3143768311, 22.7787742615, 23.2315635681, 23.6843528748, 24.1487522125, 24.6131515503, 25.0775508881, 25.5419502258, 26.0063495636, 26.470746994, 26.9351463318, 27.3995456696, 27.8639450073, 28.3283443451, 28.7927436829, 29.2571430206, 29.7215423584, 30.1859397888, 30.6387290955, 31.0915184021, 31.5559177399, 32.0203170776, 32.4847145081, 32.9491157532, 33.4135131836, 33.8779144287, 34.3423118591, 34.8067131042, 35.2711105347, 35.7355079651, 36.1999092102, 36.6643066406, 37.1287078857, 37.5814971924, 38.034286499, 38.4986839294, 38.9630813599, 39.427482605, 39.8918800354, 40.3562812805, 40.8206787109, 41.2850799561, 41.7494773865, 42.2138786316, 42.678276062, 43.1426734924, 43.6070747375, 44.071472168, 44.5358734131, 45.0002708435, 45.4646720886, 45.929069519, 46.3934669495, 46.8578681946, 47.322265625, 47.7866668701, 48.2510643005, 48.7154655457, 49.1798629761, 49.6442604065, 50.1086616516, 50.573059082, 51.0374603271, 51.5018577576, 51.9662590027, 52.4306564331, 52.8950538635, 53.3594551086, 53.8238525391, 54.299861908, 54.7758712769, 55.240272522, 55.7046699524, 56.1690673828, 56.6334686279, 57.0978660583, 57.5622673035, 58.0266647339, 58.491065979, 58.9670753479, 59.4430847168, 59.9074821472, 60.3718795776, 60.8362808228, 61.3006782532, 61.7650794983, 62.2294769287, 62.7054862976, 63.1814956665, 63.6458930969, 64.1102905273, 64.5746917725, 65.0390930176, 65.5150985718, 65.9911117554, 66.4555053711, 66.9199066162, 67.3843078613, 67.8487091064, 68.3247146606, 68.8007278442, 69.26512146, 69.7295227051, 70.2055282593, 70.6815414429, 71.145942688, 71.6103363037, 72.0747375488, 72.5391387939, 73.0151443481, 73.4911575317, 73.9555511475, 74.4199523926, 74.8843536377, 75.3487548828, 75.8131484985, 76.2891616821, 76.7651672363, 77.2295684814, 77.6939697266, 78.1583633423, 78.6227645874, 79.098777771, 79.5747833252, 80.0391845703, 80.503578186, 80.9679794312, 81.4439926147, 81.9199981689, 82.3843994141, 82.8487930298, 83.3131942749, 83.77759552, 84.2536010742, 84.7296142578, 85.1940155029, 85.6584091187, 86.1228103638, 86.5872116089, 87.0516052246, 87.5276184082, 88.0036239624, 88.4680252075, 88.9324264526, 89.4084320068, 89.8844451904, 90.3488388062, 90.8132400513, 91.2776412964, 91.7420425415, 92.2064361572, 92.6824493408, 93.158454895, 93.6228561401, 94.0872573853, 94.551651001, 95.0160522461, 95.4920654297, 95.9680709839, 96.432472229, 96.8968658447, 97.3612670898, 97.825668335, 98.3016738892, 98.7776870728, 99.2420806885, 99.7064819336, 100.182495117, 100.658500671, 101.122901917, 101.587303162, 102.051696777, 102.516098022, 102.992103577, 103.46811676, 103.932518005, 104.396911621, 104.861312866, 105.325714111, 105.790107727, 106.266120911, 106.742126465, 107.20652771, 107.670928955, 108.1353302, 108.599723816, 109.075737, 109.551742554, 110.016143799, 110.480545044, 110.94493866, 111.409339905, 111.885353088, 112.361358643, 112.825759888, 113.290153503, 113.754554749, 114.230567932, 114.706573486, 115.170974731, 115.635368347, 116.099769592, 116.564170837, 117.028572083, 117.504577637, 117.98059082, 118.444984436, 118.909385681, 119.373786926, 119.84979248, 120.325805664, 120.79019928, 121.254600525, 121.71900177, 122.195007324, 122.671020508, 123.135414124, 123.599815369, 124.064216614, 124.528617859, 124.993011475, 125.469024658, 125.945030212, 126.409431458, 126.873832703, 127.338226318, 127.814239502, 128.290252686, 128.754638672, 129.219039917, 129.683441162, 130.147842407, 130.623855591, 131.099868774, 131.564254761, 132.028656006, 132.493057251, 132.969070435, 133.445083618, 133.909469604, 134.37387085, 134.838272095, 135.30267334, 135.767074585, 136.243087769, 136.719085693, 137.183486938, 137.647888184, 138.123901367, 138.588302612, 139.064300537, 139.528701782, 139.993103027, 140.457504272, 140.921905518, 141.397918701, 141.873916626, 142.338317871, 142.802719116, 143.267120361, 143.731521606, 144.207519531, 144.683532715, 145.14793396, 145.612335205, 146.07673645, 146.541137695, 147.01713562, 147.493148804, 147.957550049, 148.421951294, 148.886352539, 149.362350464, 149.838363647, 150.302764893, 150.767166138, 151.231567383, 151.695953369, 152.171966553, 152.647979736, 153.112380981, 153.576782227, 154.041183472, 154.505569458, 154.981582642, 155.457595825, 155.92199707, 156.386398315, 156.850784302, 157.315185547, 157.79119873, 158.267211914, 158.731613159, 159.195999146, 159.660400391, 160.136413574, 160.612426758, 161.076828003, 161.541213989, 162.005615234, 162.470016479, 162.946029663, 163.422042847, 163.886444092, 164.350830078, 164.815231323, 165.279632568, 165.755645752, 166.231658936, 166.696044922, 167.160446167, 167.624847412, 168.089248657, 168.565261841, 169.041259766, 169.505661011, 169.970062256, 170.434463501, 170.898864746, 171.37487793, 171.850875854, 172.3152771, 172.779678345, 173.24407959, 173.708480835, 174.184494019, 174.660491943, 175.124893188, 175.589294434, 176.053695679, 176.529708862, 177.005706787, 177.470108032, 177.934509277, 178.398910522, 178.874923706, 179.350921631, 179.815322876, 180.279724121, 180.744125366, 181.208526611, 181.684524536, 182.16053772, 182.624938965, 183.08934021, 183.553741455, 184.0181427, 184.482528687, 184.95854187, 185.434555054, 185.898956299, 186.363357544, 186.827758789, 187.303756714, 187.779769897, 188.244171143, 188.708572388, 189.172973633, 189.637359619, 190.113372803, 190.589385986, 191.053787231, 191.518188477, 191.982574463, 192.446975708, 192.922988892, 193.399002075, 193.86340332, 194.327789307, 194.792190552, 195.256591797, 195.720993042, 196.197006226, 196.673019409, 197.137405396, 197.601806641, 198.077819824, 198.553833008, 199.018234253, 199.482620239, 199.947021484, 200.423034668, 200.899047852, 201.363449097, 201.827835083, 202.292236328, 202.756637573, 203.221038818, 203.697052002, 204.173049927, 204.637451172, 205.101852417, 205.566253662, 206.030654907, 206.506668091, 206.982666016, 207.447067261, 207.911468506, 208.375869751, 208.840270996, 209.31628418, 209.792282104, 210.25668335, 210.721084595, 211.18548584, 211.661499023, 212.137496948, 212.601898193, 213.066299438, 213.530700684, 213.995101929, 214.459503174, 214.935501099, 215.411514282, 215.875915527, 216.340316772, 216.804718018, 217.280715942, 217.756729126, 218.221130371, 218.685531616, 219.149932861, 219.614334106, 220.090332031, 220.566345215, 221.03074646, 221.495147705, 221.95954895, 222.423934937, 222.89994812, 223.375961304, 223.840362549, 224.304763794, 224.76914978, 225.233551025, 225.697952271, 226.173965454, 226.649978638, 227.114364624, 227.578765869, 228.043167114, 228.519180298, 228.995193481, 229.459594727, 229.923980713, 230.388381958, 230.864395142, 231.340408325, 231.80480957, 232.269195557, 232.733596802, 233.197998047, 233.662399292, 234.138412476, 234.6144104, 235.078811646, 235.543212891, 236.007614136, 236.483627319, 236.959625244, 237.424026489, 237.888427734, 238.352828979, 238.828842163, 239.304855347, 239.769241333, 240.233642578, 240.698043823, 241.174057007, 241.638458252, 242.114456177, 242.578857422, 243.043258667, 243.507659912, 243.972061157, 244.448074341, 244.924072266, 245.388473511, 245.852874756, 246.317276001, 246.793289185, 247.257675171, 247.733688354, 248.1980896, 248.662490845, 249.12689209, 249.602905273, 250.078903198, 250.543304443, 251.007705688, 251.472106934, 251.936508179, 252.400909424, 252.876907349, 253.352920532, 253.817321777, 254.281723022, 254.746124268, 255.210510254, 255.686523438, 256.162536621, 256.626922607, 257.091339111, 257.555725098, 258.031738281, 258.507751465, 258.972137451, 259.436553955, 259.900939941, 260.365356445, 260.829742432, 261.305755615, 261.781768799, 262.246154785, 262.710571289, 263.174957275, 263.650970459, 264.126983643, 264.591369629, 265.055786133, 265.520172119, 265.996185303, 266.472198486, 266.936584473, 267.401000977, 267.865386963, 268.329803467, 268.805786133, 269.281799316, 269.74621582, 270.210601807, 270.675018311, 271.139404297, 271.603790283, 272.079803467, 272.55581665, 273.020233154, 273.484619141, 273.949005127, 274.413421631, 274.889434814, 275.365447998, 275.829833984, 276.294250488, 276.758636475, 277.234649658, 277.710662842, 278.175048828, 278.639465332, 279.103851318, 279.568237305, 280.044250488, 280.520263672, 280.984680176, 281.449066162, 281.913452148, 282.377868652, 282.853881836, 283.32989502, 283.794281006, 284.258666992, 284.723083496, 285.187469482, 285.663482666, 286.13949585, 286.603881836, 287.06829834, 287.532684326, 287.99710083, 288.461486816, 288.9375, 289.413513184, 289.87789917, 290.342315674, 290.80670166, 291.271118164, 291.74710083, 292.223114014, 292.687530518, 293.151916504, 293.616333008, 294.092315674, 294.568328857, 295.055969238, 295.555175781, 296.066040039, 296.565246582, 297.08770752, 297.58694458, 298.074554443, 298.53894043, 299.003356934, 299.46774292, 299.943756104, 300.419769287, 300.884155273, 301.348571777, 301.812957764, 302.288970947, 302.764984131, 303.229370117, 303.693786621, 304.158172607, 304.622589111, 305.086975098, 305.551391602, 306.027374268, 306.503387451, 306.967803955, 307.432189941, 307.896606445, 308.372589111, 308.848602295, 309.313018799, 309.777404785, 310.241821289, 310.706207275, 311.170593262, 311.646606445, 312.122619629, 312.587036133, 313.051422119, 313.515808105, 313.991821289, 314.467834473, 314.932250977, 315.396636963, 315.861022949, 316.325439453, 316.789825439, 317.265838623, 317.741851807, 318.206237793, 318.670654297, 319.135040283, 319.599456787, 320.063842773, 320.528259277, 320.992645264, 321.468658447, 321.944671631, 322.409057617, 322.873474121, 323.337860107, 323.802276611, 324.278259277], "beats_loudness": {"dmean2": 0.0759581774473, "median": 0.0275455527008, "min": 0.00527100404724, "dvar2": 0.010436328128, "dvar": 0.00378768192604, "dmean": 0.0400377959013, "max": 0.322357267141, "var": 0.00645968550816, "mean": 0.0658826604486}, "danceability": 1.66133236885, "bpm_histogram_second_peak_weight": {"dmean2": 0, "median": 0.00867052003741, "min": 0.00867052003741, "dvar2": 0, "dvar": 0, "dmean": 0, "max": 0.00867052003741, "var": 0, "mean": 0.00867052003741}, "beats_count": 693, "bpm_histogram_second_peak_bpm": {"dmean2": 0, "median": 120, "min": 120, "dvar2": 0, "dvar": 0, "dmean": 0, "max": 120, "var": 0, "mean": 120}, "bpm_histogram_first_peak_spread": {"dmean2": 0, "median": 0.301775127649, "min": 0.301775127649, "dvar2": 0, "dvar": 0, "dmean": 0, "max": 0.301775127649, "var": 0, "mean": 0.301775127649}, "beats_loudness_band_ratio": {"dmean2": [0.442853569984, 0.0590529665351, 0.10834017396, 0.0936601385474, 0.101339071989, 0.41158464551], "median": [0.221205413342, 0.00616969494149, 0.0294321645051, 0.0615048259497, 0.0998795703053, 0.435197710991], "min": [0.00274259247817, 4.09217464039e-05, 0.000344788917573, 0.000161901451065, 0.000560102402233, 0.00382984383032], "dvar2": [0.174542143941, 0.00582734681666, 0.0189165212214, 0.014905327931, 0.00819337181747, 0.120794303715], "dvar": [0.060588747263, 0.00226694322191, 0.00652628019452, 0.00465058675036, 0.0028989603743, 0.0392838977277], "dmean": [0.240073606372, 0.0325965620577, 0.0602965950966, 0.0539180897176, 0.0578463599086, 0.217524975538], "max": [0.988862752914, 0.333362132311, 0.603424787521, 0.727715671062, 0.482099711895, 0.771123707294], "var": [0.110240511596, 0.00194234901574, 0.00745950266719, 0.00533634750172, 0.00470105139539, 0.0601310171187], "mean": [0.375171005726, 0.0261955447495, 0.0639866143465, 0.0763144120574, 0.0940974876285, 0.372611880302]}}, "lowlevel": {"barkbands_spread": {"dmean2": 20.9755039215, "median": 35.8675079346, "min": 0.646014869213, "dvar2": 440.504608154, "dvar": 196.573379517, "dmean": 13.8286838531, "max": 108.421989441, "var": 571.314453125, "mean": 37.6470413208}, "melbands_spread": {"dmean2": 34.4948768616, "median": 31.6293449402, "min": 0.442603677511, "dvar2": 1895.89404297, "dvar": 913.719482422, "dmean": 22.7309246063, "max": 254.702880859, "var": 2275.4765625, "mean": 48.5955467224}, "hfc": {"dmean2": 40.3983078003, "median": 20.3118190765, "min": 1.1297599719e-16, "dvar2": 3845.96850586, "dvar": 1742.77001953, "dmean": 28.0652618408, "max": 328.468566895, "var": 2321.0637207, "mean": 38.7797088623}, "barkbands_kurtosis": {"dmean2": 8.96478652954, "median": 0.656590342522, "min": -1.94185268879, "dvar2": 335.363037109, "dvar": 165.71987915, "dmean": 6.23523378372, "max": 361.469146729, "var": 313.199554443, "mean": 7.16822195053}, "gfcc": {"mean": [2.77585911751, 52.4063529968, -114.988288879, 56.1983642578, -65.9525299072, 44.7841796875, -19.8425521851, 16.3541660309, -2.66935396194, 10.8372983932, -12.624756813, 0.913801789284, -13.4298429489], "icov": [[0.000263730878942, 6.16608085693e-05, -2.03574127227e-05, -7.130249287e-05, -7.26786238374e-05, 3.37467326972e-06, 4.07208972319e-05, -3.73478942493e-05, 0.000259235646809, -0.000317860307405, 0.000215121996007, -0.000117238698294, 0.000277642189758], [6.16608085693e-05, 0.00206105876714, -0.000855048419908, 0.00166571454611, -0.0013037227327, 0.00222136662342, -0.00123589206487, 0.00105280324351, -0.000340675935149, 0.00127124926075, -0.00313894380815, 0.00443319790065, -0.00199594325386], [-2.03574127227e-05, -0.000855048419908, 0.00183771748561, -0.00165510654915, 0.0012238296913, -0.00116019137204, 0.000334075506544, -0.000747735670302, 0.000136774440762, -0.000217306253035, 0.000721683900338, -0.00114578509238, 0.000369079090888], [-7.130249287e-05, 0.00166571454611, -0.00165510654915, 0.00539977289736, -0.00261993519962, 0.00199620658532, -0.000829001481179, 0.00168877991382, -0.000888347742148, 0.000674515962601, -0.00131024676375, 0.00209246226586, -7.59621834732e-05], [-7.26786238374e-05, -0.0013037227327, 0.0012238296913, -0.00261993519962, 0.00458160694689, -0.00305926683359, 2.15294003283e-05, -0.00013987836428, -9.80505410553e-06, -0.000341164588463, 0.000374195398763, -0.00117508100811, -0.000125286940602], [3.37467326972e-06, 0.00222136662342, -0.00116019137204, 0.00199620658532, -0.00305926683359, 0.00849482230842, -0.00311840209179, -0.000933119794354, 0.00226774229668, 0.000197298606508, -0.00169314467348, 0.00255946139805, -1.48130529851e-05], [4.07208972319e-05, -0.00123589206487, 0.000334075506544, -0.000829001481179, 2.15294003283e-05, -0.00311840209179, 0.00837785936892, -0.00431254459545, -0.000572658900637, 0.000205564821954, 0.000304542889353, 0.000878071819898, -0.00189528486226], [-3.73478942493e-05, 0.00105280324351, -0.000747735670302, 0.00168877991382, -0.00013987836428, -0.000933119794354, -0.00431254459545, 0.0129747968167, -0.00606419099495, -0.000448712351499, 0.00134565960616, -1.55186608026e-05, 0.00138523825444], [0.000259235646809, -0.000340675935149, 0.000136774440762, -0.000888347742148, -9.80505410553e-06, 0.00226774229668, -0.000572658900637, -0.00606419099495, 0.0142027037218, -0.0049060722813, -0.00526291877031, 0.00388523726724, -1.31586139105e-05], [-0.000317860307405, 0.00127124926075, -0.000217306253035, 0.000674515962601, -0.000341164588463, 0.000197298606508, 0.000205564821954, -0.000448712351499, -0.0049060722813, 0.0137142194435, -0.00615799240768, -0.000271770870313, 0.000201375689358], [0.000215121996007, -0.00313894380815, 0.000721683900338, -0.00131024676375, 0.000374195398763, -0.00169314467348, 0.000304542889353, 0.00134565960616, -0.00526291877031, -0.00615799240768, 0.0228687990457, -0.0150232026353, 0.00160878081806], [-0.000117238698294, 0.00443319790065, -0.00114578509238, 0.00209246226586, -0.00117508100811, 0.00255946139805, 0.000878071819898, -1.55186608026e-05, 0.00388523726724, -0.000271770870313, -0.0150232026353, 0.0319695733488, -0.0138147156686], [0.000277642189758, -0.00199594325386, 0.000369079090888, -7.59621834732e-05, -0.000125286940602, -1.48130529851e-05, -0.00189528486226, 0.00138523825444, -1.31586139105e-05, 0.000201375689358, 0.00160878081806, -0.0138147156686, 0.0224230345339]], "cov": [[4716.26953125, -1141.65551758, -1.57005918026, 252.483978271, 61.0499687195, 213.571716309, -135.755935669, -10.7465171814, -189.269088745, 65.3213348389, -161.505447388, 36.8411979675, -135.879043579], [-1141.65551758, 2129.34985352, 215.305892944, -251.299316406, 113.500457764, -331.594024658, 191.019454956, -40.0563240051, 181.557617188, -60.7897033691, 185.614196777, -131.287872314, 124.765640259], [-1.57005918026, 215.305892944, 833.441345215, 160.70161438, -63.6059799194, 15.4012517929, 41.9119224548, 36.7832984924, 28.065486908, -3.36390137672, 6.24018764496, -17.5767402649, -4.29441356659], [252.483978271, -251.299316406, 160.70161438, 354.567657471, 122.103477478, 42.0086860657, -5.91911315918, -11.7458248138, -5.63044261932, 8.03074169159, -15.0327539444, 3.39699792862, -22.9078235626], [61.0499687195, 113.500457764, -63.6059799194, 122.103477478, 414.730041504, 118.574058533, 86.4183578491, 16.5745315552, 15.0678358078, 7.34444332123, 23.5085830688, -7.43680953979, 13.1582298279], [213.571716309, -331.594024658, 15.4012517929, 42.0086860657, 118.574058533, 277.610137939, 80.5694656372, 60.3335494995, -36.9123916626, 4.39257335663, -36.4788513184, 1.02888953686, -25.1530952454], [-135.755935669, 191.019454956, 41.9119224548, -5.91911315918, 86.4183578491, 80.5694656372, 236.503936768, 99.8482666016, 65.5087509155, 13.3407325745, 21.8752365112, -26.0682792664, 14.6208381653], [-10.7465171814, -40.0563240051, 36.7832984924, -11.7458248138, 16.5745315552, 60.3335494995, 99.8482666016, 162.27722168, 83.7471847534, 43.500617981, 12.3630142212, -8.45156955719, -11.9662399292], [-189.269088745, 181.557617188, 28.065486908, -5.63044261932, 15.0678358078, -36.9123916626, 65.5087509155, 83.7471847534, 178.984893799, 80.3745269775, 76.5964126587, -3.39359927177, 10.2435693741], [65.3213348389, -60.7897033691, -3.36390137672, 8.03074169159, 7.34444332123, 4.39257335663, 13.3407325745, 43.500617981, 80.3745269775, 140.267578125, 66.7982711792, 33.400718689, 6.91978645325], [-161.505447388, 185.614196777, 6.24018764496, -15.0327539444, 23.5085830688, -36.4788513184, 21.8752365112, 12.3630142212, 76.5964126587, 66.7982711792, 129.086120605, 46.6033554077, 38.4563140869], [36.8411979675, -131.287872314, -17.5767402649, 3.39699792862, -7.43680953979, 1.02888953686, -26.0682792664, -8.45156955719, -3.39359927177, 33.400718689, 46.6033554077, 87.6076049805, 36.7651557922], [-135.879043579, 124.765640259, -4.29441356659, -22.9078235626, 13.1582298279, -25.1530952454, 14.6208381653, -11.9662399292, 10.2435693741, 6.91978645325, 38.4563140869, 36.7651557922, 79.2458343506]]}, "spectral_energyband_middle_low": {"dmean2": 0.00699361786246, "median": 0.00196535256691, "min": 3.87323939192e-22, "dvar2": 0.0003014668182, "dvar": 0.000106709259853, "dmean": 0.00408297311515, "max": 0.145601421595, "var": 8.33754966152e-05, "mean": 0.00512592354789}, "melbands_crest": {"dmean2": 6.79671621323, "median": 17.3108654022, "min": 1.78596925735, "dvar2": 36.9891357422, "dvar": 17.841966629, "dmean": 4.56819963455, "max": 36.8378219604, "var": 65.3706130981, "mean": 17.8507118225}, "spectral_kurtosis": {"dmean2": 1.54081773758, "median": 0.865248560905, "min": -1.20989894867, "dvar2": 6.4295463562, "dvar": 2.75627923012, "dmean": 0.964427709579, "max": 27.1640205383, "var": 4.49041604996, "mean": 1.45439076424}, "spectral_rms": {"dmean2": 0.00217350944877, "median": 0.00409621186554, "min": 3.23237226915e-12, "dvar2": 5.79162770009e-06, "dvar": 3.82383814213e-06, "dmean": 0.00173234264366, "max": 0.022242244333, "var": 1.54616172949e-05, "mean": 0.00558300083503}, "zerocrossingrate": {"dmean2": 0.0281419213861, "median": 0.08544921875, "min": 0.001953125, "dvar2": 0.0006295486819, "dvar": 0.000610864837654, "dmean": 0.0263603441417, "max": 0.49951171875, "var": 0.00460161548108, "mean": 0.0993985384703}, "silence_rate_60dB": {"dmean2": 0.0969679653645, "median": 0, "min": 0, "dvar2": 0.115737050772, "dvar": 0.0461334660649, "dmean": 0.048480514437, "max": 1, "var": 0.0390900373459, "mean": 0.0407550409436}, "erbbands_kurtosis": {"dmean2": 2.5039191246, "median": -0.130303710699, "min": -1.89492678642, "dvar2": 18.9085464478, "dvar": 8.34860134125, "dmean": 1.582939744, "max": 129.770690918, "var": 14.0693664551, "mean": 0.793183803558}, "erbbands": {"dmean2": [0.860957443714, 5.88043308258, 12.5641880035, 11.8144254684, 9.77435779572, 4.25186538696, 3.71957707405, 4.35746145248, 5.58020162582, 12.9531946182, 27.8681774139, 25.1302566528, 16.8418865204, 12.6278476715, 14.4612112045, 21.3525943756, 36.0801086426, 36.8195648193, 25.2754249573, 28.1991443634, 26.8264465332, 30.593164444, 27.6773929596, 21.0939750671, 12.1276340485, 23.9353752136, 28.3847560883, 53.3041305542, 56.0745124817, 48.6588821411, 50.5311737061, 24.6436367035, 6.12133693695, 2.46061849594, 1.18372917175, 0.267326712608, 0.0519862286747, 0.00888011977077, 0.000767450837884, 6.37390985503e-05], "median": [0.0929870158434, 1.02190041542, 1.16408824921, 0.704813361168, 0.348857760429, 0.315015643835, 0.594472527504, 1.06668281555, 2.24345135689, 3.82094860077, 4.92311859131, 6.9385843277, 6.51335906982, 5.37754297256, 3.74408006668, 5.99676609039, 12.2898797989, 9.77844333649, 6.48434352875, 5.47320604324, 7.2982468605, 6.49881792068, 5.77758646011, 4.70221805573, 4.37069892883, 7.49284076691, 9.03887367249, 16.9433441162, 15.1289196014, 12.9280443192, 12.5371570587, 7.80501270294, 2.1524848938, 0.695666909218, 0.279438227415, 0.069912597537, 0.0135007221252, 0.00164454011247, 7.69102480263e-05, 3.55116608262e-05], "min": [5.68572115905e-22, 5.71375573577e-21, 1.09674794975e-20, 5.97040669616e-21, 3.22145586494e-20, 2.14349457631e-19, 5.57554422748e-19, 8.71073400795e-19, 1.02982931608e-18, 8.92366270533e-19, 1.77602584473e-18, 2.68826750763e-18, 6.60725506925e-19, 1.83680748973e-18, 3.34557396689e-18, 5.9303092743e-18, 7.34184170442e-18, 4.9921057207e-18, 5.04739281848e-18, 6.11629835349e-18, 1.36104570959e-17, 1.56244789329e-17, 1.07256771173e-17, 1.5505737156e-17, 1.92012724217e-17, 1.38362343897e-17, 1.88582919068e-17, 2.0231884871e-17, 2.59688671469e-17, 1.38708940846e-17, 1.85507990946e-17, 1.80092737261e-17, 1.52477213249e-17, 8.8343303011e-18, 1.24090847897e-17, 7.38767495498e-18, 2.57656028142e-18, 9.50146800873e-19, 2.70226490286e-19, 3.8276561462e-20], "dvar2": [3.09076046944, 169.051116943, 1524.35839844, 1703.15844727, 1040.22814941, 177.200302124, 71.8712081909, 77.1082305908, 83.1074523926, 618.751098633, 4456.39404297, 3802.19726563, 1715.52978516, 853.360290527, 918.34552002, 6104.36328125, 4158.58105469, 6327.59130859, 5766.61621094, 2710.67700195, 1902.63098145, 2885.40429688, 2107.87451172, 1367.46057129, 326.554870605, 1319.77685547, 1748.45556641, 7949.53320313, 8946.8125, 7283.33398438, 7788.70263672, 1407.97644043, 98.4615936279, 15.2130336761, 4.45884466171, 0.264797449112, 0.00904553569853, 0.000293069228064, 3.3555054415e-06, 8.79380479546e-09], "dvar": [1.77752554417, 89.4453811646, 651.113464355, 635.525268555, 363.094268799, 61.6681404114, 27.7831039429, 46.278968811, 46.0205535889, 305.554901123, 2328.61743164, 1801.2644043, 621.68145752, 351.175476074, 391.44909668, 3612.578125, 1655.07495117, 2774.11889648, 2688.29321289, 1125.82141113, 850.735900879, 1167.81774902, 922.615783691, 587.537780762, 156.458862305, 589.35534668, 801.778686523, 3423.97021484, 4367.421875, 3104.97998047, 3226.02563477, 636.698608398, 44.9083442688, 7.48738622665, 2.24908447266, 0.123551532626, 0.00444676913321, 0.000137742696097, 1.37168251513e-06, 4.43751480006e-09], "dmean": [0.64497256279, 4.21500921249, 8.09506988525, 6.74538612366, 5.22743844986, 2.31437087059, 2.25273180008, 2.98612308502, 3.74025130272, 8.81771087646, 19.1205329895, 16.3290843964, 10.1864671707, 7.97790002823, 9.11503124237, 14.1034832001, 22.5631752014, 23.9026069641, 16.3140869141, 17.6578102112, 17.3373298645, 19.0180778503, 17.4562530518, 13.5579538345, 8.02415847778, 15.4996852875, 18.8908405304, 35.023059845, 38.5055236816, 32.0904464722, 32.1105384827, 16.2465229034, 4.15697908401, 1.64239573479, 0.820360839367, 0.186156645417, 0.0366185903549, 0.00608201371506, 0.000478895235574, 4.6956443839e-05], "max": [18.6713790894, 108.924713135, 390.743713379, 350.954711914, 217.055847168, 72.2757034302, 116.607299805, 141.119873047, 188.493408203, 502.173278809, 874.100219727, 1182.22546387, 802.032897949, 752.370727539, 437.686706543, 3659.13549805, 868.449462891, 2424.80737305, 2783.41430664, 629.737487793, 459.03314209, 528.632873535, 644.674560547, 343.714630127, 154.275695801, 253.057769775, 292.953063965, 446.859313965, 599.727416992, 473.360809326, 563.99206543, 242.154663086, 60.4226455688, 26.095823288, 15.308549881, 4.22013235092, 0.720977723598, 0.114741384983, 0.0159987807274, 0.000617423793301], "var": [3.75634169579, 144.563491821, 692.979553223, 446.856628418, 208.708068848, 35.9670448303, 30.4077644348, 125.775009155, 117.71068573, 696.220458984, 4166.04638672, 2600.62841797, 902.825439453, 532.495849609, 581.824401855, 5645.66357422, 2365.86669922, 3284.24755859, 3225.7644043, 1241.4786377, 977.595458984, 1117.44372559, 1044.06079102, 619.964416504, 197.21925354, 680.728515625, 1027.6796875, 3916.75927734, 5842.27294922, 3559.015625, 3309.62182617, 825.901611328, 61.464263916, 12.6251831055, 4.02773761749, 0.197335153818, 0.00688097672537, 0.0001764515182, 1.26742020257e-06, 9.04194408236e-09], "mean": [0.945056080818, 5.51256990433, 7.96074724197, 5.37247896194, 3.48580622673, 1.74906086922, 2.49958729744, 4.43456172943, 5.92986536026, 13.5511569977, 25.4605998993, 20.6059608459, 15.737859726, 12.1728639603, 11.9747037888, 18.8089923859, 29.1770992279, 27.3445358276, 19.0515975952, 18.3906955719, 19.0568809509, 18.7271671295, 17.5099124908, 13.7900047302, 9.31708335876, 17.5407218933, 22.3729362488, 40.5373153687, 45.4164657593, 36.4284095764, 33.8506622314, 19.1834373474, 5.21525526047, 2.23092007637, 1.13967502117, 0.25454762578, 0.0473434701562, 0.00699979579076, 0.000466440513264, 7.72487837821e-05]}, "spectral_strongpeak": {"dmean2": 0.887453377247, "median": 0.303037166595, "min": 0, "dvar2": 3.42720317841, "dvar": 1.28220570087, "dmean": 0.529192209244, "max": 13.4988956451, "var": 1.11669158936, "mean": 0.651433825493}, "spectral_energy": {"dmean2": 0.0343537554145, "median": 0.0171984247863, "min": 1.07094354971e-20, "dvar2": 0.00333123328164, "dvar": 0.00195749243721, "dmean": 0.0269057881087, "max": 0.507085382938, "var": 0.00496816961095, "mean": 0.0477973669767}, "average_loudness": 0.735419034958, "spectral_rolloff": {"dmean2": 2028.58435059, "median": 1851.85546875, "min": 43.06640625, "dvar2": 5880150.5, "dvar": 3166629.5, "dmean": 1232.96069336, "max": 18884.6191406, "var": 8176033, "mean": 3092.78540039}, "spectral_centroid": {"dmean2": 756.449584961, "median": 2283.65722656, "min": 168.9637146, "dvar2": 601163.4375, "dvar": 328411, "dmean": 520.526306152, "max": 5711.68994141, "var": 1198748, "mean": 2287.01000977}, "pitch_salience": {"dmean2": 0.163273990154, "median": 0.493561327457, "min": 0.0407023131847, "dvar2": 0.0237249284983, "dvar": 0.0114761535078, "dmean": 0.110722444952, "max": 0.890957057476, "var": 0.0349372662604, "mean": 0.470438033342}, "spectral_energyband_middle_high": {"dmean2": 0.00384257361293, "median": 0.00195536366664, "min": 1.76151423397e-21, "dvar2": 3.57456301572e-05, "dvar": 1.73270473169e-05, "dmean": 0.00260840216652, "max": 0.0821334943175, "var": 2.90059906547e-05, "mean": 0.00381530378945}, "spectral_contrast_coeffs": {"dmean2": [0.0884328708053, 0.0845639631152, 0.0696599930525, 0.0554990619421, 0.038851082325, 0.0379956588149], "median": [-0.705929577351, -0.774464488029, -0.799360334873, -0.80733525753, -0.812251210213, -0.722909927368], "min": [-0.970660865307, -0.972894787788, -0.972635269165, -0.96337968111, -0.95254611969, -0.958076775074], "dvar2": [0.00546057429165, 0.00455224700272, 0.00291562709026, 0.00198497413658, 0.000931344693527, 0.00110994256102], "dvar": [0.00248741917312, 0.00188660784625, 0.0012040984584, 0.000799834087957, 0.000352610310074, 0.00057300174376], "dmean": [0.0574638210237, 0.0527439303696, 0.0429852195084, 0.0348719097674, 0.0236507281661, 0.0266257282346], "max": [-0.338864594698, -0.431255996227, -0.49842017889, -0.510386824608, -0.628950893879, -0.563367187977], "var": [0.00748333102092, 0.00527502922341, 0.00305385282263, 0.00195634528063, 0.00078862690134, 0.00183219951577], "mean": [-0.695603251457, -0.765939056873, -0.792905569077, -0.801346957684, -0.81104773283, -0.718548417091]}, "melbands_skewness": {"dmean2": 2.10623121262, "median": 2.63747167587, "min": -2.26557397842, "dvar2": 5.3513879776, "dvar": 3.08619093895, "dmean": 1.55406212807, "max": 23.8316402435, "var": 12.0473794937, "mean": 3.6591501236}, "spectral_spread": {"dmean2": 1034670.125, "median": 5642188, "min": 1300896.875, "dvar2": 1229777666050.0, "dvar": 688447553536, "dmean": 691726.875, "max": 54176932, "var": 1833006399490.0, "mean": 5691085}, "dissonance": {"dmean2": 0.025196487084, "median": 0.487480610609, "min": 0.262453466654, "dvar2": 0.000775361841079, "dvar": 0.000301649735775, "dmean": 0.0149717610329, "max": 0.500000238419, "var": 0.000445410638349, "mean"