{"tonal": {"thpcp": [1, 0.675987958908, 0.305854707956, 0.344387918711, 0.413832783699, 0.385369509459, 0.394701272249, 0.404241681099, 0.372358560562, 0.490571647882, 0.632274985313, 0.589378595352, 0.484494328499, 0.401298761368, 0.401781260967, 0.505972862244, 0.515277922153, 0.442841649055, 0.482784748077, 0.519636571407, 0.454265505075, 0.420255035162, 0.373026579618, 0.30743932724, 0.416705340147, 0.551976799965, 0.468864023685, 0.355847537518, 0.327771395445, 0.343767523766, 0.486050277948, 0.572572886944, 0.460919946432, 0.407847881317, 0.419268280268, 0.690839290619], "hpcp": {"dmean2": [0.329277455807, 0.292614728212, 0.278507351875, 0.292397469282, 0.317504644394, 0.290505021811, 0.278111934662, 0.274301350117, 0.276682823896, 0.283839076757, 0.244584485888, 0.212040066719, 0.237051829696, 0.27137735486, 0.257816255093, 0.231817469001, 0.224931836128, 0.252759099007, 0.303357601166, 0.321037501097, 0.292991071939, 0.278220593929, 0.271939218044, 0.392857551575, 0.578533470631, 0.369650095701, 0.215379923582, 0.231751650572, 0.241137847304, 0.249187141657, 0.286335110664, 0.302183628082, 0.286284953356, 0.316917270422, 0.345513820648, 0.343917816877], "median": [0.0562884770334, 0.0433887057006, 0.0432141758502, 0.0584502890706, 0.0612103864551, 0.0564532615244, 0.0642304122448, 0.067095592618, 0.064834959805, 0.0577621012926, 0.0508225336671, 0.044097494334, 0.0640902146697, 0.0824327841401, 0.0771064087749, 0.0590952821076, 0.0488114021719, 0.0457728244364, 0.0686563774943, 0.0776580348611, 0.0595532394946, 0.0482307001948, 0.0430270172656, 0.13402210176, 0.164284810424, 0.116974748671, 0.0320687219501, 0.0375787355006, 0.0423465557396, 0.0425155982375, 0.041202634573, 0.0434491299093, 0.0444757789373, 0.0672624483705, 0.0887524783611, 0.0780183449388], "min": [0, 0, 0, 0, 0, 0, 0, 0, 0, 0, 0, 0, 0, 0, 0, 0, 0, 0, 0, 0, 0, 0, 0, 0, 0, 0, 0, 0, 0, 0, 0, 0, 0, 0, 0, 0], "dvar2": [0.168099999428, 0.146548599005, 0.140342980623, 0.147668093443, 0.156941667199, 0.143476128578, 0.128668680787, 0.120441816747, 0.124957308173, 0.133088216186, 0.114660620689, 0.0951412543654, 0.0957733914256, 0.113414600492, 0.112560160458, 0.103127099574, 0.104506112635, 0.119666486979, 0.138933241367, 0.151247754693, 0.139231771231, 0.129117622972, 0.130210831761, 0.139961451292, 0.266213357449, 0.129146412015, 0.105007998645, 0.114094100893, 0.115233868361, 0.127750575542, 0.151428237557, 0.166707158089, 0.162415355444, 0.157047584653, 0.160744443536, 0.162947535515], "dvar": [0.0625038594007, 0.0543265193701, 0.0510749183595, 0.0550511218607, 0.0587245747447, 0.0531872212887, 0.0482666566968, 0.0469129644334, 0.046316832304, 0.0481557510793, 0.0413667820394, 0.0338162705302, 0.0357327535748, 0.0448951162398, 0.0416347794235, 0.0369833558798, 0.0374516732991, 0.0429344139993, 0.0509660802782, 0.0585734397173, 0.0506800226867, 0.0474750250578, 0.0488605685532, 0.0532769709826, 0.112707555294, 0.0502310879529, 0.0378122590482, 0.0418357178569, 0.0445779450238, 0.0472633205354, 0.0564187951386, 0.0608729198575, 0.0578234642744, 0.0570151396096, 0.0610052980483, 0.0611356385052], "dmean": [0.184116855264, 0.161745011806, 0.154067054391, 0.162808686495, 0.178777873516, 0.160606876016, 0.158143416047, 0.157005146146, 0.154702663422, 0.156614348292, 0.13651061058, 0.117097482085, 0.133738696575, 0.158224672079, 0.147034227848, 0.128657519817, 0.124436721206, 0.138836547732, 0.169766530395, 0.181944578886, 0.165020376444, 0.153470575809, 0.152789607644, 0.226002156734, 0.327308148146, 0.212279975414, 0.119557201862, 0.129419341683, 0.136840730906, 0.139021039009, 0.158762156963, 0.166140541434, 0.155890032649, 0.177400067449, 0.196532979608, 0.194588124752], "max": [1, 1, 1, 1, 1, 1, 1, 1, 1, 1, 1, 1, 1, 1, 1, 1, 1, 1, 1, 1, 1, 1, 1, 1, 1, 1, 1, 1, 1, 1, 1, 1, 1, 1, 1, 1], "var": [0.0606931895018, 0.0491241440177, 0.0491455048323, 0.0686034038663, 0.0643779709935, 0.0524166300893, 0.0574077703059, 0.0656763017178, 0.0482803806663, 0.0445418804884, 0.0386901199818, 0.0282186027616, 0.0398708544672, 0.0648083165288, 0.0449685566127, 0.0321705788374, 0.0305607039481, 0.0354810990393, 0.0539959669113, 0.0727024227381, 0.0529701784253, 0.0465661026537, 0.0512429997325, 0.0659797415137, 0.141565710306, 0.0698295459151, 0.0352584160864, 0.0390279814601, 0.0532815046608, 0.0456609763205, 0.0496054664254, 0.0524812228978, 0.0445080026984, 0.0563072450459, 0.0798000246286, 0.0741723850369], "mean": [0.169093042612, 0.140057012439, 0.140225410461, 0.176589250565, 0.179836809635, 0.154555872083, 0.168496385217, 0.181358009577, 0.158542901278, 0.146672934294, 0.130189761519, 0.10729919374, 0.145434051752, 0.192645058036, 0.163637921214, 0.1241941154, 0.114395275712, 0.11997807771, 0.169636085629, 0.199833288789, 0.160865366459, 0.142342716455, 0.146328538656, 0.241109356284, 0.349009335041, 0.235926106572, 0.106746152043, 0.120194599032, 0.144431501627, 0.13449755311, 0.137754425406, 0.141084119678, 0.129956617951, 0.171214088798, 0.220669865608, 0.205698624253]}, "tuning_equal_tempered_deviation": 0.203682228923, "chords_changes_rate": 0.096872612834, "key_key": "A#", "tuning_diatonic_strength": 0.348240822554, "key_scale": "minor", "chords_number_rate": 0.0043224003166, "tuning_frequency": 434.193115234, "tuning_nontempered_energy_ratio": 0.88585883379, "chords_histogram": [3.91558599472, 20.8492240906, 0.432240009308, 2.44088482857, 2.23747777939, 0.610221207142, 1.32214593887, 5.41571331024, 1.93236720562, 0.254258841276, 0, 0.127129420638, 0.381388247013, 5.94965696335, 1.62725651264, 0.177981182933, 1.04246127605, 5.21230602264, 24.2562923431, 4.06814146042, 5.13602828979, 6.38189697266, 2.39003300667, 3.83930850029], "key_strength": 0.44648373127, "chords_key": "C#", "chords_strength": {"dmean2": 0.0167667008936, "median": 0.42657572031, "min": -1, "dvar2": 0.00104878097773, "dvar": 0.000568786461372, "dmean": 0.0138208856806, "max": 0.713760018349, "var": 0.0125380987301, "mean": 0.428706198931}, "chords_scale": "minor", "hpcp_entropy": {"dmean2": 1.14095652103, "median": 2.52800607681, "min": 0, "dvar2": 0.818377971649, "dvar": 0.286946684122, "dmean": 0.668948173523, "max": 4.52816343307, "var": 0.619040489197, "mean": 2.5241625309}}, "metadata": {"audio_properties": {"equal_loudness": 0, "codec": "mp3", "downmix": "mix", "sample_rate": 44100, "analysis_sample_rate": 44100, "bit_rate": 128000, "md5_encoded": "fd2a6c598c20fe8e4c2284d4ab87fd0b", "length": 182.569793701, "replay_gain": -4.40219116211, "lossless": false}, "version": {"essentia_build_sha": "2d9f1f26377add8aeb1075a9c2973f962c4f09fd", "essentia": "2.1-beta2", "extractor": "music 1.0", "essentia_git_sha": "v2.1_beta2-1-ge3940c0"}, "tags": {"title": ["Happy Sols"], "media": ["Digital Media"], "albumartist": ["Cryostatic Dream"], "musicbrainz_recordingid": ["0b284419-73cc-47be-b0c1-e967c73dec4d"], "musicbrainz_albumartistid": ["0f0cf39c-6e9a-42e7-87d1-0526b2428d22"], "discnumber": ["1/1"], "album": ["Boundaries"], "musicbrainz album type": ["album"], "musicbrainz album status": ["official"], "date": ["2014"], "file_name": "08 Cryostatic Dream feat. Alek Darson - Happy Sols.mp3", "musicbrainz_releasegroupid": ["14bdeb54-a301-433d-9905-163143c8ede0"], "script": ["Latn"], "originaldate": ["2014"], "musicbrainz_albumid": ["494f5071-cd52-4e38-a5c0-7a64aa3830ba"], "artist": ["Cryostatic Dream feat. Alek Darson"], "artistsort": ["Cryostatic Dream feat. Darson, Alek"], "tracknumber": ["8/10"], "musicbrainz album release country": ["XW"], "albumartistsort": ["Cryostatic Dream"], "acoustid_id": ["9f987ae1-82c6-4b60-a2fc-cdd9e046e0c2"], "musicbrainz_artistid": ["0f0cf39c-6e9a-42e7-87d1-0526b2428d22/0d73249d-cf2a-4167-a8b1-ec6f42ab5278"]}}, "rhythm": {"bpm_histogram_first_peak_bpm": {"dmean2": 0, "median": 117, "min": 117, "dvar2": 0, "dvar": 0, "dmean": 0, "max": 117, "var": 0, "mean": 117}, "bpm": 116.810539246, "bpm_histogram_second_peak_spread": {"dmean2": 0, "median": 0.219512209296, "min": 0.219512209296, "dvar2": 0, "dvar": 0, "dmean": 0, "max": 0.219512209296, "var": 0, "mean": 0.219512209296}, "bpm_histogram_first_peak_weight": {"dmean2": 0, "median": 0.407008081675, "min": 0.407008081675, "dvar2": 0, "dvar": 0, "dmean": 0, "max": 0.407008081675, "var": 0, "mean": 0.407008081675}, "onset_rate": 2.9410135746, "beats_position": [0.417959183455, 0.847528338432, 1.26548755169, 1.63700675964, 2.03174591064, 2.42648530006, 2.80961441994, 3.20435357094, 3.59909296036, 4.01705217361, 4.43501138687, 4.85297060013, 5.25931978226, 5.66566896439, 6.06040811539, 6.45514726639, 6.84988641739, 7.24462556839, 7.63936471939, 8.03410434723, 8.42884349823, 8.8119726181, 9.19510173798, 9.58984088898, 9.98458003998, 10.3677091599, 10.7624483109, 11.1455783844, 11.5403175354, 11.9350566864, 12.3414058685, 12.7709751129, 13.2005443573, 13.6068935394, 14.0132427216, 14.4195919037, 14.8143310547, 15.1974601746, 15.5805892944, 15.9753284454, 16.3584575653, 16.7415866852, 17.1363258362, 17.5310649872, 17.9258041382, 18.3205432892, 18.7152824402, 19.1100215912, 19.5047607422, 19.8878898621, 20.2826309204, 20.6657600403, 21.0488891602, 21.43201828, 21.826757431, 22.221496582, 22.6046257019, 22.9877548218, 23.3824939728, 23.7656230927, 24.1603622437, 24.5434913635, 24.9266204834, 25.3097496033, 25.6928787231, 26.0992279053, 26.4939670563, 26.9003162384, 27.3182754517, 27.7362346649, 28.142583847, 28.5257129669, 28.9088420868, 29.2803630829, 29.6634922028, 30.0466213226, 30.4413604736, 30.8128795624, 31.3237190247, 31.8345565796, 32.3453979492, 32.8562355042, 33.3670730591, 33.8779144287, 34.3887519836, 34.9112014771, 35.4452590942, 35.9909286499, 36.5249862671, 37.0358276367, 37.5466651917, 38.0575065613, 38.5683441162, 39.0791816711, 39.5900230408, 40.1008605957, 40.6116981506, 41.1109275818, 41.6217689514, 42.1326065063, 42.6550559998, 43.1658935547, 43.6767349243, 44.1991844177, 44.7216300964, 45.2440795898, 45.7665290833, 46.2889785767, 46.8114280701, 47.3338775635, 47.8563270569, 48.3787727356, 48.901222229, 49.4236717224, 49.9461212158, 50.4685707092, 50.9910202026, 51.5018577576, 52.024307251, 52.5467567444, 53.0808143616, 53.603263855, 54.1257133484, 54.6481628418, 55.1706123352, 55.6814498901, 56.2038993835, 56.726348877, 57.2604064941, 57.7712478638, 58.305305481, 58.8277549744, 59.3385925293, 59.8610420227, 60.3834915161, 60.9059410095, 61.4283905029, 61.9508361816, 62.4616775513, 62.9841270447, 63.5065765381, 64.0406341553, 64.5514755249, 65.0739212036, 65.5963668823, 66.1188201904, 66.6296615601, 67.1521072388, 67.6745529175, 68.1970062256, 68.7194519043, 69.2419052124, 69.7643508911, 70.2868041992, 70.8092498779, 71.3316955566, 71.8541488647, 72.3765945435, 72.8990478516, 73.4214935303, 73.9439468384, 74.4663925171, 74.9888458252, 75.5112915039, 76.0337371826, 76.5561904907, 77.0786361694, 77.6010894775, 78.1235351563, 78.6459884644, 79.1800460815, 79.7141036987, 80.2249450684, 80.7357788086, 81.2582321167, 81.7806777954, 82.3031311035, 82.8255767822, 83.3480224609, 83.870475769, 84.3813171387, 84.9153747559, 85.4378204346, 85.9602737427, 86.4711074829, 86.9819488525, 87.5043945313, 88.0268478394, 88.5609054565, 89.0833511353, 89.5941925049, 90.116645813, 90.6390914917, 91.1615371704, 91.6839904785, 92.2064361572, 92.7288894653, 93.251335144, 93.7621765137, 94.2846221924, 94.8070755005, 95.3295211792, 95.8519744873, 96.374420166, 96.8968658447, 97.4193191528, 97.9417648315, 98.4642181396, 98.9866638184, 99.497505188, 100.019950867, 100.542404175, 101.053237915, 101.564079285, 102.074920654, 102.597366333, 103.119819641, 103.630653381, 104.141494751, 104.652336121, 105.163169861, 105.685623169, 106.208068848, 106.718910217, 107.229751587, 107.740585327, 108.251426697, 108.762268066, 109.273101807, 109.783943176, 110.294784546, 110.805618286, 111.304847717, 111.804077148, 112.314918518, 112.825759888, 113.336593628, 113.847434998, 114.358276367, 114.869110107, 115.379951477, 115.890792847, 116.401634216, 116.912467957, 117.423309326, 117.934150696, 118.421768188, 118.932601929, 119.443443298, 119.954284668, 120.465126038, 120.975959778, 121.486801147, 121.997642517, 122.508476257, 123.019317627, 123.518547058, 124.017776489, 124.51700592, 125.02784729, 125.550292969, 126.061134338, 126.56036377, 127.07119751, 127.570426941, 128.081268311, 128.592102051, 129.10295105, 129.61378479, 130.12461853, 130.635467529, 131.134689331, 131.645523071, 132.144760132, 132.655593872, 133.166442871, 133.677276611, 134.188110352, 134.698959351, 135.209793091, 135.720626831, 136.23147583, 136.74230957, 137.241546631, 137.740768433, 138.251602173, 138.762451172, 139.273284912, 139.784118652, 140.294967651, 140.805801392, 141.316635132, 141.827484131, 142.338317871, 142.837554932, 143.336776733, 143.847610474, 144.358459473, 144.869293213, 145.380126953, 145.890975952, 146.401809692, 146.901046753, 147.400268555, 147.911102295, 148.421951294, 148.932785034, 149.443618774, 149.954467773, 150.465301514, 150.976135254, 151.486984253, 151.997817993, 152.497055054, 152.996276855, 153.507110596, 154.017959595, 154.528793335, 155.039627075, 155.538864136, 156.038085938, 156.548934937, 157.059768677, 157.570602417, 158.081451416, 158.592285156, 159.103118896, 159.613967896, 160.124801636, 160.635650635, 161.146484375, 161.657318115, 162.168167114, 162.679000854, 163.189834595, 163.689071655, 164.188293457, 164.699142456, 165.209976196, 165.720809937, 166.231658936, 166.742492676, 167.241714478, 167.740951538, 168.251785278, 168.762634277, 169.273468018, 169.784301758, 170.295150757, 170.805984497, 171.316818237, 171.827667236, 172.338500977, 172.837722778, 173.336959839, 173.847793579, 174.358642578, 174.869476318, 175.380310059, 175.891159058, 176.413604736, 176.959274292, 177.504943848, 178.050613403, 178.538223267, 179.025848389, 179.513473511, 180.001083374, 180.488708496, 180.976318359, 181.463943481, 181.939956665], "beats_loudness": {"dmean2": 0.0303060822189, "median": 0.0460534095764, "min": 0, "dvar2": 0.000728408049326, "dvar": 0.000243417191086, "dmean": 0.0175519585609, "max": 0.104221776128, "var": 0.00038214516826, "mean": 0.0459300465882}, "danceability": 1.05225014687, "bpm_histogram_second_peak_weight": {"dmean2": 0, "median": 0.0862533673644, "min": 0.0862533673644, "dvar2": 0, "dvar": 0, "dmean": 0, "max": 0.0862533673644, "var": 0, "mean": 0.0862533673644}, "beats_count": 372, "bpm_histogram_second_peak_bpm": {"dmean2": 0, "median": 152, "min": 152, "dvar2": 0, "dvar": 0, "dmean": 0, "max": 152, "var": 0, "mean": 152}, "bpm_histogram_first_peak_spread": {"dmean2": 0, "median": 0.442804455757, "min": 0.442804455757, "dvar2": 0, "dvar": 0, "dmean": 0, "max": 0.442804455757, "var": 0, "mean": 0.442804455757}, "beats_loudness_band_ratio": {"dmean2": [0.297454237938, 0.203861862421, 0.106136053801, 0.104523599148, 0.0891958251595, 0.0451517663896], "median": [0.624362170696, 0.115499854088, 0.0651794299483, 0.0670841783285, 0.0642492473125, 0.0407893583179], "min": [0, 0, 0, 0, 0, 0], "dvar2": [0.05077265203, 0.0316770486534, 0.00838876329362, 0.0119481291622, 0.007966584526, 0.00190973316785], "dvar": [0.0176502522081, 0.0117137888446, 0.00308216060512, 0.00410402147099, 0.00287891039625, 0.000666399835609], "dmean": [0.174652218819, 0.117459051311, 0.0606384985149, 0.0590478740633, 0.0514002367854, 0.0264661610126], "max": [0.988766431808, 0.618941128254, 0.4582670331, 0.454203993082, 0.40656915307, 0.241034865379], "var": [0.0407423116267, 0.0146458223462, 0.00460993358865, 0.005515281111, 0.00371072534472, 0.00106951210182], "mean": [0.595824122429, 0.149983733892, 0.0853168442845, 0.0894452258945, 0.0812739059329, 0.0482246801257]}}, "lowlevel": {"barkbands_spread": {"dmean2": 11.2767858505, "median": 25.6390571594, "min": 0.559371769428, "dvar2": 98.1753463745, "dvar": 35.9830360413, "dmean": 6.70086097717, "max": 114.569648743, "var": 100.755973816, "mean": 25.4120674133}, "melbands_spread": {"dmean2": 14.7995204926, "median": 21.5212211609, "min": 0.43356770277, "dvar2": 171.939468384, "dvar": 67.508895874, "dmean": 8.89653301239, "max": 199.712478638, "var": 307.054901123, "mean": 24.5834655762}, "hfc": {"dmean2": 9.83051681519, "median": 25.0367774963, "min": 1.06706768858e-16, "dvar2": 145.173110962, "dvar": 54.4223060608, "dmean": 5.8262834549, "max": 87.2597198486, "var": 161.570373535, "mean": 25.3254566193}, "barkbands_kurtosis": {"dmean2": 6.78000879288, "median": 1.23119270802, "min": -1.86664915085, "dvar2": 246.473510742, "dvar": 88.0095062256, "dmean": 3.91206026077, "max": 303.154663086, "var": 147.606887817, "mean": 3.83743238449}, "gfcc": {"mean": [11.5306835175, 107.032608032, -132.2212677, 52.5398445129, -44.9523086548, 12.8870887756, -22.6193370819, 7.60708999634, -22.3650970459, 1.21847474575, -19.5656433105, -4.33175945282, -7.47471094131], "icov": [[0.000330098555423, -0.0012896762928, 0.000463582080556, -0.000708779669367, 0.00129270122852, -0.00133143994026, 0.000751086277887, -0.000405023834901, 0.00109872315079, -0.00190023903269, 0.00178774213418, -0.00137458776589, 0.000212288287003], [-0.0012896762928, 0.00800174381584, -0.000541406509001, 0.00243652565405, -0.00561020616442, 0.00630458816886, -0.00318687362596, 0.00312015344389, -0.00581791112199, 0.00770435901359, -0.00754204578698, 0.00688534323126, -0.00322195631452], [0.000463582080556, -0.000541406509001, 0.00359019800089, -0.00197382550687, -0.000134201662149, -0.00207540462725, 0.00336740794592, -0.00160182930995, 0.000470827624667, -0.00165023398586, 0.00125641061459, -0.00256260414608, 0.00089514296269], [-0.000708779669367, 0.00243652565405, -0.00197382550687, 0.00649287598208, -0.00117667578161, 0.000543999369256, -0.00230806064792, 0.000585715693887, -0.000265375507297, 0.00363739067689, -0.00651318160817, 0.00752107519656, -0.00268184090964], [0.00129270122852, -0.00561020616442, -0.000134201662149, -0.00117667578161, 0.0155190927908, -0.00565385399386, -0.00680461898446, 0.00160232139751, 0.00583486072719, -0.0106641212478, 0.00871682167053, -0.00551518239081, 0.00160021369811], [-0.00133143994026, 0.00630458816886, -0.00207540462725, 0.000543999369256, -0.00565385399386, 0.0125743364915, -0.0029723176267, -0.00214208755642, -0.00579819828272, 0.0110940719023, -0.0069652996026, 0.0022760136053, 0.0007006599335], [0.000751086277887, -0.00318687362596, 0.00336740794592, -0.00230806064792, -0.00680461898446, -0.0029723176267, 0.0218126028776, -0.00912478938699, -0.000395966664655, 0.000380407349439, -0.000462578027509, 0.000456441339338, -0.00296208751388], [-0.000405023834901, 0.00312015344389, -0.00160182930995, 0.000585715693887, 0.00160232139751, -0.00214208755642, -0.00912478938699, 0.0191387981176, -0.00571548100561, -0.00682793231681, 0.0064297686331, -0.00128548184875, 0.000809951510746], [0.00109872315079, -0.00581791112199, 0.000470827624667, -0.000265375507297, 0.00583486072719, -0.00579819828272, -0.000395966664655, -0.00571548100561, 0.0218594986945, -0.00769115192816, -0.00226173107512, 0.00462954863906, -0.00215706648305], [-0.00190023903269, 0.00770435901359, -0.00165023398586, 0.00363739067689, -0.0106641212478, 0.0110940719023, 0.000380407349439, -0.00682793231681, -0.00769115192816, 0.0307810567319, -0.0163386631757, 0.00194505997933, 0.00232118158601], [0.00178774213418, -0.00754204578698, 0.00125641061459, -0.00651318160817, 0.00871682167053, -0.0069652996026, -0.000462578027509, 0.0064297686331, -0.00226173107512, -0.0163386631757, 0.0343850664794, -0.0170644465834, -0.00105361419264], [-0.00137458776589, 0.00688534323126, -0.00256260414608, 0.00752107519656, -0.00551518239081, 0.0022760136053, 0.000456441339338, -0.00128548184875, 0.00462954863906, 0.00194505997933, -0.0170644465834, 0.0392482355237, -0.0151889780536], [0.000212288287003, -0.00322195631452, 0.00089514296269, -0.00268184090964, 0.00160021369811, 0.0007006599335, -0.00296208751388, 0.000809951510746, -0.00215706648305, 0.00232118158601, -0.00105361419264, -0.0151889780536, 0.0274152569473]], "cov": [[22402.1738281, 1294.54003906, -1294.88623047, 634.517150879, -1017.50769043, 394.295501709, -557.969970703, 58.1612663269, -336.485473633, 216.192611694, -227.499267578, 166.073745728, 108.817657471], [1294.54003906, 972.190551758, -542.957885742, -95.9004745483, 36.8331336975, -316.929290771, 73.1353225708, -206.527038574, 69.7856521606, -52.4370651245, 67.3822021484, -59.2532234192, 112.2240448], [-1294.88623047, -542.957885742, 756.051940918, 160.447479248, 31.0494918823, 246.887817383, -42.4395866394, 139.986526489, -4.2137670517, 30.8014469147, -2.47836589813, 37.6150550842, -61.8123626709], [634.517150879, -95.9004745483, 160.447479248, 332.781585693, -40.657989502, 142.03086853, -0.464990288019, 40.7071723938, 4.75151729584, -10.0825157166, 21.7483596802, -16.966835022, 1.28440511227], [-1017.50769043, 36.8331336975, 31.0494918823, -40.657989502, 198.089431763, -4.94745635986, 99.5315322876, 14.7339611053, 18.1520290375, 14.5521535873, 6.2074804306, -3.13951206207, 4.79467916489], [394.295501709, -316.929290771, 246.887817383, 142.03086853, -4.94745635986, 323.756866455, 7.59110689163, 127.730834961, 4.15852117538, 2.6438331604, -18.0785541534, 21.1988773346, -34.2529792786], [-557.969970703, 73.1353225708, -42.4395866394, -0.464990288019, 99.5315322876, 7.59110689163, 132.487213135, 34.3513908386, 41.6696662903, 0.732407867908, 15.220085144, -13.2965946198, 17.9869060516], [58.1612663269, -206.527038574, 139.986526489, 40.7071723938, 14.7339611053, 127.730834961, 34.3513908386, 159.11869812, 19.6557216644, 45.2122077942, -23.8577575684, 14.1787633896, -25.7677249908], [-336.485473633, 69.7856521606, -4.2137670517, 4.75151729584, 18.1520290375, 4.15852117538, 41.6696662903, 19.6557216644, 94.5673599243, 9.10852432251, 29.776102066, -16.418674469, 12.8824748993], [216.192611694, -52.4370651245, 30.8014469147, -10.0825157166, 14.5521535873, 2.6438331604, 0.732407867908, 45.2122077942, 9.10852432251, 85.1302947998, 15.1836156845, 23.49193573, -4.89452695847], [-227.499267578, 67.3822021484, -2.47836589813, 21.7483596802, 6.2074804306, -18.0785541534, 15.220085144, -23.8577575684, 29.776102066, 15.1836156845, 77.9427871704, 17.2925834656, 27.9715042114], [166.073745728, -59.2532234192, 37.6150550842, -16.966835022, -3.13951206207, 21.1988773346, -13.2965946198, 14.1787633896, -16.418674469, 23.49193573, 17.2925834656, 61.6827087402, 18.2063846588], [108.817657471, 112.2240448, -61.8123626709, 1.28440511227, 4.79467916489, -34.2529792786, 17.9869060516, -25.7677249908, 12.8824748993, -4.89452695847, 27.9715042114, 18.2063846588, 66.8565444946]]}, "spectral_energyband_middle_low": {"dmean2": 0.0125717492774, "median": 0.0112962378189, "min": 1.90643724664e-22, "dvar2": 0.000396273680963, "dvar": 0.000141836440889, "dmean": 0.00725202029571, "max": 0.117482870817, "var": 0.000156286361744, "mean": 0.0142619377002}, "melbands_crest": {"dmean2": 6.91580104828, "median": 14.7928676605, "min": 1.65928089619, "dvar2": 28.9544754028, "dvar": 11.2200717926, "dmean": 4.22271633148, "max": 36.615901947, "var": 31.9897441864, "mean": 15.4332742691}, "spectral_kurtosis": {"dmean2": 2.49714493752, "median": 2.91959524155, "min": -1.25575363636, "dvar2": 10.1852254868, "dvar": 3.27358937263, "dmean": 1.42529165745, "max": 36.3728942871, "var": 5.30084609985, "mean": 3.28837513924}, "spectral_rms": {"dmean2": 0.00203951005824, "median": 0.00628709979355, "min": 3.1286921838e-12, "dvar2": 4.15322620029e-06, "dvar": 1.59428498137e-06, "dmean": 0.0012422320433, "max": 0.0122118489817, "var": 4.31857870353e-06, "mean": 0.00616247067228}, "zerocrossingrate": {"dmean2": 0.0108335465193, "median": 0.05078125, "min": 0.00439453125, "dvar2": 0.000127378691104, "dvar": 7.55727523938e-05, "dmean": 0.0082401111722, "max": 0.525390625, "var": 0.00201519276015, "mean": 0.0559551455081}, "silence_rate_60dB": {"dmean2": 0.00559654040262, "median": 0, "min": 0, "dvar2": 0.00709085538983, "dvar": 0.00278991390951, "dmean": 0.00279791420326, "max": 1, "var": 0.0399693250656, "mean": 0.0417090542614}, "erbbands_kurtosis": {"dmean2": 0.745741188526, "median": -0.594838798046, "min": -1.77554273605, "dvar2": 0.709127783775, "dvar": 0.275791972876, "dmean": 0.447699576616, "max": 13.6298723221, "var": 0.680991709232, "mean": -0.446465551853}, "erbbands": {"dmean2": [0.475296169519, 4.41253900528, 12.5799627304, 15.1693906784, 25.8025188446, 23.7659721375, 17.6015262604, 15.3218383789, 14.3622970581, 16.1224346161, 23.3325366974, 23.5152339935, 29.7403697968, 21.6081142426, 30.0168743134, 31.6015110016, 19.7864971161, 29.211025238, 26.1114025116, 28.5235404968, 49.4770889282, 28.8141746521, 17.3698654175, 18.6760749817, 24.6905918121, 21.2396717072, 15.3055620193, 11.8680896759, 8.32912254333, 4.54320573807, 2.36933422089, 1.02343797684, 0.585665583611, 0.233369514346, 0.079172693193, 0.0241876617074, 0.00724270101637, 0.00141616875771, 3.9028491301e-05, 3.24672437273e-05], "median": [0.209849327803, 1.51772332191, 4.89388942719, 8.23385238647, 8.0189037323, 8.40596675873, 7.13746166229, 6.03549957275, 7.47050857544, 10.2497348785, 18.4820327759, 17.5149230957, 19.0529670715, 19.1942329407, 25.824640274, 24.4523353577, 17.4020500183, 23.677898407, 22.7241516113, 26.3014221191, 44.139289856, 30.7440795898, 18.2759094238, 19.4698143005, 27.4547576904, 20.6197509766, 13.98579216, 10.7144165039, 5.53188323975, 2.00487565994, 0.966297149658, 0.552015006542, 0.356569975615, 0.189354151487, 0.089445874095, 0.0289810188115, 0.0071316906251, 0.00113708828576, 5.57985731575e-05, 5.01171816722e-05], "min": [1.19176700561e-22, 4.91990609942e-22, 3.09802201907e-21, 6.7045682639e-21, 4.49824209839e-21, 3.08092854174e-20, 4.58077339778e-20, 1.17738936762e-19, 1.33907112412e-19, 1.09367054707e-19, 3.33599226856e-19, 3.8987607209e-19, 4.58009439882e-19, 6.58529032206e-19, 1.06464255632e-18, 8.70506368485e-19, 1.23894853654e-18, 2.09888333e-18, 2.95416430194e-18, 2.4969551076e-18, 3.3838234188e-18, 4.96715340393e-18, 4.15240986548e-18, 6.34396285989e-18, 7.54394922503e-18, 7.95879188275e-18, 7.62521972021e-18, 9.26085026753e-18, 1.05292192403e-17, 9.28084239575e-18, 1.13962145373e-17, 9.88917831518e-18, 1.15673383537e-17, 8.45846852974e-18, 6.42876582988e-18, 4.13553248585e-18, 2.3860965687e-18, 9.86050058373e-19, 2.66729454999e-19, 2.58561602212e-20], "dvar2": [0.369098931551, 37.3076629639, 247.056640625, 268.405914307, 2486.87304688, 1737.1875, 988.545898438, 770.6953125, 605.413452148, 590.566467285, 793.606079102, 1119.21594238, 1603.35693359, 717.734680176, 1373.02185059, 1998.10534668, 678.674926758, 1699.53527832, 1412.96936035, 1254.91442871, 5251.05615234, 1359.00317383, 506.617095947, 697.569274902, 959.123352051, 796.293701172, 427.335327148, 257.982299805, 168.770568848, 82.5231552124, 14.5018978119, 2.48346948624, 0.764031171799, 0.112430773675, 0.0108083318919, 0.0012744795531, 0.000143294091686, 5.88450711803e-06, 3.60246432685e-09, 1.27918065029e-09], "dvar": [0.161570563912, 13.6832122803, 86.8315582275, 95.8437652588, 869.808288574, 642.733459473, 411.456329346, 295.227294922, 245.862472534, 229.422912598, 336.73449707, 513.34362793, 671.917236328, 279.399353027, 577.513000488, 768.692749023, 308.747924805, 657.302368164, 570.47277832, 536.299865723, 1951.53405762, 534.128479004, 192.453918457, 272.880065918, 358.827178955, 318.940582275, 173.927078247, 92.7611236572, 58.9916305542, 28.3406009674, 5.07411050797, 0.879398167133, 0.272709399462, 0.040722630918, 0.00493758125231, 0.000640286481939, 7.44894641684e-05, 3.0859173421e-06, 1.83510473484e-09, 4.83579232213e-10], "dmean": [0.299677699804, 2.51989841461, 7.06811857224, 8.63547801971, 14.4088811874, 13.7630338669, 10.3678417206, 8.95056438446, 8.53380203247, 9.81070995331, 14.5876216888, 14.431511879, 18.2159633636, 13.1936597824, 18.7017269135, 19.3936100006, 12.2865428925, 17.5795402527, 15.7160043716, 16.9681873322, 29.6439571381, 17.4907569885, 10.4053688049, 11.1990242004, 14.7344932556, 12.5963182449, 9.00088596344, 6.81428050995, 4.61084079742, 2.50380277634, 1.31451141834, 0.579093456268, 0.334413260221, 0.136476457119, 0.0531048439443, 0.0173764135689, 0.00531924515963, 0.00104994827416, 2.7926718758e-05, 1.93935684365e-05], "max": [3.00931406021, 26.1528987885, 91.2658081055, 99.2997131348, 272.55569458, 336.649963379, 566.438964844, 354.269012451, 282.475982666, 299.816467285, 320.753814697, 582.674865723, 384.210479736, 267.97164917, 363.535552979, 496.755859375, 645.212280273, 425.088531494, 800.51361084, 655.842285156, 1046.90905762, 472.828094482, 276.328765869, 470.179870605, 365.424072266, 407.275848389, 376.907958984, 138.324584961, 73.8831100464, 81.8475494385, 21.6511135101, 10.9241094589, 6.12918567657, 2.75944018364, 1.09888887405, 0.492558836937, 0.138445571065, 0.0265034046024, 0.000931807269808, 0.000169051534613], "var": [0.237720251083, 12.2330884933, 81.0740203857, 112.44606781, 686.953125, 682.373840332, 879.135864258, 545.335571289, 494.082641602, 502.684936523, 734.780212402, 1679.26220703, 1498.01611328, 576.446166992, 1578.87805176, 2266.26171875, 1055.46374512, 1272.83581543, 1480.5369873, 1524.99255371, 3779.57958984, 1079.18640137, 485.908111572, 550.439147949, 887.475097656, 718.38671875, 503.785919189, 133.042999268, 54.6149520874, 24.3740310669, 5.86926174164, 1.45105612278, 0.522149145603, 0.097107835114, 0.0179810058326, 0.00216439692304, 0.000221658876399, 7.98690416559e-06, 4.94916552185e-09, 7.65897456567e-10], "mean": [0.3982668221, 2.69823002815, 7.94189214706, 11.2047634125, 15.8456172943, 16.8171348572, 14.838019371, 12.6643371582, 13.6261453629, 17.0002727509, 26.1439151764, 28.9856262207, 32.2097816467, 25.4543972015, 36.886844635, 38.5443191528, 26.0633277893, 33.0494270325, 31.6155166626, 34.9999771118, 58.905002594, 38.0585899353, 23.1779613495, 24.8724689484, 34.9960021973, 27.35820961, 19.5896167755, 13.3131027222, 7.54667186737, 3.8406484127, 2.02227640152, 1.0641336441, 0.638904988766, 0.293039441109, 0.127345964313, 0.0422890037298, 0.0123012810946, 0.00216124323197, 7.47655867599e-05, 5.24539354956e-05]}, "spectral_strongpeak": {"dmean2": 0.662997484207, "median": 0.32536354661, "min": 0, "dvar2": 1.47479820251, "dvar": 0.568463921547, "dmean": 0.375061392784, "max": 14.2234067917, "var": 0.596767783165, "mean": 0.510551869869}, "spectral_energy": {"dmean2": 0.0296901352704, "median": 0.0405158177018, "min": 1.00334326428e-20, "dvar2": 0.00106931803748, "dvar": 0.000402518722694, "dmean": 0.0176775697619, "max": 0.152857482433, "var": 0.000598005368374, "mean": 0.0433518663049}, "average_loudness": 0.965096831322, "spectral_rolloff": {"dmean2": 964.208435059, "median": 1119.7265625, "min": 64.599609375, "dvar2": 897984.875, "dvar": 367525.78125, "dmean": 561.730285645, "max": 19444.4824219, "var": 3268264.5, "mean": 1409.29284668}, "spectral_centroid": {"dmean2": 520.534179688, "median": 1636.02832031, "min": 134.565917969, "dvar2": 237356.671875, "dvar": 98417.6796875, "dmean": 309.030548096, "max": 11776.6621094, "var": 881977.6875, "mean": 1697.00793457}, "pitch_salience": {"dmean2": 0.163819387555, "median": 0.574188709259, "min": 0.0503764078021, "dvar2": 0.0193589478731, "dvar": 0.00715559627861, "dmean": 0.0983482524753, "max": 0.908227324486, "var": 0.0179954525083, "mean": 0.556785047054}, "spectral_energyband_middle_high": {"dmean2": 0.00308254431002, "median": 0.00665764603764, "min": 1.1366340092e-21, "dvar2": 1.08777367132e-05, "dvar": 4.12414055972e-06, "dmean": 0.00190835923422, "max": 0.0315479524434, "var": 2.00551185117e-05, "mean": 0.00740777747706}, "spectral_contrast_coeffs": {"dmean2": [0.106678426266, 0.0786303505301, 0.0612289644778, 0.0478871911764, 0.0354634597898, 0.0324664637446], "median": [-0.657053947449, -0.780383586884, -0.797535181046, -0.804766535759, -0.798024594784, -0.704654335976], "min": [-0.980642855167, -0.978904247284, -0.972173213959, -0.970570325851, -0.965714633465, -0.963343143463], "dvar2": [0.00743441050872, 0.00382988178171, 0.00240902602673, 0.00141444278415, 0.000802916998509, 0.000807849341072], "dvar": [0.00272748665884, 0.00141321111005, 0.000910294358619, 0.000521050475072, 0.000315015757224, 0.000318801990943], "dmean": [0.0627912282944, 0.0467890016735, 0.0372693873942, 0.0287087429315, 0.0215771384537, 0.0199587009847], "max": [-0.296961516142, -0.430210739374, -0.508551180363, -0.575643002987, -0.582544505596, -0.545605242252], "var": [0.0066646868363, 0.00433973362669, 0.00329150538892, 0.0020946986042, 0.00157992949244, 0.00259602535516], "mean": [-0.652082204819, -0.773275852203, -0.792243242264, -0.800869226456, -0.794547319412, -0.703509032726]}, "melbands_skewness": {"dmean2": 1.88783180714, "median": 2.86973261833, "min": -0.406248182058, "dvar2": 3.85223317146, "dvar": 1.52220225334, "dmean": 1.13159692287, "max": 22.3105964661, "var": 4.62219572067, "mean": 3.22424983978}, "spectral_spread": {"dmean2": 541183, "median": 3722599.75, "min": 1350559.375, "dvar2": 1062010486780.0, "dvar": 596019838976, "dmean": 338736.40625, "max": 42873856, "var": 10477130219500.0, "mean": 4072744}, "dissonance": {"dmean2": 0.0180225372314, "median": 0.486137926579, "min": 0.232081308961, "dvar2": 0.000305909430608, "dvar": 0.000108607433503, "dmean": 0.0105407880619, "max": 0.500000119209, "var": 0.000162002455909, "mean": 0.483322769403}, "spectral_skewness": {"dmean2": 0.322869986296, "median": 1.11759591103, "min": -0.0894061848521, "dvar2": 0.0984212383628, "dvar": 0.0335251763463, "dmean": 0.189626008272, "max": 4.0095705986, "var": 0.0953878462315, "mean": 1.10719716549}, "spectral_flux": {"dmean2": 0.0569088421762, "median": 0.114874131978, "min": 6.34274369138e-11, "dvar2": 0.00302190007642, "dvar": 0.00148361490574, "dmean": 0.0358000434935, "max": 0.333750009537, "var": 0.00306222843938, "mean": 0.122084133327}, "spectral_contrast_valleys": {"dmean2": [0.693172335625, 0.663831174374, 0.529266119003, 0.444984853268, 0.378121227026, 0.48186853528], "median": [-6.36674642563, -6.25308704376, -6.56525421143, -6.85949897766, -6.65609550476, -10.0881156921], "min": [-28.0624294281, -27.9468078613, -27.7309417725, -27.5158100128, -27.4603023529, -27.4347839355], "dvar2": [0.337379157543, 0.375948876143, 0.231177985668, 0.18367819488, 0.171074271202, 0.344829410315], "dvar": [0.154640540481, 0.176846176386, 0.124753378332, 0.10769122839, 0.104919753969, 0.167116433382], "dmean": [0.41910097003, 0.402047932148, 0.32834944129, 0.279068946838, 0.240448072553, 0.297444880009], "max": [-4.95302295685, -4.67227315903, -5.32774496078, -5.79480552673, -5.64336585999, -8.66086769104], "var": [4.97342252731, 4.68321228027, 4.28830051422, 4.10088443756, 4.04853630066, 3.67153525352], "mean": [-6.83359956741, -6.65583324432, -6.95247745514, -7.23292589188, -7.01909780502, -10.467212677]}, "erbbands_flatness_db": {"dmean2": 0.0188236776739, "median": 0.142362535, "min": 0.0553409121931, "dvar2": 0.000284334877506, "dvar": 0.000129964901134, "dmean": 0.0120557220653, "max": 0.35349136591, "var": 0.00142731808592, "mean": 0.147134467959}, "spectral_energyband_high": {"dmean2": 0.000760450726375, "median": 0.000888709560968, "min": 7.09686472785e-21, "dvar2": 1.10926282559e-06, "dvar": 3.97449554157e-07, "dmean": 0.000433428911492, "max": 0.00674570072442, "var": 6.1621972236e-07, "mean": 0.00101870228536}, "spectral_entropy": {"dmean2": 0.195760890841, "median": 7.78686237335, "min": 5.89414930344, "dvar2": 0.0403965972364, "dvar": 0.0153846805915, "dmean": 0.119787551463, "max": 9.81544303894, "var": 0.0831771567464, "mean": 7.77693080902}, "silence_rate_20dB": {"dmean2": 0, "median": 1, "min": 1, "dvar2": 0, "dvar": 0, "dmean": 0, "max": 1, "var": 0, "mean": 1}, "melbands_flatness_db": {"dmean2": 0.0586663410068, "median": 0.191232055426, "min": 0.00297240610234, "dvar2": 0.00264637358487, "dvar": 0.000993273919448, "dmean": 0.0350815281272, "max": 0.547901272774, "var": 0.00312035926618, "mean": 0.195737153292}, "barkbands": {"dmean2": [0.00089373672381, 0.0172284562141, 0.0113910362124, 0.00567960646003, 0.00741783296689, 0.00193124020007, 0.00111036864109, 0.000925799715333, 0.00112062180415, 0.000876634730957, 0.000757955713198, 0.000946512038354, 0.000433779554442, 0.000709874439053, 0.000447625963716, 0.000827793031931, 0.00059559935471, 0.000329222442815, 0.000444131408585, 0.000461787742097, 0.00032593565993, 0.000219902372919, 9.27808941924e-05, 3.83487749787e-05, 1.4755745724e-05, 4.26588485425e-06, 4.01975597697e-07], "median": [0.000540777924471, 0.0076292748563, 0.00440998096019, 0.00240527023561, 0.00262517528608, 0.00073698698543, 0.000582776847295, 0.0006236146437, 0.000812758458778, 0.000492788560223, 0.000504307099618, 0.000644660729449, 0.00032049336005, 0.000515740888659, 0.000361165526556, 0.000743887736462, 0.00053885311354, 0.000298559549265, 0.000470462662634, 0.000433672859799, 0.000307943904772, 0.000123693491332, 3.63452272722e-05, 2.38474312937e-05, 1.5124971469e-05, 4.74979515275e-06, 2.02574540253e-07], "min": [4.13200584337e-25, 4.94504794844e-24, 3.11929801421e-25, 2.95926259123e-24, 1.0825251057e-23, 1.13569748615e-23, 6.42023756273e-24, 7.98110693765e-24, 1.67010972867e-23, 6.86447117087e-24, 1.45439555637e-23, 1.22955655109e-23, 2.08998630973e-23, 3.81183426973e-23, 4.56430060378e-23, 5.05441578211e-23, 7.71001346762e-23, 9.68107079174e-23, 1.13295483767e-22, 1.54660711686e-22, 2.22341518987e-22, 2.9337557836e-22, 4.50318559307e-22, 5.95035079748e-22, 8.55276177682e-22, 1.32510800034e-21, 2.0142934398e-21], "dvar2": [1.29370050672e-06, 0.000527964322828, 0.000199182919459, 4.74290500279e-05, 0.000196192413568, 1.25143642435e-05, 3.07206801153e-06, 1.38406971928e-06, 2.13308317143e-06, 1.78201582912e-06, 1.02791329937e-06, 1.91666867977e-06, 3.33965203936e-07, 9.93389107862e-07, 3.19801841897e-07, 1.29277191263e-06, 7.42052066016e-07, 1.76429082899e-07, 3.26557966446e-07, 3.52553769289e-07, 1.87815089703e-07, 1.30566533585e-07, 2.68171476137e-08, 3.26426707886e-09, 3.86308846023e-10, 4.61959775988e-11, 5.01600226199e-13], "dvar": [5.26500798514e-07, 0.000205070318771, 7.03773257555e-05, 1.66357312992e-05, 7.08899533493e-05, 4.95610538565e-06, 1.21606115044e-06, 6.08193772678e-07, 9.53276867222e-07, 7.37374364235e-07, 4.21813837193e-07, 7.71457735027e-07, 1.44111282907e-07, 4.01932055638e-07, 1.37456623861e-07, 4.79610548609e-07, 2.96993192705e-07, 6.70447590778e-08, 1.24295880255e-07, 1.3751213146e-07, 7.21243225144e-08, 4.55922801734e-08, 9.30657773068e-09, 1.16868925648e-09, 1.50328777204e-10, 2.43058056321e-11, 2.16127056573e-13], "dmean": [0.000570426695049, 0.0102483741939, 0.00644249469042, 0.00322149065323, 0.00425201980397, 0.00113668874837, 0.000663111393806, 0.00058230716968, 0.000691336696036, 0.000531601835974, 0.000466982775833, 0.000589676434174, 0.000265814451268, 0.000428800529335, 0.000270109303528, 0.000494536070619, 0.000361615268048, 0.0001971036545, 0.000265906797722, 0.000273873680271, 0.000191070168512, 0.000121101242257, 5.14708044648e-05, 2.17897195398e-05, 9.12090854399e-06, 3.18289994539e-06, 2.69110330464e-07], "max": [0.00741439126432, 0.10217268765, 0.0865624323487, 0.0462491586804, 0.080003798008, 0.0439192466438, 0.0182583481073, 0.0155758019537, 0.0204514022917, 0.0127855045721, 0.0119734015316, 0.0163677651435, 0.0122420778498, 0.020336959511, 0.0100867347792, 0.0151233738288, 0.014531750232, 0.00453093927354, 0.00642430176958, 0.00685885129496, 0.00574802607298, 0.00204700091854, 0.00129353848752, 0.000337486824719, 0.000185358876479, 9.0693065431e-05, 7.99091139925e-06], "var": [1.0900810139e-06, 0.000227999335038, 6.96942661307e-05, 1.80319511855e-05, 6.48399363854e-05, 9.68738368101e-06, 2.61326636064e-06, 1.33462901886e-06, 3.0660532957e-06, 1.32688376198e-06, 9.11977451779e-07, 2.37708468376e-06, 4.62038798332e-07, 1.02357250853e-06, 3.1423752489e-07, 9.30521707687e-07, 5.40551070571e-07, 1.51491391875e-07, 2.74805842082e-07, 3.45542190416e-07, 1.70183625414e-07, 4.03117255132e-08, 9.63223989459e-09, 2.25814011934e-09, 4.85219142643e-10, 7.75416675314