{"tonal": {"thpcp": [1, 0.404488623142, 0.107329286635, 0.100343279541, 0.23227481544, 0.709377408028, 0.700970411301, 0.219098120928, 0.079461120069, 0.0684667229652, 0.116163611412, 0.339034080505, 0.413515776396, 0.288833379745, 0.589209616184, 0.649150550365, 0.234411925077, 0.0748504474759, 0.0679049789906, 0.0977513939142, 0.27657186985, 0.317541331053, 0.1376645118, 0.0682739913464, 0.0688256323338, 0.116954438388, 0.32525369525, 0.362533420324, 0.52068811655, 0.962503492832, 0.664304852486, 0.151188641787, 0.112812712789, 0.107446491718, 0.165860876441, 0.775389313698], "hpcp": {"dmean2": [0.168193563819, 0.176081359386, 0.117302522063, 0.0739607810974, 0.0644241049886, 0.0763903409243, 0.132528573275, 0.168631911278, 0.140734344721, 0.167791336775, 0.176660746336, 0.120145961642, 0.0740582495928, 0.0677975192666, 0.0785025954247, 0.109609298408, 0.11415335536, 0.0895137637854, 0.0663160160184, 0.0661889389157, 0.0763729810715, 0.107784681022, 0.120638526976, 0.141929119825, 0.163936644793, 0.143007040024, 0.111440591514, 0.0975152701139, 0.0874749198556, 0.10316426307, 0.195961773396, 0.218952730298, 0.171724364161, 0.0972203016281, 0.100635491312, 0.138917386532], "median": [0.0115867517889, 0.012357737869, 0.00597190670669, 0.000798969471361, 0.000568561255932, 0.00327594461851, 0.0159344840795, 0.0194652173668, 0.0218222737312, 0.0385650806129, 0.0425078310072, 0.0136549193412, 0.000864897563588, 0.000671421759762, 0.00184654537588, 0.0081730550155, 0.0102118682116, 0.00459090387449, 0.000585147703532, 0.000455654342659, 0.00265399599448, 0.0103341313079, 0.0112849529833, 0.0344651974738, 0.00570123502985, 0.00489789992571, 0.00215057609603, 0.00147556257434, 0.00170240958687, 0.00983241386712, 0.0569401495159, 0.0765866413713, 0.0279652401805, 0.00151251873467, 0.00110484147444, 0.00359777431004], "min": [0, 0, 0, 0, 0, 0, 0, 0, 0, 0, 0, 0, 0, 0, 0, 0, 0, 0, 0, 0, 0, 0, 0, 0, 0, 0, 0, 0, 0, 0, 0, 0, 0, 0, 0, 0], "dvar2": [0.110070876777, 0.105452470481, 0.0772023648024, 0.0643213763833, 0.0547040253878, 0.0517531521618, 0.0698642283678, 0.0984636545181, 0.0756864994764, 0.0811647623777, 0.0907613188028, 0.0679923146963, 0.0589171610773, 0.0558103770018, 0.0524916648865, 0.0605965256691, 0.059151083231, 0.053200095892, 0.0468325652182, 0.0484981611371, 0.0435553155839, 0.0511921830475, 0.0586619488895, 0.0653365850449, 0.119625627995, 0.0768778249621, 0.063354074955, 0.0707409977913, 0.0566871017218, 0.0494232960045, 0.0893589779735, 0.121242895722, 0.0928090363741, 0.0726308450103, 0.0814189463854, 0.102267831564], "dvar": [0.0459667518735, 0.0450638793409, 0.0275397375226, 0.0223253183067, 0.0188466496766, 0.0188137479126, 0.0287177506834, 0.0390968248248, 0.0274518597871, 0.0343342088163, 0.040427017957, 0.0238866508007, 0.0202311296016, 0.0191853251308, 0.0177866201848, 0.0236990544945, 0.0248301997781, 0.0185228418559, 0.0163073651493, 0.0170945581049, 0.0158850941807, 0.0223082508892, 0.0253617111593, 0.0234838370234, 0.0471934787929, 0.0318296179175, 0.0216934047639, 0.0251311529428, 0.020051246509, 0.017005873844, 0.0361150763929, 0.0534335747361, 0.0331092067063, 0.025535620749, 0.0282573197037, 0.0351714156568], "dmean": [0.0985441729426, 0.103655517101, 0.0653764605522, 0.0390472225845, 0.0335841812193, 0.0427683591843, 0.0810267776251, 0.0990266874433, 0.0806180685759, 0.102177776396, 0.107293970883, 0.0670109465718, 0.0384923815727, 0.0351795181632, 0.0418700873852, 0.0650250390172, 0.069120913744, 0.0489003024995, 0.0347581543028, 0.0346976742148, 0.0429751761258, 0.0667502582073, 0.0734237805009, 0.0782248526812, 0.0908978134394, 0.0816476121545, 0.0592148564756, 0.0518348105252, 0.0472805760801, 0.0563868992031, 0.11780910939, 0.12855823338, 0.0965839624405, 0.0513423867524, 0.0521403215826, 0.074306756258], "max": [1, 1, 1, 1, 1, 1, 1, 1, 1, 1, 1, 1, 1, 1, 1, 1, 1, 1, 1, 1, 1, 1, 1, 1, 1, 1, 1, 1, 1, 1, 1, 1, 1, 1, 1, 1], "var": [0.126963481307, 0.12002696842, 0.0229469109327, 0.0133323166519, 0.0111027574167, 0.0141426492482, 0.0422688126564, 0.058280762285, 0.0275242738426, 0.0801846832037, 0.0974575579166, 0.0203461255878, 0.0112120443955, 0.010710044764, 0.0109767233953, 0.0365098267794, 0.0439659282565, 0.0129600726068, 0.00939991045743, 0.010135489516, 0.0121225146577, 0.041710332036, 0.0504932403564, 0.0443591959774, 0.178973153234, 0.0889700725675, 0.0146217588335, 0.015568071045, 0.0126138245687, 0.0124937072396, 0.0985074862838, 0.151445001364, 0.0363132692873, 0.015932995826, 0.0161547381431, 0.026028746739], "mean": [0.215323284268, 0.212771445513, 0.0665046945214, 0.0241195019335, 0.0207822807133, 0.0352601185441, 0.102909862995, 0.12551791966, 0.0876720249653, 0.178847745061, 0.197042122483, 0.0711530223489, 0.0227199867368, 0.0206117704511, 0.0296713020653, 0.0839501842856, 0.0963859930634, 0.0417864657938, 0.0207237787545, 0.0208912231028, 0.0355001650751, 0.0987269878387, 0.110042817891, 0.158048838377, 0.292156785727, 0.201642036438, 0.0458915606141, 0.034242991358, 0.0326141379774, 0.0503451451659, 0.235360443592, 0.303538411856, 0.122777834535, 0.032578561455, 0.0304580386728, 0.0705043300986]}, "tuning_equal_tempered_deviation": 0.184616044164, "chords_changes_rate": 0.0562427081168, "key_key": "C", "tuning_diatonic_strength": 0.630780339241, "key_scale": "major", "chords_number_rate": 0.00186697777826, "tuning_frequency": 434.193115234, "tuning_nontempered_energy_ratio": 0.937666535378, "chords_histogram": [39.8833122253, 15.2158689499, 4.59743309021, 0, 0.326721131802, 0, 0.630105018616, 0, 0, 0, 0, 0, 0, 1.68028008938, 0, 10.0816802979, 0, 0.186697781086, 0, 0.0700116679072, 0, 1.79696619511, 12.6721124649, 12.8588094711], "key_strength": 0.708503603935, "chords_key": "C", "chords_strength": {"dmean2": 0.00868381559849, "median": 0.489270120859, "min": -1, "dvar2": 0.000930454931222, "dvar": 0.0004932579468, "dmean": 0.00884944200516, "max": 0.722619891167, "var": 0.0196849498898, "mean": 0.485068619251}, "chords_scale": "major", "hpcp_entropy": {"dmean2": 0.870670616627, "median": 1.63250768185, "min": 0, "dvar2": 0.572124004364, "dvar": 0.217030435801, "dmean": 0.522855579853, "max": 3.70390224457, "var": 0.483977079391, "mean": 1.56328856945}}, "metadata": {"audio_properties": {"equal_loudness": 0, "codec": "mp3", "downmix": "mix", "sample_rate": 44100, "analysis_sample_rate": 44100, "bit_rate": 300193, "md5_encoded": "c95f0e44c679ef07d4e6ddc234586417", "length": 198.922454834, "replay_gain": -13.9766616821, "lossless": false}, "version": {"essentia_build_sha": "70f2e5ece6736b2c40cc944ad0e695b16b925413", "essentia": "2.1-beta2", "extractor": "music 1.0", "essentia_git_sha": "v2.1_beta2"}, "tags": {"musicbrainz_recordingid": ["0b2db7f0-9820-4600-8287-073ccee98664"], "file_name": "2203146.mp3"}}, "rhythm": {"bpm_histogram_first_peak_bpm": {"dmean2": 0, "median": 115, "min": 115, "dvar2": 0, "dvar": 0, "dmean": 0, "max": 115, "var": 0, "mean": 115}, "bpm": 115.927658081, "bpm_histogram_second_peak_spread": {"dmean2": 0, "median": 0.33333337307, "min": 0.33333337307, "dvar2": 0, "dvar": 0, "dmean": 0, "max": 0.33333337307, "var": 0, "mean": 0.33333337307}, "bpm_histogram_first_peak_weight": {"dmean2": 0, "median": 0.480818420649, "min": 0.480818420649, "dvar2": 0, "dvar": 0, "dmean": 0, "max": 0.480818420649, "var": 0, "mean": 0.480818420649}, "onset_rate": 2.98587036133, "beats_position": [0.406349211931, 0.824308395386, 1.24226760864, 1.64861679077, 2.0549659729, 2.46131515503, 2.86766433716, 3.27401351929, 3.69197273254, 4.09832191467, 4.6439909935, 5.18965959549, 5.73532867432, 6.25777769089, 6.76861667633, 7.2910656929, 7.81351470947, 8.33596324921, 8.85841274261, 9.38086128235, 9.89170074463, 10.4025392532, 10.9133787155, 11.4358272552, 11.9582767487, 12.4691152573, 12.9915647507, 13.5140132904, 14.0248527527, 14.5473012924, 15.0697498322, 15.5805892944, 16.0914287567, 16.602268219, 17.1247158051, 17.6471652985, 18.1580047607, 18.6804523468, 19.2029018402, 19.7137413025, 20.2245807648, 20.7470283508, 21.2694778442, 21.7803173065, 22.3027667999, 22.825214386, 23.3360538483, 23.8468933105, 24.369342804, 24.8801803589, 25.4026298523, 25.9250793457, 26.4475269318, 26.958366394, 27.4692058563, 27.9916553497, 28.5141029358, 29.0249423981, 29.5473918915, 30.0698413849, 30.5806789398, 31.0915184021, 31.6139678955, 32.1364173889, 32.6472549438, 33.1580963135, 33.6805419922, 34.2029914856, 34.7138328552, 35.2246704102, 35.7471199036, 36.269569397, 36.7804069519, 37.2912483215, 37.8136940002, 38.3361434937, 38.8585929871, 39.3810424805, 39.8918800354, 40.402721405, 40.91355896, 41.4360084534, 41.9584579468, 42.4692955017, 42.9917449951, 43.5141944885, 44.0250320435, 44.5358734131, 45.0583229065, 45.5691604614, 46.0916099548, 46.6140594482, 47.1365089417, 47.6473464966, 48.1581840515, 48.6690254211, 49.1914749146, 49.7139205933, 50.2363700867, 50.7588195801, 51.269657135, 51.7921066284, 52.302947998, 52.8253974915, 53.3362350464, 53.8470726013, 54.3579139709, 54.8919715881, 55.4028091431, 55.9136505127, 56.4361000061, 56.9585494995, 57.4693870544, 57.9802246094, 58.5026741028, 59.0251235962, 59.5475730896, 60.070022583, 60.5808601379, 61.0916976929, 61.6025390625, 62.1133766174, 62.6358261108, 63.1582756042, 63.6691131592, 64.1915664673, 64.714012146, 65.2248535156, 65.7472991943, 66.258140564, 66.7805862427, 67.2914276123, 67.813873291, 68.3363265991, 68.8471679688, 69.3696136475, 69.8920593262, 70.4029006958, 70.9137420654, 71.4361877441, 71.9586410522, 72.4694747925, 72.9919281006, 73.5143737793, 74.0252151489, 74.5360565186, 75.0585021973, 75.580947876, 76.0917892456, 76.6142425537, 77.1366882324, 77.6475296021, 78.1583633423, 78.6692047119, 79.1916503906, 79.7141036987, 80.2249450684, 80.7473907471, 81.2698364258, 81.7806777954, 82.291519165, 82.8139648438, 83.3364181519, 83.8472518921, 84.3580932617, 84.8805389404, 85.4029922485, 85.9254379272, 86.4478912354, 86.9587249756, 87.4695663452, 87.9920196533, 88.514465332, 89.0253067017, 89.5361404419, 90.05859375, 90.5810394287, 91.0918807983, 91.6143264771, 92.1367797852, 92.6476211548, 93.158454895, 93.6809082031, 94.1917419434, 94.7141952515, 95.2250289917, 95.7474822998, 96.2699279785, 96.7807693481, 97.3032150269, 97.825668335, 98.3365097046, 98.8473434448, 99.3697967529, 99.8922424316, 100.403083801, 100.92552948, 101.447982788, 101.958816528, 102.469657898, 102.992103577, 103.514556885, 104.025398254, 104.536231995, 105.058685303, 105.581130981, 106.10358429, 106.626029968, 107.136871338, 107.647705078, 108.170158386, 108.692604065, 109.203445435, 109.725891113, 110.236732483, 110.759178162, 111.270019531, 111.780860901, 112.291702271, 112.814147949, 113.324989319, 113.847434998, 114.369888306, 114.892333984, 115.403175354, 115.925621033, 116.448066711, 116.958908081, 117.481361389, 117.992195129, 118.514648438, 119.025482178, 119.536323547, 120.047164917, 120.569610596, 121.092063904, 121.602897644, 122.125350952, 122.636184692, 123.158638, 123.681083679, 124.203536987, 124.714370728, 125.225212097, 125.736053467, 126.258499146, 126.780952454, 127.303398132, 127.82585144, 128.336685181, 128.847518921, 129.35836792, 129.880813599, 130.403259277, 130.925704956, 131.448165894, 131.958999634, 132.469833374, 132.992294312, 133.51473999, 134.02557373, 134.548019409, 135.070480347, 135.581314087, 136.092147827, 136.602996826, 137.125442505, 137.647888184, 138.158721924, 138.681182861, 139.192016602, 139.71446228, 140.225296021, 140.747756958, 141.270202637, 141.781036377, 142.291885376, 142.814331055, 143.336776733, 143.847610474, 144.370071411, 144.89251709, 145.40335083, 145.914199829, 146.436645508, 146.959091187, 147.469924927, 147.980773926, 148.503219604, 149.025665283, 149.536499023, 150.058959961, 150.58140564, 151.09223938, 151.614685059, 152.137145996, 152.647979736, 153.158813477, 153.681274414, 154.203720093, 154.714553833, 155.225387573, 155.747848511, 156.270294189, 156.78112793, 157.303573608, 157.826034546, 158.336868286, 158.847702026, 159.370162964, 159.892608643, 160.403442383, 160.914276123, 161.436737061, 161.959182739, 162.470016479, 162.992462158, 163.514923096, 164.025756836, 164.536590576, 165.059051514, 165.581497192, 166.103942871, 166.62638855, 167.137237549, 167.648071289, 168.158905029, 168.681350708, 169.203811646, 169.714645386, 170.225479126, 170.747940063, 171.270385742, 171.781219482, 172.303665161, 172.826126099, 173.336959839, 173.847793579, 174.370239258, 174.892700195, 175.415145874, 175.925979614, 176.448425293, 176.959274292, 177.458496094, 177.957733154, 178.491790771, 179.01423645, 179.52507019, 180.047531128, 180.569976807, 181.092422485, 181.603256226, 182.125717163, 182.648162842, 183.042892456, 183.437637329, 183.832382202, 184.238723755, 184.645080566, 185.051422119, 185.457778931, 185.864120483, 186.270477295, 186.665206909, 187.071563721, 187.477905273, 187.884262085, 188.290603638, 188.708572388, 189.068481445, 189.428390503, 189.776687622, 190.21786499, 190.659042358, 191.088607788, 191.518188477, 191.970977783, 192.42376709, 192.864944458, 193.306121826, 193.747299194, 194.188476562, 194.629653931, 195.070831299, 195.512008667, 195.953201294, 196.405975342, 196.858764648, 197.334777832, 197.810791016, 198.286804199], "beats_loudness": {"dmean2": 0.0672066137195, "median": 0.0989867448807, "min": 0, "dvar2": 0.00378646119498, "dvar": 0.00136580539402, "dmean": 0.0377620495856, "max": 0.260796844959, "var": 0.00224631163292, "mean": 0.0992478653789}, "danceability": 1.14095628262, "bpm_histogram_second_peak_weight": {"dmean2": 0, "median": 0.0409207157791, "min": 0.0409207157791, "dvar2": 0, "dvar": 0, "dmean": 0, "max": 0.0409207157791, "var": 0, "mean": 0.0409207157791}, "beats_count": 392, "bpm_histogram_second_peak_bpm": {"dmean2": 0, "median": 148, "min": 148, "dvar2": 0, "dvar": 0, "dmean": 0, "max": 148, "var": 0, "mean": 148}, "bpm_histogram_first_peak_spread": {"dmean2": 0, "median": 0.447058856487, "min": 0.447058856487, "dvar2": 0, "dvar": 0, "dmean": 0, "max": 0.447058856487, "var": 0, "mean": 0.447058856487}, "beats_loudness_band_ratio": {"dmean2": [0.249328240752, 0.115326449275, 0.100774675608, 0.119579732418, 0.0412387363613, 0.0166093818843], "median": [0.843405246735, 0.0493056178093, 0.0416473001242, 0.0184316001832, 0.00635325908661, 0.00282846507616], "min": [0, 0, 0, 0, 0, 0], "dvar2": [0.0602756738663, 0.0217562355101, 0.0152601581067, 0.0266680568457, 0.00295622879639, 0.00042047383613], "dvar": [0.0258612614125, 0.0074242320843, 0.00557318329811, 0.0101563865319, 0.00116304121912, 0.000139086099807], "dmean": [0.145790025592, 0.0643434152007, 0.0583340488374, 0.0676647722721, 0.0234130900353, 0.00924465898424], "max": [0.999998807907, 0.66036438942, 0.699983716011, 0.713272750378, 0.359031230211, 0.0735616162419], "var": [0.0491736568511, 0.00760746980086, 0.00826207641512, 0.0103316316381, 0.00115347467363, 0.000116878625704], "mean": [0.776249170303, 0.0730794891715, 0.0713355243206, 0.0601910054684, 0.0188892241567, 0.00731143541634]}}, "lowlevel": {"barkbands_spread": {"dmean2": 4.70494127274, "median": 10.4929885864, "min": 0.0998458117247, "dvar2": 71.136505127, "dvar": 36.6135101318, "dmean": 3.3451423645, "max": 122.730224609, "var": 130.096694946, "mean": 12.9802627563}, "melbands_spread": {"dmean2": 5.43387317657, "median": 10.1539297104, "min": 0.0611735843122, "dvar2": 134.912948608, "dvar": 67.9407653809, "dmean": 3.83590602875, "max": 213.343490601, "var": 342.245697021, "mean": 14.5238008499}, "hfc": {"dmean2": 7.26727294922, "median": 13.1554756165, "min": 1.09379707054e-16, "dvar2": 178.841278076, "dvar": 92.3388366699, "dmean": 5.22393846512, "max": 291.114105225, "var": 342.637084961, "mean": 17.9695167542}, "barkbands_kurtosis": {"dmean2": 10.3246583939, "median": 4.43576622009, "min": -1.89840328693, "dvar2": 1717.15112305, "dvar": 746.205749512, "dmean": 6.95763587952, "max": 735.207397461, "var": 1508.33032227, "mean": 13.9168367386}, "gfcc": {"mean": [-58.0259819031, 111.272613525, -83.6491622925, 2.68244194984, -39.6310501099, 18.9450340271, -31.7594127655, 15.4703989029, -14.4279060364, 5.87487363815, -2.12150740623, 0.142074272037, -5.09998178482], "icov": [[0.000113459689601, -0.000199174843146, 0.000182241434231, -0.000176716886926, 0.00028883034247, -0.000404576130677, 0.000279739382677, -0.000379610894015, 0.000340799975675, -0.000224839663133, 0.000254715880146, -0.000175105218659, 0.000134214526042], [-0.000199174843146, 0.00106547144242, -0.000209886391531, 0.000575255253352, -0.00100787531119, 0.000879990286194, -0.000669071858283, 0.000940493831877, -0.00108778255526, 0.000969853601418, -0.000834848789964, 0.000957910961006, -0.000252657599049], [0.000182241434231, -0.000209886391531, 0.00115151819773, -0.000585464469623, -0.000131968714413, -0.00112896796782, 0.000666754611302, -0.000776857836172, 0.000326608453179, -0.000140665957588, 0.000338656362146, -0.000335594377248, 0.000329087808495], [-0.000176716886926, 0.000575255253352, -0.000585464469623, 0.00259496178478, -0.00143942167051, 0.000709558313247, -0.00106543838046, -0.000160553390742, -0.000367362983525, 0.000395484472392, 9.19708036236e-05, 6.64166582283e-05, 0.000520071189385], [0.00028883034247, -0.00100787531119, -0.000131968714413, -0.00143942167051, 0.00540672335774, -0.00165795709472, -0.00103091506753, 8.5152380052e-05, -0.000487072888063, -6.7288230639e-05, 0.000195447166334, 0.000632348761428, -0.00067077530548], [-0.000404576130677, 0.000879990286194, -0.00112896796782, 0.000709558313247, -0.00165795709472, 0.00511471135542, -0.00177483365405, 4.57343012386e-05, -0.00026271835668, 0.000266819086391, -0.00116288138088, 0.000660510500893, 0.000136125599965], [0.000279739382677, -0.000669071858283, 0.000666754611302, -0.00106543838046, -0.00103091506753, -0.00177483365405, 0.0055936393328, -0.00126022729091, -0.000302576867398, -0.000372511363821, 3.59326077159e-05, 0.000202396535315, -0.000325260392856], [-0.000379610894015, 0.000940493831877, -0.000776857836172, -0.000160553390742, 8.5152380052e-05, 4.57343012386e-05, -0.00126022729091, 0.00860879290849, -0.00221096794121, -0.000823865470011, 0.000114028072858, -0.000262984889559, -0.00219898158684], [0.000340799975675, -0.00108778255526, 0.000326608453179, -0.000367362983525, -0.000487072888063, -0.00026271835668, -0.000302576867398, -0.00221096794121, 0.00826258212328, -0.002597034676, 0.00067641941132, -0.00227940338664, 0.000151918124175], [-0.000224839663133, 0.000969853601418, -0.000140665957588, 0.000395484472392, -6.7288230639e-05, 0.000266819086391, -0.000372511363821, -0.000823865470011, -0.002597034676, 0.00979269482195, -0.00439553381875, 0.000933898962103, 0.00111392629333], [0.000254715880146, -0.000834848789964, 0.000338656362146, 9.19708036236e-05, 0.000195447166334, -0.00116288138088, 3.59326077159e-05, 0.000114028072858, 0.00067641941132, -0.00439553381875, 0.0101693337783, -0.00240444927476, -0.00199609575793], [-0.000175105218659, 0.000957910961006, -0.000335594377248, 6.64166582283e-05, 0.000632348761428, 0.000660510500893, 0.000202396535315, -0.000262984889559, -0.00227940338664, 0.000933898962103, -0.00240444927476, 0.010815134272, -0.00273194513284], [0.000134214526042, -0.000252657599049, 0.000329087808495, 0.000520071189385, -0.00067077530548, 0.000136125599965, -0.000325260392856, -0.00219898158684, 0.000151918124175, 0.00111392629333, -0.00199609575793, -0.00273194513284, 0.0108779612929]], "cov": [[30731.4257812, -434.790344238, -3231.15429688, -633.852905273, -2304.38964844, 396.141235352, -1577.50097656, 525.69543457, -1119.43713379, 202.64805603, -492.245422363, 125.321235657, -413.138244629], [-434.790344238, 2483.48803711, -92.4555740356, -106.092056274, 530.613830566, -115.898979187, 337.857330322, -200.414581299, 231.975204468, -137.464736938, 93.9017944336, -167.393310547, 60.7028999329], [-3231.15429688, -92.4555740356, 2014.41625977, 608.314697266, 571.086914062, 427.615081787, 311.212860107, 147.068740845, 167.462875366, 13.4845705032, 34.2174797058, -0.568935394287, 19.0104866028], [-633.852905273, -106.092056274, 608.314697266, 762.133117676, 345.562774658, 195.863754272, 246.490493774, 105.545722961, 87.6080322266, 8.846367836, -11.7502737045, -7.86131477356, -8.17987251282], [-2304.38964844, 530.613830566, 571.086914062, 345.562774658, 666.583068848, 179.854446411, 370.73034668, 2.99480390549, 189.090713501, -20.1880874634, 61.4483718872, -56.6389579773, 53.9797210693], [396.141235352, -115.898979187, 427.615081787, 195.863754272, 179.854446411, 427.66015625, 148.265609741, 100.716773987, 27.4248180389, 40.555847168, 24.0104999542, -0.498389869928, 0.396411180496], [-1577.50097656, 337.857330322, 311.212860107, 246.490493774, 370.73034668, 148.265609741, 443.354431152, 36.0252151489, 148.707504272, 5.88584947586, 57.5851974487, -29.6917705536, 48.0859184265], [525.69543457, -200.414581299, 147.068740845, 105.545722961, 2.99480390549, 100.716773987, 36.0252151489, 203.153045654, 35.9815750122, 51.9550361633, 8.12027835846, 39.5988540649, 26.0448131561], [-1119.43713379, 231.975204468, 167.462875366, 87.6080322266, 189.090713501, 27.4248180389, 148.707504272, 35.9815750122, 234.647018433, 39.0314331055, 53.0537719727, 19.4123287201, 40.3188438416], [202.64805603, -137.464736938, 13.4845705032, 8.846367836, -20.1880874634, 40.555847168, 5.88584947586, 51.9550361633, 39.0314331055, 158.008636475, 59.4635925293, 24.1497058868, 2.65336680412], [-492.245422363, 93.9017944336, 34.2174797058, -11.7502737045, 61.4483718872, 24.0104999542, 57.5851974487, 8.12027835846, 53.0537719727, 59.4635925293, 156.830368042, 31.0306625366, 44.374370575], [125.321235657, -167.393310547, -0.568935394287, -7.86131477356, -56.6389579773, -0.498389869928, -29.6917705536, 39.5988540649, 19.4123287201, 24.1497058868, 31.0306625366, 131.869094849, 34.6578941345], [-413.138244629, 60.7028999329, 19.0104866028, -8.17987251282, 53.9797210693, 0.396411180496, 48.0859184265, 26.0448131561, 40.3188438416, 2.65336680412, 44.374370575, 34.6578941345, 124.290679932]]}, "spectral_energyband_middle_low": {"dmean2": 0.0109697263688, "median": 0.0107492618263, "min": 1.66375157289e-22, "dvar2": 0.000638725294266, "dvar": 0.00022838251607, "dmean": 0.00661931512877, "max": 0.152652218938, "var": 0.000248141586781, "mean": 0.0147456889972}, "melbands_crest": {"dmean2": 3.78753495216, "median": 18.7623729706, "min": 1.55689692497, "dvar2": 19.0658302307, "dvar": 9.14101600647, "dmean": 2.58373951912, "max": 37.4014892578, "var": 64.4147720337, "mean": 20.0792121887}, "spectral_kurtosis": {"dmean2": 6.02301454544, "median": 7.45396232605, "min": -1.39418804646, "dvar2": 159.781829834, "dvar": 61.3404769897, "dmean": 3.73416829109, "max": 182.417327881, "var": 338.365325928, "mean": 13.1971950531}, "spectral_rms": {"dmean2": 0.00106823630631, "median": 0.00646060239524, "min": 3.09928038095e-12, "dvar2": 3.13505574923e-06, "dvar": 1.6941191916e-06, "dmean": 0.000790746940766, "max": 0.01619050093, "var": 7.4974814197e-06, "mean": 0.00622496614233}, "zerocrossingrate": {"dmean2": 0.0088130608201, "median": 0.029296875, "min": 0.001953125, "dvar2": 0.000238928594626, "dvar": 0.000257678126218, "dmean": 0.00804498512298, "max": 0.52783203125, "var": 0.00374671351165, "mean": 0.0411713197827}, "silence_rate_60dB": {"dmean2": 0.0242820456624, "median": 0, "min": 0, "dvar2": 0.0250963456929, "dvar": 0.0119910882786, "dmean": 0.0121396053582, "max": 1, "var": 0.06512670964, "mean": 0.0700280144811}, "erbbands_kurtosis": {"dmean2": 2.91899490356, "median": 1.41960382462, "min": -1.88846576214, "dvar2": 53.4776763916, "dvar": 31.3165454865, "dmean": 1.91211056709, "max": 578.225341797, "var": 5823.75488281, "mean": 15.1661071777}, "erbbands": {"dmean2": [0.316463887691, 2.5624768734, 6.92973804474, 12.1962862015, 15.3548078537, 10.0108966827, 12.7334661484, 13.9421339035, 10.536523819, 28.2649688721, 14.7418394089, 27.5210266113, 34.1140594482, 25.5925426483, 48.751285553, 15.6021318436, 12.3542757034, 37.3370437622, 14.0332040787, 30.320602417, 10.0727701187, 4.62663841248, 4.21563911438, 7.10661458969, 3.97104001045, 3.80179166794, 2.11191129684, 1.04629743099, 1.25354576111, 1.80978000164, 1.7176181078, 1.63030207157, 1.16107773781, 0.729411244392, 0.414899498224, 0.20703189075, 0.0736554116011, 0.0156397018582, 0.00149569322821, 7.34377317713e-05], "median": [0.569686591625, 2.37089967728, 1.42492437363, 1.04548120499, 1.88108551502, 4.13795900345, 6.60990810394, 9.15788269043, 6.95015048981, 12.5090904236, 11.295545578, 9.23230552673, 14.9297161102, 8.41125774384, 13.1502714157, 6.57664394379, 4.55834197998, 9.31330108643, 5.38024425507, 5.68076133728, 2.35896754265, 1.20282053947, 1.28839743137, 2.12331032753, 0.998533427715, 0.834142684937, 0.390431344509, 0.166233867407, 0.142276138067, 0.227996200323, 0.536859154701, 0.507814884186, 0.322311103344, 0.200459837914, 0.117282688618, 0.0509069263935, 0.0185756590217, 0.00395676121116, 0.000334072683472, 6.89447042532e-05], "min": [1.30741325701e-22, 6.70638448676e-22, 2.26030394139e-21, 3.12879754034e-21, 1.13338825426e-20, 1.56217275363e-20, 3.05643947197e-20, 7.92849256711e-20, 6.29881492847e-20, 1.57587742386e-19, 2.30033887719e-19, 3.77439954418e-19, 5.25117775797e-19, 4.61754655201e-19, 6.17405541258e-19, 1.09663934998e-18, 1.47956172825e-18, 2.01748731016e-18, 1.71098101425e-18, 1.62890101944e-18, 3.78652678744e-18, 3.78184618594e-18, 4.59492957291e-18, 5.65215118176e-18, 5.21874659109e-18, 9.04940139626e-18, 8.57640628712e-18, 1.0403463799e-17, 9.1955898531e-18, 1.10803564476e-17, 1.16970559902e-17, 9.63874194011e-18, 1.08099089191e-17, 8.53566433323e-18, 7.0137471319e-18, 4.39800020294e-18, 2.18462328883e-18, 9.92199525842e-19, 2.38253917508e-19, 2.74826751865e-20], "dvar2": [0.587915122509, 35.2336387634, 371.858734131, 1581.40026855, 2413.34155273, 548.707458496, 617.773925781, 942.87902832, 667.128417969, 6044.78320312, 1077.05578613, 7596.61962891, 9610.23242188, 6328.23144531, 22742.671875, 1752.10986328, 1198.82495117, 18118.4296875, 1276.41918945, 10366.2001953, 1022.52636719, 217.009185791, 207.10269165, 345.978668213, 113.863334656, 130.731155396, 54.8954582214, 17.3340530396, 46.4282684326, 82.7380065918, 51.9145050049, 51.4466438293, 27.1407032013, 14.9388475418, 4.96865701675, 1.43365383148, 0.134507849813, 0.00731559284031, 0.000134634290589, 3.69009597989e-07], "dvar": [0.281680643559, 16.0695323944, 137.23576355, 565.496398926, 838.358764648, 208.369812012, 323.690124512, 502.70199585, 366.176239014, 2542.86962891, 509.607666016, 3342.05224609, 4970.36035156, 2512.04736328, 9801.54980469, 986.284606934, 541.047790527, 7997.73828125, 609.196289062, 4478.64599609, 424.374542236, 87.7353515625, 84.9783935547, 151.457199097, 53.4738121033, 61.252204895, 22.7027187347, 7.16543102264, 18.3569946289, 37.6264266968, 26.9731426239, 26.860206604, 13.5233316422, 7.29013061523, 2.73975801468, 0.902917325497, 0.0727512016892, 0.00366018875502, 5.7116158132e-05, 1.44555656334e-07], "dmean": [0.231039971113, 1.70622479916, 4.10568237305, 6.69098901749, 8.25916385651, 6.10806369781, 9.07520103455, 9.92998218536, 8.14054393768, 18.3711204529, 10.4192886353, 19.0552940369, 25.9097766876, 17.2834892273, 32.9992904663, 11.9972362518, 8.37732028961, 25.2264385223, 9.37522888184, 20.0793876648, 6.3216381073, 2.99095058441, 2.69464993477, 4.61350059509, 2.64014029503, 2.5267560482, 1.36924540997, 0.671690106392, 0.776407837868, 1.17922270298, 1.17027676105, 1.10961854458, 0.778465092182, 0.508570730686, 0.297864675522, 0.15258012712, 0.051942974329, 0.0107480511069, 0.00102132069878, 5.0116363127e-05], "max": [6.93016719818, 48.9380149841, 112.047943115, 245.624084473, 250.406890869, 204.333389282, 535.191894531, 621.19909668, 603.312194824, 1294.71166992, 497.390991211, 2001.60131836, 1863.86669922, 1336.86425781, 2537.30981445, 1282.20397949, 1039.82214355, 3135.89428711, 1079.32995605, 1882.37182617, 810.451049805, 191.610717773, 161.97593689, 360.93057251, 185.771820068, 232.776000977, 125.433357239, 46.357006073, 118.599563599, 208.973968506, 215.07434082, 192.282333374, 131.998245239, 106.978416443, 80.6203918457, 40.7979202271, 11.8550491333, 2.50567722321, 0.365380764008, 0.0217811241746], "var": [0.863907396793, 25.9932937622, 147.610900879, 373.666351318, 521.094543457, 321.038787842, 1501.39086914, 2377.54833984, 1895.4317627, 5440.23632812, 1566.53125, 6206.04003906, 15785.3144531, 5773.390625, 31867.8574219, 4165.39550781, 1059.70422363, 19651.7324219, 1613.91064453, 10965.96875, 755.752563477, 137.227767944, 109.096641541, 274.504577637, 134.249237061, 139.779098511, 32.4445838928, 10.1534919739, 22.1371879578, 60.2382011414, 67.2759628296, 50.6245994568, 23.6042537689, 12.6335706711, 5.64728736877, 2.24304628372, 0.169925972819, 0.00737552437931, 7.33196866349e-05, 1.33263398538e-07], "mean": [0.826318144798, 3.85517597198, 6.31251144409, 6.10682439804, 8.4092092514, 10.7482223511, 22.6106147766, 27.1126995087, 22.8904972076, 36.9650001526, 25.0705413818, 36.070098877, 58.1070213318, 33.4474449158, 65.1058120728, 27.0344390869, 14.0360832214, 46.7540931702, 17.7510623932, 35.5060081482, 10.3556604385, 4.57870578766, 4.14350986481, 7.79615736008, 4.63566589355, 4.10112380981, 2.0231385231, 0.904597103596, 0.913959085941, 1.47355532646, 2.01885414124, 1.93569231033, 1.35619223118, 0.890510976315, 0.497368067503, 0.250638306141, 0.0857556313276, 0.0182227473706, 0.00159410259221, 0.000114085931273]}, "spectral_strongpeak": {"dmean2": 0.662893414497, "median": 0.456763625145, "min": 0, "dvar2": 2.46234917641, "dvar": 1.00360476971, "dmean": 0.393145948648, "max": 15.2427167892, "var": 1.84493851662, "mean": 0.896170496941}, "spectral_energy": {"dmean2": 0.017344083637, "median": 0.0427828654647, "min": 9.84567718404e-21, "dvar2": 0.00107448967174, "dvar": 0.000534395629074, "dmean": 0.012249567546, "max": 0.268685638905, "var": 0.00131228787359, "mean": 0.0474040843546}, "average_loudness": 0.940302371979, "spectral_rolloff": {"dmean2": 426.447967529, "median": 538.330078125, "min": 64.599609375, "dvar2": 1525707.625, "dvar": 789968.375, "dmean": 260.242370605, "max": 19466.015625, "var": 5202702.5, "mean": 1016.26983643}, "spectral_centroid": {"dmean2": 207.253494263, "median": 695.347351074, "min": 43.0160102844, "dvar2": 158140.609375, "dvar": 83906.2734375, "dmean": 147.662277222, "max": 11662.7011719, "var": 1316328.875, "mean": 901.390686035}, "pitch_salience": {"dmean2": 0.0947102755308, "median": 0.419714152813, "min": 0.00499659404159, "dvar2": 0.0140918632969, "dvar": 0.00604333542287, "dmean": 0.0625253617764, "max": 0.84426856041, "var": 0.0251227617264, "mean": 0.405250698328}, "spectral_energyband_middle_high": {"dmean2": 0.00280629168265, "median": 0.00220554415137, "min": 1.11907813063e-21, "dvar2": 3.91294415749e-05, "dvar": 1.71722131199e-05, "dmean": 0.00196793419309, "max": 0.105268776417, "var": 7.25326535758e-05, "mean": 0.00550221977755}, "spectral_contrast_coeffs": {"dmean2": [0.0672570392489, 0.0700290873647, 0.0639762952924, 0.0523786433041, 0.0350138023496, 0.0257161483169], "median": [-0.642857789993, -0.649074912071, -0.67105948925, -0.736971199512, -0.790418088436, -0.834825992584], "min": [-0.981956958771, -0.977753102779, -0.97908192873, -0.971501708031, -0.965661942959, -0.965965628624], "dvar2": [0.00424595503137, 0.00401269737631, 0.00345783960074, 0.00200711376965, 0.000957891461439, 0.000736394606065], "dvar": [0.00179902592208, 0.00172692432534, 0.0015223469818, 0.000892822805326, 0.000448439299362, 0.000326133973431], "dmean": [0.0422814339399, 0.0451631508768, 0.0418751575053, 0.0340708084404, 0.022376973182, 0.0164565313607], "max": [-0.205130815506, -0.320237368345, -0.407230019569, -0.438982605934, -0.54407286644, -0.613736152649], "var": [0.0115091875196, 0.00960284005851, 0.00893734768033, 0.0065582068637, 0.00351406447589, 0.001844760729], "mean": [-0.637706518173, -0.651047170162, -0.677308440208, -0.734008133411, -0.784137845039, -0.828792452812]}, "melbands_skewness": {"dmean2": 1.10861074924, "median": 2.47932720184, "min": -3.13267827034, "dvar2": 2.80707907677, "dvar": 1.38813662529, "dmean": 0.792732834816, "max": 31.3622226715, "var": 7.65556335449, "mean": 3.13760375977}, "spectral_spread": {"dmean2": 843819.9375, "median": 4445140, "min": 445342.96875, "dvar2": 1742758084610.0, "dvar": 1194652860420.0, "dmean": 603026.1875, "max": 42824244, "var": 19109265801200.0, "mean": 4967635}, "dissonance": {"dmean2": 0.0509069748223, "median": 0.421472012997, "min": 0.133544236422, "dvar2": 0.00191450503189, "dvar": 0.000731679494493, "dmean": 0.0309575442225, "max": 0.499999880791, "var": 0.00223623099737, "mean": 0.416310578585}, "spectral_skewness": {"dmean2": 0.531157672405, "median": 2.35870409012, "min": -0.391920000315, "dvar2": 0.633649408817, "dvar": 0.256723463535, "dmean": 0.34778624773, "max": 11.7686653137, "var": 1.76615583897, "mean": 2.63432574272}, "spectral_flux": {"dmean2": 0.046430747956, "median": 0.0529461167753, "min": 6.37189051522e-11, "dvar2": 0.00389761989936, "dvar": 0.00243563880213, "dmean": 0.0319847241044, "max": 0.47939902544, "var": 0.00610573636368, "mean": 0.078575104475}, "spectral_contrast_valleys": {"dmean2": [0.615888774395, 0.579814851284, 0.602321147919, 0.485641360283, 0.40628054738, 0.322729021311], "median": [-7.24789047241, -7.06812238693, -7.93825721741, -8.41610527039, -8.5493183136, -10.4156837463], "min": [-28.2012825012, -28.0033740997, -27.7059707642, -27.682516098, -27.56690979, -27.4276790619], "dvar2": [0.400531947613, 0.337327778339, 0.400335222483, 0.273509383202, 0.279719620943, 0.179846316576], "dvar": [0.234163314104, 0.173391237855, 0.195702254772, 0.144043549895, 0.151985600591, 0.115462005138], "dmean": [0.39467087388, 0.371398746967, 0.385922163725, 0.315854221582, 0.279266446829, 0.244529053569], "max": [-4.70195007324, -4.70942544937, -5.08850574493, -5.54661512375, -5.77011871338, -7.41370820999], "var": [6.1958861351, 6.5810174942, 5.95429563522, 5.49731016159, 5.58253192902, 5.37960386276], "mean": [-7.76024436951, -7.65451860428, -8.38881492615, -8.82619857788, -9.05576992035, -11.0766916275]}, "erbbands_flatness_db": {"dmean2": 0.0231851693243, "median": 0.175505131483, "min": 0.0475077182055, "dvar2": 0.00059575488558, "dvar": 0.000326565437717, "dmean": 0.0169348288327, "max": 0.520810365677, "var": 0.00654024071991, "mean": 0.196630820632}, "spectral_energyband_high": {"dmean2": 0.000276025268249, "median": 0.000131911656354, "min": 7.25095862089e-21, "dvar2": 9.64429318628e-07, "dvar": 5.62886611988e-07, "dmean": 0.000198698166059, "max": 0.0277942083776, "var": 1.35330003559e-06, "mean": 0.000385974417441}, "spectral_entropy": {"dmean2": 0.254065424204, "median": 6.94863414764, "min": 2.78705573082, "dvar2": 0.0970219895244, "dvar": 0.0543681904674, "dmean": 0.184853926301, "max": 9.81644248962, "var": 0.892815649509, "mean": 6.81934452057}, "silence_rate_20dB": {"dmean2": 0, "median": 1, "min": 1, "dvar2": 0, "dvar": 0, "dmean": 0, "max": 1, "var": 0, "mean": 1}, "melbands_flatness_db": {"dmean2": 0.0315132401884, "median": 0.298283725977, "min": 0.00300628971308, "dvar2": 0.00171438907273, "dvar": 0.00100136990659, "dmean": 0.0244574006647, "max": 1, "var": 0.0254204310477, "mean": 0.327322661877}, "barkbands": {"dmean2": [0.000395095732529, 0.0105280829594, 0.00633733114228, 0.00496614491567, 0.00356762460433, 0.00179748982191, 0.000966605672147, 0.00103481509723, 0.00106753373984, 0.000969806511421, 0.00145949842408, 0.000314549106406, 0.000308372284053, 0.000684474187437, 0.000479302339954, 0.000239631553995, 9.68000604189e-05, 0.000101508798252, 0.000110263768875, 7.81508279033e-05, 3.47546520061e-05, 3.85508828913e-05, 5.94729099248e-05, 7.34105924494e-05, 5.87938520766e-05, 4.03740523325e-05, 9.47175249166e-06], "median": [0.000346679211361, 0.0180275775492, 0.000807159638498, 0.000185659591807, 0.00138984248042, 0.00127522170078, 0.000462955358671, 0.000534042017534, 0.000223929237109, 0.000383966136724, 0.000280447129626, 7.92082428234e-05, 6.24343301752e-05, 0.000178667745786, 9.33622359298e-05, 3.269611625e-05, 2.32835554925e-05, 2.68280327873e-05, 2.91127216769e-05, 1.68461883732e-05, 4.46353897132e-06, 4.15236900153e-06, 1.69932645804e-05, 2.29193192354e-05, 1.84220752999e-05, 1.15537986858e-05, 1.78204197709e-06], "min": [2.63292187879e-25, 3.51327329408e-24, 2.14394546061e-25, 8.99344720694e-25, 7.1026172341e-24, 6.58869013157e-24, 6.19616320032e-24, 7.47866249445e-24, 1.73195547701e-23, 1.2275993083e-23, 1.07625721138e-23, 1.88624247057e-23, 3.29422160905e-23, 2.62046024307e-23, 2.16876479963e-23, 3.71018891101e-23, 6.40026518233e-23, 8.28265138526e-23, 1.3210123355e-22, 1.8408579143e-22, 2.14730967627e-22, 3.13200700515e-22, 3.82516456753e-22, 6.66512794494e-22, 9.70532870634e-22, 1.26979544656e-21, 1.99569944553e-21], "dvar2": [9.01166117728e-07, 0.000566111761145, 0.0003469074436, 0.000289784133201, 7.89319165051e-05, 1.2510002307e-05, 8.71234624356e-06, 4.7694411478e-06, 1.07377618406e-05, 6.84107362758e-06, 2.45897390414e-05, 7.12191422281e-07, 1.07349274003e-06, 5.91581556364e-06, 2.46753393185e-06, 6.21209323981e-07, 9.22724936459e-08, 8.32507183191e-08, 8.28153901011e-08, 5.27816794715e-08, 2.08302299853e-08, 3.79739866219e-08, 5.91781663672e-08, 1.05968190667e-07, 9.91468098732e-08, 4.58339179943e-08, 5.14350784186e-09], "dvar": [3.98572268523e-07, 0.000271786702797, 0.000124858590425, 0.000101404250017, 2.80895364995e-05, 6.90411206961e-06, 3.77557239517e-06, 2.10690586755e-06, 4.64877166451e-06, 3.53678365173e-06, 9.8043719845e-06, 3.97233719696e-07, 4.5185973363e-07, 2.62650473815e-06, 1.09766290279e-06, 2.96090234997e-07, 3.80861386873e-08, 3.54836942051e-08, 3.65950576509e-08, 2.50219294173e-08, 8.13271938682e-09, 1.61376672025e-08, 3.07719574266e-08, 5.48536824851e-08, 5.25919929828e-08, 2.83764478581e-08, 2.1680819362e-09], "dmean": [0.000272244418738, 0.00736555131152, 0.00363584747538, 0.00266244146042, 0.00208711042069, 0.00129494653083, 0.000668433494866, 0.000699942465872, 0.000726544298232, 0.000732238288037, 0.000970343768131, 0.000237302010646, 0.000203827410587, 0.000465186400106, 0.00031796991243, 0.000153480912559, 6.26058827038e-05, 6.49220382911e-05, 7.21236428944e-05, 5.25824070792e-05, 2.16389598791e-05, 2.43204249273e-05, 4.02402001782e-05, 4.96771644976e-05, 4.21344702772e-05, 3.00493611576e-05, 6.35068454358e-06], "max": [0.0114473644644, 0.226185262203, 0.100020542741, 0.104878783226, 0.0529849268496, 0.0599224343896, 0.0633953511715, 0.031967472285, 0.07397544384, 0.0486994050443, 0.09591255337, 0.0247732363641, 0.0280022863299, 0.0579451173544, 0.0304894819856, 0.0299120619893, 0.00570913171396, 0.00366598716937, 0.00480933580548, 0.00398761965334, 0.00222529307939, 0.00393018918112, 0.00686058634892, 0.00896970648319, 0.00863049551845, 0.00733884656802, 0.00225646840408], "var": [3.88230000681e-06, 0.000562824599911, 0.000110324406705, 6.7091503297e-05, 2.80754848063e-05, 3.69095760107e-05, 8.2515862232e-06, 6.0766255956e-06, 8.49188836582e-06, 1.09743659777e-05, 2.59884545812e-05, 1.63298705047e-06, 7.17341151812e-07, 6.46375792712e-06, 2.46758304456e-06, 7.01171359196e-07, 6.08362356047e-08, 5.17919360732e-08, 7.8828705341e-08, 5.80330521416e-08, 9.80285452812e-09, 2.42863649191e-08, 7.26845073018e-08, 9.87370967209e-08, 1.03123504402e-07, 7.35831733323e-08, 2.68289568339e-09], "mean": [0.0013416610891, 0.0212219320238, 0.00479284347966, 0.00224804482423, 0.00328695890494, 0.00366414617747, 0.00144271145109, 0.00154971133452, 0.00128882448189, 0.00161550391931, 0.00182419386692, 0.000486810458824, 0.000278331775917, 0.000859941646922, 0.000533008365892, 0.000227710304898, 9.25016138353e-05, 9.55536306719e-05, 0.000122841520351, 8.42112640385e-05, 2.83034223685e-05, 2.87182101602e-05, 6.6381864599e-05, 8.8093780505e-05, 7.44738281355e-05, 5.10969039169e-05, 9.51916445047e-06]}, "erbbands_skewness": {"dmean2": 0.564554512501, "median": 0.640566527843, "min": -4.42108