{"tonal": {"thpcp": [1, 0.597282588482, 0.153414338827, 0.116804912686, 0.181731745601, 0.479724377394, 0.573981940746, 0.272385716438, 0.0821251869202, 0.0608332268894, 0.0801843032241, 0.216217905283, 0.288419008255, 0.163892656565, 0.117049120367, 0.151606410742, 0.119182258844, 0.110859997571, 0.148281365633, 0.201835900545, 0.578649520874, 0.814460277557, 0.441721171141, 0.140270605683, 0.108182296157, 0.132027417421, 0.236025229096, 0.291369795799, 0.268522948027, 0.327179729939, 0.335571318865, 0.241264894605, 0.218422338367, 0.219042897224, 0.22712045908, 0.621524393559], "hpcp": {"dmean2": [0.290702939034, 0.284993290901, 0.138456881046, 0.100720889866, 0.153297439218, 0.254141181707, 0.233101516962, 0.157685518265, 0.0728642567992, 0.057572517544, 0.068177819252, 0.110004201531, 0.123318195343, 0.0986018255353, 0.080505669117, 0.0880460292101, 0.0851701423526, 0.0759901180863, 0.0856986865401, 0.139494225383, 0.241922110319, 0.251705735922, 0.227419838309, 0.126561447978, 0.0989302098751, 0.126010224223, 0.168237820268, 0.173996865749, 0.210860013962, 0.244891747832, 0.212563619018, 0.214104771614, 0.180765092373, 0.163427099586, 0.227090239525, 0.323659151793], "median": [0.198898151517, 0.100174874067, 0.0132173830643, 0.00530657172203, 0.0126838488504, 0.0618509948254, 0.0852218046784, 0.0356333479285, 0.00359201757237, 0.00178190530278, 0.00518040917814, 0.0194315817207, 0.0238902047276, 0.0137951821089, 0.0062488252297, 0.00523882638663, 0.00508664129302, 0.0051594208926, 0.00549910310656, 0.0162711776793, 0.125045835972, 0.184746533632, 0.0925075188279, 0.00990752596408, 0.00449963193387, 0.00615600496531, 0.0142425736412, 0.018307197839, 0.0229612905532, 0.0190798230469, 0.0175496730953, 0.0149908419698, 0.0148624302819, 0.0133018512279, 0.0162463672459, 0.13282135129], "min": [0, 0, 0, 0, 0, 0, 0, 0, 0, 0, 0, 0, 0, 0, 0, 0, 0, 0, 0, 0, 0, 0, 0, 0, 0, 0, 0, 0, 0, 0, 0, 0, 0, 0, 0, 0], "dvar2": [0.15035122633, 0.114698827267, 0.0600370503962, 0.0551277697086, 0.0679544731975, 0.111736789346, 0.0918574109674, 0.0606691837311, 0.0346315205097, 0.0325106903911, 0.0310385711491, 0.0425909385085, 0.0537143796682, 0.0393360331655, 0.0356832966208, 0.0476584136486, 0.04244549945, 0.0354788526893, 0.0410624779761, 0.0608836486936, 0.086667612195, 0.0958323702216, 0.0877657979727, 0.0528272278607, 0.0485914349556, 0.0615284107625, 0.0820974037051, 0.0828854069114, 0.100791312754, 0.131067857146, 0.104511529207, 0.12882950902, 0.104152038693, 0.0919489338994, 0.132946953177, 0.144692480564], "dvar": [0.0641434490681, 0.0425492785871, 0.0220887847245, 0.0203436929733, 0.0244613625109, 0.0437910854816, 0.0381615832448, 0.0221588350832, 0.0124736111611, 0.0114644970745, 0.0111502725631, 0.0165035650134, 0.0227390564978, 0.0145461298525, 0.0134956613183, 0.0192479882389, 0.0157422758639, 0.0133840357885, 0.0163714922965, 0.0232409797609, 0.0333671569824, 0.0420951545238, 0.032110914588, 0.0193452257663, 0.0171696096659, 0.0220714975148, 0.0311331301928, 0.0335781611502, 0.0364903062582, 0.0491356179118, 0.0421580709517, 0.0463460125029, 0.0368150994182, 0.0332419611514, 0.0470974743366, 0.0533330887556], "dmean": [0.166213214397, 0.1659360677, 0.07747323066, 0.056316703558, 0.0868818759918, 0.149176135659, 0.140970960259, 0.0914628356695, 0.040646482259, 0.031504701823, 0.0382507368922, 0.065496340394, 0.0743925943971, 0.056694407016, 0.0465097911656, 0.0517465695739, 0.0489976331592, 0.0440362468362, 0.0505225621164, 0.0798019617796, 0.145455524325, 0.15369322896, 0.132877290249, 0.0699976757169, 0.054580617696, 0.0693873614073, 0.0950865969062, 0.101157926023, 0.119758173823, 0.137433454394, 0.1237809062, 0.117823176086, 0.0995449498296, 0.0905365943909, 0.12349756062, 0.184607952833], "max": [1, 1, 1, 1, 1, 1, 1, 1, 1, 1, 1, 1, 1, 1, 1, 1, 1, 1, 1, 1, 1, 1, 1, 1, 1, 1, 1, 1, 1, 1, 1, 1, 1, 1, 1, 1], "var": [0.186155155301, 0.0864062085748, 0.0195405632257, 0.0190353170037, 0.0225553084165, 0.0794142559171, 0.0991479307413, 0.0331484004855, 0.011253294535, 0.0092556597665, 0.0104265026748, 0.0306784957647, 0.0559002235532, 0.0212520770729, 0.0175949763507, 0.0326413549483, 0.0192840248346, 0.0171971581876, 0.0290817096829, 0.0317061655223, 0.0760606005788, 0.129921391606, 0.0498447157443, 0.0185154490173, 0.015479946509, 0.0192858036608, 0.0391249731183, 0.0547883026302, 0.0391644276679, 0.0624399445951, 0.0667550191283, 0.0433587506413, 0.0335492379963, 0.0370820984244, 0.0379389561713, 0.0884987786412], "mean": [0.420577794313, 0.251203805208, 0.0645226612687, 0.0491255521774, 0.0764323398471, 0.201761424541, 0.241404056549, 0.114559389651, 0.0345400311053, 0.02558510378, 0.0337237380445, 0.0909364521503, 0.121302634478, 0.0689296126366, 0.0492282621562, 0.0637622922659, 0.050125412643, 0.0466252528131, 0.0623638480902, 0.0848876982927, 0.243367150426, 0.342543900013, 0.185778111219, 0.0589946992695, 0.0454990714788, 0.0555277988315, 0.0992669686675, 0.122543670237, 0.112934783101, 0.137604534626, 0.141133844852, 0.101470656693, 0.0918635874987, 0.092124581337, 0.0955218225718, 0.261399358511]}, "tuning_equal_tempered_deviation": 0.0270258113742, "chords_changes_rate": 0.0498662143946, "key_key": "A", "tuning_diatonic_strength": 0.607282996178, "key_scale": "major", "chords_number_rate": 0.00291899777949, "tuning_frequency": 447.949737549, "tuning_nontempered_energy_ratio": 0.672366440296, "chords_histogram": [38.9929466248, 3.52712225914, 7.24884462357, 1.26489901543, 6.85964488983, 3.64874720573, 0, 0, 0.121624909341, 0, 0.437849670649, 0.121624909341, 0.170274868608, 0, 0, 1.36219894886, 0.218924835324, 2.26222324371, 0, 28.7764530182, 1.70274877548, 1.31354904175, 0.705424487591, 1.26489901543], "key_strength": 0.78854739666, "chords_key": "A", "chords_strength": {"dmean2": 0.00818210188299, "median": 0.541843950748, "min": 0.313585400581, "dvar2": 5.8278470533e-05, "dvar": 5.26453732164e-05, "dmean": 0.00823243614286, "max": 0.766772925854, "var": 0.00994779821485, "mean": 0.543191432953}, "chords_scale": "major", "hpcp_entropy": {"dmean2": 0.978740572929, "median": 1.78925287724, "min": 0, "dvar2": 0.652573883533, "dvar": 0.243666306138, "dmean": 0.577072322369, "max": 4.25079679489, "var": 0.477506846189, "mean": 1.79454088211}}, "metadata": {"audio_properties": {"equal_loudness": 0, "codec": "mp3", "downmix": "mix", "sample_rate": 44100, "analysis_sample_rate": 44100, "bit_rate": 320000, "md5_encoded": "7fe7527e127f6da633b33f1b3f73aeb1", "length": 190.824493408, "replay_gain": -2.45202064514, "lossless": false}, "version": {"essentia_build_sha": "2d9f1f26377add8aeb1075a9c2973f962c4f09fd", "essentia": "2.1-beta2", "extractor": "music 1.0", "essentia_git_sha": "v2.1_beta2-1-ge3940c0"}, "tags": {"title": ["Rocky Paths"], "media": ["CD-R"], "albumartist": ["Hawkwind"], "genre": ["Space Rock"], "albumartistsort": ["Hawkwind"], "musicbrainz album type": ["album", "live"], "musicbrainz_recordingid": ["0b341244-c993-4ba3-8348-672b54321b9f"], "musicbrainz_releasegroupid": ["9f0f7b25-49f0-46c2-b809-a163fa178fd3"], "musicbrainz_artistid": ["e6a68b2c-0e35-47f7-8992-9a2babb2ad1b"], "musicbrainz_albumartistid": ["5a28f8c2-31fb-4047-ae57-c5c326989262"], "musicbrainz_albumid": ["557a9a57-a505-477f-9a7b-7d8922a5d322"], "artist": ["Huw Lloyd-Langton"], "tracknumber": ["1/9"], "artistsort": ["Lloyd-Langton, Huw"], "album": ["2004-04-18: The Waterfront, Norwich, UK"], "file_name": "101 - Huw Lloyd-Langton - Rocky Paths.mp3", "acoustid_id": ["d7aa6f7a-f824-4e01-938c-5c3bab3e5f0b"], "script": ["Latn"], "musicbrainz album status": ["bootleg"], "discnumber": ["1/2"]}}, "rhythm": {"bpm_histogram_first_peak_bpm": {"dmean2": 0, "median": 123, "min": 123, "dvar2": 0, "dvar": 0, "dmean": 0, "max": 123, "var": 0, "mean": 123}, "bpm": 123.140548706, "bpm_histogram_second_peak_spread": {"dmean2": 0, "median": 0.399999976158, "min": 0.399999976158, "dvar2": 0, "dvar": 0, "dmean": 0, "max": 0.399999976158, "var": 0, "mean": 0.399999976158}, "bpm_histogram_first_peak_weight": {"dmean2": 0, "median": 0.183844015002, "min": 0.183844015002, "dvar2": 0, "dvar": 0, "dmean": 0, "max": 0.183844015002, "var": 0, "mean": 0.183844015002}, "onset_rate": 2.99195981026, "beats_position": [0.696598649025, 1.40480720997, 2.11301589012, 2.80961441994, 3.48299312592, 4.1679816246, 4.85297060013, 5.52634906769, 6.19972801208, 6.88471651077, 7.56970500946, 8.25469398499, 8.92807197571, 9.61306095123, 10.2980499268, 10.9714279175, 11.6448068619, 12.1672563553, 12.6780948639, 13.177324295, 13.6649427414, 14.1525621414, 14.6401815414, 15.1277999878, 15.6154193878, 16.0914287567, 16.5790481567, 17.0666656494, 17.5426750183, 18.0302944183, 18.5179138184, 19.0055332184, 19.5047607422, 20.0039901733, 20.5032196045, 20.9908390045, 21.4784584045, 21.9892959595, 22.523355484, 23.0225849152, 23.5334243774, 24.0326519012, 24.5434913635, 25.0311107635, 25.5303401947, 26.0179595947, 26.5171871185, 27.0164165497, 27.5156459808, 28.014875412, 28.5141029358, 29.0133323669, 29.5125617981, 30.0117912292, 30.5110206604, 31.0218582153, 31.5210876465, 32.0203170776, 32.5195465088, 33.0419960022, 33.5528335571, 34.0636711121, 34.5629005432, 35.0621299744, 35.5613594055, 36.0605888367, 36.5598182678, 37.059047699, 37.5466651917, 38.034286499, 38.5219039917, 39.0095214844, 39.4971427917, 39.9847602844, 40.4723815918, 40.9599990845, 41.4476165771, 41.9352378845, 42.4228553772, 42.8988647461, 43.3864860535, 43.8624954224, 44.3385009766, 44.8145103455, 45.2905197144, 45.7665290833, 46.2425384521, 46.7301597595, 47.2177772522, 47.7053947449, 48.1814041138, 48.6574134827, 49.14503479, 49.6210403442, 50.1086616516, 50.5846710205, 51.0606803894, 51.5482978821, 52.0359191895, 52.5235366821, 53.0111541748, 53.4987754822, 53.9863929749, 54.485622406, 54.9964599609, 55.5073013306, 56.0065307617, 56.4941482544, 56.9817695618, 57.4693870544, 57.9686164856, 58.4678459167, 58.9670753479, 59.4779129028, 59.9887504578, 60.4879798889, 60.9756011963, 61.4748306274, 61.9624481201, 62.4616775513, 62.9492950439, 63.4369163513, 63.9361457825, 64.4469833374, 64.9462127686, 65.4454421997, 65.9446716309, 66.443901062, 66.9547348022, 67.4771881104, 67.9996337891, 68.4988632202, 68.9864807129, 69.485710144, 69.9965515137, 70.5073928833, 71.0066223145, 71.5058517456, 71.9934692383, 72.481086731, 72.9570999146, 73.4331054688, 73.9091110229, 74.3851242065, 74.8727416992, 75.3603591919, 75.8363723755, 76.3123779297, 76.7883911133, 77.252784729, 77.7287979126, 78.2048034668, 78.6692047119, 79.1568222046, 79.6328353882, 80.1204528809, 80.619682312, 81.1189117432, 81.6181411743, 82.1289749146, 82.6398162842, 83.1390457153, 83.6382751465, 84.1258926392, 84.6135101318, 85.077911377, 85.5423126221, 86.0183181763, 86.4943313599, 86.9587249756, 87.4347381592, 87.8991394043, 88.3751449585, 88.8627624512, 89.3503875732, 89.8263931274, 90.3140106201, 90.7900238037, 91.2776412964, 91.7536468506, 92.2296600342, 92.7056655884, 93.181678772, 93.6576843262, 94.1220855713, 94.5864868164, 95.0624923706, 95.5384979248, 96.0028991699, 96.4789123535, 96.9665298462, 97.4425354004, 97.918548584, 98.3945541382, 98.8705673218, 99.3349609375, 99.8109741211, 100.286979675, 100.762992859, 101.238998413, 101.715011597, 102.191017151, 102.667030334, 103.143035889, 103.607437134, 104.083442688, 104.559455872, 105.035461426, 105.499862671, 105.975868225, 106.463493347, 106.95111084, 107.46194458, 107.984397888, 108.483627319, 108.98285675, 109.493690491, 110.016143799, 110.538589478, 111.049430847, 111.548660278, 112.059501648, 112.570335388, 113.092788696, 113.603622437, 114.102851868, 114.59047699, 115.078094482, 115.577323914, 116.122993469, 116.657051086, 117.191108704, 117.736778259, 118.270835876, 118.804893494, 119.315734863, 119.838180542, 120.36063385, 120.883079529, 121.393920898, 121.904762268, 122.403991699, 122.914825439, 123.437278748, 123.959724426, 124.470565796, 124.981407166, 125.503852844, 126.026298523, 126.537139893, 127.024757385, 127.500770569, 128.069656372, 128.638549805, 129.288711548, 129.938858032, 130.589019775, 131.239181519, 131.889343262, 132.516281128, 133.131607056, 133.758544922, 134.397094727, 135.024032593, 135.650970459, 136.289520264, 136.928070068, 137.543395996, 138.170333862, 138.797271729, 139.412597656, 140.027938843, 140.643264771, 141.270202637, 141.885528564, 142.500854492, 143.11618042, 143.731521606, 144.346847534, 144.962173462, 145.57749939, 146.192825317, 146.808166504, 147.423492432, 148.038818359, 148.642532349, 149.234649658, 149.826751709, 150.430480957, 151.022583008, 151.626296997, 152.230026245, 152.833740234, 153.437454224, 154.029571533, 154.644897461, 155.260223389, 155.875549316, 156.479278564, 157.082992554, 157.686706543, 158.302032471, 158.917373657, 159.521087646, 160.124801636, 160.740127563, 161.35546875, 161.959182739, 162.562896729, 163.178222656, 163.793563843, 164.408889771, 165.024215698, 165.651153564, 166.278091431, 166.765716553, 167.253326416, 167.740951538, 168.205352783, 168.669754028, 169.145751953, 169.586929321, 169.993286133, 170.411239624, 170.829208374, 171.258773804, 171.688339233, 172.117904663, 172.640365601, 173.174423218, 173.696868896, 174.219314575, 174.741760254, 175.264221191, 175.798278809, 176.332336426, 176.936050415, 177.539764404, 178.143493652, 178.735595703, 179.327713013, 179.94303894, 180.569976807, 181.185302734, 181.754196167, 182.323074341, 182.868743896, 183.414413452, 183.971694946, 184.52897644, 185.074645996, 185.620315552, 186.177597046, 186.73487854, 187.292144775, 187.84942627, 188.406707764, 188.975601196, 189.521270752, 190.078552246], "beats_loudness": {"dmean2": 0.0291856247932, "median": 0.022137708962, "min": 0.000474357366329, "dvar2": 0.000855206279084, "dvar": 0.000299302919302, "dmean": 0.0171076692641, "max": 0.126291304827, "var": 0.000443271594122, "mean": 0.0277608502656}, "danceability": 1.13029229641, "bpm_histogram_second_peak_weight": {"dmean2": 0, "median": 0.0835654586554, "min": 0.0835654586554, "dvar2": 0, "dvar": 0, "dmean": 0, "max": 0.0835654586554, "var": 0, "mean": 0.0835654586554}, "beats_count": 360, "bpm_histogram_second_peak_bpm": {"dmean2": 0, "median": 117, "min": 117, "dvar2": 0, "dvar": 0, "dmean": 0, "max": 117, "var": 0, "mean": 117}, "bpm_histogram_first_peak_spread": {"dmean2": 0, "median": 0.622857153416, "min": 0.622857153416, "dvar2": 0, "dvar": 0, "dmean": 0, "max": 0.622857153416, "var": 0, "mean": 0.622857153416}, "beats_loudness_band_ratio": {"dmean2": [0.249933674932, 0.311061292887, 0.225600212812, 0.0421380288899, 0.0112469326705, 0.0151492599398], "median": [0.145237341523, 0.71819961071, 0.148709520698, 0.011309239082, 0.00226923031732, 0.00108496914618], "min": [0.00995945185423, 0.0688555017114, 0.00526755582541, 0.000616963021457, 7.62762501836e-05, 6.18683770881e-05], "dvar2": [0.0491823069751, 0.0562219247222, 0.0458298139274, 0.0053571802564, 0.00172216398641, 0.0055917496793], "dvar": [0.0197045616806, 0.0195166338235, 0.017566036433, 0.00191497383639, 0.000595491554122, 0.00187158887275], "dmean": [0.143120020628, 0.181909993291, 0.130574658513, 0.0241632405668, 0.00667533045635, 0.00885662157089], "max": [0.814738929272, 0.973428845406, 0.85197520256, 0.413380086422, 0.368738204241, 0.451847940683], "var": [0.0303537026048, 0.0365743599832, 0.0211696363986, 0.00213442207314, 0.000630926864687, 0.00129286036827], "mean": [0.208187147975, 0.674341201782, 0.188572123647, 0.0269194524735, 0.00724651757628, 0.00689188065007]}}, "lowlevel": {"barkbands_spread": {"dmean2": 1.83365166187, "median": 2.34615206718, "min": 0.187349170446, "dvar2": 10.5951786041, "dvar": 4.37767934799, "dmean": 1.13499259949, "max": 82.5059509277, "var": 28.5049591064, "mean": 3.63142681122}, "melbands_spread": {"dmean2": 2.62715792656, "median": 3.39911556244, "min": 0.469902604818, "dvar2": 34.7484855652, "dvar": 13.4365701675, "dmean": 1.61824476719, "max": 170.978927612, "var": 88.9335021973, "mean": 5.24730682373}, "hfc": {"dmean2": 4.15668344498, "median": 5.27550840378, "min": 1.24779586599e-16, "dvar2": 48.0701789856, "dvar": 19.3024806976, "dmean": 2.64289689064, "max": 112.752166748, "var": 53.772819519, "mean": 7.37192869186}, "barkbands_kurtosis": {"dmean2": 17.1710624695, "median": 16.0424537659, "min": -1.84123754501, "dvar2": 654.080871582, "dvar": 244.475311279, "dmean": 10.338932991, "max": 359.919036865, "var": 552.413330078, "mean": 22.4481124878}, "gfcc": {"mean": [-140.052185059, 181.331115723, -99.3243942261, -7.95585536957, -48.9020576477, -54.0429534912, -24.8012161255, -10.9209947586, -36.3473548889, -8.79617786407, -11.2832679749, -5.62849903107, -7.71968078613], "icov": [[0.00241832085885, -0.00517209526151, 0.00367567385547, -0.0034487945959, 0.00369963678531, -0.00142558838706, 0.0010040855268, 0.0004385918146, -4.40104449808e-05, 0.00171082664747, -0.0012831625063, 0.00110059778672, -0.000792479666416], [-0.00517209526151, 0.0168028026819, -0.00917632319033, 0.0111399749294, -0.0117039838806, 0.00841355975717, -0.00768935773522, 0.00260350760072, -0.00423795403913, 0.00106029864401, -0.00164435850456, 0.000446479680249, 3.44183245033e-05], [0.00367567385547, -0.00917632319033, 0.00825796741992, -0.00529885897413, 0.00670108525082, -0.00384098407812, 0.00585676170886, -0.000708750274498, 0.00313509278931, 0.000790245016105, 0.000515592982993, 0.00115668040235, -0.000501827453263], [-0.0034487945959, 0.0111399749294, -0.00529885897413, 0.0123633379117, -0.00887993350625, 0.0056287762709, -0.00662603462115, 0.00422169081867, -0.00476420344785, 0.00147634360474, -0.00204528239556, 0.00230898242444, -0.000997553230263], [0.00369963678531, -0.0117039838806, 0.00670108525082, -0.00887993350625, 0.0171414427459, -0.00639241421595, 0.0104082878679, -0.00695083756, 0.0114559531212, -0.00536001799628, 0.00587294483557, -0.00390459573828, 0.00329232239164], [-0.00142558838706, 0.00841355975717, -0.00384098407812, 0.0056287762709, -0.00639241421595, 0.0121111162007, -0.00908491294831, 0.00376014830545, -0.00706746987998, 0.00561729073524, -0.0035540710669, 0.000389858643757, 0.00016322794545], [0.0010040855268, -0.00768935773522, 0.00585676170886, -0.00662603462115, 0.0104082878679, -0.00908491294831, 0.0234697628766, -0.00729369837791, 0.0156606640667, -0.011450111866, 0.014206731692, -0.00776055967435, 0.00469361525029], [0.0004385918146, 0.00260350760072, -0.000708750274498, 0.00422169081867, -0.00695083756, 0.00376014830545, -0.00729369837791, 0.0173620935529, -0.0125631624833, 0.00700434017926, -0.0104978689924, 0.00758292758837, -0.00232689687982], [-4.40104449808e-05, -0.00423795403913, 0.00313509278931, -0.00476420344785, 0.0114559531212, -0.00706746987998, 0.0156606640667, -0.0125631624833, 0.0291255731136, -0.0151292849332, 0.0163104534149, -0.0103878509253, 0.0053549981676], [0.00171082664747, 0.00106029864401, 0.000790245016105, 0.00147634360474, -0.00536001799628, 0.00561729073524, -0.011450111866, 0.00700434017926, -0.0151292849332, 0.0264401771128, -0.0163231305778, 0.00797408353537, -0.00564679456875], [-0.0012831625063, -0.00164435850456, 0.000515592982993, -0.00204528239556, 0.00587294483557, -0.0035540710669, 0.014206731692, -0.0104978689924, 0.0163104534149, -0.0163231305778, 0.0291028972715, -0.0143957892433, 0.00794002041221], [0.00110059778672, 0.000446479680249, 0.00115668040235, 0.00230898242444, -0.00390459573828, 0.000389858643757, -0.00776055967435, 0.00758292758837, -0.0103878509253, 0.00797408353537, -0.0143957892433, 0.0277034398168, -0.0121246026829], [-0.000792479666416, 3.44183245033e-05, -0.000501827453263, -0.000997553230263, 0.00329232239164, 0.00016322794545, 0.00469361525029, -0.00232689687982, 0.0053549981676, -0.00564679456875, 0.00794002041221, -0.0121246026829, 0.0230771061033]], "cov": [[3387.04345703, 332.235717773, -963.748901367, 297.495727539, -306.834259033, -144.159042358, 247.367858887, -177.696594238, 44.1440467834, -67.4822692871, -8.97245979309, 13.1013183594, 67.4996795654], [332.235717773, 501.832092285, 204.147521973, -168.202850342, 89.8335189819, -172.184494019, -45.2059669495, 12.4275751114, -52.7416801453, -14.364443779, 27.8509273529, -19.9911651611, -4.68379497528], [-963.748901367, 204.147521973, 709.732421875, -165.21711731, 96.4686965942, -47.4246673584, -157.542419434, 38.8701591492, -51.3937988281, -19.6474914551, 16.2838840485, -35.0495529175, -19.4734172821], [297.495727539, -168.202850342, -165.21711731, 266.061676025, -24.5292701721, 18.4246139526, 54.8411941528, -46.9799079895, 11.2669210434, 1.3426721096, -20.7324409485, -2.76815295219, 9.24637126923], [-306.834259033, 89.8335189819, 96.4686965942, -24.5292701721, 203.482040405, -24.7141094208, -46.8605041504, 44.3698959351, -46.1859436035, 11.0117225647, 16.4643669128, -8.75681591034, -21.3375663757], [-144.159042358, -172.184494019, -47.4246673584, 18.4246139526, -24.7141094208, 203.662918091, 52.8724975586, -9.38299274445, 22.6580581665, -14.6064291, -23.799861908, 17.7432842255, -5.86386632919], [247.367858887, -45.2059669495, -157.542419434, 54.8411941528, -46.8605041504, 52.8724975586, 136.562362671, -24.4103469849, -9.32734584808, 4.44149112701, -32.7236328125, 10.2340164185, 3.46896648407], [-177.696594238, 12.4275751114, 38.8701591492, -46.9799079895, 44.3698959351, -9.38299274445, -24.4103469849, 111.315734863, 22.6893463135, 10.5955953598, 22.5492095947, -10.4059047699, -13.279042244], [44.1440467834, -52.7416801453, -51.3937988281, 11.2669210434, -46.1859436035, 22.6580581665, -9.32734584808, 22.6893463135, 91.6112594604, 19.2853088379, -11.565788269, 9.10514259338, 3.80174422264], [-67.4822692871, -14.364443779, -19.6474914551, 1.3426721096, 11.0117225647, -14.6064291, 4.44149112701, 10.5955953598, 19.2853088379, 74.5422439575, 26.8326740265, 4.78951692581, 3.08119249344], [-8.97245979309, 27.8509273529, 16.2838840485, -20.7324409485, 16.4643669128, -23.799861908, -32.7236328125, 22.5492095947, -11.565788269, 26.8326740265, 83.0167312622, 17.4808959961, -4.27222919464], [13.1013183594, -19.9911651611, -35.0495529175, -2.76815295219, -8.75681591034, 17.7432842255, 10.2340164185, -10.4059047699, 9.10514259338, 4.78951692581, 17.4808959961, 63.4297027588, 23.9611988068], [67.4996795654, -4.68379497528, -19.4734172821, 9.24637126923, -21.3375663757, -5.86386632919, 3.46896648407, -13.279042244, 3.80174422264, 3.08119249344, -4.27222919464, 23.9611988068, 60.6060943604]]}, "spectral_energyband_middle_low": {"dmean2": 0.0127956587821, "median": 0.0145981526002, "min": 2.36018372844e-22, "dvar2": 0.000301616091747, "dvar": 0.000117985786346, "dmean": 0.00793223455548, "max": 0.153572738171, "var": 0.000343367864843, "mean": 0.020355887711}, "melbands_crest": {"dmean2": 6.31353807449, "median": 16.9272346497, "min": 2.19349193573, "dvar2": 29.7958698273, "dvar": 10.4471073151, "dmean": 3.74036812782, "max": 33.3409309387, "var": 35.2619438171, "mean": 17.7488517761}, "spectral_kurtosis": {"dmean2": 17.5511550903, "median": 23.9635238647, "min": -1.19959008694, "dvar2": 239.21156311, "dvar": 85.4267654419, "dmean": 10.273566246, "max": 109.223068237, "var": 334.802337646, "mean": 27.3150653839}, "spectral_rms": {"dmean2": 0.00130804686341, "median": 0.00390494125895, "min": 3.28594768582e-12, "dvar2": 1.77926744982e-06, "dvar": 7.27027270386e-07, "dmean": 0.000824833696242, "max": 0.0124104786664, "var": 3.30713464791e-06, "mean": 0.00418368447572}, "zerocrossingrate": {"dmean2": 0.00336015690118, "median": 0.01708984375, "min": 0.0009765625, "dvar2": 2.09045610973e-05, "dvar": 1.8415368686e-05, "dmean": 0.00256420439109, "max": 0.49658203125, "var": 0.000750553444959, "mean": 0.0211118683219}, "silence_rate_60dB": {"dmean2": 0.0349233374, "median": 0, "min": 0, "dvar2": 0.0410056263208, "dvar": 0.0172118730843, "dmean": 0.0175203792751, "max": 1, "var": 0.0455271936953, "mean": 0.0478102192283}, "erbbands_kurtosis": {"dmean2": 4.66190195084, "median": 5.41923046112, "min": -1.77817583084, "dvar2": 34.8626403809, "dvar": 13.8711709976, "dmean": 2.91520524025, "max": 66.5849304199, "var": 39.9106636047, "mean": 6.77256155014}, "erbbands": {"dmean2": [0.00495901564136, 0.0440157614648, 0.235060304403, 2.19203257561, 23.0490570068, 40.7571182251, 18.297958374, 35.2115974426, 17.1636390686, 19.2129688263, 13.8171186447, 19.7778091431, 11.9675512314, 5.38555049896, 7.05176877975, 4.64414596558, 3.01774811745, 1.29302704334, 1.04853105545, 1.3895586729, 1.32937133312, 1.96105277538, 2.16654658318, 3.84573984146, 2.65139770508, 2.01718378067, 0.68981385231, 0.223166748881, 0.117404311895, 0.0448245033622, 0.0101903229952, 0.00529935350642, 0.00491775758564, 0.00236795749515, 0.000247036514338, 8.2618156739e-05, 4.85198761453e-05, 2.67200448434e-05, 1.04808159449e-05, 1.45787898873e-05], "median": [0.00285040400922, 0.016574004665, 0.115387015045, 1.20986962318, 10.6759815216, 22.1918067932, 14.7014484406, 17.8665237427, 12.1770782471, 12.6185798645, 7.84115886688, 7.14590644836, 3.06949257851, 1.7119743824, 1.93359303474, 1.4717540741, 0.823546767235, 0.330172836781, 0.219641834497, 0.252795517445, 0.254688084126, 0.366143107414, 0.382859021425, 0.408547520638, 0.364978283644, 0.200416624546, 0.0746690630913, 0.0263380892575, 0.00963382050395, 0.00189517950639, 0.000611542374827, 0.000521489186212, 0.000450451974757, 0.000376337964553, 0.000297781254631, 0.000230724515859, 0.000157495902386, 8.53138044477e-05, 3.35189542966e-05, 1.97440494958e-05], "min": [6.20911989359e-22, 5.28441547442e-21, 1.25240379243e-20, 1.05865902904e-20, 4.71313522048e-20, 1.28571345097e-19, 3.67832975386e-19, 4.43810109185e-19, 6.34742574813e-19, 3.72750667525e-19, 1.10258016114e-18, 1.46303683096e-18, 7.94735331905e-19, 2.09817671097e-18, 4.46629512944e-18, 3.14571720473e-18, 8.75738182461e-18, 5.27418382216e-18, 5.98246590705e-18, 8.56608141871e-18, 9.80185037638e-18, 6.49271599022e-18, 9.07396452455e-18, 1.22704302938e-17, 1.05696907061e-17, 1.27729483062e-17, 1.27938412341e-17, 2.35762075204e-17, 3.12293900812e-17, 1.95083417174e-17, 2.43154240922e-17, 1.2977062567e-17, 1.29282142431e-17, 1.36996395737e-17, 9.82097396496e-18, 6.18124030338e-18, 2.61613901257e-18, 1.42994443658e-18, 3.91350883424e-19, 3.76602795939e-20], "dvar2": [5.90233285038e-05, 0.0107043907046, 0.142166987062, 12.0938425064, 1443.10534668, 3757.04345703, 739.513305664, 6069.78955078, 1107.29589844, 2210.91625977, 1343.91821289, 4647.84765625, 2606.29663086, 442.192352295, 669.190063477, 329.762695313, 163.075408936, 53.6841392517, 97.4771270752, 112.092208862, 109.623222351, 284.859680176, 271.189483643, 1774.50195313, 487.996826172, 246.649169922, 33.7512626648, 3.84701323509, 0.543457210064, 0.162080153823, 0.0136975143105, 0.00238889362663, 0.00323360436596, 0.00171159848105, 9.09041045816e-06, 4.60469244956e-08, 3.30784200031e-09, 8.18800471869e-10, 1.20755419553e-10, 3.77463282852e-10], "dvar": [2.19645644393e-05, 0.0041187168099, 0.0509698688984, 4.09281015396, 522.588256836, 1358.43981934, 318.01940918, 2642.58105469, 520.137268066, 1035.25244141, 571.344482422, 2038.37231445, 1107.78601074, 162.873428345, 244.737609863, 114.09412384, 58.7110977173, 19.0157432556, 33.5760917664, 37.5849456787, 37.9299163818, 106.400276184, 100.926963806, 640.949401855, 247.443817139, 100.47844696, 11.9420785904, 1.39779913425, 0.240844935179, 0.0699118450284, 0.0049915839918, 0.00111713330261, 0.00154967640992, 0.000684533617459, 3.84901204598e-06, 2.34203998417e-08, 1.31552524429e-09, 2.96214053286e-10, 4.71230589272e-11, 1.48999909633e-10], "dmean": [0.00289390538819, 0.0254612378776, 0.135940879583, 1.27838301659, 13.4323825836, 24.1188755035, 11.6152973175, 22.37251091, 11.0236263275, 12.6467676163, 8.93254470825, 12.5578594208, 7.46592998505, 3.28892493248, 4.3239440918, 2.81809663773, 1.83722174168, 0.763964653015, 0.612176239491, 0.806183993816, 0.78038918972, 1.16504907608, 1.30423510075, 2.29441189766, 1.78216183186, 1.24647188187, 0.419579148293, 0.136415436864, 0.0753922015429, 0.0300096701831, 0.00621270295233, 0.00335721904412, 0.00309373950586, 0.00148902507499, 0.000159548071679, 5.04511845065e-05, 2.89346025966e-05, 1.58330039994e-05, 6.41735277895e-06, 9.0629546321e-06], "max": [0.0833465158939, 1.06962871552, 3.64478564262, 36.5595550537, 317.856506348, 673.939880371, 407.569915771, 1508.6998291, 626.304931641, 877.497802734, 679.774108887, 1634.80603027, 1260.78613281, 346.310211182, 394.383117676, 249.713226318, 186.342636108, 151.622756958, 321.041870117, 246.491729736, 246.007202148, 436.494628906, 417.167053223, 1285.67346191, 814.965698242, 361.245178223, 139.737945557, 60.1156005859, 19.1652069092, 15.9456806183, 3.20663738251, 1.84207999706, 2.3037405014, 1.35114371777, 0.140522956848, 0.0131275057793, 0.00183081976138, 0.000522507878486, 0.000161296498845, 0.000179277616553], "var": [2.13901021198e-05, 0.00359975919127, 0.06775572896, 8.23510456085, 900.635498047, 3675.76220703, 1157.89306641, 5992.81542969, 1702.19226074, 2164.1706543, 1273.29980469, 3963.59594727, 1768.72998047, 192.347869873, 329.645263672, 117.394264221, 69.3261489868, 25.789806366, 22.9746017456, 25.5604496002, 29.316236496, 94.6057128906, 110.436058044, 1441.08044434, 538.272888184, 167.399261475, 9.58568763733, 1.32067966461, 0.45958083868, 0.130998730659, 0.00513813504949, 0.00257894443348, 0.00293866335414, 0.000821175053716, 5.63937965126e-06, 6.46344417987e-08, 5.07516340065e-09, 1.9750439062e-09, 3.24924670503e-10, 4.37004266107e-10], "mean": [0.00391029473394, 0.030261458829, 0.199682384729, 2.25451231003, 20.9313049316, 44.4485435486, 25.7812995911, 42.4940605164, 25.4111995697, 25.5567684174, 17.8081455231, 20.6302089691, 11.512014389, 5.01386833191, 6.30718708038, 4.21623516083, 2.73695445061, 1.16698598862, 0.823863983154, 1.00305259228, 1.03248536587, 1.57234120369, 1.78900897503, 3.66363859177, 2.79285693169, 1.71090841293, 0.522984147072, 0.183661818504, 0.11610147357, 0.0470942556858, 0.00878723431379, 0.0053256037645, 0.00455774972215, 0.0020437205676, 0.000445132522145, 0.000256927771261, 0.000170280633029, 9.66665902524e-05, 3.86028696084e-05, 2.60445467575e-05]}, "spectral_strongpeak": {"dmean2": 0.588657617569, "median": 0.706957578659, "min": 0, "dvar2": 0.833343625069, "dvar": 0.314580976963, "dmean": 0.359955966473, "max": 16.2511444092, "var": 0.573097229004, "mean": 0.892211258411}, "spectral_energy": {"dmean2": 0.0131190232933, "median": 0.0156297814101, "min": 1.10673890214e-20, "dvar2": 0.000309593451675, "dvar": 0.000121760560432, "dmean": 0.00814912375063, "max": 0.157870471478, "var": 0.000353800918674, "mean": 0.0213306155056}, "average_loudness": 0.877275049686, "spectral_rolloff": {"dmean2": 161.378448486, "median": 430.6640625, "min": 215.33203125, "dvar2": 192019.421875, "dvar": 81122.109375, "dmean": 91.854095459, "max": 19315.2832031, "var": 1121003.625, "mean": 550.77166748}, "spectral_centroid": {"dmean2": 109.280723572, "median": 360.686401367, "min": 211.598892212, "dvar2": 44645.3710938, "dvar": 22324.3398438, "dmean": 67.3782806396, "max": 11244.2421875, "var": 138151.234375, "mean": 444.056427002}, "pitch_salience": {"dmean2": 0.144256681204, "median": 0.57905369997, "min": 0.12449926883, "dvar2": 0.0151433758438, "dvar": 0.00540188234299, "dmean": 0.0861573144794, "max": 0.944780707359, "var": 0.018343789503, "mean": 0.565028011799}, "spectral_energyband_middle_high": {"dmean2": 0.000571622804273, "median": 0.000240423876676, "min": 1.48570503549e-21, "dvar2": 5.65066693525e-06, "dvar": 2.05435276257e-06, "dmean": 0.000355353433406, "max": 0.0335101559758, "var": 3.44517184203e-06, "mean": 0.00067799212411}, "spectral_contrast_coeffs": {"dmean2": [0.0948449596763, 0.0755694061518, 0.0569681972265, 0.04084065184, 0.0283771716058, 0.0290185697377], "median": [-0.473314464092, -0.701150774956, -0.774946928024, -0.823167800903, -0.821447253227, -0.772342383862], "min": [-0.954900622368, -0.968988835812, -0.970837116241, -0.947431623936, -0.963952600956, -0.961262464523], "dvar2": [0.00546123553067, 0.00371749163605, 0.00201532500796, 0.000976393057499, 0.000548721931409, 0.000698776915669], "dvar": [0.00191522634123, 0.00139178067911, 0.000785270356573, 0.000369141314877, 0.000219500856474, 0.000348629866494], "dmean": [0.0556178316474, 0.0457693301141, 0.0348982773721, 0.0247169751674, 0.0175520330667, 0.0191273801029], "max": [-0.232511341572, -0.416114032269, -0.414406329393, -0.597202777863, -0.587407767773, -0.489506095648], "var": [0.00666447402909, 0.00524475472048, 0.00354557437822, 0.00150501832832, 0.000978132826276, 0.00354970246553], "mean": [-0.476731598377, -0.699578106403, -0.768645584583, -0.819003343582, -0.818640947342, -0.770395278931]}, "melbands_skewness": {"dmean2": 1.19588708878, "median": 2.28482079506, "min": -1.86694204807, "dvar2": 1.23444402218, "dvar": 0.472965955734, "dmean": 0.734392166138, "max": 15.1569223404, "var": 1.78952670097, "mean": 2.47045731544}, "spectral_spread": {"dmean2": 535914.875, "median": 1910343.75, "min": 807000.9375, "dvar2": 319531515904, "dvar": 201825615872, "dmean": 312649.84375, "max": 40457468, "var": 748154650624, "mean": 2012470.25}, "dissonance": {"dmean2": 0.063955232501, "median": 0.409140884876, "min": 0.143337398767, "dvar2": 0.0030237887986, "dvar": 0.00111216912046, "dmean": 0.0379338897765, "max": 0.499999940395, "var": 0.00345884962007, "mean": 0.399559617043}, "spectral_skewness": {"dmean2": 1.25547432899, "median": 3.44509553909, "min": -0.163415536284, "dvar2": 1.0607060194, "dvar": 0.386521041393, "dmean": 0.74329662323, "max": 8.42570781708, "var": 2.04016852379, "mean": 3.53615498543}, "spectral_flux": {"dmean2": 0.0325722955167, "median": 0.0547532662749, "min": 1.05201659883e-10, "dvar2": 0.001136562787, "dvar": 0.000500750727952, "dmean": 0.0205310005695, "max": 0.320554643869, "var": 0.00120947754476, "mean": 0.0627603158355}, "spectral_contrast_valleys": {"dmean2": [0.712451040745, 0.510979413986, 0.464847773314, 0.375057846308, 0.310527056456, 0.258658528328], "median": [-8.26292896271, -6.5389251709, -7.93310308456, -9.148021698, -8.98712921143, -13.2668018341], "min": [-27.2357177734, -27.0826950073, -27.1172714233, -27.6395320892, -27.1315059662, -27.2001857758], "dvar2": [0.301417529583, 0.176556929946, 0.161847889423, 0.112784735858, 0.0941854715347, 0.0752883851528], "dvar": [0.120710499585, 0.0791500285268, 0.0748892873526, 0.0589567013085, 0.0608343482018, 0.0373423695564], "dmean": [0.42284449935, 0.311268776655, 0.290446400642, 0.237073585391, 0.215228512883, 0.157636478543], "max": [-6.30326795578, -4.76817035675, -4.76269292831, -5.43540382385, -5.34675645828, -9.43629550934], "var": [0.448554515839, 0.534681916237, 0.528360366821, 0.480597853661, 0.650328040123, 0.240518271923], "mean": [-8.27584934235, -6.58974742889, -7.94350862503, -9.12171936035, -8.9863948822, -13.1676206589]}, "erbbands_flatness_db": {"dmean2": 0.0283829607069, "median": 0.29327043891, "min": 0.0581747181714, "dvar2": 0.000645985011943, "dvar": 0.000265728041995, "dmean": 0.0181442685425, "max": 0.458253026009, "var": 0.00182853883598, "mean": 0.292116224766}, "spectral_energyband_high": {"dmean2": 2.4256783945e-05, "median": 3.61752654499e-06, "min": 8.24715065028e-21, "dvar2": 3.33448504364e-08, "dvar": 1.20026246719e-08, "dmean": 1.49768884512e-05, "max": 0.00426472583786, "var": 1.12002034314e-08, "mean": 2.08167966775e-05}, "spectral_entropy": {"dmean2": 0.332548260689, "median": 6.08343839645, "min": 4.41211223602, "dvar2": 0.0840418562293, "dvar": 0.0340044423938, "dmean": 0.209646269679, "max": 9.81227493286, "var": 0.290985286236, "mean": 6.12061548233}, "silence_rate_20dB": {"dmean2": 0, "median": 1, "min": 1, "dvar2": 0, "dvar": 0, "dmean": 0, "max": 1, "var": 0, "mean": 1}, "melbands_flatness_db": {"dmean2": 0.0422458425164, "median": 0.404270917177, "min": 0.00702606746927, "dvar2": 0.00135757215321, "dvar": 0.000524762668647, "dmean": 0.0264484137297, "max": 0.590043783188, "var": 0.0050641335547, "mean": 0.397674441338}, "barkbands": {"dmean2": [1.35163672894e-05, 0.000178002213943, 0.000257307518041, 0.00131665158551, 0.0100769000128, 0.00354092568159, 0.00116946327034, 0.000744851131458, 0.00086553406436, 0.000235447005252, 0.000184232907486, 0.000125072125229, 6.68867287459e-05, 2.24787017942e-05, 2.41197085415e-05, 2.46127838182e-05, 3.51393136953e-05, 4.13564193877e-05, 7.38143862691e-05, 4.69860242447e-05, 9.91879005596e-06, 2.7488035812e-06, 5.42433951978e-07, 2.75526502946e-07, 1.24691212022e-07, 2.07400301377e-08, 3.65919525791e-08], "median": [6.06942239756e-06, 7.6773474575e-05, 8.96858255146e-05, 0.000524714589119, 0.00603239610791, 0.00210203020833, 0.000880051753484, 0.000353085401002, 0.00027526577469, 5.60224434594e-05, 3.9518577978e-05, 3.27397356159e-05, 1.46915554069e-05, 4.60628825749e-06, 3.93152868128e-06, 4.66644223707e-06, 6.02210275247e-06, 7.23622815713e-06, 7.72082148615e-06, 4.24792870035e-06, 9.81315338322e-07, 2.08747337638e-07, 2.12809467826e-08, 2.54195349214e-08, 3.6840091866e-08, 7.73012374111e-08, 1.59419641932e-07], "min": [1.15446022724e-23, 2.29634143626e-23, 1.02419231274e-23, 2.01659668645e-24, 4.65954198967e-23, 5.34080731613e-23, 3.62421253867e-23, 3.47029694082e-23, 5.34083255968e-23, 3.38002600971e-23, 1.16905399621e-22, 4.76991498991e-23, 2.08242088122e-22, 8.68033699351e-23, 1.57954250141e-22, 1.70156779763e-22, 1.19390690126e-22, 2.08005303632e-22, 2.15767745427e-22, 2.69195388649e-22, 3.5796061779e-22, 8.54748486535e-22, 8.3409699156e-22, 6.87545265109e-22, 1.27403727156e-21, 1.54396936794e-21, 2.70750068148e-21], "dvar2": [2.14490716854e-10, 1.53265148128e-07, 1.68154443259e-07, 4.53321763416e-06, 0.00023315125145, 4.912296572e-05, 4.4849753067e-06, 4.19778461946e-06, 8.88294107426e-06, 1.09603752207e-06, 4.82193399876e-07, 2.38598801161e-07, 8.72996395174e-08, 1.47390251115e-08, 4.41386767136e-08, 2.73637450476e-08, 9.70393188027e-08, 1.09494003198e-07, 6.14903058249e-07, 1.60696941975e-07, 7.12452230545e-09, 3.04907987747e-10, 3.01197435049e-11, 8.49578133538e-12, 4.62818542171e-12, 8.39467778365e-16, 1.59199207162e-15], "dvar": [7.71680844225e-11, 5.89211985869e-08, 5.95800777603e-08, 1.59137277933e-06, 8.41769870021e-05, 2.18269033212e-05, 1.95991447072e-06, 1.71233489255e-06, 3.8327598304e-06, 4.68791483854e-07, 1.80144454021e-07, 8.23537078531e-08, 3.21240065659e-08, 5.27037835596e-09, 1.49223851054e-08, 9.46967659843e-09, 3.7874620773e-08, 4.24497841323e-08, 2.50320169926e-07, 6.5595237686e-08, 2.53151810625e-09, 1.38353203893e-10, 1.16400743211e-11, 4.09808341775e-12, 1.81712750316e-12, 3.77529175566e-16, 5.94785212073e-16], "dmean": [7.60980947234e-06, 0.000103380378278, 0.000147873157403, 0.000767581106629, 0.00597041007131, 0.00226782122627, 0.00074698071694, 0.000474561937153, 0.000545394781511, 0.000147400016431, 0.000112574460218, 7.50155886635e-05, 4.08163541579e-05, 1.33208150146e-05, 1.3827740986e-05, 1.44863824971e-05, 2.08370347536e-05, 2.57183310168e-05, 4.60648516309e-05, 2.90885291179e-05, 5.98839278609e-06, 1.81567656909e-06, 3.39832382679e-07, 1.72989246039e-07, 7.69238184262e-08, 1.24415588942e-08, 2.18029114762e-08], "max": [0.000194420659682, 0.00409174989909, 0.00543626118451, 0.0203337259591, 0.140497162938, 0.124189354479, 0.0408084951341, 0.0406557433307, 0.0747584551573, 0.0294853560627, 0.0116878040135, 0.00668754754588, 0.00507078319788, 0.00265631685033, 0.00459719682112, 0.00319145643152, 0.00926956441253, 0.0105759138241, 0.0242770817131, 0.010920333676, 0.00154150801245, 0.000430432060966, 0.000111050940177, 0.000118451462185, 7.22374679754e-05, 1.29111617753e-06, 8.33985723148e-07], "var": [7.34405591896e-11, 5.18114156023e-08, 8.42582110749e-08, 3.15644729199e-06, 0.000197346860659, 5.63079047424e-05, 5.33056208951e-06, 3.13692862619e-06, 7.27418273527e-06, 6.54693167235e-07, 2.79321682228e-07, 8.18101426603e-08, 3.56895490938e-08, 7.19388504322e-09, 9.69793667593e-09, 7.45592654283e-09, 3.47333148909e-08, 5.70215732409e-08, 5.22233847278e-07, 1.04751826768e-07, 2.02524952364e-09, 3.00301505884e-10, 1.51896203948e-11,