{"tonal": {"thpcp": [1, 0.567780375481, 0.317933619022, 0.294739425182, 0.332401514053, 0.599910616875, 0.811348617077, 0.576206624508, 0.318532526493, 0.252336502075, 0.203447401524, 0.194094672799, 0.197673514485, 0.191263437271, 0.268172264099, 0.37296679616, 0.384767770767, 0.375770688057, 0.371503978968, 0.348123639822, 0.398214042187, 0.416212558746, 0.395898789167, 0.421160697937, 0.294214099646, 0.146660283208, 0.16659732163, 0.210320413113, 0.221592918038, 0.345157176256, 0.435145378113, 0.352655112743, 0.302283495665, 0.319752782583, 0.457043558359, 0.891664803028], "hpcp": {"dmean2": [0.323752313852, 0.290076285601, 0.31262409687, 0.243152394891, 0.215732991695, 0.223758399487, 0.266919404268, 0.242704406381, 0.26127165556, 0.198663115501, 0.144708529115, 0.117741569877, 0.103360399604, 0.0974453315139, 0.0996682196856, 0.130735352635, 0.164829030633, 0.188433855772, 0.189867824316, 0.16608312726, 0.182126715779, 0.193821549416, 0.171923682094, 0.209769234061, 0.25614386797, 0.159307941794, 0.0880484431982, 0.0895830988884, 0.103540495038, 0.12945613265, 0.172832727432, 0.184159338474, 0.192601680756, 0.208995938301, 0.22454559803, 0.286110132933], "median": [0.0760663971305, 0.0858349502087, 0.0582573749125, 0.0236959587783, 0.020304761827, 0.0294361039996, 0.0561831630766, 0.0669361650944, 0.052935950458, 0.0323828533292, 0.02504869923, 0.0240701325238, 0.0274946335703, 0.0290139429271, 0.0278268866241, 0.0350495874882, 0.043398257345, 0.0442292019725, 0.0429663471878, 0.0370271019638, 0.0325614511967, 0.0440888814628, 0.0429507382214, 0.0336360447109, 0.019740421325, 0.0146742593497, 0.0131216626614, 0.0192583315074, 0.0195678062737, 0.0225288793445, 0.0220684185624, 0.023280095309, 0.0229357015342, 0.0222838576883, 0.0225900132209, 0.043959595263], "min": [0, 0, 0, 0, 0, 0, 0, 0, 0, 0, 0, 0, 0, 0, 0, 0, 0, 0, 0, 0, 0, 0, 0, 0, 0, 0, 0, 0, 0, 0, 0, 0, 0, 0, 0, 0], "dvar2": [0.163072600961, 0.153401866555, 0.170286655426, 0.151375323534, 0.137390002608, 0.125957280397, 0.140611022711, 0.131598636508, 0.14705426991, 0.109992422163, 0.0805774107575, 0.0674917474389, 0.0507389716804, 0.0414829701185, 0.0468425527215, 0.059645101428, 0.0715162307024, 0.0882678329945, 0.0912185907364, 0.0785546004772, 0.0907084420323, 0.093043141067, 0.0808745473623, 0.0966835618019, 0.166563138366, 0.0737650692463, 0.0408273339272, 0.0370098501444, 0.0465243905783, 0.0646386370063, 0.0969315767288, 0.108643971384, 0.113142497838, 0.131160154939, 0.136395558715, 0.150784954429], "dvar": [0.0630039572716, 0.0627488866448, 0.0602648966014, 0.0551802329719, 0.0501170456409, 0.0450270660222, 0.0503743924201, 0.0506795085967, 0.0515330731869, 0.0391419902444, 0.0293967332691, 0.0236064530909, 0.0177800096571, 0.0145931076258, 0.016314778477, 0.0209788642824, 0.026738177985, 0.0320623070002, 0.0326519645751, 0.0294637884945, 0.0325740799308, 0.0351834669709, 0.0326928533614, 0.0355549752712, 0.0618849657476, 0.0276570469141, 0.0144033553079, 0.0129838492721, 0.016718422994, 0.0225638523698, 0.0372728258371, 0.0447494201362, 0.041403695941, 0.0463018193841, 0.0497052073479, 0.0547899194062], "dmean": [0.182823851705, 0.163800954819, 0.17404808104, 0.131736293435, 0.117700174451, 0.123452603817, 0.15225070715, 0.13778179884, 0.146955385804, 0.111135847867, 0.0812322571874, 0.0658095926046, 0.0579969584942, 0.0555555894971, 0.0562753230333, 0.0743953436613, 0.0947003886104, 0.108440823853, 0.108134537935, 0.0938981175423, 0.101826168597, 0.111984983087, 0.10089737922, 0.118117325008, 0.139990136027, 0.0887265130877, 0.0490923076868, 0.0502116978168, 0.0586395934224, 0.0718263760209, 0.0985750630498, 0.104577220976, 0.109183706343, 0.11551631242, 0.123212493956, 0.158619046211], "max": [1, 1, 1, 1, 1, 1, 1, 1, 1, 1, 1, 1, 1, 1, 1, 1, 1, 1, 1, 1, 1, 1, 1, 1, 1, 1, 1, 1, 1, 1, 1, 1, 1, 1, 1, 1], "var": [0.124985083938, 0.149592205882, 0.0632154420018, 0.0413565598428, 0.0389603562653, 0.0373714715242, 0.0709700211883, 0.123296871781, 0.0705390796065, 0.033832244575, 0.0259397681803, 0.0176550447941, 0.0135478973389, 0.0123583674431, 0.0128955608234, 0.0214243531227, 0.0379190146923, 0.0380423143506, 0.0372171737254, 0.0475861094892, 0.0408023148775, 0.0440574102104, 0.0501264184713, 0.0430589653552, 0.0670297369361, 0.0379048325121, 0.0126094892621, 0.0104887215421, 0.0165078304708, 0.0184780247509, 0.0492453873158, 0.074858263135, 0.0469224266708, 0.0368268601596, 0.0410130918026, 0.0513745732605], "mean": [0.282970935106, 0.317351251841, 0.180185809731, 0.100896634161, 0.0935359224677, 0.105488032103, 0.190382376313, 0.257482498884, 0.182859897614, 0.101086698472, 0.0800793021917, 0.0645642876625, 0.0615961886942, 0.062731936574, 0.0606976896524, 0.0851048082113, 0.118361480534, 0.122106529772, 0.119251295924, 0.117897249758, 0.110477469862, 0.126373723149, 0.132085576653, 0.125638976693, 0.133655875921, 0.0933692082763, 0.0465428233147, 0.0528698675334, 0.0667454451323, 0.0703227892518, 0.109536066651, 0.138093933463, 0.111915543675, 0.0959300473332, 0.101473942399, 0.145043343306]}, "tuning_equal_tempered_deviation": 0.257344037294, "chords_changes_rate": 0.0826027989388, "key_key": "A", "tuning_diatonic_strength": 0.517810106277, "key_scale": "minor", "chords_number_rate": 0.00126525084488, "tuning_frequency": 434.193115234, "tuning_nontempered_energy_ratio": 0.936597704887, "chords_histogram": [17.7044734955, 0.903750538826, 1.11161315441, 10.4744691849, 5.53095340729, 4.36511516571, 0.162675097585, 10.4654312134, 0.542250335217, 6.55219173431, 7.24807929993, 12.3361949921, 0.271125167608, 0, 0.144600093365, 0.569362878799, 0.533212840557, 1.40081334114, 1.34658837318, 0.31631270051, 1.07546317577, 0.967013120651, 13.7460460663, 2.23226380348], "key_strength": 0.614087343216, "chords_key": "A", "chords_strength": {"dmean2": 0.0120438970625, "median": 0.452236264944, "min": -1, "dvar2": 0.000651334179565, "dvar": 0.000324185442878, "dmean": 0.0114838220179, "max": 0.733663380146, "var": 0.0297803729773, "mean": 0.450433790684}, "chords_scale": "minor", "hpcp_entropy": {"dmean2": 1.08462119102, "median": 2.34681916237, "min": 0, "dvar2": 0.769785821438, "dvar": 0.284722417593, "dmean": 0.648286759853, "max": 4.65250778198, "var": 0.64798438549, "mean": 2.33700227737}}, "metadata": {"audio_properties": {"equal_loudness": 0, "codec": "mp3", "downmix": "mix", "sample_rate": 44100, "analysis_sample_rate": 44100, "bit_rate": 128006, "md5_encoded": "5166d9dceb9ceb3eb898f09aa9f17d0d", "length": 513.802429199, "replay_gain": -12.7135429382, "lossless": false}, "version": {"essentia_build_sha": "2d9f1f26377add8aeb1075a9c2973f962c4f09fd", "essentia": "2.1-beta2", "extractor": "music 1.0", "essentia_git_sha": "v2.1_beta2-1-ge3940c0"}, "tags": {"title": ["Push Magic Button"], "media": ["Digital Media"], "albumartist": ["Various Artists"], "musicbrainz_recordingid": ["0b435307-1c1a-40d4-8e6f-46e46f453875"], "originalyear": ["2014"], "discnumber": ["1/1"], "album": ["Marijuanaut, Volume I - CD2"], "musicbrainz album release country": ["XW"], "musicbrainz album type": ["album", "compilation"], "musicbrainz album status": ["official"], "musicbrainz_albumartistid": ["89ad4ac3-39f7-470e-963a-56509c546377"], "date": ["2014-12-27"], "file_name": "01 - Anuseye - Push Magic Button.mp3", "musicbrainz_releasegroupid": ["3d4906d3-df6f-4d73-a1f0-01ee90e80e30"], "script": ["Latn"], "originaldate": ["2014-12-27"], "musicbrainz_albumid": ["92a5031b-122a-4022-91cf-9ce13816801c"], "artist": ["Anuseye"], "artistsort": ["Anuseye"], "tracknumber": ["1/8"], "label": ["[no label]"], "albumartistsort": ["Various Artists"], "acoustid_id": ["cb4e36fc-8e75-4800-b690-b9aa523b464e"], "musicbrainz_artistid": ["7090132d-1982-4891-91ec-5f31b5d5cae1"]}}, "rhythm": {"bpm_histogram_first_peak_bpm": {"dmean2": 0, "median": 129, "min": 129, "dvar2": 0, "dvar": 0, "dmean": 0, "max": 129, "var": 0, "mean": 129}, "bpm": 128.87109375, "bpm_histogram_second_peak_spread": {"dmean2": 0, "median": 0.360856294632, "min": 0.360856294632, "dvar2": 0, "dvar": 0, "dmean": 0, "max": 0.360856294632, "var": 0, "mean": 0.360856294632}, "bpm_histogram_first_peak_weight": {"dmean2": 0, "median": 0.214152693748, "min": 0.214152693748, "dvar2": 0, "dvar": 0, "dmean": 0, "max": 0.214152693748, "var": 0, "mean": 0.214152693748}, "onset_rate": 3.01465821266, "beats_position": [0.487619042397, 0.940408170223, 1.39319729805, 1.84598636627, 2.32199549675, 2.79800438881, 3.27401351929, 3.73841261864, 4.19120168686, 4.6439909935, 5.10838985443, 5.5727891922, 6.03718805313, 6.51319694519, 6.98920631409, 7.45360517502, 7.90639448166, 8.35918331146, 8.80036258698, 9.26476192474, 9.72916126251, 10.2051696777, 10.6811790466, 11.1455783844, 11.6099767685, 12.0627660751, 12.5155553818, 12.9683446884, 13.4327430725, 13.9087524414, 14.3731517792, 14.8259410858, 15.2787294388, 15.7315187454, 16.1843090057, 16.6254863739, 17.0782756805, 17.5310649872, 17.995464325, 18.4482536316, 18.9010429382, 19.3422222137, 19.7834014893, 20.2245807648, 20.6773700714, 21.1417675018, 21.5945568085, 22.0473461151, 22.5001354218, 22.9413146973, 23.405714035, 23.8585033417, 24.3112926483, 24.7756919861, 25.2400894165, 25.6928787231, 26.1456680298, 26.5868473053, 27.0280265808, 27.4808158875, 27.9336051941, 28.3863945007, 28.8391838074, 29.3035831451, 29.7447605133, 30.1859397888, 30.6271190643, 31.0682983398, 31.5443077087, 32.0203170776, 32.4963264465, 32.9723358154, 33.4367332458, 33.8779144287, 34.3307037354, 34.7951011658, 35.2478904724, 35.7006797791, 36.1534690857, 36.6178665161, 37.0822677612, 37.5466651917, 37.9994544983, 38.4522438049, 38.91664505, 39.369430542, 39.8338317871, 40.2866210938, 40.7510185242, 41.2038078308, 41.6565971375, 42.1209983826, 42.585395813, 43.0497932434, 43.5141944885, 43.9669837952, 44.4197731018, 44.8725624084, 45.3253517151, 45.801361084, 46.2889785767, 46.7882080078, 47.2758255005, 47.7402267456, 48.204624176, 48.6690254211, 49.1334228516, 49.5862121582, 50.0390014648, 50.5033988953, 50.9678001404, 51.4321975708, 51.8965988159, 52.3493881226, 52.8021774292, 53.2549667358, 53.7077522278, 54.1605415344, 54.6133308411, 55.0777320862, 55.5305213928, 55.9949188232, 56.4477081299, 56.9004974365, 57.3532867432, 57.794467926, 58.2356452942, 58.6768226624, 59.129611969, 59.5824012756, 60.0235824585, 60.4647598267, 60.9291610718, 61.3935585022, 61.8579597473, 62.2991371155, 62.7403144836, 63.1814956665, 63.6342849731, 64.0986862183, 64.5514755249, 65.0042648315, 65.4570541382, 65.9214477539, 66.385848999, 66.8270263672, 67.2914276123, 67.7326049805, 68.1853942871, 68.6497955322, 69.1258010864, 69.5785903931, 70.0313796997, 70.4841690063, 70.936958313, 71.4013595581, 71.8657608032, 72.3301544189, 72.7829437256, 73.2009048462, 73.6304779053, 74.0716552734, 74.5128326416, 74.9424057007, 75.3719711304, 75.8131484985, 76.2543258667, 76.7187271118, 77.1831283569, 77.6475296021, 78.1119232178, 78.5879364014, 79.0639419556, 79.5399551392, 80.0159606934, 80.491973877, 80.9447631836, 81.4091567993, 81.8735580444, 82.3379592896, 82.8139648438, 83.2899780273, 83.77759552, 84.2419967651, 84.7063903809, 85.170791626, 85.6351928711, 86.0995864868, 86.5639877319, 87.0516052246, 87.5392303467, 88.0036239624, 88.4680252075, 88.9208145142, 89.3968200684, 89.8612213135, 90.3256225586, 90.8016281128, 91.2776412964, 91.7420425415, 92.1948318481, 92.6476211548, 93.1120147705, 93.5764160156, 94.0408172607, 94.5052108765, 94.9812240601, 95.4340133667, 95.8984146118, 96.3628082275, 96.8272094727, 97.2916107178, 97.7560043335, 98.2320175171, 98.7080230713, 99.1724243164, 99.6368255615, 100.101219177, 100.565620422, 101.041633606, 101.51763916, 101.993652344, 102.469657898, 102.934059143, 103.410064697, 103.862854004, 104.327255249, 104.791656494, 105.267662048, 105.743675232, 106.231292725, 106.707298279, 107.183311462, 107.647705078, 108.112106323, 108.576507568, 109.040908813, 109.505302429, 109.969703674, 110.434104919, 110.898498535, 111.36289978, 111.827301025, 112.291702271, 112.756095886, 113.220497131, 113.684898376, 114.149291992, 114.602081299, 115.054870605, 115.507659912, 115.960449219, 116.413238525, 116.866027832, 117.330429077, 117.794830322, 118.247619629, 118.700408936, 119.17641449, 119.664031982, 120.151649475, 120.627662659, 121.103668213, 121.568069458, 122.032470703, 122.508476257, 122.972877502, 123.425666809, 123.878456116, 124.342857361, 124.830474854, 125.294876099, 125.759269714, 126.223670959, 126.688072205, 127.15246582, 127.616867065, 128.081268311, 128.545669556, 129.010070801, 129.474472046, 129.938858032, 130.403259277, 130.867660522, 131.332061768, 131.796463013, 132.260864258, 132.713653564, 133.166442871, 133.619232178, 134.072021484, 134.536407471, 135.000808716, 135.465209961, 135.929611206, 136.394012451, 136.846801758, 137.299591064, 137.740768433, 138.181945801, 138.634735107, 139.087524414, 139.528701782, 139.981491089, 140.434280396, 140.887069702, 141.339859009, 141.804260254, 142.268661499, 142.733062744, 143.209060669, 143.685073853, 144.149475098, 144.613876343, 145.078277588, 145.542678833, 146.007064819, 146.471466064, 146.93586731, 147.377044678, 147.818222046, 148.259414673, 148.688980103, 149.141769409, 149.582946777, 150.024124146, 150.465301514, 150.91809082, 151.359268188, 151.812057495, 152.288070679, 152.740859985, 153.20526123, 153.669662476, 154.122451782, 154.575241089, 155.039627075, 155.492416382, 155.945205688, 156.386398315, 156.839187622, 157.291976929, 157.756362915, 158.22076416, 158.685165405, 159.137954712, 159.590744019, 160.043533325, 160.496322632, 160.949111938, 161.401901245, 161.843078613, 162.272644043, 162.702224731, 163.120178223, 163.584579468, 164.060592651, 164.536590576, 165.024215698, 165.488616943, 165.953018188, 166.429016113, 166.905029297, 167.38104248, 167.857055664, 168.437545776, 169.029663086, 169.633377075, 170.225479126, 170.829208374, 171.444534302, 172.071472168, 172.628753662, 173.197631836, 173.731704712, 174.265762329, 174.799819946, 175.322265625, 175.844711304, 176.367156982, 176.88961792, 177.423675537, 177.946121216, 178.468566895, 178.991012573, 179.513473511, 180.047531128, 180.569976807, 181.092422485, 181.603256226, 182.114105225, 182.624938965, 183.135772705, 183.646621704, 184.157455444, 184.668289185, 185.179138184, 185.701583862, 186.212417603, 186.711654663, 187.222488403, 187.710113525, 188.197723389, 188.685348511, 189.207794189, 189.730239868, 190.229476929, 190.717086792, 191.216323853, 191.715545654, 192.226394653, 192.725616455, 193.213241577, 193.70085144, 194.188476563, 194.676101685, 195.175323486, 195.674560547, 196.185394287, 196.707839966, 197.230285645, 197.741134644, 198.240356445, 198.739593506, 199.238815308, 199.738052368, 200.225662231, 200.690063477, 201.177688599, 201.665298462, 202.152923584, 202.640533447, 203.128158569, 203.615783691, 204.103393555, 204.614242554, 205.125076294, 205.635910034, 206.123535156, 206.611160278, 207.098770142, 207.609603882, 208.108840942, 208.608062744, 209.107299805, 209.606521606, 210.117370605, 210.628204346, 211.139038086, 211.649887085, 212.137496948, 212.648345947, 213.159179688, 213.670013428, 214.180862427, 214.680084229, 215.179321289, 215.666931152, 216.166168213, 216.665390015, 217.164627075, 217.663848877, 218.151473999, 218.639083862, 219.126708984, 219.614334106, 220.10194397, 220.60118103, 221.112014771, 221.611236572, 222.122085571, 222.621307373, 223.120544434, 223.631378174, 224.130615234, 224.629837036, 225.117462158, 225.605072021, 226.092697144, 226.580307007, 227.079544067, 227.578765869, 228.07800293, 228.577224731, 229.08807373, 229.598907471, 230.109741211, 230.608978271, 231.096588135, 231.584213257, 232.037002563, 232.48979187, 232.930969238, 233.395370483, 233.871383667, 234.335784912, 234.788574219, 235.276184082, 235.775421143, 236.274642944, 236.773880005, 237.284713745, 237.772338867, 238.25994873, 238.759185791, 239.246795654, 239.746032715, 240.233642578, 240.7212677, 241.23210144, 241.719726563, 242.230560303, 242.729797363, 243.229019165, 243.728256226, 244.227478027, 244.738311768, 245.260772705, 245.771606445, 246.270828247, 246.758453369, 247.269287109, 247.76852417, 248.256134033, 248.732147217, 249.231384277, 249.730606079, 250.22984314, 250.729064941, 251.216690063, 251.704299927, 252.203536987, 252.702758789, 253.213607788, 253.71282959, 254.212051392, 254.699676514, 255.187301636, 255.686523438, 256.162536621, 256.638549805, 257.114562988, 257.602172852, 258.089782715, 258.565795898, 259.041809082, 259.541046143, 260.028656006, 260.527893066, 261.027130127, 261.52633667, 262.013977051, 262.501586914, 262.989196777, 263.465209961, 263.941223145, 264.417236328, 264.904846191, 265.404083252, 265.891693115, 266.379302979, 266.855316162, 267.342956543, 267.842163086, 268.341400146, 268.840637207, 269.33984375, 269.827484131, 270.326721191, 270.814331055, 271.301940918, 271.777954102, 272.253967285, 272.741577148, 273.229187012, 273.716827393, 274.204437256, 274.692047119, 275.1796875, 275.667297363, 276.154907227, 276.642547607, 277.130157471, 277.617767334, 278.105377197, 278.593017578, 279.069030762, 279.545043945, 280.009429932, 280.497039795, 280.984680176, 281.472290039, 281.948303223, 282.424316406, 282.900299072, 283.399536133, 283.898773193, 284.398010254, 284.897216797, 285.396453857, 285.895690918, 286.394927979, 286.859313965, 287.323699951, 287.776489258, 288.240905762, 288.716918945, 289.181304932, 289.645721436, 290.121704102, 290.597717285, 291.062133789, 291.526519775, 292.014129639, 292.490142822, 292.977783203, 293.465393066, 293.964630127, 294.440643311, 294.916625977, 295.404266357, 295.880279541, 296.356262207, 296.832275391, 297.308288574, 297.795898438, 298.260314941, 298.759552002, 299.270385742, 299.792816162, 300.292053223, 300.791290283, 301.290527344, 301.778137207, 302.277374268, 302.764984131, 303.252593994, 303.740234375, 304.227844238, 304.738677979, 305.226287842, 305.713928223, 306.224761963, 306.712371826, 307.223205566, 307.734039307, 308.244903564, 308.744110107, 309.243347168, 309.742584229, 310.241821289, 310.729431152, 311.217041016, 311.693054199, 312.180664063, 312.656677246, 313.13269043, 313.608703613, 314.096313477, 314.583953857, 315.0831604, 315.582397461, 316.081634521, 316.557647705, 317.045257568, 317.532867432, 318.020507813, 318.508117676, 318.984130859, 319.471740723, 319.959350586, 320.446990967, 320.922973633, 321.398986816, 321.875, 322.351013184, 322.838623047, 323.337860107, 323.825469971, 324.313110352, 324.789123535, 325.265106201, 325.729522705, 326.193908691, 326.658325195, 327.111114502, 327.563903809, 328.028289795, 328.504302979, 328.980316162, 329.467926025, 329.955535889, 330.44317627, 330.942382813, 331.430023193, 331.906036377, 332.39364624, 332.881256104, 333.368896484, 333.84487915, 334.320892334, 334.808532715, 335.284515381, 335.760528564, 336.248168945, 336.735778809, 337.211791992, 337.687805176, 338.175415039, 338.651428223, 339.127441406, 339.61505127, 340.102661133, 340.590301514, 341.0546875, 341.530700684, 342.018310547, 342.49432373, 342.981933594, 343.469573975, 343.957183838, 344.433197021, 344.909210205, 345.396820068, 345.872833252, 346.348846436, 346.848052979, 347.347290039, 347.834899902, 348.322540283, 348.810150146, 349.28616333, 349.762176514, 350.238189697, 350.714202881, 351.178588867, 351.642974854, 352.107391357, 352.571777344, 353.047790527, 353.535400391, 354.011413574, 354.487426758, 354.963439941, 355.451049805, 355.927062988, 356.403076172, 356.855865479, 357.320251465, 357.773040771, 358.237457275, 358.701843262, 359.166259766, 359.619049072, 360.071838379, 360.536224365, 361.012237549, 361.488250732, 361.987487793, 362.475097656, 362.974334717, 363.46194458, 363.949554443, 364.413970947, 364.878356934, 365.342773438, 365.807159424, 366.27154541, 366.735961914, 367.223571777, 367.711181641, 368.198822021, 368.698028564, 369.197265625, 369.684906006, 370.172515869, 370.67175293, 371.170959473, 371.658599854, 372.146209717, 372.63381958, 373.109832764, 373.585845947, 374.061859131, 374.537872314, 375.002258301, 375.478271484, 375.954284668, 376.441894531, 376.929504395, 377.417144775, 377.904754639, 378.403991699, 378.903198242, 379.390838623, 379.866851807, 380.35446167, 380.830474854, 381.318084717, 381.7940979, 382.270111084, 382.722900391, 383.187286377, 383.663299561, 384.150909424, 384.638549805, 385.126159668, 385.602172852, 386.089782715, 386.589019775, 387.076629639, 387.56427002, 388.051879883, 388.516265869, 388.992279053, 389.468292236, 389.9559021, 390.431915283, 390.907928467, 391.39553833, 391.871551514, 392.370788574, 392.858398438, 393.346038818, 393.822021484, 394.298034668, 394.774047852, 395.250061035, 395.726074219, 396.202087402, 396.678100586, 397.154083252, 397.630096436, 398.106109619, 398.593719482, 399.069732666, 399.54574585, 400.03338623, 400.509368896, 400.98538208, 401.449798584, 401.91418457, 402.378601074, 402.842987061, 403.307373047, 403.771789551, 404.236175537, 404.700592041, 405.164978027, 405.629394531, 406.105377197, 406.581390381, 407.045806885, 407.510192871, 407.986206055, 408.462219238, 408.938232422, 409.414245605, 409.878631592, 410.343017578, 410.807434082, 411.271820068, 411.759460449, 412.247070313, 412.723083496, 413.187469482, 413.651885986, 414.127868652, 414.615509033, 415.103118896, 415.59072876, 416.078369141, 416.554382324, 417.03036499, 417.494781494, 417.95916748, 418.435180664, 418.899597168, 419.375579834, 419.839996338, 420.304382324, 420.768798828, 421.233184814, 421.709197998, 422.185211182, 422.672821045, 423.148834229, 423.624847412, 424.112457275, 424.588470459, 425.064483643, 425.528869629, 426.004882813, 426.480895996, 426.968505859, 427.45614624, 427.943756104, 428.40814209, 428.872558594, 429.348571777, 429.836181641, 430.312194824, 430.788208008, 431.264221191, 431.740203857, 432.216217041, 432.680633545, 433.145019531, 433.609436035, 434.073822021, 434.538238525, 435.002624512, 435.467010498, 435.931427002, 436.384216309, 436.837005615, 437.289794922, 437.742584229, 438.183746338, 438.613311768, 439.054504395, 439.495697021, 439.948486328, 440.389648438, 440.842437744, 441.295227051, 441.806060791, 442.305297852, 442.804534912, 443.303741455, 443.802978516, 444.302215576, 444.801452637, 445.2890625, 445.776672363, 446.264312744, 446.751922607, 447.239532471, 447.727142334, 448.203155518, 448.679168701, 449.166809082, 449.654418945, 450.142028809, 450.629638672, 451.117279053, 451.604888916, 452.069274902, 452.533691406, 452.998077393, 453.474090576, 453.93850708, 454.414489746, 454.87890625, 455.343292236, 455.80770874, 456.272094727, 456.74810791, 457.224121094, 457.700134277, 458.176147461, 458.652160645, 459.128143311, 459.615783691, 460.103393555, 460.579406738, 461.067016602, 461.543029785, 462.030639648, 462.518280029, 462.982666016, 463.470275879, 463.95791626, 464.445526123, 464.933135986, 465.40914917, 465.885162354, 466.361175537, 466.837188721, 467.313201904, 467.78918457, 468.265197754, 468.741210938, 469.205627441, 469.693237305, 470.157623291, 470.622039795, 471.109649658, 471.608886719, 472.084899902, 472.572509766, 473.060119629, 473.559356689, 474.035369873, 474.499755859, 474.98739624, 475.486602783, 475.997436523, 476.519897461, 477.019134521, 477.518371582, 478.005981445, 478.493591309, 478.981201172, 479.480438232, 479.979675293, 480.478912354, 480.978118896, 481.523803711, 482.069458008, 482.626739502, 483.137573242, 483.66003418, 484.17086792, 484.658508301, 485.157714844, 485.668548584, 486.167785645, 486.667022705, 487.166259766, 487.735137939, 488.315643311, 488.896148682, 489.476623535, 490.045532227, 490.626037598, 491.194915771, 491.775421143, 492.344299316, 492.91317749, 493.424041748, 493.934875488, 494.445709229, 494.979766846, 495.502227783, 496.024658203, 496.535491943, 497.046325684, 497.557189941, 498.068023682, 498.590454102, 499.124511719, 499.658599854, 500.169433594, 500.680267334, 501.179504395, 501.690338135, 502.189575195, 502.712005615, 503.234466553, 503.756896973, 504.27935791, 504.801818848, 505.266204834, 505.718994141, 506.160186768, 506.612976074, 506.99609375, 507.379211426, 507.762359619, 508.145477295, 508.516998291, 508.888519287, 509.260040283, 509.631561279, 509.979858398, 510.328155518, 510.676452637, 511.024749756, 511.373046875, 511.721343994, 512.069641113, 512.41796875, 512.766235352, 513.114562988], "beats_loudness": {"dmean2": 0.0270964987576, "median": 0.0540315136313, "min": 0, "dvar2": 0.000512319093104, "dvar": 0.000177619382157, "dmean": 0.0158622246236, "max": 0.136785000563, "var": 0.000289758143481, "mean": 0.0543638132513}, "danceability": 1.25128340721, "bpm_histogram_second_peak_weight": {"dmean2": 0, "median": 0.194599628448, "min": 0.194599628448, "dvar2": 0, "dvar": 0, "dmean": 0, "max": 0.194599628448, "var": 0, "mean": 0.194599628448}, "beats_count": 1075, "bpm_histogram_second_peak_bpm": {"dmean2": 0, "median": 123, "min": 123, "dvar2": 0, "dvar": 0, "dmean": 0, "max": 123, "var": 0, "mean": 123}, "bpm_histogram_first_peak_spread": {"dmean2": 0, "median": 0.588550984859, "min": 0.588550984859, "dvar2": 0, "dvar": 0, "dmean": 0, "max": 0.588550984859, "var": 0, "mean": 0.588550984859}, "beats_loudness_band_ratio": {"dmean2": [0.26570725441, 0.11044831574, 0.117084413767, 0.116640388966, 0.0926754772663, 0.0426237210631], "median": [0.612078070641, 0.0759919062257, 0.0487387515604, 0.103029824793, 0.084758207202, 0.0367512330413], "min": [0, 0, 0, 0, 0, 0], "dvar2": [0.0415804572403, 0.0097791692242, 0.0107880514115, 0.0103446180001, 0.00713732885197, 0.00407302752137], "dvar": [0.0146724348888, 0.00335909402929, 0.00383847346529, 0.00357511732727, 0.00242959451862, 0.00194693251979], "dmean": [0.153871029615, 0.0629045963287, 0.0648458749056, 0.0667660832405, 0.052923861891, 0.0240705106407], "max": [0.966912209988, 0.367144107819, 0.389996230602, 0.55725133419, 0.390288770199, 0.948702514172], "var": [0.0282070115209, 0.00441295094788, 0.00413123099133, 0.00606794143096, 0.00350603740662, 0.00870970264077], "mean": [0.593751788139, 0.0918983891606, 0.0721110552549, 0.116926945746, 0.0961769893765, 0.0502930916846]}}, "lowlevel": {"barkbands_spread": {"dmean2": 6.73579645157, "median": 26.6492462158, "min": 0.600844800472, "dvar2": 37.6821517944, "dvar": 15.8672647476, "dmean": 4.26483392715, "max": 129.267211914, "var": 79.9563827515, "mean": 26.4213466644}, "melbands_spread": {"dmean2": 9.30383205414, "median": 22.5556507111, "min": 0.548110425472, "dvar2": 89.4609603882, "dvar": 35.9531822205, "dmean": 5.82503986359, "max": 198.055938721, "var": 276.839050293, "mean": 24.9860477448}, "hfc": {"dmean2": 8.84267616272, "median": 30.6119842529, "min": 1.05822499548e-16, "dvar2": 88.5402984619, "dvar": 37.4890060425, "dmean": 5.59862804413, "max": 101.52734375, "var": 156.713729858, "mean": 31.5555858612}, "barkbands_kurtosis": {"dmean2": 2.95054674149, "median": 0.836457967758, "min": -1.92304563522, "dvar2": 47.0901603699, "dvar": 17.240480423, "dmean": 1.80035281181, "max": 134.094009399, "var": 47.7531814575, "mean": 2.62088060379}, "gfcc": {"mean": [39.1842651367, 102.718963623, -126.518165588, 50.8726158142, -34.8801193237, 26.9427452087, -25.622587204, 7.78793382645, -23.6060829163, 3.49488854408, -16.3233165741, 4.30366182327, -3.84032058716], "icov": [[0.000363848434063, -0.00107024621684, 0.000797860440798, -0.00104292156175, 0.000855280901305, -0.000998852192424, 0.000811640697066, -0.00091564952163, 0.000988426618278, -0.00130496302154, 0.0014701038599, -0.00149616820272, 0.000938991899602], [-0.00107024621684, 0.00606963224709, -0.000931077869609, 0.00212907954119, -0.00216959603131, 0.00528403604403, -0.00277129653841, 0.00373415183276, -0.00244784867391, 0.00485572824255, -0.00567543879151, 0.00660927547142, -0.00422399723902], [0.000797860440798, -0.000931077869609, 0.00527410535142, -0.00206484901719, 0.00160380906891, -0.000868860399351, 0.0013540686341, -0.000819514039904, 0.00229645590298, -0.00349900592119, 0.00344901392236, -0.00426043663174, 0.00355697004125], [-0.00104292156175, 0.00212907954119, -0.00206484901719, 0.0124272061512, -0.00286979856901, -0.000573435565457, -0.00020084476273, 0.00472815567628, -0.00468664476648, 0.00501743610948, -0.00597325246781, 0.00490474980325, -0.00441336305812], [0.000855280901305, -0.00216959603131, 0.00160380906891, -0.00286979856901, 0.0110291028395, -0.0033927813638, -0.000648201850709, -0.000938910408877, 0.00122883031145, -0.00382391014136, 0.00425945455208, -0.00290668057278, -0.000917127646971], [-0.000998852192424, 0.00528403604403, -0.000868860399351, -0.000573435565457, -0.0033927813638, 0.014441977255, -0.00719050783664, 0.00515658408403, 0.000438273011241, 0.00226089009084, 0.00114563677926, 0.000574593897909, -0.00223023281433], [0.000811640697066, -0.00277129653841, 0.0013540686341, -0.00020084476273, -0.000648201850709, -0.00719050783664, 0.0199037771672, -0.00867253541946, -4.66935816803e-05, 0.00766314985231, -0.00683393096551, 0.000529707351234, 0.00181355990935], [-0.00091564952163, 0.00373415183276, -0.000819514039904, 0.00472815567628, -0.000938910408877, 0.00515658408403, -0.00867253541946, 0.0197681710124, -0.00465362938121, -0.00157077796757, 0.00425356160849, -0.00276974658482, 0.000293104763841], [0.000988426618278, -0.00244784867391, 0.00229645590298, -0.00468664476648, 0.00122883031145, 0.000438273011241, -4.66935816803e-05, -0.00465362938121, 0.0209374669939, -0.0102584185079, 0.00301960506476, 0.00320521485992, -0.00448614405468], [-0.00130496302154, 0.00485572824255, -0.00349900592119, 0.00501743610948, -0.00382391014136, 0.00226089009084, 0.00766314985231, -0.00157077796757, -0.0102584185079, 0.0264205802232, -0.0143615398556, 0.00381623534486, 0.00162349443417], [0.0014701038599, -0.00567543879151, 0.00344901392236, -0.00597325246781, 0.00425945455208, 0.00114563677926, -0.00683393096551, 0.00425356160849, 0.00301960506476, -0.0143615398556, 0.0288509614766, -0.0126154590398, 0.00333023210987], [-0.00149616820272, 0.00660927547142, -0.00426043663174, 0.00490474980325, -0.00290668057278, 0.000574593897909, 0.000529707351234, -0.00276974658482, 0.00320521485992, 0.00381623534486, -0.0126154590398, 0.0321579799056, -0.0138697121292], [0.000938991899602, -0.00422399723902, 0.00355697004125, -0.00441336305812, -0.000917127646971, -0.00223023281433, 0.00181355990935, 0.000293104763841, -0.00448614405468, 0.00162349443417, 0.00333023210987, -0.0138697121292, 0.0266938358545]], "cov": [[16424.4257813, 1416.26208496, -1343.1484375, 497.336639404, -443.480194092, 249.804992676, -370.891052246, 74.5412902832, -274.200805664, 60.0439758301, -230.410583496, 104.517921448, -29.1116352081], [1416.26208496, 1018.18554688, -402.243408203, 137.66293335, 3.85173630714, -190.854095459, 56.8163909912, -136.106246948, 79.0286331177, -96.0728149414, 119.959182739, -130.28036499, 105.945045471], [-1343.1484375, -402.243408203, 479.003356934, -80.0871963501, -10.0149726868, 24.9184093475, -38.6962623596, 41.9972343445, -31.9027271271, 61.6528091431, -34.9139404297, 51.8697166443, -67.3709945679], [497.336639404, 137.66293335, -80.0871963501, 159.059646606, 22.7418460846, 20.0661697388, 6.26407575607, -51.1441497803, 18.9173316956, -24.6961345673, 23.2594223022, -16.7351665497, 36.9365005493], [-443.480194092, 3.85173630714, -10.0149726868, 22.7418460846, 135.493835449, 26.5366821289, 32.7539787292, -12.6275463104, 15.0022888184, -13.8972396851, 5.32461166382, -1.82226085663, 27.8450469971], [249.804992676, -190.854095459, 24.9184093475, 20.0661697388, 26.5366821289, 176.078292847, 22.1676940918, 12.012591362, -43.1962432861, -14.7402086258, -42.0862808228, 37.7495384216, -6.50407171249], [-370.891052246, 56.8163909912, -38.6962623596, 6.26407575607, 32.7539787292, 22.1676940918, 112.717880249, 5.04357862473, 7.51500272751, -47.9056854248, 24.5349807739, -11.2104740143, 18.7840213776], [74.5412902832, -136.106246948, 41.9972343445, -51.1441497803, -12.6275463104, 12.012591362, 5.04357862473, 104.07648468, -4.53921031952, 24.309129715, -31.6753826141, 27.4964046478, -23.1298599243], [-274.200805664, 79.0286331177, -31.9027271271, 18.9173316956, 15.0022888184, -43.1962432861, 7.51500272751, -4.53921031952, 91.3779296875, 18.886384964, 25.0072727203, -25.84308815, 23.6359596252], [60.0439758301, -96.0728149414, 61.6528091431, -24.6961345673, -13.8972396851, -14.7402086258, -47.9056854248, 24.309129715, 18.886384964, 97.6955795288, 9.88403224945, 16.5214710236, -23.7506694794], [-230.410583496, 119.959182739, -34.9139404297, 23.2594223022, 5.32461166382, -42.0862808228, 24.5349807739, -31.6753826141, 25.0072727203, 9.88403224945, 87.7378845215, -5.82461357117, 20.5619392395], [104.517921448, -130.28036499, 51.8697166443, -16.7351665497, -1.82226085663, 37.7495384216, -11.2104740143, 27.4964046478, -25.84308815, 16.5214710236, -5.82461357117, 73.5792007446, 3.18984246254], [-29.1116352081, 105.945045471, -67.3709945679, 36.9365005493, 27.8450469971, -6.50407171249, 18.7840213776, -23.1298599243, 23.6359596252, -23.7506694794, 20.5619392395, 3.18984246254, 74.2344741821]]}, "spectral_energyband_middle_low": {"dmean2": 0.00855614803731, "median": 0.0109385345131, "min": 1.7182886196e-22, "dvar2": 0.000115328388347, "dvar": 4.25869766332e-05, "dmean": 0.00514346035197, "max": 0.0961659625173, "var": 6.97571740602e-05, "mean": 0.0126706641167}, "melbands_crest": {"dmean2": 4.78543043137, "median": 16.4654350281, "min": 1.54316449165, "dvar2": 17.7852840424, "dvar": 6.77572536469, "dmean": 2.91805553436, "max": 31.7797737122, "var": 22.1739196777, "mean": 16.5936985016}, "spectral_kurtosis": {"dmean2": 2.10473299026, "median": 3.54088401794, "min": -1.24878942966, "dvar2": 5.65795087814, "dvar": 1.95474100113, "dmean": 1.20497345924, "max": 58.6654891968, "var": 3.18453264236, "mean": 3.81926512718}, "spectral_rms": {"dmean2": 0.00142016273458, "median": 0.00726652005687, "min": 3.12886066882e-12, "dvar2": 2.38228153648e-06, "dvar": 8.99386407127e-07, "dmean": 0.000872618984431, "max": 0.0135034350678, "var": 2.32654610954e-06, "mean": 0.00718438299373}, "zerocrossingrate": {"dmean2": 0.00850518979132, "median": 0.0478515625, "min": 0.00341796875, "dvar2": 6.19991551503e-05, "dvar": 4.50038824056e-05, "dmean": 0.00680175703019, "max": 0.58544921875, "var": 0.00307679385878, "mean": 0.0540976077318}, "silence_rate_60dB": {"dmean2": 0.00126542232465, "median": 0, "min": 0, "dvar2": 0.00162564369384, "dvar": 0.000631883507594, "dmean": 0.000632682582363, "max": 1, "var": 0.0186196677387, "mean": 0.0189796201885}, "erbbands_kurtosis": {"dmean2": 1.01715397835, "median": 0.199791043997, "min": -1.73280382156, "dvar2": 2.03036093712, "dvar": 0.964664638042, "dmean": 0.643067479134, "max": 86.869178772, "var": 2.96001243591, "mean": 0.53958851099}, "erbbands": {"dmean2": [0.443675458431, 3.10602784157, 8.4162940979, 12.4801445007, 14.7037715912, 15.0752725601, 10.0410871506, 13.2449865341, 13.6700201035, 11.4953422546, 14.6378698349, 16.7564029694, 30.3178215027, 36.1962013245, 55.6387443542, 65.6552200317, 47.1781921387, 26.5011234283, 43.4321403503, 55.3294792175, 48.4168205261, 45.1630973816, 21.9399738312, 15.4613904953, 14.4282865524, 13.1986656189, 13.2958316803, 5.81846046448, 4.29741764069, 2.57406711578, 2.17930555344, 0.999284565449, 0.479825973511, 0.322453677654, 0.317116737366, 0.235747739673, 0.0481209494174, 0.00788038782775, 0.000256867060671, 2.75188904197e-05], "median": [0.651169598103, 3.89112448692, 6.54513835907, 8.78639698029, 8.85555934906, 8.92533874512, 6.50773048401, 7.33591651917, 8.19089317322, 5.93894481659, 7.11461400986, 9.56982421875, 19.3751964569, 27.0943031311, 37.4105224609, 53.5684318542, 42.7626304626, 25.2062969208, 39.9151420593, 58.0902290344, 56.5243530273, 47.9784431458, 23.3805923462, 17.3173694611, 15.675488472, 16.9015350342, 18.3745861053, 8.66007900238, 5.04865884781, 2.95935130119, 1.96165645123, 1.05706751347, 0.526365220547, 0.27488926053, 0.160864040256, 0.0635798946023, 0.0119476104155, 0.00143997499254, 6.71141679049e-05, 6.74736656947e-05], "min": [9.12657604384e-23, 8.60959914194e-22, 2.40876327235e-21, 4.79060884356e-21, 1.15393682623e-20, 3.00002090743e-20, 4.88428761339e-20, 7.77242038763e-20, 1.34631283189e-19, 9.69366755996e-20, 2.1305417034e-19, 2.84046429424e-19, 4.40539178549e-19, 7.38146251839e-19, 7.88359372045e-19, 1.18143839086e-18, 9.30018291245e-19, 2.52011347642e-18, 2.47316518639e-18, 3.23288839281e-18, 4.05607889288e-18, 4.89830592078e-18, 4.93567794085e-18, 5.34550747047e-18, 7.37825750371e-18, 8.43730511377e-18, 1.01651844974e-17, 8.68970686998e-18, 1.11110407124e-17, 1.15662762538e-17, 1.07399716255e-17, 1.00112395679e-17, 9.91956644935e-18, 7.69869155658e-18, 5.75559135813e-18, 4.38919486532e-18, 2.3440966799e-18, 8.33464238377e-19, 2.28459142628e-19, 2.51983900755e-20], "dvar2": [0.295325785875, 15.8029937744, 131.923171997, 237.671188354, 395.640472412, 409.831878662, 231.440612793, 491.712982178, 459.98260498, 520.79473877, 715.884338379, 775.492675781, 2163.05932617, 2945.72851563, 8483.97851563, 9168.82226563, 3852.92749023, 1302.64440918, 3502.39111328, 6016.16113281, 3888.85766602, 3664.83618164, 1162.5489502, 443.318267822, 429.924377441, 440.598724365, 237.453338623, 58.5188865662, 31.5435714722, 11.6624469757, 9.65166282654, 2.00929665565, 0.52894026041, 0.387124508619, 0.358411729336, 0.262958317995, 0.0222631003708, 0.000882756605279, 1.02627132037e-06, 1.1279163159e-09], "dvar": [0.11781720072, 5.8288974762, 47.1699714661, 87.4343414307, 142.622619629, 154.488632202, 88.91746521, 195.052246094, 183.318588257, 207.411087036, 273.105804443, 314.149230957, 846.576293945, 1161.78540039, 3510.91210938, 3944.50976563, 1639.96923828, 502.390869141, 1461.4284668, 2711.19799805, 1654.47265625, 1550.8326416, 476.916717529, 187.641433716, 186.992675781, 209.234832764, 94.3977737427, 25.4232082367, 13.411072731, 4.94318389893, 4.27787780762, 0.903813958168, 0.242550760508, 0.175689488649, 0.171488925815, 0.119279079139, 0.00898675527424, 0.000333263626089, 3.84883293236e-07, 4.35530167486e-10], "dmean": [0.280778586864, 1.88537728786, 4.95635652542, 7.38796234131, 8.56593799591, 8.97059822083, 6.00979804993, 8.15371894836, 8.35066699982, 7.13798618317, 8.86415290833, 10.1930303574, 18.4245109558, 21.9739322662, 34.3890724182, 40.3228416443, 28.8845291138, 16.1392860413, 26.8818969727, 34.5823631287, 30.2476558685, 27.9464302063, 13.5941810608, 9.40119934082, 8.9181060791, 8.126329422, 8.00506496429, 3.58635234833, 2.72578954697, 1.63091886044, 1.41464173794, 0.657317459583, 0.324015468359, 0.222221940756, 0.216453716159, 0.157127723098, 0.0313712581992, 0.00494762184098, 0.000158369904966, 1.69459181052e-05], "max": [4.31860780716, 36.4109268188, 73.3123168945, 166.522384644, 182.6378479, 262.835235596, 179.130203247, 377.840118408, 238.855163574, 288.706634521, 384.699829102, 371.283508301, 518.156555176, 840.864562988, 1576.67272949, 1390.43334961, 875.173339844, 427.033843994, 912.074157715, 1403.76525879, 1012.19671631, 1032.57373047, 587.064208984, 720.911254883, 441.836730957, 929.923706055, 274.761352539, 207.160491943, 72.8204193115, 43.9898300171, 28.3150653839, 17.7627544403, 11.0191402435, 10.5941066742, 7.92049074173, 7.45590019226, 2.24800372124, 0.413947254419, 0.0129926120862, 0.000345211301465], "var": [0.344139039516, 8.70844173431, 60.3445777893, 129.798538208, 160.326263428, 331.438171387, 153.116165161, 577.028564453, 367.29977417, 375.551208496, 501.187866211, 587.974609375, 1700.03759766, 2574.86425781, 9296.63574219, 11175.3769531, 4797.70458984, 1103.89123535, 3597.83300781, 7765.53710938, 5124.65478516, 4398.05957031, 1169.00695801, 460.661407471, 488.567932129, 544.95300293, 217.232345581, 60.3451118469, 40.2629356384, 13.7571964264, 8.35516929626, 2.4216272831, 0.820210814476, 0.390310317278, 0.265416204929, 0.139528557658, 0.0087056895718, 0.000273579149507, 2.99198489984e-07, 6.76975919767e-10], "mean": [0.759010732174, 4.39797973633, 8.82444000