{"tonal": {"thpcp": [1, 0.764840424061, 0.242792412639, 0.11613432318, 0.112022124231, 0.196958497167, 0.367716878653, 0.38508734107, 0.249380722642, 0.186270922422, 0.187561959028, 0.271482825279, 0.457562476397, 0.495609164238, 0.378045409918, 0.356458127499, 0.31971937418, 0.230011835694, 0.182578667998, 0.158794477582, 0.223927751184, 0.440054833889, 0.46947145462, 0.257382780313, 0.152159571648, 0.147740349174, 0.24577280879, 0.530189573765, 0.582828223705, 0.317028850317, 0.153456807137, 0.106028132141, 0.11658321321, 0.179846838117, 0.213231623173, 0.514891803265], "hpcp": {"dmean2": [0.259852647781, 0.296438157558, 0.268770843744, 0.201355963945, 0.199771076441, 0.187652423978, 0.171555221081, 0.164700523019, 0.197837710381, 0.266463875771, 0.259771198034, 0.206888124347, 0.152154073119, 0.147050127387, 0.19251164794, 0.276621282101, 0.282025575638, 0.243422821164, 0.153463318944, 0.111917153001, 0.116840258241, 0.14315828681, 0.165828689933, 0.300670713186, 0.43127143383, 0.331497430801, 0.184958845377, 0.109713353217, 0.105989702046, 0.139599531889, 0.193529173732, 0.222902521491, 0.197086200118, 0.177904009819, 0.175226300955, 0.200501188636], "median": [0.0887433737516, 0.0991865247488, 0.051933594048, 0.0301571674645, 0.0299246199429, 0.0254382789135, 0.0182233192027, 0.0152748562396, 0.0285928025842, 0.0693935453892, 0.0760612934828, 0.0335653945804, 0.0142331216484, 0.0142473094165, 0.0315887890756, 0.0738164111972, 0.0842452943325, 0.0426007732749, 0.0139691615477, 0.0077155334875, 0.00784648861736, 0.0154432654381, 0.0194420218468, 0.135282769799, 0.296175152063, 0.233045190573, 0.0351782590151, 0.0115491598845, 0.0116427615285, 0.0193093940616, 0.0370967760682, 0.045195505023, 0.0315426960588, 0.0178142674267, 0.0184978358448, 0.0381637997925], "min": [0, 0, 0, 0, 0, 0, 0, 0, 0, 0, 0, 0, 0, 0, 0, 0, 0, 0, 0, 0, 0, 0, 0, 0, 0, 0, 0, 0, 0, 0, 0, 0, 0, 0, 0, 0], "dvar2": [0.116388469934, 0.145736753941, 0.153340771794, 0.10275156796, 0.111428029835, 0.107642002404, 0.107643127441, 0.100005015731, 0.0998332574964, 0.130079746246, 0.119477838278, 0.100287653506, 0.0856705009937, 0.0836597457528, 0.0915357470512, 0.124059677124, 0.119343794882, 0.119762443006, 0.0782729312778, 0.0565849877894, 0.0686536282301, 0.0719364583492, 0.0845169872046, 0.103808224201, 0.206161797047, 0.108857654035, 0.0880782455206, 0.0554730035365, 0.0475980453193, 0.0535356402397, 0.0877144783735, 0.111453667283, 0.0989424958825, 0.104196302593, 0.095790810883, 0.0947746112943], "dvar": [0.0458861589432, 0.0536788515747, 0.053587384522, 0.0395751856267, 0.0406896024942, 0.037550419569, 0.037206415087, 0.0347993224859, 0.0363394916058, 0.0513983815908, 0.0481058135629, 0.0375838801265, 0.0309361182153, 0.0299126990139, 0.0332044176757, 0.0527269020677, 0.050938360393, 0.0447712391615, 0.0285926740617, 0.0198607556522, 0.0236254837364, 0.0267919749022, 0.0319379344583, 0.0380605719984, 0.085416905582, 0.0438856072724, 0.0311206579208, 0.0197285115719, 0.0169677138329, 0.0201855450869, 0.0368632003665, 0.0445243343711, 0.0367914475501, 0.0378104038537, 0.034894619137, 0.0367372073233], "dmean": [0.152709648013, 0.171049103141, 0.151219397783, 0.115260504186, 0.112171530724, 0.102490223944, 0.091931194067, 0.0883058086038, 0.108850136399, 0.153925701976, 0.150771752, 0.115285404027, 0.082967273891, 0.0801604092121, 0.108847215772, 0.163349077106, 0.168342128396, 0.137698724866, 0.0841036140919, 0.0602839402854, 0.0632751509547, 0.0804848372936, 0.0939493402839, 0.16899253428, 0.24359767139, 0.195185616612, 0.103743568063, 0.0598850362003, 0.057969994843, 0.0795510709286, 0.114830076694, 0.130187317729, 0.111038178205, 0.0986319258809, 0.0960902348161, 0.113580055535], "max": [1, 1, 1, 1, 1, 1, 1, 1, 1, 1, 1, 1, 1, 1, 1, 1, 1, 1, 1, 1, 1, 1, 1, 1, 1, 1, 1, 1, 1, 1, 1, 1, 1, 1, 1, 1], "var": [0.069780997932, 0.0740471184254, 0.0615415088832, 0.072368003428, 0.0600091777742, 0.0385295338929, 0.0326325558126, 0.0252574831247, 0.0308741405606, 0.0724260210991, 0.0788276195526, 0.0380214676261, 0.0235251318663, 0.0220119431615, 0.0323501415551, 0.0938061326742, 0.103176452219, 0.0461641214788, 0.0220721978694, 0.0147551167756, 0.0185423754156, 0.0284915603697, 0.0352800935507, 0.0552691444755, 0.157301872969, 0.0967771783471, 0.031273920089, 0.015167937614, 0.0135661913082, 0.0241378266364, 0.068712040782, 0.0687295496464, 0.0358175188303, 0.0297478232533, 0.0283725596964, 0.0421353876591], "mean": [0.198803395033, 0.215334057808, 0.164254531264, 0.154875218868, 0.138912826777, 0.0999363735318, 0.079327441752, 0.0689935982227, 0.0972929373384, 0.191196620464, 0.203977659345, 0.1118285954, 0.0661108419299, 0.0641907602549, 0.106784261763, 0.230358690023, 0.253229320049, 0.137743845582, 0.0666744709015, 0.0460674874485, 0.0506534948945, 0.0781405046582, 0.0926456451416, 0.223712056875, 0.434483617544, 0.332310646772, 0.105489328504, 0.0504584610462, 0.0486717782915, 0.0855752378702, 0.159766957164, 0.167314141989, 0.108351841569, 0.0809316635132, 0.0814925953746, 0.117954842746]}, "tuning_equal_tempered_deviation": 0.16954831779, "chords_changes_rate": 0.0479573719203, "key_key": "A#", "tuning_diatonic_strength": 0.675093591213, "key_scale": "major", "chords_number_rate": 0.00177619897295, "tuning_frequency": 434.193115234, "tuning_nontempered_energy_ratio": 0.858540594578, "chords_histogram": [19.6269989014, 34.6580810547, 28.7966251373, 3.01953816414, 4.10746002197, 0.11101243645, 0.199822381139, 0.0666074603796, 0, 0, 0.510657191277, 0, 0.0444049723446, 0, 0, 1.08792185783, 0.0444049723446, 0.177619889379, 0, 1.59857904911, 0, 0, 0.0222024861723, 5.92806386948], "key_strength": 0.790405035019, "chords_key": "D", "chords_strength": {"dmean2": 0.00955259241164, "median": 0.581269621849, "min": 0.231431722641, "dvar2": 7.02960824128e-05, "dvar": 5.80327650823e-05, "dmean": 0.00938540324569, "max": 0.816099762917, "var": 0.00747212627903, "mean": 0.576741337776}, "chords_scale": "minor", "hpcp_entropy": {"dmean2": 1.14958059788, "median": 2.06524133682, "min": 0, "dvar2": 0.843394398689, "dvar": 0.309599965811, "dmean": 0.680447995663, "max": 4.42300796509, "var": 0.631628632545, "mean": 2.04302453995}}, "metadata": {"audio_properties": {"equal_loudness": 0, "codec": "mp3", "downmix": "mix", "sample_rate": 44100, "analysis_sample_rate": 44100, "bit_rate": 160020, "md5_encoded": "361e3a55767febfa3d95bef21646568b", "length": 209.110198975, "replay_gain": -15.2982082367, "lossless": false}, "version": {"essentia_build_sha": "70f2e5ece6736b2c40cc944ad0e695b16b925413", "essentia": "2.1-beta2", "extractor": "music 1.0", "essentia_git_sha": "v2.1_beta2"}, "tags": {"title": ["Jag vill ut"], "media": ["CD"], "albumartist": ["Lilla S\u00e4llskapet"], "musicbrainz_recordingid": ["0b4427ac-bc59-4c75-b7bc-d8c1b076c533"], "encoding": ["Lavf56.36.100"], "originalyear": ["2012"], "discnumber": ["1/1"], "album": ["Om vingarna b\u00e4r"], "catalognumber": ["88725406542"], "musicbrainz album release country": ["SE"], "musicbrainz album type": ["album"], "musicbrainz album status": ["official"], "musicbrainz_albumartistid": ["2ebae417-6cc4-4e0a-aad0-782471eff349"], "date": ["2012"], "file_name": "Lilla S\u00e4llskapet - Jag vill ut.mp3", "musicbrainz_releasegroupid": ["0918c159-13d8-4249-9c28-e93b208e74a1"], "script": ["Latn"], "originaldate": ["2012"], "musicbrainz_albumid": ["a36ae39e-af72-40ea-af6b-f0cab2ebb49f"], "artist": ["Lilla S\u00e4llskapet"], "artistsort": ["Lilla S\u00e4llskapet"], "tracknumber": ["4/11"], "label": ["Ariola"], "albumartistsort": ["Lilla S\u00e4llskapet"], "musicbrainz_artistid": ["2ebae417-6cc4-4e0a-aad0-782471eff349"]}}, "rhythm": {"bpm_histogram_first_peak_bpm": {"dmean2": 0, "median": 123, "min": 123, "dvar2": 0, "dvar": 0, "dmean": 0, "max": 123, "var": 0, "mean": 123}, "bpm": 123.99584198, "bpm_histogram_second_peak_spread": {"dmean2": 0, "median": 0.636363625526, "min": 0.636363625526, "dvar2": 0, "dvar": 0, "dmean": 0, "max": 0.636363625526, "var": 0, "mean": 0.636363625526}, "bpm_histogram_first_peak_weight": {"dmean2": 0, "median": 0.652680635452, "min": 0.652680635452, "dvar2": 0, "dvar": 0, "dmean": 0, "max": 0.652680635452, "var": 0, "mean": 0.652680635452}, "onset_rate": 4.28440570831, "beats_position": [0.487619042397, 0.986848056316, 1.49768710136, 2.00852608681, 2.50775504112, 3.01859402657, 3.50621318817, 3.99383211136, 4.46984100342, 4.94585037231, 5.4334692955, 5.92108821869, 6.40870714188, 6.8963265419, 7.38394546509, 7.85995435715, 8.33596324921, 8.82358264923, 9.31120204926, 9.79882049561, 10.2864398956, 10.774058342, 11.2500677109, 11.7260770798, 12.2136955261, 12.7013149261, 13.1889343262, 13.6765527725, 14.1525621414, 14.6285715103, 15.1161899567, 15.6038093567, 16.0914287567, 16.5790481567, 17.0550556183, 17.5310649872, 18.0186843872, 18.5063037872, 18.9939231873, 19.4699325562, 19.9459400177, 20.4219493866, 20.9211788177, 21.4087982178, 21.8964176178, 22.3840351105, 22.8716545105, 23.3476638794, 23.8236732483, 24.3112926483, 24.7989120483, 25.286529541, 25.774148941, 26.2501583099, 26.7261676788, 27.2137870789, 27.7014045715, 28.1890239716, 28.6650333405, 29.1410427094, 29.6286621094, 30.1162815094, 30.6038990021, 31.0915184021, 31.567527771, 32.0435371399, 32.5311546326, 33.0187759399, 33.5063934326, 33.99401474, 34.4816322327, 34.9576416016, 35.4336509705, 35.9212684631, 36.4088897705, 36.8965072632, 37.3841247559, 37.8601341248, 38.3361434937, 38.823764801, 39.3113822937, 39.7989997864, 40.2866210938, 40.7742385864, 41.2502479553, 41.7262573242, 42.2138786316, 42.7014961243, 43.1891136169, 43.6651229858, 44.1411323547, 44.6287536621, 45.1163711548, 45.6039886475, 46.0916099548, 46.5792274475, 47.0552368164, 47.5312461853, 48.018863678, 48.5064849854, 48.994102478, 49.4817237854, 49.9577331543, 50.4337387085, 50.9213600159, 51.4089775085, 51.8965988159, 52.3842163086, 52.871837616, 53.3478431702, 53.8238525391, 54.3114738464, 54.7990913391, 55.2867126465, 55.7743301392, 56.2503395081, 56.726348877, 57.2139663696, 57.701587677, 58.1892051697, 58.6652145386, 59.1412239075, 59.6288414001, 60.1164627075, 60.6040802002, 61.0916976929, 61.5793190002, 62.0669364929, 62.5429458618, 63.0189552307, 63.4949645996, 63.9709739685, 64.4585952759, 64.9462127686, 65.4338302612, 65.9214477539, 66.409072876, 66.8966903687, 67.3843078613, 67.8603134155, 68.3363265991, 68.8239440918, 69.3115615845, 69.7991790771, 70.2868041992, 70.7744216919, 71.2504272461, 71.7264404297, 72.2140579224, 72.701675415, 73.1892929077, 73.6653060913, 74.1413116455, 74.6289291382, 75.1165542603, 75.6041717529, 76.0917892456, 76.5678024292, 77.0438079834, 77.5314254761, 78.0190429688, 78.5066680908, 78.9942855835, 79.4819030762, 79.9579086304, 80.433921814, 80.9215393066, 81.4091567993, 81.8851699829, 82.3611755371, 82.8487930298, 83.3364181519, 83.8240356445, 84.3116531372, 84.7876663208, 85.263671875, 85.7512893677, 86.2389068604, 86.7265319824, 87.2141494751, 87.7017669678, 88.1893844604, 88.6770019531, 89.1530151367, 89.6290206909, 90.116645813, 90.6042633057, 91.0918807983, 91.579498291, 92.0555114746, 92.5315170288, 93.0191345215, 93.5067520142, 93.9943771362, 94.4819946289, 94.9696121216, 95.4456253052, 95.9216308594, 96.4092483521, 96.8968658447, 97.3844909668, 97.8721084595, 98.3597259521, 98.8357315063, 99.3117446899, 99.7993621826, 100.286979675, 100.774604797, 101.250610352, 101.726615906, 102.214241028, 102.701858521, 103.189476013, 103.677093506, 104.164710999, 104.640724182, 105.116729736, 105.604354858, 106.091972351, 106.579589844, 107.055595398, 107.531608582, 108.019226074, 108.506843567, 108.994468689, 109.482086182, 109.969703674, 110.445709229, 110.921722412, 111.409339905, 111.896957397, 112.38457489, 112.860588074, 113.336593628, 113.82421875, 114.311836243, 114.799453735, 115.287071228, 115.763084412, 116.239089966, 116.726707458, 117.214332581, 117.701950073, 118.189567566, 118.677185059, 119.153198242, 119.629203796, 120.116821289, 120.604438782, 121.092063904, 121.579681396, 122.055686951, 122.531700134, 123.019317627, 123.50693512, 123.994552612, 124.482177734, 124.969795227, 125.45741272, 125.933418274, 126.409431458, 126.89704895, 127.384666443, 127.860679626, 128.336685181, 128.824310303, 129.311920166, 129.799545288, 130.28717041, 130.763168335, 131.239181519, 131.726806641, 132.214416504, 132.702041626, 133.189651489, 133.665664673, 134.141677856, 134.62928772, 135.116912842, 135.604537964, 136.092147827, 136.568161011, 137.044174194, 137.531784058, 138.01940918, 138.507034302, 138.994644165, 139.482269287, 139.96987915, 140.445892334, 140.921905518, 141.409515381, 141.897140503, 142.384765625, 142.86076355, 143.336776733, 143.824401855, 144.312011719, 144.799636841, 145.287246704, 145.774871826, 146.25088501, 146.726898193, 147.214508057, 147.702133179, 148.189743042, 148.665756226, 149.141769409, 149.629379272, 150.117004395, 150.604629517, 151.09223938, 151.568252563, 152.044265747, 152.53187561, 153.019500732, 153.507110596, 153.994735718, 154.48236084, 154.958358765, 155.445983887, 155.92199707, 156.409606934, 156.897232056, 157.384857178, 157.872467041, 158.348480225, 158.824493408, 159.312103271, 159.799728394, 160.287338257, 160.774963379, 161.250976562, 161.726974487, 162.214599609, 162.702224731, 163.189834595, 163.677459717, 164.1534729, 164.641082764, 165.128707886, 165.604721069, 166.092330933, 166.579956055, 167.055953979, 167.531967163, 168.019592285, 168.507202148, 168.994827271, 169.482452393, 169.970062256, 170.446075439, 170.922088623, 171.409698486, 171.897323608, 172.384933472, 172.860946655, 173.336959839, 173.824569702, 174.312194824, 174.799819946, 175.28742981, 175.763442993, 176.239456177, 176.72706604, 177.214691162, 177.702316284, 178.189926147, 178.67755127, 179.153549194, 179.629562378, 180.1171875, 180.604797363, 181.092422485, 181.568435669, 182.044433594, 182.532058716, 183.019683838, 183.507293701, 183.994918823, 184.482528687, 184.95854187, 185.434555054, 185.922180176, 186.409790039, 186.897415161, 187.385025024, 187.861038208, 188.337051392, 188.824661255, 189.312286377, 189.799911499, 190.287521362, 190.763534546, 191.239547729, 191.727157593, 192.214782715, 192.702392578, 193.1900177, 193.677642822, 194.165252686, 194.641265869, 195.117279053, 195.604888916, 196.0809021, 196.556915283, 197.044525146, 197.532150269, 198.019775391, 198.507385254, 198.995010376, 199.482620239, 199.958633423, 200.434646606, 200.92225647, 201.409881592, 201.897506714, 202.385116577, 202.861129761, 203.337142944, 203.824752808, 204.31237793, 204.82321167, 205.345672607, 205.868118286, 206.390563965, 206.924621582, 207.447067261, 207.981124878, 208.515182495], "beats_loudness": {"dmean2": 0.0362264923751, "median": 0.0555261820555, "min": 7.44637074224e-10, "dvar2": 0.00108417461161, "dvar": 0.000350557849742, "dmean": 0.0212452337146, "max": 0.138869524002, "var": 0.000566773698665, "mean": 0.0548363700509}, "danceability": 1.31180286407, "bpm_histogram_second_peak_weight": {"dmean2": 0, "median": 0.00932400953025, "min": 0.00932400953025, "dvar2": 0, "dvar": 0, "dmean": 0, "max": 0.00932400953025, "var": 0, "mean": 0.00932400953025}, "beats_count": 430, "bpm_histogram_second_peak_bpm": {"dmean2": 0, "median": 115, "min": 115, "dvar2": 0, "dvar": 0, "dmean": 0, "max": 115, "var": 0, "mean": 115}, "bpm_histogram_first_peak_spread": {"dmean2": 0, "median": 0.330143511295, "min": 0.330143511295, "dvar2": 0, "dvar": 0, "dmean": 0, "max": 0.330143511295, "var": 0, "mean": 0.330143511295}, "beats_loudness_band_ratio": {"dmean2": [0.326981544495, 0.170115277171, 0.109571859241, 0.0581558309495, 0.0417166277766, 0.0771490633488], "median": [0.809881150723, 0.0459218174219, 0.0306197851896, 0.0239175166935, 0.0182784870267, 0.0237426869571], "min": [0.000103570542706, 0.000331472663675, 0.00132089247927, 0.00101229990833, 0.000173873137101, 0.000163783392054], "dvar2": [0.0842615142465, 0.0443766899407, 0.0178304035217, 0.00460507161915, 0.0029364710208, 0.010189733468], "dvar": [0.0324192047119, 0.0155915999785, 0.00623349286616, 0.00177580025047, 0.00129654060584, 0.00389560149051], "dmean": [0.184624627233, 0.0943509340286, 0.0604632496834, 0.0342409126461, 0.0249389745295, 0.0443692803383], "max": [0.990341246128, 0.743313610554, 0.603251218796, 0.370726794004, 0.645051121712, 0.643148779869], "var": [0.0566927194595, 0.0156163284555, 0.00625971378759, 0.00274437526241, 0.00407535396516, 0.00422913534567], "mean": [0.72790902853, 0.0955998450518, 0.0624611862004, 0.0419857464731, 0.0350478664041, 0.0492619089782]}}, "lowlevel": {"barkbands_spread": {"dmean2": 12.1969871521, "median": 24.7041740417, "min": 0.783759355545, "dvar2": 188.492233276, "dvar": 87.9534683228, "dmean": 8.02962303162, "max": 119.703865051, "var": 286.530151367, "mean": 26.991689682}, "melbands_spread": {"dmean2": 16.1681652069, "median": 21.6950740814, "min": 0.643892586231, "dvar2": 451.749206543, "dvar": 227.926116943, "dmean": 10.5113134384, "max": 271.086578369, "var": 644.899353027, "mean": 27.7652397156}, "hfc": {"dmean2": 14.6083545685, "median": 14.8292188644, "min": 1.13696306068e-16, "dvar2": 532.684936523, "dvar": 246.60043335, "dmean": 9.7290725708, "max": 247.53894043, "var": 593.024902344, "mean": 23.0797119141}, "barkbands_kurtosis": {"dmean2": 6.57453155518, "median": 1.69510030746, "min": -1.95406734943, "dvar2": 204.033996582, "dvar": 99.8662567139, "dmean": 4.38613843918, "max": 251.428588867, "var": 185.429794312, "mean": 5.53015899658}, "gfcc": {"mean": [-4.0138168335, 83.058013916, -119.952217102, 47.4010848999, -65.1146621704, 19.3645076752, -29.8595333099, 10.8170938492, -20.5735797882, 8.46191978455, -10.6411619186, 1.29000973701, -6.69900417328], "icov": [[0.000246585957939, -0.000522836926393, 0.000218390923692, -0.000699142692611, 0.000932726135943, -0.000620385224465, 0.000714663008694, -0.000723134493455, 0.000794778694399, -0.000681278062984, 0.000699664233252, -0.000550140975975, 0.000428153405664], [-0.000522836926393, 0.00251552648842, -0.000953423790634, 0.00153996504378, -0.00199759961106, 0.00210184114985, -0.00280660507269, 0.00246515334584, -0.00245842756703, 0.00239794026129, -0.00296818837523, 0.00335370469838, -0.00203310907818], [0.000218390923692, -0.000953423790634, 0.00193478527945, -0.00119914882816, 0.00064144685166, -0.00138800521381, 0.00109360797796, -0.000926664797589, 0.00107368757017, -0.00133108661976, 0.00126495386939, -0.00113851891365, 0.000855863909237], [-0.000699142692611, 0.00153996504378, -0.00119914882816, 0.00593150965869, -0.00336799863726, 0.00101703894325, -0.00111383816693, 0.00157221837435, -0.00290916953236, 0.00116460351273, -0.00240544928238, 0.00220618443564, -0.00243317126296], [0.000932726135943, -0.00199759961106, 0.00064144685166, -0.00336799863726, 0.00755497114733, -0.0037056542933, 0.00115252006799, -0.0019436783623, 0.00225397641771, -0.00283810915425, 0.0022799866274, -0.00136398442555, 0.000640247482806], [-0.000620385224465, 0.00210184114985, -0.00138800521381, 0.00101703894325, -0.0037056542933, 0.00820712931454, -0.00335314706899, 0.000320267106872, -0.00386601919308, 0.00363550148904, -0.00226054247469, 0.000346750079188, 0.00124739506282], [0.000714663008694, -0.00280660507269, 0.00109360797796, -0.00111383816693, 0.00115252006799, -0.00335314706899, 0.0120777925476, -0.00694562122226, 0.0016818207223, -0.00107604649384, -0.000955348194111, -0.00204838206992, 0.00248964456841], [-0.000723134493455, 0.00246515334584, -0.000926664797589, 0.00157221837435, -0.0019436783623, 0.000320267106872, -0.00694562122226, 0.0163128487766, -0.00616478268057, -0.000540707958862, -0.000333248550305, 0.000289549701847, -0.000694471120369], [0.000794778694399, -0.00245842756703, 0.00107368757017, -0.00290916953236, 0.00225397641771, -0.00386601919308, 0.0016818207223, -0.00616478268057, 0.0161178205162, -0.0062533733435, 0.0012805943843, 0.00310358754359, -0.00124216801487], [-0.000681278062984, 0.00239794026129, -0.00133108661976, 0.00116460351273, -0.00283810915425, 0.00363550148904, -0.00107604649384, -0.000540707958862, -0.0062533733435, 0.019522100687, -0.00728496070951, -0.00233401707374, 0.00243489444256], [0.000699664233252, -0.00296818837523, 0.00126495386939, -0.00240544928238, 0.0022799866274, -0.00226054247469, -0.000955348194111, -0.000333248550305, 0.0012805943843, -0.00728496070951, 0.0199715364724, -0.00725574139506, -0.00128708058037], [-0.000550140975975, 0.00335370469838, -0.00113851891365, 0.00220618443564, -0.00136398442555, 0.000346750079188, -0.00204838206992, 0.000289549701847, 0.00310358754359, -0.00233401707374, -0.00725574139506, 0.0233509242535, -0.00991500262171], [0.000428153405664, -0.00203310907818, 0.000855863909237, -0.00243317126296, 0.000640247482806, 0.00124739506282, 0.00248964456841, -0.000694471120369, -0.00124216801487, 0.00243489444256, -0.00128708058037, -0.00991500262171, 0.0204558502883]], "cov": [[14507.7861328, 294.603942871, -8.90962982178, 507.897613525, -1194.99963379, -39.8412132263, -544.690124512, 47.0480613708, -318.055725098, 77.3260955811, -233.413162231, 60.021736145, -119.979499817], [294.603942871, 1559.81604004, 211.664855957, 44.3648490906, 176.28263855, -54.1161766052, 223.373672485, -38.0448417664, 141.775802612, -56.4399757385, 122.97052002, -135.499923706, 71.9771881104], [-8.90962982178, 211.664855957, 779.586364746, 178.965713501, 147.183898926, 160.083465576, 57.6533126831, 57.7557411194, 60.5139083862, 39.8598899841, 18.3910217285, -1.63759493828, -10.2373361588], [507.897613525, 44.3648490906, 178.965713501, 347.843261719, 132.398590088, 107.344413757, 34.3593864441, 49.0142402649, 68.1481552124, 37.0466804504, 29.3138122559, 0.708746135235, 16.3749294281], [-1194.99963379, 176.28263855, 147.183898926, 132.398590088, 405.404296875, 158.362243652, 137.558334351, 60.0949363708, 99.3891220093, 25.3834342957, 52.5008506775, -14.3914451599, 14.4174461365], [-39.8412132263, -54.1161766052, 160.083465576, 107.344413757, 158.362243652, 293.144805908, 103.407272339, 92.533744812, 79.784942627, 23.8140792847, 21.6205749512, 5.27096366882, -24.8252429962], [-544.690124512, 223.373672485, 57.6533126831, 34.3593864441, 137.558334351, 103.407272339, 220.878829956, 83.4606552124, 81.9660110474, 16.9407043457, 57.7989349365, -10.9382810593, 1.91184866428], [47.0480613708, -38.0448417664, 57.7557411194, 49.0142402649, 60.0949363708, 92.533744812, 83.4606552124, 133.361724854, 63.0894203186, 35.6505470276, 16.2608985901, 8.67821311951, -9.68923091888], [-318.055725098, 141.775802612, 60.5139083862, 68.1481552124, 99.3891220093, 79.784942627, 81.9660110474, 63.0894203186, 143.207382202, 32.4465370178, 34.0316696167, -22.7975463867, 6.43751430511], [77.3260955811, -56.4399757385, 39.8598899841, 37.0466804504, 25.3834342957, 23.8140792847, 16.9407043457, 35.6505470276, 32.4465370178, 87.2253799438, 29.9412231445, 22.9920349121, -2.97141242027], [-233.413162231, 122.97052002, 18.3910217285, 29.3138122559, 52.5008506775, 21.6205749512, 57.7989349365, 16.2608985901, 34.0316696167, 29.9412231445, 96.7657775879, 22.0039176941, 25.6371154785], [60.021736145, -135.499923706, -1.63759493828, 0.708746135235, -14.3914451599, 5.27096366882, -10.9382810593, 8.67821311951, -22.7975463867, 22.9920349121, 22.0039176941, 84.5243377686, 25.4165935516], [-119.979499817, 71.9771881104, -10.2373361588, 16.3749294281, 14.4174461365, -24.8252429962, 1.91184866428, -9.68923091888, 6.43751430511, -2.97141242027, 25.6371154785, 25.4165935516, 76.1050491333]]}, "spectral_energyband_middle_low": {"dmean2": 0.00749102747068, "median": 0.00820263288915, "min": 2.46413009976e-22, "dvar2": 0.000110318564111, "dvar": 4.45976038463e-05, "dmean": 0.0047676791437, "max": 0.0789861679077, "var": 8.87230416993e-05, "mean": 0.0103950612247}, "melbands_crest": {"dmean2": 5.82951116562, "median": 15.2115030289, "min": 1.88348066807, "dvar2": 28.3854236603, "dvar": 12.091301918, "dmean": 3.76706814766, "max": 35.6038780212, "var": 38.5433311462, "mean": 15.9778614044}, "spectral_kurtosis": {"dmean2": 1.74392449856, "median": 2.32558822632, "min": -1.20914423466, "dvar2": 5.20257472992, "dvar": 1.96684718132, "dmean": 1.05018460751, "max": 36.0443534851, "var": 5.6363401413, "mean": 2.85425019264}, "spectral_rms": {"dmean2": 0.00119865557645, "median": 0.00493422755972, "min": 3.17883002907e-12, "dvar2": 1.5934701878e-06, "dvar": 8.83640950633e-07, "dmean": 0.000865809735842, "max": 0.0116511480883, "var": 3.4224758565e-06, "mean": 0.00490787439048}, "zerocrossingrate": {"dmean2": 0.0166298672557, "median": 0.05859375, "min": 0.0029296875, "dvar2": 0.000308052491164, "dvar": 0.000275492900982, "dmean": 0.013780688867, "max": 0.5126953125, "var": 0.00196725735441, "mean": 0.0658405572176}, "silence_rate_60dB": {"dmean2": 0.0164353139699, "median": 0, "min": 0, "dvar2": 0.0181650519371, "dvar": 0.00815012678504, "dmean": 0.0082167442888, "max": 1, "var": 0.0455609373748, "mean": 0.0478516705334}, "erbbands_kurtosis": {"dmean2": 1.31456184387, "median": -0.44019317627, "min": -1.82207548618, "dvar2": 4.88876438141, "dvar": 2.38386940956, "dmean": 0.842555046082, "max": 38.2183799744, "var": 5.46907377243, "mean": 0.172764137387}, "erbbands": {"dmean2": [0.312999039888, 2.05127811432, 5.35578346252, 6.55887842178, 6.67805433273, 13.3307313919, 18.7540531158, 14.5977945328, 10.9851074219, 15.5510444641, 34.6324043274, 34.7125282288, 18.0242710114, 25.6846466064, 19.6197948456, 22.0385360718, 24.4069194794, 22.6554794312, 23.6038227081, 18.2283744812, 19.4162044525, 14.3322267532, 14.4790039062, 23.8139190674, 26.1290779114, 20.2903766632, 16.5968799591, 12.9284009933, 15.2458620071, 11.1715526581, 9.07120704651, 5.83299064636, 3.02815389633, 1.47412467003, 0.773767113686, 0.246479198337, 0.0596261881292, 0.006764406804, 0.000245174684096, 2.24935756705e-05], "median": [0.192129477859, 0.906115949154, 1.42914938927, 0.990679323673, 1.40180838108, 4.466817379, 6.5872631073, 5.51230812073, 4.58255004883, 6.20273113251, 9.24811935425, 12.3786315918, 8.25675678253, 8.80793476105, 7.56240749359, 7.40042161942, 10.2525701523, 9.56483268738, 10.153550148, 7.97101211548, 7.57999706268, 6.43780183792, 6.93463230133, 10.2558259964, 12.5221948624, 10.4199895859, 7.1107211113, 6.11918830872, 5.62666416168, 3.62993359566, 2.55344772339, 1.30444300175, 0.689648747444, 0.294131159782, 0.131746396422, 0.0408446267247, 0.00774552440271, 0.000784178089816, 3.77302676497e-05, 3.32210220222e-05], "min": [1.37943991798e-22, 2.52146021895e-22, 4.93378257926e-21, 1.55998040189e-20, 5.36446337404e-20, 1.31303768229e-19, 1.04824075385e-19, 1.50800001677e-19, 2.41967622416e-19, 4.53443351201e-19, 2.66856091181e-19, 1.71724153072e-18, 1.01866620352e-18, 1.19178187083e-18, 1.62152949602e-18, 3.50278357141e-18, 5.22475316311e-18, 3.11773864769e-18, 2.89773300658e-18, 3.27625912669e-18, 5.77310814838e-18, 8.78828032922e-18, 8.48515668502e-18, 9.96810209897e-18, 1.18458020895e-17, 9.63859966504e-18, 1.50842439661e-17, 1.387110667e-17, 1.63033510247e-17, 1.74191663858e-17, 1.41164443038e-17, 1.49874555626e-17, 1.27049085649e-17, 1.10258923945e-17, 7.62849783698e-18, 4.62686908431e-18, 2.72196519142e-18, 1.20019409087e-18, 2.93247650516e-19, 3.03925414851e-20], "dvar2": [0.37619265914, 21.0089263916, 188.417633057, 304.069458008, 216.835098267, 669.768371582, 1266.49023438, 1096.74328613, 569.229736328, 1093.98120117, 7652.52001953, 7033.80664062, 2036.56298828, 5313.359375, 1493.50341797, 1666.73071289, 1853.74633789, 1369.92077637, 1563.52758789, 1150.49121094, 1311.09020996, 648.989990234, 543.730224609, 2108.30834961, 3174.83251953, 1110.5480957, 906.455383301, 527.368835449, 1511.26049805, 747.888549805, 819.925354004, 304.840209961, 87.9978866577, 17.1496486664, 5.50720834732, 0.539623439312, 0.0279970131814, 0.000324196327711, 5.69134613215e-07, 9.62340429567e-10], "dvar": [0.148330926895, 8.37887763977, 70.3162765503, 109.129463196, 78.8552932739, 287.946807861, 570.946960449, 486.475738525, 243.088470459, 495.023529053, 3317.44995117, 2935.61499023, 998.227294922, 2253.18310547, 604.907226562, 649.155700684, 746.733764648, 545.80255127, 632.873901367, 441.356781006, 498.997161865, 240.252746582, 211.800704956, 829.274902344, 1193.34082031, 436.297485352, 359.032043457, 215.927993774, 574.646789551, 335.032073975, 377.099822998, 141.559310913, 39.6716308594, 7.94145154953, 2.53281402588, 0.25274553895, 0.0128801893443, 0.000151327738422, 2.42217254254e-07, 4.86028439717e-10], "dmean": [0.196546971798, 1.27259290218, 3.10787987709, 3.64410829544, 3.85588335991, 8.46360683441, 12.3685846329, 9.58364963531, 7.08429861069, 9.9437084198, 22.3501472473, 22.5395202637, 11.9346723557, 16.5892543793, 12.0990581512, 13.0902204514, 14.8506412506, 13.9856910706, 14.5229206085, 11.06478405, 11.5787830353, 8.49772548676, 8.81926631927, 14.9460601807, 16.1023368835, 12.5615730286, 10.343580246, 8.01460456848, 9.36407756805, 7.08866977692, 5.83367061615, 3.72236871719, 1.95368885994, 0.952728152275, 0.504959583282, 0.16039660573, 0.0386842489243, 0.00434254668653, 0.000154136112542, 1.5457821064e-05], "max": [3.80633306503, 29.2754821777, 89.597869873, 97.2403030396, 123.767425537, 309.666870117, 389.868652344, 400.698120117, 349.070159912, 804.568847656, 1188.93603516, 1408.39855957, 1219.25354004, 1437.06774902, 557.236572266, 633.877746582, 803.501281738, 346.437011719, 400.994750977, 298.083221436, 353.025970459, 218.239700317, 205.362640381, 569.516906738, 1242.14428711, 431.470825195, 273.142700195, 313.999572754, 465.922454834, 377.60357666, 575.552001953, 356.381134033, 146.388519287, 76.5213928223, 54.8700790405, 13.3186798096, 2.25879597664, 0.209028661251, 0.0140949264169, 0.000427892315201], "var": [0.165016889572, 7.75785827637, 50.7542190552, 69.1181335449, 77.4341049194, 624.753234863, 1355.41906738, 1304.40429688, 570.315063477, 971.119812012, 5789.44091797, 5583.82861328, 2253.28833008, 4272.8125, 920.931213379, 824.889282227, 1184.97314453, 778.894958496, 927.270568848, 503.981170654, 588.865356445, 268.982940674, 323.120727539, 2351.64233398, 2848.57055664, 1099.15405273, 654.681274414, 351.562561035, 650.387390137, 612.559692383, 704.297729492, 269.802154541, 63.5676498413, 11.8133707047, 3.46346211433, 0.373294651508, 0.0176153294742, 0.00020450950251, 2.74807035794e-07, 1.08947639799e-09], "mean": [0.298329770565, 1.65926516056, 3.33722782135, 3.21348905563, 4.51591444016, 13.6524276733, 21.3185691833, 17.6491928101, 12.2570114136, 15.2391662598, 33.4376716614, 36.1993255615, 20.5655555725, 24.8529567719, 17.3278884888, 16.7674274445, 21.4902896881, 19.9520683289, 20.6743106842, 15.6156110764, 16.2239704132, 12.2769021988, 13.7200860977, 27.2523498535, 30.5761871338, 23.4095668793, 16.903093338, 12.6470756531, 13.375872612, 10.7894802094, 8.47496700287, 4.95134162903, 2.53340959549, 1.15409195423, 0.607715070248, 0.200273871422, 0.0442435629666, 0.00482528889552, 0.000170046056155, 4.09925632994e-05]}, "spectral_strongpeak": {"dmean2": 0.733576476574, "median": 0.371601521969, "min": 0, "dvar2": 1.58303439617, "dvar": 0.61757338047, "dmean": 0.438825041056, "max": 14.2095174789, "var": 0.890673279762, "mean": 0.73730558157}, "spectral_energy": {"dmean2": 0.0140924602747, "median": 0.024955265224, "min": 1.03575840453e-20, "dvar2": 0.000325149099808, "dvar": 0.000166827492649, "dmean": 0.00996414199471, "max": 0.139142975211, "var": 0.000374355644453, "mean": 0.0281973220408}, "average_loudness": 0.953206837177, "spectral_rolloff": {"dmean2": 1218.16723633, "median": 1076.66015625, "min": 64.599609375, "dvar2": 2840741.75, "dvar": 1307455.375, "dmean": 747.59387207, "max": 19659.8144531, "var": 3441920, "mean": 1715.59667969}, "spectral_centroid": {"dmean2": 555.309020996, "median": 1651.10705566, "min": 191.967422485, "dvar2": 353766.96875, "dvar": 170859.03125, "dmean": 358.140319824, "max": 11261.515625, "var": 678669.375, "mean": 1701.79174805}, "pitch_salience": {"dmean2": 0.127896130085, "median": 0.518338143826, "min": 0.0435975417495, "dvar2": 0.0147098926827, "dvar": 0.00715791294351, "dmean": 0.0847795009613, "max": 0.905536174774, "var": 0.0179641004652, "mean": 0.507114946842}, "spectral_energyband_middle_high": {"dmean2": 0.0030678238254, "median": 0.00276292255148, "min": 1.39838790253e-21, "dvar2": 2.01950679184e-05, "dvar": 8.28912470752e-06, "dmean": 0.00193746597506, "max": 0.0483379848301, "var": 1.99726382561e-05, "mean": 0.00431509874761}, "spectral_contrast_coeffs": {"dmean2": [0.0828684791923, 0.0794526413083, 0.0649962052703, 0.0501440763474, 0.038050789386, 0.0323952361941], "median": [-0.696743130684, -0.733873009682, -0.773503065109, -0.796035885811, -0.795384883881, -0.740494191647], "min": [-0.97164106369, -0.977072358131, -0.972289264202, -0.965007483959, -0.966940820217, -0.96345937252], "dvar2": [0.00513122649863, 0.00421941652894, 0.00259503559209, 0.00154903519433, 0.000971721136011, 0.000793568964582], "dvar": [0.00242532324046, 0.00174076098483, 0.00106512324419, 0.000605523004197, 0.000422680663178, 0.000339670456015], "dmean": [0.0546475574374, 0.0497249364853, 0.040785882622, 0.0308901183307, 0.0238737743348, 0.0205670781434], "max": [-0.201507285237, -0.401935726404, -0.441503256559, -0.610187530518, -0.580830991268, -0.542050898075], "var": [0.0126538882032, 0.00740537047386, 0.00453861011192, 0.00207243533805, 0.00237899273634, 0.00170572183561], "mean": [-0.673081040382, -0.723914682865, -0.767612695694, -0.793630242348, -0.788067519665, -0.741144180298]}, "melbands_skewness": {"dmean2": 1.41777193546, "median": 2.57857561111, "min": -1.32744812965, "dvar2": 2.61669754982, "dvar": 1.37341701984, "dmean": 0.982124984264, "max": 16.2074394226, "var": 4.46488189697, "mean": 3.10270571709}, "spectral_spread": {"dmean2": 789335.4375, "median": 4643622, "min": 1274349.75, "dvar2": 1263296315390.0, "dvar": 648269856768, "dmean": 537665.125, "max": 41222492, "var": 1987170795520.0, "mean": 4804062}, "dissonance": {"dmean2": 0.0257765315473, "median": 0.475542724133, "min": 0.309715300798, "dvar2": 0.000637288379949, "dvar": 0.000247556105023, "dmean": 0.0155632449314, "max": 0.500000059605, "var": 0.000695675204042, "mean": 0.468273490667}, "spectral_skewness": {"dmean2": 0.279565602541, "median": 1.12060022354, "min": -0.268293976784, "dvar2": 0.0818804726005, "dvar": 0.0365633964539, "dmean": 0.176186770201, "max": 4.67923307419, "var": 0.170583054423, "mean": 1.195271492}, "spectral_flux": {"dmean2": 0.0387687347829, "median": 0.0800200775266, "min": 6.81363854227e-11, "dvar2": 0.00147817388643, "dvar": 0.000952795613557, "dmean": 0.0285283345729, "max": 0.365833848715, "var": 0.00326670496725, "mean": 0.0915953963995}, "spectral_contrast_valleys": {"dmean2": [0.547769904137, 0.616791069508, 0.582533240318, 0.543580949306, 0.478209644556, 0.578634798527], "median": [-6.84858083725, -6.80198860168, -7.26748228073, -7.55321550369, -7.28139257431, -9.78986358643], "min": [-27.2578601837, -27.5416221619, -27.5797462463, -27.6220359802, -27.3490505219, -27.2254962921], "dvar2": [0.249125733972, 0.277846932411, 0.287924647331, 0.30092510581, 0.272251904011, 0.396811366081], "dvar": [0.136378735304, 0.129779949784, 0.127408325672, 0.149654224515, 0.136682599783, 0.214455142617], "dmean": [0.363148838282, 0.397428363562, 0.367095589638, 0.360765427351, 0.32803863287, 0.419661164284], "max": [-5.40624284744, -4.8227891922, -5.19096565247, -5.68300628662, -5.5796957016, -7.12421417236], "var": [2.36737799644, 1.79506325722, 1.44034802914, 1.30429089069, 1.45542871952, 1.82931244373], "mean": [-7.27153587341, -6.97409248352, -7.40511655807, -7.67844867706, -7.43485879898, -9.9695186615]}, "erbbands_flatness_db": {"dmean2": 0.0232637785375, "median": 0.137964889407, "min": 0.0446898937225, "dvar2": 0.000485701777507, "dvar": 0.000250798068009, "dmean": 0.0163805056363, "max": 0.323762595654, "var": 0.00147992873099, "mean": 0.143542185426}, "spectral_energyband_high": {"dmean2": 0.00144450913649, "median": 0.000669186934829, "min": 7.4149762579e-21, "dvar2": 7.38124435884e-06, "dvar": 3.52115876012e-06, "dmean": 0.000933680508751, "max": 0.0313005521894, "var": 7.43880536902e-06, "mean": 0.00159114913549}, "spectral_entropy": {"dmean2": 0.260922700167, "median": 7.848777771, "min": 5.21960496902, "dvar2": 0.0815726220608, "dvar": 0.0392576046288, "dmean": 0.175338640809, "max": 9.82263374329, "var": 0.184103026986, "mean": 7.76557731628}, "silence_rate_20dB": {"dmean2": 0, "median": 1, "min": 1, "dvar2": 0, "dvar": 0, "dmean": 0, "max": 1, "var": 0, "mean": 1}, "melbands_flatness_db": {"dmean2": 0.0505551770329, "median": 0.177863270044, "min": 0.00510680722073, "dvar2": 0.00270254886709, "dvar": 0.0013338184217, "dmean": 0.0352071635425, "max": 0.532260298729, "var": 0.00582261476666, "mean": 0.188786923885}, "barkbands": {"dmean2": [0.000757312343922, 0.00900914799422, 0.00504896324128, 0.00212667626329, 0.0034527531825, 0.00186118250713, 0.000878270133398, 0.00141613848973, 0.00128343491815, 0.000816272455268, 0.000418886978878, 0.000508266151883, 0.000557146035135, 0.000418064330006, 0.000419499934651, 0.000425335310865, 0.000315955636324, 0.000285280344542, 0.00054742192151, 0.000429542706115, 0.000362227321602, 0.000399461539928, 0.000318413134664, 0.000218828179641, 0.000115111244668, 3.84987251891e-05, 1.62818730587e-06], "median": [0.000420505501097, 0.00519626028836, 0.000932144292165, 0.000201948845643, 0.00133032083977, 0.000665777304675, 0.000284848560113, 0.000335833319696, 0.000397331255954, 0.000269748008577, 0.000157305417815, 0.000147096725414, 0.000212140395888, 0.000127580438857, 0.000178226298885, 0.000128797706566, 0.000127252744278, 0.000120502401842, 0.000241839850787, 0.000218061119085, 0.000162666023243, 0.000147283906699, 9.22447288758e-05, 5.03047813254e-05, 2.16851312871e-05, 5.71897953705e-06, 1.15079039631e-07], "min": [8.28640005228e-24, 1.66190332701e-24, 6.55784567017e-24, 5.38021951693e-24, 3.88072643922e-23, 1.83114968713e-23, 2.81068205968e-23, 5.95935070645e-24, 7.80499926259e-23, 3.42380621223e-23, 3.3860712086e-23, 8.0768419927e-23, 1.17399655688e-22, 5.88703417066e-23, 4.48711813727e-23, 7.25555322448e-23, 1.87056439651e-22, 1.86555418313e-22, 2.12994640598e-22, 2.28523891321e-22, 3.46654814758e-22, 4.8810017515e-22, 5.20347950674e-22, 7.50100748447e-22, 1.044242519e-21, 1.59751648888e-21, 2.29857134409e-21], "dvar2": [1.49770221469e-06, 0.000343316205544, 0.00018299909425, 3.28007299686e-05, 3.55461270374e-05, 1.42439448609e-05, 3.72522117686e-06, 1.19713022286e-05, 8.77472666616e-06, 4.90283173349e-06, 6.10163226611e-07, 8.46284592626e-07, 9.56858684731e-07, 5.30560384959e-07, 4.6042100621e-07, 8.89514922164e-07, 3.07901416363e-07, 2.47778444873e-07, 1.17587023851e-06, 4.72417525543e-07, 4.42190497552e-07, 8.86891712071e-07, 8.08440915989e-07, 4.21425909281e-07, 1.08987727288e-07, 1.20723537833e-08, 2.33310905318e-11], "dvar": [6.19778973032e-07, 0.000141769749462, 6.57910131849e-05, 1.14965323519e-05, 1.54282788571e-05, 6.25401071375e-06, 1.55018233272e-06, 5.26673693457e-06, 3.63301478501e-06, 2.23436177293e-06, 2.51324706824e-07, 3.29195387394e-07, 3.82394631515e-07, 2.10996248029e-07, 1.86291856608e-07, 3.34447747719e-07, 1.14236343052e-07, 9.70590079419e-08, 4.55243110764e-07, 1.86713009498e-07, 1.73105689782e-07, 3.47893916341e-07, 3.91776239894e-07, 1.95604215492e-07, 5.08111916986e-08, 5.63735946812e-09, 9.94952644578e-12], "dmean": [0.000468954938697, 0.00573613448068, 0.00283176079392, 0.00115791568533, 0.00218522106297, 0.00121681659948, 0.000552636920474, 0.000917750468943, 0.000828234595247, 0.000532910693437, 0.000260362081463, 0.000301018502796, 0.000338960177032, 0.000255019956967, 0.000256023922702, 0.00025303394068, 0.000186821998795, 0.000175053282874, 0.000341595557984, 0.000265617767582, 0.000223919181735, 0.000247351563303, 0.000205171076232, 0.000140770775033, 7.56255758461e-05, 2.50660268648e-05, 1.00785530321e-06], "max": [0.0104026300833, 0.124103851616, 0.0903849005699, 0.034543056041, 0.0