{"tonal": {"thpcp": [1, 0.522992551327, 0.280953466892, 0.345265597105, 0.177537053823, 0.0878451019526, 0.14658112824, 0.167390272021, 0.554941296577, 0.967820227146, 0.541471242905, 0.103593401611, 0.0911893546581, 0.0780928581953, 0.306168198586, 0.488419950008, 0.270134747028, 0.0785149112344, 0.0532683394849, 0.0763110294938, 0.343367785215, 0.549396216869, 0.369849234819, 0.470083862543, 0.688183665276, 0.552904963493, 0.604900121689, 0.459059894085, 0.121808327734, 0.224831461906, 0.344889879227, 0.212899208069, 0.106050953269, 0.102281279862, 0.134637206793, 0.648229420185], "hpcp": {"dmean2": [0.0437694266438, 0.0482437238097, 0.0420219302177, 0.0525995232165, 0.0689185783267, 0.107769928873, 0.10934201628, 0.0907275080681, 0.0488866716623, 0.0356931835413, 0.0381313227117, 0.0646361336112, 0.0803006067872, 0.0641462281346, 0.036470413208, 0.0322591513395, 0.0514404140413, 0.0884776338935, 0.10193348676, 0.126150652766, 0.133807212114, 0.123896002769, 0.140442162752, 0.132312655449, 0.0965812876821, 0.0585533864796, 0.0677543580532, 0.0717501863837, 0.0735997781157, 0.073090352118, 0.0670227631927, 0.0752725154161, 0.120112046599, 0.124475166202, 0.122384667397, 0.0832665190101], "median": [0.000705574871972, 0.00104846968316, 0.00214623333886, 0.00154708162881, 0.00259927147999, 0.0273839272559, 0.0391066148877, 0.023159975186, 0.00206100894138, 0.000696716248058, 0.00126209692098, 0.00878228060901, 0.0145616205409, 0.0113647188991, 0.00138326722663, 0.000699529889971, 0.000685610808432, 0.00748995691538, 0.0121866427362, 0.0111288568005, 0.0114276744425, 0.0167678296566, 0.0456441268325, 0.0171911586076, 0.00821527466178, 0.00266183027998, 0.00355817377567, 0.00552296033129, 0.00483862217516, 0.00149404769763, 0.00076582073234, 0.00254615303129, 0.0275918468833, 0.0442228466272, 0.0283690802753, 0.00117071042769], "min": [0, 0, 0, 0, 0, 0, 0, 0, 0, 0, 0, 0, 0, 0, 0, 0, 0, 0, 0, 0, 0, 0, 0, 0, 0, 0, 0, 0, 0, 0, 0, 0, 0, 0, 0, 0], "dvar2": [0.0255142915994, 0.0263963490725, 0.0267862007022, 0.0340230129659, 0.0421758294106, 0.0512790456414, 0.055797599256, 0.0331144407392, 0.0270798280835, 0.0188511274755, 0.0191035456955, 0.0236343238503, 0.0378890410066, 0.0252969469875, 0.0178041160107, 0.0159329865128, 0.021502841264, 0.0412386022508, 0.0523537844419, 0.0613277181983, 0.0674144253135, 0.0616183578968, 0.0543583966792, 0.0686170980334, 0.0415504872799, 0.0305468812585, 0.0387805700302, 0.0420634187758, 0.0411894507706, 0.0512653440237, 0.0485546737909, 0.0433618836105, 0.0597659833729, 0.0702827498317, 0.0556965880096, 0.0491761751473], "dvar": [0.0104102939367, 0.00967501010746, 0.00939800404012, 0.0125901903957, 0.0157343521714, 0.0196179822087, 0.0257616005838, 0.0142144691199, 0.0102028623223, 0.00779446819797, 0.0070554385893, 0.0105328951031, 0.0168417654932, 0.00973095372319, 0.00656373891979, 0.00558706838638, 0.00809896644205, 0.0169973578304, 0.0229035895318, 0.0237765740603, 0.0260298121721, 0.0271440111101, 0.022960793227, 0.0273502152413, 0.0160144176334, 0.0108685716987, 0.0146862892434, 0.0169120542705, 0.0152016375214, 0.0176402367651, 0.0171302612871, 0.0162799563259, 0.022461168468, 0.0291931871325, 0.0225592143834, 0.0178934168071], "dmean": [0.0251276567578, 0.0277113430202, 0.0238798838109, 0.0301290079951, 0.0392247438431, 0.0648968815804, 0.0685707032681, 0.0559673011303, 0.0275434143841, 0.0206941198558, 0.02209950611, 0.0427365601063, 0.0523195154965, 0.0392498038709, 0.0207743123174, 0.0178071223199, 0.0284592714161, 0.0529972314835, 0.0609225444496, 0.0733059793711, 0.0786842629313, 0.0738713666797, 0.0863348767161, 0.0787479504943, 0.0565905757248, 0.033143337816, 0.0397047288716, 0.042214371264, 0.0420806221664, 0.0393860414624, 0.0359215326607, 0.042434129864, 0.0718562379479, 0.0752606615424, 0.0741424709558, 0.0465970858932], "max": [1, 1, 1, 1, 1, 1, 1, 1, 1, 1, 1, 1, 1, 1, 1, 1, 1, 1, 1, 1, 1, 1, 1, 1, 1, 1, 1, 1, 1, 1, 1, 1, 1, 1, 1, 1], "var": [0.073490306735, 0.0203297976404, 0.00884332228452, 0.022570380941, 0.0240647010505, 0.0502279736102, 0.145187884569, 0.0498839877546, 0.0101418048143, 0.011418748647, 0.00675541209057, 0.028587244451, 0.0644492655993, 0.0211116503924, 0.00583101809025, 0.00381684722379, 0.00659379456192, 0.0397609546781, 0.089560046792, 0.0372407659888, 0.0602852255106, 0.109017558396, 0.0485365688801, 0.0928009152412, 0.0666896402836, 0.00926973950118, 0.0270502716303, 0.0570697672665, 0.0221600942314, 0.012619830668, 0.0135949198157, 0.0142697412521, 0.0728362202644, 0.147731840611, 0.0469910502434, 0.0402005985379], "mean": [0.0958978161216, 0.049311067909, 0.0243990514427, 0.0407130345702, 0.0464927889407, 0.154135420918, 0.268812894821, 0.150394096971, 0.0287731550634, 0.0253279209137, 0.0216903574765, 0.0850384756923, 0.135659053922, 0.0750301554799, 0.0218075830489, 0.0147953266278, 0.0211954526603, 0.0953706949949, 0.1525952667, 0.102725937963, 0.130566194654, 0.191143602133, 0.153569817543, 0.168011516333, 0.127504274249, 0.0338323675096, 0.0624471306801, 0.0957934558392, 0.0591329373419, 0.0294557418674, 0.0284087117761, 0.0373956002295, 0.180046275258, 0.277750849724, 0.145261630416, 0.0780350640416]}, "tuning_equal_tempered_deviation": 0.0288579557091, "chords_changes_rate": 0.0448585227132, "key_key": "E", "tuning_diatonic_strength": 0.502473294735, "key_scale": "major", "chords_number_rate": 0.00379572110251, "tuning_frequency": 441.272583008, "tuning_nontempered_energy_ratio": 0.640624046326, "chords_histogram": [21.5665969849, 12.9744653702, 12.5948934555, 0.724637687206, 1.31124913692, 0.483091801405, 11.145617485, 0, 5.69358158112, 0.241545900702, 0.724637687206, 0, 0.448585242033, 0.138026222587, 0, 1.13871634007, 3.48516225815, 0.0345065556467, 0.0690131112933, 0, 0, 5.69358158112, 10.3519668579, 11.1801242828], "key_strength": 0.737838089466, "chords_key": "E", "chords_strength": {"dmean2": 0.00658677238971, "median": 0.54771900177, "min": -1, "dvar2": 0.00134600361343, "dvar": 0.000710212625563, "dmean": 0.0091619072482, "max": 0.793731749058, "var": 0.043493244797, "mean": 0.509591937065}, "chords_scale": "major", "hpcp_entropy": {"dmean2": 0.638114750385, "median": 1.28566896915, "min": 0, "dvar2": 0.474518299103, "dvar": 0.189069762826, "dmean": 0.376761943102, "max": 3.42606782913, "var": 0.513867676258, "mean": 1.3039329052}}, "metadata": {"audio_properties": {"equal_loudness": 0, "codec": "mp3", "downmix": "mix", "sample_rate": 44100, "analysis_sample_rate": 44100, "bit_rate": 320062, "md5_encoded": "4d383f7b0e26a9a6917d62e665a8e976", "length": 134.530609131, "replay_gain": -8.36056900024, "lossless": false}, "version": {"essentia_build_sha": "70f2e5ece6736b2c40cc944ad0e695b16b925413", "essentia": "2.1-beta2", "extractor": "music 1.0", "essentia_git_sha": "v2.1_beta2"}, "tags": {"title": ["Love Can Do All But Raise the Dead"], "artist": ["T E Morris"], "albumartist": ["T E Morris"], "date": ["2013"], "genre": ["Alternative"], "album": ["And You Were the Hunter"], "tracknumber": ["12"], "file_name": "1963715.mp3", "musicbrainz_recordingid": ["0b4b0e05-fd9e-4f86-b02b-690a520ef707"], "encodedby": ["exy"]}}, "rhythm": {"bpm_histogram_first_peak_bpm": {"dmean2": 0, "median": 117, "min": 117, "dvar2": 0, "dvar": 0, "dmean": 0, "max": 117, "var": 0, "mean": 117}, "bpm": 117.388442993, "bpm_histogram_second_peak_spread": {"dmean2": 0, "median": 0.281250059605, "min": 0.281250059605, "dvar2": 0, "dvar": 0, "dmean": 0, "max": 0.281250059605, "var": 0, "mean": 0.281250059605}, "bpm_histogram_first_peak_weight": {"dmean2": 0, "median": 0.180451124907, "min": 0.180451124907, "dvar2": 0, "dvar": 0, "dmean": 0, "max": 0.180451124907, "var": 0, "mean": 0.180451124907}, "onset_rate": 2.16279625893, "beats_position": [0.53405892849, 1.07972788811, 1.62539684772, 2.19428563118, 2.73995471001, 3.29723358154, 3.85451245308, 4.42340135574, 4.98067998886, 5.54956912994, 6.04879808426, 6.53641700745, 7.02403593063, 7.51165533066, 7.99927425385, 8.498503685, 8.98612213135, 9.47374153137, 9.96135997772, 10.4605894089, 10.95981884, 11.4706573486, 11.9466667175, 12.4226751328, 12.9102945328, 13.3979139328, 13.8855323792, 14.3731517792, 14.8607711792, 15.3367795944, 15.8127889633, 16.2771873474, 16.7531967163, 17.2292060852, 17.7052154541, 18.2508831024, 18.784942627, 19.3190021515, 19.853061676, 20.3871192932, 20.9095687866, 21.4552383423, 21.9892959595, 22.5349655151, 23.0806350708, 23.6263027191, 24.1487522125, 24.6828117371, 25.2981395721, 25.9134693146, 26.5287971497, 27.1092967987, 27.6897945404, 28.2702941895, 28.8624038696, 29.4429016113, 30.0117912292, 30.5806789398, 31.1379585266, 31.66040802, 32.171245575, 32.7285270691, 33.2974128723, 33.8663024902, 34.4235839844, 34.9692497253, 35.5265312195, 35.9212684631, 36.3160095215, 36.7223587036, 37.1287078857, 37.4770050049, 37.8253059387, 38.1736030579, 38.5335159302, 38.9050331116, 39.2649421692, 39.613243103, 39.9499320984, 40.2866210938, 40.6349182129, 40.9716110229, 41.3083000183, 41.6565971375, 42.0048980713, 42.3415870667, 42.6898841858, 43.0962333679, 43.4909744263, 43.8857116699, 44.2804527283, 44.6984100342, 45.1163711548, 45.5343284607, 45.9638977051, 46.3934669495, 46.8114280701, 47.229385376, 47.6473464966, 48.0653038025, 48.4716529846, 48.8780021667, 49.2843513489, 49.690700531, 50.0970497131, 50.5150108337, 51.0606803894, 51.5947380066, 52.1171875, 52.6396369934, 53.1620864868, 53.6845359802, 54.1953735352, 54.7062110901, 55.2286605835, 55.7743301392, 56.3199996948, 56.7960090637, 57.2371864319, 57.6783676147, 58.1892051697, 58.7116546631, 59.2341041565, 59.7333335876, 60.2209510803, 60.6969604492, 61.1845779419, 61.6721992493, 62.1714286804, 62.6938781738, 63.2163238525, 63.7387733459, 64.2612228394, 64.7836685181, 65.2945098877, 65.8053512573, 66.316192627, 66.8386383057, 67.3494796753, 67.871925354, 68.3711547852, 68.8703842163, 69.3696136475, 69.8688430786, 70.3680725098, 70.8673019409, 71.3549194336, 71.8541488647, 72.3533782959, 72.8526077271, 73.3518371582, 73.8394546509, 74.3502960205, 74.8495254517, 75.3603591919, 75.859588623, 76.3704299927, 76.8812713623, 77.3805007935, 77.8797302246, 78.3673477173, 78.85496521, 79.3425827026, 79.8418121338, 80.3410415649, 80.8402709961, 81.3395004272, 81.8503417969, 82.3727874756, 82.8836288452, 83.4060745239, 83.9169158936, 84.4393615723, 84.9618148804, 85.4726486206, 85.9834899902, 86.5175476074, 87.0283889771, 87.5392303467, 88.0500640869, 88.572517395, 89.0949630737, 89.6058044434, 90.1050338745, 90.6274795532, 91.1499328613, 91.67237854, 92.1948318481, 92.7172775269, 93.2397232056, 93.7505645752, 94.2614059448, 94.7722396851, 95.2830810547, 95.7823104858, 96.281539917, 96.7807693481, 97.2916107178, 97.802444458, 98.3132858276, 98.8357315063, 99.3697967529, 99.8922424316, 100.426300049, 100.960357666, 101.506027222, 102.040092468, 102.562538147, 103.073379517, 103.584213257, 104.106666565, 104.605895996, 105.116729736, 105.604354858, 106.10358429, 106.591201782, 107.113647461, 107.624488831, 108.123718262, 108.64616394, 109.168617249, 109.679450989, 110.190292358, 110.712738037, 111.235191345, 111.746032715, 112.256866455, 112.767707825, 113.255325317, 113.754554749, 114.265396118, 114.776237488, 115.27545929, 115.786300659, 116.297142029, 116.79637146, 117.295600891, 117.81804657, 118.340499878, 118.862945557, 119.373786926, 119.884620667, 120.407073975, 120.929519653, 121.440361023, 121.951202393, 122.462036133, 122.972877502, 123.472106934, 123.971336365, 124.470565796, 125.12071991, 125.770881653, 126.339767456, 126.920272827, 127.48915863, 128.058044434, 128.638549805, 129.219039917, 129.822769165, 130.426483154, 130.983764648, 131.541046143, 132.098312378, 132.655593872, 133.212875366, 133.77015686], "beats_loudness": {"dmean2": 0.0363994240761, "median": 0.00765693001449, "min": 0, "dvar2": 0.0029430759605, "dvar": 0.00115038244985, "dmean": 0.0201484002173, "max": 0.291477143764, "var": 0.0016437250888, "mean": 0.0223869066685}, "danceability": 0.807075023651, "bpm_histogram_second_peak_weight": {"dmean2": 0, "median": 0.0864661633968, "min": 0.0864661633968, "dvar2": 0, "dvar": 0, "dmean": 0, "max": 0.0864661633968, "var": 0, "mean": 0.0864661633968}, "beats_count": 267, "bpm_histogram_second_peak_bpm": {"dmean2": 0, "median": 123, "min": 123, "dvar2": 0, "dvar": 0, "dmean": 0, "max": 123, "var": 0, "mean": 123}, "bpm_histogram_first_peak_spread": {"dmean2": 0, "median": 0.62790697813, "min": 0.62790697813, "dvar2": 0, "dvar": 0, "dmean": 0, "max": 0.62790697813, "var": 0, "mean": 0.62790697813}, "beats_loudness_band_ratio": {"dmean2": [0.349129736423, 0.302563875914, 0.309699773788, 0.10327642411, 0.0368105918169, 0.102905794978], "median": [0.415670603514, 0.250449180603, 0.111799493432, 0.0228019822389, 0.00740212295204, 0.00156587874517], "min": [0, 0, 0, 0, 0, 0], "dvar2": [0.109172269702, 0.0855398252606, 0.0874064713717, 0.0339469909668, 0.00339175807312, 0.0688344761729], "dvar": [0.0416707843542, 0.032109901309, 0.0366935990751, 0.0122097693384, 0.00140917929821, 0.0232745558023], "dmean": [0.210372135043, 0.175329998136, 0.17263263464, 0.0594271235168, 0.0210771523416, 0.0529526360333], "max": [0.997433781624, 0.981015086174, 0.898194551468, 0.895582318306, 0.361717998981, 0.935343265533], "var": [0.0827161371708, 0.0806275978684, 0.0534863695502, 0.00966020766646, 0.00185974070337, 0.0130680408329], "mean": [0.408392071724, 0.344400793314, 0.212233752012, 0.0576469451189, 0.0213490854949, 0.0305251218379]}}, "lowlevel": {"barkbands_spread": {"dmean2": 3.34692263603, "median": 5.58790540695, "min": 0.162389561534, "dvar2": 78.9171600342, "dvar": 33.2848968506, "dmean": 2.1856751442, "max": 140.185806274, "var": 231.972305298, "mean": 9.66047382355}, "melbands_spread": {"dmean2": 4.078997612, "median": 6.50122594833, "min": 0.211855456233, "dvar2": 164.583877563, "dvar": 87.0166702271, "dmean": 2.76470899582, "max": 200.557479858, "var": 568.718200684, "mean": 12.487654686}, "hfc": {"dmean2": 2.46373438835, "median": 1.99248659611, "min": 1.07738541014e-16, "dvar2": 153.68850708, "dvar": 125.14932251, "dmean": 2.06473684311, "max": 706.905029297, "var": 1130.0234375, "mean": 9.12763786316}, "barkbands_kurtosis": {"dmean2": 11.324461937, "median": 7.29322528839, "min": -1.88246333599, "dvar2": 1068.22961426, "dvar": 519.780090332, "dmean": 7.47181749344, "max": 976.065368652, "var": 1903.17785645, "mean": 19.0358200073}, "gfcc": {"mean": [-185.321121216, 125.157249451, -82.545425415, -2.82578921318, -48.6057701111, -8.96158885956, -37.1362037659, -0.860466897488, -21.6980743408, -8.76052761078, -16.1693077087, -5.26180791855, -10.1779727936], "icov": [[0.000146580350702, -0.000335543358233, 0.000314240780426, -0.000326732522808, 0.000487702753162, -0.000241340603679, 0.000500937458128, -0.000449910206953, 0.000499156361911, -0.000306575238938, 0.000361811253242, -0.000257058331044, 0.000221876049181], [-0.000335543358233, 0.00168358138762, -0.000765473989304, 0.00134137587156, -0.00138116977178, 0.00137093279045, -0.0012368716998, 0.00179472356103, -0.00170855410397, 0.00196417886764, -0.0010097589111, 0.00167210609652, -0.000427927676355], [0.000314240780426, -0.000765473989304, 0.00161773141008, -0.00103261042386, 0.000436703761807, -0.000160543073434, 0.000460856448626, -0.00109930476174, 0.000762260402553, -0.000696339062415, 0.000954322633334, -0.000924401159864, 0.00066414946923], [-0.000326732522808, 0.00134137587156, -0.00103261042386, 0.00303667527623, -0.00153987796512, 0.000722219527233, -0.000634623458609, 0.00145607930608, -0.000626569672022, 0.00052630569553, -0.000890361901838, 0.000471781706437, -0.000608151138294], [0.000487702753162, -0.00138116977178, 0.000436703761807, -0.00153987796512, 0.00540375616401, -0.00164702429902, 0.000800033682026, -0.000898264639545, 0.000910604256205, -0.000218553541345, 0.00130713894032, 0.000244368158747, 0.000149287094246], [-0.000241340603679, 0.00137093279045, -0.000160543073434, 0.000722219527233, -0.00164702429902, 0.00776145607233, -0.00398885505274, 0.00208304473199, -0.000965077953879, 0.000737517082598, 0.000531679252163, 0.000842077948619, -0.000858602230437], [0.000500937458128, -0.0012368716998, 0.000460856448626, -0.000634623458609, 0.000800033682026, -0.00398885505274, 0.0087935552001, -0.00500781461596, 0.00222073378973, -0.00233835028484, 0.000942757993471, -0.00119144259952, 0.00100268586539], [-0.000449910206953, 0.00179472356103, -0.00109930476174, 0.00145607930608, -0.000898264639545, 0.00208304473199, -0.00500781461596, 0.0115489223972, -0.00472086947411, 0.00153396534733, -0.00129823584575, 0.00146158994175, 0.000507307297084], [0.000499156361911, -0.00170855410397, 0.000762260402553, -0.000626569672022, 0.000910604256205, -0.000965077953879, 0.00222073378973, -0.00472086947411, 0.0104994848371, -0.0048025441356, 0.00284577067941, -0.0032339557074, -0.000953697832301], [-0.000306575238938, 0.00196417886764, -0.000696339062415, 0.00052630569553, -0.000218553541345, 0.000737517082598, -0.00233835028484, 0.00153396534733, -0.0048025441356, 0.0141752418131, -0.00625545345247, 0.00568866729736, -0.00132971047424], [0.000361811253242, -0.0010097589111, 0.000954322633334, -0.000890361901838, 0.00130713894032, 0.000531679252163, 0.000942757993471, -0.00129823584575, 0.00284577067941, -0.00625545345247, 0.0161368586123, -0.00960367079824, 0.0043171220459], [-0.000257058331044, 0.00167210609652, -0.000924401159864, 0.000471781706437, 0.000244368158747, 0.000842077948619, -0.00119144259952, 0.00146158994175, -0.0032339557074, 0.00568866729736, -0.00960367079824, 0.0145141435787, -0.00592308398336], [0.000221876049181, -0.000427927676355, 0.00066414946923, -0.000608151138294, 0.000149287094246, -0.000858602230437, 0.00100268586539, 0.000507307297084, -0.000953697832301, -0.00132971047424, 0.0043171220459, -0.00592308398336, 0.0109434640035]], "cov": [[36029.5273438, 3328.51123047, -4724.78369141, -314.695587158, -1946.76306152, -731.115783691, -1680.02539062, -550.950866699, -932.401977539, -397.343170166, -225.910705566, -430.874755859, -456.036895752], [3328.51123047, 2372.64575195, -90.0759506226, -552.750366211, 130.791275024, -229.216171265, -153.688369751, -149.451629639, -8.23540210724, -219.041427612, -166.137069702, -254.679153442, -98.3516464233], [-4724.78369141, -90.0759506226, 1527.04541016, 217.635910034, 319.426361084, 45.3032226562, 221.101547241, 96.7076721191, 113.123092651, 30.0315704346, -1.72756159306, 38.1370353699, 20.9769287109], [-314.695587158, -552.750366211, 217.635910034, 630.938598633, 49.9920349121, 31.689447403, -2.600522995, -9.99334049225, -26.78606987, 41.8240814209, 41.2399482727, 67.6458435059, 32.2178039551], [-1946.76306152, 130.791275024, 319.426361084, 49.9920349121, 394.999572754, 66.4459915161, 97.221282959, 7.5357670784, 41.6124534607, -16.4115772247, -47.1631584167, -43.365398407, 15.3111867905], [-731.115783691, -229.216171265, 45.3032226562, 31.689447403, 66.4459915161, 214.489715576, 116.684761047, 24.0435142517, 12.5054759979, 22.8864593506, -13.8484869003, 1.33203518391, 19.0427265167], [-1680.02539062, -153.688369751, 221.101547241, -2.600522995, 97.221282959, 116.684761047, 276.12210083, 99.5253143311, 46.955745697, 42.8382911682, 5.41276168823, 4.40484333038, 1.95084452629], [-550.950866699, -149.451629639, 96.7076721191, -9.99334049225, 7.5357670784, 24.0435142517, 99.5253143311, 158.965560913, 61.016368866, 33.1639060974, 12.5559453964, 11.3373088837, -5.27253866196], [-932.401977539, -8.23540210724, 113.123092651, -26.78606987, 41.6124534607, 12.5054759979, 46.955745697, 61.016368866, 173.715087891, 40.695526123, 2.76883339882, 28.9627475739, 38.1782569885], [-397.343170166, -219.041427612, 30.0315704346, 41.8240814209, -16.4115772247, 22.8864593506, 42.8382911682, 33.1639060974, 40.695526123, 123.542564392, 40.1563262939, 6.15215301514, 2.5957736969], [-225.910705566, -166.137069702, -1.72756159306, 41.2399482727, -47.1631584167, -13.8484869003, 5.41276168823, 12.5559453964, 2.76883339882, 40.1563262939, 129.833938599, 84.7298278809, -1.27927100658], [-430.874755859, -254.679153442, 38.1370353699, 67.6458435059, -43.365398407, 1.33203518391, 4.40484333038, 11.3373088837, 28.9627475739, 6.15215301514, 84.7298278809, 177.771682739, 66.0527648926], [-456.036895752, -98.3516464233, 20.9769287109, 32.2178039551, 15.3111867905, 19.0427265167, 1.95084452629, -5.27253866196, 38.1782569885, 2.5957736969, -1.27927100658, 66.0527648926, 138.544967651]]}, "spectral_energyband_middle_low": {"dmean2": 0.00342854252085, "median": 0.00406877882779, "min": 1.61853608528e-22, "dvar2": 9.47208536672e-05, "dvar": 4.94798841828e-05, "dmean": 0.00251761125401, "max": 0.266379803419, "var": 0.000488545745611, "mean": 0.0116941845044}, "melbands_crest": {"dmean2": 3.82807636261, "median": 17.3822746277, "min": 1.60204541683, "dvar2": 20.519323349, "dvar": 7.44528770447, "dmean": 2.41572856903, "max": 39.5697975159, "var": 41.1789550781, "mean": 17.8442764282}, "spectral_kurtosis": {"dmean2": 8.77117347717, "median": 15.1711082458, "min": -1.2425583601, "dvar2": 114.077735901, "dvar": 44.6367835999, "dmean": 5.30641412735, "max": 124.54549408, "var": 303.472412109, "mean": 20.5228557587}, "spectral_rms": {"dmean2": 0.000442597840447, "median": 0.00237297848798, "min": 3.12931625057e-12, "dvar2": 6.37354276023e-07, "dvar": 3.41678116911e-07, "dmean": 0.000324843160342, "max": 0.0185859482735, "var": 6.4090795604e-06, "mean": 0.00293847126886}, "zerocrossingrate": {"dmean2": 0.00668438756838, "median": 0.02392578125, "min": 0, "dvar2": 0.000193942119949, "dvar": 0.000183531403309, "dmean": 0.00557967089117, "max": 0.5205078125, "var": 0.00467846915126, "mean": 0.0393882468343}, "silence_rate_60dB": {"dmean2": 0.0718108043075, "median": 0, "min": 0, "dvar2": 0.0756312534213, "dvar": 0.0346075296402, "dmean": 0.035899206996, "max": 1, "var": 0.237280413508, "mean": 0.387230366468}, "erbbands_kurtosis": {"dmean2": 2.4428088665, "median": 1.82057523727, "min": -1.8477243185, "dvar2": 28.3825283051, "dvar": 14.3201761246, "dmean": 1.68519937992, "max": 110.844184875, "var": 104.053276062, "mean": 5.05216121674}, "erbbands": {"dmean2": [0.00501228962094, 0.0913902819157, 0.650797128677, 1.866076231, 3.42790770531, 6.91158628464, 5.97859430313, 5.09204816818, 4.8009557724, 13.5354661942, 8.87665653229, 11.1293239594, 10.4919757843, 3.29339766502, 4.11210536957, 3.81986689568, 4.58364772797, 6.37821578979, 4.47010755539, 2.14470624924, 2.33829283714, 3.39793992043, 2.59424757957, 1.2103509903, 2.91174769402, 3.01956558228, 2.25744128227, 3.29957008362, 1.13092911243, 0.753389716148, 0.340881675482, 0.279378771782, 0.184308305383, 0.162602677941, 0.0560933686793, 0.0157081633806, 0.00485576270148, 0.00265339040197, 0.000461758725578, 2.32427755691e-05], "median": [0.00230196141638, 0.0100508285686, 0.0668420121074, 0.560629248619, 1.92208468914, 3.16787314415, 1.86905169487, 1.89734828472, 1.63496303558, 1.58319997787, 2.24762845039, 2.45612692833, 1.46608936787, 1.12373042107, 0.805004417896, 0.418252497911, 0.525756776333, 0.376141250134, 0.398279428482, 0.256272256374, 0.2589443326, 0.278435885906, 0.20896333456, 0.0905740335584, 0.0851233378053, 0.0627567842603, 0.0252726972103, 0.0143271628767, 0.0155512755737, 0.0156107954681, 0.00714054144919, 0.00544574158266, 0.00404214765877, 0.00327753624879, 0.001309669693, 0.000623759056907, 0.000295781937893, 0.000113295027404, 2.4930728614e-05, 1.22541659948e-05], "min": [9.26242230934e-23, 6.1942958719e-22, 2.80411925444e-21, 4.58256161039e-21, 6.09553311189e-21, 1.93876659922e-20, 4.59793351808e-20, 4.87708694153e-20, 1.49942137833e-19, 1.78613988548e-19, 2.07760705558e-19, 2.85008621422e-19, 5.58900917689e-19, 5.38110818667e-19, 1.002773996e-18, 1.11296861906e-18, 1.46757557099e-18, 2.21094128079e-18, 3.39566037336e-18, 2.49446922307e-18, 4.17808886042e-18, 4.49538417645e-18, 5.3463855227e-18, 4.7848440377e-18, 7.73359196099e-18, 7.09902862587e-18, 1.08504804738e-17, 9.078399867e-18, 9.1943780335e-18, 1.01495052888e-17, 1.00795357352e-17, 1.04785800704e-17, 9.74443163416e-18, 7.27077696364e-18, 5.66771210345e-18, 3.81033304547e-18, 2.02970001152e-18, 8.74760661773e-19, 2.46208629116e-19, 2.88306338493e-20], "dvar2": [0.00012910006626, 0.202577605844, 8.91076087952, 60.4792747498, 147.228317261, 918.612121582, 602.356872559, 262.654937744, 534.15612793, 9021.48632812, 2004.59558105, 4589.07910156, 10008.2197266, 785.649597168, 590.63269043, 867.941650391, 811.538696289, 4510.76269531, 1738.53564453, 340.568481445, 317.968353271, 963.378479004, 371.476104736, 92.8388671875, 950.648864746, 1201.5435791, 1152.53173828, 3562.92260742, 487.463195801, 204.08303833, 23.9335155487, 14.7202062607, 5.05198097229, 3.03762984276, 0.413353860378, 0.0133829638362, 0.00101516139694, 0.000900261977222, 4.66075071017e-05, 6.42683204433e-08], "dvar": [5.47957934032e-05, 0.0762073621154, 3.52220129967, 28.2281913757, 60.1878356934, 401.904602051, 260.15536499, 165.143234253, 340.290466309, 5747.76757812, 1586.98925781, 3588.93066406, 5908.86083984, 424.49041748, 392.743927002, 680.175292969, 592.864929199, 2529.12939453, 2381.01367188, 287.608612061, 205.829238892, 556.173706055, 238.700057983, 63.7366256714, 552.541442871, 559.475341797, 878.615539551, 1993.42919922, 338.165740967, 87.1477661133, 14.9579439163, 10.1382312775, 2.63448929787, 1.6309876442, 0.191462859511, 0.00675734365359, 0.000543304835446, 0.000496194232255, 1.97651879716e-05, 2.65133994759e-08], "dmean": [0.00307862064801, 0.0584565959871, 0.394952207804, 1.21128797531, 2.36776399612, 4.69424533844, 4.09467077255, 3.82402825356, 3.76924276352, 10.2791662216, 7.77774572372, 10.0610055923, 7.98632955551, 2.68609213829, 3.31733250618, 3.28340935707, 3.76747894287, 4.847427845, 4.15541887283, 1.80728292465, 1.7545696497, 2.46133542061, 1.95385396481, 0.951901614666, 2.14992237091, 2.12862229347, 1.87351799011, 2.48969244957, 0.85631030798, 0.502610564232, 0.257182359695, 0.201273426414, 0.123380869627, 0.11102091521, 0.0404276959598, 0.0112549383193, 0.00353915197775, 0.00186750933062, 0.000313113821903, 1.58613456733e-05], "max": [0.220033481717, 9.01077365875, 68.7967910767, 232.949768066, 247.091918945, 868.328613281, 606.870239258, 781.350463867, 801.731506348, 3687.42602539, 2042.00354004, 3148.15600586, 5332.26269531, 1193.93249512, 758.977783203, 1362.82897949, 1004.51519775, 3483.81713867, 5753.66845703, 1514.3067627, 1867.83398438, 2019.73352051, 911.512817383, 647.758361816, 1892.57409668, 1386.30725098, 1897.92602539, 2599.0090332, 1381.69238281, 602.002990723, 287.239532471, 267.143432617, 104.521064758, 100.565917969, 18.9304981232, 3.17331957817, 1.18782222271, 1.47046673298, 0.243816658854, 0.00846030563116], "var": [8.08290860732e-05, 0.106523275375, 10.3908081055, 50.3882064819, 336.181396484, 1783.39855957, 1489.30822754, 2543.31640625, 1409.01525879, 23013.71875, 15435.7353516, 27722.0546875, 53583.3632812, 1897.18347168, 2567.71142578, 4678.05371094, 4146.2578125, 15277.6201172, 23517.9726562, 1762.61877441, 4244.75292969, 6705.078125, 1583.55310059, 322.593536377, 3569.85253906, 1147.07580566, 3126.49975586, 6374.73876953, 1375.63134766, 154.738845825, 58.6095619202, 47.2984809875, 9.16015720367, 5.51294803619, 0.355939954519, 0.0144502837211, 0.00139317847788, 0.000896788202226, 2.42979385803e-05, 3.06761016589e-08], "mean": [0.00441150926054, 0.095313899219, 1.06160092354, 2.48863244057, 8.63427352905, 16.0095386505, 15.8262987137, 15.3296804428, 11.4368085861, 29.0514888763, 27.9215183258, 36.3378410339, 27.9903831482, 8.75402736664, 10.9377307892, 10.8041620255, 12.1993665695, 14.5609350204, 11.9044218063, 5.71014595032, 6.62393379211, 8.36016464233, 5.30610179901, 2.60914683342, 5.59483242035, 3.78879761696, 3.16367530823, 3.92104077339, 1.64873826504, 0.843564450741, 0.464890182018, 0.405094146729, 0.22345405817, 0.173075154424, 0.0631605610251, 0.0179974474013, 0.0059092505835, 0.00276383152232, 0.000406951090554, 3.62984355888e-05]}, "spectral_strongpeak": {"dmean2": 0.325152128935, "median": 0.448052585125, "min": 0, "dvar2": 0.943552494049, "dvar": 0.473152577877, "dmean": 0.212395876646, "max": 27.9299049377, "var": 2.10703873634, "mean": 0.880647778511}, "spectral_energy": {"dmean2": 0.00429687835276, "median": 0.00577180227265, "min": 1.00374360677e-20, "dvar2": 0.000144846810144, "dvar": 7.85596712376e-05, "dmean": 0.00318218208849, "max": 0.354073435068, "var": 0.000907562905923, "mean": 0.0154197411612}, "average_loudness": 0.0105339856818, "spectral_rolloff": {"dmean2": 289.52041626, "median": 495.263671875, "min": 21.533203125, "dvar2": 1575047, "dvar": 682489.125, "dmean": 171.822418213, "max": 19724.4140625, "var": 7018908.5, "mean": 1057.51000977}, "spectral_centroid": {"dmean2": 127.538299561, "median": 465.229522705, "min": 145.811248779, "dvar2": 116525.171875, "dvar": 77370.359375, "dmean": 88.6662139893, "max": 11916.1113281, "var": 1863570.25, "mean": 784.827453613}, "pitch_salience": {"dmean2": 0.0854869037867, "median": 0.519124627113, "min": 0.0223855562508, "dvar2": 0.00810586195439, "dvar": 0.00312517629936, "dmean": 0.0537837296724, "max": 0.856251478195, "var": 0.0227636583149, "mean": 0.499973833561}, "spectral_energyband_middle_high": {"dmean2": 0.000446446065325, "median": 0.000171946230694, "min": 1.0842117408e-21, "dvar2": 4.40077837993e-06, "dvar": 4.35796664533e-06, "dmean": 0.000405431404943, "max": 0.141712576151, "var": 7.96930617071e-05, "mean": 0.00197278079577}, "spectral_contrast_coeffs": {"dmean2": [0.0624973662198, 0.0508771240711, 0.0444061383605, 0.0353303365409, 0.0296916365623, 0.0204065684229], "median": [-0.57127404213, -0.677164793015, -0.689983546734, -0.759351968765, -0.772753953934, -0.820821106434], "min": [-0.976285398006, -0.980779588223, -0.980063617229, -0.971090853214, -0.967223882675, -0.96507692337], "dvar2": [0.00255760806613, 0.00214770482853, 0.00167124159634, 0.00100635469425, 0.000863869092427, 0.000468298792839], "dvar": [0.00110206520185, 0.000977682881057, 0.000772988656536, 0.00048282489297, 0.000459729577415, 0.000250309938565], "dmean": [0.0383108519018, 0.0319720171392, 0.0285244807601, 0.0225407630205, 0.0195042882115, 0.0135673787445], "max": [-0.270209699869, -0.245485514402, -0.304145753384, -0.4157807827, -0.430060982704, -0.592315375805], "var": [0.0177536737174, 0.0159351676702, 0.0116828763857, 0.00914016552269, 0.00694519327953, 0.00345535879023], "mean": [-0.586181163788, -0.666870236397, -0.690268516541, -0.751994669437, -0.769936680794, -0.816785991192]}, "melbands_skewness": {"dmean2": 0.999318599701, "median": 2.28980636597, "min": -4.73252391815, "dvar2": 3.56162977219, "dvar": 1.27551019192, "dmean": 0.639270246029, "max": 31.9238967896, "var": 7.22551584244, "mean": 2.79043269157}, "spectral_spread": {"dmean2": 641410.8125, "median": 2902660.5, "min": 756526.875, "dvar2": 1240554668030.0, "dvar": 672732676096, "dmean": 406355.34375, "max": 42330404, "var": 21993298591700.0, "mean": 3855153}, "dissonance": {"dmean2": 0.0477322489023, "median": 0.399452418089, "min": 0.128040134907, "dvar2": 0.00226433598436, "dvar": 0.000843059446197, "dmean": 0.0285641420633, "max": 0.499994307756, "var": 0.00426588393748, "mean": 0.39087292552}, "spectral_skewness": {"dmean2": 0.676284372807, "median": 3.09636116028, "min": -0.0998905450106, "dvar2": 0.507071733475, "dvar": 0.207054555416, "dmean": 0.414048522711, "max": 9.34600925446, "var": 2.10667061806, "mean": 3.31473112106}, "spectral_flux": {"dmean2": 0.0179311987013, "median": 0.0163660943508, "min": 6.29908555871e-11, "dvar2": 0.00114164547995, "dvar": 0.000466299883556, "dmean": 0.011251501739, "max": 0.349845230579, "var": 0.00133700144943, "mean": 0.0279333312064}, "spectral_contrast_valleys": {"dmean2": [0.667383372784, 0.490430384874, 0.508038043976, 0.425449460745, 0.393654733896, 0.324998319149], "median": [-8.74283599854, -8.16887950897, -9.47129154205, -9.91220283508, -10.3030815125, -12.6835126877], "min": [-28.0412425995, -28.2373142242, -27.7143154144, -27.7791385651, -27.5239906311, -27.4579544067], "dvar2": [0.318254381418, 0.27797794342, 0.29153034091, 0.230756446719, 0.28256598115, 0.256042838097], "dvar": [0.161727041006, 0.138936340809, 0.141423895955, 0.11948094517, 0.143191635609, 0.130059465766], "dmean": [0.407424390316, 0.30261349678, 0.318430006504, 0.262800753117, 0.2503862679, 0.212597668171], "max": [-5.64447784424, -5.07411241531, -4.72802448273, -6.49268388748, -6.49405145645, -7.09468126297], "var": [6.37134599686, 7.21098804474, 6.31461381912, 6.05705738068, 5.68508148193, 4.24794387817], "mean": [-9.05769348145, -8.59363937378, -9.90993690491, -10.3362312317, -10.583940506, -12.8060531616]}, "erbbands_flatness_db": {"dmean2": 0.0192041806877, "median": 0.221014037728, "min": 0.0231746919453, "dvar2": 0.000585052010138, "dvar": 0.000310287345201, "dmean": 0.0134882787243, "max": 0.395821213722, "var": 0.00442758202553, "mean": 0.220610097051}, "spectral_energyband_high": {"dmean2": 0.000139397685416, "median": 3.56958685188e-06, "min": 7.06723809099e-21, "dvar2": 3.76874754693e-06, "dvar": 3.0446983601e-06, "dmean": 0.000119439289847, "max": 0.12605535984, "var": 1.37625311254e-05, "mean": 0.000225560797844}, "spectral_entropy": {"dmean2": 0.233255013824, "median": 6.22889089584, "min": 3.98217964172, "dvar2": 0.0976737216115, "dvar": 0.0471442006528, "dmean": 0.155533924699, "max": 9.82742881775, "var": 0.679735004902, "mean": 6.29378700256}, "silence_rate_20dB": {"dmean2": 0.001380976988, "median": 1, "min": 0, "dvar2": 0.00172431441024, "dvar": 0.000689892913215, "dmean": 0.000690369342919, "max": 1, "var": 0.000517398875672, "mean": 0.99948233366}, "melbands_flatness_db": {"dmean2": 0.0281712617725, "median": 0.328134268522, "min": 0.00320059480146, "dvar2": 0.00131004024297, "dvar": 0.000644846993964, "dmean": 0.0190622825176, "max": 0.606057524681, "var": 0.0099483160302, "mean": 0.327867478132}, "barkbands": {"dmean2": [0.000102176207292, 0.000313530908898, 0.000689422537107, 0.000779763504397, 0.0015779172536, 0.000742057745811, 0.000616313656792, 0.000462226424133, 0.000682480749674, 0.000176845976966, 0.000120858247101, 0.00012628766126, 0.000139578361996, 0.000160400057212, 6.25998800388e-05, 4.67481149826e-05, 5.73573743168e-05, 5.3785439377e-05, 5.12682599947e-05, 8.21891298983e-05, 7.28508894099e-05, 2.9442817322e-05, 1.2730148228e-05, 1.15803522931e-05, 1.13312744361e-05, 2.93436573884e-06, 2.74315084425e-06], "median": [5.35118597327e-05, 5.16702712048e-05, 4.68193393317e-05, 0.000119628195534, 0.000971835106611, 0.000186462770216, 7.92689825175e-05, 7.02419201843e-05, 0.000104998878669, 2.54823844443e-05, 2.07819284697e-05, 8.25411370897e-06, 9.96197741188e-06, 9.21143055166e-06, 2.80664698948e-06, 4.58059139419e-06, 4.67889731226e-06, 2.69044585366e-06, 1.36956202823e-06, 1.32124716856e-06, 3.48633193425e-07, 5.12955466547e-07, 2.55778786595e-07, 2.74857598015e-07, 2.51075135793e-07, 1.64556368532e-07, 2.40424810727e-07], "min": [2.47047397125e-25, 3.26425337491e-24, 1.5396701186e-24, 7.21212631332e-25, 6.79752370129e-24, 7.79487659945e-24, 1.0141303919e-23, 7.88930798297e-24, 1.12437007464e-23, 1.69670790959e-23, 1.59486738667e-23, 2.10009351119e-23, 2.15205151917e-23, 3.75059436657e-23, 4.67622040248e-23, 5.61016544994e-23, 6.53896018233e-23, 8.59464082456e-23, 1.31859248889e-22, 1.84743247041e-22, 2.75356960299e-22, 2.71887436442e-22, 3.48428628457e-22, 6.14024993843e-22, 8.87227341507e-22, 1.18924297888e-21, 1.98998067097e-21], "dvar2": [1.68132334721e-08, 2.13503039959e-06, 9.68495260167e-06, 1.37731503855e-05, 3.27028719767e-05, 5.98679162067e-06, 1.49453862832e-05, 8.95082303032e-06, 2.09480676858e-05, 1.90427908819e-06, 5.26497387909e-07, 1.09849429464e-06, 1.24624682485e-06, 2.85684291157e-06, 4.66193455395e-07, 1.44022862969e-07, 2.52942840007e-07, 1.95582344986e-07, 3.43355907262e-07, 7.86471048286e-07, 1.6625333501e-06, 2.83739069573e-07, 3.21175299689e-08, 2.3016095696e-08, 1.2723881504e-08, 3.89291210379e-10, 1.2790776216e-09], "dvar": [8.00461386063e-09, 8.07224807886e-07, 3.97811163566e-06, 6.81741812514e-06, 1.38809728014e-05, 2.83006011159e-06, 8.17440468381e-06, 5.66718745176e-06, 1.4826034203e-05, 1.26608472328e-06, 3.40643651953e-07, 6.95497362813e-07, 6.45937006993e-07, 1.77207198249e-06, 2.48784147061e-07, 8.43232115244e-08, 1.36451674848e-07, 1.21673167541e-07, 2.27903683481e-07, 3.66285149767e-07, 9.87609837466e-07, 2.15095994349e-07, 1.8656855616e-08, 1.36539535234e-08, 6.55173870712e-09, 2.0850556004e-10, 5.98183835798e-10], "dmean": [6.81880119373e-05, 0.000201450035092, 0.000423332297942, 0.000512571481522, 0.00107942847535, 0.000530457124114, 0.000467595236842, 0.000385925493902, 0.000577114056796, 0.000143776225741, 9.56016010605e-05, 0.000101609883131, 0.00010634897626, 0.000123633275507, 4.47296079074e-05, 3.36027951562e-05, 4.12064291595e-05, 4.05803293688e-05, 3.71014793927e-05, 5.6455264712e-05, 5.99807790422e-05, 2.12327395275e-05, 9.46741238295e-06, 7.87153112469e-06, 7.7155764302e-06, 2.16437865674e-06, 1.92292395695e-06], "max": [0.00169749371707, 0.0289746820927, 0.0733577236533, 0.131132245064, 0.14047318697, 0.0770887434483, 0.125262752175, 0.124179929495, 0.232911497355, 0.0519029609859, 0.0266017429531, 0.0396386831999, 0.0301192905754, 0.0858809351921, 0.0349470302463, 0.0255356058478, 0.0294166598469, 0.0198965538293, 0.0341699235141, 0.0286362916231, 0.0599287413061, 0.0360988155007, 0.00999123044312, 0.0084953373298, 0.00572538468987, 0.000597771198954, 0.00149246724322], "var": [1.44886138642e-08, 9.69430516307e-07, 1.27630128191e-05, 1.22332530736e-05, 7.88571414887e-05, 4.04722086387e-05, 3.35428412654e-05, 3.02284861391e-05, 0.000128039173433, 3.69198596673e-06, 1.59758337759e-06, 3.05827779812e-06, 2.09679660657e-06, 7.35445655664e-06, 1.5409716525e-06, 8.81347489212e-07, 1.30877299398e-06, 6.2653674604e-07, 6.2154100533e-07, 8.24268795441e-07, 3.21115498991e-06, 9.27101382331e-07, 6.68700153028e-08, 5.63717037494e-08, 2.0014597979e-08, 5.17533682576e-10, 8.76476724532e-10], "mean": [9.39545570873e-05, 0.000279142084764, 0.00117565097753, 0.000919029465877, 0.00413171481341, 0.00215619732626, 0.00133900798392, 0.000987156177871, 0.00206654681824, 0.000365649320884, 0.000267933326541, 0.000263643480139, 0.000255877239397, 0.000301266933093, 0.000129853040562, 0.000108274936792, 0.000122785204439, 0.000101186415122, 7.06634818926e-05, 9.50563044171e-05, 9.34371564654e-05, 4.46980666311e-05, 1.68390761246e-05, 1.56766782311e-05, 1.22468109112e-05, 3.67516895494e-06, 2.6090672236e-06]}, "erbbands_skewness": {"dmean2": 0.418184190989, "median": 1.03905010223, "min": -6.23443651199, "dvar2": 0.378528594971, "dvar": 0.180291846395, "dmean": 0.296028792858, "max": 9.412317276, "var": 2.00079536438, "mean": 1.21044671535}, "erbbands_spread": {"dmean2": 6.116710186, "median": 17.9848155975, "min": 1.19662046432, "dvar2": 164.764816284, "dvar": 70.777015686, "dmean": 4.09184837341, "max": 138.704101562, "var": 366.384857178, "mean": 22.8510818481}, "melbands_kurtosis": {"dmean2": 19.2003421783, "median": 9.5065536499, "min": -1.92966294289, "dvar2": 8206.55175781, "dvar": 2736.45849609, "dmean": 11.6093912125, "max": 1889.94030762, "var": 6479.90869141, "mean": 28.7774581909}, "melbands": {"dmean2": [6.5600295784e-05, 0.000259852677118, 0.000342720450135, 0.000374751572963, 0.000225806114031, 0.000121484881674, 8.44102178235e-05, 0.000136787391966, 7.50359031372e-05, 7.90571648395e-05, 5.16912659805e-05, 1.52432294271e-05, 1.58869097504e-05, 9.28442841541e-06, 1.44917148646e-05, 1.19972764878e-05, 1.24208690977e-05, 9.28153713176e-06, 3.04045033772e-06, 2.56918337982e-06, 3.09553433908e-06, 4.0386148612e-06, 3.69184749616e-06, 1.75670231783e-06, 9.46117211242e-07, 1.72490797468e-06, 2.83101894638e-06, 2.09669065043e-06, 1.44528905821e-06, 2.12513941733e-06, 2.12476629713e-06, 7.03404623437e-07, 4.44180415116e-07, 3.72785734726e-07, 1.95983133722e-07, 1.86306138517e-07, 1.64285054893e-07, 1.