{"tonal": {"thpcp": [1, 0.782266914845, 0.350432008505, 0.175863102078, 0.169996365905, 0.169203177094, 0.174626171589, 0.209601759911, 0.284313052893, 0.344611018896, 0.320200443268, 0.284610569477, 0.273354351521, 0.356732100248, 0.586463689804, 0.667495250702, 0.523933112621, 0.401026904583, 0.396868854761, 0.459724545479, 0.537536144257, 0.50260579586, 0.326589643955, 0.189697399735, 0.157814115286, 0.187454670668, 0.242974787951, 0.287816524506, 0.322236925364, 0.360460668802, 0.324882060289, 0.281168371439, 0.301012605429, 0.347772568464, 0.507325232029, 0.792448818684], "hpcp": {"dmean2": [0.135999396443, 0.145114079118, 0.148667037487, 0.170883342624, 0.194556340575, 0.226875603199, 0.226075008512, 0.248672679067, 0.211786016822, 0.187387079, 0.204385265708, 0.212237030268, 0.179210230708, 0.146255865693, 0.119560316205, 0.101144753397, 0.109069742262, 0.116755403578, 0.134602949023, 0.149580806494, 0.134864076972, 0.139283046126, 0.145995244384, 0.16509616375, 0.19453112781, 0.25516846776, 0.304825663567, 0.292221337557, 0.266771703959, 0.190554589033, 0.102052502334, 0.092962294817, 0.0890499353409, 0.0922595709562, 0.117477379739, 0.124262139201], "median": [0.0152602111921, 0.0123296193779, 0.0125169055536, 0.0115726171061, 0.0115782152861, 0.0101821441203, 0.00944329518825, 0.0068294191733, 0.00510673550889, 0.00524354213849, 0.0116723412648, 0.0278326999396, 0.0339462198317, 0.017979780212, 0.00677102711052, 0.00428876793012, 0.00497845746577, 0.00601609470323, 0.0076014008373, 0.0161360483617, 0.0183697044849, 0.0152197517455, 0.00955027807504, 0.00566339539364, 0.00696456059813, 0.0187998283654, 0.0869185999036, 0.141283109784, 0.0603968687356, 0.0170137193054, 0.00616192864254, 0.00512418104336, 0.00544197764248, 0.00664665037766, 0.00976700149477, 0.0150987794623], "min": [0, 0, 0, 0, 0, 0, 0, 0, 0, 0, 0, 0, 0, 0, 0, 0, 0, 0, 0, 0, 0, 0, 0, 0, 0, 0, 0, 0, 0, 0, 0, 0, 0, 0, 0, 0], "dvar2": [0.0694570541382, 0.076630346477, 0.0840974450111, 0.106772854924, 0.110603034496, 0.137679308653, 0.127249270678, 0.147512942553, 0.126588702202, 0.105234675109, 0.104772314429, 0.0999420359731, 0.0796403586864, 0.0673335269094, 0.0623560398817, 0.0594952516258, 0.060827922076, 0.064017213881, 0.0674886852503, 0.0767965465784, 0.0580291114748, 0.0644838139415, 0.0825119018555, 0.101096838713, 0.112517535686, 0.139726132154, 0.142048731446, 0.124720536172, 0.138146683574, 0.0975161492825, 0.0526185184717, 0.0579337030649, 0.048416569829, 0.0472944714129, 0.0687617659569, 0.0660079196095], "dvar": [0.0275688003749, 0.0297449678183, 0.0329166576266, 0.040922537446, 0.0438647344708, 0.0576169900596, 0.0533574707806, 0.0609279535711, 0.050487678498, 0.0461405292153, 0.046746160835, 0.0443687550724, 0.0334011092782, 0.0251473430544, 0.0227598305792, 0.0220675747842, 0.0225846562535, 0.0247248634696, 0.0274877808988, 0.0300273615867, 0.0232538878918, 0.025118464604, 0.0310830622911, 0.0387494452298, 0.0433508232236, 0.0546778254211, 0.0582903251052, 0.053496055305, 0.0538394078612, 0.0366063117981, 0.019610458985, 0.0221793055534, 0.0183938555419, 0.0178018733859, 0.0253924019635, 0.0251082573086], "dmean": [0.0787988379598, 0.0847688391805, 0.0858633071184, 0.0958879962564, 0.11353456974, 0.132439166307, 0.136000409722, 0.146757081151, 0.126179561019, 0.112682253122, 0.122612528503, 0.127773076296, 0.107889354229, 0.0858940109611, 0.0671085864305, 0.0573588237166, 0.0620656609535, 0.0682623758912, 0.0788718611002, 0.0887242257595, 0.0805689543486, 0.0832910090685, 0.0846080482006, 0.0936336070299, 0.111404016614, 0.1487441957, 0.183123543859, 0.178186073899, 0.156354278326, 0.109414644539, 0.058300729841, 0.0537147708237, 0.0515869557858, 0.0529993698001, 0.0669056624174, 0.0721058994532], "max": [1, 1, 1, 1, 1, 1, 1, 1, 1, 1, 1, 1, 1, 1, 1, 1, 1, 1, 1, 1, 1, 1, 1, 1, 1, 1, 1, 1, 1, 1, 1, 1, 1, 1, 1, 1], "var": [0.0481007657945, 0.0414336957037, 0.0379856191576, 0.036639470607, 0.0471935495734, 0.0987567156553, 0.107662312686, 0.0832074955106, 0.0614629462361, 0.0630403459072, 0.0678915455937, 0.0745084509254, 0.0639183968306, 0.0338881909847, 0.0205754265189, 0.0184267684817, 0.0217852517962, 0.0318402834237, 0.0373016446829, 0.0349872373044, 0.0355568751693, 0.0330041609704, 0.034365516156, 0.0438706465065, 0.0500236228108, 0.0716636478901, 0.0967049971223, 0.120301738381, 0.107112780213, 0.0414992012084, 0.020502300933, 0.0221334863454, 0.0202466119081, 0.0200104042888, 0.0232303608209, 0.0351335406303], "mean": [0.105070903897, 0.0976281836629, 0.0867769345641, 0.083344951272, 0.108766585588, 0.178811073303, 0.203517362475, 0.159745693207, 0.122271940112, 0.121004164219, 0.140168681741, 0.163893207908, 0.153243049979, 0.0995762348175, 0.0578381866217, 0.0481170639396, 0.0571543872356, 0.0740823075175, 0.0877544209361, 0.0982491075993, 0.109903410077, 0.099055595696, 0.0857274234295, 0.0917778685689, 0.106034845114, 0.154681995511, 0.241615340114, 0.304897099733, 0.238510921597, 0.106845706701, 0.0536201484501, 0.0518313981593, 0.0515895597637, 0.0532430112362, 0.0639069676399, 0.0866862237453]}, "tuning_equal_tempered_deviation": 0.184012621641, "chords_changes_rate": 0.103470645845, "key_key": "B", "tuning_diatonic_strength": 0.713562309742, "key_scale": "major", "chords_number_rate": 0.0035679533612, "tuning_frequency": 449.245300293, "tuning_nontempered_energy_ratio": 0.87337744236, "chords_histogram": [32.7602996826, 0.8108984828, 12.8446321487, 3.79500484467, 0.8108984828, 3.85987663269, 0, 0, 0, 0, 9.47129440308, 1.13525784016, 11.9039897919, 1.84884858131, 0.8108984828, 0, 0.0973078161478, 5.87090492249, 0.129743754864, 10.8660392761, 2.40025949478, 0, 0.0648718774319, 0.518975019455], "key_strength": 0.741036236286, "chords_key": "B", "chords_strength": {"dmean2": 0.0158300735056, "median": 0.553605020046, "min": -1, "dvar2": 0.00135849858634, "dvar": 0.000761532050092, "dmean": 0.0145481266081, "max": 0.836465120316, "var": 0.0574309378862, "mean": 0.520490944386}, "chords_scale": "major", "hpcp_entropy": {"dmean2": 0.991207063198, "median": 1.43977630138, "min": 0, "dvar2": 0.808632314205, "dvar": 0.324722111225, "dmean": 0.585841953754, "max": 4.74917793274, "var": 0.777190208435, "mean": 1.41300308704}}, "metadata": {"audio_properties": {"equal_loudness": 0, "codec": "flac", "downmix": "mix", "sample_rate": 44100, "analysis_sample_rate": 44100, "bit_rate": 0, "md5_encoded": "ff558b8926baeb42bfc7b0578fbdf1ef", "length": 143.119995117, "replay_gain": -9.53171730042, "lossless": true}, "version": {"essentia_build_sha": "70f2e5ece6736b2c40cc944ad0e695b16b925413", "essentia": "2.1-beta2", "extractor": "music 1.0", "essentia_git_sha": "v2.1_beta2"}, "tags": {"title": ["Fire Down Yonder"], "media": ["CD"], "albumartist": ["Belmont Silvertone Jubilee Singers / Southern Wonders Quartet"], "tracktotal": ["26"], "releasetype": ["album", "compilation"], "musicbrainz_recordingid": ["0b565fb9-5b1e-45ed-a025-8c3b3c642a66"], "musicbrainz_albumartistid": ["c3bedddf-1668-42ad-821c-b7343c214fd0", "592eaa8f-bfd1-4ec4-8e31-7046d63c82ee"], "musicbrainz_releasetrackid": ["5c60c345-769b-4e8a-bfb0-642a34957ea1"], "album": ["Complete Recorded Works in Chronological Order"], "catalognumber": ["DOCD-5371"], "date": ["1995"], "file_name": "09 - Belmont Silvertone Jubilee Singers - Fire Down Yonder.flac", "musicbrainz_releasegroupid": ["2b736988-add7-42bb-b298-5dca94844833"], "script": ["Latn"], "originaldate": ["1995"], "musicbrainz_albumid": ["101e6f41-e8fc-49b7-8218-6c096663e0d5"], "artist": ["Belmont Silvertone Jubilee Singers"], "totaltracks": ["26"], "artistsort": ["Belmont Silvertone Jubilee Singers"], "tracknumber": ["9"], "label": ["Document Records"], "albumartistsort": ["Belmont Silvertone Jubilee Singers / Southern Wonders Quartet"], "musicbrainz_artistid": ["c3bedddf-1668-42ad-821c-b7343c214fd0"], "releasestatus": ["official"]}}, "rhythm": {"bpm_histogram_first_peak_bpm": {"dmean2": 0, "median": 103, "min": 103, "dvar2": 0, "dvar": 0, "dmean": 0, "max": 103, "var": 0, "mean": 103}, "bpm": 103.600067139, "bpm_histogram_second_peak_spread": {"dmean2": 0, "median": 0.153846144676, "min": 0.153846144676, "dvar2": 0, "dvar": 0, "dmean": 0, "max": 0.153846144676, "var": 0, "mean": 0.153846144676}, "bpm_histogram_first_peak_weight": {"dmean2": 0, "median": 0.102040819824, "min": 0.102040819824, "dvar2": 0, "dvar": 0, "dmean": 0, "max": 0.102040819824, "var": 0, "mean": 0.102040819824}, "onset_rate": 2.4521548748, "beats_position": [0.371519267559, 0.743038535118, 1.1261677742, 1.50929701328, 1.90403628349, 2.28716540337, 2.67029476166, 3.05342388153, 3.43655323982, 3.80807256699, 4.17959165573, 4.52789115906, 4.87619018555, 5.22448968887, 5.5727891922, 5.92108821869, 6.26938772202, 6.6176867485, 6.96598625183, 7.30267572403, 7.6277551651, 7.95283412933, 8.28952407837, 8.62621307373, 8.96290206909, 9.287981987, 9.61306095123, 9.96135997772, 10.2864398956, 10.6115188599, 10.9365987778, 11.2732877731, 11.5983667374, 11.9118366241, 12.2253055573, 12.5619955063, 12.8870744705, 13.2121543884, 13.5372333527, 13.873922348, 14.2222223282, 14.5589113235, 15.0000905991, 15.4412698746, 15.8940582275, 16.3584575653, 16.8344669342, 17.3104763031, 17.8445339203, 18.3669834137, 18.8894329071, 19.5047607422, 20.1317005157, 20.7470283508, 21.3507480621, 21.9660758972, 22.5697956085, 23.1735134125, 23.7772331238, 24.40417099, 25.0078907013, 25.6348285675, 26.2501583099, 26.865486145, 27.4924259186, 28.1193637848, 28.7579135895, 29.3964614868, 30.0466213226, 30.68516922, 31.3121089935, 31.9274368286, 32.5311546326, 33.1348762512, 33.7269821167, 34.3307037354, 34.9228096008, 35.5265312195, 36.1302490234, 36.7339668274, 37.3260765076, 37.9297943115, 38.5219039917, 39.1140136719, 39.7061233521, 40.309841156, 40.8903388977, 41.4708366394, 42.0397262573, 42.6202278137, 43.1891136169, 43.7696151733, 44.3617210388, 44.9306106567, 45.5111083984, 46.0683898926, 46.6372795105, 47.2061653137, 47.7170066833, 48.2394561768, 48.7619056702, 49.2959632874, 49.8300209045, 50.3756904602, 50.9561882019, 51.5250778198, 52.1055755615, 52.6860771179, 53.2665748596, 53.8470726013, 54.4275741577, 55.0080718994, 55.5885696411, 56.1690673828, 56.7379570007, 57.3068466187, 57.8641242981, 58.4446258545, 59.0251235962, 59.5475730896, 60.0468025208, 60.5344200134, 61.0220413208, 61.5212669373, 62.0204963684, 62.5081176758, 63.0073471069, 63.5065765381, 64.0058059692, 64.4934234619, 64.9926528931, 65.5499343872, 66.107208252, 66.6644897461, 67.2217712402, 67.779045105, 68.3479385376, 68.9052124023, 69.474105835, 70.0313796997, 70.5886611938, 71.1691589355, 71.7496566772, 72.3301544189, 72.8990478516, 73.4447174072, 74.0136032104, 74.5941009521, 75.1629943848, 75.731880188, 76.3123779297, 76.9044876099, 77.4849853516, 78.0654830933, 78.6459884644, 79.2264862061, 79.8185958862, 80.410697937, 80.9912033081, 81.5600891113, 82.1289749146, 82.6978683472, 83.2899780273, 83.8820877075, 84.4741897583, 85.0314712524, 85.5887527466, 86.1460266113, 86.6684799194, 87.1909255981, 87.7133789062, 88.235824585, 88.7814941406, 89.3968200684, 90.000541687, 90.6042633057, 91.1847610474, 91.7420425415, 92.2993164062, 92.8565979004, 93.4022674561, 93.9595413208, 94.5052108765, 95.0508804321, 95.5965499878, 96.1538314819, 96.6995010376, 97.2451705933, 97.7792282104, 98.3481140137, 98.9170074463, 99.497505188, 100.07800293, 100.658500671, 101.192558289, 101.726615906, 102.272285461, 102.678634644, 103.084983826, 103.491333008, 103.886077881, 104.280815125, 104.675552368, 105.070289612, 105.465034485, 105.859771729, 106.277732849, 106.69568634, 107.067207336, 107.450340271, 107.821853638, 108.193374634, 108.553283691, 108.90158844, 109.261497498, 109.609794617, 109.958091736, 110.306388855, 110.666305542, 111.0262146, 111.386123657, 111.757637024, 112.12915802, 112.500679016, 112.872200012, 113.255325317, 113.638458252, 114.009971619, 114.369888306, 114.799453735, 115.229019165, 115.646980286, 116.053329468, 116.448066711, 116.842811584, 117.237548828, 117.632286072, 118.027030945, 118.421768188, 118.816505432, 119.211242676, 119.59437561, 119.977500916, 120.349021912, 120.720542908, 121.092063904, 121.463577271, 121.835098267, 122.22983551, 122.624580383, 123.019317627, 123.437278748, 123.820404053, 124.215148926, 124.598274231, 124.993011475, 125.387756348, 125.770881653, 126.154014587, 126.525527954, 126.89704895, 127.268569946, 127.640090942, 128.011611938, 128.383132935, 128.76625061, 129.149383545, 129.509292603, 129.880813599, 130.263946533, 130.647079468, 131.006988525, 131.355285645, 131.726806641, 132.086715698, 132.446624756, 132.806533813, 133.166442871, 133.51473999, 133.886260986, 134.269378662, 134.652511597, 135.04725647, 135.581314087, 136.115371704, 136.719085693, 137.311203003, 137.903305054, 138.541854858, 139.180404663, 139.830566406, 140.469116211, 141.107666016, 141.74621582, 142.396362305], "beats_loudness": {"dmean2": 0.0256664026529, "median": 0.0252523105592, "min": 0, "dvar2": 0.00056223734282, "dvar": 0.000201331378776, "dmean": 0.0153626985848, "max": 0.0880293697119, "var": 0.000314593344228, "mean": 0.0287172161043}, "danceability": 1.12647032738, "bpm_histogram_second_peak_weight": {"dmean2": 0, "median": 0.0748299285769, "min": 0.0748299285769, "dvar2": 0, "dvar": 0, "dmean": 0, "max": 0.0748299285769, "var": 0, "mean": 0.0748299285769}, "beats_count": 295, "bpm_histogram_second_peak_bpm": {"dmean2": 0, "median": 152, "min": 152, "dvar2": 0, "dvar": 0, "dmean": 0, "max": 152, "var": 0, "mean": 152}, "bpm_histogram_first_peak_spread": {"dmean2": 0, "median": 0.625, "min": 0.625, "dvar2": 0, "dvar": 0, "dmean": 0, "max": 0.625, "var": 0, "mean": 0.625}, "beats_loudness_band_ratio": {"dmean2": [0.121916525066, 0.382553517818, 0.306395679712, 0.290880262852, 0.087112262845, 0.0232240762562], "median": [0.043818578124, 0.26792037487, 0.392811149359, 0.153816148639, 0.0223174933344, 0.00535184470937], "min": [0, 0, 0, 0, 0, 0], "dvar2": [0.0285381432623, 0.0955152437091, 0.0674226433039, 0.0727519541979, 0.0172802135348, 0.00542879523709], "dvar": [0.0124550899491, 0.0351227000356, 0.0233335811645, 0.0238141138107, 0.00649481546134, 0.00185128534213], "dmean": [0.0695317834616, 0.213926464319, 0.178305178881, 0.164293304086, 0.0476829484105, 0.0123120909557], "max": [0.862260222435, 0.941209554672, 0.817402124405, 0.887197732925, 0.537672162056, 0.377170115709], "var": [0.0164399333298, 0.0477644428611, 0.0364139862359, 0.0270134061575, 0.00478936824948, 0.00100826809648], "mean": [0.083894610405, 0.326635867357, 0.378904730082, 0.192038089037, 0.0447497032583, 0.0107538644224]}}, "lowlevel": {"barkbands_spread": {"dmean2": 3.13084959984, "median": 7.70237779617, "min": 0.416349589825, "dvar2": 31.6098899841, "dvar": 14.6279211044, "dmean": 2.03724551201, "max": 66.9223556519, "var": 48.2037620544, "mean": 9.2302312851}, "melbands_spread": {"dmean2": 5.03830814362, "median": 10.7414360046, "min": 0.57305264473, "dvar2": 103.454803467, "dvar": 48.3663864136, "dmean": 3.28172016144, "max": 166.161529541, "var": 534.485351562, "mean": 16.2867069244}, "hfc": {"dmean2": 4.08370542526, "median": 13.2297086716, "min": 1.08188679469e-16, "dvar2": 30.8531322479, "dvar": 18.7940921783, "dmean": 3.14484834671, "max": 130.864562988, "var": 178.748535156, "mean": 15.6988592148}, "barkbands_kurtosis": {"dmean2": 6.01335144043, "median": 2.26381778717, "min": -1.74338006973, "dvar2": 250.845748901, "dvar": 113.498397827, "dmean": 3.90227270126, "max": 269.807617188, "var": 239.087890625, "mean": 6.83915376663}, "gfcc": {"mean": [-147.76914978, 174.885009766, -179.36390686, -1.76369154453, -54.776058197, -46.514881134, -22.0283489227, -28.9649906158, -20.0508327484, -17.1851520538, -4.94322967529, -10.8008289337, -10.0260419846], "icov": [[0.00158247700892, -0.00386394490488, 0.00421191286296, -0.00227118842304, 0.0024511134252, -0.000829298631288, 0.00131750374567, -0.000553392455913, 0.000529106822796, 0.00117627426516, -0.00180555158295, 0.00125644390937, -0.00192143511958], [-0.00386394490488, 0.0118808215484, -0.00954590458423, 0.00577228423208, -0.00563482288271, 0.00389755400829, -0.00377217261121, 0.00302238180302, -0.000243815462454, -0.00105331116356, 0.00429355259985, -0.00104320049286, 0.00320255639963], [0.00421191286296, -0.00954590458423, 0.0125427348539, -0.00651137949899, 0.0055783749558, -0.00168463401496, 0.00362713309005, -0.00198608054779, 0.00265753990971, 0.00319679523818, -0.00480306753889, 0.00412945635617, -0.00673519494012], [-0.00227118842304, 0.00577228423208, -0.00651137949899, 0.0059132236056, -0.00333848595619, 0.000493761035614, 0.000415070244344, 0.00110266800039, 0.000714453752153, -0.00349975726567, 0.00698593677953, -0.00629671895877, 0.00607530819252], [0.0024511134252, -0.00563482288271, 0.0055783749558, -0.00333848595619, 0.0116296196356, -0.00352008012123, 0.00402160361409, -0.00230196467601, -0.000314020639053, 0.00137285585515, -0.00264166225679, 0.00258697965182, -0.00138692674227], [-0.000829298631288, 0.00389755400829, -0.00168463401496, 0.000493761035614, -0.00352008012123, 0.01006796211, -0.00880143791437, 0.00357000599615, -0.000756249646656, -0.0031110655982, 0.00396073423326, 0.000182221629075, -0.00302415620536], [0.00131750374567, -0.00377217261121, 0.00362713309005, 0.000415070244344, 0.00402160361409, -0.00880143791437, 0.0197366122156, -0.0113987857476, 0.00696479249746, 0.00195073732175, -0.00137829268351, -0.00640068901703, 0.00478861201555], [-0.000553392455913, 0.00302238180302, -0.00198608054779, 0.00110266800039, -0.00230196467601, 0.00357000599615, -0.0113987857476, 0.0200255978853, -0.00742269540206, 0.00398216815665, -0.00396069372073, 0.00363523885608, -0.00326197245158], [0.000529106822796, -0.000243815462454, 0.00265753990971, 0.000714453752153, -0.000314020639053, -0.000756249646656, 0.00696479249746, -0.00742269540206, 0.0193103514612, -0.0113783944398, 0.0086397305131, -0.0049149938859, 0.00249353982508], [0.00117627426516, -0.00105331116356, 0.00319679523818, -0.00349975726567, 0.00137285585515, -0.0031110655982, 0.00195073732175, 0.00398216815665, -0.0113783944398, 0.0280750989914, -0.0150383934379, 0.00941071286798, -0.00538148591295], [-0.00180555158295, 0.00429355259985, -0.00480306753889, 0.00698593677953, -0.00264166225679, 0.00396073423326, -0.00137829268351, -0.00396069372073, 0.0086397305131, -0.0150383934379, 0.0325756035745, -0.018475079909, 0.0104563077912], [0.00125644390937, -0.00104320049286, 0.00412945635617, -0.00629671895877, 0.00258697965182, 0.000182221629075, -0.00640068901703, 0.00363523885608, -0.0049149938859, 0.00941071286798, -0.018475079909, 0.0303263776004, -0.0146860005334], [-0.00192143511958, 0.00320255639963, -0.00673519494012, 0.00607530819252, -0.00138692674227, -0.00302415620536, 0.00478861201555, -0.00326197245158, 0.00249353982508, -0.00538148591295, 0.0104563077912, -0.0146860005334, 0.0187936872244]], "cov": [[32225.7695312, 5981.53662109, -6194.84277344, -1379.0994873, -1710.84313965, -1808.03405762, -502.844696045, -777.554260254, -629.872009277, -714.470397949, 44.4569892883, -506.495727539, -464.415588379], [5981.53662109, 1524.28735352, -902.536315918, -473.321228027, -316.690216064, -472.553009033, -115.209686279, -161.718154907, -192.993392944, -194.222824097, 6.77182006836, -142.823654175, -62.1528244019], [-6194.84277344, -902.536315918, 1649.92150879, 505.709350586, 294.003051758, 248.259429932, -13.6315097809, 77.7121276855, 43.0471076965, 91.5274963379, -56.2260704041, 79.7802886963, 140.990402222], [-1379.0994873, -473.321228027, 505.709350586, 1043.78552246, 138.994689941, 99.2305450439, -181.821426392, -107.339569092, 77.9058609009, 85.1408462524, -131.771835327, 32.5734519958, -49.7900505066], [-1710.84313965, -316.690216064, 294.003051758, 138.994689941, 226.029342651, 117.699035645, -7.99148511887, 30.5780563354, 63.1183547974, 54.7120513916, -22.1316509247, 6.81484031677, 7.37790060043], [-1808.03405762, -472.553009033, 248.259429932, 99.2305450439, 117.699035645, 352.985412598, 145.416809082, 75.170425415, 44.6019592285, 58.019367218, -5.54269838333, 71.7687530518, 63.9110870361], [-502.844696045, -115.209686279, -13.6315097809, -181.821426392, -7.99148511887, 145.416809082, 237.913909912, 112.965637207, -42.7909317017, -23.0637931824, 60.5144729614, 63.8425674438, 19.2034034729], [-777.554260254, -161.718154907, 77.7121276855, -107.339569092, 30.5780563354, 75.170425415, 112.965637207, 131.544967651, 17.889339447, 4.12008666992, 35.2355117798, 33.8145675659, 24.6377754211], [-629.872009277, -192.993392944, 43.0471076965, 77.9058609009, 63.1183547974, 44.6019592285, -42.7909317017, 17.889339447, 133.352142334, 67.4839935303, -24.7218608856, -2.35705780983, -1.88046896458], [-714.470397949, -194.222824097, 91.5274963379, 85.1408462524, 54.7120513916, 58.019367218, -23.0637931824, 4.12008666992, 67.4839935303, 91.9627075195, 3.97708034515, 4.50965452194, 3.98481297493], [44.4569892883, 6.77182006836, -56.2260704041, -131.771835327, -22.1316509247, -5.54269838333, 60.5144729614, 35.2355117798, -24.7218608856, 3.97708034515, 87.5797348022, 36.3557014465, -1.88883817196], [-506.495727539, -142.823654175, 79.7802886963, 32.5734519958, 6.81484031677, 71.7687530518, 63.8425674438, 33.8145675659, -2.35705780983, 4.50965452194, 36.3557014465, 98.0715560913, 50.2828025818], [-464.415588379, -62.1528244019, 140.990402222, -49.7900505066, 7.37790060043, 63.9110870361, 19.2034034729, 24.6377754211, -1.88046896458, 3.98481297493, -1.88883817196, 50.2828025818, 134.888259888]]}, "spectral_energyband_middle_low": {"dmean2": 0.00511940056458, "median": 0.01503370516, "min": 1.38416639387e-22, "dvar2": 4.48116952612e-05, "dvar": 2.16718290176e-05, "dmean": 0.00359511445276, "max": 0.0844613164663, "var": 0.000179458016646, "mean": 0.0173187684268}, "melbands_crest": {"dmean2": 3.84161233902, "median": 12.6986351013, "min": 1.5169018507, "dvar2": 17.1872367859, "dvar": 7.17786884308, "dmean": 2.49624347687, "max": 33.5348129272, "var": 30.6382331848, "mean": 13.546453476}, "spectral_kurtosis": {"dmean2": 13.4242591858, "median": 9.1166229248, "min": -1.28638708591, "dvar2": 154.625488281, "dvar": 49.0818023682, "dmean": 7.51878261566, "max": 87.5982666016, "var": 94.0554122925, "mean": 11.484044075}, "spectral_rms": {"dmean2": 0.000616284145508, "median": 0.0044917287305, "min": 3.11171119254e-12, "dvar2": 5.11303028361e-07, "dvar": 3.31519828478e-07, "dmean": 0.000473371241242, "max": 0.0102330865338, "var": 3.99467626266e-06, "mean": 0.00430499203503}, "zerocrossingrate": {"dmean2": 0.00544121023268, "median": 0.03369140625, "min": 0.0048828125, "dvar2": 0.000176951667527, "dvar": 9.51014953898e-05, "dmean": 0.00439849216491, "max": 0.5263671875, "var": 0.00606463430449, "mean": 0.047916110605}, "silence_rate_60dB": {"dmean2": 0.0700957328081, "median": 0, "min": 0, "dvar2": 0.0732949078083, "dvar": 0.0338114388287, "dmean": 0.0350421816111, "max": 1, "var": 0.10487742722, "mean": 0.119059205055}, "erbbands_kurtosis": {"dmean2": 1.60067164898, "median": 0.554014205933, "min": -1.8649314642, "dvar2": 7.72298526764, "dvar": 3.28064966202, "dmean": 1.01671802998, "max": 46.9896659851, "var": 6.8697810173, "mean": 1.25767624378}, "erbbands": {"dmean2": [0.000315702840453, 0.00515077635646, 0.0399911999702, 0.410565257072, 2.90342187881, 7.51518344879, 9.62001419067, 18.3713245392, 15.858499527, 49.4034614563, 31.0405368805, 29.7880859375, 21.867685318, 20.6837100983, 24.9912776947, 28.8755645752, 39.4771461487, 25.2161521912, 9.01525020599, 3.40746307373, 5.23234510422, 6.60344552994, 4.24491024017, 3.28436398506, 3.4207470417, 0.975359022617, 0.289358496666, 0.13910870254, 0.0661415606737, 0.0336975939572, 0.00754531286657, 0.00133702286985, 0.000417717674281, 0.000177460970008, 5.28041600774e-05, 1.4088401258e-05, 5.5892223827e-06, 1.71138572114e-06, 2.95506765724e-06, 6.72642954669e-06], "median": [0.000207552831853, 0.00316859106533, 0.0364847145975, 0.537153184414, 2.94199109077, 8.99140834808, 10.156583786, 16.8048877716, 16.6982421875, 26.0463371277, 22.3947296143, 21.7943553925, 16.4946613312, 10.5396966934, 17.6870193481, 14.9702892303, 15.1956014633, 9.58779811859, 3.63529086113, 2.2436773777, 4.25743103027, 4.76897478104, 3.22614645958, 3.38056588173, 2.72499346733, 0.820083320141, 0.268115609884, 0.120887488127, 0.0573586523533, 0.0255888532847, 0.00555059639737, 0.00103213998955, 0.000360072473995, 0.000170048821019, 6.51803566143e-05, 2.79747055174e-05, 1.30863281811e-05, 3.53009841092e-06, 1.0661041415e-05, 2.3889089789e-05], "min": [5.63722590335e-23, 5.90364063935e-22, 1.98523508571e-21, 4.38442600429e-21, 1.20741550686e-20, 2.54861649181e-20, 3.99382186786e-20, 5.50092426442e-20, 7.81618858179e-20, 1.44073575731e-19, 2.76055916406e-19, 4.30965700332e-19, 4.28136432445e-19, 4.40501955422e-19, 6.77928330426e-19, 8.0938397677e-19, 1.73690847356e-18, 1.76081171852e-18, 1.96643372276e-18, 2.59537864035e-18, 3.84632987778e-18, 4.35892749952e-18, 4.47676310009e-18, 6.02227935071e-18, 6.26454318133e-18, 8.11958173176e-18, 8.4413401008e-18, 1.04047823249e-17, 1.10672183379e-17, 1.08534244096e-17, 1.12100352066e-17, 1.20552218867e-17, 9.20091937779e-18, 7.14523658925e-18, 5.82117354582e-18, 4.58329320964e-18, 2.00705118596e-18, 8.59715797394e-19, 2.1530647975e-19, 2.82776603786e-20], "dvar2": [1.39608545169e-07, 7.42429256206e-05, 0.00499061262235, 0.713433027267, 23.8502407074, 162.744873047, 337.988922119, 1407.13208008, 978.812683105, 11012.4980469, 3730.71972656, 3686.29003906, 3324.11303711, 5139.24560547, 4555.18554688, 5048.76269531, 11315.4960938, 4391.03369141, 472.464904785, 95.7170028687, 94.7345352173, 164.908187866, 69.6593093872, 29.1328029633, 32.3679351807, 3.42513728142, 0.241924971342, 0.0582774691284, 0.0135633405298, 0.00357175897807, 0.000218777902774, 8.81468076841e-06, 6.84005271978e-07, 1.19337286719e-07, 1.10514202234e-08, 4.17519574469e-10, 5.77403368174e-11, 7.38484620677e-12, 1.35041370447e-11, 7.15831838249e-11], "dvar": [4.89039173601e-08, 2.67661598627e-05, 0.00227006920613, 0.283049315214, 9.48093032837, 62.8412361145, 153.594146729, 571.138000488, 448.758605957, 4855.62451172, 1662.07885742, 1826.5246582, 2059.76098633, 2174.67797852, 2226.18505859, 2252.6394043, 5268.41503906, 2383.41577148, 264.119659424, 39.0066375732, 40.9573822021, 72.5016555786, 35.7062454224, 13.2448215485, 15.5493164062, 1.93080067635, 0.10537148267, 0.0223440062255, 0.00536983134225, 0.00158917251974, 8.85831977939e-05, 3.30437092089e-06, 2.41886681351e-07, 4.18579411132e-08, 3.83415388328e-09, 1.54043430789e-10, 2.18327161905e-11, 2.70706981137e-12, 7.76768146332e-12, 3.99474169022e-11], "dmean": [0.000180158996955, 0.0029898378998, 0.026084901765, 0.281342178583, 1.9446092844, 4.90915489197, 6.53658533096, 12.2585706711, 10.8096570969, 33.5609512329, 21.4132156372, 21.1087532043, 17.0089092255, 14.5423088074, 18.2728881836, 20.1644077301, 26.8318080902, 18.4180641174, 6.52241277695, 2.37718629837, 3.45807409286, 4.46975231171, 2.88613128662, 2.21145963669, 2.36142730713, 0.673133790493, 0.181282490492, 0.0839781761169, 0.0400436408818, 0.0213957894593, 0.00473540369421, 0.000797053973656, 0.000241345973336, 0.000101924444607, 3.06943293253e-05, 8.56633505464e-06, 3.50517098013e-06, 1.05886635993e-06, 2.21378058995e-06, 5.00786336488e-06], "max": [0.00523989228532, 0.136178597808, 0.920355975628, 11.1786432266, 46.3638496399, 187.181060791, 244.523910522, 759.562805176, 564.231689453, 1107.8527832, 974.903503418, 1431.11853027, 1764.78308105, 1212.85461426, 1574.76025391, 1095.83752441, 3101.81274414, 1490.46508789, 389.306793213, 227.002807617, 155.133102417, 187.380065918, 309.719512939, 116.548583984, 96.7221374512, 71.8935775757, 10.1639738083, 4.52965974808, 2.43763566017, 0.965690970421, 0.274839997292, 0.0554398410022, 0.00994739681482, 0.00448788236827, 0.00153788574971, 0.000342820625519, 0.0001091312879, 5.20876637893e-05, 6.30769136478e-05, 0.00013186322758], "var": [6.37186516883e-08, 7.85522061051e-05, 0.0122228134423, 0.983176290989, 37.2043457031, 172.887573242, 515.755859375, 3771.67456055, 1357.66247559, 15002.0097656, 5227.52880859, 10557.9345703, 23463.8378906, 12195.8046875, 8673.88378906, 8417.75292969, 13661.8857422, 9345.55371094, 1095.00219727, 181.975769043, 165.862747192, 262.939727783, 153.657287598, 54.6326828003, 84.4463500977, 8.4159040451, 0.298241525888, 0.0470880828798, 0.0130694508553, 0.00516602909192, 0.000267694704235, 5.75380954615e-06, 2.7168536576e-07, 4.25519708358e-08, 3.8948182457e-09, 4.06539107933e-10, 8.46654205078e-11, 8.00495867509e-12, 7.9383867535e-11, 3.98280020075e-10], "mean": [0.000276166829281, 0.0065095666796, 0.0883889123797, 0.863696694374, 5.55482053757, 12.2563619614, 17.7814693451, 39.6371078491, 28.1316375732, 78.7253417969, 50.8151512146, 59.9183502197, 64.4270553589, 42.8774223328, 47.6070098877, 48.460609436, 57.3794212341, 43.213558197, 15.6602926254, 6.18061494827, 8.61764335632, 10.7641115189, 7.27424144745, 5.79664945602, 6.22321367264, 1.73878598213, 0.425387144089, 0.184440225363, 0.0883706882596, 0.0477414280176, 0.0103294672444, 0.00161596946418, 0.000479072157759, 0.000213250241359, 7.7443291957e-05, 3.11078256345e-05, 1.45991161844e-05, 4.08575033362e-06, 1.19609649119e-05, 2.66808474407e-05]}, "spectral_strongpeak": {"dmean2": 0.878228545189, "median": 1.40569543839, "min": 9.10827038791e-11, "dvar2": 1.21790754795, "dvar": 0.507307231426, "dmean": 0.542526423931, "max": 11.1148042679, "var": 1.92083275318, "mean": 1.68879067898}, "spectral_energy": {"dmean2": 0.00586262019351, "median": 0.0206800177693, "min": 9.92481510421e-21, "dvar2": 5.44172798982e-05, "dvar": 2.98783925246e-05, "dmean": 0.00434615276754, "max": 0.107333958149, "var": 0.000295378122246, "mean": 0.0230907797813}, "average_loudness": 0.882962524891, "spectral_rolloff": {"dmean2": 309.508728027, "median": 990.52734375, "min": 193.798828125, "dvar2": 393766.90625, "dvar": 196918.421875, "dmean": 186.032791138, "max": 19724.4140625, "var": 8915343, "mean": 1497.34204102}, "spectral_centroid": {"dmean2": 193.498504639, "median": 775.721130371, "min": 222.092941284, "dvar2": 156609.46875, "dvar": 75415.6484375, "dmean": 126.476394653, "max": 11720.78125, "var": 2974371, "mean": 1124.52038574}, "pitch_salience": {"dmean2": 0.0827748775482, "median": 0.592681407928, "min": 0.0474331155419, "dvar2": 0.00778145249933, "dvar": 0.0034170250874, "dmean": 0.0533442795277, "max": 0.948932230473, "var": 0.0130817154422, "mean": 0.583835542202}, "spectral_energyband_middle_high": {"dmean2": 0.00213981326669, "median": 0.00334665179253, "min": 1.08234583863e-21, "dvar2": 1.29533800646e-05, "dvar": 6.89338185111e-06, "dmean": 0.00159760890529, "max": 0.0795236155391, "var": 4.5618355216e-05, "mean": 0.00575056159869}, "spectral_contrast_coeffs": {"dmean2": [0.0674819871783, 0.0687432140112, 0.0576315559447, 0.0496924594045, 0.0366594642401, 0.0321931540966], "median": [-0.451678961515, -0.617272615433, -0.7044672966, -0.743887066841, -0.765435099602, -0.683467745781], "min": [-0.981978595257, -0.978223204613, -0.985983848572, -0.986641585827, -0.985756158829, -0.964577376842], "dvar2": [0.00328890909441, 0.00401759753004, 0.00245347572491, 0.00179262633901, 0.00111527892295, 0.000786469667219], "dvar": [0.0015038154088, 0.00181740557309, 0.00135446642525, 0.000872937438544, 0.000492987048347, 0.000277379993349], "dmean": [0.0419594720006, 0.0438463687897, 0.0374965369701, 0.0318829081953, 0.0233576167375, 0.0191612485796], "max": [-0.264211833477, -0.335469394922, -0.381780296564, -0.523208916187, -0.620051383972, -0.580416381359], "var": [0.0186711642891, 0.0112208668143, 0.0143935447559, 0.00636035809293, 0.00389751978219, 0.00321251968853], "mean": [-0.491399407387, -0.626472175121, -0.699241697788, -0.750831782818, -0.778642356396, -0.693304657936]}, "melbands_skewness": {"dmean2": 0.790513575077, "median": 1.46129584312, "min": -1.16511142254, "dvar2": 1.54627144337, "dvar": 0.783382773399, "dmean": 0.540690600872, "max": 13.2907943726, "var": 3.75334811211, "mean": 1.92924106121}, "spectral_spread": {"dmean2": 454405.03125, "median": 1957652, "min": 863800.75, "dvar2": 473492094976, "dvar": 325429395456, "dmean": 279275.59375, "max": 43324368, "var": 40166005669900.0, "mean": 3145411.75}, "dissonance": {"dmean2": 0.0517186932266, "median": 0.423981904984, "min": 0.000733159249648, "dvar2": 0.00278791855089, "dvar": 0.000994434813038, "dmean": 0.0310001727194, "max": 0.499987155199, "var": 0.00295003759675, "mean": 0.415219336748}, "spectral_skewness": {"dmean2": 1.08121454716, "median": 1.80023300648, "min": -0.0934159457684, "dvar2": 0.881459951401, "dvar": 0.282995045185, "dmean": 0.615024626255, "max": 7.33152580261, "var": 0.857905745506, "mean": 1.90792417526}, "spectral_flux": {"dmean2": 0.0281928405166, "median": 0.053684040904, "min": 6.40998573664e-11, "dvar2": 0.000842512003146, "dvar": 0.000358472461812, "dmean": 0.0181356221437, "max": 0.277348518372, "var": 0.00142983254045, "mean": 0.0582513287663}, "spectral_contrast_valleys": {"dmean2": [0.676425218582, 0.59831994772, 0.528425037861, 0.494398325682, 0.414381355047, 0.518135070801], "median": [-9.31167602539, -7.10737705231, -7.89007282257, -8.25113773346, -8.32867717743, -13.3597078323], "min": [-28.4655361176, -28.1684608459, -27.9859828949, -27.7689666748, -27.5341262817, -27.386964798], "dvar2": [0.325652211905, 0.346730917692, 0.267703950405, 0.238535135984, 0.221456587315, 0.282745867968], "dvar": [0.137021407485, 0.179528817534, 0.146722480655, 0.130836039782, 0.111677385867, 0.112021863461], "dmean": [0.403592646122, 0.387105703354, 0.346966296434, 0.317163795233, 0.26062142849, 0.299379348755], "max": [-7.12939119339, -4.9041595459, -5.55079698563, -6.2620434761, -6.42979335785, -11.4275569916], "var": [9.15274620056, 12.2367181778, 11.1377487183, 10.3820056915, 10.0418071747, 5.38333845139], "mean": [-9.77438640594, -7.79540681839, -8.44161987305, -8.78642749786, -8.83469295502, -13.7422800064]}, "erbbands_flatness_db": {"dmean2": 0.0222170501947, "median": 0.31583493948, "min": 0.0839181914926, "dvar2": 0.000547997187823, "dvar": 0.000296699930914, "dmean": 0.015038004145, "max": 0.477776318789, "var": 0.0034995933529, "mean": 0.30872669816}, "spectral_energyband_high": {"dmean2": 1.28091587612e-05, "median": 1.1871852621e-05, "min": 7.00336827703e-21, "dvar2": 6.32528862621e-10, "dvar": 3.36328964679e-10, "dmean": 8.11964127934e-06, "max": 0.00106458284426, "var": 9.83580994429e-10, "mean": 1.91736598936e-05}, "spectral_entropy": {"dmean2": 0.23733921349, "median": 6.71603441238, "min": 4.69471931458, "dvar2": 0.0728482455015, "dvar": 0.0340077653527, "dmean": 0.157344102859, "max": 9.82340049744, "var": 0.501965999603, "mean": 6.73599243164}, "silence_rate_20dB": {"dmean2": 0, "median": 1, "min": 1, "dvar2": 0, "dvar": 0, "dmean": 0, "max": 1, "var": 0, "mean": 1}, "melbands_flatness_db": {"dmean2": 0.0293330680579, "median": 0.318543434143, "min": 0.00259679392911, "dvar2": 0.00103059504181, "dvar": 0.000519426073879, "dmean": 0.0195301156491, "max": 0.512510716915, "var": 0.00581457000226, "mean": 0.308577239513}, "barkbands": {"dmean2": [1.64981690887e-06, 1.82420153578e-05, 4.92430735903e-05, 0.000271282013273, 0.00181002717, 0.00182733684778, 0.00180049845949, 0.00215568137355, 0.00145393819548, 0.00062410539249, 0.000677197764162, 0.000763102376368, 0.00090354582062, 0.00048143506865, 0.000102338271972, 8.76008416526e-05, 0.000129204578116, 7.68560857978e-05, 7.42482880014e-05, 2.46374002018e-05, 4.88240766572e-06, 1.71164697349e-06, 4.31912781096e-07, 3.45379369548e-08, 1.08973798874e-08, 2.63306287884e-09, 1.91744309319e-09], "median": [5.22736115727e-07, 7.55970086175e-06, 1.49365405377e-05, 0.000209518257179, 0.00277652894147, 0.00226494320668, 0.000923913903534, 0.00108511955477, 0.00101935432758, 0.00018263826496, 0.000195407672436, 0.000243384842179, 0.000238284948864, 0.000111133704195, 4.31784246757e-05, 6.08503614785e-05, 7.75404696469e-05, 5.16900836374e-05, 6.50000220048e-05, 1.54772860697e-05, 4.06490153182e-06, 1.45656099448e-06, 2.70714480166e-07, 2.63205404138e-08, 9.58859391886e-09, 3.02609848291e-09, 1.26130439426e-09], "min": [3.86189148778e-25, 2.27533556919e-24, 8.58888087777e-25, 5.20041760625e-25, 4.56312527991e-24, 5.77730211991e-24, 7.47413285514e-24, 8.89698785925e-24, 1.32704532282e-23, 7.9928073226e-24, 1.08222975617e-23, 1.02680896437e-23, 2.17207848874e-23, 2.81004118908e-23, 3.2865037095e-23, 6.49329901987e-23, 6.43907145907e-23, 7.29266187255e-23, 1.29028424686e-22, 1.5436136106e-22, 2.31264507702e-22, 3.18819005748e-22, 3.77406076969e-22, 6.08858750085e-22, 6.88979048204e-22, 1.24431622382e-21, 1.85294596443e-21], "dvar2": [7.56722202261e-12, 8.79024353306e-10, 9.22785403645e-09, 3.71081881667e-07, 7.07312483428e-06, 1.12194393296e-05, 1.41891596286e-05, 1.91211856873e-05, 8.82348376763e-06, 2.44685406869e-06, 3.64683364751e-06, 3.30996749653e-06, 5.16031150255e-06, 1.59302987868e-06, 5.89223461134e-08, 3.0049005062e-08, 6.69960016353e-08, 2.11819219942e-08, 1.33330111396e-08, 2.13049888842e-09, 7.118899914e-11, 8.89057490822e-12, 7.06251409351e-13, 5.27855093213e-15, 4.72182010458e-16, 1.43733947262e-17, 8.25173458797e-18], "dvar": [2.83101515321e-12, 3.14533787904e-10, 4.45533432369e-09, 1.37931849054e-07, 2.82137716567e-06, 4.50852394351e-06, 6.69038490742e-06, 8.02121849119e-06, 4.40926760348e-06, 1.46486377162e-06, 1.58748810009e-06, 1.51736287535e-06, 2.61395643975e-06, 8.66109985509e-07, 3.15650012794e-08, 1.22501031541e-08, 2.95161690644e-08, 1.00622523647e-08, 6.6178991176e-09, 1.10161879618e-09, 2.8344073616e-11, 3.54551978055e-12, 2.97486021277e-13, 1.90394774159e-15, 1.64915541355e-16, 4.92265191416e-18, 2.65180187071e-18], "dmean": [9.72604425442e-07, 1.04778791865e-05, 3.24902830471e-05, 0.000184382501175, 0.0011996307876, 0.00121281726751, 0.00124353333376, 0.00146329624113, 0.00100648473017, 0.000469895399874, 0.000469206745038, 0.000526501855347, 0.000614516728092, 0.000343571853591, 7.07034123479e-05, 5.66709859413e-05, 8.59689243953e-05, 5.12372062076e-05, 5.0564052799e-05, 1.66751469806e-05, 2.95378868032e-06, 1.04485468455e-06, 2.70545086778e-07, 2.00652543469e-08, 6.23283291645e-09, 1.48128431743e-09, 1.03467323598e-09], "max": [4.54300279671e-05, 0.000447161728516, 0.00118342635687, 0.00651117227972, 0.0348162949085, 0.0607900209725, 0.0549420155585, 0.0468969009817, 0.0677644461393, 0.0319907180965, 0.032746180892, 0.0277009624988, 0.0739906728268, 0.0249429028481, 0.00610343040898, 0.00284643284976, 0.00588091881946, 0.00477556418628, 0.00207305955701, 0.0011800872162, 0.000152379070641, 4.87341058033e-05, 1.24178577607e-05, 9.58009536589e-07, 2.99828428751e-07, 4.70133336705e-08, 3.42818999854e-08], "var": [3.08192642413e-12, 8.70515604046e-10, 2.48756713006e-08, 4.71662588097e-07, 9.97880943032e-06, 2.97129681712e-05, 1.67766520462e-05, 2.64855989371e-05, 2.87357106572e-05, 9.91408433038e-06, 4.39076438852e-06, 6.42235227133e-06, 6.99919883118e-06, 2.96040116154e-06, 1.67696342146e-07, 4.11790210819e-08, 9.98872664582e-08, 3.87571716942e-08, 3.38069447992e-08, 5.15335996099e-09, 6.17417644788e-11, 8.70552154669e-12, 8.78734639307e-13, 2.24145670151e-15, 1.50380919201e-16, 5.91346994498e-18, 2.35209944553e-18], "mean": [1.08581048153e-06, 1.81773248187e-05, 0.000101624827948, 0.00053242064314, 0.00338530470617, 0.00405931472778, 0.00245144753717, 0.0032787467353, 0.00302168237977, 0.00130686094053, 0.000999129726551, 0.00122844858561, 0.00120933155995, 0.000717339571565, 0.000162968906807, 0.000127766514197, 0.000193549130927, 0.000115677416034, 0.000132664586999, 3.80332603527e-05, 6.31511557003e-06, 2.31147646446e-06, 5.53384381874e-07, 3.7268520714e-08, 1.23083863102e-08, 3.58791307775e-09, 1.74796799257e-09]}, "erbbands_skewness": {"dmean2": 0.531702339649, "median": 0.585730493069, "min": -1.88377213478, "dvar2": 0.387481749058, "dvar": 0.175188302994, "dmean": 0.352890074253, "max": 6.128906