{"tonal": {"thpcp": [1, 0.622988462448, 0.206718474627, 0.202369824052, 0.164197281003, 0.177161321044, 0.269154548645, 0.241863280535, 0.29955753684, 0.488288164139, 0.387908011675, 0.253297269344, 0.33297637105, 0.35751453042, 0.598748624325, 0.964954257011, 0.679227232933, 0.235031351447, 0.144589364529, 0.122004158795, 0.366357624531, 0.671746432781, 0.507100522518, 0.436303704977, 0.731002748013, 0.540462970734, 0.171832039952, 0.129573956132, 0.164756223559, 0.377890616655, 0.660081088543, 0.492569714785, 0.192994430661, 0.141696214676, 0.137269854546, 0.558754622936], "hpcp": {"dmean2": [0.159095138311, 0.17439289391, 0.204217836261, 0.211672618985, 0.19450840354, 0.13458776474, 0.0959984436631, 0.0824884697795, 0.129890754819, 0.16751909256, 0.169754937291, 0.167281866074, 0.178999483585, 0.155109897256, 0.0849071592093, 0.0641280189157, 0.0816564112902, 0.119570054114, 0.135092109442, 0.127880200744, 0.0918675139546, 0.0700299814343, 0.0674626976252, 0.140115022659, 0.17376986146, 0.152565255761, 0.100135624409, 0.0764539167285, 0.0644218325615, 0.079001173377, 0.0988211706281, 0.108522906899, 0.112831361592, 0.138635903597, 0.142674028873, 0.140812963247], "median": [0.00630446197465, 0.00813910737634, 0.0461022853851, 0.0769131854177, 0.0505633503199, 0.00848245620728, 0.00203964230604, 0.0021094691474, 0.0191357806325, 0.0410423278809, 0.0350308939815, 0.0312058646232, 0.0372454971075, 0.0229625124484, 0.0077466419898, 0.00358083890751, 0.00337441591546, 0.011875516735, 0.0230651944876, 0.017121957615, 0.00617935275659, 0.00261887861416, 0.00464593525976, 0.0467140488327, 0.0987566038966, 0.063834965229, 0.00762673141435, 0.00214594532736, 0.0019272591453, 0.00599223934114, 0.00815925747156, 0.00810283981264, 0.0141134504229, 0.0179764200002, 0.0146636934951, 0.00871976464987], "min": [1.61281298006e-06, 9.12660766517e-07, 1.89499201042e-06, 9.63738511928e-06, 6.59401575831e-06, 5.14944849783e-06, 1.86163094895e-06, 1.88621766029e-06, 1.42238980061e-06, 8.99763620055e-07, 1.01014109077e-06, 6.73174099575e-07, 9.27323014821e-07, 6.72203441354e-07, 1.43677732467e-06, 6.43025373392e-07, 8.92718958312e-07, 1.25780854887e-06, 2.44799730353e-06, 1.17348781714e-06, 4.30403474638e-07, 1.86788281553e-06, 1.10943676646e-06, 3.03241631627e-06, 4.7148273552e-06, 3.87233194488e-06, 1.92874995264e-06, 3.29364343088e-06, 1.13313740258e-06, 2.51647179539e-06, 1.31318086005e-06, 1.01488672044e-06, 1.02203466668e-06, 1.15153363822e-06, 2.38973598243e-06, 2.13131647797e-06], "dvar2": [0.115204416215, 0.119213521481, 0.119278348982, 0.110009476542, 0.0999883413315, 0.0946351364255, 0.0676396712661, 0.0572543814778, 0.0674387961626, 0.0871866568923, 0.0897292792797, 0.095001347363, 0.0948403999209, 0.0855231508613, 0.0509918779135, 0.0359810367227, 0.0556511208415, 0.0702880099416, 0.064863525331, 0.0622080378234, 0.0583411939442, 0.0397658422589, 0.0312693566084, 0.0605521127582, 0.0758728906512, 0.0578675530851, 0.0589953996241, 0.0400406494737, 0.0335295535624, 0.0456204265356, 0.0537535734475, 0.0674688369036, 0.0595320612192, 0.0730461254716, 0.0811203867197, 0.100357919931], "dvar": [0.0416609272361, 0.0423563793302, 0.0414767451584, 0.0426383949816, 0.0371630266309, 0.0335714891553, 0.0243439115584, 0.0200789012015, 0.0248438473791, 0.034972243011, 0.0335671715438, 0.0340441949666, 0.0378989987075, 0.032800655812, 0.0183944441378, 0.0127440085635, 0.0192279275507, 0.0257396548986, 0.027441682294, 0.0238673090935, 0.0208483617753, 0.0143508706242, 0.0113727757707, 0.0226311199367, 0.032774630934, 0.0222350601107, 0.020550750196, 0.0149453906342, 0.0124407019466, 0.0167321935296, 0.0205566156656, 0.0239933356643, 0.0215770322829, 0.0286656804383, 0.0298627000302, 0.0351751707494], "dmean": [0.0895838141441, 0.0988393202424, 0.117916584015, 0.126643955708, 0.116817131639, 0.0756712704897, 0.0534775778651, 0.0459700003266, 0.075979590416, 0.101440876722, 0.10077714175, 0.0976316928864, 0.10801410675, 0.0946125909686, 0.0489567667246, 0.0365264192224, 0.0468790382147, 0.0706861764193, 0.0851466283202, 0.0798641964793, 0.0526759400964, 0.0400142520666, 0.0385343395174, 0.0852792039514, 0.108560204506, 0.0944492891431, 0.0569335892797, 0.0443587638438, 0.0374747142196, 0.0451295040548, 0.0571038201451, 0.0621347464621, 0.0656122267246, 0.0833007022738, 0.0834263786674, 0.0782464668155], "max": [1, 1, 1, 1, 1, 1, 1, 1, 1, 1, 1, 1, 1, 1, 1, 1, 1, 1, 1, 1, 1, 1, 1, 1, 1, 1, 1, 1, 1, 1, 1, 1, 1, 1, 1, 1], "var": [0.0531823188066, 0.0509426482022, 0.0640309005976, 0.132390975952, 0.0753937810659, 0.0313291437924, 0.0203111190349, 0.0154082421213, 0.0375686921179, 0.0950784385204, 0.0565088279545, 0.0452096424997, 0.103147804737, 0.0664352700114, 0.0183466169983, 0.0143545623869, 0.0223950650543, 0.0448874607682, 0.0990696251392, 0.0595213696361, 0.0247471351177, 0.0178429782391, 0.0143345622346, 0.052000824362, 0.130749642849, 0.0562080442905, 0.0245905164629, 0.0289289560169, 0.0218921042979, 0.021591566503, 0.0396736487746, 0.0314324088395, 0.0331762656569, 0.0708552524447, 0.0484276153147, 0.0327127240598], "mean": [0.0971394181252, 0.104297950864, 0.174673333764, 0.281506747007, 0.198151409626, 0.0685658529401, 0.0421811528504, 0.0355923548341, 0.106877759099, 0.195969030261, 0.14793677628, 0.127283170819, 0.213255926967, 0.157669633627, 0.0501286759973, 0.0378006957471, 0.0480644442141, 0.110242284834, 0.192565903068, 0.143697693944, 0.0563023947179, 0.0413371324539, 0.0400458276272, 0.16300585866, 0.291730672121, 0.181744843721, 0.0603061206639, 0.0590374842286, 0.0479013845325, 0.0516833923757, 0.0785206332803, 0.0705589354038, 0.0873901247978, 0.142448633909, 0.113164663315, 0.0738945826888]}, "tuning_equal_tempered_deviation": 0.0606654509902, "chords_changes_rate": 0.0440469309688, "key_key": "A#", "tuning_diatonic_strength": 0.534719109535, "key_scale": "minor", "chords_number_rate": 0.00250048097223, "tuning_frequency": 438.477722168, "tuning_nontempered_energy_ratio": 0.659576833248, "chords_histogram": [30.0250053406, 8.00153923035, 9.11713790894, 9.82881355286, 2.9044046402, 5.27024412155, 0, 4.09694194794, 1.11559915543, 10.982881546, 1.32717835903, 0.653971910477, 0, 0, 0, 0, 0.403923839331, 0.0384689345956, 0.13464127481, 0.904020011425, 1.86574339867, 0.307751476765, 10.9636468887, 2.05808806419], "key_strength": 0.77750068903, "chords_key": "A#", "chords_strength": {"dmean2": 0.00798468291759, "median": 0.545533120632, "min": 0.274092316628, "dvar2": 6.49240610073e-05, "dvar": 6.93712063367e-05, "dmean": 0.0100649949163, "max": 0.804746031761, "var": 0.0108584528789, "mean": 0.5451785326}, "chords_scale": "minor", "hpcp_entropy": {"dmean2": 0.851459622383, "median": 1.61936414242, "min": 0.0333983562887, "dvar2": 0.524037241936, "dvar": 0.197493821383, "dmean": 0.504894733429, "max": 3.93059420586, "var": 0.427119314671, "mean": 1.56817364693}}, "metadata": {"audio_properties": {"equal_loudness": 0, "codec": "flac", "downmix": "mix", "sample_rate": 44100, "analysis_sample_rate": 44100, "bit_rate": 0, "md5_encoded": "7571a675014a2cb2cd71346be600bd28", "length": 241.39465332, "replay_gain": -2.64896392822, "lossless": true}, "version": {"essentia_build_sha": "2d9f1f26377add8aeb1075a9c2973f962c4f09fd", "essentia": "2.1-beta2", "extractor": "music 1.0", "essentia_git_sha": "v2.1_beta2-1-ge3940c0"}, "tags": {"title": ["L'Allegro, il Penseroso ed il Moderato: Part Two. Air \"Sometimes let gorgeous tragedy\""], "barcode": ["034571172835"], "media": ["CD"], "albumartist": ["Handel; Susan Gritton, Claron McFadden, Lorna Anderson, Paul Agnew, Neal Davies, The King's Consort, Robert King"], "albumartistsort": ["Handel, George Frideric; Gritton, Susan, McFadden, Claron, Anderson, Lorna, Agnew, Paul, Davies, Neal, King's Consort, The, King, Robert"], "tracktotal": ["25"], "language": ["eng"], "performer": ["The King's Consort (orchestra)", "Lorna Anderson (soprano vocals)"], "releasetype": ["album"], "musicbrainz_recordingid": ["0b5d43c7-f4fa-4ec5-8711-09fb53952bb9"], "composer": ["George Frideric Handel"], "musicbrainz_releasegroupid": ["9a622fc8-5289-4046-9f8b-26e7af6bf634"], "musicbrainz_albumartistid": ["27870d47-bb98-42d1-bf2b-c7e972e6befc", "0b17dc0c-ce33-45c7-81c1-f22addd79fbc", "48d1c60a-469e-4931-af67-b58ff580b6f6", "7ccaa18b-45c5-4cb5-8b4e-739460ca8682", "b7010b6d-f7da-47de-931b-08cd316c0751", "8f8caf56-3c11-4b25-b142-29ac5d1c208a", "a5bc84d6-e1d2-4780-9d30-ad04a3e61c87", "2b9c6634-c608-47aa-970a-2f668128225a"], "originalyear": ["1999"], "producer": ["Simon Perry", "Edward Perry", "Ben Turner"], "discnumber": ["2"], "composersort": ["Handel, George Frideric"], "catalognumber": ["CDA67283/4"], "tracknumber": ["2"], "releasecountry": ["GB"], "engineer": ["Philip Hobbs"], "file_name": "CD2 02 L'Allegro, il Penseroso ed il Moderato_ Part Two. Air _Sometimes let gorgeous tragedy_.flac", "originaldate": ["1999-09"], "work": ["L'Allegro, il Penseroso ed il Moderato, HWV 55: Part II, no. 24. Air \"Sometimes let gorgeous tragedy\" (Il Penseroso)"], "date": ["1999-09"], "genre": ["Classical"], "musicbrainz_albumid": ["faa0c205-2d49-4702-a9ef-5e1f20982e49"], "disctotal": ["2"], "acoustid_id": ["fe25ae1c-930e-4d9a-9a69-473b633ae33d"], "releasestatus": ["official"], "musicbrainz_artistid": ["27870d47-bb98-42d1-bf2b-c7e972e6befc"], "asin": ["B000026CVB"], "musicbrainz_workid": ["9725106e-3efa-448d-b37d-85819436a25c"], "musicbrainz_releasetrackid": ["6054090d-7215-4849-88da-e0502644e0b5"], "artist": ["George Frideric Handel"], "totaltracks": ["25"], "artistsort": ["Handel, George Frideric"], "album": ["L'Allegro, il Penseroso ed il Moderato"], "label": ["hyperion"], "isrc": ["GBAJY9928402"], "totaldiscs": ["2"], "script": ["Latn"], "conductor": ["Robert King"]}}, "rhythm": {"bpm_histogram_first_peak_bpm": {"dmean2": 0, "median": 136, "min": 136, "dvar2": 0, "dvar": 0, "dmean": 0, "max": 136, "var": 0, "mean": 136}, "bpm": 136.478012085, "bpm_histogram_second_peak_spread": {"dmean2": 0, "median": 0.444444417953, "min": 0.444444417953, "dvar2": 0, "dvar": 0, "dmean": 0, "max": 0.444444417953, "var": 0, "mean": 0.444444417953}, "bpm_histogram_first_peak_weight": {"dmean2": 0, "median": 0.117043122649, "min": 0.117043122649, "dvar2": 0, "dvar": 0, "dmean": 0, "max": 0.117043122649, "var": 0, "mean": 0.117043122649}, "onset_rate": 2.27003216743, "beats_position": [0.603718817234, 1.21904754639, 1.83437633514, 2.46131515503, 3.09986400604, 3.72680258751, 4.3653512001, 5.0967798233, 5.81659841537, 6.5015873909, 7.18657588959, 7.87156438828, 8.55655288696, 9.24154186249, 9.92653083801, 10.6347389221, 11.354557991, 12.0627660751, 12.7709751129, 13.4907932281, 14.2106122971, 14.8607711792, 15.5109291077, 16.1610889435, 16.7415866852, 17.3220863342, 17.9141941071, 18.5063037872, 19.0984115601, 19.6905212402, 20.2826309204, 20.9792289734, 21.6642169952, 22.3492050171, 23.0341949463, 23.7191829681, 24.40417099, 25.0891609192, 25.7857589722, 26.4823570251, 27.1441268921, 27.8058948517, 28.4792747498, 29.1526527405, 29.8260307312, 30.4994106293, 31.17278862, 31.7881164551, 32.4034461975, 33.053604126, 33.7153739929, 34.3887519836, 35.0737419128, 35.7238998413, 36.3740577698, 37.0242156982, 37.6163253784, 38.2084350586, 38.7889328003, 39.369430542, 39.9499320984, 40.5188217163, 41.099319458, 41.703037262, 42.3067550659, 42.9104766846, 43.50258255, 44.0946922302, 44.6984100342, 45.3021316528, 45.9058494568, 46.4166870117, 46.9275283813, 47.4383659363, 47.9608154297, 48.4716529846, 48.9824943542, 49.4933319092, 50.0041732788, 50.5033988953, 50.9561882019, 51.4089775085, 51.8501586914, 52.2913360596, 52.7325172424, 53.1736946106, 53.6148757935, 54.0560531616, 54.4972343445, 54.9384117126, 55.367980957, 55.8091583252, 56.2503395081, 56.6799087524, 57.1210861206, 57.550655365, 57.9802246094, 58.4214057922, 58.8625831604, 59.3037643433, 59.7449417114, 60.1861228943, 60.6156921387, 61.1033096313, 61.590927124, 62.0785484314, 62.6009979248, 63.1234474182, 63.6458930969, 64.1915664673, 64.7372360229, 65.2828979492, 65.8401794434, 66.385848999, 66.9199066162, 67.4539642334, 67.98802948, 68.5336914063, 69.0793609619, 69.6366424561, 70.2055282593, 70.7744216919, 71.3200912476, 71.8309249878, 72.3417663574, 72.8642196655, 73.3866653442, 73.9091110229, 74.4315643311, 74.9540100098, 75.4764633179, 76.0453491211, 76.6258468628, 77.1947402954, 77.7520141602, 78.3092956543, 78.8781814575, 79.4470748901, 80.0159606934, 80.584854126, 81.1537399292, 81.7110214233, 82.256690979, 82.8023605347, 83.3944625854, 83.9981842041, 84.5902938843, 85.1940155029, 85.7977294922, 86.4014511108, 87.0051651001, 87.6088867188, 88.2126083374, 88.8163223267, 89.2923355103, 89.7683410645, 90.2327423096, 90.7087478638, 91.1847610474, 91.6607666016, 92.1251678467, 92.6243972778, 93.1352386475, 93.6460723877, 94.1453018188, 94.6561431885, 95.1089324951, 95.5501098633, 96.0028991699, 96.4556884766, 96.8968658447, 97.3380508423, 97.7792282104, 98.2204055786, 98.6615829468, 99.0911560059, 99.5091171265, 99.9386825562, 100.356643677, 100.786209106, 101.215782166, 101.645347595, 102.063308716, 102.481269836, 102.887619019, 103.305580139, 103.72353363, 104.141494751, 104.571060181, 105.00063324, 105.430198669, 105.813331604, 106.196456909, 106.579589844, 106.95111084, 107.299407959, 107.647705078, 107.996009827, 108.332695007, 108.669387817, 109.006072998, 109.342765808, 109.679450989, 110.016143799, 110.352828979, 110.68952179, 111.037818909, 111.386123657, 111.711196899, 112.036277771, 112.361358643, 112.686439514, 113.011520386, 113.336593628, 113.6616745, 113.986755371, 114.427932739, 114.869110107, 115.310295105, 115.751472473, 116.20426178, 116.657051086, 117.109840393, 117.5626297, 118.015419006, 118.468208313, 118.909385681, 119.362174988, 119.814964294, 120.267753601, 120.720542908, 121.161720276, 121.591293335, 122.032470703, 122.473648071, 122.926437378, 123.367614746, 123.808792114, 124.261581421, 124.714370728, 125.132331848, 125.53868103, 125.945030212, 126.374603271, 126.804168701, 127.245346069, 127.686531067, 128.185760498, 128.6849823, 129.172607422, 129.660217285, 130.147842407, 130.635467529, 131.053421021, 131.48298645, 131.912567139, 132.342132568, 132.771697998, 133.212875366, 133.654052734, 134.048797607, 134.45513916, 134.861495972, 135.291061401, 135.720626831, 136.138595581, 136.556549072, 136.986114502, 137.41569519, 137.84526062, 138.27482605, 138.716003418, 139.157180786, 139.598358154, 140.039550781, 140.480728149, 140.921905518, 141.386306763, 141.850692749, 142.315093994, 142.791107178, 143.267120361, 143.731521606, 144.195922852, 144.660308838, 145.136322021, 145.612335205, 146.07673645, 146.541137695, 147.005523682, 147.481536865, 147.957550049, 148.433563232, 148.956008911, 149.466842651, 149.97769165, 150.546569824, 151.115463257, 151.695953369, 152.27645874, 152.845352173, 153.414230347, 153.983123779, 154.552017212, 155.109298706, 155.6665802, 156.235458374, 156.792739868, 157.361633301, 157.884078979, 158.406524658, 158.940582275, 159.474639893, 160.00869751, 160.531158447, 161.053604126, 161.576049805, 162.133331299, 162.690612793, 163.247894287, 163.758728027, 164.281173706, 164.792022705, 165.244796753, 165.69758606, 166.150375366, 166.603164673, 167.055953979, 167.508743286, 167.938323975, 168.367889404, 168.785842896, 169.215423584, 169.633377075, 170.051330566, 170.480911255, 170.910476685, 171.340042114, 171.757995605, 172.187576294, 172.605529785, 173.023483276, 173.453063965, 173.871017456, 174.288970947, 174.706939697, 175.124893188, 175.566070557, 176.007247925, 176.448425293, 176.912826538, 177.388839722, 177.864852905, 178.34085083, 178.816864014, 179.292877197, 179.757278442, 180.233291626, 180.709289551, 181.185302734, 181.580047607, 181.963165283, 182.346298218, 182.741043091, 183.135772705, 183.51890564, 183.902038574, 184.285171509, 184.668289185, 185.063034058, 185.457778931, 185.840896606, 186.235641479, 186.618774414, 186.99029541, 187.361816406, 187.733337402, 188.10484314, 188.476364136, 188.917541504, 189.358734131, 189.799911499, 190.252700806, 190.682266235, 191.111831665, 191.541397095, 191.970977783, 192.400543213, 192.830108643, 193.248062134, 193.666030884, 194.083984375, 194.513549805, 194.908294678, 195.303039551, 195.686157227, 196.069290161, 196.522079468, 196.974868774, 197.416046143, 197.880447388, 198.356460571, 198.820861816, 199.296859741, 199.761260986, 200.225662231, 200.643630981, 201.073196411, 201.479537964, 201.897506714, 202.315460205, 202.733413696, 203.151382446, 203.557723999, 203.998901367, 204.428482056, 204.858047485, 205.310836792, 205.763626099, 206.216415405, 206.657592773, 207.098770142, 207.528335571, 207.969512939, 208.422302246, 208.863494873, 209.304672241, 209.734237671, 210.163803101, 210.604980469, 211.046157837, 211.510559082, 211.998184204, 212.462585449, 212.950195313, 213.437820435, 213.925445557, 214.389831543, 214.865844727, 215.34185791, 215.806259155, 216.2706604, 216.735046387, 217.199447632, 217.663848877, 218.128250122, 218.592651367, 219.057052612, 219.521453857, 219.997451782, 220.473464966, 220.937866211, 221.402267456, 221.878265381, 222.342666626, 222.807067871, 223.271469116, 223.7474823, 224.211883545, 224.711105347, 225.210342407, 225.709564209, 226.232009888, 226.754455566, 227.276916504, 227.869018555, 228.449523926, 229.041625977, 229.633743286, 230.214233398, 230.829559326, 231.444900513, 232.06022644, 232.66394043, 233.267654419, 233.871383667, 234.486709595, 235.03237915, 235.566436768, 236.100494385, 236.634552002, 237.168609619, 237.702667236, 238.283172607, 238.86366272, 239.444168091, 240.024673462, 240.605163574], "beats_loudness": {"dmean2": 0.0255888812244, "median": 0.00593466311693, "min": 2.98136365018e-06, "dvar2": 0.00558932870626, "dvar": 0.00245457375422, "dmean": 0.0151060810313, "max": 0.76704210043, "var": 0.00287184491754, "mean": 0.0175036489964}, "danceability": 0.811881482601, "bpm_histogram_second_peak_weight": {"dmean2": 0, "median": 0.07186858356, "min": 0.07186858356, "dvar2": 0, "dvar": 0, "dmean": 0, "max": 0.07186858356, "var": 0, "mean": 0.07186858356}, "beats_count": 488, "bpm_histogram_second_peak_bpm": {"dmean2": 0, "median": 129, "min": 129, "dvar2": 0, "dvar": 0, "dmean": 0, "max": 129, "var": 0, "mean": 129}, "bpm_histogram_first_peak_spread": {"dmean2": 0, "median": 0.577777802944, "min": 0.577777802944, "dvar2": 0, "dvar": 0, "dmean": 0, "max": 0.577777802944, "var": 0, "mean": 0.577777802944}, "beats_loudness_band_ratio": {"dmean2": [0.236674189568, 0.214738532901, 0.387462586164, 0.339711546898, 0.109388783574, 0.0459164343774], "median": [0.0989813581109, 0.119760707021, 0.340854585171, 0.115629255772, 0.0335718616843, 0.00747364526615], "min": [2.9755579817e-05, 9.79748051577e-07, 4.52234344266e-05, 0.00116724974941, 0.000345336738974, 9.38240336836e-05], "dvar2": [0.0550104677677, 0.0489850379527, 0.0881793573499, 0.10300065577, 0.0278492998332, 0.0103708831593], "dvar": [0.0221463274211, 0.0174823366106, 0.031635761261, 0.0428914986551, 0.0100064994767, 0.00354279298335], "dmean": [0.137423545122, 0.126765355468, 0.227412953973, 0.19438098371, 0.0611356161535, 0.0247695222497], "max": [0.974090516567, 0.844382107258, 0.94927328825, 0.993219137192, 0.849070310593, 0.525126814842], "var": [0.0397413894534, 0.0273144748062, 0.0548123829067, 0.0682424008846, 0.00823795888573, 0.00219179550186], "mean": [0.172637060285, 0.168604031205, 0.374561697245, 0.242910847068, 0.0628335550427, 0.0195169299841]}}, "lowlevel": {"barkbands_spread": {"dmean2": 4.12107467651, "median": 9.6384563446, "min": 0.0698223933578, "dvar2": 30.5438632965, "dvar": 14.8395023346, "dmean": 2.69791007042, "max": 89.3027114868, "var": 56.5567512512, "mean": 10.9095687866}, "melbands_spread": {"dmean2": 5.65676641464, "median": 12.9548778534, "min": 0.31983101368, "dvar2": 52.2989845276, "dvar": 23.3852386475, "dmean": 3.65286636353, "max": 166.273223877, "var": 82.7895278931, "mean": 14.6918344498}, "hfc": {"dmean2": 7.74175214767, "median": 3.62104225159, "min": 0.000250753335422, "dvar2": 1482.96618652, "dvar": 578.162536621, "dmean": 5.1108956337, "max": 1359.60571289, "var": 2730.30664063, "mean": 14.5236692429}, "barkbands_kurtosis": {"dmean2": 6.78751897812, "median": 2.69806814194, "min": -1.81819248199, "dvar2": 1248.40966797, "dvar": 452.542327881, "dmean": 4.22514200211, "max": 1166.35119629, "var": 1017.51483154, "mean": 7.18822813034}, "gfcc": {"mean": [-121.633979797, 120.138595581, -137.115341187, 1.26049041748, -60.886680603, -4.40195894241, -35.3870391846, 9.84276294708, -18.1705970764, -7.4686126709, -2.01266860962, -5.15405416489, -16.1264839172], "icov": [[0.000289751245873, -0.000235720333876, 0.000516665051691, -0.000260225933744, 0.000499807298183, -0.000392860878492, 0.00048239500029, -0.000472274550702, 0.000619982543867, -2.82636083284e-05, 0.000594585260842, -8.91987219802e-05, 0.000488634163048], [-0.000235720333876, 0.00287407357246, -0.00180366146378, 0.000424800091423, -0.00271440297365, 0.0029700640589, -0.00156460271683, 0.00299242907204, -0.00222531310283, 0.00271551636979, -0.00226488360204, 0.00150886480696, -0.000789278245065], [0.000516665051691, -0.00180366146378, 0.00302048004232, -0.00129390368238, 0.0017186049372, -0.00270984554663, 0.00171329465229, -0.0021137597505, 0.00277937715873, -0.00181806553155, 0.00268697575666, -0.00228684954345, 0.00136152096093], [-0.000260225933744, 0.000424800091423, -0.00129390368238, 0.00413502892479, -0.00164104625583, 0.000653213821352, 5.50862932869e-05, 0.00163802900352, -0.0014554244699, 0.000567817944102, -0.000382618949516, 0.000595483521465, -0.00091844209237], [0.000499807298183, -0.00271440297365, 0.0017186049372, -0.00164104625583, 0.00761988479644, -0.00304844742641, 0.0015314508928, -0.00218964600936, 0.000870231247973, -0.00258486904204, 0.00277617224492, -0.00060809898423, 0.00122555054259], [-0.000392860878492, 0.0029700640589, -0.00270984554663, 0.000653213821352, -0.00304844742641, 0.0084042288363, -0.00353876827285, 0.00181712047197, -0.00142452726141, 0.00250279135071, -0.00310262781568, 0.00319738010876, -0.000683578487951], [0.00048239500029, -0.00156460271683, 0.00171329465229, 5.50862932869e-05, 0.0015314508928, -0.00353876827285, 0.00590779772028, -0.00288591184653, 0.00269675068557, -0.000565519498195, 0.00135882548057, -0.00168319768272, 1.00127056157e-06], [-0.000472274550702, 0.00299242907204, -0.0021137597505, 0.00163802900352, -0.00218964600936, 0.00181712047197, -0.00288591184653, 0.0109816519544, -0.00685783848166, 0.00361169455573, -0.0040428317152, 0.00255886628293, -0.00113329361193], [0.000619982543867, -0.00222531310283, 0.00277937715873, -0.0014554244699, 0.000870231247973, -0.00142452726141, 0.00269675068557, -0.00685783848166, 0.0129407355562, -0.00601970730349, 0.00288676144555, -0.000341827893863, -0.000281743647065], [-2.82636083284e-05, 0.00271551636979, -0.00181806553155, 0.000567817944102, -0.00258486904204, 0.00250279135071, -0.000565519498195, 0.00361169455573, -0.00601970730349, 0.010479843244, -0.00147888530046, 0.000537098268978, 0.000576153863221], [0.000594585260842, -0.00226488360204, 0.00268697575666, -0.000382618949516, 0.00277617224492, -0.00310262781568, 0.00135882548057, -0.0040428317152, 0.00288676144555, -0.00147888530046, 0.00750512024388, -0.0042534978129, 0.00391995813698], [-8.91987219802e-05, 0.00150886480696, -0.00228684954345, 0.000595483521465, -0.00060809898423, 0.00319738010876, -0.00168319768272, 0.00255886628293, -0.000341827893863, 0.000537098268978, -0.0042534978129, 0.0109094250947, -0.00426292093471], [0.000488634163048, -0.000789278245065, 0.00136152096093, -0.00091844209237, 0.00122555054259, -0.000683578487951, 1.00127056157e-06, -0.00113329361193, -0.000281743647065, 0.000576153863221, 0.00391995813698, -0.00426292093471, 0.00929421745241]], "cov": [[7390.71484375, -755.074401855, -1307.00366211, -129.527191162, -387.17590332, 44.312046051, -259.203552246, 126.357528687, -175.872253418, -245.847686768, -93.7250518799, -361.479187012, -320.627227783], [-755.074401855, 1378.85693359, 558.155151367, 260.896728516, 306.623291016, -239.792007446, -63.8976287842, -268.051452637, -8.85977745056, -76.9143600464, -77.1322937012, 46.4218978882, 68.3851089478], [-1307.00366211, 558.155151367, 1241.73022461, 320.924041748, 152.377349854, 22.3904876709, -99.7855453491, -182.23085022, -79.6869888306, 55.1501617432, -204.404312134, 123.625671387, 62.347328186], [-129.527191162, 260.896728516, 320.924041748, 426.227478027, 147.206008911, -62.7060050964, -126.10067749, -117.291038513, 33.7139091492, 44.3266830444, -155.34312439, -1.00747168064, 49.091129303], [-387.17590332, 306.623291016, 152.377349854, 147.206008911, 291.099975586, -26.9637775421, -58.2847442627, -51.6721954346, 64.4129104614, 54.0045852661, -99.4996490479, -25.7516956329, 20.7153224945], [44.312046051, -239.792007446, 22.3904876709, -62.7060050964, -26.9637775421, 285.865264893, 134.631561279, 77.6027832031, -43.6506233215, -35.8052864075, 73.9149551392, -27.9771308899, -41.251449585], [-259.203552246, -63.8976287842, -99.7855453491, -126.10067749, -58.2847442627, 134.631561279, 342.791381836, 85.5084686279, -55.5665206909, -70.1135864258, 113.223617554, 31.7075042725, 7.78625774384], [126.357528687, -268.051452637, -182.23085022, -117.291038513, -51.6721954346, 77.6027832031, 85.5084686279, 236.570770264, 65.1505432129, -8.82253551483, 101.879974365, -30.0269813538, -27.1630916595], [-175.872253418, -8.85977745056, -79.6869888306, 33.7139091492, 64.4129104614, -43.6506233215, -55.5665206909, 65.1505432129, 194.333175659, 93.1778182983, -41.6411399841, -32.0900192261, 22.7040367126], [-245.847686768, -76.9143600464, 55.1501617432, 44.3266830444, 54.0045852661, -35.8052864075, -70.1135864258, -8.82253551483, 93.1778182983, 189.524185181, -49.0969314575, -1.95016074181, 2.76068925858], [-93.7250518799, -77.1322937012, -204.404312134, -155.34312439, -99.4996490479, 73.9149551392, 113.223617554, 101.879974365, -41.6411399841, -49.0969314575, 364.153991699, 52.1940155029, -83.9289169312], [-361.479187012, 46.4218978882, 123.625671387, -1.00747168064, -25.7516956329, -27.9771308899, 31.7075042725, -30.0269813538, -32.0900192261, -1.95016074181, 52.1940155029, 168.626403809, 56.8876266479], [-320.627227783, 68.3851089478, 62.347328186, 49.091129303, 20.7153224945, -41.251449585, 7.78625774384, -27.1630916595, 22.7040367126, 2.76068925858, -83.9289169312, 56.8876266479, 178.904571533]]}, "spectral_energyband_middle_low": {"dmean2": 0.00414857780561, "median": 0.00308115710504, "min": 9.23216347815e-08, "dvar2": 0.000141532640555, "dvar": 6.17288969806e-05, "dmean": 0.0026767719537, "max": 0.320928871632, "var": 0.000168448634213, "mean": 0.00644404115155}, "melbands_crest": {"dmean2": 4.87827587128, "median": 14.1633749008, "min": 3.5845220089, "dvar2": 21.4650363922, "dvar": 8.18190670013, "dmean": 3.04869198799, "max": 38.8559074402, "var": 33.823135376, "mean": 15.2150421143}, "spectral_kurtosis": {"dmean2": 6.54495477676, "median": 9.55972480774, "min": -1.06265723705, "dvar2": 43.4232749939, "dvar": 15.1555500031, "dmean": 3.81119847298, "max": 73.7605895996, "var": 43.181640625, "mean": 11.0616865158}, "spectral_rms": {"dmean2": 0.000681712350342, "median": 0.00227429252118, "min": 4.47874881502e-05, "dvar2": 1.46274919643e-06, "dvar": 6.27767121841e-07, "dmean": 0.000462479802081, "max": 0.0368624925613, "var": 6.9397747211e-06, "mean": 0.00298005738296}, "zerocrossingrate": {"dmean2": 0.00618606992066, "median": 0.04052734375, "min": 0.00048828125, "dvar2": 6.74969778629e-05, "dvar": 6.25261600362e-05, "dmean": 0.00513855414465, "max": 0.3154296875, "var": 0.000423430028604, "mean": 0.0427617803216}, "silence_rate_60dB": {"dmean2": 0.111207313836, "median": 0, "min": 0, "dvar2": 0.114425398409, "dvar": 0.0525065660477, "dmean": 0.0555983074009, "max": 1, "var": 0.215800687671, "mean": 0.315090894699}, "erbbands_kurtosis": {"dmean2": 3.30704283714, "median": 0.711842119694, "min": -1.84758758545, "dvar2": 44.8940162659, "dvar": 19.1020698547, "dmean": 2.09895324707, "max": 147.213241577, "var": 86.4017715454, "mean": 3.12206864357}, "erbbands": {"dmean2": [0.00141747051384, 0.0218193102628, 0.096186965704, 0.385470569134, 0.553503930569, 0.745486736298, 0.965883255005, 2.60147380829, 8.47473812103, 18.9391613007, 29.1103572845, 36.9480018616, 52.9685020447, 91.470954895, 69.3741378784, 65.8694915771, 35.9593429565, 12.4350948334, 9.10524368286, 9.41335296631, 5.32253170013, 3.2314479351, 6.16723823547, 6.72471427917, 3.81750011444, 1.1798261404, 0.314600527287, 0.194990754128, 0.137283012271, 0.137378439307, 0.197283431888, 0.164735168219, 0.170101478696, 0.0696270763874, 0.0212207958102, 0.00801190640777, 0.00161653070245, 0.000167038699146, 2.38974444073e-05, 1.08620515675e-05], "median": [0.000744030112401, 0.0164328329265, 0.101999178529, 0.3170106709, 0.41521936655, 0.751547932625, 1.28303623199, 2.7059211731, 4.553358078, 7.50900793076, 4.58014440536, 3.2001914978, 2.61679577827, 3.50776433945, 3.68100118637, 2.33354234695, 2.16126012802, 1.65592050552, 1.64115130901, 1.47793710232, 1.4139881134, 1.20464289188, 1.72995758057, 1.51858353615, 0.897308588028, 0.349905639887, 0.121267803013, 0.0708494856954, 0.0582329966128, 0.0483935363591, 0.0497157238424, 0.0299688037485, 0.0210804417729, 0.00647924328223, 0.00238029588945, 0.00126318377443, 0.000481829833006, 6.85665218043e-05, 1.3166509234e-05, 7.51570587454e-06], "min": [5.67639244764e-06, 2.82851669908e-05, 2.24430878006e-05, 2.77852886938e-05, 3.70473862858e-05, 3.40933947882e-05, 0.000145735044498, 5.4549494962e-05, 0.000131011198391, 0.000125642734929, 0.000126368555357, 0.000100935219962, 8.7235472165e-05, 5.85950983805e-05, 6.63670725771e-05, 5.10697755089e-05, 5.19090644957e-05, 4.79936352349e-05, 2.8596527045e-05, 2.47101579589e-05, 1.88182875718e-05, 1.93665528059e-05, 1.78887348738e-05, 1.46135726027e-05, 1.53746350406e-05, 1.56462810992e-05, 1.15170487334e-05, 1.063297168e-05, 1.26194054246e-05, 1.06783718365e-05, 9.78333537205e-06, 8.97212066775e-06, 8.07172455097e-06, 6.54656605548e-06, 4.03641388402e-06, 2.5322149213e-06, 7.2047402e-07, 3.6312718521e-07, 1.2474055211e-07, 1.90411260093e-08], "dvar2": [6.25223128736e-06, 0.00164661218878, 0.0360406190157, 0.71576166153, 1.77426159382, 2.16699385643, 4.04361009598, 30.6364860535, 300.720123291, 3033.36499023, 9947.37890625, 25818.671875, 153542.390625, 1015960.6875, 358639.8125, 129205.523438, 80605.0546875, 4405.33544922, 2498.44555664, 2960.4597168, 414.542938232, 236.453384399, 503.707275391, 516.64831543, 167.070419312, 49.0119743347, 0.964614331722, 0.454743266106, 0.16358743608, 0.212253183126, 0.584389448166, 0.919440329075, 1.19847011566, 0.337495803833, 0.0361543409526, 0.005343681667, 0.000235644140048, 7.39756728763e-07, 5.11988496044e-09, 2.27667951158e-09], "dvar": [2.86813724415e-06, 0.000855058024172, 0.0156911555678, 0.271030962467, 0.840367615223, 0.91099268198, 1.9824154377, 16.2317829132, 133.428192139, 1172.62451172, 3964.76879883, 10448.5419922, 74337.3671875, 444469.6875, 156152.796875, 58742.890625, 35595.5585938, 1977.24206543, 1496.32971191, 1375.34667969, 196.268676758, 99.7248840332, 240.935836792, 290.834320068, 90.2935791016, 33.1972198486, 0.414696842432, 0.192194312811, 0.0852884501219, 0.105927169323, 0.273961901665, 0.455557286739, 0.651411890984, 0.217870756984, 0.0226648394018, 0.0031842594035, 0.000107972315163, 3.69126013311e-07, 2.42914444115e-09, 8.91311802143e-10], "dmean": [0.000947304186411, 0.0160799697042, 0.0686232745647, 0.264221996069, 0.392779558897, 0.496788591146, 0.710652768612, 1.92801904678, 5.68216753006, 12.3377218246, 18.5221652985, 23.1185779572, 37.3128356934, 59.1679191589, 44.8635787964, 43.594367981, 24.3341808319, 8.31639194489, 6.45709753036, 6.0473074913, 3.54067182541, 2.10843205452, 4.08285856247, 4.67529296875, 2.55647277832, 0.813950479031, 0.195064216852, 0.122326865792, 0.0892914012074, 0.0912615433335, 0.132776007056, 0.111473843455, 0.115549355745, 0.0499060377479, 0.0157366227359, 0.00597315002233, 0.00115320994519, 0.000116505842016, 1.56706719281e-05, 7.08792867954e-06], "max": [0.111077830195, 1.11583209038, 5.09899520874, 24.1598434448, 45.6491699219, 32.7958831787, 68.9079360962, 174.526565552, 336.204589844, 1071.31982422, 2148.05419922, 3670.71533203, 14019.7978516, 32408.0097656, 27107.5800781, 8378.16601563, 12873.9628906, 2004.83312988, 2152.46777344, 2314.33984375, 717.806030273, 694.112121582, 660.37902832, 519.456542969, 407.028411865, 385.557525635, 32.6714897156, 14.76770401, 12.5353012085, 13.4663028717, 17.6600227356, 31.5439014435, 44.6070213318, 29.6314411163, 9.40999889374, 3.64042615891, 0.716439306736, 0.033963277936, 0.00176583032589, 0.00166877300944], "var": [5.42549787497e-05, 0.0107454797253, 0.167855873704, 2.57266283035, 9.00472068787, 5.7828707695, 15.1912584305, 96.2628936768, 524.492431641, 2791.6796875, 10741.9433594, 17014.5898438, 271443.21875, 1458933.5, 729827.125, 129027.015625, 69043.296875, 4410.6875, 3728.27270508, 4419.42773438, 753.495788574, 171.542098999, 641.489135742, 750.398193359, 208.453598022, 103.410102844, 1.15576851368, 0.396576702595, 0.235918223858, 0.249170154333, 0.642595052719, 0.943955600262, 1.30492627621, 0.469101756811, 0.050632186234, 0.00660536717623, 0.000146862352267, 6.58672547615e-07, 5.45476419589e-09, 4.10991285449e-09], "mean": [0.00315719447099, 0.0543784089386, 0.250330001116, 0.891169428825, 1.3350507021, 1.48485803604, 2.39536952972, 5.61198186874, 12.7361917496, 23.8815937042, 34.042766571, 36.0815658569, 74.7013244629, 129.34274292, 96.9255142212, 69.6175689697, 41.6259231567, 14.677233696, 11.0638847351, 11.2594738007, 7.33236837387, 4.07175016403, 7.47500705719, 8.94136810303, 4.66834878922, 1.56335711479, 0.397156506777, 0.229858264327, 0.176850691438, 0.180503562093, 0.251346260309, 0.201942518353, 0.189761847258, 0.075356759131, 0.0228201933205, 0.00906295794994, 0.00178454280831, 0.00019817215798, 3.07152586174e-05, 2.05536580324e-05]}, "spectral_strongpeak": {"dmean2": 1.00266039371, "median": 0.760376632214, "min": 0, "dvar2": 3.52252578735, "dvar": 1.52741575241, "dmean": 0.639008581638, "max": 42.408706665, "var": 8.52013683319, "mean": 1.67779219151}, "spectral_energy": {"dmean2": 0.00855732895434, "median": 0.00530171673745, "min": 2.05606693271e-06, "dvar2": 0.00161695014685, "dvar": 0.000632771872915, "dmean": 0.00560347503051, "max": 1.39281451702, "var": 0.00289068394341, "mean": 0.0162160340697}, "average_loudness": 0.000135518886964, "spectral_rolloff": {"dmean2": 386.020935059, "median": 925.927734375, "min": 21.533203125, "dvar2": 740997.3125, "dvar": 327930.75, "dmean": 222.204650879, "max": 10271.3378906, "var": 689242, "mean": 1073.39990234}, "spectral_centroid": {"dmean2": 208.61000061, "median": 898.981933594, "min": 189.711578369, "dvar2": 56275.2148438, "dvar": 24732.7519531, "dmean": 136.719833374, "max": 4130.59863281, "var": 164097.078125, "mean": 965.803527832}, "pitch_salience": {"dmean2": 0.0938868746161, "median": 0.483572006226, "min": 0.0245548970997, "dvar2": 0.00757630215958, "dvar": 0.00300987274386, "dmean": 0.0588620565832, "max": 0.814543843269, "var": 0.0139332264662, "mean": 0.476751536131}, "spectral_energyband_middle_high": {"dmean2": 0.00615643756464, "median": 0.00108877313323, "min": 1.64985731743e-08, "dvar2": 0.00154230813496, "dvar": 0.000602549291216, "dmean": 0.00402115518227, "max": 1.38801217079, "var": 0.0027095831465, "mean": 0.00971392169595}, "spectral_contrast_coeffs": {"dmean2": [0.0575434826314, 0.0644783824682, 0.0574639849365, 0.0472446493804, 0.035264018923, 0.0251214206219], "median": [-0.639887332916, -0.672900915146, -0.690495371819, -0.715359210968, -0.719872355461, -0.78119122982], "min": [-0.938822627068, -0.935003042221, -0.935954511166, -0.932552039623, -0.931675076485, -0.907134592533], "dvar2": [0.00218994123861, 0.00299365818501, 0.00245600729249, 0.00160867616069, 0.000868879898917, 0.000483359675854], "dvar": [0.000806847936474, 0.00114968803246, 0.00101249536965, 0.000721974647604, 0.000425972917583, 0.000201986375032], "dmean": [0.0347711406648, 0.0402682423592, 0.0366898961365, 0.0303165931255, 0.023257471621, 0.0158880334347], "max": [-0.355947554111, -0.243482276797, -0.180856287479, -0.261299848557, -0.422807574272, -0.630683362484], "var": [0.00930975563824, 0.00904608424753, 0.0129487169906, 0.00786790624261, 0.00581661146134, 0.00169251649641], "mean": [-0.646794319153, -0.663713395596, -0.669685661793, -0.706648886204, -0.718172848225, -0.782652974129]}, "melbands_skewness": {"dmean2": 0.800644755363, "median": 1.52006649971, "min": -3.5766992569, "dvar2": 0.972842931747, "dvar": 0.369475841522, "dmean": 0.52331674099, "max": 13.9087495804, "var": 2.32710361481, "mean": 1.5992411375}, "spectral_spread": {"dmean2": 530986, "median": 2777602.25, "min": 1173647.25, "dvar2": 537825247232, "dvar": 337961680896, "dmean": 352268.6875, "max": 15116010, "var": 1543832076290.0, "mean": 3004438.5}, "dissonance": {"dmean2": 0.0668199881911, "median": 0.426186054945, "min": 0.107251897454, "dvar2": 0.00492483889684, "dvar": 0.00167641264852, "dmean": 0.0392239764333, "max": 0.5, "var": 0.00288733351044, "mean": 0.416265428066}, "spectral_skewness": {"dmean2": 0.577571928501, "median": 2.27051544189, "min": 0.25315451622, "dvar2": 0.275724560022, "dvar": 0.101061500609, "dmean": 0.34595566988, "max": 6.6780538559, "var": 0.444577515125, "mean": 2.34901714325}, "spectral_flux": {"dmean2": 0.0307575650513, "median": 0.0303030833602, "min": 0.000950129819103, "dvar2": 0.00354618835263, "dvar": 0.00120828556828, "dmean": 0.0181764289737, "max": 0.883066236973, "var": 0.00313712097704, "mean": 0.0479706153274}, "spectral_contrast_valleys": {"dmean2": [0.557905495167, 0.443373739719, 0.413518756628, 0.34838283062, 0.299882829189, 0.386626839638], "median": [-8.77141857147, -7.45046949387, -8.53735637665, -9.26048755646, -9.43618392944, -12.1702232361], "min": [-11.6896972656, -11.8527565002, -12.624212265, -13.6511497498, -13.5245552063, -15.4875268936], "dvar2": [0.208741620183, 0.129619583488, 0.113677076995, 0.0789018347859, 0.0731017068028, 0.178203061223], "dvar": [0.0740111172199, 0.0484732724726, 0.0427929013968, 0.0304321143776, 0.03100502491, 0.0871355235577], "dmean": [0.332663655281, 0.271358013153, 0.253019243479, 0.21163739264, 0.187118038535, 0.254574298859], "max": [-6.66177892685, -5.31660699844, -6.25831413269, -7.27151346207, -7.52989530563, -8.19499397278], "var": [0.885536372662, 1.09865069389, 0.813239395618, 0.734353601933, 0.652963876724, 0.902731359005], "mean": [-8.8792963028, -7.66790294647, -8.67162132263, -9.39131832123, -9.56858158112, -12.203086853]}, "erbbands_flatness_db": {"dmean2": 0.0277924984694, "median": 0.232302024961, "min": 0.0716158524156, "dvar2": 0.000737194495741, "dvar": 0.000353345181793, "dmean": 0.0189202781767, "max": 0.613138854504, "var": 0.00528305349872, "mean": 0.244826108217}, "spectral_energyband_high": {"dmean2": 2.78427232843e-05, "median": 1.31408487505e-05, "min": 4.77259076703e-09, "dvar2": 1.30519604014e-08, "dvar": 7.9696729216e-09, "dmean": 1.93526902876e-05, "max": 0.00398855190724, "var": 2.18951505815e-08, "mean": 4.45854384452e-05}, "spectral_entropy": {"dmean2": 0.25281816721, "median": 6.66402387619, "min": 3.66353797913, "dvar2": 0.0631299838424, "dvar": 0.0309903603047, "dmean": 0.170698687434, "max": 8.6608133316, "var": 0.277592003345, "mean": 6.60423994064}, "silence_rate_20dB": {"dmean2": 0.00269360258244, "median": 1, "min": 0, "dvar2": 0.00326376361772, "dvar": 0.00134491338395, "dmean": 0.00134667183738, "max": 1, "var": 0.00507161719725, "mean": 0.99490237236}, "melbands_flatness_db": {"dmean2": 0.0304615776986, "median": 0.257990300655, "min": 0.0396774373949, "dvar2": 0.000949140987359, "dvar": 0.000412337627495, "dmean": 0.0203301496804, "max": 0.630810797215, "var": 0.00464163394645, "mean": 0.267497181892}, "barkbands": {"dmean2": [1.202