{"tonal": {"thpcp": [1, 0.537907838821, 0.434237718582, 0.512089669704, 0.227907553315, 0.140996947885, 0.145010665059, 0.0851992070675, 0.206830248237, 0.304149717093, 0.188318744302, 0.340465813875, 0.511623084545, 0.419592648745, 0.737643837929, 0.782264232635, 0.265918344259, 0.0858223512769, 0.0947129055858, 0.405340045691, 0.950325191021, 0.781874775887, 0.313231855631, 0.474484533072, 0.531852245331, 0.25022020936, 0.256473630667, 0.279325097799, 0.156742721796, 0.292529284954, 0.428153544664, 0.29113638401, 0.300237834454, 0.313329607248, 0.223104134202, 0.675595283508], "hpcp": {"dmean2": [0.115983262658, 0.0850864872336, 0.0997758582234, 0.17201679945, 0.163454771042, 0.147889748216, 0.11808796972, 0.101616047323, 0.0883226469159, 0.0578624606133, 0.052813064307, 0.046477176249, 0.0583444088697, 0.0665932148695, 0.0713977515697, 0.108549624681, 0.114861063659, 0.132170781493, 0.130535438657, 0.127968758345, 0.0831546634436, 0.03648455441, 0.0328897759318, 0.092920973897, 0.177010655403, 0.141566187143, 0.105680093169, 0.122056998312, 0.1032012254, 0.0769477188587, 0.0677984282374, 0.0714785978198, 0.0770336538553, 0.0989760830998, 0.102478906512, 0.130942583084], "median": [0.00348325376399, 0.00266484590247, 0.0170508697629, 0.0957375094295, 0.131244704127, 0.0719261914492, 0.0130767682567, 0.00450083473697, 0.00575874140486, 0.00315710878931, 0.00339603074826, 0.0039161616005, 0.00743621541187, 0.00591951794922, 0.00655929045752, 0.00768469413742, 0.0106545528397, 0.0416886694729, 0.0587920360267, 0.0654363483191, 0.0262687951326, 0.00164355954621, 0.000887515139766, 0.0214286223054, 0.0711889788508, 0.0808271914721, 0.02365921624, 0.0228147171438, 0.0252431873232, 0.0183939728886, 0.00579738942906, 0.00399296637625, 0.00425083376467, 0.007317236159, 0.00722263939679, 0.00810804404318], "min": [0, 0, 0, 0, 0, 0, 0, 0, 0, 0, 0, 0, 0, 0, 0, 0, 0, 0, 0, 0, 0, 0, 0, 0, 0, 0, 0, 0, 0, 0, 0, 0, 0, 0, 0, 0], "dvar2": [0.0804739966989, 0.0508419312537, 0.0533274821937, 0.0677439719439, 0.0610624030232, 0.0521328411996, 0.0510334782302, 0.0495128333569, 0.0433084331453, 0.02870529145, 0.0307411607355, 0.0219567734748, 0.0234169475734, 0.0297077894211, 0.0279235951602, 0.057072840631, 0.0569594949484, 0.0499153248966, 0.0454321913421, 0.039802506566, 0.0206836648285, 0.0090644583106, 0.0108510861173, 0.0346271060407, 0.108833678067, 0.0528201945126, 0.038353536278, 0.0546815730631, 0.0366185568273, 0.023358521983, 0.0335430726409, 0.0401423759758, 0.046432364732, 0.0562687180936, 0.0542454756796, 0.0882266759872], "dvar": [0.027898542583, 0.0190689321607, 0.0182748697698, 0.024989914149, 0.0259401984513, 0.0186905674636, 0.0188890006393, 0.0202340744436, 0.0146366935223, 0.0108103975654, 0.0117605002597, 0.00800391566008, 0.00930789858103, 0.0132461125031, 0.0102050025016, 0.0210220832378, 0.0224417541176, 0.018519571051, 0.0178893096745, 0.0178058128804, 0.00746983103454, 0.00364076485857, 0.00464568613097, 0.012806609273, 0.0408011265099, 0.0214845836163, 0.0131455576047, 0.0202196929604, 0.0160877835006, 0.0090751722455, 0.0132427075878, 0.0148687111214, 0.015784829855, 0.0196247566491, 0.0216313749552, 0.0298297498375], "dmean": [0.0663276538253, 0.04966814816, 0.05748693645, 0.102269880474, 0.102505326271, 0.0880961045623, 0.0694079771638, 0.0607186444104, 0.0500793270767, 0.0330602899194, 0.0305850990117, 0.025813408196, 0.0353394970298, 0.0407504402101, 0.0409914664924, 0.0649378076196, 0.0684217140079, 0.0776454880834, 0.0803352221847, 0.0808944925666, 0.0490364693105, 0.0211634468287, 0.0193209834397, 0.0522905029356, 0.10130725801, 0.0830354467034, 0.0614768378437, 0.0727472677827, 0.0641231909394, 0.0464482270181, 0.0405928120017, 0.0419135279953, 0.043543741107, 0.0567949227989, 0.0611134395003, 0.0739623680711], "max": [1, 1, 1, 1, 1, 1, 1, 1, 1, 1, 1, 1, 1, 1, 1, 1, 1, 1, 1, 1, 1, 1, 1, 1, 1, 1, 1, 1, 1, 1, 1, 1, 1, 1, 1, 1], "var": [0.0486091785133, 0.0565354079008, 0.0200880449265, 0.0607925467193, 0.127655535936, 0.041420288384, 0.0587743483484, 0.0910470336676, 0.0191001687199, 0.0202311929315, 0.0246654301882, 0.00665731308982, 0.0234712343663, 0.055287219584, 0.0163163375109, 0.0424558222294, 0.0866863653064, 0.0359882377088, 0.0968941822648, 0.108544535935, 0.0148453582078, 0.00789520516992, 0.0135337812826, 0.0353778935969, 0.137364462018, 0.0885672494769, 0.026389747858, 0.0628749579191, 0.0829866677523, 0.0192192010581, 0.0376750789583, 0.0475128926337, 0.016327092424, 0.0352882370353, 0.0717187896371, 0.0338371805847], "mean": [0.0914599820971, 0.0954480618238, 0.067963115871, 0.205803275108, 0.304625093937, 0.163860231638, 0.132279708982, 0.155995368958, 0.0694263577461, 0.042951207608, 0.0441738888621, 0.02595381625, 0.0630056858063, 0.0926516354084, 0.0573666132987, 0.103714428842, 0.155853226781, 0.127818450332, 0.224704831839, 0.238297313452, 0.0810054019094, 0.0261436421424, 0.0288519281894, 0.123476751149, 0.28949290514, 0.238178685308, 0.0954182818532, 0.144539892673, 0.162015542388, 0.0762233585119, 0.0781283080578, 0.0850894376636, 0.0477477684617, 0.0891117602587, 0.130426317453, 0.0886874496937]}, "tuning_equal_tempered_deviation": 0.228657871485, "chords_changes_rate": 0.045961625874, "key_key": "D#", "tuning_diatonic_strength": 0.446086257696, "key_scale": "minor", "chords_number_rate": 0.00758589897305, "tuning_frequency": 434.193115234, "tuning_nontempered_energy_ratio": 0.949548661709, "chords_histogram": [22.1775989532, 1.65104866028, 7.58589935303, 6.11334228516, 2.27576971054, 2.32039260864, 1.29406511784, 8.56760406494, 0, 14.4132080078, 4.55153942108, 0.490852296352, 0.580098152161, 0, 0, 4.23917913437, 7.18429279327, 4.06068706512, 1.78491747379, 2.45426154137, 0, 0, 2.9004907608, 5.35475254059], "key_strength": 0.7614569664, "chords_key": "D#", "chords_strength": {"dmean2": 0.00536106759682, "median": 0.475004553795, "min": 0.262588739395, "dvar2": 2.9978220482e-05, "dvar": 3.74909541279e-05, "dmean": 0.00748317409307, "max": 0.716547727585, "var": 0.00858430378139, "mean": 0.48407638073}, "chords_scale": "minor", "hpcp_entropy": {"dmean2": 0.720225155354, "median": 1.75641965866, "min": 0.0341098755598, "dvar2": 0.430022716522, "dvar": 0.165621683002, "dmean": 0.436692774296, "max": 3.6813249588, "var": 0.452838748693, "mean": 1.72736752033}}, "metadata": {"audio_properties": {"equal_loudness": 0, "codec": "flac", "downmix": "mix", "analysis_sample_rate": 44100, "bit_rate": 0, "md5_encoded": "06799d0fa9f9426cb7c84184fa125f27", "length": 103.986663818, "replay_gain": 2.11955451965, "lossless": true}, "version": {"essentia_build_sha": "7f154e5731828a63663f0144680ef47bd640f88b", "essentia": "2.1-beta1", "extractor": "music 1.0", "essentia_git_sha": "v2.1_beta1-6-g5578087"}, "tags": {"title": ["\"Time Brings All Things to Light\""], "barcode": ["030206675627"], "media": ["CD"], "albumartist": ["James Horner"], "tracktotal": ["15"], "musicbrainz_releasegroupid": ["849ca7b6-d80b-3411-bba3-2e040fd909e6"], "releasetype": ["album", "soundtrack"], "musicbrainz_recordingid": ["0b6099e2-e1d6-4007-a46a-fd80808eed90"], "musicbrainz_albumartistid": ["679ec43c-bc04-4bb0-b619-2da702a214ba"], "discnumber": ["1"], "album": ["All the King's Men"], "catalognumber": ["302 066 756 2"], "releasecountry": ["US"], "originaldate": ["2006-09-26"], "albumartistsort": ["Horner, James"], "date": ["2006-09-26"], "file_name": "02 _Time Brings All Things to Light_.flac", "encoder": ["MediaMonkey 3.2.4"], "disctotal": ["1"], "acoustid_id": ["b52f54ae-417a-4269-ae43-e0e5159ecb70"], "musicbrainz_artistid": ["679ec43c-bc04-4bb0-b619-2da702a214ba"], "asin": ["B000HT35RY"], "musicbrainz_albumid": ["8a4c7e2b-b43e-4c5b-ab59-01d913d5d86c"], "tracknumber": ["2"], "artistsort": ["Horner, James"], "artist": ["James Horner"], "label": ["Var\u00e8se Sarabande"], "releasestatus": ["official"], "totaldiscs": ["1"], "script": ["Latn"], "totaltracks": ["15"]}}, "rhythm": {"bpm_histogram_first_peak_bpm": {"dmean2": 0, "median": 120, "min": 120, "dvar2": 0, "dvar": 0, "dmean": 0, "max": 120, "var": 0, "mean": 120}, "bpm": 119.646430969, "bpm_histogram_second_peak_spread": {"dmean2": 0, "median": 0.683333277702, "min": 0.683333277702, "dvar2": 0, "dvar": 0, "dmean": 0, "max": 0.683333277702, "var": 0, "mean": 0.683333277702}, "bpm_histogram_first_peak_weight": {"dmean2": 0, "median": 0.129353240132, "min": 0.129353240132, "dvar2": 0, "dvar": 0, "dmean": 0, "max": 0.129353240132, "var": 0, "mean": 0.129353240132}, "onset_rate": 1.01920950413, "beats_position": [0.406349211931, 0.812698423862, 1.21904754639, 1.63700675964, 2.0549659729, 2.46131515503, 2.87927436829, 3.29723358154, 3.7151927948, 4.13315200806, 4.55111122131, 4.96907043457, 5.38702917099, 5.81659841537, 6.23455762863, 6.65251684189, 7.07047605515, 7.4884352684, 7.90639448166, 8.32435321808, 8.74231243134, 9.14866161346, 9.54340076447, 9.93814086914, 10.3328800201, 10.7972784042, 11.261677742, 11.7260770798, 12.202085495, 12.6780948639, 13.1424942017, 13.5952835083, 14.0480718613, 14.512471199, 14.9768705368, 15.4412698746, 15.9056682587, 16.3700675964, 16.8344669342, 17.298866272, 17.7516555786, 18.2508831024, 18.7501125336, 19.2377319336, 19.7485713959, 20.247800827, 20.758638382, 21.2810878754, 21.8035373688, 22.3375968933, 22.8716545105, 23.405714035, 23.9165534973, 24.4273910522, 24.9382305145, 25.4490699768, 25.9715194702, 26.4823570251, 26.9931964874, 27.4924259186, 28.0032653809, 28.5257129669, 29.0481624603, 29.5590019226, 30.0350112915, 30.5110206604, 30.9870281219, 31.4630374908, 31.9506568909, 32.449886322, 32.9491157532, 33.4483451843, 33.935962677, 34.4351921082, 34.9344215393, 35.4336509705, 35.9328804016, 36.4321098328, 36.9429473877, 37.4537849426, 37.9646263123, 38.4754638672, 38.9746932983, 39.4739227295, 39.9847602844, 40.4839897156, 40.9832191467, 41.4708366394, 41.9584579468, 42.4460754395, 42.9453048706, 43.4561424255, 43.9553718567, 44.4546012878, 44.9654426575, 45.4762802124, 45.9755096436, 46.497959137, 47.0204086304, 47.5544662476, 48.1001358032, 48.6458053589, 49.1914749146, 49.748752594, 50.3060302734, 50.8516998291, 51.3857574463, 52.0126991272, 52.6396369934, 53.2549667358, 53.8470726013, 54.4391822815, 54.9848518372, 55.5421295166, 56.0994110107, 56.6566886902, 57.2139663696, 57.7712478638, 58.3285255432, 58.8858032227, 59.4314727783, 59.9655303955, 60.4995918274, 61.0336494446, 61.5677070618, 62.0901565552, 62.6126060486, 63.1234474182, 63.6458930969, 64.1683425903, 64.6907958984, 65.2016296387, 65.7124710083, 66.2117004395, 66.7109298706, 67.1985473633, 67.686164856, 68.1737823486, 68.6381835938, 69.1141967773, 69.5902023315, 70.1358718872, 70.6815414429, 71.2155990601, 71.7612686157, 72.3069381714, 72.8874359131, 73.4679336548, 74.0368270874, 74.6057128906, 75.1862106323, 75.766708374, 76.3239898682, 76.8928756714, 77.461769104, 78.0190429688, 78.5763244629, 79.0871658325, 79.6096115112, 80.1320648193, 80.6661224365, 81.2001800537, 81.7226257324, 82.2218551636, 82.7094802856, 83.1970977783, 83.6963272095, 84.1955566406, 84.6947860718, 85.170791626, 85.6584091187, 86.1924667358, 86.7265319824, 87.2605895996, 87.7946472168, 88.328704834, 88.8627624512, 89.3968200684, 89.9192733765, 90.4417190552, 90.9641723633, 91.486618042, 91.9974594116, 92.5083007812, 93.0191345215, 93.6228561401, 94.2033538818, 94.795463562, 95.3991851807, 96.0028991699, 96.6066207886, 97.2103347778, 97.8140563965, 98.4293823242, 99.0331039429, 99.6368255615, 100.240539551, 100.855873108, 101.471199036, 102.074920654, 102.678634644, 103.282356262], "beats_loudness": {"dmean2": 0.0145313851535, "median": 0.00535375438631, "min": 8.0487006926e-06, "dvar2": 0.0018916898407, "dvar": 0.000851246761158, "dmean": 0.0101973349229, "max": 0.42323204875, "var": 0.00208414625376, "mean": 0.0197604894638}, "danceability": 0.722498595715, "bpm_histogram_second_peak_weight": {"dmean2": 0, "median": 0.0945273637772, "min": 0.0945273637772, "dvar2": 0, "dvar": 0, "dmean": 0, "max": 0.0945273637772, "var": 0, "mean": 0.0945273637772}, "beats_count": 202, "bpm_histogram_second_peak_bpm": {"dmean2": 0, "median": 112, "min": 112, "dvar2": 0, "dvar": 0, "dmean": 0, "max": 112, "var": 0, "mean": 112}, "bpm_histogram_first_peak_spread": {"dmean2": 0, "median": 0.5873016119, "min": 0.5873016119, "dvar2": 0, "dvar": 0, "dmean": 0, "max": 0.5873016119, "var": 0, "mean": 0.5873016119}, "beats_loudness_band_ratio": {"dmean2": [0.241332128644, 0.296113312244, 0.250454723835, 0.117458194494, 0.0165334697813, 0.00349805620499], "median": [0.36815649271, 0.232004314661, 0.157318174839, 0.0357160791755, 0.00994201935828, 0.00118381669745], "min": [0.00311100739054, 5.0274287787e-05, 1.11187628136e-05, 7.90780995885e-06, 5.00105261381e-06, 5.48913340026e-05], "dvar2": [0.0521305240691, 0.0785299316049, 0.074591986835, 0.0387412533164, 0.000463578500785, 4.66113451694e-05], "dvar": [0.0165866911411, 0.0266461577266, 0.0281215775758, 0.0138190155849, 0.000150688283611, 2.01648435905e-05], "dmean": [0.142449527979, 0.175738543272, 0.144295111299, 0.066731326282, 0.00951033364981, 0.00213802838698], "max": [0.997662067413, 0.884005427361, 0.970471322536, 0.893106579781, 0.0747971981764, 0.0433131419122], "var": [0.10189602524, 0.0493207462132, 0.0550995878875, 0.0154093010351, 0.000222775895963, 2.81382635876e-05], "mean": [0.422794193029, 0.28885897994, 0.233124405146, 0.0790959373116, 0.0142888408154, 0.00310189649463]}}, "lowlevel": {"barkbands_spread": {"dmean2": 3.60656857491, "median": 6.59820365906, "min": 0.203475564718, "dvar2": 27.3281402588, "dvar": 9.95429706573, "dmean": 2.1195294857, "max": 88.8764648438, "var": 26.6901950836, "mean": 7.66684389114}, "melbands_spread": {"dmean2": 2.97349834442, "median": 6.80853652954, "min": 0.0118255708367, "dvar2": 12.057557106, "dvar": 4.69994020462, "dmean": 1.82644987106, "max": 44.5926055908, "var": 38.1565971375, "mean": 8.16773891449}, "hfc": {"dmean2": 1.94885540009, "median": 1.72741258144, "min": 6.62019010633e-05, "dvar2": 34.2757720947, "dvar": 14.5165996552, "dmean": 1.28775751591, "max": 209.814178467, "var": 296.193511963, "mean": 6.96489620209}, "barkbands_kurtosis": {"dmean2": 48.4115524292, "median": 4.89826774597, "min": -1.77856147289, "dvar2": 54872.0039062, "dvar": 17288.4941406, "dmean": 27.0476016998, "max": 2624.76953125, "var": 18079.875, "mean": 31.9641113281}, "gfcc": {"mean": [-202.373336792, 170.480758667, -102.327133179, -8.35522556305, -26.2364025116, -22.0161857605, -19.3203697205, -11.6611776352, -6.42017650604, -5.13839006424, -0.0279118604958, -4.1424946785, -0.889006853104], "icov": [[0.00204014289193, -0.00321345217526, 0.00296967336908, -0.00349704432301, 0.00352924806066, -0.00445601297542, 0.00453061331064, -0.00459751719609, 0.00457877712324, -0.00497051235288, 0.00316277286038, -0.00235051382333, 0.00130044820253], [-0.00321345217526, 0.00609061354771, -0.00412215618417, 0.0056303772144, -0.0063484213315, 0.00749165937304, -0.00651873508468, 0.00741504551843, -0.00823848508298, 0.00996868964285, -0.0052132261917, 0.00478020915762, -0.00203666440211], [0.00296967336908, -0.00412215618417, 0.00558700459078, -0.00497201504186, 0.00361311249435, -0.00665170093998, 0.00672046793625, -0.00628471467644, 0.00509427208453, -0.00576248345897, 0.00580435059965, -0.00508991722018, 0.00337100378238], [-0.00349704432301, 0.0056303772144, -0.00497201504186, 0.00943799875677, -0.00663522677496, 0.00505914818496, -0.00648663192987, 0.00528666377068, -0.00685887085274, 0.00968278571963, -0.00571107584983, 0.00612021563575, -0.00264816731215], [0.00352924806066, -0.0063484213315, 0.00361311249435, -0.00663522677496, 0.0137008344755, -0.00916972383857, 0.00333987898193, -0.00380458170548, 0.00512581830844, -0.00602775160223, 0.00173826701939, -0.00307374121621, 0.00166797707789], [-0.00445601297542, 0.00749165937304, -0.00665170093998, 0.00505914818496, -0.00916972383857, 0.0166079439223, -0.0113289561123, 0.00858282856643, -0.00801541376859, 0.00922223739326, -0.004223278258, 0.00511622428894, -0.00382089451887], [0.00453061331064, -0.00651873508468, 0.00672046793625, -0.00648663192987, 0.00333987898193, -0.0113289561123, 0.0255245734006, -0.0199060514569, 0.0109689291567, -0.00842200312763, -0.000641299935523, 0.00431305542588, -0.00262960419059], [-0.00459751719609, 0.00741504551843, -0.00628471467644, 0.00528666377068, -0.00380458170548, 0.00858282856643, -0.0199060514569, 0.0361803136766, -0.0229509659111, 0.0112433591858, 0.00103821547236, -0.00544634554535, 0.00586563395336], [0.00457877712324, -0.00823848508298, 0.00509427208453, -0.00685887085274, 0.00512581830844, -0.00801541376859, 0.0109689291567, -0.0229509659111, 0.0297112409025, -0.0191377419978, 0.0046360110864, -0.000270285614533, -0.00529691902921], [-0.00497051235288, 0.00996868964285, -0.00576248345897, 0.00968278571963, -0.00602775160223, 0.00922223739326, -0.00842200312763, 0.0112433591858, -0.0191377419978, 0.0398932360113, -0.0218282490969, 0.00949189718813, -0.00104932649992], [0.00316277286038, -0.0052132261917, 0.00580435059965, -0.00571107584983, 0.00173826701939, -0.004223278258, -0.000641299935523, 0.00103821547236, 0.0046360110864, -0.0218282490969, 0.0329316556454, -0.0194125864655, 0.00759075395763], [-0.00235051382333, 0.00478020915762, -0.00508991722018, 0.00612021563575, -0.00307374121621, 0.00511622428894, 0.00431305542588, -0.00544634554535, -0.000270285614533, 0.00949189718813, -0.0194125864655, 0.0381143689156, -0.0204043257982], [0.00130044820253, -0.00203666440211, 0.00337100378238, -0.00264816731215, 0.00166797707789, -0.00382089451887, -0.00262960419059, 0.00586563395336, -0.00529691902921, -0.00104932649992, 0.00759075395763, -0.0204043257982, 0.0244837813079]], "cov": [[24847.2011719, 2852.19628906, -5636.52392578, 1166.64111328, -2268.12182617, 145.551422119, -1210.48840332, -140.112228394, -1094.04284668, -116.742874146, -693.842163086, -452.261627197, -502.950927734], [2852.19628906, 1943.88574219, -775.424072266, -188.121871948, 25.2787456512, -269.390411377, -72.2591018677, -100.945320129, -12.4836931229, -114.318389893, -27.6423149109, -103.607933044, -16.0922527313], [-5636.52392578, -775.424072266, 2366.43261719, 273.667053223, 694.049682617, 371.867889404, 296.962677002, 150.65007019, 248.968154907, -94.2995071411, -11.5785589218, 61.9619750977, 50.2631645203], [1166.64111328, -188.121871948, 273.667053223, 693.101135254, 111.331840515, 364.508605957, 66.6232452393, 101.152893066, -25.2011508942, -73.8745956421, -109.331222534, -73.1546096802, -43.7937545776], [-2268.12182617, 25.2787456512, 694.049682617, 111.331840515, 519.142150879, 157.173110962, 223.077850342, 44.1601104736, 145.434646606, -36.0712928772, 59.6048698425, 4.26617717743, 56.5906105042], [145.551422119, -269.390411377, 371.867889404, 364.508605957, 157.173110962, 393.047241211, 103.814559937, 82.3785095215, 10.4634542465, -39.3320236206, -61.8598747253, -30.9834289551, -5.93410491943], [-1210.48840332, -72.2591018677, 296.962677002, 66.6232452393, 223.077850342, 103.814559937, 211.145294189, 72.3492965698, 98.2596893311, 0.639432430267, 42.9541473389, -5.1975851059, 34.5879554749], [-140.112228394, -100.945320129, 150.65007019, 101.152893066, 44.1601104736, 82.3785095215, 72.3492965698, 108.869148254, 66.2641220093, 1.65760040283, -12.7215185165, 1.58987760544, 0.455448508263], [-1094.04284668, -12.4836931229, 248.968154907, -25.2011508942, 145.434646606, 10.4634542465, 98.2596893311, 66.2641220093, 164.821121216, 32.2644577026, 49.7960128784, 24.5354576111, 48.5199928284], [-116.742874146, -114.318389893, -94.2995071411, -73.8745956421, -36.0712928772, -39.3320236206, 0.639432430267, 1.65760040283, 32.2644577026, 89.9086227417, 59.5424766541, 21.268901825, 7.77387189865], [-693.842163086, -27.6423149109, -11.5785589218, -109.331222534, 59.6048698425, -61.8598747253, 42.9541473389, -12.7215185165, 49.7960128784, 59.5424766541, 118.263328552, 47.2392501831, 34.297252655], [-452.261627197, -103.607933044, 61.9619750977, -73.1546096802, 4.26617717743, -30.9834289551, -5.1975851059, 1.58987760544, 24.5354576111, 21.268901825, 47.2392501831, 85.4063720703, 55.6447257996], [-502.950927734, -16.0922527313, 50.2631645203, -43.7937545776, 56.5906105042, -5.93410491943, 34.5879554749, 0.455448508263, 48.5199928284, 7.77387189865, 34.297252655, 55.6447257996, 99.9562606812]]}, "spectral_energyband_middle_low": {"dmean2": 0.00509968772531, "median": 0.00275016855448, "min": 9.64470547871e-09, "dvar2": 0.000389024644392, "dvar": 0.000146368241985, "dmean": 0.00313321058638, "max": 0.506794810295, "var": 0.000717303715646, "mean": 0.00992682669312}, "melbands_crest": {"dmean2": 4.77998590469, "median": 15.4698944092, "min": 4.55890417099, "dvar2": 20.8439865112, "dvar": 7.3677649498, "dmean": 2.82447981834, "max": 39.8967094421, "var": 62.9567947388, "mean": 17.4928836823}, "spectral_kurtosis": {"dmean2": 12.9190483093, "median": 23.555688858, "min": 1.54806804657, "dvar2": 163.390823364, "dvar": 54.5648727417, "dmean": 7.39018297195, "max": 166.268127441, "var": 493.660003662, "mean": 29.3634033203}, "spectral_rms": {"dmean2": 0.000696024275385, "median": 0.00217695673928, "min": 1.7692331312e-05, "dvar2": 1.11365432076e-06, "dvar": 4.06396310382e-07, "dmean": 0.000420112482971, "max": 0.0245515089482, "var": 1.01702071333e-05, "mean": 0.0031223106198}, "zerocrossingrate": {"dmean2": 0.00697420025244, "median": 0.0234375, "min": 0, "dvar2": 0.000179122740519, "dvar": 9.57532756729e-05, "dmean": 0.00485741207376, "max": 0.33056640625, "var": 0.000234179067775, "mean": 0.0258169993758}, "silence_rate_60dB": {"dmean2": 0.0455560535192, "median": 0, "min": 0, "dvar2": 0.0515199229121, "dvar": 0.0222544781864, "dmean": 0.0227729398757, "max": 1, "var": 0.240356609225, "mean": 0.401785701513}, "erbbands_kurtosis": {"dmean2": 2.18899083138, "median": 1.00884819031, "min": -1.63588607311, "dvar2": 9.79626369476, "dvar": 3.86867976189, "dmean": 1.37917518616, "max": 51.9694366455, "var": 21.0298633575, "mean": 2.45216798782}, "erbbands": {"dmean2": [0.157580465078, 0.682717859745, 2.72018766403, 4.24892663956, 10.5174818039, 11.9255924225, 7.82939529419, 13.2798519135, 9.69450855255, 11.3667068481, 9.09850406647, 6.67325544357, 5.66932344437, 15.0148067474, 6.94064712524, 5.07669258118, 9.50312709808, 8.28488445282, 5.73170423508, 5.22103023529, 3.00825309753, 2.45258784294, 1.86706316471, 1.74649453163, 0.923398852348, 0.962734162807, 0.605350196362, 0.373525708914, 0.290374875069, 0.198541820049, 0.105543762445, 0.052870105952, 0.0389126352966, 0.0229965224862, 0.0147294215858, 0.0067677446641, 0.00252623180859, 0.000503046438098, 5.09359197167e-05, 1.11336785267e-05], "median": [0.00344520574436, 0.0337128564715, 0.157022505999, 0.367115199566, 0.576483130455, 1.63455438614, 2.87633132935, 4.2231464386, 4.64490795135, 3.48202013969, 2.10675263405, 2.00543212891, 1.78375053406, 1.99436378479, 1.09137451649, 0.911463320255, 0.967086851597, 1.16487932205, 0.693197011948, 0.571152985096, 0.477795779705, 0.278078109026, 0.182299017906, 0.104088962078, 0.0887537896633, 0.0387676656246, 0.0174926891923, 0.00633178744465, 0.00309916399419, 0.00157440500334, 0.000815098290332, 0.000387219828553, 0.000201110058697, 0.000104691062006, 4.96623470099e-05, 2.06866789085e-05, 1.30185026137e-05, 3.06497968268e-05, 2.45106493821e-05, 1.0340294466e-05], "min": [5.94872426518e-06, 1.95695083676e-05, 1.74525321199e-05, 9.63420097833e-06, 6.71393627272e-06, 3.41096233569e-06, 3.76950970349e-06, 4.16709963247e-06, 3.02470152747e-06, 1.75435980054e-06, 2.36964683609e-06, 2.7144581054e-06, 2.5006688702e-06, 2.60214437731e-06, 3.22821460941e-06, 1.93318169295e-06, 2.9019631711e-06, 2.98649297292e-06, 2.67354084826e-06, 2.39639803112e-06, 4.05328728448e-06, 3.79782227355e-06, 3.56245277544e-06, 3.81627069146e-06, 3.88262515116e-06, 3.52093343281e-06, 3.86625470128e-06, 5.34764467375e-06, 4.34764024249e-06, 3.11693543154e-06, 2.51545429819e-06, 2.14925489672e-06, 1.96137307285e-06, 1.11969745831e-06, 7.22068932646e-07, 4.8667845931e-07, 2.29374009564e-07, 1.13977264959e-07, 1.31005251092e-07, 2.77470029175e-08], "dvar2": [0.352380037308, 5.26472616196, 112.556594849, 368.060089111, 2624.51269531, 2772.51757812, 648.801452637, 1872.44958496, 701.824401855, 1300.19433594, 2165.40551758, 911.850585938, 268.934661865, 3757.18945312, 496.640411377, 290.330993652, 3928.5012207, 1035.76513672, 465.337158203, 398.710357666, 84.8542480469, 62.5189666748, 62.9443092346, 46.7056388855, 14.5498628616, 28.7695999146, 10.226275444, 5.157081604, 2.87035489082, 1.24705934525, 0.406329154968, 0.092487283051, 0.0621028840542, 0.0197303667665, 0.00839356612414, 0.00233278004453, 0.000295233330689, 1.42579492604e-05, 1.08025929535e-07, 1.07293807172e-09], "dvar": [0.105368852615, 1.83095610142, 45.9136123657, 125.867797852, 955.770385742, 1034.83483887, 246.608062744, 627.028076172, 299.597015381, 709.867919922, 897.319946289, 364.544494629, 117.113182068, 1393.13183594, 209.24899292, 117.356666565, 1738.63769531, 557.40814209, 173.770080566, 151.11706543, 28.3938617706, 20.9729919434, 21.8797206879, 17.1498413086, 5.11319732666, 10.159532547, 3.67311859131, 1.8269957304, 1.02679049969, 0.447397053242, 0.152472004294, 0.0370090939105, 0.0251113716513, 0.00824740342796, 0.00355937983841, 0.00096410344122, 0.000126150815049, 5.87558133702e-06, 4.66329979076e-08, 4.28466623292e-10], "dmean": [0.0839374288917, 0.396970063448, 1.6987196207, 2.44199967384, 6.14560508728, 7.08826541901, 5.00196218491, 7.775182724, 6.6194653511, 8.17128658295, 5.91808605194, 4.4746131897, 3.90939497948, 9.51430130005, 4.34786558151, 3.24692249298, 6.18516921997, 5.6835231781, 3.56226634979, 3.21192407608, 1.73725163937, 1.43821334839, 1.12347602844, 1.03692436218, 0.55343914032, 0.575915932655, 0.351762622595, 0.2222289294, 0.168745085597, 0.118727043271, 0.0632372125983, 0.0328323096037, 0.0245830267668, 0.0147960223258, 0.00963921006769, 0.00447039585561, 0.00166682642885, 0.000329403323121, 3.31636620103e-05, 6.94626078257e-06], "max": [7.14314031601, 26.396987915, 214.715042114, 358.08493042, 1039.62792969, 1020.18902588, 377.755554199, 722.994018555, 485.893798828, 1519.01391602, 1323.46911621, 892.922729492, 259.892059326, 939.700378418, 473.88583374, 407.823303223, 2330.84375, 894.52947998, 495.767883301, 537.265258789, 150.003585815, 153.123168945, 147.033248901, 144.220977783, 85.7473220825, 105.889457703, 72.3990249634, 57.0257225037, 33.5861930847, 25.3581676483, 17.3374137878, 8.09492969513, 6.49233627319, 2.98928403854, 2.05478739738, 1.17260956764, 0.381335526705, 0.0972772315145, 0.00893636327237, 0.000955994066317], "var": [0.382770031691, 3.7788374424, 212.312179565, 403.233184814, 2533.43554688, 1886.41455078, 662.784484863, 1456.71594238, 1446.88122559, 7403.61669922, 3203.12719727, 915.041931152, 513.218078613, 3106.01586914, 596.272399902, 827.476745605, 22713.5214844, 4015.37329102, 848.09777832, 1419.63879395, 105.338142395, 57.4284706116, 75.5967636108, 60.4593963623, 21.6975460052, 44.9347457886, 12.2997598648, 6.59473276138, 3.26635766029, 1.16998207569, 0.317837506533, 0.0791540518403, 0.040478836745, 0.0115668671206, 0.0044446955435, 0.00100636598654, 0.000129937252495, 5.45266857443e-06, 5.14539379992e-08, 3.52738172005e-09], "mean": [0.177063763142, 0.689727902412, 3.58385372162, 4.93692302704, 10.4413375854, 11.5958538055, 11.5201425552, 16.1185913086, 18.5681762695, 22.8532085419, 14.3904418945, 10.6791391373, 9.89722824097, 16.8289585114, 8.80595874786, 9.00326919556, 24.4851169586, 15.7743406296, 8.57089138031, 8.49964427948, 3.74760961533, 2.86991763115, 2.47497105598, 2.18161034584, 1.32512247562, 1.42605018616, 0.822327971458, 0.556579947472, 0.389933884144, 0.249465093017, 0.133769586682, 0.0668928623199, 0.042498908937, 0.022143535316, 0.0123764825985, 0.00485089235008, 0.00165481376462, 0.000337528210366, 5.92080214119e-05, 2.89670497295e-05]}, "spectral_strongpeak": {"dmean2": 0.342868626118, "median": 0.304212629795, "min": 0, "dvar2": 0.295547097921, "dvar": 0.114745616913, "dmean": 0.201999679208, "max": 6.21418428421, "var": 0.419743359089, "mean": 0.49495485425}, "spectral_energy": {"dmean2": 0.00890520587564, "median": 0.00485762022436, "min": 3.2084403756e-07, "dvar2": 0.00074091006536, "dvar": 0.000279069528915, "dmean": 0.00537678133696, "max": 0.617846012115, "var": 0.0024361750111, "mean": 0.0204170644283}, "average_loudness": 0.00100728741381, "spectral_rolloff": {"dmean2": 176.787567139, "median": 473.73046875, "min": 21.533203125, "dvar2": 574686.9375, "dvar": 195095.9375, "dmean": 97.7132415771, "max": 19853.6132812, "var": 204860.4375, "mean": 531.943664551}, "spectral_centroid": {"dmean2": 96.6659164429, "median": 484.780822754, "min": 98.5895385742, "dvar2": 12363.1357422, "dvar": 4689.84082031, "dmean": 60.2054672241, "max": 1552.42053223, "var": 51126.765625, "mean": 524.910461426}, "pitch_salience": {"dmean2": 0.110620237887, "median": 0.518683433533, "min": 0.017134398222, "dvar2": 0.00984421838075, "dvar": 0.00348457624204, "dmean": 0.0657212436199, "max": 0.816070139408, "var": 0.0242290701717, "mean": 0.495749503374}, "spectral_energyband_middle_high": {"dmean2": 0.000715298287105, "median": 0.000270410382655, "min": 1.27914190351e-09, "dvar2": 6.17476143816e-06, "dvar": 2.70338728114e-06, "dmean": 0.000470955157652, "max": 0.0941433385015, "var": 4.07954139519e-05, "mean": 0.0020093631465}, "spectral_contrast_coeffs": {"dmean2": [0.0683736130595, 0.0583643428981, 0.0450553148985, 0.0383424311876, 0.0264774635434, 0.0179156213999], "median": [-0.665670990944, -0.703188300133, -0.757883548737, -0.767413258553, -0.79308450222, -0.79265576601], "min": [-0.933937549591, -0.952349960804, -0.960406184196, -0.986512362957, -0.974195122719, -0.922825694084], "dvar2": [0.00331990118138, 0.00230641313829, 0.00137378170621, 0.000985016929917, 0.000451195024652, 0.000212976461626], "dvar": [0.00116001931019, 0.000864746922161, 0.000525918963831, 0.000379015662475, 0.000163859047461, 7.44935896364e-05], "dmean": [0.0406621024013, 0.0356053002179, 0.0277999583632, 0.0232738349587, 0.0158982928842, 0.0105542689562], "max": [-0.256733626127, -0.429048269987, -0.541271984577, -0.524365544319, -0.623820304871, -0.643879532814], "var": [0.012814912945, 0.00702066440135, 0.00608062930405, 0.00676001794636, 0.00382692995481, 0.00261188414879], "mean": [-0.65804117918, -0.702669262886, -0.756806731224, -0.76893311739, -0.794241726398, -0.801527380943]}, "melbands_skewness": {"dmean2": 2.79378867149, "median": 2.01109886169, "min": -2.65922236443, "dvar2": 114.678901672, "dvar": 42.697429657, "dmean": 1.67429065704, "max": 136.914016724, "var": 124.620887756, "mean": 4.34301567078}, "spectral_spread": {"dmean2": 424318.1875, "median": 1769466.75, "min": 642135.75, "dvar2": 242651512832, "dvar": 108694691840, "dmean": 251550.859375, "max": 19977874, "var": 9194491084800.0, "mean": 2701011.75}, "dissonance": {"dmean2": 0.0461849607527, "median": 0.432128190994, "min": 0.174304515123, "dvar2": 0.00170693546534, "dvar": 0.00061865436146, "dmean": 0.0273378230631, "max": 0.499048322439, "var": 0.00221347459592, "mean": 0.423707842827}, "spectral_skewness": {"dmean2": 0.909213542938, "median": 3.29553556442, "min": 1.00993573666, "dvar2": 0.7138043046, "dvar": 0.232416391373, "dmean": 0.518897652626, "max": 10.9083156586, "var": 2.34976387024, "mean": 3.63075351715}, "spectral_flux": {"dmean2": 0.0168820656836, "median": 0.025319378823, "min": 0.00065516284667, "dvar2": 0.000644578307401, "dvar": 0.000238268970861, "dmean": 0.0102256052196, "max": 0.4306384027, "var": 0.00215851096436, "mean": 0.0409692153335}, "spectral_contrast_valleys": {"dmean2": [0.564506053925, 0.446851015091, 0.387993782759, 0.326267808676, 0.222899004817, 0.200210675597], "median": [-8.2165222168, -7.36995363235, -8.57362365723, -9.39897251129, -10.1799602509, -13.7526435852], "min": [-13.3440475464, -15.4144687653, -15.9871721268, -16.606388092, -16.3945503235, -17.9780464172], "dvar2": [0.213751375675, 0.123568207026, 0.0985893309116, 0.0705644339323, 0.0366331599653, 0.0493885800242], "dvar": [0.075746960938, 0.0489346757531, 0.0375770777464, 0.0277806390077, 0.0157733820379, 0.0226824749261], "dmean": [0.331744432449, 0.270311117172, 0.234557554126, 0.193683981895, 0.133425965905, 0.121820174158], "max": [-4.52692365646, -4.15336179733, -5.27446985245, -5.93847703934, -5.78215456009, -8.56241226196], "var": [2.54775047302, 3.29725003242, 2.90340232849, 2.78275442123, 2.64617943764, 1.93910610676], "mean": [-8.39406871796, -7.80696678162, -8.90736961365, -9.66087532043, -10.2669200897, -13.5239343643]}, "erbbands_flatness_db": {"dmean2": 0.0203711763024, "median": 0.254974782467, "min": 0.024668218568, "dvar2": 0.000385070889024, "dvar": 0.000162942917086, "dmean": 0.01335563045, "max": 0.439542382956, "var": 0.00414038030431, "mean": 0.248982071877}, "spectral_energyband_high": {"dmean2": 3.45966000168e-05, "median": 9.18058617572e-07, "min": 1.86973636573e-09, "dvar2": 4.23688319984e-08, "dvar": 1.54230992422e-08, "dmean": 2.07823086384e-05, "max": 0.0055132675916, "var": 5.68473801366e-08, "mean": 5.44126341993e-05}, "spectral_entropy": {"dmean2": 0.196164056659, "median": 6.34001302719, "min": 4.74961328506, "dvar2": 0.0333194956183, "dvar": 0.0124603630975, "dmean": 0.12277250737, "max": 8.21959400177, "var": 0.346314370632, "mean": 6.38141822815}, "silence_rate_20dB": {"dmean2": 0.00535953557119, "median": 1, "min": 0, "dvar2": 0.00756519054994, "dvar": 0.00267230439931, "dmean": 0.00267916941084, "max": 1, "var": 0.00621030433103, "mean": 0.993749976158}, "melbands_flatness_db": {"dmean2": 0.0349280387163, "median": 0.362278342247, "min": 0.127242460847, "dvar2": 0.00148891389836, "dvar": 0.000561149849091, "dmean": 0.0213251151145, "max": 0.754585087299, "var": 0.00970983225852, "mean": 0.377490222454}, "barkbands": {"dmean2": [0.000548778451048, 0.00368343223818, 0.00287297810428, 0.00195548986085, 0.00313881458715, 0.0013869300019, 0.000753675762098, 0.000452160573332, 0.000286659807898, 0.000217309847358, 0.000368036271539, 0.000126647239085, 0.000201176982955, 0.000166055120644, 0.000129125619424, 4.47039456049e-05, 5.89871815464e-05, 3.52036986442e-05, 2.80966323771e-05, 2.09582431125e-05, 1.2507583051e-05, 7.56644794819e-06, 3.69837880498e-06, 2.33092941926e-06, 2.02825845008e-06, 1.40971553719e-06, 3.23045412642e-07], "median": [0.000119182222988, 0.000128825631691, 0.00012180282647, 0.000100657685834, 0.000482236267999, 0.000533768092282, 0.000312482472509, 6.1890015786e-05, 8.98592697922e-05, 3.3150499803e-05, 3.41565573763e-05, 2.11089572986e-05, 2.0801437131e-05, 1.36696571644e-05, 1.15475231723e-05, 6.17450177742e-06, 4.42713917437e-06, 2.9071334211e-06, 1.49978313857e-06, 1.03791057882e-06, 2.68512962975e-07, 7.22547497389e-08, 3.12904440136e-08, 1.37220741436e-08, 7.85280995785e-09, 4.0798759926e-09, 2.33245984305e-07], "min": [1.84028721151e-08, 9.43213720461e-08, 2.36350961025e-09, 7.39295846763e-10, 1.07031894458e-09, 5.7745846993e-10, 1.19554935396e-10, 6.42810041307e-11, 1.14945636343e-10, 6.77330275201e-11, 3.27322127736e-11, 3.83966018702e-11, 4.89934343095e-11, 5.11349851351e-11, 5.71203119526e-11, 5.22233298272e-11, 5.82899353785e-11, 6.89040074997e-11, 7.35535174434e-11, 7.37431088416e-11, 1.06619532647e-10, 1.11409548254e-10, 9.16016221209e-11, 1.11263394331e-10, 1.01336029845e-10, 1.21876175818e-10, 1.2182117537e-09], "dvar2": [1.20931122183e-06, 0.000166503494256, 0.000142730263178, 9.16211138247e-05, 0.000201867820579, 1.54025256052e-05, 4.23135634264e-06, 4.61637864646e-06, 1.32886680149e-06, 6.17797525138e-07, 1.7305764004e-06, 1.44486861586e-07, 1.4161657873e-06, 4.16100220946e-07, 3.19416500361e-07, 1.92979427993e-08, 4.34350297951e-08, 2.12739763583e-08, 1.4578376728e-08, 1.11149169868e-08, 4.61928362228e-09, 1.94474125692e-09, 4.84568718484e-10, 2.16205858772e-10, 1.55850748973e-10, 9.89731144263e-11, 4.71325756202e-12], "dvar": [4.99872044202e-07, 5.28049931745e-05, 5.8062509197e-05, 2.86098838842e-05, 7.83398500062e-05, 5.63924686503e-06, 1.94111339624e-06, 2.31596936828e-06, 5.55084341158e-07, 3.03858797679e-07, 6.28941506875e-07, 5.7943807974e-08, 6.26564769846e-07, 2.2521933829e-07, 1.12632463356e-07, 6.79104683599e-09, 1.4630670897e-08, 7.29422477974e-09, 5.19249265807e-09, 4.06934219654e-09, 1.66692393222e-09, 6.93377188998e-10, 1.83664736197e-10, 8.62439911153e-11, 6.58451557167e-11, 4.16475950948e-11, 1.96640360245e-12], "dmean": [0.000320923572872, 0.00203238800168, 0.00178209249862, 0.00109803618398, 0.00186561502051, 0.000836834427901, 0.000527201162186, 0.000311950629111, 0.000194592576008, 0.000150032923557, 0.000228833261644, 8.03089715191e-05, 0.000132073371788, 0.000111998575449, 7.80730042607e-05, 2.58564032265e-05, 3.46250271832e-05, 2.0928637241e-05, 1.62632404681e-05, 1.25045153254e-05, 7.32674880055e-06, 4.44833040092e-06, 2.22457288146e-06, 1.46296383718e-06, 1.32867182856e-06, 9.37863376294e-07, 2.08800926771e-07], "max": [0.0305909477174, 0.157361611724, 0.22466558218, 0.158071443439, 0.294072955847, 0.064998306334, 0.0398854091763, 0.0783372744918, 0.0338089540601, 0.0199629850686, 0.0226424057037, 0.0067021632567, 0.0439486429095, 0.0185455325991, 0.0151196448132, 0.00199868669733, 0.0034400280565, 0.00241770781577, 0.00263293622993, 0.00260252295993, 0.00153324508574, 0.000942666782066, 0.000613854906987, 0.000399669137551, 0.000274519290542, 0.000234458188061, 5.93276963627e-05], "var": [9.0215335149e-06, 0.000139485448017, 0.00024963519536, 7.07552753738e-05, 0.000164055993082, 1.63524400705e-05, 8.42706776893e-06, 2.0473227778e-05, 1.47074899814e-06, 1.11194333385e-06, 1.44304340211e-06, 2.83481597307e-07, 7.99821282271e-06, 1.36339804158e-06, 7.96125675606e-07, 2.05464427694e-08, 3.32272698245e-08, 2.72349076624e-08, 1.24874626195e-08, 2.027282342e-08, 5.51462830956e-09, 2.17604889663e-09, 4.15466161474e-10, 1.52378332174e-10, 8.69200128539e-11, 4.26602260462e-11, 1.88281660228e-12], "mean": [0.000936199503485, 0.00396161340177, 0.00358062516898, 0.00183106027544, 0.00339383096434, 0.00190352858044, 0.00141409388743, 0.000815307954326, 0.000473006715765, 0.000330791663146, 0.000384661572753, 0.000190788981854, 0.000478423549794, 0.000278524123132, 0.000185288154171, 5.18424894835e-05, 6.14924356341e-05, 4.52818203485e-05, 3.1129031413e-05, 3.16696823575e-05, 1.67094258359e-05, 1.02974199763e-05, 4.87504667035e-06, 2.7371768283e-06, 1.82443261565e-06, 9.50427875068e-07, 4.04926936426e-07]}, "erbbands_skewness": {"dmean2": 0.537527501583, "median": 0.965437352657, "min": -2.91840839386, "dvar2": 0.275851070881, "dvar": 0.10884488374, "dmean": 0.341352462769, "max": 5.81842279434, "var": 0.971533179283, "mean": 1.02170729637}, "erbbands_spread": {"dmean2": 6.65937757492, "median": 17.5341911316, "min": 1.04323661327, "dvar2": 131.193618774, "dvar": 47.8388900757, "dmean": 4.17570447922, "max": 160.256256104, "var": 290.767730713, "mean": 21.1732521057}, "melbands_kurtosis": {"dmean2": 388.398254395, "median": 7.33137845993, "min": -1.6256980896, "dvar2": 6274425.5, "dvar": 2331147.75, "dmean": 234.533325195, "max": 33867.7304688, "var": 3331656, "mean": 308.117370605}, "melbands": {"dmean2": [0.00114991562441, 0.00115239841398, 0.00087227061158, 0.000774155079853, 0.000296238053124, 0.000279320462141, 0.000153469503857, 0.000117839794257, 7.21185861039e-05, 4.21138211095e-05, 2.87683124043e-05, 5.88773036725e-05, 3.15891556966e-05, 1.34227329909e-05, 1.39887915793e-05, 2.45692936005e-05, 1.59493065439e-05, 9.71350527834e-06, 1.11141080197e-05, 4.53989059679e-06, 4.10882557844e-06, 3.47915283783e-06, 1.27345992951e-06, 1.95717757379e-06, 1.55111649747e-06, 9.25804613416e-07, 8.05175545793e-07, 7.22587685686e-07, 4.4143479272e-07, 3.86132285257e-07, 1.81532897159e-07, 1.7057659818e-07, 1.79532875677e-07, 9.2125901574e-08, 7.01357336652e-08, 4.12947187556e-08, 3.32024043814e-08, 3.16605301975e-08, 2.31441763532e-08, 1.84679738169e-08], "median": [4.59730581497e-