{"tonal": {"thpcp": [1, 0.676560103893, 0.161045730114, 0.0915200933814, 0.0696098580956, 0.122067734599, 0.191974833608, 0.164478629827, 0.189781665802, 0.312899887562, 0.274183750153, 0.282815665007, 0.410203307867, 0.295432895422, 0.236317127943, 0.347691178322, 0.264445453882, 0.147817566991, 0.148067295551, 0.160267800093, 0.349166840315, 0.638064205647, 0.479087561369, 0.222323700786, 0.258032917976, 0.251033753157, 0.210146039724, 0.203721448779, 0.155951753259, 0.184244096279, 0.302806526423, 0.226623311639, 0.212710812688, 0.365537464619, 0.301257938147, 0.521691918373], "hpcp": {"dmean2": [0.138892143965, 0.134455487132, 0.141697064042, 0.150934502482, 0.143783822656, 0.142192617059, 0.114951774478, 0.122943639755, 0.122439667583, 0.1217097193, 0.13765488565, 0.178292348981, 0.21004422009, 0.203910261393, 0.137022703886, 0.129706576467, 0.134369850159, 0.124531820416, 0.0908900499344, 0.083439193666, 0.101504229009, 0.112427286804, 0.0976107940078, 0.102394588292, 0.13572499156, 0.148292958736, 0.191393271089, 0.195428475738, 0.205627337098, 0.115210540593, 0.0758990198374, 0.066004127264, 0.0743649080396, 0.0927757695317, 0.100073315203, 0.1179459095], "median": [0.0416378304362, 0.0434143617749, 0.0806144624949, 0.0924307256937, 0.049145206809, 0.0324907414615, 0.0207076836377, 0.0184956304729, 0.0200702250004, 0.0122565673664, 0.00945839472115, 0.0754754990339, 0.162378817797, 0.126063346863, 0.0336325988173, 0.0204635895789, 0.0309159867465, 0.0298817306757, 0.0150984125212, 0.0104370880872, 0.0318380668759, 0.039909619838, 0.0243702754378, 0.0344315767288, 0.0516263693571, 0.0545184835792, 0.210532709956, 0.421380758286, 0.267430961132, 0.0295775011182, 0.00954845547676, 0.00524748954922, 0.0173369534314, 0.0338959172368, 0.0292400941253, 0.0262669902295], "min": [0, 0, 0, 0, 0, 0, 0, 0, 0, 0, 0, 0, 0, 0, 0, 0, 0, 0, 0, 0, 0, 0, 0, 0, 0, 0, 0, 0, 0, 0, 0, 0, 0, 0, 0, 0], "dvar2": [0.0599804148078, 0.0548563189805, 0.0517041049898, 0.0630418211222, 0.0636864677072, 0.0701132714748, 0.0529683791101, 0.0604041852057, 0.0715351998806, 0.0730150714517, 0.0834897756577, 0.076810605824, 0.0871532782912, 0.0763246268034, 0.0614424943924, 0.0685912668705, 0.0645555257797, 0.0579183697701, 0.0386544466019, 0.0389401391149, 0.0438466854393, 0.0477940291166, 0.0411387570202, 0.0423608161509, 0.0529347583652, 0.0548677071929, 0.0554851852357, 0.0678190514445, 0.0618131868541, 0.0435633249581, 0.0358500555158, 0.030034257099, 0.0292088966817, 0.0321354679763, 0.0401747711003, 0.0492495112121], "dvar": [0.0251575503498, 0.0226672720164, 0.0194120034575, 0.0240859333426, 0.0238258447498, 0.0254054423422, 0.0217293202877, 0.0223664660007, 0.025908594951, 0.0281208865345, 0.0302900243551, 0.0302424486727, 0.0355849787593, 0.0304418485612, 0.0241813417524, 0.0258983466774, 0.0265075508505, 0.0233524758369, 0.016150817275, 0.0147888762876, 0.0163112618029, 0.01900511235, 0.0160483773798, 0.0156493913382, 0.021978572011, 0.0211111661047, 0.0216555576771, 0.0302677191794, 0.0246389769018, 0.0169203169644, 0.0132335079834, 0.011107377708, 0.0109191089869, 0.0128289461136, 0.0155754676089, 0.0192099139094], "dmean": [0.0865388438106, 0.0834750458598, 0.0855740085244, 0.0923777595162, 0.0851646140218, 0.0834935978055, 0.0688227787614, 0.071737088263, 0.0708092302084, 0.0704142600298, 0.0773423761129, 0.107237681746, 0.129677087069, 0.124089106917, 0.0825600102544, 0.0754965096712, 0.080437399447, 0.0747666582465, 0.0551315359771, 0.0500563047826, 0.0605200529099, 0.0682257339358, 0.058900244534, 0.0620882511139, 0.0835080444813, 0.0879946276546, 0.116716660559, 0.122857950628, 0.127597481012, 0.0681292563677, 0.0443998500705, 0.0378104262054, 0.0451653264463, 0.0567061528563, 0.0600828714669, 0.0711790919304], "max": [1, 1, 1, 1, 1, 1, 1, 1, 1, 1, 1, 1, 1, 1, 1, 1, 1, 1, 1, 1, 1, 1, 1, 1, 1, 1, 1, 1, 1, 1, 1, 1, 1, 1, 1, 1], "var": [0.0612222626805, 0.0450879484415, 0.0286982078105, 0.0725186914206, 0.0524580962956, 0.0361727364361, 0.093573346734, 0.0572857484221, 0.0232851281762, 0.0312305893749, 0.0374555550516, 0.0477579720318, 0.114644281566, 0.0667902082205, 0.0373222194612, 0.0622005052865, 0.0485388226807, 0.0337214581668, 0.0485063046217, 0.0306469760835, 0.0243539381772, 0.0645315125585, 0.0432236902416, 0.0257656536996, 0.0727805793285, 0.0439374856651, 0.0490758270025, 0.152873590589, 0.0826921910048, 0.0189653281122, 0.0123509103432, 0.00959706492722, 0.0144691988826, 0.0272345859557, 0.0213136598468, 0.027128206566], "mean": [0.154380053282, 0.135278090835, 0.139536947012, 0.202388077974, 0.145762100816, 0.116595283151, 0.171545550227, 0.13047337532, 0.0729309394956, 0.0730541571975, 0.0790736973286, 0.172273620963, 0.314811199903, 0.236374527216, 0.109691135585, 0.127309516072, 0.123856239021, 0.103682860732, 0.100513070822, 0.0769442245364, 0.090903237462, 0.149400144815, 0.111812502146, 0.104948282242, 0.180350631475, 0.148636087775, 0.257394880056, 0.493384808302, 0.333804488182, 0.079457513988, 0.0451546236873, 0.034344445914, 0.0602263659239, 0.0947174653411, 0.0811512544751, 0.0936353877187]}, "tuning_equal_tempered_deviation": 0.102101549506, "chords_changes_rate": 0.0393020808697, "key_key": "F#", "tuning_diatonic_strength": 0.502058029175, "key_scale": "major", "chords_number_rate": 0.00193866761401, "tuning_frequency": 434.193115234, "tuning_nontempered_energy_ratio": 0.668963491917, "chords_histogram": [17.6595001221, 6.80296087265, 0.0704970061779, 0.493479013443, 0, 0, 0.47585478425, 0, 3.33098340034, 0, 4.49418401718, 0.105745509267, 0, 3.75396537781, 0, 5.95699691772, 10.4864292145, 24.9911880493, 0.75784277916, 0.334860771894, 4.7585477829, 0.0881212577224, 8.01903438568, 7.41980981827], "key_strength": 0.694053053856, "chords_key": "F#", "chords_strength": {"dmean2": 0.00615161610767, "median": 0.564876317978, "min": 0.229918524623, "dvar2": 4.15880786022e-05, "dvar": 4.84281117679e-05, "dmean": 0.00712677184492, "max": 0.769103527069, "var": 0.00809312518686, "mean": 0.556037425995}, "chords_scale": "minor", "hpcp_entropy": {"dmean2": 0.826836287975, "median": 1.83950901031, "min": 0, "dvar2": 0.544409036636, "dvar": 0.214507296681, "dmean": 0.505302786827, "max": 4.23246622086, "var": 0.496237069368, "mean": 1.80563175678}}, "metadata": {"audio_properties": {"equal_loudness": 0, "codec": "mp3", "downmix": "mix", "sample_rate": 44100, "analysis_sample_rate": 44100, "bit_rate": 192000, "md5_encoded": "2ab2e130f1c25e0ae730569786c94f33", "length": 263.444885254, "replay_gain": -5.35812759399, "lossless": false}, "version": {"essentia_build_sha": "2d9f1f26377add8aeb1075a9c2973f962c4f09fd", "essentia": "2.1-beta2", "extractor": "music 1.0", "essentia_git_sha": "v2.1_beta2-1-ge3940c0"}, "tags": {"title": ["Don't Tell Me"], "language": ["eng"], "acoustid_fingerprint": ["AQADtEwieUmK9wifQyuP9EfvBG-HHs0Z5FCPfimRljr-w8qPHueRZ9D4I-2roE6PG9fRVUcTJQ--tIlQ64WWHz8unzAZOcG3Yxb1CP0SozmyD0lPOGmD6zN45FCOHB_u4dt05ONRSTmEM_B_uMLDFNfhGOHU4zqS88iH73hk9GhwPsKTLCXqoznyE8mH_gue5Eo4XEk0nCx-wQt59HiwPReW8ThroRILXwJy-Md16C8-zXAMEz9-vMgFX4aPIz1OmBJxXNhxvAd16MRxWEyIXTt8_PjoILpwXEVu7LgQ7jiGE2gcCT9cHtXx40H0B0mZfMelHVX-oc-EHs2MR3nw5cJXKYiUb-il7MjxC89UoXpVWC1OH3uIc4d_4heOVJHxpNCyLg0uhEeY_nh0POpl9IwFMaQOPfCFLw_0B8cR_kfvo3mWHLsUxJJ4tEmiShHE7BXSNTv643iOJ2pjnPGQQ_wRU1mIX8FP_Llx9bh59A_SvuhzHP_x4OhD-EW_QrrIod2R48eJX-Al_A_-Ek-wH28Y5EfyHodrG_1z_LhfXDiPJFQYCfmjojFHohdqBT8OT8dzokfJF15IVJl8JO1aIRf4E2-y4j9KOZiSTMHoY_7RPDFaPbjSI7wM34GaI5KkBFd2_MkYND--BM-Ffg3IJioeS5geNAz2o_3RNE2IC19GNFekIHRXcEtCo_nQHxdxjdBI-EF-Yjpu_Ed5bCFOEzV14EEzhmB0_KhM46ewFwg7Hse3Ztih6cdxpOWIE32Iejv-Y89yHBf-oOJRH6keaH-MH3FS9IyD5xrqV7i84VmKJ_WRD5qVXwjzVsO-Cn9UXGgeTL-QX_h4EU0TaE9wDyUlNHyKUsmhpcKZo3_h54K2CaXCHP9qpPzx_Sg1hC_cF2VGB9dzTAeTPnhqYYuF57j24Xkw8YfjC9Jy1A6iJ9PxHv3RfHiNHu6F58d33Ecf3B2Rzz2S9kNPwzva6ehVoXHxo3rQJDy-YjqaIfks5DdmPLwQynwKPUf0tvgK_ykuXTh-ZDmRnMeXJzgVipg2JSG-EaWc4DeSfE8QJsonMKTwLEmCOwOPpzqYjK6C9imuo07iw_CJPgv4xXhD4weTHTmUVQ1CKjrQcjm8o8evpHhcXDdG5aHgMw347DiaXJTQJ02CPcKVHP-PN2hO47kSeHJi4Ukm9N2QjBfCPMO3NMHDK3Ca8Lh2dB6aH9fxH5eZ4tlxW8HHYruE78Uv5LEeiFHiFPmC42iqgnlwHXwlItRzNBf0DGWi47nQ57hJQe_hM4ieD9dQyUqFRlp2jKIeHD-aJwgvGfqC_HCe4ydOoFGqBOU_3AyOB81IImehHbkWUXgffMeHHz7T4cM9hHkYaN9xXIGWM0e_B_mHHM1D9Iyh4-h06DiR59ieInyE64IWPkb_4EhmF42kMMeT4-KP87iFGj76HH-Ix8Hx9IjMFz_2o88hjlKOajHxPBEKv8R14HD0wO_RVg90svjRb8N_Q5F-dIeD8D1mXziajj16XOi0RIEj8uiNP8Lz4TlC7nAcFkmkMNLxHudHsDn-FOfRVLmEHqPZI08zJFyOe3j14U9QK4N_YNSfoj6OjM1RlckFLd-R57iPN8ZWZY2EHHpQ6R-0SMyRH3dga3Hw4sdXNG_xHb2L60Fy4kek5F6xB02NSznuCz3eDPlzVDxkXUfIx4FPeLzQH9_RC82P30j-xwiDST9uVOpyNJeOHzOaLzd64z-6C00kRQkuPMEno4SP-sOJQPlz3HmQcUcTBxNX4xFjnKkR8jp-6D8uFW8kCrmKPIfH7IH-xYiPDxWTLMPORsihswGTHqWSSNCfI_pQyWiSPcV1wO_xHMfz4XrQfzh8BdOzHM8H9lRwZanQPwuaFdeD_BOaSeGhlSWuPgjfo1ETfMeNU0PYHN7hC_JXHO6OEk-Fcwh7NG2S48fToNnB-MfO48dJNK3QK0KQlA-eiMSfLuifBK5-TFeGpwneV0KipYgphgny-vihZTkxkUdMKfiS5EGz4x7OI91CiOGK8BeuNBE-FWekHJeUD2UK12Ji1EmLPNCZ4x-a6cKDugnOQ9fR6mgiKReu4De6HWGaI4eqH-HhXqjj46gw5bgGkoP5EhEPfTuR4yeF_sRjnBfMqPCP_8gJcT_y5sV5FCU_nIf_IB156BFSh0EpRcev4JqENrvwHtfgD_2OXohpFgoTJfkQMhyJH39Qj4ebkkE__OgnCUx65JGOH-pD48gHOiJKhqGOH3thcUM_PNnxI48cDsrpBPmGXj28PCjlI2OfIuk9oNmPNtpx0hES_UdI6kXDHF-yDZd0hNmhSFv2SEKeC5-S421CeAlOOnguI8-Q8HiO60Or4qqR79Dx5XgW6EJ6XOwIP_gnnMcDR2yHsMuO84RuVBSDZswj5PNRjWTQXHiJpi8qZxeeiUiWrRkpRPLx4zkO5nzQVFmOuMmFZKKOKccVnBsexdhHDhWVI5FO5HiOfsUb3AGu4_CXCo_ygt_R9AXDvpiOMNmJ5Mcp9nhi_EGzHS1xSVIO_THxZMcVxXi2A4CAIEAwpQAHAAgDCCKMCcGAgA4CRARgzhFhACFiWmQ4MsYRAABCTBihiKNAGOKZcOIQJLwFDAGACCCCKRAIFFApgYwCBgFnODLKKeMQ4wwIhKggijFEGALGE4BEEEgQ6gQBgBCgwEFEISQEc4QhIAhyQAEADegAKCeAEIQ7ACBVAgElgDICIAVAMoRYpJhQiAhgCBCEAGJAMEQ0BAhQzBnBBAAAOWGEssQDyQACCAGBBBRCIKgoQdgYJhwxQAgBEENGGIYEAQAZI4BSWgCADCFKcCGoQcQIIZhjTlAEoGCIC-OMQAIgAYw1jmhDiGBIMAAYI0YAAhgwVDDAjBBIAMSAIkIoIAAwRgBAlLCOAeMIYYAYUAQChjjHFXGCIKQEAMJJRwgEwBhlGABICGCMIIQqZAUwAAmgnCACIEYBIA4RQYhxVBQkCBOIOAWIAQIJoAgQgiAmkFDCGAEIUwwiQAgjkiDMDJAAcM4KMsoIgphQAAFDAAIIAE6kEUIKIxxAAkByqBVCAcipAAggQsgAgBBFiBGKPM6IQYIhoIAjzAAElKGSMUAALEYgx4BAQggAgQMAAGCFIUIQQIUTUDhgHDMMEaCMNAggIhgAAAAgAWFGISEQUUAYgYlQShNADDImWAKQkAAwQY1jwgBFhAAKAEEEQUBKRIwAAhAgHBCGCaCAUgCMZQJTQABiDBHAAgEAAEYwgYQUhjSFCLFAEcAYRA0hpYwFxBAgECAGCSQAEYIRShyxgCpqIKBKCKCAIhACTIgARgBDiEACISiEgBQAYSASBCgIiEFKMQKUIpAIxiRBWCkKigBCeCIEccQIAIQggACAhDAKEKEAIwIARAgBwjBLEfAME4AUcgIJgBgUDBEpDBAKCAMIAsQBoABBwAngBAGEEbEYQQgxIZJRgAAgGBIMEAEFAEQBASCjDMohDLAIEkMMsMIbBBQRgxFhgLEAECAUYwAgAARCSAA"], "date": ["1984"], "genre": ["Rock"], "musicbrainz album type": ["Compilation"], "musicip_puid": ["34606ffd-2195-cc3f-4062-c21b867fa4e8"], "musicbrainz_recordingid": ["0b60a5ea-8aa8-4df7-b31f-4d0175d977e1"], "musicbrainz_albumartistid": ["3b972356-4410-4858-ab9c-6e3c3cf76609"], "musicbrainz_albumid": ["4260463f-041f-40c0-ab24-7ade9e7727f6"], "artist": ["Peter Hammill"], "tracknumber": ["02"], "bpm": ["119.96"], "album": ["The Thin Man Sings Ballads"], "musicbrainz album release country": ["United Kingdom"], "acoustid_id": ["721cfffb-7887-48db-bc27-25206114c813"], "musicbrainz_artistid": ["3b972356-4410-4858-ab9c-6e3c3cf76609"], "file_name": "Peter Hammill - Don't Tell Me.mp3"}}, "rhythm": {"bpm_histogram_first_peak_bpm": {"dmean2": 0, "median": 98, "min": 98, "dvar2": 0, "dvar": 0, "dmean": 0, "max": 98, "var": 0, "mean": 98}, "bpm": 96.7060699463, "bpm_histogram_second_peak_spread": {"dmean2": 0, "median": 0.505050480366, "min": 0.505050480366, "dvar2": 0, "dvar": 0, "dmean": 0, "max": 0.505050480366, "var": 0, "mean": 0.505050480366}, "bpm_histogram_first_peak_weight": {"dmean2": 0, "median": 0.246520876884, "min": 0.246520876884, "dvar2": 0, "dvar": 0, "dmean": 0, "max": 0.246520876884, "var": 0, "mean": 0.246520876884}, "onset_rate": 1.67384529114, "beats_position": [0.417959183455, 0.847528338432, 1.28870749474, 1.71827661991, 2.15945577621, 2.58902478218, 3.01859402657, 3.45977306366, 3.90095233917, 4.33052158356, 4.76009082794, 5.20126962662, 5.64244890213, 6.06040811539, 6.47836732864, 6.8963265419, 7.31428575516, 7.6858048439, 8.05732440948, 8.4172334671, 8.77714252472, 9.13705158234, 9.4853515625, 9.83365058899, 10.1935596466, 10.5418596268, 10.9017686844, 11.261677742, 11.6215867996, 12.051156044, 12.4807252884, 12.9102945328, 13.3398637772, 13.7578229904, 14.1757822037, 14.5937414169, 15.0233106613, 15.4644899368, 15.8940582275, 16.3236274719, 16.7531967163, 17.1827659607, 17.600725174, 18.0186843872, 18.4366436005, 18.8546028137, 19.2841720581, 19.7137413025, 20.154920578, 20.5960998535, 20.9211788177, 21.246257782, 21.5713367462, 21.8964176178, 22.221496582, 22.5465755463, 22.8716545105, 23.2083435059, 23.5450344086, 23.9049434662, 24.2532424927, 24.6015415192, 24.9498405457, 25.3097496033, 25.6696586609, 26.0295696259, 26.3894786835, 26.7493877411, 27.1092967987, 27.4808158875, 27.8407249451, 28.2006340027, 28.5605430603, 28.932062149, 29.3035831451, 29.7215423584, 30.1162815094, 30.5226306915, 30.9289798737, 31.3469390869, 31.7648983002, 32.1828575134, 32.6124267578, 33.0187759399, 33.4251251221, 33.8314743042, 34.2610435486, 34.690612793, 35.1201820374, 35.5497512817, 35.9909286499, 36.4204978943, 36.8616790771, 37.2912483215, 37.7208137512, 38.1503829956, 38.5915641785, 39.0211334229, 39.4507026672, 39.8802719116, 40.309841156, 40.7394104004, 41.1573677063, 41.5753288269, 41.9932861328, 42.4112472534, 42.8408164978, 43.2703857422, 43.6999549866, 44.129524231, 44.5590934753, 44.9886627197, 45.4298400879, 45.8710212708, 46.3354187012, 46.7882080078, 47.2526054382, 47.8679351807, 48.4716529846, 49.0985946655, 49.7255325317, 50.3524703979, 50.9678001404, 51.5947380066, 52.2216758728, 52.8370056152, 53.4523353577, 54.0676651001, 54.6946029663, 55.2983207703, 55.9136505127, 56.5173683167, 57.1326980591, 57.7480278015, 58.3749656677, 58.9902954102, 59.6056213379, 60.2325630188, 60.859500885, 61.498046875, 62.1365966797, 62.7403144836, 63.3556442261, 63.9709739685, 64.5746917725, 65.1784133911, 65.7821273804, 66.3742370605, 66.9895706177, 67.6165084839, 68.2550582886, 68.8703842163, 69.4973220825, 70.1126480103, 70.7279815674, 71.3316955566, 71.9354171753, 72.5391387939, 73.1428527832, 73.7465744019, 74.3851242065, 75.0236740112, 75.6622238159, 76.2891616821, 76.9044876099, 77.5314254761, 78.1583633423, 78.7853012085, 79.4122467041, 80.0391845703, 80.677734375, 81.3278884888, 82.0360946655, 82.7443084717, 83.4176864624, 84.0794525146, 84.7063903809, 85.3101119995, 85.9138336182, 86.5175476074, 87.1212692261, 87.7365951538, 88.3403167725, 88.9556427002, 89.5593643188, 90.1746902466, 90.7900238037, 91.393737793, 92.0090713501, 92.6243972778, 93.2397232056, 93.8782730103, 94.5168228149, 95.1553726196, 95.7939224243, 96.432472229, 97.0594100952, 97.6747360229, 98.3016738892, 98.9286117554, 99.555557251, 100.182495117, 100.797821045, 101.424758911, 102.051696777, 102.678634644, 103.305580139, 103.920906067, 104.536231995, 105.151565552, 105.755279541, 106.370613098, 106.985939026, 107.601264954, 108.22820282, 108.843536377, 109.470474243, 110.085800171, 110.701133728, 111.316459656, 111.95500946, 112.593559265, 113.23210907, 113.859046936, 114.497596741, 115.147750854, 115.797912598, 116.436462402, 117.086616516, 117.748390198, 118.398544312, 119.025482178, 119.664031982, 120.302581787, 120.929519653, 121.533241272, 122.1485672, 122.763900757, 123.379226685, 123.994552612, 124.609886169, 125.248435974, 125.886978149, 126.513923645, 127.129249573, 127.756187439, 128.371520996, 128.986846924, 129.602172852, 130.217498779, 130.832824707, 131.448165894, 132.051879883, 132.678817749, 133.305755615, 133.921081543, 134.536407471, 135.163360596, 135.790298462, 136.417236328, 137.032562256, 137.647888184, 138.251602173, 138.855331421, 139.470657349, 140.016326904, 140.56199646, 141.107666016, 141.66494751, 142.199005127, 142.825942993, 143.452880859, 144.079818726, 144.695144653, 145.32208252, 145.949020386, 146.575958252, 147.214508057, 147.841445923, 148.468383789, 149.095321655, 149.722259521, 150.337600708, 150.952926636, 151.556640625, 152.090698242, 152.636367798, 153.182037354, 153.727706909, 154.273376465, 154.807434082, 155.341491699, 155.887161255, 156.3515625, 156.815963745, 157.28036499, 157.756362915, 158.232376099, 158.708389282, 159.184402466, 159.672012329, 160.148025513, 160.577590942, 161.007156372, 161.448348999, 161.877914429, 162.319091797, 162.760269165, 163.201446533, 163.642623901, 164.072189331, 164.50177002, 164.931335449, 165.256408691, 165.581497192, 165.906570435, 166.231658936, 166.556732178, 166.905029297, 167.241714478, 167.590026855, 167.926712036, 168.251785278, 168.576873779, 168.901947021, 169.227020264, 169.552108765, 169.865570068, 170.190658569, 170.515731812, 170.840820313, 171.258773804, 171.676727295, 172.094696045, 172.524261475, 172.953826904, 173.383392334, 173.812973022, 174.288970947, 174.753372192, 175.217773438, 175.751831055, 176.285888672, 176.912826538, 177.539764404, 178.166702271, 178.805252075, 179.432189941, 180.047531128, 180.674468994, 181.30140686, 181.928344727, 182.555282593, 183.182220459, 183.809158325, 184.44770813, 185.086257935, 185.713195801, 186.340133667, 186.978683472, 187.605621338, 188.232559204, 188.847885132, 189.46321106, 190.078552246, 190.693878174, 191.309204102, 191.924530029, 192.539855957, 193.155181885, 193.78213501, 194.409072876, 195.024398804, 195.639724731, 196.255050659, 196.870376587, 197.497314453, 198.124252319, 198.751205444, 199.378143311, 200.005081177, 200.620407104, 201.235733032, 201.85105896, 202.466384888, 203.081726074, 203.70866394, 204.323989868, 204.927703857, 205.543029785, 206.169967651, 206.796905518, 207.412246704, 208.027572632, 208.64289856, 209.269836426, 209.873550415, 210.488891602, 211.115829468, 211.742767334, 212.3697052, 212.996643066, 213.623580933, 214.250518799, 214.865844727, 215.481170654, 216.096496582, 216.711837769, 217.199447632, 217.687072754, 218.174682617, 218.56942749, 218.964172363, 219.370513916, 219.788482666, 220.136779785, 220.473464966, 220.810150146, 221.146850586, 221.483535767, 221.820220947, 222.168518066, 222.505218506, 222.853515625, 223.190200806, 223.515274048, 223.840362549, 224.165435791, 224.478912354, 224.803985596, 225.140670776, 225.477371216, 225.814056396, 226.185577393, 226.557098389, 226.928619385, 227.300125122, 227.671646118, 228.031555176, 228.391464233, 228.762985229, 229.134506226, 229.506027222, 229.877548218, 230.341949463, 230.817947388, 231.293960571, 231.769973755, 232.338867188, 232.907745361, 233.476638794, 234.057144165, 234.626022339, 235.252960205, 235.868301392, 236.495239258, 237.110565186, 237.725891113, 238.352828979, 238.979766846, 239.595092773, 240.198822021, 240.814147949, 241.429473877, 242.044799805, 242.671737671, 243.298675537, 243.925613403, 244.55255127, 245.179489136, 245.81803894, 246.456588745, 247.060317993, 247.664031982, 248.267745972, 248.87147522, 249.475189209, 250.032470703, 250.589752197, 251.147018433, 251.704299927, 252.273193359, 252.795639038, 253.318084717, 253.840545654, 254.362991333, 254.873825073, 255.384674072, 255.883895874, 256.394744873, 256.905578613, 257.346740723, 257.77633667, 258.2059021, 258.647064209, 259.088256836, 259.541046143, 259.993835449, 260.434997559, 260.876190186, 261.317352295, 261.758544922, 262.199737549, 262.652526855], "beats_loudness": {"dmean2": 0.0191514585167, "median": 0.0148762501776, "min": 8.94583763511e-07, "dvar2": 0.000606990477536, "dvar": 0.000208163895877, "dmean": 0.0114014856517, "max": 0.121308997273, "var": 0.00047197562526, "mean": 0.0208354908973}, "danceability": 0.908345580101, "bpm_histogram_second_peak_weight": {"dmean2": 0, "median": 0.0974155068398, "min": 0.0974155068398, "dvar2": 0, "dvar": 0, "dmean": 0, "max": 0.0974155068398, "var": 0, "mean": 0.0974155068398}, "beats_count": 504, "bpm_histogram_second_peak_bpm": {"dmean2": 0, "median": 140, "min": 140, "dvar2": 0, "dvar": 0, "dmean": 0, "max": 140, "var": 0, "mean": 140}, "bpm_histogram_first_peak_spread": {"dmean2": 0, "median": 0.48760330677, "min": 0.48760330677, "dvar2": 0, "dvar": 0, "dmean": 0, "max": 0.48760330677, "var": 0, "mean": 0.48760330677}, "beats_loudness_band_ratio": {"dmean2": [0.272558480501, 0.225271686912, 0.251256465912, 0.194568023086, 0.0691835507751, 0.0560609810054], "median": [0.265825241804, 0.15756213665, 0.247112900019, 0.154350608587, 0.0158660355955, 0.00714181642979], "min": [0.00252876686864, 0.00498076993972, 0.00514248292893, 0.00145056319889, 0.000296742480714, 6.65675324854e-05], "dvar2": [0.0461620427668, 0.0424753651023, 0.0436819046736, 0.0400547869503, 0.0101444954053, 0.0317635647953], "dvar": [0.0201589297503, 0.0144167458639, 0.0155385537073, 0.0150152686983, 0.00398214766756, 0.0120358280838], "dmean": [0.167528942227, 0.127988904715, 0.15579777956, 0.115074247122, 0.0405177772045, 0.0313309393823], "max": [0.957985639572, 0.640562951565, 0.887508451939, 0.793946564198, 0.652305722237, 0.952255725861], "var": [0.0449342690408, 0.0188326612115, 0.0290227495134, 0.0223804507405, 0.00562995998189, 0.00965697318316], "mean": [0.301074266434, 0.188423395157, 0.277347803116, 0.193732500076, 0.046527326107, 0.0292534474283]}}, "lowlevel": {"barkbands_spread": {"dmean2": 3.78730750084, "median": 11.4925765991, "min": 1.36783194542, "dvar2": 32.4474334717, "dvar": 16.1504859924, "dmean": 2.47092008591, "max": 102.193580627, "var": 69.8770370483, "mean": 13.562661171}, "melbands_spread": {"dmean2": 5.43705844879, "median": 15.3114995956, "min": 1.16354048252, "dvar2": 90.289894104, "dvar": 44.7296104431, "dmean": 3.46561431885, "max": 253.889816284, "var": 215.884063721, "mean": 18.0465984344}, "hfc": {"dmean2": 4.69700336456, "median": 7.10467386246, "min": 1.12088386071e-16, "dvar2": 93.3618469238, "dvar": 42.6633987427, "dmean": 3.18908691406, "max": 228.223098755, "var": 298.018341064, "mean": 13.5124149323}, "barkbands_kurtosis": {"dmean2": 2.06201267242, "median": 1.28308367729, "min": -1.83284926414, "dvar2": 10.3517446518, "dvar": 4.31506967545, "dmean": 1.30215191841, "max": 134.46925354, "var": 37.1374855042, "mean": 2.69147229195}, "gfcc": {"mean": [-73.6831512451, 125.268569946, -103.612609863, -18.9595966339, -53.0746269226, 13.8316822052, -37.068977356, 5.21889638901, -25.6094646454, -0.262549936771, -8.7320022583, -2.4690527916, -16.4476833344], "icov": [[0.000361326732673, -0.00052125408547, 0.000911748793442, -0.000699937576428, 0.00082311645383, -0.000902800355107, 0.000466298573883, -0.000254562299233, 0.000266243034275, -0.000323879357893, 0.000581654661801, -0.000156922527822, 4.06712024414e-05], [-0.00052125408547, 0.00316087133251, -0.00164650962688, 0.00285224756226, -0.00360696297139, 0.00143565842882, -0.0012779457029, 0.00135113717988, -0.00152690906543, 0.00287412106991, -0.00260629388504, 0.00139330071397, -0.00120360183064], [0.000911748793442, -0.00164650962688, 0.00382483005524, -0.00164749997202, 0.00253757205792, -0.00341179617681, 0.00105068285484, -0.000242148598772, 0.000995698850602, -0.00185037369374, 0.00186605635099, -0.00190733175259, 0.000510452780873], [-0.000699937576428, 0.00285224756226, -0.00164749997202, 0.00475904019549, -0.00312883523293, 0.00217154505663, -0.00180462491699, 0.000549811811652, -0.000643511943053, 0.00123405293562, -0.00246279756539, 0.00140494538937, -0.00189291825518], [0.00082311645383, -0.00360696297139, 0.00253757205792, -0.00312883523293, 0.0076534319669, -0.00209912355058, 0.00140549568459, -0.000562113360502, -0.000635215081275, -0.00208800728433, 0.00229138927534, -0.00107136706356, -0.000983672449365], [-0.000902800355107, 0.00143565842882, -0.00341179617681, 0.00217154505663, -0.00209912355058, 0.00818367954344, -0.00168138882145, -0.00220439932309, -0.000278840976534, 0.000686910992954, -0.00156203890219, -6.44971078145e-05, -0.00074953289004], [0.000466298573883, -0.0012779457029, 0.00105068285484, -0.00180462491699, 0.00140549568459, -0.00168138882145, 0.00534059898928, 0.000320502178511, -3.91416324419e-05, -0.000798732042313, 0.0012624473311, -0.00327029032633, 0.00139957095962], [-0.000254562299233, 0.00135113717988, -0.000242148598772, 0.000549811811652, -0.000562113360502, -0.00220439932309, 0.000320502178511, 0.00843814387918, -0.00203633122146, 0.00256273592822, -0.00522612268105, 0.00342372432351, -0.000740132236388], [0.000266243034275, -0.00152690906543, 0.000995698850602, -0.000643511943053, -0.000635215081275, -0.000278840976534, -3.91416324419e-05, -0.00203633122146, 0.0118637550622, -0.00658251717687, 0.00347138266079, -0.00158944609575, 0.000320403516525], [-0.000323879357893, 0.00287412106991, -0.00185037369374, 0.00123405293562, -0.00208800728433, 0.000686910992954, -0.000798732042313, 0.00256273592822, -0.00658251717687, 0.0152737870812, -0.00425002304837, 0.00375697971322, -0.00316024804488], [0.000581654661801, -0.00260629388504, 0.00186605635099, -0.00246279756539, 0.00229138927534, -0.00156203890219, 0.0012624473311, -0.00522612268105, 0.00347138266079, -0.00425002304837, 0.0172293502837, -0.00627608131617, 0.00201556202956], [-0.000156922527822, 0.00139330071397, -0.00190733175259, 0.00140494538937, -0.00107136706356, -6.44971078145e-05, -0.00327029032633, 0.00342372432351, -0.00158944609575, 0.00375697971322, -0.00627608131617, 0.0191038288176, -0.00591656565666], [4.06712024414e-05, -0.00120360183064, 0.000510452780873, -0.00189291825518, -0.000983672449365, -0.00074953289004, 0.00139957095962, -0.000740132236388, 0.000320403516525, -0.00316024804488, 0.00201556202956, -0.00591656565666, 0.0154375107959]], "cov": [[11347.7119141, -1286.75012207, -2302.92333984, 1029.04333496, -558.137268066, 132.207122803, -567.953125, 558.81854248, -202.646575928, -89.0374221802, 10.2408599854, -351.712799072, -28.9098682404], [-1286.75012207, 1888.16882324, 289.28692627, -666.02130127, 619.778076172, -21.6370391846, 141.693664551, -213.828689575, 160.959365845, -97.2332992554, 8.81147098541, 88.3227767944, 84.1696014404], [-2302.92333984, 289.28692627, 1039.57177734, -213.366333008, 0.866681575775, 194.526489258, 130.169403076, -72.6101608276, 12.8871383667, 32.5593795776, 11.21849823, 117.639640808, 12.3221569061], [1029.04333496, -666.02130127, -213.366333008, 643.971923828, -87.7851867676, -31.455078125, -2.94210386276, 78.1268157959, -30.011297226, 49.8142242432, 16.8161678314, -30.0813827515, 25.3670845032], [-558.137268066, 619.778076172, 0.866681575775, -87.7851867676, 448.975280762, -34.6624488831, 46.7995834351, -78.4682769775, 105.976867676, 8.0862903595, -6.50717401505, 30.6522102356, 69.973197937], [132.207122803, -21.6370391846, 194.526489258, -31.455078125, -34.6624488831, 254.151351929, 24.3338947296, 84.0085372925, -8.43262290955, 3.88911557198, 28.0314311981, 21.8059635162, 5.29687547684], [-567.953125, 141.693664551, 130.169403076, -2.94210386276, 46.7995834351, 24.3338947296, 279.587127686, -55.6145515442, 23.8396816254, 3.74936890602, 3.01787495613, 63.544052124, 8.26094532013], [558.81854248, -213.828689575, -72.6101608276, 78.1268157959, -78.4682769775, 84.0085372925, -55.6145515442, 221.64440918, -15.0017433167, -4.69848775864, 47.8837852478, -34.3146057129, -11.4692754745], [-202.646575928, 160.959365845, 12.8871383667, -30.011297226, 105.976867676, -8.43262290955, 23.8396816254, -15.0017433167, 140.515869141, 48.2081642151, -11.7646827698, 8.62509727478, 24.2341156006], [-89.0374221802, -97.2332992554, 32.5593795776, 49.8142242432, 8.0862903595, 3.88911557198, 3.74936890602, -4.69848775864, 48.2081642151, 109.922767639, 3.7036819458, -3.01403617859, 17.6873703003], [10.2408599854, 8.81147098541, 11.21849823, 16.8161678314, -6.50717401505, 28.0314311981, 3.01787495613, 47.8837852478, -11.7646827698, 3.7036819458, 87.805557251, 18.763256073, 2.04895424843], [-351.712799072, 88.3227767944, 117.639640808, -30.0813827515, 30.6522102356, 21.8059635162, 63.544052124, -34.3146057129, 8.62509727478, -3.01403617859, 18.763256073, 91.8793029785, 27.8079833984], [-28.9098682404, 84.1696014404, 12.3221569061, 25.3670845032, 69.973197937, 5.29687547684, 8.26094532013, -11.4692754745, 24.2341156006, 17.6873703003, 2.04895424843, 27.8079833984, 91.0438537598]]}, "spectral_energyband_middle_low": {"dmean2": 0.0043460666202, "median": 0.00671885628253, "min": 4.08532003934e-22, "dvar2": 6.36482727714e-05, "dvar": 2.55016366282e-05, "dmean": 0.00281415274367, "max": 0.125721499324, "var": 0.000126574363094, "mean": 0.00990705005825}, "melbands_crest": {"dmean2": 3.61860370636, "median": 10.9506130219, "min": 2.93653106689, "dvar2": 12.4325428009, "dvar": 4.63869524002, "dmean": 2.24228191376, "max": 29.4789581299, "var": 18.9397640228, "mean": 11.8108310699}, "spectral_kurtosis": {"dmean2": 6.49711513519, "median": 10.1623401642, "min": -1.31245577335, "dvar2": 91.2087783813, "dvar": 30.9638824463, "dmean": 3.84453296661, "max": 97.8561935425, "var": 280.385620117, "mean": 17.6280517578}, "spectral_rms": {"dmean2": 0.000576569524128, "median": 0.00355731719173, "min": 3.20333234764e-12, "dvar2": 5.14909515914e-07, "dvar": 2.40478357227e-07, "dmean": 0.000387179927202, "max": 0.0139749292284, "var": 4.36584605268e-06, "mean": 0.00367613346316}, "zerocrossingrate": {"dmean2": 0.00646076351404, "median": 0.0380859375, "min": 0.00341796875, "dvar2": 0.00011855194316, "dvar": 0.000109768290713, "dmean": 0.00536098051816, "max": 0.49267578125, "var": 0.00102564913686, "mean": 0.0439124368131}, "silence_rate_60dB": {"dmean2": 0.0363155566156, "median": 0, "min": 0, "dvar2": 0.039045587182, "dvar": 0.0178308654577, "dmean": 0.0181561782956, "max": 1, "var": 0.154761493206, "mean": 0.191416233778}, "erbbands_kurtosis": {"dmean2": 1.45429873466, "median": 0.561744689941, "min": -1.73694574833, "dvar2": 4.47079896927, "dvar": 2.00866055489, "dmean": 0.922074794769, "max": 71.6796417236, "var": 9.44015884399, "mean": 1.60431802273}, "erbbands": {"dmean2": [0.0142442351207, 0.182967677712, 1.04969835281, 1.75672447681, 2.39250469208, 1.75722301006, 5.4404873848, 12.490735054, 13.427523613, 25.7788314819, 35.0855102539, 37.7825431824, 22.1605300903, 32.2928009033, 45.0080795288, 47.4659156799, 26.1282634735, 23.2830982208, 16.2314243317, 5.84685087204, 5.61171579361, 4.50000476837, 3.70228171349, 2.45062041283, 2.63815402985, 1.93691575527, 0.95416277647, 0.516319811344, 0.620888352394, 0.56531482935, 0.530850827694, 0.73404276371, 0.68529266119, 0.479597717524, 0.172553002834, 0.0579145587981, 0.0094091007486, 0.00139109545853, 0.000280292937532, 1.34933225127e-05], "median": [0.00284105539322, 0.0755119994283, 0.521465599537, 1.37744832039, 1.82217848301, 1.8169195652, 3.96176767349, 8.92349815369, 10.3475141525, 10.88078022, 10.239030838, 12.0677909851, 9.06025695801, 16.0200557709, 14.2077550888, 17.5293083191, 11.8631982803, 9.15628814697, 3.41090631485, 1.94023549557, 1.71467971802, 1.79705238342, 1.17965531349, 0.590869784355, 0.596176743507, 0.462926149368, 0.127603590488, 0.0543791726232, 0.0928850397468, 0.121517211199, 0.0762831643224, 0.060989677906, 0.0474940761924, 0.0446227006614, 0.0200913846493, 0.00753985997289, 0.00158153916709, 0.000399186537834, 6.70236040605e-05, 1.89514012163e-05], "min": [8.0392650768e-23, 7.59015255329e-22, 1.34762052043e-20, 1.96985308061e-19, 2.17909668836e-19, 1.25957389738e-19, 3.52715293264e-19, 4.48511493594e-19, 3.52612076633e-19, 7.65956374226e-19, 2.70876690436e-18, 9.61174462607e-19, 1.97292502261e-18, 2.05301161554e-18, 2.49645507692e-18, 2.8986747517e-18, 5.96313552332e-18, 1.10664614676e-17, 9.57631213774e-18, 5.09006458474e-18, 8.29049627147e-18, 1.60478498227e-17, 1.71234575887e-17, 1.34883925345e-17, 2.57628445804e-17, 1.25694023185e-17, 1.49550400088e-17, 1.22438637341e-17, 1.33556118482e-17, 2.24442753722e-17, 1.44386493503e-17, 1.86633022754e-17, 1.45997957142e-17, 9.91148820349e-18, 1.00521825267e-17, 4.9511123039e-18, 3.87613030012e-18, 1.48004593911e-18, 3.09465741347e-19, 2.9697402809e-20], "dvar2": [0.0157979615033, 0.571569621563, 7.61435317993, 13.0698156357, 18.6170864105, 11.1452541351, 137.696533203, 638.627746582, 586.509765625, 4642.56982422, 8571.89648438, 16344.6904297, 7986.32714844, 10469.2919922, 37827.546875, 24071.8828125, 5850.58691406, 7159.93017578, 2598.40332031, 365.125244141, 252.66192627, 128.200744629, 106.111999512, 55.0420227051, 43.973072052, 31.3374938965, 20.4437618256, 5.24635648727, 7.80630302429, 7.00811958313, 6.96730232239, 26.7236633301, 37.0803260803, 3.91547894478, 0.759396493435, 0.103579871356, 0.00201217178255, 3.09761016979e-05, 8.99783117347e-07, 8.65835125818e-10], "dvar": [0.00609177723527, 0.256227433681, 2.64884591103, 4.82269859314, 7.48644161224, 4.71341753006, 55.5560951233, 271.115997314, 250.524078369, 1791.06201172, 3878.68969727, 6231.44921875, 3455.25292969, 4236.60498047, 13737.3935547, 10031.7402344, 2852.74487305, 3362.48681641, 1141.85888672, 181.404281616, 106.249801636, 56.0797576904, 40.7021713257, 22.4679851532, 17.4006099701, 12.3105955124, 7.58014726639, 2.18605780602, 4.02999973297, 3.04941821098, 3.23597478867, 13.572394371, 16.9586772919, 1.75150835514, 0.363299667835, 0.0467956475914, 0.000953335431404, 1.65763540281e-05, 3.75667951857e-07, 3.53888474081e-10], "dmean": [0.0089542362839, 0.111211791635, 0.614860117435, 1.09641981125, 1.62382948399, 1.13941991329, 3.50089931488, 8.30084228516, 8.27264213562, 16.1276378632, 23.3364982605, 24.0274410248, 14.5772619247, 20.7656326294, 27.7255439758, 29.8879432678, 17.0177879333, 14.9281778336, 10.6122159958, 3.80478572845, 3.55214905739, 2.91899633408, 2.32601308823, 1.57623124123, 1.6675889492, 1.23074507713, 0.590877950191, 0.325890123844, 0.40535902977, 0.361006081104, 0.342867195606, 0.481896847486, 0.438913375139, 0.307616740465, 0.114000275731, 0.0384861938655, 0.00630415417254, 0.00093103852123, 0.00017316112644, 8.64606226969e-06], "max": [5.95409870148, 33.6185760498, 54.7536392212, 60.4042472839, 94.5824584961, 76.0664291382, 191.512893677, 371.36529541, 437.853088379, 935.639770508, 1592.66088867, 2040.0982666, 2509.02490234, 1982.92895508, 2860.49804688, 3825.97973633, 2702.36962891, 3549.06005859, 1120.95141602, 918.554626465, 352.815032959, 210.291564941, 149.947631836, 136.45085144, 92.9423751831, 98.430770874, 103.004936218, 56.1785049438, 162.789215088, 72.8117523193, 96.6968917847, 272.628967285, 316.179656982, 82.7953109741, 17.9601192474, 7.59924697876, 1.29385793209, 0.243206694722, 0.0255339797586, 0.000570380187128], "var": [0.00922682881355, 0.506510615349, 4.59134912491, 11.0023880005, 47.3130874634, 14.4888801575, 136.269882202, 716.761413574, 755.372497559, 7194.10888672, 8959.18457031, 13044.8925781, 7228.86962891, 10458.9033203, 29002.71875, 24729.2910156, 7924.33935547, 6915.91015625, 5046.99316406, 521.388793945, 384.446105957, 160.550872803, 118.303436279, 67.3611907959, 54.2545890808, 38.5189971924, 16.1711349487, 6.15690279007, 11.3813810349, 5.93798542023, 7.37227344513, 31.2045612335, 30.7860946655, 3.81828689575, 0.872126102448, 0.103995978832, 0.00255793100223, 4.72097635793e-05, 8.16286615191e-07, 1.31654032121e-09], "mean": [0.0383423678577, 0.330292284489, 1.25754797459, 2.45346617699, 4.40388059616, 2.93648266792, 7.6289601326, 18.0477409363, 18.0189628601, 37.2233734131, 42.741519928, 47.1334266663, 31.0806789398, 44.2231674194, 53.2714500427, 58.7347106934, 35.0248527527, 31.3922462463, 25.1229839325, 9.13567352295, 8.0578660965, 6.55071210861, 5.28354406357, 3.61503767967, 3.8997900486, 2.84115886688, 1.28172397614, 0.76956319809, 0.925514638424, 0.744946956635, 0.693294167519, 0.877114593983, 0.762720644474, 0.572522461414, 0.215585231781, 0.0717212036252, 0.0130664948374, 0.00203353795223, 0.000336644356139, 3.20092294714e-05]}, "spectral_strongpeak": {"dmean2": 0.739827573299, "median": 0.503298521042, "min": 0, "dvar2": 1.53855741024, "dvar": 0.612710058689, "dmean": 0.445622473955, "max": 13.5244817734, "var": 1.95729613304, "mean": 1.04057335854}, "spectral_energy": {"dmean2": 0.00602513365448, "median": 0.0129708684981, "min": 1.05178720995e-20, "dvar2": 0.000111814428237, "dvar": 4.87782854179e-05, "dmean": 0.00396499317139, "max": 0.200181111693, "var": 0.000374498340534, "mean": 0.0183268394321}, "average_loudness": 0.240029469132, "spectral_rolloff": {"dmean2": 350.568847656, "median": 1012.06054688, "min": 86.1328125, "dvar2": 883943.8125, "dvar": 406626.46875, "dmean": 206.842803955, "max": 18712.3535156, "var": 1253168.625, "mean": 1174.89331055}, "spectral_centroid": {"dmean2": 151.740386963, "median": 726.197143555, "min": 256.265472412, "dvar2": 61451.8359375, "dvar": 32972.078125, "dmean": 100.70891571, "max": 11489.0458984, "var": 257168.09375, "mean": 861.546936035}, "pitch_salience": {"dmean2": 0.0836559459567, "median": 0.601893126965, "min": 0.120365686715, "dvar2": 0.00547257065773, "dvar": 0.00206370931119, "dmean": 0.0511810667813, "max": 0.963960051537, "var": 0.00926791597158, "mean": 0.593489348888}, "spectral_energyband_middle_high": {"dmean2": 0.00273180566728, "median": 0.00232758838683, "min": 1.92016933338e-21, "dvar2": 4.62212883576e-05, "dvar": 1.95185821212e-05, "dmean": 0.00177910923958, "max": 0.127899065614, "var": 8.20546338218e-05, "mean": 0.00559041695669}, "spectral_contrast_coeffs": {"dmean2": [0.0630839243531, 0.0601892732084, 0.0483036115766, 0.0432249121368, 0.0300220176578, 0.0197874773294], "median": [-0.64607834816, -0.699124872684, -0.75277274847, -0.74713242054, -0.773054361343, -0.838907718658], "min": [-0.954231858253, -0.948470771313, -0.966222405434, -0.963949978352, -0.964490830898, -0.958479404449], "dvar2": [0.00263667386025, 0.00263377721421, 0.00172748521436, 0.00120713585056, 0.000657029333524, 0.000286056369077], "dvar": [0.000952947651967, 0.00103693234269, 0.000687193183694, 0.000481431285152, 0.000274782592896, 0.00011963929137], "dmean": [0.0379424616694, 0.0373282246292, 0.0300027169287, 0.0266202818602, 0.0186970941722, 0.0122448988259], "max": [-0.385793447495, -0.34133425355, -0.397391229868, -0.511380851269, -0.558092057705, -0.615566372871], "var": [0.00662884721532, 0.00593166705221, 0.0050960262306, 0.00283573870547, 0.00317395315506, 0.00327032757923], "mean": [-0.642363846302, -0.691219866276, -0.741322040558, -0.744090020657, -0.780115008354, -0.823323249817]}, "melbands_skewness": {"dmean2": 0.514815330505, "median": 1.28896892071, "min": -1.76837158203, "dvar2": 0.269097745419, "dvar": 0.113609835505, "dmean": 0.332908332348, "max": 8.18662929535, "var": 0.919859051704, "mean": 1.3813675642}, "spectral_spread": {"dmean2": 532957.375, "median": 3460280.5, "min": 874839.125, "dvar2": 570667630592, "dvar": 375321001984, "dmean": 358141.375, "max": 40685672, "var": 3368900624380.0, "mean": 3528953}, "dissonance": {"dmean2": 0.0431307926774, "median": 0.440974980593, "min": 0.157490760088, "dvar2": 0.00186554016545, "dvar": 0.000684379250742, "dmean": 0.0255354698747, "max": 0.5, "var": 0.00202442565933, "mean": 0.431936681271}, "spectral_skewness": {"dmean2": 0.49337053299, "median": 2.73334598541, "min": -0.115902028978, "dvar2": 0.3170388937, "dvar": 0.119339257479, "dmean": 0.304014444351, "max": 8.15493869781, "var": 1.80549585819, "mean": 3.07475304604}, "spectral_flux": {"dmean2": 0.0192704405636, "median": 0.0423275902867, "min": 1.02556678427e-10, "dvar2": 0.000604391854722, "dvar": 0.000251023535384, "dmean": 0.0121943531558, "max": 0.336053729057, "var": 0.00163127086125, "mean": 0.0515105947852}, "spectral_contrast_valleys": {"dmean2": [0.55410861969, 0.441213607788, 0.372136116028, 0.349320471287, 0.301733314991, 0.233784630895], "median": [-7.86286354065, -6.81059741974, -7.18651723862, -8.22989082336, -8.86589717865, -11.3064413071], "min": [-27.7286872864, -27.2174263, -27.0861282349, -27.1856269836, -27.3373985291, -27.2702560425], "dvar2": [0.228952497244, 0.151881024241, 0.108058318496, 0.0920709371567, 0.0980328246951, 0.0734346136451], "dvar": [0.0887918397784, 0.0664462819695, 0.0517042167485, 0.0477892272174, 0.0570635981858, 0.0522665940225], "dmean": [0.329109698534, 0.271778702736, 0.234668418765, 0.219943895936, 0.200905844569, 0.16805434227], "max": [-5.63699769974, -4.7659778595, -5.20421552658, -5.62190198898, -5.87590312958, -7.45714998245], "var": 