{"tonal": {"thpcp": [1, 0.970346927643, 0.449929744005, 0.221199810505, 0.154553607106, 0.117449648678, 0.120494142175, 0.175253227353, 0.268278062344, 0.34010964632, 0.577216625214, 0.647222220898, 0.364430963993, 0.192420676351, 0.211703792214, 0.324357062578, 0.290616959333, 0.168901085854, 0.132717370987, 0.104781970382, 0.0750699266791, 0.085652038455, 0.0968600660563, 0.109391525388, 0.141868323088, 0.356141448021, 0.557961404324, 0.354201257229, 0.126048833132, 0.0927312523127, 0.0841850414872, 0.0968665853143, 0.179806962609, 0.477815628052, 0.675217211246, 0.672117710114], "hpcp": {"dmean2": [0.354522258043, 0.203892633319, 0.164091527462, 0.131529718637, 0.111844390631, 0.121751479805, 0.156735375524, 0.220077484846, 0.261367827654, 0.276765495539, 0.252691984177, 0.174222543836, 0.177531167865, 0.19997882843, 0.178375676274, 0.123995862901, 0.1024197191, 0.0902265459299, 0.0646050944924, 0.0638898611069, 0.0705612823367, 0.0770343840122, 0.080605968833, 0.252463638783, 0.442057937384, 0.245989263058, 0.0820748731494, 0.0752295106649, 0.0785673782229, 0.0984800383449, 0.169285267591, 0.270346105099, 0.332281827927, 0.426078975201, 0.403907626867, 0.411803781986], "median": [0.0383598580956, 0.00608613854274, 0.00241770315915, 0.00120015919674, 0.00148667301983, 0.00491787213832, 0.00927261542529, 0.0262255910784, 0.0424326062202, 0.0452228188515, 0.019677169621, 0.00554921850562, 0.0127624971792, 0.0231259670109, 0.0252173412591, 0.0181891042739, 0.0106751872227, 0.00575397443026, 0.00528150610626, 0.00596560258418, 0.00768889952451, 0.0090441070497, 0.00801130943, 0.0191871467978, 0.0246086325496, 0.0281616970897, 0.0104447929189, 0.0066786473617, 0.00379157299176, 0.00235711946152, 0.00566879566759, 0.0286754816771, 0.059502530843, 0.127408891916, 0.132767319679, 0.110461302102], "min": [0, 0, 0, 0, 0, 0, 0, 0, 0, 0, 0, 0, 0, 0, 0, 0, 0, 0, 0, 0, 0, 0, 0, 0, 0, 0, 0, 0, 0, 0, 0, 0, 0, 0, 0, 0], "dvar2": [0.183471053839, 0.140315055847, 0.137968614697, 0.106857009232, 0.0861379727721, 0.0880858078599, 0.0928489267826, 0.117023356259, 0.135747402906, 0.138678580523, 0.158690035343, 0.100948661566, 0.0850600898266, 0.0936609953642, 0.07542771101, 0.0443873330951, 0.0462721027434, 0.044422890991, 0.0279841348529, 0.0295124016702, 0.0324838869274, 0.0404779165983, 0.0409804843366, 0.0976092144847, 0.309119403362, 0.0889578834176, 0.0321786999702, 0.0338172987103, 0.0401944667101, 0.0505498684943, 0.0922842845321, 0.147544786334, 0.180859476328, 0.189081594348, 0.19777739048, 0.215784355998], "dvar": [0.0654359906912, 0.0501625053585, 0.0473947264254, 0.0375563502312, 0.030085477978, 0.0307155158371, 0.034435685724, 0.0410775467753, 0.0503950044513, 0.0564429424703, 0.0556933768094, 0.0349875800312, 0.0304407905787, 0.0351668521762, 0.0279740933329, 0.0159784331918, 0.0163746662438, 0.0153706660494, 0.00950166862458, 0.0101581662893, 0.0115506323054, 0.0142172249034, 0.0151300681755, 0.0358058549464, 0.112316265702, 0.032578356564, 0.0114365266636, 0.0116932122037, 0.0140119735152, 0.017479063943, 0.0319325588644, 0.0531175099313, 0.0677918121219, 0.06810400635, 0.0759469047189, 0.0832149684429], "dmean": [0.195153862238, 0.109364718199, 0.0867158547044, 0.068320043385, 0.0600541345775, 0.0654952600598, 0.0871111750603, 0.1216057688, 0.146983787417, 0.161276772618, 0.138714954257, 0.0939021036029, 0.0966999903321, 0.112764626741, 0.102076604962, 0.069259762764, 0.0567539744079, 0.0487794578075, 0.0348333977163, 0.0352813415229, 0.0391791760921, 0.0424902103841, 0.0454780422151, 0.136969313025, 0.235721111298, 0.133694797754, 0.0458610989153, 0.0406548120081, 0.04196639359, 0.0522187538445, 0.0909675881267, 0.150534033775, 0.184537172318, 0.239372134209, 0.225506901741, 0.229771614075], "max": [1, 1, 1, 1, 1, 1, 1, 1, 1, 1, 1, 1, 1, 1, 1, 1, 1, 1, 1, 1, 1, 1, 1, 1, 1, 1, 1, 1, 1, 1, 1, 1, 1, 1, 1, 1], "var": [0.0593096651137, 0.0390878990293, 0.030766453594, 0.0241190884262, 0.0231815110892, 0.0317616760731, 0.0473171882331, 0.0430390425026, 0.093425616622, 0.107732072473, 0.0581615120173, 0.0277325008065, 0.0240717567503, 0.0448261275887, 0.0360938087106, 0.0137325692922, 0.0123626971617, 0.010891797021, 0.00598559295759, 0.00695319566876, 0.00844347942621, 0.0112856533378, 0.0201683510095, 0.0410087816417, 0.109794788063, 0.0382794812322, 0.0138186505064, 0.0100618144497, 0.00994005799294, 0.0112330336124, 0.0228125154972, 0.0707345679402, 0.11205920577, 0.0780608057976, 0.155843168497, 0.156885012984], "mean": [0.160435289145, 0.0788751021028, 0.0551104992628, 0.0418800227344, 0.0429656244814, 0.0624915398657, 0.0956621915102, 0.121275797486, 0.205823048949, 0.230785548687, 0.1299482584, 0.0686130821705, 0.0754890292883, 0.115658760071, 0.103627763689, 0.0602265000343, 0.0473241657019, 0.0373630002141, 0.026768323034, 0.0305416788906, 0.0345382206142, 0.0390066690743, 0.0505871959031, 0.12699238956, 0.198957055807, 0.126300558448, 0.0449463091791, 0.0330659747124, 0.0300185792148, 0.0345405451953, 0.0641153007746, 0.170378789306, 0.24076795578, 0.239662736654, 0.356578528881, 0.346004873514]}, "tuning_equal_tempered_deviation": 0.30709528923, "chords_changes_rate": 0.0610297396779, "key_key": "F", "tuning_diatonic_strength": 0.392102867365, "key_scale": "minor", "chords_number_rate": 0.00288504222408, "tuning_frequency": 434.193115234, "tuning_nontempered_energy_ratio": 0.93054318428, "chords_histogram": [12.4500665665, 1.53129160404, 1.17620944977, 0, 0.288504213095, 1.15401685238, 1.81979584694, 0.621393680573, 3.75055480003, 8.34442996979, 11.4070129395, 9.52063941956, 0.110963158309, 0.244118958712, 0.244118958712, 1.88637375832, 25.3883705139, 16.8442077637, 0.0665778964758, 0.199733689427, 0, 0, 0.266311585903, 2.68530845642], "key_strength": 0.426444113255, "chords_key": "C#", "chords_strength": {"dmean2": 0.0111688878387, "median": 0.56827878952, "min": -1, "dvar2": 0.000931001675781, "dvar": 0.000487817917019, "dmean": 0.00988940056413, "max": 0.807857573032, "var": 0.0293912552297, "mean": 0.543551206589}, "chords_scale": "minor", "hpcp_entropy": {"dmean2": 1.03824985027, "median": 2.26265716553, "min": 0, "dvar2": 0.772608280182, "dvar": 0.273092210293, "dmean": 0.609005630016, "max": 4.39225769043, "var": 0.60345184803, "mean": 2.23958778381}}, "metadata": {"audio_properties": {"equal_loudness": 0, "codec": "mp3", "downmix": "mix", "sample_rate": 44100, "analysis_sample_rate": 44100, "bit_rate": 128000, "md5_encoded": "c5abdade9daddd7a176ef3d69eda298a", "length": 209.188568115, "replay_gain": -2.91572189331, "lossless": false}, "version": {"essentia_build_sha": "ca57ba49d9b1854bd80e60cf9ccf267278fb7d6b", "essentia": "2.1-beta1", "extractor": "music 1.0", "essentia_git_sha": "v2.1_beta1-28-g21ef5f4-dirty"}, "tags": {"title": ["Retry Me"], "media": ["Digital Media"], "albumartist": ["Yuppster"], "musicbrainz_recordingid": ["0b63af51-577c-4d6b-8a98-784915a5d831"], "musicbrainz_albumartistid": ["1c9b39b6-1858-421d-9c11-a3adef79d72f"], "copyrighturl": ["http://creativecommons.org/licenses/by-nc-nd/2.5/"], "discnumber": ["1/1"], "album": ["Ambition EP"], "catalognumber": ["mtk.mp3.159"], "musicbrainz album release country": ["US"], "musicbrainz album type": ["ep"], "musicbrainz album status": ["official"], "date": ["2006"], "file_name": "[mtk159]-yuppster-02-retry-me.mp3", "musicbrainz_releasegroupid": ["4c0e22db-9626-3efd-960b-a0a41114ed97"], "script": ["Latn"], "originaldate": ["2006"], "musicbrainz_albumid": ["009ccfff-ee19-4b40-bd30-928b1dddc65a"], "artist": ["Yuppster"], "artistsort": ["Yuppster"], "tracknumber": ["2/7"], "label": ["Monotonik"], "albumartistsort": ["Yuppster"], "acoustid_id": ["00e30047-fca3-438e-a54d-88a99d767217"], "musicbrainz_artistid": ["1c9b39b6-1858-421d-9c11-a3adef79d72f"]}}, "rhythm": {"bpm_histogram_first_peak_bpm": {"dmean2": 0, "median": 140, "min": 140, "dvar2": 0, "dvar": 0, "dmean": 0, "max": 140, "var": 0, "mean": 140}, "bpm": 140.018692017, "bpm_histogram_second_peak_spread": {"dmean2": 0, "median": 0.142857193947, "min": 0.142857193947, "dvar2": 0, "dvar": 0, "dmean": 0, "max": 0.142857193947, "var": 0, "mean": 0.142857193947}, "bpm_histogram_first_peak_weight": {"dmean2": 0, "median": 0.671457886696, "min": 0.671457886696, "dvar2": 0, "dvar": 0, "dmean": 0, "max": 0.671457886696, "var": 0, "mean": 0.671457886696}, "onset_rate": 3.49426078796, "beats_position": [0.383129239082, 0.789478421211, 1.20743763447, 1.62539684772, 2.04335594177, 2.4497051239, 2.85605430603, 3.27401351929, 3.69197273254, 4.1099319458, 4.53950119019, 4.96907043457, 5.39863920212, 5.8282084465, 6.25777769089, 6.68734693527, 7.11691617966, 7.5464849472, 7.96444416046, 8.39401340485, 8.82358264923, 9.25315189362, 9.682721138, 10.1122903824, 10.5418596268, 10.9714279175, 11.3893871307, 11.8189563751, 12.2485256195, 12.6780948639, 13.1076641083, 13.5372333527, 13.9784126282, 14.4079818726, 14.8259410858, 15.2555103302, 15.6850786209, 16.114648819, 16.5326080322, 16.9621772766, 17.3801364899, 17.8097057343, 18.2392749786, 18.6688423157, 19.1100215912, 19.5512008667, 19.9807701111, 20.4103393555, 20.851518631, 21.2926979065, 21.733877182, 22.1750564575, 22.616235733, 23.0690250397, 23.5218143463, 23.974603653, 24.4273910522, 24.8685703278, 25.2981395721, 25.7277088165, 26.168888092, 26.5984573364, 27.0280265808, 27.4575958252, 27.8871650696, 28.316734314, 28.7463035583, 29.1758728027, 29.6054420471, 30.0350112915, 30.4645805359, 30.8825397491, 31.3121089935, 31.7416782379, 32.171245575, 32.6008148193, 33.0187759399, 33.4483451843, 33.8779144287, 34.3190917969, 34.7486610413, 35.1782302856, 35.60779953, 36.0373687744, 36.4669380188, 36.8965072632, 37.3260765076, 37.755645752, 38.1968231201, 38.6263923645, 39.0559616089, 39.4855308533, 39.9151000977, 40.344669342, 40.7626304626, 41.192199707, 41.6101570129, 42.0165061951, 42.4344673157, 42.8524246216, 43.2587738037, 43.6767349243, 44.0946922302, 44.5126533508, 44.919002533, 45.3253517151, 45.743309021, 46.1728782654, 46.6024475098, 47.0204086304, 47.4383659363, 47.8563270569, 48.2742843628, 48.6922454834, 49.1102027893, 49.5281639099, 49.9461212158, 50.3756904602, 50.8052597046, 51.2464370728, 51.6760063171, 52.1055755615, 52.5351448059, 52.9647140503, 53.3942832947, 53.8238525391, 54.2534217834, 54.6829910278, 55.1241722107, 55.5537414551, 55.9833106995, 56.4012680054, 56.819229126, 57.2487983704, 57.6783676147, 58.1079368591, 58.5375061035, 58.9554634094, 59.3850326538, 59.8146018982, 60.2441711426, 60.673740387, 61.1033096313, 61.5328788757, 61.9624481201, 62.3920173645, 62.8215866089, 63.2511558533, 63.6807250977, 64.1102905273, 64.5398635864, 64.9694290161, 65.3990020752, 65.8285675049, 66.2465286255, 66.6761016846, 67.1056671143, 67.5352401733, 67.9531936646, 68.3827667236, 68.8123321533, 69.2419052124, 69.6714706421, 70.1010437012, 70.5306091309, 70.9601821899, 71.3897476196, 71.8193206787, 72.2604980469, 72.6900634766, 73.1196365356, 73.5375976562, 73.9671630859, 74.396736145, 74.8263015747, 75.2558746338, 75.6854400635, 76.1150131226, 76.5445785522, 76.9741516113, 77.403717041, 77.8332901001, 78.2628555298, 78.6924285889, 79.133605957, 79.5631713867, 79.9927444458, 80.410697937, 80.8286590576, 81.2466201782, 81.6761856079, 82.105758667, 82.5353240967, 82.9648971558, 83.3944625854, 83.8240356445, 84.2536010742, 84.6831741333, 85.112739563, 85.5423126221, 85.9718780518, 86.3898391724, 86.8194122314, 87.2489776611, 87.6785507202, 88.1081161499, 88.537689209, 88.9672546387, 89.3968200684, 89.8263931274, 90.2675704956, 90.6971435547, 91.1150970459, 91.544670105, 91.9742355347, 92.4038085938, 92.8217697144, 93.251335144, 93.6809082031, 94.1104736328, 94.5400466919, 94.9696121216, 95.3991851807, 95.8287506104, 96.2583236694, 96.6878890991, 97.1174621582, 97.5470275879, 97.976600647, 98.3945541382, 98.8241271973, 99.2653045654, 99.6948699951, 100.124443054, 100.542404175, 100.960357666, 101.378318787, 101.807891846, 102.237457275, 102.667030334, 103.096595764, 103.537773132, 103.967346191, 104.396911621, 104.82648468, 105.25605011, 105.685623169, 106.115188599, 106.544761658, 106.974327087, 107.403900146, 107.833465576, 108.251426697, 108.669387817, 109.098953247, 109.528526306, 109.958091736, 110.387664795, 110.817230225, 111.246803284, 111.676368713, 112.105941772, 112.535507202, 112.965080261, 113.394645691, 113.82421875, 114.25378418, 114.683357239, 115.10131073, 115.530883789, 115.960449219, 116.390022278, 116.819587708, 117.260765076, 117.678726196, 118.108299255, 118.537864685, 118.967437744, 119.397003174, 119.826576233, 120.256141663, 120.685714722, 121.115280151, 121.533241272, 121.951202393, 122.392379761, 122.82194519, 123.25151825, 123.681083679, 124.110656738, 124.540222168, 124.969795227, 125.399360657, 125.828933716, 126.246894836, 126.676460266, 127.106025696, 127.535598755, 127.965164185, 128.394729614, 128.824310303, 129.253875732, 129.683441162, 130.12461853, 130.54258728, 130.983764648, 131.413330078, 131.842895508, 132.295684814, 132.748474121, 133.201263428, 133.654052734, 134.095230103, 134.548019409, 135.000808716, 135.465209961, 135.929611206, 136.394012451, 136.835189819, 137.287979126, 137.740768433, 138.193557739, 138.646347046, 139.087524414, 139.528701782, 139.958267212, 140.3878479, 140.81741333, 141.24697876, 141.676544189, 142.106124878, 142.535690308, 142.965255737, 143.394821167, 143.824401855, 144.253967285, 144.683532715, 145.101501465, 145.531066895, 145.960632324, 146.390197754, 146.819763184, 147.237731934, 147.667297363, 148.096862793, 148.526443481, 148.956008911, 149.385574341, 149.815139771, 150.244720459, 150.674285889, 151.115463257, 151.533416748, 151.951385498, 152.380950928, 152.810516357, 153.251693726, 153.681274414, 154.110839844, 154.540405273, 154.969970703, 155.399536133, 155.829116821, 156.247070312, 156.676635742, 157.106216431, 157.53578186, 157.96534729, 158.39491272, 158.81288147, 159.242446899, 159.672012329, 160.101577759, 160.531158447, 160.960723877, 161.390289307, 161.819854736, 162.249435425, 162.679000854, 163.096954346, 163.538131714, 163.967712402, 164.408889771, 164.8384552, 165.256408691, 165.68598938, 166.11555481, 166.545120239, 166.96307373, 167.392654419, 167.81060791, 168.228561401, 168.646530151, 169.08770752, 169.528884888, 169.958450317, 170.388031006, 170.817596436, 171.247161865, 171.676727295, 172.106307983, 172.535873413, 172.965438843, 173.383392334, 173.812973022, 174.242538452, 174.672103882, 175.101669312, 175.53125, 175.96081543, 176.390380859, 176.819946289, 177.249526978, 177.679092407, 178.108657837, 178.538223267, 178.967803955, 179.397369385, 179.826934814, 180.268112183, 180.697677612, 181.115646362, 181.545211792, 181.974777222, 182.40435791, 182.822311401, 183.251876831, 183.669830322, 184.099411011, 184.52897644, 184.970153809, 185.399719238, 185.829299927, 186.258865356, 186.688430786, 187.106384277, 187.524353027, 187.953918457, 188.383483887, 188.813064575, 189.242630005, 189.672195435, 190.101760864, 190.531341553, 190.960906982, 191.390472412, 191.83164978, 192.26121521, 192.702392578, 193.120361328, 193.538314819, 193.967880249, 194.397460938, 194.827026367, 195.256591797, 195.686157227, 196.115737915, 196.545303345, 196.974868774, 197.392837524, 197.822402954, 198.251968384, 198.693145752, 199.122711182, 199.494232178, 199.865753174, 200.225662231, 200.620407104, 201.015136719, 201.409881592, 201.793014526, 202.164535522, 202.536056519, 202.919174194, 203.29069519, 203.662216187, 204.033737183, 204.405258179, 204.788391113, 205.206344604, 205.612701416, 206.019042969, 206.42539978, 206.831741333, 207.28453064, 207.737319946, 208.190109253, 208.64289856], "beats_loudness": {"dmean2": 0.101242549717, "median": 0.063993781805, "min": 0, "dvar2": 0.0125295789912, "dvar": 0.00493512209505, "dmean": 0.061552233994, "max": 0.536264955997, "var": 0.00638053193688, "mean": 0.0878938883543}, "danceability": 1.06150913239, "bpm_histogram_second_peak_weight": {"dmean2": 0, "median": 0.0369609855115, "min": 0.0369609855115, "dvar2": 0, "dvar": 0, "dmean": 0, "max": 0.0369609855115, "var": 0, "mean": 0.0369609855115}, "beats_count": 488, "bpm_histogram_second_peak_bpm": {"dmean2": 0, "median": 133, "min": 133, "dvar2": 0, "dvar": 0, "dmean": 0, "max": 133, "var": 0, "mean": 133}, "bpm_histogram_first_peak_spread": {"dmean2": 0, "median": 0.256818175316, "min": 0.256818175316, "dvar2": 0, "dvar": 0, "dmean": 0, "max": 0.256818175316, "var": 0, "mean": 0.256818175316}, "beats_loudness_band_ratio": {"dmean2": [0.337393045425, 0.214281708002, 0.11144002527, 0.0213296562433, 0.00631798617542, 0.124823451042], "median": [0.77062022686, 0.100343421102, 0.0189529769123, 0.00359294842929, 0.00114291347563, 0.0627568513155], "min": [0, 0, 0, 0, 0, 0], "dvar2": [0.0826440900564, 0.047539960593, 0.0335299111903, 0.0024010068737, 7.95716769062e-05, 0.0197632238269], "dvar": [0.0329692512751, 0.0171229988337, 0.0117839854211, 0.00084144284483, 3.13867167279e-05, 0.00704206805676], "dmean": [0.193489134312, 0.124373070896, 0.0616351179779, 0.0117896692827, 0.00356942461804, 0.0717945694923], "max": [0.9877191782, 0.877770662308, 0.755674421787, 0.32088676095, 0.0583779625595, 0.612170815468], "var": [0.0746189579368, 0.0372266434133, 0.012008192949, 0.000713389599696, 3.12214178848e-05, 0.00897890422493], "mean": [0.671788454056, 0.176268428564, 0.0601999312639, 0.0103522082791, 0.00294441008009, 0.0925099477172]}}, "lowlevel": {"barkbands_spread": {"dmean2": 5.44450473785, "median": 3.42845273018, "min": 0.0854241028428, "dvar2": 166.212173462, "dvar": 67.5568084717, "dmean": 3.29026913643, "max": 119.241363525, "var": 97.7213745117, "mean": 6.05906963348}, "melbands_spread": {"dmean2": 3.20388388634, "median": 2.89587450027, "min": 0.0628213360906, "dvar2": 47.3017272949, "dvar": 19.3797836304, "dmean": 1.94059371948, "max": 157.437927246, "var": 211.023910522, "mean": 5.57673597336}, "hfc": {"dmean2": 95.5447006226, "median": 91.978553772, "min": 1.03240068146e-16, "dvar2": 27508.9433594, "dvar": 11933.1728516, "dmean": 59.2635765076, "max": 2424.17407227, "var": 27536.5683594, "mean": 141.892562866}, "barkbands_kurtosis": {"dmean2": 41.1946907043, "median": 23.9212417603, "min": -1.85269212723, "dvar2": 6269.35888672, "dvar": 2297.82983398, "dmean": 24.4036026001, "max": 1003.46685791, "var": 3630.63891602, "mean": 41.9169540405}, "gfcc": {"mean": [-97.5234298706, 125.124832153, -33.6082954407, 7.52993011475, -23.6269931793, -7.19471359253, -11.5609426498, -8.95927143097, -5.1949300766, -7.68307542801, -6.34413957596, -5.35374259949, -3.90453314781], "icov": [[9.33211122174e-05, -0.000338757643476, 0.000276079226751, -0.000356229691533, 0.000192733641597, -9.52430127654e-06, 0.000192917272216, -1.94490476133e-05, 6.23309606453e-05, -3.54857183993e-05, 0.000461717834696, -0.000347972585587, 0.000150518098962], [-0.000338757643476, 0.00288907578215, -0.00141229410656, 0.00169540755451, 0.000138891351526, -0.000457968650153, -0.000436260394054, 0.000870287360158, -0.00198691245168, 0.00259266141802, -0.00497883930802, 0.00405588187277, -0.00151251396164], [0.000276079226751, -0.00141229410656, 0.00324338627979, -0.00185679725837, 9.20067395782e-05, -0.00160047248937, 0.00136107264552, 5.35561302968e-05, 0.000463121454231, 0.0016682309797, -0.00155514210928, 0.000917763856705, -0.000322134059388], [-0.000356229691533, 0.00169540755451, -0.00185679725837, 0.00624400144443, -0.00372948334552, -0.000984295271337, -0.00052762706764, -0.000759954913519, 0.00103502976708, -0.00170049385633, 0.00289401691407, -0.00481993472204, 0.00327655137517], [0.000192733641597, 0.000138891351526, 9.20067395782e-05, -0.00372948334552, 0.0107197938487, -0.00364307360724, -0.000547635019757, 0.00242786877789, -0.00878790672868, 0.00872555933893, -0.00780277978629, 0.00551689183339, -0.00413844874129], [-9.52430127654e-06, -0.000457968650153, -0.00160047248937, -0.000984295271337, -0.00364307360724, 0.0167027506977, -0.00604481762275, -0.00675866706297, 0.011565156281, -0.0155823808163, 0.00864323042333, -0.000866768998094, -0.000128358558868], [0.000192917272216, -0.000436260394054, 0.00136107264552, -0.00052762706764, -0.000547635019757, -0.00604481762275, 0.0129496501759, -0.00100160983857, -0.0101693747565, 0.00962780602276, -0.00258709886111, -0.00100903585553, 0.00371599476784], [-1.94490476133e-05, 0.000870287360158, 5.35561302968e-05, -0.000759954913519, 0.00242786877789, -0.00675866706297, -0.00100160983857, 0.0127442823723, -0.00465842476115, 0.000683565798681, -0.00222805514932, 0.00418475829065, -0.00515240710229], [6.23309606453e-05, -0.00198691245168, 0.000463121454231, 0.00103502976708, -0.00878790672868, 0.011565156281, -0.0101693747565, -0.00465842476115, 0.0313619412482, -0.0193179361522, 0.0123741775751, -0.00805543363094, 0.00464218389243], [-3.54857183993e-05, 0.00259266141802, 0.0016682309797, -0.00170049385633, 0.00872555933893, -0.0155823808163, 0.00962780602276, 0.000683565798681, -0.0193179361522, 0.0450234338641, -0.0328979305923, 0.00834082067013, 0.00259281438775], [0.000461717834696, -0.00497883930802, -0.00155514210928, 0.00289401691407, -0.00780277978629, 0.00864323042333, -0.00258709886111, -0.00222805514932, 0.0123741775751, -0.0328979305923, 0.0508413389325, -0.019347557798, 0.000148083461681], [-0.000347972585587, 0.00405588187277, 0.000917763856705, -0.00481993472204, 0.00551689183339, -0.000866768998094, -0.00100903585553, 0.00418475829065, -0.00805543363094, 0.00834082067013, -0.019347557798, 0.0337200127542, -0.00976728927344], [0.000150518098962, -0.00151251396164, -0.000322134059388, 0.00327655137517, -0.00413844874129, -0.000128358558868, 0.00371599476784, -0.00515240710229, 0.00464218389243, 0.00259281438775, 0.000148083461681, -0.00976728927344, 0.0235564149916]], "cov": [[26199.6875, 1472.43469238, -1505.9140625, 376.330505371, -707.081726074, -467.395324707, -362.349182129, -369.511535645, -90.0527114868, -185.853210449, -269.87701416, 138.751220703, -198.804092407], [1472.43469238, 1258.19824219, 276.715545654, -422.669494629, -58.8844985962, -108.578346252, -98.9856567383, -88.896194458, -33.4747962952, -39.7509651184, 80.1544952393, -117.962982178, 80.7440567017], [-1505.9140625, 276.715545654, 698.944763184, 56.2412528992, 105.760139465, 124.998138428, -22.0127086639, 54.1151504517, -38.9482002258, 16.9421768188, 57.4039993286, -47.5087852478, 49.4461517334], [376.330505371, -422.669494629, 56.2412528992, 556.033630371, 168.152313232, 143.154388428, 117.839370728, 79.3354873657, 51.4130439758, 20.1972980499, -35.5758628845, 72.244644165, -59.2061538696], [-707.081726074, -58.8844985962, 105.760139465, 168.152313232, 256.516113281, 65.3919143677, 114.384788513, 34.7640953064, 70.8305969238, -13.1822481155, 5.67548322678, 4.04518795013, 2.910145998], [-467.395324707, -108.578346252, 124.998138428, 143.154388428, 65.3919143677, 214.633956909, 64.0933685303, 119.12437439, -2.99410367012, 58.4142379761, 8.62825107574, -3.19694948196, -0.804233312607], [-362.349182129, -98.9856567383, -22.0127086639, 117.839370728, 114.384788513, 64.0933685303, 203.084594727, 52.1220436096, 79.4602584839, -12.6714735031, -17.6374874115, 11.3516244888, -30.3699703217], [-369.511535645, -88.896194458, 54.1151504517, 79.3354873657, 34.7640953064, 119.12437439, 52.1220436096, 159.749069214, 16.9916095734, 38.3848876953, 6.09721899033, -2.88839387894, 11.0244407654], [-90.0527114868, -33.4747962952, -38.9482002258, 51.4130439758, 70.8305969238, -2.99410367012, 79.4602584839, 16.9916095734, 91.010093689, 10.3969221115, -0.714139580727, 13.3065223694, -19.2062664032], [-185.853210449, -39.7509651184, 16.9421768188, 20.1972980499, -13.1822481155, 58.4142379761, -12.6714735031, 38.3848876953, 10.3969221115, 81.3285980225, 39.2643547058, 7.65147447586, -3.62017965317], [-269.87701416, 80.1544952393, 57.4039993286, -35.5758628845, 5.67548322678, 8.62825107574, -17.6374874115, 6.09721899033, -0.714139580727, 39.2643547058, 61.6129341125, 9.34917545319, 17.0725345612], [138.751220703, -117.962982178, -47.5087852478, 72.244644165, 4.04518795013, -3.19694948196, 11.3516244888, -2.88839387894, 13.3065223694, 7.65147447586, 9.34917545319, 64.1322174072, 2.1797144413], [-198.804092407, 80.7440567017, 49.4461517334, -59.2061538696, 2.910145998, -0.804233312607, -30.3699703217, 11.0244407654, -19.2062664032, -3.62017965317, 17.0725345612, 2.1797144413, 70.5062713623]]}, "spectral_energyband_middle_low": {"dmean2": 0.0119277248159, "median": 0.00897087901831, "min": 1.38651719936e-22, "dvar2": 0.000523987400811, "dvar": 0.000220716145122, "dmean": 0.00747690722346, "max": 0.283845037222, "var": 0.00048124222667, "mean": 0.0161186791956}, "melbands_crest": {"dmean2": 6.56863069534, "median": 19.2332057953, "min": 1.63944339752, "dvar2": 34.3655738831, "dvar": 13.0345935822, "dmean": 4.0011382103, "max": 38.9939498901, "var": 44.3053436279, "mean": 19.7477169037}, "spectral_kurtosis": {"dmean2": 25.9814910889, "median": 15.6034412384, "min": -1.26207840443, "dvar2": 1463.76135254, "dvar": 535.31072998, "dmean": 15.3142967224, "max": 277.766418457, "var": 615.388671875, "mean": 23.8411540985}, "spectral_rms": {"dmean2": 0.00229425658472, "median": 0.00645743776113, "min": 3.10706386834e-12, "dvar2": 7.47638796383e-06, "dvar": 3.5904181459e-06, "dmean": 0.00151778094005, "max": 0.0266081020236, "var": 1.37611514219e-05, "mean": 0.00695941317827}, "zerocrossingrate": {"dmean2": 0.0582640208304, "median": 0.1806640625, "min": 0.001953125, "dvar2": 0.00283029349521, "dvar": 0.00192448939197, "dmean": 0.0458634234965, "max": 0.95703125, "var": 0.0138760786504, "mean": 0.206302508712}, "silence_rate_60dB": {"dmean2": 0.0127664301544, "median": 0, "min": 0, "dvar2": 0.0157122481614, "dvar": 0.00639705359936, "dmean": 0.00643800664693, "max": 1, "var": 0.0585833601654, "mean": 0.0624861270189}, "erbbands_kurtosis": {"dmean2": 7.81989860535, "median": 3.59951090813, "min": -1.88292098045, "dvar2": 250.840606689, "dvar": 90.3889312744, "dmean": 4.63384532928, "max": 194.102294922, "var": 102.746566772, "mean": 6.19928026199}, "erbbands": {"dmean2": [1.27109920979, 4.60337305069, 9.44309616089, 6.85189533234, 14.3589601517, 37.6078720093, 33.40965271, 9.0562543869, 7.28858804703, 17.9403553009, 10.4212236404, 17.1659679413, 6.91442298889, 5.77704811096, 5.29263401031, 3.7654914856, 3.34056830406, 3.34431409836, 4.1684885025, 7.32244062424, 5.93592739105, 4.95137214661, 4.92969942093, 3.62831616402, 3.16754865646, 3.06736397743, 3.03657722473, 2.28091859818, 2.2125878334, 2.99566030502, 2.91420817375, 0.479363113642, 0.102474585176, 0.0656849816442, 0.0414171330631, 0.0244155675173, 0.0576724372804, 0.0515109598637, 0.0112969446927, 0.00708787282929], "median": [0.273953735828, 1.75811195374, 4.0742855072, 4.14791870117, 6.62974739075, 11.8919563293, 10.5307273865, 5.14416122437, 3.78818464279, 4.79321670532, 4.9705529213, 3.72043800354, 1.77598428726, 1.53293156624, 1.79887795448, 1.09960389137, 0.941795349121, 0.802417874336, 0.58990085125, 0.529008150101, 0.396744906902, 0.31491741538, 0.265040934086, 0.203143373132, 0.167103439569, 0.135350286961, 0.114009603858, 0.0931317731738, 0.0766643434763, 0.0606447681785, 0.0470636859536, 0.0298739150167, 0.0178671590984, 0.012359357439, 0.00829122122377, 0.00528973806649, 0.00376866012812, 0.00202495860867, 0.00125132373068, 0.00289719877765], "min": [9.46300754943e-23, 6.36500789614e-22, 1.37413864647e-21, 2.38461408172e-21, 1.11527219105e-20, 1.83222056644e-20, 4.20974767325e-20, 9.64644717921e-20, 1.05166276127e-19, 1.55340680402e-19, 2.0021708979e-19, 3.00633830549e-19, 4.00101446178e-19, 8.65173379979e-19, 1.33449823705e-18, 1.2606588223e-18, 1.21795386542e-18, 1.69308827042e-18, 1.50290331757e-18, 2.84899717925e-18, 4.20292619908e-18, 3.66838306209e-18, 6.02338942709e-18, 5.22032567888e-18, 7.40781101263e-18, 7.70897920186e-18, 9.43199807217e-18, 7.80055305875e-18, 1.04834025334e-17, 1.11181710093e-17, 1.07526498228e-17, 1.09253428008e-17, 1.02297136841e-17, 8.1924232565e-18, 6.30742670583e-18, 4.56880431403e-18, 2.10722916879e-18, 9.60804506078e-19, 2.43833069794e-19, 2.52514249544e-20], "dvar2": [7.38944530487, 81.4777603149, 374.948974609, 163.535354614, 1302.42346191, 7955.49267578, 6507.22412109, 545.905029297, 221.513519287, 2224.76806641, 752.417602539, 6475.14208984, 388.122467041, 459.478759766, 561.078063965, 366.347198486, 166.489730835, 171.548675537, 633.353637695, 1943.92919922, 661.966674805, 541.977539062, 738.68963623, 424.094451904, 223.129959106, 266.25491333, 375.852722168, 153.461456299, 137.669067383, 573.889282227, 614.174804688, 10.3953876495, 0.0408596135676, 0.0152224069461, 0.00593941751868, 0.00206560618244, 0.195728555322, 0.163365885615, 0.00320322834887, 0.000780516013037], "dvar": [2.90312886238, 31.5592327118, 135.4190979, 62.4207954407, 540.119140625, 3275.41748047, 2593.38427734, 197.589508057, 111.461326599, 838.858459473, 282.435089111, 2456.75146484, 145.406311035, 200.196990967, 206.093399048, 137.309509277, 61.9699554443, 68.2931976318, 243.456039429, 697.442321777, 247.666946411, 208.661468506, 278.291412354, 159.422180176, 89.917350769, 114.676040649, 151.805709839, 63.9246253967, 60.6670341492, 242.385787964, 259.638397217, 4.49475717545, 0.0174102354795, 0.00627526873723, 0.00244188983925, 0.000867052120157, 0.0822735577822, 0.0683362483978, 0.00132496817969, 0.000298793864204], "dmean": [0.762491643429, 2.77334332466, 5.57273435593, 4.19606494904, 8.57917308807, 23.3402404785, 20.6276855469, 5.54985237122, 4.87050056458, 10.730682373, 6.25077009201, 10.5260362625, 4.13893890381, 3.49507641792, 3.16376638412, 2.28754115105, 2.01394128799, 2.02137708664, 2.47354960442, 4.19997167587, 3.44815659523, 2.92157030106, 2.8739323616, 2.15622591972, 1.91926002502, 1.87651741505, 1.82510221004, 1.40935373306, 1.36863577366, 1.87551343441, 1.83408892155, 0.297080039978, 0.0609178766608, 0.0388017185032, 0.024501696229, 0.0145572572947, 0.0359889306128, 0.0320942178369, 0.00678718788549, 0.00421520089731], "max": [29.494977951, 107.304702759, 284.141906738, 192.723327637, 943.62109375, 1023.61798096, 952.975280762, 499.810516357, 356.107757568, 640.605834961, 413.35458374, 1879.76220703, 268.024688721, 921.52557373, 637.867980957, 582.407348633, 320.034820557, 213.406845093, 736.513122559, 694.795715332, 437.61529541, 350.823364258, 395.266693115, 466.279815674, 210.426528931, 314.582092285, 353.43963623, 208.984085083, 166.933425903, 447.320770264, 470.324249268, 62.5951271057, 3.76038193703, 1.85695636272, 1.09674358368, 0.723901510239, 8.58186531067, 8.20494842529, 1.08450829983, 0.308235615492], "var": [3.20541620255, 35.2084159851, 294.725494385, 103.040893555, 824.028564453, 6139.74316406, 4107.07177734, 709.553527832, 493.7215271, 3548.03857422, 371.268371582, 3560.78100586, 139.309326172, 562.776916504, 198.9609375, 111.827438354, 48.8157157898, 62.8327903748, 189.360107422, 449.187011719, 178.524215698, 159.902740479, 198.218002319, 114.87953949, 77.1093902588, 107.527816772, 127.993881226, 58.5079498291, 59.9895477295, 220.255050659, 239.390960693, 4.34811544418, 0.0193701684475, 0.00658905599266, 0.002570300363, 0.000967297470197, 0.0753687769175, 0.061467923224, 0.00117672118358, 0.000249577366048], "mean": [0.878875315189, 3.77348613739, 11.2542552948, 7.56783008575, 14.6592712402, 39.6009292603, 31.8410587311, 11.6990699768, 11.6257400513, 23.6166648865, 11.0992517471, 17.7256736755, 5.19162893295, 5.75308847427, 4.88455963135, 2.91265797615, 2.47179818153, 2.46782660484, 2.60458064079, 3.56416702271, 2.95694351196, 2.5321354866, 2.39642930031, 1.80922114849, 1.62985432148, 1.59169363976, 1.49940097332, 1.1826736927, 1.15456092358, 1.54522621632, 1.53628003597, 0.266475528479, 0.0597083009779, 0.038073182106, 0.024412246421, 0.015068070963, 0.0322808437049, 0.0275961291045, 0.00651262421161, 0.00638723559678]}, "spectral_strongpeak": {"dmean2": 5.40030860901, "median": 0.394448399544, "min": 0, "dvar2": 562.779785156, "dvar": 207.121353149, "dmean": 2.90593028069, "max": 240.597213745, "var": 144.979812622, "mean": 2.2842297554}, "spectral_energy": {"dmean2": 0.0443292595446, "median": 0.0427409633994, "min": 9.89519169852e-21, "dvar2": 0.00515347020701, "dvar": 0.00233639334328, "dmean": 0.028667980805, "max": 0.725690901279, "var": 0.00478519126773, "mean": 0.0637496188283}, "average_loudness": 0.811348557472, "spectral_rolloff": {"dmean2": 8502.88867188, "median": 473.73046875, "min": 21.533203125, "dvar2": 168823344, "dvar": 69120208, "dmean": 4309.58300781, "max": 22050, "var": 96404984, "mean": 6993.63818359}, "spectral_centroid": {"dmean2": 225.766616821, "median": 309.735046387, "min": 69.0116500854, "dvar2": 172242.046875, "dvar": 81158.2265625, "dmean": 138.105957031, "max": 11786.5595703, "var": 1389081.25, "mean": 522.957519531}, "pitch_salience": {"dmean2": 0.141155689955, "median": 0.479923963547, "min": 0.0595788471401, "dvar2": 0.0143814561889, "dvar": 0.00530236819759, "dmean": 0.0848827958107, "max": 0.851280748844, "var": 0.0162049587816, "mean": 0.474734723568}, "spectral_energyband_middle_high": {"dmean2": 0.000907520181499, "median": 0.000251879973803, "min": 1.16809938617e-21, "dvar2": 8.62685465108e-06, "dvar": 3.4112999856e-06, "dmean": 0.000549494405277, "max": 0.0453272201121, "var": 3.2788518638e-06, "mean": 0.00069700635504}, "spectral_contrast_coeffs": {"dmean2": [0.0880332291126, 0.0782493948936, 0.0676496326923, 0.0686551332474, 0.0560797043145, 0.0568314939737], "median": [-0.657844483852, -0.772824406624, -0.829503297806, -0.871836662292, -0.909983873367, -0.854925990105], "min": [-0.979716658592, -0.979198753834, -0.978033006191, -0.994510173798, -0.98397320509, -0.966930627823], "dvar2": [0.00497141852975, 0.00412937067449, 0.00299375457689, 0.00339136575349, 0.00286613963544, 0.00565892877057], "dvar": [0.00186007923912, 0.00151454692241, 0.00111825205386, 0.00131059100386, 0.00116983579937, 0.00258994707838], "dmean": [0.0529934875667, 0.0470024347305, 0.0408497415483, 0.0417050682008, 0.0339224152267, 0.0357027985156], "max": [-0.24376565218, -0.50392127037, -0.500870287418, -0.57112210989, -0.527130246162, -0.349171578884], "var": [0.0112585062161, 0.00646975217387, 0.00483181048185, 0.00427045486867, 0.00330211245455, 0.00497321225703], "mean": [-0.65333455801, -0.770570516586, -0.826031625271, -0.872319400311, -0.901608347893, -0.835514247417]}, "melbands_skewness": {"dmean2": 2.15641283989, "median": 3.10960388184, "min": -1.29261887074, "dvar2": 6.70766639709, "dvar": 2.48567891121, "dmean": 1.32884860039, "max": 28.1707019806, "var": 8.29351520538, "mean": 3.71617341042}, "spectral_spread": {"dmean2": 1589012.75, "median": 4014319, "min": 621853.5, "dvar2": 2165432123390.0, "dvar": 920548016128, "dmean": 966225.3125, "max": 42591336, "var": 17031794524200.0, "mean": 4373472}, "dissonance": {"dmean2": 0.0633468404412, "median": 0.439115315676, "min": 0.158365681767, "dvar2": 0.00350716151297, "dvar": 0.00130014470778, "dmean": 0.0381948910654, "max": 0.500000059605, "var": 0.00308700883761, "mean": 0.42647138238}, "spectral_skewness": {"dmean2": 1.91591608524, "median": 3.18029689789, "min": -0.085992321372, "dvar2": 4.3877453804, "dvar": 1.62310481071, "dmean": 1.16050124168, "max": 14.4671726227, "var": 2.90817093849, "mean": 3.57357907295}, "spectral_flux": {"dmean2": 0.0652730166912, "median": 0.098095625639, "min": 6.34095831398e-11, "dvar2": 0.00601473590359, "dvar": 0.00273775286041, "dmean": 0.0409430004656, "max": 0.713541090488, "var": 0.00770349381492, "mean": 0.119999155402}, "spectral_contrast_valleys": {"dmean2": [0.658773541451, 0.735694944859, 0.897772848606, 1.11616289616, 1.29992604256, 1.20231509209], "median": [-6.42014455795, -6.71187162399, -7.79992198944, -8.46233081818, -8.55700874329, -11.0800857544], "min": [-28.2163696289, -28.1270809174, -27.8419551849, -27.6176834106, -27.4832782745, -27.3893699646], "dvar2": [0.338088959455, 0.474522799253, 0.646462380886, 0.958594739437, 1.1942948103, 1.03606379032], "dvar": [0.171574980021, 0.210257709026, 0.280055016279, 0.3917298913, 0.49027210474, 0.412067830563], "dmean": [0.404190838337, 0.454168647528, 0.553444325924, 0.682918846607, 0.792877197266, 0.724801540375], "max": [-4.42198419571, -4.72724819183, -5.3941988945, -5.7112197876, -5.35231637955, -8.45885944366], "var": [6.29516553879, 6.07416200638, 5.51428794861, 5.35155582428, 5.48976278305, 4.21365308762], "mean": [-6.85529470444, -7.14311218262, -8.15948295593, -8.80065917969, -8.93122673035, -11.3820085526]}, "erbbands_flatness_db": {"dmean2": 0.072407990694, "median": 0.171660378575, "min": 0.0228993929923, "dvar2": 0.00407330226153, "dvar": 0.00153602391947, "dmean": 0.0443111732602, "max": 0.45880240202, "var": 0.0044904560782, "mean": 0.176230639219}, "spectral_energyband_high": {"dmean2": 0.000476886430988, "median": 2.46302697633e-05, "min": 6.80651221594e-21, "dvar2": 6.20238233751e-06, "dvar": 2.64023742602e-06, "dmean": 0.00028900578036, "max": 0.0389933474362, "var": 2.46494550993e-06, "mean": 0.000253132311627}, "spectral_entropy": {"dmean2": 0.895297050476, "median": 6.63818264008, "min": 4.23453235626, "dvar2": 0.598347008228, "dvar": 0.229749843478, "dmean": 0.546835541725, "max": 9.82336807251, "var": 0.695745587349, "mean": 6.65441274643}, "silence_rate_20dB": {"dmean2": 0.0173179395497, "median": 1, "min": 0, "dvar2": 0.0214608814567, "dvar": 0.00858372077346, "dmean": 0.00865800864995, "max": 1, "var": 0.00650489609689, "mean": 0.993451714516}, "melbands_flatness_db": {"dmean2": 0.110596865416, "median": 0.396721065044, "min": 0.002655739896, "dvar2": 0.00952218100429, "dvar": 0.00347936782055, "dmean": 0.0682092159986, "max": 0.864418745041, "var": 0.0102748796344, "mean": 0.398478806019}, "barkbands": {"dmean2": [0.0177316423506, 0.0249066930264, 0.00765249785036, 0.00244238600135, 0.00942380074412, 0.00125984637998, 0.000797734595835, 0.000516341882758, 0.00068239873508, 0.000202042065212, 0.000146768710692, 9.39230521908e-05, 7.15872301953e-05, 6.61425874569e-05, 9.54520728556e-05, 0.000143291224958, 8.82957756403e-05, 8.30216959002e-05, 6.65354018565e-05, 6.57342243358e-05, 6.65802363073e-05, 6.29618371022e-05, 0.000109110646008, 6.0639399635e-06, 5.83443534197e-06, 3.36556186085e-05, 0.000224879826419], "median": [0.00152251368854, 0.00881748180836, 0.00335305230692, 0.000910017173737, 0.00396043993533, 0.000665382831357, 0.000292807701044, 0.00021063053282, 0.000150800740812, 3.86852188967e-05, 4.25229518441e-05, 2.45465998887e-05, 1.8437505787e-05, 1.35877980938e-05, 1.00129964267e-05, 7.31470890969e-06, 5.70314523429e-06, 4.57370606455e-06, 3.48882190337e-06, 2.83304188997e-06, 2.56568932855e-06, 2.09493600778e-06, 1.69259055838e-06, 1.03574166133e-06, 1.11748977361e-06, 1.98020916287e-06, 1.28894680529e-05], "min": [2.91370705724e-25, 2.82984502934e-24, 7.52706423859e-25, 4.94676036825e-25, 5.45237110191e-24, 9.74901443487e-24, 5.43851870441e-24, 2.55466845471e-24, 1.18055274831e-23, 1.36424263885e-23, 2.59207166344e-23, 2.06763661811e-23, 1.87542024559e-23, 3.13087943893e-23, 3.92938558867e-23, 5.94057573802e-23, 6.77485420545e-23, 9.11295083828e-23, 1.1348605994e-22, 1.75689774422e-22, 2.13933852081e-22, 2.79381791746e-22, 3.85317910087e-22, 5.53967056753e-22, 8.67547571706e-22, 1.34824038082e-21, 1.82126187735e-21], "dvar2": [0.00163554772735, 0.00240694219247, 0.000240450564888, 2.76535902231e-05, 0.000412451132433, 7.00590135239e-06, 3.13235773319e-06, 1.21228129046e-06, 9.77114905254e-06, 4.1189795752e-07, 4.44574965286e-07, 1.93471947796e-07, 8.05364948064e-08, 6.14813160382e-08, 3.07546287104e-07, 5.59715886084e-07, 1.88675983281e-07, 1.8385811984e-07, 1.41708042634e-07, 1.23572419852e-07, 1.58393788752e-07, 1.26833199943e-07, 8.51348715969e-07, 1.48315387749e-10, 1.19091764228e-10, 7.25679711877e-08, 1.33235573685e-06], "dvar": [0.000596003897954, 0.00100031984039, 8.6314350483e-05, 1.0704723536e-05, 0.000170962230186, 2.58520958596e-06, 1.37856761739e-06, 4.47345684051e-07, 3.66025915355e-06, 1.75829