{"tonal": {"thpcp": [1, 0.739897727966, 0.37378013134, 0.307842612267, 0.280781209469, 0.308242589235, 0.403463870287, 0.430962175131, 0.424383968115, 0.456322520971, 0.472065865993, 0.609775900841, 0.697917759418, 0.491868883371, 0.400425612926, 0.524212002754, 0.474612683058, 0.317473381758, 0.246510520577, 0.251550078392, 0.465745419264, 0.738307654858, 0.530476629734, 0.177833244205, 0.115346819162, 0.0945440456271, 0.121259912848, 0.258548468351, 0.260647267103, 0.181743264198, 0.211107596755, 0.189213603735, 0.157765924931, 0.205237597227, 0.303862422705, 0.656576573849], "hpcp": {"dmean2": [0.19029417634, 0.176008731127, 0.154600858688, 0.142277255654, 0.180506035686, 0.204850554466, 0.167874351144, 0.10275413096, 0.0634447485209, 0.0577423684299, 0.0668144598603, 0.09219160676, 0.0889870598912, 0.0753879845142, 0.0750324130058, 0.0844087824225, 0.0885567516088, 0.131449833512, 0.196582809091, 0.274930268526, 0.309916347265, 0.305339694023, 0.238293915987, 0.21160517633, 0.197105139494, 0.180280432105, 0.165957808495, 0.164078906178, 0.180138707161, 0.197741806507, 0.212733983994, 0.268691986799, 0.262605309486, 0.215871885419, 0.188692748547, 0.192890033126], "median": [0.0131174065173, 0.00728060305119, 0.00506603717804, 0.00620281230658, 0.0315961651504, 0.05401789397, 0.034548714757, 0.00875572208315, 0.0033698361367, 0.00233988463879, 0.00387027068064, 0.00531424861401, 0.0086127538234, 0.00814191251993, 0.00489168427885, 0.00358587736264, 0.00683327158913, 0.00850454438478, 0.0142865590751, 0.0542781502008, 0.0916596055031, 0.0634727925062, 0.0163636393845, 0.00821484345943, 0.00835525617003, 0.0187466554344, 0.0329880639911, 0.0325486585498, 0.019127111882, 0.0163851566613, 0.0224773623049, 0.0479092076421, 0.0535720810294, 0.036545433104, 0.0204602796584, 0.0157511085272], "min": [0, 0, 0, 0, 0, 0, 0, 0, 0, 0, 0, 0, 0, 0, 0, 0, 0, 0, 0, 0, 0, 0, 0, 0, 0, 0, 0, 0, 0, 0, 0, 0, 0, 0, 0, 0], "dvar2": [0.110786341131, 0.117372691631, 0.116015084088, 0.0910590216517, 0.0843865349889, 0.0926485285163, 0.0703267082572, 0.0524746142328, 0.0369611792266, 0.0381273888052, 0.0328722335398, 0.0489490665495, 0.0445383042097, 0.0338537171483, 0.0371500104666, 0.0517601668835, 0.0480393134058, 0.0929815471172, 0.123047210276, 0.144113779068, 0.178607210517, 0.169496640563, 0.158342674375, 0.140297263861, 0.137600392103, 0.104869775474, 0.0858341827989, 0.0785424932837, 0.103603161871, 0.118569150567, 0.118603907526, 0.150533512235, 0.143883258104, 0.119675546885, 0.106568999588, 0.114411018789], "dvar": [0.0446353852749, 0.044885084033, 0.0422539375722, 0.0343073047698, 0.0359233953059, 0.0416113622487, 0.0284700412303, 0.0189084578305, 0.0135975582525, 0.013593070209, 0.0116340368986, 0.0215514916927, 0.0193303059787, 0.0125642651692, 0.0146597959101, 0.0192955620587, 0.0179884061217, 0.0338661335409, 0.0457534193993, 0.0579366609454, 0.0713027641177, 0.0603687614202, 0.0572428964078, 0.0531172677875, 0.0507894046605, 0.0396745540202, 0.034259814769, 0.0321066789329, 0.0414040908217, 0.0470876023173, 0.0480353347957, 0.0596578083932, 0.0553732775152, 0.0439333431423, 0.0421394594014, 0.0470886416733], "dmean": [0.112380817533, 0.0999264940619, 0.0863653868437, 0.0818802639842, 0.108542010188, 0.126670777798, 0.100815117359, 0.0576354153454, 0.035597320646, 0.0320448763669, 0.0378053635359, 0.054624222219, 0.0539095588028, 0.0440043210983, 0.0449258200824, 0.0488058961928, 0.0500227361917, 0.0717737972736, 0.107520498335, 0.158528834581, 0.181633815169, 0.17427650094, 0.133273005486, 0.117847919464, 0.108754180372, 0.100959978998, 0.0995236113667, 0.0981334224343, 0.105303831398, 0.115602739155, 0.123561397195, 0.156826913357, 0.15186882019, 0.124445416033, 0.108296476305, 0.113771751523], "max": [1, 1, 1, 1, 1, 1, 1, 1, 1, 1, 1, 1, 1, 1, 1, 1, 1, 1, 1, 1, 1, 1, 1, 1, 1, 1, 1, 1, 1, 1, 1, 1, 1, 1, 1, 1], "var": [0.0675882175565, 0.047055311501, 0.0380386374891, 0.0342317260802, 0.051100704819, 0.0946843102574, 0.0567734874785, 0.0158979445696, 0.0136791914701, 0.0113482028246, 0.0096117593348, 0.0389944128692, 0.0349498987198, 0.0167471896857, 0.0267322957516, 0.0240031033754, 0.0156599134207, 0.0249510426074, 0.0362437404692, 0.070932738483, 0.129284232855, 0.0818710997701, 0.047453597188, 0.0418072529137, 0.0384204573929, 0.0342332012951, 0.0437022633851, 0.0495211221278, 0.0594519972801, 0.0664607807994, 0.0645097345114, 0.0724680945277, 0.0868405923247, 0.0510970167816, 0.0488401688635, 0.0795433744788], "mean": [0.135478749871, 0.0906231477857, 0.070366717875, 0.0718052685261, 0.132947579026, 0.21075078845, 0.151425182819, 0.0507627092302, 0.0329258851707, 0.026987709105, 0.0346137844026, 0.0738029628992, 0.0744020715356, 0.0518788285553, 0.0602609105408, 0.0540112443268, 0.045034468174, 0.0585853122175, 0.0867378860712, 0.18742056191, 0.285451173782, 0.21120467782, 0.106695979834, 0.087874032557, 0.0801493227482, 0.0879882127047, 0.115169234574, 0.123018659651, 0.121140904725, 0.130257800221, 0.134751752019, 0.174061238766, 0.19922144711, 0.140404552221, 0.11430195719, 0.149636924267]}, "tuning_equal_tempered_deviation": 0.289153158665, "chords_changes_rate": 0.0881605669856, "key_key": "D#", "tuning_diatonic_strength": 0.58023506403, "key_scale": "major", "chords_number_rate": 0.00457317056134, "tuning_frequency": 450.805023193, "tuning_nontempered_energy_ratio": 0.950947403908, "chords_histogram": [27.057926178, 1.67682921886, 1.75304877758, 0.48272356391, 0.330284565687, 1.27032518387, 2.54065036774, 1.49898374081, 0.889227628708, 0.558943092823, 2.28658533096, 3.50609755516, 2.71849584579, 0.990853667259, 0.940040647984, 1.98170733452, 6.96138191223, 16.361787796, 2.31199193001, 2.66768288612, 2.21036577225, 3.17581295967, 10.3658533096, 5.46239852905], "key_strength": 0.661742806435, "chords_key": "D#", "chords_strength": {"dmean2": 0.0149610796943, "median": 0.487058758736, "min": 0.226502224803, "dvar2": 0.000206536176847, "dvar": 0.000141769691254, "dmean": 0.0134452255443, "max": 0.794115900993, "var": 0.00975401140749, "mean": 0.489019006491}, "chords_scale": "major", "hpcp_entropy": {"dmean2": 1.09397518635, "median": 1.38749146461, "min": 0, "dvar2": 0.83448946476, "dvar": 0.335684925318, "dmean": 0.647157132626, "max": 4.78535747528, "var": 0.756535232067, "mean": 1.39904820919}}, "metadata": {"audio_properties": {"equal_loudness": 0, "codec": "flac", "downmix": "mix", "sample_rate": 44100, "analysis_sample_rate": 44100, "bit_rate": 0, "md5_encoded": "e6d02f534af4a9151f836546fbccda08", "length": 182.733337402, "replay_gain": -11.7236003876, "lossless": true}, "version": {"essentia_build_sha": "70f2e5ece6736b2c40cc944ad0e695b16b925413", "essentia": "2.1-beta2", "extractor": "music 1.0", "essentia_git_sha": "v2.1_beta2"}, "tags": {"title": ["Alligator Blues"], "media": ["CD"], "albumartist": ["Sylvester Weaver"], "tracktotal": ["21"], "performer": ["Sylvester Weaver (guitar)", "Walter Beasley (guitar)", "Helen Humes (lead vocals)"], "releasetype": ["album", "compilation"], "musicbrainz_recordingid": ["0b634063-2b35-4f74-a3a8-312f69dec1ed"], "musicbrainz_albumartistid": ["1e1fa4a5-3bd6-4a1c-9b1d-5c613a741500"], "musicbrainz_releasetrackid": ["a1c0ba9e-3ef3-45ac-9bd8-645597372324"], "album": ["Complete Recorded Works in Chronological Order, Vol. 2: 31 August to 30 November 1927"], "catalognumber": ["DOCD-5113"], "date": ["1992"], "file_name": "12 - Helen Humes - Alligator Blues.flac", "musicbrainz_releasegroupid": ["4215b190-b7df-4b14-b67f-7b118d7e7427"], "musicbrainz_artistid": ["60e492fd-d953-4de0-a6d1-2d5d27f2e0bb"], "originaldate": ["1992"], "musicbrainz_albumid": ["53243dce-4e40-4e2a-b1fa-a911f8214a26"], "artist": ["Helen Humes"], "totaltracks": ["21"], "artistsort": ["Humes, Helen"], "tracknumber": ["12"], "label": ["Document Records"], "albumartistsort": ["Weaver, Sylvester"], "acoustid_id": ["40e6d5a6-3491-416f-8b8d-004a8754cc21"], "script": ["Latn"], "releasestatus": ["official"]}}, "rhythm": {"bpm_histogram_first_peak_bpm": {"dmean2": 0, "median": 88, "min": 88, "dvar2": 0, "dvar": 0, "dmean": 0, "max": 88, "var": 0, "mean": 88}, "bpm": 84.8633575439, "bpm_histogram_second_peak_spread": {"dmean2": 0, "median": 0.16949146986, "min": 0.16949146986, "dvar2": 0, "dvar": 0, "dmean": 0, "max": 0.16949146986, "var": 0, "mean": 0.16949146986}, "bpm_histogram_first_peak_weight": {"dmean2": 0, "median": 0.289962828159, "min": 0.289962828159, "dvar2": 0, "dvar": 0, "dmean": 0, "max": 0.289962828159, "var": 0, "mean": 0.289962828159}, "onset_rate": 2.91651034355, "beats_position": [0.731428563595, 1.48607707024, 2.21750569344, 2.92571425438, 3.63392281532, 4.34213161469, 5.02712011337, 5.73532867432, 6.45514726639, 7.18657588959, 7.94122457504, 8.67265319824, 9.4040813446, 10.1471195221, 10.8321084976, 11.5170974731, 12.1904764175, 12.8522443771, 13.5140132904, 14.1873922348, 14.8491611481, 15.5109291077, 16.1610889435, 16.8112468719, 17.4614048004, 18.1928348541, 18.9242630005, 19.6440811157, 20.363899231, 21.0721092224, 21.7919273376, 22.523355484, 23.2663936615, 23.9978218079, 24.7292518616, 25.4606800079, 26.1921081543, 26.9119262695, 27.6317462921, 28.3283443451, 29.0365524292, 29.7331504822, 30.4181404114, 31.1031284332, 31.8113365173, 32.5079345703, 33.2161445618, 33.935962677, 34.6441726685, 35.3639907837, 36.0838088989, 36.8036270142, 37.5234451294, 38.2432632446, 38.9630813599, 39.6712913513, 40.3562812805, 41.041267395, 41.7378692627, 42.4344673157, 43.1426734924, 43.8508834839, 44.5590934753, 45.2789115906, 45.9987297058, 46.7417678833, 47.4848060608, 48.2162361145, 48.9476623535, 49.6674804688, 50.3873023987, 51.0606803894, 51.7340583801, 52.4074363708, 53.0692062378, 53.7541923523, 54.4391822815, 55.1473922729, 55.8672103882, 56.5986366272, 57.3184585571, 58.0266647339, 58.7348747253, 59.4430847168, 60.1396827698, 60.8362808228, 61.5328788757, 62.2294769287, 62.9144668579, 63.5762329102, 64.2496109009, 64.9229888916, 65.6079788208, 66.29296875, 66.9895706177, 67.6977767944, 68.4059829712, 69.1258010864, 69.8456192017, 70.5770492554, 71.3084793091, 72.0631256104, 72.7945556641, 73.4911575317, 74.18775177, 74.8611297607, 75.5345077515, 76.2659378052, 77.0205917358, 77.7636260986, 78.5066680908, 79.2148742676, 79.9346923828, 80.654510498, 81.3627166748, 82.070930481, 82.7791366577, 83.44090271, 84.1026763916, 84.7760543823, 85.449432373, 86.1228103638, 86.7961883545, 87.4695663452, 88.1429443359, 88.8163223267, 89.5129241943, 90.2095184326, 90.9061203003, 91.579498291, 92.2761001587, 92.9959182739, 93.7157363892, 94.4471664429, 95.1089324951, 95.7706985474, 96.432472229, 97.0942382812, 97.7560043335, 98.4409942627, 99.1143722534, 99.7993621826, 100.484352112, 101.180953979, 101.865936279, 102.562538147, 103.259140015, 103.955734253, 104.652336121, 105.348930359, 106.02230835, 106.69568634, 107.36907196, 108.042449951, 108.715827942, 109.389205933, 110.074195862, 110.747573853, 111.432563782, 112.117546082, 112.802536011, 113.510749817, 114.218955994, 114.92716217, 115.635368347, 116.331970215, 117.028572083, 117.690338135, 118.352104187, 119.00226593, 119.652427673, 120.302581787, 120.964347839, 121.614509583, 122.276275635, 122.949661255, 123.623039246, 124.308021545, 124.993011475, 125.678001404, 126.362991333, 127.059593201, 127.756187439, 128.42956543, 129.10295105, 129.741500854, 130.3800354, 131.053421021, 131.726806641, 132.435012817, 133.143218994, 133.863037109, 134.582855225, 135.30267334, 135.98765564, 136.684265137, 137.322814941, 137.972961426, 138.599899292, 139.215240479, 139.749298096, 140.294967651, 140.840637207, 141.293426514, 141.734603882, 142.187393188, 142.640182495, 143.081359863, 143.53414917, 143.986938477, 144.451339722, 144.915740967, 145.380126953, 145.844528198, 146.308929443, 146.773330688, 147.237731934, 147.702133179, 148.166534424, 148.61932373, 149.083709717, 149.571334839, 150.175048828, 150.778778076, 151.370880127, 152.055877686, 152.740859985, 153.437454224, 154.110839844, 154.795822144, 155.480819702, 156.17741394, 156.874008179, 157.582214355, 158.278823853, 158.987030029, 159.660400391, 160.333786011, 161.007156372, 161.692153931, 162.37713623, 163.062133789, 163.770339966, 164.478546143, 165.175140381, 165.860137939, 166.533508301, 167.206893921, 167.868652344, 168.553649902, 169.238632202, 169.900405884, 170.550567627, 171.189117432, 171.827667236, 172.466217041, 173.116363525, 173.778137207, 174.416687012, 175.055236816, 175.682174683, 176.309112549, 177.040542603, 177.771972656, 178.456954956, 179.141952515, 179.826934814, 180.511917114, 181.196914673, 181.881896973], "beats_loudness": {"dmean2": 0.0163097195327, "median": 0.00948486663401, "min": 1.74005232445e-09, "dvar2": 0.000287369446596, "dvar": 0.000115921553515, "dmean": 0.0097197284922, "max": 0.0571435540915, "var": 0.000195545260794, "mean": 0.0148500232026}, "danceability": 0.955171108246, "bpm_histogram_second_peak_weight": {"dmean2": 0, "median": 0.182156145573, "min": 0.182156145573, "dvar2": 0, "dvar": 0, "dmean": 0, "max": 0.182156145573, "var": 0, "mean": 0.182156145573}, "beats_count": 270, "bpm_histogram_second_peak_bpm": {"dmean2": 0, "median": 83, "min": 83, "dvar2": 0, "dvar": 0, "dmean": 0, "max": 83, "var": 0, "mean": 83}, "bpm_histogram_first_peak_spread": {"dmean2": 0, "median": 0.549132943153, "min": 0.549132943153, "dvar2": 0, "dvar": 0, "dmean": 0, "max": 0.549132943153, "var": 0, "mean": 0.549132943153}, "beats_loudness_band_ratio": {"dmean2": [0.136851146817, 0.352866798639, 0.335501730442, 0.246027678251, 0.242777243257, 0.0515336692333], "median": [0.0344473794103, 0.37157574296, 0.25641477108, 0.0245317481458, 0.0942527800798, 0.0173133388162], "min": [0.000281397602521, 0.00131905195303, 0.0143944155425, 0.000882294843905, 0.00340265827253, 0.000646458473057], "dvar2": [0.0226556882262, 0.0725964233279, 0.0699787437916, 0.0917939320207, 0.0583651922643, 0.00375988823362], "dvar": [0.00902602914721, 0.0315705165267, 0.0250953398645, 0.0337037481368, 0.0216324962676, 0.0013706611935], "dmean": [0.0786073356867, 0.205264613032, 0.190820604563, 0.13639369607, 0.142965644598, 0.0286844838411], "max": [0.905556321144, 0.921792685986, 0.888227343559, 0.900481462479, 0.777837395668, 0.267280042171], "var": [0.0221400074661, 0.076300509274, 0.039413779974, 0.0354229956865, 0.0305078960955, 0.00119800097309], "mean": [0.0909392014146, 0.372681885958, 0.297184288502, 0.120089225471, 0.169221282005, 0.0299692153931]}}, "lowlevel": {"barkbands_spread": {"dmean2": 5.67794370651, "median": 13.5523405075, "min": 0.157437518239, "dvar2": 53.7493667603, "dvar": 22.8195343018, "dmean": 3.77684235573, "max": 80.078125, "var": 107.875732422, "mean": 15.71205616}, "melbands_spread": {"dmean2": 7.12368535995, "median": 15.6313686371, "min": 0.0573672167957, "dvar2": 83.2623596191, "dvar": 38.8475532532, "dmean": 4.89825677872, "max": 127.651191711, "var": 207.659912109, "mean": 19.7219104767}, "hfc": {"dmean2": 2.69657945633, "median": 2.83635926247, "min": 1.14117890247e-16, "dvar2": 23.2867488861, "dvar": 22.7005348206, "dmean": 2.49518585205, "max": 92.2607269287, "var": 326.622375488, "mean": 11.8907594681}, "barkbands_kurtosis": {"dmean2": 7.0279135704, "median": 2.35855054855, "min": -1.95312488079, "dvar2": 4620.11962891, "dvar": 1394.91967773, "dmean": 4.38339567184, "max": 2312.63525391, "var": 1278.21496582, "mean": 6.41561698914}, "gfcc": {"mean": [-173.035125732, 124.297706604, -167.745437622, 31.5401802063, -68.2366256714, -37.342590332, -48.5209617615, -6.46582841873, -8.61458206177, -17.9853744507, 5.01345920563, -8.68681812286, -9.93807411194], "icov": [[0.00196418049745, -0.00377076445147, 0.00498061487451, -0.00356995034963, 0.00226312922314, -0.000520664267242, 0.000435590627603, 0.00247590919025, -0.00227790838107, 0.00240856851451, -0.00252695870586, 0.0010468600085, 0.00100530160125], [-0.00377076445147, 0.0115719428286, -0.010144058615, 0.00668635824695, -0.00251888623461, 0.000676959229168, -0.000712846172974, -0.00191602099221, 0.00162581622135, 0.00217013503425, 1.82401126949e-05, 0.00491339527071, -0.00435447506607], [0.00498061487451, -0.010144058615, 0.0147713748738, -0.0100659159943, 0.00669260974973, -0.00124081305694, 0.000740223214962, 0.00500466534868, -0.00373230548576, 0.00268366327509, -0.00240177777596, -0.000388104876038, 0.00338395498693], [-0.00356995034963, 0.00668635824695, -0.0100659159943, 0.0131912166253, -0.0047841812484, 0.00140713131987, 0.00452571175992, -0.00792201794684, 0.00761299394071, -0.00603419728577, 0.00762472720817, -0.00455299578607, 0.00141245219857], [0.00226312922314, -0.00251888623461, 0.00669260974973, -0.0047841812484, 0.00810286868364, -0.00157354166731, -0.000377688731533, 0.0032907158602, -0.0031247860752, 0.00381346442737, -0.00572171714157, 0.00453432556242, 4.1228824557e-05], [-0.000520664267242, 0.000676959229168, -0.00124081305694, 0.00140713131987, -0.00157354166731, 0.00917902868241, -0.00648149987683, 0.00516701955348, 0.0034417079296, -0.00963262934238, 0.0117583693936, -0.00756042869762, 0.00293070287444], [0.000435590627603, -0.000712846172974, 0.000740223214962, 0.00452571175992, -0.000377688731533, -0.00648149987683, 0.020267996937, -0.0125010572374, 0.00742098409683, 0.000471299747005, -0.00484185758978, 0.00395260658115, 0.00166455830913], [0.00247590919025, -0.00191602099221, 0.00500466534868, -0.00792201794684, 0.0032907158602, 0.00516701955348, -0.0125010572374, 0.0234603360295, -0.014003305696, 0.00997055321932, -0.00207342999056, -0.000744920922443, 7.715610991e-06], [-0.00227790838107, 0.00162581622135, -0.00373230548576, 0.00761299394071, -0.0031247860752, 0.0034417079296, 0.00742098409683, -0.014003305696, 0.0264173150063, -0.0211499109864, 0.0161760039628, -0.00964333396405, 0.00508125452325], [0.00240856851451, 0.00217013503425, 0.00268366327509, -0.00603419728577, 0.00381346442737, -0.00963262934238, 0.000471299747005, 0.00997055321932, -0.0211499109864, 0.0377738885581, -0.0279074311256, 0.0185867734253, -0.00592453265563], [-0.00252695870586, 1.82401126949e-05, -0.00240177777596, 0.00762472720817, -0.00572171714157, 0.0117583693936, -0.00484185758978, -0.00207342999056, 0.0161760039628, -0.0279074311256, 0.0375325456262, -0.0264375247061, 0.0129466569051], [0.0010468600085, 0.00491339527071, -0.000388104876038, -0.00455299578607, 0.00453432556242, -0.00756042869762, 0.00395260658115, -0.000744920922443, -0.00964333396405, 0.0185867734253, -0.0264375247061, 0.0400437787175, -0.0172971487045], [0.00100530160125, -0.00435447506607, 0.00338395498693, 0.00141245219857, 4.1228824557e-05, 0.00293070287444, 0.00166455830913, 7.715610991e-06, 0.00508125452325, -0.00592453265563, 0.0129466569051, -0.0172971487045, 0.0230731703341]], "cov": [[16362.4755859, 2340.34619141, -3926.49414062, -543.493774414, 62.8060073853, -1399.5255127, -491.11895752, -666.582336426, -125.515098572, -466.851257324, 786.293151855, -498.059844971, -355.601104736], [2340.34619141, 750.476867676, -171.476699829, -20.7444229126, -188.192489624, -261.50213623, -109.920959473, -83.4839630127, -48.4426994324, -189.234588623, -9.38606929779, -109.012046814, -6.78489208221], [-3926.49414062, -171.476699829, 1615.63171387, 425.316345215, -367.802215576, 252.414230347, -16.9365139008, 183.602554321, 23.9419593811, -29.4232444763, -372.563873291, 108.796356201, 123.2684021], [-543.493774414, -20.7444229126, 425.316345215, 354.056335449, -119.730392456, -37.2710418701, -89.2069244385, 82.906288147, 13.0140619278, -54.4515953064, -125.3175354, 35.3535804749, 27.0423774719], [62.8060073853, -188.192489624, -367.802215576, -119.730392456, 365.732269287, 69.7688751221, 68.9800872803, -48.496055603, -9.20482444763, 93.0297241211, 123.309539795, -15.7800292969, -46.5624237061], [-1399.5255127, -261.50213623, 252.414230347, -37.2710418701, 69.7688751221, 492.239379883, 112.789779663, -74.9638900757, -19.7180728912, 137.719894409, -80.52734375, 20.2219429016, 6.17754459381], [-491.11895752, -109.920959473, -16.9365139008, -89.2069244385, 68.9800872803, 112.789779663, 149.40864563, 32.7131156921, -26.1592197418, 36.4170837402, 25.5474853516, 3.21784090996, -13.4520225525], [-666.582336426, -83.4839630127, 183.602554321, 82.906288147, -48.496055603, -74.9638900757, 32.7131156921, 177.834350586, 47.1288261414, -41.5421867371, -54.3714485168, 35.6957244873, 24.696472168], [-125.515098572, -48.4426994324, 23.9419593811, 13.0140619278, -9.20482444763, -19.7180728912, -26.1592197418, 47.1288261414, 108.226226807, 38.6506500244, -17.5321903229, 7.32621335983, -2.16906261444], [-466.851257324, -189.234588623, -29.4232444763, -54.4515953064, 93.0297241211, 137.719894409, 36.4170837402, -41.5421867371, 38.6506500244, 162.186065674, 71.2169189453, 8.94972515106, -28.1147613525], [786.293151855, -9.38606929779, -372.563873291, -125.3175354, 123.309539795, -80.52734375, 25.5474853516, -54.3714485168, -17.5321903229, 71.2169189453, 210.788986206, 7.82065582275, -55.800819397], [-498.059844971, -109.012046814, 108.796356201, 35.3535804749, -15.7800292969, 20.2219429016, 3.21784090996, 35.6957244873, 7.32621335983, 8.94972515106, 7.82065582275, 81.3769302368, 37.5241584778], [-355.601104736, -6.78489208221, 123.2684021, 27.0423774719, -46.5624237061, 6.17754459381, -13.4520225525, 24.696472168, -2.16906261444, -28.1147613525, -55.800819397, 37.5241584778, 90.7797622681]]}, "spectral_energyband_middle_low": {"dmean2": 0.00221615354531, "median": 0.00313956197351, "min": 4.68656937403e-22, "dvar2": 1.60855561262e-05, "dvar": 7.76215711085e-06, "dmean": 0.00152767985128, "max": 0.0543839856982, "var": 2.84854450001e-05, "mean": 0.00487079797313}, "melbands_crest": {"dmean2": 4.57054185867, "median": 14.9436216354, "min": 3.06442165375, "dvar2": 18.977891922, "dvar": 8.26014041901, "dmean": 3.00742959976, "max": 39.9499588013, "var": 34.6465911865, "mean": 16.1255321503}, "spectral_kurtosis": {"dmean2": 6.93816995621, "median": 5.61491680145, "min": -1.21458244324, "dvar2": 41.6661872864, "dvar": 13.5919961929, "dmean": 3.8993768692, "max": 37.4399528503, "var": 23.4410324097, "mean": 6.93985128403}, "spectral_rms": {"dmean2": 0.000437887647422, "median": 0.00202169874683, "min": 3.23993631403e-12, "dvar2": 3.37401104389e-07, "dvar": 2.47974270451e-07, "dmean": 0.00034741446143, "max": 0.00785960443318, "var": 3.26065764966e-06, "mean": 0.0025187858846}, "zerocrossingrate": {"dmean2": 0.00714762089774, "median": 0.0458984375, "min": 0, "dvar2": 8.304095536e-05, "dvar": 6.65696279611e-05, "dmean": 0.00628368975595, "max": 0.49609375, "var": 0.000585669477005, "mean": 0.0503068640828}, "silence_rate_60dB": {"dmean2": 0.132672518492, "median": 0, "min": 0, "dvar2": 0.123704195023, "dvar": 0.0619251765311, "dmean": 0.0663278251886, "max": 1, "var": 0.246404141188, "mean": 0.43996950984}, "erbbands_kurtosis": {"dmean2": 1.86733853817, "median": -0.260276079178, "min": -1.96154844761, "dvar2": 9.42812919617, "dvar": 4.30718994141, "dmean": 1.21132826805, "max": 82.4317321777, "var": 15.5795984268, "mean": 0.780625700951}, "erbbands": {"dmean2": [0.000146584658069, 0.00363144394942, 0.0404438599944, 0.0963305309415, 0.675479233265, 1.46090018749, 1.88255929947, 6.86413669586, 17.8562507629, 14.3242635727, 3.96419906616, 7.54029321671, 4.16540193558, 4.74367952347, 3.16914176941, 5.21562671661, 19.7037792206, 19.8050022125, 19.2090473175, 17.0211143494, 4.55118322372, 5.77744436264, 16.7243461609, 18.0440425873, 3.84195804596, 1.27832400799, 0.233707353473, 0.0927290767431, 0.0687919184566, 0.0579513162374, 0.0345539674163, 0.0155918709934, 0.00348299415782, 0.000650000874884, 0.000118569550978, 3.57196877303e-05, 6.64738809064e-06, 1.30225839712e-06, 1.54489123361e-06, 3.23291624227e-06], "median": [0.000111185006972, 0.00137949828058, 0.0134316477925, 0.0586758106947, 0.183710023761, 0.881019473076, 1.89448821545, 4.03850126266, 5.59990549088, 1.69179499149, 1.35466325283, 1.1492484808, 1.22116911411, 0.329924345016, 0.260966300964, 0.260525137186, 0.292259573936, 0.349476784468, 0.447282642126, 1.02110993862, 0.934970080853, 2.24506020546, 5.21794557571, 5.96605491638, 2.0758099556, 0.523305177689, 0.122419327497, 0.0554383657873, 0.0584602542222, 0.0447996519506, 0.0258054416627, 0.0149618126452, 0.00407236348838, 0.000852545665111, 0.000178369620699, 5.75528683839e-05, 1.26917593661e-05, 2.22303197006e-06, 2.50486255027e-06, 4.9622849474e-06], "min": [2.47520873609e-21, 4.61558825038e-21, 2.05408591636e-20, 4.20289855315e-20, 6.35124396214e-20, 1.58183764791e-19, 5.35735724634e-19, 3.0703320996e-19, 3.48262088888e-19, 1.32942100245e-18, 3.71462866219e-18, 3.33890875231e-18, 2.40166431463e-18, 3.39822835557e-18, 5.22759701006e-18, 4.39052786687e-18, 4.27614285023e-18, 5.07883478075e-18, 3.32789649681e-18, 1.08673417234e-17, 5.72849457563e-18, 8.55019624223e-18, 9.3796416753e-18, 2.09011682851e-17, 2.06681895569e-17, 2.07260773105e-17, 1.82473032192e-17, 2.33517752222e-17, 2.16867168974e-17, 1.63833327725e-17, 1.71819789626e-17, 1.16157482719e-17, 1.41217978167e-17, 1.07403513014e-17, 7.57622746689e-18, 5.31560282338e-18, 3.76110256413e-18, 1.40721434053e-18, 3.55134124472e-19, 3.62246656356e-20], "dvar2": [1.43903221783e-07, 5.99949598836e-05, 0.00636647315696, 0.0359643436968, 2.98913788795, 9.25511646271, 11.8130159378, 185.630050659, 2017.88012695, 2708.30517578, 146.203125, 851.874755859, 226.485290527, 273.523925781, 168.574539185, 640.739257812, 7761.45410156, 6621.63671875, 5145.63916016, 4379.52294922, 196.284042358, 233.669708252, 1544.84020996, 1723.80761719, 76.0775299072, 7.90517282486, 0.212426900864, 0.0409130118787, 0.0102593367919, 0.0106459325179, 0.00437576090917, 0.000661308527924, 2.34233393712e-05, 8.08140043773e-07, 2.64702215702e-08, 2.47021758604e-09, 1.29945387783e-10, 6.96291115043e-12, 6.07576098807e-12, 2.84538746731e-11], "dvar": [6.22271087991e-08, 3.64377228834e-05, 0.00339280464686, 0.0165516920388, 1.56512916088, 4.21694946289, 5.68644714355, 86.9103546143, 989.572143555, 1257.73278809, 78.2607650757, 415.24810791, 102.747848511, 153.104217529, 110.311210632, 478.919128418, 5200.15625, 4411.47265625, 4090.6796875, 3150.08642578, 136.270843506, 145.144287109, 1189.87792969, 1044.74316406, 46.1803970337, 4.11077642441, 0.134933814406, 0.0235562734306, 0.0054659601301, 0.00593000696972, 0.00206399778835, 0.000344735890394, 1.22551346067e-05, 3.69188228433e-07, 1.11319851115e-08, 1.19252951958e-09, 5.33078546583e-11, 3.12434323205e-12, 4.70782484177e-12, 2.01459023075e-11], "dmean": [9.46840009419e-05, 0.00251582404599, 0.0268671792001, 0.0630529373884, 0.482996791601, 0.994290292263, 1.29322123528, 4.81866168976, 12.5670995712, 9.92696666718, 2.91165494919, 5.34774255753, 2.97139263153, 3.59370207787, 2.61696577072, 4.84033918381, 17.36860466, 16.9890441895, 17.3821392059, 15.1212797165, 3.61009335518, 4.5191450119, 14.074930191, 13.8127851486, 2.98572349548, 0.925532519817, 0.174330189824, 0.0639174878597, 0.0445955395699, 0.0380938462913, 0.0217340383679, 0.00989629793912, 0.00218952260911, 0.000402455130825, 7.31496329536e-05, 2.27840700973e-05, 4.36812570115e-06, 9.27782480176e-07, 1.27932969463e-06, 2.62680373453e-06], "max": [0.017388632521, 0.219707995653, 1.82536518574, 4.05019664764, 27.3611450195, 41.9538269043, 74.3349914551, 182.399841309, 777.414245605, 833.88470459, 290.833770752, 569.257507324, 306.352783203, 360.124206543, 353.900878906, 999.545166016, 2488.84863281, 2089.46289062, 1866.77929688, 2038.53112793, 444.935791016, 411.687683105, 1299.74206543, 819.940795898, 234.995834351, 53.5239562988, 12.4311676025, 6.1715722084, 2.34069609642, 2.83732247353, 1.90702772141, 0.808422982693, 0.138076648116, 0.0236823782325, 0.00418572220951, 0.00173074915074, 0.000190419974388, 5.46666888113e-05, 3.78359218303e-05, 7.62374984333e-05], "var": [7.22455695268e-08, 0.000110404493171, 0.0087752668187, 0.0425902791321, 2.87977218628, 10.1303091049, 20.5340633392, 379.927276611, 3440.80639648, 3761.86230469, 236.847137451, 1360.8104248, 280.519836426, 649.754211426, 378.322509766, 2296.00024414, 32617.3066406, 23363.3730469, 24426.5136719, 14601.5664062, 663.281433105, 786.048095703, 8324.23144531, 5696.3203125, 268.128601074, 18.9834575653, 1.01588630676, 0.121647104621, 0.0319751687348, 0.0294137280434, 0.00786146242172, 0.00157405098435, 6.3468098233e-05, 1.74504634742e-06, 4.9500812338e-08, 6.37921893087e-09, 2.6356208882e-10, 2.07830627708e-11, 6.10923880928e-11, 2.38187525259e-10], "mean": [0.00015509937657, 0.00394050357863, 0.0408603437245, 0.124487712979, 0.724975049496, 2.01291942596, 3.46687626839, 12.4012012482, 31.1773948669, 22.734167099, 5.71927070618, 11.3406000137, 6.23405170441, 8.1926984787, 5.50238084793, 12.6680183411, 47.5103263855, 41.208152771, 41.9551849365, 35.5615921021, 9.25039672852, 13.2019357681, 42.1956748962, 38.4275474548, 8.64014816284, 2.46220564842, 0.520920932293, 0.158970177174, 0.113543607295, 0.0943918824196, 0.0519736222923, 0.0240389499813, 0.00592984259129, 0.00120610685553, 0.000243502960075, 8.15524181235e-05, 1.88424728549e-05, 4.30175441579e-06, 6.24560061624e-06, 1.2293364307e-05]}, "spectral_strongpeak": {"dmean2": 0.821497738361, "median": 0.597249865532, "min": 0, "dvar2": 2.91998696327, "dvar": 1.22574043274, "dmean": 0.509577929974, "max": 14.6690692902, "var": 4.46974420547, "mean": 1.38296675682}, "spectral_energy": {"dmean2": 0.00270814355463, "median": 0.00418944749981, "min": 1.07596172491e-20, "dvar2": 2.04294319701e-05, "dvar": 1.34446208904e-05, "dmean": 0.00215201824903, "max": 0.0633177086711, "var": 0.000145253594383, "mean": 0.00984500814229}, "average_loudness": 0.617038726807, "spectral_rolloff": {"dmean2": 588.805541992, "median": 947.4609375, "min": 21.533203125, "dvar2": 849242.5, "dvar": 391220.75, "dmean": 346.280761719, "max": 18410.8886719, "var": 1077394.625, "mean": 1441.66186523}, "spectral_centroid": {"dmean2": 293.247314453, "median": 1311.99389648, "min": 282.957336426, "dvar2": 113158.0625, "dvar": 59092.2890625, "dmean": 202.631378174, "max": 10702.6357422, "var": 420729.78125, "mean": 1360.76403809}, "pitch_salience": {"dmean2": 0.10257229954, "median": 0.549476981163, "min": 0.00867954455316, "dvar2": 0.0109233250841, "dvar": 0.00494702765718, "dmean": 0.0677222236991, "max": 0.957561731339, "var": 0.019806496799, "mean": 0.538136601448}, "spectral_energyband_middle_high": {"dmean2": 0.00111028447282, "median": 0.000455672445241, "min": 1.73743612917e-21, "dvar2": 5.91882917433e-06, "dvar": 6.09913104199e-06, "dmean": 0.00109410227742, "max": 0.0513804294169, "var": 8.49517309689e-05, "mean": 0.00491090863943}, "spectral_contrast_coeffs": {"dmean2": [0.0750829577446, 0.0657697021961, 0.0626300871372, 0.0508655682206, 0.0389908924699, 0.0234084185213], "median": [-0.601405382156, -0.646280884743, -0.720904946327, -0.787946224213, -0.731744289398, -0.767007052898], "min": [-0.95222723484, -0.976301014423, -0.954601287842, -0.967677474022, -0.957630395889, -0.956526041031], "dvar2": [0.00374106201343, 0.00335953664035, 0.00301374541596, 0.0021399196703, 0.00121930567548, 0.000407736282796], "dvar": [0.00154057680629, 0.00154167145956, 0.00144062528852, 0.00122023082804, 0.000755413901061, 0.000152397929924], "dmean": [0.0458161793649, 0.041572317481, 0.0409724414349, 0.0343313626945, 0.0266597121954, 0.0142104448751], "max": [-0.326626896858, -0.348077476025, -0.410286098719, -0.449795544147, -0.488818347454, -0.654505133629], "var": [0.00842401012778, 0.0113092325628, 0.00973126478493, 0.0143216587603, 0.0100502530113, 0.00105776148848], "mean": [-0.607582747936, -0.652339398861, -0.720340430737, -0.751276016235, -0.7341106534, -0.76495629549]}, "melbands_skewness": {"dmean2": 0.936290800571, "median": 2.66158914566, "min": -1.51963365078, "dvar2": 2.55739450455, "dvar": 1.20185291767, "dmean": 0.643920660019, "max": 75.8322067261, "var": 4.53871870041, "mean": 2.6785671711}, "spectral_spread": {"dmean2": 451156.84375, "median": 2702710, "min": 1358100.875, "dvar2": 340561362944, "dvar": 224095764480, "dmean": 282096.71875, "max": 41123524, "var": 1486882734080.0, "mean": 2943816.75}, "dissonance": {"dmean2": 0.0420859828591, "median": 0.451084852219, "min": 0.21115770936, "dvar2": 0.00179099780507, "dvar": 0.000653396651614, "dmean": 0.0249583031982, "max": 0.499999582767, "var": 0.00129579892382, "mean": 0.443969190121}, "spectral_skewness": {"dmean2": 0.70142364502, "median": 1.36963832378, "min": 0.00591988442466, "dvar2": 0.368928730488, "dvar": 0.122378155589, "dmean": 0.402406066656, "max": 4.93564271927, "var": 0.263932853937, "mean": 1.41777086258}, "spectral_flux": {"dmean2": 0.0301062930375, "median": 0.0320379771292, "min": 1.03728574341e-10, "dvar2": 0.00153707223944, "dvar": 0.000580307387281, "dmean": 0.0184891223907, "max": 0.26921492815, "var": 0.00187988113612, "mean": 0.0458641126752}, "spectral_contrast_valleys": {"dmean2": [0.717699825764, 0.547681033611, 0.615525245667, 0.604699492455, 0.496941417456, 0.291988730431], "median": [-9.54169273376, -7.76484441757, -9.26671791077, -9.32576751709, -8.78932476044, -12.3653144836], "min": [-27.3319950104, -27.8094825745, -27.5324344635, -26.9260864258, -27.362455368, -27.3438472748], "dvar2": [0.332406759262, 0.246060311794, 0.354996740818, 0.370749622583, 0.222178056836, 0.0736834257841], "dvar": [0.133048295975, 0.111920446157, 0.143093347549, 0.14717386663, 0.0963654443622, 0.0361441858113], "dmean": [0.429928094149, 0.338455319405, 0.368987768888, 0.362540543079, 0.302803635597, 0.177306577563], "max": [-7.34291505814, -5.78293609619, -6.91388988495, -6.51833200455, -6.67477893829, -10.7384843826], "var": [1.12484705448, 1.72512900829, 1.24630999565, 1.35763776302, 1.2968300581, 0.632359921932], "mean": [-9.63514900208, -7.96528339386, -9.36258220673, -9.36609077454, -8.92849826813, -12.4353199005]}, "erbbands_flatness_db": {"dmean2": 0.0236214119941, "median": 0.275561332703, "min": 0.0356151051819, "dvar2": 0.0006039760774, "dvar": 0.000351901544491, "dmean": 0.016250193119, "max": 0.411716252565, "var": 0.0047942828387, "mean": 0.266372054815}, "spectral_energyband_high": {"dmean2": 1.76363391802e-05, "median": 8.56527276483e-06, "min": 7.61620167439e-21, "dvar2": 1.44199097107e-09, "dvar": 6.94909352283e-10, "dmean": 1.20473850984e-05, "max": 0.000639554811642, "var": 2.65747135408e-09, "mean": 2.9337235901e-05}, "spectral_entropy": {"dmean2": 0.313581764698, "median": 6.74417448044, "min": 5.36141681671, "dvar2": 0.0808093324304, "dvar": 0.037845544517, "dmean": 0.201314970851, "max": 9.79146671295, "var": 0.31536129117, "mean": 6.81881713867}, "silence_rate_20dB": {"dmean2": 0, "median": 1, "min": 1, "dvar2": 0, "dvar": 0, "dmean": 0, "max": 1, "var": 0, "mean": 1}, "melbands_flatness_db": {"dmean2": 0.0348385684192, "median": 0.258246541023, "min": 0.00578611763194, "dvar2": 0.0012136354344, "dvar": 0.000562275294214, "dmean": 0.0228071659803, "max": 0.588815271854, "var": 0.00254463008605, "mean": 0.256823122501}, "barkbands": {"dmean2": [1.0474981309e-06, 1.10234304884e-05, 4.30153741036e-05, 4.67474019388e-05, 0.00036197854206, 0.000657012860756, 0.00138980161864, 0.000195863976842, 0.00028460615431, 0.000138781033456, 0.000121205637697, 0.000119301250379, 0.000503859424498, 0.000447771104518, 0.000458530557808, 0.000161547301104, 0.000129737600219, 0.000378264900064, 0.000258676212979, 2.35232091654e-05, 3.7634090404e-06, 1.97772578758e-06, 1.33900573474e-06, 4.22305163283e-07, 3.34398713164e-08, 4.84222706376e-09, 1.07796038762e-09], "median": [4.07540437664e-06, 4.57627038486e-06, 1.36288417707e-05, 2.34984072449e-05, 0.000216634522076, 0.000372122973204, 0.000278218998574, 2.52496920439e-05, 4.70692139061e-05, 9.81789344223e-06, 3.05175512949e-06, 2.51857522926e-06, 3.70290581486e-06, 5.70445263293e-06, 1.07829637273e-05, 1.33896774059e-05, 2.66922179435e-05, 0.000107843261503, 6.30732683931e-05, 8.91984564078e-06, 1.38293819418e-06, 1.61517186825e-06, 1.01533066754e-06, 4.2812467882e-07, 4.32083027135e-08, 8.01492294755e-09, 1.57404567158e-09], "min": [7.18821163999e-23, 3.90407325103e-23, 1.95057660175e-23, 1.44093238284e-23, 3.96545735796e-23, 6.18015721255e-23, 5.46992617583e-23, 1.02876215241e-22, 1.54947692972e-22, 8.29931717628e-23, 9.87871578947e-23, 1.37333514431e-22, 1.08252479015e-22, 6.83297432151e-23, 1.25776222542e-22, 1.39902348461e-22, 1.66459798908e-22, 2.3922087044e-22, 3.2507185807e-22, 5.02243226868e-22, 5.50241512823e-22, 5.32147391307e-22, 5.62606812849e-22, 6.83437533847e-22, 1.05638809918e-21, 1.63647687748e-21, 2.61979247547e-21], "dvar2": [1.06888055264e-12, 5.89749138413e-10, 7.09814473865e-09, 9.75820935167e-09, 5.9201846625e-07, 1.68172732629e-06, 1.24662938106e-05, 5.86430644489e-07, 1.00670740721e-06, 2.3003318006e-07, 2.36875479231e-07, 7.05218894836e-07, 5.05821435581e-06, 3.96621362597e-06, 2.61595778284e-06, 4.25437406193e-07, 9.94103999119e-08, 6.93271715591e-07, 4.32227551528e-07, 2.3309913999e-09, 8.99827365397e-11, 9.99422246351e-12, 6.52309716659e-12, 4.38528336907e-13, 2.34017225052e-15, 5.30858312055e-17, 4.45254449253e-18], "dvar": [4.55613845263e-13, 3.29476723682e-10, 3.39407679739e-09, 4.0466088258e-09, 2.92081665521e-07, 7.77080231273e-07, 6.01302372161e-06, 3.2998107713e-07, 5.17336786743e-07, 1.17986438397e-07, 1.345667755e-07, 3.94802100345e-07, 3.19710511576e-06, 2.19895514419e-06, 1.91380104297e-06, 2.39822355752e-07, 6.04847798513e-08, 4.37592575508e-07, 2.19240121169e-07, 1.20072762844e-09, 4.64776307718e-11, 5.30569772145e-12, 3.0786866112e-12, 2.19086928504e-13, 9.87958371491e-16, 2.21731255674e-17, 1.48894505833e-18], "dmean": [7.12593134722e-07, 7.55830933485e-06, 2.78725638054e-05, 2.95992049359e-05, 0.000256872735918, 0.000449338578619, 0.000947443477344, 0.000136489717988, 0.000202708368306, 9.77210875135e-05, 9.22282561078e-05, 9.31258982746e-05, 0.000413751782617, 0.000334597803885, 0.000387860782212, 0.000115766313684, 9.53345588641e-05, 0.000299410283333, 0.000183315467439, 1.67082198459e-05, 2.55618806477e-06, 1.27990870169e-06, 8.55362998209e-07, 2.61629054421e-07, 2.03771275409e-08, 2.95280289109e-09, 6.06333261377e-10], "max": [2.91226842819e-05, 0.000641019549221, 0.00153708620928, 0.00139311677776, 0.011214335449, 0.0176180731505, 0.0540317855775, 0.0240738000721, 0.019551185891, 0.010147289373, 0.00962419714779, 0.0280441641808, 0.0469640605152, 0.0367832817137, 0.0352962762117, 0.0145221566781, 0.00649406993762, 0.0206592138857, 0.0113902967423, 0.000959963654168, 0.000235541156144, 6.64762992528e-05, 5.83727960475e-05, 1.97663594008e-05, 1.34830054321e-06, 1.90511627807e-07, 3.46821131814e-08], "var": [3.04389868346e-12, 9.2334062618e-10, 7.92236054536e-09, 7.98927857204e-09, 6.81753704157e-07, 3.6199353417e-06, 2.0001323719e-05, 7.2132064588e-07, 2.03099330065e-06, 3.76587138362e-07, 4.6845522661e-07, 9.95265395431e-07, 1.73688949872e-05, 6.69055634717e-06, 1.1211466699e-05, 5.46435614979e-07, 2.39508665345e-07, 3.21112429447e-06, 7.88968634424e-07, 5.97713034622e-09, 1.96629032501e-10, 2.84021261371e-11, 1.12424045767e-11, 1.02664762542e-12, 3.65758101635e-15, 7.61301897161e-17, 1.67341326256e-18], "mean": [4.00636690756e-06, 1.15521525004e-05, 4.15663344029e-05, 5.19294007972e-05, 0.000505667587277, 0.001205756329, 0.00236465106718, 0.000207044373383, 0.000475255626952, 0.000189045575098, 0.000184062955668, 0.000204563242733, 0.00110819167458, 0.000615784083493, 0.00097514357185, 0.000180186470971, 0.000199244357646, 0.000880128063727, 0.000385888124583, 4.39995419583e-05, 5.42850330021e-06, 3.20729304804e-06, 2.01893681151e-06, 6.51138464036e-07, 5.91682365325e-08, 1.03626511816e-08, 1.93068294685e-09]}, "erbbands_skewness": {"dmean2": 0.602827310562, "median": 0.398386567831, "min": -3.20032644272, "dvar2": 0.423742085695, "dvar": 0.201612323523, "dmean": 0.418393582106, "max": 6.56599092484, "var": 1.28514647484, "mean": 0.465389102697}, "erbbands_spread": {"dmean2": 9.00642585754, "median": 32.4763793945, "min": 1.43550002575, "dvar2": 99.8454818726, "dvar": 39.8920135498, "dmean": 5.8982391357