{"tonal": {"thpcp": [1, 0.493186175823, 0.182146251202, 0.144937247038, 0.184315145016, 0.276633381844, 0.233963742852, 0.142003938556, 0.137848541141, 0.143095180392, 0.288930177689, 0.541952311993, 0.491198807955, 0.352488577366, 0.396460741758, 0.351374804974, 0.290083199739, 0.295142948627, 0.314068883657, 0.55533349514, 0.819348037243, 0.548392117023, 0.257213324308, 0.273730009794, 0.212788075209, 0.175209417939, 0.156684398651, 0.115600422025, 0.169529721141, 0.238062754273, 0.171556726098, 0.106034569442, 0.135893180966, 0.17120398581, 0.361469686031, 0.879116475582], "hpcp": {"dmean2": [0.134245499969, 0.132346212864, 0.163887172937, 0.157556161284, 0.126028269529, 0.113684907556, 0.119827970862, 0.180433183908, 0.242383599281, 0.22232145071, 0.225592404604, 0.233218431473, 0.232881292701, 0.212564468384, 0.224777325988, 0.253724098206, 0.27634960413, 0.288436412811, 0.249961525202, 0.178650140762, 0.173786997795, 0.147713109851, 0.154682815075, 0.149767056108, 0.107788495719, 0.112226590514, 0.109306566417, 0.0972869023681, 0.090288028121, 0.114695906639, 0.144170209765, 0.232525989413, 0.32776799798, 0.313089936972, 0.237203881145, 0.163828462362], "median": [0.00535441096872, 0.0153499450535, 0.026596268639, 0.022127520293, 0.00780847854912, 0.00499219633639, 0.00592369632795, 0.0154008641839, 0.0239600036293, 0.0218468084931, 0.0158018507063, 0.0161417387426, 0.0166367404163, 0.00989023409784, 0.00766421994194, 0.00992738641798, 0.0730646103621, 0.120155617595, 0.0727677941322, 0.0165897719562, 0.00861057825387, 0.00690029747784, 0.00519125815481, 0.00666133221239, 0.00545318704098, 0.00850209966302, 0.0119313467294, 0.00866640266031, 0.00531620066613, 0.00538999540731, 0.00687607005239, 0.0356096588075, 0.147497236729, 0.127492845058, 0.0373990647495, 0.00663746893406], "min": [0, 0, 0, 0, 0, 0, 0, 0, 0, 0, 0, 0, 0, 0, 0, 0, 0, 0, 0, 0, 0, 0, 0, 0, 0, 0, 0, 0, 0, 0, 0, 0, 0, 0, 0, 0], "dvar2": [0.093748614192, 0.0792460218072, 0.0958034396172, 0.0860347747803, 0.0806261524558, 0.0841932371259, 0.0837146341801, 0.10580649972, 0.140658155084, 0.122147537768, 0.136083215475, 0.137715280056, 0.135660335422, 0.126504972577, 0.141566544771, 0.167760968208, 0.134872496128, 0.13334107399, 0.105748817325, 0.0997038707137, 0.113819725811, 0.0825413092971, 0.104904055595, 0.104573711753, 0.069573380053, 0.0693006515503, 0.0638752877712, 0.0553681477904, 0.0540998391807, 0.071621067822, 0.0888038352132, 0.12512101233, 0.140971153975, 0.150595888495, 0.113614492118, 0.108103528619], "dvar": [0.033205717802, 0.0280451178551, 0.035482019186, 0.0314740277827, 0.0287435855716, 0.0303634051234, 0.0294949058443, 0.0382698960602, 0.0592981316149, 0.0490551702678, 0.0501547418535, 0.0558792836964, 0.0511500202119, 0.0513905286789, 0.0551043972373, 0.0638103336096, 0.0500785149634, 0.0563549250364, 0.0410682335496, 0.0363002344966, 0.0415736921132, 0.0298864990473, 0.0372886732221, 0.0363068766892, 0.0244480837137, 0.0252314526588, 0.0237144008279, 0.0197617299855, 0.0190389417112, 0.0252723656595, 0.0321002192795, 0.0453039743006, 0.0586259327829, 0.0681340843439, 0.0421753190458, 0.0385037884116], "dmean": [0.0718954503536, 0.0727808475494, 0.0920335650444, 0.0879013165832, 0.0679384693503, 0.0618339776993, 0.0650486797094, 0.101357378066, 0.140006661415, 0.131025597453, 0.129566013813, 0.132993817329, 0.132307052612, 0.119594961405, 0.126177340746, 0.139875069261, 0.159785285592, 0.168278589845, 0.147556051612, 0.0994693040848, 0.0965887010098, 0.0828911364079, 0.08291374892, 0.0795871764421, 0.0576500892639, 0.0625067800283, 0.0618355534971, 0.0544311739504, 0.0487028509378, 0.0618122145534, 0.078362300992, 0.129332184792, 0.189551278949, 0.180384382606, 0.135501101613, 0.0879917740822], "max": [1, 1, 1, 1, 1, 1, 1, 1, 1, 1, 1, 1, 1, 1, 1, 1, 1, 1, 1, 1, 1, 1, 1, 1, 1, 1, 1, 1, 1, 1, 1, 1, 1, 1, 1, 1], "var": [0.0223670527339, 0.0217948332429, 0.0359066165984, 0.0272957831621, 0.0187915619463, 0.0222928281873, 0.0212401542813, 0.037124555558, 0.0969043523073, 0.0819758698344, 0.0523838587105, 0.070394359529, 0.0534212067723, 0.0493552498519, 0.0510998554528, 0.0542837455869, 0.0633892416954, 0.113157190382, 0.0592367239296, 0.0329420566559, 0.0452077314258, 0.0284879785031, 0.0278238300234, 0.0234877113253, 0.0154445087537, 0.0226945057511, 0.0397859066725, 0.0228598602116, 0.0125003522262, 0.0168024860322, 0.0225566197187, 0.0440466850996, 0.105307854712, 0.149830386043, 0.0580991767347, 0.0273383185267], "mean": [0.04923382774, 0.0626101344824, 0.0939697697759, 0.0794752985239, 0.048237413168, 0.0468258596957, 0.0486080944538, 0.0981468856335, 0.18409614265, 0.16685564816, 0.119737073779, 0.134674012661, 0.119358733296, 0.0985385477543, 0.10025729984, 0.106686264277, 0.188641607761, 0.278324872255, 0.186283677816, 0.0873729586601, 0.0929835215211, 0.0722821205854, 0.0595170035958, 0.0532242283225, 0.0392683818936, 0.0575876645744, 0.0808676928282, 0.0582762174308, 0.0360189527273, 0.0461616441607, 0.0581563934684, 0.122787877917, 0.298627644777, 0.33969065547, 0.167530730367, 0.0618733800948]}, "tuning_equal_tempered_deviation": 0.279180794954, "chords_changes_rate": 0.0576161332428, "key_key": "C", "tuning_diatonic_strength": 0.559192717075, "key_scale": "minor", "chords_number_rate": 0.00216060504317, "tuning_frequency": 447.949737549, "tuning_nontempered_energy_ratio": 0.94584184885, "chords_histogram": [7.8321928978, 0, 6.58984518051, 1.31436800957, 6.85992097855, 1.17032766342, 2.61073088646, 0.234065532684, 1.15232264996, 53.0608558655, 3.97911405563, 1.09830749035, 0, 0, 0.288080662489, 0.108030252159, 0.612171411514, 0.324090749025, 0, 0, 0, 0.162045374513, 3.9431040287, 8.66042518616], "key_strength": 0.722491562366, "chords_key": "G", "chords_strength": {"dmean2": 0.0103803453967, "median": 0.510219573975, "min": 0.210773438215, "dvar2": 8.66394984769e-05, "dvar": 7.03793994035e-05, "dmean": 0.0102836769074, "max": 0.820883393288, "var": 0.0105935754254, "mean": 0.508051455021}, "chords_scale": "major", "hpcp_entropy": {"dmean2": 1.09158158302, "median": 1.88884091377, "min": 0, "dvar2": 0.854033112526, "dvar": 0.31646078825, "dmean": 0.643041431904, "max": 4.50891113281, "var": 0.670457243919, "mean": 1.90081238747}}, "metadata": {"audio_properties": {"equal_loudness": 0, "codec": "mp3", "downmix": "mix", "sample_rate": 44100, "analysis_sample_rate": 44100, "bit_rate": 320032, "md5_encoded": "53088591c6a251cc2c18c0877da1ad4e", "length": 257.880828857, "replay_gain": -12.4576034546, "lossless": false}, "version": {"essentia_build_sha": "cead25079874084f62182a551b7393616cd33d87", "essentia": "2.1-beta2", "extractor": "music 1.0", "essentia_git_sha": "v2.1_beta2-1-ge3940c0"}, "tags": {"title": ["Cada Beijo (Thievery Corporation mix)"], "language": ["mul"], "acoustid_fingerprint": ["AQADtImUKIuWLBLu42vxoj5--PhgDzfc4rrQHt_xo9GHSg3OIz9-9PA59A-u4xKS6UeYBI-M5yKaTUd9HEN_aHmDH6OoHFeOK2mOHcw_bA-q_LhzPD1e5HigZX1xpsmRWPCkOvB5fDjyQUf4H_eDHz8SH2l2zD-8E3RE40yO52hyopuQfPOImEmOBz_2ED2aKzmOSzmu6DkuZhQ8OcEtXC9yLT-SH32yoKmOlyF6OEc3nTh5VPhh_rjG4z-Ewz8q60EVwpOIMnuEGw1CJHwWfMaTPMGV8uiyMC-m72A--FgfVA-eBv9xIg80Ui8cZ4ceB7mi4zf-4UDyD-Hx53huHDmPZNEx9cJ1UDueZRSuGPfhIFd-JKZwSReeF9Nx-MrR67jw6ce1B90zNJGUacaj4kmP54fQvKiF_3imHw2qB8fvobE79DkqNoePo4nxV3h2IfmOPEfTCBUlH3eOX0GQ3CwcpjF2nMcXBX00odmmaMgVHHl3NPgXZGIoCx2zBJrJo8efQieFvMtI_MHxXEGmScYTE8pROlWC5grkJQ3OoRkfaD367EHOjLjywJmPcH-g7shxiTnxJHNwpB_0FPGlCXEidjGmNAl0Ikz147vQ9okQ5hNuUdBG1PuhK8gYvkTFDc0ZvGeQ87iUxNB8oplTBSd0NMnGQwqJ_MEvNNM49MG943-CQyXsZsVlzviIJyivoQm1Dl-STDsiGjmmnFlRXjmaPsjSJIkOXUnw58WP98HDLId6Ij-YHCG5STH25VDJEc2Uo5eSEPqRE-eDbnzQJolUXDfCQ8txxdCfo8sR6sQs58gD1ZbwKEF4M2jKTAOPzGOg5TtyCY0fdGFmhOGk4EsEV7gFVtmTFLlSMLqyEs09RA_0WciVwVvD4Lzm4EcuBeoVnHiUNYaeEyEPPzz6Iz6VQx6VIn6KJxxZ3An6cwgzZomg_UOYvggfOkHTjYXOHDHP4VZC4VIctOGRHNsX9AHzNIf4ofyP_PiqBNmVkEi4mVh1XMqDnBBz5EfPo5n24NOHHulz-NnRKzhfnB_iTsfVhEH6R9C75EXKG7-GL2Fz1EaYM0fyBRd1nJGSVLj6Izx8QrshPw1yUzg-Bc1kMTJCeT9UMdGR8jke5QruNAgDTdai4hEuMYWeJJEjhMQJx1mOXkceI_GoBs9xUenww-S04FeQLH2F8AkdhKmN2hJ0hjTy8bikaQq-5EK4w1UWaOePs06hO9zQTEJ4KfiOPGQOLeMRNieNZxeulEEYJNNxKsfXo1aUWHiRE-KXo_9xOg1kthmOmJkCt2mSI6eRPFkE88eV40sbNFWP8Eh-XNmKc3qMTj2JnEfzLMN95HMaHD-erfC5RchFJItC0mjD42HQJ6PQ_DinHN_xRS36PLgPn0au0If64j9y3jhno5Y89Mgh6zqu6IHOdPhGpHngPbnwygr8BiEfaD08IryDI9ykQ8wT-EJIIlaiTEuG0xPqI42D-ilOvOnxRMaTaI8Q8jl0SbB1lBJ9dH-g7sKRN-ywMaKR5wmaQ90PNVEiUQKTTkmDHuGjgMlJ5DqShdqVoNJD4sXRZ9RhHcmsXIjFHU8VGzueaRF6hAnPI3myOLhNvLh6fMOfF8-WKSh9-MiVGfdzCPmPk-zQZheuNQihH582Gnp04VuL9BIcPcEpyfhz-CFCHhqjwk6O0NuRo1GlQ0-CMDGeE7mUhQmeHs1J9LmF8xEuPPSDK3kGjdxHfNohTuh1IpZ0_I7wo6YKU0atzEH4bTm08ES-45oyLfBzXEculUjeHP0DZ2N61It05IuOPkejBzmPH2-kDH-OXmSQLFyuIThK5UuMpj-e4RRzHKePH30OK9RRK8uRF1pP5NfQZybxHslepD_8DyWj45OOnjnSBwl1xUUPtJxh_5iLpw5uaviPK8QVND-uRAyDa3WwH32O5jc-_bhxF2fyGK11XDAVHnmOX4J_PA9eq7jEwL9Q8lCeD5-q4EqSFI1SiB8qKcJ1QUv2JJge5MIjRQmaZj7yIKEewTkeasfFI_0ViFwQPsRNHeXyGA1OvME941saoXTgH58ytEPIQx_yI_xDvB2S_fgVlBzOoI-D9IL8IL1iFC2P19h2PLg38LbwK1zABxeaqD-eqA1i5oJyNM-h_QmuHzmLK2rgMTn-o-iTo5SOZqeCHF9cyNmGMKGIPl2CH1ciEVPjoBnN40KyRCxCK8F1XFFeNCoznC964TqOZyeaMskxLWfx7ULOHHoQpkedC4-D2ITsBblwSWGDJ_sRtodOBn5G9MfPHOr1IzceVcWlI82WaYL2Icx04QkbhDkJzQ5yf7g6fFKiBV94hDtENQt6HroTTMmH6iRyXFyVI3puJJwX48vxXDOuPUKYQ9sV5DyuZCraKA-Ok0jHLDu04w4T6MKJN4EfGXoiCmFedMqJTwyDi0b6CYkrBT-uiFOEh42O7kfOoImzG3dwp8iPT7iahEh_RYTOREGa_fg-fAnDoKmN8IFq6bgaXFp8aOaRE86J_sjTQ3eFXLj-4g_OROoQRtoDMZdQ6o5QJ5nRQC_yG1eTEI9GBV-PcIf4LEfXB38aqDQRk8KTB86fHEnFHGFnGY3mZMeXjMoQ-tCC-MqPa0K5ZA4e6TjyLPD5FD0VnE5x5KNyxHoawn9yJO8SwTyetMelsEGYQ3uOXLjkDF-kqKjWI5chPgu0f8afKUE-4zqOppSD8KSEZGQkNAzP4JfwLHTgH58WHFcoH2GuxCLwCrqy-DDyZxqOH-5YvE2R7MKVI5eiy8ilox3TQZQXpLuMPkkV9EZaKkRFaBK83NA28UH1AYIMYY4oJIgRRCFlDBEUMSCIIQodAY5y2hGkoDBCE-AJpFAghRRzkAAhGCirISCIMIAJx5RQBEBmiCHEGQMUCk4YAJxBgghnlCEKCGIIYoIApQBpjBgSHANACCJEhSAhgJgThgBEpCOkOQQFIIAI4RDQkjAoDAEAESEcYMYQgAQhRBHgiEAAEIEAM8QQY4ggkBhFJCAEEEYUEQAZrwxBijCDBFOgAaMooE4IpSAAQokiEGgAKGAIAQAQgAUAQBgBMBKEMUOAE0B4YpgQQAIElFAAGGaEEcI4RAFCDilGqGCGC04QoAZ4A7AgAhEIgEBaGCAEVIAgoSxQghlACBWGEQCQQ0QBKKgSSgjgEAOIECuMBYQYIZAAUAIgjCBEAIEQIAI4SAgQQJDBiVEKAGaQEIgRwYQUUjoCKCEAIASAEUoIIIxggAkBBEEGOUKMEkIIBBBQSABEiFBIEACAIoASoIhAgAELEBGKSSAIQcAIJAgRwlgKDAIIEGEEEkCBRIiQCgPGBBCESEEAQkgJTAAhQAgAhBVAEkAM8wIYZJIigBgjtAFGAGIIYAIIBQAADAqABAGeMMIEIkAAoDhQSACjADOCGCSABAYAooBgBgGggBQECuEUIIAJYIESDAjlBDLGUESBgEIIRhACxACBCFAIKCSIgExAAIQRCBiBAFVECEgURQYBgxQRxgClkEKGCSeIdwIRIoBQSBgHKCJUOKwMUcIICowighDFmQICKCYAIQZAYZARgAmABKBGkCAkIEAchQQygDCQgBJACKMBAQsgQCgAiiAgBABSMAKNAkZBAgQSEErjgDAEICUIYUBBQiBBFjGKKAKAICQNMQAhRShCRBEggBICEEWIEVQAIaQgjgBBACEOIIcIAoYAR4iQQAhADFECAGQEWoAo4IEARABAESFAOQUEkEAYYAAQVgCgBCKECSIEEUJQpoSERAAFhFAASA"], "date": ["2006"], "genre": ["Electronic"], "musicbrainz_releasegroupid": ["8c3505dc-9326-495c-b104-6168fbd47d9f"], "acoustid_id": ["92df80fc-9995-48c8-846f-3b92560ccaa3"], "musicbrainz_recordingid": ["0b64f3fd-a5a8-42c0-8e95-142d5f78def9"], "artistsort": ["Gilberto, Bebel"], "musicbrainz_artistid": ["8777a849-fb4e-4430-9918-170f619c5286"], "musicbrainz_albumid": ["fc4c73a1-81c7-4279-8fb9-9dddf086aab1"], "artist": ["Bebel Gilberto"], "tracknumber": ["05/22"], "composer": ["Kinkysweet"], "album": ["Frequent Flyer: Ipanema"], "discnumber": ["01/02"], "script": ["Latin"], "file_name": "05 - Bebel Gilberto - Cada Beijo [Thievery Corporation Mix].mp3"}}, "rhythm": {"bpm_histogram_first_peak_bpm": {"dmean2": 0, "median": 103, "min": 103, "dvar2": 0, "dvar": 0, "dmean": 0, "max": 103, "var": 0, "mean": 103}, "bpm": 103.980354309, "bpm_histogram_second_peak_spread": {"dmean2": 0, "median": 0.483870923519, "min": 0.483870923519, "dvar2": 0, "dvar": 0, "dmean": 0, "max": 0.483870923519, "var": 0, "mean": 0.483870923519}, "bpm_histogram_first_peak_weight": {"dmean2": 0, "median": 0.643326044083, "min": 0.643326044083, "dvar2": 0, "dvar": 0, "dmean": 0, "max": 0.643326044083, "var": 0, "mean": 0.643326044083}, "onset_rate": 6.25454568863, "beats_position": [0.394739210606, 0.789478421211, 1.18421769142, 1.57895684242, 1.98530614376, 2.38004541397, 2.77478456497, 3.1811337471, 3.58748292923, 3.99383211136, 4.41179132462, 4.81814050674, 5.22448968887, 5.61922883987, 6.01396799088, 6.40870714188, 6.81505680084, 7.22140598297, 7.66258478165, 8.10376358032, 8.54494285583, 8.98612213135, 9.42730140686, 9.8800907135, 10.3328800201, 10.7508392334, 11.1687984467, 11.5867567062, 11.9931058884, 12.3994560242, 12.8174142838, 13.2237634659, 13.6301136017, 14.0364627838, 14.4428119659, 14.8375511169, 15.2322902679, 15.6386394501, 16.0449886322, 16.4977779388, 16.9505672455, 17.4033565521, 17.9490242004, 18.483083725, 19.0287532806, 19.6208610535, 20.2129707336, 20.8050785065, 21.3855781555, 21.9660758972, 22.5465755463, 23.1270751953, 23.707572937, 24.2880725861, 24.8569602966, 25.4374599457, 26.0063495636, 26.5868473053, 27.1673469543, 27.747844696, 28.316734314, 28.897233963, 29.4661216736, 30.0466213226, 30.6271190643, 31.2076187134, 31.7881164551, 32.357006073, 32.9258956909, 33.5063934326, 34.0868911743, 34.6673927307, 35.2478904724, 35.8167800903, 36.3856697083, 36.96616745, 37.5466651917, 38.1271629333, 38.7076644897, 39.2881622314, 39.8570518494, 40.4375495911, 41.006439209, 41.5869369507, 42.1674385071, 42.7479362488, 43.3168258667, 43.8973236084, 44.4662132263, 45.046710968, 45.6272087097, 46.2077102661, 46.7882080078, 47.3687057495, 47.9259872437, 48.5064849854, 49.0869827271, 49.6674804688, 50.2479820251, 50.8284797668, 51.3973693848, 51.9778671265, 52.5467567444, 53.1272544861, 53.7077522278, 54.2882537842, 54.8571434021, 55.4376411438, 56.0065307617, 56.5870285034, 57.1675262451, 57.7480278015, 58.3169136047, 58.8974151611, 59.4663009644, 60.0468025208, 60.6273002625, 61.2077980042, 61.7882995605, 62.3687973022, 62.9376869202, 63.5065765381, 64.0870742798, 64.6675720215, 65.2480697632, 65.8169631958, 66.385848999, 66.9663467407, 67.5468444824, 68.1273422241, 68.7078475952, 69.2883453369, 69.8572311401, 70.4261245728, 71.0066223145, 71.5871200562, 72.1676177979, 72.7481155396, 73.3286132812, 73.8975067139, 74.4663925171, 75.0468902588, 75.6273880005, 76.2078933716, 76.7767791748, 77.3572769165, 77.9261627197, 78.5066680908, 79.0871658325, 79.6676635742, 80.2481613159, 80.8170471191, 81.3859405518, 81.9664382935, 82.5469360352, 83.1274337769, 83.7079315186, 84.2884368896, 84.8457107544, 85.4262084961, 86.0067138672, 86.5872116089, 87.1677093506, 87.7482070923, 88.3170928955, 88.8859863281, 89.4664840698, 90.0469818115, 90.6274795532, 91.2079772949, 91.7768707275, 92.3573684692, 92.9262542725, 93.5067520142, 94.0872573853, 94.667755127, 95.2482528687, 95.8171386719, 96.3860321045, 96.9665298462, 97.5470275879, 98.1275253296, 98.7080230713, 99.288520813, 99.8574142456, 100.437911987, 101.006797791, 101.587303162, 102.167800903, 102.748298645, 103.317184448, 103.89768219, 104.466575623, 105.047073364, 105.627571106, 106.208068848, 106.77696228, 107.357460022, 107.926345825, 108.506843567, 109.087341309, 109.66784668, 110.248344421, 110.817230225, 111.386123657, 111.966621399, 112.547119141, 113.127616882, 113.708114624, 114.288612366, 114.84589386, 115.426391602, 116.006889343, 116.587387085, 117.167892456, 117.748390198, 118.305664062, 118.886169434, 119.466667175, 120.047164917, 120.627662659, 121.2081604, 121.777046204, 122.357551575, 122.926437378, 123.50693512, 124.087432861, 124.667930603, 125.248435974, 125.817321777, 126.386207581, 126.966712952, 127.547210693, 128.127700806, 128.708206177, 129.288711548, 129.845977783, 130.426483154, 131.006988525, 131.587478638, 132.167984009, 132.748474121, 133.305755615, 133.886260986, 134.466751099, 135.04725647, 135.627746582, 136.208251953, 136.777145386, 137.34602356, 137.926528931, 138.507034302, 139.087524414, 139.668029785, 140.248519897, 140.829025269, 141.386306763, 141.966796875, 142.547302246, 143.127792358, 143.708297729, 144.288803101, 144.857681274, 145.426574707, 146.007064819, 146.58757019, 147.168075562, 147.748565674, 148.305847168, 148.886352539, 149.466842651, 150.047348022, 150.627838135, 151.208343506, 151.777236938, 152.357727051, 152.926620483, 153.507110596, 154.087615967, 154.668121338, 155.24861145, 155.817504883, 156.386398315, 156.966888428, 157.547393799, 158.127883911, 158.708389282, 159.288879395, 159.846160889, 160.42666626, 161.007156372, 161.587661743, 162.168167114, 162.748657227, 163.317550659, 163.886444092, 164.466934204, 165.047439575, 165.627929688, 166.208435059, 166.777328491, 167.357818604, 167.926712036, 168.507202148, 169.08770752, 169.668212891, 170.248703003, 170.817596436, 171.386474609, 171.96697998, 172.547485352, 173.127975464, 173.708480835, 174.288970947, 174.85786438, 175.426757812, 176.007247925, 176.587753296, 177.168243408, 177.748748779, 178.306030273, 178.886520386, 179.467025757, 180.047531128, 180.62802124, 181.208526611, 181.789016724, 182.357910156, 182.926803589, 183.507293701, 184.087799072, 184.668289185, 185.248794556, 185.817687988, 186.386566162, 186.967071533, 187.547576904, 188.128067017, 188.696960449, 189.265853882, 189.846343994, 190.426849365, 190.995727539, 191.564620972, 192.145126343, 192.725616455, 193.306121826, 193.886611938, 194.46711731, 195.047622681, 195.628112793, 196.208618164, 196.777496338, 197.346389771, 197.926895142, 198.507385254, 199.087890625, 199.668380737, 200.23727417, 200.817779541, 201.386657715, 201.967163086, 202.547653198, 203.128158569, 203.70866394, 204.277542114, 204.846435547, 205.426940918, 206.00743103, 206.587936401, 207.168426514, 207.748931885, 208.317825317, 208.886703491, 209.467208862, 210.047698975, 210.628204346, 211.208709717, 211.777587891, 212.358093262, 212.926986694, 213.507476807, 214.087982178, 214.66847229, 215.237365723, 215.806259155, 216.386749268, 216.978866577, 217.547744751, 218.128250122, 218.697143555, 219.277633667, 219.8465271, 220.427032471, 221.007522583, 221.588027954, 222.168518066, 222.737411499, 223.306304932, 223.886795044, 224.467300415, 225.047790527, 225.628295898, 226.20880127, 226.777679443, 227.346572876, 227.927078247, 228.507568359, 229.08807373, 229.668563843, 230.249069214, 230.829559326, 231.410064697, 231.97895813, 232.547836304, 233.128341675, 233.708831787, 234.27772522, 234.846618652, 235.427108765, 236.007614136, 236.588119507, 237.168609619, 237.74911499, 238.329605103, 238.898498535, 239.467391968, 240.04788208, 240.628387451, 241.208877563, 241.789382935, 242.369888306, 242.950378418, 243.519271851, 244.088165283, 244.668655396, 245.249160767, 245.81803894, 246.386932373, 246.967437744, 247.547927856, 248.128433228, 248.70892334, 249.289428711, 249.869934082, 250.438812256, 251.007705688, 251.58821106, 252.168701172, 252.749206543, 253.318084717, 253.898590088, 254.479095459, 255.047973633, 255.628479004, 256.208984375, 256.789459229, 257.3699646], "beats_loudness": {"dmean2": 0.0644298791885, "median": 0.0781657099724, "min": 1.09644055613e-07, "dvar2": 0.00353154353797, "dvar": 0.00118328805547, "dmean": 0.0372171700001, "max": 0.193821549416, "var": 0.00214522331953, "mean": 0.0738778412342}, "danceability": 1.16627538204, "bpm_histogram_second_peak_weight": {"dmean2": 0, "median": 0.0350109413266, "min": 0.0350109413266, "dvar2": 0, "dvar": 0, "dmean": 0, "max": 0.0350109413266, "var": 0, "mean": 0.0350109413266}, "beats_count": 458, "bpm_histogram_second_peak_bpm": {"dmean2": 0, "median": 148, "min": 148, "dvar2": 0, "dvar": 0, "dmean": 0, "max": 148, "var": 0, "mean": 148}, "bpm_histogram_first_peak_spread": {"dmean2": 0, "median": 0.270471453667, "min": 0.270471453667, "dvar2": 0, "dvar": 0, "dmean": 0, "max": 0.270471453667, "var": 0, "mean": 0.270471453667}, "beats_loudness_band_ratio": {"dmean2": [0.31919297576, 0.202498957515, 0.141982793808, 0.0612622387707, 0.0165262185037, 0.0664754807949], "median": [0.792856156826, 0.103384271264, 0.0396360605955, 0.0147914942354, 0.00529869459569, 0.0105103962123], "min": [0.000441094569396, 0.00328275910579, 0.00107132038102, 0.000484703981783, 0.000215837862925, 0.000205134550924], "dvar2": [0.0799978747964, 0.0334799773991, 0.0372981056571, 0.00704563083127, 0.000500580121297, 0.00857891794294], "dvar": [0.028056403622, 0.0124498782679, 0.0127577455714, 0.00280273123644, 0.000183937998372, 0.00308315875009], "dmean": [0.17208775878, 0.115287095308, 0.0778243467212, 0.0355470553041, 0.00942935794592, 0.0357362926006], "max": [0.99032074213, 0.898660242558, 0.812165737152, 0.512539029121, 0.154314085841, 0.299917399883], "var": [0.0782903879881, 0.023855984211, 0.0258696302772, 0.00467667123303, 0.000255782331806, 0.00191537232604], "mean": [0.684467434883, 0.158005639911, 0.100606098771, 0.0401474311948, 0.0111832516268, 0.0278400853276]}}, "lowlevel": {"barkbands_spread": {"dmean2": 13.2139263153, "median": 11.4921035767, "min": 0.490076750517, "dvar2": 273.340057373, "dvar": 125.784927368, "dmean": 8.67981147766, "max": 131.935684204, "var": 254.720046997, "mean": 16.8361778259}, "melbands_spread": {"dmean2": 8.33863544464, "median": 7.7952837944, "min": 0.492588728666, "dvar2": 164.851089478, "dvar": 72.8260955811, "dmean": 5.22019720078, "max": 165.988693237, "var": 134.338180542, "mean": 11.0598974228}, "hfc": {"dmean2": 17.6797389984, "median": 14.0827465057, "min": 1.11262251015e-16, "dvar2": 573.547973633, "dvar": 267.7734375, "dmean": 12.1373128891, "max": 160.733886719, "var": 455.477233887, "mean": 21.279466629}, "barkbands_kurtosis": {"dmean2": 14.0384426117, "median": 8.44569396973, "min": -1.88666570187, "dvar2": 479.81854248, "dvar": 212.890426636, "dmean": 9.11318588257, "max": 321.775421143, "var": 428.580932617, "mean": 14.4198560715}, "gfcc": {"mean": [-14.7032823563, 84.5055160522, -72.9007034302, 19.8677310944, -54.1894226074, 10.6460618973, -33.3942146301, 14.4703941345, -28.5110263824, 6.46556806564, -12.7610588074, 6.67106056213, -7.75353193283], "icov": [[0.000132627101266, -7.1193666372e-05, 9.79533215286e-05, -0.000129153195303, 9.16105927899e-05, -0.000195273431018, 0.000261556706391, -0.000490093545523, 0.000440873176558, -0.000410767592257, 0.000373766844859, -0.000306828558678, 0.00033339302172], [-7.1193666372e-05, 0.00134656263981, 8.58696585055e-05, 1.24609377963e-05, 4.06140025007e-05, 0.000446797028417, -0.000825040333439, 0.000215902502532, -0.00123037898447, 0.00154680688865, -0.0019200774841, 0.00136870786082, -0.000829037162475], [9.79533215286e-05, 8.58696585055e-05, 0.00218476774171, -0.000923421641346, -0.000259810651187, -0.00066412409069, 0.000207213699468, -0.00174551527016, 0.000484508782392, -0.000646871922072, 0.000277189392364, -0.000822734553367, 0.000677564530633], [-0.000129153195303, 1.24609377963e-05, -0.000923421641346, 0.0027550116647, -0.000337809207849, -0.000794984691311, -0.000175955530722, 0.000364808714949, -0.00114293931983, -0.000413007568568, 0.000745754980016, 4.17426563217e-05, -0.000355457304977], [9.16105927899e-05, 4.06140025007e-05, -0.000259810651187, -0.000337809207849, 0.00439522042871, -0.0011298104655, -0.000688723404892, 0.000742880161852, 0.000228550663451, -0.00193432183005, 0.000695375725627, -0.00140765297692, 0.00161034613848], [-0.000195273431018, 0.000446797028417, -0.00066412409069, -0.000794984691311, -0.0011298104655, 0.00735749769956, -0.00365668418817, -0.000864010944497, 0.000684110855218, -0.000338239013217, 0.000216460932279, -0.000549411808606, 0.000732655113097], [0.000261556706391, -0.000825040333439, 0.000207213699468, -0.000175955530722, -0.000688723404892, -0.00365668418817, 0.0102737694979, -0.00233430298977, -0.000212819795706, 0.000375164294383, -0.00103441008832, 0.000626605760772, 0.000502190145198], [-0.000490093545523, 0.000215902502532, -0.00174551527016, 0.000364808714949, 0.000742880161852, -0.000864010944497, -0.00233430298977, 0.0123067265376, -0.00452254991978, -0.00205722381361, 0.000764837663155, 0.000188431382412, -0.00304092117585], [0.000440873176558, -0.00123037898447, 0.000484508782392, -0.00114293931983, 0.000228550663451, 0.000684110855218, -0.000212819795706, -0.00452254991978, 0.015231330879, -0.0042405994609, -0.000226918331464, -0.000183890530025, 0.00026587411412], [-0.000410767592257, 0.00154680688865, -0.000646871922072, -0.000413007568568, -0.00193432183005, -0.000338239013217, 0.000375164294383, -0.00205722381361, -0.0042405994609, 0.017371205613, -0.00825528521091, -0.000292188575258, 0.00139395031147], [0.000373766844859, -0.0019200774841, 0.000277189392364, 0.000745754980016, 0.000695375725627, 0.000216460932279, -0.00103441008832, 0.000764837663155, -0.000226918331464, -0.00825528521091, 0.0186503063887, -0.00694953976199, -0.00263680098578], [-0.000306828558678, 0.00136870786082, -0.000822734553367, 4.17426563217e-05, -0.00140765297692, -0.000549411808606, 0.000626605760772, 0.000188431382412, -0.000183890530025, -0.000292188575258, -0.00694953976199, 0.0198596101254, -0.0102839935571], [0.00033339302172, -0.000829037162475, 0.000677564530633, -0.000355457304977, 0.00161034613848, 0.000732655113097, 0.000502190145198, -0.00304092117585, 0.00026587411412, 0.00139395031147, -0.00263680098578, -0.0102839935571, 0.0217232014984]], "cov": [[16518.7773438, -1485.96398926, 1741.38574219, 1777.71838379, 609.076416016, 1229.09594727, 97.7780914307, 990.866088867, -86.1089935303, 715.65423584, -259.162261963, 294.540008545, -222.501800537], [-1485.96398926, 1400.36108398, -474.232452393, -333.808441162, -226.366043091, -266.424804688, 37.213306427, -122.557258606, 80.8559341431, -159.24067688, 126.228179932, -77.1308364868, 81.3637695312], [1741.38574219, -474.232452393, 1221.1998291, 684.761962891, 326.94744873, 435.302032471, 141.977081299, 327.897064209, 70.0946578979, 249.078018188, 4.54267644882, 130.643295288, -22.4507064819], [1777.71838379, -333.808441162, 684.761962891, 845.377624512, 260.38079834, 355.637115479, 113.423912048, 229.154571533, 66.621635437, 188.513565063, -19.2367420197, 83.1849136353, -25.2548904419], [609.076416016, -226.366043091, 326.94744873, 260.38079834, 385.76953125, 207.59362793, 79.3156509399, 92.2259368896, 20.7794132233, 118.396621704, 1.78443801403, 54.6272125244, -30.2197990417], [1229.09594727, -266.424804688, 435.302032471, 355.637115479, 207.59362793, 388.358764648, 127.354896545, 167.594085693, 24.117641449, 130.483505249, -7.81202316284, 60.5925292969, -25.6910305023], [97.7780914307, 37.213306427, 141.977081299, 113.423912048, 79.3156509399, 127.354896545, 164.620178223, 73.7789840698, 33.9578399658, 42.958694458, 23.2230854034, 17.838180542, 1.78590488434], [990.866088867, -122.557258606, 327.897064209, 229.154571533, 92.2259368896, 167.594085693, 73.7789840698, 224.646453857, 59.2817955017, 113.254478455, 17.4049930573, 58.4421424866, 12.6770963669], [-86.1089935303, 80.8559341431, 70.0946578979, 66.621635437, 20.7794132233, 24.117641449, 33.9578399658, 59.2817955017, 107.620330811, 46.7407302856, 36.9653701782, 20.4827671051, 18.3380641937], [715.65423584, -159.24067688, 249.078018188, 188.513565063, 118.396621704, 130.483505249, 42.958694458, 113.254478455, 46.7407302856, 165.590194702, 48.0879554749, 63.6651992798, 4.71736574173], [-259.162261963, 126.228179932, 4.54267644882, -19.2367420197, 1.78443801403, -7.81202316284, 23.2230854034, 17.4049930573, 36.9653701782, 48.0879554749, 122.079742432, 55.0012702942, 47.6873550415], [294.540008545, -77.1308364868, 130.643295288, 83.1849136353, 54.6272125244, 60.5925292969, 17.838180542, 58.4421424866, 20.4827671051, 63.6651992798, 55.0012702942, 115.347663879, 48.4447555542], [-222.501800537, 81.3637695312, -22.4507064819, -25.2548904419, -30.2197990417, -25.6910305023, 1.78590488434, 12.6770963669, 18.3380641937, 4.71736574173, 47.6873550415, 48.4447555542, 85.8761672974]]}, "spectral_energyband_middle_low": {"dmean2": 0.0106012793258, "median": 0.0105693927035, "min": 2.87591221062e-22, "dvar2": 0.000306398665998, "dvar": 0.00011756321328, "dmean": 0.00638721277937, "max": 0.126525998116, "var": 0.000226068354095, "mean": 0.0149078229442}, "melbands_crest": {"dmean2": 5.78661584854, "median": 17.4167671204, "min": 1.59920692444, "dvar2": 29.6562919617, "dvar": 10.563076973, "dmean": 3.44423294067, "max": 32.303981781, "var": 25.4034614563, "mean": 17.4593849182}, "spectral_kurtosis": {"dmean2": 3.67309212685, "median": 4.13302516937, "min": -1.37258028984, "dvar2": 31.7116470337, "dvar": 10.776008606, "dmean": 2.41622567177, "max": 64.3491363525, "var": 43.2815818787, "mean": 5.94735002518}, "spectral_rms": {"dmean2": 0.00175025570206, "median": 0.00631929608062, "min": 3.18208371979e-12, "dvar2": 3.95037659473e-06, "dvar": 1.8751539983e-06, "dmean": 0.00116985780187, "max": 0.0142490593717, "var": 9.49020613916e-06, "mean": 0.00612691277638}, "zerocrossingrate": {"dmean2": 0.0209816712886, "median": 0.03955078125, "min": 0.001953125, "dvar2": 0.000485586147988, "dvar": 0.000354662450263, "dmean": 0.0177302025259, "max": 0.54052734375, "var": 0.00176955736242, "mean": 0.0510668233037}, "silence_rate_60dB": {"dmean2": 0.0389013960958, "median": 0, "min": 0, "dvar2": 0.0442414842546, "dvar": 0.0190735943615, "dmean": 0.0194489471614, "max": 1, "var": 0.0877127200365, "mean": 0.0971459448338}, "erbbands_kurtosis": {"dmean2": 2.6310441494, "median": 0.834097623825, "min": -1.83470356464, "dvar2": 11.0601577759, "dvar": 5.36984920502, "dmean": 1.78898954391, "max": 38.6051292419, "var": 11.8580741882, "mean": 1.83511948586}, "erbbands": {"dmean2": [0.518218696117, 4.81688165665, 10.2447605133, 14.8180074692, 13.2468147278, 12.7311925888, 31.6060409546, 18.5185184479, 15.9077243805, 16.9168510437, 13.449347496, 14.4566326141, 14.6408491135, 16.9154930115, 23.9130382538, 24.4922676086, 11.2531042099, 9.72070598602, 15.6198892593, 22.1093578339, 7.80647516251, 9.48483371735, 15.9871454239, 9.04817867279, 10.2674188614, 9.0137834549, 7.46089506149, 5.1717710495, 3.93670845032, 2.97563409805, 2.47718524933, 3.03084516525, 3.90298891068, 3.08589458466, 3.79522585869, 1.70529854298, 0.728821635246, 0.118411161005, 0.0102464715019, 0.000348703528289], "median": [0.273195594549, 3.10443353653, 4.10714530945, 2.90282297134, 2.61845564842, 6.02633428574, 16.384727478, 10.206202507, 8.26146030426, 7.89407682419, 8.97796154022, 8.57616138458, 7.59663486481, 8.29662704468, 6.61098909378, 4.68281078339, 3.13465428352, 2.568785429, 2.55407905579, 2.26175761223, 2.01970124245, 2.24797654152, 2.56375479698, 3.26163077354, 2.89003348351, 1.9994635582, 2.05688548088, 1.38527810574, 1.21188044548, 1.08707940578, 0.925605416298, 0.68093341589, 0.889341652393, 0.404310643673, 0.467059880495, 0.220503792167, 0.0580741912127, 0.00813875906169, 0.000551233068109, 8.8047941972e-05], "min": [2.80202358549e-22, 2.38863810537e-21, 1.33286584781e-20, 4.73545326427e-20, 4.8349546909e-20, 4.1103480286e-20, 1.25073159512e-19, 4.57556765291e-19, 7.95683487682e-19, 3.54076289715e-19, 7.61604163433e-19, 1.43619120117e-18, 1.19379233331e-18, 2.25204843492e-18, 1.92591097173e-18, 1.74340659766e-18, 3.55497825447e-18, 4.27799035813e-18, 2.81227552993e-18, 2.80366395937e-18, 4.45527129342e-18, 6.90867782331e-18, 5.36780495107e-18, 7.83947190657e-18, 1.44386741658e-17, 1.33998660109e-17, 1.54321859103e-17, 1.3214556047e-17, 1.41688726654e-17, 1.56864314521e-17, 1.58183717228e-17, 1.52707086742e-17, 1.12261114618e-17, 1.15369345031e-17, 7.01916433773e-18, 5.57970794449e-18, 2.93725362829e-18, 1.09074031144e-18, 3.0135994003e-19, 2.93572183197e-20], "dvar2": [1.1253029108, 61.0772247314, 380.893981934, 1287.13684082, 1037.20385742, 496.855529785, 2822.64282227, 1086.75817871, 1338.28234863, 951.658691406, 625.375366211, 836.104248047, 710.647338867, 1283.4642334, 2100.17602539, 2723.02539062, 463.058898926, 567.826721191, 1025.53942871, 2569.44702148, 284.211639404, 319.572998047, 1037.15368652, 233.52722168, 366.103912354, 575.088806152, 286.65826416, 111.685577393, 97.705291748, 49.9262657166, 18.3210105896, 24.7747039795, 33.2831954956, 29.7484359741, 53.6199455261, 8.37121200562, 1.44066441059, 0.0463114306331, 0.000339420832461, 4.15194136849e-07], "dvar": [0.364515691996, 23.023223877, 144.348571777, 482.712768555, 420.679870605, 176.820739746, 1069.92260742, 390.850158691, 477.616333008, 404.001159668, 256.869537354, 358.567810059, 328.907562256, 622.533996582, 878.726806641, 1159.22338867, 202.470153809, 242.719589233, 402.41607666, 963.729064941, 115.615577698, 122.349594116, 399.467132568, 93.4403152466, 156.665435791, 248.062393188, 128.447570801, 55.9623680115, 49.0110931396, 26.3691978455, 9.55179214478, 11.3453083038, 16.9737224579, 13.0143585205, 22.7196006775, 3.71711969376, 0.628031075001, 0.0200520958751, 0.000143713259604, 1.71064542087e-07], "dmean": [0.303616881371, 2.93755960464, 6.14495801926, 8.65718269348, 7.99955558777, 7.33857631683, 19.1143360138, 11.1238412857, 9.39901065826, 10.5944156647, 8.58582878113, 9.25918006897, 9.66580104828, 10.8633441925, 14.7152776718, 14.9041442871, 7.12503957748, 6.10285282135, 9.47790718079, 13.0042600632, 4.96309328079, 5.79948568344, 9.65591526031, 5.71308422089, 6.61086130142, 6.00951337814, 5.02212333679, 3.52560663223, 2.65747189522, 2.04492139816, 1.7278598547, 1.97556900978, 2.60378026962, 1.98930001259, 2.46648359299, 1.11514031887, 0.454496145248, 0.0753584578633, 0.0065290229395, 0.000218714310904], "max": [5.28264188766, 43.9808387756, 123.321556091, 198.323303223, 263.02243042, 257.674468994, 646.259460449, 309.349853516, 506.559173584, 591.783081055, 360.218536377, 417.333007812, 549.688720703, 1237.3717041, 758.093139648, 1349.45007324, 541.535522461, 539.814331055, 236.202529907, 315.844207764, 271.549468994, 289.978057861, 191.883926392, 136.650131226, 228.714553833, 680.792541504, 424.9559021, 211.191131592, 280.402130127, 213.360198975, 98.1858139038, 79.4106826782, 160.284088135, 100.324226379, 49.0812835693, 17.8193721771, 6.78166866302, 1.18882524967, 0.0915965884924, 0.00309415580705], "var": [0.673609316349, 34.7017784119, 170.98777771, 380.087341309, 417.466247559, 404.820648193, 4325.17773438, 1269.01257324, 727.930175781, 1181.39257812, 648.656677246, 894.354003906, 1191.29174805, 3552.03491211, 2097.53662109, 2587.23120117, 427.454406738, 504.35824585, 423.202362061, 719.674072266, 207.938568115, 158.231567383, 337.744812012, 129.251647949, 207.260864258, 316.979248047, 200.794296265, 95.6473770142, 82.6715621948, 53.4255180359, 20.144361496, 20.9507522583, 39.1555709839, 20.0695838928, 25.3085727692, 4.12473917007, 0.618004202843, 0.019501036033, 0.000137274313602, 1.68672528389e-07], "mean": [0.618627905846, 4.86961269379, 9.44735622406, 8.95179271698, 9.06835651398, 12.6115865707, 44.4297714233, 25.5190391541, 17.569103241, 19.2094974518, 18.0718288422, 18.8603210449, 20.3569011688, 23.127784729, 22.3122119904, 18.3267040253, 9.75201702118, 8.25616359711, 9.91098880768, 11.4155244827, 6.69259119034, 6.83916044235, 9.34353923798, 7.6373758316, 7.98731708527, 7.10428667068, 6.26570510864, 4.25414562225, 3.38965368271, 2.81246519089, 2.34887123108, 2.34041118622, 3.033898592, 1.94322800636, 2.37933731079, 1.08538806438, 0.402631223202, 0.0668562352657, 0.0055216178298, 0.000241730725975]}, "spectral_strongpeak": {"dmean2": 0.527946412563, "median": 0.503069341183, "min": 0, "dvar2": 0.841769337654, "dvar": 0.337941497564, "dmean": 0.304759502411, "max": 21.6762962341, "var": 0.512725114822, "mean": 0.671686828136}, "spectral_energy": {"dmean2": 0.0275096111, "median": 0.0409318432212, "min": 1.037879832e-20, "dvar2": 0.00132926052902, "dvar": 0.000572745513637, "dmean": 0.0177947301418, "max": 0.208111569285, "var": 0.00153645256069, "mean": 0.0482050962746}, "average_loudness": 0.863573670387, "spectral_rolloff": {"dmean2": 942.584350586, "median": 409.130859375, "min": 64.599609375, "dvar2": 5326824, "dvar": 2119787.75, "dmean": 536.444580078, "max": 19401.4160156, "var": 3115235.25, "mean": 884.196289062}, "spectral_centroid": {"dmean2": 438.854156494, "median": 698.232421875, "min": 140.269165039, "dvar2": 249630.6875, "dvar": 124133.742188, "dmean": 292.830383301, "max": 10871.9121094, "var": 319775.15625, "mean": 864.351928711}, "pitch_salience": {"dmean2": 0.138904318213, "median": 0.471409678459, "min": 0.0729080811143, "dvar2": 0.0178490765393, "dvar": 0.00674581481144, "dmean": 0.084777019918, "max": 0.838278889656, "var": 0.0163130350411, "mean": 0.466634601355}, "spectral_energyband_middle_high": {"dmean2": 0.0027217681054, "median": 0.00127229955979, "min": 1.42370586948e-21, "dvar2": 2.2342945158e-05, "dvar": 9.03445106815e-06, "dmean": 0.00171329895966, "max": 0.0376660525799, "var": 1.78944210347e-05, "mean": 0.00286953267641}, "spectral_contrast_coeffs": {"dmean2": [0.0904795452952, 0.0780663639307, 0.0629968121648, 0.0479913242161, 0.0339313559234, 0.0349271781743], "median": [-0.651079237461, -0.703375816345, -0.779297590256, -0.81705892086, -0.824801802635, -0.803488433361], "min": [-0.964041531086, -0.976461052895, -0.97145229578, -0.962163209915, -0.961939334869, -0.962637662888], "dvar2": [0.00543349655345, 0.00381471752189, 0.00258212070912, 0.00146391335875, 0.00074318429688, 0.000857197097503], "dvar": [0.00207847682759, 0.00148802355397, 0.00106156663969, 0.00058335257927, 0.000322359235724, 0.000355499505531], "dmean": [0.0551275610924, 0.0477256029844, 0.0400825180113, 0.0295173041523, 0.0214256159961, 0.0220201797783], "max": [-0.244959294796, -0.415257900953, -0.491525143385, -0.531171321869, -0.599936366081, -0.591246187687], "var": [0.00975590571761, 0.00646863086149, 0.00475170556456, 0.00192315725144, 0.00119957141578, 0.00111100089271], "mean": [-0.635039925575, -0.700327575207, -0.770756185055, -0.812036216259, -0.820939719677, -0.801560938358]}, "melbands_skewness": {"dmean2": 2.06544303894, "median": 3.38859629631, "min": -1.3324701786, "dvar2": 4.91826105118, "dvar": 2.09399366379, "dmean": 1.35923874378, "max": 18.1689338684, "var": 6.98171854019, "mean": 3.98188400269}, "spectral_spread": {"dmean2": 1783593, "median": 5808906.5, "min": 858043.9375, "dvar2": 3941569134590.0, "dvar": 1874460147710.0, "dmean": 1349398.875, "max": 43036964, "var": 5846777462780.0, "mean": 6060159}, "dissonance": {"dmean2": 0.0378575325012, "median": 0.458501696587, "min": 0.229550138116, "dvar2": 0.00126478786115, "dvar": 0.000499502988532, "dmean": 0.0239110216498, "max": 0.499999910593, "var": 0.00133351737168, "mean": 0.449499279261}, "spectral_skewness": {"dmean2": 0.509108066559, "median": 1.77237176895, "min": -0.190833047032, "dvar2": 0.235827952623, "dvar": 0.0957748293877, "dmean": 0.346760421991, "max": 5.65561962128, "var": 0.475731879473, "mean": 1.9072740078}, "spectral_flux": {"dmean2": 0.0566924437881, "median": 0.0778377279639, "min": 6.50530809776e-11, "dvar2": 0.00385149591602, "dvar": 0.00199940963648, "dmean": 0.0387527234852, "max": 0.414093255997, "var": 0.00516615016386, "mean": 0.0970751345158}, "spectral_contrast_valleys": {"dmean2": [0.71769952774, 0.61849373579, 0.662111461163, 0.655138254166, 0.618751108646, 0.643568515778], "median": [-6.71082019806, -6.67684173584, -7.43713092804, -8.05543518066, -7.77050733566, -9.89086437225], "min": [-27.7822532654, -27.2829456329, -27.2262878418, -27.4271793365, -27.4591445923, -27.2807922363], "dvar2": [0.364593952894, 0.284111768007, 0.3622199893, 0.368858784437, 0.342420935631, 0.331195443869], "dvar": [0.16375271976, 0.126667618752, 0.173331618309, 0.188816457987, 0.183172047138, 0.18857498467], "dmean": [0.451274007559, 0.385011643171, 0.439653784037, 0.470868229866, 0.488723486662, 0.538708627224], "max": [-4.88091039658, -4.62510442734, -4.97039222717, -5.93548822403, -5.87494516373, -7.64165735245], "var": [3.55489253998, 1.58736729622, 1.38436412811, 1.43498551846, 1.70268452168, 2.29388856888], "mean": [-7.29281139374, -6.87509632111, -7.57353210449, -8.18162155151, -7.97185325623, -10.1689558029]}, "erbbands_flatness_db": {"dmean2": 0.0365048237145, "median": 0.114590272307, "min": 0.035047698766, "dvar2": 0.000947655236814, "dvar": 0.000560531509109, "dmean": 0.028218658641, "max": 0.434381663799, "var": 0.00484537798911, "mean": 0.132852092385}, "spectral_energyband_high": {"dmean2": 0.00128639116883, "median": 0.000336194847478, "min": 7.5427045767e-