{"tonal": {"thpcp": [1, 0.631108701229, 0.119998589158, 0.0996121019125, 0.0863582268357, 0.143711939454, 0.295326650143, 0.234652295709, 0.333705306053, 0.660589456558, 0.466573685408, 0.117278940976, 0.0564893186092, 0.0691972374916, 0.397665590048, 0.831007540226, 0.584592401981, 0.132486596704, 0.0442474372685, 0.051515918225, 0.187577739358, 0.377821862698, 0.331723541021, 0.272774934769, 0.32045558095, 0.202112808824, 0.0923683345318, 0.0812096819282, 0.0738520622253, 0.358805328608, 0.650980710983, 0.384903252125, 0.0843543112278, 0.0500144250691, 0.072408080101, 0.499876350164], "hpcp": {"dmean2": [0.152382239699, 0.149311602116, 0.0683004111052, 0.0360072627664, 0.035328745842, 0.055382065475, 0.0645733624697, 0.0829160362482, 0.127614989877, 0.133595436811, 0.130749017, 0.0642737597227, 0.0355924069881, 0.0507163852453, 0.139349728823, 0.159747451544, 0.149232670665, 0.0882437601686, 0.0343954265118, 0.0392884723842, 0.0891640335321, 0.113680616021, 0.11900383234, 0.114449098706, 0.0886650308967, 0.0793229416013, 0.0483398251235, 0.0345406457782, 0.0424243845046, 0.111326918006, 0.122451588511, 0.117456391454, 0.0602872781456, 0.0352698750794, 0.0549284480512, 0.144487008452], "median": [0.1751280725, 0.0975493639708, 0.00616874545813, 0.00143921654671, 0.00162107078359, 0.00733877718449, 0.00885490328074, 0.00955975055695, 0.0335277020931, 0.0527800917625, 0.0330945774913, 0.00753112323582, 0.00374187761918, 0.00396626163274, 0.0470808744431, 0.108762785792, 0.0646776109934, 0.00719617214054, 0.00169767963234, 0.00159780588001, 0.008704633452, 0.0191534906626, 0.0178434085101, 0.00872964598238, 0.00391347706318, 0.00238050613552, 0.00646319612861, 0.00657441047952, 0.00616069510579, 0.0247202850878, 0.0470281690359, 0.0296769924462, 0.00461940141395, 0.00218690326437, 0.00342757022008, 0.0757182911038], "min": [0, 0, 0, 0, 0, 0, 0, 0, 0, 0, 0, 0, 0, 0, 0, 0, 0, 0, 0, 0, 0, 0, 0, 0, 0, 0, 0, 0, 0, 0, 0, 0, 0, 0, 0, 0], "dvar2": [0.0589547790587, 0.0555515959859, 0.0289781391621, 0.0188874714077, 0.0158932525665, 0.0220947191119, 0.0278398394585, 0.0354851819575, 0.0514622069895, 0.056306399405, 0.0546276532114, 0.028291657567, 0.0158359427005, 0.0248354207724, 0.0552484989166, 0.0670536831021, 0.0576436035335, 0.0435753725469, 0.0187505595386, 0.0193368196487, 0.052758269012, 0.0622955411673, 0.0666736215353, 0.0673518627882, 0.0486943535507, 0.0457343421876, 0.0221286602318, 0.0133377155289, 0.0160755384713, 0.052413739264, 0.0542538575828, 0.0551534406841, 0.0327581502497, 0.0166042838246, 0.0221231132746, 0.0568332374096], "dvar": [0.0260560605675, 0.0221689101309, 0.0110027948394, 0.00732351047918, 0.0060992022045, 0.00832352042198, 0.0118934167549, 0.0137098226696, 0.0191003233194, 0.0243948288262, 0.0217560213059, 0.0107275145128, 0.00572364171967, 0.00879632867873, 0.0209127310663, 0.0286593195051, 0.0222451295704, 0.014880050905, 0.00638905912638, 0.00696648331359, 0.0194150675088, 0.0248001813889, 0.0260998681188, 0.0250092558563, 0.0204139743, 0.0175229627639, 0.0081824650988, 0.00466695940122, 0.00569815514609, 0.0194537639618, 0.0238058697432, 0.0203814264387, 0.0116178076714, 0.00594940129668, 0.00806639622897, 0.021989742294], "dmean": [0.0934516042471, 0.0910356268287, 0.0397823043168, 0.0208846852183, 0.0207464601845, 0.0328286066651, 0.0388573519886, 0.0493543930352, 0.0754826590419, 0.0818391889334, 0.0790900066495, 0.0373505428433, 0.0200429782271, 0.0285914056003, 0.0825205519795, 0.0980651304126, 0.0907097458839, 0.049159489572, 0.0187649969012, 0.0215944871306, 0.0522191859782, 0.0682450458407, 0.0714866742492, 0.067096978426, 0.0539021603763, 0.0468977354467, 0.0278276875615, 0.0200928580016, 0.0238063074648, 0.06654343009, 0.0761987641454, 0.0697159543633, 0.0339892618358, 0.0197908524424, 0.0310120023787, 0.0878925696015], "max": [1, 1, 1, 1, 1, 1, 1, 1, 1, 1, 1, 1, 1, 1, 1, 1, 1, 1, 1, 1, 1, 1, 1, 1, 1, 1, 1, 1, 1, 1, 1, 1, 1, 1, 1, 1], "var": [0.15513420105, 0.0788037031889, 0.0120540745556, 0.0199987720698, 0.0147397127002, 0.0156597886235, 0.0601700097322, 0.0344161055982, 0.0365577824414, 0.118692882359, 0.0725218877196, 0.0137457232922, 0.00500078452751, 0.00766699435189, 0.0435691177845, 0.135549902916, 0.0804656893015, 0.0154713653028, 0.00517998216674, 0.0063812378794, 0.0287120640278, 0.073548823595, 0.0604881122708, 0.0464818179607, 0.0677150189877, 0.0351401157677, 0.00978488754481, 0.00492087751627, 0.00552980788052, 0.0446023009717, 0.121163323522, 0.0482599884272, 0.00981792341918, 0.00474942382425, 0.00682329945266, 0.0533400066197], "mean": [0.368402451277, 0.232501998544, 0.0442077741027, 0.0366973429918, 0.0318145826459, 0.052943829447, 0.108799062669, 0.0864464789629, 0.122937850654, 0.243362784386, 0.171886891127, 0.0432058498263, 0.0208108033985, 0.0254924315959, 0.146500974894, 0.306145220995, 0.215365275741, 0.0488083846867, 0.0163008645177, 0.0189785901457, 0.0691040977836, 0.139190495014, 0.122207768261, 0.100490950048, 0.118056617677, 0.0744588524103, 0.0340287201107, 0.0299178455025, 0.0272072795779, 0.132184758782, 0.239822879434, 0.141799300909, 0.0310763344169, 0.0184254366904, 0.0266753155738, 0.184155672789]}, "tuning_equal_tempered_deviation": 0.0279241837561, "chords_changes_rate": 0.0411492921412, "key_key": "C", "tuning_diatonic_strength": 0.495441794395, "key_scale": "major", "chords_number_rate": 0.00158821826335, "tuning_frequency": 438.731048584, "tuning_nontempered_energy_ratio": 0.631955742836, "chords_histogram": [11.8105688095, 0.59197229147, 17.3404560089, 2.90210795403, 8.18654346466, 0.014438347891, 3.23418998718, 0.548657238483, 0, 0, 0, 0, 0.0288766957819, 0.577533900738, 0, 0.158821836114, 0.101068437099, 1.60265660286, 0.0288766957819, 2.35345077515, 1.79035520554, 20.3291950226, 11.1897201538, 17.2105102539], "key_strength": 0.641050696373, "chords_key": "D", "chords_strength": {"dmean2": 0.00569321028888, "median": 0.526394546032, "min": -1, "dvar2": 0.000657224620227, "dvar": 0.000328808353515, "dmean": 0.00816142652184, "max": 0.823109984398, "var": 0.0159862469882, "mean": 0.5210916996}, "chords_scale": "minor", "hpcp_entropy": {"dmean2": 0.787926256657, "median": 1.50756585598, "min": 0, "dvar2": 0.530187010765, "dvar": 0.199314445257, "dmean": 0.459571570158, "max": 3.63569068909, "var": 0.454237759113, "mean": 1.42349028587}}, "metadata": {"audio_properties": {"equal_loudness": 0, "codec": "mp3", "downmix": "mix", "sample_rate": 44100, "analysis_sample_rate": 44100, "bit_rate": 256021, "md5_encoded": "b30766d1f77ca988be923ba44ed618bc", "length": 321.567352295, "replay_gain": -10.0442581177, "lossless": false}, "version": {"essentia_build_sha": "70f2e5ece6736b2c40cc944ad0e695b16b925413", "essentia": "2.1-beta2", "extractor": "music 1.0", "essentia_git_sha": "v2.1_beta2"}, "tags": {"title": ["Last Year's War [w/ Blue Spruce] (live)"], "artist": ["Sarah Slean"], "date": ["2006"], "genre": ["Adult Contemporary"], "length": ["322"], "album": ["Pilgrim [DNA] studio)"], "tracknumber": ["5"], "discnumber": ["1"], "musicbrainz_recordingid": ["0b6ba050-4003-4c65-a6b9-a4a4bbd8067e"], "file_name": "2211269.mp3"}}, "rhythm": {"bpm_histogram_first_peak_bpm": {"dmean2": 0, "median": 161, "min": 161, "dvar2": 0, "dvar": 0, "dmean": 0, "max": 161, "var": 0, "mean": 161}, "bpm": 163.550369263, "bpm_histogram_second_peak_spread": {"dmean2": 0, "median": 0, "min": 0, "dvar2": 0, "dvar": 0, "dmean": 0, "max": 0, "var": 0, "mean": 0}, "bpm_histogram_first_peak_weight": {"dmean2": 0, "median": 0.263420730829, "min": 0.263420730829, "dvar2": 0, "dvar": 0, "dmean": 0, "max": 0.263420730829, "var": 0, "mean": 0.263420730829}, "onset_rate": 1.81289696693, "beats_position": [0.510838985443, 1.02167797089, 1.53251695633, 2.04335594177, 2.55419492722, 3.06503391266, 3.5758728981, 4.08671188354, 4.59755086899, 5.10838985443, 5.61922883987, 6.13006782532, 6.64090681076, 7.16335582733, 7.74385452271, 8.32435321808, 8.90485286713, 9.4853515625, 10.0658502579, 10.6347389221, 11.2152376175, 11.7957363129, 12.3762359619, 12.9683446884, 13.5140132904, 14.0596818924, 14.6053514481, 15.1858501434, 15.7547388077, 16.3236274719, 16.8925170898, 17.4614048004, 18.0186843872, 18.5991840363, 19.1680717468, 19.7253513336, 20.2710208893, 20.8631286621, 21.4552383423, 22.035736084, 22.5465755463, 23.0574150085, 23.5682544708, 24.102312088, 24.6479816437, 25.1820411682, 25.7160987854, 26.2617683411, 26.9003162384, 27.5388660431, 28.1774139404, 28.8159637451, 29.4429016113, 30.081451416, 30.7199993134, 31.2308387756, 31.7300682068, 32.2292976379, 32.6936950684, 33.146484375, 33.6108856201, 34.0636711121, 34.5280723572, 35.0040817261, 35.4568710327, 35.9328804016, 36.4088897705, 36.8848991394, 37.3609046936, 37.8369140625, 38.3129234314, 38.7541046143, 39.1720619202, 39.6016311646, 40.0312004089, 40.4607696533, 40.8787307739, 41.3083000183, 41.7843093872, 42.2603149414, 42.7479362488, 43.2007255554, 43.6419029236, 44.0946922302, 44.5358734131, 44.9306106567, 45.3253517151, 45.7200889587, 46.1264381409, 46.532787323, 46.9391365051, 47.3454856873, 47.7634468079, 48.1814041138, 48.6109733582, 49.0289344788, 49.4701118469, 49.8880729675, 50.2944221497, 50.7123794556, 51.1187286377, 51.5250778198, 51.9430389404, 52.3377761841, 52.7325172424, 53.1156463623, 53.4987754822, 53.8819046021, 54.2650337219, 54.6597709656, 55.0545120239, 55.4492492676, 55.8439903259, 56.2271194458, 56.6102485657, 57.0049858093, 57.3997268677, 57.8060760498, 58.1892051697, 58.5723342896, 58.9554634094, 59.3385925293, 59.7101135254, 60.0932426453, 60.4647598267, 60.8362808228, 61.2077980042, 61.590927124, 61.9624481201, 62.34557724, 62.7287063599, 63.100227356, 63.4717445374, 63.8432655334, 64.2147827148, 64.5863037109, 64.9694290161, 65.3293380737, 65.6892471313, 66.0607681274, 66.4322891235, 66.7921981812, 67.1521072388, 67.5120162964, 67.871925354, 68.2318344116, 68.6033554077, 68.9632644653, 69.3231735229, 69.6830825806, 70.0313796997, 70.3680725098, 70.7163696289, 71.064666748, 71.4245758057, 71.7844848633, 72.1444015503, 72.5043106079, 72.8642196655, 73.2125167847, 73.5608139038, 73.9091110229, 74.2690200806, 74.6173248291, 74.9772338867, 75.3487548828, 75.7202682495, 76.0917892456, 76.4516983032, 76.8116073608, 77.1831283569, 77.5314254761, 77.8913345337, 78.2512435913, 78.6111526489, 78.9710617065, 79.3425827026, 79.7024917603, 80.0624008179, 80.4223098755, 80.7938308716, 81.1769561768, 81.5600891113, 81.9432220459, 82.3263473511, 82.7094802856, 83.0693893433, 83.4292984009, 83.7892074585, 84.1491165161, 84.5090255737, 84.9037628174, 85.298500061, 85.6932373047, 86.0763702393, 86.4478912354, 86.8194122314, 87.1909255981, 87.5624465942, 87.9571838379, 88.3403167725, 88.7234420776, 89.1065750122, 89.4780960083, 89.849609375, 90.2211303711, 90.5926513672, 90.9525604248, 91.3240814209, 91.695602417, 92.0671157837, 92.4270248413, 92.7985458374, 93.1700668335, 93.5299758911, 93.9014968872, 94.2730178833, 94.6329269409, 94.9928359985, 95.3527450562, 95.7126541138, 96.0725631714, 96.432472229, 96.8039855957, 97.1638946533, 97.5354156494, 97.918548584, 98.2900695801, 98.6615829468, 99.0447158813, 99.439453125, 99.8225860596, 100.194099426, 100.565620422, 100.937141418, 101.297050476, 101.656959534, 102.051696777, 102.458045959, 102.852790833, 103.235916138, 103.607437134, 103.97895813, 104.350471497, 104.721992493, 105.105125427, 105.488250732, 105.859771729, 106.219680786, 106.579589844, 106.962722778, 107.357460022, 107.740585327, 108.1353302, 108.530067444, 108.913192749, 109.273101807, 109.644622803, 110.00453186, 110.364440918, 110.724349976, 111.095870972, 111.479003906, 111.850517273, 112.222038269, 112.593559265, 112.965080261, 113.336593628, 113.708114624, 114.091247559, 114.485984802, 114.869110107, 115.240631104, 115.6121521, 115.983673096, 116.355194092, 116.726707458, 117.109840393, 117.481361389, 117.864486694, 118.247619629, 118.630744934, 119.00226593, 119.373786926, 119.745300293, 120.116821289, 120.488342285, 120.848251343, 121.2081604, 121.55645752, 121.916366577, 122.253059387, 122.624580383, 122.99609375, 123.379226685, 123.762359619, 124.133872986, 124.505393982, 124.876914978, 125.236824036, 125.596733093, 125.968254089, 126.351379395, 126.722900391, 127.082809448, 127.454330444, 127.82585144, 128.185760498, 128.545669556, 128.917190552, 129.288711548, 129.671829224, 130.054962158, 130.426483154, 130.809616089, 131.192733765, 131.564254761, 131.935775757, 132.318908691, 132.702041626, 133.085174561, 133.468292236, 133.851425171, 134.234558105, 134.606079102, 134.989196777, 135.372329712, 135.73223877, 136.103759766, 136.463668823, 136.835189819, 137.195098877, 137.578231812, 137.949752808, 138.321273804, 138.692779541, 139.064300537, 139.435821533, 139.784118652, 140.14402771, 140.503936768, 140.863845825, 141.235366821, 141.595275879, 141.966796875, 142.338317871, 142.698226929, 143.058135986, 143.429656982, 143.78956604, 144.149475098, 144.520996094, 144.880905151, 145.240814209, 145.600723267, 145.960632324, 146.33215332, 146.703674316, 147.121627808, 147.516372681, 147.911102295, 148.305847168, 148.688980103, 149.072113037, 149.466842651, 149.861587524, 150.244720459, 150.627838135, 150.999359131, 151.382492065, 151.765625, 152.160354614, 152.543487549, 152.926620483, 153.298141479, 153.681274414, 154.06439209, 154.447525024, 154.877090454, 155.295059204, 155.713012695, 156.130966187, 156.572158813, 157.013336182, 157.45451355, 157.884078979, 158.313644409, 158.731613159, 159.091522217, 159.451431274, 159.811340332, 160.182861328, 160.542770386, 160.914276123, 161.285797119, 161.657318115, 162.028839111, 162.400360107, 162.783493042, 163.166610718, 163.549743652, 163.90965271, 164.257949829, 164.617858887, 164.977767944, 165.337677002, 165.69758606, 166.057495117, 166.440628052, 166.823760986, 167.218505859, 167.601623535, 168.007980347, 168.40272522, 168.785842896, 169.16897583, 169.59854126, 170.039718628, 170.469299316, 170.898864746, 171.316818237, 171.746398926, 172.152740479, 172.57069397, 172.98866272, 173.418228149, 173.836181641, 174.219314575, 174.60244751, 174.985580444, 175.35710144, 175.728607178, 176.100128174, 176.47164917, 176.854782104, 177.237915039, 177.609436035, 177.980941772, 178.32925415, 178.689163208, 179.049072266, 179.408981323, 179.768890381, 180.1171875, 180.477096558, 180.837005615, 181.185302734, 181.533599854, 181.881896973, 182.253417969, 182.613327026, 182.973236084, 183.333145142, 183.681442261, 184.041351318, 184.401260376, 184.749572754, 185.086257935, 185.446166992, 185.80607605, 186.177597046, 186.549118042, 186.920639038, 187.292144775, 187.663665771, 188.046798706, 188.429931641, 188.789840698, 189.161361694, 189.521270752, 189.869567871, 190.229476929, 190.589385986, 190.937683105, 191.309204102, 191.669113159, 192.029022217, 192.377319336, 192.725616455, 193.073913574, 193.433822632, 193.793731689, 194.153640747, 194.513549805, 194.861862183, 195.210159302, 195.558456421, 195.929977417, 196.278274536, 196.638183594, 196.998092651, 197.358001709, 197.717910767, 198.089431763, 198.460952759, 198.844070435, 199.250427246, 199.656768799, 200.06312561, 200.457870483, 200.852600098, 201.247344971, 201.642089844, 202.036819458, 202.419952393, 202.803085327, 203.186203003, 203.569335938, 203.940856934, 204.31237793, 204.683898926, 205.055419922, 205.426940918, 205.810058594, 206.193191528, 206.645980835, 207.087158203, 207.528335571, 207.969512939, 208.399093628, 208.817047119, 209.246612549, 209.687789917, 210.117370605, 210.570159912, 211.01133728, 211.44090271, 211.847259521, 212.253601074, 212.648345947, 213.031463623, 213.414596558, 213.797729492, 214.180862427, 214.552383423, 214.92388916, 215.283798218, 215.655319214, 216.015228271, 216.386749268, 216.746658325, 217.12979126, 217.501312256, 217.872833252, 218.255966187, 218.650695801, 219.045440674, 219.428573608, 219.811691284, 220.18321228, 220.566345215, 220.937866211, 221.309387207, 221.680908203, 222.052429199, 222.412338257, 222.772247314, 223.143753052, 223.515274048, 223.886795044, 224.246704102, 224.606613159, 224.966522217, 225.338043213, 225.721176147, 226.092697144, 226.475830078, 226.858947754, 227.23046875, 227.601989746, 227.950286865, 228.298583984, 228.646896362, 229.0184021, 229.401535034, 229.784667969, 230.156188965, 230.516098022, 230.87600708, 231.247528076, 231.619049072, 231.990570068, 232.362075806, 232.721984863, 233.093505859, 233.476638794, 233.84815979, 234.219680786, 234.591201782, 234.962722778, 235.345840454, 235.728973389, 236.112106323, 236.495239258, 236.889968872, 237.261489868, 237.633010864, 238.00453186, 238.376052856, 238.747573853, 239.119094849, 239.502212524, 239.885345459, 240.268478394, 240.651611328, 241.034729004, 241.429473877, 241.82421875, 242.218948364, 242.613693237, 243.00843811, 243.391555786, 243.786300659, 244.181045532, 244.587387085, 244.982131958, 245.434921265, 245.887710571, 246.340499878, 246.793289185, 247.234466553, 247.675643921, 248.116821289, 248.546386719, 248.987564087, 249.428741455, 249.81187439, 250.206619263, 250.589752197, 250.984481812, 251.367614746, 251.762359619, 252.157089233, 252.551834106, 252.934967041, 253.318084717, 253.689605713, 254.084350586, 254.455871582, 254.827392578, 255.187301636, 255.558822632, 255.930328369, 256.301849365, 256.684997559, 257.056488037, 257.428009033, 257.811157227, 258.182678223, 258.554199219, 258.925720215, 259.297241211, 259.668762207, 260.051879883, 260.423400879, 260.794921875, 261.166442871, 261.52633667, 261.897857666, 262.269378662, 262.652526855, 263.024017334, 263.39553833, 263.755462646, 264.126983643, 264.498504639, 264.870025635, 265.253143311, 265.636291504, 266.01940918, 266.390930176, 266.750823975, 267.122344971, 267.482269287, 267.842163086, 268.213684082, 268.585205078, 268.956726074, 269.33984375, 269.722991943, 270.117736816, 270.500854492, 270.883972168, 271.267120361, 271.650238037, 272.021759033, 272.404907227, 272.788024902, 273.171142578, 273.577514648, 273.983856201, 274.390197754, 274.808166504, 275.237731934, 275.644073486, 276.050415039, 276.526428223, 277.002441406, 277.47845459, 277.966064453, 278.430480957, 278.906494141, 279.382476807, 279.85848999, 280.346130371, 280.822113037, 281.298126221, 281.774139404, 282.238555908, 282.598449707, 282.958374023, 283.32989502, 283.701385498, 284.119354248, 284.525695801, 284.932067871, 285.326782227, 285.7215271, 286.104675293, 286.487792969, 286.859313965, 287.254058838, 287.625579834, 287.99710083, 288.368621826, 288.740142822, 289.111663818, 289.471557617, 289.854675293, 290.261047363, 290.667388916, 291.062133789, 291.433654785, 291.805175781, 292.188293457, 292.548217773, 292.919708252, 293.291229248, 293.674377441, 294.045898438, 294.405792236, 294.777313232, 295.148834229, 295.508758545, 295.868652344, 296.251800537, 296.634918213, 297.018035889, 297.389556885, 297.761077881, 298.132598877, 298.504119873, 298.887237549, 299.270385742, 299.653503418, 300.025024414, 300.39654541, 300.756469727, 301.116363525, 301.476287842, 301.836181641, 302.207702637, 302.590820312, 302.962341309, 303.345489502, 303.728607178, 304.111755371, 304.494873047, 304.9012146, 305.307556152, 305.713928223, 306.155090332, 306.596282959, 307.025848389, 307.467010498, 307.908203125, 308.337768555, 308.755737305, 309.231750488, 309.707763672, 310.183746338, 310.706207275, 311.228668213, 311.751098633, 312.261932373, 312.784393311, 313.306854248, 313.829284668, 314.351745605, 314.885803223, 315.408233643, 315.93069458, 316.44152832, 316.963989258, 317.486419678, 318.008880615, 318.473297119, 318.937683105, 319.402069092, 319.878082275, 320.354095459, 320.830108643], "beats_loudness": {"dmean2": 0.0228926036507, "median": 0.0162427034229, "min": 9.45684017206e-11, "dvar2": 0.000647835200652, "dvar": 0.000262918358203, "dmean": 0.0136477127671, "max": 0.147910699248, "var": 0.000506129988935, "mean": 0.0229354463518}, "danceability": 0.850435316563, "bpm_histogram_second_peak_weight": {"dmean2": 0, "median": 0.171036198735, "min": 0.171036198735, "dvar2": 0, "dvar": 0, "dmean": 0, "max": 0.171036198735, "var": 0, "mean": 0.171036198735}, "beats_count": 802, "bpm_histogram_second_peak_bpm": {"dmean2": 0, "median": 167, "min": 167, "dvar2": 0, "dvar": 0, "dmean": 0, "max": 167, "var": 0, "mean": 167}, "bpm_histogram_first_peak_spread": {"dmean2": 0, "median": 0.417127072811, "min": 0.417127072811, "dvar2": 0, "dvar": 0, "dmean": 0, "max": 0.417127072811, "var": 0, "mean": 0.417127072811}, "beats_loudness_band_ratio": {"dmean2": [0.205630496144, 0.27514308691, 0.317683130503, 0.205464184284, 0.0541136786342, 0.0342088453472], "median": [0.108054935932, 0.279175400734, 0.288631796837, 0.0808776766062, 0.016446556896, 0.00226491689682], "min": [0, 0, 0, 0, 0, 0], "dvar2": [0.0433802828193, 0.062561199069, 0.0727591067553, 0.0589298903942, 0.0072750733234, 0.0181797482073], "dvar": [0.0178877823055, 0.0245066992939, 0.0277784653008, 0.0236490424722, 0.00277617387474, 0.00612018350512], "dmean": [0.125078096986, 0.163068413734, 0.186858743429, 0.122070595622, 0.0307987462729, 0.0178674031049], "max": [0.897263228893, 0.975986719131, 0.979326248169, 0.90097796917, 0.500284254551, 0.857009470463], "var": [0.0335742756724, 0.0655771866441, 0.0550807230175, 0.0439007543027, 0.00244920910336, 0.00322822318412], "mean": [0.17453353107, 0.338015675545, 0.332545608282, 0.174213647842, 0.0322397537529, 0.0117719909176]}}, "lowlevel": {"barkbands_spread": {"dmean2": 2.8302693367, "median": 6.87331104279, "min": 0.390616953373, "dvar2": 21.6537723541, "dvar": 11.6674747467, "dmean": 1.90699732304, "max": 115.233810425, "var": 73.5003509521, "mean": 8.64503669739}, "melbands_spread": {"dmean2": 3.81085753441, "median": 9.59064865112, "min": 0.519482076168, "dvar2": 40.1713523865, "dvar": 19.3870220184, "dmean": 2.51647257805, "max": 187.747955322, "var": 175.217529297, "mean": 12.227850914}, "hfc": {"dmean2": 4.76347160339, "median": 7.31200361252, "min": 1.20230741739e-16, "dvar2": 82.7139663696, "dvar": 38.7151947021, "dmean": 3.28617501259, "max": 186.511520386, "var": 304.538879395, "mean": 13.0751333237}, "barkbands_kurtosis": {"dmean2": 5.1627869606, "median": 3.71594715118, "min": -1.91177117825, "dvar2": 107.518493652, "dvar": 44.6913223267, "dmean": 3.32518625259, "max": 161.800765991, "var": 152.922790527, "mean": 7.42429494858}, "gfcc": {"mean": [-117.562355042, 144.712738037, -115.707298279, -11.7713279724, -60.7988090515, -1.96003055573, -41.1835098267, -2.59578275681, -29.4631881714, 1.1739988327, -12.5592451096, -10.0881071091, -2.34848332405], "icov": [[0.000329839764163, -0.000796895590611, 0.000978000462055, -0.000441854004748, 0.000801461457741, -0.00088634918211, 0.000744621851481, -0.0008560604183, 0.000766860030126, -0.000420102442149, 0.000228701755987, -0.000250925833825, 8.71831725817e-05], [-0.000796895590611, 0.0034405272454, -0.00290732434951, 0.00159029022325, -0.00301927840337, 0.00288130715489, -0.00223569315858, 0.0033816723153, -0.00278885592707, 0.00255509908311, -0.00137557298876, 0.00200681458227, -0.00105694751255], [0.000978000462055, -0.00290732434951, 0.00434900028631, -0.00126246793661, 0.00273008458316, -0.00364125380293, 0.00245961756445, -0.00283462787047, 0.00252439687029, -0.00197836617008, 0.00215328042395, -0.0027898629196, 0.00167006626725], [-0.000441854004748, 0.00159029022325, -0.00126246793661, 0.00286289653741, -0.00122848001774, 0.000924063730054, -0.00116352958139, 0.00122241373174, -0.0019273578655, 0.00108730467036, 7.60385082685e-05, -0.000306593428832, 0.000100517143437], [0.000801461457741, -0.00301927840337, 0.00273008458316, -0.00122848001774, 0.00620529754087, -0.00273099727929, 0.0010965798283, -0.00260896072723, 0.00105829606764, -0.000617426994722, -0.000395987241063, -0.00150128419045, 0.000367703236407], [-0.00088634918211, 0.00288130715489, -0.00364125380293, 0.000924063730054, -0.00273099727929, 0.0076448014006, -0.00347559340298, 0.00179892161395, -0.000985138583928, 2.06336590054e-05, -0.00121976458468, 0.00261619500816, -0.00126137130428], [0.000744621851481, -0.00223569315858, 0.00245961756445, -0.00116352958139, 0.0010965798283, -0.00347559340298, 0.00618777424097, -0.00126631266903, 0.00180318020284, -0.000909024325665, 0.00114451686386, 0.000430728978245, 0.00027632137062], [-0.0008560604183, 0.0033816723153, -0.00283462787047, 0.00122241373174, -0.00260896072723, 0.00179892161395, -0.00126631266903, 0.00743370037526, -0.00250316946767, 0.00260360585526, -0.00129959650803, 0.00203312234953, -0.00119198171888], [0.000766860030126, -0.00278885592707, 0.00252439687029, -0.0019273578655, 0.00105829606764, -0.000985138583928, 0.00180318020284, -0.00250316946767, 0.00876873452216, -0.00236712419428, 0.00208611018024, -0.00218430371024, 0.00184537633322], [-0.000420102442149, 0.00255509908311, -0.00197836617008, 0.00108730467036, -0.000617426994722, 2.06336590054e-05, -0.000909024325665, 0.00260360585526, -0.00236712419428, 0.0115011790767, -0.00314367865212, 0.00378658389673, -0.000246022362262], [0.000228701755987, -0.00137557298876, 0.00215328042395, 7.60385082685e-05, -0.000395987241063, -0.00121976458468, 0.00114451686386, -0.00129959650803, 0.00208611018024, -0.00314367865212, 0.0106063680723, -0.00370244542137, 0.00271347071975], [-0.000250925833825, 0.00200681458227, -0.0027898629196, -0.000306593428832, -0.00150128419045, 0.00261619500816, 0.000430728978245, 0.00203312234953, -0.00218430371024, 0.00378658389673, -0.00370244542137, 0.0123089086264, -0.00435778452083], [8.71831725817e-05, -0.00105694751255, 0.00167006626725, 0.000100517143437, 0.000367703236407, -0.00126137130428, 0.00027632137062, -0.00119198171888, 0.00184537633322, -0.000246022362262, 0.00271347071975, -0.00435778452083, 0.0115288868546]], "cov": [[15104.9003906, -282.533416748, -2465.4519043, 302.852783203, -523.38293457, 282.251312256, -392.911315918, 549.286987305, -468.191589355, 56.1424827576, 183.025222778, -364.239715576, 223.541397095], [-282.533416748, 2411.67797852, 114.339759827, -362.792297363, 615.930969238, -334.291381836, 265.579620361, -483.137023926, 285.372619629, -250.520782471, 53.0866279602, -11.2616968155, 29.5224609375], [-2465.4519043, 114.339759827, 1156.20007324, 12.9631280899, -49.9702949524, 132.058944702, -26.187040329, -9.41288375854, 13.166847229, 19.1508274078, -95.4360961914, 107.840293884, -61.2504501343], [302.852783203, -362.792297363, 12.9631280899, 554.152404785, -53.2903289795, 45.193145752, -26.0266609192, 70.4630661011, 35.310295105, 2.80833005905, -32.9734611511, 48.1115531921, -7.35213756561], [-523.38293457, 615.930969238, -49.9702949524, -53.2903289795, 431.140655518, -64.9302978516, 111.119606018, -97.2511520386, 104.301490784, -75.9937973022, 45.5701713562, 14.274228096, 10.9088430405], [282.251312256, -334.291381836, 132.058944702, 45.193145752, -64.9302978516, 333.547546387, 61.2697219849, 87.626663208, -88.3904876709, 78.8662643433, -11.4920988083, -49.8008422852, -6.43822050095], [-392.911315918, 265.579620361, -26.187040329, -26.0266609192, 111.119606018, 61.2697219849, 309.069946289, -73.1797714233, 15.809636116, -9.76279067993, -6.75525522232, -52.8848342896, -1.61374521255], [549.286987305, -483.137023926, -9.41288375854, 70.4630661011, -97.2511520386, 87.626663208, -73.1797714233, 308.892913818, -52.7662773132, 27.8243942261, -6.3680973053, -6.8488368988, 6.63173055649], [-468.191589355, 285.372619629, 13.166847229, 35.310295105, 104.301490784, -88.3904876709, 15.809636116, -52.7662773132, 212.268875122, -30.3594284058, -7.98932409286, 27.1774024963, -13.8157062531], [56.1424827576, -250.520782471, 19.1508274078, 2.80833005905, -75.9937973022, 78.8662643433, -9.76279067993, 27.8243942261, -30.3594284058, 146.052963257, 14.8321504593, -37.4202957153, -21.6864051819], [183.025222778, 53.0866279602, -95.4360961914, -32.9734611511, 45.5701713562, -11.4920988083, -6.75525522232, -6.3680973053, -7.98932409286, 14.8321504593, 129.70451355, 11.3107385635, -10.2691078186], [-364.239715576, -11.2616968155, 107.840293884, 48.1115531921, 14.274228096, -49.8008422852, -52.8848342896, -6.8488368988, 27.1774024963, -37.4202957153, 11.3107385635, 146.171905518, 27.7767601013], [223.541397095, 29.5224609375, -61.2504501343, -7.35213756561, 10.9088430405, -6.43822050095, -1.61374521255, 6.63173055649, -13.8157062531, -21.6864051819, -10.2691078186, 27.7767601013, 111.028457642]]}, "spectral_energyband_middle_low": {"dmean2": 0.00521628651768, "median": 0.00749305868521, "min": 2.83675542721e-22, "dvar2": 9.40528261708e-05, "dvar": 4.40534277004e-05, "dmean": 0.00356222549453, "max": 0.171176075935, "var": 0.000234723847825, "mean": 0.0123653765768}, "melbands_crest": {"dmean2": 3.97941470146, "median": 14.3462133408, "min": 1.61693751812, "dvar2": 14.8385725021, "dvar": 6.02931022644, "dmean": 2.56484866142, "max": 35.382019043, "var": 37.2676887512, "mean": 15.600151062}, "spectral_kurtosis": {"dmean2": 10.8269958496, "median": 13.1793518066, "min": -1.22260677814, "dvar2": 281.728973389, "dvar": 97.7392196655, "dmean": 6.34144687653, "max": 210.942993164, "var": 658.449157715, "mean": 21.7568454742}, "spectral_rms": {"dmean2": 0.000677845848259, "median": 0.00360461859964, "min": 3.23859624014e-12, "dvar2": 7.04652620698e-07, "dvar": 3.26096369463e-07, "dmean": 0.000465289864223, "max": 0.0143056018278, "var": 4.82535324409e-06, "mean": 0.00377954402938}, "zerocrossingrate": {"dmean2": 0.00458715716377, "median": 0.03076171875, "min": 0.0048828125, "dvar2": 4.45459554612e-05, "dvar": 4.45201148978e-05, "dmean": 0.0037906053476, "max": 0.52978515625, "var": 0.00193474674597, "mean": 0.0370592437685}, "silence_rate_60dB": {"dmean2": 0.0447718091309, "median": 0, "min": 0, "dvar2": 0.049995046109, "dvar": 0.0218828693032, "dmean": 0.0223842877895, "max": 1, "var": 0.164323821664, "mean": 0.207292422652}, "erbbands_kurtosis": {"dmean2": 3.51103138924, "median": 1.71789073944, "min": -1.835719347, "dvar2": 34.7426223755, "dvar": 15.1944179535, "dmean": 2.29416823387, "max": 100.719665527, "var": 62.32371521, "mean": 4.32661867142}, "erbbands": {"dmean2": [0.00232340535149, 0.0729818195105, 0.480608135462, 0.936938047409, 1.24662351608, 3.53594779968, 11.0089321136, 17.322971344, 14.563536644, 18.3438911438, 20.4509143829, 39.0973892212, 32.5801849365, 33.1753730774, 53.8426399231, 23.4187068939, 7.33959293365, 19.3457584381, 20.0829257965, 5.04532003403, 3.44980072975, 2.06111478806, 1.47421145439, 1.61520063877, 1.34716463089, 0.647055387497, 0.71912509203, 0.464863181114, 0.256679952145, 0.144491940737, 0.126519992948, 0.0696122422814, 0.053850248456, 0.0819031074643, 0.0246827565134, 0.00623453687876, 0.0011421602685, 0.000166886369698, 7.42359225114e-06, 7.99122335593e-06], "median": [0.00090375484433, 0.0330750346184, 0.357373297215, 0.821983098984, 1.05286979675, 2.74548912048, 6.31471824646, 8.66045856476, 11.8327941895, 8.24407196045, 5.93373727798, 5.0055437088, 5.89656925201, 7.53844070435, 8.63090324402, 3.74527978897, 3.19653320312, 3.73542547226, 3.81440114975, 1.95236885548, 1.32419705391, 0.849183559418, 0.487551361322, 0.559457659721, 0.361658275127, 0.256609767675, 0.29046612978, 0.14423507452, 0.0426617488265, 0.0183980613947, 0.0205299351364, 0.0251207500696, 0.0240855515003, 0.0355374440551, 0.0117069371045, 0.00240199407563, 0.00058313406771, 7.65123404562e-05, 1.18400184874e-05, 1.57480917551e-05], "min": [2.70961881719e-22, 2.54996679954e-21, 9.36162789168e-21, 5.61286118834e-20, 2.66043321606e-20, 1.0209995637e-19, 3.55585015454e-19, 7.70055260956e-19, 6.23163493803e-19, 3.01699807864e-19, 3.85762658001e-19, 2.53496054123e-18, 1.65130272479e-18, 1.20829580798e-18, 1.88930698885e-18, 6.62836327092e-18, 2.83648607248e-18, 2.70655977969e-18, 6.11170005646e-18, 5.51902556116e-18, 8.21338980349e-18, 7.75629227854e-18, 8.76196275085e-18, 1.37841699876e-17, 2.31568898156e-17, 1.64307666175e-17, 1.81143951471e-17, 1.63210493811e-17, 1.72188430938e-17, 1.91500914484e-17, 2.49402448941e-17, 1.78196425707e-17, 2.02182843673e-17, 1.28134801562e-17, 1.06408067321e-17, 4.64745099231e-18, 3.0884866461e-18, 1.41867865023e-18, 3.06570040516e-19, 3.16630295136e-20], "dvar2": [5.4029875173e-05, 0.0329426936805, 1.08918464184, 4.16791582108, 7.7902598381, 60.0201148987, 878.069763184, 1790.99389648, 1547.97839355, 4637.46972656, 5069.90087891, 29925.5996094, 28866.9667969, 19626.0683594, 47799.2226562, 10160.9638672, 594.274658203, 7368.47119141, 5267.265625, 253.381011963, 176.984817505, 65.8839111328, 46.049495697, 41.0892829895, 17.4280281067, 11.1225671768, 14.5531244278, 8.21492004395, 3.96632218361, 1.40269708633, 0.674626410007, 0.12543424964, 0.0949666649103, 0.0819003134966, 0.0126871662214, 0.00122777640354, 5.17535227118e-05, 6.31939940376e-07, 4.02284150436e-10, 1.76688094711e-10], "dvar": [3.11997791869e-05, 0.0171511359513, 0.462873607874, 1.68084037304, 2.61756777763, 21.6208629608, 374.597839355, 719.051391602, 747.224304199, 2232.63720703, 2420.6472168, 12511.6630859, 17137.359375, 7774.62597656, 23389.1425781, 4193.92919922, 270.28527832, 3458.16625977, 2281.40039062, 104.399963379, 80.6984634399, 31.7016563416, 21.039888382, 17.7883529663, 6.83831596375, 5.94319820404, 7.54129457474, 3.53269386292, 1.99409008026, 0.721370100975, 0.328655421734, 0.0639045611024, 0.0492734611034, 0.0436953231692, 0.00769430864602, 0.000808565702755, 2.52504305536e-05, 2.84790587557e-07, 1.90532825628e-10, 8.16999939923e-11], "dmean": [0.00167669868097, 0.0504513531923, 0.323505461216, 0.618179500103, 0.757264196873, 2.15689945221, 7.26450252533, 11.0811872482, 10.4363574982, 12.5746049881, 14.2192869186, 26.3065414429, 23.7775096893, 22.2997932434, 37.8657264709, 15.7586717606, 4.95280408859, 12.5470237732, 13.0134963989, 3.20056247711, 2.21176624298, 1.34074151516, 0.961572766304, 1.04460740089, 0.850237607956, 0.426969319582, 0.471228331327, 0.311556637287, 0.18792720139, 0.107402741909, 0.0887217968702, 0.0487214885652, 0.0378884039819, 0.0546819716692, 0.0178246106952, 0.00461533665657, 0.000783579889685, 0.000108415777504, 4.91431137561e-06, 5.45821194464e-06], "max": [0.239012137055, 4.98478317261, 19.8679466248, 34.6264533997, 36.2467651367, 211.432144165, 519.399108887, 827.042785645, 728.300476074, 1826.22607422, 1398.26403809, 3682.70727539, 6210.24462891, 2889.75341797, 6045.68847656, 2059.8984375, 1179.95324707, 3775.32324219, 1796.31945801, 363.122955322, 586.315246582, 455.663085938, 193.423233032, 276.133758545, 67.1940383911, 205.770187378, 214.511199951, 151.193618774, 110.561515808, 73.3942108154, 41.3461036682, 11.0547199249, 14.8841648102, 12.3196001053, 7.8888669014, 2.64281535149, 0.491870939732, 0.0493341349065, 0.00104780145921, 0.000247325951932], "var": [0.000258236832451, 0.10106959939, 4.00910615921, 6.78374624252, 9.50635242462, 79.7708587646, 1156.03430176, 2381.59838867, 3268.21679688, 6926.11279297, 7456.35009766, 56071.3945312, 98449.1796875, 30531.0839844, 168132.5625, 14696.1513672, 1014.00909424, 11828.0996094, 7229.88476562, 309.25201416, 302.619934082, 89.5825576782, 60.6806678772, 93.1781082153, 22.9458217621, 18.4504966736, 16.5325908661, 9.38262939453, 9.35728740692, 3.53373336792, 1.38202178478, 0.184567525983, 0.122668929398, 0.148193642497, 0.03346645087, 0.00256230891682, 4.03200283472e-05, 4.74426485653e-07, 5.34601696245e-10, 6.09765515858e-10], "mean": [0.00528489146382, 0.146476835012, 1.11586940289, 1.78042840958, 2.1643178463, 5.69868564606, 17.3226718903, 26.5287456512, 33.9476547241, 30.0802936554, 32.6847229004, 65.6592712402, 61.5886039734, 55.8309326172, 105.988792419, 37.0871353149, 12.1372966766, 28.1906337738, 27.1913757324, 7.30450773239, 5.15545988083, 3.12052941322, 2.3436627388, 2.56044149399, 1.92321622372, 0.980524718761, 1.00953412056, 0.685117959976, 0.416276216507, 0.245336547494, 0.202167987823, 0.110588461161, 0.0939513668418, 0.146874979138, 0.0466514825821, 0.0115661565214, 0.00193706003483, 0.000276724167634, 1.79825146915e-05, 2.29709094128e-05]}, "spectral_strongpeak": {"dmean2": 0.859661519527, "median": 0.995355725288, "min": 0, "dvar2": 1.74837052822, "dvar": 0.743888318539, "dmean": 0.547179818153, "max": 17.4187545776, "var": 4.52802085876, "mean": 1.77475106716}, "spectral_energy": {"dmean2": 0.0069261752069, "median": 0.0133181065321, "min": 1.07507177873e-20, "dvar2": 0.00013220863184, "dvar": 6.10268361925e-05, "dmean": 0.00472554890439, "max": 0.209766507149, "var": 0.000445709447376, "mean": 0.0195881165564}, "average_loudness": 0.291215181351, "spectral_rolloff": {"dmean2": 233.511550903, "median": 710.595703125, "min": 107.666015625, "dvar2": 367100.40625, "dvar": 186054.828125, "dmean": 135.651657104, "max": 19573.6816406, "var": 2713388.25, "mean": 969.09161377}, "spectral_centroid": {"dmean2": 116.995826721, "median": 638.744873047, "min": 184.659103394, "dvar2": 41527.3125, "dvar": 24167.8085938, "dmean": 79.5279922485, "max": 11316.4199219, "var": 213869.125, "mean": 720.417114258}, "pitch_salience": {"dmean2": 0.0853900536895, "median": 0.515159904957, "min": 0.0724915415049, "dvar2": 0.00619435915723, "dvar": 0.00257126032375, "dmean": 0.0545882247388, "max": 0.849347531796, "var": 0.0157801304013, "mean": 0.506500720978}, "spectral_energyband_middle_high": {"dmean2": 0.00274124159478, "median": 0.00143909198232, "min": 1.45525020827e-21, "dvar2": 5.06953983859e-05, "dvar": 2.30419918807e-05, "dmean": 0.00188663729932, "max": 0.146783307195, "var": 0.000150299951201, "mean": 0.00594987673685}, "spectral_contrast_coeffs": {"dmean2": [0.0670611858368, 0.0604714751244, 0.0493278242648, 0.0410299226642, 0.0281521007419, 0.0215956792235], "median": [-0.591756105423, -0.655870556831, -0.716905117035, -0.746170163155, -0.774212479591, -0.787380337715], "min": [-0.967625379562, -0.966257691383, -0.9760658741, -0.959674060345, -0.962991654873, -0.958714127541], "dvar2": [0.00301644182764, 0.00289484043606, 0.00175435899291, 0.00118147116154, 0.000542407447938, 0.000347754714312], "dvar": [0.00108529021963, 0.00116335088387, 0.00073288846761, 0.000479976384668, 0.000232968712226, 0.000141395692481], "dmean": [0.0402127020061, 0.0376733094454, 0.0311745107174, 0.0254112072289, 0.0173802729696, 0.0133605794981], "max": [-0.323688298464, -0.284663558006, -0.330573529005, -0.468996912241, -0.567831516266, -0.589415431023], "var": [0.00604015029967, 0.00798126682639, 0.0106907002628, 0.00478635821491, 0.00344720762223, 0.00229615764692], "mean": [-0.593434393406, -0.651116669178, -0.695333659649, -0.739186108112, -0.778608977795, -0.786661982536]}, "melbands_skewness": {"dmean2": 0.683894336224, "median": 1.52634906769, "min": -4.50374603271, "dvar2": 0.58954256773, "dvar": 0.256082445383, "dmean": 0.452764242887, "max": 11.7419157028, "var": 2.2704744339, "mean": 1.58753848076}, "spectral_spread": {"dmean2": 499556.90625, "median": 2790552.5, "min": 434567.71875, "dvar2": 362794057728, "dvar": 221072031744, "dmean": 323099.34375, "max": 41717344, "var": 2579956498430.0, "mean": 3017094}, "dissonance": {"dmean2": 0.0568868592381, "median": 0.421095639467, "min": 0.115173354745, "dvar2": 0.00308335572481, "dvar": 0.00111103802919, "dmean": 0.0335652790964, "max": 0.499999940395, "var": 0.00331331649795, "mean": 0.410264015198}, "spectral_skewness": {"dmean2": 0.750680029392, "median": 2.89485406876, "min": -0.13277721405, "dvar2": 0.857320606709, "dvar": 0.296973764896, "dmean": 0.448128283024, "max": 11.9974479675, "var": 2.52779507637, "mean": 3.28234577179}, "spectral_flux": {"dmean2": 0.0234212949872, "median": 0.0355945155025, "min": 1.0368567116e-10, "dvar2": 0.000861959473696, "dvar": 0.000331260060193, "dmean": 0.0141741968691, "max": 0.301297754049, "var": 0.00106922746636, "mean": 0.0426607988775}, "spectral_contrast_valleys": {"dmean2": [0.641117095947, 0.438511610031, 0.385392129421, 0.355466991663, 0.271439015865, 0.228648975492], "median": [-8.34853172302, -7.21275043488, -7.91349124908, -8.8026599884, -9.26949119568, -11.8036212921], "min": [-27.2824478149, -27.1292533875, -26.