{"tonal": {"thpcp": [1, 0.933252990246, 0.384528517723, 0.148070931435, 0.131050422788, 0.309953212738, 0.607827365398, 0.574845135212, 0.306594073772, 0.178381606936, 0.232213228941, 0.529693186283, 0.832465052605, 0.771236240864, 0.531180977821, 0.533845901489, 0.447712928057, 0.226704463363, 0.181859359145, 0.18279184401, 0.359486550093, 0.602956831455, 0.548873066902, 0.291017353535, 0.143280982971, 0.175965517759, 0.365836143494, 0.556895494461, 0.49571403861, 0.277852535248, 0.140472114086, 0.151598975062, 0.303609013557, 0.451435595751, 0.388216406107, 0.504423260689], "hpcp": {"dmean2": [0.170751914382, 0.152986332774, 0.10202524066, 0.0866689234972, 0.0946787819266, 0.13885524869, 0.183831810951, 0.165827319026, 0.124678619206, 0.0892635881901, 0.0974003598094, 0.133489817381, 0.173107400537, 0.157825365663, 0.105520263314, 0.0729861631989, 0.0749484449625, 0.108070589602, 0.128965198994, 0.136927217245, 0.175683170557, 0.230666980147, 0.224553510547, 0.155542582273, 0.0852147862315, 0.0781806260347, 0.121016003191, 0.179063796997, 0.174687847495, 0.139907792211, 0.116505384445, 0.133874028921, 0.205542743206, 0.253855705261, 0.247878804803, 0.195652410388], "median": [0.0129853710532, 0.00835115369409, 0.00782151147723, 0.00544189102948, 0.00788748729974, 0.0208568852395, 0.0501884818077, 0.0405176915228, 0.0122685208917, 0.00498470943421, 0.00493563292548, 0.0125670097768, 0.0278123430908, 0.0248661972582, 0.00856962427497, 0.00366599438712, 0.00333477882668, 0.00744904065505, 0.0142558934167, 0.0174221768975, 0.0391138158739, 0.101911686361, 0.0951316133142, 0.0210013259202, 0.00433394638821, 0.00421116454527, 0.0129097113386, 0.030282067135, 0.0318901799619, 0.013489372097, 0.00573321152478, 0.00728293741122, 0.0284428149462, 0.08908239007, 0.0735258236527, 0.0415845289826], "min": [0, 0, 0, 0, 0, 0, 0, 0, 0, 0, 0, 0, 0, 0, 0, 0, 0, 0, 0, 0, 0, 0, 0, 0, 0, 0, 0, 0, 0, 0, 0, 0, 0, 0, 0, 0], "dvar2": [0.0862803012133, 0.0832923278213, 0.0465628132224, 0.0482939183712, 0.0453851744533, 0.0630324035883, 0.0810788720846, 0.0710274279118, 0.0615281388164, 0.046320926398, 0.0567811615765, 0.0633484497666, 0.0770620405674, 0.0727159827948, 0.0483150221407, 0.0355577617884, 0.0385033972561, 0.0514766424894, 0.0575273931026, 0.0605311617255, 0.0674188807607, 0.0936990752816, 0.094404950738, 0.0714740455151, 0.0453326962888, 0.0410225093365, 0.0540950447321, 0.0875553190708, 0.0805611908436, 0.0740116238594, 0.0658619776368, 0.0732571259141, 0.101968109608, 0.114012524486, 0.114957213402, 0.0835850685835], "dvar": [0.0340818688273, 0.0324313491583, 0.0164826754481, 0.0183873437345, 0.0162028446794, 0.0243817865849, 0.0321440398693, 0.0287865269929, 0.0229298453778, 0.0169288143516, 0.020213810727, 0.0247567370534, 0.031333938241, 0.0284305438399, 0.018935084343, 0.0130505273119, 0.014697031118, 0.0206941049546, 0.0238898098469, 0.0234033241868, 0.026932509616, 0.0401394143701, 0.0378309227526, 0.0280428957194, 0.0171309132129, 0.0149268610403, 0.0209208615124, 0.0360240451992, 0.0319592803717, 0.0281487070024, 0.0239640213549, 0.0271181818098, 0.0402113944292, 0.044049333781, 0.0449982956052, 0.0321247503161], "dmean": [0.101237334311, 0.0900006145239, 0.0585601367056, 0.0486339703202, 0.0537120774388, 0.0825990140438, 0.110727801919, 0.0993768945336, 0.0729748830199, 0.0499324612319, 0.0553344488144, 0.0788715779781, 0.104742713273, 0.0938803255558, 0.0622107945383, 0.0415886342525, 0.0437524653971, 0.0638101175427, 0.0776726678014, 0.0802255794406, 0.104464016855, 0.13749229908, 0.133656427264, 0.0907112881541, 0.0483706593513, 0.0433432795107, 0.0706743970513, 0.106843501329, 0.103626556695, 0.0806658640504, 0.0648196041584, 0.0757370367646, 0.11977044493, 0.150134950876, 0.144720375538, 0.115800440311], "max": [1, 1, 1, 1, 1, 1, 1, 1, 1, 1, 1, 1, 1, 1, 1, 1, 1, 1, 1, 1, 1, 1, 1, 1, 1, 1, 1, 1, 1, 1, 1, 1, 1, 1, 1, 1], "var": [0.0762160569429, 0.0650771707296, 0.0216939318925, 0.0242397971451, 0.01638722606, 0.0393722802401, 0.0725796669722, 0.0680264979601, 0.0331009961665, 0.0143510699272, 0.0203334633261, 0.0462684519589, 0.0691313520074, 0.0621874816716, 0.0348366647959, 0.0135331051424, 0.0173200722784, 0.0389478057623, 0.0657790526748, 0.0475743748248, 0.0518154352903, 0.128051310778, 0.112562783062, 0.0436912886798, 0.0167817361653, 0.0136822182685, 0.0350366011262, 0.0848694518209, 0.0737221762538, 0.0377461053431, 0.019566886127, 0.0254759639502, 0.0671428963542, 0.0964609086514, 0.0951610282063, 0.0552623383701], "mean": [0.156950861216, 0.131627738476, 0.0666511803865, 0.053466707468, 0.0537408553064, 0.105689153075, 0.177269488573, 0.161368846893, 0.0855591893196, 0.0421246513724, 0.0517339147627, 0.107555933297, 0.163727432489, 0.1457400769, 0.0816887244582, 0.0412988439202, 0.0445701442659, 0.0892611369491, 0.132722198963, 0.114135734737, 0.148300588131, 0.294000297785, 0.274376660585, 0.113051496446, 0.0435328967869, 0.0385288633406, 0.0911263376474, 0.178701430559, 0.169004634023, 0.0901387482882, 0.0524442456663, 0.0682707577944, 0.155729949474, 0.244744971395, 0.226743683219, 0.156167373061]}, "tuning_equal_tempered_deviation": 0.120084762573, "chords_changes_rate": 0.045656144619, "key_key": "A", "tuning_diatonic_strength": 0.708659470081, "key_scale": "major", "chords_number_rate": 0.002608922543, "tuning_frequency": 446.399932861, "tuning_nontempered_energy_ratio": 0.83958119154, "chords_histogram": [21.8105926514, 15.4709100723, 25.9066009521, 7.09626913071, 9.4182100296, 2.06104874611, 1.82624578476, 0, 0.313070714474, 0.0521784499288, 1.20010435581, 0.104356899858, 0, 0.208713799715, 0.313070714474, 0.83485519886, 0, 0.521784484386, 0, 0.495695263147, 0.0782676786184, 1.14792585373, 0.469606041908, 10.6704931259], "key_strength": 0.774531364441, "chords_key": "E", "chords_strength": {"dmean2": 0.00977561902255, "median": 0.596329987049, "min": -1, "dvar2": 0.00115550612099, "dvar": 0.000597826263402, "dmean": 0.0106170941144, "max": 0.849623560905, "var": 0.0313019677997, "mean": 0.577757060528}, "chords_scale": "major", "hpcp_entropy": {"dmean2": 0.961233496666, "median": 1.79306685925, "min": 0, "dvar2": 0.588856875896, "dvar": 0.225929170847, "dmean": 0.56496077776, "max": 4.32760286331, "var": 0.553034245968, "mean": 1.76875257492}}, "metadata": {"audio_properties": {"equal_loudness": 0, "codec": "mp3", "downmix": "mix", "sample_rate": 44100, "analysis_sample_rate": 44100, "bit_rate": 128000, "md5_encoded": "9ac40af1e71faeeeaf1e64ef06574efb", "length": 177.919998169, "replay_gain": -11.7315826416, "lossless": false}, "version": {"essentia_build_sha": "70f2e5ece6736b2c40cc944ad0e695b16b925413", "essentia": "2.1-beta2", "extractor": "music 1.0", "essentia_git_sha": "v2.1_beta2"}, "tags": {"title": ["Blanche"], "artist": ["The Three Friends"], "albumartist": ["Various Artists"], "date": ["2000-08-01"], "genre": ["Doo Wop"], "musicbrainz_albumid": ["30721aa0-c637-4800-8b64-9a8af047df58"], "musicbrainz_recordingid": ["0b6c5863-e9f7-48c4-92e3-8a55a2a908b0"], "musicbrainz_albumartistid": ["89ad4ac3-39f7-470e-963a-56509c546377"], "musicbrainz_artistid": ["208b6b05-211b-4ddf-aa2e-ec3ee461cd0a"], "asin": ["B00004UDD4"], "originaldate": ["2000-08-01"], "discnumber": ["2/4"], "tracknumber": ["9/23"], "artistsort": ["Three Friends, The"], "album": ["The Doo Wop Box, Volume III: 101 More Vocal Group Gems"], "musicbrainz album release country": ["US"], "albumartistsort": ["Various Artists"], "musicbrainz album type": ["compilation"], "script": ["Latn"], "musicbrainz album status": ["official"], "file_name": "Blanche - The Three Friends.mp3"}}, "rhythm": {"bpm_histogram_first_peak_bpm": {"dmean2": 0, "median": 140, "min": 140, "dvar2": 0, "dvar": 0, "dmean": 0, "max": 140, "var": 0, "mean": 140}, "bpm": 138.892089844, "bpm_histogram_second_peak_spread": {"dmean2": 0, "median": 0.634146332741, "min": 0.634146332741, "dvar2": 0, "dvar": 0, "dmean": 0, "max": 0.634146332741, "var": 0, "mean": 0.634146332741}, "bpm_histogram_first_peak_weight": {"dmean2": 0, "median": 0.24012157321, "min": 0.24012157321, "dvar2": 0, "dvar": 0, "dmean": 0, "max": 0.24012157321, "var": 0, "mean": 0.24012157321}, "onset_rate": 2.2199177742, "beats_position": [0.441179126501, 0.882358253002, 1.3235373497, 1.764716506, 2.20589566231, 2.6470746994, 3.09986400604, 3.55265307426, 4.00544214249, 4.45823097229, 4.8994102478, 5.34058952332, 5.78176879883, 6.2229475975, 6.65251684189, 7.08208608627, 7.51165533066, 7.95283412933, 8.39401340485, 8.82358264923, 9.25315189362, 9.682721138, 10.1122903824, 10.5418596268, 10.9714279175, 11.4009971619, 11.8421764374, 12.2833557129, 12.7245349884, 13.1657142639, 13.5952835083, 14.0248527527, 14.4660310745, 14.8839902878, 15.2903394699, 15.7082986832, 16.1262588501, 16.5558280945, 16.9853973389, 17.4149665833, 17.8561439514, 18.2857131958, 18.7152824402, 19.1448516846, 19.574420929, 20.0039901733, 20.4451694489, 20.9095687866, 21.3855781555, 21.8615875244, 22.3492050171, 22.825214386, 23.2896137238, 23.7540130615, 24.2184123993, 24.6828117371, 25.1472110748, 25.5767803192, 26.0063495636, 26.435918808, 26.8538761139, 27.2834453583, 27.7014045715, 28.1193637848, 28.537322998, 28.932062149, 29.3384113312, 29.7447605133, 30.1394996643, 30.5342407227, 30.9405899048, 31.3701572418, 31.7997264862, 32.2409057617, 32.6704750061, 33.111656189, 33.5528335571, 33.99401474, 34.4235839844, 34.8531494141, 35.2943305969, 35.7238998413, 36.1534690857, 36.5830383301, 37.0126075745, 37.4305648804, 37.8601341248, 38.2897033691, 38.730884552, 39.1836738586, 39.6480712891, 40.1008605957, 40.5304298401, 40.9599990845, 41.4011802673, 41.8771858215, 42.3531951904, 42.8292045593, 43.3052139282, 43.7928352356, 44.2456245422, 44.6984100342, 45.1628112793, 45.6272087097, 46.0916099548, 46.5560073853, 47.0204086304, 47.4848060608, 47.9375953674, 48.4019927979, 48.8780021667, 49.4468917847, 50.0157814026, 50.6427192688, 51.2812690735, 51.931427002, 52.6280250549, 53.3362350464, 53.9863929749, 54.6365509033, 55.2054405212, 55.7859382629, 56.3780479431, 56.9353294373, 57.5042152405, 57.9570045471, 58.39818573, 58.8393630981, 59.280544281, 59.7101135254, 60.1396827698, 60.5576400757, 60.9872093201, 61.4167785645, 61.8463478088, 62.2759170532, 62.7054862976, 63.135055542, 63.5762329102, 64.0174102783, 64.4585952759, 64.899772644, 65.3409500122, 65.7821273804, 66.2117004395, 66.6412658691, 67.0708389282, 67.5004043579, 67.929977417, 68.3479385376, 68.7775039673, 69.1954650879, 69.6250305176, 70.0546035767, 70.4725646973, 70.8905181885, 71.3084793091, 71.7380523682, 72.1676177979, 72.5971832275, 73.0267562866, 73.4563217163, 73.8858947754, 74.3154602051, 74.7450332642, 75.1745986938, 75.6041717529, 76.0221328735, 76.4400863647, 76.8580474854, 77.2876205444, 77.7287979126, 78.1699752808, 78.6227645874, 79.0639419556, 79.5051269531, 79.9579086304, 80.5500183105, 81.1305236816, 81.7110214233, 82.3031311035, 82.8952331543, 83.649887085, 84.4045333862, 85.228843689, 86.0531539917, 86.900680542, 87.7365951538, 88.5841217041, 89.4200439453, 90.2675704956, 91.1150970459, 91.9626312256, 92.8101577759, 93.6576843262, 94.5052108765, 95.3411331177, 96.1654434204, 97.0013580322, 97.8488845825, 98.6848068237, 99.5207214355, 100.368255615, 101.215782166, 102.063308716, 102.87600708, 103.700317383, 104.513015747, 105.33732605, 106.138412476, 106.939498901, 107.728981018, 108.518455505, 109.307937622, 110.085800171, 110.840454102, 111.595100403, 112.349746704, 113.116004944, 113.893875122, 114.6717453, 115.449615479, 116.227478027, 116.993736267, 117.759994507, 118.526252747, 119.304122925, 120.093605042, 120.883079529, 121.660949707, 122.438819885, 123.228294373, 123.982948303, 124.749206543, 125.492240906, 126.235282898, 126.978317261, 127.709747314, 128.452789307, 129.195831299, 130.04335022, 130.890884399, 131.750015259, 132.5859375, 133.421859741, 134.118453979, 134.815048218, 135.465209961, 136.115371704, 136.765533447, 137.41569519, 138.065841675, 138.739227295, 139.412597656, 140.085983276, 140.759368896, 141.374694824, 141.990020752, 142.60534668, 143.232284546, 143.859222412, 144.428115845, 145.008621216, 145.57749939, 146.134780884, 146.703674316, 147.260955811, 147.818222046, 148.37550354, 148.932785034, 149.501678467, 150.070556641, 150.523345947, 150.976135254, 151.440536499, 151.881713867, 152.322906494, 152.764083862, 153.193649292, 153.623214722, 154.06439209, 154.493972778, 154.923538208, 155.353103638, 155.782669067, 156.223846436, 156.665023804, 157.094604492, 157.53578186, 157.988571167, 158.429748535, 158.870925903, 159.381759644, 159.892608643, 160.403442383, 160.914276123, 161.425125122, 161.935958862, 162.435195923, 162.934417725, 163.422042847, 163.921264648, 164.432098389, 164.942947388, 165.465393066, 165.976226807, 166.487075806, 166.997909546, 167.508743286, 168.031204224, 168.553649902, 169.076095581, 169.494049072, 169.923629761, 170.35319519, 170.78276062, 171.21232605, 171.641906738, 172.059860229, 172.489425659, 172.919006348, 173.348571777, 173.789749146, 174.230926514, 174.672103882, 175.11328125, 175.554458618, 176.030471802, 176.506484985, 176.982498169], "beats_loudness": {"dmean2": 0.0265202820301, "median": 0.0188782997429, "min": 0, "dvar2": 0.000622500374448, "dvar": 0.000223113747779, "dmean": 0.0151107683778, "max": 0.0887504294515, "var": 0.000371876230929, "mean": 0.0236794948578}, "danceability": 0.982910811901, "bpm_histogram_second_peak_weight": {"dmean2": 0, "median": 0.0455927066505, "min": 0.0455927066505, "dvar2": 0, "dvar": 0, "dmean": 0, "max": 0.0455927066505, "var": 0, "mean": 0.0455927066505}, "beats_count": 330, "bpm_histogram_second_peak_bpm": {"dmean2": 0, "median": 129, "min": 129, "dvar2": 0, "dvar": 0, "dmean": 0, "max": 129, "var": 0, "mean": 129}, "bpm_histogram_first_peak_spread": {"dmean2": 0, "median": 0.473333358765, "min": 0.473333358765, "dvar2": 0, "dvar": 0, "dmean": 0, "max": 0.473333358765, "var": 0, "mean": 0.473333358765}, "beats_loudness_band_ratio": {"dmean2": [0.253738880157, 0.382853657007, 0.320660769939, 0.133540868759, 0.0394951440394, 0.0241815075278], "median": [0.150934875011, 0.497603774071, 0.232485055923, 0.0253369733691, 0.00810583308339, 0.00297798751853], "min": [0, 0, 0, 0, 0, 0], "dvar2": [0.0690011903644, 0.0825793147087, 0.082722812891, 0.0401745848358, 0.00507237063721, 0.00684102112427], "dvar": [0.0255340710282, 0.0328256934881, 0.0302325896919, 0.0146578187123, 0.00179047335405, 0.00234141550027], "dmean": [0.149579271674, 0.226440310478, 0.186031475663, 0.0764971226454, 0.021827224642, 0.0129183959216], "max": [0.951132416725, 0.978044092655, 0.886370301247, 0.827129483223, 0.448530554771, 0.45658659935], "var": [0.0376860462129, 0.0671789199114, 0.050263594836, 0.0126217957586, 0.00136253773235, 0.00129079539329], "mean": [0.202748551965, 0.486184149981, 0.284018188715, 0.070293366909, 0.0214832127094, 0.00974714290351]}}, "lowlevel": {"barkbands_spread": {"dmean2": 2.75569581985, "median": 4.86539506912, "min": 0.169803634286, "dvar2": 16.5743560791, "dvar": 8.81746101379, "dmean": 1.81359910965, "max": 68.784828186, "var": 43.7189292908, "mean": 6.62525081635}, "melbands_spread": {"dmean2": 3.45891666412, "median": 6.45925617218, "min": 0.371289372444, "dvar2": 32.654712677, "dvar": 16.4464550018, "dmean": 2.26015257835, "max": 158.918960571, "var": 320.576538086, "mean": 10.1679782867}, "hfc": {"dmean2": 3.66627335548, "median": 6.2561545372, "min": 1.04420004893e-16, "dvar2": 29.2033576965, "dvar": 13.1269207001, "dmean": 2.50388908386, "max": 77.4574432373, "var": 138.308242798, "mean": 10.5823249817}, "barkbands_kurtosis": {"dmean2": 10.6407442093, "median": 9.03753089905, "min": -1.89889228344, "dvar2": 357.55279541, "dvar": 165.878387451, "dmean": 6.83521413803, "max": 406.755889893, "var": 621.905334473, "mean": 17.1845016479}, "gfcc": {"mean": [-119.978507996, 137.679428101, -109.020706177, 10.6668806076, -77.2221603394, -18.5784034729, -40.8589782715, -11.6070833206, -21.453458786, -10.8375167847, -16.2880325317, 4.18538236618, -16.893371582], "icov": [[0.000582695181947, -0.0016688099131, 0.00153120374307, -0.00132509612013, 0.00168647279497, -0.000887025380507, 0.00100435025524, -0.000258102081716, 0.000402244331781, 0.000264414469711, -9.88959218375e-05, 0.00037824534229, -0.00014154445671], [-0.0016688099131, 0.00614481186494, -0.00453549670056, 0.00417085923254, -0.00475865136832, 0.0028838601429, -0.0029899450019, 0.00118212460075, -0.000919664802495, -0.000494509295095, 0.000992510467768, -0.00138893909752, 0.00148688512854], [0.00153120374307, -0.00453549670056, 0.00505925854668, -0.00376152573153, 0.00369261368178, -0.00203629862517, 0.00240526278503, -0.00043500927859, 0.00218829489313, -0.00083382113371, 0.000363753206329, 0.000445730402134, -0.00118671613745], [-0.00132509612013, 0.00417085923254, -0.00376152573153, 0.00553121557459, -0.00410740822554, 0.00205713720061, -0.00150292052422, 0.000651382317301, -0.00120920769405, -0.00102550233714, 0.00067010166822, -0.00125526962802, 0.000189165584743], [0.00168647279497, -0.00475865136832, 0.00369261368178, -0.00410740822554, 0.00921541452408, -0.00405912892893, 0.00432091858238, -0.00214031268843, -0.00196238793433, 0.00309437606484, -0.00192501081619, 0.00359432213008, -0.00152287876699], [-0.000887025380507, 0.0028838601429, -0.00203629862517, 0.00205713720061, -0.00405912892893, 0.0128523008898, -0.00788521859795, 0.00105956220068, 0.00155145558529, -0.00603079795837, 0.00355742848478, -0.000945149571635, 0.00205483357422], [0.00100435025524, -0.0029899450019, 0.00240526278503, -0.00150292052422, 0.00432091858238, -0.00788521859795, 0.00986525975168, -0.00322472932748, 6.95787311997e-05, 0.00492139346898, -0.00583195779473, 0.0026597881224, -0.00213427096605], [-0.000258102081716, 0.00118212460075, -0.00043500927859, 0.000651382317301, -0.00214031268843, 0.00105956220068, -0.00322472932748, 0.00902170315385, 0.000289953459287, -0.00255793659016, 0.0004106592678, -0.000132011438836, 0.00287097366527], [0.000402244331781, -0.000919664802495, 0.00218829489313, -0.00120920769405, -0.00196238793433, 0.00155145558529, 6.95787311997e-05, 0.000289953459287, 0.0125910267234, -0.00490330765024, 0.0033448911272, -0.00181702768896, 0.000881310435943], [0.000264414469711, -0.000494509295095, -0.00083382113371, -0.00102550233714, 0.00309437606484, -0.00603079795837, 0.00492139346898, -0.00255793659016, -0.00490330765024, 0.0160913281143, -0.00886770710349, 0.0044612265192, -0.00270078354515], [-9.88959218375e-05, 0.000992510467768, 0.000363753206329, 0.00067010166822, -0.00192501081619, 0.00355742848478, -0.00583195779473, 0.0004106592678, 0.0033448911272, -0.00886770710349, 0.0204666238278, -0.00856394600123, 0.00570146273822], [0.00037824534229, -0.00138893909752, 0.000445730402134, -0.00125526962802, 0.00359432213008, -0.000945149571635, 0.0026597881224, -0.000132011438836, -0.00181702768896, 0.0044612265192, -0.00856394600123, 0.0165281761438, -0.00620839977637], [-0.00014154445671, 0.00148688512854, -0.00118671613745, 0.000189165584743, -0.00152287876699, 0.00205483357422, -0.00213427096605, 0.00287097366527, 0.000881310435943, -0.00270078354515, 0.00570146273822, -0.00620839977637, 0.0145985325798]], "cov": [[23981.6621094, 2489.11621094, -4107.5078125, -135.93788147, -1542.6217041, -231.353561401, -213.563552856, -216.702178955, -223.037445068, -526.23034668, -154.261978149, -38.3179931641, -510.0390625], [2489.11621094, 891.013061523, -27.6203231812, -147.907424927, -76.2204284668, -53.9751091003, -25.3238830566, -57.3969306946, -42.5969657898, -75.6062927246, -40.6653366089, -1.86655950546, -56.0420036316], [-4107.5078125, -27.6203231812, 1593.25683594, 292.370635986, 216.134902954, -30.6836948395, -138.47265625, -64.9457015991, -22.7179431915, 136.578475952, -31.4269733429, 51.7746658325, 169.039916992], [-135.93788147, -147.907424927, 292.370635986, 547.112426758, 104.464859009, -70.600730896, -175.169174194, -47.1684455872, 49.1388778687, 44.3207588196, -41.3480834961, 22.1022815704, 65.706993103], [-1542.6217041, -76.2204284668, 216.134902954, 104.464859009, 374.220428467, 8.52136516571, -57.6071510315, 33.0794372559, 80.0447387695, 22.901632309, -20.4856815338, -39.9588432312, 22.344707489], [-231.353561401, -53.9751091003, -30.6836948395, -70.600730896, 8.52136516571, 214.581756592, 199.834762573, 73.8832855225, -21.7054862976, 45.3992576599, 43.3459472656, -29.3780288696, -32.6677284241], [-213.563552856, -25.3238830566, -138.47265625, -175.169174194, -57.6071510315, 199.834762573, 396.312835693, 121.571762085, -49.8815307617, 1.97551202774, 92.3299179077, -23.0146102905, -51.0541725159], [-216.702178955, -57.3969306946, -64.9457015991, -47.1684455872, 33.0794372559, 73.8832855225, 121.571762085, 176.068588257, 1.05819439888, 29.7284011841, 39.9915084839, -27.5153579712, -46.6089286804], [-223.037445068, -42.5969657898, -22.7179431915, 49.1388778687, 80.0447387695, -21.7054862976, -49.8815307617, 1.05819439888, 120.929985046, 27.1964855194, -14.3562011719, -4.312271595, 5.10097837448], [-526.23034668, -75.6062927246, 136.578475952, 44.3207588196, 22.901632309, 45.3992576599, 1.97551202774, 29.7284011841, 27.1964855194, 126.952537537, 37.2212142944, -5.94855451584, 8.34607982635], [-154.261978149, -40.6653366089, -31.4269733429, -41.3480834961, -20.4856815338, 43.3459472656, 92.3299179077, 39.9915084839, -14.3562011719, 37.2212142944, 102.874519348, 22.5782661438, -24.8003387451], [-38.3179931641, -1.86655950546, 51.7746658325, 22.1022815704, -39.9588432312, -29.3780288696, -23.0146102905, -27.5153579712, -4.312271595, -5.94855451584, 22.5782661438, 99.2110290527, 38.288143158], [-510.0390625, -56.0420036316, 169.039916992, 65.706993103, 22.344707489, -32.6677284241, -51.0541725159, -46.6089286804, 5.10097837448, 8.34607982635, -24.8003387451, 38.288143158, 117.988845825]]}, "spectral_energyband_middle_low": {"dmean2": 0.00747914146632, "median": 0.0128134395927, "min": 1.11493687594e-22, "dvar2": 9.81947232503e-05, "dvar": 3.99531381845e-05, "dmean": 0.00492756534368, "max": 0.097365565598, "var": 0.000230097779422, "mean": 0.0167673770338}, "melbands_crest": {"dmean2": 4.75876426697, "median": 13.9102191925, "min": 1.0025241375, "dvar2": 17.6984882355, "dvar": 7.06514358521, "dmean": 2.94955396652, "max": 33.8862113953, "var": 28.4188232422, "mean": 14.6437225342}, "spectral_kurtosis": {"dmean2": 7.10725736618, "median": 10.0301828384, "min": -1.25484395027, "dvar2": 46.0641174316, "dvar": 16.9377479553, "dmean": 4.21990776062, "max": 58.0120201111, "var": 67.2069396973, "mean": 11.7799797058}, "spectral_rms": {"dmean2": 0.000802860886324, "median": 0.00385688012466, "min": 3.14009148544e-12, "dvar2": 6.8555505095e-07, "dvar": 3.12713638095e-07, "dmean": 0.000548779789824, "max": 0.00986306834966, "var": 3.98949350711e-06, "mean": 0.00395562220365}, "zerocrossingrate": {"dmean2": 0.00500841950998, "median": 0.02587890625, "min": 0.005859375, "dvar2": 6.69401342748e-05, "dvar": 5.40935325262e-05, "dmean": 0.00399431027472, "max": 0.52294921875, "var": 0.00399286579341, "mean": 0.0365840792656}, "silence_rate_60dB": {"dmean2": 0.0636909455061, "median": 0, "min": 0, "dvar2": 0.0690307542682, "dvar": 0.0308239497244, "dmean": 0.0318413153291, "max": 1, "var": 0.119648352265, "mean": 0.13896137476}, "erbbands_kurtosis": {"dmean2": 5.04002523422, "median": 3.83544421196, "min": -1.86285316944, "dvar2": 62.854675293, "dvar": 24.6329708099, "dmean": 3.20284199715, "max": 161.803146362, "var": 113.175559998, "mean": 7.16389703751}, "erbbands": {"dmean2": [0.00264290627092, 0.0747694447637, 0.556563436985, 1.29986464977, 6.7042889595, 13.149813652, 14.2622947693, 25.5047225952, 25.5160503387, 23.646030426, 31.5675296783, 44.976474762, 28.2240753174, 12.5037889481, 13.8754043579, 16.6617889404, 11.6676111221, 8.09284687042, 4.28792333603, 2.50953364372, 2.38667583466, 2.98597359657, 3.71434235573, 3.30643868446, 1.75075018406, 0.81904900074, 0.505484163761, 0.464736074209, 0.606779515743, 0.600476682186, 0.263346999884, 0.0756650865078, 0.022785903886, 0.0078615648672, 0.00282582989894, 0.00105124374386, 0.000614448159467, 8.45229878905e-05, 4.58148042526e-06, 8.71566317073e-06], "median": [0.00088893994689, 0.017621897161, 0.122932359576, 0.785237014294, 4.60889339447, 9.10168457031, 9.73520565033, 13.205701828, 12.2646369934, 8.72382545471, 7.74864768982, 6.88590049744, 3.06497430801, 2.79921388626, 2.6332821846, 1.69097805023, 0.918362915516, 0.826785862446, 0.786136567593, 0.629575073719, 0.550530791283, 0.687632739544, 1.07342088223, 0.75575709343, 0.313083171844, 0.149047985673, 0.115629330277, 0.165932834148, 0.242300510406, 0.203664287925, 0.0629671961069, 0.0145260719582, 0.00660399068147, 0.00343626365066, 0.00191840762272, 0.00107914116234, 0.000534362508915, 5.57316743652e-05, 8.60308136907e-06, 1.7251673853e-05], "min": [3.10325700102e-23, 4.53752388786e-22, 1.66835382527e-21, 5.20097322623e-21, 1.24265937863e-20, 2.23428931307e-20, 2.56315564511e-20, 6.3519367259e-20, 1.51599898254e-19, 1.68087805061e-19, 1.97660235742e-19, 2.73369104529e-19, 5.35903383804e-19, 7.18261140106e-19, 9.14322539122e-19, 7.16595767039e-19, 1.48191826242e-18, 1.38385424304e-18, 2.2807294751e-18, 2.33707246893e-18, 2.86589937429e-18, 4.48602628218e-18, 5.74246813772e-18, 6.15548479424e-18, 6.30414486675e-18, 8.23733668222e-18, 9.98415767466e-18, 1.03478301125e-17, 1.0344328657e-17, 1.11470073526e-17, 1.14020494693e-17, 1.12679568746e-17, 9.68165441593e-18, 7.4881095706e-18, 6.23058162692e-18, 3.7574133386e-18, 2.30720876728e-18, 8.65217737539e-19, 2.27502223906e-19, 2.46193135635e-20], "dvar2": [3.34453397954e-05, 0.0597917325795, 3.80545902252, 6.17413187027, 162.786895752, 553.696533203, 801.119445801, 2678.15771484, 3480.04199219, 5295.8203125, 6863.93798828, 17173.7597656, 12377.484375, 1312.75427246, 1915.12597656, 2768.90039062, 1936.5135498, 1318.84265137, 258.576446533, 51.6294403076, 58.1430244446, 66.4997024536, 99.9016799927, 87.5199508667, 26.6468715668, 11.5272884369, 5.55884408951, 3.94295454025, 5.5752658844, 5.95819759369, 2.71888899803, 0.286405563354, 0.0181883014739, 0.00204490451142, 0.000644928484689, 3.97417243221e-05, 1.08206131699e-05, 3.56397350743e-07, 1.14181601674e-10, 1.27588092869e-10], "dvar": [1.56680835062e-05, 0.0289743561298, 1.76070928574, 2.3178653717, 66.4342269897, 243.598754883, 321.888977051, 1137.15539551, 1346.15197754, 1996.48986816, 2788.52246094, 7053.12646484, 4926.06152344, 632.822509766, 787.73840332, 1166.4864502, 826.90423584, 505.621002197, 131.83442688, 22.3893413544, 22.9346923828, 26.9628734589, 44.4000740051, 41.0123977661, 12.0189857483, 4.83546972275, 3.00749135017, 1.91196167469, 3.29030632973, 3.31616473198, 1.58953940868, 0.161487877369, 0.0125567484647, 0.00146184640471, 0.000328838970745, 2.2607826395e-05, 6.42979966869e-06, 1.99697765879e-07, 6.34891236806e-11, 5.40054355402e-11], "dmean": [0.00174012698699, 0.0508115291595, 0.368831247091, 0.811114549637, 4.39785861969, 8.68616771698, 9.18976211548, 16.7410812378, 16.3069419861, 14.8348751068, 20.7702026367, 29.688287735, 18.7466373444, 8.37857246399, 9.0803899765, 10.7132329941, 7.58747911453, 5.26286268234, 2.92229366302, 1.63508093357, 1.50617325306, 1.90453696251, 2.45251989365, 2.24043440819, 1.1625494957, 0.538373589516, 0.333647429943, 0.30962446332, 0.412291556597, 0.408552139997, 0.187551259995, 0.0540971718729, 0.0162212662399, 0.005583061371, 0.00200191582553, 0.000721018353943, 0.000411121844081, 5.58055980946e-05, 3.10590962727e-06, 5.8227315094e-06], "max": [0.111195728183, 4.46423625946, 37.6563034058, 34.8211135864, 176.391571045, 398.972015381, 517.523925781, 712.554992676, 810.162597656, 1254.50866699, 1320.18652344, 2315.72753906, 2236.22558594, 826.836853027, 775.331054688, 1256.49035645, 1105.59765625, 750.163085938, 550.737365723, 159.252029419, 198.367340088, 186.549407959, 232.10144043, 216.639480591, 121.760665894, 129.855804443, 110.022506714, 73.1368865967, 124.190849304, 123.004066467, 91.3485870361, 24.9187717438, 5.39938116074, 1.98949551582, 1.39231872559, 0.409489452839, 0.152822807431, 0.0295634251088, 0.000495814078022, 0.00011701425683], "var": [5.09685851284e-05, 0.0557183548808, 3.38941884041, 7.34492206573, 224.840179443, 979.442016602, 915.918518066, 3681.75830078, 3588.31787109, 5377.87353516, 7891.27001953, 21728.0175781, 22019.5234375, 2740.00024414, 2398.51660156, 4135.40527344, 3267.95947266, 1481.35559082, 525.502624512, 93.37084198, 83.1757049561, 95.8724899292, 210.77041626, 208.084487915, 56.160572052, 16.1421909332, 8.48771095276, 4.92906332016, 9.23990917206, 8.70980358124, 4.22012376785, 0.496782660484, 0.0422959588468, 0.00479608448222, 0.000649013440125, 5.15178253409e-05, 1.97307545022e-05, 5.42371196843e-07, 2.55257426307e-10, 4.18100304378e-10], "mean": [0.00341877993196, 0.0846066400409, 0.585290193558, 1.79376995564, 9.87655639648, 20.0269088745, 20.5060997009, 35.7598419189, 32.6921310425, 28.3443393707, 40.549987793, 61.7106933594, 44.3251914978, 19.4734230042, 18.9756793976, 21.5397033691, 17.2131061554, 11.4710836411, 6.34310007095, 3.83072280884, 3.48012733459, 4.20468664169, 6.0060210228, 5.87015342712, 2.94751501083, 1.25034248829, 0.618133246899, 0.668820202351, 0.929961204529, 0.841716527939, 0.368165344, 0.108766026795, 0.0335352160037, 0.0126283550635, 0.00486585544422, 0.00201596319675, 0.0010765978368, 0.000125751859741, 1.21825632959e-05, 2.30055229622e-05]}, "spectral_strongpeak": {"dmean2": 0.706017613411, "median": 0.798686265945, "min": 0, "dvar2": 0.816365718842, "dvar": 0.333957672119, "dmean": 0.435714304447, "max": 7.73622512817, "var": 1.30165290833, "mean": 1.1710255146}, "spectral_energy": {"dmean2": 0.00776527123526, "median": 0.0152474138886, "min": 1.01066793245e-20, "dvar2": 0.000101479861769, "dvar": 4.2796604248e-05, "dmean": 0.0051859645173, "max": 0.099712125957, "var": 0.000318026577588, "mean": 0.0201273821294}, "average_loudness": 0.770397722721, "spectral_rolloff": {"dmean2": 211.71081543, "median": 516.796875, "min": 64.599609375, "dvar2": 327812.125, "dvar": 175229.265625, "dmean": 124.592933655, "max": 19552.1484375, "var": 5824663, "mean": 965.466552734}, "spectral_centroid": {"dmean2": 136.896224976, "median": 510.598266602, "min": 171.42175293, "dvar2": 66028.140625, "dvar": 34088.2617188, "dmean": 91.5480880737, "max": 11636.0371094, "var": 1919848, "mean": 776.223632812}, "pitch_salience": {"dmean2": 0.107680797577, "median": 0.583166599274, "min": 0.0933115333319, "dvar2": 0.0084806792438, "dvar": 0.0033989220392, "dmean": 0.0666064247489, "max": 0.996027767658, "var": 0.0139954825863, "mean": 0.574545621872}, "spectral_energyband_middle_high": {"dmean2": 0.00115852430463, "median": 0.000566307629924, "min": 1.20018777392e-21, "dvar2": 7.70137194195e-06, "dvar": 3.52589540853e-06, "dmean": 0.000798327848315, "max": 0.0491578839719, "var": 2.62016001216e-05, "mean": 0.00257878168486}, "spectral_contrast_coeffs": {"dmean2": [0.0736756399274, 0.0727047324181, 0.0550897009671, 0.0425155833364, 0.0304947532713, 0.0243236254901], "median": [-0.522651791573, -0.674739956856, -0.754335701466, -0.795278847218, -0.802610099316, -0.744641184807], "min": [-0.996510028839, -0.998058855534, -0.993140339851, -0.985984265804, -0.98827534914, -0.965996623039], "dvar2": [0.00367178325541, 0.00344075588509, 0.00195612711832, 0.00117862748448, 0.000658957578707, 0.000456162495539], "dvar": [0.0014266584767, 0.0012999298051, 0.000783503288403, 0.000474376865895, 0.000291838310659, 0.000228906312259], "dmean": [0.0456524267793, 0.0450663343072, 0.033942040056, 0.02613103576, 0.0192076619714, 0.0159288756549], "max": [-0.241728901863, -0.338492035866, -0.434620290995, -0.58911883831, -0.613796651363, -0.588409364223], "var": [0.0129011794925, 0.00858817622066, 0.00761210778728, 0.00482356315479, 0.0040778699331, 0.00324317906052], "mean": [-0.528454840183, -0.674992203712, -0.74295604229, -0.789817214012, -0.798498690128, -0.753079473972]}, "melbands_skewness": {"dmean2": 0.949451804161, "median": 1.88443112373, "min": -1.30751204491, "dvar2": 0.992741405964, "dvar": 0.43857344985, "dmean": 0.623129427433, "max": 13.2952022552, "var": 2.67048501968, "mean": 2.22129130363}, "spectral_spread": {"dmean2": 532587.8125, "median": 2817932.5, "min": 1406652.25, "dvar2": 743284015104, "dvar": 371968737280, "dmean": 339512.78125, "max": 42927060, "var": 24031971508200.0, "mean": 3628406.5}, "dissonance": {"dmean2": 0.0578501671553, "median": 0.418441027403, "min": 0.14243863523, "dvar2": 0.00277560809627, "dvar": 0.000991111504845, "dmean": 0.0343432128429, "max": 0.5, "var": 0.00303719355725, "mean": 0.41012853384}, "spectral_skewness": {"dmean2": 0.627436459064, "median": 2.43525671959, "min": -0.0858368873596, "dvar2": 0.300676256418, "dvar": 0.127654775977, "dmean": 0.39141368866, "max": 6.41018724442, "var": 0.973140060902, "mean": 2.53146338463}, "spectral_flux": {"dmean2": 0.0241967532784, "median": 0.0462969169021, "min": 6.28256960344e-11, "dvar2": 0.000658187491354, "dvar": 0.000253417150816, "dmean": 0.0148177389055, "max": 0.288484036922, "var": 0.00111090601422, "mean": 0.0528601668775}, "spectral_contrast_valleys": {"dmean2": [0.645492076874, 0.514321923256, 0.442988246679, 0.37669506669, 0.312805503607, 0.233969092369], "median": [-8.43846511841, -6.74505233765, -8.05129432678, -8.89604949951, -8.97125816345, -11.9718418121], "min": [-28.5968570709, -28.2347507477, -27.9788913727, -27.7259635925, -27.5336532593, -27.4284076691], "dvar2": [0.282544314861, 0.175259500742, 0.136588513851, 0.109255954623, 0.103058390319, 0.0656460672617], "dvar": [0.119870893657, 0.0810891240835, 0.0676242113113, 0.0594559647143, 0.0639147758484, 0.0445445775986], "dmean": [0.395088613033, 0.31692686677, 0.275826901197, 0.241620495915, 0.215004965663, 0.16239772737], "max": [-6.04477071762, -4.49237155914, -5.30147790909, -6.242374897, -6.48757886887, -8.62723350525], "var": [6.68161344528, 7.6963763237, 7.19518756866, 6.47853326797, 6.35143470764, 4.29562282562], "mean": [-8.76149368286, -7.18689155579, -8.42256546021, -9.22543144226, -9.2557888031, -12.124587059]}, "erbbands_flatness_db": {"dmean2": 0.0256133209914, "median": 0.251166045666, "min": 0.0343916416168, "dvar2": 0.000541976711247, "dvar": 0.000243461661739, "dmean": 0.017107218504, "max": 0.38801163435, "var": 0.00208356184885, "mean": 0.247528210282}, "spectral_energyband_high": {"dmean2": 4.01791949116e-05, "median": 1.81059585884e-05, "min": 7.16083147704e-21, "dvar2": 3.7629298788e-08, "dvar": 2.28353531639e-08, "dmean": 2.90394727926e-05, "max": 0.0108976466581, "var": 6.82120813167e-08, "mean": 7.04549966031e-05}, "spectral_entropy": {"dmean2": 0.260558575392, "median": 6.58275175095, "min": 4.3632440567, "dvar2": 0.0659893378615, "dvar": 0.0336737334728, "dmean": 0.179299980402, "max": 9.83128166199, "var": 0.521911561489, "mean": 6.56370258331}, "silence_rate_20dB": {"dmean2": 0, "median": 1, "min": 1, "dvar2": 0, "dvar": 0, "dmean": 0, "max": 1, "var": 0, "mean": 1}, "melbands_flatness_db": {"dmean2": 0.0309869851917, "median": 0.303412735462, "min": -8.62865050522e-08, "dvar2": 0.000865533773322, "dvar": 0.000441954209236, "dmean": 0.0212901718915, "max": 0.557532668114, "var": 0.00680295238271, "mean": 0.306352734566}, "barkbands": {"dmean2": [1.42847784446e-06, 0.000243379632593, 0.000545011018403, 0.000666422594804, 0.00336687057279, 0.00261655286886, 0.0018871553475, 0.00118932826445, 0.00196821684949, 0.000697844661772, 0.000298195547657, 0.000467298814328, 0.000259530439507, 0.00015275705664, 5.85611596762e-05, 5.04968302266e-05, 5.21195397596e-05, 7.33751439839e-05, 5.38320164196e-05, 1.90283481061e-05, 1.15603261293e-05, 1.7722204575e-05, 1.14714121082e-05, 2.08702863347e-06, 4.87621491629e-07, 2.68167440254e-07, 1.45810241658e-09], "median": [4.80513222101e-07, 5.48750613234e-05, 9.27353103179e-05, 0.000242447596975, 0.00279246130958, 0.00147163611837, 0.000762646552175, 0.000253177480772, 0.00026419700589, 7.9048317275e-05, 5.169099677e-05, 3.42782295775e-05, 1.81129071279e-05, 1.43601610034e-05, 1.18850821309e-05, 9.95493974187e-06, 9.70288965618e-06, 1.88636877283e-05, 9.59270437306e-06, 2.81583561446e-06, 3.3388087104e-06, 7.00286636857e-06, 2.96085090667e-06, 4.60414753434e-07, 2.85606404304e-07, 2.66130882665e-07, 1.89875337675e-10], "min": [4.77914369615e-25, 1.5079616573e-24, 7.85392234517e-25, 1.68823491238e-24, 8.12084733612e-24, 5.43327080724e-24, 9.20875831077e-24, 6.11542052566e-24, 7.06492782663e-24, 1.04380284265e-23, 1.30462455483e-23, 1.93188817136e-23, 2.97206406822e-23, 2.25470551545e-23, 4.5567155484e-23, 4.58448250563e-23, 5.93532318657e-23, 1.02587832938e-22, 1.15546665598e-22, 1.63283327411e-22, 2.5136420394e-22, 2.64308288056e-22, 4.13538531758e-22, 5.87295912506e-22, 8.44153011727e-22, 1.26855205031e-21, 1.72670620722e-21], "dvar2": [1.13582121139e-11, 5.72075748551e-07, 3.34073956765e-06, 1.80758536317e-06, 3.13688397e-05, 2.51567053056e-05, 2.06137501664e-05, 1.05296567199e-05, 2.61461755144e-05, 6.61088870402e-06, 9.18065552469e-07, 2.4169075914e-06, 8.14866837118e-07, 4.55949049183e-07, 4.35411315891e-08, 2.52398244527e-08, 1.94935552145e-08, 4.02140400979e-08, 2.05604901993e-08, 5.87266324459e-09, 2.78622236394e-09, 4.80914552625e-09, 3.48401152372e-09, 1.88476664831e-10, 9.61992811799e-12, 2.34485759802e-12, 6.27483165379e-18], "dvar": [6.15959323477e-12, 2.73937757811e-07, 1.47031369124e-06, 7.19538718386e-07, 1.3527257579e-05, 1.06944380605e-05, 7.80977370596e-06, 4.43768522018e-06, 1.0939639651e-05, 2.76245850728e-06, 3.8516034806e-07, 9.94362494566e-07, 3.46094111592e-07, 1.85288314469e-07, 1.94407903109e-08, 9.60398605088e-09, 7.93064280913e-09, 1.78661601069e-08, 9.11690989369e-09, 2.5784616664e-09, 1.41204170578e-09, 2.85507884001e-09, 2.04344030585e-09, 1.11385525803e-10, 6.97300984315e-12, 1.50272350986e-12, 1.98806449577e-18], "dmean": [8.49751756959e-07, 0.000164108569152, 0.000354710122338, 0.000415412418079, 0.00221220799722, 0.00172417762224, 0.00119716639165, 0.000773599604145, 0.00131629803218, 0.000456220761407, 0.000194525287952, 0.000299576262478, 0.000166547673871, 0.000100088014733, 3.80751989724e-05, 3.13356358674e-05, 3.29623144353e-05, 4.82449395349e-05, 3.52184797521e-05, 1.25611877593e-05, 7.61746377975e-06, 1.20201348182e-05, 8.0316376625e-06, 1.47635705616e-06, 3.57662059969e-07, 1.84453313068e-07, 7.89779741606e-10], "max": [0.000182521616807, 0.014483534731, 0.0338846184313, 0.0234741978347, 0.0697772353888, 0.0640716776252, 0.0686172246933, 0.0831659808755, 0.0778481736779, 0.0525509975851, 0.0225701276213, 0.0325815007091, 0.0201759170741, 0.0152571359649, 0.00586026906967, 0.00278462632559, 0.0026663991157, 0.00507199112326, 0.00246049254201, 0.00261542201042, 0.00224220310338, 0.00361421704292, 0.00332824839279, 0.000495300162584, 0.000183764961548, 8.91499585123e-05, 2.4948173305e-08], "var": [1.02322178508e-11, 5.16498005254e-07, 2.71920998784e-06, 2.7546786896e-06, 5.46325354662e-05, 3.60542617273e-05, 2.24582636292e-05, 1.21352959468e-05, 4.02110417781e-05, 1.07078449219e-05, 1.2301991319e-06, 3.06031438413e-06, 1.30459216052e-06, 5.71029659113e-07, 7.3251221977e-08, 3.13491099746e-08, 2.61134491808e-08, 8.18942922365e-08, 3.99415398533e-08, 1.08571782675e-08, 3.7105998274e-09, 7.84083908911e-09, 5.51888756917e-09, 3.70122016369e-10, 2.11141208684e-11, 4.53124690547e-12, 1.57492438255e-18], "mean": [9.5941265954e-07, 0.000270807067864, 0.000535305705853, 0.000895361881703, 0.00534718669951, 0.00370394974016, 0.00224881153554, 0.00135600857902, 0.00279849953949, 0.000977338175289, 0.000385930616176, 0.000551544770133, 0.000350058602635, 0.000202092182008, 7.85168813309e-05, 6.82214231347e-05, 6.6103086283e-05, 0.000115716451546, 8.44216920086e-05, 2.84424295387e-05, 1.48055396494e-05, 2.70165346592e-05, 1.58993807418e-05, 2.98660529552e-06, 8.64714593263e-07, 5.20937874171e-07, 6.4103417019e-10]}, "erbbands_skewness": {"dmean2": 0.731557071209, "median": 1.5221