{"tonal": {"thpcp": [1, 0.899776339531, 0.931873261929, 0.882585704327, 0.716233313084, 0.628399908543, 0.528414964676, 0.458069145679, 0.465448886156, 0.481353491545, 0.566389501095, 0.635807871819, 0.639224410057, 0.637457549572, 0.61297172308, 0.6911419034, 0.846972227097, 0.926191747189, 0.945760607719, 0.916572451591, 0.845712661743, 0.715909779072, 0.619038105011, 0.629435002804, 0.640176594257, 0.654392242432, 0.634933888912, 0.672685861588, 0.772922277451, 0.791451573372, 0.7674254179, 0.759047448635, 0.784995794296, 0.800188481808, 0.818241477013, 0.95627194643], "hpcp": {"dmean2": [0.236558273435, 0.241204738617, 0.277008622885, 0.32450145483, 0.34051835537, 0.336953580379, 0.357577294111, 0.353839784861, 0.318347901106, 0.260104864836, 0.262953341007, 0.251204937696, 0.263576090336, 0.265589296818, 0.268386095762, 0.303920060396, 0.297019809484, 0.278957486153, 0.287803947926, 0.318948835135, 0.306602090597, 0.304153233767, 0.402745515108, 0.382383644581, 0.317618608475, 0.318146020174, 0.315091848373, 0.264002382755, 0.234151810408, 0.205777287483, 0.188659325242, 0.198862940073, 0.188579872251, 0.219219267368, 0.223294526339, 0.233104974031], "median": [0.0191322229803, 0.0193179622293, 0.0193738881499, 0.0235465168953, 0.0287606623024, 0.0262721274048, 0.022262532264, 0.018380286172, 0.0171635337174, 0.0179160479456, 0.0173460766673, 0.0153025817126, 0.0130596961826, 0.016422227025, 0.0165536757559, 0.0183174107224, 0.023446213454, 0.0234042704105, 0.0182354077697, 0.0146910585463, 0.015523834154, 0.0185038335621, 0.0223418027163, 0.0217375196517, 0.0313121378422, 0.0373917594552, 0.0372840985656, 0.0259960517287, 0.0144319422543, 0.0136498324573, 0.0135951181874, 0.0125899519771, 0.0146504435688, 0.0173773467541, 0.0225979629904, 0.0217311196029], "min": [0, 0, 0, 0, 0, 0, 0, 0, 0, 0, 0, 0, 0, 0, 0, 0, 0, 0, 0, 0, 0, 0, 0, 0, 0, 0, 0, 0, 0, 0, 0, 0, 0, 0, 0, 0], "dvar2": [0.127524346113, 0.130142465234, 0.1608966887, 0.198209524155, 0.205271795392, 0.206568300724, 0.213852003217, 0.223379433155, 0.191075488925, 0.142886638641, 0.166839703918, 0.151704609394, 0.164220362902, 0.166342005134, 0.163241669536, 0.190889582038, 0.178898632526, 0.162964999676, 0.166557773948, 0.216410934925, 0.192533403635, 0.176264241338, 0.240080222487, 0.222475543618, 0.171327352524, 0.161786153913, 0.178024455905, 0.141111880541, 0.132091313601, 0.11726578325, 0.0995127037168, 0.110053062439, 0.102123454213, 0.126093909144, 0.107558123767, 0.116710528731], "dvar": [0.0477466806769, 0.0485100485384, 0.0578196719289, 0.0716825127602, 0.0730597376823, 0.0780942440033, 0.0773058012128, 0.0820329785347, 0.0692435875535, 0.0519410856068, 0.0604811236262, 0.0544218458235, 0.0587278790772, 0.0592266134918, 0.059015199542, 0.0713793560863, 0.0673920586705, 0.0602432414889, 0.062441509217, 0.0786891505122, 0.0702025145292, 0.0645621046424, 0.088091135025, 0.0853148922324, 0.0658309087157, 0.0601563118398, 0.0624136552215, 0.0533167645335, 0.0496540591121, 0.043848272413, 0.0356819182634, 0.0398770421743, 0.0369057394564, 0.0441084206104, 0.0401551835239, 0.0449954457581], "dmean": [0.134232461452, 0.132787227631, 0.153544574976, 0.178684070706, 0.188521772623, 0.186571791768, 0.195546835661, 0.192240104079, 0.170013338327, 0.140948280692, 0.142894491553, 0.138362690806, 0.14500080049, 0.144451379776, 0.147487893701, 0.167468965054, 0.164129376411, 0.155307263136, 0.158635631204, 0.172798708081, 0.167481690645, 0.168456733227, 0.21673348546, 0.2114944309, 0.178958848119, 0.177106916904, 0.173896372318, 0.146811634302, 0.131627067924, 0.113179162145, 0.10341399163, 0.106345430017, 0.102628782392, 0.120341479778, 0.12366887182, 0.129269868135], "max": [1, 1, 1, 1, 1, 1, 1, 1, 1, 1, 1, 1, 1, 1, 1, 1, 1, 1, 1, 1, 1, 1, 1, 1, 1, 1, 1, 1, 1, 1, 1, 1, 1, 1, 1, 1], "var": [0.0404426269233, 0.0392721369863, 0.0482278838754, 0.0638248622417, 0.070611551404, 0.077588967979, 0.07263571769, 0.0683507844806, 0.0522612184286, 0.0405347160995, 0.0451890751719, 0.0428805351257, 0.0480023063719, 0.0454456172884, 0.0482744909823, 0.0624958984554, 0.0616947226226, 0.0565103143454, 0.0570020638406, 0.0666623711586, 0.0657025650144, 0.0604719221592, 0.075642041862, 0.0799864381552, 0.0655768886209, 0.0593886747956, 0.0544178970158, 0.0485483594239, 0.0446483008564, 0.0363303981721, 0.0264191702008, 0.0298598911613, 0.0294883642346, 0.0369963385165, 0.0385700240731, 0.0389855206013], "mean": [0.106007516384, 0.101935587823, 0.114935085177, 0.140849262476, 0.154023259878, 0.15727750957, 0.152423590422, 0.140639796853, 0.119053922594, 0.102944411337, 0.10467338562, 0.106459692121, 0.10882370919, 0.10558784008, 0.111865893006, 0.128534942865, 0.131616324186, 0.127620831132, 0.126227602363, 0.130542740226, 0.133069247007, 0.136071413755, 0.159025520086, 0.166297376156, 0.149630442262, 0.154968082905, 0.146771684289, 0.119107723236, 0.104501254857, 0.0878740251064, 0.0761756971478, 0.0774029269814, 0.0800478234887, 0.0941890850663, 0.105733178556, 0.106301344931]}, "tuning_equal_tempered_deviation": 0.255977272987, "chords_changes_rate": 0.180140599608, "key_key": "D#", "tuning_diatonic_strength": 0.368417024612, "key_scale": "minor", "chords_number_rate": 0.0149384886026, "tuning_frequency": 446.91595459, "tuning_nontempered_energy_ratio": 0.907725036144, "chords_histogram": [0, 0.175746917725, 3.25131821632, 0.96660810709, 7.46924448013, 4.6572933197, 5.27240753174, 0.263620376587, 0.263620376587, 7.99648523331, 0, 7.38137102127, 5.88752174377, 2.54833030701, 4.74516677856, 4.21792602539, 12.7416524887, 0, 1.93321621418, 2.54833030701, 4.39367294312, 9.92970085144, 6.41476297379, 6.94200372696], "key_strength": 0.532284677029, "chords_key": "B", "chords_strength": {"dmean2": 0.0276192817837, "median": 0.423783361912, "min": 0.246612414718, "dvar2": 0.000472265179269, "dvar": 0.000276366481557, "dmean": 0.0209755543619, "max": 0.766774952412, "var": 0.00992864184082, "mean": 0.438808321953}, "chords_scale": "minor", "hpcp_entropy": {"dmean2": 1.2802990675, "median": 2.46190524101, "min": 0.0570019520819, "dvar2": 0.96682715416, "dvar": 0.356526762247, "dmean": 0.767715215683, "max": 4.41714525223, "var": 0.704476475716, "mean": 2.47304606438}}, "metadata": {"audio_properties": {"equal_loudness": 0, "codec": "mp3", "downmix": "mix", "sample_rate": 44100, "analysis_sample_rate": 44100, "bit_rate": 128000, "md5_encoded": "58c236f54a6c44104ccd205c12a2f0cb", "length": 52.7673454285, "replay_gain": 6.27302742004, "lossless": false}, "version": {"essentia_build_sha": "cead25079874084f62182a551b7393616cd33d87", "essentia": "2.1-beta2", "extractor": "music 1.0", "essentia_git_sha": "v2.1_beta2-1-ge3940c0"}, "tags": {"title": ["Intro"], "language": ["eng"], "media": ["(CD)"], "albumartist": ["Bob Marley & The Wailers"], "musicbrainz_releasegroupid": ["46d75c17-1748-3c2a-a1dc-f78abdd0ccae"], "musicbrainz_recordingid": ["0b6f3f28-3e3c-44a6-ab78-e332bd9a404b"], "musicbrainz_albumartistid": ["c296e10c-110a-4103-9e77-47bfebb7fb2e"], "discnumber": ["01/01"], "album": ["1973-10-31: KSAN Studios (The Record Plant), Sausalito, CA, USA"], "originalalbum": ["Live at Record Plant Studios, Sausalito CA"], "musicbrainz album type": ["Album", "Live"], "musicbrainz album status": ["Bootleg"], "file_name": "01 [intro].mp3", "acoustid_fingerprint": ["AQABjkp2JkmiRTiPxg-DimCiSugjIaeKJM9xF2uYpUf1J_jyo1Ty48qxHYFyGaEyZTmaaNnx6ZisLBa8H33w4x_yyRBTRTnyxE9wvXhe_OmRTjrUaUfuofmDH48aDTlbaHKiI5fQTD6mKsxRasf2GemVDNqRa9VRKslRZpfwC08ZBo7TI1dmQc-FnxL8MMiVkBKeB5OsopFvcI6KpvlQ30dyhMnhTjjzg-IjNA-OzDW0B2GYZ7hiPEd_OIdVGk8c6kin5OiHZA_BZjImXviPS5KCSyOaHf3x5Xh-vB-adZxRZkwRHlpOId-Pr_hDwkkTibgr_Ebz4S38LEimJjvyb3jCok-FRlF4PD1OOOfxB6eyHHaOR0LOZdCu5Ak29gij6bgS4tJxUmge9ghvJA-uH9WIs7xQ4iFOOviFRNGkBWGOvxH6UWjy41inCNciJSx-4i8i5Qw0HbmU4zqaHbVyBT0PJjGz42le5D6kx9AfxkJYhSyapySY52jI5LioC5-qBN2SHGl-6CrSp5TwY2sSVFQfRG2-Q_qRL8MXJTqefMJF8A_xHyfKI2XSQTMRX6HwSVXwXCP-I09NJF-G5jXK9Ph53HimpINDLUae3EiOZynqrUnROCCPnzv6B14T5NEF14f26uAnaoifBE90YQ7s4Dl-5G5wmcZzIsyXonKDnMcvQw6PMEaPO8d1lBTChIqgD7kTPP3QZDtKKRFOHZeMStqJVNehH2GiNzh-eMZ-sIqG78FlVGIehGEF_RHy4kkb9NHhfE_wGiWyBnf2CXHKAG6EE_9RbZJzdFe2EKeiD08-HFQ-43lC4bqR5xW0_BpONMWT4zHUE_l1nE5M0AmNvGieR9B-5EtyfOGOB49zVJIPJzxOhKlz6CTCL0fTHfmUB9_BKVOGKnkPn8h-2HkC95hYB9-OVKoyQaWWI_V4XMwx51SQm0KtQEvzIKvX48qJR8e6B40xUUceBvkLskfTvSjZcHh6wl_w5GCpo9m0INxEyE2sQNFzNH2RLxUs5bjO4XkQvTkSaVKi49txHr8jPFmOXeIRqc2h8Qi9k2gUXsGnhDhz8EJyIn3SBex03MRzos3RTOSQmkGSS8edB41Oo5KeBLtyXDtyiJUyBvnk4XR0PMSv4zymI0z1BsnRl_iCUqRwP8IYpVImNFR09Men42isdRMY5gl-vD4SVtIp5J-ISyS8KHlx4TmaGswV40fJT3Ci5QmaSGGwcz0AABwTRhBGjDAICIIEUIYYKIRgECAAhABAAkEIcUIQIIUAmgAgCDEAGAoAEoIRAYRRCglAESAIGIcRYVIIR4CSQgvBgBEEOQEYAkYIZAADhikGGTCAMGWIcUpQAIQSRAiDDBAMAAUKAEIwIqBGgAhjASIAASmoAZIIhYCQgAEBhAFACSUBRIwAAYgwRBBgCQGIUQ2MUMAIQ4wgRFCkDGgYIGCMAEggI4GFEEKEGEJMIYUEMAYxKYhSiAECJCBQKiAQAQkIgwQQwAGACHAAAGCMDEAQZwARxDCmAADAASEYIUgowxTzABGDEECUCAccAgAJgABQSADEgAJCAWOIAZQ4A4gwRDBCmDMOCUEUEgBpIgBRxAACgIECAYIAUASpBJQAChDGFAsOEKOAJdpRBgABAhhEEUAcGCEA"], "date": ["1973"], "genre": ["Reggae"], "musicip_puid": ["164877cb-d5c0-b67f-db99-34b3aa6f955a"], "script": ["Latin"], "musicbrainz_albumid": ["470a0a07-4ed9-4fcd-913e-7f6ee32ca71f"], "artist": ["Bob Marley and the Wailers"], "artistsort": ["Marley, Bob & The Wailers"], "tracknumber": ["01/12"], "albumartistsort": ["Marley, Bob & The Wailers"], "acoustid_id": ["549dc17b-e034-4443-a3d4-27445af8ad8a"], "musicbrainz_artistid": ["c296e10c-110a-4103-9e77-47bfebb7fb2e"]}}, "rhythm": {"bpm_histogram_first_peak_bpm": {"dmean2": 0, "median": 88, "min": 88, "dvar2": 0, "dvar": 0, "dmean": 0, "max": 88, "var": 0, "mean": 88}, "bpm": 89.6073150635, "bpm_histogram_second_peak_spread": {"dmean2": 0, "median": 0.578947365284, "min": 0.578947365284, "dvar2": 0, "dvar": 0, "dmean": 0, "max": 0.578947365284, "var": 0, "mean": 0.578947365284}, "bpm_histogram_first_peak_weight": {"dmean2": 0, "median": 0.112359553576, "min": 0.112359553576, "dvar2": 0, "dvar": 0, "dmean": 0, "max": 0.112359553576, "var": 0, "mean": 0.112359553576}, "onset_rate": 3.95991158485, "beats_position": [0.626938760281, 1.27709746361, 1.92725622654, 2.57741498947, 3.22757363319, 3.87773227692, 4.51628112793, 5.16644001007, 5.8282084465, 6.43192720413, 7.02403593063, 7.61614513397, 8.20825386047, 8.80036258698, 9.4040813446, 10.0078001022, 10.623128891, 11.2384576797, 11.8537864685, 12.4807252884, 13.1076641083, 13.6765527725, 14.2570514679, 14.8491611481, 15.3716096878, 15.9056682587, 16.4281177521, 16.9621772766, 17.4846248627, 17.9374141693, 18.4018135071, 18.8662128448, 19.3073921204, 19.8066215515, 20.3174591064, 20.8282985687, 21.3275279999, 21.826757431, 22.3143768311, 22.8136043549, 23.312833786, 23.8236732483, 24.3345127106, 24.8453502655, 25.3329696655, 25.8205890656, 26.3198184967, 26.865486145, 27.3995456696, 27.9336051941, 28.4908847809, 29.0597724915, 29.6170520782, 30.1743297577, 30.7199993134, 31.265668869, 31.8113365173, 32.3453979492, 32.8910636902, 33.4367332458, 33.9824028015, 34.6673927307, 35.3407707214, 36.0141487122, 36.6991386414, 37.3260765076, 37.9646263123, 38.5915641785, 39.2765541077, 39.9615402222, 40.6465301514, 41.3315200806, 42.0165061951, 42.7014961243, 43.2703857422, 43.8508834839, 44.4313812256, 45.011882782, 45.5807685852, 46.1844902039, 46.7998161316, 47.4035377502, 48.018863678, 48.6341934204, 49.1798629761, 49.7371406555, 50.2944221497, 50.8516998291, 51.4321975708, 52.0010871887], "beats_loudness": {"dmean2": 0.0495850481093, "median": 0.00483892578632, "min": 2.87528255285e-05, "dvar2": 0.0291203875095, "dvar": 0.00987394619733, "dmean": 0.0284456834197, "max": 0.742735922337, "var": 0.00666583422571, "mean": 0.0251559019089}, "danceability": 1.05072700977, "bpm_histogram_second_peak_weight": {"dmean2": 0, "median": 0.0898876413703, "min": 0.0898876413703, "dvar2": 0, "dvar": 0, "dmean": 0, "max": 0.0898876413703, "var": 0, "mean": 0.0898876413703}, "beats_count": 90, "bpm_histogram_second_peak_bpm": {"dmean2": 0, "median": 110, "min": 110, "dvar2": 0, "dvar": 0, "dmean": 0, "max": 110, "var": 0, "mean": 110}, "bpm_histogram_first_peak_spread": {"dmean2": 0, "median": 0.411764681339, "min": 0.411764681339, "dvar2": 0, "dvar": 0, "dmean": 0, "max": 0.411764681339, "var": 0, "mean": 0.411764681339}, "beats_loudness_band_ratio": {"dmean2": [0.394821673632, 0.390498042107, 0.300110787153, 0.122052580118, 0.0398390851915, 0.180608645082], "median": [0.512679278851, 0.150105908513, 0.141240149736, 0.0199047122151, 0.011197283864, 0.0139175131917], "min": [0.0247215889394, 0.00201474130154, 0.00260840589181, 0.000986195984297, 0.00150273740292, 0.00117051263805], "dvar2": [0.0713792517781, 0.0734106376767, 0.0711624622345, 0.0133152483031, 0.00403738068417, 0.136802256107], "dvar": [0.0315306857228, 0.0314469113946, 0.0250147730112, 0.00543456338346, 0.00170962046832, 0.0465540997684], "dmean": [0.227753803134, 0.219878479838, 0.177389204502, 0.0685154646635, 0.0234166905284, 0.0934797376394], "max": [0.9397777915, 0.735405921936, 0.756390810013, 0.360429376364, 0.289903789759, 0.966793656349], "var": [0.0613765753806, 0.0365570932627, 0.0376670137048, 0.00540282484144, 0.00164337444585, 0.0254164412618], "mean": [0.488435953856, 0.223934978247, 0.202564135194, 0.0547166280448, 0.0232644826174, 0.0581304244697]}}, "lowlevel": {"barkbands_spread": {"dmean2": 14.0546474457, "median": 10.6930379868, "min": 1.49770212173, "dvar2": 480.101776123, "dvar": 209.381988525, "dmean": 8.97977733612, "max": 113.150444031, "var": 420.239257812, "mean": 19.4769973755}, "melbands_spread": {"dmean2": 17.4673442841, "median": 8.21469306946, "min": 0.882766246796, "dvar2": 1546.88439941, "dvar": 730.389038086, "dmean": 11.3990030289, "max": 242.804412842, "var": 1084.23840332, "mean": 18.3243293762}, "hfc": {"dmean2": 5.84386968613, "median": 0.68528842926, "min": 1.19577944035e-16, "dvar2": 514.602661133, "dvar": 381.235412598, "dmean": 4.63734817505, "max": 633.515197754, "var": 1357.64672852, "mean": 8.85777378082}, "barkbands_kurtosis": {"dmean2": 10.9239559174, "median": 8.9925031662, "min": -1.90476465225, "dvar2": 166.544555664, "dvar": 84.4134140015, "dmean": 7.32236194611, "max": 154.274658203, "var": 255.815414429, "mean": 13.5430307388}, "gfcc": {"mean": [-156.60786438, 86.441986084, -68.0805587769, 32.4452896118, -47.6298561096, 1.94815611839, -35.9489936829, -1.41310060024, -23.5517845154, 4.77828979492, -7.312541008, -2.2680413723, -21.5155315399], "icov": [[0.000828480755445, -0.00145640282426, 0.00140255026054, -0.00127782486379, 0.00147426046897, -0.00112775643356, 0.000988722080365, -0.000680845987517, 0.000391433917684, -0.000141719792737, 0.000185033699381, -0.000186447708984, -0.000109642969619], [-0.00145640282426, 0.00529665779322, -0.00286649703048, 0.00403499417007, -0.00258320895955, 0.0041428161785, -0.00213010073639, 0.00389233534224, -0.00119086459745, 0.00401936750859, -0.00331950350665, 0.00337922037579, -0.000739461451303], [0.00140255026054, -0.00286649703048, 0.0042998790741, -0.00269617792219, 0.00194822414778, -0.00189964636229, 0.00171776942443, -0.00163914740551, 0.00186657952145, -0.000641441089101, 0.00139220419805, -0.00235882727429, 0.000247888616286], [-0.00127782486379, 0.00403499417007, -0.00269617792219, 0.00581427710131, -0.000988059211522, 0.00296116271056, -0.000798880006187, 0.00251028500497, 0.000240775887505, -9.72144553089e-05, -0.000739746901672, 0.00255177146755, -0.00216878135689], [0.00147426046897, -0.00258320895955, 0.00194822414778, -0.000988059211522, 0.00636629527435, -0.00254364334978, 0.00354889663868, -0.00291527993977, 0.00260134204291, -0.00316616497003, 0.0033763225656, -0.00038319604937, -0.000314180244459], [-0.00112775643356, 0.0041428161785, -0.00189964636229, 0.00296116271056, -0.00254364334978, 0.00891391932964, -0.00496745901182, 0.00357502046973, -0.00165204901714, 0.0024701487273, -0.00245038000867, 0.00252705649473, 0.000990518601611], [0.000988722080365, -0.00213010073639, 0.00171776942443, -0.000798880006187, 0.00354889663868, -0.00496745901182, 0.00955961178988, -0.00532347196713, 0.00491237780079, -0.00261973962188, 0.00532333320007, -0.00388544332236, 0.00308549427427], [-0.000680845987517, 0.00389233534224, -0.00163914740551, 0.00251028500497, -0.00291527993977, 0.00357502046973, -0.00532347196713, 0.013151393272, -0.00500902812928, 0.0067547140643, -0.00429818918929, 0.00537329120561, -0.00387745816261], [0.000391433917684, -0.00119086459745, 0.00186657952145, 0.000240775887505, 0.00260134204291, -0.00165204901714, 0.00491237780079, -0.00500902812928, 0.0171243958175, -0.0064059542492, 0.00558736734092, -0.00131878070533, 0.00045054135262], [-0.000141719792737, 0.00401936750859, -0.000641441089101, -9.72144553089e-05, -0.00316616497003, 0.0024701487273, -0.00261973962188, 0.0067547140643, -0.0064059542492, 0.0168885812163, -0.00785084441304, 0.00455288263038, -0.00183781131636], [0.000185033699381, -0.00331950350665, 0.00139220419805, -0.000739746901672, 0.0033763225656, -0.00245038000867, 0.00532333320007, -0.00429818918929, 0.00558736734092, -0.00785084441304, 0.016282947734, -0.00632300414145, 0.00633970228955], [-0.000186447708984, 0.00337922037579, -0.00235882727429, 0.00255177146755, -0.00038319604937, 0.00252705649473, -0.00388544332236, 0.00537329120561, -0.00131878070533, 0.00455288263038, -0.00632300414145, 0.0139455776662, -0.00753734121099], [-0.000109642969619, -0.000739461451303, 0.000247888616286, -0.00216878135689, -0.000314180244459, 0.000990518601611, 0.00308549427427, -0.00387745816261, 0.00045054135262, -0.00183781131636, 0.00633970228955, -0.00753734121099, 0.0186850894243]], "cov": [[11582.1230469, 2862.95751953, -1809.55493164, 21.0676136017, -1504.87487793, -486.363739014, -811.673400879, -429.180664062, 21.353937149, -362.983184814, 694.09173584, -559.625671387, -244.29649353], [2862.95751953, 1947.16540527, -182.330841064, -577.4765625, -237.452514648, -338.430786133, -281.71673584, -174.42527771, -74.4200134277, -288.602783203, 267.641571045, -180.56362915, -136.715621948], [-1809.55493164, -182.330841064, 780.057983398, 70.741104126, 160.379165649, -1.75738358498, 80.8114929199, 20.3489589691, -63.9547462463, -2.16213583946, -79.6407623291, 150.953460693, 62.9398918152], [21.0676136017, -577.4765625, 70.741104126, 641.371826172, -62.2292480469, -34.6933517456, -75.3918609619, -29.5576992035, 24.1869430542, 131.053390503, -44.0833892822, 19.5849781036, 93.0486068726], [-1504.87487793, -237.452514648, 160.379165649, -62.2292480469, 476.666625977, 40.3035087585, 18.6748352051, 67.8449859619, 6.23741817474, 60.084903717, -112.304618835, 11.2088394165, 37.6801147461], [-486.363739014, -338.430786133, -1.75738358498, -34.6933517456, 40.3035087585, 297.097900391, 187.033966064, 39.6110229492, -5.81283187866, 20.4796829224, -47.2883911133, 19.8117847443, -31.7970581055], [-811.673400879, -281.71673584, 80.8114929199, -75.3918609619, 18.6748352051, 187.033966064, 340.61807251, 92.3261871338, -38.0390396118, -18.3683185577, -84.7007751465, 64.8731307983, -18.4051513672], [-429.180664062, -174.42527771, 20.3489589691, -29.5576992035, 67.8449859619, 39.6110229492, 92.3261871338, 162.01651001, 19.8068141937, -19.9495658875, -54.1272392273, -2.38493561745, 19.2571582794], [21.353937149, -74.4200134277, -63.9547462463, 24.1869430542, 6.23741817474, -5.81283187866, -38.0390396118, 19.8068141937, 92.8269348145, 36.3355484009, -19.9158420563, -19.6663970947, 11.8003616333], [-362.983184814, -288.602783203, -2.16213583946, 131.053390503, 60.084903717, 20.4796829224, -18.3683185577, -19.9495658875, 36.3355484009, 153.215835571, -0.962803721428, 2.99624562263, 16.2356929779], [694.09173584, 267.641571045, -79.6407623291, -44.0833892822, -112.304618835, -47.2883911133, -84.7007751465, -54.1272392273, -19.9158420563, -0.962803721428, 162.244003296, -10.5306329727, -44.932975769], [-559.625671387, -180.56362915, 150.953460693, 19.5849781036, 11.2088394165, 19.8117847443, 64.8731307983, -2.38493561745, -19.6663970947, 2.99624562263, -10.5306329727, 164.147598267, 48.3287010193], [-244.29649353, -136.715621948, 62.9398918152, 93.0486068726, 37.6801147461, -31.7970581055, -18.4051513672, 19.2571582794, 11.8003616333, 16.2356929779, -44.932975769, 48.3287010193, 102.047332764]]}, "spectral_energyband_middle_low": {"dmean2": 0.00677985046059, "median": 0.000869908079039, "min": 2.91030831314e-22, "dvar2": 0.00072549469769, "dvar": 0.000485880183987, "dmean": 0.00524826813489, "max": 0.853059768677, "var": 0.00198849895969, "mean": 0.0116125755012}, "melbands_crest": {"dmean2": 5.99623727798, "median": 14.1504421234, "min": 2.37166213989, "dvar2": 29.9074573517, "dvar": 11.1847190857, "dmean": 3.70686292648, "max": 33.1090698242, "var": 30.2055225372, "mean": 15.2657966614}, "spectral_kurtosis": {"dmean2": 3.30833506584, "median": 4.53182077408, "min": -1.25574851036, "dvar2": 22.3014545441, "dvar": 9.20677757263, "dmean": 2.11516451836, "max": 58.8565635681, "var": 28.4429187775, "mean": 6.13078355789}, "spectral_rms": {"dmean2": 0.000765003380366, "median": 0.00122882949654, "min": 3.18812446061e-12, "dvar2": 1.62073263255e-06, "dvar": 1.11867848318e-06, "dmean": 0.000592367665377, "max": 0.030737798661, "var": 9.09661685e-06, "mean": 0.00239235023037}, "zerocrossingrate": {"dmean2": 0.018983438611, "median": 0.041015625, "min": 0.005859375, "dvar2": 0.000606070912909, "dvar": 0.000539090076927, "dmean": 0.0162256304175, "max": 0.51953125, "var": 0.00240268139169, "mean": 0.0594878569245}, "silence_rate_60dB": {"dmean2": 0.116197183728, "median": 1, "min": 0, "dvar2": 0.120301812887, "dvar": 0.0547003857791, "dmean": 0.0580730326474, "max": 1, "var": 0.242339417338, "mean": 0.587511003017}, "erbbands_kurtosis": {"dmean2": 4.19947910309, "median": 0.945111036301, "min": -1.83648908138, "dvar2": 43.7415924072, "dvar": 20.6572990417, "dmean": 2.74944877625, "max": 60.2507896423, "var": 40.8428993225, "mean": 3.18101334572}, "erbbands": {"dmean2": [0.0135249346495, 0.134025752544, 0.41131156683, 1.64315974712, 4.32204246521, 3.88695335388, 9.72820091248, 28.4734382629, 46.7360038757, 38.383731842, 33.0440406799, 14.2324609756, 7.68910646439, 5.03634405136, 9.02300071716, 19.9671535492, 26.9246330261, 15.6801261902, 11.0807437897, 6.17774391174, 4.87040138245, 5.18527746201, 1.90331125259, 2.64269781113, 4.72979259491, 3.70402598381, 1.83859121799, 3.85350060463, 4.7521853447, 3.0091843605, 1.80814754963, 0.661597251892, 0.326454550028, 0.123542882502, 0.0339467711747, 0.00747886672616, 0.00182921532542, 0.000720093492419, 2.8374395697e-05, 1.02557205537e-05], "median": [0.00394760072231, 0.0458521395922, 0.136635482311, 0.63193166256, 0.837303876877, 0.582444608212, 0.606505572796, 0.799830436707, 0.938851237297, 0.566457509995, 0.252551734447, 0.120737314224, 0.0892989709973, 0.0834490656853, 0.10144880414, 0.144282341003, 0.269662111998, 0.229165360332, 0.129020959139, 0.0690482258797, 0.091393083334, 0.141562968493, 0.0929292961955, 0.118024900556, 0.22460962832, 0.152940452099, 0.0767299607396, 0.0435111373663, 0.0288865789771, 0.040354847908, 0.0338020846248, 0.0275798365474, 0.0227346904576, 0.00874191150069, 0.0037154329475, 0.00171527534258, 0.00110785651486, 0.00195692852139, 6.39389472781e-05, 3.59689511242e-06], "min": [5.85003747773e-22, 2.84390995386e-21, 2.76584187549e-20, 4.90199347902e-20, 9.28034091751e-20, 2.09522380543e-19, 9.75581079595e-20, 1.44435441399e-19, 3.62164565142e-19, 4.11868684928e-19, 7.12660300178e-19, 2.42060964579e-18, 3.84665661412e-18, 1.1392148531e-18, 1.45692593079e-18, 2.78386725256e-18, 3.3869720818e-18, 3.46392800291e-18, 3.51378714151e-18, 8.3396415532e-18, 9.01432811111e-18, 7.73894630109e-18, 8.23739210333e-18, 1.87383771878e-17, 1.87720120059e-17, 9.74699672123e-18, 2.44301325365e-17, 1.88741522679e-17, 1.63912025688e-17, 1.96512537118e-17, 1.28255793271e-17, 2.06747457904e-17, 1.19734335764e-17, 8.62676917871e-18, 9.80786894251e-18, 5.10791803749e-18, 2.99137129948e-18, 1.50512874361e-18, 3.68991932973e-19, 3.90009390341e-20], "dvar2": [0.022491151467, 0.205061808228, 0.890192210674, 12.9611825943, 147.881774902, 154.938583374, 3191.40527344, 36441.6875, 62520.2617188, 73298.015625, 76956.5546875, 10473.0927734, 7287.52587891, 1221.44396973, 4064.00341797, 21099.3867188, 67220.796875, 8339.07421875, 11265.8447266, 4560.04736328, 3089.94995117, 2623.80688477, 171.093399048, 310.693206787, 1458.6697998, 714.018432617, 86.9571685791, 1152.55859375, 1477.42138672, 427.234588623, 260.785369873, 15.4922819138, 2.77306389809, 0.700565457344, 0.0436496399343, 0.00132140377536, 5.90187264606e-05, 7.81909022862e-07, 3.06797698357e-09, 1.33949240588e-09], "dvar": [0.00845620129257, 0.0863555595279, 0.57396197319, 7.81473255157, 99.8399963379, 99.5074615479, 1401.48828125, 15346.2470703, 35795.4296875, 46181.2226562, 43518.1914062, 5799.80908203, 4718.77392578, 532.440979004, 2850.15209961, 13550.8691406, 30356.7910156, 4844.73486328, 5751.82470703, 2399.53222656, 1841.29284668, 1482.97546387, 92.0549621582, 138.206176758, 639.334106445, 285.513885498, 44.9622039795, 585.356994629, 823.851989746, 241.883117676, 120.875106812, 8.61363315582, 1.41244220734, 0.323340207338, 0.0198594797403, 0.000665742729325, 3.36622470059e-05, 3.64880378356e-07, 1.62915014812e-09, 9.56697943089e-10], "dmean": [0.00821594148874, 0.0924157723784, 0.319251656532, 1.16454184055, 3.11144399643, 2.80821061134, 6.69622135162, 18.8214797974, 33.0137214661, 29.0877628326, 22.1031284332, 10.5623588562, 6.75675153732, 3.5117919445, 6.67257928848, 14.2412509918, 18.2663803101, 11.2669887543, 8.02885341644, 4.14888811111, 3.36125564575, 3.89026594162, 1.34622144699, 1.76272320747, 3.16335320473, 2.34947061539, 1.19693899155, 2.60971808434, 3.25120282173, 2.02358341217, 1.24176871777, 0.460867524147, 0.2270976156, 0.0836554393172, 0.0229320637882, 0.00511093065143, 0.0012356985826, 0.000438023213064, 1.75205223059e-05, 7.92491391621e-06], "max": [3.63370466232, 10.8795824051, 27.106502533, 95.2159194946, 380.338104248, 435.610198975, 1295.00830078, 3680.29125977, 6287.78857422, 10627.3466797, 8090.0234375, 2066.1809082, 3470.5300293, 918.840454102, 2376.00366211, 5054.40332031, 6274.58105469, 2586.89038086, 2669.65991211, 2104.9765625, 2085.42919922, 2127.32958984, 431.727844238, 507.675872803, 1071.1706543, 582.269165039, 175.957565308, 709.030517578, 776.996948242, 480.521728516, 393.660003662, 94.0760879517, 41.0761299133, 16.6507034302, 4.32925128937, 0.649630129337, 0.12860147655, 0.0135557446629, 0.00158227211796, 0.00117951619904], "var": [0.00676239235327, 0.165392413735, 3.57740449905, 48.9109916687, 337.545013428, 562.283630371, 4748.61230469, 19960.0976562, 82935.5390625, 83786.3046875, 56294.671875, 10038.5058594, 9967.41992188, 1424.50769043, 6034.53027344, 25197.7636719, 31930.8671875, 8355.60839844, 8674.60839844, 9977.31152344, 5682.37841797, 5058.77294922, 331.078399658, 244.045959473, 934.190307617, 285.453399658, 57.0760307312, 721.66418457, 1186.96374512, 331.235809326, 131.919555664, 12.053196907, 1.86442911625, 0.352972686291, 0.0221774466336, 0.00096622412093, 5.1814091421e-05, 7.57191799039e-07, 4.38590586072e-09, 4.16769196931e-09], "mean": [0.0113774696365, 0.203605890274, 0.810825765133, 2.97692251205, 6.55360364914, 6.25481700897, 12.4211969376, 25.7736568451, 47.2887001038, 35.8617019653, 26.1166858673, 14.4881029129, 9.01385974884, 5.07989358902, 8.54372787476, 16.9974460602, 19.5924758911, 12.7320632935, 8.93263816833, 8.3590669632, 6.4424200058, 6.49619436264, 2.19532465935, 2.4096570015, 4.18819713593, 2.82631492615, 1.37371551991, 2.58641958237, 3.46029067039, 2.12756967545, 1.24178719521, 0.502415776253, 0.266414493322, 0.0908913239837, 0.0262741651386, 0.00687586748973, 0.00231515103951, 0.00202018488199, 7.1146976552e-05, 1.92567349586e-05]}, "spectral_strongpeak": {"dmean2": 0.432831496, "median": 0.145977973938, "min": 0, "dvar2": 0.982391059399, "dvar": 0.49046626687, "dmean": 0.292081922293, "max": 15.0337505341, "var": 1.18382394314, "mean": 0.523986279964}, "spectral_energy": {"dmean2": 0.00814413372427, "median": 0.00154777267016, "min": 1.04182412643e-20, "dvar2": 0.000925288884901, "dvar": 0.000667002284899, "dmean": 0.00645224563777, "max": 0.968432545662, "var": 0.00294806296006, "mean": 0.015190443024}, "average_loudness": 0.00464758370072, "spectral_rolloff": {"dmean2": 1052.44641113, "median": 430.6640625, "min": 43.06640625, "dvar2": 4289374, "dvar": 2126638.5, "dmean": 618.582641602, "max": 18927.6855469, "var": 2888950.25, "mean": 1042.53039551}, "spectral_centroid": {"dmean2": 541.205627441, "median": 689.389892578, "min": 188.057952881, "dvar2": 687822.0625, "dvar": 426161.375, "dmean": 368.740020752, "max": 10741.8505859, "var": 1030982, "mean": 1073.65014648}, "pitch_salience": {"dmean2": 0.124103762209, "median": 0.661720633507, "min": 0.21217751503, "dvar2": 0.011814551428, "dvar": 0.00446327775717, "dmean": 0.0754922404885, "max": 0.85739505291, "var": 0.0144883003086, "mean": 0.636982858181}, "spectral_energyband_middle_high": {"dmean2": 0.00136037473567, "median": 5.83033033763e-05, "min": 1.43186206016e-21, "dvar2": 5.43932474102e-05, "dvar": 3.76724892703e-05, "dmean": 0.00110091746319, "max": 0.192707285285, "var": 0.000117224080896, "mean": 0.00185795489233}, "spectral_contrast_coeffs": {"dmean2": [0.0655127167702, 0.0737340375781, 0.0525273568928, 0.0569819249213, 0.040206130594, 0.0353177748621], "median": [-0.676522135735, -0.772600650787, -0.861392974854, -0.82744884491, -0.834276020527, -0.820271849632], "min": [-0.96159183979, -0.952057003975, -0.966280043125, -0.960166871548, -0.956653654575, -0.960226655006], "dvar2": [0.00286059291102, 0.00391329312697, 0.0016727532493, 0.0024139911402, 0.00133523752447, 0.00109531392809], "dvar": [0.0013190502068, 0.00192032230552, 0.000678101088852, 0.00105976569466, 0.000575735233724, 0.000529476557858], "dmean": [0.0430207140744, 0.0483814030886, 0.0320980288088, 0.0369937121868, 0.0258291363716, 0.0236850585788], "max": [-0.226974055171, -0.315596222878, -0.577213525772, -0.497937083244, -0.596890211105, -0.593799710274], "var": [0.012834305875, 0.0118799610063, 0.00273036700673, 0.0044416342862, 0.00240679318085, 0.00263713276945], "mean": [-0.676061689854, -0.750183343887, -0.849713861942, -0.814523637295, -0.827636122704, -0.808152496815]}, "melbands_skewness": {"dmean2": 1.72357046604, "median": 3.18918037415, "min": -2.5117354393, "dvar2": 3.2287068367, "dvar": 1.33051347733, "dmean": 1.15363645554, "max": 11.3798933029, "var": 4.51096105576, "mean": 3.49971008301}, "spectral_spread": {"dmean2": 926643.375, "median": 4779971, "min": 1532140.375, "dvar2": 1347730800640.0, "dvar": 863518392320, "dmean": 622319.8125, "max": 41219820, "var": 3154159075330.0, "mean": 4974508.5}, "dissonance": {"dmean2": 0.0265684612095, "median": 0.472356557846, "min": 0.201876580715, "dvar2": 0.00074547517579, "dvar": 0.000335184304276, "dmean": 0.0168503411114, "max": 0.500000119209, "var": 0.00132503593341, "mean": 0.460937350988}, "spectral_skewness": {"dmean2": 0.476108670235, "median": 1.71661829948, "min": -0.279111564159, "dvar2": 0.237159729004, "dvar": 0.122258774936, "dmean": 0.331045687199, "max": 6.23972177505, "var": 0.653413534164, "mean": 1.85748624802}, "spectral_flux": {"dmean2": 0.0273921396583, "median": 0.0224764831364, "min": 1.02069783181e-10, "dvar2": 0.00254392786883, "dvar": 0.00103419844527, "dmean": 0.0170037485659, "max": 0.699785292149, "var": 0.0041809794493, "mean": 0.0460513867438}, "spectral_contrast_valleys": {"dmean2": [0.661107122898, 0.681793570518, 0.632792592049, 0.594992816448, 0.482934981585, 0.40135538578], "median": [-8.25455474854, -8.05800533295, -9.21166992188, -9.58931922913, -9.35433578491, -11.7353782654], "min": [-27.1885166168, -27.7059669495, -26.9533634186, -27.3004703522, -27.1780109406, -27.2830467224], "dvar2": [0.400755494833, 0.383666962385, 0.365913718939, 0.342413455248, 0.278176158667, 0.209579840302], "dvar": [0.219345599413, 0.250574678183, 0.219714984298, 0.210538417101, 0.19345676899, 0.158984109759], "dmean": [0.41092467308, 0.456468969584, 0.430628031492, 0.411094069481, 0.349623978138, 0.297860115767], "max": [-5.67144823074, -4.34921836853, -4.41868114471, -5.38561630249, -5.58179187775, -7.72316837311], "var": [1.14487588406, 2.05893850327, 1.70380294323, 1.38233339787, 1.16989052296, 0.814551711082], "mean": [-8.28338909149, -8.01186275482, -9.013463974, -9.45944690704, -9.22486209869, -11.5613508224]}, "erbbands_flatness_db": {"dmean2": 0.0335161499679, "median": 0.146497040987, "min": 0.0252491924912, "dvar2": 0.00113950821105, "dvar": 0.000549449818209, "dmean": 0.0229185409844, "max": 0.330369502306, "var": 0.00403263512999, "mean": 0.148034125566}, "spectral_energyband_high": {"dmean2": 0.000301605818095, "median": 1.12111738417e-05, "min": 7.58503538299e-21, "dvar2": 4.45402156402e-06, "dvar": 2.4276748718e-06, "dmean": 0.00021357787773, "max": 0.0451449565589, "var": 3.33760522153e-06, "mean": 0.00023653707467}, "spectral_entropy": {"dmean2": 0.313875854015, "median": 7.27913713455, "min": 5.70494127274, "dvar2": 0.0982112959027, "dvar": 0.0595638491213, "dmean": 0.222742035985, "max": 9.78087997437, "var": 0.421952307224, "mean": 7.31970787048}, "silence_rate_20dB": {"dmean2": 0.00528169004247, "median": 1, "min": 0, "dvar2": 0.00613388186321, "dvar": 0.00263286498375, "dmean": 0.00263968319632, "max": 1, "var": 0.00481425411999, "mean": 0.995162725449}, "melbands_flatness_db": {"dmean2": 0.0497734732926, "median": 0.267286479473, "min": 0.00721704028547, "dvar2": 0.00245028012432, "dvar": 0.00128475564998, "dmean": 0.0350747294724, "max": 0.431425035, "var": 0.00528886821121, "mean": 0.261131078005}, "barkbands": {"dmean2": [9.23176194192e-05, 0.000552579993382, 0.000396388204535, 0.000959307362791, 0.0012880070135, 0.00287298834883, 0.00331246806309, 0.00161005067639, 0.000646335072815, 0.000202932904358, 0.000172657630173, 0.000455323664937, 0.000592282274738, 0.000302263651974, 0.00016428148956, 0.000110407650936, 9.17391298572e-05, 2.99216098938e-05, 8.66932168719e-05, 7.52493651817e-05, 6.80585944792e-05, 0.000133691704832, 6.75314076943e-05, 2.33106111409e-05, 7.39976530895e-06, 1.10240137019e-06, 4.28854207257e-07], "median": [1.38161822179e-05, 0.000169740756974, 0.000105436192825, 0.000254910963122, 0.000191885148524, 9.15980126592e-05, 5.37288724445e-05, 1.29346899485e-05, 4.61452236777e-06, 2.60489605353e-06, 2.04415800908e-06, 2.81091638499e-06, 5.42570705875e-06, 3.28981877828e-06, 1.31067088205e-06, 1.31900242195e-06, 2.39132305069e-06, 1.46122408751e-06, 3.64307379641e-06, 3.1316908462e-06, 1.36463950184e-06, 8.16027579731e-07, 1.31373053591e-06, 1.44863884088e-06, 6.06315097684e-07, 4.70185966606e-07, 1.15129842015e-06], "min": [6.57807048606e-24, 1.38901302905e-23, 2.90092332961e-23, 1.36917254619e-23, 4.68364011261e-23, 1.95521084402e-23, 3.29589746516e-23, 2.11159715423e-23, 9.29213964627e-23, 9.4893927379e-23, 1.87276588641e-23, 8.70544864493e-23, 5.87871389692e-23, 7.84150837637e-23, 1.02503254427e-22, 1.37174202394e-22, 1.60278158637e-22, 2.16636249729e-22, 3.96349820613e-22, 1.95316545391e-22, 6.47270495397e-22, 4.01121255264e-22, 5.41322361127e-22, 8.70736336812e-22, 1.08683848353e-21, 1.57358550348e-21, 2.67330718369e-21], "dvar2": [2.97392688253e-07, 8.57850864122e-06, 8.33823435187e-07, 5.36063998879e-06, 1.6303605662e-05, 0.000395078357542, 0.000347870605765, 0.000101683704997, 2.29136549024e-05, 6.44823558105e-06, 1.45108845118e-06, 1.11597073555e-05, 2.35672523559e-05, 4.41541624241e-06, 3.10886434818e-06, 1.88362878362e-06, 9.44363762301e-07, 3.00289570987e-08, 5.05101752424e-07, 3.20497179018e-07, 2.41043522919e-07, 1.30266948872e-06, 3.00363012684e-07, 1.43818557063e-08, 2.41220732278e-09, 2.5204402801e-11, 2.30273319943e-13], "dvar": [1.65747024994e-07, 3.33801449415e-06, 5.47540253137e-07, 2.99537850879e-06, 1.15493148769e-05, 0.000160733558005, 0.000231351383263, 5.55450242246e-05, 1.17359140859e-05, 3.41158943229e-06, 8.7229153678e-07, 6.86390740157e-06, 1.13467604024e-05, 2.38095412897e-06, 1.6323424461e-06, 9.31256067815e-07, 5.58684973839e-07, 1.53336561226e-08, 2.19726260298e-07, 1.27770661607e-07, 1.1904958086e-07, 6.70974827699e-07, 1.42847738971e-07, 8.17144307774e-09, 1.11127396174e-09, 1.37629716651e-11, 8.90916030186e-14], "dmean": [5.60749431315e-05, 0.000369490298908, 0.000297113816487, 0.000682635349222, 0.000953651557211, 0.00193740136456, 0.00236381706782, 0.0010647396557, 0.000470190338092, 0.000162327312864, 0.000125649195979, 0.000327494170051, 0.000399004726205, 0.000197025525267, 0.000115481452667, 7.97850007075e-05, 7.22780605429e-05, 2.00863760256e-05, 5.83321343584e-05, 4.73187246826e-05, 4.53568245575e-05, 8.82991735125e-05, 4.60062910861e-05, 1.63153817994e-05, 5.07726554133e-06, 7.81857465881e-07, 2.51783262684e-07], "max": [0.0176602751017, 0.0749051719904, 0.0331640355289, 0.0584879554808, 0.12029004842, 0.386012256145, 0.656455636024, 0.262192934752, 0.102469883859, 0.089036770165, 0.0436752475798, 0.115440376103, 0.117412120104, 0.0526073798537, 0.0619931034744, 0.0388518832624, 0.0412936583161, 0.00562552548945, 0.0204458553344, 0.0126319890842, 0.00847236998379, 0.0213933549821, 0.0126754883677, 0.00289154192433, 0.000907782581635, 8.46103284857e-05, 7.87952558312e-06], "var": [2.19934776169e-07, 3.99444297727e-06, 4.48149648946e-06, 1.1473684026e-05, 5.74377190787e-05, 0.000221709022298, 0.000579644343816, 7.23269913578e-05, 1.90735427168e-05, 5.71637019675e-06, 1.84571092632e-06, 1.2112002878e-05, 1.30623566292e-05, 3.62546666111e-06, 3.79653351956e-06, 2.35937113757e-06, 1.78782522653e-06, 5.07013346862e-08, 3.23325139107e-07, 1.26694914115e-07, 1.42558747029e-07, 8.74922477578e-07, 1.61052682301e-07, 1.19517080677e-08, 1.21596199776e-09, 2.19216918923e-11, 1.92736763507e-13], "mean": [5.49477008462e-05, 0.000742908800021, 0.000728442682885, 0.00147912348621, 0.00217571808025, 0.00273531419225, 0.00331279891543, 0.00118478841614, 0.000625924381893, 0.000202579045435, 0.000160040654009, 0.000372476148186, 0.000422458077082, 0.000222214817768, 0.000149664949276, 0.000127501916722, 0.000118338008178, 3.06609399559e-05, 7.55606306484e-05, 5.80649575568e-05, 4.46732228738e-05, 9.25277781789e-05, 4.68542129965e-05, 1.89970851352e-05, 5.48712887394e-06, 1.26077600271e-06, 1.15620309771e-06]}, "erbbands_skewness": {"dmean2": 0.954542994499, "median": 0.79563087225, "min": -6.11045217514, "dvar2": 1.04917573929, "dvar": 0.591968476772, "dmean": 0.665531992912, "max": 5.36045837402, "var": 2.0817656517, "mean": 0.758954942226}, "erbbands_spread": {"dmean2": 20.1006908417, "median": 35.5600509644, "min": 2.77585124969, "dvar2": 606.305297852, "dvar": 230.006958008, "dmean": 12.7587032318, "max": 138.315567017, "var": 569.639709473, "mean": 40.014087677}, "melbands_kurtosis": {"dmean2": 23.9177436829, "median": 18.9855880737, "min": -1.93934524059, "dvar2": 1001.59802246, "dvar": 429.172027588, "dmean": 15.5512800217, "max": 234.492019653, "var": 1038.04785156, "mean": 28.9216423035}, "melbands": {"dmean2": [0.000134298912599, 0.000197453802684, 0.000359470577678, 0.000274110789178, 0.000297023885651, 0.000625658722129, 0.000719743780792, 0.000384685845347, 0.000263813446509, 7.49941536924e-05, 3.74831543013e-05, 2.03014169529e-05, 2.47077259701e-05, 4.91765131301e-05, 6.41761216684e-05, 5.38651001989e-05, 3.16620898957e-05, 2.08574256249e-05, 1.06511270133e-05, 8.13261885924e-06, 5.87068689129e-06, 6.54023506286e-06, 2.79696837424e-06, 1.38067900934e-06, 2.12846885006e-06, 4.13990528614e-06, 2.80019526144e-06, 2.53787106885e-06, 1.11052736429e-06, 1.42618193877e-06, 2.63091465058e-06, 2.94040569315e-06, 2.30981186178e-06, 1.55867576268e-06, 1.20321396935e-06, 5.75687863602e-07, 3.52868084974e-07, 2.54313135883e-07, 1.64540196579e-07, 8.70121468211e-08], "median": [4.49510807812e-05, 7.51363404561e-05, 0.00012917870481, 4.88134319312e-05, 2.1823672796e-05, 1.82115836651e-05, 1.37997494676e-05, 5.25355108039e-06, 1.68710448634e-06, 6.589872