{"tonal": {"thpcp": [1, 0.972165107727, 0.796287953854, 0.722978711128, 0.615172564983, 0.541861832142, 0.776912331581, 0.895297884941, 0.773865222931, 0.690974533558, 0.507841765881, 0.442911416292, 0.796654760838, 0.992673516273, 0.806397080421, 0.718652367592, 0.608492076397, 0.464717715979, 0.501284241676, 0.565801858902, 0.633563101292, 0.841029345989, 0.845480680466, 0.5951410532, 0.515702903271, 0.509619235992, 0.497629523277, 0.768508434296, 0.978401839733, 0.779211401939, 0.5846799016, 0.551533997059, 0.555077850819, 0.715211451054, 0.928625464439, 0.953784525394], "hpcp": {"dmean2": [0.334261715412, 0.318416148424, 0.262929320335, 0.24251447618, 0.234235569835, 0.229561135173, 0.267704486847, 0.299382776022, 0.283669024706, 0.258914977312, 0.242899239063, 0.229810163379, 0.259861081839, 0.309268563986, 0.32553806901, 0.315362334251, 0.317848652601, 0.308051526546, 0.282680600882, 0.238759502769, 0.21337197721, 0.263685852289, 0.293237775564, 0.278075903654, 0.28614205122, 0.228272110224, 0.203669056296, 0.266131043434, 0.301919609308, 0.315214902163, 0.351668566465, 0.32694876194, 0.22782382369, 0.217105865479, 0.242015525699, 0.284176379442], "median": [0.116396807134, 0.10743676126, 0.0918004512787, 0.084392786026, 0.0852361693978, 0.0812137871981, 0.12009408325, 0.141360864043, 0.134475648403, 0.10249838233, 0.0959150642157, 0.0987220183015, 0.136046022177, 0.172436863184, 0.18893456459, 0.196655929089, 0.179074257612, 0.150943756104, 0.133043169975, 0.106490887702, 0.0992469489574, 0.143268451095, 0.156346783042, 0.128671586514, 0.0825816094875, 0.0682207345963, 0.07172113657, 0.129197686911, 0.163821905851, 0.14139637351, 0.0864288061857, 0.0740975290537, 0.0721640139818, 0.0830772966146, 0.0914067327976, 0.105736583471], "min": [0, 0, 0, 0, 0, 0, 0, 0, 0, 0, 0, 0, 0, 0, 0, 0, 0, 0, 0, 0, 0, 0, 0, 0, 0, 0, 0, 0, 0, 0, 0, 0, 0, 0, 0, 0], "dvar2": [0.159576535225, 0.147874981165, 0.114491418004, 0.10687943548, 0.100491046906, 0.0895055308938, 0.101721554995, 0.119570992887, 0.110182501376, 0.114862091839, 0.11009324342, 0.0945137217641, 0.0973868593574, 0.114669345319, 0.11651584506, 0.108667060733, 0.11604719609, 0.120879270136, 0.109302297235, 0.0897237807512, 0.0801528096199, 0.0885510742664, 0.107319191098, 0.103550970554, 0.127390056849, 0.099048808217, 0.0867571756244, 0.10047377646, 0.113457754254, 0.123396582901, 0.168860271573, 0.173041805625, 0.0967908501625, 0.0887680947781, 0.0955364108086, 0.121445558965], "dvar": [0.0578473173082, 0.0545854978263, 0.0407922454178, 0.0377988256514, 0.0361895151436, 0.0327142290771, 0.0379539243877, 0.0478184632957, 0.0410417616367, 0.0417317189276, 0.0394248440862, 0.0341531224549, 0.0357309393585, 0.0432982742786, 0.0436915494502, 0.0408282950521, 0.0440695732832, 0.0428766719997, 0.0398245714605, 0.0325553044677, 0.0286282394081, 0.0337780080736, 0.0416043773293, 0.0388888344169, 0.0484023056924, 0.0356275625527, 0.03187713027, 0.0373549833894, 0.0449278540909, 0.0462427325547, 0.0674720481038, 0.0666982829571, 0.0354936756194, 0.0326069444418, 0.0348940379918, 0.042809009552], "dmean": [0.190190017223, 0.181440785527, 0.149161979556, 0.136871099472, 0.131264045835, 0.129188805819, 0.156386569142, 0.174899592996, 0.163621976972, 0.146731942892, 0.136706292629, 0.131286218762, 0.15065819025, 0.18102607131, 0.190710887313, 0.187095969915, 0.183994144201, 0.176441609859, 0.162401095033, 0.137230709195, 0.122779108584, 0.155210748315, 0.170996904373, 0.160458773375, 0.163448110223, 0.130255520344, 0.11553645879, 0.156206697226, 0.175406381488, 0.182779923081, 0.203690603375, 0.186829298735, 0.129882395267, 0.124625079334, 0.139152213931, 0.162251099944], "max": [1, 1, 1, 1, 1, 1, 1, 1, 1, 1, 1, 1, 1, 1, 1, 1, 1, 1, 1, 1, 1, 1, 1, 1, 1, 1, 1, 1, 1, 1, 1, 1, 1, 1, 1, 1], "var": [0.08064327389, 0.0855366587639, 0.0455552637577, 0.0348715446889, 0.03281006217, 0.0313329100609, 0.0595839880407, 0.0942675098777, 0.0555049069226, 0.0393936857581, 0.0361487865448, 0.0330760665238, 0.0430446900427, 0.0655281692743, 0.0628634914756, 0.0695446655154, 0.0752006173134, 0.0510875955224, 0.0467374511063, 0.038267236203, 0.0299380011857, 0.0525490455329, 0.0720700249076, 0.0571388751268, 0.0686726272106, 0.0394866503775, 0.030524617061, 0.0629015639424, 0.0881969928741, 0.0594307258725, 0.0722706913948, 0.0605002380908, 0.0314337052405, 0.0322354249656, 0.0373648256063, 0.0444114953279], "mean": [0.241369649768, 0.242647156119, 0.170801401138, 0.148003190756, 0.146257221699, 0.142816260457, 0.220556661487, 0.280794620514, 0.22362832725, 0.167799130082, 0.158286482096, 0.159303531051, 0.205260783434, 0.266509145498, 0.273729622364, 0.286993145943, 0.279004722834, 0.228529185057, 0.207489937544, 0.17655031383, 0.155510634184, 0.222968518734, 0.256944358349, 0.222094014287, 0.198304951191, 0.145747110248, 0.127112537622, 0.228634461761, 0.284890502691, 0.231430441141, 0.206248298287, 0.174633055925, 0.133370801806, 0.143865138292, 0.162381261587, 0.181828260422]}, "tuning_equal_tempered_deviation": 0.254088163376, "chords_changes_rate": 0.102970965207, "key_key": "D", "tuning_diatonic_strength": 0.637393057346, "key_scale": "major", "chords_number_rate": 0.00405131652951, "tuning_frequency": 434.193115234, "tuning_nontempered_energy_ratio": 0.920994699001, "chords_histogram": [12.8629302979, 12.2889938354, 18.0958805084, 8.71033096313, 0.911546230316, 0.708980441093, 1.99189734459, 0, 1.41796088219, 0.270087778568, 1.24915599823, 0.607697486877, 0.101282916963, 0, 0, 0, 1.41796088219, 5.87440919876, 0.135043889284, 0, 0.270087778568, 2.02565836906, 5.26671171188, 25.7933826447], "key_strength": 0.735903441906, "chords_key": "B", "chords_strength": {"dmean2": 0.0153082767501, "median": 0.464353919029, "min": -1, "dvar2": 0.00124435999896, "dvar": 0.000679610180669, "dmean": 0.0136053077877, "max": 0.724955379963, "var": 0.0268933884799, "mean": 0.459917217493}, "chords_scale": "minor", "hpcp_entropy": {"dmean2": 1.19187784195, "median": 2.64373326302, "min": 0, "dvar2": 0.895455002785, "dvar": 0.333681732416, "dmean": 0.717649698257, "max": 4.55920743942, "var": 0.793153047562, "mean": 2.5971057415}}, "metadata": {"audio_properties": {"equal_loudness": 0, "codec": "mp3", "downmix": "mix", "sample_rate": 44100, "analysis_sample_rate": 44100, "bit_rate": 160030, "md5_encoded": "5a0ef43bbcfdbc453cbe2d161231af52", "length": 137.508575439, "replay_gain": -16.5122127533, "lossless": false}, "version": {"essentia_build_sha": "70f2e5ece6736b2c40cc944ad0e695b16b925413", "essentia": "2.1-beta2", "extractor": "music 1.0", "essentia_git_sha": "v2.1_beta2"}, "tags": {"title": ["S.O.S."], "barcode": ["4000127155535"], "media": ["CD"], "albumartist": ["Johnnie & Jack and The Tennessee Mountain Boys"], "musicbrainz_recordingid": ["0b879195-33d6-4cbc-aa50-1605fe91a36d"], "originalyear": ["1992"], "discnumber": ["3/6"], "album": ["Johnnie & Jack and The Tennessee Mountain Boys"], "musicbrainz album release country": ["DE"], "musicbrainz album type": ["other/compilation"], "musicbrainz album status": ["official"], "musicbrainz_albumartistid": ["a5bd8238-faff-446b-b512-4620cf25e8a0/b66f9673-3fcf-4b0b-af76-98384ce76783"], "date": ["1992"], "file_name": "Burning Heads - S.O.S..mp3", "musicbrainz_releasegroupid": ["3bb8ccc4-5ce9-4a9a-a95b-5d676b9cc1b7"], "script": ["Latn"], "originaldate": ["1992"], "musicbrainz_albumid": ["5927beb9-e0bf-4596-8dd5-838bd1b1116a"], "artist": ["Johnnie & Jack and The Tennessee Mountain Boys"], "artistsort": ["Johnnie and Jack and Tennessee Mountain Boys, The"], "tracknumber": ["1/32"], "label": ["Bear Family Records"], "albumartistsort": ["Johnnie and Jack and Tennessee Mountain Boys, The"], "musicbrainz_artistid": ["a5bd8238-faff-446b-b512-4620cf25e8a0/b66f9673-3fcf-4b0b-af76-98384ce76783"]}}, "rhythm": {"bpm_histogram_first_peak_bpm": {"dmean2": 0, "median": 157, "min": 157, "dvar2": 0, "dvar": 0, "dmean": 0, "max": 157, "var": 0, "mean": 157}, "bpm": 155.028503418, "bpm_histogram_second_peak_spread": {"dmean2": 0, "median": 0, "min": 0, "dvar2": 0, "dvar": 0, "dmean": 0, "max": 0, "var": 0, "mean": 0}, "bpm_histogram_first_peak_weight": {"dmean2": 0, "median": 0.271468132734, "min": 0.271468132734, "dvar2": 0, "dvar": 0, "dmean": 0, "max": 0.271468132734, "var": 0, "mean": 0.271468132734}, "onset_rate": 3.31587672234, "beats_position": [0.383129239082, 0.743038535118, 1.10294783115, 1.47446703911, 1.84598636627, 2.21750569344, 2.61224484444, 2.97215414047, 3.34367346764, 3.7151927948, 4.09832191467, 4.48145103455, 4.85297060013, 5.22448968887, 5.59600877762, 5.9675283432, 6.33904743195, 6.6989569664, 7.05886602402, 7.40716552734, 7.75546455383, 8.10376358032, 8.45206356049, 8.78875255585, 9.12544155121, 9.47374153137, 9.82204055786, 10.1703395844, 10.5186395645, 10.8785486221, 11.2384576797, 11.6099767685, 11.9698867798, 12.3297958374, 12.6780948639, 13.0263938904, 13.3746938705, 13.722992897, 14.0712919235, 14.4195919037, 14.756280899, 15.0929698944, 15.4412698746, 15.7895689011, 16.1378688812, 16.4861679077, 16.8344669342, 17.1827659607, 17.5310649872, 17.8793640137, 18.2392749786, 18.5991840363, 18.9474830627, 19.2957820892, 19.6440811157, 19.9923801422, 20.3406791687, 20.7005901337, 21.0604991913, 21.43201828, 21.7919273376, 22.1518363953, 22.5117454529, 22.8716545105, 23.2315635681, 23.5914726257, 23.9513835907, 24.3112926483, 24.6712017059, 25.0311107635, 25.37940979, 25.7277088165, 26.076007843, 26.4243087769, 26.7726078033, 27.132516861, 27.4924259186, 27.8407249451, 28.2006340027, 28.5605430603, 28.9088420868, 29.2571430206, 29.6054420471, 29.9653511047, 30.3252601624, 30.6967792511, 31.0682983398, 31.4282073975, 31.7881164551, 32.1480255127, 32.5079345703, 32.8794555664, 33.2509727478, 33.6108856201, 33.9707946777, 34.3423118591, 34.7022209167, 35.0621299744, 35.4336509705, 35.8051681519, 36.1766891479, 36.5482063293, 36.9313354492, 37.3260765076, 37.7324256897, 38.1271629333, 38.5102958679, 38.9282531738, 39.334602356, 39.7409515381, 40.124080658, 40.5072097778, 40.8903388977, 41.2734680176, 41.6565971375, 42.0513381958, 42.4344673157, 42.8175964355, 43.2007255554, 43.5838546753, 43.9553718567, 44.3385009766, 44.7216300964, 45.1047592163, 45.4878921509, 45.8826293945, 46.2657585144, 46.6488876343, 47.0320167542, 47.4267578125, 47.8098869324, 48.1930160522, 48.5761451721, 48.9708824158, 49.3656234741, 49.7603607178, 50.1667098999, 50.573059082, 50.9794082642, 51.362537384, 51.7340583801, 52.1055755615, 52.4770965576, 52.8486175537, 53.2201347351, 53.5916557312, 53.9631729126, 54.3346939087, 54.7062110901, 55.0777320862, 55.4608612061, 55.8439903259, 56.2155075073, 56.5870285034, 56.9585494995, 57.3300666809, 57.701587677, 58.0614967346, 58.4214057922, 58.7813148499, 59.1412239075, 59.5011329651, 59.8610420227, 60.2325630188, 60.6040802002, 60.9756011963, 61.3587303162, 61.741859436, 62.1365966797, 62.531337738, 62.9144668579, 63.3092041016, 63.6923332214, 64.0754623413, 64.4585952759, 64.8301086426, 65.2016296387, 65.5847625732, 65.9678878784, 66.351020813, 66.7225418091, 67.1056671143, 67.5004043579, 67.871925354, 68.2666625977, 68.6730117798, 69.0677566528, 69.450881958, 69.8456192017, 70.2403640747, 70.6351013184, 71.0182266235, 71.4013595581, 71.7960968018, 72.1792297363, 72.5623550415, 72.9570999146, 73.3402252197, 73.7233581543, 74.1180953979, 74.5012207031, 74.8959655762, 75.2907028198, 75.673828125, 76.068572998, 76.4633102417, 76.8580474854, 77.252784729, 77.6475296021, 78.0306549072, 78.4253921509, 78.8201370239, 79.2148742676, 79.5979995728, 79.9811325073, 80.3642578125, 80.7473907471, 81.1305236816, 81.5136489868, 81.8967819214, 82.291519165, 82.6978683472, 83.1158294678, 83.5105667114, 83.9053039551, 84.3000411987, 84.6831741333, 85.0546951294, 85.414604187, 85.7745132446, 86.1460266113, 86.5175476074, 86.8890686035, 87.2722015381, 87.6321105957, 88.0036239624, 88.3751449585, 88.7466659546, 89.1181869507, 89.4897003174, 89.8612213135, 90.2211303711, 90.5926513672, 90.9525604248, 91.3124694824, 91.67237854, 92.0438995361, 92.4154205322, 92.7753295898, 93.1468429565, 93.5183639526, 93.8782730103, 94.2381820679, 94.5980911255, 94.9696121216, 95.3411331177, 95.7126541138, 96.0841674805, 96.4556884766, 96.8272094727, 97.1987304688, 97.5702438354, 97.9417648315, 98.3132858276, 98.6964187622, 99.0795440674, 99.474281311, 99.8806304932, 100.286979675, 100.693328857, 101.09967804, 101.506027222, 101.889160156, 102.272285461, 102.655418396, 103.038543701, 103.421676636, 103.816413879, 104.199546814, 104.582672119, 104.965805054, 105.348930359, 105.743675232, 106.126800537, 106.509933472, 106.904670715, 107.276191711, 107.670928955, 108.05405426, 108.437187195, 108.8203125, 109.203445435, 109.574966431, 109.946479797, 110.318000793, 110.701133728, 111.084259033, 111.467391968, 111.850517273, 112.222038269, 112.593559265, 112.965080261, 113.336593628, 113.731338501, 114.102851868, 114.497596741, 114.892333984, 115.287071228, 115.670204163, 116.053329468, 116.424850464, 116.819587708, 117.202720642, 117.597457886, 117.98059082, 118.375328064, 118.770065308, 119.153198242, 119.536323547, 119.919456482, 120.302581787, 120.685714722, 121.068840027, 121.463577271, 121.846710205, 122.218231201, 122.589744568, 122.972877502, 123.356010437, 123.739135742, 124.133872986, 124.528617859, 124.911743164, 125.318092346, 125.724441528, 126.13079071, 126.537139893, 126.920272827, 127.291786194, 127.66330719, 128.023223877, 128.383132935, 128.754638672, 129.126159668, 129.497680664, 129.857589722, 130.240722656, 130.623855591, 131.006988525, 131.390106201, 131.773239136, 132.15637207, 132.609161377, 133.061950684, 133.51473999, 133.990753174, 134.45513916, 134.931152344, 135.407165527, 135.929611206, 136.440444946, 136.951293945], "beats_loudness": {"dmean2": 0.0149378301576, "median": 0.0294765327126, "min": 0, "dvar2": 0.000194210428162, "dvar": 6.68993961881e-05, "dmean": 0.00890718773007, "max": 0.0698049142957, "var": 0.000132848304929, "mean": 0.0297212414443}, "danceability": 1.12867665291, "bpm_histogram_second_peak_weight": {"dmean2": 0, "median": 0.157894730568, "min": 0.157894730568, "dvar2": 0, "dvar": 0, "dmean": 0, "max": 0.157894730568, "var": 0, "mean": 0.157894730568}, "beats_count": 362, "bpm_histogram_second_peak_bpm": {"dmean2": 0, "median": 167, "min": 167, "dvar2": 0, "dvar": 0, "dmean": 0, "max": 167, "var": 0, "mean": 167}, "bpm_histogram_first_peak_spread": {"dmean2": 0, "median": 0.426900565624, "min": 0.426900565624, "dvar2": 0, "dvar": 0, "dmean": 0, "max": 0.426900565624, "var": 0, "mean": 0.426900565624}, "beats_loudness_band_ratio": {"dmean2": [0.291191518307, 0.181112498045, 0.144621312618, 0.169635549188, 0.189900264144, 0.127916395664], "median": [0.295349001884, 0.125578433275, 0.0729776099324, 0.138432592154, 0.222717136145, 0.113944590092], "min": [0, 0, 0, 0, 0, 0], "dvar2": [0.0711008310318, 0.0198816563934, 0.0218109153211, 0.0284643881023, 0.0283903498203, 0.016458561644], "dvar": [0.023367760703, 0.00624155253172, 0.00708394963294, 0.0101643400267, 0.0100342035294, 0.00559985917062], "dmean": [0.167551368475, 0.0999100282788, 0.0822117626667, 0.0946281403303, 0.107759483159, 0.0709704458714], "max": [0.862658441067, 0.502779960632, 0.500617861748, 0.73719060421, 0.810640871525, 0.610306441784], "var": [0.0325217209756, 0.00926977396011, 0.00801939982921, 0.010873388499, 0.0145932743326, 0.00580527307466], "mean": [0.316623449326, 0.137562006712, 0.105237476528, 0.159353137016, 0.232030078769, 0.119607798755]}}, "lowlevel": {"barkbands_spread": {"dmean2": 10.7756280899, "median": 37.2318687439, "min": 1.3571126461, "dvar2": 138.82043457, "dvar": 58.0591011047, "dmean": 6.79464626312, "max": 113.254043579, "var": 193.574005127, "mean": 36.7776412964}, "melbands_spread": {"dmean2": 19.7471656799, "median": 51.8566741943, "min": 0.898701012135, "dvar2": 435.24319458, "dvar": 193.399154663, "dmean": 12.3546123505, "max": 287.960021973, "var": 598.381652832, "mean": 52.211605072}, "hfc": {"dmean2": 16.1132640839, "median": 30.4616527557, "min": 1.07751471502e-16, "dvar2": 520.12310791, "dvar": 231.193191528, "dmean": 10.3748512268, "max": 310.276153564, "var": 703.267456055, "mean": 36.057510376}, "barkbands_kurtosis": {"dmean2": 1.89655303955, "median": -0.922614097595, "min": -1.85099506378, "dvar2": 25.561920166, "dvar": 10.8178138733, "dmean": 1.11852121353, "max": 132.758773804, "var": 13.961019516, "mean": -0.0222568921745}, "gfcc": {"mean": [25.4204444885, 56.0231208801, -129.900222778, 36.9475250244, -37.7339134216, 19.9455108643, -32.9621696472, 14.5141201019, -28.2668247223, 2.92665815353, -23.8695755005, 5.7460899353, -11.266954422], "icov": [[0.000298583763652, -0.000466752098873, 0.000578204810154, -0.000517144042533, 0.000904699089006, -0.00127092318144, 0.00130430608988, -0.00130060710944, 0.0010354872793, -0.00134032347705, 0.00130754918791, -0.00121083168779, 0.000768894271459], [-0.000466752098873, 0.00288390112109, -2.07955563383e-05, 0.000261292356299, -0.00171441596467, 0.00337223452516, -0.00394107960165, 0.00290979025885, -0.00185998214874, 0.00165444961749, -0.00184286304284, 0.00232264352962, -0.00176752603147], [0.000578204810154, -2.07955563383e-05, 0.00301463529468, -0.000818921893369, 0.000623311672825, -0.00278358627111, 0.00231923162937, -0.00194600468967, 0.00131807033904, -0.00228152400814, 0.000790387974121, -0.00300711020827, 0.0023521031253], [-0.000517144042533, 0.000261292356299, -0.000818921893369, 0.00543544953689, -0.00179918424692, -0.000315795186907, -0.000478875444969, 0.00125083501916, -0.000849326781463, 0.00240788166411, -0.00502447597682, 0.00390579854138, -0.00317976460792], [0.000904699089006, -0.00171441596467, 0.000623311672825, -0.00179918424692, 0.0103470273316, -0.00363945960999, 0.000724772398826, -0.00427211076021, 0.00303929485381, -0.00610323529691, 0.00596819911152, -0.00258968095295, -0.00172182451934], [-0.00127092318144, 0.00337223452516, -0.00278358627111, -0.000315795186907, -0.00363945960999, 0.0171581543982, -0.0096387648955, 0.000860537285917, -0.00167678168509, 0.00540092308074, -0.00518686603755, 0.00308565888554, 0.00028248297167], [0.00130430608988, -0.00394107960165, 0.00231923162937, -0.000478875444969, 0.000724772398826, -0.0096387648955, 0.0197730977088, -0.0105197224766, 0.00241758162156, 0.000104177255707, -0.00204212358221, -0.00188424624503, 0.00301134656183], [-0.00130060710944, 0.00290979025885, -0.00194600468967, 0.00125083501916, -0.00427211076021, 0.000860537285917, -0.0105197224766, 0.026483386755, -0.0112557951361, 0.000218536850298, 0.00514466920868, -0.000532830716111, -0.00233141705394], [0.0010354872793, -0.00185998214874, 0.00131807033904, -0.000849326781463, 0.00303929485381, -0.00167678168509, 0.00241758162156, -0.0112557951361, 0.021117715165, -0.0128473024815, 0.000246799463639, 0.00454456964508, -0.00166474212892], [-0.00134032347705, 0.00165444961749, -0.00228152400814, 0.00240788166411, -0.00610323529691, 0.00540092308074, 0.000104177255707, 0.000218536850298, -0.0128473024815, 0.0339651554823, -0.0156146213412, -0.00045965964091, 0.00656401412562], [0.00130754918791, -0.00184286304284, 0.000790387974121, -0.00502447597682, 0.00596819911152, -0.00518686603755, -0.00204212358221, 0.00514466920868, 0.000246799463639, -0.0156146213412, 0.0368713773787, -0.0153265828267, -0.000240871901042], [-0.00121083168779, 0.00232264352962, -0.00300711020827, 0.00390579854138, -0.00258968095295, 0.00308565888554, -0.00188424624503, -0.000532830716111, 0.00454456964508, -0.00045965964091, -0.0153265828267, 0.0360175333917, -0.0156375989318], [0.000768894271459, -0.00176752603147, 0.0023521031253, -0.00317976460792, -0.00172182451934, 0.00028248297167, 0.00301134656183, -0.00233141705394, -0.00166474212892, 0.00656401412562, -0.000240871901042, -0.0156375989318, 0.0334466025233]], "cov": [[28317.359375, 481.588897705, -2590.24511719, 846.666503906, -1098.26989746, 595.694641113, -815.043579102, 414.003051758, -576.179870605, 182.582504272, -498.5105896, 175.359817505, -308.322967529], [481.588897705, 817.801330566, -381.779632568, 39.3591804504, 38.9990615845, -109.211967468, 89.6327819824, -34.9871520996, 28.8651371002, -23.7028026581, -2.61852478981, -43.7060813904, 40.7932853699], [-2590.24511719, -381.779632568, 887.897644043, -27.0377731323, 112.848892212, 81.3730926514, 42.4454650879, 17.7015094757, 45.2477302551, 39.8204727173, 77.1832122803, 42.2405471802, -8.36361694336], [846.666503906, 39.3591804504, -27.0377731323, 279.9402771, 6.5120100975, 58.5738067627, -0.867585599422, 12.9715337753, -12.4631929398, 3.39516305923, 19.4160652161, 4.36299848557, 12.847401619], [-1098.26989746, 38.9990615845, 112.848892212, 6.5120100975, 194.401504517, 15.6449279785, 73.8696212769, 24.7293281555, 36.3421554565, 9.33656024933, 13.7748012543, -2.00348734856, 24.079460144], [595.694641113, -109.211967468, 81.3730926514, 58.5738067627, 15.6449279785, 156.039382935, 39.4353523254, 53.4194564819, -5.10223817825, 10.8573350906, 4.03224754333, 13.714679718, -15.9025115967], [-815.043579102, 89.6327819824, 42.4454650879, -0.867585599422, 73.8696212769, 39.4353523254, 147.770309448, 36.1566352844, 40.5612449646, -3.54353833199, 23.4221553802, -9.54134750366, 11.5137825012], [414.003051758, -34.9871520996, 17.7015094757, 12.9715337753, 24.7293281555, 53.4194564819, 36.1566352844, 96.4437408447, 37.1889076233, 23.9338722229, -11.5204248428, 3.92284059525, -8.18373680115], [-576.179870605, 28.8651371002, 45.2477302551, -12.4631929398, 36.3421554565, -5.10223817825, 40.5612449646, 37.1889076233, 109.161590576, 35.4639205933, 17.7913837433, -14.8670387268, 2.9091091156], [182.582504272, -23.7028026581, 39.8204727173, 3.39516305923, 9.33656024933, 10.8573350906, -3.54353833199, 23.9338722229, 35.4639205933, 65.003944397, 19.9523105621, 10.3610486984, -11.5554065704], [-498.5105896, -2.61852478981, 77.1832122803, 19.4160652161, 13.7748012543, 4.03224754333, 23.4221553802, -11.5204248428, 17.7913837433, 19.9523105621, 63.5355758667, 19.7824630737, 12.1794681549], [175.359817505, -43.7060813904, 42.2405471802, 4.36299848557, -2.00348734856, 13.714679718, -9.54134750366, 3.92284059525, -14.8670387268, 10.3610486984, 19.7824630737, 54.6908988953, 14.9560222626], [-308.322967529, 40.7932853699, -8.36361694336, 12.847401619, 24.079460144, -15.9025115967, 11.5137825012, -8.18373680115, 2.9091091156, -11.5554065704, 12.1794681549, 14.9560222626, 50.2113342285]]}, "spectral_energyband_middle_low": {"dmean2": 0.00441602058709, "median": 0.00436265859753, "min": 1.55426727179e-22, "dvar2": 3.13052551064e-05, "dvar": 1.28160545501e-05, "dmean": 0.00275115878321, "max": 0.0506145842373, "var": 2.4394974389e-05, "mean": 0.00610405020416}, "melbands_crest": {"dmean2": 5.8723025322, "median": 9.8601140976, "min": 1.60118460655, "dvar2": 30.218542099, "dvar": 12.4364643097, "dmean": 3.59279727936, "max": 30.4009723663, "var": 25.6064548492, "mean": 11.0533380508}, "spectral_kurtosis": {"dmean2": 2.00512695312, "median": 4.38153362274, "min": -1.26055431366, "dvar2": 6.88129901886, "dvar": 2.37448477745, "dmean": 1.21384954453, "max": 38.9888381958, "var": 5.83564662933, "mean": 4.50255537033}, "spectral_rms": {"dmean2": 0.00124585349113, "median": 0.00461242673919, "min": 3.06483701265e-12, "dvar2": 2.02615433409e-06, "dvar": 8.15755299755e-07, "dmean": 0.000777057546657, "max": 0.0088405366987, "var": 2.26102770284e-06, "mean": 0.00470149517059}, "zerocrossingrate": {"dmean2": 0.0157188456506, "median": 0.0927734375, "min": 0.00537109375, "dvar2": 0.000362951366697, "dvar": 0.000334281707183, "dmean": 0.0132470820099, "max": 0.52587890625, "var": 0.0045729004778, "mean": 0.104795150459}, "silence_rate_60dB": {"dmean2": 0.00540449237451, "median": 0, "min": 0, "dvar2": 0.00605120975524, "dvar": 0.00269436044618, "dmean": 0.00270178983919, "max": 1, "var": 0.0356059670448, "mean": 0.03697450459}, "erbbands_kurtosis": {"dmean2": 1.2437274456, "median": 0.653220176697, "min": -1.41055381298, "dvar2": 1.74571740627, "dvar": 0.712050676346, "dmean": 0.772561252117, "max": 15.0972518921, "var": 1.64981615543, "mean": 0.844309270382}, "erbbands": {"dmean2": [0.237086221576, 2.04752326012, 2.57031655312, 2.976770401, 7.06754636765, 4.98898267746, 5.44041776657, 5.91001701355, 8.24017238617, 11.6478872299, 19.8694286346, 33.993473053, 26.8532505035, 25.8453121185, 40.8443908691, 39.7300376892, 42.6842956543, 46.9956703186, 52.3927497864, 52.8880882263, 63.00730896, 61.2660179138, 34.1291618347, 29.1567020416, 23.3481807709, 23.5686378479, 16.8462772369, 12.2986116409, 9.11091136932, 6.29573583603, 5.00453090668, 3.88684368134, 3.39121937752, 2.5807185173, 1.34082758427, 0.760622024536, 0.2431024611, 0.0349110253155, 0.00173993734643, 4.4834203436e-05], "median": [0.0587313622236, 0.442840486765, 0.966322779655, 1.98228061199, 3.17108821869, 3.25062680244, 2.92785906792, 2.66426968575, 2.65284156799, 2.63234186172, 5.39125347137, 11.5749635696, 11.6907119751, 16.4106197357, 23.9133052826, 29.8530750275, 22.2552433014, 28.3914108276, 29.2099895477, 39.8399124146, 74.05834198, 76.9018249512, 41.1492118835, 35.616481781, 22.7738056183, 19.8938102722, 18.5565853119, 11.6371221542, 6.69672250748, 4.2230796814, 2.89713120461, 1.78265357018, 1.5242613554, 0.837821722031, 0.418782383204, 0.222507059574, 0.0872512310743, 0.0160938035697, 0.000459073169623, 4.59446964669e-05], "min": [1.54811087507e-22, 4.14354554721e-22, 8.72835691318e-22, 4.19984436645e-21, 1.28973193316e-20, 3.5889796428e-20, 3.58322750637e-20, 6.27473169418e-20, 1.08905358678e-19, 1.20148242467e-19, 1.92101258909e-19, 2.33795543254e-19, 3.84151904703e-19, 7.3714355384e-19, 1.15895944753e-18, 1.21875829856e-18, 1.1563109186e-18, 2.26817659571e-18, 2.55835072741e-18, 3.36468370019e-18, 3.85454378126e-18, 4.79918114566e-18, 3.88243755229e-18, 6.50627720277e-18, 7.08223603226e-18, 9.96242681279e-18, 8.43444389603e-18, 1.09722364969e-17, 1.04598535285e-17, 1.22283152201e-17, 1.12430818992e-17, 1.16855995387e-17, 9.66605296239e-18, 8.56519302673e-18, 6.02069612701e-18, 4.25812602931e-18, 2.09538869871e-18, 9.30488233231e-19, 2.52467025932e-19, 2.6574813768e-20], "dvar2": [0.213573396206, 15.1360816956, 19.7940864563, 16.3675861359, 127.767471313, 52.0215530396, 104.161125183, 156.789154053, 337.047363281, 816.643310547, 2741.203125, 7466.63623047, 4359.08886719, 3291.16357422, 7440.75341797, 4704.13867188, 10252.6982422, 7467.72558594, 10960.6738281, 8368.67871094, 4955.34716797, 4703.82958984, 1908.4954834, 1144.79577637, 1129.6640625, 1018.23773193, 457.34677124, 386.137268066, 228.149261475, 124.344558716, 142.605438232, 125.404769897, 102.747825623, 103.989219666, 30.4133586884, 11.070643425, 1.13582670689, 0.02470693551, 4.82002251374e-05, 1.93648599378e-08], "dvar": [0.079381197691, 5.53570365906, 7.24286365509, 5.73346281052, 53.2212715149, 20.5802669525, 42.9020195007, 61.5223121643, 137.30430603, 343.240386963, 1077.1315918, 2912.83691406, 1755.74279785, 1277.06262207, 2940.421875, 1870.87390137, 4421.16015625, 3142.9453125, 4793.64990234, 3642.21875, 1922.89074707, 1903.40270996, 823.714904785, 439.812530518, 452.621246338, 380.377410889, 171.845275879, 151.257949829, 99.1324691772, 61.5538825989, 65.7205047607, 59.6852836609, 47.6501541138, 45.2780570984, 13.3353309631, 4.64660406113, 0.519086539745, 0.0110329380259, 2.31680769502e-05, 9.24425869187e-09], "dmean": [0.134867623448, 1.1550129652, 1.48157000542, 1.6939316988, 4.32788276672, 3.01521134377, 3.28101491928, 3.53696155548, 5.05410957336, 7.31396913528, 12.2955741882, 21.0577869415, 16.7087192535, 16.1586894989, 25.3285713196, 24.6246261597, 27.2283668518, 29.1231403351, 33.4174499512, 33.595741272, 38.1214866638, 37.2766304016, 21.2007637024, 17.4677715302, 13.9376020432, 13.7035388947, 9.94105625153, 7.4579000473, 5.58176994324, 3.9344599247, 3.21222352982, 2.55111694336, 2.18271303177, 1.69225084782, 0.863667845726, 0.490263551474, 0.162542775273, 0.0229350104928, 0.00114180054516, 2.96917842206e-05], "max": [2.37450122833, 16.7771663666, 24.0701942444, 25.3733139038, 71.7862548828, 71.794303894, 123.921188354, 136.617553711, 221.650650024, 257.829101562, 871.139831543, 1442.94750977, 721.945495605, 910.716796875, 1096.15026855, 866.987487793, 1853.15551758, 1047.85839844, 1462.22106934, 1131.16320801, 916.417297363, 858.37689209, 459.407653809, 263.542633057, 619.837463379, 235.468826294, 138.534317017, 184.364822388, 212.643341064, 224.352523804, 185.805130005, 171.049194336, 145.299041748, 221.876998901, 103.758460999, 47.2130470276, 19.4407730103, 4.16280412674, 0.178422659636, 0.00341991474852], "var": [0.063552133739, 4.09415912628, 6.62066650391, 5.85765457153, 59.604724884, 33.110294342, 61.8953590393, 72.8029098511, 187.812194824, 520.213012695, 1545.20129395, 4465.25927734, 2832.63793945, 1811.17285156, 5039.67382812, 3159.15527344, 8173.07373047, 6120.47021484, 8654.921875, 7558.72021484, 4046.51538086, 4735.48339844, 1957.18811035, 734.482971191, 641.018249512, 483.377288818, 243.233139038, 194.125457764, 166.134429932, 126.253051758, 116.564178467, 111.196899414, 90.9727935791, 74.8439865112, 26.4619789124, 8.88731479645, 1.06225669384, 0.022730762139, 5.20928442711e-05, 2.28891678944e-08], "mean": [0.143538981676, 1.10209512711, 1.8379471302, 2.58687210083, 5.72409057617, 4.96176242828, 4.96036958694, 5.06582927704, 6.5623755455, 9.54250907898, 16.848361969, 32.4543113708, 26.4369697571, 27.1177139282, 43.1137809753, 44.1667900085, 45.4110336304, 49.8880195618, 57.3738441467, 63.6377220154, 84.5455856323, 89.2741317749, 50.4247169495, 39.7127304077, 28.0178775787, 26.0678157806, 21.5187358856, 14.6156930923, 9.86837291718, 6.9334359169, 5.55114936829, 4.30560207367, 3.71540784836, 2.60967993736, 1.40819144249, 0.798012733459, 0.272011786699, 0.0412224531174, 0.00174289464485, 7.27181395632e-05]}, "spectral_strongpeak": {"dmean2": 1.26480305195, "median": 0.302638888359, "min": 0, "dvar2": 3.90578818321, "dvar": 1.52415823936, "dmean": 0.729266047478, "max": 13.6168422699, "var": 2.14762330055, "mean": 0.949595749378}, "spectral_energy": {"dmean2": 0.0139635046944, "median": 0.0218063425273, "min": 9.62805598152e-21, "dvar2": 0.000308673625113, "dvar": 0.00012084361515, "dmean": 0.00851995497942, "max": 0.0801089629531, "var": 0.000193357831449, "mean": 0.0249742176384}, "average_loudness": 0.956406533718, "spectral_rolloff": {"dmean2": 1094.5904541, "median": 2627.05078125, "min": 86.1328125, "dvar2": 2987566.75, "dvar": 1456632, "dmean": 677.688598633, "max": 19616.7480469, "var": 7564754.5, "mean": 3140.04663086}, "spectral_centroid": {"dmean2": 337.683380127, "median": 2312.55224609, "min": 198.283737183, "dvar2": 166994.890625, "dvar": 89465.296875, "dmean": 214.300018311, "max": 11760.4277344, "var": 1453327.75, "mean": 2375.11645508}, "pitch_salience": {"dmean2": 0.129423081875, "median": 0.646257936954, "min": 0.139192402363, "dvar2": 0.0189584828913, "dvar": 0.0074432506226, "dmean": 0.0781271383166, "max": 0.880345702171, "var": 0.01209357474, "mean": 0.625449478626}, "spectral_energyband_middle_high": {"dmean2": 0.0047310963273, "median": 0.00878999941051, "min": 1.20040618111e-21, "dvar2": 3.09565657517e-05, "dvar": 1.36372145789e-05, "dmean": 0.00308195431717, "max": 0.048333261162, "var": 5.23633243574e-05, "mean": 0.0105517124757}, "spectral_contrast_coeffs": {"dmean2": [0.087332084775, 0.0774417221546, 0.0600499548018, 0.0476507321, 0.0332116223872, 0.0291200038046], "median": [-0.689805030823, -0.779523015022, -0.801269829273, -0.795956730843, -0.791170656681, -0.742762446404], "min": [-0.978537738323, -0.977722108364, -0.977622926235, -0.970987319946, -0.968344569206, -0.964914739132], "dvar2": [0.00493277236819, 0.00402305368334, 0.00227535492741, 0.00139479595236, 0.00068731547799, 0.000642962637357], "dvar": [0.00186814810149, 0.00151959888171, 0.000880992389284, 0.000563053123187, 0.000256040890235, 0.00027690368006], "dmean": [0.053120970726, 0.0468810200691, 0.036452382803, 0.0292456895113, 0.0199687127024, 0.0184622425586], "max": [-0.381435871124, -0.518451392651, -0.549141228199, -0.579946398735, -0.667323708534, -0.622704982758], "var": [0.00563795445487, 0.0046385191381, 0.00330052827485, 0.00227294070646, 0.00117165443953, 0.00204588868655], "mean": [-0.687414288521, -0.772448837757, -0.794706642628, -0.791848003864, -0.792151212692, -0.748060047626]}, "melbands_skewness": {"dmean2": 1.13636684418, "median": 1.18839216232, "min": -1.53332304955, "dvar2": 2.29495835304, "dvar": 0.926742553711, "dmean": 0.704955101013, "max": 14.3810892105, "var": 1.75750076771, "mean": 1.46703100204}, "spectral_spread": {"dmean2": 666668.5625, "median": 4025305.5, "min": 1519658.5, "dvar2": 1739269865470.0, "dvar": 1016710365180.0, "dmean": 465181.78125, "max": 42472480, "var": 22945690812400.0, "mean": 4863334.5}, "dissonance": {"dmean2": 0.0137641234323, "median": 0.491383343935, "min": 0.340787649155, "dvar2": 0.000240829860559, "dvar": 8.71166557772e-05, "dmean": 0.00810005608946, "max": 0.500000178814, "var": 0.000151614905917, "mean": 0.487619310617}, "spectral_skewness": {"dmean2": 0.288614273071, "median": 1.45309996605, "min": -0.0679386779666, "dvar2": 0.0868549048901, "dvar": 0.0336935482919, "dmean": 0.177204489708, "max": 4.17958974838, "var": 0.129520058632, "mean": 1.424238801}, "spectral_flux": {"dmean2": 0.0368543229997, "median": 0.0902492180467, "min": 6.24196111465e-11, "dvar2": 0.00153730565216, "dvar": 0.000723637349438, "dmean": 0.0235647000372, "max": 0.246569275856, "var": 0.00181686854921, "mean": 0.0961961224675}, "spectral_contrast_valleys": {"dmean2": [0.683185636997, 0.61640226841, 0.470587790012, 0.407909870148, 0.349473893642, 0.367757081985], "median": [-6.96507263184, -6.86708593369, -6.62015104294, -6.71826171875, -6.39720106125, -9.39674472809], "min": [-28.38256073, -27.8222942352, -27.790599823, -27.7067070007, -27.506772995, -27.4325332642], "dvar2": [0.338312894106, 0.328247100115, 0.205808758736, 0.197549447417, 0.189790144563, 0.19157256186], "dvar": [0.167610406876, 0.169016227126, 0.121221929789, 0.121356487274, 0.120798029006, 0.119870685041], "dmean": [0.413843840361, 0.385925740004, 0.293356060982, 0.263286083937, 0.224196046591, 0.250570416451], "max": [-5.62451028824, -5.15992593765, -5.21143722534, -5.50785923004, -5.4614071846, -7.32136535645], "var": [7.23468780518, 7.23191642761, 7.31174707413, 7.26954174042, 7.48729848862, 5.99159908295], "mean": [-7.42028284073, -7.24059534073, -7.04325485229, -7.15569353104, -6.87744522095, -9.79656982422]}, "erbbands_flatness_db": {"dmean2": 0.0203561205417, "median": 0.135710537434, "min": 0.0432158224285, "dvar2": 0.000323535728967, "dvar": 0.000164207187481, "dmean": 0.013629280962, "max": 0.308165192604, "var": 0.00123857276049, "mean": 0.139601618052}, "spectral_energyband_high": {"dmean2": 0.00122460292187, "median": 0.0012171023991, "min": 7.11568389458e-21, "dvar2": 4.5617239266e-06, "dvar": 2.1806931727e-06, "dmean": 0.000786292715929, "max": 0.027574384585, "var": 5.4832648857e-06, "mean": 0.0018135921564}, "spectral_entropy": {"dmean2": 0.128515779972, "median": 7.98689031601, "min": 5.94335985184, "dvar2": 0.0157724097371, "dvar": 0.00928788632154, "dmean": 0.0887821391225, "max": 9.82995605469, "var": 0.109760008752, "mean": 8.00373840332}, "silence_rate_20dB": {"dmean2": 0, "median": 1, "min": 1, "dvar2": 0, "dvar": 0, "dmean": 0, "max": 1, "var": 0, "mean": 1}, "melbands_flatness_db": {"dmean2": 0.0414309985936, "median": 0.111414670944, "min": 0.00262401509099, "dvar2": 0.00230518169701, "dvar": 0.000931969610974, "dmean": 0.0256501734257, "max": 0.484178036451, "var": 0.0026220344007, "mean": 0.121387094259}, "barkbands": {"dmean2": [0.000249349832302, 0.00877623166889, 0.00198673736304, 0.0012251844164, 0.00186774251051, 0.000701089855283, 0.000639209523797, 0.000829765980598, 0.00146561348811, 0.000809895980638, 0.00101170758717, 0.0010141953826, 0.000968489795923, 0.00107278826181, 0.00104607851245, 0.00108337972779, 0.00127357046586, 0.000614991178736, 0.000526951742359, 0.000513509265147, 0.000342922576237, 0.000245401257416, 0.000176102767, 0.000187323006685, 0.000201747985557, 0.000140481293784, 1.18768302855e-05], "median": [6.65276747895e-05, 0.00213538529351, 0.000808667973615, 0.000725465535652, 0.0011073568603, 0.000342216051649, 0.000173845153768, 0.000138531278935, 0.00053262070287, 0.000347717577824, 0.000487450859509, 0.000708720879629, 0.000427894032327, 0.000541524554137, 0.000625911168754, 0.0010812721448, 0.00147166952956, 0.000658516597468, 0.000570970296394, 0.000437749113189, 0.000354359217454, 0.000179984155693, 0.000101912730315, 8.66816044436e-05, 6.74206821714e-05, 4.94759988214e-05, 3.55485167347e-06], "min": [3.36188580807e-25, 1.99572796285e-24, 1.06287598078e-24, 4.05111086925e-25, 1.23772031482e-23, 8.78666408393e-24, 6.18399975402e-24, 3.79511278513e-24, 7.37107291104e-24, 1.3001267066e-23, 1.1961400876e-23, 2.44467521211e-23, 1.70231134637e-23, 3.36730357658e-23, 4.17726840428e-23, 4.58177671273e-23, 7.04786760515e-23, 8.1272527289e-23, 1.20191163064e-22, 1.88015391589e-22, 2.38580315385e-22, 3.03164774214e-22, 4.0670409331e-22, 6.0478030134e-22, 8.37186499031e-22, 1.24791191494e-21, 1.90936388273e-21], "dvar2": [1.63945003351e-07, 0.000283118424704, 1.18699617815e-05, 2.45477212957e-06, 7.23953780835e-06, 1.83462168479e-06, 2.18982040678e-06, 5.31867772224e-06, 1.07001487777e-05, 3.9670580918e-06, 5.68331188333e-06, 3.36722291649e-06, 4.74598073197e-06, 4.20376181864e-06, 3.65855748896e-06, 1.95141569748e-06, 2.03981130653e-06, 6.09325695677e-07, 4.07944412473e-07, 4.86102919695e-07, 2.42397220518e-07, 1.57792754862e-07, 1.64566756666e-07, 2.91213837045e-07, 6.29549049336e-07, 3.62004470844e-07, 2.03466998805e-09], "dvar": [6.39984847339e-08, 0.000104586870293, 4.15844260715e-06, 8.64033665948e-07, 3.07725167659e-06, 7.27127826394e-07, 8.96105859738e-07, 2.10538064493e-06, 4.31975922766e-06, 1.56551755026e-06, 2.18398508878e-06, 1.35367292842e-06, 2.05282071875e-06, 1.83151030342e-06, 1.57036822657e-06, 7.88530655882e-07, 8.00074417384e-07, 2.57323335973e-07, 1.62996997233e-07, 1.80789115234e-07, 9.25537193552e-08, 7.0090806048e-08, 7.78514888111e-08, 1.40305260743e-07, 2.82023648879e-07, 1.60227287438e-07, 1.02875519215e-09], "dmean": [0.000146806705743, 0.00497854361311, 0.00112098269165, 0.000702165416442, 0.00115343194921, 0.000421566190198, 0.000394248723751, 0.000506492389832, 0.000910065718926, 0.000497902568895, 0.000625917396974, 0.000625879387371, 0.000611529685557, 0.000666139996611, 0.000652971328236, 0.000659918936435, 0.000770632759668, 0.000376553274691, 0.000314465869451, 0.000299210601952, 0.000205010612262, 0.000150323743583, 0.000113496120321, 0.00012238851923, 0.000131491222419, 9.31427784963e-05, 7.65448112361e-06], "max": [0.00293581094593, 0.0737103521824, 0.0179646965116, 0.0105010792613, 0.0158364363015, 0.013806283474, 0.0178562179208, 0.0348768532276, 0.0491125434637, 0.0233430992812, 0.029527220875, 0.0265939235687, 0.0361562296748, 0.021196981892, 0.0298970099539, 0.0135564785451, 0.0162281058729, 0.00812724139541, 0.00906425900757, 0.00525792036206, 0.00416092667729, 0.00621385360137, 0.00772062176839, 0.00871401466429, 0.0165492706001, 0.00981642771512, 0.00122926256154], "var": [6.60869616809e-08, 7.96512977104e-05, 3.68704627363e-06, 9.14482598091e-07, 4.17785167883e-06, 8.71769429978e-07, 1.31984813834e-06, 2.89667241304e-06, 7.33476190362e-06, 2.1677976747e-06, 3.6498731788e-06, 2.21909522224e-06, 3.7073416479e-06, 3.12973656946e-06, 2.98755367112e-06, 1.47490754898e-06, 1.84400835224e-06, 5.04968454607e-07, 2.63912937726e-07, 2.34335303162e-07, 1.19398691822e-07, 1.25329194134e-07, 1.43734425251e-07, 2.81962542203e-07, 5.43406429188e-07, 3.32763107735e-07, 2.46539677562e-09], "mean": [0.000164582699654, 0.00500553054735, 0.00143332290463, 0.000985761173069, 0.00177283771336, 0.000604585453402, 0.000510800338816, 0.00061332504265, 0.00143691187259, 0.000720110256225, 0.000968383159488,