{"tonal": {"thpcp": [1, 0.84567964077, 0.686478972435, 0.595092356205, 0.579579412937, 0.738980591297, 0.787959635258, 0.62569475174, 0.560040354729, 0.579073429108, 0.534222960472, 0.611670017242, 0.686629652977, 0.648010373116, 0.61166125536, 0.486854463816, 0.365934073925, 0.417851358652, 0.462000519037, 0.623015761375, 0.966014504433, 0.809824287891, 0.444482266903, 0.390948414803, 0.386604368687, 0.425288051367, 0.635566473007, 0.659197628498, 0.453661739826, 0.419366776943, 0.457756012678, 0.521374821663, 0.775692522526, 0.825468242168, 0.681421875954, 0.85232257843], "hpcp": {"dmean2": [0.264579743147, 0.284575611353, 0.291953355074, 0.311914920807, 0.32408669591, 0.333818346262, 0.316992491484, 0.278912514448, 0.244573444128, 0.255347728729, 0.250053405762, 0.236572936177, 0.214322164655, 0.217366978526, 0.208454072475, 0.205045729876, 0.209605067968, 0.209558278322, 0.188985481858, 0.160263165832, 0.148050263524, 0.148453518748, 0.151215791702, 0.222571909428, 0.313729852438, 0.244066148996, 0.187302067876, 0.181076735258, 0.165074467659, 0.173574984074, 0.225911125541, 0.244317695498, 0.204016268253, 0.201578676701, 0.212638676167, 0.231430277228], "median": [0.033385258168, 0.0368726365268, 0.0487290211022, 0.0568725019693, 0.0668054074049, 0.0541509091854, 0.036856610328, 0.0299200080335, 0.0290223453194, 0.0348331257701, 0.0372929163277, 0.0325594805181, 0.0299687869847, 0.0286708511412, 0.0291521772742, 0.0359652340412, 0.0412623621523, 0.0399298369884, 0.0309797823429, 0.0232220832258, 0.0198588371277, 0.0256874412298, 0.0247538592666, 0.0424771048129, 0.0494278855622, 0.0484986305237, 0.0222464129329, 0.0165085662156, 0.0172452200204, 0.0248651728034, 0.0293030925095, 0.0290597099811, 0.0256630033255, 0.0235099419951, 0.02396450378, 0.0273274537176], "min": [0, 0, 0, 0, 0, 0, 0, 0, 0, 0, 0, 0, 0, 0, 0, 0, 0, 0, 0, 0, 0, 0, 0, 0, 0, 0, 0, 0, 0, 0, 0, 0, 0, 0, 0, 0], "dvar2": [0.144399523735, 0.153822794557, 0.153872072697, 0.157980903983, 0.160480886698, 0.171291917562, 0.175927311182, 0.152987033129, 0.12421079725, 0.133445426822, 0.125125080347, 0.11599046737, 0.101476378739, 0.104676432908, 0.0984312295914, 0.0896337851882, 0.0898722708225, 0.0920472815633, 0.0891297161579, 0.0748370289803, 0.0695176050067, 0.0637665912509, 0.0695218443871, 0.0866059288383, 0.157258197665, 0.0980211496353, 0.104391142726, 0.107226006687, 0.0782285928726, 0.0825393199921, 0.114499107003, 0.129566311836, 0.100987188518, 0.10737695545, 0.116156473756, 0.124526187778], "dvar": [0.0571368224919, 0.0608418956399, 0.057343762368, 0.0616685636342, 0.0626729056239, 0.0649597123265, 0.0674159228802, 0.0575635358691, 0.0464524179697, 0.0502907782793, 0.0480753406882, 0.0427327081561, 0.0379551500082, 0.0399425923824, 0.036768630147, 0.0341851525009, 0.0369510538876, 0.0345986783504, 0.0340760499239, 0.0278263445944, 0.0252163782716, 0.024030406028, 0.0274467859417, 0.03511954844, 0.0745912641287, 0.0421949140728, 0.0372547358274, 0.0393784344196, 0.0299319345504, 0.0302802063525, 0.0440997220576, 0.0492224805057, 0.0360609851778, 0.0384090319276, 0.0424342229962, 0.0445070676506], "dmean": [0.149726569653, 0.161820724607, 0.164948418736, 0.178337976336, 0.186768516898, 0.189899712801, 0.177908480167, 0.155846968293, 0.137696802616, 0.145292058587, 0.142946019769, 0.134480655193, 0.122456468642, 0.124083191156, 0.119271837175, 0.118313297629, 0.120414085686, 0.12194532156, 0.109709046781, 0.0925259441137, 0.0846948102117, 0.085199713707, 0.0871050953865, 0.124137915671, 0.173911690712, 0.137270852923, 0.104968681931, 0.101800404489, 0.0940391719341, 0.0992698296905, 0.128146767616, 0.137498825788, 0.112960778177, 0.111754573882, 0.118327520788, 0.128965422511], "max": [1, 1, 1, 1, 1, 1, 1, 1, 1, 1, 1, 1, 1, 1, 1, 1, 1, 1, 1, 1, 1, 1, 1, 1, 1, 1, 1, 1, 1, 1, 1, 1, 1, 1, 1, 1], "var": [0.0838665887713, 0.0867342576385, 0.0550112351775, 0.0764726996422, 0.0955506935716, 0.0738761499524, 0.0637017264962, 0.0533709675074, 0.0492473989725, 0.0721556544304, 0.0804169923067, 0.0519964471459, 0.0465717501938, 0.0522974282503, 0.0426152572036, 0.0493004955351, 0.0652953088284, 0.0516489297152, 0.0584020167589, 0.0425095595419, 0.0260225366801, 0.0306030362844, 0.042712405324, 0.0400666333735, 0.106328956783, 0.0707929506898, 0.0342357456684, 0.0341381169856, 0.0299090761691, 0.0301791280508, 0.0615545399487, 0.0645658299327, 0.0315178446472, 0.0318290628493, 0.0375401973724, 0.0408078208566], "mean": [0.17478762567, 0.186003640294, 0.153545513749, 0.192054763436, 0.225331068039, 0.190557897091, 0.154685035348, 0.134092792869, 0.130597248673, 0.166515290737, 0.177551791072, 0.140988469124, 0.126194491982, 0.130483239889, 0.120377026498, 0.13782826066, 0.154718995094, 0.146016865969, 0.137826278806, 0.109703436494, 0.0824563130736, 0.094154894352, 0.104103073478, 0.140384808183, 0.217673078179, 0.182478576899, 0.100155666471, 0.0880928263068, 0.0871139764786, 0.0958306118846, 0.143212869763, 0.148537710309, 0.102224081755, 0.0944963619113, 0.103146649897, 0.117481946945]}, "tuning_equal_tempered_deviation": 0.230094403028, "chords_changes_rate": 0.0628524273634, "key_key": "A#", "tuning_diatonic_strength": 0.483981192112, "key_scale": "major", "chords_number_rate": 0.00178792467341, "tuning_frequency": 434.193115234, "tuning_nontempered_energy_ratio": 0.907630205154, "chords_histogram": [3.67212224007, 13.0793561935, 6.1477098465, 3.56209588051, 2.43432807922, 0.0825195983052, 2.44808149338, 0.522624135017, 2.46183466911, 0.247558802366, 3.14949798584, 0.11002612859, 0.426351249218, 0.508870840073, 0.0275065321475, 8.19694709778, 0.577637195587, 21.6889019012, 0.357584923506, 0.687663316727, 1.80167794228, 21.7026538849, 0, 6.10645008087], "key_strength": 0.715808570385, "chords_key": "C", "chords_strength": {"dmean2": 0.0140328397974, "median": 0.548711836338, "min": 0.225937739015, "dvar2": 0.000147852784721, "dvar": 0.000114152520837, "dmean": 0.0128404945135, "max": 0.866462647915, "var": 0.0161341764033, "mean": 0.552807569504}, "chords_scale": "minor", "hpcp_entropy": {"dmean2": 1.2469291687, "median": 2.26986765862, "min": 0, "dvar2": 0.956586539745, "dvar": 0.362076371908, "dmean": 0.741450726986, "max": 4.51527166367, "var": 0.686001598835, "mean": 2.26678943634}}, "metadata": {"audio_properties": {"equal_loudness": 0, "codec": "mp3", "downmix": "mix", "sample_rate": 44100, "analysis_sample_rate": 44100, "bit_rate": 128000, "md5_encoded": "66b24da0941187b27809d1a14eb1b4b9", "length": 337.580413818, "replay_gain": -13.6739597321, "lossless": false}, "version": {"essentia_build_sha": "2d9f1f26377add8aeb1075a9c2973f962c4f09fd", "essentia": "2.1-beta2", "extractor": "music 1.0", "essentia_git_sha": "v2.1_beta2-1-ge3940c0"}, "tags": {"title": ["Kaksyhes"], "media": ["Digital Media"], "albumartist": ["Huge Lucifer"], "musicbrainz_recordingid": ["0b92709c-0d27-4147-8f79-b25606e51305"], "originalyear": ["2005"], "discnumber": ["1/1"], "album": ["Imago"], "musicbrainz album type": ["album"], "musicbrainz album status": ["official"], "musicbrainz_albumartistid": ["600049b6-e3e0-4bad-9287-5b02df752b7b"], "date": ["2005"], "file_name": "09 - Kaksyhes.mp3", "musicbrainz_releasegroupid": ["d4cfffc5-9802-4487-8447-f152e77e91af"], "script": ["Latn"], "originaldate": ["2005"], "musicbrainz_albumid": ["a9ba4a73-b6e5-4f0e-b354-af69bdc12d9b"], "artist": ["Huge Lucifer feat. Mode"], "artistsort": ["Huge L feat. Mode"], "tracknumber": ["9/22"], "musicbrainz album release country": ["FI"], "albumartistsort": ["Huge L"], "musicbrainz_artistid": ["600049b6-e3e0-4bad-9287-5b02df752b7b", "13802980-87ec-4604-bff6-0ad6cd43768b"]}}, "rhythm": {"bpm_histogram_first_peak_bpm": {"dmean2": 0, "median": 178, "min": 178, "dvar2": 0, "dvar": 0, "dmean": 0, "max": 178, "var": 0, "mean": 178}, "bpm": 178.205505371, "bpm_histogram_second_peak_spread": {"dmean2": 0, "median": 0.101960778236, "min": 0.101960778236, "dvar2": 0, "dvar": 0, "dmean": 0, "max": 0.101960778236, "var": 0, "mean": 0.101960778236}, "bpm_histogram_first_peak_weight": {"dmean2": 0, "median": 0.345628410578, "min": 0.345628410578, "dvar2": 0, "dvar": 0, "dmean": 0, "max": 0.345628410578, "var": 0, "mean": 0.345628410578}, "onset_rate": 4.96749162674, "beats_position": [0.592108845711, 1.19582760334, 1.79954648018, 2.40326523781, 3.00698399544, 3.61070299149, 4.21442174911, 4.67882061005, 5.14321994781, 5.60761880875, 6.07201814651, 6.53641700745, 7.00081634521, 7.47682523727, 7.95283412933, 8.42884349823, 8.90485286713, 9.38086128235, 9.85687065125, 10.3328800201, 10.8088884354, 11.2965078354, 11.7841272354, 12.2601356506, 12.7477550507, 13.2237634659, 13.572063446, 13.9319725037, 14.2802715302, 14.6285715103, 14.9768705368, 15.3251695633, 15.6734695435, 16.0217685699, 16.3584575653, 16.6951465607, 17.0202255249, 17.3569164276, 17.693605423, 18.0302944183, 18.3669834137, 18.6920623779, 19.0287532806, 19.365442276, 19.6905212402, 20.0272102356, 20.363899231, 20.6889801025, 21.0256690979, 21.3623580933, 21.6874370575, 22.0241260529, 22.3608150482, 22.6858959198, 23.0225849152, 23.3592739105, 23.6959629059, 24.0326519012, 24.3577327728, 24.6944217682, 25.0311107635, 25.3561897278, 25.6928787231, 26.0295696259, 26.3662586212, 26.7029476166, 27.0396366119, 27.3763256073, 27.7014045715, 28.0380954742, 28.3747844696, 28.6998634338, 29.0365524292, 29.3732414246, 29.7099323273, 30.0466213226, 30.3717002869, 30.6967792511, 31.0334682465, 31.3701572418, 31.7068481445, 32.0435371399, 32.3802261353, 32.7169151306, 33.0419960022, 33.3670730591, 33.7037620544, 34.0404510498, 34.3771438599, 34.7138328552, 35.0505218506, 35.3872108459, 35.7122879028, 36.0373687744, 36.3740577698, 36.7107467651, 37.0358276367, 37.3609046936, 37.6859855652, 38.0110664368, 38.3593635559, 38.7076644897, 39.0443534851, 39.3810424805, 39.7061233521, 40.0312004089, 40.3678894043, 40.7045783997, 41.041267395, 41.3779602051, 41.703037262, 42.0513381958, 42.3764152527, 42.7014961243, 43.0381851196, 43.374874115, 43.6999549866, 44.0366439819, 44.3733329773, 44.7100219727, 45.046710968, 45.3717918396, 45.708480835, 46.0451698303, 46.3702468872, 46.7069396973, 47.0436286926, 47.3687057495, 47.6937866211, 48.018863678, 48.355556488, 48.6922454834, 49.0289344788, 49.3656234741, 49.7023124695, 50.0390014648, 50.3756904602, 50.7123794556, 51.0374603271, 51.3741493225, 51.7108383179, 52.0359191895, 52.3726081848, 52.7092971802, 53.0343742371, 53.3710632324, 53.7077522278, 54.0328330994, 54.3695220947, 54.7062110901, 55.0429000854, 55.3795890808, 55.7046699524, 56.0413589478, 56.3780479431, 56.7031288147, 57.0398178101, 57.3765068054, 57.701587677, 58.0382766724, 58.3749656677, 58.7000427246, 59.03673172, 59.37342453, 59.6985015869, 60.0351905823, 60.3718795776, 60.708568573, 61.0452613831, 61.3703384399, 61.7070274353, 62.0437164307, 62.3687973022, 62.7054862976, 63.042175293, 63.3672561646, 63.7039451599, 64.0406341553, 64.3773193359, 64.714012146, 65.0390930176, 65.3641738892, 65.7008590698, 66.0375518799, 66.3742370605, 66.7109298706, 67.0476150513, 67.3843078613, 67.7093887329, 68.0344696045, 68.3711547852, 68.7078475952, 69.0329208374, 69.3696136475, 69.7062988281, 70.0546035767, 70.3796844482, 70.7047576904, 71.0414505005, 71.3781356812, 71.7032165527, 72.0399093628, 72.3765945435, 72.7132873535, 73.0499725342, 73.3750534058, 73.7001342773, 74.0368270874, 74.3735122681, 74.6985931396, 75.0468902588, 75.3719711304, 75.7086639404, 76.0453491211, 76.3704299927, 76.7071151733, 77.0438079834, 77.3805007935, 77.7171859741, 78.0422668457, 78.3673477173, 78.7040328979, 79.040725708, 79.3658065796, 79.7024917603, 80.0391845703, 80.375869751, 80.712562561, 81.0376434326, 81.3743286133, 81.7110214233, 82.0360946655, 82.3727874756, 82.7094802856, 83.0461654663, 83.3828582764, 83.7079315186, 84.0330123901, 84.3697052002, 84.7063903809, 85.0430831909, 85.3797683716, 85.7164611816, 86.0531539917, 86.3782272339, 86.7149200439, 87.0400009155, 87.3766860962, 87.7017669678, 88.0384597778, 88.3751449585, 88.7002258301, 89.0369110107, 89.3736038208, 89.7102966309, 90.0469818115, 90.3720626831, 90.7087478638, 91.0454406738, 91.3705215454, 91.7072067261, 92.0438995361, 92.3689804077, 92.7172775269, 93.0423583984, 93.36743927, 93.7041244507, 94.0408172607, 94.3775024414, 94.7141952515, 95.039276123, 95.3875732422, 95.7126541138, 96.037727356, 96.374420166, 96.7111129761, 97.0361862183, 97.3728790283, 97.709564209, 98.0346450806, 98.3713378906, 98.7080230713, 99.0447158813, 99.381401062, 99.7064819336, 100.031562805, 100.368255615, 100.704940796, 101.030021667, 101.355102539, 101.69178772, 102.02848053, 102.36516571, 102.701858521, 103.038543701, 103.375236511, 103.700317383, 104.037002563, 104.373695374, 104.710380554, 105.047073364, 105.372154236, 105.708839417, 106.045532227, 106.370613098, 106.69568634, 107.03237915, 107.36907196, 107.705757141, 108.042449951, 108.379135132, 108.715827942, 109.040908813, 109.365982056, 109.702674866, 110.039360046, 110.364440918, 110.701133728, 111.037818909, 111.374511719, 111.711196899, 112.036277771, 112.361358643, 112.686439514, 113.023124695, 113.359817505, 113.708114624, 114.033195496, 114.369888306, 114.706573486, 115.043266296, 115.379951477, 115.705032349, 116.03011322, 116.366798401, 116.703491211, 117.040176392, 117.376869202, 117.713554382, 118.050247192, 118.375328064, 118.700408936, 119.037094116, 119.373786926, 119.698867798, 120.035552979, 120.372245789, 120.708930969, 121.045623779, 121.370697021, 121.707389832, 122.044082642, 122.369155884, 122.705848694, 123.042533875, 123.367614746, 123.704307556, 124.040992737, 124.366073608, 124.702766418, 125.039451599, 125.364532471, 125.701225281, 126.037910461, 126.374603271, 126.711288452, 127.036369324, 127.373062134, 127.709747314, 128.034820557, 128.371520996, 128.708206177, 129.044891357, 129.381591797, 129.718276978, 130.066574097, 130.414871216, 130.774780273, 131.134689331, 131.494598389, 131.842895508, 132.202804565, 132.562713623, 132.899414063, 133.236099243, 133.561172485, 133.886260986, 134.211334229, 134.536407471, 134.87310791, 135.209793091, 135.546478271, 135.883178711, 136.208251953, 136.533325195, 136.858413696, 137.183486938, 137.520172119, 137.856872559, 138.193557739, 138.53024292, 138.855331421, 139.180404663, 139.505477905, 139.830566406, 140.155639648, 140.480728149, 140.81741333, 141.154098511, 141.479187012, 141.804260254, 142.129333496, 142.466033936, 142.802719116, 143.127792358, 143.476104736, 143.801177979, 144.137863159, 144.46295166, 144.788024902, 145.113098145, 145.449798584, 145.774871826, 146.099945068, 146.425033569, 146.750106812, 147.075195313, 147.411880493, 147.748565674, 148.085250854, 148.421951294, 148.770248413, 149.106933594, 149.432022095, 149.757095337, 150.093780518, 150.418869019, 150.732330322, 151.045806885, 151.370880127, 151.695953369, 152.02104187, 152.346115112, 152.694412231, 153.031112671, 153.367797852, 153.716094971, 154.06439209, 154.598449707, 155.120910645, 155.643356323, 156.316726685, 156.978500366, 157.640274048, 158.302032471, 158.963806152, 159.613967896, 160.275741577, 160.9375, 161.599273682, 162.261047363, 162.922805786, 163.584579468, 164.234741211, 164.896499634, 165.546661377, 166.208435059, 166.870193481, 167.531967163, 168.182128906, 168.832290649, 169.494049072, 170.155822754, 170.817596436, 171.479354858, 172.14112854, 172.802902222, 173.453063965, 174.103210449, 174.776596069, 175.449981689, 176.100128174, 176.750289917, 177.40045166, 178.073822021, 178.723983765, 179.385757446, 180.047531128, 180.720901489, 181.382675171, 182.044433594, 182.694595337, 183.356369019, 184.006530762, 184.668289185, 185.330062866, 185.991836548, 186.653594971, 187.315368652, 187.977142334, 188.638900757, 189.2890625, 189.939224243, 190.600997925, 191.262756348, 191.924530029, 192.586303711, 193.248062134, 193.909835815, 194.559997559, 195.210159302, 195.871917725, 196.533691406, 197.195465088, 197.857223511, 198.518997192, 199.180770874, 199.830932617, 200.49269104, 201.154464722, 201.816238403, 202.466384888, 203.128158569, 203.789932251, 204.451690674, 205.113464355, 205.775238037, 206.43699646, 207.098770142, 207.760543823, 208.422302246, 209.072463989, 209.722625732, 210.372787476, 211.034561157, 211.69631958, 212.3697052, 213.031463623, 213.693237305, 214.343399048, 215.005172729, 215.655319214, 216.317092896, 216.978866577, 217.640625, 218.290786743, 218.964172363, 219.614334106, 220.276092529, 220.926254272, 221.588027954, 222.249786377, 222.911560059, 223.57333374, 224.235092163, 224.885253906, 225.558639526, 226.20880127, 226.858947754, 227.532333374, 228.194107056, 228.84425354, 229.506027222, 230.156188965, 230.829559326, 231.479721069, 232.129882813, 232.791656494, 233.453414917, 234.115188599, 234.77696228, 235.438720703, 236.100494385, 236.762268066, 237.424026489, 238.074188232, 238.724349976, 239.386123657, 240.04788208, 240.709655762, 241.371429443, 242.033187866, 242.694961548, 243.345123291, 243.995285034, 244.645431519, 245.3072052, 245.968978882, 246.630737305, 247.292510986, 247.965896606, 248.639266968, 249.289428711, 249.939590454, 250.601348877, 251.263122559, 251.92489624, 252.586654663, 253.260040283, 253.910202026, 254.56036377, 255.222122192, 255.883895874, 256.534057617, 257.195831299, 257.85760498, 258.530975342, 259.181121826, 259.842895508, 260.493041992, 261.154815674, 261.816589355, 262.478363037, 263.128509521, 263.778686523, 264.440460205, 265.102203369, 265.752380371, 266.425750732, 267.087524414, 267.749298096, 268.39944458, 269.049621582, 269.722991943, 270.396362305, 271.046539307, 271.708282471, 272.358459473, 273.020233154, 273.670379639, 274.33215332, 274.993927002, 275.667297363, 276.329071045, 276.990844727, 277.640991211, 278.302764893, 278.952911377, 279.614685059, 280.27645874, 280.938232422, 281.600006104, 282.261749268, 282.91192627, 283.573699951, 284.223846436, 284.885620117, 285.547393799, 286.20916748, 286.870910645, 287.532684326, 288.182861328, 288.856231689, 289.506378174, 290.156555176, 290.829925537, 291.491699219, 292.141845703, 292.803619385, 293.465393066, 294.127166748, 294.777313232, 295.427490234, 296.089233398, 296.75100708, 297.412780762, 298.074554443, 298.736328125, 299.398101807, 300.048248291, 300.710021973, 301.383392334, 302.045166016, 302.6953125, 303.357086182, 304.007263184, 304.669006348, 305.31918335, 305.980957031, 306.642730713, 307.316101074, 307.977874756, 308.63961792, 309.289794922, 309.951568604, 310.601715088, 311.26348877, 311.925262451, 312.587036133, 313.248779297, 313.910552979, 314.56072998, 315.222503662, 315.872650146, 316.534423828, 317.19619751, 317.857940674, 318.508117676, 319.181488037, 319.831634521, 320.5050354, 321.155181885, 321.805358887, 322.455505371, 323.128875732, 323.802276611, 324.371154785, 324.940032959, 325.450866699, 325.93850708, 326.437713623, 326.925354004, 327.424560547, 327.923797607, 328.423034668, 328.933868408, 329.444702148, 329.955535889, 330.466400146, 330.977233887, 331.430023193, 331.8828125, 332.323974609, 332.765167236, 333.217956543, 333.682342529, 334.158355713, 334.61114502, 335.063934326, 335.505126953, 335.946289063, 336.387481689, 336.817047119], "beats_loudness": {"dmean2": 0.135326206684, "median": 0.0465336889029, "min": 5.31912428414e-06, "dvar2": 0.0157567150891, "dvar": 0.0044329171069, "dmean": 0.0686860978603, "max": 0.311612278223, "var": 0.00493052229285, "mean": 0.0685866400599}, "danceability": 1.4178391695, "bpm_histogram_second_peak_weight": {"dmean2": 0, "median": 0.312841534615, "min": 0.312841534615, "dvar2": 0, "dvar": 0, "dmean": 0, "max": 0.312841534615, "var": 0, "mean": 0.312841534615}, "beats_count": 733, "bpm_histogram_second_peak_bpm": {"dmean2": 0, "median": 91, "min": 91, "dvar2": 0, "dvar": 0, "dmean": 0, "max": 91, "var": 0, "mean": 91}, "bpm_histogram_first_peak_spread": {"dmean2": 0, "median": 0, "min": 0, "dvar2": 0, "dvar": 0, "dmean": 0, "max": 0, "var": 0, "mean": 0}, "beats_loudness_band_ratio": {"dmean2": [0.822993516922, 0.203035384417, 0.2156663239, 0.138815253973, 0.193069666624, 0.399406760931], "median": [0.388537794352, 0.0491708293557, 0.0634659975767, 0.0360606722534, 0.0512534193695, 0.15234875679], "min": [5.99458417128e-06, 2.36423784372e-06, 0.000230481324252, 4.97658766108e-05, 0.000195477885427, 0.000183135518455], "dvar2": [0.382502615452, 0.0344011709094, 0.0395221151412, 0.0188989769667, 0.0182208679616, 0.0949901863933], "dvar": [0.102010980248, 0.0113390432671, 0.0138010401279, 0.00691954698414, 0.00548186153173, 0.0281614325941], "dmean": [0.439483046532, 0.107944533229, 0.116635888815, 0.0770606249571, 0.104530222714, 0.212752729654], "max": [0.993784785271, 0.879194021225, 0.786720573902, 0.996710658073, 0.791924655437, 0.898123919964], "var": [0.118108272552, 0.0119090322405, 0.0152443861589, 0.0165371466428, 0.0114941513166, 0.0364977158606], "mean": [0.460825413465, 0.08862041682, 0.10087493062, 0.0790967643261, 0.0944032520056, 0.202780872583]}}, "lowlevel": {"barkbands_spread": {"dmean2": 18.7221794128, "median": 21.3241214752, "min": 0.0464995168149, "dvar2": 478.432220459, "dvar": 234.899368286, "dmean": 12.1903781891, "max": 124.231796265, "var": 620.221740723, "mean": 29.3494815826}, "melbands_spread": {"dmean2": 19.6074409485, "median": 17.8272914886, "min": 0.0994599834085, "dvar2": 863.866638184, "dvar": 424.843719482, "dmean": 13.0426177979, "max": 251.234603882, "var": 1012.77038574, "mean": 28.5689201355}, "hfc": {"dmean2": 26.890253067, "median": 13.19231987, "min": 1.17886591293e-16, "dvar2": 2041.29919434, "dvar": 1091.6262207, "dmean": 19.1709461212, "max": 637.441040039, "var": 2125.01000977, "mean": 30.2549266815}, "barkbands_kurtosis": {"dmean2": 19.920375824, "median": 2.51291847229, "min": -1.95261526108, "dvar2": 3951.3762207, "dvar": 1658.87365723, "dmean": 12.688996315, "max": 1065.37902832, "var": 2799.78442383, "mean": 15.4435348511}, "gfcc": {"mean": [-16.6930522919, 68.3000717163, -96.1496276855, 35.7726898193, -50.5710296631, 17.9464664459, -37.6202125549, 19.6236953735, -24.9081306458, 11.272605896, -14.9976358414, 6.28248405457, -15.3786773682], "icov": [[0.000201444941922, 2.07548200706e-05, -0.000119534684927, -0.000178675734787, 0.000251313875197, 3.1238203519e-05, 0.000214705054532, -0.000229800512898, -6.60759833409e-05, -0.000197224057047, 5.53319587198e-05, -0.000268174917437, 0.000318935490213], [2.07548200706e-05, 0.00126637064386, -0.000498376612086, 0.00078231486259, -0.000718222290743, 0.00100059295073, -0.000145809928654, 0.000244828494033, -0.000817107560579, 0.00146474258509, -0.00215944834054, 0.00199094740674, -0.00104001245927], [-0.000119534684927, -0.000498376612086, 0.00139367207885, -0.000786281423643, 0.000519278051797, -0.00106235744897, 6.63377795718e-05, -0.000145296362462, 0.000120315256936, -0.00130292808171, 0.000895996810868, -0.00177647708915, 0.00091975973919], [-0.000178675734787, 0.00078231486259, -0.000786281423643, 0.00344400131144, -0.00142027507536, -0.000190479593584, 0.000549781194422, 0.000259534397628, -0.000883899047039, 0.00120081123896, -0.00150339212269, 0.00179515383206, -0.00153113517445], [0.000251313875197, -0.000718222290743, 0.000519278051797, -0.00142027507536, 0.00354555505328, -0.00153099175077, -1.63704717124e-05, -0.00012641439389, -0.000855683640111, -0.000473511463497, 0.000725932593923, -0.00116154120769, 0.000396906252718], [3.1238203519e-05, 0.00100059295073, -0.00106235744897, -0.000190479593584, -0.00153099175077, 0.00621548155323, -0.0022316260729, 0.000193303756532, 0.000127131410409, -0.000283840898192, -0.000154583569383, 0.00153483648319, -0.000812077778392], [0.000214705054532, -0.000145809928654, 6.63377795718e-05, 0.000549781194422, -1.63704717124e-05, -0.0022316260729, 0.00475636729971, -0.00149114360102, 6.29683490843e-05, 0.00133058323991, -0.00185400468763, -0.000165397868841, 0.000357435521437], [-0.000229800512898, 0.000244828494033, -0.000145296362462, 0.000259534397628, -0.00012641439389, 0.000193303756532, -0.00149114360102, 0.00743015715852, -0.00265389261767, 0.000231483267271, 0.000387854146538, -0.000511729915161, 0.000104061218735], [-6.60759833409e-05, -0.000817107560579, 0.000120315256936, -0.000883899047039, -0.000855683640111, 0.000127131410409, 6.29683490843e-05, -0.00265389261767, 0.00932395085692, -0.00376447383314, 0.000544899376109, 0.00147715944331, -0.00226855813526], [-0.000197224057047, 0.00146474258509, -0.00130292808171, 0.00120081123896, -0.000473511463497, -0.000283840898192, 0.00133058323991, 0.000231483267271, -0.00376447383314, 0.0123175652698, -0.00406409800053, 0.00203201803379, 0.000497399014421], [5.53319587198e-05, -0.00215944834054, 0.000895996810868, -0.00150339212269, 0.000725932593923, -0.000154583569383, -0.00185400468763, 0.000387854146538, 0.000544899376109, -0.00406409800053, 0.0123731577769, -0.00512103643268, 0.00179726327769], [-0.000268174917437, 0.00199094740674, -0.00177647708915, 0.00179515383206, -0.00116154120769, 0.00153483648319, -0.000165397868841, -0.000511729915161, 0.00147715944331, 0.00203201803379, -0.00512103643268, 0.0161788053811, -0.00580009957775], [0.000318935490213, -0.00104001245927, 0.00091975973919, -0.00153113517445, 0.000396906252718, -0.000812077778392, 0.000357435521437, 0.000104061218735, -0.00226855813526, 0.000497399014421, 0.00179726327769, -0.00580009957775, 0.0129099311307]], "cov": [[11161.2089844, -2283.63037109, 2352.15869141, 742.566833496, -978.630554199, 114.447952271, -765.137573242, 298.536804199, 32.0112495422, 564.549438477, -239.977508545, 292.763671875, -334.331726074], [-2283.63037109, 2478.71557617, -524.43347168, -293.688873291, 399.546722412, -245.809631348, 243.427597046, -53.6415061951, 163.754928589, -206.523681641, 294.953033447, -157.074111938, 149.678024292], [2352.15869141, -524.43347168, 1695.42773438, 404.034729004, -135.132980347, 263.703735352, -108.687393188, 103.882423401, 57.4949531555, 235.713806152, -41.3914871216, 134.577316284, -83.0675888062], [742.566833496, -293.688873291, 404.034729004, 556.665893555, 148.434326172, 143.989990234, -58.0209579468, 36.0073661804, 79.5841369629, 67.0554351807, -10.3594827652, 17.4040470123, 21.7046127319], [-978.630554199, 399.546722412, -135.132980347, 148.434326172, 555.058959961, 116.769424438, 122.536598206, 11.2302618027, 101.625976563, -30.9959812164, 51.4527816772, -30.8941421509, 68.4021377563], [114.447952271, -245.809631348, 263.703735352, 143.989990234, 116.769424438, 313.588531494, 108.293586731, 35.2438774109, 21.3573474884, 44.1819152832, -13.3573074341, 13.7528104782, -1.39719247818], [-765.137573242, 243.427597046, -108.687393188, -58.0209579468, 122.536598206, 108.293586731, 364.515350342, 42.2797355652, 12.7698450089, -52.6471672058, 69.2950439453, -9.09097576141, 22.5274829865], [298.536804199, -53.6415061951, 103.882423401, 36.0073661804, 11.2302618027, 35.2438774109, 42.2797355652, 175.175292969, 58.596408844, 27.3249797821, -1.36946499348, 13.1036100388, -0.216337054968], [32.0112495422, 163.754928589, 57.4949531555, 79.5841369629, 101.625976563, 21.3573474884, 12.7698450089, 58.596408844, 182.759841919, 46.3261947632, 23.1577606201, -17.7783908844, 34.2556190491], [564.549438477, -206.523681641, 235.713806152, 67.0554351807, -30.9959812164, 44.1819152832, -52.6471672058, 27.3249797821, 46.3261947632, 152.192306519, 4.42568635941, 15.9998025894, -25.6062831879], [-239.977508545, 294.953033447, -41.3914871216, -10.3594827652, 51.4527816772, -13.3573074341, 69.2950439453, -1.36946499348, 23.1577606201, 4.42568635941, 144.973937988, 10.7815189362, 15.6403980255], [292.763671875, -157.074111938, 134.577316284, 17.4040470123, -30.8941421509, 13.7528104782, -9.09097576141, 13.1036100388, -17.7783908844, 15.9998025894, 10.7815189362, 104.489379883, 16.2538166046], [-334.331726074, 149.678024292, -83.0675888062, 21.7046127319, 68.4021377563, -1.39719247818, 22.5274829865, -0.216337054968, 34.2556190491, -25.6062831879, 15.6403980255, 16.2538166046, 115.587753296]]}, "spectral_energyband_middle_low": {"dmean2": 0.0072051868774, "median": 0.00426567625254, "min": 2.39635369514e-22, "dvar2": 0.000138066345244, "dvar": 5.42211673746e-05, "dmean": 0.00448138127103, "max": 0.103090129793, "var": 8.29437340144e-05, "mean": 0.00743839424103}, "melbands_crest": {"dmean2": 6.4761095047, "median": 14.9930915833, "min": 1.9542349577, "dvar2": 33.5370521545, "dvar": 14.5881853104, "dmean": 3.98115968704, "max": 38.2474975586, "var": 60.4924354553, "mean": 16.4634399414}, "spectral_kurtosis": {"dmean2": 3.24613451958, "median": 3.38757109642, "min": -1.29551744461, "dvar2": 27.9796981812, "dvar": 10.3084640503, "dmean": 2.04958701134, "max": 81.9389877319, "var": 26.9373569489, "mean": 4.50363111496}, "spectral_rms": {"dmean2": 0.00180318881758, "median": 0.00432927627116, "min": 3.24862337552e-12, "dvar2": 5.08964285473e-06, "dvar": 2.28913859246e-06, "dmean": 0.00119580840692, "max": 0.0176606047899, "var": 1.19117294162e-05, "mean": 0.00515121174976}, "zerocrossingrate": {"dmean2": 0.0275505091995, "median": 0.05810546875, "min": 0.001953125, "dvar2": 0.000933782896027, "dvar": 0.000912915042136, "dmean": 0.0257478598505, "max": 0.50390625, "var": 0.00481288507581, "mean": 0.0806371644139}, "silence_rate_60dB": {"dmean2": 0.0539276376367, "median": 0, "min": 0, "dvar2": 0.0613418966532, "dvar": 0.0262384749949, "dmean": 0.0269619636238, "max": 1, "var": 0.100225567818, "mean": 0.112998627126}, "erbbands_kurtosis": {"dmean2": 2.40044498444, "median": -0.0477253086865, "min": -1.84123682976, "dvar2": 18.930267334, "dvar": 7.6425819397, "dmean": 1.47832429409, "max": 117.343765259, "var": 26.9139442444, "mean": 0.972783207893}, "erbbands": {"dmean2": [0.965219020844, 3.31546211243, 7.44215154648, 6.62180328369, 5.18724632263, 10.1312541962, 11.8903865814, 13.5003080368, 24.5263404846, 37.7769126892, 26.7486934662, 18.0274906158, 11.4735517502, 14.0749855042, 24.6076984406, 20.8340511322, 15.185549736, 15.9990091324, 19.9455909729, 20.1542701721, 17.2341270447, 19.9549045563, 20.1779308319, 19.2376937866, 21.2215080261, 16.3498058319, 13.472659111, 14.7509679794, 14.076426506, 13.9197597504, 13.2928743362, 9.21402835846, 6.34142637253, 5.13576126099, 4.30102396011, 2.28404307365, 0.889549195766, 0.0813153162599, 0.00153529515956, 0.000106221763417], "median": [0.0604798942804, 0.672257483006, 1.52163219452, 1.58089351654, 1.50160098076, 2.29927802086, 2.65358877182, 3.97015571594, 6.2225856781, 6.2549571991, 4.24705696106, 3.70071291924, 2.87719869614, 2.9878153801, 3.63088679314, 4.42230701447, 3.18558311462, 3.22545695305, 3.49956655502, 3.89326095581, 4.89786624908, 5.20667219162, 5.51234960556, 3.96936273575, 3.84920835495, 3.10804176331, 2.17836713791, 1.5633007288, 1.29857337475, 1.56404674053, 1.14356458187, 0.940776109695, 0.740705430508, 0.544468820095, 0.351480543613, 0.195936948061, 0.0617559403181, 0.00457069464028, 0.000123076504678, 4.07275292673e-05], "min": [4.82396799157e-22, 4.47962488006e-21, 2.43130111676e-20, 2.14278892016e-20, 5.56119406557e-20, 8.12729702628e-20, 1.30013405248e-19, 1.37913393688e-19, 5.08544333345e-19, 6.40036117143e-19, 1.85333952146e-18, 6.26641478086e-19, 1.77237198117e-18, 8.74848549713e-19, 1.84071385018e-18, 2.59813976924e-18, 2.73265298532e-18, 4.1520760981e-18, 3.06616621124e-18, 4.51770978118e-18, 6.33730446955e-18, 7.08292672807e-18, 1.02612284383e-17, 9.89206269398e-18, 1.2497267206e-17, 1.2843179249e-17, 1.97143543577e-17, 1.74818203542e-17, 2.09866011532e-17, 2.03569297642e-17, 1.90894491834e-17, 1.81355709708e-17, 1.56508511052e-17, 1.08979052199e-17, 9.30694490716e-18, 6.46998920289e-18, 3.20308817727e-18, 1.45167033537e-18, 3.07155942884e-19, 3.1196848615e-20], "dvar2": [5.97590923309, 52.0990409851, 596.613586426, 361.507263184, 120.711959839, 684.126342773, 540.319519043, 795.70904541, 2454.78417969, 8222.64648438, 3507.55151367, 1947.64025879, 813.825561523, 1590.65112305, 6166.26708984, 1975.63366699, 1227.9329834, 1588.88671875, 2860.13037109, 2318.38989258, 1591.47717285, 1974.62866211, 1917.62219238, 2486.80249023, 1929.30651855, 1010.05749512, 726.264709473, 1065.02514648, 1053.57592773, 1202.53271484, 1099.21655273, 390.292358398, 187.572296143, 125.370750427, 77.8044509888, 17.9993057251, 2.5884013176, 0.0216346103698, 7.49097853259e-06, 2.57924561708e-08], "dvar": [2.34017825127, 23.2166385651, 216.233139038, 129.157241821, 44.2377433777, 286.404968262, 220.29473877, 322.247924805, 1023.00714111, 3374.03100586, 1528.37866211, 773.569152832, 363.990570068, 711.255432129, 2527.51342773, 798.377075195, 532.875427246, 681.909118652, 1215.99707031, 1004.36468506, 710.839355469, 933.921325684, 854.705078125, 1138.84887695, 1012.81829834, 485.073150635, 378.714599609, 517.145141602, 530.006225586, 550.735290527, 511.915374756, 184.898696899, 93.5925445557, 59.2624359131, 36.9502029419, 8.64052772522, 1.21879577637, 0.00965202692896, 3.43458054886e-06, 1.23280594622e-08], "dmean": [0.601860880852, 2.12152886391, 4.21591806412, 3.75158786774, 3.00536513329, 6.22709989548, 7.24567747116, 8.18233776093, 15.0246334076, 23.5892066956, 16.9671649933, 11.2302322388, 7.38324928284, 8.82026100159, 14.9832258224, 12.8182916641, 9.44364929199, 10.048078537, 12.7222824097, 12.9573135376, 11.0705356598, 13.1500835419, 13.0460519791, 12.8622264862, 14.5612783432, 10.9799661636, 8.98418521881, 10.1961107254, 10.0016269684, 9.56030845642, 9.03415679932, 6.29275131226, 4.38087940216, 3.55216145515, 2.91810464859, 1.55207002163, 0.593433022499, 0.052084133029, 0.00100096827373, 7.02753241058e-05], "max": [14.5277576447, 56.9310760498, 162.407653809, 129.964126587, 90.2753295898, 351.700134277, 377.916503906, 606.065246582, 1115.80273438, 1647.79833984, 1159.5144043, 489.83706665, 565.924560547, 1002.81030273, 1707.69152832, 775.373535156, 645.301269531, 775.965026855, 423.768341064, 690.89654541, 556.883544922, 809.916992188, 381.554290771, 661.947021484, 581.375061035, 421.105285645, 392.568359375, 336.850311279, 618.536621094, 539.412353516, 390.363372803, 269.886322021, 329.769805908, 270.169006348, 229.699951172, 68.1872940063, 31.6648521423, 2.59513521194, 0.0455713383853, 0.00221063965], "var": [4.80156517029, 58.5116386414, 162.32333374, 88.2275543213, 36.5721664429, 309.867462158, 291.876342773, 419.769989014, 1404.78417969, 4687.77099609, 2278.32128906, 950.441650391, 559.331176758, 1003.10021973, 2718.88696289, 1056.10717773, 843.542785645, 894.949951172, 1476.1541748, 1436.66723633, 1043.09985352, 1589.98950195, 1319.83056641, 1778.36340332, 2121.66088867, 840.174072266, 674.519287109, 779.050231934, 787.996398926, 793.978881836, 746.530761719, 292.253753662, 147.504379272, 87.1727981567, 54.1781539917, 14.1859807968, 1.83092606068, 0.0130640640855, 4.87378383696e-06, 2.11914610304e-08], "mean": [0.847572803497, 3.44310998917, 4.31063938141, 3.80511689186, 3.45077395439, 7.19210529327, 8.74719524384, 10.4519329071, 18.5304069519, 28.8957538605, 21.2395000458, 13.8725242615, 9.8341550827, 11.0252943039, 16.4819965363, 16.3886203766, 11.8690023422, 12.64412117, 15.5016832352, 16.5841350555, 15.5225782394, 19.2256355286, 17.8086414337, 17.0171833038, 20.1930656433, 14.3707733154, 11.8655252457, 12.3774909973, 11.7439861298, 12.1952981949, 11.0861091614, 7.80518198013, 5.3841791153, 4.15673160553, 3.29144525528, 1.82863473892, 0.668273329735, 0.0555181615055, 0.00110582483467, 0.000105790350062]}, "spectral_strongpeak": {"dmean2": 0.613427937031, "median": 0.351090103388, "min": 0, "dvar2": 0.858229577541, "dvar": 0.343333780766, "dmean": 0.361318171024, "max": 11.8915185928, "var": 0.491613477468, "mean": 0.572065830231}, "spectral_energy": {"dmean2": 0.0284700095654, "median": 0.0192111991346, "min": 1.08173922606e-20, "dvar2": 0.00248468061909, "dvar": 0.000986030790955, "dmean": 0.018055004999, "max": 0.319694429636, "var": 0.00292916456237, "mean": 0.0394075922668}, "average_loudness": 0.706587076187, "spectral_rolloff": {"dmean2": 1957.55407715, "median": 1033.59375, "min": 43.06640625, "dvar2": 9001848, "dvar": 4564273, "dmean": 1221.52429199, "max": 18303.2226563, "var": 9345262, "mean": 2302.95703125}, "spectral_centroid": {"dmean2": 621.475097656, "median": 1440.21325684, "min": 108.620941162, "dvar2": 430447.875, "dvar": 237443.96875, "dmean": 420.137023926, "max": 11169.5605469, "var": 830755, "mean": 1614.02478027}, "pitch_salience": {"dmean2": 0.142590925097, "median": 0.572956800461, "min": 0.0177535060793, "dvar2": 0.0198359359056, "dvar": 0.00831582024693, "dmean": 0.0891662687063, "max": 0.910730361938, "var": 0.0322480872273, "mean": 0.528546869755}, "spectral_energyband_middle_high": {"dmean2": 0.00287318206392, "median": 0.00143046677113, "min": 1.24938007974e-21, "dvar2": 2.67427258223e-05, "dvar": 1.31136703203e-05, "dmean": 0.00198540790007, "max": 0.0476532280445, "var": 2.66823899437e-05, "mean": 0.00332131655887}, "spectral_contrast_coeffs": {"dmean2": [0.0943846777081, 0.0855817869306, 0.0672734901309, 0.0572847314179, 0.0498126000166, 0.0382766574621], "median": [-0.684260606766, -0.750596165657, -0.795843482018, -0.792515516281, -0.788968026638, -0.790093779564], "min": [-0.963775217533, -0.975506722927, -0.969546973705, -0.961320877075, -0.967527091503, -0.959381937981], "dvar2": [0.0064759501256, 0.00475059216842, 0.00299125351012, 0.00224469066598, 0.00177775823977, 0.00105419580359], "dvar": [0.00257495744154, 0.00192825100385, 0.00116476498079, 0.000905252993107, 0.0007147793076, 0.000464298471343], "dmean": [0.0580467171967, 0.0532297305763, 0.0410893969238, 0.0351791232824, 0.0311925560236, 0.0248698424548], "max": [-0.306424587965, -0.355080038309, -0.524939656258, -0.43397372961, -0.505281627178, -0.592157423496], "var": [0.0070235687308, 0.0060866959393, 0.00313189299777, 0.00338711566292, 0.00242052506655, 0.00137922330759], "mean": [-0.675343632698, -0.745629072189, -0.789583563805, -0.783562123775, -0.783519148827, -0.787348151207]}, "melbands_skewness": {"dmean2": 2.23988175392, "median": 2.86057686806, "min": -8.42730808258, "dvar2": 8.72604465485, "dvar": 3.81683731079, "dmean": 1.44800019264, "max": 42.901889801, "var": 12.0095462799, "mean": 3.81740427017}, "spectral_spread": {"dmean2": 1870660.875, "median": 5655538.5, "min": 996437.8125, "dvar2": 4144524165120.0, "dvar": 2193333026820.0, "dmean": 1305886, "max": 48077744, "var": 6420440285180.0, "mean": 5910071.5}, "dissonance": {"dmean2": 0.0312396734953, "median": 0.474761545658, "min": 0.274383157492, "dvar2": 0.0010136134224, "dvar": 0.000399409327656, "dmean": 0.0189120452851, "max": 0.500000298023, "var": 0.000796880223788, "mean": 0.46687361598}, "spectral_skewness": {"dmean2": 0.454660117626, "median": 1.5058734417, "min": -0.290869176388, "dvar2": 0.249290451407, "dvar": 0.105185031891, "dmean": 0.296579897404, "max": 7.35008525848, "var": 0.34719389677, "mean": 1.53924357891}, "spectral_flux": {"dmean2": 0.0600542612374, "median": 0.0834897458553, "min": 1.04283096047e-10, "dvar2": 0.00577110471204, "dvar": 0.00247874902561, "dmean": 0.0376344136894, "max": 0.496399253607, "var": 0.00563159445301, "mean": 0.100246325135}, "spectral_contrast_valleys": {"dmean2": [0.693910956383, 0.745561897755, 0.650415897369, 0.628205239773, 0.631723821163, 0.787551701069], "median": [-7.18603229523, -6.85809659958, -7.62599897385, -8.06580352783, -7.71297264099, -9.79271125793], "min": [-27.269109726, -27.0957622528, -27.3534202576, -27.3725128174, -27.2580566406, -27.2881412506], "dvar2": [0.327986955643, 0.521481096745, 0.389429152012, 0.3997143507, 0.467790544033, 0.682692885399], "dvar": [0.145531877875, 0.238631278276, 0.189959511161, 0.19931602478, 0.240460366011, 0.372901022434], "dmean": [0.423375219107, 0.476635992527, 0.424973726273, 0.421985149384, 0.447166800499, 0.610612571239], "max": [-5.03095293045, -4.5826382637, -5.0411028862, -5.42308855057, -5.19430017471, -7.04685020447], "var": [1.65563821793, 1.46940898895, 0.862815916538, 0.952238380909, 1.28343582153, 2.67872858047], "mean": [-7.41111946106, -7.07796955109, -7.