{"tonal": {"thpcp": [1, 0.878863096237, 0.471559435129, 0.296260744333, 0.246410951018, 0.39851462841, 0.831677019596, 0.820881783962, 0.453433424234, 0.381378501654, 0.340227216482, 0.356615304947, 0.580604851246, 0.589268803596, 0.562453508377, 0.953317582607, 0.923070907593, 0.528921842575, 0.457643866539, 0.419747889042, 0.498984277248, 0.693078875542, 0.594960510731, 0.396896034479, 0.349988460541, 0.306197851896, 0.408159315586, 0.776683211327, 0.817364633083, 0.647897422314, 0.766913771629, 0.638301312923, 0.370788395405, 0.379558593035, 0.461725711823, 0.673585951328], "hpcp": {"dmean2": [0.247337281704, 0.218437880278, 0.190418794751, 0.183899492025, 0.212694883347, 0.252305686474, 0.288147270679, 0.269578903913, 0.216353878379, 0.160783603787, 0.137135416269, 0.174459561706, 0.239289805293, 0.236059397459, 0.182012274861, 0.150165498257, 0.145977050066, 0.160873696208, 0.208301827312, 0.214257836342, 0.236102744937, 0.278322905302, 0.252074718475, 0.241728931665, 0.263138741255, 0.234680205584, 0.234701544046, 0.259309798479, 0.239213466644, 0.214788258076, 0.202933356166, 0.188920214772, 0.202013909817, 0.247751027346, 0.24964672327, 0.267411351204], "median": [0.0455861389637, 0.0406621843576, 0.0298707559705, 0.0214338041842, 0.0276672467589, 0.0599541440606, 0.0995112657547, 0.0827849954367, 0.0366941317916, 0.0149189243093, 0.0138966897503, 0.0357874929905, 0.0807865485549, 0.0827386155725, 0.042202860117, 0.021353200078, 0.0188534036279, 0.0297048781067, 0.0429721847177, 0.0418216884136, 0.0649852231145, 0.0939728617668, 0.0865067839622, 0.0476265661418, 0.0252390615642, 0.0236115753651, 0.0312350913882, 0.0542962774634, 0.0472081899643, 0.0234059244394, 0.014263227582, 0.0117800608277, 0.0306704808027, 0.0571748800576, 0.0667892992496, 0.0634481757879], "min": [0, 0, 0, 0, 0, 0, 0, 0, 0, 0, 0, 0, 0, 0, 0, 0, 0, 0, 0, 0, 0, 0, 0, 0, 0, 0, 0, 0, 0, 0, 0, 0, 0, 0, 0, 0], "dvar2": [0.116208918393, 0.0999403893948, 0.0883669927716, 0.0856461971998, 0.101600751281, 0.11259290576, 0.121871910989, 0.11733687669, 0.106967233121, 0.0844716876745, 0.064008012414, 0.0712132900953, 0.0925601422787, 0.0919512882829, 0.0725300014019, 0.0648717582226, 0.0641495585442, 0.0692737400532, 0.0988881736994, 0.0992234200239, 0.0974424779415, 0.124809652567, 0.112014122307, 0.108073979616, 0.160975918174, 0.132206052542, 0.129490748048, 0.133192420006, 0.119529336691, 0.129234865308, 0.121181793511, 0.120021216571, 0.102539636195, 0.119821116328, 0.10608586669, 0.124796167016], "dvar": [0.0471554547548, 0.0392759516835, 0.0325655117631, 0.0326568745077, 0.0383338108659, 0.0452004820108, 0.0520073324442, 0.0481633245945, 0.0404898412526, 0.0311258547008, 0.0234278421849, 0.0264238957316, 0.0391521751881, 0.039147362113, 0.0277776103467, 0.0263062324375, 0.0249082203954, 0.0264208037406, 0.0391901545227, 0.0394858680665, 0.036671359092, 0.0498810485005, 0.0453562252223, 0.0397240817547, 0.0620135106146, 0.0507733486593, 0.0484515018761, 0.0512007921934, 0.0463256575167, 0.0488282926381, 0.0447176396847, 0.0425270535052, 0.0371181443334, 0.0464700236917, 0.0441365130246, 0.0466073937714], "dmean": [0.142300248146, 0.125948727131, 0.106355637312, 0.103530466557, 0.121564000845, 0.148923531175, 0.171208366752, 0.160602137446, 0.123426698148, 0.0899913161993, 0.0763706341386, 0.0983995124698, 0.143455833197, 0.143132016063, 0.106486961246, 0.0874859765172, 0.0845373868942, 0.0928992927074, 0.11965290457, 0.12265047431, 0.133495509624, 0.162197962403, 0.148725807667, 0.137428879738, 0.146656259894, 0.132272854447, 0.13279402256, 0.148976221681, 0.137938767672, 0.119695097208, 0.111215718091, 0.103009149432, 0.111967980862, 0.143838003278, 0.146773904562, 0.153149694204], "max": [1, 1, 1, 1, 1, 1, 1, 1, 1, 1, 1, 1, 1, 1, 1, 1, 1, 1, 1, 1, 1, 1, 1, 1, 1, 1, 1, 1, 1, 1, 1, 1, 1, 1, 1, 1], "var": [0.091871060431, 0.0685615241528, 0.0291554313153, 0.0342809818685, 0.0422700382769, 0.0621991232038, 0.105318807065, 0.0885039120913, 0.0410092659295, 0.0282467026263, 0.0196335371584, 0.0275479760021, 0.0806575492024, 0.0790116414428, 0.0332741625607, 0.03828901425, 0.0296756159514, 0.0267626382411, 0.0592689812183, 0.0635922253132, 0.0399326831102, 0.0978590771556, 0.0956740677357, 0.0417793430388, 0.0523259490728, 0.0433740243316, 0.0481396839023, 0.0702045112848, 0.055409155786, 0.0413764119148, 0.0387100279331, 0.0330460108817, 0.0335887297988, 0.0828149244189, 0.0854190811515, 0.054290547967], "mean": [0.199794828892, 0.166288971901, 0.09659704566, 0.0988818407059, 0.120287850499, 0.175481259823, 0.260517984629, 0.228959649801, 0.122849710286, 0.0771812498569, 0.0641944855452, 0.103820227087, 0.216666817665, 0.213854461908, 0.118127562106, 0.0993559584022, 0.0886353105307, 0.092904701829, 0.151258006692, 0.15351511538, 0.146529257298, 0.248356372118, 0.240476578474, 0.137793645263, 0.119224458933, 0.109351873398, 0.129994377494, 0.180559515953, 0.15499791503, 0.103398554027, 0.0911782905459, 0.0797700509429, 0.106332845986, 0.202339947224, 0.212938189507, 0.168788924813]}, "tuning_equal_tempered_deviation": 0.100218079984, "chords_changes_rate": 0.0562155283988, "key_key": "E", "tuning_diatonic_strength": 0.645558059216, "key_scale": "major", "chords_number_rate": 0.00254560890608, "tuning_frequency": 434.193115234, "tuning_nontempered_energy_ratio": 0.831656873226, "chords_histogram": [17.8404750824, 2.84259653091, 6.83071708679, 4.43360185623, 0.212134063244, 0.551548600197, 0.678829014301, 0, 6.04582118988, 0.127280443907, 2.90623664856, 0, 0.721255838871, 1.08188378811, 0, 0.572762012482, 0.0212134066969, 2.41832828522, 0.0848536267877, 11.455239296, 0.530335187912, 1.9092066288, 17.6071281433, 21.1285533905], "key_strength": 0.780660390854, "chords_key": "C#", "chords_strength": {"dmean2": 0.0112369321287, "median": 0.580579459667, "min": 0.242764487863, "dvar2": 9.66237785178e-05, "dvar": 9.08089059521e-05, "dmean": 0.0117517411709, "max": 0.804489731789, "var": 0.0116921681911, "mean": 0.5699608922}, "chords_scale": "minor", "hpcp_entropy": {"dmean2": 1.10002815723, "median": 2.14427185059, "min": 0, "dvar2": 0.819150567055, "dvar": 0.312132030725, "dmean": 0.65939438343, "max": 4.63510417938, "var": 0.594886124134, "mean": 2.13433527946}}, "metadata": {"audio_properties": {"equal_loudness": 0, "codec": "mp3", "downmix": "mix", "sample_rate": 44100, "analysis_sample_rate": 44100, "bit_rate": 192023, "md5_encoded": "76b6f226f0743cc42c957f14f6ef3843", "length": 218.827758789, "replay_gain": -6.09295845032, "lossless": false}, "version": {"essentia_build_sha": "2d9f1f26377add8aeb1075a9c2973f962c4f09fd", "essentia": "2.1-beta2", "extractor": "music 1.0", "essentia_git_sha": "v2.1_beta2-1-ge3940c0"}, "tags": {"title": ["Truth N' Time"], "language": ["eng"], "acoustid_fingerprint": ["AQADtE5CJVGyRAry5zj0Hc3R4xfa4YTRozwO_zh-GT_c4Th-XDB5-PiAD_7x4z9kK8hxHWh2SXiOpip68ugxRc2BRz1yqCKPME4WFv2N8miuFdV4MJGXLvh-NOtC5BfEJ0VovZjrIGyXHVqmqfjzIM-NduGRPnigcT7y5VhDNOeRC1pCJXoRHs2FZ8_x5qjuoNG-EVUDXyn8InwYXNsN9UuLdh9GXxC5EKH1odfhSUf1I1w643QM7TnyECUL3yq-6JhJD9Xi4nly5NBTNEuO6it-hNFRXsUV4VqOplSC9IW-VEJ6piijWMeLv6g-3KA6JUSXucb-I0eyPCxRNce1oeGNV8nhf8FFkUZDkkjC5PiR5YXPKMVEUcdTI4cuHqV8fDk8nuiPSyeahMlR7cilEz3cNCkuHi_OobpEPBPWyBn-CM1TMM_x49EWdJU8OOcC5iEYarTxDN6RP9D0pyB14taQaczxXPjxO0W9D7l7nONQEnuoRZh46DNuo8e1DcxmC14WSD_hfBPyBs2InAfLN2j8Q8o1uMe541_Qb0fTHT--o9GJekGEPoS_rDjREk9rRoi85NBOpM-K_kHjppge4c_wi8L7oU-WIz03XIelC-W-QBsc54FtC7lwY-Nj-ESVbTnY5aj4o_nRHyePWhgnXCcm0UGzF1-O8EzxXWCk440l_BIaKgzCp8SJ50FMoWsO0QnR7jj6jLgYiMeXSB8uaRF0xONnuJZQktnwH3-GdjEc7Ue4Cwq_HDlOhjn67MSPKtcRP9dRQ3wlnJ8gdsONiI2UHk6mqEPRR6kC7zH64R7SFzOzFNeo4RlKFc0z46gkWDwcfuhz4sf0JUPzg88xExUPMclConaIfDmOHvkJrYoQWlngGw_RRzF-4i-meUivVEi64cVJB25y_CglLceRRzn6VIM1fUF15MzRH02cSfiaWMh7oUm1QMuRM3gOJlSybKh140VsHk-TFnou7If2Gv_h6Am6nkfs9PiPSGHOoVxvHLUmoomYCM-DZ8wQ5iXKB7nhYl4k4cqMN0WP5sODWnDCQ0t4ZsgvnAnKawhzHYdyHlkkJV_wiSW2qMs040fbIzQ-4xr0RvCZFboRXsRzxD-mUULTH_8PHc141HoEKVInNM_xo9FRLw_-VNBKnOAkFYc2anGGGwy5gooz44d4tUIeWqAq9qh3ohon-HiuDvsV-MaJvuh1NORy_Bfy_Eh4bcKnozKas9i_gMk7ohSRK5RoKNsTBvejoM_RKEoYPIesRTFC-fBRC7-Cl0Kjo5ey4Sre8OiV4Tz8LMeP_pgP7j-aMccfBSeeRkU3LXmCPjn-D_6EPtmR_GCs_LgkHaEVUzhztMdDgwpuvAwaLkdMKoU-Hn0WNPuRD37S4mKOdhK8LoUfJPuFLIkZHuWSGZ-PsgvB5NmK_mj-Y6KU6WgS3UgqJsiZGU0nF97SJjBLKuij43h4tOEw5cmD7HgHLas71E1W9FTRPFDVpcdeYlrkHFOeRiSu41O-QHvEC2vYQ1-OI1eU4Wie4MYaMkJ7lNqChxXC1IZ25pB_XOp05OLRbZVgOkHlMnh2jNeEZH6RN-BcjcOfwT9euEoF_8jVHNfRiOlxrjjRH2eiDNo0HrmcDm_4ojmJsp9xnAnCOFmhH-lxJSt8UWgihhhTGnmUHtqb0QhzHlci4zlqJUeT5vh05HzQIOzxkseV4_3wWESvHQ2rFLmUQ2eQ72hcTRFqR8NxDbWydBHyFNdxvxBlFn6MSomDG2fWIUzoBNOHblukCE0a4ikuos8qODo6RcfXHbHR1AlKRjH0PWi-5KhoFtMXOOFltPERskdTG_lifEfDOEfZEQqfIr8m4UPjREGt48e_BDkmLof4HO0YB886hDfSG-c8POlRsQqFT_lwH32KJlsuHF2LLY6Ojb_wBu8sXGqPL4IiiaHxVLKEpmYR_jjV4PHQuOgT5cjJ5HhIPOqzQEueoS_Uo8-C5nJRykEaP8Q54Q_4dzizGFtQJUkTPMOlcJEQ5kdd5KmBa9HRM_jhh0fPGDf6PEjDJkjS6zgcow_44zJ65iH8ID9UE-nDGF3IB_GPmg8k7YVvxJGiHZWkGD_eBKVEMLFDIw9-6Ai1TYSTucf0qziqw5IyISKXDxf8FL2OI3wuOE9ePFS-wMzhsdHQ58i9QT9Ci2h-nD3ukojzB03jQ1uE8EcjLxZyfUKTi4HGQ38mME8Oj24RXahIReXwZMnRRrzg_UEfPEom4R6-KSlONEX1zMT34B5-BWEX5VCWKwjJoE8pwb_w4E8koc2GH896orJ28PCLo8dVXDiLkvqGJkyN7y4-NCMqaS6e45SP5uhCglOO5LgSpKaIH1ePK5IsvDpRj4dZ5BBzIlVRHR-uLfiNSPliQePCHGE50mgupbjoEj0aZcbz4uo8NFdw6caPMqGGdyneo5EZVJpOtBEe4teHK_rhHx2RQ5tUeBJzKFOD6g_8CMen4yq07Aif4dLx80QVNqmK_sizHDr6pmgqPrjx_CrUI124HveMi6iqoZmeEVeVqCFiMfiCK8vx5cgjHgwZBtQnI3yOPyRU9niSI8-GRh7640vC0LiPsvoQLSdxZdB-PNGxKyxKLUrh55hc_EHZHleJy2UgvljT41mO_DGeefgSMGS24tXxiQnRxNnBXJmE_nBmHd10Y8qvoY1yIUwahOzxXKhqOL5xBZ4ebPwVIXyPM4Meo7GC8NJxKkSVPqDGJeEQhsOZ44S-MDGaU9A-nDviZDnaGEyehfh1NKQ3ovaFt0L2DdoDX0Oe6Lj0Ilp8VPl89D0A4IAlRjOGDGNiCIKYEcIJI61yTgFnDEBUIaYUIQoJRgBADBgAnBLIGAAEEA4JRAhAiDhDgCAOCQIBEUAYA4wgAABGgCOAAAmhcIABASwgABAEHAgACGCIIAgYoBADQBlhBDBOMEOUMkIIJDAGRCEkoJLCCEWkAAYAo4RDwBAAACAIKQCYQUQZBZgChhggiBAOGCAoEAIRQ4gwgBggAHAOCIEBBQAIYIghRBjFhEBEKCYEkEARJBAigEChACEMGAAEJEAAhQQAAiAjKCCEIGC4AMkQQYkQxBBIFGeGIikYAZRQYhwCgCAgjDKCCSKYYsRoAhwTACAmgACCEAEABZIKwZChiimjDAFAOUCEYIYRBAABFAgCABCCIGOQY4ADgKhjCgFFkAIAEWOEBAAYAAABwgkjFAEACGQJVk4BJCxQFCgBhBDKCSIIAEwCYIEBADAIEGCIOWCRAAIIAZgBCilAjAEAAUEEUAoAYAHQRgABmJBAACCQMGZgA4kSBCACiGCAEIAIEQwJgoAQiCFAkABAEMYAR8gQAIBD1BAlmAJCIOSAoUAIigwhFBEIhKBEUCScIkIYAAQChBEEDCCIIQaAk0AwBQwzQgADjBoAKEKAAYQwJpAQEgADqACEGEUEUQQCRIxAEChBCQKCWaCoAMAYBJAgxAArKHGCGYDENAgBY4kgAAgnrDGAGCIMAE4oBYgUQCANCFCAMkSYcYAKIIQASBMBoBDMIRAIOEAAsAxAgiGEFDACCOABMcQZIAAghgDigIMEKECBIIgAIMATBCNiDBEMAACEEQgA4IAQDhAEBEOEAAKAAEQQBCShAAlgICGAAUAoAAYAaowQjBkngBFSGEAIYMwgBggQBAoAEEGMAQ6QAMwAoYBiSjihABAE"], "date": ["1978"], "genre": ["Soul"], "musicbrainz_releasegroupid": ["e5601ee3-f328-318a-981a-0ba418a67fcd"], "musicbrainz album type": ["Album"], "musicbrainz_recordingid": ["0b963dbd-1f14-42c0-86fd-a36bbf8eb5c1"], "musicbrainz_albumartistid": ["fb7272ba-f130-4f0a-934d-6eeea4c18c9a"], "musicbrainz_albumid": ["14fc65ec-296a-406b-97b0-38059ed1113d"], "artist": ["Al Green"], "tracknumber": ["05/08"], "composer": ["The Legendary Hi Records Albums"], "album": ["Truth N' Time"], "musicbrainz album release country": ["US"], "acoustid_id": ["d10aa2f1-4d9e-4605-9452-bb5acd86af2c"], "musicbrainz_artistid": ["fb7272ba-f130-4f0a-934d-6eeea4c18c9a"], "file_name": "Al Green - Truth N' Time.mp3"}}, "rhythm": {"bpm_histogram_first_peak_bpm": {"dmean2": 0, "median": 103, "min": 103, "dvar2": 0, "dvar": 0, "dmean": 0, "max": 103, "var": 0, "mean": 103}, "bpm": 103.091079712, "bpm_histogram_second_peak_spread": {"dmean2": 0, "median": 0.181818157434, "min": 0.181818157434, "dvar2": 0, "dvar": 0, "dmean": 0, "max": 0.181818157434, "var": 0, "mean": 0.181818157434}, "bpm_histogram_first_peak_weight": {"dmean2": 0, "median": 0.601604282856, "min": 0.601604282856, "dvar2": 0, "dvar": 0, "dmean": 0, "max": 0.601604282856, "var": 0, "mean": 0.601604282856}, "onset_rate": 3.7788772583, "beats_position": [0.53405892849, 1.07972788811, 1.62539684772, 2.19428563118, 2.7863945961, 3.36689329147, 3.94739222527, 4.52789115906, 5.11999988556, 5.71210861206, 6.29260778427, 6.88471651077, 7.47682523727, 8.08054447174, 8.67265319824, 9.26476192474, 9.84526062012, 10.4373693466, 11.0294780731, 11.6099767685, 12.1904764175, 12.7709751129, 13.3514738083, 13.9435825348, 14.5356912613, 15.1161899567, 15.6850786209, 16.2771873474, 16.8576869965, 17.4497947693, 18.0419044495, 18.6340141296, 19.2261219025, 19.8066215515, 20.3871192932, 20.9792289734, 21.5713367462, 22.1634464264, 22.7555541992, 23.3476638794, 23.9397735596, 24.5202713013, 25.1007709503, 25.681268692, 26.2617683411, 26.8422679901, 27.4343757629, 28.0264854431, 28.6185932159, 29.2107028961, 29.7912006378, 30.3717002869, 30.9638080597, 31.5559177399, 32.1364173889, 32.7169151306, 33.2974128723, 33.8895225525, 34.4816322327, 35.0621299744, 35.6426315308, 36.2347373962, 36.8268470764, 37.4073448181, 37.9878463745, 38.5683441162, 39.1488418579, 39.7293434143, 40.309841156, 40.9019508362, 41.4940567017, 42.0861663818, 42.678276062, 43.2587738037, 43.8392753601, 44.4197731018, 45.0002708435, 45.5807685852, 46.1728782654, 46.7649879456, 47.3454856873, 47.9259872437, 48.5180931091, 49.1102027893, 49.690700531, 50.2828102112, 50.8749198914, 51.4554176331, 52.0359191895, 52.6164169312, 53.1969146729, 53.789024353, 54.3695220947, 54.9616317749, 55.5421295166, 56.122631073, 56.7031288147, 57.2952384949, 57.8873443604, 58.4678459167, 59.0483436584, 59.6288414001, 60.2093429565, 60.801448822, 61.3819503784, 61.9740562439, 62.5545578003, 63.135055542, 63.7271652222, 64.3192749023, 64.899772644, 65.4802703857, 66.0607681274, 66.6412658691, 67.2333755493, 67.8254852295, 68.4059829712, 68.9864807129, 69.566986084, 70.1474838257, 70.7279815674, 71.3084793091, 71.8889770508, 72.481086731, 73.0731964111, 73.6536941528, 74.245803833, 74.8263015747, 75.4184112549, 75.9989089966, 76.5794067383, 77.15990448, 77.7404098511, 78.3209075928, 78.9014053345, 79.4819030762, 80.0624008179, 80.6428985596, 81.2350082397, 81.8271179199, 82.4076156616, 82.9881134033, 83.5686187744, 84.1491165161, 84.7296142578, 85.321723938, 85.9138336182, 86.5059356689, 87.0980453491, 87.6785507202, 88.270652771, 88.8627624512, 89.4432601929, 90.023765564, 90.5810394287, 91.1731491089, 91.7652587891, 92.3457565308, 92.9262542725, 93.5067520142, 94.0872573853, 94.6793670654, 95.2714691162, 95.8519744873, 96.432472229, 97.0129699707, 97.5934677124, 98.1739654541, 98.7660751343, 99.346572876, 99.9386825562, 100.530792236, 101.122901917, 101.715011597, 102.307121277, 102.899223328, 103.491333008, 104.071838379, 104.652336121, 105.221221924, 105.790107727, 106.370613098, 106.95111084, 107.531608582, 108.112106323, 108.692604065, 109.273101807, 109.853607178, 110.422492981, 110.991378784, 111.571876526, 112.152381897, 112.732879639, 113.31337738, 113.893875122, 114.474372864, 115.054870605, 115.635368347, 116.215873718, 116.79637146, 117.365257263, 117.934150696, 118.491424561, 119.071922302, 119.652427673, 120.232925415, 120.813423157, 121.405532837, 121.997642517, 122.578140259, 123.158638, 123.739135742, 124.319633484, 124.900131226, 125.480628967, 126.084350586, 126.664848328, 127.245346069, 127.82585144, 128.406341553, 128.986846924, 129.567337036, 130.159454346, 130.751556396, 131.332061768, 131.912567139, 132.493057251, 133.085174561, 133.677276611, 134.257781982, 134.838272095, 135.407165527, 135.97605896, 136.556549072, 137.113830566, 137.694335938, 138.27482605, 138.855331421, 139.435821533, 140.016326904, 140.596817017, 141.165710449, 141.734603882, 142.315093994, 142.895599365, 143.476104736, 144.056594849, 144.63710022, 145.217590332, 145.786483765, 146.355377197, 146.93586731, 147.516372681, 148.096862793, 148.677368164, 149.257858276, 149.838363647, 150.418869019, 150.999359131, 151.579864502, 152.160354614, 152.740859985, 153.321365356, 153.901855469, 154.493972778, 155.086074829, 155.6665802, 156.247070313, 156.839187622, 157.431289673, 158.011795044, 158.592285156, 159.172790527, 159.75328064, 160.333786011, 160.914276123, 161.506393433, 162.086883545, 162.655776978, 163.213058472, 163.770339966, 164.339233398, 164.908111572, 165.488616943, 166.069107056, 166.649612427, 167.241714478, 167.833831787, 168.414321899, 168.994827271, 169.575332642, 170.155822754, 170.736328125, 171.316818237, 171.897323608, 172.477813721, 173.035095215, 173.603988647, 174.196090698, 174.788208008, 175.380310059, 175.96081543, 176.55291748, 177.14503479, 177.725524902, 178.306030273, 178.886520386, 179.467025757, 180.047531128, 180.62802124, 181.208526611, 181.789016724, 182.346298218, 182.926803589, 183.495681763, 184.064575195, 184.645080566, 185.225570679, 185.80607605, 186.386566162, 186.978683472, 187.559173584, 188.151290894, 188.731781006, 189.323898315, 189.904388428, 190.484893799, 191.053787231, 191.622665405, 192.203170776, 192.795272827, 193.399002075, 194.002716064, 194.583221436, 195.163711548, 195.744216919, 196.324707031, 196.905212402, 197.485717773, 198.066207886, 198.646713257, 199.227203369, 199.80770874, 200.364990234, 200.933868408, 201.514373779, 202.083267212, 202.652145386, 203.221038818, 203.789932251, 204.358810425, 204.939315796, 205.519821167, 206.100311279, 206.68081665, 207.261306763, 207.841812134, 208.410705566, 208.97958374, 209.560089111, 210.128982544, 210.697860718, 211.255142212, 211.835647583, 212.416137695, 212.996643066, 213.565536499, 214.134414673, 214.714920044, 215.295410156, 215.875915527, 216.45640564, 217.025299072, 217.594192505, 218.174682617], "beats_loudness": {"dmean2": 0.0548613555729, "median": 0.0500044114888, "min": 3.98010797653e-08, "dvar2": 0.00215050927363, "dvar": 0.00075038272189, "dmean": 0.0314747877419, "max": 0.176251143217, "var": 0.00104935863055, "mean": 0.0573003776371}, "danceability": 1.53878426552, "bpm_histogram_second_peak_weight": {"dmean2": 0, "median": 0.0240641701967, "min": 0.0240641701967, "dvar2": 0, "dvar": 0, "dmean": 0, "max": 0.0240641701967, "var": 0, "mean": 0.0240641701967}, "beats_count": 375, "bpm_histogram_second_peak_bpm": {"dmean2": 0, "median": 108, "min": 108, "dvar2": 0, "dvar": 0, "dmean": 0, "max": 108, "var": 0, "mean": 108}, "bpm_histogram_first_peak_spread": {"dmean2": 0, "median": 0.380165308714, "min": 0.380165308714, "dvar2": 0, "dvar": 0, "dmean": 0, "max": 0.380165308714, "var": 0, "mean": 0.380165308714}, "beats_loudness_band_ratio": {"dmean2": [0.273649334908, 0.102504201233, 0.0727598890662, 0.185649856925, 0.0686771124601, 0.0337690748274], "median": [0.738798081875, 0.0759469866753, 0.0339738763869, 0.0520685873926, 0.0213264897466, 0.021633932367], "min": [0.127999767661, 0.0077648665756, 0.00119757605717, 4.18642921431e-05, 7.39616734791e-05, 0.000203850286198], "dvar2": [0.0467701926827, 0.00983442179859, 0.00792130921036, 0.0332856886089, 0.00700102746487, 0.00147222261876], "dvar": [0.0176695249975, 0.00419461494312, 0.00268595363013, 0.0119442157447, 0.00260919868015, 0.000578353356104], "dmean": [0.161022409797, 0.0583170689642, 0.0409392528236, 0.103859961033, 0.0386006087065, 0.019588958472], "max": [0.98411488533, 0.663424551487, 0.400417208672, 0.53969669342, 0.322500526905, 0.224669918418], "var": [0.035900849849, 0.004763036035, 0.00253043323755, 0.0139861116186, 0.0033964344766, 0.000723163189832], "mean": [0.696424007416, 0.0944253727794, 0.0484382510185, 0.106265679002, 0.0485407374799, 0.029777513817]}}, "lowlevel": {"barkbands_spread": {"dmean2": 10.0914554596, "median": 15.76034832, "min": 0.428602784872, "dvar2": 211.616607666, "dvar": 99.5207901001, "dmean": 6.6787443161, "max": 117.92515564, "var": 279.962219238, "mean": 20.1372642517}, "melbands_spread": {"dmean2": 12.1101875305, "median": 18.8180847168, "min": 0.463965654373, "dvar2": 430.297515869, "dvar": 190.753646851, "dmean": 7.7609872818, "max": 258.997161865, "var": 531.699829102, "mean": 23.6967926025}, "hfc": {"dmean2": 10.1119165421, "median": 10.4267120361, "min": 1.21697220469e-16, "dvar2": 226.256347656, "dvar": 118.389678955, "dmean": 7.34902667999, "max": 242.75869751, "var": 449.360107422, "mean": 18.5746917725}, "barkbands_kurtosis": {"dmean2": 6.77641582489, "median": 1.2478967905, "min": -1.93181359768, "dvar2": 241.817932129, "dvar": 104.254043579, "dmean": 4.33348560333, "max": 283.026641846, "var": 247.341003418, "mean": 5.66829967499}, "gfcc": {"mean": [-57.2767066956, 100.421936035, -108.640823364, 13.28216362, -50.9053497314, 16.5325775146, -39.2288513184, -3.03422927856, -32.1705436707, 0.0888142064214, -20.1136245728, -0.572162568569, -13.6636009216], "icov": [[0.000132834233227, -0.000184412085218, 0.000295005651424, -0.000206826181966, 0.000252336933045, -0.000299935229123, 0.000269408134045, -0.000294395984383, 0.000414692185586, -0.000393056456232, 0.000539982458577, -0.000320599268889, 0.000267520663328], [-0.000184412085218, 0.00165429885965, -0.000824182061478, 0.00130812800489, -0.00122236274183, 0.00121987680905, -0.000804381852504, 0.0014317156747, -0.00201983796433, 0.00235373270698, -0.00228652125224, 0.00172345992178, -0.00158257014118], [0.000295005651424, -0.000824182061478, 0.00152727763634, -0.000938260403927, 0.000951330934186, -0.00118428911082, 0.00052512268303, -0.000899600912817, 0.00118218606804, -0.0012506559724, 0.00255111954175, -0.00171031244099, 0.00130707479548], [-0.000206826181966, 0.00130812800489, -0.000938260403927, 0.0026812911965, -0.00150054693222, 0.00102758605499, -0.000454127351986, 0.000291290780297, -0.00133222632576, 0.00151406275108, -0.00138975412119, 0.00107554032002, -0.000755189859774], [0.000252336933045, -0.00122236274183, 0.000951330934186, -0.00150054693222, 0.00349119119346, -0.00159479281865, 0.0005993276136, -0.000428342144005, 0.00056314736139, -0.00138042320032, 0.00108014186844, -0.000210894082556, 0.000890040362719], [-0.000299935229123, 0.00121987680905, -0.00118428911082, 0.00102758605499, -0.00159479281865, 0.00525236921385, -0.0026723316405, 0.00189103174489, -0.00108470709529, -8.19686538307e-05, -3.82412181352e-05, 0.000142501157825, 8.33077792777e-05], [0.000269408134045, -0.000804381852504, 0.00052512268303, -0.000454127351986, 0.0005993276136, -0.0026723316405, 0.00826946273446, -0.00455590663478, 0.00205408362672, 0.00111703085713, -0.00146565178875, 0.00109441753011, -0.00074046215741], [-0.000294395984383, 0.0014317156747, -0.000899600912817, 0.000291290780297, -0.000428342144005, 0.00189103174489, -0.00455590663478, 0.0115969730541, -0.00605767918751, 0.000797881453764, 0.000548103416804, -0.00247739045881, 0.000933134520892], [0.000414692185586, -0.00201983796433, 0.00118218606804, -0.00133222632576, 0.00056314736139, -0.00108470709529, 0.00205408362672, -0.00605767918751, 0.0140890963376, -0.00589013379067, 0.00151868362445, 0.00159459246788, -0.00120401696768], [-0.000393056456232, 0.00235373270698, -0.0012506559724, 0.00151406275108, -0.00138042320032, -8.19686538307e-05, 0.00111703085713, 0.000797881453764, -0.00589013379067, 0.0149681326002, -0.00628485064954, -2.66853585345e-05, 0.00152134418022], [0.000539982458577, -0.00228652125224, 0.00255111954175, -0.00138975412119, 0.00108014186844, -3.82412181352e-05, -0.00146565178875, 0.000548103416804, 0.00151868362445, -0.00628485064954, 0.0171221904457, -0.00679084891453, 0.00271607586183], [-0.000320599268889, 0.00172345992178, -0.00171031244099, 0.00107554032002, -0.000210894082556, 0.000142501157825, 0.00109441753011, -0.00247739045881, 0.00159459246788, -2.66853585345e-05, -0.00679084891453, 0.0170506704599, -0.00757533591241], [0.000267520663328, -0.00158257014118, 0.00130707479548, -0.000755189859774, 0.000890040362719, 8.33077792777e-05, -0.00074046215741, 0.000933134520892, -0.00120401696768, 0.00152134418022, 0.00271607586183, -0.00757533591241, 0.018897337839]], "cov": [[16203.5166016, -2054.58105469, -1757.29394531, 475.810333252, -625.053222656, 414.14855957, -370.918212891, 189.687316895, -259.132843018, 337.932189941, -227.500289917, 196.179763794, -189.54850769], [-2054.58105469, 3324.68457031, -490.817443848, -896.551391602, 487.218688965, -476.507415771, 108.225837708, -307.280822754, 169.81741333, -335.303436279, 229.614700317, -239.22315979, 213.115219116], [-1757.29394531, -490.817443848, 1856.92578125, 353.420684814, -159.438415527, 276.956695557, 33.3975448608, 120.220916748, -46.13671875, 41.6205253601, -181.237091064, 91.6089630127, -72.3989105225], [475.810333252, -896.551391602, 353.420684814, 819.592895508, 49.793548584, 120.046592712, -13.6580228806, 115.383354187, -7.92414045334, 72.2858276367, -73.8639144897, 45.2754096985, -60.1756782532], [-625.053222656, 487.218688965, -159.438415527, 49.793548584, 520.232910156, 6.44656991959, 25.6022720337, -47.6665763855, 55.3724975586, -25.2471218109, 41.3976974487, -64.2293319702, 15.3580570221], [414.14855957, -476.507415771, 276.956695557, 120.046592712, 6.44656991959, 370.992401123, 51.6152305603, 42.3389091492, -29.0342464447, 62.3448066711, -58.0046157837, 34.9629364014, -46.6511535645], [-370.918212891, 108.225837708, 33.3975448608, -13.6580228806, 25.6022720337, 51.6152305603, 189.983627319, 49.7314529419, 7.31814479828, -27.7408046722, 17.6751747131, -6.97470474243, 12.3768730164], [189.687316895, -307.280822754, 120.220916748, 115.383354187, -47.6665763855, 42.3389091492, 49.7314529419, 174.245513916, 37.8478012085, 41.6023521423, -23.206911087, 39.6916046143, -18.4113502502], [-259.132843018, 169.81741333, -46.13671875, -7.92414045334, 55.3724975586, -29.0342464447, 7.31814479828, 37.8478012085, 127.524497986, 23.5423240662, 21.0920028687, -18.0750350952, 12.6547851563], [337.932189941, -335.303436279, 41.6205253601, 72.2858276367, -25.2471218109, 62.3448066711, -27.7408046722, 41.6023521423, 23.5423240662, 139.315841675, 10.1325817108, 34.4998207092, -32.4234161377], [-227.500289917, 229.614700317, -181.237091064, -73.8639144897, 41.3976974487, -58.0046157837, 17.6751747131, -23.206911087, 21.0920028687, 10.1325817108, 119.380050659, 9.70985412598, 19.4403705597], [196.179763794, -239.22315979, 91.6089630127, 45.2754096985, -64.2293319702, 34.9629364014, -6.97470474243, 39.6916046143, -18.0750350952, 34.4998207092, 9.70985412598, 108.726493835, 11.5599517822], [-189.54850769, 213.115219116, -72.3989105225, -60.1756782532, 15.3580570221, -46.6511535645, 12.3768730164, -18.4113502502, 12.6547851563, -32.4234161377, 19.4403705597, 11.5599517822, 82.1840286255]]}, "spectral_energyband_middle_low": {"dmean2": 0.00649138959125, "median": 0.00501366890967, "min": 2.5669940277e-22, "dvar2": 0.000153537039296, "dvar": 5.96242061874e-05, "dmean": 0.00403068680316, "max": 0.0847894772887, "var": 7.36816218705e-05, "mean": 0.00758814672008}, "melbands_crest": {"dmean2": 5.29889678955, "median": 13.051574707, "min": 1.52948439121, "dvar2": 25.361913681, "dvar": 9.95873832703, "dmean": 3.30181288719, "max": 34.0885009766, "var": 28.5489063263, "mean": 13.7667274475}, "spectral_kurtosis": {"dmean2": 6.88456010818, "median": 5.62651586533, "min": -1.33126986027, "dvar2": 108.518890381, "dvar": 52.696975708, "dmean": 4.62740373611, "max": 141.133956909, "var": 177.787704468, "mean": 10.5893287659}, "spectral_rms": {"dmean2": 0.00140081346035, "median": 0.00353851774707, "min": 3.21229262808e-12, "dvar2": 4.4108437578e-06, "dvar": 2.34615140471e-06, "dmean": 0.0010373420082, "max": 0.0146490624174, "var": 6.16305533185e-06, "mean": 0.00399655243382}, "zerocrossingrate": {"dmean2": 0.0159491393715, "median": 0.048828125, "min": 0.00439453125, "dvar2": 0.000534133811016, "dvar": 0.00044285756303, "dmean": 0.0141718648374, "max": 0.52294921875, "var": 0.00268074776977, "mean": 0.0640291795135}, "silence_rate_60dB": {"dmean2": 0.0967741906643, "median": 0, "min": 0, "dvar2": 0.0946103483438, "dvar": 0.0460451208055, "dmean": 0.0483819618821, "max": 1, "var": 0.121431589127, "mean": 0.141417354345}, "erbbands_kurtosis": {"dmean2": 2.20805454254, "median": 0.385837256908, "min": -1.87038397789, "dvar2": 14.4688711166, "dvar": 7.17008972168, "dmean": 1.4516326189, "max": 118.306533813, "var": 18.1017951965, "mean": 1.50788700581}, "erbbands": {"dmean2": [0.0956136286259, 2.42911839485, 7.47131729126, 6.74050521851, 10.4015350342, 10.3894834518, 8.34825134277, 8.2220993042, 10.3006763458, 9.33199119568, 9.98267269135, 11.9915304184, 17.4244747162, 33.4171180725, 38.3735046387, 35.9009246826, 45.261013031, 44.213306427, 36.2640686035, 29.0927410126, 20.1497440338, 16.1485137939, 15.4232225418, 10.7710990906, 9.08187770844, 6.33357810974, 6.5102725029, 4.85411643982, 3.8926179409, 3.69941353798, 2.15946936607, 2.26457071304, 1.03461587429, 0.857102513313, 0.547400355339, 0.461412578821, 0.132978037, 0.0171214248985, 0.000820432556793, 3.67422471754e-05], "median": [0.00458313710988, 0.0778975337744, 0.538328409195, 2.32880687714, 2.99259972572, 4.01492547989, 4.94539117813, 4.38775539398, 4.72762203217, 3.89268732071, 4.19635868073, 4.95542049408, 5.811003685, 8.74429702759, 9.90736579895, 9.17702007294, 9.6501121521, 8.75427913666, 7.7193980217, 4.81325483322, 3.22289991379, 2.46416735649, 1.93753123283, 1.93006575108, 1.47542834282, 0.876896619797, 0.750361323357, 0.605858564377, 0.531192421913, 0.353385925293, 0.218106657267, 0.172523140907, 0.0910223871469, 0.0582509413362, 0.0289786178619, 0.0163019560277, 0.0032506454736, 0.000365490122931, 2.62941139226e-05, 2.18592831516e-05], "min": [4.08925500376e-22, 5.80466522769e-21, 2.1189223361e-20, 4.36903842542e-20, 3.34468477358e-20, 8.53764387983e-20, 2.11592089833e-19, 3.69333532716e-19, 3.23512560617e-19, 6.60211827765e-19, 1.56846182721e-18, 1.68518300871e-18, 1.63853963813e-18, 2.91177232952e-18, 1.84003494169e-18, 1.61732731511e-18, 3.32165562588e-18, 3.49213403461e-18, 5.5468974119e-18, 6.73498519752e-18, 1.07988701938e-17, 1.03275534342e-17, 7.36190248864e-18, 1.25244318174e-17, 1.17842242831e-17, 1.62831545829e-17, 1.58414632968e-17, 1.64163058461e-17, 2.10455344631e-17, 1.60023830132e-17, 1.70618624115e-17, 1.81619663041e-17, 1.51390479904e-17, 9.39529606839e-18, 1.01111207997e-17, 5.4956002198e-18, 3.65728891572e-18, 1.58927627637e-18, 3.3314936985e-19, 4.37207540611e-20], "dvar2": [0.0562026612461, 45.674861908, 414.268951416, 307.184661865, 578.086730957, 444.821044922, 215.577514648, 230.310958862, 547.377624512, 400.254150391, 661.108642578, 831.802978516, 2238.47485352, 6185.43359375, 9791.73144531, 7021.62060547, 15223.7587891, 10621.5, 14530.46875, 7847.30712891, 2610.37329102, 2134.15795898, 1957.21240234, 769.177978516, 473.232177734, 257.427429199, 180.072387695, 82.4727478027, 49.2568206787, 54.685710907, 17.5717430115, 22.9822635651, 3.58999300003, 2.43363571167, 1.08219647408, 0.980888843536, 0.0757648125291, 0.00125910586212, 3.55384145223e-06, 3.56252582989e-09], "dvar": [0.0220883712173, 17.7111320496, 161.529403687, 115.256523132, 206.26512146, 170.064758301, 84.6647567749, 90.6951446533, 251.317962646, 174.474365234, 332.260009766, 399.396911621, 1099.13244629, 2926.57666016, 4426.54248047, 3087.25488281, 5833.75, 4970.1640625, 6173.72509766, 3355.93212891, 1090.79846191, 883.52722168, 791.273071289, 308.868286133, 200.440124512, 104.035766602, 78.8856887817, 37.6199264526, 22.1756744385, 24.0286254883, 8.25614929199, 9.52949142456, 1.75427472591, 1.15809738636, 0.536179065704, 0.447807312012, 0.0353420563042, 0.000578504172154, 1.45954641084e-06, 1.68494773689e-09], "dmean": [0.0573377534747, 1.43248951435, 4.44560050964, 4.05015420914, 5.98258829117, 6.26251935959, 5.24847078323, 5.11687135696, 6.56724405289, 6.10291814804, 6.61247444153, 7.83311080933, 11.5527648926, 22.2457084656, 25.2208614349, 23.1819591522, 28.6895961761, 29.1773700714, 23.9934310913, 19.0012397766, 12.9273681641, 10.2334985733, 9.86676883698, 6.92445898056, 5.85878419876, 4.12988042831, 4.38097524643, 3.29824638367, 2.60716414452, 2.45097994804, 1.47760760784, 1.48414075375, 0.712912261486, 0.585848987103, 0.37903752923, 0.314739793539, 0.0913753733039, 0.0116958450526, 0.000525409530383, 2.55736831605e-05], "max": [1.19141602516, 31.5508041382, 122.973007202, 174.188262939, 195.407791138, 176.561965942, 122.879180908, 144.604217529, 464.291351318, 323.692810059, 932.193359375, 615.926269531, 952.938476563, 1540.90844727, 1796.51623535, 1520.82324219, 1581.22192383, 1609.28747559, 4035.28271484, 2461.25366211, 797.660583496, 1008.65307617, 802.495605469, 450.889770508, 342.179748535, 161.229019165, 156.89213562, 97.8627700806, 85.5128326416, 97.6882095337, 66.4573898315, 57.8283653259, 43.8843383789, 13.9331665039, 9.15032482147, 8.56794166565, 1.99989485741, 0.279667407274, 0.0153423845768, 0.000538889900781], "var": [0.0220403522253, 13.3610601425, 127.08001709, 100.072799683, 178.512619019, 178.304244995, 119.580551147, 133.831710815, 687.902160645, 344.060455322, 962.340637207, 953.928466797, 2794.11987305, 8699.56738281, 10748.6816406, 7494.72021484, 12824.2753906, 13631.9736328, 14951.8798828, 7558.22265625, 2158.2824707, 1503.13134766, 1377.45947266, 499.022064209, 350.830657959, 216.499237061, 213.219299316, 100.965614319, 43.6779899597, 42.9409790039, 23.681722641, 16.6158752441, 4.40564632416, 2.76417589188, 1.09524059296, 0.670930802822, 0.0499461144209, 0.000782440125477, 1.66643962984e-06, 2.78656875352e-09], "mean": [0.0559848248959, 1.09745204449, 4.01600313187, 5.33822488785, 7.34450912476, 8.56794548035, 8.55520820618, 8.12704753876, 11.9043321609, 10.4137086868, 11.8245763779, 13.3736972809, 20.5626506805, 40.617477417, 45.9346427917, 40.9459381104, 51.1337509155, 52.2722206116, 44.1686172485, 33.6339263916, 20.0171089172, 14.783493042, 13.5414838791, 9.98254871368, 8.33464813232, 5.98222589493, 7.04363822937, 5.28711509705, 3.8077673912, 3.62095856667, 2.48689174652, 2.15168833733, 1.1515327692, 0.911415874958, 0.557417273521, 0.401312679052, 0.109276019037, 0.0137113882229, 0.000566866830923, 4.2640742322e-05]}, "spectral_strongpeak": {"dmean2": 1.0095038414, "median": 0.431199431419, "min": 0, "dvar2": 2.46471619606, "dvar": 1.06113266945, "dmean": 0.611617565155, "max": 16.375629425, "var": 2.56925964355, "mean": 1.11051023006}, "spectral_energy": {"dmean2": 0.0185072962195, "median": 0.0128341335803, "min": 1.05767941778e-20, "dvar2": 0.00135987042449, "dvar": 0.000619139347691, "dmean": 0.0126309171319, "max": 0.219959914684, "var": 0.000864484522026, "mean": 0.0226889923215}, "average_loudness": 0.785862267017, "spectral_rolloff": {"dmean2": 1025.72253418, "median": 1162.79296875, "min": 64.599609375, "dvar2": 4620562.5, "dvar": 1966571.25, "dmean": 614.447814941, "max": 18992.2851563, "var": 3913787, "mean": 1667.70300293}, "spectral_centroid": {"dmean2": 355.932556152, "median": 1003.2177124, "min": 130.270187378, "dvar2": 269757.5625, "dvar": 127478.125, "dmean": 238.863815308, "max": 10996.5996094, "var": 540279.3125, "mean": 1145.40588379}, "pitch_salience": {"dmean2": 0.131181761622, "median": 0.563979446888, "min": 0.0875567868352, "dvar2": 0.0174120422453, "dvar": 0.00657972320914, "dmean": 0.0800855457783, "max": 0.980428576469, "var": 0.0128615833819, "mean": 0.553757846355}, "spectral_energyband_middle_high": {"dmean2": 0.00386445154436, "median": 0.00229184119962, "min": 1.27865744686e-21, "dvar2": 4.36308328062e-05, "dvar": 2.05488377105e-05, "dmean": 0.00265245744959, "max": 0.112163841724, "var": 9.97159731924e-05, "mean": 0.00707774236798}, "spectral_contrast_coeffs": {"dmean2": [0.0827835127711, 0.070741891861, 0.0655090808868, 0.0567691065371, 0.0381855033338, 0.0301021970809], "median": [-0.607589364052, -0.725869297981, -0.739349246025, -0.750931799412, -0.794605970383, -0.782426834106], "min": [-0.974647879601, -0.987024366856, -0.991800129414, -0.966156721115, -0.957510650158, -0.957469165325], "dvar2": [0.00518465042114, 0.00340391742066, 0.00288722035475, 0.00231569935568, 0.0010638977401, 0.000840832770336], "dvar": [0.00200352142565, 0.00137713854201, 0.00133841682691, 0.00109627190977, 0.000493927742355, 0.000405543250963], "dmean": [0.0506933890283, 0.0442408025265, 0.0425116941333, 0.037247441709, 0.0252518244088, 0.0202432293445], "max": [-0.321033746004, -0.434166580439, -0.42788502574, -0.44579872489, -0.524640321732, -0.611931085587], "var": [0.00730753131211, 0.0054192636162, 0.00678727263585, 0.00615610554814, 0.00332337524742, 0.00217019976117], "mean": [-0.609356820583, -0.723436295986, -0.738507926464, -0.748015224934, -0.789698839188, -0.783029735088]}, "melbands_skewness": {"dmean2": 1.38961851597, "median": 1.89990758896, "min": -4.87754106522, "dvar2": 3.4048037529, "dvar": 1.61007559299, "dmean": 0.964407622814, "max": 18.7553157806, "var": 5.48790645599, "mean": 2.36755084991}, "spectral_spread": {"dmean2": 1179980.75, "median": 3922234, "min": 715387.75, "dvar2": 2346926735360.0, "dvar": 1518329397250.0, "dmean": 966775.375, "max": 42186488, "var": 6848897875970.0, "mean": 4578493.5}, "dissonance": {"dmean2": 0.0422865450382, "median": 0.461198210716, "min": 0.188727602363, "dvar2": 0.00186763051897, "dvar": 0.000752021209337, "dmean": 0.0259848628193, "max": 0.5, "var": 0.00202427618206, "mean": 0.447552293539}, "spectral_skewness": {"dmean2": 0.647911787033, "median": 1.85127544403, "min": -0.0283327121288, "dvar2": 0.672607123852, "dvar": 0.348971545696, "dmean": 0.455377101898, "max": 9.92920970917, "var": 1.54036736488, "mean": 2.20752263069}, "spectral_flux": {"dmean2": 0.0484877154231, "median": 0.0609409362078, "min": 1.0284353924e-10, "dvar2": 0.00417611422017, "dvar": 0.0020018289797, "dmean": 0.0334818921983, "max": 0.410754442215, "var": 0.00489317858592, "mean": 0.0807231888175}, "spectral_contrast_valleys": {"dmean2": [0.773437619209, 0.628903448582, 0.629616200924, 0.635900139809, 0.567984879017, 0.572069168091], "median": [-7.75205612183, -7.11866521835, -7.64592266083, -8.12109661102, -8.40874099731, -10.8305301666], "min": [-27.1435222626, -27.1541061401, -27.2131824493, -27.2193756104, -27.3277988434, -27.3411979675], "dvar2": [0.478884011507, 0.370487987995, 0.384637951851, 0.44191044569, 0.462343424559, 0.565695405006], "dvar": [0.263030230999, 0.208816856146, 0.212309733033, 0.255906820297, 0.309191256762, 0.413383036852], "dmean": [0.528193354607, 0.426513344049, 0.441268652678, 0.469546467066, 0.4806676507, 0.545578539371], "max": [-5.1498837471, -5.11829900742, -4.88554525375, -5.50630903244, -5.51585197449, -8.15592670441], "var": [1.54339396954, 1.71427297592, 1.83198130131, 2.10539913177, 2.12946152687, 2.49454593658], "mean": [-7.85523605347, -7.36075925827, -7.8640627861, -8.30783748627, -8.59258747101, -10.8969621658]}, "erbbands_flatness_db": {"dmean2": 0.0333116836846, "median": 0.179866954684, "min": 0.029992710799, "dvar2": 0.00128134537954, "dvar": 0.000890262424946, "dmean": 0.0278379023075, "max": 0.513009488583, "var": 0.00512631004676, "mean": 0.18332311511}, "spectral_energyband_high": {"dmean2": 0.000510481768288, "median": 8.03082366474e-05, "min": 8.10354191774e-21, "dvar2": 7.32720081942e-07, "dvar": 3.80760980079e-07, "dmean": 0.000370361667592, "max": 0.00793350767344, "var": 1.10316534574e-06, "mean": 0.000666228937916}, "spectral_entropy": {"dmean2": 0.342718929052, "median": 7.33251953125, "min": 4.3767824173, "dvar2": 0.180716857314, "dvar": 0.109496891499, "dmean": 0.26745557785, "max": 9.79340362549, "var": 0.555191338062, "mean": 7.22765398026}, "silence_rate_20dB": {"dmean2": 0, "median": 1, "min": 1, "dvar2": 0, "dvar": 0, "dmean": 0, "max": 1, "var": 0, "mean": 1}, "melbands_flatness_db": {"dmean2": 0.0495483092964, "median": 0.225619763136, "min": 0.00315553322434, "dvar2": 0.00326186325401, "dvar": 0.00162347289734, "dmean": 0.0352654978633, "max": 0.616974473, "var": 0.00897757243365, "mean": 0.233289495111}, "barkbands": {"dmean2": [0.000118537143862, 0.0084771560505, 0.00579177681357, 0.00257991137914, 0.00315595208667, 0.000974675465841, 0.000733588065486, 0.000457328540506, 0.000589471135754, 0.000807882926892, 0.00107103784103, 0.000986808328889, 0.00124818098266, 0.000827740645036, 0.000719487667084, 0.000386945030186, 0.000303288077703, 0.000262019981164, 0.00020923584816, 0.000133164634462, 0.000141945332871, 0.000109236905701, 7.76500746724e-05, 9.16972057894e-05, 7.36395086278e-05, 8.54720492498e-05, 5.61