{"tonal": {"thpcp": [1, 0.725377261639, 0.351548373699, 0.275575786829, 0.250083714724, 0.268810868263, 0.287989914417, 0.275135397911, 0.295649439096, 0.390469402075, 0.406122148037, 0.456123292446, 0.630595386028, 0.614869117737, 0.780802726746, 0.984902620316, 0.596154391766, 0.233394086361, 0.207134470344, 0.227502569556, 0.318777531385, 0.422230184078, 0.395606696606, 0.329796642065, 0.329593062401, 0.400192648172, 0.630273401737, 0.76195114851, 0.646599411964, 0.647294402122, 0.595522105694, 0.410407066345, 0.390815794468, 0.46894466877, 0.491992354393, 0.712283909321], "hpcp": {"dmean2": [0.136307671666, 0.140766665339, 0.156556710601, 0.168405368924, 0.184191539884, 0.204568013549, 0.223563656211, 0.258252590895, 0.295520722866, 0.253589689732, 0.211370676756, 0.13134470582, 0.118536531925, 0.122484207153, 0.140545815229, 0.161544889212, 0.166811853647, 0.153872922063, 0.151634380221, 0.17343275249, 0.210450410843, 0.210885643959, 0.20722232759, 0.253033936024, 0.197507694364, 0.148019626737, 0.17364525795, 0.1738563627, 0.191529884934, 0.245918676257, 0.247187286615, 0.234364002943, 0.174065768719, 0.142722904682, 0.148411527276, 0.151099964976], "median": [0.0212050881237, 0.0189824178815, 0.0205527320504, 0.0152945658192, 0.01579628326, 0.0433548465371, 0.0507703907788, 0.0531536974013, 0.092237457633, 0.0615842416883, 0.0418184734881, 0.0154776219279, 0.00916153751314, 0.0122632887214, 0.0244508646429, 0.0351434014738, 0.0308749377728, 0.0219991933554, 0.0172991286963, 0.0260095670819, 0.0566273108125, 0.0695052742958, 0.0671185776591, 0.0434011444449, 0.0294244661927, 0.0186115484685, 0.0312441401184, 0.0289500877261, 0.0397490113974, 0.0940050333738, 0.118717305362, 0.0818154737353, 0.0447979532182, 0.0280561391264, 0.0164123754948, 0.0193363744766], "min": [0, 0, 0, 0, 0, 0, 0, 0, 0, 0, 0, 0, 0, 0, 0, 0, 0, 0, 0, 0, 0, 0, 0, 0, 0, 0, 0, 0, 0, 0, 0, 0, 0, 0, 0, 0], "dvar2": [0.0650798529387, 0.0662818327546, 0.0827656686306, 0.0893976762891, 0.103399254382, 0.0969010293484, 0.104318417609, 0.137220576406, 0.137714788318, 0.12405192107, 0.0954036042094, 0.0695114061236, 0.0692575275898, 0.0679517909884, 0.0654316693544, 0.0684683918953, 0.0757478326559, 0.0647843107581, 0.0673126727343, 0.0782092809677, 0.0889205113053, 0.0880688801408, 0.0730497166514, 0.13022300601, 0.0807886570692, 0.0656936094165, 0.0844204574823, 0.0689151734114, 0.0748374834657, 0.100501477718, 0.103849053383, 0.096600830555, 0.0740559026599, 0.067762747407, 0.0845976695418, 0.086747944355], "dvar": [0.0242416132241, 0.0250986255705, 0.0308017339557, 0.0358184911311, 0.0402020290494, 0.0367921330035, 0.0422091297805, 0.0518753714859, 0.0529039278626, 0.0588325820863, 0.0372451245785, 0.0250659752637, 0.0244887638837, 0.0243783164769, 0.0243485867977, 0.027062240988, 0.0298448409885, 0.0245526656508, 0.0251286160201, 0.029949920252, 0.0348183102906, 0.0354063175619, 0.0291812811047, 0.0480667240918, 0.0323929265141, 0.025931302458, 0.0307974088937, 0.0275650154799, 0.0309838280082, 0.0384602099657, 0.0452088825405, 0.0381494089961, 0.0267321169376, 0.0246080551296, 0.0298571661115, 0.0312610641122], "dmean": [0.0782976895571, 0.0796914324164, 0.0883828997612, 0.0955806151032, 0.103549405932, 0.116795450449, 0.129652693868, 0.146352156997, 0.170406028628, 0.147603228688, 0.123921073973, 0.0730827078223, 0.065892405808, 0.0688470453024, 0.0812624618411, 0.0964419469237, 0.0967292413116, 0.0878012254834, 0.0865933597088, 0.101143017411, 0.122165456414, 0.122899278998, 0.121664129198, 0.143338799477, 0.113842047751, 0.0846442878246, 0.0982722789049, 0.100719437003, 0.111828863621, 0.144039586186, 0.144989475608, 0.137334480882, 0.0983746945858, 0.0798116028309, 0.0822196230292, 0.0843353420496], "max": [1, 1, 1, 1, 1, 1, 1, 1, 1, 1, 1, 1, 1, 1, 1, 1, 1, 1, 1, 1, 1, 1, 1, 1, 1, 1, 1, 1, 1, 1, 1, 1, 1, 1, 1, 1], "var": [0.0265712626278, 0.0263218414038, 0.0296269804239, 0.0551376603544, 0.0563406944275, 0.0424708165228, 0.0762300863862, 0.0727158561349, 0.0788143649697, 0.143409177661, 0.0606233887374, 0.0221581310034, 0.0219066087157, 0.023057391867, 0.0299834981561, 0.039855375886, 0.0388538353145, 0.031921941787, 0.0334133692086, 0.0408510304987, 0.0674502626061, 0.0932864099741, 0.0634426698089, 0.0820085182786, 0.0752141326666, 0.0508852638304, 0.039186168462, 0.0513002946973, 0.0533130466938, 0.0660378113389, 0.122039981186, 0.0710467919707, 0.0251979157329, 0.0219584982842, 0.024510204792, 0.0271079167724], "mean": [0.0843197032809, 0.0805560722947, 0.08656232059, 0.114324368536, 0.118907295167, 0.133546978235, 0.184630140662, 0.180025696754, 0.228608906269, 0.288366705179, 0.174546256661, 0.0683347582817, 0.0606462843716, 0.0666097998619, 0.0933339223266, 0.123623512685, 0.115828506649, 0.0965601727366, 0.0965005680919, 0.117171213031, 0.184535861015, 0.223089396954, 0.189315915108, 0.189519390464, 0.174361139536, 0.120161861181, 0.11442578584, 0.137300908566, 0.144048973918, 0.208547472954, 0.292787015438, 0.212381035089, 0.102928802371, 0.0806850120425, 0.0732212662697, 0.0787043347955]}, "tuning_equal_tempered_deviation": 0.0891869142652, "chords_changes_rate": 0.0632865875959, "key_key": "C", "tuning_diatonic_strength": 0.679158449173, "key_scale": "major", "chords_number_rate": 0.00503416033462, "tuning_frequency": 441.272583008, "tuning_nontempered_energy_ratio": 0.803186297417, "chords_histogram": [41.8194885254, 8.77382278442, 1.25854003429, 3.41603732109, 0.0359582901001, 0, 7.51528215408, 0, 6.93994951248, 0.0359582901001, 8.01869869232, 1.0427904129, 0, 0.611290931702, 0, 1.43833148479, 0, 8.45019817352, 0, 1.2225818634, 2.01366424561, 0.467457741499, 2.91262125969, 4.02732849121], "key_strength": 0.827920019627, "chords_key": "C", "chords_strength": {"dmean2": 0.0112094422802, "median": 0.558281898499, "min": -1, "dvar2": 0.00213309796527, "dvar": 0.000957022188231, "dmean": 0.0103174261749, "max": 0.820446491241, "var": 0.0562782324851, "mean": 0.521714448929}, "chords_scale": "major", "hpcp_entropy": {"dmean2": 1.04297590256, "median": 2.14396381378, "min": 0, "dvar2": 0.791490375996, "dvar": 0.291892170906, "dmean": 0.620437502861, "max": 4.20435476303, "var": 0.64320653677, "mean": 2.06112670898}}, "metadata": {"audio_properties": {"equal_loudness": 0, "codec": "aac", "downmix": "mix", "sample_rate": 44100, "analysis_sample_rate": 44100, "bit_rate": 125589, "md5_encoded": "d8f6238cb8f5445b671fbabf2f64ab28", "length": 129.10295105, "replay_gain": -5.42177581787, "lossless": false}, "version": {"essentia_build_sha": "2d9f1f26377add8aeb1075a9c2973f962c4f09fd", "essentia": "2.1-beta2", "extractor": "music 1.0", "essentia_git_sha": "v2.1_beta2-1-ge3940c0"}, "tags": {"title": ["Clarence in Wonderland"], "language": ["English"], "date": ["2000"], "genre": ["Rock"], "musicbrainz_releasegroupid": ["4fe7b3a2-aee9-3d15-9285-2cf134711388"], "tracknumber": ["17/19"], "compilation": ["1"], "musicbrainz_recordingid": ["0b9a0d5c-6fb2-4dde-9b84-0e3272bf52b5"], "musicbrainz_artistid": ["ad4ba77a-2382-4367-b687-89d38c58e16d"], "musicbrainz_albumartistid": ["ad4ba77a-2382-4367-b687-89d38c58e16d"], "musicbrainz_albumid": ["7fd2e080-c7b6-48fd-ae4c-5ec517e8998c"], "artist": ["Kevin Ayers"], "encodedby": ["iTunes v4.7.1.30, QuickTime 6.5.2"], "bpm": ["0"], "artistsort": ["Kevin Ayers"], "album": ["The Best of Kevin Ayers"], "albumartistsort": ["Kevin Ayers"], "discnumber": ["1/1"], "script": ["Latin"], "file_name": "17. Clarence In Wonderland_2-09.m4a"}}, "rhythm": {"bpm_histogram_first_peak_bpm": {"dmean2": 0, "median": 123, "min": 123, "dvar2": 0, "dvar": 0, "dmean": 0, "max": 123, "var": 0, "mean": 123}, "bpm": 123.568710327, "bpm_histogram_second_peak_spread": {"dmean2": 0, "median": 0.437500029802, "min": 0.437500029802, "dvar2": 0, "dvar": 0, "dmean": 0, "max": 0.437500029802, "var": 0, "mean": 0.437500029802}, "bpm_histogram_first_peak_weight": {"dmean2": 0, "median": 0.442379176617, "min": 0.442379176617, "dvar2": 0, "dvar": 0, "dmean": 0, "max": 0.442379176617, "var": 0, "mean": 0.442379176617}, "onset_rate": 3.34586596489, "beats_position": [0.53405892849, 1.07972788811, 1.62539684772, 2.15945577621, 2.70512461662, 3.23918366432, 3.76163268089, 4.28408145905, 4.79492044449, 5.2941493988, 5.80498838425, 6.30421733856, 6.80344676971, 7.30267572403, 7.80190467834, 8.3011341095, 8.80036258698, 9.287981987, 9.76399040222, 10.2399997711, 10.71600914, 11.1920175552, 11.6796369553, 12.1672563553, 12.6432647705, 13.1192741394, 13.5952835083, 14.0712919235, 14.5589113235, 15.0349206924, 15.5225391388, 15.9985485077, 16.4861679077, 16.9737873077, 17.4614048004, 17.9490242004, 18.4250335693, 18.9126529694, 19.3886623383, 19.8762817383, 20.3522891998, 20.8399085999, 21.3275279999, 21.8035373688, 22.2679367065, 22.7555541992, 23.2547836304, 23.7540130615, 24.2416324615, 24.7176418304, 25.1936511993, 25.681268692, 26.1572780609, 26.6332874298, 27.1092967987, 27.5969161987, 28.0729255676, 28.5489330292, 29.0249423981, 29.5125617981, 30.0001811981, 30.4878005981, 30.9638080597, 31.4398174286, 31.9158267975, 32.391834259, 32.8678436279, 33.3438529968, 33.8314743042, 34.3190917969, 34.7951011658, 35.2711105347, 35.7471199036, 36.2347373962, 36.7107467651, 37.1751480103, 37.6511573792, 38.1387748718, 38.6263923645, 39.1140136719, 39.6016311646, 40.0776405334, 40.5652618408, 41.041267395, 41.5172767639, 42.0048980713, 42.4809074402, 42.9569168091, 43.4445343018, 43.9321517944, 44.4197731018, 44.8957824707, 45.3717918396, 45.8594093323, 46.3354187012, 46.8114280701, 47.2990455627, 47.7866668701, 48.2742843628, 48.7619056702, 49.2379112244, 49.7255325317, 50.2015419006, 50.6891593933, 51.1767807007, 51.6643981934, 52.152015686, 52.6280250549, 53.1156463623, 53.603263855, 54.0792732239, 54.5668907166, 55.0429000854, 55.5305213928, 56.0065307617, 56.4941482544, 56.9817695618, 57.4693870544, 57.9453964233, 58.4214057922, 58.8974151611, 59.37342453, 59.8494338989, 60.3254394531, 60.8130607605, 61.3006782532, 61.7766876221, 62.252696991, 62.7403144836, 63.227935791, 63.7155532837, 64.1915664673, 64.6675720215, 65.1551895142, 65.6428070068, 66.1304321289, 66.6180496216, 67.1172790527, 67.6165084839, 68.1041259766, 68.6033554077, 69.1025848389, 69.6134262085, 70.1010437012, 70.5886611938, 71.0762786865, 71.5638961792, 72.0747375488, 72.5855789185, 73.0964126587, 73.5840377808, 74.0716552734, 74.5592727661, 75.0468902588, 75.5345077515, 76.0221328735, 76.5213623047, 77.0205917358, 77.5082092285, 77.9958267212, 78.4834442139, 78.9710617065, 79.4702911377, 79.9695205688, 80.46875, 80.9447631836, 81.4207687378, 81.9199981689, 82.4192276001, 82.9068450928, 83.3944625854, 83.870475769, 84.3580932617, 84.8457107544, 85.321723938, 85.8093414307, 86.2969589233, 86.784576416, 87.2722015381, 87.7598190308, 88.2474365234, 88.7234420776, 89.2110671997, 89.6986846924, 90.1863021851, 90.6739196777, 91.1615371704, 91.6491622925, 92.1367797852, 92.6243972778, 93.1120147705, 93.5996322632, 94.0872573853, 94.5748748779, 95.0508804321, 95.5501098633, 96.037727356, 96.525352478, 97.0129699707, 97.5005874634, 97.9882049561, 98.4758224487, 98.9750518799, 99.474281311, 99.9735107422, 100.472740173, 100.960357666, 101.447982788, 101.947212219, 102.423217773, 102.922447205, 103.421676636, 103.909294128, 104.396911621, 104.884536743, 105.372154236, 105.859771729, 106.347389221, 106.835006714, 107.334236145, 107.833465576, 108.321083069, 108.808708191, 109.296325684, 109.783943176, 110.271560669, 110.759178162, 111.246803284, 111.734420776, 112.222038269, 112.698051453, 113.208885193, 113.719726563, 114.242172241, 114.694961548, 115.159362793, 115.623764038, 116.006889343, 116.401634216, 116.79637146, 117.179496765, 117.585845947, 117.992195129, 118.398544312, 118.793289185, 119.199638367, 119.605987549, 120.012336731, 120.395462036, 120.778594971, 121.173332214, 121.568069458, 121.962806702, 122.357551575, 122.752288818, 123.147026062, 123.564987183, 123.982948303, 124.389297485, 124.807250977, 125.167160034, 125.527069092, 125.886978149, 126.246894836, 126.595191956, 126.978317261, 127.361450195, 127.732971191, 128.104492188, 128.476013184], "beats_loudness": {"dmean2": 0.034518469125, "median": 0.0327477790415, "min": 0, "dvar2": 0.000894615950529, "dvar": 0.000271418335615, "dmean": 0.0181068275124, "max": 0.0969343706965, "var": 0.00060774810845, "mean": 0.0328401215374}, "danceability": 1.03512084484, "bpm_histogram_second_peak_weight": {"dmean2": 0, "median": 0.033457249403, "min": 0.033457249403, "dvar2": 0, "dvar": 0, "dmean": 0, "max": 0.033457249403, "var": 0, "mean": 0.033457249403}, "beats_count": 270, "bpm_histogram_second_peak_bpm": {"dmean2": 0, "median": 152, "min": 152, "dvar2": 0, "dvar": 0, "dmean": 0, "max": 152, "var": 0, "mean": 152}, "bpm_histogram_first_peak_spread": {"dmean2": 0, "median": 0.446511626244, "min": 0.446511626244, "dvar2": 0, "dvar": 0, "dmean": 0, "max": 0.446511626244, "var": 0, "mean": 0.446511626244}, "beats_loudness_band_ratio": {"dmean2": [0.421644300222, 0.209275469184, 0.166073396802, 0.106049574912, 0.120615884662, 0.123914062977], "median": [0.50839471817, 0.137523233891, 0.0787572190166, 0.0691811144352, 0.0503977499902, 0.0240692906082], "min": [0, 0, 0, 0, 0, 0], "dvar2": [0.075540676713, 0.0411391742527, 0.030745126307, 0.0126863233745, 0.0271912179887, 0.0458796620369], "dvar": [0.0283083803952, 0.014237225987, 0.00967232231051, 0.00438937265426, 0.0104248765856, 0.0156963095069], "dmean": [0.230115741491, 0.11938110739, 0.0900972262025, 0.0620746314526, 0.0684172585607, 0.0658760666847], "max": [0.966585159302, 0.748635411263, 0.57151132822, 0.414263486862, 0.919381678104, 0.746702849865], "var": [0.0602904483676, 0.0206003692001, 0.0118241487071, 0.00841674301773, 0.0281029418111, 0.0096099441871], "mean": [0.503258168697, 0.171854004264, 0.111332654953, 0.091659925878, 0.108854830265, 0.0531624518335]}}, "lowlevel": {"barkbands_spread": {"dmean2": 10.0919151306, "median": 18.1931343079, "min": 0.334827870131, "dvar2": 180.086288452, "dvar": 78.9697113037, "dmean": 6.41907596588, "max": 106.733627319, "var": 289.586914063, "mean": 22.3380737305}, "melbands_spread": {"dmean2": 14.8335161209, "median": 18.7152271271, "min": 0.869809269905, "dvar2": 537.712646484, "dvar": 240.871994019, "dmean": 9.5441865921, "max": 280.882659912, "var": 1189.56384277, "mean": 30.5953350067}, "hfc": {"dmean2": 10.3017225266, "median": 11.7435865402, "min": 1.04950379867e-16, "dvar2": 797.164672852, "dvar": 596.125061035, "dmean": 7.65985774994, "max": 757.645751953, "var": 3268.97143555, "mean": 22.7994613647}, "barkbands_kurtosis": {"dmean2": 5.92416810989, "median": 1.95522403717, "min": -1.96863901615, "dvar2": 417.313720703, "dvar": 210.726531982, "dmean": 3.77566671371, "max": 694.989379883, "var": 393.262054443, "mean": 5.78453159332}, "gfcc": {"mean": [-105.602058411, 108.288764954, -125.31879425, 42.4999427795, -52.6436920166, 7.92270946503, -39.9934844971, 0.0982617735863, -19.8803653717, -8.20386791229, -13.4160795212, -8.91080856323, -9.34200191498], "icov": [[0.000163079894264, -0.000430603540735, 0.000285278831143, -0.000453366490547, 0.000816039508209, -0.000328212336171, 0.000194468768314, -0.000208842771826, 0.000465853925562, -0.000225446972763, 0.000187891710084, 2.29344241234e-05, 0.000272222212516], [-0.000430603540735, 0.00186805636622, -0.000567968701944, 0.00154262559954, -0.00206738174893, 0.00147088523954, -0.00074875599239, 0.0012840781128, -0.00176226277836, 0.00136521866079, -0.000569328956772, 0.000663298182189, -0.00107389409095], [0.000285278831143, -0.000567968701944, 0.00148022908252, -0.000498958048411, 0.00139353261329, -0.00047398119932, 0.000135247391881, -0.000620213220827, 0.000364855193766, 0.000103138081613, 0.000799670175184, 0.000131506181788, -0.000164088385645], [-0.000453366490547, 0.00154262559954, -0.000498958048411, 0.00427250051871, -0.00234851730056, 0.00139599130489, 0.000198878813535, -0.000821012421511, -0.00139031861909, 0.0010334122926, -0.000914645090234, 0.000374358845875, -0.00088039948605], [0.000816039508209, -0.00206738174893, 0.00139353261329, -0.00234851730056, 0.0063935900107, -0.000343904306646, 0.000335946970154, -0.00215674843639, 0.00217711902224, -0.00163949106354, 0.000342094048392, -0.000928117719013, 0.00161240075249], [-0.000328212336171, 0.00147088523954, -0.00047398119932, 0.00139599130489, -0.000343904306646, 0.00549889309332, -0.000775943452027, 0.000769203121308, -0.00060161401052, -0.000755589746404, -0.000708924606442, -7.70369952079e-05, -0.0008040748653], [0.000194468768314, -0.00074875599239, 0.000135247391881, 0.000198878813535, 0.000335946970154, -0.000775943452027, 0.0052820914425, -0.000214680563658, 0.000346951797837, -0.000314483651891, -0.00145356229041, 0.00117743900046, -5.65126465517e-05], [-0.000208842771826, 0.0012840781128, -0.000620213220827, -0.000821012421511, -0.00215674843639, 0.000769203121308, -0.000214680563658, 0.00862557720393, -0.00296631245874, 0.00068837654544, 0.00170431402512, -0.00197790144011, 0.000998474075459], [0.000465853925562, -0.00176226277836, 0.000364855193766, -0.00139031861909, 0.00217711902224, -0.00060161401052, 0.000346951797837, -0.00296631245874, 0.00967379380018, -0.00206157332286, 2.81580269075e-05, -1.69493614521e-05, -0.000118104828289], [-0.000225446972763, 0.00136521866079, 0.000103138081613, 0.0010334122926, -0.00163949106354, -0.000755589746404, -0.000314483651891, 0.00068837654544, -0.00206157332286, 0.00870977528393, -0.00211759819649, -0.000296276964946, -0.000848067342304], [0.000187891710084, -0.000569328956772, 0.000799670175184, -0.000914645090234, 0.000342094048392, -0.000708924606442, -0.00145356229041, 0.00170431402512, 2.81580269075e-05, -0.00211759819649, 0.0106808710843, -0.00376907666214, 0.00190744409338], [2.29344241234e-05, 0.000663298182189, 0.000131506181788, 0.000374358845875, -0.000928117719013, -7.70369952079e-05, 0.00117743900046, -0.00197790144011, -1.69493614521e-05, -0.000296276964946, -0.00376907666214, 0.0141533315182, -0.00458088424057], [0.000272222212516, -0.00107389409095, -0.000164088385645, -0.00088039948605, 0.00161240075249, -0.0008040748653, -5.65126465517e-05, 0.000998474075459, -0.000118104828289, -0.000848067342304, 0.00190744409338, -0.00458088424057, 0.0138643709943]], "cov": [[55814.4296875, 6775.33544922, -3715.13745117, -196.834732056, -4571.33691406, 822.964904785, -507.398620605, -1542.3236084, -848.448913574, -600.717956543, -420.246002197, -1050.54919434, -272.460510254], [6775.33544922, 2872.93017578, -260.781707764, -426.651245117, -302.680023193, -262.022094727, 167.405776978, -391.463348389, 12.028468132, -278.422393799, -46.7926635742, -233.433181763, 20.5791988373], [-3715.13745117, -260.781707764, 1259.66833496, -44.6954841614, 82.5848007202, -37.2178573608, 28.4570903778, 104.333465576, 77.0898971558, -53.8097457886, -78.2458190918, 23.1594810486, 61.4378433228], [-196.834732056, -426.651245117, -44.6954841614, 481.878387451, 134.009414673, -45.8204803467, -88.7088165283, 154.442047119, 23.7720127106, 17.1175365448, 1.88015210629, 41.8327178955, -14.0254878998], [-4571.33691406, -302.680023193, 82.5848007202, 134.009414673, 724.885253906, -167.591674805, 47.1193695068, 183.226348877, 74.1701431274, 56.8072547913, 59.8556365967, 102.304252625, -1.55295288563], [822.964904785, -262.022094727, -37.2178573608, -45.8204803467, -167.591674805, 311.727722168, -0.493370980024, -36.7426261902, -33.2334823608, 63.1312484741, 15.9471263885, 4.732234478, 3.35749006271], [-507.398620605, 167.405776978, 28.4570903778, -88.7088165283, 47.1193695068, -0.493370980024, 243.50769043, -33.6210670471, 12.1450233459, 3.68936276436, 39.7224235535, -14.3030881882, 5.67675685883], [-1542.3236084, -391.463348389, 104.333465576, 154.442047119, 183.226348877, -36.7426261902, -33.6210670471, 242.419845581, 58.6045036316, 24.8843364716, -13.0094633102, 59.2577629089, -6.6414899826], [-848.448913574, 12.028468132, 77.0898971558, 23.7720127106, 74.1701431274, -33.2334823608, 12.1450233459, 58.6045036316, 149.757949829, 18.2373657227, 6.79320955276, 17.783493042, 12.6208057404], [-600.717956543, -278.422393799, -53.8097457886, 17.1175365448, 56.8072547913, 63.1312484741, 3.68936276436, 24.8843364716, 18.2373657227, 173.314544678, 47.5220985413, 38.5570983887, 2.91522884369], [-420.246002197, -46.7926635742, -78.2458190918, 1.88015210629, 59.8556365967, 15.9471263885, 39.7224235535, -13.0094633102, 6.79320955276, 47.5220985413, 134.710647583, 37.9781455994, -4.13747406006], [-1050.54919434, -233.433181763, 23.1594810486, 41.8327178955, 102.304252625, 4.732234478, -14.3030881882, 59.2577629089, 17.783493042, 38.5570983887, 37.9781455994, 117.410476685, 25.6056270599], [-272.460510254, 20.5791988373, 61.4378433228, -14.0254878998, -1.55295288563, 3.35749006271, 5.67675685883, -6.6414899826, 12.6208057404, 2.91522884369, -4.13747406006, 25.6056270599, 89.099609375]]}, "spectral_energyband_middle_low": {"dmean2": 0.00673533556983, "median": 0.010729290545, "min": 1.63541139777e-22, "dvar2": 0.000108244479634, "dvar": 4.25283869845e-05, "dmean": 0.00423223385587, "max": 0.0967342406511, "var": 0.000138294606586, "mean": 0.0126453321427}, "melbands_crest": {"dmean2": 4.84177494049, "median": 14.0461406708, "min": 1.5033634901, "dvar2": 23.0442199707, "dvar": 8.87445735931, "dmean": 2.96591067314, "max": 36.8482704163, "var": 27.8669643402, "mean": 14.2316007614}, "spectral_kurtosis": {"dmean2": 4.58899068832, "median": 4.75603437424, "min": -1.26831114292, "dvar2": 35.6359519958, "dvar": 14.275891304, "dmean": 2.80785942078, "max": 79.5927352905, "var": 54.086681366, "mean": 6.54546499252}, "spectral_rms": {"dmean2": 0.00088930351194, "median": 0.00484008947387, "min": 3.10518169337e-12, "dvar2": 1.34068329771e-06, "dvar": 6.07301785749e-07, "dmean": 0.000596297089942, "max": 0.0114887868986, "var": 6.44130159344e-06, "mean": 0.00436935108155}, "zerocrossingrate": {"dmean2": 0.0129802534357, "median": 0.04443359375, "min": 0.001953125, "dvar2": 0.000356532575097, "dvar": 0.000311130366754, "dmean": 0.011060975492, "max": 0.53564453125, "var": 0.00664397794753, "mean": 0.0663115084171}, "silence_rate_60dB": {"dmean2": 0.0230257231742, "median": 0, "min": 0, "dvar2": 0.0257339794189, "dvar": 0.0113790137693, "dmean": 0.011510791257, "max": 1, "var": 0.16705955565, "mean": 0.21201223135}, "erbbands_kurtosis": {"dmean2": 3.34088540077, "median": -0.0426291935146, "min": -1.75389325619, "dvar2": 150.046112061, "dvar": 66.2026672363, "dmean": 2.07252597809, "max": 514.314941406, "var": 206.802825928, "mean": 2.96290016174}, "erbbands": {"dmean2": [0.0644691959023, 0.607140004635, 4.29130601883, 9.16573810577, 10.9672451019, 7.10510206223, 11.4554367065, 20.1668071747, 15.2256240845, 20.8020000458, 13.3554372787, 13.3420476913, 23.2886695862, 13.5061502457, 18.9947853088, 18.851026535, 24.4675331116, 23.7110824585, 19.5995197296, 19.0562705994, 10.0627202988, 12.2668838501, 10.9875211716, 9.98796367645, 8.7840385437, 8.08432102203, 9.45928573608, 9.69225978851, 8.24909591675, 7.32901763916, 4.27564907074, 6.42213487625, 5.89269065857, 3.68779087067, 0.854031503201, 0.124298594892, 0.0122479386628, 0.00111076515168, 6.3816223701e-05, 1.66676545632e-05], "median": [0.00569143565372, 0.13673722744, 2.18747615814, 5.71551609039, 5.55757761002, 3.77473545074, 5.35858106613, 9.99592208862, 7.66842508316, 7.18728494644, 5.40765714645, 7.18504285812, 13.1862077713, 7.88076877594, 6.22180461884, 6.55174207687, 9.13056755066, 6.58722400665, 7.36360168457, 8.1237783432, 5.30416631699, 6.61288022995, 5.00897598267, 3.61085796356, 3.78625130653, 2.33648180962, 1.71490430832, 1.18337154388, 0.844284415245, 0.591735959053, 0.272928327322, 0.170553684235, 0.0808587670326, 0.0252113305032, 0.00814795121551, 0.00220310571603, 0.000433088629507, 5.3433188441e-05, 1.59525970957e-05, 2.87915572699e-05], "min": [7.02876770491e-23, 3.40912588944e-22, 1.3398175173e-21, 6.44469057209e-21, 1.2472511196e-20, 2.04026957675e-20, 4.05535731997e-20, 7.22401515114e-20, 9.67207749974e-20, 1.91114471212e-19, 2.42196363705e-19, 2.8807128349e-19, 4.24070968981e-19, 4.79893536962e-19, 6.40338089765e-19, 8.0198401901e-19, 1.34460338561e-18, 1.60301553955e-18, 2.24943164905e-18, 3.0714028849e-18, 4.33734263503e-18, 4.10334109795e-18, 4.77857069993e-18, 6.28201158151e-18, 7.08890228081e-18, 8.55183323266e-18, 8.66680058446e-18, 1.12975376805e-17, 1.17215843769e-17, 1.11323331685e-17, 1.12700587405e-17, 1.06363639451e-17, 9.54066809796e-18, 8.53934363259e-18, 6.25675320791e-18, 4.2148971569e-18, 2.27686447368e-18, 9.10892634712e-19, 2.38114796069e-19, 2.73648698038e-20], "dvar2": [0.0280884932727, 3.18299007416, 110.109008789, 322.97177124, 421.210754395, 278.185913086, 446.874938965, 1548.06066895, 936.086425781, 2216.20751953, 1131.05212402, 600.124328613, 1508.95532227, 718.6796875, 2468.27246094, 1628.47290039, 2731.21362305, 3347.73266602, 3863.09448242, 1727.89892578, 523.505004883, 1013.93768311, 2245.32836914, 2564.99902344, 1098.87023926, 418.856842041, 869.074768066, 1213.39355469, 531.19708252, 458.909881592, 169.265441895, 1021.05560303, 1224.30505371, 607.910217285, 30.8719730377, 0.6083329916, 0.00460771424696, 2.63519305008e-05, 7.25942044255e-08, 1.2268237537e-09], "dvar": [0.0121966041625, 1.44836223125, 39.0594139099, 116.89478302, 159.163589478, 123.273300171, 178.88961792, 629.291503906, 400.533081055, 965.916931152, 453.231689453, 257.436431885, 592.592956543, 261.341308594, 962.775024414, 655.054382324, 1152.7911377, 1252.83154297, 1290.14208984, 662.192626953, 241.773422241, 397.005401611, 842.628051758, 1116.14611816, 592.991394043, 175.924667358, 328.449279785, 521.592407227, 228.484695435, 201.617385864, 87.6228561401, 581.712341309, 760.221862793, 364.338348389, 18.5184631348, 0.403395652771, 0.00297201494686, 1.8208687834e-05, 5.14250437789e-08, 8.71863359286e-10], "dmean": [0.0416832566261, 0.381368964911, 2.53260207176, 5.42081880569, 6.71380186081, 4.43849849701, 7.0606341362, 12.6065263748, 9.92694759369, 13.401509285, 8.61279010773, 8.52956295013, 14.2073698044, 8.33879184723, 11.9504737854, 12.1647872925, 15.9585103989, 15.158788681, 12.3542575836, 11.8487730026, 6.73551940918, 7.57589292526, 6.68616104126, 6.41868686676, 5.62470149994, 4.96667528152, 5.71724557877, 6.0538315773, 5.15004253387, 4.6824760437, 2.80733680725, 4.52005958557, 4.47532844543, 2.76198291779, 0.64623683691, 0.0987241044641, 0.00952787138522, 0.000842163979542, 4.75041233585e-05, 1.1806868315e-05], "max": [1.04748225212, 11.9124832153, 72.5432815552, 152.819610596, 186.495147705, 307.372009277, 219.355987549, 490.094024658, 320.50769043, 589.15222168, 582.189575195, 235.62550354, 548.305969238, 320.352386475, 671.408508301, 453.959625244, 618.676269531, 686.004943848, 762.637939453, 468.298980713, 394.237609863, 552.12878418, 1183.3894043, 1266.65930176, 1365.50085449, 441.179901123, 445.047637939, 643.899230957, 316.517791748, 488.704345703, 230.835083008, 764.241516113, 879.075805664, 754.900695801, 144.36529541, 26.2987709045, 2.05807638168, 0.154218003154, 0.00761501304805, 0.000946066924371], "var": [0.0183130167425, 1.70595085621, 42.5404853821, 173.272567749, 355.348327637, 442.116119385, 448.857818604, 1519.84655762, 908.662231445, 2077.18310547, 854.637145996, 607.95892334, 1216.22424316, 875.39642334, 2846.02612305, 1822.91943359, 4575.56542969, 3799.91259766, 3116.22070313, 2011.07751465, 805.955200195, 596.192932129, 838.348754883, 1415.96069336, 1362.2722168, 331.719818115, 438.215576172, 1015.13336182, 502.744598389, 430.996765137, 258.199401855, 1839.21166992, 3089.90722656, 1293.85852051, 69.0631103516, 1.57969403267, 0.0122348079458, 7.75744920247e-05, 2.34382596886e-07, 4.89751039723e-09], "mean": [0.0515345484018, 0.530504345894, 4.40343999863, 10.2509374619, 13.3543100357, 9.76785469055, 13.2942171097, 23.9398040771, 18.2166843414, 22.3472042084, 15.2095861435, 15.5418262482, 24.918838501, 18.2141952515, 23.8004131317, 26.1184062958, 40.4112129211, 32.9169769287, 24.8094711304, 25.5417900085, 14.8967504501, 13.964966774, 11.0705327988, 11.0852651596, 10.8710098267, 8.11350536346, 7.87319421768, 8.25137138367, 6.66180849075, 6.09236764908, 4.00348711014, 7.33806324005, 7.99193334579, 4.80267620087, 1.16005814075, 0.177873328328, 0.0170713178813, 0.00147237384226, 9.27028668229e-05, 3.91938483517e-05]}, "spectral_strongpeak": {"dmean2": 0.713293135166, "median": 0.48636162281, "min": 0, "dvar2": 3.1068239212, "dvar": 1.07934987545, "dmean": 0.403995037079, "max": 22.4994487762, "var": 0.972370684147, "mean": 0.705312013626}, "spectral_energy": {"dmean2": 0.0105531672016, "median": 0.0240121278912, "min": 9.88320727316e-21, "dvar2": 0.000259388703853, "dvar": 0.000111755041871, "dmean": 0.00693534594029, "max": 0.135292038321, "var": 0.000486374105094, "mean": 0.0261707678437}, "average_loudness": 0.805227816105, "spectral_rolloff": {"dmean2": 786.853271484, "median": 1076.66015625, "min": 21.533203125, "dvar2": 2327082.75, "dvar": 1105586, "dmean": 463.15625, "max": 19702.8808594, "var": 9391383, "mean": 1872.44616699}, "spectral_centroid": {"dmean2": 424.301208496, "median": 1057.71154785, "min": 180.72328186, "dvar2": 393829.28125, "dvar": 178102.359375, "dmean": 274.555328369, "max": 11818.2353516, "var": 2827066, "mean": 1513.87646484}, "pitch_salience": {"dmean2": 0.113754503429, "median": 0.538409054279, "min": 0.0892561003566, "dvar2": 0.0110682584345, "dvar": 0.00418912712485, "dmean": 0.0689892843366, "max": 0.874533236027, "var": 0.0132926749066, "mean": 0.537655830383}, "spectral_energyband_middle_high": {"dmean2": 0.00192680966575, "median": 0.00280914269388, "min": 1.09635267616e-21, "dvar2": 8.85045938048e-06, "dvar": 3.87843692806e-06, "dmean": 0.0012849556515, "max": 0.0440384112298, "var": 2.99080729746e-05, "mean": 0.00468585081398}, "spectral_contrast_coeffs": {"dmean2": [0.0802577510476, 0.0707474499941, 0.0570431984961, 0.048329167068, 0.0400094464421, 0.0315339453518], "median": [-0.579365253448, -0.73253428936, -0.752984046936, -0.743411064148, -0.767860233784, -0.753552675247], "min": [-0.981227755547, -0.98211222887, -0.983030557632, -0.982925772667, -0.980893492699, -0.980508625507], "dvar2": [0.00478288671002, 0.0036307645496, 0.00229278206825, 0.00148781028111, 0.00120354664978, 0.000925111118704], "dvar": [0.00188781309407, 0.00136828061659, 0.000874339428265, 0.000638696306851, 0.000525878509507, 0.000400811433792], "dmean": [0.048871293664, 0.0432174019516, 0.0347147509456, 0.030113870278, 0.0255806744099, 0.0202756468207], "max": [-0.273729115725, -0.41307708621, -0.534549057484, -0.528212726116, -0.45224070549, -0.602654933929], "var": [0.0182458087802, 0.00866659451276, 0.00657835789025, 0.00630383193493, 0.00352089432999, 0.00395922968164], "mean": [-0.604086816311, -0.739769101143, -0.764256894588, -0.749628126621, -0.771109640598, -0.765091240406]}, "melbands_skewness": {"dmean2": 1.24574589729, "median": 2.3167052269, "min": -13.9644794464, "dvar2": 2.31864762306, "dvar": 0.952286958694, "dmean": 0.795683979988, "max": 16.8738441467, "var": 4.28531980515, "mean": 2.38823699951}, "spectral_spread": {"dmean2": 905515.8125, "median": 3403325.25, "min": 770765.625, "dvar2": 1510901022720.0, "dvar": 864002375680, "dmean": 632099.9375, "max": 43143296, "var": 32847706456100.0, "mean": 4622995.5}, "dissonance": {"dmean2": 0.0285260640085, "median": 0.472773373127, "min": 0.299343824387, "dvar2": 0.000865638139658, "dvar": 0.000316584162647, "dmean": 0.0169480051845, "max": 0.500000119209, "var": 0.00074269605102, "mean": 0.467266857624}, "spectral_skewness": {"dmean2": 0.532779991627, "median": 1.61526691914, "min": -0.464785188437, "dvar2": 0.308331549168, "dvar": 0.13635776937, "dmean": 0.34196087718, "max": 7.26613903046, "var": 0.659228861332, "mean": 1.69613289833}, "spectral_flux": {"dmean2": 0.030444111675, "median": 0.0651495605707, "min": 6.27492363625e-11, "dvar2": 0.00128205877263, "dvar": 0.000653397524729, "dmean": 0.0200477559119, "max": 0.285143703222, "var": 0.00273245759308, "mean": 0.0702518895268}, "spectral_contrast_valleys": {"dmean2": [0.686751663685, 0.568874418736, 0.484899193048, 0.443900585175, 0.485155373812, 0.601171970367], "median": [-7.6556558609, -6.67245721817, -7.46416711807, -8.06431674957, -8.09477424622, -11.0101985931], "min": [-28.1175384521, -28.0419635773, -27.8997707367, -27.6082210541, -27.5047683716, -27.4321041107], "dvar2": [0.349928945303, 0.270002752542, 0.202539369464, 0.192108169198, 0.302623480558, 0.576203525066], "dvar": [0.155354171991, 0.130144864321, 0.105037070811, 0.103672251105, 0.161575213075, 0.30384606123], "dmean": [0.418053328991, 0.355929881334, 0.317394047976, 0.299508035183, 0.343501985073, 0.445084393024], "max": [-5.23412466049, -4.8022813797, -5.42832756042, -5.89768981934, -5.10149812698, -6.71204662323], "var": [11.1900844574, 12.8212242126, 11.7971801758, 10.1304473877, 9.95563030243, 8.3503036499], "mean": [-8.55461597443, -7.83654785156, -8.60483455658, -8.94616699219, -8.82638835907, -11.4818868637]}, "erbbands_flatness_db": {"dmean2": 0.0292790364474, "median": 0.185713469982, "min": 0.0391325317323, "dvar2": 0.000924876483623, "dvar": 0.000431593536632, "dmean": 0.0194594487548, "max": 0.548144578934, "var": 0.00289009418339, "mean": 0.189518466592}, "spectral_energyband_high": {"dmean2": 0.00103705364745, "median": 0.000141943135532, "min": 7.00372936076e-21, "dvar2": 1.06800762296e-05, "dvar": 7.97327538749e-06, "dmean": 0.000754317210522, "max": 0.0828633457422, "var": 4.12674999097e-05, "mean": 0.00138219166547}, "spectral_entropy": {"dmean2": 0.314195752144, "median": 7.287109375, "min": 4.65293502808, "dvar2": 0.123784251511, "dvar": 0.0622196495533, "dmean": 0.221190214157, "max": 9.82071208954, "var": 0.434997051954, "mean": 7.32198905945}, "silence_rate_20dB": {"dmean2": 0, "median": 1, "min": 1, "dvar2": 0, "dvar": 0, "dmean": 0, "max": 1, "var": 0, "mean": 1}, "melbands_flatness_db": {"dmean2": 0.044609375298, "median": 0.214871332049, "min": 0.00304942252114, "dvar2": 0.0023982480634, "dvar": 0.00112997065298, "dmean": 0.0305598117411, "max": 0.507587194443, "var": 0.00732534565032, "mean": 0.220559254289}, "barkbands": {"dmean2": [0.000450576597359, 0.00232586171478, 0.004758130759, 0.00350638548844, 0.00252523529343, 0.00227242684923, 0.00120008550584, 0.000696849543601, 0.000645015214104, 0.000720713927876, 0.000394782691728, 0.000462940311991, 0.000575079699047, 0.000497087661643, 0.000413765694248, 0.000219225010369, 0.000238717708271, 0.00020679346926, 0.00019098292978, 0.000169609047589, 0.000241769565037, 0.000239424945903, 0.000164516954101, 0.000339444639394, 0.000231329962844, 1.27508546939e-05, 3.3477081729e-07], "median": [0.000252175988862, 0.000246645999141, 0.00236195931211, 0.00167502579279, 0.00151476147585, 0.00119151605759, 0.000459584989585, 0.000263525609626, 0.000286697235424, 0.000370147026842, 0.000123609541333, 9.1291818535e-05, 0.000126483180793, 9.7563242889e-05, 0.000139321215102, 9.29862435441e-05, 0.000114508082333, 6.60649820929e-05, 7.83895666245e-05, 4.24528443546e-05, 3.48390349245e-05, 2.3973725547e-05, 1.04982773337e-05, 6.61341982777e-06, 1.56901319315e-06, 3.00858488345e-07, 1.32248247908e-08], "min": [2.66588122697e-25, 2.57335775285e-24, 8.3826292498e-25, 1.34605357714e-24, 6.55696451254e-24, 3.7419226553e-24, 7.43404688824e-24, 8.46033599327e-24, 1.64047254001e-23, 1.07537778924e-23, 8.84927912942e-24, 1.56151624087e-23, 2.70041634452e-23, 3.10633545181e-23, 4.94783373184e-23, 7.58358115262e-23, 6.24621200714e-23, 8.42121259445e-23, 1.03199383155e-22, 1.58408798106e-22, 1.9615123596e-22, 3.32975007407e-22, 3.89692061765e-22, 5.4766768057e-22, 8.43075768518e-22, 1.26384796545e-21, 1.96127067786e-21], "dvar2": [6.05009290666e-07, 3.95423085138e-05, 0.000115579103294, 4.68529651698e-05, 2.1899897547e-05, 1.65164728969e-05, 7.42784231988e-06, 2.10416033042e-06, 1.46768206832e-06, 1.30186174374e-06, 9.34564923227e-07, 1.22429594285e-06, 1.4405550246e-06, 1.51077961164e-06, 1.2919956589e-06, 2.25290207823e-07, 3.71611832861e-07, 9.34523711749e-07, 5.6241827906e-07, 1.90848354009e-07, 6.74196314776e-07, 4.27850949336e-07, 2.66533902504e-07, 3.2621394439e-06, 2.34048320635e-06, 6.97993707277e-09, 2.04912909557e-12], "dvar": [2.4537172294e-07, 1.88456615433e-05, 4.09191743529e-05, 1.70505300048e-05, 9.237463928e-06, 6.69327209835e-06, 3.16833825309e-06, 8.5704328967e-07, 5.99210807195e-07, 5.06218498231e-07, 3.74545948034e-07, 4.91350533594e-07, 6.07319634582e-07, 5.59433772196e-07, 4.30580712418e-07, 1.08149805556e-07, 1.43384554008e-07, 3.56427079851e-07, 2.96233849895e-07, 8.24326278348e-08, 2.6981322776e-07, 1.87337477087e-07, 1.24475874941e-07, 2.00921954274e-06, 1.39384667364e-06, 4.10373690585e-09, 1.13903027635e-12], "dmean": [0.000260590313701, 0.00146032718476, 0.00282776053064, 0.00203322642483, 0.00159173179418, 0.00142148719169, 0.000776712666266, 0.000443683296908, 0.000406423496315, 0.000435690279119, 0.00024855742231, 0.000299490056932, 0.000374032038962, 0.000313080585329, 0.000255092279986, 0.000144459409057, 0.000147270271555, 0.00012559168681, 0.000122045734315, 0.000104400802229, 0.000148498715134, 0.000150819279952, 0.000105430350231, 0.000251271470916, 0.000173062522663, 9.93229423329e-06, 2.24234810275e-07], "max": [0.00519626401365, 0.0420610755682, 0.0718600898981, 0.0687729418278, 0.0541152730584, 0.0437232851982, 0.0407765284181, 0.0224656313658, 0.0134142152965, 0.0146412439644, 0.0129363918677, 0.0117762451991, 0.0138364173472, 0.0178128294647, 0.0128521490842, 0.0110110752285, 0.0117542557418, 0.0215827003121, 0.0223590414971, 0.0110824853182, 0.0184411015362, 0.00808834470809, 0.0100504280999, 0.0407877974212, 0.0476639829576, 0.00239612371661, 2.97732349281e-05], "var": [3.10111857971e-07, 2.58345353359e-05, 5.54210928385e-05, 2.37709318753e-05, 3.01322779706e-05, 1.6470115952e-05, 6.6808597694e-06, 1.74511490059e-06, 1.33967967031e-06, 1.16815738238e-06, 1.09711572804e-06, 1.19139906474e-06, 2.25453914027e-06, 1.52089535277e-06, 1.00448301055e-06, 3.62210784033e-07, 2.03114780106e-07, 3.46211066926e-07, 5.68914686028e-07, 1.5223832861e-07, 4.69842774464e-07, 4.05101445722e-07, 3.18930858612e-07, 7.91475213191e-06, 4.95044514537e-06, 1.42072469345e-08, 3.54262734599e-12], "mean": [0.000378051772714, 0.00198709056713, 0.0052685290575, 0.00326334359124, 0.00356294889934, 0.00272211688571, 0.00132912793197, 0.000745179597288, 0.000712043431122, 0.000781003502198, 0.000476531247841, 0.000553910911549, 0.000874807359651, 0.000594447250478, 0.000488181860419, 0.000299106119201, 0.000254903949099, 0.000187961471966, 0.000228650067584, 0.000163464123034, 0.000205337113584, 0.000197323228349, 0.000144374353113, 0.000436868023826, 0.000297919323202, 1.7279653548e-05, 3.23221684084e-07]}, "erbbands_skewness": {"dmean2": 0.671490967274, "median": 0.100405409932, "min": -13.6343107224, "dvar2": 0.680769562721, "dvar": 0.282671034336, "dmean": 0.427173733711, "max": 3.15824198723, "var": 1.12822592258, "mean": 0.0212994143367}, "erbbands_spread": {"dmean2": 13.729262352, "median": 32.272605896, "min": 0.183747842908, "dvar2": 301.007904053, "dvar": 129.768966675, "dmean": 8.86635398865, "max": 159.190231323, "var": 361.399017334, "mean": 34.185585022}, "melbands_kurtosis": {"dmean2": 12.2061595917, "median": 6.74564123154, "min": -1.95936310291, "dvar2": 629.817077637, "dvar": 251.723876953, "dmean": 7.5601773262, "max": 370.161407471, "var": 489.478729248, "mean": 13.7371225357}, "melbands": {"dmean2": [0.000595278630499, 0.00168471655343, 0.00158557179384, 0.000617307494394, 0.000366555090295, 0.000443424622063, 0.000236782652792, 0.000209423189517, 0.000109529930342, 8.69049326866e-05, 0.000118619012937, 5.94483462919e-05, 5.77888058615e-05, 5.45786206203e-05, 6.31686270935e-05, 4.80370326841e-05, 4.73994477943e-05, 3.42395542248e-05, 2.78166244243e-05, 2.08411820495e-05, 1.23446179714e-05, 1.35254758789e-05, 1.24487878566e-05, 1.08079193524e-05, 8.57