{"tonal": {"thpcp": [1, 0.753398299217, 0.221064046025, 0.0957529321313, 0.0771592855453, 0.0900855138898, 0.172284409404, 0.199458822608, 0.136650413275, 0.182415887713, 0.223906040192, 0.170282259583, 0.155769526958, 0.163934439421, 0.174900338054, 0.22807250917, 0.24950273335, 0.196956783533, 0.178717836738, 0.199348703027, 0.226374834776, 0.343818247318, 0.346175581217, 0.211081907153, 0.161467522383, 0.134322717786, 0.104442834854, 0.103823140264, 0.114057280123, 0.110170379281, 0.115476734936, 0.11953291297, 0.0956244692206, 0.0730946213007, 0.0784385949373, 0.456460744143], "hpcp": {"dmean2": [0.188720688224, 0.211104124784, 0.206527113914, 0.206602662802, 0.246800705791, 0.231895059347, 0.217501834035, 0.277472048998, 0.288323402405, 0.289186865091, 0.248100459576, 0.18415248394, 0.153589531779, 0.150315329432, 0.129006549716, 0.1273676157, 0.133912876248, 0.128756895661, 0.126400187612, 0.128089785576, 0.111817345023, 0.0919286683202, 0.103105172515, 0.240465149283, 0.396119356155, 0.304955929518, 0.178896486759, 0.113457523286, 0.0923244133592, 0.100273706019, 0.143808797002, 0.160812705755, 0.143817454576, 0.169441685081, 0.177245736122, 0.165060892701], "median": [0.00510030146688, 0.00390047230758, 0.00455296831205, 0.00941724795848, 0.011469383724, 0.00725771812722, 0.00323932664469, 0.00363576854579, 0.0150579446927, 0.0313221365213, 0.0286329817027, 0.0125342803076, 0.00415162788704, 0.00319979269989, 0.0026277534198, 0.00219121202826, 0.00230204104446, 0.00307111255825, 0.00468786479905, 0.00461707031354, 0.00287675624713, 0.00141897785943, 0.00154241279233, 0.139986678958, 0.483294636011, 0.446342915297, 0.01254071109, 0.00225711753592, 0.00146309868433, 0.00288426713087, 0.00679081771523, 0.00720275612548, 0.00499162031338, 0.00785729568452, 0.010453145951, 0.00814421009272], "min": [0, 0, 0, 0, 0, 0, 0, 0, 0, 0, 6.7151819394e-07, 1.97903951005e-08, 0, 0, 0, 0, 0, 0, 0, 0, 0, 0, 0, 1.06421161661e-07, 1.77717788574e-06, 7.23267976355e-06, 4.36195193743e-07, 0, 0, 0, 0, 0, 0, 4.71921097756e-08, 3.03507476929e-07, 1.97549411496e-07], "dvar2": [0.133695915341, 0.156822353601, 0.143729045987, 0.13236092031, 0.167030408978, 0.163519144058, 0.148560985923, 0.222523182631, 0.195798873901, 0.174044430256, 0.137407630682, 0.100168280303, 0.104179762304, 0.0995923802257, 0.0845728293061, 0.0852029919624, 0.0885454937816, 0.0846861824393, 0.07699008286, 0.0774652287364, 0.0685841664672, 0.0592163465917, 0.067977309227, 0.095618635416, 0.201602175832, 0.123466216028, 0.0926625132561, 0.0674244388938, 0.0528336949646, 0.0526205189526, 0.0833662524819, 0.108412198722, 0.0859865322709, 0.108125038445, 0.10232847929, 0.0969965755939], "dvar": [0.0477054491639, 0.055102635175, 0.0507813878357, 0.0483316741884, 0.0594543218613, 0.0582568645477, 0.0546993501484, 0.0810098052025, 0.0695690363646, 0.0638365522027, 0.0520459040999, 0.0361140109599, 0.0378458052874, 0.0357038155198, 0.0297276563942, 0.0299079567194, 0.0311230588704, 0.0294527634978, 0.0270342938602, 0.0277904048562, 0.0245865043253, 0.0207472015172, 0.0235855262727, 0.0379467941821, 0.0925760939717, 0.0510943755507, 0.0328911952674, 0.0237505752593, 0.0186654198915, 0.0187959112227, 0.0305359587073, 0.0398443005979, 0.0305407959968, 0.0392600782216, 0.038387387991, 0.0348780378699], "dmean": [0.101271681488, 0.111844927073, 0.1108590886, 0.112561956048, 0.133576348424, 0.125447288156, 0.117836646736, 0.14594450593, 0.153327420354, 0.159167125821, 0.138885915279, 0.102866336703, 0.0838133990765, 0.0820054709911, 0.0692815333605, 0.0678803026676, 0.0716174095869, 0.0689450874925, 0.0689953863621, 0.0705678313971, 0.0601509064436, 0.0491809546947, 0.0546272732317, 0.135775789618, 0.224399626255, 0.174038484693, 0.100525610149, 0.0615173541009, 0.0497243218124, 0.0545904748142, 0.0797573328018, 0.088970541954, 0.0782511383295, 0.0950169041753, 0.100210398436, 0.0917295366526], "max": [1, 1, 1, 1, 1, 1, 1, 1, 1, 1, 1, 1, 1, 1, 1, 1, 1, 1, 1, 1, 1, 1, 1, 1, 1, 1, 1, 1, 1, 1, 1, 1, 1, 1, 1, 1], "var": [0.0363886095583, 0.0414446480572, 0.0402982570231, 0.0571849048138, 0.0610341727734, 0.0455420203507, 0.0436068959534, 0.0569521635771, 0.049071457237, 0.0773265212774, 0.0808485671878, 0.0389520525932, 0.0414025783539, 0.0291411969811, 0.0213428754359, 0.0217062495649, 0.0230619776994, 0.0210499707609, 0.0199041292071, 0.021079428494, 0.0181822311133, 0.0143487732857, 0.016439428553, 0.0554157346487, 0.181680336595, 0.110028319061, 0.0391340106726, 0.0189109742641, 0.0145768122748, 0.0149443354458, 0.03821958974, 0.0514490641654, 0.0242323987186, 0.0395099371672, 0.0525488369167, 0.0311957150698], "mean": [0.0785354450345, 0.0826520100236, 0.0881807655096, 0.114988960326, 0.125793591142, 0.099301122129, 0.090105459094, 0.100507073104, 0.114133030176, 0.173345327377, 0.174533843994, 0.106422685087, 0.0814082473516, 0.0677224546671, 0.0526576973498, 0.0523452609777, 0.057505082339, 0.0555453933775, 0.0582207366824, 0.0602657720447, 0.0482116788626, 0.0368526428938, 0.0395469516516, 0.230137109756, 0.504177212715, 0.37984624505, 0.111455455422, 0.0482764467597, 0.0389019548893, 0.0454190634191, 0.0868618711829, 0.100562594831, 0.0688960254192, 0.0919699370861, 0.11288832128, 0.0858524367213]}, "tuning_equal_tempered_deviation": 0.171459540725, "chords_changes_rate": 0.0436181612313, "key_key": "A#", "tuning_diatonic_strength": 0.599207341671, "key_scale": "minor", "chords_number_rate": 0.000953402428422, "tuning_frequency": 434.193115234, "tuning_nontempered_energy_ratio": 0.853374540806, "chords_histogram": [10.2014064789, 2.56226921082, 56.0600662231, 0, 0.321773320436, 0.166845425963, 0.560123920441, 4.71934223175, 1.38243353367, 20.414730072, 0, 1.58503162861, 0.023835061118, 0.238350614905, 0.023835061118, 0.023835061118, 0.45286616683, 1.19175302982, 0, 0, 0, 0.023835061118, 0, 0.047670122236], "key_strength": 0.678105175495, "chords_key": "F", "chords_strength": {"dmean2": 0.00843188539147, "median": 0.529524624348, "min": 0.256324350834, "dvar2": 5.69680923945e-05, "dvar": 3.4764278098e-05, "dmean": 0.00640354026109, "max": 0.792199552059, "var": 0.00632994063199, "mean": 0.521545410156}, "chords_scale": "minor", "hpcp_entropy": {"dmean2": 1.12436211109, "median": 1.82573413849, "min": 0.0390022546053, "dvar2": 0.788871526718, "dvar": 0.288930594921, "dmean": 0.664864182472, "max": 4.38800287247, "var": 0.589008033276, "mean": 1.85212814808}}, "metadata": {"audio_properties": {"equal_loudness": 0, "codec": "flac", "downmix": "mix", "sample_rate": 44100, "analysis_sample_rate": 44100, "bit_rate": 0, "md5_encoded": "bf845b5363e9d9031693789942669880", "length": 389.613342285, "replay_gain": -11.6971378326, "lossless": true}, "version": {"essentia_build_sha": "70f2e5ece6736b2c40cc944ad0e695b16b925413", "essentia": "2.1-beta2", "extractor": "music 1.0", "essentia_git_sha": "v2.1_beta2"}, "tags": {"title": ["80211GOD"], "language": ["eng"], "media": ["CD"], "albumartist": ["Airwave"], "tracktotal": ["30"], "musicbrainz_releasegroupid": ["843c0d2e-4aee-327f-8798-c449179400c9"], "performer": ["Airwave"], "musicbrainz_recordingid": ["0b9cd920-93f4-4609-bd18-3dde11afb618"], "musicbrainz_albumartistid": ["def65e2b-b632-4fef-a375-584ffe07dce9"], "discnumber": ["3"], "album": ["Trilogique"], "catalognumber": ["ZYX 20753-2"], "releasecountry": ["BE"], "compilation": ["0"], "originaldate": ["2006-4-17"], "acoustid_fingerprint": ["AQADtMoVjdGSoA-aM8MphP_hf8HV43ok6Ao247Ci10HPIqeKL0SuBc_04LegnYcnIXxx_DiF_jo8HLmOQ9_xwpCHXwgtYj4ufcO1ozlRSeqxa0cb8Uh3Eb-g4Zko4srR8Ap6_fiTo08E5Tr-wxWPy3BEXBGPL7ngoza-5LiG60Kz7aheAeptlFP0Y4oe4BH0aER17Pjx4_rh1JpwHtoa4TpOQY_BP0NoNA--rPhBTrzQED9SJzx0Gld44zy8o8-CH7qO5uhT3EUfVodzPMvxC7r04SXSX0Xx5kUTEyG5PGiXz9AynsjxHx0bNB8uHjkvHGUffLB1xEcpGx-aHz2D6wgrbWh6Hpy6Q-eO70cLKjjUHz-YuMIVtE6MMGounCGy60evg3ooGdrm48eZ9mCME-Jw2fiFX4i3fLByB7-OpkfO4Il2ND-qNpBd48qDZsahC4ejH91z5FKLdjbChBR-vIeW8EYvHc9OZOl-nBq89-CRC5we6H_QH7kWF02bUOgn9IJf5KnwhfCHbrpycEo2aGTCQzyOw_txJw6qqnhRSdzRjNmDozTcEarWB98ecNuG_-DhCjquxsE_XGFhTbQQ60kDf6gd5FnQbKFRUTW-Q_5uVMrg4sdzOLqKP8iP50izE-U79MF7iDaOH2yP_EgzdN3xIdThj_CFR8cP40I8iFI3UKGI8sE_40HzQy-Ft7Dy4dHx43gHS4F-vPCDzwt0fPnhe7hzfBXyrIbfDnmUFVdxPIelCIf-wseXB3rxH2Z03MGP30jfIc-GVzjuQWQUHB_8hvhy9NB6w-FH_LiK30jfIc9W_HggWMqO4_CLp4S-48KXE46D8_iR_siV4WMFPLCUHTqOF35KtDu0G18-wg9uHhesd7gy46Mm4DB5fIeOF34OfcdT4Qsc5_hxvIOfGY9YHMc7mIG84yH84Dsu6CfhUMad4_gHv8WjHC-ON4cZQT9e-HhK6Bf-w9Xx4D1y9vCRZyt-HHo6WIrw4_CPLyUO_RZOeXCc46vwrEb6Dnm24iqOw1IGHYff4jl-6Ba-HI6DU8WP9EeeDa9wwMw6yMfxwk-JdtBO4csJxynO4xf8Dl9mXKxwHJayQ8fxws_xedCF54Qf_DjyDn5m5BEr4CH-QJSCHy_84PMCHc8Pxx7uHEeqD2-RRzleHG8OM4KOv_CD74GO74er485x_IPf4lGOH-rxaEPK6PjxCj7yBZUekLvRD2I-9Mel6Xg-9MmR2sdJ9MGPwnHxFKkgRdKHZw_-GT3Et8dvWJmG7xnu49AJS9mD43hhLiX6Q7vx5YSf4lqo4itSvUOuzPioCTgsZceh44WfQ9_xW3gOx8GPH-_gZ8YjVsADMzt-6Hjhp0Q7aBeeH346_PjhdziNR1nx4rgPM9CPF36g77iEH66O5zjyw2-HPMqKHw9-iFLw44WPL11w6D8cysOd4xVy1vA75NmKqzh-WIoCHT_848uhC__x6HAc_PgF_3g2vMJxD2YUyMfht_hSood24_kIP3h4nBXSH3mUFefxQLCUHcfxws-hz8OF5xn84FTxI--QPjMesQIeQlb2wMfxwk-JdkcPdTkJP8W18PgqWO_wzHhETcBxH2YO6C_8HPqOC18Ox8dz_Hjhf3iU43jwwwzkHS_8oJ2JXtB_OJSHO8dxnoPf4lFWXMXxHJYiHPoLH_rxecJ_XB78FD9-pD_ybHiFQ_dgKQqOw2_xpcShG87yET--Hs8qIn2HPFtxFcdhKYOO44WfQ9_xW3gOx8GPH_7xKMNZ4TjM7JCP44WfEu2gXXieEX5wHr_gd8gVxcRHTfjxH_7xB8d1wU9b_PiJo_lx5DgPptWDw7xxHNRh_MCBA8dx_PhxQ0J-_Dgu_Dh848fxB_fxRkeuQzCPCwe2w8QvAMfxA9bx4Dm2Q_aF78CPHEfADz0OPbjR7BI-3Bd8AgAMHAYAAD8e4uCxAyd0iIXF44eP2jiO70J5Gn50HAfu4S4-_AIM-MR1_DihHyp3_Ig_XD1wWvDxLTwcacnxPDmqX8KvBD_-DPvRFE-R5vnwHDqPS8CB5_gHNS96tNGF_IGfBc_wGfGT44dqHiml48fxT_jxqMI14_iD3xp8pvgR6gZhAUIEEACIAMQJYpgSyAABmIMSCAFIIQAoJgkYhCAgiAAKEEAUEwYQIYQwiiDjhCCGMkEEIwgI4JgBwkBnCABIAGSGUIgBACQQSBCghFAaCQScAFwwRwQgQAgCiJAAEAGUIsZogAACAhFgBBBCAGaIEYgwoAAgSABCBDNEEEcIAAAIAhAAUCQuIAGIEWKBEMIoAIxghggAgANEAUIQAcBCJoQRAlghDIGCAUMcAEI4IQCBigkDDGfKCIEAskwYJTxWABmDrVSGAquAM4QC6wizwHgABACGAECoZUIUAIygAAkCKBBEEWqZGMAQKgQAVBBFKLBCJMUEEQEwIIgSxljhkQWEAQEAoAYZKwQjFhBBLBAMCQuMuI5ZYIwXAhgsIDACWyEIs4AJZYQgTAFAFKHAIsQsMMYLAQwRilDrPQKMGCUBYoIoQaiVyAIGEAOCKIOwFR5ZQIw3ADAkKCDWCcQsMN4AAQyGjAhshfAIAEM8EIIAgwUERgiJGIPEAsIARMYRwIggwABkHWBCGQUEUIYgYKkQyQrCAAKAGGOsEMUCIghABjEkkAXGCiGJBdQAARgSSDGDrRCEWSCMN4IwgwEEhALrBGIWGDGEAEYBRahlxCMAjCEaIGEIBYIoYahlEgFDmRFAAaEEYcAKkSwgQhwAmCAUGCsssoBgAAAghhkrBCMAEEFEAIQZgSwwRojrBLOACiGAUQIAQy0TogCgiDFCIECBIEoQapFIwHgpACBAKEKt98gCIghABjEkkBKGWSwksoAaABgQRBkjAEBMCOMMAYAZBKiQQBUDrODSGsmtNFcYgIyRhouTGIgWMaAYEM4Y4UR0xllphDNWGQAJ9MgppJijgAmUJILGG6CQ8gogZAQQDQjgjHBGIsOIEwYY45wCRAgFAAMYGOAUBAI4BAyCAAjCBUKAKQCEA0opkhiUkJoGkAAUCA"], "date": ["2006"], "file_name": "26 - 80211GOD.flac", "disctotal": ["3"], "acoustid_id": ["f5dd1de7-8e0a-43c4-b7a5-b4959cb26b1f"], "musicbrainz_artistid": ["def65e2b-b632-4fef-a375-584ffe07dce9"], "asin": ["B000D1PK6K"], "musicbrainz_albumid": ["eecc9f8b-15ec-4397-8fa0-be3e12fdb23a"], "artist": ["Airwave"], "tracknumber": ["26"], "artistsort": ["Airwave"], "bpm": ["0"], "label": ["ZYX Music"], "albumartistsort": ["Airwave"], "totaldiscs": ["3"], "script": ["Latn"], "totaltracks": ["30"]}}, "rhythm": {"bpm_histogram_first_peak_bpm": {"dmean2": 0, "median": 120, "min": 120, "dvar2": 0, "dvar": 0, "dmean": 0, "max": 120, "var": 0, "mean": 120}, "bpm": 120.008026123, "bpm_histogram_second_peak_spread": {"dmean2": 0, "median": 0.333333313465, "min": 0.333333313465, "dvar2": 0, "dvar": 0, "dmean": 0, "max": 0.333333313465, "var": 0, "mean": 0.333333313465}, "bpm_histogram_first_peak_weight": {"dmean2": 0, "median": 0.843187689781, "min": 0.843187689781, "dvar2": 0, "dvar": 0, "dmean": 0, "max": 0.843187689781, "var": 0, "mean": 0.843187689781}, "onset_rate": 4.68392086029, "beats_position": [0.46439909935, 0.952018141747, 1.43963718414, 1.92725622654, 2.42648530006, 2.92571425438, 3.42494320869, 3.92417216301, 4.42340135574, 4.92263031006, 5.42185926437, 5.92108821869, 6.43192720413, 6.93115615845, 7.4303855896, 7.92961454391, 8.42884349823, 8.92807197571, 9.42730140686, 9.92653083801, 10.4257593155, 10.9249887466, 11.4242172241, 11.9234466553, 12.4226751328, 12.9102945328, 13.4211339951, 13.9319725037, 14.4312019348, 14.9304304123, 15.4296598434, 15.9288883209, 16.4281177521, 16.9273471832, 17.426574707, 17.9258041382, 18.4250335693, 18.9242630005, 19.4234924316, 19.9227199554, 20.4335594177, 20.9327888489, 21.43201828, 21.9312477112, 22.430475235, 22.9297046661, 23.4289340973, 23.9281635284, 24.4273910522, 24.9266204834, 25.4258499146, 25.9250793457, 26.4243087769, 26.9235363007, 27.4227657318, 27.921995163, 28.4212245941, 28.9204521179, 29.4196815491, 29.9189109802, 30.4181404114, 30.9173698425, 31.4165973663, 31.9158267975, 32.4150543213, 32.9142837524, 33.4135131836, 33.9127426147, 34.4119720459, 34.9112014771, 35.4104309082, 35.9212684631, 36.4204978943, 36.9197273254, 37.4189567566, 37.9181861877, 38.4174156189, 38.91664505, 39.4158706665, 39.9151000977, 40.4143295288, 40.91355896, 41.4127883911, 41.9120178223, 42.4112472534, 42.9104766846, 43.4213142395, 43.9089317322, 44.4197731018, 44.919002533, 45.4182319641, 45.9174575806, 46.4166870117, 46.9159164429, 47.415145874, 47.9143753052, 48.4136047363, 48.9128341675, 49.4120635986, 49.9112930298, 50.4105224609, 50.9213600159, 51.420589447, 51.9198188782, 52.4190483093, 52.9182739258, 53.4175033569, 53.9167327881, 54.4159622192, 54.9151916504, 55.4144210815, 55.9136505127, 56.4128799438, 56.912109375, 57.4113349915, 57.9105644226, 58.4214057922, 58.9206352234, 59.4198646545, 59.919090271, 60.4183197021, 60.9175491333, 61.4167785645, 61.9160079956, 62.4152374268, 62.9144668579, 63.4136962891, 63.924533844, 64.4237594604, 64.9229888916, 65.4222183228, 65.9214477539, 66.4206771851, 66.9199066162, 67.4191360474, 67.9183654785, 68.4175949097, 68.9168243408, 69.416053772, 69.9152832031, 70.4145126343, 70.9137420654, 71.4129714966, 71.9122009277, 72.4114303589, 72.91065979, 73.4214935303, 73.9207229614, 74.4199523926, 74.9191818237, 75.4184112549, 75.917640686, 76.4168701172, 76.9160995483, 77.4153289795, 77.9145584106, 78.4137878418, 78.9130172729, 79.4122467041, 79.9114761353, 80.4223098755, 80.9215393066, 81.4207687378, 81.9199981689, 82.4192276001, 82.9184570312, 83.4176864624, 83.9169158936, 84.4161453247, 84.9153747559, 85.414604187, 85.9138336182, 86.4130630493, 86.9122848511, 87.4115142822, 87.9107437134, 88.4099731445, 88.9092025757, 89.4200439453, 89.9192733765, 90.4185028076, 90.9177322388, 91.4169616699, 91.9161911011, 92.4154205322, 92.9146499634, 93.4138793945, 93.9131011963, 94.4239425659, 94.9231719971, 95.4224014282, 95.9216308594, 96.4208602905, 96.9200897217, 97.4077072144, 97.9069366455, 98.4177780151, 98.9170074463, 99.4162368774, 99.9154663086, 100.41469574, 100.913917542, 101.424758911, 101.923988342, 102.423217773, 102.922447205, 103.421676636, 103.932518005, 104.431747437, 104.930976868, 105.430198669, 105.929428101, 106.428657532, 106.927886963, 107.427116394, 107.926345825, 108.425575256, 108.924804688, 109.435646057, 109.946479797, 110.434104919, 110.933334351, 111.432563782, 111.931785583, 112.431015015, 112.930244446, 113.429473877, 113.928703308, 114.427932739, 114.92716217, 115.426391602, 115.925621033, 116.424850464, 116.924079895, 117.423309326, 117.934150696, 118.433380127, 118.932601929, 119.43183136, 119.931060791, 120.430290222, 120.929519653, 121.428749084, 121.927978516, 122.427207947, 122.926437378, 123.425666809, 123.92489624, 124.424125671, 124.923355103, 125.434196472, 125.933418274, 126.432647705, 126.931877136, 127.431106567, 127.930335999, 128.42956543, 128.92880249, 129.428024292, 129.915649414, 130.414871216, 130.914108276, 131.413330078, 131.912567139, 132.41178894, 132.911010742, 133.421859741, 133.921081543, 134.420318604, 134.919540405, 135.418777466, 135.917999268, 136.417236328, 136.91645813, 137.41569519, 137.926528931, 138.425750732, 138.924987793, 139.424209595, 139.923446655, 140.422668457, 140.921905518, 141.421127319, 141.92036438, 142.419586182, 142.918823242, 143.418045044, 143.917282104, 144.416503906, 144.915740967, 145.414962769, 145.914199829, 146.413421631, 146.912643433, 147.411880493, 147.911102295, 148.421951294, 148.921173096, 149.420410156, 149.919631958, 150.418869019, 150.91809082, 151.417327881, 151.916549683, 152.415786743, 152.903396606, 153.414230347, 153.925079346, 154.424301147, 154.923538208, 155.42276001, 155.92199707, 156.421218872, 156.920455933, 157.419677734, 157.918914795, 158.418136597, 158.917373657, 159.416595459, 159.915817261, 160.42666626, 160.914276123, 161.413513184, 161.912734985, 162.411972046, 162.911193848, 163.422042847, 163.90965271, 164.420501709, 164.919723511, 165.418960571, 165.918182373, 166.417419434, 166.916641235, 167.415863037, 167.903488159, 168.414321899, 168.91355896, 169.412780762, 169.912017822, 170.422851562, 170.922088623, 171.421310425, 171.920547485, 172.419769287, 172.919006348, 173.418228149, 173.917449951, 174.42829895, 174.915908813, 175.415145874, 175.914367676, 176.425216675, 176.912826538, 177.412063599, 177.9112854, 178.410522461, 178.909744263, 179.420593262, 179.908203125, 180.419036865, 180.918273926, 181.417495728, 181.90512085, 182.41595459, 182.91519165, 183.414413452, 183.902038574, 184.412872314, 184.912109375, 185.422943115, 185.922180176, 186.421401978, 186.920639038, 187.41986084, 187.919082642, 188.418319702, 188.917541504, 189.416778564, 189.916000366, 190.426849365, 190.914459229, 191.425308228, 191.912918091, 192.42376709, 192.911376953, 193.422225952, 193.921447754, 194.432281494, 194.931518555, 195.430740356, 195.929977417, 196.429199219, 196.928436279, 197.427658081, 197.926895142, 198.426116943, 198.925354004, 199.424575806, 199.923812866, 200.423034668, 200.92225647, 201.42149353, 201.920715332, 202.419952393, 202.919174194, 203.418411255, 203.917633057, 204.428482056, 204.927703857, 205.426940918, 205.92616272, 206.42539978, 206.924621582, 207.423858643, 207.923080444, 208.422302246, 208.921539307, 209.420761108, 209.919998169, 210.419219971, 210.93006897, 211.429290771, 211.928527832, 212.427749634, 212.926986694, 213.426208496, 213.925445557, 214.424667358, 214.92388916, 215.423126221, 215.922348022, 216.421585083, 216.920806885, 217.420043945, 217.919265747, 218.430114746, 218.929336548, 219.428573608, 219.92779541, 220.427032471, 220.926254272, 221.425476074, 221.913101196, 222.423934937, 222.923171997, 223.422393799, 223.921630859, 224.420852661, 224.920089722, 225.419311523, 225.918548584, 226.417770386, 226.917007446, 227.416229248, 227.915466309, 228.41468811, 228.913925171, 229.413146973, 229.912384033, 230.423217773, 230.922439575, 231.421676636, 231.920898438, 232.420135498, 232.9193573, 233.41859436, 233.917816162, 234.417053223, 234.916275024, 235.415512085, 235.914733887, 236.413970947, 236.913192749, 237.412414551, 237.911651611, 238.410873413, 238.910110474, 239.409332275, 239.908569336, 240.419403076, 240.918640137, 241.417861938, 241.917098999, 242.416320801, 242.915557861, 243.414779663, 243.914016724, 244.413238525, 244.912460327, 245.423309326, 245.922531128, 246.421768188, 246.92098999, 247.420227051, 247.919448853, 248.418685913, 248.917907715, 249.417144775, 249.916366577, 250.415603638, 250.914825439, 251.414047241, 251.913284302, 252.412506104, 252.911743164, 253.410964966, 253.910202026, 254.409423828, 254.908660889, 255.419494629, 255.918731689, 256.41796875, 256.917175293, 257.416412354, 257.915649414, 258.414855957, 258.914093018, 259.413330078, 259.912567139, 260.423400879, 260.922637939, 261.421844482, 261.921081543, 262.420318604, 262.919555664, 263.418762207, 263.917999268, 264.417236328, 264.916442871, 265.415679932, 265.914916992, 266.414154053, 266.913360596, 267.412597656, 267.911834717, 268.411071777, 268.91027832, 269.421142578, 269.920349121, 270.419586182, 270.918823242, 271.418029785, 271.917266846, 272.416503906, 272.915740967, 273.41494751, 273.91418457, 274.413421631, 274.912658691, 275.411865234, 275.911102295, 276.421936035, 276.921173096, 277.420410156, 277.919647217, 278.41885376, 278.91809082, 279.417327881, 279.916534424, 280.415771484, 280.915008545, 281.414245605, 281.913452148, 282.412689209, 282.91192627, 283.41116333, 283.910369873, 284.409606934, 284.908843994, 285.419677734, 285.918914795, 286.418121338, 286.917358398, 287.416595459, 287.91583252, 288.415039062, 288.914276123, 289.413513184, 289.912750244, 290.423583984, 290.922821045, 291.422027588, 291.921264648, 292.420501709, 292.919708252, 293.418945312, 293.918182373, 294.417419434, 294.916625977, 295.415863037, 295.915100098, 296.425933838, 296.913543701, 297.412780762, 297.912017822, 298.411254883, 298.910461426, 299.421295166, 299.908935547, 300.419769287, 300.919006348, 301.418212891, 301.917449951, 302.416687012, 302.927520752, 303.415130615, 303.914367676, 304.413604736, 304.924438477, 305.423675537, 305.92288208, 306.422119141, 306.921356201, 307.420593262, 307.919799805, 308.419036865, 308.918273926, 309.417510986, 309.916717529, 310.427581787, 310.91519165, 311.414428711, 311.913635254, 312.424468994, 312.912109375, 313.411346436, 313.910552979, 314.421386719, 314.920623779, 315.41986084, 315.907470703, 316.418304443, 316.917541504, 317.416778564, 317.916015625, 318.415222168, 318.926086426, 319.413696289, 319.91293335, 320.412139893, 320.922973633, 321.422210693, 321.921447754, 322.420684814, 322.919891357, 323.419128418, 323.918365479, 324.417602539, 324.916809082, 325.42767334, 325.926879883, 326.426116943, 326.925354004, 327.424560547, 327.923797607, 328.423034668, 328.922271729, 329.421478271, 329.920715332, 330.419952393, 330.919189453, 331.418395996, 331.917633057, 332.416870117, 332.916107178, 333.415313721, 333.926147461, 334.425384521, 334.924621582, 335.423858643, 335.923065186, 336.422302246, 336.921539307, 337.420776367, 337.91998291, 338.419219971, 338.918457031, 339.417694092, 339.916900635, 340.416137695, 340.915374756, 341.426208496, 341.925445557, 342.4246521, 342.92388916, 343.423126221, 343.922363281, 344.421569824, 344.920806885, 345.420043945, 345.919281006, 346.418487549, 346.917724609, 347.41696167, 347.91619873, 348.415405273, 348.914642334, 349.413879395, 349.924713135, 350.423950195, 350.923156738, 351.422393799, 351.921630859, 352.42086792, 352.920074463, 353.430908203, 353.930145264, 354.429382324, 354.928619385, 355.427825928, 355.927062988, 356.426300049, 356.925537109, 357.424743652, 357.923980713, 358.423217773, 358.922454834, 359.421661377, 359.920898438, 360.420135498, 360.919372559, 361.418579102, 361.917816162, 362.417053223, 362.916259766, 363.415496826, 363.926330566, 364.425567627, 364.924804688, 365.424041748, 365.923248291, 366.422485352, 366.921722412, 367.420959473, 367.920166016, 368.419403076, 368.918640137, 369.429473877, 369.928710938, 370.42791748, 370.927154541, 371.426391602, 371.925628662, 372.424835205, 372.924072266, 373.423309326, 373.922546387, 374.42175293, 374.92098999, 375.420227051, 375.919464111, 376.418670654, 376.917907715, 377.428741455, 377.927978516, 378.427215576, 378.926422119, 379.42565918, 379.92489624, 380.43572998, 380.946563721, 381.457397461, 381.968261719, 382.479095459, 382.989929199, 383.431091309, 383.872283936, 384.313476562, 384.754638672, 385.207427979, 385.671844482, 386.136230469, 386.612243652, 387.088256836, 387.56427002, 388.051879883, 388.527893066, 389.01550293], "beats_loudness": {"dmean2": 0.304531008005, "median": 0.0601924024522, "min": 1.21399380077e-05, "dvar2": 0.0339779295027, "dvar": 0.0127753391862, "dmean": 0.154237776995, "max": 0.418442517519, "var": 0.0131658082828, "mean": 0.117826618254}, "danceability": 1.43179953098, "bpm_histogram_second_peak_weight": {"dmean2": 0, "median": 0.00514138815925, "min": 0.00514138815925, "dvar2": 0, "dvar": 0, "dmean": 0, "max": 0.00514138815925, "var": 0, "mean": 0.00514138815925}, "beats_count": 779, "bpm_histogram_second_peak_bpm": {"dmean2": 0, "median": 126, "min": 126, "dvar2": 0, "dvar": 0, "dmean": 0, "max": 126, "var": 0, "mean": 126}, "bpm_histogram_first_peak_spread": {"dmean2": 0, "median": 0.144719660282, "min": 0.144719660282, "dvar2": 0, "dvar": 0, "dmean": 0, "max": 0.144719660282, "var": 0, "mean": 0.144719660282}, "beats_loudness_band_ratio": {"dmean2": [0.688371300697, 0.23762345314, 0.179672986269, 0.229911446571, 0.0882541537285, 0.0642116367817], "median": [0.853008747101, 0.0437832064927, 0.0201960708946, 0.0261732675135, 0.00482114870101, 0.00237701577134], "min": [0.000851777323987, 0.000570464821067, 1.96631754079e-05, 1.43148872667e-06, 2.92610565111e-07, 3.00422954069e-07], "dvar2": [0.32946318388, 0.0459478273988, 0.0481352284551, 0.079094402492, 0.0154197951779, 0.0046290573664], "dvar": [0.107453629375, 0.0157902687788, 0.0179862994701, 0.0250179003924, 0.0051492145285, 0.00151671830099], "dmean": [0.357080221176, 0.124818362296, 0.100529931486, 0.124203778803, 0.0463828407228, 0.0337425246835], "max": [0.999355971813, 0.914960563183, 0.803555250168, 0.867564082146, 0.779658615589, 0.361947000027], "var": [0.133880794048, 0.0206613764167, 0.0202561356127, 0.0228720139712, 0.00557265989482, 0.00134488125332], "mean": [0.676307618618, 0.106046162546, 0.0865158736706, 0.0944628864527, 0.0341288782656, 0.0209381319582]}}, "lowlevel": {"barkbands_spread": {"dmean2": 8.15703773499, "median": 5.16184425354, "min": 0.0145308477804, "dvar2": 200.97819519, "dvar": 81.6883010864, "dmean": 4.86619663239, "max": 112.186439514, "var": 123.63041687, "mean": 8.86607933044}, "melbands_spread": {"dmean2": 7.0887594223, "median": 4.64570617676, "min": 0.169496804476, "dvar2": 121.784790039, "dvar": 49.33152771, "dmean": 4.33815860748, "max": 128.33934021, "var": 156.721572876, "mean": 9.6976776123}, "hfc": {"dmean2": 16.4025402069, "median": 11.1286001205, "min": 9.81407283689e-05, "dvar2": 2109.10351562, "dvar": 754.322998047, "dmean": 9.56189823151, "max": 300.851318359, "var": 526.193847656, "mean": 15.6174154282}, "barkbands_kurtosis": {"dmean2": 42.288684845, "median": 14.7327213287, "min": -1.94239091873, "dvar2": 8887.60644531, "dvar": 4107.19384766, "dmean": 28.5602798462, "max": 2140.75976562, "var": 7661.30224609, "mean": 42.8311309814}, "gfcc": {"mean": [-77.4763031006, 137.867584229, -98.4913864136, 12.0773162842, -32.0935974121, 18.4266548157, -12.4877786636, 4.07874393463, -10.5564231873, -3.16856360435, -6.40634441376, -2.08326816559, 2.61718177795], "icov": [[0.000198437730432, 0.000136031929287, 7.90163248894e-05, -0.000130601329147, -6.1302256654e-05, -0.000264904811047, -1.2372503079e-05, -0.000197225061129, 0.000184370263014, -9.48342349147e-05, 0.000170084807905, -0.000170571423951, -9.52546615736e-05], [0.000136031929287, 0.00190890929662, -0.000201765171369, 0.00100081542041, -0.00124398141634, 0.000676649156958, -0.00110778748058, 0.000697204086464, -0.00135503103957, 0.00280799623579, -0.0016995241167, 0.00215309043415, -0.000930293172132], [7.90163248894e-05, -0.000201765171369, 0.000696796167176, -0.000278976804111, -0.000112156158139, -0.000705780752469, 0.000364990293747, -0.000352856179234, 0.000444202887593, -0.000660658581182, 0.000394792936277, 4.67303243568e-06, 0.000129102641949], [-0.000130601329147, 0.00100081542041, -0.000278976804111, 0.00168401666451, -0.000755281886086, 0.000572772230953, -0.000988020561635, 0.00026285497006, -0.00130880798679, 0.00147010304499, -0.00106202648021, 0.00131993880495, 0.000381281191949], [-6.1302256654e-05, -0.00124398141634, -0.000112156158139, -0.000755281886086, 0.00316629582085, -0.000906655797735, -0.000421355332946, 4.61089039163e-05, 0.00032803544309, -0.00192533654626, 0.000803026894573, -0.000637667893898, -5.15534011356e-05], [-0.000264904811047, 0.000676649156958, -0.000705780752469, 0.000572772230953, -0.000906655797735, 0.00453503802419, -0.00177662319038, -0.00142019870691, -0.000248697237112, 0.000450413179351, -0.000324042572174, -0.000316741672577, 0.000949484761804], [-1.2372503079e-05, -0.00110778748058, 0.000364990293747, -0.000988020561635, -0.000421355332946, -0.00177662319038, 0.00705810589716, -0.000758676673286, -0.00330260652117, 0.001053698943, -0.0009068910731, 4.42916571046e-05, -0.00162115204148], [-0.000197225061129, 0.000697204086464, -0.000352856179234, 0.00026285497006, 4.61089039163e-05, -0.00142019870691, -0.000758676673286, 0.00680279824883, -0.00125796766952, -0.0009710851009, -0.00053916440811, 0.000475674314657, -0.000170988743776], [0.000184370263014, -0.00135503103957, 0.000444202887593, -0.00130880798679, 0.00032803544309, -0.000248697237112, -0.00330260652117, -0.00125796766952, 0.0126896090806, -0.00570881506428, -0.000120699754916, -2.48098222073e-05, -0.00115597771946], [-9.48342349147e-05, 0.00280799623579, -0.000660658581182, 0.00147010304499, -0.00192533654626, 0.000450413179351, 0.001053698943, -0.0009710851009, -0.00570881506428, 0.0197219382972, -0.00734557164833, 0.00133762392215, -0.00241350755095], [0.000170084807905, -0.0016995241167, 0.000394792936277, -0.00106202648021, 0.000803026894573, -0.000324042572174, -0.0009068910731, -0.00053916440811, -0.000120699754916, -0.00734557164833, 0.0173359774053, -0.00760021852329, 0.000504632014781], [-0.000170571423951, 0.00215309043415, 4.67303243568e-06, 0.00131993880495, -0.000637667893898, -0.000316741672577, 4.42916571046e-05, 0.000475674314657, -2.48098222073e-05, 0.00133762392215, -0.00760021852329, 0.0185400489718, -0.00492951180786], [-9.52546615736e-05, -0.000930293172132, 0.000129102641949, 0.000381281191949, -5.15534011356e-05, 0.000949484761804, -0.00162115204148, -0.000170988743776, -0.00115597771946, -0.00241350755095, 0.000504632014781, -0.00492951180786, 0.0177506022155]], "cov": [[12689.0292969, -4184.64550781, 850.435791016, 2095.56054688, -68.5268630981, 1553.01928711, -25.8231658936, 1101.86828613, -104.049438477, 478.446075439, 16.4348964691, 391.894622803, -110.790412903], [-4184.64550781, 3342.81665039, -271.979187012, -841.218566895, 700.492736816, -483.079071045, 509.412322998, -450.423034668, 295.90725708, -264.917999268, 69.6545715332, -251.4871521, 154.275039673], [850.435791016, -271.979187012, 2337.05615234, 542.8203125, 376.418792725, 606.796142578, 122.58429718, 318.56829834, 52.9388427734, 127.923774719, 11.4255962372, 1.35971713066, -34.5543327332], [2095.56054688, -841.218566895, 542.8203125, 1478.15197754, 267.331726074, 391.16418457, 248.557815552, 271.989532471, 154.3722229, 113.77999115, 52.6907119751, 24.878868103, -32.4323387146], [-68.5268630981, 700.492736816, 376.418792725, 267.331726074, 751.928344727, 216.882904053, 339.548614502, 62.7291488647, 190.877258301, 34.7854309082, 65.3656463623, -34.5943565369, 55.7569847107], [1553.01928711, -483.079071045, 606.796142578, 391.16418457, 216.882904053, 633.576843262, 175.920227051, 290.248260498, 76.2205276489, 111.526138306, 41.7775878906, 59.6767654419, -8.68420505524], [-25.8231658936, 509.412322998, 122.58429718, 248.557815552, 339.548614502, 175.920227051, 441.496520996, 77.6376800537, 208.43031311, 19.4486942291, 75.0731735229, -19.4409065247, 61.659198761], [1101.86828613, -450.423034668, 318.56829834, 271.989532471, 62.7291488647, 290.248260498, 77.6376800537, 322.182067871, 51.704624176, 94.5263290405, 32.3569374084, 47.5130996704, -2.50711941719], [-104.049438477, 295.90725708, 52.9388427734, 154.3722229, 190.877258301, 76.2205276489, 208.43031311, 51.704624176, 205.657821655, 42.9418296814, 58.3160438538, -7.85931062698, 42.651473999], [478.446075439, -264.917999268, 127.923774719, 113.77999115, 34.7854309082, 111.526138306, 19.4486942291, 94.5263290405, 42.9418296814, 119.276168823, 46.3562660217, 41.1091918945, 11.2439908981], [16.4348964691, 69.6545715332, 11.4255962372, 52.6907119751, 65.3656463623, 41.7775878906, 75.0731735229, 32.3569374084, 58.3160438538, 46.3562660217, 105.496704102, 36.8857192993, 24.9920959473], [391.894622803, -251.4871521, 1.35971713066, 24.878868103, -34.5943565369, 59.6767654419, -19.4409065247, 47.5130996704, -7.85931062698, 41.1091918945, 36.8857192993, 99.9110412598, 15.5433940887], [-110.790412903, 154.275039673, -34.5543327332, -32.4323387146, 55.7569847107, -8.68420505524, 61.659198761, -2.50711941719, 42.651473999, 11.2439908981, 24.9920959473, 15.5433940887, 78.9210357666]]}, "spectral_energyband_middle_low": {"dmean2": 0.0157355666161, "median": 0.00305830384605, "min": 8.77972752278e-08, "dvar2": 0.00127776386216, "dvar": 0.000498383014929, "dmean": 0.00930907577276, "max": 0.165300905704, "var": 0.000379509787308, "mean": 0.00896047987044}, "melbands_crest": {"dmean2": 6.90952920914, "median": 23.1572666168, "min": 2.88624048233, "dvar2": 41.6572723389, "dvar": 17.2322254181, "dmean": 4.14440250397, "max": 37.3841514587, "var": 88.0094604492, "mean": 22.3473300934}, "spectral_kurtosis": {"dmean2": 17.2526683807, "median": 7.31934165955, "min": -1.23686742783, "dvar2": 940.111633301, "dvar": 378.977081299, "dmean": 10.4438047409, "max": 456.786010742, "var": 1791.39355469, "mean": 21.8689537048}, "spectral_rms": {"dmean2": 0.00231402879581, "median": 0.0084046786651, "min": 9.54412553256e-06, "dvar2": 7.86506370787e-06, "dvar": 3.56943519364e-06, "dmean": 0.001560194185, "max": 0.0205813515931, "var": 2.39815126406e-05, "mean": 0.00797144882381}, "zerocrossingrate": {"dmean2": 0.00955711863935, "median": 0.0166015625, "min": 0.00146484375, "dvar2": 0.000164173703524, "dvar": 0.000110553686682, "dmean": 0.00714249536395, "max": 0.2216796875, "var": 0.000659527897369, "mean": 0.0261018779129}, "silence_rate_60dB": {"dmean2": 0.0636509954929, "median": 0, "min": 0, "dvar2": 0.0687708929181, "dvar": 0.030805952847, "dmean": 0.0318235978484, "max": 1, "var": 0.111077256501, "mean": 0.127286806703}, "erbbands_kurtosis": {"dmean2": 3.64271259308, "median": 0.546276092529, "min": -1.86121320724, "dvar2": 66.6275177002, "dvar": 32.9637641907, "dmean": 2.35466074944, "max": 297.673065186, "var": 74.9046783447, "mean": 2.33733010292}, "erbbands": {"dmean2": [1.79862570763, 9.901222229, 19.7832698822, 25.950170517, 26.2202129364, 21.0286769867, 13.438492775, 11.8091211319, 8.40695762634, 8.24139690399, 5.56769227982, 35.0911331177, 27.483455658, 27.3065834045, 53.7741851807, 13.647977829, 10.4447870255, 10.8481502533, 10.8622245789, 10.1018772125, 8.87830734253, 5.16420269012, 5.81003236771, 4.87867355347, 5.15639209747, 5.23436164856, 8.06499671936, 7.07141542435, 5.3788394928, 3.86723661423, 2.40930318832, 5.29269981384, 5.78280496597, 1.69886052608, 0.832064449787, 0.364579379559, 0.177258178592, 0.0567685961723, 0.012813270092, 0.0015524267219], "median": [1.88295948505, 4.99111127853, 1.94305419922, 1.83050119877, 1.32663702965, 1.52698504925, 1.86499631405, 3.92408370972, 2.26755857468, 2.53038287163, 2.56328368187, 9.22545146942, 9.81302452087, 6.90986204147, 10.7902431488, 7.40302085876, 4.83232831955, 4.26637744904, 4.02399396896, 3.33606743813, 2.25991606712, 1.34492993355, 1.11755847931, 0.909354567528, 0.726118326187, 0.482937633991, 0.404165685177, 0.280099928379, 0.225664392114, 0.166721507907, 0.0676566287875, 0.037526588887, 0.0319329872727, 0.0136351222172, 0.00409529125318, 0.00143015326466, 0.000505287083797, 0.000161892297911, 0.000107400534034, 0.000117581425002], "min": [2.33539210193e-09, 2.17693845173e-08, 4.2224641561e-07, 5.42146472071e-06, 2.4135079002e-05, 5.64552392461e-05, 0.000108743683086, 0.000315831101034, 4.25476428063e-05, 1.1569209164e-05, 5.69257645111e-06, 1.83587087577e-06, 7.55822702558e-06, 2.6365123631e-06, 1.47173204823e-06, 1.22817596093e-06, 1.0973363942e-06, 1.15884711249e-06, 6.24923302439e-07, 1.01966077182e-06, 6.70200961395e-07, 6.36943980226e-07, 8.37142408727e-07, 5.99673683155e-07, 7.93056301518e-07, 7.02508089034e-07, 8.74463751188e-07, 9.05664535367e-07, 5.5800978771e-07, 7.4473962286e-07, 8.30530382245e-07, 8.18917214929e-07, 9.25735321289e-07, 7.20546211141e-07, 4.46273816124e-07, 2.97381575365e-07, 1.34582535338e-07, 6.42642277171e-08, 4.29412203573e-08, 4.02563493651e-08], "dvar2": [10.5497770309, 284.183929443, 2121.375, 4751.49853516, 5569.02832031, 2868.94262695, 1081.00500488, 615.589294434, 378.563293457, 357.55065918, 92.5709915161, 4087.41259766, 3704.99731445, 6710.83300781, 13889.0332031, 409.012054443, 281.108093262, 315.036804199, 408.480041504, 1150.00402832, 708.907409668, 143.906143188, 171.557113647, 91.4356613159, 174.225112915, 321.315917969, 1102.94799805, 968.154785156, 430.448486328, 203.240753174, 62.8515319824, 185.818603516, 411.533599854, 20.1731204987, 4.91376590729, 1.58258473873, 0.55686455965, 0.066954754293, 0.00434880889952, 6.53672468616e-05], "dvar": [3.33153223991, 134.614120483, 1009.69989014, 1910.70556641, 2007.63903809, 1011.95031738, 380.845245361, 228.994934082, 139.825836182, 157.19140625, 36.8547897339, 1837.26953125, 1406.58972168, 2710.22827148, 5187.53808594, 155.886535645, 106.535949707, 119.528503418, 148.923690796, 472.656066895, 334.814361572, 53.5818328857, 61.5176277161, 33.4978561401, 61.7523612976, 115.306106567, 385.953277588, 345.854644775, 154.070083618, 72.0654296875, 22.5403652191, 66.3481216431, 144.974105835, 7.19261026382, 1.73347580433, 0.55567073822, 0.196063935757, 0.0238669868559, 0.00152976973914, 2.28999615501e-05], "dmean": [1.08531343937, 6.43704366684, 13.7126016617, 15.809671402, 14.4621076584, 11.3449850082, 7.35889053345, 7.1099858284, 4.89769506454, 5.10662794113, 3.39949655533, 23.2739925385, 17.3077392578, 16.6921844482, 32.4860839844, 8.19288635254, 6.23390245438, 6.44618463516, 6.22565221786, 5.98855161667, 5.33859491348, 2.98113751411, 3.25759339333, 2.71188783646, 2.83043551445, 2.8977060318, 4.34757375717, 3.86852383614, 2.93656659126, 2.10718131065, 1.30102515221, 2.8203959465, 3.0744509697, 0.907080769539, 0.440872222185, 0.193457409739, 0.0947977229953, 0.0306455623358, 0.00688425032422, 0.000836613122374], "max": [13.1975126266, 106.029052734, 288.234771729, 353.899200439, 350.692504883, 317.582458496, 227.399383545, 205.628570557, 249.945007324, 394.58996582, 117.007392883, 863.507995605, 681.139038086, 1641.37365723, 1175.63781738, 212.058242798, 175.01902771, 231.332672119, 307.720397949, 1101.53308105, 848.452758789, 276.731079102, 399.011016846, 163.033279419, 236.173751831, 137.347595215, 234.837753296, 197.233001709, 116.516777039, 89.5107116699, 45.8960723877, 63.8163909912, 141.509735107, 29.4079685211, 12.5839519501, 8.52935123444, 5.17520046234, 1.6327933073, 0.450938552618, 0.0565911382437], "var": [6.77078008652, 263.487731934, 1272.45605469, 1555.17175293, 1246.35583496, 595.9140625, 231.794525146, 200.64743042, 138.376815796, 293.153686523, 56.3850288391, 2710.01245117, 2634.4230957, 4429.48242188, 8527.62109375, 291.256866455, 154.847824097, 200.075119019, 169.218688965, 656.33026123, 695.457092285, 77.7961120605, 71.3522644043, 35.9208602905, 46.6477165222, 79.6112594604, 227.294937134, 212.14855957, 95.9524078369, 44.2291793823, 14.3879127502, 42.2211456299, 85.798828125, 4.61493825912, 1.07891941071, 0.333789914846, 0.115526348352, 0.0143759278581, 0.000889548449777, 1.31278357003e-05], "mean": [2.39143538475, 11.046459198, 14.5569429398, 12.9332065582, 10.0397100449, 7.84020233154, 6.01143217087, 8.58312511444, 5.73526620865, 7.51292419434, 4.8146033287, 28.7176094055, 27.5301074982, 25.3218326569, 45.1104888916, 13.2512321472, 8.85496902466, 9.3997592926, 8.28773117065, 8.68454647064, 7.87898445129, 4.03762340546, 3.80799102783, 3.04517388344, 2.75794959068, 2.66973900795, 3.2124376297, 2.84074735641, 2.14759993553, 1.59356820583, 0.992817759514, 1.8994127512, 2.01090550423, 0.656309902668, 0.304908484221, 0.132731258869, 0.0616838000715, 0.0196887366474, 0.00432323338464, 0.000590791692957]}, "spectral_strongpeak": {"dmean2": 0.589424729347, "median": 0.582242369652, "min": 0, "dvar2": 0.706832528114, "dvar": 0.287659227848, "dmean": 0.369357794523, "max": 12.4927301407, "var": 0.595001161098, "mean": 0.820464074612}, "spectral_energy": {"dmean2": 0.0478249937296, "median": 0.0724045932293, "min": 9.33675892156e-08, "dvar2": 0.00481630396098, "dvar": 0.00206819386221, "dmean": 0.0322227999568, "max": 0.434181839228, "var": 0.00741285225376, "mean": 0.0897134616971}, "average_loudness": 0.911096155643, "spectral_rolloff": {"dmean2": 570.9015