{"tonal": {"thpcp": [1, 0.562343418598, 0.277441471815, 0.251099973917, 0.349873840809, 0.700545012951, 0.878350317478, 0.644728064537, 0.742942333221, 0.885663628578, 0.586891293526, 0.368337452412, 0.321622669697, 0.314036041498, 0.466956049204, 0.560329735279, 0.410274356604, 0.275091230869, 0.213827773929, 0.239140123129, 0.547229468822, 0.770426869392, 0.62709569931, 0.644403100014, 0.780589938164, 0.562258958817, 0.344208180904, 0.329054474831, 0.339410841465, 0.71073871851, 0.953020691872, 0.580992996693, 0.30976742506, 0.277885109186, 0.388725578785, 0.861150443554], "hpcp": {"dmean2": [0.231915712357, 0.187606871128, 0.138188332319, 0.122975796461, 0.150290131569, 0.215952992439, 0.251065552235, 0.223006024957, 0.232827410102, 0.249678328633, 0.197766125202, 0.157291963696, 0.141785755754, 0.137784048915, 0.156492635608, 0.166347399354, 0.144319295883, 0.10966771096, 0.0951751098037, 0.116768375039, 0.189982950687, 0.221122100949, 0.216332018375, 0.2475181669, 0.233485937119, 0.198460295796, 0.172571823001, 0.151022180915, 0.157829254866, 0.215423882008, 0.220766201615, 0.18536105752, 0.145811647177, 0.126450195909, 0.158653065562, 0.214643537998], "median": [0.142119213939, 0.0756800100207, 0.0240086987615, 0.0212385710329, 0.0327682644129, 0.0927957445383, 0.123840376735, 0.101650983095, 0.101985931396, 0.123356491327, 0.0776790678501, 0.0375767052174, 0.033563438803, 0.030476976186, 0.0522114373744, 0.0653721690178, 0.0455697104335, 0.0271782763302, 0.0208279434592, 0.0180444456637, 0.0545011982322, 0.0816168636084, 0.0691888257861, 0.0770424008369, 0.0659210011363, 0.0422789119184, 0.0321625061333, 0.032458730042, 0.0344580933452, 0.0815648436546, 0.111784547567, 0.0725132375956, 0.0278597828001, 0.024323888123, 0.0356492549181, 0.11009901762], "min": [0, 0, 0, 0, 0, 0, 0, 0, 0, 0, 0, 0, 0, 0, 0, 0, 0, 0, 0, 0, 0, 0, 0, 0, 0, 0, 0, 0, 0, 0, 0, 0, 0, 0, 0, 0], "dvar2": [0.0882286727428, 0.0755013749003, 0.0657665133476, 0.0584608130157, 0.0700167492032, 0.0815401151776, 0.0992469415069, 0.0844826549292, 0.0914152935147, 0.107125639915, 0.0847461298108, 0.0732199400663, 0.0661479011178, 0.0616005957127, 0.0613137558103, 0.0639689490199, 0.0645089894533, 0.0444739870727, 0.0389834344387, 0.0542807653546, 0.0858914703131, 0.0938338860869, 0.0908640623093, 0.110691927373, 0.106883212924, 0.0942333713174, 0.085864469409, 0.0743486657739, 0.0701101124287, 0.090412825346, 0.0877305492759, 0.0750767663121, 0.0701694488525, 0.0557906366885, 0.0704883933067, 0.0859717205167], "dvar": [0.0369076393545, 0.0286813843995, 0.0247718431056, 0.022206582129, 0.0268465708941, 0.0322623215616, 0.0408023186028, 0.0319833010435, 0.035394128412, 0.0415735244751, 0.0322527103126, 0.0278621856123, 0.0254729129374, 0.0237575806677, 0.025044452399, 0.0261213183403, 0.0246145091951, 0.017653176561, 0.0146222785115, 0.020904019475, 0.0335288755596, 0.0378920026124, 0.0354322381318, 0.0423131324351, 0.0430438965559, 0.0359225682914, 0.0316684432328, 0.0272271353751, 0.0262389238924, 0.0348580293357, 0.0379891693592, 0.0283579565585, 0.027077158913, 0.0213096495718, 0.0268439278007, 0.0342373251915], "dmean": [0.139525741339, 0.110716678202, 0.0790753290057, 0.0702820196748, 0.0873203203082, 0.128182351589, 0.150117740035, 0.13088658452, 0.138210505247, 0.148043170571, 0.116325311363, 0.091052018106, 0.0826218873262, 0.0797428563237, 0.0937027707696, 0.100094862282, 0.0853879898787, 0.0644517466426, 0.0548180565238, 0.0673785358667, 0.112018801272, 0.13207359612, 0.127502650023, 0.144445627928, 0.136959120631, 0.115646526217, 0.0975191369653, 0.0865926295519, 0.0905988290906, 0.129158750176, 0.134463489056, 0.110386930406, 0.0840473249555, 0.0733151212335, 0.0913342833519, 0.129450038075], "max": [1, 1, 1, 1, 1, 1, 1, 1, 1, 1, 1, 1, 1, 1, 1, 1, 1, 1, 1, 1, 1, 1, 1, 1, 1, 1, 1, 1, 1, 1, 1, 1, 1, 1, 1, 1], "var": [0.103718161583, 0.0443815849721, 0.025301605463, 0.0233421269804, 0.0339922867715, 0.0635439753532, 0.0875057429075, 0.049710392952, 0.0682097002864, 0.0898411870003, 0.0526930242777, 0.0349282845855, 0.0287906881422, 0.0273914448917, 0.0424524657428, 0.0554097220302, 0.036954306066, 0.0235636644065, 0.0155459363014, 0.0223588012159, 0.0540230162442, 0.0855981633067, 0.0631109625101, 0.0603333264589, 0.0965611487627, 0.0610710158944, 0.0320054367185, 0.0284531451762, 0.0279068965465, 0.0675300359726, 0.109933070838, 0.0483319610357, 0.0286915097386, 0.0237306971103, 0.0379413925111, 0.0883036106825], "mean": [0.287690490484, 0.161780849099, 0.0798172727227, 0.0722390785813, 0.100655376911, 0.201540142298, 0.252693027258, 0.185482129455, 0.213737443089, 0.254797011614, 0.168843045831, 0.105967186391, 0.0925277844071, 0.0903451815248, 0.13433881104, 0.161201536655, 0.118032030761, 0.0791411325336, 0.0615162178874, 0.068798340857, 0.157432720065, 0.221644476056, 0.18040946126, 0.185388639569, 0.2245683074, 0.161756560206, 0.0990254208446, 0.0946658402681, 0.0976452678442, 0.204472765326, 0.27417498827, 0.167146161199, 0.0891171395779, 0.0799449011683, 0.111832655966, 0.24774479866]}, "tuning_equal_tempered_deviation": 0.030776059255, "chords_changes_rate": 0.0633565783501, "key_key": "C", "tuning_diatonic_strength": 0.606075942516, "key_scale": "major", "chords_number_rate": 0.00120221206453, "tuning_frequency": 442.548919678, "tuning_nontempered_energy_ratio": 0.703606843948, "chords_histogram": [11.7576341629, 19.0310173035, 10.5433998108, 0.408752113581, 0.589083909988, 0.516951203346, 2.28420305252, 1.5388314724, 4.94109153748, 0.661216616631, 0.384707868099, 0.324597269297, 0.120221205056, 0.877614796162, 0.336619377136, 1.88747298717, 0.721327245235, 0.516951203346, 0.396729975939, 0.384707868099, 0.324597269297, 4.24380874634, 22.6256313324, 14.5828323364], "key_strength": 0.755295157433, "chords_key": "F", "chords_strength": {"dmean2": 0.00990651547909, "median": 0.528055071831, "min": -1, "dvar2": 0.000552243203856, "dvar": 0.00030515040271, "dmean": 0.010624027811, "max": 0.88404071331, "var": 0.0204138290137, "mean": 0.520002901554}, "chords_scale": "major", "hpcp_entropy": {"dmean2": 1.06799030304, "median": 1.96009063721, "min": 0, "dvar2": 0.777751326561, "dvar": 0.295401155949, "dmean": 0.638434886932, "max": 4.59944391251, "var": 0.668781161308, "mean": 1.90044343472}}, "metadata": {"audio_properties": {"equal_loudness": 0, "codec": "flac", "downmix": "mix", "sample_rate": 44100, "analysis_sample_rate": 44100, "bit_rate": 0, "md5_encoded": "5d4b4408a3c3445459256e76a7fe9268", "length": 386.226654053, "replay_gain": -6.72709274292, "lossless": true}, "version": {"essentia_build_sha": "70f2e5ece6736b2c40cc944ad0e695b16b925413", "essentia": "2.1-beta2", "extractor": "music 1.0", "essentia_git_sha": "v2.1_beta2"}, "tags": {"title": ["All Along the Watchtower"], "barcode": ["074644750829"], "media": ["CD"], "albumartist": ["Indigo Girls"], "tracktotal": ["8"], "language": ["eng"], "releasetype": ["album", "live"], "musicbrainz_recordingid": ["0ba1b5f2-4ca8-45fa-a2c7-ed0fad2d75f3"], "musicbrainz_releasegroupid": ["986cce47-da4d-35b1-8b70-9dabc5c7b39a"], "musicbrainz_albumartistid": ["00c49f40-d715-4b79-b223-432048602cce"], "originalyear": ["1991"], "musicbrainz_releasetrackid": ["c2c61416-ad7c-3f77-8b49-59100b278115"], "discnumber": ["1"], "album": ["Back on the Bus, Y'all"], "catalognumber": ["EK 47508"], "releasecountry": ["US"], "file_name": "07. Indigo Girls - All Along the Watchtower.flac", "compilation": ["0"], "originaldate": ["1991-06-04"], "albumartistsort": ["Indigo Girls"], "date": ["1991-06-04"], "genre": ["Folk"], "disctotal": ["1"], "musicbrainz_artistid": ["00c49f40-d715-4b79-b223-432048602cce"], "asin": ["B0000027LL"], "musicbrainz_albumid": ["542e525f-0cf8-4b32-b52d-1c4a3e2866a8"], "artist": ["Indigo Girls"], "tracknumber": ["7"], "artistsort": ["Indigo Girls"], "bpm": ["0"], "label": ["Epic"], "releasestatus": ["official"], "totaldiscs": ["1"], "script": ["Latn"], "totaltracks": ["8"]}}, "rhythm": {"bpm_histogram_first_peak_bpm": {"dmean2": 0, "median": 178, "min": 178, "dvar2": 0, "dvar": 0, "dmean": 0, "max": 178, "var": 0, "mean": 178}, "bpm": 178.205749512, "bpm_histogram_second_peak_spread": {"dmean2": 0, "median": 0, "min": 0, "dvar2": 0, "dvar": 0, "dmean": 0, "max": 0, "var": 0, "mean": 0}, "bpm_histogram_first_peak_weight": {"dmean2": 0, "median": 0.225409835577, "min": 0.225409835577, "dvar2": 0, "dvar": 0, "dmean": 0, "max": 0.225409835577, "var": 0, "mean": 0.225409835577}, "onset_rate": 4.17874097824, "beats_position": [0.429569154978, 0.882358253002, 1.3235373497, 1.75310659409, 2.18267560005, 2.61224484444, 3.06503391266, 3.50621318817, 3.93578219414, 4.37696123123, 4.80653047562, 5.23609972, 5.66566896439, 6.09523820877, 6.52480697632, 6.9543762207, 7.38394546509, 7.80190467834, 8.23147392273, 8.66104316711, 9.05578231812, 9.46213150024, 9.86848068237, 10.2632198334, 10.6579589844, 11.0526981354, 11.4358272552, 11.8305664062, 12.2136955261, 12.5968255997, 12.9799547195, 13.3630838394, 13.6881628036, 14.0132427216, 14.3383216858, 14.6750106812, 15.0000905991, 15.3251695633, 15.6502494812, 15.9753284454, 16.3004074097, 16.6254863739, 16.9505672455, 17.2756462097, 17.600725174, 17.9141941071, 18.2276649475, 18.5527439117, 18.877822876, 19.2029018402, 19.5279808044, 19.8414516449, 20.154920578, 20.4799995422, 20.7934684753, 21.1069393158, 21.43201828, 21.7570972443, 22.0821762085, 22.4072551727, 22.7323360443, 23.0574150085, 23.3824939728, 23.707572937, 24.0442619324, 24.369342804, 24.6944217682, 25.0078907013, 25.3329696655, 25.6580486298, 25.9831295013, 26.3082084656, 26.6332874298, 26.958366394, 27.2834453583, 27.6085262299, 27.9336051941, 28.2586841583, 28.5837631226, 28.897233963, 29.2107028961, 29.5357818604, 29.8608608246, 30.1859397888, 30.5110206604, 30.8244895935, 31.1379585266, 31.4630374908, 31.7997264862, 32.1364173889, 32.4731063843, 32.8097953796, 33.1580963135, 33.5063934326, 33.8663024902, 34.2262115479, 34.5745124817, 34.9112014771, 35.2478904724, 35.572971344, 35.9096603394, 36.2347373962, 36.5714263916, 36.908115387, 37.244808197, 37.5698852539, 37.8949661255, 38.2200431824, 38.545124054, 38.8702049255, 39.2068939209, 39.5435829163, 39.8802719116, 40.216960907, 40.5420417786, 40.8671188354, 41.2038078308, 41.5404968262, 41.8771858215, 42.2138786316, 42.5621757507, 42.9104766846, 43.2471656799, 43.5954627991, 43.9321517944, 44.2688446045, 44.6055335999, 44.9422225952, 45.2789115906, 45.6156005859, 45.9638977051, 46.3238105774, 46.6953277588, 47.0552368164, 47.4035377502, 47.7402267456, 48.076915741, 48.4252128601, 48.7619056702, 49.0869827271, 49.4236717224, 49.7603607178, 50.0970497131, 50.4337387085, 50.7588195801, 51.0839004517, 51.4089775085, 51.7456665039, 52.0707473755, 52.3958282471, 52.7325172424, 53.0808143616, 53.4058952332, 53.7425842285, 54.0792732239, 54.4159622192, 54.7526512146, 55.0777320862, 55.4144210815, 55.7511100769, 56.0877990723, 56.4244880676, 56.761177063, 57.0978660583, 57.4345550537, 57.7712478638, 58.1195449829, 58.4562339783, 58.7929229736, 59.1180038452, 59.4546928406, 59.7913818359, 60.1164627075, 60.4531517029, 60.7898406982, 61.1149177551, 61.4283905029, 61.7534675598, 62.0901565552, 62.4152374268, 62.7403144836, 63.0653953552, 63.3904762268, 63.7155532837, 64.0522460938, 64.3889312744, 64.7256240845, 65.0623092651, 65.3873901367, 65.7240829468, 66.0607681274, 66.3974609375, 66.7225418091, 67.0476150513, 67.3726959229, 67.6977767944, 68.0344696045, 68.3595428467, 68.6962356567, 69.0329208374, 69.3696136475, 69.694694519, 70.0313796997, 70.3680725098, 70.7047576904, 71.029838562, 71.3549194336, 71.6916122437, 72.0282974243, 72.3533782959, 72.6784591675, 73.0035324097, 73.3286132812, 73.6536941528, 73.9787750244, 74.303855896, 74.6289291382, 74.9540100098, 75.2790908813, 75.6041717529, 75.9408569336, 76.2775497437, 76.6026306152, 76.9277114868, 77.252784729, 77.5778656006, 77.9145584106, 78.2512435913, 78.5995483398, 78.947845459, 79.2845306396, 79.6212234497, 79.9463043213, 80.2713851929, 80.5964584351, 80.9215393066, 81.2466201782, 81.5600891113, 81.8851699829, 82.2218551636, 82.5585479736, 82.9068450928, 83.2667541504, 83.626663208, 83.9865722656, 84.3348770142, 84.6715621948, 85.0082550049, 85.3333282471, 85.6700210571, 86.0067138672, 86.3317871094, 86.656867981, 86.9819488525, 87.3070297241, 87.6321105957, 87.9571838379, 88.2822647095, 88.6073455811, 88.9324264526, 89.2575073242, 89.5825805664, 89.9192733765, 90.2559585571, 90.5926513672, 90.9293441772, 91.2660293579, 91.602722168, 91.9277954102, 92.2528762817, 92.5779571533, 92.9030380249, 93.2397232056, 93.5648040771, 93.8898849487, 94.2149658203, 94.5400466919, 94.8767318726, 95.2134246826, 95.5501098633, 95.8751907349, 96.2002716064, 96.525352478, 96.8620376587, 97.1987304688, 97.5354156494, 97.860496521, 98.1971893311, 98.5222625732, 98.8473434448, 99.1724243164, 99.497505188, 99.8341903687, 100.170883179, 100.519180298, 100.855873108, 101.192558289, 101.529251099, 101.865936279, 102.202629089, 102.53931427, 102.87600708, 103.201087952, 103.526168823, 103.862854004, 104.199546814, 104.536231995, 104.861312866, 105.186393738, 105.523078918, 105.859771729, 106.1848526, 106.521537781, 106.858230591, 107.194915771, 107.531608582, 107.856689453, 108.193374634, 108.530067444, 108.866752625, 109.203445435, 109.540130615, 109.876823425, 110.201904297, 110.526985168, 110.840454102, 111.177139282, 111.513832092, 111.850517273, 112.175598145, 112.500679016, 112.825759888, 113.15083313, 113.475914001, 113.800994873, 114.126075745, 114.451156616, 114.776237488, 115.10131073, 115.426391602, 115.751472473, 116.088157654, 116.413238525, 116.738319397, 117.063400269, 117.38848114, 117.701950073, 118.027030945, 118.352104187, 118.677185059, 119.00226593, 119.327346802, 119.652427673, 119.965896606, 120.290969849, 120.627662659, 120.95274353, 121.277824402, 121.602897644, 121.939590454, 122.276275635, 122.601356506, 122.926437378, 123.25151825, 123.576599121, 123.901672363, 124.226753235, 124.551834106, 124.888526917, 125.213600159, 125.550292969, 125.87537384, 126.212059021, 126.548751831, 126.873832703, 127.198905945, 127.535598755, 127.872291565, 128.208984375, 128.545669556, 128.870742798, 129.207427979, 129.544128418, 129.880813599, 130.217498779, 130.54258728, 130.879272461, 131.215957642, 131.564254761, 131.912567139, 132.249252319, 132.609161377, 132.969070435, 133.328979492, 133.677276611, 134.02557373, 134.385482788, 134.745391846, 135.116912842, 135.488433838, 135.859954834, 136.219863892, 136.719085693, 137.206710815, 137.694335938, 138.181945801, 138.657958984, 139.145568848, 139.63319397, 140.109207153, 140.585220337, 141.061218262, 141.455963135, 141.839096069, 142.222213745, 142.60534668, 142.976867676, 143.336776733, 143.685073853, 144.04498291, 144.404891968, 144.764801025, 145.124710083, 145.496231079, 145.856140137, 146.204437256, 146.564346313, 146.924255371, 147.284164429, 147.632461548, 147.980773926, 148.317459106, 148.654144287, 149.002441406, 149.339141846, 149.687438965, 150.024124146, 150.360809326, 150.697509766, 151.045806885, 151.394104004, 151.730789185, 152.067474365, 152.404174805, 152.740859985, 153.065933228, 153.391021729, 153.727706909, 154.052780151, 154.389480591, 154.726165771, 155.062850952, 155.411148071, 155.747848511, 156.084533691, 156.432830811, 156.769515991, 157.129425049, 157.524169922, 157.918914795, 158.325256348, 158.708389282, 159.103118896, 159.49786377, 159.892608643, 160.287338257, 160.68208313, 161.076828003, 161.471557617, 161.854690552, 162.226211548, 162.597732544, 162.96925354, 163.329162598, 163.665847778, 164.002532959, 164.339233398, 164.675918579, 165.024215698, 165.372512817, 165.720809937, 166.069107056, 166.417419434, 166.754104614, 167.090789795, 167.439086914, 167.787384033, 168.124084473, 168.460769653, 168.809066772, 169.157363892, 169.494049072, 169.830749512, 170.179046631, 170.52734375, 170.875640869, 171.21232605, 171.549026489, 171.88571167, 172.222396851, 172.57069397, 172.919006348, 173.267303467, 173.615600586, 173.963897705, 174.312194824, 174.648880005, 174.985580444, 175.322265625, 175.658950806, 175.995635986, 176.332336426, 176.657409668, 176.994094849, 177.330795288, 177.667480469, 178.004165649, 178.32925415, 178.665939331, 179.002624512, 179.327713013, 179.664398193, 180.001083374, 180.326171875, 180.651245117, 180.976318359, 181.30140686, 181.626480103, 181.951568604, 182.276641846, 182.613327026, 182.950012207, 183.286712646, 183.623397827, 183.948471069, 184.389663696, 184.842453003, 185.29524231, 185.80607605, 186.31690979, 186.827758789, 187.315368652, 187.802993774, 188.290603638, 188.789840698, 189.2890625, 189.776687622, 190.264297485, 190.763534546, 191.262756348, 191.761993408, 192.26121521, 192.748840332, 193.248062134, 193.747299194, 194.246520996, 194.745758057, 195.23336792, 195.73260498, 196.231826782, 196.719451904, 197.218673706, 197.717910767, 198.228744507, 198.739593506, 199.273651123, 199.784484863, 200.306930542, 200.829391479, 201.351837158, 201.862670898, 202.385116577, 202.907577515, 203.430023193, 204.022125244, 204.614242554, 205.194732666, 205.763626099, 206.332519531, 206.889785767, 207.447067261, 207.992736816, 208.538406372, 209.084075928, 209.629745483, 210.163803101, 210.697860718, 211.231918335, 211.777587891, 212.323257446, 212.857315063, 213.391372681, 213.937042236, 214.471099854, 215.005172729, 215.527618408, 216.061676025, 216.584121704, 217.106567383, 217.62902832, 218.163085938, 218.685531616, 219.219589233, 219.742034912, 220.264480591, 220.77532959, 221.297775269, 221.808609009, 222.319458008, 222.830291748, 223.352737427, 223.863571167, 224.374420166, 224.873641968, 225.384490967, 225.895324707, 226.394546509, 226.882171631, 227.381408691, 227.892242432, 228.403076172, 228.913925171, 229.424758911, 229.923980713, 230.411605835, 230.910827637, 231.410064697, 231.920898438, 232.443344116, 232.977416992, 233.499862671, 234.033920288, 234.53314209, 235.043991089, 235.543212891, 236.05406189, 236.56489563, 237.07572937, 237.598175049, 238.120635986, 238.631469727, 239.142303467, 239.653152466, 240.187210083, 240.7212677, 241.255325317, 241.766159058, 242.288604736, 242.811065674, 243.345123291, 243.879180908, 244.413238525, 244.947296143, 245.434921265, 245.922531128, 246.41015625, 246.781677246, 247.153198242, 247.536315918, 247.919448853, 248.360626221, 248.790206909, 249.2081604, 249.626113892, 250.078903198, 250.531692505, 250.984481812, 251.448883057, 251.901672363, 252.366073608, 252.842086792, 253.318084717, 253.7940979, 254.270111084, 254.746124268, 255.210510254, 255.698135376, 256.174133301, 256.638549805, 257.102935791, 257.578948975, 258.043365479, 258.507751465, 258.867645264, 259.23916626, 259.622314453, 260.063476562, 260.493041992, 260.922637939, 261.340576172, 261.758544922, 262.176513672, 262.594451904, 263.012420654, 263.418762207, 263.825134277, 264.23147583, 264.637817383, 265.044158936, 265.450531006, 266.007781982, 266.553466797, 267.110748291, 267.807342529, 268.492340088, 269.188934326, 269.873931885, 270.558898926, 271.232299805, 271.905670166, 272.55581665, 273.205993652, 273.856140137, 274.506286621, 275.168060303, 275.829833984, 276.503204346, 277.176605225, 277.861572266, 278.546569824, 279.243164062, 279.823669434, 280.392547607, 280.961456299, 281.518737793, 282.07598877, 282.633270264, 283.190551758, 283.747833252, 284.305114746, 284.885620117, 285.466125488, 286.046630859, 286.627105713, 287.196014404, 287.764892578, 288.333770752, 288.902679443, 289.459960938, 289.831481934, 290.20300293, 290.574493408, 290.957641602, 291.329162598, 291.700683594, 292.060577393, 292.432098389, 292.803619385, 293.175140381, 293.546661377, 293.918182373, 294.278076172, 294.638000488, 294.997894287, 295.357818604, 295.717712402, 296.077636719, 296.425933838, 296.774230957, 297.134155273, 297.494049072, 297.842346191, 298.202270508, 298.550567627, 298.910461426, 299.270385742, 299.630279541, 299.97857666, 300.326873779, 300.675201416, 301.023498535, 301.371795654, 301.720092773, 302.068389893, 302.416687012, 302.764984131, 303.11328125, 303.461578369, 303.809875488, 304.158172607, 304.506469727, 304.843170166, 305.179870605, 305.528167725, 305.876464844, 306.213134766, 306.549835205, 306.898132324, 307.246429443, 307.594726562, 307.931427002, 308.268127441, 308.604797363, 308.929870605, 309.266571045, 309.614868164, 309.963165283, 310.311462402, 310.659759521, 311.008056641, 311.35635376, 311.704650879, 312.064575195, 312.436096191, 312.819213867, 313.190734863, 313.562255859, 313.910552979, 314.258850098, 314.630371094, 315.013519287, 315.361816406, 315.721710205, 316.070007324, 316.418304443, 316.766601562, 317.114929199, 317.463226318, 317.79989624, 318.148193359, 318.484893799, 318.821594238, 319.15826416, 319.4949646, 319.820037842, 320.156738281, 320.493408203, 320.830108643, 321.178405762, 321.526702881, 321.886627197, 322.258148193, 322.641265869, 323.001159668, 323.361083984, 323.709381104, 324.057678223, 324.405975342, 324.754272461, 325.10256958, 325.43927002, 325.787567139, 326.124267578, 326.4609375, 326.797637939, 327.145935059, 327.482635498, 327.830932617, 328.167602539, 328.515899658, 328.852600098, 329.189300537, 329.525970459, 329.862670898, 330.199371338, 330.53604126, 330.884338379, 331.232635498, 331.580932617, 331.929260254, 332.277557373, 332.625854492, 332.974151611, 333.32244873, 333.682342529, 334.042266846, 334.402160645, 334.762084961, 335.133605957, 335.505126953, 335.911468506, 336.317810059, 336.712554932, 337.107299805, 337.502044678, 337.896759033, 338.291503906, 338.686248779, 339.080993652, 339.475738525, 339.882080078, 340.276824951, 340.671569824, 341.077911377, 341.495880127, 341.90222168, 342.308563232, 342.714904785, 343.132873535, 343.550842285, 343.968780518, 344.386749268, 344.897583008, 345.408416748, 345.907653809, 346.418487549, 346.929321289, 347.440185547, 347.962615967, 348.485076904, 348.995910645, 349.576416016, 350.156921387, 350.73739624, 351.317901611, 351.886810303, 352.455688477, 353.012969971, 353.570251465, 354.115905762, 354.673187256, 355.24206543, 355.799346924, 356.356628418, 356.855865479, 357.355102539, 357.8543396, 358.353546143, 358.852783203, 359.352020264, 359.839630127, 360.338867188, 360.83807373, 361.290863037, 361.766876221, 362.208068848, 362.602813721, 362.997558594, 363.392272949, 363.775421143, 364.158538818, 364.541656494, 364.924804688, 365.307922363, 365.691070557, 366.074188232, 366.457305908, 366.852050781, 367.246795654, 367.62991333, 368.013061523, 368.396179199, 368.872192383, 369.348205566, 369.82421875, 370.300231934, 370.7762146, 371.26385498, 371.739868164, 372.215881348, 372.703491211, 373.121429443, 373.539398193, 373.957366943, 374.386932373, 374.816497803, 375.234466553, 375.664031982, 376.1980896, 376.732147217, 377.254608154, 377.765441895, 378.276275635, 378.798736572, 379.379211426, 379.959716797, 380.516998291, 381.085876465, 381.643157959, 382.119171143, 382.583587646, 383.059570312, 383.535583496, 384.023223877, 384.499237061, 384.975219727, 385.45123291], "beats_loudness": {"dmean2": 0.0184233170003, "median": 0.0150471227244, "min": 7.2226760163e-12, "dvar2": 0.000421415141318, "dvar": 0.000144317556988, "dmean": 0.0105608152226, "max": 0.090416662395, "var": 0.000258295127423, "mean": 0.0183539558202}, "danceability": 0.992698252201, "bpm_histogram_second_peak_weight": {"dmean2": 0, "median": 0.194672137499, "min": 0.194672137499, "dvar2": 0, "dvar": 0, "dmean": 0, "max": 0.194672137499, "var": 0, "mean": 0.194672137499}, "beats_count": 977, "bpm_histogram_second_peak_bpm": {"dmean2": 0, "median": 185, "min": 185, "dvar2": 0, "dvar": 0, "dmean": 0, "max": 185, "var": 0, "mean": 185}, "bpm_histogram_first_peak_spread": {"dmean2": 0, "median": 0, "min": 0, "dvar2": 0, "dvar": 0, "dmean": 0, "max": 0, "var": 0, "mean": 0}, "beats_loudness_band_ratio": {"dmean2": [0.247144758701, 0.270026952028, 0.285380363464, 0.258455306292, 0.124198533595, 0.237420812249], "median": [0.133284628391, 0.169588088989, 0.138975411654, 0.101928316057, 0.087317161262, 0.107933558524], "min": [0, 0, 0, 0, 0, 0], "dvar2": [0.0593037754297, 0.0668011233211, 0.0805827081203, 0.0773019492626, 0.0192149374634, 0.0922699272633], "dvar": [0.0218028519303, 0.0227185096592, 0.0301321297884, 0.0293990634382, 0.0067414031364, 0.0324339196086], "dmean": [0.141625329852, 0.154476985335, 0.162977963686, 0.147061899304, 0.0713220536709, 0.129947900772], "max": [0.90239161253, 0.986785233021, 0.956482052803, 0.942416667938, 0.623113930225, 0.975240945816], "var": [0.0285356845707, 0.0318777859211, 0.0359784998, 0.0433488078415, 0.00839305203408, 0.0293796788901], "mean": [0.185881823301, 0.217133671045, 0.205446064472, 0.186950296164, 0.108942106366, 0.158667311072]}}, "lowlevel": {"barkbands_spread": {"dmean2": 9.50763607025, "median": 25.6094074249, "min": 0.415295273066, "dvar2": 115.453437805, "dvar": 55.0872459412, "dmean": 6.3024353981, "max": 102.88583374, "var": 287.543731689, "mean": 27.814125061}, "melbands_spread": {"dmean2": 14.7732343674, "median": 29.8645057678, "min": 0.45115044713, "dvar2": 399.748474121, "dvar": 198.720977783, "dmean": 9.55638408661, "max": 234.074661255, "var": 909.562805176, "mean": 35.9053611755}, "hfc": {"dmean2": 10.6582527161, "median": 13.2527608871, "min": 1.12855917035e-16, "dvar2": 339.526580811, "dvar": 170.291915894, "dmean": 7.74178504944, "max": 227.834747314, "var": 688.705566406, "mean": 22.2342281342}, "barkbands_kurtosis": {"dmean2": 3.5544526577, "median": 0.430255651474, "min": -1.89689981937, "dvar2": 76.5211257935, "dvar": 35.6981163025, "dmean": 2.28747367859, "max": 350.213531494, "var": 117.517402649, "mean": 3.45131921768}, "gfcc": {"mean": [-42.2007255554, 46.2859573364, -119.884788513, 15.6820211411, -66.2775344849, -4.55980825424, -36.608631134, -5.82093381882, -30.0420627594, -10.6155691147, -21.5515403748, -3.91710448265, -17.2070903778], "icov": [[6.98910153005e-05, 6.4299267251e-05, 5.72592543904e-05, 1.74990855157e-05, 0.000103041420516, -1.89489619515e-05, 0.000300723331748, -0.000132776651299, 0.000296058511594, -3.8154405047e-05, 0.000217685766984, -0.000118872536405, 0.000293050397886], [6.4299267251e-05, 0.000892115815077, 0.00013744723401, 0.000103913043858, 2.18787354243e-05, 0.000613707001321, 1.6037354726e-05, 0.000642706290819, -0.000194755048142, 0.000629548507277, -0.000200539187063, 0.000710625899956, 0.000453224289231], [5.72592543904e-05, 0.00013744723401, 0.00153228151612, -0.000770119659137, 5.28041418875e-05, 0.000451027328381, 0.000615070865024, 0.000420004391344, 0.0003903710749, -0.0010376421269, 0.000852446071804, 0.000273201003438, 0.00076962687308], [1.74990855157e-05, 0.000103913043858, -0.000770119659137, 0.00377472629771, 5.70096162846e-05, -0.000884999579284, 0.00118711590767, 1.65361125255e-05, -0.000728263228666, 9.75018065219e-06, 0.000808980141301, -0.0012915401021, 0.00101950054523], [0.000103041420516, 2.18787354243e-05, 5.28041418875e-05, 5.70096162846e-05, 0.0037673113402, -2.29680754273e-05, -0.000645264051855, -0.000584730238188, 0.000971891451627, -0.000887432310265, 0.00123407703359, -0.0012122526532, 3.53313407686e-05], [-1.89489619515e-05, 0.000613707001321, 0.000451027328381, -0.000884999579284, -2.29680754273e-05, 0.00755768083036, -0.00430594803765, 0.00185563450214, 0.000162738884683, 0.00042527570622, 0.000418142852141, -0.00102901691571, 0.000180915623787], [0.000300723331748, 1.6037354726e-05, 0.000615070865024, 0.00118711590767, -0.000645264051855, -0.00430594803765, 0.0103669539094, -0.00349911488593, 0.00137475912925, 0.00098872592207, -0.000347604305716, -0.00069363869261, 0.00187536829617], [-0.000132776651299, 0.000642706290819, 0.000420004391344, 1.65361125255e-05, -0.000584730238188, 0.00185563450214, -0.00349911488593, 0.0141426334158, -0.00586184393615, 0.00202048197389, 0.000153673507157, 0.00198371498846, -0.00176762824412], [0.000296058511594, -0.000194755048142, 0.0003903710749, -0.000728263228666, 0.000971891451627, 0.000162738884683, 0.00137475912925, -0.00586184393615, 0.0152777638286, -0.00689781596884, 0.00285288249142, 9.72088128037e-06, -0.00141671369784], [-3.8154405047e-05, 0.000629548507277, -0.0010376421269, 9.75018065219e-06, -0.000887432310265, 0.00042527570622, 0.00098872592207, 0.00202048197389, -0.00689781596884, 0.0195855367929, -0.00670781871304, 0.00345408124849, 0.00140724494122], [0.000217685766984, -0.000200539187063, 0.000852446071804, 0.000808980141301, 0.00123407703359, 0.000418142852141, -0.000347604305716, 0.000153673507157, 0.00285288249142, -0.00670781871304, 0.0165837239474, -0.00656402902678, 0.00368656241335], [-0.000118872536405, 0.000710625899956, 0.000273201003438, -0.0012915401021, -0.0012122526532, -0.00102901691571, -0.00069363869261, 0.00198371498846, 9.72088128037e-06, 0.00345408124849, -0.00656402902678, 0.0193319953978, -0.007580045145], [0.000293050397886, 0.000453224289231, 0.00076962687308, 0.00101950054523, 3.53313407686e-05, 0.000180915623787, 0.00187536829617, -0.00176762824412, -0.00141671369784, 0.00140724494122, 0.00368656241335, -0.007580045145, 0.0194405168295]], "cov": [[22512.34375, -1380.06738281, 29.8283519745, 160.683700562, -599.425720215, -173.946517944, -713.023620605, -84.2859268188, -394.875, -77.0440368652, -201.475494385, -14.2326049805, -243.503707886], [-1380.06738281, 1476.6986084, -45.0736274719, -85.3518218994, -20.2717514038, -142.543914795, -25.987197876, -53.4197692871, 13.2021217346, -16.4319934845, 16.0515193939, -79.548866272, -40.2591056824], [29.8283519745, -45.0736274719, 999.252380371, 238.662628174, -45.6807060242, -114.351013184, -161.006942749, -56.4904289246, 17.8507595062, 74.2946472168, -42.7556762695, -55.6539154053, -57.6005706787], [160.683700562, -85.3518218994, 238.662628174, 351.397155762, -17.9302482605, 1.17527389526, -66.9112548828, -17.4222946167, 18.0229606628, 19.0408878326, -22.1123275757, 4.80702018738, -17.413816452], [-599.425720215, -20.2717514038, -45.6807060242, -17.9302482605, 306.464141846, 36.1733894348, 61.4485473633, 16.7267112732, -6.5537648201, -4.76678609848, -7.14074087143, 23.3443717957, 17.2804985046], [-173.946517944, -142.543914795, -114.351013184, 1.17527389526, 36.1733894348, 219.461853027, 110.683982849, -0.653954863548, -20.6531543732, -22.2384738922, 6.25002527237, 33.7391319275, 9.64048290253], [-713.023620605, -25.987197876, -161.006942749, -66.9112548828, 61.4485473633, 110.683982849, 199.432220459, 35.1275787354, -8.03704166412, -24.7654342651, 14.4489040375, 21.2416210175, 10.8001155853], [-84.2859268188, -53.4197692871, -56.4904289246, -17.4222946167, 16.7267112732, -0.653954863548, 35.1275787354, 102.484970093, 38.4763298035, -3.25539207458, -10.1375951767, -4.20150947571, 14.8952617645], [-394.875, 13.2021217346, 17.8507595062, 18.0229606628, -6.5537648201, -20.6531543732, -8.03704166412, 38.4763298035, 107.071907043, 32.5254020691, -8.46600723267, -12.2309885025, 10.7554883957], [-77.0440368652, -16.4319934845, 74.2946472168, 19.0408878326, -4.76678609848, -22.2384738922, -24.7654342651, -3.25539207458, 32.5254020691, 78.9334335327, 20.1232147217, -13.9447202682, -12.6833600998], [-201.475494385, 16.0515193939, -42.7556762695, -22.1123275757, -7.14074087143, 6.25002527237, 14.4489040375, -10.1375951767, -8.46600723267, 20.1232147217, 87.0153656006, 22.0153198242, -6.8362698555], [-14.2326049805, -79.548866272, -55.6539154053, 4.80702018738, 23.3443717957, 33.7391319275, 21.2416210175, -4.20150947571, -12.2309885025, -13.9447202682, 22.0153198242, 81.4415817261, 28.9308605194], [-243.503707886, -40.2591056824, -57.6005706787, -17.413816452, 17.2804985046, 9.64048290253, 10.8001155853, 14.8952617645, 10.7554883957, -12.6833600998, -6.8362698555, 28.9308605194, 73.711807251]]}, "spectral_energyband_middle_low": {"dmean2": 0.00478678708896, "median": 0.00422007590532, "min": 2.07234062724e-22, "dvar2": 7.60635230108e-05, "dvar": 3.40931146638e-05, "dmean": 0.0031247085426, "max": 0.143446534872, "var": 9.83777863439e-05, "mean": 0.00740697514266}, "melbands_crest": {"dmean2": 5.39367437363, "median": 12.2154302597, "min": 1.04645979404, "dvar2": 22.2078418732, "dvar": 8.63470363617, "dmean": 3.29108667374, "max": 34.8529891968, "var": 31.9964981079, "mean": 13.3728675842}, "spectral_kurtosis": {"dmean2": 1.6151072979, "median": 3.40731620789, "min": -1.22682666779, "dvar2": 4.63165187836, "dvar": 1.74180424213, "dmean": 0.984233081341, "max": 40.1532897949, "var": 7.1260061264, "mean": 3.95579719543}, "spectral_rms": {"dmean2": 0.000749607628677, "median": 0.0031372027006, "min": 3.15992544631e-12, "dvar2": 7.71852342041e-07, "dvar": 3.83764046319e-07, "dmean": 0.000512287952006, "max": 0.0121358726174, "var": 3.77784158445e-06, "mean": 0.00323721184395}, "zerocrossingrate": {"dmean2": 0.0159973539412, "median": 0.0849609375, "min": 0.005859375, "dvar2": 0.000300545740174, "dvar": 0.000274364690995, "dmean": 0.0145739065483, "max": 0.5234375, "var": 0.00381240760908, "mean": 0.0960193127394}, "silence_rate_60dB": {"dmean2": 0.0517044439912, "median": 0, "min": 0, "dvar2": 0.0557733476162, "dvar": 0.0251851938665, "dmean": 0.0258506666869, "max": 1, "var": 0.189182698727, "mean": 0.253381431103}, "erbbands_kurtosis": {"dmean2": 1.96598827839, "median": -0.282221078873, "min": -1.85792660713, "dvar2": 17.8018360138, "dvar": 7.94040250778, "dmean": 1.27070021629, "max": 81.3167800903, "var": 25.471446991, "mean": 1.2379322052}, "erbbands": {"dmean2": [0.000874422956258, 0.039342366159, 0.431382983923, 2.12332987785, 5.13237810135, 5.78592395782, 6.15853404999, 10.7516479492, 13.5539960861, 17.8677444458, 17.4678344727, 27.8014392853, 28.2691364288, 33.7808914185, 28.8187446594, 19.3564567566, 13.1725788116, 14.5706205368, 18.9470386505, 16.6910438538, 16.0438766479, 11.443977356, 16.6195335388, 15.8590288162, 11.7397594452, 13.1278800964, 8.1315984726, 8.14471912384, 8.84885597229, 8.26723003387, 5.52432584763, 3.70473241806, 2.26885890961, 1.37256288528, 0.682549953461, 0.361345112324, 0.15601810813, 0.0495644062757, 0.00944140180945, 0.000725080084521], "median": [0.000459892384242, 0.0177044589072, 0.240112483501, 1.05575215816, 2.33102560043, 2.46862220764, 2.09859633446, 4.30556058884, 4.61654949188, 3.81109189987, 3.76457834244, 5.29238176346, 4.36139202118, 6.33995008469, 9.39222240448, 4.80387926102, 5.0383644104, 4.56154203415, 5.47288036346, 6.10823965073, 6.28413629532, 6.79191637039, 9.57429981232, 10.1310920715, 8.21496868134, 7.28189611435, 4.89642715454, 4.35437488556, 4.00337266922, 3.06501626968, 2.05463051796, 1.13043582439, 0.653619945049, 0.364377677441, 0.150389477611, 0.0648035630584, 0.0244559645653, 0.00694755278528, 0.00117394549306, 9.11416645977e-05], "min": [3.22830912498e-22, 2.93929785331e-21, 1.066359402e-20, 1.98420417956e-20, 5.26624957035e-20, 9.93738340275e-20, 9.63321422812e-20, 1.0632387662e-19, 4.6393365573e-19, 2.47395323102e-19, 7.91902238307e-19, 7.89832063728e-19, 1.56338118049e-18, 1.66552971434e-18, 1.65041464301e-18, 2.16788756388e-18, 2.53664075185e-18, 2.57896158674e-18, 3.07885578222e-18, 5.88641121278e-18, 7.12350407302e-18, 5.82300699165e-18, 1.01888443444e-17, 1.02115777492e-17, 8.18714915292e-18, 1.03531017346e-17, 1.10768574736e-17, 1.27845826015e-17, 1.60807451413e-17, 1.70355315983e-17, 1.39246641331e-17, 1.66828284025e-17, 1.15950538673e-17, 1.1260287256e-17, 7.29674547179e-18, 4.0825523948e-18, 2.9404192485e-18, 1.06048886888e-18, 2.54198573448e-19, 3.39449429427e-20], "dvar2": [4.91147375214e-06, 0.00684993714094, 0.558125972748, 11.9823818207, 83.0994644165, 181.788253784, 375.273498535, 1724.2097168, 2442.04223633, 4484.09960938, 3800.03564453, 16289.8085938, 14123.4580078, 15362.3515625, 9515.78515625, 7651.23828125, 1419.64575195, 2484.4597168, 4248.17626953, 2816.32543945, 4045.13574219, 1152.95874023, 2101.61010742, 1496.02563477, 614.19909668, 786.385559082, 302.769775391, 612.196044922, 573.764648438, 537.567199707, 233.951049805, 111.446357727, 50.7283477783, 16.4850902557, 2.99282574654, 0.78644156456, 0.143692329526, 0.0147062186152, 0.000511067861225, 3.75418244403e-06], "dvar": [1.94871813619e-06, 0.00246936012991, 0.183427453041, 4.20825862885, 29.9223270416, 72.157371521, 168.1118927, 751.636535645, 1018.36706543, 1926.54919434, 1723.16210938, 7057.70068359, 6588.99414062, 7325.72119141, 4328.43896484, 3240.60888672, 636.545776367, 1124.84631348, 1782.82946777, 1227.40393066, 1800.73168945, 581.496032715, 935.379150391, 658.723937988, 269.872833252, 351.570770264, 131.560668945, 259.716186523, 281.257751465, 261.122833252, 113.573097229, 55.3257255554, 23.6860313416, 7.7244386673, 1.36114108562, 0.349783271551, 0.0628181770444, 0.00630129454657, 0.000225560273975, 1.64587606832e-06], "dmean": [0.000520669855177, 0.0224471651018, 0.241535067558, 1.21931636333, 3.01218867302, 3.52395486832, 4.01724767685, 6.78745889664, 8.55066776276, 11.3759260178, 11.5727262497, 18.219203949, 18.9822292328, 22.7912693024, 18.7245025635, 12.6328392029, 8.62344169617, 9.39269638062, 12.2490558624, 10.8317518234, 10.5250520706, 7.58450317383, 10.7855396271, 10.338265419, 7.67073154449, 8.69509220123, 5.39496278763, 5.40616989136, 6.05164384842, 5.7111492157, 3.82057332993, 2.59904170036, 1.5849852562, 0.95370221138, 0.469038844109, 0.247472524643, 0.10573336482, 0.0334110632539, 0.00652980105951, 0.000493284256663], "max": [0.0777033939958, 2.86593031883, 14.2929258347, 36.2627296448, 91.6751098633, 226.291397095, 356.985687256, 1327.76489258, 1064.98034668, 1193.80444336, 1509.00756836, 3838.78955078, 2560.61572266, 2538.9296875, 2472.33935547, 2581.42602539, 927.322509766, 1196.77697754, 1349.71630859, 1082.85827637, 2078.34521484, 1390.09313965, 1160.32324219, 1291.65881348, 471.318786621, 505.196380615, 372.198699951, 859.874084473, 1031.10461426, 420.315582275, 314.018768311, 236.918487549, 180.468063354, 93.7205352783, 41.1201019287, 18.605255127, 5.11566305161, 1.65569460392, 0.293568104506, 0.0252367649227], "var": [2.24127506954e-06, 0.00266294647008, 0.237269356847, 5.29733657837, 41.7417144775, 127.542121887, 364.512939453, 1135.2956543, 1526.79443359, 4418.59521484, 3889.23486328, 16088.1357422, 13209.046875, 23153.6191406, 11093.34375, 8590.23242188, 2143.1730957, 2691.34887695, 4108.09472656, 2694.86352539, 3752.79785156, 1784.07800293, 1961.62353516, 1376.28112793, 622.967224121, 786.782409668, 269.031188965, 491.736297607, 842.600341797, 715.218994141, 304.493011475, 134.365463257, 42.8124160767, 13.4969491959, 2.5088429451, 0.537091970444, 0.0821753516793, 0.0077374316752, 0.000321784173138, 2.05139190257e-06], "mean": [0.000821079243906, 0.0318011157215, 0.381766915321, 1.75696742535, 4.45797348022, 5.79193210602, 7.14873075485, 11.9631347656, 14.8499593735, 18.4705028534, 19.5370826721, 31.1272239685, 31.6969604492, 42.9156608582, 37.1993217468, 25.231628418, 17.2412128448, 17.717124939, 22.522813797, 20.3343887329, 19.7674884796, 16.687625885, 22.0362281799, 21.1119823456, 16.035238266, 16.6773147583, 10.4653663635, 10.3834257126, 11.82330513, 10.7475605011, 7.05935144424, 4.38912630081, 2.51694583893, 1.43689775467, 0.664118051529, 0.32363897562, 0.129732951522, 0.040201921016, 0.00824522785842, 0.000579107319936]}, "spectral_strongpeak": {"dmean2": 0.942053616047, "median": 0.482779145241, "min": 0, "dvar2": 2.38153862953, "dvar": 0.974716663361, "dmean": 0.583953857422, "max": 21.271188736, "var": 2.70680904388, "mean": 1.24623906612}, "spectral_energy": {"dmean2": 0.00680954335257, "median": 0.0100880917162, "min": 1.02347574179e-20, "dvar2": 0.00011503186397, "dvar": 5.37555533811e-05, "dmean": 0.00458123534918, "max": 0.150961384177, "var": 0.000227591037401, "mean": 0.0146138286218}, "average_loudness": 0.423411846161, "spectral_rolloff": {"dmean2": 1153.80163574, "median": 2110.25390625, "min": 129.19921875, "dvar2": 2527234.75, "dvar": 1193967.125, "dmean": 722.124816895, "max": 19810.546875, "var": 5479059.5, "mean": 2682.75366211}, "spectral_centroid": {"dmean2": 410.58041