{"tonal": {"thpcp": [1, 0.718729138374, 0.390364050865, 0.331563591957, 0.221102461219, 0.224685162306, 0.345862329006, 0.325884848833, 0.360775887966, 0.446406662464, 0.296217024326, 0.160678848624, 0.181389272213, 0.17405512929, 0.299149304628, 0.485802352428, 0.368957817554, 0.187215581536, 0.225607916713, 0.290416896343, 0.449032276869, 0.598602116108, 0.485177099705, 0.538701176643, 0.728591918945, 0.567876935005, 0.342557519674, 0.2747002244, 0.296826958656, 0.448019623756, 0.53765386343, 0.418833076954, 0.330236136913, 0.360183477402, 0.44580167532, 0.752945661545], "hpcp": {"dmean2": [0.119606181979, 0.101086266339, 0.106503896415, 0.117697224021, 0.108294956386, 0.117186389863, 0.130411714315, 0.0988285243511, 0.0710638910532, 0.0734574869275, 0.0822249352932, 0.114505395293, 0.134987428784, 0.130519941449, 0.0881828963757, 0.106342248619, 0.154746994376, 0.178286314011, 0.179942652583, 0.184955105186, 0.228787466884, 0.223477438092, 0.221922203898, 0.204874426126, 0.141814917326, 0.147562488914, 0.172728165984, 0.181898579001, 0.206368565559, 0.204187735915, 0.190367877483, 0.226915687323, 0.281929045916, 0.260103493929, 0.247650906444, 0.185420185328], "median": [0.00778088113293, 0.00771004892886, 0.0119269387797, 0.0147871458903, 0.012969953008, 0.0182200968266, 0.0244625248015, 0.0195100326091, 0.00760488398373, 0.0058342940174, 0.00699587818235, 0.0125159015879, 0.0165039096028, 0.0150615675375, 0.00943201500922, 0.008255623281, 0.010785841383, 0.0270825400949, 0.0323196202517, 0.0308450423181, 0.0218380410224, 0.0305839106441, 0.0262615624815, 0.0108527736738, 0.00737725710496, 0.00782814528793, 0.0138380173594, 0.0180920194834, 0.013500851579, 0.00569236883894, 0.00504847522825, 0.010286802426, 0.0351963229477, 0.0658959820867, 0.0428750179708, 0.0157686006278], "min": [0, 0, 0, 0, 0, 0, 0, 0, 0, 0, 0, 0, 0, 0, 0, 0, 0, 0, 0, 0, 0, 0, 0, 0, 0, 0, 0, 0, 0, 0, 0, 0, 0, 0, 0, 0], "dvar2": [0.0600949302316, 0.0498975515366, 0.0446943305433, 0.0535948351026, 0.0465831011534, 0.0545172616839, 0.0575894005597, 0.035134550184, 0.0277018621564, 0.034189067781, 0.0357813388109, 0.0550124458969, 0.0584969297051, 0.0589579232037, 0.0410565510392, 0.0488188937306, 0.0820212438703, 0.0889698639512, 0.08647570014, 0.0904805585742, 0.129306897521, 0.11427000165, 0.116263844073, 0.134290024638, 0.0698562264442, 0.0826308950782, 0.0941079482436, 0.103560969234, 0.122639022768, 0.137547552586, 0.111828781664, 0.131171897054, 0.1397960186, 0.129113271832, 0.114994011819, 0.0960662588477], "dvar": [0.0247739646584, 0.019119605422, 0.0166233219206, 0.0227857641876, 0.0195425339043, 0.0221712589264, 0.0250701587647, 0.0149562451988, 0.010776206851, 0.0139942578971, 0.0140172690153, 0.0215600505471, 0.02608320117, 0.0239257477224, 0.0152577795088, 0.019170243293, 0.0315446890891, 0.0344514325261, 0.0361789241433, 0.0347978770733, 0.0505095981061, 0.0493628159165, 0.0445301309228, 0.0490787066519, 0.0268574263901, 0.0303284153342, 0.0363180115819, 0.0423874035478, 0.0438467934728, 0.0488152764738, 0.0432707481086, 0.0522071942687, 0.059503827244, 0.0585905537009, 0.0485781244934, 0.0366130247712], "dmean": [0.069770924747, 0.0581328645349, 0.0607772469521, 0.0710278898478, 0.0639986768365, 0.0687598139048, 0.0792623087764, 0.0602064915001, 0.0414656959474, 0.0431060343981, 0.047530092299, 0.0666398108006, 0.0833894908428, 0.0777642354369, 0.0513840429485, 0.0619240514934, 0.0871343463659, 0.104589618742, 0.107703514397, 0.108916208148, 0.132713586092, 0.131387114525, 0.128451347351, 0.111561194062, 0.0789735093713, 0.0818802788854, 0.0993569865823, 0.104023754597, 0.116822764277, 0.113626629114, 0.106465399265, 0.129513055086, 0.16466589272, 0.157268837094, 0.144155234098, 0.106396347284], "max": [1, 1, 1, 1, 1, 1, 1, 1, 1, 1, 1, 1, 1, 1, 1, 1, 1, 1, 1, 1, 1, 1, 1, 1, 1, 1, 1, 1, 1, 1, 1, 1, 1, 1, 1, 1], "var": [0.0484414920211, 0.0243725981563, 0.0184199754149, 0.044676695019, 0.0408019609749, 0.045167837292, 0.0539501383901, 0.0275953114033, 0.0131698828191, 0.0211144778877, 0.0170079544187, 0.0330923870206, 0.0663248151541, 0.0416972525418, 0.0166604761034, 0.0225886199623, 0.0312515720725, 0.0502062216401, 0.078774549067, 0.0520198903978, 0.0687179118395, 0.104163587093, 0.0722908377647, 0.0442452430725, 0.0330328755081, 0.0363658927381, 0.0607496909797, 0.0792761594057, 0.0506053641438, 0.0450069643557, 0.0531415008008, 0.0621609911323, 0.0973838865757, 0.136869445443, 0.0890973135829, 0.0456307753921], "mean": [0.0938819870353, 0.0626050010324, 0.0636194422841, 0.0979306697845, 0.0922740548849, 0.102153427899, 0.126399725676, 0.0838736370206, 0.0454960986972, 0.0513602383435, 0.0492835827172, 0.0847039073706, 0.137554585934, 0.104470133781, 0.0530099570751, 0.0638807192445, 0.0822313353419, 0.127143159509, 0.169493749738, 0.137377545238, 0.152532845736, 0.206300273538, 0.160793945193, 0.0969949141145, 0.0777811706066, 0.0840463340282, 0.126856431365, 0.152236297727, 0.11859228462, 0.0935061201453, 0.101985685527, 0.126228421926, 0.213196024299, 0.283149272203, 0.203507632017, 0.110531300306]}, "tuning_equal_tempered_deviation": 0.080011241138, "chords_changes_rate": 0.0744943246245, "key_key": "G#", "tuning_diatonic_strength": 0.512264192104, "key_scale": "minor", "chords_number_rate": 0.00789343845099, "tuning_frequency": 441.017791748, "tuning_nontempered_energy_ratio": 0.767477869987, "chords_histogram": [21.361618042, 2.6640355587, 5.82141113281, 4.83473110199, 0.0493339896202, 4.24272346497, 0.592007875443, 12.9748392105, 1.03601384163, 2.6640355587, 0.789343833923, 4.98273324966, 0.197335958481, 0, 0.296003937721, 1.13468182087, 0.888011813164, 3.25604343414, 1.82535767555, 0.0493339896202, 4.68672895432, 7.5481004715, 13.9615192413, 4.14405536652], "key_strength": 0.626847267151, "chords_key": "G#", "chords_strength": {"dmean2": 0.0106817698106, "median": 0.492424875498, "min": 0.172339335084, "dvar2": 9.9933866295e-05, "dvar": 9.8228090792e-05, "dmean": 0.0121633652598, "max": 0.790704846382, "var": 0.00963977910578, "mean": 0.486877471209}, "chords_scale": "minor", "hpcp_entropy": {"dmean2": 0.975792944431, "median": 1.9684677124, "min": 0, "dvar2": 0.691154181957, "dvar": 0.268401563168, "dmean": 0.595076799393, "max": 4.64066982269, "var": 0.592663288116, "mean": 1.98750698566}}, "metadata": {"audio_properties": {"equal_loudness": 0, "codec": "vorbis", "downmix": "mix", "sample_rate": 44100, "analysis_sample_rate": 44100, "bit_rate": 320000, "md5_encoded": "1f97fa17009442aefa917068f70ee465", "length": 94.0858078003, "replay_gain": -7.46935462952, "lossless": false}, "version": {"essentia_build_sha": "cead25079874084f62182a551b7393616cd33d87", "essentia": "2.1-beta2", "extractor": "music 1.0", "essentia_git_sha": "v2.1_beta2-1-ge3940c0"}, "tags": {"title": ["Aos p\u00e9s da cruz"], "barcode": ["077779389124"], "media": ["CD"], "albumartist": ["Jo\u00e3o Gilberto"], "tracktotal": ["38"], "musicbrainz_releasegroupid": ["26fd7243-f175-3324-8645-2d9ba38c68e6"], "releasetype": ["album", "compilation"], "musicbrainz_recordingid": ["0ba96d05-3d24-448e-810e-3dfd541b45de"], "musicbrainz_albumartistid": ["286ec4c2-b5ca-4f85-b331-280a6d73dd14"], "originalyear": ["1990"], "musicbrainz_releasetrackid": ["fd4f492c-d74d-46ba-bb4b-7879d4c865be"], "discnumber": ["1"], "album": ["The Legendary Jo\u00e3o Gilberto: The Original Bossa Nova Recordings (1958-1961)"], "catalognumber": ["CDP 7 93891 2"], "releasecountry": ["US"], "originaldate": ["1990"], "albumartistsort": ["Gilberto, Jo\u00e3o"], "date": ["1990"], "file_name": "12 Joa\u0303o Gilberto - Aos pe\u0301s da cruz.ogg", "disctotal": ["1"], "acoustid_id": ["f41bae1f-26de-4611-b8e5-52af860b2423"], "musicbrainz_artistid": ["286ec4c2-b5ca-4f85-b331-280a6d73dd14"], "asin": ["B000008B03"], "musicbrainz_albumid": ["e10f2fdb-483d-43fb-9053-f9a7e722e060"], "tracknumber": ["12"], "artistsort": ["Gilberto, Jo\u00e3o"], "artist": ["Jo\u00e3o Gilberto"], "label": ["World Pacific"], "releasestatus": ["official"], "totaldiscs": ["1"], "script": ["Latn"], "totaltracks": ["38"]}}, "rhythm": {"bpm_histogram_first_peak_bpm": {"dmean2": 0, "median": 144, "min": 144, "dvar2": 0, "dvar": 0, "dmean": 0, "max": 144, "var": 0, "mean": 144}, "bpm": 143.176879883, "bpm_histogram_second_peak_spread": {"dmean2": 0, "median": 0.455696225166, "min": 0.455696225166, "dvar2": 0, "dvar": 0, "dmean": 0, "max": 0.455696225166, "var": 0, "mean": 0.455696225166}, "bpm_histogram_first_peak_weight": {"dmean2": 0, "median": 0.393442630768, "min": 0.393442630768, "dvar2": 0, "dvar": 0, "dmean": 0, "max": 0.393442630768, "var": 0, "mean": 0.393442630768}, "onset_rate": 4.3146109581, "beats_position": [0.441179126501, 0.882358253002, 1.3235373497, 1.75310659409, 2.18267560005, 2.61224484444, 3.04181408882, 3.45977306366, 3.87773227692, 4.29569149017, 4.71365070343, 5.14321994781, 5.5727891922, 5.99074840546, 6.40870714188, 6.82666635513, 7.24462556839, 7.66258478165, 8.08054447174, 8.51011276245, 8.91646194458, 9.33442115784, 9.75238037109, 10.1703395844, 10.5882987976, 11.0062580109, 11.4242172241, 11.8421764374, 12.2601356506, 12.689704895, 13.1192741394, 13.5372333527, 13.9551925659, 14.3731517792, 14.7911109924, 15.2090702057, 15.6270294189, 16.0449886322, 16.4513378143, 16.8692970276, 17.298866272, 17.7168254852, 18.1347846985, 18.5527439117, 18.970703125, 19.3886623383, 19.8182315826, 20.2361907959, 20.6657600403, 21.0837192535, 21.5016784668, 21.9196376801, 22.3375968933, 22.7555541992, 23.1735134125, 23.5914726257, 24.009431839, 24.4273910522, 24.8453502655, 25.2633094788, 25.681268692, 26.0992279053, 26.5171871185, 26.9351463318, 27.3414955139, 27.747844696, 28.1658039093, 28.5837631226, 29.0017223358, 29.4196815491, 29.8376407623, 30.2555999756, 30.6735591888, 31.0915184021, 31.5094776154, 31.9274368286, 32.3337860107, 32.7517471313, 33.1697044373, 33.5876655579, 34.0172348022, 34.4351921082, 34.8531494141, 35.2827186584, 35.7006797791, 36.1302490234, 36.5482063293, 36.9777755737, 37.3957366943, 37.8136940002, 38.2316551208, 38.638004303, 39.0443534851, 39.4507026672, 39.8686599731, 40.2866210938, 40.7161903381, 41.1457595825, 41.5637168884, 41.981678009, 42.3996353149, 42.7943763733, 43.2936058044, 43.7928352356, 44.3036727905, 44.9306106567, 45.5459403992, 46.1612701416, 46.7765960693, 47.3919258118, 48.0072555542, 48.6225852966, 49.2495231628, 49.8880729675, 50.5266189575, 51.1535606384, 51.7804985046, 52.4074363708, 53.0343742371, 53.661315918, 54.2882537842, 54.9151916504, 55.5421295166, 56.1690673828, 56.7843971252, 57.3997268677, 58.0150566101, 58.6419944763, 59.2573242188, 59.884262085, 60.5111999512, 61.1265296936, 61.741859436, 62.3571853638, 62.9609069824, 63.5762329102, 64.1915664673, 64.7952804565, 65.4106140137, 66.0375518799, 66.6644897461, 67.2798156738, 67.90675354, 68.5336914062, 69.1490249634, 69.7643508911, 70.3796844482, 71.0066223145, 71.6335601807, 72.2604980469, 72.8874359131, 73.5143737793, 74.1413116455, 74.7682495117, 75.3951950073, 76.0221328735, 76.6374588013, 77.252784729, 77.8797302246, 78.5182723999, 79.1568222046, 79.7953720093, 80.433921814, 81.0608596802, 81.6877975464, 82.3147354126, 82.9416732788, 83.5686187744, 84.1955566406, 84.8224945068, 85.449432373, 86.0763702393, 86.7033081055, 87.3186416626, 87.9339675903, 88.5492935181, 89.1646270752, 89.7915649414, 90.4068908691, 91.0338287354, 91.6607666016, 92.2877044678, 92.9146499634, 93.5531921387], "beats_loudness": {"dmean2": 0.0276883672923, "median": 0.0155414761975, "min": 5.3951150214e-09, "dvar2": 0.00137352617458, "dvar": 0.000532313191798, "dmean": 0.0161009002477, "max": 0.179119050503, "var": 0.000580289983191, "mean": 0.0219758469611}, "danceability": 1.08806717396, "bpm_histogram_second_peak_weight": {"dmean2": 0, "median": 0.234972670674, "min": 0.234972670674, "dvar2": 0, "dvar": 0, "dmean": 0, "max": 0.234972670674, "var": 0, "mean": 0.234972670674}, "beats_count": 184, "bpm_histogram_second_peak_bpm": {"dmean2": 0, "median": 96, "min": 96, "dvar2": 0, "dvar": 0, "dmean": 0, "max": 96, "var": 0, "mean": 96}, "bpm_histogram_first_peak_spread": {"dmean2": 0, "median": 0.26530611515, "min": 0.26530611515, "dvar2": 0, "dvar": 0, "dmean": 0, "max": 0.26530611515, "var": 0, "mean": 0.26530611515}, "beats_loudness_band_ratio": {"dmean2": [0.489198356867, 0.327208101749, 0.289973527193, 0.164549171925, 0.0572717934847, 0.282323151827], "median": [0.444351613522, 0.225166678429, 0.0776588022709, 0.0462163761258, 0.00985652580857, 0.0190765634179], "min": [0.0145307462662, 0.00305283861235, 0.00124241295271, 0.000973726855591, 0.000658684060909, 0.000611556402873], "dvar2": [0.127420529723, 0.0745061784983, 0.086523219943, 0.0433577932417, 0.00775573821738, 0.205362439156], "dvar": [0.044375538826, 0.0264360271394, 0.0321779474616, 0.0197188016027, 0.0032971217297, 0.065708220005], "dmean": [0.270935863256, 0.1862167418, 0.16019539535, 0.0912854149938, 0.0314071364701, 0.143415436149], "max": [0.963884532452, 0.944981098175, 0.820704996586, 0.977746546268, 0.45422360301, 0.942569732666], "var": [0.0640770718455, 0.0412715747952, 0.0340241678059, 0.0315109752119, 0.00313310092315, 0.0390182435513], "mean": [0.446541249752, 0.272719293833, 0.159139513969, 0.105144456029, 0.0266104917973, 0.0859263464808]}}, "lowlevel": {"barkbands_spread": {"dmean2": 10.7213029861, "median": 11.2110967636, "min": 0.399660527706, "dvar2": 256.057189941, "dvar": 125.443908691, "dmean": 7.15315103531, "max": 115.456077576, "var": 324.617950439, "mean": 17.8306407928}, "melbands_spread": {"dmean2": 11.0031099319, "median": 9.83299446106, "min": 0.469277799129, "dvar2": 450.870300293, "dvar": 279.579376221, "dmean": 7.62135457993, "max": 255.225479126, "var": 1192.31567383, "mean": 20.7986717224}, "hfc": {"dmean2": 7.8661403656, "median": 5.8944683075, "min": 1.06202446765e-16, "dvar2": 421.233001709, "dvar": 272.057647705, "dmean": 6.0489192009, "max": 477.781707764, "var": 1074.4161377, "mean": 15.2637147903}, "barkbands_kurtosis": {"dmean2": 9.6904335022, "median": 8.16187763214, "min": -1.93290054798, "dvar2": 201.404006958, "dvar": 104.198799133, "dmean": 6.500395298, "max": 220.884887695, "var": 343.754638672, "mean": 13.5563726425}, "gfcc": {"mean": [-76.4263687134, 71.8917007446, -70.1108398438, 20.0577220917, -59.8772964478, 5.03534173965, -42.6577796936, -4.16757631302, -33.1499786377, -0.912582576275, -18.8717041016, 0.235090196133, -17.6695404053], "icov": [[0.000196283683181, -0.00046333289356, 0.000549550459255, -0.000560605316423, 0.000722154625691, -0.000830974953715, 0.000940512632951, -0.000704604841303, 0.00091210368555, -0.0006205921527, 0.000601410400122, -0.000325688917655, 0.000310717063257], [-0.00046333289356, 0.0024124623742, -0.00155324419029, 0.00249319639988, -0.00204819766805, 0.00273208133876, -0.00219748262316, 0.00229047611356, -0.00283484859392, 0.00277784769423, -0.00245314603671, 0.000829554977827, -0.000405063037761], [0.000549550459255, -0.00155324419029, 0.00431845383719, -0.00305146770552, 0.00212958455086, -0.00142288417555, 0.000325171742588, -0.00111976242624, 0.00243196845986, -0.0029663790483, 0.00153595861048, -0.00114065606613, -0.000828714924864], [-0.000560605316423, 0.00249319639988, -0.00305146770552, 0.00565300183371, -0.00375818391331, 0.00381002994254, -0.00132015161216, 0.000834296806715, -0.00114268111065, 8.74044562806e-05, 0.000438746123109, -0.000991997891106, 0.000332079303917], [0.000722154625691, -0.00204819766805, 0.00212958455086, -0.00375818391331, 0.00824470259249, -0.00684348167852, 0.00572839938104, -0.00184650416486, -0.00133738771547, 0.00255739386193, -0.00512350443751, 0.00374882481992, -0.00263883545995], [-0.000830974953715, 0.00273208133876, -0.00142288417555, 0.00381002994254, -0.00684348167852, 0.0136672016233, -0.0117382304743, 0.00577904284, 0.000727002159692, -0.00489867059514, 0.00310560222715, 0.000296062033158, -0.000261068867985], [0.000940512632951, -0.00219748262316, 0.000325171742588, -0.00132015161216, 0.00572839938104, -0.0117382304743, 0.0165935866535, -0.00827131979167, 0.00230884319171, 0.00193719565868, -0.00133226369508, -0.0019461393822, 0.00156149524264], [-0.000704604841303, 0.00229047611356, -0.00111976242624, 0.000834296806715, -0.00184650416486, 0.00577904284, -0.00827131979167, 0.0137836374342, -0.00785933993757, 0.00528300693259, -0.00237537478097, 0.00184713909402, -0.00255163642578], [0.00091210368555, -0.00283484859392, 0.00243196845986, -0.00114268111065, -0.00133738771547, 0.000727002159692, 0.00230884319171, -0.00785933993757, 0.0214919485152, -0.0139130176976, 0.0126607352868, -0.00517135066912, 0.00365253072232], [-0.0006205921527, 0.00277784769423, -0.0029663790483, 8.74044562806e-05, 0.00255739386193, -0.00489867059514, 0.00193719565868, 0.00528300693259, -0.0139130176976, 0.0244459398091, -0.0157119315118, 0.0104833785444, -0.00501025607809], [0.000601410400122, -0.00245314603671, 0.00153595861048, 0.000438746123109, -0.00512350443751, 0.00310560222715, -0.00133226369508, -0.00237537478097, 0.0126607352868, -0.0157119315118, 0.0264156032354, -0.0130376638845, 0.00728936912492], [-0.000325688917655, 0.000829554977827, -0.00114065606613, -0.000991997891106, 0.00374882481992, 0.000296062033158, -0.0019461393822, 0.00184713909402, -0.00517135066912, 0.0104833785444, -0.0130376638845, 0.0240588691086, -0.00929208938032], [0.000310717063257, -0.000405063037761, -0.000828714924864, 0.000332079303917, -0.00263883545995, -0.000261068867985, 0.00156149524264, -0.00255163642578, 0.00365253072232, -0.00501025607809, 0.00728936912492, -0.00929208938032, 0.0221306364983]], "cov": [[23823.5488281, 936.73638916, -1778.40185547, -31.2089729309, -1496.98364258, -310.421325684, -798.233093262, 30.9716396332, -482.337402344, -183.164016724, -435.889007568, -12.5186033249, -329.279022217], [936.73638916, 1604.78735352, -171.797714233, -547.754333496, 50.5605545044, -175.671829224, -20.1130638123, -63.6978492737, 2.14595770836, -157.58265686, 103.526191711, 34.0169410706, -39.8082542419], [-1778.40185547, -171.797714233, 610.043273926, 263.406311035, 32.0159454346, 11.9324817657, 86.0992736816, 22.2595100403, 21.7440891266, 57.544128418, 20.9103603363, 35.2915687561, 58.5353546143], [-31.2089729309, -547.754333496, 263.406311035, 639.164672852, 69.0376663208, -90.0922775269, -104.049003601, 47.0459823608, 23.1538581848, 57.6996269226, -34.5547561646, 10.5100345612, 35.6562194824], [-1496.98364258, 50.5605545044, 32.0159454346, 69.0376663208, 465.125488281, 122.299690247, -20.0845985413, -56.0164871216, 46.7489089966, 57.2408676147, 86.2921295166, -44.7145233154, 32.0146369934], [-310.421325684, -175.671829224, 11.9324817657, -90.0922775269, 122.299690247, 384.970855713, 175.937042236, -59.5063018799, -22.8819122314, 95.0728912354, 20.0337848663, -39.9546279907, 4.71706199646], [-798.233093262, -20.1130638123, 86.0992736816, -104.049003601, -20.0845985413, 175.937042236, 251.819763184, 48.2412910461, -6.68605184555, -0.111263900995, 15.0498476028, 16.4425945282, 6.12445926666], [30.9716396332, -63.6978492737, 22.2595100403, 47.0459823608, -56.0164871216, -59.5063018799, 48.2412910461, 160.405197144, 38.5859031677, -37.2136192322, -29.653213501, 18.5786361694, 9.01076698303], [-482.337402344, 2.14595770836, 21.7440891266, 23.1538581848, 46.7489089966, -22.8819122314, -6.68605184555, 38.5859031677, 111.307563782, 30.8542308807, -18.4042568207, -11.8311605453, 7.21214389801], [-183.164016724, -157.58265686, 57.544128418, 57.6996269226, 57.2408676147, 95.0728912354, -0.111263900995, -37.2136192322, 30.8542308807, 133.148406982, 28.2398262024, -32.6878509521, 6.6658115387], [-435.889007568, 103.526191711, 20.9103603363, -34.5547561646, 86.2921295166, 20.0337848663, 15.0498476028, -29.653213501, -18.4042568207, 28.2398262024, 105.138763428, 20.0664253235, -1.41308629513], [-12.5186033249, 34.0169410706, 35.2915687561, 10.5100345612, -44.7145233154, -39.9546279907, 16.4425945282, 18.5786361694, -11.8311605453, -32.6878509521, 20.0664253235, 79.3773574829, 18.41248703], [-329.279022217, -39.8082542419, 58.5353546143, 35.6562194824, 32.0146369934, 4.71706199646, 6.12445926666, 9.01076698303, 7.21214389801, 6.6658115387, -1.41308629513, 18.41248703, 63.732635498]]}, "spectral_energyband_middle_low": {"dmean2": 0.00522688124329, "median": 0.00552615709603, "min": 1.88317367544e-22, "dvar2": 6.24067470198e-05, "dvar": 3.90008281101e-05, "dmean": 0.00365186645649, "max": 0.134709104896, "var": 0.000240965717239, "mean": 0.0115033704787}, "melbands_crest": {"dmean2": 5.25872373581, "median": 15.4501342773, "min": 1.57621097565, "dvar2": 23.6520633698, "dvar": 9.30300617218, "dmean": 3.26448440552, "max": 33.8659095764, "var": 33.3254394531, "mean": 16.3896369934}, "spectral_kurtosis": {"dmean2": 2.39638257027, "median": 4.03986406326, "min": -1.22869360447, "dvar2": 7.48195314407, "dvar": 4.06081199646, "dmean": 1.69240021706, "max": 29.1396636963, "var": 16.6629066467, "mean": 5.15297222137}, "spectral_rms": {"dmean2": 0.00084445241373, "median": 0.00343653094023, "min": 3.12343748955e-12, "dvar2": 9.3289418146e-07, "dvar": 5.86682119774e-07, "dmean": 0.000617558369413, "max": 0.0174951981753, "var": 4.78603124066e-06, "mean": 0.00362966349348}, "zerocrossingrate": {"dmean2": 0.0166426636279, "median": 0.04541015625, "min": 0.00537109375, "dvar2": 0.000504066061694, "dvar": 0.000462010590127, "dmean": 0.0152720445767, "max": 0.525390625, "var": 0.00425055762753, "mean": 0.0653416216373}, "silence_rate_60dB": {"dmean2": 0.0898543596268, "median": 0, "min": 0, "dvar2": 0.0896841213107, "dvar": 0.0428965426981, "dmean": 0.0449160896242, "max": 1, "var": 0.151887252927, "mean": 0.186775222421}, "erbbands_kurtosis": {"dmean2": 4.7046585083, "median": 1.51229953766, "min": -1.80561327934, "dvar2": 119.090293884, "dvar": 63.902923584, "dmean": 3.28077888489, "max": 237.404632568, "var": 222.311706543, "mean": 5.6903758049}, "erbbands": {"dmean2": [0.00797936879098, 0.214261353016, 1.02066457272, 3.27168703079, 10.3271112442, 6.63760328293, 4.69721364975, 8.07416343689, 15.2900800705, 12.0052661896, 11.9416055679, 8.30490016937, 6.03051614761, 10.0450277328, 17.008939743, 31.6505565643, 36.4734115601, 14.7077407837, 13.6406793594, 3.3929681778, 3.56404829025, 2.81502127647, 3.32132863998, 1.75776922703, 3.0233707428, 2.83441066742, 4.26940107346, 9.84376811981, 9.27061271667, 5.61416244507, 1.98312902451, 1.29556655884, 1.26584279537, 1.06713807583, 0.697429358959, 0.271833062172, 0.0500172823668, 0.00675750477239, 0.000950665969867, 5.59522704862e-05], "median": [0.00223695347086, 0.0871230512857, 0.648391664028, 2.40980410576, 5.01090764999, 3.65297722816, 3.42947506905, 4.04091453552, 4.25818347931, 4.68068695068, 2.46409225464, 0.865367770195, 0.71424472332, 1.327506423, 1.85633468628, 2.78910207748, 1.44536936283, 0.668133080006, 0.585621476173, 0.73049300909, 0.954725801945, 0.980650424957, 0.725475013256, 0.556986272335, 0.793221712112, 0.65439337492, 0.558439195156, 0.630988299847, 0.726992785931, 0.489607453346, 0.292845338583, 0.212597221136, 0.218043535948, 0.186268404126, 0.122155897319, 0.0497573539615, 0.0108205098659, 0.00211493810639, 0.000376398355002, 4.93413572258e-05], "min": [2.23953698242e-22, 1.01428397996e-21, 3.30739161031e-21, 5.31343061155e-21, 1.45352080303e-20, 4.28670358143e-20, 4.66042572089e-20, 1.17579652795e-19, 5.05058419761e-20, 1.29969551751e-19, 4.5525327408e-19, 9.30498159398e-19, 1.12889856669e-18, 9.37469534203e-19, 7.74796867022e-19, 2.187423502e-18, 2.80325926125e-18, 2.74374961324e-18, 2.74474491831e-18, 1.98825784924e-18, 4.09318911029e-18, 5.10461221017e-18, 5.51227080428e-18, 8.80862649074e-18, 8.20547285785e-18, 8.80915919506e-18, 1.03647352027e-17, 9.8060905042e-18, 1.13414063771e-17, 1.25537388265e-17, 1.20436843715e-17, 1.25756690389e-17, 1.03515888212e-17, 7.17568428042e-18, 7.33301568729e-18, 4.05190369874e-18, 2.55634502122e-18, 9.58516834697e-19, 2.56714107239e-19, 3.06976224971e-20], "dvar2": [0.000506835058331, 0.213976576924, 4.3979845047, 24.0890464783, 301.703125, 247.908065796, 77.4948959351, 402.653930664, 2758.37231445, 1683.54199219, 1397.8137207, 1097.40771484, 319.579559326, 846.256164551, 8962.04101562, 45380.7890625, 99720.5546875, 19860.2265625, 21801.1230469, 297.945617676, 111.993865967, 46.1853141785, 110.727729797, 29.4384479523, 178.196380615, 208.584579468, 662.787841797, 3308.70288086, 4387.94628906, 1458.3001709, 122.657669067, 45.8216705322, 17.5714950562, 12.7357912064, 5.10881185532, 0.82851678133, 0.0243421606719, 0.000275128375506, 5.61716660741e-06, 1.90602023054e-08], "dvar": [0.000192167295609, 0.0850326195359, 1.90508162975, 9.06921005249, 131.198181152, 139.396697998, 41.1079673767, 263.415496826, 2109.53686523, 1011.8203125, 1171.37927246, 845.175170898, 221.289611816, 513.889770508, 5767.62939453, 28721.7070312, 54653.765625, 10668.4023438, 12820.4648438, 202.049697876, 61.1492042542, 30.3291378021, 74.6693344116, 17.3168411255, 85.9185943604, 100.911712646, 305.120178223, 1590.04125977, 2036.27539062, 766.990478516, 71.1939468384, 21.5204601288, 11.3686180115, 6.33866834641, 2.90269470215, 0.555588126183, 0.0147345215082, 0.00014777125034, 2.65714197667e-06, 9.33841715067e-09], "dmean": [0.00476329540834, 0.13711771369, 0.726802051067, 1.99421715736, 6.50420093536, 4.45032119751, 3.06859731674, 5.69189739227, 11.8036651611, 8.6565284729, 9.28442382812, 6.59775590897, 4.13575744629, 6.86975240707, 13.5285186768, 24.6918029785, 24.7923355103, 9.93107700348, 9.80702877045, 2.46764373779, 2.6192445755, 2.09659790993, 2.46173930168, 1.26931333542, 2.12927341461, 1.94338512421, 2.86439442635, 6.64491462708, 6.74535179138, 4.0836482048, 1.51558375359, 0.926832020283, 0.944725811481, 0.742039740086, 0.501627504826, 0.203903153539, 0.0355778411031, 0.00457405671477, 0.000640361977275, 3.90034801967e-05], "max": [0.361258357763, 6.58059120178, 28.381937027, 45.0624275208, 221.974563599, 473.7315979, 164.417373657, 389.426513672, 1492.50549316, 1108.37841797, 1579.24182129, 1343.02404785, 594.707946777, 1163.41650391, 3633.51245117, 6427.22314453, 10905.9257812, 4611.80908203, 5422.63232422, 626.114746094, 176.260070801, 139.025085449, 410.713928223, 142.582260132, 252.452407837, 346.341644287, 772.098876953, 1132.00622559, 2050.58251953, 1324.65393066, 336.410308838, 177.099334717, 83.9424133301, 72.8302536011, 55.7655258179, 27.7558670044, 4.5950217247, 0.334820389748, 0.0421300642192, 0.003380226437], "var": [0.000178472473635, 0.174602225423, 7.27769231796, 29.9458751678, 486.994567871, 660.60144043, 271.788208008, 1416.89758301, 10722.2773438, 4179.18164062, 5734.35058594, 5088.62353516, 945.22277832, 1733.16113281, 28390.7011719, 85406.875, 165956.234375, 24330.9296875, 33426, 557.937866211, 190.50617981, 107.717941284, 337.017608643, 49.1922035217, 146.358062744, 189.929901123, 494.878570557, 3486.69555664, 5087.90332031, 1814.70581055, 220.57119751, 43.5897369385, 35.7890319824, 19.1879520416, 10.876209259, 2.30224108696, 0.0498754307628, 0.000375962612452, 4.78206220578e-06, 2.009155331e-08], "mean": [0.0058819828555, 0.232054784894, 1.72724747658, 4.35415124893, 13.1177101135, 10.7765960693, 8.19754886627, 16.4204044342, 32.4392127991, 21.9035625458, 22.6295375824, 17.7053070068, 7.62778615952, 11.0671472549, 31.6209392548, 47.3436431885, 45.0701904297, 19.1343975067, 20.3182792664, 4.6876244545, 5.02963399887, 4.18115472794, 5.06345462799, 2.35639190674, 3.48298811913, 2.87858104706, 3.93007540703, 9.89864253998, 11.1250085831, 6.5254535675, 2.565502882, 1.40543115139, 1.48954367638, 1.14725661278, 0.797037363052, 0.344807893038, 0.0592511147261, 0.00720515754074, 0.000995625858195, 8.32532314234e-05]}, "spectral_strongpeak": {"dmean2": 0.803224146366, "median": 0.436380535364, "min": 0, "dvar2": 3.71403646469, "dvar": 1.73466181755, "dmean": 0.525947988033, "max": 27.9698162079, "var": 5.15733146667, "mean": 1.24409162998}, "spectral_energy": {"dmean2": 0.0077817440033, "median": 0.0121049880981, "min": 9.99975815238e-21, "dvar2": 0.000162970638485, "dvar": 0.000101756464574, "dmean": 0.00562437390909, "max": 0.313733994961, "var": 0.000489202386234, "mean": 0.0184095315635}, "average_loudness": 0.665518581867, "spectral_rolloff": {"dmean2": 850.365966797, "median": 516.796875, "min": 21.533203125, "dvar2": 3465556.25, "dvar": 1780233.375, "dmean": 518.991943359, "max": 19444.4824219, "var": 6001198, "mean": 1411.30187988}, "spectral_centroid": {"dmean2": 358.085296631, "median": 669.65222168, "min": 149.385421753, "dvar2": 375362.5625, "dvar": 244452.140625, "dmean": 255.292572021, "max": 11547.1777344, "var": 1458097.625, "mean": 1052.12866211}, "pitch_salience": {"dmean2": 0.108866997063, "median": 0.568735361099, "min": 0.072710365057, "dvar2": 0.0106543917209, "dvar": 0.00433619739488, "dmean": 0.0678657740355, "max": 0.902966320515, "var": 0.0180797092617, "mean": 0.546240508556}, "spectral_energyband_middle_high": {"dmean2": 0.0023452504538, "median": 0.000558869389351, "min": 1.34016113249e-21, "dvar2": 9.80534532573e-05, "dvar": 6.04386586929e-05, "dmean": 0.00172874960117, "max": 0.300234615803, "var": 0.000191490980797, "mean": 0.00375562859699}, "spectral_contrast_coeffs": {"dmean2": [0.0837598666549, 0.069776467979, 0.0581612847745, 0.0457547828555, 0.0317024327815, 0.0230239536613], "median": [-0.585525453091, -0.698468208313, -0.801284074783, -0.805293262005, -0.834918022156, -0.813600957394], "min": [-0.984027981758, -0.985379815102, -0.975104987621, -0.965153217316, -0.964328944683, -0.964623868465], "dvar2": [0.00465125031769, 0.00364953815006, 0.00253271847032, 0.00148512062151, 0.000868347706273, 0.000404189486289], "dvar": [0.00185172783677, 0.00171929167118, 0.00115678785369, 0.000716137001291, 0.000456551060779, 0.000200072914595], "dmean": [0.0505267940462, 0.0448131747544, 0.0369901061058, 0.029834298417, 0.0212923511863, 0.015292047523], "max": [-0.242369189858, -0.344376951456, -0.398372083902, -0.452764034271, -0.556955635548, -0.549621105194], "var": [0.010963473469, 0.0110014714301, 0.00799915939569, 0.00656019384041, 0.00323275942355, 0.00181803584564], "mean": [-0.581953883171, -0.692028522491, -0.783822119236, -0.787407338619, -0.821113169193, -0.807735085487]}, "melbands_skewness": {"dmean2": 1.45583093166, "median": 3.15237188339, "min": -7.85329246521, "dvar2": 2.58622694016, "dvar": 1.20125079155, "dmean": 0.981011807919, "max": 15.6793413162, "var": 6.29890584946, "mean": 3.29928994179}, "spectral_spread": {"dmean2": 1198328, "median": 6013023, "min": 2129857, "dvar2": 2189244235780.0, "dvar": 1359737913340.0, "dmean": 842560.3125, "max": 41371912, "var": 9791696011260.0, "mean": 6301731.5}, "dissonance": {"dmean2": 0.0445541590452, "median": 0.451022773981, "min": 0.0655067116022, "dvar2": 0.00252621411346, "dvar": 0.000983029720373, "dmean": 0.0276345890015, "max": 0.5, "var": 0.00258507719263, "mean": 0.437458246946}, "spectral_skewness": {"dmean2": 0.379065811634, "median": 1.78733682632, "min": -0.154260680079, "dvar2": 0.1428604424, "dvar": 0.0860837697983, "dmean": 0.279591083527, "max": 4.5536866188, "var": 0.51569288969, "mean": 1.84021759033}, "spectral_flux": {"dmean2": 0.0276299323887, "median": 0.0428416095674, "min": 6.51774120786e-11, "dvar2": 0.00129554176237, "dvar": 0.0005446174182, "dmean": 0.0177376214415, "max": 0.454268366098, "var": 0.00137917872053, "mean": 0.0500652715564}, "spectral_contrast_valleys": {"dmean2": [0.728597044945, 0.577170431614, 0.636715888977, 0.489856898785, 0.432605028152, 0.441863119602], "median": [-7.89005851746, -7.34234189987, -8.32323646545, -8.78824615479, -8.44639492035, -10.2853345871], "min": [-28.0152454376, -27.7026176453, -27.7499465942, -27.4515533447, -27.4689731598, -27.4205265045], "dvar2": [0.423254460096, 0.346571803093, 0.50904238224, 0.261124253273, 0.249483406544, 0.270937561989], "dvar": [0.225149199367, 0.20547272265, 0.269628763199, 0.162578821182, 0.175782442093, 0.194575965405], "dmean": [0.457604914904, 0.370015054941, 0.405475229025, 0.338382154703, 0.333050012589, 0.364152908325], "max": [-5.93176269531, -5.46085166931, -5.52318429947, -5.81731033325, -6.03770494461, -7.27397918701], "var": [3.75653076172, 4.15544748306, 3.84223079681, 3.35275959969, 3.53065514565, 3.29529500008], "mean": [-8.2438249588, -7.70639133453, -8.55272769928, -9.05826854706, -8.73952484131, -10.4804096222]}, "erbbands_flatness_db": {"dmean2": 0.0321780145168, "median": 0.147146612406, "min": 0.0276345703751, "dvar2": 0.00104850379284, "dvar": 0.000631186994724, "dmean": 0.0238927341998, "max": 0.451137036085, "var": 0.00424406072125, "mean": 0.15508338809}, "spectral_energyband_high": {"dmean2": 0.0005984713207, "median": 0.000103117650724, "min": 7.01805234849e-21, "dvar2": 5.849793979e-06, "dvar": 3.86784176953e-06, "dmean": 0.00046832911903, "max": 0.0729298070073, "var": 1.54315002874e-05, "mean": 0.000852903875057}, "spectral_entropy": {"dmean2": 0.366043686867, "median": 7.27841091156, "min": 5.23760032654, "dvar2": 0.129929840565, "dvar": 0.082062214613, "dmean": 0.282846540213, "max": 9.82341384888, "var": 0.479638248682, "mean": 7.2972445488}, "silence_rate_20dB": {"dmean2": 0, "median": 1, "min": 1, "dvar2": 0, "dvar": 0, "dmean": 0, "max": 1, "var": 0, "mean": 1}, "melbands_flatness_db": {"dmean2": 0.0440615005791, "median": 0.248273864388, "min": 0.00299485400319, "dvar2": 0.00175625213888, "dvar": 0.000998122734018, "dmean": 0.032358199358, "max": 0.49059933424, "var": 0.00553700793535, "mean": 0.246850550175}, "barkbands": {"dmean2": [9.2118352768e-06, 0.000736624060664, 0.00096664391458, 0.001880137017, 0.00250852503814, 0.000888288894203, 0.00111743202433, 0.000513202394359, 0.000394516740926, 0.000288890267257, 0.000319807819324, 0.000746921170503, 0.000818020198494, 0.000289875082672, 0.000119446805911, 7.23589546396e-05, 5.55089318368e-05, 5.63063404115e-05, 4.77604589832e-05, 6.41881924821e-05, 0.000176582107088, 0.000259217369603, 7.63921198086e-05, 6.72783789923e-05, 9.3345217465e-05, 3.92792571802e-05, 5.36240077054e-06], "median": [1.77862602868e-05, 0.000249981385423, 0.000528521835804, 0.000932111986913, 0.00125150172971, 0.000465366145363, 0.000271205877652, 0.000107365536678, 3.37666097039e-05, 2.33681475947e-05, 3.76858515665e-05, 6.44837855361e-05, 2.24405648623e-05, 1.02328885987e-05, 1.03797074189e-05, 1.6404355847e-05, 1.5883553715e-05, 1.13902015073e-05, 1.27408511617e-05, 1.42325570778e-05, 1.40856000144e-05, 2.0771745767e-05, 1.03612264866e-05, 1.16617275125e-05, 1.75733875949e-05, 7.76552769821e-06, 2.30074147112e-06], "min": [4.35935580278e-25, 5.5661347052e-24, 1.15027871224e-24, 1.90108338967e-24, 8.57684364922e-24, 1.52206451814e-23, 4.36419940874e-24, 1.22272288572e-23, 4.32410791981e-23, 2.63372288815e-23, 2.59706988614e-23, 1.35601213749e-23, 5.23043557807e-23, 6.15089047297e-23, 2.70953305223e-23, 5.59582395869e-23, 1.28612802274e-22, 9.65392451027e-23, 1.25333324476e-22, 1.74940962407e-22, 2.42484861321e-22, 3.28235531088e-22, 4.12434808066e-22, 6.01469105022e-22, 9.77002590286e-22, 1.41080025654e-21, 2.08248717077e-21], "dvar2": [1.03908180671e-10, 2.83913573185e-06, 4.08984078604e-06, 8.20987952466e-06, 2.38682732743e-05, 3.5982470763e-06, 1.26187142087e-05, 2.82947303276e-06, 1.95885399989e-06, 7.75346791215e-07, 3.09734605253e-06, 2.22730468522e-05, 5.49976793991e-05, 9.9719300124e-06, 3.38876861861e-06, 8.218157177e-08, 1.8950295555e-08, 3.14251380473e-08, 3.36369829768e-08, 1.15654010813e-07, 9.35017737902e-07, 2.88454475594e-06, 1.68259063571e-07, 6.60562946564e-08, 8.49693861937e-08, 1.68371130371e-08, 1.72890493588e-10], "dvar": [3.93170079827e-11, 1.09332245302e-06, 1.65457583989e-06, 3.04083073388e-06, 1.23558029372e-05, 2.25069334192e-06, 9.02090323507e-06, 2.48070159614e-06, 1.4403987052e-06, 4.65989444365e-07, 1.85054784652e-06, 1.33820149131e-05, 3.20541294059e-05, 5.65256868867e-06, 2.116333917e-06, 4.67803680237e-08, 1.08445936675e-08, 2.10439043968e-08, 1.72959513378e-08, 5.5177114433e-08, 4.54946729178e-07, 1.43941088027e-06, 1.04532418277e-07, 3.74144129012e-08, 4.77548915967e-08, 1.07994111431e-08, 8.4262333222e-11], "dmean": [5.69300027564e-06, 0.000461419956991, 0.000676603231113, 0.00112769799307, 0.00165894033853, 0.000613557698671, 0.00083333713701, 0.000380829616915, 0.00030686010723, 0.000187773155631, 0.000248485943303, 0.000567448732909, 0.000547143165022, 0.000206692377105, 8.14316736069e-05, 5.32268677489e-05, 3.98019110435e-05, 4.13137822761e-05, 3.30791663146e-05, 4.37583221355e-05, 0.000122875993839, 0.000187950499821, 5.9236161178e-05, 4.96287902934e-05, 6.66425621603e-05, 2.90641655738e-05, 3.6393037135e-06], "max": [9.65886865743e-05, 0.0247215684503, 0.0226097144186, 0.0308945216238, 0.102496743202, 0.0350685864687, 0.107934087515, 0.0776030942798, 0.0432364568114, 0.0341349355876, 0.0623460747302, 0.120321989059, 0.270449668169, 0.128378838301, 0.0855372101068, 0.0111824404448, 0.0022934852168, 0.0065807919018, 0.00474327290431, 0.009218047373, 0.0180697664618, 0.0496729463339, 0.0129277482629, 0.00560171250254, 0.00656313030049, 0.00384850869887, 0.000267937051831], "var": [1.24515869837e-10, 1.82379892522e-06, 6.07940864938e-06, 9.20488764677e-06, 5.61471606488e-05, 1.3258601939e-05, 4.62762218376e-05, 1.11225608634e-05, 9.49915556703e-06, 1.51549954808e-06, 9.24654159462e-06, 3.9479611587e-05, 9.16130084079e-05, 1.82892326848e-05, 4.26768156103e-06, 1.04053249572e-07, 3.76013602477e-08, 9.45875555658e-08, 3.52250886237e-08, 9.2306912336e-08, 8.57251563957e-07, 3.97585790779e-06, 3.59164999963e-07, 9.78116503347e-08, 1.79963194569e-07, 4.12800638117e-08, 1.58792132221e-10], "mean": [1.80742172233e-05, 0.000709292420652, 0.00159390852787, 0.0020590913482, 0.00376238534227, 0.00172876159195, 0.00223215389997, 0.000846489332616, 0.000838874373585, 0.000267567345873, 0.000563476816751, 0.00105779524893, 0.00094911333872, 0.000467723119073, 0.00012325400894, 9.30846581468e-05, 7.51778788981e-05, 8.34920065245e-05, 5.38794047316e-05, 6.33240342722e-05, 0.000169336359249, 0.0003118282184, 0.000101872312371, 7.70318511059e-05, 0.000108048370748, 4.86837052449e-05, 5.80469486522e-06]}, "erbbands_skewness": {"dmean2": 0.78278285265, "median": 0.889049708843, "min": -8.95927333832, "dvar2": 0.77930098772, "dvar": 0.436925292015, "dmean": 0.554116070271, "max": 6.45034456253, "var": 2.68482065201, "mean": 0.678477585316}, "erbbands_spread": {"dmean2": 17.8595161438, "median": 35.4012908936, "min": 0.295135438442, "dvar2": 476.508483887, "dvar": 221.100234985, "dmean": 11.9727153778, "max": 160.20111084, "var": 704.122802734, "mean": 40.2096672058}, "melbands_kurtosis": {"dmean2": 19.9136238098, "median": 16.6410503387, "min": -1.93144631386, "dvar2": 1028.8560791, "dvar": 492.10949707, "dmean": 12.9841547012, "max": 385.118499756, "var": 1603.93054199, "mean": 28.7276535034}, "melbands": {"dmean2": [0.000135395850521, 0.000439074268797, 0.000788984529208, 0.000660245947074, 0.000163282791618, 0.000183893673238, 0.000231332349358, 0.000124670434161, 9.98652685666e-05, 4.77134999528e-05, 3.16509685945e-05, 4.16950024373e-05, 4.51870510005e-05, 7.706307224e-05, 0.000107919906441, 6.11739669694e-05, 2.59847947746e-05, 2.71250755759e-05, 5.39818665857e-06, 4.74532862427e-06, 4.38279903392e-06, 3.20749768434e-06, 3.1060751553e-06, 2.91788683171e-06, 1.30200510284e-06, 2.13846419683e-06, 2.51138453677e-06, 1.90229695818e-06, 2.63173842541e-06, 3.63977505913e-06, 7.46682007957e-06, 6.5750664362e-06, 5.13056284035e-06, 2.50615516961e-06, 1.34525635076e-06, 9.6517487691e-07, 8.41968756049e-07, 9.00148222627e-07, 1.01923365037e-06, 9.21049434055e-07], "median": [4.25564612669e-05, 0.000264635338681, 0.000593438686337, 0.000327776564518, 0.000124969679746, 9.05211563804e-05, 6.50367874186e-05, 3.96863142669e-05, 1.69998293131e-05, 4.17246064899e-06, 3.10042514684e-06, 4.72392412121e-06, 5.46878845853e-06, 6.14863938608e-06, 5.00610622112e-06, 1.69717043264e-06, 9.43354450555e-07, 7.77843808919e-07, 8.59159740685e-07, 9.40496818203e-07,