{"tonal": {"thpcp": [1, 0.692377209663, 0.212742134929, 0.138941347599, 0.13525621593, 0.13878570497, 0.220370739698, 0.251806825399, 0.190895453095, 0.188681825995, 0.208725586534, 0.21209128201, 0.282832324505, 0.325133472681, 0.263522773981, 0.316180050373, 0.389015197754, 0.26286149025, 0.146896854043, 0.142786368728, 0.169267818332, 0.24790212512, 0.269022345543, 0.190336570144, 0.166793510318, 0.172207340598, 0.152333080769, 0.200514227152, 0.238922506571, 0.202916622162, 0.210808128119, 0.212529122829, 0.156634271145, 0.143948301673, 0.162528410554, 0.536572575569], "hpcp": {"dmean2": [0.280324816704, 0.311863660812, 0.271155744791, 0.259262949228, 0.259730517864, 0.218199804425, 0.158066153526, 0.157924085855, 0.181415721774, 0.213682591915, 0.212624579668, 0.184162601829, 0.171505734324, 0.165086820722, 0.154307797551, 0.16758531332, 0.180889323354, 0.179908618331, 0.183055192232, 0.186556100845, 0.16809502244, 0.157293483615, 0.171108454466, 0.332450658083, 0.498307734728, 0.36544123292, 0.200726523995, 0.156896963716, 0.156370967627, 0.162106201053, 0.197910994291, 0.225035697222, 0.209910646081, 0.209090322256, 0.23039919138, 0.242045298219], "median": [0.0457674376667, 0.0522357933223, 0.0458676926792, 0.065328232944, 0.07085762918, 0.0480988100171, 0.0253943558782, 0.023261487484, 0.0288646556437, 0.0443986132741, 0.0484373681247, 0.0385069325566, 0.0274466872215, 0.0265203211457, 0.0306943450123, 0.0464322082698, 0.0511876493692, 0.0429228432477, 0.0372739844024, 0.0311151556671, 0.0233428254724, 0.0224299356341, 0.0234521776438, 0.238641798496, 0.498131811619, 0.369986504316, 0.0421056710184, 0.0163392424583, 0.0138449119404, 0.020145457238, 0.0362618267536, 0.0402418337762, 0.0315015204251, 0.0223584864289, 0.0203940626234, 0.0239974949509], "min": [0, 0, 0, 0, 0, 0, 0, 0, 0, 0, 0, 0, 0, 0, 0, 0, 0, 0, 0, 0, 0, 0, 0, 0, 0, 0, 0, 0, 0, 0, 0, 0, 0, 0, 0, 0], "dvar2": [0.144798472524, 0.169986858964, 0.136371210217, 0.118718549609, 0.116712652147, 0.0980838388205, 0.0799682289362, 0.0887643173337, 0.0913617089391, 0.107887640595, 0.10029002279, 0.0915209129453, 0.0912912711501, 0.0879105180502, 0.0762092545629, 0.0746408030391, 0.0807928666472, 0.0785533934832, 0.0889359712601, 0.0981467440724, 0.0859669223428, 0.0815549567342, 0.0909587964416, 0.107154421508, 0.225492671132, 0.117866136134, 0.0886724218726, 0.0821977928281, 0.0981033369899, 0.0927324518561, 0.107371516526, 0.131260812283, 0.118216007948, 0.126046091318, 0.135397702456, 0.138292610645], "dvar": [0.0557460933924, 0.0654385909438, 0.05131771788, 0.0446889624, 0.0518774054945, 0.0377166345716, 0.028388088569, 0.0316022820771, 0.0332776047289, 0.0405021421611, 0.0398117341101, 0.0328289866447, 0.0335545912385, 0.0337471775711, 0.0277124084532, 0.0278365258127, 0.0321431681514, 0.0293830037117, 0.0346623025835, 0.0382758267224, 0.0310870017856, 0.0288226082921, 0.0327235981822, 0.044002585113, 0.110768921673, 0.0511032529175, 0.0324161350727, 0.0302729718387, 0.0359549745917, 0.0331931263208, 0.0406984761357, 0.0496543832123, 0.0424224659801, 0.0463652573526, 0.0520102865994, 0.0512953624129], "dmean": [0.156064480543, 0.175690636039, 0.152296021581, 0.14873406291, 0.153647348285, 0.124719820917, 0.0868294611573, 0.0874784290791, 0.10112028569, 0.122278884053, 0.124043673277, 0.103432372212, 0.0957854315639, 0.093380510807, 0.0860928073525, 0.0963433012366, 0.105323299766, 0.102468289435, 0.105746023357, 0.107949741185, 0.0931457430124, 0.0867272615433, 0.0949936956167, 0.189725100994, 0.284049928188, 0.213145330548, 0.113212101161, 0.0860795453191, 0.0848381593823, 0.0883276462555, 0.111505046487, 0.127388551831, 0.114891752601, 0.114525310695, 0.126396745443, 0.133752956986], "max": [1, 1, 1, 1, 1, 1, 1, 1, 1, 1, 1, 1, 1, 1, 1, 1, 1, 1, 1, 1, 1, 1, 1, 1, 1, 1, 1, 1, 1, 1, 1, 1, 1, 1, 1, 1], "var": [0.0555588006973, 0.0669120177627, 0.0476553402841, 0.0528520680964, 0.0839985311031, 0.044308565557, 0.0230976324528, 0.0244558546692, 0.0274125467986, 0.0442797578871, 0.0492991879582, 0.0278189554811, 0.0292590688914, 0.0337618067861, 0.0218099728227, 0.0270044971257, 0.0402797572315, 0.0294301845133, 0.0369577221572, 0.0421122983098, 0.025843065232, 0.0235566329211, 0.0287825409323, 0.0582236796618, 0.171649590135, 0.0834573283792, 0.029652711004, 0.0271992888302, 0.0306375287473, 0.0245778169483, 0.0435516759753, 0.0522452220321, 0.0333057828248, 0.0406914576888, 0.0487642399967, 0.0451574958861], "mean": [0.149877563119, 0.172293633223, 0.13964509964, 0.167549073696, 0.206145629287, 0.139294683933, 0.0778430849314, 0.075664870441, 0.089697830379, 0.131367459893, 0.142559424043, 0.100862517953, 0.0883866548538, 0.0912555381656, 0.080723837018, 0.106255829334, 0.126609012485, 0.10752889514, 0.111710734665, 0.112622722983, 0.0830031111836, 0.0762806013227, 0.0861265137792, 0.284338742495, 0.529916644096, 0.366902202368, 0.112735599279, 0.0736273303628, 0.0716745182872, 0.0735448524356, 0.116778120399, 0.133436635137, 0.101158678532, 0.0999856367707, 0.110607162118, 0.112390697002]}, "tuning_equal_tempered_deviation": 0.209621593356, "chords_changes_rate": 0.0655021816492, "key_key": "A#", "tuning_diatonic_strength": 0.653914213181, "key_scale": "major", "chords_number_rate": 0.00207943446003, "tuning_frequency": 434.193115234, "tuning_nontempered_energy_ratio": 0.825725972652, "chords_histogram": [38.2823867798, 9.54460430145, 16.6770629883, 0.644624650478, 0.831773757935, 0, 0, 0.0623830333352, 0, 0.228737786412, 1.10210025311, 0.0207943432033, 0.436681210995, 0, 0, 1.10210025311, 0.332709491253, 18.1534614563, 4.09648561478, 4.51237249374, 1.22686624527, 0.707007706165, 1.93387401104, 0.103971719742], "key_strength": 0.729361236095, "chords_key": "A#", "chords_strength": {"dmean2": 0.0125433122739, "median": 0.502800405025, "min": -1, "dvar2": 0.00095982797211, "dvar": 0.000467538979137, "dmean": 0.0105174174532, "max": 0.760578215122, "var": 0.0325172394514, "mean": 0.483112663031}, "chords_scale": "major", "hpcp_entropy": {"dmean2": 1.16551756859, "median": 2.20547366142, "min": 0, "dvar2": 0.866382777691, "dvar": 0.328348487616, "dmean": 0.695302307606, "max": 4.63770532608, "var": 0.715845823288, "mean": 2.2370698452}}, "metadata": {"audio_properties": {"equal_loudness": 0, "codec": "flac", "downmix": "mix", "sample_rate": 44100, "analysis_sample_rate": 44100, "bit_rate": 0, "md5_encoded": "74dd1ad4c8244b7ce57805f3c5849fd4", "length": 223.266662598, "replay_gain": -15.6795425415, "lossless": true}, "version": {"essentia_build_sha": "70f2e5ece6736b2c40cc944ad0e695b16b925413", "essentia": "2.1-beta2", "extractor": "music 1.0", "essentia_git_sha": "v2.1_beta2"}, "tags": {"title": ["\u00d8\u03c9\u00d8ver!!"], "language": ["jpn"], "media": ["CD"], "albumartist": ["\uff0a(Asterisk)"], "tracktotal": ["4"], "musicbrainz_releasegroupid": ["5786bca1-1021-4a52-9c37-fc2766e68597"], "musicbrainz_recordingid": ["0bb63c6a-b648-4bb6-98b1-205d74e929f5"], "album": ["\u00d8\u03c9\u00d8ver!!"], "musicbrainz_albumartistid": ["a951fc29-7e17-45c8-8872-6816ea29e29a"], "discnumber": ["1"], "bpm": ["0"], "catalognumber": ["COCC-17026"], "releasecountry": ["JP"], "compilation": ["0"], "originaldate": ["2015-04-15"], "acoustid_fingerprint": ["AQADtJGUJIwUSkkg7iemsUVOKcaPTkPjHpdi3NFw5DJU8QjZ7LB4CdV-XEeJ_JjOQP0sIiSfwDq-hchNMKEKodbR6BJuo3k5aE-GNjbg54FcUFU7fIcoLToY6kGYo1YWnHj2DRV1NI-yIT9u4yEu1UJ8kF2OTA_-VNCrCldyCWGco1uD_sSVGeEPOUtulM_hZ8X3gdJRytAVIkxEgrnxC6GaGWcN8amEfIc_3Dm2H5eUCkMqQxQlQTuPf2jOFGGzWceJjkcTLxlYZkT4wxR0pHUFk8QTS8aWP_gp-ApCjmLwCx8mNHGGpxdyOUJ4eCS0EznxR_iIkod_9HiPF82PiooQ9bh7nNLwx-jFQlxWfBfiuBomNTm-IeSP_-iFE3lyoj2MJmI4A2F0aA9iHcf54fHBkIcvo_qRLYP2hUXzb7hEQVeDXkScyDSqLVGF8lLQtDqe7Mi149CyLuhJQj_xkygfOJlgHg_x1B1cQV_gF2n3oP0xXUfTXcg5ocqh_kdoHS_xd5jCH7_h53hB5Sv6Y1qONGtuJE9yeDRxHiXD6fiOy3nQWHCd4j-SKD_yEM_A6sIbXej-o4m148cZtHvAxMkT4w9eCWHiqIWiI9-P5qicow_xiHvx446OSJRkqG2K99B3wWJs45J07OSEc4Nv4d-EM6zwSIhXdDn8B6FUQkdztQgroZ8omA8q6qjRnMEbJZh0wWdAjYmOPBN0KQ_Stzh64clxgVGPRoqP84J-9OmEy8aj_ah79IMfHucHinmGq8ZzUPGMxA08H6HFUPgSNCeewz_6DP1MUDz6zEaPZniIkBz0qsi1DJUeHX2IH34klKSGbHOCHo3So3wkHOYoyCZ4vBYgpsdbIZ9w4ccRH7oiGrlWwSOP_mBOOEdJHpeO8-jVwHtwXDpimtBlpGp2VMcjon_x7PCPkNQ8aBb84E3g9Am6doS-_HhdZJN04lolNC_qRfiIvRea53hWRzBX9MlwSzeahzH-BxcJfzgRmyc2iLdQLniu4Reax0NlCY-cVEf_4aThyYHk6cJ5oRfUB92aw_ly5DD9ECVzME8Q5tmhH2n0Bx-z41WaoXEWhDe-HVr4BuWD-vCPM08ES6FS9NC4rIRLIT-aSMqFR8cUHqUUFsdtNFt2pEx5aHIWRfiM5xHqHk60a4SujLhYpE1ywPwR6VmKkvogtmHhNEUXZsht5DUqRypExh96PMk0fDtyfahyohmZAyf6ZMe_4NNQ-cOV_QipXIIkIpS4Es-HD3U7fEnQvMh_6IzQBk1afEfPC-aIL-Dx7XiY48uOq_AOnTLcSTnsfriUJYd--Ailp0F3oR-F-iHuwXuO6sF5XET4DmaUB3qRbhH6KD1OfEV_XPnw62jyI9846BTyo8eP6sXlXEIj5kU46DSqB2F-3GnQVOgjGZG0EY2aHSe3Qz8eIgzJHUUfnMexw_F0xGkIvRUe2Dn6dGj_QPzxI1Qy486a4zt-CWEO7c6RHx-FkoefGs_RZTnyBUl_o93xC-8T2D5qoMfZHbmiHHaOUj70Hf0cND2Po0YTMcT0CqJ6Cb0QvvARXpgW5mha4QqPjyr0QxN-5DvyXIF79ILO4jryF89z3EdocP8hrT3S8cXj4GhyfKw2hLEzCbV4HM0XkQjJLHgmF3fWKOhzhBkDPUd-9ISfYvrxChP5IP8hbuGF8Dmu40cPP8MHduGBn_CJ5xk-5si0HolL48GJR3BMEX6HktkR0To6H8rSMDlOQg-OSzm8QfuRHy_aFd6P4zzeG--BNFTmQdHa4yZlXChJSsi746QoODyqUCP2LkJ4wTvMyyr6HEee6ETD4loOyzz4I8wPleKDXMdX0HzRH7cs-ENFHXF69Be0nI2gRxIeox5nIVZ3VNGkDk1bKSgX5FqGT0SP5hlOZ8zw9MOpo5cSQHuNh6h1-PiicLCPTxqMnzCPHpoXxcjG5Hh5fDwOH6WCehNxfoj2EDojRKQDm6GCbseLF52iHL8Q8kYyKxea_biqFD8a1D_KPfC_ITy060LjB8-m5MiXo8k1XNJhSsOpwz-qc0XHimiO2Dk0ykfDMciDwiNjNE-P5MuJkPowxdHx5HiG5kTdOBHiJkvRqEep42jHWNh0QiMT6GIKHV2OMD9-XHgYeOTxDHc0dCHCdDzuQuuKRrjEoPoF75HxBX8grtGPUDq-D512Gs7RM8e3jCi3ww-FHl0zTBm_INeFKxDXHVeRo5GHHtWPLQ5LdDl6wsvBt0JaZYd2hGt2OM3hH2WP9g-cTxK6B6FECqIT9nhwP4XPHBeTw8lR38jD40J6UjgDXRka8zglIvwsZHQeQt81hJR2wRbRTTy4GxePsEqiTPAkiJ-OL_AOTZyOnOHRxB1aEvlxoW9KqNnhUDn6lciRC_-hoYmDh9MmhHG1oNt2VN-PZOmRH82krAlK4srxB9Wx6SF6TMmzCqF9PNFO9Id3D_1xXI3xnmDSo88p_EOfo4l4PHN-nBq-K3iO9sFjeEuOPngYmdCS8wh99DOa3cR_NNOOfhcYHWH-4YkLvRmj4zTC6CT8bKjk43FCoi8cEn2OLmSHLzdCHt9xHs2DXsgXlNmD7Ue-BW-gRwiZ7MJMUqgdOEbHGn-RNYd-5Ed_eEdYftCPSsyO1Ezwg1ceIRcD8cglOE2W4sMaErsuVA_y4ih5pJkoAACEM4IBI40gADCBgABIGKAcAgAYJwCjTAgEiECKSAOIEEgQQZBARCBgjCTCOIGMsAgApARAFgCijEEACOQEBQYQoggiwCBhOGMKIAIEI8wgIqAwBgjEkAEWC2-ME4ogJ4RgBCiglCBiIAKMAEwJYAQBiggmBCGEIQEIBcgCQaUxBjBhFAEAGAoUUYAIAAQThAhghBEIWAIEMAAgBhQABBCEAFEOGDAIQEBIQCQwgEomECPEEAYIQAAAAJBQygBBICOACUAEYwgAIJgFyggqGGCGNGMqAYIYIYJBhCnBDHKEGiYcEBAgRYARSiljBEAAAAIMAIA6wRgwDgAACBEESaAAEYAgYJAEwCCiCAECAkaEVowoAhgSRigiBEMEAAGMIloBZABxCAgABEBAEEa8ABIAgJAAjiKigDFIICCIgkAAQRgVDgBKhZHCUCiQMgIQgAwgABNnCBAIC6CEAAACJYgTjAjDjAJAECKAMIgJBIQUQCBmjAKIMUMEIQwYYpBgBgDFmBVSGGOEJIQbhAwXCjDihAAMGACEMdQgAQIACgDGjEDCAEQUAAooQKABEDDhBDDCUAICEcgQBBtgAgECDHOAAQUA8EQQbgwASjAFgBDMAESEc0YIQrBABigEhMMAAEKJAEwp4BAAjggBgPKCMCSUYUQpQQQQwACABGEEIICUcMQRZwQABEgAkACEKIeYgoRIAYxTThmmgCFAAGckEMQRQgUAxDBCEARQa0MkAQAwh5BQAAACJAJAAEMAAogwYgAhQhAnCQHAaQAAkUoQIjwlBAgiAKAIQUAFFAIQA5gTBFCkBBSAAWEMAIAqwAiQhgJAICFGIAQMFUoAwAgSBAgCgFKCCUyEMYApbQhkEjCiBCSOKeIAMUhxQoCSBQ"], "date": ["2015-04-15"], "file_name": "01 \u00d8\u03c9\u00d8ver!!.flac", "disctotal": ["1"], "musicbrainz_artistid": ["a951fc29-7e17-45c8-8872-6816ea29e29a"], "asin": ["B00VANNSXW"], "musicbrainz_albumid": ["11bcf575-d030-4f9b-9851-3f5f9891b522"], "tracknumber": ["1"], "artistsort": ["Asterisk"], "artist": ["\uff0a(Asterisk)"], "label": ["Columbia"], "albumartistsort": ["Asterisk"], "totaldiscs": ["1"], "script": ["Jpan"], "totaltracks": ["4"]}}, "rhythm": {"bpm_histogram_first_peak_bpm": {"dmean2": 0, "median": 91, "min": 91, "dvar2": 0, "dvar": 0, "dmean": 0, "max": 91, "var": 0, "mean": 91}, "bpm": 90.040222168, "bpm_histogram_second_peak_spread": {"dmean2": 0, "median": 0.58333337307, "min": 0.58333337307, "dvar2": 0, "dvar": 0, "dmean": 0, "max": 0.58333337307, "var": 0, "mean": 0.58333337307}, "bpm_histogram_first_peak_weight": {"dmean2": 0, "median": 0.541420102119, "min": 0.541420102119, "dvar2": 0, "dvar": 0, "dmean": 0, "max": 0.541420102119, "var": 0, "mean": 0.541420102119}, "onset_rate": 3.71277570724, "beats_position": [0.731428563595, 1.369977355, 2.00852608681, 2.63546490669, 3.28562355042, 3.94739222527, 4.62077093124, 5.2941493988, 5.95591831207, 6.6176867485, 7.2910656929, 7.96444416046, 8.62621307373, 9.287981987, 9.96135997772, 10.623128891, 11.2848978043, 11.9466667175, 12.6084346771, 13.2818136215, 13.9551925659, 14.6285715103, 15.2903394699, 15.9521083832, 16.6254863739, 17.2872562408, 17.9490242004, 18.6224040985, 19.2841720581, 19.9459400177, 20.6193199158, 21.2926979065, 21.9544658661, 22.616235733, 23.2896137238, 23.9513835907, 24.6247615814, 25.286529541, 25.9599094391, 26.6216773987, 27.2950553894, 27.9568252563, 28.6302032471, 29.291973114, 29.9537410736, 30.6155090332, 31.2772789001, 31.9506568909, 32.6240348816, 33.2858047485, 33.9475746155, 34.6209526062, 35.2827186584, 35.9444885254, 36.6178665161, 37.2912483215, 37.9530143738, 38.6147842407, 39.2881622314, 39.9615402222, 40.6116981506, 41.2850799561, 41.9584579468, 42.6202278137, 43.281993866, 43.9553718567, 44.6287536621, 45.3021316528, 45.9755096436, 46.6372795105, 47.2990455627, 47.9608154297, 48.6225852966, 49.2843513489, 49.9461212158, 50.6194992065, 51.2928771973, 51.9546470642, 52.6164169312, 53.2897949219, 53.9631729126, 54.6249427795, 55.2867126465, 55.9600906372, 56.6218566895, 57.2836265564, 57.9570045471, 58.6187744141, 59.280544281, 59.9539222717, 60.6273002625, 61.2890701294, 61.9508361816, 62.6242179871, 63.2859840393, 63.9477539062, 64.621131897, 65.2828979492, 65.9446716309, 66.6180496216, 67.2914276123, 67.9531936646, 68.6149673462, 69.2883453369, 69.9501113892, 70.6118774414, 71.2852630615, 71.9586410522, 72.6204071045, 73.2821731567, 73.9555511475, 74.6289291382, 75.3023147583, 75.9640808105, 76.6258468628, 77.2876205444, 77.9493865967, 78.6227645874, 79.2845306396, 79.9463043213, 80.619682312, 81.2814483643, 81.9432220459, 82.6166000366, 83.2899780273, 83.9517440796, 84.6135101318, 85.2868881226, 85.9486618042, 86.6104278564, 87.2838058472, 87.9455795288, 88.6189575195, 89.2807235718, 89.9541015625, 90.6274795532, 91.2892532349, 91.9510192871, 92.6243972778, 93.2861633301, 93.9479370117, 94.6213150024, 95.2946929932, 95.9680709839, 96.6298370361, 97.2916107178, 97.95337677, 98.6151428223, 99.2769165039, 99.9502944946, 100.612060547, 101.285438538, 101.947212219, 102.608978271, 103.270744324, 103.932518005, 104.605895996, 105.279273987, 105.952651978, 106.626029968, 107.287796021, 107.949569702, 108.622947693, 109.296325684, 109.958091736, 110.619865417, 111.293243408, 111.95500946, 112.628387451, 113.290153503, 113.951927185, 114.613693237, 115.287071228, 115.94884491, 116.610610962, 117.283988953, 117.945755005, 118.607528687, 119.280906677, 119.954284668, 120.627662659, 121.289428711, 121.951202393, 122.612968445, 123.274734497, 123.948112488, 124.621498108, 125.28326416, 125.945030212, 126.618408203, 127.291786194, 127.953559875, 128.615325928, 129.288711548, 129.950469971, 130.612243652, 131.285614014, 131.958999634, 132.620773315, 133.282531738, 133.955917358, 134.61769104, 135.279449463, 135.952835083, 136.626205444, 137.287979126, 137.949752808, 138.623123169, 139.284896851, 139.946670532, 140.620040894, 141.293426514, 141.955184937, 142.616958618, 143.290344238, 143.952102661, 144.613876343, 145.287246704, 145.960632324, 146.622406006, 147.284164429, 147.957550049, 148.61932373, 149.281082153, 149.954467773, 150.616226196, 151.277999878, 151.951385498, 152.624755859, 153.286529541, 153.948303223, 154.621673584, 155.283447266, 155.945205688, 156.618591309, 157.291976929, 157.953735352, 158.615509033, 159.288879395, 159.950653076, 160.612426758, 161.285797119, 161.947570801, 162.609344482, 163.282714844, 163.956100464, 164.617858887, 165.279632568, 165.953018188, 166.614776611, 167.276550293, 167.949935913, 168.623306274, 169.285079956, 169.946838379, 170.620223999, 171.281997681, 171.943756104, 172.617141724, 173.290512085, 173.952285767, 174.614059448, 175.28742981, 175.949203491, 176.610977173, 177.284347534, 177.957733154, 178.619491577, 179.281265259, 179.954650879, 180.62802124, 181.289794922, 181.963165283, 182.624938965, 183.286712646, 183.948471069, 184.621856689, 185.283630371, 185.945388794, 186.618774414, 187.292144775, 187.953918457, 188.615692139, 189.2890625, 189.950836182, 190.612609863, 191.285980225, 191.947753906, 192.609527588, 193.282897949, 193.956283569, 194.629653931, 195.291427612, 195.953201294, 196.626571655, 197.288345337, 197.95010376, 198.62348938, 199.296859741, 199.958633423, 200.620407104, 201.293777466, 201.955551147, 202.617324829, 203.279083252, 203.952468872, 204.614242554, 205.287612915, 205.949386597, 206.611160278, 207.28453064, 207.95791626, 208.631286621, 209.293060303, 209.954818726, 210.616592407, 211.278366089, 211.95173645, 212.62512207, 213.286895752, 213.948654175, 214.447891235, 214.947113037, 215.457962036, 215.945571899, 216.433197021, 216.932418823, 217.350387573, 217.779953003, 218.209518433, 218.685531616, 219.1615448, 219.637542725, 220.10194397, 220.566345215, 221.053970337, 221.5415802, 222.029205322, 222.505218506], "beats_loudness": {"dmean2": 0.0148561839014, "median": 0.0320326946676, "min": 0, "dvar2": 0.000184406511835, "dvar": 6.97068026057e-05, "dmean": 0.00897913519293, "max": 0.0956694483757, "var": 0.000129617372295, "mean": 0.0314870253205}, "danceability": 1.12565255165, "bpm_histogram_second_peak_weight": {"dmean2": 0, "median": 0.0147928996012, "min": 0.0147928996012, "dvar2": 0, "dvar": 0, "dmean": 0, "max": 0.0147928996012, "var": 0, "mean": 0.0147928996012}, "beats_count": 339, "bpm_histogram_second_peak_bpm": {"dmean2": 0, "median": 123, "min": 123, "dvar2": 0, "dvar": 0, "dmean": 0, "max": 123, "var": 0, "mean": 123}, "bpm_histogram_first_peak_spread": {"dmean2": 0, "median": 0.426332294941, "min": 0.426332294941, "dvar2": 0, "dvar": 0, "dmean": 0, "max": 0.426332294941, "var": 0, "mean": 0.426332294941}, "beats_loudness_band_ratio": {"dmean2": [0.283942729235, 0.16239964962, 0.115784630179, 0.209622234106, 0.147637188435, 0.136619314551], "median": [0.340553015471, 0.139159098268, 0.0502296127379, 0.0841444805264, 0.117666736245, 0.126271396875], "min": [0, 0, 0, 0, 0, 0], "dvar2": [0.0787829533219, 0.0221793632954, 0.0160065796226, 0.0423901937902, 0.0151210995391, 0.0208404120058], "dvar": [0.0265764314681, 0.00854268670082, 0.00561842182651, 0.0157060492784, 0.00571171659976, 0.00721155619249], "dmean": [0.168966114521, 0.0989162027836, 0.0640766844153, 0.11641588062, 0.0834048390388, 0.0780094861984], "max": [0.994701862335, 0.58573359251, 0.525961577892, 0.747159957886, 0.64958357811, 0.612416923046], "var": [0.0401711799204, 0.015209489502, 0.00625313539058, 0.0162131711841, 0.00962740089744, 0.00910113845021], "mean": [0.370859861374, 0.154672160745, 0.0765114575624, 0.131343364716, 0.138011723757, 0.143337219954]}}, "lowlevel": {"barkbands_spread": {"dmean2": 11.0851230621, "median": 39.737827301, "min": 0.488200247288, "dvar2": 115.417823792, "dvar": 48.7539024353, "dmean": 6.88521671295, "max": 108.815757751, "var": 217.648544312, "mean": 38.7549781799}, "melbands_spread": {"dmean2": 16.921792984, "median": 35.6255569458, "min": 0.341113328934, "dvar2": 269.485321045, "dvar": 114.220611572, "dmean": 10.6056976318, "max": 168.080795288, "var": 577.260070801, "mean": 39.1993331909}, "hfc": {"dmean2": 11.7026357651, "median": 30.5168914795, "min": 1.0699359539e-16, "dvar2": 186.04574585, "dvar": 90.0579605103, "dmean": 7.80442667007, "max": 141.938720703, "var": 360.834442139, "mean": 31.8932781219}, "barkbands_kurtosis": {"dmean2": 3.2939286232, "median": -0.288038492203, "min": -1.85914576054, "dvar2": 166.171600342, "dvar": 77.2522583008, "dmean": 2.02107000351, "max": 435.964355469, "var": 110.924766541, "mean": 1.60184848309}, "gfcc": {"mean": [21.9420890808, 54.5141601562, -112.808540344, 47.5743522644, -38.0377235413, 19.0786514282, -20.0035839081, 8.50369262695, -18.5203342438, 5.13200998306, -13.6584949493, 2.22834539413, -6.40824699402], "icov": [[6.92662943038e-05, -0.000114657297672, 8.07249671197e-05, -0.000189743397641, 0.000160698546097, -0.000140267860843, 9.69628672465e-05, -0.000156446214532, 0.000321044586599, -0.000340256461641, 0.000321050058119, -0.000268706091447, 0.000192322215298], [-0.000114657297672, 0.00205191178247, 9.77791351033e-05, -7.03256955603e-05, -3.28522764903e-05, 0.000310626026476, -0.000499585992657, 0.000396257644752, -0.00082151935203, 0.0013600976672, -0.000685469480231, 0.000886029854883, -0.00079242803622], [8.07249671197e-05, 9.77791351033e-05, 0.00168519839644, 1.17034387586e-05, -0.000280114734778, -9.33766659728e-06, 0.000545658695046, -0.000621416140348, 5.74851073907e-05, 0.000308069924358, -0.000276364589809, -0.000151861007907, 0.00102308683563], [-0.000189743397641, -7.03256955603e-05, 1.17034387586e-05, 0.00415276968852, -0.000583114393521, -0.000199294838239, 0.000918237958103, -0.00131856626831, -5.87699832977e-05, 0.00127227557823, -0.00161155301612, 0.00178246700671, 0.000229819779634], [0.000160698546097, -3.28522764903e-05, -0.000280114734778, -0.000583114393521, 0.00560805387795, -0.00153969868552, -0.00248140352778, 0.00103620649315, -0.00118600693531, -0.00105379335582, 0.000808613898698, -0.0012383525027, 0.000311114708893], [-0.000140267860843, 0.000310626026476, -9.33766659728e-06, -0.000199294838239, -0.00153969868552, 0.0054596667178, -0.00105828943197, 0.000812363345176, 0.000133411638672, -0.00137542991433, 0.00160597462673, -0.000324291322613, -0.000962751335464], [9.69628672465e-05, -0.000499585992657, 0.000545658695046, 0.000918237958103, -0.00248140352778, -0.00105828943197, 0.0109114991501, -0.00449306191877, 0.00105951086152, 0.00055501650786, -0.00324227358215, 0.0035186370369, -0.00244411802851], [-0.000156446214532, 0.000396257644752, -0.000621416140348, -0.00131856626831, 0.00103620649315, 0.000812363345176, -0.00449306191877, 0.0108863338828, -0.00513025559485, 0.000694471993484, 0.00144359562546, -0.00489663053304, 0.00247411942109], [0.000321044586599, -0.00082151935203, 5.74851073907e-05, -5.87699832977e-05, -0.00118600693531, 0.000133411638672, 0.00105951086152, -0.00513025559485, 0.016635581851, -0.00552093330771, -0.000287407194264, 0.00131825450808, -0.0011884906562], [-0.000340256461641, 0.0013600976672, 0.000308069924358, 0.00127227557823, -0.00105379335582, -0.00137542991433, 0.00055501650786, 0.000694471993484, -0.00552093330771, 0.0154253961518, -0.00817711558193, 0.00365107436664, -0.0017263663467], [0.000321050058119, -0.000685469480231, -0.000276364589809, -0.00161155301612, 0.000808613898698, 0.00160597462673, -0.00324227358215, 0.00144359562546, -0.000287407194264, -0.00817711558193, 0.0212919525802, -0.0104391844943, 0.00171929493081], [-0.000268706091447, 0.000886029854883, -0.000151861007907, 0.00178246700671, -0.0012383525027, -0.000324291322613, 0.0035186370369, -0.00489663053304, 0.00131825450808, 0.00365107436664, -0.0104391844943, 0.0247075781226, -0.0104768211022], [0.000192322215298, -0.00079242803622, 0.00102308683563, 0.000229819779634, 0.000311114708893, -0.000962751335464, -0.00244411802851, 0.00247411942109, -0.0011884906562, -0.0017263663467, 0.00171929493081, -0.0104768211022, 0.0216148551553]], "cov": [[31170.5917969, 1134.48718262, -1430.15234375, 1326.36132812, -947.689880371, 505.100982666, -468.963409424, 208.64781189, -510.725158691, 77.8307647705, -385.984893799, 28.926317215, -200.079818726], [1134.48718262, 590.716430664, -99.4463043213, 66.2416152954, -37.3849830627, -16.1890735626, 11.0337047577, -0.825250148773, -7.64532327652, -40.4384536743, -13.145316124, -14.1477603912, 7.26191759109], [-1430.15234375, -99.4463043213, 716.830993652, -35.9577140808, 53.9973564148, -38.8995285034, -5.84695243835, 33.735874176, 26.361038208, -19.9447956085, 17.9118022919, -0.234790489078, -33.1825218201], [1326.36132812, 66.2416152954, -35.9577140808, 325.228790283, -23.8161258698, 19.6938037872, -23.6191635132, 40.0497932434, -14.605764389, -14.0563268661, -10.817445755, -13.4842348099, -24.7652873993], [-947.689880371, -37.3849830627, 53.9973564148, -23.8161258698, 273.119476318, 73.3547821045, 79.7871170044, 3.85401940346, 43.6604957581, 34.1185035706, 24.1943588257, 8.45923995972, 19.9775066376], [505.100982666, -16.1890735626, -38.8995285034, 19.6938037872, 73.3547821045, 239.408248901, 29.7274131775, -7.28355264664, 0.548566937447, 33.2427978516, -10.0489730835, 2.8111371994, 15.1940612793], [-468.963409424, 11.0337047577, -5.84695243835, -23.6191635132, 79.7871170044, 29.7274131775, 145.817642212, 45.6452980042, 26.6845588684, 16.3432750702, 26.6721439362, 4.48503255844, 19.3694000244], [208.64781189, -0.825250148773, 33.735874176, 40.0497932434, 3.85401940346, -7.28355264664, 45.6452980042, 148.513565063, 39.6149482727, 6.91107177734, 12.5593891144, 23.5553741455, -2.97871184349], [-510.725158691, -7.64532327652, 26.361038208, -14.605764389, 43.6604957581, 0.548566937447, 26.6845588684, 39.6149482727, 96.122177124, 37.294719696, 24.1689472198, 6.1528673172, 10.3742952347], [77.8307647705, -40.4384536743, -19.9447956085, -14.0563268661, 34.1185035706, 33.2427978516, 16.3432750702, 6.91107177734, 37.294719696, 110.247779846, 40.4482116699, 8.60110855103, 12.7727308273], [-385.984893799, -13.145316124, 17.9118022919, -10.817445755, 24.1943588257, -10.0489730835, 26.6721439362, 12.5593891144, 24.1689472198, 40.4482116699, 85.4417572021, 32.8438529968, 16.6850357056], [28.926317215, -14.1477603912, -0.234790489078, -13.4842348099, 8.45923995972, 2.8111371994, 4.48503255844, 23.5553741455, 6.1528673172, 8.60110855103, 32.8438529968, 71.9616394043, 30.485742569], [-200.079818726, 7.26191759109, -33.1825218201, -24.7652873993, 19.9775066376, 15.1940612793, 19.3694000244, -2.97871184349, 10.3742952347, 12.7727308273, 16.6850357056, 30.485742569, 68.1052627563]]}, "spectral_energyband_middle_low": {"dmean2": 0.00497116521001, "median": 0.00391927454621, "min": 1.47492237977e-22, "dvar2": 4.88246841996e-05, "dvar": 1.89809688891e-05, "dmean": 0.00301376497373, "max": 0.049107439816, "var": 2.45039664151e-05, "mean": 0.00548042869195}, "melbands_crest": {"dmean2": 6.10501623154, "median": 17.6309642792, "min": 1.52282226086, "dvar2": 29.0275440216, "dvar": 11.6858730316, "dmean": 3.9024116993, "max": 36.0560531616, "var": 42.9503288269, "mean": 17.7414855957}, "spectral_kurtosis": {"dmean2": 1.23606383801, "median": 2.98614788055, "min": -1.25601899624, "dvar2": 1.7099994421, "dvar": 0.653565168381, "dmean": 0.758589804173, "max": 16.3152656555, "var": 2.49852895737, "mean": 3.1644256115}, "spectral_rms": {"dmean2": 0.00113851728383, "median": 0.00553166959435, "min": 3.11652526702e-12, "dvar2": 1.34740730573e-06, "dvar": 5.66271694424e-07, "dmean": 0.000734148256015, "max": 0.0104175889865, "var": 2.32117326959e-06, "mean": 0.00536002777517}, "zerocrossingrate": {"dmean2": 0.0128656392917, "median": 0.0771484375, "min": 0.00341796875, "dvar2": 0.000146248785313, "dvar": 0.000111192697659, "dmean": 0.0104572214186, "max": 0.53271484375, "var": 0.00375835341401, "mean": 0.0856658667326}, "silence_rate_60dB": {"dmean2": 0.00499219959602, "median": 0, "min": 0, "dvar2": 0.00538461422548, "dvar": 0.00248926435597, "dmean": 0.00249584019184, "max": 1, "var": 0.0321663320065, "mean": 0.0332744084299}, "erbbands_kurtosis": {"dmean2": 1.34793269634, "median": 0.212374687195, "min": -1.87035787106, "dvar2": 2.38504362106, "dvar": 1.0250364542, "dmean": 0.856758415699, "max": 15.6231765747, "var": 3.10959887505, "mean": 0.655674576759}, "erbbands": {"dmean2": [0.293512761593, 2.1366724968, 5.90065670013, 5.25756025314, 5.5843091011, 9.73659038544, 7.48016023636, 7.79169607162, 8.82176876068, 9.18319416046, 14.2651166916, 18.4042797089, 17.9110889435, 33.9824256897, 32.4575157166, 34.7471656799, 36.9025611877, 29.7494468689, 31.9162025452, 38.942237854, 42.425365448, 31.0471820831, 38.3733177185, 30.4193935394, 28.8540782928, 27.3305454254, 23.5708694458, 21.6785888672, 11.7187824249, 6.03925800323, 3.87321209908, 2.48636579514, 1.36778593063, 0.826008856297, 0.413023322821, 0.15580484271, 0.0533778369427, 0.0177965387702, 0.00322819501162, 0.000252318830462], "median": [0.255797803402, 1.42225432396, 2.7488732338, 2.35893583298, 2.50990414619, 2.53475284576, 2.860714674, 3.02721333504, 3.89182043076, 3.66523480415, 4.46663427353, 6.76242113113, 7.36349534988, 11.7156744003, 11.2750825882, 13.3874568939, 15.2845849991, 14.3837099075, 17.8040332794, 20.6243343353, 25.9430122375, 23.035697937, 20.9876060486, 21.8729610443, 23.6533546448, 26.0438709259, 21.4312076569, 19.3123283386, 11.219080925, 6.46737194061, 4.39506530762, 2.69096517563, 1.59779393673, 0.872488319874, 0.380588293076, 0.13773804903, 0.0455403365195, 0.0110176829621, 0.00175490649417, 0.000177208872628], "min": [6.85928188606e-23, 3.75197291678e-22, 1.94221260618e-21, 5.08529274458e-21, 9.49167377023e-21, 2.55789383937e-20, 3.92016983537e-20, 3.85233230097e-20, 1.53116714853e-19, 1.7783057096e-19, 2.5681047378e-19, 2.46646104262e-19, 4.9626835267e-19, 8.41378599081e-19, 6.03891322904e-19, 8.00111075308e-19, 1.33299680084e-18, 2.07294646151e-18, 2.36429332853e-18, 2.98796910562e-18, 3.44684279415e-18, 3.90788535024e-18, 5.36163666524e-18, 6.626840845e-18, 7.14869916729e-18, 7.76062587777e-18, 7.6593657359e-18, 9.42706807572e-18, 9.82814975677e-18, 1.14241873041e-17, 9.77338957304e-18, 1.07397284344e-17, 1.06073199794e-17, 7.51830745322e-18, 5.82605928811e-18, 3.56229921648e-18, 2.40925328316e-18, 9.02639336753e-19, 2.32476603767e-19, 2.49591038495e-20], "dvar2": [0.131803482771, 9.56330013275, 103.719573975, 85.5182952881, 79.3794326782, 471.629943848, 180.905593872, 245.369659424, 334.455200195, 523.535339355, 1159.76037598, 1774.19921875, 1642.72827148, 5009.54589844, 6192.09960938, 6100.66015625, 5689.49121094, 3328.80273438, 2901.32373047, 5184.06298828, 5422.04492188, 3065.18530273, 6417.02197266, 3957.98901367, 2403.73925781, 1540.01159668, 1517.93640137, 962.016235352, 285.379974365, 75.9722213745, 35.5598754883, 17.3258590698, 6.19169712067, 5.18495512009, 0.951772928238, 0.147979795933, 0.0217721518129, 0.0041041332297, 0.000134304034873, 1.30691091726e-06], "dvar": [0.0577991232276, 3.55624127388, 37.5078201294, 31.0733680725, 29.8887405396, 179.045669556, 73.0447311401, 108.381408691, 133.124740601, 206.412994385, 477.999847412, 699.705566406, 693.927856445, 2172.88598633, 2674.94018555, 2724.92041016, 2729.1340332, 1512.31359863, 1234.4276123, 2237.92700195, 2188.72119141, 1230.28063965, 2574.30688477, 1672.25061035, 1052.57836914, 679.913391113, 658.54296875, 428.658599854, 109.960197449, 29.8337631226, 13.4993953705, 6.84903001785, 2.78275704384, 2.38384366035, 0.455771535635, 0.0700212419033, 0.00973125733435, 0.00174037308898, 6.4279192884e-05, 6.07912909345e-07], "dmean": [0.199276342988, 1.26503372192, 3.37430715561, 2.99796199799, 3.286693573, 5.80926179886, 4.47860336304, 4.73517179489, 5.34832191467, 5.53808403015, 8.76862812042, 11.0687246323, 11.1466569901, 21.3397941589, 20.5125102997, 22.205368042, 24.3737106323, 19.187210083, 20.0145454407, 24.8430957794, 26.5387001038, 19.3573226929, 24.2896366119, 19.3218631744, 18.1654815674, 17.3469467163, 14.9870786667, 13.3212547302, 6.94218111038, 3.59590220451, 2.32901334763, 1.50561881065, 0.85276979208, 0.529229700565, 0.263675332069, 0.101277701557, 0.0347248800099, 0.0115514146164, 0.00214439374395, 0.000170642029843], "max": [2.40042448044, 17.7315177917, 70.9008483887, 65.9863891602, 63.7267456055, 199.074981689, 191.438934326, 267.047515869, 221.527893066, 446.66973877, 435.011413574, 562.583740234, 474.88772583, 791.927978516, 914.643066406, 1416.63916016, 1229.01928711, 1102.73071289, 714.078369141, 1330.20141602, 683.190734863, 796.329833984, 960.499206543, 1196.88378906, 1035.70739746, 550.656616211, 474.73147583, 317.6434021, 175.372833252, 126.886978149, 63.5606536865, 60.6888046265, 60.3303833008, 52.5292358398, 20.0760250092, 8.8519077301, 3.56181359291, 2.16845035553, 0.468159735203, 0.0417967624962], "var": [0.184278413653, 4.11918830872, 32.9204864502, 29.7463760376, 31.6910476685, 164.851455688, 113.697738647, 237.545333862, 187.463897705, 217.91960144, 616.897766113, 870.650146484, 1058.69226074, 3644.66308594, 4669.27246094, 5562.77636719, 8275.5625, 4438.74804688, 2908.83007812, 4608.734375, 4578.77197266, 2123.9934082, 6010.79882812, 3830.01733398, 2854.06616211, 1688.93188477, 1369.11853027, 944.683288574, 190.622070312, 70.3255462646, 34.2641105652, 16.1986846924, 6.93257474899, 4.2573633194, 0.87784165144, 0.143472135067, 0.019922690466, 0.00273540220223, 0.000128641462652, 1.37869039918e-06], "mean": [0.432385265827, 1.96178281307, 4.56926631927, 4.02249765396, 4.29958438873, 6.60775327682, 6.32539653778, 7.19037342072, 7.89922714233, 7.40402317047, 11.573179245, 15.1553583145, 16.6447086334, 32.3044548035, 31.4836235046, 36.2171173096, 45.9029808044, 35.3100967407, 37.3310661316, 45.6085090637, 49.7599906921, 38.166595459, 45.3943252563, 39.1739463806, 38.8179550171, 37.4130325317, 32.7442932129, 28.8359127045, 14.9001779556, 8.68676567078, 5.94081258774, 3.73426198959, 2.20507335663, 1.29422318935, 0.597093760967, 0.228555887938, 0.0755459740758, 0.0219546481967, 0.00408788165078, 0.000363177881809]}, "spectral_strongpeak": {"dmean2": 0.871071279049, "median": 0.290878325701, "min": 0, "dvar2": 3.74782967567, "dvar": 1.39575779438, "dmean": 0.484062880278, "max": 13.5004301071, "var": 1.4903793335, "mean": 0.621335029602}, "spectral_energy": {"dmean2": 0.0136698661372, "median": 0.031364351511, "min": 9.95554761046e-21, "dvar2": 0.000233839062275, "dvar": 9.39770325203e-05, "dmean": 0.00864740367979, "max": 0.111239314079, "var": 0.000211997074075, "mean": 0.0318272262812}, "average_loudness": 0.974898219109, "spectral_rolloff": {"dmean2": 1040.57458496, "median": 2131.78710938, "min": 64.599609375, "dvar2": 1420368.375, "dvar": 648215.1875, "dmean": 621.993835449, "max": 19853.6132812, "var": 6130007, "mean": 2432.01538086}, "spectral_centroid": {"dmean2": 458.812896729, "median": 2345.48266602, "min": 185.958770752, "dvar2": 214833.1875, "dvar": 90390.5859375, "dmean": 287.198028564, "max": 11755.4667969, "var": 1500751.25, "mean": 2395.39208984}, "pitch_salience": {"dmean2": 0.132461667061, "median": 0.491305470467, "min": 0.0826164782047, "dvar2": 0.0151492450386, "dvar": 0.00577849103138, "dmean": 0.0798560231924, "max": 0.932085156441, "var": 0.0153309749439, "mean": 0.497303217649}, "spectral_energyband_middle_high": {"dmean2": 0.003569182707, "median": 0.00744963763282, "min": 1.11514326719e-21, "dvar2": 1.62095475389e-05, "dvar": 8.47177852847e-06, "dmean": 0.00241388077848, "max": 0.0342635549605, "var": 3.52368260792e-05, "mean": 0.00828895904124}, "spectral_contrast_coeffs": {"dmean2": [0.0901539102197, 0.079868786037, 0.0679917559028, 0.0526427291334, 0.0360551327467, 0.0316648110747], "median": [-0.705382823944, -0.767484486103, -0.781609773636, -0.786057293415, -0.792629718781, -0.721825242043], "min": [-0.980258285999, -0.981945157051, -0.97485268116, -0.970889806747, -0.966189682484, -0.965427339077], "dvar2": [0.00576065015048, 0.00413447897881, 0.00298551563174, 0.00179278408177, 0.000877867278177, 0.000818672880996], "dvar": [0.0023087724112, 0.00160875101574, 0.00126053288113, 0.000813620456029, 0.000389495486161, 0.000362439197488], "dmean": [0.054951634258, 0.0483494140208, 0.0424287468195, 0.0332769230008, 0.0227652415633, 0.0199702903628], "max": [-0.314642459154, -0.476792126894, -0.499899476767, -0.493332356215, -0.546976566315, -0.548401892185], "var": [0.0071600372903, 0.00502577284351, 0.00527527183294, 0.00475518312305, 0.00235802261159, 0.00232268613763], "mean": [-0.701184272766, -0.762612760067, -0.772683084011, -0.773671984673, -0.787058472633, -0.724706411362]}, "melbands_skewness": {"dmean2": 1.25689017773, "median": 2.38376951218, "min": -1.62425386906, "dvar2": 2.08962798119, "dvar": 0.885673046112, "dmean": 0.803215801716, "max": 25.8800849915, "var": 3.09114074707, "mean": 2.71642756462}, "spectral_spread": {"dmean2": 623226.6875, "median": 4547468, "min": 1890258.75, "dvar2": 882493489152, "dvar": 448115015680, "dmean": 418601.875, "max": 42577408, "var": 20344503009300.0, "mean": 5169159}, "dissonance": {"dmean2": 0.0189350284636, "median": 0.486535578966, "min": 0.33859115839, "dvar2": 0.000395009497879, "dvar": 0.000146224338096, "dmean": 0.0111440708861, "max": 0.500000238419, "var": 0.000261150824372, "mean": 0.481909424067}, "spectral_skewness": {"dmean2": 0.217034518719, "median": 1.12007129192, "min": -0.0883175805211, "dvar2": 0.0434917286038, "dvar": 0.0183924399316, "dmean": 0.137285932899, "max": 2.81283140182, "var": 0.0949735715985, "mean": 1.13654410839}, "spectral_flux": {"dmean2": 0.0412731319666, "median": 0.0914206728339, "min": 6.11687991925e-11, "dvar2": 0.00143183127511, "dvar": 0.000789290294051, "dmean": 0.0280957464129, "max": 0.272397845984, "var": 0.00191555928905, "mean": 0.0975941494107}, "spectral_contrast_valleys": {"dmean2": [0.584111988544, 0.668233036995, 0.564407646656, 0.471219390631, 0.361242771149, 0.334684073925], "median": [-6.70484733582, -6.8963470459, -7.12429428101, -7.21017169952, -6.68345689774, -9.32584857941], "min": [-28.4885177612, -28.0603847504, -27.8661994934, -27.6832313538, -27.5837173462, -27.4269657135], "dvar2": [0.232109561563, 0.351757884026, 0.232464432716, 0.19105270505, 0.143296390772, 0.171635508537], "dvar": [0.0930333137512, 0.144812121987, 0.102010272443, 0.0856387391686, 0.0723775178194, 0.088919788599], "dmean": [0.345767647028, 0.406285136938, 0.351569443941, 0.292839229107, 0.234068319201, 0.217892542481], "max": [-5.53269433975, -4.91326951981, -5.16325426102, -5.71545314789, -5.50907897949, -7.70766353607], "var": [7.86372375488, 7.24279928207, 6.86598587036, 6.68033838272, 7.13032341003, 5.85402297974], "mean": [-7.23576164246, -7.30440330505, -7.51631546021, -7.60156106949, -7.13935947418, -9.7971534729]}, "erbbands_flatness_db": {"dmean2": 0.0215446893126, "median": 0.12408863008, "min": 0.0339860543609, "dvar2": 0.000386763567803, "dvar": 0.000204258802114, "dmean": 0.0147206457332, "max": 0.403762251139, "var": 0.00139000453055, "mean": 0.127460882068}, "spectral_energyband_high": {"dmean2": 0.00110426056199, "median": 0.00172025628854, "min": 6.84276518343e-21, "dvar2": 2.15728914554e-06, "dvar": 9.80439722298e-07, "dmean": 0.000700312026311, "max": 0.0150216510519, "var": 3.04729564959e-06, "mean": 0.00211265333928}, "spectral_entropy": {"dmean2": 0.175078034401, "median": 7.95394277573, "min": 6.27020263672, "dvar2": 0.0299002919346, "dvar": 0.0134536502883, "dmean": 0.112241670489, "max": 9.82924461365, "var": 0.113953001797, "mean": 7.95293474197}, "silence_rate_20dB": {"dmean2": 0, "median": 1, "min": 1, "dvar2": 0, "dvar": 0, "dmean": 0, "max": 1, "var": 0, "mean": 1}, "melbands_flatness_db": {"dmean2": 0.0423637703061, "median": 0.159760057926, "min": 0.00224618706852, "dvar2": 0.00174505182076, "dvar": 0.000714304624125, "dmean": 0.0260280035436, "max": 0.507763385773, "var": 0.00293491221964, "mean": 0.162455067039}, "barkbands": {"dmean2": [0.000686837593094, 0.00884000957012, 0.00505992444232, 0.00160959351342, 0.00232694367878, 0.000927730812691, 0.000645182677545, 0.000587959133554, 0.000808230077382, 0.000773159321398, 0.000931246031541, 0.000897333142348, 0.000841735862195, 0.000568362243939, 0.000830188801046, 0.000792466744315, 0.000715626520105, 0.000685904116835, 0.000578950392082, 0.000596637255512, 0.000579987943638, 0.000306430942146, 0.000144388395711, 9.39541860134e-05, 6.25793691142e-05, 3.09217866743e-05, 2.01061429834e-05], "median": [0.000764671829529, 0.00874684657902, 0.00239652697928, 0.000556789571419, 0.000831787590869, 0.000380634563044, 0.00026366932434, 0.000156072012032, 0.000281653366983, 0.000258060870692, 0.000243699891143, 0.000263721303781, 0.000274438207271, 0.000204009353183, 0.000335879070917, 0.000364533858374, 0.000406487612054, 0.000363258324796, 0.000416997703724, 0.000556947197765, 0.000524179718923, 0.00028946713428, 0.000157264745212, 0.000112357229227, 6.45515247015e-05, 2.79591058643e-05, 1.1542352695e-05], "min":