{"tonal": {"thpcp": [1, 0.679917991161, 0.434307724237, 0.39361461997, 0.2687112391, 0.182352781296, 0.173967882991, 0.166660755873, 0.236756876111, 0.292725384235, 0.211441978812, 0.155514612794, 0.165386781096, 0.217141792178, 0.350593060255, 0.391894102097, 0.238520875573, 0.111560702324, 0.0974780023098, 0.163551017642, 0.373858958483, 0.47982814908, 0.348301261663, 0.319144487381, 0.362269550562, 0.273327887058, 0.203970894217, 0.327924579382, 0.545930147171, 0.623470664024, 0.532473623753, 0.351055532694, 0.22971791029, 0.235519587994, 0.372727930546, 0.781198740005], "hpcp": {"dmean2": [0.102213084698, 0.0968725159764, 0.105863675475, 0.115710794926, 0.105789355934, 0.088506937027, 0.0920600965619, 0.113535918295, 0.135814577341, 0.136156052351, 0.111726649106, 0.0774166285992, 0.0739883631468, 0.098506771028, 0.142501592636, 0.160772144794, 0.15442699194, 0.149880900979, 0.146062448621, 0.143088549376, 0.140647351742, 0.189219847322, 0.230844274163, 0.263568490744, 0.213677957654, 0.185525327921, 0.154984921217, 0.161341965199, 0.221949234605, 0.272537320852, 0.289406627417, 0.283066958189, 0.213234141469, 0.165653347969, 0.150523871183, 0.117974460125], "median": [0.00562582723796, 0.00532106868923, 0.00550701422617, 0.00620325421914, 0.00785670895129, 0.00760076427832, 0.00699152192101, 0.00883596111089, 0.0150933843106, 0.0160632841289, 0.0110207581893, 0.00551429204643, 0.00397061510012, 0.00722370902076, 0.0173064488918, 0.0216951724142, 0.0164113696665, 0.00934118498117, 0.00775900809094, 0.00585457636043, 0.00417627952993, 0.00664302241057, 0.0170275513083, 0.0309915915132, 0.0177959967405, 0.0100674638525, 0.00649812212214, 0.00623789289966, 0.0138472355902, 0.0524193048477, 0.0768348202109, 0.0506733804941, 0.0127095794305, 0.00532664917409, 0.0053976722993, 0.00589783675969], "min": [0, 0, 0, 0, 0, 0, 0, 0, 0, 0, 0, 0, 0, 0, 0, 0, 0, 0, 0, 0, 0, 0, 0, 0, 0, 0, 0, 0, 0, 0, 0, 0, 0, 0, 0, 0], "dvar2": [0.0593959763646, 0.0539810918272, 0.0555497892201, 0.0655416548252, 0.0535324960947, 0.0433468595147, 0.0477019287646, 0.0573149211705, 0.0698070377111, 0.0677071884274, 0.0530727617443, 0.0394801981747, 0.0402100458741, 0.0469922423363, 0.067340195179, 0.0775752440095, 0.077172100544, 0.0889105796814, 0.0843395739794, 0.0900564044714, 0.0910449251533, 0.120683535933, 0.124390080571, 0.13947917521, 0.11569904536, 0.113155789673, 0.0993525311351, 0.106463365257, 0.135127693415, 0.138941466808, 0.148643180728, 0.143048137426, 0.124602414668, 0.101541399956, 0.0964183136821, 0.0669850707054], "dvar": [0.0229565743357, 0.0198366399854, 0.0213639568537, 0.025926232338, 0.0201868079603, 0.0160926189274, 0.0171379931271, 0.0215955600142, 0.0272821914405, 0.0272148139775, 0.0204014461488, 0.0141154257581, 0.0140949049965, 0.017115527764, 0.0272057764232, 0.0321265161037, 0.0297326054424, 0.0343544185162, 0.0352369248867, 0.0357093289495, 0.0330700092018, 0.0435106121004, 0.0508893430233, 0.0553639754653, 0.0468516759574, 0.042817145586, 0.0360041260719, 0.0387703999877, 0.0493881516159, 0.0550666116178, 0.0637855902314, 0.0548949353397, 0.0457935929298, 0.0410487800837, 0.0362264998257, 0.0249578710645], "dmean": [0.0577812828124, 0.0547491908073, 0.0615835040808, 0.0673385486007, 0.0616419017315, 0.0500997900963, 0.0525663755834, 0.0651409029961, 0.0800006464124, 0.0802167952061, 0.0651409998536, 0.0428961068392, 0.0403388813138, 0.0555997118354, 0.0840471833944, 0.0949377790093, 0.0903533920646, 0.086986489594, 0.0861333087087, 0.0810509547591, 0.0780772790313, 0.1055701226, 0.134298369288, 0.15232758224, 0.12310372293, 0.104857675731, 0.0862316414714, 0.0880968272686, 0.124800682068, 0.158809408545, 0.168999016285, 0.164228469133, 0.120248474181, 0.0943879857659, 0.0847768932581, 0.0661390200257], "max": [1, 1, 1, 1, 1, 1, 1, 1, 1, 1, 1, 1, 1, 1, 1, 1, 1, 1, 1, 1, 1, 1, 1, 1, 1, 1, 1, 1, 1, 1, 1, 1, 1, 1, 1, 1], "var": [0.0227707717568, 0.0202120766044, 0.0333632454276, 0.0484237708151, 0.0247862655669, 0.015145663172, 0.0171172674745, 0.0256524998695, 0.0490363277495, 0.0593807324767, 0.0275579113513, 0.0107335587963, 0.00946710351855, 0.0154777728021, 0.0498246029019, 0.0720503926277, 0.0423229113221, 0.0471071414649, 0.0601318590343, 0.0429596230388, 0.0281951986253, 0.0473764613271, 0.0833673328161, 0.0866534933448, 0.0835370346904, 0.0496068820357, 0.0311807561666, 0.0346828997135, 0.0480688586831, 0.105034351349, 0.145437583327, 0.0833178535104, 0.0633646473289, 0.0705140605569, 0.0397653207183, 0.0216993894428], "mean": [0.0528412796557, 0.0506218001246, 0.071912907064, 0.0889128670096, 0.0642237216234, 0.0472362525761, 0.0502348430455, 0.065954990685, 0.106489688158, 0.119034528732, 0.072448708117, 0.0338856242597, 0.0296081230044, 0.0496772453189, 0.11355650425, 0.145743757486, 0.105793572962, 0.0969374477863, 0.110036320984, 0.0830210447311, 0.0619544386864, 0.0996043309569, 0.165821686387, 0.189373970032, 0.161734372377, 0.106630161405, 0.0697748810053, 0.0715370923281, 0.113212965429, 0.237282529473, 0.303741574287, 0.206519365311, 0.131917312741, 0.119557119906, 0.0816187784076, 0.0553881190717]}, "tuning_equal_tempered_deviation": 0.0471328161657, "chords_changes_rate": 0.0963204428554, "key_key": "C", "tuning_diatonic_strength": 0.662075340748, "key_scale": "minor", "chords_number_rate": 0.00145810109098, "tuning_frequency": 447.691040039, "tuning_nontempered_energy_ratio": 0.775487005711, "chords_histogram": [15.970495224, 3.07058930397, 9.61489009857, 6.44137573242, 3.04485797882, 2.04991841316, 0.814821183681, 8.13105773926, 9.00591850281, 18.1319160461, 3.84252500534, 0.446007370949, 1.11501848698, 1.19221198559, 1.46667814255, 0.583240389824, 0.669011056423, 1.14074969292, 3.25928473473, 0.969208359718, 0.0428853258491, 0.137233033776, 6.62149429321, 2.23861384392], "key_strength": 0.619576871395, "chords_key": "G", "chords_strength": {"dmean2": 0.0127450115979, "median": 0.489057689905, "min": -1, "dvar2": 0.000522401300259, "dvar": 0.000288340961561, "dmean": 0.0130821550265, "max": 0.837405383587, "var": 0.0172334499657, "mean": 0.48733702302}, "chords_scale": "major", "hpcp_entropy": {"dmean2": 1.0928940773, "median": 1.56817352772, "min": 0, "dvar2": 0.768662691116, "dvar": 0.290209561586, "dmean": 0.642632305622, "max": 4.21844768524, "var": 0.553221404552, "mean": 1.49604320526}}, "metadata": {"audio_properties": {"equal_loudness": 0, "codec": "mp3", "downmix": "mix", "sample_rate": 44100, "analysis_sample_rate": 44100, "bit_rate": 199056, "md5_encoded": "d7a5dd2c475f6378d9b626a297e2a56a", "length": 541.361633301, "replay_gain": -14.3960285187, "lossless": false}, "version": {"essentia_build_sha": "2d9f1f26377add8aeb1075a9c2973f962c4f09fd", "essentia": "2.1-beta2", "extractor": "music 1.0", "essentia_git_sha": "v2.1_beta2-1-ge3940c0"}, "tags": {"title": ["Ana Oual Azab"], "barcode": ["3259119896623"], "media": ["CD"], "albumartist": ["Various Artists"], "musicbrainz_recordingid": ["0bb7e070-a9c9-474d-a0bc-02b096c4c732"], "musicbrainz_albumartistid": ["89ad4ac3-39f7-470e-963a-56509c546377"], "discnumber": ["1/1"], "album": ["Intervention divine"], "catalognumber": ["198 966-2"], "contentgroup": ["Classical"], "musicbrainz album type": ["soundtrack"], "musicbrainz album status": ["official"], "file_name": "02 - Mohammed Abdel Wahab - Ana Oual Azab.mp3", "originaldate": ["2002-09-30"], "date": ["2002-09-30"], "genre": ["Classical"], "musicbrainz album release country": ["FR"], "musicbrainz_artistid": ["77229bca-1a90-4015-bb80-29745aa0232f"], "asin": ["B00006L7SQ"], "musicbrainz_albumid": ["af243530-c483-4e9b-8a6c-57bbd6f8d3d0"], "artist": ["Mohammed Abdel Wahab"], "artistsort": ["Mohammed Abdel Wahab"], "tracknumber": ["2/11"], "label": ["Milan"], "albumartistsort": ["Various Artists"], "acoustid_id": ["4fb5dca1-1c60-4ff2-a6bf-a07b2a38dce7"], "script": ["Latn"]}}, "rhythm": {"bpm_histogram_first_peak_bpm": {"dmean2": 0, "median": 108, "min": 108, "dvar2": 0, "dvar": 0, "dmean": 0, "max": 108, "var": 0, "mean": 108}, "bpm": 106.45173645, "bpm_histogram_second_peak_spread": {"dmean2": 0, "median": 0.579310357571, "min": 0.579310357571, "dvar2": 0, "dvar": 0, "dmean": 0, "max": 0.579310357571, "var": 0, "mean": 0.579310357571}, "bpm_histogram_first_peak_weight": {"dmean2": 0, "median": 0.159999996424, "min": 0.159999996424, "dvar2": 0, "dvar": 0, "dmean": 0, "max": 0.159999996424, "var": 0, "mean": 0.159999996424}, "onset_rate": 2.90557408333, "beats_position": [0.568888902664, 1.16099774837, 1.75310659409, 2.34521532059, 2.93732428551, 3.54104304314, 4.15637159348, 4.77170038223, 5.3754196167, 5.97913837433, 6.58285713196, 7.19818592072, 7.80190467834, 8.40562343597, 9.0093421936, 9.61306095123, 10.22838974, 10.8437185287, 11.4706573486, 12.0859861374, 12.7013149261, 13.3166437149, 13.9203624725, 14.5240812302, 15.1277999878, 15.7315187454, 16.3352375031, 16.9505672455, 17.5658950806, 18.1696147919, 18.7733325958, 19.3770523071, 19.9807701111, 20.5844898224, 21.1765975952, 21.7687072754, 22.3608150482, 22.9645347595, 23.5682544708, 24.1603622437, 24.764081955, 25.37940979, 25.9947395325, 26.5984573364, 27.2021770477, 27.8175048828, 28.4328346252, 29.0481624603, 29.6634922028, 30.2672100067, 30.8593196869, 31.4398174286, 32.0203170776, 32.6008148193, 33.1813163757, 33.750202179, 34.3655319214, 34.9692497253, 35.5845794678, 36.1882972717, 36.7920188904, 37.3841247559, 37.976234436, 38.5683441162, 39.1604537964, 39.7525634766, 40.344669342, 40.9367790222, 41.5404968262, 42.1442184448, 42.7363243103, 43.3052139282, 43.8857116699, 44.4662132263, 45.0583229065, 45.650428772, 46.2309303284, 46.7998161316, 47.3687057495, 47.9492073059, 48.5297050476, 49.1566429138, 49.78358078, 50.4105224609, 51.0374603271, 51.6643981934, 52.2913360596, 52.9182739258, 53.5219955444, 54.1373214722, 54.7526512146, 55.3099327087, 55.8672103882, 56.4244880676, 56.9817695618, 57.5390472412, 58.1195449829, 58.7000427246, 59.2921524048, 59.884262085, 60.4879798889, 61.0916976929, 61.6954193115, 62.2991371155, 62.9028549194, 63.4949645996, 64.0870742798, 64.6675720215, 65.2480697632, 65.8517913818, 66.4555053711, 67.0592269897, 67.6629486084, 68.2666625977, 68.8703842163, 69.485710144, 70.0662155151, 70.6467132568, 71.238822937, 71.8425369263, 72.4578704834, 73.0615844727, 73.6769180298, 74.280632019, 74.8959655762, 75.5112915039, 76.1266174316, 76.7419509888, 77.3572769165, 77.9726028442, 78.5879364014, 79.2148742676, 79.8418121338, 80.4571380615, 81.0724716187, 81.6994094849, 82.3147354126, 82.9184570313, 83.5221786499, 84.1258926392, 84.7180023193, 85.321723938, 85.9254379272, 86.5175476074, 87.1096572876, 87.7017669678, 88.2938766479, 88.8859863281, 89.4897003174, 90.0818099976, 90.6739196777, 91.2660293579, 91.8581390381, 92.4502487183, 93.0423583984, 93.6344680786, 94.2149658203, 94.8070755005, 95.3991851807, 95.9912872314, 96.5950088501, 97.1987304688, 97.802444458, 98.4061660767, 99.0098876953, 99.6136016846, 100.205711365, 100.809432983, 101.401542664, 101.993652344, 102.608978271, 103.21269989, 103.828025818, 104.443351746, 105.070289612, 105.697235107, 106.324172974, 106.95111084, 107.578048706, 108.216598511, 108.831924438, 109.435646057, 110.062583923, 110.68952179, 111.316459656, 111.920181274, 112.535507202, 113.139228821, 113.74294281, 114.346664429, 114.950386047, 115.542495728, 116.146209717, 116.749931335, 117.353645325, 117.957366943, 118.561088562, 119.164802551, 119.756912231, 120.349021912, 120.929519653, 121.510017395, 122.102127075, 122.705848694, 123.309570313, 123.913284302, 124.51700592, 125.12071991, 125.71282959, 126.316551208, 126.908660889, 127.500770569, 128.104492188, 128.708206177, 129.311920166, 129.915649414, 130.507751465, 131.099868774, 131.703582764, 132.295684814, 132.876190186, 133.456680298, 134.048797607, 134.62928772, 135.221405029, 135.81350708, 136.40562439, 136.99772644, 137.58984375, 138.181945801, 138.77406311, 139.366165161, 139.958267212, 140.550384521, 141.142486572, 141.734603882, 142.326705933, 142.907211304, 143.499313354, 144.079818726, 144.660308838, 145.240814209, 145.82131958, 146.401809692, 146.970703125, 147.562805176, 148.154922485, 148.770248413, 149.397186279, 150.024124146, 150.651062012, 151.277999878, 151.881713867, 152.473831177, 153.054321289, 153.576782227, 154.099227905, 154.621673584, 155.132507324, 155.643356323, 156.142578125, 156.630203247, 157.129425049, 157.640274048, 158.151107788, 158.661941528, 159.056686401, 159.463043213, 159.869384766, 160.275741577, 160.705307007, 161.134872437, 161.576049805, 162.005615234, 162.446792603, 162.887985229, 163.340774536, 163.816772461, 164.292785645, 164.768798828, 165.233200073, 165.709197998, 166.185211182, 166.742492676, 167.29977417, 167.845443726, 168.40272522, 168.959991455, 169.575332642, 170.190658569, 170.805984497, 171.386474609, 171.955368042, 172.501037598, 173.058319092, 173.615600586, 174.184494019, 174.753372192, 175.322265625, 175.891159058, 176.47164917, 177.063766479, 177.65586853, 178.236373901, 178.805252075, 179.362533569, 179.919815063, 180.477096558, 181.034378052, 181.580047607, 182.137313843, 182.694595337, 183.251876831, 183.809158325, 184.366439819, 184.923721313, 185.480987549, 186.026657104, 186.57232666, 187.129608154, 187.686889648, 188.255783081, 188.85949707, 189.451599121, 190.043716431, 190.635818481, 191.227935791, 191.808425903, 192.400543213, 193.004257202, 193.631195068, 194.258132935, 194.885070801, 195.512008667, 196.138946533, 196.847167969, 197.555374146, 198.275192261, 198.995010376, 199.714828491, 200.423034668, 201.061584473, 201.700134277, 202.292236328, 202.907577515, 203.511291504, 203.964080811, 204.428482056, 204.892883301, 205.334060669, 205.775238037, 206.216415405, 206.657592773, 207.087158203, 207.516723633, 207.95791626, 208.399093628, 208.828659058, 209.269836426, 209.699401855, 210.128982544, 210.558547974, 210.999725342, 211.464126587, 211.940139771, 212.427749634, 212.915374756, 213.391372681, 213.867385864, 214.343399048, 214.819412231, 215.307022095, 215.899139404, 216.502853394, 217.036911011, 217.570968628, 218.105026245, 218.639083862, 219.173141479, 219.707214355, 220.299316406, 220.903030396, 221.529968262, 222.156906128, 222.772247314, 223.375961304, 223.979675293, 224.571792603, 225.163894653, 225.767608643, 226.371337891, 226.97505188, 227.590377808, 228.205703735, 228.821044922, 229.43637085, 230.040084839, 230.643798828, 231.247528076, 231.851242065, 232.454956055, 233.058685303, 233.708831787, 234.370605469, 234.985931396, 235.612869263, 236.228210449, 236.831924438, 237.435638428, 238.039367676, 238.631469727, 239.223571777, 239.827301025, 240.419403076, 240.999908447, 241.58039856, 242.160903931, 242.729797363, 243.310287476, 243.902404785, 244.482894897, 245.063400269, 245.655502319, 246.247619629, 246.828109741, 247.408615112, 247.989105225, 248.581222534, 249.173324585, 249.765441895, 250.369155884, 250.984481812, 251.599807739, 252.215148926, 252.830474854, 253.445800781, 254.061126709, 254.688064575, 255.315002441, 255.918731689, 256.534057617, 257.149383545, 257.764709473, 258.368438721, 258.960540771, 259.552642822, 260.144744873, 260.725250244, 261.317352295, 261.897857666, 262.478363037, 263.058868408, 263.627746582, 264.208251953, 264.811981201, 265.427307129, 266.042633057, 266.657958984, 267.261688232, 267.818939209, 268.376220703, 268.933502197, 269.490783691, 270.048065186, 270.616943359, 271.185852051, 271.754730225, 272.312011719, 272.869293213, 273.426574707, 273.983856201, 274.552734375, 275.133239746, 275.713745117, 276.282623291, 276.863128662, 277.432006836, 278.000915527, 278.581390381, 279.161895752, 279.730773926, 280.299682617, 280.856964111, 281.402618408, 281.959899902, 282.528778076, 283.097686768, 283.654968262, 284.212249756, 284.76953125, 285.350006104, 285.930511475, 286.511016846, 287.091522217, 287.660400391, 288.229278564, 288.798187256, 289.35546875, 289.924346924, 290.481628418, 291.050506592, 291.596191406, 292.1534729, 292.710754395, 293.268035889, 293.836914063, 294.382568359, 294.939849854, 295.473907471, 296.007965088, 296.542022705, 297.076080322, 297.610168457, 298.155822754, 298.689880371, 299.247161865, 299.816040039, 300.38494873, 300.953826904, 301.511108398, 302.079986572, 302.660491943, 303.229370117, 303.798278809, 304.367156982, 304.924438477, 305.470092773, 306.015777588, 306.584655762, 307.141937256, 307.722442627, 308.302947998, 308.871826172, 309.452331543, 310.032836914, 310.613342285, 311.193817139, 311.76272583, 312.331604004, 312.900482178, 313.469390869, 314.026672363, 314.583953857, 315.141204834, 315.686889648, 316.255767822, 316.824676514, 317.381958008, 317.939208984, 318.508117676, 319.088623047, 319.6690979, 320.249603271, 320.830108643, 321.410614014, 321.991119385, 322.571594238, 323.14050293, 323.709381104, 324.278259277, 324.847167969, 325.416046143, 325.984924316, 326.565429688, 327.134338379, 327.691589355, 328.23727417, 328.817779541, 329.398284912, 329.955535889, 330.501220703, 331.046875, 331.627380371, 332.207885742, 332.81161499, 333.380493164, 333.937774658, 334.506652832, 335.075561523, 335.644439697, 336.201721191, 336.770599365, 337.339508057, 337.896759033, 338.442443848, 338.999725342, 339.568603516, 340.149108887, 340.729614258, 341.298492432, 341.867401123, 342.436279297, 343.005157471, 343.492797852, 343.968780518, 344.456420898, 344.932434082, 345.396820068, 345.872833252, 346.348846436, 346.836456299, 347.324066162, 347.811706543, 348.299316406, 348.78692627, 349.27456665, 349.762176514, 350.249786377, 350.725799561, 351.201812744, 351.677825928, 352.258300781, 352.85043335, 353.45413208, 354.034637451, 354.615142822, 355.207244873, 355.787750244, 356.379852295, 357.00680542, 357.633728027, 358.225830078, 358.806335449, 359.38684082, 359.955718994, 360.513000488, 361.08190918, 361.650787354, 362.208068848, 362.765350342, 363.334228516, 363.903137207, 364.472015381, 365.040893555, 365.598175049, 366.143859863, 366.701141357, 367.270019531, 367.838897705, 368.407806396, 368.941864014, 369.475921631, 370.033203125, 370.590484619, 371.136138916, 371.70501709, 372.262298584, 372.819580078, 373.376861572, 373.934143066, 374.479797363, 375.048706055, 375.617584229, 376.18649292, 376.743743896, 377.301025391, 377.869934082, 378.438812256, 378.972869873, 379.483703613, 379.994537354, 380.516998291, 381.039459229, 381.573516846, 382.095947266, 382.618408203, 383.15246582, 383.640075684, 384.127716064, 384.615325928, 385.114562988, 385.602172852, 386.089782715, 386.565795898, 387.053405762, 387.529418945, 388.028656006, 388.527893066, 389.027099609, 389.51473999, 390.002349854, 390.489959717, 391.058868408, 391.616149902, 392.161804199, 392.730682373, 393.287963867, 393.845245361, 394.414154053, 394.971435547, 395.540313721, 396.109191895, 396.666473389, 397.223754883, 397.781036377, 398.349914551, 398.918823242, 399.476104736, 400.04498291, 400.602264404, 401.159545898, 401.716827393, 402.262481689, 402.819763184, 403.377044678, 403.922698975, 404.468383789, 405.025665283, 405.582946777, 406.140228271, 406.697509766, 407.266387939, 407.835266113, 408.392547607, 408.949829102, 409.507110596, 410.06439209, 410.621673584, 411.178955078, 411.736236572, 412.305114746, 412.87399292, 413.454498291, 414.023406982, 414.592285156, 415.219207764, 415.846160889, 416.473114014, 417.088439941, 417.715362549, 418.330688477, 418.946014404, 419.514923096, 420.095397949, 420.67590332, 421.244812012, 421.825286865, 422.394195557, 422.96307373, 423.543579102, 424.112457275, 424.692962646, 425.273468018, 425.853973389, 426.422851563, 427.003356934, 427.572235107, 428.152740479, 428.73324585, 429.313720703, 429.871002197, 430.428283691, 430.997192383, 431.566070557, 432.13494873, 432.703857422, 433.261138916, 433.83001709, 434.422119141, 435.025848389, 435.60635376, 436.175231934, 436.755737305, 437.324615479, 437.893493652, 438.462402344, 439.031280518, 439.623382568, 440.27355957, 440.923706055, 441.573883057, 442.235626221, 442.885803223, 443.547576904, 444.209320068, 444.85949707, 445.498046875, 446.13659668, 446.786743164, 447.390472412, 448.00579834, 448.609527588, 449.178405762, 449.747283936, 450.316192627, 450.885070801, 451.442352295, 451.999633789, 452.556915283, 453.114196777, 453.671478271, 454.228729248, 454.774414063, 455.320068359, 455.865753174, 456.341766357, 456.817779541, 457.293792725, 457.792999268, 458.292236328, 458.791473389, 459.290679932, 459.801544189, 460.31237793, 460.892883301, 461.473358154, 462.042266846, 462.59954834, 463.156829834, 463.714080811, 464.259765625, 464.805419922, 465.351104736, 465.885162354, 466.419219971, 466.906829834, 467.406066895, 467.905303955, 468.369689941, 468.834106445, 469.310119629, 469.774505615, 470.227294922, 470.703308105, 471.156097412, 471.620483398, 472.073272705, 472.526062012, 472.978851318, 473.431640625, 473.872833252, 474.337219238, 474.801635742, 475.266021729, 475.742034912, 476.218048096, 476.717285156, 477.20489502, 477.70413208, 478.203338623, 478.772247314, 479.329528809, 479.886779785, 480.444061279, 480.989746094, 481.535400391, 482.092681885, 482.649963379, 483.207244873, 483.764526367, 484.321807861, 484.879089355, 485.447967529, 486.005249023, 486.574127197, 487.131408691, 487.688690186, 488.234375, 488.780029297, 489.337310791, 489.894592285, 490.451873779, 491.009155273, 491.566436768, 492.123718262, 492.680999756, 493.23828125, 493.795532227, 494.352813721, 494.898498535, 495.444152832, 496.001434326, 496.570343018, 497.115997314, 497.673278809, 498.218933105, 498.7762146, 499.368347168, 499.972045898, 500.575775146, 501.202697754, 501.829650879, 502.456604004, 503.083526611, 503.722076416, 504.337402344, 504.952728271, 505.498413086, 506.044067383, 506.589752197, 507.135406494, 507.681091309, 508.238372803, 508.795623779, 509.341308594, 509.898590088, 510.444244385, 511.001525879, 511.523986816, 512.034790039, 512.557250977, 513.056518555, 513.555725098, 514.066589355, 514.565795898, 515.065002441, 515.668762207, 516.237609863, 516.806518555, 517.387023926, 517.955932617, 518.548034668, 519.128540039, 519.70904541, 520.277893066, 520.846801758, 521.415710449, 521.972961426, 522.530212402, 523.075927734, 523.621582031, 524.178833008, 524.73614502, 525.293395996, 525.862304688, 526.431213379, 527.000061035, 527.557373047, 528.103027344, 528.66027832, 529.229187012, 529.786499023, 530.34375, 530.901062012, 531.458312988, 532.015563965, 532.584472656, 533.153381348, 533.710632324, 534.279541016, 534.848449707, 535.405700684, 535.963012695, 536.531860352, 537.100769043, 537.681274414, 538.25012207, 538.830627441, 539.411132813, 539.980041504, 540.560546875], "beats_loudness": {"dmean2": 0.030971063301, "median": 0.0320303589106, "min": 0, "dvar2": 0.00055013835663, "dvar": 0.000187869547517, "dmean": 0.0173789784312, "max": 0.112652689219, "var": 0.000271641212748, "mean": 0.0328220874071}, "danceability": 1.19034314156, "bpm_histogram_second_peak_weight": {"dmean2": 0, "median": 0.192631572485, "min": 0.192631572485, "dvar2": 0, "dvar": 0, "dmean": 0, "max": 0.192631572485, "var": 0, "mean": 0.192631572485}, "beats_count": 951, "bpm_histogram_second_peak_bpm": {"dmean2": 0, "median": 99, "min": 99, "dvar2": 0, "dvar": 0, "dmean": 0, "max": 99, "var": 0, "mean": 99}, "bpm_histogram_first_peak_spread": {"dmean2": 0, "median": 0.574229717255, "min": 0.574229717255, "dvar2": 0, "dvar": 0, "dmean": 0, "max": 0.574229717255, "var": 0, "mean": 0.574229717255}, "beats_loudness_band_ratio": {"dmean2": [0.468613564968, 0.455108016729, 0.424745231867, 0.161150157452, 0.0922567620873, 0.0181768778712], "median": [0.175599530339, 0.431890487671, 0.287331610918, 0.0364096164703, 0.0217314045876, 0.00195166864432], "min": [0, 0, 0, 0, 0, 0], "dvar2": [0.154534772038, 0.10184905678, 0.100303962827, 0.0422948524356, 0.0278815496713, 0.00234043458477], "dvar": [0.0519371144474, 0.0371412150562, 0.0357981882989, 0.0144247505814, 0.00846917741001, 0.000721686868928], "dmean": [0.254095375538, 0.260711073875, 0.242312476039, 0.0882066264749, 0.0496671386063, 0.00959227140993], "max": [0.979668498039, 0.975454390049, 0.908281683922, 0.85552573204, 0.958624303341, 0.314484417439], "var": [0.05775263533, 0.0646645054221, 0.0512358024716, 0.0125204734504, 0.00599197391421, 0.000410941807786], "mean": [0.254905641079, 0.443247079849, 0.315761655569, 0.0789808854461, 0.0449890345335, 0.00692286714911]}}, "lowlevel": {"barkbands_spread": {"dmean2": 3.50908899307, "median": 6.3446354866, "min": 0.224567323923, "dvar2": 18.7407855988, "dvar": 8.38417720795, "dmean": 2.29367136955, "max": 117.105163574, "var": 43.8052406311, "mean": 8.18891811371}, "melbands_spread": {"dmean2": 4.65110969543, "median": 7.5922703743, "min": 0.348805963993, "dvar2": 40.7246246338, "dvar": 17.9635238647, "dmean": 3.04387497902, "max": 155.431182861, "var": 170.458755493, "mean": 10.8613710403}, "hfc": {"dmean2": 3.89951777458, "median": 11.7674293518, "min": 1.07564892643e-16, "dvar2": 26.9404830933, "dvar": 15.1131744385, "dmean": 2.82408118248, "max": 191.558700562, "var": 103.182296753, "mean": 13.186091423}, "barkbands_kurtosis": {"dmean2": 7.9577498436, "median": 6.55132675171, "min": -1.91248655319, "dvar2": 153.338531494, "dvar": 68.317237854, "dmean": 5.17356395721, "max": 241.237533569, "var": 231.114959717, "mean": 11.0887918472}, "gfcc": {"mean": [-81.6738586426, 157.37197876, -132.625732422, 17.2936496735, -58.3254432678, -15.4252405167, -44.0481910706, -12.4896678925, -8.75821495056, -18.4001808167, -6.87751102448, -9.53728103638, -8.21034622192], "icov": [[0.000483370269649, -0.00110254832543, 0.00112318643369, -0.000996446353383, 0.00107484590262, -0.000756101333536, 0.00115032272879, -0.000649134512059, 0.000716326117981, -0.000422452751081, 0.000165464618476, 7.36487199902e-05, -7.03041805536e-05], [-0.00110254832543, 0.00436635874212, -0.00273423432373, 0.00287287100218, -0.00331617635675, 0.00287261721678, -0.00403023278341, 0.00291139446199, -0.00294505106285, 0.00276301475242, -0.00184431381058, 0.00121468002908, -5.10618265253e-05], [0.00112318643369, -0.00273423432373, 0.00405243784189, -0.00306703592651, 0.00248926505446, -0.00237764744088, 0.00213958695531, -0.00030754643376, 0.000510940677486, -0.000533123966306, 9.7980213468e-05, -0.000583949382417, -0.000142671982758], [-0.000996446353383, 0.00287287100218, -0.00306703592651, 0.00633416930214, -0.00329353869893, 0.000118969262985, -0.000601849344093, 0.000370185676729, -0.00119265727699, 0.00147168571129, 0.00134122581221, -0.000637316261418, -4.82613140775e-05], [0.00107484590262, -0.00331617635675, 0.00248926505446, -0.00329353869893, 0.00632697669789, -0.000563968787901, 0.00156251213048, -0.0017735704314, 0.00229828897864, -0.00295847165398, 0.0019246651791, 0.000188435908058, 0.000175358130946], [-0.000756101333536, 0.00287261721678, -0.00237764744088, 0.000118969262985, -0.000563968787901, 0.00696596177295, -0.00461787451059, 0.00120863970369, -0.000138587114634, -0.000221934824367, -0.000357735378202, 0.00172257085796, 0.000837655679788], [0.00115032272879, -0.00403023278341, 0.00213958695531, -0.000601849344093, 0.00156251213048, -0.00461787451059, 0.012836240232, -0.00815042480826, 0.00710270460695, -0.00404640566558, 0.00251522730105, -0.000244879192906, -0.00154707266483], [-0.000649134512059, 0.00291139446199, -0.00030754643376, 0.000370185676729, -0.0017735704314, 0.00120863970369, -0.00815042480826, 0.0169079024345, -0.00888225622475, 0.00265626539476, 0.00107325951103, -0.00245020189323, 0.00202198675834], [0.000716326117981, -0.00294505106285, 0.000510940677486, -0.00119265727699, 0.00229828897864, -0.000138587114634, 0.00710270460695, -0.00888225622475, 0.0170582924038, -0.00699385534972, -0.000114964677778, 0.00191431469284, -0.00143094104715], [-0.000422452751081, 0.00276301475242, -0.000533123966306, 0.00147168571129, -0.00295847165398, -0.000221934824367, -0.00404640566558, 0.00265626539476, -0.00699385534972, 0.0165976751596, -0.00690473476425, 0.000961970887147, 0.000564854359254], [0.000165464618476, -0.00184431381058, 9.7980213468e-05, 0.00134122581221, 0.0019246651791, -0.000357735378202, 0.00251522730105, 0.00107325951103, -0.000114964677778, -0.00690473476425, 0.0182369258255, -0.00949138123542, 0.00339542794973], [7.36487199902e-05, 0.00121468002908, -0.000583949382417, -0.000637316261418, 0.000188435908058, 0.00172257085796, -0.000244879192906, -0.00245020189323, 0.00191431469284, 0.000961970887147, -0.00949138123542, 0.020554959774, -0.00747535051778], [-7.03041805536e-05, -5.10618265253e-05, -0.000142671982758, -4.82613140775e-05, 0.000175358130946, 0.000837655679788, -0.00154707266483, 0.00202198675834, -0.00143094104715, 0.000564854359254, 0.00339542794973, -0.00747535051778, 0.0140863806009]], "cov": [[9715.10839844, 831.614074707, -1708.58044434, 58.3343505859, -474.491027832, -83.8462600708, -323.21307373, -31.6221485138, -74.4059066772, -141.060348511, -22.8531017303, -145.507446289, -59.280254364], [831.614074707, 1193.87939453, -23.0685424805, -289.718170166, 221.796264648, -339.203613281, 37.190738678, -80.4257736206, 48.0442581177, -45.7810249329, 67.997543335, -31.8698711395, 13.7041425705], [-1708.58044434, -23.0685424805, 934.744934082, 202.413772583, -0.383402258158, 146.317611694, 14.4592523575, -35.9067459106, 26.663061142, -4.21570539474, 8.14934635162, 31.7375888824, 17.351650238], [58.3343505859, -289.718170166, 202.413772583, 416.158782959, 20.8019962311, 169.631668091, -18.8552818298, 24.9992084503, -17.8232288361, -19.4467048645, -69.7063446045, -5.94807577133, -0.673632621765], [-474.491027832, 221.796264648, -0.383402258158, 20.8019962311, 364.521636963, -71.3172607422, 61.1785163879, 12.0780973434, -1.02578008175, 15.1514635086, -28.3151435852, -20.1652259827, -1.39617955685], [-83.8462600708, -339.203613281, 146.317611694, 169.631668091, -71.3172607422, 372.151580811, 87.7847290039, 38.9887886047, -45.0501823425, 14.2170801163, -48.6388549805, -21.9565467834, -21.8569412231], [-323.21307373, 37.190738678, 14.4592523575, -18.8552818298, 61.1785163879, 87.7847290039, 209.768768311, 60.9758720398, -38.4508285522, 12.8228149414, -29.9337043762, -8.27260494232, 5.31261873245], [-31.6221485138, -80.4257736206, -35.9067459106, 24.9992084503, 12.0780973434, 38.9887886047, 60.9758720398, 112.434356689, 26.4123287201, 12.3919553757, -18.1228313446, 2.16991877556, -4.93239450455], [-74.4059066772, 48.0442581177, 26.663061142, -17.8232288361, -1.02578008175, -45.0501823425, -38.4508285522, 26.4123287201, 112.019844055, 35.9511489868, 26.0987167358, 4.2607254982, 0.597146332264], [-141.060348511, -45.7810249329, -4.21570539474, -19.4467048645, 15.1514635086, 14.2170801163, 12.8228149414, 12.3919553757, 35.9511489868, 101.110328674, 39.5139045715, 10.5032644272, -6.73692893982], [-22.8531017303, 67.997543335, 8.14934635162, -69.7063446045, -28.3151435852, -48.6388549805, -29.9337043762, -18.1228313446, 26.0987167358, 39.5139045715, 111.914787292, 43.1834754944, -0.458207011223], [-145.507446289, -31.8698711395, 31.7375888824, -5.94807577133, -20.1652259827, -21.9565467834, -8.27260494232, 2.16991877556, 4.2607254982, 10.5032644272, 43.1834754944, 85.6913757324, 34.8731803894], [-59.280254364, 13.7041425705, 17.351650238, -0.673632621765, -1.39617955685, -21.8569412231, 5.31261873245, -4.93239450455, 0.597146332264, -6.73692893982, -0.458207011223, 34.8731803894, 92.4741287231]]}, "spectral_energyband_middle_low": {"dmean2": 0.00922858715057, "median": 0.0208284705877, "min": 1.50675197066e-22, "dvar2": 9.59437893471e-05, "dvar": 4.46224366897e-05, "dmean": 0.00616731727496, "max": 0.120052888989, "var": 0.00025582688977, "mean": 0.0229599438608}, "melbands_crest": {"dmean2": 5.49910783768, "median": 14.9739322662, "min": 1.00387358665, "dvar2": 22.4500408173, "dvar": 8.97075843811, "dmean": 3.41199302673, "max": 36.5090179443, "var": 31.5169944763, "mean": 15.8004846573}, "spectral_kurtosis": {"dmean2": 9.80169868469, "median": 9.96721458435, "min": -1.26014316082, "dvar2": 106.594833374, "dvar": 37.022151947, "dmean": 5.76132249832, "max": 126.342247009, "var": 105.342170715, "mean": 12.727722168}, "spectral_rms": {"dmean2": 0.000895341217984, "median": 0.00505168642849, "min": 3.10234260156e-12, "dvar2": 7.42113229535e-07, "dvar": 3.76545813197e-07, "dmean": 0.000617302837782, "max": 0.010877430439, "var": 3.01931072499e-06, "mean": 0.0048708175309}, "zerocrossingrate": {"dmean2": 0.00506797572598, "median": 0.02587890625, "min": 0.00341796875, "dvar2": 4.43422504759e-05, "dvar": 2.96431007882e-05, "dmean": 0.00419618189335, "max": 0.52734375, "var": 0.00165578606538, "mean": 0.0325368791819}, "silence_rate_60dB": {"dmean2": 0.0312258731574, "median": 0, "min": 0, "dvar2": 0.0325687341392, "dvar": 0.0153689635918, "dmean": 0.0156122669578, "max": 1, "var": 0.0491609349847, "mean": 0.0518528036773}, "erbbands_kurtosis": {"dmean2": 3.23923063278, "median": 1.00710725784, "min": -1.87248885632, "dvar2": 47.0382537842, "dvar": 21.3747196198, "dmean": 2.11212515831, "max": 239.562408447, "var": 81.4321517944, "mean": 3.37831664085}, "erbbands": {"dmean2": [0.0076519344002, 0.158871114254, 0.860605061054, 4.68246269226, 15.4781913757, 11.4015922546, 20.5793476105, 36.133102417, 51.9347496033, 27.4543094635, 22.4348182678, 20.2667503357, 35.4418373108, 15.4914178848, 12.9332370758, 14.2554254532, 11.9889564514, 17.5109062195, 13.4969930649, 10.3312482834, 11.357998848, 10.8873195648, 6.10510253906, 5.22076511383, 1.72702538967, 1.21143651009, 0.580817341805, 0.315727353096, 0.192602977157, 0.182125359774, 0.146541848779, 0.0980145037174, 0.0356172062457, 0.00754463626072, 0.00176674162503, 0.000458642985905, 0.000147383572767, 3.94069502363e-05, 8.16015653982e-06, 1.02751910163e-05], "median": [0.0028505618684, 0.0669400840998, 0.435914874077, 2.06929445267, 8.38988685608, 6.52055835724, 7.93515300751, 24.0941429138, 27.1535148621, 13.1677694321, 8.63998317719, 7.54185676575, 8.22360038757, 4.7653131485, 3.54919338226, 3.81512451172, 3.44829058647, 4.59119033813, 4.19681072235, 4.12796354294, 5.92282962799, 5.05036497116, 2.49421668053, 1.95288991928, 0.707653641701, 0.403684288263, 0.245650157332, 0.143613949418, 0.0960251688957, 0.100311100483, 0.0807290226221, 0.0468267723918, 0.0146700879559, 0.00293772667646, 0.000676624127664, 0.000209356163396, 8.27812255011e-05, 2.07456614589e-05, 1.45643971337e-05, 2.98247068713e-05], "min": [4.52793159169e-23, 4.10508876741e-22, 2.17077638231e-21, 4.69023806949e-21, 1.28235766646e-20, 1.64483750051e-20, 4.48971179833e-20, 8.68337694789e-20, 1.49237160232e-19, 1.48119871869e-19, 1.84960402551e-19, 2.49106475446e-19, 4.202345053e-19, 7.97795072991e-19, 9.13581902281e-19, 1.18222224789e-18, 1.6318425771e-18, 1.83254316688e-18, 2.25124751729e-18, 3.19145326157e-18, 3.56059770596e-18, 3.46117411185e-18, 3.81851427532e-18, 5.58231190906e-18, 5.63648644891e-18, 8.38084259234e-18, 1.00837584922e-17, 1.04028384504e-17, 1.12861581568e-17, 1.18993967757e-17, 1.14842637776e-17, 8.83518064277e-18, 9.71957981983e-18, 7.87529792608e-18, 5.35365685387e-18, 3.86353688888e-18, 1.99757024858e-18, 8.97336281845e-19, 2.60119118682e-19, 2.57980766326e-20], "dvar2": [0.000214547908399, 0.0845957547426, 2.64919805527, 66.6966323853, 559.236572266, 492.27734375, 1692.99133301, 3886.02563477, 9391.91210938, 3832.30200195, 2769.92724609, 4082.40332031, 13084.2099609, 2100.59692383, 1638.96081543, 1669.07092285, 1488.71972656, 3129.07275391, 2286.46679688, 908.395385742, 629.985778809, 944.030090332, 2596.60693359, 463.721801758, 48.8737831116, 19.6551437378, 4.09603881836, 1.72248136997, 0.439220517874, 0.214082494378, 0.142212882638, 0.0653673037887, 0.0114037226886, 0.000470128143206, 3.18925885949e-05, 2.5794429348e-06, 2.77223819012e-07, 1.68247424881e-08, 3.37100347636e-10, 1.1302243863e-10], "dvar": [8.64896792336e-05, 0.0330996140838, 1.25752174854, 26.4223079681, 209.144561768, 208.03666687, 853.005187988, 2179.75805664, 4577.34814453, 1619.11218262, 1336.18737793, 1717.04785156, 5502.70214844, 856.561157227, 685.499450684, 671.428222656, 608.647583008, 1276.05932617, 941.313842773, 374.724945068, 268.566162109, 375.366546631, 1505.07983398, 214.895446777, 19.7915668488, 8.34961986542, 1.83391189575, 0.820008933544, 0.214997902513, 0.103945866227, 0.0721615031362, 0.0351697467268, 0.00561325112358, 0.000262533110799, 1.81984414667e-05, 1.57853514793e-06, 1.68191363059e-07, 1.02344621666e-08, 2.01923894272e-10, 5.52707463131e-11], "dmean": [0.00479895807803, 0.0984465554357, 0.552188336849, 2.87306427956, 9.49159908295, 7.29998445511, 13.9607057571, 25.9005756378, 36.114818573, 18.2695617676, 15.6903562546, 13.609618187, 22.8346271515, 9.8512802124, 8.27906703949, 8.98371887207, 7.88098716736, 11.2633562088, 8.57926940918, 6.62949895859, 7.44865846634, 6.94133806229, 3.95990538597, 3.38591361046, 1.11315977573, 0.779538273811, 0.3891530931, 0.217221096158, 0.137415125966, 0.133025795221, 0.112450756133, 0.0752583369613, 0.0273238681257, 0.00596933532506, 0.00140110962093, 0.000358349672752, 0.000112110326882, 2.95419122267e-05, 5.98011092734e-06, 7.03575051375e-06], "max": [0.233117744327, 4.05981969833, 40.1018829346, 107.033699036, 226.297973633, 454.471221924, 805.430603027, 1176.35400391, 1536.25231934, 916.925292969, 1022.07293701, 2128.22973633, 2676.84692383, 1030.74206543, 917.564697266, 1444.08618164, 775.521606445, 1283.64550781, 1329.47070313, 1051.63598633, 674.096069336, 602.26751709, 4384.96777344, 615.271850586, 255.078201294, 116.976875305, 62.1939964294, 77.4297637939, 35.8089294434, 11.914639473, 12.156039238, 9.1997013092, 3.29156827927, 0.761675477028, 0.194533959031, 0.0572683513165, 0.02053389512, 0.00430523883551, 0.000654093862977, 0.000135271257022], "var": [0.000217591965338, 0.0778028741479, 3.2100918293, 67.1127319336, 461.989746094, 645.888122559, 4562.74609375, 11341.3076172, 19272.4667969, 4488.21582031, 3948.30639648, 3831.71582031, 14263.0986328, 2180.44775391, 1465.53015137, 1679.32702637, 1193.79467773, 2659.85083008, 1966.12561035, 904.53704834, 704.258544922, 814.528930664, 2707.29394531, 473.441467285, 56.9143981934, 18.3295211792, 4.62523174286, 2.72916507721, 0.63647300005, 0.420550227165, 0.332888484001, 0.161008313298, 0.0221355818212, 0.00117012462579, 7.78311805334e-05, 6.40847338218e-06, 6.64611206957e-07, 4.24220409911e-08, 8.55856885362e-10, 3.59787505344e-10], "mean": [0.00815477594733, 0.171350806952, 0.958910405636, 4.99488782883, 16.1431274414, 14.5983428955, 31.8476295471, 63.7998847961, 85.1840209961, 36.8569374084, 31.9439983368, 25.3490409851, 38.6688690186, 17.6257019043, 13.9974632263, 14.8819894791, 14.0150375366, 19.0503978729, 15.1535100937, 12.7374620438, 15.1810207367, 13.28490448, 7.29010343552, 6.34943008423, 2.29817581177, 1.57160758972, 0.831366360188, 0.47511690855, 0.313662528992, 0.309165745974, 0.266617894173, 0.171904608607, 0.0598106309772, 0.0135280778632, 0.00322047597729, 0.000849351577926, 0.000274190824712, 6.95679555065e-05, 1.99403075385e-05, 3.12272823066e-05]}, "spectral_strongpeak": {"dmean2": 0.855481982231, "median": 1.20425820351, "min": 0, "dvar2": 1.25463187695, "dvar": 0.5208132267, "dmean": 0.529843509197, "max": 28.1213264465, "var": 1.28112769127, "mean": 1.44545388222}, "spectral_energy": {"dmean2": 0.00925533846021, "median": 0.0261575244367, "min": 9.86514258562e-21, "dvar2": 9.22914623516e-05, "dvar": 4.436627205e-05, "dmean": 0.00629590218887, "max": 0.121276453137, "var": 0.00028237994411, "mean": 0.0274127852172}, "average_loudness": 0.866261541843, "spectral_rolloff": {"dmean2": 273.248291016, "median": 516.796875, "min": 64.599609375, "dvar2": 245024.75, "dvar": 107351.046875, "dmean": 159.143432617, "max": 19789.0136719, "var": 2348846.75, "mean": 815.335632324}, "spectral_centroid": {"dmean2": 165.039230347, "median": 547.168029785, "min": 160.452850342, "dvar2": 50852.7890625, "dvar": 25327.9804688, "dmean": 109.795005798, "max": 12063.4550781, "var": 800100.5, "mean": 710.66003418}, "pitch_salience": {"dm