{"tonal": {"thpcp": [1, 0.74226385355, 0.520507156849, 0.521430432796, 0.404970675707, 0.31930527091, 0.319799542427, 0.268300831318, 0.450384289026, 0.632206141949, 0.414120972157, 0.25672057271, 0.280162096024, 0.259818226099, 0.354064077139, 0.489180535078, 0.450878232718, 0.404806703329, 0.406910777092, 0.382318675518, 0.503502428532, 0.591616094112, 0.502502679825, 0.635202050209, 0.781223773956, 0.537208795547, 0.28709256649, 0.219378784299, 0.203547850251, 0.263653308153, 0.336937636137, 0.312030315399, 0.339380741119, 0.443846046925, 0.471720069647, 0.748421192169], "hpcp": {"dmean2": [0.120774723589, 0.115261718631, 0.12894667685, 0.143851533532, 0.149790152907, 0.160178974271, 0.180086255074, 0.201859384775, 0.278769284487, 0.294645339251, 0.282932966948, 0.23913000524, 0.19811360538, 0.174136787653, 0.144958004355, 0.141866564751, 0.133927926421, 0.151452839375, 0.175309374928, 0.144707784057, 0.117413580418, 0.117917492986, 0.133891433477, 0.163094565272, 0.193055406213, 0.200106471777, 0.191296026111, 0.180463269353, 0.186282351613, 0.217436656356, 0.232505306602, 0.229463383555, 0.243712335825, 0.249478951097, 0.201787799597, 0.14801722765], "median": [0.00588987907395, 0.00556851085275, 0.00635275570676, 0.00704612676054, 0.0078753894195, 0.009262483567, 0.00845568999648, 0.0177154019475, 0.0490785911679, 0.075869590044, 0.0525084324181, 0.0185664258897, 0.00975151453167, 0.0099217062816, 0.00836345925927, 0.00693540275097, 0.00865166075528, 0.0134597364813, 0.013416454196, 0.0138098299503, 0.00813049916178, 0.00641840789467, 0.00706042349339, 0.0106642479077, 0.0141312554479, 0.014700230211, 0.0122540928423, 0.0111539177597, 0.0153664182872, 0.0211644247174, 0.0262365341187, 0.0276173092425, 0.0339614897966, 0.035185072571, 0.0217080488801, 0.00845133699477], "min": [0, 0, 0, 0, 0, 0, 0, 0, 0, 0, 0, 0, 0, 0, 0, 0, 0, 0, 0, 0, 0, 0, 0, 0, 0, 0, 0, 0, 0, 0, 0, 0, 0, 0, 0, 0], "dvar2": [0.0752797350287, 0.0680272206664, 0.076304718852, 0.0883565023541, 0.087494045496, 0.0891026109457, 0.1077221632, 0.10232308507, 0.142546579242, 0.14918294549, 0.137860506773, 0.136155202985, 0.118775658309, 0.10238943249, 0.0824014544487, 0.0858216062188, 0.0781526938081, 0.0749285444617, 0.102480210364, 0.0696275159717, 0.0688487067819, 0.070322945714, 0.078305028379, 0.0974238291383, 0.118429355323, 0.127853736281, 0.120872840285, 0.103714190423, 0.107078373432, 0.121286995709, 0.126358568668, 0.121707566082, 0.12393065542, 0.136804312468, 0.107717677951, 0.084622643888], "dvar": [0.0275462623686, 0.0251950621605, 0.0288190599531, 0.0329081118107, 0.0335920266807, 0.0334400609136, 0.0415140874684, 0.0392153225839, 0.0535769052804, 0.0598890408874, 0.0536990649998, 0.0508060529828, 0.0462235696614, 0.0391520634294, 0.0323075391352, 0.0343630760908, 0.0288308188319, 0.0290497858077, 0.0415455251932, 0.0271519664675, 0.0251827519387, 0.0264996793121, 0.0290594194084, 0.0359604544938, 0.0444023609161, 0.0473909638822, 0.0448348596692, 0.0401427298784, 0.0403339192271, 0.0467207953334, 0.0501416139305, 0.0469920523465, 0.0479494296014, 0.0546860471368, 0.0410347878933, 0.0317071974277], "dmean": [0.0669646561146, 0.0637151449919, 0.0724455937743, 0.0823992192745, 0.0852751731873, 0.0905183628201, 0.102051325142, 0.11536873877, 0.160889819264, 0.171176508069, 0.165657222271, 0.135258868337, 0.113077163696, 0.0995290279388, 0.0830745100975, 0.0806270241737, 0.0762281566858, 0.0890149921179, 0.102069683373, 0.0859703496099, 0.0661028698087, 0.0663768127561, 0.0751548931003, 0.0925433337688, 0.108732305467, 0.11295901984, 0.108338266611, 0.101885639131, 0.105552300811, 0.124743670225, 0.133332356811, 0.131174236536, 0.141464725137, 0.143679201603, 0.116696856916, 0.083885781467], "max": [1, 1, 1, 1, 1, 1, 1, 1, 1, 1, 1, 1, 1, 1, 1, 1, 1, 1, 1, 1, 1, 1, 1, 1, 1, 1, 1, 1, 1, 1, 1, 1, 1, 1, 1, 1], "var": [0.0226653218269, 0.0207629632205, 0.0293602198362, 0.0408712625504, 0.0355386137962, 0.0356432311237, 0.0614355243742, 0.0514531433582, 0.0802378579974, 0.118449620903, 0.0777158215642, 0.0605591461062, 0.0730425640941, 0.0496765039861, 0.0364136621356, 0.0425850860775, 0.0274170469493, 0.0487615726888, 0.0927700549364, 0.0404623448849, 0.0278569180518, 0.0357963182032, 0.0273724850267, 0.0400306172669, 0.0625501126051, 0.0563843511045, 0.0471147038043, 0.0481157675385, 0.0419633723795, 0.0570174455643, 0.0704056769609, 0.0518827661872, 0.066770285368, 0.0987860709429, 0.0586961358786, 0.0295551735908], "mean": [0.0576988570392, 0.0535351596773, 0.0693435072899, 0.0886180326343, 0.0820671543479, 0.0892606005073, 0.116736039519, 0.12406719476, 0.196842417121, 0.263010203838, 0.195222973824, 0.136898696423, 0.137141525745, 0.106511421502, 0.0839805454016, 0.0841105431318, 0.0705658569932, 0.118455663323, 0.166276663542, 0.108918040991, 0.0675201267004, 0.0736854895949, 0.0683348476887, 0.0931224673986, 0.128659471869, 0.118585579097, 0.106468290091, 0.107021689415, 0.100553713739, 0.132426276803, 0.155601069331, 0.132163330913, 0.167064622045, 0.205469816923, 0.14129139483, 0.075508274138]}, "tuning_equal_tempered_deviation": 0.0255095344037, "chords_changes_rate": 0.0678694173694, "key_key": "C", "tuning_diatonic_strength": 0.531125962734, "key_scale": "minor", "chords_number_rate": 0.00400916393846, "tuning_frequency": 440.254241943, "tuning_nontempered_energy_ratio": 0.756224691868, "chords_histogram": [17.439863205, 0.744558990002, 0.286368846893, 0.601374566555, 0.687285244465, 0.601374566555, 0.42955327034, 9.07789230347, 1.89003431797, 1.80412375927, 3.03550982475, 0.0572737678885, 0.286368846893, 1.89003431797, 1.00229096413, 1.46048104763, 5.38373422623, 0.85910654068, 0.458190143108, 1.89003431797, 3.12142038345, 5.35509729385, 32.1305847168, 9.50744533539], "key_strength": 0.687654495239, "chords_key": "F", "chords_strength": {"dmean2": 0.0133328204975, "median": 0.553738534451, "min": -1, "dvar2": 0.00116352923214, "dvar": 0.000653732800856, "dmean": 0.0129563622177, "max": 0.863121092319, "var": 0.06048380211, "mean": 0.525949776173}, "chords_scale": "minor", "hpcp_entropy": {"dmean2": 1.0954413414, "median": 1.6325905323, "min": 0, "dvar2": 0.868829846382, "dvar": 0.329378187656, "dmean": 0.648630142212, "max": 4.71653461456, "var": 0.723881483078, "mean": 1.59274244308}}, "metadata": {"audio_properties": {"equal_loudness": 0, "codec": "flac", "downmix": "mix", "sample_rate": 44100, "analysis_sample_rate": 44100, "bit_rate": 0, "md5_encoded": "b31643572b7ace511a332db92a2ebb42", "length": 162.106674194, "replay_gain": -8.07781982422, "lossless": true}, "version": {"essentia_build_sha": "2d9f1f26377add8aeb1075a9c2973f962c4f09fd", "essentia": "2.1-beta2", "extractor": "music 1.0", "essentia_git_sha": "v2.1_beta2-1-ge3940c0"}, "tags": {"title": ["Barbara-Song"], "barcode": ["4006408103462"], "media": ["CD"], "albumartist": ["Kurt Weill"], "tracktotal": ["23"], "language": ["deu"], "performer": ["Carola Neher (vocal)"], "releasetype": ["album", "compilation"], "musicbrainz_recordingid": ["0bb80ed3-98dc-4dcd-83ce-ae73e76dc2d0"], "composer": ["Kurt Weill"], "musicbrainz_releasegroupid": ["1a5b1262-81ef-3cb7-b3e8-97fa34b39dee"], "musicbrainz_albumartistid": ["0e738f68-783c-4a6a-80ae-4f7500861060"], "lyricist": ["Bertolt Brecht"], "discnumber": ["1"], "catalognumber": ["10 346"], "releasecountry": ["DE"], "file_name": "06 - Barbara-Song (Carola Neher) rec. 1929.flac", "originaldate": ["1990"], "date": ["1990"], "genre": ["Classical - Opera"], "musicbrainz_albumid": ["a0670f90-0b3e-4802-9f6e-2920d62edc2f"], "disctotal": ["1"], "musicbrainz_artistid": ["0e738f68-783c-4a6a-80ae-4f7500861060"], "asin": ["B000001WNQ"], "musicbrainz_workid": ["dc03edf6-972f-4528-90f5-9cb96af26251"], "artist": ["Kurt Weill"], "tracknumber": ["6"], "artistsort": ["Weill, Kurt"], "album": ["Die Dreigroschenoper: Historische Originalaufnahmen 1928-1931"], "label": ["Capriccio"], "albumartistsort": ["Weill, Kurt"], "acoustid_id": ["0ec9c893-1824-4e49-93e3-6362b9ec1621"], "script": ["Latn"], "releasestatus": ["official"]}}, "rhythm": {"bpm_histogram_first_peak_bpm": {"dmean2": 0, "median": 161, "min": 161, "dvar2": 0, "dvar": 0, "dmean": 0, "max": 161, "var": 0, "mean": 161}, "bpm": 162.888366699, "bpm_histogram_second_peak_spread": {"dmean2": 0, "median": 0.655555546284, "min": 0.655555546284, "dvar2": 0, "dvar": 0, "dmean": 0, "max": 0.655555546284, "var": 0, "mean": 0.655555546284}, "bpm_histogram_first_peak_weight": {"dmean2": 0, "median": 0.117333337665, "min": 0.117333337665, "dvar2": 0, "dvar": 0, "dmean": 0, "max": 0.117333337665, "var": 0, "mean": 0.117333337665}, "onset_rate": 3.38017630577, "beats_position": [0.452789098024, 0.917188167572, 1.39319729805, 1.8575963974, 2.33360528946, 2.79800438881, 3.25079369545, 3.70358276367, 4.14476203918, 4.53950119019, 4.92263031006, 5.31736946106, 5.71210861206, 6.08362817764, 6.44353723526, 6.81505680084, 7.18657588959, 7.56970500946, 7.96444416046, 8.35918331146, 8.73070240021, 9.12544155121, 9.50857162476, 9.89170074463, 10.2748298645, 10.5882987976, 10.9017686844, 11.2152376175, 11.5403175354, 11.8537864685, 12.1672563553, 12.4923353195, 12.8174142838, 13.1308841705, 13.4443531036, 13.7694330215, 14.0945119858, 14.4312019348, 14.7795009613, 15.1277999878, 15.4877090454, 15.8360090256, 16.1610889435, 16.4861679077, 16.8344669342, 17.1711559296, 17.4962348938, 17.8329238892, 18.181224823, 18.5179138184, 18.8546028137, 19.1912918091, 19.574420929, 19.96916008, 20.3290691376, 20.7121982574, 21.0837192535, 21.4552383423, 21.826757431, 22.1750564575, 22.523355484, 22.8948745728, 23.2431735992, 23.614692688, 24.009431839, 24.40417099, 24.8105201721, 25.2981395721, 25.7509288788, 26.2153282166, 26.6797275543, 27.1441268921, 27.6085262299, 28.0845336914, 28.5605430603, 29.0249423981, 29.4893417358, 29.9537410736, 30.4181404114, 30.8941497803, 31.3817672729, 31.8461666107, 32.2989578247, 32.7517471313, 33.204536438, 33.6573219299, 34.1101112366, 34.5861206055, 35.0621299744, 35.5497512817, 36.0141487122, 36.4785499573, 36.9429473877, 37.3841247559, 37.8253059387, 38.2897033691, 38.730884552, 39.1720619202, 39.6248512268, 40.0776405334, 40.5188217163, 40.9832191467, 41.4476165771, 41.830745697, 42.2138786316, 42.585395813, 42.9569168091, 43.3168258667, 43.6883430481, 44.0598640442, 44.4313812256, 44.7912902832, 45.1628112793, 45.5459403992, 45.929069519, 46.2773704529, 46.6488876343, 47.0204086304, 47.380317688, 47.7518348694, 48.1233558655, 48.5064849854, 48.8896141052, 49.2959632874, 49.7023124695, 50.1086616516, 50.5150108337, 50.8865280151, 51.269657135, 51.6527900696, 52.0359191895, 52.4074363708, 52.7905654907, 53.1736946106, 53.5452156067, 53.9051246643, 54.2650337219, 54.6481628418, 55.0312919617, 55.4260292053, 55.8207702637, 56.2038993835, 56.5870285034, 56.9817695618, 57.3765068054, 57.7596359253, 58.1427650452, 58.5142860413, 58.8858032227, 59.2573242188, 59.6056213379, 59.9539222717, 60.3022193909, 60.6505203247, 61.0916976929, 61.5328788757, 61.9740562439, 62.4268455505, 62.8796348572, 63.3440361023, 63.8084335327, 64.3192749023, 64.8301086426, 65.3293380737, 65.8285675049, 66.3394088745, 66.8502502441, 67.4191360474, 67.964805603, 68.5336914063, 69.0909729004, 69.6366424561, 70.1939239502, 70.7511978149, 71.3084793091, 71.8425369263, 72.3765945435, 72.817779541, 73.2589569092, 73.6885223389, 74.1180953979, 74.4663925171, 74.8146896362, 75.1629943848, 75.5112915039, 75.8828125, 76.2543258667, 76.6258468628, 76.9973678589, 77.4385452271, 77.8797302246, 78.3209075928, 78.7736968994, 79.2380905151, 79.6676635742, 80.1088409424, 80.561630249, 80.9912033081, 81.4207687378, 81.8735580444, 82.3263473511, 82.7791366577, 83.2203140259, 83.649887085, 84.0794525146, 84.5090255737, 84.9502029419, 85.3797683716, 85.8093414307, 86.2389068604, 86.6800918579, 87.1212692261, 87.5624465942, 88.0036239624, 88.456413269, 88.9092025757, 89.4432601929, 90.000541687, 90.5578231812, 91.1383209229, 91.695602417, 92.2412643433, 92.7869338989, 93.3209991455, 93.8666687012, 94.4123306274, 94.946395874, 95.4804534912, 96.0145111084, 96.5485687256, 97.0129699707, 97.4773712158, 97.9417648315, 98.4061660767, 98.8473434448, 99.288520813, 99.7180938721, 100.170883179, 100.600448608, 101.030021667, 101.575691223, 102.132965088, 102.748298645, 103.363624573, 103.97895813, 104.478187561, 104.977409363, 105.476638794, 105.975868225, 106.486709595, 107.03237915, 107.578048706, 108.100494385, 108.669387817, 109.249885559, 109.830383301, 110.410881042, 110.991378784, 111.571876526, 112.152381897, 112.732879639, 113.31337738, 113.893875122, 114.50920105, 115.136146545, 115.728248596, 116.331970215, 116.935691833, 117.551017761, 118.166343689, 118.793289185, 119.315734863, 119.826576233, 120.349021912, 120.836639404, 121.312652588, 121.800270081, 122.287887573, 122.787117004, 123.274734497, 123.762359619, 124.238365173, 124.714370728, 125.074279785, 125.434196472, 125.805709839, 126.177230835, 126.548751831, 126.920272827, 127.303398132, 127.686531067, 128.058044434, 128.406341553, 128.76625061, 129.126159668, 129.497680664, 129.86920166, 130.229110718, 130.589019775, 130.995376587, 131.390106201, 131.796463013, 132.202804565, 132.609161377, 133.01550293, 133.43347168, 133.839813232, 134.257781982, 134.675735474, 135.070480347, 135.465209961, 135.848342896, 136.243087769, 136.637817383, 137.020950317, 137.404083252, 137.787200928, 138.158721924, 138.507034302, 138.855331421, 139.20362854, 139.551925659, 139.923446655, 140.294967651, 140.666488647, 141.037994385, 141.467575073, 141.897140503, 142.291885376, 142.663391113, 143.034912109, 143.418045044, 143.801177979, 144.242355347, 144.706756592, 145.171157837, 145.623947144, 146.065124512, 146.517913818, 146.982315063, 147.43510437, 147.887893677, 148.340682983, 148.79347229, 149.234649658, 149.675827026, 150.117004395, 150.546569824, 150.987747192, 151.440536499, 151.788833618, 152.137145996, 152.473831177, 152.822128296, 153.170425415, 153.530334473, 153.89024353, 154.238540649, 154.575241089, 154.91192627, 155.24861145, 155.573699951, 155.92199707, 156.305114746, 156.676635742, 157.059768677, 157.45451355, 157.837631226, 158.232376099, 158.661941528, 159.126342773, 159.590744019, 160.043533325, 160.496322632, 160.949111938, 161.401901245], "beats_loudness": {"dmean2": 0.0384265072644, "median": 0.0141489990056, "min": 0, "dvar2": 0.00116744043771, "dvar": 0.000441977870651, "dmean": 0.0213420949876, "max": 0.128665626049, "var": 0.000510502839461, "mean": 0.0224364940077}, "danceability": 1.10053479671, "bpm_histogram_second_peak_weight": {"dmean2": 0, "median": 0.0826666653156, "min": 0.0826666653156, "dvar2": 0, "dvar": 0, "dmean": 0, "max": 0.0826666653156, "var": 0, "mean": 0.0826666653156}, "beats_count": 376, "bpm_histogram_second_peak_bpm": {"dmean2": 0, "median": 133, "min": 133, "dvar2": 0, "dvar": 0, "dmean": 0, "max": 133, "var": 0, "mean": 133}, "bpm_histogram_first_peak_spread": {"dmean2": 0, "median": 0.443037956953, "min": 0.443037956953, "dvar2": 0, "dvar": 0, "dmean": 0, "max": 0.443037956953, "var": 0, "mean": 0.443037956953}, "beats_loudness_band_ratio": {"dmean2": [0.0860053598881, 0.515707492828, 0.391838937998, 0.383203923702, 0.336548507214, 0.011534861289], "median": [0.0102044362575, 0.234715208411, 0.206913039088, 0.0862280726433, 0.0864280313253, 0.0019105959218], "min": [0, 0, 0, 0, 0, 0], "dvar2": [0.0161636564881, 0.180088043213, 0.122392617166, 0.124638266861, 0.0843269452453, 0.000377670279704], "dvar": [0.00630288897082, 0.0677423849702, 0.0431080684066, 0.0455120392144, 0.0311263632029, 0.000130971238832], "dmean": [0.0472608692944, 0.287356555462, 0.222758233547, 0.214210554957, 0.185254409909, 0.00630689132959], "max": [0.769380807877, 0.98143351078, 0.987621486187, 0.899522542953, 0.84076666832, 0.0881405249238], "var": [0.00636150594801, 0.100431501865, 0.061289973557, 0.0539583340287, 0.0324047245085, 0.000115345123049], "mean": [0.0395842678845, 0.345153778791, 0.289886116982, 0.205754950643, 0.161359041929, 0.00540595361963]}}, "lowlevel": {"barkbands_spread": {"dmean2": 4.14681768417, "median": 7.03379535675, "min": 0.207448780537, "dvar2": 28.6892318726, "dvar": 12.2079267502, "dmean": 2.67068219185, "max": 113.620834351, "var": 57.8408203125, "mean": 9.22299957275}, "melbands_spread": {"dmean2": 6.60788869858, "median": 10.1800146103, "min": 0.407824635506, "dvar2": 69.7943954468, "dvar": 31.4837589264, "dmean": 4.26767539978, "max": 160.34487915, "var": 445.645751953, "mean": 15.9294347763}, "hfc": {"dmean2": 7.20117139816, "median": 3.39099860191, "min": 1.06550987588e-16, "dvar2": 183.370758057, "dvar": 115.293067932, "dmean": 5.56844377518, "max": 136.84262085, "var": 451.532012939, "mean": 13.7029953003}, "barkbands_kurtosis": {"dmean2": 8.36809635162, "median": 3.12660121918, "min": -1.8921661377, "dvar2": 310.867645264, "dvar": 132.129425049, "dmean": 5.36406517029, "max": 274.366149902, "var": 296.372772217, "mean": 8.78184604645}, "gfcc": {"mean": [-239.523971558, 193.691375732, -184.796447754, -39.9448890686, -14.5222187042, -68.0119781494, -45.5541725159, -10.8897657394, -25.4961833954, -12.2366552353, 1.62541520596, -16.4505653381, -3.17965507507], "icov": [[0.000800059409812, -0.00119148357771, 0.00193552137353, 4.01408942707e-05, 0.000689925102051, 9.58179298323e-05, 0.000707728089765, 0.00077902583871, -0.000882356311195, 0.00261076237075, -0.00191558396909, 0.00162790867034, 5.17608896189e-05], [-0.00119148357771, 0.00443095201626, -0.0029029159341, 0.00138135801535, -0.000903304549865, 0.00174057437107, 0.00155094603542, -0.00275520165451, 0.00558800622821, -0.00450655492023, 0.00338006252423, 0.000913521507755, -7.12234686944e-05], [0.00193552137353, -0.0029029159341, 0.00597489392385, -0.00143427518196, 0.00302152242512, 0.000374853581889, -0.000627689820249, 0.00441862642765, -0.00397042930126, 0.00667430320755, -0.00467184605077, 0.00384734640829, -0.000419166084612], [4.01408942707e-05, 0.00138135801535, -0.00143427518196, 0.00553968502209, -0.00242076604627, 0.00243477663025, 0.00465281587094, -0.00526130385697, 0.00746412575245, -0.00456009386107, 0.00795663241297, -0.00549019640312, 0.00458190077916], [0.000689925102051, -0.000903304549865, 0.00302152242512, -0.00242076604627, 0.0127014052123, -0.00577616132796, 0.00301025202498, 0.00323080923408, -0.00243022223003, 0.00464479159564, -0.0051146261394, 0.00584609340876, -0.00140192557592], [9.58179298323e-05, 0.00174057437107, 0.000374853581889, 0.00243477663025, -0.00577616132796, 0.0148502560332, -0.0116587746888, 0.00880275573581, 0.00231585511938, -0.00988403894007, 0.0178296491504, -0.0149176642299, 0.0106918802485], [0.000707728089765, 0.00155094603542, -0.000627689820249, 0.00465281587094, 0.00301025202498, -0.0116587746888, 0.0295727401972, -0.0207414589822, 0.0111441574991, 0.00620435085148, -0.0125195141882, 0.0176504403353, -0.00648980634287], [0.00077902583871, -0.00275520165451, 0.00441862642765, -0.00526130385697, 0.00323080923408, 0.00880275573581, -0.0207414589822, 0.029120689258, -0.0164602063596, 0.00100530125201, 0.011136546731, -0.014380056411, 0.0107262898237], [-0.000882356311195, 0.00558800622821, -0.00397042930126, 0.00746412575245, -0.00243022223003, 0.00231585511938, 0.0111441574991, -0.0164602063596, 0.0283448044211, -0.0156580153853, 0.0129973515868, -0.00377676752396, 0.00408290140331], [0.00261076237075, -0.00450655492023, 0.00667430320755, -0.00456009386107, 0.00464479159564, -0.00988403894007, 0.00620435085148, 0.00100530125201, -0.0156580153853, 0.0386798381805, -0.037778288126, 0.0269054323435, -0.00956109818071], [-0.00191558396909, 0.00338006252423, -0.00467184605077, 0.00795663241297, -0.0051146261394, 0.0178296491504, -0.0125195141882, 0.011136546731, 0.0129973515868, -0.037778288126, 0.0689696371555, -0.0566276498139, 0.0313936434686], [0.00162790867034, 0.000913521507755, 0.00384734640829, -0.00549019640312, 0.00584609340876, -0.0149176642299, 0.0176504403353, -0.014380056411, -0.00377676752396, 0.0269054323435, -0.0566276498139, 0.0702859014273, -0.0380978658795], [5.17608896189e-05, -7.12234686944e-05, -0.000419166084612, 0.00458190077916, -0.00140192557592, 0.0106918802485, -0.00648980634287, 0.0107262898237, 0.00408290140331, -0.00956109818071, 0.0313936434686, -0.0380978658795, 0.0373276844621]], "cov": [[25852.7050781, 4897.4375, -5397.71240234, -2138.06079102, -185.028427124, -1667.75036621, -1079.8927002, -617.345397949, -549.561828613, -447.636505127, 171.165374756, -472.175598145, -44.6975517273], [4897.4375, 1591.74084473, -594.195007324, -296.294677734, -137.476776123, -550.705322266, -281.289123535, -147.841247559, -203.015823364, -135.275192261, -4.00822782516, -142.764709473, 17.3151855469], [-5397.71240234, -594.195007324, 1702.37988281, 561.895690918, -98.6673583984, 94.4274291992, 131.180557251, 74.9872207642, 46.5491828918, 2.5190012455, -58.1554718018, 74.5559692383, 47.5607872009], [-2138.06079102, -296.294677734, 561.895690918, 705.129821777, 6.74825239182, -45.116897583, -21.2660331726, 112.636192322, -11.6861610413, -20.3881206512, -66.0942230225, 52.0604782104, 4.04615688324], [-185.028427124, -137.476776123, -98.6673583984, 6.74825239182, 171.367141724, 155.755508423, 15.7649650574, -45.8357696533, -7.32889938354, 23.934469223, -5.80168008804, -7.79199647903, -20.3486423492], [-1667.75036621, -550.705322266, 94.4274291992, -45.116897583, 155.755508423, 474.225219727, 191.136459351, -7.86193847656, 37.6317901611, 77.7972183228, -23.1990966797, 2.05359101295, -49.2157249451], [-1079.8927002, -281.289123535, 131.180557251, -21.2660331726, 15.7649650574, 191.136459351, 188.922622681, 85.5773773193, 32.5941848755, 21.2218608856, -23.9501266479, -15.073551178, -34.2276573181], [-617.345397949, -147.841247559, 74.9872207642, 112.636192322, -45.8357696533, -7.86193847656, 85.5773773193, 185.323989868, 83.7676086426, 2.90579462051, -36.1706924438, -3.54507780075, -31.8704814911], [-549.561828613, -203.015823364, 46.5491828918, -11.6861610413, -7.32889938354, 37.6317901611, 32.5941848755, 83.7676086426, 133.489868164, 49.7536582947, -5.65103197098, -0.232201442122, -24.4681167603], [-447.636505127, -135.275192261, 2.5190012455, -20.3881206512, 23.934469223, 77.7972183228, 21.2218608856, 2.90579462051, 49.7536582947, 108.82635498, 49.8182525635, 5.16367101669, -29.8323001862], [171.165374756, -4.00822782516, -58.1554718018, -66.0942230225, -5.80168008804, -23.1990966797, -23.9501266479, -36.1706924438, -5.65103197098, 49.8182525635, 97.5673522949, 47.1368179321, -0.697158634663], [-472.175598145, -142.764709473, 74.5559692383, 52.0604782104, -7.79199647903, 2.05359101295, -15.073551178, -3.54507780075, -0.232201442122, 5.16367101669, 47.1368179321, 94.5227813721, 50.5240592957], [-44.6975517273, 17.3151855469, 47.5607872009, 4.04615688324, -20.3486423492, -49.2157249451, -34.2276573181, -31.8704814911, -24.4681167603, -29.8323001862, -0.697158634663, 50.5240592957, 90.6502151489]]}, "spectral_energyband_middle_low": {"dmean2": 0.00534426560625, "median": 0.00462686968967, "min": 1.55110185697e-22, "dvar2": 8.9230336016e-05, "dvar": 4.33203640569e-05, "dmean": 0.00358812673949, "max": 0.127647534013, "var": 0.000141472250107, "mean": 0.0086406134069}, "melbands_crest": {"dmean2": 5.2988653183, "median": 15.0223836899, "min": 1.629529953, "dvar2": 22.7823448181, "dvar": 9.99973106384, "dmean": 3.34014344215, "max": 36.1940231323, "var": 42.2293701172, "mean": 15.8814229965}, "spectral_kurtosis": {"dmean2": 25.796628952, "median": 21.0986614227, "min": -1.26792299747, "dvar2": 490.830993652, "dvar": 162.296966553, "dmean": 14.641166687, "max": 96.1201858521, "var": 322.450531006, "mean": 24.6224040985}, "spectral_rms": {"dmean2": 0.000894852448255, "median": 0.00257302913815, "min": 3.10132843885e-12, "dvar2": 1.20744709875e-06, "dvar": 7.70887766066e-07, "dmean": 0.000665738247335, "max": 0.0115785691887, "var": 5.05394655193e-06, "mean": 0.00313700130209}, "zerocrossingrate": {"dmean2": 0.0062328777276, "median": 0.033203125, "min": 0.0107421875, "dvar2": 5.97806829319e-05, "dvar": 4.63758406113e-05, "dmean": 0.00536410044879, "max": 0.5302734375, "var": 0.00544175226241, "mean": 0.0490893609822}, "silence_rate_60dB": {"dmean2": 0.149548768997, "median": 0, "min": 0, "dvar2": 0.145221412182, "dvar": 0.0691702738404, "dmean": 0.0747636780143, "max": 1, "var": 0.222472190857, "mean": 0.334097087383}, "erbbands_kurtosis": {"dmean2": 3.33267474174, "median": 0.571303546429, "min": -1.9498013258, "dvar2": 35.1215705872, "dvar": 15.5032653809, "dmean": 2.14817643166, "max": 105.489730835, "var": 39.5943336487, "mean": 2.35820508003}, "erbbands": {"dmean2": [2.36566229432e-05, 0.000908481655642, 0.0119367325678, 0.115807801485, 0.969600319862, 4.97557353973, 10.4788675308, 21.2316322327, 20.0543632507, 25.5836372375, 20.8935623169, 24.1870880127, 19.2298736572, 14.8004026413, 37.8801460266, 42.6764030457, 23.5163860321, 70.2308731079, 66.3013153076, 38.3030128479, 18.5970306396, 11.362944603, 6.86317825317, 4.11013221741, 1.22961342335, 0.136689081788, 0.0152197452262, 0.0025214953348, 0.000842951179948, 0.000411227723816, 0.000221012873226, 0.000118954892969, 5.35686049261e-05, 2.51078945439e-05, 1.46021529872e-05, 8.66776554176e-06, 4.44180750492e-06, 1.58723469212e-06, 4.14920623371e-06, 9.129404134e-06], "median": [4.14287460444e-05, 0.000286227092147, 0.00479734688997, 0.0533472336829, 0.36966958642, 1.6764755249, 3.80333328247, 4.06632375717, 5.05850076675, 4.90976667404, 3.61212873459, 1.72853636742, 1.41399908066, 0.951282560825, 1.10558104515, 0.855440080166, 0.874974608421, 1.60314071178, 1.87350678444, 1.45820498466, 1.23540472984, 1.1670037508, 0.943299114704, 0.665792822838, 0.274976104498, 0.0625968277454, 0.00924597401172, 0.00107618165202, 0.000176969813765, 7.47517915443e-05, 4.74098960694e-05, 3.28197857016e-05, 2.36697305809e-05, 1.65037672559e-05, 1.15548382382e-05, 7.46220393921e-06, 3.96996529162e-06, 1.2628274817e-06, 3.48766525349e-06, 7.72140992922e-06], "min": [7.53161983143e-23, 2.49708378589e-22, 2.25665897487e-21, 5.71429493797e-21, 7.05098447663e-21, 1.81232881141e-20, 2.76919292632e-20, 6.20062471235e-20, 1.26964107317e-19, 1.15319304223e-19, 1.93808947434e-19, 3.90469212288e-19, 3.87307779686e-19, 7.21564744376e-19, 6.85983001641e-19, 8.43988405612e-19, 1.34237351347e-18, 1.79541557868e-18, 2.3473348852e-18, 2.76914323086e-18, 3.02681412758e-18, 4.19573717237e-18, 6.14747934027e-18, 5.93292812812e-18, 5.18943296455e-18, 7.65973300409e-18, 9.34210091038e-18, 7.65973300409e-18, 9.8623834536e-18, 1.02358894146e-17, 1.16074632308e-17, 9.70606120708e-18, 8.83383068401e-18, 8.47304676086e-18, 5.66110210317e-18, 4.52681000869e-18, 2.12752962859e-18, 9.16269205296e-19, 2.44058295565e-19, 2.73625724389e-20], "dvar2": [2.49300224908e-09, 5.37929645361e-06, 0.000656171294395, 0.0703291147947, 6.91310071945, 209.744216919, 885.403015137, 3684.52124023, 3051.93041992, 8468.81152344, 5446.53564453, 17587.9785156, 4768.55126953, 3244.21533203, 15250.1943359, 23690.0175781, 10008.1572266, 53952.8945313, 39637.1054688, 18410.7207031, 4842.80761719, 3211.46972656, 1076.28283691, 174.511672974, 12.9604978561, 0.137701123953, 0.00180700421333, 0.000487980345497, 0.00013776103151, 2.31828962569e-05, 2.94942356049e-06, 3.77706811605e-07, 3.1133488676e-08, 2.92609048103e-09, 7.71055774784e-10, 2.47595055569e-10, 5.61259580478e-11, 7.7429547149e-12, 4.47073628118e-11, 2.1144284934e-10], "dvar": [9.86614789866e-10, 2.05693777389e-06, 0.000245976407314, 0.0277260113508, 3.09343957901, 96.1337432861, 370.963623047, 1900.40014648, 1438.95092773, 3694.38818359, 2697.70727539, 8341.69042969, 2373.99707031, 1643.5333252, 8333.20507813, 13569.3222656, 6035.19140625, 27321.4414063, 22466.3515625, 9341.96582031, 2446.17456055, 1436.40197754, 516.826660156, 86.6453704834, 6.58912372589, 0.066688850522, 0.000710549124051, 0.000166222162079, 4.64836703031e-05, 7.89779642218e-06, 1.0380964568e-06, 1.46668170942e-07, 1.2164137253e-08, 1.23114762829e-09, 3.62460478298e-10, 1.24735680118e-10, 3.10034949103e-11, 4.50523039014e-12, 2.67115791291e-11, 1.23368967819e-10], "dmean": [1.49252618939e-05, 0.00054199679289, 0.0071561303921, 0.0707004964352, 0.619995892048, 3.24341082573, 6.71446037292, 14.4478969574, 13.2377624512, 17.1891613007, 14.4012022018, 16.5808525085, 13.3619432449, 10.8038330078, 28.0444564819, 31.9798660278, 18.413646698, 49.2350006104, 48.5225715637, 27.1292095184, 12.8279447556, 7.6388835907, 4.72997379303, 2.80892205238, 0.84337335825, 0.090812407434, 0.00967020820826, 0.00155306048691, 0.000506818119902, 0.000248843920417, 0.000135578709887, 7.37222871976e-05, 3.34457145073e-05, 1.6422041881e-05, 9.99751591735e-06, 6.1526270656e-06, 3.23415429193e-06, 1.15954208013e-06, 3.10881614496e-06, 6.7668192969e-06], "max": [0.0011990169296, 0.0365876220167, 0.346079111099, 6.85802602768, 87.6846084595, 367.362121582, 558.844482422, 1286.77685547, 1014.96008301, 1852.10412598, 1458.89587402, 3887.7355957, 1527.24389648, 1176.19116211, 2031.07775879, 2594.65625, 2286.03320313, 3001.29394531, 3939.8190918, 2738.74902344, 1247.82971191, 1304.68896484, 814.88269043, 260.039337158, 71.2080993652, 9.38367938995, 1.05341148376, 0.710999667645, 0.38458865881, 0.156687825918, 0.0522893182933, 0.0144062470645, 0.00392801268026, 0.00107033818495, 0.000423392077209, 0.00023050798336, 8.26607210911e-05, 2.87055499939e-05, 7.09135274519e-05, 0.000160032694112], "var": [2.09856687583e-09, 3.81316681342e-06, 0.000496822467539, 0.0582946017385, 7.24201345444, 217.408477783, 858.983093262, 4057.56640625, 3416.49731445, 6516.50341797, 5103.14111328, 37007.8359375, 4927.88964844, 3552.65356445, 27541.5625, 29602.7304688, 19306.9765625, 64160.5742188, 48627.5039063, 16018.59375, 3709.95385742, 1641.99365234, 790.830810547, 150.783187866, 10.8457212448, 0.104697711766, 0.000874885357916, 9.65461949818e-05, 2.51629171544e-05, 4.42646251031e-06, 6.77138473293e-07, 1.25488554659e-07, 1.34710713695e-08, 2.17111328915e-09, 8.8860419023e-10, 3.70016767226e-10, 1.09315993757e-10, 1.57388702765e-11, 1.11799534908e-10, 5.15599896111e-10], "mean": [5.08059565618e-05, 0.000839183048811, 0.0121185099706, 0.124327793717, 1.09614574909, 5.72858810425, 12.7203226089, 24.4521160126, 25.2330570221, 29.455947876, 23.7043533325, 34.2934417725, 21.0249900818, 16.7599525452, 52.7217063904, 46.6045761108, 31.3519439697, 76.2484970093, 70.8559951782, 37.9600448608, 17.5901737213, 9.77177238464, 6.58027410507, 4.10900115967, 1.28695034981, 0.156855374575, 0.0174687411636, 0.00236789626069, 0.000620417762548, 0.000290935713565, 0.000169606224517, 9.98599789455e-05, 5.57080638828e-05, 3.3965370676e-05, 2.35929601331e-05, 1.57040321938e-05, 8.63369950821e-06, 3.07908317154e-06, 8.35172158986e-06, 1.8112556063e-05]}, "spectral_strongpeak": {"dmean2": 1.123041749, "median": 0.756582736969, "min": 0, "dvar2": 3.47053647041, "dvar": 1.60344874859, "dmean": 0.731776595116, "max": 17.5774211884, "var": 4.72360229492, "mean": 1.60109257698}, "spectral_energy": {"dmean2": 0.00771221565083, "median": 0.00678599020466, "min": 9.85869396958e-21, "dvar2": 0.00014846092381, "dvar": 8.50898213685e-05, "dmean": 0.00567177962512, "max": 0.137414842844, "var": 0.00035469426075, "mean": 0.0152670945972}, "average_loudness": 0.640645503998, "spectral_rolloff": {"dmean2": 419.277313232, "median": 796.728515625, "min": 21.533203125, "dvar2": 685465.3125, "dvar": 310216.8125, "dmean": 245.718490601, "max": 19422.9492188, "var": 7845209, "mean": 1500.36584473}, "spectral_centroid": {"dmean2": 238.002471924, "median": 776.965759277, "min": 264.786254883, "dvar2": 126290.015625, "dvar": 61378.8007813, "dmean": 161.837371826, "max": 11908.6494141, "var": 2638469.5, "mean": 1139.22387695}, "pitch_salience": {"dmean2": 0.119442164898, "median": 0.558367431164, "min": 0.0447287671268, "dvar2": 0.0116211213171, "dvar": 0.00525179179385, "dmean": 0.0758246257901, "max": 0.934786260128, "var": 0.0235382821411, "mean": 0.541176199913}, "spectral_energyband_middle_high": {"dmean2": 0.00373396603391, "median": 0.000407154118875, "min": 1.11985785337e-21, "dvar2": 6.84764818288e-05, "dvar": 4.36918853666e-05, "dmean": 0.00294917705469, "max": 0.0933143496513, "var": 0.00017260988534, "mean": 0.00668379338458}, "spectral_contrast_coeffs": {"dmean2": [0.080055616796, 0.0790955945849, 0.06819011271, 0.0562342479825, 0.036976210773, 0.0546067915857], "median": [-0.498532414436, -0.663920640945, -0.779106080532, -0.82210958004, -0.76517945528, -0.822427868843], "min": [-0.981152892113, -0.978690445423, -0.975349009037, -0.972862064838, -0.966421425343, -0.965304732323], "dvar2": [0.00435848766938, 0.00431534694508, 0.00384431192651, 0.00295839016326, 0.00109442486428, 0.00217779329978], "dvar": [0.00168784020934, 0.00189632177353, 0.00207578251138, 0.00176422251388, 0.000625546148513, 0.000702903664205], "dmean": [0.0488123856485, 0.0493941158056, 0.044899109751, 0.0380632951856, 0.0245188530535, 0.0310110449791], "max": [-0.216938182712, -0.30951115489, -0.358130007982, -0.448646128178, -0.497802317142, -0.679125964642], "var": [0.0149556575343, 0.0121273212135, 0.0156422387809, 0.0120266182348, 0.00422713533044, 0.00152604619507], "mean": [-0.515796720982, -0.666083574295, -0.746774971485, -0.779300570488, -0.750373482704, -0.82968634367]}, "melbands_skewness": {"dmean2": 1.11551773548, "median": 1.9979724884, "min": -2.50517368317, "dvar2": 1.36261701584, "dvar": 0.702727675438, "dmean": 0.76866620779, "max": 13.0792064667, "var": 4.58134078979, "mean": 2.23569369316}, "spectral_spread": {"dmean2": 443723.1875, "median": 1462924.375, "min": 652340.0625, "dvar2": 726382411776, "dvar": 340168081408, "dmean": 255478.609375, "max": 42804972, "var": 36327840022500.0, "mean": 2418754.25}, "dissonance": {"dmean2": 0.0589188039303, "median": 0.432606637478, "min": 0.0206842087209, "dvar2": 0.00349005754106, "dvar": 0.00127772043925, "dmean": 0.0351105704904, "max": 0.500000059605, "var": 0.00276914401911, "mean": 0.423972845078}, "spectral_skewness": {"dmean2": 1.89392888546, "median": 2.28377795219, "min": -0.274572074413, "dvar2": 2.44489598274, "dvar": 0.807842195034, "dmean": 1.07713472843, "max": 7.43040132523, "var": 1.82667684555, "mean": 2.48232769966}, "spectral_flux": {"dmean2": 0.0411946997046, "median": 0.0423637256026, "min": 6.28999421992e-11, "dvar2": 0.00268538831733, "dvar": 0.0011127460748, "dmean": 0.0260315518826, "max": 0.341297507286, "var": 0.00348061462864, "mean": 0.0630420893431}, "spectral_contrast_valleys": {"dmean2": [0.790627419949, 0.610083937645, 0.577495098114, 0.489981949329, 0.419551104307, 0.901817321777], "median": [-10.2748146057, -7.4726023674, -8.42937469482, -8.39036178589, -9.29539775848, -14.6291904449], "min": [-28.496711731, -28.4949188232, -27.9774265289, -27.7331790924, -27.5498161316, -27.4018440247], "dvar2": [0.430448770523, 0.309209644794, 0.285528659821, 0.22725597024, 0.164954379201, 0.615586280823], "dvar": [0.16511516273, 0.128980264068, 0.119349360466, 0.102229848504, 0.0770690739155, 0.215625166893], "dmean": [0.468994915485, 0.370450884104, 0.347444444895, 0.30159920454, 0.261906802654, 0.512017905712], "max": [-7.84947919846, -5.17829656601, -6.03212547302, -5.3315782547, -6.92087268829, -12.0271348953], "var": [7.42399644852, 10.0812740326, 8.93856048584, 8.97719478607, 7.98285102844, 4.33148097992], "mean": [-10.6806974411, -7.98361253738, -8.8416261673, -8.77905654907, -9.71710777283, -14.7697219849]}, "erbbands_flatness_db": {"dmean2": 0.0304427668452, "median": 0.379356086254, "min": 0.0363022647798, "dvar2": 0.00081935361959, "dvar": 0.000434387795394, "dmean": 0.0201329626143, "max": 0.563513636589, "var": 0.00539328856394, "mean": 0.370928913355}, "spectral_energyband_high": {"dmean2": 7.00182738456e-07, "median": 3.60148106893e-07, "min": 6.97362935687e-21, "dvar2": 3.76872274707e-12, "dvar": 1.42118847073e-12, "dmean": 4.22158478841e-07, "max": 4.67323116027e-05, "var": 1.46880673856e-12, "mean": 6.64409810724e-07}, "spectral_entropy": {"dmean2": 0.317469894886, "median": 6.4283823967, "min": 4.55582809448, "dvar2": 0.0841422826052, "dvar": 0.0387553162873, "dmean": 0.204131036997, "max": 9.82170009613, "var": 0.499204576015, "mean": 6.51895523071}, "silence_rate_20dB": {"dmean2": 0, "median": 1, "min": 1, "dvar2": 0, "dvar": 0, "dmean": 0, "max": 1, "var": 0, "mean": 1}, "melbands_flatness_db": {"dmean2": 0.0431479550898, "median": 0.40122872591, "min": 0.00314352405258, "dvar2": 0.00155878730584, "dvar": 0.000724078330677, "dmean": 0.0276841465384, "max": 0.610352218151, "var": 0.00842231325805, "mean": 0.386600345373}, "barkbands": {"dmean2": [9.0551810672e-07, 2.70946975434e-06, 1.50381483763e-05, 7.1386959462e-05, 0.00123190251179, 0.00216931733303, 0.00142900506034, 0.00127292529214, 0.000980446231551, 0.000480690185213, 0.000813598046079, 0.00125197297893, 0.000646551256068, 0.00176404963713, 0.00103149272036, 0.000527122523636, 0.000219913999899, 0.000123529389384, 5.24716124346e-05, 3.25177370541e-06, 1.29373191271e-07, 1.95438669692e-08, 7.9381017315e-09, 3.85484222321e-09, 1.65220870318e-09, 1.29827348871e-09, 1.21789045515e-09], "median": [1.26073300635e-05, 5.85892848903e-07, 4.31198941442e-06, 2.38739230554e-05, 0.000466125115054, 0.000443616503617, 0.00024715505424, 0.000148791412357, 4.48783684988e-05, 2.07857938221e-05, 1.43315037349e-05, 1.63265085575e-05, 1.32924678837e-05, 3.00831834465e-05, 2.31747890211e-05, 2.18244585994e-05, 1.90142000065e-05, 1.5933157556e-05, 8.56542555994e-06, 1.19203127724e-06, 5.99576424065e-08, 2.84612999835e-09, 1.34329725121e-09, 1.04837527548e-09, 8.93870477636e-10, 8.61619775527e-10, 8.67135585558e-10], "min": [7.11240689933e-26, 1.15216714664e-24, 1.4476986006e-24, 3.26978605087e-25, 8.83535336786e-24, 8.31331046434e-24, 2.7218574656e-24, 7.68066216215e-24, 1.48947399201e-23, 1.62982733541e-23, 1.79558168441e-23, 1.25601999456e-23, 2.58431936956e-23, 2.88448977924e-23, 4.31304588111e-23, 4.148779166e-23, 5.86481164341e-23, 9.54046611726e-23, 1.0655885145e-22, 1.77227497829e-22, 2.30290409635e-22, 2.50585920081e-22, 4.03767359798e-22, 4.88110928902e-22, 8.43340219937e-22, 1.28371554725e-21, 1.93714996195e-21], "dvar2": [6.05117464383e-13, 5.29276275585e-11, 1.04758157704e-09, 2.86675341243e-08, 1.30369517137e-05, 3.03605302179e-05, 1.55725247168e-05, 1.94482672669e-05, 2.43533941102e-05, 3.20785784425e-06, 8.08311961009e-06, 1.73337139131e-05, 8.84655491973e-06, 3.04357909044e-05, 1.26525401356e-05, 4.72277315566e-06, 1.08343874672e-06, 3.17311048548e-07, 2.52533141065e-08, 1.27707996955e-10, 5.13959697284e-13, 8.58379529565e-14, 4.86737826964e-15, 2.83911494346e-16, 1.22617622682e-17, 5.9872681041e-18, 4.6128752563e-18], "dvar": [2.90619064187e-13, 2.0244835322e-11, 3.90146026596e-10, 1.10087983174e-08, 5.76605134484e-06, 1.57767299243e-05, 7.11995971869e-06, 9.00138638826e-06, 1.17489844342e-05, 1.66401582646e-06, 4.22679113399e-06, 9.38626453717e-06, 4.57567193735e-06, 1.5256127881e-05, 6.48665900371e-06, 2.14550209421e-06, 4.8309112799e-07, 1.46166073023e-07, 1.21604593062e-08, 5.03930265572e-11, 1.76876566236e-13, 2.8914587738e-14, 1.69246193174e-15, 1.09860543836e-16, 4.60758419551e-18, 2.16225694545e-18, 1.54050870598e-18], "dmean": [6.71989255352e-07, 1.61138200383e-06, 8.95054199646e-06, 4.31695734733e-05, 0.000794103369117, 0.00145929714199, 0.000935704156291, 0.000839759188239, 0.000664356630296, 0.000332055235049, 0.000548483163584, 0.000892575772014, 0.000438646267867, 0.00122413027566, 0.000725539110135, 0.000350035988959, 0.000145225101733, 8.25464812806e-05, 3.50447335222e-05, 2.01537250177e-06, 7.70028307784e-08, 1.13395435264e-08, 4.74718619969e-09, 2.29715957367e-09, 9.54950118981e-10, 7.44250439055e-10, 6.78936074028e-10], "max": [2.22171547648e-05, 0.000116829571198, 0.000422537123086, 0.00418787077069, 0.0883771553636, 0.109737850726, 0.0677425563335, 0.0970919579268, 0.124847874045, 0.035435475409, 0.0428236797452, 0.0538595095277, 0.0613330155611, 0.0678044334054, 0.056895788759