{"tonal": {"thpcp": [1, 0.555071651936, 0.230569511652, 0.182083621621, 0.175527021289, 0.38285112381, 0.544881761074, 0.385780870914, 0.263406276703, 0.283094525337, 0.295854359865, 0.446520209312, 0.498191028833, 0.29570966959, 0.303345859051, 0.427256554365, 0.302702903748, 0.176827073097, 0.226455271244, 0.301619648933, 0.616375625134, 0.861040771008, 0.5693385005, 0.239770635962, 0.132409468293, 0.113082036376, 0.210683971643, 0.303505152464, 0.281536608934, 0.326276212931, 0.366603791714, 0.247843876481, 0.227987989783, 0.313045859337, 0.455104708672, 0.859596312046], "hpcp": {"dmean2": [0.228722438216, 0.162977397442, 0.16365891695, 0.208163499832, 0.163858637214, 0.119841322303, 0.171897605062, 0.221467897296, 0.279583483934, 0.315806031227, 0.245686858892, 0.160188108683, 0.105439350009, 0.0902449265122, 0.137365221977, 0.167051106691, 0.145644143224, 0.168874725699, 0.193489894271, 0.155379801989, 0.160568371415, 0.209549233317, 0.272784382105, 0.323677271605, 0.342557996511, 0.254962682724, 0.1626521945, 0.13117992878, 0.126144066453, 0.188963443041, 0.227570906281, 0.19033138454, 0.160753026605, 0.171250060201, 0.173131301999, 0.214729189873], "median": [0.0952294096351, 0.056439012289, 0.0503697879612, 0.0608449988067, 0.0457414090633, 0.0280931144953, 0.0285985693336, 0.049709148705, 0.15505284071, 0.238905698061, 0.122489854693, 0.0311656761914, 0.0162249542773, 0.0157193504274, 0.0347582288086, 0.0505473390222, 0.0467454195023, 0.0451679304242, 0.0380575805902, 0.0291194096208, 0.0330235958099, 0.0459622554481, 0.0863173305988, 0.241166174412, 0.301728785038, 0.129388928413, 0.0357302092016, 0.0217414982617, 0.0222757272422, 0.0595373511314, 0.0872786492109, 0.0639787614346, 0.0338105112314, 0.0400774106383, 0.0528016574681, 0.0988499075174], "min": [0, 0, 0, 0, 0, 0, 0, 0, 0, 0, 0, 0, 0, 0, 0, 0, 0, 0, 0, 0, 0, 0, 0, 0, 0, 0, 0, 0, 0, 0, 0, 0, 0, 0, 0, 0], "dvar2": [0.0813189744949, 0.0514249876142, 0.060489486903, 0.0847723633051, 0.0579837113619, 0.0425119325519, 0.0756752789021, 0.0916762501001, 0.0944071412086, 0.109649471939, 0.0849711969495, 0.0646561533213, 0.043233782053, 0.0321240946651, 0.0467497520149, 0.0610489547253, 0.0515927448869, 0.0628997683525, 0.0884074494243, 0.0561467036605, 0.0644068866968, 0.0933669656515, 0.110742799938, 0.111831575632, 0.124208346009, 0.0817033052444, 0.0614198260009, 0.0592745095491, 0.0501690655947, 0.0631355792284, 0.0900070294738, 0.0734031349421, 0.0589870549738, 0.0696369484067, 0.0594840049744, 0.0730355158448], "dvar": [0.0357141718268, 0.0202821660787, 0.0236186236143, 0.0374450236559, 0.0245369467884, 0.0163171067834, 0.0291515234858, 0.0352571718395, 0.0383696071804, 0.0481000468135, 0.0358552746475, 0.0253249183297, 0.0160018838942, 0.011666610837, 0.0183715745807, 0.0252276230603, 0.0208582691848, 0.0263480637223, 0.0395639054477, 0.0232433732599, 0.0247422363609, 0.0363270826638, 0.0435099191964, 0.0467825978994, 0.053016461432, 0.0346765294671, 0.0239683352411, 0.0228655207902, 0.0191631503403, 0.026469072327, 0.0370705202222, 0.0281112119555, 0.023670013994, 0.0290305111557, 0.0234558898956, 0.0290714930743], "dmean": [0.14085033536, 0.0975393429399, 0.0994459539652, 0.127116769552, 0.0991612821817, 0.0690843835473, 0.0977191329002, 0.125862926245, 0.168298125267, 0.188920170069, 0.149010807276, 0.0940953046083, 0.0600128918886, 0.050446998328, 0.0801668316126, 0.100415036082, 0.0870456397533, 0.102402113378, 0.117670111358, 0.0928248092532, 0.0920386984944, 0.120307840407, 0.162877038121, 0.192424222827, 0.207535266876, 0.156284183264, 0.0941278040409, 0.0760556682944, 0.0733887553215, 0.112800374627, 0.136150434613, 0.114292480052, 0.0951477661729, 0.102627903223, 0.10265596211, 0.130262032151], "max": [1, 1, 1, 1, 1, 1, 1, 1, 1, 1, 1, 1, 1, 1, 1, 1, 1, 1, 1, 1, 1, 1, 1, 1, 1, 1, 1, 1, 1, 1, 1, 1, 1, 1, 1, 1], "var": [0.0721991658211, 0.029487805441, 0.0345142111182, 0.0695478022099, 0.0374543406069, 0.017216835171, 0.0302405282855, 0.0369481891394, 0.0710102468729, 0.116423547268, 0.07475066185, 0.0312662795186, 0.0134544791654, 0.00997913256288, 0.0211017765105, 0.039009924978, 0.0364095903933, 0.0452978052199, 0.0686642453074, 0.0313974246383, 0.0264204647392, 0.0436682701111, 0.0617762580514, 0.114810928702, 0.135571986437, 0.0667089521885, 0.0259073749185, 0.0248098000884, 0.0210813786834, 0.0527948178351, 0.0905873179436, 0.052961178124, 0.0372113361955, 0.0415456928313, 0.0322054363787, 0.0508859343827], "mean": [0.211120471358, 0.125314101577, 0.128550127149, 0.181060269475, 0.128277659416, 0.0749347358942, 0.0959658846259, 0.127818599343, 0.26120403409, 0.364886790514, 0.241270929575, 0.101608589292, 0.0561117082834, 0.0479212403297, 0.0892824158072, 0.128617629409, 0.119307935238, 0.138267412782, 0.155357196927, 0.105029821396, 0.0966154113412, 0.132660731673, 0.19286160171, 0.364274680614, 0.423774123192, 0.235225006938, 0.0977093949914, 0.0771623253822, 0.0743838101625, 0.162242397666, 0.230906799436, 0.163483947515, 0.111624769866, 0.119968131185, 0.125375419855, 0.189223706722]}, "tuning_equal_tempered_deviation": 0.0212400536984, "chords_changes_rate": 0.0491241440177, "key_key": "F", "tuning_diatonic_strength": 0.739657878876, "key_scale": "major", "chords_number_rate": 0.00380807300098, "tuning_frequency": 443.828887939, "tuning_nontempered_energy_ratio": 0.739824950695, "chords_histogram": [50.0380821228, 0.304645836353, 11.5003805161, 3.04645848274, 0, 0.418888032436, 0, 0.114242196083, 0.72353386879, 0.0761614590883, 8.98705291748, 0, 0, 0, 0, 0, 0, 8.94897174835, 0.0380807295442, 3.73191165924, 4.95049524307, 3.00837779045, 2.89413547516, 1.21858334541], "key_strength": 0.854147017002, "chords_key": "F", "chords_strength": {"dmean2": 0.0102835046127, "median": 0.582942664623, "min": 0.267553985119, "dvar2": 8.00318230176e-05, "dvar": 8.2451144408e-05, "dmean": 0.0107630938292, "max": 0.821267843246, "var": 0.0103504611179, "mean": 0.574163794518}, "chords_scale": "major", "hpcp_entropy": {"dmean2": 1.09750807285, "median": 1.91108632088, "min": 0, "dvar2": 0.798789680004, "dvar": 0.301280885935, "dmean": 0.65625244379, "max": 4.13404607773, "var": 0.554201066494, "mean": 1.87330436707}}, "metadata": {"audio_properties": {"equal_loudness": 0, "codec": "mp3", "downmix": "mix", "sample_rate": 44100, "analysis_sample_rate": 44100, "bit_rate": 192040, "md5_encoded": "6e684a60cd45e24aa8f77520fd58d5b5", "length": 121.861221313, "replay_gain": -5.92180252075, "lossless": false}, "version": {"essentia_build_sha": "2d9f1f26377add8aeb1075a9c2973f962c4f09fd", "essentia": "2.1-beta2", "extractor": "music 1.0", "essentia_git_sha": "v2.1_beta2-1-ge3940c0"}, "tags": {"title": ["Maybelle"], "language": ["eng"], "acoustid_fingerprint": ["AQADtMxk7kFz9FkOV8QzhHlmnFmg5jsuIsyjF22y4yjJFM13_Dh6NMmSbziJcw3yTBv0HKGfoBlz4lODNcxkVA_hS_DxBD0e5EqiUB2SP_iSK2iId87wC94awcyGJyd-B8f0RM9wHk-QJ9IDb6FxHk-O_yigL3pgqjmKXFpRNgovhDnxHxe1CtofNA9ypwjjLEeZKGeIH8eU50MdLYVKEXlwyqivCQzXUAmOc0dvwgiN5GPx5cUv_MW7RELDeBR6HmcYDdkJ-QhTH33xH33x5GguyQme_DieYUoVhPID-UesCmbH48wVHA7Hsjh1_HBEEqdyXLyCU0fe5YKKpoc2aseV-MiPmxIaJwtqIUcD7RGiJ8eZB0wuCWnFoEqjQ9VF3GPQTseZQ9-R5yAOJx_-FH1S4mRU5EjS-CL-FV9Sa8PZBGVJXMJbhM50qGZipM-Dx9vw3Md1ommSK-h7HD-eLMel9Ah1QkvPDLGiZNZxiTF6phX8o1bw-MQ99EmO5jieZMefEE38BD2PkzhOBQ-L-0HDozyCZEn6o6KyPHgf4lKSGL3Q8DjzHM8RH0keZYar5fj2oFp2w0kOv0cf5IR-hPnxIT8eKHoc5MyFJ1McPOEJ_7hzfGKEpw9C6mia5ME9yC_KQ8tyLbjzYTqJ4sc-4T20_ChR5kEThw6u41MMzWIRRtbxWBTxMcZ147KGMI-OyTbUKxxy6kuEJkrwCz7xEZ-AP_D8BH0t_ASzkEeeyIL2I8ta40mEnS764Dse7niaEH5ipXiIS7iCJ3uG5LUQrjmmXGbwHC84JTvYN4lx1HqJ77ipIOGN8CyuoP_RHNcxSVMeNFyEH8eXB7GZDI1rdM3xKcfR9_CZQj9yXEfzHDuBUn6CJv2QOEwRxuhFfPhK4RTa8MFz5CXEo1YP9RGeIJeC_9j1BCUlC_uW4QOTyxh9_BRKJdnhZW7RJA1yNtDDIT113JmOT8We3HD4gw-uJCOxlQ8exGIeaD-RMnfw0sVfHN-ioxee4NHw4x6m5ca2LCf-4BRiOqgz5MUtND_Ow9OFaw8qUqnwIZYWaOFJRGKXzfhm7GjWZUevF3eEb8mKUAnJDAmPPkEPP9JR82gWBaVO_EH4pYOWHt_xELEYHV0emIyO68KRK1D1HHGU5cLR9_hRMoc5pijJI3ZydIzSQzd-nC5y4ZOQH0Yv6JmOnCauDV26Ix_0ZS5SdehrnD0mOaB-RCc0HvHwzKgOH_Wu4McRZuEyFfWw6wB1hgoeHf9w_QjDH-HDDh_RC5L2o2-Fg1kaNPxw6dByq6hf5DoqHr4Q6Tj0JBnqFz4JJ8mhqleCH2mjo5Yi_BjjH9cjNMu3BOGPXcFDaD5uiTGqvBzuPcOzQ0-OL2gSL0Wo53jwBXkuo6JjQkviUfgfPPmQ88bFo_mC8MUTSVegKjrRX0gvGSNH_AiZ_XiKH80XQzvOC71yVEwSUQri7CidgwkfnDz2K7gYoz_CWNATVKKOVM0konnCBbdX_A4uoReaS7qwh8FzMMcz-HyEXNLB6NDWnEjdonaMWyZ6HT8Yaxfy6BB_5BR5fB-aMbtQqdmRR-yg6MiDbZxCBX3yoUezxA5yKxPx7FAdWOMVxA-a6kcki4Z2R0SY7wmuHHvQOD56POKIPw3yHsmugxp7lFkiSuiDphvONEeVH80Clib-BDuP7whO4YnC4tODXkFzPMeVB41CxiFaTTi1Dnmjwzu-I78T_IaWo0909AlzpAuPSToRKieaP8IuWeiDKzCjhEh3Luiv4DKe4ArCMA-Fkh_0ED_0OYViH092SEnzgbuP5lkOXQ_-Q_N0hBGbEt-OX-gfNON1PMsTTCl6BeFHNPmDfDzi_9CynAjZByOvwmoWXDvuC9ufYWdyXD9emSLuHMnCB5GuEefRojmDSxl6nnAVJSgeBX-HHlOeMTgRRkxoaDJyg6eMHqUkkXjS4MyR5YfyClZzhD9-9Id_-Cjx7cK1JBeq_EiXT0PJ4TlupcGeFOJ0xHzxJXrQq_CPqTfuODhDNFUmKUj2I2eQT8dzJnjwEHp-hOmlGB_6HMdx7-i0tEGTPQ_yQycRdvCkHXXSHj1-HL0Qpkey60TNVYH3olI8KZiuB_4C_wdyKY0gTsqFsMdLcaginmh64c-RH4-DkIuEpvvxHf1j_GRQOzcexE8MrZWRjtOO6jnuPsHt42FgTRmH77gVXMelIZcwo-GDOseJ40eT2yhJK7gUHr3xBpcOkyRCieSQH38qQ8sf9DlyBX12BU2U7RqeI7ZeaPlRK6wQOjk8BmYf9CNy7_hXaM6pIF2iC--LDz-KITt07Wi2WkHtVESfDz5FPMhudJOGc3h5EhdyZjmkJrqCPFoO5hL8FMX4bziPxGGWId-PZtpi9D1-ozOadVmLR0rw0MGVpcgL7Ueq5kUlOcVL4DrqB3Ze1MrwE_0T5IeyXJIQzjsOVpFiPBXePcEvpJpIqMyPizy4vGieZyhF5bhKMKl5UK-hPbNQ-0iWRfuIJ8yI_2ieYz_8RXDHogznEGqCR8ezFlXyoDl5XM6RXAht53heVFZy5EFy_XiOJsmJqg9Re1OK5gwe9JhyPAnOY4yeotKD5lmM2JcS6EWe8jiHRxEuhM_hH99FwWG0PEP-4sf7ozlO7ni2CXmcIPklNHGOjsffEP3RPDt-IY8S6J_ROKWCPjpuGtoZOHj04AhT4cZkwXBedM2R-wlUJRreUkKuFg-zCpXygsmP_IMuFeFnojmeYCIfwSfho0V-aM-RH0CFQ4AxAIAhSEDmQDaACEQYAg46JqiAwAiCDDDAcCGYkEIABZQBigggADAAACWAEYB4AIwiigHDGANQAEeEINwKB6QwUgGFAKUGCEEAGAYpBAxAQCAmABEUWWgAAwwJZYixQglrgAQADAQAY8gABIgAxBFBXAIKISQMIEIARBhRxANABCGCUYQIcAoBoAARgBABIECMAOOQUaJAgZQRkglCkFEAKEaEQ8xAAJRAgCBACERCAWGAZIAIAIgCSDFCAEDKKOWMIoQYShgjhEgEpIKEAOAEs4QTQhQywgpopAGSAAAIUgwAJoFhjGAjICCEKEUEAkowQhAACgEAkCAEMMIMkEIIgpRCwEgHnDOCIQohQERYJRhBjghjALkGCKMoII4gI4QA0DkABBFAIUOMgAA5YQkwwigAnAAEAISgAJZIQgwBjjABAAFCGCuAoIwgBJBRgEgCABQgAAgBAExYIRQAggBiCEJEkGMIAYQ4BBAQFggCDABQAISUUEQYwAAgAhGkFBBGAIogIIQJS4EgxBEgkIHAKAWEAEgIAogwVCgmqBFMAESQ8IQIoxAQFjAknDDECgQMkIAwhIBQxDhBqAACISGUNcAoAoyglCiAoHKGEGIEAMgYZBwCwBljABGGEAAEAEAQoyAQRBAABBGAAIAEIAA4RjQCFCBDiAJQCKGwYkQZAwABRDBEgDMCIoIIYAAZYhiglCAgLFGaAACAQkoIBQSoDAArgAACKUCAUhIAxwwwDBhBBEAQAAMAAgooyoxTDAE2jCAAIKYAAYYYIpxAQAAhjBBIKAABIcQyioERBlDGAIACGCkEEIIBQgwASBmFiDBGEYQQUQooKZQ3BDCDBADQCKAEEAQAQAAwWgAnKASEGAOAYYwIQ5BTgHnCCAQKCGsEYkwQgIQCQhhEgECIIIkMRQAJJYQhiihikACQLGoFAUZAoQwyhiyEAIMAKQE"], "date": ["1958"], "genre": ["Rockabilly"], "musicbrainz_releasegroupid": ["3ea7968b-0d7e-49ab-9ce9-9ef075aa38f3"], "musicbrainz album type": ["Album", "Compilation"], "musicbrainz_recordingid": ["0bc07736-6bfd-4b38-84e2-d2881b5d57a2"], "musicbrainz_albumartistid": ["89ad4ac3-39f7-470e-963a-56509c546377"], "musicbrainz_albumid": ["90f3c472-2d68-43a2-9f0f-94c2f399c23b"], "artist": ["Jackie Cray"], "bpm": ["86.93"], "album": ["Rock-A-Billy Dynamite (Disc 23)"], "tracknumber": ["18/25"], "label": ["Documents"], "acoustid_id": ["a18bf0cb-2a94-4561-b09d-6b4ade4e1314"], "musicbrainz_artistid": ["500353ad-677e-40a7-8681-4fe7bef24238"], "file_name": "Jackie Cray - Maybelle.mp3"}}, "rhythm": {"bpm_histogram_first_peak_bpm": {"dmean2": 0, "median": 86, "min": 86, "dvar2": 0, "dvar": 0, "dmean": 0, "max": 86, "var": 0, "mean": 86}, "bpm": 87.1199798584, "bpm_histogram_second_peak_spread": {"dmean2": 0, "median": 0, "min": 0, "dvar2": 0, "dvar": 0, "dmean": 0, "max": 0, "var": 0, "mean": 0}, "bpm_histogram_first_peak_weight": {"dmean2": 0, "median": 0.445714265108, "min": 0.445714265108, "dvar2": 0, "dvar": 0, "dmean": 0, "max": 0.445714265108, "var": 0, "mean": 0.445714265108}, "onset_rate": 4.55360174179, "beats_position": [0.673378646374, 1.369977355, 2.04335594177, 2.70512461662, 3.35528349876, 4.01705217361, 4.66721057892, 5.34058952332, 6.01396799088, 6.71056699753, 7.40716552734, 8.10376358032, 8.80036258698, 9.4853515625, 10.1703395844, 10.8553285599, 11.5403175354, 12.2369155884, 12.933514595, 13.6185035706, 14.3034915924, 15.0000905991, 15.696688652, 16.3816776276, 17.0666656494, 17.7516555786, 18.4366436005, 19.1332416534, 19.8182315826, 20.5032196045, 21.1765975952, 21.8731975555, 22.5581855774, 23.2547836304, 23.9397735596, 24.6363716125, 25.3097496033, 26.0063495636, 26.6797275543, 27.3763256073, 28.0729255676, 28.7695236206, 29.4545116425, 30.1394996643, 30.8360996246, 31.5210876465, 32.2060775757, 32.9026756287, 33.5992736816, 34.2842636108, 34.9692497253, 35.6658477783, 36.3508377075, 37.0474357605, 37.7324256897, 38.4174156189, 39.1140136719, 39.7989997864, 40.4956016541, 41.192199707, 41.8771858215, 42.5621757507, 43.2587738037, 43.9553718567, 44.6287536621, 45.3137397766, 45.9987297058, 46.6721076965, 47.3570976257, 48.0304756165, 48.6922454834, 49.3656234741, 50.0390014648, 50.7123794556, 51.3857574463, 52.0707473755, 52.7557373047, 53.4407234192, 54.1257133484, 54.8223114014, 55.5189094543, 56.2038993835, 56.8888893127, 57.5738754272, 58.2588653564, 58.9554634094, 59.6520614624, 60.3486595154, 61.0452613831, 61.7302474976, 62.4152374268, 63.100227356, 63.7852134705, 64.4818115234, 65.1784133911, 65.8750076294, 66.5832214355, 67.2682037354, 67.9531936646, 68.6381835938, 69.3347854614, 70.0313796997, 70.7279815674, 71.4245758057, 72.1211776733, 72.817779541, 73.5143737793, 74.210975647, 74.9075698853, 75.6041717529, 76.2891616821, 76.9741516113, 77.6707458496, 78.3557357788, 79.040725708, 79.7373199463, 80.433921814, 81.1305236816, 81.8271179199, 82.5121078491, 83.1970977783, 83.8936920166, 84.5902938843, 85.2868881226, 85.9834899902, 86.6800918579, 87.3766860962, 88.0616760254, 88.7466659546, 89.4316558838, 90.1282501221, 90.8132400513, 91.4982299805, 92.1832199097, 92.8798141479, 93.5764160156, 94.2730178833, 94.9696121216, 95.6662139893, 96.3628082275, 97.0477981567, 97.7327880859, 98.4177780151, 99.1027679443, 99.7993621826, 100.484352112, 101.169342041, 101.842720032, 102.516098022, 103.201087952, 103.886077881, 104.571060181, 105.25605011, 105.929428101, 106.61441803, 107.299407959, 107.984397888, 108.669387817, 109.354377747, 110.039360046, 110.724349976, 111.409339905, 112.105941772, 112.802536011, 113.499137878, 114.172515869, 114.869110107, 115.565711975, 116.262313843, 116.947296143, 117.64389801, 118.340499878, 119.037094116, 119.733695984, 120.441902161, 121.138504028], "beats_loudness": {"dmean2": 0.0150097459555, "median": 0.0207796692848, "min": 1.02425303794e-08, "dvar2": 0.000152888038429, "dvar": 5.44858667126e-05, "dmean": 0.0088902907446, "max": 0.0528018511832, "var": 0.000144612829899, "mean": 0.0229440853}, "danceability": 1.11163389683, "bpm_histogram_second_peak_weight": {"dmean2": 0, "median": 0.0285714268684, "min": 0.0285714268684, "dvar2": 0, "dvar": 0, "dmean": 0, "max": 0.0285714268684, "var": 0, "mean": 0.0285714268684}, "beats_count": 176, "bpm_histogram_second_peak_bpm": {"dmean2": 0, "median": 91, "min": 91, "dvar2": 0, "dvar": 0, "dmean": 0, "max": 91, "var": 0, "mean": 91}, "bpm_histogram_first_peak_spread": {"dmean2": 0, "median": 0.541176497936, "min": 0.541176497936, "dvar2": 0, "dvar": 0, "dmean": 0, "max": 0.541176497936, "var": 0, "mean": 0.541176497936}, "beats_loudness_band_ratio": {"dmean2": [0.203712701797, 0.128382280469, 0.303743153811, 0.378979116678, 0.285055249929, 0.0754418447614], "median": [0.0371615290642, 0.0680861771107, 0.114097595215, 0.302215516567, 0.262085616589, 0.0454963743687], "min": [0.00298297544941, 0.00314904935658, 0.00143305666279, 0.00172776996624, 0.00385322328657, 0.00404520286247], "dvar2": [0.0467777512968, 0.0119272582233, 0.0851786211133, 0.0858416035771, 0.0453595779836, 0.00664250273257], "dvar": [0.0171745046973, 0.00469839340076, 0.0270339455456, 0.0326840318739, 0.0193447303027, 0.00269910763018], "dmean": [0.107320927083, 0.073690854013, 0.164615362883, 0.222811385989, 0.163571983576, 0.0441218726337], "max": [0.962877452374, 0.35623767972, 0.73042601347, 0.894104659557, 0.845253705978, 0.317448049784], "var": [0.0206377208233, 0.00550523400307, 0.0245402026922, 0.048778232187, 0.0272338986397, 0.00283383927308], "mean": [0.0932673737407, 0.0935845300555, 0.169787839055, 0.328875035048, 0.29015854001, 0.0611082427204]}}, "lowlevel": {"barkbands_spread": {"dmean2": 6.43704891205, "median": 17.7702560425, "min": 2.32533097267, "dvar2": 47.8158302307, "dvar": 21.9318161011, "dmean": 4.25130701065, "max": 140.789169312, "var": 143.584945679, "mean": 19.8942928314}, "melbands_spread": {"dmean2": 11.8435745239, "median": 32.40184021, "min": 0.895500183105, "dvar2": 139.087478638, "dvar": 63.6827926636, "dmean": 7.69930791855, "max": 188.746582031, "var": 278.304931641, "mean": 34.8675689697}, "hfc": {"dmean2": 8.17235851288, "median": 15.3498287201, "min": 1.09810555657e-16, "dvar2": 94.8800048828, "dvar": 57.6230583191, "dmean": 6.14215373993, "max": 108.441833496, "var": 347.211395264, "mean": 21.0439891815}, "barkbands_kurtosis": {"dmean2": 1.6298251152, "median": -0.251722335815, "min": -1.91905462742, "dvar2": 21.9092941284, "dvar": 8.83951663971, "dmean": 1.02797031403, "max": 157.052474976, "var": 10.5018024445, "mean": 0.432458788157}, "gfcc": {"mean": [-57.1714897156, 99.8675460815, -169.52293396, 19.5574150085, -42.8213653564, 9.17355728149, -33.8376121521, 1.89805388451, -21.1481113434, -3.95931887627, -10.9356546402, -5.78847646713, -8.70201015472], "icov": [[0.000353286857717, -0.000478570174892, 0.00124111876357, -0.000766674755141, 0.000667486630846, -0.000819746463094, 0.000459812756162, -0.00105229718611, 0.000536569801625, -0.000606041576248, 0.000701028562617, -0.000318307342241, 0.00056455883896], [-0.000478570174892, 0.00222534872591, -0.00191789679229, 0.00143710605334, -0.00177557871211, 0.00168911460787, -0.00120603421237, 0.00296413805336, -0.00226802611724, 0.00242835073732, -0.00313251907937, 0.00199156883173, -0.00161121541169], [0.00124111876357, -0.00191789679229, 0.00604008790106, -0.00345892040059, 0.00240316684358, -0.00354647426866, 0.00191190373152, -0.00432625412941, 0.0023943586275, -0.00327610480599, 0.00307830655947, -0.00173544639256, 0.00281178648584], [-0.000766674755141, 0.00143710605334, -0.00345892040059, 0.00609439983964, -0.00257597444579, 0.00160312256776, 8.68817005539e-05, 0.000433795939898, -0.00148913555313, 0.00175220542587, -0.00260053691454, 0.00084379472537, -0.00222529494204], [0.000667486630846, -0.00177557871211, 0.00240316684358, -0.00257597444579, 0.00562898116186, -0.00262875924818, 0.000543015543371, -0.00152644142509, -0.00039082398871, -0.00227223825641, 0.00226911413483, -0.00198919861577, 0.00166255747899], [-0.000819746463094, 0.00168911460787, -0.00354647426866, 0.00160312256776, -0.00262875924818, 0.00982409715652, -0.00603157887235, 0.00613849190995, -0.00287453341298, 0.00206025131047, -0.00411100685596, 0.00226934230886, -0.00289172655903], [0.000459812756162, -0.00120603421237, 0.00191190373152, 8.68817005539e-05, 0.000543015543371, -0.00603157887235, 0.0108161037788, -0.00657453667372, 0.00360518880188, -0.0019389357185, 0.0023483724799, -0.00282795494422, 0.00163381942548], [-0.00105229718611, 0.00296413805336, -0.00432625412941, 0.000433795939898, -0.00152644142509, 0.00613849190995, -0.00657453667372, 0.0148286018521, -0.00746553903446, 0.00492148986086, -0.00407446268946, 0.00452859746292, -0.00157098239288], [0.000536569801625, -0.00226802611724, 0.0023943586275, -0.00148913555313, -0.00039082398871, -0.00287453341298, 0.00360518880188, -0.00746553903446, 0.0156073886901, -0.00865291804075, 0.00574970431626, -0.000963847502135, -0.00107099337038], [-0.000606041576248, 0.00242835073732, -0.00327610480599, 0.00175220542587, -0.00227223825641, 0.00206025131047, -0.0019389357185, 0.00492148986086, -0.00865291804075, 0.0188598111272, -0.00705754663795, 0.00380257843062, -0.00122332246974], [0.000701028562617, -0.00313251907937, 0.00307830655947, -0.00260053691454, 0.00226911413483, -0.00411100685596, 0.0023483724799, -0.00407446268946, 0.00574970431626, -0.00705754663795, 0.016829546541, -0.00847017578781, 0.00589583208784], [-0.000318307342241, 0.00199156883173, -0.00173544639256, 0.00084379472537, -0.00198919861577, 0.00226934230886, -0.00282795494422, 0.00452859746292, -0.000963847502135, 0.00380257843062, -0.00847017578781, 0.0179030243307, -0.00799084827304], [0.00056455883896, -0.00161121541169, 0.00281178648584, -0.00222529494204, 0.00166255747899, -0.00289172655903, 0.00163381942548, -0.00157098239288, -0.00107099337038, -0.00122332246974, 0.00589583208784, -0.00799084827304, 0.0188419949263]], "cov": [[11701.1064453, 247.175720215, -2043.16882324, 91.8623428345, -434.77947998, -59.6722640991, -33.7775726318, 200.792938232, -17.8008670807, -128.456390381, -64.9146957397, -126.44695282, -7.50008201599], [247.175720215, 1100.92163086, 29.9080886841, -54.8309364319, 229.744262695, 69.3296890259, 8.05602169037, -134.387969971, 56.2683296204, -1.0926476717, 106.538909912, 4.70730829239, 26.0486679077], [-2043.16882324, 29.9080886841, 743.693969727, 159.245880127, 74.626373291, 65.788772583, 20.5344200134, 49.9193191528, 32.0017814636, 54.0780220032, 15.3098859787, 3.91881608963, -20.3024196625], [91.8623428345, -54.8309364319, 159.245880127, 317.059448242, 78.8878097534, 5.1336145401, -10.5140647888, 74.4593963623, 45.2847900391, 20.1009082794, 6.13489532471, 1.2318021059, 9.66902065277], [-434.77947998, 229.744262695, 74.626373291, 78.8878097534, 351.70993042, 84.2680892944, 29.8969230652, -20.1235561371, 69.0262298584, 40.0724449158, 21.5219688416, 21.6080932617, 17.4370555878], [-59.6722640991, 69.3296890259, 65.788772583, 5.1336145401, 84.2680892944, 225.277603149, 92.2843780518, -42.7617301941, 2.43504977226, 17.8910503387, 38.7225074768, 24.2618465424, 13.5487737656], [-33.7775726318, 8.05602169037, 20.5344200134, -10.5140647888, 29.8969230652, 92.2843780518, 167.020004272, 35.1038513184, -8.75849914551, 1.6085549593, 12.6764736176, 15.021484375, -0.625173270702], [200.792938232, -134.387969971, 49.9193191528, 74.4593963623, -20.1235561371, -42.7617301941, 35.1038513184, 177.829650879, 51.7178459167, 3.5782456398, -29.7003364563, -33.2537727356, -10.8051900864], [-17.8008670807, 56.2683296204, 32.0017814636, 45.2847900391, 69.0262298584, 2.43504977226, -8.75849914551, 51.7178459167, 135.235839844, 44.7274780273, -25.5862846375, -20.209072113, 15.2986211777], [-128.456390381, -1.0926476717, 54.0780220032, 20.1009082794, 40.0724449158, 17.8910503387, 1.6085549593, 3.5782456398, 44.7274780273, 86.4744186401, 17.0712242126, -5.06709003448, -1.90577673912], [-64.9146957397, 106.538909912, 15.3098859787, 6.13489532471, 21.5219688416, 38.7225074768, 12.6764736176, -29.7003364563, -25.5862846375, 17.0712242126, 117.952255249, 41.7014846802, -9.60529136658], [-126.44695282, 4.70730829239, 3.91881608963, 1.2318021059, 21.6080932617, 24.2618465424, 15.021484375, -33.2537727356, -20.209072113, -5.06709003448, 41.7014846802, 95.4932327271, 27.4656925201], [-7.50008201599, 26.0486679077, -20.3024196625, 9.66902065277, 17.4370555878, 13.5487737656, -0.625173270702, -10.8051900864, 15.2986211777, -1.90577673912, -9.60529136658, 27.4656925201, 74.7904510498]]}, "spectral_energyband_middle_low": {"dmean2": 0.00292058498599, "median": 0.00232044653967, "min": 2.28746892833e-22, "dvar2": 2.20211404667e-05, "dvar": 9.87056955637e-06, "dmean": 0.00187746062875, "max": 0.0446691736579, "var": 3.27434427163e-05, "mean": 0.00452895043418}, "melbands_crest": {"dmean2": 5.19219875336, "median": 10.8501491547, "min": 1.85944247246, "dvar2": 21.4484348297, "dvar": 8.92158889771, "dmean": 3.24556064606, "max": 37.3575706482, "var": 27.8064975739, "mean": 12.1050100327}, "spectral_kurtosis": {"dmean2": 4.93200874329, "median": 6.55062198639, "min": -1.21764540672, "dvar2": 22.283197403, "dvar": 8.13519096375, "dmean": 2.8969373703, "max": 29.19282341, "var": 14.8692293167, "mean": 7.43988227844}, "spectral_rms": {"dmean2": 0.000754299806431, "median": 0.00350835546851, "min": 3.13991953098e-12, "dvar2": 6.19028867277e-07, "dvar": 3.73996954295e-07, "dmean": 0.000574818172026, "max": 0.00758208101615, "var": 2.68452799901e-06, "mean": 0.00357543537393}, "zerocrossingrate": {"dmean2": 0.00848593376577, "median": 0.06689453125, "min": 0.009765625, "dvar2": 0.00013334536925, "dvar": 9.6257768746e-05, "dmean": 0.00721826497465, "max": 0.5146484375, "var": 0.0011237822473, "mean": 0.0709420591593}, "silence_rate_60dB": {"dmean2": 0.12804877758, "median": 0, "min": 0, "dvar2": 0.134903922677, "dvar": 0.0599141977727, "dmean": 0.0640121921897, "max": 1, "var": 0.111044503748, "mean": 0.127238094807}, "erbbands_kurtosis": {"dmean2": 1.97813272476, "median": 0.849174141884, "min": -1.61541426182, "dvar2": 8.09702777863, "dvar": 3.75635385513, "dmean": 1.2798358202, "max": 43.9312782288, "var": 8.71403121948, "mean": 1.5090842247}, "erbbands": {"dmean2": [0.0118431532755, 0.212360993028, 0.533766686916, 0.388182044029, 1.0195401907, 2.15246224403, 2.2066617012, 3.66601037979, 3.55570793152, 13.5628576279, 16.6006240845, 41.2926368713, 30.284778595, 17.4199867249, 42.6163139343, 29.1988105774, 55.267791748, 49.8171195984, 65.7968902588, 39.9879608154, 26.2119846344, 29.8084068298, 40.8241271973, 14.2111158371, 16.2054424286, 11.44734478, 2.8965420723, 1.88230764866, 1.17866492271, 0.651706933975, 0.345148026943, 0.254101336002, 0.169441193342, 0.0696519315243, 0.0183870811015, 0.00528489472345, 0.00157703040168, 0.000388733984437, 5.60221778869e-05, 8.09714856587e-06], "median": [0.00239710067399, 0.028155233711, 0.130850166082, 0.220682576299, 0.532129049301, 1.2629840374, 1.20559024811, 2.10280442238, 1.63250172138, 1.67645132542, 3.80769395828, 8.16505050659, 7.06582355499, 7.35302686691, 17.04063797, 12.4099178314, 25.0591945648, 28.4960136414, 31.1456947327, 19.4849700928, 14.7472476959, 15.5089263916, 16.728925705, 7.90084457397, 5.45951318741, 3.24674654007, 1.42593216896, 1.02079129219, 0.603040337563, 0.3106803298, 0.168918088078, 0.120969153941, 0.0739335119724, 0.0237884745002, 0.00622913520783, 0.00192073406652, 0.000556966348086, 0.000127275794512, 1.5193561012e-05, 1.6253467038e-05], "min": [1.34892122458e-22, 9.48465666946e-22, 1.78186255392e-21, 8.33020394587e-21, 1.78304959041e-19, 1.23611324575e-19, 1.15882588371e-19, 2.8444725013e-19, 1.64737180742e-19, 7.87527021553e-19, 3.71817840439e-19, 7.02975979759e-19, 9.17086356344e-19, 1.09095475802e-18, 8.01736019923e-19, 2.25365130415e-18, 3.19802376397e-18, 1.91335933311e-18, 4.39962230412e-18, 9.90793546276e-18, 8.83481337457e-18, 1.01817338999e-17, 8.59940687123e-18, 1.3184539317e-17, 9.46068055991e-18, 1.48104289854e-17, 1.29065495557e-17, 1.49277810989e-17, 1.48651486373e-17, 1.23507743467e-17, 1.52187269901e-17, 1.28816414931e-17, 1.30218701136e-17, 1.02372269656e-17, 9.01588238348e-18, 4.51939971118e-18, 3.26474890846e-18, 1.14486904618e-18, 3.04992426142e-19, 3.44281747479e-20], "dvar2": [0.00094161654124, 0.297189563513, 1.74797713757, 0.582758903503, 2.54114532471, 10.8990678787, 15.6457204819, 38.5230407715, 100.0076828, 1149.66809082, 2127.67138672, 11249.7480469, 7379.28662109, 1431.86035156, 6637.00244141, 5869.60351563, 11045.6738281, 9841.71679688, 15842.1298828, 8263.60546875, 2154.63916016, 3238.11425781, 7187.67529297, 1278.54187012, 1874.44116211, 851.080810547, 36.8750572205, 11.7340288162, 4.40536737442, 2.57738280296, 1.19684767723, 0.671123385429, 0.455215543509, 0.101897761226, 0.00517185823992, 0.000177384645212, 8.56551378092e-06, 4.81279641917e-07, 1.52016532695e-08, 8.48779865836e-11], "dvar": [0.000456326117273, 0.177076339722, 0.887548327446, 0.296349823475, 0.858638465405, 4.12408876419, 7.15853071213, 15.6431255341, 48.3071746826, 422.807098389, 1002.3949585, 5221.0546875, 3543.94750977, 719.700500488, 3336.1027832, 2878.67700195, 5247.87402344, 4967.25878906, 7129.61474609, 4438.37548828, 1096.99157715, 1570.76855469, 3438.03613281, 561.580322266, 855.263000488, 437.198181152, 17.4805965424, 5.52449893951, 2.24287033081, 1.28246235847, 0.511796951294, 0.287977546453, 0.175373464823, 0.0406601093709, 0.00214343704283, 7.59368194849e-05, 4.26852557212e-06, 2.31683543461e-07, 5.52832180034e-09, 4.91835877581e-11], "dmean": [0.00788027327508, 0.158482581377, 0.381133317947, 0.260446965694, 0.59131103754, 1.28750145435, 1.39027154446, 2.32117652893, 2.23236560822, 7.7618393898, 10.6727771759, 26.400888443, 20.4176769257, 12.106590271, 29.3415374756, 20.1717567444, 37.6663513184, 33.8498420715, 44.0203018188, 27.1544113159, 17.8552932739, 20.4371490479, 27.6454868317, 9.75806522369, 11.0292034149, 7.91456270218, 2.03290963173, 1.3003872633, 0.817754149437, 0.454445183277, 0.241565316916, 0.177772909403, 0.11523167789, 0.0465239584446, 0.0126201100647, 0.0036585398484, 0.0010954788886, 0.000260029919446, 3.32861236529e-05, 6.0037473304e-06], "max": [0.366702139378, 9.08016681671, 15.9781293869, 9.61888694763, 14.7878704071, 36.703086853, 64.5177307129, 61.6005630493, 248.609436035, 274.88269043, 722.450683594, 1370.52258301, 1230.45495605, 566.670959473, 1810.38562012, 1636.35522461, 1900.97814941, 2133.89697266, 1564.13635254, 2086.3659668, 674.588195801, 747.495117188, 1438.31469727, 732.926635742, 568.102050781, 581.895263672, 140.239151001, 51.3142623901, 41.5204963684, 44.8969306946, 37.1425056458, 28.2851486206, 20.1204090118, 8.37724018097, 2.07301473618, 0.310166478157, 0.0419290438294, 0.00964919105172, 0.00124993966892, 8.62328306539e-05], "var": [0.000717508082744, 0.468789577484, 2.09417104721, 0.6836130023, 1.23018836975, 7.83076715469, 13.2781324387, 29.715631485, 90.104133606, 460.364807129, 2469.57080078, 18058.5742188, 10816.2265625, 1879.8939209, 13602.390625, 8116.95166016, 17133.8671875, 14095.8388672, 21006.2910156, 11657.1318359, 2729.8125, 4736.49804688, 11854.0185547, 1186.9329834, 2211.10205078, 1471.73547363, 49.1780090332, 13.7780952454, 7.78107643127, 3.60020565987, 0.76732224226, 0.454304516315, 0.198276132345, 0.045415725559, 0.00288282590918, 0.000164277051226, 1.46287284224e-05, 7.46755347336e-07, 6.73997657685e-09, 2.95674013051e-10], "mean": [0.0112139144912, 0.269687652588, 0.693522512913, 0.491611152887, 0.891090512276, 2.18459153175, 2.31257748604, 3.97598361969, 3.74243330956, 8.62602519989, 17.6572551727, 54.4885673523, 38.8234481812, 22.0929107666, 58.0591964722, 38.7995491028, 70.9888763428, 63.9944458008, 82.9509048462, 51.8143348694, 32.8612594604, 39.4604454041, 55.4066085815, 18.6875038147, 20.8349819183, 15.8885650635, 3.97809624672, 2.31588101387, 1.59554052353, 0.89233481884, 0.448061436415, 0.330792546272, 0.205104440451, 0.0817740857601, 0.0235145855695, 0.00730310799554, 0.00227140309289, 0.000514786923304, 4.48375685664e-05, 2.11831084016e-05]}, "spectral_strongpeak": {"dmean2": 1.75659704208, "median": 1.79203808308, "min": 0, "dvar2": 4.50274944305, "dvar": 2.02677941322, "dmean": 1.09558093548, "max": 17.5206546783, "var": 5.37889575958, "mean": 2.32501769066}, "spectral_energy": {"dmean2": 0.00587209593505, "median": 0.012616276741, "min": 1.01055726473e-20, "dvar2": 4.48945284006e-05, "dvar": 2.63385900325e-05, "dmean": 0.00440302724019, "max": 0.0589251555502, "var": 0.000156881826115, "mean": 0.0158549770713}, "average_loudness": 0.868819653988, "spectral_rolloff": {"dmean2": 556.764892578, "median": 1894.921875, "min": 21.533203125, "dvar2": 986258.25, "dvar": 440228.9375, "dmean": 337.283447266, "max": 19207.6171875, "var": 2147411.75, "mean": 2167.63867188}, "spectral_centroid": {"dmean2": 315.027282715, "median": 1733.33105469, "min": 368.8515625, "dvar2": 123599.132813, "dvar": 64591.0507813, "dmean": 214.765167236, "max": 11345.8007813, "var": 297365.78125, "mean": 1773.3548584}, "pitch_salience": {"dmean2": 0.105242662132, "median": 0.579027414322, "min": 0.136034011841, "dvar2": 0.00805941969156, "dvar": 0.00335278594866, "dmean": 0.0666638687253, "max": 0.927722334862, "var": 0.0116746723652, "mean": 0.573845684528}, "spectral_energyband_middle_high": {"dmean2": 0.0043030208908, "median": 0.00730804447085, "min": 1.25299172478e-21, "dvar2": 2.5575136533e-05, "dvar": 1.45105459524e-05, "dmean": 0.00318435952067, "max": 0.0550630018115, "var": 8.03791335784e-05, "mean": 0.00989182759076}, "spectral_contrast_coeffs": {"dmean2": [0.0802757367492, 0.0754514858127, 0.0657274276018, 0.0582691915333, 0.0413308627903, 0.0316793434322], "median": [-0.663749456406, -0.763816654682, -0.736257791519, -0.719788551331, -0.751011371613, -0.75493311882], "min": [-0.964846909046, -0.972274124622, -0.96700823307, -0.972625851631, -0.961751937866, -0.962485432625], "dvar2": [0.00415263045579, 0.00369903375395, 0.00286551285535, 0.00239756167866, 0.00117134186439, 0.000828776159324], "dvar": [0.00152749719564, 0.00146314094309, 0.00126163894311, 0.00107213656884, 0.000579502491746, 0.000354135147063], "dmean": [0.0475895255804, 0.046149648726, 0.0428236164153, 0.0376996211708, 0.0273905750364, 0.0205092858523], "max": [-0.395707160234, -0.46789598465, -0.463121503592, -0.525851309299, -0.540488362312, -0.621619224548], "var": [0.00491232285276, 0.00498920027167, 0.0077950200066, 0.00482991570607, 0.00433377036825, 0.0016051317798], "mean": [-0.660578012466, -0.756149947643, -0.728939771652, -0.721394836903, -0.74588060379, -0.757256031036]}, "melbands_skewness": {"dmean2": 0.731279671192, "median": 0.554476499557, "min": -2.88394093513, "dvar2": 0.768055319786, "dvar": 0.348485171795, "dmean": 0.479307383299, "max": 25.4592056274, "var": 1.30560779572, "mean": 0.667404770851}, "spectral_spread": {"dmean2": 453055.21875, "median": 2693039, "min": 1533614, "dvar2": 725407367168, "dvar": 454427115520, "dmean": 298716.375, "max": 42100676, "var": 2041232490500.0, "mean": 2895222}, "dissonance": {"dmean2": 0.0328259281814, "median": 0.475220382214, "min": 0.278443157673, "dvar2": 0.00103447935544, "dvar": 0.000382959231501, "dmean": 0.019273839891, "max": 0.500000119209, "var": 0.000596683530603, "mean": 0.46893197298}, "spectral_skewness": {"dmean2": 0.482779562473, "median": 1.63428461552, "min": -0.036397755146, "dvar2": 0.1873190552, "dvar": 0.0706754401326, "dmean": 0.292131125927, "max": 3.69816422462, "var": 0.172454535961, "mean": 1.68841183186}, "spectral_flux": {"dmean2": 0.0325034856796, "median": 0.0582405552268, "min": 6.62574162202e-11, "dvar2": 0.000953729904722, "dvar": 0.000433762150351, "dmean": 0.0212665367872, "max": 0.221215069294, "var": 0.00135521613993, "mean": 0.0652656853199}, "spectral_contrast_valleys": {"dmean2": [0.67173320055, 0.608218252659, 0.554214179516, 0.502204060555, 0.442998617887, 0.452908307314], "median": [-8.32619667053, -7.27644824982, -7.47810125351, -7.52777719498, -7.81200170517, -11.012840271], "min": [-27.7256584167, -27.3821487427, -27.6062698364, -27.5124759674, -27.3601932526, -27.3750801086], "dvar2": [0.321316033602, 0.27551522851, 0.247867256403, 0.208444595337, 0.18141156435, 0.205112114549], "dvar": [0.159860819578, 0.13350482285, 0.125077173114, 0.109150722623, 0.111863069236, 0.123617239296], "dmean": [0.4226115942, 0.373929858208, 0.356414884329, 0.333039104939, 0.328481316566, 0.355783849955], "max": [-6.2823882103, -5.27969455719, -5.45243549347, -5.68559026718, -5.76835727692, -8.13192558289], "var": [1.33210420609, 1.34099626541, 1.41369879246, 1.45110058784, 1.33257806301, 1.07456016541], "mean": [-8.40097808838, -7.36154460907, -7.57194709778, -7.64734649658, -7.93720626831, -11.1345977783]}, "erbbands_flatness_db": {"dmean2": 0.0259202811867, "median": 0.232444375753, "min": 0.0278103817254, "dvar2": 0.000573210651055, "dvar": 0.000284940819256, "dmean": 0.0178783349693, "max": 0.369600743055, "var": 0.00193619716447, "mean": 0.22902187705}, "spectral_energyband_high": {"dmean2": 0.000149912375491, "median": 9.41721955314e-05, "min": 6.90798643603e-21, "dvar2": 7.09231997575e-08, "dvar": 3.73893946914e-08, "dmean": 0.000108420725155, "max": 0.00465291924775, "var": 1.27139884398e-07, "mean": 0.000233724815189}, "spectral_entropy": {"dmean2": 0.220364436507, "median": 7.32062196732, "min": 5.81028795242, "dvar2": 0.0376823246479, "dvar": 0.019827844575, "dmean": 0.15916697681, "max": 9.80463886261, "var": 0.107927463949, "mean": 7.3334774971}, "silence_rate_20dB": {"dmean2": 0, "median": 1, "min": 1, "dvar2": 0, "dvar": 0, "dmean": 0, "max": 1, "var": 0, "mean": 1}, "melbands_flatness_db": {"dmean2": 0.0299610830843, "median": 0.173598945141, "min": 0.00698441406712, "dvar2": 0.000846831884701, "dvar": 0.000406857288908, "dmean": 0.0208947975188, "max": 0.417048633099, "var": 0.00173788506072, "mean": 0.175764426589}, "barkbands": {"dmean2": [8.44019632495e-06, 0.000792511506006, 0.00042144494364, 0.000109864980914, 0.000528346863575, 0.00039534343523, 0.000423649820732, 0.000787258031778, 0.00159393507056, 0.000804798153695, 0.00089680030942, 0.000792841892689, 0.00132515793666, 0.00103123462759, 0.00121777481399, 0.000622574938461, 0.000556960818358, 0.00067094824044, 0.000290062918793, 0.000309183320496, 5.31601872353e-05, 3.11622643494e-05, 1.25017777464e-05, 1.09455659185e-05, 4.18470835939e-06, 9.3358283948e-07, 2.72399688583e-07], "median": [2.5144695428e-06, 0.00010778230353, 0.000137407972943, 5.2057323046e-05, 0.000329236878315, 0.00022792670643, 9.22988547245e-05, 0.000110411696369, 0.00028959804331, 0.000122053257655, 0.000343241612427, 0.000248201482464, 0.000478205707623, 0.000361172686098, 0.00040210437146, 0.00025174516486, 0.000222261413001, 0.000239925953792, 0.000111123881652, 6.89595472068e-05, 2.62603607553e-05, 1.56741552928e-05, 5.99099621468e-06, 5.15439933224e-06, 1.38878181133e-06, 3.44823092746e-07, 4.63190161781e-08], "min": [2.85979945842e-24, 4.58075395456e-24, 5.21679731687e-25, 4.40506240363e-24, 6.35961044672e-23, 2.62787522003e-23, 2.44506869593e-23, 1.9685761988e-23, 3.34803296684e-23, 3.46366861595e-23, 1.365920546e-23, 3.73656621087e-23, 6.47517415171e-23, 6.150435458e-23, 1.10655223115e-22, 2.04725346206e-22, 1.72769045319e-22, 1.85881226229e-22, 1.90842126337e-22, 3.09128815093e-22, 3.1024609457e-22, 4.43662643238e-22, 4.92027465524e-22, 7.0865907044e-22, 1.09613447093e-21, 1.5494517619e-21, 2.36883040126e-21], "dvar2": [1.77662815015e-10, 4.00924182031e-06, 9.45488068282e-07, 3.21554836091e-08, 5.84911276746e-07, 4.56188871567e-07, 1.12137149699e-06, 4.16995590058e-06, 1.52452867042e-05, 5.26096164322e-06, 2.67277073362e-06, 3.51372773366e-06, 6.1720515987e-06, 4.59396369479e-06, 6.48322384222e-06, 1.22477206332e-06, 1.16947774131e-06, 1.88115677702e-06, 5.57518490041e-07, 7.47524609324e-07, 9.91472681733e-09, 3.19496828993e-09, 1.38279998563e-09, 1.80502413016e-09, 3.03505331978e-10, 3.57463256044e-12, 3.24402207571e-13], "dvar": [7.05102434773e-11, 2.36714367929e-06, 4.43782226967e-07, 1.49952246176e-08, 2.16318497337e-07, 1.92254816511e-07, 4.41352057123e-07, 1.87581122191e-06, 6.94072105034e-06, 2.63245692622e-06, 1.43668160035e-06, 1.77965171133e-06, 2.96947609968e-06, 2.25864914682e-06, 3.22449136547e-06, 6.12962026025e-07, 5.7223269323e-07, 9.06013895019e-07, 2.38822707388e-07, 3.59786412218e-07, 4.72440220278e-09, 1.76527270579e-09, 6.07859595991e-10, 7.14565351334e-10, 1.25252794247e-10, 1.71411550318e-12, 1.221303874e-13], "dmean": [4.77372304886e-06, 0.00058591295965, 0.000288561801426, 6.88825311954e-05, 0.000313401105814, 0.000249133649049, 0.000243856280576, 0.000490618345793, 0.00100997148547, 0.000547837349586, 0.000612992851529, 0.00053821032634, 0.000900333048776, 0.000675602117553, 0.000820500601549, 0.000417348201154, 0.000374048395315, 0.000447494414402, 0.00019074510783, 0.000209024932701, 3.69042645616e-05, 2.16559983528e-05, 8.72936197993e-06, 7.63806474424e-06, 2.82832024823e-06, 6.52023459224e-07, 1.63396251196e-07], "max": [0.000153275046614, 0.0325149483979, 0.0122772464529, 0.00220091827214, 0.00761535670608, 0.00798262935132, 0.0155344307423, 0.0264487154782, 0.0441499985754, 0.0376805327833, 0.0358834154904, 0.0367356538773, 0.0414309687912, 0.0381571128964, 0.0513574853539, 0.014903252013, 0.0187610313296, 0.0206018649042, 0.0107290409505, 0.0156909357756, 0.0018525