{"metadata": {"tags": {"bpm": ["146.06"], "musicip_puid": ["1f2ce7fa-9499-daf0-ed77-0670074ef29f"], "musicbrainz_albumid": ["1aec0c00-b49b-449e-9304-d7dc5b2fa09e"], "genre": ["Latin Dance"], "musicbrainz_artistid": ["f36df05b-ed75-4c1c-b199-b95d71a70e43"], "title": ["Coraz\u00f3n Encadenado"], "tracknumber": ["10"], "artist": ["Gisselle y Sergio Vargas"], "musicbrainz_albumartistid": ["f36df05b-ed75-4c1c-b199-b95d71a70e43"], "album": ["Juntos"], "musicbrainz album type": ["Album"], "musicbrainz_recordingid": ["0bd002a2-a940-45f3-bea5-8f93839579cd"], "musicbrainz album release country": ["Dominican Republic"], "date": ["1998"], "acoustid_id": ["d0cb403d-bded-4649-933c-6351b4b294fd"], "file_name": "Merengue - Corazon Encadenado.mp3", "acoustid_fingerprint": ["AQADtNkWKXKiCKl6fImE72h49GGQbxfOQIuOsDzax3Bo_IXXoXYQWoSfBZqK75CvIRZaRg9-4Ypg50NfCvdw7sg_aF-CXKIEX8IkNcKlsDkm3RF--I1IPD9e2MWH5qLxBD-u48kROg_EOkee4F2E6saPR3lwKcs0PCvC_OgR49HxUPgJnzrO0CGOpsIbpA60H7nw4XhLlIkzBT8zJJulIxea6GiXqbjEFDeaDuENFSGZyPhk3MJHI294o4eOytnxxdAPX0d-HO14VM6ywxrS7Dm0a0d-nJjsoIkT4bXAJNsZ5C0VbA9q9CnSOHnRoZleVFvO4FeIibKQME4uPBbS6DzOEewR5oGOR8mg6kGOdy9qKUdzFc_yYVufdEhOI3qO87iUY5Kio0mOqzif40Su9NCPME5D4lIGPEd4iccjD7r8CLpylImy4NiJpqKML8lxXtApnAsebUSeo_-MMN1S_MKLL8fDKOqR9cGTC0199PhU4VE9XNJ5MD-adUfyU4iOppIltEqeDOcXjDm-Eu3RbM2F2EQj5wXzBPGJU-E19ISFUKJAH5eOPUfjHH2OiM5OnEcT6mCuoDf8B5mWtUepCNcRKhcJ56HQCz8e7Yh0aHmQ6_iNK8yFL0d5uEeyIy-PKyf-ob-L6wihnTzC5DieLDsqqthccUE_ISQ_IbmOUiN-nLh1BaGahIbGI9eFPhHMqEGPfBWh70NELjqaaw6-B_7SwVlc5IEWMeSEHB-aKjuqNnlwPsL7YdIR5lmIf6juQuS4SLiUHdZz_IV4IfIP86iazOgmNM-Nm-mK9k6wVUin6Id2BuHBJM5x1hE67cUWKgjzGJ-h6AjjTAf6GEzyJcSlBa3yIdUhaR3C10SfSvCRZZnCQT_iizi9oOfRuMFFPJcQ6YLGE7GJNyxcMcee5MfRjOKRXUKyHJ9MBWfKhcKDZ9iP_4j0QISU64g-aQwuZceTEcdlJUbzPagnnAnyH1-iTEHPQ8sdfMtxiQmDszyaG1ayo9xx1iGeFNHO4zTKZGiaC1-MXxL8H9dL5NGQXFrQ52iSHN--4EIznRR6HckR_0LXFqc-8McZw9NshD8h5JyLC8_wR0P1g3roIJw-fEd4Eq6yFOEuYZJe6LuQH5uzHLVCFj_Kv2BS5URs1dBN5OhCjviWhYKPiwvMZSm85WDwbEPW41EFVc8RHrg-0CPyLjguxdDUt7izY_7xZaiFLznOZ9B1NA_y4_zwLHii_EgDnTnyTMdzCpOXPIKvBt6D5yP8DuXR9D3qJMdtocqHME8izJncQZdsPDme-cPNFP2hKG-QsxxeVFJ4o9Gsqbji4JQRyc6h58iJPyj_oI_xNIWbiMKP9MuQcMxRkhKDJ8qHf_Az_JiU52iu44e_Hm-OJw4lPCcx5cdnnCPSeCFEHyn6J8GD8inSTDW0R0GzP0T4WIjoZOAJLQmR97jK4jr-ItIph9CTHLcQn0ejY5J4BFKeSYX5EbGY_LCqoGqJH_kt6B8a50MWSQpH_MFXC9fRl5i440H05Qv0XEd4NKfAKXnxEmdoBdGeH_o8DLnDolPEwJut4heaLwBveEdsJof0y8iPxlqK_tiH5_iWo1FbFSEZJPXxDT8uNE-IfkSlcki4BOGT56hVBj4647jEVA3y5Am0KUyElCuq_3iIE0ePXceXKEIqSz1Uy8iNLzlcrTM-MOmR88TPLIX2DGGe4_iDXkKfIgeX8IN-UUGsh8GUoz7ehDM-KRHiHz006kKudDu-oxmF6vhafEMT-aiOk0dFhUdJE7-HZi964w_CiXi0QHta4beMXZGsoumP4mVxTD9clCs0kYqDMI9ejJvw41GeKai4Y89x5C-UkUfpnEX86IjTysF1zJ0FfQ-a6UZf6Iny4zPCHCcZ-OjxH-VzPD9soafCIbmUIld4HCue4mQm5FWCZNEZCX2CG49y2NOQb1kHxdwR5gsuxD80JXI4zEnOCNeh36AuJcjDCRePPSc-W0WjZ-iPHydOJRnCZIwOHTty7cF5CWeyDw5PZHmO5j003scePXhytLnga4LGT7jwcbjQZYR4IcxzCTMvNC_aFT98MriGdFIPhceRVsaXGPWYotlL1NORMjHRy_gfNIe2uXhSnKsQKZeI6sNfBU924ziQfmmgG7kuxG-FN4UcCmFXwQ_-TXhHIzz0jUOOpg-YqsdzNEd_IS_RUCib48jbwnue4YmCH-lD6BPy41mO_oT1BJWzC7yJHy8-5chlEVp-hB_xHfvwBT0tNHii7RTiIrn4wFyU4zKa0UV9vM1DPNtpvEhy5EEOX1Be4kqyE492I3eERyWaH2WS5LjY4ZljnDmaxa0R8gkSXxvqJMvRhMLRHH3mBFczPEkUhN8GLXEihA_RKDlmfcJz4bKQ6ZGIHzqPXMc3g3o2HFdy_MRxHw-6rLMQ5tAXGmE0FT3x6Dj6FZsU8cMrXDS-Hl63DP6FejpyEvoR50ezSGsi_IaLKs7Q_JioB4-eBMmJLE8OPw-41QqeJRt8nObRXMiTBFeOazE05jmamoAcBkfJoMGZpCiZ6Dhx6TJ6_HiOqT9Sf9gUqeiPPkeDX_iSK2gvhFEY5dAbB195fDHB5ER9HtKV4aXxMEnQ6NB0fPiyHOkePDm-0MJJ4xf6Bz6FPEfSTcY_3MelHb8S5KehLSXyRDMugQ96pmiWH9fyI2eF5DyaHZXy_LjYDI-14NqLkBkPLQ-eHA_qRTl0IQuZC8_VoI8i-MLxKbiKmHpQ6oLWw1vyoCsBTBiQwABGEFAAIAIEcQgBYpBAUgkBEKGAGWARgc4BIxgiSgjkiCEMCMOMMAQAAgaRjikiGHCOMMGQAcBJwYQggCFEDGDAOKMEEAAoABgByACjASECAEUYQQJBwSCRBEhEADEAMsKUEAwBgMRWAihgBLKACEAaIcAhwaggAAADgADqAGGQIwRBQJQj1BijABGMGkUIQZIZiQgiBjDABCCCCcOAQgBIABARwhAhJBACAiAAJEQoRQQBQABmDACAGCABQ4gQwgCgAjiAACBCKEMEcghYwBQUAgkFiDGIMaqEEoSAY4gAnhnBgBHCCAAEaEIA4YgRggFChCBGAaYAIU4QIQgSAhAmAOAAAOIAIMIxIQxnRhkCAFECKiKIIxoIQIwHojpHgUCSCAERQEYwAxwxjBClABDECKSUQgwQwQTgQBDgAFAEAEAQFAYAAghllAhADDNCEKSIQoYYooAHhgiCAEQWYYCcIIIggiAQjhCBCABOKQUEIIYAoIwAACGhlQAMAIEEEQABIpASUACgHFFCKwwQQwxBwgARiBJkBBCMki4UANIApYUCRgEDghGGEQGIQkAIwxUBiBihBBUAAUQUMwYIAwQjIgNgLBFCGmGFQgAI5IQREgHAKDIBAEQAAUIhYwQjUghgiAGMGUAYcQAIYIQShAhkBSFGCwOMIEAgQAQASBGFCAGQAICwY0IgwBQhBgADkAEEAWMcEdwYoIAAShAKiFBUGSFJAIAwCYiQRABGACFSEimUIRhYIwABxkAFAADUKgYYAIJICiwgjAEHFKwCIaQgQIoBgIkhBCGGlGImEIaFYIIaAZARRCDFDDJEIIUYQMoAIRQglCMBADIIMEEkM0wKgAxCAlkCkEBEGAAAEJQybgBgiBhFBIEKSsCMgQ4QghARQBAiEHEMAIAUIRAxJo0BBFDQlFOOEQ"]}, "audio_properties": {"sample_rate": 44100, "downmix": "mix", "lossless": false, "analysis_sample_rate": 44100, "md5_encoded": "eb2c5bb8696ce9e4dadd572469e53d26", "equal_loudness": 0, "replay_gain": -5.64067268372, "codec": "mp3", "bit_rate": 192000, "length": 272.431030273}, "version": {"extractor": "music 1.0", "essentia_build_sha": "2d9f1f26377add8aeb1075a9c2973f962c4f09fd", "essentia_git_sha": "v2.1_beta2-1-ge3940c0", "essentia": "2.1-beta2"}}, "rhythm": {"beats_loudness_band_ratio": {"dvar2": [0.0658958181739, 0.043920211494, 0.0566040426493, 0.039579372853, 0.0121366875246, 0.0272838845849], "var": [0.0482674092054, 0.0193309579045, 0.025121903047, 0.0180028341711, 0.00565220182762, 0.00755944894627], "min": [0.00102872366551, 0.0025234494824, 0.00972034223378, 0.000649076071568, 0.000286158872768, 0.000537245592568], "dmean": [0.186845585704, 0.124474681914, 0.146605432034, 0.100308530033, 0.0552744418383, 0.0599767267704], "mean": [0.427664846182, 0.152383849025, 0.198875248432, 0.140641406178, 0.0685661658645, 0.0651805996895], "max": [0.964010059834, 0.97684019804, 0.794503986835, 0.79593372345, 0.52032494545, 0.847807705402], "dmean2": [0.316241800785, 0.219972446561, 0.259314060211, 0.177528858185, 0.0946013182402, 0.10758356005], "median": [0.430372476578, 0.112004205585, 0.140265673399, 0.103690348566, 0.0444023832679, 0.0390735715628], "dvar": [0.0232757870108, 0.0148710422218, 0.0203527025878, 0.0135464873165, 0.00456170039251, 0.00912691932172]}, "bpm_histogram_first_peak_weight": {"dvar2": 0, "var": 0, "min": 0.569696962833, "dmean": 0, "mean": 0.569696962833, "max": 0.569696962833, "dmean2": 0, "median": 0.569696962833, "dvar": 0}, "bpm": 146.056747437, "beats_count": 661, "bpm_histogram_first_peak_spread": {"dvar2": 0, "var": 0, "min": 0.41249999404, "dmean": 0, "mean": 0.41249999404, "max": 0.41249999404, "dmean2": 0, "median": 0.41249999404, "dvar": 0}, "danceability": 1.17720150948, "bpm_histogram_first_peak_bpm": {"dvar2": 0, "var": 0, "min": 148, "dmean": 0, "mean": 148, "max": 148, "dmean2": 0, "median": 148, "dvar": 0}, "beats_position": [0.371519267559, 0.754648506641, 1.13777780533, 1.53251695633, 1.93886613846, 2.34521532059, 2.76317453384, 3.1811337471, 3.58748292923, 3.99383211136, 4.40018129349, 4.80653047562, 5.22448968887, 5.64244890213, 6.06040811539, 6.46675729752, 6.87310647964, 7.27945566177, 7.6858048439, 8.10376358032, 8.52172279358, 8.92807197571, 9.33442115784, 9.75238037109, 10.1587295532, 10.5650787354, 10.9830379486, 11.3893871307, 11.7957363129, 12.2136955261, 12.6200447083, 13.0263938904, 13.4327430725, 13.8390922546, 14.2570514679, 14.66340065, 15.0813598633, 15.4877090454, 15.9056682587, 16.3120174408, 16.7183666229, 17.1247158051, 17.5310649872, 17.9490242004, 18.3669834137, 18.784942627, 19.1912918091, 19.5976409912, 20.0156002045, 20.4219493866, 20.8282985687, 21.246257782, 21.6642169952, 22.0705661774, 22.4769153595, 22.8832645416, 23.2896137238, 23.707572937, 24.1255321503, 24.5318813324, 24.9382305145, 25.3445796967, 25.7509288788, 26.168888092, 26.5752372742, 26.9815864563, 27.3995456696, 27.8175048828, 28.2238540649, 28.6302032471, 29.0481624603, 29.4661216736, 29.8840808868, 30.3136501312, 30.7548294067, 31.1843986511, 31.6255779266, 32.0667572021, 32.4963264465, 32.9258956909, 33.3438529968, 33.7618141174, 34.1797714233, 34.5977325439, 35.0156898499, 35.4336509705, 35.8632202148, 36.304397583, 36.7339668274, 37.151927948, 37.5698852539, 37.9878463745, 38.3941955566, 38.8005447388, 39.2068939209, 39.613243103, 40.0312004089, 40.4491615295, 40.8555107117, 41.2618598938, 41.6798171997, 42.0977783203, 42.5041275024, 42.9104766846, 43.3284339905, 43.7347831726, 44.1411323547, 44.5590934753, 44.9770507813, 45.3833999634, 45.7897491455, 46.1960983276, 46.6024475098, 47.0087966919, 47.415145874, 47.8331069946, 48.2510643005, 48.6690254211, 49.0753746033, 49.4817237854, 49.8996810913, 50.3176422119, 50.7472114563, 51.1883888245, 51.6295700073, 52.0591392517, 52.4770965576, 52.8950538635, 53.3014030457, 53.7077522278, 54.1141014099, 54.5204544067, 54.9384117126, 55.3447608948, 55.7511100769, 56.1690673828, 56.5754165649, 56.9933776855, 57.3997268677, 57.8176841736, 58.2240333557, 58.6303825378, 59.03673172, 59.4546928406, 59.8610420227, 60.2673912048, 60.673740387, 61.0916976929, 61.5096588135, 61.9160079956, 62.3223571777, 62.7403144836, 63.1582756042, 63.5646247864, 63.9709739685, 64.3889312744, 64.7836685181, 65.2016296387, 65.6079788208, 66.0143280029, 66.4322891235, 66.8502502441, 67.2565994263, 67.6629486084, 68.0809020996, 68.4872512817, 68.8936004639, 69.299949646, 69.7179107666, 70.1242599487, 70.5422210693, 70.9601821899, 71.3665313721, 71.7728805542, 72.1792297363, 72.5855789185, 73.0035324097, 73.4214935303, 73.8394546509, 74.2574157715, 74.6637649536, 75.0701141357, 75.488067627, 75.8944168091, 76.3007659912, 76.7071151733, 77.1134643555, 77.5314254761, 77.9493865967, 78.3557357788, 78.7620849609, 79.1684341431, 79.5747833252, 79.9811325073, 80.3874816895, 80.8054428101, 81.2233963013, 81.6413574219, 82.0593185425, 82.4656677246, 82.8720169067, 83.2783660889, 83.6963272095, 84.1026763916, 84.5206298828, 84.9269790649, 85.3333282471, 85.7396774292, 86.1460266113, 86.5639877319, 86.9819488525, 87.3882980347, 87.7946472168, 88.2126083374, 88.6189575195, 89.0253067017, 89.4432601929, 89.849609375, 90.2559585571, 90.6739196777, 91.0802688599, 91.486618042, 91.9045791626, 92.3225402832, 92.7288894653, 93.1352386475, 93.5531921387, 93.9595413208, 94.3658905029, 94.7838516235, 95.1902008057, 95.5965499878, 96.0145111084, 96.4208602905, 96.8272094727, 97.2451705933, 97.6631240845, 98.0694732666, 98.4758224487, 98.8937835693, 99.3001327515, 99.7064819336, 100.124443054, 100.530792236, 100.937141418, 101.355102539, 101.77305603, 102.179405212, 102.585754395, 102.992103577, 103.398452759, 103.816413879, 104.234375, 104.640724182, 105.047073364, 105.465034485, 105.882987976, 106.289337158, 106.69568634, 107.113647461, 107.519996643, 107.926345825, 108.344306946, 108.750656128, 109.15700531, 109.574966431, 109.992919922, 110.410881042, 110.817230225, 111.223579407, 111.629928589, 112.036277771, 112.454238892, 112.860588074, 113.266937256, 113.673286438, 114.07963562, 114.497596741, 114.903945923, 115.321899414, 115.728248596, 116.134597778, 116.54094696, 116.958908081, 117.376869202, 117.783218384, 118.189567566, 118.607528687, 119.013877869, 119.420227051, 119.838180542, 120.256141663, 120.662490845, 121.068840027, 121.486801147, 121.904762268, 122.31111145, 122.717460632, 123.123809814, 123.530158997, 123.948112488, 124.366073608, 124.772422791, 125.178771973, 125.585121155, 125.991470337, 126.409431458, 126.827392578, 127.245346069, 127.66330719, 128.081268311, 128.476013184, 128.882354736, 129.288711548, 129.695053101, 130.101409912, 130.519363403, 130.937316895, 131.343673706, 131.750015259, 132.167984009, 132.5859375, 132.992294312, 133.398635864, 133.804992676, 134.211334229, 134.62928772, 135.035644531, 135.441986084, 135.848342896, 136.254684448, 136.672653198, 137.090606689, 137.508575439, 137.914916992, 138.321273804, 138.739227295, 139.157180786, 139.575149536, 139.981491089, 140.3878479, 140.794189453, 141.200546265, 141.606887817, 142.013244629, 142.43119812, 142.849151611, 143.255508423, 143.673461914, 144.079818726, 144.486160278, 144.89251709, 145.298858643, 145.705215454, 146.123168945, 146.541137695, 146.947479248, 147.35383606, 147.760177612, 148.166534424, 148.584487915, 149.002441406, 149.420410156, 149.826751709, 150.233108521, 150.639450073, 151.045806885, 151.463760376, 151.881713867, 152.288070679, 152.694412231, 153.112380981, 153.530334473, 153.936691284, 154.343032837, 154.761001587, 155.16734314, 155.573699951, 155.991653442, 156.409606934, 156.815963745, 157.222305298, 157.640274048, 158.046615601, 158.452972412, 158.870925903, 159.277282715, 159.683624268, 160.101577759, 160.50793457, 160.914276123, 161.332244873, 161.738586426, 162.144943237, 162.562896729, 162.96925354, 163.375595093, 163.793563843, 164.211517334, 164.629470825, 165.035827637, 165.442169189, 165.848526001, 166.254867554, 166.672836304, 167.090789795, 167.497146606, 167.903488159, 168.32144165, 168.727798462, 169.134140015, 169.552108765, 169.958450317, 170.364807129, 170.78276062, 171.189117432, 171.595458984, 172.013427734, 172.431381226, 172.837722778, 173.24407959, 173.662033081, 174.068389893, 174.474731445, 174.892700195, 175.299041748, 175.70539856, 176.123352051, 176.529708862, 176.936050415, 177.342407227, 177.748748779, 178.166702271, 178.584671021, 178.991012573, 179.397369385, 179.815322876, 180.221679688, 180.62802124, 181.04598999, 181.463943481, 181.870285034, 182.276641846, 182.694595337, 183.112564087, 183.51890564, 183.925262451, 184.343215942, 184.749572754, 185.155914307, 185.562271118, 185.968612671, 186.386566162, 186.804534912, 187.222488403, 187.628845215, 188.035186768, 188.441543579, 188.847885132, 189.265853882, 189.683807373, 190.090148926, 190.496505737, 190.90284729, 191.309204102, 191.727157593, 192.133514404, 192.539855957, 192.957824707, 193.36416626, 193.770523071, 194.188476563, 194.606430054, 195.012786865, 195.419128418, 195.837097168, 196.243438721, 196.649795532, 197.056137085, 197.462493896, 197.880447388, 198.298416138, 198.70475769, 199.122711182, 199.529067993, 199.947021484, 200.353378296, 200.759719849, 201.177688599, 201.584030151, 201.990386963, 202.408340454, 202.814697266, 203.221038818, 203.63899231, 204.045349121, 204.463302612, 204.869659424, 205.287612915, 205.693969727, 206.111923218, 206.518280029, 206.924621582, 207.330978394, 207.748931885, 208.155273438, 208.561630249, 208.97958374, 209.385940552, 209.792282104, 210.210250854, 210.628204346, 211.034561157, 211.44090271, 211.858856201, 212.265213013, 212.671554565, 213.089523315, 213.507476807, 213.913833618, 214.320175171, 214.738143921, 215.144485474, 215.550842285, 215.968795776, 216.375137329, 216.781494141, 217.199447632, 217.617416382, 218.023757935, 218.430114746, 218.848068237, 219.254425049, 219.660766602, 220.067123413, 220.473464966, 220.891418457, 221.309387207, 221.71572876, 222.122085571, 222.540039063, 222.934783936, 223.352737427, 223.770706177, 224.188659668, 224.595001221, 225.001358032, 225.419311523, 225.825668335, 226.232009888, 226.649978638, 227.067932129, 227.47428894, 227.880630493, 228.286987305, 228.693328857, 229.099685669, 229.506027222, 229.912384033, 230.330337524, 230.748291016, 231.166259766, 231.572601318, 231.990570068, 232.396911621, 232.803268433, 233.221221924, 233.627563477, 234.033920288, 234.451873779, 234.858230591, 235.276184082, 235.682540894, 236.088882446, 236.495239258, 236.913192749, 237.33114624, 237.737503052, 238.143844604, 238.561813354, 238.968154907, 239.374511719, 239.79246521, 240.21043396, 240.616775513, 241.023132324, 241.441085815, 241.847427368, 242.265396118, 242.671737671, 243.078094482, 243.484436035, 243.902404785, 244.320358276, 244.715103149, 245.133056641, 245.539413452, 245.945755005, 246.363708496, 246.781677246, 247.188018799, 247.59437561, 248.000717163, 248.407073975, 248.825027466, 249.242996216, 249.649337769, 250.05569458, 250.473648071, 250.891601563, 251.286346436, 251.704299927, 252.122268677, 252.528610229, 252.934967041, 253.352920532, 253.770874023, 254.177230835, 254.583572388, 254.989929199, 255.396270752, 255.814239502, 256.220581055, 256.626922607, 257.044891357, 257.45123291, 257.85760498, 258.275543213, 258.693511963, 259.099853516, 259.506195068, 259.924163818, 260.330505371, 260.736877441, 261.154815674, 261.561187744, 261.967529297, 262.385467529, 262.803436279, 263.209777832, 263.616149902, 264.022491455, 264.428833008, 264.846801758, 265.264770508, 265.671112061, 266.077453613, 266.495422363, 266.901763916, 267.308105469, 267.702850342, 268.120819092, 268.538757324, 268.945129395, 269.363067627, 269.792633057, 270.210601807, 270.616943359, 271.046539307, 271.476104736, 271.917266846], "beats_loudness": {"dvar2": 0.000423244171543, "var": 0.000254463724559, "min": 6.71778034302e-05, "dmean": 0.0140472324565, "mean": 0.0322110243142, "max": 0.106200702488, "dmean2": 0.0243947263807, "median": 0.0302237365395, "dvar": 0.000146884456626}, "bpm_histogram_second_peak_weight": {"dvar2": 0, "var": 0, "min": 0.0166666675359, "dmean": 0, "mean": 0.0166666675359, "max": 0.0166666675359, "dmean2": 0, "median": 0.0166666675359, "dvar": 0}, "bpm_histogram_second_peak_spread": {"dvar2": 0, "var": 0, "min": 0.388888865709, "dmean": 0, "mean": 0.388888865709, "max": 0.388888865709, "dmean2": 0, "median": 0.388888865709, "dvar": 0}, "bpm_histogram_second_peak_bpm": {"dvar2": 0, "var": 0, "min": 140, "dmean": 0, "mean": 140, "max": 140, "dmean2": 0, "median": 140, "dvar": 0}, "onset_rate": 6.08916091919}, "lowlevel": {"spectral_energyband_high": {"dvar2": 4.77111734654e-06, "var": 5.79911693421e-06, "min": 7.68216448148e-21, "dmean": 0.000821329711471, "mean": 0.00117620185483, "max": 0.0489742681384, "dmean2": 0.00128954439424, "median": 0.000471451494377, "dvar": 2.52086533692e-06}, "spectral_energyband_middle_low": {"dvar2": 8.52063240018e-05, "var": 9.52046902967e-05, "min": 2.68878960763e-22, "dmean": 0.00475264154375, "mean": 0.0106993215159, "max": 0.0787626579404, "dmean2": 0.00720071140677, "median": 0.00777193438262, "dvar": 3.77349097107e-05}, "spectral_energy": {"dvar2": 0.000167914142366, "var": 0.000261110049905, "min": 1.04550572639e-20, "dmean": 0.00795510411263, "mean": 0.0209420602769, "max": 0.110339455307, "dmean2": 0.0115310633555, "median": 0.0165988076478, "dvar": 8.5531573859e-05}, "spectral_spread": {"dvar2": 8468433469440.0, "var": 6923374034940.0, "min": 984605.25, "dmean": 1590943.875, "mean": 6097221, "max": 39940136, "dmean2": 2451149.75, "median": 5373421.5, "dvar": 3804343566340.0}, "spectral_energyband_low": {"dvar2": 4.48014397989e-05, "var": 3.46138876921e-05, "min": 4.5314824124e-23, "dmean": 0.00275108823553, "mean": 0.0042955330573, "max": 0.0433366708457, "dmean2": 0.00419368734583, "median": 0.00200934917666, "dvar": 2.17376527871e-05}, "spectral_rolloff": {"dvar2": 15132622, "var": 6305093, "min": 86.1328125, "dmean": 1227.67028809, "mean": 2156.11279297, "max": 19444.4824219, "dmean2": 2196.78222656, "median": 1291.9921875, "dvar": 5912406.5}, "barkbands": {"dvar2": [5.53782690815e-08, 3.52773095074e-05, 4.58099020761e-06, 4.26525548392e-06, 3.52004790329e-05, 5.53648578716e-06, 8.34694492369e-06, 1.58712464327e-05, 2.23637780437e-05, 8.99900624063e-06, 5.04704485138e-06, 3.22283403875e-06, 2.75840670838e-06, 3.81806785299e-06, 1.68529334132e-06, 1.57055808359e-06, 4.90228956096e-07, 3.12545324732e-07, 5.16158365826e-07, 4.92763206239e-07, 1.12153500709e-07, 2.53927595395e-07, 1.95609956677e-07, 4.77162132029e-07, 4.98712836361e-07, 3.60895541007e-07, 1.99773779741e-08], "var": [3.56145228864e-08, 1.76302437467e-05, 2.47351817961e-06, 4.70041049994e-06, 1.9837227228e-05, 3.68930955119e-06, 4.03093508794e-06, 1.07966643554e-05, 2.56001549133e-05, 1.69241284311e-05, 8.45446629683e-06, 3.33814841724e-06, 2.00201407097e-06, 3.26998429045e-06, 1.59655576226e-06, 1.5584259927e-06, 6.99024496953e-07, 2.90482404353e-07, 6.0175540284e-07, 3.12675609848e-07, 9.15554920766e-08, 2.8479846037e-07, 1.92385513742e-07, 5.66157666526e-07, 4.97085181905e-07, 1.3787808939e-07, 5.67914959504e-09], "min": [1.60105276614e-24, 1.33974219686e-23, 1.79586204557e-23, 5.82634205251e-24, 2.44774324995e-23, 3.43827896994e-23, 6.40635834396e-23, 4.96550516275e-23, 2.56693729283e-23, 2.13040643811e-23, 5.31535929442e-23, 2.55528139964e-23, 6.57821705642e-23, 1.03160930919e-22, 1.33406829902e-22, 2.03934352221e-22, 1.23362762556e-22, 1.99165959417e-22, 2.2611373824e-22, 2.1189990361e-22, 3.4279805486e-22, 4.87737122428e-22, 6.06949025119e-22, 7.47827112478e-22, 1.10622260089e-21, 1.92981378272e-21, 2.02868327245e-21], "dmean": [7.59046670282e-05, 0.00212945556268, 0.000697858748026, 0.000763119081967, 0.00205408409238, 0.00088387116557, 0.00077915500151, 0.000923287589103, 0.001156039536, 0.000750631093979, 0.000542047666386, 0.000423639809014, 0.000315192126436, 0.000477964727907, 0.000283025234239, 0.000234856444877, 0.000176131041371, 0.000183492898941, 0.000220049521886, 0.000172295316588, 6.88506479491e-05, 8.647863433e-05, 9.12467075977e-05, 0.000152443957631, 0.000219889654545, 0.000209368969081, 4.40780677309e-05], "mean": [8.56026599649e-05, 0.0023785745725, 0.00104574975558, 0.00132341228891, 0.00306806643493, 0.00140034826472, 0.000953280949034, 0.00132046674844, 0.00191888341215, 0.00144815584645, 0.000988288084045, 0.000671531364787, 0.000438314367784, 0.000710171589162, 0.000442499149358, 0.000356704753358, 0.000308170448989, 0.000300876708934, 0.000407379848184, 0.000306076573906, 0.000103292550193, 0.000138011295348, 0.000140359494253, 0.000211273407331, 0.000248548312811, 0.000194916050532, 3.3108954085e-05], "max": [0.00515054445714, 0.0345594398677, 0.0218020565808, 0.0259499195963, 0.054065681994, 0.025838220492, 0.0332431867719, 0.0610020719469, 0.0593418776989, 0.0652702152729, 0.0571327656507, 0.0324160419405, 0.0317963883281, 0.0242917146534, 0.020106067881, 0.0239993352443, 0.0170872118324, 0.00972877535969, 0.0176887623966, 0.0154269654304, 0.0104444706813, 0.0142415408045, 0.0111454175785, 0.0183601044118, 0.0244687441736, 0.00774032296613, 0.00111290207133], "dmean2": [0.0001074599204, 0.00340788578615, 0.00115666433703, 0.00119250093121, 0.00328077352606, 0.00137163535692, 0.00129434780683, 0.00143103103619, 0.00173585768789, 0.00110374810174, 0.000794677587692, 0.000651787384413, 0.000492502469569, 0.000722478958778, 0.000434525223682, 0.000362818129361, 0.000279444619082, 0.000283671572106, 0.000336269760737, 0.000267724768491, 0.000109572036308, 0.000125859703985, 0.000139623516588, 0.000235492669162, 0.000356179021765, 0.00035930093145, 7.78897010605e-05], "median": [9.78049865807e-06, 0.000759344198741, 0.000378506781999, 0.000530519871973, 0.00144716969226, 0.000744401710108, 0.000300227053231, 0.000332366907969, 0.000298342842143, 0.000280207575997, 0.000164555720403, 0.000153889122885, 9.58870732575e-05, 0.000138954535942, 9.76043447736e-05, 7.67584642745e-05, 0.000107561689219, 0.00011978513794, 0.000157489484991, 0.000123315316159, 3.34129326802e-05, 4.45763143944e-05, 5.16794025316e-05, 5.54184516659e-05, 5.44614995306e-05, 3.32163326675e-05, 2.3331626835e-06], "dvar": [2.59131702762e-08, 1.57923732331e-05, 1.71124588633e-06, 1.84166663075e-06, 1.3843281522e-05, 2.30250907407e-06, 3.34168498739e-06, 7.05895035935e-06, 1.01522191471e-05, 4.29881902164e-06, 2.45434102908e-06, 1.48581693793e-06, 1.2145663959e-06, 1.70398152477e-06, 7.54819836857e-07, 7.39601659916e-07, 2.22159187047e-07, 1.38839908459e-07, 2.37229457412e-07, 1.9595883316e-07, 5.14627664927e-08, 1.39573202773e-07, 9.8935799997e-08, 2.50790549217e-07, 2.52273196111e-07, 1.41836281387e-07, 7.56353824016e-09]}, "melbands_skewness": {"dvar2": 1.58264970779, "var": 2.15786027908, "min": -1.56477415562, "dmean": 0.767058074474, "mean": 2.35239267349, "max": 17.6502590179, "dmean2": 1.17160642147, "median": 2.17152070999, "dvar": 0.676086604595}, "barkbands_skewness": {"dvar2": 1.07965421677, "var": 1.22812128067, "min": -5.01687383652, "dmean": 0.606996238232, "mean": 1.38266384602, "max": 13.9634666443, "dmean2": 0.954674899578, "median": 1.2928776741, "dvar": 0.442780405283}, "erbbands": {"dvar2": [0.0412792563438, 1.85736310482, 5.8428030014, 21.6587333679, 96.0071029663, 559.016235352, 839.507751465, 468.332336426, 1766.09423828, 2655.82348633, 9399.46484375, 12853.1796875, 9836.13183594, 4536.5625, 6955.70947266, 5724.24462891, 4867.74414063, 8007.88818359, 4227.07421875, 5753.19873047, 1284.46069336, 1931.94702148, 756.837219238, 1170.03967285, 2083.62890625, 812.703369141, 143.059265137, 230.219223022, 336.063995361, 303.075012207, 144.359512329, 150.995635986, 182.521606445, 78.9299850464, 25.655872345, 7.45921993256, 1.21527969837, 0.053201533854, 0.000711267406587, 8.48350111937e-07], "var": [0.0185495149344, 0.845595777035, 2.61249375343, 25.2243690491, 56.1129722595, 331.99911499, 427.540771484, 297.536102295, 721.914611816, 1826.37805176, 7109.02148438, 15845.078125, 17713.0996094, 8790.51953125, 11867.7998047, 6683.76464844, 4119.10839844, 7634.79541016, 3691.95458984, 7083.35302734, 1751.1394043, 2318.21362305, 843.148742676, 1019.23748779, 2038.91564941, 634.685852051, 102.170562744, 229.811386108, 372.984283447, 277.561096191, 139.698501587, 157.514022827, 206.595443726, 77.7825317383, 21.2111301422, 3.51240253448, 0.432002335787, 0.0165098104626, 0.000197714616661, 2.26179949436e-07], "min": [1.69286407439e-22, 3.94559376464e-21, 1.53053600326e-20, 1.94227565447e-20, 1.48924337326e-20, 6.95772373997e-20, 2.04038961488e-19, 2.61131768697e-19, 5.55327549141e-19, 1.49685362877e-18, 7.29183491408e-19, 6.57047396633e-19, 7.48458712536e-19, 1.61987968428e-18, 1.81890461294e-18, 1.95268349943e-18, 3.35717579536e-18, 4.29248752554e-18, 7.66825792748e-18, 7.91394049558e-18, 1.02579197158e-17, 8.03758414482e-18, 1.10121984195e-17, 1.42885905154e-17, 7.71065093388e-18, 1.0881363262e-17, 1.3116981822e-17, 1.32923085431e-17, 1.55677227623e-17, 1.91932222999e-17, 1.49424073065e-17, 1.15517559253e-17, 1.34820579853e-17, 9.36721494095e-18, 8.76437480951e-18, 6.7409888744e-18, 3.79391971417e-18, 1.27907992774e-18, 2.66713583471e-19, 3.08198675132e-20], "dmean": [0.066029086709, 0.487390220165, 0.793644607067, 1.77814245224, 3.34024834633, 7.72888278961, 9.77879142761, 7.42935991287, 11.1501245499, 12.2284393311, 22.9351158142, 26.1061325073, 24.8295478821, 17.2227287292, 19.3499221802, 17.8975105286, 14.2191019058, 21.6071605682, 15.489774704, 15.3474597931, 8.6640920639, 9.66973590851, 8.86400318146, 10.9436836243, 10.4723730087, 7.87116527557, 3.14127612114, 2.6220703125, 3.03912711143, 3.04337620735, 2.58510231972, 2.66156601906, 2.91847586632, 2.437458992, 1.5984338522, 0.965652525425, 0.369964927435, 0.0781429633498, 0.00798879284412, 0.00026501546381], "mean": [0.067470960319, 0.535030841827, 1.13973772526, 3.3771033287, 5.29608917236, 11.2773580551, 13.6433696747, 11.6925144196, 13.8489122391, 17.5729904175, 36.6007652283, 45.3818855286, 49.230922699, 33.5397796631, 37.4398231506, 31.3659744263, 22.474363327, 34.1775779724, 25.0636978149, 27.920085907, 15.8012228012, 16.9291782379, 16.1267414093, 20.0183315277, 20.4175605774, 14.8276100159, 5.08257579803, 4.15298509598, 4.77390098572, 4.73620223999, 4.01014328003, 3.75985789299, 3.83248829842, 2.82081484795, 1.72959220409, 0.950166940689, 0.336401134729, 0.0653570666909, 0.00587628874928, 0.000214402753045], "max": [0.994785308838, 7.9625916481, 16.5186824799, 52.7428588867, 167.316574097, 219.773849487, 256.059509277, 275.711090088, 501.681488037, 764.18170166, 1495.8605957, 1652.57324219, 2531.80541992, 2037.57263184, 2512.41796875, 1317.51525879, 1265.40759277, 1331.34436035, 1110.4732666, 1518.73620605, 1027.60925293, 1109.88122559, 547.872253418, 575.947875977, 1142.11083984, 687.542053223, 452.19934082, 554.267272949, 529.572265625, 510.299102783, 266.140930176, 315.931671143, 328.555877686, 252.678909302, 175.877655029, 42.0286178589, 13.3774776459, 1.65864050388, 0.220020204782, 0.00817589648068], "dmean2": [0.105026394129, 0.788733959198, 1.3380715847, 2.71255135536, 5.24041557312, 12.2975130081, 15.9409685135, 11.5812397003, 18.8043766022, 19.2146644592, 35.3659896851, 38.8903656006, 36.0824737549, 24.8935756683, 27.7836952209, 26.8068580627, 21.5594577789, 32.3913536072, 23.4861068726, 23.0839824677, 13.0434122086, 15.1485443115, 13.5532808304, 16.8344802856, 15.9396629333, 12.095240593, 5.00369262695, 3.98822975159, 4.46366405487, 4.54799127579, 3.94214940071, 4.10959529877, 4.58279085159, 3.96082186699, 2.59672451019, 1.64169979095, 0.637832462788, 0.136091515422, 0.0141670303419, 0.000469139718916], "median": [0.0156946256757, 0.179093033075, 0.511172056198, 1.4406182766, 2.93654584885, 4.42383241653, 6.06729841232, 5.50993347168, 5.25864934921, 5.2883682251, 9.13747596741, 8.19081306458, 11.0487518311, 7.59893512726, 7.98095226288, 7.89576625824, 6.08503818512, 8.35620880127, 6.39155960083, 5.83627128601, 4.9047088623, 5.93189239502, 6.99752426147, 8.69502639771, 7.32534122467, 6.12366819382, 2.19370818138, 1.34379148483, 1.55150353909, 1.66351938248, 1.42858028412, 1.11787295341, 0.918417334557, 0.634127438068, 0.358512938023, 0.182454317808, 0.051432557404, 0.00830092374235, 0.000359305005986, 4.81219685753e-05], "dvar": [0.0178428236395, 0.799708127975, 2.18549704552, 9.45011520386, 38.375793457, 224.863265991, 322.521484375, 191.559616089, 664.62109375, 1186.98486328, 4092.85742188, 5826.45947266, 4740.40478516, 2357.59350586, 3405.56689453, 2659.45898438, 2202.63745117, 3565.59765625, 1877.35754395, 2636.36572266, 635.91583252, 836.739562988, 342.197052002, 507.068084717, 913.92755127, 333.492950439, 61.7871818542, 116.834892273, 183.064712524, 152.624694824, 71.2309494019, 76.7786712646, 92.442024231, 38.7202758789, 12.3098268509, 3.05292654037, 0.470172137022, 0.0203708913177, 0.000267771072686, 3.14546525715e-07]}, "silence_rate_30dB": {"dvar2": 0, "var": 0, "min": 1, "dmean": 0, "mean": 1, "max": 1, "dmean2": 0, "median": 1, "dvar": 0}, "melbands_spread": {"dvar2": 461.426483154, "var": 645.541442871, "min": 0.352065563202, "dmean": 9.31244468689, "mean": 27.1765460968, "max": 286.435089111, "dmean2": 14.5762262344, "median": 21.5533695221, "dvar": 243.873352051}, "melbands_crest": {"dvar2": 23.0490245819, "var": 20.0219936371, "min": 2.42601513863, "dmean": 3.37300300598, "mean": 12.8417282104, "max": 33.7223358154, "dmean2": 5.54348373413, "median": 12.0721263885, "dvar": 8.79180335999}, "zerocrossingrate": {"dvar2": 0.000932606926654, "var": 0.00274398573674, "min": 0.00439453125, "dmean": 0.0227515418082, "mean": 0.0837457254529, "max": 0.51708984375, "dmean2": 0.029185667634, "median": 0.07177734375, "dvar": 0.000693866109941}, "barkbands_kurtosis": {"dvar2": 135.923400879, "var": 54.8819503784, "min": -1.94625592232, "dmean": 2.95155692101, "mean": 3.35462784767, "max": 397.252807617, "dmean2": 4.87679576874, "median": 1.54129719734, "dvar": 50.4991531372}, "spectral_flux": {"dvar2": 0.00176234752871, "var": 0.00194322806783, "min": 6.50854023454e-11, "dmean": 0.0282128993422, "mean": 0.0835333019495, "max": 0.27247312665, "dmean2": 0.0443252176046, "median": 0.0743678957224, "dvar": 0.000780750298873}, "barkbands_crest": {"dvar2": 18.4600086212, "var": 16.3906993866, "min": 2.1669793129, "dmean": 2.97729730606, "mean": 9.71491336823, "max": 26.4572162628, "dmean2": 4.88096857071, "median": 8.90419483185, "dvar": 7.17363500595}, "barkbands_flatness_db": {"dvar2": 0.00151603459381, "var": 0.00212026690133, "min": 0.0188210438937, "dmean": 0.0279103312641, "mean": 0.117693215609, "max": 0.534110307693, "dmean2": 0.0426813028753, "median": 0.112673550844, "dvar": 0.000663697137497}, "spectral_entropy": {"dvar2": 0.182538062334, "var": 0.224386796355, "min": 3.67644476891, "dmean": 0.291018098593, "mean": 7.56773996353, "max": 9.80838871002, "dmean2": 0.435253798962, "median": 7.58265781403, "dvar": 0.0826979875565}, "pitch_salience": {"dvar2": 0.0110392682254, "var": 0.0109534356743, "min": 0.0786854028702, "dmean": 0.0758443698287, "mean": 0.553043842316, "max": 0.85452246666, "dmean2": 0.122521236539, "median": 0.551649212837, "dvar": 0.00434291595593}, "erbbands_spread": {"dvar2": 582.194824219, "var": 445.479675293, "min": 0.913646519184, "dmean": 12.1789913177, "mean": 40.5688819885, "max": 180.332931519, "dmean2": 19.1563301086, "median": 37.6995620728, "dvar": 236.128097534}, "dynamic_complexity": 2.9614944458, "spectral_contrast_valleys": {"dvar2": [0.528134047985, 0.332075506449, 0.430358380079, 0.471985131502, 0.395409047604, 0.606427609921], "var": [1.42430305481, 0.551294744015, 0.631630718708, 0.700435936451, 0.671619474888, 0.979327917099], "min": [-28.1042289734, -27.6304950714, -27.6446685791, -27.2826938629, -27.2192173004, -27.2958698273], "dmean": [0.544471561909, 0.425537467003, 0.462606400251, 0.458868265152, 0.419145643711, 0.573204040527], "mean": [-7.7288274765, -6.96073246002, -7.62499666214, -8.0247297287, -7.88796377182, -9.86536312103], "max": [-5.39071559906, -4.88486862183, -5.44746541977, -5.86662244797, -5.80314302444, -7.08116531372], "dmean2": [0.811548888683, 0.667365074158, 0.714143812656, 0.701753139496, 0.622339725494, 0.799230575562], "median": [-7.42220497131, -6.9157743454, -7.6011800766, -7.97069168091, -7.81564092636, -9.77855682373], "dvar": [0.321807146072, 0.153800845146, 0.191425457597, 0.214434117079, 0.18188367784, 0.30144032836]}, "hfc": {"dvar2": 542.17956543, "var": 687.95135498, "min": 1.13958859812e-16, "dmean": 11.4274921417, "mean": 24.6322574615, "max": 500.894805908, "dmean2": 17.2894477844, "median": 16.5925045013, "dvar": 261.148406982}, "spectral_kurtosis": {"dvar2": 8.66780471802, "var": 6.7378745079, "min": -1.50983893871, "dmean": 1.55193400383, "mean": 4.09171009064, "max": 71.3124008179, "dmean2": 2.50649404526, "median": 3.78413152695, "dvar": 3.52468204498}, "mfcc": {"mean": [-648.459106445, 107.483543396, 6.24371099472, 11.6159610748, 2.51952886581, -7.62372684479, 1.72492659092, 1.5675444603, -8.92444992065, 1.28306043148, -3.058842659, -8.30233955383, -2.38146209717], "cov": [[4276.78662109, -684.63861084, -379.666229248, -64.0988006592, 81.6786956787, 33.3754730225, 143.043014526, 69.7556762695, 27.4843196869, 166.431106567, 80.9441299438, -30.0183773041, 42.1053466797], [-684.63861084, 1017.59771729, -29.068069458, 176.289169312, 1.18666219711, 33.0215759277, 110.603141785, 120.718818665, 13.8092241287, 112.428077698, 56.3058853149, 21.7675590515, 17.5013828278], [-379.666229248, -29.068069458, 753.308898926, 30.0144863129, 93.6622161865, 100.773139954, 31.7109603882, 13.6886520386, 110.467987061, -48.4946632385, 53.5921287537, 96.3566436768, -8.08076477051], [-64.0988006592, 176.289169312, 30.0144863129, 388.528076172, 107.065315247, 94.0626678467, -22.0444469452, 50.9387054443, 80.076751709, 26.2714328766, 9.14223861694, 54.4551048279, 34.4031906128], [81.6786956787, 1.18666219711, 93.6622161865, 107.065315247, 287.736480713, 94.079574585, 8.99935722351, 32.5720176697, 75.9293670654, 35.8546600342, 13.4647722244, 28.1681404114, 26.6797447205], [33.3754730225, 33.0215759277, 100.773139954, 94.0626678467, 94.079574585, 250.554443359, 89.6247329712, 57.7493553162, 80.8254623413, 20.9294013977, 42.1624107361, 49.5259208679, 14.0746717453], [143.043014526, 110.603141785, 31.7109603882, -22.0444469452, 8.99935722351, 89.6247329712, 277.54083252, 108.140991211, 38.6041145325, 67.7437820435, 48.8804397583, 17.957239151, 14.8443078995], [69.7556762695, 120.718818665, 13.6886520386, 50.9387054443, 32.5720176697, 57.7493553162, 108.140991211, 166.294952393, 71.9777374268, 83.902305603, 41.9175605774, 20.3872241974, 34.0536766052], [27.4843196869, 13.8092241287, 110.467987061, 80.076751709, 75.9293670654, 80.8254623413, 38.6041145325, 71.9777374268, 182.7550354, 66.2877655029, 38.8308486938, 54.377166748, 10.6160850525], [166.431106567, 112.428077698, -48.4946632385, 26.2714328766, 35.8546600342, 20.9294013977, 67.7437820435, 83.902305603, 66.2877655029, 185.234954834, 68.1801452637, -0.113845743239, -6.4332318306], [80.9441299438, 56.3058853149, 53.5921287537, 9.14223861694, 13.4647722244, 42.1624107361, 48.8804397583, 41.9175605774, 38.8308486938, 68.1801452637, 110.916389465, 47.2028617859, 0.88079470396], [-30.0183773041, 21.7675590515, 96.3566436768, 54.4551048279, 28.1681404114, 49.5259208679, 17.957239151, 20.3872241974, 54.377166748, -0.113845743239, 47.2028617859, 136.651824951, 45.1937065125], [42.1053466797, 17.5013828278, -8.08076477051, 34.4031906128, 26.6797447205, 14.0746717453, 14.8443078995, 34.0536766052, 10.6160850525, -6.4332318306, 0.88079470396, 45.1937065125, 113.300750732]], "icov": [[0.000321162951877, 0.000300215091556, 0.000176621135324, -7.79320762376e-05, -9.07994326553e-05, 2.65614053205e-05, -0.000210227415664, -1.93154883164e-05, 6.29523856333e-05, -0.000239955072175, -0.000272279605269, 7.97246320872e-05, -0.00012724212138], [0.000300215091556, 0.00153434462845, 0.000118565709272, -0.000760595547035, 0.000110110471724, 0.00019113952294, -0.000520653265994, -0.000572377699427, 0.000669274188112, -0.000749285507482, -0.000396561925299, -2.32988422795e-05, -1.14702652354e-05], [0.000176621135324, 0.000118565709272, 0.00188758911099, 0.000169402352185, -0.000522858230397, -8.12320431578e-05, -0.000248336495133, -4.58029317087e-05, -0.000989963533357, 0.00121066963766, -0.00101653847378, -0.000657728000078, 0.000610509538092], [-7.79320762376e-05, -0.000760595547035, 0.000169402352185, 0.00382629036903, -0.000784511968959, -0.00108663691208, 0.00126422417816, -0.000645704800263, -0.000846816459671, 0.000110675144242, 0.000877807440702, -0.000956108502578, -0.000194962063688], [-9.07994326553e-05, 0.000110110471724, -0.000522858230397, -0.000784511968959, 0.00469487719238, -0.00130071630701, 0.00039710092824, 0.000401095836423, -0.000767346005887, -0.00111839780584, 0.000696296920069, 0.000455761764897, -0.00107769214083], [2.65614053205e-05, 0.00019113952294, -8.12320431578e-05, -0.00108663691208, -0.00130071630701, 0.00625075306743, -0.00192821619567, -0.000306173053104, -0.00130766571965, 0.00142287660856, -0.00150726595894, -0.000361883023288, 0.00051859341329], [-0.000210227415664, -0.000520653265994, -0.000248336495133, 0.00126422417816, 0.00039710092824, -0.00192821619567, 0.00595460599288, -0.00313484785147, 0.000607838388532, -0.000527355645318, -0.000120315911772, -0.00021147474763, 6.34342286503e-05], [-1.93154883164e-05, -0.000572377699427, -4.58029317087e-05, -0.000645704800263, 0.000401095836423, -0.000306173053104, -0.00313484785147, 0.0120167005807, -0.00286322482862, -0.00275488337502, -0.000638326804619, 0.00152615772095, -0.00346098514274], [6.29523856333e-05, 0.000669274188112, -0.000989963533357, -0.000846816459671, -0.000767346005887, -0.00130766571965, 0.000607838388532, -0.00286322482862, 0.00996577739716, -0.00322930701077, 0.00128297845367, -0.00288928579539, 0.00120919488836], [-0.000239955072175, -0.000749285507482, 0.00121066963766, 0.000110675144242, -0.00111839780584, 0.00142287660856, -0.000527355645318, -0.00275488337502, -0.00322930701077, 0.0112537480891, -0.00593407033011, 0.00227051787078, 0.00132338760886], [-0.000272279605269, -0.000396561925299, -0.00101653847378, 0.000877807440702, 0.000696296920069, -0.00150726595894, -0.000120315911772, -0.000638326804619, 0.00128297845367, -0.00593407033011, 0.0162941794842, -0.00585731863976, 0.00180685741361], [7.97246320872e-05, -2.32988422795e-05, -0.000657728000078, -0.000956108502578, 0.000455761764897, -0.000361883023288, -0.00021147474763, 0.00152615772095, -0.00288928579539, 0.00227051787078, -0.00585731863976, 0.0128330225125, -0.00494967820123], [-0.00012724212138, -1.14702652354e-05, 0.000610509538092, -0.000194962063688, -0.00107769214083, 0.00051859341329, 6.34342286503e-05, -0.00346098514274, 0.00120919488836, 0.00132338760886, 0.00180685741361, -0.00494967820123, 0.01212127693]]}, "silence_rate_20dB": {"dvar2": 0, "var": 0, "min": 1, "dmean": 0, "mean": 1, "max": 1, "dmean2": 0, "median": 1, "dvar": 0}, "melbands_kurtosis": {"dvar2": 381.20904541, "var": 252.678390503, "min": -1.94380295277, "dmean": 6.63360548019, "mean": 11.2084970474, "max": 374.865783691, "dmean2": 10.6211357117, "median": 6.63852405548, "dvar": 148.232879639}, "barkbands_spread": {"d