{"metadata": {"tags": {"genre": ["Arena rock"], "bpm": ["132.59"], "musicbrainz_albumid": ["101b7c1d-05ea-4037-bc8a-96dcb4482ff8"], "musicbrainz_artistid": ["66c662b6-6e2f-4930-8610-912e24c63ed1"], "title": ["Shot in the Head (Angus & Malcom With Marcus Hook Band)"], "tracknumber": ["04"], "artist": ["AC/DC"], "musicbrainz_albumartistid": ["66c662b6-6e2f-4930-8610-912e24c63ed1"], "album": ["Shockingly Rare (2006)"], "musicbrainz_releasegroupid": ["7dcf4ef2-d57c-3530-950f-9f6731f3f251"], "musicbrainz album type": ["Album", "Compilation"], "musicbrainz_recordingid": ["0bd71ce4-a783-41c6-91f8-c9e0d9b14d5f"], "date": ["2006"], "acoustid_id": ["d657ddbb-c492-48f8-a419-06bccc066956"], "file_name": "AC-DC - Shot in the Head (Angus & Malcom With Marcus Hook Band).mp3", "acoustid_fingerprint": ["AQADtEmSJEoSRdGK9XiO5hl2HnY6fD7kZC_yE00tB72WChd4I10eKFZ1BDinHY-CZuKHPhGeI38KLUck6rgiglOiJUR-PE8g3USeHHP2EZduhDvChMqE53iOO8_whD9qkWhOPB6u7Mh_JOcxZ3ngKwGP6guY6Mcf7EezIw-XQstX6C6aPCK6H_-CJzg7NMugPcfY6Lg3rF2y48MzZsWZbcGO-oWfRRrRk8LPHPNyhI-ZorlxhjtOI4x5VNKNP7ii5EOzoQ8uJSp2Hf1SUMwhXgmYNYuDUzR2nFGgPfOR7uinRMMT5bh1_EcfHo1DXA-e_FD448vBfGnQfMJzNE-UgBG14DGu_Ii-pUFCNxq-6DhwKnkUPErIBXmO5vmhC9Yq1JnQ_KjEkMOcM4IuVDwaaxnyJ8KPXczxPOgjNHw65Ae0iMrQ5gryJ8dRPWgoDfnxZjcUhZEUoUejJ0PFLcdV4jp6hHlwnbgSGU-HF8_RxEKXB2XOCekvJFIcTFfwPLhMVM6PHc_xScijhAMjPcEtpWg-CdM6_AzORBbEMxK-5dC46PBjxKQy-EFJFn-KPIfCRwhzO2CsLMd7sPpxcdg45vh4hNEPzWM-5NnxB-el4AjtoTlTqE2CfKyw--ieB9SzC1S0MFoQNi50ejH6HIryIE9f_Aye40JTJUfx4wySmESsZHUK5jSF5gp-1BsaT8GRH3qWMTmY9OjxrBXRp6D-4xNX-JjwI1-64dLQKy88XB8azRS-xMh5KHqOJjsCcvpwJY-QbrPxQXmOVFeOUcezHLlO8NDSV0eoP7hl_DEeFVMcCaEH1dKRE_vw8ANLPNuKKb9RSQlDPFOO_Eh24kctPXgTVrj44BrDIyRzaLmOF596zFFylKIV_IH0I4yu4NIX5AptiEfk8jilbCGq473QYWaUoy_8gxkjHbFuaK-O6MuOwy-eBQ6VWEJ_xI9u9IGi6LgyU8iqHc9Rszmah_ijHH_wJE2FiwjzLEUvBsITpcgXNej24ZmyCG2P-8OUXES_Ex-K5owR37CyHLo6xE4O08eXW8hJDicUPaaQKT96Bk9z1Ajj44eWW0So8cEvXHIyoU5oPEfz48V3CbGOz9CSK8d0QuePJzuK6whTRQlxItyVHQ1HD29afCW0t2iqDKqMYxfCL1Xwo01s5Dh6HWGeHGeK78Qaf2ge6eh1oHuuYcqRWFGQbmEifIvxCHweNFVIUOjxMEmCPCK-GpcidI0saOmNPzjzEc9TONyI84FOo-dRljSeMXiQnQiTLxuq-NCzV2B15EOfY6MjPGgqIU_ohNCPOyXeI8yJastS5NLxQ_mDvMf1YNxSopSDw6KO_-h1XFMS4w9-dPPRjEyIiD2SpeJRkoGXZRT-aMEXvIlOnJqEfNCjHnmPH81TVD_yD_9w8niirlh1XFOgKDn6E-o1zSAjcRMuXEqOSjyaB8_CBqd0yEQTMyNqRTlYKwz-wyf08KhyXWgi6dATffgXNB-N_tBjxIn4gKuP5kGZ6cJ7HR96MOmyI0fy42-OUz36BkzGKEeuB8lONOPxTMMfuB--HM8iMULyI4fHELSiKsH1qGj0E2W4HI-Ixkfl6MHVg-8U-EHfws9xPkek2NAlBOeDp1LRZTuavMMRPuugxTlyKRo-DdGqHd8rvFpROYYWxinyg9cmXFqmwWEf4nEnVGfRjAwjPNFxHVP2TOh33Hi54MlFXIlwR2guBd1tRCISZhG8Tidqv-DzCI_w45nw_Hh5ITkTIYx69DOqPoNPH98ipEfJzMId5NOLPlHgOuC248FrwscIT0eyKkEuHdXho9v2JHh5RBd56InQ5CgvfHGWgJW4QeaO5kI4K83wOHjiUChnNHERPTLOD3qqInoo3PtQPrB2vAL1o9mD6LmgIz-aE51IJ_iFUtQR5guUI3zgSovBMEqu4JG3IFCeHGl1vKKCS37RHk3EJUPuB7qW5Ajf4x8q8aiWHtsWGt3egPvxpkGYH8kaZ9iPO_RgMZIVXD_eqIhoKUHCHfSFK7nwlGiuo8qlYs96_Me1ozmPTtkSBucRKfmQ7MT0KE3QfMSpBDuLP9h3wj-PfA2-B2IvvEXTHf2PU1rRH80y4QypGP-Od1kxBVq540Gzo2Jwb4d-eMyH78FtoU4Dh1O6Ec-HXgvBz8jz4kf_BlOe4cWV5MglaMlRcklQNkeYF1e-YV6Cfwjtpmj2HHpyfAP34z5yHRxf9Mb2Df3xBT9xZh8u6sMnVC3RqBq-8Dgt6Pge_NivJKikp6jCZBkuCT8uhJSyFIqqMEYvbWg6Qc10QWeON8mJ-vBzIo90eKNaVPSCRn9QOWuEZ4zxHw36BbeM8xLxHeE2NOcC_cWdCKGTlWjqBw-D98bXw4qMuJEC5UH-g_Iegf7RH2E2GwoffPqhkTnC1LhGHU-PC6eiBL6OZ5dxXEdS54g68cO_g6meBFbIg08U3DmaHF-O2EyNNW9ga8Mf3CbxKEKTrTizQ9u0I_4DTBcqZcwJcpEe4VJDhIl81Df0jBb2ZDFOHo0eVFSE2xKeQ0t-oRv3Q32FXlHhJlrww8svKJLII2_y4GyOH54UB89uPAV89Uh0IjuanD38B18Jf4jESEfyK3CPJxauENWHZpLwB8mo8chDOA-mhZKDJouio__wBe_RD1lSRU-gH_ELS89wHU94NNWJ-DhTQmOWoT5SRw9qJRcq5UEY_dBEB83IC7mSB__RC40lS4jbQw6ZGWGeYTzsw0s2LoHzI3yh7UeTx8J14lOCyNJhzRVOPMTzBe_x4xJ83OhDJOyQ5nhRe1GCHy9eDn0_5IdmZeCXo4s0ONNJ9NnRc4Sz5cGzEJHydrgYtEezHXs-3JPR6EfVAowYEgAhIxBAGAICDNBKGECJcoYCgIgAylGlFCEEGAGAFEYBiiAGxAGhgBbQAEEAZEQQgoQnRBsgAANMIEKYBEwJoIgwgFNAmAAQKAIcBUIgooRQSjmgGGJAAOAEUhIAIQQgBAFBOHKGOACUEgICZRRwxlEAlASGEIIoQAoxIgigDCEEAIRMCAaEIgQAQAwwAEAIkIIKQAKMAMIIQA1gQChBABBAEGQEMk5ICsAQEDAhgACOCCCMENRBgIhgBigogAaGIEYAsIQYIAAAiBggkNZEMCMAgQoUZgARwgCjoBBEEAMhMIQa4g0BVigihAICMIEQIMoCowwyAADiCAKKKSUUAYYBBwwkQhihmDBCAKOQJEhA4KAQxAgghJCACAWYAIAIIqQiyAknARIAIQGAEIQg6oUyghCmmCKCAAWIUAREiIgARAiKiAOCICMIUEYBoqgEkhhAoAEAWAeMFwI44AShAAHmgIBEKE-MUMQQYhwBghgAACIAECOQUgQCoRwgADCltCIAASSAMMoiJggjiFAACSJICQSQQVYACBAhRBllzECKAAAEUsgIYYxBQhCGmCIQACKEMJoSR4AADECiAEEaEQKAIwAILDAAQCCEnAGYCkQEBABAIhAQBiCkmUJMsESEcUoBAIAhAABEFAFGEKcIAsQBIRhBjAiBCDAAIECIwYoYYIgABgAhnFACAoEAEgQYQwTliEBBDCLAGiMIcYQgSoAxAgjChEAIGMEQQYQpwZRAgiggEFEAO0YcMA5JBoVAAAADECHAEOIEoQARhwABghIDhBFAGiAIgQIYYpCAIhBABKFIIIIEEoQoaCwBljBigBAGAEIhIEAQQgwwABiCrAAEEMAUJogK4hAQRAiCgGNMOoWAOAAAp4QFCCNGkHKGMoeEE0AQQQjSAnhCiCHCEAOIIw0IA4RDBBihkCHAQGAEEVAYAYCghgAiAA"], "language": ["eng"]}, "audio_properties": {"sample_rate": 44100, "downmix": "mix", "lossless": false, "analysis_sample_rate": 44100, "md5_encoded": "d44303824b673ef3a03df0d12eaa797d", "equal_loudness": 0, "replay_gain": -5.37609291077, "codec": "mp3", "bit_rate": 192025, "length": 197.877548218}, "version": {"extractor": "music 1.0", "essentia_build_sha": "2d9f1f26377add8aeb1075a9c2973f962c4f09fd", "essentia_git_sha": "v2.1_beta2-1-ge3940c0", "essentia": "2.1-beta2"}}, "rhythm": {"beats_loudness_band_ratio": {"dvar2": [0.090716548264, 0.0287765972316, 0.0560270249844, 0.0219167023897, 0.00691495230421, 0.000793185608927], "var": [0.0403891541064, 0.0124414861202, 0.0168600827456, 0.00693774875253, 0.0025461409241, 0.000732354470529], "min": [0.0852693617344, 0.000217804816202, 0.000138520306791, 0.000220359914238, 0.000247084797593, 6.8213562372e-06], "dmean": [0.22983635962, 0.112145140767, 0.117624387145, 0.0739291831851, 0.0494125075638, 0.00851709488779], "mean": [0.65445715189, 0.164484843612, 0.108606189489, 0.069737277925, 0.0513156168163, 0.0124388476834], "max": [0.998141348362, 0.659472346306, 0.670588433743, 0.423753142357, 0.412021577358, 0.403913915157], "dmean2": [0.415551453829, 0.197004854679, 0.218737721443, 0.133373185992, 0.0889027416706, 0.0147132836282], "median": [0.693115651608, 0.138448104262, 0.0484748631716, 0.0366001836956, 0.0361970216036, 0.0083715505898], "dvar": [0.0299393348396, 0.0099686421454, 0.0187571570277, 0.00768684642389, 0.00247738976032, 0.000393016613089]}, "bpm_histogram_first_peak_weight": {"dvar2": 0, "var": 0, "min": 0.655889153481, "dmean": 0, "mean": 0.655889153481, "max": 0.655889153481, "dmean2": 0, "median": 0.655889153481, "dvar": 0}, "bpm": 132.489517212, "beats_count": 434, "bpm_histogram_first_peak_spread": {"dvar2": 0, "var": 0, "min": 0.310679614544, "dmean": 0, "mean": 0.310679614544, "max": 0.310679614544, "dmean2": 0, "median": 0.310679614544, "dvar": 0}, "danceability": 1.31966543198, "bpm_histogram_first_peak_bpm": {"dvar2": 0, "var": 0, "min": 133, "dmean": 0, "mean": 133, "max": 133, "dmean2": 0, "median": 133, "dvar": 0}, "beats_position": [0.522448956966, 1.04489791393, 1.57895684242, 2.07818579674, 2.55419492722, 3.03020405769, 3.50621318817, 3.98222208023, 4.446621418, 4.91102027893, 5.38702917099, 5.85142850876, 6.32743740082, 6.80344676971, 7.27945566177, 7.76707458496, 8.24308395386, 8.71909236908, 9.18349170685, 9.65950107574, 10.1239004135, 10.5882987976, 11.0526981354, 11.5170974731, 11.9698867798, 12.4226751328, 12.8870744705, 13.3514738083, 13.8158731461, 14.2802715302, 14.7330608368, 15.1858501434, 15.6502494812, 16.114648819, 16.5674381256, 17.0202255249, 17.4846248627, 17.9490242004, 18.4134235382, 18.8662128448, 19.3190021515, 19.7834014893, 20.2361907959, 20.6889801025, 21.153377533, 21.6061668396, 22.0589561462, 22.523355484, 22.9761447906, 23.4289340973, 23.8933334351, 24.3461227417, 24.7989120483, 25.2633094788, 25.7160987854, 26.168888092, 26.6332874298, 27.0860767365, 27.5388660431, 27.9916553497, 28.4444446564, 28.8856239319, 29.3384113312, 29.7912006378, 30.2439899445, 30.6967792511, 31.1611785889, 31.6255779266, 32.0667572021, 32.5195465088, 32.9723358154, 33.4251251221, 33.8779144287, 34.3423118591, 34.783493042, 35.2246704102, 35.6890678406, 36.1418571472, 36.5946464539, 37.0474357605, 37.5002250671, 37.9530143738, 38.4058036804, 38.8702049255, 39.3113822937, 39.7641716003, 40.216960907, 40.6697502136, 41.1225395203, 41.5637168884, 42.0165061951, 42.4692955017, 42.9220848083, 43.374874115, 43.8160552979, 44.2688446045, 44.7216300964, 45.1860313416, 45.6388206482, 46.0916099548, 46.532787323, 46.9739685059, 47.4267578125, 47.8795471191, 48.3323364258, 48.7967338562, 49.2495231628, 49.690700531, 50.1434898376, 50.5962791443, 51.0490684509, 51.5018577576, 51.9546470642, 52.4074363708, 52.8486175537, 53.3130149841, 53.7658042908, 54.2185935974, 54.6713829041, 55.1241722107, 55.5769615173, 56.029750824, 56.4709281921, 56.9237174988, 57.3765068054, 57.8176841736, 58.2704734802, 58.7232627869, 59.1760520935, 59.6288414001, 60.0816307068, 60.5344200134, 60.9872093201, 61.4399986267, 61.8811798096, 62.3339653015, 62.7867546082, 63.2511558533, 63.7039451599, 64.1567306519, 64.6095199585, 65.0623092651, 65.5150985718, 65.9678878784, 66.4206771851, 66.8734664917, 67.3146438599, 67.7558288574, 68.2086181641, 68.6614074707, 69.1141967773, 69.566986084, 70.0081634521, 70.4609527588, 70.9137420654, 71.3781356812, 71.8309249878, 72.2837142944, 72.724899292, 73.1776885986, 73.6304779053, 74.0716552734, 74.5244445801, 74.9772338867, 75.4184112549, 75.8828125, 76.3356018066, 76.7883911133, 77.2411804199, 77.7055740356, 78.1699752808, 78.6227645874, 79.0639419556, 79.5283432007, 79.9811325073, 80.433921814, 80.8867111206, 81.3395004272, 81.7922897339, 82.2450790405, 82.6862564087, 83.1390457153, 83.591835022, 84.0446243286, 84.4974136353, 84.9502029419, 85.3913803101, 85.8441696167, 86.3085708618, 86.74974823, 87.2025375366, 87.6669387817, 88.1197280884, 88.5609054565, 89.0136947632, 89.4664840698, 89.9192733765, 90.3720626831, 90.8248519897, 91.2776412964, 91.7188186646, 92.1716079712, 92.6243972778, 93.0771865845, 93.5183639526, 93.9827651978, 94.4355545044, 94.8999557495, 95.3527450562, 95.8055343628, 96.2583236694, 96.7111129761, 97.1638946533, 97.61668396, 98.0694732666, 98.5222625732, 98.9750518799, 99.4278411865, 99.8806304932, 100.3334198, 100.774604797, 101.227394104, 101.680175781, 102.121360779, 102.574150085, 103.026939392, 103.479728699, 103.932518005, 104.385307312, 104.838096619, 105.290885925, 105.743675232, 106.196456909, 106.649246216, 107.102035522, 107.554824829, 108.007614136, 108.460403442, 108.913192749, 109.365982056, 109.818771362, 110.271560669, 110.712738037, 111.165527344, 111.61831665, 112.071105957, 112.523895264, 112.97668457, 113.441085815, 113.893875122, 114.346664429, 114.799453735, 115.252243042, 115.69342041, 116.146209717, 116.587387085, 117.040176392, 117.492965698, 117.957366943, 118.421768188, 118.862945557, 119.327346802, 119.780136108, 120.232925415, 120.685714722, 121.138504028, 121.591293335, 122.044082642, 122.508476257, 122.972877502, 123.425666809, 123.878456116, 124.331245422, 124.784034729, 125.236824036, 125.689613342, 126.13079071, 126.583580017, 127.036369324, 127.48915863, 127.941947937, 128.383132935, 128.835922241, 129.300308228, 129.764709473, 130.217498779, 130.681900024, 131.123077393, 131.575866699, 132.028656006, 132.493057251, 132.934234619, 133.375411987, 133.828201294, 134.280990601, 134.733779907, 135.174957275, 135.627746582, 136.068939209, 136.521713257, 136.974502563, 137.42729187, 137.880081177, 138.332870483, 138.78565979, 139.238449097, 139.691238403, 140.14402771, 140.596817017, 141.049606323, 141.50239563, 141.955184937, 142.407974243, 142.849151611, 143.313552856, 143.777954102, 144.21913147, 144.660308838, 145.113098145, 145.565887451, 146.018676758, 146.471466064, 146.924255371, 147.388656616, 147.841445923, 148.294235229, 148.747024536, 149.188201904, 149.640991211, 150.093780518, 150.534957886, 150.987747192, 151.428924561, 151.881713867, 152.334503174, 152.78729248, 153.251693726, 153.704483032, 154.157272339, 154.621673584, 155.086074829, 155.538864136, 155.991653442, 156.456054688, 156.908843994, 157.361633301, 157.814422607, 158.267211914, 158.720001221, 159.172790527, 159.625579834, 160.078369141, 160.531158447, 160.983947754, 161.425125122, 161.86630249, 162.330703735, 162.783493042, 163.236282349, 163.689071655, 164.141860962, 164.58303833, 165.035827637, 165.488616943, 165.953018188, 166.394195557, 166.846984863, 167.29977417, 167.752563477, 168.205352783, 168.65814209, 169.110931396, 169.552108765, 170.01651001, 170.469299316, 170.922088623, 171.37487793, 171.827667236, 172.280456543, 172.73324585, 173.174423218, 173.615600586, 174.068389893, 174.521179199, 174.973968506, 175.426757813, 175.879547119, 176.332336426, 176.785125732, 177.237915039, 177.690704346, 178.143493652, 178.596282959, 179.049072266, 179.490249634, 179.931427002, 180.384216309, 180.837005615, 181.278182983, 181.719360352, 182.172149658, 182.624938965, 183.08934021, 183.553741455, 184.0181427, 184.470932007, 184.923721313, 185.37651062, 185.817687988, 186.270477295, 186.73487854, 187.187667847, 187.640457153, 188.10484314, 188.557632446, 189.010421753, 189.451599121, 189.904388428, 190.345581055, 190.798370361, 191.251159668, 191.703948975, 192.156738281, 192.597915649, 193.050704956, 193.503494263, 193.956283569, 194.420669556, 194.896682739, 195.372695923, 195.848709106, 196.33631897, 196.823944092, 197.299957275], "beats_loudness": {"dvar2": 0.00194710178766, "var": 0.0008434955962, "min": 4.33800162458e-10, "dmean": 0.0311671830714, "mean": 0.0587874911726, "max": 0.154851838946, "dmean2": 0.0575408488512, "median": 0.0556448847055, "dvar": 0.000643343257252}, "bpm_histogram_second_peak_weight": {"dvar2": 0, "var": 0, "min": 0.0346420332789, "dmean": 0, "mean": 0.0346420332789, "max": 0.0346420332789, "dmean2": 0, "median": 0.0346420332789, "dvar": 0}, "bpm_histogram_second_peak_spread": {"dvar2": 0, "var": 0, "min": 0.166666671634, "dmean": 0, "mean": 0.166666671634, "max": 0.166666671634, "dmean2": 0, "median": 0.166666671634, "dvar": 0}, "bpm_histogram_second_peak_bpm": {"dvar2": 0, "var": 0, "min": 126, "dmean": 0, "mean": 126, "max": 126, "dmean2": 0, "median": 126, "dvar": 0}, "onset_rate": 4.18915224075}, "lowlevel": {"spectral_energyband_high": {"dvar2": 1.59684361734e-07, "var": 1.95686709503e-07, "min": 7.8316894941e-21, "dmean": 0.00011747571989, "mean": 0.000205506046768, "max": 0.00907036382705, "dmean2": 0.000165360121173, "median": 7.14660272934e-05, "dvar": 7.91229766151e-08}, "spectral_energyband_middle_low": {"dvar2": 0.000360455946065, "var": 0.000228539269301, "min": 2.81610696146e-22, "dmean": 0.00831398181617, "mean": 0.0183588694781, "max": 0.128828287125, "dmean2": 0.013339583762, "median": 0.0147326029837, "dvar": 0.000143778146594}, "spectral_energy": {"dvar2": 0.00113034120295, "var": 0.00076299358625, "min": 1.05243506039e-20, "dmean": 0.0149186216295, "mean": 0.0398385375738, "max": 0.215128391981, "dmean2": 0.0232740286738, "median": 0.0351581797004, "dvar": 0.000497504777741}, "spectral_spread": {"dvar2": 1313610792960.0, "var": 2611105759230.0, "min": 401392.53125, "dmean": 606031.4375, "mean": 3119571, "max": 39816616, "dmean2": 802638.875, "median": 2679681.25, "dvar": 702803017728}, "spectral_energyband_low": {"dvar2": 0.00107384775765, "var": 0.000461123505374, "min": 5.22422030077e-23, "dmean": 0.0116696190089, "mean": 0.01814298518, "max": 0.190880253911, "dmean2": 0.0190274510533, "median": 0.0123361209407, "dvar": 0.000437748472905}, "spectral_rolloff": {"dvar2": 697684, "var": 2186101.75, "min": 21.533203125, "dmean": 303.230010986, "mean": 1013.47485352, "max": 20930.2734375, "dmean2": 500.519897461, "median": 732.12890625, "dvar": 343210.53125}, "barkbands": {"dvar2": [8.33456965665e-08, 0.000115804068628, 0.000506377255078, 0.000190148421098, 8.46590482979e-05, 1.78556547326e-05, 9.36307969823e-06, 8.43308953336e-06, 7.2682123573e-06, 3.60941658073e-06, 2.31661692851e-06, 1.14458725875e-06, 1.41634563988e-06, 2.61734476226e-06, 1.37671804623e-06, 4.67130178095e-07, 4.06850432455e-07, 1.28523510057e-07, 2.72111506661e-08, 1.27274670803e-08, 1.11080087351e-08, 6.29447205469e-09, 2.93182544908e-09, 2.17314433115e-09, 6.26336813525e-08, 1.16094236446e-08, 2.33503407582e-11], "var": [5.54665255947e-08, 5.72916324018e-05, 0.000192200226593, 6.29808491794e-05, 7.28356753825e-05, 8.34515230963e-06, 9.56511939876e-06, 7.12965584171e-06, 6.22113566351e-06, 3.33296702593e-06, 3.16505133924e-06, 1.29238662794e-06, 1.45874196278e-06, 3.01801128444e-06, 1.84179350526e-06, 4.98305553265e-07, 5.58410135909e-07, 1.59861514248e-07, 3.93234671492e-08, 1.8546726821e-08, 1.94970422029e-08, 1.28301866908e-08, 2.30203145435e-09, 1.54557400212e-09, 2.6136035558e-08, 6.97576174602e-09, 1.10630870784e-11], "min": [1.22134214248e-23, 1.27586323843e-23, 1.15440279817e-23, 1.49850928928e-23, 1.3566075697e-23, 1.83667092461e-23, 6.53663525147e-23, 2.97833361915e-23, 3.56293382355e-23, 2.56357611428e-23, 1.01527747454e-23, 8.40100071588e-23, 8.79824203767e-23, 6.58809801257e-23, 3.53218970527e-23, 6.88613534236e-23, 1.27268545426e-22, 1.92856157648e-22, 2.6193693431e-22, 3.55952796393e-22, 3.25591395551e-22, 3.68797673362e-22, 5.79222773111e-22, 6.47672069774e-22, 1.17706468307e-21, 1.41314093937e-21, 2.57435711655e-21], "dmean": [0.00011586346227, 0.00450942059979, 0.00670738657936, 0.00418310845271, 0.00403480930254, 0.00120727205649, 0.00086302269483, 0.00079378351802, 0.000830269535072, 0.000570723554119, 0.000408151856391, 0.000324935739627, 0.000357775337761, 0.000547098403331, 0.000424862577347, 0.000208960787859, 0.000256701256149, 0.000128694373416, 6.10201605014e-05, 4.2849813326e-05, 2.62243665929e-05, 2.00127815333e-05, 9.96428934741e-06, 6.96989263815e-06, 3.74865776394e-05, 2.1371186449e-05, 9.48538684042e-07], "mean": [0.000150390493218, 0.00749152014032, 0.00774022191763, 0.00476262532175, 0.00791705679148, 0.00152496073861, 0.00133845082019, 0.00112139689736, 0.00135556817986, 0.000978125608526, 0.000792070350144, 0.000573494879063, 0.00060860964004, 0.00103397143539, 0.000855862046592, 0.000401306926506, 0.000541313143913, 0.00025394099066, 0.000135631809826, 9.2499605671e-05, 5.21899855812e-05, 3.68770015484e-05, 1.30201497086e-05, 8.44972419145e-06, 3.7216959754e-05, 2.09545196412e-05, 8.15389000763e-07], "max": [0.00250164512545, 0.0707754045725, 0.118433818221, 0.107561379671, 0.0827155187726, 0.045926399529, 0.0367848984897, 0.0291597694159, 0.0315650776029, 0.0230427738279, 0.0204657074064, 0.0144981155172, 0.0138935893774, 0.0195789244026, 0.0137692159042, 0.0103309005499, 0.0104308463633, 0.00568927032873, 0.00385098112747, 0.00164511241019, 0.00403968663886, 0.00305285560898, 0.00122476182878, 0.00189223175403, 0.0032182733994, 0.00224588741548, 7.79253532528e-05], "dmean2": [0.000181385519681, 0.00763485534117, 0.0110451206565, 0.00702501507476, 0.00664206920192, 0.00197183992714, 0.00131425377913, 0.00122509687208, 0.00128807500005, 0.000889351242222, 0.000622412655503, 0.000500262540299, 0.000544706184883, 0.000833429687191, 0.000640157901216, 0.000322897423757, 0.000390485365642, 0.000195367785636, 9.26858338062e-05, 6.50321962894e-05, 3.79286866519e-05, 2.88261744572e-05, 1.5030733266e-05, 1.04746859506e-05, 5.8129633544e-05, 3.26891167788e-05, 1.53257303737e-06], "median": [6.32947485428e-05, 0.00518096145242, 0.00334259378724, 0.00242412276566, 0.0051859151572, 0.000653279479593, 0.000398796342779, 0.000254908023635, 0.000468731712317, 0.000282206805423, 0.00015800804249, 0.000197925255634, 0.000153325003339, 0.000316162477247, 0.000307956128381, 0.00016558963398, 0.000289102084935, 0.000129197840579, 7.93443032308e-05, 4.36251502833e-05, 2.07058583328e-05, 1.12863917821e-05, 2.46531794801e-06, 6.82131485519e-07, 1.4004666582e-06, 5.20764501744e-07, 5.27081489565e-09], "dvar": [3.5511241947e-08, 4.27056911576e-05, 0.000204822397791, 7.21299948054e-05, 3.23474378092e-05, 7.13487997928e-06, 4.08005962527e-06, 3.66967765331e-06, 3.11467988467e-06, 1.58745808676e-06, 1.03741888324e-06, 5.11879932219e-07, 6.28799000424e-07, 1.1223319234e-06, 6.03328999205e-07, 1.99158563419e-07, 1.80236440883e-07, 5.88602873108e-08, 1.23539605212e-08, 5.60656587822e-09, 5.72412650612e-09, 3.59060314814e-09, 1.36192457312e-09, 9.93341298106e-10, 2.57539003456e-08, 5.18466913846e-09, 1.00688233792e-11]}, "melbands_skewness": {"dvar2": 19.3729553223, "var": 19.9503173828, "min": -1.3457608223, "dmean": 0.922264933586, "mean": 2.91710424423, "max": 184.557754517, "dmean2": 1.37268567085, "median": 2.50346708298, "dvar": 9.65864467621}, "barkbands_skewness": {"dvar2": 5.94806861877, "var": 12.1554088593, "min": -2.07937884331, "dmean": 0.709630668163, "mean": 1.82129192352, "max": 111.878837585, "dmean2": 1.0224853754, "median": 1.4891769886, "dvar": 3.86434841156}, "erbbands": {"dvar2": [0.0539123117924, 8.57542800903, 319.327789307, 2121.36181641, 1142.71923828, 911.466552734, 954.049621582, 1046.81298828, 1678.73791504, 3165.22924805, 3403.18017578, 3489.78588867, 3711.37084961, 3202.61523438, 2381.58740234, 1634.52478027, 2365.75756836, 5147.16064453, 4578.69287109, 2143.75805664, 1147.49060059, 993.210083008, 441.363830566, 65.2197418213, 65.0692443848, 24.0411300659, 15.617764473, 25.445394516, 11.84237957, 5.06819009781, 2.03203725815, 0.824520349503, 0.90081346035, 14.0584955215, 1.91704630852, 0.517864763737, 0.0182821713388, 0.000446429738076, 2.19998455009e-07, 1.78753956082e-09], "var": [0.0281227342784, 4.03127527237, 125.245529175, 744.870056152, 738.893676758, 801.65032959, 514.944152832, 481.296325684, 1780.50756836, 3554.46557617, 2859.50097656, 2966.51953125, 3640.66088867, 2980.04467773, 4040.9152832, 2117.8762207, 2748.80639648, 6231.37353516, 5676.34326172, 3063.74902344, 1402.43444824, 1552.40222168, 636.442687988, 108.080329895, 91.205909729, 38.9647903442, 22.7168884277, 36.1766777039, 19.7021083832, 6.22943401337, 1.47403883934, 0.522876858711, 0.683205425739, 5.2690486908, 0.872100293636, 0.275977909565, 0.0115527343005, 0.00026711873943, 1.39661636922e-07, 1.32844280021e-09], "min": [5.95781178082e-22, 2.71915370953e-21, 8.7996531773e-21, 3.74609484533e-20, 2.71224283362e-20, 5.4397167765e-20, 1.04344549736e-19, 1.75396915125e-19, 5.20591288389e-19, 7.91209526243e-19, 7.68146748488e-19, 7.23891293247e-19, 1.22819394781e-18, 4.35512970653e-19, 1.26464666003e-18, 3.43802649639e-18, 4.81875182537e-18, 3.04595570734e-18, 2.42783300049e-18, 3.50601743402e-18, 5.03443917009e-18, 7.02116363327e-18, 9.46685215446e-18, 1.3075832068e-17, 1.64989875114e-17, 1.64367669857e-17, 1.56431318557e-17, 1.20483058296e-17, 1.23553999407e-17, 1.68510752847e-17, 1.48829644533e-17, 1.18894466201e-17, 1.26771293584e-17, 1.29169133016e-17, 8.4919288127e-18, 4.7477458144e-18, 2.42941332905e-18, 1.39241887111e-18, 3.30344296995e-19, 3.88241841081e-20], "dmean": [0.106872089207, 1.15987741947, 5.88774633408, 12.9359197617, 13.7593631744, 12.8140420914, 9.29794883728, 9.31931495667, 10.930513382, 15.4083900452, 15.9871616364, 17.3544044495, 17.9592628479, 15.5907793045, 14.6864204407, 11.9688329697, 14.9574232101, 23.9690341949, 23.0299110413, 15.2585144043, 11.251086235, 13.2157402039, 7.728972435, 3.30119132996, 2.95965623856, 1.8817653656, 1.0187227726, 1.08998131752, 0.755640625954, 0.431266397238, 0.260796248913, 0.158295527101, 0.141930639744, 0.465234309435, 0.2429715693, 0.131557807326, 0.0288788620383, 0.00471201399341, 0.000109856380732, 1.88965950656e-05], "mean": [0.172057524323, 1.9027826786, 7.68937349319, 14.5072088242, 25.1469097137, 23.6437969208, 13.3741950989, 11.9587163925, 17.1774673462, 24.0143451691, 25.2867336273, 29.510093689, 30.5240802765, 29.4001407623, 32.3829116821, 23.8898963928, 28.0825862885, 47.8972396851, 50.2440681458, 33.5219726563, 24.7072715759, 29.5039424896, 17.1989345551, 7.81931972504, 6.91613674164, 4.24713897705, 2.17402076721, 2.11543822289, 1.41769742966, 0.6829200387, 0.332865417004, 0.18865455687, 0.17282757163, 0.451230764389, 0.240438476205, 0.128221839666, 0.0284178927541, 0.00439573638141, 0.000118542724522, 4.86492135678e-05], "max": [1.70162189007, 19.5149517059, 114.486686707, 305.14453125, 278.459899902, 390.184417725, 380.356384277, 339.990783691, 634.217102051, 715.862731934, 718.283935547, 898.797302246, 919.457702637, 687.441833496, 892.303466797, 546.332580566, 776.060302734, 780.694091797, 822.552124023, 693.59777832, 595.113647461, 527.26159668, 400.836486816, 148.722183228, 155.157608032, 84.3065261841, 184.107177734, 163.837738037, 143.125183105, 71.0791854858, 29.8393611908, 23.8563404083, 38.4823646545, 58.3364028931, 15.5443134308, 16.8769168854, 3.14225077629, 0.39359870553, 0.00801387149841, 0.000332483992679], "dmean2": [0.179724827409, 1.95634496212, 9.72898101807, 21.4376792908, 22.8071880341, 20.9948692322, 15.2996931076, 15.2620220184, 16.8012142181, 23.5477714539, 24.9108486176, 26.772151947, 27.3037948608, 23.7548694611, 22.037115097, 18.053686142, 22.4635868073, 36.559551239, 34.9640922546, 22.7117023468, 17.1524410248, 19.8959007263, 11.5612154007, 4.93020963669, 4.44912481308, 2.80995202065, 1.48041009903, 1.60018372536, 1.10247445107, 0.628303647041, 0.395156353712, 0.246884077787, 0.209707602859, 0.732675969601, 0.376109749079, 0.205275654793, 0.0440789982677, 0.00726472632959, 0.000168105965713, 2.86827198579e-05], "median": [0.12388638407, 1.27483093739, 3.85520100594, 6.59684991837, 16.1501407623, 14.9406709671, 7.21420764923, 5.09248828888, 5.90697717667, 6.34550285339, 7.70584630966, 11.7251358032, 9.21133899689, 10.488992691, 10.4079322815, 9.16035842896, 9.2387752533, 17.2250328064, 21.9018173218, 14.224196434, 12.3576202393, 16.1630649567, 9.08881473541, 4.92423057556, 4.07330989838, 2.05761122704, 0.897974848747, 0.804889023304, 0.445194661617, 0.17035035789, 0.0576953440905, 0.0227879919112, 0.0107373045757, 0.0154429711401, 0.0089888330549, 0.00338398478925, 0.000727014383301, 8.70361545822e-05, 2.25589337788e-05, 4.13888847106e-05], "dvar": [0.0191050227731, 3.2182700634, 127.26197052, 839.664123535, 427.537597656, 361.544128418, 381.719421387, 413.146911621, 744.612609863, 1478.11633301, 1450.66748047, 1506.25915527, 1704.50183105, 1391.96838379, 1111.91015625, 717.12677002, 1090.07714844, 2209.13110352, 1943.62683105, 946.620300293, 508.802276611, 453.210510254, 205.430480957, 31.8280658722, 28.7626304626, 11.0751771927, 7.35714483261, 12.3382530212, 6.0982503891, 2.55102276802, 0.923160791397, 0.363743156195, 0.429068922997, 5.65499305725, 0.794168710709, 0.21909186244, 0.00849649403244, 0.000208423982258, 1.04407156698e-07, 8.27698687367e-10]}, "silence_rate_30dB": {"dvar2": 0.104427598417, "var": 0.0300170779228, "min": 0, "dmean": 0.0434170365334, "mean": 0.969025015831, "max": 1, "dmean2": 0.086844265461, "median": 1, "dvar": 0.0415362045169}, "melbands_spread": {"dvar2": 111.172355652, "var": 235.658004761, "min": 0.0263580232859, "dmean": 5.46467351913, "mean": 17.8262996674, "max": 210.64642334, "dmean2": 8.06760501862, "median": 14.62271595, "dvar": 55.6968994141}, "melbands_crest": {"dvar2": 20.5514144897, "var": 20.9655208588, "min": 1.83492863178, "dmean": 3.15295004845, "mean": 14.245672226, "max": 39.9965324402, "dmean2": 5.20371580124, "median": 13.5492095947, "dvar": 7.87814712524}, "zerocrossingrate": {"dvar2": 0.000148599501699, "var": 0.00143789546564, "min": 0, "dmean": 0.00653129164129, "mean": 0.0393552519381, "max": 0.5380859375, "dmean2": 0.00808812864125, "median": 0.03515625, "dvar": 0.000104531274701}, "barkbands_kurtosis": {"dvar2": 110204.789063, "var": 136864.953125, "min": -1.93765103817, "dmean": 13.1843938828, "mean": 17.9051952362, "max": 14740.2802734, "dmean2": 19.1857662201, "median": 1.86531031132, "dvar": 68544.796875}, "spectral_flux": {"dvar2": 0.00302411080338, "var": 0.00336742284708, "min": 6.81552800308e-11, "dmean": 0.0327630229294, "mean": 0.101779364049, "max": 0.38283675909, "dmean2": 0.049900431186, "median": 0.0919639542699, "dvar": 0.00144239526708}, "barkbands_crest": {"dvar2": 13.7907829285, "var": 13.3357601166, "min": 2.86923217773, "dmean": 2.57013273239, "mean": 10.0976896286, "max": 26.9103431702, "dmean2": 4.24337387085, "median": 9.45565223694, "dvar": 5.2829375267}, "barkbands_flatness_db": {"dvar2": 0.00120663561393, "var": 0.00368575472385, "min": 0.0428104326129, "dmean": 0.0253939498216, "mean": 0.200785413384, "max": 0.689105212688, "dmean2": 0.0368548966944, "median": 0.194016680121, "dvar": 0.000596668687649}, "spectral_entropy": {"dvar2": 0.0622637234628, "var": 0.232293277979, "min": 4.58592605591, "dmean": 0.172999203205, "mean": 7.09785556793, "max": 9.8040561676, "dmean2": 0.249389603734, "median": 7.16136312485, "dvar": 0.0322480201721}, "pitch_salience": {"dvar2": 0.0154884085059, "var": 0.0101078590378, "min": 0.00120328820776, "dmean": 0.0765137448907, "mean": 0.528105020523, "max": 0.826965332031, "dmean2": 0.127576440573, "median": 0.530732870102, "dvar": 0.00555941136554}, "erbbands_spread": {"dvar2": 119.835952759, "var": 218.067001343, "min": 2.36753869057, "dmean": 7.14284610748, "mean": 31.7414970398, "max": 172.222549438, "dmean2": 10.4277858734, "median": 29.7894458771, "dvar": 59.495098114}, "dynamic_complexity": 2.90436410904, "spectral_contrast_valleys": {"dvar2": [0.274096995592, 0.304072916508, 0.236492007971, 0.190125137568, 0.136454463005, 0.545579969883], "var": [1.84702968597, 1.90916097164, 1.80285942554, 1.81209981441, 1.88482427597, 2.27561330795], "min": [-27.6087589264, -27.2520141602, -27.709941864, -27.3224582672, -27.282957077, -27.2557601929], "dmean": [0.383611470461, 0.387995809317, 0.34503442049, 0.311612665653, 0.264792472124, 0.60413980484], "mean": [-6.76167345047, -6.91419458389, -7.49936485291, -7.82981157303, -8.03560066223, -12.0756397247], "max": [-5.12929916382, -4.99795150757, -5.30165100098, -5.95009946823, -5.87732887268, -8.15874958038], "dmean2": [0.633220672607, 0.613156676292, 0.540342628956, 0.473005890846, 0.359953373671, 0.793401181698], "median": [-6.50449705124, -6.68648910522, -7.26298141479, -7.57473993301, -7.73369789124, -11.9408540726], "dvar": [0.11667662859, 0.132578164339, 0.106651194394, 0.0947054773569, 0.0828948989511, 0.323666632175]}, "hfc": {"dvar2": 48.6244926453, "var": 123.603057861, "min": 1.21180887713e-16, "dmean": 4.28338766098, "mean": 17.9718723297, "max": 68.7348937988, "dmean2": 6.1669421196, "median": 16.879776001, "dvar": 24.4746665955}, "spectral_kurtosis": {"dvar2": 154.087387085, "var": 177.704849243, "min": -1.188367486, "dmean": 4.50970172882, "mean": 10.0550060272, "max": 237.893203735, "dmean2": 7.40903568268, "median": 7.29834890366, "dvar": 64.5170211792}, "mfcc": {"mean": [-682.284423828, 178.333572388, -23.6764183044, 39.8216705322, 14.3624515533, 11.4902982712, 3.54986667633, 3.4274969101, 7.59437608719, -3.03388619423, 2.70570707321, -7.88804626465, -2.9501183033], "cov": [[9162.68457031, 560.069152832, -943.131469727, 349.390045166, -215.550201416, 37.357711792, -68.1170578003, -84.7603530884, 122.125831604, -55.1701545715, 112.133460999, -107.190498352, -66.3879699707], [560.069152832, 1757.73742676, -478.820129395, 134.431488037, -14.9949703217, -19.0580940247, -17.4265861511, -3.37497878075, 6.22498369217, -21.11236763, 7.31945133209, -20.013381958, 15.2487392426], [-943.131469727, -478.820129395, 1050.91491699, -175.254943848, 136.126251221, -24.706243515, 19.562746048, -46.0884819031, -32.7957572937, -31.0221920013, -56.4523391724, 18.1679916382, -1.50857448578], [349.390045166, 134.431488037, -175.254943848, 387.736846924, -50.0257377625, 12.7263851166, -109.995185852, 48.8625717163, 10.9769229889, -21.2115135193, 4.3391661644, -16.0381221771, 41.7245750427], [-215.550201416, -14.9949703217, 136.126251221, -50.0257377625, 304.160247803, -36.7699127197, 34.9340324402, -38.7486534119, -3.57468771935, 6.05438327789, -6.66057252884, 5.88204622269, -13.3668079376], [37.357711792, -19.0580940247, -24.706243515, 12.7263851166, -36.7699127197, 213.61340332, 47.4625282288, 26.2676525116, -40.2887916565, -7.08867359161, 10.1792554855, -14.5558462143, -16.2674121857], [-68.1170578003, -17.4265861511, 19.562746048, -109.995185852, 34.9340324402, 47.4625282288, 227.851745605, 21.6255912781, -17.7836036682, -40.1695594788, 8.12337303162, 2.07351946831, -25.1246490479], [-84.7603530884, -3.37497878075, -46.0884819031, 48.8625717163, -38.7486534119, 26.2676525116, 21.6255912781, 133.564529419, 11.0646381378, -8.66390800476, -20.7555541992, -1.32751822472, 2.12624907494], [122.125831604, 6.22498369217, -32.7957572937, 10.9769229889, -3.57468771935, -40.2887916565, -17.7836036682, 11.0646381378, 146.112686157, 29.2433338165, 4.70287466049, -12.0137090683, -2.67741537094], [-55.1701545715, -21.11236763, -31.0221920013, -21.2115135193, 6.05438327789, -7.08867359161, -40.1695594788, -8.66390800476, 29.2433338165, 115.106185913, 15.5099945068, 7.10861825943, -17.1402549744], [112.133460999, 7.31945133209, -56.4523391724, 4.3391661644, -6.66057252884, 10.1792554855, 8.12337303162, -20.7555541992, 4.70287466049, 15.5099945068, 95.3491744995, 18.6593971252, 4.37725019455], [-107.190498352, -20.013381958, 18.1679916382, -16.0381221771, 5.88204622269, -14.5558462143, 2.07351946831, -1.32751822472, -12.0137090683, 7.10861825943, 18.6593971252, 87.194694519, 12.0870838165], [-66.3879699707, 15.2487392426, -1.50857448578, 41.7245750427, -13.3668079376, -16.2674121857, -25.1246490479, 2.12624907494, -2.67741537094, -17.1402549744, 4.37725019455, 12.0870838165, 93.9051818848]], "icov": [[0.000131097622216, -6.58030876366e-06, 9.42591505009e-05, -8.69085197337e-05, 5.42915986443e-05, -1.29832023958e-05, 2.00128965844e-06, 0.00016724433226, -0.00011041523976, 0.000138098796015, -9.4745439128e-05, 9.36311625992e-05, 0.000150531239342], [-6.58030876366e-06, 0.000667208631057, 0.000313228258165, -0.000112126217573, -0.000101882309536, 7.70925908e-05, -2.76781356661e-05, 0.000151541957166, 2.69065585599e-05, 0.000159079616424, 0.000132192115416, 5.16866857652e-05, -5.31390724063e-05], [9.42591505009e-05, 0.000313228258165, 0.00137255224399, 0.000426986865932, -0.000452145381132, -6.2276434619e-05, 0.000269159325399, 0.000358330871677, 3.73467810277e-06, 0.000608875823673, 0.000626251159701, -0.00017555175873, -5.84968547628e-05], [-8.69085197337e-05, -0.000112126217573, 0.000426986865932, 0.00394514016807, -0.000240766152274, -0.000511260179337, 0.00226288451813, -0.00166565133259, -9.50688117882e-05, 0.00134004710708, -0.000597533769906, 0.000508951314259, -0.00106475932989], [5.42915986443e-05, -0.000101882309536, -0.000452145381132, -0.000240766152274, 0.00385736348107, 0.000694695278071, -0.000963665370364, 0.00109759473708, 6.5013555286e-05, -0.000557653082069, 0.000286382448394, -7.89509504102e-05, 0.000438252143795], [-1.29832023958e-05, 7.70925908e-05, -6.2276434619e-05, -0.000511260179337, 0.000694695278071, 0.00574363861233, -0.00131502223667, -0.0008879226516, 0.00180673773866, -0.000605298264418, -0.000918937148526, 0.0012355967192, 0.000791428319644], [2.00128965844e-06, -2.76781356661e-05, 0.000269159325399, 0.00226288451813, -0.000963665370364, -0.00131502223667, 0.00676278676838, -0.00187818275299, -8.65675101522e-05, 0.0030559678562, -0.00137881108094, -0.00010970227595, 0.0011254515266], [0.00016724433226, 0.000151541957166, 0.000358330871677, -0.00166565133259, 0.00109759473708, -0.0008879226516, -0.00187818275299, 0.00964353792369, -0.00125594926067, -0.000133768437081, 0.00277452007867, -0.000934489245992, 5.17564294569e-05], [-0.00011041523976, 2.69065585599e-05, 3.73467810277e-06, -9.50688117882e-05, 6.5013555286e-05, 0.00180673773866, -8.65675101522e-05, -0.00125594926067, 0.00810927804559, -0.00215474469587, -0.00067586946534, 0.00157632364426, -4.60934716102e-05], [0.000138098796015, 0.000159079616424, 0.000608875823673, 0.00134004710708, -0.000557653082069, -0.000605298264418, 0.0030559678562, -0.000133768437081, -0.00215474469587, 0.0114461574703, -0.00181074091233, -0.000982099911198, 0.00236120680347], [-9.4745439128e-05, 0.000132192115416, 0.000626251159701, -0.000597533769906, 0.000286382448394, -0.000918937148526, -0.00137881108094, 0.00277452007867, -0.00067586946534, -0.00181074091233, 0.0127793354914, -0.00297617004253, -0.00092542899074], [9.36311625992e-05, 5.16866857652e-05, -0.00017555175873, 0.000508951314259, -7.89509504102e-05, 0.0012355967192, -0.00010970227595, -0.000934489245992, 0.00157632364426, -0.000982099911198, -0.00297617004253, 0.013089553453, -0.00165696360637], [0.000150531239342, -5.31390724063e-05, -5.84968547628e-05, -0.00106475932989, 0.000438252143795, 0.000791428319644, 0.0011254515266, 5.17564294569e-05, -4.60934716102e-05, 0.00236120680347, -0.00092542899074, -0.00165696360637, 0.0124217653647]]}, "silence_rate_20dB": {"dvar2": 0, "var": 0, "min": 1, "dmean": 0, "mean": 1, "max": 1, "dmean2": 0, "median": 1, "dvar": 0}, "melbands_kurtosis": {"dvar2": 767992.75, "var": 474889.15625, "min": -1.80369067192, "dmean": 27.2424697876, "mean": 35.1497879028, "max": 36530.9296875, "dmean2": 41.2872543335, "median": 7.40998744965, "dvar": 356240.6875}, "barkbands_spread": {"dvar2": 62.0631752014, "var": 161.886520386, "min": 0.0313125513494, "dmean": 4.19085550308, "mean": 16.7781200409, "max": 150.197631836, "dmean2": 6.37397527695, "median": 15.3836193085, "dvar": 29.463432312}, "erbbands_skewness": {"dvar2": 0.336645543575, "var": 0.827605783939, "min": -4.58836221695, "dmean": 0.412252664566, "mean": -0.0225395672023, "max": 5.04213953018, "dmean2": 0.622642576694, "median": -0.0680605992675, "dvar": 0.1590526402}, "average_loudness": 0.964638352394, "spectral_centroid": {"dvar2": 90614.75, "var": 301843.9375, "min": 115.296905518, "dmean": 187.486526489, "mean": 933.470275879, "max": 10881.8330078, "dmean2": 273.622192383, "median": 861.590881348, "dvar": 46597.2851563}, "dissonance": {"dvar2": 0.00113749527372, "var": 0.00102585146669, "min": 0.21925508976, "dmean": 0.0213659480214, "mean": 0.456887900829, "max": 0.500000178814, "dmean2": 0.0358295552433, "median": 0.464072436094, "dvar": 0.000429766136222}, "erbbands_flatness_db": {"dvar2": 0.000837924308144, "var": 0.00308417086489, "min": 0.0285756308585, "dmean": 0.0250511839986, "mean": 0.204087749124, "max": 0.412371784449, "dmean2": 0.0307902134955, "median": 0.206139028072, "dvar": 0.000558623753022}, "spectral_strongpeak": {"dvar2": 1.85270810127, "var": 0.907105386257, "min": 0, "dmean": 0.516591727734, "mean": 0.81475931406, "max": 8.5109128952, "dmean2": 0.902699172497, "median": 0.481774806976, "dvar": 0.705821275711}, "spectral_rms": {"dvar2": 3.54085750587e-06, "var": 4.64942695544e-06, "min": 3.20431875478e-12, "dmean": 0.00104779179674, "mean": 0.00584956724197, "max": 0.014487282373, "dmean2": 0.00159218674526, "median": 0.00585667649284, "dvar": 1.67417226749e-06}, "silence_rate_60dB": {"dvar2": 0.00768982013687, "var": 0.0419528707862, "min": 0, "dmean": 0.00375498714857, "mean": 0.0438812635839, "max": 1, "dmean2": 0.00751085532829, "median": 0, "dvar": 0.00374026154168}, "melbands": {"dvar2": [5.93100321566e-06, 5.049110041e-05, 4.44496181444e-05, 5.57417934033e-06, 1.07962534912e-06, 5.52225571937e-07, 3.58859978178e-07, 3.67308501836e-07, 2.36185087488e-07, 1.31517737145e-07, 9.59207469009e-08, 5.80661279059e-08, 3.59803635774e-08, 1.54783563744e-08, 1.79942976075e-08, 1.13042215588e-08, 2.37282087312e-08, 1.68483769158e-08, 7.53306039769e-09, 2.49195264423e-09, 2.24871610222e-09, 1.56032387011e-09, 8.97691143642e-10, 2.68346539434e-10, 5.009019588e-11, 6.63264443368e-11, 3.18906637209e-11, 1.09485831859e-11, 6.68358467529e-12, 6.5229609908e-12, 1.23659589513e-11, 5.4866948658e-12, 2.55045160338e-12, 1.55196970726e-12, 6.66900291501e-13, 1.14315436457e-12, 2.70697553999e-13, 4.69422081501e-13, 7.90341316698e-13, 1.87397979079e-11], "var": [3.19095101986e-06, 2.064540422e-05, 1.74757078639e-05, 4.54831388197e-06, 6.7568760187e-07, 2.62155623432e-07, 3.88070731105e-07, 4.07797784874e-07, 2.01576639824e-07, 1.10863432212e-07, 9.35136625912e-08, 5.29144834616e-08, 5.86491815113e-08, 1.78661867523e-08, 1.95699154659e-08, 1.17636940189e-08, 2.8213133163e-08, 1.94706899492e-08, 1.09368114565e-08, 2.