{"tonal": {"thpcp": [1, 0.51381701231, 0.179285392165, 0.112407267094, 0.120214559138, 0.179894223809, 0.230709075928, 0.246577605605, 0.381915360689, 0.501124918461, 0.33879378438, 0.149671524763, 0.101564660668, 0.129733875394, 0.23399142921, 0.268562555313, 0.186683788896, 0.122311905026, 0.108880423009, 0.163979977369, 0.387464731932, 0.509320676327, 0.323788315058, 0.286787688732, 0.394833475351, 0.262196570635, 0.10604031384, 0.087109349668, 0.102262750268, 0.165639415383, 0.20987303555, 0.167883053422, 0.131477475166, 0.14638864994, 0.33160623908, 0.855980753899], "hpcp": {"dmean2": [0.082832865417, 0.093761600554, 0.1147775352, 0.131084680557, 0.132617071271, 0.129051610827, 0.143331572413, 0.221972540021, 0.327758669853, 0.334802120924, 0.285480976105, 0.154487043619, 0.110149919987, 0.115420252085, 0.153850197792, 0.178906217217, 0.195176675916, 0.235639825463, 0.256777048111, 0.21669395268, 0.138607501984, 0.0976385697722, 0.126106157899, 0.170340433717, 0.158851087093, 0.144764333963, 0.121404521167, 0.112499006093, 0.151394069195, 0.227605864406, 0.240673780441, 0.203179180622, 0.182539924979, 0.18930529058, 0.157477959991, 0.100355282426], "median": [0.0078305080533, 0.0115763656795, 0.0184109285474, 0.0184865668416, 0.0137117533013, 0.0112680597231, 0.0133166238666, 0.0481142140925, 0.210555568337, 0.290244877338, 0.0964376330376, 0.0185667071491, 0.0102259963751, 0.00987768359482, 0.0169556848705, 0.0227950029075, 0.0265590697527, 0.0507805533707, 0.053603745997, 0.0343897491693, 0.0194327868521, 0.0123329143971, 0.011435222812, 0.0161940213293, 0.018924638629, 0.0148842632771, 0.00946340709925, 0.00717810960487, 0.0172707196325, 0.0583705157042, 0.0740445628762, 0.0411494076252, 0.018979433924, 0.0109090376645, 0.0128793315962, 0.00984269287437], "min": [0, 0, 0, 0, 0, 0, 0, 0, 0, 0, 0, 0, 0, 0, 0, 0, 0, 0, 0, 0, 0, 0, 0, 0, 0, 0, 0, 0, 0, 0, 0, 0, 0, 0, 0, 0], "dvar2": [0.0463377796113, 0.0526712499559, 0.0556612610817, 0.0648976415396, 0.0751325041056, 0.0828720927238, 0.0866216123104, 0.101130224764, 0.146435022354, 0.138853654265, 0.117329098284, 0.0817341580987, 0.0634670257568, 0.0673121362925, 0.0967861637473, 0.10698274523, 0.105003781617, 0.106060229242, 0.125464484096, 0.101503610611, 0.0722837373614, 0.0558557361364, 0.0722032114863, 0.0978390797973, 0.0888242125511, 0.0843778401613, 0.079712562263, 0.071308195591, 0.0869199261069, 0.116444118321, 0.120780132711, 0.0933024212718, 0.0949929282069, 0.111988984048, 0.0888000354171, 0.0523234345019], "dvar": [0.0157943330705, 0.0180185809731, 0.0205341111869, 0.0256638173014, 0.0270677413791, 0.0289476662874, 0.0308903586119, 0.0370300151408, 0.0598442815244, 0.0635754317045, 0.0472147390246, 0.0295051541179, 0.0223843231797, 0.0242819730192, 0.0353552177548, 0.0391429774463, 0.0383429601789, 0.0416547842324, 0.0540639348328, 0.039535433054, 0.0257429759949, 0.0196354426444, 0.0257680173963, 0.0361842177808, 0.0344880893826, 0.0306285191327, 0.0286870580167, 0.0256325230002, 0.0311490856111, 0.0432405807078, 0.0487493425608, 0.0346241779625, 0.0354799740016, 0.0462360754609, 0.0338289104402, 0.0178768970072], "dmean": [0.04488511011, 0.0513642765582, 0.0655263662338, 0.0763833001256, 0.0747453197837, 0.0704432353377, 0.0781628340483, 0.127930387855, 0.193802461028, 0.202435195446, 0.169760912657, 0.0876733362675, 0.0608629472554, 0.0640825778246, 0.0858508348465, 0.100617468357, 0.110779412091, 0.1381290555, 0.153307035565, 0.126915201545, 0.0764726921916, 0.0535934716463, 0.0697222203016, 0.0960208401084, 0.0911471322179, 0.0813865214586, 0.0663195773959, 0.0614889115095, 0.0841664522886, 0.131135031581, 0.140329018235, 0.117728315294, 0.105737239122, 0.109549753368, 0.0916907936335, 0.054869055748], "max": [1, 1, 1, 1, 1, 1, 1, 1, 1, 1, 1, 1, 1, 1, 1, 1, 1, 1, 1, 1, 1, 1, 1, 1, 1, 1, 1, 1, 1, 1, 1, 1, 1, 1, 1, 1], "var": [0.0106942225248, 0.0125792492181, 0.0236494094133, 0.0359373763204, 0.0256400108337, 0.0201199576259, 0.0223974492401, 0.0415200516582, 0.136899292469, 0.1531804353, 0.0718300640583, 0.024377707392, 0.0154802156612, 0.0178127493709, 0.0306318514049, 0.0376565046608, 0.0388000681996, 0.059598300606, 0.0996453687549, 0.0544271990657, 0.019461337477, 0.0129107637331, 0.0182474404573, 0.041727386415, 0.0548576898873, 0.0306716002524, 0.0211277119815, 0.0182270277292, 0.0243208464235, 0.0602228231728, 0.0955015420914, 0.0460566394031, 0.0485636666417, 0.0974882170558, 0.0489735193551, 0.0120828635991], "mean": [0.0372708700597, 0.0437544509768, 0.0708709806204, 0.0897969156504, 0.0718309506774, 0.056254349649, 0.0626342892647, 0.141882047057, 0.366242527962, 0.427863031626, 0.219843313098, 0.0767095908523, 0.0480949133635, 0.0514353662729, 0.0769700855017, 0.0987118855119, 0.105501443148, 0.163407459855, 0.214412823319, 0.144957333803, 0.0640389099717, 0.0434557646513, 0.0555083267391, 0.100116282701, 0.114907987416, 0.0798750892282, 0.0523327440023, 0.046585906297, 0.0701609700918, 0.165781840682, 0.217919498682, 0.138537049294, 0.122705847025, 0.168934643269, 0.112184219062, 0.0453707315028]}, "tuning_equal_tempered_deviation": 0.0472084134817, "chords_changes_rate": 0.053486905992, "key_key": "C", "tuning_diatonic_strength": 0.655163288116, "key_scale": "minor", "chords_number_rate": 0.00142000627238, "tuning_frequency": 444.085327148, "tuning_nontempered_energy_ratio": 0.762624323368, "chords_histogram": [45.3770904541, 0.0315556973219, 0.17355632782, 0.489113271236, 0, 1.62511837482, 0, 1.49889552593, 1.38845062256, 4.93846654892, 11.1549386978, 0.0157778486609, 0, 0.18933416903, 0, 1.56200695038, 0.85200381279, 0.662669599056, 0, 0, 0, 0.0946670845151, 7.44714403152, 22.4992103577], "key_strength": 0.767286837101, "chords_key": "C", "chords_strength": {"dmean2": 0.00930763036013, "median": 0.58893597126, "min": -1, "dvar2": 0.000589117698837, "dvar": 0.000361470301868, "dmean": 0.00917925685644, "max": 0.835116326809, "var": 0.0128360046074, "mean": 0.583507657051}, "chords_scale": "minor", "hpcp_entropy": {"dmean2": 1.16700553894, "median": 1.73413348198, "min": 0, "dvar2": 0.921384632587, "dvar": 0.362416565418, "dmean": 0.704598546028, "max": 4.49233531952, "var": 0.700869739056, "mean": 1.72816479206}}, "metadata": {"audio_properties": {"equal_loudness": 0, "codec": "mp3", "downmix": "mix", "sample_rate": 44100, "analysis_sample_rate": 44100, "bit_rate": 320000, "md5_encoded": "69388cc285ca555b78094cf493a9a0d5", "length": 294.269378662, "replay_gain": -6.86504173279, "lossless": false}, "version": {"essentia_build_sha": "70f2e5ece6736b2c40cc944ad0e695b16b925413", "essentia": "2.1-beta2", "extractor": "music 1.0", "essentia_git_sha": "v2.1_beta2"}, "tags": {"title": ["Sweet Dreams"], "artist": ["Eurythmics"], "albumartist": ["Eurythmics"], "date": ["1991"], "genre": ["Rock"], "length": ["294269"], "album": ["Eurythmics - Greatest Hits"], "tracknumber": ["2"], "musicbrainz_recordingid": ["0bdbd054-3be2-48a4-81e5-7dc8eb6b85d3"], "file_name": "76373.mp3"}}, "rhythm": {"bpm_histogram_first_peak_bpm": {"dmean2": 0, "median": 126, "min": 126, "dvar2": 0, "dvar": 0, "dmean": 0, "max": 126, "var": 0, "mean": 126}, "bpm": 126.025505066, "bpm_histogram_second_peak_spread": {"dmean2": 0, "median": 0.333333313465, "min": 0.333333313465, "dvar2": 0, "dvar": 0, "dmean": 0, "max": 0.333333313465, "var": 0, "mean": 0.333333313465}, "bpm_histogram_first_peak_weight": {"dmean2": 0, "median": 0.759740233421, "min": 0.759740233421, "dvar2": 0, "dvar": 0, "dmean": 0, "max": 0.759740233421, "var": 0, "mean": 0.759740233421}, "onset_rate": 3.37762403488, "beats_position": [0.429569154978, 0.882358253002, 1.3235373497, 1.77632653713, 2.2523355484, 2.71673464775, 3.20435357094, 3.68036270142, 4.15637159348, 4.63238096237, 5.10838985443, 5.58439922333, 6.06040811539, 6.53641700745, 7.01242637634, 7.4884352684, 7.96444416046, 8.45206356049, 8.91646194458, 9.39247131348, 9.86848068237, 10.3560991287, 10.8321084976, 11.3081178665, 11.7725172043, 12.2601356506, 12.7361450195, 13.2121543884, 13.6881628036, 14.1641721725, 14.6401815414, 15.1161899567, 15.5921993256, 16.0682086945, 16.5442180634, 17.0202255249, 17.4962348938, 17.9722442627, 18.4598636627, 18.9358730316, 19.4118824005, 19.8878898621, 20.363899231, 20.8282985687, 21.3159179688, 21.7919273376, 22.2679367065, 22.7323360443, 23.219953537, 23.6959629059, 24.1719722748, 24.6479816437, 25.1239910126, 25.6000003815, 26.076007843, 26.5520172119, 27.0280265808, 27.5040359497, 27.9800453186, 28.4444446564, 28.932062149, 29.3964614868, 29.8724708557, 30.3484802246, 30.8244895935, 31.3004989624, 31.776506424, 32.2525177002, 32.7401351929, 33.2161445618, 33.6921539307, 34.1681632996, 34.6441726685, 35.1085700989, 35.5961914062, 36.0722007751, 36.5482063293, 37.0242156982, 37.5002250671, 37.976234436, 38.4522438049, 38.9282531738, 39.4042625427, 39.8802719116, 40.3562812805, 40.8322906494, 41.3083000183, 41.7843093872, 42.2603149414, 42.7247161865, 43.2123336792, 43.6883430481, 44.164352417, 44.6403617859, 45.1163711548, 45.5923805237, 46.0683898926, 46.5443992615, 47.0320167542, 47.508026123, 47.9840354919, 48.4600448608, 48.9244422913, 49.4004516602, 49.8764610291, 50.3640823364, 50.8400878906, 51.3160972595, 51.7921066284, 52.2681159973, 52.7441253662, 53.2201347351, 53.696144104, 54.1721534729, 54.6481628418, 55.1241722107, 55.5885696411, 56.0761909485, 56.5522003174, 57.0282058716, 57.5042152405, 57.9802246094, 58.4562339783, 58.9322433472, 59.4082527161, 59.884262085, 60.3602714539, 60.8362808228, 61.3238983154, 61.7882995605, 62.2759170532, 62.7403144836, 63.2163238525, 63.6923332214, 64.1683425903, 64.6443557739, 65.1319732666, 65.5963668823, 66.0839920044, 66.5483856201, 67.0360107422, 67.5004043579, 67.98802948, 68.4524230957, 68.9400405884, 69.416053772, 69.8920593262, 70.3564605713, 70.8324737549, 71.3084793091, 71.7844848633, 72.2604980469, 72.7481155396, 73.2241287231, 73.7001342773, 74.1761474609, 74.6521530151, 75.1281585693, 75.6041717529, 76.0801773071, 76.5561904907, 77.0321960449, 77.5082092285, 77.9842147827, 78.4602279663, 78.9362335205, 79.4122467041, 79.8882522583, 80.3642578125, 80.8402709961, 81.3162765503, 81.7806777954, 82.256690979, 82.7326965332, 83.2087097168, 83.684715271, 84.1607208252, 84.6367340088, 85.1243515015, 85.6003646851, 86.0763702393, 86.5523757935, 87.0283889771, 87.5043945312, 87.9804077148, 88.44480896, 88.9324264526, 89.4084320068, 89.8844451904, 90.3604507446, 90.8364639282, 91.3124694824, 91.788482666, 92.2644882202, 92.7404937744, 93.216506958, 93.6925125122, 94.1685256958, 94.64453125, 95.1205444336, 95.5965499878, 96.0725631714, 96.5485687256, 97.0245819092, 97.5005874634, 97.976600647, 98.4526062012, 98.9286117554, 99.404624939, 99.8806304932, 100.356643677, 100.832649231, 101.308662415, 101.784667969, 102.260681152, 102.736686707, 103.21269989, 103.700317383, 104.176322937, 104.652336121, 105.116729736, 105.581130981, 106.068748474, 106.556373596, 107.020767212, 107.496780396, 107.97278595, 108.448799133, 108.924804688, 109.41242218, 109.888435364, 110.364440918, 110.840454102, 111.316459656, 111.792472839, 112.268478394, 112.744483948, 113.220497131, 113.696502686, 114.172515869, 114.636917114, 115.10131073, 115.588935852, 116.076553345, 116.552558899, 117.028572083, 117.504577637, 117.98059082, 118.456596375, 118.932601929, 119.420227051, 119.884620667, 120.36063385, 120.836639404, 121.324264526, 121.800270081, 122.276275635, 122.74067688, 123.228294373, 123.692695618, 124.168708801, 124.644714355, 125.12071991, 125.596733093, 126.072738647, 126.548751831, 127.036369324, 127.512374878, 127.988388062, 128.452789307, 128.92880249, 129.404800415, 129.880813599, 130.356826782, 130.844436646, 131.320449829, 131.796463013, 132.272476196, 132.748474121, 133.212875366, 133.68888855, 134.164901733, 134.652511597, 135.116912842, 135.592926025, 136.068939209, 136.556549072, 137.020950317, 137.496963501, 137.972961426, 138.448974609, 138.924987793, 139.412597656, 139.88861084, 140.364624023, 140.840637207, 141.316635132, 141.781036377, 142.268661499, 142.744674683, 143.220672607, 143.696685791, 144.172698975, 144.63710022, 145.113098145, 145.589111328, 146.07673645, 146.541137695, 147.01713562, 147.493148804, 147.980773926, 148.456771851, 148.932785034, 149.397186279, 149.873199463, 150.349197388, 150.825210571, 151.301223755, 151.777236938, 152.253234863, 152.729248047, 153.20526123, 153.692871094, 154.168884277, 154.644897461, 155.109298706, 155.585296631, 156.061309814, 156.537322998, 157.013336182, 157.500946045, 157.96534729, 158.441360474, 158.917373657, 159.404983521, 159.880996704, 160.357009888, 160.821395874, 161.309020996, 161.773422241, 162.249435425, 162.72543335, 163.213058472, 163.689071655, 164.16506958, 164.629470825, 165.117095947, 165.593109131, 166.069107056, 166.545120239, 167.021133423, 167.497146606, 167.973144531, 168.437545776, 168.925170898, 169.401168823, 169.877182007, 170.35319519, 170.829208374, 171.305206299, 171.781219482, 172.245620728, 172.73324585, 173.209243774, 173.685256958, 174.161270142, 174.637283325, 175.11328125, 175.589294434, 176.065307617, 176.541305542, 177.017318726, 177.493331909, 177.969345093, 178.445343018, 178.921356201, 179.397369385, 179.884979248, 180.360992432, 180.837005615, 181.313018799, 181.789016724, 182.265029907, 182.741043091, 183.217056274, 183.693054199, 184.169067383, 184.645080566, 185.121078491, 185.597091675, 186.073104858, 186.549118042, 187.025115967, 187.50112915, 187.977142334, 188.453155518, 188.929153442, 189.405166626, 189.88117981, 190.357177734, 190.833190918, 191.309204102, 191.785217285, 192.26121521, 192.737228394, 193.213241577, 193.689254761, 194.165252686, 194.652877808, 195.117279053, 195.593276978, 196.069290161, 196.545303345, 197.021316528, 197.497314453, 197.973327637, 198.460952759, 198.925354004, 199.401351929, 199.877365112, 200.364990234, 200.829391479, 201.317001343, 201.793014526, 202.26902771, 202.733413696, 203.221038818, 203.685440063, 204.161453247, 204.637451172, 205.125076294, 205.601089478, 206.077087402, 206.541488647, 207.017501831, 207.493515015, 207.981124878, 208.445526123, 208.933151245, 209.39755249, 209.873550415, 210.349563599, 210.837188721, 211.301589966, 211.777587891, 212.253601074, 212.741226196, 213.217224121, 213.693237305, 214.169250488, 214.645263672, 215.121261597, 215.59727478, 216.061676025, 216.549285889, 217.025299072, 217.501312256, 217.977325439, 218.453323364, 218.929336548, 219.405349731, 219.881362915, 220.35736084, 220.821762085, 221.309387207, 221.773788452, 222.261398315, 222.737411499, 223.213424683, 223.689422607, 224.165435791, 224.641448975, 225.117462158, 225.581848145, 226.069473267, 226.54548645, 227.021499634, 227.48588562, 227.973510742, 228.449523926, 228.925521851, 229.401535034, 229.877548218, 230.353561401, 230.829559326, 231.30557251, 231.781585693, 232.257598877, 232.733596802, 233.209609985, 233.685623169, 234.161621094, 234.637634277, 235.113647461, 235.589660645, 236.065658569, 236.541671753, 237.017684937, 237.49369812, 237.969696045, 238.445709229, 238.921722412, 239.397735596, 239.873733521, 240.349746704, 240.825759888, 241.301757812, 241.777770996, 242.25378418, 242.729797363, 243.205795288, 243.681808472, 244.157821655, 244.633834839, 245.109832764, 245.585845947, 246.061859131, 246.537857056, 247.013870239, 247.489883423, 247.965896606, 248.430297852, 248.917907715, 249.38230896, 249.858322144, 250.334320068, 250.82194519, 251.297958374, 251.773956299, 252.249969482, 252.725982666, 253.20199585, 253.677993774, 254.154006958, 254.630020142, 255.094421387, 255.58203125, 256.046447754, 256.534057617, 257.010070801, 257.486083984, 257.96206665, 258.438079834, 258.914093018, 259.390106201, 259.866119385, 260.342132568, 260.818145752, 261.294158936, 261.770141602, 262.246154785, 262.722167969, 263.198181152, 263.674194336, 264.15020752, 264.626220703, 265.102203369, 265.578216553, 266.054229736, 266.53024292, 267.006256104, 267.482269287, 267.958282471, 268.434295654, 268.91027832, 269.386291504, 269.862304688, 270.338317871, 270.814331055, 271.278717041, 271.766357422, 272.242340088, 272.718353271, 273.194366455, 273.670379639, 274.146392822, 274.622406006, 275.098419189, 275.574401855, 276.050415039, 276.526428223, 277.002441406, 277.47845459, 277.942840576, 278.430480957, 278.894866943, 279.382476807, 279.85848999, 280.334503174, 280.810516357, 281.286529541, 281.762542725, 282.238555908, 282.714538574, 283.190551758, 283.654968262, 284.142578125, 284.630187988, 285.117828369, 285.582214355, 286.046630859, 286.511016846, 286.998626709, 287.474639893, 287.950653076, 288.42666626, 288.902679443, 289.378692627, 289.854675293, 290.330688477, 290.80670166, 291.282714844, 291.758728027, 292.234741211, 292.710754395, 293.186737061, 293.697601318], "beats_loudness": {"dmean2": 0.0865748897195, "median": 0.0666989535093, "min": 0, "dvar2": 0.00791220832616, "dvar": 0.00278957700357, "dmean": 0.0481211021543, "max": 0.308810859919, "var": 0.00280839670449, "mean": 0.080694951117}, "danceability": 1.53092741966, "bpm_histogram_second_peak_weight": {"dmean2": 0, "median": 0.00324675324373, "min": 0.00324675324373, "dvar2": 0, "dvar": 0, "dmean": 0, "max": 0.00324675324373, "var": 0, "mean": 0.00324675324373}, "beats_count": 617, "bpm_histogram_second_peak_bpm": {"dmean2": 0, "median": 133, "min": 133, "dvar2": 0, "dvar": 0, "dmean": 0, "max": 133, "var": 0, "mean": 133}, "bpm_histogram_first_peak_spread": {"dmean2": 0, "median": 0.235294103622, "min": 0.235294103622, "dvar2": 0, "dvar": 0, "dmean": 0, "max": 0.235294103622, "var": 0, "mean": 0.235294103622}, "beats_loudness_band_ratio": {"dmean2": [0.241741105914, 0.138561993837, 0.0643512457609, 0.0628644153476, 0.0690283030272, 0.072094656527], "median": [0.810822427273, 0.0717070251703, 0.0286641828716, 0.0202351789922, 0.0201372746378, 0.0249155480415], "min": [0, 0, 0, 0, 0, 0], "dvar2": [0.0441875346005, 0.0183818228543, 0.00448798993602, 0.00684461370111, 0.00548406876624, 0.00314616132528], "dvar": [0.015370817855, 0.0063098766841, 0.00176140922122, 0.00250757322647, 0.00198168144561, 0.000959656259511], "dmean": [0.13381305337, 0.0762362331152, 0.0371061898768, 0.0352985672653, 0.0372900143266, 0.0374424085021], "max": [0.995809018612, 0.71731621027, 0.443083494902, 0.400147378445, 0.401000976562, 0.202593535185], "var": [0.0248510912061, 0.00750010367483, 0.00229960982688, 0.00220878561959, 0.00192648451775, 0.00102802657057], "mean": [0.776922464371, 0.0955742970109, 0.045132253319, 0.0354669578373, 0.0356345511973, 0.0325279794633]}}, "lowlevel": {"barkbands_spread": {"dmean2": 10.0636672974, "median": 22.263086319, "min": 0.446738302708, "dvar2": 161.302902222, "dvar": 68.4902267456, "dmean": 6.60469865799, "max": 115.527366638, "var": 219.382232666, "mean": 24.1548671722}, "melbands_spread": {"dmean2": 13.0605573654, "median": 20.917673111, "min": 0.430734664202, "dvar2": 382.092041016, "dvar": 195.317855835, "dmean": 9.1114358902, "max": 256.467376709, "var": 710.73651123, "mean": 27.8639640808}, "hfc": {"dmean2": 8.0388469696, "median": 15.7375793457, "min": 1.06964577894e-16, "dvar2": 140.205429077, "dvar": 68.2903137207, "dmean": 5.74263048172, "max": 114.937240601, "var": 272.971282959, "mean": 19.1707649231}, "barkbands_kurtosis": {"dmean2": 8.16803836823, "median": 1.577085495, "min": -1.92927515507, "dvar2": 452.563293457, "dvar": 180.318817139, "dmean": 5.17225790024, "max": 305.289520264, "var": 276.14730835, "mean": 6.68896245956}, "gfcc": {"mean": [-25.1659450531, 83.000617981, -124.463691711, 45.7969017029, -63.4584236145, 8.62168502808, -38.3134994507, 0.961410343647, -25.5777111053, 1.87713861465, -11.6614961624, 2.99304175377, -10.7872524261], "icov": [[0.000128920379211, -0.000284427689621, 0.000265144044533, -0.000453968852526, 0.00031502704951, -0.000403131300118, 0.000308113259962, -0.000336814089678, 0.000379781908123, -0.000436781177996, 0.000366925552953, -0.000221815920668, 0.000189952930668], [-0.000284427689621, 0.0021450445056, -0.000874671735801, 0.000946260348428, -0.0013482531067, 0.00167969975155, -0.00131366180722, 0.00143205723725, -0.00138568039984, 0.00259980978444, -0.00298160174862, 0.00203861598857, -0.000157190079335], [0.000265144044533, -0.000874671735801, 0.0023920009844, -0.00157930725254, 0.000118878473586, -0.00169643945992, 0.00051853369223, 9.4654293207e-05, 4.28301427746e-05, -0.00117288588081, 0.00146996602416, -0.00219038850628, 0.00109801755752], [-0.000453968852526, 0.000946260348428, -0.00157930725254, 0.00612103985623, -0.00281402398832, 0.000872221426107, -0.000383022037568, 9.99903131742e-05, -0.00160503294319, 0.00177299045026, 6.32069568383e-05, 0.000591929710936, -0.00189701619092], [0.00031502704951, -0.0013482531067, 0.000118878473586, -0.00281402398832, 0.00627785315737, -0.00223568361253, -4.43992466899e-05, -0.00102585798595, -0.00126232358161, 0.00023435537878, 0.000672106805723, 0.00111521629151, -0.00113406544551], [-0.000403131300118, 0.00167969975155, -0.00169643945992, 0.000872221426107, -0.00223568361253, 0.00984908826649, -0.00504960212857, 0.000970160239376, 0.000576360849664, -0.00156851764768, 5.64699730603e-05, -0.000371169327991, 0.00235628639348], [0.000308113259962, -0.00131366180722, 0.00051853369223, -0.000383022037568, -4.43992466899e-05, -0.00504960212857, 0.00963646639138, -0.00483871018514, 0.00230453396216, -1.75756213139e-05, -0.00401551881805, 0.00416880147532, -0.000863478635438], [-0.000336814089678, 0.00143205723725, 9.4654293207e-05, 9.99903131742e-05, -0.00102585798595, 0.000970160239376, -0.00483871018514, 0.0148293934762, -0.00780616048723, 0.00032160669798, 0.00265507074073, -0.00288047757931, 0.0009388247272], [0.000379781908123, -0.00138568039984, 4.28301427746e-05, -0.00160503294319, -0.00126232358161, 0.000576360849664, 0.00230453396216, -0.00780616048723, 0.0154642080888, -0.00620838580653, -9.0065979748e-05, 0.00151582423132, -0.000668530177791], [-0.000436781177996, 0.00259980978444, -0.00117288588081, 0.00177299045026, 0.00023435537878, -0.00156851764768, -1.75756213139e-05, 0.00032160669798, -0.00620838580653, 0.0208625607193, -0.010451823473, 0.00185712520033, 0.000974176393356], [0.000366925552953, -0.00298160174862, 0.00146996602416, 6.32069568383e-05, 0.000672106805723, 5.64699730603e-05, -0.00401551881805, 0.00265507074073, -9.0065979748e-05, -0.010451823473, 0.0202247910202, -0.0119459591806, 0.00234773824923], [-0.000221815920668, 0.00203861598857, -0.00219038850628, 0.000591929710936, 0.00111521629151, -0.000371169327991, 0.00416880147532, -0.00288047757931, 0.00151582423132, 0.00185712520033, -0.0119459591806, 0.0217171348631, -0.00768858799711], [0.000189952930668, -0.000157190079335, 0.00109801755752, -0.00189701619092, -0.00113406544551, 0.00235628639348, -0.000863478635438, 0.0009388247272, -0.000668530177791, 0.000974176393356, 0.00234773824923, -0.00768858799711, 0.0163430087268]], "cov": [[17050.359375, 470.52142334, -892.186767578, 611.098693848, -403.099609375, 234.389511108, -247.660125732, 136.761871338, -229.257095337, 50.4883117676, -216.396453857, -46.2037200928, -148.517776489], [470.52142334, 1306.06323242, 244.170837402, 96.4351196289, 315.601043701, -0.330073416233, 214.553756714, -18.0183849335, 85.841506958, -58.3126220703, 112.933792114, -101.893226624, -20.9712028503], [-892.186767578, 244.170837402, 856.355163574, 228.735580444, 256.894744873, 161.215103149, 108.389892578, 40.6622428894, 92.915763855, 27.6824855804, 26.7815608978, 24.4150161743, -10.5028877258], [611.098693848, 96.4351196289, 228.735580444, 380.100280762, 215.837051392, 59.559928894, 33.764995575, 62.5419082642, 68.7409820557, -20.7094192505, -47.3066101074, -16.7355136871, 30.1274414062], [-403.099609375, 315.601043701, 256.894744873, 215.837051392, 421.167785645, 100.725753784, 138.710784912, 69.5600509644, 104.47076416, -15.6060619354, -1.95783984661, -53.0773468018, 14.0650062561], [234.389511108, -0.330073416233, 161.215103149, 59.559928894, 100.725753784, 240.386932373, 142.946685791, 47.2470359802, 19.7034339905, 45.7967262268, 23.3651981354, -11.9015893936, -40.3552017212], [-247.660125732, 214.553756714, 108.389892578, 33.764995575, 138.710784912, 142.946685791, 277.793579102, 67.3687591553, 41.9042816162, 28.5243358612, 62.4776916504, -42.4752006531, -27.5417881012], [136.761871338, -18.0183849335, 40.6622428894, 62.5419082642, 69.5600509644, 47.2470359802, 67.3687591553, 132.805664062, 71.4282302856, 22.3520374298, -4.20652866364, -2.63473582268, -2.33565282822], [-229.257095337, 85.841506958, 92.915763855, 68.7409820557, 104.47076416, 19.7034339905, 41.9042816162, 71.4282302856, 136.936447144, 33.5203056335, 18.5584335327, -6.76883459091, 5.49923563004], [50.4883117676, -58.3126220703, 27.6824855804, -20.7094192505, -15.6060619354, 45.7967262268, 28.5243358612, 22.3520374298, 33.5203056335, 102.102134705, 61.7673187256, 26.3441982269, -14.0684919357], [-216.396453857, 112.933792114, 26.7815608978, -47.3066101074, -1.95783984661, 23.3651981354, 62.4776916504, -4.20652866364, 18.5584335327, 61.7673187256, 143.136871338, 50.0080337524, -3.60955739021], [-46.2037200928, -101.893226624, 24.4150161743, -16.7355136871, -53.0773468018, -11.9015893936, -42.4752006531, -2.63473582268, -6.76883459091, 26.3441982269, 50.0080337524, 105.648338318, 32.5853996277], [-148.517776489, -20.9712028503, -10.5028877258, 30.1274414062, 14.0650062561, -40.3552017212, -27.5417881012, -2.33565282822, 5.49923563004, -14.0684919357, -3.60955739021, 32.5853996277, 89.3006439209]]}, "spectral_energyband_middle_low": {"dmean2": 0.00597440963611, "median": 0.00689435284585, "min": 1.69089419404e-22, "dvar2": 0.000208011246286, "dvar": 7.90826306911e-05, "dmean": 0.00408356916159, "max": 0.176937296987, "var": 0.000130818560137, "mean": 0.010049495846}, "melbands_crest": {"dmean2": 5.28596019745, "median": 14.9884414673, "min": 1.62065494061, "dvar2": 26.0720500946, "dvar": 11.3518648148, "dmean": 3.44745922089, "max": 32.4946937561, "var": 33.8024368286, "mean": 15.5492162704}, "spectral_kurtosis": {"dmean2": 1.90142786503, "median": 2.83588218689, "min": -1.25855994225, "dvar2": 4.02343273163, "dvar": 1.4719902277, "dmean": 1.11524438858, "max": 25.6927013397, "var": 3.25900244713, "mean": 3.12411284447}, "spectral_rms": {"dmean2": 0.00151822483167, "median": 0.00414925906807, "min": 3.11746136718e-12, "dvar2": 5.63753383176e-06, "dvar": 3.01382533507e-06, "dmean": 0.00121244124603, "max": 0.0187268685549, "var": 8.39956919663e-06, "mean": 0.00472399732098}, "zerocrossingrate": {"dmean2": 0.0124511523172, "median": 0.05322265625, "min": 0.0029296875, "dvar2": 0.000229596276768, "dvar": 0.000236748746829, "dmean": 0.0115762799978, "max": 0.52685546875, "var": 0.00265384861268, "mean": 0.0619212649763}, "silence_rate_60dB": {"dmean2": 0.0792235434055, "median": 0, "min": 0, "dvar2": 0.085262209177, "dvar": 0.0380313806236, "dmean": 0.0396086461842, "max": 1, "var": 0.0867429897189, "mean": 0.0959368869662}, "erbbands_kurtosis": {"dmean2": 1.27358388901, "median": -0.497790336609, "min": -1.84272432327, "dvar2": 4.9311208725, "dvar": 2.24031090736, "dmean": 0.816481292248, "max": 45.7637786865, "var": 6.0827293396, "mean": 0.152181938291}, "erbbands": {"dmean2": [0.20741827786, 4.442507267, 12.5764532089, 7.98598623276, 6.41990041733, 10.9432992935, 14.7657499313, 8.25205802917, 7.13668012619, 12.7558279037, 11.5895137787, 10.49933815, 11.6670341492, 7.52340984344, 19.0583934784, 20.1589622498, 13.9312067032, 23.083946228, 16.6799640656, 20.5255050659, 22.8086032867, 19.1808300018, 22.3101902008, 15.7384967804, 11.3271055222, 16.3653926849, 9.70313167572, 6.58462619781, 5.82024669647, 4.90105247498, 3.62318301201, 2.1557598114, 1.22957181931, 0.541849136353, 0.265739351511, 0.0938933491707, 0.0284363087267, 0.00411369651556, 9.4658411399e-05, 2.90493189823e-05], "median": [0.00665646838024, 0.153388530016, 0.789493024349, 1.06124866009, 1.72241210938, 5.03734254837, 10.7448358536, 5.85228490829, 4.56659984589, 5.28485393524, 5.48290538788, 3.79491615295, 5.13573122025, 4.20729446411, 8.08924770355, 8.07762813568, 6.98711442947, 7.78902959824, 6.51202774048, 7.37140417099, 7.08828687668, 8.11518383026, 9.93439388275, 10.2654104233, 8.6589345932, 10.0111637115, 7.70039367676, 3.95296120644, 3.15051531792, 2.84978294373, 1.79727709293, 0.87568461895, 0.39217492938, 0.131903231144, 0.0565717220306, 0.0202204398811, 0.00584177719429, 0.000850174110383, 3.66878412024e-05, 2.51258115895e-05], "min": [7.92494903421e-23, 5.59589148518e-22, 1.62738788719e-21, 5.40352827093e-21, 1.25900459678e-20, 3.06240034226e-20, 2.49469659434e-20, 1.40132292756e-19, 1.5442899812e-19, 2.2180917919e-19, 3.42248796028e-19, 4.80641049742e-19, 3.88167840728e-19, 7.7869490396e-19, 1.60816546264e-18, 1.54039455506e-18, 1.96131016604e-18, 1.37861022815e-18, 3.53224815842e-18, 3.19322156692e-18, 3.13748758481e-18, 4.49086570236e-18, 5.26385192272e-18, 6.31592598662e-18, 8.24063216978e-18, 9.56133851429e-18, 9.69788039082e-18, 1.12233478513e-17, 1.09801550969e-17, 1.23412369543e-17, 1.06357419052e-17, 1.1791926989e-17, 1.00322392021e-17, 8.91402915312e-18, 6.77092578154e-18, 4.39090092533e-18, 2.15146306564e-18, 9.57896552635e-19, 2.74271300083e-19, 2.7238253009e-20], "dvar2": [0.213643953204, 124.665290833, 1055.72875977, 597.320983887, 590.359802246, 837.078918457, 652.642822266, 265.664764404, 205.232009888, 1089.88476562, 1032.9420166, 830.363220215, 589.649902344, 229.154724121, 1868.56799316, 3029.58105469, 961.710876465, 3175.19897461, 1258.19628906, 1940.07983398, 2295.4987793, 1648.75195312, 1614.21276855, 593.340820312, 714.27355957, 934.458679199, 269.358947754, 201.281539917, 264.083892822, 131.832901001, 94.9760513306, 35.6531143188, 12.645152092, 3.21934556961, 0.883363544941, 0.11423292011, 0.00943217426538, 0.000166036727023, 7.30154710027e-08, 3.04426772679e-09], "dvar": [0.111148133874, 50.7179260254, 401.303527832, 203.03944397, 229.27394104, 343.355407715, 325.82901001, 121.842407227, 91.2450790405, 570.377990723, 444.118499756, 353.542358398, 252.593612671, 101.438812256, 821.658325195, 1330.32885742, 433.501312256, 1513.97521973, 531.032165527, 889.391662598, 952.626586914, 667.724304199, 656.097290039, 234.22215271, 312.410919189, 442.535583496, 120.473686218, 85.0224380493, 121.578414917, 62.7784996033, 41.8054885864, 15.2430458069, 5.79939174652, 1.56195795536, 0.3723051548, 0.0462529137731, 0.00385785684921, 6.78751748637e-05, 3.039687968e-08, 1.41198330805e-09], "dmean": [0.146367028356, 2.81145429611, 7.50141906738, 4.62149477005, 4.21864080429, 7.80789327621, 10.6891899109, 5.64038658142, 4.94029140472, 9.2794046402, 7.79888963699, 6.91140127182, 7.56613111496, 4.90289163589, 12.4341087341, 13.0604228973, 9.11338806152, 14.6633386612, 10.285235405, 12.8973970413, 13.8652496338, 11.9743375778, 13.537604332, 9.48627567291, 7.21356916428, 10.7527494431, 6.17479372025, 4.08597755432, 3.84073758125, 3.18073010445, 2.33421468735, 1.37981188297, 0.795766234398, 0.365026175976, 0.172069832683, 0.0605203919113, 0.0183372087777, 0.00262604444288, 6.25111060799e-05, 2.08030905924e-05], "max": [4.45852422714, 67.4930267334, 218.024795532, 241.406677246, 303.803405762, 465.633239746, 455.18170166, 310.173278809, 233.545791626, 660.372497559, 991.19152832, 431.404876709, 469.106567383, 420.68069458, 953.718566895, 1713.72033691, 581.26348877, 2531.37841797, 883.009887695, 861.120056152, 727.060668945, 692.246704102, 509.04598999, 250.460220337, 705.166809082, 543.590576172, 202.070373535, 253.929275513, 329.903533936, 188.636047363, 159.099258423, 80.9766082764, 61.8229789734, 29.8903961182, 13.2795658112, 6.81209850311, 2.00539708138, 0.226769581437, 0.00441532116383, 0.000393230031477], "var": [0.195540323853, 50.9299812317, 325.272827148, 152.627380371, 265.168670654, 777.437133789, 1175.60009766, 425.856872559, 317.702087402, 2117.52416992, 839.963134766, 754.814941406, 729.901245117, 278.605438232, 1955.21936035, 5258.13720703, 1117.99829102, 4846.35058594, 1756.98681641, 1803.96704102, 2253.38330078, 2606.17431641, 1603.8996582, 463.910461426, 696.245178223, 1616.84082031, 394.388641357, 170.093338013, 292.645507812, 160.26348877, 76.4653091431, 28.1774158478, 11.9264259338, 3.32178711891, 0.558404028416, 0.0642376467586, 0.00470236223191, 7.91495767771e-05, 3.90256751359e-08, 2.32331220928e-09], "mean": [0.194809094071, 2.84855437279, 6.72693109512, 4.81608295441, 6.40667581558, 15.2429561615, 23.4266223907, 12.7119979858, 11.1920442581, 19.2153224945, 14.9759464264, 12.8414621353, 13.981590271, 9.41916751862, 21.4847946167, 26.9666805267, 16.9384765625, 26.5680999756, 18.5268650055, 21.4667682648, 22.8164577484, 24.5597553253, 24.5638656616, 17.4889564514, 15.0005674362, 24.9141674042, 14.5927181244, 8.01206016541, 7.6927485466, 6.42192935944, 4.2965502739, 2.39684844017, 1.31492865086, 0.594417273998, 0.252139270306, 0.0880488529801, 0.0251395385712, 0.00349203287624, 9.58417367656e-05, 4.0462717152e-05]}, "spectral_strongpeak": {"dmean2": 0.752895116806, "median": 0.573593139648, "min": 0, "dvar2": 1.59490525723, "dvar": 0.629095256329, "dmean": 0.457159489393, "max": 11.9125757217, "var": 1.10021328926, "mean": 0.882661342621}, "spectral_energy": {"dmean2": 0.0246814265847, "median": 0.0176467578858, "min": 9.96153012962e-21, "dvar2": 0.00260053994134, "dvar": 0.00117738952395, "dmean": 0.0175399258733, "max": 0.359463006258, "var": 0.0017507399898, "mean": 0.0314835011959}, "average_loudness": 0.903794169426, "spectral_rolloff": {"dmean2": 926.605407715, "median": 1248.92578125, "min": 21.533203125, "dvar2": 1730399.25, "dvar": 908845.5, "dmean": 594.925842285, "max": 19444.4824219, "var": 3966063.25, "mean": 1766.30322266}, "spectral_centroid": {"dmean2": 461.87991333, "median": 1503.67871094, "min": 137.015228271, "dvar2": 302840.21875, "dvar": 140568.390625, "dmean": 305.684570312, "max": 11614.9130859, "var": 993406.9375, "mean": 1613.19641113}, "pitch_salience": {"dmean2": 0.127814903855, "median": 0.528136849403, "min": 0.0699396282434, "dvar2": 0.017447758466, "dvar": 0.00768743548542, "dmean": 0.0850385949016, "max": 0.964891672134, "var": 0.0188434682786, "mean": 0.514475107193}, "spectral_energyband_middle_high": {"dmean2": 0.00219900673255, "median": 0.00293659581803, "min": 1.16505572098e-21, "dvar2": 1.00818460851e-05, "dvar": 4.26246378993e-06, "dmean": 0.00142049859278, "max": 0.0544524528086, "var": 2.14850824705e-05, "mean": 0.00429987488315}, "spectral_contrast_coeffs": {"dmean2": [0.0825973302126, 0.0694885551929, 0.059015750885, 0.0532273873687, 0.0386605598032, 0.0274285096675], "median": [-0.599853694439, -0.689640104771, -0.76458209753, -0.763241648674, -0.781676054001, -0.737671375275], "min": [-0.979952573776, -0.978587269783, -0.978562712669, -0.970473766327, -0.967164993286, -0.963928997517], "dvar2": [0.00465821940452, 0.00316390325315, 0.00223746523261, 0.00193856435362, 0.00107933848631, 0.000575479120016], "dvar": [0.00191209639888, 0.00135165383108, 0.000957383192144, 0.000895491160918, 0.000515972846188, 0.000255077320617], "dmean": [0.0526444502175, 0.0447191148996, 0.0379100292921, 0.0346054621041, 0.025198917836, 0.0172361526638], "max": [-0.24305395782, -0.365404784679, -0.45379793644, -0.474747776985, -0.559651255608, -0.628523826599], "var": [0.0109537243843, 0.00779317039996, 0.00543719995767, 0.00536347646266, 0.00391548546031, 0.00151494180318], "mean": [-0.597907423973, -0.686714589596, -0.758292794228, -0.755383074284, -0.771862149239, -0.741878569126]}, "melbands_skewness": {"dmean2": 1.39038467407, "median": 2.73012375832, "min": -2.22291398048, "dvar2": 3.5619134903, "dvar": 1.59019327164, "dmean": 0.968408048153, "max": 15.5736789703, "var": 4.31142520905, "mean": 3.13620305061}, "spectral_spread": {"dmean2": 607840.25, "median": 4254653, "min": 1849852.375, "dvar2": 859088551936, "dvar": 462040104960, "dmean": 409351.34375, "max": 42629304, "var": 5974880419840.0, "mean": 4594968.5}, "dissonance": {"dmean2": 0.0246083922684, "median": 0.468540549278, "min": 0.242041766644, "dvar2": 0.000573110068217, "dvar": 0.00022766944312, "dmean": 0.0151751777157, "max": 0.500000119209, "var": 0.000752567895688, "mean": 0.462796390057}, "spectral_skewness": {"dmean2": 0.292088657618, "median": 1.17970371246, "min": -0.0962392315269, "dvar2": 0.0898900330067, "dvar": 0.0366463139653, "dmean": 0.179688945413, "max": 3.44909095764, "var": 0.137887641788, "mean": 1.21115911007}, "spectral_flux": {"dmean2": 0.0497912876308, "median": 0.0666024014354, "min": 6.47226230943e-11, "dvar2": 0.00464732758701, "dvar": 0.00259383069351, "dmean": 0.0346091091633, "max": 0.525282859802, "var": 0.0061129364185, "mean": 0.0896801352501}, "spectral_contrast_valleys": {"dmean2": [0.742295086384, 0.558184862137, 0.506497979164, 0.536809921265, 0.468342334032, 0.441220879555], "median": [-7.87776374817, -7.18496990204, -7.70641803741, -7.9422044754, -7.46910572052, -10.1710271835], "min": [-28.0340690613, -27.8353633881, -27.5634307861, -27.7071857452, -27.5981845856, -27.3595180511], "dvar2": [0.426872432232, 0.228722333908, 0.211859464645, 0.385783404112, 0.359729886055, 0.328400224447], "dvar": [0.235987663269, 0.109037406743, 0.108177922666, 0.189250037074, 0.17521636188, 0.171123802662], "dmean": [0.507159173489, 0.357119858265, 0.329127401114, 0.359675824642, 0.319896697998, 0.319786548615], "max": [-4.85396718979, -4.96326398849, -5.58004617691, -5.67754220963, -5.50554609299, -7.6895198822], "var": [3.48462486267, 2.80297780037, 2.7401907444, 2.71974921227, 2.7769317627, 2.43323206902], "mean": [-7.95005130768, -7.39375066757, -7.97410440445, -8.14897918701, -7.71796178818, -10.3687973022]}, "erbbands_flatness_db": {"dmean2": 0.0207457020879, "median": 0.15382361412, "min": 0.0578782595694, "dvar2": 0.000397330761189, "dvar": 0.000201412200113, "dmean": 0.0146928308532, "max": 0.321577489376, "var": 0.00127677584533, "mean": 0.155701860785}, "spectral_energyband_high": {"dmean2": 0.000663671176881, "median": 0.000605640292633, "min": 6.96348993201e-21, "dvar2": 1.43555325849e-06, "dvar": 6.925223488e-07, "dmean": 0.000439846917288, "max": 0.0151602383703, "var": 2.16727403313e-06, "mean": 0.00109624804463}, "spectral_entropy": {"dmean2": 0.25632673502, "median": 7.55961561203, "min": 5.47929430008, "dvar2": 0.0999048724771, "dvar": 0.0415658280253, "dmean": 0.168797791004, "max": 9.81984043121, "var": 0.185462266207, "mean": 7.56928825378}, "silence_rate_20dB": {"dmean2": 0, "median": 1, "min": 1, "dvar2": 0, "dvar": 0, "dmean": 0, "max": 1, "var": 0, "mean": 1}, "melbands_flatness_db": {"dmean2": 0.0446616113186, "median": 0.180186420679, "min": 0.00395213346928, "dvar2": 0.00359260314144, "dvar": 0.00160615658388, "dmean": 0.0319955646992, "max": 0.546739697456, "var": 0.00607802066952, "mean": 0.19309951365}, "barkbands": {"dmean2": [0.000171830732143, 0.0155793046579, 0.00976114813238, 0.00212306831963, 0.00294893281534, 0.00129834364634, 0.000468105165055, 0.000749855593313, 0.000503925373778, 0.000311794981826, 0.000424118479714, 0.00050306430785, 0.000322786974721, 0.000473932013847, 0.000391157082049, 0.000450226303656, 0.000362317572581, 0.000437101494754, 0.000232812890317, 0.000336959899869, 0.000186461445992, 0.000159637900651, 0.000127198974951, 8.61157241161e-05, 4.15639660787e-05, 1.71861593117e-05, 8.22886079277e-07], "median": [7.7912962297e-05, 0.000552074983716, 0.000614246004261, 0.000195579516003, 0.00170495687053, 0.000820218236186, 0.00026255249395, 0.00027848573518, 0.000146913807839, 0.000139348238008, 0.000159207178513, 0.000167495221831, 0.000110687091365, 0.000129466570797, 0.000113150803372, 0.000114132519229, 0.000142027201946, 0.000176389396074, 0.000161578733241, 0.000211628299439, 0.000127291190438, 9.04829867068e-05, 6.40164071228e-05, 3.11069634336e-05, 9.63836737355e-06, 3.62608579962e-06, 1.38632373137e-07], "min": [5.06994346379e-25, 3.46420772349e-24, 1.37830753576e-24, 6.36555234427e-25, 8.71669527708e-24, 1.7973506261e-2