{"tonal": {"thpcp": [1, 0.604672789574, 0.486939549446, 0.591422915459, 0.434337735176, 0.373108536005, 0.312751233578, 0.20923255384, 0.340068161488, 0.397034108639, 0.630589187145, 0.932512521744, 0.544507563114, 0.21196372807, 0.569979786873, 0.809139370918, 0.485872507095, 0.200475022197, 0.1796143502, 0.234138444066, 0.384072005749, 0.416998654604, 0.3470890522, 0.42730358243, 0.4058586061, 0.265324145555, 0.226694598794, 0.203787356615, 0.191975370049, 0.27443498373, 0.318550556898, 0.303123056889, 0.275314986706, 0.218094155192, 0.289883702993, 0.751334369183], "hpcp": {"dmean2": [0.163420960307, 0.152646109462, 0.130383297801, 0.113737851381, 0.100516043603, 0.100110195577, 0.117331430316, 0.127288281918, 0.127083852887, 0.120633691549, 0.11692673713, 0.158387288451, 0.225271269679, 0.258596867323, 0.242229640484, 0.210531547666, 0.195895537734, 0.178934976459, 0.138139560819, 0.138189658523, 0.125374242663, 0.133871182799, 0.137482449412, 0.181755259633, 0.243490815163, 0.172599688172, 0.127470210195, 0.205424144864, 0.208827927709, 0.173840433359, 0.122598350048, 0.11780282855, 0.131417796016, 0.155375629663, 0.156915873289, 0.151703894138], "median": [0.01076544635, 0.00928900018334, 0.00607012119144, 0.00428126892075, 0.00458178017288, 0.00653744954616, 0.00953815411776, 0.0101658049971, 0.00823901873082, 0.00485507119447, 0.0042790574953, 0.0105145946145, 0.0528454370797, 0.0754533037543, 0.045815397054, 0.00900386460125, 0.00540830753744, 0.00762007944286, 0.00647965911776, 0.00603782245889, 0.00699743255973, 0.00852999091148, 0.00809404440224, 0.033828895539, 0.0239279270172, 0.0197810642421, 0.00701625831425, 0.018841933459, 0.0236486699432, 0.0149993207306, 0.00455633038655, 0.00264347530901, 0.00488555151969, 0.0138896694407, 0.0170395001769, 0.0136647457257], "min": [0, 0, 0, 0, 0, 0, 0, 0, 0, 0, 0, 0, 0, 0, 0, 0, 0, 0, 0, 0, 0, 0, 0, 0, 0, 0, 0, 0, 0, 0, 0, 0, 0, 0, 0, 0], "dvar2": [0.0905121341348, 0.0807612165809, 0.0664550065994, 0.0567744858563, 0.0491128638387, 0.0454486869276, 0.0567351430655, 0.0632661134005, 0.0684886351228, 0.0689027532935, 0.0690094977617, 0.0927247181535, 0.104885928333, 0.129823490977, 0.128646031022, 0.132586151361, 0.137933716178, 0.116854898632, 0.0929486081004, 0.0947752818465, 0.0837212055922, 0.0795939043164, 0.0807896703482, 0.0825011655688, 0.140841826797, 0.0852452516556, 0.0761626809835, 0.111349366605, 0.112959302962, 0.0860420465469, 0.0675559416413, 0.0698264911771, 0.0761455222964, 0.0859403684735, 0.0826624184847, 0.0839656367898], "dvar": [0.0382848456502, 0.034344766289, 0.0262491684407, 0.0217371787876, 0.0186491645873, 0.0171752888709, 0.0235198084265, 0.0266299378127, 0.0262077767402, 0.0267571099102, 0.0252318680286, 0.0339375212789, 0.0436420552433, 0.056611828506, 0.0488570667803, 0.0510720275342, 0.0561554208398, 0.0431787744164, 0.0356160216033, 0.0344614312053, 0.0299952682108, 0.0305887535214, 0.0320298373699, 0.0316039696336, 0.0583430603147, 0.0322692207992, 0.0270777978003, 0.045082051307, 0.0533565655351, 0.0337434411049, 0.0244429968297, 0.025368148461, 0.0280603095889, 0.0342749804258, 0.0338701233268, 0.0306518469006], "dmean": [0.0957236364484, 0.0906065925956, 0.0755487829447, 0.065012589097, 0.0571653470397, 0.0571681521833, 0.0692437291145, 0.0751184225082, 0.0733631178737, 0.0691518262029, 0.0659663081169, 0.0890465676785, 0.133471310139, 0.151417523623, 0.139172658324, 0.116699717939, 0.109121270478, 0.100369930267, 0.0768171995878, 0.076211899519, 0.0688267797232, 0.0762716010213, 0.0778383761644, 0.104340210557, 0.141993492842, 0.0987148284912, 0.0700841322541, 0.118969172239, 0.123808905482, 0.101844154298, 0.0676921457052, 0.0645425319672, 0.0740129798651, 0.0904128402472, 0.0911354646087, 0.087558940053], "max": [1, 1, 1, 1, 1, 1, 1, 1, 1, 1, 1, 1, 1, 1, 1, 1, 1, 1, 1, 1, 1, 1, 1, 1, 1, 1, 1, 1, 1, 1, 1, 1, 1, 1, 1, 1], "var": [0.0589891374111, 0.0523568429053, 0.0275355484337, 0.0227394644171, 0.0202584564686, 0.0151888150722, 0.0290587954223, 0.037376973778, 0.0341519266367, 0.0352585986257, 0.0225141793489, 0.0292687490582, 0.081933349371, 0.124576471746, 0.0569885484874, 0.0623352788389, 0.101924493909, 0.0473834872246, 0.0603028424084, 0.042146705091, 0.0216833911836, 0.042370852083, 0.0584769174457, 0.0504270903766, 0.125571236014, 0.0442777685821, 0.020531155169, 0.0679875761271, 0.120901204646, 0.0520287230611, 0.019752683118, 0.0192473717034, 0.0244710389525, 0.0471453219652, 0.0531702972949, 0.0352633967996], "mean": [0.112968146801, 0.107298642397, 0.0701449215412, 0.0599322579801, 0.0538761653006, 0.0507533811033, 0.0725535973907, 0.0842166244984, 0.0801379829645, 0.0727862417698, 0.0576585195959, 0.0766378417611, 0.198633596301, 0.264374434948, 0.159860029817, 0.128734365106, 0.156357094646, 0.114827796817, 0.0986403599381, 0.082683429122, 0.0553157366812, 0.0899053290486, 0.104965664446, 0.166711658239, 0.246532469988, 0.143953874707, 0.0560377910733, 0.15068808198, 0.213915765285, 0.128452271223, 0.0530004687607, 0.0474854409695, 0.0619002170861, 0.101538822055, 0.110243782401, 0.091761469841]}, "tuning_equal_tempered_deviation": 0.219027072191, "chords_changes_rate": 0.0839895009995, "key_key": "F#", "tuning_diatonic_strength": 0.503202855587, "key_scale": "minor", "chords_number_rate": 0.0027996499557, "tuning_frequency": 434.193115234, "tuning_nontempered_energy_ratio": 0.913175880909, "chords_histogram": [17.4103240967, 12.1959753036, 14.6456689835, 4.14698171616, 1.45231842995, 4.02449703217, 2.99212598801, 10.6386699677, 2.74715662003, 12.9133853912, 0.874890625477, 1.67979001999, 0.0174978133291, 0, 0, 0.367454081774, 2.36220479012, 3.42957139015, 1.62729656696, 0, 0.472440958023, 0.524934411049, 3.76202964783, 1.71478569508], "key_strength": 0.672254741192, "chords_key": "F#", "chords_strength": {"dmean2": 0.0111953895539, "median": 0.456578850746, "min": -1, "dvar2": 0.000725268677343, "dvar": 0.000410471344367, "dmean": 0.0110140871257, "max": 0.700855493546, "var": 0.0165074691176, "mean": 0.450862258673}, "chords_scale": "minor", "hpcp_entropy": {"dmean2": 1.00176692009, "median": 1.76930832863, "min": 0, "dvar2": 0.762968480587, "dvar": 0.289768636227, "dmean": 0.598020136356, "max": 4.22181081772, "var": 0.651907801628, "mean": 1.78069496155}}, "metadata": {"audio_properties": {"equal_loudness": 0, "codec": "mp3", "downmix": "mix", "sample_rate": 44100, "analysis_sample_rate": 44100, "bit_rate": 192000, "md5_encoded": "37cb3e522ffe7cfd607660f7c79f99e6", "length": 265.351837158, "replay_gain": -8.50044441223, "lossless": false}, "version": {"essentia_build_sha": "70f2e5ece6736b2c40cc944ad0e695b16b925413", "essentia": "2.1-beta2", "extractor": "music 1.0", "essentia_git_sha": "v2.1_beta2"}, "tags": {"title": ["Streets of NYC"], "media": ["CD"], "albumartist": ["New York Ska-Jazz Ensemble"], "musicbrainz_recordingid": ["0be459d5-de1f-4b5e-8b1c-8c7fbe5b3bd1"], "musicbrainz_albumartistid": ["cd882dbf-4230-419c-9349-9618a127b73f"], "discnumber": ["1/1"], "album": ["Minor Moods"], "catalognumber": ["BR-009"], "musicbrainz album release country": ["ES"], "musicbrainz album type": ["album"], "musicbrainz album status": ["official"], "originaldate": ["2003"], "date": ["2003"], "file_name": "03 Streets of NYC.mp3", "musicbrainz_releasegroupid": ["c6196ef4-d404-3057-a053-8df740895aad"], "script": ["Latn"], "asin": ["B0002N95CO"], "musicbrainz_albumid": ["edaccb6d-ebcc-3c56-8391-74520c42b5eb"], "artist": ["New York Ska-Jazz Ensemble"], "artistsort": ["New York Ska-Jazz Ensemble"], "tracknumber": ["3/13"], "label": ["Brixton Records"], "albumartistsort": ["New York Ska-Jazz Ensemble"], "acoustid_id": ["36106048-e4bf-4cf6-ab9a-43910ec46ad4"], "musicbrainz_artistid": ["cd882dbf-4230-419c-9349-9618a127b73f"]}}, "rhythm": {"bpm_histogram_first_peak_bpm": {"dmean2": 0, "median": 92, "min": 92, "dvar2": 0, "dvar": 0, "dmean": 0, "max": 92, "var": 0, "mean": 92}, "bpm": 92.2835083008, "bpm_histogram_second_peak_spread": {"dmean2": 0, "median": 0, "min": 0, "dvar2": 0, "dvar": 0, "dmean": 0, "max": 0, "var": 0, "mean": 0}, "bpm_histogram_first_peak_weight": {"dmean2": 0, "median": 0.780246913433, "min": 0.780246913433, "dvar2": 0, "dvar": 0, "dmean": 0, "max": 0.780246913433, "var": 0, "mean": 0.780246913433}, "onset_rate": 4.14139890671, "beats_position": [0.696598649025, 1.40480720997, 2.0549659729, 2.71673464775, 3.36689329147, 4.01705217361, 4.66721057892, 5.31736946106, 5.9675283432, 6.60607719421, 7.24462556839, 7.89478445053, 8.54494285583, 9.19510173798, 9.84526062012, 10.4954195023, 11.1455783844, 11.7957363129, 12.445895195, 13.0960540771, 13.7462129593, 14.3963718414, 15.0465307236, 15.7082986832, 16.3932876587, 17.0782756805, 17.7632656097, 18.4366436005, 19.1100215912, 19.8182315826, 20.5264396667, 21.1998176575, 21.8731975555, 22.523355484, 23.1735134125, 23.8236732483, 24.4738311768, 25.1239910126, 25.774148941, 26.4243087769, 27.0744667053, 27.7246246338, 28.3747844696, 29.0249423981, 29.6634922028, 30.3020401001, 30.9521980286, 31.6023578644, 32.2525177002, 32.9026756287, 33.5528335571, 34.2029914856, 34.8531494141, 35.5033111572, 36.1534690857, 36.8036270142, 37.4537849426, 38.1039466858, 38.7541046143, 39.4042625427, 40.0428123474, 40.6813583374, 41.3315200806, 41.9700660706, 42.6086158752, 43.2703857422, 43.9321517944, 44.5823135376, 45.2324714661, 45.8826293945, 46.532787323, 47.1829452515, 47.8331069946, 48.4832649231, 49.1334228516, 49.78358078, 50.4337387085, 51.0839004517, 51.7340583801, 52.3842163086, 53.0227661133, 53.6729240417, 54.3114738464, 54.9616317749, 55.6001815796, 56.2387275696, 56.8888893127, 57.5390472412, 58.1892051697, 58.8393630981, 59.4895210266, 60.1396827698, 60.801448822, 61.463218689, 62.1133766174, 62.7635345459, 63.4136962891, 64.0638504028, 64.714012146, 65.3525619507, 65.9911117554, 66.6296615601, 67.2798156738, 67.9183654785, 68.5685272217, 69.2186813354, 69.8688430786, 70.5189971924, 71.1691589355, 71.8193206787, 72.4694747925, 73.1196365356, 73.7697982788, 74.4199523926, 75.0701141357, 75.7202682495, 76.3704299927, 77.0089797974, 77.6475296021, 78.2976837158, 78.947845459, 79.5979995728, 80.2481613159, 80.8983230591, 81.5484771729, 82.1870269775, 82.8371887207, 83.4873428345, 84.1491165161, 84.7992706299, 85.449432373, 86.0879821777, 86.7265319824, 87.3766860962, 88.0268478394, 88.6886138916, 89.3387756348, 89.9889297485, 90.6390914917, 91.2892532349, 91.9394073486, 92.6011810303, 93.251335144, 93.9014968872, 94.551651001, 95.2018127441, 95.8519744873, 96.5021286011, 97.1522903442, 97.802444458, 98.4526062012, 99.1027679443, 99.7413101196, 100.379859924, 101.030021667, 101.680175781, 102.330337524, 102.980499268, 103.630653381, 104.292427063, 104.930976868, 105.581130981, 106.219680786, 106.858230591, 107.508384705, 108.158546448, 108.808708191, 109.458862305, 110.109024048, 110.759178162, 111.409339905, 112.059501648, 112.709655762, 113.383033752, 114.068023682, 114.753013611, 115.43800354, 116.122993469, 116.79637146, 117.481361389, 118.177955627, 118.839729309, 119.489883423, 120.140045166, 120.79019928, 121.440361023, 122.090522766, 122.74067688, 123.390838623, 124.040992737, 124.69115448, 125.341316223, 125.991470337, 126.64163208, 127.291786194, 127.941947937, 128.592102051, 129.242263794, 129.892425537, 130.54258728, 131.192733765, 131.842895508, 132.493057251, 133.154830933, 133.793380737, 134.44354248, 135.105300903, 135.767074585, 136.428848267, 137.067382812, 137.717544556, 138.367706299, 139.017868042, 139.668029785, 140.31817627, 140.945129395, 141.595275879, 142.233825684, 142.883987427, 143.522537231, 144.172698975, 144.811248779, 145.449798584, 146.099945068, 146.750106812, 147.400268555, 148.050430298, 148.700592041, 149.350738525, 150.000900269, 150.66267395, 151.301223755, 151.951385498, 152.613143921, 153.251693726, 153.901855469, 154.552017212, 155.202178955, 155.852325439, 156.502487183, 157.152648926, 157.802810669, 158.452972412, 159.103118896, 159.741668701, 160.380218506, 161.030380249, 161.680541992, 162.330703735, 162.980865479, 163.631011963, 164.281173706, 164.931335449, 165.581497192, 166.231658936, 166.88180542, 167.520355225, 168.158905029, 168.809066772, 169.459228516, 170.109390259, 170.771148682, 171.432922363, 172.083084106, 172.73324585, 173.383392334, 174.033554077, 174.68371582, 175.322265625, 175.972427368, 176.634185791, 177.284347534, 177.934509277, 178.573059082, 179.223220825, 179.86177063, 180.511917114, 181.162078857, 181.812240601, 182.462402344, 183.124176025, 183.762710571, 184.412872314, 185.063034058, 185.713195801, 186.363357544, 187.001907349, 187.652053833, 188.313827515, 188.963989258, 189.614151001, 190.252700806, 190.89125061, 191.541397095, 192.191558838, 192.841720581, 193.491882324, 194.142044067, 194.792190552, 195.430740356, 196.069290161, 196.719451904, 197.369613647, 198.019775391, 198.669921875, 199.320083618, 199.970245361, 200.620407104, 201.270568848, 201.920715332, 202.570877075, 203.221038818, 203.871200562, 204.509750366, 205.171508789, 205.821670532, 206.483444214, 207.145217896, 207.79536438, 208.433914185, 209.072463989, 209.722625732, 210.372787476, 211.022949219, 211.673095703, 212.323257446, 212.973419189, 213.611968994, 214.262130737, 214.900680542, 215.550842285, 216.20098877, 216.851150513, 217.489700317, 218.139862061, 218.778411865, 219.428573608, 220.078720093, 220.728881836, 221.379043579, 222.017593384, 222.656143188, 223.306304932, 223.968063354, 224.618225098, 225.279998779, 225.930160522, 226.580307007, 227.218856812, 227.857406616, 228.507568359, 229.157730103, 229.807891846, 230.45803833, 231.108200073, 231.758361816, 232.40852356, 233.058685303, 233.708831787, 234.35899353, 235.009155273, 235.659317017, 236.30947876, 236.959625244, 237.609786987, 238.25994873, 238.910110474, 239.560272217, 240.21043396, 240.860580444, 241.510742188, 242.149291992, 242.787841797, 243.43800354, 244.088165283, 244.738311768, 245.388473511, 246.038635254, 246.688796997, 247.33895874, 247.989105225, 248.650878906, 249.301040649, 249.951202393, 250.589752197, 251.239898682, 251.890060425, 252.540222168, 253.190383911, 253.840545654, 254.490692139, 255.129241943, 255.767791748, 256.41796875, 257.068115234, 257.718261719, 258.368438721, 259.018585205, 259.668762207, 260.342132568, 261.027130127, 261.735321045, 262.44354248, 263.140136719, 263.848327637, 264.556549072], "beats_loudness": {"dmean2": 0.208066090941, "median": 0.070808455348, "min": 0, "dvar2": 0.0335572808981, "dvar": 0.00955259241164, "dmean": 0.107371672988, "max": 0.460509955883, "var": 0.00861757155508, "mean": 0.107431605458}, "danceability": 1.49177050591, "bpm_histogram_second_peak_weight": {"dmean2": 0, "median": 0.0222222208977, "min": 0.0222222208977, "dvar2": 0, "dvar": 0, "dmean": 0, "max": 0.0222222208977, "var": 0, "mean": 0.0222222208977}, "beats_count": 406, "bpm_histogram_second_peak_bpm": {"dmean2": 0, "median": 85, "min": 85, "dvar2": 0, "dvar": 0, "dmean": 0, "max": 85, "var": 0, "mean": 85}, "bpm_histogram_first_peak_spread": {"dmean2": 0, "median": 0.202020227909, "min": 0.202020227909, "dvar2": 0, "dvar": 0, "dmean": 0, "max": 0.202020227909, "var": 0, "mean": 0.202020227909}, "beats_loudness_band_ratio": {"dmean2": [0.483708113432, 0.19932359457, 0.233314022422, 0.0778231099248, 0.058891735971, 0.109578132629], "median": [0.765402793884, 0.0667296051979, 0.043619222939, 0.0228707455099, 0.0165561437607, 0.0175619386137], "min": [0, 0, 0, 0, 0, 0], "dvar2": [0.131732836366, 0.0391520783305, 0.0547221563756, 0.0125856539235, 0.00666692340747, 0.0239016283303], "dvar": [0.0520053096116, 0.0134961409494, 0.0193706192076, 0.0041482700035, 0.00231621437706, 0.00863848812878], "dmean": [0.263016998768, 0.107808440924, 0.125026658177, 0.0439209267497, 0.0327822491527, 0.0614601969719], "max": [0.975178956985, 0.784891486168, 0.688215494156, 0.41546908021, 0.442312210798, 0.558291137218], "var": [0.0806621462107, 0.0146045023575, 0.0181192513555, 0.00355067802593, 0.00207668775693, 0.00776671431959], "mean": [0.668279409409, 0.110704362392, 0.104610405862, 0.0433855727315, 0.0339146219194, 0.0531810373068]}}, "lowlevel": {"barkbands_spread": {"dmean2": 11.6429224014, "median": 12.1339826584, "min": 0.0963626131415, "dvar2": 348.327026367, "dvar": 166.329483032, "dmean": 7.76614046097, "max": 133.785858154, "var": 342.828338623, "mean": 18.3491477966}, "melbands_spread": {"dmean2": 9.24899768829, "median": 10.1189613342, "min": 0.284902781248, "dvar2": 370.316650391, "dvar": 170.19203186, "dmean": 6.10437202454, "max": 247.800720215, "var": 453.684936523, "mean": 15.5409412384}, "hfc": {"dmean2": 24.6594028473, "median": 12.8243312836, "min": 1.07511509715e-16, "dvar2": 2497.2409668, "dvar": 1126.89782715, "dmean": 16.7047080994, "max": 422.928619385, "var": 1519.66015625, "mean": 25.7763996124}, "barkbands_kurtosis": {"dmean2": 16.3342456818, "median": 5.23683261871, "min": -1.9429422617, "dvar2": 1944.77832031, "dvar": 901.260070801, "dmean": 10.4454612732, "max": 1153.41809082, "var": 1828.07055664, "mean": 16.0851554871}, "gfcc": {"mean": [-34.7643699646, 94.6143493652, -94.4457397461, 24.6327590942, -43.9386558533, 3.79221987724, -27.7721805573, 6.29478597641, -14.9039916992, 5.09381628036, -8.90519142151, 2.96000742912, -6.94713020325], "icov": [[6.55595649732e-05, -2.15702384594e-05, 2.71172702924e-05, -4.10848842876e-05, 4.04508455176e-06, -6.31764924037e-05, 9.44245475694e-05, -0.000117345407489, 0.000101143814391, -0.000185604600119, 0.000154517081683, -0.000199248766876, 0.000162178388564], [-2.15702384594e-05, 0.000706574530341, 0.00034104185761, -8.14249433461e-05, -0.000423934543505, 0.000138540228363, -0.000289603398414, 0.000559221196454, -0.000741118681617, 0.000792756443843, -0.00121850764845, 0.000768148282077, -0.000148565421114], [2.71172702924e-05, 0.00034104185761, 0.00107694603503, -0.000197661967832, -0.00077120680362, -0.000372036301997, 0.000187066267245, 0.000273804296739, -0.000335168850143, -0.000235162529862, -5.23993003299e-05, -0.000605785637163, 0.00100206653588], [-4.10848842876e-05, -8.14249433461e-05, -0.000197661967832, 0.001496396726, -0.000180832139449, -0.000586938171182, 0.000308943417622, -0.000654323026538, -6.88746877131e-05, 0.000346144923242, -0.000838217441924, 0.00150523730554, -0.000564003479667], [4.04508455176e-06, -0.000423934543505, -0.00077120680362, -0.000180832139449, 0.00254540285096, -2.94331493933e-05, -0.00131059356499, -0.000365728017641, 0.000137441093102, -0.000777091772761, 0.000659101759084, -4.65897574031e-05, -0.000798318069428], [-6.31764924037e-05, 0.000138540228363, -0.000372036301997, -0.000586938171182, -2.94331493933e-05, 0.0044959699735, -0.00242224847898, 0.000336542783771, 3.82030812034e-05, 0.000648955348879, 0.000219999856199, -0.000815170526039, 0.000853828445543], [9.44245475694e-05, -0.000289603398414, 0.000187066267245, 0.000308943417622, -0.00131059356499, -0.00242224847898, 0.00633340002969, -0.00255911471322, 7.62988784118e-05, 0.00122491875663, -0.000550859433133, 3.62399769074e-05, 0.000182181611308], [-0.000117345407489, 0.000559221196454, 0.000273804296739, -0.000654323026538, -0.000365728017641, 0.000336542783771, -0.00255911471322, 0.00857598520815, -0.00289030210115, -0.00097078125691, 0.000764345866628, 0.000523707887623, 0.000898619298823], [0.000101143814391, -0.000741118681617, -0.000335168850143, -6.88746877131e-05, 0.000137441093102, 3.82030812034e-05, 7.62988784118e-05, -0.00289030210115, 0.00994916632771, -0.00421461230144, -7.15709611541e-05, 0.00164178945124, -0.000210081721889], [-0.000185604600119, 0.000792756443843, -0.000235162529862, 0.000346144923242, -0.000777091772761, 0.000648955348879, 0.00122491875663, -0.00097078125691, -0.00421461230144, 0.0121247265488, -0.00285437447019, -1.62986652867e-05, 0.00156828877516], [0.000154517081683, -0.00121850764845, -5.23993003299e-05, -0.000838217441924, 0.000659101759084, 0.000219999856199, -0.000550859433133, 0.000764345866628, -7.15709611541e-05, -0.00285437447019, 0.0108771212399, -0.00477102166042, 0.00129299866967], [-0.000199248766876, 0.000768148282077, -0.000605785637163, 0.00150523730554, -4.65897574031e-05, -0.000815170526039, 3.62399769074e-05, 0.000523707887623, 0.00164178945124, -1.62986652867e-05, -0.00477102166042, 0.0139130828902, -0.00393008766696], [0.000162178388564, -0.000148565421114, 0.00100206653588, -0.000564003479667, -0.000798318069428, 0.000853828445543, 0.000182181611308, 0.000898619298823, -0.000210081721889, 0.00156828877516, 0.00129299866967, -0.00393008766696, 0.0123148774728]], "cov": [[18881.5078125, -969.90234375, 319.231628418, 329.028839111, -54.3626060486, 272.330047607, -203.935516357, 327.077301025, -37.6676063538, 359.044891357, -184.237243652, 166.462753296, -288.418487549], [-969.90234375, 3243.171875, -923.078430176, 373.120849609, 304.005950928, -49.4343605042, 237.690475464, -69.3946151733, 162.82913208, -156.016662598, 274.422058105, -167.88494873, 109.035835266], [319.231628418, -923.078430176, 1938.76672363, 264.040924072, 552.873291016, 320.356536865, 145.524032593, 133.339782715, 71.8723297119, 145.996047974, -35.700553894, 62.8910140991, -152.806594849], [329.028839111, 373.120849609, 264.040924072, 1000.8815918, 285.071105957, 196.970779419, 146.478561401, 132.662567139, 93.5880737305, 7.96121931076, 51.5849456787, -104.767807007, -20.7704315186], [-54.3626060486, 304.005950928, 552.873291016, 285.071105957, 788.986083984, 205.609008789, 270.294616699, 125.859138489, 87.5354690552, 40.1995773315, 14.418797493, -25.2339725494, -17.0329589844], [272.330047607, -49.4343605042, 320.356536865, 196.970779419, 205.609008789, 391.578186035, 198.253723145, 74.4474563599, 18.6934928894, -2.43298149109, -1.59599471092, 5.25967645645, -40.9404449463], [-203.935516357, 237.690475464, 145.524032593, 146.478561401, 270.294616699, 198.253723145, 340.835083008, 108.571876526, 46.4296188354, -16.5218276978, 19.2356700897, -21.0358352661, -14.6047286987], [327.077301025, -69.3946151733, 133.339782715, 132.662567139, 125.859138489, 74.4474563599, 108.571876526, 203.669586182, 75.9767532349, 45.151473999, -14.8769130707, -27.0761528015, -34.9222869873], [-37.6676063538, 162.82913208, 71.8723297119, 93.5880737305, 87.5354690552, 18.6934928894, 46.4296188354, 75.9767532349, 167.198852539, 58.9367332458, 20.6723136902, -36.1450500488, -19.3129634857], [359.044891357, -156.016662598, 145.996047974, 7.96121931076, 40.1995773315, -2.43298149109, -16.5218276978, 45.151473999, 58.9367332458, 137.425643921, 15.7182579041, 6.43978595734, -34.4921455383], [-184.237243652, 274.422058105, -35.700553894, 51.5849456787, 14.418797493, -1.59599471092, 19.2356700897, -14.8769130707, 20.6723136902, 15.7182579041, 144.499435425, 23.6836853027, 3.58823084831], [166.462753296, -167.88494873, 62.8910140991, -104.767807007, -25.2339725494, 5.25967645645, -21.0358352661, -27.0761528015, -36.1450500488, 6.43978595734, 23.6836853027, 116.802444458, 19.5054283142], [-288.418487549, 109.035835266, -152.806594849, -20.7704315186, -17.0329589844, -40.9404449463, -14.6047286987, -34.9222869873, -19.3129634857, -34.4921455383, 3.58823084831, 19.5054283142, 112.208808899]]}, "spectral_energyband_middle_low": {"dmean2": 0.00851781200618, "median": 0.00892870128155, "min": 1.92341063031e-22, "dvar2": 0.000228208868066, "dvar": 8.86752313818e-05, "dmean": 0.00529154157266, "max": 0.180791556835, "var": 0.00016461328778, "mean": 0.0124845001847}, "melbands_crest": {"dmean2": 4.4584736824, "median": 17.0477142334, "min": 1.00176298618, "dvar2": 23.164056778, "dvar": 9.92596435547, "dmean": 2.88055419922, "max": 36.3704833984, "var": 28.7706928253, "mean": 17.0854053497}, "spectral_kurtosis": {"dmean2": 4.58714437485, "median": 4.80312919617, "min": -1.27774989605, "dvar2": 44.1842880249, "dvar": 19.4832782745, "dmean": 2.94348621368, "max": 88.4611053467, "var": 39.7824821472, "mean": 6.41488552094}, "spectral_rms": {"dmean2": 0.00221046525985, "median": 0.00583842676133, "min": 3.13721769916e-12, "dvar2": 1.98208272195e-05, "dvar": 9.24819141801e-06, "dmean": 0.00151755136903, "max": 0.025143969804, "var": 1.53834316734e-05, "mean": 0.00608112616464}, "zerocrossingrate": {"dmean2": 0.0211125351489, "median": 0.03662109375, "min": 0.001953125, "dvar2": 0.00118950975593, "dvar": 0.000957895012107, "dmean": 0.0184965357184, "max": 0.55322265625, "var": 0.0051656300202, "mean": 0.0601006746292}, "silence_rate_60dB": {"dmean2": 0.0759604424238, "median": 0, "min": 0, "dvar2": 0.0782519802451, "dvar": 0.0365336611867, "dmean": 0.037976898253, "max": 1, "var": 0.0786769762635, "mean": 0.0860967710614}, "erbbands_kurtosis": {"dmean2": 2.48739242554, "median": -0.0880517959595, "min": -1.91580271721, "dvar2": 57.3339233398, "dvar": 27.6599636078, "dmean": 1.626308918, "max": 249.84979248, "var": 57.6409301758, "mean": 1.48484289646}, "erbbands": {"dmean2": [0.881285727024, 8.82904815674, 13.1871557236, 10.5702447891, 6.85962820053, 10.9997529984, 12.999048233, 17.9779682159, 30.1096668243, 25.1438121796, 23.5258541107, 16.0113868713, 14.2686882019, 23.7379703522, 16.0643138885, 16.080619812, 13.8719177246, 12.3509531021, 14.5206022263, 16.8180179596, 13.6513614655, 10.3818149567, 11.9048509598, 8.49472522736, 8.87588024139, 11.6210308075, 7.10265445709, 7.29002046585, 6.50439214706, 5.33261871338, 3.41142416, 3.3357758522, 2.48399686813, 1.52378308773, 1.65453720093, 1.43303763866, 0.893570065498, 0.411574572325, 0.0811846479774, 0.00251895049587], "median": [0.347414791584, 2.72552609444, 3.16556954384, 1.66150701046, 2.32237648964, 5.8551235199, 6.27930593491, 6.32076740265, 6.79304075241, 8.68416023254, 7.86404418945, 5.46751499176, 5.16582298279, 4.09049034119, 6.09395170212, 7.00340175629, 5.53712558746, 4.10952854156, 4.8963394165, 5.16724538803, 4.87014770508, 4.87473583221, 4.27904415131, 3.15605807304, 2.46334528923, 2.11973547935, 1.99172055721, 1.0251339674, 0.596360743046, 0.536297082901, 0.338406413794, 0.181233271956, 0.128439545631, 0.0541119277477, 0.028843825683, 0.0145965097472, 0.00434458581731, 0.000874861667398, 7.98191176727e-05, 6.24636231805e-05], "min": [2.79195355515e-23, 4.11444225961e-22, 1.28999533444e-21, 1.82479880149e-21, 1.14839334288e-20, 2.64719654911e-20, 3.0748888308e-20, 6.21934484359e-20, 1.42346021946e-19, 1.61698894654e-19, 1.70118766109e-19, 3.43231228102e-19, 3.68335151566e-19, 7.16753965331e-19, 9.65135210175e-19, 1.35340365675e-18, 1.25952020818e-18, 2.40979425928e-18, 1.7031582638e-18, 2.78252659958e-18, 3.30301345642e-18, 5.06502872273e-18, 4.51131029838e-18, 6.84548908273e-18, 6.3702659626e-18, 7.3377082829e-18, 7.11823493251e-18, 8.50469386391e-18, 1.21542213439e-17, 9.46008333551e-18, 1.10525764139e-17, 1.04480943289e-17, 8.31570129192e-18, 8.56908656588e-18, 5.02807939195e-18, 4.17378917559e-18, 2.34214122493e-18, 1.01737456099e-18, 2.60841841893e-19, 2.88865880941e-20], "dvar2": [7.86422300339, 762.307800293, 1886.49194336, 1150.05310059, 294.57131958, 428.29473877, 1049.17578125, 2229.94775391, 6119.27978516, 3878.83813477, 4400.95458984, 1397.54516602, 1735.68920898, 8824.85058594, 1470.84973145, 1062.64172363, 959.402832031, 1197.85119629, 1343.19641113, 1277.4987793, 1256.98193359, 516.817932129, 759.676818848, 369.881256104, 589.958679199, 1113.87402344, 292.805999756, 311.734954834, 578.512451172, 193.981048584, 57.0873146057, 61.1888237, 36.8204040527, 14.7784357071, 21.5006351471, 15.4285478592, 6.03341817856, 1.20652210712, 0.0473648831248, 4.58396789327e-05], "dvar": [2.96624898911, 297.606414795, 681.685913086, 400.204803467, 102.728866577, 179.044281006, 549.63079834, 1013.64471436, 2668.69165039, 1761.80053711, 1833.69091797, 674.046875, 827.305114746, 3218.40625, 599.204711914, 472.747955322, 413.386474609, 487.797302246, 559.136535645, 533.414611816, 553.481201172, 206.679122925, 298.834259033, 141.289993286, 245.223571777, 532.260253906, 113.924079895, 119.853790283, 203.390777588, 73.4101257324, 24.5984401703, 27.6814403534, 17.1621360779, 7.08155155182, 10.0980768204, 6.88673639297, 2.63487672806, 0.533038794994, 0.0209062267095, 1.99660316866e-05], "dmean": [0.523245036602, 5.34346199036, 7.66209030151, 5.87114524841, 3.90023207664, 6.70045137405, 8.50010108948, 11.5562982559, 19.5356502533, 16.5439796448, 15.5157566071, 10.8317289352, 9.47521114349, 14.2379341125, 10.3991851807, 10.6117200851, 8.75344181061, 7.78566265106, 9.23002529144, 10.5748281479, 8.80983066559, 6.59699106216, 7.4473824501, 5.24383211136, 5.60708045959, 7.57366991043, 4.38430500031, 4.44559574127, 3.8209066391, 3.20790195465, 2.18267297745, 2.1680366993, 1.62563562393, 1.00797116756, 1.09724676609, 0.938426494598, 0.580134510994, 0.266409784555, 0.0527594089508, 0.00162071397062], "max": [15.281170845, 121.974731445, 275.546173096, 217.150436401, 110.630783081, 414.31817627, 1269.73950195, 1010.22143555, 1144.88500977, 999.405700684, 1092.86364746, 770.816101074, 1267.46862793, 1342.01123047, 479.676483154, 645.553100586, 772.042480469, 641.227416992, 760.91418457, 638.084716797, 705.92590332, 303.325073242, 415.32723999, 322.054351807, 469.068237305, 1039.87805176, 293.856781006, 224.843139648, 294.07220459, 135.445129395, 120.774482727, 119.515594482, 100.308197021, 64.2363128662, 63.8436813354, 39.7084236145, 20.8977069855, 7.48262262344, 1.62878322601, 0.0485154464841], "var": [2.2311091423, 243.004379272, 491.148773193, 266.660369873, 79.7802734375, 416.935821533, 1735.47070312, 2759.52832031, 6977.00048828, 4268.14648438, 3094.46362305, 1721.69726562, 1910.99804688, 4112.95166016, 999.631652832, 1234.2557373, 822.623474121, 701.207580566, 925.110168457, 881.545166016, 1612.10620117, 320.224853516, 417.100799561, 182.084335327, 417.315246582, 1341.64916992, 150.173477173, 150.775100708, 149.065948486, 77.2175521851, 43.5510635376, 57.2097892761, 35.5314865112, 12.4878501892, 15.5104036331, 8.24286174774, 2.82320570946, 0.565079212189, 0.0220468305051, 2.07004304684e-05], "mean": [0.685392320156, 7.07884216309, 9.84532737732, 6.68586969376, 5.04138994217, 12.1207170486, 19.9283161163, 22.1652584076, 37.383480072, 31.1399593353, 26.4609947205, 19.6107730865, 18.3930034637, 19.7804832458, 17.4743041992, 19.779706955, 14.1082677841, 12.0512199402, 13.8886327744, 15.7008743286, 15.4644117355, 11.0664243698, 11.2874622345, 7.73411369324, 8.06294536591, 11.3118429184, 6.12402772903, 5.1377081871, 3.89728093147, 3.61840295792, 2.77172493935, 2.83903884888, 2.14899897575, 1.21639192104, 1.22191059589, 0.935403585434, 0.540015876293, 0.243259161711, 0.0479338951409, 0.00149967253674]}, "spectral_strongpeak": {"dmean2": 0.570644319057, "median": 0.577735066414, "min": 0, "dvar2": 0.982993602753, "dvar": 0.403892368078, "dmean": 0.338657915592, "max": 14.8206233978, "var": 0.667218506336, "mean": 0.7972189188}, "spectral_energy": {"dmean2": 0.0487301051617, "median": 0.0349394083023, "min": 1.00881881219e-20, "dvar2": 0.0175365190953, "dvar": 0.00717555917799, "dmean": 0.030619064346, "max": 0.64802467823, "var": 0.00671612797305, "mean": 0.0536726564169}, "average_loudness": 0.91130822897, "spectral_rolloff": {"dmean2": 1387.56958008, "median": 516.796875, "min": 43.06640625, "dvar2": 11516446, "dvar": 5313596, "dmean": 803.026611328, "max": 19573.6816406, "var": 9791756, "mean": 1508.35522461}, "spectral_centroid": {"dmean2": 381.194458008, "median": 831.912841797, "min": 96.6345748901, "dvar2": 299142.15625, "dvar": 143762.046875, "dmean": 253.994049072, "max": 11736.8457031, "var": 1174278.875, "mean": 1100.41442871}, "pitch_salience": {"dmean2": 0.122890479863, "median": 0.440928816795, "min": 0.0570647567511, "dvar2": 0.0189768988639, "dvar": 0.00756858894601, "dmean": 0.0778990164399, "max": 0.996082782745, "var": 0.0200058650225, "mean": 0.453350841999}, "spectral_energyband_middle_high": {"dmean2": 0.00227947998792, "median": 0.00208206451498, "min": 1.16477067083e-21, "dvar2": 2.7371730539e-05, "dvar": 1.05585950223e-05, "dmean": 0.00150284555275, "max": 0.0598092190921, "var": 1.65430301422e-05, "mean": 0.00326388189569}, "spectral_contrast_coeffs": {"dmean2": [0.0805815681815, 0.0845358148217, 0.0675010159612, 0.0544875971973, 0.0416994914412, 0.0381933711469], "median": [-0.653760015965, -0.684548854828, -0.738145470619, -0.774169802666, -0.783148050308, -0.776659369469], "min": [-0.98118853569, -0.997274518013, -0.998662829399, -0.993040919304, -0.98920994997, -0.966573953629], "dvar2": [0.0052399658598, 0.0052798660472, 0.00336041185074, 0.00207978766412, 0.00129882292822, 0.00140406063292], "dvar": [0.00209641782567, 0.00248460564762, 0.00158508704044, 0.000973512476776, 0.000675602757838, 0.000635170727037], "dmean": [0.0494801737368, 0.0543449930847, 0.0440904162824, 0.0351563356817, 0.0281904358417, 0.0251795873046], "max": [-0.233873739839, -0.28318810463, -0.389818608761, -0.480886816978, -0.508252322674, -0.579389870167], "var": [0.00967723689973, 0.0113039826974, 0.00790423061699, 0.00451060663909, 0.00369347864762, 0.00221362709999], "mean": [-0.643029391766, -0.680101335049, -0.73353266716, -0.769189357758, -0.777651011944, -0.775038957596]}, "melbands_skewness": {"dmean2": 1.83474755287, "median": 3.1630833149, "min": -3.33609557152, "dvar2": 6.49305868149, "dvar": 3.05510616302, "dmean": 1.24658846855, "max": 27.0383739471, "var": 7.92227697372, "mean": 3.86427617073}, "spectral_spread": {"dmean2": 1568932.875, "median": 4105101.25, "min": 1017491.25, "dvar2": 4472408375300.0, "dvar": 2589800267780.0, "dmean": 1170535, "max": 43364584, "var": 16687457894400.0, "mean": 5362322.5}, "dissonance": {"dmean2": 0.0404937006533, "median": 0.452526718378, "min": 0.139053940773, "dvar2": 0.0015781885013, "dvar": 0.000699659867678, "dmean": 0.0255231894553, "max": 0.499999046326, "var": 0.00200400268659, "mean": 0.441635251045}, "spectral_skewness": {"dmean2": 0.544354736805, "median": 1.70810031891, "min": -0.139345943928, "dvar2": 0.369874984026, "dvar": 0.166832521558, "dmean": 0.359895825386, "max": 7.61250829697, "var": 0.545293033123, "mean": 1.8046323061}, "spectral_flux": {"dmean2": 0.0775410532951, "median": 0.0622331686318, "min": 6.33663330141e-11, "dvar2": 0.0183575563133, "dvar": 0.00843276176602, "dmean": 0.0499419271946, "max": 0.756519973278, "var": 0.0128966541961, "mean": 0.0968550443649}, "spectral_contrast_valleys": {"dmean2": [0.748143613338, 0.777971029282, 0.719934344292, 0.621372997761, 0.596735775471, 0.712273836136], "median": [-6.88322019577, -7.1334438324, -7.96059608459, -8.21848201752, -8.15226364136, -10.7283382416], "min": [-28.0857658386, -28.2077541351, -27.8147792816, -27.5218009949, -27.59233284, -27.4101200104], "dvar2": [0.679401040077, 0.563116133213, 0.51547306776, 0.43567404151, 0.50009560585, 0.788766145706], "dvar": [0.370222389698, 0.279312938452, 0.268484562635, 0.240091517568, 0.270222604275, 0.44853541255], "dmean": [0.495690315962, 0.515000700951, 0.48192819953, 0.439143180847, 0.44340723753, 0.593251824379], "max": [-4.35844421387, -4.5405087471, -5.02967500687, -5.60039949417, -5.19930410385, -7.56743907928], "var": [5.03378629684, 4.12239027023, 3.70095682144, 3.61474370956, 3.73233056068, 3.81761026382], "mean": [-7.46556329727, -7.3735332489, -8.1615486145, -8.41731357574, -8.32749938965, -10.764462471]}, "erbbands_flatness_db": {"dmean2": 0.0404716767371, "median": 0.162303894758, "min": 0.0246318355203, "dvar2": 0.00210279528983, "dvar": 0.00128511572257, "dmean": 0.0315725579858, "max": 0.47834071517, "var": 0.00511688087136, "mean": 0.163260549307}, "spectral_energyband_high": {"dmean2": 0.00162575696595, "median": 0.000174698914634, "min": 7.16022724745e-21, "dvar2": 1.2769978639e-05, "dvar": 5.78871777179e-06, "dmean": 0.0010808367515, "max": 0.0307677257806, "var": 8.02610247774e-06, "mean": 0.00125736300834}, "spectral_entropy": {"dmean2": 0.407539218664, "median": 7.27327632904, "min": 3.59578323364, "dvar2": 0.242823779583, "dvar": 0.137657418847, "dmean": 0.307173252106, "max": 9.82657146454, "var": 0.546774744987, "mean": 7.25388479233}, "silence_rate_20dB": {"dmean2": 0.0731600597501, "median": 1, "min": 0, "dvar2": 0.101419046521, "dvar": 0.0352416448295, "dmean": 0.0365768298507, "max": 1, "var": 0.0193852689117, "mean": 0.980225741863}, "melbands_flatness_db": {"dmean2": 0.054675668478, "median": 0.275949150324, "min": -1.12172443778e-07, "dvar2": 0.00397375505418, "dvar": 0.00198415364139, "dmean": 0.0391007140279, "max": 0.669648170471, "var": 0.00959681347013, "mean": 0.274534016848}, "barkbands": {"dmean2": [0.000700916338246, 0.036550950259, 0.0103501509875, 0.00268787494861, 0.00285778846592, 0.0019173118053, 0.00210977019742, 0.00115923502017, 0.000731773907319, 0.000668774475344, 0.000334909011144, 0.00054274185095, 0.00030915660318, 0.00031487486558, 0.000291343574645, 0.000272877747193, 0.000186644218047, 0.000219321373152, 0.000167259408045, 0.000239961867919, 0.000173101929249, 0.000170128478203, 0.000129357242258, 0.000154274603119, 0.000184102682397, 0.000443683529738, 0.000416760361986], "median": [7.88425895735e-05, 0.0137093998492, 0.00138189387508, 0.000364876905223, 0.00169874448329, 0.000771523453295, 0.000383364444133, 0.00031851028325, 0.000204800104257, 0.000117276475066, 4.66099154437e-05, 0.000167796737514, 9.42984479479e-05, 8.72558157425e-05, 7.5954492786e-05, 8.13424630906e-05, 7.27407677914e-05, 6.71267625876e-05, 4.66251913167e-05, 4.2792835302e-05, 3.99006275984e-05, 1.64958091773e-05, 1.34917636387e-05, 8.41161727294e-06, 4.35992706116e-06, 2.80808285424e-06, 3.7155263044e-07], "min": [1.64841471765e-25, 1.30903736385e-24, 8.86110099895e-25, 3.67656883266e-25, 1.27886327645e-23, 6.44944040458e-24, 5.68897849195e-24, 6.48317604119e-24, 1.41876760022e-23, 1.62431335545e-23, 1.26961979879e-23, 2.8372739297e-23, 2.37752721409e-23, 2.70498037818e-23, 2.72969002608e-23, 5.22208217218e-23, 8.40501570234e-23, 7.20712600014e-23, 1.21882493466e-22, 1.48473240155e-22, 2.11184526676e-22, 3.38767821293e-22, 3.65795104674e-22, 5.15448935126e-22, 9.17809497184e-22, 1.32162489545e-21, 1.99144944162e-21], "dvar2": [3.52889878741e-06, 0.0131425233558, 0.00124902522657, 6.16692195763e-05, 3.03191100102e-05, 2.05017568078e-05, 2.6524588975e-05, 1.06972056528e-05, 2.59764215116e-06, 4.51633923149e-06, 1.34095569138e-06, 1.27249154502e-06, 4.6748257887e-07, 8.85753706825e-07, 4.38811042613e-07, 4.06331537306e-07, 1.92500465346e-07, 2.4410147148e-07, 1.73919090685e-07, 4.77879098071e-07, 1.53658120894e-07, 3.37000528816e-07, 8.60439328676e-08, 1.29704247342e-07, 2.43827741997e-07, 1.44544037539e-06, 1.24226937714e-06], "dvar": [1.39661256071e-06, 0.00511765899137, 0.000430949265137, 2.16884309339e-05, 1.29132331494e-05, 9.49573131948e-06, 1.16329083539e-05, 4.49725030194e-06, 1.2754017007e-06, 1.83498400474e-06, 5.23698645338e-07, 5.45281238828e-07, 1.96794431417e-07, 3.46630997683e-07, 1.86957095138e-07, 1.74663441044e-07, 7.59521867622e-08, 9.55967749405e-08, 6.86443328846e-08, 2.19640327259e-07, 6.0261164947e-08, 1.19329968129e-07, 3.58772496156e-08, 6.0777814781e-08, 1.17058959859e-07, 6.40029043097e-07, 5.49055016563e-07], "dmean": [0.000435529043898, 0.0221075061709, 0.00568940956146, 0.0015122985933, 0.00175022741314, 0.00123668264132, 0.00136584124994, 0.000763019255828, 0.000494579202496, 0.000417758215917, 0.000203775183763, 0.000354810326826, 0.000191942541278, 0.000197112065507, 0.000183835538337, 0.000175430133822, 0.000116368959425, 0.000135526541271, 0.000102894387965, 0.000156317459187, 0.000106524508737, 0.000100241275504, 8.16916872282e-05, 0.00010119752551, 0.000122575307614, 0.00029115768848, 0.000270603166427], "max": [0.0159417428076, 0.504408597946, 0.211547136307, 0.0603422224522, 0.155962347984, 0.0847508013248, 0.0629836395383, 0.0604143776, 0.0280244294554, 0.0337625741959, 0.0239331871271, 0.0146658187732, 0.0140195544809, 0.0145404255018, 0.0117007158697, 0.0119832446799, 0.00633789366111, 0.00671183736995, 0.00699623953551, 0.0159729197621, 0.0052721737884, 0.00657258136198, 0.0040735010989, 0.00550510222092, 0.00743234995753, 0.00981