{"metadata": {"tags": {"album": ["OperationGet Down"], "albumartist": ["Craig Mack"], "genre": ["Rap"], "artist": ["Craig Mack"], "date": ["1997"], "tracknumber": ["3"], "title": ["craig mack - craig mack-operation get down-03"], "file_name": "234304.mp3", "musicbrainz_recordingid": ["0be61dcf-0600-41fd-8aa1-c6908b5abdd9"]}, "audio_properties": {"sample_rate": 44100, "downmix": "mix", "lossless": false, "analysis_sample_rate": 44100, "md5_encoded": "73d8f802a040b20bd32c6af5d6d4331e", "equal_loudness": 0, "replay_gain": -13.6632881165, "codec": "mp3", "bit_rate": 320000, "length": 285.884094238}, "version": {"extractor": "music 1.0", "essentia_build_sha": "70f2e5ece6736b2c40cc944ad0e695b16b925413", "essentia_git_sha": "v2.1_beta2", "essentia": "2.1-beta2"}}, "rhythm": {"beats_loudness_band_ratio": {"dvar2": [0.15220451355, 0.0111148431897, 0.0480131804943, 0.0138821369037, 0.0109952734783, 0.0347923673689], "var": [0.178216397762, 0.00677680969238, 0.0164970718324, 0.00588325643912, 0.00823318213224, 0.0218066256493], "min": [0.000223764000111, 0.000592089490965, 0.000327923131408, 0.000400621152949, 0.000532537465915, 0.000339819642249], "dmean": [0.768026053905, 0.139180541039, 0.169672742486, 0.114211432636, 0.150339573622, 0.25033351779], "mean": [0.543683588505, 0.0804254710674, 0.10954362154, 0.0716330856085, 0.0848104283214, 0.137619391084], "max": [0.995045244694, 0.322021305561, 0.81426358223, 0.461770147085, 0.536776721478, 0.793935358524], "dmean2": [1.53403162956, 0.278039604425, 0.333770155907, 0.226544827223, 0.29821652174, 0.500760376453], "median": [0.663720190525, 0.0385115221143, 0.0707625746727, 0.0457608699799, 0.0362272672355, 0.0389552786946], "dvar": [0.0566097162664, 0.00379416975193, 0.0162206757814, 0.00460383156314, 0.00416395021603, 0.0118823712692]}, "bpm_histogram_first_peak_weight": {"dvar2": 0, "var": 0, "min": 0.958810091019, "dmean": 0, "mean": 0.958810091019, "max": 0.958810091019, "dmean2": 0, "median": 0.958810091019, "dvar": 0}, "bpm": 92.0039367676, "beats_count": 438, "bpm_histogram_first_peak_spread": {"dvar2": 0, "var": 0, "min": 0.0345622301102, "dmean": 0, "mean": 0.0345622301102, "max": 0.0345622301102, "dmean2": 0, "median": 0.0345622301102, "dvar": 0}, "danceability": 1.44792342186, "bpm_histogram_first_peak_bpm": {"dvar2": 0, "var": 0, "min": 92, "dmean": 0, "mean": 92, "max": 92, "dmean2": 0, "median": 92, "dvar": 0}, "beats_position": [0.580498874187, 1.18421769142, 1.79954648018, 2.41487526894, 3.06503391266, 3.7151927948, 4.3653512001, 5.01551008224, 5.66566896439, 6.31582736969, 6.96598625183, 7.61614513397, 8.26630401611, 8.91646194458, 9.56662082672, 10.2167797089, 10.8785486221, 11.5287075043, 12.1904764175, 12.840634346, 13.4907932281, 14.1409521103, 14.7911109924, 15.4412698746, 16.1030387878, 16.7531967163, 17.4149665833, 18.0651245117, 18.7152824402, 19.365442276, 20.0156002045, 20.6657600403, 21.3159179688, 21.9660758972, 22.6278457642, 23.2780036926, 23.9281635284, 24.5783214569, 25.2400894165, 25.8902492523, 26.5404071808, 27.1905670166, 27.8407249451, 28.4908847809, 29.1410427094, 29.7912006378, 30.4413604736, 31.0915184021, 31.753288269, 32.4034461975, 33.0652160645, 33.7153739929, 34.3655319214, 35.0156898499, 35.6658477783, 36.3160095215, 36.96616745, 37.6163253784, 38.2664833069, 38.91664505, 39.5784111023, 40.2285690308, 40.8903388977, 41.5404968262, 42.1906585693, 42.8408164978, 43.4909744263, 44.1411323547, 44.7912902832, 45.4414520264, 46.1032180786, 46.7533760071, 47.415145874, 48.076915741, 48.7154655457, 49.3656234741, 50.0157814026, 50.6659393311, 51.3160972595, 51.9662590027, 52.6280250549, 53.2665748596, 53.9283447266, 54.578502655, 55.240272522, 55.8904304504, 56.5405883789, 57.1907463074, 57.8525161743, 58.491065979, 59.1412239075, 59.7913818359, 60.4531517029, 61.1033096313, 61.7650794983, 62.4152374268, 63.0653953552, 63.7155532837, 64.3657150269, 65.0158691406, 65.6660308838, 66.316192627, 66.9663467407, 67.6165084839, 68.2782745361, 68.9284362793, 69.5902023315, 70.2403640747, 70.8905181885, 71.5406799316, 72.1908340454, 72.8409957886, 73.4911575317, 74.1413116455, 74.7914733887, 75.4416275024, 76.1034011841, 76.7535552979, 77.4153289795, 78.0654830933, 78.7156448364, 79.3658065796, 80.0159606934, 80.6661224365, 81.3162765503, 81.9664382935, 82.6166000366, 83.2667541504, 83.928527832, 84.5786819458, 85.2404556274, 85.9022216797, 86.5639877319, 87.2141494751, 87.8759155273, 88.5260772705, 89.1646270752, 89.8031692505, 90.4649429321, 91.1150970459, 91.7652587891, 92.4154205322, 93.065574646, 93.7157363892, 94.3658905029, 95.0160522461, 95.6662139893, 96.316368103, 96.9665298462, 97.6282958984, 98.2900695801, 98.9402236938, 99.590385437, 100.240539551, 100.890701294, 101.540863037, 102.191017151, 102.841178894, 103.491333008, 104.141494751, 104.803260803, 105.441810608, 106.10358429, 106.753738403, 107.415504456, 108.065666199, 108.715827942, 109.365982056, 110.016143799, 110.666305542, 111.316459656, 111.966621399, 112.616775513, 113.266937256, 113.928703308, 114.578865051, 115.240631104, 115.890792847, 116.54094696, 117.191108704, 117.841270447, 118.491424561, 119.153198242, 119.814964294, 120.465126038, 121.12689209, 121.765441895, 122.415596008, 123.065757751, 123.715919495, 124.366073608, 125.016235352, 125.666389465, 126.316551208, 126.966712952, 127.616867065, 128.278640747, 128.92880249, 129.590560913, 130.240722656, 130.890884399, 131.541046143, 132.191192627, 132.84135437, 133.491516113, 134.141677856, 134.803451538, 135.465209961, 136.138595581, 136.800354004, 137.42729187, 138.065841675, 138.716003418, 139.366165161, 140.016326904, 140.666488647, 141.316635132, 141.966796875, 142.628570557, 143.2787323, 143.940490723, 144.590652466, 145.240814209, 145.890975952, 146.541137695, 147.19128418, 147.841445923, 148.491607666, 149.141769409, 149.791931152, 150.453689575, 151.115463257, 151.765625, 152.415786743, 153.065933228, 153.716094971, 154.366256714, 155.016418457, 155.6665802, 156.316726685, 156.978500366, 157.628662109, 158.290420532, 158.940582275, 159.590744019, 160.240905762, 160.891067505, 161.541213989, 162.191375732, 162.841537476, 163.491699219, 164.141860962, 164.803619385, 165.453781128, 166.11555481, 166.765716553, 167.415863037, 168.06602478, 168.716186523, 169.366348267, 170.01651001, 170.666656494, 171.328430176, 171.978591919, 172.640365601, 173.290512085, 173.940673828, 174.590835571, 175.240997314, 175.891159058, 176.541305542, 177.191467285, 177.841629028, 178.491790771, 179.153549194, 179.803710938, 180.465484619, 181.115646362, 181.765808105, 182.41595459, 183.066116333, 183.716278076, 184.366439819, 185.016601562, 185.666748047, 186.328521729, 186.99029541, 187.640457153, 188.290603638, 188.940765381, 189.590927124, 190.241088867, 190.89125061, 191.541397095, 192.191558838, 192.841720581, 193.503494263, 194.153640747, 194.815414429, 195.465576172, 196.115737915, 196.765899658, 197.416046143, 198.066207886, 198.716369629, 199.366531372, 200.028289795, 200.6668396, 201.328613281, 201.990386963, 202.640533447, 203.29069519, 203.940856934, 204.591018677, 205.24118042, 205.891326904, 206.541488647, 207.191650391, 207.841812134, 208.491973877, 209.1537323, 209.803894043, 210.465667725, 211.115829468, 211.765975952, 212.416137695, 213.066299438, 213.716461182, 214.366622925, 215.016769409, 215.678543091, 216.328704834, 216.990478516, 217.640625, 218.290786743, 218.940948486, 219.591110229, 220.241271973, 220.891418457, 221.5415802, 222.191741943, 222.841903687, 223.503662109, 224.165435791, 224.815597534, 225.465759277, 226.115921021, 226.766067505, 227.416229248, 228.066390991, 228.716552734, 229.366714478, 230.0284729, 230.678634644, 231.340408325, 231.990570068, 232.640716553, 233.290878296, 233.941040039, 234.591201782, 235.241363525, 235.879898071, 236.541671753, 237.191833496, 237.853607178, 238.503753662, 239.165527344, 239.815689087, 240.46585083, 241.115997314, 241.766159058, 242.416320801, 243.066482544, 243.716644287, 244.366790771, 245.016952515, 245.678726196, 246.328887939, 246.990646362, 247.640808105, 248.290969849, 248.941131592, 249.591293335, 250.241439819, 250.914825439, 251.576599121, 252.215148926, 252.85369873, 253.503845215, 254.154006958, 254.81578064, 255.465942383, 256.116088867, 256.766265869, 257.416412354, 258.066558838, 258.71673584, 259.366882324, 260.028656006, 260.67880249, 261.340576172, 261.990753174, 262.640899658, 263.291046143, 263.941223145, 264.591369629, 265.241546631, 265.891693115, 266.553466797, 267.203613281, 267.865386963, 268.515563965, 269.165710449, 269.815856934, 270.466033936, 271.11618042, 271.766357422, 272.416503906, 273.066650391, 273.716827393, 274.366973877, 275.017150879, 275.678894043, 276.329071045, 276.990844727, 277.640991211, 278.291137695, 278.941314697, 279.591461182, 280.241638184, 280.891784668, 281.541931152, 282.203704834, 282.853881836, 283.515655518, 284.165802002, 284.815948486, 285.466125488], "beats_loudness": {"dvar2": 0.00510878069326, "var": 0.00303991232067, "min": 3.24337029456e-10, "dmean": 0.0779710933566, "mean": 0.0826369076967, "max": 0.247959926724, "dmean2": 0.155387252569, "median": 0.0741282403469, "dvar": 0.00160859106109}, "bpm_histogram_second_peak_weight": {"dvar2": 0, "var": 0, "min": 0.00686498824507, "dmean": 0, "mean": 0.00686498824507, "max": 0.00686498824507, "dmean2": 0, "median": 0.00686498824507, "dvar": 0}, "bpm_histogram_second_peak_spread": {"dvar2": 0, "var": 0, "min": 0, "dmean": 0, "mean": 0, "max": 0, "dmean2": 0, "median": 0, "dvar": 0}, "bpm_histogram_second_peak_bpm": {"dvar2": 0, "var": 0, "min": 98, "dmean": 0, "mean": 98, "max": 98, "dmean2": 0, "median": 98, "dvar": 0}, "onset_rate": 3.65867710114}, "lowlevel": {"spectral_energyband_high": {"dvar2": 6.22946890871e-06, "var": 4.201469892e-06, "min": 7.79925092783e-21, "dmean": 0.000573273573536, "mean": 0.000823533919174, "max": 0.0366315543652, "dmean2": 0.000822692119982, "median": 0.000223555034609, "dvar": 3.03509068544e-06}, "spectral_energyband_middle_low": {"dvar2": 0.000564618501812, "var": 0.000150192820001, "min": 3.9035296312e-22, "dmean": 0.00619815802202, "mean": 0.00759228598326, "max": 0.113500639796, "dmean2": 0.0106085827574, "median": 0.00374473514967, "dvar": 0.000196338325622}, "spectral_energy": {"dvar2": 0.00494347326458, "var": 0.00279966369271, "min": 1.07542850037e-20, "dmean": 0.0203673671931, "mean": 0.0352082177997, "max": 0.316747486591, "dmean2": 0.0338727533817, "median": 0.0157958678901, "dvar": 0.00189411197789}, "spectral_spread": {"dvar2": 1494890971140.0, "var": 2180023844860.0, "min": 927870.5625, "dmean": 554913.75, "mean": 4093640.25, "max": 41629528, "dmean2": 791314.6875, "median": 3855505, "dvar": 716635242496}, "spectral_energyband_low": {"dvar2": 0.00458662956953, "var": 0.00252317683771, "min": 4.38452299001e-23, "dmean": 0.0155947552994, "mean": 0.0226647499949, "max": 0.296403944492, "dmean2": 0.0266598202288, "median": 0.0001353485859, "dvar": 0.00177706056274}, "spectral_rolloff": {"dvar2": 2161309.5, "var": 2873529, "min": 43.06640625, "dmean": 575.823486328, "mean": 1635.61877441, "max": 19078.4179688, "dmean2": 916.146362305, "median": 1399.65820312, "dvar": 1084330.625}, "barkbands": {"dvar2": [1.65166929946e-05, 0.00161403988022, 0.00217096856795, 0.000330387993017, 2.83309163933e-05, 6.02615455136e-06, 3.82776888728e-05, 9.95965183392e-06, 1.26488112073e-05, 4.87979696118e-06, 2.20902074943e-06, 2.67788391284e-06, 3.04316040456e-06, 1.62208084475e-06, 1.89089757896e-06, 2.99302178064e-06, 1.58080763413e-06, 8.11725726635e-07, 8.82412450665e-07, 6.91812886089e-07, 6.81196297592e-07, 4.52123344985e-07, 1.37581409376e-07, 8.08666129615e-08, 2.71827271803e-08, 5.47673595364e-09, 1.64929891966e-09], "var": [6.69555311106e-06, 0.00126455374993, 0.000439736817498, 6.24051608611e-05, 6.78215474181e-06, 2.51879214375e-06, 2.27568889386e-05, 6.20329183221e-06, 8.13282258605e-06, 6.16408806309e-06, 1.41138809795e-06, 1.97208964892e-06, 2.24820200856e-06, 1.00497209132e-06, 7.97218945081e-07, 1.03234253856e-06, 5.1499756637e-07, 3.16942703193e-07, 4.59625880467e-07, 3.64450272627e-07, 4.47841671303e-07, 2.67406448984e-07, 7.38975458603e-08, 4.93340159835e-08, 2.41010535973e-08, 3.3599634186e-09, 7.22595483449e-10], "min": [5.41672918292e-24, 7.49849682419e-24, 5.44139370798e-24, 1.54477961013e-23, 1.88039764236e-23, 5.56169594266e-23, 5.78389407829e-23, 2.84733632387e-23, 3.54136731304e-23, 6.06964852824e-23, 2.1454822011e-23, 6.9219306948e-23, 4.48422995972e-23, 8.04569397763e-23, 9.83197041658e-23, 1.53428952714e-22, 1.12074137759e-22, 1.44660631224e-22, 1.41071983059e-22, 2.32323954209e-22, 2.6874784577e-22, 4.41156211261e-22, 6.58320000677e-22, 7.23817922569e-22, 9.81119005329e-22, 1.3992336624e-21, 2.15172033012e-21], "dmean": [0.000845008878969, 0.0101378699765, 0.00706767523661, 0.00243958015926, 0.00112413289025, 0.000614169228356, 0.0017636816483, 0.000655766169075, 0.000887521775439, 0.000607002293691, 0.000397317344323, 0.000492775172461, 0.000543609552551, 0.000395880342694, 0.000315543904435, 0.000376330252038, 0.000240268273046, 0.00016079818306, 0.000222587346798, 0.000175609515281, 0.00021018658299, 0.000130264583277, 7.29509265511e-05, 6.11919895164e-05, 3.2015490433e-05, 1.33037292471e-05, 6.10434244663e-06], "mean": [0.00075712025864, 0.0155827365816, 0.00545071111992, 0.00151593354531, 0.00106651498936, 0.000647954875603, 0.00212082732469, 0.000778157089371, 0.00114202371333, 0.000921467784792, 0.000520665780641, 0.000692176923621, 0.000806334952358, 0.000588521710597, 0.000414321024437, 0.000521024107002, 0.000293293298455, 0.000171212726855, 0.000294304656563, 0.000224287272431, 0.000314917619107, 0.00016269821208, 8.65611073095e-05, 7.28614904801e-05, 3.98549855163e-05, 1.50280338858e-05, 6.23306323178e-06], "max": [0.0259505175054, 0.248734176159, 0.19030252099, 0.0879090577364, 0.0353790670633, 0.0225525200367, 0.0720463469625, 0.0458723753691, 0.0493243560195, 0.0495130084455, 0.0243224985898, 0.0226416289806, 0.0186215210706, 0.0198534652591, 0.0171227492392, 0.0121800815687, 0.00910691916943, 0.00628201197833, 0.00847726594657, 0.00635947240517, 0.0143291316926, 0.0142949437723, 0.00740561960265, 0.00637876009569, 0.00450898334384, 0.000786235323176, 0.000348744448274], "dmean2": [0.00135313521605, 0.0155473090708, 0.0132401399314, 0.00465878425166, 0.00199464289472, 0.00102455611341, 0.0028154628817, 0.00101162376814, 0.0013479848858, 0.000862428278197, 0.000628487963695, 0.000761211209465, 0.000852962664794, 0.000633971183561, 0.00050500058569, 0.000608566624578, 0.000396435090806, 0.000256455125054, 0.000339502788847, 0.000267906696536, 0.000308274145937, 0.000193382104044, 0.000108580745291, 9.36217402341e-05, 4.61078416265e-05, 1.85277240234e-05, 9.12466020964e-06], "median": [3.74817318516e-05, 2.52306854236e-05, 9.98211999104e-06, 3.44915570167e-05, 0.000311305979267, 0.000141260796227, 0.000272347126156, 6.18068224867e-05, 0.000104262617242, 0.000117974996101, 0.00011341444042, 0.000162641736097, 0.000199451576918, 0.000251593010034, 0.000145621597767, 0.000228974589845, 0.000101407786133, 4.11208093283e-05, 8.39512431412e-05, 6.00091007072e-05, 8.9159453637e-05, 2.96287635138e-05, 1.39706007758e-05, 1.39121784741e-05, 4.66074243377e-06, 1.4473189367e-06, 6.43417976676e-08], "dvar": [7.04195281287e-06, 0.000759791466407, 0.000727759674191, 0.000112675697892, 9.9541794043e-06, 2.35271681959e-06, 1.61646967172e-05, 4.29329520557e-06, 5.51449102204e-06, 2.54743622463e-06, 9.21021808153e-07, 1.2007086525e-06, 1.29252009629e-06, 6.54837549519e-07, 7.43101224998e-07, 1.13505859645e-06, 6.03513342412e-07, 3.41211602972e-07, 3.88701721477e-07, 3.14318953087e-07, 3.18012126854e-07, 2.13719886233e-07, 6.17158022465e-08, 3.60540965971e-08, 1.38234197422e-08, 2.57678967053e-09, 7.15320469524e-10]}, "melbands_skewness": {"dvar2": 6.17131328583, "var": 10.9906654358, "min": -3.61885666847, "dmean": 1.32837438583, "mean": 3.08272981644, "max": 28.1101112366, "dmean2": 1.90318715572, "median": 1.85992085934, "dvar": 3.2896592617}, "barkbands_skewness": {"dvar2": 3.34712958336, "var": 5.17905044556, "min": -5.77535820007, "dmean": 1.00639903545, "mean": 1.80455744267, "max": 26.656288147, "dmean2": 1.45354890823, "median": 1.14941501617, "dvar": 1.73959159851}, "erbbands": {"dvar2": [2.19013571739, 83.5281524658, 1981.19750977, 4098.01757812, 1078.76586914, 240.482589722, 286.739990234, 368.266723633, 7065.17431641, 6138.94433594, 4146.21533203, 6443.78271484, 6754.93896484, 2453.19311523, 3401.42626953, 3939.6328125, 5631.22265625, 4655.15869141, 4953.01513672, 3132.39672852, 13039.8232422, 5385.87060547, 2487.22314453, 1516.3572998, 3251.75146484, 1554.05749512, 1099.6427002, 1290.66052246, 549.244750977, 408.605804443, 88.920501709, 51.039264679, 15.6906833649, 5.22198438644, 1.08111572266, 0.12953093648, 0.0146240415052, 0.000987367937341, 2.95800400636e-05, 4.19562951492e-07], "var": [1.43401360512, 62.2737998962, 476.192443848, 789.924255371, 214.700500488, 68.4089355469, 95.3502502441, 213.724014282, 4274.42626953, 3453.98364258, 2465.66113281, 3635.09912109, 8630.19140625, 2823.01806641, 1984.05554199, 3274.71777344, 4359.75, 2994.62451172, 2137.69482422, 1826.14501953, 3794.5690918, 1660.23425293, 932.674804688, 764.893371582, 1547.22875977, 811.601623535, 652.80871582, 798.28527832, 355.020599365, 188.426132202, 50.175151825, 28.7578659058, 10.155913353, 4.26941156387, 0.911750674248, 0.0901830866933, 0.00893968716264, 0.000467964884592, 1.04759583337e-05, 1.91625559864e-07], "min": [5.54649692804e-22, 1.16721969897e-21, 7.77782339568e-21, 3.23858141168e-20, 4.65323506567e-20, 8.75143646396e-20, 3.54277217056e-19, 2.52727251782e-19, 4.09053685906e-19, 5.69415934238e-19, 5.82811762367e-19, 6.55643309242e-19, 1.9699473792e-18, 7.75488079822e-19, 1.66506452864e-18, 2.68847161444e-18, 2.51843636773e-18, 3.67008126389e-18, 6.05008089109e-18, 5.26566386185e-18, 7.89194907181e-18, 7.42849135513e-18, 7.1117076503e-18, 7.47023006166e-18, 1.07699370704e-17, 1.21475451692e-17, 1.67088663938e-17, 9.45470748871e-18, 1.60435170507e-17, 1.51554178947e-17, 1.83284893419e-17, 1.79378218648e-17, 1.07868752478e-17, 1.127436587e-17, 6.40199991962e-18, 4.55692186453e-18, 2.81866694773e-18, 1.07628781178e-18, 2.82064530526e-19, 3.19294559879e-20], "dmean": [0.350078910589, 2.21796131134, 7.41567611694, 8.8783493042, 5.28783845901, 3.45947480202, 3.67034554482, 5.46883630753, 22.7212619781, 19.8796901703, 14.5788393021, 19.0754241943, 20.4294147491, 15.0297832489, 15.8136863708, 18.8737354279, 23.0791301727, 20.6622600555, 16.3435173035, 15.8894586563, 20.9769878387, 12.9934263229, 8.41093254089, 9.16559123993, 11.890625, 8.1983127594, 7.9703245163, 8.61045074463, 4.80261278152, 3.50468230247, 1.88371193409, 1.43561673164, 0.89675039053, 0.432252317667, 0.196709543467, 0.0684419795871, 0.0214117355645, 0.00488774152473, 0.000728188140783, 0.000117044088256], "mean": [0.427191257477, 3.53585600853, 6.90805959702, 5.83855724335, 3.9381415844, 3.4159412384, 3.720454216, 6.51297855377, 27.6602725983, 23.3131160736, 18.546754837, 24.6781673431, 31.1619358063, 24.0439453125, 22.9295063019, 28.6908016205, 36.4742088318, 32.3955688477, 22.8879909515, 26.0495090485, 27.9627189636, 16.5752830505, 9.48181056976, 12.2044363022, 14.8547296524, 10.7196798325, 11.690281868, 12.2754735947, 6.2277469635, 3.89787721634, 2.30074357986, 1.66956973076, 1.08809018135, 0.537786960602, 0.238797858357, 0.081958539784, 0.023883337155, 0.00487563293427, 0.000676908181049, 0.000143148296047], "max": [10.4323892593, 58.4596824646, 186.351608276, 278.607421875, 164.12802124, 207.596176147, 144.827514648, 226.272186279, 1264.56640625, 927.529174805, 1161.15246582, 976.743835449, 2031.92089844, 1232.5201416, 762.301025391, 1042.05700684, 1024.17431641, 1139.27758789, 889.618408203, 592.124938965, 801.459777832, 515.459960938, 384.137359619, 283.080688477, 413.02545166, 293.47454834, 398.588012695, 608.461975098, 441.049407959, 509.339569092, 188.831008911, 176.116073608, 82.6842193604, 75.843170166, 19.9648742676, 5.63181829453, 1.2012540102, 0.253392219543, 0.0496238991618, 0.00554945738986], "dmean2": [0.502630829811, 3.53729653358, 13.4133281708, 16.7919845581, 9.7651348114, 6.03040266037, 6.43396282196, 8.74729442596, 35.9404258728, 31.7541942596, 21.8255825043, 28.9621257782, 28.331703186, 22.1267414093, 24.6865634918, 28.2577934265, 35.661655426, 32.5533599854, 26.1655235291, 24.5460720062, 34.8991088867, 21.3412513733, 13.353143692, 13.863992691, 18.278295517, 12.6313724518, 11.6991691589, 12.6330757141, 7.09131145477, 5.28659343719, 2.78048825264, 2.19130086899, 1.36372101307, 0.627542197704, 0.28724732995, 0.0949919819832, 0.0298538710922, 0.00728141330183, 0.00115719041787, 0.00017749874678], "median": [0.00117379496805, 0.00450419913977, 0.0167607925832, 0.150727540255, 0.705940663815, 0.877013087273, 0.650810241699, 1.67949795723, 4.03320264816, 3.41596031189, 3.18314290047, 3.03456997871, 3.75899481773, 5.00270271301, 6.1254196167, 7.02373743057, 10.0088272095, 12.6490859985, 9.76926612854, 11.4588155746, 12.128455162, 6.21269226074, 2.70229721069, 3.98219132423, 3.86875844002, 2.94554591179, 3.04383587837, 3.37498521805, 1.25340628624, 0.599321782589, 0.362995237112, 0.286041408777, 0.211170047522, 0.0691319480538, 0.0257836990058, 0.00923801586032, 0.00204287399538, 0.000271202967269, 2.3103060812e-05, 2.55555878539e-05], "dvar": [1.03638291359, 38.9916763306, 674.695800781, 1395.42236328, 372.007324219, 87.0339431763, 103.024040222, 154.250564575, 3041.19750977, 2538.42895508, 1786.77685547, 2712.17382812, 3573.34790039, 1214.49853516, 1394.3137207, 1829.61254883, 2432.42553711, 1871.74377441, 1917.06469727, 1349.07727051, 4755.59521484, 2022.28796387, 1028.14672852, 662.758972168, 1412.94067383, 710.368347168, 494.358093262, 597.974243164, 269.793182373, 176.347290039, 40.5923042297, 22.3816833496, 7.05136108398, 2.5634894371, 0.544132590294, 0.0618428774178, 0.00696264253929, 0.000436279806308, 1.18698217193e-05, 1.83542894661e-07]}, "silence_rate_30dB": {"dvar2": 0.103207714856, "var": 0.0886031314731, "min": 0, "dmean": 0.0565302148461, "mean": 0.901729881763, "max": 1, "dmean2": 0.113069616258, "median": 1, "dvar": 0.0533300191164}, "melbands_spread": {"dvar2": 474.440185547, "var": 540.264160156, "min": 0.254451394081, "dmean": 9.92419242859, "mean": 24.40234375, "max": 236.201828003, "dmean2": 14.9424409866, "median": 18.4547042847, "dvar": 231.566223145}, "melbands_crest": {"dvar2": 33.8325195312, "var": 57.0245056152, "min": 1.00063598156, "dmean": 4.10781478882, "mean": 16.6847438812, "max": 37.7975234985, "dmean2": 6.36518239975, "median": 16.1439037323, "dvar": 15.1015348434}, "zerocrossingrate": {"dvar2": 0.000313380995067, "var": 0.00202297233045, "min": 0.00244140625, "dmean": 0.0131143890321, "mean": 0.0587399601936, "max": 0.521484375, "dmean2": 0.0140813868493, "median": 0.05224609375, "dvar": 0.000296000333037}, "barkbands_kurtosis": {"dvar2": 1147.50561523, "var": 662.668701172, "min": -1.91397833824, "dmean": 8.63590621948, "mean": 9.66233634949, "max": 1034.84667969, "dmean2": 13.6694421768, "median": 1.63906526566, "dvar": 501.420898438}, "spectral_flux": {"dvar2": 0.00856173969805, "var": 0.00899714324623, "min": 6.83812659275e-11, "dmean": 0.0412994921207, "mean": 0.102627187967, "max": 0.526078760624, "dmean2": 0.0659870877862, "median": 0.0775703117251, "dvar": 0.00431244354695}, "barkbands_crest": {"dvar2": 22.592798233, "var": 36.9379959106, "min": 2.46572566032, "dmean": 3.42646551132, "mean": 12.2532167435, "max": 26.2796268463, "dmean2": 5.20515489578, "median": 10.9491195679, "dvar": 10.4613342285}, "barkbands_flatness_db": {"dvar2": 0.00209160451777, "var": 0.00430450821295, "min": 0.0273375939578, "dmean": 0.0306804385036, "mean": 0.161638572812, "max": 0.45582690835, "dmean2": 0.0445681326091, "median": 0.154553636909, "dvar": 0.00106650055386}, "spectral_entropy": {"dvar2": 0.132769241929, "var": 0.156215190887, "min": 5.56930732727, "dmean": 0.206784933805, "mean": 7.56643199921, "max": 9.81289958954, "dmean2": 0.310617387295, "median": 7.5563583374, "dvar": 0.0555996522307}, "pitch_salience": {"dvar2": 0.0168821606785, "var": 0.0363185815513, "min": 0.051515609026, "dmean": 0.0949731916189, "mean": 0.504215061665, "max": 0.996079683304, "dmean2": 0.144026860595, "median": 0.537708044052, "dvar": 0.00780644686893}, "erbbands_spread": {"dvar2": 365.773101807, "var": 457.998657227, "min": 2.67724132538, "dmean": 10.167552948, "mean": 34.5687446594, "max": 185.159820557, "dmean2": 14.7841434479, "median": 29.4780979156, "dvar": 158.094970703}, "dynamic_complexity": 5.22444486618, "spectral_contrast_valleys": {"dvar2": [0.659977197647, 0.483703404665, 0.324584752321, 0.294241458178, 0.294224441051, 0.359151929617], "var": [3.05468678474, 1.94842231274, 1.89204835892, 1.84318196774, 1.89431929588, 2.16110229492], "min": [-27.2153892517, -27.6537952423, -27.3103599548, -27.2162437439, -27.2553520203, -27.3272666931], "dmean": [0.52802157402, 0.500323832035, 0.411292999983, 0.359294056892, 0.343058615923, 0.407255977392], "mean": [-8.88174057007, -7.80070209503, -7.9205031395, -7.93113231659, -8.0088596344, -10.7828645706], "max": [-5.03170633316, -5.07307338715, -5.02858304977, -5.15753507614, -5.14937734604, -7.42052984238], "dmean2": [0.840216159821, 0.784332931042, 0.612454891205, 0.534817457199, 0.487963676453, 0.538027405739], "median": [-9.10746097565, -7.6157913208, -7.73924922943, -7.69471502304, -7.78528690338, -10.5946292877], "dvar": [0.305512160063, 0.221648827195, 0.162785962224, 0.152385190129, 0.165622755885, 0.20367372036]}, "hfc": {"dvar2": 1227.9029541, "var": 689.906677246, "min": 1.17856336335e-16, "dmean": 9.53626060486, "mean": 18.124874115, "max": 291.265899658, "dmean2": 14.3048248291, "median": 11.9233131409, "dvar": 536.974914551}, "spectral_kurtosis": {"dvar2": 11.1222028732, "var": 9.73338890076, "min": -1.2230527401, "dmean": 1.80605792999, "mean": 4.38681173325, "max": 45.5944709778, "dmean2": 2.93687653542, "median": 3.68425512314, "dvar": 4.34423351288}, "mfcc": {"mean": [-693.744812012, 105.230049133, -24.4058570862, 11.2973623276, -4.66802310944, 12.1717319489, -1.4895349741, -5.97821617126, 1.55330574512, 0.543975412846, -3.89370155334, 5.16452598572, 1.03801119328], "cov": [[12662.484375, 525.736938477, -249.239685059, 508.453552246, -480.528137207, -65.0776977539, -167.77923584, -117.770469666, 22.383644104, 208.490249634, 93.8255767822, 117.616844177, -66.4981231689], [525.736938477, 1556.82214355, -143.62210083, 169.524230957, 315.871520996, 146.097015381, 183.97088623, 223.779327393, 211.749893188, 80.2271270752, 83.7606201172, 106.184654236, 50.9734802246], [-249.239685059, -143.62210083, 1063.703125, 471.527587891, 335.623809814, 303.38571167, 123.734336853, 144.651992798, 86.7536010742, 90.0810165405, 83.5278320312, 87.2471542358, 95.3293762207], [508.453552246, 169.524230957, 471.527587891, 757.89440918, 401.497192383, 358.840942383, 69.1747207642, 109.650054932, 104.551841736, 136.525497437, 108.264251709, 78.9544754028, 133.9012146], [-480.528137207, 315.871520996, 335.623809814, 401.497192383, 715.904052734, 357.199493408, 147.865310669, 196.61618042, 140.330078125, 98.520111084, 87.0845336914, 91.3320922852, 142.945251465], [-65.0776977539, 146.097015381, 303.38571167, 358.840942383, 357.199493408, 448.440460205, 193.04548645, 192.734359741, 135.660949707, 106.190170288, 82.2193374634, 76.6161193848, 100.939498901], [-167.77923584, 183.97088623, 123.734336853, 69.1747207642, 147.865310669, 193.04548645, 321.163818359, 209.276290894, 150.243011475, 61.6525497437, 59.0248947144, 63.0636863708, 19.3990154266], [-117.770469666, 223.779327393, 144.651992798, 109.650054932, 196.61618042, 192.734359741, 209.276290894, 318.10446167, 176.599227905, 75.7866821289, 82.9148254395, 78.8970413208, 55.4906425476], [22.383644104, 211.749893188, 86.7536010742, 104.551841736, 140.330078125, 135.660949707, 150.243011475, 176.599227905, 225.174240112, 115.6068573, 98.9940109253, 67.8995285034, 35.3849563599], [208.490249634, 80.2271270752, 90.0810165405, 136.525497437, 98.520111084, 106.190170288, 61.6525497437, 75.7866821289, 115.6068573, 196.43788147, 108.769332886, 69.7130355835, 31.9842128754], [93.8255767822, 83.7606201172, 83.5278320312, 108.264251709, 87.0845336914, 82.2193374634, 59.0248947144, 82.9148254395, 98.9940109253, 108.769332886, 163.479812622, 78.4895858765, 27.4420223236], [117.616844177, 106.184654236, 87.2471542358, 78.9544754028, 91.3320922852, 76.6161193848, 63.0636863708, 78.8970413208, 67.8995285034, 69.7130355835, 78.4895858765, 131.827606201, 55.5726928711], [-66.4981231689, 50.9734802246, 95.3293762207, 133.9012146, 142.945251465, 100.939498901, 19.3990154266, 55.4906425476, 35.3849563599, 31.9842128754, 27.4420223236, 55.5726928711, 142.243667603]], "icov": [[9.66989100561e-05, -3.98038973799e-05, 4.18292802351e-05, -0.000158739421749, 0.000145024983794, 9.01120529306e-07, 5.03186565766e-05, -6.21076742391e-06, 1.29590762299e-05, -8.60997024574e-05, 5.84897316003e-05, -0.000142293662066, 9.04914559214e-05], [-3.98038973799e-05, 0.000910182192456, 0.000356303236913, -0.000231423458899, -0.000428578205174, 0.000270443386398, -0.000179002890945, -0.000222182905418, -0.000584486871958, 0.000260787608568, 0.00016325507022, -0.000463490898255, 0.000220497517148], [4.18292802351e-05, 0.000356303236913, 0.0015501503367, -0.000891162431799, -0.000206733951927, -8.7254527898e-05, -0.000213766557863, -0.000303575390717, 7.2147580795e-05, 0.000132700282848, 9.62990015978e-05, -0.000624115811661, 0.000286605674773], [-0.000158739421749, -0.000231423458899, -0.000891162431799, 0.00334920408204, -0.00065577798523, -0.00172027165536, 0.000743801356293, 0.000600948696956, 5.82025822951e-05, -0.000591263466049, -0.00078194681555, 0.000847694696859, -0.00106478657108], [0.000145024983794, -0.000428578205174, -0.000206733951927, -0.00065577798523, 0.00308035337366, -0.00132681336254, 0.000267674593488, -0.00037494051503, -7.446447853e-05, 2.50592238444e-05, 3.82618236472e-05, -8.55300168041e-05, -0.00102807441726], [9.01120529306e-07, 0.000270443386398, -8.7254527898e-05, -0.00172027165536, -0.00132681336254, 0.0062320609577, -0.00228783162311, -0.000954583112616, 0.000231338883168, -0.00075581530109, 0.000287351344014, 0.000317169789923, -0.000890244671609], [5.03186565766e-05, -0.000179002890945, -0.000213766557863, 0.000743801356293, 0.000267674593488, -0.00228783162311, 0.00688852835447, -0.002535588108, -0.00190575863235, 0.000434677174781, 0.000629350484814, -0.00115278933663, 0.00164027465507], [-6.21076742391e-06, -0.000222182905418, -0.000303575390717, 0.000600948696956, -0.00037494051503, -0.000954583112616, -0.002535588108, 0.00795554276556, -0.00364727457054, 0.00113648362458, -0.000642759900074, -0.000642279861495, -0.000962389749475], [1.29590762299e-05, -0.000584486871958, 7.2147580795e-05, 5.82025822951e-05, -7.446447853e-05, 0.000231338883168, -0.00190575863235, -0.00364727457054, 0.011713177897, -0.00385492877103, -0.00219425698742, 0.000796911888756, -0.000229244906222], [-8.60997024574e-05, 0.000260787608568, 0.000132700282848, -0.000591263466049, 2.50592238444e-05, -0.00075581530109, 0.000434677174781, 0.00113648362458, -0.00385492877103, 0.0101450122893, -0.0038465403486, -0.00158279086463, 0.000380740937544], [5.84897316003e-05, 0.00016325507022, 9.62990015978e-05, -0.00078194681555, 3.82618236472e-05, 0.000287351344014, 0.000629350484814, -0.000642759900074, -0.00219425698742, -0.0038465403486, 0.0122756436467, -0.00462972465903, 0.00141422986053], [-0.000142293662066, -0.000463490898255, -0.000624115811661, 0.000847694696859, -8.55300168041e-05, 0.000317169789923, -0.00115278933663, -0.000642279861495, 0.000796911888756, -0.00158279086463, -0.00462972465903, 0.0138237345964, -0.00436139013618], [9.04914559214e-05, 0.000220497517148, 0.000286605674773, -0.00106478657108, -0.00102807441726, -0.000890244671609, 0.00164027465507, -0.000962389749475, -0.000229244906222, 0.000380740937544, 0.00141422986053, -0.00436139013618, 0.0110228760168]]}, "silence_rate_20dB": {"dvar2": 0, "var": 0, "min": 1, "dmean": 0, "mean": 1, "max": 1, "dmean2": 0, "median": 1, "dvar": 0}, "melbands_kurtosis": {"dvar2": 5549.34472656, "var": 3985.89794922, "min": -1.8955322504, "dmean": 21.1279773712, "mean": 28.3331890106, "max": 985.479675293, "dmean2": 32.4617881775, "median": 4.93231105804, "dvar": 2463.04882812}, "barkbands_spread": {"dvar2": 130.278930664, "var": 147.961395264, "min": 0.220740064979, "dmean": 6.41639757156, "mean": 18.0539245605, "max": 110.568229675, "dmean2": 9.69382667542, "median": 15.2329149246, "dvar": 60.3356666565}, "erbbands_skewness": {"dvar2": 0.724606752396, "var": 0.806388556957, "min": -4.54233217239, "dmean": 0.516305744648, "mean": 0.228406310081, "max": 5.84420204163, "dmean2": 0.778082549572, "median": 0.214914530516, "dvar": 0.307023644447}, "average_loudness": 0.903313994408, "spectral_centroid": {"dvar2": 388865.53125, "var": 539794.4375, "min": 159.456695557, "dmean": 362.013183594, "mean": 1541.63830566, "max": 11257.0205078, "dmean2": 535.753356934, "median": 1482.7355957, "dvar": 187630.625}, "dissonance": {"dvar2": 0.00123595283367, "var": 0.00109596282709, "min": 0.224634438753, "dmean": 0.0221333131194, "mean": 0.45886734128, "max": 0.500000119209, "dmean2": 0.0360429063439, "median": 0.467096716166, "dvar": 0.000494164589327}, "erbbands_flatness_db": {"dvar2": 0.000872288655955, "var": 0.00238293642178, "min": 0.0541459731758, "dmean": 0.022509271279, "mean": 0.189629197121, "max": 0.454793095589, "dmean2": 0.0318256430328, "median": 0.190038114786, "dvar": 0.000457102840301}, "spectral_strongpeak": {"dvar2": 0.875599980354, "var": 0.81641292572, "min": 0, "dmean": 0.460785418749, "mean": 0.948753535748, "max": 11.1917915344, "dmean2": 0.732504069805, "median": 0.670581758022, "dvar": 0.362128406763}, "spectral_rms": {"dvar2": 1.02417216112e-05, "var": 1.26278682728e-05, "min": 3.23913357074e-12, "dmean": 0.00134257518221, "mean": 0.00466066319495, "max": 0.0175790190697, "dmean2": 0.00204633688554, "median": 0.00392563408241, "dvar": 4.49148365078e-06}, "silence_rate_60dB": {"dvar2": 0.125996932387, "var": 0.156880095601, "min": 0, "dmean": 0.0635152682662, "mean": 0.194834724069, "max": 1, "dmean2": 0.127040863037, "median": 0, "dvar": 0.059477109462}, "melbands": {"dvar2": [0.000131397711812, 0.000294503406622, 0.000102618178062, 2.34973890656e-06, 2.87829692525e-07, 2.2877888739e-07, 1.59387866461e-06, 6.22899847258e-07, 2.70847465345e-07, 2.7426278848e-07, 1.71432105844e-07, 4.53599291461e-08, 3.96962676064e-08, 3.7313288459e-08, 3.68267443207e-08, 2.98987963276e-08, 1.70744218764e-08, 1.24279635472e-08, 1.06121609278e-08, 6.12064221528e-09, 2.40698128096e-08, 8.13543632461e-09, 1.33327582308e-09, 2.17626228149e-09, 8.77328709681e-10, 1.85863391344e-09, 1.12833442589e-09, 6.10980821492e-10, 5.42933586978e-10, 3.60416779754e-10, 4.85315398979e-10, 2.20416102037e-10, 1.46319498184e-10, 1.18183199338e-10, 3.53925985741e-11, 1.75485511539e-11, 2.13594610748e-11, 9.51071253003e-12, 4.76329045651e-12, 3.92493069296e-12], "var": [0.000102872749267, 0.000106208244688, 2.00869671971e-05, 5.14706414378e-07, 1.02391886969e-07, 1.2620733969e-07, 9.59591602623e-07, 3.64732812841e-07, 1.58140963435e-07, 1.69315754306e-07, 2.20239655846e-07, 5.31358423927e-08, 2.41796787037e-08, 2.5514543367e-08, 2.94003363877e-08, 2.04131165304e-08, 1.07022053442e-08, 5.92471582905e-09, 4.47501280476e-09, 3.28809002248e-09, 6.3640843706e-09, 2.30740715423e-09, 6.52354614772e-10, 7.44576511558e-10, 4.68915850593e-10, 9.12202369197e-10, 5.50703427304e-10, 3.24815924158e-10, 2.80833967192e-10, 2.43873948813e-10, 2.80120815432e-10, 1.34359023907e-10, 7.38119912413e-11, 4.95288705882e-11, 1.80777406933e-11, 1.14678414334e-11, 1.08348425717e-11, 5.75721978771e-12, 3.55041256811e-12, 3.01734722277e-12], "min": [6.18076108558e-24, 3.38836071961e-24, 6.31171554572e-24, 4.28445148768e-24, 1.13493189664e-23, 6.40400043872e-24, 8.26721732164e-24, 6.05319793847e-24, 4.61031336154e-24, 4.87467879468e-24, 1.0603510934e-23, 2.55033583341e-24, 3.91784060932e-24, 5.18488887933e-24, 3.82134162136e-24, 4.20918311326e-24, 6.29527962876e-24, 1.00729065231e-23, 6.51891972324e-24, 9.90316732208e-24, 7.92094051641e-24, 7.26024820904e-24, 8.97631097871e-24, 5.2263474642e-24, 5.67708523051e-24, 5.09766610676e-24, 6.59299179008e-24, 6.73422234681e-24, 9.68043323436e-24, 5.08896615427e-24, 5.30775909291e-24, 9.37793110961e-24, 8.36593616418e-24, 8.12890476141e-24, 9.89569680931e-24, 1.24922474672e-23, 9.86644032492e-24, 8.05944555871e-24, 6.74036520668e-24, 9.65239238462e-24], "dmean": [0.00293736555614, 0.00335659808479, 0.00144397595432, 0.000295866193483, 0.000127251681988, 0.000133569861646, 0.000349829933839, 0.000199282236281, 0.000122818557429, 0.000124441663502, 0.000104324819404, 6.4314044721e-05, 5.31296464032e-05, 5.46098308405e-05, 5.56690210942e-05, 5.24389033671e-05, 3.88400985685e-05, 2.8200332963e-05, 2.36017785937e-05, 2.20120764425e-05, 2.69267038675e-05, 1.56678815983e-05, 7.24667961549e-06, 7.89581827121e-06, 7.41424764783e-06, 9.61941077549e-06, 6.68852499075e-06, 5.36383186045e-06, 5.14476687385e-06, 5.18107935932e-06, 4.99361840411e-06, 2.98778718388e-06, 2.02619526135e-06, 1.87050136446e-06, 1.14572969778e-06, 8.80565721673e-07, 9.11219331101e-07, 6.9358827659e-07, 4.62740615603e-07, 3.43738463471e-07], "mean": [0.00416780030355, 0.00410691602156, 0.000977088580839, 0.000259608583292, 0.000131781620439, 0.000154484514496, 0.000425676989835, 0.00023293493723, 0.000152903332491, 0.000159798393724, 0.000156741181854, 9.93560897768e-05, 7.36965521355e-05, 7.49147875467e-05, 8.3268576418e-05, 7.74099535192e-05, 5.74505211262e-05, 3.75531417376e-05, 3.22497544403e-05, 3.46408196492e-05, 3.29961512762e-05, 1.88077447092e-05, 8.9748764367e-06, 8.1094340203e-06, 9.767208212e-06, 1.19838832688e-05, 8.20338664198e-06, 6.82294239596e-06, 7.10506901669e-06, 7.80463869887e-06, 6.74280272506e-06, 3.74015053239e-06, 2.44010334427e-06, 1.98962447939e-06, 1.36832909448e-06, 1.06040795345e-06, 1.01494629234e-06, 8.22857316507e-07, 5.65616232961e-07, 4.13132767108e-07], "max": [0.0734384804964, 0.0804219096899, 0.0436560846865, 0.00885790772736, 0.00493933446705, 0.00577120808885, 0.017427675426, 0.00882900878787, 0.00855279248208, 0.00561988027766, 0.00999673269689, 0.00526635022834, 0.00309194158763, 0.00270612444729, 0.00325650535524, 0.00184580252972, 0.00219529913738, 0.00122979830485, 0.00161282997578, 0.000675063871313, 0.00110726850107, 0.000644640880637, 0.000321025640005, 0.000352262228262, 0.000234484454268, 0.000496013613883, 0.000271550903562, 0.000218437009607, 0.000208941259189, 0.000407828978496, 0.000302013708279, 0.000266683608061, 0.000430671294453, 0.000197643617867, 0.000125135746202, 0.00010211308836, 0.000103613638203, 7.08217266947e-05, 6.20971768512e-05, 6.56874763081e-05], "dmean2": [0.00420037657022, 0.00570602994412, 0.00271408562548, 0.00053073244635, 0.00022250492475, 0.000213552761124, 0.000556330254767, 0.000317274505505, 0.000184297314263, 0.000188905760297, 0.000144845762406, 9.4532580988e-05, 8.36637991597e-05, 8.4439307102e-05, 8.40409047669e-05, 8.31399520393e-05, 6.1492624809e-05, 4.52538733953e-05, 3.7844027247e-05, 3.4097032767e-05, 4.58326903754e-05, 2.62903613475e-05, 1.12924453788e-05, 1.2844649973e-05, 1.12004081529e-05, 1.48488306877e-05, 1.02672029243e-05, 8.33536523714e-06, 7.73729789216e-06, 7.71289433033e-06, 7.36686843084e-06, 4.45254863735e-06, 3.03740944219e-06, 2.89537001663e-06, 1.72026273049e-06, 1.31241711188e-06, 1.42530439007e-06, 1.07141249828e-06, 6.8525395136e-07, 5.0330487511e-07], "median": [1.35224145197e-05, 6.85524810251e-06, 4.1977262299e-05, 6.96188726579e-05, 2.27795899264e-05, 3.49370093318e-05, 6.01716710662e-05, 2.83721055894e-05, 1.73001808434e-05, 1.46774964378e-05, 1.60110303113e-05