{"tonal": {"thpcp": [1, 0.899523556232, 0.636829435825, 0.736944019794, 0.781415522099, 0.490591228008, 0.320224046707, 0.312351286411, 0.425148993731, 0.790772855282, 0.83531332016, 0.443802267313, 0.259026288986, 0.254777252674, 0.325380653143, 0.496162414551, 0.51319026947, 0.338059067726, 0.280707508326, 0.259295910597, 0.193218097091, 0.244417265058, 0.342242181301, 0.525542259216, 0.845866084099, 0.834817767143, 0.452219933271, 0.217078566551, 0.165569275618, 0.271346569061, 0.497931241989, 0.533985257149, 0.512128591537, 0.683457970619, 0.715119242668, 0.768608987331], "hpcp": {"dmean2": [0.14495690167, 0.180633932352, 0.23658837378, 0.233843684196, 0.169988647103, 0.118429467082, 0.130498066545, 0.15774603188, 0.184437707067, 0.186308965087, 0.147576585412, 0.1042053774, 0.099028415978, 0.0939799919724, 0.113641679287, 0.158659771085, 0.220621079206, 0.267870783806, 0.23985786736, 0.174466073513, 0.117236733437, 0.0960009023547, 0.132585152984, 0.17442266643, 0.182321146131, 0.206418901682, 0.231438070536, 0.252782166004, 0.27737942338, 0.303557813168, 0.280003845692, 0.276548355818, 0.267071455717, 0.238107562065, 0.220122143626, 0.16207011044], "median": [0.00632876902819, 0.0202601589262, 0.0517914667726, 0.0495887622237, 0.0207643397152, 0.00465049594641, 0.00558640807867, 0.0122204227373, 0.0310507658869, 0.0297734234482, 0.0172718092799, 0.00786267034709, 0.00498070754111, 0.00530832353979, 0.00776156550273, 0.0142924459651, 0.0405023992062, 0.0663973614573, 0.0536868087947, 0.0199535936117, 0.00561228580773, 0.00356642133556, 0.0076394546777, 0.0137427225709, 0.0195524636656, 0.0249841026962, 0.0191569700837, 0.030541036278, 0.0537357851863, 0.0682923421264, 0.0635559111834, 0.0437396243215, 0.0280968993902, 0.0183953102678, 0.0129033876583, 0.0061146193184], "min": [0, 0, 0, 0, 0, 0, 0, 0, 0, 0, 0, 0, 0, 0, 0, 0, 0, 0, 0, 0, 0, 0, 0, 0, 0, 0, 0, 0, 0, 0, 0, 0, 0, 0, 0, 0], "dvar2": [0.0817128419876, 0.0875167101622, 0.105957515538, 0.107059210539, 0.076478920877, 0.0639476552606, 0.072306163609, 0.069396674633, 0.0788768008351, 0.0779052227736, 0.0573204383254, 0.0463417358696, 0.0482759363949, 0.0378097146749, 0.052133873105, 0.0754172503948, 0.0962660014629, 0.114258699119, 0.0997796058655, 0.0803000554442, 0.0618873685598, 0.0496733300388, 0.0690103545785, 0.0906654968858, 0.0886435434222, 0.0962126776576, 0.119764961302, 0.123528085649, 0.130363672972, 0.143526896834, 0.122773170471, 0.134790211916, 0.144568413496, 0.134944066405, 0.132238000631, 0.0944224521518], "dvar": [0.0313666425645, 0.0337693467736, 0.0442607402802, 0.0460207425058, 0.0297480355948, 0.0247073322535, 0.0272655896842, 0.0264371689409, 0.0322081670165, 0.032095015049, 0.02239122428, 0.0186069533229, 0.0192690975964, 0.0142778791487, 0.0192171707749, 0.0282904282212, 0.0372622981668, 0.0481918714941, 0.0435723029077, 0.0323643051088, 0.0233011990786, 0.0179014075547, 0.0264319516718, 0.0377839840949, 0.0360534638166, 0.0391027033329, 0.0511075854301, 0.0501829273999, 0.0510893836617, 0.0590666010976, 0.0518679358065, 0.0519705712795, 0.0562181808054, 0.0567118152976, 0.0482713989913, 0.0351589396596], "dmean": [0.0816782414913, 0.106187403202, 0.14151956141, 0.140834286809, 0.0993402525783, 0.0674789473414, 0.0726910829544, 0.0909890905023, 0.107790671289, 0.112050905824, 0.0865514427423, 0.0599398799241, 0.0574585944414, 0.0537004433572, 0.0649798437953, 0.0907896161079, 0.12923181057, 0.15895023942, 0.144110620022, 0.10249684751, 0.0660508349538, 0.0530849918723, 0.0756664276123, 0.102713629603, 0.108290657401, 0.122593060136, 0.136543214321, 0.148708686233, 0.162384614348, 0.17794765532, 0.1645770818, 0.159621655941, 0.153775885701, 0.13950574398, 0.125550895929, 0.0900118947029], "max": [1, 1, 1, 1, 1, 1, 1, 1, 1, 1, 1, 1, 1, 1, 1, 1, 1, 1, 1, 1, 1, 1, 1, 1, 1, 1, 1, 1, 1, 1, 1, 1, 1, 1, 1, 1], "var": [0.0365267284214, 0.0394681505859, 0.0811272636056, 0.0912155210972, 0.038452167064, 0.0282545145601, 0.0279701761901, 0.0272126235068, 0.0463385917246, 0.0485330447555, 0.0253485366702, 0.0304160173982, 0.0288926251233, 0.0139123015106, 0.0194259677082, 0.0303488560021, 0.0438007041812, 0.0853110551834, 0.0923626646399, 0.0446033105254, 0.0199034102261, 0.0141028584912, 0.0259505622089, 0.0601971447468, 0.0591463409364, 0.0498159937561, 0.0858972668648, 0.0810033529997, 0.0771037489176, 0.11130657047, 0.0956856608391, 0.0595867037773, 0.0864274352789, 0.103719420731, 0.0534605942667, 0.0375800542533], "mean": [0.0783625021577, 0.106661126018, 0.198388621211, 0.209562912583, 0.111340850592, 0.0649843588471, 0.0639183670282, 0.0816313028336, 0.124476931989, 0.128748863935, 0.0848120599985, 0.0704237297177, 0.0650520026684, 0.0484744422138, 0.061319258064, 0.0858615189791, 0.131847724319, 0.212210386992, 0.209438592196, 0.113452665508, 0.0544605404139, 0.0415379218757, 0.0680752694607, 0.12492069602, 0.133965909481, 0.12848252058, 0.171465530992, 0.179408684373, 0.192828163505, 0.250879406929, 0.225671932101, 0.159767389297, 0.18488407135, 0.196041062474, 0.123079232872, 0.0803376212716]}, "tuning_equal_tempered_deviation": 0.163130328059, "chords_changes_rate": 0.104229256511, "key_key": "G", "tuning_diatonic_strength": 0.585102319717, "key_scale": "major", "chords_number_rate": 0.00462213996798, "tuning_frequency": 447.691040039, "tuning_nontempered_energy_ratio": 0.867816865444, "chords_histogram": [3.46660494804, 10.6309223175, 12.2486715317, 2.26484870911, 2.49595570564, 0.138664200902, 0.0462214015424, 0.43910330534, 1.45597410202, 5.59278964996, 0.693320989609, 2.1955165863, 3.85948705673, 4.13681554794, 7.71897411346, 8.22740936279, 13.3810958862, 2.6808412075, 5.10746479034, 5.73145389557, 1.50219547749, 1.38664197922, 1.20175635815, 3.39727282524], "key_strength": 0.618165791035, "chords_key": "D#", "chords_strength": {"dmean2": 0.0140506997705, "median": 0.548006415367, "min": 0.22576597333, "dvar2": 0.000159272691235, "dvar": 0.000129818930873, "dmean": 0.0137809338048, "max": 0.881257534027, "var": 0.0138238389045, "mean": 0.548390746117}, "chords_scale": "major", "hpcp_entropy": {"dmean2": 1.07719111443, "median": 1.80778765678, "min": 0, "dvar2": 0.758129537106, "dvar": 0.29506829381, "dmean": 0.637904047966, "max": 4.54592704773, "var": 0.645619928837, "mean": 1.74472844601}}, "metadata": {"audio_properties": {"equal_loudness": 0, "codec": "flac", "downmix": "mix", "sample_rate": 44100, "analysis_sample_rate": 44100, "bit_rate": 0, "md5_encoded": "a3a03104757cc7e91c5f4075e86f5382", "length": 200.866668701, "replay_gain": -7.17289543152, "lossless": true}, "version": {"essentia_build_sha": "2d9f1f26377add8aeb1075a9c2973f962c4f09fd", "essentia": "2.1-beta2", "extractor": "music 1.0", "essentia_git_sha": "v2.1_beta2-1-ge3940c0"}, "tags": {"title": ["Goin' To Chicago Blues"], "barcode": ["3307517062321"], "media": ["CD"], "albumartist": ["Count Basie & His Orchestra"], "tracktotal": ["24"], "musicbrainz_releasegroupid": ["e85bd1e6-c968-455b-89a5-27bdb3e1b302"], "performer": ["Jimmy Rushing (vocals)"], "releasetype": ["album", "compilation"], "musicbrainz_recordingid": ["0302f405-2f47-4e98-b04e-80c5dd8ebc04"], "musicbrainz_albumartistid": ["1a0c3cd4-0161-4f68-a0fd-f45983179944"], "originalyear": ["1991"], "musicbrainz_releasetrackid": ["d7d5715b-1f89-325a-ab52-ec83b9a868ad"], "discnumber": ["1"], "totaldiscs": ["1"], "catalognumber": ["623"], "releasecountry": ["FR"], "file_name": "24 - Going to Chicago Blues.flac", "originaldate": ["1991"], "albumartistsort": ["Basie, Count & His Orchestra"], "date": ["1991"], "genre": ["Jazz"], "disctotal": ["1"], "musicbrainz_artistid": ["1a0c3cd4-0161-4f68-a0fd-f45983179944"], "asin": ["B00007GX6G"], "musicbrainz_albumid": ["05dd4821-1bbd-43d8-9170-06f01934d3b9"], "artist": ["Count Basie & His Orchestra"], "tracknumber": ["24"], "artistsort": ["Basie, Count & His Orchestra"], "album": ["The Chronological Classics: Count Basie And His Orchestra 1940-1941"], "label": ["Classics Records"], "releasestatus": ["official"], "acoustid_id": ["8a6e9863-e7ec-4bad-8ac8-a648f69e9868"], "script": ["Latn"], "totaltracks": ["24"]}}, "rhythm": {"bpm_histogram_first_peak_bpm": {"dmean2": 0, "median": 136, "min": 136, "dvar2": 0, "dvar": 0, "dmean": 0, "max": 136, "var": 0, "mean": 136}, "bpm": 91.2438735962, "bpm_histogram_second_peak_spread": {"dmean2": 0, "median": 0.37777775526, "min": 0.37777775526, "dvar2": 0, "dvar": 0, "dmean": 0, "max": 0.37777775526, "var": 0, "mean": 0.37777775526}, "bpm_histogram_first_peak_weight": {"dmean2": 0, "median": 0.088235296309, "min": 0.088235296309, "dvar2": 0, "dvar": 0, "dmean": 0, "max": 0.088235296309, "var": 0, "mean": 0.088235296309}, "onset_rate": 2.42424321175, "beats_position": [0.603718817234, 1.21904754639, 1.84598636627, 2.47292518616, 3.08825397491, 3.70358276367, 4.31891155243, 4.94585037231, 5.58439922333, 6.25777769089, 6.91954612732, 7.59292507172, 8.26630401611, 8.92807197571, 9.58984088898, 10.2399997711, 10.774058342, 11.2965078354, 11.8189563751, 12.3181858063, 12.8290243149, 13.328253746, 13.7462129593, 14.1641721725, 14.5705213547, 14.9420404434, 15.3135595322, 15.696688652, 16.0682086945, 16.4513378143, 16.8344669342, 17.2175960541, 17.5891151428, 17.9722442627, 18.3437633514, 18.7036724091, 19.0751914978, 19.458322525, 19.8298416138, 20.2013607025, 20.5728797913, 20.94439888, 21.3159179688, 21.6874370575, 22.0589561462, 22.4769153595, 22.8948745728, 23.312833786, 23.7307929993, 24.102312088, 24.4854412079, 24.8685703278, 25.2516994476, 25.6928787231, 26.1340579987, 26.5752372742, 27.0164165497, 27.4459857941, 27.8871650696, 28.3399543762, 28.7811336517, 29.2223129272, 29.6751022339, 30.1394996643, 30.6038990021, 31.0682983398, 31.5326976776, 31.9854869843, 32.4382743835, 32.8678436279, 33.2974128723, 33.7269821167, 34.1565513611, 34.5977325439, 35.0389099121, 35.480091095, 35.9212684631, 36.362449646, 36.8036270142, 37.2215881348, 37.6395454407, 38.0691146851, 38.4986839294, 38.9282531738, 39.3462142944, 39.7525634766, 40.1589126587, 40.5652618408, 40.9599990845, 41.3663482666, 41.7378692627, 42.1093864441, 42.4809074402, 42.8408164978, 43.1891136169, 43.5374145508, 43.8973236084, 44.2456245422, 44.6055335999, 44.9654426575, 45.3253517151, 45.6968688965, 46.0567779541, 46.4166870117, 46.7765960693, 47.1365089417, 47.508026123, 47.8679351807, 48.2278442383, 48.5761451721, 48.9476623535, 49.3191833496, 49.690700531, 50.0622215271, 50.4221305847, 50.7936515808, 51.1535606384, 51.5366897583, 52.0126991272, 52.4770965576, 52.9298858643, 53.3826751709, 53.9167327881, 54.45079422, 55.1009521484, 55.7395019531, 56.3780479431, 57.0282058716, 57.6783676147, 58.4097938538, 59.1412239075, 59.8726501465, 60.6040802002, 61.2890701294, 61.9624481201, 62.6126060486, 63.2743759155, 63.9361457825, 64.5979156494, 65.2480697632, 65.8982315063, 66.5483856201, 67.1985473633, 67.8487091064, 68.4988632202, 69.1490249634, 69.8107910156, 70.4725646973, 71.122718811, 71.7032165527, 72.2837142944, 72.8642196655, 73.4563217163, 74.0484313965, 74.6521530151, 75.2442626953, 75.859588623, 76.4749221802, 77.0902481079, 77.6939697266, 78.3209075928, 78.947845459, 79.5747833252, 80.2017211914, 80.677734375, 81.1769561768, 81.6761856079, 82.16381073, 82.6514282227, 83.1390457153, 83.6382751465, 84.1375045776, 84.6367340088, 85.1243515015, 85.6119689941, 86.1111984253, 86.5407714844, 86.935508728, 87.3534698486, 87.7598190308, 88.1545562744, 88.5492935181, 88.9556427002, 89.3968200684, 89.8380050659, 90.2791824341, 90.7087478638, 91.1383209229, 91.579498291, 92.0206756592, 92.4270248413, 92.8217697144, 93.216506958, 93.6228561401, 94.0408172607, 94.458770752, 94.8651199341, 95.2830810547, 95.7126541138, 96.1538314819, 96.5950088501, 97.0245819092, 97.4541473389, 97.8837203979, 98.3016738892, 98.7080230713, 99.1259841919, 99.5671615601, 99.9967346191, 100.437911987, 100.867477417, 101.43637085, 102.005256653, 102.574150085, 103.13142395, 103.688705444, 104.222763062, 104.768432617, 105.314102173, 105.859771729, 106.405441284, 106.95111084, 107.601264954, 108.239814758, 108.889976501, 109.540130615, 110.213516235, 110.898498535, 111.548660278, 112.198822021, 112.837364197, 113.475914001, 114.114463806, 114.753013611, 115.403175354, 116.064941406, 116.726707458, 117.38848114, 118.038635254, 118.700408936, 119.350563049, 120.000724792, 120.662490845, 121.312652588, 121.97441864, 122.636184692, 123.344398499, 124.052604675, 124.760810852, 125.364532471, 125.956642151, 126.548751831, 127.140861511, 127.802627563, 128.42956543, 129.068115234, 129.671829224, 130.28717041, 130.809616089, 131.332061768, 131.854507446, 132.376953125, 132.899414063, 133.421859741, 133.955917358, 134.489974976, 135.024032593, 135.697418213, 136.370788574, 137.044174194, 137.705932617, 138.379318237, 139.041091919, 139.71446228, 140.3878479, 141.061218262, 141.722991943, 142.384765625, 143.046524048, 143.708297729, 144.381668091, 145.055053711, 145.716827393, 146.378585815, 147.051971436, 147.678909302, 148.317459106, 148.956008911, 149.617782593, 150.15184021, 150.697509766, 151.243179321, 151.788833618, 152.346115112, 152.891784668, 153.449066162, 153.994735718, 154.540405273, 155.016418457, 155.492416382, 155.968429565, 156.432830811, 156.908843994, 157.384857178, 157.860855103, 158.336868286, 158.801269531, 159.265670776, 159.718460083, 160.17124939, 160.612426758, 161.053604126, 161.494781494, 161.924346924, 162.365524292, 162.80670166, 163.247894287, 163.677459717, 164.118637085, 164.571426392, 164.954559326, 165.326080322, 165.709197998, 166.080718994, 166.45223999, 166.812149048, 167.172058105, 167.520355225, 167.880264282, 168.298233032, 168.716186523, 169.145751953, 169.575332642, 169.993286133, 170.399627686, 170.794372559, 171.20072937, 171.595458984, 171.96697998, 172.373336792, 172.802902222, 173.232467651, 173.662033081, 174.080001831, 174.497955322, 174.915908813, 175.322265625, 175.70539856, 176.100128174, 176.483261108, 176.88961792, 177.295959473, 177.713912964, 178.131881714, 178.573059082, 179.01423645, 179.432189941, 179.850158691, 180.279724121, 180.709289551, 181.127258301, 181.55682373, 181.98638916, 182.41595459, 182.83392334, 183.251876831, 183.681442261, 184.111022949, 184.459320068, 184.807617188, 185.155914307, 185.504211426, 185.840896606, 186.177597046, 186.525894165, 186.874191284, 187.222488403, 187.570785522, 187.93069458, 188.26739502, 188.592468262, 188.917541504, 189.254241943, 189.590927124, 189.927612305, 190.287521362, 190.635818481, 190.984130859, 191.332427979, 191.680725098, 192.029022217, 192.377319336, 192.725616455, 193.1900177, 193.631195068, 194.072372437, 194.525161743, 194.954742432, 195.3959198, 195.837097168, 196.289886475, 196.731063843, 197.183853149, 197.659866333, 198.135864258, 198.611877441, 199.087890625, 199.563903809, 200.039901733], "beats_loudness": {"dmean2": 0.0390362106264, "median": 0.0217798817903, "min": 1.14628520009e-08, "dvar2": 0.00236528203823, "dvar": 0.000894193246495, "dmean": 0.0226673353463, "max": 0.276090115309, "var": 0.00106712523848, "mean": 0.029861535877}, "danceability": 1.16425693035, "bpm_histogram_second_peak_weight": {"dmean2": 0, "median": 0.0686274543405, "min": 0.0686274543405, "dvar2": 0, "dvar": 0, "dmean": 0, "max": 0.0686274543405, "var": 0, "mean": 0.0686274543405}, "beats_count": 409, "bpm_histogram_second_peak_bpm": {"dmean2": 0, "median": 144, "min": 144, "dvar2": 0, "dvar": 0, "dmean": 0, "max": 144, "var": 0, "mean": 144}, "bpm_histogram_first_peak_spread": {"dmean2": 0, "median": 0.550000011921, "min": 0.550000011921, "dvar2": 0, "dvar": 0, "dmean": 0, "max": 0.550000011921, "var": 0, "mean": 0.550000011921}, "beats_loudness_band_ratio": {"dmean2": [0.381537765265, 0.409580826759, 0.402344077826, 0.240774303675, 0.089130461216, 0.00617713760585], "median": [0.209287852049, 0.290826886892, 0.207555606961, 0.0306412577629, 0.0123658645898, 0.00141546060331], "min": [0.00578677421436, 7.70667065808e-06, 9.42362385103e-06, 1.23181407616e-05, 1.8169030227e-05, 9.09800291993e-05], "dvar2": [0.0934137851, 0.103222429752, 0.137140274048, 0.0854419395328, 0.0263100694865, 0.00013998655777], "dvar": [0.0335528962314, 0.0421170629561, 0.049376886338, 0.0321491286159, 0.00914410222322, 0.000138631192385], "dmean": [0.217166543007, 0.236736863852, 0.228576973081, 0.1366314888, 0.0498825274408, 0.00382258906029], "max": [0.99962157011, 0.919983625412, 0.938367605209, 0.878030717373, 0.749526560307, 0.254196554422], "var": [0.0518207065761, 0.0634316951036, 0.0678588077426, 0.0370277538896, 0.00791116524488, 0.000179440728971], "mean": [0.280170738697, 0.346705049276, 0.292599767447, 0.141995191574, 0.050724029541, 0.00419644918293]}}, "lowlevel": {"barkbands_spread": {"dmean2": 3.22412061691, "median": 5.65268802643, "min": 0.142904996872, "dvar2": 29.9217720032, "dvar": 11.8545913696, "dmean": 2.09258460999, "max": 141.807174683, "var": 131.679870605, "mean": 8.75294113159}, "melbands_spread": {"dmean2": 4.66298294067, "median": 6.58435916901, "min": 0.0962151587009, "dvar2": 60.1275901794, "dvar": 24.8310585022, "dmean": 3.12405443192, "max": 132.665466309, "var": 150.210601807, "mean": 11.9220867157}, "hfc": {"dmean2": 4.85880947113, "median": 4.46545410156, "min": 2.17910769607e-06, "dvar2": 82.4130706787, "dvar": 51.6019744873, "dmean": 3.7303674221, "max": 266.202758789, "var": 341.166412354, "mean": 11.7517375946}, "barkbands_kurtosis": {"dmean2": 9.47791862488, "median": 5.21516799927, "min": -1.89247405529, "dvar2": 3059.34643555, "dvar": 1753.35327148, "dmean": 6.02630138397, "max": 3988.61376953, "var": 7901.91210938, "mean": 12.9255819321}, "gfcc": {"mean": [-137.627044678, 161.856826782, -101.61971283, -2.19265246391, -27.6211776733, -32.2710494995, -29.6585235596, 3.34389996529, -27.0538578033, -7.24019241333, -6.76866579056, -7.1204867363, -7.68352985382], "icov": [[0.00163865659852, -0.00402859924361, 0.00245515606366, -0.00262202881277, 0.00243942812085, -0.00101501820609, 0.00107103108894, -0.00085163617041, 0.00102443154901, -0.000824367452879, 0.000720614509191, -0.000350659538526, 0.000575658108573], [-0.00402859924361, 0.0128322178498, -0.00770288566127, 0.00980032328516, -0.01017899625, 0.00762033229694, -0.00742274103686, 0.00622693169862, -0.00531424256042, 0.00562555575743, -0.00510160066187, 0.00445690238848, -0.00356655125506], [0.00245515606366, -0.00770288566127, 0.00686904462054, -0.00855634640902, 0.0096005871892, -0.00714783510193, 0.00803824327886, -0.00675955414772, 0.00602101068944, -0.00473864609376, 0.00545026035979, -0.00474152062088, 0.00329898763448], [-0.00262202881277, 0.00980032328516, -0.00855634640902, 0.014128501527, -0.0134465117007, 0.0114818578586, -0.0115628503263, 0.00941636133939, -0.00723058450967, 0.00492922449484, -0.00454388745129, 0.00517976144329, -0.00387334031984], [0.00243942812085, -0.01017899625, 0.0096005871892, -0.0134465117007, 0.0212285052985, -0.0185165442526, 0.0179639402777, -0.0128325140104, 0.00815646164119, -0.00250635761768, 0.00123402732424, -0.00212864461355, 0.0038104779087], [-0.00101501820609, 0.00762033229694, -0.00714783510193, 0.0114818578586, -0.0185165442526, 0.0260094217956, -0.0256410725415, 0.0189159289002, -0.010572174564, 0.00101802230347, 0.00337550835684, -0.00287388963625, 0.00120036350563], [0.00107103108894, -0.00742274103686, 0.00803824327886, -0.0115628503263, 0.0179639402777, -0.0256410725415, 0.0343109667301, -0.0254119504243, 0.0167904235423, -0.00594716751948, -0.000581115775276, 0.00336608081125, -0.00217931438237], [-0.00085163617041, 0.00622693169862, -0.00675955414772, 0.00941636133939, -0.0128325140104, 0.0189159289002, -0.0254119504243, 0.0288055855781, -0.0203896779567, 0.00930118560791, -0.00142546975985, -0.00245957938023, 0.00253548263572], [0.00102443154901, -0.00531424256042, 0.00602101068944, -0.00723058450967, 0.00815646164119, -0.010572174564, 0.0167904235423, -0.0203896779567, 0.02829532139, -0.0187172424048, 0.00881974864751, -0.00258981389925, -0.000533305865247], [-0.000824367452879, 0.00562555575743, -0.00473864609376, 0.00492922449484, -0.00250635761768, 0.00101802230347, -0.00594716751948, 0.00930118560791, -0.0187172424048, 0.0324211791158, -0.0248001869768, 0.0174304284155, -0.00977971218526], [0.000720614509191, -0.00510160066187, 0.00545026035979, -0.00454388745129, 0.00123402732424, 0.00337550835684, -0.000581115775276, -0.00142546975985, 0.00881974864751, -0.0248001869768, 0.0440122075379, -0.0357231907547, 0.020496012643], [-0.000350659538526, 0.00445690238848, -0.00474152062088, 0.00517976144329, -0.00212864461355, -0.00287388963625, 0.00336608081125, -0.00245957938023, -0.00258981389925, 0.0174304284155, -0.0357231907547, 0.0432135798037, -0.0240843463689], [0.000575658108573, -0.00356655125506, 0.00329898763448, -0.00387334031984, 0.0038104779087, 0.00120036350563, -0.00217931438237, 0.00253548263572, -0.000533305865247, -0.00977971218526, 0.020496012643, -0.0240843463689, 0.0278598647565]], "cov": [[9200.10546875, 2573.80126953, -3580.30371094, -899.205505371, 779.962036133, -335.107513428, -45.4186592102, -310.72845459, -115.914108276, -241.850585938, 208.517822266, -266.830169678, -100.368247986], [2573.80126953, 996.832824707, -617.302246094, -260.439758301, 164.327636719, -150.954208374, -50.3650283813, -83.4468841553, -63.5571670532, -105.569000244, 40.0998420715, -61.5308265686, -21.9660110474], [-3580.30371094, -617.302246094, 2929.57421875, 717.746643066, -676.625061035, -123.059585571, -82.4563217163, 149.666305542, -33.3840942383, 24.7598667145, -188.148590088, 116.498382568, 72.7953643799], [-899.205505371, -260.439758301, 717.746643066, 430.636749268, -63.8774719238, -27.8817558289, -20.9117450714, 23.4090709686, 1.01203489304, 8.45441246033, -53.3170585632, 3.80930662155, 11.7957220078], [779.962036133, 164.327636719, -676.625061035, -63.8774719238, 381.889984131, 140.751174927, 12.4217672348, -56.0491104126, -5.0207324028, -19.1719760895, 42.4960098267, -35.7292976379, -45.0394515991], [-335.107513428, -150.954208374, -123.059585571, -27.8817558289, 140.751174927, 294.726165771, 135.471115112, -17.2260990143, 1.40627419949, 29.2450008392, -11.4626321793, -9.72200107574, -11.1684427261], [-45.4186592102, -50.3650283813, -82.4563217163, -20.9117450714, 12.4217672348, 135.471115112, 179.088195801, 69.1396636963, 4.06415081024, 11.6000175476, -8.42175769806, -13.2920675278, 0.383125811815], [-310.72845459, -83.4468841553, 149.666305542, 23.4090709686, -56.0491104126, -17.2260990143, 69.1396636963, 163.458450317, 70.1421966553, 15.1687488556, -8.29166126251, 13.565290451, 4.70471191406], [-115.914108276, -63.5571670532, -33.3840942383, 1.01203489304, -5.0207324028, 1.40627419949, 4.06415081024, 70.1421966553, 126.632728577, 64.825553894, 4.2275223732, -2.62706589699, 12.7117443085], [-241.850585938, -105.569000244, 24.7598667145, 8.45441246033, -19.1719760895, 29.2450008392, 11.6000175476, 15.1687488556, 64.825553894, 104.988502502, 38.6151046753, 10.0669174194, 9.00466251373], [208.517822266, 40.0998420715, -188.148590088, -53.3170585632, 42.4960098267, -11.4626321793, -8.42175769806, -8.29166126251, 4.2275223732, 38.6151046753, 113.456466675, 58.2818603516, -8.97917938232], [-266.830169678, -61.5308265686, 116.498382568, 3.80930662155, -35.7292976379, -9.72200107574, -13.2920675278, 13.565290451, -2.62706589699, 10.0669174194, 58.2818603516, 104.27318573, 38.151222229], [-100.368247986, -21.9660110474, 72.7953643799, 11.7957220078, -45.0394515991, -11.1684427261, 0.383125811815, 4.70471191406, 12.7117443085, 9.00466251373, -8.97917938232, 38.151222229, 77.4100646973]]}, "spectral_energyband_middle_low": {"dmean2": 0.00647729216143, "median": 0.00727918371558, "min": 1.16370923314e-11, "dvar2": 0.000196921362658, "dvar": 9.51228212216e-05, "dmean": 0.00442996574566, "max": 0.263843297958, "var": 0.000263872352662, "mean": 0.0120526449755}, "melbands_crest": {"dmean2": 5.28643703461, "median": 13.8718948364, "min": 3.76057529449, "dvar2": 22.0251064301, "dvar": 8.67591762543, "dmean": 3.24350094795, "max": 39.9869651794, "var": 33.2442054749, "mean": 14.8766736984}, "spectral_kurtosis": {"dmean2": 13.11668396, "median": 18.3491630554, "min": -1.20813918114, "dvar2": 130.41293335, "dvar": 45.209941864, "dmean": 7.57798480988, "max": 95.994972229, "var": 121.530830383, "mean": 20.3264064789}, "spectral_rms": {"dmean2": 0.000851711665746, "median": 0.00335729005747, "min": 5.30823740519e-07, "dvar2": 9.30818771394e-07, "dvar": 5.63430546663e-07, "dmean": 0.000620060542133, "max": 0.0163730103523, "var": 4.38564302385e-06, "mean": 0.00372108723968}, "zerocrossingrate": {"dmean2": 0.00476065743715, "median": 0.02294921875, "min": 0, "dvar2": 8.38116975501e-05, "dvar": 4.80689705e-05, "dmean": 0.00408155936748, "max": 0.44140625, "var": 0.000581016356591, "mean": 0.0295879133046}, "silence_rate_60dB": {"dmean2": 0.0915606915951, "median": 0, "min": 0, "dvar2": 0.0970411971211, "dvar": 0.0436818897724, "dmean": 0.0457750558853, "max": 1, "var": 0.123347327113, "mean": 0.144128531218}, "erbbands_kurtosis": {"dmean2": 4.96027421951, "median": 3.10375452042, "min": -1.89549899101, "dvar2": 59.6503753662, "dvar": 25.4772815704, "dmean": 3.21217656136, "max": 106.006874084, "var": 124.905021667, "mean": 7.44176292419}, "erbbands": {"dmean2": [0.00995931401849, 0.226684510708, 1.07462346554, 1.13729774952, 9.18952083588, 12.1646413803, 11.0522165298, 16.0660076141, 22.6060371399, 16.3880119324, 19.0127067566, 25.9258575439, 22.8173618317, 14.1967201233, 21.0936412811, 34.5599594116, 39.6467475891, 39.8269424438, 18.7937602997, 13.680727005, 9.03214263916, 8.13496112823, 4.06685447693, 4.38091850281, 1.33935570717, 0.498048961163, 0.258431643248, 0.0360541976988, 0.00416376395151, 0.003424879862, 0.00295867840759, 0.00172007910442, 0.000941206759308, 0.000527985801455, 0.000271843979135, 0.000149689978571, 0.0001017437462, 4.8217119911e-05, 1.66287718457e-05, 9.31717659114e-06], "median": [0.00433257315308, 0.09459169209, 0.319805532694, 0.770844817162, 4.16960954666, 5.95929670334, 5.65301561356, 6.6983962059, 5.43723869324, 3.49095463753, 2.92855596542, 3.65894770622, 3.11118030548, 1.79669630527, 0.858196020126, 0.83347016573, 0.641100287437, 0.423966288567, 0.352760136127, 0.481483757496, 0.682339787483, 0.931265950203, 0.80126273632, 0.589693188667, 0.349216341972, 0.147606343031, 0.0597519464791, 0.0171016082168, 0.00252302503213, 0.00259250076488, 0.00272113247775, 0.00214426917955, 0.00157905532978, 0.00108240405098, 0.000712787092198, 0.000432346831076, 0.000296545389574, 0.000149896164658, 5.74115256313e-05, 1.67749149114e-05], "min": [1.93773685986e-09, 4.97716445835e-09, 1.10673434861e-08, 1.52484176397e-08, 1.38711513387e-08, 4.22597601357e-09, 3.68030939057e-09, 1.07382671644e-08, 1.62825291028e-08, 2.11390638327e-08, 1.52090144923e-08, 6.29391694318e-09, 2.41614750429e-09, 1.29133166382e-08, 5.68631257636e-08, 4.05396747283e-08, 3.28055129728e-08, 4.03144113648e-08, 5.39885647299e-08, 8.46535144206e-08, 7.47866906181e-08, 1.05032817999e-07, 7.38258449928e-08, 1.71555043949e-07, 1.17875622152e-07, 1.81626035101e-07, 4.65292316676e-07, 1.79601471473e-07, 1.8840694338e-07, 1.81595225968e-07, 2.99165236584e-07, 2.65783285158e-07, 2.28156494586e-07, 2.52599903661e-07, 2.19174410176e-07, 6.06427619232e-08, 2.89468431447e-08, 1.63044724388e-08, 7.1467365359e-09, 6.69103716877e-10], "dvar2": [0.000302001513774, 0.147916167974, 3.92919254303, 4.01254367828, 573.961425781, 1901.80749512, 2124.11914063, 2491.30273438, 3614.41870117, 2896.51171875, 3761.45214844, 10713.6240234, 5562.44335938, 1742.03027344, 7535.86865234, 14054.3115234, 21633.8183594, 24506.4335938, 7386.89697266, 2268.38964844, 1184.06970215, 652.623840332, 133.870941162, 121.418075562, 10.3644132614, 1.98029172421, 0.844506502151, 0.00705160573125, 0.000112623012683, 5.63818030059e-05, 3.90476452594e-05, 7.10029280526e-06, 1.49943628003e-06, 4.98018948747e-07, 5.93104161339e-08, 1.73328587039e-08, 7.49676498657e-09, 1.76635395199e-09, 2.25019267108e-10, 2.83689099989e-10], "dvar": [0.00012902803428, 0.0637823939323, 1.75300836563, 1.55750143528, 221.766265869, 721.141967773, 861.058532715, 1096.83166504, 2461.7175293, 1976.39831543, 1669.69604492, 4518.11523438, 2467.65454102, 771.634765625, 3186.72924805, 6392.72265625, 10279.8779297, 14140.8662109, 3907.80444336, 956.45300293, 525.41607666, 268.830596924, 64.0055160522, 53.9767837524, 4.7641453743, 0.9368019104, 0.353886276484, 0.0032857786864, 5.41269073437e-05, 2.69525589829e-05, 1.54688368639e-05, 3.22502091876e-06, 6.88705995344e-07, 1.85477745163e-07, 2.17288427251e-08, 6.53781473403e-09, 2.86648749181e-09, 6.93823887232e-10, 9.02388719304e-11, 1.49314727249e-10], "dmean": [0.00614734226838, 0.143938243389, 0.67972189188, 0.721303105354, 5.75443124771, 7.33643245697, 7.13405275345, 10.6904335022, 16.6365871429, 11.9623003006, 12.6949176788, 17.2717494965, 15.3902549744, 9.5347661972, 13.8948364258, 23.8169250488, 27.6600284576, 27.7103023529, 13.1707000732, 9.1298122406, 6.07995033264, 5.55331134796, 2.84370136261, 2.94392991066, 0.914514482021, 0.343903899193, 0.172132134438, 0.024248663336, 0.00278344959952, 0.002215400571, 0.00186104339082, 0.00108031078707, 0.000574367295485, 0.000316346035106, 0.000162322801771, 9.12213727133e-05, 6.17969417362e-05, 2.96884500131e-05, 1.03361981019e-05, 6.65953120915e-06], "max": [0.508838295937, 5.68979167938, 26.2479171753, 28.5947875977, 450.909332275, 959.109619141, 1110.91101074, 1012.3682251, 1890.72717285, 1316.32617188, 1196.73132324, 2247.9831543, 1199.1529541, 839.715698242, 2479.34008789, 2549.26049805, 3060.36132813, 7684.00244141, 3168.61669922, 855.524597168, 639.46270752, 460.176239014, 374.981506348, 171.121582031, 73.2295227051, 31.9227733612, 24.2998943329, 2.3268661499, 0.361347794533, 0.270485937595, 0.176348254085, 0.0743081942201, 0.0448885895312, 0.0100040314719, 0.00316531048156, 0.00185217475519, 0.000882127264049, 0.000482520728838, 0.000191896993783, 0.000306297442876], "var": [0.000297717138892, 0.195354014635, 5.11849832535, 3.71793174744, 345.217651367, 843.562561035, 1174.63110352, 1895.7265625, 12907.9785156, 7459.87890625, 4244.84716797, 8075.05664063, 4887.85107422, 1686.79211426, 5866.44873047, 16871.2539063, 26922.1132813, 58530.1835938, 11168.4326172, 2278.53271484, 1397.06054688, 622.445800781, 178.726913452, 166.229476929, 17.954826355, 3.90875434875, 1.18447601795, 0.0149756800383, 0.000246632669587, 0.000107393541839, 4.50638472103e-05, 1.07736195787e-05, 2.32658567256e-06, 3.72796506554e-07, 6.91830308597e-08, 2.60596486612e-08, 1.19731682346e-08, 3.21908344425e-09, 4.5696921247e-10, 6.49490627946e-10], "mean": [0.0105607016012, 0.256642132998, 1.17518758774, 1.41880095005, 9.68281173706, 11.9514789581, 12.5732698441, 20.3145084381, 41.6359901428, 25.8328952789, 22.4524021149, 28.5308532715, 25.5054683685, 16.5358200073, 22.493391037, 41.9681015015, 49.5652961731, 48.5826835632, 24.160364151, 16.0628814697, 11.4632635117, 10.361161232, 6.1655049324, 5.91666221619, 2.05244636536, 0.784215509892, 0.364727765322, 0.0564854703844, 0.0068801054731, 0.0051652318798, 0.00448270700872, 0.00294672697783, 0.00185758783482, 0.00117798196152, 0.00074521714123, 0.000455112574855, 0.000310310395434, 0.000157548580319, 5.9600242821e-05, 2.48543929047e-05]}, "spectral_strongpeak": {"dmean2": 0.884461164474, "median": 0.608551740646, "min": 0, "dvar2": 1.97353029251, "dvar": 0.90702354908, "dmean": 0.567806601524, "max": 23.0142440796, "var": 2.94486737251, "mean": 1.29959559441}, "spectral_energy": {"dmean2": 0.0080586867407, "median": 0.0115531813353, "min": 2.88818191585e-10, "dvar2": 0.000225374504225, "dvar": 0.000117352639791, "dmean": 0.00577715411782, "max": 0.274777323008, "var": 0.000486845790874, "mean": 0.0186878610402}, "average_loudness": 0.670298755169, "spectral_rolloff": {"dmean2": 250.935897827, "median": 473.73046875, "min": 21.533203125, "dvar2": 626291.0625, "dvar": 230622.890625, "dmean": 152.115966797, "max": 18647.7539063, "var": 1740398, "mean": 840.359924316}, "spectral_centroid": {"dmean2": 142.23085022, "median": 505.554138184, "min": 131.080932617, "dvar2": 36443.4960938, "dvar": 23436.6367188, "dmean": 99.5562515259, "max": 10879.7001953, "var": 257049.796875, "mean": 688.68963623}, "pitch_salience": {"dmean2": 0.116095997393, "median": 0.549617767334, "min": 0.00229965150356, "dvar2": 0.0104764839634, "dvar": 0.00439502252266, "dmean": 0.0729797482491, "max": 0.850444376469, "var": 0.0172037724406, "mean": 0.535905539989}, "spectral_energyband_middle_high": {"dmean2": 0.00248693278991, "median": 0.000354291289113, "min": 1.40869755097e-11, "dvar2": 3.75735471607e-05, "dvar": 2.03618274099e-05, "dmean": 0.0018386450829, "max": 0.161302298307, "var": 0.000108397543954, "mean": 0.00474826572463}, "spectral_contrast_coeffs": {"dmean2": [0.0842990130186, 0.0756907090545, 0.0627055168152, 0.0512497499585, 0.0383360125124, 0.0256669223309], "median": [-0.591441273689, -0.670171499252, -0.736105144024, -0.788482666016, -0.79395878315, -0.826280236244], "min": [-0.960901081562, -0.969468712807, -0.957101583481, -0.963797211647, -0.958881437778, -0.958292901516], "dvar2": [0.0044677471742, 0.00389315513894, 0.00265179993585, 0.00204454502091, 0.00118703220505, 0.000426127080573], "dvar": [0.00164362590294, 0.00180252443533, 0.00126918836031, 0.00110584730282, 0.000726241269149, 0.000168029146153], "dmean": [0.050321534276, 0.048985671252, 0.0407721996307, 0.0346033498645, 0.0264697726816, 0.0157879441977], "max": [-0.253559798002, -0.295583814383, -0.38537183404, -0.438289135695, -0.533309698105, -0.692699015141], "var": [0.00866924598813, 0.0107131376863, 0.00850368756801, 0.010886692442, 0.00762891676277, 0.00125759304501], "mean": [-0.597299695015, -0.663777709007, -0.72701382637, -0.765349447727, -0.78294813633, -0.818002820015]}, "melbands_skewness": {"dmean2": 1.02847492695, "median": 1.33484196663, "min": -3.27571821213, "dvar2": 1.87137043476, "dvar": 1.05267179012, "dmean": 0.67669993639, "max": 98.7937240601, "var": 8.44356155396, "mean": 1.65401995182}, "spectral_spread": {"dmean2": 477696.96875, "median": 2011093, "min": 1011673.5, "dvar2": 296449867776, "dvar": 185024708608, "dmean": 298510.71875, "max": 39898800, "var": 1553389584380.0, "mean": 2308749.75}, "dissonance": {"dmean2": 0.0637061744928, "median": 0.415909200907, "min": 0.167945384979, "dvar2": 0.00304638803937, "dvar": 0.00116277730558, "dmean": 0.038042858243, "max": 0.4999820292, "var": 0.0036406503059, "mean": 0.404554009438}, "spectral_skewness": {"dmean2": 1.03149151802, "median": 2.92976808548, "min": -0.00205446733162, "dvar2": 0.702742993832, "dvar": 0.250467687845, "dmean": 0.603274464607, "max": 8.41109466553, "var": 1.1300611496, "mean": 3.01326131821}, "spectral_flux": {"dmean2": 0.0306014567614, "median": 0.0477839559317, "min": 3.88435400964e-05, "dvar2": 0.00134617800359, "dvar": 0.000572177232243, "dmean": 0.0193390790373, "max": 0.430024981499, "var": 0.00206117075868, "mean": 0.0599016733468}, "spectral_contrast_valleys": {"dmean2": [0.696167886257, 0.577761888504, 0.548804938793, 0.518554210663, 0.432002514601, 0.226408496499], "median": [-7.87971401215, -7.36753463745, -8.72010993958, -9.42310523987, -9.3046875, -12.6916923523], "min": [-27.7329025269, -26.9967441559, -27.5569534302, -27.3243179321, -27.2018909454, -27.2787322998], "dvar2": [0.311566770077, 0.244988679886, 0.226511538029, 0.224690273404, 0.150881424546, 0.0480288378894], "dvar": [0.125876113772, 0.11184065789, 0.114744603634, 0.116034887731, 0.0737959221005, 0.0280156731606], "dmean": [0.414508253336, 0.361072659492, 0.351242750883, 0.340734511614, 0.27200910449, 0.137441113591], "max": [-6.00602722168, -4.56012868881, -5.10889196396, -5.62129259109, -6.43424940109, -11.3987474442], "var": [0.990314602852, 1.32946157455, 1.71067845821, 1.83612930775, 0.873293817043, 0.167635291815], "mean": [-7.9693570137, -7.4265704155, -8.60579776764, -9.21588897705, -9.20730781555, -12.7099094391]}, "erbbands_flatness_db": {"dmean2": 0.0288600753993, "median": 0.269373863935, "min": 0.0326375328004, "dvar2": 0.000765923876315, "dvar": 0.000403500191169, "dmean": 0.0199961978942, "max": 0.469802707434, "var": 0.00310094328597, "mean": 0.267719238997}, "spectral_energyband_high": {"dmean2": 7.11708707968e-06, "median": 2.81604297925e-06, "min": 1.22411525361e-10, "dvar2": 4.31931934664e-10, "dvar": 1.88595972173e-10, "dmean": 4.81368397232e-06, "max": 0.000475164881209, "var": 7.54683371351e-10, "mean": 1.13848564069e-05}, "spectral_entropy": {"dmean2": 0.302790045738, "median": 6.24020338058, "min": 4.23365306854, "dvar2": 0.0808295309544, "dvar": 0.0344456620514, "dmean": 0.195560768247, "max": 9.80327701569, "var": 0.404994606972, "mean": 6.28579521179}, "silence_rate_20dB": {"dmean2": 0, "median": 1, "min": 1, "dvar2": 0, "dvar": 0, "dmean": 0, "max": 1, "var": 0, "mean": 1}, "melbands_flatness_db": {"dmean2": 0.0355454571545, "median": 0.36072653532, "min": 0.05455782637, "dvar2": 0.0010781371966, "dvar": 0.00046945977374, "dmean": 0.0231095068157, "max": 0.589706599712, "var": 0.00548791792244, "mean": 0.357670366764}, "barkbands": {"dmean2": [4.95489912282e-05, 0.000781057111453, 0.000951032794546, 0.000501792645082, 0.00346494279802, 0.00199094158597, 0.00153276394121, 0.000683894904796, 0.00138347374741, 0.000486151402583, 0.000517211970873, 0.000875929254107, 0.00107064982876, 0.000738948350772, 0.00040211819578, 0.000163526987308, 0.000146252423292, 7.70009792177e-05, 5.83482760703e-05, 1.39259236676e-05, 3.75109721062e-06, 9.89895028169e-08, 1.03163159793e-07, 6.33703010067e-08, 3.78644919863e-08, 4.39054623769e-08, 7.45742241293e-08], "median": [0.000113655281893, 0.000307612761389, 0.000222845323151, 0.000223338865908, 0.00204131053761, 0.000863627297804, 0.000274954305496, 7.53696003812e-05, 0.000148286766489, 4.78288493468e-05, 1.77756846824e-05, 1.56298774527e-05, 1.09722914203e-05, 5.88449256611e-06, 7.28595205146e-06, 8.43420093588e-06, 1.49847874127e-05, 1.22668589029e-05, 7.28228042135e-06, 2.61513946498e-06, 8.13187170934e-07, 5.56080657077e-08, 9.49090548374e-08, 9.75646230472e-08, 9.78327960865e-08, 1.44370574162e-07, 2.7052067253e-07], "min": [6.41819861147e-11, 3.51542094046e-11, 3.45367918292e-12, 1.5109276677e-12, 2.00756403688e-12, 1.04747287233e-12, 1.30128676931e-12, 8.45872200408e-13, 2.32851688235e-13, 7.05653797114e-14, 1.244488128e-12, 9.94697488439e-13, 7.9072675057e-13, 4.83299110367e-13, 1.88953366842e-12, 1.02941841249e-12, 1.94295165894e-12, 1.34286841629e-12, 3.11469123063e-12, 3.59479156511e-12, 8.00539582541e-12, 5.08954120168e-12, 9.56269351898e-12, 1.37686754359e-11, 2.7641737857e-11, 1.62170936402e-11, 4.31396689204e-11], "dvar2": [3.1391340638e-09, 1.78868288003e-06, 3.31667706632e-06, 9.62211856859e-07, 0.000117172327009, 4.73503787362e-05, 1.62628766702e-05, 4.04812999477e-06, 2.22237795242e-05, 3.10148448079e-06, 3.30508123625e-06, 7.98562814452e-06, 1.70001694642e-05, 1.02774984043e-05, 2.20050014832e-06, 3.71955451328e-07, 1.76457547241e-07, 3.70110093684e-08, 2.07596642099e-08, 1.88401205747e-09, 2.19233603493e-10, 6.58855430066e-14, 4.3824637658e-14, 6.82614068962e-15, 1.72151727942e-15, 1.43162046498e-15, 4.46754780183e-15], "dvar": [9.81254633103e-10, 7.55020153065e-07, 1.46035301896e-06, 3.60081287454e-07, 4.5984677854e-05, 1.96733653866e-05, 1.08975373223e-05, 2.11023689189e-06, 1.00830066003e-05, 1.38499581226e-06, 1.36474591272e-06, 3.52247229785e-06, 7.68021709519e-06, 5.93379763814e-06, 1.02248236544e-06, 1.58225375912e-07, 7.30120603976e-08, 1.85698709743e-08, 9.2769605331e-09, 9.13573272587e-10, 8.77165978741e-11, 3.00975708928e-14, 1.85684106302e-14, 3.22474908613e-15, 6.29371737831e-16, 5.7140932619e-16, 1.89424328511e-15], "dmean": [2.69762804237e-05, 0.000493887870107, 0.000601184612606, 0.000312294985633, 0.00215517962351, 0.00131466577295, 0.00111876800656, 0.000455556233646, 0.000931830669288, 0.000328438036377, 0.000335046497639, 0.000579680257943, 0.000720952