{"tonal": {"thpcp": [1, 0.756638646126, 0.345277369022, 0.348765254021, 0.262374013662, 0.235907077789, 0.295152366161, 0.19480329752, 0.182999357581, 0.323121458292, 0.288140028715, 0.268490880728, 0.308904737234, 0.217415124178, 0.411431789398, 0.71754437685, 0.48452937603, 0.186031267047, 0.167563304305, 0.136182233691, 0.391128242016, 0.714436948299, 0.46091362834, 0.230528920889, 0.366767674685, 0.279752194881, 0.159379899502, 0.195037350059, 0.141202375293, 0.187304526567, 0.372372537851, 0.293586820364, 0.154938191175, 0.188606232405, 0.206732884049, 0.525653362274], "hpcp": {"dmean2": [0.119090586901, 0.111207216978, 0.0766583904624, 0.0768961086869, 0.0745671615005, 0.0831199884415, 0.11403439939, 0.110845580697, 0.0866245403886, 0.0940394997597, 0.116314023733, 0.17096939683, 0.205004796386, 0.209932401776, 0.157448351383, 0.138559833169, 0.122210033238, 0.112277232111, 0.110198006034, 0.0927730277181, 0.082701407373, 0.109327092767, 0.1254414469, 0.118534512818, 0.108664937317, 0.105160810053, 0.147070392966, 0.172940313816, 0.158633947372, 0.0975571572781, 0.0748987197876, 0.0795356780291, 0.121135652065, 0.139008432627, 0.134229198098, 0.107146635652], "median": [0.0261824205518, 0.0223877448589, 0.0135641517118, 0.00732355983928, 0.0066934376955, 0.0147717576474, 0.02278746292, 0.0202861446887, 0.0114560294896, 0.0078350994736, 0.0126336533576, 0.103594854474, 0.256142765284, 0.184316501021, 0.0381640717387, 0.0124887563288, 0.0120943896472, 0.0200405456126, 0.0180714018643, 0.0145683251321, 0.015493735671, 0.0247445106506, 0.0296101029962, 0.0269866455346, 0.0206420123577, 0.0208084676415, 0.0641297101974, 0.109106086195, 0.0765298604965, 0.0126308156177, 0.00462019070983, 0.00793234352022, 0.0544608682394, 0.0873987302184, 0.0637546256185, 0.0282844565809], "min": [0, 0, 0, 0, 2.83676376966e-06, 0, 0, 0, 0, 0, 0, 1.19008536785e-05, 4.45634577773e-06, 3.98750650277e-08, 0, 0, 0, 0, 0, 0, 0, 0, 2.31671783695e-05, 2.23092283704e-05, 1.06847919596e-05, 0, 0, 0, 0, 0, 0, 0, 0, 0, 0, 0], "dvar2": [0.047692861408, 0.0438298247755, 0.0267602559179, 0.0352699868381, 0.0340478122234, 0.0290992259979, 0.0463689789176, 0.0428483746946, 0.0378831475973, 0.0438387617469, 0.0531436949968, 0.0609394945204, 0.0757338479161, 0.0789490044117, 0.0702667012811, 0.0714857876301, 0.0572643429041, 0.054130051285, 0.0497377626598, 0.0393505170941, 0.0320789292455, 0.0413524620235, 0.0489463247359, 0.0550119541585, 0.0467121452093, 0.040942594409, 0.0531811676919, 0.066171720624, 0.0543269068003, 0.0390857197344, 0.0332653038204, 0.0339933410287, 0.0382545515895, 0.0497503653169, 0.0452594310045, 0.0403916202486], "dvar": [0.0196440033615, 0.0165668632835, 0.0102900406346, 0.0138903865591, 0.0122288260609, 0.0108954049647, 0.0191202871501, 0.0169352274388, 0.0137982899323, 0.0167678948492, 0.0201695077121, 0.0237894747406, 0.0333115682006, 0.0312827676535, 0.0270824879408, 0.0277701318264, 0.0221721082926, 0.0204219967127, 0.0195920914412, 0.0143370358273, 0.0119839953259, 0.0173700675368, 0.0193714741617, 0.0206216312945, 0.0186237934977, 0.0147759700194, 0.0198014359921, 0.0280811488628, 0.0215312037617, 0.0143002839759, 0.0127684744075, 0.0127220833674, 0.014664596878, 0.022725019604, 0.0173349846154, 0.0143024707213], "dmean": [0.0738647207618, 0.0681578963995, 0.0459632128477, 0.047310795635, 0.0437562428415, 0.0498076044023, 0.0718409568071, 0.0684227347374, 0.0508656613529, 0.0556248240173, 0.0685409680009, 0.104888021946, 0.127176865935, 0.130499750376, 0.0952237173915, 0.081468231976, 0.0731605440378, 0.0669408589602, 0.067043222487, 0.0551520325243, 0.0500010997057, 0.0682716593146, 0.0761198550463, 0.0711525827646, 0.0665421485901, 0.0625035390258, 0.0886256992817, 0.107327841222, 0.0980323925614, 0.0575162060559, 0.04390052706, 0.0457989610732, 0.0758678987622, 0.0904146954417, 0.0833691433072, 0.0638107210398], "max": [1, 1, 1, 1, 1, 1, 1, 1, 1, 1, 1, 1, 1, 1, 1, 1, 1, 1, 1, 1, 1, 1, 1, 1, 1, 1, 1, 1, 1, 1, 1, 1, 1, 1, 1, 1], "var": [0.065943300724, 0.0393447168171, 0.0189824458212, 0.0367818698287, 0.0193231366575, 0.0213446840644, 0.0700691267848, 0.0457993634045, 0.0184619445354, 0.0314912572503, 0.029552301392, 0.0628228038549, 0.150274783373, 0.0983379632235, 0.0489457845688, 0.0720866173506, 0.0413205809891, 0.0343256555498, 0.0534959957004, 0.022992240265, 0.0218506176025, 0.0562510862947, 0.0385549515486, 0.0394300743937, 0.058166641742, 0.0264038220048, 0.0485258474946, 0.124502904713, 0.0634124279022, 0.0237903408706, 0.0317238382995, 0.0180015526712, 0.0454240106046, 0.132742747664, 0.0598091334105, 0.0245951786637], "mean": [0.148891896009, 0.113567352295, 0.0647013857961, 0.0791767761111, 0.057322088629, 0.0760375782847, 0.151167228818, 0.11918361485, 0.0628982409835, 0.0765660181642, 0.0839246585965, 0.213392645121, 0.405956983566, 0.307162731886, 0.140167757869, 0.141583696008, 0.106512568891, 0.0957681238651, 0.119819164276, 0.0790817588568, 0.0742898657918, 0.131173416972, 0.116972453892, 0.108995750546, 0.125402033329, 0.0882611870766, 0.167023614049, 0.291292160749, 0.196698084474, 0.0755206942558, 0.0680234953761, 0.055284127593, 0.158781245351, 0.290030658245, 0.187111109495, 0.0935848280787]}, "tuning_equal_tempered_deviation": 0.0332837626338, "chords_changes_rate": 0.0439630039036, "key_key": "F#", "tuning_diatonic_strength": 0.570154428482, "key_scale": "minor", "chords_number_rate": 0.00177372351754, "tuning_frequency": 440, "tuning_nontempered_energy_ratio": 0.664305746555, "chords_histogram": [25.0728492737, 2.40719628334, 12.9101734161, 0.785506129265, 2.43253517151, 1.79906249046, 0.620803236961, 9.93285179138, 0.582794904709, 16.5589771271, 0.557455956936, 6.01799058914, 0.430761426687, 0.291397452354, 0.2533890903, 0.215380713344, 1.14025080204, 0, 0.608133792877, 1.53300392628, 1.52033448219, 3.05333828926, 7.85506153107, 3.42075252533], "key_strength": 0.828702390194, "chords_key": "F#", "chords_strength": {"dmean2": 0.0064503098838, "median": 0.517422378063, "min": 0.228481769562, "dvar2": 3.82806392736e-05, "dvar": 4.86071694468e-05, "dmean": 0.00862566567957, "max": 0.78589785099, "var": 0.00884568784386, "mean": 0.519807934761}, "chords_scale": "minor", "hpcp_entropy": {"dmean2": 0.781595051289, "median": 1.80718040466, "min": 0.0418619960546, "dvar2": 0.477723002434, "dvar": 0.178948432207, "dmean": 0.472784280777, "max": 4.15285253525, "var": 0.404249370098, "mean": 1.78657889366}}, "metadata": {"audio_properties": {"equal_loudness": 0, "codec": "flac", "downmix": "mix", "sample_rate": 44100, "analysis_sample_rate": 44100, "bit_rate": 0, "md5_encoded": "00fa4387afdb350cb655935ba434e573", "length": 366.503753662, "replay_gain": -1.79151916504, "lossless": true}, "version": {"essentia_build_sha": "5c9e65ec81695c916afb4cba055c226bfc528ee6", "essentia": "2.1-beta1", "extractor": "music 1.0", "essentia_git_sha": "v2.1_beta1-28-g21ef5f4"}, "tags": {"title": ["Cantata, BWV 55 \"Ich armer Mensch, ich S\u00fcndenknecht\": I. Aria \"Ich armer Mensch, ich S\u00fcndenknecht\""], "barcode": ["7318599916316"], "media": ["Hybrid SACD"], "albumartist": ["Johann Sebastian Bach; Bach Collegium Japan, Masaaki Suzuki"], "tracktotal": ["21"], "musicbrainz_releasegroupid": ["2686e503-acac-3997-9f1f-a218c11b0fdf"], "releasetype": ["album"], "musicbrainz_recordingid": ["03097d61-e219-433a-95dc-7944dc5e1601"], "musicbrainz_albumartistid": ["24f1766e-9635-4d58-a4d4-9413f9f98a4c", "e64ad5ad-9bdf-4ef1-a943-e1121aca8eef", "d41e5072-3a8e-4f1f-97ab-3b0820de74c1"], "discnumber": ["1"], "totaldiscs": ["1"], "catalognumber": ["BIS-SACD-1631"], "notes": ["Medieval CUE Splitter (www.medieval.it)"], "releasecountry": ["SE"], "file_name": "12 Cantata, BWV 55 _Ich armer Mensch, ich S\u00fcndenknecht__ I. Aria _Ich armer Mensch, ich S\u00fcndenknecht_.flac", "originaldate": ["2008"], "albumartistsort": ["Bach, Johann Sebastian; Bach Collegium Japan, Suzuki, Masaaki"], "date": ["2008"], "genre": [" "], "disctotal": ["1"], "releasestatus": ["official"], "musicbrainz_artistid": ["24f1766e-9635-4d58-a4d4-9413f9f98a4c"], "asin": ["B0012P70UA"], "musicbrainz_albumid": ["661ab5e9-c32d-439f-8400-32291bcd129a"], "artist": ["Johann Sebastian Bach"], "tracknumber": ["12"], "artistsort": ["Bach, Johann Sebastian"], "album": ["Cantatas, Volume 38"], "label": ["BIS"], "isrc": ["SEAEQ0731120"], "acoustid_id": ["71bb6b0d-15ce-4d19-8484-285b65d3da9d"], "script": ["Latn"], "totaltracks": ["21"]}}, "rhythm": {"bpm_histogram_first_peak_bpm": {"dmean2": 0, "median": 144, "min": 144, "dvar2": 0, "dvar": 0, "dmean": 0, "max": 144, "var": 0, "mean": 144}, "bpm": 142.87411499, "bpm_histogram_second_peak_spread": {"dmean2": 0, "median": 0.389534890652, "min": 0.389534890652, "dvar2": 0, "dvar": 0, "dmean": 0, "max": 0.389534890652, "var": 0, "mean": 0.389534890652}, "bpm_histogram_first_peak_weight": {"dmean2": 0, "median": 0.155555561185, "min": 0.155555561185, "dvar2": 0, "dvar": 0, "dmean": 0, "max": 0.155555561185, "var": 0, "mean": 0.155555561185}, "onset_rate": 1.50880432129, "beats_position": [0.429569154978, 0.870748281479, 1.31192743778, 1.75310659409, 2.20589566231, 2.6470746994, 3.08825397491, 3.51782298088, 3.94739222527, 4.3653512001, 4.78331041336, 5.20126962662, 5.61922883987, 6.04879808426, 6.46675729752, 6.88471651077, 7.30267572403, 7.70902490616, 8.11537361145, 8.52172279358, 8.93968200684, 9.36925125122, 9.78721046448, 10.2167797089, 10.6579589844, 11.0991382599, 11.5403175354, 11.9698867798, 12.3994560242, 12.8290243149, 13.2469835281, 13.6765527725, 14.1061220169, 14.5356912613, 14.9768705368, 15.4180498123, 15.8592290878, 16.3004074097, 16.7299766541, 17.1595458984, 17.5891151428, 18.0186843872, 18.4482536316, 18.877822876, 19.2957820892, 19.7253513336, 20.154920578, 20.5728797913, 21.0024490356, 21.43201828, 21.8499774933, 22.2795467377, 22.6975059509, 23.1270751953, 23.5450344086, 23.9629936218, 24.3925609589, 24.8221302032, 25.2516994476, 25.6696586609, 26.0876178741, 26.4939670563, 26.9003162384, 27.3066654205, 27.7130146027, 28.1193637848, 28.5605430603, 29.0017223358, 29.4429016113, 29.8840808868, 30.3252601624, 30.7664394379, 31.2076187134, 31.6487979889, 32.0899772644, 32.5311546326, 32.960723877, 33.3902931213, 33.8198623657, 34.2378234863, 34.6557807922, 35.0737419128, 35.4916992188, 35.9212684631, 36.3392295837, 36.7571868896, 37.1751480103, 37.5931053162, 38.0110664368, 38.4290237427, 38.8469848633, 39.2649421692, 39.6829032898, 40.1008605957, 40.5188217163, 40.9251708984, 41.3315200806, 41.7494773865, 42.1674385071, 42.585395813, 43.0962333679, 43.5954627991, 44.0946922302, 44.7100219727, 45.3253517151, 45.9522895813, 46.5792274475, 47.1945571899, 47.8098869324, 48.4136047363, 49.0289344788, 49.5629920959, 50.1086616516, 50.6427192688, 51.1767807007, 51.7108383179, 52.152015686, 52.5931968689, 53.0343742371, 53.4987754822, 53.9631729126, 54.4275741577, 54.8919715881, 55.3563690186, 55.8323783875, 56.3083877563, 56.7727890015, 57.2487983704, 57.7248077393, 58.0963249207, 58.4678459167, 58.8509750366, 59.2341041565, 59.6056213379, 59.977142334, 60.3602714539, 60.7434005737, 61.1149177551, 61.4864387512, 61.8579597473, 62.2294769287, 62.6126060486, 63.0073471069, 63.3904762268, 63.7852134705, 64.2380065918, 64.6907958984, 65.1435852051, 65.5383224487, 65.9214477539, 66.316192627, 66.6993179321, 67.0360107422, 67.3726959229, 67.7093887329, 68.0460739136, 68.3943786621, 68.7542877197, 69.1141967773, 69.4624938965, 69.8224029541, 70.1707000732, 70.5189971924, 70.8556900024, 71.1923828125, 71.5290679932, 71.8657608032, 72.2024459839, 72.5391387939, 72.9570999146, 73.3750534058, 73.8046264648, 74.303855896, 74.7798614502, 75.2558746338, 75.7202682495, 76.1266174316, 76.5329666138, 76.9393157959, 77.345664978, 77.7636260986, 78.1699752808, 78.5763244629, 78.9942855835, 79.4122467041, 79.8302001953, 80.2481613159, 80.6661224365, 81.0840835571, 81.5020370483, 81.9199981689, 82.349571228, 82.7791366577, 83.2087097168, 83.626663208, 84.0446243286, 84.4509735107, 84.8689346313, 85.2868881226, 85.7048492432, 86.1924667358, 86.656867981, 87.1328811646, 87.6088867188, 88.0848999023, 88.5492935181, 89.0136947632, 89.4780960083, 89.9541015625, 90.4301147461, 90.8596801758, 91.2776412964, 91.695602417, 92.1135559082, 92.5315170288, 92.9610900879, 93.3790435791, 93.7970046997, 94.2265777588, 94.64453125, 95.0624923706, 95.5036697388, 95.9448471069, 96.374420166, 96.7923812866, 97.2103347778, 97.6399078369, 98.1275253296, 98.6151428223, 99.1027679443, 99.6716537476, 100.228935242, 100.797821045, 101.355102539, 101.912376404, 102.469657898, 103.073379517, 103.665489197, 104.304031372, 104.942581177, 105.59274292, 106.242897034, 106.893058777, 107.54322052, 108.204986572, 108.785484314, 109.365982056, 109.946479797, 110.457321167, 110.968162537, 111.479003906, 111.978225708, 112.477455139, 112.965080261, 113.464309692, 113.963539124, 114.474372864, 114.973602295, 115.472831726, 115.914009094, 116.355194092, 116.79637146, 117.237548828, 117.678726196, 118.119903564, 118.561088562, 118.990653992, 119.420227051, 119.84979248, 120.27936554, 120.708930969, 121.150108337, 121.579681396, 122.044082642, 122.508476257, 122.972877502, 123.425666809, 123.866844177, 124.308021545, 124.760810852, 125.213600159, 125.666389465, 126.107574463, 126.56036377, 127.013153076, 127.465942383, 127.965164185, 128.452789307, 128.94039917, 129.393188477, 129.845977783, 130.29876709, 130.751556396, 131.192733765, 131.633926392, 132.07510376, 132.527893066, 132.969070435, 133.421859741, 133.863037109, 134.304214478, 134.745391846, 135.198181152, 135.650970459, 136.103759766, 136.556549072, 137.067382812, 137.578231812, 138.089065552, 138.623123169, 139.157180786, 139.702850342, 140.248519897, 140.782577515, 141.270202637, 141.757827759, 142.245437622, 142.733062744, 143.220672607, 143.708297729, 144.184310913, 144.660308838, 145.14793396, 145.612335205, 145.960632324, 146.308929443, 146.668838501, 147.028747559, 147.377044678, 147.736953735, 148.096862793, 148.445159912, 148.79347229, 149.141769409, 149.490066528, 149.838363647, 150.186660767, 150.534957886, 150.894866943, 151.243179321, 151.626296997, 152.009429932, 152.392562866, 152.764083862, 153.135604858, 153.507110596, 153.878631592, 154.250152588, 154.633285522, 155.028030396, 155.42276001, 155.805892944, 156.200637817, 156.595367432, 157.001724243, 157.408065796, 157.826034546, 158.243988037, 158.661941528, 159.079910278, 159.49786377, 159.915817261, 160.333786011, 160.740127563, 161.146484375, 161.552825928, 161.959182739, 162.37713623, 162.783493042, 163.201446533, 163.607803345, 164.025756836, 164.443710327, 164.861679077, 165.279632568, 165.68598938, 166.103942871, 166.521896362, 166.939865112, 167.346206665, 167.752563477, 168.158905029, 168.565261841, 168.971603394, 169.389572144, 169.795913696, 170.213867188, 170.631835938, 171.049789429, 171.467758179, 171.874099731, 172.292053223, 172.710021973, 173.127975464, 173.545944214, 173.963897705, 174.381851196, 174.799819946, 175.206161499, 175.635726929, 176.053695679, 176.483261108, 176.936050415, 177.388839722, 177.83001709, 178.271194458, 178.700775146, 179.118728638, 179.536682129, 179.954650879, 180.384216309, 180.813781738, 181.231735229, 181.649703979, 182.079269409, 182.508834839, 182.950012207, 183.391204834, 183.832382202, 184.261947632, 184.691513062, 185.121078491, 185.55065918, 185.991836548, 186.433013916, 186.874191284, 187.326980591, 187.768157959, 188.220947266, 188.662124634, 189.091690063, 189.521270752, 189.96244812, 190.450057983, 190.949295044, 191.436920166, 191.982574463, 192.528244019, 193.073913574, 193.573150635, 194.072372437, 194.571609497, 194.989562988, 195.407531738, 195.825485229, 196.231826782, 196.638183594, 197.044525146, 197.450881958, 197.857223511, 198.263580322, 198.669921875, 199.076278687, 199.482620239, 199.888977051, 200.295318604, 200.713287354, 201.131240845, 201.549209595, 201.967163086, 202.361907959, 202.745025635, 203.139770508, 203.522903442, 203.871200562, 204.219497681, 204.5677948, 204.916091919, 205.264389038, 205.612701416, 205.960998535, 206.297683716, 206.634368896, 206.971069336, 207.307754517, 207.644439697, 207.992736816, 208.422302246, 208.851882935, 209.293060303, 209.711013794, 210.140579224, 210.570159912, 210.988113403, 211.417678833, 211.835647583, 212.265213013, 212.787658691, 213.31010437, 213.832565308, 214.41305542, 214.993560791, 215.574050903, 216.142944336, 216.711837769, 217.280715942, 217.849609375, 218.418502808, 218.975784302, 219.544662476, 219.997451782, 220.43862915, 220.879821777, 221.320999146, 221.750564575, 222.180130005, 222.609695435, 223.050872803, 223.49206543, 223.921630859, 224.351196289, 224.722717285, 225.094238281, 225.465759277, 225.825668335, 226.185577393, 226.54548645, 226.905395508, 227.265304565, 227.66003418, 228.066390991, 228.461135864, 228.855865479, 229.250610352, 229.645339966, 230.051696777, 230.504486084, 230.968887329, 231.433288574, 231.886077881, 232.338867188, 232.780044556, 233.221221924, 233.639175415, 234.057144165, 234.463485718, 234.869842529, 235.276184082, 235.670928955, 236.065658569, 236.495239258, 236.913192749, 237.33114624, 237.74911499, 238.167068481, 238.585037231, 239.014602661, 239.444168091, 239.896957397, 240.338134766, 240.802536011, 241.278549194, 241.742950439, 242.207336426, 242.729797363, 243.252243042, 243.786300659, 244.320358276, 244.854415894, 245.376861572, 245.89932251, 246.421768188, 246.955825806, 247.478271484, 248.012329102, 248.546386719, 249.068832397, 249.591293335, 250.125350952, 250.659408569, 251.228302002, 251.808792114, 252.389297485, 253.004623413, 253.619949341, 254.246887207, 254.862213135, 255.477539062, 256.104492188, 256.743041992, 257.3699646, 257.996917725, 258.623840332, 259.262390137, 259.900939941, 260.527893066, 261.154815674, 261.781768799, 262.420318604, 263.047241211, 263.674194336, 264.301116943, 264.939666748, 265.566619873, 266.205169678, 266.843719482, 267.482269287, 268.120819092, 268.759368896, 269.33984375, 269.931976318, 270.500854492, 271.069732666, 271.638641357, 272.219146729, 272.799621582, 273.39175415, 273.972229004, 274.552734375, 275.133239746, 275.713745117, 276.294250488, 276.886352539, 277.47845459, 278.070556641, 278.662658691, 279.25479126, 279.730773926, 280.206787109, 280.682800293, 281.170440674, 281.658050537, 282.1456604, 282.621673584, 283.097686768, 283.573699951, 284.049713135, 284.525695801, 285.001708984, 285.419677734, 285.837646484, 286.243988037, 286.65032959, 287.103118896, 287.555908203, 288.00869751, 288.461486816, 288.902679443, 289.35546875, 289.808258057, 290.261047363, 290.71383667, 291.178222656, 291.619415283, 292.060577393, 292.50177002, 292.931335449, 293.360900879, 293.790466309, 294.220031738, 294.649597168, 295.079193115, 295.508758545, 295.938323975, 296.367889404, 296.797454834, 297.285064697, 297.761077881, 298.248687744, 298.701477051, 299.154266357, 299.607055664, 300.059844971, 300.512634277, 300.953826904, 301.406616211, 301.859405518, 302.300598145, 302.753387451, 303.171325684, 303.589294434, 304.007263184, 304.413604736, 304.819946289, 305.226287842, 305.644256592, 306.062225342, 306.456970215, 306.863311768, 307.26965332, 307.664398193, 308.059143066, 308.442260742, 308.825378418, 309.289794922, 309.754180908, 310.218597412, 310.682983398, 311.147399902, 311.623382568, 312.099395752, 312.563812256, 313.039825439, 313.515808105, 313.957000732, 314.398193359, 314.839355469, 315.280548096, 315.721710205, 316.151275635, 316.580841064, 317.010437012, 317.440002441, 317.869567871, 318.299133301, 318.72869873, 319.15826416, 319.58782959, 320.01739502, 320.43536377, 320.85333252, 321.27130127, 321.689239502, 322.107208252, 322.559997559, 323.012786865, 323.477172852, 323.941589355, 324.394378662, 324.847167969, 325.311553955, 325.775970459, 326.240356445, 326.704742432, 327.157531738, 327.610321045, 328.063110352, 328.515899658, 328.968688965, 329.421478271, 329.874267578, 330.327056885, 330.768249512, 331.209442139, 331.662200928, 332.103393555, 332.544586182, 332.974151611, 333.403717041, 333.833282471, 334.2628479, 334.704040527, 335.145202637, 335.586395264, 336.015960693, 336.445526123, 336.88671875, 337.327880859, 337.769073486, 338.210235596, 338.639801025, 339.069366455, 339.498962402, 339.928527832, 340.369689941, 340.810882568, 341.252044678, 341.693237305, 342.134429932, 342.575592041, 343.016784668, 343.457946777, 343.899139404, 344.340301514, 344.827941895, 345.315551758, 345.803161621, 346.255950928, 346.697143555, 347.138305664, 347.579498291, 348.043884277, 348.508300781, 348.961090088, 349.413879395, 349.855041504, 350.296234131, 350.749023438, 351.201812744, 351.654602051, 352.107391357, 352.571777344, 353.047790527, 353.523803711, 353.999816895, 354.475830078, 354.963439941, 355.439453125, 355.915466309, 356.379852295, 356.844268799, 357.320251465, 357.796264648, 358.283905029, 358.771514893, 359.259124756, 359.700317383, 360.153106689, 360.594268799, 361.035461426, 361.465026855, 361.894592285, 362.324157715, 362.753723145, 363.171691895, 363.601257324, 364.030822754, 364.460388184, 364.889984131, 365.319549561, 365.74911499], "beats_loudness": {"dmean2": 0.0154784349725, "median": 0.0115622654557, "min": 1.22977144201e-06, "dvar2": 0.000479069858557, "dvar": 0.00017771711282, "dmean": 0.00925110746175, "max": 0.170887708664, "var": 0.000244444905547, "mean": 0.0163083877414}, "danceability": 0.871279537678, "bpm_histogram_second_peak_weight": {"dmean2": 0, "median": 0.12962962687, "min": 0.12962962687, "dvar2": 0, "dvar": 0, "dmean": 0, "max": 0.12962962687, "var": 0, "mean": 0.12962962687}, "beats_count": 811, "bpm_histogram_second_peak_bpm": {"dmean2": 0, "median": 136, "min": 136, "dvar2": 0, "dvar": 0, "dmean": 0, "max": 136, "var": 0, "mean": 136}, "bpm_histogram_first_peak_spread": {"dmean2": 0, "median": 0.572881340981, "min": 0.572881340981, "dvar2": 0, "dvar": 0, "dmean": 0, "max": 0.572881340981, "var": 0, "mean": 0.572881340981}, "beats_loudness_band_ratio": {"dmean2": [0.289522707462, 0.247936949134, 0.218844175339, 0.215137735009, 0.106129214168, 0.0117342276499], "median": [0.240914672613, 0.223922222853, 0.18974211812, 0.140690222383, 0.0259173940867, 0.00211413251236], "min": [0.00276046595536, 0.00252873473801, 0.000630821858067, 0.000212996048504, 0.000112717731099, 3.52772731276e-05], "dvar2": [0.0584198571742, 0.0445858202875, 0.0348630212247, 0.0419161841273, 0.0245289858431, 0.000798310618848], "dvar": [0.0228931102902, 0.0175115652382, 0.0135015407577, 0.0164193753153, 0.00948056858033, 0.000268398434855], "dmean": [0.172353953123, 0.148420378566, 0.130758345127, 0.128608644009, 0.0624205134809, 0.006452023983], "max": [0.993191242218, 0.914030313492, 0.818383276463, 0.827926278114, 0.860106706619, 0.174664050341], "var": [0.0509067252278, 0.0333338230848, 0.0258500017226, 0.0294047761708, 0.0132731981575, 0.000170031256857], "mean": [0.294697791338, 0.270780563354, 0.225851863623, 0.192859113216, 0.0758212730289, 0.00584048870951]}}, "lowlevel": {"barkbands_spread": {"dmean2": 3.69722366333, "median": 11.7404336929, "min": 0.34177583456, "dvar2": 18.7372322083, "dvar": 7.89808034897, "dmean": 2.40280508995, "max": 79.5444488525, "var": 50.6650123596, "mean": 13.0465698242}, "melbands_spread": {"dmean2": 5.41721963882, "median": 16.0230941772, "min": 0.23519936204, "dvar2": 50.6494064331, "dvar": 21.4719848633, "dmean": 3.53170681, "max": 133.310333252, "var": 131.277526855, "mean": 18.017408371}, "hfc": {"dmean2": 4.02366733551, "median": 5.84863805771, "min": 0.00110862124711, "dvar2": 104.880439758, "dvar": 49.5346755981, "dmean": 2.83291554451, "max": 291.584625244, "var": 330.492126465, "mean": 11.6870803833}, "barkbands_kurtosis": {"dmean2": 3.89151000977, "median": 0.663408279419, "min": -1.93636643887, "dvar2": 511.707458496, "dvar": 184.808624268, "dmean": 2.40612506866, "max": 463.056976318, "var": 319.084503174, "mean": 3.60013484955}, "gfcc": {"mean": [-104.197570801, 163.600753784, -128.032287598, -0.239998847246, -37.2551002502, -7.2285323143, -31.7284297943, 4.6687078476, -18.1853103638, -14.4021396637, -4.25810909271, 0.9724214077, -9.17720508575], "icov": [[0.000883421918843, -0.00124915351626, 0.00174967676867, -0.00148757977877, 0.00154260522686, -0.00185943534598, 0.0015479727881, -0.00183006667066, 0.00154349463992, -0.00133812753484, 0.00100153568201, -0.00105511327274, 0.000758583773859], [-0.00124915351626, 0.00401120027527, -0.00241031451151, 0.00326512125321, -0.00347604672424, 0.00386233069003, -0.00400289567187, 0.00396395334974, -0.00343092554249, 0.00349571811967, -0.00260477792472, 0.00269472110085, -0.00234259688295], [0.00174967676867, -0.00241031451151, 0.00496564619243, -0.00346880592406, 0.00262566492893, -0.00370059721172, 0.00226088846102, -0.00294489320368, 0.00270248949528, -0.00209637894295, 0.00146926357411, -0.00111280556303, 0.000607298628893], [-0.00148757977877, 0.00326512125321, -0.00346880592406, 0.00662818085402, -0.0037749344483, 0.00382030871697, -0.00278388243169, 0.003737405641, -0.00390968564898, 0.00164042180404, -0.000125180667965, 0.000791700324044, -0.00170607352629], [0.00154260522686, -0.00347604672424, 0.00262566492893, -0.0037749344483, 0.00816908665001, -0.00483781518415, 0.00440253363922, -0.0053566233255, 0.00231278012507, -0.00113120616879, -7.59214235586e-05, -0.00148766289931, 0.00213024509139], [-0.00185943534598, 0.00386233069003, -0.00370059721172, 0.00382030871697, -0.00483781518415, 0.0105535769835, -0.00595862651244, 0.00526754977182, -0.00380947184749, 0.00236480869353, -0.0029302216135, 0.00309997866862, -0.00365541060455], [0.0015479727881, -0.00400289567187, 0.00226088846102, -0.00278388243169, 0.00440253363922, -0.00595862651244, 0.00852492731065, -0.00500499177724, 0.00476510543376, -0.00474882917479, 0.00364128081128, -0.00353407999501, 0.00140073779039], [-0.00183006667066, 0.00396395334974, -0.00294489320368, 0.003737405641, -0.0053566233255, 0.00526754977182, -0.00500499177724, 0.0110216559842, -0.00579761248082, 0.00547626009211, -0.0041695269756, 0.00121130584739, 0.00028412550455], [0.00154349463992, -0.00343092554249, 0.00270248949528, -0.00390968564898, 0.00231278012507, -0.00380947184749, 0.00476510543376, -0.00579761248082, 0.013456184417, -0.00842130184174, 0.00318927154876, -0.000994914793409, -0.00039035116788], [-0.00133812753484, 0.00349571811967, -0.00209637894295, 0.00164042180404, -0.00113120616879, 0.00236480869353, -0.00474882917479, 0.00547626009211, -0.00842130184174, 0.0138407256454, -0.00586861837655, 0.00380651373416, -0.00144636875484], [0.00100153568201, -0.00260477792472, 0.00146926357411, -0.000125180667965, -7.59214235586e-05, -0.0029302216135, 0.00364128081128, -0.0041695269756, 0.00318927154876, -0.00586861837655, 0.0153232263401, -0.00892682746053, 0.00351025210693], [-0.00105511327274, 0.00269472110085, -0.00111280556303, 0.000791700324044, -0.00148766289931, 0.00309997866862, -0.00353407999501, 0.00121130584739, -0.000994914793409, 0.00380651373416, -0.00892682746053, 0.0166720598936, -0.00713665876538], [0.000758583773859, -0.00234259688295, 0.000607298628893, -0.00170607352629, 0.00213024509139, -0.00365541060455, 0.00140073779039, 0.00028412550455, -0.00039035116788, -0.00144636875484, 0.00351025210693, -0.00713665876538, 0.0142405917868]], "cov": [[7261.25732422, -319.147491455, -2013.06750488, 61.2657012939, -250.680053711, -35.1568641663, -404.613342285, 391.289428711, -129.744049072, 34.8540840149, 40.9407577515, 157.150863647, -216.998275757], [-319.147491455, 976.267333984, 164.254226685, -222.706741333, 124.249504089, -4.30930519104, 204.538314819, -72.1975326538, -1.04809606075, -87.2569885254, 36.0187606812, -24.5018692017, 75.4925460815], [-2013.06750488, 164.254226685, 957.538513184, 132.370681763, 33.3789634705, 110.799369812, 180.63319397, -139.691192627, 49.1081504822, 30.7538528442, -40.0690917969, -43.9322280884, 110.075485229], [61.2657012939, -222.706741333, 132.370681763, 378.560119629, 13.9708604813, 10.665140152, -31.5465984344, -27.1244564056, 70.157661438, 62.4736595154, -44.4211959839, 1.78168034554, 24.2114868164], [-250.680053711, 124.249504089, 33.3789634705, 13.9708604813, 319.200439453, -0.0959672257304, -65.0213699341, 107.232711792, 22.0465450287, -54.5814781189, 67.782661438, 11.8303031921, -25.1932926178], [-35.1568641663, -4.30930519104, 110.799369812, 10.665140152, -0.0959672257304, 232.358398438, 121.726821899, -52.6378707886, 17.9742126465, 50.6855163574, -2.79520058632, 3.02046322823, 54.2950706482], [-404.613342285, 204.538314819, 180.63319397, -31.5465984344, -65.0213699341, 121.726821899, 350.964263916, -50.6518783569, -13.9554576874, 41.3032150269, -20.1608085632, 11.6339769363, 65.7914886475], [391.289428711, -72.1975326538, -139.691192627, -27.1244564056, 107.232711792, -52.6378707886, -50.6518783569, 257.634063721, 8.25986671448, -48.1417541504, 63.7746772766, 37.7331581116, -61.1966094971], [-129.744049072, -1.04809606075, 49.1081504822, 70.157661438, 22.0465450287, 17.9742126465, -13.9554576874, 8.25986671448, 159.078903198, 79.3218612671, -2.3577568531, -13.5942134857, 21.7590198517], [34.8540840149, -87.2569885254, 30.7538528442, 62.4736595154, -54.5814781189, 50.6855163574, 41.3032150269, -48.1417541504, 79.3218612671, 170.314605713, 5.82111120224, -8.30166721344, 21.9129371643], [40.9407577515, 36.0187606812, -40.0690917969, -44.4211959839, 67.782661438, -2.79520058632, -20.1608085632, 63.7746772766, -2.3577568531, 5.82111120224, 133.930541992, 58.4525184631, -13.208574295], [157.150863647, -24.5018692017, -43.9322280884, 1.78168034554, 11.8303031921, 3.02046322823, 11.6339769363, 37.7331581116, -13.5942134857, -8.30166721344, 58.4525184631, 116.01675415, 29.3110847473], [-216.998275757, 75.4925460815, 110.075485229, 24.2114868164, -25.1932926178, 54.2950706482, 65.7914886475, -61.1966094971, 21.7590198517, 21.9129371643, -13.208574295, 29.3110847473, 125.628479004]]}, "spectral_energyband_middle_low": {"dmean2": 0.00315536838025, "median": 0.00574700720608, "min": 4.6386418262e-08, "dvar2": 2.45500268647e-05, "dvar": 9.68163203652e-06, "dmean": 0.00206019030884, "max": 0.113249972463, "var": 5.59568834433e-05, "mean": 0.00788030121475}, "melbands_crest": {"dmean2": 3.63207674026, "median": 11.6497220993, "min": 3.85978579521, "dvar2": 13.4885435104, "dvar": 5.03417730331, "dmean": 2.28253912926, "max": 39.2851371765, "var": 22.9361629486, "mean": 12.5746736526}, "spectral_kurtosis": {"dmean2": 11.9554357529, "median": 15.7620029449, "min": -0.551163196564, "dvar2": 128.971893311, "dvar": 42.9001426697, "dmean": 6.81761169434, "max": 112.929725647, "var": 178.523300171, "mean": 19.2708911896}, "spectral_rms": {"dmean2": 0.000502328446601, "median": 0.00328562920913, "min": 3.68495893781e-05, "dvar2": 3.24933324691e-07, "dvar": 1.44221587561e-07, "dmean": 0.000347376801074, "max": 0.0146610643715, "var": 2.61468699136e-06, "mean": 0.00353890378028}, "zerocrossingrate": {"dmean2": 0.00526117393747, "median": 0.03515625, "min": 0.00244140625, "dvar2": 4.62117714051e-05, "dvar": 3.06046749756e-05, "dmean": 0.00423908187076, "max": 0.2666015625, "var": 0.000326078326907, "mean": 0.0378611758351}, "silence_rate_60dB": {"dmean2": 0.0443515181541, "median": 0, "min": 0, "dvar2": 0.0488396920264, "dvar": 0.0216802284122, "dmean": 0.0221743546426, "max": 1, "var": 0.0797329321504, "mean": 0.0873614177108}, "erbbands_kurtosis": {"dmean2": 1.35854506493, "median": 0.149574995041, "min": -1.89638078213, "dvar2": 3.65341997147, "dvar": 1.61563551426, "dmean": 0.880200028419, "max": 47.2925834656, "var": 6.01094436646, "mean": 0.793464660645}, "erbbands": {"dmean2": [0.00618534488603, 0.124071121216, 0.357107847929, 0.694210350513, 2.51338148117, 4.02151250839, 6.34021377563, 9.21051692963, 11.6619338989, 7.59012842178, 21.8857917786, 13.8289756775, 19.4801826477, 24.1034088135, 23.4700069427, 27.1187019348, 18.1277351379, 24.2685585022, 8.38465309143, 5.67301034927, 9.54450130463, 24.8911132812, 22.2611522675, 12.386341095, 1.47195017338, 0.390023320913, 0.226706236601, 0.151812687516, 0.112724721432, 0.0842026695609, 0.0614520087838, 0.0518761985004, 0.0410117469728, 0.0133802657947, 0.00676123425364, 0.00252473703586, 0.000558297790121, 0.000100840850791, 1.40602533065e-05, 5.61189835935e-06], "median": [0.00548009295017, 0.166594833136, 0.541338801384, 0.751693427563, 1.79397666454, 3.70374727249, 4.63988399506, 6.59961891174, 7.3953371048, 6.08840847015, 7.70651721954, 7.04936552048, 7.81932020187, 8.86347579956, 8.22379016876, 7.7153968811, 5.27567577362, 3.2150759697, 2.32334637642, 1.98162865639, 2.56035399437, 3.11844849586, 2.64499735832, 1.3642667532, 0.432970702648, 0.16981959343, 0.0748517289758, 0.046805921942, 0.0321481451392, 0.0207493379712, 0.0102599859238, 0.00673218257725, 0.00473919091746, 0.00252697919495, 0.00106544920709, 0.000412720808527, 0.000131236593006, 3.53553150489e-05, 1.472106851e-05, 1.43936531458e-05], "min": [7.0577148108e-06, 1.7264383132e-05, 5.61991582799e-05, 2.07993598451e-05, 2.19168177864e-05, 2.17842043639e-05, 1.12126990643e-05, 1.80069255293e-05, 2.31278099818e-05, 1.83178090083e-05, 1.78696027433e-05, 9.79363721854e-06, 7.77784043748e-06, 7.0537071224e-06, 1.36119106173e-05, 9.12103678274e-06, 1.19580035971e-05, 1.01939585875e-05, 1.01274981716e-05, 8.78072114574e-06, 5.39337315786e-06, 7.58741771278e-06, 7.36576703275e-06, 5.73783108848e-06, 5.32026297151e-06, 5.44450858797e-06, 3.74790124624e-06, 3.07729828819e-06, 3.26160716213e-06, 3.04136710838e-06, 3.51157723344e-06, 3.49691117663e-06, 2.51080746239e-06, 1.84016107596e-06, 1.23473523672e-06, 7.31763179829e-07, 5.26155304215e-07, 1.04003891011e-06, 1.28983106151e-06, 3.65026210147e-07], "dvar2": [0.000123923862702, 0.0542421676219, 0.359167456627, 1.82691562176, 37.6643981934, 49.2861595154, 204.676269531, 392.651733398, 704.313354492, 241.409591675, 6043.92773438, 1818.5098877, 6187.91601562, 7643.33496094, 10208.7753906, 21678.3300781, 6251.9140625, 14603.4130859, 2397.76733398, 393.036712646, 1172.38708496, 8277.04589844, 6626.09082031, 2843.10766602, 23.1772937775, 1.30036604404, 0.634244561195, 0.293349832296, 0.341779112816, 0.524356305599, 0.227173686028, 0.125589251518, 0.0977678522468, 0.0153390849009, 0.002333806362, 0.000606897170655, 2.0210067305e-05, 6.31301475096e-07, 8.58560511574e-09, 1.07409504901e-10], "dvar": [0.000107976040454, 0.0268157366663, 0.127768918872, 0.859315276146, 14.8632955551, 18.0236606598, 82.7201690674, 144.165313721, 284.238891602, 110.072967529, 2203.37817383, 767.863037109, 2753.38793945, 3420.03466797, 4622.51611328, 10429.6972656, 2743.45458984, 5889.26904297, 1169.06884766, 195.543457031, 491.644439697, 3444.70263672, 2754.49560547, 1131.66918945, 9.57290649414, 0.526048481464, 0.237107664347, 0.125618234277, 0.17029556632, 0.231995970011, 0.103643395007, 0.0519174672663, 0.0360395200551, 0.00621727155522, 0.0011795074679, 0.000273736688541, 9.1995107141e-06, 3.11849447598e-07, 3.92931864823e-09, 4.93841495475e-11], "dmean": [0.00566009199247, 0.0986983254552, 0.240441650152, 0.512384295464, 1.71714901924, 2.51441502571, 3.96852993965, 5.63117694855, 7.65186929703, 5.20180225372, 14.482219696, 9.23169803619, 13.2936897278, 16.4307365417, 16.3593215942, 19.4539775848, 12.1708297729, 15.5161886215, 5.45915031433, 3.69581866264, 6.06170654297, 15.7213802338, 14.3665513992, 7.93842363358, 0.946092903614, 0.249109297991, 0.140851810575, 0.0970878303051, 0.074371278286, 0.0562908686697, 0.0412561111152, 0.0326974354684, 0.0257528685033, 0.0087095843628, 0.00466632656753, 0.00172867998481, 0.000382366124541, 7.02341058059e-05, 9.88999727269e-06, 3.88643729821e-06], "max": [0.611383259296, 6.95935916901, 11.0348110199, 65.4309844971, 166.625991821, 101.064247131, 416.492340088, 429.585632324, 895.250183105, 622.188110352, 1415.76953125, 961.238464355, 3276.59716797, 3302.32397461, 4011.29345703, 5001.26904297, 3323.6965332, 3376.39404297, 1907.21496582, 1051.89782715, 1319.25854492, 2688.58764648, 2089.69799805, 1635.51550293, 117.161064148, 26.9229793549, 19.1956062317, 16.445898056, 23.169303894, 34.2041664124, 17.752286911, 10.2723464966, 11.3625602722, 6.12558460236, 2.16640615463, 1.02864158154, 0.220920473337, 0.0341835878789, 0.00376891787164, 0.000283806031803], "var": [0.00358734023757, 0.50865405798, 0.750589311123, 13.6354904175, 115.682762146, 50.0949363708, 191.180862427, 322.876525879, 1513.22070312, 607.350830078, 5419.88476562, 2055.11303711, 5954.93408203, 9303.86132812, 13882.1953125, 29897.6542969, 7668.64013672, 11235.9121094, 2260.55004883, 586.339660645, 1253.87341309, 10068.7724609, 7350.87646484, 2142.16821289, 22.4391975403, 1.35195195675, 0.546733677387, 0.314656764269, 0.31948491931, 0.288134694099, 0.146607011557, 0.0789747983217, 0.0456433594227, 0.00828774180263, 0.00227899872698, 0.00042628106894, 1.68266578839e-05, 6.75488706747e-07, 8.50997761148e-09, 3.93949151078e-10], "mean": [0.0304323062301, 0.438731133938, 0.796199798584, 1.79655110836, 5.16980457306, 6.19314718246, 8.44216632843, 12.5747823715, 20.2819576263, 14.1745195389, 31.5802669525, 20.3352031708, 28.0598297119, 34.4654655457, 39.0303764343, 45.8967666626, 26.3534908295, 26.1415748596, 10.3623695374, 7.4822640419, 12.8872175217, 31.5329666138, 29.9036979675, 14.6103115082, 1.92683947086, 0.535059511662, 0.284060835838, 0.204345196486, 0.14896440506, 0.100394904613, 0.0646390095353, 0.0505543872714, 0.038702134043, 0.0141256274655, 0.00775199476629, 0.00287249800749, 0.000709479267243, 0.000144412319059, 2.94990386465e-05, 2.02977116714e-05]}, "spectral_strongpeak": {"dmean2": 0.79881465435, "median": 0.548331737518, "min": 0, "dvar2": 2.30588984489, "dvar": 0.930009663105, "dmean": 0.486525058746, "max": 19.2259559631, "var": 2.35738158226, "mean": 1.15469741821}, "spectral_energy": {"dmean2": 0.00443056598306, "median": 0.011065242812, "min": 1.39183941883e-06, "dvar2": 6.19635757175e-05, "dvar": 2.77744693449e-05, "dmean": 0.00304335611872, "max": 0.220320492983, "var": 0.000235988249187, "mean": 0.015516971238}, "average_loudness": 0.240670353174, "spectral_rolloff": {"dmean2": 320.186645508, "median": 947.4609375, "min": 21.533203125, "dvar2": 288109.5625, "dvar": 124258.195312, "dmean": 184.889556885, "max": 9991.40625, "var": 485907.71875, "mean": 1072.1439209}, "spectral_centroid": {"dmean2": 188.617218018, "median": 792.633483887, "min": 160.121261597, "dvar2": 53065.4960938, "dvar": 23102.7851562, "dmean": 123.457046509, "max": 3083.48486328, "var": 216797.078125, "mean": 907.291870117}, "pitch_salience": {"dmean2": 0.0809637606144, "median": 0.516760289669, "min": 0.0464525744319, "dvar2": 0.00555923907086, "dvar": 0.00212301686406, "dmean": 0.050611436367, "max": 0.82404255867, "var": 0.00914788898081, "mean": 0.514324069023}, "spectral_energyband_middle_high": {"dmean2": 0.00228931265883, "median": 0.00215478055179, "min": 3.86497989169e-09, "dvar2": 3.55073570972e-05, "dvar": 1.64711273101e-05, "dmean": 0.00161547865719, "max": 0.164040639997, "var": 9.44707571762e-05, "mean": 0.00538591947407}, "spectral_contrast_coeffs": {"dmean2": [0.062865242362, 0.0630509108305, 0.0509313754737, 0.0436906963587, 0.0336584672332, 0.0187517367303], "median": [-0.627222180367, -0.684912145138, -0.695269286633, -0.726272344589, -0.709265887737, -0.792086660862], "min": [-0.913730978966, -0.94104385376, -0.944114506245, -0.944280564785, -0.929032087326, -0.909356355667], "dvar2": [0.00274244416505, 0.0026189472992, 0.00170453672763, 0.00132448691875, 0.000832565652672, 0.000239999397309], "dvar": [0.00100340682548, 0.00096837937599, 0.000713038956746, 0.000551988661755, 0.000415112008341, 9.71504705376e-05], "dmean": [0.0381741784513, 0.038457814604, 0.0325815603137, 0.0277607347816, 0.022172588855, 0.0117413019761], "max": [-0.318465143442, -0.397225558758, -0.369874954224, -0.416807889938, -0.369681596756, -0.629924654961], "var": [0.00713519798592, 0.00560568552464, 0.00675545353442, 0.00530497496948, 0.009