{"tonal": {"thpcp": [1, 0.676017403603, 0.380643874407, 0.340595990419, 0.316331446171, 0.468003511429, 0.546839177608, 0.389700084925, 0.475599199533, 0.595892906189, 0.386098265648, 0.335419237614, 0.430821120739, 0.417457461357, 0.657821953297, 0.829941570759, 0.546232402325, 0.328371375799, 0.315728098154, 0.347971856594, 0.598429679871, 0.750460624695, 0.51217341423, 0.390200138092, 0.402799278498, 0.345281809568, 0.43490666151, 0.475741714239, 0.436354130507, 0.590653777122, 0.64757412672, 0.476837307215, 0.390235692263, 0.398332923651, 0.405419498682, 0.727128982544], "hpcp": {"dmean2": [0.162281423807, 0.147880658507, 0.136405870318, 0.132924094796, 0.121202781796, 0.105832986534, 0.115873545408, 0.15251968801, 0.1890373528, 0.180297613144, 0.165785327554, 0.131309971213, 0.116211883724, 0.14274764061, 0.173678651452, 0.177852869034, 0.164926484227, 0.142579987645, 0.123626820743, 0.126243844628, 0.143252357841, 0.152017951012, 0.166772693396, 0.187376841903, 0.171734407544, 0.169255077839, 0.147167980671, 0.130890205503, 0.160337522626, 0.195913121104, 0.216705188155, 0.198179900646, 0.150111541152, 0.125709250569, 0.127248615026, 0.149380892515], "median": [0.0250135958195, 0.0244930814952, 0.0221064835787, 0.0166604500264, 0.019355379045, 0.0181275159121, 0.0192861333489, 0.0276304464787, 0.0394403301179, 0.0378052033484, 0.0316052511334, 0.0176608730108, 0.0129688261077, 0.021125882864, 0.0419117547572, 0.04738105461, 0.0343101844192, 0.0171330366284, 0.0125709464774, 0.0165619626641, 0.0240994151682, 0.0260540675372, 0.0264348555356, 0.0286441426724, 0.0268689226359, 0.0248353853822, 0.0180607736111, 0.0162438135594, 0.0239464696497, 0.0530686527491, 0.0709650442004, 0.0559169203043, 0.0203957036138, 0.0140208825469, 0.0160673949867, 0.0227781459689], "min": [0, 0, 0, 0, 0, 0, 0, 0, 0, 0, 0, 0, 0, 0, 0, 0, 0, 0, 0, 0, 0, 0, 0, 0, 0, 0, 0, 0, 0, 0, 0, 0, 0, 0, 0, 0], "dvar2": [0.0759539529681, 0.0660133957863, 0.0599989034235, 0.0672174319625, 0.0480493791401, 0.0393214710057, 0.0471877455711, 0.0652573034167, 0.0813833102584, 0.0839157178998, 0.0724537372589, 0.0586224161088, 0.0516326762736, 0.0631658732891, 0.0750926807523, 0.0801552310586, 0.0754014626145, 0.0705312490463, 0.0589383803308, 0.0585681200027, 0.0673971325159, 0.0729422867298, 0.0798627436161, 0.101374790072, 0.0855322554708, 0.0850465893745, 0.0725186169147, 0.0600966773927, 0.0747570618987, 0.0836565941572, 0.100002363324, 0.0898518264294, 0.0732859447598, 0.0576689615846, 0.056802418083, 0.0660448148847], "dvar": [0.0281475353986, 0.0239346884191, 0.0214177239686, 0.0248038731515, 0.0169912613928, 0.0143892681226, 0.0177186913788, 0.0231257174164, 0.029286865145, 0.0316947698593, 0.0260662510991, 0.0209969170392, 0.0187000762671, 0.0229755397886, 0.0280184801668, 0.030907092616, 0.0270752664655, 0.0253143664449, 0.0212403722107, 0.0207092538476, 0.0241800025105, 0.0265545304865, 0.0287248045206, 0.0367366299033, 0.0314826034009, 0.0300296954811, 0.0255795549601, 0.0220183134079, 0.0271805077791, 0.0306287240237, 0.0380057431757, 0.0324351266026, 0.0261228103191, 0.0215762853622, 0.0207422543317, 0.0248312484473], "dmean": [0.0936534628272, 0.0849383473396, 0.0782829150558, 0.0759310573339, 0.0694475471973, 0.0613572113216, 0.0665945038199, 0.0867506712675, 0.110209003091, 0.104581281543, 0.0959127545357, 0.0747555047274, 0.0662810951471, 0.0815379917622, 0.101324111223, 0.103267997503, 0.0963009670377, 0.0810773819685, 0.0706366449594, 0.0721405446529, 0.0825583264232, 0.0868671610951, 0.0958553254604, 0.107485882938, 0.0996994674206, 0.0965353101492, 0.083573371172, 0.0751986056566, 0.092128418386, 0.114495687187, 0.125862240791, 0.115627154708, 0.0854829326272, 0.0720826983452, 0.073023788631, 0.0865333676338], "max": [1, 1, 1, 1, 1, 1, 1, 1, 1, 1, 1, 1, 1, 1, 1, 1, 1, 1, 1, 1, 1, 1, 1, 1, 1, 1, 1, 1, 1, 1, 1, 1, 1, 1, 1, 1], "var": [0.0669658556581, 0.0334777496755, 0.0505198948085, 0.0883974805474, 0.0314377360046, 0.0333668701351, 0.0558892264962, 0.0370981954038, 0.0664348453283, 0.108447119594, 0.0515537858009, 0.0295410286635, 0.0336599051952, 0.0304854251444, 0.0626415461302, 0.0953317582607, 0.0474500097334, 0.0426236763597, 0.0520010627806, 0.0334208607674, 0.0473312363029, 0.0568718463182, 0.0396795906126, 0.0701321661472, 0.0837900042534, 0.0500046014786, 0.0409122519195, 0.0476476475596, 0.0368639566004, 0.0725269019604, 0.123723819852, 0.0615571849048, 0.0387816876173, 0.037992939353, 0.0271348822862, 0.0528149046004], "mean": [0.144944399595, 0.103293336928, 0.126061633229, 0.157946512103, 0.102338649333, 0.088905736804, 0.114192821085, 0.110650666058, 0.174361333251, 0.219983100891, 0.144783571362, 0.0870376378298, 0.0836864337325, 0.0922329127789, 0.1586188972, 0.198916003108, 0.135755941272, 0.103425882757, 0.106765389442, 0.0915198922157, 0.115275725722, 0.126099407673, 0.11565939337, 0.156557828188, 0.171645060182, 0.126389801502, 0.103435307741, 0.10558154434, 0.107459902763, 0.192731752992, 0.265058547258, 0.179184183478, 0.100892916322, 0.0902778804302, 0.0838463529944, 0.12404832989]}, "tuning_equal_tempered_deviation": 0.0415530875325, "chords_changes_rate": 0.046802546829, "key_key": "C", "tuning_diatonic_strength": 0.543031692505, "key_scale": "major", "chords_number_rate": 0.00237247929908, "tuning_frequency": 447.432556152, "tuning_nontempered_energy_ratio": 0.721438169479, "chords_histogram": [15.8416910172, 4.90671825409, 9.99676513672, 2.13523125648, 5.88806200027, 0.830367743969, 2.66364717484, 0.355871886015, 1.31564760208, 1.63916742802, 4.37830257416, 2.16758322716, 2.70678305626, 2.71756720543, 2.29699134827, 6.36255788803, 1.70387148857, 5.17631816864, 4.25967884064, 4.93907022476, 6.95567798615, 5.40278244019, 3.67734289169, 1.68230342865], "key_strength": 0.767375171185, "chords_key": "C", "chords_strength": {"dmean2": 0.00767079042271, "median": 0.596724033356, "min": -1, "dvar2": 0.000355200376362, "dvar": 0.000325627624989, "dmean": 0.00849637109786, "max": 0.901224792004, "var": 0.0098929265514, "mean": 0.588247597218}, "chords_scale": "major", "hpcp_entropy": {"dmean2": 1.04229021072, "median": 1.6664968729, "min": 0, "dvar2": 0.690367102623, "dvar": 0.246274828911, "dmean": 0.605959713459, "max": 3.95544052124, "var": 0.495126128197, "mean": 1.64198100567}}, "metadata": {"audio_properties": {"equal_loudness": 0, "codec": "flac", "downmix": "mix", "sample_rate": 44100, "analysis_sample_rate": 44100, "bit_rate": 0, "md5_encoded": "7d1f50ba5cfce5a18dbed5c0de311e7c", "length": 430.59085083, "replay_gain": -8.24119949341, "lossless": true}, "version": {"essentia_build_sha": "2d9f1f26377add8aeb1075a9c2973f962c4f09fd", "essentia": "2.1-beta2", "extractor": "music 1.0", "essentia_git_sha": "v2.1_beta2-1-ge3940c0"}, "tags": {"title": ["Te Deum: Te Deum"], "barcode": ["4988005499455"], "media": ["CD"], "albumartist": ["Herbert von Karajan"], "tracktotal": ["9"], "albumartistsort": ["Karajan, Herbert von"], "performer": ["Wiener Philharmoniker (orchestra)", "Wiener Singverein (choir vocals)", "Rudolf Scholz (organ)"], "releasetype": ["compilation"], "musicbrainz_recordingid": ["031140cb-bff0-462e-866c-3926bcc0d8b6"], "composer": ["Anton Bruckner"], "musicbrainz_releasegroupid": ["0eb70f80-7d09-4554-8b54-ebc157098ab6"], "originalyear": ["2008"], "producer": ["Michel Glotz"], "discnumber": ["216"], "totaldiscs": ["28"], "composersort": ["Bruckner, Anton"], "catalognumber": ["UCCG-90001"], "releasecountry": ["JP"], "file_name": "CD216 05 Te Deum_ Te Deum.flac", "musicbrainz_albumartistid": ["d2ced2f1-6b58-47cf-ae87-5943e2ab6d99"], "work": ["Te Deum in C major: I. Te Deum. Allegro moderato"], "date": ["2008-04-05"], "genre": ["Classical"], "musicbrainz_albumid": ["f2f91c39-085e-4c3a-b542-e0e4f7f9c32f"], "disctotal": ["28"], "releasestatus": ["official"], "musicbrainz_artistid": ["9debb4c3-dc10-440f-9c96-b777d51ea998"], "originaldate": ["2008-04-05"], "musicbrainz_workid": ["953a26be-f6ff-3b06-9d35-a7677f3e6910"], "musicbrainz_releasetrackid": ["81e248c2-5fbe-4b26-8c23-2831e7293e2e"], "artist": ["Anton Bruckner"], "tracknumber": ["5"], "artistsort": ["Bruckner, Anton"], "album": ["Complete Recordings on Deutsche Grammophon (box 9: 1982-1984)"], "label": ["Deutsche Grammophon"], "totaltracks": ["9"], "acoustid_id": ["2c9dd910-f2b1-42fd-945d-397c342f510a"], "script": ["Latn"], "conductor": ["Helmuth Froschauer", "Herbert von Karajan"]}}, "rhythm": {"bpm_histogram_first_peak_bpm": {"dmean2": 0, "median": 108, "min": 108, "dvar2": 0, "dvar": 0, "dmean": 0, "max": 108, "var": 0, "mean": 108}, "bpm": 107.486938477, "bpm_histogram_second_peak_spread": {"dmean2": 0, "median": 0.458823531866, "min": 0.458823531866, "dvar2": 0, "dvar": 0, "dmean": 0, "max": 0.458823531866, "var": 0, "mean": 0.458823531866}, "bpm_histogram_first_peak_weight": {"dmean2": 0, "median": 0.157635465264, "min": 0.157635465264, "dvar2": 0, "dvar": 0, "dmean": 0, "max": 0.157635465264, "var": 0, "mean": 0.157635465264}, "onset_rate": 1.08220469952, "beats_position": [0.557278871536, 1.1261677742, 1.69505667686, 2.2523355484, 2.80961441994, 3.36689329147, 3.92417216301, 4.46984100342, 5.01551008224, 5.56117916107, 6.11845779419, 6.68734693527, 7.22140598297, 7.75546455383, 8.3011341095, 8.84680271149, 9.38086128235, 9.92653083801, 10.4605894089, 11.0062580109, 11.5403175354, 12.0743761063, 12.6200447083, 13.1657142639, 13.7113828659, 14.2570514679, 14.8143310547, 15.3599996567, 15.9056682587, 16.4629478455, 17.0202255249, 17.5775051117, 18.1231746674, 18.6804523468, 19.2261219025, 19.7717914581, 20.3290691376, 20.8747386932, 21.43201828, 21.9776859283, 22.5349655151, 23.0806350708, 23.6263027191, 24.1719722748, 24.7176418304, 25.2633094788, 25.7973690033, 26.3314285278, 26.8887062073, 27.4459857941, 28.0032653809, 28.5605430603, 29.1178226471, 29.6751022339, 30.2323799133, 30.8012695313, 31.3933773041, 31.9854869843, 32.5775947571, 33.2277526855, 33.8779144287, 34.5280723572, 35.1782302856, 35.8980484009, 36.6178665161, 37.3260765076, 38.034286499, 38.638004303, 39.2301139832, 39.8222198486, 40.3678894043, 40.9019508362, 41.4476165771, 41.9932861328, 42.5389556885, 43.1194534302, 43.6999549866, 44.2804527283, 44.9306106567, 45.5807685852, 46.2077102661, 46.8346481323, 47.4615859985, 48.0420837402, 48.6109733582, 49.1798629761, 49.748752594, 50.3176422119, 50.8749198914, 51.4321975708, 51.9894790649, 52.5467567444, 53.1040344238, 53.661315918, 54.2185935974, 54.7758712769, 55.333152771, 55.8904304504, 56.4477081299, 57.0165977478, 57.5854873657, 58.1195449829, 58.6419944763, 59.1644439697, 59.6985015869, 60.2325630188, 60.7550086975, 61.2774581909, 61.7999076843, 62.3223571777, 62.9841270447, 63.6342849731, 64.2960510254, 64.957824707, 65.6312026978, 66.29296875, 66.9547348022, 67.6165084839, 68.2666625977, 68.8587722778, 69.4624938965, 70.0313796997, 70.6002731323, 71.1691589355, 71.7496566772, 72.3301544189, 72.91065979, 73.4911575317, 74.0716552734, 74.6521530151, 75.2326507568, 75.8015441895, 76.3704299927, 76.9393157959, 77.49659729, 78.0654830933, 78.6343765259, 79.1916503906, 79.7605438232, 80.3178253174, 80.8750991821, 81.4439926147, 82.0593185425, 82.6630401611, 83.2667541504, 83.870475769, 84.4858016968, 85.077911377, 85.6700210571, 86.1924667358, 86.7149200439, 87.2373657227, 87.7482070923, 88.2590484619, 88.7582778931, 89.2342834473, 89.7102966309, 90.1863021851, 90.6623077393, 91.1383209229, 91.6259384155, 92.1135559082, 92.6127853394, 93.1120147705, 93.6112442017, 94.1104736328, 94.609703064, 95.1089324951, 95.5965499878, 96.0841674805, 96.5717926025, 97.0477981567, 97.5354156494, 98.011428833, 98.4758224487, 98.9402236938, 99.3930130005, 99.9038543701, 100.426300049, 100.948753357, 101.51763916, 102.074920654, 102.643806458, 103.201087952, 103.769973755, 104.350471497, 104.930976868, 105.511474609, 106.091972351, 106.672470093, 107.136871338, 107.601264954, 108.065666199, 108.530067444, 108.994468689, 109.447257996, 109.900039673, 110.387664795, 110.875282288, 111.36289978, 111.850517273, 112.338134766, 112.814147949, 113.324989319, 113.835823059, 114.427932739, 115.020042419, 115.600540161, 116.227478027, 116.842811584, 117.458137512, 118.07346344, 118.700408936, 119.280906677, 119.84979248, 120.407073975, 120.964347839, 121.521629333, 122.090522766, 122.647796631, 123.205078125, 123.773963928, 124.342857361, 124.969795227, 125.596733093, 126.223670959, 126.827392578, 127.431106567, 128.034820557, 128.638549805, 129.242263794, 129.857589722, 130.472915649, 131.088256836, 131.703582764, 132.260864258, 132.818145752, 133.375411987, 133.921081543, 134.45513916, 135.000808716, 135.55809021, 136.103759766, 136.649429321, 137.195098877, 137.740768433, 138.298049927, 138.855331421, 139.412597656, 139.958267212, 140.503936768, 141.061218262, 141.618499756, 142.17578125, 142.733062744, 143.290344238, 143.847610474, 144.404891968, 144.962173462, 145.519454956, 146.07673645, 146.622406006, 147.168075562, 147.713745117, 148.259414673, 148.828292847, 149.385574341, 149.954467773, 150.534957886, 151.115463257, 151.695953369, 152.264846802, 152.833740234, 153.402633667, 153.971511841, 154.528793335, 155.086074829, 155.643356323, 156.200637817, 156.746307373, 157.303573608, 157.860855103, 158.418136597, 158.975418091, 159.532699585, 160.101577759, 160.68208313, 161.262588501, 161.831466675, 162.400360107, 162.96925354, 163.514923096, 164.072189331, 164.617858887, 165.163528442, 165.709197998, 166.266479492, 166.823760986, 167.392654419, 167.961532593, 168.530426025, 169.08770752, 169.644989014, 170.202270508, 170.747940063, 171.293609619, 171.850875854, 172.408157349, 172.965438843, 173.511108398, 174.080001831, 174.637283325, 175.194549561, 175.751831055, 176.320724487, 176.88961792, 177.446884155, 178.015777588, 178.561447144, 179.107116699, 179.652786255, 180.210067749, 180.767349243, 181.324615479, 181.881896973, 182.439178467, 182.996459961, 183.542129517, 184.087799072, 184.656692505, 185.225570679, 185.794464111, 186.363357544, 186.932235718, 187.489517212, 188.046798706, 188.615692139, 189.172973633, 189.730239868, 190.299133301, 190.868026733, 191.425308228, 191.982574463, 192.528244019, 193.085525513, 193.642807007, 194.200088501, 194.745758057, 195.291427612, 195.837097168, 196.394378662, 196.940048218, 197.497314453, 198.101043701, 198.70475769, 199.285263062, 199.865753174, 200.446258545, 201.015136719, 201.59564209, 202.152923584, 202.710205078, 203.267486572, 203.824752808, 204.382034302, 204.939315796, 205.49659729, 206.053878784, 206.622756958, 207.191650391, 207.760543823, 208.329421997, 208.909927368, 209.490432739, 210.024490356, 210.546936035, 211.104217529, 211.661499023, 212.230377197, 212.787658691, 213.344940186, 213.90222168, 214.459503174, 215.016769409, 215.481170654, 215.945571899, 216.409973145, 216.87437439, 217.303939819, 217.733505249, 218.151473999, 218.56942749, 218.987380981, 219.405349731, 219.811691284, 220.229660034, 220.636001587, 221.053970337, 221.483535767, 221.913101196, 222.342666626, 222.772247314, 223.201812744, 223.631378174, 224.049331665, 224.420852661, 224.792373657, 225.163894653, 225.535415649, 225.906936646, 226.278457642, 226.649978638, 227.009887695, 227.369796753, 227.729705811, 228.089614868, 228.449523926, 228.809432983, 229.169342041, 229.529251099, 229.900772095, 230.341949463, 230.759902954, 231.177871704, 231.607437134, 232.037002563, 232.466567993, 232.896133423, 233.314102173, 233.732055664, 234.161621094, 234.579589844, 234.997543335, 235.415512085, 235.833465576, 236.286254883, 236.727432251, 237.168609619, 237.609786987, 238.167068481, 238.724349976, 239.28163147, 239.827301025, 240.372970581, 240.930252075, 241.487518311, 242.044799805, 242.613693237, 243.18258667, 243.739852905, 244.297134399, 244.854415894, 245.446533203, 246.038635254, 246.619140625, 247.188018799, 247.756912231, 248.325805664, 248.894683838, 249.475189209, 250.009246826, 250.531692505, 251.054138184, 251.576599121, 252.0990448, 252.621490479, 253.120727539, 253.619949341, 254.107574463, 254.571975708, 255.024749756, 255.489151001, 256.023223877, 256.545654297, 257.079711914, 257.567352295, 258.054962158, 258.530975342, 259.018585205, 259.494598389, 259.982208252, 260.458221436, 260.922637939, 261.398620605, 261.874633789, 262.350646973, 262.826660156, 263.267852783, 263.709014893, 264.15020752, 264.579772949, 265.009338379, 265.438903809, 265.856872559, 266.274810791, 266.692779541, 267.122344971, 267.609985352, 268.097595215, 268.585205078, 269.072814941, 269.560455322, 270.048065186, 270.535675049, 271.02331543, 271.522521973, 271.95211792, 272.38168335, 272.822845459, 273.252410889, 273.670379639, 274.088348389, 274.506286621, 275.028747559, 275.562805176, 276.085266113, 276.61932373, 277.14175415, 277.675811768, 278.198272705, 278.720733643, 279.25479126, 279.77722168, 280.299682617, 280.822113037, 281.391021729, 281.959899902, 282.540405273, 283.120910645, 283.689788818, 284.258666992, 284.839172363, 285.408081055, 285.976959229, 286.545837402, 287.126342773, 287.695220947, 288.275726318, 288.856231689, 289.436737061, 290.005615234, 290.574493408, 291.154998779, 291.723907471, 292.292785645, 292.792022705, 293.302856445, 293.802093506, 294.301300049, 294.800537109, 295.288146973, 295.79901123, 296.309844971, 296.820678711, 297.354736328, 297.888793945, 298.434448242, 299.003356934, 299.572235107, 300.152740479, 300.710021973, 301.267303467, 301.812957764, 302.358642578, 302.904296875, 303.449981689, 303.995635986, 304.529693604, 305.063751221, 305.597808838, 306.155090332, 306.712371826, 307.26965332, 307.838531494, 308.407440186, 308.976318359, 309.591644287, 310.218597412, 310.868743896, 311.518920898, 312.227111816, 312.935333252, 313.666748047, 314.386566162, 315.094787598, 315.802978516, 316.534423828, 317.265838623, 317.997283936, 318.717102051, 319.436920166, 320.156738281, 320.876556396, 321.596374512, 322.316192627, 323.012786865, 323.709381104, 324.347930908, 324.986480713, 325.555358887, 326.135864258, 326.704742432, 327.285247803, 327.854156494, 328.423034668, 329.003540039, 329.572418213, 330.083251953, 330.594085693, 331.104949951, 331.557739258, 332.010528564, 332.463317871, 332.916107178, 333.368896484, 333.821685791, 334.274475098, 334.727264404, 335.180053711, 335.632843018, 336.097229004, 336.56161499, 337.014404297, 337.478820801, 337.943206787, 338.407623291, 338.918457031, 339.429290771, 339.928527832, 340.450958252, 340.973419189, 341.507476807, 342.053131104, 342.598815918, 343.132873535, 343.643707275, 344.154541016, 344.665405273, 345.164611816, 345.663848877, 346.163085938, 346.673919678, 347.196380615, 347.718811035, 348.136779785, 348.554718018, 348.972686768, 349.390655518, 349.820220947, 350.238189697, 350.64453125, 351.050872803, 351.457214355, 351.851959229, 352.316375732, 352.780761719, 353.245178223, 353.709564209, 354.173950195, 354.626739502, 355.079528809, 355.555541992, 356.031555176, 356.507568359, 357.0184021, 357.52923584, 358.051696777, 358.562530518, 359.073364258, 359.595825195, 360.095062256, 360.605895996, 361.105133057, 361.6043396, 362.09197998, 362.591186523, 363.020751953, 363.4503479, 363.87991333, 364.297851563, 364.715820313, 365.133789063, 365.551727295, 365.969696045, 366.387664795, 366.805603027, 367.223571777, 367.641540527, 368.059509277, 368.47744751, 368.883789063, 369.278533936, 369.684906006, 370.079620361, 370.462768555, 370.84588623, 371.229003906, 371.6121521, 371.983673096, 372.355194092, 372.738311768, 373.121429443, 373.504577637, 373.887695313, 374.270843506, 374.653961182, 375.037078857, 375.420227051, 375.814971924, 376.174865723, 376.534790039, 376.894683838, 377.254608154, 377.62612915, 377.997619629, 378.369140625, 378.752288818, 379.135406494, 379.50692749, 379.878448486, 380.249969482, 380.644714355, 381.039459229, 381.434173584, 381.840545654, 382.235290527, 382.618408203, 383.013153076, 383.407897949, 383.791015625, 384.174133301, 384.557281494, 384.92880249, 385.311920166, 385.695037842, 386.078186035, 386.589019775, 387.099853516, 387.599090576, 388.098327637, 388.609161377, 389.119995117, 389.723724365, 390.327423096, 390.931152344, 391.534881592, 392.138580322, 392.777130127, 393.415679932, 394.031005859, 394.646331787, 395.250061035, 395.88861084, 396.503936768, 397.130889893, 397.7578125, 398.396362305, 399.034912109, 399.673461914, 400.253967285, 400.834472656, 401.438171387, 402.041900635, 402.657226563, 403.260955811, 403.864654541, 404.456787109, 405.04888916, 405.629394531, 406.082183838, 406.534973145, 406.999359131, 407.440551758, 407.881713867, 408.334503174, 408.775695801, 409.21685791, 409.658050537, 410.087615967, 410.528778076, 410.969970703, 411.42276001, 411.945220947, 412.467651367, 412.990112305, 413.512542725, 414.035003662, 414.685150146, 415.323699951, 415.962249756, 416.600799561, 417.239349365, 417.889526367, 418.539672852, 419.189819336, 419.828369141, 420.466918945, 421.151916504, 421.836914063, 422.510284424, 423.195281982, 423.787384033, 424.379486084, 424.971588135, 425.50567627, 426.039733887, 426.573791504, 427.107849121, 427.630279541, 428.164337158, 428.698394775, 429.232452393, 429.76651001], "beats_loudness": {"dmean2": 0.0125827314332, "median": 0.00330050918274, "min": 9.85104553486e-10, "dvar2": 0.000503016577568, "dvar": 0.000181785711902, "dmean": 0.00741549720988, "max": 0.120140209794, "var": 0.000433116772911, "mean": 0.015224982053}, "danceability": 0.850096940994, "bpm_histogram_second_peak_weight": {"dmean2": 0, "median": 0.0566502474248, "min": 0.0566502474248, "dvar2": 0, "dvar": 0, "dmean": 0, "max": 0.0566502474248, "var": 0, "mean": 0.0566502474248}, "beats_count": 813, "bpm_histogram_second_peak_bpm": {"dmean2": 0, "median": 103, "min": 103, "dvar2": 0, "dvar": 0, "dmean": 0, "max": 103, "var": 0, "mean": 103}, "bpm_histogram_first_peak_spread": {"dmean2": 0, "median": 0.596214532852, "min": 0.596214532852, "dvar2": 0, "dvar": 0, "dmean": 0, "max": 0.596214532852, "var": 0, "mean": 0.596214532852}, "beats_loudness_band_ratio": {"dmean2": [0.1608043015, 0.226573005319, 0.30145162344, 0.210877537727, 0.080401353538, 0.0121985729784], "median": [0.0574110224843, 0.167399734259, 0.416498541832, 0.155778333545, 0.0448234081268, 0.0048167607747], "min": [3.75884956156e-05, 0.000116190734843, 0.00132146326359, 0.000302460830426, 0.000102312747913, 1.93273062905e-05], "dvar2": [0.0468137897551, 0.0497727505863, 0.0547245964408, 0.0476427525282, 0.0164418835193, 0.000425588077633], "dvar": [0.0172149725258, 0.0191680062562, 0.0210743304342, 0.0175945926458, 0.00568154454231, 0.000175691355253], "dmean": [0.0924892127514, 0.133159399033, 0.179429590702, 0.124042019248, 0.046458311379, 0.00696357665583], "max": [0.982927381992, 0.972197234631, 0.977414190769, 0.943805754185, 0.884946763515, 0.226949810982], "var": [0.0297983083874, 0.0559698715806, 0.0498820282519, 0.031241748482, 0.0104003325105, 0.0002462802222], "mean": [0.122765898705, 0.25239482522, 0.419562339783, 0.202705934644, 0.0742213279009, 0.0110092526302]}}, "lowlevel": {"barkbands_spread": {"dmean2": 3.91062951088, "median": 8.64250087738, "min": 0.336710989475, "dvar2": 13.8792448044, "dvar": 5.5429019928, "dmean": 2.42125368118, "max": 101.564819336, "var": 48.0078125, "mean": 9.61149406433}, "melbands_spread": {"dmean2": 6.06160259247, "median": 12.3079223633, "min": 0.39867067337, "dvar2": 35.8650093079, "dvar": 13.9017438889, "dmean": 3.74374008179, "max": 132.788696289, "var": 84.9962692261, "mean": 14.0539569855}, "hfc": {"dmean2": 5.05086565018, "median": 2.60788631439, "min": 1.15104670396e-16, "dvar2": 91.4513168335, "dvar": 34.9693412781, "dmean": 3.14181852341, "max": 142.483581543, "var": 264.548553467, "mean": 11.7436933517}, "barkbands_kurtosis": {"dmean2": 5.91204500198, "median": 1.90000212193, "min": -1.76131749153, "dvar2": 379.683074951, "dvar": 115.151557922, "dmean": 3.5055565834, "max": 354.037750244, "var": 206.475921631, "mean": 5.17818880081}, "gfcc": {"mean": [-166.625732422, 133.693389893, -147.114395142, -10.1890516281, -61.2565116882, -12.9016609192, -38.4010162354, 6.46127033234, -14.3968524933, -7.34689855576, -4.52185821533, -3.14656448364, -7.52335119247], "icov": [[0.000193409417989, -0.000415216200054, 0.000708002713509, -0.00067203870276, 0.000871487194672, -0.000674740877002, 0.000266432703938, -0.000259323074715, 0.000374370138161, -0.000501428090502, 0.000720211828593, -0.000415952788899, 0.000480341434013], [-0.000415216200054, 0.00318904826418, -0.00251352204941, 0.001532183378, -0.0032517935615, 0.00305461627431, -0.00278506358154, 0.00327607803047, -0.0023672117386, 0.00326581508853, -0.00293281534687, 0.00207066885196, -0.00102203758433], [0.000708002713509, -0.00251352204941, 0.00405517220497, -0.00292426627129, 0.00332759344019, -0.00256120576523, 0.00126641837414, -0.00140444224235, 0.00209965719841, -0.00286669121124, 0.00387471308932, -0.00320201157592, 0.00183712004218], [-0.00067203870276, 0.001532183378, -0.00292426627129, 0.006110498216, -0.00437953602523, 0.00180239183828, -0.000205609714612, 0.000825961877126, -0.000356232951162, 0.000937922508456, -1.43512097566e-05, -0.00035706453491, -0.000849422358442], [0.000871487194672, -0.0032517935615, 0.00332759344019, -0.00437953602523, 0.00980777107179, -0.005398303736, 0.00192257366143, -0.00121280550957, -9.77029121714e-05, -0.0032115590293, 0.00283763185143, -0.000982178375125, 0.000795016123448], [-0.000674740877002, 0.00305461627431, -0.00256120576523, 0.00180239183828, -0.005398303736, 0.0112434793264, -0.00572083843872, 0.00174295797478, 0.000982520985417, -0.0010981396772, 0.000151161017129, 0.0012208968401, 0.000718006805982], [0.000266432703938, -0.00278506358154, 0.00126641837414, -0.000205609714612, 0.00192257366143, -0.00572083843872, 0.00938387680799, -0.00580248562619, 0.00310721574351, -0.0010685257148, 0.00103008118458, -0.00136278942227, 0.000715127040166], [-0.000259323074715, 0.00327607803047, -0.00140444224235, 0.000825961877126, -0.00121280550957, 0.00174295797478, -0.00580248562619, 0.0138826761395, -0.0075094550848, 0.00504022510722, -0.00339276413433, 0.00087604590226, -0.0003744259011], [0.000374370138161, -0.0023672117386, 0.00209965719841, -0.000356232951162, -9.77029121714e-05, 0.000982520985417, 0.00310721574351, -0.0075094550848, 0.0162788778543, -0.00787624251097, 0.00154144980479, -9.21892060433e-05, 0.000230915931752], [-0.000501428090502, 0.00326581508853, -0.00286669121124, 0.000937922508456, -0.0032115590293, -0.0010981396772, -0.0010685257148, 0.00504022510722, -0.00787624251097, 0.0133131314069, -0.0054110493511, 0.00312743661925, -0.00187085592188], [0.000720211828593, -0.00293281534687, 0.00387471308932, -1.43512097566e-05, 0.00283763185143, 0.000151161017129, 0.00103008118458, -0.00339276413433, 0.00154144980479, -0.0054110493511, 0.0165438074619, -0.00783471670002, 0.0040157744661], [-0.000415952788899, 0.00207066885196, -0.00320201157592, -0.00035706453491, -0.000982178375125, 0.0012208968401, -0.00136278942227, 0.00087604590226, -9.21892060433e-05, 0.00312743661925, -0.00783471670002, 0.0148777114227, -0.00532210897654], [0.000480341434013, -0.00102203758433, 0.00183712004218, -0.000849422358442, 0.000795016123448, 0.000718006805982, 0.000715127040166, -0.0003744259011, 0.000230915931752, -0.00187085592188, 0.0040157744661, -0.00532210897654, 0.0132793122903]], "cov": [[27835.9882813, -2634.38549805, -3047.36010742, 1129.83203125, -773.371276855, 1362.8013916, 167.070327759, 64.8963775635, -482.27166748, 289.596313477, -685.480834961, -276.39151001, -604.630493164], [-2634.38549805, 1586.68212891, 813.627380371, 3.96175408363, 240.956771851, -231.578186035, 115.642158508, -154.813873291, 22.1167068481, -163.043304443, 70.8712310791, 28.2232398987, 59.1295013428], [-3047.36010742, 813.627380371, 1541.99987793, 365.428222656, 202.094940186, 33.4548225403, 70.8000793457, -140.585739136, -75.5187606812, -5.97285079956, -94.0095596313, 134.607315063, 44.062210083], [1129.83203125, 3.96175408363, 365.428222656, 516.911193848, 147.993682861, 160.576568604, 4.33059978485, -67.5901489258, -60.4073143005, 60.115234375, -128.075164795, 37.4212875366, -14.4868526459], [-773.371276855, 240.956771851, 202.094940186, 147.993682861, 306.356140137, 80.7117767334, 27.2452316284, -39.7630615234, 32.444732666, 55.1843910217, -27.2643108368, -10.4162492752, 14.0146408081], [1362.8013916, -231.578186035, 33.4548225403, 160.576568604, 80.7117767334, 336.46295166, 124.617774963, 6.82743597031, -56.3341903687, 83.5334396362, -93.0952835083, -17.2127056122, -57.0162506104], [167.070327759, 115.642158508, 70.8000793457, 4.33059978485, 27.2452316284, 124.617774963, 245.427764893, 59.4802894592, -31.0242767334, -19.0643863678, -6.8675365448, 5.99768733978, -24.2355690002], [64.8963775635, -154.813873291, -140.585739136, -67.5901489258, -39.7630615234, 6.82743597031, 59.4802894592, 155.527938843, 44.5875740051, -9.97325801849, 32.63697052, 1.50267887115, -7.39117193222], [-482.27166748, 22.1167068481, -75.5187606812, -60.4073143005, 32.444732666, -56.3341903687, -31.0242767334, 44.5875740051, 134.372283936, 50.3718833923, 41.477684021, -15.1970939636, 15.8882017136], [289.596313477, -163.043304443, -5.97285079956, 60.115234375, 55.1843910217, 83.5334396362, -19.0643863678, -9.97325801849, 50.3718833923, 173.441116333, -4.24948883057, -14.0293006897, -6.20552444458], [-685.480834961, 70.8712310791, -94.0095596313, -128.075164795, -27.2643108368, -93.0952835083, -6.8675365448, 32.63697052, 41.477684021, -4.24948883057, 144.780944824, 32.2206764221, 10.829706192], [-276.39151001, 28.2232398987, 134.607315063, 37.4212875366, -10.4162492752, -17.2127056122, 5.99768733978, 1.50267887115, -15.1970939636, -14.0293006897, 32.2206764221, 118.302696228, 33.1725769043], [-604.630493164, 59.1295013428, 44.062210083, -14.4868526459, 14.0146408081, -57.0162506104, -24.2355690002, -7.39117193222, 15.8882017136, -6.20552444458, 10.829706192, 33.1725769043, 106.914337158]]}, "spectral_energyband_middle_low": {"dmean2": 0.00576263014227, "median": 0.00203731609508, "min": 4.04734919786e-22, "dvar2": 0.000140686999657, "dvar": 5.17624903296e-05, "dmean": 0.00352160236798, "max": 0.148326784372, "var": 0.000167477453942, "mean": 0.00872039236128}, "melbands_crest": {"dmean2": 5.92285203934, "median": 12.3687705994, "min": 2.70579361916, "dvar2": 26.0181694031, "dvar": 9.84994602203, "dmean": 3.55941271782, "max": 38.4462852478, "var": 31.5276584625, "mean": 13.5318050385}, "spectral_kurtosis": {"dmean2": 9.68067264557, "median": 11.3981809616, "min": -1.13221621513, "dvar2": 123.449424744, "dvar": 42.179725647, "dmean": 5.55363702774, "max": 139.166442871, "var": 183.247283936, "mean": 16.1086921692}, "spectral_rms": {"dmean2": 0.000695825845469, "median": 0.00175376411062, "min": 3.21317343392e-12, "dvar2": 8.78446883235e-07, "dvar": 3.31380249463e-07, "dmean": 0.00043797591934, "max": 0.013093736954, "var": 5.88305101701e-06, "mean": 0.00279426039197}, "zerocrossingrate": {"dmean2": 0.0050758025609, "median": 0.0400390625, "min": 0, "dvar2": 3.193359953e-05, "dvar": 1.97146073333e-05, "dmean": 0.00388876628131, "max": 0.49169921875, "var": 0.000366409862181, "mean": 0.0405843220651}, "silence_rate_60dB": {"dmean2": 0.0433586798608, "median": 1, "min": 0, "dvar2": 0.0490382425487, "dvar": 0.0212047211826, "dmean": 0.0216781701893, "max": 1, "var": 0.249973505735, "mean": 0.50159072876}, "erbbands_kurtosis": {"dmean2": 3.39627671242, "median": 0.830243825912, "min": -1.81314742565, "dvar2": 32.8738517761, "dvar": 12.5998420715, "dmean": 2.04314780235, "max": 106.5287323, "var": 27.3645343781, "mean": 2.42360401154}, "erbbands": {"dmean2": [0.00472795870155, 0.0626045614481, 0.333229482174, 0.64514029026, 1.94130027294, 3.11934542656, 4.71028804779, 5.71237230301, 14.4881782532, 38.3760261536, 47.4216270447, 50.9097442627, 56.5145263672, 29.9036998749, 51.1108856201, 29.6393280029, 21.3424377441, 27.9781551361, 15.7395362854, 12.8954772949, 12.8023757935, 9.5199213028, 6.50018310547, 6.5994977951, 2.93069386482, 1.9717053175, 0.947792470455, 0.567358255386, 0.410819977522, 0.377807676792, 0.167278051376, 0.110310286283, 0.0635343492031, 0.0315960496664, 0.0136644011363, 0.00404329877347, 0.000972429756075, 0.000173501728568, 1.90485061466e-05, 7.94976949692e-06], "median": [0.000409311731346, 0.00788938626647, 0.0321189947426, 0.0557486824691, 0.149861171842, 0.403593569994, 1.03270792961, 2.14820075035, 4.03258275986, 4.98025083542, 4.9306435585, 5.03541374207, 4.36070013046, 3.63912773132, 2.50011301041, 2.50756287575, 2.31039476395, 2.15570235252, 1.99029946327, 1.64496123791, 1.50102853775, 1.8424230814, 1.54649138451, 0.892396211624, 0.346324801445, 0.129120409489, 0.0328116193414, 0.0105541618541, 0.00698542641476, 0.00819283351302, 0.00946346204728, 0.00659233890474, 0.00313355028629, 0.00127799483016, 0.000394545757445, 0.000119183219795, 3.06129368255e-05, 6.27608869763e-06, 2.80491985905e-06, 3.85527755498e-06], "min": [1.07052620316e-21, 3.12549588608e-21, 1.31068270555e-20, 3.74741154885e-20, 2.58624972002e-19, 2.26684426624e-19, 5.87690111728e-19, 9.55409220533e-19, 2.24160403892e-18, 4.78870314545e-19, 3.12020230174e-19, 8.4993355947e-19, 1.56979224383e-18, 2.8921127279e-18, 2.7062948751e-18, 4.77427845973e-18, 8.81832601061e-18, 7.46937889281e-18, 7.81496171784e-18, 5.17548587224e-18, 9.78138179212e-18, 1.27269281128e-17, 1.07706898047e-17, 1.31926862188e-17, 1.23781689143e-17, 1.60934953033e-17, 1.35296655383e-17, 1.16415769865e-17, 1.49313479017e-17, 2.03049298822e-17, 1.69442637982e-17, 1.7606094315e-17, 1.2561549893e-17, 1.30458939201e-17, 1.00630111481e-17, 5.58526370307e-18, 2.97158410526e-18, 1.3166917268e-18, 2.80542854241e-19, 3.74070880095e-20], "dvar2": [0.000166935627931, 0.0208600852638, 0.961389124393, 5.8217625618, 67.1834182739, 90.8533096313, 174.038467407, 141.717178345, 964.025756836, 12907.8466797, 19902.9609375, 24501.3339844, 34868.7617188, 8081.14160156, 23259.4414063, 9391.46191406, 3305.30615234, 5426.09326172, 2008.48083496, 1029.38562012, 1035.11096191, 475.583129883, 233.561401367, 305.251617432, 58.5073890686, 29.9265823364, 5.5461807251, 2.18839597702, 1.07901823521, 1.14922714233, 0.250928968191, 0.125441402197, 0.0554737523198, 0.0151662146673, 0.00323210260831, 0.000268875126494, 1.77793517651e-05, 6.10658105415e-07, 5.89530912976e-09, 2.35946817639e-10], "dvar": [5.38540116395e-05, 0.00757886469364, 0.346604079008, 2.05639505386, 24.108953476, 35.1756629944, 62.7207870483, 67.2426757813, 413.581359863, 5113.92089844, 7006.94384766, 8539.92089844, 13264.2080078, 2911.34204102, 8642.64160156, 3530.70166016, 1217.52575684, 2112.68920898, 730.963928223, 393.597717285, 373.086242676, 173.75920105, 83.4766998291, 110.47303009, 21.4789047241, 11.0148506165, 2.07067608833, 0.856201708317, 0.420394301414, 0.449666857719, 0.0988317355514, 0.0528792962432, 0.024535920471, 0.00705520110205, 0.00153304007836, 0.000145409008837, 9.39383335208e-06, 3.21156562677e-07, 3.28836313734e-09, 9.10835157297e-11], "dmean": [0.0027380688116, 0.0376847572625, 0.201417133212, 0.396168410778, 1.16873514652, 1.99380779266, 2.92425322533, 3.8194205761, 9.30754375458, 23.7026424408, 27.7710800171, 29.7498054504, 34.6309928894, 18.1873226166, 30.7750282288, 17.8516674042, 12.8533725739, 17.0398807526, 9.439702034, 7.84860181808, 7.69375276566, 5.74084186554, 3.90633964539, 3.95381164551, 1.78075814247, 1.19469177723, 0.578154265881, 0.350312322378, 0.254613161087, 0.23388761282, 0.10760229826, 0.0730448663235, 0.0431437566876, 0.0221323091537, 0.00964959803969, 0.00300003681332, 0.000726222235244, 0.000131535169203, 1.4868425751e-05, 5.01938939124e-06], "max": [0.225237593055, 2.84433674812, 17.8260784149, 47.7297325134, 214.056686401, 179.712860107, 309.368835449, 387.54284668, 782.147766113, 2816.92480469, 2166.99194336, 2813.72485352, 4858.05322266, 1479.39538574, 2148.14453125, 3454.5715332, 1112.91809082, 1376.55371094, 767.27935791, 607.781799316, 418.95892334, 381.891845703, 350.016235352, 256.967712402, 193.095855713, 130.33833313, 44.5646438599, 39.7933158875, 23.0870571136, 21.2211532593, 10.5365982056, 9.86029815674, 8.21408653259, 3.87256789207, 1.99123191833, 0.769658029079, 0.223058789968, 0.052028208971, 0.00421449542046, 0.000229788303841], "var": [9.09442605916e-05, 0.0168946124613, 0.668859422207, 4.22128582001, 40.5605621338, 100.245819092, 184.481719971, 461.068969727, 1681.02770996, 8983.96289063, 10393.7958984, 12291.5449219, 23938.1386719, 5586.68261719, 14668.7070313, 6637.54736328, 2564.97851563, 4499.83496094, 1751.48181152, 881.015441895, 823.078491211, 468.251281738, 253.319595337, 252.117553711, 64.305557251, 27.5975875854, 6.86348342896, 3.7218105793, 1.54144239426, 1.39787757397, 0.437314629555, 0.26470002532, 0.118408739567, 0.041850425303, 0.00899596232921, 0.000944384839386, 6.02672735113e-05, 2.25740222959e-06, 2.64237698389e-08, 6.87113754783e-10], "mean": [0.0039693377912, 0.0600531585515, 0.32523098588, 0.7258477211, 1.85181927681, 4.03906726837, 5.77889680862, 9.43400096893, 19.0572986603, 37.2278022766, 40.9085044861, 43.5985946655, 54.6862449646, 30.9178543091, 47.8520812988, 30.3615264893, 22.691072464, 29.123966217, 17.5997962952, 14.4027414322, 14.6101951599, 12.136423111, 8.75046348572, 7.99418735504, 4.01936769485, 2.56860280037, 1.36228907108, 0.869122564793, 0.622522413731, 0.528300762177, 0.28991484642, 0.209930717945, 0.123834222555, 0.0654647797346, 0.0287850480527, 0.00943758897483, 0.00233407923952, 0.000438301503891, 5.62179302506e-05, 1.87099431059e-05]}, "spectral_strongpeak": {"dmean2": 0.842298746109, "median": 0.580231130123, "min": 0, "dvar2": 1.52721452713, "dvar": 0.569411635399, "dmean": 0.507959902287, "max": 10.9310932159, "var": 1.45406997204, "mean": 1.06827032566}, "spectral_energy": {"dmean2": 0.0068246666342, "median": 0.00315258069895, "min": 1.05825949434e-20, "dvar2": 0.00017619348364, "dvar": 6.57592972857e-05, "dmean": 0.00423006340861, "max": 0.175732091069, "var": 0.00036705788807, "mean": 0.0140331825241}, "average_loudness": 0.113207645714, "spectral_rolloff": {"dmean2": 340.214904785, "median": 1012.06054688, "min": 21.533203125, "dvar2": 185142.015625, "dvar": 79782.5, "dmean": 193.918289185, "max": 18949.21875, "var": 602381.875, "mean": 1091.37927246}, "spectral_centroid": {"dmean2": 191.550308228, "median": 900.776062012, "min": 152.220687866, "dvar2": 40844.6367188, "dvar": 17506.9160156, "dmean": 119.116226196, "max": 10997.9697266, "var": 198892.703125, "mean": 928.09967041}, "pitch_salience": {"dmean2": 0.121259212494, "median": 0.55866920948, "min": 0.0501048415899, "dvar2": 0.0101293567568, "dvar": 0.00377375679091, "dmean": 0.0728514641523, "max": 0.868463933468, "var": 0.0133020514622, "mean": 0.544700980186}, "spectral_energyband_middle_high": {"dmean2": 0.00299798999913, "median": 0.000870947202202, "min": 1.73434288565e-21, "dvar2": 4.1205836169e-05, "dvar": 1.57789963851e-05, "dmean": 0.00185481132939, "max": 0.0983623042703, "var": 6.50889705867e-05, "mean": 0.00512185506523}, "spectral_contrast_coeffs": {"dmean2": [0.0737550482154, 0.0771257951856, 0.0647637695074, 0.045311126858, 0.0294641125947, 0.0179267823696], "median": [-0.649780392647, -0.705191671848, -0.731342971325, -0.761257886887, -0.757484674454, -0.809352397919], "min": [-0.968444108963, -0.961891710758, -0.963517844677, -0.962627351284, -0.956010401249, -0.96170592308], "dvar2": [0.00356109230779, 0.00385785847902, 0.00272789271548, 0.00134235236328, 0.000549802556634, 0.000218337256229], "dvar": [0.00127429654822, 0.00138838484418, 0.000993893714622, 0.000494670530315, 0.000204976226087, 8.57153208926e-05], "dmean": [0.0446108393371, 0.0466236285865, 0.0391358286142, 0.0273604672402, 0.0178520847112, 0.0110188210383], "max": [-0.284228235483, -0.387904495001, -0.343418359756, -0.490616351366, -0.561923325062, -0.639414012432], "var": [0.00804816372693, 0.0056239659898, 0.007561116945, 0.00614019948989, 0.00403005955741, 0.00318364286795], "mean":