{"rhythm": {"bpm": 101.933128357, "bpm_histogram_second_peak_weight": {"mean": 0.0850277245045, "min": 0.0850277245045, "max": 0.0850277245045, "dmean2": 0, "dvar": 0, "dmean": 0, "median": 0.0850277245045, "dvar2": 0, "var": 0}, "bpm_histogram_first_peak_weight": {"mean": 0.0979667305946, "min": 0.0979667305946, "max": 0.0979667305946, "dmean2": 0, "dvar": 0, "dmean": 0, "median": 0.0979667305946, "dvar2": 0, "var": 0}, "danceability": 1.07402038574, "beats_loudness": {"mean": 0.0314309336245, "min": 0, "max": 0.198320910335, "dmean2": 0.0499157384038, "dvar": 0.000990994274616, "dmean": 0.0279998574406, "median": 0.0190072581172, "dvar2": 0.00268104672432, "var": 0.00119441829156}, "onset_rate": 2.83286929131, "bpm_histogram_second_peak_spread": {"mean": 0.43902438879, "min": 0.43902438879, "max": 0.43902438879, "dmean2": 0, "dvar": 0, "dmean": 0, "median": 0.43902438879, "dvar2": 0, "var": 0}, "bpm_histogram_first_peak_spread": {"mean": 0.721052646637, "min": 0.721052646637, "max": 0.721052646637, "dmean2": 0, "dvar": 0, "dmean": 0, "median": 0.721052646637, "dvar2": 0, "var": 0}, "beats_position": [0.441179126501, 0.905578196049, 1.369977355, 1.83437633514, 2.29877543449, 2.76317453384, 3.22757363319, 3.69197273254, 4.15637159348, 4.7020406723, 5.24770975113, 5.80498838425, 6.30421733856, 6.78022670746, 7.26784563065, 7.75546455383, 8.24308395386, 8.73070240021, 9.21832180023, 9.72916126251, 10.2516098022, 10.6579589844, 11.0759181976, 11.4706573486, 11.8653964996, 12.2485256195, 12.6432647705, 13.0380039215, 13.4327430725, 13.8390922546, 14.2338323593, 14.6169614792, 15.0000905991, 15.3716096878, 15.7431287766, 16.1262588501, 16.5326080322, 16.9273471832, 17.3220863342, 17.7168254852, 18.0999546051, 18.4946937561, 18.877822876, 19.2609519958, 19.6440811157, 20.0272102356, 20.4103393555, 20.8050785065, 21.1998176575, 21.5945568085, 21.9892959595, 22.3840351105, 22.7787742615, 23.1619052887, 23.5566444397, 23.9629936218, 24.3461227417, 24.7292518616, 25.1472110748, 25.5767803192, 25.9715194702, 26.3546485901, 26.73777771, 27.132516861, 27.5156459808, 27.9103851318, 28.4560546875, 29.0133323669, 29.5590019226, 30.1859397888, 30.7896595001, 31.3933773041, 31.9970970154, 32.6008148193, 33.204536438, 33.8082542419, 34.4119720459, 35.0156898499, 35.60779953, 36.1999092102, 36.7687988281, 37.3260765076, 37.8949661255, 38.4754638672, 38.8702049255, 39.2533340454, 39.6364631653, 40.0195922852, 40.4143295288, 40.8206787109, 41.2270278931, 41.6217689514, 42.0048980713, 42.3764152527, 42.7595443726, 43.1426734924, 43.5141944885, 43.8857116699, 44.257232666, 44.6055335999, 44.953830719, 45.2905197144, 45.6388206482, 45.9871177673, 46.3354187012, 46.6953277588, 47.0436286926, 47.415145874, 47.7866668701, 48.1581840515, 48.5297050476, 49.0405426025, 49.5513839722, 50.0622215271, 50.538230896, 51.0258483887, 51.513469696, 52.0010871887, 52.4422683716, 52.8602256775, 53.2897949219, 53.7077522278, 54.1141014099, 54.5320625305, 54.9500198364, 55.333152771, 55.7278900146, 56.122631073, 56.4941482544, 56.8656692505, 57.2487983704, 57.6319274902, 58.0034446716, 58.3749656677, 58.7580947876, 59.1412239075, 59.5359611511, 59.9307022095, 60.3370513916, 60.7434005737, 61.1613578796, 61.5793190002, 61.9972763062, 62.380405426, 62.7751464844, 63.169883728, 63.5762329102, 64.0406341553, 64.5050354004, 64.9694290161, 65.4106140137, 65.8517913818, 66.3045806885, 66.7573699951, 67.2217712402, 67.686164856, 68.1505661011, 68.6497955322, 69.1490249634, 69.6482543945, 70.1707000732, 70.6815414429, 71.2039871216, 71.7960968018, 72.3765945435, 72.9570999146, 73.5259857178, 74.094871521, 74.6985931396, 75.3023147583, 75.9292526245, 76.5445785522, 77.1715164185, 77.7636260986, 78.3557357788, 78.947845459, 79.5515594482, 80.1552810669, 80.7706069946, 81.3859405518, 81.954826355, 82.5237197876, 83.0693893433, 83.6382751465, 84.2071609497, 84.7760543823, 85.3449401855, 85.9138336182, 86.4943313599, 87.0632171631, 87.6321105957, 88.2126083374, 88.8163223267, 89.3968200684, 89.9773254395, 90.5694351196, 91.1847610474, 91.788482666, 92.4038085938, 93.0191345215, 93.6112442017, 94.2033538818, 94.795463562, 95.3991851807, 95.9912872314, 96.5950088501, 97.1987304688, 97.7908401489, 98.3829498291, 98.9634475708, 99.555557251, 100.15927124, 100.739768982, 101.331878662, 101.923988342, 102.516098022, 103.096595764, 103.688705444, 104.280815125, 104.872924805, 105.465034485, 106.057144165, 106.637641907, 107.229751587, 107.833465576, 108.437187195, 109.029296875, 109.621406555, 110.201904297, 110.782402039, 111.36289978, 111.943397522, 112.523895264, 113.104400635, 113.696502686, 114.288612366, 114.892333984, 115.496055603, 116.076553345, 116.668663025, 117.272377014, 117.864486694, 118.456596375, 119.048706055, 119.640815735, 120.232925415, 120.813423157, 121.405532837, 121.986030579, 122.56652832, 123.135414124, 123.692695618, 124.261581421, 124.818862915, 125.28326416, 125.759269714, 126.235282898, 126.711288452, 127.198905945, 127.66330719, 128.127700806, 128.592102051, 129.056503296, 129.509292603, 129.985305786, 130.46131897, 130.821228027, 131.192733765, 131.541046143, 131.9009552, 132.284072876, 132.667205811, 133.050338745, 133.43347168, 133.816589355, 134.211334229, 134.582855225, 134.954376221, 135.337509155, 135.720626831, 136.103759766, 136.498504639, 136.951293945, 137.392471313, 137.833648682, 138.228393555, 138.599899292, 138.971420288, 139.354553223, 139.726074219, 140.097595215, 140.469116211, 140.81741333, 141.177322388, 141.525619507, 141.897140503, 142.257049561, 142.628570557, 143.000091553, 143.383224487, 143.766342163, 144.172698975, 144.567428589, 144.962173462, 145.333694458, 145.728439331, 146.146392822, 146.564346313, 146.970703125, 147.377044678, 147.783401489, 148.166534424, 148.561264038, 148.956008911, 149.350738525, 149.745483398, 150.15184021, 150.558181763, 150.976135254, 151.394104004, 151.788833618, 152.183578491, 152.589935303, 153.007888794, 153.425842285, 153.855422974, 154.284988403, 154.726165771, 155.16734314, 155.608520508, 156.130966187, 156.641815186, 157.129425049, 157.70993042, 158.313644409, 158.917373657, 159.521087646, 160.124801636, 160.728515625, 161.320632935, 161.947570801, 162.562896729, 163.166610718, 163.770339966, 164.374053955, 164.954559326, 165.558273315, 166.161987305, 166.742492676, 167.322982788, 167.903488159, 168.472381592, 169.064483643, 169.644989014, 170.225479126, 170.805984497, 171.386474609, 171.96697998, 172.535873413, 173.093154907, 173.662033081, 174.242538452, 174.811431885, 175.380310059, 175.949203491, 176.529708862, 177.098587036, 177.667480469, 178.24798584, 178.816864014, 179.374145508, 179.931427002, 180.488708496, 181.04598999, 181.603256226, 182.16053772, 182.717819214, 183.26348877, 183.809158325, 184.389663696, 184.946929932, 185.527435303, 186.096328735, 186.653594971, 187.222488403, 187.802993774, 188.371871948, 188.940765381, 189.498046875, 190.078552246, 190.64743042, 191.204711914, 191.773605347, 192.330886841, 192.911376953, 193.491882324, 194.072372437, 194.652877808, 195.23336792, 195.790649414, 196.347930908, 196.905212402, 197.462493896, 198.019775391, 198.588653564, 199.169158936, 199.72644043, 200.295318604, 200.875823975, 201.456329346, 202.02520752, 202.617324829, 203.20942688, 203.801544189, 204.39364624, 204.985748291, 205.577865601, 206.169967651, 206.785308838, 207.400634766, 208.015960693, 208.608062744, 209.200180054, 209.792282104, 210.407608032, 210.999725342, 211.591827393, 212.183944702, 212.787658691, 213.391372681, 213.995101929, 214.598815918, 215.190933228, 215.794647217, 216.409973145, 217.013687134, 217.594192505, 218.186294556, 218.766799927, 219.347290039, 219.939407349, 220.51991272, 221.100402832, 221.704116821, 222.307846069, 222.89994812, 223.31791687, 223.724258423, 224.119003296, 224.525344849, 224.93170166, 225.326431274, 225.721176147, 226.1275177, 226.522262573, 226.917007446, 227.323348999, 227.729705811, 228.136047363, 228.554016113, 228.971969604, 229.401535034, 229.842712402, 230.272293091, 230.701858521, 231.108200073, 231.526168823, 231.944122314, 232.373687744, 232.803268433, 233.209609985, 233.662399292, 234.115188599, 234.567977905, 235.03237915, 235.496780396, 235.961181641, 236.425567627, 236.889968872, 237.342758179, 237.818771362, 238.283172607, 238.747573853, 239.200363159, 239.629928589, 240.059494019, 240.500671387, 240.918640137, 241.336593628, 241.766159058, 242.184127808, 242.613693237, 243.043258667, 243.472824097, 243.925613403, 244.390014648, 244.854415894, 245.353652954, 245.852874756, 246.352111816, 246.83972168, 247.33895874, 247.826568604, 248.232925415, 248.639266968, 249.045623779, 249.451965332, 249.800262451, 250.14855957, 250.496871948, 250.845169067, 251.193466187, 251.541763306, 251.890060425, 252.226745605, 252.633102417, 253.051055908, 253.469024658, 253.886978149, 254.293334961, 254.699676514, 255.106033325, 255.512374878, 255.918731689, 256.336669922, 256.754638672, 257.184204102, 257.613769531, 258.043365479, 258.472930908, 258.937316895, 259.413330078, 259.877716064, 260.376953125, 260.876190186, 261.375427246, 261.863037109, 262.36227417, 262.861480713, 263.372344971, 263.871551514, 264.370788574], "bpm_histogram_first_peak_bpm": {"mean": 101, "min": 101, "max": 101, "dmean2": 0, "dvar": 0, "dmean": 0, "median": 101, "dvar2": 0, "var": 0}, "beats_count": 542, "beats_loudness_band_ratio": {"mean": [0.495547413826, 0.342105090618, 0.176605895162, 0.035664357245, 0.00478597078472, 0.00596473552287], "min": [0, 0, 0, 0, 0, 0], "max": [0.988671779633, 0.93667536974, 0.89161324501, 0.852760910988, 0.257414281368, 0.269426882267], "dmean2": [0.421782910824, 0.352584034204, 0.236434563994, 0.0674811825156, 0.00930513255298, 0.0147487828508], "dvar": [0.0421780794859, 0.0334503687918, 0.0210298690945, 0.00850339606404, 0.00031256157672, 0.000667291053105], "dmean": [0.24675565958, 0.202417328954, 0.138520255685, 0.0376360826194, 0.00523616699502, 0.00803683511913], "median": [0.508909463882, 0.30506080389, 0.112707838416, 0.0172354709357, 0.00067170872353, 0.00080479006283], "dvar2": [0.10501845926, 0.0881772562861, 0.0526213496923, 0.0257357563823, 0.000935856951401, 0.00189564959146], "var": [0.0771873965859, 0.0575308538973, 0.032203450799, 0.00591700198129, 0.000209514430026, 0.000445460405899]}, "bpm_histogram_second_peak_bpm": {"mean": 152, "min": 152, "max": 152, "dmean2": 0, "dvar": 0, "dmean": 0, "median": 152, "dvar2": 0, "var": 0}}, "tonal": {"chords_number_rate": 0.00315236416645, "tuning_diatonic_strength": 0.413200557232, "chords_changes_rate": 0.0628721565008, "thpcp": [1, 0.477249801159, 0.185572862625, 0.211185857654, 0.154613301158, 0.218443632126, 0.348511129618, 0.271780222654, 0.379441350698, 0.538319766521, 0.310972452164, 0.152957931161, 0.167209178209, 0.128851562738, 0.248767912388, 0.39424392581, 0.278083473444, 0.256089687347, 0.331403136253, 0.244400590658, 0.572016358376, 0.896573424339, 0.541353702545, 0.430927753448, 0.428205221891, 0.163767591119, 0.157092884183, 0.220690906048, 0.150208592415, 0.289088755846, 0.442488491535, 0.264126360416, 0.249883845448, 0.362902164459, 0.326982140541, 0.751205205917], "hpcp": {"mean": [0.312878876925, 0.149321377277, 0.0580618306994, 0.0660755932331, 0.0483752340078, 0.0683463960886, 0.109041772783, 0.085034288466, 0.118719182909, 0.168428882957, 0.0972967073321, 0.0478573068976, 0.0523162186146, 0.0403149314225, 0.077834226191, 0.123350597918, 0.0870064422488, 0.0801250562072, 0.103689037263, 0.076467782259, 0.178971841931, 0.280518889427, 0.169378131628, 0.134828194976, 0.133976370096, 0.0512394197285, 0.0491510443389, 0.0690495222807, 0.0469970963895, 0.0904497653246, 0.138445302844, 0.0826395601034, 0.078183375299, 0.113544419408, 0.102305807173, 0.235036239028], "min": [0, 0, 0, 0, 0, 0, 0, 0, 0, 0, 0, 0, 0, 0, 0, 0, 0, 0, 0, 0, 0, 0, 0, 0, 0, 0, 0, 0, 0, 0, 0, 0, 0, 0, 0, 0], "max": [1, 1, 1, 1, 1, 1, 1, 1, 1, 1, 1, 1, 1, 1, 1, 1, 1, 1, 1, 1, 1, 1, 1, 1, 1, 1, 1, 1, 1, 1, 1, 1, 1, 1, 1, 1], "dmean2": [0.185113966465, 0.158172354102, 0.0934619754553, 0.0743258446455, 0.0807242542505, 0.0898326486349, 0.100035890937, 0.112761221826, 0.128340989351, 0.127013489604, 0.11353918165, 0.0819131284952, 0.0852498486638, 0.0850343704224, 0.0943791940808, 0.109230667353, 0.116593927145, 0.100678868592, 0.104234628379, 0.115939468145, 0.156193122268, 0.163000807166, 0.151793673635, 0.128658205271, 0.117874778807, 0.0692394003272, 0.0640562176704, 0.0756643041968, 0.0751820355654, 0.105009190738, 0.120646730065, 0.103762760758, 0.108954243362, 0.121611073613, 0.14595836401, 0.19580245018], "dvar": [0.0391191281378, 0.0255680568516, 0.0172355715185, 0.0169376414269, 0.0159601252526, 0.0161619670689, 0.019795127213, 0.0215916391462, 0.024983227253, 0.0303604900837, 0.0213757548481, 0.0156058259308, 0.0204857885838, 0.0208104029298, 0.0190104022622, 0.0268877744675, 0.0263765212148, 0.0213677193969, 0.0266839042306, 0.0222251079977, 0.0275233704597, 0.0392536967993, 0.0265053957701, 0.0274568609893, 0.0259985979646, 0.0125478375703, 0.0120303845033, 0.0157627668232, 0.013362178579, 0.0194149911404, 0.0274150427431, 0.0191679466516, 0.0209115426987, 0.0284992679954, 0.0265686362982, 0.0338678658009], "dmean": [0.11127987504, 0.0935322865844, 0.0523603186011, 0.0433096140623, 0.0454094521701, 0.0517469272017, 0.059345882386, 0.064405836165, 0.0760234221816, 0.0743065625429, 0.0663349255919, 0.0472057871521, 0.0483650974929, 0.046535089612, 0.0558181107044, 0.0656373798847, 0.0676871836185, 0.0587550625205, 0.0607113726437, 0.0665057003498, 0.0925302132964, 0.0984683707356, 0.0917776226997, 0.0746658742428, 0.0681465193629, 0.0392837300897, 0.0374434180558, 0.0446537025273, 0.0419022403657, 0.0614965334535, 0.0720341280103, 0.0603334829211, 0.0628624781966, 0.0717229768634, 0.0851534754038, 0.115037962794], "median": [0.0967541635036, 0.045910295099, 0.00441332533956, 0.00209050951526, 0.00190392090008, 0.00799600966275, 0.0126916021109, 0.012993728742, 0.0133045464754, 0.0139307063073, 0.0106889978051, 0.0041904905811, 0.00330477626994, 0.00307273189537, 0.00559319974855, 0.00657655484974, 0.0048349564895, 0.00241192732938, 0.00190448947251, 0.00608118902892, 0.0381475612521, 0.0554129853845, 0.0476914159954, 0.00765771325678, 0.00515935430303, 0.00460398942232, 0.0036007873714, 0.003955706954, 0.00755416229367, 0.0150474496186, 0.0178831070662, 0.0118647459894, 0.00494538899511, 0.00449585542083, 0.0198306720704, 0.0695535987616], "dvar2": [0.0848588123918, 0.0664728060365, 0.046426679939, 0.0414350107312, 0.0440670996904, 0.0428849831223, 0.0492924004793, 0.0582953542471, 0.0629668310285, 0.0712177529931, 0.0539922527969, 0.0400574952364, 0.0520597733557, 0.0592650771141, 0.0488886423409, 0.0622863508761, 0.0686631575227, 0.0557297766209, 0.0661755874753, 0.0601122304797, 0.0695728585124, 0.083321839571, 0.066738769412, 0.0696446672082, 0.0661010071635, 0.0334826894104, 0.0308862719685, 0.0376260764897, 0.036840364337, 0.0512636750937, 0.0618561431766, 0.0526423156261, 0.0555031336844, 0.0676597654819, 0.0695618018508, 0.0828105136752], "var": [0.146193429828, 0.0438142418861, 0.0228055138141, 0.0358500368893, 0.0182779077441, 0.0228983350098, 0.0514421984553, 0.0325801447034, 0.0502346865833, 0.0963954851031, 0.0376828499138, 0.0170975886285, 0.0237896814942, 0.0165477469563, 0.0304029937834, 0.0675840526819, 0.040217038244, 0.037815567106, 0.0649915114045, 0.0298391785473, 0.0639284774661, 0.142420172691, 0.054079964757, 0.0694662556052, 0.0720500126481, 0.0154584590346, 0.0165572352707, 0.032296333462, 0.0137568460777, 0.0310120750219, 0.0696280673146, 0.0260544233024, 0.0289836600423, 0.0642273724079, 0.0347996689379, 0.0942990481853]}, "tuning_frequency": 438.984558105, "chords_scale": "minor", "chords_histogram": [28.1436080933, 12.7320489883, 1.61120843887, 1.50612962246, 0.94570928812, 5.42907190323, 0.350262701511, 6.83012247086, 4.34325742722, 3.71278452873, 1.8213660717, 1.0858143568, 1.17338001728, 0.227670758963, 1.55866897106, 0.350262701511, 1.50612962246, 3.92294216156, 3.81786346436, 2.55691766739, 0.612959742546, 0.437828361988, 5.13134860992, 10.1926441193], "hpcp_entropy": {"mean": 1.5795968771, "min": 0, "max": 4.10535621643, "dmean2": 0.752498626709, "dvar": 0.226924985647, "dmean": 0.454479336739, "median": 1.62205040455, "dvar2": 0.562727570534, "var": 0.520910918713}, "chords_key": "A", "key_key": "A", "key_scale": "minor", "tuning_nontempered_energy_ratio": 0.627027869225, "tuning_equal_tempered_deviation": 0.011756984517, "key_strength": 0.81743401289, "chords_strength": {"mean": 0.480889737606, "min": -1, "max": 0.77469420433, "dmean2": 0.00731652835384, "dvar": 0.000434703397332, "dmean": 0.00983918178827, "median": 0.488495022058, "dvar2": 0.000438757066149, "var": 0.0111537724733}}, "metadata": {"audio_properties": {"md5_encoded": "c6b5784a58bf1b80f91dc2dcce4ae778", "downmix": "mix", "equal_loudness": 0, "bit_rate": 190937, "analysis_sample_rate": 44100, "length": 265.090606689, "lossless": false, "replay_gain": -4.42160415649, "sample_rate": 44100, "codec": "mp3"}, "version": {"essentia_git_sha": "v2.1_beta2", "essentia_build_sha": "70f2e5ece6736b2c40cc944ad0e695b16b925413", "extractor": "music 1.0", "essentia": "2.1-beta2"}, "tags": {"date": ["1999"], "album": ["Jazz MoodsJazz at Night's End"], "title": ["Angel Eyes"], "musicbrainz_recordingid": ["031d81cc-39f4-4088-91e1-4eccffd9306c"], "albumartist": ["Various Artists"], "artist": ["Various Artists"], "genre": ["Jazz"], "file_name": "81606.mp3", "tracknumber": ["6"]}}, "lowlevel": {"mfcc": {"mean": [-813.655090332, 193.47026062, 58.6206436157, 4.9806895256, -3.24096536636, 2.30766534805, -0.674452781677, -2.02724337578, -4.5650138855, -1.49418592453, -1.77320849895, -3.4814016819, -0.0537663400173], "cov": [[11389.8740234, 89.3809509277, -2126.56005859, -78.1794281006, 332.885528564, -6.27198600769, -470.323760986, -111.142944336, 96.5300750732, 94.673500061, 162.416412354, 181.580932617, 150.701019287], [89.3809509277, 2296.99853516, 17.356338501, -334.396270752, -59.5090637207, -1.51504027843, -60.1545295715, -58.5675315857, -116.547569275, -151.382568359, -114.487915039, -97.5740356445, -65.4211425781], [-2126.56005859, 17.356338501, 1232.32958984, 78.6388778687, -132.304275513, 65.2430725098, 229.850097656, 35.0998382568, -49.7719726562, -26.5168437958, -69.0156097412, -83.2831497192, -70.9383773804], [-78.1794281006, -334.396270752, 78.6388778687, 315.271026611, 88.2308273315, 27.7861747742, 19.3639163971, 33.0779037476, 39.0892791748, 37.7769737244, 42.15467453, 27.9245510101, 28.822719574], [332.885528564, -59.5090637207, -132.304275513, 88.2308273315, 221.614959717, 83.7615585327, -5.30202913284, 24.9444656372, 38.9121627808, 17.7108249664, 31.8496894836, 38.2132072449, 28.6253070831], [-6.27198600769, -1.51504027843, 65.2430725098, 27.7861747742, 83.7615585327, 138.55128479, 65.4565811157, 24.0736293793, 25.957983017, 7.10190391541, 0.194978907704, 4.35260343552, 3.09092283249], [-470.323760986, -60.1545295715, 229.850097656, 19.3639163971, -5.30202913284, 65.4565811157, 133.272781372, 52.0757598877, 10.4925546646, 11.0113487244, -11.1919851303, -14.5005130768, -11.5632638931], [-111.142944336, -58.5675315857, 35.0998382568, 33.0779037476, 24.9444656372, 24.0736293793, 52.0757598877, 82.4462814331, 47.061882019, 18.6971931458, 6.08813047409, 4.14098978043, 2.37455773354], [96.5300750732, -116.547569275, -49.7719726562, 39.0892791748, 38.9121627808, 25.957983017, 10.4925546646, 47.061882019, 98.3903274536, 55.8416061401, 21.210735321, 17.977399826, 12.6915054321], [94.673500061, -151.382568359, -26.5168437958, 37.7769737244, 17.7108249664, 7.10190391541, 11.0113487244, 18.6971931458, 55.8416061401, 93.1017379761, 46.9529037476, 17.6229381561, 17.3252792358], [162.416412354, -114.487915039, -69.0156097412, 42.15467453, 31.8496894836, 0.194978907704, -11.1919851303, 6.08813047409, 21.210735321, 46.9529037476, 84.3464050293, 51.0149002075, 20.3608989716], [181.580932617, -97.5740356445, -83.2831497192, 27.9245510101, 38.2132072449, 4.35260343552, -14.5005130768, 4.14098978043, 17.977399826, 17.6229381561, 51.0149002075, 85.1647033691, 43.7734146118], [150.701019287, -65.4211425781, -70.9383773804, 28.822719574, 28.6253070831, 3.09092283249, -11.5632638931, 2.37455773354, 12.6915054321, 17.3252792358, 20.3608989716, 43.7734146118, 80.2997360229]], "icov": [[0.000135773952934, -9.82964411378e-06, 0.000200960013899, -1.50781434058e-05, 7.2576722232e-06, -0.000208049328648, 0.000239152708673, -9.24016057979e-06, 8.73274038895e-05, -0.000157909526024, 2.43878985202e-05, -5.26762814843e-05, 3.05656294586e-06], [-9.82964411378e-06, 0.000589261413552, -0.000110512744868, 0.000581118045375, -0.000119222560897, -0.000295405450743, 0.000577720114961, -0.000313662952976, 0.000266434915829, 0.000528873701114, -5.24379902345e-05, 0.000479021458887, -6.53995884932e-05], [0.000200960013899, -0.000110512744868, 0.00182982441038, -0.0008242278127, 0.000800974434242, -0.000228145494475, -0.00250570010394, 0.000900106271729, 0.000406747189118, -0.000162789816386, 0.000502221169882, 1.73032440216e-05, 0.000615035358351], [-1.50781434058e-05, 0.000581118045375, -0.0008242278127, 0.0048264269717, -0.00199209316634, 0.000453374639619, 0.000869429728482, -0.000978665775619, -0.000491394370329, 0.000454023451312, -0.00184886809438, 0.00115859077778, -0.00129503011703], [7.2576722232e-06, -0.000119222560897, 0.000800974434242, -0.00199209316634, 0.00873043667525, -0.00631042476743, 0.00306194392033, -0.00253773597069, 0.00050346145872, 5.68947434658e-05, -0.000495324551594, -0.00134627730586, -0.000273841200396], [-0.000208049328648, -0.000295405450743, -0.000228145494475, 0.000453374639619, -0.00631042476743, 0.0159764885902, -0.0108082285151, 0.00601022923365, -0.00561777735129, 0.00314081530087, -0.000604352215305, 0.000678468204569, -0.000320421153447], [0.000239152708673, 0.000577720114961, -0.00250570010394, 0.000869429728482, 0.00306194392033, -0.0108082285151, 0.024126868695, -0.0149243399501, 0.00803764909506, -0.00618046941236, 0.00288279470988, -0.0010434576543, 0.000637302000541], [-9.24016057979e-06, -0.000313662952976, 0.000900106271729, -0.000978665775619, -0.00253773597069, 0.00601022923365, -0.0149243399501, 0.0276130791754, -0.0151883419603, 0.00688249059021, -0.00317075033672, 0.00183111941442, -0.000662736652885], [8.73274038895e-05, 0.000266434915829, 0.000406747189118, -0.000491394370329, 0.00050346145872, -0.00561777735129, 0.00803764909506, -0.0151883419603, 0.0267110783607, -0.016274491325, 0.00771986320615, -0.00531388726085, 0.00246111443266], [-0.000157909526024, 0.000528873701114, -0.000162789816386, 0.000454023451312, 5.68947434658e-05, 0.00314081530087, -0.00618046941236, 0.00688249059021, -0.016274491325, 0.0278976056725, -0.0164566524327, 0.00920701771975, -0.00510736275464], [2.43878985202e-05, -5.24379902345e-05, 0.000502221169882, -0.00184886809438, -0.000495324551594, -0.000604352215305, 0.00288279470988, -0.00317075033672, 0.00771986320615, -0.0164566524327, 0.0302511006594, -0.0175113771111, 0.0059334365651], [-5.26762814843e-05, 0.000479021458887, 1.73032440216e-05, 0.00115859077778, -0.00134627730586, 0.000678468204569, -0.0010434576543, 0.00183111941442, -0.00531388726085, 0.00920701771975, -0.0175113771111, 0.0280383005738, -0.0116528505459], [3.05656294586e-06, -6.53995884932e-05, 0.000615035358351, -0.00129503011703, -0.000273841200396, -0.000320421153447, 0.000637302000541, -0.000662736652885, 0.00246111443266, -0.00510736275464, 0.0059334365651, -0.0116528505459, 0.0191845614463]]}, "barkbands_spread": {"mean": 6.11573410034, "min": 0.164191097021, "max": 120.036529541, "dmean2": 2.6944668293, "dvar": 19.9372463226, "dmean": 1.68690085411, "median": 4.48152446747, "dvar2": 44.1160087585, "var": 44.7375907898}, "spectral_strongpeak": {"mean": 0.770607948303, "min": 0, "max": 15.6348438263, "dmean2": 0.453929781914, "dvar": 0.355504691601, "dmean": 0.287120550871, "median": 0.383575260639, "dvar2": 0.700688064098, "var": 1.15106642246}, "melbands_crest": {"mean": 15.8948535919, "min": 1.46620535851, "max": 39.0432701111, "dmean2": 4.15728712082, "dvar": 6.57138395309, "dmean": 2.54914999008, "median": 14.8043403625, "dvar2": 16.245218277, "var": 34.771697998}, "spectral_energyband_middle_high": {"mean": 0.00126427679788, "min": 1.29258946251e-21, "max": 0.17889906466, "dmean2": 0.00073475332465, "dvar": 1.23465524666e-05, "dmean": 0.000548651791178, "median": 0.000208530720556, "dvar2": 2.08632172871e-05, "var": 3.0849740142e-05}, "spectral_rms": {"mean": 0.0037585045211, "min": 3.16120415435e-12, "max": 0.0163263678551, "dmean2": 0.000963539176155, "dvar": 1.16582259579e-06, "dmean": 0.00065940967761, "median": 0.00328981690109, "dvar2": 2.45152955358e-06, "var": 6.08540358371e-06}, "spectral_flux": {"mean": 0.0471617989242, "min": 6.32724567184e-11, "max": 0.421516507864, "dmean2": 0.0314750261605, "dvar": 0.00115135265514, "dmean": 0.0198570005596, "median": 0.033069640398, "dvar2": 0.00273175397888, "var": 0.00221045897342}, "erbbands_flatness_db": {"mean": 0.233869418502, "min": 0.0255646407604, "max": 0.45971339941, "dmean2": 0.0287466794252, "dvar": 0.000563479785342, "dmean": 0.0198591519147, "median": 0.237620323896, "dvar2": 0.00101488921791, "var": 0.00567034445703}, "barkbands_flatness_db": {"mean": 0.265083462, "min": 0.0407831817865, "max": 0.538473308086, "dmean2": 0.0337304659188, "dvar": 0.000715787929948, "dmean": 0.0224440917373, "median": 0.256815254688, "dvar2": 0.0014160053106, "var": 0.00616340944543}, "spectral_entropy": {"mean": 6.16329288483, "min": 3.90233206749, "max": 9.81954956055, "dmean2": 0.301459401846, "dvar": 0.0633851364255, "dmean": 0.204231753945, "median": 6.12720012665, "dvar2": 0.121142886579, "var": 0.665628194809}, "spectral_energyband_high": {"mean": 4.97576620546e-05, "min": 7.12409060223e-21, "max": 0.0117060169578, "dmean2": 5.55870683456e-05, "dvar": 6.6623947248e-08, "dmean": 3.60933045158e-05, "median": 5.1241249821e-06, "dvar2": 1.70743263084e-07, "var": 5.90575410797e-08}, "barkbands_kurtosis": {"mean": 13.4449529648, "min": -1.83371043205, "max": 343.461486816, "dmean2": 8.59275531769, "dvar": 136.931747437, "dmean": 5.38657283783, "median": 6.69405126572, "dvar2": 333.572143555, "var": 599.993713379}, "spectral_complexity": {"mean": 7.76913642883, "min": 0, "max": 47, "dmean2": 1.93237566948, "dvar": 2.25157666206, "dmean": 1.19470965862, "median": 7, "dvar2": 5.00675535202, "var": 21.0192909241}, "spectral_contrast_coeffs": {"mean": [-0.645857512951, -0.678746163845, -0.75138604641, -0.782531797886, -0.831445634365, -0.841230154037], "min": [-0.976473927498, -0.990965604782, -0.977237164974, -0.97076523304, -0.970233380795, -0.962545990944], "max": [-0.259612619877, -0.366663515568, -0.375356137753, -0.51389926672, -0.570913672447, -0.677218019962], "dmean2": [0.0714412033558, 0.0639994814992, 0.0465022996068, 0.0396027304232, 0.0269269701093, 0.0193730145693], "dvar": [0.00144266104326, 0.00133758469019, 0.000837438972667, 0.000513388484251, 0.000271331722615, 0.000122566503705], "dmean": [0.0432004891336, 0.0390723645687, 0.0299084484577, 0.0250579416752, 0.0170663390309, 0.0118247205392], "median": [-0.656857669353, -0.680171370506, -0.75854074955, -0.790623605251, -0.842774927616, -0.843782603741], "dvar2": [0.00376152712852, 0.00330031919293, 0.00178589462303, 0.00113100290764, 0.000552317127585, 0.000295608275337], "var": [0.0116602228954, 0.00747541617602, 0.00526593439281, 0.00423482852057, 0.00262333196588, 0.000934038776904]}, "spectral_centroid": {"mean": 481.674987793, "min": 120.71295929, "max": 11679.6347656, "dmean2": 82.6489715576, "dvar": 26189.6699219, "dmean": 52.037361145, "median": 371.603820801, "dvar2": 60531.4140625, "var": 645030}, "spectral_energyband_low": {"mean": 0.00665094703436, "min": 1.40692806021e-23, "max": 0.177889272571, "dmean2": 0.00561102479696, "dvar": 9.8883319879e-05, "dmean": 0.00359690608457, "median": 0.00295864627697, "dvar2": 0.000235381477978, "var": 0.00013973924797}, "dissonance": {"mean": 0.377729803324, "min": 0.0394737645984, "max": 0.500000178814, "dmean2": 0.070688970387, "dvar": 0.00158711802214, "dmean": 0.0419622845948, "median": 0.39236587286, "dvar2": 0.00419146195054, "var": 0.00634387368336}, "zerocrossingrate": {"mean": 0.0253115110099, "min": 0, "max": 0.513671875, "dmean2": 0.00579928094521, "dvar": 9.62434351095e-05, "dmean": 0.00453134579584, "median": 0.0185546875, "dvar2": 0.000145189798786, "var": 0.00147288443986}, "erbbands": {"mean": [0.0936384424567, 0.83886128664, 2.38159656525, 4.15134620667, 9.10276412964, 13.4939641953, 18.0528640747, 28.7309265137, 49.7191429138, 26.1743602753, 19.7519435883, 14.5343046188, 15.3065214157, 19.0758323669, 11.1237649918, 5.52527284622, 4.43964624405, 3.82231450081, 3.19779968262, 2.65431475639, 1.47855055332, 1.06197392941, 0.750571489334, 0.59370046854, 0.473352521658, 0.435930937529, 0.361941248178, 0.243683427572, 0.298126846552, 0.223880305886, 0.162286415696, 0.143650323153, 0.114317782223, 0.0824285373092, 0.0557476356626, 0.0322790034115, 0.0128922266886, 0.00347917573527, 0.000270664022537, 2.74911071756e-05], "min": [5.84673032038e-23, 6.68892907752e-22, 3.64831926965e-21, 4.77546432977e-21, 1.98767349138e-20, 3.55591277469e-20, 3.19064564894e-20, 1.07722509789e-19, 1.32720276254e-19, 9.82279109982e-20, 3.28143867319e-19, 5.26437904356e-19, 3.59115835898e-19, 6.82640313086e-19, 1.41960261097e-18, 1.0167894341e-18, 1.74702158373e-18, 2.17978076673e-18, 1.97059444124e-18, 3.30763532809e-18, 2.89019532324e-18, 2.77512498746e-18, 4.40254804194e-18, 7.33268729658e-18, 7.03354900858e-18, 9.41308872337e-18, 1.15659073312e-17, 1.16979989761e-17, 1.10245432629e-17, 1.17045717532e-17, 1.11691675212e-17, 1.10180862911e-17, 8.31504781923e-18, 9.30612351681e-18, 6.00110269984e-18, 3.82864475628e-18, 2.07094654559e-18, 9.49576046251e-19, 2.5457434609e-19, 2.56628083686e-20], "max": [2.39255475998, 25.2025928497, 110.424797058, 147.279220581, 593.709655762, 500.865966797, 728.313659668, 1227.38378906, 1834.01953125, 1917.71655273, 3918.42431641, 1184.67834473, 2473.39770508, 6172.73046875, 3640.25244141, 3490.10644531, 925.897277832, 348.097045898, 572.627258301, 572.99005127, 721.96673584, 860.494934082, 174.722290039, 61.5041542053, 134.485183716, 58.8988952637, 89.0461654663, 146.967697144, 86.9484024048, 92.2930526733, 54.7733154297, 50.2692680359, 42.7213821411, 22.5280990601, 10.1745500565, 4.42765283585, 2.27034568787, 0.489946007729, 0.0388602800667, 0.00060486397706], "dmean2": [0.0686692520976, 0.837834060192, 2.76647615433, 3.4746992588, 7.58177518845, 9.07478141785, 12.0319795609, 18.1693325043, 36.740650177, 17.6480503082, 10.2212781906, 6.7865653038, 11.2350082397, 12.0750989914, 7.82694101334, 4.48382902145, 3.23277878761, 2.55088329315, 2.16163063049, 1.95560717583, 1.08303582668, 0.870609641075, 0.582049787045, 0.454603374004, 0.412410736084, 0.444407701492, 0.41969192028, 0.35195556283, 0.450976788998, 0.322909891605, 0.218872696161, 0.188652381301, 0.14999319613, 0.0952676311135, 0.055616132915, 0.0331479683518, 0.0155104538426, 0.00456117698923, 0.000429340521805, 1.77548499778e-05], "dvar": [0.0111687807366, 2.09483551979, 34.231048584, 42.3026847839, 300.916381836, 342.555877686, 425.721893311, 1196.99951172, 7002.00976562, 2109.98095703, 3148.8659668, 620.605529785, 2198.07836914, 6870.27197266, 3919.32373047, 1933.41345215, 264.263061523, 34.1761474609, 104.072555542, 90.2829589844, 72.504989624, 58.3086357117, 8.48558521271, 2.61869549751, 5.7340798378, 3.34232735634, 4.07392024994, 5.21400880814, 4.821144104, 3.50805735588, 1.08228695393, 1.01562678814, 0.705460429192, 0.208377301693, 0.0498656220734, 0.0115552740172, 0.00309922080487, 0.000209174177144, 1.86634258625e-06, 7.85589981955e-10], "dmean": [0.0425845682621, 0.516502261162, 1.73692452908, 2.20941901207, 4.74834823608, 6.09116744995, 7.59349060059, 11.2570419312, 22.5822124481, 11.1263237, 7.63640022278, 5.50907421112, 7.77015781403, 9.16899299622, 5.71527957916, 3.11542654037, 2.17967247963, 1.63660347462, 1.49778497219, 1.33261406422, 0.720156908035, 0.621354281902, 0.394398450851, 0.312735319138, 0.290146172047, 0.306398391724, 0.278335124254, 0.217612862587, 0.275898873806, 0.197406053543, 0.135792538524, 0.11617346108, 0.0926779359579, 0.0594866387546, 0.0353123322129, 0.0213038418442, 0.0098347235471, 0.00292736897245, 0.000264569855062, 1.15314642244e-05], "median": [0.025987315923, 0.247923433781, 0.567881643772, 1.18411839008, 2.11542272568, 4.151512146, 6.32516479492, 7.36915111542, 8.20265007019, 4.98355674744, 2.35859060287, 2.22394037247, 3.01505708694, 2.54428720474, 1.30615258217, 0.601558208466, 0.400923013687, 0.331421613693, 0.164107948542, 0.0857270210981, 0.0482371076941, 0.0246218349785, 0.0290610864758, 0.0273918267339, 0.030758600682, 0.0222709588706, 0.0201942492276, 0.0221808701754, 0.0268199760467, 0.0207499191165, 0.0170836225152, 0.0146927572787, 0.0107871210203, 0.00686315447092, 0.00407095067203, 0.00210982467979, 0.000770693412051, 0.000161521806149, 2.00776412385e-05, 1.49237657752e-05], "dvar2": [0.0277761612087, 5.2699007988, 78.7407608032, 101.323295593, 774.829345703, 660.671020508, 1216.26184082, 3243.921875, 20069.171875, 5203.55175781, 5494.60595703, 875.242736816, 4890.58447266, 9798.40429688, 6953.375, 3701.92822266, 609.236450195, 78.7158203125, 231.41368103, 209.53276062, 197.978607178, 80.7732391357, 21.6641330719, 5.712474823, 10.1630554199, 7.13916873932, 9.25447940826, 14.4020414352, 12.3615398407, 9.34543418884, 2.79284238815, 2.78010964394, 1.91869735718, 0.556183874607, 0.128112092614, 0.0280032269657, 0.00775756267831, 0.000490841339342, 4.50862262369e-06, 1.87253745842e-09], "var": [0.0221303384751, 2.96378517151, 43.8767662048, 80.3842163086, 542.453552246, 1091.31347656, 1261.0201416, 3998.49511719, 16975.59375, 5176.45410156, 12087.8496094, 2389.39526367, 4086.58300781, 21311.5117188, 7577.98144531, 3218.72729492, 422.8152771, 105.019325256, 235.384780884, 170.187988281, 72.4870681763, 129.76385498, 15.7602415085, 4.69432544708, 13.9630842209, 4.94797134399, 5.582654953, 3.74763083458, 4.0025434494, 2.66643977165, 0.916272819042, 0.74998819828, 0.515766143799, 0.169633612037, 0.048245601356, 0.0129527701065, 0.00294751860201, 0.000214565588976, 1.72151737843e-06, 1.40730838094e-09]}, "pitch_salience": {"mean": 0.544069290161, "min": 0.0359947308898, "max": 0.971142172813, "dmean2": 0.104036554694, "dvar": 0.00414917059243, "dmean": 0.0639830157161, "median": 0.559760808945, "dvar2": 0.0103475246578, "var": 0.0200158581138}, "silence_rate_60dB": {"mean": 0.226747244596, "min": 0, "max": 1, "dmean2": 0.0683251544833, "dvar": 0.0329872854054, "dmean": 0.0341595858335, "median": 0, "dvar2": 0.07257771492, "var": 0.175315052271}, "melbands": {"mean": [0.000932611117605, 0.00122340454254, 0.000815978390165, 0.000927074928768, 0.000594989629462, 0.000692350324243, 0.000710449530743, 0.000254891521763, 0.000148356106365, 8.74818579177e-05, 7.70541882957e-05, 8.14303421066e-05, 3.73966686311e-05, 2.10253874684e-05, 1.01500945675e-05, 8.5410047177e-06, 7.15822397979e-06, 4.64185268356e-06, 4.96984785059e-06, 2.23392794396e-06, 1.57906163167e-06, 1.12606505809e-06, 8.02395220489e-07, 6.28652173873e-07, 4.67655951297e-07, 3.23067069985e-07, 3.01023220572e-07, 2.83153354985e-07, 2.42005313567e-07, 1.51296632112e-07, 1.36011507834e-07, 1.69638695979e-07, 1.54268803954e-07, 1.13169015492e-07, 8.93847129646e-08, 9.62888648814e-08, 8.22714838478e-08, 7.90902632275e-08, 7.75460691216e-08, 6.67804229693e-08], "min": [9.36214008644e-25, 1.72801085694e-24, 9.37048031836e-25, 2.64439349407e-24, 1.15704556108e-24, 2.35391242623e-24, 1.95696471847e-24, 1.11678436846e-24, 1.49650739696e-24, 3.09720024531e-24, 1.15193936305e-24, 2.59425507266e-24, 3.77833134709e-24, 2.4310012944e-24, 2.20620334933e-24, 3.71991304161e-24, 3.6158192953e-24, 2.25291949492e-24, 3.21794073167e-24, 2.65553359056e-24, 2.44837102546e-24, 2.19768010168e-24, 2.22121556957e-24, 4.59072870628e-24, 5.03970810162e-24, 3.82513249244e-24, 5.33566228642e-24, 5.28238419861e-24, 5.59086746673e-24, 5.40771526378e-24, 6.02315929849e-24, 4.75701861295e-24, 5.16056790319e-24, 4.96233544075e-24, 5.72090803151e-24, 6.89638690537e-24, 6.1032511629e-24, 4.80489418686e-24, 5.61672829936e-24, 6.62048990352e-24], "max": [0.025869352743, 0.0489290319383, 0.0407071858644, 0.0397719182074, 0.0200312174857, 0.0308352746069, 0.0260069742799, 0.0178795885295, 0.0287871919572, 0.0118182050064, 0.0124691817909, 0.0277091506869, 0.0117508918047, 0.0216125659645, 0.00725110992789, 0.0012910583755, 0.00082897930406, 0.00119844591245, 0.00116342795081, 0.000571293116082, 0.000975516391918, 0.00104730203748, 0.000379045115551, 8.51381701068e-05, 5.20072171639e-05, 9.60396209848e-05, 0.000150482796016, 4.14686655859e-05, 6.91922032274e-05, 4.55885456176e-05, 9.03229811229e-05, 4.27689483331e-05, 6.32636219962e-05, 4.91404098284e-05, 3.2429536077e-05, 2.9328137316e-05, 3.19255996146e-05, 3.0908955523e-05, 2.41254765569e-05, 1.75488930836e-05], "dmean2": [0.000755115819629, 0.00131585635245, 0.000689471256919, 0.000665112165734, 0.000376010750188, 0.000447116210125, 0.000517263426445, 0.000175956141902, 7.35314897611e-05, 4.38470015069e-05, 5.8650282881e-05, 5.26251569681e-05, 2.66859115072e-05, 1.76102676051e-05, 9.09003847482e-06, 6.05485956839e-06, 5.08077664563e-06, 3.35844811161e-06, 3.62178661817e-06, 1.75985462647e-06, 1.26699785596e-06, 9.63130446507e-07, 7.44397425478e-07, 4.71105522593e-07, 3.86343174341e-07, 3.00341298498e-07, 2.94428531333e-07, 3.06435566699e-07, 2.91547053166e-07, 1.9492433978e-07, 2.135578967e-07, 2.68900862466e-07, 2.26650968216e-07, 1.69362607494e-07, 1.24239377897e-07, 1.30505029006e-07, 1.11757366028e-07, 1.07269521266e-07, 1.04175526872e-07, 7.67392052126e-08], "dvar": [1.48265087319e-06, 6.65409152134e-06, 1.64694665727e-06, 2.2094554879e-06, 3.41868258147e-07, 7.36074980523e-07, 1.32654338358e-06, 2.19316532934e-07, 1.69192219346e-07, 3.48209603374e-08, 5.78700181109e-08, 1.36321602895e-07, 4.25148201089e-08, 6.22135871708e-08, 6.36362385009e-09, 4.73563688264e-10, 1.62000107773e-10, 3.01125763214e-10, 4.18286932868e-10, 6.99590871345e-11, 1.28826768697e-10, 8.41442610033e-11, 1.69331163674e-11, 3.83489941191e-12, 2.03099169427e-12, 3.07587831073e-12, 3.3182844493e-12, 1.54353190385e-12, 2.0502720615e-12, 9.36085952676e-13, 1.96066405299e-12, 1.61116129119e-12, 1.47167987432e-12, 9.43185959022e-13, 3.41841491095e-13, 3.78945328892e-13, 3.79018756484e-13, 3.65705838008e-13, 2.7787196372e-13, 1.21086910572e-13], "dmean": [0.000470070051961, 0.000826479692478, 0.000431639607996, 0.000441605370725, 0.000239297893131, 0.000275864091236, 0.000318953912938, 0.000112706802611, 5.66774397157e-05, 3.52212118742e-05, 4.03358135372e-05, 3.97471558244e-05, 1.93430732907e-05, 1.23748468468e-05, 6.01812689638e-06, 4.0613595047e-06, 3.23878930431e-06, 2.32684146795e-06, 2.51137612395e-06, 1.18506682156e-06, 8.15149917344e-07, 6.96577387771e-07, 5.02159934967e-07, 3.18524769227e-07, 2.61489361719e-07, 2.04518414648e-07, 2.09323786748e-07, 2.05603583936e-07, 1.94011633425e-07, 1.25745131641e-07, 1.29494168277e-07, 1.63136519404e-07, 1.39155957868e-07, 1.03040385113e-07, 7.70959616148e-08, 7.93362460172e-08, 6.85336729589e-08, 6.63019150693e-08, 6.32461762962e-08, 4.80138311332e-08], "median": [0.000309940427542, 0.000385543011362, 0.000250691024121, 0.000239064887865, 0.000237357147853, 0.000173902633833, 0.000117480827612, 4.54991823062e-05, 1.61194911925e-05, 1.28432875499e-05, 1.41077616718e-05, 9.67564301391e-06, 4.36647769675e-06, 1.73279283899e-06, 1.0271166957e-06, 6.61780973132e-07, 5.25895416104e-07, 2.21665459321e-07, 1.43790316542e-07, 6.85769379061e-08, 4.53927384569e-08, 2.12038688829e-08, 2.47566411815e-08, 2.20985789667e-08, 1.8733338436e-08, 2.17726423557e-08, 1.67629927716e-08, 1.39127971366e-08, 1.150