{"tonal": {"thpcp": [1, 0.510541021824, 0.218224033713, 0.161934360862, 0.109713152051, 0.116324186325, 0.122155427933, 0.226758733392, 0.481952279806, 0.40278249979, 0.178696110845, 0.226278230548, 0.234332233667, 0.310936838388, 0.700230062008, 0.9144500494, 0.659965157509, 0.330926686525, 0.184035226703, 0.239200457931, 0.407203644514, 0.456006795168, 0.336300909519, 0.242157801986, 0.199055746198, 0.22511485219, 0.417400151491, 0.461759746075, 0.323013007641, 0.299309253693, 0.249275609851, 0.175024837255, 0.177979230881, 0.203036889434, 0.33788511157, 0.834872126579], "hpcp": {"dmean2": [0.208262354136, 0.164196759462, 0.149603039026, 0.157191291451, 0.198453113437, 0.193473532796, 0.183149114251, 0.171698123217, 0.151601940393, 0.142881840467, 0.159827485681, 0.18362493813, 0.242977201939, 0.299845427275, 0.284549385309, 0.246854558587, 0.132238924503, 0.0922322198749, 0.0689383819699, 0.0652384385467, 0.068777449429, 0.122953251004, 0.18433123827, 0.14565448463, 0.101728968322, 0.115313284099, 0.129430487752, 0.179888129234, 0.249933764338, 0.267526626587, 0.266661882401, 0.235730871558, 0.170386791229, 0.193387985229, 0.227574691176, 0.243360102177], "median": [0.0195384211838, 0.012122195214, 0.0106419883668, 0.0199550166726, 0.037419307977, 0.0370882973075, 0.023279780522, 0.0115775736049, 0.0089794844389, 0.00694467499852, 0.00907415803522, 0.0109381517395, 0.0380510911345, 0.172686994076, 0.1980997473, 0.0775800794363, 0.0166930742562, 0.00854511465877, 0.00531449727714, 0.00468719191849, 0.00581629388034, 0.0237114615738, 0.0441017225385, 0.03454400599, 0.0191205982119, 0.0185817927122, 0.0204974934459, 0.0370852649212, 0.117057934403, 0.135477393866, 0.0493687540293, 0.0183092840016, 0.00820335187018, 0.010279844515, 0.0240393579006, 0.0317404605448], "min": [0, 8.2662359091e-07, 0, 0, 0, 0, 0, 0, 0, 0, 0, 0, 0, 0, 0, 0, 0, 0, 0, 0, 0, 0, 0, 1.19461064969e-05, 0, 0, 0, 0, 0, 0, 0, 0, 0, 0, 0, 0], "dvar2": [0.118701696396, 0.0907497033477, 0.090910769999, 0.0766072794795, 0.0955666229129, 0.0930165275931, 0.0880905687809, 0.0949267670512, 0.0830871835351, 0.0838456749916, 0.108042784035, 0.113746210933, 0.129694133997, 0.117257706821, 0.112750791013, 0.102056957781, 0.0555549003184, 0.0367651730776, 0.0251964628696, 0.024760145694, 0.0238162130117, 0.042110349983, 0.0885299965739, 0.051299136132, 0.0384500660002, 0.0494316145778, 0.0571552924812, 0.0832324922085, 0.105788826942, 0.115974552929, 0.136370524764, 0.127313226461, 0.100061938167, 0.12151067704, 0.137515425682, 0.137085199356], "dvar": [0.0455540753901, 0.0352084711194, 0.0334984883666, 0.0285276118666, 0.0373900793493, 0.0381099544466, 0.0342187583447, 0.0362684763968, 0.0310311615467, 0.0295538622886, 0.0382956974208, 0.039630446583, 0.0447538532317, 0.0466025434434, 0.0511956512928, 0.0375566333532, 0.0207421574742, 0.0143848359585, 0.0092982146889, 0.00946384388953, 0.00926362816244, 0.016331423074, 0.038611382246, 0.0237180907279, 0.0144871026278, 0.0199204795063, 0.0224558636546, 0.0311929956079, 0.0429869033396, 0.0503445230424, 0.0538107044995, 0.0472675897181, 0.0360499806702, 0.0431763455272, 0.0543752461672, 0.0538068078458], "dmean": [0.118137985468, 0.0936034172773, 0.08265376091, 0.0874923467636, 0.115238063037, 0.114314287901, 0.105873353779, 0.09736071527, 0.0849736109376, 0.078126937151, 0.0859248936176, 0.0991419553757, 0.133977100253, 0.177692115307, 0.17193351686, 0.140815466642, 0.0754828602076, 0.0533519983292, 0.0398586951196, 0.037853743881, 0.0399759784341, 0.0704897940159, 0.108355410397, 0.088974699378, 0.0582789443433, 0.0679701939225, 0.0755162388086, 0.103302776814, 0.148932233453, 0.160317346454, 0.153307974339, 0.130628332496, 0.0929061993957, 0.105130620301, 0.128449827433, 0.140457004309], "max": [1, 1, 1, 1, 1, 1, 1, 1, 1, 1, 1, 1, 1, 1, 1, 1, 1, 1, 1, 1, 1, 1, 1, 1, 1, 1, 1, 1, 1, 1, 1, 1, 1, 1, 1, 1], "var": [0.0541842132807, 0.0370277017355, 0.0287753921002, 0.0260149203241, 0.0577894710004, 0.0693911090493, 0.0443122386932, 0.0504119247198, 0.0398723818362, 0.0231434423476, 0.026019115001, 0.0284784212708, 0.0398250445724, 0.0938251167536, 0.128679722548, 0.0538666024804, 0.0267121344805, 0.0194754339755, 0.00925016216934, 0.0131640946493, 0.0135617172346, 0.0185076948255, 0.0812760666013, 0.0576837547123, 0.0141369635239, 0.026416040957, 0.0269037596881, 0.0342404395342, 0.0895613282919, 0.135981082916, 0.110039569438, 0.046897444874, 0.0257803741843, 0.0358626097441, 0.0738962069154, 0.0764437168837], "mean": [0.120707854629, 0.0869172438979, 0.0714467018843, 0.0808000490069, 0.149816647172, 0.165738552809, 0.115938454866, 0.107430502772, 0.0894720256329, 0.0628213360906, 0.0638817474246, 0.072875648737, 0.121276460588, 0.299659073353, 0.358928114176, 0.18324752152, 0.0783267393708, 0.0581227950752, 0.0393791347742, 0.0417520217597, 0.0438450165093, 0.0813900828362, 0.172986224294, 0.144569963217, 0.0641390606761, 0.0812176167965, 0.0841084271669, 0.111603975296, 0.251332253218, 0.328221827745, 0.236880049109, 0.118778891861, 0.0660554170609, 0.0858557671309, 0.146156832576, 0.163673654199]}, "tuning_equal_tempered_deviation": 0.494453400373, "chords_changes_rate": 0.0664288923144, "key_key": "F#", "tuning_diatonic_strength": 0.544688463211, "key_scale": "major", "chords_number_rate": 0.00200624158606, "tuning_frequency": 452.631469727, "tuning_nontempered_energy_ratio": 0.97789055109, "chords_histogram": [43.1787796021, 4.81498003006, 7.82434225082, 0, 0, 0, 0, 0.891662955284, 0.668747186661, 0.289790451527, 0, 0.0668747201562, 0.0668747201562, 0.378956764936, 1.24832808971, 3.098528862, 0.980829238892, 10.5884971619, 12.2157821655, 8.91662979126, 0.356665194035, 0.490414619446, 3.92331695557, 0], "key_strength": 0.786384105682, "chords_key": "F#", "chords_strength": {"dmean2": 0.00993434060365, "median": 0.523173213005, "min": 0.243094682693, "dvar2": 7.91138736531e-05, "dvar": 7.02500183252e-05, "dmean": 0.0100991409272, "max": 0.77992105484, "var": 0.0111045753583, "mean": 0.527046740055}, "chords_scale": "major", "hpcp_entropy": {"dmean2": 1.00618207455, "median": 2.16053819656, "min": 0.037119731307, "dvar2": 0.688202261925, "dvar": 0.266141682863, "dmean": 0.612959980965, "max": 4.32065248489, "var": 0.588418483734, "mean": 2.15858817101}}, "metadata": {"audio_properties": {"equal_loudness": 0, "codec": "flac", "downmix": "mix", "sample_rate": 44100, "analysis_sample_rate": 44100, "bit_rate": 0, "md5_encoded": "26e757b28fe051b9fdeb40fe2fd32c33", "length": 208.266662598, "replay_gain": -12.0540390015, "lossless": true}, "version": {"essentia_build_sha": "2d9f1f26377add8aeb1075a9c2973f962c4f09fd", "essentia": "2.1-beta2", "extractor": "music 1.0", "essentia_git_sha": "v2.1_beta2-1-ge3940c0"}, "tags": {"title": ["Bossa Nova"], "barcode": ["724383824625"], "media": ["CD"], "albumartist": ["Shivaree"], "tracktotal": ["12"], "musicbrainz_releasegroupid": ["f86b2b78-4f86-39a7-ab03-ae7fd2526888"], "releasetype": ["album"], "musicbrainz_recordingid": ["031e043e-c116-45a6-85a2-7ac29dfd8586"], "musicbrainz_albumartistid": ["1692e094-48b6-4d0e-8555-43ca0bd42467"], "originalyear": ["1999"], "originaldate": ["1999-10-19"], "musicbrainz_releasetrackid": ["216a4fac-5e85-3d66-9ce8-04589aff1545"], "discnumber": ["1"], "totaldiscs": ["1"], "album": ["I Oughtta Give You A Shot In The Head For Making Me Live In This Dump"], "catalognumber": ["7 24352 55272 6"], "releasecountry": ["FR"], "file_name": "Shivaree 02 Bossa Nova I Oughtta Give You A Shot In The Head For Making Me Live In This Dump.flac", "musicip_puid": ["5db817d1-3e4b-6246-cd78-f058c4a05903"], "albumartistsort": ["Shivaree"], "date": ["2000-10-20"], "genre": ["Indie"], "disctotal": ["1"], "releasestatus": ["official"], "musicbrainz_artistid": ["1692e094-48b6-4d0e-8555-43ca0bd42467"], "asin": ["B00001ZSTB"], "musicbrainz_albumid": ["9c9314d9-3b9a-3d4a-99bf-49acb7ce0c5c"], "artist": ["Shivaree"], "tracknumber": ["2"], "artistsort": ["Shivaree"], "bpm": ["103"], "label": ["Capitol Records"], "isrc": ["USCA29900770"], "acoustid_id": ["802f33c3-9ece-4a40-ba2e-c0129740ec51"], "script": ["Latn"], "totaltracks": ["12"]}}, "rhythm": {"bpm_histogram_first_peak_bpm": {"dmean2": 0, "median": 103, "min": 103, "dvar2": 0, "dvar": 0, "dmean": 0, "max": 103, "var": 0, "mean": 103}, "bpm": 102.994041443, "bpm_histogram_second_peak_spread": {"dmean2": 0, "median": 0, "min": 0, "dvar2": 0, "dvar": 0, "dmean": 0, "max": 0, "var": 0, "mean": 0}, "bpm_histogram_first_peak_weight": {"dmean2": 0, "median": 0.733146071434, "min": 0.733146071434, "dvar2": 0, "dvar": 0, "dmean": 0, "max": 0.733146071434, "var": 0, "mean": 0.733146071434}, "onset_rate": 3.55285859108, "beats_position": [0.592108845711, 1.18421769142, 1.764716506, 2.35682535172, 2.94893407822, 3.52943301201, 4.1099319458, 4.69043064117, 5.28253936768, 5.87464857101, 6.45514726639, 7.03564596176, 7.61614513397, 8.19664382935, 8.76553249359, 9.34603118896, 9.93814086914, 10.5186395645, 11.110748291, 11.7028570175, 12.2833557129, 12.8638544083, 13.4443531036, 14.0248527527, 14.6053514481, 15.1858501434, 15.7663488388, 16.3468475342, 16.9273471832, 17.5078449249, 18.0999546051, 18.6920623779, 19.272562027, 19.853061676, 20.4335594177, 21.0256690979, 21.6177768707, 22.1982765198, 22.7787742615, 23.3592739105, 23.9397735596, 24.5202713013, 25.1007709503, 25.681268692, 26.2617683411, 26.8422679901, 27.4227657318, 28.014875412, 28.5953731537, 29.1758728027, 29.7679805756, 30.3484802246, 30.9289798737, 31.5094776154, 32.0899772644, 32.6820869446, 33.2741928101, 33.8663024902, 34.4351921082, 35.0156898499, 35.5961914063, 36.1766891479, 36.7571868896, 37.3492965698, 37.9297943115, 38.4986839294, 39.0791816711, 39.6712913513, 40.251789093, 40.8322906494, 41.4127883911, 41.9932861328, 42.5737876892, 43.1426734924, 43.7231750488, 44.3268928528, 44.9073905945, 45.4878921509, 46.0683898926, 46.6488876343, 47.229385376, 47.7982749939, 48.3787727356, 48.9708824158, 49.5513839722, 50.1318817139, 50.7123794556, 51.2928771973, 51.8733787537, 52.4538764954, 53.0227661133, 53.6148757935, 54.1953735352, 54.7758712769, 55.3447608948, 55.9136505127, 56.5057601929, 57.0978660583, 57.6783676147, 58.2588653564, 58.8393630981, 59.4198646545, 60.0003623962, 60.5808601379, 61.1729698181, 61.7650794983, 62.34557724, 62.9260749817, 63.5065765381, 64.0870742798, 64.6675720215, 65.2480697632, 65.8401794434, 66.4322891235, 67.0127868652, 67.5932846069, 68.1737823486, 68.7542877197, 69.3347854614, 69.9152832031, 70.4957809448, 71.0762786865, 71.6683883667, 72.2604980469, 72.8409957886, 73.4214935303, 74.001991272, 74.5824966431, 75.1629943848, 75.7434921265, 76.3239898682, 76.9044876099, 77.49659729, 78.0770950317, 78.6692047119, 79.2497024536, 79.8302001953, 80.410697937, 80.9912033081, 81.5717010498, 82.1521987915, 82.7326965332, 83.3131942749, 83.9169158936, 84.4974136353, 85.077911377, 85.6584091187, 86.2389068604, 86.8310165405, 87.4115142822, 87.9920196533, 88.5841217041, 89.1646270752, 89.7451248169, 90.3256225586, 90.9061203003, 91.486618042, 92.0671157837, 92.6476211548, 93.2281188965, 93.8086166382, 94.3891143799, 94.9696121216, 95.5501098633, 96.130607605, 96.7111129761, 97.2916107178, 97.8721084595, 98.4526062012, 99.0331039429, 99.6136016846, 100.205711365, 100.797821045, 101.378318787, 101.958816528, 102.527709961, 103.108207703, 103.677093506, 104.257591248, 104.849700928, 105.441810608, 106.010704041, 106.591201782, 107.183311462, 107.763809204, 108.344306946, 108.936416626, 109.528526306, 110.097412109, 110.666305542, 111.246803284, 111.827301025, 112.407798767, 112.988296509, 113.56879425, 114.172515869, 114.764625549, 115.356735229, 115.937232971, 116.517730713, 117.098228455, 117.678726196, 118.259223938, 118.839729309, 119.420227051, 120.000724792, 120.592834473, 121.173332214, 121.753829956, 122.334327698, 122.90322113, 123.495323181, 124.087432861, 124.667930603, 125.248435974, 125.828933716, 126.409431458, 126.989929199, 127.570426941, 128.162536621, 128.743041992, 129.323532104, 129.904037476, 130.496139526, 131.076644897, 131.65713501, 132.237640381, 132.84135437, 133.43347168, 134.02557373, 134.606079102, 135.186569214, 135.767074585, 136.335968018, 136.928070068, 137.508575439, 138.089065552, 138.669570923, 139.250061035, 139.830566406, 140.411056519, 140.99156189, 141.572067261, 142.152557373, 142.733062744, 143.313552856, 143.894058228, 144.47454834, 145.055053711, 145.635559082, 146.216049194, 146.796554565, 147.388656616, 147.980773926, 148.561264038, 149.141769409, 149.722259521, 150.302764893, 150.883255005, 151.463760376, 152.044265747, 152.624755859, 153.216873169, 153.80897522, 154.389480591, 154.969970703, 155.550476074, 156.142578125, 156.734695435, 157.315185547, 157.895690918, 158.47618103, 159.056686401, 159.637191772, 160.217681885, 160.798187256, 161.378677368, 161.959182739, 162.539672852, 163.131790161, 163.723892212, 164.304397583, 164.884887695, 165.477005005, 166.057495117, 166.638000488, 167.218505859, 167.81060791, 168.391113281, 168.971603394, 169.552108765, 170.132598877, 170.713104248, 171.293609619, 171.862487793, 172.454605103, 173.035095215, 173.615600586, 174.196090698, 174.776596069, 175.35710144, 175.937591553, 176.518096924, 177.098587036, 177.679092407, 178.25958252, 178.840087891, 179.420593262, 180.001083374, 180.581588745, 181.162078857, 181.742584229, 182.323074341, 182.903579712, 183.484085083, 184.064575195, 184.645080566, 185.225570679, 185.80607605, 186.386566162, 186.967071533, 187.547576904, 188.139678955, 188.731781006, 189.312286377, 189.88117981, 190.461669922, 191.042175293, 191.622665405, 192.203170776, 192.795272827, 193.375778198, 193.956283569, 194.536773682, 195.117279053, 195.697769165, 196.289886475, 196.870376587, 197.450881958, 198.042984009, 198.635101318, 199.215591431, 199.80770874, 200.388198853, 200.968704224, 201.549209595, 202.141311646, 202.721817017, 203.302307129, 203.8828125, 204.474914551, 205.055419922, 205.647521973, 206.228027344, 206.820129395, 207.412246704, 208.004348755], "beats_loudness": {"dmean2": 0.0475259162486, "median": 0.046362798661, "min": 0.000201535658562, "dvar2": 0.00166541943327, "dvar": 0.000654786359519, "dmean": 0.0275919698179, "max": 0.142229706049, "var": 0.00099235016387, "mean": 0.0507900379598}, "danceability": 1.08789896965, "bpm_histogram_second_peak_weight": {"dmean2": 0, "median": 0, "min": 0, "dvar2": 0, "dvar": 0, "dmean": 0, "max": 0, "var": 0, "mean": 0}, "beats_count": 357, "bpm_histogram_second_peak_bpm": {"dmean2": 0, "median": 0, "min": 0, "dvar2": 0, "dvar": 0, "dmean": 0, "max": 0, "var": 0, "mean": 0}, "bpm_histogram_first_peak_spread": {"dmean2": 0, "median": 0.266853928566, "min": 0.266853928566, "dvar2": 0, "dvar": 0, "dmean": 0, "max": 0.266853928566, "var": 0, "mean": 0.266853928566}, "beats_loudness_band_ratio": {"dmean2": [0.703643620014, 0.292027920485, 0.262688100338, 0.128443151712, 0.19847074151, 0.106066614389], "median": [0.595866084099, 0.186962991953, 0.0915748998523, 0.0285466592759, 0.0403171405196, 0.0222699269652], "min": [6.94847112754e-05, 0.00476911151782, 0.0012202502694, 0.000498922658153, 0.000311765063088, 9.30032838369e-05], "dvar2": [0.136382997036, 0.0499764233828, 0.0468553900719, 0.0126539710909, 0.0214725509286, 0.0342391394079], "dvar": [0.0449641160667, 0.017138350755, 0.0167256798595, 0.00494566746056, 0.00782726146281, 0.0117497686297], "dmean": [0.372606158257, 0.163421422243, 0.14559827745, 0.068348094821, 0.103001005948, 0.054143037647], "max": [0.985264956951, 0.886205375195, 0.760830998421, 0.597373783588, 0.645336806774, 0.956508159637], "var": [0.0882327482104, 0.0308988131583, 0.0236710943282, 0.00656749028713, 0.00909112580121, 0.00709952646866], "mean": [0.551289319992, 0.234194174409, 0.148840546608, 0.0528908260167, 0.0727317556739, 0.0381427668035]}}, "lowlevel": {"barkbands_spread": {"dmean2": 6.71182870865, "median": 11.402838707, "min": 0.430292934179, "dvar2": 102.921943665, "dvar": 51.6717643738, "dmean": 4.63368034363, "max": 116.424842834, "var": 211.932617188, "mean": 16.0607051849}, "melbands_spread": {"dmean2": 7.30251121521, "median": 9.86217784882, "min": 0.473165094852, "dvar2": 181.903396606, "dvar": 88.9414291382, "dmean": 4.9032702446, "max": 270.040802002, "var": 327.416656494, "mean": 15.4349470139}, "hfc": {"dmean2": 6.37260913849, "median": 7.26716804504, "min": 2.5176420877e-06, "dvar2": 142.931259155, "dvar": 67.8509521484, "dmean": 4.56771850586, "max": 141.210357666, "var": 274.285186768, "mean": 13.6871948242}, "barkbands_kurtosis": {"dmean2": 7.47813558578, "median": 6.80252218246, "min": -1.89712774754, "dvar2": 164.468551636, "dvar": 81.9418182373, "dmean": 5.05832099915, "max": 230.8253479, "var": 379.192901611, "mean": 13.2062368393}, "gfcc": {"mean": [-42.8520698547, 105.735153198, -89.9982070923, 24.6369152069, -49.271938324, 1.85381364822, -49.684589386, 19.331495285, -21.9928302765, -6.44611310959, -10.3103666306, 1.39508247375, -13.2182636261], "icov": [[0.000279174710158, 0.000117547941045, 0.000273495679721, -0.000195569533389, 4.61962445115e-05, -0.000551955774426, 0.000181032170076, -0.000569708645344, 6.85539926053e-05, -0.000169897059095, 0.000239169879933, -4.67912104796e-05, 0.00053327914793], [0.000117547941045, 0.00223484751768, -0.000167428064742, 0.00105342490133, -0.00130884873215, 0.000859721447341, -0.000913535011932, 0.000726867525373, -0.00172593467869, 0.00218007783405, -0.00336202490143, 0.00266051036306, -0.00171818793751], [0.000273495679721, -0.000167428064742, 0.00160918780603, -0.000607533147559, -5.27960437466e-05, -0.00105823983904, 0.000428544037277, -0.00098288373556, 0.000577713653911, -0.00134410033934, 0.000106745676021, -0.000228229502682, 0.00188196240924], [-0.000195569533389, 0.00105342490133, -0.000607533147559, 0.00355051085353, -0.00181783933658, 0.000768902944401, -0.000578697072342, 0.00084804702783, -0.00164388807025, 0.0015355629148, -0.00156860623974, -0.000491525745019, -0.00113696581684], [4.61962445115e-05, -0.00130884873215, -5.27960437466e-05, -0.00181783933658, 0.0056978627108, -0.00130702916067, -0.000773578009102, -0.00097701267805, -0.000548990326934, -9.08772271941e-05, 0.000859020859934, -0.000760649214499, 0.0008648885414], [-0.000551955774426, 0.000859721447341, -0.00105823983904, 0.000768902944401, -0.00130702916067, 0.00688505358994, -0.00388394319452, 0.001889766776, -0.000749847153202, -0.000417306699092, -8.81588057382e-05, -0.000357254873961, -0.00191522960085], [0.000181032170076, -0.000913535011932, 0.000428544037277, -0.000578697072342, -0.000773578009102, -0.00388394319452, 0.00890474859625, -0.00048784352839, -0.00155640894081, -0.000846546026878, -0.000410670269048, -0.000311821291689, -0.000282213208266], [-0.000569708645344, 0.000726867525373, -0.00098288373556, 0.00084804702783, -0.00097701267805, 0.001889766776, -0.00048784352839, 0.00674116145819, -0.00117597915232, -0.000697335519362, -0.00191678281408, 0.00103486853186, -0.00266464310698], [6.85539926053e-05, -0.00172593467869, 0.000577713653911, -0.00164388807025, -0.000548990326934, -0.000749847153202, -0.00155640894081, -0.00117597915232, 0.0093513969332, -0.00303636793979, 0.00300162145868, -0.00370540376753, 0.000863349065185], [-0.000169897059095, 0.00218007783405, -0.00134410033934, 0.0015355629148, -9.08772271941e-05, -0.000417306699092, -0.000846546026878, -0.000697335519362, -0.00303636793979, 0.0128328613937, -0.00566869275644, 0.00340057793073, -0.00304153840989], [0.000239169879933, -0.00336202490143, 0.000106745676021, -0.00156860623974, 0.000859020859934, -8.81588057382e-05, -0.000410670269048, -0.00191678281408, 0.00300162145868, -0.00566869275644, 0.0167117211968, -0.00501548871398, 0.00189374096226], [-4.67912104796e-05, 0.00266051036306, -0.000228229502682, -0.000491525745019, -0.000760649214499, -0.000357254873961, -0.000311821291689, 0.00103486853186, -0.00370540376753, 0.00340057793073, -0.00501548871398, 0.0145755680278, -0.00350880902261], [0.00053327914793, -0.00171818793751, 0.00188196240924, -0.00113696581684, 0.0008648885414, -0.00191522960085, -0.000282213208266, -0.00266464310698, 0.000863349065185, -0.00304153840989, 0.00189374096226, -0.00350880902261, 0.0194140672684]], "cov": [[7983.50683594, -2080.15942383, -328.357513428, 523.787902832, -55.8597297668, 642.305541992, -7.50897789001, 465.210968018, 34.3471832275, 204.785705566, -275.013336182, 237.068450928, -111.06577301], [-2080.15942383, 1840.71508789, -32.8660430908, -177.293930054, 304.461761475, -141.164276123, 208.781585693, -110.014968872, 173.808868408, -108.889633179, 235.391555786, -150.17666626, 98.4027175903], [-328.357513428, -32.8660430908, 1025.56323242, 167.147979736, 126.528511047, 154.541122437, 70.1102676392, 101.506950378, 40.6582565308, 125.343032837, 62.0107841492, 23.4170646667, -42.9437179565], [523.787902832, -177.293930054, 167.147979736, 572.732116699, 222.264160156, 154.985778809, 122.151405334, 34.4510993958, 148.226333618, 18.8147201538, 18.4010810852, 114.638458252, 14.4320926666], [-55.8597297668, 304.461761475, 126.528511047, 222.264160156, 386.710357666, 142.20526123, 171.057907104, 30.9329986572, 153.889511108, 11.7792015076, 56.2357788086, 41.7581214905, 29.8279895782], [642.305541992, -141.164276123, 154.541122437, 154.985778809, 142.20526123, 363.262115479, 174.770965576, 25.5019397736, 103.893959045, 66.5372619629, 0.41089785099, 69.0291900635, 17.740945816], [-7.50897789001, 208.781585693, 70.1102676392, 122.151405334, 171.057907104, 174.770965576, 261.039123535, 14.962184906, 131.368759155, 33.2882652283, 47.6789894104, 35.4319801331, 35.6364479065], [465.210968018, -110.014968872, 101.506950378, 34.4510993958, 30.9329986572, 25.5019397736, 14.962184906, 226.373916626, 28.8146286011, 58.7984619141, 15.9769506454, 12.4980640411, 10.7189407349], [34.3471832275, 173.808868408, 40.6582565308, 148.226333618, 153.889511108, 103.893959045, 131.368759155, 28.8146286011, 223.765808105, 31.6305217743, 30.1881275177, 52.4729690552, 29.9800872803], [204.785705566, -108.889633179, 125.343032837, 18.8147201538, 11.7792015076, 66.5372619629, 33.2882652283, 58.7984619141, 31.6305217743, 135.848083496, 25.6655845642, 8.83782863617, 7.25262784958], [-275.013336182, 235.391555786, 62.0107841492, 18.4010810852, 56.2357788086, 0.41089785099, 47.6789894104, 15.9769506454, 30.1881275177, 25.6655845642, 115.823165894, 6.04972362518, 16.3485202789], [237.068450928, -150.17666626, 23.4170646667, 114.638458252, 41.7581214905, 69.0291900635, 35.4319801331, 12.4980640411, 52.4729690552, 8.83782863617, 6.04972362518, 121.041847229, 12.1582803726], [-111.06577301, 98.4027175903, -42.9437179565, 14.4320926666, 29.8279895782, 17.740945816, 35.6364479065, 10.7189407349, 29.9800872803, 7.25262784958, 16.3485202789, 12.1582803726, 71.0931472778]]}, "spectral_energyband_middle_low": {"dmean2": 0.00609481753781, "median": 0.0069253416732, "min": 1.19202314686e-09, "dvar2": 9.34686904657e-05, "dvar": 3.9838549128e-05, "dmean": 0.00403191847727, "max": 0.0840937867761, "var": 0.000121438999486, "mean": 0.0108475852758}, "melbands_crest": {"dmean2": 4.15500497818, "median": 14.2737045288, "min": 3.13271093369, "dvar2": 16.3417892456, "dvar": 6.64313840866, "dmean": 2.64825487137, "max": 37.5326805115, "var": 27.9366703033, "mean": 15.1036272049}, "spectral_kurtosis": {"dmean2": 4.19326734543, "median": 6.14899778366, "min": -1.17678511143, "dvar2": 52.0336341858, "dvar": 20.8573970795, "dmean": 2.66089224815, "max": 112.860054016, "var": 64.9245834351, "mean": 8.21045207977}, "spectral_rms": {"dmean2": 0.000938567565754, "median": 0.00440839258954, "min": 1.85389865237e-06, "dvar2": 1.48942706346e-06, "dvar": 7.96585595708e-07, "dmean": 0.000668978143949, "max": 0.0120755955577, "var": 4.99463158121e-06, "mean": 0.00453223846853}, "zerocrossingrate": {"dmean2": 0.0110579999164, "median": 0.03759765625, "min": 0, "dvar2": 0.000230346486205, "dvar": 0.000233743296121, "dmean": 0.00989860948175, "max": 0.4345703125, "var": 0.00175698194653, "mean": 0.0469375923276}, "silence_rate_60dB": {"dmean2": 0.0784925892949, "median": 0, "min": 0, "dvar2": 0.0852683931589, "dvar": 0.0376993529499, "dmean": 0.0392419174314, "max": 1, "var": 0.096880838275, "mean": 0.108683533967}, "erbbands_kurtosis": {"dmean2": 2.00188326836, "median": 0.204293772578, "min": -1.81751167774, "dvar2": 10.7638483047, "dvar": 4.97638845444, "dmean": 1.29143476486, "max": 49.7068748474, "var": 14.5487651825, "mean": 1.48076438904}, "erbbands": {"dmean2": [0.164765879512, 1.03643763065, 1.9382225275, 4.90287208557, 8.41658592224, 11.4192667007, 9.16609764099, 11.1045637131, 16.1940574646, 18.9948501587, 15.7627105713, 16.9191493988, 19.9193572998, 12.1303052902, 12.6110639572, 8.84785366058, 6.98815727234, 10.9283504486, 10.760052681, 14.1899795532, 21.0428981781, 25.5238418579, 25.1180095673, 11.9558162689, 5.79800128937, 3.05240416527, 1.32706058025, 0.988726496696, 1.05945217609, 1.1327047348, 1.66237998009, 2.22926354408, 1.04277968407, 0.328348487616, 0.211754366755, 0.282652676105, 0.0944192484021, 0.00601548794657, 0.000825710012577, 5.27610463905e-05], "median": [0.0620105601847, 0.657008707523, 1.04630684853, 1.85274994373, 3.59226894379, 6.51815891266, 5.93357372284, 7.68754529953, 5.74951410294, 4.26760530472, 6.14222192764, 5.24400091171, 3.38764381409, 2.45348405838, 2.22345256805, 1.57046890259, 1.11921429634, 1.59590876102, 1.82173883915, 2.11981201172, 3.52232336998, 3.88549900055, 3.82537531853, 3.36851644516, 1.77029073238, 0.83332824707, 0.323544621468, 0.218684747815, 0.196560129523, 0.173253849149, 0.339777559042, 0.539341926575, 0.275996565819, 0.12674279511, 0.0694088488817, 0.0530347749591, 0.0127088287845, 0.000800450739916, 8.79875806277e-05, 3.46191991412e-05], "min": [2.23475993266e-09, 2.60516088701e-08, 1.7205668712e-07, 4.9122627388e-07, 1.84936845926e-06, 1.15116017696e-06, 3.38775436148e-07, 5.84941858506e-07, 7.05379875399e-07, 5.83811697652e-07, 1.32263210162e-06, 1.27590362808e-06, 1.40862812259e-06, 5.29186479525e-07, 4.14555245243e-07, 6.15730300524e-07, 5.44939780411e-07, 8.58550436078e-07, 1.11394069791e-06, 8.95426012448e-07, 7.43137036352e-07, 9.53523169755e-07, 8.2333554019e-07, 6.15867804754e-07, 4.93916729738e-07, 2.36029777057e-07, 3.72378138991e-07, 9.81301155889e-08, 9.52728811399e-08, 9.40187874221e-08, 2.25254268571e-07, 1.98378842242e-07, 1.12965651056e-07, 6.15821420524e-08, 5.06013613233e-08, 2.71605014035e-08, 1.36088003089e-08, 3.95483468196e-09, 5.82000891924e-10, 1.06567629721e-10], "dvar2": [0.179097265005, 5.55482149124, 18.1724815369, 123.490409851, 271.482971191, 401.241455078, 318.467956543, 496.146179199, 1719.76489258, 2605.87426758, 1646.10742188, 3597.72998047, 5012.04833984, 1573.73681641, 3653.9909668, 812.335510254, 387.91192627, 1343.97521973, 1292.98291016, 1928.66723633, 3447.53173828, 4383.63378906, 6505.50341797, 776.360046387, 288.98425293, 154.226379395, 13.1072597504, 7.89384078979, 8.01204395294, 9.41762447357, 13.0316009521, 24.895236969, 6.99476385117, 0.760690689087, 0.511203765869, 1.28548574448, 0.10272423178, 0.000264290429186, 5.33289221494e-06, 1.6688384008e-08], "dvar": [0.0781202763319, 2.42074322701, 7.34296178818, 49.2671394348, 108.171173096, 152.821548462, 129.122756958, 196.727767944, 817.112670898, 1330.01672363, 935.648925781, 1586.57556152, 2242.81494141, 827.324035645, 1880.05395508, 388.986572266, 153.962417603, 601.083374023, 601.725036621, 801.285644531, 1366.72338867, 1648.47021484, 3143.92626953, 317.24432373, 115.987251282, 58.0921707153, 5.35458564758, 3.62007665634, 4.02059459686, 4.60575628281, 6.46991586685, 12.3785524368, 3.27385449409, 0.351092040539, 0.220881536603, 0.536910712719, 0.0432289130986, 0.000122204321087, 2.31260446526e-06, 7.66788943452e-09], "dmean": [0.105996325612, 0.699007332325, 1.23953080177, 3.1223051548, 5.36448907852, 6.99849128723, 5.73644256592, 6.836997509, 10.8265285492, 12.9053163528, 10.6238708496, 11.0786151886, 13.5263051987, 8.35843849182, 8.26354122162, 5.62304449081, 4.33626365662, 7.1580786705, 7.03739595413, 8.79915142059, 12.9487628937, 15.634437561, 15.9500055313, 7.60401773453, 3.69506812096, 1.94719874859, 0.881510436535, 0.680377364159, 0.753257215023, 0.827404141426, 1.20594894886, 1.62885856628, 0.746089696884, 0.231674969196, 0.149179518223, 0.19745002687, 0.0650459676981, 0.0041775656864, 0.000550614844542, 3.70142806787e-05], "max": [4.1571059227, 23.5538749695, 47.3013038635, 105.99193573, 182.205108643, 260.505554199, 402.025115967, 351.745056152, 806.87097168, 1085.21777344, 1251.93066406, 1599.34619141, 1517.05737305, 1934.05639648, 2137.67675781, 1511.19665527, 320.572113037, 936.023071289, 1044.74047852, 1112.66687012, 1114.66333008, 992.74041748, 1875.36425781, 458.032653809, 454.768371582, 359.82913208, 94.2939300537, 80.9788665771, 55.7566337585, 61.2775535583, 58.0836296082, 102.111915588, 49.0576858521, 15.9378252029, 12.7266702652, 25.2806625366, 7.23280525208, 0.243659928441, 0.0253951903433, 0.00185817875899], "var": [0.300876230001, 5.46748399734, 20.9981231689, 64.5411148071, 182.516418457, 289.446563721, 286.107727051, 379.592376709, 2067.76293945, 5491.06738281, 3083.22753906, 3219.6887207, 7660.44091797, 5890.62988281, 8297.76074219, 1545.70239258, 390.744415283, 1470.2043457, 1525.01403809, 2486.78271484, 3420.1171875, 2729.98364258, 6175.83935547, 664.589050293, 220.203109741, 95.1423873901, 13.8871498108, 8.61947536469, 12.0163097382, 11.9463596344, 16.7822952271, 32.4184341431, 6.40750360489, 0.662372946739, 0.367906779051, 0.773329615593, 0.0638816207647, 0.000204720068723, 2.60938782048e-06, 1.05351842805e-08], "mean": [0.327744066715, 1.67996013165, 3.17520523071, 4.69390630722, 8.68889713287, 12.3663520813, 10.9641275406, 13.738702774, 21.6635875702, 28.5653629303, 21.0088939667, 20.5935630798, 26.3016853333, 17.4587059021, 16.9440078735, 10.2916870117, 7.16500282288, 11.8975753784, 12.2542476654, 14.9260950089, 21.1092967987, 24.2210845947, 24.7276859283, 14.1121492386, 7.00581550598, 3.6889154911, 1.66393899918, 1.29139232635, 1.36122786999, 1.40499210358, 1.98976480961, 2.74505376816, 1.18184053898, 0.414174228907, 0.266809821129, 0.301272571087, 0.0898721888661, 0.00555783556774, 0.000623210158665, 6.50408692309e-05]}, "spectral_strongpeak": {"dmean2": 0.527281880379, "median": 0.34065541625, "min": 0, "dvar2": 1.41502821445, "dvar": 0.622792899609, "dmean": 0.316635489464, "max": 17.1603775024, "var": 1.37134635448, "mean": 0.707126140594}, "spectral_energy": {"dmean2": 0.0102894371375, "median": 0.0199197754264, "min": 3.52286400052e-09, "dvar2": 0.000259335443843, "dvar": 0.000129781867145, "dmean": 0.00720928795636, "max": 0.14946551621, "var": 0.000529306591488, "mean": 0.0261742919683}, "average_loudness": 0.770626068115, "spectral_rolloff": {"dmean2": 577.162536621, "median": 516.796875, "min": 21.533203125, "dvar2": 1789198.625, "dvar": 886509.9375, "dmean": 353.689758301, "max": 13695.1171875, "var": 2447690, "mean": 1037.72998047}, "spectral_centroid": {"dmean2": 290.001464844, "median": 789.812744141, "min": 152.658218384, "dvar2": 142087.078125, "dvar": 80013.21875, "dmean": 195.168197632, "max": 11106.7822266, "var": 391005.96875, "mean": 962.955749512}, "pitch_salience": {"dmean2": 0.0987086370587, "median": 0.557746887207, "min": 0.0540238209069, "dvar2": 0.00872826576233, "dvar": 0.00387158733793, "dmean": 0.0647356361151, "max": 0.902915477753, "var": 0.0175873674452, "mean": 0.545594036579}, "spectral_energyband_middle_high": {"dmean2": 0.00201026303694, "median": 0.000751224288251, "min": 2.55631404933e-10, "dvar2": 2.08786968869e-05, "dvar": 9.18562091101e-06, "dmean": 0.00135508284438, "max": 0.0754581838846, "var": 4.84637639602e-05, "mean": 0.00326415966265}, "spectral_contrast_coeffs": {"dmean2": [0.0773371607065, 0.0695052817464, 0.0579488687217, 0.0460625439882, 0.0374431051314, 0.022522425279], "median": [-0.64118629694, -0.711461305618, -0.775490939617, -0.813738167286, -0.777581751347, -0.820941627026], "min": [-0.96698987484, -0.952720344067, -0.964168787003, -0.963500320911, -0.96108853817, -0.958572745323], "dvar2": [0.0044221538119, 0.00346830044873, 0.00233466597274, 0.0015111907851, 0.00100562931038, 0.000460165785626], "dvar": [0.00179928238504, 0.00145390012767, 0.00101827771869, 0.000594907382037, 0.000422886980232, 0.000194146021386], "dmean": [0.0487334989011, 0.0431623831391, 0.0366915650666, 0.0282056741416, 0.0235516056418, 0.0142353773117], "max": [-0.280161440372, -0.345238178968, -0.420616805553, -0.530343949795, -0.542202591896, -0.63161033392], "var": [0.0108068445697, 0.00628085248172, 0.00580546632409, 0.00227209739387, 0.00201855832711, 0.00107354158536], "mean": [-0.623435378075, -0.704502284527, -0.763223588467, -0.805679738522, -0.773345887661, -0.818158149719]}, "melbands_skewness": {"dmean2": 1.10054063797, "median": 2.94282484055, "min": -1.78016793728, "dvar2": 1.44923841953, "dvar": 0.739392638206, "dmean": 0.752849638462, "max": 16.4990615845, "var": 4.83225440979, "mean": 3.40344190598}, "spectral_spread": {"dmean2": 888255.4375, "median": 4282351.5, "min": 849985.125, "dvar2": 1243503919100.0, "dvar": 749740425216, "dmean": 653294.125, "max": 40249456, "var": 3707211612160.0, "mean": 4522265}, "dissonance": {"dmean2": 0.0338030345738, "median": 0.458844155073, "min": 0.109543561935, "dvar2": 0.000969138985965, "dvar": 0.000415243761381, "dmean": 0.0208439454436, "max": 0.5, "var": 0.00162935035769, "mean": 0.448887139559}, "spectral_skewness": {"dmean2": 0.434511750937, "median": 1.96444714069, "min": 0.0121187949553, "dvar2": 0.29568451643, "dvar": 0.127606123686, "dmean": 0.284272164106, "max": 8.37850952148, "var": 0.626565277576, "mean": 2.12798571587}, "spectral_flux": {"dmean2": 0.032378681004, "median": 0.0487810224295, "min": 3.25785804307e-05, "dvar2": 0.00167475570925, "dvar": 0.000840616819914, "dmean": 0.0216293260455, "max": 0.304302424192, "var": 0.00217063981108, "mean": 0.063307531178}, "spectral_contrast_valleys": {"dmean2": [0.633239746094, 0.590997338295, 0.61329972744, 0.559700846672, 0.449495971203, 0.427746474743], "median": [-7.04713773727, -6.94317150116, -7.99182510376, -8.33861732483, -8.12869930267, -10.494096756], "min": [-27.7596530914, -28.118221283, -27.2560577393, -27.2057247162, -27.1167640686, -27.2739868164], "dvar2": [0.338610082865, 0.321232974529, 0.384698480368, 0.38431853056, 0.302704811096, 0.31011480093], "dvar": [0.190758705139, 0.156051427126, 0.187393039465, 0.194322347641, 0.17584656179, 0.206970945001], "dmean": [0.423462897539, 0.374477267265, 0.395141750574, 0.369611561298, 0.326197773218, 0.370747536421], "max": [-5.12111234665, -4.48537683487, -5.37008714676, -5.66051244736, -5.71928834915, -7.92341756821], "var": [1.64897334576, 0.722514688969, 0.981071293354, 1.14107120037, 1.33477139473, 1.65734112263], "mean": [-7.40625333786, -6.98080444336, -7.93866539001, -8.27836036682, -8.22187423706, -10.6597089767]}, "erbbands_flatness_db": {"dmean2": 0.0254880897701, "median": 0.158457800746, "min": 0.0193177461624, "dvar2": 0.000713455665391, "dvar": 0.000406603503507, "dmean": 0.0192360244691, "max": 0.373215645552, "var": 0.00271868007258, "mean": 0.161797240376}, "spectral_energyband_high": {"dmean2": 0.00024317012867, "median": 0.000100810917502, "min": 4.33182933968e-11, "dvar2": 3.36294050385e-07, "dvar": 1.75249226686e-07, "dmean": 0.00018721264496, "max": 0.00894344318658, "var": 4.9853292694e-07, "mean": 0.000366403633961}, "spectral_entropy": {"dmean2": 0.268264204264, "median": 7.29900932312, "min": 4.60977506638, "dvar2": 0.0935794115067, "dvar": 0.0536176599562, "dmean": 0.199850931764, "max": 9.80088615417, "var": 0.381280630827, "mean": 7.22949504852}, "silence_rate_20dB": {"dmean2": 0, "median": 1, "min": 1, "dvar2": 0, "dvar": 0, "dmean": 0, "max": 1, "var": 0, "mean": 1}, "melbands_flatness_db": {"dmean2": 0.0368163250387, "median": 0.257434546947, "min": 0.0409593991935, "dvar2": 0.00168253842276, "dvar": 0.00100769975688, "dmean": 0.0272393729538, "max": 0.64916574955, "var": 0.00889890547842, "mean": 0.264976739883}, "barkbands": {"dmean2": [0.000245059229201, 0.00479902373627, 0.0020937633235, 0.00174208893441, 0.0031293570064, 0.00127326173242, 0.00125915196259, 0.000767816207372, 0.000776081578806, 0.000528931384906, 0.000373272428988, 0.000233049126109, 0.000155420813826, 0.000252186961006, 0.000224401330343, 0.00033057492692, 0.000541788467672, 0.000402055156883, 0.000163892385899, 6.32405572105e-05, 2.69644351647e-05, 3.15892284561e-05, 5.32539888809e-05, 8.20908389869e-05, 2.74778540188e-05, 5.47537892999e-05, 4.03595277021e-06], "median": [2.15225336433e-05, 0.00297902687453, 0.000584923429415, 0.000586713431403, 0.00207034870982, 0.000891676405445, 0.000353295064997, 0.000212966639083, 0.000207657940337, 5.83661239943e-05, 6.10281822446e-05, 3.80705569114e-05, 2.00901104108e-05, 3.10791365337e-05, 3.5205954191e-05, 5.04626259499e-05, 6.61081503495e-05, 7.0751804742e-05, 4.44137622253e-05, 1.76681587618e-05, 5.83772407481e-06, 5.38166204933e-06, 1.07842424768e-05, 2.20903675654e-05, 1.06558200059e-05, 9.25233325688e-06, 3.49937323563e-07], "min": [1.69795132815e-11, 9.76248387685e-11, 1.0145939644e-10, 3.10679093563e-10, 3.80635911679e-10, 5.28241617115e-11, 4.71248699785e-11, 4.26221627436e-11, 5.10775727269e-11, 4.6119837116e-11, 9.52629294892e-12, 1.28964807583e-11, 1.05664548292e-11, 1.60480084083e-11, 1.72085297401e-11, 1.07135246855e-11, 1.71606825972e-11, 1.23238147118e-11, 1.09263804601e-11, 3.54364562867e-12, 6.22113775425e-12, 2.30505827099e-12, 6.59770415384e-12, 8.35701906982e-12, 6.26272774959e-12, 6.6515824966e-12, 6.12089762556e-12], "dvar2": [4.12467869637e-07, 0.000132265442517, 2.3558817702e-05, 1.41963146234e-05, 2.95614045172e-05, 6.0798438426e-06, 9.36266678764e-06, 4.95226186104e-06, 5.73904208068e-06, 3.42789667229e-06, 3.21272136716e-06, 5.9073806824e-07, 2.15282298655e-07, 1.05412527773e-06, 4.14803849935e-07, 7.97434722699e-07, 2.46754916589e-06, 1.41838427226e-06, 1.99489107899e-07, 5.89978874643e-08, 5.03592678669e-09, 7.28971061292e-09, 1.38362734603e-08, 3.83582694496e-08, 6.80136391651e-09, 4.09528588818e-08, 1.22469534514e-10], "dvar": [1.55662220891e-07, 5.80557752983e-05, 9.06541845325e-06, 5.68960103919e-06, 1.13628266263e-05, 2.45512205765e-06, 4.52602216683e-06, 2.5725728392e-06, 2.60249953499e-06, 1.61699949786e-06, 1.53382495682e-06, 2.73401894901e-07, 8.54128430205e-08, 4.73662822742e-07, 1.68194304706e-07, 3.30113891778e-07, 9.14272106911e-07, 7.0268873742e-07, 7.63068115361e-08, 2.28634924326e-08, 2.23291096724e-09, 3.58678353685e-09, 6.84969014841e-09, 1.89673876605e-08, 3.02972980037e-09, 1.72286771516e-08, 5.41826028488e-11], "dmean": [0.0001513788593, 0.0032070663292, 0.00131502235308, 0.00111017317977, 0.00195065245498, 0.000792708538938, 0.000847218034323, 0.00051509210607, 0.000512462691404, 0.000352942792233, 0.000244703231147, 0.000143748911796, 9.57678275881e-05, 0.000165259174537, 0.000140053452924, 0.000205331336474, 0.000328279915266, 0.000257259322098, 0.000102590231108, 4.06323997595e-05, 1.8127144358e-05, 2.24465256906e-05, 3.89533488487e-05, 6.04629640293e-05, 1.93998057512e-05, 3.82713551517e-05, 2.69471479442e-06], "max": [0.00501838419586, 0.11988786608, 0.050843000412, 0.0368269532919, 0.0492331124842, 0.0453648194671, 0.051329113543, 0.0463477447629, 0.0506050921977, 0.0548094436526, 0.0613685809076, 0.0307066403329, 0.00836849398911, 0.0241820458323, 0.0141943786293, 0.0169788543135, 0.0278757028282, 0.0271827951074, 0.0100588006899, 0.00855268258601, 0.00160250184126, 0.00165868841577, 0.00186107261106, 0.00378522416577, 0.00127820414491, 0.00413482729346, 0.000130906191771], "var": [6.13091799551e-07, 0.000166536352481, 1.67309553945e-05, 7.67957044445e-06, 2.07268003578e-05, 5.36979860044e-06, 1.55978341354e-05, 7.28249688109e-06, 6.68580059937e-06, 6.99063775755e-06, 6.43728481009e-06, 8.81234541339e-07, 1.7397654517e-07, 1.14558656605e-06, 4.58296142369e-07, 8.20594948436e-07,