{"tonal": {"thpcp": [1, 0.486995905638, 0.246110185981, 0.222264871001, 0.168358713388, 0.218716368079, 0.343728482723, 0.348992198706, 0.51317691803, 0.556358993053, 0.277770221233, 0.230311214924, 0.313971012831, 0.246268346906, 0.320457994938, 0.489809423685, 0.34502068162, 0.181610375643, 0.174413755536, 0.172986209393, 0.499141931534, 0.8289052248, 0.509461164474, 0.160573810339, 0.13068844378, 0.159353405237, 0.404135048389, 0.597858250141, 0.463118523359, 0.353940814734, 0.327612489462, 0.22796022892, 0.223617762327, 0.271898597479, 0.355587720871, 0.861566245556], "hpcp": {"dmean2": [0.227653384209, 0.182204604149, 0.134745910764, 0.110901415348, 0.0917029455304, 0.103408195078, 0.129423171282, 0.15198071301, 0.157571688294, 0.12347086519, 0.116540528834, 0.105703614652, 0.115838102996, 0.106111817062, 0.112803786993, 0.106530621648, 0.120568044484, 0.0980295687914, 0.101517096162, 0.106866531074, 0.151967525482, 0.175461903214, 0.162653937936, 0.102225594223, 0.0906953290105, 0.110417380929, 0.152832210064, 0.184532240033, 0.217823147774, 0.16588498652, 0.147430449724, 0.130914673209, 0.119776464999, 0.127861186862, 0.159577488899, 0.222004950047], "median": [0.0988473072648, 0.0532379075885, 0.0139155201614, 0.0096999136731, 0.00846791826189, 0.0165882110596, 0.0252613462508, 0.0347183868289, 0.0186545774341, 0.0140599822626, 0.012552600354, 0.020256286487, 0.0257464554161, 0.0236049965024, 0.0168249420822, 0.0139129906893, 0.0123223308474, 0.0108942864463, 0.00844221375883, 0.0113252187148, 0.0665590912104, 0.103148177266, 0.0561912208796, 0.00780390528962, 0.0048634535633, 0.00590725895017, 0.0120815271512, 0.0203604698181, 0.0251947008073, 0.0167027302086, 0.0112648122013, 0.00823305733502, 0.0152900796384, 0.0206264648587, 0.0345457494259, 0.0700490772724], "min": [0, 0, 0, 0, 0, 0, 0, 0, 0, 0, 0, 0, 0, 0, 0, 0, 0, 0, 0, 0, 0, 0, 0, 0, 0, 0, 0, 0, 0, 0, 0, 0, 0, 0, 0, 0], "dvar2": [0.121957138181, 0.0884744897485, 0.0787950828671, 0.0655379593372, 0.0536997802556, 0.0574884973466, 0.0658971592784, 0.0745259076357, 0.079638056457, 0.0679918527603, 0.0599792785943, 0.0510927215219, 0.052091114223, 0.0502169951797, 0.0535012483597, 0.0598586089909, 0.0607800558209, 0.0526915639639, 0.0667336285114, 0.0610976591706, 0.0650345236063, 0.0815802589059, 0.078186430037, 0.0621422715485, 0.0568272210658, 0.067143112421, 0.089363515377, 0.10743033886, 0.140042409301, 0.0937580242753, 0.0799826011062, 0.0857482627034, 0.070204384625, 0.0729622244835, 0.0745065137744, 0.117642894387], "dvar": [0.0490747392178, 0.0330005176365, 0.02881719172, 0.0237971320748, 0.019254848361, 0.0212749876082, 0.0251610148698, 0.0280930884182, 0.0314287804067, 0.0288270227611, 0.0226801093668, 0.0199190098792, 0.0208270139992, 0.0189054552466, 0.0200188793242, 0.024825932458, 0.0233261622488, 0.0195606164634, 0.024518514052, 0.0223177690059, 0.0245899967849, 0.0335615612566, 0.029431739822, 0.0234575718641, 0.0207084920257, 0.0240406095982, 0.032439801842, 0.0421066433191, 0.0532478615642, 0.0375814922154, 0.0334533303976, 0.0316915586591, 0.0255221426487, 0.0267838276923, 0.0265285652131, 0.0450664423406], "dmean": [0.134010136127, 0.10646583885, 0.0761030167341, 0.0627769827843, 0.0518582351506, 0.0594605877995, 0.0772232636809, 0.0874617174268, 0.091180883348, 0.0726891458035, 0.0659129992127, 0.0611714869738, 0.0677144825459, 0.0616791024804, 0.0662368535995, 0.061328727752, 0.0689769163728, 0.0548726096749, 0.0565252043307, 0.0594608597457, 0.0891250446439, 0.105236746371, 0.094569966197, 0.0573133789003, 0.0500598698854, 0.0601600408554, 0.0858072862029, 0.106564462185, 0.125288113952, 0.0960810482502, 0.0862059369683, 0.0734818577766, 0.0678753852844, 0.0731172710657, 0.0914947390556, 0.127998247743], "max": [1, 1, 1, 1, 1, 1, 1, 1, 1, 1, 1, 1, 1, 1, 1, 1, 1, 1, 1, 1, 1, 1, 1, 1, 1, 1, 1, 1, 1, 1, 1, 1, 1, 1, 1, 1], "var": [0.141587227583, 0.0450865700841, 0.0280741136521, 0.0272521153092, 0.0183782428503, 0.0206020772457, 0.03794593364, 0.0336132571101, 0.0792099833488, 0.104273788631, 0.0300702080131, 0.0214007701725, 0.0325219035149, 0.0207489486784, 0.0356412082911, 0.0949529409409, 0.0461101792753, 0.0186756700277, 0.0234420485795, 0.0182675421238, 0.0436848625541, 0.106695458293, 0.0502265803516, 0.0189023055136, 0.0160072408617, 0.0180026795715, 0.0612154304981, 0.0974253192544, 0.0607073865831, 0.0463233441114, 0.0433460138738, 0.0287020355463, 0.0237711779773, 0.030606944114, 0.0283887591213, 0.121988900006], "mean": [0.305140376091, 0.148602113128, 0.075098156929, 0.0678219869733, 0.0513730421662, 0.0667391940951, 0.104885436594, 0.106491610408, 0.156590998173, 0.169767588377, 0.0847589075565, 0.0702772513032, 0.0958052352071, 0.0751464143395, 0.0977846756577, 0.149460628629, 0.105279736221, 0.0554166585207, 0.0532206781209, 0.052785076201, 0.152308359742, 0.252932459116, 0.155457168818, 0.0489975549281, 0.0398783199489, 0.0486251600087, 0.123317919672, 0.182430684566, 0.14131616056, 0.108001634479, 0.0999678000808, 0.0695598721504, 0.068234808743, 0.0829672366381, 0.108504168689, 0.262898653746]}, "tuning_equal_tempered_deviation": 0.0409480184317, "chords_changes_rate": 0.0593990199268, "key_key": "A", "tuning_diatonic_strength": 0.52179890871, "key_scale": "major", "chords_number_rate": 0.00384346605279, "tuning_frequency": 437.718536377, "tuning_nontempered_energy_ratio": 0.696245133877, "chords_histogram": [22.2222213745, 1.92173302174, 5.2410902977, 0.593990206718, 0.559049606323, 0.139762401581, 10.5870018005, 0, 0.0349406003952, 0.209643602371, 0, 1.85185182095, 0.0349406003952, 0.87351500988, 0, 0.80363380909, 0.244584202766, 24.2837181091, 8.45562553406, 3.70370364189, 0.209643602371, 1.36268341541, 14.6051712036, 2.06149554253], "key_strength": 0.659926593304, "chords_key": "A", "chords_strength": {"dmean2": 0.00851749349385, "median": 0.550712704659, "min": -1, "dvar2": 0.00116699386854, "dvar": 0.0006569607649, "dmean": 0.00942682195455, "max": 0.766012430191, "var": 0.0325179211795, "mean": 0.528570771217}, "chords_scale": "minor", "hpcp_entropy": {"dmean2": 0.945598125458, "median": 1.59173727036, "min": 0, "dvar2": 0.725411713123, "dvar": 0.282093495131, "dmean": 0.560322642326, "max": 4.46731805801, "var": 0.569801747799, "mean": 1.4934194088}}, "metadata": {"audio_properties": {"equal_loudness": 0, "codec": "mp3", "downmix": "mix", "sample_rate": 44100, "analysis_sample_rate": 44100, "bit_rate": 128025, "md5_encoded": "50d9573337f636cc8f4437efcfedff1a", "length": 132.83265686, "replay_gain": -4.65319252014, "lossless": false}, "version": {"essentia_build_sha": "2d9f1f26377add8aeb1075a9c2973f962c4f09fd", "essentia": "2.1-beta2", "extractor": "music 1.0", "essentia_git_sha": "v2.1_beta2-1-ge3940c0"}, "tags": {"title": ["Thousand Miles Away"], "language": ["eng"], "acoustid_fingerprint": ["AQADtEyS5JEmPDDxUsWXEQ9uE9eNXkjqI3-O5ywq7jm25GBO9B-m_DiD77iG503wqAh_JM9JnPA19MKpDZHzgxeUJ08ShB78oM944fgTC2eOOkoLH7eCi8uQrEduDSe-H41zTPpwvtgZHL-Pvj181MaHy7icaMfzYJp4_MgOcT9eI32P6xmmfNHxOLgUHU0oocvgSeGDXJDHPES6JU9wMTO-FOdzND3RP8GJLtONhj3iEj9-iO_x7BlO5XiOSifM9SilPHiP87iM6WYQ5jsm54cj-ThxrT28o9aRU8mhkriOHlqiyEUu5cR7wSGV48ly4Qn8HD-uH8-hiVuOJikd5PiRP-h3PMfFLIUl7kS5XMf4CndmMOvR5Md3TEyWHM2PSPoglyry6AXXw5Vk7DqcdUFz4slx3egDezqaVsR1VI7yoVGPI3kiqsinpWiqD91xKQ0uWujho0TOMHEgPtFx43GDMNayo_tx4V-C8CyaKPpwEU-ScIFPEj9-nDkeRQ-hHz--o_kTaJT0CXmSCNdzWJWO58TXJuiPjhZyF8mToz6aqs3xRFo-3DryS9Av5KLRiMnCoLqHvIeilLLhNAxCShmup_gXMM_RhMlx404SCqmqQ3_AD-GU6EFTG-OP5kh_tEuJ54S6PBSa98bTK7AmiugDLaGDXiKUR8NSH_GHTntweIpwESeSIzw-3PnwHrX4SPAXjL7BoySNWz6mOhsaxcedSiIu5kEy50J8WMkeohITIc8JPQ1yH83xB80S2zgT-MeP72iulCiT_Xh27EbO7NAlE_l04Sf6HNcDi5qF6fiPG80iH7Vy3Edz1DIuNBUqeUMexpDDjAilhSmaH7dxoVlZFn2GHs2H3zreiES6NE-RfEMlEr2W4m2K94elH3-K5Ed-lB8aR8OT43_wxhNC6WmGhNM29PgZnBbeZStKKUeDXIOaSTnmFxduHPtR8Xhp_EHDJjku9hCehCxKHQ2tCv-JHaIUHmGm6BGq0-BxoZSi5EHD5Exw6saPZLmOkPhyuLGDfbhzNA_CJ0l0qBnyBn-Ep0uEFz726bjzIMvewZGEOlpioth-oVdx6NEj4kIVhnnQ7JbwPceUZIcYyUEphfikgD0b7Ic-ofKJJzCjID9y2fCh5dlxRD_eo3Ye9Dr4HSdToz2mrDPxKziaMVHUoNo2EckRE43TGlWiHZ-Os0hi5PvRjMmOSzmaYKU4RcEfGc9QSjwsL_jhBw6VXEPV7EG-i4NqoewQhg9e4zLs9MR3OEqcCmd4oM2FZvjQiEYt44mJcN0TaImYpchz2OGRa7lwOC_k8Phy5PrxxsX1BI0SoiRHHC98ZgwuN8gbyEq-UIhptMuaJPAlEqWo4OHxh_AnxGLy4El0CZUkxkX6GWWY-DiB_WDyLwivhQoegZOxalnQfEYpHccj7Dm0hD_64L2G72j2g7FyaE6EMMfckDCPDz9OI9l5pIlGRzjRNDqPh-gpolme48R3NNeHZG8exA-HZ7px45RxNOPyo--xcxQegk9OhNQUw-xR4gyJzhvRhKS04sGPiR8aTsfFB_kRXkd_4cd1hM8vNFVx5_iO_8FzlEVTZkg-5cgnwh_GJw5KwYtugbFKJfjFIRekPTmiHtfxRORxPfAdXPiPL8lwJzre4zqucEd4iAiZScnxC49jBblkCn3IBfpypD3aH7_xfbgkHdeDz-jiHAkRRlG0HA-aZw-mJ_ieEDeurFGQPyf0IITx-fDgLgPzMA--Ds24oFcmXDkQ6jtsHWoeZD_2osfx4PiQKymF5OeE7zGeJUdPOBd6Cc-JpxbCXymSZcnxHj_x3GiuGM_x5At-IU9yPJaQ7keTeBY-Hsdzo4nkFP1jPB-SKjxyNLWJZ0qDc_gYoQuPf3jCwOuF5ynyH82VZEIkMrh2PP3gHFd21B98VUiWI5eOX1rQlwuaWSl-8MePWTvicYeW8zgu7MjlwxZd5A9yC81xHj9-wQtpfKiPZLF4XAjRnAFr5aBd4s-xfhP-o4er0HiQHzuDKk2gI37y4NIlfImk4nGegwlRtnixB9VToWmSh8F1PCV-p3A3_MGjI0z3FDfynUJdxcEv_EfzJ-gTD3-OH7MSBmy44-bBRznSkC9kZkfOo-xgHp5GGVWLaxeFg9rx48qPhiiLHkemokyS5FB15MqIN0cltsLUiBzK6QhTQc-Qo5TyCmYSRvCJ_viRUzq0ZiPCZEmWMMFf3IMjDj_uYrqGZjw-3J_wN4GiRTH-w_xRvviD68QTHf2JfEfyKEa0BEy5HCP1Ik-Ahs-L6cPDR3ik48kRKYfWnIieXEGuB1QFPcGpZDRSafvxH3xygZczJEsdhFWMJ4b74he-ozzC7IfkHKfgC9cOFc-LPwOvD75w6CrGaT0-nGmCR5GPmD2aHP14PA885sSjL4jjJSJ0lCca8gquY3Ie_FpSJIoSagdn4jEmhxcHVzv8PMFL3MejFJWmHPmGJGeWCpdQC0wWFZfEOEF3qbB-MLKC74i8XNBD8eiZMGimqTrURkec4ZPwPMW_4HyDxlmESsmC57pwPkmxP0Kyx-gR-WilB813_LjhHmcuwjEfPEuJP2iaBEkp5QijSsFOHc0uVLxCPMmn4CX-H0muI4xRCm2PZs6OZ8F15GEcot7R7Lhy5L2HB19qXENzlDn6PUiWTjpCPSyaf8WPz0L8QJvGdMjhHFtFS8WTRDEeGT-oHMl2xMsxSUvQnDzO4GU2XBf240-4IBczvFoP_ah-XGqEZKkWCSyPOzcARQZAQEAuhRCIEMGJEFQgJQgh1BmCACAEQCwIEoISgQyjkAgsAJGAKMuKEEIgxABRgADjBFAAICWUc0QoAJAhwAgiKCEEEg2AQUQAKJBQAAlnhEAAMAGEAgYpL4wwAgmmDEFEGGWB58QYgCAAQggDBCCKACQkQQARBBxC1HEBDAhCCYYAB0AYIYgCixBAGCDOOICAYoYQhogQBAggGEEAKiQUEIAQYxAxwhABiBLEIkAA9AYhBCxSBAghlDBGIoDAVA4hwIQwGgACEKDSOESMEsQBYS1wBAiClBIIIIGIEggQBwRQlBmlCFBObKIAEIwAwAAxAgCrgDACIgCQEM4gRggBEDBEBBPAAgIUA0CRQYSiABABmEJAUeCEAAgRxhiQQAjiFBEAAGGMQAYoIwFAWihgmFNMKECAIQI4wYwVjAgEkHGCKAaVIAAAggBSglnECJFCEIacUUIRhRQYgAoAEHNEGSMEIAQJIJhAYCkHiCbEIEKIcdohRhgAgCpAGAIAAECIQIQKQAAQwDGHJCSICAiEYYg4owQBABplgKDMEOAYcEAJZ4AhSAlEGREKIMGIAsYyAIAQgBhGECAUGAEdJAYgBZBIBABiFADOGAwAogJARSxTDAiAhBTEKMAAAgQABYxDgCDilHCCAGMQUkA4pBABDmhKDBGCAUOAAogBQhExBDBphMIEAOHEEQIAh4DFijjwHEIMAEQAYgIJZywBRAEgBNMGIUiBIYIggpABQjAEiBAAIG2AYAAAQxQhhiNAiECXAicEgVIAgpxwRDBMhBLIAYAIAJIo4ghxRhmjgALIAEEMQYAxZggxxgAgADBEMA-4AJASRolghAiCBFFQEcEQQIYAwogC0AAEjCGAAiOEJRIwYzBgACAKhBAEWKaYQEIQABQSQGmhCACKESIYM8oIhYhgAAAirGMMGaScgAI4xpAEAAAAqDCSfATBUBwAYoUCyhAAAFBAEEEAAA"], "date": ["1968"], "genre": ["Soul"], "musicbrainz album type": ["Album"], "musicip_puid": ["e842db8b-526d-c605-674f-cf583406945f"], "musicbrainz_recordingid": ["031e23a0-7344-41e4-9f3d-1f110ddf94ff"], "musicbrainz_albumartistid": ["82b1f5fd-cd31-41a9-b5d4-7e33f0eb9751"], "musicbrainz_albumid": ["75df6e3d-73eb-4117-b0e3-b46b8a7f3003"], "artist": ["Otis Redding"], "tracknumber": ["05/11"], "bpm": ["111.29"], "album": ["The Immortal Otis Redding"], "musicbrainz album release country": ["United States"], "acoustid_id": ["ed3aece8-4d42-49f5-8b9c-3685c8786732"], "musicbrainz_artistid": ["82b1f5fd-cd31-41a9-b5d4-7e33f0eb9751"], "file_name": "Otis Redding - Thousand Miles Away.mp3"}}, "rhythm": {"bpm_histogram_first_peak_bpm": {"dmean2": 0, "median": 101, "min": 101, "dvar2": 0, "dvar": 0, "dmean": 0, "max": 101, "var": 0, "mean": 101}, "bpm": 101.190177917, "bpm_histogram_second_peak_spread": {"dmean2": 0, "median": 0.448717951775, "min": 0.448717951775, "dvar2": 0, "dvar": 0, "dmean": 0, "max": 0.448717951775, "var": 0, "mean": 0.448717951775}, "bpm_histogram_first_peak_weight": {"dmean2": 0, "median": 0.280303031206, "min": 0.280303031206, "dvar2": 0, "dvar": 0, "dmean": 0, "max": 0.280303031206, "var": 0, "mean": 0.280303031206}, "onset_rate": 2.94310307503, "beats_position": [0.383129239082, 0.766258478165, 1.14938771725, 1.53251695633, 1.92725622654, 2.32199549675, 2.71673464775, 3.09986400604, 3.48299312592, 3.87773227692, 4.27247142792, 4.67882061005, 5.08516979218, 5.47990942001, 5.87464857101, 6.26938772202, 6.66412687302, 7.05886602402, 7.45360517502, 7.84834432602, 8.24308395386, 8.63782310486, 9.03256225586, 9.42730140686, 9.82204055786, 10.2167797089, 10.6115188599, 11.017868042, 11.4242172241, 12.0163259506, 12.6084346771, 13.1889343262, 13.8274831772, 14.4892511368, 15.1626300812, 15.8243989944, 16.4745578766, 17.1479358673, 17.8213157654, 18.4598636627, 19.0751914978, 19.667301178, 20.247800827, 20.8399085999, 21.4204082489, 22.0125160217, 22.6046257019, 23.1967334747, 23.7772331238, 24.369342804, 24.9614505768, 25.5419502258, 26.1224479675, 26.7029476166, 27.2834453583, 27.8755550385, 28.4560546875, 29.0481624603, 29.6402721405, 30.2323799133, 30.8244895935, 31.4165973663, 32.0087051392, 32.6008148193, 33.1929244995, 33.7850341797, 34.3771438599, 34.9692497253, 35.5613594055, 36.1534690857, 36.7455787659, 37.3376846313, 37.9297943115, 38.5219039917, 39.1140136719, 39.6945114136, 40.2750091553, 40.8671188354, 41.4592285156, 42.0397262573, 42.6318359375, 43.2239456177, 43.8160552979, 44.3965530396, 44.9770507813, 45.5691604614, 46.1612701416, 46.7649879456, 47.3570976257, 47.9492073059, 48.5645332336, 49.1566429138, 49.748752594, 50.3408622742, 50.9329681396, 51.5250778198, 52.1171875, 52.7092971802, 53.3130149841, 53.9167327881, 54.5320625305, 55.1125602722, 55.6930618286, 56.2735595703, 56.854057312, 57.4461669922, 58.0382766724, 58.6303825378, 59.2341041565, 59.8378219604, 60.4299316406, 61.0220413208, 61.6141471863, 62.2062568665, 62.8099746704, 63.4136962891, 64.0058059692, 64.6095199585, 65.2016296387, 65.8053512573, 66.4206771851, 67.0127868652, 67.6165084839, 68.2202224731, 68.6381835938, 69.0445327759, 69.4624938965, 69.8688430786, 70.2635803223, 70.6583175659, 71.064666748, 71.4710159302, 71.8657608032, 72.2721099854, 72.6784591675, 73.0731964111, 73.4795455933, 73.8742828369, 74.2690200806, 74.6753692627, 75.0817184448, 75.488067627, 75.8944168091, 76.3007659912, 76.6955108643, 77.0902481079, 77.49659729, 77.9029464722, 78.3092956543, 78.7156448364, 79.1103820801, 79.5051269531, 79.8998641968, 80.2946014404, 80.6893386841, 81.0840835571, 81.4788208008, 81.8735580444, 82.2682952881, 82.6514282227, 83.0345535278, 83.44090271, 83.835647583, 84.2419967651, 84.6367340088, 85.0430831909, 85.4378204346, 85.8325576782, 86.2389068604, 86.6452560425, 87.0516052246, 87.4579544067, 87.8643035889, 88.2590484619, 88.665397644, 89.2575073242, 89.849609375, 90.4417190552, 91.0222167969, 91.6143264771, 92.2064361572, 92.7869338989, 93.3790435791, 93.9827651978, 94.5864868164, 95.1902008057, 95.7823104858, 96.3628082275, 96.9549179077, 97.5470275879, 98.1391372681, 98.7312469482, 99.3233566284, 99.9154663086, 100.507568359, 101.09967804, 101.680175781, 102.272285461, 102.864395142, 103.456504822, 104.048614502, 104.640724182, 105.244445801, 105.859771729, 106.463493347, 107.078819275, 107.694145203, 108.297866821, 108.90158844, 109.528526306, 110.039360046, 110.550201416, 111.049430847, 111.548660278, 112.047889709, 112.547119141, 113.034736633, 113.522354126, 114.009971619, 114.485984802, 114.961990356, 115.449615479, 115.914009094, 116.378410339, 116.842811584, 117.318817139, 117.748390198, 118.166343689, 118.58430481, 118.990653992, 119.397003174, 119.803352356, 120.209701538, 120.61605072, 121.022399902, 121.440361023, 121.835098267, 122.22983551, 122.647796631, 123.065757751, 123.448883057, 123.820404053, 124.191925049, 124.575057983, 124.900131226, 125.225212097, 125.561904907, 125.898590088, 126.235282898, 126.571968079, 126.89704895, 127.222129822, 127.558815002, 127.988388062, 128.417953491, 128.847518921, 129.277099609, 129.625396729, 129.973693848, 130.321990967, 130.670288086, 131.018585205, 131.366897583, 131.715194702, 132.063491821], "beats_loudness": {"dmean2": 0.0452991724014, "median": 0.0231800712645, "min": 6.0910823052e-09, "dvar2": 0.00155484152492, "dvar": 0.000523605616763, "dmean": 0.0243706163019, "max": 0.13472867012, "var": 0.000657883123495, "mean": 0.029033543542}, "danceability": 1.07305324078, "bpm_histogram_second_peak_weight": {"dmean2": 0, "median": 0.162878781557, "min": 0.162878781557, "dvar2": 0, "dvar": 0, "dmean": 0, "max": 0.162878781557, "var": 0, "mean": 0.162878781557}, "beats_count": 265, "bpm_histogram_second_peak_bpm": {"dmean2": 0, "median": 152, "min": 152, "dvar2": 0, "dvar": 0, "dmean": 0, "max": 152, "var": 0, "mean": 152}, "bpm_histogram_first_peak_spread": {"dmean2": 0, "median": 0.388429760933, "min": 0.388429760933, "dvar2": 0, "dvar": 0, "dmean": 0, "max": 0.388429760933, "var": 0, "mean": 0.388429760933}, "beats_loudness_band_ratio": {"dmean2": [0.44015917182, 0.190391510725, 0.363926410675, 0.225102886558, 0.133907407522, 0.130016461015], "median": [0.357574909925, 0.103428356349, 0.138747513294, 0.0639015510678, 0.0643001198769, 0.0380288735032], "min": [0.00404214765877, 0.00350231328048, 0.00443335482851, 0.000954941671807, 0.000178968752152, 0.000588103779592], "dvar2": [0.118176661432, 0.0327189341187, 0.109987668693, 0.0672722384334, 0.0151795800775, 0.0179210789502], "dvar": [0.0418233647943, 0.0123490607366, 0.0382261499763, 0.0249838344753, 0.00564245693386, 0.00678857369348], "dmean": [0.26424112916, 0.111325524747, 0.210463792086, 0.126896694303, 0.0787162408233, 0.0735057741404], "max": [0.975635588169, 0.673127055168, 0.94319486618, 0.900323271751, 0.4894977808, 0.560474395752], "var": [0.0699458867311, 0.0144474068657, 0.0478364601731, 0.0236348211765, 0.00724466936663, 0.00895649939775], "mean": [0.395024240017, 0.136414349079, 0.231454342604, 0.120491869748, 0.0873421877623, 0.0785383656621]}}, "lowlevel": {"barkbands_spread": {"dmean2": 5.74779081345, "median": 17.570514679, "min": 0.473796695471, "dvar2": 57.3366203308, "dvar": 29.5621261597, "dmean": 4.02849626541, "max": 121.695884705, "var": 406.604980469, "mean": 23.193523407}, "melbands_spread": {"dmean2": 8.0184173584, "median": 19.6481819153, "min": 0.826079010963, "dvar2": 168.612991333, "dvar": 81.4984359741, "dmean": 5.51036548615, "max": 244.501327515, "var": 615.420593262, "mean": 26.4576663971}, "hfc": {"dmean2": 6.71139097214, "median": 8.13311576843, "min": 1.20368490472e-16, "dvar2": 248.465072632, "dvar": 114.416549683, "dmean": 4.88176822662, "max": 312.474700928, "var": 399.030853271, "mean": 16.5445404053}, "barkbands_kurtosis": {"dmean2": 3.23312592506, "median": 1.61658203602, "min": -1.88542938232, "dvar2": 61.0747337341, "dvar": 29.8405647278, "dmean": 2.18511652946, "max": 191.604888916, "var": 121.733169556, "mean": 4.90610933304}, "gfcc": {"mean": [-62.3549079895, 94.830619812, -119.983474731, 28.1087875366, -53.8341369629, 9.65565776825, -29.1232280731, 15.3247003555, -22.6337108612, 8.7369260788, -18.7855796814, -0.685894548893, -7.9321641922], "icov": [[0.000281646032818, -0.000888552283868, 0.000791170285083, -0.000730529951397, 0.00103807298001, -0.000813775171991, 0.000594916346017, -0.000703620666172, 0.000705808459315, -0.000561654102057, 0.000795557396486, -0.000511759775691, 0.000413387810113], [-0.000888552283868, 0.00378455454484, -0.00261336518452, 0.0026034056209, -0.00378034519963, 0.00331553793512, -0.00235245353542, 0.00241770921275, -0.00247961049899, 0.00253564072773, -0.00301861763, 0.00315803801641, -0.00162190780975], [0.000791170285083, -0.00261336518452, 0.00360666378401, -0.0021197013557, 0.00257761054672, -0.00266255787574, 0.00244163023308, -0.00304921367206, 0.00190725456923, -0.00114284968004, 0.00296562770382, -0.00251159910113, 0.00314229819924], [-0.000730529951397, 0.0026034056209, -0.0021197013557, 0.00452124234289, -0.00413844129071, 0.00256209797226, -0.00173437269405, 0.00360232405365, -0.00373715837486, 0.00236128875986, -0.00302314362489, 0.00309035042301, -0.00174955860712], [0.00103807298001, -0.00378034519963, 0.00257761054672, -0.00413844129071, 0.00828922912478, -0.00354968686588, 0.000997329130769, -0.0024687256664, 0.00321273319423, -0.00351662072353, 0.00326244859025, -0.00218372954987, 0.00158416572958], [-0.000813775171991, 0.00331553793512, -0.00266255787574, 0.00256209797226, -0.00354968686588, 0.00762600218877, -0.00376340956427, 0.00138185697142, -0.00167917157523, 0.00289495312609, -0.00347492052242, 0.00239041657187, -0.00105748779606], [0.000594916346017, -0.00235245353542, 0.00244163023308, -0.00173437269405, 0.000997329130769, -0.00376340956427, 0.00837301369756, -0.00317819905467, 0.00195606914349, -0.000844324589707, 0.0029225461185, -0.00222714128904, 0.00104733905755], [-0.000703620666172, 0.00241770921275, -0.00304921367206, 0.00360232405365, -0.0024687256664, 0.00138185697142, -0.00317819905467, 0.0129400808364, -0.00472253002226, 0.000503327755723, -0.000899064703844, 0.00142987188883, -0.00317241600715], [0.000705808459315, -0.00247961049899, 0.00190725456923, -0.00373715837486, 0.00321273319423, -0.00167917157523, 0.00195606914349, -0.00472253002226, 0.0124824149534, -0.00504280021414, 0.00290638185106, -0.00108126364648, 0.00241759372875], [-0.000561654102057, 0.00253564072773, -0.00114284968004, 0.00236128875986, -0.00351662072353, 0.00289495312609, -0.000844324589707, 0.000503327755723, -0.00504280021414, 0.0137875732034, -0.00447234325111, 0.00189846893772, -0.00173810671549], [0.000795557396486, -0.00301861763, 0.00296562770382, -0.00302314362489, 0.00326244859025, -0.00347492052242, 0.0029225461185, -0.000899064703844, 0.00290638185106, -0.00447234325111, 0.0157133881003, -0.00534056173638, 0.00231572845951], [-0.000511759775691, 0.00315803801641, -0.00251159910113, 0.00309035042301, -0.00218372954987, 0.00239041657187, -0.00222714128904, 0.00142987188883, -0.00108126364648, 0.00189846893772, -0.00534056173638, 0.017421271652, -0.00604532426223], [0.000413387810113, -0.00162190780975, 0.00314229819924, -0.00174955860712, 0.00158416572958, -0.00105748779606, 0.00104733905755, -0.00317241600715, 0.00241759372875, -0.00173810671549, 0.00231572845951, -0.00604532426223, 0.0188885219395]], "cov": [[22791.9140625, 3266.75585938, -2504.55224609, 673.217163086, -471.551422119, -149.794021606, -8.23617267609, -181.199676514, -99.4977416992, -47.8146133423, -15.1818790436, -381.456604004, 150.002304077], [3266.75585938, 1484.55615234, 10.5290870667, 106.387237549, 172.167617798, -149.692092896, 56.8900260925, -44.1354522705, 22.0199947357, -54.7057876587, -7.7494635582, -139.806137085, -20.9526824951], [-2504.55224609, 10.5290870667, 1054.91967773, -59.9980239868, 45.5508422852, 71.5009689331, -47.910243988, 95.9822463989, 23.6494407654, -40.8130645752, -54.285572052, 24.1417179108, -98.7766799927], [673.217163086, 106.387237549, -59.9980239868, 679.082214355, 207.568283081, -54.0167312622, 4.63174200058, -100.23638916, 86.8710021973, 4.86725187302, 27.4137420654, -76.1014022827, -8.63011932373], [-471.551422119, 172.167617798, 45.5508422852, 207.568283081, 333.527191162, 18.3763923645, 61.9498023987, -19.9332523346, 19.5491085052, 13.9254865646, 2.13447928429, -28.7851696014, -7.66988325119], [-149.794021606, -149.692092896, 71.5009689331, -54.0167312622, 18.3763923645, 258.718505859, 71.2141113281, 34.6291770935, -22.4898471832, -20.5385017395, 1.32612276077, 14.8261489868, -6.09164428711], [-8.23617267609, 56.8900260925, -47.910243988, 4.63174200058, 61.9498023987, 71.2141113281, 189.683670044, 25.2927036285, -8.92565250397, -10.2414569855, -11.5421190262, 1.73827815056, 8.15769386292], [-181.199676514, -44.1354522705, 95.9822463989, -100.23638916, -19.9332523346, 34.6291770935, 25.2927036285, 130.214859009, 20.840089798, 10.3651103973, -18.403459549, 15.6999845505, 4.56958580017], [-99.4977416992, 22.0199947357, 23.6494407654, 86.8710021973, 19.5491085052, -22.4898471832, -8.92565250397, 20.840089798, 128.684402466, 34.6513214111, -2.71129631996, -15.8897333145, -8.75828933716], [-47.8146133423, -54.7057876587, -40.8130645752, 4.86725187302, 13.9254865646, -20.5385017395, -10.2414569855, 10.3651103973, 34.6513214111, 102.396102905, 18.4056282043, 3.36695408821, 7.38883972168], [-15.1818790436, -7.7494635582, -54.285572052, 27.4137420654, 2.13447928429, 1.32612276077, -11.5421190262, -18.403459549, -2.71129631996, 18.4056282043, 89.6422958374, 15.3028497696, 4.62957334518], [-381.456604004, -139.806137085, 24.1417179108, -76.1014022827, -28.7851696014, 14.8261489868, 1.73827815056, 15.6999845505, -15.8897333145, 3.36695408821, 15.3028497696, 92.4801483154, 21.1292381287], [150.002304077, -20.9526824951, -98.7766799927, -8.63011932373, -7.66988325119, -6.09164428711, 8.15769386292, 4.56958580017, -8.75828933716, 7.38883972168, 4.62957334518, 21.1292381287, 72.1064682007]]}, "spectral_energyband_middle_low": {"dmean2": 0.00509049370885, "median": 0.00447778403759, "min": 2.64054211736e-22, "dvar2": 0.000129523003125, "dvar": 5.4302134231e-05, "dmean": 0.0034143247176, "max": 0.186957284808, "var": 0.000136795162689, "mean": 0.00910616666079}, "melbands_crest": {"dmean2": 3.92144846916, "median": 13.5714378357, "min": 1.34223878384, "dvar2": 15.8350009918, "dvar": 6.52220010757, "dmean": 2.50065541267, "max": 33.2712097168, "var": 28.2539329529, "mean": 14.4314060211}, "spectral_kurtosis": {"dmean2": 2.61071491241, "median": 4.63727378845, "min": -1.15613973141, "dvar2": 6.49333333969, "dvar": 2.43919849396, "dmean": 1.56822144985, "max": 29.0111408234, "var": 8.9497089386, "mean": 5.0701675415}, "spectral_rms": {"dmean2": 0.000725380552467, "median": 0.0037598204799, "min": 3.27129252506e-12, "dvar2": 1.3107784298e-06, "dvar": 7.00192515524e-07, "dmean": 0.000529593904503, "max": 0.0164744518697, "var": 4.54360861113e-06, "mean": 0.00384718249552}, "zerocrossingrate": {"dmean2": 0.00876251421869, "median": 0.046875, "min": 0.00537109375, "dvar2": 0.000158397378982, "dvar": 0.000134473637445, "dmean": 0.00752990972251, "max": 0.50146484375, "var": 0.00195451290347, "mean": 0.0566809028387}, "silence_rate_60dB": {"dmean2": 0.0671328678727, "median": 0, "min": 0, "dvar2": 0.0741680562496, "dvar": 0.0324359536171, "dmean": 0.0335605666041, "max": 1, "var": 0.130622401834, "mean": 0.154491439462}, "erbbands_kurtosis": {"dmean2": 1.75505590439, "median": 0.0780992135406, "min": -1.8022685051, "dvar2": 15.2412176132, "dvar": 8.04978275299, "dmean": 1.22842943668, "max": 93.5012283325, "var": 37.5862350464, "mean": 1.93276929855}, "erbbands": {"dmean2": [0.0306721106172, 0.487449496984, 1.15886771679, 1.91878521442, 5.35798692703, 4.30668592453, 4.21607112885, 9.55087566376, 17.257604599, 21.8864269257, 21.3394603729, 26.5231151581, 35.6823959351, 28.3362541199, 21.9493503571, 22.4268951416, 20.5553722382, 20.8322200775, 17.1759414673, 15.7165555954, 15.0592851639, 12.469039917, 12.8283462524, 12.5532083511, 10.1211805344, 9.93121623993, 9.56491184235, 5.80162000656, 2.83266615868, 1.66899549961, 1.47148382664, 1.06076979637, 0.886976480484, 0.586893975735, 0.211452335119, 0.0555403754115, 0.0116608589888, 0.00170326652005, 4.85234741063e-05, 1.03491674963e-05], "median": [0.0368975102901, 0.297386854887, 0.623113393784, 0.390487194061, 1.4131102562, 2.73717594147, 1.95466136932, 2.4372587204, 3.5524392128, 5.0561413765, 5.49752902985, 9.83053207397, 6.75267601013, 5.56193065643, 4.02219963074, 3.62470245361, 4.43752288818, 4.66734457016, 6.28392124176, 4.93972206116, 5.30651092529, 4.30354785919, 3.44947862625, 3.43248939514, 3.29330348969, 2.58407521248, 2.06501078606, 1.45646929741, 0.627353072166, 0.365402579308, 0.187700748444, 0.133667588234, 0.0904619544744, 0.0489545911551, 0.0302540995181, 0.0109841506928, 0.00279648322612, 0.000483049894683, 2.13526254811e-05, 1.84226119018e-05], "min": [8.37415962891e-22, 1.1301413684e-21, 5.68472282718e-21, 3.70308856207e-20, 1.17778964548e-19, 4.5114244493e-19, 3.60740780513e-19, 2.7717441969e-19, 7.63092623246e-19, 2.36162546426e-19, 1.01925308816e-18, 6.67232833407e-19, 1.47430220373e-18, 3.2614405996e-18, 8.50572866686e-18, 5.94616674023e-18, 5.66814141019e-18, 5.89183007297e-18, 1.09404959224e-17, 7.8206295594e-18, 7.78060228956e-18, 7.56720540795e-18, 9.53118364506e-18, 1.77064362864e-17, 2.09951608181e-17, 1.73201081988e-17, 1.54736160784e-17, 1.58539454523e-17, 1.4727586847e-17, 1.26991745489e-17, 2.03941297307e-17, 1.33494361177e-17, 1.35122293982e-17, 1.14036219397e-17, 9.74487583014e-18, 6.86588570227e-18, 3.24506593899e-18, 1.6655825505e-18, 3.27012413488e-19, 3.74764354716e-20], "dvar2": [0.0117218829691, 5.04164266586, 30.8735351563, 56.0881729126, 511.011108398, 124.210151672, 146.676620483, 1424.0670166, 3326.74365234, 3932.19433594, 6854.69921875, 8027.42871094, 10922.8505859, 12145.5429688, 4899.59912109, 5848.44042969, 5315.23242188, 3808.55761719, 1778.09106445, 1594.88269043, 1396.31945801, 839.856994629, 1004.19219971, 1252.79638672, 518.136657715, 611.280700684, 693.195251465, 246.457580566, 116.275794983, 67.0835266113, 102.935958862, 48.0799598694, 69.0236282349, 84.0954742432, 4.81240653992, 0.0915731489658, 0.00353503669612, 0.000148474660818, 2.43940803557e-07, 6.56285137346e-10], "dvar": [0.00490595027804, 2.3175983429, 13.1810827255, 21.069890976, 196.514602661, 49.5952644348, 62.5450630188, 563.841430664, 1481.74328613, 1973.93078613, 3000.5, 3837.63110352, 6138.52978516, 7863.67138672, 2662.54638672, 3264.34155273, 2333.66674805, 1933.76721191, 986.307739258, 801.477966309, 682.400512695, 372.922607422, 459.495574951, 550.799743652, 219.015792847, 249.220825195, 278.374633789, 100.837814331, 48.7279586792, 37.3766403198, 45.978969574, 24.7325363159, 28.291425705, 31.5998916626, 1.82225823402, 0.0406062379479, 0.00155733665451, 5.76068196096e-05, 9.07802473193e-08, 2.90575924433e-10], "dmean": [0.0186372753233, 0.315265387297, 0.756576538086, 1.17839407921, 3.18525934219, 2.74696302414, 2.72004580498, 6.13938236237, 11.5079965591, 15.1514263153, 14.7972917557, 18.535692215, 26.2086334229, 21.1417331696, 16.2578296661, 16.2039108276, 14.165640831, 14.3912200928, 11.9069242477, 10.7322092056, 10.220621109, 8.23285007477, 8.43486213684, 8.33913326263, 6.58970975876, 6.45050191879, 6.31244182587, 3.81900882721, 1.84270989895, 1.11342322826, 0.95858246088, 0.739826142788, 0.564606785774, 0.36661028862, 0.1356472224, 0.0367172956467, 0.00775757245719, 0.00107681169175, 3.088545418e-05, 7.28006762074e-06], "max": [1.81872904301, 43.5266685486, 141.872497559, 115.360229492, 297.291778564, 147.961883545, 154.443267822, 751.958190918, 1173.61071777, 851.762207031, 1505.53613281, 1673.68798828, 2203.70947266, 3095.47412109, 1116.89477539, 1397.67382813, 1069.3996582, 1175.90454102, 1200.2545166, 866.89654541, 717.70501709, 490.30859375, 506.758789063, 623.082885742, 268.634552002, 310.95501709, 398.011901855, 279.244537354, 241.036972046, 304.298706055, 227.310394287, 202.549591064, 199.322021484, 285.146911621, 59.0644569397, 7.50437355042, 1.47799575329, 0.366112649441, 0.0163966156542, 0.000450202787761], "var": [0.0071715679951, 3.5231385231, 22.4753742218, 31.0800876617, 161.574615479, 96.4629364014, 106.06842041, 845.116638184, 4142.35400391, 7579.31933594, 6465.09472656, 9739.55371094, 30945.25, 30041.2246094, 7798.73974609, 9746.83007813, 4153.58691406, 6151.15966797, 2394.5, 2026.16796875, 1626.30334473, 930.761535645, 971.814147949, 1139.00012207, 639.804626465, 576.320800781, 705.981323242, 291.715087891, 80.5382156372, 85.3342285156, 88.0011062622, 57.4999084473, 37.6141281128, 25.5066490173, 1.57140445709, 0.0578718334436, 0.00219590519555, 4.994385381e-05, 6.66398207727e-08, 7.19680759431e-10], "mean": [0.0553196072578, 0.841706097126, 2.01061820984, 2.37427949905, 4.2681388855, 5.80458784103, 5.01612710953, 9.69265460968, 21.3781681061, 30.4971981049, 26.7921619415, 36.8055000305, 62.0045661926, 43.3756713867, 31.18309021, 30.4767627716, 23.6395664215, 28.1059780121, 21.619146347, 20.0648536682, 19.3785552979, 15.4798383713, 15.1402511597, 15.0673589706, 12.9754648209, 12.0770845413, 12.4033784866, 7.80399656296, 3.08193802834, 1.88297605515, 1.43770706654, 1.12030434608, 0.79830211401, 0.432839363813, 0.186624452472, 0.0590648986399, 0.01318641752, 0.00165778608061, 5.41348563274e-05, 2.57364335994e-05]}, "spectral_strongpeak": {"dmean2": 0.777811050415, "median": 0.408401280642, "min": 0, "dvar2": 1.77020192146, "dvar": 0.760893106461, "dmean": 0.490906834602, "max": 10.2847967148, "var": 2.51234793663, "mean": 1.1905759573}, "spectral_energy": {"dmean2": 0.00780782895163, "median": 0.0144896563143, "min": 1.09688882895e-20, "dvar2": 0.000272407982266, "dvar": 0.000129527747049, "dmean": 0.00548326270655, "max": 0.27819275856, "var": 0.000396106857806, "mean": 0.0198280271143}, "average_loudness": 0.851953268051, "spectral_rolloff": {"dmean2": 557.412475586, "median": 1033.59375, "min": 64.599609375, "dvar2": 957503.75, "dvar": 435338.84375, "dmean": 350.60357666, "max": 18776.953125, "var": 3824211.5, "mean": 1682.97216797}, "spectral_centroid": {"dmean2": 275.777099609, "median": 1217.90759277, "min": 203.274658203, "dvar2": 118686, "dvar": 67611.65625, "dmean": 194.452087402, "max": 11506.1513672, "var": 663128.0625, "mean": 1428.21118164}, "pitch_salience": {"dmean2": 0.0858921632171, "median": 0.543604850769, "min": 0.141299217939, "dvar2": 0.00703813228756, "dvar": 0.0028986139223, "dmean": 0.0543650053442, "max": 0.984956979752, "var": 0.0135416099802, "mean": 0.537901043892}, "spectral_energyband_middle_high": {"dmean2": 0.0023681956809, "median": 0.00172243500128, "min": 1.90728361235e-21, "dvar2": 2.14298052015e-05, "dvar": 1.2860269635e-05, "dmean": 0.00176357920282, "max": 0.0758766010404, "var": 7.10026142769e-05, "mean": 0.00545911863446}, "spectral_contrast_coeffs": {"dmean2": [0.0620945841074, 0.0664651319385, 0.0582728236914, 0.0480442754924, 0.0360338650644, 0.0341410301626], "median": [-0.67997187376, -0.720258653164, -0.734880328178, -0.76522731781, -0.790489375591, -0.748003959656], "min": [-0.962703168392, -0.972737848759, -0.976240813732, -0.972737908363, -0.973035097122, -0.961185753345], "dvar2": [0.00320796971209, 0.00325361196883, 0.00249117705971, 0.00158832408488, 0.000887510599568, 0.000961970770732], "dvar": [0.00131942122243, 0.00141927704681, 0.00116638082545, 0.000696584407706, 0.000408889289247, 0.000500841881149], "dmean": [0.0380247160792, 0.0420768633485, 0.0377134680748, 0.0307144541293, 0.0230052452534, 0.0231161825359], "max": [-0.344930440187, -0.370934069157, -0.409119218588, -0.52720284462, -0.581058979034, -0.510825812817], "var": [0.00676098512486, 0.00921503826976, 0.00845746602863, 0.00558485370129, 0.00421613594517, 0.00564783997834], "mean": [-0.679169237614, -0.710340261459, -0.722691178322, -0.757959425449, -0.78139770031, -0.746813178062]}, "melbands_skewness": {"dmean2": 0.726760447025, "median": 1.8257060051, "min": -3.06256747246, "dvar2": 0.770713269711, "dvar": 0.38846886158, "dmean": 0.500522911549, "max": 12.4280338287, "var": 2.82518744469, "mean": 2.1075694561}, "spectral_spread": {"dmean2": 552374.8125, "median": 3831322, "min": 2273043.25, "dvar2": 583227736064, "dvar": 375594450944, "dmean": 366809.28125, "max": 39633108, "var": 2774943137790.0, "mean": 4326475}, "dissonance": {"dmean2": 0.036769092083, "median": 0.459808766842, "min": 0.19895042479, "dvar2": 0.0013921528589, "dvar": 0.000559827603865, "dmean": 0.0223868731409, "max": 0.499960452318, "var": 0.00202049850486, "mean": 0.446990728378}, "spectral_skewness": {"dmean2": 0.354736566544, "median": 1.55970978737, "min": -0.0296197831631, "dvar2": 0.109680227935, "dvar": 0.0514020659029, "dmean": 0.229255884886, "max": 4.56260347366, "var": 0.353668749332, "mean": 1.58939707279}, "spectral_flux": {"dmean2": 0.0319167859852, "median": 0.0444866418839, "min": 1.04732458817e-10, "dvar2": 0.00179755501449, "dvar": 0.000811566365883, "dmean": 0.0205494072288, "max": 0.390441119671, "var": 0.00253377156332, "mean": 0.0597761869431}, "spectral_contrast_valleys": {"dmean2": [0.50263017416, 0.565893650055, 0.518512666225, 0.449620604515, 0.373913943768, 0.34510076046], "median": [-7.43676376343, -7.18545150757, -7.83708620071, -8.18766212463, -7.95819854736, -11.0758037567], "min": [-27.0935897827, -27.433057785, -27.1807842255, -27.4326953888, -27.4827861786, -27.2146091461], "dvar2": [0.228120535612, 0.243011921644, 0.183233529329, 0.15092420578, 0.133523285389, 0.131185546517], "dvar": [0.11336196959, 0.107609704137, 0.0915682986379, 0.0831170007586, 0.0898321419954, 0.0847906246781], "dmean": [0.310268551111, 0.347399830818, 0.325907289982, 0.291195333004, 0.26211899519, 0.246265470982], "max": [-4.91536951065, -4.50927257538, -5.11862421036, -5.58238983154, -5.41412401199, -7.03165245056], "var": [2.86009955406, 2.38770437241, 2.27771568298, 2.15994119644, 2.054510355, 1.25290203094], "mean": [-7.85026454926, -7.49293518066, -8.09750366211, -8.47464466095, -8.2317609787, -11.0923528671]}, "erbbands_flatness_db": {"dmean2": 0.0195713825524, "median": 0.1638918221, "min": 0.0382062569261, "dvar2": 0.000391286390368, "dvar": 0.000226944612223, "dmean": 0.0139757348225, "max": 0.372350245714, "var": 0.00233066058718, "mean": 0.169496551156}, "spectral_energyband_high": {"dmean2": 0.000426276295912, "median": 0.000154411682161, "min": 7.74203975625e-21, "dvar2": 2.61246714217e-06, "dvar": 1.13164844606e-06, "dmean": 0.000293357559713, "max": 0.0336341485381, "var": 2.37010158344e-06, "mean": 0.000626985973213}, "spectral_entropy": {"dmean2": 0.194771975279, "median": 7.38285064697, "min": 5.18877744675, "dvar2": 0.0406384430826, "dvar": 0.0222034417093, "dmean": 0.137181609869, "max": 9.7965555191, "var": 0.239277616143, "mean": 7.39311695099}, "silence_rate_20dB": {"dmean2": 0, "median": 1, "min": 1, "dvar2": 0, "dvar": 0, "dmean": 0, "max": 1, "var": 0, "mean": 1}, "melbands_flatness_db": {"dmean2": 0.0257321652025, "median": 0.201631873846, "min": 0.000896891287994, "dvar2": 0.000742419448216, "dvar": 0.000407478277339, "dmean": 0.0184004977345, "max": 0.467574119568, "var": 0.00501679303125, "mean": 0.206094831228}, "barkbands": {"dmean2": [7.35225476092e-05, 0.001844298793, 0.00104048836511, 0.000874668010511, 0.00147548969835, 0.000992963789031, 0.00131737382617, 0.00107243692037, 0.00133390398696, 0.00118428724818, 0.00064755580388, 0.000597511709202, 0.000482508505229, 0.000428943109, 0.000355182652129, 0.000299582869047, 0.000263492052909, 0.000261825858615, 0.000222365895752, 0.000201104616281, 0.00019764508761, 7.60837647249e-05, 5.00051028212e-05, 5.13734521519e-05, 3.92101428588e-05, 7.99765530246e-06, 5.02405612224e-07], "median": [6.00624916842e-05, 0.00133152166381, 0.00033609388629, 0.000116072813398, 0.000764811178669, 0.000259171414655, 0.000275286642136, 0.000146657577716, 0.000376559793949, 0.000217206645175, 4.52838030469e-05, 6.80666562403e-05, 8.64022877067e-05, 8.83867760422e-05, 9.81014818535e-05, 8.88203139766e-05, 7.30246829335e-05, 5.97387152084e-05, 6.10116112512e-05, 5.57849925826e-05, 4.72034917038e-05, 1.55319394253e-05, 7.28684017304e-06, 6.20721630185e-06, 4.58642034573e-06, 1.87416480912e-06, 9.39565083513e-08], "min": [7.50245659039e-23, 1.01145607454e-23, 8.88307471946e-24, 1.03528472259e-23, 1.02906633718e-22, 3.83997325377e-23, 4.01219515779e-23, 2.4731456755e-23, 4.09273785621e-23, 8.43482139169e-23, 1.16221362553e-22, 1.94364560673e-22, 1.11349206141e-22, 1.36888369689e-22, 1.67703144669e-22, 1.58027140889e-22, 1.32304557715e-22, 1.94640826073e-22, 4.05947569391e-22, 3.75092429976e-22, 4.18441283351e-22, 3.69067350196e-22, 6.84464289958e-22, 6.93030940735e-22, 1.21984381479e-21, 1.91161540535e-21, 2.52622089985e-21], "dvar2": [1.21484040605e-08, 7.02218749211e-05, 2.94318142551e-05, 1.05311264633e-05, 2.27145119425e-05, 1.35299769681e-05, 1.59608571266e-05, 1.32424493131e-05, 1.59475166583e-05, 1.26607537823e-05, 7.10052063368e-06, 3.82262214771e-06, 2.68888106802e-06, 1.50386028963e-06, 8.48369325013e-07, 5.66622532006e-07, 3.37807620099e-07, 3.71654124365e-07, 3.31027621314e-07, 2.42555330487e-07, 2.89119554964e-07, 9.91170807652e-08, 9.75118439328e-08, 1.59147475642e-07, 2.98844526014e-07, 1.77344150476e-09, 