{"tonal": {"thpcp": [1, 0.729576230049, 0.365352839231, 0.319153517485, 0.342912942171, 0.569754898548, 0.958478808403, 0.807657599449, 0.472100228071, 0.398097574711, 0.294323980808, 0.268849074841, 0.326831400394, 0.353658020496, 0.543820440769, 0.952160835266, 0.853315114975, 0.452750474215, 0.315659701824, 0.263167649508, 0.413422942162, 0.608202755451, 0.497591793537, 0.332932084799, 0.294192999601, 0.347682327032, 0.649686515331, 0.854659855366, 0.594610869884, 0.538254082203, 0.670925557613, 0.463924556971, 0.321220517159, 0.345478057861, 0.373451977968, 0.681940615177], "hpcp": {"dmean2": [0.226467907429, 0.212297424674, 0.165263190866, 0.148745387793, 0.159773126245, 0.202703297138, 0.226511567831, 0.23229777813, 0.188021689653, 0.142649799585, 0.129800841212, 0.141387090087, 0.154749080539, 0.168380558491, 0.204535827041, 0.23624484241, 0.239142671227, 0.189961314201, 0.142876461148, 0.126857817173, 0.159258082509, 0.183297976851, 0.182896673679, 0.175551772118, 0.1666341573, 0.17508533597, 0.216825976968, 0.206702038646, 0.194179803133, 0.195422485471, 0.173031419516, 0.165086627007, 0.144543349743, 0.142952129245, 0.173144593835, 0.228604853153], "median": [0.0950352400541, 0.07154327631, 0.0293526947498, 0.0235293041915, 0.0281236730516, 0.0563930571079, 0.0829314142466, 0.0791246294975, 0.0460251346231, 0.0298051536083, 0.0263607725501, 0.0246095173061, 0.0310707762837, 0.0353719852865, 0.0695163458586, 0.103396683931, 0.0920889675617, 0.0514324717224, 0.0348300412297, 0.0284158140421, 0.0363962203264, 0.0450749211013, 0.0353398770094, 0.0228906013072, 0.0187564119697, 0.0223704427481, 0.0527817085385, 0.0613749623299, 0.0577680245042, 0.0407438538969, 0.0367899984121, 0.037050716579, 0.0326743163168, 0.0310796685517, 0.0339332669973, 0.0755902528763], "min": [0, 0, 0, 0, 0, 0, 0, 0, 0, 0, 0, 0, 0, 0, 0, 0, 0, 0, 0, 0, 0, 0, 0, 0, 0, 0, 0, 0, 0, 0, 0, 0, 0, 0, 0, 0], "dvar2": [0.101762987673, 0.0928713083267, 0.076300419867, 0.0736222416162, 0.0786045193672, 0.0841036140919, 0.104856364429, 0.0984264463186, 0.09320435673, 0.0744090899825, 0.0724498033524, 0.0883774608374, 0.0917841121554, 0.095006249845, 0.0946310758591, 0.108053013682, 0.107886627316, 0.0909562557936, 0.0708732157946, 0.0620424896479, 0.079518891871, 0.0962011292577, 0.0929711014032, 0.0924748703837, 0.0884860157967, 0.0879573002458, 0.0995774790645, 0.101428635418, 0.0842011123896, 0.101479448378, 0.0983389765024, 0.0794818773866, 0.0687718614936, 0.0667534321547, 0.0839556157589, 0.102884434164], "dvar": [0.0416127704084, 0.0348700881004, 0.0273951273412, 0.0270109456033, 0.0284816920757, 0.0313495844603, 0.0430521667004, 0.0374214239419, 0.0344744212925, 0.0269381552935, 0.025972943753, 0.0318733677268, 0.0336816571653, 0.0349991209805, 0.0341376662254, 0.0436531119049, 0.0415759272873, 0.0327047370374, 0.025203069672, 0.0219188239425, 0.0296515543014, 0.0392196662724, 0.0348198004067, 0.0330973528326, 0.0310514271259, 0.0326456055045, 0.0381737872958, 0.0424661077559, 0.0310238543898, 0.0355413630605, 0.0380788706243, 0.0281573254615, 0.0239981077611, 0.024554817006, 0.0300633627921, 0.037644945085], "dmean": [0.133513435721, 0.124434255064, 0.0930484235287, 0.0836207717657, 0.0897443145514, 0.11645450443, 0.130799621344, 0.135009646416, 0.106405295432, 0.0795610919595, 0.0724899694324, 0.0783037766814, 0.0869924873114, 0.0936715006828, 0.116461105645, 0.138997495174, 0.139256775379, 0.107992514968, 0.0801015347242, 0.0703287869692, 0.0911418497562, 0.105966188014, 0.105235666037, 0.0977467000484, 0.091790355742, 0.100652210414, 0.127634495497, 0.119333803654, 0.111518770456, 0.110664710402, 0.0979998335242, 0.0947625786066, 0.0812040939927, 0.0813573151827, 0.0976560264826, 0.13100682199], "max": [1, 1, 1, 1, 1, 1, 1, 1, 1, 1, 1, 1, 1, 1, 1, 1, 1, 1, 1, 1, 1, 1, 1, 1, 1, 1, 1, 1, 1, 1, 1, 1, 1, 1, 1, 1], "var": [0.114189125597, 0.0684612840414, 0.0302245430648, 0.0286000557244, 0.0305686239153, 0.0460437424481, 0.115985326469, 0.0808045119047, 0.041303511709, 0.0472030825913, 0.0227287951857, 0.0236779078841, 0.0287548024207, 0.0306896362454, 0.0372053347528, 0.101426683366, 0.0849623903632, 0.0349937565625, 0.022142322734, 0.0172323063016, 0.0374624580145, 0.076893389225, 0.0526206046343, 0.030486498028, 0.0257292222232, 0.0315514914691, 0.0583566389978, 0.110089153051, 0.0486238747835, 0.0551680214703, 0.0946632176638, 0.0412580035627, 0.0225719474256, 0.028690751642, 0.0302675664425, 0.0556493289769], "mean": [0.270772814751, 0.197549402714, 0.0989276170731, 0.0864180997014, 0.0928515046835, 0.154274135828, 0.259530007839, 0.218691721559, 0.12783190608, 0.107794001698, 0.0796949341893, 0.0727970227599, 0.0884970575571, 0.0957609787583, 0.147251784801, 0.257819265127, 0.231054529548, 0.122592523694, 0.0854720622301, 0.0712586417794, 0.111943691969, 0.164684772491, 0.134734332561, 0.0901489555836, 0.0796594694257, 0.0941429212689, 0.175917446613, 0.231418654323, 0.161004453897, 0.14574457705, 0.181668400764, 0.125618159771, 0.0869777873158, 0.0935460627079, 0.101120643318, 0.184650987387]}, "tuning_equal_tempered_deviation": 0.0646162480116, "chords_changes_rate": 0.0577519387007, "key_key": "G", "tuning_diatonic_strength": 0.5932315588, "key_scale": "major", "chords_number_rate": 0.00155038759112, "tuning_frequency": 438.731048584, "tuning_nontempered_energy_ratio": 0.754343092442, "chords_histogram": [20.6976737976, 17.9198970795, 28.8113689423, 0.555555582047, 3.12661504745, 0, 8.92764854431, 2.467700243, 3.33333325386, 0.0258397925645, 0.0775193795562, 0, 0.0904392749071, 0, 0.12919896841, 1.35658919811, 0.542635679245, 1.52454781532, 0.258397936821, 2.77777767181, 3.21705436707, 0.529715776443, 0.103359170258, 3.52713179588], "key_strength": 0.728669524193, "chords_key": "D", "chords_strength": {"dmean2": 0.0103899715468, "median": 0.551363229752, "min": -1, "dvar2": 0.000637467543129, "dvar": 0.000381332996767, "dmean": 0.0103267682716, "max": 0.832818031311, "var": 0.0122703183442, "mean": 0.544376015663}, "chords_scale": "major", "hpcp_entropy": {"dmean2": 1.02776002884, "median": 2.31806087494, "min": 0, "dvar2": 0.766985297203, "dvar": 0.288833975792, "dmean": 0.618415296078, "max": 4.52644109726, "var": 0.7413443923, "mean": 2.31745529175}}, "metadata": {"audio_properties": {"equal_loudness": 0, "codec": "mp3", "downmix": "mix", "sample_rate": 44100, "analysis_sample_rate": 44100, "bit_rate": 192000, "md5_encoded": "b7942a91335bb8b1a69c0cf7814286d9", "length": 359.39263916, "replay_gain": -15.6823854446, "lossless": false}, "version": {"essentia_build_sha": "2d9f1f26377add8aeb1075a9c2973f962c4f09fd", "essentia": "2.1-beta2", "extractor": "music 1.0", "essentia_git_sha": "v2.1_beta2-1-ge3940c0"}, "tags": {"title": ["MY CRAZY FEELING"], "barcode": ["4547292200047"], "date": ["2004-09-01"], "file_name": "15 Zazen Boys - MY CRAZY FEELING (ZAZEN BOYS II).mp3", "musicbrainz album release country": ["JP"], "musicip_puid": ["68e01b08-e5e2-c781-84a3-606a0ed24412"], "musicbrainz_recordingid": ["032c6391-00cf-4770-858b-0991281bdac7"], "artist": ["Zazen Boys"], "musicbrainz album status": ["official"], "asin": ["B00042Y69U"], "musicbrainz_albumid": ["2e617f8c-8b51-4e99-8896-4f87ef85ba30"], "musicbrainz_albumartistid": ["3d2cd44b-9e77-4249-9d37-d8028e756693"], "tracknumber": ["15/15"], "artistsort": ["Zazen Boys"], "catalognumber": ["MSAL-0004"], "album": ["ZAZEN BOYS II"], "label": ["Matsuri Studio"], "albumartistsort": ["Zazen Boys"], "musicbrainz album type": ["album"], "musicbrainz_artistid": ["3d2cd44b-9e77-4249-9d37-d8028e756693"]}}, "rhythm": {"bpm_histogram_first_peak_bpm": {"dmean2": 0, "median": 148, "min": 148, "dvar2": 0, "dvar": 0, "dmean": 0, "max": 148, "var": 0, "mean": 148}, "bpm": 147.840484619, "bpm_histogram_second_peak_spread": {"dmean2": 0, "median": 0.529411792755, "min": 0.529411792755, "dvar2": 0, "dvar": 0, "dmean": 0, "max": 0.529411792755, "var": 0, "mean": 0.529411792755}, "bpm_histogram_first_peak_weight": {"dmean2": 0, "median": 0.555932223797, "min": 0.555932223797, "dvar2": 0, "dvar": 0, "dmean": 0, "max": 0.555932223797, "var": 0, "mean": 0.555932223797}, "onset_rate": 2.4150686264, "beats_position": [0.359909296036, 0.743038535118, 1.13777780533, 1.53251695633, 1.92725622654, 2.32199549675, 2.72834467888, 3.12308382988, 3.52943301201, 3.93578219414, 4.34213161469, 4.74848079681, 5.15482997894, 5.56117916107, 5.9675283432, 6.37387752533, 6.78022670746, 7.18657588959, 7.59292507172, 8.01088428497, 8.4172334671, 8.82358264923, 9.22993183136, 9.64789104462, 10.077460289, 10.4838094711, 10.8901586533, 11.2965078354, 11.7028570175, 12.1092061996, 12.5155553818, 12.9219045639, 13.328253746, 13.7346029282, 14.1409521103, 14.5473012924, 14.9536504745, 15.3599996567, 15.7663488388, 16.1726989746, 16.5790481567, 16.9853973389, 17.391746521, 17.7980957031, 18.2044448853, 18.6107940674, 19.0171432495, 19.4234924316, 19.8298416138, 20.2361907959, 20.642539978, 21.0604991913, 21.4784584045, 21.8731975555, 22.2679367065, 22.6626758575, 23.0690250397, 23.4753742218, 23.8817234039, 24.2880725861, 24.6944217682, 25.1007709503, 25.5071201324, 25.9134693146, 26.3198184967, 26.7261676788, 27.132516861, 27.5388660431, 27.9452152252, 28.3515644073, 28.7579135895, 29.1526527405, 29.5590019226, 29.9653511047, 30.3717002869, 30.7896595001, 31.1960086823, 31.6023578644, 32.0087051392, 32.4150543213, 32.8097953796, 33.204536438, 33.6108856201, 34.0172348022, 34.4235839844, 34.8299331665, 35.2478904724, 35.6542396545, 36.0605888367, 36.4669380188, 36.8732872009, 37.2796363831, 37.6859855652, 38.0923347473, 38.4986839294, 38.8934249878, 39.2997741699, 39.7061233521, 40.1124725342, 40.5188217163, 40.9251708984, 41.3315200806, 41.7378692627, 42.1442184448, 42.550567627, 42.9569168091, 43.3632659912, 43.7580032349, 44.164352417, 44.5823135376, 44.9886627197, 45.3950119019, 45.801361084, 46.1960983276, 46.590839386, 46.9971885681, 47.4035377502, 47.8214950562, 48.2278442383, 48.6458053589, 49.052154541, 49.4585037231, 49.8532409668, 50.2595901489, 50.6659393311, 51.0722885132, 51.4786376953, 51.8849868774, 52.2913360596, 52.6860771179, 53.0808143616, 53.4871635437, 53.8935127258, 54.3114738464, 54.7294311523, 55.1473922729, 55.5537414551, 55.9600906372, 56.3664398193, 56.7727890015, 57.1791381836, 57.5854873657, 57.9918365479, 58.39818573, 58.7929229736, 59.1992721558, 59.6056213379, 60.0003623962, 60.4067115784, 60.8130607605, 61.2310180664, 61.6373672485, 62.0321083069, 62.438457489, 62.8331947327, 63.2395439148, 63.6458930969, 64.0638504028, 64.4818115234, 64.8881607056, 65.2945098877, 65.7008590698, 66.0955963135, 66.5019454956, 66.9082946777, 67.3146438599, 67.720993042, 68.1273422241, 68.5336914063, 68.9400405884, 69.3347854614, 69.7411346436, 70.1358718872, 70.5422210693, 70.9485702515, 71.3549194336, 71.7612686157, 72.1676177979, 72.57396698, 72.9803161621, 73.3982772827, 73.8046264648, 74.210975647, 74.6173248291, 75.0236740112, 75.4300231934, 75.8363723755, 76.2427215576, 76.6490707397, 77.0554199219, 77.4501571655, 77.8565063477, 78.2628555298, 78.6692047119, 79.075553894, 79.4819030762, 79.8882522583, 80.2946014404, 80.7009506226, 81.1072998047, 81.5136489868, 81.9199981689, 82.3263473511, 82.7326965332, 83.1274337769, 83.533782959, 83.9401321411, 84.3464813232, 84.7644424438, 85.170791626, 85.5771408081, 85.9951019287, 86.3898391724, 86.7961883545, 87.2025375366, 87.6088867188, 88.0152359009, 88.421585083, 88.8395462036, 89.2458953857, 89.6638565063, 90.0702056885, 90.4765548706, 90.8829040527, 91.2776412964, 91.67237854, 92.0671157837, 92.4734649658, 92.8798141479, 93.2861633301, 93.6925125122, 94.0988616943, 94.5052108765, 94.8999557495, 95.2946929932, 95.7010421753, 96.1073913574, 96.5021286011, 96.9084777832, 97.3148269653, 97.7211761475, 98.1391372681, 98.5570983887, 98.9634475708, 99.3697967529, 99.7645339966, 100.170883179, 100.577232361, 100.983581543, 101.389930725, 101.796279907, 102.202629089, 102.608978271, 103.015327454, 103.433288574, 103.839637756, 104.234375, 104.640724182, 105.047073364, 105.453422546, 105.859771729, 106.277732849, 106.672470093, 107.067207336, 107.46194458, 107.868293762, 108.274642944, 108.680992126, 109.087341309, 109.493690491, 109.900039673, 110.306388855, 110.712738037, 111.10748291, 111.513832092, 111.920181274, 112.326530457, 112.732879639, 113.139228821, 113.545578003, 113.951927185, 114.346664429, 114.753013611, 115.159362793, 115.565711975, 115.972061157, 116.378410339, 116.79637146, 117.214332581, 117.632286072, 118.050247192, 118.468208313, 118.862945557, 119.2576828, 119.640815735, 120.035552979, 120.418685913, 120.813423157, 121.231384277, 121.649337769, 122.067298889, 122.48526001, 122.90322113, 123.309570313, 123.704307556, 124.0990448, 124.482177734, 124.876914978, 125.271652222, 125.666389465, 126.061134338, 126.47908783, 126.908660889, 127.326622009, 127.7445755, 128.17414856, 128.592102051, 129.010070801, 129.416412354, 129.822769165, 130.229110718, 130.623855591, 131.030197144, 131.436553955, 131.842895508, 132.237640381, 132.632385254, 133.038726807, 133.445083618, 133.839813232, 134.257781982, 134.675735474, 135.070480347, 135.476821899, 135.883178711, 136.289520264, 136.695877075, 137.113830566, 137.508575439, 137.903305054, 138.309661865, 138.716003418, 139.133972168, 139.551925659, 139.958267212, 140.364624023, 140.770965576, 141.177322388, 141.572067261, 141.955184937, 142.34992981, 142.744674683, 143.151016235, 143.568969727, 143.975326538, 144.393280029, 144.811248779, 145.229202271, 145.635559082, 146.030288696, 146.425033569, 146.808166504, 147.202896118, 147.60925293, 148.003982544, 148.398727417, 148.805084229, 149.22303772, 149.640991211, 150.047348022, 150.465301514, 150.883255005, 151.301223755, 151.719177246, 152.125534058, 152.53187561, 152.938232422, 153.344573975, 153.750930786, 154.157272339, 154.575241089, 154.981582642, 155.376327515, 155.771057129, 156.165802002, 156.572158813, 156.966888428, 157.373245239, 157.779586792, 158.174331665, 158.592285156, 158.998641968, 159.416595459, 159.83454895, 160.2525177, 160.658859253, 161.065216064, 161.471557617, 161.889526367, 162.29586792, 162.702224731, 163.096954346, 163.491699219, 163.898040771, 164.304397583, 164.710739136, 165.117095947, 165.5234375, 165.929794312, 166.324539185, 166.742492676, 167.160446167, 167.578414917, 167.973144531, 168.379501343, 168.785842896, 169.192199707, 169.610153198, 170.01651001, 170.411239624, 170.817596436, 171.223937988, 171.6302948, 172.036636353, 172.442993164, 172.837722778, 173.24407959, 173.650421143, 174.056777954, 174.463119507, 174.869476318, 175.275817871, 175.682174683, 176.100128174, 176.506484985, 176.912826538, 177.307571411, 177.713912964, 178.120269775, 178.526611328, 178.93296814, 179.339309692, 179.745666504, 180.152008057, 180.558364868, 180.964706421, 181.371063232, 181.777404785, 182.183761597, 182.57850647, 182.984848022, 183.391204834, 183.797546387, 184.215499878, 184.621856689, 185.028198242, 185.434555054, 185.829299927, 186.235641479, 186.641998291, 187.036727905, 187.443084717, 187.84942627, 188.244171143, 188.638900757, 189.068481445, 189.498046875, 189.916000366, 190.310745239, 190.717086792, 191.123443604, 191.529785156, 191.924530029, 192.330886841, 192.737228394, 193.143585205, 193.549926758, 193.956283569, 194.362625122, 194.768981934, 195.175323486, 195.581680298, 195.988021851, 196.394378662, 196.800720215, 197.195465088, 197.590194702, 197.984939575, 198.391296387, 198.797637939, 199.215591431, 199.621948242, 200.039901733, 200.457870483, 200.864212036, 201.258956909, 201.653686523, 202.060043335, 202.466384888, 202.872741699, 203.29069519, 203.697052002, 204.103393555, 204.498138428, 204.90447998, 205.310836792, 205.717178345, 206.123535156, 206.529876709, 206.913009644, 207.307754517, 207.702484131, 208.108840942, 208.515182495, 208.921539307, 209.327880859, 209.745849609, 210.163803101, 210.581771851, 210.999725342, 211.406066895, 211.824035645, 212.241989136, 212.648345947, 213.066299438, 213.461044312, 213.844161987, 214.227294922, 214.622039795, 215.028381348, 215.434738159, 215.841079712, 216.247436523, 216.653778076, 217.060134888, 217.46647644, 217.872833252, 218.267562866, 218.662307739, 219.068664551, 219.475006104, 219.881362915, 220.299316406, 220.705657959, 221.100402832, 221.506759644, 221.913101196, 222.319458008, 222.737411499, 223.143753052, 223.550109863, 223.956451416, 224.351196289, 224.757553101, 225.163894653, 225.570251465, 225.976593018, 226.382949829, 226.80090332, 227.218856812, 227.636825562, 228.054779053, 228.461135864, 228.867477417, 229.273834229, 229.668563843, 230.063308716, 230.45803833, 230.864395142, 231.270736694, 231.677093506, 232.083435059, 232.48979187, 232.896133423, 233.290878296, 233.685623169, 234.080352783, 234.486709595, 234.893051147, 235.299407959, 235.71736145, 236.1353302, 236.541671753, 236.948028564, 237.354370117, 237.74911499, 238.143844604, 238.538589478, 238.933334351, 239.328063965, 239.734420776, 240.140762329, 240.558731079, 240.97668457, 241.394638062, 241.812606812, 242.218948364, 242.625305176, 243.02003479, 243.426391602, 243.832733154, 244.239089966, 244.633834839, 245.016952515, 245.434921265, 245.852874756, 246.270828247, 246.677185059, 247.083526611, 247.501495361, 247.907836914, 248.314193726, 248.720535278, 249.138504028, 249.544845581, 249.951202393, 250.357543945, 250.752288818, 251.147018433, 251.541763306, 251.948120117, 252.35446167, 252.749206543, 253.143936157, 253.561904907, 253.96824646, 254.374603271, 254.780944824, 255.187301636, 255.593643188, 256, 256.406341553, 256.812683105, 257.207427979, 257.602172852, 258.020141602, 258.426483154, 258.844451904, 259.250793457, 259.65713501, 260.063476563, 260.469848633, 260.876190186, 261.270935059, 261.665649414, 262.060394287, 262.45513916, 262.849884033, 263.267852783, 263.685791016, 264.103759766, 264.521728516, 264.939666748, 265.357635498, 265.775604248, 266.181945801, 266.588287354, 266.994628906, 267.412597656, 267.818939209, 268.225311279, 268.631652832, 269.037994385, 269.432739258, 269.839080811, 270.233825684, 270.628570557, 271.02331543, 271.418029785, 271.812774658, 272.219146729, 272.613861084, 273.020233154, 273.426574707, 273.83291626, 274.25088501, 274.657226563, 275.063568115, 275.469940186, 275.864654541, 276.271026611, 276.677368164, 277.083709717, 277.501678467, 277.919647217, 278.337585449, 278.755554199, 279.173522949, 279.568237305, 279.962982178, 280.36932373, 280.775695801, 281.170440674, 281.576782227, 281.983123779, 282.377868652, 282.772613525, 283.178955078, 283.585296631, 283.991638184, 284.398010254, 284.815948486, 285.222320557, 285.628662109, 286.035003662, 286.441345215, 286.847717285, 287.254058838, 287.672027588, 288.08996582, 288.496307373, 288.902679443, 289.309020996, 289.715362549, 290.121704102, 290.528076172, 290.922821045, 291.329162598, 291.723907471, 292.118621826, 292.524993896, 292.931335449, 293.337677002, 293.755645752, 294.161987305, 294.568328857, 294.96307373, 295.369415283, 295.775787354, 296.170501709, 296.565246582, 296.959991455, 297.377960205, 297.795898438, 298.202270508, 298.608612061, 299.026580811, 299.432922363, 299.850891113, 300.257232666, 300.663574219, 301.069915771, 301.476287842, 301.882629395, 302.288970947, 302.6953125, 303.090057373, 303.484802246, 303.891143799, 304.297485352, 304.703857422, 305.110198975, 305.516540527, 305.9112854, 306.32925415, 306.735595703, 307.141937256, 307.548278809, 307.966247559, 308.395812988, 308.813781738, 309.231750488, 309.638092041, 310.032836914, 310.427581787, 310.822296143, 311.217041016, 311.635009766, 312.029754639, 312.436096191, 312.842437744, 313.248779297, 313.655151367, 314.06149292, 314.467834473, 314.862579346, 315.257324219, 315.652069092, 316.046783447, 316.453155518, 316.85949707, 317.27746582, 317.695404053, 318.101776123, 318.508117676, 318.914459229, 319.320800781, 319.715545654, 320.133514404, 320.551483154, 320.957824707, 321.35256958, 321.747283936, 322.153656006, 322.490325928, 322.827026367, 323.175323486, 323.523620605, 323.860321045, 324.208618164, 324.568511963, 324.905212402, 325.241912842, 325.566986084, 325.903656006, 326.240356445, 326.577056885, 326.925354004, 327.331695557, 327.738037109, 328.144378662, 328.562347412, 328.980316162, 329.398284912, 329.816223145, 330.257415771, 330.710205078, 331.162994385, 331.534515381, 331.906036377, 332.277557373, 332.649078369, 333.008972168, 333.368896484, 333.717193604, 334.065490723, 334.413787842, 334.762084961, 335.11038208, 335.458679199, 335.806976318, 336.155273438, 336.491973877, 336.840270996, 337.200164795, 337.583312988, 337.966430664, 338.361175537, 338.75592041, 339.150665283, 339.545379639, 339.940124512, 340.311645508, 340.683166504, 341.0546875, 341.426208496, 341.809326172, 342.192474365, 342.575592041, 342.958709717, 343.423126221, 343.887512207, 344.351928711, 344.816314697, 345.280731201, 345.745117188, 346.197906494, 346.639099121, 347.08026123, 347.521453857, 347.962615967, 348.403808594, 348.844970703, 349.28616333, 349.727325439, 350.156921387, 350.598083496, 351.027648926, 351.457214355, 351.875183105, 352.293151855, 352.711090088, 353.129058838, 353.547027588, 353.976593018, 354.406158447, 354.835723877, 355.276916504, 355.718078613, 356.15927124, 356.612060547, 357.053222656, 357.506011963, 357.94720459, 358.388397217, 358.841186523], "beats_loudness": {"dmean2": 0.0558262951672, "median": 0.0370875038207, "min": 0, "dvar2": 0.00270823435858, "dvar": 0.00101644266397, "dmean": 0.0305904634297, "max": 0.158879756927, "var": 0.001476198202, "mean": 0.0531102791429}, "danceability": 1.15256607533, "bpm_histogram_second_peak_weight": {"dmean2": 0, "median": 0.0180790964514, "min": 0.0180790964514, "dvar2": 0, "dvar": 0, "dmean": 0, "max": 0.0180790964514, "var": 0, "mean": 0.0180790964514}, "beats_count": 886, "bpm_histogram_second_peak_bpm": {"dmean2": 0, "median": 136, "min": 136, "dvar2": 0, "dvar": 0, "dmean": 0, "max": 136, "var": 0, "mean": 136}, "bpm_histogram_first_peak_spread": {"dmean2": 0, "median": 0.38035261631, "min": 0.38035261631, "dvar2": 0, "dvar": 0, "dmean": 0, "max": 0.38035261631, "var": 0, "mean": 0.38035261631}, "beats_loudness_band_ratio": {"dmean2": [0.442373931408, 0.309593439102, 0.0977818220854, 0.11273317039, 0.105164609849, 0.0635591074824], "median": [0.609133481979, 0.187137722969, 0.0470892749727, 0.0512602552772, 0.0569831505418, 0.0247594378889], "min": [0, 0, 0, 0, 0, 0], "dvar2": [0.123196087778, 0.0659184232354, 0.0107738608494, 0.0143455555663, 0.0104647185653, 0.009716399014], "dvar": [0.0479031018913, 0.0236950423568, 0.0038993654307, 0.00547228194773, 0.00385355274193, 0.0036552567035], "dmean": [0.247117340565, 0.173809051514, 0.0547256432474, 0.0650454834104, 0.0611726976931, 0.0358689650893], "max": [0.9863961339, 0.866975903511, 0.720096290112, 0.580447673798, 0.502514123917, 0.808812320232], "var": [0.0741478204727, 0.0342386886477, 0.0102587584406, 0.0067483689636, 0.00504545448348, 0.00336035923101], "mean": [0.544960319996, 0.240672081709, 0.0771814361215, 0.0778228640556, 0.0792622789741, 0.0436268933117]}}, "lowlevel": {"barkbands_spread": {"dmean2": 7.60037183762, "median": 23.1343193054, "min": 0.144069418311, "dvar2": 95.7069854736, "dvar": 43.4933242798, "dmean": 4.97344350815, "max": 105.010612488, "var": 180.990020752, "mean": 22.812292099}, "melbands_spread": {"dmean2": 9.60263252258, "median": 21.1210289001, "min": 0.256011664867, "dvar2": 193.731414795, "dvar": 92.7470092773, "dmean": 6.19021511078, "max": 289.610351563, "var": 344.726959229, "mean": 22.773431778}, "hfc": {"dmean2": 5.55018520355, "median": 22.9461326599, "min": 1.1038703437e-16, "dvar2": 48.4177780151, "dvar": 22.0797519684, "dmean": 3.682254076, "max": 139.05255127, "var": 270.39175415, "mean": 22.6536121368}, "barkbands_kurtosis": {"dmean2": 8.22559547424, "median": 1.24402809143, "min": -1.93335962296, "dvar2": 523.41027832, "dvar": 253.952209473, "dmean": 5.51509046555, "max": 737.144104004, "var": 942.8515625, "mean": 10.0229978561}, "gfcc": {"mean": [-8.43268966675, 89.2408218384, -113.544288635, 34.947681427, -48.1332130432, 0.372941881418, -47.5157661438, 1.41391193867, -34.882068634, -7.7150015831, -24.8926887512, -2.81125187874, -12.2228412628], "icov": [[0.000158218957949, -9.84691141639e-05, 0.000270023825578, -0.000297669845168, 0.000179835391464, -0.00036390585592, 0.000273113138974, -0.000303125678329, 0.000327260699123, -0.000363209721399, 0.000403652578825, -0.000392550544348, 0.000277170736808], [-9.84691141639e-05, 0.00183829385787, 0.000107226442196, 0.000491912534926, -0.0012313821353, 0.000928211258724, -0.000725230260286, 0.000754248409066, -0.00134232034907, 0.00204249052331, -0.00166044733487, 0.00193665642291, -0.00127953244373], [0.000270023825578, 0.000107226442196, 0.00190735177603, -0.000588200287893, -0.000714219931979, -0.00138221262023, 0.00108347646892, 3.15576071444e-05, -0.0008013798506, 0.000585877744015, 0.00177026353776, -0.00157721003052, 0.00129925785586], [-0.000297669845168, 0.000491912534926, -0.000588200287893, 0.00311693665572, 0.000106513514766, 0.000159449045896, -0.000818537839223, 0.00103215547279, -0.00183738023043, 0.000677705858834, -0.00143321917858, 0.0014085577568, -0.00214644521475], [0.000179835391464, -0.0012313821353, -0.000714219931979, 0.000106513514766, 0.0052721593529, 0.000702082121279, -0.00142116646748, -0.000387815758586, 0.00104830344208, -0.00251759495586, 0.000369661895093, 0.000495083688293, -0.000311699084705], [-0.00036390585592, 0.000928211258724, -0.00138221262023, 0.000159449045896, 0.000702082121279, 0.00636732531711, -0.00233690161258, -0.00101773568895, 0.00141818181146, 0.000411515706219, -0.00163955881726, -7.70544647821e-05, -0.000571478332859], [0.000273113138974, -0.000725230260286, 0.00108347646892, -0.000818537839223, -0.00142116646748, -0.00233690161258, 0.00804670434445, -0.00191964546684, -0.00121469574515, -0.000697270792443, -0.000838745268993, 0.000590837735217, 0.00038467856939], [-0.000303125678329, 0.000754248409066, 3.15576071444e-05, 0.00103215547279, -0.000387815758586, -0.00101773568895, -0.00191964546684, 0.0110025806352, -0.00447300961241, -0.000285206682747, 0.00163239229005, -0.00167468539439, 0.000274054415058], [0.000327260699123, -0.00134232034907, -0.0008013798506, -0.00183738023043, 0.00104830344208, 0.00141818181146, -0.00121469574515, -0.00447300961241, 0.0135900592431, -0.00531668169424, -0.000753973552492, 0.00129811186343, 0.00089281948749], [-0.000363209721399, 0.00204249052331, 0.000585877744015, 0.000677705858834, -0.00251759495586, 0.000411515706219, -0.000697270792443, -0.000285206682747, -0.00531668169424, 0.0154069308192, -0.00587150175124, -0.000414728478063, 0.00235216342844], [0.000403652578825, -0.00166044733487, 0.00177026353776, -0.00143321917858, 0.000369661895093, -0.00163955881726, -0.000838745268993, 0.00163239229005, -0.000753973552492, -0.00587150175124, 0.0170768126845, -0.0057117678225, 0.000287838978693], [-0.000392550544348, 0.00193665642291, -0.00157721003052, 0.0014085577568, 0.000495083688293, -7.70544647821e-05, 0.000590837735217, -0.00167468539439, 0.00129811186343, -0.000414728478063, -0.0057117678225, 0.0194845926017, -0.00945035275072], [0.000277170736808, -0.00127953244373, 0.00129925785586, -0.00214644521475, -0.000311699084705, -0.000571478332859, 0.00038467856939, 0.000274054415058, 0.00089281948749, 0.00235216342844, 0.000287838978693, -0.00945035275072, 0.018170978874]], "cov": [[18556.1796875, -2623.02587891, -1279.38476563, 1003.25756836, -1510.22827148, 1284.79907227, -476.165924072, 494.308959961, -497.5652771, 286.851989746, -118.228477478, 590.423828125, 55.6200027466], [-2623.02587891, 1857.96069336, -312.832366943, -157.576629639, 549.034667969, -477.399993896, 257.466674805, -147.171340942, 187.697631836, -75.7013702393, 130.193481445, -246.088394165, 36.2970657349], [-1279.38476563, -312.832366943, 1088.89758301, 18.9479827881, 42.4226951599, 138.897583008, -97.4604187012, 4.43464374542, 9.11279010773, -64.1994934082, -111.649551392, 40.6702613831, -40.2579498291], [1003.25756836, -157.576629639, 18.9479827881, 488.531555176, -80.3013763428, 94.6481628418, 23.7893009186, 18.3944644928, 38.8286476135, 28.1854743958, 32.0039367676, 33.0927314758, 41.91954422], [-1510.22827148, 549.034667969, 42.4226951599, -80.3013763428, 428.458007813, -170.982498169, 130.094436646, -34.5181388855, 85.0884094238, 16.886138916, 41.6043167114, -89.6391296387, -4.72806406021], [1284.79907227, -477.399993896, 138.897583008, 94.6481628418, -170.982498169, 360.623321533, -19.1150474548, 75.5060348511, -59.9793815613, 21.5252628326, -17.7160835266, 91.7004928589, 3.84188055992], [-476.165924072, 257.466674805, -97.4604187012, 23.7893009186, 130.094436646, -19.1150474548, 226.231689453, 27.2118587494, 76.1648483276, 35.4757843018, 54.2592582703, -40.4413833618, 1.37569749355], [494.308959961, -147.171340942, 4.43464374542, 18.3944644928, -34.5181388855, 75.5060348511, 27.2118587494, 143.160766602, 32.9632568359, 38.0239105225, -4.70028209686, 29.5877513885, -8.07933712006], [-497.5652771, 187.697631836, 9.11279010773, 38.8286476135, 85.0884094238, -59.9793815613, 76.1648483276, 32.9632568359, 152.283782959, 48.0948982239, 36.6040458679, -36.3446846008, -10.9847326279], [286.851989746, -75.7013702393, -64.1994934082, 28.1854743958, 16.886138916, 21.5252628326, 35.4757843018, 38.0239105225, 48.0948982239, 123.248260498, 43.8729896545, 13.2886266708, -14.2451372147], [-118.228477478, 130.193481445, -111.649551392, 32.0039367676, 41.6043167114, -17.7160835266, 54.2592582703, -4.70028209686, 36.6040458679, 43.8729896545, 108.08417511, 8.62829113007, 17.1110343933], [590.423828125, -246.088394165, 40.6702613831, 33.0927314758, -89.6391296387, 91.7004928589, -40.4413833618, 29.5877513885, -36.3446846008, 13.2886266708, 8.62829113007, 118.689781189, 38.0797271729], [55.6200027466, 36.2970657349, -40.2579498291, 41.91954422, -4.72806406021, 3.84188055992, 1.37569749355, -8.07933712006, -10.9847326279, -14.2451372147, 17.1110343933, 38.0797271729, 86.6201629639]]}, "spectral_energyband_middle_low": {"dmean2": 0.00839459523559, "median": 0.0143452612683, "min": 1.18561376434e-22, "dvar2": 0.00012189411791, "dvar": 4.38850111095e-05, "dmean": 0.00505719985813, "max": 0.0958633646369, "var": 0.000120666794828, "mean": 0.015708213672}, "melbands_crest": {"dmean2": 4.82885122299, "median": 14.6208715439, "min": 1.13983690739, "dvar2": 21.2423725128, "dvar": 7.95709705353, "dmean": 2.9456076622, "max": 33.6809692383, "var": 31.9633769989, "mean": 15.5438919067}, "spectral_kurtosis": {"dmean2": 3.623026371, "median": 4.00827217102, "min": -1.25457012653, "dvar2": 66.2620544434, "dvar": 29.0767097473, "dmean": 2.2565433979, "max": 173.508331299, "var": 82.5842208862, "mean": 6.07025289536}, "spectral_rms": {"dmean2": 0.00115480925888, "median": 0.00521531002596, "min": 3.15837265195e-12, "dvar2": 2.55521763393e-06, "dvar": 1.14205988666e-06, "dmean": 0.000742785981856, "max": 0.0132890138775, "var": 4.75723163618e-06, "mean": 0.00508688297123}, "zerocrossingrate": {"dmean2": 0.0112287020311, "median": 0.0576171875, "min": 0.00537109375, "dvar2": 0.000222277303692, "dvar": 0.00018339700182, "dmean": 0.00963915418833, "max": 0.52978515625, "var": 0.0020154172089, "mean": 0.061219252646}, "silence_rate_60dB": {"dmean2": 0.0320475548506, "median": 0, "min": 0, "dvar2": 0.0338711328804, "dvar": 0.0157683324069, "dmean": 0.0160227417946, "max": 1, "var": 0.0610542297363, "mean": 0.0653143003583}, "erbbands_kurtosis": {"dmean2": 1.43327951431, "median": -0.612217903137, "min": -1.95957112312, "dvar2": 17.5482139587, "dvar": 9.21659374237, "dmean": 0.943079888821, "max": 201.773925781, "var": 33.6216316223, "mean": 0.486603856087}, "erbbands": {"dmean2": [0.220940008759, 1.83730888367, 3.78901124001, 7.89787817001, 17.6589488983, 19.8752689362, 13.4637546539, 17.3498058319, 13.4176073074, 12.7771492004, 11.7470769882, 9.98236942291, 18.802614212, 33.0743141174, 20.2043781281, 16.9748592377, 13.256603241, 20.958694458, 24.5489521027, 19.7893428802, 20.6910953522, 30.1963558197, 15.7655963898, 14.1423768997, 9.74963760376, 11.040687561, 6.21793842316, 4.77536344528, 3.39822626114, 2.66399502754, 2.02206039429, 1.61312162876, 1.11493957043, 0.657902956009, 0.387583971024, 0.196919515729, 0.059686742723, 0.0137102808803, 0.00164877227508, 7.16073482181e-05], "median": [0.00671864720061, 0.184028685093, 1.34858369827, 6.62859964371, 15.2355489731, 15.6664705276, 11.1822214127, 8.46813678741, 7.75916004181, 7.11897420883, 6.51157665253, 5.71701145172, 10.3177728653, 13.2119007111, 12.8823623657, 9.66036319733, 7.32192182541, 13.7192487717, 16.5896987915, 17.5624980927, 26.7408275604, 38.3825569153, 22.8979301453, 19.8101406097, 14.6771888733, 14.6344413757, 8.95732116699, 4.10004472733, 2.85586047173, 2.07275557518, 1.58117210865, 1.14006209373, 0.927525877953, 0.499827593565, 0.246137201786, 0.104552805424, 0.0271445922554, 0.00417646346614, 0.000144713165355, 4.4519892981e-05], "min": [6.34129435868e-23, 7.57955531143e-22, 3.89036411067e-21, 6.22430994675e-21, 1.64178888759e-20, 1.77804314438e-20, 5.92761892106e-20, 8.97978096453e-20, 2.40983846174e-19, 2.38754697821e-19, 3.14945890453e-19, 5.20642728683e-19, 6.71125235177e-19, 8.41892898627e-19, 1.30061981429e-18, 1.18875263203e-18, 2.07852496756e-18, 2.07841702049e-18, 3.83671679829e-18, 3.04110822215e-18, 3.62909032863e-18, 4.83411711883e-18, 6.08361437954e-18, 7.16585572038e-18, 6.73035422686e-18, 9.63290287216e-18, 1.07826930226e-17, 1.0421687415e-17, 1.11924749893e-17, 1.10102115316e-17, 1.09862580354e-17, 1.15819629069e-17, 1.10450300451e-17, 7.92319085637e-18, 5.15571460124e-18, 4.32206709066e-18, 2.41976757592e-18, 9.58551886475e-19, 2.67318510993e-19, 2.64110303912e-20], "dvar2": [0.545546174049, 31.3900661469, 68.9703216553, 164.392852783, 694.627990723, 1029.8067627, 397.009338379, 1029.13757324, 461.398620605, 506.437683105, 445.208526611, 340.217285156, 1222.29528809, 4882.32080078, 1153.77209473, 1138.94470215, 606.096801758, 1734.4564209, 1669.50244141, 1090.83203125, 791.118591309, 1606.56323242, 456.038421631, 369.778991699, 179.214157104, 241.480117798, 73.0907211304, 62.8531074524, 30.3677997589, 21.0690784454, 18.1677856445, 11.4920873642, 9.32363510132, 3.86650896072, 1.9809166193, 0.503670692444, 0.0435387007892, 0.00382490782067, 0.000137718408951, 2.1054668764e-07], "dvar": [0.197030007839, 13.1010828018, 26.8756256104, 59.5008392334, 258.243255615, 351.902526855, 149.494750977, 415.591033936, 170.25088501, 192.407684326, 179.104751587, 138.309707642, 465.426818848, 1837.9552002, 429.265838623, 441.727508545, 238.773712158, 660.195068359, 629.743164063, 426.455078125, 304.158294678, 593.271057129, 170.000930786, 135.694564819, 68.3699874878, 93.0973968506, 28.1586284637, 26.9980106354, 12.3481035233, 9.47669410706, 7.8953537941, 4.92659807205, 3.97119545937, 1.81653833389, 0.890573740005, 0.221036806703, 0.0198915861547, 0.00169463502243, 5.68888535781e-05, 7.95021932731e-08], "dmean": [0.124772846699, 1.13321137428, 2.25716042519, 4.68976926804, 10.7068634033, 11.7240953445, 8.13322353363, 10.8355979919, 8.0152759552, 7.67051458359, 7.15062522888, 6.075963974, 11.4324703217, 20.196100235, 12.316573143, 10.3643941879, 8.16971588135, 12.8716230392, 14.9199304581, 12.1868591309, 12.6402511597, 18.1478404999, 9.58153820038, 8.62905216217, 5.99626350403, 6.85209417343, 3.83255362511, 3.08373808861, 2.16422510147, 1.73107016087, 1.3259575367, 1.03354823589, 0.719488441944, 0.433831095695, 0.259202390909, 0.132401108742, 0.0409711189568, 0.0094522209838, 0.00103819789365, 4.41486990894e-05], "max": [3.74839401245, 30.2439746857, 64.9118270874, 162.973312378, 258.321838379, 261.492767334, 232.884155273, 392.098968506, 263.081085205, 292.671539307, 367.882965088, 329.250061035, 481.957519531, 813.515563965, 467.672271729, 660.515380859, 469.204467773, 736.497131348, 501.982116699, 567.906433105, 365.907196045, 363.098876953, 211.597610474, 236.318649292, 158.01953125, 171.467300415, 112.906013489, 150.906509399, 86.1393814087, 105.904953003, 61.8284683228, 66.7796401978, 54.7263031006, 50.0195388794, 46.0338745117, 16.6996383667, 7.06704807281, 2.33271431923, 0.573125362396, 0.0180701371282], "var": [0.15008866787, 12.2616214752, 42.9450263977, 126.141441345, 603.938781738, 656.38092041, 318.00289917, 795.033874512, 366.317993164, 312.86517334, 360.867431641, 257.836639404, 928.622253418, 5824.90283203, 1270.68151855, 1074.0390625, 684.662353516, 1811.45983887, 1881.36035156, 1224.63354492, 974.677185059, 2023.53845215, 684.173034668, 541.146911621, 274.882141113, 415.402862549, 138.445541382, 116.943450928, 66.3947753906, 45.0801086426, 26.0647640228, 18.0695781708, 9.75044631958, 5.38076257706, 2.69021677971, 0.478783279657, 0.0401984676719, 0.00312852323987, 0.000103559868876, 1.04203245144e-07], "mean": [0.103747069836, 1.1034232378, 3.90805268288, 10.4769525528, 22.7312774658, 22.7851810455, 16.3220729828, 18.6157588959, 14.5081243515, 13.2299556732, 12.4903535843, 10.4931526184, 20.537984848, 40.4923591614, 25.6406421661, 20.1626873016, 17.0661029816, 27.113117218, 32.2969398499, 27.2441654205, 31.7906265259, 46.064289093, 26.9448623657, 23.7947998047, 17.6054439545, 19.6687469482, 11.6473484039, 8.35880374908, 6.40809774399, 4.91544294357, 3.58496046066, 2.82160758972, 1.79511666298, 1.01953339577, 0.559212386608, 0.254972457886, 0.0735154822469, 0.0147340521216, 0.00118588132318, 7.51143161324e-05]}, "spectral_strongpeak": {"dmean2": 0.490629702806, "median": 0.635686635971, "min": 0, "dvar2": 0.551614999771, "dvar": 0.202274426818, "dmean": 0.286713540554, "max": 5.868268013, "var": 0.284883677959, "mean": 0.69844263792}, "spectral_energy": {"dmean2": 0.0156381689012, "median": 0.0278794448823, "min": 1.0224700388e-20, "dvar2": 0.000778722111136, "dvar": 0.000327536487021, "dmean": 0.00980784650892, "max": 0.181012839079, "var": 0.000642059836537, "mean": 0.0313994958997}, "average_loudness": 0.889958560467, "spectral_rolloff": {"dmean2": 793.701477051, "median": 1485.79101563, "min": 86.1328125, "dvar2": 1706290.5, "dvar": 794213.625, "dmean": 484.868530273, "max": 19509.0820313, "var": 3057570.5, "mean": 1578.14465332}, "spectral_centroid": {"dmean2": 334.502380371, "median": 1348.02453613, "min": 127.264984131, "dvar2": 163169.140625, "dvar": 74824.1875, "dmean": 214.502212524, "max": 11648.2910156, "var": 758891.75, "mean": 1325.82250977}, "pitch_salience": {"dmean2": 0.113211788237, "median": 0.594839155674, "min": 0.0347589850426, "dvar2": 0.0130554353818, "dvar": 0.00497536407784, "dmean": 0.0695258975029, "max": 0.99123108387, "var": 0.0238959752023, "mean": 0.554509162903}, "spectral_energyband_middle_high": {"dmean2": 0.00204708636738, "median": 0.00488305930048, "min": 1.1792891446e-21, "dvar2": 7.10522908776e-06, "dvar": 2.88945966531e-06, "dmean": 0.00132033543196, "max": 0.0358450524509, "var": 3.10419090965e-05, "mean": 0.00610146857798}, "spectral_contrast_coeffs": {"dmean2": [0.0852274745703, 0.0788349807262, 0.0601098425686, 0.0475956946611, 0.0339232496917, 0.0267116818577], "median": [-0.540125489235, -0.727976262569, -0.795029938221, -0.797978401184, -0.784794986248, -0.764163434505], "min": [-0.976516902447, -0.988818049431, -0.990091621876, -0.984170138836, -0.984574317932, -0.964190244675], "dvar2": [0.00505333719775, 0.0041485670954, 0.00237848213874, 0.00146960397251, 0.000808917742688, 0.000665903964546], "dvar": [0.0019851368852, 0.001582679688, 0.000941718753893, 0.00059408339439, 0.000341980572557, 0.000277942046523], "dmean": [0.052627839148, 0.0475067012012, 0.0365791767836, 0.0289486087859, 0.0208453945816, 0.0166921373457], "max": [-0.253719985485, -0.416516005993, -0.499827831984, -0.541711091995, -0.581077933311, -0.56713527441], "var": [0.0106473602355, 0.00545519450679, 0.00349118979648, 0.00233621080406, 0.00134881620761, 0.00215552235022], "mean": [-0.539783537388, -