{"tonal": {"thpcp": [1, 0.592872083187, 0.0925615131855, 0.0605781003833, 0.0509242862463, 0.0591169223189, 0.0637188926339, 0.0532069653273, 0.0943993851542, 0.149153724313, 0.109977826476, 0.0547304339707, 0.0682177245617, 0.0761945173144, 0.0465779900551, 0.0281385015696, 0.0257500372827, 0.0287608467042, 0.0384968332946, 0.0593445524573, 0.176088556647, 0.316578000784, 0.223811015487, 0.0684326216578, 0.0412057898939, 0.0370774492621, 0.032632894814, 0.030975362286, 0.0360561534762, 0.0378903523088, 0.0333840437233, 0.0340617634356, 0.0395362526178, 0.0458843149245, 0.0617012195289, 0.50204449892], "hpcp": {"dmean2": [0.0528845824301, 0.060978282243, 0.0643841922283, 0.0568603388965, 0.0579529292881, 0.0623709708452, 0.0712539702654, 0.112185902894, 0.236615285277, 0.210020110011, 0.245337843895, 0.151718273759, 0.118115775287, 0.0983795151114, 0.0959668084979, 0.0960059314966, 0.0840497463942, 0.110173419118, 0.170597791672, 0.156883195043, 0.104973211884, 0.140849858522, 0.16510912776, 0.093659594655, 0.0472636893392, 0.0436800271273, 0.057164337486, 0.0819578841329, 0.111381955445, 0.159331381321, 0.162320509553, 0.122940190136, 0.0857893526554, 0.0748502165079, 0.0699878633022, 0.0595291294158], "median": [0.00140351511072, 0.00152698438615, 0.00147490133531, 0.00146126653999, 0.00178772245999, 0.0021507057827, 0.00285821128637, 0.00591757381335, 0.450013875961, 1, 0.530852198601, 0.0175362899899, 0.00251043075696, 0.00173515407369, 0.00299917208031, 0.0036799616646, 0.00813533458859, 0.0221151802689, 0.0278319250792, 0.0146697033197, 0.00256116129458, 0.00287296180613, 0.00305270892568, 0.00249857222661, 0.00166903901845, 0.000962560181506, 0.000991547247395, 0.00113825523295, 0.00223950552754, 0.0227501485497, 0.116653524339, 0.120588548481, 0.0241040345281, 0.00182231247891, 0.00122177798767, 0.00115743512288], "min": [0, 0, 0, 0, 0, 0, 0, 0, 0, 0, 0, 0, 0, 0, 0, 0, 0, 0, 0, 0, 0, 0, 0, 0, 0, 0, 0, 0, 0, 0, 0, 0, 0, 0, 0, 0], "dvar2": [0.0277887135744, 0.0299679711461, 0.0283899009228, 0.0274488832802, 0.0346652716398, 0.0317734926939, 0.0341573283076, 0.0656378120184, 0.0891420096159, 0.139926329255, 0.088386207819, 0.0854265764356, 0.0791202932596, 0.0644743293524, 0.0583207160234, 0.0640784353018, 0.0441028811038, 0.0483171492815, 0.113474734128, 0.105219803751, 0.0625472664833, 0.0932082757354, 0.141284584999, 0.0420141108334, 0.0194934085011, 0.017625303939, 0.0292810834944, 0.0627639591694, 0.0824110284448, 0.0968695953488, 0.0811978057027, 0.0448956079781, 0.0402787551284, 0.0447784252465, 0.0455089211464, 0.0378018096089], "dvar": [0.0101633407176, 0.0109637817368, 0.0104569839314, 0.0101824281737, 0.012783116661, 0.0117084095255, 0.0125256618485, 0.0232171732932, 0.0346327498555, 0.0697557702661, 0.0357777662575, 0.0307935252786, 0.0273368917406, 0.0224268268794, 0.020658461377, 0.02274354361, 0.0157897081226, 0.0174542888999, 0.0432537272573, 0.0387762226164, 0.0219730101526, 0.0334077589214, 0.0499787554145, 0.0148274134845, 0.00705661205575, 0.00684987334535, 0.0102900750935, 0.0210435129702, 0.0263525415212, 0.0349230840802, 0.0338526889682, 0.0168207231909, 0.0148732690141, 0.0161629840732, 0.0159378331155, 0.0136480042711], "dmean": [0.0297061819583, 0.0344339124858, 0.0358390547335, 0.0316547080874, 0.032465968281, 0.0353076197207, 0.0399412401021, 0.0620145648718, 0.133885875344, 0.117321744561, 0.140592798591, 0.0828408226371, 0.0636169165373, 0.0534604601562, 0.0525992289186, 0.0529762022197, 0.0466761440039, 0.0617836564779, 0.0958554297686, 0.0879426002502, 0.0571077764034, 0.0753215774894, 0.0874373093247, 0.050361700356, 0.026491984725, 0.0245913788676, 0.0308251194656, 0.0435929782689, 0.0607013329864, 0.0907667651772, 0.0944231078029, 0.0739421471953, 0.0481208078563, 0.0412066876888, 0.0382249467075, 0.0326340422034], "max": [1, 1, 1, 1, 1, 1, 1, 1, 1, 1, 1, 1, 1, 1, 1, 1, 1, 1, 1, 1, 1, 1, 1, 1, 1, 1, 1, 1, 1, 1, 1, 1, 1, 1, 1, 1], "var": [0.00727962143719, 0.00806069094688, 0.00806393008679, 0.0079316329211, 0.00930791348219, 0.00885405484587, 0.00968147534877, 0.0163261890411, 0.0511836446822, 0.169485300779, 0.0628373920918, 0.0227322243154, 0.0177481863648, 0.0143543258309, 0.0170455388725, 0.0202565044165, 0.0120116109028, 0.0152127938345, 0.0447585880756, 0.0355298966169, 0.0141932815313, 0.0211687441915, 0.0300378352404, 0.00927281845361, 0.00507203908637, 0.00567208090797, 0.00656259944662, 0.0122153535485, 0.0174858756363, 0.055580355227, 0.0771820694208, 0.020399492234, 0.0108894109726, 0.0109632676467, 0.0102876145393, 0.00924401450902], "mean": [0.0228189527988, 0.0265618730336, 0.0279130935669, 0.0245933812112, 0.025092644617, 0.0291255954653, 0.0338020920753, 0.0454540997744, 0.369846522808, 0.736680746078, 0.436757445335, 0.0681882873178, 0.0446267202497, 0.0375149399042, 0.0435502976179, 0.0469404831529, 0.0391965471208, 0.0695422068238, 0.1098786816, 0.0810185447335, 0.0403188578784, 0.0502546839416, 0.0561310350895, 0.034313108772, 0.0207290928811, 0.0189695563167, 0.0211875624955, 0.0283598769456, 0.0437179878354, 0.129721045494, 0.233216926455, 0.164877265692, 0.0504129938781, 0.0303555130959, 0.0273142438382, 0.0240400247276]}, "tuning_equal_tempered_deviation": 0.0692289024591, "chords_changes_rate": 0.020006781444, "key_key": "C", "tuning_diatonic_strength": 0.490214943886, "key_scale": "minor", "chords_number_rate": 0.00135639205109, "tuning_frequency": 453.154663086, "tuning_nontempered_energy_ratio": 0.660783529282, "chords_histogram": [90.9799957275, 0, 0.0339098013937, 0, 0, 0, 0, 1.93285858631, 0, 0.915564596653, 0, 0, 0, 0, 0, 0, 0, 0, 0, 0, 0, 0, 1.0851136446, 5.05256032944], "key_strength": 0.62987601757, "chords_key": "C", "chords_strength": {"dmean2": 0.00631457194686, "median": 0.618953168392, "min": 0.268133372068, "dvar2": 3.03234010062e-05, "dvar": 2.86095892079e-05, "dmean": 0.00640567531809, "max": 0.766644835472, "var": 0.00638642208651, "mean": 0.613547086716}, "chords_scale": "minor", "hpcp_entropy": {"dmean2": 1.14723324776, "median": 1.6160171032, "min": 0, "dvar2": 0.848114728928, "dvar": 0.330521613359, "dmean": 0.675297498703, "max": 4.25874567032, "var": 0.635015547276, "mean": 1.6168487072}}, "metadata": {"audio_properties": {"equal_loudness": 0, "codec": "mp3", "downmix": "mix", "sample_rate": 44100, "analysis_sample_rate": 44100, "bit_rate": 192000, "md5_encoded": "84331e14c3395a42bee5bc5afb146386", "length": 136.881637573, "replay_gain": -12.3684940338, "lossless": false}, "version": {"essentia_build_sha": "70f2e5ece6736b2c40cc944ad0e695b16b925413", "essentia": "2.1-beta2", "extractor": "music 1.0", "essentia_git_sha": "v2.1_beta2"}, "tags": {"title": ["Ain't No Stoppin' the Poppin'"], "artist": ["Gonzales"], "albumartist": ["Gonzales"], "date": ["2000"], "genre": ["Electronic"], "album": ["The Entertainist"], "tracknumber": ["14"], "discnumber": ["1"], "musicbrainz_recordingid": ["032e8344-a9f1-4194-a9c0-f57bbea71a5f"], "file_name": "2232222.mp3"}}, "rhythm": {"bpm_histogram_first_peak_bpm": {"dmean2": 0, "median": 81, "min": 81, "dvar2": 0, "dvar": 0, "dmean": 0, "max": 81, "var": 0, "mean": 81}, "bpm": 80.1025543213, "bpm_histogram_second_peak_spread": {"dmean2": 0, "median": 0, "min": 0, "dvar2": 0, "dvar": 0, "dmean": 0, "max": 0, "var": 0, "mean": 0}, "bpm_histogram_first_peak_weight": {"dmean2": 0, "median": 0.701657414436, "min": 0.701657414436, "dvar2": 0, "dvar": 0, "dmean": 0, "max": 0.701657414436, "var": 0, "mean": 0.701657414436}, "onset_rate": 4.15652322769, "beats_position": [0.673378646374, 1.35836732388, 2.06657600403, 2.76317453384, 3.48299312592, 4.22603178024, 4.94585037231, 5.66566896439, 6.40870714188, 7.1517457962, 7.89478445053, 8.62621307373, 9.36925125122, 10.1239004135, 10.8785486221, 11.6215867996, 12.3762359619, 13.1192741394, 13.8390922546, 14.5821313858, 15.3251695633, 16.0682086945, 16.7880268097, 17.5078449249, 18.2508831024, 18.9939231873, 19.7369613647, 20.4799995422, 21.2230377197, 21.9892959595, 22.7207260132, 23.4521541595, 24.195192337, 24.9382305145, 25.6696586609, 26.4010887146, 27.1673469543, 27.9103851318, 28.6534233093, 29.3964614868, 30.1511096954, 30.9057598114, 31.6487979889, 32.4034461975, 33.1580963135, 33.9127426147, 34.6673927307, 35.4104309082, 36.1766891479, 36.9197273254, 37.6743774414, 38.4406356812, 39.1952819824, 39.9499320984, 40.7045783997, 41.4708366394, 42.2487068176, 43.0149650574, 43.7928352356, 44.5590934753, 45.3369598389, 46.1148300171, 46.8926963806, 47.6705665588, 48.4368247986, 49.2030830383, 49.9577331543, 50.7123794556, 51.5018577576, 52.2797279358, 53.0459861755, 53.8006324768, 54.5552825928, 55.3215408325, 56.0761909485, 56.8424491882, 57.5970954895, 58.3749656677, 59.1412239075, 59.9074821472, 60.6853485107, 61.463218689, 62.2294769287, 62.9725151062, 63.7271652222, 64.4818115234, 65.2480697632, 66.0143280029, 66.7805862427, 67.5468444824, 68.3014984131, 69.0561447144, 69.8107910156, 70.5654373169, 71.3084793091, 72.0631256104, 72.8409957886, 73.5956420898, 74.338684082, 75.0933303833, 75.8479766846, 76.6026306152, 77.3572769165, 78.1119232178, 78.85496521, 79.6212234497, 80.3642578125, 81.1305236816, 81.8967819214, 82.6630401611, 83.4060745239, 84.1491165161, 84.9153747559, 85.6584091187, 86.4014511108, 87.1444854736, 87.8875274658, 88.6305618286, 89.3852157593, 90.1282501221, 90.8712921143, 91.6259384155, 92.3689804077, 93.1120147705, 93.8782730103, 94.6329269409, 95.3875732422, 96.130607605, 96.8736495972, 97.6050796509, 98.3365097046, 99.0795440674, 99.8225860596, 100.565620422, 101.308662415, 102.051696777, 102.817955017, 103.572608948, 104.304031372, 105.047073364, 105.790107727, 106.544761658, 107.276191711, 108.019226074, 108.785484314, 109.540130615, 110.271560669, 111.014602661, 111.757637024, 112.489067078, 113.220497131, 113.963539124, 114.729797363, 115.496055603, 116.239089966, 116.993736267, 117.748390198, 118.491424561, 119.211242676, 119.931060791, 120.650878906, 121.370697021, 122.113739014, 122.856781006, 123.599815369, 124.342857361, 125.085891724, 125.828933716, 126.583580017, 127.338226318, 128.081268311, 128.812698364, 129.544128418, 130.275558472, 131.006988525, 131.750015259, 132.493057251, 133.236099243, 133.967529297, 134.698959351, 135.441986084, 136.185028076], "beats_loudness": {"dmean2": 0.0963145643473, "median": 0.0853374376893, "min": 0.0153572326526, "dvar2": 0.00399489048868, "dvar": 0.00121457572095, "dmean": 0.0539393983781, "max": 0.220673978329, "var": 0.00185333762784, "mean": 0.0949314758182}, "danceability": 1.56565582752, "bpm_histogram_second_peak_weight": {"dmean2": 0, "median": 0.00552486209199, "min": 0.00552486209199, "dvar2": 0, "dvar": 0, "dmean": 0, "max": 0.00552486209199, "var": 0, "mean": 0.00552486209199}, "beats_count": 182, "bpm_histogram_second_peak_bpm": {"dmean2": 0, "median": 76, "min": 76, "dvar2": 0, "dvar": 0, "dmean": 0, "max": 76, "var": 0, "mean": 76}, "bpm_histogram_first_peak_spread": {"dmean2": 0, "median": 0.286516845226, "min": 0.286516845226, "dvar2": 0, "dvar": 0, "dmean": 0, "max": 0.286516845226, "var": 0, "mean": 0.286516845226}, "beats_loudness_band_ratio": {"dmean2": [0.944379866123, 0.164514645934, 0.293868839741, 0.298563122749, 0.161237210035, 0.150282099843], "median": [0.615691781044, 0.10322111845, 0.0540848225355, 0.0598664209247, 0.0270694997162, 0.00953735411167], "min": [0.000849301519338, 0.000565042428207, 0.00124739028979, 0.000133483088575, 0.000283511937596, 2.40916187977e-06], "dvar2": [0.127589449286, 0.0194890573621, 0.0142937358469, 0.0300275478512, 0.00670352531597, 0.0212446283549], "dvar": [0.0383784249425, 0.00646447809413, 0.00425827410072, 0.00932661350816, 0.0019739381969, 0.00661948090419], "dmean": [0.472353726625, 0.0925188139081, 0.148412421346, 0.151478871703, 0.0816521793604, 0.0748480260372], "max": [0.980770647526, 0.62803709507, 0.311177968979, 0.498803734779, 0.259212881327, 0.731931805611], "var": [0.0750812888145, 0.00740077206865, 0.00806544255465, 0.0112767219543, 0.00280446535908, 0.00469909608364], "mean": [0.654951632023, 0.106762006879, 0.093505859375, 0.0924350097775, 0.0509351231158, 0.0433145202696]}}, "lowlevel": {"barkbands_spread": {"dmean2": 5.4406619072, "median": 9.62572669983, "min": 0.561663448811, "dvar2": 59.5218811035, "dvar": 34.6361236572, "dmean": 3.98411250114, "max": 114.775146484, "var": 142.153045654, "mean": 12.511797905}, "melbands_spread": {"dmean2": 5.94125652313, "median": 7.52818918228, "min": 0.505113661289, "dvar2": 164.408004761, "dvar": 76.6978225708, "dmean": 4.20814657211, "max": 275.415100098, "var": 218.913009644, "mean": 11.9579811096}, "hfc": {"dmean2": 7.22761011124, "median": 6.52925825119, "min": 4.58146800497e-08, "dvar2": 133.542922974, "dvar": 95.7391662598, "dmean": 5.81182146072, "max": 172.185195923, "var": 396.652862549, "mean": 14.396279335}, "barkbands_kurtosis": {"dmean2": 12.618598938, "median": 5.78109788895, "min": -1.95479416847, "dvar2": 879.662963867, "dvar": 365.831085205, "dmean": 8.30479621887, "max": 261.151855469, "var": 567.720214844, "mean": 13.7831344604}, "gfcc": {"mean": [-77.0496292114, 144.971115112, -78.716293335, 25.7270774841, -23.8058662415, 17.5357437134, -37.1710205078, 3.88182687759, -16.2256755829, -2.23848676682, -8.98386859894, -0.63520616293, -7.85284852982], "icov": [[0.000269462558208, -0.000252916273894, 0.000238860782702, -0.000382900645491, 0.000167494261404, -0.000478757952806, 0.000156649606652, -0.000707659695763, 0.000286899041384, -0.000640308950096, 0.000516188913025, -0.000645500025712, 0.000443105818704], [-0.000252916273894, 0.00301437405869, -0.000595728575718, 0.00250702118501, -0.00161809637211, 0.00196189968847, -0.00137670047116, 0.00207314896397, -0.00177849968895, 0.00324435438961, -0.0033293038141, 0.00297730695456, -0.0025308590848], [0.000238860782702, -0.000595728575718, 0.00124534813222, -0.000766564568039, -0.000108685351734, -0.00126140459906, 0.000552474753931, -0.000439206429292, 0.000132588131237, -0.0021030830685, 0.00144655781332, -0.000842237088364, 5.66519483982e-05], [-0.000382900645491, 0.00250702118501, -0.000766564568039, 0.00405341945589, -0.000470026483526, 0.00230347644538, -0.00015187849931, 0.00210563628934, -0.00121592602227, 0.00189355714247, -0.00356370978989, 0.00227640592493, -0.00320703024045], [0.000167494261404, -0.00161809637211, -0.000108685351734, -0.000470026483526, 0.0040819067508, -5.25121176906e-05, 0.00127784372307, -0.000389581371564, 0.0006306610303, -0.00169368693605, -0.000307560694637, -0.00230522896163, 5.83673681831e-05], [-0.000478757952806, 0.00196189968847, -0.00126140459906, 0.00230347644538, -5.25121176906e-05, 0.00708838738501, -0.00139073748142, 0.00353191746399, 0.000240392939304, 0.0020792610012, -0.00369428470731, 0.000447448925115, -0.00162870297208], [0.000156649606652, -0.00137670047116, 0.000552474753931, -0.00015187849931, 0.00127784372307, -0.00139073748142, 0.00568041019142, -0.000642619037535, 0.00404982222244, -0.00194198032841, 0.00104115495924, -0.000971286441199, -0.00173334404826], [-0.000707659695763, 0.00207314896397, -0.000439206429292, 0.00210563628934, -0.000389581371564, 0.00353191746399, -0.000642619037535, 0.00820195861161, 0.00059568346478, 0.00401001330465, -0.000875593512319, 0.00101912894752, -0.00262417341582], [0.000286899041384, -0.00177849968895, 0.000132588131237, -0.00121592602227, 0.0006306610303, 0.000240392939304, 0.00404982222244, 0.00059568346478, 0.0103500885889, -0.00116758944932, 0.00313099403866, -0.000278888794128, -0.000645873486064], [-0.000640308950096, 0.00324435438961, -0.0021030830685, 0.00189355714247, -0.00169368693605, 0.0020792610012, -0.00194198032841, 0.00401001330465, -0.00116758944932, 0.0150918615982, -0.00150850450154, 0.0037955683656, 0.00101369875483], [0.000516188913025, -0.0033293038141, 0.00144655781332, -0.00356370978989, -0.000307560694637, -0.00369428470731, 0.00104115495924, -0.000875593512319, 0.00313099403866, -0.00150850450154, 0.0130058676004, -0.00328933866695, 0.00537350820377], [-0.000645500025712, 0.00297730695456, -0.000842237088364, 0.00227640592493, -0.00230522896163, 0.000447448925115, -0.000971286441199, 0.00101912894752, -0.000278888794128, 0.0037955683656, -0.00328933866695, 0.0140402708203, -6.20408536633e-05], [0.000443105818704, -0.0025308590848, 5.66519483982e-05, -0.00320703024045, 5.83673681831e-05, -0.00162870297208, -0.00173334404826, -0.00262417341582, -0.000645873486064, 0.00101369875483, 0.00537350820377, -6.20408536633e-05, 0.0153673151508]], "cov": [[11247.1298828, -3808.84082031, -1414.20202637, 864.523681641, -1240.59802246, 390.811584473, 92.0394515991, 1056.05151367, -761.742248535, 309.707977295, -305.339263916, 640.856933594, -472.193756104], [-3808.84082031, 3530.40307617, 81.7059249878, -1009.30584717, 940.296936035, -269.503997803, 188.244979858, -447.775238037, 367.736938477, -366.572723389, 313.406738281, -365.460693359, 321.522460938], [-1414.20202637, 81.7059249878, 1768.97705078, 167.589859009, 223.143432617, 144.935638428, -174.997375488, -257.617156982, 166.102584839, 209.483016968, -77.6516036987, -36.0744552612, 53.6397628784], [864.523681641, -1009.30584717, 167.589859009, 796.311096191, -217.488143921, -14.8127098083, -165.249832153, 46.2116775513, -3.38485407829, 106.581520081, -51.0631256104, 43.7371749878, -26.2187519073], [-1240.59802246, 940.296936035, 223.143432617, -217.488143921, 581.151916504, -65.4142532349, -46.7302970886, -165.880477905, 123.977180481, -53.3887290955, 113.515815735, -57.6714782715, 70.4886169434], [390.811584473, -269.503997803, 144.935638428, -14.8127098083, -65.4142532349, 303.512145996, 66.7328262329, -54.4565315247, -93.0025024414, 53.482421875, 36.411693573, 66.3800888062, -48.5361061096], [92.0394515991, 188.244979858, -174.997375488, -165.249832153, -46.7302970886, 66.7328262329, 354.698883057, 26.1811122894, -135.399993896, -27.1057415009, 26.9294376373, 4.53887605667, 32.9353141785], [1056.05151367, -447.775238037, -257.617156982, 46.2116775513, -165.880477905, -54.4565315247, 26.1811122894, 313.397949219, -94.5583724976, -20.1037139893, -71.7033843994, 60.7926750183, -19.6029853821], [-761.742248535, 367.736938477, 166.102584839, -3.38485407829, 123.977180481, -93.0025024414, -135.399993896, -94.5583724976, 234.971176147, -21.7211666107, -14.9597549438, -74.3917007446, 55.7004814148], [309.707977295, -366.572723389, 209.483016968, 106.581520081, -53.3887290955, 53.482421875, -27.1057415009, -20.1037139893, -21.7211666107, 153.874267578, -36.6990585327, 25.5394687653, -46.5777511597], [-305.339263916, 313.406738281, -77.6516036987, -51.0631256104, 113.515815735, 36.411693573, 26.9294376373, -71.7033843994, -14.9597549438, -36.6990585327, 175.091629028, -1.75425326824, -15.1690311432], [640.856933594, -365.460693359, -36.0744552612, 43.7371749878, -57.6714782715, 66.3800888062, 4.53887605667, 60.7926750183, -74.3917007446, 25.5394687653, -1.75425326824, 144.211013794, -54.8744392395], [-472.193756104, 321.522460938, 53.6397628784, -26.2187519073, 70.4886169434, -48.5361061096, 32.9353141785, -19.6029853821, 55.7004814148, -46.5777511597, -15.1690311432, -54.8744392395, 131.422821045]]}, "spectral_energyband_middle_low": {"dmean2": 0.00635795015842, "median": 0.00597503781319, "min": 4.81649496762e-13, "dvar2": 0.000142569711898, "dvar": 6.1879552959e-05, "dmean": 0.00411230232567, "max": 0.1142392084, "var": 9.96133239823e-05, "mean": 0.00926959514618}, "melbands_crest": {"dmean2": 3.14999198914, "median": 19.3183631897, "min": 3.54822516441, "dvar2": 13.3599262238, "dvar": 5.78377580643, "dmean": 2.08030319214, "max": 35.3983192444, "var": 23.2343616486, "mean": 18.4055500031}, "spectral_kurtosis": {"dmean2": 16.6665973663, "median": 10.3737678528, "min": -1.22664690018, "dvar2": 740.274841309, "dvar": 320.988861084, "dmean": 10.5753040314, "max": 190.810501099, "var": 1159.17224121, "mean": 22.7727241516}, "spectral_rms": {"dmean2": 0.00112809543498, "median": 0.0052153733559, "min": 1.01657903429e-07, "dvar2": 3.72549766325e-06, "dvar": 1.98728844225e-06, "dmean": 0.000810597150121, "max": 0.0179390069097, "var": 5.41119698028e-06, "mean": 0.00564226740971}, "zerocrossingrate": {"dmean2": 0.00769121665508, "median": 0.0224609375, "min": 0.00341796875, "dvar2": 0.000116989518574, "dvar": 0.000124189784401, "dmean": 0.00713097676635, "max": 0.41943359375, "var": 0.000811572070234, "mean": 0.02935741283}, "silence_rate_60dB": {"dmean2": 0.0291822198778, "median": 0, "min": 0, "dvar2": 0.029689816758, "dvar": 0.0143764428794, "dmean": 0.0145886344835, "max": 1, "var": 0.0418399088085, "mean": 0.043758481741}, "erbbands_kurtosis": {"dmean2": 2.22906827927, "median": 0.47574698925, "min": -1.89554667473, "dvar2": 10.3910646439, "dvar": 4.9740319252, "dmean": 1.43747186661, "max": 73.3852996826, "var": 11.6599321365, "mean": 1.58015823364}, "erbbands": {"dmean2": [0.33968219161, 2.99158000946, 5.24596500397, 6.96965885162, 7.16493082047, 7.28754806519, 13.4088582993, 10.5901145935, 11.2335529327, 11.2813482285, 13.5998716354, 18.3092651367, 31.2539710999, 22.5509052277, 23.044878006, 28.1543445587, 25.7077903748, 19.1867256165, 11.718457222, 14.3282871246, 15.0391616821, 16.0289974213, 9.02289295197, 8.94943237305, 8.23880577087, 4.73358726501, 3.09053397179, 2.26886105537, 2.85856819153, 2.45119071007, 1.40851390362, 0.797818601131, 0.578503370285, 0.410413563251, 0.259378224611, 0.234863713384, 0.111192852259, 0.0114306416363, 0.000877949991263, 3.80692727049e-05], "median": [0.43616104126, 4.4900226593, 2.06605052948, 1.82883810997, 8.94179153442, 10.9019012451, 13.0988950729, 1.8310239315, 1.42411756516, 2.02478289604, 2.41155362129, 1.75570857525, 1.50906395912, 0.890005946159, 0.893549084663, 3.32769155502, 4.25367546082, 2.21045255661, 1.5518155098, 1.08198451996, 1.35369849205, 2.8776986599, 1.01004457474, 0.777702212334, 0.505939006805, 0.178773924708, 0.0808600187302, 0.105510473251, 0.0881773382425, 0.0660530626774, 0.0359279699624, 0.0412063859403, 0.0474939532578, 0.0191389415413, 0.00744830910116, 0.00295696593821, 0.000764161581174, 9.8267570138e-05, 1.79097041837e-05, 3.19492464769e-05], "min": [9.07517602733e-11, 3.78469783291e-10, 5.44953471238e-10, 4.51001486157e-10, 6.08397610069e-10, 6.95323187916e-10, 3.62745750104e-10, 3.53540696718e-10, 3.78170383897e-10, 7.24519222395e-10, 5.70630320773e-10, 4.41828629238e-10, 2.10549822022e-09, 1.40904676815e-09, 9.82848802344e-10, 1.08844355751e-09, 3.29758775841e-09, 3.94879196008e-09, 3.32230598588e-09, 2.38155295484e-09, 4.35261382492e-09, 2.64539301575e-09, 5.53670087555e-09, 7.508649702e-09, 8.23668067085e-09, 5.49421930174e-09, 7.84444598168e-09, 8.69928662439e-09, 7.0109105188e-09, 8.84956641301e-09, 8.3023401487e-09, 7.06230895986e-09, 7.01118763047e-09, 4.53716664239e-09, 3.49108653097e-09, 2.11387196636e-09, 1.33901389976e-09, 5.15485876207e-10, 1.11282677517e-10, 1.28592579293e-11], "dvar2": [1.08427214622, 102.547714233, 284.907897949, 307.215209961, 270.771087646, 107.215126038, 536.165527344, 1388.35388184, 1400.49975586, 841.225341797, 1306.93591309, 2368.8359375, 9090.60742188, 5934.37304688, 4040.34228516, 5196.97558594, 4854.25927734, 3958.78857422, 1137.4095459, 2137.578125, 1347.77209473, 1354.0369873, 575.698547363, 1041.33679199, 896.97845459, 421.468322754, 163.04864502, 61.4703178406, 100.098594666, 91.0872573853, 28.0879688263, 6.30579614639, 2.9089884758, 0.984804391861, 0.399861782789, 0.391679465771, 0.103535465896, 0.00098985794466, 5.76116326556e-06, 8.51036308092e-09], "dvar": [0.488827675581, 40.7868156433, 103.240501404, 109.181236267, 102.178031921, 43.4484634399, 200.596939087, 592.045776367, 513.482116699, 369.87991333, 564.327087402, 1143.93383789, 3747.47216797, 2979.09521484, 1877.65612793, 2822.04150391, 2361.43798828, 1772.59436035, 590.855163574, 998.454528809, 744.128173828, 686.254272461, 262.770599365, 462.860046387, 407.877593994, 189.863952637, 90.4723205566, 33.9794692993, 49.1492996216, 45.8616294861, 16.4490337372, 3.84638309479, 1.61458170414, 0.485418766737, 0.183204323053, 0.199596181512, 0.0496238172054, 0.000519941269886, 2.91840092359e-06, 4.28956825616e-09], "dmean": [0.215817689896, 1.81810629368, 3.11416912079, 3.98916530609, 4.27619457245, 4.40240240097, 8.10438728333, 6.6896686554, 6.75696849823, 7.36499547958, 9.20780086517, 13.237364769, 21.2974071503, 16.2979335785, 15.3536024094, 19.2607097626, 18.055847168, 12.7664136887, 8.61361217499, 10.0999689102, 10.8073129654, 10.9698953629, 6.30390834808, 6.1487455368, 5.66484689713, 3.41565489769, 2.321839571, 1.66943883896, 2.06511521339, 1.82755029202, 1.0872143507, 0.601482510567, 0.427867442369, 0.297142803669, 0.184412106872, 0.178142562509, 0.0828493833542, 0.00877783726901, 0.0006576027954, 2.79699870589e-05], "max": [8.99785900116, 63.7031097412, 102.091369629, 79.2702178955, 178.340911865, 125.003990173, 239.961151123, 641.502685547, 867.100097656, 408.645629883, 674.451049805, 988.977294922, 868.074645996, 2084.7980957, 1040.6027832, 729.831420898, 1037.80883789, 1120.45837402, 615.973754883, 1194.0411377, 617.480773926, 762.551574707, 435.716369629, 876.081481934, 661.387390137, 671.004516602, 364.491516113, 184.126037598, 187.576339722, 201.25453186, 150.074676514, 72.0505752563, 43.7147254944, 16.2926254272, 7.23750352859, 3.23590302467, 1.5264531374, 0.1642562747, 0.0133277028799, 0.000557819963433], "var": [0.55545258522, 37.4290733337, 92.8378448486, 79.1804275513, 109.083946228, 66.4602508545, 255.510360718, 659.149047852, 656.161743164, 535.18927002, 821.85559082, 2143.62695312, 6155.98291016, 5455.95410156, 3894.05908203, 5497.69042969, 5061.43603516, 2605.7043457, 1068.47363281, 1671.30883789, 1722.87548828, 1660.67468262, 558.475646973, 733.530456543, 735.06640625, 494.967803955, 260.282318115, 93.6582107544, 112.220375061, 108.303764343, 49.6523666382, 12.6090316772, 4.74214363098, 1.13037896156, 0.36956885457, 0.341531932354, 0.067575417459, 0.000853016448673, 4.15244903706e-06, 6.75123423832e-09], "mean": [0.516287326813, 4.91766643524, 4.82763624191, 4.45636558533, 10.1529636383, 11.7293691635, 16.5084915161, 7.82414388657, 7.92701005936, 9.19528579712, 12.8258390427, 19.9265346527, 29.9921684265, 22.7202129364, 23.1863689423, 37.0890617371, 39.0165557861, 16.6197452545, 12.504948616, 13.4746704102, 16.2073574066, 16.7345466614, 9.58089923859, 8.01585578918, 7.04648828506, 4.88336324692, 3.63183760643, 2.58756041527, 2.85042715073, 2.74305796623, 1.77068018913, 0.988835275173, 0.679158270359, 0.418580621481, 0.256841003895, 0.232103839517, 0.0924310162663, 0.0111399833113, 0.000739263545256, 5.95079145569e-05]}, "spectral_strongpeak": {"dmean2": 0.211821809411, "median": 0.479206889868, "min": 0, "dvar2": 0.295684874058, "dvar": 0.113661058247, "dmean": 0.123022727668, "max": 6.85848379135, "var": 0.127967387438, "mean": 0.509692072868}, "spectral_energy": {"dmean2": 0.0185688063502, "median": 0.0278801247478, "min": 1.05926873176e-11, "dvar2": 0.00163216923829, "dvar": 0.000779842841439, "dmean": 0.0127556845546, "max": 0.329853147268, "var": 0.00125110032968, "mean": 0.0381776168942}, "average_loudness": 0.967795968056, "spectral_rolloff": {"dmean2": 370.277770996, "median": 279.931640625, "min": 64.599609375, "dvar2": 611829.5625, "dvar": 332074.375, "dmean": 234.580581665, "max": 13436.71875, "var": 920571.3125, "mean": 676.98248291}, "spectral_centroid": {"dmean2": 265.534606934, "median": 574.582763672, "min": 164.413284302, "dvar2": 152991.140625, "dvar": 98202.75, "dmean": 196.991882324, "max": 11068.1572266, "var": 403493.71875, "mean": 768.916137695}, "pitch_salience": {"dmean2": 0.0930431634188, "median": 0.40253663063, "min": 0.0838754028082, "dvar2": 0.0115822432563, "dvar": 0.00495633622631, "dmean": 0.0597229003906, "max": 0.832116425037, "var": 0.0154787879437, "mean": 0.435432851315}, "spectral_energyband_middle_high": {"dmean2": 0.00265162088908, "median": 0.0018068428617, "min": 7.59555829691e-13, "dvar2": 2.94081219181e-05, "dvar": 1.89949132618e-05, "dmean": 0.00213988008909, "max": 0.0589309632778, "var": 6.43768144073e-05, "mean": 0.0045656808652}, "spectral_contrast_coeffs": {"dmean2": [0.0688831061125, 0.0776803568006, 0.0620919167995, 0.0512202605605, 0.0531053841114, 0.0333459936082], "median": [-0.678677141666, -0.718633651733, -0.791100025177, -0.762980341911, -0.781479120255, -0.816679239273], "min": [-0.961913466454, -0.956517159939, -0.964279472828, -0.960723042488, -0.955545008183, -0.961958169937], "dvar2": [0.0030237394385, 0.00436426140368, 0.00249135727063, 0.00195992365479, 0.00218275282532, 0.000831573153846], "dvar": [0.00117655482609, 0.00182750285603, 0.00109046685975, 0.000871224445291, 0.0011224411428, 0.000394431117456], "dmean": [0.0412391461432, 0.0482029728591, 0.0387781001627, 0.0332393199205, 0.0360736735165, 0.0226301308721], "max": [-0.331848889589, -0.396251380444, -0.427196890116, -0.526145040989, -0.50927901268, -0.596840262413], "var": [0.00315364450216, 0.00481951003894, 0.00430740369484, 0.00465790135786, 0.00517161749303, 0.00234327628277], "mean": [-0.670234620571, -0.717530429363, -0.783372581005, -0.75547426939, -0.768254458904, -0.811007797718]}, "melbands_skewness": {"dmean2": 1.37074506283, "median": 3.1945848465, "min": -3.20987772942, "dvar2": 3.18551087379, "dvar": 1.77596414089, "dmean": 0.982010483742, "max": 21.2977828979, "var": 5.88242483139, "mean": 3.64600229263}, "spectral_spread": {"dmean2": 1270002.375, "median": 2767592.5, "min": 407154.5, "dvar2": 2589709041660.0, "dvar": 1693992484860.0, "dmean": 949815.5, "max": 38864084, "var": 6602876256260.0, "mean": 3658358.5}, "dissonance": {"dmean2": 0.0482471249998, "median": 0.446496486664, "min": 0.186633333564, "dvar2": 0.00224947347306, "dvar": 0.000893141084816, "dmean": 0.0294668544084, "max": 0.500000178814, "var": 0.00213859439828, "mean": 0.43487662077}, "spectral_skewness": {"dmean2": 1.1702889204, "median": 2.398614645, "min": -0.558051645756, "dvar2": 2.22082543373, "dvar": 0.984490156174, "dmean": 0.785568237305, "max": 10.8926830292, "var": 4.15656757355, "mean": 3.04946756363}, "spectral_flux": {"dmean2": 0.0440202206373, "median": 0.0489264912903, "min": 2.7911264624e-05, "dvar2": 0.00400421116501, "dvar": 0.00195135385729, "dmean": 0.0298389252275, "max": 0.450202047825, "var": 0.00499494373798, "mean": 0.0747263506055}, "spectral_contrast_valleys": {"dmean2": [0.545479476452, 0.714235663414, 0.685486257076, 0.577872574329, 0.637557208538, 0.68800765276], "median": [-6.33648109436, -7.48992490768, -8.39004898071, -8.52462005615, -8.99802780151, -11.437582016], "min": [-27.2610359192, -27.3723182678, -27.3756103516, -27.1593608856, -27.4583206177, -27.1696300507], "dvar2": [0.242761686444, 0.461048841476, 0.431933820248, 0.333634614944, 0.496719717979, 0.654084920883], "dvar": [0.131055608392, 0.247050240636, 0.268112927675, 0.213076740503, 0.307812303305, 0.378488630056], "dmean": [0.341933369637, 0.479633241892, 0.476080060005, 0.430164217949, 0.517133891582, 0.572053432465], "max": [-4.94023370743, -4.83093309402, -4.80213689804, -5.46511459351, -5.51002788544, -7.83156919479], "var": [0.979231238365, 1.15743219852, 1.61322033405, 1.29971051216, 2.37390637398, 2.59224534035], "mean": [-6.59016132355, -7.53039598465, -8.17436695099, -8.44356060028, -9.09579277039, -11.4433526993]}, "erbbands_flatness_db": {"dmean2": 0.0376257449389, "median": 0.205022022128, "min": 0.0246629714966, "dvar2": 0.00164326373488, "dvar": 0.000947528402321, "dmean": 0.028760580346, "max": 0.575513899326, "var": 0.00529652228579, "mean": 0.206010788679}, "spectral_energyband_high": {"dmean2": 0.000308700109599, "median": 1.55381767399e-05, "min": 3.09175211474e-12, "dvar2": 6.1318905864e-07, "dvar": 4.07902035704e-07, "dmean": 0.000248184078373, "max": 0.019685972482, "var": 1.44671741964e-06, "mean": 0.000413272326114}, "spectral_entropy": {"dmean2": 0.384184777737, "median": 6.87179279327, "min": 3.81977248192, "dvar2": 0.194530799985, "dvar": 0.117861710489, "dmean": 0.29532122612, "max": 9.80349826813, "var": 0.694714307785, "mean": 6.75073623657}, "silence_rate_20dB": {"dmean2": 0, "median": 1, "min": 1, "dvar2": 0, "dvar": 0, "dmean": 0, "max": 1, "var": 0, "mean": 1}, "melbands_flatness_db": {"dmean2": 0.0541094690561, "median": 0.359972923994, "min": 0.0310465078801, "dvar2": 0.00345863960683, "dvar": 0.00199360889383, "dmean": 0.0434163883328, "max": 0.682480454445, "var": 0.0168855339289, "mean": 0.366931468248}, "barkbands": {"dmean2": [0.000796558975708, 0.0119690652937, 0.00470252381638, 0.00248178350739, 0.00242921779864, 0.00128800910898, 0.000829880358651, 0.000631168717518, 0.000846347713377, 0.00101419189014, 0.000566206115764, 0.000706090067979, 0.000607428955846, 0.000357770244591, 0.000240657376708, 0.000296206359053, 0.000295716774417, 0.000160213006893, 0.000184848569916, 0.000103843551187, 6.15192111582e-05, 7.93765429989e-05, 5.25852337887e-05, 3.51262679033e-05, 3.51898052031e-05, 5.34496975888e-05, 4.8485426305e-06], "median": [1.8336053472e-05, 0.0185642689466, 0.000593821576331, 0.00037111324491, 0.00446543376893, 0.000259145133896, 8.25265451567e-05, 0.000108721884317, 6.91868917784e-05, 4.29274296039e-05, 1.20337035696e-05, 7.53559943405e-05, 8.79300714587e-05, 3.29560789396e-05, 1.74807792064e-05, 2.09309037018e-05, 4.44485012849e-05, 1.40625579661e-05, 1.18457701319e-05, 3.23938502333e-06, 2.34196204474e-06, 2.4441919777e-06, 1.47608841417e-06, 2.60162687482e-06, 1.34531114782e-06, 4.98248482472e-07, 1.50587098346e-08], "min": [3.4266083894e-12, 2.08153915111e-12, 4.16894871489e-13, 1.42803629165e-13, 1.82075302101e-13, 4.88265976045e-14, 3.45881804372e-14, 2.60247027514e-14, 1.34505689532e-14, 7.72380071143e-14, 2.03734463111e-14, 2.76211616513e-14, 6.54774831902e-14, 8.13821666307e-14, 6.10028995092e-14, 6.54835682749e-14, 3.54359655497e-14, 1.15147664624e-13, 1.90434799006e-13, 9.39014897739e-14, 2.37610603936e-13, 2.16386465495e-13, 2.6551021581e-13, 4.00718629286e-13, 4.42090781301e-13, 7.01730448922e-13, 8.19489224743e-13], "dvar2": [1.19873848234e-05, 0.00156915490516, 0.000230265955906, 4.52401691291e-05, 1.26425011331e-05, 1.44860787259e-05, 6.7829987529e-06, 2.54570363722e-06, 4.64303411718e-06, 9.66106836131e-06, 2.57544752458e-06, 3.31439946422e-06, 2.66054462372e-06, 1.39559972467e-06, 4.92592391765e-07, 6.47540446153e-07, 4.72552756037e-07, 1.76675143848e-07, 4.39652978912e-07, 1.96229422045e-07, 6.0791066403e-08, 8.14217102629e-08, 3.84368163964e-08, 9.4851735355e-09, 7.42282590949e-09, 2.33416255213e-08, 1.82144091476e-10], "dvar": [4.91600076202e-06, 0.000658401520923, 7.70669430494e-05, 1.65803648997e-05, 5.071313808e-06, 6.08350228504e-06, 2.54819292422e-06, 1.01087312032e-06, 2.26890347221e-06, 4.2840883907e-06, 1.29877810195e-06, 1.79653909527e-06, 1.2516844663e-06, 6.02124089255e-07, 2.38415196918e-07, 3.41898555689e-07, 2.36137367438e-07, 7.69365655628e-08, 1.93565881546e-07, 9.21237983675e-08, 3.26448841292e-08, 4.02907289754e-08, 2.20755786984e-08, 5.86372861378e-09, 3.48914896975e-09, 1.15914726706e-08, 9.04328278928e-11], "dmean": [0.000512455648277, 0.00763261597604, 0.00261044758372, 0.00143625214696, 0.0014802973019, 0.000808418961242, 0.000508348690346, 0.000384476676118, 0.000602737127338, 0.000705294311047, 0.000372313486878, 0.000496875785757, 0.000423626188422, 0.000234661085415, 0.000170946281287, 0.000210231621168, 0.000200255468371, 0.000110368026071, 0.000123988385894, 7.57317466196e-05, 4.75156994071e-05, 5.84587651247e-05, 4.06900871894e-05, 2.59261396423e-05, 2.54725782725e-05, 4.15283466282e-05, 3.65408573089e-06], "max": [0.0665323287249, 0.280038028955, 0.0831206589937, 0.0409669131041, 0.035368192941, 0.0617429800332, 0.0581798255444, 0.0244887284935, 0.0319158248603, 0.0552875176072, 0.0321573838592, 0.0230358373374, 0.022840436548, 0.0193167310208, 0.0143302045763, 0.0170983038843, 0.0131860021502, 0.00639326078817, 0.0142336916178, 0.0154646895826, 0.0059448373504, 0.00496321963146, 0.00522500276566, 0.00237634172663, 0.00127817934845, 0.000725538877305, 7.77390523581e-05], "var": [4.42109012511e-06, 0.000697771785781, 5.52056335437e-05, 1.30489743242e-05, 8.59632291395e-06, 7.16936619938e-06, 3.39993903253e-06, 1.16243245429e-06, 4.19239677285e-06, 7.38643802833e-06, 2.61869899987e-06, 3.36634479936e-06, 2.83189478978e-06, 8.13078713691e-07, 3.99764843451e-07, 7.15433657206e-07, 5.48794332644e-07, 1.58764564162e-07, 3.09804221388e-07, 2.53361690739e-07, 8.70800036523e-08, 9.55807806235e-08, 6.38146531173e-08, 1.91920417336e-08, 7.55519558027e-09, 1.80672969918e-08, 1.29308189156e-10], "mean": [0.000453999935417, 0.0208498947322, 0.00288089737296, 0.00144514010753, 0.0045192213729, 0.00101030780934, 0.000573014898691, 0.000471612525871, 0.00087949790759, 0.000982891884632, 0.000517649867106, 0.000727187842131, 0.000991112552583, 0.000294180586934, 0.000219631576329, 0.000290733587462, 0.000297410530038, 0.000159517803695, 0.000152826134581, 0.000106822400994, 7.16612776159e-05, 8.34517122712e-05, 6.60479636281e-05, 4.24674508395e-05, 3.55585143552e-05, 5.07295117131e-05, 4.10068605561e-06]}, "erbbands_skewness": {"dmean2": 0.661194145679, "median": 0.277639865875, "min": -6.93897724152, "dvar2": 0.454894125462, "dvar": 0.241642549634, "dmean": 0.46101796627, "max": 5.7965669632, "var": 1.3296841383, "mean": 0.453254699707}, "erbbands_spread": {"dmean2": 13.6388902664, "median": 27.7557754517, "min": 0.827392220497, "dvar2": 372.633239746, "dvar": 194.118026733, "dmean": 9.82568073273, "max": 166.726089478, "var": 557.955810547, "mean": 33.6484413147}, "melbands_kurtosis": {"dmean2": 27.288816452, "median": 14.6530399323, "min": -1.86809206009, "dvar2": 3606.30297852, "dvar": 1841.32873535, "dmean": 18.7533626556, "max": 613.928894043, "var": 3400.16381836, "mean": 33.2291641235}, "melbands": {"dmean2": [0.00313503714278, 0.00293273688294, 0.00120749580674, 0.000457781599835, 0.000471754930913, 0.000235953368247, 0.000172845990164, 0.000122775978525, 0.000125422069686, 0.000113461013825, 0.000160971714649, 9.67881642282e-05, 7.39666866139e-05, 7.72432540543e-05, 7.9896672105e-05, 5.17296102771e-05, 3.52955103153e-05, 2.15107975237e-05, 1.99416426767e-05, 2.23444749281e-05, 1.73019197973e-05, 1.84075070138e-05, 1.21260409287e-05, 6.83138023305e-06, 7.64675405662e-06, 7.44510771256e-06, 3.99589180233e-06, 3.51493849848e-06, 2.14978899749e-06, 1.75504794697e-06, 1.29383249714e-06, 1.68437748016e-06, 1.64488130849e-06, 1.31489071009e-06, 9.18017178719e-07, 6.59004456338e-07, 4.65250252546e-07, 4.31328686545e-07, 3.98000594259e-07, 3.47804927969e-07], "median": [0.00497627956793, 0.00290520838462, 0.000443672935944, 0.000784379139077, 0.0005139389541, 3.77914184355e-05, 1.94451931748e-05, 2.52472163993e-05, 1.76743178599e-05, 1.01153891592e-05, 6.98374969943e-06, 3.66458061762e-06, 1.85915610018e-06, 4.40364055976e-06, 8.86541602085e-06, 7.82266397437e-06, 2.09718564292e-06, 2.88468299914e-06, 1.35242180477e-06, 1.28562442114e-06, 1.44856494444e-06, 2.84375937554e-06, 1.5723908291e-06, 6.0662443957e-07, 5.61235196983e-07, 3.83487275712e-07, 1.82053085496e-07, 6.82190091084e-08, 3.79664442107e-08, 4.86075322215e-08, 6.14233783836e-08, 5.13485538534e-08, 3.62854919445e-08, 3.37452945587e-08, 1.88212361252e-08, 1.86536084357e-08, 2.46841445062e-08, 3.31354215177e-08, 2.50117171419e-08, 1.12807621022e-08], "min": [8.55269956419e-13, 3.61871773866e-13, 8.86415506968e-14, 4.64641210706e-14, 1.59812552189e-14, 8.2497934333e-15, 6.57295873003e-15, 7.42743116766e-15, 4.27549282192e-15, 2.24680444402e-15, 1.07243290379e-14, 5.96430075941e-15, 2.81219025422e-15, 3.2215218906e-15, 3.78516535403e-15, 8.69564955388e-15, 7.06668407059e-15, 5.32600256487e-15, 4.83184904915e-15, 2.81670133994e-15, 5.21904347945e-15, 2.09037948152e-15, 4.29331270107e-15, 5.19653866108e-15, 6.05633300671e-15, 8.13764627108e-15, 3.08501448434e-15, 3.76649886546e-15, 4.15257775336e-15, 5.49483232488e-15, 5.19001142518e-15, 3.16503961609e-15, 5.26346061666e-15, 4.68098951663e-15, 5.30693966487e-15,