{"tonal": {"thpcp": [1, 0.53812366724, 0.216740608215, 0.170346140862, 0.202260047197, 0.498085290194, 0.666046261787, 0.686667621136, 0.801713049412, 0.515118002892, 0.233318760991, 0.389958739281, 0.483365178108, 0.549193680286, 0.953147828579, 0.892707526684, 0.383628875017, 0.254664599895, 0.290885806084, 0.35044002533, 0.462878733873, 0.474172085524, 0.325617998838, 0.205506205559, 0.219332665205, 0.293856352568, 0.636264443398, 0.869409203529, 0.58097410202, 0.520972132683, 0.656565070152, 0.447900384665, 0.283772706985, 0.377363324165, 0.540246605873, 0.902270436287], "hpcp": {"dmean2": [0.14487311244, 0.149857133627, 0.134178757668, 0.105765424669, 0.114583298564, 0.140674635768, 0.190368831158, 0.217113152146, 0.192241191864, 0.186391040683, 0.18102671206, 0.16580273211, 0.133720293641, 0.173310264945, 0.218311801553, 0.241825759411, 0.244484588504, 0.200841069221, 0.122301049531, 0.086559265852, 0.08592492342, 0.122669897974, 0.141846880317, 0.212414264679, 0.268875390291, 0.182685628533, 0.0993151888251, 0.10527896136, 0.134588852525, 0.185055449605, 0.199336066842, 0.213103294373, 0.184247002006, 0.128317251801, 0.138516843319, 0.160086929798], "median": [0.00598345045, 0.00649408530444, 0.00341906771064, 0.00116900145076, 0.000862729677465, 0.00259113544598, 0.0196012873203, 0.0227944739163, 0.0177935026586, 0.00655208062381, 0.00519233569503, 0.00396182201803, 0.00210737064481, 0.00173926865682, 0.00475600268692, 0.0293115582317, 0.0347013585269, 0.0148158874363, 0.00167138362303, 0.000960001547355, 0.00164030899759, 0.00564457429573, 0.00706654414535, 0.0231213979423, 0.0105207655579, 0.00639528408647, 0.00138484640047, 0.0033866262529, 0.00492243748158, 0.0154334269464, 0.0114615280181, 0.0109194573015, 0.00567744299769, 0.00160702341236, 0.00163100892678, 0.00214392924681], "min": [0, 0, 0, 0, 0, 0, 0, 0, 0, 0, 0, 0, 0, 0, 0, 0, 0, 0, 0, 0, 0, 0, 0, 0, 0, 0, 0, 0, 0, 0, 0, 0, 0, 0, 0, 0], "dvar2": [0.0884691849351, 0.0971394404769, 0.0984741076827, 0.0693031176925, 0.0781654343009, 0.0974386408925, 0.105349682271, 0.124089196324, 0.101537242532, 0.116770580411, 0.110998556018, 0.105516836047, 0.0900518372655, 0.128882572055, 0.162508383393, 0.148622468114, 0.144742295146, 0.124178797007, 0.0888217240572, 0.0638854429126, 0.0569262951612, 0.0695695504546, 0.0830463916063, 0.096316985786, 0.178174048662, 0.086752705276, 0.0670999065042, 0.0616231933236, 0.081107378006, 0.101692579687, 0.111903972924, 0.123609468341, 0.112902194262, 0.0846722796559, 0.0933884382248, 0.116683684289], "dvar": [0.0331935398281, 0.0362223908305, 0.0350890308619, 0.0246231518686, 0.0278719477355, 0.0348554775119, 0.0391798578203, 0.0528730228543, 0.0383723042905, 0.0431810207665, 0.0441637784243, 0.039177082479, 0.0323086455464, 0.0472744107246, 0.0595881156623, 0.054162658751, 0.0552778206766, 0.0447331555188, 0.0312446150929, 0.0220420043916, 0.0197781194001, 0.0251699611545, 0.0319813154638, 0.0347638614476, 0.0669148266315, 0.0321321263909, 0.0243078377098, 0.023843543604, 0.0307812578976, 0.0370276458561, 0.0438464023173, 0.0476782731712, 0.0392055809498, 0.0303230136633, 0.0333199426532, 0.0412405543029], "dmean": [0.0812326669693, 0.0847254097462, 0.0731774941087, 0.0564847066998, 0.0619757883251, 0.0766143798828, 0.108629696071, 0.125696197152, 0.110057540238, 0.102865539491, 0.103479713202, 0.0924334153533, 0.073599204421, 0.0949327126145, 0.121151000261, 0.136835604906, 0.140806496143, 0.112210333347, 0.0647485852242, 0.0461809746921, 0.0474411360919, 0.0697877407074, 0.0817259997129, 0.120379120111, 0.148550197482, 0.101730577648, 0.0547170192003, 0.0597729124129, 0.076266862452, 0.10424554348, 0.115003913641, 0.12092936039, 0.0997615233064, 0.0692337304354, 0.0749011337757, 0.0871833115816], "max": [1, 1, 1, 1, 1, 1, 1, 1, 1, 1, 1, 1, 1, 1, 1, 1, 1, 1, 1, 1, 1, 1, 1, 1, 1, 1, 1, 1, 1, 1, 1, 1, 1, 1, 1, 1], "var": [0.0498178787529, 0.0507032163441, 0.03374414891, 0.0202815253288, 0.0209527704865, 0.0289092119783, 0.0509393028915, 0.0911078229547, 0.0449557974935, 0.0516664460301, 0.0745857954025, 0.0426582731307, 0.0276181604713, 0.0432729385793, 0.0620669908822, 0.0879518464208, 0.0968969538808, 0.0430859550834, 0.0206920783967, 0.0159474890679, 0.017367342487, 0.0486980900168, 0.0755888223648, 0.0498942025006, 0.0930234715343, 0.0437938161194, 0.0225167796016, 0.0432795733213, 0.0534271001816, 0.0436594970524, 0.107173010707, 0.0970122441649, 0.0307836700231, 0.0253403782845, 0.0314718075097, 0.0368698649108], "mean": [0.0955100208521, 0.0978402793407, 0.0671877488494, 0.0424039810896, 0.0452569238842, 0.0606340765953, 0.131286278367, 0.179393187165, 0.11987772584, 0.107496961951, 0.135475099087, 0.0924194008112, 0.0585534274578, 0.0778648406267, 0.11147403717, 0.186173737049, 0.20633918047, 0.111036002636, 0.0447220802307, 0.0351490825415, 0.0417341738939, 0.102774508297, 0.137431442738, 0.141686439514, 0.16542480886, 0.106289029121, 0.0481428019702, 0.0804637670517, 0.099737174809, 0.113320171833, 0.196671739221, 0.184200540185, 0.0791576653719, 0.0525472871959, 0.060021135956, 0.0723095089197]}, "tuning_equal_tempered_deviation": 0.256473273039, "chords_changes_rate": 0.0670937299728, "key_key": "G", "tuning_diatonic_strength": 0.604288637638, "key_scale": "major", "chords_number_rate": 0.0033715441823, "tuning_frequency": 434.193115234, "tuning_nontempered_energy_ratio": 0.935746908188, "chords_histogram": [28.6581249237, 12.3567094803, 7.72083616257, 1.70262980461, 3.32097101212, 1.38233315945, 1.18004047871, 0.252865821123, 1.06203639507, 0, 1.23061358929, 0.134861767292, 1.12946724892, 2.32636547089, 1.63519895077, 1.82063388824, 0.151719480753, 1.0957518816, 1.55091035366, 2.81523942947, 4.26500320435, 13.1321649551, 7.73769378662, 3.33782863617], "key_strength": 0.714707374573, "chords_key": "G", "chords_strength": {"dmean2": 0.0107490923256, "median": 0.503743469715, "min": -1, "dvar2": 0.00071948079858, "dvar": 0.000411341316067, "dmean": 0.0108933234587, "max": 0.781751811504, "var": 0.0217609126121, "mean": 0.494983762503}, "chords_scale": "major", "hpcp_entropy": {"dmean2": 1.02119219303, "median": 1.67540693283, "min": 0, "dvar2": 0.809187829494, "dvar": 0.303824454546, "dmean": 0.60078805685, "max": 4.45614242554, "var": 0.781418383121, "mean": 1.67552447319}}, "metadata": {"audio_properties": {"equal_loudness": 0, "codec": "mp3", "downmix": "mix", "sample_rate": 44100, "analysis_sample_rate": 44100, "bit_rate": 320000, "md5_encoded": "68f0ef40a09434c1865602509418acc8", "length": 275.408966064, "replay_gain": -11.8889884949, "lossless": false}, "version": {"essentia_build_sha": "70f2e5ece6736b2c40cc944ad0e695b16b925413", "essentia": "2.1-beta2", "extractor": "music 1.0", "essentia_git_sha": "v2.1_beta2"}, "tags": {"title": ["Over the Rainbow \u00bf\u00e7\u00d4\u00bd\u00b2\u00ca\u00ba\u00e7"], "albumartist": ["Diana Krall / Melody Gardot / Jane Monheit /  Ella Fitzgerald"], "tracknumber": ["8"], "file_name": "1904997.mp3", "length": ["275413"], "album": ["\u00d7\u00ed\u00b0\u00ae\u00b2\u00a8\u00c8\u00f8 Disc 2"], "musicbrainz_recordingid": ["03325b32-abab-487f-adc8-8d6b2b6ec80a"], "genre": ["\u00be\u00f4\u00ca\u00bf\u00c0\u00d6"]}}, "rhythm": {"bpm_histogram_first_peak_bpm": {"dmean2": 0, "median": 92, "min": 92, "dvar2": 0, "dvar": 0, "dmean": 0, "max": 92, "var": 0, "mean": 92}, "bpm": 92.9658126831, "bpm_histogram_second_peak_spread": {"dmean2": 0, "median": 0.67692309618, "min": 0.67692309618, "dvar2": 0, "dvar": 0, "dmean": 0, "max": 0.67692309618, "var": 0, "mean": 0.67692309618}, "bpm_histogram_first_peak_weight": {"dmean2": 0, "median": 0.320454537868, "min": 0.320454537868, "dvar2": 0, "dvar": 0, "dmean": 0, "max": 0.320454537868, "var": 0, "mean": 0.320454537868}, "onset_rate": 4.09914207458, "beats_position": [0.452789098024, 0.905578196049, 1.369977355, 1.83437633514, 2.28716540337, 2.73995471001, 3.20435357094, 3.68036270142, 4.14476203918, 4.5627207756, 4.98067998886, 5.41024923325, 5.8282084465, 6.25777769089, 6.6989569664, 7.12852573395, 7.69741487503, 8.26630401611, 8.84680271149, 9.46213150024, 10.0658502579, 10.6811790466, 11.2732877731, 11.8653964996, 12.4691152573, 13.0612239838, 13.6417226791, 14.2338323593, 14.8259410858, 15.4180498123, 16.0101585388, 16.602268219, 17.1827659607, 17.7632656097, 18.3669834137, 18.9939231873, 19.6208610535, 20.247800827, 20.8747386932, 21.5016784668, 22.1053962708, 22.8019943237, 23.5102043152, 24.2764625549, 25.0427207947, 25.8205890656, 26.5984573364, 27.2950553894, 28.0032653809, 28.6998634338, 29.4196815491, 30.1278915405, 30.8360996246, 31.6371879578, 32.4382743835, 33.1697044373, 33.901134491, 34.5745124817, 35.2478904724, 35.9212684631, 36.5946464539, 37.244808197, 37.9065742493, 38.5567321777, 39.1952819824, 39.8454399109, 40.4839897156, 41.1225395203, 41.761089325, 42.3996353149, 43.0497932434, 43.6999549866, 44.350112915, 45.0002708435, 45.650428772, 46.3005905151, 46.9507484436, 47.5892944336, 48.2278442383, 48.8780021667, 49.5281639099, 50.1551017761, 50.7936515808, 51.4321975708, 52.0823554993, 52.7325172424, 53.3826751709, 54.0328330994, 54.6829910278, 55.3215408325, 55.9600906372, 56.5986366272, 57.2371864319, 57.8873443604, 58.5375061035, 59.187664032, 59.8262138367, 60.4647598267, 61.1149177551, 61.7650794983, 62.4152374268, 63.0653953552, 63.7039451599, 64.3424911499, 64.9926528931, 65.6312026978, 66.2697525024, 66.9199066162, 67.5700683594, 68.2086181641, 68.8471679688, 69.4973220825, 70.1474838257, 70.7976379395, 71.4477996826, 72.0863494873, 72.724899292, 73.3634490967, 74.0136032104, 74.6521530151, 75.3023147583, 75.9524688721, 76.6026306152, 77.252784729, 77.9029464722, 78.5414962769, 79.1916503906, 79.8302001953, 80.4803619385, 81.1305236816, 81.7806777954, 82.4308395386, 83.0693893433, 83.7079315186, 84.3580932617, 85.0082550049, 85.6468048096, 86.2853469849, 86.9238967896, 87.5624465942, 88.2126083374, 88.8627624512, 89.5129241943, 90.1630859375, 90.8132400513, 91.4634017944, 92.1135559082, 92.7637176514, 93.4138793945, 94.0524215698, 94.702583313, 95.3411331177, 95.9796829224, 96.6182327271, 97.2683868408, 97.9069366455, 98.5454864502, 99.1840362549, 99.8341903687, 100.472740173, 101.134513855, 101.77305603, 102.423217773, 103.073379517, 103.72353363, 104.373695374, 105.023849487, 105.67401123, 106.324172974, 106.962722778, 107.612876892, 108.251426697, 108.797096252, 109.365982056, 109.934875488, 110.503761292, 111.061042786, 111.606712341, 112.152381897, 112.698051453, 113.348205566, 114.009971619, 114.6717453, 115.356735229, 116.006889343, 116.657051086, 117.283988953, 117.922538757, 118.549476624, 119.199638367, 119.838180542, 120.488342285, 121.12689209, 121.777046204, 122.415596008, 123.065757751, 123.704307556, 124.35446167, 124.993011475, 125.643173218, 126.293327332, 126.931877136, 127.570426941, 128.220581055, 128.870742798, 129.509292603, 130.147842407, 130.79800415, 131.436553955, 132.07510376, 132.725265503, 133.375411987, 134.02557373, 134.675735474, 135.314285278, 135.952835083, 136.591384888, 137.241546631, 137.880081177, 138.53024292, 139.180404663, 139.830566406, 140.469116211, 141.107666016, 141.757827759, 142.407974243, 143.058135986, 143.708297729, 144.346847534, 144.985397339, 145.612335205, 146.262496948, 146.912643433, 147.562805176, 148.212966919, 148.851516724, 149.490066528, 150.140228271, 150.790390015, 151.428924561, 152.067474365, 152.694412231, 153.344573975, 153.994735718, 154.644897461, 155.295059204, 155.945205688, 156.595367432, 157.245529175, 157.895690918, 158.545852661, 159.195999146, 159.846160889, 160.484710693, 161.123260498, 161.773422241, 162.423583984, 163.073745728, 163.723892212, 164.362442017, 165.000991821, 165.639541626, 166.278091431, 166.928253174, 167.578414917, 168.216964722, 168.867111206, 169.517272949, 170.167434692, 170.805984497, 171.444534302, 172.083084106, 172.73324585, 173.371795654, 173.92906189, 174.497955322, 175.078460693, 175.647338867, 176.227844238, 176.808334351, 177.365615845, 177.934509277, 178.480178833, 179.01423645, 179.548294067, 180.210067749, 180.860229492, 181.487167358, 182.125717163, 182.764266968, 183.414413452, 184.064575195, 184.691513062, 185.318450928, 185.968612671, 186.607162476, 187.24571228, 187.895874023, 188.546035767, 189.196182251, 189.846343994, 190.496505737, 191.135055542, 191.773605347, 192.412155151, 193.050704956, 193.70085144, 194.339401245, 194.97795105, 195.628112793, 196.278274536, 196.928436279, 197.566986084, 198.205535889, 198.855682373, 199.494232178, 200.132781982, 200.771331787, 201.42149353, 202.060043335, 202.710205078, 203.360351562, 204.010513306, 204.64906311, 205.287612915, 205.937774658, 206.587936401, 207.226486206, 207.865036011, 208.491973877, 209.130523682, 209.734237671, 210.349563599, 210.964889526, 211.603439331, 212.230377197, 212.79927063, 213.368164062, 213.937042236, 214.505935669, 215.08644104, 215.666931152, 216.235824585, 216.804718018, 217.373596191, 217.954101562, 218.56942749, 219.173141479, 219.776870728, 220.380584717, 220.984298706, 221.611236572, 222.226577759, 222.911560059, 223.608154297, 224.293151855, 224.989746094, 225.674728394, 226.382949829, 227.079544067, 227.671646118, 228.263763428, 228.855865479, 229.447982788, 230.040084839, 230.632202148, 231.212692261, 231.80480957, 232.373687744, 232.942581177, 233.511474609, 234.068756104, 234.626022339, 235.229751587, 235.833465576, 236.425567627, 237.029296875, 237.633010864, 238.225112915, 238.805618286, 239.409332275, 240.024673462, 240.628387451, 241.197280884, 241.789382935, 242.369888306, 242.950378418, 243.530883789, 244.041717529, 244.55255127, 245.05178833, 245.551010132, 246.050247192, 246.549468994, 246.990646362, 247.431838989, 247.884628296, 248.337417603, 248.801803589, 249.266204834, 249.730606079, 250.183395386, 250.636184692, 251.088973999, 251.58821106, 252.075820923, 252.656326294, 253.236816406, 253.817321777, 254.409423828, 255.001541138, 255.58203125, 256.185760498, 256.801086426, 257.43963623, 258.078186035, 258.786376953, 259.494598389, 260.202819824, 260.911010742, 261.619232178, 262.315826416, 263.012420654, 263.72064209, 264.417236328, 265.102203369, 265.787200928, 266.460571289, 267.133972168, 267.749298096, 268.376220703, 269.003173828, 269.630096436, 270.257049561, 270.825927734, 271.394836426, 272.010162354, 272.625488281, 273.240814209, 273.879364014, 274.517913818], "beats_loudness": {"dmean2": 0.0322851873934, "median": 0.0307185184211, "min": 0, "dvar2": 0.00122505764011, "dvar": 0.000446828955319, "dmean": 0.0188932828605, "max": 0.172917172313, "var": 0.00111200590618, "mean": 0.0373828187585}, "danceability": 0.953657627106, "bpm_histogram_second_peak_weight": {"dmean2": 0, "median": 0.0477272719145, "min": 0.0477272719145, "dvar2": 0, "dvar": 0, "dmean": 0, "max": 0.0477272719145, "var": 0, "mean": 0.0477272719145}, "beats_count": 441, "bpm_histogram_second_peak_bpm": {"dmean2": 0, "median": 105, "min": 105, "dvar2": 0, "dvar": 0, "dmean": 0, "max": 105, "var": 0, "mean": 105}, "bpm_histogram_first_peak_spread": {"dmean2": 0, "median": 0.49280577898, "min": 0.49280577898, "dvar2": 0, "dvar": 0, "dmean": 0, "max": 0.49280577898, "var": 0, "mean": 0.49280577898}, "beats_loudness_band_ratio": {"dmean2": [0.373402029276, 0.349889546633, 0.138944372535, 0.0692937895656, 0.0303666591644, 0.0415029712021], "median": [0.680448174477, 0.211587384343, 0.0205326452851, 0.0057723983191, 0.00186171894893, 0.00177001371048], "min": [0, 0, 0, 0, 0, 0], "dvar2": [0.113367244601, 0.110615208745, 0.0401149429381, 0.0200143754482, 0.012192687951, 0.0192757472396], "dvar": [0.0459871739149, 0.041476175189, 0.0148715283722, 0.00718280952424, 0.0040625766851, 0.00701515143737], "dmean": [0.212879985571, 0.202160835266, 0.0789824128151, 0.0377117544413, 0.0162617322057, 0.0236636530608], "max": [0.996431171894, 0.99097430706, 0.70859593153, 0.704848825932, 0.836821198463, 0.951485812664], "var": [0.114806622267, 0.0927569568157, 0.0149982059374, 0.00531974621117, 0.00228814105503, 0.00863802712411], "mean": [0.574302494526, 0.323008626699, 0.0708946511149, 0.0292482413352, 0.0111962659284, 0.0219610482454]}}, "lowlevel": {"barkbands_spread": {"dmean2": 7.40827894211, "median": 4.85271835327, "min": 0.0747584477067, "dvar2": 241.644165039, "dvar": 95.4920959473, "dmean": 4.59620952606, "max": 145.509475708, "var": 312.126373291, "mean": 10.6191558838}, "melbands_spread": {"dmean2": 6.78242826462, "median": 4.29212379456, "min": 0.098549336195, "dvar2": 406.846954346, "dvar": 165.780441284, "dmean": 4.19615983963, "max": 338.502441406, "var": 673.631286621, "mean": 11.0615682602}, "hfc": {"dmean2": 4.33031845093, "median": 4.6378736496, "min": 1.09229669726e-16, "dvar2": 58.9226989746, "dvar": 27.247718811, "dmean": 2.9387922287, "max": 112.446769714, "var": 167.277435303, "mean": 9.17976856232}, "barkbands_kurtosis": {"dmean2": 31.2237014771, "median": 13.1608524323, "min": -1.98357629776, "dvar2": 11155.8212891, "dvar": 3603.40917969, "dmean": 18.4453125, "max": 1725.08422852, "var": 4270.24560547, "mean": 29.4080524445}, "gfcc": {"mean": [-145.916397095, 114.742416382, -59.5546607971, 22.6665382385, -48.5440635681, 8.87328052521, -40.6139564514, 7.01788187027, -27.8963813782, 2.17830991745, -9.49336147308, 3.82095003128, -0.863792777061], "icov": [[5.87273025303e-05, -8.04579540272e-05, 8.18896587589e-05, -3.08690796373e-05, 0.000148987528519, -7.38451126381e-05, 0.000114074602607, -0.000106876650534, 0.000193357118405, -0.000229597339057, 0.000179820446647, -0.000224071322009, 0.000123330086353], [-8.04579540272e-05, 0.000925664731767, -1.45252652146e-05, 0.000543121073861, -0.0007136244094, 0.000594096840359, -0.000387798354495, 0.000590986863244, -0.000292791315587, 0.000783794908784, -0.000761512201279, 0.000825937604532, -0.000596763275098], [8.18896587589e-05, -1.45252652146e-05, 0.00114106503315, -0.000524533563294, 0.000502785434946, -0.000352982780896, 0.000410893204389, -7.45799698052e-05, -0.000326063804096, 0.000329290516675, 7.97469328973e-05, -0.000542470894288, 0.000249460921623], [-3.08690796373e-05, 0.000543121073861, -0.000524533563294, 0.00230445037596, -0.00115459412336, 0.000276717502857, -9.24327905523e-05, 0.000264022994088, -0.000143276483868, 0.000185633965884, 0.000638614234049, -0.000166430821992, 0.000445571669843], [0.000148987528519, -0.0007136244094, 0.000502785434946, -0.00115459412336, 0.00346204452217, -0.00100308773108, -0.000349421025021, 8.01404530648e-05, -0.00120344606694, -0.000336872995831, 0.000477717578178, -5.43246023881e-05, 0.000238855354837], [-7.38451126381e-05, 0.000594096840359, -0.000352982780896, 0.000276717502857, -0.00100308773108, 0.00396949891001, -0.00173851044383, -0.000236203413806, 8.84990513441e-05, -0.000734914501663, 0.000322925538057, 0.000174329208676, 0.00072102987906], [0.000114074602607, -0.000387798354495, 0.000410893204389, -9.24327905523e-05, -0.000349421025021, -0.00173851044383, 0.00474822567776, 3.33926291205e-05, -0.000305696943542, -0.00106913503259, 0.000488710706122, -0.000251735618804, 0.000231307334616], [-0.000106876650534, 0.000590986863244, -7.45799698052e-05, 0.000264022994088, 8.01404530648e-05, -0.000236203413806, 3.33926291205e-05, 0.00584380002692, -0.00153316301294, -0.000948872475419, 3.57082863047e-05, 3.49115980498e-05, -0.000609204755165], [0.000193357118405, -0.000292791315587, -0.000326063804096, -0.000143276483868, -0.00120344606694, 8.84990513441e-05, -0.000305696943542, -0.00153316301294, 0.0104445284232, -0.00179708388168, 0.000143758559716, -0.0017938533565, 0.000925183412619], [-0.000229597339057, 0.000783794908784, 0.000329290516675, 0.000185633965884, -0.000336872995831, -0.000734914501663, -0.00106913503259, -0.000948872475419, -0.00179708388168, 0.00821774080396, -0.00144635501783, 0.0002281946945, -0.00076791155152], [0.000179820446647, -0.000761512201279, 7.97469328973e-05, 0.000638614234049, 0.000477717578178, 0.000322925538057, 0.000488710706122, 3.57082863047e-05, 0.000143758559716, -0.00144635501783, 0.00934295170009, -0.00374390161596, 0.000680200930219], [-0.000224071322009, 0.000825937604532, -0.000542470894288, -0.000166430821992, -5.43246023881e-05, 0.000174329208676, -0.000251735618804, 3.49115980498e-05, -0.0017938533565, 0.0002281946945, -0.00374390161596, 0.0117379426956, -0.00360358133912], [0.000123330086353, -0.000596763275098, 0.000249460921623, 0.000445571669843, 0.000238855354837, 0.00072102987906, 0.000231307334616, -0.000609204755165, 0.000925183412619, -0.00076791155152, 0.000680200930219, -0.00360358133912, 0.0117020634934]], "cov": [[32429.6113281, 494.145446777, -2147.43847656, -1062.36010742, -1534.20178223, -45.078704834, -551.671264648, 550.601257324, -602.090576172, 732.637695312, -141.655181885, 311.934753418, 43.2805709839], [494.145446777, 2549.20336914, -559.158203125, -592.073852539, 212.298141479, -400.879852295, 23.9962329865, -284.874328613, -45.6923217773, -219.039642334, 159.405776978, -114.265052795, 109.10446167], [-2147.43847656, -559.158203125, 1361.25524902, 404.052734375, -44.1659507751, 86.1559295654, -78.7827301025, 23.5099468231, 69.3495559692, -67.1337585449, -26.9552555084, 53.6319732666, -43.7182540894], [-1062.36010742, -592.073852539, 404.052734375, 782.514648438, 215.731323242, 148.2996521, 48.7876319885, 26.9284152985, 67.2277679443, 16.3756484985, -92.846031189, 11.0022821426, -65.9650497437], [-1534.20178223, 212.298141479, -44.1659507751, 215.731323242, 573.992797852, 142.348419189, 165.251312256, -39.5106163025, 95.9228134155, 2.26888418198, -25.7057247162, -40.0682029724, -24.3667793274], [-45.078704834, -400.879852295, 86.1559295654, 148.2996521, 142.348419189, 457.692138672, 176.008651733, 73.7278671265, 46.4473266602, 103.971115112, -55.0917358398, 2.69107818604, -51.0174407959], [-551.671264648, 23.9962329865, -78.7827301025, 48.7876319885, 165.251312256, 176.008651733, 327.632171631, 6.81493902206, 45.9926490784, 55.8713493347, -18.7247657776, -15.281088829, -17.066696167], [550.601257324, -284.874328613, 23.5099468231, 26.9284152985, -39.5106163025, 73.7278671265, 6.81493902206, 232.839080811, 30.5341510773, 76.9078216553, -14.7848043442, 28.218044281, -1.42475450039], [-602.090576172, -45.6923217773, 69.3495559692, 67.2277679443, 95.9228134155, 46.4473266602, 45.9926490784, 30.5341510773, 133.438262939, 29.274471283, 2.58161950111, 14.5821428299, -8.4504442215], [732.637695312, -219.039642334, -67.1337585449, 16.3756484985, 2.26888418198, 103.971115112, 55.8713493347, 76.9078216553, 29.274471283, 196.510620117, 1.20914757252, 26.0498771667, -3.10462474823], [-141.655181885, 159.405776978, -26.9552555084, -92.846031189, -25.7057247162, -55.0917358398, -18.7247657776, -14.7848043442, 2.58161950111, 1.20914757252, 147.237106323, 37.3541030884, 20.0713691711], [311.934753418, -114.265052795, 53.6319732666, 11.0022821426, -40.0682029724, 2.69107818604, -15.281088829, 28.218044281, 14.5821428299, 26.0498771667, 37.3541030884, 123.465454102, 28.1519756317], [43.2805709839, 109.10446167, -43.7182540894, -65.9650497437, -24.3667793274, -51.0174407959, -17.066696167, -1.42475450039, -8.4504442215, -3.10462474823, 20.0713691711, 28.1519756317, 105.877426147]]}, "spectral_energyband_middle_low": {"dmean2": 0.00638666795567, "median": 0.00800733454525, "min": 1.55610399241e-22, "dvar2": 0.000138941613841, "dvar": 5.89447081438e-05, "dmean": 0.00414406461641, "max": 0.149360477924, "var": 0.000276454375125, "mean": 0.0135663161054}, "melbands_crest": {"dmean2": 5.89596796036, "median": 17.9762306213, "min": 1.00106906891, "dvar2": 32.966129303, "dvar": 12.2507219315, "dmean": 3.58689498901, "max": 39.5603713989, "var": 42.8903923035, "mean": 18.7748641968}, "spectral_kurtosis": {"dmean2": 7.30807876587, "median": 8.34969902039, "min": -1.61081922054, "dvar2": 184.692306519, "dvar": 72.4269790649, "dmean": 4.77171897888, "max": 320.854797363, "var": 360.788513184, "mean": 13.2016983032}, "spectral_rms": {"dmean2": 0.00131340383086, "median": 0.00407806038857, "min": 3.13586656642e-12, "dvar2": 3.77198671231e-06, "dvar": 1.58043019383e-06, "dmean": 0.000848903961014, "max": 0.0165124069899, "var": 7.87474891695e-06, "mean": 0.00418593594804}, "zerocrossingrate": {"dmean2": 0.0107442457229, "median": 0.02001953125, "min": 0, "dvar2": 0.000320840597851, "dvar": 0.000221613416215, "dmean": 0.00860504619777, "max": 0.525390625, "var": 0.00381528097205, "mean": 0.0363977402449}, "silence_rate_60dB": {"dmean2": 0.0263069141656, "median": 0, "min": 0, "dvar2": 0.0306727513671, "dvar": 0.0129804834723, "dmean": 0.0131523478776, "max": 1, "var": 0.178219094872, "mean": 0.232085645199}, "erbbands_kurtosis": {"dmean2": 7.64865112305, "median": 4.05004405975, "min": -1.94358074665, "dvar2": 391.461425781, "dvar": 181.422958374, "dmean": 5.03541469574, "max": 912.51953125, "var": 555.889343262, "mean": 10.5976953506}, "erbbands": {"dmean2": [0.427489697933, 2.1814661026, 3.52414321899, 1.95752370358, 5.92842531204, 16.8112182617, 19.7139415741, 14.4477434158, 8.74694347382, 13.3599386215, 13.3985652924, 6.72416687012, 8.27336502075, 5.58793735504, 8.02262020111, 8.01566696167, 5.47362136841, 5.3806219101, 3.20748615265, 2.55867028236, 1.48153305054, 1.99804222584, 1.63895261288, 1.32037472725, 0.982001304626, 1.3225966692, 1.34350204468, 1.72356367111, 1.18017017841, 0.685863375664, 0.760158896446, 0.733963608742, 0.662605166435, 0.495475918055, 0.404548317194, 0.171975761652, 0.0532299131155, 0.0167658440769, 0.00177162035834, 9.86642335192e-05], "median": [0.0258762631565, 0.374810963869, 0.925943136215, 0.678919196129, 1.36773848534, 9.3531703949, 12.9652357101, 3.72929692268, 1.58189964294, 2.21721768379, 1.61093223095, 0.990973055363, 0.856203198433, 1.02114605904, 1.02129244804, 0.844583332539, 0.526355683804, 0.473429322243, 0.422476649284, 0.362722694874, 0.343818485737, 0.367336750031, 0.359196811914, 0.297770678997, 0.161509633064, 0.156371802092, 0.115850090981, 0.0901160612702, 0.071163021028, 0.0377576760948, 0.0364470183849, 0.0531071014702, 0.0697866231203, 0.0589002147317, 0.0319782942533, 0.00905751436949, 0.00239237677306, 0.000384777260479, 2.41740053752e-05, 2.31175035879e-05], "min": [1.40779284109e-22, 6.88167771027e-22, 1.79416343241e-21, 4.82534396694e-21, 1.21642466696e-20, 1.84801729276e-20, 3.46655885084e-20, 4.98683636048e-20, 8.95016208248e-20, 1.59763214472e-19, 3.24888110277e-19, 3.02579798789e-19, 5.68405636517e-19, 5.35583626799e-19, 9.55552426176e-19, 1.20970459996e-18, 1.51097577317e-18, 2.2295900677e-18, 2.93307946813e-18, 3.44151905973e-18, 3.62902911727e-18, 4.56203301354e-18, 4.75271055244e-18, 6.03455926049e-18, 7.96346214449e-18, 6.93103610168e-18, 9.51443737356e-18, 8.74292022596e-18, 1.11992082395e-17, 1.16849617824e-17, 1.07871109943e-17, 9.55313701852e-18, 9.11585956822e-18, 8.82238002279e-18, 5.96459756505e-18, 4.49027261386e-18, 2.24189520649e-18, 9.4202378386e-19, 2.4958802381e-19, 2.51149773118e-20], "dvar2": [1.4572275877, 28.4899406433, 71.5170516968, 21.8003864288, 231.829528809, 1429.68029785, 2569.91040039, 2323.69604492, 954.059509277, 4418.12988281, 4254.33251953, 1280.12548828, 1164.60095215, 916.664489746, 1503.84228516, 3159.12133789, 1030.28125, 827.214477539, 309.9324646, 92.2244491577, 17.5519752502, 43.0895118713, 17.966091156, 18.4559803009, 11.3303537369, 31.0021743774, 27.3972091675, 101.624633789, 29.6288051605, 4.75883388519, 9.78491020203, 4.71770238876, 3.42723536491, 2.00248885155, 1.53518271446, 0.26280477643, 0.0294821653515, 0.00488266674802, 5.32899211976e-05, 2.58075402826e-07], "dvar": [0.530699253082, 10.4803638458, 25.8521156311, 7.93956708908, 95.5969009399, 546.651550293, 1019.38208008, 1018.33074951, 491.802978516, 2441.31762695, 2190.39990234, 805.024291992, 1057.7286377, 563.175842285, 1209.26611328, 1541.14135742, 618.598022461, 626.450744629, 164.147003174, 61.9702758789, 7.73891544342, 19.1928787231, 7.85986757278, 6.84457588196, 4.68559980392, 12.9634923935, 12.9291677475, 41.922416687, 14.9892320633, 2.33240628242, 3.78808116913, 1.92795026302, 1.35124850273, 0.78208231926, 0.589244842529, 0.103945016861, 0.0119379535317, 0.00188372586854, 2.19170415221e-05, 1.02283941317e-07], "dmean": [0.248583883047, 1.2907743454, 2.06703305244, 1.15206348896, 3.65138339996, 10.3460130692, 12.9574651718, 9.7443780899, 6.04589700699, 9.56539440155, 9.41692733765, 5.17926692963, 7.03310632706, 4.196621418, 6.40519285202, 6.02010440826, 4.10234069824, 4.03171920776, 2.22323560715, 1.79610812664, 0.950468719006, 1.29975903034, 1.07923603058, 0.833215475082, 0.628744006157, 0.865470647812, 0.862924158573, 1.12250268459, 0.799858391285, 0.459719240665, 0.479646742344, 0.466071009636, 0.413083314896, 0.307837367058, 0.249467417598, 0.106698215008, 0.0334679819643, 0.0102694733068, 0.00109110435005, 5.95569799771e-05], "max": [9.58813762665, 48.7527351379, 86.1464614868, 37.9993019104, 389.254180908, 602.267089844, 1097.1027832, 1234.0567627, 971.368591309, 2352.02905273, 2082.14526367, 1391.98791504, 2282.97216797, 1440.81872559, 2838.59741211, 2558.40380859, 1423.58752441, 2011.4239502, 1018.22814941, 790.290649414, 138.469772339, 167.049362183, 63.4804725647, 71.657333374, 106.095710754, 171.696090698, 171.536804199, 420.748168945, 155.203689575, 56.6598701477, 78.7703704834, 33.351764679, 21.3016910553, 17.7710971832, 17.3359146118, 4.32110118866, 3.00407505035, 1.30583643913, 0.218643784523, 0.0135991927236], "var": [0.428681999445, 10.8116970062, 30.7241401672, 8.42094993591, 262.75692749, 1237.78942871, 3397.75341797, 7878.92138672, 3549.38720703, 7416.73291016, 9484.8671875, 4646.00830078, 16954.4472656, 2317.4152832, 15412.2490234, 7099.52734375, 2695.11669922, 4033.88647461, 624.134399414, 941.321472168, 32.4706192017, 48.5375785828, 23.2749519348, 9.35498905182, 6.88044548035, 20.4546813965, 26.2032756805, 74.7202911377, 32.6199035645, 4.1413025856, 3.31101846695, 2.00191521645, 1.24300849438, 0.74087625742, 0.542851388454, 0.106601178646, 0.0114594791085, 0.00144907657523, 1.85485459951e-05, 7.93116043951e-08], "mean": [0.239548668265, 1.60822403431, 2.95469903946, 1.63024806976, 6.71257734299, 22.6883296967, 33.7965087891, 30.4136734009, 17.0885772705, 20.1605300903, 23.0168685913, 17.8534221649, 25.9492740631, 10.694442749, 20.3714542389, 18.3422546387, 9.44013023376, 10.8544654846, 5.04395866394, 4.60978364944, 1.83174192905, 2.1643280983, 1.98686277866, 1.28458690643, 0.807867050171, 1.25357162952, 1.20918595791, 1.42836165428, 1.02583408356, 0.514384865761, 0.466097086668, 0.472904413939, 0.422177881002, 0.333950787783, 0.263996839523, 0.106628574431, 0.0317800007761, 0.00859812088311, 0.000882249791175, 6.74216207699e-05]}, "spectral_strongpeak": {"dmean2": 0.502066910267, "median": 0.438163399696, "min": 0, "dvar2": 0.799019873142, "dvar": 0.339199006557, "dmean": 0.304046481848, "max": 11.7975063324, "var": 1.42496478558, "mean": 0.841730952263}, "spectral_energy": {"dmean2": 0.0170291494578, "median": 0.0170463398099, "min": 1.00795003021e-20, "dvar2": 0.00112007919233, "dvar": 0.000438325019786, "dmean": 0.0106772230938, "max": 0.279476076365, "var": 0.000895730627235, "mean": 0.0260315630585}, "average_loudness": 0.465128690004, "spectral_rolloff": {"dmean2": 505.060974121, "median": 301.46484375, "min": 21.533203125, "dvar2": 3341659, "dvar": 1250975.375, "dmean": 280.215270996, "max": 19681.3476562, "var": 5501999, "mean": 870.375732422}, "spectral_centroid": {"dmean2": 231.639846802, "median": 399.297912598, "min": 91.5216369629, "dvar2": 259828.46875, "dvar": 111385.507812, "dmean": 147.654586792, "max": 11863.2216797, "var": 1557268.875, "mean": 737.968811035}, "pitch_salience": {"dmean2": 0.130831629038, "median": 0.465501397848, "min": 0.0250887237489, "dvar2": 0.0154517898336, "dvar": 0.00591255258769, "dmean": 0.0792092978954, "max": 0.99599558115, "var": 0.0193142537028, "mean": 0.460362195969}, "spectral_energyband_middle_high": {"dmean2": 0.000621667655651, "median": 0.000215891137486, "min": 1.06844744739e-21, "dvar2": 4.20032893089e-06, "dvar": 2.68718372354e-06, "dmean": 0.000477285124362, "max": 0.0708806365728, "var": 3.51464223058e-05, "mean": 0.00177631981205}, "spectral_contrast_coeffs": {"dmean2": [0.0766843408346, 0.0662020519376, 0.0535180345178, 0.0428058020771, 0.0309352781624, 0.0262108966708], "median": [-0.626728236675, -0.659768283367, -0.779157698154, -0.811178743839, -0.829845905304, -0.833844542503], "min": [-0.981976866722, -0.986592292786, -0.996417760849, -0.987914025784, -0.989428341389, -0.965082228184], "dvar2": [0.00447574537247, 0.00336044211872, 0.00205206219107, 0.00132247642614, 0.000710522290319, 0.00069820554927], "dvar": [0.00183897267561, 0.00150428782217, 0.000977752846666, 0.000598583137617, 0.000325962901115, 0.000322938256431], "dmean": [0.047099031508, 0.0421816110611, 0.0342860333622, 0.0272939167917, 0.0200021248311, 0.0169924683869], "max": [-0.21497246623, -0.295949310064, -0.36466011405, -0.479649782181, -0.602150142193, -0.516682267189], "var": [0.0157916266471, 0.0160451736301, 0.0109541332349, 0.00512136286125, 0.00263586104847, 0.00193447421771], "mean": [-0.622134745121, -0.660082697868, -0.764217555523, -0.803583681583, -0.824672460556, -0.828502953053]}, "melbands_skewness": {"dmean2": 1.86644804478, "median": 2.79193496704, "min": -2.63759851456, "dvar2": 6.30700540543, "dvar": 2.62562251091, "dmean": 1.20827496052, "max": 35.5275802612, "var": 9.84819984436, "mean": 3.52532243729}, "spectral_spread": {"dmean2": 1391408.75, "median": 4402837, "min": 383177.5, "dvar2": 2809074024450.0, "dvar": 1471377440770.0, "dmean": 994815.625, "max": 42577644, "var": 17985129414700.0, "mean": 5285124}, "dissonance": {"dmean2": 0.050250094384, "median": 0.421286195517, "min": 0.0760520324111, "dvar2": 0.0024558363948, "dvar": 0.000970790686551, "dmean": 0.0310327541083, "max": 0.499987930059, "var": 0.00452298438177, "mean": 0.407441228628}, "spectral_skewness": {"dmean2": 0.684125840664, "median": 2.4942522049, "min": -1.73095118999, "dvar2": 0.649252772331, "dvar": 0.281641989946, "dmean": 0.466725409031, "max": 14.1315345764, "var": 2.1665623188, "mean": 2.67895770073}, "spectral_flux": {"dmean2": 0.0420890264213, "median": 0.0440851673484, "min": 6.26828519645e-11, "dvar2": 0.00329836714081, "dvar": 0.00151953066234, "dmean": 0.0267889015377, "max": 0.438424617052, "var": 0.00354310148396, "mean": 0.0612787604332}, "spectral_contrast_valleys": {"dmean2": [0.663805663586, 0.63823390007, 0.591240346432, 0.521124184132, 0.474239915609, 0.496594786644], "median": [-7.53159761429, -7.88311576843, -8.71134281158, -9.29252624512, -9.20658683777, -11.1919317245], "min": [-28.2031459808, -28.1133422852, -27.7722873688, -27.6407032013, -27.6181049347, -27.4032440186], "dvar2": [0.336386561394, 0.343903154135, 0.30151990056, 0.270208925009, 0.274598896503, 0.299937695265], "dvar": [0.148699253798, 0.15549980104, 0.140635848045, 0.132765769958, 0.151947006583, 0.194169834256], "dmean": [0.416183590889, 0.403161734343, 0.380102396011, 0.349764287472, 0.347321122885, 0.408371388912], "max": [-4.83661174774, -4.72156572342, -5.44112634659, -6.39901256561, -6.32413101196, -8.05554199219], "var": [5.0765581131, 5.15256166458, 4.86079502106, 4.72426700592, 4.76054525375, 4.61185884476], "mean": [-8.01675796509, -8.40488624573, -9.19876861572, -9.74532985687, -9.6658449173, -11.6182699203]}, "erbbands_flatness_db": {"dmean2": 0.0355266258121, "median": 0.197631672025, "min": 0.0291810445487, "dvar2": 0.00125090149231, "dvar": 0.000721635995433, "dmean": 0.0266136713326, "max": 0.517475605011, "var": 0.00632282439619, "mean": 0.20421782136}, "spectral_energyband_high": {"dmean2": 0.000212725775782, "median": 2.35499064729e-05, "min": 6.85090370362e-21, "dvar2": 3.20028618717e-07, "dvar": 1.43837382893e-07, "dmean": 0.000139475261676, "max": 0.0084328064695, "var": 2.4790276143e-07, "mean": 0.000175070032128}, "spectral_entropy": {"dmean2": 0.422153562307, "median": 6.57691955566, "min": 3.08271431923, "dvar2": 0.191283494234, "dvar": 0.108123101294, "dmean": 0.305363386869, "max": 9.83123111725, "var": 0.974921584129, "mean": 6.58587837219}, "silence_rate_20dB": {"dmean2": 0, "median": 1, "min": 1, "dvar2": 0, "dvar": 0, "dmean": 0, "max": 1, "var": 0, "mean": 1}, "melbands_flatness_db": {"dmean2": 0.0528386086226, "median": 0.355258762836, "min": -6.47146293886e-07, "dvar2": 0.00292758876458, "dvar": 0.00136137160007, "dmean": 0.0354540981352, "max": 0.762703120708, "var": 0.0101143848151, "mean": 0.354001969099}, "barkbands": {"dmean2": [0.00135960790794, 0.0109269255772, 0.00264361593872, 0.000577313185204, 0.00420309090987, 0.00190160202328, 0.000614236283582, 0.000734630506486, 0.000319831509842, 0.000232088030316, 0.000160283758305, 0.000221226975555, 0.000123597419588, 0.000102960468212, 6.52795351925e-05, 2.89397958113e-05, 3.60857957276e-05, 3.0514824175e-05, 2.09733316296e-05, 2.98447248497e-05, 3.82755570172e-05, 3.06138899759e-05, 2.40564731939e-05, 3.84123777621e-05, 5.03523115185e-05, 3.44577601936e-05, 1.00228644442e-05], "median": [0.000167083038832, 0.00156282412354, 0.000521289766766, 0.000103391284938, 0.00278376834467, 0.00073270930443, 8.08088807389e-05, 5.63264948141e-05, 2.80943258986e-05, 2.30838595598e-05, 1.42495491673e-05, 1.71416722878e-05, 7.97070970293e-06, 8.13365750219e-06, 7.4030695032e-06, 5.65287382415e-06, 6.43136309009e-06, 6.37124185232e-06, 3.62311607205e-06, 3.206655947e-06, 2.39098017119e-06, 1.81062705451e-06, 1.17867023164e-06, 3.64207585335e-06, 5.1502529459e-06, 1.59373257702e-06, 6.7442798013e-08], "min": [1.55149095275e-25, 3.99012472292e-24, 1.18526311566e-24, 1.72747778418e-24, 8.89294968027e-24, 6.10379074376e-24, 8.26649551392e-24, 1.09086131443e-23, 1.5230696847e-23, 1.04884334829e-23, 1.67724544888e-23, 1.84098110282e-23, 2.48785256713e-23, 4.87011073784e-23, 5.53756500311e-23, 4.98780184292e-23, 8.29270021101e-23, 6.22328139834e-23, 9.78429923653e-23, 1.25310340224e-22, 2.10470954656e-22, 3.01203476677e-22, 3.73728748217e-22, 4.83908938228e-22, 8.09049332533e-22, 1.25483409996e-21, 1.92507688125e-21], "dvar2": [9.44829025684e-06, 0.000780721136834, 4.51227497251e-05, 1.95030656869e-06, 7.58416572353e-05, 2.50663797488e-05, 7.82514962339e-06, 1.0472565009e-05, 2.73353316516e-06, 1.00563579508e-06, 6.03876742389e-07, 1.6735536974e-06, 4.85239297632e-07, 3.28967161067e-07, 1.14867525269e-07, 6.63705268522e-09, 1.18963070506e-08, 6.14839335e-09, 4.84222750785e-09, 1.71343472744e-08, 3.4466861365e-08, 1.77642238697e-08, 7.24661575191e-09, 1.18942065086e-08, 2.18669118368e-08, 1.09223448064e-08, 2.09404604767e-09], "dvar": [3.89856313632e-06, 0.000290225696517, 1.64516695804e-05, 7.86379359852e-07, 2.87951916107e-05, 1.08520844151e-05, 4.09549693359e-06, 5.50184904569e-06, 1.72742682025e-06, 7.83143036642e-07, 5.15146325597e-07, 9.56942017183e-07, 2.93399665452e-07, 2.4636881335e-07, 6.19285174253e-08, 2.78377187968e-09, 5.26614440943e-09, 2.62344657109e-09, 1.83546400301e-09, 7.08322378529e-09, 1.41549731936e-08, 9.08532715727e-09, 2.92422397408e-09, 4.77057771064e-09, 8.4995148697e-09, 4.42285941205e-09, 8.44950498458e-10], "dmean": [0.000826926727314, 0.00648072268814, 0.001551249763, 0.000342445186106, 0.00260644452646, 0.00128052616492, 0.00042300610221, 0.000511734862812, 0.000251963967457, 0.000184433258255, 0.000125210921397, 0.00017127355386, 9.10212038434e-05, 7.63155403547e-05, 4.5963217417e-05, 1.81460727617e-05, 2.34118579101e-05, 1.97307599592e-05, 1.29914969875e-05, 1.94078438653e-05, 2.4729715733e-05, 2.07667726499e-05, 1.53872861119e-05, 2.41022626142e-05, 3.13272466883e-05, 2.15428863157e-05, 6.12895155427e-06], "max": [0.033111050725, 0.222275391221, 0.0640038251877, 0.0306343156844, 0.132649555802, 0.105997502804, 0.0828930288553, 0.0811370685697, 0.0580143034458, 0.0529215633869, 0.0617866441607, 0.0537512116134, 0.0345614850521, 0.0357995480299, 0.0161603651941, 0.00196864991449, 0.00233947462402, 0.00106803840026, 0.00114739127457, 0.00409640418366, 0.006925935857, 0.00420718220994, 0