{"tonal": {"thpcp": [1, 0.704726696014, 0.308776766062, 0.225134938955, 0.143328413367, 0.134789913893, 0.173612609506, 0.153419479728, 0.318302839994, 0.588982641697, 0.446459978819, 0.172337338328, 0.109556719661, 0.106348909438, 0.242946535349, 0.399650245905, 0.275340914726, 0.0875252187252, 0.056838132441, 0.0726477876306, 0.210660815239, 0.428464770317, 0.39630573988, 0.406493812799, 0.533339202404, 0.343646705151, 0.111669294536, 0.0587699376047, 0.0731770396233, 0.275757223368, 0.492916017771, 0.346907973289, 0.134630173445, 0.0888582542539, 0.111894659698, 0.545292913914], "hpcp": {"dmean2": [0.134071305394, 0.120164126158, 0.0669765546918, 0.0561494752765, 0.0728089660406, 0.11622966826, 0.153019621968, 0.174689754844, 0.1769669801, 0.145210623741, 0.121661938727, 0.0637524574995, 0.045136615634, 0.0589865669608, 0.1088629812, 0.138006418943, 0.132390975952, 0.096953868866, 0.0813732892275, 0.0973157510161, 0.194417402148, 0.221583500504, 0.205393135548, 0.17577175796, 0.119737431407, 0.0962762981653, 0.09557518363, 0.105936408043, 0.11059115082, 0.165528029203, 0.193676203489, 0.175967827439, 0.115422487259, 0.0858062654734, 0.0866531059146, 0.129573047161], "median": [0.044430077076, 0.029573533684, 0.00852134823799, 0.00386903202161, 0.00446035433561, 0.0274626277387, 0.060655452311, 0.0636031404138, 0.0577463954687, 0.0414311811328, 0.0212922506034, 0.00536287203431, 0.00314050074667, 0.00590617209673, 0.0359245687723, 0.0615379959345, 0.0388380363584, 0.00877804122865, 0.00432276539505, 0.0111225973815, 0.140326291323, 0.310877680779, 0.196668028831, 0.029178770259, 0.00845102593303, 0.00544433109462, 0.00959901046008, 0.0108010554686, 0.0111359050497, 0.0414231792092, 0.0870195478201, 0.0608171187341, 0.0166395157576, 0.00917517021298, 0.0108606554568, 0.0280306246132], "min": [0, 0, 0, 0, 0, 0, 0, 0, 0, 0, 0, 0, 0, 0, 0, 0, 0, 0, 0, 0, 0, 0, 0, 0, 0, 0, 0, 0, 0, 0, 0, 0, 0, 0, 0, 0], "dvar2": [0.0489632412791, 0.0446882583201, 0.024428345263, 0.0285563673824, 0.0413200631738, 0.0496533811092, 0.0586348101497, 0.0720441862941, 0.0772105529904, 0.0640291944146, 0.0490400083363, 0.026115918532, 0.0219467170537, 0.0291131380945, 0.0431734956801, 0.0511831343174, 0.0571653842926, 0.0509758517146, 0.0496345981956, 0.0512012913823, 0.0655896663666, 0.0791058689356, 0.0720140710473, 0.0855164900422, 0.0650511458516, 0.057039309293, 0.052514757961, 0.055475205183, 0.0584961436689, 0.0763797238469, 0.0882071703672, 0.0734071061015, 0.0526850745082, 0.0426349788904, 0.0410746224225, 0.0572272948921], "dvar": [0.0206361114979, 0.0170789640397, 0.0085317781195, 0.00953954737633, 0.0138086630031, 0.0175104774535, 0.0240645669401, 0.0265030805022, 0.0281599238515, 0.02720772475, 0.0194958634675, 0.00949866883457, 0.00785459857434, 0.0104488041252, 0.016672572121, 0.0227432250977, 0.021777421236, 0.0187241844833, 0.0173747651279, 0.018385021016, 0.0252097751945, 0.0340507924557, 0.0279287453741, 0.0312188304961, 0.0241711121053, 0.0198775343597, 0.0182801485062, 0.0204608440399, 0.0209840014577, 0.0267908275127, 0.0335626117885, 0.0265508331358, 0.0186613406986, 0.0151740275323, 0.0142575260252, 0.0205510519445], "dmean": [0.0826096460223, 0.07249969244, 0.0375638492405, 0.030330112204, 0.0395288281143, 0.0684135183692, 0.0958478972316, 0.104536011815, 0.10502538085, 0.090449526906, 0.0739017277956, 0.0366074889898, 0.0254615787417, 0.0330581627786, 0.068142130971, 0.0881945937872, 0.0803689882159, 0.0555257610977, 0.0451810956001, 0.0545889548957, 0.120825581253, 0.138617649674, 0.12592895329, 0.101780690253, 0.0683397054672, 0.0542226210237, 0.0549184828997, 0.0619122795761, 0.0633454993367, 0.0968986228108, 0.115750044584, 0.103550843894, 0.0657960623503, 0.0487836897373, 0.0485424660146, 0.0758866295218], "max": [1, 1, 1, 1, 1, 1, 1, 1, 1, 1, 1, 1, 1, 1, 1, 1, 1, 1, 1, 1, 1, 1, 1, 1, 1, 1, 1, 1, 1, 1, 1, 1, 1, 1, 1, 1], "var": [0.0778067260981, 0.041558817029, 0.00942756328732, 0.00643488857895, 0.00988815166056, 0.0264809578657, 0.0726943314075, 0.0585154853761, 0.0638362690806, 0.117976017296, 0.0648411884904, 0.0189248714596, 0.00697077950463, 0.00925366114825, 0.0366392508149, 0.0979169383645, 0.0597641468048, 0.0201595127583, 0.0136858494952, 0.0143940653652, 0.06340315938, 0.14672781527, 0.0948609188199, 0.050497032702, 0.0514810793102, 0.0285453312099, 0.0202604550868, 0.0310289300978, 0.0246558301151, 0.0444984100759, 0.112772315741, 0.0734669938684, 0.0242223460227, 0.0137799493968, 0.0124072916806, 0.0335015356541], "mean": [0.175749614835, 0.121083520353, 0.0384899638593, 0.0249950550497, 0.0319474861026, 0.092639900744, 0.188421055675, 0.174278840423, 0.178759142756, 0.234540477395, 0.151121586561, 0.049107529223, 0.0258445832878, 0.0321802310646, 0.12126660347, 0.216764047742, 0.15255574882, 0.0592047721148, 0.039076179266, 0.0492066368461, 0.239797234535, 0.439758569002, 0.30990961194, 0.13578723371, 0.0990050211549, 0.0630299001932, 0.0592750199139, 0.0763476341963, 0.067467533052, 0.139976397157, 0.25901016593, 0.196334600449, 0.0757868215442, 0.0481785051525, 0.0467678457499, 0.106837823987]}, "tuning_equal_tempered_deviation": 0.0181680619717, "chords_changes_rate": 0.0444418676198, "key_key": "C", "tuning_diatonic_strength": 0.573214888573, "key_scale": "major", "chords_number_rate": 0.00150847062469, "tuning_frequency": 437.465789795, "tuning_nontempered_energy_ratio": 0.679680109024, "chords_histogram": [30.5407295227, 14.8410301208, 8.79554462433, 2.06544446945, 2.62241816521, 0.03481085971, 1.90299367905, 1.79856109619, 12.0213508606, 0, 0.568577408791, 0, 0, 0, 0, 0.42933395505, 0.568577408791, 1.41564166546, 0.0580181032419, 2.69203996658, 0.150847062469, 2.07704806328, 2.69203996658, 14.7249946594], "key_strength": 0.71216404438, "chords_key": "C", "chords_strength": {"dmean2": 0.00646154768765, "median": 0.523155331612, "min": -1, "dvar2": 0.000525942770764, "dvar": 0.000287809409201, "dmean": 0.00759064033628, "max": 0.777476429939, "var": 0.019893148914, "mean": 0.516669750214}, "chords_scale": "major", "hpcp_entropy": {"dmean2": 0.873904645443, "median": 1.78981900215, "min": 0, "dvar2": 0.531006932259, "dvar": 0.203540503979, "dmean": 0.520318686962, "max": 4.15535545349, "var": 0.548573315144, "mean": 1.73405623436}}, "metadata": {"audio_properties": {"equal_loudness": 0, "codec": "mp3", "downmix": "mix", "sample_rate": 44100, "analysis_sample_rate": 44100, "bit_rate": 256000, "md5_encoded": "ff0f25dc28d6e03553f317cbcc648495", "length": 400.143676758, "replay_gain": -9.40614700317, "lossless": false}, "version": {"essentia_build_sha": "70f2e5ece6736b2c40cc944ad0e695b16b925413", "essentia": "2.1-beta2", "extractor": "music 1.0", "essentia_git_sha": "v2.1_beta2"}, "tags": {"title": ["Calling Out the Blue Light"], "artist": ["Arcana"], "albumartist": ["Arcana"], "date": ["1997"], "genre": ["Jazz", "Dark Ambient", "Darkwave", "Psychedelic", "Experimental"], "musicbrainz_albumid": ["e45a2a98-ea2d-4514-8117-4f96472062e6"], "contentgroup": ["Jazz"], "mood": ["Melancholic", "Emotional"], "musicbrainz_recordingid": ["033281c1-a4b9-4657-952b-8905017215d9"], "musicbrainz album status": ["official"], "asin": ["B000003RDG"], "originaldate": ["1997"], "musicbrainz_albumartistid": ["62ece1cb-e009-411c-b835-95874937288b"], "tracknumber": ["5/8"], "artistsort": ["Arcana"], "album": ["Arc of the Testimony"], "musicbrainz album release country": ["US"], "albumartistsort": ["Arcana"], "musicbrainz album type": ["album"], "musicbrainz_artistid": ["62ece1cb-e009-411c-b835-95874937288b"], "file_name": "05 Calling Out the Blue Light.mp3"}}, "rhythm": {"bpm_histogram_first_peak_bpm": {"dmean2": 0, "median": 148, "min": 148, "dvar2": 0, "dvar": 0, "dmean": 0, "max": 148, "var": 0, "mean": 148}, "bpm": 147.721755981, "bpm_histogram_second_peak_spread": {"dmean2": 0, "median": 0.398876428604, "min": 0.398876428604, "dvar2": 0, "dvar": 0, "dmean": 0, "max": 0.398876428604, "var": 0, "mean": 0.398876428604}, "bpm_histogram_first_peak_weight": {"dmean2": 0, "median": 0.185897439718, "min": 0.185897439718, "dvar2": 0, "dvar": 0, "dmean": 0, "max": 0.185897439718, "var": 0, "mean": 0.185897439718}, "onset_rate": 4.01338338852, "beats_position": [0.46439909935, 0.940408170223, 1.4164172411, 1.88081634045, 2.35682535172, 2.82122445107, 3.28562355042, 3.76163268089, 4.22603178024, 4.69043064117, 5.15482997894, 5.61922883987, 6.17650794983, 6.73378658295, 7.2910656929, 7.8251247406, 8.35918331146, 8.90485286713, 9.38086128235, 9.85687065125, 10.3328800201, 10.8437185287, 11.3429479599, 11.8421764374, 12.3530158997, 12.8522443771, 13.3514738083, 13.8507022858, 14.3499317169, 14.8491611481, 15.2206802368, 15.5921993256, 15.9637184143, 16.3352375031, 16.6835365295, 17.0202255249, 17.3569164276, 17.7052154541, 18.0535144806, 18.390203476, 18.7268924713, 19.0635814667, 19.4118824005, 19.7485713959, 20.0852603912, 20.4219493866, 20.7702484131, 21.1185474396, 21.4784584045, 21.826757431, 22.2911567688, 22.7207260132, 23.1502952576, 23.5798625946, 24.009431839, 24.4390010834, 24.8685703278, 25.3445796967, 25.8205890656, 26.3082084656, 26.7958278656, 27.2834453583, 27.7710647583, 28.2586841583, 28.7463035583, 29.2223129272, 29.7099323273, 30.0930614471, 30.476190567, 30.8593196869, 31.2424488068, 31.6255779266, 32.0087051392, 32.391834259, 32.7865753174, 33.1697044373, 33.5644454956, 33.9591827393, 34.3539237976, 34.7370529175, 35.1201820374, 35.5033111572, 35.8864402771, 36.269569397, 36.6643066406, 37.059047699, 37.4537849426, 37.8601341248, 38.2664833069, 38.6844444275, 39.1140136719, 39.5435829163, 39.9615402222, 40.3678894043, 40.7742385864, 41.1805877686, 41.5869369507, 41.9932861328, 42.3996353149, 42.8059844971, 43.2123336792, 43.6070747375, 44.0018119812, 44.4081611633, 44.8145103455, 45.2092514038, 45.6156005859, 46.0219497681, 46.4166870117, 46.8230361938, 47.2409973145, 47.6473464966, 48.0536956787, 48.4600448608, 48.866394043, 49.2727432251, 49.6790924072, 50.0854415894, 50.4917907715, 50.8981399536, 51.3044891357, 51.7108383179, 52.1055755615, 52.5119247437, 52.9182739258, 53.3130149841, 53.7077522278, 54.1024932861, 54.5088424683, 54.9151916504, 55.3215408325, 55.7278900146, 56.1342391968, 56.5173683167, 56.9004974365, 57.2836265564, 57.6783676147, 58.0731048584, 58.4678459167, 58.8625831604, 59.2573242188, 59.6404533386, 60.0235824585, 60.4067115784, 60.7898406982, 61.1729698181, 61.5444869995, 61.9276161194, 62.310749054, 62.6938781738, 63.0770072937, 63.4485244751, 63.831653595, 64.2147827148, 64.5979156494, 64.9810409546, 65.3641738892, 65.7705230713, 66.1768722534, 66.5716094971, 66.9663467407, 67.3610839844, 67.7558288574, 68.1621780396, 68.5685272217, 68.9748764038, 69.3812255859, 69.7759628296, 70.1590881348, 70.5306091309, 70.9137420654, 71.2968673706, 71.6800003052, 72.0747375488, 72.4694747925, 72.8526077271, 73.2357330322, 73.6304779053, 74.0136032104, 74.396736145, 74.7914733887, 75.1862106323, 75.580947876, 75.975692749, 76.3704299927, 76.7651672363, 77.15990448, 77.5430374146, 77.9377746582, 78.3441238403, 78.738861084, 79.133605957, 79.5283432007, 79.9230804443, 80.3178253174, 80.712562561, 81.1072998047, 81.5020370483, 81.8967819214, 82.2799072266, 82.6746444702, 83.0577774048, 83.4525146484, 83.8588638306, 84.2652130127, 84.6599502563, 85.0546951294, 85.449432373, 85.8441696167, 86.2389068604, 86.6336517334, 87.0283889771, 87.4231262207, 87.8178634644, 88.2126083374, 88.6073455811, 89.0020828247, 89.4084320068, 89.8263931274, 90.2327423096, 90.6274795532, 91.0222167969, 91.428565979, 91.8233108521, 92.2180480957, 92.6243972778, 93.03074646, 93.4370956421, 93.8434448242, 94.2497940063, 94.64453125, 95.039276123, 95.4340133667, 95.8287506104, 96.223487854, 96.6182327271, 97.0245819092, 97.4193191528, 97.8140563965, 98.2087936401, 98.6151428223, 99.0214920044, 99.4162368774, 99.8225860596, 100.228935242, 100.635284424, 101.041633606, 101.447982788, 101.85433197, 102.260681152, 102.667030334, 103.073379517, 103.479728699, 103.886077881, 104.280815125, 104.687164307, 105.093513489, 105.499862671, 105.906211853, 106.312561035, 106.718910217, 107.125259399, 107.531608582, 107.926345825, 108.332695007, 108.739044189, 109.133781433, 109.528526306, 109.934875488, 110.34122467, 110.747573853, 111.153923035, 111.560272217, 111.966621399, 112.361358643, 112.767707825, 113.174057007, 113.580406189, 113.986755371, 114.381492615, 114.776237488, 115.170974731, 115.565711975, 115.972061157, 116.378410339, 116.773147583, 117.167892456, 117.585845947, 117.992195129, 118.398544312, 118.804893494, 119.211242676, 119.629203796, 120.047164917, 120.465126038, 120.883079529, 121.301040649, 121.730613708, 122.160179138, 122.589744568, 123.007705688, 123.437278748, 123.866844177, 124.284805298, 124.69115448, 125.085891724, 125.492240906, 125.898590088, 126.316551208, 126.734512329, 127.15246582, 127.558815002, 127.965164185, 128.371520996, 128.777862549, 129.18421936, 129.590560913, 129.996917725, 130.403259277, 130.821228027, 131.22756958, 131.633926392, 132.028656006, 132.423400879, 132.818145752, 133.212875366, 133.619232178, 134.02557373, 134.431930542, 134.838272095, 135.256240845, 135.662582397, 136.068939209, 136.475280762, 136.881637573, 137.287979126, 137.705932617, 138.123901367, 138.53024292, 138.94821167, 139.366165161, 139.784118652, 140.202087402, 140.620040894, 141.026397705, 141.432739258, 141.827484131, 142.222213745, 142.616958618, 143.034912109, 143.452880859, 143.859222412, 144.253967285, 144.648712158, 145.043441772, 145.449798584, 145.844528198, 146.239273071, 146.634017944, 147.028747559, 147.423492432, 147.818222046, 148.212966919, 148.607711792, 149.002441406, 149.397186279, 149.780319214, 150.16343689, 150.558181763, 150.952926636, 151.34765625, 151.742401123, 152.137145996, 152.53187561, 152.926620483, 153.321365356, 153.716094971, 154.110839844, 154.505569458, 154.91192627, 155.318267822, 155.713012695, 156.09614563, 156.490875244, 156.885620117, 157.291976929, 157.686706543, 158.081451416, 158.47618103, 158.882537842, 159.300491333, 159.718460083, 160.124801636, 160.542770386, 160.960723877, 161.36706543, 161.773422241, 162.191375732, 162.609344482, 163.027297974, 163.445251465, 163.851608276, 164.257949829, 164.652694702, 165.059051514, 165.465393066, 165.883346558, 166.289703369, 166.696044922, 167.090789795, 167.485534668, 167.880264282, 168.263397217, 168.646530151, 169.041259766, 169.482452393, 169.923629761, 170.364807129, 170.794372559, 171.223937988, 171.665115356, 172.106307983, 172.535873413, 172.965438843, 173.406616211, 173.836181641, 174.277359009, 174.706939697, 175.148117065, 175.600906372, 176.053695679, 176.518096924, 176.97088623, 177.423675537, 177.876464844, 178.317642212, 178.747207642, 179.18838501, 179.617950439, 180.047531128, 180.488708496, 180.918273926, 181.336227417, 181.754196167, 182.172149658, 182.590103149, 182.996459961, 183.402801514, 183.809158325, 184.227111816, 184.668289185, 185.121078491, 185.573867798, 186.026657104, 186.479446411, 186.932235718, 187.385025024, 187.826202393, 188.26739502, 188.708572388, 189.138137817, 189.567703247, 190.008880615, 190.438461304, 190.868026733, 191.309204102, 191.738769531, 192.168334961, 192.597915649, 193.027481079, 193.44543457, 193.86340332, 194.29296875, 194.745758057, 195.210159302, 195.674560547, 196.138946533, 196.603347778, 197.067749023, 197.543762207, 198.008163452, 198.472564697, 198.936950684, 199.38973999, 199.842529297, 200.295318604, 200.759719849, 201.212509155, 201.665298462, 202.118087769, 202.582489014, 203.046890259, 203.499679565, 203.952468872, 204.405258179, 204.869659424, 205.334060669, 205.798446655, 206.2628479, 206.715637207, 207.168426514, 207.609603882, 208.050796509, 208.503585815, 208.956375122, 209.420761108, 209.861953735, 210.314727783, 210.76751709, 211.197097778, 211.626663208, 212.056228638, 212.485794067, 212.915374756, 213.344940186, 213.762893677, 214.169250488, 214.575592041, 214.993560791, 215.399902344, 215.806259155, 216.224212646, 216.642166138, 217.060134888, 217.478088379, 217.896057129, 218.31401062, 218.74357605, 219.1615448, 219.591110229, 220.009063721, 220.427032471, 220.8565979, 221.28616333, 221.704116821, 222.13369751, 222.563262939, 223.004440308, 223.445617676, 223.886795044, 224.327972412, 224.780761719, 225.245162964, 225.697952271, 226.104309082, 226.510650635, 226.917007446, 227.323348999, 227.741317749, 228.15927124, 228.58883667, 229.00680542, 229.413146973, 229.831100464, 230.249069214, 230.667022705, 231.084991455, 231.502944946, 231.920898438, 232.338867188, 232.756820679, 233.17477417, 233.59274292, 234.010696411, 234.428665161, 234.846618652, 235.252960205, 235.659317017, 236.05406189, 236.495239258, 236.924804688, 237.354370117, 237.783935547, 238.213516235, 238.643081665, 239.072647095, 239.502212524, 239.931793213, 240.361358643, 240.790924072, 241.220489502, 241.65007019, 242.07963562, 242.50920105, 242.938766479, 243.368347168, 243.797912598, 244.227478027, 244.657043457, 245.098220825, 245.539413452, 245.98059082, 246.421768188, 246.897766113, 247.362167358, 247.814956665, 248.267745972, 248.732147217, 249.184936523, 249.63772583, 250.05569458, 250.473648071, 250.891601562, 251.309570312, 251.727523804, 252.145477295, 252.563446045, 252.981399536, 253.399353027, 253.817321777, 254.235275269, 254.653244019, 255.07119751, 255.477539062, 255.907119751, 256.348297119, 256.789459229, 257.219055176, 257.648620605, 258.078186035, 258.507751465, 258.948944092, 259.390106201, 259.819671631, 260.249237061, 260.67880249, 261.108398438, 261.52633667, 261.967529297, 262.408691406, 262.849884033, 263.30267334, 263.755462646, 264.208251953, 264.66104126, 265.113830566, 265.566619873, 266.01940918, 266.472198486, 266.913360596, 267.354553223, 267.807342529, 268.260131836, 268.712921143, 269.165710449, 269.630096436, 270.094512939, 270.512481689, 270.930419922, 271.348388672, 271.766357422, 272.184295654, 272.602264404, 273.020233154, 273.438171387, 273.856140137, 274.262481689, 274.668823242, 275.086791992, 275.504760742, 275.922729492, 276.340667725, 276.758636475, 277.176605225, 277.594543457, 278.012512207, 278.430480957, 278.848419189, 279.266387939, 279.684356689, 280.079101562, 280.485443115, 280.891784668, 281.298126221, 281.692871094, 282.099212646, 282.517181396, 282.923522949, 283.32989502, 283.736236572, 284.142578125, 284.560546875, 284.978485107, 285.396453857, 285.814422607, 286.23236084, 286.63873291, 287.045074463, 287.451416016, 287.857757568, 288.252502441, 288.647247314, 289.041992188, 289.44833374, 289.86630249, 290.272644043, 290.690612793, 291.108551025, 291.526519775, 291.944488525, 292.362457275, 292.792022705, 293.221588135, 293.639526367, 294.057495117, 294.475463867, 294.893432617, 295.31137085, 295.740936279, 296.170501709, 296.611694336, 297.041259766, 297.470825195, 297.912017822, 298.353179932, 298.794372559, 299.235565186, 299.676727295, 300.106292725, 300.535858154, 300.953826904, 301.371795654, 301.801361084, 302.230926514, 302.660491943, 303.090057373, 303.508026123, 303.925994873, 304.343933105, 304.761901855, 305.179870605, 305.597808838, 306.015777588, 306.445343018, 306.85168457, 307.26965332, 307.664398193, 308.059143066, 308.453857422, 308.848602295, 309.289794922, 309.730957031, 310.183746338, 310.636535645, 311.077728271, 311.518920898, 311.971710205, 312.424468994, 312.888885498, 313.353271484, 313.829284668, 314.305297852, 314.781311035, 315.245697021, 315.721710205, 316.197723389, 316.673736572, 317.138122559, 317.602539062, 318.066925049, 318.531341553, 318.995727539, 319.471740723, 319.947753906, 320.42376709, 320.899780273, 321.35256958, 321.805358887, 322.258148193, 322.687713623, 323.117279053, 323.546844482, 323.976409912, 324.405975342, 324.823944092, 325.241912842, 325.648254395, 326.054595947, 326.44934082, 326.855682373, 327.262023926, 327.668395996, 328.086334229, 328.492706299, 328.910644531, 329.316986084, 329.734954834, 330.164520264, 330.594085693, 331.023681641, 331.45324707, 331.8828125, 332.31237793, 332.741943359, 333.183135986, 333.624298096, 334.053863525, 334.495056152, 334.936218262, 335.377410889, 335.830200195, 336.282989502, 336.735778809, 337.188568115, 337.641357422, 338.094146729, 338.546936035, 338.988098145, 339.440887451, 339.893676758, 340.358093262, 340.810882568, 341.263671875, 341.716461182, 342.146026611, 342.587219238, 343.028381348, 343.457946777, 343.887512207, 344.328704834, 344.758270264, 345.199462891, 345.640625, 346.081817627, 346.522979736, 346.975769043, 347.41696167, 347.881347656, 348.322540283, 348.763702393, 349.20489502, 349.634460449, 350.064025879, 350.505218506, 350.969604492, 351.434020996, 351.898406982, 352.339599609, 352.792388916, 353.245178223, 353.709564209, 354.173950195, 354.626739502, 355.079528809, 355.520721436, 355.973510742, 356.426300049, 356.879089355, 357.331878662, 357.784667969, 358.237457275, 358.690246582, 359.143035889, 359.595825195, 360.060211182, 360.524627686, 360.989013672, 361.441802979, 361.906219482, 362.359008789, 362.811798096, 363.252960205, 363.705749512, 364.170166016, 364.634552002, 365.087341309, 365.540130615, 366.004516602, 366.457305908, 366.910095215, 367.362884521, 367.815673828, 368.268463135, 368.721252441, 369.174041748, 369.626831055, 370.079620361, 370.532409668, 370.985198975, 371.437988281, 371.855957031, 372.273925781, 372.691864014, 373.098236084, 373.492950439, 373.887695312, 374.294036865, 374.700408936, 375.106750488, 375.513092041, 375.907836914, 376.325805664, 376.743743896, 377.173339844, 377.602905273, 378.044067383, 378.48526001, 378.949645996, 379.4140625, 379.878448486, 380.44732666, 381.004608154, 381.561889648, 382.13079834, 382.688079834, 383.245330811, 383.802612305, 384.348297119, 384.893951416, 385.43963623, 385.985290527, 386.472930908, 386.960540771, 387.448150635, 387.935760498, 388.423400879, 388.911010742, 389.387023926, 389.863037109, 390.339050293, 390.815063477, 391.31427002, 391.81350708, 392.301116943, 392.788757324, 393.287963867, 393.833648682, 394.390930176, 394.936584473, 395.435821533, 395.935058594, 396.434265137, 397.037994385, 397.641723633, 398.245422363, 398.849151611, 399.452880859], "beats_loudness": {"dmean2": 0.0225164890289, "median": 0.0300501603633, "min": 0, "dvar2": 0.000535665429197, "dvar": 0.000222477232455, "dmean": 0.0139937279746, "max": 0.142794266343, "var": 0.000549792079255, "mean": 0.0336279086769}, "danceability": 0.856902778149, "bpm_histogram_second_peak_weight": {"dmean2": 0, "median": 0.114316239953, "min": 0.114316239953, "dvar2": 0, "dvar": 0, "dmean": 0, "max": 0.114316239953, "var": 0, "mean": 0.114316239953}, "beats_count": 937, "bpm_histogram_second_peak_bpm": {"dmean2": 0, "median": 140, "min": 140, "dvar2": 0, "dvar": 0, "dmean": 0, "max": 140, "var": 0, "mean": 140}, "bpm_histogram_first_peak_spread": {"dmean2": 0, "median": 0.619256019592, "min": 0.619256019592, "dvar2": 0, "dvar": 0, "dmean": 0, "max": 0.619256019592, "var": 0, "mean": 0.619256019592}, "beats_loudness_band_ratio": {"dmean2": [0.259463131428, 0.250976622105, 0.159730106592, 0.0736827254295, 0.0547560527921, 0.0846602097154], "median": [0.358252435923, 0.277031391859, 0.1220722422, 0.0380323566496, 0.0181840639561, 0.0398926325142], "min": [0, 0, 0, 0, 0, 0], "dvar2": [0.0548534169793, 0.0443829074502, 0.0248763076961, 0.00893174763769, 0.00829534977674, 0.0166580080986], "dvar": [0.0218490231782, 0.0160724073648, 0.00937384180725, 0.00354360509664, 0.00342022674158, 0.00695544946939], "dmean": [0.153082996607, 0.149981960654, 0.0954751968384, 0.0436858534813, 0.0332878567278, 0.05093331635], "max": [0.90728700161, 0.981195449829, 0.897928714752, 0.629745364189, 0.576847374439, 0.922931194305], "var": [0.0647202730179, 0.042171690613, 0.024933764711, 0.00616631144658, 0.00666092149913, 0.011903103441], "mean": [0.36249896884, 0.327073842287, 0.16882519424, 0.0644702985883, 0.0509521923959, 0.0773290097713]}}, "lowlevel": {"barkbands_spread": {"dmean2": 7.9205622673, "median": 18.203742981, "min": 0.257183998823, "dvar2": 89.5861663818, "dvar": 41.3336982727, "dmean": 5.27296161652, "max": 138.387893677, "var": 274.624694824, "mean": 22.4316158295}, "melbands_spread": {"dmean2": 6.76600551605, "median": 12.3441257477, "min": 0.483795136213, "dvar2": 96.4138412476, "dvar": 36.4653549194, "dmean": 4.21726322174, "max": 182.643692017, "var": 316.300262451, "mean": 17.9896526337}, "hfc": {"dmean2": 6.98038482666, "median": 19.5977134705, "min": 1.08094142651e-16, "dvar2": 63.9985580444, "dvar": 30.4607219696, "dmean": 4.81420612335, "max": 227.217483521, "var": 233.747283936, "mean": 21.953502655}, "barkbands_kurtosis": {"dmean2": 5.51753139496, "median": 4.94713592529, "min": -1.93764317036, "dvar2": 92.3978805542, "dvar": 42.8411750793, "dmean": 3.51113653183, "max": 560.541381836, "var": 264.85559082, "mean": 8.41358947754}, "gfcc": {"mean": [-2.73152756691, 68.4744262695, -77.6521835327, 14.6574048996, -58.8771095276, -4.13149738312, -40.784828186, 5.19731998444, -27.7174167633, -0.434019178152, -18.3963813782, -0.547052145004, -10.6423807144], "icov": [[0.000141755168443, -0.000117142801173, 0.000152823122335, -0.000189087935723, 9.79210817604e-05, -0.000118609750643, 0.000362778955605, -0.000492822669912, 0.000731122680008, -0.000892811629456, 0.00118260702584, -0.000931094458792, 0.00051293062279], [-0.000117142801173, 0.000984828453511, -8.44424721436e-06, 0.000341403181665, -0.00039435463259, -0.000172253596247, -0.000503492250573, -8.04599912954e-05, -0.000620275037363, 0.00177742075175, -0.00271771708503, 0.00295514799654, -0.00120568298735], [0.000152823122335, -8.44424721436e-06, 0.00144156720489, -0.000456943758763, 0.000246252660872, -9.53931739787e-05, -0.00103750196286, -0.000220892063226, 0.000622959458269, -0.00107019557618, 0.00177932053339, -0.00231039826758, 0.00184331205674], [-0.000189087935723, 0.000341403181665, -0.000456943758763, 0.00234670750797, -0.000690009677783, -0.00117976847105, 0.000738798698876, -0.000956082483754, 0.000829312601127, 0.000814184895717, -0.002064533066, 0.00261405063793, -0.00164025195409], [9.79210817604e-05, -0.00039435463259, 0.000246252660872, -0.000690009677783, 0.00313686206937, -0.000219779132749, -0.000139765412314, 0.000227431868552, -0.00177864101715, -2.95016816381e-05, 0.00117577263154, -0.00123678438831, 0.00149239902385], [-0.000118609750643, -0.000172253596247, -9.53931739787e-05, -0.00117976847105, -0.000219779132749, 0.00600183941424, -0.00247956742533, 0.000720035051927, -0.000381082878448, 0.000228545904974, 0.000690235989168, -0.0018986670766, 0.00218869000673], [0.000362778955605, -0.000503492250573, -0.00103750196286, 0.000738798698876, -0.000139765412314, -0.00247956742533, 0.0107832811773, -0.00626944052055, 0.00252383970656, -0.00102242361754, 0.000886285095476, -0.0011506912997, -0.000140855350764], [-0.000492822669912, -8.04599912954e-05, -0.000220892063226, -0.000956082483754, 0.000227431868552, 0.000720035051927, -0.00626944052055, 0.0145607413724, -0.00981434155256, 0.00610622065142, -0.00301122642122, 0.000989723135717, 0.000422882847488], [0.000731122680008, -0.000620275037363, 0.000622959458269, 0.000829312601127, -0.00177864101715, -0.000381082878448, 0.00252383970656, -0.00981434155256, 0.0217234864831, -0.0159631967545, 0.00908347871155, -0.00197657523677, -0.00321442377754], [-0.000892811629456, 0.00177742075175, -0.00107019557618, 0.000814184895717, -2.95016816381e-05, 0.000228545904974, -0.00102242361754, 0.00610622065142, -0.0159631967545, 0.0281401183456, -0.0192448627204, 0.00729322433472, 0.00197576964274], [0.00118260702584, -0.00271771708503, 0.00177932053339, -0.002064533066, 0.00117577263154, 0.000690235989168, 0.000886285095476, -0.00301122642122, 0.00908347871155, -0.0192448627204, 0.0264710113406, -0.01723129116, 0.00462545640767], [-0.000931094458792, 0.00295514799654, -0.00231039826758, 0.00261405063793, -0.00123678438831, -0.0018986670766, -0.0011506912997, 0.000989723135717, -0.00197657523677, 0.00729322433472, -0.01723129116, 0.0261522084475, -0.0110054882243], [0.00051293062279, -0.00120568298735, 0.00184331205674, -0.00164025195409, 0.00149239902385, 0.00218869000673, -0.000140855350764, 0.000422882847488, -0.00321442377754, 0.00197576964274, 0.00462545640767, -0.0110054882243, 0.0144202932715]], "cov": [[20822.0019531, -955.796447754, -209.691131592, 1515.50952148, -186.673706055, 732.641113281, -480.432556152, 89.1859283447, -585.282531738, -104.375183105, -654.565551758, -16.2050018311, -639.127807617], [-955.796447754, 2110.31420898, -463.262390137, -89.9061431885, 206.180938721, -44.5814857483, 104.739326477, 123.111442566, 95.948135376, -54.4655151367, 78.9865951538, -176.847839355, 110.81893158], [-209.691131592, -463.262390137, 1296.19934082, 152.612167358, -18.0440826416, 185.19744873, 193.481079102, 54.9541473389, -40.47448349, 23.8629894257, -2.33095932007, 89.1960906982, -149.0390625], [1515.50952148, -89.9061431885, 152.612167358, 717.82824707, 88.5875778198, 179.268432617, -5.80491828918, 49.5229568481, -65.8422927856, -25.0530948639, -35.2635116577, -23.4447212219, -54.9940261841], [-186.673706055, 206.180938721, -18.0440826416, 88.5875778198, 412.281982422, 45.9378929138, 34.6033210754, 48.2788963318, 66.4926986694, 8.61162090302, -10.7312173843, -31.2390174866, -21.2139701843], [732.641113281, -44.5814857483, 185.19744873, 179.268432617, 45.9378929138, 274.837158203, 71.9521560669, 37.6279945374, -26.5785598755, -5.25354957581, -18.2301521301, 11.0582284927, -70.856803894], [-480.432556152, 104.739326477, 193.481079102, -5.80491828918, 34.6033210754, 71.9521560669, 194.841049194, 88.6289901733, 26.0027313232, -4.79801273346, 15.4632663727, 12.8571548462, -3.43797278404], [89.1859283447, 123.111442566, 54.9541473389, 49.5229568481, 48.2788963318, 37.6279945374, 88.6289901733, 153.54876709, 60.8857803345, -4.80214691162, -8.68379020691, -5.85328769684, 3.93277978897], [-585.282531738, 95.948135376, -40.47448349, -65.8422927856, 66.4926986694, -26.5785598755, 26.0027313232, 60.8857803345, 138.182800293, 55.0256385803, 20.2821655273, -5.57666540146, 34.6474990845], [-104.375183105, -54.4655151367, 23.8629894257, -25.0530948639, 8.61162090302, -5.25354957581, -4.79801273346, -4.80214691162, 55.0256385803, 121.757453918, 83.6445999146, 24.1251468658, -19.5754890442], [-654.565551758, 78.9865951538, -2.33095932007, -35.2635116577, -10.7312173843, -18.2301521301, 15.4632663727, -8.68379020691, 20.2821655273, 83.6445999146, 165.26071167, 66.2179260254, 21.045917511], [-16.2050018311, -176.847839355, 89.1960906982, -23.4447212219, -31.2390174866, 11.0582284927, 12.8571548462, -5.85328769684, -5.57666540146, 24.1251468658, 66.2179260254, 121.514358521, 40.5239753723], [-639.127807617, 110.81893158, -149.0390625, -54.9940261841, -21.2139701843, -70.856803894, -3.43797278404, 3.93277978897, 34.6474990845, -19.5754890442, 21.045917511, 40.5239753723, 161.525543213]]}, "spectral_energyband_middle_low": {"dmean2": 0.00797005835921, "median": 0.0157688260078, "min": 1.92697325238e-22, "dvar2": 0.000128340354422, "dvar": 4.58842368971e-05, "dmean": 0.00495187332854, "max": 0.136518791318, "var": 0.000202188719413, "mean": 0.0183931738138}, "melbands_crest": {"dmean2": 4.52475214005, "median": 13.7606897354, "min": 1.26700592041, "dvar2": 17.8960514069, "dvar": 6.32612466812, "dmean": 2.74174356461, "max": 33.5957489014, "var": 23.4285049438, "mean": 14.3863954544}, "spectral_kurtosis": {"dmean2": 2.28230524063, "median": 3.55548167229, "min": -1.27556991577, "dvar2": 27.0578651428, "dvar": 9.43846607208, "dmean": 1.38463544846, "max": 129.947158813, "var": 114.206382751, "mean": 6.112159729}, "spectral_rms": {"dmean2": 0.00108238728717, "median": 0.00534728402272, "min": 3.11702638527e-12, "dvar2": 1.469239578e-06, "dvar": 4.99455495628e-07, "dmean": 0.000655361800455, "max": 0.0132949296385, "var": 5.04624995301e-06, "mean": 0.00521447882056}, "zerocrossingrate": {"dmean2": 0.0156886130571, "median": 0.060546875, "min": 0.00634765625, "dvar2": 0.000288013892714, "dvar": 0.00022311808425, "dmean": 0.013337334618, "max": 0.845703125, "var": 0.00488597527146, "mean": 0.0775366798043}, "silence_rate_60dB": {"dmean2": 0.0206592381001, "median": 0, "min": 0, "dvar2": 0.0232504811138, "dvar": 0.0102224405855, "dmean": 0.0103290202096, "max": 1, "var": 0.0671762004495, "mean": 0.0724149942398}, "erbbands_kurtosis": {"dmean2": 1.63723754883, "median": 0.185600161552, "min": -1.83880007267, "dvar2": 8.25557994843, "dvar": 4.15718221664, "dmean": 1.07794260979, "max": 137.961395264, "var": 29.1629600525, "mean": 1.45208823681}, "erbbands": {"dmean2": [0.0883711278439, 1.55846440792, 4.93441915512, 8.45355224609, 13.3990116119, 16.0465316772, 14.9257059097, 16.5400047302, 12.785451889, 16.8884658813, 13.9780302048, 20.7367324829, 28.4517593384, 11.3426885605, 10.9255905151, 9.98816108704, 10.4811611176, 16.8951644897, 12.3715410233, 17.5538597107, 12.8302249908, 11.4522686005, 7.62016057968, 6.71925210953, 5.91671705246, 4.43994426727, 4.16871786118, 2.63093900681, 3.30231165886, 2.42502093315, 2.0033955574, 1.3204240799, 1.06809866428, 0.755243420601, 0.512120008469, 0.527708590031, 0.309158861637, 0.101974025369, 0.014157817699, 0.000567382841837], "median": [0.0166302006692, 0.339421212673, 2.25503969193, 4.67446613312, 7.59696388245, 11.0102367401, 18.7173633575, 20.9089889526, 9.13858222961, 10.0658779144, 9.67395114899, 13.2207965851, 10.5726661682, 6.78074789047, 4.85906124115, 4.03143978119, 3.75712203979, 4.25776958466, 3.33016991615, 3.23587107658, 3.53692889214, 4.20611715317, 4.29222011566, 4.79503631592, 5.73092460632, 3.79606056213, 3.35588979721, 2.5391869545, 2.32843804359, 1.95410716534, 1.95502090454, 1.54245281219, 1.29530382156, 0.992255270481, 0.650426864624, 0.313769996166, 0.120571434498, 0.0306984111667, 0.0035438099876, 0.000188272882951], "min": [1.22514604554e-22, 5.63326910326e-22, 2.62707554227e-21, 7.1819197359e-21, 6.87333693877e-21, 1.54636245638e-20, 3.32939453383e-20, 5.9071500783e-20, 1.23462884429e-19, 2.41528828951e-19, 2.03018569579e-19, 4.62646459299e-19, 7.59568885536e-19, 5.0281755517e-19, 7.71168387567e-19, 1.01243805049e-18, 1.92636240555e-18, 2.29549837134e-18, 2.39628164359e-18, 3.02547285421e-18, 4.05798637138e-18, 4.22250970008e-18, 4.54528550127e-18, 7.06947180822e-18, 7.60300661204e-18, 7.4325586022e-18, 9.84192810423e-18, 8.57845521349e-18, 1.13672011773e-17, 1.06156290086e-17, 1.05192699119e-17, 1.18175720695e-17, 9.26859598678e-18, 7.8137474167e-18, 5.81884668676e-18, 4.31786418596e-18, 2.45708624285e-18, 8.81320307428e-19, 2.5359946204e-19, 2.60390931524e-20], "dvar2": [0.0455777272582, 10.5226840973, 87.7410507202, 296.402862549, 690.497802734, 703.530700684, 474.316467285, 658.676147461, 675.60949707, 1008.80560303, 873.195007324, 1477.37438965, 4638.89648438, 827.053588867, 1211.83886719, 920.621459961, 1161.96801758, 3477.97729492, 3759.96362305, 2834.61254883, 1254.64123535, 734.555847168, 401.805114746, 171.713180542, 117.296043396, 61.8298950195, 147.158752441, 26.2718048096, 50.6813926697, 29.1561985016, 13.6386861801, 6.02487182617, 3.50503063202, 1.43283724785, 0.473277240992, 0.610382974148, 0.240654677153, 0.0298208165914, 0.000631318311207, 1.01722673662e-06], "dvar": [0.0131767373532, 3.18969225883, 30.6369037628, 107.208114624, 236.885299683, 243.08694458, 217.132125854, 274.65435791, 275.734344482, 490.463592529, 421.106323242, 773.397521973, 2162.9362793, 435.133972168, 534.666259766, 524.377319336, 516.862487793, 1400.6315918, 1708.64233398, 1138.2421875, 558.665893555, 303.044464111, 162.294021606, 66.5150680542, 46.1857299805, 23.4073257446, 51.893447876, 10.3868541718, 19.4338684082, 12.242020607, 5.9411907196, 2.6730363369, 1.49482250214, 0.605494916439, 0.227866262197, 0.287373632193, 0.111403800547, 0.0138131557032, 0.000293045071885, 4.82657924294e-07], "dmean": [0.0487161949277, 0.869241833687, 2.90392994881, 5.11347436905, 7.87623786926, 9.66510486603, 10.3743467331, 11.4378490448, 8.21803283691, 11.57675457, 9.71163082123, 14.471408844, 19.1629276276, 7.78253030777, 7.34602975845, 6.54090929031, 6.72009086609, 10.8912553787, 8.03949165344, 11.011179924, 8.25277423859, 7.17535400391, 4.72300958633, 4.09216308594, 3.63063621521, 2.693328619, 2.52957320213, 1.63172411919, 2.0125310421, 1.53424572945, 1.26849031448, 0.859100043774, 0.686950445175, 0.501641988754, 0.361488491297, 0.377294629812, 0.216485917568, 0.0709506943822, 0.00991247035563, 0.000401602796046], "max": [1.99960398674, 28.9086017609, 93.140914917, 235.252685547, 349.787628174, 332.409881592, 542.462646484, 389.300018311, 472.287261963, 577.434814453, 621.895019531, 822.526550293, 1144.88220215, 1225.95678711, 909.074829102, 2476.57397461, 1323.69018555, 1351.87524414, 3916.43188477, 1188.5690918, 765.009521484, 509.999420166, 596.456176758, 256.064758301, 312.809936523, 149.990905762, 375.308990479, 104.426757812, 125.700881958, 134.096420288, 89.3360443115, 54.6707801819, 44.5175132751, 25.3523616791, 7.91296386719, 7.81946277618, 4.8109164238, 1.96435177326, 0.302320361137, 0.0119611490518], "var": [0.021728310734, 6.2272567749, 60.3051071167, 294.040283203, 462.061340332, 671.066467285, 967.909484863, 1349.50170898, 1014.45678711, 1894.05639648, 1531.75524902, 2883.07080078, 7738.59179688, 1459.12243652, 1007.65753174, 1204.9005127, 1526.34521484, 7187.13818359, 4772.82910156, 3653.70166016, 1891.65808105, 1212.12133789, 1154.56225586, 308.773834229, 245.498550415, 114.253341675, 167.722366333, 41.9781761169, 65.8031845093, 42.5160713196, 24.4997310638, 14.0933132172, 8.45583152771, 2.75359964371, 0.94785708189, 0.64696598053, 0.197684571147, 0.0232182964683, 0.000476773420814, 8.2317626493e-07], "mean": [0.0747836530209, 1.39874207973, 5.30720472336, 11.4174785614, 14.8867731094, 19.9097328186, 28.1372909546, 31.9920063019, 19.3819770813, 25.8127059937, 23.3050193787, 30.9628829956, 40.3755493164, 17.2250499725, 13.9585466385, 12.0717878342, 14.791891098, 26.214006424, 20.4791049957, 24.0411891937, 19.1961765289, 17.4700813293, 13.7823972702, 10.7964086533, 10.4046812057, 7.5594792366, 6.55293035507, 4.6298418045, 4.98843717575, 4.02229309082, 3.42552542686, 2.58505535126, 2.08909678459, 1.45475828648, 0.940096259117, 0.631346523762, 0.304152935743, 0.0941750705242, 0.0126550178975, 0.000555572216399]}, "spectral_strongpeak": {"dmean2": 0.750412583351, "median": 0.606643915176, "min": 0, "dvar2": 1.7304251194, "dvar": 0.662651479244, "dmean": 0.436602026224, "max": 11.6443052292, "var": 1.40868580341, "mean": 0.951396822929}, "spectral_energy": {"dmean2": 0.0140740592033, "median": 0.0293082855642, "min": 9.95874970416e-21, "dvar2": 0.000357824756065, "dvar": 0.000119965523481, "dmean": 0.00836733542383, "max": 0.181174039841, "var": 0.000586017442401, "mean": 0.0330429859459}, "average_loudness": 0.759656429291, "spectral_rolloff": {"dmean2": 808.832214355, "median": 689.0625, "min": 107.666015625, "dvar2": 3064192.5, "dvar": 1391034, "dmean": 485.069824219, "max": 21253.2714844, "var": 7507659.5, "mean": 1617.91186523}, "spectral_centroid": {"dmean2": 246.452789307, "median": 840.286865234, "min": 207.536697388, "dvar2": 84072.4609375, "dvar": 35343.9492188, "dmean": 155.416213989, "max": 11637.4755859, "var": 921483.3125, "mean": 1075.12585449}, "pitch_salience": {"dmean2": 0.106047041714, "median": 0.521520614624, "min": 0.0722529292107, "dvar2": 0.00923886522651, "dvar": 0.00324569409713, "dmean": 0.0640235468745, "max": 0.98959082365, "var": 0.0128328166902, "mean": 0.519272387028}, "spectral_energyband_middle_high": {"dmean2": 0.00150701438542, "median": 0.00190016347915, "min": 1.1860110978e-21, "dvar2": 6.81700339555e-06, "dvar": 3.17121930493e-06, "dmean": 0.00099534529727, "max": 0.114877335727, "var": 2.40459994529e-05, "mean": 0.00380283361301}, "spectral_contrast_coeffs": {"dmean2": [0.0793840512633, 0.0650743171573, 0.0583088472486, 0.0456412062049, 0.0325301624835, 0.0215253904462], "median": [-0.589832901955, -0.690505623817, 