{"tonal": {"thpcp": [1, 0.598152220249, 0.294036656618, 0.247439324856, 0.218894973397, 0.235189855099, 0.241240859032, 0.293811202049, 0.466223657131, 0.487228900194, 0.290135413408, 0.221050009131, 0.252861469984, 0.261873364449, 0.465078234673, 0.596870839596, 0.403403818607, 0.244534805417, 0.24806779623, 0.335937470198, 0.541738390923, 0.577341616154, 0.411416769028, 0.546253085136, 0.697400271893, 0.4404733181, 0.204245835543, 0.179328113794, 0.261575579643, 0.535339057446, 0.661127686501, 0.419904351234, 0.233791381121, 0.232382014394, 0.365492969751, 0.803623616695], "hpcp": {"dmean2": [0.245538309216, 0.224013522267, 0.235946014524, 0.250854313374, 0.21383368969, 0.143818482757, 0.134852439165, 0.168206751347, 0.240955427289, 0.251456439495, 0.20052729547, 0.155412644148, 0.165528267622, 0.225370109081, 0.312342435122, 0.314860194921, 0.262721329927, 0.168606862426, 0.145132496953, 0.141667112708, 0.145325407386, 0.14297375083, 0.153275489807, 0.19313801825, 0.195220887661, 0.14106233418, 0.129980862141, 0.146576866508, 0.157448351383, 0.19748736918, 0.220717504621, 0.201889872551, 0.179556801915, 0.176800489426, 0.200711220503, 0.24944677949], "median": [0.0478496029973, 0.0453650802374, 0.0580750331283, 0.0630489736795, 0.0375720635056, 0.0129708144814, 0.00976665318012, 0.0180464424193, 0.0456446558237, 0.054104629904, 0.0317266918719, 0.01277691219, 0.0101080089808, 0.0308084189892, 0.113641351461, 0.143206208944, 0.0793331936002, 0.0252333320677, 0.0154064912349, 0.0151911042631, 0.0154885463417, 0.0169211216271, 0.0183027088642, 0.0355647914112, 0.0346268266439, 0.0267609283328, 0.0123226642609, 0.0108005469665, 0.0156285092235, 0.0332346111536, 0.0427738279104, 0.0328383781016, 0.0134112611413, 0.0126645341516, 0.0231341663748, 0.0463821291924], "min": [0, 0, 0, 0, 0, 0, 0, 0, 0, 0, 0, 0, 0, 0, 0, 0, 0, 0, 0, 0, 0, 0, 0, 0, 0, 0, 0, 0, 0, 0, 0, 0, 0, 0, 0, 0], "dvar2": [0.11992520839, 0.105456225574, 0.0994889959693, 0.117354527116, 0.0919624790549, 0.0743344575167, 0.0767808631063, 0.0878589898348, 0.119187235832, 0.119675822556, 0.0973704978824, 0.0801443383098, 0.0974331349134, 0.116409532726, 0.131342738867, 0.14015237987, 0.104786142707, 0.0751257911325, 0.0692876428366, 0.0790880396962, 0.0764135420322, 0.0699999406934, 0.0717910155654, 0.0901001244783, 0.082621358335, 0.0550259873271, 0.061187915504, 0.0757230892777, 0.0727239698172, 0.0933914110065, 0.105230718851, 0.102313436568, 0.0997104942799, 0.0962201654911, 0.104515127838, 0.118833146989], "dvar": [0.0481569133699, 0.0397263094783, 0.0393081083894, 0.0496111921966, 0.0361630991101, 0.0271542146802, 0.0272368844599, 0.0329557061195, 0.0465728081763, 0.0482160449028, 0.0371055528522, 0.0303497817367, 0.0363401956856, 0.0440963357687, 0.0538285560906, 0.0580366812646, 0.0405506230891, 0.0290734022856, 0.0257744640112, 0.028738418594, 0.0288640223444, 0.0268074143678, 0.0273110568523, 0.0360793620348, 0.0346922874451, 0.0208397712559, 0.0236607268453, 0.0297088790685, 0.027007298544, 0.0370191000402, 0.0444408133626, 0.037441957742, 0.0358507670462, 0.0350445583463, 0.0401574783027, 0.0469475798309], "dmean": [0.144787952304, 0.128897592425, 0.137557595968, 0.149898394942, 0.122970961034, 0.0799444243312, 0.0743113681674, 0.0954389348626, 0.142239809036, 0.147045776248, 0.116105869412, 0.087788388133, 0.0924727171659, 0.129048064351, 0.182456448674, 0.182728111744, 0.152855545282, 0.0965418741107, 0.0818312838674, 0.0794229358435, 0.0826006829739, 0.0818210095167, 0.0895233675838, 0.113945528865, 0.115456938744, 0.082551792264, 0.0746416971087, 0.0841117948294, 0.0896225348115, 0.116991892457, 0.130148991942, 0.117640890181, 0.100351624191, 0.0992280468345, 0.115671873093, 0.144269689918], "max": [1, 1, 1, 1, 1, 1, 1, 1, 1, 1, 1, 1, 1, 1, 1, 1, 1, 1, 1, 1, 1, 1, 1, 1, 1, 1, 1, 1, 1, 1, 1, 1, 1, 1, 1, 1], "var": [0.0819021984935, 0.0429651401937, 0.0629336982965, 0.103344529867, 0.0490412041545, 0.0228851605207, 0.0205929093063, 0.030762264505, 0.0703430324793, 0.0976664945483, 0.0521250627935, 0.0286100283265, 0.0315144062042, 0.0445444583893, 0.0957291796803, 0.133750125766, 0.0623078420758, 0.0327773913741, 0.0273818261921, 0.0256680790335, 0.0287551954389, 0.0284680444747, 0.0351688712835, 0.0637259855866, 0.0658089518547, 0.0263312850147, 0.0256665851921, 0.0336766056716, 0.0274241492152, 0.060161203146, 0.089802891016, 0.0451056398451, 0.0291954800487, 0.0299755558372, 0.0418624952435, 0.0707598924637], "mean": [0.187612637877, 0.133693784475, 0.177510127425, 0.226626828313, 0.143135979772, 0.0663716197014, 0.0582743734121, 0.0850014686584, 0.173963502049, 0.214839711785, 0.136451900005, 0.0759727284312, 0.0755147412419, 0.11877040565, 0.261145114899, 0.324959486723, 0.194375231862, 0.0955500006676, 0.0804077535868, 0.0711319968104, 0.0764271765947, 0.0783935040236, 0.0954767391086, 0.151503801346, 0.15832965076, 0.0942822545767, 0.0718322992325, 0.0821697339416, 0.0850982293487, 0.15113158524, 0.193958833814, 0.131089895964, 0.0794639065862, 0.0806119814515, 0.109166070819, 0.1760430336]}, "tuning_equal_tempered_deviation": 0.084601290524, "chords_changes_rate": 0.0862590819597, "key_key": "G", "tuning_diatonic_strength": 0.536170899868, "key_scale": "minor", "chords_number_rate": 0.0048426152207, "tuning_frequency": 445.112548828, "tuning_nontempered_energy_ratio": 0.757248938084, "chords_histogram": [22.9721546173, 18.3414039612, 8.83777236938, 10.2300243378, 0.907990336418, 1.21065378189, 0.575060546398, 3.81355929375, 2.6937046051, 11.3801450729, 1.57384991646, 1.6646488905, 1.63438260555, 1.51331722736, 0.211864411831, 0, 0, 0.484261512756, 0.514527857304, 1.36198544502, 2.14891052246, 1.48305082321, 6.44673109055, 0], "key_strength": 0.68875682354, "chords_key": "G", "chords_strength": {"dmean2": 0.0131021682173, "median": 0.514244019985, "min": -1, "dvar2": 0.00114878383465, "dvar": 0.000686784100253, "dmean": 0.0132995480672, "max": 0.784081220627, "var": 0.0254801716655, "mean": 0.504672944546}, "chords_scale": "minor", "hpcp_entropy": {"dmean2": 1.13385653496, "median": 1.83457660675, "min": 0, "dvar2": 0.848591983318, "dvar": 0.317710399628, "dmean": 0.66855019331, "max": 4.17063760757, "var": 0.640447080135, "mean": 1.80976438522}}, "metadata": {"audio_properties": {"equal_loudness": 0, "codec": "mp3", "downmix": "mix", "sample_rate": 44100, "analysis_sample_rate": 44100, "bit_rate": 320000, "md5_encoded": "8174db12cadc3044caad538ee628795e", "length": 153.364898682, "replay_gain": -9.5728225708, "lossless": false}, "version": {"essentia_build_sha": "2d9f1f26377add8aeb1075a9c2973f962c4f09fd", "essentia": "2.1-beta2", "extractor": "music 1.0", "essentia_git_sha": "v2.1_beta2-1-ge3940c0"}, "tags": {"title": ["Mens durf te leven"], "barcode": ["602498741320"], "media": ["CD"], "albumartist": ["Ramses Shaffy"], "musicbrainz_recordingid": ["033c06ad-5609-4f1f-876a-c4311b098e5f"], "musicbrainz_workid": ["2adc2acb-e003-3324-82b4-1856970de071"], "composer": ["Dirk Witte"], "musicbrainz_albumartistid": ["980337ad-3401-4392-b15c-45d806975104"], "lyricist": ["Dirk Witte"], "discnumber": ["1/1"], "album": ["Een bloemenkrans en een nachtgewaad"], "catalognumber": ["987-413-2"], "musicbrainz album release country": ["NL"], "musicbrainz album type": ["album", "compilation"], "musicbrainz album status": ["official"], "work": ["Mens durf te leven"], "date": ["2005"], "file_name": "12 Ramses Shaffy - Een bloemenkrans en een nachtgewaad - Mens durf te leven.mp3", "musicbrainz_releasegroupid": ["1dc79168-7ba6-3370-a0c9-d0fb20ac50ca"], "musicbrainz_artistid": ["980337ad-3401-4392-b15c-45d806975104"], "originaldate": ["2005"], "musicbrainz_albumid": ["a65676e8-42ea-4d2d-a27c-8ae25093307d"], "artist": ["Ramses Shaffy"], "artistsort": ["Shaffy, Ramses"], "tracknumber": ["12/24"], "label": ["Universal Music B.V."], "albumartistsort": ["Shaffy, Ramses"], "script": ["Latn"]}}, "rhythm": {"bpm_histogram_first_peak_bpm": {"dmean2": 0, "median": 112, "min": 112, "dvar2": 0, "dvar": 0, "dmean": 0, "max": 112, "var": 0, "mean": 112}, "bpm": 110.761688232, "bpm_histogram_second_peak_spread": {"dmean2": 0, "median": 0.574468076229, "min": 0.574468076229, "dvar2": 0, "dvar": 0, "dmean": 0, "max": 0.574468076229, "var": 0, "mean": 0.574468076229}, "bpm_histogram_first_peak_weight": {"dmean2": 0, "median": 0.111913360655, "min": 0.111913360655, "dvar2": 0, "dvar": 0, "dmean": 0, "max": 0.111913360655, "var": 0, "mean": 0.111913360655}, "onset_rate": 3.72279429436, "beats_position": [0.789478421211, 1.59056687355, 2.39165520668, 3.20435357094, 4.01705217361, 4.80653047562, 5.60761880875, 6.40870714188, 7.20979595184, 8.0224943161, 8.83519268036, 9.64789104462, 10.4605894089, 11.2732877731, 12.0743761063, 12.8754644394, 13.6997728348, 14.512471199, 15.3483896255, 16.1726989746, 16.99700737, 17.8213157654, 18.6456241608, 19.4699325562, 20.2942390442, 21.1185474396, 21.942855835, 22.7555541992, 23.5682544708, 24.3577327728, 25.158821106, 25.8554191589, 26.563627243, 27.2137870789, 27.8639450073, 28.4908847809, 29.1178226471, 29.7447605133, 30.3717002869, 30.9986381531, 31.6023578644, 32.2176856995, 32.7865753174, 33.3554649353, 33.9127426147, 34.4700202942, 35.0273017883, 35.5845794678, 36.1302490234, 36.6875267029, 37.2215881348, 37.7788658142, 38.3245353699, 38.8702049255, 39.427482605, 39.9963722229, 40.5536499023, 41.1109275818, 41.6682090759, 42.2254867554, 42.771156311, 43.3052139282, 43.8392753601, 44.3733329773, 44.9073905945, 45.4414520264, 45.9755096436, 46.5095672607, 47.0436286926, 47.5776863098, 48.1001358032, 48.6225852966, 49.1566429138, 49.7023124695, 50.2479820251, 50.7472114563, 51.2464370728, 51.7456665039, 52.1752357483, 52.6048049927, 53.0227661133, 53.4523353577, 53.8819046021, 54.3230819702, 54.7526512146, 55.182220459, 55.6234016418, 56.0761909485, 56.5057601929, 56.9353294373, 57.3532867432, 57.7828559875, 58.1659851074, 58.5375061035, 58.9090232849, 59.2921524048, 59.6636734009, 60.0468025208, 60.4299316406, 60.8130607605, 61.2077980042, 61.6025390625, 61.9972763062, 62.4036254883, 62.7983665466, 63.1931037903, 63.5646247864, 63.9013137817, 64.2380065918, 64.5746917725, 64.9113845825, 65.2480697632, 65.6195907593, 66.0027160645, 66.385848999, 66.7689819336, 67.1637191772, 67.5700683594, 67.964805603, 68.3827667236, 68.8007278442, 69.2186813354, 69.6366424561, 70.0546035767, 70.4725646973, 70.8905181885, 71.2968673706, 71.7032165527, 72.1095657349, 72.515914917, 72.9222640991, 73.3402252197, 73.7697982788, 74.1993637085, 74.7450332642, 75.2790908813, 75.8131484985, 76.3472061157, 76.8812713623, 77.4153289795, 77.9493865967, 78.4834442139, 79.0175018311, 79.5515594482, 80.0856246948, 80.6080703735, 81.1305236816, 81.6413574219, 82.16381073, 82.6862564087, 83.2087097168, 83.742767334, 84.2884368896, 84.9037628174, 85.5307006836, 86.1460266113, 86.7613601685, 87.3766860962, 87.9804077148, 88.572517395, 89.1994552612, 89.8380050659, 90.4881591797, 91.2428131104, 91.9974594116, 92.7404937744, 93.4951477051, 94.2730178833, 95.0508804321, 95.8287506104, 96.6182327271, 97.3844909668, 98.1507492065, 98.9286117554, 99.7180938721, 100.519180298, 101.331878662, 102.156188965, 102.899223328, 103.630653381, 104.350471497, 105.070289612, 105.662399292, 106.254508972, 106.835006714, 107.415504456, 107.996009827, 108.553283691, 109.110565186, 109.66784668, 110.225120544, 110.7707901, 111.316459656, 111.850517273, 112.38457489, 112.930244446, 113.464309692, 113.986755371, 114.520812988, 115.043266296, 115.577323914, 116.111381531, 116.633827209, 117.144668579, 117.667114258, 118.189567566, 118.712013245, 119.129974365, 119.536323547, 119.954284668, 120.36063385, 120.766983032, 121.173332214, 121.602897644, 122.032470703, 122.462036133, 122.90322113, 123.356010437, 123.808792114, 124.249977112, 124.830474854, 125.399360657, 125.968254089, 126.525527954, 127.082809448, 127.628479004, 128.17414856, 128.731430054, 129.277099609, 129.822769165, 130.368438721, 130.902496338, 131.448165894, 131.993835449, 132.539505005, 133.085174561, 133.619232178, 134.153289795, 134.698959351, 135.244628906, 135.790298462, 136.347564697, 136.904846191, 137.462127686, 138.01940918, 138.576690674, 139.122360229, 139.668029785, 140.225296021, 140.782577515, 141.32824707, 141.873916626, 142.43119812, 142.849151611, 143.267120361, 143.673461914, 144.079818726, 144.520996094, 144.938949585, 145.356918335, 145.763259888, 146.169616699, 146.564346313, 146.970703125, 147.377044678, 147.783401489, 148.178131104, 148.584487915, 148.979232788, 149.385574341, 149.803527832, 150.175048828, 150.546569824, 150.91809082, 151.289611816, 151.672744751, 152.055877686, 152.438995361], "beats_loudness": {"dmean2": 0.0297246817499, "median": 0.0163188334554, "min": 0, "dvar2": 0.000948720960878, "dvar": 0.000314466800774, "dmean": 0.0168199967593, "max": 0.139034584165, "var": 0.000403171929065, "mean": 0.022091852501}, "danceability": 1.04407989979, "bpm_histogram_second_peak_weight": {"dmean2": 0, "median": 0.0722021684051, "min": 0.0722021684051, "dvar2": 0, "dvar": 0, "dmean": 0, "max": 0.0722021684051, "var": 0, "mean": 0.0722021684051}, "beats_count": 278, "bpm_histogram_second_peak_bpm": {"dmean2": 0, "median": 148, "min": 148, "dvar2": 0, "dvar": 0, "dmean": 0, "max": 148, "var": 0, "mean": 148}, "bpm_histogram_first_peak_spread": {"dmean2": 0, "median": 0.680412352085, "min": 0.680412352085, "dvar2": 0, "dvar": 0, "dmean": 0, "max": 0.680412352085, "var": 0, "mean": 0.680412352085}, "beats_loudness_band_ratio": {"dmean2": [0.360443294048, 0.307209551334, 0.335256248713, 0.318147182465, 0.200305372477, 0.0840630382299], "median": [0.159960061312, 0.119049191475, 0.287846893072, 0.0900545269251, 0.0631571412086, 0.0215269550681], "min": [0, 0, 0, 0, 0, 0], "dvar2": [0.0933087542653, 0.0789347887039, 0.0626013204455, 0.0975426062942, 0.0432514809072, 0.0231859013438], "dvar": [0.0374036319554, 0.0279112216085, 0.0219720378518, 0.0355989821255, 0.0153390942141, 0.00841082632542], "dmean": [0.201250270009, 0.169981941581, 0.197910070419, 0.174639850855, 0.110730804503, 0.047739688307], "max": [0.93985337019, 0.928349614143, 0.910830438137, 0.877384126186, 0.59404450655, 0.965019285679], "var": [0.0474892668426, 0.029462043196, 0.0412569828331, 0.0333815328777, 0.0146933766082, 0.00674690911546], "mean": [0.227687910199, 0.178180083632, 0.322828620672, 0.154339209199, 0.106922075152, 0.0469114817679]}}, "lowlevel": {"barkbands_spread": {"dmean2": 7.70267152786, "median": 14.7409057617, "min": 1.09779119492, "dvar2": 91.5236206055, "dvar": 42.1903877258, "dmean": 5.06805515289, "max": 144.553390503, "var": 174.503143311, "mean": 17.9233360291}, "melbands_spread": {"dmean2": 10.0427570343, "median": 16.0363769531, "min": 0.830069899559, "dvar2": 185.400421143, "dvar": 88.5411148071, "dmean": 6.69083595276, "max": 200.138320923, "var": 396.560333252, "mean": 21.5416431427}, "hfc": {"dmean2": 6.21754980087, "median": 5.68464374542, "min": 1.1145679066e-16, "dvar2": 97.1288604736, "dvar": 61.2106246948, "dmean": 4.69640445709, "max": 171.603683472, "var": 260.169189453, "mean": 12.5913553238}, "barkbands_kurtosis": {"dmean2": 4.87380361557, "median": 2.53310632706, "min": -1.91140770912, "dvar2": 58.9635734558, "dvar": 28.6843662262, "dmean": 3.18032503128, "max": 179.699081421, "var": 85.4438095093, "mean": 4.99662494659}, "gfcc": {"mean": [-75.6694641113, 97.9274902344, -119.124908447, 19.0142097473, -58.5175552368, 0.981139183044, -39.8675346375, 9.9895362854, -17.2072887421, 2.39827728271, -9.76431369781, -3.90845036507, -12.6289300919], "icov": [[0.000377993215807, -0.000854104117025, 0.000882253923919, -0.000711456639692, 0.000853283389006, -0.000669697008561, 0.000883950910065, -0.00108518463094, 0.00102343584877, -0.00104086915962, 0.00111183035187, -0.000945627049077, 0.000894046854228], [-0.000854104117025, 0.00307055283338, -0.00186623760965, 0.00176612462383, -0.00188321608584, 0.00121602904983, -0.00154547614511, 0.00253495736979, -0.00299202348106, 0.00389936286956, -0.00396161945537, 0.00331498822197, -0.00257816584781], [0.000882253923919, -0.00186623760965, 0.00309300748631, -0.00204869592562, 0.00187878438737, -0.00240200385451, 0.0019222504925, -0.00201091682538, 0.00214215158485, -0.00261845556088, 0.00329633103684, -0.00308355991729, 0.00208849157207], [-0.000711456639692, 0.00176612462383, -0.00204869592562, 0.00369684142061, -0.00159067288041, 0.000587555987295, -0.000812155252788, 0.001369507052, -0.00233056140132, 0.00235873763449, -0.00226277974434, 0.00268761836924, -0.00192659825552], [0.000853283389006, -0.00188321608584, 0.00187878438737, -0.00159067288041, 0.00527902878821, -0.00165675161406, 0.00149225478526, -0.00261760083959, 0.000376141717425, -0.0012344972929, 0.0021487667691, -0.00203072326258, 0.00252339686267], [-0.000669697008561, 0.00121602904983, -0.00240200385451, 0.000587555987295, -0.00165675161406, 0.00610437197611, -0.00318098207936, -0.000127091581817, 0.00102157040965, -0.00109508470632, -0.000714104040526, 0.00175829022191, -0.00138212926686], [0.000883950910065, -0.00154547614511, 0.0019222504925, -0.000812155252788, 0.00149225478526, -0.00318098207936, 0.00770487589762, -0.00332895223983, 0.00212203362025, -0.000302163942251, -0.000632212439086, -0.00150127930101, 0.00145083398093], [-0.00108518463094, 0.00253495736979, -0.00201091682538, 0.001369507052, -0.00261760083959, -0.000127091581817, -0.00332895223983, 0.0116789471358, -0.00557607226074, 0.00234784954228, -0.00252065248787, 0.00193896889687, -0.00158377061598], [0.00102343584877, -0.00299202348106, 0.00214215158485, -0.00233056140132, 0.000376141717425, 0.00102157040965, 0.00212203362025, -0.00557607226074, 0.0141646740958, -0.00794348400086, 0.00352365453728, -0.000870111107361, 0.000445685116574], [-0.00104086915962, 0.00389936286956, -0.00261845556088, 0.00235873763449, -0.0012344972929, -0.00109508470632, -0.000302163942251, 0.00234784954228, -0.00794348400086, 0.0174029041082, -0.00923845916986, 0.00500683952123, -0.00348305213265], [0.00111183035187, -0.00396161945537, 0.00329633103684, -0.00226277974434, 0.0021487667691, -0.000714104040526, -0.000632212439086, -0.00252065248787, 0.00352365453728, -0.00923845916986, 0.0198048260063, -0.00957428105175, 0.00463491398841], [-0.000945627049077, 0.00331498822197, -0.00308355991729, 0.00268761836924, -0.00203072326258, 0.00175829022191, -0.00150127930101, 0.00193896889687, -0.000870111107361, 0.00500683952123, -0.00957428105175, 0.0222760979086, -0.0111864553764], [0.000894046854228, -0.00257816584781, 0.00208849157207, -0.00192659825552, 0.00252339686267, -0.00138212926686, 0.00145083398093, -0.00158377061598, 0.000445685116574, -0.00348305213265, 0.00463491398841, -0.0111864553764, 0.0181635897607]], "cov": [[22676.1953125, 2380.98583984, -2742.75341797, 686.584472656, -1029.05212402, 214.084228516, -835.570678711, 419.844696045, -270.786712646, 22.0539360046, -119.543312073, -243.069473267, -235.730712891], [2380.98583984, 1235.25097656, -407.298065186, -137.55581665, 26.1463565826, -155.136688232, -48.9406890869, -42.2190208435, 49.4507064819, -106.964012146, 65.7150802612, -50.5158843994, 5.5637550354], [-2742.75341797, -407.298065186, 1578.66870117, 350.647155762, 32.7186355591, 417.36920166, 74.0040893555, 47.7781791687, -26.9314479828, 82.4085617065, -65.7916183472, 56.7407188416, 26.530462265], [686.584472656, -137.55581665, 350.647155762, 576.722045898, 9.58023548126, 172.128448486, -41.3263015747, 72.4708023071, 15.5225257874, 38.6594429016, -38.9899139404, -21.8759269714, -7.56970691681], [-1029.05212402, 26.1463565826, 32.7186355591, 9.58023548126, 349.650268555, 1.70716154575, 43.9956932068, 29.1090660095, 65.8614044189, -6.38674783707, 9.13789176941, -8.0921831131, -7.9607129097], [214.084228516, -155.136688232, 417.36920166, 172.128448486, 1.70716154575, 432.864654541, 94.344078064, 95.2864379883, -46.9777679443, 69.6867446899, -17.5174198151, 4.73494529724, -6.91487646103], [-835.570678711, -48.9406890869, 74.0040893555, -41.3263015747, 43.9956932068, 94.344078064, 245.716293335, 34.0242958069, -8.34533023834, -0.283167332411, 38.89295578, 16.8098487854, 6.27444696426], [419.844696045, -42.2190208435, 47.7781791687, 72.4708023071, 29.1090660095, 95.2864379883, 34.0242958069, 160.42036438, 35.4291152954, 34.7334251404, -0.687385559082, -4.77815675735, -6.96433591843], [-270.786712646, 49.4507064819, -26.9314479828, 15.5225257874, 65.8614044189, -46.9777679443, -8.34533023834, 35.4291152954, 142.592376709, 40.2806549072, 12.2279453278, -11.5330429077, 10.1243400574], [22.0539360046, -106.964012146, 82.4085617065, 38.6594429016, -6.38674783707, 69.6867446899, -0.283167332411, 34.7334251404, 40.2806549072, 121.10471344, 24.800573349, 1.80169987679, 4.61384820938], [-119.543312073, 65.7150802612, -65.7916183472, -38.9899139404, 9.13789176941, -17.5174198151, 38.89295578, -0.687385559082, 12.2279453278, 24.800573349, 96.4908905029, 26.569026947, 9.06877040863], [-243.069473267, -50.5158843994, 56.7407188416, -21.8759269714, -8.0921831131, 4.73494529724, 16.8098487854, -4.77815675735, -11.5330429077, 1.80169987679, 26.569026947, 84.438949585, 41.5270195007], [-235.730712891, 5.5637550354, 26.530462265, -7.56970691681, -7.9607129097, -6.91487646103, 6.27444696426, -6.96433591843, 10.1243400574, 4.61384820938, 9.06877040863, 41.5270195007, 86.9634857178]]}, "spectral_energyband_middle_low": {"dmean2": 0.00498703774065, "median": 0.00508054345846, "min": 1.84492439761e-22, "dvar2": 7.24635101506e-05, "dvar": 3.37260571541e-05, "dmean": 0.00342538277619, "max": 0.132905825973, "var": 0.000141176657053, "mean": 0.00876153726131}, "melbands_crest": {"dmean2": 5.44634056091, "median": 13.0489082336, "min": 1.54999947548, "dvar2": 23.7465171814, "dvar": 9.52893543243, "dmean": 3.41777944565, "max": 32.4331703186, "var": 27.9683761597, "mean": 13.801607132}, "spectral_kurtosis": {"dmean2": 3.40053939819, "median": 5.66643047333, "min": -1.24540817738, "dvar2": 16.752363205, "dvar": 5.81262350082, "dmean": 2.02887320518, "max": 39.2073516846, "var": 16.0115070343, "mean": 6.20917081833}, "spectral_rms": {"dmean2": 0.000835041922983, "median": 0.00319589208812, "min": 3.12668163929e-12, "dvar2": 7.82142137723e-07, "dvar": 4.59170621525e-07, "dmean": 0.000619814323727, "max": 0.0121077755466, "var": 3.68285009245e-06, "mean": 0.00339444889687}, "zerocrossingrate": {"dmean2": 0.0106073264033, "median": 0.04638671875, "min": 0.0048828125, "dvar2": 0.000153322383994, "dvar": 0.000132948334794, "dmean": 0.00924296770245, "max": 0.74609375, "var": 0.00505526689813, "mean": 0.0604131631553}, "silence_rate_60dB": {"dmean2": 0.115081772208, "median": 0, "min": 0, "dvar2": 0.115769699216, "dvar": 0.0542175322771, "dmean": 0.0575321726501, "max": 1, "var": 0.152366295457, "mean": 0.187556773424}, "erbbands_kurtosis": {"dmean2": 1.89882302284, "median": 0.246148198843, "min": -1.82554197311, "dvar2": 5.99725246429, "dvar": 2.56236052513, "dmean": 1.20845746994, "max": 26.2913684845, "var": 5.68099594116, "mean": 0.878500461578}, "erbbands": {"dmean2": [0.018452450633, 0.2846763134, 0.871369659901, 1.27576291561, 2.19063782692, 3.87581801414, 6.15667819977, 6.54029750824, 20.5811443329, 41.7578277588, 37.7743453979, 18.262096405, 22.2785148621, 21.5420799255, 21.0874252319, 18.8923110962, 22.2580299377, 30.4370193481, 27.5728969574, 14.2521781921, 17.1427955627, 22.7298469543, 10.1467809677, 8.70672798157, 10.5874004364, 3.89078903198, 1.25762414932, 1.20985686779, 0.695873975754, 0.573285877705, 0.42547878623, 0.308288693428, 0.172437205911, 0.115968346596, 0.0689276233315, 0.0244475845248, 0.00613990612328, 0.00229280861095, 0.000281082466245, 1.67146172316e-05], "median": [0.00563597260043, 0.0983219593763, 0.446751654148, 0.712879061699, 1.01766502857, 1.85693478584, 2.55792164803, 3.8392329216, 7.42124700546, 10.8239574432, 9.0432062149, 4.17302322388, 3.17032289505, 4.46280670166, 3.28151893616, 2.87893438339, 3.06659126282, 3.20163917542, 3.03086662292, 2.6213965416, 3.35430908203, 3.70539045334, 2.0251326561, 1.69128525257, 1.90263533592, 1.13749790192, 0.549892067909, 0.513975977898, 0.370353937149, 0.333430886269, 0.280262708664, 0.218966066837, 0.12653324008, 0.0728233009577, 0.0341052152216, 0.0103084538132, 0.00132105196826, 0.000193959233002, 4.46030389867e-05, 1.65043238667e-05], "min": [3.97336174423e-23, 1.94174350531e-22, 2.92636346272e-21, 2.80250306146e-21, 1.66553107143e-20, 3.82427213739e-20, 3.24558821308e-20, 5.986980116e-20, 1.362883586e-19, 1.42037470653e-19, 1.82002443454e-19, 3.62080321967e-19, 4.84737558328e-19, 8.55456385926e-19, 7.68741646445e-19, 1.20701357463e-18, 1.415275319e-18, 2.23155586243e-18, 2.79909792238e-18, 2.62697425142e-18, 3.50490653045e-18, 5.67836743051e-18, 4.17459278156e-18, 5.23491094103e-18, 6.23726731422e-18, 9.68503593027e-18, 1.05703168819e-17, 1.12011943002e-17, 1.28996227452e-17, 1.16801037507e-17, 1.04611919067e-17, 8.41090481734e-18, 1.03916227085e-17, 9.21923398373e-18, 6.38651633932e-18, 4.12635574414e-18, 2.3219360977e-18, 1.0194349645e-18, 2.73223805084e-19, 2.90743225502e-20], "dvar2": [0.00177693169098, 0.313046962023, 3.03456068039, 5.64126253128, 21.6987094879, 83.2193069458, 254.033065796, 172.422805786, 2707.35791016, 12093.6074219, 10967.0488281, 5862.45751953, 12492.5625, 4694.04785156, 6901.60791016, 4582.73876953, 6753.06054688, 16311.4160156, 11177.8583984, 1975.14343262, 1920.15405273, 3711.72387695, 712.260375977, 551.522216797, 748.69744873, 78.2478561401, 11.2706537247, 13.8321676254, 6.14503097534, 3.1651365757, 1.36899125576, 0.833652198315, 0.143470540643, 0.0596732385457, 0.0339681357145, 0.00452442746609, 0.000428722851211, 8.1561083789e-05, 1.60101762958e-06, 2.25257767994e-09], "dvar": [0.000700067961589, 0.127413466573, 1.50497806072, 2.38371014595, 8.21034622192, 34.8317337036, 130.684555054, 78.8449859619, 1239.046875, 6012.01220703, 4812.21435547, 2340.47485352, 5248.57666016, 2405.39501953, 3499.11694336, 2435.71411133, 3586.15161133, 7345.90039063, 4817.82373047, 911.000305176, 909.754211426, 1715.33166504, 359.454528809, 311.465179443, 394.414886475, 42.9790115356, 5.67082881927, 7.151450634, 3.39143943787, 1.7953722477, 0.723022699356, 0.412086397409, 0.0674037486315, 0.0276083089411, 0.0157687198371, 0.00215825298801, 0.000189760583453, 2.98331924569e-05, 5.57682596991e-07, 8.06300470835e-10], "dmean": [0.0119917346165, 0.184110030532, 0.594984769821, 0.837420761585, 1.37369728088, 2.47648358345, 4.16189479828, 4.40000963211, 13.7178049088, 28.1506958008, 25.0533714294, 11.8120174408, 14.9969558716, 14.4559602737, 14.7773895264, 13.1082868576, 15.6687526703, 20.3845119476, 18.2470779419, 9.5937166214, 11.5984659195, 15.5324134827, 6.90697288513, 6.25364303589, 7.59535503387, 2.75742816925, 0.850481331348, 0.811555147171, 0.485131621361, 0.387496829033, 0.27703717351, 0.203026160598, 0.11234883219, 0.0745318606496, 0.0466945916414, 0.0167859103531, 0.00416216952726, 0.00132644688711, 0.000152827458805, 1.05299195639e-05], "max": [0.587506592274, 6.7530632019, 25.8939609528, 26.6921691895, 69.8711242676, 139.805419922, 338.11920166, 238.1512146, 696.213500977, 2102.18237305, 2133.78662109, 1373.38903809, 3271.35864258, 1823.42382813, 1440.4967041, 1506.10229492, 1823.1348877, 4217.46826172, 1524.32666016, 858.452087402, 633.49230957, 857.050048828, 448.993225098, 477.547576904, 581.827331543, 291.615509033, 75.9783630371, 83.7052078247, 68.3722000122, 51.8434143066, 38.0303688049, 26.8575572968, 6.41429710388, 3.81765818596, 3.90423679352, 1.25704860687, 0.334074527025, 0.105013519526, 0.0169918872416, 0.000635568634607], "var": [0.00182718085125, 0.361386746168, 4.16469430923, 5.84889984131, 13.9253568649, 56.6487197876, 353.497680664, 272.606201172, 2795.69335938, 18926.0039063, 13369.8271484, 4013.03662109, 9312.91113281, 4552.39306641, 7638.33007813, 5346.96630859, 6793.58837891, 10111.5888672, 6632.94677734, 1749.06958008, 1968.04333496, 3237.60766602, 761.670043945, 733.408813477, 1049.9128418, 177.560287476, 20.9279022217, 18.9943771362, 8.35038089752, 3.92776060104, 1.5135487318, 0.726052582264, 0.163454666734, 0.0756838545203, 0.0357323661447, 0.00485020782799, 0.000256205850746, 2.07705761568e-05, 3.24285423403e-07, 8.54105897119e-10], "mean": [0.0243870075792, 0.388053238392, 1.11093580723, 1.62222003937, 2.29724383354, 4.04910612106, 8.04860591888, 9.65734767914, 24.9412536621, 49.6117591858, 43.5078659058, 17.9224281311, 24.7240524292, 22.1911258698, 22.801366806, 20.0141963959, 22.2266769409, 28.3883228302, 25.0668907166, 15.6607465744, 20.1229019165, 25.2735061646, 11.955704689, 10.7518320084, 13.1055641174, 5.36369943619, 1.85869538784, 1.60908448696, 0.982511162758, 0.775009274483, 0.600423157215, 0.441961586475, 0.259535074234, 0.168918296695, 0.09648976475, 0.0331378616393, 0.00598434917629, 0.00113394716755, 0.000133419569465, 2.44219827437e-05]}, "spectral_strongpeak": {"dmean2": 0.832392513752, "median": 0.48720446229, "min": 0, "dvar2": 1.79328429699, "dvar": 0.76179599762, "dmean": 0.524527192116, "max": 14.6617336273, "var": 1.77880930901, "mean": 1.02769649029}, "spectral_energy": {"dmean2": 0.00708908494562, "median": 0.0104690697044, "min": 1.00205418731e-20, "dvar2": 9.44659695961e-05, "dvar": 5.21204237884e-05, "dmean": 0.00514498818666, "max": 0.150263175368, "var": 0.000277095765341, "mean": 0.0155852688476}, "average_loudness": 0.325438201427, "spectral_rolloff": {"dmean2": 715.563720703, "median": 947.4609375, "min": 86.1328125, "dvar2": 1521335.25, "dvar": 700913.5625, "dmean": 435.693908691, "max": 20908.7402344, "var": 6768397, "mean": 1597.69250488}, "spectral_centroid": {"dmean2": 358.238922119, "median": 1012.98205566, "min": 199.485031128, "dvar2": 182141.390625, "dvar": 101796.039063, "dmean": 248.902877808, "max": 11527.1728516, "var": 1344560.625, "mean": 1270.52478027}, "pitch_salience": {"dmean2": 0.114142656326, "median": 0.544019520283, "min": 0.105987884104, "dvar2": 0.0101512260735, "dvar": 0.00411901669577, "dmean": 0.0726946294308, "max": 0.948300421238, "var": 0.014373912476, "mean": 0.543251156807}, "spectral_energyband_middle_high": {"dmean2": 0.00269454834051, "median": 0.00118967634626, "min": 1.06996488761e-21, "dvar2": 2.65510934696e-05, "dvar": 1.78618174687e-05, "dmean": 0.0020629237406, "max": 0.101005010307, "var": 6.26642722636e-05, "mean": 0.00442761462182}, "spectral_contrast_coeffs": {"dmean2": [0.0788413137197, 0.0791574120522, 0.0630412325263, 0.0542628355324, 0.0448385663331, 0.0271503757685], "median": [-0.644694447517, -0.702858924866, -0.766381859779, -0.770887196064, -0.771443486214, -0.794996321201], "min": [-0.979757964611, -0.980000734329, -0.977055490017, -0.971102118492, -0.970460534096, -0.964302778244], "dvar2": [0.0040750191547, 0.00447117909789, 0.00276820873842, 0.00219958764501, 0.00157790689263, 0.000636564742308], "dvar": [0.00160956301261, 0.00190810579807, 0.00128005619626, 0.00107414019294, 0.000884506443981, 0.000339519669069], "dmean": [0.0486985035241, 0.0503398366272, 0.0407272614539, 0.0357490517199, 0.0306678079069, 0.0181210655719], "max": [-0.282842040062, -0.339538544416, -0.417822301388, -0.472924530506, -0.532873511314, -0.582231044769], "var": [0.00837099459022, 0.00902481004596, 0.00697391061112, 0.00628618011251, 0.00568123115227, 0.00213937507942], "mean": [-0.644410133362, -0.701610505581, -0.757536709309, -0.760855436325, -0.759576618671, -0.789751827717]}, "melbands_skewness": {"dmean2": 1.07364487648, "median": 1.92228055, "min": -1.71808719635, "dvar2": 1.5287091732, "dvar": 0.738308668137, "dmean": 0.719119548798, "max": 14.5640134811, "var": 3.23641347885, "mean": 2.29216313362}, "spectral_spread": {"dmean2": 790418.125, "median": 3818412, "min": 1126072.75, "dvar2": 1118772527100.0, "dvar": 661496922112, "dmean": 544272.375, "max": 42294436, "var": 16756983726100.0, "mean": 4658178}, "dissonance": {"dmean2": 0.0417554453015, "median": 0.455111205578, "min": 0.247400298715, "dvar2": 0.00158033659682, "dvar": 0.00058653956512, "dmean": 0.025094339624, "max": 0.499958395958, "var": 0.00132734095678, "mean": 0.447622388601}, "spectral_skewness": {"dmean2": 0.410292565823, "median": 1.77635264397, "min": -0.0673995763063, "dvar2": 0.174159005284, "dvar": 0.0716653838754, "dmean": 0.261338174343, "max": 4.68069267273, "var": 0.308857619762, "mean": 1.7720644474}, "spectral_flux": {"dmean2": 0.0307143777609, "median": 0.0495494380593, "min": 6.48694292726e-11, "dvar2": 0.00112526374869, "dvar": 0.000507894787006, "dmean": 0.0197489503771, "max": 0.327261835337, "var": 0.0017892990727, "mean": 0.0598638392985}, "spectral_contrast_valleys": {"dmean2": [0.668041944504, 0.560729503632, 0.531578242779, 0.499088197947, 0.415918439627, 0.320756524801], "median": [-7.90103530884, -6.93443012238, -7.9385766983, -8.41610431671, -8.38203620911, -10.7345237732], "min": [-28.1203956604, -27.8997612, -28.380613327, -27.5715675354, -27.4829387665, -27.3995418549], "dvar2": [0.30313244462, 0.234036460519, 0.220982685685, 0.218113675714, 0.158555746078, 0.141636148095], "dvar": [0.13323174417, 0.112116038799, 0.121296547353, 0.127513676882, 0.100635893643, 0.0852934941649], "dmean": [0.413379251957, 0.354866683483, 0.346002280712, 0.339165657759, 0.291054517031, 0.225789934397], "max": [-5.8952627182, -4.84025621414, -4.96706819534, -5.75581741333, -6.24593639374, -8.48454284668], "var": [5.40871286392, 5.33756113052, 4.81468248367, 4.61876821518, 4.49529266357, 3.72379803658], "mean": [-8.36906242371, -7.29998254776, -8.21504974365, -8.66045761108, -8.6614408493, -11.1080036163]}, "erbbands_flatness_db": {"dmean2": 0.0290927905589, "median": 0.177856683731, "min": 0.0169469770044, "dvar2": 0.000718350638635, "dvar": 0.000421473756433, "dmean": 0.0208007972687, "max": 0.394535601139, "var": 0.00325513724238, "mean": 0.178523615003}, "spectral_energyband_high": {"dmean2": 9.89098989521e-05, "median": 7.36833608244e-05, "min": 7.27295403192e-21, "dvar2": 4.97873493543e-08, "dvar": 2.78592953151e-08, "dmean": 6.89601365593e-05, "max": 0.00588489184156, "var": 1.17004361755e-07, "mean": 0.000172499247128}, "spectral_entropy": {"dmean2": 0.257328271866, "median": 7.26548576355, "min": 5.76673793793, "dvar2": 0.0529482886195, "dvar": 0.0262741800398, "dmean": 0.177225261927, "max": 9.82527542114, "var": 0.252332776785, "mean": 7.31436491013}, "silence_rate_20dB": {"dmean2": 0, "median": 1, "min": 1, "dvar2": 0, "dvar": 0, "dmean": 0, "max": 1, "var": 0, "mean": 1}, "melbands_flatness_db": {"dmean2": 0.0358240455389, "median": 0.212770164013, "min": 0.0026645748876, "dvar2": 0.00112773443107, "dvar": 0.000544835638721, "dmean": 0.0246871747077, "max": 0.439481914043, "var": 0.00357844051905, "mean": 0.213393315673}, "barkbands": {"dmean2": [9.55936593527e-06, 0.00106618134305, 0.000823031761684, 0.000496310298331, 0.00100790325087, 0.000818783824798, 0.00181325234007, 0.00234715733677, 0.000788235862274, 0.000796844367869, 0.000560151762329, 0.000500509224366, 0.000536111881956, 0.000672471011057, 0.000434769026469, 0.000270591961453, 0.000508158642333, 0.000151204701979, 0.000227157142945, 9.72664856818e-05, 2.86935301119e-05, 2.02061073651e-05, 1.62266715051e-05, 1.20441163745e-05, 9.44643397816e-06, 4.38511506218e-06, 1.60245951975e-06], "median": [2.32531283473e-06, 0.000334896554705, 0.000292430748232, 0.000195965083549, 0.000598805723712, 0.00045684381621, 0.000569492112845, 0.000388033629861, 0.000130298518343, 0.000102027071989, 7.66443699831e-05, 5.71410346311e-05, 5.39764660061e-05, 4.02271216444e-05, 5.31356272404e-05, 3.82383950637e-05, 7.31965119485e-05, 2.60930573859e-05, 3.58103206963e-05, 2.50721259363e-05, 1.1182542039e-05, 1.04942610051e-05, 1.11900326374e-05, 8.6165355242e-06, 5.71040345676e-06, 1.25878079871e-06, 2.14004685972e-07], "min": [2.22854487624e-25, 7.93215910456e-25, 1.98495902542e-24, 5.21410828726e-25, 1.21741842722e-23, 6.15308942274e-24, 8.06882984803e-24, 5.42348262113e-24, 1.34099995669e-23, 1.35372901625e-23, 1.73194348632e-23, 1.84937395176e-23, 3.21352334726e-23, 3.17664536212e-23, 5.10418659435e-23, 4.82694584683e-23, 8.25988359735e-23, 9.21995950453e-23, 1.52990282942e-22, 1.81675840297e-22, 2.47648025366e-22, 3.55082222119e-22, 3.35619420622e-22, 6.06489844963e-22, 8.27057424034e-22, 1.30189786973e-21, 2.05571467053e-21], "dvar2": [4.29540208957e-10, 4.61924310002e-06, 2.88551109406e-06, 7.90678882368e-07, 4.64106733489e-06, 2.79180699181e-06, 1.81032737601e-05, 4.16484654124e-05, 1.08847070805e-05, 1.01458217614e-05, 4.56344923805e-06, 4.20028300141e-06, 3.621344149e-06, 7.78613957664e-06, 1.99355918085e-06, 5.21769379702e-07, 1.66558777437e-06, 1.72214683403e-07, 3.51671531007e-07, 5.0486551828e-08, 7.21550286187e-09, 5.1427160308e-09, 2.21481100127e-09, 1.01240293926e-09, 5.06233333031e-10, 1.78484116375e-10, 5.13008489855e-11], "dvar": [1.64279784221e-10, 1.87858165646e-06, 1.52784537022e-06, 3.36210291607e-07, 1.94184667635e-06, 1.37545760026e-06, 7.92176251707e-06, 2.0091620172e-05, 4.20987544203e-06, 4.88665455123e-06, 2.03137528842e-06, 2.0672014216e-06, 1.90969990399e-06, 3.35264189744e-06, 9.19892613638e-07, 2.41499918729e-07, 7.52106984692e-07, 8.49397920888e-08, 1.94847572743e-07, 2.61284736069e-08, 3.51746232141e-09, 2.72134914603e-09, 1.18199527943e-09, 4.9356230214e-10, 2.41309305871e-10, 7.94397950199e-11, 1.78359133018e-11], "dmean": [5.79788547839e-06, 0.000685974839143, 0.000566307513509, 0.000317311234539, 0.00065240933327, 0.000550532422494, 0.00118977366947, 0.00158722570632, 0.000505791336764, 0.00053950608708, 0.000365956453606, 0.000338483951055, 0.000361368962331, 0.000430524465628, 0.000285175949102, 0.000177389301825, 0.000342564890161, 0.000101345023722, 0.000163273012731, 6.65767220198e-05, 1.91624130821e-05, 1.3860015315e-05, 1.06751658677e-05, 7.87867611507e-06, 6.32770752418e-06, 2.93294078801e-06, 8.62415959091e-07], "max": [0.000319487997331, 0.0255599673837, 0.0248106438667, 0.0121238259599, 0.0362957492471, 0.0308409575373, 0.0642280578613, 0.116316206753, 0.0567033700645, 0.0861505493522, 0.0353349633515, 0.0471066981554, 0.0529969409108, 0.0794019550085, 0.0224997829646, 0.0111674685031, 0.0174421984702, 0.00681081833318, 0.0108809340745, 0.0050437329337, 0.00159183109645, 0.00171275285538, 0.00173118768726, 0.000772962346673, 0.000443804165116, 0.000186622026376, 9.34455893002e-05], "var": [2.82228629356e-10, 5.34139053343e-06, 4.55422286905e-06, 8.82268750502e-07, 3.72965928364e-06, 4.13952147937e-06, 1.62561082107e-05, 7.08527222741e-05, 6.70786857881e-06, 1.00893039416e-05, 3.33447974299e-06, 3.89102524423e-06, 3.71376131625e-06, 4.44901434093e-06, 1.4949995375e-06, 5.05957586938e-07, 1.37260292377e-06, 1.55679146019e-07, 5.02527825574e-07, 8.22068386697e-08, 9.39826083624e-09, 6.07862871149e-09, 2.49313236722e-09, 9.47174672028e-10, 6.39489350363e-10, 1.29465022036e-10, 1.0239032712e-11], "mean": [7.61397677707e-06, 0.0014363398077, 0.000987823004834, 0.000553433957975, 0.00116926594637, 0.00117762153968, 0.00197385950014, 0.00279930466786, 0.000716551556252, 0.000848885683808, 0.000525963318069, 0.000467537465738, 0.000482514122268, 0.000551256816834, 0.000404231192078, 0.000281345739495, 0.000521388486959, 0.000156276291818, 0.000279540196061, 0.000118548989121, 3.78144068236e-05, 2.75703114312e-05, 2.30891018873e-05, 1.76582070708e-05, 1.4345807358e-05, 4.80762491861e-06, 7.08579705133e-07]}, "erbbands_skewness": {"dmean2": 0.653435587883, "median": 0.610407471657, "min": -3.38277792931, "dvar2": 0.363230109215, "dvar": 0.173601061106, "dmean": 0.442496299744, "max": 4.09776449203, "var": 0.79122710228, "mean": 0.574837207794}, "erbbands_spread": {"dmean2": 11.0004529953, "median": 28.8826770782, "min": 3.88075470924, "dvar2": 142.449569702, "dvar": 72.3637466431, "dmean": 7.39296483994, "max": 150.149414063, "var": 441.629058838, "mean": 33.6796455383}, "melbands_kurtosis": {"dmean2": 10.8408489227, "median": 6.12028646469, "min": -1.84555006027, "dvar2": 485.000274658, "dvar": 220.060562134, "dmean"