{"tonal": {"thpcp": [1, 0.998308956623, 0.462320297956, 0.247770115733, 0.217763081193, 0.259684979916, 0.443739980459, 0.509824514389, 0.373336136341, 0.409194767475, 0.414184063673, 0.253822267056, 0.208045437932, 0.224794536829, 0.34872585535, 0.609479486942, 0.572239220142, 0.291923969984, 0.18017950654, 0.190972357988, 0.317696392536, 0.773919582367, 0.885635674, 0.492820948362, 0.346672952175, 0.314620196819, 0.249752059579, 0.282202094793, 0.320522010326, 0.370215386152, 0.544878423214, 0.563000202179, 0.369371443987, 0.28433072567, 0.307326495647, 0.485503047705], "hpcp": {"dmean2": [0.164192527533, 0.182111665606, 0.223214775324, 0.233966439962, 0.227815017104, 0.207718759775, 0.186000064015, 0.198899313807, 0.270551472902, 0.305865645409, 0.291883677244, 0.240708306432, 0.172788053751, 0.158756092191, 0.178577378392, 0.22365668416, 0.239865586162, 0.21520589292, 0.198403373361, 0.186923474073, 0.143377780914, 0.129204511642, 0.15043272078, 0.198049232364, 0.246139958501, 0.226892217994, 0.156265690923, 0.121247552335, 0.135087743402, 0.181292787194, 0.255492806435, 0.283154636621, 0.23968783021, 0.188778147101, 0.163645982742, 0.155000120401], "median": [0.0353369638324, 0.0377401039004, 0.0439165793359, 0.0589197538793, 0.0631240904331, 0.0485102459788, 0.0352489165962, 0.0363741219044, 0.0894187614322, 0.192669451237, 0.188593834639, 0.0898671299219, 0.0292480010539, 0.0242169834673, 0.032275237143, 0.0651535615325, 0.0773101523519, 0.0555714070797, 0.0491876974702, 0.0433757714927, 0.0362288579345, 0.0295310113579, 0.027186807245, 0.0387246645987, 0.0748737603426, 0.075122974813, 0.0362055487931, 0.0190913435072, 0.0202624052763, 0.051955088973, 0.15510199964, 0.178826391697, 0.0914747491479, 0.0383087545633, 0.0310099497437, 0.0292301699519], "min": [0, 0, 0, 0, 0, 0, 0, 0, 0, 0, 0, 0, 0, 0, 0, 0, 0, 0, 0, 0, 0, 0, 0, 0, 0, 0, 0, 0, 0, 0, 0, 0, 0, 0, 0, 0], "dvar2": [0.0809027701616, 0.0931014418602, 0.11928486079, 0.122447051108, 0.112177602947, 0.105534859002, 0.0980126708746, 0.109986186028, 0.125556573272, 0.123328402638, 0.119723394513, 0.112589195371, 0.0979645848274, 0.0964472293854, 0.106487184763, 0.112869687378, 0.11471683532, 0.107431434095, 0.0967828184366, 0.0963089168072, 0.0651774927974, 0.0617187060416, 0.0880834162235, 0.0965427160263, 0.120857082307, 0.0944143980742, 0.0670630857348, 0.0552625358105, 0.0666440874338, 0.0750506147742, 0.0913491174579, 0.104649633169, 0.094219841063, 0.0876737833023, 0.0810200944543, 0.0727604851127], "dvar": [0.0293250661343, 0.0342048704624, 0.0428124070168, 0.0452673844993, 0.0423650927842, 0.0381788797677, 0.0349704176188, 0.0393244102597, 0.0439783073962, 0.0492259822786, 0.0477069616318, 0.0397056415677, 0.0347563661635, 0.0334037281573, 0.0376185365021, 0.0422461926937, 0.0447045527399, 0.0396385081112, 0.0356948040426, 0.0371249690652, 0.0237729437649, 0.0222038906068, 0.0310993827879, 0.0349456779659, 0.0476241968572, 0.0379236899316, 0.0245212726295, 0.0200638510287, 0.0235370304435, 0.0266413744539, 0.0375981293619, 0.0439901575446, 0.0350955873728, 0.0325199365616, 0.0304078999907, 0.0258974097669], "dmean": [0.0931840389967, 0.104465737939, 0.125866726041, 0.133756488562, 0.13190318644, 0.118620254099, 0.104322269559, 0.111115567386, 0.153234377503, 0.178895115852, 0.171666562557, 0.137579351664, 0.0953434184194, 0.087046250701, 0.0988390222192, 0.129719659686, 0.139860719442, 0.121830269694, 0.114832088351, 0.109900526702, 0.0816342532635, 0.0730463266373, 0.0838127806783, 0.111279062927, 0.142633110285, 0.132915973663, 0.0910740941763, 0.0682713389397, 0.0750685483217, 0.103326059878, 0.154271900654, 0.170012459159, 0.139573127031, 0.10939244926, 0.0945253223181, 0.0865907222033], "max": [1, 1, 1, 1, 1, 1, 1, 1, 1, 1, 1, 1, 1, 1, 1, 1, 1, 1, 1, 1, 1, 1, 1, 1, 1, 1, 1, 1, 1, 1, 1, 1, 1, 1, 1, 1], "var": [0.0313250496984, 0.0382714234293, 0.0431758128107, 0.0808552876115, 0.0822500288486, 0.0407394170761, 0.0307198036462, 0.0377379916608, 0.0457013584673, 0.127471104264, 0.128195464611, 0.0405518971384, 0.0286050029099, 0.0255836676806, 0.0303969942033, 0.0508416891098, 0.0612125061452, 0.0386799164116, 0.051038429141, 0.0577895343304, 0.0225796587765, 0.0195413678885, 0.0266919694841, 0.0405109599233, 0.0935332328081, 0.0779357552528, 0.028817564249, 0.0169127825648, 0.0185462646186, 0.0263005904853, 0.0855364501476, 0.104763068259, 0.0451380088925, 0.0419266186655, 0.0418643839657, 0.0247199367732], "mean": [0.0998678207397, 0.113428756595, 0.131014630198, 0.192825704813, 0.199238777161, 0.130715966225, 0.100621119142, 0.1087590307, 0.171813502908, 0.353887587786, 0.353289157152, 0.163609415293, 0.0876827687025, 0.0770636498928, 0.0918992906809, 0.1570340693, 0.180420577526, 0.13211902976, 0.14480894804, 0.146574601531, 0.0898245498538, 0.0736247003078, 0.0795519948006, 0.123409755528, 0.215687215328, 0.202508360147, 0.103308267891, 0.0637632906437, 0.0675827488303, 0.112428814173, 0.273880541325, 0.313415467739, 0.174403220415, 0.122683256865, 0.11134018749, 0.0883841514587]}, "tuning_equal_tempered_deviation": 0.196520403028, "chords_changes_rate": 0.0437007024884, "key_key": "C", "tuning_diatonic_strength": 0.569887340069, "key_scale": "minor", "chords_number_rate": 0.00213174172677, "tuning_frequency": 434.193115234, "tuning_nontempered_energy_ratio": 0.928463459015, "chords_histogram": [28.2029418945, 10.0191860199, 8.35642719269, 11.3195476532, 2.06778931618, 4.30611801147, 0, 10.4028987885, 0.532935380936, 4.94564056396, 0, 0, 0.46898317337, 0, 0, 0, 0.149221912026, 0, 0.959283709526, 0, 0.38371348381, 0.021317416802, 13.6857814789, 4.17821359634], "key_strength": 0.697566986084, "chords_key": "C", "chords_strength": {"dmean2": 0.00899979379028, "median": 0.566195070744, "min": 0.278898835182, "dvar2": 6.89378503012e-05, "dvar": 6.34102834738e-05, "dmean": 0.00899631157517, "max": 0.794027030468, "var": 0.0078666517511, "mean": 0.564682126045}, "chords_scale": "minor", "hpcp_entropy": {"dmean2": 1.13148713112, "median": 2.20060896873, "min": 0, "dvar2": 0.834196209908, "dvar": 0.305960386992, "dmean": 0.665953338146, "max": 4.44916009903, "var": 0.628487348557, "mean": 2.20964384079}}, "metadata": {"audio_properties": {"equal_loudness": 0, "codec": "mp3", "downmix": "mix", "sample_rate": 44100, "analysis_sample_rate": 44100, "bit_rate": 192000, "md5_encoded": "c10be9e746bbd12a153bfe7a60d76855", "length": 217.782852173, "replay_gain": -5.4265537262, "lossless": false}, "version": {"essentia_build_sha": "2d9f1f26377add8aeb1075a9c2973f962c4f09fd", "essentia": "2.1-beta2", "extractor": "music 1.0", "essentia_git_sha": "v2.1_beta2-1-ge3940c0"}, "tags": {"title": ["Corner of My Mind (Classical Version)"], "language": ["eng"], "acoustid_fingerprint": ["AQADtFHGtVICbMv0GN-PG_qNZttQ79CuE0035MbRHp7QE4VP1MeNo-aQ69CPkDmuHb3QVHjRyEG_nPjRHCURNoPiifgOqhR8PMkL73itQDzC42jOo-TB4NFRHifCe2ig-_jR6vCO_tjRG-48HP7R6_iHpsfh4RJvPKKOD-IRUhta_fDkE-Gh5-jyI-3gdKi1C88kD3ldJHVarBdO7njsoTn6XPiRXEwahPly1Mrx6LiOfimai7gcfGqK-8UTJogNcWsT5M2Ez7h2HE24JyKqUKWGXcfxLJ3QLFOyJSglHXtyPEeypMmNXDrKPHhCBbeSH1x2lJOOhtmPMzmeBlRO4cFpYs8eJKOiI8yc5Hj-TPg74mk-9CmaH5eWI1wiHkktHbVKXKnRJ1yCKeNx5Xiu4nA5HIGXDVIbHdkZHA8vox9coc_xEz8q6RFh5xzcHSZ3vBlKDrEPckpI6GjyI3xwKceN6keqLEG1mcNMHjpPpK6P69iPp9lRaWF6mMuDoxZRO0d-iOOFTztC5cY77Ary40-gdTq8qoh_dHmH82h7YasRrgykOUeOjccV68JF_Oh9NDqeI5cYaE6CRjeOHzmJRmGeYJouXKl28Gg-lD--owlHhHKRnMcXo89GbPPxoHmIvHgOjcwnNFm-48yO92gq4j2coyVxTRdKHc5xH-Z6xNJu_MJhfJrxJMoRPsUTQS_RzHoQHs-JaUfcBL0NQuMPH3ngGtOPpwyeouTxD9u0HOED7Tk29Qh_fKHRSE5pVC-JvDm0IGRfHCeNl_hxF01sIuoWL6hUcfjR0xv8Q9Mv4bhJ_D50BbXywarwE8eTzdCPH66Kz8cPh0efKHmgU4uE8kiz8WBYOriHX8SLH6k4WbhIQtdxWUWV8KCgdeFI_Kgp-DquZWiiH8-FH_nRXAZDacKPE9UR5pByuNuD3Hiw3biKsjFyXFDZI1xb-PiEc8f34BKHnUi3oD30oTx85UPlTEe5EOLxHXmPvkLwo_mgP8L1McKztDieEF5XQRcu4pGOXF_w7MFXXIeP3DFU4dyOHFckXPBZPEirhQw0VTmRJ-LR5QZ1oe_xC99z9EcYZ9oCVT7-E1cyEz0uEdLDGy-JC75yo8-OXMd3PBOboEdjI99xCc-hJV4snIsM_8GNG76H_fCh8cd3VA1SzZnQ49aOZ0d5bNwqwY9yhH6hazu-I3x1mOMl_Duu4ydyWjjEF-X0HfnxDEf_g0nEhMV94dmOnnD0Cj9-HHa4oz_uZigphOGiHLqGa2iXHR6PXxqcE54WpdCKs7iP5_gbnNuhPRsaPj--6MPzoJvhT4UmE8eZ4HkC_RrQ6KidBl9yQdaOJgjf4HlQeYeP8A-uy7iO72hKBf2M33i0Y79xZWJwFT5e6PGNL0fOB01E9MKxf6g-hKnCInkU7niO3-h7OI101FOMUzsiKj-q_Gj64MlxMoOXP7g23B2iB8-Pcxya5ygf_Gh_NPORQ8ynIc8V1BaaVwMzB35zjB_uo5SI7_iRHjrN4RnyfEJDHe1DBaG_wzxc6UOP-4R-NHuI-mh-hMdz4Qrxh0UkxbiVQ7qRMgrKacOjozn6HM1R9XiTD290hHwmQYxzmIeLkOSIB0xeOE6OUpJiXAkeYfLRhESuHXrzIky2osdLnMd0NM9xgn6OXJKe4U5whM_RLOfwZ0J4NCd-IU4ZE4-NEk3xy8HLIExGGbo4I73Sog8eHVTycPg44jym52h6_PjxC3kvQdOOMD0-bcOJF2GeiNCO58e9FduYXMGtQr7A5ESIZ8dfoqsPqyX6DPiOvIqDsJ3QHz_eiWiz401gnEfY40sC3XhwRSea-ghLJUVONLqLWqSEPSGuHw0VotSOSw6eHGdehGG1CdWPj8WUpBfyw7bAHB80_kIuYrJTPMZ__EH5B-aFmQlyH3qSMWj-I-qDl_B-fNeR-4J2vQjz4cePH1dYvGhuIhSXB2sqbmhrHI-hn4KL62h_6HxQUYkF4zly5ImNHzpuPMpxo9ZxZQ-uHdo7I0tiGu9yPFfxCz9upKmiHD8t6Dp-q6jEw-ROlOzA_LggtvAlbaiE6_gz5Ef1g8mF-_iHHmEOxh-h5Xtw3QixuUYvnMOPXDpUouuRHueC3gyePTimh0i5rOgPfUefw_lk4QkOkeTx5_iD8D3y4dDgSlyES9MjXEyDWEfOxPBIKtCPf4dVEemFPsrx4-hKpNkiTdB4nEWuHn1x-EivDP0kKYHKLEe4SDTMu_gt9Dn41MNb5IPzyIFuT8aJhx56giWN8zgPXepxHc13XFrxI08f9BMa5NtxoVshRqSFM8oHH7UfHL0Lw9OWQjlKDX0-pMmuoT_u4yHKP9h4Id8hbsyGUPqMe8dnNCe6LonxVQ2LI3x2iEd75HuON_jQw79Qice1_Di6SLTgcMfx3rjS4z-aB3xy9EyJLHGhZwr-406PfB9qXUH6o9oSscafQydanIZ74xaq4wM0j4aPHebxwvlQ5bgz9Id7fDHsED92whkziOKH2jF-_GDCQ5tfoFp0SDrSTflxnMQfVFpDYdqUGT4AQRAgAhgEhAhEQLIYYwQSBZggVFhphBBCYSsGM0pIpYCwQmkGCEMKAAmFQwYIQpUSQgQBASCCAUK0AIwKICQgABFClDEAGQLIEJI0RxwwQABGgQDGCUAANYAAYgEBAggAqCLAGAGFAgIgBxYRAVghKBEQIOCgMRQIRighRgnCoGFACEIAUwYQSJRQCgmjCAOCsEAIAkAQSIAA0glnIAFOCEYQUggQAoASwghCGCDGCAUIcUApxIkwijlBjJJKIIiMAlIZRhQRDCGihBHKEGYQdAIgAIwggmgCHCEIKeSEMwYA4hRFTgHkEKKGCCOYEMYQqACBwgGlBVgIGQWQJsYggoAHBABumDAMYcEAAIZQLhQhgAGGjCBOGIUINcIQKoQjAhBDkRHACEIAZUIQIARAwjKGBDKEICWEUgIgA4FiggIADAAQEQCEo8IJBQIAyjAmDDBAIEFEMIwooZxBFgkljEQEMWEYEQAAA5ACDhgFFCFAAaOAIkgAohQhAglFAJLACGEIQIAJaIARUBAGAAHAKKQUIQBRxQEQwAiHlBCMIcAAEB4IBQUlgElCABHCEMAEZAABwQgEhABGjRWEU2GEEYZKAIzWRBBgCAMQEAKAEAIAY4gACkgGhCDEGkYAwQopyhRESgBlCGAAMkKAoE4YQ4gRSgglGFTEOiYEFEc4AQggjjAJCAAGOcKUEQg5YIwggDADDFDACgcAIIIAJgkzgkBEAQFVAMQABIYhIZRSyDGAFEDEEEAccgpRIAQiAhmhCASCEQSIEIYIBBQCQiAkHAEJYEWIQUwJBCASQhFCCHCGAcYAEFIpAgChAjCDCDQOIEsIEUQoQRgQgDThACNIOEIAMAgQaBgzAgQCOBDAQCAYIMwYIgS4gAyCmUCAOSIAMgBAJQoygAiACRHAAYAIAwAoQYBhgBqQAbQAIgWcY8YJhxgGAGEhUDEKAA"], "date": ["2005"], "genre": ["Pop"], "musicbrainz album type": ["Album"], "musicip_puid": ["25e5503e-68be-51cb-38f0-6261b7f2656d"], "musicbrainz_recordingid": ["034138a4-627a-41ea-9d9f-059d5afee386"], "musicbrainz_albumartistid": ["7a50113f-12f9-4e2a-8406-80b26a5ac692"], "musicbrainz_albumid": ["445ebf21-feb9-4908-aecd-0df2c8a7054d"], "artist": ["Vanilla Ninja"], "tracknumber": ["05"], "bpm": ["94.01"], "album": ["Blue Tattoo (Bonus Disc)"], "musicbrainz album release country": ["Germany"], "acoustid_id": ["28e8b2bd-c2e0-4ffd-bf81-890aedd1ca16"], "musicbrainz_artistid": ["7a50113f-12f9-4e2a-8406-80b26a5ac692"], "file_name": "Vanilla Ninja - Corner of My Mind (Classical Version).mp3"}}, "rhythm": {"bpm_histogram_first_peak_bpm": {"dmean2": 0, "median": 94, "min": 94, "dvar2": 0, "dvar": 0, "dmean": 0, "max": 94, "var": 0, "mean": 94}, "bpm": 93.9950027466, "bpm_histogram_second_peak_spread": {"dmean2": 0, "median": 0, "min": 0, "dvar2": 0, "dvar": 0, "dmean": 0, "max": 0, "var": 0, "mean": 0}, "bpm_histogram_first_peak_weight": {"dmean2": 0, "median": 0.525925934315, "min": 0.525925934315, "dvar2": 0, "dvar": 0, "dmean": 0, "max": 0.525925934315, "var": 0, "mean": 0.525925934315}, "onset_rate": 3.67304110527, "beats_position": [0.66176867485, 1.34675729275, 1.99691605568, 2.6470746994, 3.28562355042, 3.92417216301, 4.5627207756, 5.20126962662, 5.83981847763, 6.47836732864, 7.11691617966, 7.75546455383, 8.39401340485, 9.03256225586, 9.65950107574, 10.2980499268, 10.9365987778, 11.5751476288, 12.2136955261, 12.8522443771, 13.4907932281, 14.1293420792, 14.7678909302, 15.4064397812, 16.0449886322, 16.6835365295, 17.3220863342, 17.9606342316, 18.5991840363, 19.2377319336, 19.8762817383, 20.5148296356, 21.153377533, 21.7919273376, 22.430475235, 23.0690250397, 23.707572937, 24.3461227417, 24.984670639, 25.6232185364, 26.2617683411, 26.9003162384, 27.5388660431, 28.1774139404, 28.8159637451, 29.4545116425, 30.0930614471, 30.7316093445, 31.3701572418, 32.0087051392, 32.6472549438, 33.2858047485, 33.9243545532, 34.5629005432, 35.2014503479, 35.8400001526, 36.4785499573, 37.1287078857, 37.755645752, 38.3941955566, 39.0327415466, 39.6712913513, 40.309841156, 40.9483909607, 41.5869369507, 42.2254867554, 42.8640365601, 43.50258255, 44.1411323547, 44.7680702209, 45.4066200256, 46.0451698303, 46.6953277588, 47.3454856873, 47.9724235535, 48.5993652344, 49.2379112244, 49.8764610291, 50.5150108337, 51.1535606384, 51.7921066284, 52.4306564331, 53.0692062378, 53.7077522278, 54.3463020325, 54.9848518372, 55.6234016418, 56.2619476318, 56.9004974365, 57.5390472412, 58.1659851074, 58.8045349121, 59.4430847168, 60.0932426453, 60.7317886353, 61.3703384399, 62.0088882446, 62.6474380493, 63.2859840393, 63.924533844, 64.5514755249, 65.2016296387, 65.8401794434, 66.478729248, 67.1056671143, 67.7558288574, 68.3943786621, 69.0329208374, 69.659866333, 70.2984085083, 70.936958313, 71.5755081177, 72.2140579224, 72.8526077271, 73.4911575317, 74.1297073364, 74.7682495117, 75.4184112549, 76.0453491211, 76.6838989258, 77.3224487305, 77.9726028442, 78.5995483398, 79.2497024536, 79.8882522583, 80.526802063, 81.1537399292, 81.7922897339, 82.4308395386, 83.0693893433, 83.7079315186, 84.3464813232, 84.9850311279, 85.6351928711, 86.2737426758, 86.900680542, 87.5392303467, 88.177772522, 88.8163223267, 89.4548721313, 90.093421936, 90.7319717407, 91.3705215454, 92.0090713501, 92.6476211548, 93.2861633301, 93.9247131348, 94.5632629395, 95.2018127441, 95.8403625488, 96.4789123535, 97.1174621582, 97.7560043335, 98.3945541382, 99.0331039429, 99.6716537476, 100.310203552, 100.960357666, 101.587303162, 102.214241028, 102.852790833, 103.491333008, 104.129882813, 104.768432617, 105.406982422, 106.045532227, 106.69568634, 107.334236145, 107.97278595, 108.599723816, 109.238273621, 109.876823425, 110.51537323, 111.153923035, 111.792472839, 112.431015015, 113.069564819, 113.708114624, 114.346664429, 114.985214233, 115.623764038, 116.262313843, 116.900856018, 117.539405823, 118.177955627, 118.816505432, 119.455055237, 120.093605042, 120.720542908, 121.370697021, 122.009246826, 122.647796631, 123.286346436, 123.92489624, 124.563446045, 125.20199585, 125.840545654, 126.47908783, 127.117637634, 127.756187439, 128.394729614, 129.033279419, 129.660217285, 130.29876709, 130.937316895, 131.587478638, 132.226028442, 132.864578247, 133.491516113, 134.141677856, 134.780227661, 135.418777466, 136.045715332, 136.684265137, 137.322814941, 137.961364746, 138.599899292, 139.238449097, 139.876998901, 140.515548706, 141.154098511, 141.792648315, 142.43119812, 143.069747925, 143.708297729, 144.346847534, 144.985397339, 145.623947144, 146.262496948, 146.901046753, 147.539596558, 148.178131104, 148.816680908, 149.455230713, 150.093780518, 150.732330322, 151.370880127, 152.009429932, 152.647979736, 153.286529541, 153.925079346, 154.56362915, 155.202178955, 155.84072876, 156.479278564, 157.11781311, 157.756362915, 158.39491272, 159.033462524, 159.660400391, 160.298950195, 160.9375, 161.576049805, 162.133331299, 162.702224731, 163.259490967, 163.828384399, 164.397277832, 164.977767944, 165.546661377, 166.11555481, 166.614776611, 167.102401733, 167.590026855, 167.961532593, 168.333053589, 168.704574585, 169.076095581, 169.412780762, 169.749481201, 170.086166382, 170.422851563, 170.759536743, 171.096237183, 171.444534302, 171.781219482, 172.106307983, 172.431381226, 172.756454468, 173.06993103, 173.383392334, 173.708480835, 174.033554077, 174.34703064, 174.660491943, 174.985580444, 175.299041748, 175.624130249, 175.937591553, 176.251068115, 176.564529419, 176.88961792, 177.214691162, 177.539764404, 177.853240967, 178.166702271, 178.491790771, 178.816864014, 179.130340576, 179.44380188, 179.768890381, 180.093963623, 180.407440186, 180.720901489, 181.04598999, 181.371063232, 181.684524536, 181.998001099, 182.323074341, 182.648162842, 182.973236084, 183.286712646, 183.60017395, 183.925262451, 184.238723755, 184.552200317, 184.87727356, 185.202362061, 185.515823364, 185.829299927, 186.154373169, 186.479446411, 186.781311035, 187.106384277, 187.431472778, 187.756546021, 188.070022583, 188.383483887, 188.708572388, 189.03364563, 189.347122192, 189.660583496, 189.985671997, 190.310745239, 190.624221802, 190.937683105, 191.262756348, 191.587844849, 191.901306152, 192.214782715, 192.539855957, 192.864944458, 193.178405762, 193.491882324, 193.816955566, 194.130432129, 194.443893433, 194.768981934, 195.094055176, 195.407531738, 195.720993042, 196.046066284, 196.371154785, 196.696228027, 197.00970459, 197.323165894, 197.648254395, 197.973327637, 198.286804199, 198.600265503, 198.925354004, 199.250427246, 199.575500488, 199.900588989, 200.225662231, 200.562347412, 200.92225647, 201.270568848, 201.618865967, 201.967163086, 202.408340454, 202.861129761, 203.313919067, 203.755096436, 204.196273804, 204.637451172, 205.101852417, 205.566253662, 206.042266846, 206.518280029, 206.936233521, 207.354187012, 207.760543823, 208.155273438, 208.550018311, 208.956375122, 209.351104736, 209.745849609, 210.140579224, 210.535324097, 210.93006897, 211.324798584, 211.731155396, 212.12588501, 212.532241821, 212.938583374, 213.344940186, 213.751281738, 214.15763855, 214.575592041, 214.993560791, 215.399902344, 215.806259155, 216.224212646, 216.642166138, 217.060134888], "beats_loudness": {"dmean2": 0.0162080470473, "median": 0.0307531394064, "min": 3.0193572087e-08, "dvar2": 0.000221443508053, "dvar": 7.98603141448e-05, "dmean": 0.00966504402459, "max": 0.0673213303089, "var": 0.000304393121041, "mean": 0.0273096393794}, "danceability": 0.984246075153, "bpm_histogram_second_peak_weight": {"dmean2": 0, "median": 0.118518516421, "min": 0.118518516421, "dvar2": 0, "dvar": 0, "dmean": 0, "max": 0.118518516421, "var": 0, "mean": 0.118518516421}, "beats_count": 406, "bpm_histogram_second_peak_bpm": {"dmean2": 0, "median": 185, "min": 185, "dvar2": 0, "dvar": 0, "dmean": 0, "max": 185, "var": 0, "mean": 185}, "bpm_histogram_first_peak_spread": {"dmean2": 0, "median": 0.151394456625, "min": 0.151394456625, "dvar2": 0, "dvar": 0, "dmean": 0, "max": 0.151394456625, "var": 0, "mean": 0.151394456625}, "beats_loudness_band_ratio": {"dmean2": [0.432796239853, 0.234029918909, 0.129499793053, 0.152467235923, 0.102774642408, 0.132938444614], "median": [0.443920463324, 0.129598528147, 0.0966880768538, 0.0784832015634, 0.0871383026242, 0.129090458155], "min": [0.000654012081213, 0.00915442407131, 0.00257170107216, 0.00113392854109, 0.000438329647295, 6.88022919348e-05], "dvar2": [0.0998651087284, 0.040441762656, 0.0133539605886, 0.0248656570911, 0.00792757421732, 0.0201494265348], "dvar": [0.0280815474689, 0.0135369338095, 0.00474952440709, 0.00850236136466, 0.00273241521791, 0.00689203059301], "dmean": [0.236330166459, 0.12972317636, 0.0741068646312, 0.0827394351363, 0.0583513081074, 0.0730992034078], "max": [0.982391119003, 0.959442138672, 0.594108998775, 0.736874401569, 0.364933401346, 0.653583526611], "var": [0.0515680350363, 0.0205015148968, 0.00690760090947, 0.00915660429746, 0.00563571741804, 0.00897138845176], "mean": [0.43672516942, 0.167357832193, 0.115418843925, 0.101336039603, 0.0967604666948, 0.1306091398]}}, "lowlevel": {"barkbands_spread": {"dmean2": 10.5392513275, "median": 36.0243301392, "min": 0.882283091545, "dvar2": 163.664382935, "dvar": 70.7744445801, "dmean": 6.86900758743, "max": 129.602844238, "var": 318.364257813, "mean": 34.4612731934}, "melbands_spread": {"dmean2": 12.6418476105, "median": 29.2788448334, "min": 0.759384691715, "dvar2": 226.547317505, "dvar": 103.609741211, "dmean": 8.26825714111, "max": 258.320861816, "var": 475.930755615, "mean": 32.1701660156}, "hfc": {"dmean2": 8.13344097137, "median": 22.498998642, "min": 1.19154255508e-16, "dvar2": 115.771789551, "dvar": 60.4796028137, "dmean": 5.80272293091, "max": 117.597366333, "var": 478.63760376, "mean": 25.7442760468}, "barkbands_kurtosis": {"dmean2": 3.5327193737, "median": 0.122979730368, "min": -1.92292070389, "dvar2": 81.0948257446, "dvar": 35.1045188904, "dmean": 2.27339577675, "max": 201.137435913, "var": 93.8768692017, "mean": 2.90479040146}, "gfcc": {"mean": [1.3362787962, 69.5706634521, -100.604164124, 29.8454627991, -46.1070632935, 10.3407697678, -31.4212398529, 15.6031188965, -27.4737873077, 6.77981042862, -13.2009429932, -0.982241034508, -9.35148429871], "icov": [[0.000160063282237, 0.000176165631274, 0.000184032949619, -0.000278249121038, -0.000160408948432, -3.80686979042e-05, 3.01808468066e-05, -0.000218975299504, 0.000285590154817, -6.00016901444e-05, 6.54949471937e-05, -5.74295154365e-05, 0.000239237371716], [0.000176165631274, 0.00113052688539, 0.000174971733941, 5.11632606504e-05, -0.000895971083082, 1.42894004966e-05, -0.000520157394931, 0.000344443455106, -0.000633708783425, 0.00136727828067, -0.00155978521798, 0.000656733463984, 0.000189124970348], [0.000184032949619, 0.000174971733941, 0.00148602807894, 2.45465548687e-06, -0.000568205025047, -0.00111937755719, 0.00125597009901, -0.000751120154746, 0.000533353595529, 0.000269934738753, 0.000302631291561, -0.00062128691934, 0.000662411446683], [-0.000278249121038, 5.11632606504e-05, 2.45465548687e-06, 0.00283655943349, -0.000350559566868, -0.000624633568805, 0.000170472703758, -0.000133553490741, -0.00151963345706, 0.000820598390419, 0.00100658729207, -4.90401271236e-06, -0.00133310374804], [-0.000160408948432, -0.000895971083082, -0.000568205025047, -0.000350559566868, 0.00628630025312, -0.000225036041229, -0.0023453948088, -0.000559955311473, -0.000231132755289, -0.00102767604403, 0.00118979881518, 0.000540220236871, 0.000468367768917], [-3.80686979042e-05, 1.42894004966e-05, -0.00111937755719, -0.000624633568805, -0.000225036041229, 0.0067886793986, -0.0026938659139, 0.00104413728695, 0.00057349470444, -0.00187253078911, 0.000431624706835, -1.373323812e-05, 0.000270288379397], [3.01808468066e-05, -0.000520157394931, 0.00125597009901, 0.000170472703758, -0.0023453948088, -0.0026938659139, 0.00840733572841, -0.00198816903867, -0.0008336402243, -0.00033823857666, -0.00052558578318, -0.00150229723658, 0.002164010657], [-0.000218975299504, 0.000344443455106, -0.000751120154746, -0.000133553490741, -0.000559955311473, 0.00104413728695, -0.00198816903867, 0.010138951242, -0.00190926378127, -0.0018272557063, -0.000583832676057, 0.00203156052157, -0.00283414986916], [0.000285590154817, -0.000633708783425, 0.000533353595529, -0.00151963345706, -0.000231132755289, 0.00057349470444, -0.0008336402243, -0.00190926378127, 0.00908191781491, -0.00169515213929, 0.00138399738353, -0.00193409097847, 0.00176878389902], [-6.00016901444e-05, 0.00136727828067, 0.000269934738753, 0.000820598390419, -0.00102767604403, -0.00187253078911, -0.00033823857666, -0.0018272557063, -0.00169515213929, 0.0143199050799, -0.0038791699335, -0.00113628385589, -0.00172802328598], [6.54949471937e-05, -0.00155978521798, 0.000302631291561, 0.00100658729207, 0.00118979881518, 0.000431624706835, -0.00052558578318, -0.000583832676057, 0.00138399738353, -0.0038791699335, 0.0145047539845, -0.00239456188865, -0.00260647502728], [-5.74295154365e-05, 0.000656733463984, -0.00062128691934, -4.90401271236e-06, 0.000540220236871, -1.373323812e-05, -0.00150229723658, 0.00203156052157, -0.00193409097847, -0.00113628385589, -0.00239456188865, 0.0125904986635, -0.000399585376726], [0.000239237371716, 0.000189124970348, 0.000662411446683, -0.00133310374804, 0.000468367768917, 0.000270288379397, 0.002164010657, -0.00283414986916, 0.00176878389902, -0.00172802328598, -0.00260647502728, -0.000399585376726, 0.0146970339119]], "cov": [[14975.9775391, -3396.40991211, -1039.96276855, 1549.98779297, -0.533670246601, 91.3010482788, -71.6906661987, 341.962768555, -219.966674805, 243.922790527, -408.607971191, 43.1212463379, 46.0894126892], [-3396.40991211, 2435.45043945, -116.488540649, -330.043792725, 280.321716309, -8.77929115295, 274.643493652, -86.1072769165, 185.025466919, -146.840194702, 206.441253662, -61.6024665833, -71.1513290405], [-1039.96276855, -116.488540649, 1055.26611328, -96.0803146362, 8.10179328918, 118.3282547, -117.985977173, -2.06474590302, -60.4100532532, -10.3813619614, -28.8465118408, 23.011133194, -21.7501373291], [1549.98779297, -330.043792725, -96.0803146362, 596.572387695, 46.7378082275, 49.2134399414, 14.7151765823, 59.7371482849, 56.4592628479, 11.4157495499, -81.3275680542, 4.96069192886, 24.6768455505], [-0.533670246601, 280.321716309, 8.10179328918, 46.7378082275, 258.368164063, 56.1084632874, 123.105102539, 28.8460121155, 52.0215187073, 5.00610733032, -0.342124313116, -7.69111633301, -27.4954319], [91.3010482788, -8.77929115295, 118.3282547, 49.2134399414, 56.1084632874, 209.904403687, 72.4836578369, 5.76292610168, 6.40270996094, 27.4667854309, -9.19342708588, 13.4708890915, -16.2574005127], [-71.6906661987, 274.643493652, -117.985977173, 14.7151765823, 123.105102539, 72.4836578369, 237.334335327, 31.2542972565, 65.6493225098, 13.7949399948, 22.6264419556, 12.2265768051, -31.8230209351], [341.962768555, -86.1072769165, -2.06474590302, 59.7371482849, 28.8460121155, 5.76292610168, 31.2542972565, 134.294326782, 25.5474185944, 31.5272216797, -2.07712578773, -6.14425754547, 21.4198646545], [-219.966674805, 185.025466919, -60.4100532532, 56.4592628479, 52.0215187073, 6.40270996094, 65.6493225098, 25.5474185944, 162.075683594, 8.08153247833, 3.43200421333, 13.6742858887, -15.0469150543], [243.922790527, -146.840194702, -10.3813619614, 11.4157495499, 5.00610733032, 27.4667854309, 13.7949399948, 31.5272216797, 8.08153247833, 101.406028748, 15.5385446548, 18.526720047, 17.0159473419], [-408.607971191, 206.441253662, -28.8465118408, -81.3275680542, -0.342124313116, -9.19342708588, 22.6264419556, -2.07712578773, 3.43200421333, 15.5385446548, 108.863235474, 12.0757284164, 15.4147233963], [43.1212463379, -61.6024665833, 23.011133194, 4.96069192886, -7.69111633301, 13.4708890915, 12.2265768051, -6.14425754547, 13.6742858887, 18.526720047, 12.0757284164, 92.8910369873, 1.71561276913], [46.0894126892, -71.1513290405, -21.7501373291, 24.6768455505, -27.4954319, -16.2574005127, -31.8230209351, 21.4198646545, -15.0469150543, 17.0159473419, 15.4147233963, 1.71561276913, 88.0083312988]]}, "spectral_energyband_middle_low": {"dmean2": 0.00357651314698, "median": 0.00553326588124, "min": 3.87744143308e-22, "dvar2": 1.99226087716e-05, "dvar": 7.94109564595e-06, "dmean": 0.0022320849821, "max": 0.0412730574608, "var": 2.87822040264e-05, "mean": 0.00663625402376}, "melbands_crest": {"dmean2": 4.88493394852, "median": 13.5381555557, "min": 1.27594816685, "dvar2": 18.5775966644, "dvar": 7.33900260925, "dmean": 3.02358603477, "max": 34.6337394714, "var": 25.3035850525, "mean": 14.0444116592}, "spectral_kurtosis": {"dmean2": 2.6864938736, "median": 3.5724298954, "min": -1.35159170628, "dvar2": 31.5659427643, "dvar": 12.3555583954, "dmean": 1.64194369316, "max": 68.2386703491, "var": 62.7155952454, "mean": 5.65621328354}, "spectral_rms": {"dmean2": 0.000824418384582, "median": 0.00482145743445, "min": 3.19451366401e-12, "dvar2": 7.61267756388e-07, "dvar": 3.37689215257e-07, "dmean": 0.000537718180567, "max": 0.00934466253966, "var": 3.71557052858e-06, "mean": 0.00432068295777}, "zerocrossingrate": {"dmean2": 0.0159105546772, "median": 0.08203125, "min": 0.00341796875, "dvar2": 0.00036611998803, "dvar": 0.000275023980066, "dmean": 0.013171360828, "max": 0.5009765625, "var": 0.00221407436766, "mean": 0.084154471755}, "silence_rate_60dB": {"dmean2": 0.0400895625353, "median": 0, "min": 0, "dvar2": 0.043813791126, "dvar": 0.0196409057826, "dmean": 0.0200426448137, "max": 1, "var": 0.117773517966, "mean": 0.136339411139}, "erbbands_kurtosis": {"dmean2": 1.15289211273, "median": -0.329070329666, "min": -1.87363684177, "dvar2": 4.22886705399, "dvar": 1.9198089838, "dmean": 0.730857729912, "max": 47.1224555969, "var": 4.44263935089, "mean": 0.134002909064}, "erbbands": {"dmean2": [0.170219138265, 1.33176469803, 2.61394834518, 3.29155778885, 4.6915268898, 7.09835958481, 7.41867780685, 10.278678894, 9.88231563568, 7.69351053238, 10.4431591034, 16.3047542572, 23.0870990753, 15.8345756531, 12.5921049118, 19.7859649658, 13.3947877884, 23.7027301788, 22.9582862854, 25.7604446411, 17.7670898438, 18.8594474792, 18.7578792572, 26.0311012268, 21.1685771942, 23.1006946564, 11.7854537964, 6.16706800461, 5.77060985565, 3.8666973114, 2.99942564964, 2.25599741936, 2.26769900322, 1.7206697464, 0.76654791832, 0.386209875345, 0.170068874955, 0.0509398728609, 0.00785127095878, 0.000202755560167], "median": [0.0810888260603, 0.717686474323, 1.66040349007, 2.02657914162, 2.73480510712, 3.20506048203, 4.05926799774, 4.96603250504, 4.78643798828, 5.17561435699, 6.74583435059, 8.88017749786, 10.1267337799, 8.59509658813, 7.07199192047, 9.02635478973, 7.62542104721, 11.321606636, 12.4350442886, 12.1973161697, 14.7725362778, 17.5499095917, 17.3574485779, 22.3978633881, 21.6974601746, 24.0935344696, 13.7346143723, 6.30706834793, 4.05623817444, 2.1748726368, 1.83015191555, 1.96254265308, 1.8596342802, 1.27308309078, 0.487988382578, 0.211225107312, 0.0854226648808, 0.0169097948819, 0.00135566922836, 7.10997774149e-05], "min": [6.6719952e-22, 9.44371910513e-21, 7.17801550803e-20, 4.19282116684e-20, 7.04385133632e-20, 2.16017493185e-19, 3.770865932e-19, 5.29240392272e-19, 1.94856310601e-18, 1.04977243385e-18, 1.00656093224e-18, 1.89066873493e-18, 1.78164570981e-18, 1.99423567673e-18, 1.91018047802e-18, 2.99994419935e-18, 7.40306630464e-18, 4.81209591657e-18, 1.24409833556e-17, 5.4605587811e-18, 3.44923686164e-18, 5.78927622063e-18, 7.09341868696e-18, 1.78572759798e-17, 1.21439477607e-17, 1.75745952773e-17, 1.16602365267e-17, 1.26112402867e-17, 2.30302865141e-17, 1.9376467621e-17, 1.67084776189e-17, 1.70831672754e-17, 1.08219568047e-17, 9.82668481991e-18, 6.84487324676e-18, 7.35504185264e-18, 3.73472708312e-18, 1.15137771683e-18, 3.20238812397e-19, 3.71804696022e-20], "dvar2": [0.0837421119213, 5.23176431656, 16.0704593658, 25.1304454803, 49.8556442261, 203.44670105, 153.589599609, 464.779602051, 378.436462402, 188.361907959, 461.826263428, 1176.89001465, 1987.40307617, 958.027282715, 687.923095703, 1745.16088867, 667.997131348, 2674.14013672, 2540.04931641, 3071.94555664, 911.358886719, 1003.15075684, 891.385009766, 1921.83068848, 1194.70141602, 1279.65148926, 297.870117188, 100.738975525, 112.378959656, 51.5632514954, 31.0051269531, 15.167473793, 23.5538311005, 13.7495651245, 2.76385807991, 0.581834673882, 0.103181600571, 0.0122080380097, 0.000360278674634, 2.94888337748e-07], "dvar": [0.0301987826824, 2.13143610954, 6.57931375504, 9.89187049866, 18.7389602661, 78.4917755127, 67.3927001953, 191.750045776, 152.240615845, 72.5291137695, 206.564483643, 514.041748047, 777.491821289, 367.205627441, 334.078826904, 841.691040039, 278.014038086, 1051.81787109, 989.700744629, 1182.75280762, 375.190216064, 390.271026611, 360.476593018, 775.469726563, 496.685119629, 566.018798828, 120.352676392, 42.2632255554, 46.2501487732, 21.8023338318, 13.3677015305, 7.23201131821, 10.7716054916, 6.58484172821, 1.31925177574, 0.277560979128, 0.0458640940487, 0.00523611530662, 0.000142781515024, 1.12591038715e-07], "dmean": [0.103494986892, 0.831505477428, 1.64201462269, 2.03306674957, 2.85564088821, 4.27893972397, 4.68046951294, 6.49869537354, 6.16042947769, 4.76033067703, 6.67520856857, 10.4861898422, 14.2556600571, 9.69097328186, 8.19176769257, 12.89610672, 8.45271968842, 14.7767477036, 14.429359436, 16.0267524719, 10.9912061691, 11.6678590775, 11.8878450394, 16.3264694214, 13.6802797318, 15.0736570358, 7.44636631012, 3.91278195381, 3.70326662064, 2.44226574898, 1.97233521938, 1.51190185547, 1.53346168995, 1.16561746597, 0.51570224762, 0.253405839205, 0.109605140984, 0.0322167687118, 0.00478367460892, 0.000122885991004], "max": [1.95053303242, 15.9249258041, 47.4658584595, 44.5842857361, 62.6054382324, 204.282730103, 151.034164429, 414.97064209, 239.092254639, 246.677246094, 475.652954102, 483.066467285, 588.520751953, 449.114715576, 502.932434082, 1015.2901001, 540.396179199, 646.704956055, 737.037597656, 831.766174316, 456.068389893, 346.547454834, 403.702972412, 621.521484375, 376.497283936, 392.115600586, 183.239990234, 81.5027313232, 73.8806152344, 50.7570838928, 60.7899513245, 65.2825241089, 117.620437622, 58.9353637695, 26.1208610535, 13.6635732651, 5.41261291504, 2.36003088951, 0.158242598176, 0.00444275140762], "var": [0.0613693110645, 3.98384857178, 12.8990077972, 18.4654426575, 35.8223075867, 128.590286255, 211.951675415, 366.076873779, 279.031494141, 121.289039612, 512.38885498, 1223.36083984, 1662.75695801, 919.740661621, 912.723266602, 2742.12329102, 717.745788574, 2721.3840332, 2340.37426758, 2530.73120117, 1037.35241699, 1180.24304199, 1273.09020996, 2544.97973633, 2068.24462891, 2341.71655273, 482.429016113, 118.98677063, 98.3921661377, 53.4444999695, 32.67162323, 21.5627632141, 26.4736804962, 17.8260803223, 3.60549378395, 0.690232276917, 0.0886043012142, 0.00887158792466, 0.000170189043274, 1.17661045351e-07], "mean": [0.184837833047, 1.44711458683, 2.81469368935, 3.4178621769, 4.82040214539, 6.78841352463, 9.09736156464, 10.9173755646, 10.4018087387, 8.48878097534, 12.186914444, 19.3736000061, 24.8049430847, 17.9343128204, 15.255818367, 23.6368865967, 16.5890445709, 28.3326473236, 28.5615100861, 29.7002944946, 23.8891143799, 27.2973213196, 28.775636673, 38.4863319397, 36.0736045837, 39.6147880554, 20.0580329895, 9.52746868134, 7.63544511795, 5.10266208649, 4.01976680756, 3.41203570366, 3.35075211525, 2.54957175255, 1.09595561028, 0.475723445415, 0.186364069581, 0.0488381497562, 0.00600691745058, 0.000175255656359]}, "spectral_strongpeak": {"dmean2": 0.594446539879, "median": 0.259265959263, "min": 0, "dvar2": 1.44055712223, "dvar": 0.548134982586, "dmean": 0.339117377996, "max": 9.69311332703, "var": 0.658943116665, "mean": 0.500244736671}, "spectral_energy": {"dmean2": 0.00857791118324, "median": 0.0238276142627, "min": 1.04600405424e-20, "dvar2": 0.000110187844257, "dvar": 4.70677296107e-05, "dmean": 0.005531065166, "max": 0.0895057916641, "var": 0.000266998569714, "mean": 0.0229435488582}, "average_loudness": 0.89041352272, "spectral_rolloff": {"dmean2": 1137.96887207, "median": 1981.0546875, "min": 64.599609375, "dvar2": 3852682.25, "dvar": 1635244.5, "dmean": 698.771728516, "max": 19401.4160156, "var": 4152342, "mean": 2285.93164063}, "spectral_centroid": {"dmean2": 351.963104248, "median": 2045.7677002, "min": 207.234588623, "dvar2": 140436.5625, "dvar": 67475.234375, "dmean": 234.597061157, "max": 10759.6308594, "var": 663419.875, "mean": 1842.65710449}, "pitch_salience": {"dmean2": 0.109393648803, "median": 0.567820727825, "min": 0.133434146643, "dvar2": 0.0100899254903, "dvar": 0.00392997683957, "dmean": 0.0677579939365, "max": 0.984623014927, "var": 0.0130711263046, "mean": 0.558745384216}, "spectral_energyband_middle_high": {"dmean2": 0.00193484255578, "median": 0.00395242869854, "min": 1.39519913743e-21, "dvar2": 6.92547018843e-06, "dvar": 3.30555781147e-06, "dmean": 0.0013617828954, "max": 0.0346845686436, "var": 3.02068092424e-05, "mean": 0.00558137474582}, "spectral_contrast_coeffs": {"dmean2": [0.0776685625315, 0.0734954252839, 0.0602712109685, 0.0472459718585, 0.0331048890948, 0.027832057327], "median": [-0.69689643383, -0.764226198196, -0.784953832626, -0.797491788864, -0.795010387897, -0.775537133217], "min": [-0.992137670517, -0.980973482132, -0.989104688168, -0.979593992233, -0.980630040169, -0.962787091732], "dvar2": [0.00410714931786, 0.00331234117039, 0.00230370671488, 0.00139113049954, 0.000683589896653, 0.000615350611042], "dvar": [0.00155987322796, 0.00126825761981, 0.000866599089932, 0.000540315173566, 0.000290442549158, 0.000276606355328], "dmean": [0.0475484803319, 0.0446893647313, 0.0369837321341, 0.0289706289768, 0.0205691196024, 0.0175053775311], "max": [-0.282332658768, -0.423214763403, -0.526780128479, -0.502961874008, -0.616773545742, -0.576185584068], "var": [0.00609769625589, 0.00438162358478, 0.0033062743023, 0.00243208743632, 0.00164289504755, 0.00205746432766], "mean": [-0.68769878149, -0.755832672119, -0.779478549957, -0.790712058544, -0.792480647564, -0.780557572842]}, "melbands_skewness": {"dmean2": 1.01656198502, "median": 2.44931721687, "min": -1.99132514, "dvar2": 1.31806790829, "dvar": 0.588725268841, "dmean": 0.67695504427, "max": 19.3578796387, "var": 3.35544991493, "mean": 2.79604578018}, "spectral_spread": {"dmean2": 1017481.5, "median": 4855216, "min": 965709.75, "dvar2": 3068836970500.0, "dvar": 1466419642370.0, "dmean": 681228.4375, "max": 39643468, "var": 5416717647870.0, "mean": 5233611.5}, "dissonance": {"dmean2": 0.0230586603284, "median": 0.483333706856, "min": 0.161192595959, "dvar2": 0.000737096997909, "dvar": 0.000273330573691, "dmean": 0.0136746941134, "max": 0.5, "var": 0.000598786398768, "mean": 0.475487619638}, "spectral_skewness": {"dmean2": 0.312526464462, "median": 1.35240352154, "min": -0.0850843340158, "dvar2": 0.195336729288, "dvar": 0.0805067643523, "dmean": 0.195835590363, "max": 6.62357378006, "var": 0.704505324364, "mean": 1.59020066261}, "spectral_flux": {"dmean2": 0.025444181636, "median": 0.0779178440571, "min": 1.02274341773e-10, "dvar2": 0.000764509022702, "dvar": 0.000308269431116, "dmean": 0.0159024577588, "max": 0.220288664103, "var": 0.00165717711207, "mean": 0.0746514797211}, "spectral_contrast_valleys": {"dmean2": [0.619666159153, 0.552877664566, 0.492867678404, 0.396361798048, 0.300907731056, 0.386482298374], "median": [-6.85328054428, -6.68293809891, -7.12540102005, -7.2851858139, -6.66654443741, -9.40567684174], "min": [-26.9060077667, -27.3996715546, -27.243894577, -27.1166610718, -27.1909351349, -27.1072711945], "dvar2": [0.279130071402, 0.204038470984, 0.179455131292, 0.121717959642, 0.0937142968178, 0.269746333361], "dvar": [0.123610898852, 0.0888060033321, 0.0812418088317, 0.0631418675184, 0.0549981854856, 0.155415847898], "dmean": [0.38315948844, 0.335745573044, 0.301219820976, 0.248094007373, 0.201039612293, 0.281821399927], "max": [-5.3340921402, -5.20595169067, -5.52054548264, -5.79047441483, -5.56339168549, -7.60594463348], "var": [1.45194733143, 0.918510913849, 1.17504823208, 1.68311858177, 2.56564879417, 2.52756237984], "mean": [-7.19101381302, -6.87121534348, -7.40052127838, -7.75325202942, -7.4074215889, -9.95652484894]}, "erbbands_flatness_db": {"dmean2": 0.0223043244332, "median": 0.115724213421, "min": 0.0258293841034, "dvar2": 0.000602236308623, "dvar": 0.000327545771142, "dmean": 0.0155869973823, "max": 0.36913099885, "var": 0.00299871549942, "mean": 0.130105957389}, "spectral_energyband_high": {"dmean2": 0.000753569125663, "median": 0.00119614694268, "min": 7.42359622305e-21, "dvar2": 1.18347861644e-06, "dvar": 5.79299694436e-07, "dmean": 0.000518916873261, "max": 0.011280904524, "var": 2.66209940492e-06, "mean": 0.00160706031602}, "spectral_entropy": {"dmean2": 0.183883726597, "median": 7.91351556778, "min": 5.55465316772, "dvar2": 0.0547834150493, "dvar": 0.0273596718907, "dmean": 0.127888724208, "max": 9.82046794891, "var": 0.300684481859, "mean": 7.74768638611}, "silence_rate_20dB": {"dmean2": 0, "median": 1, "min": 1, "dvar2": 0, "dvar": 0, "dmean": 0, "max": 1, "var": 0, "mean": 1}, "melbands_flatness_db": {"dmean2": 0.0364415533841, "median": 0.158496826887, "min": 0.000699394324329, "dvar2": 0.00127200270072, "dvar": 0.000582182372455, "dmean": 0.0245097223669, "max": 0.504832565784, "var": 0.00798988807946, "mean": 0.183280929923}, "barkbands": {"dmean2": [0.000586838461459, 0.0057637556456, 0.00246907654218, 0.00113611621782, 0.00177772738971, 0.00117083196528, 0.000575444893911, 0.000464458193164, 0.000689729698934, 0.000670623849146, 0.000386658794014, 0.000484786345623, 0.000297577033052, 0.000548283162061, 0.000524631177541, 