{"tonal": {"thpcp": [1, 0.680815517902, 0.533213376999, 0.583694815636, 0.40307483077, 0.283010751009, 0.286915361881, 0.27165222168, 0.314883649349, 0.337981104851, 0.249246180058, 0.20602992177, 0.230706602335, 0.289673417807, 0.594498872757, 0.72706335783, 0.385678976774, 0.196147724986, 0.243931815028, 0.299952477217, 0.566712260246, 0.602272391319, 0.299020349979, 0.300068169832, 0.357282757759, 0.224468633533, 0.177053779364, 0.204772472382, 0.232744053006, 0.437983334064, 0.600485563278, 0.461872696877, 0.32038462162, 0.311609864235, 0.422766596079, 0.799529731274], "hpcp": {"dmean2": [0.258288145065, 0.316942930222, 0.365698873997, 0.352447599173, 0.365719735622, 0.309382766485, 0.272920757532, 0.23402158916, 0.194441199303, 0.189736306667, 0.182621136308, 0.19440408051, 0.192145571113, 0.159800335765, 0.136854887009, 0.154196992517, 0.195874392986, 0.237821429968, 0.250024557114, 0.200282931328, 0.132922917604, 0.115081876516, 0.151208773255, 0.21504996717, 0.211733281612, 0.162455022335, 0.155806854367, 0.167267024517, 0.143960699439, 0.139138057828, 0.161300629377, 0.187777683139, 0.228149369359, 0.235952660441, 0.265078723431, 0.244295418262], "median": [0.0298381205648, 0.0450473353267, 0.151536375284, 0.227752238512, 0.155440181494, 0.0751890465617, 0.0583832114935, 0.0558278039098, 0.0475372411311, 0.0462404303253, 0.0436292141676, 0.0527901984751, 0.0601186007261, 0.0405896902084, 0.0334823429585, 0.0337073281407, 0.0413494519889, 0.0970694720745, 0.119909822941, 0.0570229031146, 0.0102184507996, 0.0078808683902, 0.022179948166, 0.0822309330106, 0.10795982182, 0.0486059337854, 0.0352697707713, 0.0418873950839, 0.032368041575, 0.0230191815645, 0.0253710504621, 0.0263528302312, 0.0533340722322, 0.0748095884919, 0.0567822940648, 0.0323279313743], "min": [0, 0, 0, 0, 0, 0, 0, 0, 0, 0, 0, 0, 0, 0, 0, 0, 0, 0, 0, 0, 0, 0, 0, 0, 0, 0, 0, 0, 0, 0, 0, 0, 0, 0, 0, 0], "dvar2": [0.140014484525, 0.158268794417, 0.16197027266, 0.143180310726, 0.152271270752, 0.141547843814, 0.141096845269, 0.107682280242, 0.0903336554766, 0.0871071442962, 0.0835816040635, 0.0852135941386, 0.0789203196764, 0.0731460601091, 0.0594720691442, 0.0703450217843, 0.0949313342571, 0.0976853221655, 0.108094878495, 0.0872309654951, 0.0697778016329, 0.0578316226602, 0.0662869066, 0.0941201224923, 0.0872753858566, 0.0638872534037, 0.0687676519156, 0.0711606070399, 0.0654120892286, 0.07026771456, 0.0909564197063, 0.100900053978, 0.11825312674, 0.105571120977, 0.14368532598, 0.132951006293], "dvar": [0.0509238950908, 0.0581538788974, 0.0626153126359, 0.0593043938279, 0.0558586120605, 0.052688844502, 0.0548947192729, 0.0386766530573, 0.0313401408494, 0.0315251089633, 0.0308183766901, 0.0310438349843, 0.0298293028027, 0.0266167148948, 0.0217124000192, 0.0254950113595, 0.0340990647674, 0.0381198450923, 0.0436267703772, 0.0331187546253, 0.0243972577155, 0.0208794530481, 0.0243782512844, 0.0356589518487, 0.0352729782462, 0.0229390542954, 0.0255392249674, 0.0284753199667, 0.0235362108797, 0.0243101604283, 0.0315431579947, 0.0349749438465, 0.0411628521979, 0.0428583323956, 0.0509704835713, 0.0480864942074], "dmean": [0.142172813416, 0.176468148828, 0.21019089222, 0.204970389605, 0.210217356682, 0.175029426813, 0.154830366373, 0.132372573018, 0.107042714953, 0.10606328398, 0.102663218975, 0.110630139709, 0.109937548637, 0.0908138006926, 0.0769723802805, 0.0864253416657, 0.110233969986, 0.139756917953, 0.147789433599, 0.118708573282, 0.0717922970653, 0.0626136884093, 0.084379196167, 0.12660010159, 0.127734467387, 0.0936031714082, 0.0893510133028, 0.0970758572221, 0.0809514001012, 0.0758272632957, 0.0875042974949, 0.102359451354, 0.130076810718, 0.138782039285, 0.148428857327, 0.136774837971], "max": [1, 1, 1, 1, 1, 1, 1, 1, 1, 1, 1, 1, 1, 1, 1, 1, 1, 1, 1, 1, 1, 1, 1, 1, 1, 1, 1, 1, 1, 1, 1, 1, 1, 1, 1, 1], "var": [0.0435843169689, 0.0571678802371, 0.106788232923, 0.132552564144, 0.074119836092, 0.0728032514453, 0.0993279218674, 0.0477918870747, 0.0269673485309, 0.0289736296982, 0.0275363102555, 0.0313853845, 0.0347776152194, 0.024332549423, 0.018446398899, 0.0232499465346, 0.0323735959828, 0.0780508890748, 0.104919545352, 0.0429225414991, 0.0257456079125, 0.0540902689099, 0.0488964468241, 0.0820453092456, 0.0772399529815, 0.0273360721767, 0.0347072929144, 0.0464623086154, 0.0207530166954, 0.017405603081, 0.0230658594519, 0.0278102550656, 0.0581019483507, 0.0952573418617, 0.0622501187027, 0.0432874970138], "mean": [0.118283860385, 0.160477802157, 0.30349317193, 0.37958958745, 0.258430480957, 0.202402248979, 0.221564471722, 0.153003007174, 0.107427932322, 0.108910083771, 0.103116355836, 0.119526557624, 0.128294110298, 0.0946112573147, 0.0782068148255, 0.087573826313, 0.109957009554, 0.225665584207, 0.275985687971, 0.146399721503, 0.0744556337595, 0.0925939753652, 0.113858833909, 0.215118065476, 0.228616327047, 0.113505005836, 0.113902747631, 0.135620817542, 0.0852059572935, 0.0672077685595, 0.0777295008302, 0.0883472189307, 0.166253909469, 0.227938070893, 0.175322070718, 0.121614664793]}, "tuning_equal_tempered_deviation": 0.0179857667536, "chords_changes_rate": 0.0554128438234, "key_key": "D#", "tuning_diatonic_strength": 0.604995369911, "key_scale": "minor", "chords_number_rate": 0.00440366985276, "tuning_frequency": 440.763122559, "tuning_nontempered_energy_ratio": 0.70937281847, "chords_histogram": [12.7339448929, 2.42201828957, 21.9082565308, 2.53210997581, 0, 4.73394489288, 0, 8, 0, 11.2293577194, 0.513761460781, 0, 0.660550475121, 0, 0.0733944922686, 0.0733944922686, 0, 0, 0, 1.68807339668, 1.06422019005, 3.66972470284, 15.9266052246, 12.7706422806], "key_strength": 0.75699877739, "chords_key": "A#", "chords_strength": {"dmean2": 0.0108596747741, "median": 0.531735360622, "min": -1, "dvar2": 0.00146004220005, "dvar": 0.000779908674303, "dmean": 0.011549256742, "max": 0.779275596142, "var": 0.0524766594172, "mean": 0.491476297379}, "chords_scale": "minor", "hpcp_entropy": {"dmean2": 1.02712833881, "median": 2.15407538414, "min": 0, "dvar2": 0.78269803524, "dvar": 0.279485374689, "dmean": 0.606450021267, "max": 4.22333240509, "var": 0.577556967735, "mean": 2.10429883003}}, "metadata": {"audio_properties": {"equal_loudness": 0, "codec": "flac", "downmix": "mix", "analysis_sample_rate": 44100, "bit_rate": 0, "md5_encoded": "b54f7107370cde226d6a497d7a43f51b", "length": 126.493331909, "replay_gain": -14.8561306, "lossless": true}, "version": {"essentia_build_sha": "50a0fbec89d6a9cedea3d45b6611406f7e8c7b1a", "essentia": "2.1-beta1", "extractor": "music 1.0", "essentia_git_sha": "v2.1_beta1-7-ge0e83e8-dirty"}, "tags": {"title": ["\u7b54\u3048\u3066\u6b32\u3057\u3044\u3093\u3060"], "catalogue_number": ["HKCN-50003"], "albumartist": ["\u30cf\u30ed\u30fc! \u30d7\u30ed\u30b8\u30a7\u30af\u30c8"], "date": ["2002-07-17"], "file_name": "36.flac", "tracktotal": ["38"], "musicbrainz_releasegroupid": ["0a0b5c36-f780-342b-98ec-d0832b96aa23"], "disctotal": ["1"], "musicbrainz_recordingid": ["0349f920-c7ef-4173-926d-d7678e58c668"], "musicbrainz_workid": ["04dfd6de-47c4-4fbc-bd8e-c2ff24381a43"], "musicbrainz_albumartistid": ["670fda82-b7cf-47fd-b94d-9b4bab4bd9b7"], "musicbrainz_albumid": ["0133395e-2702-4d15-ae46-8b966fb299cc"], "artist": ["\u5f8c\u85e4\u771f\u5e0c"], "tracknumber": ["36"], "musicip_puid": ["d82b142e-2726-1ce9-1fd7-6570bc3e5aeb"], "album": ["\u30e2\u30fc\u30cb\u30f3\u30b0\u5a18\u3002\u306e\u30df\u30e5\u30fc\u30b8\u30ab\u30eb \u30e2\u30fc\u30cb\u30f3\u30b0\u30fb\u30bf\u30a6\u30f3 \u30aa\u30ea\u30b8\u30ca\u30eb\u30ad\u30e3\u30b9\u30c8\u76e4"], "totaltracks": ["38"], "totaldiscs": ["1"], "musicbrainz_artistid": ["678ba12a-e485-44c7-8eaf-25e61a78a61b"], "discnumber": ["1"]}}, "rhythm": {"bpm_histogram_first_peak_bpm": {"dmean2": 0, "median": 112, "min": 112, "dvar2": 0, "dvar": 0, "dmean": 0, "max": 112, "var": 0, "mean": 112}, "bpm": 111.905555725, "bpm_histogram_second_peak_spread": {"dmean2": 0, "median": 0.5, "min": 0.5, "dvar2": 0, "dvar": 0, "dmean": 0, "max": 0.5, "var": 0, "mean": 0.5}, "bpm_histogram_first_peak_weight": {"dmean2": 0, "median": 0.751072943211, "min": 0.751072943211, "dvar2": 0, "dvar": 0, "dmean": 0, "max": 0.751072943211, "var": 0, "mean": 0.751072943211}, "onset_rate": 4.45800733566, "beats_position": [0.510838985443, 1.04489791393, 1.57895684242, 2.11301589012, 2.6470746994, 3.1811337471, 3.7151927948, 4.2492518425, 4.78331041336, 5.31736946106, 5.86303853989, 6.40870714188, 6.94276618958, 7.47682523727, 8.01088428497, 8.54494285583, 9.07900238037, 9.61306095123, 10.1471195221, 10.6927890778, 11.2384576797, 11.7725172043, 12.3065757751, 12.840634346, 13.3746938705, 13.9087524414, 14.4428119659, 14.9768705368, 15.5109291077, 16.0449886322, 16.5790481567, 17.1131057739, 17.6471652985, 18.181224823, 18.7268924713, 19.272562027, 19.8066215515, 20.3406791687, 20.8747386932, 21.4087982178, 21.942855835, 22.4769153595, 22.9993648529, 23.5218143463, 24.0674819946, 24.6131515503, 25.1472110748, 25.681268692, 26.2153282166, 26.7609977722, 27.2834453583, 27.8175048828, 28.3631744385, 28.9088420868, 29.4429016113, 29.9769611359, 30.5110206604, 31.0450782776, 31.5791378021, 32.1131973267, 32.6472549438, 33.1813163757, 33.7269821167, 34.2610435486, 34.7951011658, 35.3407707214, 35.8748283386, 36.4088897705, 36.9429473877, 37.4770050049, 38.0110664368, 38.545124054, 39.0791816711, 39.613243103, 40.1473007202, 40.6813583374, 41.2154197693, 41.7494773865, 42.2951469421, 42.8408164978, 43.374874115, 43.9089317322, 44.4429931641, 44.9770507812, 45.5111083984, 46.0451698303, 46.5792274475, 47.1132888794, 47.6473464966, 48.1814041138, 48.7154655457, 49.2495231628, 49.78358078, 50.3176422119, 50.8633079529, 51.3973693848, 51.9430389404, 52.4770965576, 53.0227661133, 53.5568237305, 54.0792732239, 54.6133308411, 55.1473922729, 55.6814498901, 56.2155075073, 56.7495689392, 57.2836265564, 57.8176841736, 58.3633537292, 58.9090232849, 59.4430847168, 59.977142334, 60.5111999512, 61.0452613831, 61.5793190002, 62.1133766174, 62.6474380493, 63.1814956665, 63.7155532837, 64.2496109009, 64.7836685181, 65.3177337646, 65.8517913818, 66.3974609375, 66.9431304932, 67.4771881104, 68.0112457275, 68.5453033447, 69.0793609619, 69.6134262085, 70.1474838257, 70.6815414429, 71.2155990601, 71.7496566772, 72.2837142944, 72.8293838501, 73.3634490967, 73.9091110229, 74.4431762695, 74.9772338867, 75.5112915039, 76.0453491211, 76.5794067383, 77.1134643555, 77.6475296021, 78.1931991577, 78.7272567749, 79.2497024536, 79.7837600708, 80.3294296265, 80.8750991821, 81.4091567993, 81.9432220459, 82.4772796631, 83.0113372803, 83.5453948975, 84.0794525146, 84.6135101318, 85.1475753784, 85.6816329956, 86.2156906128, 86.74974823, 87.2838058472, 87.8178634644, 88.36353302, 88.9092025757, 89.4432601929, 89.9773254395, 90.5113830566, 91.0454406738, 91.579498291, 92.1135559082, 92.6476211548, 93.181678772, 93.7157363892, 94.2497940063, 94.7838516235, 95.3179092407, 95.8519744873, 96.3976364136, 96.9433059692, 97.4773712158, 98.011428833, 98.5454864502, 99.0795440674, 99.6136016846, 100.147659302, 100.681724548, 101.215782166, 101.749839783, 102.2838974, 102.829566956, 103.375236511, 103.909294128, 104.443351746, 104.977409363, 105.511474609, 106.045532227, 106.579589844, 107.113647461, 107.647705078, 108.181770325, 108.715827942, 109.249885559, 109.783943176, 110.318000793, 110.852058411, 111.397727966, 111.943397522, 112.477455139, 113.011520386, 113.545578003, 114.07963562, 114.613693237, 115.147750854, 115.681808472, 116.227478027, 116.773147583, 117.330429077, 117.876098633, 118.421768188, 118.990653992, 119.559547424, 120.128433228, 120.720542908, 121.312652588, 121.904762268, 122.48526001, 123.07736969, 123.599815369, 124.157096863, 124.702766418, 125.260040283, 125.817321777], "beats_loudness": {"dmean2": 0.015949273482, "median": 0.0235589779913, "min": 0, "dvar2": 0.000189850208699, "dvar": 6.72824971844e-05, "dmean": 0.0095144873485, "max": 0.0594521537423, "var": 0.00017315254081, "mean": 0.0237867627293}, "danceability": 1.14205360413, "bpm_histogram_second_peak_weight": {"dmean2": 0, "median": 0.0171673819423, "min": 0.0171673819423, "dvar2": 0, "dvar": 0, "dmean": 0, "max": 0.0171673819423, "var": 0, "mean": 0.0171673819423}, "beats_count": 234, "bpm_histogram_second_peak_bpm": {"dmean2": 0, "median": 101, "min": 101, "dvar2": 0, "dvar": 0, "dmean": 0, "max": 101, "var": 0, "mean": 101}, "bpm_histogram_first_peak_spread": {"dmean2": 0, "median": 0.222222179174, "min": 0.222222179174, "dvar2": 0, "dvar": 0, "dmean": 0, "max": 0.222222179174, "var": 0, "mean": 0.222222179174}, "beats_loudness_band_ratio": {"dmean2": [0.307017892599, 0.265826940536, 0.192679926753, 0.145799249411, 0.120105840266, 0.236930072308], "median": [0.255015432835, 0.188704937696, 0.0612099543214, 0.0557193644345, 0.0898013114929, 0.156736314297], "min": [0, 0, 0, 0, 0, 0], "dvar2": [0.0710433647037, 0.0572000481188, 0.0470946058631, 0.0312320105731, 0.0211436524987, 0.039801158011], "dvar": [0.0232817400247, 0.0198501739651, 0.0176869872957, 0.0112519888207, 0.00762489577755, 0.0126015283167], "dmean": [0.168325215578, 0.152974739671, 0.108552254736, 0.0825583487749, 0.0731499940157, 0.129629135132], "max": [0.983310222626, 0.830836474895, 0.786140203476, 0.669065833092, 0.59860175848, 0.836341500282], "var": [0.0431397855282, 0.0310855600983, 0.0173868611455, 0.0105527881533, 0.00874563120306, 0.0147080617025], "mean": [0.294555991888, 0.229926377535, 0.113015308976, 0.0896814838052, 0.110473878682, 0.174307391047]}}, "lowlevel": {"barkbands_spread": {"dmean2": 10.8297624588, "median": 35.1989212036, "min": 2.18323659897, "dvar2": 125.326385498, "dvar": 59.7139358521, "dmean": 7.0178027153, "max": 104.907173157, "var": 297.558624268, "mean": 37.0951919556}, "melbands_spread": {"dmean2": 16.1381645203, "median": 33.9843711853, "min": 1.75051116943, "dvar2": 331.877716064, "dvar": 146.575286865, "dmean": 10.2265377045, "max": 203.008728027, "var": 738.802612305, "mean": 39.1546134949}, "hfc": {"dmean2": 12.6687355042, "median": 16.1247520447, "min": 1.07418508144e-16, "dvar2": 491.704772949, "dvar": 239.507919312, "dmean": 9.1686372757, "max": 206.968261719, "var": 642.082519531, "mean": 24.2877578735}, "barkbands_kurtosis": {"dmean2": 2.69006919861, "median": -0.0043833553791, "min": -1.89876711369, "dvar2": 24.9942131042, "dvar": 10.697558403, "dmean": 1.68265891075, "max": 73.9792022705, "var": 26.1224002838, "mean": 1.68813121319}, "gfcc": {"mean": [-19.6853103638, 51.5830879211, -99.6566314697, 36.6621017456, -46.0854949951, 8.20958042145, -33.4935722351, 10.4070949554, -26.9104824066, -3.22019195557, -19.4875793457, -3.38429021835, -8.47114753723], "icov": [[7.14129273547e-05, 2.80298609141e-05, 0.000162778727827, -0.000157316637342, 0.000144528254168, -0.000225734940614, 0.000286194874207, -0.000431269145338, 0.000400901306421, -0.000471151666716, 0.000381483900128, -0.000334607117111, 0.00025025481591], [2.80298609141e-05, 0.00153059780132, 0.000896705314517, -0.00100387609564, -0.0004607058072, 0.000295528123388, -0.000383504433557, 0.000314962788252, 0.000306985632051, -2.30550303968e-05, -0.00134635274298, 0.000462910538772, -0.000136643138831], [0.000162778727827, 0.000896705314517, 0.00264698313549, -0.00019532594888, -0.000996088259853, -0.000922962382901, 0.00025409652153, 0.000610146496911, 0.000383308419259, -0.000737704453059, 0.000421699864091, -0.00260699051432, 0.00148337718565], [-0.000157316637342, -0.00100387609564, -0.00019532594888, 0.00539628509432, -0.000642571598291, -0.0011957695242, 0.00131858163513, -0.00125111604575, -0.00182125775609, 0.00126216688659, 0.000190389720956, -0.00227806717157, -0.00124954036437], [0.000144528254168, -0.0004607058072, -0.000996088259853, -0.000642571598291, 0.00608273874968, -0.000501091883052, -0.00114252767526, -0.00188445323147, -0.00141638203058, -0.000431491062045, 0.00158043811098, -0.000817121821456, -0.00213212007657], [-0.000225734940614, 0.000295528123388, -0.000922962382901, -0.0011957695242, -0.000501091883052, 0.00791075825691, -0.00320833362639, 0.000736748916097, -0.000640514888801, 0.000294296885841, -0.000544840760995, 0.0030301080551, 0.000338338519214], [0.000286194874207, -0.000383504433557, 0.00025409652153, 0.00131858163513, -0.00114252767526, -0.00320833362639, 0.0102578261867, -0.0046481215395, 0.000957902928349, -0.00167343579233, -0.00244223559275, 0.00171713961754, 0.00046683155233], [-0.000431269145338, 0.000314962788252, 0.000610146496911, -0.00125111604575, -0.00188445323147, 0.000736748916097, -0.0046481215395, 0.0154255079105, -0.00575335044414, 0.00314299645834, -0.0012578072492, 0.00135952921119, -0.000876973150298], [0.000400901306421, 0.000306985632051, 0.000383308419259, -0.00182125775609, -0.00141638203058, -0.000640514888801, 0.000957902928349, -0.00575335044414, 0.0114694796503, -0.00745306489989, 0.00232853018679, -0.00383558729663, 0.00326560740359], [-0.000471151666716, -2.30550303968e-05, -0.000737704453059, 0.00126216688659, -0.000431491062045, 0.000294296885841, -0.00167343579233, 0.00314299645834, -0.00745306489989, 0.0234037414193, -0.00984006375074, 0.00603952072561, -0.00371423061006], [0.000381483900128, -0.00134635274298, 0.000421699864091, 0.000190389720956, 0.00158043811098, -0.000544840760995, -0.00244223559275, -0.0012578072492, 0.00232853018679, -0.00984006375074, 0.0199595503509, -0.00828069075942, 0.00210719974712], [-0.000334607117111, 0.000462910538772, -0.00260699051432, -0.00227806717157, -0.000817121821456, 0.0030301080551, 0.00171713961754, 0.00135952921119, -0.00383558729663, 0.00603952072561, -0.00828069075942, 0.0204681586474, -0.00380649487488], [0.00025025481591, -0.000136643138831, 0.00148337718565, -0.00124954036437, -0.00213212007657, 0.000338338519214, 0.00046683155233, -0.000876973150298, 0.00326560740359, -0.00371423061006, 0.00210719974712, -0.00380649487488, 0.0161510761827]], "cov": [[44137.2539062, 291.016784668, -2861.3059082, 1174.41174316, -1574.10437012, 354.773620605, -1227.24267578, 443.726135254, -971.752502441, -63.3921585083, -672.534973145, -37.5288009644, -222.639312744], [291.016784668, 1180.26721191, -470.928985596, 210.505432129, 65.279586792, -15.0615530014, 80.6419525146, 66.2322463989, 23.4914455414, 41.09633255, 91.4579544067, -23.9473838806, 62.3374290466], [-2861.3059082, -470.928985596, 893.876098633, -55.1321411133, 194.469894409, 39.4994392395, 42.0959472656, -42.4427375793, 111.57673645, 0.746026158333, 23.5786075592, 97.9891204834, -27.0587177277], [1174.41174316, 210.505432129, -55.1321411133, 364.652557373, 83.5752868652, 42.8308982849, -25.699848175, 88.8389282227, 89.2575912476, 7.97406578064, 2.60507488251, 62.391040802, 30.7124328613], [-1574.10437012, 65.279586792, 194.469894409, 83.5752868652, 343.188964844, 42.033164978, 106.732963562, 76.6745605469, 148.986587524, 29.8700447083, 30.8507442474, 39.5196418762, 41.0842399597], [354.773620605, -15.0615530014, 39.4994392395, 42.8308982849, 42.033164978, 183.584396362, 66.0566329956, 37.18176651, 30.0396366119, 17.607749939, 1.72954487801, -18.4331550598, -10.7205209732], [-1227.24267578, 80.6419525146, 42.0959472656, -25.699848175, 106.732963562, 66.0566329956, 211.177825928, 58.0992851257, 67.4833831787, 36.3411102295, 51.052444458, -22.7310943604, 6.29505825043], [443.726135254, 66.2322463989, -42.4427375793, 88.8389282227, 76.6745605469, 37.18176651, 58.0992851257, 138.366073608, 86.0897674561, 19.6052970886, 9.49705028534, 9.35147094727, 7.69976186752], [-971.752502441, 23.4914455414, 111.57673645, 89.2575912476, 148.986587524, 30.0396366119, 67.4833831787, 86.0897674561, 227.640335083, 52.4253082275, 35.0901947021, 40.0854873657, 4.57455015182], [-63.3921585083, 41.09633255, 0.746026158333, 7.97406578064, 29.8700447083, 17.607749939, 36.3411102295, 19.6052970886, 52.4253082275, 75.3823852539, 36.7658462524, -3.04957413673, 6.68687391281], [-672.534973145, 91.4579544067, 23.5786075592, 2.60507488251, 30.8507442474, 1.72954487801, 51.052444458, 9.49705028534, 35.0901947021, 36.7658462524, 95.4660568237, 21.8233032227, 6.35497951508], [-37.5288009644, -23.9473838806, 97.9891204834, 62.391040802, 39.5196418762, -18.4331550598, -22.7310943604, 9.35147094727, 40.0854873657, -3.04957413673, 21.8233032227, 93.5271987915, 13.3631410599], [-222.639312744, 62.3374290466, -27.0587177277, 30.7124328613, 41.0842399597, -10.7205209732, 6.29505825043, 7.69976186752, 4.57455015182, 6.68687391281, 6.35497951508, 13.3631410599, 79.5711746216]]}, "spectral_energyband_middle_low": {"dmean2": 0.00486744614318, "median": 0.004808540456, "min": 1.71111755843e-22, "dvar2": 5.56054947083e-05, "dvar": 2.3489303203e-05, "dmean": 0.00312418793328, "max": 0.063473045826, "var": 4.0143590013e-05, "mean": 0.00656193913892}, "melbands_crest": {"dmean2": 4.99184894562, "median": 12.0289859772, "min": 1.55322384834, "dvar2": 21.9317417145, "dvar": 8.20543479919, "dmean": 3.01018881798, "max": 39.1240272522, "var": 24.0311508179, "mean": 12.7220487595}, "spectral_kurtosis": {"dmean2": 1.31258893013, "median": 3.16959404945, "min": -1.26545596123, "dvar2": 1.99150824547, "dvar": 0.725110828876, "dmean": 0.806945323944, "max": 11.1866016388, "var": 2.7339322567, "mean": 3.23492479324}, "spectral_rms": {"dmean2": 0.00102913659066, "median": 0.00375053123571, "min": 3.1132704921e-12, "dvar2": 1.41442012591e-06, "dvar": 6.59636270939e-07, "dmean": 0.000686211511493, "max": 0.00975288823247, "var": 2.66993993137e-06, "mean": 0.00378776155412}, "zerocrossingrate": {"dmean2": 0.0162814501673, "median": 0.087890625, "min": 0, "dvar2": 0.000295342266327, "dvar": 0.000250619545113, "dmean": 0.0140992105007, "max": 0.52587890625, "var": 0.00626091659069, "mean": 0.106210894883}, "silence_rate_60dB": {"dmean2": 0.038920506835, "median": 0, "min": 0, "dvar2": 0.0443820171058, "dvar": 0.0190781187266, "dmean": 0.0194566808641, "max": 1, "var": 0.0795730054379, "mean": 0.0871719568968}, "erbbands_kurtosis": {"dmean2": 1.04826295376, "median": -0.372775882483, "min": -1.70026302338, "dvar2": 2.3242919445, "dvar": 1.03153538704, "dmean": 0.670635521412, "max": 17.275396347, "var": 2.42919063568, "mean": -0.00641908124089}, "erbbands": {"dmean2": [0.104690566659, 0.626880705357, 2.22053050995, 3.46645879745, 5.33513450623, 13.248670578, 6.75013494492, 8.08673381805, 6.00235939026, 9.48457622528, 20.4743652344, 19.8777217865, 17.1817493439, 14.705031395, 9.26609420776, 17.5617275238, 14.8046169281, 12.2403011322, 15.4978055954, 20.2956237793, 22.6411056519, 24.4473648071, 23.2018222809, 21.5514659882, 17.6823043823, 17.4571704865, 14.3017559052, 10.1673746109, 10.0076503754, 7.23590898514, 6.16477394104, 4.4194560051, 3.02244400978, 1.85840165615, 1.40736985207, 0.476971685886, 0.154927253723, 0.0452184639871, 0.00653592823073, 0.000373742193915], "median": [0.0561506077647, 0.419563770294, 1.42858183384, 2.09720754623, 3.06496286392, 5.03844547272, 3.51839637756, 3.05664467812, 2.06894016266, 2.21492409706, 4.78439331055, 6.74257850647, 5.10329198837, 5.64489269257, 4.31181955338, 4.85231590271, 4.39921236038, 5.00053977966, 7.77095127106, 11.5185670853, 16.579410553, 10.3612861633, 11.8050165176, 13.8983001709, 10.5496759415, 9.68023586273, 8.53008747101, 4.61584997177, 2.56685352325, 1.9260764122, 1.89808058739, 1.82348144054, 1.36082613468, 0.630118370056, 0.393103510141, 0.140777558088, 0.0435704365373, 0.00974089559168, 0.00134481559508, 0.000107759136881], "min": [7.12158886556e-23, 7.16740792641e-22, 8.43671465787e-22, 4.63738534809e-21, 2.08300638009e-20, 2.01155930092e-20, 3.7306084733e-20, 7.58381545315e-20, 8.45381364839e-20, 2.1130079301e-19, 2.3648447478e-19, 2.49802470383e-19, 6.50218503688e-19, 6.91872579301e-19, 7.1984513928e-19, 1.046130978e-18, 1.77628227072e-18, 2.12551503021e-18, 2.14391917845e-18, 2.48219220842e-18, 4.19239743065e-18, 3.34412205812e-18, 4.62409389336e-18, 6.26164225892e-18, 6.28299137694e-18, 7.25785557529e-18, 8.53592654948e-18, 9.78284259308e-18, 1.13664773943e-17, 1.10045651968e-17, 1.02422371986e-17, 9.79698407283e-18, 8.84010981204e-18, 9.01214600866e-18, 5.6923964137e-18, 4.27887171907e-18, 2.38377012323e-18, 9.11572473778e-19, 2.4868603505e-19, 2.87989327985e-20], "dvar2": [0.047317635268, 1.08531248569, 13.1417980194, 27.9003486633, 89.2992095947, 544.891296387, 167.036010742, 684.718200684, 443.448425293, 933.068115234, 5105.06347656, 4361.58691406, 8483.98632812, 1357.09643555, 1063.56433105, 2800.34790039, 2314.88476562, 2125.86572266, 1706.79663086, 2172.0546875, 2024.54577637, 8043.74609375, 5240.5234375, 2603.09912109, 1116.11706543, 1328.30029297, 782.116943359, 517.467285156, 926.242492676, 329.907989502, 206.722442627, 94.5860900879, 37.9562911987, 19.0620689392, 16.0537395477, 1.05672967434, 0.115956440568, 0.0140288528055, 0.000238187974901, 7.42828319744e-07], "dvar": [0.018076768145, 0.403523266315, 4.64105558395, 10.0199565887, 34.2577323914, 221.866577148, 77.3934860229, 286.760925293, 168.797592163, 347.071014404, 1958.21472168, 1882.92993164, 3343.89501953, 625.087158203, 482.508117676, 1240.80285645, 892.893371582, 834.491271973, 670.43927002, 862.792663574, 900.437805176, 3689.21435547, 2202.50805664, 1103.82629395, 495.144958496, 600.623474121, 368.862701416, 239.375488281, 397.171813965, 152.330474854, 98.2432632446, 41.0814399719, 16.84217453, 8.94339370728, 6.93930244446, 0.492103755474, 0.0499670989811, 0.00603394163772, 0.000101763420389, 3.25276943158e-07], "dmean": [0.0610263943672, 0.368592858315, 1.27895104885, 1.98792815208, 3.22974610329, 8.1980266571, 4.33354282379, 5.05502414703, 3.51539230347, 5.6018204689, 12.6281042099, 12.9559640884, 10.9110040665, 9.81226062775, 6.19642448425, 11.3842134476, 9.19849491119, 7.64957332611, 9.64772796631, 12.6610994339, 14.4838628769, 15.8133420944, 14.7837352753, 13.7051315308, 11.272644043, 11.4616136551, 9.45582866669, 6.61783123016, 6.43528652191, 4.84940481186, 4.07462310791, 2.92425513268, 2.00176692009, 1.2494353056, 0.926406502724, 0.329354196787, 0.108027726412, 0.0315283834934, 0.00444990582764, 0.000260422384599], "max": [1.17981290817, 8.04708862305, 22.8897037506, 42.1941719055, 75.782409668, 190.599349976, 203.523696899, 357.169250488, 289.208496094, 462.484344482, 1031.2010498, 1117.33679199, 1863.35168457, 719.19909668, 732.788452148, 949.665588379, 837.172607422, 1270.49719238, 769.180297852, 736.684326172, 723.009643555, 2272.03881836, 1708.13464355, 760.862426758, 424.70703125, 803.190551758, 382.487548828, 341.163574219, 797.776367188, 349.787506104, 243.727966309, 137.577651978, 71.3021392822, 54.7414550781, 48.6196136475, 18.4050197601, 4.67435503006, 2.27634739876, 0.209885284305, 0.00969909317791], "var": [0.0162593219429, 0.421811878681, 4.71499443054, 10.8058347702, 35.7484169006, 278.829986572, 168.151489258, 395.782287598, 140.227798462, 318.673706055, 2216.68676758, 2914.0012207, 3502.93920898, 1806.80029297, 1157.94921875, 2683.99194336, 1353.59619141, 1418.10009766, 1163.85461426, 1670.05395508, 1900.35498047, 10473.0107422, 4742.18164062, 2111.55249023, 1390.02990723, 1488.69567871, 833.650695801, 387.64175415, 500.556884766, 259.392028809, 208.31060791, 83.1915512085, 41.3638839722, 18.0706214905, 9.63176059723, 0.836296856403, 0.0786375105381, 0.00887685548514, 0.000162520067533, 5.07065124111e-07], "mean": [0.0842929035425, 0.550750494003, 1.931833148, 2.96817374229, 4.81157827377, 10.8566246033, 8.1050453186, 8.14221668243, 4.58304023743, 6.69743871689, 17.8376369476, 21.8588008881, 16.7607593536, 19.9475746155, 12.2517051697, 19.8377914429, 14.8746204376, 12.7520713806, 18.1348438263, 24.4961261749, 29.1536483765, 31.743478775, 30.4933929443, 28.7368469238, 24.1192131042, 24.3720664978, 18.9505329132, 10.9208908081, 8.30802536011, 7.23683166504, 7.11868095398, 5.34435081482, 3.64932203293, 2.07686662674, 1.33075463772, 0.474143862724, 0.156925603747, 0.0444155670702, 0.00613667303696, 0.000373785383999]}, "spectral_strongpeak": {"dmean2": 0.954457581043, "median": 0.273352324963, "min": 0, "dvar2": 3.14639854431, "dvar": 1.27161490917, "dmean": 0.557099938393, "max": 14.6388635635, "var": 2.14519262314, "mean": 0.811360478401}, "spectral_energy": {"dmean2": 0.00977964606136, "median": 0.0144181456417, "min": 9.93476469757e-21, "dvar2": 0.000177414811333, "dvar": 7.94771985966e-05, "dmean": 0.00637630280107, "max": 0.0974968075752, "var": 0.000182365969522, "mean": 0.017442503944}, "average_loudness": 0.876989305019, "spectral_rolloff": {"dmean2": 1236.62341309, "median": 2325.5859375, "min": 21.533203125, "dvar2": 2442049.25, "dvar": 1203364.625, "dmean": 766.598632812, "max": 19745.9472656, "var": 10772072, "mean": 3033.25732422}, "spectral_centroid": {"dmean2": 457.624603271, "median": 1994.08447266, "min": 334.968658447, "dvar2": 228634.703125, "dvar": 107101.890625, "dmean": 291.980682373, "max": 12268.9179688, "var": 2526569.25, "mean": 2177.28686523}, "pitch_salience": {"dmean2": 0.104532510042, "median": 0.56252515316, "min": 0.0343287996948, "dvar2": 0.00887764152139, "dvar": 0.00341038918123, "dmean": 0.0640377774835, "max": 0.847677409649, "var": 0.0113094765693, "mean": 0.559041917324}, "spectral_energyband_middle_high": {"dmean2": 0.00224558426999, "median": 0.00277702556923, "min": 1.11389542808e-21, "dvar2": 1.58022121468e-05, "dvar": 7.7256008808e-06, "dmean": 0.00152979441918, "max": 0.0691759288311, "var": 3.07974005409e-05, "mean": 0.00465822126716}, "spectral_contrast_coeffs": {"dmean2": [0.0786687284708, 0.0768480300903, 0.0592265017331, 0.0518708229065, 0.0393868945539, 0.028955001384], "median": [-0.668653428555, -0.757128119469, -0.778528809547, -0.766803920269, -0.778370916843, -0.767669856548], "min": [-0.982924103737, -0.978395760059, -0.980242431164, -0.970733702183, -0.96809476614, -0.965307831764], "dvar2": [0.00446718372405, 0.00432484783232, 0.002485582605, 0.00180318753701, 0.0011017707875, 0.000628368055914], "dvar": [0.00169290055055, 0.00173816282768, 0.00105067598633, 0.000745539553463, 0.000492984079756, 0.00026929093292], "dmean": [0.0478390939534, 0.0470393747091, 0.0372624322772, 0.0326796993613, 0.0250420067459, 0.0183547046036], "max": [-0.256393522024, -0.468070536852, -0.474338501692, -0.526037693024, -0.576142251492, -0.629347801208], "var": [0.0108267525211, 0.00619768025354, 0.00548241846263, 0.0042732055299, 0.00345118367113, 0.00216135755181], "mean": [-0.659250259399, -0.751390755177, -0.769386529922, -0.763190865517, -0.772555112839, -0.769863247871]}, "melbands_skewness": {"dmean2": 1.05669951439, "median": 2.4300661087, "min": -0.389145374298, "dvar2": 1.16980648041, "dvar": 0.50524866581, "dmean": 0.67990219593, "max": 11.0373945236, "var": 2.3001511097, "mean": 2.6312558651}, "spectral_spread": {"dmean2": 894209.3125, "median": 5371498, "min": 2292490.25, "dvar2": 1426942590980.0, "dvar": 750217134080, "dmean": 637302.9375, "max": 43389092, "var": 34212438605800.0, "mean": 6393734.5}, "dissonance": {"dmean2": 0.0199465882033, "median": 0.479974716902, "min": 0.300457030535, "dvar2": 0.000378278375138, "dvar": 0.000141148615512, "dmean": 0.0120092490688, "max": 0.500000059605, "var": 0.000339303631335, "mean": 0.475459814072}, "spectral_skewness": {"dmean2": 0.221937909722, "median": 1.31924712658, "min": -0.106140963733, "dvar2": 0.0426633656025, "dvar": 0.0183994024992, "dmean": 0.141698792577, "max": 2.28738260269, "var": 0.108544260263, "mean": 1.28681743145}, "spectral_flux": {"dmean2": 0.0325362831354, "median": 0.0645735189319, "min": 6.33125982197e-11, "dvar2": 0.0013016210869, "dvar": 0.000606907065958, "dmean": 0.0210486501455, "max": 0.34935644269, "var": 0.00180103862658, "mean": 0.0709862709045}, "spectral_contrast_valleys": {"dmean2": [0.642579674721, 0.675743639469, 0.550729990005, 0.504302918911, 0.437571704388, 0.450800538063], "median": [-7.01251554489, -7.09638309479, -7.62446832657, -7.79061174393, -7.24024915695, -9.63397407532], "min": [-28.1217193604, -28.0857563019, -27.7949085236, -27.7506790161, -27.4710979462, -27.4156227112], "dvar2": [0.363365054131, 0.413698107004, 0.265357911587, 0.250868886709, 0.221341922879, 0.300748020411], "dvar": [0.165598124266, 0.180825769901, 0.130147337914, 0.132649466395, 0.126108840108, 0.17523856461], "dmean": [0.391261577606, 0.412839204073, 0.352465301752, 0.335399657488, 0.298374056816, 0.348426580429], "max": [-5.52822542191, -4.87245893478, -5.60894441605, -6.00869464874, -5.443171978, -7.57972002029], "var": [11.7010383606, 11.4823045731, 10.8352279663, 10.7374982834, 11.3994045258, 9.62872028351], "mean": [-7.88814306259, -7.68343400955, -8.22009754181, -8.44646549225, -7.94310379028, -10.2580890656]}, "erbbands_flatness_db": {"dmean2": 0.0228302069008, "median": 0.110991150141, "min": 0.0334119945765, "dvar2": 0.000485265016323, "dvar": 0.00026067282306, "dmean": 0.0159150157124, "max": 0.28582239151, "var": 0.00141640368383, "mean": 0.118669092655}, "spectral_energyband_high": {"dmean2": 0.00113710272126, "median": 0.000853474950418, "min": 6.96451744543e-21, "dvar2": 4.95334734296e-06, "dvar": 2.43364229391e-06, "dmean": 0.000815114181023, "max": 0.0322994180024, "var": 5.49516926185e-06, "mean": 0.00169478694443}, "spectral_entropy": {"dmean2": 0.214678019285, "median": 7.82705116272, "min": 6.06992578506, "dvar2": 0.0518335029483, "dvar": 0.0266487766057, "dmean": 0.148765265942, "max": 9.82671833038, "var": 0.239312112331, "mean": 7.8528547287}, "silence_rate_20dB": {"dmean2": 0, "median": 1, "min": 1, "dvar2": 0, "dvar": 0, "dmean": 0, "max": 1, "var": 0, "mean": 1}, "melbands_flatness_db": {"dmean2": 0.0362118929625, "median": 0.147945478559, "min": 0.0031572682783, "dvar2": 0.00120897893794, "dvar": 0.000524772563949, "dmean": 0.0228828303516, "max": 0.412949770689, "var": 0.00336728664115, "mean": 0.153573334217}, "barkbands": {"dmean2": [0.000229998797295, 0.00298413913697, 0.00226121861488, 0.00117615947966, 0.00284953531809, 0.000925301574171, 0.000450234860182, 0.000800157431513, 0.000985683291219, 0.000460095820017, 0.000349229871063, 0.000471227598609, 0.000317403289955, 0.000285246846033, 0.000399633252528, 0.000421398086473, 0.000427586463047, 0.000437229173258, 0.000418212439399, 0.000387665902963, 0.000313144177198, 0.000275840546237, 0.000223741430091, 0.000183056108654, 0.000168363738339, 9.20924503589e-05, 3.88283806387e-05], "median": [4.20003598265e-05, 0.00191775569692, 0.00136814883444, 0.000588801049162, 0.00130041211378, 0.000399304874009, 0.000130455737235, 0.000135695954668, 0.000346163695212, 0.000103650272649, 0.000116590759717, 0.000126513288706, 7.25568606867e-05, 9.85609658528e-05, 0.000160051640705, 0.000240033914451, 0.000164426470292, 0.000228817007155, 0.000235268555116, 0.0002193350374, 0.000151608517626, 6.65735424263e-05, 6.55342446407e-05, 8.85036788532e-05, 5.46299452253e-05, 2.69670963462e-05, 8.02531667432e-06], "min": [1.13495057786e-25, 1.44168698746e-24, 8.4511714017e-25, 1.47372213579e-24, 7.06415632067e-24, 6.01790311828e-24, 8.16607904271e-24, 6.41323760549e-24, 1.08424498024e-23, 1.34263763193e-23, 8.82870642588e-24, 2.18398681743e-23, 3.1888083351e-23, 3.39198892757e-23, 3.16892904029e-23, 4.3251157685e-23, 4.34797001556e-23, 8.06736808878e-23, 1.18073948747e-22, 1.55014651486e-22, 2.02675342838e-22, 2.85193159641e-22, 3.52581545672e-22, 5.65456506604e-22, 8.0895179146e-22, 1.35360938076e-21, 2.00839533507e-21], "dvar2": [2.57695660366e-07, 2.92639706458e-05, 1.3502967704e-05, 3.37208189194e-06, 2.47017887887e-05, 5.99453323957e-06, 2.30389446187e-06, 9.18066325539e-06, 9.23404513742e-06, 5.52267738385e-06, 1.21778589346e-06, 1.68009603385e-06, 1.1337599517e-06, 1.14346062219e-06, 9.29616987833e-07, 6.99372151303e-07, 1.77139895641e-06, 1.84979705864e-06, 7.78298954174e-07, 5.42586349184e-07, 3.64413182297e-07, 5.93847062191e-07, 2.84353006919e-07, 1.25791743244e-07, 1.78127763206e-07, 4.03557613993e-08, 8.3550624197e-09], "dvar": [9.81734729066e-08, 1.09923103082e-05, 4.73333830087e-06, 1.22600556551e-06, 9.93769117485e-06, 2.5502824883e-06, 8.21874664325e-07, 3.4489285099e-06, 3.92295532947e-06, 2.13087264456e-06, 5.55806593638e-07, 8.08129527741e-07, 4.44333636551e-07, 4.38095696609e-07, 3.84498406447e-07, 3.10375611434e-07, 8.34569732433e-07, 7.42468046155e-07, 3.42625867233e-07, 2.50284102776e-07, 1.71119310721e-07, 2.57496992617e-07, 1.37480142826e-07, 5.68983047344e-08, 8.33156690305e-08, 1.78906454096e-08, 3.69531760747e-09], "dmean": [0.000131770299049, 0.00175321788993, 0.00130410667043, 0.000676278956234, 0.00176314334385, 0.0005859634839, 0.00026013966999, 0.000475649954751, 0.000643009901978, 0.000295923702652, 0.000233434242546, 0.000307996931951, 0.00019413777045, 0.000176808040123, 0.000250487588346, 0.000268234696705, 0.000275695783785, 0.000274675374385, 0.000264885136858, 0.000253273552516, 0.000202632538276, 0.000176133064087, 0.000149245723151, 0.000122386147268, 0.000114647278679, 6.43659659545e-05, 2.69741849479e-05], "max": [0.00293297157623, 0.0353068672121, 0.025834755972, 0.0124204531312, 0.0423807874322, 0.0314786918461, 0.0239246413112, 0.045743022114, 0.0387137643993, 0.0586970150471, 0.0308284945786, 0.0298376865685, 0.0176332592964, 0.0250216256827, 0.0140629159287, 0.0135493818671, 0.0323493741453, 0.0310131479055, 0.012826400809, 0.0143200224265, 0.00886568147689, 0.0192426368594, 0.0089857224375, 0.00423227250576, 0.00580311659724, 0.00256501859985, 0.00103441660758], "var": [8.39911820094e-08, 1.07873838715e-05, 4.76677814731e-06, 1.38414964113e-06, 1.223954132e-05, 3.82957432521e-06, 6.4519042553e-07, 3.32668219016e-06, 5.95712890572e-06, 2.44848706643e-06, 1.09592997433e-06, 2.23495862883e-06, 5.81995493576e-07, 6.11891323388e-07, 8.98352766399e-07, 6.63938465095e-07, 2.53479697676e-06, 1.28203555505e-06, 7.32786418212e-07, 6.61371302613e-07, 3.2259961813e-07, 3.46648164395e-07, 2.76683806533e-07, 1.39027022783e-07, 1.52373416995e-07, 2.913339614e-08, 6.1614113811e-09], "mean": [0.000140889911563, 0.00255957012996, 0.00188574695494, 0.000973864574917, 0.00250300997868, 0.00101542577613, 0.000319757382385, 0.000551407632884, 0.00110068148933, 0.000429204577813, 0.000435551308328, 0.000535490689799, 0.000267278868705, 0.00026528572198, 0.000457882211776, 0.000488842022605, 0.000528984994162, 0.000550921773538, 0.00051578541752, 0.000529640237801, 0.000354691990651, 0.000228194316151, 0.000254913029494, 0.000230549107073, 0.000183992829989, 9.46429208852e-05, 3.76330754079e-05]}, "erbbands_skewness": {"dmean2": 0.459406793118, "median": -0.296470463276, "min": -3.83565616608, "dvar2": 0.203510776162, "dvar": 0.0917552635074, "dmean": 0.301310688257, "max": 3.05411744118, "var": 0.493012696505, "mean": -0.278746962547}, "erbbands_spread": {"dmean2": 13.4105920792, "median": 44.9357719421, "min": 8.673828125, "dvar2": 171.137451172, "dvar": 75.1522521973, "dmean": 8.7504491806, "max": 120.895431519, "var": 299.436981201, "mean": 47.2540130615}, "melbands_kurtosis": {"dmean2": 9.01485729218, "median": 6.16270685196, "min": -1.76868903637, "dvar2": 191.686553955, "dvar": 81.5088882446, "dmean": 5.68701982498, "max": 144.110244751, "var": 208.877548218, "mean": 10.8229055405}, "melbands": {"dmean2": [0.000862801680341, 0.000982706202194, 0.000574619916733, 0.000730350147933, 0.000275497994153, 0.000175118242623, 9.19997837627e-05, 0.000116338080261, 0.000180668663234, 0.000126277911477, 8.75680852914e-05, 6.04045053478e-05, 3.58782344847e-05, 3.69815970771e-05, 5.74081095692e-05, 2.92931435979e-05, 2.37291915255e-05, 2.48323249252e-05, 3.7662928662e-05, 3.10568611894e-05, 2.75722777587e-05, 3.0449435144e-05, 1.96830133063e-05, 2.03136787604e-05, 1.93159121409e-05, 1.63196746144e-05, 1.38349687404e-05, 1.26544673549e-05, 9.94238416752e-06, 8.51524146128e-06, 5.43399801245e-06, 5.41930285181e-06, 6.53297456665e-06, 3.89603155782e-06, 3.67607913176e-06, 3.96300220018e-06, 2.6416273613e-06, 2.42463420363e-06, 1.85586441148e-06, 1.57738759299e-06], "median": [0.00053272920195, 0.000721809978131, 0.000414876354625, 0.000302411732264, 0.000158708193339, 7.0652582508e-05, 3.10905961669e-05, 2.2179001