{"tonal": {"thpcp": [1, 0.82684391737, 0.602680742741, 0.548379361629, 0.492588967085, 0.482750892639, 0.596768498421, 0.593666017056, 0.49464315176, 0.495072484016, 0.48200327158, 0.48106649518, 0.546086668968, 0.574054121971, 0.576717495918, 0.635236263275, 0.645394742489, 0.63109266758, 0.62114149332, 0.57395607233, 0.587080597878, 0.609799206257, 0.522015094757, 0.444111198187, 0.442311584949, 0.446585148573, 0.460746943951, 0.466458559036, 0.48553660512, 0.698122024536, 0.780652523041, 0.609968721867, 0.563382685184, 0.583322405815, 0.600011527538, 0.799278736115], "hpcp": {"dmean2": [0.269802212715, 0.233312308788, 0.224589213729, 0.219237029552, 0.21541492641, 0.228044524789, 0.236053362489, 0.246343389153, 0.272624850273, 0.265008866787, 0.289866328239, 0.296203076839, 0.295843541622, 0.313938975334, 0.338903993368, 0.3318580091, 0.355975836515, 0.323555439711, 0.290072768927, 0.257581710815, 0.235280409455, 0.28162753582, 0.280811548233, 0.244740322232, 0.262372821569, 0.254070907831, 0.241411283612, 0.279310911894, 0.288168489933, 0.276450306177, 0.303252220154, 0.31044793129, 0.312994778156, 0.319248259068, 0.304707914591, 0.290851354599], "median": [0.0528604537249, 0.0467488393188, 0.0377457737923, 0.0332621634007, 0.0374170206487, 0.0410585328937, 0.0409040041268, 0.0530782006681, 0.071316421032, 0.0728125944734, 0.0770830065012, 0.0475175268948, 0.0535683631897, 0.0586065761745, 0.111196219921, 0.129009410739, 0.13229213655, 0.0632646307349, 0.0459799617529, 0.0429467968643, 0.0463763065636, 0.0530485659838, 0.0556590668857, 0.0484688915312, 0.0367435067892, 0.0339443944395, 0.0397721715271, 0.0436807498336, 0.0519630536437, 0.0549848303199, 0.0574299767613, 0.0662989243865, 0.0598741136491, 0.056231752038, 0.0469869747758, 0.0530613809824], "min": [0, 0, 0, 0, 0, 0, 0, 0, 0, 0, 0, 0, 0, 0, 0, 0, 0, 0, 0, 0, 0, 0, 0, 0, 0, 0, 0, 0, 0, 0, 0, 0, 0, 0, 0, 0], "dvar2": [0.124174155295, 0.102591097355, 0.105496786535, 0.101586155593, 0.0963636860251, 0.11052749306, 0.117231838405, 0.114156797528, 0.123565591872, 0.121992908418, 0.141343072057, 0.15660341084, 0.142382472754, 0.149743884802, 0.154444798827, 0.152985662222, 0.159302994609, 0.165472865105, 0.15278467536, 0.126685068011, 0.107982672751, 0.140417769551, 0.137355387211, 0.113496422768, 0.136023804545, 0.129328981042, 0.116950899363, 0.143177524209, 0.139849111438, 0.127608865499, 0.147707596421, 0.145862489939, 0.150782451034, 0.163876712322, 0.149202719331, 0.142086833715], "dvar": [0.0484972670674, 0.0384829752147, 0.0390578843653, 0.0386679172516, 0.0368257537484, 0.041103746742, 0.0433612018824, 0.0421996451914, 0.0471344590187, 0.0491164773703, 0.0514116957784, 0.05808538571, 0.0540830232203, 0.0556822828948, 0.0581010691822, 0.0628438070416, 0.060415558517, 0.060787152499, 0.058064866811, 0.048169054091, 0.0403266251087, 0.0545151531696, 0.0543637275696, 0.0426704883575, 0.0509355515242, 0.0492311455309, 0.0435689613223, 0.0532421544194, 0.0530538596213, 0.0479964539409, 0.0558113232255, 0.0556067116559, 0.056149084121, 0.0603379383683, 0.0560047179461, 0.0553948655725], "dmean": [0.157553434372, 0.136042848229, 0.128689721227, 0.126224651933, 0.125032126904, 0.131402760744, 0.134594872594, 0.140181064606, 0.156934693456, 0.153446659446, 0.16500416398, 0.167354926467, 0.168104961514, 0.178018376231, 0.194794565439, 0.192389979959, 0.205639019608, 0.183620482683, 0.166079908609, 0.147966459394, 0.135724157095, 0.16468706727, 0.163299560547, 0.139488890767, 0.148642018437, 0.144350364804, 0.139144852757, 0.160015150905, 0.165654376149, 0.158959031105, 0.171805739403, 0.176194190979, 0.179030716419, 0.182377487421, 0.173123329878, 0.166835337877], "max": [1, 1, 1, 1, 1, 1, 1, 1, 1, 1, 1, 1, 1, 1, 1, 1, 1, 1, 1, 1, 1, 1, 1, 1, 1, 1, 1, 1, 1, 1, 1, 1, 1, 1, 1, 1], "var": [0.0666208937764, 0.0503421425819, 0.0425950102508, 0.043662969023, 0.0423439256847, 0.0442632474005, 0.0462656207383, 0.0456706173718, 0.0756393969059, 0.100532777607, 0.0545085482299, 0.0626597255468, 0.0601163320243, 0.0612909197807, 0.0754389688373, 0.118724867702, 0.0741637200117, 0.0634008944035, 0.0614025183022, 0.0507417134941, 0.0442469194531, 0.067905202508, 0.0663952976465, 0.047484677285, 0.0539175271988, 0.0534533225, 0.0481213033199, 0.0578519627452, 0.0600195080042, 0.0584295466542, 0.0730155706406, 0.0695547014475, 0.064819842577, 0.0663258880377, 0.0616799518466, 0.0620449669659], "mean": [0.17846930027, 0.152777612209, 0.129977568984, 0.12945087254, 0.130701616406, 0.134846329689, 0.136517941952, 0.142101496458, 0.204318657517, 0.22847276926, 0.178518921137, 0.164884626865, 0.170720368624, 0.175604760647, 0.233924075961, 0.292668968439, 0.241991564631, 0.176385954022, 0.160493627191, 0.144165500998, 0.141286209226, 0.174655616283, 0.173747614026, 0.144766703248, 0.144892349839, 0.141067400575, 0.14079323411, 0.159822627902, 0.168007820845, 0.168787315488, 0.185913935304, 0.188887014985, 0.184701234102, 0.18178884685, 0.167979136109, 0.171820268035]}, "tuning_equal_tempered_deviation": 0.163728147745, "chords_changes_rate": 0.174108326435, "key_key": "G", "tuning_diatonic_strength": 0.58385258913, "key_scale": "major", "chords_number_rate": 0.005019815173, "tuning_frequency": 455.779724121, "tuning_nontempered_energy_ratio": 0.855446994305, "chords_histogram": [20.4491405487, 8.61294555664, 8.45442581177, 1.69088506699, 1.45310437679, 6.44649934769, 1.71730518341, 0.528401613235, 0.713342130184, 0.792602360249, 2.98546886444, 1.2153236866, 2.4306473732, 3.30251002312, 6.55217981339, 5.91809797287, 0.686922073364, 10.6208715439, 1.00396299362, 1.63804495335, 0.105680316687, 1.74372518063, 7.74108314514, 3.19682955742], "key_strength": 0.608250439167, "chords_key": "G", "chords_strength": {"dmean2": 0.0236732624471, "median": 0.427341729403, "min": 0.219879418612, "dvar2": 0.000403166923206, "dvar": 0.000217565204366, "dmean": 0.0181190837175, "max": 0.705714702606, "var": 0.00719725340605, "mean": 0.43194013834}, "chords_scale": "major", "hpcp_entropy": {"dmean2": 1.42142260075, "median": 2.45051717758, "min": 0, "dvar2": 1.1858561039, "dvar": 0.480559289455, "dmean": 0.862681269646, "max": 4.85999202728, "var": 0.989544928074, "mean": 2.51765751839}}, "metadata": {"audio_properties": {"equal_loudness": 0, "codec": "mp3", "downmix": "mix", "sample_rate": 44100, "analysis_sample_rate": 44100, "bit_rate": 320048, "md5_encoded": "7f4422484eef118a99a281a719987566", "length": 175.699584961, "replay_gain": -14.0522193909, "lossless": false}, "version": {"essentia_build_sha": "2d9f1f26377add8aeb1075a9c2973f962c4f09fd", "essentia": "2.1-beta2", "extractor": "music 1.0", "essentia_git_sha": "v2.1_beta2-1-ge3940c0"}, "tags": {"title": ["Advanced Communications"], "language": ["eng"], "media": ["(CD)"], "albumartist": ["Atmosphere"], "length": ["175653"], "musicbrainz_recordingid": ["03499cb9-7bba-42ae-b494-db2bc4088586"], "encoding": ["LAME 32bits version 3.98.2 (http://www.mp3dev.org/)"], "musicbrainz_albumartistid": ["ef954679-5ee7-4016-acef-7ac71f2fa3d8"], "discnumber": ["01/02"], "album": ["Headshots: Se7en"], "catalognumber": ["0053-2"], "musicbrainz album release country": ["US"], "musicbrainz album type": ["Album"], "musicbrainz album status": ["Official"], "file_name": "1-15 Advanced Communications.mp3", "acoustid_fingerprint": ["AQADtFEuKspC5BNufOnRLnmQujhxyLeEkAdX4chD-D_0DDGmNYFj5UKPksGHP-hPxE2G7jm0_IiPO0dDHufR57g6D5OPT5kFZzrChkhwZg947UN_NCUuPAt75NUMN7rwCocjJoe-Izt-1Md90AuaEadu5B6hFvs3hDn-jfj2oGnwI_4KLUp2hNSwX7gSoz-abSee4VfR7B3afPhsXB7CWdByncgnXLmIplfwwLmOG2Gu5JBjIQ8-DbXToo8cJPsQRj-u5LgWWnhumDviQyePPDfxRDkecWg2XEwemNESKch5aFmDazviW-ikK3Akox9yTkgu7MejLB2mf0GTHs8R6RqhK0V44aEpVIp0wzcmj8E1JHtQ_UeeRNmFa2GOozeDxjmuG59OxLqEKjqH5lKg2PzwQ6OPtGlKmGOHSlLwfGiuGHUzfEeeXnAXPYGmo0k6HSFPNNyJ3GOgo050NFWkUMGPP8E_Q4-PPDrK7EnhZxX6HTGhPcd0H7kiPDv-oz7yUYNKFc3z4dGJTwkd1LrwwtBI5niQK7qE6XWC5sWVo_7xI3yOnoKWG1d24kuWFFqKUu5x53iiJMcD3ahOIkwWZbnRUMfk45LFoXFj1CKixlDPCNGV5DjaExVF4Qx-B67DKMgrGopf_AjDbJkQqiF05HxQSVqeET8uwU_wODnCKKSTCHpyIT125cJTw2ex40kRJmJHeMmhPTKeIDIZ3DneD_8QSmygP7iUD0-FNOaLfjmiT9AnopSzIf1Rcsaz7Kh8WOWGECpPNE6NMlk5jCqsHWeSg08kQXs-MPmRZ3hWXNJxHVazBjmeuNCzYIoS5oMjoWfweJhS0dBI5ojHGf9GvNENV1SR4xd1aPnRZ8bJPfidDQ1HQpxEhHuSoz_8XOj7Ykr0oY2yUfiaHvXQPDq-aBt-NOHyY09ueJSOPwXFRccZbLnwI1mYMEZMMTea55jWqygPhzb6HPUmVObBzFFIpGeJkskhLiNyptgf4tuOcEyPpseZBZ9yQUvEo6lSqjiD5ykq5RyaR0mF6_jxB9dWlP2hJfhFFbE4WUJD6cKFJ3iO70J_xKIUPA1qboWnXEGOP0a_HH1CEk6W44uPXIKeCDlzTHVEPA-q5XiYcA9yHVp25Bf-os6FpguR5xhlW5DFZ7h6POHR1Bn0I90XfFV6NMl23FnxmBqDSmSMJmkiIYdyJkWeGT_R9kij6gmoZNlRm7gRZjpaJTx-4Tp6ovmDK0qK5DryCO_xF41YTGeO7xX-ozlJlOKGxgV8D5WPMJJCLkKyM7ikHD-adyif48SPZM8SpD9cx8T0xMP9o5tZMMmDHz2noPEUI7RtaMkZ5LqHJtKpGM-Ndye64-K2Il8iJOqjyeh7wRUzkbhjGOeiHE3CLAku6EwEL0878DwuHcP0KBd-VHkONnuQL7mhxUmkIxd8Df7RX8F3PERvMHmMcvrR9sLbonsK6jlyUDm-tYOdL9C24yOq7QjzLMRuVYiboNYOWWOIdwhTSR6-xsKjBOHCB00f3Cv6TMSUZ0Ms0kOePAsu9GgeQe-R_8U6HtUWpMaDJCee4slxtsd5nDr-JPiDLGehL0ceU-Dbw5eO58MnBaMY5UY-ozfRVDye0CGuE032Ht50VOTxwdcDnWGQX7jhkTG-Zgi7JWiq5Hjq4gh1w73Q53iP54afBWeP89j24yc2_cgPfbugXTmuF6EkB3k-zMwTaK2QJU-OS1FwPVgTvMePPwp-vCfSI_mGKxFmHr-G6qAupUK3DeqL6_gNLx_-oHGN8AyS5UGFi8fB6B9cLbHQJxF-4VZuxHMgh1Kh52Ay8WgT6YLOH-FXWMaT48eYPnCd4w2OUD-ROIpW4YmkHL8e9PCPWsc7F0kzRQhz9LiOZxk1_Apqy0KyPESew8cVPsJjD_2xhQmDWolw4leO38a1JRzxHOd0IewOLbmOnOHwJDkaRUc_vKh4os7wL5gSH-GROJmXBpcuPD-qw_mLXkqF3DqSH_9hHn9wzUjrHMlRHc0yn1jDnNiPo6mWoE6yA7-Gp5dxhsR9VFKUH2G4QbeOPAuP5qhzYX_wkMcTh2icC_WHRFcnIs-HH1dy9BdcMTGRKPqOfBd4nAaTh0aZ2PjcJMGVQ_kxJYfVF2XzgQ11nBL63KC65eiPf8OdHHlyLgjF5Gh6sP3x0QhpBclSReCYCD-e4XeCH8-LU_AvJEZE0VqEJ8nxozd8pugjCcmLPDqe6BIc5VHwhzii2Uh2NMelF88tVIf_4UmUotbxvGCt4nmCygyanoiT6VAlKTey-Gge_Di-48nq4Q4O5j7C9EPyqC3-hKBvodmN8A50JQ_y4IevBdeShcNzK8HaKwhjJFlH9MePhw8q8jhhSzIYi8clI4duhXjWEXWKpvuQ_Sl6GVMmLcGZJKiS6_CNP0d_1GngKhOHI1k-IlaPiyyurUav4djeo1ehi8Z5PNnhJTqY51PQ_EgehPlRSsezFA8_MIIvHbWiBNeKJ7iIT2GI0Ecj9VDo6Apyr0JT1NGP-cZz4UxRccOXT-iD5DrS_GDzDFeS41Ri9EyFphtVPDnOBs2YpQg9aGq0o6ly4XiMZNlT1OCYBA_uB290ItR6QqyC_sKlB1J-pM02otSDnIc-3cijoGmmoNSPMxeuPMXxPXh04T6aI9kTjcie4QmuJBhfVOnRPEMuJOeHi_Cy9BF-fEHCH9EJ_7jCY81xVBQPWxlqEeeO68F75JEYoommsYZ25Uce3pjswNZQfce_oNp-eD96f8HkkQivdUHy45mHKwlx7kd3NC9x54OOKwrKHQ2jRPg37PhSNLkM60j2I5aUHI_0oT6-ZIM_XOgZAEEJAMY5I9kCRiDCDXHCEACkIAARBBgAQhEAAGCACEAQZcJoSgASwAAhAAMIMCQIQU4RYogThEBCBACGGgCFIYQIQhADBhgBBAAMGCCUIMQQI5gTRggkhFBCGMSQAAIQAMAgzCCjABBSGqAIQUIApwQSnEDDDJAEAGUQEUQwYAgigAEEhEBAGCMFEFQBwJgRiAEkiAHAMAGMMJg4A8AgggCAEVECKIQAUUiYARQzC1JmBCHQECQEJQQQBQwxwFigGAJEKAKMMo4aQZwRgAAGBABUAECIUIYAIgQiQAjGmBBCAUGIl84AgQwEThiqEBEQEWIAA4IBwBByxBlABCGIMmmMAkCiAwQRCACLlHDCAWKUk4AhBIUABgllFBBKGXEUUQJIygCByBjAEAOCOOAEEQwABQwTgCKDhDHICkAAEMYgLAAAgBGgDCACAAcAAgAQBQgAjiAjCIBEECGIIQoJQAABTBkggFNAAEIMAUAgIBAGSAgBgDhUIQIAQQQQZwBQhAhAmDAAAMCIEYAKCwgCgDqDLHJKOKUQYAIRAAAAkBEABBDAIGIYIEggC5RxQhgxgVLKAsIcUcwZAYQkQwBkCIAAAYCAIYowJKgbggigAFbIAKIIJUwgJQEQAhEKBCNCIAeAFUAZyawAjiBGDCJAGCCAQQIIQ5FSAAEAjIGAACIYEgIAoAhgQglCmCDKEAIIMIAoghgiCEBglCAAICUMEMQBoZQBhjgCkEPIAGWIRMwBQhAATiHFBDMIAIKAElQAoIQAQmEGHEBkEEKIAIgRgKQCgAAhJLEECcY4BIQQZIASlhGghEpEAAcCIAhQIIwAwCClAAEIAC4JMEIIIhRRTBiNBBGCGCAQg4aYMTwhAgBAkEAMCSSEUoIIAKhwCAEjFiGEGmEMIYAZDgwCAiDnCgVAGAEEIIQ4ICAhQgAgICAEGAABIBgh4rgzSFBBAGICQQ"], "date": ["2005"], "genre": ["Summer song"], "musicbrainz_releasegroupid": ["9617e05a-3a4a-3883-a30a-90ddacf5ddef"], "musicbrainz_artistid": ["ef954679-5ee7-4016-acef-7ac71f2fa3d8"], "asin": ["B0006SSRXS"], "musicbrainz_albumid": ["3bb7c16e-4279-41ab-a94b-9ee6aac69e35"], "artist": ["Atmosphere"], "artistsort": ["Atmosphere"], "tracknumber": ["15/21"], "label": ["Rhymesayers Entertainment"], "albumartistsort": ["Atmosphere"], "acoustid_id": ["2cc777cb-83ec-4be5-9ef5-1446e985d70a"], "script": ["Latin"]}}, "rhythm": {"bpm_histogram_first_peak_bpm": {"dmean2": 0, "median": 99, "min": 99, "dvar2": 0, "dvar": 0, "dmean": 0, "max": 99, "var": 0, "mean": 99}, "bpm": 100.833526611, "bpm_histogram_second_peak_spread": {"dmean2": 0, "median": 0.111111089587, "min": 0.111111089587, "dvar2": 0, "dvar": 0, "dmean": 0, "max": 0.111111089587, "var": 0, "mean": 0.111111089587}, "bpm_histogram_first_peak_weight": {"dmean2": 0, "median": 0.298701286316, "min": 0.298701286316, "dvar2": 0, "dvar": 0, "dmean": 0, "max": 0.298701286316, "var": 0, "mean": 0.298701286316}, "onset_rate": 4.82594156265, "beats_position": [0.46439909935, 0.952018141747, 1.43963718414, 1.92725622654, 2.40326523781, 2.87927436829, 3.39011335373, 3.90095233917, 4.41179132462, 4.87619018555, 5.32897949219, 5.78176879883, 6.2229475975, 6.66412687302, 7.10530614853, 7.55809497833, 8.01088428497, 8.45206356049, 8.90485286713, 9.47374153137, 10.0542402267, 10.623128891, 11.2036275864, 11.7725172043, 12.3530158997, 12.933514595, 13.5140132904, 14.0945119858, 14.6750106812, 15.2555103302, 15.8360090256, 16.4165077209, 16.9853973389, 17.5542850494, 18.1463947296, 18.7152824402, 19.2957820892, 19.8762817383, 20.45677948, 21.037279129, 21.6177768707, 22.1982765198, 22.7787742615, 23.3592739105, 23.9281635284, 24.5086612701, 25.0891609192, 25.6580486298, 26.2385482788, 26.8190479279, 27.3995456696, 27.9800453186, 28.5605430603, 29.1410427094, 29.7215423584, 30.3020401001, 30.8593196869, 31.4398174286, 32.0203170776, 32.5892066956, 33.1813163757, 33.7734222412, 34.3423118591, 34.9228096008, 35.5033111572, 36.0722007751, 36.6410865784, 37.2215881348, 37.8020858765, 38.3825836182, 38.9630813599, 39.5435829163, 40.124080658, 40.7045783997, 41.2734680176, 41.8423576355, 42.4228553772, 42.9917449951, 43.5838546753, 44.164352417, 44.7448501587, 45.3253517151, 45.9058494568, 46.4631271362, 47.0436286926, 47.6357345581, 48.204624176, 48.7851219177, 49.3656234741, 49.9461212158, 50.5266189575, 51.1071205139, 51.6876182556, 52.3145561218, 52.9531059265, 53.6148757935, 54.2650337219, 54.9151916504, 55.5885696411, 56.2503395081, 56.8888893127, 57.5390472412, 58.1775970459, 58.8161430359, 59.4663009644, 60.1280708313, 60.766620636, 61.3703384399, 61.9740562439, 62.5661659241, 63.169883728, 63.7619934082, 64.3657150269, 64.9694290161, 65.5731506348, 66.1768722534, 66.7805862427, 67.3726959229, 67.964805603, 68.5569152832, 69.1490249634, 69.7527389526, 70.3796844482, 70.9833984375, 71.5871200562, 72.1792297363, 72.7713394165, 73.3634490967, 73.9555511475, 74.5592727661, 75.1745986938, 75.766708374, 76.3704299927, 76.9625396729, 77.5778656006, 78.1699752808, 78.7736968994, 79.3890228271, 79.9927444458, 80.584854126, 81.1885681152, 81.7806777954, 82.3843994141, 82.9765090942, 83.5686187744, 84.1723327637, 84.7760543823, 85.3797683716, 85.9834899902, 86.5755996704, 87.1909255981, 87.7830352783, 88.3751449585, 88.9788665771, 89.5825805664, 90.1863021851, 90.7900238037, 91.3821334839, 91.9974594116, 92.5895690918, 93.181678772, 93.7853927612, 94.3891143799, 94.9928359985, 95.5965499878, 96.188659668, 96.8039855957, 97.3844909668, 97.976600647, 98.5919265747, 99.1956481934, 99.7877502441, 100.403083801, 100.995193481, 101.587303162, 102.179405212, 102.771514893, 103.38684845, 104.002174377, 104.605895996, 105.209609985, 105.801719666, 106.393829346, 106.997550964, 107.601264954, 108.204986572, 108.808708191, 109.389205933, 109.992919922, 110.596641541, 111.200363159, 111.792472839, 112.38457489, 112.988296509, 113.592018127, 114.195732117, 114.799453735, 115.391563416, 115.983673096, 116.575782776, 117.179496765, 117.783218384, 118.398544312, 118.990653992, 119.59437561, 120.186485291, 120.79019928, 121.38230896, 121.97441864, 122.578140259, 123.181854248, 123.785575867, 124.389297485, 124.981407166, 125.585121155, 126.177230835, 126.780952454, 127.384666443, 127.988388062, 128.580490112, 129.18421936, 129.776321411, 130.3800354, 130.97215271, 131.564254761, 132.167984009, 132.771697998, 133.375411987, 133.979141235, 134.571243286, 135.186569214, 135.778686523, 136.370788574, 136.974502563, 137.578231812, 138.181945801, 138.78565979, 139.3777771, 139.981491089, 140.573608398, 141.165710449, 141.769424438, 142.384765625, 142.976867676, 143.580581665, 144.172698975, 144.776412964, 145.368530273, 145.960632324, 146.564346313, 147.168075562, 147.771789551, 148.37550354, 148.96762085, 149.5597229, 150.16343689, 150.755554199, 151.359268188, 151.974594116, 152.566711426, 153.170425415, 153.762542725, 154.366256714, 154.946762085, 155.550476074, 156.038085938, 156.52571106, 157.013336182, 157.500946045, 157.96534729, 158.429748535, 158.870925903, 159.312103271, 159.730072021, 160.17124939, 160.612426758, 161.030380249, 161.436737061, 161.843078613, 162.307479858, 162.783493042, 163.259490967, 163.73550415, 164.223129272, 164.699142456, 165.186752319, 165.674377441, 166.161987305, 166.62638855, 167.090789795, 167.566802979, 168.019592285, 168.472381592, 168.925170898, 169.389572144, 169.807525635, 170.202270508, 170.597000122, 170.991744995, 171.409698486, 171.827667236, 172.222396851, 172.617141724, 173.011871338, 173.406616211, 173.801361084, 174.207702637, 174.614059448, 175.020401001], "beats_loudness": {"dmean2": 0.039520394057, "median": 0.0312843807042, "min": 4.55189272941e-08, "dvar2": 0.00112520763651, "dvar": 0.000352529488737, "dmean": 0.0219237394631, "max": 0.11061758548, "var": 0.000711330852937, "mean": 0.0354659333825}, "danceability": 1.37009966373, "bpm_histogram_second_peak_weight": {"dmean2": 0, "median": 0.0519480518997, "min": 0.0519480518997, "dvar2": 0, "dvar": 0, "dmean": 0, "max": 0.0519480518997, "var": 0, "mean": 0.0519480518997}, "beats_count": 309, "bpm_histogram_second_peak_bpm": {"dmean2": 0, "median": 105, "min": 105, "dvar2": 0, "dvar": 0, "dmean": 0, "max": 105, "var": 0, "mean": 105}, "bpm_histogram_first_peak_spread": {"dmean2": 0, "median": 0.572093009949, "min": 0.572093009949, "dvar2": 0, "dvar": 0, "dmean": 0, "max": 0.572093009949, "var": 0, "mean": 0.572093009949}, "beats_loudness_band_ratio": {"dmean2": [0.821595966816, 0.193672776222, 0.271545678377, 0.203941732645, 0.318642169237, 0.461713463068], "median": [0.114032924175, 0.0689771547914, 0.0653734952211, 0.0454179793596, 0.136467576027, 0.0627442002296], "min": [0.000111141329398, 0.00113865011372, 0.000256449478911, 0.000245173228905, 0.000833564554341, 0.000218251123442], "dvar2": [0.408773541451, 0.0315319262445, 0.0866566449404, 0.0414529964328, 0.0511979162693, 0.14906693995], "dvar": [0.122535616159, 0.0101718893275, 0.0299272630364, 0.0144552271813, 0.0180493462831, 0.0483503974974], "dmean": [0.425001084805, 0.10488255322, 0.153202190995, 0.110430516303, 0.171905040741, 0.236102119088], "max": [0.980858683586, 0.605178654194, 0.913733720779, 0.721012949944, 0.929756581783, 0.94847202301], "var": [0.141587778926, 0.00976717937738, 0.0415645800531, 0.0158488042653, 0.0270445067436, 0.0408977754414], "mean": [0.349320799112, 0.101258195937, 0.157116174698, 0.0956407412887, 0.167115211487, 0.166316196322]}}, "lowlevel": {"barkbands_spread": {"dmean2": 14.2223711014, "median": 19.4349899292, "min": 0.18846359849, "dvar2": 286.943725586, "dvar": 124.713783264, "dmean": 9.24554920197, "max": 134.961120605, "var": 321.386505127, "mean": 23.4609718323}, "melbands_spread": {"dmean2": 24.5740833282, "median": 24.1179733276, "min": 0.256585091352, "dvar2": 1250.79321289, "dvar": 579.470397949, "dmean": 16.3499031067, "max": 251.607589722, "var": 1552.45800781, "mean": 37.6219177246}, "hfc": {"dmean2": 14.3093166351, "median": 13.2708129883, "min": 1.13300159346e-16, "dvar2": 427.578735352, "dvar": 231.752685547, "dmean": 10.3373250961, "max": 264.921600342, "var": 527.242614746, "mean": 19.7666244507}, "barkbands_kurtosis": {"dmean2": 30.2010345459, "median": 1.06060743332, "min": -1.92845356464, "dvar2": 11613.5195313, "dvar": 5937.56396484, "dmean": 20.3078651428, "max": 1356.8572998, "var": 11620.1308594, "mean": 25.8712387085}, "gfcc": {"mean": [-61.8928146362, 70.3344497681, -130.110031128, 44.2711029053, -55.0366134644, 7.21217536926, -42.3168525696, 6.28540563583, -13.511554718, -9.54341411591, -4.56265544891, -6.26330280304, -9.13460445404], "icov": [[0.000439993280452, -0.000766834884416, 0.000950451067183, -0.00104357185774, 0.000941264908761, -0.000767357938457, 0.000955465598963, -0.00120318739209, 0.000490471546073, -0.000264450209215, 2.90937041427e-05, -3.00213650917e-05, 0.000267404568149], [-0.000766834884416, 0.0028480773326, -0.00258027715608, 0.00324399140663, -0.00229472341016, 0.00186462677084, -0.00199612486176, 0.00197857269086, -0.00158580997959, 0.00177693529986, -0.00235623284243, 0.00237593124621, -0.00189544481691], [0.000950451067183, -0.00258027715608, 0.00411988282576, -0.00404741708189, 0.00236359029077, -0.0021075156983, 0.00198753317818, -0.00250745750964, 0.00127328408416, -0.00143413688056, 0.000886001449544, -0.00195534154773, 0.00150175322779], [-0.00104357185774, 0.00324399140663, -0.00404741708189, 0.00525386165828, -0.00297221634537, 0.00141333241481, -0.00176381762139, 0.00260756839998, -0.00162534823176, 0.00258882949129, -0.00286983465776, 0.00354194291867, -0.00334948883392], [0.000941264908761, -0.00229472341016, 0.00236359029077, -0.00297221634537, 0.0044197649695, -0.00234501063824, 0.00185137463268, -0.00215803994797, 2.68169496849e-05, -0.00136657885741, 0.0014870534651, -0.00171133631375, 0.000958392280154], [-0.000767357938457, 0.00186462677084, -0.0021075156983, 0.00141333241481, -0.00234501063824, 0.00535191828385, -0.00452622957528, 0.00210675038397, 0.000525916169863, -0.00215156003833, 0.00171857059468, 0.000225944502745, -0.00074458232848], [0.000955465598963, -0.00199612486176, 0.00198753317818, -0.00176381762139, 0.00185137463268, -0.00452622957528, 0.00750768790022, -0.00426475098357, 5.29519468273e-08, 0.00340934167616, -0.00379573716782, 0.00170932675246, -4.41478950961e-05], [-0.00120318739209, 0.00197857269086, -0.00250745750964, 0.00260756839998, -0.00215803994797, 0.00210675038397, -0.00426475098357, 0.00856872927397, -0.00234245322645, -0.000835208164062, 0.00197766092606, -0.00239611486904, 0.000250049983151], [0.000490471546073, -0.00158580997959, 0.00127328408416, -0.00162534823176, 2.68169496849e-05, 0.000525916169863, 5.29519468273e-08, -0.00234245322645, 0.00699111726135, -0.00359812099487, 0.00048081818386, 8.70404473972e-05, -0.000825494644232], [-0.000264450209215, 0.00177693529986, -0.00143413688056, 0.00258882949129, -0.00136657885741, -0.00215156003833, 0.00340934167616, -0.000835208164062, -0.00359812099487, 0.012824524194, -0.00754796247929, 0.00360168237239, -0.00184095103759], [2.90937041427e-05, -0.00235623284243, 0.000886001449544, -0.00286983465776, 0.0014870534651, 0.00171857059468, -0.00379573716782, 0.00197766092606, 0.00048081818386, -0.00754796247929, 0.0184356272221, -0.00814386457205, 0.00539866602048], [-3.00213650917e-05, 0.00237593124621, -0.00195534154773, 0.00354194291867, -0.00171133631375, 0.000225944502745, 0.00170932675246, -0.00239611486904, 8.70404473972e-05, 0.00360168237239, -0.00814386457205, 0.0167014468461, -0.00886097270995], [0.000267404568149, -0.00189544481691, 0.00150175322779, -0.00334948883392, 0.000958392280154, -0.00074458232848, -4.41478950961e-05, 0.000250049983151, -0.000825494644232, -0.00184095103759, 0.00539866602048, -0.00886097270995, 0.0201713237911]], "cov": [[9073.87597656, -214.17640686, -646.204956055, 492.992126465, -983.447387695, 169.779403687, -338.391876221, 397.797637939, -318.916778564, 20.4366607666, -36.1877479553, -190.903747559, -48.4835586548], [-214.17640686, 2474.90332031, -100.928703308, -1066.06176758, 250.094650269, -424.848724365, 295.263641357, 46.1939506531, 356.87991333, -41.6664962769, 192.650680542, -39.8978843689, -19.8852062225], [-646.204956055, -100.928703308, 1714.92492676, 1454.51379395, 336.596099854, 587.802307129, 275.725860596, 65.1408309937, 53.9016876221, 45.4179801941, 87.216468811, -0.724003791809, 101.122634888], [492.992126465, -1066.06176758, 1454.51379395, 2219.86962891, 333.106384277, 757.782836914, 193.85383606, 20.5471000671, -51.4655418396, 19.9740829468, 21.1716442108, -64.9263381958, 131.458969116], [-983.447387695, 250.094650269, 336.596099854, 333.106384277, 697.655151367, 254.738723755, 177.378433228, 51.8020324707, 171.311019897, 58.0017166138, 32.2162437439, 20.473274231, 55.4687576294], [169.779403687, -424.848724365, 587.802307129, 757.782836914, 254.738723755, 771.525024414, 317.337280273, 84.4348831177, -35.0994796753, 55.2324371338, -1.88996589184, -21.7027854919, 50.497253418], [-338.391876221, 295.263641357, 275.725860596, 193.85383606, 177.378433228, 317.337280273, 497.487915039, 115.760169983, 78.2016906738, -37.5779953003, 69.3648300171, -20.1749038696, 19.1764507294], [397.797637939, 46.1939506531, 65.1408309937, 20.5471000671, 51.8020324707, 84.4348831177, 115.760169983, 251.866195679, 68.2312164307, 28.412776947, 10.0127124786, 30.3390789032, 11.4491739273], [-318.916778564, 356.87991333, 53.9016876221, -51.4655418396, 171.311019897, -35.0994796753, 78.2016906738, 68.2312164307, 282.783630371, 66.5598373413, 49.7453155518, 5.77974033356, 21.9665737152], [20.4366607666, -41.6664962769, 45.4179801941, 19.9740829468, 58.0017166138, 55.2324371338, -37.5779953003, 28.412776947, 66.5598373413, 151.672393799, 37.4169273376, 7.77602243423, 4.56568622589], [-36.1877479553, 192.650680542, 87.216468811, 21.1716442108, 32.2162437439, -1.88996589184, 69.3648300171, 10.0127124786, 49.7453155518, 37.4169273376, 112.891738892, 22.0870265961, -1.02905094624], [-190.903747559, -39.8978843689, -0.724003791809, -64.9263381958, 20.473274231, -21.7027854919, -20.1749038696, 30.3390789032, 5.77974033356, 7.77602243423, 22.0870265961, 112.953140259, 30.5138263702], [-48.4835586548, -19.8852062225, 101.122634888, 131.458969116, 55.4687576294, 50.497253418, 19.1764507294, 11.4491739273, 21.9665737152, 4.56568622589, -1.02905094624, 30.5138263702, 76.7738876343]]}, "spectral_energyband_middle_low": {"dmean2": 0.00878495629877, "median": 0.00336972298101, "min": 4.5671658728e-22, "dvar2": 0.000220425034058, "dvar": 9.25745407585e-05, "dmean": 0.00556724518538, "max": 0.10687405616, "var": 0.000126088954858, "mean": 0.00780686223879}, "melbands_crest": {"dmean2": 6.06511878967, "median": 13.7155780792, "min": 2.55460357666, "dvar2": 36.3684310913, "dvar": 15.2680664063, "dmean": 3.80085730553, "max": 38.8313293457, "var": 41.983215332, "mean": 14.4751052856}, "spectral_kurtosis": {"dmean2": 4.28811645508, "median": 3.38281011581, "min": -1.21818125248, "dvar2": 54.6586036682, "dvar": 19.348028183, "dmean": 2.61077928543, "max": 95.6572189331, "var": 52.370426178, "mean": 5.61242818832}, "spectral_rms": {"dmean2": 0.00144160934724, "median": 0.00392543338239, "min": 3.23400355974e-12, "dvar2": 2.75111733572e-06, "dvar": 1.41933207942e-06, "dmean": 0.0010329389479, "max": 0.0121293123811, "var": 6.76734543958e-06, "mean": 0.00422535045072}, "zerocrossingrate": {"dmean2": 0.0195544827729, "median": 0.06298828125, "min": 0.0029296875, "dvar2": 0.000562953937333, "dvar": 0.000528270436917, "dmean": 0.0184144042432, "max": 0.50732421875, "var": 0.00419025635347, "mean": 0.0808223560452}, "silence_rate_60dB": {"dmean2": 0.176579430699, "median": 0, "min": 0, "dvar2": 0.169450134039, "dvar": 0.0804825872183, "dmean": 0.0882780477405, "max": 1, "var": 0.144950121641, "mean": 0.175872087479}, "erbbands_kurtosis": {"dmean2": 3.06647825241, "median": 0.2633638978, "min": -1.92098546028, "dvar2": 29.0180873871, "dvar": 12.3207912445, "dmean": 1.93010735512, "max": 114.507110596, "var": 16.8381309509, "mean": 1.26688301563}, "erbbands": {"dmean2": [0.121957585216, 1.48976552486, 1.62099123001, 4.99230575562, 7.27972602844, 5.093313694, 4.2098197937, 17.8081798553, 47.0012016296, 38.7514915466, 31.58111763, 25.3105430603, 19.4543304443, 17.5350933075, 18.7081565857, 23.5202007294, 21.7740573883, 24.4204120636, 24.9684009552, 26.5758323669, 31.5845394135, 40.6462783813, 28.0067481995, 23.0675315857, 23.7470970154, 16.7593536377, 8.17220783234, 7.21282100677, 7.89912557602, 7.36034631729, 7.11531829834, 5.90972471237, 2.56463479996, 1.09802019596, 0.294440716505, 0.0479785092175, 0.00583586003631, 0.000571346608922, 7.32603730285e-05, 2.18002751353e-05], "median": [0.00241341814399, 0.0198225788772, 0.109222665429, 0.50624704361, 1.3588643074, 0.994887590408, 0.849540531635, 2.05695819855, 3.34988451004, 2.1228518486, 1.98545193672, 1.92781043053, 1.9165750742, 1.84287679195, 2.09861636162, 2.1140267849, 2.37546443939, 3.12300825119, 3.94454336166, 4.56502342224, 6.77332305908, 10.8258810043, 7.22408294678, 5.9558506012, 6.76683044434, 3.75055456161, 1.58550143242, 0.651602268219, 0.887787103653, 0.936111688614, 0.74465483427, 0.575100779533, 0.278353571892, 0.0983961969614, 0.0183099824935, 0.00255912588909, 0.000614540069364, 0.000219449037104, 7.47765880078e-05, 3.57945245923e-05], "min": [6.08114317826e-22, 3.83193801756e-21, 2.71811032297e-20, 1.17086821171e-19, 2.93697636769e-19, 1.15025823126e-19, 4.32181836778e-19, 4.39431945601e-19, 5.23095836188e-19, 7.39539379087e-19, 8.50451167738e-19, 4.28027668534e-18, 2.47267342752e-18, 1.45032771784e-18, 3.34618938926e-18, 2.984326409e-18, 3.78523307696e-18, 4.49737561378e-18, 1.2241147273e-17, 1.07418509799e-17, 8.85250676788e-18, 1.24123256833e-17, 1.79079755339e-17, 1.2098571941e-17, 1.04763293119e-17, 1.17115903807e-17, 2.18537511329e-17, 2.26138457434e-17, 1.24666449798e-17, 2.20713310669e-17, 2.41837419018e-17, 1.50241956167e-17, 1.18202132572e-17, 1.45852935837e-17, 8.90506830554e-18, 6.1973926592e-18, 3.45568887042e-18, 1.18844998733e-18, 3.13153648559e-19, 3.12252861797e-20], "dvar2": [0.106143280864, 18.8223190308, 21.8860778809, 342.03137207, 305.137756348, 236.108825684, 223.727111816, 2876.73706055, 19845.5605469, 13637.7490234, 6742.09667969, 5835.65527344, 3047.32666016, 2770.68823242, 3483.76416016, 4531.6796875, 3166.78979492, 6332.89404297, 3577.97973633, 3456.73510742, 4360.77929688, 6638.81787109, 3235.92578125, 2487.08422852, 2342.48364258, 978.618041992, 315.505737305, 316.853485107, 489.587982178, 318.78314209, 338.806060791, 363.253692627, 34.9345016479, 7.79074048996, 0.539514899254, 0.0167274754494, 0.000286353024421, 2.50102175414e-06, 2.03246059982e-08, 7.5048539605e-10], "dvar": [0.0462423786521, 8.6614484787, 11.1588125229, 120.236305237, 106.658508301, 94.9904098511, 92.6626052856, 1247.81970215, 8306.22460938, 5724.42431641, 3302.84521484, 2699.24023438, 1498.62976074, 1378.77294922, 1392.55358887, 1826.02148438, 1489.80358887, 2642.11645508, 1864.94372559, 1505.43310547, 2076.46508789, 3155.2355957, 1523.60925293, 1266.87316895, 1275.9901123, 496.354888916, 167.013717651, 166.669311523, 256.117095947, 170.659973145, 178.885238647, 163.724578857, 16.0455913544, 3.34349250793, 0.229593083262, 0.00710943667218, 0.000121644850879, 1.07169159946e-06, 9.16081255298e-09, 3.47250034283e-10], "dmean": [0.0830999910831, 1.03509092331, 1.15363013744, 2.80492091179, 4.24115657806, 3.16360878944, 2.64574050903, 11.1975269318, 29.396194458, 24.1190509796, 21.3736171722, 17.1991157532, 13.3677959442, 11.9722480774, 12.0062847137, 14.8542842865, 14.3446159363, 15.7809619904, 16.449886322, 17.0384063721, 21.065328598, 26.8360004425, 18.9101791382, 15.8170146942, 16.9060401917, 11.3177270889, 5.65408802032, 5.23575353622, 5.61345529556, 5.15180587769, 4.94837713242, 4.0435590744, 1.75607657433, 0.709268569946, 0.193159118295, 0.0316389128566, 0.00380775891244, 0.000379332719604, 4.99556190334e-05, 1.50025452967e-05], "max": [3.09380197525, 34.2754669189, 48.7395935059, 101.575241089, 88.4764175415, 259.611083984, 394.145446777, 896.266784668, 1546.10949707, 1362.81713867, 1076.95690918, 1123.31445313, 868.07409668, 1073.23852539, 1002.13043213, 1154.64868164, 977.043273926, 2809.05126953, 1800.9119873, 700.258544922, 932.825927734, 1587.85253906, 647.987670898, 385.59942627, 575.456604004, 353.513458252, 371.106140137, 310.982421875, 418.691192627, 495.373657227, 341.353363037, 441.328186035, 101.143547058, 70.5003814697, 10.5367803574, 1.19474482536, 0.183461859822, 0.0176088102162, 0.00150426477194, 0.000205341406399], "var": [0.150725871325, 31.9657096863, 26.610376358, 77.6180114746, 87.2212753296, 101.975639343, 104.061500549, 1322.84777832, 8698.0625, 5912.33886719, 4934.25439453, 4133.62597656, 2755.38916016, 2121.35913086, 1494.00097656, 2007.10986328, 2617.70751953, 3252.26538086, 3231.67358398, 1948.71838379, 3640.14746094, 5206.07421875, 2456.41870117, 2041.86962891, 2133.06030273, 863.286621094, 316.975250244, 281.776580811, 421.147491455, 390.219177246, 408.455963135, 264.842376709, 29.3074626923, 6.55266427994, 0.533541440964, 0.0179052837193, 0.000285138376057, 2.25499934459e-06, 2.12682991219e-08, 1.04410624591e-09], "mean": [0.201635912061, 2.77899289131, 2.38907456398, 2.67411828041, 4.5811457634, 3.79625821114, 3.21030116081, 11.9532375336, 30.3285541534, 24.2979602814, 24.9173183441, 20.9740123749, 18.035993576, 15.5590639114, 14.0663528442, 16.5493850708, 17.6755485535, 18.7481689453, 20.077539444, 19.8985824585, 28.7112541199, 36.8010826111, 24.9192371368, 21.2327899933, 22.4591407776, 14.829240799, 7.79434633255, 6.52846193314, 7.12458467484, 7.31189107895, 7.05667877197, 5.54578638077, 2.49671173096, 1.07951569557, 0.31460031867, 0.0547180809081, 0.00668734591454, 0.000740588002373, 0.000121916680655, 4.0769125917e-05]}, "spectral_strongpeak": {"dmean2": 0.920241236687, "median": 0.651320338249, "min": 0, "dvar2": 2.02325582504, "dvar": 0.834271252155, "dmean": 0.578665137291, "max": 12.5843849182, "var": 1.2511484623, "mean": 0.953702032566}, "spectral_energy": {"dmean2": 0.0148205356672, "median": 0.0157942585647, "min": 1.07202486218e-20, "dvar2": 0.000445154146291, "dvar": 0.000195936852833, "dmean": 0.00997718889266, "max": 0.150798216462, "var": 0.000669745262712, "mean": 0.0252364892513}, "average_loudness": 0.831710338593, "spectral_rolloff": {"dmean2": 1283.5447998, "median": 1765.72265625, "min": 43.06640625, "dvar2": 3242418, "dvar": 1691302.875, "dmean": 816.55090332, "max": 19853.6132813, "var": 5749716, "mean": 2364.8581543}, "spectral_centroid": {"dmean2": 640.985290527, "median": 1615.49975586, "min": 97.7918319702, "dvar2": 486542.84375, "dvar": 267423.59375, "dmean": 441.995361328, "max": 11786.1494141, "var": 992945, "mean": 1777.48974609}, "pitch_salience": {"dmean2": 0.133882299066, "median": 0.643661856651, "min": 0.0515806004405, "dvar2": 0.0159644708037, "dvar": 0.00736705306917, "dmean": 0.0855604410172, "max": 0.967089653015, "var": 0.0426660589874, "mean": 0.569983839989}, "spectral_energyband_middle_high": {"dmean2": 0.00385953229852, "median": 0.00220793113112, "min": 1.63129003499e-21, "dvar2": 3.02138414554e-05, "dvar": 1.62668202393e-05, "dmean": 0.00271530565806, "max": 0.0951679125428, "var": 3.5844714148e-05, "mean": 0.00449157366529}, "spectral_contrast_coeffs": {"dmean2": [0.0961992889643, 0.10752440244, 0.0743274614215, 0.0642542541027, 0.0526568330824, 0.0285087171942], "median": [-0.618061184883, -0.720977425575, -0.814201533794, -0.809757232666, -0.790468215942, -0.799209833145], "min": [-0.966509461403, -0.951285481453, -0.954042613506, -0.962982535362, -0.961450994015, -0.957057416439], "dvar2": [0.00695603620261, 0.0082034971565, 0.0042280824855, 0.00303106126375, 0.00226477230899, 0.000650120724458], "dvar": [0.00299755251035, 0.00425527384505, 0.00229668803513, 0.00160785519984, 0.00121376512107, 0.000341971957823], "dmean": [0.0604289732873, 0.0731567814946, 0.0508139580488, 0.0428986176848, 0.0363907665014, 0.0198628567159], "max": [-0.297274976969, -0.292106062174, -0.420288532972, -0.520392715931, -0.438988149166, -0.560683786869], "var": [0.0110544711351, 0.016593195498, 0.00960655137897, 0.00566910021007, 0.00469566462561, 0.00170686061028], "mean": [-0.618172645569, -0.70472997427, -0.788838505745, -0.791681885719, -0.775917589664, -0.790309786797]}, "melbands_skewness": {"dmean2": 2.22375035286, "median": 1.90758943558, "min": -3.9945063591, "dvar2": 9.00586128235, "dvar": 4.52438116074, "dmean": 1.54899740219, "max": 39.1991500854, "var": 16.059709549, "mean": 3.19934225082}, "spectral_spread": {"dmean2": 1029529.625, "median": 4091100.75, "min": 825816.8125, "dvar2": 1141750890500.0, "dvar": 641866006528, "dmean": 709977.375, "max": 41344488, "var": 2609987977220.0, "mean": 4187927}, "dissonance": {"dmean2": 0.0340660661459, "median": 0.475960850716, "min": 0.211952716112, "dvar2": 0.001674957457, "dvar": 0.000785882410128, "dmean": 0.0222117286175, "max": 0.500000178814, "var": 0.00199303822592, "mean": 0.459611564875}, "spectral_skewness": {"dmean2": 0.51308709383, "median": 1.35522246361, "min": -0.320816963911, "dvar2": 0.344795823097, "dvar": 0.136156365275, "dmean": 0.334808290005, "max": 8.74181556702, "var": 0.510253667831, "mean": 1.44843995571}, "spectral_flux": {"dmean2": 0.0480053015053, "median": 0.0732936486602, "min": 1.03538635998e-10, "dvar2": 0.00251059257425, "dvar": 0.00113026530016, "dmean": 0.0309565719217, "max": 0.337537407875, "var": 0.00312356115319, "mean": 0.0831706821918}, "spectral_contrast_valleys": {"dmean2": [0.815818190575, 1.08276462555, 0.905819296837, 0.764611303806, 0.573901414871, 0.499982178211], "median": [-8.44667720795, -7.68906831741, -8.11405658722, -8.06780815125, -7.65495491028, -10.2927646637], "min": [-27.271987915, -27.5051631927, -27.7165851593, -27.4861221313, -27.2021217346, -27.3857250214], "dvar2": [0.511628031731, 0.977705001831, 0.70831912756, 0.595103144646, 0.293267816305, 0.281296759844], "dvar": [0.262920677662, 0.443003565073, 0.350813806057, 0.286122113466, 0.173172861338, 0.186590999365], "dmean": [0.522001326084, 0.693520188332, 0.601807594299, 0.528380215168, 0.415755957365, 0.387266337872], "max": [-5.27221679688, -5.02974510193, -4.6654958725, -4.80244064331, -5.35997629166, -7.50841760635], "var": [1.69863331318, 1.32980561256, 1.24686384201, 1.04893732071, 1.27690446377, 1.82047533989], "mean": [-8.53262901306, -7.81729269028, -8.17281532288, -8.07593250275, -7.73161029816, -10.2685050964]}, "erbbands_flatness_db": {"dmean2": 0.0419306717813, "median": 0.183079570532, "min": 0.0208835080266, "dvar2": 0.00157895474695, "dvar": 0.00085468130419, "dmean": 0.0291890222579, "max": 0.430130273104, "var": 0.00406187493354, "mean": 0.192299649119}, "spectral_energyband_high": {"dmean2": 0.000921743630897, "median": 0.000171895051608, "min": 7.70513005259e-21, "dvar2": 3.55107727046e-06, "dvar": 2.0441207198e-06, "dmean": 0.000675821967889, "max": 0.0379453487694, "var": 4.84260226585e-06, "mean": 0.00101832521614}, "spectral_entropy": {"dmean2": 0.341996699572, "median": 7.65076303482, "min": 3.6078209877, "dvar2": 0.111449629068, "dvar": 0.0663533136249, "dmean": 0.243013709784, "max": 9.78585529327, "var": 0.332070857286, "mean": 7.56396245956}, "silence_rate_20dB": {"dmean2": 0, "median": 1, "min": 1, "dvar2": 0, "dvar": 0, "dmean": 0, "max": 1, "var": 0, "mean": 1}, "melbands_flatness_db": {"dmean2": 0.057702884078, "median": 0.189872860909, "min": 0.00542611349374, "dvar2": 0.00294182426296, "dvar": 0.00178451975808, "dmean": 0.0419991910458, "max": 0.825337529182, "var": 0.0153218759224, "mean": 0.210123926401}, "barkbands": {"dmean2": [0.000117876916192, 0.00590227590874, 0.00119839259423, 0.00230359914713, 0.00168508186471, 0.00171229604166, 0.00335504580289, 0.00153045600746, 0.00112558319233, 0.000630953582004, 0.000453022017609, 0.000605390348937, 0.000491855549626, 0.000527501746546, 0.000479794602143, 0.000584833847824, 0.000742412696127, 0.000467878417112, 0.000491387501825, 0.000362348684575, 0.000173823558725, 0.000217552660615, 0.00024145716452, 0.000209720325074, 6.83253310854e-05, 5.17267380928e-06, 3.78432986281e-07], "median": [1.57262002176e-05, 9.73875066848e-05, 7.63283751439e-05, 0.000169015489519, 0.000382805184927, 0.000202107461519, 0.000180698145414, 6.25918037258e-05, 7.53074855311e-05, 5.43774549442e-05, 4.40759504272e-05, 4.83080730191e-05, 4.51068772236e-05, 6.28177367616e-05, 7.09426531103e-05, 9.34772833716e-05, 0.000193178057089, 0.000104584418295, 0.000135970622068, 7.49665341573e-05, 1.93953128473e-05, 2.64551563305e-05, 2.61989753199e-05, 2.15718973777e-05, 5.24544338987e-06, 3.69633028185e-07, 3.78394133804e-07], "min": [3