{"tonal": {"thpcp": [1, 0.580114245415, 0.301208257675, 0.361110955477, 0.322385132313, 0.251753926277, 0.261561512947, 0.249762833118, 0.228429958224, 0.230241134763, 0.21710562706, 0.205894991755, 0.199014261365, 0.18089197576, 0.190658777952, 0.202568218112, 0.191706746817, 0.236370369792, 0.28184530139, 0.281945973635, 0.361868590117, 0.514979302883, 0.65497136116, 0.688586473465, 0.531789362431, 0.389244258404, 0.365368634462, 0.361546456814, 0.378636032343, 0.345766335726, 0.295023351908, 0.304386734962, 0.442648619413, 0.547568142414, 0.507863044739, 0.799356102943], "hpcp": {"dmean2": [0.297985911369, 0.240853965282, 0.170455276966, 0.15085683763, 0.146696910262, 0.134734988213, 0.128871887922, 0.129185020924, 0.128306820989, 0.130688533187, 0.124280981719, 0.118439175189, 0.113415822387, 0.106000117958, 0.11135084182, 0.114208616316, 0.1093133986, 0.133742272854, 0.161277160048, 0.176195189357, 0.200265079737, 0.244487449527, 0.297016263008, 0.328130722046, 0.280671298504, 0.234938204288, 0.227619245648, 0.22091601789, 0.221657827497, 0.205365777016, 0.212471708655, 0.203088000417, 0.225668027997, 0.255083560944, 0.281379491091, 0.31483322382], "median": [0.077532351017, 0.0539360307157, 0.0212697926909, 0.0167639143765, 0.0163303948939, 0.019152302295, 0.0252395868301, 0.0263214036822, 0.0239114947617, 0.0247726477683, 0.0224368683994, 0.0200603865087, 0.0222212299705, 0.0214441977441, 0.0211512520909, 0.0211742594838, 0.0199187155813, 0.0232984088361, 0.023865185678, 0.0196458734572, 0.0256533771753, 0.0521666705608, 0.0591159835458, 0.0378094539046, 0.028356090188, 0.0242429748178, 0.023438565433, 0.029537986964, 0.0252687744796, 0.0191019997001, 0.0163382068276, 0.0195045471191, 0.0323415249586, 0.0414022579789, 0.0532704293728, 0.0910765677691], "min": [0, 0, 0, 0, 0, 0, 0, 0, 0, 0, 0, 0, 0, 0, 0, 0, 0, 0, 0, 0, 0, 0, 0, 0, 0, 0, 0, 0, 0, 0, 0, 0, 0, 0, 0, 0], "dvar2": [0.170578122139, 0.102459050715, 0.0846042782068, 0.0790092349052, 0.0727174133062, 0.0592679865658, 0.0516403764486, 0.046344794333, 0.0511673390865, 0.0552978850901, 0.0490241460502, 0.0427992865443, 0.0385356247425, 0.0392222963274, 0.0457070879638, 0.0493108592927, 0.0411941371858, 0.0600265748799, 0.0787814483047, 0.0980090945959, 0.108969002962, 0.114594399929, 0.157578721642, 0.195386126637, 0.163373157382, 0.130836337805, 0.134891241789, 0.117020606995, 0.126660853624, 0.116225585341, 0.119852013886, 0.108438938856, 0.11037940532, 0.1283339113, 0.138850390911, 0.141984984279], "dvar": [0.0681255981326, 0.0384503081441, 0.0298501178622, 0.029366157949, 0.0264360792935, 0.0226329322904, 0.0200348086655, 0.0177819691598, 0.0192542281002, 0.0205346010625, 0.0186757557094, 0.016682587564, 0.0152518590912, 0.0145439300686, 0.0169622991234, 0.0188201665878, 0.0153869781643, 0.0225486140698, 0.0298115443438, 0.0361057184637, 0.0406482219696, 0.044581733644, 0.0600008033216, 0.0799701362848, 0.0613689534366, 0.0500100068748, 0.0525037571788, 0.0438289567828, 0.0476626567543, 0.0438369438052, 0.0448923185468, 0.0407174155116, 0.0436070039868, 0.0527729019523, 0.0538709200919, 0.0530725866556], "dmean": [0.169631868601, 0.141145914793, 0.0957815349102, 0.0841166526079, 0.0830194503069, 0.076576679945, 0.0752773880959, 0.0750892832875, 0.0730071663857, 0.0749493315816, 0.0716815218329, 0.0687760263681, 0.0654234215617, 0.0606143027544, 0.0628739148378, 0.0654240101576, 0.0630795136094, 0.0771871656179, 0.0930781811476, 0.0986609831452, 0.114038415253, 0.141525790095, 0.173435494304, 0.187476277351, 0.161259174347, 0.133099839091, 0.127723187208, 0.124390996993, 0.124122776091, 0.113081075251, 0.116442270577, 0.113113477826, 0.129304438829, 0.150016859174, 0.160190045834, 0.181888863444], "max": [1, 1, 1, 1, 1, 1, 1, 1, 1, 1, 1, 1, 1, 1, 1, 1, 1, 1, 1, 1, 1, 1, 1, 1, 1, 1, 1, 1, 1, 1, 1, 1, 1, 1, 1, 1], "var": [0.161861523986, 0.0658324435353, 0.0370148010552, 0.0618587136269, 0.0469566695392, 0.0271524861455, 0.0268985759467, 0.0222289506346, 0.0199863426387, 0.0199041906744, 0.0184168834239, 0.0162814483047, 0.0145170073956, 0.0125046744943, 0.0152215640992, 0.0185128711164, 0.0152437807992, 0.0231851004064, 0.0322085767984, 0.0346996225417, 0.0496493577957, 0.0641122087836, 0.0921455547214, 0.116367548704, 0.0816820636392, 0.0546305142343, 0.0542160011828, 0.0445581935346, 0.055744420737, 0.0522521622479, 0.0381083898246, 0.037015542388, 0.0603509806097, 0.0787882432342, 0.0613254420459, 0.100716225803], "mean": [0.330957055092, 0.191992908716, 0.0996870025992, 0.119512215257, 0.106695637107, 0.0833197385073, 0.0865656286478, 0.0826607719064, 0.0756005048752, 0.0761999264359, 0.0718526393175, 0.0681423991919, 0.0658651739359, 0.0598674751818, 0.0630998685956, 0.0670413821936, 0.063446700573, 0.078228443861, 0.0932786911726, 0.093312010169, 0.119762964547, 0.170436039567, 0.216767385602, 0.227892547846, 0.175999432802, 0.128823131323, 0.120921328664, 0.119656346738, 0.125312268734, 0.114433810115, 0.0976400598884, 0.100738935173, 0.146497681737, 0.181221544743, 0.168080866337, 0.264552533627]}, "tuning_equal_tempered_deviation": 0.118739545345, "chords_changes_rate": 0.0830903798342, "key_key": "A", "tuning_diatonic_strength": 0.589679539204, "key_scale": "minor", "chords_number_rate": 0.00583090400323, "tuning_frequency": 432.940917969, "tuning_nontempered_energy_ratio": 0.813138723373, "chords_histogram": [6.85131216049, 2.11370253563, 9.43877506256, 0.72886300087, 2.95189499855, 3.13411068916, 1.82215738297, 22.4854221344, 14.8688049316, 16.1078720093, 0.10932944715, 2.07725954056, 0.145772591233, 0, 0.473760932684, 1.82215738297, 1.05685126781, 0.838192403316, 0.437317788601, 0.0364431478083, 3.24344015121, 3.60787177086, 1.34839653969, 4.30029153824], "key_strength": 0.603466510773, "chords_key": "A", "chords_strength": {"dmean2": 0.0120202880353, "median": 0.513814687729, "min": 0.189938291907, "dvar2": 0.000108027052192, "dvar": 8.24922171887e-05, "dmean": 0.0108563881367, "max": 0.870134174824, "var": 0.0149839874357, "mean": 0.509976506233}, "chords_scale": "major", "hpcp_entropy": {"dmean2": 1.14092719555, "median": 2.24924278259, "min": 0, "dvar2": 0.837489128113, "dvar": 0.309174358845, "dmean": 0.685813009739, "max": 4.55909872055, "var": 0.626541495323, "mean": 2.27597904205}}, "metadata": {"audio_properties": {"equal_loudness": 0, "codec": "mp3", "downmix": "mix", "sample_rate": 44100, "analysis_sample_rate": 44100, "bit_rate": 192000, "md5_encoded": "1c95bf13a2978b40538ca1358fd9f3a2", "length": 127.346939087, "replay_gain": -6.04555511475, "lossless": false}, "version": {"essentia_build_sha": "2d9f1f26377add8aeb1075a9c2973f962c4f09fd", "essentia": "2.1-beta2", "extractor": "music 1.0", "essentia_git_sha": "v2.1_beta2-1-ge3940c0"}, "tags": {"title": ["Pistol Packin' Mama (Orig)"], "acoustid_fingerprint": ["AQADtImUhGmy4KM1_MWP_miO44N74LCN-8AU5UFvvHiK5jm88GjWCw--Yx-84xaO98aPxhp6nCgaHQ_cE8fh4XiI7yi7HOaL_in048mPtzCbCo-MX9ClGz_M41KOS-iL5vhe9Nh4vId19MepBMfD5ejR7AqeHFcmYX7gX_gl_MfXopkTHXUUBR9yHo7IxPiOXRVK_fAPIs4xkoc-JWHR8MOZ486F_MF7HB5iv7iWK9AVHpGaMAaVw8dOEx8aRnii42KOZOsiUXi4IJSYCj8eJg1--MeXHTmOWg2hxRr-QTearkbHCXp0Ac2O_Dn-4kfHVHgU5ITWwhG1E89xNce2dOhfaO-hLMcfXFFmhNyDf_hhxsfpIddI4jF03BruXLh8tIqOZsxxhA8jw5Ny_Ed6zUF1VJkmQ4sf_AhzGmUm5CeeMEWfHFr-IDe-fPhR-DwqH-F2iB8uZnCUfcGTjcFnQcyPHGd2PPinwPuHvrh83CryVEHf4Md-vKUGbZHiKKisg2IjYvqJB3mP54lx4zAf3EfeHBfzQSGj5EKWH4aP7RtKCc949HAewmeMcMnyBUlfCVca1MoPnyreCKVyXBJ1fBm6I8wPXTnyBT-u7DilYIrDo54u5Blc4c0SnDTYPGgehBZz4hGRKxHqH6Ky0PhsZEn2rviOE3-Qk8KUONCQZ8R7Co-U7MgVhYVOI1S-487QS8Sjo1mio-SHZB9yGXWMp0SFZzjCm9DD5DipzniDK4Ou9-ivobYkCc_yQFNCNBny-7jRDLWyOEF_XDrCPAqSj7h2oso--IefBWXGD5cuI0yjJQ60J8ceqAEnbQkRMkrmTGj643iOPUct6bgUDWWi7ESOv4L-CefxWujRJIH6Ik90BV-SHFN7eOdg8NExJYmSD1dy6DuuPcDT4KbwRMcP5z1y6Iyhi3iLZzsaTN-hHz2szHiO_ZCPS4KpHuXj4NGhHTa6voifCh9qCc1u4Tfe6UOTW-iPRzqSSzvy40cJMz66TOORf3goQj6aGH5MlMxxHa16-CF-XDq0o4fz5KgS6TkuNJN4lMcjPtCyoc8QpmJweFKMMjv-INJVNP2ho4l-hMyCNzH6IDZ1XA_UTXg6pHXwB-8Y5EdpqMqJOFaM-nikgzGv4DlyHuKjDHkMzgkl4V0u7Akt1Ed6C9qXB_mPH3-JPEfy5Ub_KHAe-HBFlB3xTceZB1POokf5I8yHo98hfsZnXHAhHoxVvEcn7dA3ZNrxv6iHqqKDC95xZ0dIIlmfYlO0Hf0xnCaeDp9WaIlOmJoOVuqBw9NxZsU1pIeYMEXIH21-eOSFs8d_5CvUHbmkwl-O-BaksrA1D7mIi_DIB182nD9mHv7R45jkHRepIiWPxBmDwwdv9ChZpJIK_Ugfoka_w_uHX4g-aPaPl8ifw9Zw5Dk-Gj2aPId-4uKxpzmyTycqHTveBc3xRHiUozx3fAtC_UgcnviDJ9bQ6_CHn-jxo1o-wvJRzgi3DfrxHB0VXajFwI-OdvRQMlGCpjq-hMijJ-iOKZOY49pxSXiSoilC9hs0PUFzEldyvJeKnkZDLscZ6A-xs7jCFy-uqCK084HVHJUkPegLMzrOLNB8hE7Q3MXxC02So8zRFP2QV8f_QI6UI1YUE_fRPIpQHVXCpA3KjDiOPunRTEpIBc-OKycuZUOfI8yjQEecZR0FR8eHZkyPHpf0BH2iC1NKcBSe48nSFN6J_Tn-4Ql6HV-SB3l29NAZG4-OP7jRD01-yP0QU_kwK5GOM1ER9ofU4zuiRbrQJUmOP7iU409qJFeCvHii43D1L3jwRsfbIY-PR93gTTg_oNnR5sUz5ugPsfCOO7COkjweQygFn0FO7fgi4fB04cmLpjKuv8gPLaEQ_riOihuO0Mdz_Ds-alDvo4sG59AlnBA_Oei1448QnvBfxMcTDSIVjvgR5kuOj7iEJztCi4F6pA_KjDh53EbzoWeCMN-hSVKKcFIPj8VzXMebHzn0bEO64w9uONeOcKlwpT9evLhFIb-MdrIwZYyEk8dN4mkRvi_EMXMQMkcfo88-nBnyoLkMTdsR_kVzHTvOKUdOEw0z4jdOwT_-4Dqa8XjQ52guFSfRPGilHT-0H2sL5xGhPRF6HemSFyVdDX1YoTnOHJ9olKWR3tCOSHZmuEGz4z8-4izCdYInH07jG_qyRzDxhEKO_PhxH1pk4j5CVRuco1ZxfZTRReIPPzTStC90EenzoHiOkjZ8pKsETRRxqUeYI6wSHuXhkofOIxbDw_WMKzhPhDa-4DE0MeII38N7aOF0XMGjF1ukJHyQ98FNoskz9MgT5Nol_EkyhBKZHUx-ILp4PAs87MePLx_a4xMfnMIP6_CP5Bt-5BV-PbCD8MfNQz8mRP3x8_B1RMehH_6D9Dn-E7Pw4zdyBoqCSzjCOMNtmDtRqVGF8LqEZsc_XKTRX2h4XMb3oSF6TngOjezRMMeZ7qhfiB-eXfCWoq6RJx8eXsGfoumR42hJKYR-6F2K_oGn4YF3okebbYQPXXJwTfiOryNsQRNvIkdzXPCPUsd_oVFy9GyCu0NyhPFRjFQqweoD1sQPIQXCiiikAEJMKISQAAIJAxk0SDjFkEHQkJCEAIgYgpAggiNlgCBCASYQMkoQZIwQpAirEEFCAIQUEQgIRZABgAlCEVAEIMKIFVQJRQBViCIBIDUMASOQgJg6QoShQiBEjGAAMEWEAkRJIoRCilgohAMDEGKQocAaAIFlSAFDkDBKSIMcEkIJAAQTVCgCDAMEACCEUMAYBYwQTAlGQAWAAoQEMIQLZAgBghACAGQAOKIQcAwpYQgATBCGgVMAOOEIAVQJApQxCAiAEYKAGECIIQIIAIAAhgEhiDVGASEAAk4BQIQRiChKiUEEIeEAIQxYZYlCQEADALCIMEGREdwIYwwQhgAjAJNCQECEYEwg44QRBBjGhBHCMOIMMsgRoxAGQDmCmCAAAUOIAQIFhjBg5gAkAGECWGUMAEoI4oQAkgjBEAGEEQIRQIIYQSQEghjEiBCkAEIcIIgQQYhABABggEZMGEFEMMAIoQRwgghhAALAGEsMAMAIpx0AyApHgAAECAGAAsIRAJAHRhyAmEACAQAhAckQACwgBBAjiFBAIQAgkEYBIBQhBgqlECQGGAKMAAIIo4RAAigCEOGCAeMgMAAIAxBAFoEliEKEAQOwMIwhAAAgygDgiFDCKKGgAEYRB0ICTgnjgHVASQYYAAJToxAAFAgEkEGCAkEEosYABgABFCgDiAAUKKKUBAwC4BTQggBAEBPAAYAcEAYoQwEhTgigAFMQASSEoIgpoYAgiiEBgQRKCAqEYkoKg4QzAgkikBIEGISoIIIgQLQSBBgBBAJYIAUGAM4JIIBShlkAAAJEAAGAIcAQ6QUAQAAEjTEACESQ4AYAYJhRRgCjDFICMACxUUAL4BiQQBFpEACCAcCUIgIARZihggAElBGAIUcUcsQAgBUSCDCFgBFSSCEMMUQBYYxQqiEhBLJUKYEEM0AoRxQAgDACoDGAAA"], "date": ["1960"], "genre": ["Rock & Roll"], "musicbrainz album type": ["Compilation"], "musicip_puid": ["ac328f99-9e8f-35ec-0b2e-fa5ae6d9b1dd"], "musicbrainz_recordingid": ["034fff5e-89c5-4279-b031-487d3ce86253"], "musicbrainz_albumid": ["ba55b9e4-364f-43e8-b38e-5654209ff738"], "artist": ["Gene Vincent"], "tracknumber": ["20"], "bpm": ["157.77"], "album": ["The Very Best of Heartbeat (Disc 3)"], "musicbrainz album release country": ["United Kingdom"], "acoustid_id": ["ff6e8faf-a601-41db-9ae7-af94fad0848c"], "file_name": "Gene Vincent - Pistol Packin' Mama (Orig).mp3"}}, "rhythm": {"bpm_histogram_first_peak_bpm": {"dmean2": 0, "median": 157, "min": 157, "dvar2": 0, "dvar": 0, "dmean": 0, "max": 157, "var": 0, "mean": 157}, "bpm": 161.573394775, "bpm_histogram_second_peak_spread": {"dmean2": 0, "median": 0.125000014901, "min": 0.125000014901, "dvar2": 0, "dvar": 0, "dmean": 0, "max": 0.125000014901, "var": 0, "mean": 0.125000014901}, "bpm_histogram_first_peak_weight": {"dmean2": 0, "median": 0.406626492739, "min": 0.406626492739, "dvar2": 0, "dvar": 0, "dmean": 0, "max": 0.406626492739, "var": 0, "mean": 0.406626492739}, "onset_rate": 3.36051440239, "beats_position": [0.394739210606, 0.789478421211, 1.16099774837, 1.53251695633, 1.90403628349, 2.27555561066, 2.6470746994, 3.01859402657, 3.39011335373, 3.76163268089, 4.13315200806, 4.5046710968, 4.87619018555, 5.24770975113, 5.61922883987, 5.99074840546, 6.3622674942, 6.73378658295, 7.10530614853, 7.47682523727, 7.84834432602, 8.2198638916, 8.59138298035, 8.96290206909, 9.33442115784, 9.70594120026, 10.077460289, 10.4489793777, 10.8204984665, 11.1920175552, 11.5867567062, 11.9698867798, 12.3530158997, 12.7361450195, 13.1192741394, 13.5024032593, 13.8971424103, 14.2918815613, 14.6750106812, 15.0465307236, 15.4180498123, 15.7895689011, 16.1726989746, 16.5442180634, 16.9273471832, 17.298866272, 17.6703853607, 18.0419044495, 18.4134235382, 18.784942627, 19.1680717468, 19.5512008667, 19.9343299866, 20.3174591064, 20.6889801025, 21.0604991913, 21.43201828, 21.8035373688, 22.1866664886, 22.5697956085, 22.9529247284, 23.3360538483, 23.7191829681, 24.102312088, 24.4738311768, 24.8453502655, 25.2284793854, 25.6232185364, 26.0063495636, 26.4010887146, 26.7842178345, 27.1673469543, 27.5620861053, 27.9452152252, 28.3283443451, 28.711473465, 29.0946025848, 29.4777317047, 29.8608608246, 30.2323799133, 30.6038990021, 30.9870281219, 31.3701572418, 31.753288269, 32.1364173889, 32.5195465088, 32.9026756287, 33.2741928101, 33.6457138062, 34.0172348022, 34.4119720459, 34.8067131042, 35.2014503479, 35.572971344, 35.9677085876, 36.362449646, 36.7687988281, 37.151927948, 37.5466651917, 37.94140625, 38.3361434937, 38.730884552, 39.1256217957, 39.520362854, 39.9151000977, 40.309841156, 40.6929702759, 41.0760993958, 41.4708366394, 41.8539657593, 42.2487068176, 42.6318359375, 43.0149650574, 43.3980941772, 43.7812232971, 44.164352417, 44.5590934753, 44.9422225952, 45.3253517151, 45.6968688965, 46.0683898926, 46.4515190125, 46.8346481323, 47.2177772522, 47.6009063721, 47.9840354919, 48.3671646118, 48.7502937317, 49.1334228516, 49.5049438477, 49.8764610291, 50.2595901489, 50.6427192688, 51.0258483887, 51.4089775085, 51.7804985046, 52.152015686, 52.5235366821, 52.906665802, 53.2897949219, 53.661315918, 54.0328330994, 54.4043540955, 54.7758712769, 55.1473922729, 55.5189094543, 55.8904304504, 56.2503395081, 56.6334686279, 57.0049858093, 57.3765068054, 57.7480278015, 58.1311569214, 58.5142860413, 58.8858032227, 59.2689323425, 59.6520614624, 60.0235824585, 60.3950996399, 60.766620636, 61.1497497559, 61.5328788757, 61.9043960571, 62.2759170532, 62.6474380493, 63.0189552307, 63.3904762268, 63.7619934082, 64.1451263428, 64.5282516479, 64.899772644, 65.2945098877, 65.6892471313, 66.0839920044, 66.4671173096, 66.8502502441, 67.2333755493, 67.6281204224, 68.022857666, 68.4059829712, 68.7891159058, 69.1722412109, 69.5553741455, 69.9268951416, 70.2984085083, 70.6815414429, 71.053062439, 71.4477996826, 71.8309249878, 72.2140579224, 72.5971832275, 72.9803161621, 73.3634490967, 73.7465744019, 74.152923584, 74.5592727661, 74.9540100098, 75.3371429443, 75.731880188, 76.1382293701, 76.5329666138, 76.9277114868, 77.3224487305, 77.7287979126, 78.1235351563, 78.5298843384, 78.924621582, 79.3193664551, 79.7141036987, 80.0972290039, 80.4803619385, 80.8518829346, 81.2466201782, 81.6297454834, 82.0244903564, 82.4076156616, 82.8023605347, 83.1854858398, 83.5686187744, 83.9401321411, 84.3232650757, 84.7063903809, 85.0895233154, 85.4726486206, 85.8441696167, 86.2273025513, 86.6104278564, 86.993560791, 87.3766860962, 87.7482070923, 88.1313400269, 88.514465332, 88.8859863281, 89.2575073242, 89.6406326294, 90.023765564, 90.3952789307, 90.7667999268, 91.1499328613, 91.5330581665, 91.9045791626, 92.2877044678, 92.6592254639, 93.03074646, 93.4022674561, 93.7853927612, 94.1569137573, 94.5284347534, 94.8999557495, 95.2714691162, 95.6546020508, 96.037727356, 96.4092483521, 96.7807693481, 97.1638946533, 97.5470275879, 97.918548584, 98.2900695801, 98.6615829468, 99.0447158813, 99.4278411865, 99.8109741211, 100.194099426, 100.577232361, 100.960357666, 101.331878662, 101.703399658, 102.086524963, 102.469657898, 102.852790833, 103.235916138, 103.619049072, 103.990562439, 104.362083435, 104.74521637, 105.116729736, 105.488250732, 105.859771729, 106.231292725, 106.602806091, 106.985939026, 107.36907196, 107.740585327, 108.112106323, 108.483627319, 108.866752625, 109.249885559, 109.621406555, 109.992919922, 110.364440918, 110.747573853, 111.130699158, 111.513832092, 111.885353088, 112.268478394, 112.63999939, 113.011520386, 113.383033752, 113.754554749, 114.126075745, 114.497596741, 114.869110107, 115.252243042, 115.635368347, 116.006889343, 116.378410339, 116.749931335, 117.121452332, 117.481361389, 117.852874756, 118.224395752, 118.595916748, 118.967437744, 119.338951111, 119.710472107, 120.081993103, 120.453514099, 120.825035095, 121.196548462, 121.579681396, 121.962806702, 122.345939636, 122.729064941, 123.123809814, 123.541763306, 123.971336365, 124.389297485, 124.807250977, 125.236824036, 125.666389465, 126.084350586, 126.502311707, 126.920272827], "beats_loudness": {"dmean2": 0.0184375103563, "median": 0.0305955782533, "min": 7.09589301096e-07, "dvar2": 0.000331984774675, "dvar": 0.000104149803519, "dmean": 0.0104756420478, "max": 0.111681252718, "var": 0.000283987930743, "mean": 0.0331502743065}, "danceability": 1.20537114143, "bpm_histogram_second_peak_weight": {"dmean2": 0, "median": 0.12650603056, "min": 0.12650603056, "dvar2": 0, "dvar": 0, "dmean": 0, "max": 0.12650603056, "var": 0, "mean": 0.12650603056}, "beats_count": 333, "bpm_histogram_second_peak_bpm": {"dmean2": 0, "median": 152, "min": 152, "dvar2": 0, "dvar": 0, "dmean": 0, "max": 152, "var": 0, "mean": 152}, "bpm_histogram_first_peak_spread": {"dmean2": 0, "median": 0.47674420476, "min": 0.47674420476, "dvar2": 0, "dvar": 0, "dmean": 0, "max": 0.47674420476, "var": 0, "mean": 0.47674420476}, "beats_loudness_band_ratio": {"dmean2": [0.386645257473, 0.144130110741, 0.161145687103, 0.11278860271, 0.197823032737, 0.172652676702], "median": [0.453490287066, 0.104001663625, 0.058269944042, 0.0316848382354, 0.101585574448, 0.113269679248], "min": [0.000201546747121, 0.00028193910839, 1.44831274156e-05, 2.27532450481e-06, 1.46806337398e-06, 5.72089857087e-06], "dvar2": [0.0853255912662, 0.0155716082081, 0.0229113008827, 0.0232860669494, 0.0256668366492, 0.0379622541368], "dvar": [0.0290838330984, 0.00563573138788, 0.00964843016118, 0.00977347977459, 0.00880613643676, 0.0142015693709], "dmean": [0.222814381123, 0.0818165317178, 0.0932881161571, 0.0661229863763, 0.108591400087, 0.099012568593], "max": [0.999117553234, 0.371172040701, 0.627902448177, 0.623708605766, 0.560007274151, 0.986956596375], "var": [0.0686745271087, 0.00788161810488, 0.0145438238978, 0.0132359210402, 0.0121419383213, 0.0177441202104], "mean": [0.463994383812, 0.118803270161, 0.107974722981, 0.0753543078899, 0.125259518623, 0.146163165569]}}, "lowlevel": {"barkbands_spread": {"dmean2": 13.0344209671, "median": 34.7025375366, "min": 0.206990361214, "dvar2": 227.576538086, "dvar": 96.108001709, "dmean": 8.48011493683, "max": 123.933700562, "var": 317.955505371, "mean": 35.8253326416}, "melbands_spread": {"dmean2": 20.5166053772, "median": 31.9184684753, "min": 0.236773923039, "dvar2": 788.571777344, "dvar": 391.513916016, "dmean": 13.4993362427, "max": 235.876861572, "var": 1141.88452148, "mean": 38.7369766235}, "hfc": {"dmean2": 16.4205226898, "median": 20.9241867065, "min": 1.24164799498e-16, "dvar2": 1746.68969727, "dvar": 955.682678223, "dmean": 11.9300632477, "max": 614.991882324, "var": 2527.08007813, "mean": 32.4200134277}, "barkbands_kurtosis": {"dmean2": 6.05385351181, "median": 0.207376778126, "min": -1.9675976038, "dvar2": 375.564178467, "dvar": 217.219711304, "dmean": 4.11686992645, "max": 371.515411377, "var": 815.606811523, "mean": 6.64480876923}, "gfcc": {"mean": [3.61863398552, 59.4024734497, -117.523033142, 71.9214248657, -69.2242660522, 23.154258728, -39.6966743469, 5.91762685776, -20.6565513611, 1.83227097988, -19.3463916779, -6.74143075943, -16.0770835876], "icov": [[0.000393888709368, -0.000596984871663, 0.00065323576564, -0.001083989162, 0.000935870863032, -0.000843947986141, 0.000366530875908, -0.000147332073539, 0.000304817425786, -0.000600443221629, 0.00126968882978, -0.00101836048998, 0.000653601251543], [-0.000596984871663, 0.00294107105583, -0.0013554248726, 0.00276348320767, -0.00235277484171, 0.00138264661655, -0.000334737094818, 0.00145424786024, -0.00195242266636, 0.002556450665, -0.00473782140762, 0.00456014508381, -0.00288960034959], [0.00065323576564, -0.0013554248726, 0.00285176420584, -0.00327547220513, 0.00102174491622, -0.00157085678075, 0.000281383865513, -0.000166956495377, 0.00138465629425, -0.00162853056099, 0.0018020196585, -0.00166599371005, 0.00189391709864], [-0.001083989162, 0.00276348320767, -0.00327547220513, 0.00714879576117, -0.00442585255951, 0.00262747588567, -0.000117937946925, 0.000202302122489, -0.00186838814989, 0.00264583830722, -0.00530013768002, 0.00347088230774, -0.00182080757804], [0.000935870863032, -0.00235277484171, 0.00102174491622, -0.00442585255951, 0.00787817500532, -0.00353937759064, 0.00135068851523, -0.0011519115651, 0.000426058541052, -0.00307781924494, 0.0058222161606, -0.00407187547535, -4.01079269068e-05], [-0.000843947986141, 0.00138264661655, -0.00157085678075, 0.00262747588567, -0.00353937759064, 0.0094451168552, -0.00490343151614, -0.00102883949876, 0.0028429387603, -0.00174585159402, -0.00253042206168, 0.00334177026525, -0.00294510019012], [0.000366530875908, -0.000334737094818, 0.000281383865513, -0.000117937946925, 0.00135068851523, -0.00490343151614, 0.00853344984353, -0.0010788149666, -0.00140504713636, 0.002308991272, -0.000542217050679, 0.000827338255476, 0.000207284669159], [-0.000147332073539, 0.00145424786024, -0.000166956495377, 0.000202302122489, -0.0011519115651, -0.00102883949876, -0.0010788149666, 0.00891285575926, -0.00418464001268, 0.000195304834051, -4.06012513849e-05, 0.000179889510036, 0.000679686199874], [0.000304817425786, -0.00195242266636, 0.00138465629425, -0.00186838814989, 0.000426058541052, 0.0028429387603, -0.00140504713636, -0.00418464001268, 0.0132547700778, -0.00744700152427, 0.00583250401542, -0.00273039820604, 0.00113556603901], [-0.000600443221629, 0.002556450665, -0.00162853056099, 0.00264583830722, -0.00307781924494, -0.00174585159402, 0.002308991272, 0.000195304834051, -0.00744700152427, 0.0180299319327, -0.00959148723632, 0.00494611915201, -0.00114721537102], [0.00126968882978, -0.00473782140762, 0.0018020196585, -0.00530013768002, 0.0058222161606, -0.00253042206168, -0.000542217050679, -4.06012513849e-05, 0.00583250401542, -0.00959148723632, 0.0265036206692, -0.0165219474584, 0.0094592794776], [-0.00101836048998, 0.00456014508381, -0.00166599371005, 0.00347088230774, -0.00407187547535, 0.00334177026525, 0.000827338255476, 0.000179889510036, -0.00273039820604, 0.00494611915201, -0.0165219474584, 0.0277621019632, -0.010789562948], [0.000653601251543, -0.00288960034959, 0.00189391709864, -0.00182080757804, -4.01079269068e-05, -0.00294510019012, 0.000207284669159, 0.000679686199874, 0.00113556603901, -0.00114721537102, 0.0094592794776, -0.010789562948, 0.0218132846057]], "cov": [[6199.8359375, 254.787490845, -963.55859375, 70.338180542, -366.153747559, 115.177848816, -100.219894409, 4.7036819458, 19.5597782135, -2.59456562996, -81.3355026245, 4.19893789291, -10.6091413498], [254.787490845, 933.618713379, -23.244260788, -223.1121521, 20.1048717499, -22.2108001709, 11.7453918457, -142.36819458, 2.53392291069, -56.9173202515, 23.4549694061, -65.5620803833, 55.0733718872], [-963.55859375, -23.244260788, 1213.49023438, 570.279785156, 310.780456543, 111.033332825, 5.31229877472, 38.3152313232, -29.9503765106, 80.4465408325, 73.6440200806, 14.034661293, -36.8504600525], [70.338180542, -223.1121521, 570.279785156, 627.096984863, 250.470062256, 31.8397655487, -46.69896698, 77.5504760742, 28.192735672, 65.2059249878, 36.8205757141, 32.6151733398, -23.9181213379], [-366.153747559, 20.1048717499, 310.780456543, 250.470062256, 360.25958252, 88.8432922363, 1.07209193707, 62.3819046021, 39.1062660217, 53.2684860229, -14.4250030518, 9.79020309448, 30.1258182526], [115.177848816, -22.2108001709, 111.033332825, 31.8397655487, 88.8432922363, 250.439285278, 114.568389893, 44.88306427, -31.4212741852, 28.0284099579, 0.0529817640781, -12.4760923386, 15.0287151337], [-100.219894409, 11.7453918457, 5.31229877472, -46.69896698, 1.07209193707, 114.568389893, 194.189193726, 32.0649147034, -5.45129585266, -10.6231298447, -3.77996444702, -17.8950595856, 5.33819007874], [4.7036819458, -142.36819458, 38.3152313232, 77.5504760742, 62.3819046021, 44.88306427, 32.0649147034, 181.658279419, 64.9377746582, 37.7713088989, -16.1118030548, 4.87506580353, -7.64013195038], [19.5597782135, 2.53392291069, -29.9503765106, 28.192735672, 39.1062660217, -31.4212741852, -5.45129585266, 64.9377746582, 141.96673584, 45.1052398682, -20.995470047, -1.61024880409, 1.85107898712], [-2.59456562996, -56.9173202515, 80.4465408325, 65.2059249878, 53.2684860229, 28.0284099579, -10.6231298447, 37.7713088989, 45.1052398682, 102.386260986, 23.0589237213, 6.49116039276, -9.94974899292], [-81.3355026245, 23.4549694061, 73.6440200806, 36.8205757141, -14.4250030518, 0.0529817640781, -3.77996444702, -16.1118030548, -20.995470047, 23.0589237213, 90.513420105, 31.5385570526, -18.6030330658], [4.19893789291, -65.5620803833, 14.034661293, 32.6151733398, 9.79020309448, -12.4760923386, -17.8950595856, 4.87506580353, -1.61024880409, 6.49116039276, 31.5385570526, 69.2919540405, 12.0674695969], [-10.6091413498, 55.0733718872, -36.8504600525, -23.9181213379, 30.1258182526, 15.0287151337, 5.33819007874, -7.64013195038, 1.85107898712, -9.94974899292, -18.6030330658, 12.0674695969, 70.3483581543]]}, "spectral_energyband_middle_low": {"dmean2": 0.00289605581202, "median": 0.00469478592277, "min": 2.99902777573e-22, "dvar2": 1.31571860038e-05, "dvar": 5.96719655732e-06, "dmean": 0.00198117317632, "max": 0.0327796824276, "var": 2.22419657803e-05, "mean": 0.00583853526041}, "melbands_crest": {"dmean2": 5.58355045319, "median": 16.8168792725, "min": 1.80998504162, "dvar2": 31.1386909485, "dvar": 14.4892749786, "dmean": 3.51605224609, "max": 32.1912078857, "var": 49.2376289368, "mean": 17.3107471466}, "spectral_kurtosis": {"dmean2": 1.12424194813, "median": 1.2874661684, "min": -1.16954314709, "dvar2": 4.88217353821, "dvar": 2.68291497231, "dmean": 0.68942463398, "max": 96.7189483643, "var": 21.7403259277, "mean": 1.77038192749}, "spectral_rms": {"dmean2": 0.00104923965409, "median": 0.00477675534785, "min": 3.29073769102e-12, "dvar2": 1.41353950767e-06, "dvar": 8.32650016491e-07, "dmean": 0.000756778928917, "max": 0.0117477159947, "var": 2.937385716e-06, "mean": 0.0046915137209}, "zerocrossingrate": {"dmean2": 0.0173809956759, "median": 0.08251953125, "min": 0.00341796875, "dvar2": 0.000351300172042, "dvar": 0.000267214752967, "dmean": 0.015029180795, "max": 0.494140625, "var": 0.00215164665133, "mean": 0.0882077515125}, "silence_rate_60dB": {"dmean2": 0.0269876010716, "median": 0, "min": 0, "dvar2": 0.0295420140028, "dvar": 0.0133099425584, "dmean": 0.0134913399816, "max": 1, "var": 0.0418317951262, "mean": 0.0437477231026}, "erbbands_kurtosis": {"dmean2": 2.1885008812, "median": -0.394549846649, "min": -1.88046586514, "dvar2": 126.978691101, "dvar": 50.4597320557, "dmean": 1.41720533371, "max": 424.108062744, "var": 104.849197388, "mean": 1.22481369972}, "erbbands": {"dmean2": [0.0314268656075, 1.12424862385, 5.45464849472, 2.57056069374, 5.50345659256, 5.54550170898, 3.4319255352, 5.64371156693, 6.9251666069, 10.4700422287, 12.4253749847, 14.1442174911, 8.322889328, 10.1635446548, 8.07555675507, 9.8278427124, 12.8130588531, 15.0635786057, 20.7837123871, 18.3184223175, 19.3479042053, 23.3703899384, 26.7951774597, 22.2920742035, 21.652803421, 23.330537796, 26.6598339081, 25.4308643341, 31.6968364716, 25.4146575928, 16.099067688, 6.65003681183, 2.04420614243, 0.897021472454, 0.414282113314, 0.146272405982, 0.0215435605496, 0.00326460204087, 0.000226033094805, 2.13551702473e-05], "median": [0.0175645221025, 0.952737152576, 3.82770776749, 2.17355298996, 3.24028253555, 3.64966750145, 2.22047924995, 2.61465215683, 2.74234056473, 3.6256608963, 4.90824604034, 4.03472328186, 2.39174246788, 2.27008867264, 2.76275110245, 4.0327091217, 5.95932579041, 7.64311122894, 8.21243858337, 7.50801753998, 6.91364812851, 8.83061981201, 13.1443691254, 12.8967456818, 9.8486623764, 15.0909070969, 14.760017395, 12.8502607346, 12.9936752319, 10.3558673859, 6.72668647766, 3.80482769012, 1.53813552856, 0.626208543777, 0.243222564459, 0.0667140185833, 0.00631328020245, 0.000525159295648, 3.47509048879e-05, 3.28534661094e-05], "min": [9.28523263262e-22, 2.22924165341e-21, 3.1052967656e-20, 5.48209944313e-20, 2.7967377176e-20, 1.64727629391e-19, 2.47237667647e-19, 4.631157292e-19, 1.15158389159e-18, 4.31040405081e-19, 5.60666327911e-19, 2.25205153685e-18, 2.67425403407e-18, 2.71097878532e-18, 1.88242112384e-18, 2.98523920281e-18, 3.14976646062e-18, 3.31070747689e-18, 9.14746200352e-18, 4.03763772831e-18, 1.21765006266e-17, 1.50219092895e-17, 1.189952168e-17, 1.34937667269e-17, 2.19598056136e-17, 1.40394784565e-17, 1.2319174393e-17, 1.65224860582e-17, 2.29010445065e-17, 2.1786752812e-17, 1.78237470409e-17, 1.49941110578e-17, 1.41728696021e-17, 1.29879689434e-17, 9.55021872531e-18, 6.68254649617e-18, 3.81767716854e-18, 1.37271253378e-18, 2.98540960201e-19, 3.63552890865e-20], "dvar2": [0.00252698152326, 2.56221342087, 84.6458129883, 14.0406694412, 75.4158630371, 66.1749420166, 33.2127761841, 97.4062423706, 213.343139648, 593.073425293, 787.641296387, 1048.30566406, 390.72644043, 1015.70092773, 367.895751953, 558.798339844, 991.623291016, 728.434143066, 2289.00366211, 1187.36853027, 1660.48535156, 2873.12524414, 2928.5090332, 2238.35205078, 5267.71582031, 2944.11499023, 5102.1171875, 5277.97363281, 16496.5390625, 11105.7822266, 5340.50537109, 496.527954102, 36.1602630615, 11.2761592865, 2.33534550667, 0.353087961674, 0.00896464753896, 0.000287961389404, 6.85054101268e-06, 7.60306217984e-09], "dvar": [0.00110715790652, 1.31300604343, 52.0447349548, 7.43021726608, 30.2251110077, 29.4577407837, 15.5606622696, 45.3889579773, 102.780960083, 281.193786621, 391.301055908, 549.69720459, 208.789932251, 526.67755127, 159.856796265, 261.394073486, 494.936004639, 333.283081055, 1084.82055664, 555.057312012, 801.113586426, 1419.83203125, 1476.54956055, 895.976135254, 2066.35644531, 1398.67370605, 2374.64013672, 2316.34741211, 8818.63769531, 5745.47900391, 2357.89941406, 216.382766724, 14.471704483, 4.62253141403, 1.04821479321, 0.171756774187, 0.00397733459249, 0.000111917426693, 2.60138540398e-06, 3.1285691815e-09], "dmean": [0.0198690667748, 0.736336827278, 3.7329659462, 1.70981836319, 3.52904653549, 3.63897275925, 2.25047564507, 3.7679502964, 4.55743646622, 7.02212142944, 8.38441085815, 9.69259357452, 5.9233379364, 7.25080060959, 5.35476255417, 6.61758136749, 8.70858669281, 10.0911178589, 13.5243930817, 12.2053060532, 12.9093532562, 15.5874147415, 17.5797538757, 14.0543699265, 13.5980672836, 15.0817184448, 17.4926967621, 16.5771865845, 21.3612613678, 17.4284210205, 10.6164979935, 4.34360361099, 1.3072180748, 0.58815819025, 0.280334055424, 0.100529573858, 0.0144712459296, 0.00201453850605, 0.0001346598292, 1.48984690895e-05], "max": [0.662655234337, 20.5332965851, 120.29524231, 44.5868873596, 85.5805969238, 117.955039978, 67.5234222412, 118.458442688, 208.832061768, 314.083465576, 566.160522461, 639.581726074, 310.300811768, 846.086730957, 316.61505127, 481.762298584, 687.855041504, 326.394073486, 1230.28417969, 415.409057617, 480.302520752, 790.410766602, 801.026306152, 904.44140625, 1663.63708496, 917.833312988, 1415.34606934, 838.525268555, 2428.75244141, 1784.04931641, 1791.42456055, 408.430969238, 104.545684814, 71.5161895752, 31.102848053, 13.9317407608, 1.75073719025, 0.347696006298, 0.05795231089, 0.00206493469886], "var": [0.00229629362002, 3.68469238281, 179.191970825, 25.5514640808, 54.7982139587, 97.5365142822, 41.2350769043, 138.147506714, 278.436889648, 925.182006836, 1570.3951416, 1594.30151367, 853.739868164, 2493.65356445, 453.465087891, 926.47076416, 2211.57446289, 788.156555176, 2179.88305664, 1504.36425781, 2276.98657227, 4143.50537109, 3715.98144531, 1623.03137207, 3942.73266602, 2927.55249023, 4525.71142578, 4338.49169922, 16843.0820313, 12408.3095703, 4285.10693359, 371.82522583, 21.7053585052, 6.58683538437, 1.73384952545, 0.275965154171, 0.00571198714897, 0.000123420832097, 1.90047842352e-06, 3.58678153844e-09], "mean": [0.0366152375937, 1.53792345524, 8.34522151947, 3.87445926666, 5.8085975647, 7.01252412796, 4.44938564301, 7.36776971817, 8.27533626556, 13.3965291977, 16.500749588, 17.9019813538, 13.5149002075, 17.4032287598, 9.85131931305, 12.8221292496, 17.6287479401, 18.405412674, 25.034236908, 23.5362758636, 25.4390258789, 29.4057369232, 35.0694923401, 25.6517734528, 22.2822875977, 28.485004425, 32.4972610474, 30.907075882, 37.5096855164, 30.9945907593, 18.2867546082, 8.0560464859, 2.67714262009, 1.17925453186, 0.537097513676, 0.174655765295, 0.0217450223863, 0.00236208015122, 0.000137627386721, 4.08086743846e-05]}, "spectral_strongpeak": {"dmean2": 0.88773727417, "median": 0.448658883572, "min": 0, "dvar2": 5.31672096252, "dvar": 1.99835205078, "dmean": 0.510105311871, "max": 29.8117866516, "var": 1.92725265026, "mean": 0.85233259201}, "spectral_energy": {"dmean2": 0.0105635467917, "median": 0.0233878269792, "min": 1.10996781459e-20, "dvar2": 0.00017904471315, "dvar": 0.000104814360384, "dmean": 0.00748371612281, "max": 0.141459047794, "var": 0.000317620462738, "mean": 0.0255713388324}, "average_loudness": 0.759172737598, "spectral_rolloff": {"dmean2": 1364.1842041, "median": 2260.98632813, "min": 86.1328125, "dvar2": 2753817, "dvar": 1326029.375, "dmean": 849.065246582, "max": 19810.546875, "var": 4351489.5, "mean": 2548.49584961}, "spectral_centroid": {"dmean2": 480.404571533, "median": 2089.36181641, "min": 92.6811141968, "dvar2": 267100.71875, "dvar": 134092.546875, "dmean": 323.099761963, "max": 11271.1845703, "var": 711175.8125, "mean": 2114.80566406}, "pitch_salience": {"dmean2": 0.125670716166, "median": 0.505850791931, "min": 0.0324796028435, "dvar2": 0.0162009336054, "dvar": 0.00740398932248, "dmean": 0.0796883106232, "max": 0.994444549084, "var": 0.0214765388519, "mean": 0.489845186472}, "spectral_energyband_middle_high": {"dmean2": 0.00221068412066, "median": 0.00302091357298, "min": 1.69158505949e-21, "dvar2": 9.61811292655e-06, "dvar": 5.06185460836e-06, "dmean": 0.00156568340026, "max": 0.0367771573365, "var": 2.21815298573e-05, "mean": 0.00463008973747}, "spectral_contrast_coeffs": {"dmean2": [0.0813306123018, 0.0741475149989, 0.056685578078, 0.0494524389505, 0.0390072576702, 0.0312604829669], "median": [-0.588743805885, -0.748885631561, -0.805863142014, -0.783938884735, -0.782309174538, -0.724442481995], "min": [-0.959482550621, -0.987838864326, -0.991801261902, -0.977514207363, -0.971633434296, -0.961971402168], "dvar2": [0.00449744891375, 0.00356816942804, 0.00201953784563, 0.00154647487216, 0.00101473741233, 0.000718788127415], "dvar": [0.00174162944313, 0.00139564496931, 0.000889157410711, 0.000655262148939, 0.000452299165772, 0.000347534369212], "dmean": [0.0507553964853, 0.0458249375224, 0.0355189591646, 0.0306099019945, 0.0244433581829, 0.0198734141886], "max": [-0.265763103962, -0.451436340809, -0.492445230484, -0.540572881699, -0.560598671436, -0.514538943768], "var": [0.00740539608523, 0.00618271250278, 0.0064171650447, 0.00346845551394, 0.00201346795075, 0.00225437153131], "mean": [-0.587800979614, -0.740037500858, -0.784315347672, -0.776633381844, -0.777590572834, -0.72026348114]}, "melbands_skewness": {"dmean2": 1.61908447742, "median": 2.73256635666, "min": -2.6145606041, "dvar2": 4.51634597778, "dvar": 2.43565011024, "dmean": 1.12658727169, "max": 24.0621204376, "var": 13.5423021317, "mean": 3.78134679794}, "spectral_spread": {"dmean2": 645429, "median": 5179116, "min": 1113044.5, "dvar2": 524040503296, "dvar": 326359580672, "dmean": 429882.25, "max": 39782568, "var": 1417580773380.0, "mean": 5252059}, "dissonance": {"dmean2": 0.0172956939787, "median": 0.482256948948, "min": 0.178740799427, "dvar2": 0.000472220941447, "dvar": 0.000176309607923, "dmean": 0.0104351956397, "max": 0.499910712242, "var": 0.000497564207762, "mean": 0.477172642946}, "spectral_skewness": {"dmean2": 0.206817209721, "median": 0.855812072754, "min": -0.316880553961, "dvar2": 0.0498258769512, "dvar": 0.02582581155, "dmean": 0.130430534482, "max": 8.89756393433, "var": 0.253182053566, "mean": 0.878871977329}, "spectral_flux": {"dmean2": 0.038407150656, "median": 0.0718092545867, "min": 1.05355009439e-10, "dvar2": 0.00180083478335, "dvar": 0.000691822555382, "dmean": 0.0238479543477, "max": 0.289571583271, "var": 0.00148254248779, "mean": 0.077413149178}, "spectral_contrast_valleys": {"dmean2": [0.74783539772, 0.606092512608, 0.525351583958, 0.448493987322, 0.352394014597, 0.299744576216], "median": [-7.6141500473, -7.07241106033, -7.80456924438, -7.69906520844, -7.11538791656, -9.34224319458], "min": [-28.0137615204, -27.180639267, -27.2819709778, -27.4262638092, -27.3198509216, -27.1291046143], "dvar2": [0.367451429367, 0.265255123377, 0.196520984173, 0.149395525455, 0.0971469134092, 0.0889240130782], "dvar": [0.15132586658, 0.123107463121, 0.106412731111, 0.0900457501411, 0.0614312775433, 0.0572978258133], "dmean": [0.461542457342, 0.37913903594, 0.339923530817, 0.299130916595, 0.239250183105, 0.210302695632], "max": [-5.8830499649, -5.24745035172, -6.04743337631, -6.05348300934, -5.47810649872, -7.44111061096], "var": [1.03095126152, 0.853825986385, 0.921122312546, 0.873276889324, 0.7411211133, 0.694920420647], "mean": [-7.80720615387, -7.19029903412, -7.93245649338, -7.82465934753, -7.19255542755, -9.44685173035]}, "erbbands_flatness_db": {"dmean2": 0.0214706882834, "median": 0.140388786793, "min": 0.032965477556, "dvar2": 0.000492273189593, "dvar": 0.000261709967162, "dmean": 0.0146560864523, "max": 0.466885238886, "var": 0.00174667313695, "mean": 0.148350700736}, "spectral_energyband_high": {"dmean2": 0.00209360057488, "median": 0.001543466351, "min": 7.96171194664e-21, "dvar2": 4.08423620684e-05, "dvar": 2.26895699598e-05, "dmean": 0.00147462333553, "max": 0.102349422872, "var": 5.84058871027e-05, "mean": 0.00327087240294}, "spectral_entropy": {"dmean2": 0.163441389799, "median": 7.94463157654, "min": 3.24035024643, "dvar2": 0.0348403006792, "dvar": 0.018697720021, "dmean": 0.109601072967, "max": 9.79651737213, "var": 0.158907428384, "mean": 7.89050245285}, "silence_rate_20dB": {"dmean2": 0, "median": 1, "min": 1, "dvar2": 0, "dvar": 0, "dmean": 0, "max": 1, "var": 0, "mean": 1}, "melbands_flatness_db": {"dmean2": 0.0409996137023, "median": 0.155861496925, "min": 0.00538464589044, "dvar2": 0.00198531313799, "dvar": 0.00108118727803, "dmean": 0.0284082759172, "max": 0.838503479958, "var": 0.00740142213181, "mean": 0.17267011106}, "barkbands": {"dmean2": [7.92164701124e-06, 0.00371817522682, 0.00456963991746, 0.000718819792382, 0.00174388021696, 0.000629026792012, 0.000542239868082, 0.000590084877331, 0.000615893048234, 0.000329248752678, 0.000230452074902, 0.000247936724918, 0.000332597730448, 0.000425593694672, 0.0003703685652, 0.000366342312191, 0.000450363702839, 0.000531090016011, 0.000436136324424, 0.000484996504383, 0.000671426416375, 0.000849225965794, 0.000606778659858, 0.00018243562954, 6.48482746328e-05, 1.8996090148e-05, 1.29727800413e-06], "median": [2.06908407563e-06, 0.00275543238968, 0.00223977677524, 0.000313987606205, 0.0011675436981, 0.000313275551889, 0.00020902484539, 0.000156298250658, 0.000156836744281, 6.27313420409e-05, 4.55036570202e-05, 7.69910548115e-05, 0.000127757666633, 0.000140016374644, 0.000131732784212, 0.000109400665679, 0.000152923137648, 0.000256303144852, 0.00018408386677, 0.000299192091916, 0.000331465242198, 0.000360602571163, 0.000262909510639, 0.000127610226627, 4.44772667834e-05, 7.28913346393e-06, 6.17233837374e-08], "min": [2.11990492452e-24, 1.55859382676e-23, 3.88873432404e-23, 1.22676074915e-23, 3.93678289515e-23, 4.26465399774e-23, 6.89790830251e-23, 1.96666857536e-23, 8.28391230053e-23, 8.43956086801e-23, 5.38987194008e-23, 6.67163207155e-23, 7.2893625407e-23, 1.57710460567e-22, 7.22160065112e-23, 1.29630887226e-22, 3.10189851943e-22, 2.35611194399e-22, 3.59482728062e-22, 3.03763803631e-22