{"metadata": {"tags": {"label": ["Because Music"], "title": ["Red States"], "replaygain_track_peak": ["1.040062189"], "asin": ["B001R5N23Y"], "album": ["The Turn"], "musicbrainz album type": ["album"], "albumartistsort": ["Viola, Fredo"], "musicbrainz album release country": ["FR"], "musicbrainz_artistid": ["a4be63a6-3240-4577-86d5-44b0e19576d9"], "musicbrainz_albumid": ["0923934c-8463-44a5-9652-5abeec1654a0"], "musicbrainz album status": ["official"], "albumartist": ["Fredo Viola"], "barcode": ["5060107724389"], "replaygain_album_peak": ["1.044487715"], "musicip_puid": ["1474bb3c-9ea0-4bb8-0a2d-e44cac2b74d0"], "artist": ["Fredo Viola"], "replaygain_album_gain": ["-8.55 dB"], "file_name": "04 - Red States.mp3", "catalognumber": ["BEC5772438"], "tracknumber": ["4/12"], "musicbrainz_albumartistid": ["a4be63a6-3240-4577-86d5-44b0e19576d9"], "replaygain_track_gain": ["-9.54 dB"], "date": ["2009-03-16"], "musicbrainz_recordingid": ["035a7ce9-65e2-4875-b8d5-6bda3e8df0bb"]}, "audio_properties": {"sample_rate": 44100, "downmix": "mix", "lossless": false, "analysis_sample_rate": 44100, "md5_encoded": "03b9bb0678f82d463a9692c240d00f8e", "equal_loudness": 0, "replay_gain": -10.5800418854, "codec": "mp3", "bit_rate": 265426, "length": 257.098205566}, "version": {"extractor": "music 1.0", "essentia_build_sha": "ca57ba49d9b1854bd80e60cf9ccf267278fb7d6b", "essentia_git_sha": "v2.1_beta1-28-g21ef5f4-dirty", "essentia": "2.1-beta1"}}, "rhythm": {"beats_loudness_band_ratio": {"dvar2": [0.0515594221652, 0.0311950091273, 0.0252878405154, 0.0124711245298, 0.00071101548383, 0.0226664282382], "var": [0.0435216724873, 0.0194953698665, 0.0187906045467, 0.00381525396369, 0.00029936755891, 0.0126462746412], "min": [0, 0, 0, 0, 0, 0], "dmean": [0.167822450399, 0.103685215116, 0.0823068022728, 0.0450728349388, 0.012101280503, 0.104536443949], "mean": [0.416589379311, 0.164431527257, 0.121722012758, 0.0512311644852, 0.0147499712184, 0.223830506206], "max": [0.89222663641, 0.880709826946, 0.839694976807, 0.456201851368, 0.141747877002, 0.691162109375], "dmean2": [0.290078401566, 0.180704325438, 0.142848178744, 0.0801763981581, 0.0208891667426, 0.181831330061], "median": [0.410556644201, 0.127046048641, 0.073941193521, 0.0310035776347, 0.00975506938994, 0.212076365948], "dvar": [0.0187611579895, 0.0118039287627, 0.00940265879035, 0.00394883519039, 0.000266217655735, 0.0077635133639]}, "bpm_histogram_first_peak_weight": {"dvar2": 0, "var": 0, "min": 0.622366309166, "dmean": 0, "mean": 0.622366309166, "max": 0.622366309166, "dmean2": 0, "median": 0.622366309166, "dvar": 0}, "bpm": 144.791885376, "beats_count": 618, "bpm_histogram_first_peak_spread": {"dvar2": 0, "var": 0, "min": 0.360000014305, "dmean": 0, "mean": 0.360000014305, "max": 0.360000014305, "dmean2": 0, "median": 0.360000014305, "dvar": 0}, "danceability": 1.14104914665, "bpm_histogram_first_peak_bpm": {"dvar2": 0, "var": 0, "min": 144, "dmean": 0, "mean": 144, "max": 144, "dmean2": 0, "median": 144, "dvar": 0}, "beats_position": [0.429569154978, 0.859138309956, 1.30031740665, 1.74149656296, 2.19428563118, 2.6470746994, 3.09986400604, 3.52943301201, 3.94739222527, 4.3653512001, 4.78331041336, 5.20126962662, 5.60761880875, 6.01396799088, 6.43192720413, 6.84988641739, 7.26784563065, 7.6858048439, 8.10376358032, 8.51011276245, 8.91646194458, 9.33442115784, 9.75238037109, 10.1587295532, 10.5650787354, 10.9830379486, 11.4009971619, 11.8189563751, 12.2369155884, 12.6548748016, 13.0612239838, 13.479183197, 13.8855323792, 14.3034915924, 14.7214508057, 15.1277999878, 15.5341491699, 15.9521083832, 16.3700675964, 16.7880268097, 17.2059860229, 17.6123352051, 18.0186843872, 18.4250335693, 18.8429927826, 19.2493419647, 19.667301178, 20.0852603912, 20.5032196045, 20.9211788177, 21.339138031, 21.7454872131, 22.1518363953, 22.5581855774, 22.9761447906, 23.3824939728, 23.800453186, 24.2184123993, 24.6363716125, 25.0543308258, 25.4722900391, 25.8902492523, 26.2965984344, 26.7029476166, 27.1209068298, 27.5388660431, 27.9568252563, 28.3747844696, 28.7811336517, 29.1874828339, 29.6054420471, 30.0234012604, 30.4413604736, 30.8593196869, 31.265668869, 31.6720180511, 32.0899772644, 32.5079345703, 32.9258956909, 33.3438529968, 33.750202179, 34.1565513611, 34.5745124817, 34.9924697876, 35.4104309082, 35.8283882141, 36.2463493347, 36.6526985168, 37.0706558228, 37.4770050049, 37.883354187, 38.2897033691, 38.7076644897, 39.1256217957, 39.5435829163, 39.9615402222, 40.3795013428, 40.7974586487, 41.2154197693, 41.6217689514, 42.0281181335, 42.4460754395, 42.8640365601, 43.281993866, 43.6883430481, 44.0946922302, 44.5126533508, 44.9306106567, 45.3485717773, 45.7549209595, 46.1612701416, 46.5792274475, 46.9971885681, 47.415145874, 47.8214950562, 48.2278442383, 48.6458053589, 49.0637626648, 49.4817237854, 49.8996810913, 50.3176422119, 50.723991394, 51.1303405762, 51.5482978821, 51.9662590027, 52.3842163086, 52.8021774292, 53.2085266113, 53.6264839172, 54.0444450378, 54.4624023438, 54.8687515259, 55.275100708, 55.6814498901, 56.0994110107, 56.5173683167, 56.9353294373, 57.3532867432, 57.7712478638, 58.1775970459, 58.583946228, 59.0019035339, 59.4082527161, 59.8146018982, 60.2325630188, 60.6505203247, 61.0684814453, 61.4748306274, 61.8927879333, 62.2991371155, 62.7170982361, 63.135055542, 63.5530128479, 63.95936203, 64.3657150269, 64.7836685181, 65.2016296387, 65.6195907593, 66.0375518799, 66.443901062, 66.8502502441, 67.2682037354, 67.686164856, 68.1041259766, 68.5104751587, 68.9168243408, 69.3347854614, 69.7527389526, 70.1707000732, 70.5886611938, 70.995010376, 71.4013595581, 71.8193206787, 72.2372741699, 72.6552352905, 73.0731964111, 73.4795455933, 73.8858947754, 74.303855896, 74.7218093872, 75.1281585693, 75.5345077515, 75.9524688721, 76.3704299927, 76.7767791748, 77.1831283569, 77.6010894775, 78.0190429688, 78.4370040894, 78.85496521, 79.2729263306, 79.6908798218, 80.1088409424, 80.526802063, 80.9331512451, 81.3511123657, 81.7690658569, 82.1754150391, 82.5817642212, 82.9881134033, 83.4060745239, 83.8240356445, 84.2419967651, 84.6599502563, 85.077911377, 85.4958724976, 85.9138336182, 86.3201828003, 86.7265319824, 87.1328811646, 87.5392303467, 87.9571838379, 88.3751449585, 88.7814941406, 89.1994552612, 89.6058044434, 90.023765564, 90.4417190552, 90.8596801758, 91.2776412964, 91.6839904785, 92.0903396606, 92.5083007812, 92.9262542725, 93.3442153931, 93.7621765137, 94.1685256958, 94.5748748779, 94.9928359985, 95.4107894897, 95.8287506104, 96.246711731, 96.6646728516, 97.0710220337, 97.4889755249, 97.895324707, 98.3016738892, 98.7196350098, 99.1375961304, 99.5439453125, 99.9619064331, 100.379859924, 100.786209106, 101.192558289, 101.610519409, 102.02848053, 102.44644165, 102.864395142, 103.270744324, 103.677093506, 104.095054626, 104.513015747, 104.930976868, 105.348930359, 105.755279541, 106.173240662, 106.579589844, 106.997550964, 107.415504456, 107.821853638, 108.22820282, 108.64616394, 109.064125061, 109.482086182, 109.900039673, 110.306388855, 110.712738037, 111.130699158, 111.53704834, 111.943397522, 112.361358643, 112.779319763, 113.197273254, 113.615234375, 114.021583557, 114.427932739, 114.84589386, 115.26385498, 115.681808472, 116.099769592, 116.517730713, 116.924079895, 117.330429077, 117.748390198, 118.166343689, 118.58430481, 119.00226593, 119.420227051, 119.826576233, 120.232925415, 120.639274597, 121.045623779, 121.463577271, 121.881538391, 122.299499512, 122.717460632, 123.135414124, 123.553375244, 123.959724426, 124.366073608, 124.784034729, 125.20199585, 125.619949341, 126.037910461, 126.444259644, 126.850608826, 127.268569946, 127.686531067, 128.104492188, 128.522445679, 128.92880249, 129.346755981, 129.764709473, 130.182678223, 130.589019775, 130.995376587, 131.413330078, 131.831283569, 132.237640381, 132.655593872, 133.073562622, 133.479904175, 133.886260986, 134.304214478, 134.722167969, 135.12852478, 135.534866333, 135.952835083, 136.370788574, 136.788757324, 137.206710815, 137.613052368, 138.01940918, 138.437362671, 138.855331421, 139.273284912, 139.691238403, 140.109207153, 140.515548706, 140.921905518, 141.339859009, 141.757827759, 142.164169312, 142.570526123, 142.988479614, 143.406433105, 143.824401855, 144.242355347, 144.648712158, 145.066665649, 145.473007202, 145.890975952, 146.308929443, 146.726898193, 147.121627808, 147.539596558, 147.957550049, 148.37550354, 148.79347229, 149.211425781, 149.617782593, 150.024124146, 150.442077637, 150.860046387, 151.277999878, 151.684356689, 152.090698242, 152.508651733, 152.926620483, 153.344573975, 153.762542725, 154.180496216, 154.586837769, 155.004806519, 155.411148071, 155.829116821, 156.247070312, 156.653427124, 157.059768677, 157.477722168, 157.895690918, 158.313644409, 158.731613159, 159.14956665, 159.567520142, 159.985488892, 160.403442383, 160.821395874, 161.227752686, 161.634094238, 162.04045105, 162.446792603, 162.864761353, 163.282714844, 163.700683594, 164.118637085, 164.536590576, 164.942947388, 165.360900879, 165.76725769, 166.173599243, 166.579956055, 166.997909546, 167.404266357, 167.81060791, 168.228561401, 168.646530151, 169.064483643, 169.482452393, 169.900405884, 170.318359375, 170.736328125, 171.154281616, 171.560638428, 171.978591919, 172.384933472, 172.791290283, 173.197631836, 173.615600586, 174.033554077, 174.451522827, 174.869476318, 175.264221191, 175.682174683, 176.088516235, 176.506484985, 176.924438477, 177.330795288, 177.760360718, 178.178314209, 178.584671021, 179.002624512, 179.420593262, 179.838546753, 180.244888306, 180.651245117, 181.069198608, 181.487167358, 181.893508911, 182.299865723, 182.717819214, 183.135772705, 183.542129517, 183.960083008, 184.366439819, 184.784393311, 185.190750122, 185.597091675, 186.015060425, 186.433013916, 186.850967407, 187.268936157, 187.686889648, 188.10484314, 188.511199951, 188.917541504, 189.335510254, 189.753463745, 190.171432495, 190.577774048, 190.984130859, 191.402084351, 191.820037842, 192.238006592, 192.644348145, 193.050704956, 193.468658447, 193.886611938, 194.304580688, 194.72253418, 195.140487671, 195.558456421, 195.964797974, 196.371154785, 196.789108276, 197.207077026, 197.625030518, 198.03137207, 198.437728882, 198.855682373, 199.273651123, 199.679992676, 200.086349487, 200.504302979, 200.92225647, 201.34022522, 201.758178711, 202.176147461, 202.582489014, 203.000442505, 203.406799316, 203.813140869, 204.231109619, 204.637451172, 205.055419922, 205.473373413, 205.891326904, 206.309295654, 206.715637207, 207.121994019, 207.53994751, 207.95791626, 208.375869751, 208.793823242, 209.211791992, 209.629745483, 210.047698975, 210.454055786, 210.860397339, 211.278366089, 211.69631958, 212.102676392, 212.520629883, 212.926986694, 213.344940186, 213.751281738, 214.15763855, 214.575592041, 214.981948853, 215.399902344, 215.806259155, 216.224212646, 216.642166138, 217.060134888, 217.46647644, 217.872833252, 218.290786743, 218.708755493, 219.126708984, 219.533050537, 219.939407349, 220.35736084, 220.77532959, 221.193283081, 221.611236572, 222.029205322, 222.447158813, 222.865127563, 223.283081055, 223.701034546, 224.107391357, 224.51373291, 224.93170166, 225.349655151, 225.756011963, 226.162353516, 226.568710327, 226.97505188, 227.393005371, 227.799362183, 228.217315674, 228.635284424, 229.041625977, 229.459594727, 229.877548218, 230.295501709, 230.713470459, 231.13142395, 231.549377441, 231.967346191, 232.385299683, 232.791656494, 233.197998047, 233.615966797, 234.033920288, 234.440261841, 234.846618652, 235.264572144, 235.682540894, 236.100494385, 236.518447876, 236.936416626, 237.354370117, 237.772338867, 238.190292358, 238.60824585, 239.0262146, 239.444168091, 239.862121582, 240.291702271, 240.709655762, 241.127609253, 241.557189941, 241.986755371, 242.416320801, 242.84588623, 243.275466919, 243.716644287, 244.157821655, 244.598999023, 245.040176392, 245.492965698, 245.934143066, 246.386932373, 246.816497803, 247.246078491, 247.664031982, 248.081985474, 248.499954224, 248.917907715, 249.335861206, 249.753829956, 250.171783447, 250.589752197, 250.99609375, 251.414047241, 251.832015991, 252.249969482, 252.679534912, 253.109115601, 253.53868103, 253.96824646, 254.39781189, 254.839004517, 255.280181885, 255.709747314, 256.139312744, 256.580505371], "beats_loudness": {"dvar2": 0.00179048464634, "var": 0.00140555959661, "min": 0, "dmean": 0.0239162221551, "mean": 0.0568842366338, "max": 0.192414104939, "dmean2": 0.0423462614417, "median": 0.0556069016457, "dvar": 0.000558383530006}, "bpm_histogram_second_peak_weight": {"dvar2": 0, "var": 0, "min": 0.0162074547261, "dmean": 0, "mean": 0.0162074547261, "max": 0.0162074547261, "dmean2": 0, "median": 0.0162074547261, "dvar": 0}, "bpm_histogram_second_peak_spread": {"dvar2": 0, "var": 0, "min": 0.333333313465, "dmean": 0, "mean": 0.333333313465, "max": 0.333333313465, "dmean2": 0, "median": 0.333333313465, "dvar": 0}, "bpm_histogram_second_peak_bpm": {"dvar2": 0, "var": 0, "min": 136, "dmean": 0, "mean": 136, "max": 136, "dmean2": 0, "median": 136, "dvar": 0}, "onset_rate": 2.87809443474}, "lowlevel": {"spectral_energyband_high": {"dvar2": 1.282821529e-07, "var": 3.0963317954e-07, "min": 7.15602025855e-21, "dmean": 0.000139916111948, "mean": 0.000303977518342, "max": 0.0091280862689, "dmean2": 0.000185933240573, "median": 0.00015540746972, "dvar": 8.21119954253e-08}, "spectral_energyband_middle_low": {"dvar2": 0.000135887748911, "var": 0.000311140989652, "min": 1.63695832245e-22, "dmean": 0.00544496160001, "mean": 0.015393871814, "max": 0.177513733506, "dmean2": 0.00817339867353, "median": 0.00945982709527, "dvar": 6.24058957328e-05}, "spectral_energy": {"dvar2": 0.000591699033976, "var": 0.00113364332356, "min": 9.9446310882e-21, "dmean": 0.0124811958522, "mean": 0.0430918261409, "max": 0.239166066051, "dmean2": 0.0193289611489, "median": 0.0373347848654, "dvar": 0.000244575960096}, "spectral_spread": {"dvar2": 838006341632, "var": 17562187333600.0, "min": 1354906.625, "dmean": 597674.5, "mean": 4653726, "max": 42615172, "dmean2": 907277.9375, "median": 4113840.5, "dvar": 409466830848}, "spectral_energyband_low": {"dvar2": 0.000441409531049, "var": 0.000311644602334, "min": 1.05252385773e-23, "dmean": 0.00871708057821, "mean": 0.0158629212528, "max": 0.187187924981, "dmean2": 0.0143404472619, "median": 0.0103216115385, "dvar": 0.000162666852702}, "spectral_rolloff": {"dvar2": 152815120, "var": 68988600, "min": 86.1328125, "dmean": 4068.98681641, "mean": 17377.0449219, "max": 22050, "dmean2": 7948.44238281, "median": 21705.46875, "dvar": 61565092}, "barkbands": {"dvar2": [3.96116593038e-05, 0.000274366117083, 6.69938017381e-05, 2.65006619884e-05, 2.38167904172e-05, 6.79342483636e-05, 1.37906272357e-05, 3.53912264472e-06, 1.03970060081e-05, 3.04867535306e-06, 1.23688801068e-06, 8.82192182416e-07, 7.84419228239e-07, 1.54662828322e-07, 3.6746402543e-07, 5.68079592256e-08, 2.4866379178e-08, 4.6651084773e-08, 7.50054454102e-08, 1.9038591148e-08, 1.62491868849e-08, 1.95241001144e-09, 1.001001948e-09, 1.87668644513e-10, 4.03807334792e-11, 9.02167340833e-10, 6.07603780622e-08], "var": [2.03612489713e-05, 0.000152231077664, 4.68715006718e-05, 1.54053268488e-05, 1.90973005374e-05, 0.000131982218591, 2.64151021838e-05, 2.74921194432e-06, 1.05942217488e-05, 2.14876490645e-06, 5.98615088165e-07, 7.69430243963e-07, 5.32521028163e-07, 1.0967476527e-07, 3.08478234956e-07, 5.10732007797e-08, 2.84316143961e-08, 5.36389919148e-08, 7.99957859954e-08, 3.24965583332e-08, 2.57507846158e-08, 3.00740210513e-09, 6.16485473781e-10, 1.11063172548e-10, 1.78608620949e-11, 6.121915197e-10, 1.82727077913e-07], "min": [3.85185643751e-25, 2.01230074718e-24, 4.78785666485e-25, 1.18190138492e-24, 6.27170767605e-24, 9.38369689397e-24, 6.9641405908e-24, 4.74628537147e-24, 9.88295197253e-24, 1.86891640297e-23, 1.3954452431e-23, 1.85695821828e-23, 1.64938919259e-23, 1.79055648267e-23, 4.65126431442e-23, 4.99866792858e-23, 6.84373627752e-23, 8.64448673635e-23, 1.12525555523e-22, 1.43187695385e-22, 2.50238644578e-22, 2.62459122364e-22, 3.91246155613e-22, 5.27577097253e-22, 9.10427374698e-22, 1.35367541789e-21, 1.77351663273e-21], "dmean": [0.00189599441364, 0.00623589428142, 0.00274114799686, 0.00171234703157, 0.00163135735784, 0.00274591706693, 0.00118720449973, 0.000477910332847, 0.000838692358229, 0.000398010102799, 0.000243060392677, 0.000241725341766, 0.00022547779372, 0.000114727547043, 0.000146527017932, 6.5816573624e-05, 3.98378906539e-05, 4.36927039118e-05, 5.10234276589e-05, 3.11747862725e-05, 2.70935615845e-05, 1.50251325977e-05, 9.6948360806e-06, 4.85945292894e-06, 2.27835812439e-06, 1.01966652437e-05, 0.00010465637024], "mean": [0.00227822037414, 0.00916167814285, 0.00399398989975, 0.00236755888909, 0.0027616340667, 0.00556795811281, 0.00229933718219, 0.000758348207455, 0.00148738990538, 0.000604116416071, 0.000324132328387, 0.000408917694585, 0.000359313504305, 0.000186039091204, 0.000244670169195, 0.000104320068203, 6.4694271714e-05, 7.1560847573e-05, 9.39205492614e-05, 5.67816059629e-05, 4.77622706967e-05, 2.73820769507e-05, 1.42687858897e-05, 5.97456164542e-06, 2.46164290729e-06, 1.4680041204e-05, 0.000275331462035], "max": [0.092206761241, 0.176030769944, 0.104199260473, 0.05314290151, 0.0963372141123, 0.168680801988, 0.0983325913548, 0.0295239388943, 0.0574058927596, 0.0404755473137, 0.0129663459957, 0.0257716439664, 0.0164616946131, 0.00678613549098, 0.0153997186571, 0.00469769118354, 0.00363073893823, 0.00726164039224, 0.00777766061947, 0.00416077813134, 0.00411342130974, 0.00143067887984, 0.000415239250287, 0.000158527225722, 5.70407173655e-05, 0.000343158579199, 0.0074477000162], "dmean2": [0.00320132542402, 0.0103714540601, 0.00455037551001, 0.00290586426854, 0.00262934435159, 0.00402337918058, 0.00181693735067, 0.00076949223876, 0.00131214899011, 0.000640854879748, 0.000396446645027, 0.000394249800593, 0.000367286789697, 0.000187495243154, 0.000230744350119, 0.00010345785995, 6.12151852692e-05, 6.5409571107e-05, 7.57626767154e-05, 4.46976409876e-05, 3.87135041819e-05, 2.15225227294e-05, 1.43589968502e-05, 7.39871302358e-06, 3.7371248709e-06, 1.47730033859e-05, 0.000149754196173], "median": [0.000713707704563, 0.00464024301618, 0.00178416119888, 0.00106790475547, 0.00143536925316, 0.00182381842751, 0.000520057044923, 0.000238147709752, 0.000392505869968, 0.000148907027324, 8.71257507242e-05, 0.000137762835948, 0.000129052001284, 7.16904323781e-05, 7.10647582309e-05, 3.45096705132e-05, 2.09520330827e-05, 2.11049009522e-05, 3.07665977743e-05, 2.01442107937e-05, 1.63659515238e-05, 1.16847641038e-05, 5.68295854464e-06, 2.31821377383e-06, 9.53838139139e-07, 5.83708833801e-06, 0.000146361708175], "dvar": [1.51365184138e-05, 0.000100329278212, 2.4673237931e-05, 9.28795543587e-06, 1.01032419479e-05, 3.38841236953e-05, 6.7692913035e-06, 1.42154999594e-06, 4.23923211201e-06, 1.22422147797e-06, 4.92482286063e-07, 3.62338056448e-07, 3.13703964139e-07, 6.14649877662e-08, 1.49613725853e-07, 2.45904399065e-08, 1.13848939165e-08, 2.38580231127e-08, 3.64598342628e-08, 1.12358931048e-08, 9.64858148933e-09, 1.0524459082e-09, 4.37345271109e-10, 8.38440913919e-11, 1.57866046624e-11, 4.2059863925e-10, 3.0553767516e-08]}, "melbands_skewness": {"dvar2": 1.64208626747, "var": 3.13129997253, "min": -2.77386379242, "dmean": 0.798731029034, "mean": 2.60092759132, "max": 13.1523637772, "dmean2": 1.26602697372, "median": 2.26123476028, "dvar": 0.65796905756}, "barkbands_skewness": {"dvar2": 1.79049754143, "var": 2.7555077076, "min": -2.10733652115, "dmean": 0.775269687176, "mean": 2.78243613243, "max": 19.3660488129, "dmean2": 1.21029984951, "median": 2.54997944832, "dvar": 0.709489762783}, "erbbands": {"dvar2": [0.404622763395, 13.2852420807, 75.1578445435, 154.305541992, 204.365249634, 455.094696045, 2271.89038086, 7482.49658203, 2784.6171875, 3285.05371094, 1926.70446777, 7277.07226562, 2616.57958984, 1607.24328613, 2149.91113281, 959.76184082, 1342.53820801, 575.179626465, 673.631286621, 493.094390869, 119.970039368, 74.5897216797, 91.6161270142, 284.371490479, 91.4682617188, 43.2074813843, 48.1382484436, 11.8229560852, 2.99889421463, 1.32487404346, 0.82492595911, 0.108161449432, 0.0479774475098, 0.00528056826442, 0.0020368443802, 0.00213930779137, 0.0034917537123, 0.0029366556555, 0.000624722451903, 4.66739584226e-05], "var": [0.217362999916, 6.77510166168, 45.9850196838, 95.2844696045, 151.247573853, 370.036895752, 2005.69006348, 17081.640625, 6947.44091797, 3437.77783203, 1351.05639648, 7568.07226562, 2164.95507812, 1085.51049805, 1045.33422852, 792.141052246, 967.012756348, 466.990692139, 569.047485352, 413.408477783, 118.947570801, 91.1643295288, 127.074501038, 268.018615723, 127.520652771, 72.8893203735, 68.6097869873, 20.4388656616, 4.66219043732, 1.25599384308, 0.443179994822, 0.0732050910592, 0.0244205463678, 0.00245010224171, 0.000924994936213, 0.00113853532821, 0.00246544042602, 0.00278841564432, 0.00114290288184, 0.000157485017553], "min": [6.81074169684e-23, 4.10177605648e-22, 1.06308995851e-21, 6.64131560422e-21, 1.57107463874e-20, 2.23149273174e-20, 3.58000408692e-20, 7.38648764061e-20, 1.18372570035e-19, 1.50195552369e-19, 1.74224696799e-19, 2.57759818629e-19, 4.48399203826e-19, 7.78834128797e-19, 8.3824694498e-19, 1.05594247744e-18, 1.21178020291e-18, 1.20663152059e-18, 2.21050390904e-18, 3.47883172959e-18, 3.96707591333e-18, 4.35254704187e-18, 4.87738238718e-18, 5.2303684787e-18, 7.34667492074e-18, 7.53543340062e-18, 9.30285201749e-18, 1.11490413897e-17, 9.48635128304e-18, 1.11458832142e-17, 9.50843286949e-18, 8.82106563279e-18, 8.57785798909e-18, 7.97945071855e-18, 6.53780725977e-18, 3.83472039788e-18, 2.2813819138e-18, 9.66939497886e-19, 2.52746897322e-19, 2.55010428601e-20], "dmean": [0.23154373467, 1.31408047676, 3.0020904541, 4.26727676392, 5.00149202347, 6.06473588943, 13.5912294388, 27.3404655457, 18.0673179626, 13.3076953888, 11.0006074905, 20.1173343658, 13.8912572861, 9.74378299713, 9.87982463837, 8.38812065125, 9.70035743713, 6.55701303482, 6.80237627029, 5.69052839279, 3.08597040176, 2.19188332558, 2.14991998672, 2.85220551491, 2.09028077126, 1.46466219425, 1.33113956451, 0.858329474926, 0.575920164585, 0.386962741613, 0.259349346161, 0.120951749384, 0.0729757845402, 0.0268936641514, 0.0165217164904, 0.0167811308056, 0.0203030854464, 0.0192927327007, 0.00914269499481, 0.00347978388891], "mean": [0.317857503891, 1.86572909355, 4.45088815689, 6.51457118988, 7.96233654022, 9.38715744019, 23.918390274, 56.1922912598, 37.1664123535, 24.3791561127, 18.44024086, 34.9935264587, 25.1459503174, 15.4577178955, 14.9514360428, 14.925532341, 16.2327671051, 11.4411849976, 11.8684434891, 9.87247085571, 5.20526027679, 3.7178747654, 3.67445063591, 4.93264770508, 4.05112743378, 2.69936299324, 2.30397486687, 1.52335500717, 1.05931246281, 0.650416791439, 0.368750661612, 0.162311062217, 0.0833384171128, 0.0303249973804, 0.0183555744588, 0.0202653948218, 0.0293425805867, 0.034058470279, 0.0199569649994, 0.0130027756095], "max": [5.3636713028, 42.6934051514, 103.733726501, 128.238082886, 210.641571045, 388.784851074, 680.129699707, 1941.68347168, 1753.63354492, 1077.24658203, 763.209899902, 1677.08251953, 1110.58435059, 680.697021484, 524.086303711, 730.183044434, 660.700927734, 489.021697998, 658.182739258, 493.526245117, 239.006820679, 195.160140991, 273.001922607, 442.887908936, 338.936767578, 206.543548584, 201.600570679, 99.928024292, 59.0170326233, 17.8983135223, 11.6837320328, 3.41233372688, 2.65170884132, 0.680924057961, 0.404096454382, 0.535981416702, 0.616850554943, 0.743652939796, 0.67259901762, 0.193483322859], "dmean2": [0.385233879089, 2.19636416435, 5.00839805603, 7.21359777451, 8.3617105484, 9.82580566406, 21.1250534058, 39.1325759888, 26.8728237152, 21.5659236908, 17.6072673798, 31.2571773529, 22.1692409515, 15.6105985641, 16.1526451111, 13.5330982208, 15.7413644791, 10.6184263229, 10.8098611832, 9.01794433594, 4.81205177307, 3.32736539841, 3.13277697563, 4.28987884521, 3.01528525352, 2.09030246735, 1.8961250782, 1.21226775646, 0.828458487988, 0.564077019691, 0.388468384743, 0.180803313851, 0.113493293524, 0.0437459088862, 0.0270153135061, 0.0262193456292, 0.0290840789676, 0.0266600809991, 0.0123671935871, 0.00513578485698], "median": [0.137150943279, 0.931367397308, 2.1792485714, 3.27743768692, 3.82061100006, 4.23247814178, 8.95463562012, 16.2831764221, 10.1793117523, 5.93499088287, 6.24060630798, 8.32418441772, 7.5494260788, 4.56358385086, 4.82769632339, 5.894053936, 6.30594921112, 4.38561725616, 4.31891536713, 3.11519479752, 1.87125444412, 1.26951146126, 1.14783525467, 1.47211265564, 1.45137739182, 0.960580229759, 0.780263900757, 0.559940457344, 0.451777279377, 0.275897562504, 0.146989837289, 0.0671084076166, 0.0298886373639, 0.0128907002509, 0.00756549043581, 0.00819909851998, 0.0114402379841, 0.0143144177273, 0.0107232555747, 0.00968541577458], "dvar": [0.151222005486, 4.7837677002, 26.8134059906, 54.7658653259, 76.7265319824, 199.392166138, 956.137084961, 3958.74243164, 1571.51306152, 1270.23828125, 747.846862793, 3043.80029297, 1019.51190186, 652.577331543, 841.483947754, 388.210998535, 537.966918945, 229.2159729, 275.887969971, 201.404296875, 51.5251922607, 35.2723846436, 48.7744674683, 138.403823853, 47.7259101868, 25.0282077789, 26.7089138031, 7.28011131287, 1.62816548347, 0.624100148678, 0.349517315626, 0.0497979298234, 0.0206232406199, 0.00207707891241, 0.000797600136138, 0.000914516043849, 0.00166098435875, 0.0014219697332, 0.000358158780728, 2.17381748371e-05]}, "silence_rate_30dB": {"dvar2": 0.0832319110632, "var": 0.0446709394455, "min": 0, "dmean": 0.036304526031, "mean": 0.95313346386, "max": 1, "dmean2": 0.072615608573, "median": 1, "dvar": 0.034984305501}, "melbands_spread": {"dvar2": 59.3798446655, "var": 289.922576904, "min": 0.287103950977, "dmean": 3.45139598846, "mean": 12.0019245148, "max": 167.223403931, "dmean2": 5.30371713638, "median": 8.44776916504, "dvar": 27.9529266357}, "melbands_crest": {"dvar2": 25.4333591461, "var": 30.2060012817, "min": 1.59963738918, "dmean": 3.61366605759, "mean": 15.7618646622, "max": 37.2538795471, "dmean2": 5.99809837341, "median": 15.2972450256, "dvar": 9.49530887604}, "zerocrossingrate": {"dvar2": 0.00235590315424, "var": 0.00959645956755, "min": 0.02001953125, "dmean": 0.0452737212181, "mean": 0.320680111647, "max": 0.79345703125, "dmean2": 0.0588956177235, "median": 0.3154296875, "dvar": 0.00140162999742}, "barkbands_kurtosis": {"dvar2": 744.786865234, "var": 704.331237793, "min": -1.66621541977, "dmean": 8.31591796875, "mean": 17.4196662903, "max": 662.124755859, "dmean2": 13.1951532364, "median": 11.1260948181, "dvar": 284.484771729}, "spectral_flux": {"dvar2": 0.00135675491765, "var": 0.00289218057878, "min": 6.42146474883e-11, "dmean": 0.0222299359739, "mean": 0.0985240936279, "max": 0.35403111577, "dmean2": 0.0358740389347, "median": 0.0975904762745, "dvar": 0.000572711462155}, "barkbands_crest": {"dvar2": 16.0749530792, "var": 18.2486991882, "min": 2.87120008469, "dmean": 2.86217188835, "mean": 11.1888809204, "max": 26.0901088715, "dmean2": 4.73842525482, "median": 10.3451356888, "dvar": 5.99037647247}, "barkbands_flatness_db": {"dvar2": 0.00147140282206, "var": 0.00319675868377, "min": 0.0453918501735, "dmean": 0.0288146045059, "mean": 0.175331369042, "max": 0.493965417147, "dmean2": 0.0443351007998, "median": 0.168352931738, "dvar": 0.000614876626059}, "spectral_entropy": {"dvar2": 0.12127891928, "var": 0.371896803379, "min": 3.63464140892, "dmean": 0.24195343256, "mean": 7.16704034805, "max": 9.82798862457, "dmean2": 0.363511264324, "median": 7.21755981445, "dvar": 0.0524920262396}, "pitch_salience": {"dvar2": 0.00955581571907, "var": 0.0117957890034, "min": 0.0536550916731, "dmean": 0.0700079873204, "mean": 0.528803825378, "max": 0.990411937237, "dmean2": 0.114784747362, "median": 0.534307420254, "dvar": 0.00359112932347}, "erbbands_spread": {"dvar2": 107.357376099, "var": 216.331970215, "min": 0.235599458218, "dmean": 6.39515447617, "mean": 27.0319366455, "max": 103.902458191, "dmean2": 9.82363510132, "median": 24.8110332489, "dvar": 47.9501152039}, "dynamic_complexity": 4.4626584053, "spectral_contrast_valleys": {"dvar2": [0.265472769737, 0.216535165906, 0.225231856108, 0.258846104145, 0.263015449047, 0.549307703972], "var": [7.22726678848, 7.16023445129, 6.85394477844, 6.76582956314, 6.45329713821, 4.71121358871], "min": [-28.2021465302, -27.9485664368, -27.8031177521, -27.7809123993, -27.5289440155, -27.4458999634], "dmean": [0.388853549957, 0.366263508797, 0.356746345758, 0.341442018747, 0.340834110975, 0.560409426689], "mean": [-7.25617790222, -7.00570440292, -7.80873060226, -8.31239509583, -8.55155754089, -11.4774646759], "max": [-5.13233375549, -4.39096021652, -4.80276012421, -5.81672430038, -5.35521221161, -9.05096054077], "dmean2": [0.642784535885, 0.585334897041, 0.556656301022, 0.527863025665, 0.497369676828, 0.872484922409], "median": [-6.69677114487, -6.53654336929, -7.29927253723, -7.76029062271, -8.01281929016, -11.0575313568], "dvar": [0.107623934746, 0.0961968004704, 0.105437152088, 0.119256742299, 0.124891929328, 0.21696819365]}, "hfc": {"dvar2": 26789.7148438, "var": 34419.4335938, "min": 1.07845439219e-16, "dmean": 75.6190643311, "mean": 223.418960571, "max": 1336.15270996, "dmean2": 118.367477417, "median": 180.71697998, "dvar": 10800.3261719}, "spectral_kurtosis": {"dvar2": 101.847297668, "var": 86.0216140747, "min": -1.28141033649, "dmean": 4.88292455673, "mean": 17.6373157501, "max": 137.117111206, "dmean2": 7.57347297668, "median": 15.7707595825, "dvar": 39.1100349426}, "mfcc": {"mean": [-716.932006836, 165.280517578, 10.684633255, 30.8906955719, -3.33390283585, 15.2419929504, -0.336398035288, 1.28324997425, -4.0524559021, 5.16286659241, 1.90893888474, -0.433507472277, 1.3096626997], "cov": [[13932.8525391, 2310.33007812, -1264.19104004, 373.685791016, -286.530334473, 495.690185547, -157.631408691, 108.106758118, -153.382919312, 181.702941895, -68.3083572388, -103.983787537, -106.186294556], [2310.33007812, 1588.57763672, 61.4543647766, -3.48645710945, -96.8248443604, 58.4474182129, 4.76756572723, -55.9553718567, -48.7028007507, 27.5131034851, 31.9713439941, -90.7436752319, -5.86489248276], [-1264.19104004, 61.4543647766, 606.312866211, -71.3100585938, 23.0193462372, -97.6203613281, -22.7845745087, -21.1688766479, 10.9738550186, -18.7291717529, 16.3761348724, 34.6566467285, 5.12266921997], [373.685791016, -3.48645710945, -71.3100585938, 350.306884766, 78.9143218994, 70.449256897, 30.2510051727, 29.8132362366, 15.0909309387, 22.9791164398, 7.45167064667, 10.0544223785, -1.17277920246], [-286.530334473, -96.8248443604, 23.0193462372, 78.9143218994, 227.643859863, 48.3791313171, 77.06224823, 2.71957659721, 26.4007015228, 6.82075643539, 6.98906946182, 14.660656929, 13.0741415024], [495.690185547, 58.4474182129, -97.6203613281, 70.449256897, 48.3791313171, 166.416870117, 47.3822059631, 42.7901802063, -18.4175014496, -1.45852375031, -11.5177335739, 12.0078487396, 2.92077636719], [-157.631408691, 4.76756572723, -22.7845745087, 30.2510051727, 77.06224823, 47.3822059631, 156.694534302, 36.2879714966, 4.2287106514, -17.9852428436, -10.9004411697, -21.2409591675, 6.04802083969], [108.106758118, -55.9553718567, -21.1688766479, 29.8132362366, 2.71957659721, 42.7901802063, 36.2879714966, 110.114425659, 44.8662796021, 6.11969709396, -19.399766922, 10.2402544022, -6.70972824097], [-153.382919312, -48.7028007507, 10.9738550186, 15.0909309387, 26.4007015228, -18.4175014496, 4.2287106514, 44.8662796021, 109.032577515, 32.9513282776, 7.81263875961, -1.58030796051, -3.71000790596], [181.702941895, 27.5131034851, -18.7291717529, 22.9791164398, 6.82075643539, -1.45852375031, -17.9852428436, 6.11969709396, 32.9513282776, 82.0710220337, 28.8085269928, -2.59892177582, -9.15615367889], [-68.3083572388, 31.9713439941, 16.3761348724, 7.45167064667, 6.98906946182, -11.5177335739, -10.9004411697, -19.399766922, 7.81263875961, 28.8085269928, 68.5643081665, 19.4596271515, 10.6281175613], [-103.983787537, -90.7436752319, 34.6566467285, 10.0544223785, 14.660656929, 12.0078487396, -21.2409591675, 10.2402544022, -1.58030796051, -2.59892177582, 19.4596271515, 81.5301361084, 27.0385150909], [-106.186294556, -5.86489248276, 5.12266921997, -1.17277920246, 13.0741415024, 2.92077636719, 6.04802083969, -6.70972824097, -3.71000790596, -9.15615367889, 10.6281175613, 27.0385150909, 61.4522132874]], "icov": [[0.000165119825397, -0.000264748610789, 0.00033384366543, -7.85701340646e-05, 4.60899809696e-06, -0.000130607004394, 0.000271064724075, -0.000236329957261, 0.000222626506002, -0.000283685250906, 0.000301058636978, -0.000243751870585, 0.000209821679164], [-0.000264748610789, 0.00122888514306, -0.000819038483314, 7.28018130758e-05, 0.000525480543729, -0.000575001060497, -0.000502610229887, 0.000802322116215, -0.000269479263807, 0.000187379133422, -0.00104627956171, 0.00162352947518, -0.000739662325941], [0.00033384366543, -0.000819038483314, 0.00276071764529, 0.000138386298204, -0.00074286502786, 0.00130521168467, 0.00063032930484, -0.000812567130197, 0.000456285983091, 0.000106695879367, 0.000493545609061, -0.00191107031424, 0.00101540097967], [-7.85701340646e-05, 7.28018130758e-05, 0.000138386298204, 0.00345478672534, -0.00110126985237, -0.000784059171565, 6.84644837747e-05, -0.000506847980432, -5.56383492949e-05, -0.000444046279881, -0.000488570367452, -6.72434980515e-05, 0.000179629059858], [4.60899809696e-06, 0.000525480543729, -0.00074286502786, -0.00110126985237, 0.00732852611691, -0.00237875059247, -0.00389860104769, 0.00395610928535, -0.00297245010734, -0.000961241952609, 0.000645131687634, -0.00159200420603, -0.000265216542175], [-0.000130607004394, -0.000575001060497, 0.00130521168467, -0.000784059171565, -0.00237875059247, 0.0105191497132, -0.00116377044469, -0.00450188480318, 0.00382523913868, -0.000400390359573, 0.000817671359982, -0.00235406029969, 0.000290421652608], [0.000271064724075, -0.000502610229887, 0.00063032930484, 6.84644837747e-05, -0.00389860104769, -0.00116377044469, 0.0111550837755, -0.00537027278915, 0.00195406679995, 0.00259353057481, -0.00166729011107, 0.00510653015226, -0.00188437185716], [-0.000236329957261, 0.000802322116215, -0.000812567130197, -0.000506847980432, 0.00395610928535, -0.00450188480318, -0.00537027278915, 0.0183657575399, -0.00899312924594, -0.000898704631254, 0.00528743630275, -0.00495657231659, 0.00222194218077], [0.000222626506002, -0.000269479263807, 0.000456285983091, -5.56383492949e-05, -0.00297245010734, 0.00382523913868, 0.00195406679995, -0.00899312924594, 0.0158655717969, -0.00481070671231, -0.00130764825735, 0.00216830451973, -0.000890601426363], [-0.000283685250906, 0.000187379133422, 0.000106695879367, -0.000444046279881, -0.000961241952609, -0.000400390359573, 0.00259353057481, -0.000898704631254, -0.00481070671231, 0.0189155340195, -0.00867356453091, 0.00272348802537, 0.00221016583964], [0.000301058636978, -0.00104627956171, 0.000493545609061, -0.000488570367452, 0.000645131687634, 0.000817671359982, -0.00166729011107, 0.00528743630275, -0.00130764825735, -0.00867356453091, 0.0227329321206, -0.00766230234876, -0.00099638174288], [-0.000243751870585, 0.00162352947518, -0.00191107031424, -6.72434980515e-05, -0.00159200420603, -0.00235406029969, 0.00510653015226, -0.00495657231659, 0.00216830451973, 0.00272348802537, -0.00766230234876, 0.0219427719712, -0.00849416572601], [0.000209821679164, -0.000739662325941, 0.00101540097967, 0.000179629059858, -0.000265216542175, 0.000290421652608, -0.00188437185716, 0.00222194218077, -0.000890601426363, 0.00221016583964, -0.00099638174288, -0.00849416572601, 0.0211394764483]]}, "silence_rate_20dB": {"dvar2": 0, "var": 0, "min": 1, "dmean": 0, "mean": 1, "max": 1, "dmean2": 0, "median": 1, "dvar": 0}, "melbands_kurtosis": {"dvar2": 529.941894531, "var": 526.614562988, "min": -1.7488796711, "dmean": 8.8752040863, "mean": 16.6813983917, "max": 351.021209717, "dmean2": 14.3054914474, "median": 8.86117362976, "dvar": 210.932037354}, "barkbands_spread": {"dvar2": 71.7072143555, "var": 157.492416382, "min": 0.178293734789, "dmean": 4.49210882187, "mean": 14.4447908401, "max": 124.209182739, "dmean2": 6.7819275856, "median": 11.3844203949, "dvar": 35.1445083618}, "erbbands_skewness": {"dvar2": 0.451459765434, "var": 1.60245037079, "min": -3.51127433777, "dmean": 0.43757045269, "mean": 0.928628027439, "max": 15.6020116806, "dmean2": 0.664407193661, "median": 0.85360532999, "dvar": 0.199910730124}, "average_loudness": 0.66241055727, "spectral_centroid": {"dvar2": 93165.625, "var": 1548310.375, "min": 139.116577148, "dmean": 145.117858887, "mean": 807.962524414, "max": 11833.8300781, "dmean2": 213.894287109, "median": 560.664672852, "dvar": 50794.34375}, "dissonance": {"dvar2": 0.00231076963246, "var": 0.00206657196395, "min": 0.102304644883, "dmean": 0.028355197981, "mean": 0.446584701538, "max": 0.500000238419, "dmean2": 0.047200601548, "median": 0.458644628525, "dvar": 0.000853864941746}, "erbbands_flatness_db": {"dvar2": 0.000956126896199, "var": 0.00266301375814, "min": 0.0448292270303, "dmean": 0.0237424187362, "mean": 0.153869822621, "max": 0.503784716129, "dmean2": 0.0355525687337, "median": 0.147053927183, "dvar": 0.00042704452062}, "spectral_strongpeak": {"dvar2": 988.575256348, "var": 315.906005859, "min": 0, "dmean": 6.82999801636, "mean": 5.65445613861, "max": 185.544158936, "dmean2": 12.8762655258, "median": 0.364849507809, "dvar": 372.224243164}, "spectral_rms": {"dvar2": 1.90751779883e-06, "var": 7.74865111453e-06, "min": 3.11481591388e-12, "dmean": 0.000868177856319, "mean": 0.00585594074801, "max": 0.0152752334252, "dmean2": 0.00132372090593, "median": 0.00603524502367, "dvar": 8.20726427264e-07}, "silence_rate_60dB": {"dvar2": 0.00754446629435, "var": 0.0748186558485, "min": 0, "dmean": 0.00325115141459, "mean": 0.081452049315, "max": 1, "dmean2": 0.00650289002806, "median": 0, "dvar": 0.00324064539745}, "melbands": {"dvar2": [2.51125293289e-05, 1.74551496457e-05, 4.3206096052e-06, 9.83475388239e-07, 1.9911506115e-06, 3.02663988805e-06, 5.39324446436e-07, 2.94862275041e-07, 1.33367876742e-07, 3.05888505636e-07, 7.04301967858e-08, 3.33652465656e-08, 2.49759128934e-08, 1.54702082256e-08, 7.47241468702e-09, 9.64630419986e-09, 1.65384383966e-09, 1.53561563465e-09, 2.62418131669e-09, 4.62211546814e-10, 1.74135442177e-10, 1.0302233372e-10, 1.09673749249e-10, 1.29603966448e-10, 2.4035332058e-10, 8.79800260423e-11, 3.85053863794e-11, 2.11264096495e-11, 2.76781930708e-11, 1.66554877529e-11, 3.64535355027e-12, 1.40000055819e-12, 6.92493263253e-13, 4.30412812596e-13, 4.52664652723e-13, 7.38389994222e-14, 3.44994351012e-14, 3.20058243146e-14, 7.89114697794e-15, 3.40735202538e-15], "var": [1.46421498357e-05, 1.03955617305e-05, 3.00335568681e-06, 8.55479925121e-07, 1.75925811163e-06, 6.79432059769e-06, 1.2331677226e-06, 3.14512476507e-07, 8.94787888228e-08, 3.29330731574e-07, 5.58948620721e-08, 2.24137686189e-08, 1.15998002315e-08, 1.29640183033e-08, 4.65877514344e-09, 6.14761308526e-09, 1.27772026293e-09, 1.1727250282e-09, 1.93821203531e-09, 3.55475759939e-10, 1.52655943442e-10, 9.98204643943e-11, 1.06266155597e-10, 1.28949489975e-10, 2.02270977745e-10, 9.32731392123e-11, 4.63948809926e-11, 3.1310180143e-11, 2.95366474334e-11, 1.95093975697e-11, 4.89562123479e-12, 1.77438239882e-12, 7.50240960936e-13, 3.1677400503e-13, 2.02210915113e-13, 5.13710879662e-14, 2.08456773436e-14, 1.53467530025e-14, 3.92570379009e-15, 1.48030855406e-15], "min": [1.01959049265e-24, 5.74188384298e-25, 1.77689045356e-24, 1.42941398811e-24, 1.39269586563e-24, 1.8312179236e-24, 1.83853322799e-24, 1.82724344514e-24, 1.71615033323e-24, 1.09718630256e-24, 1.31673063122e-24, 2.95587482807e-24, 2.84879563765e-24, 2.55839444198e-24, 1.70122883199e-24, 2.02846963472e-24, 1.94459656277e-24, 3.23441352788e-24, 3.32700745713e-24, 3.5783523466e-24, 3.9088203793e-24, 3.8104466634e-24, 3.41698650971e-24, 3.97954688705e-24, 3.77023447876e-24, 4.08904393613e-24, 4.14661184955e-24, 3.63214595502e-24, 5.06655895469e-24, 5.27687439961e-24, 5.19713831147e-24, 5.007