{"tonal": {"thpcp": [1, 0.896344363689, 0.668758809566, 0.581523954868, 0.631595790386, 0.699532628059, 0.629424452782, 0.548169910908, 0.50981515646, 0.478014320135, 0.470271080732, 0.486993730068, 0.418582081795, 0.285094857216, 0.200750440359, 0.19161388278, 0.341845840216, 0.484376549721, 0.392944335938, 0.315496236086, 0.371027886868, 0.45248568058, 0.458955764771, 0.373145461082, 0.339864224195, 0.307737112045, 0.251922547817, 0.238244757056, 0.215324014425, 0.195080548525, 0.233229994774, 0.375475078821, 0.500462710857, 0.433618277311, 0.322226673365, 0.614052295685], "hpcp": {"dmean2": [0.197277858853, 0.153349518776, 0.118318736553, 0.113666757941, 0.144998922944, 0.145933106542, 0.152083307505, 0.165565952659, 0.210207000375, 0.221490576863, 0.192042395473, 0.202527299523, 0.182794049382, 0.151877865195, 0.128233656287, 0.122831948102, 0.112614408135, 0.116164848208, 0.130082651973, 0.156755357981, 0.166354343295, 0.184468612075, 0.193862691522, 0.274570852518, 0.383015155792, 0.345995515585, 0.320315092802, 0.344700306654, 0.312811642885, 0.331750541925, 0.391865670681, 0.301235854626, 0.261012554169, 0.252897560596, 0.239955678582, 0.223480135202], "median": [0.0246927700937, 0.0184167139232, 0.0123693719506, 0.0116233071312, 0.0176993682981, 0.0211054198444, 0.0252660028636, 0.0243244580925, 0.0239683911204, 0.0225379578769, 0.0193549618125, 0.0179474242032, 0.0191480070353, 0.0209836773574, 0.0199993476272, 0.0154365673661, 0.0128007493913, 0.0108664184809, 0.0126921841875, 0.0184705480933, 0.023857370019, 0.0215637050569, 0.0172295551747, 0.0470354035497, 0.0754784345627, 0.0650078356266, 0.0217370130122, 0.0231268666685, 0.0197623055428, 0.0190354660153, 0.0222887396812, 0.0273851435632, 0.0281858574599, 0.0304136388004, 0.0302962716669, 0.0282219871879], "min": [0, 0, 0, 0, 0, 0, 0, 0, 0, 0, 0, 0, 0, 0, 0, 0, 0, 0, 0, 0, 0, 0, 0, 0, 0, 0, 0, 0, 0, 0, 0, 0, 0, 0, 0, 0], "dvar2": [0.11338352412, 0.0896731317043, 0.0669290572405, 0.0627096742392, 0.072057582438, 0.0731841772795, 0.0665228515863, 0.0783233419061, 0.125621721148, 0.140451207757, 0.107503451407, 0.127730816603, 0.107174001634, 0.084750212729, 0.0756897702813, 0.0832117497921, 0.0715667009354, 0.0789934545755, 0.0811061710119, 0.0957996323705, 0.0871353447437, 0.104315340519, 0.116304025054, 0.136710196733, 0.196272581816, 0.164860457182, 0.197690278292, 0.211393907666, 0.194128274918, 0.227658599615, 0.270043104887, 0.19688975811, 0.172804757953, 0.162775665522, 0.139988481998, 0.132864430547], "dvar": [0.0425599105656, 0.0321195311844, 0.0235690660775, 0.0221453364938, 0.0255330912769, 0.0270637292415, 0.02385404706, 0.0277058295906, 0.0429884754121, 0.0479370579123, 0.0407458543777, 0.0427649356425, 0.0373267680407, 0.0301082618535, 0.0258890576661, 0.0290368944407, 0.0250328406692, 0.0271795261651, 0.0280545596033, 0.0335909835994, 0.0316163748503, 0.0367670096457, 0.0405745580792, 0.0493254289031, 0.0750873684883, 0.0644852072001, 0.0710428282619, 0.0768509581685, 0.0715815797448, 0.0786044150591, 0.0933824256063, 0.0702239871025, 0.061084523797, 0.0591754540801, 0.0510895177722, 0.0486785136163], "dmean": [0.110803112388, 0.0846908092499, 0.0640593022108, 0.0618566013873, 0.0805424675345, 0.083656296134, 0.0855835080147, 0.0903933048248, 0.113536693156, 0.121350757778, 0.109762772918, 0.111079759896, 0.0999772250652, 0.0839978605509, 0.0712269470096, 0.0675942674279, 0.0618235431612, 0.0623092912138, 0.0709271654487, 0.0875644311309, 0.0941189974546, 0.103519894183, 0.105303622782, 0.152715459466, 0.21414244175, 0.193550541997, 0.174201861024, 0.188494265079, 0.172159910202, 0.178801909089, 0.209605097771, 0.164861410856, 0.144575238228, 0.139476314187, 0.133928880095, 0.124474480748], "max": [1, 1, 1, 1, 1, 1, 1, 1, 1, 1, 1, 1, 1, 1, 1, 1, 1, 1, 1, 1, 1, 1, 1, 1, 1, 1, 1, 1, 1, 1, 1, 1, 1, 1, 1, 1], "var": [0.0474213883281, 0.0271319672465, 0.0176972597837, 0.0158301685005, 0.0306290071458, 0.0612111836672, 0.0329477414489, 0.0240664649755, 0.0345069132745, 0.0511621423066, 0.052252586931, 0.0381368026137, 0.0320681259036, 0.026285931468, 0.0206754114479, 0.0241216439754, 0.0203930698335, 0.0194976143539, 0.0225338917226, 0.0431756190956, 0.0614301264286, 0.0481158569455, 0.0331707447767, 0.0546268597245, 0.117192834616, 0.0977583825588, 0.088740773499, 0.0708167031407, 0.0825351402164, 0.0994495227933, 0.0814244970679, 0.0678023844957, 0.0613168291748, 0.0552307926118, 0.0495432242751, 0.0571719147265], "mean": [0.109006784856, 0.0742441564798, 0.0522792562842, 0.0498999208212, 0.0890231952071, 0.126140922308, 0.102330222726, 0.0821612551808, 0.0966227576137, 0.117835924029, 0.11952085793, 0.0971742197871, 0.0885071456432, 0.0801406279206, 0.0656054541469, 0.062043491751, 0.0560744926333, 0.0508027076721, 0.0607375539839, 0.0977808907628, 0.130330070853, 0.112922497094, 0.0839139893651, 0.159910961986, 0.260419130325, 0.233425214887, 0.174157589674, 0.151439964771, 0.164479628205, 0.182171672583, 0.163914173841, 0.1427539289, 0.132765620947, 0.124484077096, 0.122467584908, 0.12682248652]}, "tuning_equal_tempered_deviation": 0.213247150183, "chords_changes_rate": 0.096357062459, "key_key": "F", "tuning_diatonic_strength": 0.496873766184, "key_scale": "minor", "chords_number_rate": 0.00291991094127, "tuning_frequency": 434.193115234, "tuning_nontempered_energy_ratio": 0.880115747452, "chords_histogram": [9.4688539505, 6.03448295593, 12.8476085663, 3.82369303703, 0.403225809336, 1.43214678764, 5.0889878273, 3.7958843708, 0.319799780846, 3.3370411396, 2.43325924873, 8.25917720795, 4.37986660004, 1.1123470068, 3.00333714485, 1.12625133991, 5.17241382599, 2.25250267982, 2.96162414551, 3.142380476, 0.959399342537, 1.93270301819, 6.50723028183, 10.205783844], "key_strength": 0.500992119312, "chords_key": "C", "chords_strength": {"dmean2": 0.0145366322249, "median": 0.471455425024, "min": -1, "dvar2": 0.000651399721391, "dvar": 0.000379223725758, "dmean": 0.0121028982103, "max": 0.861117601395, "var": 0.0124473720789, "mean": 0.473045170307}, "chords_scale": "minor", "hpcp_entropy": {"dmean2": 1.08440482616, "median": 2.6991019249, "min": 0, "dvar2": 0.76041829586, "dvar": 0.266511768103, "dmean": 0.638042628765, "max": 4.65703201294, "var": 0.617458283901, "mean": 2.64182662964}}, "metadata": {"audio_properties": {"equal_loudness": 0, "codec": "mp3", "downmix": "mix", "sample_rate": 44100, "analysis_sample_rate": 44100, "bit_rate": 320000, "md5_encoded": "a5e600e5f5e0e86469f591c9f04f91e7", "length": 333.924316406, "replay_gain": -6.48863220215, "lossless": false}, "version": {"essentia_build_sha": "ca57ba49d9b1854bd80e60cf9ccf267278fb7d6b", "essentia": "2.1-beta1", "extractor": "music 1.0", "essentia_git_sha": "v2.1_beta1-28-g21ef5f4-dirty"}, "tags": {"title": ["Doppelg\u00e4nger"], "media": ["CD"], "albumartist": ["Jucifer & Show of Bedlam"], "musicbrainz_recordingid": ["035becbe-a7e6-4410-9363-42271348cbde"], "musicbrainz_albumartistid": ["10522be6-0685-4b33-bfe0-28c5b656fe6d", "9d73da36-3b1c-4fcc-9cdf-d4d8cb3fc009"], "album": ["Autocannibalist"], "catalognumber": ["CHR011"], "musicbrainz album release country": ["CA"], "musicbrainz album type": ["ep"], "musicbrainz album status": ["official"], "artists": ["Show of Bedlam"], "date": ["2009"], "file_name": "09 - Show of Bedlam - Doppelg\u00e4nger.mp3", "musicbrainz_releasegroupid": ["afc72409-0000-47eb-b89e-f3f6eaf118b7"], "musicbrainz release track id": ["dcbe0a4d-32b4-331d-b5cc-90b5758c0f2b"], "script": ["Latn"], "originaldate": ["2009"], "musicbrainz_albumid": ["468ef215-fc2f-407e-8ff5-278ca4d84126"], "artist": ["Show of Bedlam"], "artistsort": ["Show of Bedlam"], "tracknumber": ["9/9"], "label": ["Choking Hazard Records"], "albumartistsort": ["Jucifer & Show of Bedlam"], "acoustid_id": ["fa8835b2-ee94-4470-9b8f-241461b895b5"], "musicbrainz_artistid": ["9d73da36-3b1c-4fcc-9cdf-d4d8cb3fc009"]}}, "rhythm": {"bpm_histogram_first_peak_bpm": {"dmean2": 0, "median": 144, "min": 144, "dvar2": 0, "dvar": 0, "dmean": 0, "max": 144, "var": 0, "mean": 144}, "bpm": 142.635360718, "bpm_histogram_second_peak_spread": {"dmean2": 0, "median": 0.742081403732, "min": 0.742081403732, "dvar2": 0, "dvar": 0, "dmean": 0, "max": 0.742081403732, "var": 0, "mean": 0.742081403732}, "bpm_histogram_first_peak_weight": {"dmean2": 0, "median": 0.179650232196, "min": 0.179650232196, "dvar2": 0, "dvar": 0, "dmean": 0, "max": 0.179650232196, "var": 0, "mean": 0.179650232196}, "onset_rate": 1.52423608303, "beats_position": [0.417959183455, 0.835918366909, 1.25387752056, 1.66022670269, 2.06657600403, 2.48453521729, 2.90249419212, 3.32045340538, 3.73841261864, 4.1679816246, 4.59755086899, 5.01551008224, 5.44507932663, 5.87464857101, 6.28099775314, 6.68734693527, 7.10530614853, 7.52326536179, 7.94122457504, 8.35918331146, 8.76553249359, 9.18349170685, 9.6014509201, 10.0078001022, 10.4257593155, 10.8437185287, 11.261677742, 11.6796369553, 12.0975961685, 12.5155553818, 12.933514595, 13.3514738083, 13.7694330215, 14.1873922348, 14.6053514481, 15.0233106613, 15.4412698746, 15.8476190567, 16.2655773163, 16.6951465607, 17.1247158051, 17.5542850494, 17.9722442627, 18.3785934448, 18.784942627, 19.2029018402, 19.6208610535, 20.0388202667, 20.45677948, 20.8631286621, 21.2694778442, 21.6874370575, 22.1053962708, 22.523355484, 22.9413146973, 23.3592739105, 23.7772331238, 24.1835823059, 24.6015415192, 25.0195007324, 25.4490699768, 25.8786392212, 26.3082084656, 26.73777771, 27.1557369232, 27.5736961365, 27.9800453186, 28.3980045319, 28.8159637451, 29.2339229584, 29.6518821716, 30.081451416, 30.5110206604, 30.9405899048, 31.358549118, 31.7881164551, 32.2176856995, 32.6472549438, 33.0768241882, 33.5180053711, 33.9591827393, 34.4003639221, 34.8299331665, 35.2594985962, 35.6890678406, 36.118637085, 36.5482063293, 36.96616745, 37.3841247559, 37.8020858765, 38.2200431824, 38.6496124268, 39.0791816711, 39.5087509155, 39.9383201599, 40.3562812805, 40.7858505249, 41.2154197693, 41.6333770752, 42.0513381958, 42.4809074402, 42.8988647461, 43.3284339905, 43.7696151733, 44.2107925415, 44.6403617859, 45.0699310303, 45.4995002747, 45.9174575806, 46.347026825, 46.7765960693, 47.1945571899, 47.6125144958, 48.0304756165, 48.4484329224, 48.866394043, 49.2843513489, 49.690700531, 50.1086616516, 50.5266189575, 50.9561882019, 51.3857574463, 51.8269386292, 52.2681159973, 52.7092971802, 53.1504745483, 53.5916557312, 54.0328330994, 54.4740142822, 54.9151916504, 55.333152771, 55.7627182007, 56.1922874451, 56.6218566895, 57.0398178101, 57.4693870544, 57.8873443604, 58.305305481, 58.7348747253, 59.1644439697, 59.5824012756, 60.01197052, 60.4415397644, 61.0220413208, 61.6025390625, 62.1830368042, 62.7519264221, 63.3324241638, 63.9013137817, 64.4818115234, 65.0507049561, 65.6312026978, 66.2117004395, 66.8038101196, 67.4307479858, 68.0460739136, 68.6846237183, 69.3115615845, 69.9384994507, 70.5654373169, 71.1923828125, 71.8425369263, 72.481086731, 73.1196365356, 73.7581863403, 74.3735122681, 75.0004501343, 75.6157836914, 76.2427215576, 76.8696594238, 77.5082092285, 78.1351470947, 78.7620849609, 79.3890228271, 80.0043487549, 80.619682312, 81.2466201782, 81.8851699829, 82.5353240967, 83.1854858398, 83.835647583, 84.4858016968, 85.1359634399, 85.7977294922, 86.4595031738, 87.1096572876, 87.7249908447, 88.3403167725, 88.9556427002, 89.5593643188, 90.1630859375, 90.7784118652, 91.393737793, 92.0090713501, 92.6476211548, 93.2861633301, 93.9363250732, 94.5864868164, 95.2250289917, 95.8751907349, 96.525352478, 97.1638946533, 97.802444458, 98.4061660767, 99.0098876953, 99.6136016846, 100.217323303, 100.809432983, 101.401542664, 102.005256653, 102.62059021, 103.235916138, 103.851242065, 104.466575623, 105.08190155, 105.708839417, 106.324172974, 106.95111084, 107.589660645, 108.22820282, 108.8203125, 109.400817871, 109.992919922, 110.596641541, 111.200363159, 111.804077148, 112.419410706, 112.999908447, 113.592018127, 114.172515869, 114.776237488, 115.379951477, 115.983673096, 116.598999023, 117.214332581, 117.829658508, 118.444984436, 119.048706055, 119.652427673, 120.256141663, 120.87147522, 121.486801147, 122.102127075, 122.717460632, 123.33278656, 123.948112488, 124.563446045, 125.167160034, 125.782493591, 126.386207581, 126.989929199, 127.582038879, 128.17414856, 128.76625061, 129.346755981, 129.938858032, 130.54258728, 131.169525146, 131.796463013, 132.423400879, 133.050338745, 133.677276611, 134.292602539, 134.907928467, 135.488433838, 136.080535889, 136.684265137, 137.264755249, 137.856872559, 138.437362671, 139.017868042, 139.598358154, 140.167251587, 140.73614502, 141.316635132, 141.897140503, 142.489242554, 143.127792358, 143.766342163, 144.393280029, 145.031829834, 145.6587677, 146.285705566, 146.912643433, 147.516372681, 148.12008667, 148.712203979, 149.292694092, 149.873199463, 150.442077637, 151.022583008, 151.649520874, 152.27645874, 152.903396606, 153.530334473, 154.168884277, 154.772598267, 155.376327515, 155.980041504, 156.572158813, 157.164260864, 157.756362915, 158.348480225, 158.940582275, 159.532699585, 160.124801636, 160.751739502, 161.378677368, 162.005615234, 162.632553101, 163.259490967, 163.874832153, 164.490158081, 165.105484009, 165.709197998, 166.324539185, 166.928253174, 167.531967163, 168.135681152, 168.716186523, 169.296691895, 169.877182007, 170.469299316, 171.107849121, 171.734786987, 172.373336792, 173.011871338, 173.638824463, 174.265762329, 174.904312134, 175.496414185, 176.088516235, 176.680633545, 177.261123657, 177.841629028, 178.422134399, 179.01423645, 179.629562378, 180.233291626, 180.813781738, 181.405899048, 181.998001099, 182.57850647, 183.182220459, 183.785934448, 184.401260376, 185.016601562, 185.63192749, 186.247253418, 186.862579346, 187.466293335, 188.081634521, 188.685348511, 189.300674438, 189.927612305, 190.566162109, 191.204711914, 191.83164978, 192.458587646, 193.097137451, 193.724075317, 194.351013184, 194.966339111, 195.581680298, 196.185394287, 196.789108276, 197.381225586, 197.973327637, 198.577041626, 199.192382812, 199.796096802, 200.411422729, 201.026748657, 201.642089844, 202.257415771, 202.872741699, 203.476455688, 204.091781616, 204.695510864, 205.287612915, 205.891326904, 206.495056152, 207.098770142, 207.702484131, 208.329421997, 208.944763184, 209.583312988, 210.221862793, 210.860397339, 211.487350464, 212.11428833, 212.718002319, 213.321716309, 213.925445557, 214.517547607, 215.109649658, 215.690155029, 216.2706604, 216.862762451, 217.454864502, 218.035369873, 218.627471924, 219.219589233, 219.800079346, 220.380584717, 220.961090088, 221.5415802, 222.122085571, 222.702575684, 223.283081055, 223.875183105, 224.467300415, 225.047790527, 225.639907837, 226.232009888, 226.812515259, 227.393005371, 227.973510742, 228.542404175, 229.111282349, 229.69178772, 230.283889771, 230.87600708, 231.456497192, 232.037002563, 232.617507935, 233.197998047, 233.778503418, 234.35899353, 234.939498901, 235.519989014, 236.088882446, 236.657775879, 237.238265991, 237.818771362, 238.387664795, 238.956542969, 239.53704834, 240.117553711, 240.698043823, 241.290161133, 241.882263184, 242.474365234, 243.066482544, 243.658584595, 244.285522461, 244.912460327, 245.539413452, 246.177947998, 246.816497803, 247.455047607, 248.093597412, 248.732147217, 249.370697021, 249.916366577, 250.462036133, 251.007705688, 251.42565918, 251.832015991, 252.249969482, 252.667938232, 253.085891724, 253.503845215, 253.910202026, 254.328155518, 254.746124268, 255.164077759, 255.58203125, 256, 256.406341553, 256.824310303, 257.253875732, 257.671844482, 258.089782715, 258.519348145, 258.948944092, 259.390106201, 259.831298828, 260.272460938, 260.725250244, 261.166442871, 261.596008301, 262.02557373, 262.45513916, 262.88470459, 263.30267334, 263.709014893, 264.126983643, 264.544952393, 264.962890625, 265.380859375, 265.798828125, 266.216766357, 266.623138428, 267.02947998, 267.447418213, 267.865386963, 268.283355713, 268.701324463, 269.119262695, 269.537231445, 269.955200195, 270.373138428, 270.791107178, 271.209075928, 271.62701416, 272.04498291, 272.46295166, 272.89251709, 273.32208252, 273.763275146, 274.181213379, 274.599182129, 275.028747559, 275.469940186, 275.911102295, 276.352294922, 276.793457031, 277.223022461, 277.652587891, 278.082183838, 278.511749268, 278.941314697, 279.382476807, 279.823669434, 280.264862061, 280.70602417, 281.147216797, 281.588378906, 282.029571533, 282.470733643, 282.91192627, 283.353088379, 283.863952637, 284.36315918, 284.86239624, 285.466125488, 286.069824219, 286.673553467, 287.300506592, 287.927429199, 288.554382324, 289.181304932, 289.808258057, 290.435180664, 291.073730469, 291.712280273, 292.350830078, 292.989379883, 293.627929688, 294.278076172, 294.928253174, 295.578399658, 296.216949463, 296.855499268, 297.494049072, 298.121002197, 298.759552002, 299.398101807, 300.025024414, 300.651977539, 301.290527344, 301.917449951, 302.544403076, 303.148101807, 303.589294434, 304.030456543, 304.46005249, 304.9012146, 305.342407227, 305.795196533, 306.224761963, 306.665924072, 307.107116699, 307.548278809, 307.966247559, 308.384216309, 308.813781738, 309.301391602, 309.789031982, 310.276641846, 310.799072266, 311.321533203, 311.843994141, 312.366424561, 312.888885498, 313.411346436, 313.933776855, 314.456237793, 314.978668213, 315.477905273, 315.965515137, 316.464752197, 316.952362061, 317.440002441, 317.939208984, 318.438446045, 318.937683105, 319.448516846, 319.889709473, 320.330871582, 320.772064209, 321.201629639, 321.642791748, 322.095581055, 322.525177002, 322.966339111, 323.407531738, 323.848693848, 324.278259277, 324.707824707, 325.125793457, 325.543762207, 325.961730957, 326.379669189, 326.797637939, 327.215606689, 327.633544922, 328.063110352, 328.515899658, 328.957092285, 329.409881592, 329.862670898, 330.327056885, 330.791473389, 331.267486572, 331.731872559, 332.207885742, 332.683898926, 333.159912109], "beats_loudness": {"dmean2": 0.0626162588596, "median": 0.0440171658993, "min": 3.00174711476e-11, "dvar2": 0.0060179210268, "dvar": 0.00209899432957, "dmean": 0.0359697602689, "max": 0.316373735666, "var": 0.00436233263463, "mean": 0.0658513605595}, "danceability": 1.02852082253, "bpm_histogram_second_peak_weight": {"dmean2": 0, "median": 0.090620033443, "min": 0.090620033443, "dvar2": 0, "dvar": 0, "dmean": 0, "max": 0.090620033443, "var": 0, "mean": 0.090620033443}, "beats_count": 630, "bpm_histogram_second_peak_bpm": {"dmean2": 0, "median": 96, "min": 96, "dvar2": 0, "dvar": 0, "dmean": 0, "max": 96, "var": 0, "mean": 96}, "bpm_histogram_first_peak_spread": {"dmean2": 0, "median": 0.44059407711, "min": 0.44059407711, "dvar2": 0, "dvar": 0, "dmean": 0, "max": 0.44059407711, "var": 0, "mean": 0.44059407711}, "beats_loudness_band_ratio": {"dmean2": [0.248644009233, 0.132742494345, 0.0647856220603, 0.0575969703496, 0.0265007019043, 0.0931699499488], "median": [0.754888296127, 0.060006313026, 0.0250270217657, 0.0196365080774, 0.0118711972609, 0.0769804492593], "min": [0, 0, 0, 0, 0, 0], "dvar2": [0.0503086894751, 0.03108218126, 0.00696708960459, 0.012170670554, 0.0018561478937, 0.0116920173168], "dvar": [0.0185617171228, 0.010440889746, 0.00258995313197, 0.00452974205837, 0.000643892912194, 0.0047126095742], "dmean": [0.148378908634, 0.0772465765476, 0.0372999235988, 0.0331763550639, 0.0160314701498, 0.0561341419816], "max": [0.975101828575, 0.834358513355, 0.38895508647, 0.86053109169, 0.270148962736, 0.600050628185], "var": [0.0402599275112, 0.030137816444, 0.00306079303846, 0.00584444776177, 0.00112245779019, 0.0111451931298], "mean": [0.703746140003, 0.128154337406, 0.0446285791695, 0.0427415966988, 0.0257241073996, 0.107335709035]}}, "lowlevel": {"barkbands_spread": {"dmean2": 7.30908632278, "median": 11.465426445, "min": 0.231857776642, "dvar2": 82.8052597046, "dvar": 30.7767658234, "dmean": 4.42367172241, "max": 97.8392105103, "var": 234.2368927, "mean": 16.4336471558}, "melbands_spread": {"dmean2": 6.26444387436, "median": 6.76932144165, "min": 0.279969930649, "dvar2": 77.5207901001, "dvar": 27.4977779388, "dmean": 3.70286607742, "max": 156.63482666, "var": 146.784133911, "mean": 10.7864923477}, "hfc": {"dmean2": 60.5411491394, "median": 110.87512207, "min": 1.08537008534e-16, "dvar2": 12327.8408203, "dvar": 5122.00537109, "dmean": 39.2177886963, "max": 2100.92089844, "var": 59072.7148438, "mean": 182.47088623}, "barkbands_kurtosis": {"dmean2": 21.7344894409, "median": 10.5411472321, "min": -1.67670416832, "dvar2": 1363.03393555, "dvar": 489.007629395, "dmean": 12.7976369858, "max": 518.678771973, "var": 850.0703125, "mean": 20.2761249542}, "gfcc": {"mean": [-74.2283401489, 117.903640747, -67.2426071167, 8.31425952911, -4.0717754364, -2.45994305611, -9.46489238739, -12.6851768494, -4.94372463226, -7.01833963394, -6.4049706459, -5.66927099228, -4.38475561142], "icov": [[9.65876824921e-05, -3.14754333886e-06, 0.000328729045577, -0.000126261613332, 0.000230095596635, -0.00024851699709, -0.000109731801786, 4.59594521089e-05, -0.000567657581996, 7.17018556315e-05, -0.000382355967304, 0.000410388485761, -0.000207819204661], [-3.14754333886e-06, 0.00277157267556, -0.00196398771368, 0.00205213669688, -0.000870871066581, 0.000385491701309, 0.0008046887815, 0.00133828748949, -0.000215662294067, 0.00269671808928, -0.00236552488059, 0.00260411947966, -0.000525508075953], [0.000328729045577, -0.00196398771368, 0.00528177805245, -0.00450835609809, 0.00480310805142, -0.00370291620493, 6.79497998135e-06, -0.00070991384564, -0.00328000984155, 0.00259262928739, -0.00497429957613, 0.00363421416841, -0.00210430729203], [-0.000126261613332, 0.00205213669688, -0.00450835609809, 0.011028711684, -0.00479309866205, 0.00322166504338, -0.00194993137848, -0.000499374873471, 0.00726993568242, -0.00585383502766, 0.00869279075414, -0.00572873093188, 0.00535962404683], [0.000230095596635, -0.000870871066581, 0.00480310805142, -0.00479309866205, 0.0107956063002, -0.00590105727315, 0.0011243064655, 0.00324499374256, -0.00940895732492, 0.0123399319127, -0.0118197537959, 0.0114177195355, -0.00652374792844], [-0.00024851699709, 0.000385491701309, -0.00370291620493, 0.00322166504338, -0.00590105727315, 0.0127294911072, 0.000574925506953, -0.00561913102865, 0.00626941071823, -0.00562775274739, 0.00821426417679, -0.00997385010123, 0.00495195528492], [-0.000109731801786, 0.0008046887815, 6.79497998135e-06, -0.00194993137848, 0.0011243064655, 0.000574925506953, 0.00863418076187, 0.00343402125873, -0.00533664273098, 0.00206402665935, -0.00492533808574, 0.00398610113189, -0.0017850556178], [4.59594521089e-05, 0.00133828748949, -0.00070991384564, -0.000499374873471, 0.00324499374256, -0.00561913102865, 0.00343402125873, 0.0154978847131, -0.00748978927732, 0.00329245417379, -0.00571428891271, 0.00897728931159, -0.00666322885081], [-0.000567657581996, -0.000215662294067, -0.00328000984155, 0.00726993568242, -0.00940895732492, 0.00626941071823, -0.00533664273098, -0.00748978927732, 0.0230683106929, -0.0142540149391, 0.0107036074623, -0.0131277199835, 0.00680242525414], [7.17018556315e-05, 0.00269671808928, 0.00259262928739, -0.00585383502766, 0.0123399319127, -0.00562775274739, 0.00206402665935, 0.00329245417379, -0.0142540149391, 0.0381902456284, -0.0277424026281, 0.0154361408204, -0.00464339274913], [-0.000382355967304, -0.00236552488059, -0.00497429957613, 0.00869279075414, -0.0118197537959, 0.00821426417679, -0.00492533808574, -0.00571428891271, 0.0107036074623, -0.0277424026281, 0.044666107744, -0.023030102253, 0.00256839650683], [0.000410388485761, 0.00260411947966, 0.00363421416841, -0.00572873093188, 0.0114177195355, -0.00997385010123, 0.00398610113189, 0.00897728931159, -0.0131277199835, 0.0154361408204, -0.023030102253, 0.0420578457415, -0.0145304948092], [-0.000207819204661, -0.000525508075953, -0.00210430729203, 0.00535962404683, -0.00652374792844, 0.00495195528492, -0.0017850556178, -0.00666322885081, 0.00680242525414, -0.00464339274913, 0.00256839650683, -0.0145304948092, 0.0312569253147]], "cov": [[32583.3691406, -1422.62976074, -4390.14404297, -1511.94714355, 1927.67810059, -633.041381836, 1468.67358398, -1.32923018932, 1849.83703613, 522.458618164, 659.660644531, 4.33071184158, 365.475738525], [-1422.62976074, 928.798706055, 383.811553955, -110.424415588, 93.8858032227, 44.5699539185, -105.066726685, 11.1860265732, -40.9759063721, -93.0132751465, 32.2595977783, -50.1558494568, 28.9820556641], [-4390.14404297, 383.811553955, 1276.50915527, 332.332061768, -540.317749023, 192.14781189, -214.416275024, 96.2616195679, -269.589813232, -2.28956723213, -57.4464836121, 10.2571401596, -60.9011764526], [-1511.94714355, -110.424415588, 332.332061768, 302.431121826, -192.796463013, 39.4738121033, -55.2672729492, -15.8676843643, -147.243606567, -8.69336032867, -72.7608032227, 2.20360040665, -56.6689529419], [1927.67810059, 93.8858032227, -540.317749023, -192.796463013, 557.268554688, -38.929397583, 103.678588867, -28.3340702057, 181.856552124, -59.3764648438, 58.6524581909, -35.8628196716, 63.5468444824], [-633.041381836, 44.5699539185, 192.14781189, 39.4738121033, -38.929397583, 165.399124146, -77.7977828979, 53.5163269043, -50.0536308289, -11.8149814606, -19.9863643646, 12.9951686859, -7.83429193497], [1468.67358398, -105.066726685, -214.416275024, -55.2672729492, 103.678588867, -77.7977828979, 238.692184448, -29.1038017273, 128.371246338, 45.0925369263, 54.3446159363, -0.100336939096, 18.6808834076], [-1.32923018932, 11.1860265732, 96.2616195679, -15.8676843643, -28.3340702057, 53.5163269043, -29.1038017273, 119.404808044, 26.5852203369, 21.27526474, 15.4447965622, 0.697660446167, 15.2107181549], [1849.83703613, -40.9759063721, -269.589813232, -147.243606567, 181.856552124, -50.0536308289, 128.371246338, 26.5852203369, 216.463348389, 52.6308059692, 69.8516845703, 7.61701345444, 36.1038017273], [522.458618164, -93.0132751465, -2.28956723213, -8.69336032867, -59.3764648438, -11.8149814606, 45.0925369263, 21.27526474, 52.6308059692, 92.3500518799, 46.8284645081, 13.9979295731, 4.76057481766], [659.660644531, 32.2595977783, -57.4464836121, -72.7608032227, 58.6524581909, -19.9863643646, 54.3446159363, 15.4447965622, 69.8516845703, 46.8284645081, 84.9389877319, 18.5685405731, 28.7484874725], [4.33071184158, -50.1558494568, 10.2571401596, 2.20360040665, -35.8628196716, 12.9951686859, -0.100336939096, 0.697660446167, 7.61701345444, 13.9979295731, 18.5685405731, 50.6762886047, 12.5514068604], [365.475738525, 28.9820556641, -60.9011764526, -56.6689529419, 63.5468444824, -7.83429193497, 18.6808834076, 15.2107181549, 36.1038017273, 4.76057481766, 28.7484874725, 12.5514068604, 55.6632728577]]}, "spectral_energyband_middle_low": {"dmean2": 0.00569530576468, "median": 0.00499418191612, "min": 2.00263309112e-22, "dvar2": 8.90536248335e-05, "dvar": 3.21416664519e-05, "dmean": 0.00344067974947, "max": 0.117412798107, "var": 0.000115171103971, "mean": 0.0085691800341}, "melbands_crest": {"dmean2": 6.35161399841, "median": 18.9136867523, "min": 1.84223508835, "dvar2": 30.1508865356, "dvar": 10.0233240128, "dmean": 3.74983930588, "max": 34.2606811523, "var": 22.7532062531, "mean": 18.8604469299}, "spectral_kurtosis": {"dmean2": 15.2905750275, "median": 17.9960861206, "min": -1.23559558392, "dvar2": 601.264892578, "dvar": 214.348602295, "dmean": 9.11977005005, "max": 340.54019165, "var": 227.63760376, "mean": 21.4384098053}, "spectral_rms": {"dmean2": 0.00174732680898, "median": 0.00630623009056, "min": 3.09882198027e-12, "dvar2": 3.84136819775e-06, "dvar": 1.45958858866e-06, "dmean": 0.00106085091829, "max": 0.0202236082405, "var": 1.41375558087e-05, "mean": 0.00638197269291}, "zerocrossingrate": {"dmean2": 0.0391474924982, "median": 0.171875, "min": 0.0048828125, "dvar2": 0.00149383442476, "dvar": 0.000787225435488, "dmean": 0.0281753316522, "max": 0.68408203125, "var": 0.0141387833282, "mean": 0.180027380586}, "silence_rate_60dB": {"dmean2": 0.0072322669439, "median": 0, "min": 0, "dvar2": 0.00870995316654, "dvar": 0.00360260624439, "dmean": 0.00361588201486, "max": 1, "var": 0.128016322851, "mean": 0.150743991137}, "erbbands_kurtosis": {"dmean2": 10.0811815262, "median": 0.808145642281, "min": -1.7701420784, "dvar2": 692.730529785, "dvar": 248.562316895, "dmean": 5.94536590576, "max": 227.1927948, "var": 382.925628662, "mean": 7.43063640594}, "erbbands": {"dmean2": [0.543193280697, 4.98082828522, 10.8508167267, 8.62848854065, 7.63266420364, 6.58376073837, 9.60419559479, 8.99561977386, 17.0141201019, 19.4795684814, 12.3272953033, 9.76042461395, 16.1603107452, 20.5258655548, 28.3906612396, 32.0496292114, 22.8064517975, 24.7707672119, 25.2008495331, 21.5089378357, 14.1637973785, 10.9943113327, 5.79768180847, 4.14541435242, 3.58571338654, 3.71688914299, 3.25300097466, 1.69052040577, 1.10300970078, 0.709484815598, 0.327686667442, 0.216801226139, 0.118495725095, 0.0637157261372, 0.0396569147706, 0.0258555747569, 0.021529102698, 0.0201030243188, 0.0165786482394, 0.00514839077368], "median": [0.255019158125, 2.72356081009, 6.79227304459, 4.4613776207, 3.80387616158, 3.4151058197, 4.5371055603, 4.38135194778, 6.14207696915, 5.22099018097, 3.93227648735, 4.08105325699, 5.75930500031, 6.61734771729, 11.3003082275, 12.2139158249, 9.63679504395, 14.3473529816, 18.6192512512, 15.0504159927, 14.1948356628, 10.6169090271, 3.78788948059, 1.45636987686, 0.572831392288, 0.455513358116, 0.394590616226, 0.266689121723, 0.159372925758, 0.101247191429, 0.0712890028954, 0.0493068099022, 0.0277546234429, 0.0136188929901, 0.00800281204283, 0.00707924505696, 0.00567698711529, 0.00382003257982, 0.00428267102689, 0.0103818718344], "min": [1.03578736898e-22, 7.92725945003e-22, 3.68337347149e-21, 2.44262052607e-21, 1.3568915672e-20, 5.08524435774e-20, 5.92150166193e-20, 9.54932842048e-20, 2.590964908e-19, 3.08121831345e-19, 3.24232492094e-19, 4.18817286417e-19, 6.01752388936e-19, 6.27962795717e-19, 1.16583352521e-18, 1.38628915258e-18, 1.10011061342e-18, 2.51060110617e-18, 2.83748179114e-18, 3.21193590789e-18, 4.96921184289e-18, 4.67247899611e-18, 3.28046720126e-18, 7.64182537101e-18, 8.65219753792e-18, 1.02722315948e-17, 1.20100048857e-17, 1.02955423716e-17, 1.07017517453e-17, 1.56168060055e-17, 1.17544780411e-17, 8.87543952318e-18, 1.05716792483e-17, 7.92199558038e-18, 6.67356331472e-18, 4.41979144899e-18, 2.49164171294e-18, 1.0257793364e-18, 2.78759556238e-19, 2.84949309987e-20], "dvar2": [1.47016716003, 60.588508606, 290.131835938, 267.954803467, 183.674850464, 129.01473999, 446.767730713, 532.846618652, 1730.23681641, 3693.17749023, 1764.89746094, 579.829650879, 2089.16503906, 5257.76757812, 11493.0195312, 17453.0175781, 7956.99511719, 4238.2421875, 2052.94165039, 1681.34362793, 795.24005127, 488.739349365, 193.759902954, 119.555152893, 111.359649658, 133.723205566, 124.691131592, 37.1659851074, 19.3181591034, 8.25023078918, 0.787105858326, 0.297609895468, 0.0560211092234, 0.0125607745722, 0.00487361149862, 0.00215587345883, 0.00393149536103, 0.00747886346653, 0.00399760203436, 0.00010903380462], "dvar": [0.546923220158, 22.1640663147, 106.831916809, 98.0589065552, 59.2416572571, 45.2362518311, 165.022491455, 212.930725098, 711.773986816, 1522.7322998, 653.181213379, 246.417785645, 865.307861328, 2277.93701172, 4296.93359375, 7580.4453125, 3225.42236328, 1590.34375, 751.945922852, 611.341796875, 290.682128906, 174.354766846, 68.4032974243, 47.938457489, 44.0567817688, 55.188583374, 57.3573722839, 18.1539230347, 9.1706571579, 3.95108389854, 0.413986623287, 0.146725967526, 0.025603344664, 0.00513160880655, 0.00198333058506, 0.00093382387422, 0.00199891906232, 0.00391944171861, 0.00210485537536, 4.67253812531e-05], "dmean": [0.332988470793, 2.99235200882, 6.64638996124, 5.23479700089, 4.44921922684, 3.87940478325, 5.69864034653, 5.44704771042, 10.3680515289, 12.0216398239, 7.41357755661, 5.93132209778, 9.93008232117, 12.8194284439, 17.2597732544, 19.7191333771, 14.0683135986, 14.8013267517, 15.0678443909, 12.8779125214, 8.49839019775, 6.59953546524, 3.49984264374, 2.56844162941, 2.26646280289, 2.37539076805, 2.09262561798, 1.12927782536, 0.733352780342, 0.465146422386, 0.214600235224, 0.139899894595, 0.0736628323793, 0.0384210012853, 0.0238548535854, 0.0160235632211, 0.0142262773588, 0.0140326442197, 0.0113971056417, 0.00331481220201], "max": [13.7020244598, 64.8814315796, 154.381072998, 210.288238525, 187.695236206, 164.791915894, 509.642059326, 472.425354004, 1024.47241211, 1525.83508301, 959.560058594, 758.21661377, 1303.26098633, 1798.39465332, 2574.45629883, 5068.45849609, 3562.86206055, 2069.65673828, 658.656799316, 601.337402344, 428.874023438, 377.03515625, 289.893127441, 244.831130981, 321.396820068, 326.641235352, 201.815216064, 142.999542236, 141.603805542, 121.586715698, 27.027633667, 15.0844306946, 4.67386198044, 1.19327962399, 0.710562109947, 0.698890686035, 1.19958007336, 1.78624927998, 1.45733070374, 0.257989376783], "var": [0.923698663712, 42.0773582458, 245.108886719, 282.635345459, 108.276687622, 81.732711792, 229.080963135, 319.734161377, 1454.19116211, 3550.55322266, 1160.05432129, 510.206390381, 1906.0793457, 4961.515625, 6322.67431641, 14645.2607422, 6640.49414062, 3155.01245117, 2617.33300781, 3119.26879883, 1146.37792969, 680.385803223, 257.050140381, 195.62461853, 164.334838867, 184.341033936, 153.346420288, 43.0046234131, 23.218454361, 14.5328884125, 1.27597975731, 0.330341339111, 0.0502869151533, 0.00605490896851, 0.00225780741312, 0.00155791232828, 0.00438929954544, 0.0105527779087, 0.00768396863714, 0.000609141017776], "mean": [0.570919215679, 4.84348964691, 11.8177518845, 10.0953826904, 7.03307962418, 6.37990903854, 8.77890110016, 8.81928539276, 17.036108017, 20.2653388977, 12.3064069748, 10.5614995956, 16.8421134949, 22.017824173, 31.8389587402, 36.8758621216, 27.4181308746, 32.5846252441, 39.5424461365, 37.5217704773, 25.0466518402, 19.2654819489, 9.63240432739, 6.46416044235, 5.4652132988, 5.53452301025, 4.50302124023, 2.33823728561, 1.41557991505, 0.865174353123, 0.365597784519, 0.217229470611, 0.100646466017, 0.0407744683325, 0.024346716702, 0.0209959913045, 0.0248668268323, 0.0308394674212, 0.0350351817906, 0.0187027752399]}, "spectral_strongpeak": {"dmean2": 4.72878074646, "median": 0.299525737762, "min": 0, "dvar2": 523.225646973, "dvar": 203.902816772, "dmean": 2.54387807846, "max": 216.195953369, "var": 525.927856445, "mean": 4.86720657349}, "spectral_energy": {"dmean2": 0.0285659097135, "median": 0.040762744844, "min": 9.84276508823e-21, "dvar2": 0.00188593624625, "dvar": 0.000739312788937, "dmean": 0.0175395272672, "max": 0.419219225645, "var": 0.00306383776478, "mean": 0.0562387257814}, "average_loudness": 0.37937143445, "spectral_rolloff": {"dmean2": 6081.73193359, "median": 925.927734375, "min": 43.06640625, "dvar2": 123995904, "dvar": 45140896, "dmean": 3143.15771484, "max": 22050, "var": 82714024, "mean": 6288.18212891}, "spectral_centroid": {"dmean2": 212.023986816, "median": 657.466125488, "min": 95.7223815918, "dvar2": 66910.0234375, "dvar": 31091.9648438, "dmean": 130.527633667, "max": 11765.5742188, "var": 511816.40625, "mean": 790.687133789}, "pitch_salience": {"dmean2": 0.17883053422, "median": 0.481992453337, "min": 0.104450970888, "dvar2": 0.0230177864432, "dvar": 0.00810868106782, "dmean": 0.105527944863, "max": 0.898469567299, "var": 0.0152960931882, "mean": 0.480090618134}, "spectral_energyband_middle_high": {"dmean2": 0.00212752679363, "median": 0.00335889589041, "min": 1.06208445747e-21, "dvar2": 3.18642705679e-05, "dvar": 1.32170862344e-05, "dmean": 0.00135545234662, "max": 0.149205848575, "var": 6.30839422229e-05, "mean": 0.00537334149703}, "spectral_contrast_coeffs": {"dmean2": [0.086867429316, 0.0779636800289, 0.0550503060222, 0.0491509623826, 0.045081615448, 0.0393034368753], "median": [-0.680171787739, -0.789562702179, -0.833054840565, -0.822813749313, -0.818931818008, -0.836961865425], "min": [-0.978857576847, -0.972497284412, -0.97469073534, -0.989342808723, -0.978458881378, -0.964695096016], "dvar2": [0.0046177203767, 0.00377048016526, 0.00203429348767, 0.00150294252671, 0.00191348255612, 0.00174233573489], "dvar": [0.00157721666619, 0.0013499550987, 0.000734177767299, 0.000538542342838, 0.000708869076334, 0.00071222911356], "dmean": [0.0508900955319, 0.046179458499, 0.0328099690378, 0.0290685221553, 0.026757221669, 0.0245240628719], "max": [-0.429261684418, -0.481702893972, -0.501307785511, -0.616671264172, -0.574200630188, -0.575930833817], "var": [0.00440647779033, 0.00479838205501, 0.00417923694476, 0.00478423247114, 0.00738689862192, 0.00588248856366], "mean": [-0.677271306515, -0.786707043648, -0.831951797009, -0.840225994587, -0.840769410133, -0.803451597691]}, "melbands_skewness": {"dmean2": 1.94071364403, "median": 3.35507726669, "min": -2.36647605896, "dvar2": 3.51961684227, "dvar": 1.22685670853, "dmean": 1.15418934822, "max": 13.2925024033, "var": 3.0702085495, "mean": 3.496124506}, "spectral_spread": {"dmean2": 1175618.125, "median": 3545027, "min": 604286.25, "dvar2": 1623987322880.0, "dvar": 653134856192, "dmean": 717157.75, "max": 41417476, "var": 4076891013120.0, "mean": 3732791.5}, "dissonance": {"dmean2": 0.0368406660855, "median": 0.473097980022, "min": 0.264142155647, "dvar2": 0.00159747048747, "dvar": 0.000586360809393, "dmean": 0.0220600031316, "max": 0.500000178814, "var": 0.00122106156778, "mean": 0.461506485939}, "spectral_skewness": {"dmean2": 1.09694099426, "median": 3.02502965927, "min": -0.0702812373638, "dvar2": 2.34509921074, "dvar": 0.840129494667, "dmean": 0.663964390755, "max": 15.4446029663, "var": 1.18252360821, "mean": 3.24222445488}, "spectral_flux": {"dmean2": 0.0418860241771, "median": 0.0964136123657, "min": 6.41986880323e-11, "dvar2": 0.00256151240319, "dvar": 0.000971893081442, "dmean": 0.025772254914, "max": 0.584594726562, "var": 0.00442327838391, "mean": 0.101252406836}, "spectral_contrast_valleys": {"dmean2": [0.613643467426, 0.671392023563, 0.618724584579, 0.674099683762, 0.827965855598, 1.1100012064], "median": [-6.46126842499, -6.6253900528, -6.99554157257, -7.19676494598, -8.06109523773, -11.0302867889], "min": [-27.9733924866, -28.0809135437, -27.6977596283, -27.675195694, -27.46925354, -27.3660545349], "dvar2": [0.24521625042, 0.340824991465, 0.354052603245, 0.648194611073, 0.92465865612, 0.962043225765], "dvar": [0.094409160316, 0.133250489831, 0.139044627547, 0.242993280292, 0.342282474041, 0.350079387426], "dmean": [0.363872647285, 0.405186116695, 0.374280840158, 0.409831315279, 0.508258938789, 0.686727881432], "max": [-4.72079372406, -4.68700695038, -5.15134191513, -5.35188674927, -5.54037857056, -8.73727607727], "var": [2.86127877235, 3.21489500999, 3.66816401482, 4.42694997787, 3.78647875786, 2.59086585045], "mean": [-6.91346979141, -7.12959718704, -7.64739465714, -7.96897411346, -8.49536514282, -11.4063959122]}, "erbbands_flatness_db": {"dmean2": 0.0560041740537, "median": 0.152561545372, "min": 0.0440914519131, "dvar2": 0.00379752041772, "dvar": 0.00137208739761, "dmean": 0.0342087782919, "max": 0.437581479549, "var": 0.00343341939151, "mean": 0.164443597198}, "spectral_energyband_high": {"dmean2": 0.000231107216678, "median": 0.00015032759984, "min": 6.8536065809e-21, "dvar2": 4.41130254103e-07, "dvar": 2.41183329308e-07, "dmean": 0.000160913739819, "max": 0.0143185677007, "var": 1.20194965803e-06, "mean": 0.000560474290978}, "spectral_entropy": {"dmean2": 0.581000387669, "median": 7.28772163391, "min": 3.74555587769, "dvar2": 0.558577775955, "dvar": 0.202423542738, "dmean": 0.353118807077, "max": 9.83226490021, "var": 0.677993834019, "mean": 7.0356798172}, "silence_rate_20dB": {"dmean2": 0.000556328217499, "median": 1, "min": 0, "dvar2": 0.000694983056746, "dvar": 0.000278037972748, "dmean": 0.000278144783806, "max": 1, "var": 0.000208532845136, "mean": 0.999791383743}, "melbands_flatness_db": {"dmean2": 0.086998231709, "median": 0.322152554989, "min": 0.00394691666588, "dvar2": 0.00715875159949, "dvar": 0.00259712338448, "dmean": 0.0526102408767, "max": 0.75115352869, "var": 0.0118088135496, "mean": 0.33768633008}, "barkbands": {"dmean2": [0.00497282389551, 0.02021764