{"tonal": {"thpcp": [1, 0.37552934885, 0.0571561530232, 0.0449017286301, 0.0593441464007, 0.275008827448, 0.407974690199, 0.205463081598, 0.063491627574, 0.0808472707868, 0.131171673536, 0.437554687262, 0.591097772121, 0.300165772438, 0.210400894284, 0.238889381289, 0.113237671554, 0.0816594138741, 0.116357311606, 0.145649209619, 0.593615233898, 0.872603356838, 0.45881524682, 0.139154389501, 0.0700938478112, 0.0437005832791, 0.132399886847, 0.20215857029, 0.12524600327, 0.0783880725503, 0.0637783408165, 0.0512826554477, 0.214884161949, 0.314574867487, 0.284052848816, 0.805585980415], "hpcp": {"dmean2": [0.187311530113, 0.123777709901, 0.0404009185731, 0.0284215733409, 0.0409754887223, 0.112942695618, 0.140254542232, 0.0997672453523, 0.0405670776963, 0.0394152067602, 0.0745926722884, 0.158059313893, 0.175022125244, 0.141593158245, 0.109541960061, 0.0988783314824, 0.0626869350672, 0.0440668538213, 0.054481934756, 0.0919377356768, 0.194736853242, 0.208976075053, 0.162364691496, 0.0698799714446, 0.0304974298924, 0.0254931021482, 0.0628740265965, 0.0792246162891, 0.0609741434455, 0.0350512713194, 0.0263290330768, 0.0364203862846, 0.095154337585, 0.136521860957, 0.138623565435, 0.198121592402], "median": [0.220448240638, 0.0754156783223, 0.00353391817771, 0.00207803049125, 0.00641891546547, 0.0259833876044, 0.0368978716433, 0.0181203894317, 0.00326131540351, 0.00201145280153, 0.00854527484626, 0.0485684238374, 0.0609773620963, 0.0379760712385, 0.0121933789924, 0.00686419708654, 0.00588929839432, 0.00400680629537, 0.00395640172064, 0.0141536612064, 0.125401213765, 0.173779681325, 0.0903447940946, 0.00938388518989, 0.00352930789813, 0.00231312145479, 0.00604664161801, 0.00762990023941, 0.00637198565528, 0.00254546501674, 0.00131622236222, 0.00388909759931, 0.0208332594484, 0.0325485616922, 0.0586828291416, 0.187606528401], "min": [0, 0, 0, 0, 0, 0, 0, 0, 0, 0, 0, 0, 0, 0, 0, 0, 0, 0, 0, 0, 0, 0, 0, 0, 0, 0, 0, 0, 0, 0, 0, 0, 0, 0, 0, 0], "dvar2": [0.0776228383183, 0.0366096049547, 0.0114676589146, 0.00725536840037, 0.00990423094481, 0.042347881943, 0.0613949820399, 0.0392343103886, 0.0118043422699, 0.0151617713273, 0.0266660321504, 0.0595759637654, 0.0728439837694, 0.0483393631876, 0.047951720655, 0.046021591872, 0.0204250123352, 0.0163008254021, 0.0223292913288, 0.0307634975761, 0.066611379385, 0.0751689001918, 0.0529801547527, 0.025018684566, 0.00824562925845, 0.0062737534754, 0.023580012843, 0.0364041887224, 0.0233372543007, 0.0159236527979, 0.0121620651335, 0.0121586984023, 0.0327832587063, 0.0552617236972, 0.0445263944566, 0.0685434266925], "dvar": [0.0347763933241, 0.0144460760057, 0.00415856065229, 0.00266219582409, 0.00344111816958, 0.0177435912192, 0.0277563631535, 0.0148907918483, 0.0046831285581, 0.00573224155232, 0.00954060722142, 0.0250679235905, 0.0349685661495, 0.0189285892993, 0.0181842911988, 0.0194903202355, 0.00849750544876, 0.00672978581861, 0.00938877742738, 0.0115980505943, 0.0266847983003, 0.0352745763958, 0.0210831407458, 0.00959726329893, 0.00306777399965, 0.00234226905741, 0.010204937309, 0.0166670009494, 0.00923210289329, 0.00585011485964, 0.00466615380719, 0.00420272909105, 0.0134398369119, 0.023638183251, 0.0172561984509, 0.0288410633802], "dmean": [0.114432007074, 0.0755127593875, 0.0231147818267, 0.0168123058975, 0.0234277583659, 0.0703944712877, 0.0863118693233, 0.060322381556, 0.0237599350512, 0.022437190637, 0.0433241724968, 0.0976585820317, 0.108397766948, 0.0867492854595, 0.0650509446859, 0.0611935667694, 0.0376747511327, 0.0267902370542, 0.0328473821282, 0.0534673817456, 0.118322886527, 0.127987593412, 0.0997646823525, 0.0400529839098, 0.0175478812307, 0.014966385439, 0.0386586673558, 0.0486513637006, 0.0372814647853, 0.0202439166605, 0.0156833622605, 0.021093994379, 0.0580324754119, 0.0827757269144, 0.083160340786, 0.122571311891], "max": [1, 1, 1, 1, 0.707504630089, 1, 1, 1, 1, 1, 1, 1, 1, 1, 1, 1, 1, 1, 1, 1, 1, 1, 1, 1, 1, 1, 1, 1, 1, 1, 1, 1, 1, 1, 1, 1], "var": [0.174303561449, 0.0354696586728, 0.00456226570532, 0.00362375751138, 0.00327883707359, 0.0421946011484, 0.0825369954109, 0.0271952096373, 0.006636608392, 0.0184964686632, 0.0171644054353, 0.0738024935126, 0.122540436685, 0.0350013934076, 0.033805295825, 0.0485791675746, 0.0128934420645, 0.0116123314947, 0.0237382948399, 0.0161870103329, 0.0781078860164, 0.149123355746, 0.0507606379688, 0.0261586084962, 0.0106352958828, 0.00378767354414, 0.0195516869426, 0.0431596115232, 0.0169148016721, 0.0183796044439, 0.0153097435832, 0.00406916905195, 0.0323551632464, 0.0566628277302, 0.0263467486948, 0.11804176122], "mean": [0.422068059444, 0.158498942852, 0.0241237860173, 0.0189515855163, 0.0250472687185, 0.116072446108, 0.172193080187, 0.0867194011807, 0.0267977882177, 0.0341230519116, 0.0553633719683, 0.18467785418, 0.24948348105, 0.126690387726, 0.0888034999371, 0.10082757473, 0.0477940030396, 0.0344658307731, 0.0491107031703, 0.0614738799632, 0.250546038151, 0.368297994137, 0.193651258945, 0.058732625097, 0.0295843742788, 0.0184446200728, 0.0558817647398, 0.0853246748447, 0.0528623349965, 0.0330851003528, 0.0269188005477, 0.0216447710991, 0.0906957387924, 0.132771998644, 0.119889639318, 0.340012103319]}, "tuning_equal_tempered_deviation": 0.108090549707, "chords_changes_rate": 0.0368896909058, "key_key": "A", "tuning_diatonic_strength": 0.67236405611, "key_scale": "major", "chords_number_rate": 0.00289330910891, "tuning_frequency": 445.112548828, "tuning_nontempered_energy_ratio": 0.700364470482, "chords_histogram": [57.5045204163, 6.40144681931, 14.5388784409, 0.723327279091, 0, 0.253164559603, 0.39783000946, 0.144665464759, 0.904159128666, 0, 0.723327279091, 0, 0, 0, 0, 1.59132003784, 1.7359855175, 3.00180840492, 0.976491868496, 0, 0, 0, 4.88245916367, 6.22061491013], "key_strength": 0.890994548798, "chords_key": "A", "chords_strength": {"dmean2": 0.00671913428232, "median": 0.56760507822, "min": -1, "dvar2": 0.00139399315231, "dvar": 0.000719607865904, "dmean": 0.00759368902072, "max": 0.828127026558, "var": 0.0591286234558, "mean": 0.537736773491}, "chords_scale": "major", "hpcp_entropy": {"dmean2": 0.867570161819, "median": 1.54576694965, "min": 0, "dvar2": 0.61809450388, "dvar": 0.224782720208, "dmean": 0.50365370512, "max": 4.02822113037, "var": 0.521154105663, "mean": 1.42901623249}}, "metadata": {"audio_properties": {"equal_loudness": 0, "codec": "flac", "downmix": "mix", "sample_rate": 44100, "analysis_sample_rate": 44100, "bit_rate": 0, "md5_encoded": "a3f8909b7ee1bc8219d872c0c641fd51", "length": 128.320007324, "replay_gain": -4.29300117493, "lossless": true}, "version": {"essentia_build_sha": "70f2e5ece6736b2c40cc944ad0e695b16b925413", "essentia": "2.1-beta2", "extractor": "music 1.0", "essentia_git_sha": "v2.1_beta2"}, "tags": {"title": ["Violin Concerto no. 5 in A, K 219: I. Allegro aperto [excerpt]"], "language": ["eng"], "media": ["CD"], "albumartist": ["Various Artists"], "tracktotal": ["100"], "musicbrainz_releasegroupid": ["80d7b198-6b78-3f87-b2fb-9eba1890e8a7"], "musicbrainz_recordingid": ["03609c72-7840-48a4-90eb-88f35561aae0"], "artistsort": ["Mozart, Wolfgang Amadeus"], "musicbrainz_albumartistid": ["89ad4ac3-39f7-470e-963a-56509c546377"], "discnumber": ["2"], "totaldiscs": ["6"], "album": ["100 Best Concertos"], "catalognumber": ["50999 5 22131 2 0"], "releasecountry": ["XE"], "file_name": "27 Violin Concerto no. 5 in A, K 219: I. Allegro aperto [excerpt].flac", "compilation": ["1"], "originaldate": ["2008"], "acoustid_fingerprint": ["AQADtEqSyQmTMLgiJ4OPTzi-E8Vx32g44kfewhf0HBe-DfgNkXvxD-KFs0dwPXiE5hr-I9egH-FjBc2F_IDO_NDqD7-H5iE-B_-I_ENzGqFEBvqCkB_hRznSH0_QtMnxZIIu5dSg_QhzpngWXHiIUznuw-9wVjiNU0dIstAzI62IHy9eGFVRH2GO5Nlx4NSFJ4pyfDu-C8lsI4z74FSP-zF-fHClI2nF4xnyOwiTSVkHHXmPvriDR_mQH2KLnMtxSZLxUDmufAG0jEvQVscfXPmI94XrrManB39wJTkuHD6T4_iCK6PgPVGQ1MjLB817_PgHg21dNJSFUbJwJ0eYWIqR7JlxHU-R58F7Qy_-CTkeHo0-9JHw4z--UCk-oemWo5_Q5EGfHXe840iiH-nxwyT-EP-P38NPonlC8DiSMw9CKWOKMIqi4UpwHdJDBMeD9wrK8BR89NMm4T8zPGFyfDuRTHKQJU9wXMeFHwd__IhPQU2JZkOW90OunUgeAo8v9DzRnEJ8SAyTI8-Y4pguwUfx41eMR8HNdHgq4R-eothuaPqC-8EP52uIRxqaKzp65biKI3ES0ciSWwB-fNvR47hwifikSC3e45OH5CSyMGoOX8T3BIef1WhC8XiFH2dyoswJq7sQ-cEJccdlHDoP_7iOH8cJ_3gPH6KEwzKBw8cPn_CBH8OPH7p2AlJ9hBPRH-YPHh7z4S0OdH4O58SpR7iP-xbOo3mIZD9-HvkZ5F2geUdVDd9APakE3YuISEyoBG60o0ffinD4oYxuXPjRhFKSI3SSIXmO73iuwOeLJ1mOC_3R3DoeP9im6OBx4T2az0NJH_EeQkbIRFmOJtXAX_jRVzmm1Ak-XM3xHCcPV8V7HKkTQo-O_Ogzo_lxXEpeXIfP4NuFI4liLSF6HR8HPTlC6ScsgdoFx8TpoTfCH4kuG2W9DX-PTntQ_egD19h1NDue4kEySVVnhM-OcRyOk0ffo2fxoTnzDbWO53i24WKOb0QvWO0RfkiOH7Wd4fnRa7jx9Fhx7JuIhjd-_IMPaj7OVSh5YbJzeGfxPbhII_QIofkR_vhr_M9wpnhY_IfpxPiPo-WC4zx-5C-S_UHX3JgOfjry5lCVgyfCPEZvJC_SK8cewWNxpc_wG8ePZ4Hz43lQZvAOH73wozJTwToqBefxHP0H_-h140fyLEdeBT_eBHeOLjyuKVXQWEPMd0huNNkaTD-eRuDRI9WKhEMfWfiCGr6CF1s4Fldy4xlyJMvDYTSH5zoesTnYJdyMriF8YUuJ_BAXBrlz4za8Hv-Rxzn8H7mIHH9lGIF31I6L_2j6oCfOaEd1NMdNvMkxa0txH28cJDeynEfzLMMv_JnQnERPPDwyZY-P3HhxJYefYseF5pGO_jhDwjFV5M-RzLDSFncq9HxwHM1E9EtwMcdFHPODdimaE8dv4iPSqMvRTGIOreNx5joeDdqZIcw6PBOep0L-EYl0Ak-i4HyCelcKf_jRj6FxG3iVo3kaoaePKw98_MiZQ5zUDjmOROyRXWiiMAr6BT-qB80zHFfRqEwI5ujR4TmQ4z8uQyfa48i54_iRH37Q_ziOHAeaHT18_Mdx2ShAn8dh_Dj8HchP_BH04sgPw8ff4fB6Az-O9-hBvD7wMPgR8kmJQi_C4x984O2Bhwd_HDyOZD_yFceVG9dytElICccPz8IXROdyJKZ7lNqDow3CbNCBI1ylGZ6aFA925Ie7Q0-PXCd8TCwVCbUIa4nQ3jiHE-2R8ClKGT8Ozc6Rzzt8HPZRHV8e_EL6RNDVBj2F5sE3HCeN_Ud-9EdeaPmEIxfwhBee5riHHs3UpDjuHEyeoDf-odmNHjqsHce5XHjyFLUOLzmuY3OIfIWYozvUH_lxHceP5_hRqTNSwYSyLEeu48eFTMyPyoe2MBg_-C0O_9CFm0Wq5snQMzn-4s3xLkcTZbyI94TzvOiVkMglEsLhMw2eAeMNXcgP9LgR7tBz5McPLy-SP0J-XPDzYNbx6MRXfDySnAhz9QNjXUkQPVdx70hi-PiTgA9buMGTH1N29KXRo6nw6MijJV2gHy1dIz964v_wD9_REyfOwuiRK0fiJsKfHT9-h3gf9BAv9AceBWeKP4eXGmucoweTvcZ9PFGG82iO64DPoM-h6UGjDx-DOzN-9DN89Dr6gsmFY-7x5_hREc2JJwo-_Lhyi8i7WNAR5sP54kGPz8cX_BL2ikRy8hHCP9jT4TjQH_1I-M9Q_MinPIauoNkxXTinHLmy40dz9MN__Dd-fJHSwz_y59CVE562HDv-ozkfaNeF8NrhHelyoaeI50HzoIfe4Tz-BP0LPwiPGz1-hNAjXAAAhnwEFSEMBUpI6IgxwhLBBANEMACcIhAAAoQgABDHDBAOACKYEoAoAAgAgTABEDFACaaEEkiwYAAxzgEGmCDMAKQYINIYQQ1BmjgACCKIOESUEYI4I4gEgGokAAOCACAEEIgiAQihgJEljHKCCAeIU0QZAQBBkkAigAFCEAAIgoEAZhBcBBChAACICAYYMoYIy4DChhgBQAPCEAKEmFQEARggBDEEhMJMaMEMAFwxJoRoLgrgHEAQCZKEQ4QoAKSRkgEmkHAWqAMYE0KdZaBQzhhHpBJICEEIsAwYQ5ABhDAAFAGCCQQIMkqAwRARQCBoDAPAIISII4AABiBTwhBGEDMAkGCMFMAIJIyAQhEKGKEAGSoIQ9AA55SAAACBJFGACeUIUQUIQhAQhkkCrFaIEGYYAIo7RAwghCHBjBICOMCMYgwIIpgjAgogHGXKAEGEQYYIATlEyhLHgGDGUceEYUhQ4YwmBgQlFDCESEAgdQgAZQRURnABjBVEWQqEEYYQYQxAFEhAAAIAgEIcEYQJRgAlxgCjoCBAIaQAEQYIyZBQKASgmCEAISEcE4IC8IBGwghlCBBgEAiUEYIIICwhRAAkBCLKMGGAMVpAYgAThVHnCDBQIc-QKIQRSIChTjjBFBHKRSKgJbIYZQxyUCHhjCsCw2aUEIQoIEBRiihCnEGlCsE5A4RwC5hQglBXGicAGCcQgM4jpCgYwGhALTFEAaIAgwQIICBRVEBGhCBOCWGQMoxYBMgATEgBkAHGGKYQVFApgQyDwBkGmHPAAUwCcgBIZggSggFCFAhMScWUIIAJSJxgAkKIgCQCOQAJEAIRhJkhRCgliBIAEiIIEcJBDRRpUikiDGMGEMGYAxQzApwiABEGFDJAIKsNYIIo4xBAwDBAHGIMOgAEGABQIhAkAABBBASzCAIUM4AYcIUwgApFBAEAASQJMEYIIxTRwCgBCBDKCOGEMcAQApVQoiphGAQ"], "date": ["2008"], "genre": ["Classical"], "disctotal": ["6"], "discsubtitle": ["The Great Mozart Concertos"], "musicbrainz_artistid": ["b972f589-fb0e-474e-b64a-803b0364fa75"], "asin": ["B001BO18DM"], "musicbrainz_albumid": ["04fc246d-1d35-4393-90c1-500e61c1960c"], "artist": ["Wolfgang Amadeus Mozart"], "tracknumber": ["27"], "composer": ["Wolfgang Amadeus Mozart"], "bpm": ["0"], "label": ["EMI"], "albumartistsort": ["Various Artists"], "acoustid_id": ["79375612-69b2-4cd9-bc77-de8df84302e1"], "script": ["Latn"], "totaltracks": ["100"]}}, "rhythm": {"bpm_histogram_first_peak_bpm": {"dmean2": 0, "median": 126, "min": 126, "dvar2": 0, "dvar": 0, "dmean": 0, "max": 126, "var": 0, "mean": 126}, "bpm": 125.976486206, "bpm_histogram_second_peak_spread": {"dmean2": 0, "median": 0.333333313465, "min": 0.333333313465, "dvar2": 0, "dvar": 0, "dmean": 0, "max": 0.333333313465, "var": 0, "mean": 0.333333313465}, "bpm_histogram_first_peak_weight": {"dmean2": 0, "median": 0.165322586894, "min": 0.165322586894, "dvar2": 0, "dvar": 0, "dmean": 0, "max": 0.165322586894, "var": 0, "mean": 0.165322586894}, "onset_rate": 2.00254511833, "beats_position": [0.441179126501, 0.905578196049, 1.35836732388, 1.8111563921, 2.26394557953, 2.71673464775, 3.1811337471, 3.63392281532, 4.08671188354, 4.53950119019, 4.98067998886, 5.4334692955, 5.87464857101, 6.31582736969, 6.76861667633, 7.22140598297, 7.67419481277, 8.13859367371, 8.59138298035, 9.04417228699, 9.49696159363, 9.94974994659, 10.4025392532, 10.8437185287, 11.2848978043, 11.7260770798, 12.1788663864, 12.6316547394, 13.0728340149, 13.5140132904, 13.966802597, 14.4195919037, 14.8723802567, 15.3251695633, 15.7895689011, 16.2539672852, 16.7183666229, 17.1827659607, 17.6471652985, 18.1115646362, 18.575963974, 19.0403633118, 19.5163707733, 19.9923801422, 20.4683895111, 20.9211788177, 21.3739681244, 21.826757431, 22.3027667999, 22.7787742615, 23.2431735992, 23.707572937, 24.1719722748, 24.6247615814, 25.0775508881, 25.5419502258, 26.0063495636, 26.470746994, 26.9351463318, 27.3879356384, 27.8407249451, 28.3051242828, 28.7695236206, 29.2339229584, 29.6983222961, 30.1627197266, 30.6271190643, 31.079908371, 31.5559177399, 32.0203170776, 32.4847145081, 32.9491157532, 33.4019050598, 33.8779144287, 34.3423118591, 34.8299331665, 35.3175506592, 35.8283882141, 36.3392295837, 36.8500671387, 37.3609046936, 37.8717460632, 38.3941955566, 38.91664505, 39.427482605, 39.9383201599, 40.4491615295, 40.9599990845, 41.4592285156, 41.9468460083, 42.4460754395, 42.9336967468, 43.4213142395, 43.9205436707, 44.4197731018, 44.8957824707, 45.3717918396, 45.8478012085, 46.3238105774, 46.7998161316, 47.2758255005, 47.7634468079, 48.2394561768, 48.7154655457, 49.1914749146, 49.6674804688, 50.1318817139, 50.6194992065, 51.1071205139, 51.5947380066, 52.0823554993, 52.5583648682, 53.0459861755, 53.5219955444, 54.0096130371, 54.4972343445, 54.9732398987, 55.4492492676, 55.936870575, 56.4244880676, 56.912109375, 57.3881187439, 57.8757362366, 58.3749656677, 58.8741950989, 59.37342453, 59.8610420227, 60.3486595154, 60.8362808228, 61.3238983154, 61.8115196228, 62.2991371155, 62.7751464844, 63.2511558533, 63.7271652222, 64.2031707764, 64.67918396, 65.1551895142, 65.6312026978, 66.1188201904, 66.5948257446, 67.0708389282, 67.5584564209, 68.0344696045, 68.5220870972, 68.9980926514, 69.485710144, 69.9617233276, 70.4377288818, 70.9137420654, 71.3897476196, 71.8657608032, 72.3301544189, 72.8061676025, 73.2821731567, 73.7581863403, 74.303855896, 74.8611297607, 75.4184112549, 75.975692749, 76.5329666138, 77.0902481079, 77.7636260986, 78.4370040894, 79.133605957, 79.8185958862, 80.503578186, 81.1769561768, 81.861946106, 82.5353240967, 83.2087097168, 83.8240356445, 84.4393615723, 85.0546951294, 85.6700210571, 86.2853469849, 86.900680542, 87.5160064697, 88.0732879639, 88.6305618286, 89.1762313843, 89.7219009399, 90.2675704956, 90.8248519897, 91.3821334839, 91.9394073486, 92.4966888428, 93.0539703369, 93.6112442017, 94.1569137573, 94.7141952515, 95.2714691162, 95.8171386719, 96.374420166, 96.8968658447, 97.4193191528, 97.9417648315, 98.4526062012, 98.9518356323, 99.4510650635, 99.9851226807, 100.519180298, 101.076461792, 101.633743286, 102.191017151, 102.748298645, 103.305580139, 103.874465942, 104.420135498, 104.954193115, 105.488250732, 105.975868225, 106.463493347, 106.95111084, 107.438728333, 107.926345825, 108.413963318, 108.90158844, 109.400817871, 109.969703674, 110.526985168, 111.084259033, 111.641540527, 112.198822021, 112.756095886, 113.31337738, 113.859046936, 114.416320801, 114.973602295, 115.530883789, 116.099769592, 116.680267334, 117.260765076, 117.81804657, 118.375328064, 118.955825806, 119.536323547, 120.10521698, 120.732154846, 121.347480774, 121.997642517, 122.647796631, 123.344398499, 124.029388428, 124.714370728, 125.434196472, 126.154014587, 126.873832703, 127.593650818], "beats_loudness": {"dmean2": 0.0215008817613, "median": 0.00383405154571, "min": 7.06231944037e-08, "dvar2": 0.00213870476, "dvar": 0.000774506421294, "dmean": 0.0133738033473, "max": 0.214962288737, "var": 0.000820302171633, "mean": 0.0163122005761}, "danceability": 0.822441577911, "bpm_histogram_second_peak_weight": {"dmean2": 0, "median": 0.129032254219, "min": 0.129032254219, "dvar2": 0, "dvar": 0, "dmean": 0, "max": 0.129032254219, "var": 0, "mean": 0.129032254219}, "beats_count": 249, "bpm_histogram_second_peak_bpm": {"dmean2": 0, "median": 108, "min": 108, "dvar2": 0, "dvar": 0, "dmean": 0, "max": 108, "var": 0, "mean": 108}, "bpm_histogram_first_peak_spread": {"dmean2": 0, "median": 0.609523773193, "min": 0.609523773193, "dvar2": 0, "dvar": 0, "dmean": 0, "max": 0.609523773193, "var": 0, "mean": 0.609523773193}, "beats_loudness_band_ratio": {"dmean2": [0.133074462414, 0.255006462336, 0.34409737587, 0.22024255991, 0.167304322124, 0.089167393744], "median": [0.0433337129653, 0.103379487991, 0.319653600454, 0.157414913177, 0.0826654955745, 0.0161398593336], "min": [0.000119248375995, 6.19063848717e-06, 2.17529795918e-05, 9.164972289e-05, 1.94949243451e-05, 0.000389000953874], "dvar2": [0.0294569227844, 0.066525042057, 0.0997640490532, 0.0548208355904, 0.0341660156846, 0.0273487064987], "dvar": [0.0151668870822, 0.0223829541355, 0.0325508788228, 0.019782256335, 0.0131588019431, 0.0105745606124], "dmean": [0.0828275829554, 0.144904181361, 0.200276404619, 0.134403407574, 0.0953277498484, 0.0523323938251], "max": [0.995052337646, 0.802635610104, 0.923270881176, 0.908760249615, 0.741635143757, 0.99582618475], "var": [0.0281728804111, 0.0296452343464, 0.0578890405595, 0.0317156724632, 0.0187112316489, 0.0252442397177], "mean": [0.101839028299, 0.168729096651, 0.34842056036, 0.205252662301, 0.124946862459, 0.0700470879674]}}, "lowlevel": {"barkbands_spread": {"dmean2": 5.14148235321, "median": 13.6007156372, "min": 0.137348681688, "dvar2": 31.6461277008, "dvar": 13.3881158829, "dmean": 3.36112713814, "max": 158.2290802, "var": 184.4972229, "mean": 15.3605079651}, "melbands_spread": {"dmean2": 8.6389541626, "median": 19.7373809814, "min": 0.103183753788, "dvar2": 116.119026184, "dvar": 49.0919876099, "dmean": 5.7172794342, "max": 220.765640259, "var": 669.41229248, "mean": 25.3648395538}, "hfc": {"dmean2": 3.56019473076, "median": 2.55922055244, "min": 1.39850294545e-06, "dvar2": 65.8856277466, "dvar": 38.4592132568, "dmean": 2.64736461639, "max": 165.455322266, "var": 309.183837891, "mean": 9.80292129517}, "barkbands_kurtosis": {"dmean2": 17.7398681641, "median": 0.709204435349, "min": -1.95976674557, "dvar2": 15810.9433594, "dvar": 5218.86083984, "dmean": 10.5577135086, "max": 2720.89575195, "var": 41971.5429688, "mean": 33.5389709473}, "gfcc": {"mean": [-175.590148926, 107.499008179, -156.466156006, 5.17023611069, -50.9802932739, -12.2504482269, -21.2545528412, 1.55708968639, -6.91138029099, 1.43556547165, -2.96964383125, -0.961872637272, -0.958804428577], "icov": [[0.000490455655381, -0.000737822148949, 0.000767639081459, -0.000445732148364, 0.00110291375313, -0.00152228458319, 0.00126983504742, -0.000932328344788, 0.000957730808295, -0.000749479164369, 0.000476568093291, -9.21725804801e-05, 0.00075556646334], [-0.000737822148949, 0.00174349488225, -0.000857445294969, 0.000365974643501, -0.00212702876888, 0.00325388042256, -0.00211809435859, 0.0022966589313, -0.00170987250749, 0.000751268293243, -0.000550522992853, 0.000793146318756, -0.00106194464024], [0.000767639081459, -0.000857445294969, 0.00229434110224, -0.000766912067775, 0.00119970203377, -0.00238272896968, 0.00169580697548, 4.82354080305e-05, 2.09070440178e-05, -0.00033024372533, 0.000446365011157, 0.00041477632476, 0.00129282649141], [-0.000445732148364, 0.000365974643501, -0.000766912067775, 0.00469662202522, -0.00197031418793, 0.000344578031218, -0.000273438461591, -0.00212056026794, 0.00164489180315, -0.000895470264368, 0.00234900857322, -0.0022161421366, 0.00030679118936], [0.00110291375313, -0.00212702876888, 0.00119970203377, -0.00197031418793, 0.0085919406265, -0.00564622227103, 0.000636965211015, -0.000617265817709, 0.000197863511858, 0.00110041827429, -0.00103183521423, 0.00070193054853, 0.000963119207881], [-0.00152228458319, 0.00325388042256, -0.00238272896968, 0.000344578031218, -0.00564622227103, 0.012462971732, -0.00789473764598, 0.00412061903626, -0.00093867641408, -0.000653127732221, 0.00101239397191, -0.00187008292414, 0.000769763952121], [0.00126983504742, -0.00211809435859, 0.00169580697548, -0.000273438461591, 0.000636965211015, -0.00789473764598, 0.0143443960696, -0.00891517847776, 0.00268810219131, 0.000791311147623, -0.00255092745647, 0.00198952667415, -0.00113159883767], [-0.000932328344788, 0.0022966589313, 4.82354080305e-05, -0.00212056026794, -0.000617265817709, 0.00412061903626, -0.00891517847776, 0.0147255593911, -0.00715001719072, 0.00116515671834, 0.00151499942876, -0.000874051998835, -0.00128572958056], [0.000957730808295, -0.00170987250749, 2.09070440178e-05, 0.00164489180315, 0.000197863511858, -0.00093867641408, 0.00268810219131, -0.00715001719072, 0.0135284215212, -0.00679993303493, 0.00177973741665, 0.000342857383657, 0.000687609484885], [-0.000749479164369, 0.000751268293243, -0.00033024372533, -0.000895470264368, 0.00110041827429, -0.000653127732221, 0.000791311147623, 0.00116515671834, -0.00679993303493, 0.0142467683181, -0.00791997276247, 0.00220739399083, 0.000535569037311], [0.000476568093291, -0.000550522992853, 0.000446365011157, 0.00234900857322, -0.00103183521423, 0.00101239397191, -0.00255092745647, 0.00151499942876, 0.00177973741665, -0.00791997276247, 0.0167640447617, -0.00888549908996, 0.00417633820325], [-9.21725804801e-05, 0.000793146318756, 0.00041477632476, -0.0022161421366, 0.00070193054853, -0.00187008292414, 0.00198952667415, -0.000874051998835, 0.000342857383657, 0.00220739399083, -0.00888549908996, 0.0163790751249, -0.007416583132], [0.00075556646334, -0.00106194464024, 0.00129282649141, 0.00030679118936, 0.000963119207881, 0.000769763952121, -0.00113159883767, -0.00128572958056, 0.000687609484885, 0.000535569037311, 0.00417633820325, -0.007416583132, 0.0151707623154]], "cov": [[32205.7128906, 4678.51757812, -6131.91894531, 1762.75756836, -1777.4041748, -145.811355591, -1241.77185059, 265.701049805, -939.583251953, 885.635437012, -539.549194336, -105.09009552, -630.971435547], [4678.51757812, 3254.76489258, -538.021240234, -150.312255859, -132.057800293, -596.82421875, -379.881500244, -299.392242432, 55.2210578918, 117.994857788, -59.2080116272, -259.617462158, -88.6207733154], [-6131.91894531, -538.021240234, 1933.69897461, -327.428527832, 352.082946777, 60.6666259766, 125.189323425, -186.784439087, 200.05909729, -137.599822998, 76.6299209595, -71.1916122437, 17.5371494293], [1762.75756836, -150.312255859, -327.428527832, 516.22845459, 14.3526391983, 181.757965088, 60.7590789795, 153.50982666, -109.522415161, 12.2715787888, -75.593132019, 69.5266494751, -14.1118659973], [-1777.4041748, -132.057800293, 352.082946777, 14.3526391983, 361.040863037, 150.306259155, 174.551696777, 13.4308948517, 40.805267334, -74.890335083, 31.7742919922, 10.6028442383, 29.8255443573], [-145.811355591, -596.82421875, 60.6666259766, 181.757965088, 150.306259155, 386.639312744, 189.93939209, 99.7788467407, -53.949634552, -9.03628063202, 5.28513765335, 69.7452316284, -14.4912080765], [-1241.77185059, -379.881500244, 125.189323425, 60.7590789795, 174.551696777, 189.93939209, 296.992767334, 144.577590942, 25.5711250305, -54.6400108337, 25.5429801941, 47.4265975952, 53.9675636292], [265.701049805, -299.392242432, -186.784439087, 153.50982666, 13.4308948517, 99.7788467407, 144.577590942, 236.63192749, 30.6372489929, 5.27215957642, -21.2818126678, 48.8352928162, 31.704366684], [-939.583251953, 55.2210578918, 200.05909729, -109.522415161, 40.805267334, -53.949634552, 25.5711250305, 30.6372489929, 186.362335205, 45.8512191772, 31.0988864899, -26.381231308, 8.9537115097], [885.635437012, 117.994857788, -137.599822998, 12.2715787888, -74.890335083, -9.03628063202, -54.6400108337, 5.27215957642, 45.8512191772, 169.903244019, 53.5211868286, -2.51508140564, -46.8263168335], [-539.549194336, -59.2080116272, 76.6299209595, -75.593132019, 31.7742919922, 5.28513765335, 25.5429801941, -21.2818126678, 31.0988864899, 53.5211868286, 137.114593506, 48.337310791, -1.87232744694], [-105.09009552, -259.617462158, -71.1916122437, 69.5266494751, 10.6028442383, 69.7452316284, 47.4265975952, 48.8352928162, -26.381231308, -2.51508140564, 48.337310791, 138.817672729, 51.0281524658], [-630.971435547, -88.6207733154, 17.5371494293, -14.1118659973, 29.8255443573, -14.4912080765, 53.9675636292, 31.704366684, 8.9537115097, -46.8263168335, -1.87232744694, 51.0281524658, 122.191986084]]}, "spectral_energyband_middle_low": {"dmean2": 0.00261093536392, "median": 0.00105192721821, "min": 1.18919088986e-14, "dvar2": 6.26759283477e-05, "dvar": 3.73266157112e-05, "dmean": 0.00201186072081, "max": 0.202993005514, "var": 0.000179427268449, "mean": 0.00612340122461}, "melbands_crest": {"dmean2": 4.42184972763, "median": 13.1416158676, "min": 3.08762407303, "dvar2": 17.671749115, "dvar": 7.44505929947, "dmean": 2.89995551109, "max": 39.6040306091, "var": 44.0899734497, "mean": 14.5845737457}, "spectral_kurtosis": {"dmean2": 6.55988645554, "median": 7.64958906174, "min": -1.18108570576, "dvar2": 48.8652229309, "dvar": 15.6365556717, "dmean": 3.7068362236, "max": 62.3447723389, "var": 44.2835464478, "mean": 9.25088787079}, "spectral_rms": {"dmean2": 0.000414033245761, "median": 0.0015413207002, "min": 2.64398124727e-07, "dvar2": 3.81750879797e-07, "dvar": 2.45292170575e-07, "dmean": 0.00032254611142, "max": 0.0150301400572, "var": 4.82075529362e-06, "mean": 0.00235248846002}, "zerocrossingrate": {"dmean2": 0.00804488826543, "median": 0.05078125, "min": 0, "dvar2": 0.000148820894537, "dvar": 0.000167425969266, "dmean": 0.00680952239782, "max": 0.88671875, "var": 0.0191410463303, "mean": 0.0800004824996}, "silence_rate_60dB": {"dmean2": 0.0868621096015, "median": 1, "min": 0, "dvar2": 0.0919808894396, "dvar": 0.0415392555296, "dmean": 0.0434231944382, "max": 1, "var": 0.246402919292, "mean": 0.560057878494}, "erbbands_kurtosis": {"dmean2": 1.67290055752, "median": -0.102026700974, "min": -1.86202692986, "dvar2": 6.4083609581, "dvar": 2.73334956169, "dmean": 1.07433772087, "max": 32.1753463745, "var": 7.11865520477, "mean": 0.674872636795}, "erbbands": {"dmean2": [0.0045883175917, 0.062758050859, 0.19702757895, 0.16559420526, 0.340508401394, 0.897210896015, 2.97239995003, 5.01739311218, 14.0030794144, 12.2924566269, 19.0913562775, 27.8314266205, 7.77974367142, 20.0182685852, 9.51861476898, 14.5485448837, 45.0119743347, 17.8676300049, 24.9362411499, 15.075419426, 16.0518035889, 7.70288896561, 4.80278635025, 5.44328975677, 8.41703891754, 2.77800679207, 1.81614100933, 0.65546643734, 0.491712838411, 0.291019767523, 0.189741954207, 0.0691552013159, 0.0271335560828, 0.0116527471691, 0.00533081265166, 0.00240074866451, 0.000548550044186, 8.58918865561e-05, 1.03461488834e-05, 4.47234879175e-06], "median": [0.000941047212109, 0.0050423014909, 0.0100545268506, 0.0140446312726, 0.107191219926, 0.285265803337, 0.711456239223, 0.775020003319, 1.46325016022, 2.24866008759, 2.74600601196, 2.18952560425, 1.92012143135, 3.03344917297, 1.43363916874, 1.50093483925, 2.01436805725, 1.16356134415, 1.80524361134, 1.97890210152, 2.38193321228, 1.47297215462, 0.894799053669, 1.01033306122, 1.14269948006, 0.543235778809, 0.279379189014, 0.10593996942, 0.0662761628628, 0.0346392989159, 0.0171722788364, 0.00652212835848, 0.00299867941067, 0.00111938035116, 0.000501313188579, 0.000192807303392, 6.50403817417e-05, 1.35558893817e-05, 8.11120753497e-06, 4.43908993475e-06], "min": [2.75246934924e-15, 7.96096112751e-15, 1.0821227066e-14, 5.26076612015e-14, 4.50243168486e-13, 2.00560835301e-12, 3.62415306099e-12, 2.3515657737e-12, 1.35825144534e-11, 4.1460505168e-11, 6.98155491752e-11, 1.37745925777e-10, 8.74236585902e-11, 1.56741113144e-11, 1.33676646141e-11, 6.65847377235e-11, 9.158813985e-11, 3.48778367298e-11, 4.665266784e-11, 1.81632306417e-10, 8.30807506125e-11, 1.88993924677e-11, 3.74793668323e-11, 9.25949525388e-11, 6.52383078115e-11, 6.22085646884e-11, 5.06792281751e-11, 8.79683687005e-11, 2.01636929376e-10, 6.4139532574e-10, 5.81136472277e-10, 1.29580124408e-09, 1.11538878134e-09, 3.34308108974e-10, 2.25665874876e-10, 1.34857111589e-10, 5.52661472142e-10, 2.30679053637e-09, 6.0227907106e-09, 1.0575896825e-09], "dvar2": [0.000152594730025, 0.0362202264369, 0.461755901575, 0.233405902982, 1.03751242161, 8.10158538818, 90.2101745605, 319.26184082, 2870.15893555, 1607.44116211, 8707.99609375, 22964.484375, 526.484008789, 3984.5871582, 857.709533691, 2194.46826172, 37763.0546875, 5422.05566406, 6854.77148438, 2842.17749023, 2403.83666992, 555.849853516, 205.530761719, 255.698944092, 1270.97009277, 65.9362564087, 39.3575935364, 4.67468357086, 2.66724395752, 1.15990281105, 0.644489645958, 0.0583820194006, 0.00918957777321, 0.00216687866487, 0.000392391928472, 0.000176868124981, 4.42523287347e-06, 1.40038821428e-07, 9.23138621101e-10, 1.09729822451e-10], "dvar": [5.36385450687e-05, 0.0126805957407, 0.211258873343, 0.0955902785063, 0.767790257931, 5.02813529968, 53.0596733093, 207.02355957, 1315.00634766, 1062.55212402, 5882.61865234, 11706.9697266, 234.311218262, 1677.54553223, 373.113189697, 930.626220703, 17932.9960938, 2777.27490234, 3702.29443359, 1117.82849121, 944.167114258, 239.188400269, 80.8583221436, 100.325790405, 493.545410156, 32.9308815002, 15.9412107468, 2.08557534218, 1.15917611122, 0.519514262676, 0.288073033094, 0.0269240438938, 0.00412246398628, 0.000969833519775, 0.000163513454027, 9.23664701986e-05, 2.01787702281e-06, 6.06755818922e-08, 4.48468345793e-10, 7.01028610162e-11], "dmean": [0.00274867075495, 0.0373484864831, 0.125508144498, 0.107520632446, 0.274560809135, 0.693176090717, 2.2112736702, 3.89459228516, 10.7700958252, 9.64559173584, 13.8074626923, 20.3918399811, 5.20735931396, 13.1802129745, 6.30389165878, 9.64910984039, 30.9394893646, 12.3842105865, 17.1669254303, 9.49806022644, 10.0530319214, 5.06828212738, 3.03117322922, 3.42851424217, 5.38995838165, 1.79342639446, 1.18880534172, 0.433375090361, 0.329026788473, 0.193392902613, 0.128429725766, 0.046731993556, 0.0185180865228, 0.0079671414569, 0.00350733939558, 0.00166060926858, 0.000378129829187, 6.033615864e-05, 7.29788007447e-06, 3.41164331985e-06], "max": [0.234975889325, 1.91694319248, 14.5448875427, 7.11415243149, 53.5362434387, 121.357437134, 403.357971191, 689.651550293, 1499.03796387, 1297.66564941, 3865.65795898, 3852.05444336, 493.487854004, 1480.41064453, 516.870361328, 655.513183594, 3348.73486328, 1701.60949707, 2258.86547852, 818.854492188, 998.297546387, 444.187347412, 253.994155884, 258.891387939, 892.606933594, 276.553253174, 115.284042358, 39.9506225586, 26.1548118591, 25.6813316345, 22.7405700684, 3.82376384735, 2.04792380333, 0.820857465267, 0.384299218655, 0.553388893604, 0.0510767698288, 0.0113603686914, 0.000639063015115, 0.000268483301625], "var": [0.00036061659921, 0.0282177813351, 0.440781712532, 0.214805722237, 6.6106710434, 39.2485122681, 199.324920654, 895.60357666, 7232.89746094, 4190.09716797, 16294.4345703, 29018.5507812, 569.743164062, 3666.72460938, 949.105895996, 2462.01928711, 36968.3945312, 8660.77148438, 15696.8730469, 2089.31518555, 1825.42016602, 633.573059082, 187.864105225, 236.487991333, 1057.60229492, 92.2008666992, 43.9088783264, 6.6063542366, 2.93459916115, 1.32278597355, 0.760322451591, 0.0774772465229, 0.0131510030478, 0.00275633553974, 0.00061205815291, 0.000289937946945, 6.39398695057e-06, 1.68112507026e-07, 2.28624807974e-09, 5.73394665082e-10], "mean": [0.00632547447458, 0.0662331730127, 0.201242655516, 0.190166935325, 0.70442456007, 1.81296157837, 4.64136219025, 8.74435520172, 28.3389110565, 23.1138935089, 26.9783916473, 40.2964744568, 10.3878011703, 23.079366684, 11.5995397568, 18.4123821259, 51.8678474426, 22.8043270111, 34.1767272949, 16.5251617432, 16.6102581024, 9.29741191864, 5.47433042526, 6.39037179947, 9.94231033325, 3.60949683189, 2.22914266586, 0.928180515766, 0.643782734871, 0.373468101025, 0.24073420465, 0.0927679613233, 0.0382095463574, 0.0162823777646, 0.00756095768884, 0.00340143335052, 0.00080663053086, 0.000136481088703, 2.49611584877e-05, 1.44235045809e-05]}, "spectral_strongpeak": {"dmean2": 0.819348931313, "median": 0.750104725361, "min": 0, "dvar2": 2.09890627861, "dvar": 0.893958687782, "dmean": 0.514771521091, "max": 13.8733692169, "var": 2.48786211014, "mean": 1.25339472294}, "spectral_energy": {"dmean2": 0.0036586264614, "median": 0.0024350611493, "min": 7.16540229928e-11, "dvar2": 8.00314810476e-05, "dvar": 5.07215881953e-05, "dmean": 0.00278310058638, "max": 0.23155272007, "var": 0.000379441305995, "mean": 0.0106138326228}, "average_loudness": 0.0934007540345, "spectral_rolloff": {"dmean2": 514.983764648, "median": 1356.59179688, "min": 21.533203125, "dvar2": 1015924.8125, "dvar": 421268.59375, "dmean": 302.833007812, "max": 21856.2011719, "var": 14215152, "mean": 2243.88232422}, "spectral_centroid": {"dmean2": 286.348724365, "median": 1218.5657959, "min": 267.79864502, "dvar2": 104534.726562, "dvar": 49798.53125, "dmean": 196.854736328, "max": 11028.2050781, "var": 799239.125, "mean": 1442.10595703}, "pitch_salience": {"dmean2": 0.0898409709334, "median": 0.505948841572, "min": 0.0297670289874, "dvar2": 0.00627083005384, "dvar": 0.00262391753495, "dmean": 0.0584186725318, "max": 0.897190749645, "var": 0.0134478323162, "mean": 0.504993379116}, "spectral_energyband_middle_high": {"dmean2": 0.00195810105652, "median": 0.000954607734457, "min": 1.28667116837e-14, "dvar2": 2.28352964768e-05, "dvar": 1.09695474748e-05, "dmean": 0.00137845776044, "max": 0.0679972916842, "var": 5.51936464035e-05, "mean": 0.00394517043605}, "spectral_contrast_coeffs": {"dmean2": [0.0618828721344, 0.0577714703977, 0.053922958672, 0.0463693067431, 0.0347183570266, 0.0210347715765], "median": [-0.68503010273, -0.701649546623, -0.706299424171, -0.722286224365, -0.752091944218, -0.741237878799], "min": [-0.957377016544, -0.959722876549, -0.964799940586, -0.962938666344, -0.959316968918, -0.959685444832], "dvar2": [0.00256113824435, 0.0023509869352, 0.0019880332984, 0.00150122644845, 0.000853678560816, 0.000312563555781], "dvar": [0.000974083493929, 0.000967949570622, 0.000822177273221, 0.000620928534772, 0.000386330415495, 0.000136247996124], "dmean": [0.038273755461, 0.0375732965767, 0.0347448550165, 0.0298311114311, 0.0226514507085, 0.0135406572372], "max": [-0.355781495571, -0.318680524826, -0.376267015934, -0.448356717825, -0.413818180561, -0.587198734283], "var": [0.0102465385571, 0.00961346458644, 0.00882653798908, 0.007548045367, 0.00707714864984, 0.00337923620827], "mean": [-0.686106681824, -0.701556861401, -0.70224827528, -0.722404420376, -0.746668040752, -0.745814621449]}, "melbands_skewness": {"dmean2": 0.789732456207, "median": 1.20922839642, "min": -5.35110664368, "dvar2": 3.62003946304, "dvar": 1.31064319611, "dmean": 0.519836544991, "max": 52.9641113281, "var": 7.5786356926, "mean": 1.55646789074}, "spectral_spread": {"dmean2": 392640.40625, "median": 2594502.75, "min": 999974.25, "dvar2": 234813751296, "dvar": 115667107840, "dmean": 249301.484375, "max": 43274812, "var": 41664106201100.0, "mean": 3875767.5}, "dissonance": {"dmean2": 0.0451699160039, "median": 0.441767334938, "min": 0.240426123142, "dvar2": 0.00165246718097, "dvar": 0.000592625176068, "dmean": 0.0269884932786, "max": 0.499887466431, "var": 0.00176446686964, "mean": 0.434538215399}, "spectral_skewness": {"dmean2": 0.591138064861, "median": 1.72965240479, "min": -0.00504522072151, "dvar2": 0.305492043495, "dvar": 0.101486548781, "dmean": 0.341542452574, "max": 6.11505889893, "var": 0.480962514877, "mean": 1.85782396793}, "spectral_flux": {"dmean2": 0.0133404573426, "median": 0.0211149267852, "min": 0.00014890084276, "dvar2": 0.000391172710806, "dvar": 0.000146328718984, "dmean": 0.00819345191121, "max": 0.253188163042, "var": 0.000988446990959, "mean": 0.0325795710087}, "spectral_contrast_valleys": {"dmean2": [0.582416236401, 0.463963776827, 0.430390805006, 0.342687785625, 0.280054241419, 0.242901042104], "median": [-9.43306541443, -7.91226863861, -8.80827331543, -9.35357475281, -9.28584289551, -12.9100570679], "min": [-26.9897289276, -27.2198219299, -27.1617832184, -27.3169555664, -27.2845439911, -27.2455654144], "dvar2": [0.23122484982, 0.160637453198, 0.133438497782, 0.0886011719704, 0.0751034840941, 0.0713706240058], "dvar": [0.0921451747417, 0.0779565423727, 0.0681213065982, 0.0523346811533, 0.0495456382632, 0.052352771163], "dmean": [0.34525474906, 0.289810329676, 0.266695827246, 0.221165522933, 0.193259984255, 0.181695386767], "max": [-6.32167577744, -4.95897817612, -6.00689458847, -6.5007314682, -6.81301212311, -10.1391277313], "var": [3.31470918655, 3.95775556564, 3.49573206902, 3.43553638458, 3.21097254753, 1.54235851765], "mean": [-9.63083648682, -8.26878261566, -9.06273937225, -9.5416059494, -9.53058052063, -12.9654359818]}, "erbbands_flatness_db": {"dmean2": 0.0229580495507, "median": 0.242434054613, "min": 0.0243810154498, "dvar2": 0.000404203572543, "dvar": 0.000199756221264, "dmean": 0.0160974729806, "max": 0.463443696499, "var": 0.00292433355935, "mean": 0.243822947145}, "spectral_energyband_high": {"dmean2": 5.5263433751e-05, "median": 1.35203763421e-05, "min": 4.51462686679e-11, "dvar2": 2.52211211915e-08, "dvar": 1.31845760976e-08, "dmean": 3.87615182262e-05, "max": 0.00441819336265, "var": 5.34422035514e-08, "mean": 9.75389557425e-05}, "spectral_entropy": {"dmean2": 0.199654385448, "median": 6.85596513748, "min": 3.87533783913, "dvar2": 0.0330320931971, "dvar": 0.0170107260346, "dmean": 0.143836349249, "max": 9.80187702179, "var": 0.430973917246, "mean": 6.85491418839}, "silence_rate_20dB": {"dmean2": 0, "median": 1, "min": 1, "dvar2": 0, "dvar": 0, "dmean": 0, "max": 1, "var": 0, "mean": 1}, "melbands_flatness_db": {"dmean2": 0.0268391054124, "median": 0.224142998457, "min": 0.0522773340344, "dvar2": 0.000662045786157, "dvar": 0.000329992588377, "dmean": 0.0192323829979, "max": 0.593366742134, "var": 0.00541707826778, "mean": 0.235131576657}, "barkbands": {"dmean2": [4.78263136756e-05, 0.000238110354985, 0.000162398719112, 6.2332568632e-05, 0.000230911828112, 0.000552324287128, 0.00101163098589, 0.000823125883471, 0.000999394804239, 0.000560794724151, 0.000219415960601, 0.000304528162815, 0.000858587503899, 0.00038621207932, 0.000435320107499, 0.000292759359581, 0.000160580850206, 8.81695013959e-05, 0.000161499978276, 6.20728751528e-05, 3.24148386426e-05, 1.56331807375e-05, 6.47627302897e-06, 2.1127330001e-06, 8.61136470576e-07, 3.73198673742e-07, 6.02699898877e-08], "median": [1.27303574118e-05, 2.90970237984e-05, 5.77620903641e-06, 1.85857732049e-06, 7.74738000473e-05, 8.4821760538e-05, 0.000120662720292, 9.21754253795e-05, 6.99695156072e-05, 8.83456305019e-05, 1.327379141e-05, 1.83303636732e-05, 3.26560111716e-05, 1.60296003742e-05, 2.84100897261e-05, 4.49720391771e-05, 1.85510471056e-05, 1.20716931633e-05, 1.88763933693e-05, 7.58558917369e-06, 4.1351222535e-06, 1.90129549082e-06, 6.29872374702e-07, 2.21831527369e-07, 7.88760559089e-08, 3.66522812101e-08, 5.76649554773e-08], "min": [7.3423701074e-17, 5.35478810608e-17, 8.01935887439e-18, 2.75007758628e-17, 5.10466629124e-16, 3.22995817994e-16, 1.62615629851e-15, 2.54540303968e-15, 6.03278633781e-15, 1.38305741913e-15, 1.17474165657e-16, 1.40226007956e-15, 2.00114328998e-15, 3.57427072025e-16, 2.51482218567e-15, 2.12758010977e-15, 2.40579194588e-16, 7.0823775794e-16, 1.90347467368e-15, 1.12493778686e-15, 1.68607964437e-15, 8.0660118477e-15, 2.08436004188e-14, 7.11678979637e-14, 3.40103989351e-14, 2.65050568299e-13, 4.8869432806e-11], "dvar2": [9.62864010745e-09, 4.78789786484e-07, 3.40667725141e-07, 4.73396646328e-08, 4.78031950024e-07, 4.08596542911e-06, 1.1361156794e-05, 2.13209477806e-05, 2.83244844468e-05, 3.07252389575e-06, 6.7341477461e-07, 1.12953466669e-06, 1.33355924845e-05, 2.20806578e-06, 2.07797575058e-06, 6.93578442679e-07, 2.74971313274e-07, 6.84605225842e-08, 3.44204210023e-07, 4.97878680505e-08, 1.17825100787e-08, 2.46002818116e-09, 7.418