{"tonal": {"thpcp": [1, 0.963473916054, 0.901597976685, 0.680435657501, 0.49096134305, 0.493914872408, 0.537975311279, 0.469906896353, 0.400298446417, 0.430862724781, 0.481901943684, 0.588227331638, 0.704156041145, 0.710030078888, 0.64557236433, 0.612300157547, 0.570878863335, 0.520885467529, 0.510778427124, 0.473920345306, 0.544957399368, 0.748966157436, 0.720505475998, 0.578147947788, 0.573353230953, 0.581753194332, 0.571739792824, 0.608588337898, 0.624064445496, 0.609973967075, 0.623961746693, 0.598870992661, 0.577567756176, 0.622898995876, 0.778914511204, 0.966031253338], "hpcp": {"dmean2": [0.299439042807, 0.277941614389, 0.265396475792, 0.247224777937, 0.246608629823, 0.239240154624, 0.253633648157, 0.316397875547, 0.333533763885, 0.292966514826, 0.275359123945, 0.276536822319, 0.267937034369, 0.28159236908, 0.285231888294, 0.278150975704, 0.283402740955, 0.298517107964, 0.302659541368, 0.34209766984, 0.451802611351, 0.523197948933, 0.470830351114, 0.475886851549, 0.549800932407, 0.404170125723, 0.280022501945, 0.274370878935, 0.263561993837, 0.250124722719, 0.238561928272, 0.240428864956, 0.253532767296, 0.285779356956, 0.308432430029, 0.314887046814], "median": [0.125010088086, 0.112740114331, 0.100766792893, 0.0885666832328, 0.0768825113773, 0.0718332827091, 0.0896939188242, 0.108857221901, 0.115606680512, 0.0962179005146, 0.0935435891151, 0.0980004817247, 0.0999403297901, 0.105285838246, 0.114452555776, 0.118411555886, 0.112292602658, 0.10141427815, 0.0975610613823, 0.0968040376902, 0.0978784710169, 0.126664072275, 0.13131532073, 0.144403010607, 0.115193903446, 0.0867572873831, 0.0637412965298, 0.0699346289039, 0.0681302845478, 0.0602298080921, 0.0577249452472, 0.0662359669805, 0.0817798748612, 0.105870515108, 0.128307580948, 0.128749832511], "min": [0, 0, 0, 0, 0, 0, 0, 0, 0, 0, 0, 0, 0, 0, 0, 0, 0, 0, 0, 0, 0, 0, 0, 0, 0, 0, 0, 0, 0, 0, 0, 0, 0, 0, 0, 0], "dvar2": [0.108869060874, 0.0942136272788, 0.0947633087635, 0.0918758809566, 0.100241921842, 0.09490159899, 0.0894557386637, 0.124254375696, 0.130551636219, 0.114056326449, 0.116058468819, 0.117894545197, 0.100172713399, 0.104701042175, 0.0981458798051, 0.0948909074068, 0.105737008154, 0.12412776053, 0.12619189918, 0.154023230076, 0.215817898512, 0.251464217901, 0.213728532195, 0.19774389267, 0.268734127283, 0.167160451412, 0.130403161049, 0.126463875175, 0.118670858443, 0.113038368523, 0.114038750529, 0.10790258646, 0.0944680050015, 0.100163377821, 0.107840143144, 0.114958450198], "dvar": [0.0383684262633, 0.0349207259715, 0.0354812704027, 0.0336135216057, 0.0383794233203, 0.0349496640265, 0.0323774963617, 0.0497413761914, 0.050063598901, 0.0419040024281, 0.041770838201, 0.0421121641994, 0.0362047180533, 0.03813065961, 0.035761076957, 0.034209959209, 0.0394315123558, 0.0451101437211, 0.0456936694682, 0.0561588853598, 0.0811681598425, 0.0946141630411, 0.0830736979842, 0.0733409672976, 0.0994351878762, 0.0619818605483, 0.0464760884643, 0.0444884002209, 0.0435423962772, 0.0401797369123, 0.039911583066, 0.0383968949318, 0.033978074789, 0.0362575128675, 0.041019577533, 0.0428123138845], "dmean": [0.1701798141, 0.158693596721, 0.151350602508, 0.14074267447, 0.140657171607, 0.135772481561, 0.144672572613, 0.184082999825, 0.191923514009, 0.165749058127, 0.15659108758, 0.156949743629, 0.151917666197, 0.159800857306, 0.162166193128, 0.157541498542, 0.161263912916, 0.167988926172, 0.169340029359, 0.191174820065, 0.252912014723, 0.292832314968, 0.26698243618, 0.270677268505, 0.302719712257, 0.223681330681, 0.156908422709, 0.152650624514, 0.147729888558, 0.138889685273, 0.130872309208, 0.133755832911, 0.142632305622, 0.161940604448, 0.177938371897, 0.180675536394], "max": [1, 1, 1, 1, 1, 1, 1, 1, 1, 1, 1, 1, 1, 1, 1, 1, 1, 1, 1, 1, 1, 1, 1, 1, 1, 1, 1, 1, 1, 1, 1, 1, 1, 1, 1, 1], "var": [0.0422158688307, 0.0412720516324, 0.0399409905076, 0.035107973963, 0.0432775914669, 0.0374920666218, 0.0364161320031, 0.0719665586948, 0.0600505024195, 0.0438569672406, 0.0463182069361, 0.0457759127021, 0.0392228886485, 0.0446011871099, 0.0423958003521, 0.0372760221362, 0.0448068454862, 0.0459673851728, 0.0432810522616, 0.0536552146077, 0.0850908532739, 0.109110318124, 0.115746296942, 0.0981167182326, 0.104322955012, 0.0666858106852, 0.0444552972913, 0.0406338013709, 0.0550550371408, 0.0416777804494, 0.03134008497, 0.0332014448941, 0.0319411233068, 0.0391741581261, 0.0535451807082, 0.0537392422557], "mean": [0.194387719035, 0.184369146824, 0.1718968153, 0.156843364239, 0.153800040483, 0.142701730132, 0.16409163177, 0.225520521402, 0.216950759292, 0.174085617065, 0.17264187336, 0.17517118156, 0.172156050801, 0.183251485229, 0.187911495566, 0.183668717742, 0.187880560756, 0.180325508118, 0.173910915852, 0.187560558319, 0.234538257122, 0.290880799294, 0.301109105349, 0.290110766888, 0.27147936821, 0.20488537848, 0.147832930088, 0.14872226119, 0.16198925674, 0.141493245959, 0.120533511043, 0.129736691713, 0.145105063915, 0.177120611072, 0.212027803063, 0.213796526194]}, "tuning_equal_tempered_deviation": 0.274251252413, "chords_changes_rate": 0.0758811160922, "key_key": "A", "tuning_diatonic_strength": 0.670043349266, "key_scale": "minor", "chords_number_rate": 0.00157811678946, "tuning_frequency": 434.193115234, "tuning_nontempered_energy_ratio": 0.904386162758, "chords_histogram": [0.578642845154, 0.302472382784, 0.631246685982, 0.867964208126, 1.53866386414, 1.01262497902, 4.02419757843, 8.27196216583, 41.3729629517, 2.59074163437, 0.78905838728, 1.69647550583, 0, 0.39452919364, 0.0920568108559, 11.3624410629, 1.11783266068, 9.06102085114, 0.052603892982, 0.0131509732455, 0.591793775558, 3.02472376823, 10.4155712128, 0.19726459682], "key_strength": 0.722593605518, "chords_key": "C#", "chords_strength": {"dmean2": 0.0158278737217, "median": 0.524085760117, "min": -1, "dvar2": 0.000648162153084, "dvar": 0.000360750622349, "dmean": 0.0122982310131, "max": 0.767849385738, "var": 0.0115500306711, "mean": 0.523678481579}, "chords_scale": "minor", "hpcp_entropy": {"dmean2": 1.0632058382, "median": 3.53995084763, "min": 0, "dvar2": 0.79996073246, "dvar": 0.290357589722, "dmean": 0.624343633652, "max": 4.84871006012, "var": 0.737566053867, "mean": 3.32814502716}}, "metadata": {"audio_properties": {"equal_loudness": 0, "codec": "flac", "downmix": "mix", "sample_rate": 44100, "analysis_sample_rate": 44100, "bit_rate": 0, "md5_encoded": "435f3a4b62f49db3136d1acf6df058d1", "length": 353.040008545, "replay_gain": -16.5840301514, "lossless": true}, "version": {"essentia_build_sha": "70f2e5ece6736b2c40cc944ad0e695b16b925413", "essentia": "2.1-beta2", "extractor": "music 1.0", "essentia_git_sha": "v2.1_beta2"}, "tags": {"title": ["Stronger Than Hate"], "barcode": ["016861876623"], "media": ["CD"], "albumartist": ["Sepultura"], "tracktotal": ["12"], "language": ["eng"], "releasetype": ["album"], "musicbrainz_recordingid": ["036cb655-c6d6-4dc0-8b98-1cd45cd9cee2"], "musicbrainz_releasegroupid": ["6d9c2a90-603d-34b5-b855-dd20e61971b7"], "musicbrainz_albumartistid": ["1d93c839-22e7-4f76-ad84-d27039efc048"], "musicbrainz_artistid": ["1d93c839-22e7-4f76-ad84-d27039efc048"], "originaldate": ["1989"], "discnumber": ["1"], "catalognumber": ["RR 8766-2"], "owner": ["-=udachee=-"], "file_name": "03. Stronger Than Hate.flac", "musicip_puid": ["344e0d2a-9be8-1a1e-d62b-a623033af1ef"], "albumartistsort": ["Sepultura"], "date": ["1997-01-10"], "genre": ["Death Metal", "Alternative Metal"], "disctotal": ["1"], "tracknumber": ["3"], "releasecountry": ["US"], "asin": ["B000000H3Z"], "musicbrainz_albumid": ["46202a3e-22b6-443b-ae99-e1b3a3661afb"], "artist": ["Sepultura"], "encodedby": ["-=udachee=-"], "artistsort": ["Sepultura"], "album": ["Beneath the Remains"], "label": ["Roadrunner Records"], "releasestatus": ["official"], "totaldiscs": ["1"], "script": ["Latn"], "totaltracks": ["12"]}}, "rhythm": {"bpm_histogram_first_peak_bpm": {"dmean2": 0, "median": 96, "min": 96, "dvar2": 0, "dvar": 0, "dmean": 0, "max": 96, "var": 0, "mean": 96}, "bpm": 96.6329956055, "bpm_histogram_second_peak_spread": {"dmean2": 0, "median": 0.583673477173, "min": 0.583673477173, "dvar2": 0, "dvar": 0, "dmean": 0, "max": 0.583673477173, "var": 0, "mean": 0.583673477173}, "bpm_histogram_first_peak_weight": {"dmean2": 0, "median": 0.16434109211, "min": 0.16434109211, "dvar2": 0, "dvar": 0, "dmean": 0, "max": 0.16434109211, "var": 0, "mean": 0.16434109211}, "onset_rate": 4.37036895752, "beats_position": [0.452789098024, 0.917188167572, 1.38158726692, 1.84598636627, 2.32199549675, 2.79800438881, 3.27401351929, 3.75002264977, 4.22603178024, 4.7020406723, 5.17804956436, 5.66566896439, 6.15328788757, 6.64090681076, 7.11691617966, 7.59292507172, 8.05732440948, 8.53333282471, 9.0093421936, 9.4853515625, 9.96135997772, 10.4373693466, 10.9133787155, 11.3893871307, 11.8770065308, 12.3646259308, 12.8638544083, 13.3514738083, 13.8274831772, 14.3034915924, 14.7795009613, 15.2555103302, 15.7431287766, 16.242357254, 16.7531967163, 17.2524261475, 17.7400455475, 18.3437633514, 18.9474830627, 19.5976409912, 20.247800827, 20.8979587555, 21.548116684, 22.1866664886, 22.825214386, 23.4521541595, 24.0790920258, 24.7060317993, 25.3329696655, 25.9599094391, 26.5868473053, 27.2137870789, 27.8407249451, 28.4560546875, 29.0829925537, 29.6983222961, 30.3252601624, 30.9638080597, 31.6023578644, 32.2409057617, 32.8678436279, 33.5063934326, 34.1333312988, 34.7486610413, 35.3639907837, 35.9793205261, 36.5946464539, 37.2215881348, 37.8369140625, 38.4522438049, 39.0559616089, 39.6829032898, 40.2866210938, 40.8903388977, 41.4940567017, 42.1093864441, 42.7247161865, 43.3284339905, 43.9437637329, 44.5590934753, 45.1628112793, 45.7897491455, 46.4050788879, 47.0204086304, 47.6241264343, 48.2162361145, 48.80834198, 49.4120635986, 50.0157814026, 50.6194992065, 51.2232208252, 51.8153266907, 52.3958282471, 52.9879341125, 53.5916557312, 54.1953735352, 54.8107032776, 55.4260292053, 56.0529708862, 56.6799087524, 57.3068466187, 57.9221763611, 58.5375061035, 59.1412239075, 59.7565536499, 60.3834915161, 60.9988212585, 61.6257591248, 62.2643089294, 62.8912467957, 63.5065765381, 64.1219024658, 64.7372360229, 65.3641738892, 65.9911117554, 66.6180496216, 67.2449874878, 67.8835372925, 68.5104751587, 69.1258010864, 69.7411346436, 70.3564605713, 70.9833984375, 71.6103363037, 72.2256698608, 72.8526077271, 73.4679336548, 74.0832672119, 74.6985931396, 75.3255310059, 75.9524688721, 76.5794067383, 77.2063446045, 77.8332901001, 78.4602279663, 79.0871658325, 79.7141036987, 80.3410415649, 80.9679794312, 81.5717010498, 82.198638916, 82.8255767822, 83.44090271, 84.0562362671, 84.6599502563, 85.2868881226, 85.9138336182, 86.5407714844, 87.1793212891, 87.8062591553, 88.421585083, 89.0485229492, 89.6754608154, 90.3023986816, 90.9293441772, 91.5562820435, 92.1832199097, 92.8217697144, 93.460319519, 94.0872573853, 94.6909713745, 95.3063049316, 95.9332427979, 96.5601806641, 97.1755065918, 97.7908401489, 98.4061660767, 99.0214920044, 99.6484298706, 100.263763428, 100.867477417, 101.494422913, 102.098136902, 102.562538147, 103.026939392, 103.491333008, 103.955734253, 104.420135498, 104.884536743, 105.348930359, 105.824943542, 106.312561035, 106.788566589, 107.276191711, 107.752197266, 108.239814758, 108.739044189, 109.215057373, 109.691062927, 110.155464172, 110.631469727, 111.10748291, 111.583488464, 112.059501648, 112.535507202, 113.011520386, 113.475914001, 113.940315247, 114.404716492, 114.880722046, 115.356735229, 115.821128845, 116.297142029, 116.773147583, 117.237548828, 117.725166321, 118.201179504, 118.677185059, 119.141586304, 119.605987549, 120.081993103, 120.557998657, 121.045623779, 121.521629333, 121.997642517, 122.462036133, 122.926437378, 123.390838623, 123.866844177, 124.342857361, 124.807250977, 125.28326416, 125.759269714, 126.235282898, 126.711288452, 127.187301636, 127.66330719, 128.127700806, 128.592102051, 129.068115234, 129.555740356, 130.031738281, 130.507751465, 130.983764648, 131.471374512, 131.958999634, 132.446624756, 132.934234619, 133.421859741, 133.909469604, 134.408706665, 134.931152344, 135.441986084, 135.952835083, 136.440444946, 136.928070068, 137.42729187, 137.926528931, 138.414154053, 138.890151978, 139.354553223, 139.830566406, 140.31817627, 140.81741333, 141.316635132, 141.815872192, 142.315093994, 142.802719116, 143.290344238, 143.777954102, 144.265579224, 144.764801025, 145.264038086, 145.751647949, 146.239273071, 146.726898193, 147.214508057, 147.702133179, 148.178131104, 148.654144287, 149.141769409, 149.629379272, 150.117004395, 150.604629517, 151.080627441, 151.568252563, 152.067474365, 152.566711426, 153.065933228, 153.55355835, 154.041183472, 154.528793335, 155.016418457, 155.50402832, 155.991653442, 156.479278564, 156.978500366, 157.466125488, 157.96534729, 158.452972412, 158.952194214, 159.451431274, 159.962265015, 160.473098755, 160.972335815, 161.471557617, 161.959182739, 162.458404541, 162.96925354, 163.491699219, 164.014144897, 164.536590576, 165.047439575, 165.546661377, 166.045898438, 166.545120239, 167.0443573, 167.543579102, 168.042816162, 168.530426025, 169.041259766, 169.540496826, 170.039718628, 170.538955688, 171.03817749, 171.525802612, 172.013427734, 172.501037598, 172.98866272, 173.49949646, 173.998733521, 174.497955322, 175.008789062, 175.496414185, 175.995635986, 176.494873047, 176.994094849, 177.493331909, 177.980941772, 178.480178833, 178.979400635, 179.467025757, 179.954650879, 180.453872681, 180.953109741, 181.452331543, 181.951568604, 182.439178467, 182.938415527, 183.437637329, 183.948471069, 184.575408936, 185.202362061, 185.840896606, 186.479446411, 187.106384277, 187.733337402, 188.34866333, 188.963989258, 189.579315186, 190.194641113, 190.809967041, 191.425308228, 192.017410278, 192.621124268, 193.213241577, 193.816955566, 194.420669556, 195.024398804, 195.628112793, 196.231826782, 196.83555603, 197.43927002, 198.042984009, 198.646713257, 199.250427246, 199.854141235, 200.469467163, 201.061584473, 201.665298462, 202.26902771, 202.884353638, 203.499679565, 204.115005493, 204.730331421, 205.345672607, 205.960998535, 206.564712524, 207.168426514, 207.760543823, 208.375869751, 209.002807617, 209.629745483, 210.25668335, 210.872009277, 211.498947144, 212.11428833, 212.729614258, 213.344940186, 213.971878052, 214.610427856, 215.248977661, 215.875915527, 216.479629517, 217.094955444, 217.721893311, 218.360443115, 218.987380981, 219.614334106, 220.241271973, 220.868209839, 221.495147705, 222.122085571, 222.749023438, 223.387573242, 224.026123047, 224.676269531, 225.303222656, 225.930160522, 226.568710327, 227.207244873, 227.834197998, 228.461135864, 229.099685669, 229.738220215, 230.36517334, 230.980499268, 231.595825195, 232.199539185, 232.814865112, 233.430206299, 234.045532227, 234.660858154, 235.287796021, 235.903121948, 236.518447876, 237.145385742, 237.772338867, 238.387664795, 239.002990723, 239.629928589, 240.256866455, 240.883804321, 241.510742188, 242.137680054, 242.76461792, 243.391555786, 244.018493652, 244.633834839, 245.249160767, 245.876098633, 246.503036499, 247.129974365, 247.745300293, 248.360626221, 248.987564087, 249.614501953, 250.253051758, 250.879989624, 251.50692749, 252.133865356, 252.749206543, 253.376144409, 254.003082275, 254.630020142, 255.256958008, 255.883895874, 256.534057617, 257.195831299, 257.88079834, 258.530975342, 259.181121826, 259.842895508, 260.516265869, 261.178039551, 261.804992676, 262.420318604, 263.035644531, 263.662567139, 264.266296387, 264.870025635, 265.485351562, 266.10067749, 266.716003418, 267.331329346, 267.935058594, 268.538757324, 269.142486572, 269.74621582, 270.361541748, 270.988464355, 271.603790283, 272.091430664, 272.579040527, 273.078277588, 273.589111328, 274.099945068, 274.599182129, 275.098419189, 275.597625732, 276.096862793, 276.607696533, 277.118530273, 277.640991211, 278.163452148, 278.662658691, 279.150299072, 279.637908936, 280.125518799, 280.601531982, 281.077545166, 281.565155029, 282.041168213, 282.517181396, 283.00479126, 283.480804443, 283.956817627, 284.44442749, 284.932067871, 285.408081055, 285.884063721, 286.360076904, 286.836090088, 287.323699951, 287.811340332, 288.287353516, 288.763336182, 289.250976562, 289.738586426, 290.226196289, 290.702209473, 291.178222656, 291.66583252, 292.1534729, 292.641082764, 293.10546875, 293.581481934, 294.057495117, 294.54510498, 295.032745361, 295.520355225, 296.007965088, 296.495605469, 296.983215332, 297.470825195, 297.958465576, 298.457672119, 298.95690918, 299.444519043, 299.932159424, 300.419769287, 300.90737915, 301.395019531, 301.894226074, 302.393463135, 302.881072998, 303.368713379, 303.856323242, 304.343933105, 304.831573486, 305.307556152, 305.806793213, 306.294403076, 306.782043457, 307.26965332, 307.792114258, 308.314544678, 308.848602295, 309.371063232, 309.89352417, 310.41595459, 310.950012207, 311.495697021, 312.052978516, 312.610229492, 313.167510986, 313.713195801, 314.258850098, 314.792907715, 315.303771973, 315.826202393, 316.34866333, 316.85949707, 317.370330811, 317.904388428, 318.415222168, 318.926086426, 319.436920166, 319.970977783, 320.481811523, 320.992645264, 321.503479004, 322.037536621, 322.548370361, 323.070831299, 323.593292236, 324.115722656, 324.638183594, 325.160614014, 325.683074951, 326.205535889, 326.727966309, 327.238800049, 327.761260986, 328.283721924, 328.794555664, 329.305389404, 329.804626465, 330.303863525, 330.814697266, 331.325531006, 331.813140869, 332.323974609, 332.846435547, 333.287628174, 333.717193604, 334.135131836, 334.553100586, 334.994293213, 335.435455322, 335.876647949, 336.341033936, 336.782226562, 337.223388672, 337.676177979, 338.128967285, 338.570159912, 339.011322021, 339.429290771, 339.858856201, 340.288421631, 340.752838135, 341.217224121, 341.681640625, 342.146026611, 342.622039795, 343.098052979, 343.620483398, 344.131317139, 344.653778076, 345.153015137, 345.652252197, 346.139862061, 346.58102417, 347.022216797, 347.463409424, 347.92779541, 348.392181396, 348.86819458, 349.367431641, 349.855041504, 350.342681885, 350.830291748, 351.329528809, 351.817138672, 352.316375732], "beats_loudness": {"dmean2": 0.0140896802768, "median": 0.0256860479712, "min": 0, "dvar2": 0.000176054483745, "dvar": 5.64944893995e-05, "dmean": 0.00817964877933, "max": 0.0504054203629, "var": 0.000125559367007, "mean": 0.0246562212706}, "danceability": 1.24720275402, "bpm_histogram_second_peak_weight": {"dmean2": 0, "median": 0.158139541745, "min": 0.158139541745, "dvar2": 0, "dvar": 0, "dmean": 0, "max": 0.158139541745, "var": 0, "mean": 0.158139541745}, "beats_count": 646, "bpm_histogram_second_peak_bpm": {"dmean2": 0, "median": 123, "min": 123, "dvar2": 0, "dvar": 0, "dmean": 0, "max": 123, "var": 0, "mean": 123}, "bpm_histogram_first_peak_spread": {"dmean2": 0, "median": 0.5969581604, "min": 0.5969581604, "dvar2": 0, "dvar": 0, "dmean": 0, "max": 0.5969581604, "var": 0, "mean": 0.5969581604}, "beats_loudness_band_ratio": {"dmean2": [0.282409250736, 0.13648968935, 0.0625659972429, 0.0324759818614, 0.0960958302021, 0.150227695704], "median": [0.499610960484, 0.0952885374427, 0.0236011855304, 0.0100311283022, 0.101641274989, 0.23806232214], "min": [0, 0, 0, 0, 0, 0], "dvar2": [0.063066624105, 0.0203027874231, 0.0146045964211, 0.0039512719959, 0.0128182088956, 0.0221508610994], "dvar": [0.0203712973744, 0.00735686486587, 0.00498754577711, 0.00127453752793, 0.00422237906605, 0.00738021871075], "dmean": [0.161445781589, 0.080147780478, 0.0346904098988, 0.0177304316312, 0.0543512515724, 0.0841823741794], "max": [0.871105849743, 0.916817188263, 0.726746618748, 0.259301364422, 0.485391616821, 0.760853886604], "var": [0.030979372561, 0.0221999492496, 0.00497951777652, 0.000869510346092, 0.00637862924486, 0.0129996854812], "mean": [0.467149287462, 0.144308358431, 0.0441503822803, 0.0186925567687, 0.122513286769, 0.236087203026]}}, "lowlevel": {"barkbands_spread": {"dmean2": 15.9054832458, "median": 49.9265289307, "min": 0.354890584946, "dvar2": 282.422271729, "dvar": 98.5503692627, "dmean": 9.47259521484, "max": 120.72089386, "var": 270.535461426, "mean": 47.1143798828}, "melbands_spread": {"dmean2": 34.7756996155, "median": 57.9525375366, "min": 0.705528616905, "dvar2": 1000.18218994, "dvar": 396.950500488, "dmean": 21.7535877228, "max": 223.544052124, "var": 1107.86694336, "mean": 59.925983429}, "hfc": {"dmean2": 15.4728288651, "median": 22.4123401642, "min": 1.08812618496e-16, "dvar2": 450.283660889, "dvar": 182.395904541, "dmean": 9.99796772003, "max": 161.260955811, "var": 366.369171143, "mean": 26.6510238647}, "barkbands_kurtosis": {"dmean2": 2.59107518196, "median": -1.21530628204, "min": -1.90756559372, "dvar2": 19.9798679352, "dvar": 7.68243646622, "dmean": 1.48412966728, "max": 227.339538574, "var": 71.2801132202, "mean": 0.2787309587}, "gfcc": {"mean": [-9.2356672287, 42.7638626099, -104.871818542, 65.1544494629, -38.2254981995, -10.6442489624, -44.4211387634, 1.53205358982, -23.3246231079, 3.0753428936, -21.3690795898, -5.1649222374, -14.3092050552], "icov": [[0.000136110029416, 2.34909857681e-05, 0.000220659669139, -1.86856996152e-05, -4.73101863463e-06, -0.000105986735434, 6.51389127597e-05, -0.000173983586137, 0.00020907940052, -0.000285981455818, 0.000501097762026, -0.000642916944344, 0.000726773170754], [2.34909857681e-05, 0.00132270425092, 0.000505943957251, 0.000540788169019, 0.000270902120974, -0.000295690377243, 0.000321986415656, 0.000957563519478, -0.00208453088999, 0.00303720403463, -0.00343532441184, 0.00309821544215, -0.00209568697028], [0.000220659669139, 0.000505943957251, 0.00279634306207, 0.00102193327621, -0.000754396955017, -0.0016224758001, 0.0014495968353, 0.00138729636092, -0.00289043481462, 0.00171591411345, 0.000939877587371, -0.00418395735323, 0.00255320826545], [-1.86856996152e-05, 0.000540788169019, 0.00102193327621, 0.0019091591239, -0.000276708771707, -0.00089074508287, 0.00055503268959, 0.000354512099875, -0.00049563171342, -0.000723194796592, 0.000740240910091, 0.000114266229502, -0.00118050153833], [-4.73101863463e-06, 0.000270902120974, -0.000754396955017, -0.000276708771707, 0.00517349783331, 0.000617488927674, -0.00148909178097, -0.000419144518673, -0.000194402629859, -0.000845539034344, -0.0040539172478, 0.00428082887083, -0.00177368649747], [-0.000105986735434, -0.000295690377243, -0.0016224758001, -0.00089074508287, 0.000617488927674, 0.00759770674631, -0.00296797021292, -0.00390530913137, 0.00174488069024, -0.0011770259589, 0.00027128009242, -0.000138398216222, 0.000777380249929], [6.51389127597e-05, 0.000321986415656, 0.0014495968353, 0.00055503268959, -0.00148909178097, -0.00296797021292, 0.0103641478345, -0.00186462257989, -0.00407518399879, 0.00504479464144, -0.0021952893585, -0.00173731066752, 0.00197053514421], [-0.000173983586137, 0.000957563519478, 0.00138729636092, 0.000354512099875, -0.000419144518673, -0.00390530913137, -0.00186462257989, 0.0160909071565, -0.00759511906654, -0.0023043663241, 0.00265029980801, -0.0013745164033, -0.00288152694702], [0.00020907940052, -0.00208453088999, -0.00289043481462, -0.00049563171342, -0.000194402629859, 0.00174488069024, -0.00407518399879, -0.00759511906654, 0.0261619836092, -0.0126079590991, 0.00207142019644, 0.00260394741781, 0.000910565140657], [-0.000285981455818, 0.00303720403463, 0.00171591411345, -0.000723194796592, -0.000845539034344, -0.0011770259589, 0.00504479464144, -0.0023043663241, -0.0126079590991, 0.0316608175635, -0.0183056537062, 0.00191794615239, -0.000439930532593], [0.000501097762026, -0.00343532441184, 0.000939877587371, 0.000740240910091, -0.0040539172478, 0.00027128009242, -0.0021952893585, 0.00265029980801, 0.00207142019644, -0.0183056537062, 0.0375368520617, -0.0170692075044, 0.000287086848402], [-0.000642916944344, 0.00309821544215, -0.00418395735323, 0.000114266229502, 0.00428082887083, -0.000138398216222, -0.00173731066752, -0.0013745164033, 0.00260394741781, 0.00191794615239, -0.0170692075044, 0.040361251682, -0.0188379716128], [0.000726773170754, -0.00209568697028, 0.00255320826545, -0.00118050153833, -0.00177368649747, 0.000777380249929, 0.00197053514421, -0.00288152694702, 0.000910565140657, -0.000439930532593, 0.000287086848402, -0.0188379716128, 0.0348703600466]], "cov": [[16517.1035156, -4150.44873047, -1104.61096191, 2067.74145508, -376.088317871, 577.074951172, 30.6695747375, 592.502624512, -211.699310303, 363.848083496, -413.960418701, 204.253936768, -303.706115723], [-4150.44873047, 3368.45239258, -196.821228027, -1030.13098145, 91.5931091309, -340.228485107, -6.2430229187, -313.142730713, 74.4134140015, -242.422729492, 205.875701904, -206.203399658, 137.109649658], [-1104.61096191, -196.821228027, 930.145812988, -422.51574707, 28.9614067078, 89.1969909668, -16.784406662, -32.6366882324, 48.6835899353, -32.0422554016, 0.375359117985, 72.1963806152, -36.1553955078], [2067.74145508, -1030.13098145, -422.51574707, 1165.75695801, -7.14174938202, 143.986999512, 2.28406381607, 152.016113281, -21.5696926117, 136.87059021, -60.4942970276, 40.1527290344, -1.26489603519], [-376.088317871, 91.5931091309, 28.9614067078, -7.14174938202, 269.317352295, 0.0231261793524, 42.7430152893, 17.9034137726, 40.6180496216, 36.0281410217, 54.0888557434, -9.33451271057, 17.6490345001], [577.074951172, -340.228485107, 89.1969909668, 143.986999512, 0.0231261793524, 246.660964966, 71.1918716431, 102.543327332, 22.7674388885, 39.6177406311, -15.1408901215, 33.9473838806, -16.8092689514], [30.6695747375, -6.2430229187, -16.784406662, 2.28406381607, 42.7430152893, 71.1918716431, 148.372207642, 51.839176178, 32.1493186951, 4.77744054794, 11.3000535965, 4.88172674179, -1.45695388317], [592.502624512, -313.142730713, -32.6366882324, 152.016113281, 17.9034137726, 102.543327332, 51.839176178, 148.06098938, 39.6475753784, 57.4384422302, -7.22381258011, 26.207988739, -1.7953209877], [-211.699310303, 74.4134140015, 48.6835899353, -21.5696926117, 40.6180496216, 22.7674388885, 32.1493186951, 39.6475753784, 80.0389404297, 33.6231651306, 24.5907878876, 1.12907838821, 6.34929418564], [363.848083496, -242.422729492, -32.0422554016, 136.87059021, 36.0281410217, 39.6177406311, 4.77744054794, 57.4384422302, 33.6231651306, 97.1686630249, 28.5111083984, 26.6713600159, 4.77456378937], [-413.960418701, 205.875701904, 0.375359117985, -60.4942970276, 54.0888557434, -15.1408901215, 11.3000535965, -7.22381258011, 24.5907878876, 28.5111083984, 78.9150009155, 15.9924707413, 28.4860897064], [204.253936768, -206.203399658, 72.1963806152, 40.1527290344, -9.33451271057, 33.9473838806, 4.88172674179, 26.207988739, 1.12907838821, 26.6713600159, 15.9924707413, 66.3847427368, 16.1198501587], [-303.706115723, 137.109649658, -36.1553955078, -1.26489603519, 17.6490345001, -16.8092689514, -1.45695388317, -1.7953209877, 6.34929418564, 4.77456378937, 28.4860897064, 16.1198501587, 55.4269752502]]}, "spectral_energyband_middle_low": {"dmean2": 0.00641361577436, "median": 0.00334541546181, "min": 1.9325264545e-22, "dvar2": 0.000111513712909, "dvar": 4.50557163276e-05, "dmean": 0.00397340906784, "max": 0.0669514387846, "var": 4.80847775179e-05, "mean": 0.005687977653}, "melbands_crest": {"dmean2": 7.81062793732, "median": 13.6628913879, "min": 1.72948849201, "dvar2": 37.276184082, "dvar": 16.3754749298, "dmean": 4.82454299927, "max": 33.2987289429, "var": 32.4854927063, "mean": 14.4784240723}, "spectral_kurtosis": {"dmean2": 5.79198026657, "median": 3.92636203766, "min": -1.25357663631, "dvar2": 508.887054443, "dvar": 183.979476929, "dmean": 3.47095370293, "max": 427.068939209, "var": 1552.74755859, "mean": 12.3458566666}, "spectral_rms": {"dmean2": 0.00159914523829, "median": 0.00336979003623, "min": 3.11796942432e-12, "dvar2": 3.52823872163e-06, "dvar": 1.43096167449e-06, "dmean": 0.00100876239594, "max": 0.00958131439984, "var": 2.23556730816e-06, "mean": 0.003724464681}, "zerocrossingrate": {"dmean2": 0.0199942886829, "median": 0.11572265625, "min": 0.00537109375, "dvar2": 0.000345003645634, "dvar": 0.000236151186982, "dmean": 0.0163000188768, "max": 0.51953125, "var": 0.00251557654701, "mean": 0.117459319532}, "silence_rate_60dB": {"dmean2": 0.0194685608149, "median": 0, "min": 0, "dvar2": 0.0239577610046, "dvar": 0.00963756348938, "dmean": 0.00973364058882, "max": 1, "var": 0.0360786356032, "mean": 0.0374852046371}, "erbbands_kurtosis": {"dmean2": 2.51692247391, "median": 2.50580430031, "min": -1.85379457474, "dvar2": 5.18402910233, "dvar": 2.18579053879, "dmean": 1.60215187073, "max": 114.654029846, "var": 15.4407501221, "mean": 2.88162994385}, "erbbands": {"dmean2": [0.129874438047, 1.72483718395, 4.08816099167, 8.57000160217, 12.0453023911, 6.03533744812, 4.98377466202, 8.62084579468, 7.34720134735, 5.05304956436, 5.31447267532, 4.92094182968, 3.92256689072, 3.34422945976, 2.8515162468, 3.7980568409, 4.34978914261, 8.26571750641, 13.3709640503, 10.1507530212, 33.025188446, 28.4082813263, 18.7091426849, 34.7327041626, 50.6032943726, 40.5477142334, 36.3948745728, 25.5587711334, 16.2232608795, 9.67553901672, 9.03233718872, 3.05182743073, 1.34583187103, 0.825025558472, 0.473466396332, 0.263682514429, 0.10631813854, 0.0279761124402, 0.0042526870966, 0.000254260172369], "median": [0.00987445376813, 0.133534297347, 0.661541223526, 2.47876000404, 3.52541732788, 2.75733065605, 2.35647726059, 3.05138087273, 2.13432979584, 1.96053647995, 1.32867074013, 0.930979251862, 0.775844216347, 0.725363016129, 0.664888858795, 0.887742400169, 1.58764457703, 5.46516704559, 9.56538105011, 9.6310043335, 34.2783889771, 32.0795135498, 22.1031665802, 34.3734321594, 48.6495132446, 29.587179184, 21.8684997559, 14.0015563965, 7.98747730255, 5.89042949677, 4.70892333984, 1.87784194946, 1.14367890358, 0.757987856865, 0.428542196751, 0.251763552427, 0.0782696455717, 0.0169794075191, 0.00219295406714, 0.000145173456986], "min": [1.27242544571e-22, 4.95461698899e-22, 1.31641270844e-21, 3.22511864331e-21, 2.26407750865e-20, 2.89841727881e-20, 6.4119868072e-20, 8.40348423176e-20, 7.07325566839e-20, 2.07761442265e-19, 2.94769145855e-19, 3.00779905475e-19, 6.40072874981e-19, 8.59617673094e-19, 8.48731614341e-19, 1.44413968308e-18, 1.55245670954e-18, 2.32613321212e-18, 2.98754000568e-18, 3.56527996182e-18, 4.49393495602e-18, 4.27311991868e-18, 6.393194582e-18, 6.56182568963e-18, 5.54791525764e-18, 7.0139175311e-18, 1.03043716975e-17, 9.40313856778e-18, 9.21754488092e-18, 1.09323837622e-17, 1.29497283837e-17, 1.17870284254e-17, 9.0277896484e-18, 8.27609009392e-18, 6.45530509265e-18, 4.38329127728e-18, 2.62033033674e-18, 9.67801730277e-19, 2.59317399723e-19, 2.59619117082e-20], "dvar2": [0.0689939782023, 12.9551372528, 57.5309181213, 154.695343018, 478.59588623, 97.6321029663, 88.6373138428, 274.878662109, 203.15007019, 136.826873779, 509.128479004, 346.212524414, 248.757339478, 241.761688232, 165.794754028, 345.374298096, 211.571243286, 255.054382324, 673.892150879, 403.142974854, 2167.63989258, 1526.24780273, 645.201477051, 2518.93554688, 5185.44140625, 3593.28564453, 2787.08178711, 1489.63537598, 765.598876953, 223.464828491, 169.352874756, 29.019285202, 16.2382450104, 7.03938865662, 2.14718079567, 0.269049674273, 0.040281035006, 0.00299650081433, 7.62316049077e-05, 2.55089162238e-07], "dvar": [0.0264735221863, 4.64542531967, 20.5467300415, 64.7573852539, 180.515518188, 38.5783081055, 35.8388557434, 104.844444275, 75.0149230957, 55.0371665955, 197.950561523, 140.818054199, 110.274208069, 117.256217957, 76.3546600342, 144.626724243, 88.6558990479, 109.196304321, 289.19631958, 163.137649536, 841.989868164, 573.101257324, 242.994293213, 956.928649902, 1998.77868652, 1409.04418945, 1054.19787598, 550.176635742, 300.561309814, 92.7878112793, 63.8100547791, 11.3807115555, 7.05730295181, 3.13550901413, 0.926107466221, 0.130037501454, 0.0209654159844, 0.0015975299757, 4.2282998038e-05, 1.35160675541e-07], "dmean": [0.0774427205324, 0.931473255157, 2.23820114136, 5.15621948242, 7.17284393311, 3.64444208145, 3.0621778965, 5.09795808792, 4.24183368683, 3.0905957222, 3.27370405197, 3.03237652779, 2.50307679176, 2.18387317657, 1.80733954906, 2.37658286095, 2.71878194809, 5.09759283066, 8.20618438721, 6.21203136444, 19.8329734802, 17.1667709351, 11.5306463242, 21.2422828674, 30.9391517639, 24.6266613007, 21.4447040558, 14.6589794159, 9.82350540161, 6.05848455429, 5.31315088272, 1.82068490982, 0.857549250126, 0.554838418961, 0.321203231812, 0.181659385562, 0.0735003501177, 0.0196450185031, 0.00303058349527, 0.000178449103259], "max": [1.14489662647, 13.0331325531, 34.9584121704, 84.6741943359, 148.621932983, 118.962005615, 195.683029175, 228.876281738, 144.963302612, 231.01159668, 580.98614502, 307.365539551, 546.614501953, 437.672851562, 354.141571045, 581.902404785, 429.977325439, 283.039672852, 578.680725098, 343.863220215, 1052.05334473, 853.84954834, 572.547973633, 601.574401855, 880.95111084, 720.38067627, 549.107116699, 279.83493042, 354.539245605, 135.803985596, 84.5389022827, 144.071228027, 116.102844238, 72.2203979492, 35.2617416382, 10.7027215958, 2.65857410431, 0.572707891464, 0.0827038362622, 0.00525527866557], "var": [0.0220036879182, 2.90069293976, 13.5759525299, 67.7851028442, 160.106658936, 48.8054924011, 50.9311180115, 107.35609436, 74.6502151489, 98.5303115845, 249.194763184, 189.116333008, 198.660690308, 222.009170532, 122.670913696, 188.131622314, 128.19883728, 223.942260742, 683.315307617, 301.30645752, 1776.15588379, 899.102355957, 357.356781006, 1486.70654297, 3583.96362305, 2822.00463867, 1511.43896484, 618.363891602, 417.298553467, 152.765991211, 71.2289428711, 14.7671585083, 11.0756750107, 5.23278045654, 1.6030818224, 0.34534484148, 0.0522868484259, 0.0036352511961, 9.13847761694e-05, 2.8142045494e-07], "mean": [0.0663407817483, 0.665909588337, 1.87637972832, 5.47305202484, 7.73198318481, 5.06271028519, 4.49957466125, 6.29451656342, 4.96364545822, 4.45913934708, 4.35803985596, 3.83450627327, 3.36955308914, 3.1244366169, 2.47300863266, 3.21255254745, 4.13586807251, 9.3635635376, 15.1626787186, 13.310256958, 40.9120979309, 37.0781478882, 25.0468845367, 43.2058753967, 63.1125221252, 47.1049232483, 35.2256851196, 21.6653671265, 15.3847332001, 10.1662988663, 7.45607995987, 2.90451192856, 1.72562849522, 1.21921944618, 0.728982925415, 0.430751383305, 0.155625775456, 0.0384026877582, 0.00561817456037, 0.00033693772275]}, "spectral_strongpeak": {"dmean2": 0.772218286991, "median": 0.260417521, "min": 0, "dvar2": 3.20454907417, "dvar": 1.20682406425, "dmean": 0.445218741894, "max": 15.5284099579, "var": 1.27575933933, "mean": 0.538857281208}, "spectral_energy": {"dmean2": 0.0159893613309, "median": 0.0116393715143, "min": 9.96477665196e-21, "dvar2": 0.000438935356215, "dvar": 0.000171593594132, "dmean": 0.00966399442405, "max": 0.0940966308117, "var": 0.000181305644219, "mean": 0.0165098570287}, "average_loudness": 0.947066426277, "spectral_rolloff": {"dmean2": 1530.33435059, "median": 3725.24414062, "min": 64.599609375, "dvar2": 3616854.25, "dvar": 1375334.75, "dmean": 912.345703125, "max": 20370.4101562, "var": 3513112.75, "mean": 3645.95019531}, "spectral_centroid": {"dmean2": 509.06350708, "median": 2796.25146484, "min": 200.248092651, "dvar2": 242115.390625, "dvar": 97386.375, "dmean": 317.540893555, "max": 11686.6855469, "var": 812613.9375, "mean": 2661.16455078}, "pitch_salience": {"dmean2": 0.169009119272, "median": 0.65302324295, "min": 0.172912329435, "dvar2": 0.0258213300258, "dvar": 0.00968909449875, "dmean": 0.101689957082, "max": 0.938115954399, "var": 0.0134291667491, "mean": 0.62471973896}, "spectral_energyband_middle_high": {"dmean2": 0.00208051432855, "median": 0.00352425081655, "min": 1.03494834915e-21, "dvar2": 6.87345709594e-06, "dvar": 2.76949572253e-06, "dmean": 0.00135603791568, "max": 0.0274458788335, "var": 9.38154425967e-06, "mean": 0.00421780534089}, "spectral_contrast_coeffs": {"dmean2": [0.10047622025, 0.0814869627357, 0.0529657937586, 0.0511931814253, 0.0332196168602, 0.0377063713968], "median": [-0.634788751602, -0.774348974228, -0.846315085888, -0.792893111706, -0.798533916473, -0.721908867359], "min": [-0.980173587799, -0.991730511189, -0.978613197803, -0.969129800797, -0.970279276371, -0.970153152943], "dvar2": [0.00674534961581, 0.00422504916787, 0.00178134138696, 0.00159683031961, 0.000678440672345, 0.00124200514983], "dvar": [0.002779901959, 0.0015669837594, 0.000664190389216, 0.000574653444346, 0.000248805590672, 0.000475524167996], "dmean": [0.0629536435008, 0.0494307689369, 0.03163446486, 0.0306266583502, 0.0198233276606, 0.022616289556], "max": [-0.278249204159, -0.419981211424, -0.508278250694, -0.600395739079, -0.662062585354, -0.570094406605], "var": [0.00817354954779, 0.00451091164723, 0.00215268088505, 0.00157683691941, 0.000917012686841, 0.00342421093956], "mean": [-0.625666499138, -0.767369329929, -0.838634908199, -0.790944576263, -0.797591388226, -0.726562142372]}, "melbands_skewness": {"dmean2": 1.81100666523, "median": 1.86022281647, "min": -1.54266011715, "dvar2": 3.88919210434, "dvar": 1.46354937553, "dmean": 1.11560559273, "max": 10.999089241, "var": 2.26012802124, "mean": 2.16073894501}, "spectral_spread": {"dmean2": 719566.0625, "median": 4081704, "min": 286505.3125, "dvar2": 616545648640, "dvar": 326660980736, "dmean": 481870.71875, "max": 42115712, "var": 7202572599300.0, "mean": 4229541.5}, "dissonance": {"dmean2": 0.0108701214194, "median": 0.493656218052, "min": 0.0800108909607, "dvar2": 0.000678650510963, "dvar": 0.000253339210758, "dmean": 0.00645904522389, "max": 0.500000059605, "var": 0.00249262922443, "mean": 0.481779485941}, "spectral_skewness": {"dmean2": 0.476752340794, "median": 1.13687348366, "min": -0.297729671001, "dvar2": 0.676442325115, "dvar": 0.258832454681, "dmean": 0.285359203815, "max": 16.2057228088, "var": 4.38436841965, "mean": 1.52795386314}, "spectral_flux": {"dmean2": 0.045057721436, "median": 0.0703206807375, "min": 6.4059008098e-11, "dvar2": 0.00219057826325, "dvar": 0.00118161225691, "dmean": 0.0283919442445, "max": 0.251743972301, "var": 0.00213052984327, "mean": 0.0838702246547}, "spectral_contrast_valleys": {"dmean2": [0.692342340946, 0.631820082664, 0.571074187756, 0.44644883275, 0.371230125427, 0.433844596148], "median": [-7.42062854767, -7.18926858902, -8.16703987122, -7.61451053619, -6.3868265152, -9.43654727936], "min": [-28.4369010925, -28.3830432892, -27.6086883545, -27.665594101, -27.48828125, -27.3960609436], "dvar2": [0.338890939951, 0.289721846581, 0.257220476866, 0.162732154131, 0.138633266091, 0.266066372395], "dvar": [0.150108531117, 0.124294936657, 0.115426331758, 0.0757113471627, 0.069833509624, 0.11843855679], "dmean": [0.429300636053, 0.388787806034, 0.362681806087, 0.286378145218, 0.247596904635, 0.2862187922], "max": [-5.53786230087, -5.14363765717, -5.3512377739, -6.06994915009, -5.32669305801, -7.41529512405], "var": [2.37158226967, 2.25211930275, 2.2340567112, 2.54293251038, 3.96723461151, 3.54806399345], "mean": [-7.62767982483, -7.32530164719, -8.2731180191, -7.86320352554, -6.8326625824, -9.97640037537]}, "erbbands_flatness_db": {"dmean2": 0.0228187497705, "median": 0.139010086656, "min": 0.035072106868, "dvar2": 0.00038896384649, "dvar": 0.0001759929728, "dmean": 0.0149039244279, "max": 0.515061974525, "var": 0.00495080417022, "mean": 0.156188711524}, "spectral_energyband_high": {"dmean2": 0.00182516430505, "median": 0.00162800122052, "min": 7.11874462441e-21, "dvar2": 6.50717083772e-06, "dvar": 2.55730219578e-06, "dmean": 0.00112352264114, "max": 0.0185623504221, "var": 4.17742921854e-06, "mean": 0.00220351410098}, "spectral_entropy": {"dmean2": 0.160291567445, "median": 7.94807624817, "min": 3.81437253952, "dvar2": 0.0240893810987, "dvar": 0.010288188234, "dmean": 0.101441197097, "max": 9.83220863342, "var": 0.484491705894, "mean": 7.79101991653}, "silence_rate_20dB": {"dmean2": 0, "median": 1, "min": 1, "dvar2": 0, "dvar": 0, "dmean": 0, "max": 1, "var": 0, "mean": 1}, "melbands_flatness_db": {"dmean2": 0.0583835430443, "median": 0.130798846483, "min": 0.00301489816047, "dvar2": 0.00328560755588, "dvar": 0.00123327830806, "dmean": 0.0357862450182, "max"