{"tonal": {"thpcp": [1, 0.842480361462, 0.470785796642, 0.396020293236, 0.396349042654, 0.332700252533, 0.388173401356, 0.44571262598, 0.378152132034, 0.481948196888, 0.621436178684, 0.479137003422, 0.332484334707, 0.305465698242, 0.254209935665, 0.250477671623, 0.281362891197, 0.295023143291, 0.421474248171, 0.526089966297, 0.519815027714, 0.667986094952, 0.717230618, 0.495075047016, 0.446346282959, 0.491989701986, 0.388222038746, 0.447642207146, 0.64486938715, 0.694013059139, 0.789369106293, 0.769135117531, 0.493169188499, 0.343854099512, 0.370422273874, 0.649122655392], "hpcp": {"dmean2": [0.184778392315, 0.163978159428, 0.148824885488, 0.147108688951, 0.150808975101, 0.16074219346, 0.2025565207, 0.22541667521, 0.238464787602, 0.282346665859, 0.29321166873, 0.25025293231, 0.201843515038, 0.175490573049, 0.184761732817, 0.218661755323, 0.291473507881, 0.325388938189, 0.303574562073, 0.299149930477, 0.267056316137, 0.228971660137, 0.237433135509, 0.379476636648, 0.516639649868, 0.371088325977, 0.228111281991, 0.192637681961, 0.180085286498, 0.162631630898, 0.195822522044, 0.206120178103, 0.207505464554, 0.227147042751, 0.24053761363, 0.220514297485], "median": [0.0393966138363, 0.0371543392539, 0.0236918255687, 0.0218292232603, 0.0235478952527, 0.0265401415527, 0.034376244992, 0.0321832224727, 0.0346187651157, 0.0514518395066, 0.051888756454, 0.0449742227793, 0.0239953510463, 0.0179591029882, 0.0239307954907, 0.0384401082993, 0.0522619634867, 0.0638547837734, 0.078599318862, 0.0793794691563, 0.039851013571, 0.0195366591215, 0.0203546695411, 0.052400007844, 0.0837753340602, 0.0824612528086, 0.0452651083469, 0.0417820066214, 0.0429867506027, 0.0376450382173, 0.0378813147545, 0.0390092991292, 0.0382769629359, 0.0525141656399, 0.0551643595099, 0.042484190315], "min": [0, 0, 0, 0, 0, 0, 0, 0, 0, 0, 0, 0, 0, 0, 0, 0, 0, 0, 0, 0, 0, 0, 0, 0, 0, 0, 0, 0, 0, 0, 0, 0, 0, 0, 0, 0], "dvar2": [0.0881955996156, 0.0733340382576, 0.0729174092412, 0.0764216482639, 0.0721678882837, 0.0766398012638, 0.101582616568, 0.120504252613, 0.122723698616, 0.134983301163, 0.152485191822, 0.125205218792, 0.110786952078, 0.098907507956, 0.100721880794, 0.110511869192, 0.152620047331, 0.172181606293, 0.147770538926, 0.152414098382, 0.148745074868, 0.133741617203, 0.144526436925, 0.175579473376, 0.272673040628, 0.168225005269, 0.118993334472, 0.097321882844, 0.0967934206128, 0.0775697231293, 0.108846850693, 0.123033314943, 0.12003082037, 0.119765229523, 0.126093819737, 0.12105718255], "dvar": [0.0309907142073, 0.0259553659707, 0.0259282346815, 0.0268658921123, 0.0257722046226, 0.0267499219626, 0.0375109799206, 0.0461456216872, 0.0444997698069, 0.0515321567655, 0.0588645301759, 0.043682847172, 0.0383419208229, 0.0352796316147, 0.0353482589126, 0.0404704548419, 0.0565276890993, 0.0618020072579, 0.0580080859363, 0.0570650920272, 0.0518092811108, 0.0476406440139, 0.0519035421312, 0.0669414773583, 0.10767159611, 0.0649665668607, 0.0432680882514, 0.0352468490601, 0.0346256755292, 0.0275986623019, 0.0394321270287, 0.0471182093024, 0.0418255962431, 0.0426246449351, 0.047881424427, 0.0438728071749], "dmean": [0.101613119245, 0.0896637439728, 0.0810300037265, 0.0799358636141, 0.0831428840756, 0.0898815467954, 0.116372168064, 0.12877497077, 0.134763106704, 0.160925984383, 0.167640283704, 0.139277860522, 0.109818816185, 0.0954166278243, 0.101373836398, 0.123756416142, 0.164260432124, 0.183506429195, 0.174650192261, 0.171441495419, 0.14708045125, 0.124374501407, 0.130019828677, 0.213005587459, 0.289384007454, 0.211831301451, 0.129266709089, 0.10828436166, 0.101442471147, 0.0908097997308, 0.109642662108, 0.116130374372, 0.114484213293, 0.126781329513, 0.135802477598, 0.12224843353], "max": [1, 1, 1, 1, 1, 1, 1, 1, 1, 1, 1, 1, 1, 1, 1, 1, 1, 1, 1, 1, 1, 1, 1, 1, 1, 1, 1, 1, 1, 1, 1, 1, 1, 1, 1, 1], "var": [0.0231922008097, 0.0197462420911, 0.018757365644, 0.0200629793108, 0.0224728938192, 0.0232560709119, 0.0403531678021, 0.0629784464836, 0.0554892159998, 0.0742886513472, 0.0843763798475, 0.041960734874, 0.0533404126763, 0.0771141275764, 0.0382545553148, 0.0424515232444, 0.0716990604997, 0.0733365342021, 0.0897073075175, 0.0855476930737, 0.0486232787371, 0.0362856648862, 0.0411691516638, 0.0660823062062, 0.123401045799, 0.0900344625115, 0.042714945972, 0.0334879569709, 0.0343126989901, 0.0236810352653, 0.0364508330822, 0.0519741885364, 0.0348401032388, 0.0398525744677, 0.0684767141938, 0.0491442084312], "mean": [0.0929916277528, 0.0854348614812, 0.071099281311, 0.0700554102659, 0.07869361341, 0.0825142115355, 0.11788097769, 0.147140666842, 0.145385637879, 0.186827197671, 0.200600266457, 0.138466179371, 0.124837368727, 0.137603253126, 0.108580753207, 0.125199824572, 0.180361747742, 0.194106608629, 0.220776483417, 0.215117290616, 0.137933135033, 0.0961716100574, 0.103602387011, 0.181551337242, 0.279687255621, 0.235631018877, 0.131672784686, 0.110761828721, 0.110853776336, 0.0930520221591, 0.108567155898, 0.124660141766, 0.105764329433, 0.134794771671, 0.173807784915, 0.134008511901]}, "tuning_equal_tempered_deviation": 0.259814321995, "chords_changes_rate": 0.0816378444433, "key_key": "G#", "tuning_diatonic_strength": 0.415547639132, "key_scale": "major", "chords_number_rate": 0.00254323496483, "tuning_frequency": 434.193115234, "tuning_nontempered_energy_ratio": 0.919252574444, "chords_histogram": [31.536113739, 1.19532048702, 0, 0, 2.87385559082, 12.5890130997, 0.228891149163, 0, 0.050864700228, 0.534079372883, 2.11088514328, 2.31434392929, 0, 0.356052905321, 0, 0.33062055707, 0.254323512316, 11.9786367416, 2.06002044678, 0, 0.0762970522046, 0, 9.56256389618, 21.9481182098], "key_strength": 0.398418575525, "chords_key": "G#", "chords_strength": {"dmean2": 0.0142563320696, "median": 0.479528307915, "min": 0.276866465807, "dvar2": 0.000162336844369, "dvar": 0.000115183553135, "dmean": 0.0131570817903, "max": 0.747760653496, "var": 0.00968653336167, "mean": 0.4871276021}, "chords_scale": "major", "hpcp_entropy": {"dmean2": 1.11900019646, "median": 2.26485800743, "min": 0, "dvar2": 0.814285993576, "dvar": 0.291592657566, "dmean": 0.655589699745, "max": 4.29815912247, "var": 0.607017934322, "mean": 2.21353435516}}, "metadata": {"audio_properties": {"equal_loudness": 0, "codec": "mp3", "downmix": "mix", "sample_rate": 44100, "analysis_sample_rate": 44100, "bit_rate": 272102, "md5_encoded": "f1fee5cf49cb7b15af995868c6e25be0", "length": 182.517547607, "replay_gain": -14.5520915985, "lossless": false}, "version": {"essentia_build_sha": "2d9f1f26377add8aeb1075a9c2973f962c4f09fd", "essentia": "2.1-beta2", "extractor": "music 1.0", "essentia_git_sha": "v2.1_beta2-1-ge3940c0"}, "tags": {"title": ["Round and Round"], "media": ["CD"], "albumartist": ["Loading Data"], "musicbrainz_recordingid": ["0373c1e1-0f9d-4c04-a7c5-f81f4bb4db92"], "originalyear": ["2013"], "discnumber": ["1/1"], "album": ["Double Disco Animal Style"], "musicbrainz album type": ["album"], "musicbrainz album status": ["official"], "file_name": "07 Round and Round.mp3", "musicbrainz_albumartistid": ["a054a3e0-1150-4c15-9e8a-ab1c4dfc54de"], "date": ["2013"], "genre": ["Stoner Metal"], "musicbrainz_releasegroupid": ["8657c851-30e1-40e4-ae40-ae5f03780241"], "script": ["Latn"], "originaldate": ["2013"], "musicbrainz_albumid": ["c6a1716e-8127-4845-b396-be79d76ab010"], "artist": ["Loading Data"], "artistsort": ["Loading Data"], "tracknumber": ["7/15"], "label": ["Deadlight Entertainment"], "albumartistsort": ["Loading Data"], "musicbrainz_artistid": ["a054a3e0-1150-4c15-9e8a-ab1c4dfc54de"]}}, "rhythm": {"bpm_histogram_first_peak_bpm": {"dmean2": 0, "median": 96, "min": 96, "dvar2": 0, "dvar": 0, "dmean": 0, "max": 96, "var": 0, "mean": 96}, "bpm": 95.0042800903, "bpm_histogram_second_peak_spread": {"dmean2": 0, "median": 0.100000008941, "min": 0.100000008941, "dvar2": 0, "dvar": 0, "dmean": 0, "max": 0.100000008941, "var": 0, "mean": 0.100000008941}, "bpm_histogram_first_peak_weight": {"dmean2": 0, "median": 0.467128038406, "min": 0.467128038406, "dvar2": 0, "dvar": 0, "dmean": 0, "max": 0.467128038406, "var": 0, "mean": 0.467128038406}, "onset_rate": 2.60228252411, "beats_position": [0.66176867485, 1.34675729275, 2.03174591064, 2.71673464775, 3.3785033226, 4.01705217361, 4.6439909935, 5.27092981339, 5.90947818756, 6.54802703857, 7.18657588959, 7.8251247406, 8.46367359161, 9.07900238037, 9.70594120026, 10.321269989, 10.9482088089, 11.5867567062, 12.2253055573, 12.8638544083, 13.5024032593, 14.1409521103, 14.7678909302, 15.3948297501, 16.0217685699, 16.6487064362, 17.2756462097, 17.9258041382, 18.5527439117, 19.1912918091, 19.8066215515, 20.4335594177, 21.0604991913, 21.6874370575, 22.3259868622, 22.9645347595, 23.5914726257, 24.2184123993, 24.8453502655, 25.4722900391, 26.0992279053, 26.7261676788, 27.3647155762, 28.0032653809, 28.6302032471, 29.2571430206, 29.8840808868, 30.5226306915, 31.1611785889, 31.7997264862, 32.4382743835, 33.0652160645, 33.7037620544, 34.3307037354, 34.9692497253, 35.60779953, 36.2347373962, 36.8500671387, 37.4770050049, 38.1155548096, 38.7541046143, 39.3810424805, 40.0195922852, 40.6581382751, 41.2850799561, 41.9120178223, 42.550567627, 43.1775054932, 43.8160552979, 44.4429931641, 45.0699310303, 45.6968688965, 46.3354187012, 46.9739685059, 47.6009063721, 48.2394561768, 48.8780021667, 49.5049438477, 50.1318817139, 50.7588195801, 51.3857574463, 52.024307251, 52.6628570557, 53.3130149841, 53.9399528503, 54.5668907166, 55.1938323975, 55.8091583252, 56.4361000061, 57.0630378723, 57.6899757385, 58.3285255432, 58.9670753479, 59.6056213379, 60.2325630188, 60.859500885, 61.4864387512, 62.1133766174, 62.7519264221, 63.3788642883, 64.0174102783, 64.6327438354, 65.2596817017, 65.8982315063, 66.5251693726, 67.1521072388, 67.779045105, 68.4175949097, 69.0561447144, 69.694694519, 70.3332443237, 70.971786499, 71.5987319946, 72.2140579224, 72.8409957886, 73.4679336548, 74.094871521, 74.7334213257, 75.3719711304, 76.0105209351, 76.6490707397, 77.276008606, 77.9029464722, 78.5298843384, 79.1568222046, 79.7837600708, 80.410697937, 81.0608596802, 81.6877975464, 82.3147354126, 82.9416732788, 83.5686187744, 84.1955566406, 84.8341064453, 85.4726486206, 86.1111984253, 86.74974823, 87.3882980347, 88.0268478394, 88.6537857056, 89.2807235718, 89.907661438, 90.5345993042, 91.1731491089, 91.8116989136, 92.4386367798, 93.065574646, 93.6925125122, 94.3194503784, 94.9347839355, 95.5617218018, 96.2002716064, 96.8272094727, 97.4657592773, 98.104309082, 98.7312469482, 99.3697967529, 100.008346558, 100.646888733, 101.285438538, 101.923988342, 102.562538147, 103.189476013, 103.804801941, 104.443351746, 105.070289612, 105.697235107, 106.324172974, 106.95111084, 107.589660645, 108.216598511, 108.843536377, 109.482086182, 110.109024048, 110.735961914, 111.374511719, 112.013061523, 112.63999939, 113.266937256, 113.893875122, 114.532424927, 115.170974731, 115.797912598, 116.436462402, 117.063400269, 117.678726196, 118.305664063, 118.932601929, 119.571151733, 120.209701538, 120.848251343, 121.486801147, 122.113739014, 122.74067688, 123.367614746, 124.006164551, 124.644714355, 125.28326416, 125.921813965, 126.548751831, 127.175689697, 127.802627563, 128.42956543, 129.056503296, 129.683441162, 130.310379028, 130.937316895, 131.575866699, 132.191192627, 132.818145752, 133.445083618, 134.083618164, 134.722167969, 135.360717773, 135.999267578, 136.649429321, 137.276367188, 137.903305054, 138.53024292, 139.168792725, 139.807342529, 140.434280396, 141.0728302, 141.711380005, 142.338317871, 142.965255737, 143.603805542, 144.230743408, 144.869293213, 145.496231079, 146.134780884, 146.773330688, 147.400268555, 148.015594482, 148.63092041, 149.257858276, 149.884811401, 150.511749268, 151.150299072, 151.788833618, 152.415786743, 153.042724609, 153.669662476, 154.296600342, 154.935150146, 155.573699951, 156.200637817, 156.839187622, 157.477722168, 158.116271973, 158.754821777, 159.381759644, 160.00869751, 160.635650635, 161.274185181, 161.912734985, 162.539672852, 163.166610718, 163.793563843, 164.420501709, 165.047439575, 165.68598938, 166.312927246, 166.951477051, 167.590026855, 168.228561401, 168.878723145, 169.528884888, 170.179046631, 170.829208374, 171.432922363, 172.048248291, 172.663574219, 173.290512085, 173.871017456, 174.42829895, 174.997192383, 175.554458618, 176.111740112, 176.680633545, 177.191467285, 177.702316284, 178.213150024, 178.723983765, 179.234832764, 179.734054565, 180.244888306, 180.755737305, 181.266571045, 181.777404785], "beats_loudness": {"dmean2": 0.0444781109691, "median": 0.0560819655657, "min": 2.38657560381e-09, "dvar2": 0.000993439229205, "dvar": 0.000329491711454, "dmean": 0.0241978168488, "max": 0.115691535175, "var": 0.000640891143121, "mean": 0.0576043352485}, "danceability": 1.15999746323, "bpm_histogram_second_peak_weight": {"dmean2": 0, "median": 0.0311418678612, "min": 0.0311418678612, "dvar2": 0, "dvar": 0, "dmean": 0, "max": 0.0311418678612, "var": 0, "mean": 0.0311418678612}, "beats_count": 290, "bpm_histogram_second_peak_bpm": {"dmean2": 0, "median": 117, "min": 117, "dvar2": 0, "dvar": 0, "dmean": 0, "max": 117, "var": 0, "mean": 117}, "bpm_histogram_first_peak_spread": {"dmean2": 0, "median": 0.498141258955, "min": 0.498141258955, "dvar2": 0, "dvar": 0, "dmean": 0, "max": 0.498141258955, "var": 0, "mean": 0.498141258955}, "beats_loudness_band_ratio": {"dmean2": [0.224822968245, 0.157896474004, 0.0953643992543, 0.106896661222, 0.0766125097871, 0.0583138987422], "median": [0.666197299957, 0.0920758843422, 0.0621302872896, 0.0664323270321, 0.0478201061487, 0.0350037701428], "min": [0.000425972102676, 0.00112118083052, 0.00277645606548, 0.00103785656393, 0.00175846973434, 0.00051468948368], "dvar2": [0.0359571427107, 0.0146450502798, 0.0127045186237, 0.00963181257248, 0.00476992502809, 0.00894779618829], "dvar": [0.014806794934, 0.00497626513243, 0.00511220889166, 0.00369528308511, 0.00191672693472, 0.00495436089113], "dmean": [0.133946061134, 0.0850786119699, 0.0561997257173, 0.0567454695702, 0.0433119609952, 0.0344955995679], "max": [0.905923962593, 0.429847449064, 0.694041132927, 0.529568314552, 0.357957005501, 0.992443442345], "var": [0.0405052118003, 0.00557541800663, 0.0116094425321, 0.00537800882012, 0.00311881746165, 0.00585420615971], "mean": [0.625440239906, 0.108634337783, 0.0938571617007, 0.0889601558447, 0.0670794993639, 0.0503063574433]}}, "lowlevel": {"barkbands_spread": {"dmean2": 7.83506393433, "median": 24.3785552979, "min": 0.624150156975, "dvar2": 56.6516113281, "dvar": 23.9145851135, "dmean": 4.86790990829, "max": 112.001564026, "var": 95.4282989502, "mean": 24.6873989105}, "melbands_spread": {"dmean2": 10.503405571, "median": 20.0903396606, "min": 1.74735307693, "dvar2": 112.4817276, "dvar": 43.6879692078, "dmean": 6.47129917145, "max": 218.51071167, "var": 248.9190979, "mean": 23.3256225586}, "hfc": {"dmean2": 6.38182210922, "median": 24.2899494171, "min": 1.15706857882e-16, "dvar2": 52.4942932129, "dvar": 29.3961868286, "dmean": 4.26778411865, "max": 131.901260376, "var": 171.766876221, "mean": 24.7647724152}, "barkbands_kurtosis": {"dmean2": 3.83813714981, "median": 1.55203390121, "min": -1.81427323818, "dvar2": 69.3065643311, "dvar": 29.066072464, "dmean": 2.32775354385, "max": 371.197570801, "var": 284.721160889, "mean": 3.630900383}, "gfcc": {"mean": [31.7702713013, 91.2978820801, -113.143997192, 36.253326416, -45.1928138733, 21.4775409698, -30.9333667755, 4.60156202316, -19.307849884, 0.466225534678, -14.2399711609, -0.529637515545, -18.5816478729], "icov": [[0.000328931841068, -0.000508800847456, 9.87416751741e-06, -0.00062687630998, 0.000630451308098, -0.00102694751695, 0.000510377169121, -0.000479198381072, 0.0009187857504, -0.00124049943406, 0.00168962625321, -0.00120728707407, 0.00143055384979], [-0.000508800847456, 0.00251157954335, 0.000958770571742, 0.000110627457616, -0.00166547694243, 0.00166885124054, -0.00137163640466, 0.00110056553967, -0.00167083961423, 0.00434777000919, -0.00532376812771, 0.00429060589522, -0.00435459241271], [9.87416751741e-06, 0.000958770571742, 0.00393112795427, -0.000221798865823, -0.00201915064827, -0.000779938185588, -0.00103966612369, 0.000549458840396, 0.00221734307706, -0.00155463733245, 0.00223666778766, -0.000767964287661, -0.00184250483289], [-0.00062687630998, 0.000110627457616, -0.000221798865823, 0.00760315405205, 2.32966431213e-05, -0.00241118879057, -0.000235500541748, 0.000789559562691, 0.000274812016869, 0.00295085157268, -0.00266773207113, 0.00160720164422, -0.00256306352094], [0.000630451308098, -0.00166547694243, -0.00201915064827, 2.32966431213e-05, 0.00886797718704, -0.00235582794994, 0.000378003809601, 0.0014333887957, -0.00216669100337, -0.000573279394303, 0.00131265411619, -0.00309384218417, 0.00312691554427], [-0.00102694751695, 0.00166885124054, -0.000779938185588, -0.00241118879057, -0.00235582794994, 0.0158515945077, -0.00577862514183, -0.000650260655675, 0.00178062252235, -0.00255557568744, -0.00390003528446, 0.00509772263467, -0.00205789902247], [0.000510377169121, -0.00137163640466, -0.00103966612369, -0.000235500541748, 0.000378003809601, -0.00577862514183, 0.0189303532243, -0.0094917435199, -0.00280602322891, 0.00494520785287, -0.00373364728875, 0.0044385092333, -0.00341608677991], [-0.000479198381072, 0.00110056553967, 0.000549458840396, 0.000789559562691, 0.0014333887957, -0.000650260655675, -0.0094917435199, 0.0243913363665, -0.0130339860916, 0.00303489435464, 0.00376695510931, -0.00936582032591, 0.00362332281657], [0.0009187857504, -0.00167083961423, 0.00221734307706, 0.000274812016869, -0.00216669100337, 0.00178062252235, -0.00280602322891, -0.0130339860916, 0.0316623300314, -0.017323423177, 0.00175808684435, 0.00516247283667, 0.000271395838354], [-0.00124049943406, 0.00434777000919, -0.00155463733245, 0.00295085157268, -0.000573279394303, -0.00255557568744, 0.00494520785287, 0.00303489435464, -0.017323423177, 0.0388076789677, -0.0193731356412, 0.00419842451811, -0.00395603664219], [0.00168962625321, -0.00532376812771, 0.00223666778766, -0.00266773207113, 0.00131265411619, -0.00390003528446, -0.00373364728875, 0.00376695510931, 0.00175808684435, -0.0193731356412, 0.0434372387826, -0.0228154789656, 0.0105417054147], [-0.00120728707407, 0.00429060589522, -0.000767964287661, 0.00160720164422, -0.00309384218417, 0.00509772263467, 0.0044385092333, -0.00936582032591, 0.00516247283667, 0.00419842451811, -0.0228154789656, 0.0414050035179, -0.0216710679233], [0.00143055384979, -0.00435459241271, -0.00184250483289, -0.00256306352094, 0.00312691554427, -0.00205789902247, -0.00341608677991, 0.00362332281657, 0.000271395838354, -0.00395603664219, 0.0105417054147, -0.0216710679233, 0.0342185869813]], "cov": [[14793.4921875, 129.717346191, 30.5770740509, 1287.55969238, -754.26751709, 885.777954102, -281.872161865, -2.81323409081, -518.938049316, 25.0720233917, -320.436035156, -60.9517059326, -342.382415771], [129.717346191, 1405.94335938, -357.183319092, 82.5960388184, 99.7738113403, -50.2849578857, 138.245559692, -14.1533212662, 56.8611984253, -102.606697083, 99.6620178223, -52.0050125122, 87.6554489136], [30.5770740509, -357.183319092, 446.78112793, 16.047542572, 52.1278953552, 54.9643135071, -20.975812912, -17.764093399, -50.4758224487, 21.7346668243, -39.6680870056, 28.3683872223, 9.95491886139], [1287.55969238, 82.5960388184, 16.047542572, 271.765258789, -53.7498016357, 107.577384949, -3.61235713959, -9.71412372589, -56.5653038025, -15.0832395554, -17.9002323151, -6.98681879044, -10.2532405853], [-754.26751709, 99.7738113403, 52.1278953552, -53.7498016357, 189.492721558, -22.2266654968, 30.3668193817, -4.63156318665, 36.4435195923, 0.075172200799, 26.7545127869, 5.43999052048, 22.8029499054], [885.777954102, -50.2849578857, 54.9643135071, 107.577384949, -22.2266654968, 150.256713867, 17.9990367889, 14.0290651321, -25.6848487854, 14.5722208023, -13.8171606064, -7.05419158936, -19.3564929962], [-281.872161865, 138.245559692, -20.975812912, -3.61235713959, 30.3668193817, 17.9990367889, 116.388946533, 47.9576644897, 42.3529624939, -9.88750267029, 20.8515396118, -6.15190172195, 21.0267372131], [-2.81323409081, -14.1533212662, -17.764093399, -9.71412372589, -4.63156318665, 14.0290651321, 47.9576644897, 86.400428772, 43.007900238, 9.84775543213, 4.53497362137, 9.27989673615, -1.18436121941], [-518.938049316, 56.8611984253, -50.4758224487, -56.5653038025, 36.4435195923, -25.6848487854, 42.3529624939, 43.007900238, 91.6045608521, 24.5155735016, 25.9109573364, -3.91083621979, 8.42398166656], [25.0720233917, -102.606697083, 21.7346668243, -15.0832395554, 0.075172200799, 14.5722208023, -9.88750267029, 9.84775543213, 24.5155735016, 58.747882843, 16.2122821808, 9.93404006958, -7.33121681213], [-320.436035156, 99.6620178223, -39.6680870056, -17.9002323151, 26.7545127869, -13.8171606064, 20.8515396118, 4.53497362137, 25.9109573364, 16.2122821808, 60.6622047424, 20.0098571777, 16.5811100006], [-60.9517059326, -52.0050125122, 28.3683872223, -6.98681879044, 5.43999052048, -7.05419158936, -6.15190172195, 9.27989673615, -3.91083621979, 9.93404006958, 20.0098571777, 56.1967964172, 25.0213737488], [-342.382415771, 87.6554489136, 9.95491886139, -10.2532405853, 22.8029499054, -19.3564929962, 21.0267372131, -1.18436121941, 8.42398166656, -7.33121681213, 16.5811100006, 25.0213737488, 63.2610702515]]}, "spectral_energyband_middle_low": {"dmean2": 0.00951183587313, "median": 0.0112727768719, "min": 2.93565864232e-22, "dvar2": 0.000277700688457, "dvar": 0.000132479690365, "dmean": 0.00604277849197, "max": 0.123713113368, "var": 0.000223674695008, "mean": 0.0148810520768}, "melbands_crest": {"dmean2": 5.69575834274, "median": 14.3007049561, "min": 1.87033975124, "dvar2": 24.1536521912, "dvar": 9.61847877502, "dmean": 3.48807811737, "max": 29.9560832977, "var": 23.5751991272, "mean": 14.8678598404}, "spectral_kurtosis": {"dmean2": 1.85731518269, "median": 3.29352712631, "min": -1.20242774487, "dvar2": 10.8170614243, "dvar": 3.3871178627, "dmean": 1.08054125309, "max": 56.0281829834, "var": 14.3413896561, "mean": 4.11767816544}, "spectral_rms": {"dmean2": 0.00142812205013, "median": 0.00605942960829, "min": 3.19157525928e-12, "dvar2": 1.9333920136e-06, "dvar": 8.19652825612e-07, "dmean": 0.000899051548913, "max": 0.0115718580782, "var": 3.47757691088e-06, "mean": 0.00603472627699}, "zerocrossingrate": {"dmean2": 0.0099647892639, "median": 0.05322265625, "min": 0.00927734375, "dvar2": 9.1158253781e-05, "dvar": 7.24650817574e-05, "dmean": 0.00793393328786, "max": 0.79345703125, "var": 0.0038866403047, "mean": 0.0615443065763}, "silence_rate_60dB": {"dmean2": 0.0020356234163, "median": 0, "min": 0, "dvar2": 0.00228586327285, "dvar": 0.00101666431874, "dmean": 0.00101768225431, "max": 1, "var": 0.0468039140105, "mean": 0.0492241159081}, "erbbands_kurtosis": {"dmean2": 0.748052597046, "median": -0.318626284599, "min": -1.80684757233, "dvar2": 0.519445359707, "dvar": 0.202397868037, "dmean": 0.45542550087, "max": 6.38489770889, "var": 0.691401124001, "mean": -0.125428304076}, "erbbands": {"dmean2": [0.32744383812, 3.1753013134, 6.94347810745, 14.19135952, 19.4952926636, 14.3177499771, 11.7563924789, 9.55534648895, 16.6931324005, 16.762512207, 24.3624324799, 14.5923786163, 19.8400936127, 15.9613113403, 24.9886837006, 41.9022903442, 43.0360908508, 36.7448005676, 37.4939460754, 23.980014801, 13.9148426056, 10.713388443, 22.5465145111, 21.2384815216, 8.61839866638, 2.59406590462, 7.17110729218, 8.80057048798, 3.88519835472, 3.72031641006, 2.63586258888, 2.03220915794, 1.06666612625, 0.439222127199, 0.225058436394, 0.101543642581, 0.0501456782222, 0.012806089595, 0.00199089944363, 9.68722451944e-05], "median": [0.148378908634, 1.77257359028, 4.81778335571, 10.0901241302, 8.23648643494, 8.22593307495, 8.8549041748, 7.13806343079, 9.40397262573, 10.7022285461, 16.8389701843, 14.5826911926, 15.0317058563, 15.2958507538, 19.5567855835, 29.2788276672, 29.3627166748, 26.6592521667, 30.0670166016, 23.8008575439, 14.7800655365, 13.5251865387, 22.9941139221, 27.3825836182, 12.7343215942, 3.94240570068, 7.44981384277, 10.5575714111, 5.09666347504, 4.47605037689, 3.14549016953, 2.15779542923, 1.0291621685, 0.399970531464, 0.176252514124, 0.0759610980749, 0.0218923911452, 0.0038026436232, 0.000348042580299, 6.23508676654e-05], "min": [2.12109586626e-21, 5.17931708849e-21, 2.45291848041e-20, 4.42910853999e-20, 9.63390634565e-20, 6.82630800509e-20, 5.42100181514e-20, 4.819142875e-19, 4.10479926228e-19, 1.3033459948e-18, 2.25673792861e-18, 1.28191715724e-18, 1.18249676846e-18, 2.4563374376e-18, 5.70398645485e-18, 2.94554032367e-18, 3.44029834794e-18, 5.09312887532e-18, 5.71157955928e-18, 6.52290932335e-18, 1.16883929276e-17, 1.12284325306e-17, 6.62949195887e-18, 1.99546089666e-17, 1.32976951432e-17, 1.57333789149e-17, 3.0576433558e-17, 2.01182749226e-17, 1.45986856378e-17, 1.62445550268e-17, 1.82065893894e-17, 1.4990603812e-17, 1.30218692864e-17, 1.08643266501e-17, 8.85260272083e-18, 5.4714601944e-18, 3.21248101992e-18, 9.69629799431e-19, 3.30118295742e-19, 4.26107455337e-20], "dvar2": [0.192272856832, 14.6441402435, 95.0650177002, 373.066955566, 2243.00097656, 746.073669434, 364.975799561, 230.520217896, 698.954406738, 585.078735352, 1626.32653809, 309.00302124, 693.367431641, 457.752532959, 1376.02783203, 3347.30371094, 4186.94775391, 3386.99682617, 2600.35546875, 957.448669434, 401.249328613, 166.889434814, 823.709777832, 694.137451172, 91.3847579956, 12.9413375854, 326.904937744, 378.786437988, 46.1754722595, 35.7226257324, 24.7628955841, 20.4132213593, 5.43397903442, 0.953450083733, 0.248602434993, 0.0532713979483, 0.0194938164204, 0.00134043872822, 3.85886123695e-05, 1.03332098433e-07], "dvar": [0.0827601775527, 5.15892410278, 34.2173347473, 159.646743774, 979.67376709, 262.475524902, 136.314468384, 86.6750106812, 275.807525635, 222.364868164, 651.447265625, 116.052215576, 274.977508545, 172.979568481, 555.286560059, 1269.76513672, 1628.02099609, 1340.17724609, 995.714355469, 364.727508545, 149.398590088, 62.4341201782, 323.737884521, 271.263671875, 35.4623298645, 5.82298183441, 177.317657471, 209.672576904, 27.2623558044, 16.8677845001, 11.2250595093, 10.4878873825, 2.82616710663, 0.443756222725, 0.114446260035, 0.0258419439197, 0.00847803428769, 0.000554241181817, 1.72297532117e-05, 4.50202719549e-08], "dmean": [0.203527957201, 1.8590722084, 4.08026027679, 8.60265636444, 12.3580064774, 8.46422195435, 7.20308732986, 5.78515863419, 10.3635540009, 10.0868911743, 15.1276311874, 8.83873653412, 12.3659934998, 9.87253952026, 15.5023603439, 25.6507072449, 26.728597641, 22.6255779266, 22.5775947571, 14.5627450943, 8.28582572937, 6.40794658661, 13.6947841644, 13.0609703064, 5.2325463295, 1.65407574177, 4.54769325256, 5.65909337997, 2.55922055244, 2.38011741638, 1.68499600887, 1.32182049751, 0.707950770855, 0.292576521635, 0.152808785439, 0.0689136758447, 0.0321631543338, 0.00808996707201, 0.00128228461836, 6.32508817944e-05], "max": [2.14087748528, 16.640335083, 86.0451965332, 143.46472168, 355.97366333, 209.286697388, 141.982421875, 151.455245972, 243.578094482, 259.903503418, 605.516296387, 147.524246216, 326.50213623, 239.689224243, 363.399627686, 482.440460205, 830.649902344, 651.499694824, 608.895019531, 346.908447266, 270.59173584, 153.10043335, 372.076690674, 273.670471191, 163.565490723, 68.3297576904, 503.180999756, 579.45916748, 199.699356079, 128.801544189, 102.511878967, 129.960205078, 65.0267486572, 15.9025707245, 6.32851409912, 3.33877539635, 3.09051775932, 0.474093616009, 0.0867134928703, 0.00545060494915], "var": [0.117104873061, 7.1470284462, 62.6395645142, 245.880142212, 1164.81225586, 310.507537842, 192.102233887, 129.563293457, 526.255737305, 360.933837891, 1729.86413574, 225.386962891, 563.053527832, 375.953186035, 1151.14355469, 3064.83813477, 5178.77734375, 3235.93432617, 2680.0402832, 1142.85070801, 315.8230896, 147.019424438, 1271.47570801, 1198.72143555, 88.9206924438, 17.8769855499, 374.527862549, 484.648681641, 76.4645233154, 45.9792900085, 26.1921405792, 24.3834629059, 7.14140176773, 1.07431364059, 0.362052440643, 0.0774725750089, 0.0155323138461, 0.000926917069592, 3.14252174576e-05, 6.83000251911e-08], "mean": [0.274023145437, 2.67771816254, 7.09147596359, 14.4921112061, 16.9607086182, 13.3418960571, 12.8327970505, 10.2762928009, 18.1723327637, 16.774055481, 28.1003437042, 18.1564464569, 23.1972332001, 20.4506130219, 30.1809806824, 49.56823349, 58.3887481689, 45.7851982117, 46.5171356201, 35.2018432617, 19.0110168457, 15.9683218002, 35.4873771667, 37.0954208374, 14.0407714844, 4.76005315781, 10.5257110596, 14.011507988, 6.81511354446, 6.20067644119, 4.36725854874, 3.21586608887, 1.68462836742, 0.709144711494, 0.38652291894, 0.166930809617, 0.0602963455021, 0.0131121594459, 0.00199840939604, 0.000124298472656]}, "spectral_strongpeak": {"dmean2": 0.521041512489, "median": 0.395360529423, "min": 8.68126903697e-10, "dvar2": 0.697017729282, "dvar": 0.259537637234, "dmean": 0.301533401012, "max": 7.10786867142, "var": 0.300316751003, "mean": 0.531356990337}, "spectral_energy": {"dmean2": 0.0199879705906, "median": 0.0376346036792, "min": 1.04408069776e-20, "dvar2": 0.000470210361527, "dvar": 0.000197259694687, "dmean": 0.0124879693612, "max": 0.137255594134, "var": 0.00045354582835, "mean": 0.0408932492137}, "average_loudness": 0.96989107132, "spectral_rolloff": {"dmean2": 687.764465332, "median": 1141.25976563, "min": 107.666015625, "dvar2": 764917.75, "dvar": 328236.6875, "dmean": 409.059692383, "max": 19745.9472656, "var": 3612027.5, "mean": 1414.73376465}, "spectral_centroid": {"dmean2": 333.013305664, "median": 1360.20654297, "min": 275.766418457, "dvar2": 96699.4609375, "dvar": 47486.21875, "dmean": 210.551834106, "max": 11136.3144531, "var": 277869.8125, "mean": 1402.89172363}, "pitch_salience": {"dmean2": 0.131242275238, "median": 0.553733825684, "min": 0.178844332695, "dvar2": 0.0138948662207, "dvar": 0.00498615857214, "dmean": 0.0777155905962, "max": 0.905118346214, "var": 0.0102050649002, "mean": 0.544926464558}, "spectral_energyband_middle_high": {"dmean2": 0.00279955170117, "median": 0.00684851780534, "min": 1.52873831926e-21, "dvar2": 7.92319315224e-06, "dvar": 3.07671439259e-06, "dmean": 0.00170781963971, "max": 0.0313046462834, "var": 1.80387614819e-05, "mean": 0.00728982221335}, "spectral_contrast_coeffs": {"dmean2": [0.0882151201367, 0.0714171305299, 0.0593995973468, 0.0488374680281, 0.0337810814381, 0.024228816852], "median": [-0.651418685913, -0.750267744064, -0.782775819302, -0.781929373741, -0.76111471653, -0.732100367546], "min": [-0.968324303627, -0.961097836494, -0.961756169796, -0.969646811485, -0.955554783344, -0.96073281765], "dvar2": [0.00508068501949, 0.00318592390977, 0.0021633640863, 0.0014409609139, 0.000690647866577, 0.000436162692495], "dvar": [0.00201062229462, 0.00117144314572, 0.000827158044558, 0.000545458460692, 0.00026098737726, 0.000172092259163], "dmean": [0.0533776991069, 0.0431367270648, 0.0367396064103, 0.0297461971641, 0.0205857921392, 0.0147209670395], "max": [-0.295897573233, -0.437469244003, -0.564308404922, -0.582033514977, -0.56924790144, -0.623481273651], "var": [0.00613647606224, 0.00398189527914, 0.00253486190923, 0.00195315130986, 0.00138168467674, 0.00115474313498], "mean": [-0.646416723728, -0.745507121086, -0.780366539955, -0.779353737831, -0.758925139904, -0.735854804516]}, "melbands_skewness": {"dmean2": 1.23022437096, "median": 2.75189781189, "min": -0.658651828766, "dvar2": 1.30119669437, "dvar": 0.507160127163, "dmean": 0.759006857872, "max": 10.5620574951, "var": 1.68429481983, "mean": 2.88954782486}, "spectral_spread": {"dmean2": 533342.375, "median": 4464443, "min": 1106634.375, "dvar2": 546449129472, "dvar": 302082818048, "dmean": 350111.25, "max": 41514332, "var": 2852076126210.0, "mean": 4674570.5}, "dissonance": {"dmean2": 0.0219999402761, "median": 0.478299796581, "min": 0.281592667103, "dvar2": 0.000384646322345, "dvar": 0.000135881418828, "dmean": 0.0128558110446, "max": 0.499918490648, "var": 0.000580013671424, "mean": 0.472978383303}, "spectral_skewness": {"dmean2": 0.231575891376, "median": 1.41241192818, "min": 0.0127782160416, "dvar2": 0.0739663690329, "dvar": 0.0256724320352, "dmean": 0.141218781471, "max": 5.26674079895, "var": 0.151580482721, "mean": 1.47916102409}, "spectral_flux": {"dmean2": 0.0441270656884, "median": 0.0983561426401, "min": 1.0218026425e-10, "dvar2": 0.00224972865544, "dvar": 0.000935899792239, "dmean": 0.0278037413955, "max": 0.313748478889, "var": 0.00226504611783, "mean": 0.102415174246}, "spectral_contrast_valleys": {"dmean2": [0.624276459217, 0.524705827236, 0.452562838793, 0.378803908825, 0.280005961657, 0.261651605368], "median": [-6.404753685, -6.32008361816, -6.77253246307, -6.90672779083, -7.245408535, -9.61982536316], "min": [-27.2684078217, -27.4075717926, -27.1649398804, -27.2346763611, -27.3789138794, -27.2051296234], "dvar2": [0.256464868784, 0.196858331561, 0.142392233014, 0.105877913535, 0.0701839327812, 0.147243335843], "dvar": [0.105396918952, 0.0856842920184, 0.0665611997247, 0.0560223981738, 0.042894449085, 0.0780219510198], "dmean": [0.372641652822, 0.31756657362, 0.282533288002, 0.242439255118, 0.17932882905, 0.181214660406], "max": [-5.06274080276, -4.80584096909, -5.41356182098, -5.58829450607, -6.31088209152, -7.79083156586], "var": [2.21521353722, 1.59508466721, 1.3586140871, 1.38148760796, 1.41592502594, 1.81263566017], "mean": [-6.73423051834, -6.56983947754, -6.98052120209, -7.11538410187, -7.49674749374, -9.89103412628]}, "erbbands_flatness_db": {"dmean2": 0.017188180238, "median": 0.124500826001, "min": 0.0309579055756, "dvar2": 0.000245616654865, "dvar": 0.00011024493142, "dmean": 0.0110688451678, "max": 0.328803211451, "var": 0.00158781779464, "mean": 0.129438325763}, "spectral_energyband_high": {"dmean2": 0.000402895355364, "median": 0.000753203756176, "min": 7.6320093867e-21, "dvar2": 6.27210226867e-07, "dvar": 4.21254242156e-07, "dmean": 0.000288799696136, "max": 0.020160658285, "var": 1.45389901718e-06, "mean": 0.000979903154075}, "spectral_entropy": {"dmean2": 0.152461290359, "median": 7.78095769882, "min": 6.36785459518, "dvar2": 0.0233661402017, "dvar": 0.00970324035734, "dmean": 0.0969105660915, "max": 9.80735683441, "var": 0.102554388344, "mean": 7.7418551445}, "silence_rate_20dB": {"dmean2": 0, "median": 1, "min": 1, "dvar2": 0, "dvar": 0, "dmean": 0, "max": 1, "var": 0, "mean": 1}, "melbands_flatness_db": {"dmean2": 0.0409943945706, "median": 0.184169664979, "min": 0.00551051693037, "dvar2": 0.00132874003612, "dvar": 0.000493703060783, "dmean": 0.0249904599041, "max": 0.411514163017, "var": 0.00280410610139, "mean": 0.18979370594}, "barkbands": {"dmean2": [0.000353512674337, 0.0128325009719, 0.00648374203593, 0.00643863994628, 0.00469460571185, 0.00119049684145, 0.00119747954886, 0.00100943155121, 0.000711807399057, 0.000663121405523, 0.000622996187303, 0.00100239296444, 0.00101915095001, 0.00076614349382, 0.000608568720054, 0.000368204317056, 0.000221708207391, 0.000483952782815, 0.000297833234072, 7.43199925637e-05, 0.000215609077713, 0.000108943138912, 9.97189417831e-05, 7.49206301407e-05, 3.24383945554e-05, 2.43519480136e-05, 1.04598293547e-05], "median": [6.9717731094e-05, 0.00765810208395, 0.00414441805333, 0.00313339149579, 0.00259690824896, 0.000886725785676, 0.000679420947563, 0.000587547663599, 0.000682725571096, 0.000469038612209, 0.000371310219634, 0.000673159956932, 0.000576687278226, 0.000469850114314, 0.000471388688311, 0.000295149744488, 0.000216145039303, 0.000458637485281, 0.000364814099157, 8.41453147586e-05, 0.000266970251687, 0.000132373679662, 0.000124684083858, 8.1525555288e-05, 2.86585764115e-05, 1.37919741974e-05, 1.80683309736e-06], "min": [1.04048994239e-23, 3.94482990747e-23, 2.28407117819e-23, 1.77456737653e-23, 2.68761250094e-23, 3.90181016686e-23, 4.97428865562e-23, 8.87559268932e-23, 6.1604703998e-23, 4.98618720242e-23, 1.08368662449e-22, 8.9998212425e-23, 8.02131943784e-23, 1.03304869636e-22, 1.3110699113e-22, 1.63413798694e-22, 1.9013092721e-22, 1.35833201964e-22, 3.73240790416e-22, 3.14814268165e-22, 6.58253610143e-22, 4.3444066993e-22, 5.75966102859e-22, 7.55090893206e-22, 1.14026332472e-21, 1.4747725593e-21, 2.64318678301e-21], "dvar2": [3.17452219178e-07, 0.0002311165008, 8.22931615403e-05, 0.000124553771457, 0.000112973779324, 3.42602788805e-06, 3.5155489968e-06, 2.54870383287e-06, 6.99837016782e-07, 7.25444067484e-07, 9.10855476377e-07, 1.76586092948e-06, 2.42976557274e-06, 1.49855861764e-06, 6.85093141328e-07, 3.07517211695e-07, 9.15971440918e-08, 3.88518856198e-07, 1.1507361819e-07, 1.0818914653e-08, 2.30790291766e-07, 3.75666537877e-08, 3.04551015518e-08, 2.84155365904e-08, 5.18695442153e-09, 3.74861119923e-09, 1.07327302601e-09], "dvar": [1.90380191611e-07, 8.44486494316e-05, 2.95631089102e-05, 6.06795583735e-05, 4.12497538491e-05, 1.30646162688e-06, 1.34564356813e-06, 1.01652267404e-06, 2.59173731365e-07, 2.96105071129e-07, 3.76682322667e-07, 6.77496018398e-07, 9.24890173337e-07, 6.02482259637e-07, 2.60569464672e-07, 1.15990992811e-07, 3.3886408346e-08, 1.51887491029e-07, 4.37922587082e-08, 4.47204318021e-09, 1.35366292398e-07, 2.09562696085e-08, 1.40522677938e-08, 1.52734855874e-08, 2.42882092216e-09, 1.73950320814e-09, 4.69352778865e-10], "dmean": [0.000269832176855, 0.00765896355733, 0.00379745359533, 0.00401801103726, 0.00278908037581, 0.000730404164642, 0.000731296720915, 0.000618187012151, 0.000432959088357, 0.000415167945903, 0.000390074012103, 0.000616107368842, 0.000630430236924, 0.000471861625556, 0.000368058448657, 0.000219321475015, 0.000131982727908, 0.000295254518278, 0.00018075585831, 4.62636890006e-05, 0.000139502997627, 7.25309946574e-05, 6.38315832475e-05, 5.00038513565e-05, 2.22509897867e-05, 1.60268718901e-05, 6.66540063321e-06], "max": [0.00377732818015, 0.0651091113687, 0.1007726565, 0.0918032154441, 0.0744069889188, 0.0153905060142, 0.0140407243744, 0.021498400718, 0.00787618197501, 0.00847934465855, 0.0110519323498, 0.0111627150327, 0.0188485849649, 0.0145965646952, 0.00979318469763, 0.00796946696937, 0.00459682336077, 0.00706808129326, 0.00340736913495, 0.00155156687833, 0.0131095219404, 0.00549597712234, 0.00352315418422, 0.00549197057262, 0.00103737250902, 0.00105576415081, 0.000414421287132], "var": [3.98809362423e-07, 0.000120814533147, 4.90857746627e-05, 8.92874741112e-05, 4.0890314267e-05, 2.071273002e-06, 2.64863092525e-06, 2.55910595115e-06, 5.19908553542e-07, 6.7461303388e-07, 7.72453574882e-07, 1.59023215929e-06, 2.59163925875e-06, 1.40353392908e-06, 7.57229713599e-07, 2.47111813678e-07, 7.28193612076e-08, 6.17355908616e-07, 1.27339575329e-07, 1.17605125638e-08, 3.34330081841e-07, 5.63830759859e-08, 3.52963596129e-08, 3.81020406337e-08, 7.02487357174e-09, 4.05219147126e-09, 8.11979372628e-10], "mean": [0.000370248337276, 0.011287054047, 0.0062014660798, 0.00593150686473, 0.00421627843753, 0.00129846984055, 0.0012838653056, 0.00106680381577, 0.000852684606798, 0.00076709757559, 0.000657065073028, 0.00111478706822, 0.00123686820734, 0.00086683552945, 0.000778307032306, 0.000434855173808, 0.000284516776446, 0.000750327599235, 0.000448846811196, 0.000111075663881, 0.000354339368641, 0.00018561790057, 0.000168302765815, 0.000124492260511, 5.73233737668e-05, 3.39975849784e-05, 1.01662635643e-05]}, "erbbands_skewness": {"dmean2": 0.354221910238, "median": -0.0512836799026, "min": -2.13450884819, "dvar2": 0.0936420187354, "dvar": 0.0366952642798, "dmean": 0.221920058131, "max": 1.65358364582, "var": 0.145747184753, "mean": -0.0524001643062}, "erbbands_spread": {"dmean2": 10.9823741913, "median": 40.209236145, "min": 5.47553396225, "dvar2": 92.3741149902, "dvar": 40.442440033, "dmean": 6.93366622925, "max": 114.653434753, "var": 192.448410034, "mean": 41.4522781372}, "melbands_kurtosis": {"dmean2": 10.6723308563, "median": 8.82203674316, "min": -1.71096074581, "dvar2": 177.459609985, "dvar": 67.4686431885, "dmean": 6.48887968063, "max": 165.762161255, "var": 136.519332886, "mean": 12.0495376587}, "melbands": {"dmean2": [0.00325516192243