{"tonal": {"thpcp": [1, 0.661302626133, 0.396720141172, 0.276501327753, 0.156823664904, 0.315437287092, 0.458609938622, 0.338422447443, 0.331264853477, 0.40420076251, 0.310679703951, 0.335935771465, 0.394398629665, 0.295070677996, 0.337787955999, 0.407173573971, 0.265519320965, 0.18666253984, 0.196910738945, 0.202713310719, 0.439221441746, 0.678396522999, 0.535586118698, 0.400840073824, 0.375281691551, 0.284678399563, 0.449628531933, 0.627130389214, 0.434375196695, 0.384572327137, 0.471757143736, 0.344693601131, 0.306386172771, 0.34759631753, 0.372056812048, 0.741678714752], "hpcp": {"dmean2": [0.17895847559, 0.140198335052, 0.115089818835, 0.112426966429, 0.133429989219, 0.203649476171, 0.276627093554, 0.293524563313, 0.234397992492, 0.180660352111, 0.180294722319, 0.199001684785, 0.23473264277, 0.217521116138, 0.20301322639, 0.205785155296, 0.204841822386, 0.202374100685, 0.212752655149, 0.243561118841, 0.299832999706, 0.301958531141, 0.266242623329, 0.208210960031, 0.15869115293, 0.117644198239, 0.158137410879, 0.189621314406, 0.188139379025, 0.203405991197, 0.20600168407, 0.187468826771, 0.184562519193, 0.190228164196, 0.179209321737, 0.182541564107], "median": [0.0391523875296, 0.0330187082291, 0.0194677226245, 0.0183128397912, 0.026355387643, 0.0742289870977, 0.119061648846, 0.0931427776814, 0.0408623702824, 0.0244437586516, 0.0267548412085, 0.0492857918143, 0.0536496043205, 0.0527292266488, 0.0464167967439, 0.0430363826454, 0.0350128486753, 0.0294331610203, 0.0289305970073, 0.0434693321586, 0.132966816425, 0.174148783088, 0.124242268503, 0.0567747429013, 0.0346124470234, 0.0156069546938, 0.0311886239797, 0.0421802476048, 0.0368278324604, 0.0265736039728, 0.0270264707506, 0.0329807437956, 0.0475201830268, 0.0553336068988, 0.0430733524263, 0.0380883552134], "min": [0, 0, 0, 0, 0, 0, 0, 0, 0, 0, 0, 0, 0, 0, 0, 0, 0, 0, 0, 0, 0, 0, 0, 0, 0, 0, 0, 0, 0, 0, 0, 0, 0, 0, 0, 0], "dvar2": [0.0727878659964, 0.0519850924611, 0.0485521219671, 0.0470358319581, 0.0496892146766, 0.0699488297105, 0.10204320401, 0.125863105059, 0.0992932841182, 0.0882956162095, 0.0856410264969, 0.0790731906891, 0.106094844639, 0.0887996405363, 0.0823543518782, 0.0968049094081, 0.102314069867, 0.114001363516, 0.118808224797, 0.113520585001, 0.122512601316, 0.127680584788, 0.104160428047, 0.0912979841232, 0.0739402770996, 0.0558706223965, 0.0681003406644, 0.0832901075482, 0.0873651131988, 0.107147991657, 0.108037829399, 0.082218632102, 0.0726633518934, 0.073593005538, 0.070847645402, 0.0788147076964], "dvar": [0.0315236486495, 0.0202599111944, 0.017543585971, 0.0170882567763, 0.0179313793778, 0.0285526365042, 0.0442803986371, 0.0486811958253, 0.0371495448053, 0.0340338945389, 0.0309686753899, 0.0311321821064, 0.0472802557051, 0.0338360853493, 0.0318757370114, 0.0382682867348, 0.0377109497786, 0.0405295975506, 0.0433088243008, 0.041125766933, 0.0480588898063, 0.0565693564713, 0.0403609089553, 0.0350941680372, 0.0273196026683, 0.0198049526662, 0.0258326008916, 0.0350967273116, 0.0323971733451, 0.0391883067787, 0.0412092842162, 0.030666206032, 0.0275055840611, 0.0292842183262, 0.0263843107969, 0.030697196722], "dmean": [0.106249503791, 0.0821256563067, 0.0654010772705, 0.0634881183505, 0.0758046656847, 0.123463258147, 0.166485369205, 0.16976454854, 0.133104562759, 0.102068573236, 0.101734109223, 0.118478611112, 0.13992023468, 0.127282291651, 0.117715239525, 0.11807192862, 0.116098530591, 0.11237873137, 0.118807710707, 0.138298362494, 0.17658893764, 0.178958773613, 0.158099234104, 0.120926842093, 0.090727865696, 0.0647528842092, 0.0922292843461, 0.112853720784, 0.109237328172, 0.114236913621, 0.117278151214, 0.107842035592, 0.1065819785, 0.112133949995, 0.10256973654, 0.105189844966], "max": [1, 1, 1, 1, 1, 1, 1, 1, 1, 1, 1, 1, 1, 1, 1, 1, 1, 1, 1, 1, 1, 1, 1, 1, 1, 1, 1, 1, 1, 1, 1, 1, 1, 1, 1, 1], "var": [0.0609375871718, 0.0261128731072, 0.0195433534682, 0.0250793416053, 0.0176715906709, 0.0432361029088, 0.0860412418842, 0.0592334084213, 0.0529742501676, 0.0671423077583, 0.0340962074697, 0.0572447739542, 0.107798889279, 0.0481247380376, 0.0477026291192, 0.0783295556903, 0.0436510369182, 0.0431572385132, 0.0549693107605, 0.0437912046909, 0.0907246097922, 0.146878153086, 0.0722776278853, 0.0438890792429, 0.0281557701528, 0.0153085133061, 0.0380324944854, 0.0727351084352, 0.0399252399802, 0.0474619828165, 0.0684039741755, 0.0368733592331, 0.0358501113951, 0.0472020283341, 0.0285952184349, 0.042033623904], "mean": [0.149879127741, 0.0977367088199, 0.0687098130584, 0.0724821388721, 0.0746180415154, 0.161675840616, 0.249715328217, 0.197147324681, 0.147547796369, 0.138139843941, 0.104789093137, 0.165506646037, 0.230844438076, 0.159891948104, 0.141559690237, 0.173652112484, 0.126880481839, 0.112779654562, 0.127948954701, 0.136952772737, 0.27300927043, 0.368096411228, 0.243423134089, 0.14603126049, 0.101779147983, 0.0577262304723, 0.116111330688, 0.168812677264, 0.124572090805, 0.121937401593, 0.148784846067, 0.11436008662, 0.123656757176, 0.145176723599, 0.108614459634, 0.124338537455]}, "tuning_equal_tempered_deviation": 0.0155915245414, "chords_changes_rate": 0.0521739125252, "key_key": "E", "tuning_diatonic_strength": 0.478023409843, "key_scale": "major", "chords_number_rate": 0.0032355915755, "tuning_frequency": 441.272583008, "tuning_nontempered_energy_ratio": 0.699589788914, "chords_histogram": [5.8240647316, 2.48736095428, 5.31850337982, 0.141557127237, 4.57027292252, 0, 0.0606673397124, 0, 1.6177957058, 1.4560161829, 0.202224463224, 0, 0, 0, 1.17290186882, 7.32052564621, 6.08695650101, 12.4974718094, 8.29120349884, 1.51668345928, 2.62891817093, 3.57937312126, 13.9130430222, 21.314458847], "key_strength": 0.662778019905, "chords_key": "C#", "chords_strength": {"dmean2": 0.0106292665005, "median": 0.519415974617, "min": -1, "dvar2": 0.000844466558192, "dvar": 0.000482131901663, "dmean": 0.0102703366429, "max": 0.790480911732, "var": 0.00959279574454, "mean": 0.514851093292}, "chords_scale": "minor", "hpcp_entropy": {"dmean2": 1.14874565601, "median": 1.98799479008, "min": 0, "dvar2": 0.873564302921, "dvar": 0.315008640289, "dmean": 0.675247907639, "max": 4.43575191498, "var": 0.548125445843, "mean": 1.94253981113}}, "metadata": {"audio_properties": {"equal_loudness": 0, "codec": "mp3", "downmix": "mix", "sample_rate": 44100, "analysis_sample_rate": 44100, "bit_rate": 320000, "md5_encoded": "36666bf8ffa4a0699e71803eb183db98", "length": 229.564086914, "replay_gain": -6.28059196472, "lossless": false}, "version": {"essentia_build_sha": "2d9f1f26377add8aeb1075a9c2973f962c4f09fd", "essentia": "2.1-beta2", "extractor": "music 1.0", "essentia_git_sha": "v2.1_beta2-1-ge3940c0"}, "tags": {"title": ["One Step Ahead"], "barcode": ["5011781343823"], "media": ["(CD)"], "albumartist": ["Nik Kershaw"], "language": ["eng"], "musicbrainz_recordingid": ["0378adc3-688e-4925-88c5-abcb553b502e"], "musicbrainz_albumartistid": ["6286e04b-7bc1-4f22-bca5-fdd34d1b0d93"], "discnumber": ["01/01"], "bpm": ["110"], "catalognumber": ["DMCF 3438"], "contentgroup": ["Pop"], "originalalbum": ["The Works"], "musicbrainz album type": ["Album"], "musicbrainz album status": ["Official"], "file_name": "01-01 One Step Ahead.mp3", "acoustid_fingerprint": ["AQADtGumKFEUTagcqUL6E9Z4aGKMi0T-F83BHM-DfB--laBq8DPuBt18UEcvDno2op7g4ykF8fhh9LiPMOgT9D183B_OBIdPokcfVfAj4XmQvkPlLDiPMA-LSdXwUEeY09DxDWGe4z5yMhE-KMp1hLpSvNnx0UJYaKKOMzR-NEGPXceh8ccZQytX7DmeQ38M58adWMh7sD-OnJmPX4GUo0n6Yz8eKtCuI8wuXBGD5k8QPoeO2BKPqk3hC3cu_EdLHrF4qA_CB07eFY8LX6jFschzaNLJIVKe4z14Dk2rYxLT40FJ5EbyXIObHHdm_MYf7GqOKzqudER46Mad42jSEu3z4upwR9DXIjf4yvgqoVcxJU7x6CiXLEeaJ4SfQ3uKezfyBT81dOExxcLj49_xICf0I8-O_7hrNB-m57hSfAryI8md4opyVCKap7g0vImQIxFzfASfr_gsJWj0Ynpw8cibQLfwI48xLptxNEcPXkmOq0BEQRY9XEd-wRVzfMelTMeFWGuK64bO5Yh14bBmRKeGS9CdIs9BhhnOFN3R5EdkCQ_MJYqQP_AsXD2-JGEWFUW-UhARzjfeERV5hN1m6ImIHO8x3wmaZ0F_PDpKI6yoQaeOnMF7VHRENKfxJTmyHX-hF89ynJySIkz6IcsL5cqOnCn6GM3xrCiZLhma8DjH4xbiJwwSPjgTYvKNH0-Of4TzI6eGhPexPk7wHRPJ46oEMm_QdKOOkDuUx1aRN0o2NCqu49lVnNGxRzizEuGZDhIbPWiOSQ6a8UTI_ELeHD2mlAoe5IwSVItFD6nCPJB0UJNyITyuJKjVBqkO5cvhqMuRP4Lf5ugToQgT3dgjOnizHrxGTM8D_zjkLigXhPrRVDqeHdPh4_CRxtlRX0YnjYcYFnqO07jkF_2JhvnQM_i2w8cl6TgdIcyWfEUvpREeHWUPPxJ6CbkoB7oSHl1vODxxPYbmk9iV4zluHeLDIzaPHs3oCV8u-DqCL8pxD78KecqM5yh1Io0y9Dpejfh34tGJnmj2hMKj52hYYXqJPpjyI38E3UKeTJg2ZWiOf2GCT3gScsgjHuph8siPP0OlRfLgDz5uvOgR0ZEIOUQkdcSPH-dxwb_wpsOPjFeRXLBRxuPwaCeYoNY03Dl-9IJ_fDHiZD2hHpnHH88yNJconMnx_jjj4GGNj7fw5eibo6lyZIceBbMaPEqiHRGFH_2EpspGcM2HRz5um4heEfpyPFRwxNo3_MWFX9vROELFGyfDDBenJcIkUWieInuOu4OW_whxk8S56cOUJkf5o-FFlDzy4UbTRLLgKkJICsevo-kxPXk0tHGGdzuy5cshhHqPm_gxa9Fhp9iPO0ePMHeORxd-4VniDSJz_CpKHvnRtfjBZrjmCr6QH7eOLkWzVMaPC71aXC_-gz_8QfOG5vqOdhfekBGag5FpXNGPhj8KnTG-WURs4SX2o1pED66OB2-ObxiP5hE-BuSk4zum48dhpTvCXsODfErxo9-MRk9RXYSdo2yGdoMjCzlE8SrC5ziZCv_RqDe6WBleBcl1_DnyzMNMcuiyMHCcC49xSiHyBsk-5TiFPxouksFxBa2ERu2Ri4IuRI-Cj_gj_GhiEmEz6CxOiRTyN0d_2Mnxw4evDuXCG9ce5MyhI2R4_MGP5hd6HU2d4znxHCE_KMr3Ir_A5zixVeHw8EIfhPmh72gPb7pCpB963ENVCTl19ClUBz1HwdKDq9CDyfbxBznl4sp0TM5xxYha-qh8MDd8L6jtQU-EppTRfkGYmDa6MDXuBo-ZxHCOZ8hF4XGgUwWvXIhbR2CUOUdzHD9K_XhU1NVxMRGJIxeS5UVVHb_wacWlHc_wIpsP3dGCLIw0Iu1x66ie4MOrWIIuES8Fs6oRewcv4Ux2xDj-KTk0TkeYOjgeNCGNrjma9BtCdnGC9_iCQ1K0ZMNzPLkCOcOPUk6hXlBO-NKhUSYaTsqLPlOFfC8aFz0znMvRqCzCT0Xto1m-QE8-nEeYJ-gZfHj64MVEhFEZFPaGN0XzlcGP4z361PB1ZCGOH_ccVHXBhDnO5LiM6EVzJyhz6NKFN6GR6sWPo2cPr1mFH1eFVhd-IydkdZNQSY2I9OjJouePMBEDOXnwsIdP4sfD41ISfdDCiuiFfEGtY6OSo4tEPuiZ4smH6HAcaMyeYX6aIBdcHwe7HO0SHumPB2KOsIuC_iysJkKPH1m6Qz_SPziLS3CLLjzyPtAN3hmDMM_h68FhRSJ65D5KSTqu4yOuvsE1fDlu4T_c8RLyEGZ8OA_afeB3OI1M5M7RG43-41eG_GieFlcH1-BwGuEbQU-Y48oOLTlqi6jCPsI_HVO5Qz-uI50S3NnR6YErNwgdQo_wB9Ge4S_yI7_QhEmO8MIjEY94_FEjvIazE_qgd1yEPmWCphJOZLxBcbyRN8J9Gfp4KHKmwOMcnG2CPkqFG0-GOz1EhZmKH3-Gyco8_ESPE7o8_DzexVD7oReRFyZNXLNxfLvguAIPn8cp6Al5WPmHPgFjHX6KKhOdCMeV48d1hBFTQ9p4bsgJPxf6SLgrXDoe47nwSZdwpF_xHOziQyd0Bg8T5eC-43g1NJSeYJJkyDguXvgUNEp8GaWEJtyqQLuS4j4eHe6GWAyL6z9G8Udzgbnx1IguHdqRnug_o_aIxsF_NAdhDCNCAJOQIcAoAhVESijHAAJCWKAEMFYIhSATiAKgFEAGMAKMEIIwgrBHAgrGnBAKIQSABMQIwYQRAhEqhACACIKBFIIIAgAEggohBAACEYOcFwYB4YAxBCmoJFAMCAaMcc4aAoRASgBhgFVGACENQIQQARQSiimhhDCIAUcNIYQIhgwAQRLGAGGEISScQAQiJIAwiQECmZQACYAEIIQhhAESQAhKCBHCACK9NIIRgqgQypqihEDEEggBUgYIIRARUBFBiAOAEUMEBEQAQoCgwiphKBIHAiQUAUAAQIAQiAh3CGEMLAqIEUgQAgBAAghKhCDCWAWsEEwIRgAyShEAgFHAEGgIAVYhYSACACkghDFAIKAIgwYBARJBokiBgNCKWW6MIFAMAAQ1TBgAFRFCOQAAYEAJIwQDABAlACIKEIoYEA4ARAxYwjAABCHCAIQIAQAAhAAhzFIDiAKEAEIMgBIAoQBTQhijFGOOMGeQBRYxQByihAAqACIQAIAEQwIggZACAnllkADGEESEBA8wSiSRRrAiDDGAKIKMAUwBQwwwgDghkFAKGYUEREgYIAgEFhghgCDMEKkUMMYBRohzADBjKFNAAASYF04SA5UAgAhghCAICqCIQQgZpggABAhWBABKAGGUYQYQ44QlihAiAGAACGGOAMRFYhQ0niomqAAUACAUEYA4hwxhAggmiFGASEMIEAAaKARxDCINBIBASEGcpAgARQQBgDEAEFeCCEuEAYIBRoQzIBlimADCIs2ABMYxQAQEgACiDQLAGYOAQoQKIwCCRgFliCICIEAkkIwJgRwCCAiCCFEAAA0NEEYCY6CQhgAAgEKCCUGJIMYQpJAAiAJCGCIACCGNIkAQAQQABBigkFSKMeCAAgQYRiiAABHFkFICGAE8EywRBQgDSgkAhCEAIUEcJgIJYAE"], "date": ["1989"], "genre": ["Rock"], "musicbrainz album release country": ["GB"], "album": ["The Works"], "musicbrainz_artistid": ["6286e04b-7bc1-4f22-bca5-fdd34d1b0d93"], "initialkey": ["E"], "artistwebpage": ["http://www.nikkershaw.net/"], "originaldate": ["1989"], "musicbrainz_albumid": ["62f631ca-a750-4b26-903d-1b2f23e42d70"], "artist": ["Nik Kershaw"], "artistsort": ["Kershaw, Nik"], "tracknumber": ["01/10"], "label": ["MCA Records"], "albumartistsort": ["Kershaw, Nik"], "acoustid_id": ["99ad9add-4bb9-40bd-9cdb-ef35697d0283"], "script": ["Latin"], "musicbrainz_releasegroupid": ["15e52783-4d2b-3f1f-8e1b-8fc8e38d3eb8"]}}, "rhythm": {"bpm_histogram_first_peak_bpm": {"dmean2": 0, "median": 110, "min": 110, "dvar2": 0, "dvar": 0, "dmean": 0, "max": 110, "var": 0, "mean": 110}, "bpm": 110.207466125, "bpm_histogram_second_peak_spread": {"dmean2": 0, "median": 0, "min": 0, "dvar2": 0, "dvar": 0, "dmean": 0, "max": 0, "var": 0, "mean": 0}, "bpm_histogram_first_peak_weight": {"dmean2": 0, "median": 0.725581407547, "min": 0.725581407547, "dvar2": 0, "dvar": 0, "dmean": 0, "max": 0.725581407547, "var": 0, "mean": 0.725581407547}, "onset_rate": 4.22518587112, "beats_position": [0.53405892849, 1.04489791393, 1.5673469305, 2.08979582787, 2.61224484444, 3.14630389214, 3.68036270142, 4.20281171799, 4.73687076569, 5.28253936768, 5.8282084465, 6.3622674942, 6.90793657303, 7.45360517502, 7.99927425385, 8.54494285583, 9.0906124115, 9.63628101349, 10.1819496155, 10.7276191711, 11.2732877731, 11.8189563751, 12.3530158997, 12.8986845016, 13.4443531036, 13.9900226593, 14.5356912613, 15.0813598633, 15.6270294189, 16.1726989746, 16.7183666229, 17.2640361786, 17.8097057343, 18.3553733826, 18.9010429382, 19.4467124939, 19.9923801422, 20.5264396667, 21.0721092224, 21.6177768707, 22.1634464264, 22.7091159821, 23.2547836304, 23.800453186, 24.3461227417, 24.89179039, 25.4258499146, 25.9715194702, 26.5171871185, 27.0628566742, 27.6085262299, 28.1541938782, 28.6998634338, 29.2455329895, 29.7912006378, 30.3368701935, 30.8825397491, 31.4282073975, 31.9738769531, 32.5079345703, 33.0652160645, 33.6108856201, 34.1565513611, 34.690612793, 35.2362823486, 35.7819480896, 36.3276176453, 36.8732872009, 37.4073448181, 37.9530143738, 38.4986839294, 39.0443534851, 39.5900230408, 40.1473007202, 40.6813583374, 41.2270278931, 41.7726974487, 42.3183670044, 42.8640365601, 43.4097061157, 43.9553718567, 44.5010414124, 45.046710968, 45.5923805237, 46.1380500793, 46.683719635, 47.229385376, 47.7750549316, 48.3207244873, 48.8547821045, 49.4004516602, 49.9461212158, 50.4917907715, 51.0374603271, 51.5831298828, 52.1287956238, 52.6628570557, 53.2085266113, 53.7541923523, 54.299861908, 54.8455314636, 55.3912010193, 55.936870575, 56.4825401306, 57.0282058716, 57.5738754272, 58.1195449829, 58.6652145386, 59.2108840942, 59.7449417114, 60.2906112671, 60.8362808228, 61.3935585022, 61.9276161194, 62.473285675, 63.0189552307, 63.5646247864, 64.1102905273, 64.6443557739, 65.1900177002, 65.7356872559, 66.29296875, 66.8270263672, 67.3726959229, 67.9183654785, 68.4640350342, 69.0097045898, 69.5553741455, 70.1010437012, 70.6467132568, 71.1923828125, 71.7264404297, 72.2837142944, 72.8293838501, 73.3750534058, 73.9207229614, 74.4663925171, 75.0004501343, 75.5461196899, 76.0917892456, 76.6374588013, 77.1831283569, 77.7287979126, 78.2744674683, 78.8085250854, 79.3541946411, 79.8998641968, 80.4455337524, 80.9912033081, 81.5368728638, 82.08253479, 82.6282043457, 83.1738739014, 83.719543457, 84.2652130127, 84.8108825684, 85.356552124, 85.8906097412, 86.4362792969, 86.9819488525, 87.5276184082, 88.0732879639, 88.6189575195, 89.1646270752, 89.7102966309, 90.2559585571, 90.7900238037, 91.3356933594, 91.8813552856, 92.4386367798, 92.972694397, 93.5183639526, 94.0640335083, 94.609703064, 95.1553726196, 95.7010421753, 96.246711731, 96.7923812866, 97.3380508423, 97.8721084595, 98.4293823242, 98.9750518799, 99.5207214355, 100.054779053, 100.600448608, 101.146118164, 101.69178772, 102.237457275, 102.783126831, 103.328796387, 103.862854004, 104.40852356, 104.954193115, 105.499862671, 106.045532227, 106.591201782, 107.136871338, 107.682540894, 108.22820282, 108.773872375, 109.319541931, 109.865211487, 110.410881042, 110.94493866, 111.502220154, 112.036277771, 112.581947327, 113.127616882, 113.684898376, 114.218955994, 114.764625549, 115.310295105, 115.855964661, 116.401634216, 116.935691833, 117.481361389, 118.027030945, 118.572692871, 119.118362427, 119.675643921, 120.209701538, 120.755371094, 121.301040649, 121.846710205, 122.392379761, 122.938049316, 123.483718872, 124.029388428, 124.575057983, 125.109115601, 125.654785156, 126.200454712, 126.746116638, 127.291786194, 127.83745575, 128.383132935, 128.92880249, 129.474472046, 130.008529663, 130.554199219, 131.099868774, 131.65713501, 132.191192627, 132.736862183, 133.282531738, 133.828201294, 134.37387085, 134.919540405, 135.465209961, 136.010879517, 136.556549072, 137.090606689, 137.647888184, 138.181945801, 138.727615356, 139.273284912, 139.830566406, 140.364624023, 140.910293579, 141.455963135, 142.00163269, 142.547302246, 143.092971802, 143.638641357, 144.184310913, 144.729980469, 145.264038086, 145.809707642, 146.355377197, 146.901046753, 147.446716309, 147.992385864, 148.538040161, 149.083709717, 149.629379272, 150.175048828, 150.720718384, 151.266387939, 151.812057495, 152.346115112, 152.903396606, 153.437454224, 153.983123779, 154.528793335, 155.062850952, 155.620132446, 156.165802002, 156.711471558, 157.245529175, 157.79119873, 158.336868286, 158.882537842, 159.428207397, 159.973876953, 160.519546509, 161.065216064, 161.61088562, 162.156555176, 162.702224731, 163.247894287, 163.793563843, 164.339233398, 164.884887695, 165.430557251, 165.976226807, 166.510284424, 167.055953979, 167.601623535, 168.147293091, 168.692962646, 169.238632202, 169.784301758, 170.318359375, 170.864028931, 171.409698486, 171.955368042, 172.501037598, 173.046707153, 173.592376709, 174.138046265, 174.68371582, 175.229385376, 175.775054932, 176.320724487, 176.866394043, 177.412063599, 177.957733154, 178.50340271, 179.049072266, 179.583129883, 180.128799438, 180.674468994, 181.22013855, 181.765808105, 182.311477661, 182.857131958, 183.402801514, 183.948471069, 184.482528687, 185.039810181, 185.573867798, 186.131149292, 186.665206909, 187.210876465, 187.756546021, 188.302215576, 188.847885132, 189.393554688, 189.939224243, 190.484893799, 191.030563354, 191.564620972, 192.121902466, 192.655960083, 193.201629639, 193.747299194, 194.29296875, 194.838638306, 195.384307861, 195.929977417, 196.475646973, 197.021316528, 197.555374146, 198.101043701, 198.646713257, 199.192382813, 199.738052368, 200.283721924, 200.829391479, 201.375045776, 201.920715332, 202.454788208, 203.012054443, 203.557723999, 204.103393555, 204.64906311, 205.194732666, 205.728790283, 206.274459839, 206.820129395, 207.36579895, 207.911468506, 208.457138062, 209.002807617, 209.548477173, 210.094146729, 210.628204346, 211.173873901, 211.719543457, 212.276824951, 212.810882568, 213.356552124, 213.90222168, 214.459503174, 215.028381348, 215.481170654, 215.910751343, 216.340316772, 216.781494141, 217.141403198, 217.489700317, 217.837997437, 218.197906494, 218.546203613, 218.894515991, 219.24281311, 219.591110229, 219.939407349, 220.287704468, 220.647613525, 220.995910645, 221.355819702, 221.727340698, 222.098861694, 222.47038269, 222.911560059, 223.341125488, 223.770706177, 224.200271606, 224.583404541, 224.954910278, 225.326431274, 225.697952271, 226.092697144, 226.487426758, 226.893783569, 227.300125122, 227.706481934, 228.112823486, 228.519180298, 228.925521851], "beats_loudness": {"dmean2": 0.0276167336851, "median": 0.0444287210703, "min": 4.08450233635e-08, "dvar2": 0.000467958161607, "dvar": 0.000163478092873, "dmean": 0.0154538527131, "max": 0.100905127823, "var": 0.000383710546885, "mean": 0.043483145535}, "danceability": 1.28483533859, "bpm_histogram_second_peak_weight": {"dmean2": 0, "median": 0.0209302324802, "min": 0.0209302324802, "dvar2": 0, "dvar": 0, "dmean": 0, "max": 0.0209302324802, "var": 0, "mean": 0.0209302324802}, "beats_count": 431, "bpm_histogram_second_peak_bpm": {"dmean2": 0, "median": 172, "min": 172, "dvar2": 0, "dvar": 0, "dmean": 0, "max": 172, "var": 0, "mean": 172}, "bpm_histogram_first_peak_spread": {"dmean2": 0, "median": 0.195876270533, "min": 0.195876270533, "dvar2": 0, "dvar": 0, "dmean": 0, "max": 0.195876270533, "var": 0, "mean": 0.195876270533}, "beats_loudness_band_ratio": {"dmean2": [0.489844113588, 0.261004716158, 0.214839711785, 0.095379434526, 0.0580278635025, 0.22997790575], "median": [0.355611503124, 0.180907189846, 0.146948754787, 0.0517467670143, 0.0476473271847, 0.132444262505], "min": [0.00369827542454, 2.33860355365e-05, 2.27146610996e-05, 9.85957231023e-05, 8.08622862678e-05, 0.000159791277838], "dvar2": [0.0817209258676, 0.026656428352, 0.0288813505322, 0.0146282156929, 0.00169873214327, 0.0340627133846], "dvar": [0.0248906575143, 0.00822694227099, 0.010067846626, 0.00492167379707, 0.000576124410145, 0.0100263217464], "dmean": [0.252739578485, 0.136151582003, 0.120087072253, 0.0538890101016, 0.0320865288377, 0.120836406946], "max": [0.997039914131, 0.69384509325, 0.77842015028, 0.702537834644, 0.194078415632, 0.896987736225], "var": [0.0485575608909, 0.0129369264469, 0.0141322445124, 0.00503396755084, 0.00116152653936, 0.0126127880067], "mean": [0.413799911737, 0.189592540264, 0.167114719748, 0.0710569620132, 0.049176659435, 0.155211478472]}}, "lowlevel": {"barkbands_spread": {"dmean2": 12.6556110382, "median": 23.150062561, "min": 0.333086282015, "dvar2": 239.590942383, "dvar": 116.567184448, "dmean": 8.35922145844, "max": 140.488677979, "var": 351.241241455, "mean": 27.3262481689}, "melbands_spread": {"dmean2": 13.8460178375, "median": 22.0935134888, "min": 0.367640972137, "dvar2": 401.081573486, "dvar": 182.964981079, "dmean": 8.62147426605, "max": 252.555770874, "var": 472.105285645, "mean": 26.002456665}, "hfc": {"dmean2": 31.9810657501, "median": 17.8757286072, "min": 1.12619488964e-16, "dvar2": 4540.84667969, "dvar": 1965.88464355, "dmean": 21.0279083252, "max": 410.184936523, "var": 2395.91308594, "mean": 33.8085403442}, "barkbands_kurtosis": {"dmean2": 5.56111812592, "median": 1.57911038399, "min": -1.89217555523, "dvar2": 263.236053467, "dvar": 105.335548401, "dmean": 3.4584043026, "max": 399.27154541, "var": 811.47454834, "mean": 7.28483295441}, "gfcc": {"mean": [4.5007019043, 63.4616508484, -99.7220077515, 18.9989795685, -62.9516830444, 4.00621080399, -32.7824020386, 3.90034842491, -22.4216861725, -0.728618860245, -17.0467586517, -2.2719950676, -16.7988548279], "icov": [[6.43653111183e-05, 5.11129910592e-05, 6.42397208139e-05, -5.6436550949e-05, 2.31651538343e-05, -6.38034325675e-05, 4.5468143071e-05, -6.7845940066e-05, 6.67270942358e-05, 1.12328953037e-05, -4.99804991705e-05, 0.000118191957881, 7.41658095649e-06], [5.11129910592e-05, 0.000717848073691, 0.000222058690269, -0.000532756617758, -8.10413403087e-05, 0.000277565559372, -0.000404553546105, 4.37022499682e-05, -1.96328201127e-05, 0.000649024674203, -0.000713067653123, 0.000185081793461, 0.000196213615709], [6.42397208139e-05, 0.000222058690269, 0.00129328668118, -0.000380436395062, -0.00128211139236, 0.000641145859845, -0.000196930792299, -0.000357270619133, 3.68215296476e-05, 5.82116772421e-05, -0.000255826802459, -0.000397776981117, 0.000384488725103], [-5.6436550949e-05, -0.000532756617758, -0.000380436395062, 0.00320205790922, -0.000351324502844, -0.000979818636551, 0.000491938088089, 0.000220780377276, -0.000913835130632, -0.000388201558962, 0.000598162878305, -0.000856526137795, 4.37553426309e-05], [2.31651538343e-05, -8.10413403087e-05, -0.00128211139236, -0.000351324502844, 0.00552783161402, -0.000517170527019, -0.0025033603888, 0.000267677591182, -0.000952973554377, -0.000201729490072, -0.00104321888648, 0.00124255148694, -0.00150542974006], [-6.38034325675e-05, 0.000277565559372, 0.000641145859845, -0.000979818636551, -0.000517170527019, 0.00623778626323, -0.00184456736315, -0.00195745727979, 0.0019492211286, -0.00296075432561, 0.000580212625209, -0.000177447553142, 0.000201337825274], [4.5468143071e-05, -0.000404553546105, -0.000196930792299, 0.000491938088089, -0.0025033603888, -0.00184456736315, 0.00908906385303, -0.00216739019379, -0.000407964951592, 0.00199176068418, -0.00198685191572, 0.000429122330388, 0.000500388850924], [-6.7845940066e-05, 4.37022499682e-05, -0.000357270619133, 0.000220780377276, 0.000267677591182, -0.00195745727979, -0.00216739019379, 0.0131629686803, -0.00429262965918, -0.00193957204465, 0.00263926503249, -0.00191399874166, 0.000138247763971], [6.67270942358e-05, -1.96328201127e-05, 3.68215296476e-05, -0.000913835130632, -0.000952973554377, 0.0019492211286, -0.000407964951592, -0.00429262965918, 0.0133738983423, -0.00402217684314, 0.00113072397653, 0.00308561976999, -0.00315279210918], [1.12328953037e-05, 0.000649024674203, 5.82116772421e-05, -0.000388201558962, -0.000201729490072, -0.00296075432561, 0.00199176068418, -0.00193957204465, -0.00402217684314, 0.0184975005686, -0.00727949850261, 0.00150325254072, 0.00140637264121], [-4.99804991705e-05, -0.000713067653123, -0.000255826802459, 0.000598162878305, -0.00104321888648, 0.000580212625209, -0.00198685191572, 0.00263926503249, 0.00113072397653, -0.00727949850261, 0.019698144868, -0.00756182195619, 0.00121371680871], [0.000118191957881, 0.000185081793461, -0.000397776981117, -0.000856526137795, 0.00124255148694, -0.000177447553142, 0.000429122330388, -0.00191399874166, 0.00308561976999, 0.00150325254072, -0.00756182195619, 0.0210878252983, -0.00862567778677], [7.41658095649e-06, 0.000196213615709, 0.000384488725103, 4.37553426309e-05, -0.00150542974006, 0.000201337825274, 0.000500388850924, 0.000138247763971, -0.00315279210918, 0.00140637264121, 0.00121371680871, -0.00862567778677, 0.0210189707577]], "cov": [[19448.2226563, -1446.89111328, -1615.04162598, -42.2493438721, -625.034484863, 384.417297363, -315.013824463, 47.3091506958, -147.561584473, 76.3183898926, -115.963562012, -136.503585815, -81.5469055176], [-1446.89111328, 1903.44677734, -22.0311164856, 253.670120239, 99.2409820557, -60.1831245422, 113.061584473, -26.3169021606, 11.4684028625, -57.5613441467, 62.6138496399, 13.1328115463, -4.87201929092], [-1615.04162598, -22.0311164856, 1410.31323242, 160.491012573, 430.548553467, -53.6187400818, 158.922164917, 57.911441803, 75.3889160156, 19.6959381104, 56.506111145, 35.9264373779, 23.3003463745], [-42.2493438721, 253.670120239, 160.491012573, 409.198760986, 96.7696151733, 58.6186714172, 36.1542396545, 24.2802753448, 38.907043457, 19.9072742462, 12.9183187485, 15.2031202316, 9.20524787903], [-625.034484863, 99.2409820557, 430.548553467, 96.7696151733, 375.298858643, 33.0057792664, 135.857467651, 40.1440353394, 54.3359336853, 21.0248947144, 37.7590103149, 6.64085817337, 21.5705871582], [384.417297363, -60.1831245422, -53.6187400818, 58.6186714172, 33.0057792664, 234.723373413, 51.0760269165, 47.0505599976, -1.71282303333, 43.0355186462, 6.70266103745, 1.32022535801, -3.10653471947], [-315.013824463, 113.061584473, 158.922164917, 36.1542396545, 135.857467651, 51.0760269165, 180.442260742, 40.4898147583, 23.9945678711, 5.19993638992, 24.7048454285, 4.44476079941, 4.40121555328], [47.3091506958, -26.3169021606, 57.911441803, 24.2802753448, 40.1440353394, 47.0505599976, 40.4898147583, 108.198577881, 41.2344093323, 23.0244083405, -3.79032564163, 2.37070083618, 5.70428419113], [-147.561584473, 11.4684028625, 75.3889160156, 38.907043457, 54.3359336853, -1.71282303333, 23.9945678711, 41.2344093323, 108.890838623, 25.1626625061, -1.69961130619, -9.49681282043, 12.4012098312], [76.3183898926, -57.5613441467, 19.6959381104, 19.9072742462, 21.0248947144, 43.0355186462, 5.19993638992, 23.0244083405, 25.1626625061, 80.2051773071, 23.6295776367, 0.731343209743, -1.72943162918], [-115.963562012, 62.6138496399, 56.506111145, 12.9183187485, 37.7590103149, 6.70266103745, 24.7048454285, -3.79032564163, -1.69961130619, 23.6295776367, 76.7128219604, 26.892988205, 5.24341869354], [-136.503585815, 13.1328115463, 35.9264373779, 15.2031202316, 6.64085817337, 1.32022535801, 4.44476079941, 2.37070083618, -9.49681282043, 0.731343209743, 26.892988205, 70.5178451538, 25.4908027649], [-81.5469055176, -4.87201929092, 23.3003463745, 9.20524787903, 21.5705871582, -3.10653471947, 4.40121555328, 5.70428419113, 12.4012098312, -1.72943162918, 5.24341869354, 25.4908027649, 60.7712402344]]}, "spectral_energyband_middle_low": {"dmean2": 0.00759060773998, "median": 0.00989854708314, "min": 1.93563999383e-22, "dvar2": 0.000104144361103, "dvar": 4.30801192124e-05, "dmean": 0.00486603099853, "max": 0.0852924883366, "var": 9.64667633525e-05, "mean": 0.0120014185086}, "melbands_crest": {"dmean2": 5.38525247574, "median": 11.239900589, "min": 1.54487383366, "dvar2": 26.9299259186, "dvar": 10.1723556519, "dmean": 3.25932073593, "max": 39.9116973877, "var": 29.6846942902, "mean": 12.5882520676}, "spectral_kurtosis": {"dmean2": 1.89255940914, "median": 3.07493162155, "min": -1.2376884222, "dvar2": 9.87081241608, "dvar": 3.76205849648, "dmean": 1.16500735283, "max": 75.9160690308, "var": 18.3761749268, "mean": 4.08455038071}, "spectral_rms": {"dmean2": 0.00160539953504, "median": 0.00436450820416, "min": 3.22054622554e-12, "dvar2": 5.64278388993e-06, "dvar": 2.29681540986e-06, "dmean": 0.00103759905323, "max": 0.0151639049873, "var": 4.64023878521e-06, "mean": 0.00451655033976}, "zerocrossingrate": {"dmean2": 0.0227568894625, "median": 0.07275390625, "min": 0, "dvar2": 0.000873876560945, "dvar": 0.000731680367608, "dmean": 0.0203292816877, "max": 0.5380859375, "var": 0.00413614977151, "mean": 0.0881604924798}, "silence_rate_60dB": {"dmean2": 0.0400566458702, "median": 0, "min": 0, "dvar2": 0.0423015579581, "dvar": 0.0196242034435, "dmean": 0.0200262963772, "max": 1, "var": 0.0699324980378, "mean": 0.0756472498178}, "erbbands_kurtosis": {"dmean2": 1.52648079395, "median": -0.188004568219, "min": -1.79144120216, "dvar2": 6.1489944458, "dvar": 2.81373286247, "dmean": 0.976847231388, "max": 87.5478134155, "var": 13.0440168381, "mean": 0.775592923164}, "erbbands": {"dmean2": [0.141625225544, 2.11966967583, 5.57318592072, 5.15320396423, 7.91752243042, 8.18983459473, 10.2285194397, 13.2199201584, 16.7518615723, 37.1149559021, 48.1450614929, 53.2592926025, 27.0061321259, 24.4705848694, 21.8665237427, 22.5592079163, 30.2690830231, 22.8757514954, 19.9792041779, 17.7179851532, 16.1400604248, 20.692358017, 23.7630825043, 19.2853221893, 14.7238931656, 16.3713054657, 14.481803894, 13.1537694931, 13.7801179886, 11.1047849655, 7.87520933151, 6.78402614594, 3.7680618763, 2.82510042191, 1.92224955559, 1.48318004608, 0.517267286777, 0.237828165293, 0.0933514460921, 0.00977211352438], "median": [0.0204315558076, 0.266407638788, 0.919349074364, 3.12494373322, 3.96992015839, 4.91167259216, 6.95773983002, 7.82769203186, 8.07378578186, 13.3025255203, 19.0370597839, 14.8875770569, 12.6467819214, 11.159491539, 11.4378376007, 10.9747409821, 11.3466796875, 9.45018005371, 9.2232427597, 8.08373260498, 7.92963790894, 9.0286026001, 9.63048362732, 7.59629917145, 8.76965904236, 8.53221511841, 5.80653762817, 4.38719081879, 4.97249937057, 4.51811504364, 2.91871285439, 1.87026619911, 1.01720583439, 0.479198276997, 0.232868418097, 0.107542790473, 0.0267824605107, 0.0052748308517, 0.000534299470019, 6.06241155765e-05], "min": [1.16657987598e-22, 6.31755759715e-22, 5.2067776269e-21, 6.78696118824e-21, 1.52572736971e-20, 3.28204135181e-20, 6.31480859486e-20, 6.04617199741e-20, 1.45133284568e-19, 1.89681936563e-19, 1.35973551754e-19, 4.38362711261e-19, 6.69185806833e-19, 1.11326878222e-18, 6.85879552365e-19, 1.30741696418e-18, 1.70090791895e-18, 2.95784422169e-18, 2.93965762195e-18, 2.71089193135e-18, 4.19803508012e-18, 5.6167883834e-18, 6.48208796012e-18, 6.32958687444e-18, 9.88078739505e-18, 1.10837065291e-17, 1.12823324465e-17, 1.14431710991e-17, 1.11448029163e-17, 1.31151851857e-17, 1.24976204122e-17, 1.42984786325e-17, 1.16138333487e-17, 9.45167173586e-18, 7.12295317073e-18, 5.10692459358e-18, 2.85829034663e-18, 1.07066422439e-18, 2.8890024771e-19, 2.93584687841e-20], "dvar2": [0.156801953912, 49.3218383789, 339.58480835, 87.1972961426, 245.621887207, 182.306915283, 284.800262451, 526.792236328, 1061.24023438, 5876.30664063, 9182.04296875, 24348.3730469, 3785.70898438, 3383.89013672, 1755.75842285, 2571.37402344, 5764.94824219, 2725.4362793, 1546.55615234, 946.791442871, 1017.28112793, 1661.62780762, 2341.98510742, 1657.82312012, 1226.4564209, 1022.50634766, 1184.58483887, 985.943847656, 1513.49023438, 738.598449707, 355.061431885, 223.971328735, 74.6687774658, 37.6019020081, 17.1357879639, 12.0990133286, 1.45516085625, 0.352700263262, 0.0578879006207, 0.000667216663714], "dvar": [0.053147200495, 17.1500473022, 118.858474731, 31.3647689819, 92.6949310303, 72.5844345093, 119.702728271, 209.904541016, 418.035888672, 2278.82421875, 3642.72851563, 9459.91699219, 1594.59069824, 1260.10534668, 717.100585938, 994.002807617, 2223.69311523, 1039.4543457, 575.656005859, 354.805145264, 378.803863525, 618.012512207, 861.940734863, 610.369934082, 481.268432617, 417.107208252, 462.263946533, 391.309173584, 570.344360352, 300.564819336, 160.048950195, 102.690910339, 32.7228393555, 15.8671016693, 8.09640216827, 5.14821386337, 0.635098278522, 0.146230220795, 0.024168394506, 0.00027343101101], "dmean": [0.0800578594208, 1.17385196686, 3.10217046738, 3.10273861885, 4.79386281967, 5.16917991638, 6.53893947601, 8.29813575745, 10.4307689667, 22.3056545258, 29.9699192047, 33.2873420715, 17.310131073, 15.0228157043, 13.8368530273, 14.0619535446, 18.848110199, 14.1299715042, 12.2871198654, 10.6154079437, 9.602850914, 12.0517177582, 13.7907133102, 11.2690544128, 9.26611614227, 10.1728277206, 8.83797931671, 8.06581306458, 8.36592388153, 7.19111347198, 5.31428909302, 4.53777647018, 2.53523945808, 1.82556223869, 1.31181120872, 0.985665142536, 0.33773881197, 0.148484006524, 0.0576598383486, 0.00589131936431], "max": [2.43719673157, 37.1816520691, 106.17212677, 87.1733322144, 141.762084961, 163.518966675, 336.645690918, 344.706085205, 559.400085449, 741.141540527, 1263.72412109, 1997.39245605, 1169.05749512, 1057.30493164, 1026.70898438, 838.525085449, 1575.15527344, 1092.43908691, 457.50769043, 379.867523193, 752.362792969, 586.355224609, 449.190155029, 275.256896973, 1069.26208496, 268.47756958, 243.572341919, 195.587371826, 259.79208374, 181.310836792, 286.906005859, 194.401672363, 164.678649902, 73.7325134277, 47.3885803223, 20.5101947784, 10.899438858, 3.86310386658, 1.59608161449, 0.153236478567], "var": [0.0424014218152, 11.1534090042, 73.3939666748, 46.341960907, 104.845954895, 128.685623169, 239.621963501, 457.008148193, 964.903198242, 2822.81420898, 6798.32763672, 14978.8623047, 3319.61791992, 1881.2265625, 1583.28869629, 1730.75793457, 3832.88989258, 2447.45336914, 1052.1895752, 621.269042969, 502.911560059, 643.888671875, 829.544372559, 654.082092285, 624.765930176, 566.675292969, 538.1640625, 422.778381348, 543.233398438, 382.767242432, 325.114562988, 192.453048706, 88.7002716064, 31.1363372803, 14.0132865906, 5.99412155151, 0.858227789402, 0.142714485526, 0.0212900545448, 0.000224971532589], "mean": [0.0842376053333, 1.03492093086, 2.99835538864, 5.198179245, 7.0683631897, 8.48769378662, 11.5748348236, 14.9126672745, 18.4703884125, 30.6436805725, 47.4418945313, 52.0789070129, 29.7907466888, 23.5761489868, 23.9667358398, 23.8148975372, 31.0866355896, 24.9151592255, 20.616563797, 16.8688526154, 14.9664869308, 17.1087322235, 18.8272190094, 15.9341802597, 16.5321292877, 16.2713794708, 13.4650220871, 11.0772228241, 11.7784061432, 11.0444660187, 8.74388504028, 6.87589120865, 4.04174089432, 2.48167538643, 1.71505093575, 1.08891761303, 0.375209599733, 0.136991411448, 0.0470867864788, 0.00450445851311]}, "spectral_strongpeak": {"dmean2": 0.880089342594, "median": 0.554391443729, "min": 0, "dvar2": 1.52012383938, "dvar": 0.61776304245, "dmean": 0.527805685997, "max": 17.0505580902, "var": 1.12625610828, "mean": 0.956299543381}, "spectral_energy": {"dmean2": 0.0209559798241, "median": 0.0195251516998, "min": 1.06312160382e-20, "dvar2": 0.00173262157477, "dvar": 0.000646684435196, "dmean": 0.0128372320905, "max": 0.235692620277, "var": 0.000671145389788, "mean": 0.0256654247642}, "average_loudness": 0.92132049799, "spectral_rolloff": {"dmean2": 1607.8692627, "median": 1313.52539063, "min": 21.533203125, "dvar2": 7804538, "dvar": 3838066.25, "dmean": 999.153564453, "max": 19121.484375, "var": 8038901, "mean": 2260.51123047}, "spectral_centroid": {"dmean2": 457.72454834, "median": 1371.05078125, "min": 138.402618408, "dvar2": 285103.21875, "dvar": 125314.328125, "dmean": 288.154907227, "max": 11568.3554688, "var": 600960.4375, "mean": 1430.96813965}, "pitch_salience": {"dmean2": 0.122123852372, "median": 0.59541195631, "min": 0.00716581381857, "dvar2": 0.0147507963702, "dvar": 0.00546010117978, "dmean": 0.0739067345858, "max": 0.999099671841, "var": 0.0141370613128, "mean": 0.579258024693}, "spectral_energyband_middle_high": {"dmean2": 0.00301782810129, "median": 0.00327285472304, "min": 1.30612030768e-21, "dvar2": 2.30292826018e-05, "dvar": 9.19210015127e-06, "dmean": 0.00190252484754, "max": 0.047355864197, "var": 2.31182802963e-05, "mean": 0.00470768939704}, "spectral_contrast_coeffs": {"dmean2": [0.0812917053699, 0.082587428391, 0.0645909160376, 0.0501186922193, 0.0348181426525, 0.0294722225517], "median": [-0.635191261768, -0.722168445587, -0.753878593445, -0.77360367775, -0.792001008987, -0.758944511414], "min": [-0.973073422909, -0.997641980648, -0.996359348297, -0.997307002544, -0.983006775379, -0.96514570713], "dvar2": [0.00465533509851, 0.00452614855021, 0.00278086378239, 0.00162409362383, 0.000809953780845, 0.000718067807611], "dvar": [0.00193743582349, 0.00177064712625, 0.00113467522897, 0.000678005628288, 0.000335900695063, 0.000314781384077], "dmean": [0.0508533343673, 0.050421513617, 0.0404754504561, 0.0316487364471, 0.0214185919613, 0.018655192107], "max": [-0.282740741968, -0.382653534412, -0.475891858339, -0.540064573288, -0.630852043629, -0.598928034306], "var": [0.00783628318459, 0.00595299294218, 0.00520717399195, 0.00390327372588, 0.00185845780652, 0.00190806027967], "mean": [-0.62580126524, -0.717924833298, -0.750846683979, -0.772496163845, -0.792466640472, -0.765012800694]}, "melbands_skewness": {"dmean2": 1.20980238914, "median": 2.27497291565, "min": -0.832444250584, "dvar2": 3.03175139427, "dvar": 1.1766217947, "dmean": 0.751353800297, "max": 26.6716556549, "var": 3.4790251255, "mean": 2.61008286476}, "spectral_spread": {"dmean2": 1045640.1875, "median": 5184784, "min": 1199998, "dvar2": 1933095206910.0, "dvar": 1112226398210.0, "dmean": 775639.0625, "max": 42053492, "var": 5944005623810.0, "mean": 5700472.5}, "dissonance": {"dmean2": 0.0314699970186, "median": 0.469435483217, "min": 0.252131283283, "dvar2": 0.000822491419967, "dvar": 0.000313741387799, "dmean": 0.0189498662949, "max": 0.500000119209, "var": 0.000789315789007, "mean": 0.462782591581}, "spectral_skewness": {"dmean2": 0.28002473712, "median": 1.41481733322, "min": -0.0628846660256, "dvar2": 0.100938476622, "dvar": 0.0434608086944, "dmean": 0.178523853421, "max": 7.20105314255, "var": 0.363993316889, "mean": 1.5175921917}, "spectral_flux": {"dmean2": 0.048521976918, "median": 0.0723584890366, "min": 6.75888719992e-11, "dvar2": 0.0042449044995, "dvar": 0.00212064245716, "dmean": 0.0309300106019, "max": 0.434770077467, "var": 0.00381461554207, "mean": 0.0857091993093}, "spectral_contrast_valleys": {"dmean2": [0.792262911797, 0.629761338234, 0.572299778461, 0.509587287903, 0.470290154219, 0.46904411912], "median": [-7.16683912277, -6.48613929749, -7.25822401047, -7.70951652527, -7.35860347748, -9.66085243225], "min": [-28.0562553406, -27.9218063354, -27.6101646423, -27.5310821533, -27.5401630402, -27.3156528473], "dvar2": [0.601760387421, 0.316771507263, 0.300672113895, 0.274819195271, 0.376623988152, 0.372449815273], "dvar": [0.344945997, 0.150391235948, 0.144658952951, 0.139350146055, 0.183816254139, 0.223042160273], "dmean": [0.532254219055, 0.393489837646, 0.369842946529, 0.339716106653, 0.321764349937, 0.368736416101], "max": [-5.27904033661, -4.66280841827, -4.86904811859, -5.86929321289, -5.45477056503, -7.39302158356], "var": [2.59824085236, 2.21092534065, 2.30959391594, 2.39981818199, 2.4554810524, 2.58152508736], "mean": [-7.64460372925, -6.75054931641, -7.52888298035, -8.01917743683, -7.64217042923, -9.91099834442]}, "erbbands_flatness_db": {"dmean2": 0.0280618481338, "median": 0.126539170742, "min": 0.0241243503988, "dvar2": 0.000767425692175, "dvar": 0.000450767285656, "dmean": 0.020817970857, "max": 0.336970925331, "var": 0.00229198788293, "mean": 0.130435362458}, "spectral_energyband_high": {"dmean2": 0.00222981278785, "median": 0.000706166902091, "min": 7.5027866498e-21, "dvar2": 2.51184301305e-05, "dvar": 1.10460960059e-05, "dmean": 0.00149580498692, "max": 0.0365165695548, "var": 1.48030358105e-05, "mean": 0.00214554509148}, "spectral_entropy": {"dmean2": 0.246390298009, "median": 7.804911136