{"tonal": {"thpcp": [1, 0.666395664215, 0.169573098421, 0.114622190595, 0.11733867228, 0.10457058996, 0.111486904323, 0.126971170306, 0.151982039213, 0.249518662691, 0.300308078527, 0.251694560051, 0.225233405828, 0.214580833912, 0.229804649949, 0.33286973834, 0.323392480612, 0.180563017726, 0.124584972858, 0.15496148169, 0.197861582041, 0.291438817978, 0.30133202672, 0.221257343888, 0.350811868906, 0.385469317436, 0.184496164322, 0.0771787986159, 0.0680107697845, 0.0972998738289, 0.239455133677, 0.301813423634, 0.185662761331, 0.107801824808, 0.0927797406912, 0.495108932257], "hpcp": {"dmean2": [0.254475265741, 0.253737598658, 0.271620303392, 0.287076562643, 0.239283561707, 0.17862701416, 0.145721703768, 0.16241581738, 0.205080166459, 0.242623865604, 0.217408776283, 0.200873047113, 0.221241354942, 0.205069303513, 0.153071671724, 0.0958119034767, 0.0840557441115, 0.108526289463, 0.1813480407, 0.206509441137, 0.170225128531, 0.133172854781, 0.11526349932, 0.313550084829, 0.526120841503, 0.338110238314, 0.158612325788, 0.111415751278, 0.102916456759, 0.114734701812, 0.13423101604, 0.153882279992, 0.180652350187, 0.227511778474, 0.254243075848, 0.264428406954], "median": [0.00829205475748, 0.00747009878978, 0.0143077094108, 0.0335196964443, 0.0333983227611, 0.0156327486038, 0.00599262723699, 0.00491436338052, 0.0100849680603, 0.0303297378123, 0.0316872894764, 0.0313483774662, 0.0465959459543, 0.0482062958181, 0.0196580458432, 0.00424705957994, 0.00390038499609, 0.00754341203719, 0.0204652603716, 0.0265607777983, 0.0188726857305, 0.00703229894862, 0.00582633400336, 0.120479382575, 0.319205105305, 0.255072832108, 0.0154521325603, 0.00467214174569, 0.00370394042693, 0.00431883661076, 0.00611067423597, 0.00663042580709, 0.00983395893127, 0.0192715786397, 0.0237587019801, 0.0156837590039], "min": [0, 0, 0, 0, 0, 0, 0, 0, 0, 0, 0, 0, 0, 0, 0, 0, 0, 0, 0, 0, 0, 0, 0, 0, 0, 0, 0, 0, 0, 0, 0, 0, 0, 0, 0, 0], "dvar2": [0.162729740143, 0.173758119345, 0.181070953608, 0.174565181136, 0.133225619793, 0.108896836638, 0.0938585177064, 0.0946307182312, 0.109443470836, 0.12353181839, 0.101892404258, 0.10361019522, 0.106385111809, 0.0960434898734, 0.0811467990279, 0.0517181530595, 0.0422561615705, 0.0515819936991, 0.0908119529486, 0.104734264314, 0.0795934945345, 0.0575667992234, 0.0493649952114, 0.110799200833, 0.299293667078, 0.106467574835, 0.0748960673809, 0.0600553192198, 0.048951331526, 0.0595536902547, 0.0802445113659, 0.107393719256, 0.123012594879, 0.142701610923, 0.152338802814, 0.166394308209], "dvar": [0.0616045705974, 0.0646699815989, 0.0662328973413, 0.0664422363043, 0.0506732277572, 0.0386354140937, 0.0344904921949, 0.0370231978595, 0.0432131811976, 0.0467046611011, 0.0410838723183, 0.0368926376104, 0.0400592833757, 0.038744982332, 0.0281618461013, 0.0176054704934, 0.0145732639357, 0.0181881934404, 0.0357235074043, 0.0453002937138, 0.0290374550968, 0.020689740777, 0.0173531528562, 0.0437821373343, 0.128944113851, 0.0465228706598, 0.0272363610566, 0.0219545830041, 0.0184923354536, 0.0205244980752, 0.0280303172767, 0.0380283892155, 0.042589686811, 0.0517683848739, 0.0585274547338, 0.0621654801071], "dmean": [0.141178920865, 0.139195710421, 0.148116499186, 0.160093531013, 0.134843721986, 0.0983285307884, 0.079291254282, 0.0880621597171, 0.111482135952, 0.1358076334, 0.124658249319, 0.112834684551, 0.127228572965, 0.119371004403, 0.0861996561289, 0.051149379462, 0.0449377596378, 0.059285569936, 0.104912921786, 0.120883263648, 0.0953558310866, 0.0718914270401, 0.0619596391916, 0.172372847795, 0.286059051752, 0.194724261761, 0.0888016819954, 0.0617426037788, 0.0565459989011, 0.0621810220182, 0.0718886703253, 0.0825317874551, 0.0976271927357, 0.126953676343, 0.141709312797, 0.14621552825], "max": [1, 1, 1, 1, 1, 1, 1, 1, 1, 1, 1, 1, 1, 1, 1, 1, 1, 1, 1, 1, 1, 1, 1, 1, 1, 1, 1, 1, 1, 1, 1, 1, 1, 1, 1, 1], "var": [0.0507006496191, 0.0501052103937, 0.0499467626214, 0.0704733878374, 0.0658692419529, 0.0322044380009, 0.0259200874716, 0.0375318415463, 0.0418848954141, 0.0542455203831, 0.0595802925527, 0.0323332436383, 0.0657235309482, 0.0804950520396, 0.0279759522527, 0.0115166017786, 0.00908271968365, 0.0131635619327, 0.0441355034709, 0.0654160380363, 0.0273947585374, 0.0146549381316, 0.0117373932153, 0.0565261133015, 0.183275952935, 0.0819269046187, 0.0241628121585, 0.0222355052829, 0.0244265794754, 0.0162775013596, 0.0189707688987, 0.0256713926792, 0.0289321355522, 0.0514432936907, 0.066901601851, 0.0541325509548], "mean": [0.104759812355, 0.099805124104, 0.106885977089, 0.15482327342, 0.150415241718, 0.0839828699827, 0.0579465478659, 0.0720751732588, 0.092028722167, 0.135553061962, 0.14015455544, 0.102910481393, 0.16316844523, 0.179288208485, 0.085812240839, 0.0358971469104, 0.0316329449415, 0.0452557951212, 0.11137457937, 0.140378460288, 0.0863548442721, 0.0501404255629, 0.0431534051895, 0.230283424258, 0.465116679668, 0.309951752424, 0.0788712799549, 0.0533126927912, 0.0545761734247, 0.0486375242472, 0.0518544204533, 0.0590564124286, 0.0706893801689, 0.116055294871, 0.139678299427, 0.117067344487]}, "tuning_equal_tempered_deviation": 0.177354246378, "chords_changes_rate": 0.0475432649255, "key_key": "A#", "tuning_diatonic_strength": 0.520848870277, "key_scale": "minor", "chords_number_rate": 0.00119355483912, "tuning_frequency": 434.193115234, "tuning_nontempered_energy_ratio": 0.834674119949, "chords_histogram": [46.3894958496, 23.3538894653, 13.0495328903, 7.41993236542, 1.17366218567, 0, 0, 0.934951245785, 0, 5.74895572662, 0, 0.318281292915, 0, 0, 0, 0, 0.716132879257, 0, 0, 0, 0.0596777386963, 0.377959012985, 0, 0.457529336214], "key_strength": 0.733297228813, "chords_key": "A#", "chords_strength": {"dmean2": 0.010784316808, "median": 0.550232708454, "min": 0.267509520054, "dvar2": 8.877270011e-05, "dvar": 6.42993763904e-05, "dmean": 0.00978188868612, "max": 0.738213956356, "var": 0.0065573323518, "mean": 0.546697437763}, "chords_scale": "minor", "hpcp_entropy": {"dmean2": 1.06388413906, "median": 1.77761352062, "min": 0, "dvar2": 0.76333886385, "dvar": 0.283540487289, "dmean": 0.628221750259, "max": 4.42565536499, "var": 0.486683487892, "mean": 1.81495261192}}, "metadata": {"audio_properties": {"equal_loudness": 0, "codec": "mp3", "downmix": "mix", "sample_rate": 44100, "analysis_sample_rate": 44100, "bit_rate": 192000, "md5_encoded": "5f735d6c7bd5218b354f9079f38ff742", "length": 233.377960205, "replay_gain": -12.4107151031, "lossless": false}, "version": {"essentia_build_sha": "70f2e5ece6736b2c40cc944ad0e695b16b925413", "essentia": "2.1-beta2", "extractor": "music 1.0", "essentia_git_sha": "v2.1_beta2"}, "tags": {"title": ["Jump Off"], "artist": ["Ray J"], "albumartist": ["Ray J"], "date": ["2008"], "genre": ["Blues"], "album": ["All I Feel"], "tracknumber": ["6"], "musicbrainz_recordingid": ["0378ba04-71c3-407f-8dcb-6036aad85138"], "file_name": "79570.mp3"}}, "rhythm": {"bpm_histogram_first_peak_bpm": {"dmean2": 0, "median": 144, "min": 144, "dvar2": 0, "dvar": 0, "dmean": 0, "max": 144, "var": 0, "mean": 144}, "bpm": 142.01008606, "bpm_histogram_second_peak_spread": {"dmean2": 0, "median": 0.419354856014, "min": 0.419354856014, "dvar2": 0, "dvar": 0, "dmean": 0, "max": 0.419354856014, "var": 0, "mean": 0.419354856014}, "bpm_histogram_first_peak_weight": {"dmean2": 0, "median": 0.506398558617, "min": 0.506398558617, "dvar2": 0, "dvar": 0, "dmean": 0, "max": 0.506398558617, "var": 0, "mean": 0.506398558617}, "onset_rate": 4.00607776642, "beats_position": [0.441179126501, 0.893968224525, 1.33514738083, 1.764716506, 2.19428563118, 2.6470746994, 3.11147379875, 3.56426286697, 4.01705217361, 4.46984100342, 4.91102027893, 5.34058952332, 5.7701587677, 6.19972801208, 6.6176867485, 7.03564596176, 7.46521520615, 7.89478445053, 8.31274318695, 8.73070240021, 9.14866161346, 9.57823085785, 10.0078001022, 10.4257593155, 10.8437185287, 11.261677742, 11.6912469864, 12.1208162308, 12.538775444, 12.9567346573, 13.3746938705, 13.8042631149, 14.2338323593, 14.6517915726, 15.0697498322, 15.4877090454, 15.9172782898, 16.3352375031, 16.7648067474, 17.1827659607, 17.600725174, 18.0302944183, 18.4366436005, 18.877822876, 19.3190021515, 19.7369613647, 20.1433105469, 20.5612697601, 20.9908390045, 21.4204082489, 21.826757431, 22.2563266754, 22.6742858887, 23.0922451019, 23.5218143463, 23.9397735596, 24.3577327728, 24.764081955, 25.1936511993, 25.6232185364, 26.0411777496, 26.470746994, 26.8887062073, 27.3182754517, 27.7362346649, 28.1658039093, 28.5837631226, 29.0133323669, 29.4429016113, 29.8608608246, 30.2788200378, 30.7083892822, 31.1379585266, 31.567527771, 31.9738769531, 32.391834259, 32.8097953796, 33.2277526855, 33.6573219299, 34.0868911743, 34.5048522949, 34.9228096008, 35.3407707214, 35.7819480896, 36.211517334, 36.6294784546, 37.0474357605, 37.4770050049, 37.8949661255, 38.3129234314, 38.730884552, 39.1488418579, 39.5784111023, 40.0079803467, 40.4259414673, 40.8438987732, 41.2618598938, 41.6914291382, 42.1093864441, 42.5389556885, 42.9685249329, 43.3864860535, 43.8044433594, 44.2340126038, 44.6519737244, 45.0699310303, 45.4878921509, 45.9058494568, 46.3354187012, 46.7533760071, 47.1829452515, 47.6125144958, 48.0304756165, 48.4600448608, 48.8780021667, 49.3075714111, 49.7255325317, 50.1551017761, 50.573059082, 50.9910202026, 51.4089775085, 51.8269386292, 52.2448959351, 52.6860771179, 53.1040344238, 53.5219955444, 53.9399528503, 54.3579139709, 54.7758712769, 55.2054405212, 55.6350097656, 56.0529708862, 56.4709281921, 56.8888893127, 57.3068466187, 57.736415863, 58.1659851074, 58.583946228, 59.0019035339, 59.4314727783, 59.8610420227, 60.2789993286, 60.6969604492, 61.1265296936, 61.5444869995, 61.9624481201, 62.3920173645, 62.8099746704, 63.2395439148, 63.6691131592, 64.0870742798, 64.5050354004, 64.9229888916, 65.3409500122, 65.7589111328, 66.1768722534, 66.6064376831, 67.0360107422, 67.4539642334, 67.8835372925, 68.3014984131, 68.7194519043, 69.1490249634, 69.5785903931, 69.9965515137, 70.4145126343, 70.844078064, 71.273651123, 71.6916122437, 72.1211776733, 72.5391387939, 72.9570999146, 73.3750534058, 73.7930145264, 74.210975647, 74.6289291382, 75.0585021973, 75.4764633179, 75.9060287476, 76.3356018066, 76.7535552979, 77.1831283569, 77.6010894775, 78.0306549072, 78.4486160278, 78.8665771484, 79.2961425781, 79.7373199463, 80.1785049438, 80.619682312, 81.0608596802, 81.5136489868, 81.954826355, 82.4076156616, 82.8604049683, 83.3131942749, 83.7311553955, 84.1723327637, 84.6019058228, 85.0314712524, 85.4610443115, 85.8906097412, 86.3201828003, 86.7729721069, 87.2373657227, 87.6901550293, 88.1429443359, 88.572517395, 89.0020828247, 89.4316558838, 89.8612213135, 90.2791824341, 90.6971435547, 91.1267089844, 91.5562820435, 91.9742355347, 92.4038085938, 92.8217697144, 93.251335144, 93.6692962646, 94.0872573853, 94.5052108765, 94.9347839355, 95.3527450562, 95.7823104858, 96.2002716064, 96.6182327271, 97.0361862183, 97.4541473389, 97.8837203979, 98.3132858276, 98.7312469482, 99.1608123779, 99.5787734985, 100.008346558, 100.426300049, 100.844261169, 101.26222229, 101.69178772, 102.121360779, 102.53931427, 102.957275391, 103.38684845, 103.804801941, 104.222763062, 104.652336121, 105.08190155, 105.499862671, 105.929428101, 106.347389221, 106.765350342, 107.171699524, 107.601264954, 108.019226074, 108.437187195, 108.855148315, 109.284713745, 109.714286804, 110.132240295, 110.561813354, 110.979774475, 111.409339905, 111.838912964, 112.268478394, 112.686439514, 113.104400635, 113.522354126, 113.940315247, 114.358276367, 114.776237488, 115.205802917, 115.635368347, 116.053329468, 116.471290588, 116.900856018, 117.330429077, 117.748390198, 118.166343689, 118.595916748, 119.013877869, 119.443443298, 119.861404419, 120.27936554, 120.697319031, 121.12689209, 121.55645752, 121.97441864, 122.392379761, 122.82194519, 123.25151825, 123.66947937, 124.087432861, 124.505393982, 124.923355103, 125.364532471, 125.782493591, 126.200454712, 126.618408203, 127.036369324, 127.454330444, 127.883895874, 128.313461304, 128.731430054, 129.149383545, 129.567337036, 129.996917725, 130.426483154, 130.856048584, 131.285614014, 131.715194702, 132.133148193, 132.539505005, 132.957458496, 133.375411987, 133.804992676, 134.234558105, 134.652511597, 135.070480347, 135.488433838, 135.906387329, 136.335968018, 136.765533447, 137.183486938, 137.613052368, 138.042633057, 138.460586548, 138.878540039, 139.296508789, 139.71446228, 140.13243103, 140.550384521, 140.968338013, 141.397918701, 141.827484131, 142.245437622, 142.663391113, 143.092971802, 143.522537231, 143.940490723, 144.370071411, 144.799636841, 145.229202271, 145.6587677, 146.07673645, 146.494689941, 146.912643433, 147.330612183, 147.748565674, 148.166534424, 148.584487915, 149.002441406, 149.420410156, 149.849975586, 150.279541016, 150.697509766, 151.127075195, 151.556640625, 151.974594116, 152.392562866, 152.810516357, 153.228485107, 153.658050537, 154.087615967, 154.505569458, 154.923538208, 155.353103638, 155.782669067, 156.200637817, 156.618591309, 157.0365448, 157.466125488, 157.895690918, 158.313644409, 158.731613159, 159.161178589, 159.57913208, 160.00869751, 160.42666626, 160.844619751, 161.262588501, 161.680541992, 162.098495483, 162.516464233, 162.934417725, 163.363983154, 163.793563843, 164.223129272, 164.652694702, 165.070648193, 165.488616943, 165.929794312, 166.347747803, 166.765716553, 167.183670044, 167.601623535, 168.031204224, 168.460769653, 168.878723145, 169.308303833, 169.726257324, 170.155822754, 170.573776245, 171.003356934, 171.421310425, 171.839263916, 172.257232666, 172.686798096, 173.104751587, 173.522720337, 173.940673828, 174.370239258, 174.799819946, 175.217773438, 175.635726929, 176.053695679, 176.483261108, 176.912826538, 177.342407227, 177.771972656, 178.189926147, 178.50340271, 178.840087891, 179.165161133, 179.513473511, 179.873382568, 180.233291626, 180.593200684, 180.953109741, 181.429107666, 181.90512085, 182.381134033, 182.857131958, 183.34475708, 183.832382202, 184.319992065, 184.807617188, 185.29524231, 185.794464111, 186.293685913, 186.792922974, 187.292144775, 187.791381836, 188.290603638, 188.743392944, 189.184570312, 189.614151001, 190.032104492, 190.438461304, 190.844802856, 191.262756348, 191.680725098, 192.110290527, 192.539855957, 192.957824707, 193.375778198, 193.793731689, 194.211700439, 194.629653931, 195.05921936, 195.488800049, 195.90675354, 196.324707031, 196.75428772, 197.172241211, 197.601806641, 198.03137207, 198.460952759, 198.87890625, 199.296859741, 199.714828491, 200.132781982, 200.562347412, 200.991928101, 201.409881592, 201.827835083, 202.245803833, 202.663757324, 203.081726074, 203.499679565, 203.929244995, 204.358810425, 204.776779175, 205.194732666, 205.624298096, 206.053878784, 206.483444214, 206.901397705, 207.330978394, 207.748931885, 208.166885376, 208.584854126, 209.002807617, 209.420761108, 209.838729858, 210.25668335, 210.686248779, 211.115829468, 211.533782959, 211.963348389, 212.392913818, 212.810882568, 213.240447998, 213.658401489, 214.076370239, 214.505935669, 214.935501099, 215.365081787, 215.783035278, 216.20098877, 216.61895752, 217.036911011, 217.46647644, 217.896057129, 218.325622559, 218.755187988, 219.173141479, 219.591110229, 220.009063721, 220.43862915, 220.868209839, 221.297775269, 221.727340698, 222.145309448, 222.563262939, 222.981216431, 223.399185181, 223.817138672, 224.235092163, 224.653060913, 225.082626343, 225.512191772, 225.930160522, 226.348114014, 226.766067505, 227.195648193, 227.625213623, 228.043167114, 228.461135864, 228.890701294, 229.320266724, 229.749832153, 230.179412842, 230.608978271, 231.038543701, 231.479721069, 231.920898438, 232.350479126, 232.791656494], "beats_loudness": {"dmean2": 0.0529526807368, "median": 0.039169177413, "min": 1.73361638645e-06, "dvar2": 0.00250558392145, "dvar": 0.000877236190718, "dmean": 0.0293668918312, "max": 0.187355786562, "var": 0.00122998643201, "mean": 0.0457217358053}, "danceability": 1.07147789001, "bpm_histogram_second_peak_weight": {"dmean2": 0, "median": 0.0329067632556, "min": 0.0329067632556, "dvar2": 0, "dvar": 0, "dmean": 0, "max": 0.0329067632556, "var": 0, "mean": 0.0329067632556}, "beats_count": 548, "bpm_histogram_second_peak_bpm": {"dmean2": 0, "median": 136, "min": 136, "dvar2": 0, "dvar": 0, "dmean": 0, "max": 136, "var": 0, "mean": 136}, "bpm_histogram_first_peak_spread": {"dmean2": 0, "median": 0.435845196247, "min": 0.435845196247, "dvar2": 0, "dvar": 0, "dmean": 0, "max": 0.435845196247, "var": 0, "mean": 0.435845196247}, "beats_loudness_band_ratio": {"dmean2": [0.511980891228, 0.218193501234, 0.25397887826, 0.221012786031, 0.110643483698, 0.118461370468], "median": [0.528935194016, 0.081441655755, 0.0903203934431, 0.0454260855913, 0.0177469775081, 0.0234198588878], "min": [1.86084198504e-05, 7.98232285888e-05, 2.28504068218e-05, 1.81457971848e-06, 2.94905333931e-07, 3.63312636864e-07], "dvar2": [0.124359212816, 0.0565516091883, 0.0596529655159, 0.0502532497048, 0.0121736070141, 0.0204370673746], "dvar": [0.0475308820605, 0.021369908005, 0.0240207221359, 0.0194172859192, 0.00465653231367, 0.00727855181322], "dmean": [0.29592436552, 0.12438467145, 0.145308151841, 0.12397236377, 0.0610818378627, 0.0642026513815], "max": [0.99990516901, 0.959921061993, 0.951679468155, 0.932813882828, 0.414966166019, 0.653460264206], "var": [0.0841427072883, 0.023391155526, 0.0310807824135, 0.0224520936608, 0.0042236414738, 0.0061693280004], "mean": [0.518142282963, 0.135291770101, 0.153560832143, 0.108938694, 0.0472955033183, 0.053254544735]}}, "lowlevel": {"barkbands_spread": {"dmean2": 9.92125034332, "median": 14.8807106018, "min": 0.00760614080355, "dvar2": 166.277832031, "dvar": 76.6303939819, "dmean": 6.50426912308, "max": 119.836746216, "var": 240.355377197, "mean": 18.7814407349}, "melbands_spread": {"dmean2": 10.0245885849, "median": 12.9043540955, "min": 0.128948718309, "dvar2": 251.372314453, "dvar": 111.496421814, "dmean": 6.48501110077, "max": 218.088592529, "var": 297.313903809, "mean": 17.2965354919}, "hfc": {"dmean2": 12.6409597397, "median": 16.7897224426, "min": 1.15475498773e-16, "dvar2": 422.495513916, "dvar": 184.807662964, "dmean": 8.23043346405, "max": 222.090011597, "var": 519.328796387, "mean": 22.7090759277}, "barkbands_kurtosis": {"dmean2": 14.2417354584, "median": 4.94568872452, "min": -1.93912136555, "dvar2": 7256.22949219, "dvar": 2741.34375, "dmean": 9.2097530365, "max": 4541.53662109, "var": 6065.27099609, "mean": 14.0891532898}, "gfcc": {"mean": [-13.6249628067, 86.669670105, -92.4953384399, 24.6045589447, -60.8521614075, 23.8082084656, -32.8118095398, 14.6633071899, -12.6671066284, 10.6903877258, -8.98162937164, 6.08091068268, -7.40900373459], "icov": [[0.000201109825866, -9.90915141301e-05, 0.000106762177893, -0.000240949666477, 0.000118315663713, -0.000559217703994, 0.000208185112569, -0.000265218928689, 0.000259912660113, -0.000147720304085, 0.000430526735727, -0.000380920857424, 0.000259017804638], [-9.90915141301e-05, 0.00142114562914, -0.00046325585572, 0.000614659802523, -0.000864273635671, 0.000928005727474, -0.000961112556979, 0.000796816137154, -0.000945941428654, 0.00116615975276, -0.00125057820696, 0.001261142781, -0.000582414446399], [0.000106762177893, -0.00046325585572, 0.00144854467362, -0.000960140430834, -3.40609476552e-05, -0.00120939768385, 0.000725990335923, -0.000980102806352, 0.000601070350967, -0.00027633170248, 0.000534909835551, -0.00056949374266, 0.000446016347269], [-0.000240949666477, 0.000614659802523, -0.000960140430834, 0.00286234403029, -0.000726958271116, 0.00100617809221, -0.000529990997165, 0.000417445669882, -0.000713574292604, -5.08469929628e-05, -0.000899352075066, 0.0011296478333, -0.000451797997812], [0.000118315663713, -0.000864273635671, -3.40609476552e-05, -0.000726958271116, 0.00343326223083, -0.00114069855772, -0.000350275367964, 0.000496719847433, -0.00117039086763, 0.000544382550288, 0.000487530807732, 0.000298843835481, -0.0003692341852], [-0.000559217703994, 0.000928005727474, -0.00120939768385, 0.00100617809221, -0.00114069855772, 0.00549655826762, -0.00130539597012, -0.000802041904535, 0.000510573678184, 1.89085785678e-05, -0.00046874693362, 0.00102651538327, -5.70499082642e-07], [0.000208185112569, -0.000961112556979, 0.000725990335923, -0.000529990997165, -0.000350275367964, -0.00130539597012, 0.0053254137747, -0.00240432424471, 0.00062609044835, -9.07274516067e-05, -0.000966401887126, -0.000144671124872, 0.000372829148546], [-0.000265218928689, 0.000796816137154, -0.000980102806352, 0.000417445669882, 0.000496719847433, -0.000802041904535, -0.00240432424471, 0.00884243194014, -0.00348868826404, -0.000532849458978, -5.31577061338e-05, 0.00027939202846, 0.000325482687913], [0.000259912660113, -0.000945941428654, 0.000601070350967, -0.000713574292604, -0.00117039086763, 0.000510573678184, 0.00062609044835, -0.00348868826404, 0.00845626369119, -0.00356844719499, 0.000922672741581, -0.000638822675683, -0.000743170792703], [-0.000147720304085, 0.00116615975276, -0.00027633170248, -5.08469929628e-05, 0.000544382550288, 1.89085785678e-05, -9.07274516067e-05, -0.000532849458978, -0.00356844719499, 0.00978672411293, -0.00456685014069, 0.00161520787515, 0.000316534657031], [0.000430526735727, -0.00125057820696, 0.000534909835551, -0.000899352075066, 0.000487530807732, -0.00046874693362, -0.000966401887126, -5.31577061338e-05, 0.000922672741581, -0.00456685014069, 0.0112271234393, -0.00449910527095, 0.00141184555832], [-0.000380920857424, 0.001261142781, -0.00056949374266, 0.0011296478333, 0.000298843835481, 0.00102651538327, -0.000144671124872, 0.00027939202846, -0.000638822675683, 0.00161520787515, -0.00449910527095, 0.0114854471758, -0.00450430484489], [0.000259017804638, -0.000582414446399, 0.000446016347269, -0.000451797997812, -0.0003692341852, -5.70499082642e-07, 0.000372829148546, 0.000325482687913, -0.000743170792703, 0.000316534657031, 0.00141184555832, -0.00450430484489, 0.0107618942857]], "cov": [[12795.6474609, -2058.44165039, 1489.3182373, 766.150634766, -498.211029053, 1734.5501709, -318.840759277, 628.810241699, -471.290771484, 145.228317261, -472.486328125, 95.4876098633, -408.764312744], [-2058.44165039, 2040.05712891, -72.3474807739, -108.751930237, 602.198364258, -355.979705811, 318.979766846, -144.384002686, 233.144271851, -146.229370117, 142.951690674, -124.096084595, 122.045890808], [1489.3182373, -72.3474807739, 1456.07824707, 444.940948486, 151.029708862, 468.539306641, -2.77746081352, 225.261520386, -16.7988548279, 49.1790657043, -66.3108520508, -35.3030204773, -91.6199417114], [766.150634766, -108.751930237, 444.940948486, 580.205871582, 112.386245728, 132.133239746, 25.1346569061, 91.1271514893, 45.8072013855, 61.3693161011, -1.06852185726, -32.6929321289, -30.3564319611], [-498.211029053, 602.198364258, 151.029708862, 112.386245728, 560.591796875, 12.2243747711, 141.47869873, -1.2685571909, 126.784835815, -39.8148460388, 18.8105125427, -65.3438262939, 37.5203781128], [1734.5501709, -355.979705811, 468.539306641, 132.133239746, 12.2243747711, 532.060974121, 24.2463951111, 164.38243103, -63.4750823975, 40.6394462585, -66.120803833, -12.1035280228, -82.2173233032], [-318.840759277, 318.979766846, -2.77746081352, 25.1346569061, 141.47869873, 24.2463951111, 308.500854492, 66.9428787231, 68.0761184692, 12.9936761856, 61.090675354, -24.1699752808, 4.43824052811], [628.810241699, -144.384002686, 225.261520386, 91.1271514893, -1.2685571909, 164.38243103, 66.9428787231, 228.590362549, 61.5035018921, 68.7562561035, -3.26800298691, -2.08622407913, -35.945148468], [-471.290771484, 233.144271851, -16.7988548279, 45.8072013855, 126.784835815, -63.4750823975, 68.0761184692, 61.5035018921, 231.417816162, 69.3398895264, 47.339012146, -11.5611495972, 29.5997714996], [145.228317261, -146.229370117, 49.1790657043, 61.3693161011, -39.8148460388, 40.6394462585, 12.9936761856, 68.7562561035, 69.3398895264, 181.926269531, 59.0989952087, 6.6299996376, -20.305147171], [-472.486328125, 142.951690674, -66.3108520508, -1.06852185726, 18.8105125427, -66.120803833, 61.090675354, -3.26800298691, 47.339012146, 59.0989952087, 159.99571228, 34.8124084473, 15.5472698212], [95.4876098633, -124.096084595, -35.3030204773, -32.6929321289, -65.3438262939, -12.1035280228, -24.1699752808, -2.08622407913, -11.5611495972, 6.6299996376, 34.8124084473, 136.037322998, 41.1113777161], [-408.764312744, 122.045890808, -91.6199417114, -30.3564319611, 37.5203781128, -82.2173233032, 4.43824052811, -35.945148468, 29.5997714996, -20.305147171, 15.5472698212, 41.1113777161, 131.910980225]]}, "spectral_energyband_middle_low": {"dmean2": 0.0105886589736, "median": 0.00839331373572, "min": 2.90423522013e-22, "dvar2": 0.000282531662378, "dvar": 0.000102923324448, "dmean": 0.00636050943285, "max": 0.0890613347292, "var": 0.000184583186638, "mean": 0.0129140177742}, "melbands_crest": {"dmean2": 6.49999761581, "median": 18.140794754, "min": 1.34061920643, "dvar2": 34.8551826477, "dvar": 15.0997829437, "dmean": 4.21661233902, "max": 36.3312797546, "var": 54.7555885315, "mean": 19.2452583313}, "spectral_kurtosis": {"dmean2": 3.56038284302, "median": 3.07497262955, "min": -1.2680773735, "dvar2": 77.580039978, "dvar": 28.7934074402, "dmean": 2.21804952621, "max": 129.973632812, "var": 79.7245788574, "mean": 5.05233335495}, "spectral_rms": {"dmean2": 0.00218148389831, "median": 0.00579887721688, "min": 3.18060942167e-12, "dvar2": 7.24232540961e-06, "dvar": 2.90411753667e-06, "dmean": 0.0014021754032, "max": 0.0161986704916, "var": 1.15275834105e-05, "mean": 0.0062082526274}, "zerocrossingrate": {"dmean2": 0.0137630207464, "median": 0.04296875, "min": 0.001953125, "dvar2": 0.00027187820524, "dvar": 0.000218588538701, "dmean": 0.0118235377595, "max": 0.51953125, "var": 0.00160290277563, "mean": 0.0515711866319}, "silence_rate_60dB": {"dmean2": 0.0338308475912, "median": 0, "min": 0, "dvar2": 0.0382613018155, "dvar": 0.0166258886456, "dmean": 0.0169137399644, "max": 1, "var": 0.0820027813315, "mean": 0.0901313200593}, "erbbands_kurtosis": {"dmean2": 2.83727526665, "median": 0.858534097672, "min": -1.8661801815, "dvar2": 49.3745956421, "dvar": 23.0546703339, "dmean": 1.82615983486, "max": 352.90222168, "var": 121.729881287, "mean": 2.33880901337}, "erbbands": {"dmean2": [1.18854105473, 3.88317894936, 7.65205669403, 10.9714536667, 10.2525167465, 13.6098852158, 18.8313579559, 24.5660457611, 17.2534065247, 22.3451957703, 32.3502349854, 42.7203674316, 36.0463485718, 38.9025917053, 47.475151062, 24.7170219421, 36.0435791016, 28.5626182556, 29.2533931732, 21.2700481415, 16.4174003601, 9.29460716248, 9.60393810272, 7.93447589874, 8.26482486725, 5.93262815475, 6.11102437973, 5.67856121063, 5.68756055832, 4.63291978836, 5.4374165535, 6.75646924973, 3.39050579071, 1.36070632935, 0.898179888725, 0.420831620693, 0.129523009062, 0.0300726294518, 0.00397990923375, 0.00017233993276], "median": [0.377820432186, 1.805154562, 2.18093252182, 1.60482060909, 1.24084234238, 3.03771924973, 7.79408931732, 5.8923997879, 4.43243789673, 10.9072723389, 15.3968954086, 10.1394691467, 6.48921108246, 7.66302204132, 6.93227767944, 4.18969249725, 4.86880588531, 5.55606889725, 4.97309303284, 3.46946382523, 2.43079996109, 2.09835886955, 3.3646838665, 2.26376199722, 2.00092554092, 1.91673886776, 2.29932785034, 1.88883447647, 2.09819412231, 2.20095205307, 2.77092504501, 2.36517715454, 1.12127161026, 0.519988894463, 0.291853964329, 0.145290136337, 0.0343264266849, 0.00496945716441, 0.000167693768162, 5.89050396229e-05], "min": [2.60578276017e-22, 2.3570784185e-21, 5.67229492315e-21, 1.34130914851e-20, 3.76565023512e-20, 8.20528206347e-20, 4.33635315899e-20, 1.64217866414e-19, 3.39346813794e-19, 1.77308439047e-19, 9.600611809e-19, 1.47586402412e-18, 8.75065374431e-19, 1.26705830511e-18, 1.12326732788e-18, 2.18739455068e-18, 1.9036877306e-18, 4.77583355928e-18, 4.94426407561e-18, 5.14935647746e-18, 5.43869598392e-18, 7.57750049786e-18, 8.92271868545e-18, 9.4592602908e-18, 1.03495762908e-17, 1.23472199516e-17, 1.16213731e-17, 1.32417636717e-17, 1.75607383477e-17, 1.76822065119e-17, 1.52039188028e-17, 1.40031205599e-17, 1.34621312044e-17, 1.01638254396e-17, 7.93938953431e-18, 4.71273539498e-18, 3.0202384553e-18, 1.2825419888e-18, 3.19507765682e-19, 3.35513083687e-20], "dvar2": [3.97020602226, 35.823425293, 233.368881226, 692.488830566, 644.688903809, 709.800476074, 1044.35522461, 2982.55615234, 2173.55981445, 3364.85693359, 6147.76220703, 12038.7705078, 11732.5976562, 12466.8310547, 22545.59375, 5980.12402344, 14527.734375, 7445.75976562, 10435.4296875, 4852.30712891, 2167.24243164, 840.486938477, 600.915344238, 1137.50268555, 715.114562988, 251.916091919, 303.012878418, 424.339447021, 355.417572021, 142.924026489, 115.929443359, 209.731018066, 58.7299995422, 8.81451034546, 3.78058338165, 0.956696510315, 0.143338635564, 0.0135052213445, 0.000387458625482, 5.33079344223e-07], "dvar": [1.889929533, 12.3917598724, 81.016784668, 240.193435669, 224.39906311, 266.295928955, 473.799072266, 1354.80163574, 891.71685791, 1374.82653809, 2810.47241211, 5571.46533203, 5437.84277344, 5777.91894531, 9690.08886719, 2900.91186523, 6636.35498047, 3421.76708984, 4231.58154297, 2162.67504883, 930.780029297, 314.212097168, 239.863800049, 440.08682251, 298.43762207, 104.503929138, 132.63168335, 193.48815918, 174.693466187, 66.4377822876, 56.5084877014, 101.983695984, 29.3500499725, 4.16313457489, 1.56502580643, 0.387164503336, 0.054404374212, 0.00495446147397, 0.000139671421493, 1.89138233964e-07], "dmean": [0.807215452194, 2.2600376606, 4.23439502716, 5.93313646317, 5.57391929626, 7.9725818634, 12.118724823, 15.8054208755, 10.7425556183, 14.3606185913, 21.4673557281, 28.5375175476, 24.2341575623, 25.7746925354, 30.2533111572, 15.8060655594, 23.4859390259, 18.3026695251, 18.4487743378, 13.328373909, 10.3229036331, 5.5784368515, 6.00023889542, 4.92239189148, 5.2372584343, 3.78406214714, 3.91651296616, 3.73536014557, 3.70309615135, 2.99478030205, 3.59522867203, 4.49642515182, 2.28839850426, 0.902658820152, 0.56361168623, 0.26477304101, 0.0800856649876, 0.0179289244115, 0.0022446536459, 9.81239281828e-05], "max": [11.9911556244, 32.0951652527, 85.6872711182, 131.276611328, 155.876190186, 221.879714966, 517.557434082, 986.732116699, 710.640014648, 978.871276855, 1234.1496582, 2354.78979492, 2272.72167969, 2396.10888672, 2111.10839844, 1698.64697266, 2904.70092773, 2867.38134766, 2227.70263672, 2448.03100586, 878.919799805, 649.832580566, 428.36541748, 975.418029785, 646.414611816, 248.619171143, 374.856231689, 784.011901855, 476.228668213, 237.121124268, 147.750488281, 177.025131226, 107.09928894, 47.176776886, 22.17004776, 13.0871648788, 2.86982703209, 0.937681555748, 0.235503166914, 0.0095628388226], "var": [3.71014094353, 19.3389568329, 63.1799468994, 158.860214233, 164.511734009, 384.581420898, 1429.99951172, 3632.59204102, 1662.4354248, 2617.17602539, 6161.32080078, 14686.7314453, 13479.3154297, 13780.9355469, 14034.2158203, 5225.14501953, 13147.2451172, 7363.54101562, 5228.26904297, 3476.85522461, 1546.20288086, 397.099273682, 352.170898438, 448.767608643, 423.825164795, 170.151702881, 209.918777466, 327.348632812, 318.193084717, 114.51335907, 115.370162964, 226.993652344, 66.1518249512, 9.58544445038, 2.88414168358, 0.572577357292, 0.0532399863005, 0.00361620588228, 8.80293882801e-05, 1.16905816583e-07], "mean": [1.17968165874, 3.43629026413, 4.60480451584, 5.35790920258, 5.17950963974, 10.6315364838, 22.0130157471, 26.4136619568, 16.7364864349, 25.1747112274, 39.2495346069, 49.7867584229, 40.3237762451, 39.718624115, 39.916431427, 21.8030834198, 34.1937255859, 27.6079883575, 25.2197284698, 18.4733924866, 14.6562728882, 8.53074073792, 8.95646953583, 6.92483282089, 7.17974042892, 5.90716362, 6.08011627197, 5.735663414, 5.86808300018, 5.08535957336, 6.24817800522, 7.66950750351, 3.83962965012, 1.56066477299, 0.880333602428, 0.405477076769, 0.106167159975, 0.0191080532968, 0.00165130244568, 0.000113871436042]}, "spectral_strongpeak": {"dmean2": 0.824265003204, "median": 0.381224989891, "min": 0, "dvar2": 2.1756477356, "dvar": 0.921453893185, "dmean": 0.490274548531, "max": 16.0988178253, "var": 1.58710134029, "mean": 0.822098314762}, "spectral_energy": {"dmean2": 0.0377133749425, "median": 0.0344676636159, "min": 1.03691823454e-20, "dvar2": 0.00290943519212, "dvar": 0.00115931837354, "dmean": 0.0235884543508, "max": 0.268956869841, "var": 0.00254640821368, "mean": 0.051321670413}, "average_loudness": 0.896710395813, "spectral_rolloff": {"dmean2": 779.813903809, "median": 602.9296875, "min": 21.533203125, "dvar2": 2719641.25, "dvar": 1166195.125, "dmean": 459.946624756, "max": 19013.8183594, "var": 2362019.5, "mean": 1035.03649902}, "spectral_centroid": {"dmean2": 402.86618042, "median": 910.201538086, "min": 52.9864044189, "dvar2": 254723.15625, "dvar": 126229.703125, "dmean": 264.754302979, "max": 11213.4404297, "var": 430340.0625, "mean": 1058.71154785}, "pitch_salience": {"dmean2": 0.13864736259, "median": 0.45802539587, "min": 0.0046708593145, "dvar2": 0.0178625825793, "dvar": 0.00713629787788, "dmean": 0.0869391039014, "max": 0.981214165688, "var": 0.0186407212168, "mean": 0.453209608793}, "spectral_energyband_middle_high": {"dmean2": 0.0037067993544, "median": 0.00184732349589, "min": 1.39268356729e-21, "dvar2": 4.68762555101e-05, "dvar": 2.16150147025e-05, "dmean": 0.00246208067983, "max": 0.0828892663121, "var": 7.83504146966e-05, "mean": 0.0052834819071}, "spectral_contrast_coeffs": {"dmean2": [0.0817522183061, 0.0878061428666, 0.0700084492564, 0.0573912896216, 0.0433301627636, 0.0327791385353], "median": [-0.686548054218, -0.691284120083, -0.748239636421, -0.774346590042, -0.791123270988, -0.789860248566], "min": [-0.963178515434, -0.989886403084, -0.972142398357, -0.982743620872, -0.97880923748, -0.961407780647], "dvar2": [0.00440784078091, 0.00510470569134, 0.00323819741607, 0.00218230113387, 0.00129275920335, 0.000845550792292], "dvar": [0.00165167392697, 0.00206368952058, 0.00141744234134, 0.00098307360895, 0.000535192142706, 0.000373010203475], "dmean": [0.0499260351062, 0.0550926849246, 0.0450364202261, 0.0366374254227, 0.0271453056484, 0.0210947152227], "max": [-0.264467030764, -0.365936815739, -0.446236133575, -0.519261062145, -0.569262087345, -0.607801139355], "var": [0.00840069074184, 0.00701543409377, 0.00628828350455, 0.00382011639886, 0.00199223565869, 0.00176459061913], "mean": [-0.673685848713, -0.687294065952, -0.736589133739, -0.765965640545, -0.785068869591, -0.78778475523]}, "melbands_skewness": {"dmean2": 1.8072437048, "median": 2.85593056679, "min": -2.16783857346, "dvar2": 4.43341636658, "dvar": 1.99872469902, "dmean": 1.21024739742, "max": 24.1056137085, "var": 7.0417265892, "mean": 3.46946668625}, "spectral_spread": {"dmean2": 1179206, "median": 5712241, "min": 642884.75, "dvar2": 1958242287620.0, "dvar": 1037495566340.0, "dmean": 807243.5, "max": 41328096, "var": 5712093118460.0, "mean": 5997837}, "dissonance": {"dmean2": 0.0448312461376, "median": 0.452084928751, "min": 0.19213424623, "dvar2": 0.0018123612972, "dvar": 0.00067400012631, "dmean": 0.0272226240486, "max": 0.5, "var": 0.00160300452262, "mean": 0.443514764309}, "spectral_skewness": {"dmean2": 0.452881246805, "median": 1.59594559669, "min": -0.197555720806, "dvar2": 0.397060364485, "dvar": 0.157487079501, "dmean": 0.296620547771, "max": 9.01515388489, "var": 0.569613695145, "mean": 1.68790376186}, "spectral_flux": {"dmean2": 0.0625445693731, "median": 0.102034702897, "min": 6.68915894897e-11, "dvar2": 0.00488821323961, "dvar": 0.00210006046109, "dmean": 0.038178589195, "max": 0.437719494104, "var": 0.00566906807944, "mean": 0.110977880657}, "spectral_contrast_valleys": {"dmean2": [0.730688333511, 0.699711024761, 0.63585370779, 0.569801330566, 0.494353920221, 0.48524749279], "median": [-6.82511425018, -6.8395447731, -7.66551208496, -8.06011390686, -8.06738853455, -9.63103961945], "min": [-27.6983337402, -27.7750167847, -27.3492908478, -27.3576831818, -27.3092212677, -27.4377613068], "dvar2": [0.454784095287, 0.374617546797, 0.344684451818, 0.319548875093, 0.288299381733, 0.301499009132], "dvar": [0.198430329561, 0.153988659382, 0.156517580152, 0.160780698061, 0.146003693342, 0.16345256567], "dmean": [0.449595779181, 0.429146021605, 0.398009449244, 0.367382526398, 0.335977315903, 0.347740590572], "max": [-4.67075586319, -4.74298429489, -4.96899461746, -5.44685220718, -5.62732934952, -7.35352754593], "var": [2.86380934715, 1.31600236893, 1.41341567039, 1.48855447769, 1.66316759586, 3.03425264359], "mean": [-7.29710197449, -7.01176452637, -7.7448182106, -8.15293979645, -8.28050041199, -10.0853805542]}, "erbbands_flatness_db": {"dmean2": 0.0302392784506, "median": 0.142722561955, "min": 0.0459160767496, "dvar2": 0.000819666078314, "dvar": 0.000398261065129, "dmean": 0.020468570292, "max": 0.464986473322, "var": 0.00391850946471, "mean": 0.155786663294}, "spectral_energyband_high": {"dmean2": 0.000808296841569, "median": 0.000505384232383, "min": 7.56772679023e-21, "dvar2": 2.99270232063e-06, "dvar": 1.52941674969e-06, "dmean": 0.00054805027321, "max": 0.0323946923018, "var": 3.49217680196e-06, "mean": 0.00109098444227}, "spectral_entropy": {"dmean2": 0.325449287891, "median": 7.51684761047, "min": 2.99533200264, "dvar2": 0.110988013446, "dvar": 0.0533795841038, "dmean": 0.218341216445, "max": 9.804271698, "var": 0.3845012784, "mean": 7.4325709343}, "silence_rate_20dB": {"dmean2": 0, "median": 1, "min": 1, "dvar2": 0, "dvar": 0, "dmean": 0, "max": 1, "var": 0, "mean": 1}, "melbands_flatness_db": {"dmean2": 0.0513601414859, "median": 0.246185615659, "min": 0.000413021887653, "dvar2": 0.00240533542819, "dvar": 0.00115388107952, "dmean": 0.0346821658313, "max": 0.949994802475, "var": 0.00963963009417, "mean": 0.258574783802}, "barkbands": {"dmean2": [0.00485261715949, 0.0239320769906, 0.0071054873988, 0.00376422796398, 0.00363708124496, 0.00268707843497, 0.00123395503033, 0.00152451882605, 0.00180147180799, 0.00127818458714, 0.00115961395204, 0.000801247661002, 0.000851386517752, 0.00054647505749, 0.000512303144205, 0.000416857888922, 0.000171789288288, 0.000176650108187, 0.000162091600941, 0.000139887342812, 0.000145973186591, 0.000147756043589, 0.000180873365025, 0.000259970547631, 0.000116711846204, 7.83536524978e-05, 2.00437007152e-05], "median": [0.00078919751104, 0.00997800752521, 0.00145411072299, 0.000292572542094, 0.000938144919928, 0.000797730288468, 0.000258013722487, 0.000679668039083, 0.000407319690567, 0.000124120095279, 0.000173122884007, 9.90751141217e-05, 9.46972577367e-05, 0.000104205377284, 6.37163393549e-05, 4.21033546445e-05, 3.21452753269e-05, 5.73512625124e-05, 3.62485880032e-05, 4.39788163931e-05, 5.2485098422e-05, 5.76279344386e-05, 9.20395759749e-05, 8.93727556104e-05, 4.39529321739e-05, 2.44259899773e-05, 9.76226260718e-07], "min": [1.38088287079e-24, 1.20666025774e-23, 3.09337900309e-24, 5.20367520736e-24, 1.72872098953e-23, 1.6024385581e-23, 2.37352406054e-23, 2.66250526714e-23, 6.06157564128e-23, 1.82738666284e-23, 1.59810960499e-23, 4.84967261396e-23, 3.24357800111e-23, 1.33892742976e-22, 6.48580484127e-23, 6.25240803623e-23, 1.37703723698e-22, 1.67591505074e-22, 1.98215009684e-22, 2.63108310713e-22, 2.9369203149e-22, 4.98972672664e-22, 5.66041702557e-22, 7.49556598505e-22, 1.04939250592e-21, 1.62736153292e-21, 2.34962127219e-21], "dvar2": [8.09060657048e-05, 0.0014139189152, 0.00023172859801, 8.17732870928e-05, 4.75647211715e-05, 2.81152406387e-05, 1.07733394543e-05, 1.23207655633e-05, 1.93998239411e-05, 1.45512785821e-05, 1.24763482745e-05, 6.99454585629e-06, 7.54699476602e-06, 2.79230812339e-06, 3.47300920112e-06, 1.77485526365e-06, 3.02032930222e-07, 2.52610902862e-07, 3.20515198382e-07, 1.49297477492e-07, 2.09960163033e-07, 2.08225316101e-07, 1.31544140913e-07, 3.12438061201e-07, 6.49953690868e-08, 4.49785275691e-08, 8.50319636925e-09], "dvar": [3.74992814614e-05, 0.000594654935412, 8.13594378997e-05, 2.82869696093e-05, 1.77966649062e-05, 1.27218900161e-05, 4.453852398e-06, 5.35120989298e-06, 8.8558645075