{"tonal": {"thpcp": [1, 0.60928940773, 0.289634019136, 0.563074707985, 0.735485672951, 0.588490605354, 0.447023063898, 0.370932251215, 0.340486526489, 0.395641565323, 0.447545737028, 0.466302365065, 0.56049734354, 0.598657310009, 0.465777277946, 0.398689478636, 0.398042351007, 0.398151606321, 0.560729086399, 0.665026187897, 0.542450010777, 0.433261334896, 0.365240037441, 0.338859587908, 0.496730089188, 0.614106953144, 0.464573949575, 0.330798357725, 0.322713136673, 0.350301831961, 0.408073186874, 0.42527705431, 0.48705086112, 0.606666386127, 0.535199224949, 0.713717103004], "hpcp": {"dmean2": [0.286910891533, 0.274590104818, 0.25546875596, 0.239730477333, 0.253188282251, 0.263820081949, 0.301326453686, 0.316248744726, 0.323397099972, 0.314013600349, 0.264133155346, 0.21829020977, 0.245509639382, 0.273314058781, 0.250986546278, 0.205578505993, 0.196028143167, 0.207839652896, 0.232666477561, 0.254749119282, 0.314103722572, 0.344376057386, 0.270664095879, 0.295453816652, 0.411638498306, 0.280975610018, 0.203144282103, 0.274549633265, 0.299988597631, 0.30983749032, 0.301181197166, 0.251547276974, 0.232119441032, 0.238162636757, 0.257021874189, 0.279739618301], "median": [0.0647420659661, 0.0649867728353, 0.0589899718761, 0.0597012937069, 0.0537871234119, 0.0470938831568, 0.0616138577461, 0.0796218216419, 0.0707751512527, 0.04279666394, 0.0349588692188, 0.0424146279693, 0.0806606858969, 0.102732285857, 0.0734819620848, 0.0423719696701, 0.0395357087255, 0.0468932539225, 0.0519548282027, 0.0485788695514, 0.053532294929, 0.0794257670641, 0.0695103853941, 0.116029970348, 0.0923688858747, 0.0774040669203, 0.0331891998649, 0.0778414011002, 0.107711747289, 0.0851744264364, 0.0502229332924, 0.0362961217761, 0.0370136797428, 0.04967161268, 0.05732107535, 0.0612889565527], "min": [0, 0, 0, 0, 0, 0, 0, 0, 0, 0, 0, 0, 0, 0, 0, 0, 0, 0, 0, 0, 0, 0, 0, 0, 0, 0, 0, 0, 0, 0, 0, 0, 0, 0, 0, 0], "dvar2": [0.143851026893, 0.132683560252, 0.121918559074, 0.118384316564, 0.142050713301, 0.151425883174, 0.166518107057, 0.154392331839, 0.171828687191, 0.196686536074, 0.160064280033, 0.114221334457, 0.109089031816, 0.11292373389, 0.119289927185, 0.0944066643715, 0.094906501472, 0.100993417203, 0.114926144481, 0.12425801158, 0.17542617023, 0.182553529739, 0.123598180711, 0.106965653598, 0.230851963162, 0.105425782502, 0.0973125845194, 0.119805462658, 0.130847647786, 0.136946409941, 0.144751727581, 0.1265758425, 0.124503649771, 0.117330729961, 0.133222684264, 0.142397165298], "dvar": [0.0511001348495, 0.0493133813143, 0.0443042144179, 0.0418220460415, 0.049640905112, 0.0530226863921, 0.0593602359295, 0.0576934143901, 0.0607312172651, 0.0687787756324, 0.0556672550738, 0.041206676513, 0.0401149317622, 0.0419747941196, 0.0416230708361, 0.0337446443737, 0.0337186381221, 0.0365538969636, 0.0419216640294, 0.0456873215735, 0.0633028522134, 0.0670623779297, 0.0474213138223, 0.0406037084758, 0.0888871997595, 0.0389471612871, 0.0342357568443, 0.0425851754844, 0.0485424771905, 0.0486922040582, 0.0519328527153, 0.0465842299163, 0.0450970306993, 0.0428601056337, 0.0479432791471, 0.0502056032419], "dmean": [0.159059986472, 0.15434409678, 0.1440282166, 0.133097812533, 0.140085116029, 0.145141616464, 0.167316064239, 0.176613256335, 0.178860977292, 0.169885441661, 0.142518743873, 0.120597712696, 0.1389875561, 0.154987484217, 0.140143960714, 0.113699138165, 0.109537892044, 0.115859992802, 0.130483329296, 0.143037304282, 0.174523323774, 0.192474842072, 0.155176982284, 0.166860476136, 0.227730765939, 0.157008141279, 0.111015632749, 0.155927270651, 0.172028511763, 0.175397992134, 0.166418686509, 0.138692244887, 0.128131464124, 0.132858708501, 0.143744945526, 0.15485855937], "max": [1, 1, 1, 1, 1, 1, 1, 1, 1, 1, 1, 1, 1, 1, 1, 1, 1, 1, 1, 1, 1, 1, 1, 1, 1, 1, 1, 1, 1, 1, 1, 1, 1, 1, 1, 1], "var": [0.0665701255202, 0.0772446542978, 0.0487326644361, 0.0362868979573, 0.0410991571844, 0.0452052280307, 0.0684643015265, 0.0839173942804, 0.0597161389887, 0.05597101897, 0.0452203042805, 0.0351514369249, 0.0460214987397, 0.0598717667162, 0.0415724217892, 0.0304647684097, 0.0308205951005, 0.0331290997565, 0.0417879447341, 0.0452192388475, 0.0595161281526, 0.0718319565058, 0.0590442866087, 0.0628983527422, 0.151409357786, 0.0536183230579, 0.0262476243079, 0.0565820448101, 0.0847240239382, 0.0595952048898, 0.0485827103257, 0.0418926738203, 0.0372350476682, 0.0386488474905, 0.0479089319706, 0.0481910593808], "mean": [0.18287089467, 0.195321157575, 0.151967003942, 0.130078583956, 0.129867449403, 0.12990309298, 0.182946503162, 0.216975033283, 0.176982671022, 0.141358181834, 0.119165182114, 0.110558159649, 0.162065833807, 0.200361847878, 0.151574403048, 0.107928059995, 0.105290129781, 0.114291369915, 0.133140161633, 0.138753190637, 0.158907845616, 0.197934240103, 0.174616977572, 0.232861191034, 0.326265394688, 0.198790043592, 0.0944975540042, 0.183711796999, 0.239963516593, 0.192004129291, 0.145848155022, 0.121022358537, 0.111088968813, 0.129084154963, 0.14601868391, 0.152138322592]}, "tuning_equal_tempered_deviation": 0.199699938297, "chords_changes_rate": 0.0940781161189, "key_key": "E", "tuning_diatonic_strength": 0.413408786058, "key_scale": "major", "chords_number_rate": 0.0039899200201, "tuning_frequency": 434.193115234, "tuning_nontempered_energy_ratio": 0.862435340881, "chords_histogram": [4.07391834259, 1.21797561646, 11.2347755432, 0.314993709326, 2.77194452286, 5.77488470078, 9.44981098175, 0.671986579895, 2.96094083786, 3.92692136765, 0.12599748373, 0.0629987418652, 0.776984453201, 7.0558590889, 5.96388053894, 6.21587562561, 1.49097013474, 4.93490123749, 5.66988658905, 1.72196555138, 1.9319614172, 7.66484689713, 10.0167999268, 3.9689207077], "key_strength": 0.594939112663, "chords_key": "B", "chords_strength": {"dmean2": 0.0137484818697, "median": 0.433912217617, "min": 0.199877604842, "dvar2": 0.00015158453607, "dvar": 9.78728785412e-05, "dmean": 0.0113930562511, "max": 0.881824910641, "var": 0.0119633404538, "mean": 0.446838647127}, "chords_scale": "major", "hpcp_entropy": {"dmean2": 1.12858891487, "median": 2.48648571968, "min": 0, "dvar2": 0.821340560913, "dvar": 0.295795768499, "dmean": 0.670047581196, "max": 4.7447719574, "var": 0.741720318794, "mean": 2.49643182755}}, "metadata": {"audio_properties": {"equal_loudness": 0, "codec": "flac", "downmix": "mix", "sample_rate": 44100, "analysis_sample_rate": 44100, "bit_rate": 0, "md5_encoded": "342178e64dfc97b03914a2932ed71199", "length": 221.066665649, "replay_gain": -9.07732582092, "lossless": true}, "version": {"essentia_build_sha": "70f2e5ece6736b2c40cc944ad0e695b16b925413", "essentia": "2.1-beta2", "extractor": "music 1.0", "essentia_git_sha": "v2.1_beta2"}, "tags": {"title": ["Back on the Streets"], "barcode": ["886976605124"], "media": ["CD"], "albumartist": ["Jeff Beck"], "tracktotal": ["11"], "musicbrainz_releasegroupid": ["31231274-27ce-4b5f-96b9-5a0ca49a2552"], "releasetype": ["album", "compilation"], "musicbrainz_recordingid": ["037a64b2-0761-49ce-8b7e-7e16f6dcc616"], "mood": ["Unknown"], "originalyear": ["2008"], "musicbrainz_releasetrackid": ["4a03b01a-bdd0-3a5c-ab4d-9c6e6265efe4"], "discnumber": ["2"], "totaldiscs": ["5"], "releasecountry": ["GB"], "file_name": "2-11 Back on the Streets.flac", "website": ["http://www.jeffbeck.com/"], "musicbrainz_albumartistid": ["14a4bc78-1c2d-4ca7-8d1b-9b58076a2a17"], "albumartistsort": ["Beck, Jeff"], "date": ["2011-01-24"], "genre": ["Hard Rock", "Jazz", "Instrumental"], "musicbrainz_albumid": ["4dcbb2b5-43af-476c-91a1-416e7c4d60e6"], "disctotal": ["5"], "discsubtitle": ["Flash"], "musicbrainz_artistid": ["14a4bc78-1c2d-4ca7-8d1b-9b58076a2a17"], "originaldate": ["2008-10-13"], "grouping": ["Rock"], "artist": ["Jeff Beck"], "tracknumber": ["11"], "artistsort": ["Beck, Jeff"], "album": ["Original Album Classics"], "label": ["Legacy"], "releasestatus": ["official"], "acoustid_id": ["ae8e5e06-97e7-474c-8f1c-27f21b3bd17b"], "script": ["Latn"], "totaltracks": ["11"]}}, "rhythm": {"bpm_histogram_first_peak_bpm": {"dmean2": 0, "median": 94, "min": 94, "dvar2": 0, "dvar": 0, "dmean": 0, "max": 94, "var": 0, "mean": 94}, "bpm": 93.931678772, "bpm_histogram_second_peak_spread": {"dmean2": 0, "median": 0, "min": 0, "dvar2": 0, "dvar": 0, "dmean": 0, "max": 0, "var": 0, "mean": 0}, "bpm_histogram_first_peak_weight": {"dmean2": 0, "median": 0.757142841816, "min": 0.757142841816, "dvar2": 0, "dvar": 0, "dmean": 0, "max": 0.757142841816, "var": 0, "mean": 0.757142841816}, "onset_rate": 3.74510169029, "beats_position": [0.603718817234, 1.23065757751, 1.8575963974, 2.48453521729, 3.12308382988, 3.76163268089, 4.40018129349, 5.0387301445, 5.67727899551, 6.31582736969, 6.9543762207, 7.59292507172, 8.23147392273, 8.87002277374, 9.49696159363, 10.1239004135, 10.7276191711, 11.3313379288, 11.9466667175, 12.5619955063, 13.1889343262, 13.8274831772, 14.4660310745, 15.1045799255, 15.7431287766, 16.3816776276, 17.0202255249, 17.6587753296, 18.2973232269, 18.9358730316, 19.574420929, 20.2129707336, 20.851518631, 21.4900684357, 22.128616333, 22.7787742615, 23.4173240662, 24.0558719635, 24.6828117371, 25.3213596344, 25.9599094391, 26.5984573364, 27.2370071411, 27.8755550385, 28.5141029358, 29.1642627716, 29.8028106689, 30.4413604736, 31.079908371, 31.7184581757, 32.357006073, 32.9955558777, 33.6341018677, 34.2726516724, 34.8995895386, 35.5497512817, 36.1882972717, 36.8268470764, 37.4653968811, 38.1039466858, 38.7424926758, 39.3810424805, 40.0079803467, 40.6581382751, 41.2966880798, 41.9352378845, 42.5737876892, 43.2123336792, 43.8392753601, 44.4778213501, 45.1163711548, 45.7665290833, 46.4050788879, 47.0436286926, 47.6705665588, 48.3091163635, 48.9476623535, 49.5978240967, 50.2247619629, 50.8633079529, 51.5018577576, 52.152015686, 52.8021774292, 53.4639434814, 54.1257133484, 54.7874832153, 55.4608612061, 56.122631073, 56.7727890015, 57.4113349915, 58.0498847961, 58.6884346008, 59.3269844055, 59.9655303955, 60.6040802002, 61.2426300049, 61.8811798096, 62.5197257996, 63.1582756042, 63.7968254089, 64.4353713989, 65.0739212036, 65.7124710083, 66.351020813, 66.9895706177, 67.6281204224, 68.2666625977, 68.9052124023, 69.543762207, 70.1823120117, 70.8208618164, 71.4594116211, 72.0979614258, 72.7481155396, 73.3866653442, 74.0252151489, 74.6521530151, 75.2790908813, 75.9060287476, 76.5329666138, 77.1483001709, 77.7520141602, 78.3673477173, 78.982673645, 79.6212234497, 80.2481613159, 80.8867111206, 81.5252609253, 82.16381073, 82.8023605347, 83.44090271, 84.0794525146, 84.7180023193, 85.356552124, 85.9951019287, 86.6336517334, 87.2722015381, 87.9107437134, 88.5492935181, 89.1878433228, 89.8263931274, 90.4649429321, 91.1034927368, 91.7420425415, 92.3805847168, 93.0191345215, 93.6576843262, 94.2962341309, 94.9347839355, 95.5733337402, 96.2118835449, 96.8504257202, 97.4889755249, 98.1275253296, 98.7776870728, 99.4162368774, 100.054779053, 100.704940796, 101.343490601, 101.982040405, 102.62059021, 103.259140015, 103.909294128, 104.547843933, 105.186393738, 105.836547852, 106.475097656, 107.113647461, 107.763809204, 108.402359009, 109.040908813, 109.691062927, 110.318000793, 110.956550598, 111.595100403, 112.233650208, 112.872200012, 113.510749817, 114.149291992, 114.787841797, 115.426391602, 116.064941406, 116.703491211, 117.342041016, 117.98059082, 118.630744934, 119.2576828, 119.896232605, 120.546394348, 121.184944153, 121.823486328, 122.462036133, 123.088973999, 123.739135742, 124.377685547, 125.016235352, 125.654785156, 126.293327332, 126.931877136, 127.570426941, 128.208984375, 128.847518921, 129.486068726, 130.12461853, 130.763168335, 131.40171814, 132.040267944, 132.678817749, 133.317367554, 133.955917358, 134.594467163, 135.233016968, 135.871566772, 136.510116577, 137.148666382, 137.787200928, 138.425750732, 139.064300537, 139.702850342, 140.341400146, 140.979949951, 141.618499756, 142.257049561, 142.895599365, 143.53414917, 144.172698975, 144.811248779, 145.449798584, 146.088348389, 146.726898193, 147.365432739, 148.003982544, 148.642532349, 149.281082153, 149.919631958, 150.558181763, 151.196731567, 151.835281372, 152.473831177, 153.112380981, 153.750930786, 154.389480591, 155.028030396, 155.6665802, 156.305114746, 156.943664551, 157.582214355, 158.22076416, 158.859313965, 159.49786377, 160.136413574, 160.774963379, 161.413513184, 162.052062988, 162.690612793, 163.329162598, 163.967712402, 164.606262207, 165.244796753, 165.883346558, 166.521896362, 167.160446167, 167.798995972, 168.437545776, 169.076095581, 169.714645386, 170.35319519, 170.991744995, 171.6302948, 172.268844604, 172.907394409, 173.545944214, 174.184494019, 174.823028564, 175.461578369, 176.100128174, 176.738677979, 177.377227783, 178.015777588, 178.654327393, 179.304489136, 179.931427002, 180.569976807, 181.208526611, 181.858688354, 182.485626221, 183.124176025, 183.762710571, 184.401260376, 185.039810181, 185.678359985, 186.31690979, 186.955459595, 187.594009399, 188.232559204, 188.871109009, 189.509658813, 190.148208618, 190.798370361, 191.425308228, 192.063858032, 192.702392578, 193.340942383, 193.979492188, 194.618041992, 195.256591797, 195.895141602, 196.533691406, 197.172241211, 197.810791016, 198.460952759, 199.087890625, 199.738052368, 200.376602173, 201.015136719, 201.653686523, 202.292236328, 202.930786133, 203.569335938, 204.207885742, 204.846435547, 205.484985352, 206.123535156, 206.762084961, 207.400634766, 208.03918457, 208.677734375, 209.327880859, 210.001266479, 210.6746521, 211.278366089, 211.882080078, 212.485794067, 213.0546875, 213.623580933, 214.134414673, 214.645263672, 215.144485474, 215.550842285, 215.957183838, 216.375137329, 216.804718018, 217.199447632, 217.594192505, 217.988937378, 218.383666992, 218.778411865, 219.1615448, 219.544662476, 219.92779541, 220.310928345], "beats_loudness": {"dmean2": 0.0196044147015, "median": 0.031400937587, "min": 4.88561013867e-09, "dvar2": 0.000300054234685, "dvar": 0.000117724965094, "dmean": 0.0115550477058, "max": 0.08740580827, "var": 0.000239780551055, "mean": 0.0300109516829}, "danceability": 1.13110148907, "bpm_histogram_second_peak_weight": {"dmean2": 0, "median": 0.0171428564936, "min": 0.0171428564936, "dvar2": 0, "dvar": 0, "dmean": 0, "max": 0.0171428564936, "var": 0, "mean": 0.0171428564936}, "beats_count": 351, "bpm_histogram_second_peak_bpm": {"dmean2": 0, "median": 99, "min": 99, "dvar2": 0, "dvar": 0, "dmean": 0, "max": 99, "var": 0, "mean": 99}, "bpm_histogram_first_peak_spread": {"dmean2": 0, "median": 0.17956662178, "min": 0.17956662178, "dvar2": 0, "dvar": 0, "dmean": 0, "max": 0.17956662178, "var": 0, "mean": 0.17956662178}, "beats_loudness_band_ratio": {"dmean2": [0.331463694572, 0.091648042202, 0.0840103849769, 0.106149688363, 0.116747997701, 0.116922385991], "median": [0.648849546909, 0.0609001815319, 0.0378214195371, 0.0307482555509, 0.0568321943283, 0.125891834497], "min": [0.00392569229007, 0.00133459200151, 4.23099809268e-05, 1.69361137523e-05, 3.18302022606e-06, 2.14046372093e-06], "dvar2": [0.0831493586302, 0.00913385581225, 0.0133575778455, 0.0286140665412, 0.0278416257352, 0.0182087328285], "dvar": [0.0370752364397, 0.00311018410139, 0.00500942999497, 0.010181765072, 0.0105385165662, 0.00658827321604], "dmean": [0.18732316792, 0.0517015084624, 0.048238992691, 0.0585200935602, 0.0653690695763, 0.0696263089776], "max": [0.998988986015, 0.398328602314, 0.680604159832, 0.664106070995, 0.759904563427, 0.703886628151], "var": [0.0536723993719, 0.00342727894895, 0.00502322195098, 0.00756587740034, 0.0116853425279, 0.00976988486946], "mean": [0.60410130024, 0.0742911472917, 0.0578300841153, 0.0595661699772, 0.0892951488495, 0.138715922832]}}, "lowlevel": {"barkbands_spread": {"dmean2": 13.7690029144, "median": 38.791683197, "min": 0.190822079778, "dvar2": 210.586303711, "dvar": 82.7953567505, "dmean": 8.39908409119, "max": 112.646896362, "var": 284.165618896, "mean": 37.1870536804}, "melbands_spread": {"dmean2": 24.0547046661, "median": 38.2347869873, "min": 0.208423361182, "dvar2": 674.669128418, "dvar": 273.650115967, "dmean": 14.6763401031, "max": 213.397125244, "var": 664.196899414, "mean": 40.6230621338}, "hfc": {"dmean2": 10.6712474823, "median": 21.5915412903, "min": 1.22989408934e-16, "dvar2": 214.359848022, "dvar": 86.1237411499, "dmean": 6.72513246536, "max": 148.831344604, "var": 320.226409912, "mean": 24.2103023529}, "barkbands_kurtosis": {"dmean2": 7.74362421036, "median": -0.425220131874, "min": -1.92131090164, "dvar2": 1272.22497559, "dvar": 473.293365479, "dmean": 4.67803668976, "max": 867.901977539, "var": 750.812194824, "mean": 4.8362827301}, "gfcc": {"mean": [-15.8754281998, 71.7355880737, -117.075721741, 60.8170280457, -51.6270217896, 13.2283411026, -25.4807033539, 8.59844398499, -21.0441703796, 2.08771944046, -15.0029439926, -3.09695935249, -7.68287992477], "icov": [[0.000178412199602, -0.000364403007552, 0.000437533395598, -0.000353160256054, 0.000407113897381, -0.000438639894128, 0.000749446742702, -0.000656593940221, 0.000798402295914, -0.000482155970531, 0.000523590715602, -0.000335889111739, 0.000397611700464], [-0.000364403007552, 0.002653287258, -0.00124931300525, 0.00143230019603, -0.00108214176726, 0.00249405018985, -0.00325063685887, 0.00252923974767, -0.00362673564814, 0.00221678358503, -0.003760576481, 0.00257498864084, -0.00234604766592], [0.000437533395598, -0.00124931300525, 0.00196353462525, -0.000663767044898, 2.25562653213e-05, -0.00151815754361, 0.00277933478355, -0.00174344948027, 0.00173647131305, -0.000595496268943, 0.00123172288295, -0.00137854274362, 0.00208951835521], [-0.000353160256054, 0.00143230019603, -0.000663767044898, 0.00363098573871, -0.00168350886088, 0.000489551923238, -0.00130791135598, 0.000889382674359, -0.00330271455459, 0.00302329496481, -0.00360201857984, 0.00258543551899, -0.00123810721561], [0.000407113897381, -0.00108214176726, 2.25562653213e-05, -0.00168350886088, 0.00712368264794, -0.001883787103, -0.00153337570373, 0.000681781384628, 0.000408981140936, -0.00248227384873, 0.00374366575852, -0.00257596326992, 0.00128641375341], [-0.000438639894128, 0.00249405018985, -0.00151815754361, 0.000489551923238, -0.001883787103, 0.00744790863246, -0.00411292538047, 0.00127860787325, -0.00129443511833, 0.00112231017556, -0.00420613866299, 0.0039732712321, -0.00192624516785], [0.000749446742702, -0.00325063685887, 0.00277933478355, -0.00130791135598, -0.00153337570373, -0.00411292538047, 0.0152477165684, -0.00807627849281, 0.00613350979984, -0.00139881647192, 0.000598397047725, -0.000768070516642, -0.000628649257123], [-0.000656593940221, 0.00252923974767, -0.00174344948027, 0.000889382674359, 0.000681781384628, 0.00127860787325, -0.00807627849281, 0.0170611906797, -0.0132060041651, 0.00305985659361, 0.00324948248453, -0.00805023591965, 0.00309827853926], [0.000798402295914, -0.00362673564814, 0.00173647131305, -0.00330271455459, 0.000408981140936, -0.00129443511833, 0.00613350979984, -0.0132060041651, 0.0253277458251, -0.00741559127346, -0.0032596453093, 0.00816425122321, -0.0043688765727], [-0.000482155970531, 0.00221678358503, -0.000595496268943, 0.00302329496481, -0.00248227384873, 0.00112231017556, -0.00139881647192, 0.00305985659361, -0.00741559127346, 0.0125781381503, -0.00671504251659, -0.000373928982299, 0.000678597309161], [0.000523590715602, -0.003760576481, 0.00123172288295, -0.00360201857984, 0.00374366575852, -0.00420613866299, 0.000598397047725, 0.00324948248453, -0.0032596453093, -0.00671504251659, 0.0260603968054, -0.0149597153068, 0.00608783494681], [-0.000335889111739, 0.00257498864084, -0.00137854274362, 0.00258543551899, -0.00257596326992, 0.0039732712321, -0.000768070516642, -0.00805023591965, 0.00816425122321, -0.000373928982299, -0.0149597153068, 0.0303708445281, -0.0142995780334], [0.000397611700464, -0.00234604766592, 0.00208951835521, -0.00123810721561, 0.00128641375341, -0.00192624516785, -0.000628649257123, 0.00309827853926, -0.0043688765727, 0.000678597309161, 0.00608783494681, -0.0142995780334, 0.026039827615]], "cov": [[22994.125, -1504.94030762, -4463.5625, 575.668395996, -1290.38415527, 106.855834961, -401.483459473, 289.675964355, -280.793151855, 166.903106689, -168.297592163, 37.4292030334, -65.2182312012], [-1504.94030762, 1505.32092285, 462.333221436, -142.905319214, 149.492904663, -215.040023804, 150.081832886, -68.782585144, 159.371276855, -22.4588451385, 137.726196289, -18.5040931702, 88.185546875], [-4463.5625, 462.333221436, 1760.96960449, -52.8456802368, 285.777099609, 45.8573493958, -14.9680356979, -39.9127426147, 46.639251709, -49.3391075134, 32.2794837952, -16.6677856445, -47.9358901978], [575.668395996, -142.905319214, -52.8456802368, 512.054992676, 53.7157707214, 98.8110351562, 21.9998912811, 42.6889381409, 52.3572349548, -41.5736465454, 23.7053127289, -29.0908908844, -4.61984729767], [-1290.38415527, 149.492904663, 285.777099609, 53.7157707214, 271.783538818, 53.9796562195, 73.9962615967, -5.61267280579, 33.3891448975, 10.6588382721, 15.2851905823, 0.0986841768026, 7.61969041824], [106.855834961, -215.040023804, 45.8573493958, 98.8110351562, 53.9796562195, 247.125045776, 34.4546203613, 22.0416851044, -5.73258113861, 7.53161001205, 5.5435423851, -10.3144426346, -14.2822284698], [-401.483459473, 150.081832886, -14.9680356979, 21.9998912811, 73.9962615967, 34.4546203613, 152.383926392, 45.7578735352, 27.8888320923, -1.8182336092, 24.7268447876, 15.0465126038, 26.2349681854], [289.675964355, -68.782585144, -39.9127426147, 42.6889381409, -5.61267280579, 22.0416851044, 45.7578735352, 141.613769531, 47.0950317383, 7.67288923264, 1.17569100857, 28.8391475677, 4.03868198395], [-280.793151855, 159.371276855, 46.639251709, 52.3572349548, 33.3891448975, -5.73258113861, 27.8888320923, 47.0950317383, 111.007087708, 33.5789756775, 36.8438835144, -5.76401138306, 16.3595924377], [166.903106689, -22.4588451385, -49.3391075134, -41.5736465454, 10.6588382721, 7.53161001205, -1.8182336092, 7.67288923264, 33.5789756775, 138.395828247, 39.5955314636, 18.9867191315, -0.319171488285], [-168.297592163, 137.726196289, 32.2794837952, 23.7053127289, 15.2851905823, 5.5435423851, 24.7268447876, 1.17569100857, 36.8438835144, 39.5955314636, 89.2844619751, 28.3115768433, 13.4501266479], [37.4292030334, -18.5040931702, -16.6677856445, -29.0908908844, 0.0986841768026, -10.3144426346, 15.0465126038, 28.8391475677, -5.76401138306, 18.9867191315, 28.3115768433, 74.2520217896, 26.5738391876], [-65.2182312012, 88.185546875, -47.9358901978, -4.61984729767, 7.61969041824, -14.2822284698, 26.2349681854, 4.03868198395, 16.3595924377, -0.319171488285, 13.4501266479, 26.5738391876, 63.8917732239]]}, "spectral_energyband_middle_low": {"dmean2": 0.00615038489923, "median": 0.00414937641472, "min": 2.31049937536e-22, "dvar2": 9.95426453301e-05, "dvar": 4.0733244532e-05, "dmean": 0.00376311899163, "max": 0.0905176997185, "var": 4.97712826473e-05, "mean": 0.00619539478794}, "melbands_crest": {"dmean2": 7.42561197281, "median": 14.9391937256, "min": 1.0929608345, "dvar2": 34.2843093872, "dvar": 13.0480585098, "dmean": 4.45370197296, "max": 34.5432167053, "var": 34.6292076111, "mean": 15.526714325}, "spectral_kurtosis": {"dmean2": 4.09889030457, "median": 2.38886165619, "min": -1.1859498024, "dvar2": 402.008575439, "dvar": 137.511291504, "dmean": 2.44635725021, "max": 418.857574463, "var": 819.044006348, "mean": 7.09754562378}, "spectral_rms": {"dmean2": 0.00150427606422, "median": 0.00432211067528, "min": 3.27279306087e-12, "dvar2": 2.39660357693e-06, "dvar": 9.98314362732e-07, "dmean": 0.000954315357376, "max": 0.0112822586671, "var": 2.99213479593e-06, "mean": 0.00426969164982}, "zerocrossingrate": {"dmean2": 0.0154595896602, "median": 0.08349609375, "min": 0.001953125, "dvar2": 0.000268106552539, "dvar": 0.000171823921846, "dmean": 0.0121731320396, "max": 0.505859375, "var": 0.00134025083389, "mean": 0.0826462954283}, "silence_rate_60dB": {"dmean2": 0.0327731110156, "median": 0, "min": 0, "dvar2": 0.037575814873, "dvar": 0.0161185003817, "dmean": 0.0163848344237, "max": 1, "var": 0.0648748427629, "mean": 0.0697332471609}, "erbbands_kurtosis": {"dmean2": 2.30780625343, "median": 0.00516176223755, "min": -1.87209033966, "dvar2": 43.3986587524, "dvar": 15.5710945129, "dmean": 1.40000903606, "max": 127.313690186, "var": 43.777797699, "mean": 1.37639117241}, "erbbands": {"dmean2": [0.248352199793, 1.74461019039, 4.10392332077, 9.79622936249, 9.69808197021, 5.92553138733, 4.93502187729, 4.84396648407, 6.54227781296, 8.18761444092, 9.03494167328, 10.8518896103, 19.0687904358, 18.3007926941, 14.9191389084, 16.2962551117, 16.4165878296, 19.3944950104, 21.9301452637, 26.379743576, 27.3947792053, 35.8289604187, 32.9719696045, 25.9990921021, 32.8647575378, 24.5041007996, 17.4787635803, 11.9239673615, 8.80333900452, 4.88806390762, 3.85559225082, 2.35316896439, 1.24471342564, 0.719577729702, 0.267164885998, 0.076362632215, 0.0145692089573, 0.00281665055081, 0.000574620033149, 4.58826216345e-05], "median": [0.10435526073, 0.524203002453, 1.14834523201, 2.10148835182, 2.50137138367, 2.53052139282, 2.72956633568, 3.32423877716, 3.79629397392, 4.00496387482, 4.17833042145, 5.71552181244, 6.30689716339, 4.68304586411, 4.9958024025, 6.73101425171, 7.38313484192, 7.63243818283, 8.73547077179, 9.97170829773, 14.8178291321, 15.9287548065, 13.1588029861, 17.9752807617, 26.2692432404, 24.5420799255, 18.7985420227, 13.572063446, 9.80269432068, 3.38502454758, 2.21422839165, 1.26022744179, 0.680463969707, 0.373412162066, 0.153341382742, 0.0466962382197, 0.00966127961874, 0.00157083244994, 0.000202029332286, 3.96527320845e-05], "min": [1.16741690158e-21, 1.04420768291e-20, 2.12644111707e-20, 1.36422213226e-20, 1.83252413526e-20, 1.0168943568e-19, 8.11520209476e-20, 2.7068410211e-19, 4.77559026479e-19, 1.32456503866e-18, 1.61990997977e-18, 6.94717822114e-19, 1.08681854476e-18, 1.63493685297e-18, 1.08287640876e-18, 2.40426724522e-18, 6.84832507146e-18, 4.95532844349e-18, 4.56238621966e-18, 4.29219553078e-18, 1.17442805585e-17, 8.01779467585e-18, 7.61805716329e-18, 8.41397613895e-18, 1.43693580848e-17, 1.37054215661e-17, 1.53170919998e-17, 1.63056902915e-17, 1.20219353117e-17, 1.20193114948e-17, 1.6722913575e-17, 1.20891834411e-17, 1.3835823281e-17, 1.39527072103e-17, 6.81271039659e-18, 5.50065470694e-18, 3.41408747587e-18, 1.34577612092e-18, 3.75365979978e-19, 3.52182711734e-20], "dvar2": [0.137560963631, 7.69351530075, 48.9404602051, 296.849884033, 365.666656494, 111.501808167, 85.8674621582, 62.9293212891, 123.991531372, 366.718841553, 681.885986328, 450.022888184, 2667.95043945, 3467.5534668, 10307.5429688, 2729.7019043, 2403.45922852, 4724.17773438, 4515.18994141, 6845.77734375, 4544.59179688, 6183.84130859, 7633.38330078, 2152.00878906, 3084.11669922, 1158.26171875, 655.804077148, 254.685272217, 146.083511353, 73.2662277222, 48.9991073608, 22.6729240417, 5.98864603043, 2.54670739174, 0.273804217577, 0.0203936286271, 0.000688877946232, 3.37921883329e-05, 1.93796404346e-06, 7.12865100283e-09], "dvar": [0.0496301949024, 2.80957460403, 17.521818161, 113.431022644, 140.796890259, 39.6351280212, 30.6624107361, 26.6773738861, 47.2104911804, 153.554962158, 295.517059326, 179.792358398, 1097.45214844, 1476.34118652, 3655.48364258, 1110.90002441, 1004.32330322, 1921.65637207, 1999.95593262, 2519.15576172, 1875.86328125, 2504.66650391, 3656.0534668, 908.26953125, 1265.08166504, 449.68963623, 241.224395752, 101.14591217, 60.9382171631, 31.6622142792, 21.4441699982, 8.89793872833, 2.53580784798, 0.996091008186, 0.113108024001, 0.00871230568737, 0.00031327601755, 1.6395095372e-05, 7.47024671455e-07, 2.76195843973e-09], "dmean": [0.14792740345, 1.01536560059, 2.36646509171, 5.73130750656, 5.71506023407, 3.38861632347, 2.94022846222, 3.01342129707, 3.97193789482, 4.99885702133, 5.52838373184, 6.62419033051, 11.8297519684, 11.4922523499, 9.33879756927, 10.1723127365, 10.3421888351, 12.2565498352, 13.8096494675, 16.0790634155, 17.0312004089, 21.8096885681, 20.2543792725, 15.6906557083, 20.1325397491, 14.6216945648, 10.4992103577, 7.21921300888, 5.52516078949, 3.13065075874, 2.54541015625, 1.47034215927, 0.787770748138, 0.446983158588, 0.172211900353, 0.0500797964633, 0.00960212666541, 0.00182570563629, 0.00034865969792, 2.82195996988e-05], "max": [2.72528672218, 19.8653450012, 46.1109962463, 166.058349609, 162.678726196, 111.001106262, 160.580154419, 190.900238037, 144.254882812, 410.754180908, 419.802490234, 298.544525146, 706.895690918, 1261.75720215, 3972.43334961, 2113.359375, 985.254821777, 2055.02587891, 1724.18200684, 1353.49206543, 1447.77868652, 1319.93347168, 2062.14233398, 899.147399902, 731.096008301, 529.613708496, 308.795074463, 154.882034302, 138.072616577, 85.9952392578, 73.157585144, 49.7948608398, 43.9470367432, 24.8796310425, 5.90575695038, 1.58489108086, 0.349167406559, 0.115427166224, 0.0163216590881, 0.000891933275852], "var": [0.0672953873873, 2.57674956322, 17.3360290527, 105.275810242, 131.518234253, 42.7050094604, 50.4302253723, 83.5033340454, 105.736465454, 339.380157471, 585.756591797, 386.633850098, 1977.68615723, 3186.27124023, 4873.18066406, 2958.06982422, 2440.56738281, 4064.93725586, 6179.29785156, 8029.02148438, 4012.45751953, 5444.08251953, 8787.3046875, 2120.37915039, 3147.2734375, 1048.87304688, 537.703613281, 253.193786621, 177.690460205, 86.4360809326, 61.7151870728, 19.1785564423, 5.79255008698, 1.73983764648, 0.2064640522, 0.0165106002241, 0.000746068544686, 5.61595006729e-05, 9.27393955408e-07, 3.19068860222e-09], "mean": [0.199007809162, 1.08105313778, 2.59944653511, 5.76162338257, 6.18834877014, 4.47593832016, 4.67180681229, 5.68523836136, 6.94424772263, 9.02820110321, 9.59722423553, 11.8191223145, 19.8778381348, 19.8235244751, 16.0482082367, 17.9932003021, 18.919631958, 22.5564441681, 26.9491519928, 31.7576637268, 31.9735965729, 40.0149002075, 38.0554962158, 32.2020301819, 43.5195846558, 32.643196106, 24.1706237793, 17.7367897034, 13.9443769455, 7.37124538422, 5.73787689209, 3.14077711105, 1.65614855289, 0.863733112812, 0.323003470898, 0.0904642641544, 0.0183165017515, 0.00362538662739, 0.000476939574583, 5.33474340045e-05]}, "spectral_strongpeak": {"dmean2": 1.31385838985, "median": 0.25686866045, "min": 0, "dvar2": 6.18473911285, "dvar": 2.5018248558, "dmean": 0.755831718445, "max": 18.8406124115, "var": 3.65995430946, "mean": 0.961414694786}, "spectral_energy": {"dmean2": 0.0155248353258, "median": 0.0191476605833, "min": 1.09789542051e-20, "dvar2": 0.000353195559001, "dvar": 0.000139615469379, "dmean": 0.0096072582528, "max": 0.130471587181, "var": 0.000235986095504, "mean": 0.0217528846115}, "average_loudness": 0.910263955593, "spectral_rolloff": {"dmean2": 1387.6081543, "median": 2583.984375, "min": 43.06640625, "dvar2": 2592616, "dvar": 1084179.125, "dmean": 810.52545166, "max": 18798.4863281, "var": 2568375, "mean": 2449.80664062}, "spectral_centroid": {"dmean2": 531.874084473, "median": 2366.39892578, "min": 101.680969238, "dvar2": 315852.21875, "dvar": 124672.78125, "dmean": 327.666748047, "max": 11552.1035156, "var": 577298.5625, "mean": 2249.13623047}, "pitch_salience": {"dmean2": 0.158554539084, "median": 0.543071746826, "min": 0.0553049892187, "dvar2": 0.0201227292418, "dvar": 0.00746012618765, "dmean": 0.0938806682825, "max": 0.996071338654, "var": 0.0161706395447, "mean": 0.531728386879}, "spectral_energyband_middle_high": {"dmean2": 0.00294614303857, "median": 0.00413608923554, "min": 1.58546309814e-21, "dvar2": 2.06635631912e-05, "dvar": 8.45440445119e-06, "dmean": 0.001835454721, "max": 0.099720440805, "var": 3.54309195245e-05, "mean": 0.00586356641725}, "spectral_contrast_coeffs": {"dmean2": [0.0966468006372, 0.0702050626278, 0.0605890788138, 0.0481298193336, 0.0357976704836, 0.0296123605222], "median": [-0.696556329727, -0.789234519005, -0.78504383564, -0.796196162701, -0.789051353931, -0.71724319458], "min": [-0.998528182507, -0.998357474804, -0.998944222927, -0.998582303524, -0.998651444912, -0.995695590973], "dvar2": [0.00595882674679, 0.00301727373153, 0.00234727328643, 0.00147500855383, 0.000876218022313, 0.000741735158954], "dvar": [0.00223464029841, 0.00109257141594, 0.000884552195203, 0.000579813029617, 0.000341387029039, 0.000330110924551], "dmean": [0.0586126372218, 0.0420508235693, 0.0368758738041, 0.0290312878788, 0.0216222237796, 0.0183623470366], "max": [-0.349216789007, -0.505319297314, -0.454343944788, -0.546056032181, -0.587095618248, -0.535718560219], "var": [0.00781824812293, 0.00356569583528, 0.00497495522723, 0.00389291509055, 0.00270469579846, 0.00347914895974], "mean": [-0.686255097389, -0.785550117493, -0.779893636703, -0.790982186794, -0.787748873234, -0.720877349377]}, "melbands_skewness": {"dmean2": 1.86944758892, "median": 2.23189401627, "min": -2.54390144348, "dvar2": 5.80680179596, "dvar": 2.41959238052, "dmean": 1.16818130016, "max": 25.37890625, "var": 7.44025611877, "mean": 2.86025547981}, "spectral_spread": {"dmean2": 653560, "median": 4143692, "min": 215492.0625, "dvar2": 735441387520, "dvar": 361070886912, "dmean": 435114.84375, "max": 39752428, "var": 2225557209090.0, "mean": 4333437}, "dissonance": {"dmean2": 0.0196347683668, "median": 0.487662613392, "min": 0.162566110492, "dvar2": 0.00110707292333, "dvar": 0.000366760563338, "dmean": 0.0113626215607, "max": 0.500000119209, "var": 0.000735306297429, "mean": 0.480869799852}, "spectral_skewness": {"dmean2": 0.318289637566, "median": 0.905098676682, "min": -0.0489302873611, "dvar2": 0.408333718777, "dvar": 0.144646257162, "dmean": 0.193655252457, "max": 17.7224750519, "var": 2.83857607841, "mean": 1.22705364227}, "spectral_flux": {"dmean2": 0.0429654940963, "median": 0.0815084502101, "min": 7.04097544157e-11, "dvar2": 0.00189330813009, "dvar": 0.000843275978696, "dmean": 0.0272223148495, "max": 0.322354584932, "var": 0.00186509534251, "mean": 0.0859010070562}, "spectral_contrast_valleys": {"dmean2": [0.690776288509, 0.594905436039, 0.532044768333, 0.486426860094, 0.444627672434, 0.437101572752], "median": [-6.90776920319, -6.76587963104, -7.42944765091, -7.48234987259, -6.81535482407, -9.84208297729], "min": [-27.3356285095, -27.2498264313, -27.4433689117, -27.4938812256, -27.2135810852, -27.2027301788], "dvar2": [0.324343174696, 0.282476335764, 0.248972371221, 0.247469142079, 0.2741779387, 0.364359050989], "dvar": [0.145617067814, 0.121003195643, 0.107156723738, 0.108411349356, 0.122519657016, 0.183852091432], "dmean": [0.427893608809, 0.359743416309, 0.323027521372, 0.293867826462, 0.270555257797, 0.30273988843], "max": [-5.44647312164, -5.10558414459, -5.68445968628, -5.89114570618, -5.28681945801, -7.83666944504], "var": [1.63763940334, 2.11724901199, 2.2380926609, 2.54450011253, 3.02193260193, 2.49211740494], "mean": [-7.24942064285, -7.13922214508, -7.76117563248, -7.88397264481, -7.23733186722, -10.100687027]}, "erbbands_flatness_db": {"dmean2": 0.0254155602306, "median": 0.139084219933, "min": 0.019872719422, "dvar2": 0.000596910249442, "dvar": 0.000281145155896, "dmean": 0.0169602688402, "max": 0.464975267649, "var": 0.00302521651611, "mean": 0.149679630995}, "spectral_energyband_high": {"dmean2": 0.000838798994664, "median": 0.00122534926049, "min": 8.02352027141e-21, "dvar2": 1.60443562436e-06, "dvar": 6.56981058e-07, "dmean": 0.000526532123331, "max": 0.0136726852506, "var": 1.91702156371e-06, "mean": 0.00158316199668}, "spectral_entropy": {"dmean2": 0.196809098125, "median": 7.8732624054, "min": 4.09420871735, "dvar2": 0.0439048781991, "dvar": 0.018375409767, "dmean": 0.124286152422, "max": 9.97825813293, "var": 0.414304882288, "mean": 7.75942230225}, "silence_rate_20dB": {"dmean2": 0, "median": 1, "min": 1, "dvar2": 0, "dvar": 0, "dmean": 0, "max": 1, "var": 0, "mean": 1}, "melbands_flatness_db": {"dmean2": 0.0583928599954, "median": 0.148170724511, "min": 0.000722838914953, "dvar2": 0.00337453768589, "dvar": 0.00131106865592, "dmean": 0.035732101649, "max": 0.798013329506, "var": 0.013873681426, "mean": 0.178321778774}, "barkbands": {"dmean2": [0.000288222508971, 0.00781318265945, 0.00374739384279, 0.00420028390363, 0.00192895752843, 0.0005710166879, 0.000514176208526, 0.000425778707722, 0.000597686273977, 0.000674147915561, 0.000366253545508, 0.000397703814087, 0.000361028156476, 0.000479112059111, 0.000473087013233, 0.000489628990181, 0.000711679516826, 0.00056901643984, 0.000654173723888, 0.000524872564711, 0.00034928045352, 0.000232005870203, 0.000136885297252, 8.9121516794e-05, 5.05317620991e-05, 1.04603241198e-05, 3.14342787533e-06], "median": [0.000144264951814, 0.0030121114105, 0.000939916295465, 0.000675530405715, 0.000836058752611, 0.000387324078474, 0.000267906871159, 0.000166304467712, 0.000260206288658, 0.000144297955558, 8.18071712274e-05, 0.000138341420097, 0.000137468799949, 0.00014329548867, 0.000154574023327, 0.000216978543904, 0.000250732526183, 0.000216646760236, 0.000452199019492, 0.000494818261359, 0.000395751441829, 0.00024212221615, 7.86036252975e-05, 4.72872707178e-05, 2.84825309791e-05, 6.95115340932e-06, 1.0798285075e-06], "min": [3.61096661744e-24, 4.97587805257e-23, 1.22415238057e-23, 4.30576098731e-24, 2.93239099112e-23, 2.3856939755e-23, 6.44072428044e-23, 6.15526454892e-23, 2.09056564918e-23, 3.27700708638e-23, 2.75520241885e-23, 4.80792388605e-23, 1.23350746627e-22, 9.22288333859e-23, 6.11256571693e-23, 2.17899739842e-22, 1.18535426065e-22, 1.53101392422e-22, 2.28618756578e-22, 3.70259855449e-22, 4.47129087383e-22, 3.44259959268e-22, 5.73108179706e-22, 8.16307761629e-22, 1.12698754037e-21, 1.7036729834e-21, 2.77664821471e-21], "dvar2": [2.08138928315e-07, 0.000141276119393, 4.6016091801e-05, 6.31960429018e-05, 1.39796948133e-05, 8.30303633848e-07, 9.6862004284e-07, 1.33149012527e-06, 1.82822884653e-06, 4.15116574004e-06, 5.14675093655e-06, 1.4130711179e-06, 1.1012300547e-06, 2.76617333839e-06, 1.92476250049e-06, 1.59412593348e-06, 3.10109248858e-06, 2.04234902412e-06, 1.28570297875e-06, 5.17887087881e-07, 2.39940646907e-07, 1.09202147769e-07, 6.12714856629e-08, 3.20901207829e-08, 1.20686625138e-08, 3.83301446139e-10, 5.93819438066e-11], "dvar": [8.94754705882e-08, 5.15565589012e-05, 1.63985569088e-05, 2.54282367678e-05, 4.89209605803e-06, 3.24919909644e-07, 4.06239621498e-07, 5.39580810255e-07, 7.37653124361e-07, 1.66613438068e-06, 1.95894585886e-06, 5.67399297324e-07, 4.7695016292e-07, 1.15852719773e-06, 7.36009781122e-07, 6.36664367448e-07, 1.29291129269e-06, 9.40382449244e-07, 5.28413977463e-07, 2.01812255796e-07, 9.01292693811e-08, 4.58039650653e-08, 2.72446705196e-08, 1.28570425417e-08, 4.6928629871e-09, 1.74253472762e-10, 2.30953641628e-11], "dmean": [0.000189115686226, 0.00460489839315, 0.00215649325401, 0.00249438383617, 0.00109942979179, 0.000349573820131, 0.000314144184813, 0.000258395710262, 0.000366073829355, 0.000418357725721, 0.000228835182497, 0.000245103175985, 0.000225518262596, 0.00029753355193, 0.000289791147225, 0.00030271205469, 0.000432160915807, 0.000346302287653, 0.000399778218707, 0.000313437660225, 0.00021129900415, 0.000144827965414, 9.04231492314e-05, 5.53873069293e-05, 3.18656020681e-05, 7.0125252023e-06, 1.90692628621e-06], "max": [0.00431157881394, 0.082473307848, 0.0553127527237, 0.0723220482469, 0.0353042446077, 0.0165262781084, 0.0225093271583, 0.0185206662863, 0.0228700265288, 0.0385232791305, 0.09358587116, 0.042757499963, 0.0204679239541, 0.0361750461161, 0.0264275558293, 0.0208219066262, 0.0358858034015, 0.0325122773647, 0.0177813731134, 0.0113859139383, 0.00527741294354, 0.00368040823378, 0.00241229892708, 0.00220298487693, 0.0015065233456, 0.000262317276793, 0.000104452883534], "var": [2.45867056492e-07, 5.42258057976e-05, 1.69406030182e-05, 2.36325759033e-05, 4.52129370387e-06, 8.54599875311e-07, 9.43402199027e-07, 1.0878015928e-06, 1.42127885283e-06, 3.10953123517e-06, 3.25047471961e-06, 1.54585791279e-06, 1.17601916827e-06, 3.40687847711e-06, 1.93881669475e-06, 1.30567559609e-06, 2.46062199949e-06, 2.09759650716e-06, 1.28143676648e-06, 4.38080945742e-07, 2.17807226477e-07, 1.27422595142e-07, 8.1529350382e-08, 2.74865907812e-08, 8.00764343722e-09, 4.16066070485e-10, 3.1611619572e-11], "mean": [0.0003582405