{"tonal": {"thpcp": [1, 0.530434966087, 0.181563943624, 0.133374154568, 0.0807052776217, 0.0803838223219, 0.111533612013, 0.145312324166, 0.32085442543, 0.485431134701, 0.311486691236, 0.105156078935, 0.0701922178268, 0.0665959790349, 0.430382341146, 0.850404918194, 0.542821645737, 0.150572568178, 0.103969320655, 0.0923073664308, 0.224303141236, 0.41414386034, 0.452322900295, 0.423342913389, 0.363353550434, 0.229433596134, 0.189082309604, 0.322326630354, 0.490642726421, 0.498684734106, 0.379193753004, 0.212928503752, 0.106211572886, 0.115123830736, 0.218542605639, 0.721203505993], "hpcp": {"dmean2": [0.323853850365, 0.256010353565, 0.149350732565, 0.082864664495, 0.0514550618827, 0.0491269789636, 0.0600570291281, 0.0788271650672, 0.132917717099, 0.165110781789, 0.127540320158, 0.0669262483716, 0.0487821884453, 0.0567751713097, 0.172147870064, 0.269468516111, 0.196998104453, 0.13908483088, 0.116069510579, 0.101978212595, 0.173733428121, 0.261634260416, 0.259648650885, 0.20899951458, 0.221079573035, 0.17926672101, 0.160553440452, 0.201367020607, 0.234711676836, 0.292316347361, 0.273362666368, 0.175230711699, 0.115468733013, 0.126709446311, 0.170405134559, 0.340320169926], "median": [0.355103075504, 0.168071225286, 0.018286883831, 0.00627246592194, 0.00497116427869, 0.012085380964, 0.0184689965099, 0.0312650874257, 0.0621044449508, 0.0591357462108, 0.0370563417673, 0.0151313869283, 0.00731162913144, 0.00979997683316, 0.128627449274, 0.238209083676, 0.144927486777, 0.0211426392198, 0.0114029198885, 0.00823882687837, 0.0392734631896, 0.0837760493159, 0.095232218504, 0.0783473849297, 0.055166952312, 0.0265972241759, 0.0252835787833, 0.0373191609979, 0.0507267788053, 0.0799020677805, 0.0465794205666, 0.0205014478415, 0.0100919380784, 0.00924075301737, 0.0260948985815, 0.205414131284], "min": [0, 0, 0, 0, 0, 0, 0, 0, 0, 0, 0, 0, 0, 0, 0, 0, 0, 0, 0, 0, 0, 0, 0, 0, 0, 0, 0, 0, 0, 0, 0, 0, 0, 0, 0, 0], "dvar2": [0.11988465488, 0.0864956825972, 0.0628630146384, 0.029062775895, 0.0144445290789, 0.0124479951337, 0.0139092179015, 0.0197487175465, 0.0354127399623, 0.0678812786937, 0.0407970547676, 0.0155157838017, 0.0112006776035, 0.0106587857008, 0.0389772728086, 0.0969949811697, 0.0546539537609, 0.0669686719775, 0.0563032925129, 0.0540117993951, 0.0833197832108, 0.116158507764, 0.10116134584, 0.0901854932308, 0.10040551424, 0.0918247401714, 0.0846186280251, 0.0991869345307, 0.111919119954, 0.135644122958, 0.144097015262, 0.0854607522488, 0.0547239370644, 0.0671046450734, 0.0668795779347, 0.13938190043], "dvar": [0.0499958693981, 0.0318065471947, 0.0229357965291, 0.0111458124593, 0.00553187308833, 0.00479752803221, 0.00570673495531, 0.00788558833301, 0.0133815677837, 0.0289619993418, 0.0175396576524, 0.0059761130251, 0.00440032500774, 0.00386783736758, 0.0151591794565, 0.0412521772087, 0.0206351168454, 0.0222029853612, 0.0183727033436, 0.0175683591515, 0.0277087129653, 0.0429522506893, 0.0384106822312, 0.0322174355388, 0.0371046327055, 0.0335193239152, 0.031346116215, 0.037910297513, 0.0457316674292, 0.0546253696084, 0.0544234737754, 0.0313477106392, 0.0193121563643, 0.0236392375082, 0.0250249989331, 0.0529194585979], "dmean": [0.189890161157, 0.150128215551, 0.0823405534029, 0.0469007790089, 0.028895335272, 0.0288920570165, 0.0368198379874, 0.0479116216302, 0.0810103714466, 0.101567536592, 0.0783521160483, 0.0392798297107, 0.0288422051817, 0.0319404155016, 0.104013457894, 0.162941873074, 0.117229938507, 0.0771097391844, 0.0629843696952, 0.0550728663802, 0.0964642092586, 0.149279415607, 0.151088371873, 0.122251778841, 0.128869533539, 0.102593295276, 0.0902543440461, 0.117371715605, 0.137198582292, 0.171411007643, 0.157242178917, 0.0981014594436, 0.0625635385513, 0.0693038105965, 0.0978590026498, 0.196111559868], "max": [1, 1, 1, 1, 1, 1, 1, 1, 1, 1, 1, 1, 1, 0.860816597939, 1, 1, 1, 1, 1, 1, 1, 1, 1, 1, 1, 1, 1, 1, 1, 1, 1, 1, 1, 1, 1, 1], "var": [0.138616546988, 0.0530247949064, 0.0290479660034, 0.0269423015416, 0.0135894836858, 0.00805651023984, 0.0103305131197, 0.0120622888207, 0.0369404777884, 0.097878806293, 0.0481624267995, 0.00913116615266, 0.00601068325341, 0.00354741606861, 0.0350362434983, 0.13036698103, 0.0630088374019, 0.0178571492434, 0.0122593287379, 0.0124899772927, 0.028447246179, 0.0621225945652, 0.0656045675278, 0.0677549242973, 0.0580555684865, 0.0357270725071, 0.0290084201843, 0.0545360930264, 0.102841600776, 0.0862514898181, 0.0665573179722, 0.0311706643552, 0.0132792247459, 0.0166715495288, 0.029522318393, 0.102812997997], "mean": [0.452248066664, 0.239888191223, 0.0821119397879, 0.0603182055056, 0.0364988073707, 0.0363534279168, 0.0504408590496, 0.0657172203064, 0.145105794072, 0.219535291195, 0.140869259834, 0.0475566349924, 0.0317442938685, 0.0301179029047, 0.194639578462, 0.384593993425, 0.245490029454, 0.0680961534381, 0.0470199249685, 0.041745826602, 0.101440660655, 0.187295764685, 0.204562157393, 0.191456019878, 0.164325937629, 0.103760898113, 0.0855121091008, 0.145771592855, 0.221892222762, 0.225529208779, 0.17148964107, 0.0962965041399, 0.04803397879, 0.0520645305514, 0.0988354682922, 0.326162904501]}, "tuning_equal_tempered_deviation": 0.0607794485986, "chords_changes_rate": 0.0509207062423, "key_key": "D", "tuning_diatonic_strength": 0.506903588772, "key_scale": "minor", "chords_number_rate": 0.00169109355193, "tuning_frequency": 436.204162598, "tuning_nontempered_energy_ratio": 0.661298155785, "chords_histogram": [38.2938728333, 8.49304771423, 11.5933856964, 8.34272861481, 0, 0, 1.54077410698, 26.5877494812, 0.319428771734, 1.33408498764, 0.150319427252, 0.169109359384, 0, 0, 0, 0.0187899284065, 0.150319427252, 0, 0, 0, 0.112739570439, 0, 1.57835400105, 1.315294981], "key_strength": 0.658617556095, "chords_key": "D", "chords_strength": {"dmean2": 0.00728947622702, "median": 0.527711749077, "min": -1, "dvar2": 0.000779141264502, "dvar": 0.000410148990341, "dmean": 0.00737618841231, "max": 0.727813959122, "var": 0.0384027808905, "mean": 0.492737472057}, "chords_scale": "minor", "hpcp_entropy": {"dmean2": 0.899085044861, "median": 1.84211981297, "min": 0, "dvar2": 0.584335625172, "dvar": 0.228649228811, "dmean": 0.532776355743, "max": 4.3882393837, "var": 0.531230211258, "mean": 1.81187391281}}, "metadata": {"audio_properties": {"equal_loudness": 0, "codec": "flac", "downmix": "mix", "sample_rate": 44100, "analysis_sample_rate": 44100, "bit_rate": 0, "md5_encoded": "af54764e7ace07d90a8501ddb37f4c22", "length": 247.106674194, "replay_gain": -12.8612136841, "lossless": true}, "version": {"essentia_build_sha": "70f2e5ece6736b2c40cc944ad0e695b16b925413", "essentia": "2.1-beta2", "extractor": "music 1.0", "essentia_git_sha": "v2.1_beta2"}, "tags": {"title": ["Dance of the Satyrs"], "barcode": ["3760006860608"], "media": ["CD"], "albumartist": ["Daemonia Nymphe"], "tracktotal": ["9"], "language": ["eng"], "releasetype": ["album"], "musicbrainz_recordingid": ["03811763-99cb-4bb6-b3d0-d2b9b3f2f790"], "musicbrainz_releasegroupid": ["f6a2dfad-b3e4-3f00-b34b-144473a39dc7"], "musicbrainz_albumartistid": ["d04dcf2a-4b9c-485a-958b-191a78e97ac7"], "musicbrainz_releasetrackid": ["61a350ff-77fd-37a7-ab85-bd566271ef62"], "discnumber": ["1"], "totaldiscs": ["1"], "catalognumber": ["PRIK060"], "releasecountry": ["FR"], "file_name": "05_Dance_of_the_Satyrs.flac", "originaldate": ["2002-09"], "albumartistsort": ["Daemonia Nymphe"], "date": ["2002-09"], "genre": ["Folk; Published By Prikosnovenie"], "disctotal": ["1"], "musicbrainz_artistid": ["d04dcf2a-4b9c-485a-958b-191a78e97ac7"], "asin": ["B000077W7T"], "musicbrainz_albumid": ["e1df1c3e-2db3-4842-88d1-3c7e2d8adaef"], "artist": ["Daemonia Nymphe"], "tracknumber": ["5"], "artistsort": ["Daemonia Nymphe"], "album": ["Daemonia Nymphe"], "label": ["Prikosnov\u00e9nie"], "releasestatus": ["official"], "acoustid_id": ["2fb43b40-8d53-4ca6-9c44-a7da39260a5f"], "script": ["Latn"], "totaltracks": ["9"]}}, "rhythm": {"bpm_histogram_first_peak_bpm": {"dmean2": 0, "median": 133, "min": 133, "dvar2": 0, "dvar": 0, "dmean": 0, "max": 133, "var": 0, "mean": 133}, "bpm": 132.640899658, "bpm_histogram_second_peak_spread": {"dmean2": 0, "median": 0.441860437393, "min": 0.441860437393, "dvar2": 0, "dvar": 0, "dmean": 0, "max": 0.441860437393, "var": 0, "mean": 0.441860437393}, "bpm_histogram_first_peak_weight": {"dmean2": 0, "median": 0.371212124825, "min": 0.371212124825, "dvar2": 0, "dvar": 0, "dmean": 0, "max": 0.371212124825, "var": 0, "mean": 0.371212124825}, "onset_rate": 4.08306360245, "beats_position": [0.557278871536, 1.1261677742, 1.70666658878, 2.28716540337, 2.87927436829, 3.43655323982, 3.98222208023, 4.52789115906, 5.06195020676, 5.60761880875, 6.15328788757, 6.6989569664, 7.25623559952, 7.80190467834, 8.33596324921, 8.87002277374, 9.4040813446, 9.91492080688, 10.4373693466, 10.95981884, 11.4938774109, 12.0279359818, 12.5503854752, 13.0728340149, 13.5952835083, 14.1293420792, 14.66340065, 15.1974601746, 15.7315187454, 16.2655773163, 16.7880268097, 17.298866272, 17.8213157654, 18.3553733826, 18.877822876, 19.4002723694, 19.9227199554, 20.4451694489, 20.9560089111, 21.4668483734, 21.9892959595, 22.5001354218, 23.010974884, 23.5218143463, 24.0326519012, 24.5434913635, 25.0543308258, 25.5651702881, 26.0876178741, 26.6100673676, 27.1092967987, 27.6085262299, 28.1077537537, 28.6069831848, 29.0946025848, 29.5822219849, 30.0698413849, 30.5574588776, 31.0450782776, 31.5326976776, 32.0203170776, 32.5079345703, 32.9955558777, 33.4831733704, 33.9707946777, 34.4468002319, 34.9228096008, 35.3872108459, 35.8516082764, 36.3392295837, 36.8036270142, 37.2680282593, 37.7440338135, 38.2200431824, 38.6844444275, 39.1488418579, 39.613243103, 40.0776405334, 40.5420417786, 41.0180473328, 41.4940567017, 41.9584579468, 42.4228553772, 42.8988647461, 43.374874115, 43.8392753601, 44.3036727905, 44.7680702209, 45.2324714661, 45.6968688965, 46.1612701416, 46.625667572, 47.0900688171, 47.5544662476, 48.018863678, 48.4832649231, 48.9476623535, 49.4120635986, 49.8764610291, 50.3408622742, 50.8052597046, 51.2580490112, 51.7108383179, 52.1636276245, 52.6164169312, 53.0808143616, 53.5452156067, 54.0096130371, 54.4740142822, 54.9384117126, 55.4028091431, 55.8555984497, 56.3083877563, 56.7727890015, 57.2371864319, 57.701587677, 58.1659851074, 58.6303825378, 59.0831718445, 59.5359611511, 60.0003623962, 60.4531517029, 60.9175491333, 61.3703384399, 61.8347396851, 62.2991371155, 62.7403144836, 63.1931037903, 63.6575050354, 64.1102905273, 64.563079834, 65.0158691406, 65.4686584473, 65.9098434448, 66.3626327515, 66.8038101196, 67.2565994263, 67.7093887329, 68.1737823486, 68.6265716553, 69.0793609619, 69.5321502686, 69.9733352661, 70.4261245728, 70.8905181885, 71.3549194336, 71.8193206787, 72.2953262329, 72.759727478, 73.2357330322, 73.7001342773, 74.152923584, 74.6057128906, 75.0701141357, 75.5229034424, 75.975692749, 76.4400863647, 76.8928756714, 77.345664978, 77.7984542847, 78.2512435913, 78.7272567749, 79.1800460815, 79.6328353882, 80.0856246948, 80.5384140015, 80.9912033081, 81.4439926147, 81.8967819214, 82.349571228, 82.8023605347, 83.2435379028, 83.684715271, 84.1491165161, 84.5902938843, 85.0430831909, 85.4958724976, 85.9602737427, 86.4130630493, 86.865852356, 87.3302459717, 87.7830352783, 88.2242126465, 88.6770019531, 89.1414031982, 89.6058044434, 90.0702056885, 90.5345993042, 90.9990005493, 91.4634017944, 91.9161911011, 92.3805847168, 92.8449859619, 93.2977752686, 93.7389526367, 94.2033538818, 94.667755127, 95.1205444336, 95.5733337402, 96.037727356, 96.5021286011, 96.9433059692, 97.3844909668, 97.8372802734, 98.2900695801, 98.7544631958, 99.2188644409, 99.6716537476, 100.124443054, 100.565620422, 101.006797791, 101.471199036, 101.935600281, 102.376777649, 102.817955017, 103.270744324, 103.72353363, 104.176322937, 104.629112244, 105.08190155, 105.534690857, 105.987480164, 106.44026947, 106.893058777, 107.345848083, 107.787025452, 108.22820282, 108.680992126, 109.133781433, 109.574966431, 110.027755737, 110.480545044, 110.94493866, 111.397727966, 111.850517273, 112.314918518, 112.767707825, 113.23210907, 113.684898376, 114.149291992, 114.602081299, 115.054870605, 115.507659912, 115.960449219, 116.401634216, 116.842811584, 117.283988953, 117.736778259, 118.189567566, 118.653968811, 119.118362427, 119.571151733, 120.02394104, 120.465126038, 120.906303406, 121.370697021, 121.835098267, 122.287887573, 122.74067688, 123.205078125, 123.66947937, 124.133872986, 124.586662292, 125.039451599, 125.503852844, 125.956642151, 126.409431458, 126.862220764, 127.315010071, 127.767799377, 128.220581055, 128.661773682, 129.114562988, 129.567337036, 130.031738281, 130.484527588, 130.937316895, 131.390106201, 131.842895508, 132.295684814, 132.748474121, 133.189651489, 133.630844116, 134.072021484, 134.513198853, 134.954376221, 135.395553589, 135.848342896, 136.301132202, 136.753921509, 137.206710815, 137.659500122, 138.112289429, 138.553466797, 138.994644165, 139.435821533, 139.88861084, 140.341400146, 140.805801392, 141.24697876, 141.699768066, 142.152557373, 142.616958618, 143.069747925, 143.522537231, 143.975326538, 144.428115845, 144.89251709, 145.356918335, 145.82131958, 146.262496948, 146.715286255, 147.168075562, 147.620864868, 148.073654175, 148.526443481, 148.979232788, 149.420410156, 149.873199463, 150.32598877, 150.778778076, 151.231567383, 151.672744751, 152.125534058, 152.578323364, 153.019500732, 153.472290039, 153.925079346, 154.366256714, 154.819046021, 155.271835327, 155.713012695, 156.165802002, 156.618591309, 157.059768677, 157.500946045, 157.942123413, 158.406524658, 158.847702026, 159.288879395, 159.741668701, 160.194458008, 160.635650635, 161.088439941, 161.541213989, 161.994003296, 162.446792603, 162.899581909, 163.352371216, 163.805160522, 164.246353149, 164.687530518, 165.140319824, 165.593109131, 166.045898438, 166.487075806, 166.928253174, 167.38104248, 167.833831787, 168.286621094, 168.7394104, 169.180587769, 169.621765137, 170.062942505, 170.52734375, 170.968521118, 171.409698486, 171.862487793, 172.3152771, 172.756454468, 173.197631836, 173.638824463, 174.080001831, 174.509567261, 174.950744629, 175.403533936, 175.844711304, 176.29750061, 176.750289917, 177.191467285, 177.632644653, 178.08543396, 178.526611328, 178.956192017, 179.385757446, 179.838546753, 180.29133606, 180.744125366, 181.185302734, 181.626480103, 182.067657471, 182.508834839, 182.950012207, 183.391204834, 183.832382202, 184.285171509, 184.737960815, 185.179138184, 185.620315552, 186.073104858, 186.525894165, 186.99029541, 187.454696655, 187.919082642, 188.371871948, 188.836273193, 189.2890625, 189.741851807, 190.194641113, 190.64743042, 191.100219727, 191.553009033, 192.00579834, 192.458587646, 192.911376953, 193.352554321, 193.793731689, 194.246520996, 194.699310303, 195.152099609, 195.604888916, 196.046066284, 196.475646973, 196.905212402, 197.346389771, 197.799179077, 198.240356445, 198.693145752, 199.13432312, 199.575500488, 200.016693115, 200.469467163, 200.92225647, 201.375045776, 201.827835083, 202.26902771, 202.721817017, 203.174606323, 203.615783691, 204.05696106, 204.498138428, 204.939315796, 205.380493164, 205.833282471, 206.286071777, 206.727249146, 207.168426514, 207.598007202, 208.027572632, 208.46875, 208.909927368, 209.351104736, 209.803894043, 210.25668335, 210.697860718, 211.139038086, 211.591827393, 212.033004761, 212.474197388, 212.926986694, 213.368164062, 213.820953369, 214.273742676, 214.714920044, 215.156097412, 215.59727478, 216.038452148, 216.491241455, 216.944030762, 217.38520813, 217.826385498, 218.267562866, 218.708755493, 219.149932861, 219.591110229, 220.043899536, 220.496688843, 220.949478149, 221.402267456, 221.843444824, 222.284622192, 222.737411499, 223.190200806, 223.654602051, 224.095779419, 224.560180664, 225.036193848, 225.500579834, 225.976593018, 226.452606201, 226.940216064, 227.427841187, 227.90385437, 228.391464233, 228.890701294, 229.389923096, 229.877548218, 230.353561401, 230.829559326, 231.30557251, 231.793197632, 232.280807495, 232.780044556, 233.256057739, 233.732055664, 234.219680786, 234.684082031, 235.148483276, 235.612869263, 236.088882446, 236.56489563, 237.040908813, 237.516906738, 238.050964355, 238.585037231, 239.119094849, 239.664764404, 240.21043396, 240.779312134, 241.336593628, 241.905487061, 242.451156616, 242.996826172, 243.542495728, 244.12298584, 244.703491211, 245.283981323, 245.864486694, 246.444976807], "beats_loudness": {"dmean2": 0.0657918602228, "median": 0.0346888899803, "min": 0, "dvar2": 0.00367573974654, "dvar": 0.00114243011922, "dmean": 0.0340046286583, "max": 0.183426082134, "var": 0.00128644402139, "mean": 0.0445375293493}, "danceability": 1.2152762413, "bpm_histogram_second_peak_weight": {"dmean2": 0, "median": 0.0454545468092, "min": 0.0454545468092, "dvar2": 0, "dvar": 0, "dmean": 0, "max": 0.0454545468092, "var": 0, "mean": 0.0454545468092}, "beats_count": 529, "bpm_histogram_second_peak_bpm": {"dmean2": 0, "median": 126, "min": 126, "dvar2": 0, "dvar": 0, "dmean": 0, "max": 126, "var": 0, "mean": 126}, "bpm_histogram_first_peak_spread": {"dmean2": 0, "median": 0.517241358757, "min": 0.517241358757, "dvar2": 0, "dvar": 0, "dmean": 0, "max": 0.517241358757, "var": 0, "mean": 0.517241358757}, "beats_loudness_band_ratio": {"dmean2": [0.41616165638, 0.311912477016, 0.204120323062, 0.148497194052, 0.0613663457334, 0.0485736019909], "median": [0.308989048004, 0.234042704105, 0.148869603872, 0.100644260645, 0.0278603862971, 0.0178940463811], "min": [0, 0, 0, 0, 0, 0], "dvar2": [0.104044981301, 0.0772745460272, 0.0273488406092, 0.0235278680921, 0.00474440259859, 0.00531534804031], "dvar": [0.0364785641432, 0.0264198873192, 0.00975539907813, 0.00788640510291, 0.00177644332871, 0.00163732003421], "dmean": [0.239988937974, 0.17819018662, 0.11652430892, 0.0862655043602, 0.0339926667511, 0.0261825267226], "max": [0.942113161087, 0.870034456253, 0.699438273907, 0.789922893047, 0.532382190228, 0.302266895771], "var": [0.0615614764392, 0.0407522693276, 0.0172915365547, 0.0165789555758, 0.0043095597066, 0.00136658537667], "mean": [0.380096882582, 0.277961194515, 0.181760534644, 0.139584437013, 0.0456637218595, 0.0298122987151]}}, "lowlevel": {"barkbands_spread": {"dmean2": 6.24020147324, "median": 15.437040329, "min": 0.717843949795, "dvar2": 81.3210830688, "dvar": 35.5985183716, "dmean": 4.11646270752, "max": 103.873977661, "var": 78.7398681641, "mean": 16.4787826538}, "melbands_spread": {"dmean2": 7.02098655701, "median": 17.4409179688, "min": 0.774171173573, "dvar2": 80.5020294189, "dvar": 34.5120162964, "dmean": 4.53033638, "max": 158.149642944, "var": 229.034790039, "mean": 19.6001358032}, "hfc": {"dmean2": 7.38281536102, "median": 10.4105453491, "min": 1.04519451855e-16, "dvar2": 353.92489624, "dvar": 148.63192749, "dmean": 5.08268499374, "max": 266.682983398, "var": 338.640869141, "mean": 16.5534057617}, "barkbands_kurtosis": {"dmean2": 3.23585176468, "median": 1.94584560394, "min": -1.7687882185, "dvar2": 34.9541854858, "dvar": 14.8988618851, "dmean": 2.09728479385, "max": 148.052246094, "var": 33.8506278992, "mean": 3.5035815239}, "gfcc": {"mean": [-44.0487861633, 105.993469238, -116.183837891, 10.720749855, -49.4458618164, -3.00163459778, -27.1812553406, -3.19397068024, -34.8639907837, -1.01846659184, -15.6484136581, -10.0872678757, -15.9727964401], "icov": [[0.000120610449812, -0.000172454499989, 0.000194060179638, -0.000431776570622, 0.000506432610564, -0.000474316912005, 0.00041992039769, -0.000447419704869, 0.000693644222338, -0.000482864241349, 0.00024017423857, -0.000297376594972, 0.000121960561955], [-0.000172454499989, 0.001273810165, -0.000214764964767, 0.000211680686334, -0.000659879064187, 0.00174276542384, -0.000892628682777, 0.00124137313105, -0.00110106589273, 0.00106710696127, -0.0020778698381, 0.000880511302967, -0.000829181983136], [0.000194060179638, -0.000214764964767, 0.00167997833341, -0.000577570113819, 0.000939142482821, -0.00112940603867, 0.00135366467293, -0.000730647530872, -0.000669993227348, -0.000649149063975, -7.05692073097e-05, -0.00162035122048, -0.00127377838362], [-0.000431776570622, 0.000211680686334, -0.000577570113819, 0.00557026686147, -0.00346412532963, 0.00081838486949, -0.00136956712231, 0.00158715993166, -0.00181826017797, -1.09407619675e-05, 0.00192179449368, -0.00118094566278, -0.0024166747462], [0.000506432610564, -0.000659879064187, 0.000939142482821, -0.00346412532963, 0.00877522397786, -0.00290695950389, 8.83204411366e-05, 0.000334967975505, 9.413054795e-05, -0.00254937005229, 0.000101690609881, 0.000710614898708, -0.00234086299315], [-0.000474316912005, 0.00174276542384, -0.00112940603867, 0.00081838486949, -0.00290695950389, 0.0101825436577, -0.0031937181484, -0.000181930256076, -0.00161149050109, -0.000170251951204, -0.00054474757053, -0.000206234908546, 2.14746651181e-05], [0.00041992039769, -0.000892628682777, 0.00135366467293, -0.00136956712231, 8.83204411366e-05, -0.0031937181484, 0.0108533725142, -0.00382425473072, -0.000942410610151, -0.000921278086025, -0.00056314910762, -0.000763826363254, 0.00158252252731], [-0.000447419704869, 0.00124137313105, -0.000730647530872, 0.00158715993166, 0.000334967975505, -0.000181930256076, -0.00382425473072, 0.0140379341319, -0.00453005731106, 0.00217149197124, -0.00531158968806, 0.00263143307529, -0.00163003709167], [0.000693644222338, -0.00110106589273, -0.000669993227348, -0.00181826017797, 9.413054795e-05, -0.00161149050109, -0.000942410610151, -0.00453005731106, 0.0178711600602, -0.00685007870197, 0.00198778999038, -0.000904684362467, 0.00310891121626], [-0.000482864241349, 0.00106710696127, -0.000649149063975, -1.09407619675e-05, -0.00254937005229, -0.000170251951204, -0.000921278086025, 0.00217149197124, -0.00685007870197, 0.0212690141052, -0.00393926911056, 0.00212830700912, 0.00116551050451], [0.00024017423857, -0.0020778698381, -7.05692073097e-05, 0.00192179449368, 0.000101690609881, -0.00054474757053, -0.00056314910762, -0.00531158968806, 0.00198778999038, -0.00393926911056, 0.0210303887725, -0.00667503336444, -0.00520846853033], [-0.000297376594972, 0.000880511302967, -0.00162035122048, -0.00118094566278, 0.000710614898708, -0.000206234908546, -0.000763826363254, 0.00263143307529, -0.000904684362467, 0.00212830700912, -0.00667503336444, 0.0247084200382, -0.00651524029672], [0.000121960561955, -0.000829181983136, -0.00127377838362, -0.0024166747462, -0.00234086299315, 2.14746651181e-05, 0.00158252252731, -0.00163003709167, 0.00310891121626, 0.00116551050451, -0.00520846853033, -0.00651524029672, 0.0274722222239]], "cov": [[33695.4179688, 711.126037598, -2243.7175293, 1157.11425781, -1056.99462891, 377.713226318, -760.089904785, 74.3222961426, -1138.28747559, 70.2272338867, -258.13949585, 157.678985596, -58.243686676], [711.126037598, 1546.22351074, 16.0432281494, 68.9542312622, 42.5163803101, -210.474182129, 18.9853591919, -55.4027748108, 2.0684659481, -31.127828598, 141.620864868, 24.3294372559, 83.4343643188], [-2243.7175293, 16.0432281494, 1135.1920166, 44.2461929321, 72.9764099121, 66.9810180664, 0.942000627518, 48.529838562, 144.922836304, 35.4598388672, 87.2936096191, 93.6696243286, 96.822479248], [1157.11425781, 68.9542312622, 44.2461929321, 385.274963379, 124.85068512, 57.0688247681, 11.9959754944, -19.8381137848, 10.2467184067, 36.419178009, -16.8278160095, 36.5503768921, 44.3864250183], [-1056.99462891, 42.5163803101, 72.9764099121, 124.85068512, 251.001907349, 44.8549423218, 63.2320175171, -11.3141489029, 68.0438156128, 32.6134109497, 12.815123558, 4.35010242462, 31.7582492828], [377.713226318, -210.474182129, 66.9810180664, 57.0688247681, 44.8549423218, 183.831558228, 38.2233276367, 36.6289520264, 20.9131984711, 29.9738292694, -6.83413171768, 13.5642652512, 2.02910685539], [-760.089904785, 18.9853591919, 0.942000627518, 11.9959754944, 63.2320175171, 38.2233276367, 155.731506348, 38.3726921082, 56.2837562561, 14.8030385971, 20.1540355682, -3.82975506783, -0.374337553978], [74.3222961426, -55.4027748108, 48.529838562, -19.8381137848, -11.3141489029, 36.6289520264, 38.3726921082, 112.009864807, 26.7370376587, 8.13444042206, 27.3697357178, 3.90026330948, 4.68893432617], [-1138.28747559, 2.0684659481, 144.922836304, 10.2467184067, 68.0438156128, 20.9131984711, 56.2837562561, 26.7370376587, 126.992645264, 30.0850296021, 16.2962989807, 0.987806379795, 4.5387430191], [70.2272338867, -31.127828598, 35.4598388672, 36.419178009, 32.6134109497, 29.9738292694, 14.8030385971, 8.13444042206, 30.0850296021, 65.8128051758, 6.71141242981, 2.61208128929, 1.67719089985], [-258.13949585, 141.620864868, 87.2936096191, -16.8278160095, 12.815123558, -6.83413171768, 20.1540355682, 27.3697357178, 16.2962989807, 6.71141242981, 89.1272964478, 26.1958713531, 30.5292186737], [157.678985596, 24.3294372559, 93.6696243286, 36.5503768921, 4.35010242462, 13.5642652512, -3.82975506783, 3.90026330948, 0.987806379795, 2.61208128929, 26.1958713531, 63.1510772705, 28.1253910065], [-58.243686676, 83.4343643188, 96.822479248, 44.3864250183, 31.7582492828, 2.02910685539, -0.374337553978, 4.68893432617, 4.5387430191, 1.67719089985, 30.5292186737, 28.1253910065, 62.4487571716]]}, "spectral_energyband_middle_low": {"dmean2": 0.00646784948185, "median": 0.0100137041882, "min": 1.51016691796e-22, "dvar2": 7.06526116119e-05, "dvar": 3.51332819264e-05, "dmean": 0.00446725310758, "max": 0.0894771441817, "var": 0.000132351269713, "mean": 0.0129603249952}, "melbands_crest": {"dmean2": 5.31611871719, "median": 12.959602356, "min": 1.633472085, "dvar2": 20.4385681152, "dvar": 8.55612850189, "dmean": 3.31562399864, "max": 31.4449768066, "var": 28.6512145996, "mean": 13.8845396042}, "spectral_kurtosis": {"dmean2": 4.25729322433, "median": 5.76128196716, "min": -1.26356971264, "dvar2": 54.1629829407, "dvar": 25.226852417, "dmean": 2.60089969635, "max": 178.470443726, "var": 170.690200806, "mean": 8.50990200043}, "spectral_rms": {"dmean2": 0.000986024271697, "median": 0.00424810079858, "min": 3.10554858739e-12, "dvar2": 1.39406495236e-06, "dvar": 7.52054347686e-07, "dmean": 0.000684695784003, "max": 0.0150209907442, "var": 5.60753824175e-06, "mean": 0.00452019833028}, "zerocrossingrate": {"dmean2": 0.0103212222457, "median": 0.0439453125, "min": 0.0048828125, "dvar2": 0.000219098539674, "dvar": 0.000157330228831, "dmean": 0.00846334267408, "max": 0.52783203125, "var": 0.00283633684739, "mean": 0.0534235090017}, "silence_rate_60dB": {"dmean2": 0.0274410303682, "median": 0, "min": 0, "dvar2": 0.0293156113476, "dvar": 0.0135328480974, "dmean": 0.0137192253023, "max": 1, "var": 0.0910872891545, "mean": 0.101381190121}, "erbbands_kurtosis": {"dmean2": 1.11204659939, "median": -0.108155012131, "min": -1.64261412621, "dvar2": 4.86556482315, "dvar": 2.06150150299, "dmean": 0.70274502039, "max": 49.9118652344, "var": 5.84728574753, "mean": 0.520838916302}, "erbbands": {"dmean2": [0.0241385158151, 1.10584425926, 4.35524702072, 4.53055047989, 11.0246095657, 14.1413812637, 8.80790138245, 7.75802564621, 14.7599287033, 19.7988929749, 38.8339195251, 22.7650508881, 13.917432785, 27.7405815125, 55.0794563293, 40.2069587708, 23.0885925293, 15.099237442, 13.9064331055, 5.1251282692, 3.52444767952, 5.30997657776, 6.30863285065, 5.26596355438, 7.35455513, 6.14576673508, 3.7989795208, 3.15384340286, 2.67268967628, 1.85147345066, 0.875038087368, 1.75246524811, 1.34636366367, 1.60726439953, 0.729627490044, 0.155450806022, 0.167373731732, 0.0488442145288, 0.00549105834216, 0.000397184572648], "median": [0.00328876730055, 0.178893581033, 1.0588041544, 2.24139928818, 6.95325660706, 11.3816509247, 9.20181274414, 6.32725572586, 8.04771232605, 6.85739278793, 22.5042076111, 9.28571033478, 6.01061820984, 11.5640325546, 13.7246408463, 29.9768924713, 16.1075820923, 8.30459976196, 13.0196886063, 7.48129940033, 4.21585702896, 4.21879148483, 7.19323015213, 5.35602617264, 6.75679445267, 5.83198928833, 2.39746069908, 1.77073085308, 0.785324156284, 0.329714596272, 0.172930017114, 0.12476349622, 0.102711774409, 0.0607462562621, 0.0239268913865, 0.00971153471619, 0.00375027838163, 0.00133110862225, 0.000197348053916, 3.88796797779e-05], "min": [8.75890249096e-23, 7.89011356773e-22, 3.09025508393e-21, 5.12397192005e-21, 1.00203681974e-20, 1.95618101293e-20, 1.88177353189e-20, 6.0216099031e-20, 1.02647711494e-19, 1.78772833075e-19, 2.52265581603e-19, 4.27661940966e-19, 4.52320350122e-19, 8.03712361202e-19, 9.79940398971e-19, 1.22700963197e-18, 1.37972712878e-18, 1.90274805342e-18, 2.84470349148e-18, 3.3964308921e-18, 4.38648667599e-18, 4.66298254908e-18, 5.81340135678e-18, 6.09027980091e-18, 6.03301243274e-18, 8.92828312943e-18, 8.53176665818e-18, 9.74486424962e-18, 1.04582554156e-17, 1.03385996041e-17, 9.93960903559e-18, 9.060121657e-18, 9.27953214166e-18, 8.13233023936e-18, 5.9861671267e-18, 3.82233584975e-18, 2.2935290611e-18, 9.35920845301e-19, 2.31869789239e-19, 2.50962429634e-20], "dvar2": [0.0066523165442, 10.54986763, 100.966758728, 48.0162887573, 317.718109131, 471.696960449, 120.276786804, 126.092880249, 567.073120117, 3266.01196289, 6150.86865234, 4071.57910156, 876.110229492, 13620.7529297, 33180.8632812, 8556.59960938, 1741.48876953, 1523.26586914, 383.039245605, 71.7980194092, 38.9260673523, 224.901138306, 89.0687942505, 78.9412765503, 337.924407959, 157.653091431, 150.982421875, 75.0883636475, 113.902862549, 75.510017395, 15.8474807739, 128.426452637, 54.0904769897, 77.0481567383, 14.3636274338, 0.519655227661, 1.42300927639, 0.142471283674, 0.000804126611911, 8.25764891488e-06], "dvar": [0.0029328323435, 4.9210319519, 46.6498756409, 18.9756221771, 138.018539429, 247.636703491, 52.8568000793, 47.6749801636, 230.277008057, 1205.96484375, 3149.94335938, 1551.05944824, 361.052825928, 5832.88720703, 11805.4375, 3469.30615234, 684.01940918, 608.525756836, 203.514450073, 28.3211364746, 14.9142456055, 86.9721984863, 39.2957267761, 33.3896026611, 141.65524292, 73.3241958618, 64.4109420776, 35.8334007263, 49.1981315613, 28.5971908569, 6.75311613083, 50.6333274841, 21.6653499603, 29.2475090027, 5.52364730835, 0.195052504539, 0.510153532028, 0.0558789521456, 0.000318993697874, 3.51635867446e-06], "dmean": [0.0163496118039, 0.740208923817, 2.70155239105, 2.66812467575, 7.29588270187, 10.0462141037, 5.68036794662, 4.78840017319, 9.06682872772, 12.4914474487, 25.9860229492, 14.2029075623, 8.8892326355, 17.9616451263, 33.5753059387, 25.5693531036, 14.6499862671, 9.43334102631, 9.6461057663, 3.20202708244, 2.19216632843, 3.34295129776, 4.12807703018, 3.38406610489, 4.73432397842, 4.0280790329, 2.51652216911, 2.09604763985, 1.72379946709, 1.13657987118, 0.557700872421, 1.1163007021, 0.859541714191, 0.990849852562, 0.445322424173, 0.0955555438995, 0.0985986292362, 0.0299338176847, 0.00335558014922, 0.00023653235985], "max": [1.10998880863, 36.1938323975, 130.158416748, 99.3026275635, 192.502670288, 261.734222412, 129.79296875, 117.723480225, 270.007202148, 957.411071777, 1633.89343262, 1612.90966797, 440.479156494, 4393.92138672, 2826.83544922, 1897.29821777, 895.759460449, 632.917663574, 235.490921021, 113.443702698, 66.7326278687, 506.357055664, 139.114486694, 137.810562134, 469.201507568, 271.510894775, 260.242248535, 263.419128418, 281.088928223, 148.109542847, 124.107940674, 227.679962158, 134.204177856, 131.991348267, 109.998840332, 15.134894371, 25.3523788452, 9.78013324738, 0.527546107769, 0.0808192789555], "var": [0.00630613416433, 10.8646459579, 110.183563232, 30.7942829132, 252.845932007, 577.267272949, 189.443496704, 101.328033447, 554.590698242, 2800.60449219, 10753.5878906, 5585.01074219, 1024.69702148, 24041.3476562, 34587.4765625, 9666.21289062, 1952.50854492, 2433.22949219, 1036.67932129, 57.6507339478, 27.6852455139, 115.945106506, 132.360229492, 82.0759048462, 237.664962769, 162.879013062, 81.4952087402, 61.0930557251, 61.9294548035, 32.1309890747, 7.17099046707, 51.1216812134, 22.8486747742, 23.7318973541, 4.48131513596, 0.171093463898, 0.36536949873, 0.044392529875, 0.000272290752036, 3.18199886351e-06], "mean": [0.0304296892136, 1.34301245213, 4.55212879181, 4.0300784111, 12.0240478516, 18.9967136383, 13.212849617, 9.21199131012, 16.3915596008, 23.8277339935, 51.8848419189, 30.6005115509, 18.361164093, 42.2361335754, 71.2254486084, 54.496181488, 29.9769058228, 22.0923976898, 27.4094829559, 9.0895614624, 5.4747543335, 6.69579267502, 10.5060558319, 7.92957448959, 10.5825395584, 9.22951126099, 4.45862197876, 3.57669901848, 2.43203186989, 1.41757369041, 0.656560838223, 1.17679774761, 0.931234240532, 0.920592546463, 0.389942526817, 0.0970382615924, 0.0852538049221, 0.0254465341568, 0.00301387510262, 0.000228755539865]}, "spectral_strongpeak": {"dmean2": 0.762872695923, "median": 0.570129573345, "min": 0, "dvar2": 2.09000754356, "dvar": 0.76921826601, "dmean": 0.45228600502, "max": 27.7623119354, "var": 1.67633450031, "mean": 0.998961806297}, "spectral_energy": {"dmean2": 0.0117055000737, "median": 0.0184975210577, "min": 9.88554260436e-21, "dvar2": 0.000351315306034, "dvar": 0.000179473601747, "dmean": 0.00806253310293, "max": 0.231270909309, "var": 0.000698821851984, "mean": 0.0266907755286}, "average_loudness": 0.637999475002, "spectral_rolloff": {"dmean2": 592.813964844, "median": 1055.12695312, "min": 21.533203125, "dvar2": 2449544.5, "dvar": 979660, "dmean": 346.235656738, "max": 21619.3359375, "var": 4137800.25, "mean": 1318.21240234}, "spectral_centroid": {"dmean2": 289.156158447, "median": 1007.56719971, "min": 168.123626709, "dvar2": 160410.21875, "dvar": 79705.8203125, "dmean": 190.419921875, "max": 11930.9716797, "var": 1198963, "mean": 1174.04125977}, "pitch_salience": {"dmean2": 0.106744550169, "median": 0.559776842594, "min": 0.155384778976, "dvar2": 0.00897386763245, "dvar": 0.00362054049037, "dmean": 0.0659879371524, "max": 0.951937675476, "var": 0.0112172197551, "mean": 0.552525639534}, "spectral_energyband_middle_high": {"dmean2": 0.00243029859848, "median": 0.00313262734562, "min": 1.14976418876e-21, "dvar2": 2.87885650323e-05, "dvar": 1.10918872451e-05, "dmean": 0.00156349164899, "max": 0.112800903618, "var": 6.22155057499e-05, "mean": 0.00558985862881}, "spectral_contrast_coeffs": {"dmean2": [0.0797394514084, 0.0695942640305, 0.056993316859, 0.047146871686, 0.0397302880883, 0.0345713756979], "median": [-0.588973343372, -0.737093567848, -0.73981398344, -0.72862392664, -0.748181402683, -0.746368408203], "min": [-0.984510362148, -0.993014633656, -0.982409954071, -0.976577758789, -0.968458175659, -0.965199172497], "dvar2": [0.00403065327555, 0.00308607961051, 0.00214313645847, 0.00157296250109, 0.00118872127496, 0.000909583584871], "dvar": [0.00153147499077, 0.00114075653255, 0.00085028889589, 0.000652919989079, 0.000566368980799, 0.00047653389629], "dmean": [0.0480185635388, 0.0424089282751, 0.0353155322373, 0.0294964145869, 0.0265185534954, 0.0235120151192], "max": [-0.317463994026, -0.425165712833, -0.466439366341, -0.476945012808, -0.484336137772, -0.556976914406], "var": [0.00754534220323, 0.00543975643814, 0.00583169283345, 0.0039793336764, 0.00412606121972, 0.00331061566249], "mean": [-0.588751792908, -0.730555832386, -0.73819988966, -0.733156681061, -0.75236338377, -0.749056518078]}, "melbands_skewness": {"dmean2": 0.833953797817, "median": 2.00131487846, "min": -1.5183866024, "dvar2": 0.742142498493, "dvar": 0.329498559237, "dmean": 0.544917821884, "max": 9.51543903351, "var": 2.02493476868, "mean": 2.16160058975}, "spectral_spread": {"dmean2": 902658.375, "median": 3349943.5, "min": 521317.875, "dvar2": 1847655661570.0, "dvar": 947488489472, "dmean": 624051.8125, "max": 49259800, "var": 15821014302700.0, "mean": 4129958.25}, "dissonance": {"dmean2": 0.038959402591, "median": 0.459470242262, "min": 0.158602148294, "dvar2": 0.00144207954872, "dvar": 0.000525498413481, "dmean": 0.023087920621, "max": 0.500000059605, "var": 0.0011156272376, "mean": 0.452482879162}, "spectral_skewness": {"dmean2": 0.425366997719, "median": 1.77094233036, "min": -0.0793603360653, "dvar2": 0.265867322683, "dvar": 0.117162823677, "dmean": 0.261822223663, "max": 11.2576808929, "var": 1.03688967228, "mean": 1.9635027647}, "spectral_flux": {"dmean2": 0.0325423553586, "median": 0.0621006190777, "min": 6.33610247602e-11, "dvar2": 0.00172763713636, "dvar": 0.000668079010211, "dmean": 0.0201211050153, "max": 0.358582705259, "var": 0.00181308225729, "mean": 0.0664879232645}, "spectral_contrast_valleys": {"dmean2": [0.74873059988, 0.542457163334, 0.482813239098, 0.502704560757, 0.491386830807, 0.672550082207], "median": [-7.38301324844, -6.49946546555, -7.28726148605, -8.04064559937, -8.10707187653, -11.0809526443], "min": [-28.2942886353, -27.8914909363, -27.9346656799, -27.630531311, -27.6408023834, -27.4301319122], "dvar2": [0.378592371941, 0.238299146295, 0.24020126462, 0.272472113371, 0.29464957118, 0.433864891529], "dvar": [0.166625156999, 0.124149866402, 0.135212764144, 0.154346212745, 0.165093690157, 0.270105779171], "dmean": [0.446014791727, 0.335120677948, 0.312330186367, 0.338334441185, 0.349137604237, 0.492037594318], "max": [-5.1924571991, -4.76788330078, -5.23950815201, -5.73758220673, -5.8237118721, -8.05742549896], "var": [7.12751340866, 6.5720076561, 6.299888134, 5.83733940125, 5.95180654526, 4.97360658646], "mean": [-7.93413877487, -7.01961088181, -7.72926950455, -8.54641056061, -8.62326335907, -11.408249855]}, "erbbands_flatness_db": {"dmean2": 0.0258105117828, "median": 0.169278845191, "min": 0.0286133158952, "dvar2": 0.000675656134263, "dvar": 0.000346418062691, "dmean": 0.0180102698505, "max": 0.425066113472, "var": 0.00282739195973, "mean": 0.173577100039}, "spectral_energyband_high": {"dmean2": 0.000482193136122, "median": 0.000168877508258, "min": 7.18251588755e-21, "dvar2": 2.87717466563e-06, "dvar": 1.18949787975e-06, "dmean": 0.000319982820656, "max": 0.0211282782257, "var": 1.34868821533e-06, "mean": 0.000448778126156}, "spectral_entropy": {"dmean2": 0.308137744665, "median": 7.15167808533, "min": 4.63156557083, "dvar2": 0.107911415398, "dvar": 0.0528267361224, "dmean": 0.213969185948, "max": 9.82399940491, "var": 0.332462519407, "mean": 7.15467023849}, "silence_rate_20dB": {"dmean2": 0, "median": 1, "min": 1, "dvar2": 0, "dvar": 0, "dmean": 0, "max": 1, "var": 0, "mean": 1}, "melbands_flatness_db": {"dmean2": 0.0371517986059, "median": 0.210634633899, "min": 0.00310258683749, "dvar2": 0.00159671413712, "dvar": 0.000747382990085, "dmean": 0.0252101011574, "max": 0.607598245144, "var": 0.0051402207464, "mean": 0.22217412293}, "barkbands": {"dmean2": [3.89389315387e-05, 0.00370676582679, 0.00325434515253, 0.00217403541319, 0.00401742197573, 0.000969863496721, 0.00108159740921, 0.0017623915337, 0.000830598874018, 0.000601016567089, 0.00138149317354, 0.000838853768073, 0.000480357790366, 0.000256419472862, 0.000216890839511, 8.44054738991e-05, 0.000108868007374, 0.000112936868391, 0.000136083588586, 0.000124200349092, 8.93531687325e-05, 7.46698424337e-05, 2.77542349068e-05, 9.2135356681e-05, 0.000124123078422, 5.98886035732e-05, 4.51329469797e-05], "median": [9.30942462674e-07, 0.00056127703283, 0.000864120433107, 0.000832466583233, 0.00332322414033, 0.000931046262849, 0.000421125325374, 0.000977139687166, 0.000307285838062, 0.000305705470964, 0.000281738321064, 0.000561813998502, 0.000268964155111, 7.52398773329e-05, 0.00025052667479, 6.76852141623e-05, 8.72445161804e-05, 0.000123836638522, 0.000128462183056, 0.000101564502984, 5.34402752237e-05, 1.43174429468e-05, 7.27269434719e-06, 5.96498739469e-06, 4.38861752627e-06, 2.18641685024e-06, 1.08056212866e-06], "min": [1.7428303979e-26, 1.95596444285e-24, 1.6120474164e-24, 7.30757453855e-25, 5.3392717195e-24, 7.41196903808e-24, 7.67687247436e-24, 7.0343484225e-24, 1.81238741936e-23, 1.55838083431e-23, 1.25253338713e-23, 3.11791529881e-23, 2.4620711728e-23, 2.55542497232e-23, 5.26165932379e-23, 7.91725669376e-23, 6.79627966764e-23, 7.50136417581e-23, 1.27808997188e-22, 1.54744267833e-22, 2.4902213271e-22, 2.87694946805e-22, 3.20538268137e-22, 5.8978169526e-22, 8.95645863139e-22, 1.23799756157e-21, 1.91773949033e-21], "dvar2": [4.30868354329e-08, 0.000127432766021, 5.189035