{"tonal": {"thpcp": [1, 0.799428641796, 0.331892520189, 0.242349386215, 0.237158864737, 0.293506890535, 0.533178687096, 0.614560961723, 0.426546812057, 0.351638704538, 0.302768826485, 0.233518391848, 0.293438106775, 0.308035284281, 0.369724601507, 0.570303320885, 0.457533210516, 0.219476640224, 0.201835229993, 0.22518441081, 0.418567955494, 0.853846132755, 0.761557638645, 0.324829757214, 0.24533765018, 0.252067476511, 0.267424285412, 0.318790256977, 0.313548564911, 0.339108616114, 0.448443681002, 0.398548364639, 0.246074572206, 0.209776163101, 0.259613245726, 0.559673666954], "hpcp": {"dmean2": [0.199802815914, 0.195421457291, 0.185925334692, 0.194154396653, 0.186958432198, 0.161404907703, 0.151818007231, 0.179790884256, 0.247807025909, 0.274746567011, 0.278348833323, 0.204391092062, 0.169193089008, 0.169697239995, 0.181090459228, 0.215882793069, 0.228946790099, 0.217417538166, 0.200314432383, 0.187344610691, 0.160869210958, 0.163460329175, 0.176370695233, 0.21199028194, 0.265955775976, 0.211820408702, 0.147238358855, 0.13921636343, 0.158829778433, 0.217740297318, 0.263170987368, 0.266556799412, 0.192521139979, 0.155826628208, 0.166167929769, 0.183665156364], "median": [0.0175529047847, 0.0163615364581, 0.0161416213959, 0.0224948655814, 0.0219169836491, 0.0130845718086, 0.00798948574811, 0.0111181680113, 0.0427508763969, 0.0781145468354, 0.0672090724111, 0.0243488438427, 0.0081672091037, 0.00778553634882, 0.0171880871058, 0.0354831106961, 0.0385901294649, 0.0265921857208, 0.0145443631336, 0.00897111464292, 0.0105985105038, 0.0106969699264, 0.0118672931567, 0.0244694873691, 0.028210490942, 0.0222214013338, 0.0103971948847, 0.0064976895228, 0.0082103991881, 0.0339730530977, 0.0759237855673, 0.0688666850328, 0.0281122103333, 0.00960012711585, 0.0111029874533, 0.0160187892616], "min": [0, 0, 0, 0, 0, 0, 0, 0, 0, 0, 0, 0, 0, 0, 0, 0, 0, 0, 0, 0, 0, 0, 0, 0, 0, 0, 0, 0, 0, 0, 0, 0, 0, 0, 0, 0], "dvar2": [0.113517917693, 0.109417147934, 0.101517856121, 0.105691805482, 0.0994310081005, 0.0914522334933, 0.0905271321535, 0.100830107927, 0.119978159666, 0.140216305852, 0.131558537483, 0.102346859872, 0.0968656688929, 0.102064482868, 0.0974283888936, 0.107048019767, 0.12025719136, 0.116038180888, 0.113710984588, 0.111471734941, 0.0923895016313, 0.0925178453326, 0.103593163192, 0.103673346341, 0.153817728162, 0.102673836052, 0.0808895230293, 0.0801587104797, 0.090157225728, 0.105682477355, 0.122117720544, 0.125286132097, 0.101352438331, 0.0870220661163, 0.0950195789337, 0.105190239847], "dvar": [0.0417791493237, 0.0403825417161, 0.0371450819075, 0.0402311421931, 0.0378361828625, 0.0329169109464, 0.0328318327665, 0.0365505367517, 0.044152289629, 0.0595601759851, 0.0520755164325, 0.0367952845991, 0.0352320745587, 0.037115547806, 0.0351628027856, 0.0418906621635, 0.0479231141508, 0.0426462739706, 0.0422887392342, 0.0407439135015, 0.0333668775856, 0.0356342233717, 0.0392300523818, 0.0373794548213, 0.0610707886517, 0.0409048311412, 0.0287903938442, 0.0290489215404, 0.0327384546399, 0.0383992642164, 0.0526768676937, 0.050443507731, 0.0358604416251, 0.0319823510945, 0.0345203205943, 0.0377413071692], "dmean": [0.110891059041, 0.108078181744, 0.103268109262, 0.109880700707, 0.106493256986, 0.0889383330941, 0.0828670859337, 0.0992115139961, 0.141634240746, 0.160013437271, 0.162832200527, 0.113870039582, 0.0923643037677, 0.0927538722754, 0.100507304072, 0.125571832061, 0.1309748739, 0.122271709144, 0.111911326647, 0.103697687387, 0.0883560851216, 0.092388689518, 0.0982120931149, 0.118533656001, 0.150987043977, 0.122564196587, 0.0808356031775, 0.0754482224584, 0.0866457745433, 0.122240133584, 0.154229298234, 0.155334964395, 0.107091985643, 0.0858093500137, 0.0913997665048, 0.100756183267], "max": [1, 1, 1, 1, 1, 1, 1, 1, 1, 1, 1, 1, 1, 1, 1, 1, 1, 1, 1, 1, 1, 1, 1, 1, 1, 1, 1, 1, 1, 1, 1, 1, 1, 1, 1, 1], "var": [0.0389785319567, 0.0379553847015, 0.0436492562294, 0.0661088377237, 0.052255589515, 0.0272716023028, 0.0258971583098, 0.0308079496026, 0.0624642670155, 0.147884830832, 0.10267868638, 0.0332449004054, 0.0317155234516, 0.0312632396817, 0.0309351533651, 0.0699340701103, 0.090760268271, 0.0513398386538, 0.0482140406966, 0.0412703640759, 0.0263976529241, 0.0411041975021, 0.0446898750961, 0.0377799905837, 0.0851991400123, 0.0605058260262, 0.023231100291, 0.0268670897931, 0.0289255026728, 0.0410362333059, 0.120460763574, 0.0997534245253, 0.031808976084, 0.0320350863039, 0.0309374891222, 0.0299440585077], "mean": [0.0974108800292, 0.0958092063665, 0.10361944139, 0.137028321624, 0.12178209424, 0.0751915723085, 0.0641000792384, 0.079328507185, 0.171016216278, 0.305564165115, 0.244276747108, 0.101414456964, 0.0740532875061, 0.0724672526121, 0.0896851867437, 0.162920296192, 0.187787815928, 0.130337417126, 0.107448190451, 0.0925153046846, 0.0713548511267, 0.0896641686559, 0.0941245406866, 0.112974591553, 0.174264267087, 0.139805749059, 0.0670641958714, 0.0616736151278, 0.0688082873821, 0.127899363637, 0.260904788971, 0.232704728842, 0.099256336689, 0.0749663934112, 0.0770227909088, 0.0817152783275]}, "tuning_equal_tempered_deviation": 0.170581534505, "chords_changes_rate": 0.040796533227, "key_key": "C", "tuning_diatonic_strength": 0.549431025982, "key_scale": "minor", "chords_number_rate": 0.000905152934138, "tuning_frequency": 434.193115234, "tuning_nontempered_energy_ratio": 0.870730161667, "chords_histogram": [21.4909152985, 2.92235088348, 25.6028957367, 3.95034599304, 2.48270511627, 7.06665802002, 0.665933907032, 13.1635093689, 2.14650535583, 4.02146482468, 0.342665016651, 0.109911426902, 1.00859892368, 0.252149730921, 0, 0.420249551535, 0, 0.148703694344, 0.200426712632, 0.310338139534, 2.12710928917, 1.38359081745, 7.37699604034, 2.80597400665], "key_strength": 0.724637031555, "chords_key": "G", "chords_strength": {"dmean2": 0.00956525560468, "median": 0.576457321644, "min": -1, "dvar2": 0.000349079346051, "dvar": 0.000190365011804, "dmean": 0.0093194404617, "max": 0.802036762238, "var": 0.0136908208951, "mean": 0.568735182285}, "chords_scale": "minor", "hpcp_entropy": {"dmean2": 1.031026721, "median": 2.05896925926, "min": 0, "dvar2": 0.71874076128, "dvar": 0.266724854708, "dmean": 0.617138326168, "max": 4.4260840416, "var": 0.501894533634, "mean": 2.05176782608}}, "metadata": {"audio_properties": {"equal_loudness": 0, "codec": "mp3", "downmix": "mix", "sample_rate": 44100, "analysis_sample_rate": 44100, "bit_rate": 320012, "md5_encoded": "8e1f0332002d5a2638b0f035c7c3ae68", "length": 718.210632324, "replay_gain": -8.89762878418, "lossless": false}, "version": {"essentia_build_sha": "70f2e5ece6736b2c40cc944ad0e695b16b925413", "essentia": "2.1-beta2", "extractor": "music 1.0", "essentia_git_sha": "v2.1_beta2"}, "tags": {"title": ["Hell Track"], "barcode": ["4016342001496"], "media": ["CD"], "albumartist": ["Action"], "musicbrainz_recordingid": ["038a8b40-c018-4040-9802-cdbfa334e14a"], "musicbrainz_albumartistid": ["29ad4a95-486e-475d-b33a-75921c863b65"], "originalyear": ["2009"], "discnumber": ["1/1"], "album": ["Action"], "catalognumber": ["CD 149"], "contentgroup": ["Punk"], "musicbrainz album type": ["album"], "musicbrainz album status": ["official"], "file_name": "Action - Hell Track.mp3", "originaldate": ["2009"], "date": ["2009"], "genre": ["Punk; Progressive Rock; Hardcore; Hardcore Punk; Punk Rock"], "musicbrainz album release country": ["DE"], "musicbrainz_releasegroupid": ["0173f983-124d-4da8-aaa9-1d73185bce13"], "musicbrainz_artistid": ["29ad4a95-486e-475d-b33a-75921c863b65"], "asin": ["B002RT5B7Y"], "musicbrainz_albumid": ["d308be63-e5e0-4e2e-a9db-ec1313344391"], "artist": ["Action"], "artistsort": ["Action"], "tracknumber": ["3/7"], "label": ["Garden of Delights"], "albumartistsort": ["Action"], "acoustid_id": ["47560269-f280-4696-94fb-caf51d1fca9d"], "script": ["Latn"]}}, "rhythm": {"bpm_histogram_first_peak_bpm": {"dmean2": 0, "median": 120, "min": 120, "dvar2": 0, "dvar": 0, "dmean": 0, "max": 120, "var": 0, "mean": 120}, "bpm": 120.766693115, "bpm_histogram_second_peak_spread": {"dmean2": 0, "median": 0.579710125923, "min": 0.579710125923, "dvar2": 0, "dvar": 0, "dmean": 0, "max": 0.579710125923, "var": 0, "mean": 0.579710125923}, "bpm_histogram_first_peak_weight": {"dmean2": 0, "median": 0.13112744689, "min": 0.13112744689, "dvar2": 0, "dvar": 0, "dmean": 0, "max": 0.13112744689, "var": 0, "mean": 0.13112744689}, "onset_rate": 4.19783115387, "beats_position": [0.394739210606, 0.789478421211, 1.18421769142, 1.5673469305, 1.95047616959, 2.33360528946, 2.71673464775, 3.08825397491, 3.45977306366, 3.84290242195, 4.21442174911, 4.58594083786, 4.95746040344, 5.34058952332, 5.72371864319, 6.08362817764, 6.45514726639, 6.82666635513, 7.19818592072, 7.56970500946, 7.94122457504, 8.31274318695, 8.68426322937, 9.05578231812, 9.42730140686, 9.79882049561, 10.1703395844, 10.5418596268, 10.9133787155, 11.2848978043, 11.656416893, 12.0279359818, 12.3994560242, 12.782585144, 13.1657142639, 13.5372333527, 13.9087524414, 14.2802715302, 14.6517915726, 15.0233106613, 15.4064397812, 15.7895689011, 16.1610889435, 16.5326080322, 16.904127121, 17.2756462097, 17.6471652985, 18.0651245117, 18.4946937561, 18.9010429382, 19.3190021515, 19.7369613647, 20.1665306091, 20.5960998535, 21.0256690979, 21.4552383423, 21.8731975555, 22.2911567688, 22.7091159821, 23.1270751953, 23.5566444397, 23.974603653, 24.3925609589, 24.7989120483, 25.2284793854, 25.6580486298, 26.076007843, 26.5055770874, 26.9351463318, 27.353105545, 27.7710647583, 28.1890239716, 28.6069831848, 29.0365524292, 29.4661216736, 29.8840808868, 30.3136501312, 30.7432193756, 31.1611785889, 31.5791378021, 32.0087051392, 32.4382743835, 32.8562355042, 33.2741928101, 33.7037620544, 34.1333312988, 34.5512924194, 34.9692497253, 35.3988189697, 35.8283882141, 36.2579574585, 36.6875267029, 37.1170959473, 37.5582771301, 37.9878463745, 38.4058036804, 38.823764801, 39.2417221069, 39.6712913513, 40.1008605957, 40.5420417786, 40.9832191467, 41.4243965149, 41.8655776978, 42.2951469421, 42.7247161865, 43.1542854309, 43.5954627991, 44.0482521057, 44.4894332886, 44.9422225952, 45.3950119019, 45.8478012085, 46.3005905151, 46.7649879456, 47.2177772522, 47.8098869324, 48.4019927979, 48.994102478, 49.5513839722, 50.1086616516, 50.6775512695, 51.2232208252, 51.7456665039, 52.2797279358, 52.813785553, 53.3478431702, 53.8935127258, 54.45079422, 54.9964599609, 55.5421295166, 56.0877990723, 56.6334686279, 57.1675262451, 57.701587677, 58.2356452942, 58.7580947876, 59.280544281, 59.8029937744, 60.3254394531, 60.859500885, 61.3935585022, 61.9276161194, 62.4616775513, 62.9957351685, 63.5181846619, 64.0406341553, 64.5746917725, 65.0971450806, 65.6195907593, 66.1304321289, 66.6528778076, 67.1753311157, 67.6977767944, 68.2202224731, 68.7426757812, 69.26512146, 69.7875747681, 70.3100204468, 70.8324737549, 71.3549194336, 71.8773651123, 72.3998184204, 72.9338760376, 73.4679336548, 74.001991272, 74.5360565186, 75.0701141357, 75.5925598145, 76.1034011841, 76.6258468628, 77.15990448, 77.6823577881, 78.2048034668, 78.738861084, 79.2729263306, 79.8069839478, 80.3410415649, 80.8750991821, 81.4091567993, 81.9432220459, 82.4656677246, 82.9881134033, 83.5221786499, 84.0446243286, 84.5670700073, 85.0895233154, 85.6119689941, 86.1460266113, 86.6684799194, 87.2025375366, 87.7249908447, 88.2474365234, 88.7698822021, 89.2923355103, 89.814781189, 90.3372344971, 90.8596801758, 91.3821334839, 91.9045791626, 92.4154205322, 92.9262542725, 93.460319519, 93.9943771362, 94.5168228149, 95.039276123, 95.5617218018, 96.0841674805, 96.6066207886, 97.1174621582, 97.6399078369, 98.1739654541, 98.6964187622, 99.2188644409, 99.7529220581, 100.286979675, 100.797821045, 101.308662415, 101.842720032, 102.376777649, 102.910835266, 103.444892883, 103.97895813, 104.513015747, 105.035461426, 105.557914734, 106.091972351, 106.626029968, 107.160087585, 107.682540894, 108.204986572, 108.739044189, 109.273101807, 109.795555115, 110.318000793, 110.840454102, 111.36289978, 111.885353088, 112.407798767, 112.918640137, 113.429473877, 113.951927185, 114.462760925, 114.961990356, 115.472831726, 115.972061157, 116.471290588, 116.947296143, 117.446525574, 117.945755005, 118.444984436, 118.944213867, 119.443443298, 119.931060791, 120.430290222, 120.929519653, 121.428749084, 121.927978516, 122.415596008, 122.90322113, 123.390838623, 123.878456116, 124.366073608, 124.853691101, 125.352920532, 125.852149963, 126.339767456, 126.827392578, 127.315010071, 127.802627563, 128.290252686, 128.777862549, 129.277099609, 129.764709473, 130.263946533, 130.751556396, 131.239181519, 131.726806641, 132.214416504, 132.702041626, 133.212875366, 133.712112427, 134.211334229, 134.698959351, 135.186569214, 135.674194336, 136.161804199, 136.649429321, 137.160263062, 137.659500122, 138.158721924, 138.657958984, 139.157180786, 139.656417847, 140.155639648, 140.643264771, 141.142486572, 141.641723633, 142.140945435, 142.640182495, 143.127792358, 143.627029419, 144.114639282, 144.602264404, 145.101501465, 145.612335205, 146.111557007, 146.610794067, 147.098403931, 147.586029053, 148.085250854, 148.572875977, 149.072113037, 149.582946777, 150.082168579, 150.58140564, 151.069015503, 151.556640625, 152.044265747, 152.53187561, 153.031112671, 153.530334473, 154.029571533, 154.528793335, 155.028030396, 155.527252197, 156.026489258, 156.52571106, 157.013336182, 157.512557983, 158.011795044, 158.511016846, 159.010253906, 159.49786377, 159.985488892, 160.473098755, 160.972335815, 161.471557617, 161.970794678, 162.470016479, 162.957641602, 163.456863403, 163.956100464, 164.432098389, 164.931335449, 165.430557251, 165.929794312, 166.417419434, 166.905029297, 167.404266357, 167.903488159, 168.379501343, 168.878723145, 169.366348267, 169.85395813, 170.35319519, 170.840820312, 171.340042114, 171.827667236, 172.3152771, 172.81451416, 173.313735962, 173.812973022, 174.312194824, 174.799819946, 175.28742981, 175.775054932, 176.262680054, 176.761901855, 177.261123657, 177.760360718, 178.25958252, 178.75881958, 179.258041382, 179.745666504, 180.233291626, 180.720901489, 181.22013855, 181.719360352, 182.206985474, 182.694595337, 183.193832397, 183.693054199, 184.180679321, 184.691513062, 185.202362061, 185.701583862, 186.200805664, 186.700042725, 187.199264526, 187.710113525, 188.197723389, 188.696960449, 189.196182251, 189.695419312, 190.194641113, 190.682266235, 191.181488037, 191.680725098, 192.168334961, 192.667572021, 193.178405762, 193.677642822, 194.176864624, 194.676101685, 195.175323486, 195.674560547, 196.16217041, 196.661407471, 197.160629272, 197.671463013, 198.170700073, 198.669921875, 199.169158936, 199.668380737, 200.156005859, 200.655227661, 201.154464722, 201.653686523, 202.152923584, 202.640533447, 203.139770508, 203.63899231, 204.126617432, 204.625839233, 205.125076294, 205.624298096, 206.123535156, 206.611160278, 207.11038208, 207.609603882, 208.097229004, 208.608062744, 209.107299805, 209.606521606, 210.105758667, 210.604980469, 211.092605591, 211.580215454, 212.067840576, 212.567077637, 213.066299438, 213.565536499, 214.064758301, 214.552383423, 215.051605225, 215.550842285, 216.038452148, 216.537689209, 217.036911011, 217.536148071, 218.035369873, 218.534591675, 219.033828735, 219.521453857, 220.009063721, 220.508300781, 221.007522583, 221.506759644, 222.005981445, 222.505218506, 223.004440308, 223.49206543, 223.979675293, 224.478912354, 224.978134155, 225.488967896, 225.999816895, 226.533874512, 227.044708252, 227.567153931, 228.101226807, 228.623672485, 229.122894287, 229.633743286, 230.156188965, 230.667022705, 231.177871704, 231.688705444, 232.176315308, 232.66394043, 233.151565552, 233.662399292, 234.173233032, 234.684082031, 235.194915771, 235.705749512, 236.204986572, 236.704208374, 237.203445435, 237.702667236, 238.213516235, 238.724349976, 239.223571777, 239.722808838, 240.233642578, 240.732879639, 241.23210144, 241.731338501, 242.242172241, 242.741394043, 243.252243042, 243.763076782, 244.262313843, 244.761535645, 245.272369385, 245.771606445, 246.270828247, 246.781677246, 247.292510986, 247.791748047, 248.290969849, 248.790206909, 249.289428711, 249.777053833, 250.276275635, 250.798721313, 251.309570312, 251.820404053, 252.319625854, 252.818862915, 253.306488037, 253.805709839, 254.304931641, 254.81578064, 255.315002441, 255.814239502, 256.301849365, 256.789459229, 257.277099609, 257.764709473, 258.275543213, 258.79800415, 259.308837891, 259.819671631, 260.318908691, 260.829742432, 261.328979492, 261.828216553, 262.327423096, 262.826660156, 263.325897217, 263.825134277, 264.32434082, 264.823577881, 265.311187744, 265.787200928, 266.286437988, 266.785675049, 267.284881592, 267.784118652, 268.283355713, 268.782592773, 269.281799316, 269.781036377, 270.280273438, 270.779510498, 271.278717041, 271.777954102, 272.277191162, 272.776397705, 273.275634766, 273.763275146, 274.25088501, 274.738494873, 275.226104736, 275.713745117, 276.20135498, 276.688964844, 277.176605225, 277.664215088, 278.151824951, 278.639465332, 279.115447998, 279.591461182, 280.079101562, 280.566711426, 281.054321289, 281.541931152, 282.029571533, 282.517181396, 283.00479126, 283.492431641, 283.980041504, 284.467651367, 284.955291748, 285.442901611, 285.930511475, 286.418121338, 286.905761719, 287.393371582, 287.857757568, 288.333770752, 288.809783936, 289.285797119, 289.761810303, 290.249420166, 290.737060547, 291.22467041, 291.712280273, 292.199890137, 292.687530518, 293.175140381, 293.662750244, 294.150390625, 294.626403809, 295.102386475, 295.566802979, 296.031188965, 296.495605469, 296.971618652, 297.447601318, 297.923614502, 298.399627686, 298.864044189, 299.328430176, 299.804443359, 300.280456543, 300.756469727, 301.232452393, 301.696868896, 302.17288208, 302.648895264, 303.11328125, 303.577667236, 304.04208374, 304.506469727, 304.97088623, 305.446899414, 305.92288208, 306.387298584, 306.863311768, 307.339324951, 307.815338135, 308.291320801, 308.767333984, 309.243347168, 309.707763672, 310.172149658, 310.636535645, 311.100952148, 311.565338135, 312.029754639, 312.494140625, 312.970153809, 313.446166992, 313.910552979, 314.386566162, 314.862579346, 315.350189209, 315.826202393, 316.302215576, 316.77822876, 317.254241943, 317.71862793, 318.183044434, 318.64743042, 319.111816406, 319.564605713, 320.029022217, 320.5050354, 320.969421387, 321.44543457, 321.921447754, 322.397460938, 322.873474121, 323.349487305, 323.825469971, 324.289886475, 324.754272461, 325.230285645, 325.706298828, 326.170684814, 326.646697998, 327.122711182, 327.598724365, 328.074737549, 328.539123535, 329.015136719, 329.491149902, 329.955535889, 330.431549072, 330.895965576, 331.37197876, 331.836364746, 332.300750732, 332.765167236, 333.229553223, 333.693969727, 334.158355713, 334.634368896, 335.11038208, 335.574768066, 336.03918457, 336.515197754, 336.99118042, 337.455596924, 337.931610107, 338.407623291, 338.883636475, 339.359619141, 339.824035645, 340.300048828, 340.776062012, 341.263671875, 341.751281738, 342.238891602, 342.726531982, 343.202545166, 343.678527832, 344.142944336, 344.61895752, 345.094970703, 345.570983887, 346.046966553, 346.534606934, 347.022216797, 347.50982666, 347.985839844, 348.473449707, 348.961090088, 349.332611084, 349.692504883, 350.075653076, 350.447174072, 350.795471191, 351.132141113, 351.457214355, 351.782318115, 352.118988037, 352.455688477, 352.780761719, 353.094238281, 353.407714844, 353.732788086, 354.057861328, 354.38293457, 354.708007812, 355.033111572, 355.358184814, 355.671661377, 355.985107422, 356.298583984, 356.612060547, 356.937133789, 357.273834229, 357.61050415, 357.93560791, 358.249053955, 358.562530518, 358.88760376, 359.212677002, 359.514556885, 359.839630127, 360.164703369, 360.489776611, 360.826477051, 361.139953613, 361.465026855, 361.790100098, 362.11517334, 362.4402771, 362.765350342, 363.090423584, 363.415496826, 363.728973389, 364.042449951, 364.355926514, 364.669372559, 364.982849121, 365.296325684, 365.609802246, 365.946472168, 366.27154541, 366.59664917, 366.898498535, 367.223571777, 367.54864502, 367.873748779, 368.198822021, 368.523895264, 368.848968506, 369.174041748, 369.487518311, 369.800994873, 370.126068115, 370.451141357, 370.787841797, 371.112915039, 371.426391602, 371.751464844, 372.076538086, 372.413238525, 372.738311768, 373.075012207, 373.400085449, 373.725158691, 374.050231934, 374.375335693, 374.700408936, 375.037078857, 375.362182617, 375.698852539, 376.023925781, 376.349029541, 376.674102783, 377.022399902, 377.359100342, 377.695770264, 378.020843506, 378.357543945, 378.694244385, 379.123809814, 379.553375244, 379.994537354, 380.43572998, 380.830474854, 381.236816406, 381.643157959, 382.049530029, 382.467468262, 382.897033691, 383.326599121, 383.767791748, 384.220581055, 384.661773682, 385.102935791, 385.544128418, 385.985290527, 386.426483154, 386.867645264, 387.308837891, 387.761627197, 388.202819824, 388.655578613, 389.09677124, 389.537963867, 389.979125977, 390.431915283, 390.88470459, 391.337493896, 391.790283203, 392.24307251, 392.695861816, 393.148651123, 393.60144043, 394.054229736, 394.495422363, 394.94821167, 395.412597656, 395.853790283, 396.283355713, 396.724517822, 397.177307129, 397.630096436, 398.082885742, 398.547302246, 399.011688232, 399.476104736, 399.928894043, 400.38168335, 400.822845459, 401.275634766, 401.716827393, 402.181213379, 402.634002686, 403.086791992, 403.539581299, 403.980773926, 404.421936035, 404.863128662, 405.304290771, 405.768707275, 406.209869385, 406.674285889, 407.115447998, 407.579864502, 408.032653809, 408.485443115, 408.938232422, 409.391021729, 409.832183838, 410.273376465, 410.702941895, 411.132507324, 411.573699951, 412.014862061, 412.467651367, 412.920440674, 413.384857178, 413.849243164, 414.31362915, 414.754821777, 415.207611084, 415.660400391, 416.113189697, 416.577575684, 417.03036499, 417.483154297, 417.935943604, 418.38873291, 418.841522217, 419.294311523, 419.74710083, 420.211517334, 420.664306641, 421.128692627, 421.581481934, 422.045898438, 422.498687744, 422.96307373, 423.415863037, 423.891876221, 424.344665527, 424.809051514, 425.273468018, 425.737854004, 426.190643311, 426.643432617, 427.107849121, 427.572235107, 428.025024414, 428.477813721, 428.942199707, 429.406616211, 429.871002197, 430.335418701, 430.788208008, 431.252593994, 431.705383301, 432.169799805, 432.634185791, 433.098571777, 433.551361084, 434.004150391, 434.468566895, 434.932952881, 435.397369385, 435.861755371, 436.326171875, 436.790557861, 437.254943848, 437.719360352, 438.183746338, 438.648162842, 439.112548828, 439.576965332, 440.041351318, 440.505737305, 440.981750488, 441.446166992, 441.922180176, 442.386566162, 442.862579346, 443.326965332, 443.802978516, 444.26739502, 444.731781006, 445.184570312, 445.648956299, 446.101745605, 446.566162109, 447.030548096, 447.4949646, 447.947753906, 448.400543213, 448.841705322, 449.306121826, 449.770507812, 450.234924316, 450.687713623, 451.152099609, 451.604888916, 452.069274902, 452.533691406, 452.998077393, 453.462493896, 453.926879883, 454.391296387, 454.855682373, 455.320068359, 455.784484863, 456.24887085, 456.713287354, 457.189300537, 457.665283203, 458.129699707, 458.594085693, 459.058502197, 459.534515381, 460.010498047, 460.498138428, 460.892883301, 461.287597656, 461.682342529, 462.077087402, 462.448608398, 462.820129395, 463.20324707, 463.586395264, 463.95791626, 464.329437256, 464.700958252, 465.060852051, 465.420776367, 465.792266846, 466.163787842, 466.535308838, 466.906829834, 467.26675415, 467.626647949, 467.986572266, 468.346466064, 468.717987061, 469.089508057, 469.449432373, 469.809326172, 470.180847168, 470.552368164, 470.91229248, 471.272186279, 471.632110596, 471.992004395, 472.363525391, 472.735046387, 473.094970703, 473.443267822, 473.791564941, 474.174682617, 474.56942749, 474.98739624, 475.393737793, 475.800079346, 476.229644775, 476.670837402, 477.100402832, 477.518371582, 477.936309814, 478.377502441, 478.795471191, 479.213409424, 479.631378174, 480.049346924, 480.467285156, 480.885253906, 481.303222656, 481.732788086, 482.162353516, 482.591918945, 483.021484375, 483.439453125, 483.869018555, 484.298583984, 484.716552734, 485.134490967, 485.552459717, 485.982025146, 486.411590576, 486.829559326, 487.247528076, 487.665466309, 488.095062256, 488.524627686, 488.942565918, 489.372131348, 489.790100098, 490.208068848, 490.637634277, 491.055603027, 491.47354126, 491.89151001, 492.321075439, 492.739044189, 493.168609619, 493.598175049, 494.027740479, 494.445709229, 494.852050781, 495.270019531, 495.687957764, 496.117553711, 496.55871582, 497.011505127, 497.452697754, 497.893859863, 498.33505249, 498.7762146, 499.19418335, 499.623748779, 500.064941406, 500.506103516, 500.947296143, 501.388458252, 501.829650879, 502.259216309, 502.607513428, 502.944213867, 503.269287109, 503.594360352, 503.942657471, 504.314178467, 504.69732666, 505.057220459, 505.405517578, 505.753814697, 506.102111816, 506.462036133, 506.821929932, 507.170227051, 507.541748047, 507.901672363, 508.249969482, 508.609863281, 508.958190918, 509.306488037, 509.654785156, 510.003082275, 510.362976074, 510.722900391, 511.07119751, 511.442718506, 511.814239502, 512.174133301, 512.534057617, 512.893981934, 513.253845215, 513.602172852, 513.950439453, 514.29876709, 514.658691406, 515.018554688, 515.366882324, 515.715209961, 516.086730957, 516.446594238, 516.806518555, 517.178039551, 517.526367188, 517.897888184, 518.246154785, 518.606079102, 518.966003418, 519.337524414, 519.70904541, 520.057312012, 520.405639648, 520.76550293, 521.137023926, 521.485351562, 521.845275879, 522.20513916, 522.565063477, 522.936584473, 523.296508789, 523.656433105, 524.016296387, 524.376220703, 524.73614502, 525.096069336, 525.455932617, 525.815856934, 526.17578125, 526.535705566, 526.883972168, 527.243896484, 527.603820801, 527.963684082, 528.323608398, 528.683532715, 529.031799316, 529.403320312, 529.763244629, 530.123168945, 530.483093262, 530.854614258, 531.214477539, 531.574401855, 531.934326172, 532.294250488, 532.665771484, 533.025634766, 533.385559082, 533.757080078, 534.128601074, 534.50012207, 534.860046387, 535.219970703, 535.579833984, 535.95135498, 536.311279297, 536.682800293, 537.042724609, 537.402648926, 537.750915527, 538.099243164, 538.447509766, 538.795837402, 539.144104004, 539.515625, 539.887145996, 540.258666992, 540.630187988, 540.990112305, 541.361633301, 541.721557617, 542.081420898, 542.441345215, 542.801269531, 543.161193848, 543.509460449, 543.857788086, 544.206054688, 544.554382324, 544.902648926, 545.262573242, 545.622497559, 545.994018555, 546.365539551, 546.725402832, 547.085327148, 547.456848145, 547.816772461, 548.176696777, 548.524963379, 548.873291016, 549.233215332, 549.604736328, 549.976196289, 550.336120605, 550.696044922, 551.055969238, 551.427490234, 551.787353516, 552.147277832, 552.518798828, 552.867126465, 553.215393066, 553.563720703, 553.935241699, 554.283508301, 554.643432617, 555.003356934, 555.36328125, 555.711547852, 556.071472168, 556.41973877, 556.791259766, 557.151184082, 557.522705078, 557.882629395, 558.254150391, 558.614074707, 558.973937988, 559.345458984, 559.705383301, 560.065307617, 560.436828613, 560.808349609, 561.179870605, 561.551391602, 561.934509277, 562.329223633, 562.723999023, 563.118713379, 563.478637695, 563.826904297, 564.175231934, 564.511901855, 564.848632812, 565.16204834, 565.475524902, 565.789001465, 566.102478027, 566.41595459, 566.729431152, 567.042907715, 567.379577637, 567.704650879, 568.018127441, 568.331604004, 568.645080566, 568.958557129, 569.283630371, 569.608703613, 569.933776855, 570.258850098, 570.58392334, 570.908996582, 571.234069824, 571.547546387, 571.861022949, 572.186096191, 572.511169434, 572.824645996, 573.149719238, 573.463195801, 573.788269043, 574.101745605, 574.426818848, 574.74029541, 575.065368652, 575.390441895, 575.703918457, 576.01739502, 576.330871582, 576.644348145, 576.957824707, 577.27130127, 577.596374512, 577.921447754, 578.234924316, 578.548400879, 578.861877441, 579.175292969, 579.500427246, 579.813842773, 580.138916016, 580.452392578, 580.77746582, 581.090942383, 581.404418945, 581.717895508, 582.03137207, 582.344848633, 582.669921875, 582.983398438, 583.30847168, 583.633544922, 583.947021484, 584.260498047, 584.585571289, 584.910644531, 585.235717773, 585.560791016, 585.874267578, 586.187744141, 586.512817383, 586.826293945, 587.151367188, 587.46484375, 587.789916992, 588.114990234, 588.440063477, 588.765136719, 589.090209961, 589.403686523, 589.728759766, 590.053894043, 590.390563965, 590.715637207, 591.040710449, 591.365783691, 591.714111328, 592.073974609, 592.445495605, 592.805419922, 593.246582031, 593.664550781, 594.094116211, 594.535339355, 594.988098145, 595.417663574, 595.916931152, 596.416137695, 596.915344238, 597.449401855, 597.983459473, 598.51751709, 599.028381348, 599.539245605, 600.050048828, 600.560913086, 601.060119629, 601.570983887, 602.023742676, 602.4765625, 602.940917969, 603.393737793, 603.846496582, 604.299316406, 604.752075195, 605.228088379, 605.715698242, 606.203369141, 606.690979004, 607.178588867, 607.67779541, 608.188659668, 608.699462891, 609.221923828, 609.744384766, 610.266845703, 610.777648926, 611.276916504, 611.776123047, 612.275390625, 612.774597168, 613.273803711, 613.773071289, 614.272277832, 614.771484375, 615.259155273, 615.758361816, 616.257568359, 616.768432617, 617.290893555, 617.813293457, 618.335754395, 618.858215332, 619.38067627, 619.879882812, 620.379150391, 620.878356934, 621.365966797, 621.85357666, 622.341186523, 622.828857422, 623.316467285, 623.792480469, 624.268493652, 624.767700195, 625.266906738, 625.81262207, 626.358276367, 626.903930664, 627.426391602, 627.937194824, 628.436462402, 628.935668945, 629.423278809, 629.910888672, 630.39855957, 630.886169434, 631.362182617, 631.84979248, 632.325805664, 632.813415527, 633.347473145, 633.881530762, 634.415588379, 634.961242676, 635.495300293, 636.02935791, 636.551818848, 637.085876465, 637.619934082, 638.13079834, 638.641601562, 639.15246582, 639.651672363, 640.150939941, 640.661743164, 641.172607422, 641.683410645, 642.194274902, 642.693481445, 643.204345703, 643.726806641, 644.260864258, 644.794921875, 645.328979492, 645.863037109, 646.385498047, 646.88470459, 647.407165527, 647.91796875, 648.417236328, 648.928039551, 649.438903809, 649.949768066, 650.460571289, 650.971435547, 651.48223877, 652.004699707, 652.538757324, 653.072814941, 653.595275879, 653.989990234, 654.384765625, 654.77947998, 655.185852051, 655.580566406, 655.975341797, 656.381652832, 656.776428223, 657.171142578, 657.565856934, 657.949035645, 658.33215332, 658.703674316, 659.086791992, 659.469909668, 659.841430664, 660.21295166, 660.572875977, 660.944396973, 661.304321289, 661.675842285, 662.047363281, 662.407226562, 662.767150879, 663.115478516, 663.486999512, 663.835266113, 664.19519043, 664.555114746, 664.926635742, 665.298156738, 665.669677734, 666.041137695, 666.401062012, 666.772583008, 667.132507324, 667.50402832, 667.875549316, 668.247070312, 668.618591309, 668.990112305, 669.350036621, 669.709899902, 670.069824219, 670.429748535, 670.801269531, 671.172790527, 671.544311523, 671.91583252, 672.287353516, 672.635620117, 672.983947754, 673.401916504, 673.819824219, 674.226196289, 674.632568359, 675.073730469, 675.514892578, 675.956115723, 676.385681152, 676.815246582, 677.256408691, 677.674377441, 678.103942871, 678.533508301, 678.96307373, 679.38104248, 679.79901123, 680.22857666, 680.66973877, 681.099304199, 681.528869629, 681.946838379, 682.388000488, 682.805969238, 683.235534668, 683.665100098, 684.083068848, 684.512634277, 684.930603027, 685.360168457, 685.789733887, 686.219299316, 686.637268066, 687.055236816, 687.496398926, 687.925964355, 688.355529785, 688.785095215, 689.203063965, 689.632629395, 690.062194824, 690.480163574, 690.909729004, 691.350891113, 691.768859863, 692.198425293, 692.627990723, 693.069213867, 693.487182617, 693.916748047, 694.346313477, 694.764221191, 695.182189941, 695.611755371, 696.041320801, 696.482543945, 696.923706055, 697.364868164, 697.817687988, 698.258850098, 698.676818848, 699.094787598, 699.501098633, 699.907470703, 700.26739502, 700.604064941, 700.963989258, 701.312255859, 701.637329102, 701.962463379, 702.287536621, 702.635803223, 703.042175293, 703.448486328, 703.854858398, 704.261230469, 704.679199219, 705.097106934, 705.491882324, 705.88659668, 706.29296875, 706.687683105, 707.094055176, 707.512023926, 707.929992676, 708.336303711, 708.742675781, 709.230285645, 709.717895508, 710.205505371, 710.693115234, 711.169128418, 711.656738281, 712.156005859, 712.655212402, 713.15447998, 713.642089844, 714.129699707, 714.61730957, 715.104919434, 715.592529297, 716.08013916, 716.567810059, 717.055419922, 717.543029785], "beats_loudness": {"dmean2": 0.041009683162, "median": 0.0477914586663, "min": 1.00163344285e-09, "dvar2": 0.0014153548982, "dvar": 0.000445438286988, "dmean": 0.0231658201665, "max": 0.217164039612, "var": 0.000770774029661, "mean": 0.0495455265045}, "danceability": 1.23805367947, "bpm_histogram_second_peak_weight": {"dmean2": 0, "median": 0.0710784345865, "min": 0.0710784345865, "dvar2": 0, "dvar": 0, "dmean": 0, "max": 0.0710784345865, "var": 0, "mean": 0.0710784345865}, "beats_count": 1633, "bpm_histogram_second_peak_bpm": {"dmean2": 0, "median": 129, "min": 129, "dvar2": 0, "dvar": 0, "dmean": 0, "max": 129, "var": 0, "mean": 129}, "bpm_histogram_first_peak_spread": {"dmean2": 0, "median": 0.524444460869, "min": 0.524444460869, "dvar2": 0, "dvar": 0, "dmean": 0, "max": 0.524444460869, "var": 0, "mean": 0.524444460869}, "beats_loudness_band_ratio": {"dmean2": [0.424373805523, 0.200466841459, 0.119460135698, 0.117218717933, 0.0891340076923, 0.083174392581], "median": [0.69171333313, 0.115977413952, 0.0436388067901, 0.047309987247, 0.0270732473582, 0.0304192900658], "min": [0.000579874380492, 0.000222800619667, 0.000480109127238, 6.30079593975e-05, 6.82118334225e-05, 8.87823625817e-05], "dvar2": [0.116897106171, 0.028147527948, 0.0157900359482, 0.0231314916164, 0.0238595977426, 0.0131085840985], "dvar": [0.0394751280546, 0.0095140915364, 0.00584627501667, 0.00917511992157, 0.00842906627804, 0.00447158422321], "dmean": [0.230390995741, 0.109087616205, 0.0659373477101, 0.0661791786551, 0.0498104840517, 0.0450464971364], "max": [0.988089740276, 0.846828460693, 0.91495859623, 0.941958844662, 0.953204512596, 0.983180224895], "var": [0.0612328834832, 0.012628454715, 0.0081091132015, 0.0121207945049, 0.0085464688018, 0.00574874738231], "mean": [0.632244110107, 0.142618715763, 0.0741177201271, 0.0807383731008, 0.0530483573675, 0.0520088076591]}}, "lowlevel": {"barkbands_spread": {"dmean2": 8.24175834656, "median": 16.7870883942, "min": 0.18938447535, "dvar2": 103.143760681, "dvar": 45.0505523682, "dmean": 5.35960578918, "max": 139.017593384, "var": 199.291229248, "mean": 19.5352783203}, "melbands_spread": {"dmean2": 9.73651599884, "median": 13.8032588959, "min": 0.31378570199, "dvar2": 171.717346191, "dvar": 78.15675354, "dmean": 6.39355421066, "max": 180.017990112, "var": 328.612609863, "mean": 19.4516811371}, "hfc": {"dmean2": 7.44325399399, "median": 12.4530467987, "min": 1.19156518674e-16, "dvar2": 121.474807739, "dvar": 59.4350471497, "dmean": 5.1927728653, "max": 237.456069946, "var": 286.983459473, "mean": 16.8966312408}, "barkbands_kurtosis": {"dmean2": 9.55010604858, "median": 3.54318571091, "min": -1.9071097374, "dvar2": 321.321533203, "dvar": 131.82333374, "dmean": 5.96993160248, "max": 372.82421875, "var": 402.785186768, "mean": 10.498793602}, "gfcc": {"mean": [-37.0361061096, 113.055686951, -112.153083801, 55.9208335876, -51.5628166199, 15.9416599274, -24.8968849182, 1.11309993267, -26.5779800415, -2.24653315544, -11.2754707336, -7.16691303253, -6.64550828934], "icov": [[0.000237766216742, -0.000492701132316, 0.000401006283937, -0.000593438162468, 0.000233660670347, -0.000575158861466, 0.000642910017632, -0.00064622994978, 0.000512062921189, -0.000471233011922, 0.000456506939372, -0.000745844037738, 0.000570233853068], [-0.000492701132316, 0.0029909487348, -0.00119752786122, 0.00197141058743, -0.00105601642281, 0.00227410532534, -0.0019069518894, 0.00218698615208, -0.00180412363261, 0.00328084873036, -0.00320146768354, 0.00337223079987, -0.00202645733953], [0.000401006283937, -0.00119752786122, 0.00213704374619, -0.00168365659192, 0.000787620025221, -0.00112111447379, 0.000363287137588, -0.00109836424235, 0.000347603636328, -0.000787004770245, 0.00155728787649, -0.00183652003761, 0.00175888859667], [-0.000593438162468, 0.00197141058743, -0.00168365659192, 0.00449278391898, -0.00112987088505, 0.000657865486573, -0.000471100356663, 0.000980222015642, -0.000785856507719, 0.00173010502476, -0.00234424998052, 0.004350383766, -0.00310666230507], [0.000233660670347, -0.00105601642281, 0.000787620025221, -0.00112987088505, 0.00421715574339, -0.00107478792779, -0.000649827183224, 0.000933706061915, -0.00155686272774, -0.00129261938855, 0.00152130657807, -0.00211261282675, 0.00115683220793], [-0.000575158861466, 0.00227410532534, -0.00112111447379, 0.000657865486573, -0.00107478792779, 0.00678686844185, -0.0030783789698, 0.00221297470853, -0.000226237942115, 0.00110425415915, -0.00246997037902, 0.00199031061493, -0.00139230838977], [0.000642910017632, -0.0019069518894, 0.000363287137588, -0.000471100356663, -0.000649827183224, -0.0030783789698, 0.00868342723697, -0.00513004651293, 0.0026419069618, 0.000956679636147, -0.00118751113769, 0.00048139077262, -0.000107881307486], [-0.00064622994978, 0.00218698615208, -0.00109836424235, 0.000980222015642, 0.000933706061915, 0.00221297470853, -0.00513004651293, 0.0114265559241, -0.00668947631493, 0.00276380660944, 0.00124008837156, -0.0029841195792, 0.00268457084894], [0.000512062921189, -0.00180412363261, 0.000347603636328, -0.000785856507719, -0.00155686272774, -0.000226237942115, 0.0026419069618, -0.00668947631493, 0.0127560980618, -0.0047954833135, -1.83070260391e-05, 0.00357131683268, -0.00275229779072], [-0.000471233011922, 0.00328084873036, -0.000787004770245, 0.00173010502476, -0.00129261938855, 0.00110425415915, 0.000956679636147, 0.00276380660944, -0.0047954833135, 0.0141089800745, -0.0059214560315, 0.00268671149388, 0.000600264989771], [0.000456506939372, -0.00320146768354, 0.00155728787649, -0.00234424998052, 0.00152130657807, -0.00246997037902, -0.00118751113769, 0.00124008837156, -1.83070260391e-05, -0.0059214560315, 0.0155239952728, -0.00911649595946, 0.00442941440269], [-0.000745844037738, 0.00337223079987, -0.00183652003761, 0.004350383766, -0.00211261282675, 0.00199031061493, 0.00048139077262, -0.0029841195792, 0.00357131683268, 0.00268671149388, -0.00911649595946, 0.0191027596593, -0.00938941165805], [0.000570233853068, -0.00202645733953, 0.00175888859667, -0.00310666230507, 0.00115683220793, -0.00139230838977, -0.000107881307486, 0.00268457084894, -0.00275229779072, 0.000600264989771, 0.00442941440269, -0.00938941165805, 0.0152871794999]], "cov": [[13149.1308594, -942.405883789, -1143.67468262, 886.950805664, -418.797393799, 538.974121094, -764.576049805, 133.144424438, -404.296081543, 264.521087646, 37.5734367371, 274.793182373, -176.854217529], [-942.405883789, 1408.68859863, 203.939758301, -260.608184814, 179.368408203, -215.91847229, 250.651138306, -81.5563735962, 109.310020447, -197.482284546, 74.8864517212, -106.392097473, 68.7048568726], [-1143.67468262, 203.939758301, 902.192932129, 136.670181274, -15.2195796967, 16.1410713196, 136.033843994, 72.2201919556, 50.9066581726, -63.5987586975, -30.7962799072, -47.6899719238, -24.1405773163], [886.950805664, -260.608184814, 136.670181274, 504.908355713, 5.5648150444, 109.198753357, -64.6941223145, -1.48240435123, -6.21377754211, 29.4799156189, -19.0847225189, -38.704284668, 8.06154155731], [-418.797393799, 179.368408203, -15.2195796967, 5.5648150444, 335.366699219, 10.1093902588, 61.2931365967, -37.0317459106, 63.6313819885, 5.74861907959, 13.8900690079, -17.7686462402, 21.0510616302], [538.974121094, -215