{"metadata": {"tags": {"album": ["Guerrilla Warfare"], "albumartist": ["The Hot Boys"], "filetype": ["audio/mp3"], "genre": ["\u00c4\u00cf\u00b7\u00bd Rap"], "artist": ["The Hot Boys"], "date": ["1999"], "tracknumber": ["16"], "title": ["Shoot 1st"], "file_name": "165958.mp3", "musicbrainz_recordingid": ["038cd53f-dff5-412f-a66f-c62ccd6db5be"]}, "audio_properties": {"sample_rate": 44100, "downmix": "mix", "lossless": false, "analysis_sample_rate": 44100, "md5_encoded": "902d03038fb9ba4accbfbb811152abc1", "equal_loudness": 0, "replay_gain": -10.9188251495, "codec": "mp3", "bit_rate": 192000, "length": 301.505310059}, "version": {"extractor": "music 1.0", "essentia_build_sha": "70f2e5ece6736b2c40cc944ad0e695b16b925413", "essentia_git_sha": "v2.1_beta2", "essentia": "2.1-beta2"}}, "rhythm": {"beats_loudness_band_ratio": {"dvar2": [0.111221380532, 0.00363468611613, 0.0142667265609, 0.0119750639424, 0.0022732890211, 0.0205188225955], "var": [0.0668734386563, 0.00170530460309, 0.00531872780994, 0.00734281912446, 0.0026466161944, 0.0114529663697], "min": [2.61170080194e-05, 0.00245335116051, 0.00596715556458, 0.00340734794736, 0.000608283153269, 0.00175074581057], "dmean": [0.400273680687, 0.0520992316306, 0.0720258280635, 0.10454300791, 0.0922300219536, 0.16784453392], "mean": [0.426454216242, 0.074719466269, 0.0931782349944, 0.133219301701, 0.0651865527034, 0.230888262391], "max": [0.980268657207, 0.254696786404, 0.652423501015, 0.767023384571, 0.21471683681, 0.528481841087], "dmean2": [0.799020946026, 0.09752022475, 0.129104450345, 0.206051468849, 0.184538424015, 0.333965957165], "median": [0.418588250875, 0.0723247379065, 0.0772844851017, 0.129161417484, 0.070133805275, 0.238896355033], "dvar": [0.0373069792986, 0.00118508329615, 0.00479705538601, 0.00402772566304, 0.000816322281025, 0.00720664532855]}, "bpm_histogram_first_peak_weight": {"dvar2": 0, "var": 0, "min": 0.518433153629, "dmean": 0, "mean": 0.518433153629, "max": 0.518433153629, "dmean2": 0, "median": 0.518433153629, "dvar": 0}, "bpm": 86.8289260864, "beats_count": 435, "bpm_histogram_first_peak_spread": {"dvar2": 0, "var": 0, "min": 0.479166686535, "dmean": 0, "mean": 0.479166686535, "max": 0.479166686535, "dmean2": 0, "median": 0.479166686535, "dvar": 0}, "danceability": 1.58094930649, "bpm_histogram_first_peak_bpm": {"dvar2": 0, "var": 0, "min": 86, "dmean": 0, "mean": 86, "max": 86, "dmean2": 0, "median": 86, "dvar": 0}, "beats_position": [0.708208620548, 1.45124709606, 2.20589566231, 2.91410422325, 3.61070299149, 4.29569149017, 4.99229001999, 5.6888885498, 6.38548755646, 7.07047605515, 7.75546455383, 8.45206356049, 9.14866161346, 9.83365058899, 10.5186395645, 11.2152376175, 11.9118366241, 12.5968255997, 13.2818136215, 13.9784126282, 14.6750106812, 15.3599996567, 16.0449886322, 16.7415866852, 17.4381847382, 18.1231746674, 18.8081626892, 19.5047607422, 20.2013607025, 20.8863487244, 21.5713367462, 22.2679367065, 22.9645347595, 23.6495227814, 24.3345127106, 25.0311107635, 25.7277088165, 26.4126987457, 27.0976867676, 27.7942848206, 28.4908847809, 29.1758728027, 29.8608608246, 30.5574588776, 31.2540588379, 31.9390468597, 32.6356468201, 33.3206329346, 34.0172348022, 34.7138328552, 35.3988189697, 36.0838088989, 36.7804069519, 37.4770050049, 38.1736030579, 38.8585929871, 39.5435829163, 40.2401809692, 40.9367790222, 41.6217689514, 42.3067550659, 43.0033569336, 43.6999549866, 44.3849411011, 45.0699310303, 45.7665290833, 46.4631271362, 47.1481170654, 47.8331069946, 48.5297050476, 49.2263031006, 49.9112930298, 50.5962791443, 51.2928771973, 51.9894790649, 52.6744651794, 53.3594551086, 54.0560531616, 54.7526512146, 55.4376411438, 56.122631073, 56.819229126, 57.515827179, 58.2124252319, 58.8974151611, 59.5824012756, 60.2789993286, 60.9756011963, 61.6605873108, 62.34557724, 63.042175293, 63.7387733459, 64.4237594604, 65.1087493896, 65.8053512573, 66.5019454956, 67.1869354248, 67.871925354, 68.5685272217, 69.26512146, 69.9617233276, 70.6467132568, 71.3316955566, 72.0282974243, 72.724899292, 73.4098815918, 74.094871521, 74.7914733887, 75.488067627, 76.1730575562, 76.8580474854, 77.554649353, 78.2512435913, 78.9362335205, 79.6212234497, 80.3178253174, 81.0144195557, 81.6994094849, 82.3843994141, 83.0809936523, 83.77759552, 84.4625854492, 85.1475753784, 85.8441696167, 86.5407714844, 87.2373657227, 87.9223556519, 88.6073455811, 89.3039474487, 90.000541687, 90.6855316162, 91.3705215454, 92.0671157837, 92.7637176514, 93.4487075806, 94.1336975098, 94.830291748, 95.5268936157, 96.223487854, 96.9084777832, 97.5934677124, 98.2900695801, 98.9866638184, 99.6716537476, 100.356643677, 101.053237915, 101.749839783, 102.434829712, 103.119819641, 103.816413879, 104.513015747, 105.198005676, 105.882987976, 106.579589844, 107.276191711, 107.961174011, 108.64616394, 109.342765808, 110.039360046, 110.724349976, 111.409339905, 112.105941772, 112.802536011, 113.48752594, 114.172515869, 114.869110107, 115.565711975, 116.250701904, 116.935691833, 117.632286072, 118.328887939, 119.013877869, 119.698867798, 120.395462036, 121.092063904, 121.788658142, 122.473648071, 123.158638, 123.855232239, 124.551834106, 125.236824036, 125.921813965, 126.618408203, 127.315010071, 128, 128.6849823, 129.381591797, 130.078186035, 130.774780273, 131.459777832, 132.144760132, 132.84135437, 133.537963867, 134.222946167, 134.907928467, 135.604537964, 136.301132202, 136.986114502, 137.671112061, 138.367706299, 139.064300537, 139.749298096, 140.434280396, 141.130874634, 141.827484131, 142.512466431, 143.197463989, 143.894058228, 144.590652466, 145.275650024, 145.960632324, 146.657226562, 147.35383606, 148.038818359, 148.723800659, 149.420410156, 150.117004395, 150.801986694, 151.486984253, 152.183578491, 152.880172729, 153.576782227, 154.261764526, 154.946762085, 155.643356323, 156.339950562, 157.024932861, 157.70993042, 158.406524658, 159.103118896, 159.799728394, 160.484710693, 161.169708252, 161.86630249, 162.55128479, 163.236282349, 163.932876587, 164.629470825, 165.326080322, 166.011062622, 166.696044922, 167.392654419, 168.089248657, 168.774230957, 169.459228516, 170.155822754, 170.852416992, 171.537414551, 172.222396851, 172.919006348, 173.615600586, 174.300582886, 174.985580444, 175.682174683, 176.378768921, 177.063766479, 177.748748779, 178.445343018, 179.141952515, 179.826934814, 180.511917114, 181.208526611, 181.90512085, 182.601715088, 183.286712646, 183.971694946, 184.668289185, 185.353286743, 186.038269043, 186.73487854, 187.431472778, 188.116455078, 188.801452637, 189.498046875, 190.194641113, 190.89125061, 191.57623291, 192.26121521, 192.957824707, 193.654418945, 194.339401245, 195.024398804, 195.720993042, 196.41758728, 197.102584839, 197.787567139, 198.484161377, 199.180770874, 199.877365112, 200.562347412, 201.247344971, 201.943939209, 202.628936768, 203.313919067, 204.010513306, 204.707122803, 205.403717041, 206.088699341, 206.773696899, 207.470291138, 208.166885376, 208.851882935, 209.536865234, 210.233459473, 210.93006897, 211.61505127, 212.300048828, 212.996643066, 213.693237305, 214.378234863, 215.063217163, 215.759811401, 216.45640564, 217.141403198, 217.826385498, 218.522994995, 219.219589233, 219.904571533, 220.589569092, 221.28616333, 221.982757568, 222.667755127, 223.352737427, 224.049331665, 224.745941162, 225.430923462, 226.115921021, 226.812515259, 227.509109497, 228.194107056, 228.879089355, 229.575683594, 230.272293091, 230.957275391, 231.64225769, 232.338867188, 233.035461426, 233.732055664, 234.417053223, 235.102035522, 235.798629761, 236.495239258, 237.191833496, 237.876815796, 238.561813354, 239.258407593, 239.955001831, 240.63999939, 241.324981689, 242.021575928, 242.718185425, 243.403167725, 244.088165283, 244.784759521, 245.469741821, 246.15473938, 246.851333618, 247.547927856, 248.244537354, 248.929519653, 249.614501953, 250.31111145, 251.007705688, 251.692687988, 252.377685547, 253.074279785, 253.770874023, 254.455871582, 255.140853882, 255.83744812, 256.534057617, 257.219055176, 257.904022217, 258.600616455, 259.297241211, 259.982208252, 260.667205811, 261.363800049, 262.060394287, 262.745391846, 263.430389404, 264.126983643, 264.823577881, 265.508575439, 266.19354248, 266.890167236, 267.586761475, 268.271728516, 268.956726074, 269.653320312, 270.349914551, 271.034912109, 271.719909668, 272.416503906, 273.113098145, 273.809692383, 274.494689941, 275.1796875, 275.876281738, 276.561279297, 277.246246338, 277.942840576, 278.639465332, 279.324432373, 280.009429932, 280.70602417, 281.402618408, 282.099212646, 282.784210205, 283.469207764, 284.165802002, 284.86239624, 285.547393799, 286.23236084, 286.928985596, 287.625579834, 288.310546875, 288.995544434, 289.692138672, 290.38873291, 291.073730469, 291.758728027, 292.455322266, 293.151916504, 293.836914062, 294.521911621, 295.218505859, 295.915100098, 296.611694336, 297.296691895, 297.981658936, 298.678283691, 299.363250732, 300.048248291, 300.744842529], "beats_loudness": {"dvar2": 0.00159179943148, "var": 0.000988902291283, "min": 0.000545156712178, "dmean": 0.0411867313087, "mean": 0.0768295973539, "max": 0.219982460141, "dmean2": 0.0755593553185, "median": 0.0785377919674, "dvar": 0.000534601625986}, "bpm_histogram_second_peak_weight": {"dvar2": 0, "var": 0, "min": 0.00460829492658, "dmean": 0, "mean": 0.00460829492658, "max": 0.00460829492658, "dmean2": 0, "median": 0.00460829492658, "dvar": 0}, "bpm_histogram_second_peak_spread": {"dvar2": 0, "var": 0, "min": 0, "dmean": 0, "mean": 0, "max": 0, "dmean2": 0, "median": 0, "dvar": 0}, "bpm_histogram_second_peak_bpm": {"dvar2": 0, "var": 0, "min": 80, "dmean": 0, "mean": 80, "max": 80, "dmean2": 0, "median": 80, "dvar": 0}, "onset_rate": 5.80387401581}, "lowlevel": {"spectral_energyband_high": {"dvar2": 0.000105905288365, "var": 4.78910842503e-05, "min": 7.50047151343e-21, "dmean": 0.0030684240628, "mean": 0.00313854357228, "max": 0.0598296411335, "dmean2": 0.00447153346613, "median": 0.000681176083162, "dvar": 4.46813755843e-05}, "spectral_energyband_middle_low": {"dvar2": 0.000738545786589, "var": 0.000218588626012, "min": 4.41974051761e-22, "dmean": 0.00898634456098, "mean": 0.00999788288027, "max": 0.153748273849, "dmean2": 0.015330446884, "median": 0.00530209904537, "dvar": 0.000273239129456}, "spectral_energy": {"dvar2": 0.00407950766385, "var": 0.00173919775989, "min": 1.06755986402e-20, "dmean": 0.0250690896064, "mean": 0.0429595150054, "max": 0.296301692724, "dmean2": 0.040981862694, "median": 0.0322274193168, "dvar": 0.00160747650079}, "spectral_spread": {"dvar2": 4752556425220.0, "var": 8085292187650.0, "min": 1127784.25, "dmean": 1747652.5, "mean": 7602554.5, "max": 40775744, "dmean2": 2299931.25, "median": 7181241, "dvar": 2806133293060.0}, "spectral_energyband_low": {"dvar2": 0.00216060108505, "var": 0.000982879195362, "min": 1.08319488016e-22, "dmean": 0.0157126765698, "mean": 0.0273013263941, "max": 0.249222531915, "dmean2": 0.0260687321424, "median": 0.0208421386778, "dvar": 0.000850966142025}, "spectral_rolloff": {"dvar2": 11246342, "var": 10280240, "min": 64.599609375, "dmean": 1371.71032715, "mean": 2200.42919922, "max": 19143.0175781, "dmean2": 2290.22802734, "median": 710.595703125, "dvar": 5710554.5}, "barkbands": {"dvar2": [1.50948812916e-06, 0.00091639906168, 0.000418190815253, 0.000400204909965, 2.22614871745e-05, 7.41407484384e-06, 2.159743417e-05, 1.88606336451e-05, 2.11712249438e-05, 2.12795712287e-05, 1.19884016385e-05, 3.56068608198e-06, 3.79343941859e-06, 8.79971594259e-07, 7.13253655249e-07, 1.50143887367e-06, 2.01750239626e-07, 1.00219165233e-06, 8.36080630506e-07, 1.03029196907e-06, 9.77723971118e-07, 2.18635909732e-06, 5.64192350794e-06, 1.43560473589e-05, 8.28311954137e-07, 8.25322786113e-07, 1.16024185814e-08], "var": [1.37822974011e-06, 0.000501212780364, 0.000115953807835, 9.35882344493e-05, 7.00096234141e-06, 3.69821259483e-06, 1.05161980173e-05, 7.51386232878e-06, 7.25964491721e-06, 5.99115628575e-06, 3.37914525517e-06, 1.83968563761e-06, 1.85845703982e-06, 5.02227010202e-07, 4.74198770917e-07, 7.02009572251e-07, 1.01760790017e-07, 2.96116297704e-07, 2.50651623901e-07, 3.06294225538e-07, 3.62489942063e-07, 1.17602678529e-06, 2.57369561041e-06, 5.1027623158e-06, 6.31059890566e-07, 5.25288726294e-07, 5.72436364976e-09], "min": [2.63736774108e-23, 4.44194859292e-23, 2.10950761946e-23, 6.57501301897e-23, 4.70059999098e-23, 4.94434475783e-23, 3.73093910826e-23, 1.31923834509e-22, 1.02232637271e-22, 5.35855163779e-23, 1.45743932884e-22, 6.40436284142e-23, 8.86300183819e-23, 1.25812888797e-22, 1.5412698733e-22, 1.94727739612e-22, 1.09986647721e-22, 3.65125443807e-22, 2.26091624891e-22, 2.82260868993e-22, 3.57158403048e-22, 4.43893722686e-22, 4.72559135689e-22, 9.13780020923e-22, 1.09609408125e-21, 1.59267740151e-21, 2.53079503092e-21], "dmean": [0.000440364907263, 0.0104016270489, 0.00444128876552, 0.00406422326341, 0.00144171807915, 0.000899416452739, 0.00155767973047, 0.001201334293, 0.00115361216012, 0.00116106658243, 0.000664426828735, 0.00063321122434, 0.000540679320693, 0.000291394913802, 0.000275038997643, 0.000300916377455, 0.000142702643643, 0.000186919089174, 0.000178360860446, 0.000194337437279, 0.000220414003707, 0.000402979407227, 0.000581451458856, 0.00100841827225, 0.000412724533817, 0.000378120777896, 4.50219340564e-05], "mean": [0.00107626093086, 0.0199560206383, 0.00446156784892, 0.00291203940287, 0.00148294237442, 0.00104694196489, 0.00172075734008, 0.0012603153009, 0.00117471953854, 0.00113348045852, 0.000640558369923, 0.000703342317138, 0.000623012776487, 0.000369965942809, 0.000342996063409, 0.000332348921802, 0.000180684612133, 0.000170406055986, 0.00016091564612, 0.000189726459212, 0.00023087466252, 0.000430587067967, 0.000626428925898, 0.000856213679072, 0.000437372509623, 0.000400440039812, 3.85279090551e-05], "max": [0.0113141015172, 0.207830786705, 0.132669195533, 0.0972478911281, 0.0287084951997, 0.036047399044, 0.0536274760962, 0.0360995493829, 0.0443026386201, 0.0297279320657, 0.0242058243603, 0.0213612802327, 0.0184886455536, 0.0146464901045, 0.00814324337989, 0.0138443475589, 0.0071674278006, 0.00601425394416, 0.00702907843515, 0.00590200256556, 0.00856421515346, 0.0157792363316, 0.0144731914625, 0.0227772444487, 0.0173927806318, 0.00670718634501, 0.000575285288505], "dmean2": [0.000688450294547, 0.0169916450977, 0.00778377568349, 0.0073095774278, 0.00243307487108, 0.00145230256021, 0.0025722917635, 0.00199393788353, 0.001942650415, 0.00194714998361, 0.00113629212137, 0.00101362075657, 0.000834693433717, 0.000469403457828, 0.000441821175627, 0.000477161840536, 0.000225777359447, 0.000311217678245, 0.000299157283735, 0.000320176797686, 0.000339355872711, 0.000608179660048, 0.000858326035086, 0.00160211801995, 0.000599211023655, 0.000537121493835, 7.1615773777e-05], "median": [0.000755552260671, 0.0159374661744, 0.000377935764845, 0.000278118415736, 0.000519293476827, 0.000368648237782, 0.000495725194924, 0.00022494760924, 0.000226090254728, 0.000316426507197, 0.000126511702547, 0.000185264885658, 0.000145772501128, 9.88386673271e-05, 7.74107829784e-05, 6.95840717526e-05, 6.40459547867e-05, 3.03332290059e-05, 3.42293460562e-05, 4.59965958726e-05, 5.5685017287e-05, 9.02776882867e-05, 9.40090103541e-05, 0.000104840248241, 7.28062586859e-05, 5.32737831236e-05, 4.02560453949e-06], "dvar": [6.46277328542e-07, 0.000346292799804, 0.000153861154104, 0.0001454752055, 8.31826037029e-06, 3.00416149912e-06, 8.81576670508e-06, 7.23266612113e-06, 7.87855879025e-06, 7.76928663981e-06, 4.33831428381e-06, 1.5098332824e-06, 1.57883630436e-06, 3.55135057362e-07, 2.96976736536e-07, 6.37372238543e-07, 8.33745303908e-08, 3.80102278541e-07, 3.21778514945e-07, 3.92821903006e-07, 3.88051375921e-07, 9.72900124907e-07, 2.38327538682e-06, 5.74814021093e-06, 4.2639686626e-07, 3.95907761686e-07, 5.34378719053e-09]}, "melbands_skewness": {"dvar2": 10.1132659912, "var": 13.7593021393, "min": -4.75298452377, "dmean": 1.82390201092, "mean": 4.57903814316, "max": 36.968662262, "dmean2": 2.67852163315, "median": 3.63909459114, "dvar": 4.90590906143}, "barkbands_skewness": {"dvar2": 5.18981122971, "var": 6.35244083405, "min": -8.00553703308, "dmean": 1.29255795479, "mean": 2.51549553871, "max": 22.2081451416, "dmean2": 1.88545846939, "median": 2.05729007721, "dvar": 2.48748636246}, "erbbands": {"dvar2": [0.830660700798, 48.6782531738, 408.022521973, 2692.12841797, 917.724609375, 536.232055664, 223.362747192, 773.393432617, 4184.98730469, 4845.99951172, 9277.23535156, 12678.4560547, 22272.0546875, 11277.3935547, 15982.2861328, 7162.46582031, 6728.83105469, 4292.70117188, 2138.640625, 3670.43676758, 1500.68078613, 936.850952148, 2568.37036133, 1782.1541748, 1752.74108887, 2632.94702148, 1897.51477051, 1712.10656738, 2008.41101074, 4396.125, 6743.17871094, 8845.87597656, 2321.0065918, 181.424880981, 28.0703697205, 22.3334350586, 2.01537942886, 0.0772625729442, 5.43432252016e-05, 5.48225287389e-08], "var": [0.46683293581, 28.2154121399, 136.964767456, 640.206787109, 219.152709961, 151.275558472, 103.376182556, 382.226867676, 2090.06225586, 2247.69360352, 3552.05322266, 4133.45654297, 5830.91552734, 3514.28442383, 5161.91601562, 3480.26245117, 3432.9296875, 1983.65026855, 1251.04516602, 1871.61437988, 897.048034668, 412.383026123, 792.714599609, 541.33416748, 556.642822266, 759.596557617, 644.865356445, 730.899291992, 1209.55786133, 2076.81616211, 2610.42871094, 3075.59960938, 883.319641113, 125.8046875, 22.342710495, 13.3879547119, 1.3111333847, 0.0571333765984, 3.77458345611e-05, 4.01335000788e-08], "min": [1.38169454555e-21, 1.03406955052e-20, 2.04595127359e-20, 1.33616591071e-19, 1.97875276852e-19, 1.73292696893e-19, 1.23721895358e-19, 4.43221880372e-19, 8.61154005985e-19, 1.31494865045e-18, 2.44255929693e-18, 2.42745042945e-18, 1.37734484861e-18, 4.82642061682e-18, 4.5368788647e-18, 2.20511999723e-18, 4.51745831828e-18, 6.90696473226e-18, 5.53769254604e-18, 1.13019217377e-17, 8.65076651546e-18, 8.04995545806e-18, 1.86341656655e-17, 1.36365653976e-17, 9.30910302138e-18, 1.39267453195e-17, 1.28780391215e-17, 1.68542417321e-17, 1.30781969774e-17, 1.8588364675e-17, 1.39777575479e-17, 1.49031906736e-17, 1.61894267477e-17, 1.17358449706e-17, 7.93903219228e-18, 5.24682399622e-18, 3.10349894024e-18, 1.36391598496e-18, 3.28228989374e-19, 4.17304670344e-20], "dmean": [0.312616944313, 2.3309340477, 5.01090669632, 10.554520607, 6.95153903961, 5.88377332687, 4.7558722496, 8.87411403656, 21.6444149017, 21.6201972961, 25.9778575897, 27.0868740082, 33.0835647583, 28.5495948792, 27.3414325714, 27.2800235748, 23.2959575653, 18.3536586761, 15.3488674164, 15.9072370529, 11.8366260529, 8.95670223236, 10.0840158463, 8.03561401367, 8.55777740479, 9.65288448334, 9.04822540283, 9.23444271088, 12.0523233414, 17.2557449341, 18.4883518219, 22.0409679413, 15.0073976517, 5.66882514954, 2.55024933815, 1.85994899273, 0.607311785221, 0.141069486737, 0.00355601473711, 0.000115662129247], "mean": [0.626385331154, 4.11582517624, 6.35772275925, 8.10156059265, 5.65338373184, 5.66232347488, 5.43058347702, 10.3379945755, 23.9526767731, 24.2649841309, 28.4751338959, 27.5848693848, 33.3278007507, 28.5248699188, 28.3620986938, 29.7481575012, 27.8842487335, 22.8062763214, 19.2266807556, 18.7871017456, 14.8688440323, 10.9163169861, 9.70616054535, 7.42728233337, 8.33037662506, 9.27915668488, 8.95885562897, 10.0296058655, 13.4854860306, 18.1929836273, 18.9214439392, 18.8619289398, 12.9754676819, 5.82476758957, 2.76809740067, 1.93437409401, 0.654433608055, 0.138928607106, 0.00345118413679, 0.000148288861965], "max": [7.39896345139, 51.9944152832, 137.164077759, 273.496154785, 161.787460327, 136.659881592, 133.111587524, 354.393249512, 946.518920898, 996.255859375, 998.150085449, 1194.62084961, 1044.81115723, 847.253723145, 1024.07897949, 955.017150879, 861.524902344, 855.936218262, 475.177764893, 670.304443359, 517.206665039, 421.183837891, 296.135467529, 416.47958374, 278.375, 324.811523438, 323.431854248, 446.536712646, 581.342834473, 447.834594727, 547.114196777, 617.807556152, 282.035614014, 253.396911621, 92.1462860107, 38.8056678772, 10.622379303, 1.61287927628, 0.0424170605838, 0.00152026093565], "dmean2": [0.506144285202, 3.81883358955, 8.62327194214, 18.9108276367, 12.3665218353, 10.0826044083, 7.80718708038, 14.4118051529, 35.6528091431, 35.4730949402, 42.5725212097, 45.9386367798, 56.4055366516, 47.465423584, 45.279964447, 43.2770996094, 35.9392585754, 29.7743854523, 24.5570526123, 24.8892173767, 18.3197536469, 14.0605020523, 16.6185874939, 13.3526105881, 14.0638923645, 16.0105209351, 14.4650907516, 13.8407344818, 17.7683124542, 25.9935913086, 27.9057445526, 34.7333068848, 23.7424449921, 8.30811882019, 3.7117934227, 2.65306830406, 0.869583487511, 0.209120854735, 0.00530797662213, 0.000167601945577], "median": [0.482286393642, 1.88960778713, 0.497054636478, 1.08115494251, 1.48650670052, 1.51638114452, 1.80532860756, 3.7130215168, 7.04017448425, 7.17456865311, 6.95033168793, 5.9348859787, 10.5501050949, 8.60761547089, 6.97770023346, 7.65590667725, 7.29574012756, 6.144323349, 5.10412979126, 4.02467393875, 4.32106637955, 3.70272922516, 2.06862568855, 1.52691066265, 2.09996056557, 2.15193462372, 2.41902518272, 2.27935934067, 3.0302195549, 3.35078191757, 2.49272727966, 2.02915835381, 1.831813097, 0.945361256599, 0.475176095963, 0.232956320047, 0.0913580209017, 0.0206586513668, 0.000496159540489, 6.69035653118e-05], "dvar": [0.303978294134, 18.9844970703, 155.705734253, 980.532470703, 331.93560791, 196.162963867, 89.3319702148, 311.728851318, 1721.57580566, 1934.59143066, 3556.5144043, 4670.24316406, 7973.8515625, 4198.57470703, 5911.57910156, 2995.26318359, 2876.97827148, 1653.48095703, 853.167419434, 1505.32214355, 668.805175781, 376.499694824, 980.663757324, 681.017150879, 685.030334473, 994.778808594, 748.452453613, 711.310913086, 932.247497559, 1858.5994873, 2714.67041016, 3525.28271484, 937.920532227, 90.2931289673, 14.6073560715, 10.5050840378, 0.966458499432, 0.0413562655449, 2.84937541437e-05, 2.86759984647e-08]}, "silence_rate_30dB": {"dvar2": 0.22723595798, "var": 0.0678734332323, "min": 0, "dmean": 0.103812091053, "mean": 0.926767289639, "max": 1, "dmean2": 0.207640171051, "median": 1, "dvar": 0.0930391699076}, "melbands_spread": {"dvar2": 1282.03344727, "var": 1002.21508789, "min": 0.179539605975, "dmean": 13.6295890808, "mean": 23.955247879, "max": 285.20916748, "dmean2": 20.832616806, "median": 14.0565824509, "dvar": 571.501281738}, "melbands_crest": {"dvar2": 41.5551834106, "var": 58.359046936, "min": 2.3368768692, "dmean": 4.24536371231, "mean": 19.4530220032, "max": 36.7085914612, "dmean2": 6.6335682869, "median": 19.2858467102, "dvar": 18.7669448853}, "zerocrossingrate": {"dvar2": 0.00106202473398, "var": 0.00541746430099, "min": 0.001953125, "dmean": 0.0300053618848, "mean": 0.0833869427443, "max": 0.53369140625, "dmean2": 0.0318988971412, "median": 0.060546875, "dvar": 0.000953084090725}, "barkbands_kurtosis": {"dvar2": 2369.87207031, "var": 1449.61022949, "min": -1.962859869, "dmean": 13.1300973892, "mean": 14.8037805557, "max": 775.852355957, "dmean2": 20.5070838928, "median": 4.32574224472, "dvar": 1073.4420166}, "spectral_flux": {"dvar2": 0.00933249667287, "var": 0.00702215870842, "min": 1.03322787826e-10, "dmean": 0.0544166713953, "mean": 0.112990163267, "max": 0.489702761173, "dmean2": 0.0849183872342, "median": 0.0898938402534, "dvar": 0.00422562146559}, "barkbands_crest": {"dvar2": 24.1174449921, "var": 34.8235664368, "min": 1.98667395115, "dmean": 3.51870346069, "mean": 13.9594373703, "max": 25.7537498474, "dmean2": 5.4437789917, "median": 13.7423038483, "dvar": 10.9265346527}, "barkbands_flatness_db": {"dvar2": 0.00240422342904, "var": 0.00425242818892, "min": 0.0172938220203, "dmean": 0.0382242165506, "mean": 0.155606791377, "max": 0.437650710344, "dmean2": 0.0523883588612, "median": 0.150714844465, "dvar": 0.00117727892939}, "spectral_entropy": {"dvar2": 0.16016638279, "var": 0.25971698761, "min": 5.7119383812, "dmean": 0.307996749878, "mean": 7.87438106537, "max": 9.78867530823, "dmean2": 0.424281388521, "median": 7.87849903107, "dvar": 0.0846822485328}, "pitch_salience": {"dvar2": 0.0188317149878, "var": 0.0326164066792, "min": 0.0263535454869, "dmean": 0.0998521521688, "mean": 0.454966068268, "max": 0.921483814716, "dmean2": 0.15345223248, "median": 0.450205683708, "dvar": 0.00893667992204}, "erbbands_spread": {"dvar2": 934.962646484, "var": 973.051208496, "min": 2.22660303116, "dmean": 19.3852329254, "mean": 55.2490921021, "max": 189.449172974, "dmean2": 29.054983139, "median": 50.1554794312, "dvar": 427.895141602}, "dynamic_complexity": 3.00411558151, "spectral_contrast_valleys": {"dvar2": [0.83548861742, 0.570131897926, 0.688100278378, 0.607616424561, 0.609208643436, 0.650592505932], "var": [2.90807175636, 0.966871023178, 1.09788358212, 0.994760453701, 0.823188245296, 1.14313364029], "min": [-27.7303981781, -27.617389679, -27.3825931549, -27.2035903931, -27.3765335083, -27.3811988831], "dmean": [0.673498570919, 0.544634461403, 0.544897556305, 0.51767385006, 0.498500436544, 0.682520031929], "mean": [-7.82870483398, -7.10664653778, -7.42989492416, -7.90791654587, -7.99169492722, -9.39229869843], "max": [-4.79811382294, -4.47070121765, -4.39711332321, -5.42782878876, -5.2214179039, -6.74039506912], "dmean2": [0.952590286732, 0.807890415192, 0.782969534397, 0.727137565613, 0.676068365574, 0.773774325848], "median": [-7.32088565826, -7.06216621399, -7.40166759491, -7.90232944489, -7.98884153366, -9.40519332886], "dvar": [0.517222821712, 0.284097284079, 0.339263230562, 0.304350733757, 0.297747910023, 0.346893280745]}, "hfc": {"dvar2": 10334.3242188, "var": 4628.75488281, "min": 1.19489084985e-16, "dmean": 32.3202362061, "mean": 38.6326560974, "max": 603.778869629, "dmean2": 47.0491142273, "median": 17.0831794739, "dvar": 4327.67333984}, "spectral_kurtosis": {"dvar2": 6.55173110962, "var": 7.85416030884, "min": -1.39441204071, "dmean": 1.57658827305, "mean": 2.66102790833, "max": 37.0118751526, "dmean2": 2.23057484627, "median": 1.95716929436, "dvar": 3.28714346886}, "mfcc": {"mean": [-655.404907227, 94.3238983154, 28.5836162567, 0.463901847601, 4.25331163406, 10.5565834045, -0.497658729553, 6.76557731628, 3.93514537811, 5.51279973984, 2.26636695862, 4.72857236862, 5.54866600037], "cov": [[7421.35449219, -17.8694343567, -68.8969268799, -74.4421463013, 141.830856323, 324.214324951, 195.190963745, 245.350967407, 158.869338989, 285.047851562, 131.838241577, 157.978393555, 42.5556602478], [-17.8694343567, 1961.96875, -224.130050659, 279.574523926, 273.23727417, 112.457427979, 239.117706299, 155.241500854, 136.225524902, 113.903312683, 127.332862854, 89.5408477783, 95.9859466553], [-68.8969268799, -224.130050659, 1154.42907715, 302.294921875, 272.895233154, 306.491363525, 213.498733521, 171.362472534, 132.000213623, 41.1233482361, 108.510704041, 91.3407745361, 67.1270523071], [-74.4421463013, 279.574523926, 302.294921875, 659.836669922, 358.499511719, 155.075714111, 132.761459351, 123.902870178, 121.429504395, 97.2630844116, 65.2882003784, 75.0623855591, 87.8398132324], [141.830856323, 273.23727417, 272.895233154, 358.499511719, 532.88482666, 242.373931885, 164.756225586, 151.349868774, 139.57359314, 144.872558594, 98.3276596069, 62.5755119324, 84.5735015869], [324.214324951, 112.457427979, 306.491363525, 155.075714111, 242.373931885, 428.029815674, 254.45904541, 172.223388672, 170.397247314, 122.045883179, 119.930160522, 65.65625, 42.7199554443], [195.190963745, 239.117706299, 213.498733521, 132.761459351, 164.756225586, 254.45904541, 387.294372559, 227.672302246, 138.197631836, 82.7897262573, 109.048095703, 73.1192321777, 42.2517089844], [245.350967407, 155.241500854, 171.362472534, 123.902870178, 151.349868774, 172.223388672, 227.672302246, 285.121429443, 139.78237915, 76.7895202637, 105.455757141, 66.8438949585, 54.7955131531], [158.869338989, 136.225524902, 132.000213623, 121.429504395, 139.57359314, 170.397247314, 138.197631836, 139.78237915, 210.651138306, 115.431007385, 85.5396194458, 66.0393447876, 47.3236045837], [285.047851562, 113.903312683, 41.1233482361, 97.2630844116, 144.872558594, 122.045883179, 82.7897262573, 76.7895202637, 115.431007385, 190.033248901, 105.327636719, 68.8351135254, 48.8013343811], [131.838241577, 127.332862854, 108.510704041, 65.2882003784, 98.3276596069, 119.930160522, 109.048095703, 105.455757141, 85.5396194458, 105.327636719, 175.275222778, 86.5582580566, 48.2644767761], [157.978393555, 89.5408477783, 91.3407745361, 75.0623855591, 62.5755119324, 65.65625, 73.1192321777, 66.8438949585, 66.0393447876, 68.8351135254, 86.5582580566, 135.963943481, 61.9019966125], [42.5556602478, 95.9859466553, 67.1270523071, 87.8398132324, 84.5735015869, 42.7199554443, 42.2517089844, 54.7955131531, 47.3236045837, 48.8013343811, 48.2644767761, 61.9019966125, 119.176132202]], "icov": [[0.00015364207502, 1.25792184917e-05, 3.6239700421e-05, 5.47219824512e-05, 1.05709796117e-05, -0.000130345841171, 5.37795858691e-05, -0.000170523271663, 0.000121966324514, -0.000263762514805, 0.000156534428243, -0.000182856514584, 6.39807767584e-05], [1.25792184917e-05, 0.000686667335685, 0.000338953308528, -0.000194587846636, -0.000270474556601, 0.000152164866449, -0.000459528790088, 0.000138268384035, -0.000216323518544, 0.000251551042311, -0.000354318588506, -5.70194424654e-05, -0.000212294326047], [3.6239700421e-05, 0.000338953308528, 0.00140420440584, -0.000405618455261, -0.000317081954563, -0.000669264933094, -0.000180583243491, -4.51769556093e-05, -0.00016431135009, 0.000966462597717, -0.000455074652564, -0.000452667009085, -0.000139276191476], [5.47219824512e-05, -0.000194587846636, -0.000405618455261, 0.00268150214106, -0.00150173110887, 0.000344490777934, -2.59686294157e-05, -8.14121667645e-05, -0.000350109679857, -0.000128083644086, 0.000664244347718, -0.000568516144995, -0.000404153572163], [1.05709796117e-05, -0.000270474556601, -0.000317081954563, -0.00150173110887, 0.00420293724164, -0.00130558130331, 0.000357624085154, -0.000653862720355, 0.00050243671285, -0.00185928086285, 0.000302063766867, 0.000944365921896, -0.000892247422598], [-0.000130345841171, 0.000152164866449, -0.000669264933094, 0.000344490777934, -0.00130558130331, 0.00577405374497, -0.00252265064046, 0.000793430488557, -0.00218032347038, -0.000331466435455, -0.00112213741522, 0.000820117013063, 0.000463317934191], [5.37795858691e-05, -0.000459528790088, -0.000180583243491, -2.59686294157e-05, 0.000357624085154, -0.00252265064046, 0.00657059904188, -0.00379284704104, 0.000415399932535, 7.66377270338e-05, 0.000122932746308, -0.00090451457072, 0.000760357419495], [-0.000170523271663, 0.000138268384035, -4.51769556093e-05, -8.14121667645e-05, -0.000653862720355, 0.000793430488557, -0.00379284704104, 0.00861589424312, -0.00325218052603, 0.00174323271494, -0.00236668228172, 0.000657707394566, -0.00120778463315], [0.000121966324514, -0.000216323518544, -0.00016431135009, -0.000350109679857, 0.00050243671285, -0.00218032347038, 0.000415399932535, -0.00325218052603, 0.0107433814555, -0.00445133959875, 0.00126770813949, -0.00124468444847, -5.58838291909e-05], [-0.000263762514805, 0.000251551042311, 0.000966462597717, -0.000128083644086, -0.00185928086285, -0.000331466435455, 7.66377270338e-05, 0.00174323271494, -0.00445133959875, 0.0121622020379, -0.00485648307949, -0.000890438328497, -0.000732208136469], [0.000156534428243, -0.000354318588506, -0.000455074652564, 0.000664244347718, 0.000302063766867, -0.00112213741522, 0.000122932746308, -0.00236668228172, 0.00126770813949, -0.00485648307949, 0.0123602040112, -0.00457321526483, 8.36755571072e-05], [-0.000182856514584, -5.70194424654e-05, -0.000452667009085, -0.000568516144995, 0.000944365921896, 0.000820117013063, -0.00090451457072, 0.000657707394566, -0.00124468444847, -0.000890438328497, -0.00457321526483, 0.0135700413957, -0.00449819862843], [6.39807767584e-05, -0.000212294326047, -0.000139276191476, -0.000404153572163, -0.000892247422598, 0.000463317934191, 0.000760357419495, -0.00120778463315, -5.58838291909e-05, -0.000732208136469, 8.36755571072e-05, -0.00449819862843, 0.0122928395867]]}, "silence_rate_20dB": {"dvar2": 0, "var": 0, "min": 1, "dmean": 0, "mean": 1, "max": 1, "dmean2": 0, "median": 1, "dvar": 0}, "melbands_kurtosis": {"dvar2": 16462.3515625, "var": 10356.4697266, "min": -1.93092238903, "dmean": 35.4724388123, "mean": 49.1419219971, "max": 1955.88916016, "dmean2": 54.8349456787, "median": 18.0617141724, "dvar": 7155.33789062}, "barkbands_spread": {"dvar2": 548.412719727, "var": 524.492614746, "min": 0.3100695014, "dmean": 14.1074848175, "mean": 27.3664932251, "max": 126.056518555, "dmean2": 20.7367458344, "median": 20.193157196, "dvar": 260.433685303}, "erbbands_skewness": {"dvar2": 0.870282530785, "var": 1.00917029381, "min": -4.5547003746, "dmean": 0.597277522087, "mean": 0.393330782652, "max": 6.88778066635, "dmean2": 0.887098789215, "median": 0.42340156436, "dvar": 0.40866625309}, "average_loudness": 0.960196316242, "spectral_centroid": {"dvar2": 773042, "var": 966112.25, "min": 162.980484009, "dmean": 474.418914795, "mean": 1409.81408691, "max": 11181.0566406, "dmean2": 698.125854492, "median": 1142.02148438, "dvar": 393494.1875}, "dissonance": {"dvar2": 0.00168357347138, "var": 0.00133405835368, "min": 0.204305484891, "dmean": 0.0245730765164, "mean": 0.458612173796, "max": 0.500000059605, "dmean2": 0.0403989367187, "median": 0.468834400177, "dvar": 0.000667488377076}, "erbbands_flatness_db": {"dvar2": 0.00117279286496, "var": 0.00234481529333, "min": 0.0454895123839, "dmean": 0.0273961722851, "mean": 0.127959221601, "max": 0.373895823956, "dmean2": 0.0381130464375, "median": 0.11948685348, "dvar": 0.00063382537337}, "spectral_strongpeak": {"dvar2": 1.02523899078, "var": 0.475118219852, "min": 0, "dmean": 0.338517874479, "mean": 0.63902848959, "max": 10.3751811981, "dmean2": 0.569474697113, "median": 0.413507401943, "dvar": 0.398836612701}, "spectral_rms": {"dvar2": 1.15759312393e-05, "var": 8.62375418365e-06, "min": 3.22726177379e-12, "dmean": 0.00170287583023, "mean": 0.00576958339661, "max": 0.0170022007078, "dmean2": 0.00261967186816, "median": 0.00560726132244, "dvar": 4.99084626426e-06}, "silence_rate_60dB": {"dvar2": 0.0989587455988, "var": 0.0617163926363, "min": 0, "dmean": 0.0466692335904, "mean": 0.0660711526871, "max": 1, "dmean2": 0.093345656991, "median": 0, "dvar": 0.0444883555174}, "melbands": {"dvar2": [6.60459045321e-05, 8.02550493972e-05, 7.1435883001e-05, 1.43685497278e-06, 4.62685136426e-07, 3.90145316942e-07, 9.15593091122e-07, 6.25327572834e-07, 6.47410161037e-07, 4.6788161967e-07, 5.62520824587e-07, 1.92892542827e-07, 2.27166196964e-07, 5.62606636834e-08, 3.15162580478e-08, 4.14381844394e-08, 1.36587701149e-08, 5.98738392199e-09, 3.58998342165e-09, 1.42122358326e-08, 1.44000611435e-09, 9.58982115939e-10, 2.94627366948e-09, 1.16973797315e-09, 1.27313093401e-09, 1.04139086243e-09, 5.49027490138e-10, 1.62748237109e-09, 1.00780439549e-09, 5.61474977623e-10, 5.90323123717e-10, 5.9443877598e-10, 1.38961497864e-09, 1.4049744701e-09, 2.2883241968e-09, 2.73415801111e-09, 2.98796098974e-09, 1.69226366253e-09, 2.37099895273e-10, 1.2782791492e-10], "var": [3.56895870937e-05, 3.63161161658e-05, 1.68379210663e-05, 4.47513286872e-07, 1.68951743262e-07, 1.90880214745e-07, 4.5552420147e-07, 2.81589109363e-07, 2.48704878913e-07, 1.54098856342e-07, 1.48896774022e-07, 6.06715460094e-08, 6.63382024868e-08, 2.73696940667e-08, 1.65917022343e-08, 1.99894767405e-08, 6.11680617268e-09, 3.43752315501e-09, 2.72288680492e-09, 5.43352784987e-09, 8.18511480816e-10, 4.08717754086e-10, 8.55955195611e-10, 4.09721756522e-10, 3.66379371286e-10, 3.37386091287e-10, 1.87039467248e-10, 4.45169567875e-10, 3.20714510504e-10, 2.053916065e-10, 2.5951724103e-10, 3.66148944497e-10, 6.12504547082e-10, 6.91600776648e-10, 8.86802520306e-10, 9.88070292252e-10, 1.06289921309e-09, 6.17795592461e-10, 1.14355566683e-10, 9.21418219502e-11], "min": [1.48884937195e-23, 1.13166766911e-23, 2.64732221907e-23, 1.19891995454e-23, 4.95910347762e-24, 1.1366199801e-23, 1.13369630381e-23, 2.01716908393e-23, 1.79215660813e-23, 1.58483086715e-23, 5.93879101911e-24, 1.81816061901e-23, 1.84349551807e-23, 7.46310457968e-24, 6.84159736006e-24, 1.06538883803e-23, 1.25874787557e-23, 7.2834075875e-24, 1.39846405601e-23, 1.3733290543e-23, 9.37018686211e-24, 6.97651939612e-24, 1.40512977289e-23, 1.75163455892e-23, 1.05096143982e-23, 8.62646300016e-24, 4.47138864525e-24, 1.13175862477e-23, 7.53615704381e-24, 8.73229105718e-24, 9.835275586e-24, 6.86072487043e-24, 9.04359923621e-24, 1.03266807097e-23, 7.56401882212e-24, 7.31143581546e-24, 9.45767232536e-24, 1.05698210513e-23, 1.13778670537e-23, 1.0309341547e-23], "dmean": [0.00282605853863, 0.00270376959816, 0.00173052737955, 0.000384992104955, 0.00019636595971, 0.00020297440642, 0.000326750363456, 0.000244985625613, 0.000215121661313, 0.000164375975146, 0.000168594473507, 0.000120848431834, 9.2879330623e-05, 7.68434401834e-05, 5.59485997655e-05, 5.51664015802e-05, 3.24542888848e-05, 2.57459723798e-05, 1.90529462998e-05, 2.54155384027e-05, 1.19910364447e-05, 9.18007390283e-06, 1.09858119686e-05, 6.98226995155e-06, 6.60034493194e-06, 6.62830780129e-06, 5.38848780707e-06, 7.05991215e-06, 6.07175161349e-06, 5.43612895854e-06, 5.233275715e-06, 5.99342274654e-06, 1.01286468634e-05, 9.61378191278e-06, 1.08464455479e-05, 1.15897100841e-05, 1.30186581373e-05, 1.22024512166e-05, 5.52200981474e-06, 4.90677166454e-06], "mean": [0.00552688259631, 0.00422742823139, 0.00133897457272, 0.000369592744391, 0.000209897203604, 0.000235491897911, 0.000364882143913, 0.00026964690187, 0.000232725506066, 0.000165148812812, 0.000168280763319, 0.000118457661301, 9.15782002266e-05, 8.47287446959e-05, 6.23336818535e-05, 6.34834723314e-05, 3.84261766158e-05, 3.08062917611e-05, 2.44447310251e-05, 2.65414473688e-05, 1.50853784362e-05, 1.11307817861e-05, 1.04865630419e-05, 6.86976272846e-06, 5.84327244724e-06, 6.14292548562e-06, 5.6124981711e-06, 6.43327803118e-06, 5.5250288824e-06, 5.96746349402e-06, 5.56052145839e-06, 6.86444946041e-06, 1.00681654658e-05, 1.0398575796e-05, 1.10841219794e-05, 1.08150115921e-05, 1.10324426714e-05, 1.03553820736e-05, 5.17095350006e-06, 5.03337196278e-06], "max": [0.0613693147898, 0.0566204674542, 0.0415726192296, 0.00673477817327, 0.00497103529051, 0.00910445302725, 0.0125277861953, 0.00888100359589, 0.00811189133674, 0.00730281276628, 0.00525834877044, 0.00338619039394, 0.00355070922524, 0.00267572095618, 0.00156810600311, 0.00216905004345, 0.00169632525649, 0.000749344471842, 0.000794788240455, 0.00145937793422, 0.000648273096886, 0.000433041976066, 0.000338346260833, 0.000232746766414, 0.000366390187992, 0.000216405765968, 0.000154539142386, 0.000249876844464, 0.000226737509365, 0.000197587229195, 0.000400088989409, 0.000388344604289, 0.000277780985925, 0.000285874935798, 0.000314027653076, 0.000362034654245, 0.000353587442078, 0.000255946390098, 0.000219769935939, 0.000258037936874], "dmean2": [0.00459828833118, 0.00451291305944, 0.00310197519138, 0.000659544253722, 0.000328012654791, 0.000328919733874, 0.000538106018212, 0.000404602120398, 0.000352276547346, 0.000279006984783, 0.000286660157144, 0.000200808164664, 0.000157050832058, 0.000123827849166, 8.85488043423e-05, 8.51822187542e-05, 5.34684986633e-05, 4.1602197598e-05, 2.94123874482e-05, 4.10584143538e-05, 1.86669531104e-05, 1.48505923789e-05, 1.83807715075e-05, 1.12366269605e-05, 1.11413019113e-05, 1.10154678623e-05, 8.68513598107e-06, 1.18801390272e-05, 1.00149045466e-05, 8.44055557536e-06, 7.94794959802e-06, 8.81754203874e-06, 1.60418603627e-05, 1.43921206472e-05, 1.65570363606e-05, 1.79038252099e-05, 2.04938678507e-05, 1.94393378479e-05, 8.60573254613e-06, 7.29901194063e-06], "median": [0.00508685410023, 0.000883745611645, 0.000210703903576, 0.000114509428386, 6.67243075441e-05, 8.43652378535e-05, 0.000110399691039, 7.14718044037e-05, 5.09182609676e-05, 3.21526240441e-05, 5.07426630065e-05, 3.36868397426e-05, 1.92740990315e-05, 2.24846589845e-05, 1.49627703649e-05, 1.4