{"tonal": {"thpcp": [1, 0.845862388611, 0.730374515057, 0.826228618622, 0.787360131741, 0.65010535717, 0.585461378098, 0.518866479397, 0.466747283936, 0.493306338787, 0.575480997562, 0.699975609779, 0.639913678169, 0.454871714115, 0.421378701925, 0.440476000309, 0.441861242056, 0.490164220333, 0.515110552311, 0.485643178225, 0.56706815958, 0.702366113663, 0.724729001522, 0.70292532444, 0.703547775745, 0.805824041367, 0.842418432236, 0.712492644787, 0.616313636303, 0.510919868946, 0.425024718046, 0.429736673832, 0.491238832474, 0.543735682964, 0.582180023193, 0.802709817886], "hpcp": {"dmean2": [0.329891711473, 0.373695135117, 0.390647023916, 0.331104129553, 0.266220867634, 0.236686632037, 0.225640073419, 0.240325003862, 0.275175720453, 0.30642297864, 0.309715509415, 0.349959790707, 0.385415881872, 0.369040489197, 0.343119293451, 0.369846403599, 0.353301972151, 0.314686745405, 0.287325739861, 0.252112179995, 0.22511921823, 0.244247809052, 0.28017821908, 0.328376501799, 0.293743908405, 0.220420151949, 0.206247448921, 0.213671475649, 0.227704569697, 0.254205524921, 0.267685085535, 0.264689266682, 0.287775635719, 0.327836930752, 0.359625428915, 0.3554045856], "median": [0.0626882836223, 0.0614668875933, 0.0537095330656, 0.0504209846258, 0.0390328727663, 0.0368869639933, 0.0359229706228, 0.0355200134218, 0.0397633351386, 0.0424684360623, 0.0488207004964, 0.0682375431061, 0.0842854380608, 0.0815694779158, 0.0706377029419, 0.0676287710667, 0.0665943771601, 0.0646060183644, 0.0551789663732, 0.049511577934, 0.0433008261025, 0.0404946617782, 0.0556231215596, 0.0709450319409, 0.0604198276997, 0.0415670573711, 0.0380893982947, 0.0348198711872, 0.0313491597772, 0.0333428233862, 0.0347380563617, 0.0365713983774, 0.0468525141478, 0.0569591112435, 0.0593226775527, 0.0602276436985], "min": [0, 0, 0, 0, 0, 0, 0, 0, 0, 0, 0, 0, 0, 0, 0, 0, 0, 0, 0, 0, 0, 0, 0, 0, 0, 0, 0, 0, 0, 0, 0, 0, 0, 0, 0, 0], "dvar2": [0.15642696619, 0.194859653711, 0.221303895116, 0.162376478314, 0.142220288515, 0.120496831834, 0.120541840792, 0.129317983985, 0.153353348374, 0.179230585694, 0.165629267693, 0.175926908851, 0.193775519729, 0.175928279757, 0.16370177269, 0.183550640941, 0.177834823728, 0.154603406787, 0.151423424482, 0.134305223823, 0.112017564476, 0.133911043406, 0.138535216451, 0.151152521372, 0.14638479054, 0.112563148141, 0.106481716037, 0.114154614508, 0.132343962789, 0.144607633352, 0.153584733605, 0.151442587376, 0.152199015021, 0.173635810614, 0.182317003608, 0.173152446747], "dvar": [0.0576765798032, 0.0717830210924, 0.0840740352869, 0.059898532927, 0.0511759147048, 0.0430213846266, 0.042637757957, 0.0454467497766, 0.0542062111199, 0.0641462877393, 0.0600312538445, 0.0655902028084, 0.0783945024014, 0.0645844712853, 0.0595359578729, 0.0711296573281, 0.0668973401189, 0.0561281554401, 0.0548279769719, 0.0476054064929, 0.0399930439889, 0.0497065670788, 0.0511520728469, 0.0545542165637, 0.052960306406, 0.0398673526943, 0.0378463156521, 0.0414195284247, 0.0465397872031, 0.0527157336473, 0.0571054443717, 0.0530222393572, 0.0540057867765, 0.0625207349658, 0.0659333541989, 0.0632312595844], "dmean": [0.18257394433, 0.207601472735, 0.216437742114, 0.184556022286, 0.145364701748, 0.129403576255, 0.122994825244, 0.129628285766, 0.148096710443, 0.16468128562, 0.168563082814, 0.196909993887, 0.216897368431, 0.205553084612, 0.191000059247, 0.206313371658, 0.196786880493, 0.17327453196, 0.157323509455, 0.138317972422, 0.124364763498, 0.134597167373, 0.15498688817, 0.182667598128, 0.164848074317, 0.121985554695, 0.114225044847, 0.118692003191, 0.124851159751, 0.138901293278, 0.145616456866, 0.143654555082, 0.157364860177, 0.182282909751, 0.19842594862, 0.195362105966], "max": [1, 1, 1, 1, 1, 1, 1, 1, 1, 1, 1, 1, 1, 1, 1, 1, 1, 1, 1, 1, 1, 1, 1, 1, 1, 1, 1, 1, 1, 1, 1, 1, 1, 1, 1, 1], "var": [0.0570399239659, 0.0745342746377, 0.0910829231143, 0.0617806352675, 0.0625757947564, 0.0448596663773, 0.0319212451577, 0.0327609144151, 0.0403473675251, 0.0488727167249, 0.0482808798552, 0.0686460956931, 0.0978909656405, 0.0690858513117, 0.0568837970495, 0.0763399377465, 0.0709422454238, 0.0487054549158, 0.0456712730229, 0.0389012508094, 0.0334582254291, 0.0423774346709, 0.0453317984939, 0.0541952513158, 0.0526971928775, 0.0329728573561, 0.0307465586811, 0.0367923974991, 0.0379709266126, 0.0441738218069, 0.0500104464591, 0.0410993397236, 0.0459846667945, 0.0614628195763, 0.0621161982417, 0.0575732924044], "mean": [0.169973537326, 0.194682955742, 0.20352396369, 0.172134563327, 0.148898214102, 0.123435616493, 0.102683790028, 0.103822171688, 0.118680782616, 0.131363749504, 0.140651702881, 0.193930566311, 0.241594865918, 0.204356014729, 0.176454737782, 0.19961258769, 0.190222159028, 0.157062113285, 0.141444459558, 0.125355482101, 0.112763747573, 0.11918027699, 0.139033257961, 0.169110506773, 0.154599860311, 0.109894670546, 0.101802930236, 0.106416739523, 0.106751404703, 0.118421159685, 0.124448060989, 0.117328897119, 0.137000754476, 0.169688045979, 0.175090804696, 0.169823154807]}, "tuning_equal_tempered_deviation": 0.099506996572, "chords_changes_rate": 0.141053467989, "key_key": "D", "tuning_diatonic_strength": 0.415406048298, "key_scale": "minor", "chords_number_rate": 0.00256460835226, "tuning_frequency": 441.272583008, "tuning_nontempered_energy_ratio": 0.859660446644, "chords_histogram": [22.4896430969, 0.631288230419, 1.30203199387, 0.0789110288024, 0, 1.00611555576, 0.512921690941, 5.44486093521, 6.036693573, 16.5121326447, 13.1781415939, 0.177549809217, 0.434010654688, 0, 1.44012629986, 0.96666008234, 1.91359245777, 14.8747291565, 0.0591832697392, 7.14144802094, 0.690471470356, 0.276188611984, 1.77549815178, 3.05780243874], "key_strength": 0.600283443928, "chords_key": "D", "chords_strength": {"dmean2": 0.0205665007234, "median": 0.416568547487, "min": -1, "dvar2": 0.000966636987869, "dvar": 0.000516328087542, "dmean": 0.0154597051442, "max": 0.744486629963, "var": 0.0103622050956, "mean": 0.419125437737}, "chords_scale": "minor", "hpcp_entropy": {"dmean2": 1.189925313, "median": 3.16135120392, "min": 0, "dvar2": 0.894501566887, "dvar": 0.319474816322, "dmean": 0.70691549778, "max": 4.82152557373, "var": 0.689823329449, "mean": 3.0469250679}}, "metadata": {"audio_properties": {"equal_loudness": 0, "codec": "mp3", "downmix": "mix", "sample_rate": 44100, "analysis_sample_rate": 44100, "bit_rate": 320035, "md5_encoded": "80bfb1fdcd6efdb5932e08ea5cebae55", "length": 235.337142944, "replay_gain": -15.7954273224, "lossless": false}, "version": {"essentia_build_sha": "70f2e5ece6736b2c40cc944ad0e695b16b925413", "essentia": "2.1-beta2", "extractor": "music 1.0", "essentia_git_sha": "v2.1_beta2"}, "tags": {"title": ["The Weakener"], "media": ["CD"], "albumartist": ["Misery Index"], "musicbrainz_recordingid": ["038d7ea0-1102-4b19-99b5-3ba7d915aba7"], "originalyear": ["2014"], "discnumber": ["1/1"], "album": ["The Killing Gods"], "catalognumber": ["SOM259"], "contentgroup": ["Death Metal"], "musicbrainz album type": ["album"], "musicbrainz album status": ["official"], "file_name": "09 The Weakener.mp3", "musicbrainz_albumartistid": ["f9b57146-c5ce-41ad-adfb-ee904a4f7b19"], "date": ["2014-05-27"], "genre": ["Death Metal"], "musicbrainz album release country": ["US"], "musicbrainz_releasegroupid": ["ef10d482-3462-49da-b4c9-d4b4b727f7b2"], "script": ["Latn"], "originaldate": ["2014-05-23"], "musicbrainz_albumid": ["6388f45a-dec0-42b6-9eb3-21b7d5ae712c"], "artist": ["Misery Index"], "artistsort": ["Misery Index"], "tracknumber": ["9/12"], "label": ["Season of Mist"], "albumartistsort": ["Misery Index"], "musicbrainz_artistid": ["f9b57146-c5ce-41ad-adfb-ee904a4f7b19"]}}, "rhythm": {"bpm_histogram_first_peak_bpm": {"dmean2": 0, "median": 178, "min": 178, "dvar2": 0, "dvar": 0, "dmean": 0, "max": 178, "var": 0, "mean": 178}, "bpm": 178.205459595, "bpm_histogram_second_peak_spread": {"dmean2": 0, "median": 0, "min": 0, "dvar2": 0, "dvar": 0, "dmean": 0, "max": 0, "var": 0, "mean": 0}, "bpm_histogram_first_peak_weight": {"dmean2": 0, "median": 0.488095223904, "min": 0.488095223904, "dvar2": 0, "dvar": 0, "dmean": 0, "max": 0.488095223904, "var": 0, "mean": 0.488095223904}, "onset_rate": 3.33110308647, "beats_position": [0.568888902664, 1.1261677742, 1.69505667686, 2.2523355484, 2.82122445107, 3.39011335373, 3.95900225639, 4.52789115906, 5.0967798233, 5.66566896439, 6.24616765976, 6.82666635513, 7.38394546509, 7.94122457504, 8.498503685, 9.05578231812, 9.6014509201, 10.1471195221, 10.6811790466, 11.2152376175, 11.7609071732, 12.3065757751, 12.8522443771, 13.3979139328, 13.9435825348, 14.4892511368, 15.0349206924, 15.5805892944, 16.1262588501, 16.6487064362, 17.1711559296, 17.693605423, 18.0419044495, 18.390203476, 18.7385025024, 19.0868015289, 19.4118824005, 19.760181427, 20.0852603912, 20.4219493866, 20.758638382, 21.0837192535, 21.4204082489, 21.7570972443, 22.0821762085, 22.4188652039, 22.7555541992, 23.0922451019, 23.4289340973, 23.7656230927, 24.102312088, 24.4273910522, 24.7524719238, 25.0891609192, 25.4258499146, 25.7625389099, 26.0992279053, 26.4243087769, 26.7609977722, 27.0976867676, 27.4227657318, 27.747844696, 28.0729255676, 28.409614563, 28.7463035583, 29.0713825226, 29.4196815491, 29.7679805756, 30.0930614471, 30.4181404114, 30.7432193756, 31.079908371, 31.4165973663, 31.753288269, 32.0899772644, 32.4382743835, 32.7633552551, 33.0884361267, 33.4135131836, 33.750202179, 34.0868911743, 34.4235839844, 34.7602729797, 35.0853500366, 35.422039032, 35.7587280273, 36.0838088989, 36.4204978943, 36.7571868896, 37.0822677612, 37.4189567566, 37.755645752, 38.0923347473, 38.4290237427, 38.7541046143, 39.0907936096, 39.427482605, 39.7641716003, 40.1008605957, 40.4259414673, 40.7510185242, 41.0760993958, 41.4127883911, 41.7494773865, 42.0861663818, 42.4228553772, 42.7595443726, 43.0846252441, 43.4213142395, 43.7580032349, 44.0946922302, 44.4197731018, 44.7448501587, 45.0815429688, 45.4182319641, 45.7549209595, 46.0916099548, 46.4166870117, 46.7533760071, 47.0900688171, 47.4267578125, 47.7634468079, 48.1001358032, 48.4368247986, 48.7619056702, 49.0869827271, 49.4120635986, 49.7603607178, 50.1086616516, 50.4337387085, 50.7704315186, 51.1071205139, 51.4321975708, 51.7572784424, 52.0939674377, 52.4306564331, 52.7557373047, 53.0924263, 53.4291152954, 53.7541923523, 54.0792732239, 54.4043540955, 54.7526512146, 55.08934021, 55.4260292053, 55.7627182007, 56.0877990723, 56.4244880676, 56.7495689392, 57.0862579346, 57.4113349915, 57.736415863, 58.0731048584, 58.4097938538, 58.7464828491, 59.0831718445, 59.4198646545, 59.7449417114, 60.0816307068, 60.4183197021, 60.7550086975, 61.0916976929, 61.4283905029, 61.7650794983, 62.0901565552, 62.4152374268, 62.7403144836, 63.0653953552, 63.4020843506, 63.7503852844, 64.0870742798, 64.4237594604, 64.7604522705, 65.0971450806, 65.4338302612, 65.7705230713, 66.107208252, 66.4322891235, 66.7573699951, 67.0940551758, 67.4307479858, 67.7558288574, 68.0925140381, 68.4292068481, 68.7542877197, 69.0909729004, 69.4276657104, 69.7643508911, 70.1010437012, 70.4261245728, 70.7511978149, 71.087890625, 71.4245758057, 71.7612686157, 72.0979614258, 72.423034668, 72.7481155396, 73.0848083496, 73.4214935303, 73.7581863403, 74.094871521, 74.4199523926, 74.7566452026, 75.0933303833, 75.4300231934, 75.766708374, 76.0917892456, 76.4168701172, 76.7535552979, 77.0902481079, 77.426940918, 77.7636260986, 78.0887069702, 78.4253921509, 78.7620849609, 79.098777771, 79.4354629517, 79.7605438232, 80.0856246948, 80.4223098755, 80.7590026855, 81.0840835571, 81.4091567993, 81.7458496094, 82.08253479, 82.4192276001, 82.7559204102, 83.0926055908, 83.4292984009, 83.7543716431, 84.0794525146, 84.4161453247, 84.7528305054, 85.0895233154, 85.4262084961, 85.7629013062, 86.0995864868, 86.4246673584, 86.7613601685, 87.0980453491, 87.4231262207, 87.7598190308, 88.0965042114, 88.421585083, 88.7582778931, 89.0949630737, 89.4200439453, 89.7567367554, 90.093421936, 90.4301147461, 90.7667999268, 91.1034927368, 91.428565979, 91.7652587891, 92.0903396606, 92.4270248413, 92.7637176514, 93.0887985229, 93.4254837036, 93.7621765137, 94.0872573853, 94.4239425659, 94.760635376, 95.0973205566, 95.4340133667, 95.7590942383, 96.0841674805, 96.4092483521, 96.7459411621, 97.0826263428, 97.4193191528, 97.7560043335, 98.0926971436, 98.4177780151, 98.7544631958, 99.1027679443, 99.439453125, 99.7645339966, 100.089614868, 100.426300049, 100.75138092, 101.08807373, 101.413146973, 101.749839783, 102.086524963, 102.423217773, 102.748298645, 103.084983826, 103.421676636, 103.758361816, 104.106666565, 104.443351746, 104.768432617, 105.093513489, 105.41859436, 105.743675232, 106.080360413, 106.417053223, 106.753738403, 107.078819275, 107.415504456, 107.752197266, 108.088890076, 108.425575256, 108.762268066, 109.098953247, 109.435646057, 109.772331238, 110.109024048, 110.445709229, 110.7707901, 111.10748291, 111.432563782, 111.757637024, 112.094329834, 112.431015015, 112.767707825, 113.104400635, 113.429473877, 113.754554749, 114.091247559, 114.427932739, 114.764625549, 115.10131073, 115.43800354, 115.774688721, 116.099769592, 116.436462402, 116.773147583, 117.109840393, 117.446525574, 117.771606445, 118.096687317, 118.421768188, 118.758453369, 119.106758118, 119.443443298, 119.76852417, 120.093605042, 120.418685913, 120.743759155, 121.080451965, 121.417137146, 121.742218018, 122.067298889, 122.415596008, 122.74067688, 123.065757751, 123.402442932, 123.739135742, 124.075828552, 124.412513733, 124.749206543, 125.085891724, 125.422584534, 125.759269714, 126.084350586, 126.421043396, 126.746116638, 127.082809448, 127.419502258, 127.756187439, 128.092880249, 128.42956543, 128.76625061, 129.091339111, 129.416412354, 129.753097534, 130.089797974, 130.426483154, 130.751556396, 131.088256836, 131.424942017, 131.761627197, 132.098312378, 132.435012817, 132.76008606, 133.09677124, 133.421859741, 133.758544922, 134.095230103, 134.420318604, 134.757003784, 135.093688965, 135.418777466, 135.755462646, 136.092147827, 136.428848267, 136.765533447, 137.090606689, 137.41569519, 137.752380371, 138.089065552, 138.437362671, 138.762451172, 139.099136353, 139.435821533, 139.760910034, 140.085983276, 140.434280396, 140.759368896, 141.096054077, 141.432739258, 141.769424438, 142.094512939, 142.43119812, 142.756271362, 143.10458374, 143.429656982, 143.766342163, 144.103042603, 144.428115845, 144.753189087, 145.089889526, 145.426574707, 145.774871826, 146.099945068, 146.425033569, 146.750106812, 147.086807251, 147.423492432, 147.760177612, 148.096862793, 148.433563232, 148.770248413, 149.095321655, 149.420410156, 149.757095337, 150.093780518, 150.430480957, 150.767166138, 151.103851318, 151.440536499, 151.765625, 152.090698242, 152.427383423, 152.764083862, 153.089157104, 153.425842285, 153.762542725, 154.099227905, 154.435913086, 154.761001587, 155.097686768, 155.434371948, 155.759460449, 156.09614563, 156.432830811, 156.757904053, 157.082992554, 157.431289673, 157.756362915, 158.093063354, 158.429748535, 158.766433716, 159.103118896, 159.428207397, 159.75328064, 160.089981079, 160.42666626, 160.76335144, 161.100036621, 161.425125122, 161.750198364, 162.086883545, 162.423583984, 162.760269165, 163.096954346, 163.433654785, 163.770339966, 164.107025146, 164.443710327, 164.768798828, 165.09387207, 165.430557251, 165.76725769, 166.092330933, 166.429016113, 166.754104614, 167.090789795, 167.427474976, 167.764175415, 168.089248657, 168.425933838, 168.774230957, 169.110931396, 169.436004639, 169.761077881, 170.09777832, 170.434463501, 170.759536743, 171.096237183, 171.432922363, 171.757995605, 172.094696045, 172.431381226, 172.756454468, 173.093154907, 173.429840088, 173.766525269, 174.103210449, 174.439910889, 174.776596069, 175.136505127, 175.508026123, 175.879547119, 176.251068115, 176.622589111, 176.982498169, 177.330795288, 177.679092407, 178.039001465, 178.422134399, 178.805252075, 179.18838501, 179.548294067, 179.908203125, 180.256500244, 180.616409302, 180.976318359, 181.324615479, 181.672927856, 182.032836914, 182.392745972, 182.741043091, 183.08934021, 183.449249268, 183.785934448, 184.157455444, 184.505752563, 184.854049683, 185.202362061, 185.55065918, 185.898956299, 186.258865356, 186.607162476, 186.943847656, 187.292144775, 187.640457153, 187.988754272, 188.325439453, 188.662124634, 189.010421753, 189.358734131, 189.695419312, 190.032104492, 190.380401611, 190.72869873, 191.06539917, 191.402084351, 191.75038147, 192.098678589, 192.446975708, 192.783676147, 193.120361328, 193.468658447, 193.816955566, 194.153640747, 194.490341187, 194.838638306, 195.186935425, 195.535232544, 195.871917725, 196.208618164, 196.568527222, 196.916824341, 197.26512146, 197.601806641, 197.95010376, 198.298416138, 198.646713257, 198.995010376, 199.343307495, 199.703216553, 200.051513672, 200.411422729, 200.771331787, 201.131240845, 201.479537964, 201.827835083, 202.176147461, 202.536056519, 202.895965576, 203.244262695, 203.592559814, 203.952468872, 204.31237793, 204.660675049, 205.008972168, 205.357269287, 205.705581665, 206.053878784, 206.402175903, 206.750473022, 207.11038208, 207.470291138, 207.830200195, 208.178497314, 208.538406372, 208.886703491, 209.223403931, 209.560089111, 209.90838623, 210.245071411, 210.59336853, 210.941680908, 211.289978027, 211.626663208, 211.963348389, 212.300048828, 212.648345947, 212.996643066, 213.333328247, 213.670013428, 214.018310547, 214.366622925, 214.714920044, 215.051605225, 215.388290405, 215.736587524, 216.073287964, 216.421585083, 216.758270264, 217.106567383, 217.454864502, 217.791564941, 218.128250122, 218.476547241, 218.82484436, 219.1615448, 219.509841919, 219.858139038, 220.218048096, 220.566345215, 220.914642334, 221.274551392, 221.622848511, 221.982757568, 222.331054688, 222.679367065, 223.027664185, 223.387573242, 223.7474823, 224.095779419, 224.444076538, 224.792373657, 225.152282715, 225.512191772, 225.860488892, 226.220397949, 226.580307007, 226.928619385, 227.276916504, 227.625213623, 227.973510742, 228.321807861, 228.681716919, 229.041625977, 229.389923096, 229.738220215, 230.098129272, 230.45803833, 230.817947388, 231.189468384, 231.56098938, 231.944122314, 232.327255249, 232.721984863, 233.116729736, 233.511474609, 233.906204224, 234.300949097, 234.69569397], "beats_loudness": {"dmean2": 0.0319936089218, "median": 0.0415386408567, "min": 5.19140737343e-11, "dvar2": 0.000732049695216, "dvar": 0.00024823503918, "dmean": 0.0180307421833, "max": 0.114229984581, "var": 0.00042997271521, "mean": 0.0417935550213}, "danceability": 1.06363630295, "bpm_histogram_second_peak_weight": {"dmean2": 0, "median": 0.224702388048, "min": 0.224702388048, "dvar2": 0, "dvar": 0, "dmean": 0, "max": 0.224702388048, "var": 0, "mean": 0.224702388048}, "beats_count": 673, "bpm_histogram_second_peak_bpm": {"dmean2": 0, "median": 185, "min": 185, "dvar2": 0, "dvar": 0, "dmean": 0, "max": 185, "var": 0, "mean": 185}, "bpm_histogram_first_peak_spread": {"dmean2": 0, "median": 0, "min": 0, "dvar2": 0, "dvar": 0, "dmean": 0, "max": 0, "var": 0, "mean": 0}, "beats_loudness_band_ratio": {"dmean2": [0.454307079315, 0.413764506578, 0.156901717186, 0.130289688706, 0.0863896533847, 0.0695663541555], "median": [0.477416306734, 0.0710181221366, 0.0510280095041, 0.0517235249281, 0.0656515285373, 0.0652296766639], "min": [0, 0, 0, 0, 0, 0], "dvar2": [0.099870570004, 0.102310396731, 0.0332573764026, 0.0249617192894, 0.00626364117488, 0.00450054416433], "dvar": [0.0384059473872, 0.0363978818059, 0.0118533177301, 0.00938815064728, 0.00219606002793, 0.00161800638307], "dmean": [0.256781041622, 0.216796219349, 0.0902664065361, 0.0750507712364, 0.0492286793888, 0.040065549314], "max": [0.973791837692, 0.830518782139, 0.616715490818, 0.908317923546, 0.505291819572, 0.417029261589], "var": [0.0599483177066, 0.0337039604783, 0.0153610520065, 0.0123738814145, 0.00344533403404, 0.00224516098388], "mean": [0.493544369936, 0.166011482477, 0.110516041517, 0.0936945155263, 0.0810387060046, 0.0756676569581]}}, "lowlevel": {"barkbands_spread": {"dmean2": 16.7830142975, "median": 31.1833133698, "min": 0.976597726345, "dvar2": 229.432479858, "dvar": 90.971282959, "dmean": 10.2841777802, "max": 119.503799438, "var": 200.454833984, "mean": 32.8314094543}, "melbands_spread": {"dmean2": 19.1913070679, "median": 25.3473796844, "min": 0.680711209774, "dvar2": 340.856201172, "dvar": 134.459594727, "dmean": 11.6637620926, "max": 223.786071777, "var": 321.789886475, "mean": 27.9903888702}, "hfc": {"dmean2": 11.0438547134, "median": 25.0836639404, "min": 1.11067909893e-16, "dvar2": 146.701568604, "dvar": 58.9637374878, "dmean": 7.04870176315, "max": 100.32232666, "var": 210.033538818, "mean": 25.7207775116}, "barkbands_kurtosis": {"dmean2": 5.99854183197, "median": 0.765697479248, "min": -1.89901173115, "dvar2": 111.941513062, "dvar": 44.6810340881, "dmean": 3.62962651253, "max": 222.444152832, "var": 51.9576377869, "mean": 2.84426689148}, "gfcc": {"mean": [20.5416374207, 72.0273971558, -117.936424255, 57.7758216858, -48.9710655212, 21.6735687256, -32.6507225037, 13.8806781769, -25.0992088318, 4.8857755661, -18.3888931274, -0.227576375008, -13.2771186829], "icov": [[0.000163846256328, -0.00047102762619, 0.000324947264744, -0.000452444946859, 0.000486260920297, -0.000389924709452, 0.000502548762597, -0.000758543144912, 0.000327690620907, -0.000278526626062, 0.000465469260234, -0.000664358492941, 0.000356290489435], [-0.00047102762619, 0.00386453582905, -0.000226338263019, 0.000975814997219, -0.00129975576419, 0.00259346468374, -0.00257774116471, 0.0027974487748, -0.00145856104791, 0.000902077183127, -0.00181759730913, 0.00419358257204, -0.00206549651921], [0.000324947264744, -0.000226338263019, 0.00353086646646, -0.00100272521377, 0.000141743264976, -0.00160120101646, 0.00285884854384, -0.00187886983622, 0.000689343956765, 2.53940524999e-05, 0.00122224190272, -0.00169870664831, 0.00154797988944], [-0.000452444946859, 0.000975814997219, -0.00100272521377, 0.00649454817176, -0.00445621833205, 0.00011829927098, 0.00157484901138, 0.00266901915893, -0.00359573750757, 0.00574823608622, -0.00344893150032, 0.00302394386381, -0.00340185267851], [0.000486260920297, -0.00129975576419, 0.000141743264976, -0.00445621833205, 0.00950235128403, -0.00240567466244, -0.00317241484299, -0.000723892415408, 0.00109942140989, -0.00458705658093, 0.00289910566062, -0.00265847076662, -0.00013330175716], [-0.000389924709452, 0.00259346468374, -0.00160120101646, 0.00011829927098, -0.00240567466244, 0.013653498143, -0.00370759121142, -0.00445851543918, 0.00354826962575, 0.00141195673496, -0.00541995093226, 0.00685209780931, -2.86318190774e-05], [0.000502548762597, -0.00257774116471, 0.00285884854384, 0.00157484901138, -0.00317241484299, -0.00370759121142, 0.0159188695252, -0.00811688788235, -0.00357572571374, 0.00815492589027, -0.00119982042816, -0.00334381172433, 0.00172200007364], [-0.000758543144912, 0.0027974487748, -0.00187886983622, 0.00266901915893, -0.000723892415408, -0.00445851543918, -0.00811688788235, 0.0216823257506, -0.00831978674978, -0.00424366910011, 0.00348470220342, -0.00034785454045, -0.00357627309859], [0.000327690620907, -0.00145856104791, 0.000689343956765, -0.00359573750757, 0.00109942140989, 0.00354826962575, -0.00357572571374, -0.00831978674978, 0.0247831121087, -0.0109556876123, -0.00372667983174, 0.00641949521378, -0.00162411341444], [-0.000278526626062, 0.000902077183127, 2.53940524999e-05, 0.00574823608622, -0.00458705658093, 0.00141195673496, 0.00815492589027, -0.00424366910011, -0.0109556876123, 0.0295500215143, -0.0141841880977, -0.00196092948318, 0.00744963996112], [0.000465469260234, -0.00181759730913, 0.00122224190272, -0.00344893150032, 0.00289910566062, -0.00541995093226, -0.00119982042816, 0.00348470220342, -0.00372667983174, -0.0141841880977, 0.0299788154662, -0.0109271006659, -0.00268412777223], [-0.000664358492941, 0.00419358257204, -0.00169870664831, 0.00302394386381, -0.00265847076662, 0.00685209780931, -0.00334381172433, -0.00034785454045, 0.00641949521378, -0.00196092948318, -0.0109271006659, 0.0317330136895, -0.0138866212219], [0.000356290489435, -0.00206549651921, 0.00154797988944, -0.00340185267851, -0.00013330175716, -2.86318190774e-05, 0.00172200007364, -0.00357627309859, -0.00162411341444, 0.00744963996112, -0.00268412777223, -0.0138866212219, 0.0288236495107]], "cov": [[15906.7294922, 1429.0579834, -1060.11474609, 376.219085693, -436.857177734, -13.7899007797, -108.427619934, 199.215652466, 23.8970069885, -1.25126719475, -57.0922698975, -2.00815629959, 31.6654167175], [1429.0579834, 613.999328613, -223.885162354, 64.0171203613, 14.8268299103, -77.845489502, 69.4225997925, -31.3073539734, 43.3442230225, -28.0214481354, 1.61542129517, -42.2606735229, 27.3477554321], [-1060.11474609, -223.885162354, 487.077545166, 34.1025543213, 25.4923610687, 49.0887260437, -85.7252502441, -5.81518697739, -34.8180084229, 0.748852729797, -13.0186891556, 6.10128498077, -20.9348373413], [376.219085693, 64.0171203613, 34.1025543213, 377.670471191, 134.995437622, 25.3065052032, 0.747148931026, -27.971736908, 14.3211307526, -60.5007591248, 9.25201702118, -9.61079597473, 52.4885559082], [-436.857177734, 14.8268299103, 25.4923610687, 134.995437622, 226.473312378, 54.2102775574, 78.9828796387, 29.8171977997, 30.7508010864, -3.27386879921, 16.076166153, 4.36593818665, 27.2874412537], [-13.7899007797, -77.845489502, 49.0887260437, 25.3065052032, 54.2102775574, 144.544464111, 53.5366401672, 63.1605033875, 7.88566684723, 0.837108969688, 9.47430801392, -10.0452766418, -3.75439524651], [-108.427619934, 69.4225997925, -85.7252502441, 0.747148931026, 78.9828796387, 53.5366401672, 174.472381592, 73.3800964355, 42.6827888489, -15.1347761154, 9.3249502182, -0.824285507202, 16.8946990967], [199.215652466, -31.3073539734, -5.81518697739, -27.971736908, 29.8171977997, 63.1605033875, 73.3800964355, 124.296073914, 47.4664459229, 30.5686264038, 11.7965164185, 5.96841907501, 2.29157733917], [23.8970069885, 43.3442230225, -34.8180084229, 14.3211307526, 30.7508010864, 7.88566684723, 42.6827888489, 47.4664459229, 89.659538269, 41.0827980042, 28.4114170074, -6.77141332626, 3.67754173279], [-1.25126719475, -28.0214481354, 0.748852729797, -60.5007591248, -3.27386879921, 0.837108969688, -15.1347761154, 30.5686264038, 41.0827980042, 93.9093780518, 39.7966651917, 11.4193248749, -17.2395801544], [-57.0922698975, 1.61542129517, -13.0186891556, 9.25201702118, 16.076166153, 9.47430801392, 9.3249502182, 11.7965164185, 28.4114170074, 39.7966651917, 66.6364517212, 22.2700366974, 11.8526926041], [-2.00815629959, -42.2606735229, 6.10128498077, -9.61079597473, 4.36593818665, -10.0452766418, -0.824285507202, 5.96841907501, -6.77141332626, 11.4193248749, 22.2700366974, 61.3309936523, 24.6233234406], [31.6654167175, 27.3477554321, -20.9348373413, 52.4885559082, 27.2874412537, -3.75439524651, 16.8946990967, 2.29157733917, 3.67754173279, -17.2395801544, 11.8526926041, 24.6233234406, 60.6083068848]]}, "spectral_energyband_middle_low": {"dmean2": 0.0113545292988, "median": 0.00660578347743, "min": 1.8849601614e-22, "dvar2": 0.000312995631248, "dvar": 0.000121060220408, "dmean": 0.00703878421336, "max": 0.100607603788, "var": 0.000160827417858, "mean": 0.0110916076228}, "melbands_crest": {"dmean2": 7.14412689209, "median": 16.165769577, "min": 1.76681613922, "dvar2": 31.2514400482, "dvar": 11.4055213928, "dmean": 4.2565112114, "max": 33.4370880127, "var": 25.3788051605, "mean": 16.1731529236}, "spectral_kurtosis": {"dmean2": 1.49423229694, "median": 2.60736179352, "min": -1.24603867531, "dvar2": 1.95255184174, "dvar": 0.670526206493, "dmean": 0.876618146896, "max": 15.6460494995, "var": 1.34504318237, "mean": 2.75023579597}, "spectral_rms": {"dmean2": 0.00181756156962, "median": 0.00562074454501, "min": 3.14430469509e-12, "dvar2": 3.00055467051e-06, "dvar": 1.27363944102e-06, "dmean": 0.00116104958579, "max": 0.011418774724, "var": 4.73200134365e-06, "mean": 0.00547230429947}, "zerocrossingrate": {"dmean2": 0.0168067514896, "median": 0.0654296875, "min": 0.0068359375, "dvar2": 0.000211904713069, "dvar": 0.000132550398121, "dmean": 0.0126488255337, "max": 0.52490234375, "var": 0.00173593091313, "mean": 0.0711227878928}, "silence_rate_60dB": {"dmean2": 0.00789343845099, "median": 0, "min": 0, "dvar2": 0.00940860714763, "dvar": 0.00393045460805, "dmean": 0.00394632993266, "max": 1, "var": 0.0875013917685, "mean": 0.096872843802}, "erbbands_kurtosis": {"dmean2": 1.21354758739, "median": -0.0764751434326, "min": -1.80512225628, "dvar2": 1.54356813431, "dvar": 0.638954341412, "dmean": 0.745021343231, "max": 21.9809513092, "var": 1.49162447453, "mean": 0.086217828095}, "erbbands": {"dmean2": [0.385582685471, 3.90397262573, 8.94056224823, 11.1445407867, 11.9499664307, 31.7654819489, 12.3644418716, 15.3193159103, 23.760219574, 20.7727508545, 29.821811676, 33.8158187866, 23.2992324829, 19.8111572266, 23.0998573303, 36.3386116028, 32.757068634, 28.0205841064, 21.1883049011, 19.5006542206, 30.3722610474, 32.4629325867, 24.0222434998, 20.368019104, 22.6767482758, 18.7884922028, 16.2913284302, 13.9374170303, 10.5006084442, 7.39805030823, 6.32313203812, 3.02289271355, 1.71204388142, 0.863046169281, 0.349950999022, 0.128694176674, 0.0416884943843, 0.00677835242823, 0.000164487559232, 2.7727759516e-05], "median": [0.102159582078, 1.65018379688, 4.80755853653, 4.42273044586, 3.68382620811, 2.58555912971, 3.4726433754, 3.56774091721, 4.67141008377, 3.9508087635, 4.52349090576, 6.7697467804, 8.26885128021, 7.22728395462, 7.41471767426, 14.581817627, 13.7061853409, 12.5182952881, 15.4439926147, 19.9517211914, 32.0421638489, 37.4557228088, 28.0441112518, 24.5079574585, 29.2640209198, 21.6659679413, 18.173286438, 14.6002845764, 8.03227424622, 4.5546131134, 3.46889543533, 2.374792099, 1.42992520332, 0.756780385971, 0.305435568094, 0.0922751054168, 0.0258749760687, 0.00382763938978, 0.000112606088805, 4.64862096123e-05], "min": [8.98730549092e-23, 8.26685939967e-22, 6.8058772902e-21, 1.68904949646e-20, 1.72620864677e-20, 4.21296430723e-20, 3.49796748031e-20, 2.6559376833e-20, 1.09600526434e-19, 2.0058633546e-19, 5.37471304656e-19, 7.56883702171e-19, 6.17840328068e-19, 1.72881440787e-18, 2.37106835134e-18, 1.71619411327e-18, 2.24125786383e-18, 3.50542434552e-18, 4.25995078974e-18, 3.31009370887e-18, 5.26863178589e-18, 6.94358649952e-18, 6.59470032871e-18, 1.13460203905e-17, 8.73587926459e-18, 7.51078755427e-18, 1.03348930077e-17, 1.34330996464e-17, 1.23115783934e-17, 1.3074329908e-17, 1.2863761157e-17, 1.3452076824e-17, 1.25179285234e-17, 9.2282676232e-18, 6.18554784642e-18, 4.84539489931e-18, 2.51221969183e-18, 1.05246935284e-18, 2.52340777491e-19, 2.66651218576e-20], "dvar2": [0.419587045908, 33.2235031128, 143.49810791, 308.816345215, 418.539855957, 6607.37988281, 558.823425293, 1525.60400391, 4769.74316406, 2999.06787109, 4819.97363281, 6592.87060547, 3050.20751953, 2443.35400391, 4097.31298828, 10620.7910156, 6203.20605469, 4461.25292969, 1888.44543457, 1104.15222168, 1710.62597656, 1571.89697266, 915.404541016, 522.612182617, 568.50604248, 447.494812012, 358.845397949, 309.182952881, 199.810821533, 90.3043746948, 86.9582290649, 18.7254295349, 7.21135377884, 2.02567386627, 0.360841333866, 0.0696990862489, 0.00900286063552, 0.000190055376152, 1.19122695708e-07, 8.35148450395e-10], "dvar": [0.160743862391, 12.6815366745, 51.9481811523, 127.427955627, 154.633163452, 2532.3918457, 207.509567261, 633.327453613, 2038.17736816, 1183.4552002, 1958.97119141, 2579.88500977, 1192.70117188, 1051.27880859, 1646.5534668, 4074.37060547, 2466.74072266, 1823.08837891, 755.326904297, 413.124938965, 654.035827637, 638.567260742, 345.679412842, 202.01171875, 210.349243164, 166.439544678, 131.384857178, 112.477348328, 72.9974899292, 33.853313446, 31.588218689, 7.73738479614, 3.27882242203, 0.923023045063, 0.170370519161, 0.0352779515088, 0.00447373092175, 9.0030102001e-05, 5.51389867098e-08, 3.56460305717e-10], "dmean": [0.223033174872, 2.2789888382, 5.20617628098, 6.77977228165, 7.11443948746, 19.2322998047, 7.23068094254, 9.27545642853, 14.6795778275, 12.8474359512, 18.4043903351, 20.8133678436, 14.3966293335, 12.1993045807, 14.429898262, 22.1950702667, 20.2459526062, 17.3658657074, 12.8571386337, 11.6789455414, 18.1647415161, 19.3945236206, 14.2391643524, 12.1257734299, 13.5539693832, 11.1153364182, 9.50313186646, 8.14072322845, 6.04120492935, 4.23949193954, 3.61216139793, 1.85687947273, 1.08688592911, 0.550065279007, 0.226114943624, 0.0848765745759, 0.0283903237432, 0.0044787642546, 0.000107914100226, 1.78932132258e-05], "max": [3.19751763344, 26.5449504852, 83.847946167, 169.739974976, 117.788291931, 459.683288574, 190.597564697, 752.475402832, 1295.31835938, 684.131835938, 765.90411377, 1136.55578613, 765.124572754, 962.75994873, 944.481384277, 1496.20227051, 1101.51257324, 1002.56066895, 1078.39245605, 854.050415039, 555.009216309, 660.76373291, 404.648193359, 254.913894653, 222.223846436, 179.819824219, 130.258544922, 149.613433838, 146.638153076, 56.180683136, 71.4770889282, 52.4243812561, 39.7888755798, 18.6402339935, 10.7932863235, 4.52471160889, 1.3787304163, 0.245845347643, 0.00634663784876, 0.000214840707486], "var": [0.130247876048, 12.0483055115, 61.1170883179, 185.958740234, 149.781204224, 2300.38378906, 190.206008911, 682.767883301, 2224.53710938, 1554.17919922, 2757.86450195, 3867.82592773, 2167.83447266, 2173.67285156, 2477.32592773, 4920.24267578, 3645.33056641, 2742.17114258, 1116.10217285, 544.696472168, 1036.99743652, 1281.44909668, 552.513549805, 372.508270264, 451.356811523, 301.064331055, 202.212600708, 160.702941895, 85.6798400879, 41.7823257446, 32.8406715393, 15.6740102768, 8.17866516113, 2.15906429291, 0.376857459545, 0.0768504887819, 0.00910645816475, 0.000172596686753, 9.90893198605e-08, 8.84132100865e-10], "mean": [0.224008157849, 2.68864321709, 7.12923049927, 9.06091117859, 7.94181966782, 17.4124526978, 7.95506620407, 10.6732025146, 16.7192592621, 16.395450592, 23.3063869476, 28.2297916412, 22.696805954, 19.6346302032, 21.556219101, 32.5257644653, 31.4357852936, 27.2017307281, 22.9103679657, 23.5568370819, 36.6704177856, 41.6752891541, 30.6630878448, 26.818857193, 31.3398628235, 24.0865421295, 20.1337966919, 16.7858810425, 10.4777526855, 6.49706697464, 5.1494641304, 3.48480272293, 2.20872712135, 1.13879036903, 0.45924693346, 0.161431267858, 0.0510049387813, 0.00752705428749, 0.000195034954231, 4.93456536788e-05]}, "spectral_strongpeak": {"dmean2": 0.65563839674, "median": 0.328358411789, "min": 0, "dvar2": 0.910745382309, "dvar": 0.334372639656, "dmean": 0.378701210022, "max": 9.31903743744, "var": 0.353330016136, "mean": 0.522061705589}, "spectral_energy": {"dmean2": 0.0242426153272, "median": 0.0323825888336, "min": 1.01338179572e-20, "dvar2": 0.000677606149111, "dvar": 0.000280150648905, "dmean": 0.015194571577, "max": 0.133648127317, "var": 0.000533228623681, "mean": 0.0355449989438}, "average_loudness": 0.956653416157, "spectral_rolloff": {"dmean2": 1561.37109375, "median": 1550.390625, "min": 86.1328125, "dvar2": 2803360, "dvar": 1135420.875, "dmean": 910.936584473, "max": 19422.9492188, "var": 3196283, "mean": 1816.80932617}, "spectral_centroid": {"dmean2": 601.269470215, "median": 1904.98632812, "min": 191.5440979, "dvar2": 289607.625, "dvar": 121613.75, "dmean": 376.898712158, "max": 11419.4658203, "var": 460311.28125, "mean": 1921.94628906}, "pitch_salience": {"dmean2": 0.184341415763, "median": 0.560370504856, "min": 0.108161345124, "dvar2": 0.0237758979201, "dvar": 0.00876737292856, "dmean": 0.10968311131, "max": 0.853708565235, "var": 0.0157610736787, "mean": 0.5437759161}, "spectral_energyband_middle_high": {"dmean2": 0.00302161765285, "median": 0.00489783193916, "min": 1.28291027804e-21, "dvar2": 1.47526152432e-05, "dvar": 6.25948086963e-06, "dmean": 0.00191759027075, "max": 0.048225581646, "var": 2.39420496655e-05, "mean": 0.0060405083932}, "spectral_contrast_coeffs": {"dmean2": [0.10437258333, 0.0844297707081, 0.059948656708, 0.0469178520143, 0.0316452905536, 0.0336824469268], "median": [-0.665758013725, -0.785662651062, -0.827457666397, -0.819070577621, -0.811430811882, -0.724782466888], "min": [-0.975729942322, -0.968204796314, -0.971273064613, -0.972260713577, -0.965138554573, -0.961567819118], "dvar2": [0.00719559611753, 0.00472746416926, 0.00230687810108, 0.00136976665817, 0.000609461218119, 0.000738636997994], "dvar": [0.00269346963614, 0.00178728951141, 0.000820269691758, 0.000484264543047, 0.000210039623198, 0.000289654999506], "dmean": [0.0638602599502, 0.0508016459644, 0.035342477262, 0.0277621261775, 0.018444718793, 0.0205656848848], "max": [-0.263892710209, -0.364403665066, -0.551823616028, -0.60585039854, -0.669157147408, -0.560211360455], "var": [0.00656765466556, 0.0045340359211, 0.00218993239105, 0.00129705411382, 0.000671446672641, 0.00235542817973], "mean": [-0.65834736824, -0.77655506134, -0.821553587914, -0.816505551338, -0.812865614891, -0.729500830173]}, "melbands_skewness": {"dmean2": 1.97634208202, "median": 3.0814871788, "min": -1.40901315212, "dvar2": 3.85444664955, "dvar": 1.58971846104, "dmean": 1.23707783222, "max": 14.970044136, "var": 3.98244667053, "mean": 3.45248985291}, "spectral_spread": {"dmean2": 677694.6875, "median": 4450170, "min": 2270948.25, "dvar2": 895630704640, "dvar": 465726996480, "dmean": 450721.25, "max": 41964736, "var": 2957258260480.0, "mean": 4704465.5}, "dissonance": {"dmean2": 0.0142993135378, "median": 0.490107953548, "min": 0.351126194, "dvar2": 0.000217483408051, "dvar": 7.60348702897e-05, "dmean": 0.00832406803966, "max": 0.500000059605, "var": 0.000110040055006, "mean": 0.487243652344}, "spectral_skewness": {"dmean2": 0.254130959511, "median": 1.10478818417, "min": -0.0647592172027, "dvar2": 0.0515261143446, "dvar": 0.0192733351141, "dmean": 0.152787774801, "max": 3.06446528435, "var": 0.0697858855128, "mean": 1.11788117886}, "spectral_flux": {"dmean2": 0.05265115574, "median": 0.111170358956, "min": 6.5234873059e-11, "dvar2": 0.00273407320492, "dvar": 0.00118277908769, "dmean": 0.0337032154202, "max": 0.366084843874, "var": 0.00316380197182, "mean": 0.113657675683}, "spectral_contrast_valleys": {"dmean2": [0.655252695084, 0.630356669426, 0.513175427914, 0.403537124395, 0.345912337303, 0.473694056273], "median": [-6.65648174286, -6.6561961174, -6.91621637344, -6.90191364288, -6.45320320129, -9.44723892212], "min": [-27.8977642059, -27.9978103638, -27.6867599487, -27.4486694336, -27.5103378296, -27.35389328], "dvar2": [0.279432266951, 0.271593511105, 0.184753924608, 0.128080159426, 0.112639687955, 0.258265346289], "dvar": [0.106222741306, 0.112095817924, 0.0793132856488, 0.0575140491128, 0.0533793456852, 0.115626648068], "dmean": [0.393733978271, 0.387581765652, 0.317848026752, 0.247928485274, 0.215306133032, 0.308410435915], "max": [-5.40525960922, -4.67882680893, -4.98001480103, -5.60116529465, -5.69000005722, -8.06178665161], "var": [2.2724750042, 2.11538267136, 2.03976583481, 1.87464976311, 1.88833606243, 1.51722192764], "mean": [-6.9809679985, -6.81546545029, -7.0968542099, -7.18354797363, -6.79194927216, -9.70362758636]}, "erbbands_flatness_db": {"dmean2": 0.0189846064895, "median": 0.121270909905, "min": 0.041037928313, "dvar2": 0.000273199606454, "dvar": 0.00012068254, "dmean": 0.012231153436, "max": 0.332219183445, "var": 0.000714267953299, "mean": 0.124248310924}, "spectral_energyband_high": {"dmean2": 0.00104639492929, "median": 0.00124594452791, "min": 7.23399414819e-21, "dvar2": 1.65587846368e-06, "dvar": 6.28018369753e-07, "dmean": 0.000618272460997, "max": 0.00866537634283, "var": 1.07109690362e-06, "mean": 0.00144474441186}, "spectral_entropy": {"dmean2": 0.193833917379, "median": 7.98724269867, "min": 6.15907764435, "dvar2": 0.0362658277154, "dvar": 0.0145844519138, "dmean": 0.119854442775, "max": 9.82025814056, "var": 0.0413042455912, "mean": 7.98647451401}, "silence_rate_20dB": {"dmean2": 0, "median": 1, "min": 1, "dvar2": 0, "dvar": 0, "dmean": 0, "max": 1, "var": 0, "mean": 1}, "melbands_flatness_db": {"dmean2": 0.0631675124168, "median": 0.16