{"tonal": {"thpcp": [1, 0.768805027008, 0.371001571417, 0.239841550589, 0.224325209856, 0.233785733581, 0.2329364568, 0.237025901675, 0.262878865004, 0.350721508265, 0.561376810074, 0.651197612286, 0.477757394314, 0.324563890696, 0.286123365164, 0.271823495626, 0.283187270164, 0.292145073414, 0.269629597664, 0.246579259634, 0.267467230558, 0.367257595062, 0.39539539814, 0.28028100729, 0.20994348824, 0.207414194942, 0.201489552855, 0.211768656969, 0.235148265958, 0.250485688448, 0.305194616318, 0.346943110228, 0.309185773134, 0.334895759821, 0.447557389736, 0.725063562393], "hpcp": {"dmean2": [0.147497206926, 0.130427613854, 0.144356772304, 0.139938309789, 0.135265797377, 0.170514017344, 0.250700831413, 0.36671385169, 0.345128268003, 0.288099616766, 0.221227034926, 0.191610857844, 0.156871572137, 0.165213644505, 0.190703496337, 0.191909193993, 0.164220020175, 0.18263758719, 0.20880202949, 0.208817914128, 0.170607730746, 0.144306242466, 0.136287555099, 0.128660678864, 0.124232970178, 0.155723705888, 0.188835769892, 0.197600767016, 0.217288032174, 0.224777951837, 0.213264688849, 0.265845894814, 0.393459260464, 0.388360351324, 0.387383490801, 0.254387676716], "median": [0.0116974385455, 0.00993967242539, 0.0109269544482, 0.0104818381369, 0.0110218413174, 0.012486175634, 0.0200451388955, 0.034641277045, 0.031938213855, 0.0280144102871, 0.0187217630446, 0.0113337188959, 0.0125419348478, 0.0132816322148, 0.0120441736653, 0.00957782287151, 0.0110158659518, 0.0143750831485, 0.0194657556713, 0.0206860676408, 0.0146294077858, 0.00966174714267, 0.00819742120802, 0.0097216302529, 0.00952902715653, 0.0110470224172, 0.0119898486882, 0.0136495251209, 0.0119061507285, 0.012180140242, 0.0149599220604, 0.0314609780908, 0.116403326392, 0.185971841216, 0.152628391981, 0.0392717346549], "min": [0, 0, 0, 0, 0, 0, 0, 0, 0, 0, 0, 0, 0, 0, 0, 0, 0, 0, 0, 0, 0, 0, 0, 0, 0, 0, 0, 0, 0, 0, 0, 0, 0, 0, 0, 0], "dvar2": [0.0756132826209, 0.0792561993003, 0.0986313223839, 0.085601568222, 0.0729330554605, 0.103630766273, 0.147691443563, 0.223319843411, 0.207205682993, 0.163578510284, 0.131753668189, 0.121512420475, 0.087652400136, 0.0972295552492, 0.118958152831, 0.125159740448, 0.0900322124362, 0.093703225255, 0.107480630279, 0.106616131961, 0.0812652632594, 0.0709693953395, 0.0750963315368, 0.0686505958438, 0.0646911635995, 0.088541932404, 0.105795100331, 0.100374124944, 0.127889990807, 0.137188762426, 0.114947468042, 0.136602833867, 0.186860010028, 0.191279500723, 0.17983661592, 0.126654788852], "dvar": [0.0280351452529, 0.0278028007597, 0.0342773534358, 0.0305705349892, 0.0269016716629, 0.0380976609886, 0.0523571148515, 0.0783967226744, 0.0847734212875, 0.0615797229111, 0.0444723442197, 0.0414059832692, 0.0326640941203, 0.0351073890924, 0.0439007543027, 0.0447368770838, 0.0321331135929, 0.0336619876325, 0.0420495569706, 0.0437766797841, 0.0302753783762, 0.0265503041446, 0.0287433043122, 0.0249575059861, 0.0232320092618, 0.0311699807644, 0.0360682047904, 0.0359135381877, 0.047588352114, 0.0491066463292, 0.0442667603493, 0.0547688268125, 0.0711489096284, 0.0797606185079, 0.0680916458368, 0.0474909543991], "dmean": [0.0821648016572, 0.0724249705672, 0.0790883749723, 0.0774031355977, 0.0753120332956, 0.0933250114322, 0.137374281883, 0.202235549688, 0.196048244834, 0.162535578012, 0.120866827667, 0.104092553258, 0.0884233340621, 0.0931238457561, 0.103874891996, 0.103514716029, 0.0898137018085, 0.101139225066, 0.118452139199, 0.119342073798, 0.096783041954, 0.0807534307241, 0.0772949978709, 0.0717574879527, 0.0702399984002, 0.0851292908192, 0.101944535971, 0.110515996814, 0.119541548193, 0.122636727989, 0.119877249002, 0.151629984379, 0.224277943373, 0.219043195248, 0.22262956202, 0.141423165798], "max": [1, 1, 1, 1, 1, 1, 1, 1, 1, 1, 1, 1, 1, 1, 1, 1, 1, 1, 1, 1, 1, 1, 1, 1, 1, 1, 1, 1, 1, 1, 1, 1, 1, 1, 1, 1], "var": [0.0356868207455, 0.0375527143478, 0.0413050949574, 0.0377020873129, 0.0363709256053, 0.0434075631201, 0.0559746809304, 0.0945703759789, 0.12247800827, 0.0792358443141, 0.05118400231, 0.0499927811325, 0.0459637492895, 0.0443013720214, 0.0501722060144, 0.0450608506799, 0.0362553596497, 0.0377682074904, 0.058353561908, 0.0707375407219, 0.038730148226, 0.0298163816333, 0.0325711145997, 0.0305521599948, 0.0315617397428, 0.0365624576807, 0.0349466465414, 0.0450488515198, 0.0622193105519, 0.0481523536146, 0.0535808876157, 0.0744797885418, 0.0980140939355, 0.153530821204, 0.100511856377, 0.0480269044638], "mean": [0.0891311466694, 0.0833648815751, 0.0868806540966, 0.0865650400519, 0.0880847796798, 0.0976923927665, 0.130336925387, 0.20862172544, 0.242001384497, 0.177546650171, 0.120616093278, 0.106330633163, 0.101016439497, 0.105239503086, 0.108568444848, 0.100201129913, 0.0916350483894, 0.099397547543, 0.136482149363, 0.146938860416, 0.104159459472, 0.0780202746391, 0.0770803242922, 0.0748785808682, 0.0786985531449, 0.0873870030046, 0.0930867791176, 0.113417990506, 0.128932774067, 0.114901199937, 0.124455675483, 0.166323572397, 0.269451826811, 0.371625125408, 0.285707265139, 0.137873500586]}, "tuning_equal_tempered_deviation": 0.275530874729, "chords_changes_rate": 0.0739064887166, "key_key": "C", "tuning_diatonic_strength": 0.371668875217, "key_scale": "minor", "chords_number_rate": 0.00829562637955, "tuning_frequency": 453.416503906, "tuning_nontempered_energy_ratio": 0.907838225365, "chords_histogram": [0, 0.150829568505, 0, 0, 0, 2.26244354248, 4.60030174255, 2.48868775368, 31.1463050842, 13.2730016708, 0.980392158031, 0, 0, 0, 0, 0.527903497219, 16.6666660309, 11.8401203156, 5.73152351379, 1.88536953926, 0.0754147842526, 1.73453998566, 0.754147827625, 5.88235282898], "key_strength": 0.577338337898, "chords_key": "E", "chords_strength": {"dmean2": 0.0144281862304, "median": 0.529218196869, "min": 0.24724727869, "dvar2": 0.00017526333977, "dvar": 0.000117688876344, "dmean": 0.0127185704187, "max": 0.751733779907, "var": 0.00768218748271, "mean": 0.531533241272}, "chords_scale": "minor", "hpcp_entropy": {"dmean2": 1.18184423447, "median": 2.58523368835, "min": 0, "dvar2": 0.79718118906, "dvar": 0.315771102905, "dmean": 0.710447490215, "max": 4.73146343231, "var": 0.780720174313, "mean": 2.57394170761}}, "metadata": {"audio_properties": {"equal_loudness": 0, "codec": "mp3", "downmix": "mix", "sample_rate": 44100, "analysis_sample_rate": 44100, "bit_rate": 192000, "md5_encoded": "c64f49f3fbcce3cba84c47d90670ceef", "length": 61.4922447205, "replay_gain": -7.5133895874, "lossless": false}, "version": {"essentia_build_sha": "70f2e5ece6736b2c40cc944ad0e695b16b925413", "essentia": "2.1-beta2", "extractor": "music 1.0", "essentia_git_sha": "v2.1_beta2"}, "tags": {"title": ["Forgery"], "artist": ["DNA"], "date": ["1982"], "genre": ["Rock"], "album": ["Last Live at CBGB's"], "tracknumber": ["8/15"], "discnumber": ["1"], "musicbrainz_recordingid": ["03916c90-e244-44e0-9577-5b689f3c1236"], "file_name": "1644430.mp3"}}, "rhythm": {"bpm_histogram_first_peak_bpm": {"dmean2": 0, "median": 161, "min": 161, "dvar2": 0, "dvar": 0, "dmean": 0, "max": 161, "var": 0, "mean": 161}, "bpm": 163.235595703, "bpm_histogram_second_peak_spread": {"dmean2": 0, "median": 0.547619044781, "min": 0.547619044781, "dvar2": 0, "dvar": 0, "dmean": 0, "max": 0.547619044781, "var": 0, "mean": 0.547619044781}, "bpm_histogram_first_peak_weight": {"dmean2": 0, "median": 0.186666667461, "min": 0.186666667461, "dvar2": 0, "dvar": 0, "dmean": 0, "max": 0.186666667461, "var": 0, "mean": 0.186666667461}, "onset_rate": 4.24323606491, "beats_position": [0.359909296036, 0.731428563595, 1.10294783115, 1.47446703911, 1.83437633514, 2.19428563118, 2.55419492722, 2.92571425438, 3.29723358154, 3.68036270142, 4.06349182129, 4.42340135574, 4.78331041336, 5.15482997894, 5.51473903656, 5.87464857101, 6.2229475975, 6.59446716309, 6.94276618958, 7.2910656929, 7.65097475052, 8.03410434723, 8.40562343597, 8.77714252472, 9.16027164459, 9.52018165588, 9.8800907135, 10.2399997711, 10.6115188599, 10.9830379486, 11.354557991, 11.7144670486, 12.0859861374, 12.445895195, 12.8174142838, 13.2005443573, 13.5952835083, 13.9900226593, 14.3963718414, 14.8607711792, 15.301949501, 15.7431287766, 16.1610889435, 16.5558280945, 16.9157371521, 17.298866272, 17.6819953918, 18.0651245117, 18.4598636627, 18.8662128448, 19.2377319336, 19.6208610535, 20.0039901733, 20.3871192932, 20.758638382, 21.1417675018, 21.5248966217, 21.9196376801, 22.3027667999, 22.6858959198, 23.0574150085, 23.4289340973, 23.800453186, 24.1719722748, 24.5434913635, 24.9150104523, 25.286529541, 25.6580486298, 26.0295696259, 26.4243087769, 26.830657959, 27.2370071411, 27.6433563232, 28.0613155365, 28.4792747498, 28.897233963, 29.3035831451, 29.6983222961, 30.1046714783, 30.5110206604, 30.9057598114, 31.2888889313, 31.6720180511, 32.0435371399, 32.4266662598, 32.7981834412, 33.1813163757, 33.5644454956, 33.9475746155, 34.3423118591, 34.7486610413, 35.1317901611, 35.514919281, 35.8980484009, 36.2927894592, 36.6875267029, 37.0706558228, 37.4653968811, 37.848526001, 38.2200431824, 38.6147842407, 39.0211334229, 39.4390907288, 39.8686599731, 40.2866210938, 40.7045783997, 41.134147644, 41.5637168884, 41.9932861328, 42.4228553772, 42.8408164978, 43.281993866, 43.7231750488, 44.1527442932, 44.5823135376, 45.011882782, 45.4414520264, 45.8710212708, 46.3121986389, 46.7417678833, 47.1829452515, 47.6125144958, 48.0420837402, 48.4716529846, 48.901222229, 49.3424034119, 49.7719726562, 50.2015419006, 50.631111145, 51.0606803894, 51.5018577576, 51.9430389404, 52.3842163086, 52.8253974915, 53.2665748596, 53.7077522278, 54.1489334106, 54.5901107788, 55.0429000854, 55.4956893921, 55.9484786987, 56.4709281921, 56.9933776855, 57.515827179, 58.0150566101, 58.5142860413, 59.0019035339, 59.4895210266, 59.977142334, 60.4647598267, 60.952381134], "beats_loudness": {"dmean2": 0.0555103421211, "median": 0.0485793948174, "min": 0, "dvar2": 0.00212476425804, "dvar": 0.000715283327736, "dmean": 0.0312885120511, "max": 0.159167841077, "var": 0.00114622723777, "mean": 0.0535895861685}, "danceability": 1.04207205772, "bpm_histogram_second_peak_weight": {"dmean2": 0, "median": 0.126666665077, "min": 0.126666665077, "dvar2": 0, "dvar": 0, "dmean": 0, "max": 0.126666665077, "var": 0, "mean": 0.126666665077}, "beats_count": 151, "bpm_histogram_second_peak_bpm": {"dmean2": 0, "median": 140, "min": 140, "dvar2": 0, "dvar": 0, "dmean": 0, "max": 140, "var": 0, "mean": 140}, "bpm_histogram_first_peak_spread": {"dmean2": 0, "median": 0.481481492519, "min": 0.481481492519, "dvar2": 0, "dvar": 0, "dmean": 0, "max": 0.481481492519, "var": 0, "mean": 0.481481492519}, "beats_loudness_band_ratio": {"dmean2": [0.263571441174, 0.091370254755, 0.0831554234028, 0.0956927016377, 0.0998641476035, 0.0617480427027], "median": [0.839074313641, 0.0516433082521, 0.0183532368392, 0.0297537092119, 0.0283574890345, 0.0113137615845], "min": [0, 0, 0, 0, 0, 0], "dvar2": [0.0666957497597, 0.00825201161206, 0.026012679562, 0.0235274061561, 0.0142487585545, 0.0077295480296], "dvar": [0.0274688825011, 0.00293346843682, 0.00962403416634, 0.00749832158908, 0.00591964414343, 0.00379674509168], "dmean": [0.156403258443, 0.0526226982474, 0.048539083451, 0.0531903356314, 0.0614939928055, 0.0376201234758], "max": [0.991202712059, 0.319753825665, 0.725670218468, 0.634793639183, 0.738844156265, 0.534830391407], "var": [0.0688580051064, 0.00341361714527, 0.00739581463858, 0.00561317009851, 0.0206947773695, 0.00732658384368], "mean": [0.734317302704, 0.0699663683772, 0.0430485978723, 0.0502889342606, 0.0826370641589, 0.0460424087942]}}, "lowlevel": {"barkbands_spread": {"dmean2": 9.84097385406, "median": 12.6640701294, "min": 0.361930638552, "dvar2": 99.4331817627, "dvar": 41.5733413696, "dmean": 6.18459558487, "max": 77.5000762939, "var": 172.909576416, "mean": 15.9720153809}, "melbands_spread": {"dmean2": 11.5041780472, "median": 9.41426849365, "min": 0.284476429224, "dvar2": 242.724395752, "dvar": 98.9291229248, "dmean": 7.11638832092, "max": 164.651611328, "var": 639.684814453, "mean": 18.1113681793}, "hfc": {"dmean2": 8.92858886719, "median": 11.3923721313, "min": 1.11060035133e-16, "dvar2": 156.007949829, "dvar": 65.4956207275, "dmean": 5.70738077164, "max": 152.982055664, "var": 241.954498291, "mean": 15.6079950333}, "barkbands_kurtosis": {"dmean2": 18.750328064, "median": 6.7463684082, "min": -1.84541046619, "dvar2": 1039.58605957, "dvar": 397.048980713, "dmean": 11.6228818893, "max": 391.900268555, "var": 1092.05651855, "mean": 18.1422119141}, "gfcc": {"mean": [-65.9505462646, 121.658218384, -133.811584473, 65.4457473755, -40.0275344849, 15.7803077698, -19.227935791, -10.6825017929, -14.3085746765, -16.1407165527, -20.9575691223, -17.7899131775, -10.4348535538], "icov": [[0.000652860850096, -0.00200659199618, 0.00131588731892, -0.00186130963266, 0.00136521132663, -0.00193832360674, 0.0010332664242, -0.00135071494151, 0.000722239725292, -0.000374587980332, 0.000650721020065, 0.000251573161222, 0.000302545697195], [-0.00200659199618, 0.00771379331127, -0.00413192482665, 0.00648952601478, -0.00450258562341, 0.00640914402902, -0.00344438664615, 0.00633549317718, -0.00388072803617, 0.00422022584826, -0.0042484914884, 0.00174793496262, -0.00213084788993], [0.00131588731892, -0.00413192482665, 0.00395460659638, -0.00403517438099, 0.00244931015186, -0.00442144367844, 0.000870241550729, -0.00239686877467, 0.00210706656799, -0.00138199620415, 0.000756550580263, 0.00171097100247, -0.000127965104184], [-0.00186130963266, 0.00648952601478, -0.00403517438099, 0.00824481807649, -0.00319223594852, 0.00468759099022, -0.00331468880177, 0.00552109628916, -0.00317621789873, 0.00315360003151, -0.00337541778572, 0.00110926711932, -0.00137418380473], [0.00136521132663, -0.00450258562341, 0.00244931015186, -0.00319223594852, 0.00714304018766, -0.00367065775208, 0.000513379403856, -0.00101833383087, -0.00255784532055, 0.00159980112221, 0.00284729688428, -0.00503514939919, 0.00464979093522], [-0.00193832360674, 0.00640914402902, -0.00442144367844, 0.00468759099022, -0.00367065775208, 0.0160433407873, -0.0046936837025, -0.000699595955666, 0.0026446224656, -0.000886580965016, -0.00154276413377, 0.000352217874024, -0.00257155508734], [0.0010332664242, -0.00344438664615, 0.000870241550729, -0.00331468880177, 0.000513379403856, -0.0046936837025, 0.0134390257299, -0.00595996249467, -6.87546707923e-05, 0.00276966998354, -0.00211191177368, 0.0026655246038, -0.00355570530519], [-0.00135071494151, 0.00633549317718, -0.00239686877467, 0.00552109628916, -0.00101833383087, -0.000699595955666, -0.00595996249467, 0.0226788837463, -0.0120694069192, 0.0028534065932, 0.00156925350893, -0.00616735732183, 0.000263223133516], [0.000722239725292, -0.00388072803617, 0.00210706656799, -0.00317621789873, -0.00255784532055, 0.0026446224656, -6.87546707923e-05, -0.0120694069192, 0.0264290329069, -0.0105101969093, -0.00125542702153, 0.00797849241644, -0.00448027672246], [-0.000374587980332, 0.00422022584826, -0.00138199620415, 0.00315360003151, 0.00159980112221, -0.000886580965016, 0.00276966998354, 0.0028534065932, -0.0105101969093, 0.0255198311061, -0.00932515598834, -0.00168329942971, 0.00474826619029], [0.000650721020065, -0.0042484914884, 0.000756550580263, -0.00337541778572, 0.00284729688428, -0.00154276413377, -0.00211191177368, 0.00156925350893, -0.00125542702153, -0.00932515598834, 0.0268572289497, -0.0132001684979, 0.00242659007199], [0.000251573161222, 0.00174793496262, 0.00171097100247, 0.00110926711932, -0.00503514939919, 0.000352217874024, 0.0026655246038, -0.00616735732183, 0.00797849241644, -0.00168329942971, -0.0132001684979, 0.0316781066358, -0.0114074153826], [0.000302545697195, -0.00213084788993, -0.000127965104184, -0.00137418380473, 0.00464979093522, -0.00257155508734, -0.00355570530519, 0.000263223133516, -0.00448027672246, 0.00474826619029, 0.00242659007199, -0.0114074153826, 0.0291105527431]], "cov": [[18858.3730469, 3637.53979492, -964.170654297, 1035.83752441, -931.209106445, -7.20681142807, -142.369293213, -463.104095459, -99.2119293213, -502.536987305, -70.9953079224, -554.172790527, 105.285743713], [3637.53979492, 2717.84008789, 377.280151367, -225.144561768, 451.834289551, -354.435943604, 169.53729248, -357.310241699, 100.574028015, -328.651794434, 57.2759780884, -196.805145264, 59.8155326843], [-964.170654297, 377.280151367, 1133.45410156, 178.902862549, 41.4771690369, 64.1153411865, 183.77557373, -51.0458831787, -3.00726914406, -55.8973083496, 31.3045730591, -70.8656463623, 51.2875595093], [1035.83752441, -225.144561768, 178.902862549, 516.080993652, -178.522964478, 88.5935974121, 27.603553772, -7.27051782608, -30.4228343964, -8.9736995697, -2.03408002853, -44.0420074463, 17.3739509583], [-931.209106445, 451.834289551, 41.4771690369, -178.522964478, 506.60824585, -111.557571411, 68.8425445557, -42.0288734436, 71.6585998535, -60.929271698, 19.3313350677, 35.9841651917, -14.0226974487], [-7.20681142807, -354.435943604, 64.1153411865, 88.5935974121, -111.557571411, 185.956802368, 19.6699447632, 73.494682312, -30.5663452148, 37.5798149109, -8.2869682312, 16.0004749298, 10.7054233551], [-142.369293213, 169.53729248, 183.77557373, 27.603553772, 68.8425445557, 19.6699447632, 153.968811035, 13.8912763596, 22.828546524, -36.980922699, 14.5398731232, -9.48239994049, 30.0403862], [-463.104095459, -357.310241699, -51.0458831787, -7.27051782608, -42.0288734436, 73.494682312, 13.8912763596, 132.317382812, 19.3981151581, 47.0136299133, -6.32294893265, 39.6169662476, 3.16533851624], [-99.2119293213, 100.574028015, -3.00726914406, -30.4228343964, 71.6585998535, -30.5663452148, 22.828546524, 19.3981151581, 76.8713912964, 10.2846899033, 11.3777074814, -2.74735212326, 3.5388944149], [-502.536987305, -328.651794434, -55.8973083496, -8.9736995697, -60.929271698, 37.5798149109, -36.980922699, 47.0136299133, 10.2846899033, 103.688949585, 17.2803440094, 32.1335372925, -15.5719671249], [-70.9953079224, 57.2759780884, 31.3045730591, -2.03408002853, 19.3313350677, -8.2869682312, 14.5398731232, -6.32294893265, 11.3777074814, 17.2803440094, 63.1326255798, 22.8778839111, 5.62020730972], [-554.172790527, -196.805145264, -70.8656463623, -44.0420074463, 35.9841651917, 16.0004749298, -9.48239994049, 39.6169662476, -2.74735212326, 32.1335372925, 22.8778839111, 80.7730789185, 7.19335412979], [105.285743713, 59.8155326843, 51.2875595093, 17.3739509583, -14.0226974487, 10.7054233551, 30.0403862, 3.16533851624, 3.5388944149, -15.5719671249, 5.62020730972, 7.19335412979, 50.9427146912]]}, "spectral_energyband_middle_low": {"dmean2": 0.0127450861037, "median": 0.0081895403564, "min": 1.70512650695e-22, "dvar2": 0.000319803599268, "dvar": 0.000119699885545, "dmean": 0.00756993470713, "max": 0.124210424721, "var": 0.000204909301829, "mean": 0.0124183138832}, "melbands_crest": {"dmean2": 6.01160287857, "median": 20.1222190857, "min": 1.53156614304, "dvar2": 27.865316391, "dvar": 10.5942707062, "dmean": 3.6368792057, "max": 32.5763893127, "var": 51.4859542847, "mean": 19.9664859772}, "spectral_kurtosis": {"dmean2": 3.92687296867, "median": 2.83786416054, "min": -1.24522769451, "dvar2": 19.3845233917, "dvar": 6.57077932358, "dmean": 2.26234292984, "max": 22.4776725769, "var": 12.6108665466, "mean": 3.8132417202}, "spectral_rms": {"dmean2": 0.00252740737051, "median": 0.00572133250535, "min": 3.16069024252e-12, "dvar2": 8.15391649667e-06, "dvar": 3.04190348288e-06, "dmean": 0.00155399588402, "max": 0.0182516686618, "var": 8.86143516254e-06, "mean": 0.00577098177746}, "zerocrossingrate": {"dmean2": 0.00983846187592, "median": 0.0302734375, "min": 0.00439453125, "dvar2": 0.000237365122302, "dvar": 0.000122612982523, "dmean": 0.00801175739616, "max": 0.51806640625, "var": 0.00341643462889, "mean": 0.0478585660458}, "silence_rate_60dB": {"dmean2": 0.0120845921338, "median": 0, "min": 0, "dvar2": 0.0157145280391, "dvar": 0.00600358704105, "dmean": 0.00604001525789, "max": 1, "var": 0.0941992178559, "mean": 0.105283021927}, "erbbands_kurtosis": {"dmean2": 1.61872446537, "median": -0.666511535645, "min": -1.86263263226, "dvar2": 6.01106357574, "dvar": 2.3267800808, "dmean": 0.975178778172, "max": 25.2342662811, "var": 5.52449226379, "mean": 0.013186108321}, "erbbands": {"dmean2": [0.16929666698, 3.30939221382, 21.5161151886, 30.7722301483, 22.9811496735, 10.6903953552, 4.16947984695, 4.80015707016, 5.79954004288, 6.59288311005, 11.6852588654, 24.3741226196, 21.2068367004, 10.4160223007, 11.1051940918, 14.363527298, 13.363494873, 13.9573173523, 18.4282016754, 27.7979335785, 21.0762271881, 16.3344898224, 12.085442543, 10.2178726196, 9.8741979599, 11.317489624, 8.07330226898, 7.29322385788, 6.36534070969, 3.20700001717, 1.25576019287, 0.410046160221, 0.198175117373, 0.0638045594096, 0.0120842354372, 0.00229427427985, 0.00057349470444, 5.23787020938e-05, 2.10724538192e-05, 4.31189218943e-05], "median": [0.0205511171371, 1.0549890995, 11.3631601334, 13.4263877869, 10.4186534882, 6.15193939209, 2.3864531517, 1.67285478115, 1.76337730885, 2.07887935638, 2.72966051102, 5.11444187164, 4.01102352142, 3.1700463295, 5.58391952515, 6.42350196838, 5.76369476318, 5.74588680267, 7.79646587372, 10.3299264908, 8.34696578979, 4.33413791656, 4.6845407486, 4.84286499023, 4.73475790024, 3.42505311966, 2.203083992, 1.82054805756, 1.42006254196, 0.59990042448, 0.171341344714, 0.0472615137696, 0.0175497923046, 0.00525783095509, 0.00133174657822, 0.00035929743899, 0.000114146954729, 2.25547955779e-05, 1.91084163816e-05, 3.88666630897e-05], "min": [1.47697606869e-22, 1.16599397321e-21, 2.94459475768e-21, 6.83120969646e-21, 1.63546871072e-20, 2.97288809087e-20, 5.97437336648e-20, 1.32650314869e-19, 1.78430302753e-19, 2.71576888485e-19, 3.20135363122e-19, 7.14458228939e-19, 8.41889383109e-19, 8.86095414309e-19, 1.74967228401e-18, 1.65200500113e-18, 1.9421764445e-18, 2.50038707996e-18, 3.36733998394e-18, 3.96312736668e-18, 4.29796222042e-18, 4.74650628426e-18, 7.69774112606e-18, 9.25598644553e-18, 9.73245902197e-18, 6.18436042865e-18, 1.07768332751e-17, 1.09341878431e-17, 1.37872032589e-17, 1.30959921139e-17, 1.19519450785e-17, 1.37876747519e-17, 1.25536006873e-17, 7.90438325078e-18, 7.41259046221e-18, 4.51560171139e-18, 2.33905935676e-18, 1.15382451708e-18, 2.41805572565e-19, 2.96832147228e-20], "dvar2": [0.170963853598, 39.2114906311, 1194.92150879, 1967.73095703, 1222.87121582, 186.010040283, 47.7441520691, 189.913208008, 266.811920166, 800.236572266, 7491.52490234, 24991.5097656, 13741.5136719, 4452.54296875, 1116.40966797, 3988.59399414, 2284.92919922, 855.131958008, 1149.91088867, 4146.90380859, 1727.81274414, 1775.56518555, 713.540100098, 308.752410889, 390.220031738, 572.715942383, 349.758575439, 277.01473999, 311.761291504, 86.5344696045, 9.66735553741, 1.0273194313, 0.331654816866, 0.0337752588093, 0.00149575201795, 6.73341855872e-05, 6.36759159534e-06, 1.47890006019e-07, 5.25657206651e-09, 3.86398779639e-09], "dvar": [0.0641548112035, 14.7349662781, 414.140380859, 713.764221191, 434.081115723, 66.5310592651, 18.4155712128, 98.5692520142, 128.78137207, 543.49407959, 3564.32055664, 10934.5810547, 7691.89794922, 1848.02661133, 600.401977539, 1717.9654541, 1108.7064209, 391.605773926, 470.860473633, 1630.82617188, 697.484619141, 660.659851074, 274.065490723, 136.654388428, 168.559936523, 215.522598267, 128.222854614, 101.673202515, 115.85395813, 33.0904312134, 4.20389175415, 0.500606358051, 0.149384021759, 0.0173764824867, 0.000702464254573, 2.91996184387e-05, 2.34727599491e-06, 5.08150783673e-08, 1.80338377564e-09, 1.39805711452e-09], "dmean": [0.0965992584825, 1.93378269672, 12.6269273758, 17.6734313965, 13.2348384857, 6.14739084244, 2.46759223938, 3.01118206978, 3.55599665642, 4.25278568268, 8.104388237, 16.2492675781, 14.4685287476, 6.82689380646, 7.53735876083, 9.33342838287, 8.53079891205, 8.70605373383, 11.3334169388, 17.1379776001, 13.1574325562, 9.88178730011, 7.38396787643, 6.33340501785, 6.06657838821, 6.80884885788, 4.95471477509, 4.56052827835, 4.12528085709, 2.11773276329, 0.860162436962, 0.274268180132, 0.131555497646, 0.0443141199648, 0.00831210613251, 0.00156732392497, 0.000357102951966, 3.19023056363e-05, 1.24901052914e-05, 2.57824522123e-05], "max": [1.99742019176, 32.6102752686, 232.124298096, 227.953689575, 237.331573486, 75.0185546875, 83.1872787476, 312.711914062, 325.416900635, 1269.265625, 2894.42602539, 3698.84179688, 3148.28222656, 1484.95178223, 1001.90362549, 1363.78417969, 1523.77539062, 474.992889404, 332.439605713, 771.833435059, 388.234039307, 496.663116455, 389.003173828, 307.269317627, 369.066680908, 282.107757568, 188.509094238, 156.415115356, 251.579421997, 153.571517944, 58.1187133789, 19.3948612213, 10.4780426025, 3.34687376022, 0.595145225525, 0.118021979928, 0.0288601666689, 0.00722315534949, 0.0014240614837, 0.000370563444449], "var": [0.0451374016702, 13.7371845245, 551.299926758, 915.368774414, 447.876922607, 88.0350418091, 31.1951332092, 226.430709839, 236.038848877, 2589.11401367, 12508.296875, 15682.8183594, 15787.4111328, 2653.32226562, 1359.39599609, 2941.05981445, 2656.13793945, 903.61328125, 1035.30187988, 2630.04589844, 1404.45007324, 865.209838867, 487.52557373, 372.550384521, 362.963623047, 475.941833496, 194.844207764, 193.706970215, 225.262176514, 72.4483947754, 16.5874214172, 2.58314228058, 0.522657096386, 0.066616743803, 0.0022208080627, 6.84339538566e-05, 2.79330834019e-06, 3.43407009495e-08, 1.23456678214e-09, 1.972588759e-09], "mean": [0.0798135623336, 2.35589361191, 19.2907619476, 24.3107948303, 17.0045204163, 8.80704975128, 3.95730733871, 4.54069185257, 4.44623327255, 7.03238296509, 15.3940229416, 25.1014060974, 21.7237110138, 10.6158742905, 12.7950754166, 15.2684402466, 14.25689888, 15.1513652802, 20.3441791534, 28.2536087036, 22.3004760742, 14.5160217285, 12.4269561768, 11.016283989, 10.5660705566, 11.6772842407, 7.79243421555, 7.83134078979, 7.47346019745, 4.12420225143, 1.77587962151, 0.655321776867, 0.292004019022, 0.0996814966202, 0.0183070395142, 0.00305361696519, 0.000569015915971, 5.7382734667e-05, 2.41128982452e-05, 4.90969250677e-05]}, "spectral_strongpeak": {"dmean2": 0.548455297947, "median": 0.56034886837, "min": 0, "dvar2": 0.79152905941, "dvar": 0.325233995914, "dmean": 0.331795573235, "max": 7.91147470474, "var": 0.5608959198, "mean": 0.687381267548}, "spectral_energy": {"dmean2": 0.0394092462957, "median": 0.0335519835353, "min": 1.02397116159e-20, "dvar2": 0.0032739401795, "dvar": 0.00118014786858, "dmean": 0.0234912093729, "max": 0.341451525688, "var": 0.00160993612371, "mean": 0.0432198531926}, "average_loudness": 0.881392836571, "spectral_rolloff": {"dmean2": 704.888244629, "median": 236.865234375, "min": 107.666015625, "dvar2": 1053251.25, "dvar": 458080.78125, "dmean": 408.579986572, "max": 19466.015625, "var": 4727121.5, "mean": 1202.47485352}, "spectral_centroid": {"dmean2": 511.717102051, "median": 963.707946777, "min": 130.678909302, "dvar2": 274447.9375, "dvar": 115587.3125, "dmean": 317.373138428, "max": 11793.4042969, "var": 1608468, "mean": 1280.08996582}, "pitch_salience": {"dmean2": 0.159944906831, "median": 0.446765810251, "min": 0.0480149872601, "dvar2": 0.0202975235879, "dvar": 0.00767312897369, "dmean": 0.0987807363272, "max": 0.953162252903, "var": 0.0308051370084, "mean": 0.449739128351}, "spectral_energyband_middle_high": {"dmean2": 0.00200046412647, "median": 0.00172919291072, "min": 1.30187111157e-21, "dvar2": 1.59067585628e-05, "dvar": 8.17983618617e-06, "dmean": 0.00136134342756, "max": 0.1046840325, "var": 3.15622855851e-05, "mean": 0.00340939103626}, "spectral_contrast_coeffs": {"dmean2": [0.0966766104102, 0.0693008601665, 0.0570735298097, 0.0467898398638, 0.0396846495569, 0.0370105840266], "median": [-0.556044518948, -0.809092521667, -0.810107052326, -0.816248238087, -0.815767168999, -0.689063072205], "min": [-0.981182575226, -0.97453379631, -0.970173120499, -0.966637074947, -0.964504182339, -0.963998317719], "dvar2": [0.006317907013, 0.00296764052473, 0.00210181833245, 0.00142473913729, 0.00124991266057, 0.0014558424009], "dvar": [0.00229706382379, 0.00112169154454, 0.000915629498195, 0.000531734025571, 0.000503139861394, 0.000586707843468], "dmean": [0.0577367469668, 0.0419849976897, 0.0351393744349, 0.0281717646867, 0.0242189932615, 0.0228407792747], "max": [-0.319990694523, -0.381940722466, -0.423174679279, -0.591519713402, -0.602068305016, -0.529520988464], "var": [0.0108521087095, 0.00464646657929, 0.00423863064498, 0.00190718448721, 0.00213745143265, 0.00265472731553], "mean": [-0.573087751865, -0.801670849323, -0.804267585278, -0.813221395016, -0.809906184673, -0.693175137043]}, "melbands_skewness": {"dmean2": 2.28700971603, "median": 4.94499778748, "min": -2.14900159836, "dvar2": 5.01807355881, "dvar": 2.02221751213, "dmean": 1.45885324478, "max": 20.5879573822, "var": 12.0090494156, "mean": 5.1839594841}, "spectral_spread": {"dmean2": 556805.625, "median": 3425870, "min": 1572111.75, "dvar2": 965897093120, "dvar": 502266101760, "dmean": 359291.5, "max": 41974124, "var": 12679993360400.0, "mean": 3851651.25}, "dissonance": {"dmean2": 0.0175270941108, "median": 0.484360724688, "min": 0.128379002213, "dvar2": 0.000398620119086, "dvar": 0.000188305406482, "dmean": 0.0108529506251, "max": 0.500000119209, "var": 0.000391171197407, "mean": 0.479062736034}, "spectral_skewness": {"dmean2": 0.505331516266, "median": 1.09089970589, "min": -0.0844931602478, "dvar2": 0.244547903538, "dvar": 0.0953548327088, "dmean": 0.309386461973, "max": 3.36695027351, "var": 0.321782767773, "mean": 1.16846168041}, "spectral_flux": {"dmean2": 0.0643234327435, "median": 0.0890307277441, "min": 6.35767480328e-11, "dvar2": 0.0044869328849, "dvar": 0.00201427005231, "dmean": 0.0403982810676, "max": 0.428637236357, "var": 0.00497178034857, "mean": 0.101417325437}, "spectral_contrast_valleys": {"dmean2": [0.767198324203, 0.69035089016, 0.561594545841, 0.495145916939, 0.509898900986, 0.337208509445], "median": [-7.07824802399, -7.02155303955, -7.37042713165, -7.38649177551, -7.53809738159, -11.5749807358], "min": [-27.9396057129, -28.0966949463, -27.609003067, -27.6226291656, -27.5351047516, -27.3511047363], "dvar2": [0.407488316298, 0.377754837275, 0.259870231152, 0.238545998931, 0.320173740387, 0.191100075841], "dvar": [0.194079056382, 0.17517092824, 0.143228262663, 0.141076788306, 0.172443121672, 0.119069695473], "dmean": [0.480050057173, 0.417757749557, 0.356019765139, 0.32483586669, 0.33030807972, 0.246204212308], "max": [-5.10971498489, -4.87579154968, -5.57391166687, -5.74073886871, -5.52993154526, -8.70753765106], "var": [5.43288993835, 4.90807199478, 4.33686637878, 4.16511106491, 4.02240991592, 3.10190081596], "mean": [-7.60848760605, -7.52393817902, -7.77094173431, -7.72981262207, -7.78179264069, -11.3187541962]}, "erbbands_flatness_db": {"dmean2": 0.0247200280428, "median": 0.18432149291, "min": 0.090180426836, "dvar2": 0.000518768560141, "dvar": 0.000216066837311, "dmean": 0.0155633920804, "max": 0.32412609458, "var": 0.00127933127806, "mean": 0.185426369309}, "spectral_energyband_high": {"dmean2": 0.000450968305813, "median": 0.000132687622681, "min": 7.22283448006e-21, "dvar2": 1.19377352803e-06, "dvar": 4.40236220811e-07, "dmean": 0.000295241887216, "max": 0.0131760472432, "var": 1.0357790643e-06, "mean": 0.000590063922573}, "spectral_entropy": {"dmean2": 0.330665290356, "median": 7.49571704865, "min": 5.46302843094, "dvar2": 0.114902622998, "dvar": 0.0484649054706, "dmean": 0.208345085382, "max": 9.81108665466, "var": 0.266126215458, "mean": 7.45071125031}, "silence_rate_20dB": {"dmean2": 0, "median": 1, "min": 1, "dvar2": 0, "dvar": 0, "dmean": 0, "max": 1, "var": 0, "mean": 1}, "melbands_flatness_db": {"dmean2": 0.0640777722001, "median": 0.273799240589, "min": 0.00382566591725, "dvar2": 0.00329104950652, "dvar": 0.00138718914241, "dmean": 0.0406109839678, "max": 0.56248909235, "var": 0.0108556495979, "mean": 0.266450852156}, "barkbands": {"dmean2": [4.93032493978e-05, 0.0114741511643, 0.0235920809209, 0.00876542646438, 0.00458800233901, 0.000533923623152, 0.000453832413768, 0.000452721316833, 0.00100719125476, 0.000559101579711, 0.000257189123658, 0.000343075749697, 0.000326761248289, 0.000327750545694, 0.000485853583086, 0.00043617625488, 0.000282820954453, 0.000235925937886, 0.000184938675375, 0.000232495338423, 0.000192127103219, 0.000163527642144, 5.15198917128e-05, 1.30802172862e-05, 3.43710439665e-06, 3.48460844179e-07, 2.48572451511e-08], "median": [1.38771838465e-06, 0.0027486202307, 0.0116038974375, 0.00275756698102, 0.00227449997328, 0.000224933843128, 0.000120513548609, 9.88776591839e-05, 0.000212370883673, 9.66058796621e-05, 0.000100813835161, 0.000143942947034, 0.000119477655971, 0.000116908617201, 0.000164576951647, 0.000172305532033, 7.12161927368e-05, 9.02228639461e-05, 8.36848848849e-05, 7.31670443201e-05, 4.95187159686e-05, 3.58270044671e-05, 7.40258701626e-06, 1.40676729643e-06, 3.02394369101e-07, 5.81483767803e-08, 5.43735900749e-09], "min": [1.74919926642e-24, 5.50650076507e-24, 1.79076060043e-24, 2.66122344705e-24, 8.07851627109e-24, 1.60034507903e-23, 1.3073628488e-23, 1.1992162507e-23, 2.32730738223e-23, 2.05387304635e-23, 2.41128762093e-23, 3.96763272079e-23, 3.89363504353e-23, 6.03795651469e-23, 7.89390704205e-23, 7.11450173918e-23, 8.45350729773e-23, 1.50941693212e-22, 1.43538694312e-22, 1.48279470673e-22, 3.32204145152e-22, 3.48703555949e-22, 4.1495764835e-22, 7.5095958447e-22, 9.52352365693e-22, 1.5022194662e-21, 1.95136652288e-21], "dvar2": [1.48157095481e-08, 0.000535894418135, 0.00141440809239, 0.000165584948263, 4.12529479945e-05, 1.75292109361e-06, 1.78380980742e-06, 1.17736572065e-05, 2.76211758319e-05, 1.27775483634e-05, 5.52494213935e-07, 1.91357071344e-06, 1.58471004852e-06, 5.37579637694e-07, 1.23091024307e-06, 6.7929869374e-07, 4.89181957164e-07, 2.49748325132e-07, 1.25943742546e-07, 2.36245526253e-07, 1.69267252659e-07, 2.33463978816e-07, 1.46289762526e-08, 1.16387521842e-09, 1.09067518905e-10, 2.08231435567e-12, 1.5936144277e-13], "dvar": [6.0118390266e-09, 0.000201453556656, 0.000475852488307, 5.99928753218e-05, 1.4783208826e-05, 9.25599181301e-07, 9.36297169574e-07, 6.21694198344e-06, 1.32066543301e-05, 6.18989270151e-06, 3.00966433997e-07, 8.70564349498e-07, 7.48953880247e-07, 2.17792546664e-07, 4.89722879138e-07, 2.85540096456e-07, 1.82287209327e-07, 1.00184692542e-07, 5.22156611282e-08, 8.83649988737e-08, 6.20909759164e-08, 8.58704041207e-08, 6.55267706762e-09, 5.39700006907e-10, 5.43244824125e-11, 8.1333420901e-13, 5.39741489621e-14], "dmean": [2.9139664548e-05, 0.00665929494426, 0.0136711187661, 0.0050562210381, 0.00263274996541, 0.000335096468916, 0.000266399671091, 0.000310667994199, 0.000661214871798, 0.000383772188798, 0.000172357569681, 0.000222751608817, 0.000200922804652, 0.00019983376842, 0.000301651714835, 0.000271780387266, 0.000170715880813, 0.000144082325278, 0.000113548063382, 0.000140404590638, 0.000118603828014, 0.000106445353595, 3.45405496773e-05, 8.70071471581e-06, 2.40035342358e-06, 2.27337935144e-07, 1.35544526714e-08], "max": [0.00061392725911, 0.108385249972, 0.220004349947, 0.0826292186975, 0.0447769239545, 0.0291138663888, 0.0468549728394, 0.104608461261, 0.121732272208, 0.0735324472189, 0.0201520659029, 0.0281609799713, 0.0377911739051, 0.00952826347202, 0.0116546489298, 0.00903341453522, 0.00795280653983, 0.00695605156943, 0.005936013069, 0.00497328443453, 0.00389654003084, 0.00750709557906, 0.00223857304081, 0.000611723808106, 0.000188161036931, 1.75980112544e-05, 7.74265936343e-06], "var": [4.8102299921e-09, 0.000168824684806, 0.000572618155275, 7.45097422623e-05, 1.62482210726e-05, 2.20040715249e-06, 2.13228645407e-06, 2.24711147894e-05, 2.32297315961e-05, 1.27152497953e-05, 7.02569309396e-07, 1.25726273836e-06, 1.54018187004e-06, 3.78827138547e-07, 8.51225934184e-07, 6.08681602898e-07, 2.42969690589e-07, 1.97995461804e-07, 9.92329276528e-08, 1.86553776871e-07, 1.09248055935e-07, 1.59224924801e-07, 2.66008868266e-08, 2.3490183132e-09, 1.85870027702e-10, 1.28813886641e-12, 2.83740011467e-14], "mean": [2.20879319386e-05, 0.00719127152115, 0.0197073351592, 0.00623859418556, 0.00345401465893, 0.000538100954145, 0.000314912438625, 0.000579754763748, 0.00104797945824, 0.000544654089026, 0.00027123655309, 0.000335763994372, 0.000313455413561, 0.000320415419992, 0.000483211159008, 0.000461880175862, 0.000242163601797, 0.000240225461312, 0.00018563606136, 0.000238296430325, 0.000192366947886, 0.000197621673578, 7.29843595764e-05, 2.02972278203e-05, 5.19699506185e-06, 3.89303380643e-07, 1.3427112755e-08]}, "erbbands_skewness": {"dmean2": 0.722578465939, "median": -0.0720829963684, "min": -2.88924598694, "dvar2": 0.481095284224, "dvar": 0.198420986533, "dmean": 0.458764970303, "max": 4.88881826401, "var": 0.830968022346, "mean": -0.00628199800849}, "erbbands_spread": {"dmean2": 17.2580852509, "median": 48.0994415283, "min": 3.91290616989, "dvar2": 244.87197876, "dvar": 112.391548157, "dmean": 11.1785135269, "max": 138.544677734, "var": 653.63079834, "mean": 51.3893280029}, "melbands_kurtosis": {"dmean2": 45.3795700073, "median": 28.5580787659, "min": -1.75093984604, "dvar2": 4525.50439453, "dvar": 1741.54187012, "dmean": 28.3042240143, "max": 731.444396973, "var": 5594.96679688, "mean": 54.000377655}, "melbands": {"dmean2": [0.0023674631957, 0.00880565773696, 0.00495796604082, 0.00125128426589, 0.000160447263625, 0.00010559680959, 9.01948442333e-05, 7.19609379303e-05, 0.000111338755232, 0.00015625783999, 0.000108156869828, 4.60671908513e-05, 3.56859600288e-05, 3.64226034435e-05, 3.96850264224e-05, 2.7679170671e-05, 2.8488730095e-05, 2.99250405078e-05, 4.23903184128e-05, 3.39435973729e-05, 2.47244024649e-05, 1.78697009687e-05, 1.27088942463e-05, 1.23284062283e-05, 8.4442217485e-06, 7.30630790713e-06, 8.66732807481e-06, 7.54706479711e-06, 5.46957744518e-06, 4.76206287203e-06, 4.4736198106e-06, 3.92167521568e-06, 3.18648494613e-06, 1.52882103066e-06, 8.90094668193e-07, 4.29867185403e-07, 2.20609280177e-07, 1.72874976556e-07, 8.85717383881e-08, 4.60728131202e-08], "median": [0.000437226495706, 0.00461461441591, 0.0024928166531, 0.000635452975985, 9.85349615803e-05, 3.91127396142e-05, 2.63139390881e-05, 2.21430855163e-05, 2.22379294428e-05, 3.17556186928e-05, 1.86606412171e-05, 1.14754948299e-05, 1.59077935677e-05, 1.73539447132e-05, 1.45911308209e-05, 1.11600948003e-05, 9.86934173852e-06, 1.14396989375e-05, 1.31786528073e-05, 1.33306930366e-05, 8.20081186248e-06, 4.21962386099e-06, 3.84715804103e-06, 4.24137851951e-06, 3.61191177944e-06, 2.86869362753e-06, 2.95708923659e-06, 1.87510727301e-06, 1.26135273604e-06, 1.12926750262e-06, 1.03518016203e-06, 8.61774481109e-07, 5.15587771588e-07, 2.4543589916e-07, 1.06290343638e-07, 4.37986003021e-08, 2.09574899657e-08, 1.29716291042e-08, 7.35636751514e-09, 3.37594530109e-09], "min": [1.75903636191e-24, 2.15379951661e-24, 1.37162243262e-24, 1.03426330549e-24, 2.61727561159e-24, 2.87009567096e-24, 2.71241085626e-24, 2.16879832621e-24, 2.02044829982e-24, 4.45814761495e-24, 4.48907214573e-24, 3.02580399466e-24, 4.8471917253e-24, 4.80358546661e-24, 2.47752633844e-24, 3.42365711752e-24, 4.62373188554e-24, 4.13211810814e-24, 5.1515571395e-24, 4.61311026788e-24, 4.2204105761e-24, 3.69888043216e-24, 4.97553584471e-24, 7.56559259963e-24, 6.57037672565e-24, 4.33247812845e-24, 4.92681776735e-24, 4.13592791188e-24, 6.62333059164e-24, 6.18243938715e-24, 5.90134813067e-24, 6.40883694493e-24, 6.82402390567e-24, 5.69003635442e-24, 6.49218996032e-24, 7.9105993388e-24, 7.72574635174e-24, 7.39253150538e-24, 6.7546246564e-24, 6.33474042339e-24], "dvar2": [2.68899311777e-05, 0.000199052548851, 4.86198005092e-05, 3.13569830723e-06, 5.60719541909e-08, 8.66559659585e-08, 5.66291014081e-08, 1.09375989155e-07, 5.5873618976e-07, 8.94118386441e-07, 3.57593961553e-07, 1.03987680689e-07, 1.11206803766e-08, 1.34852129463e-08, 3.3961899959e-08, 6.48373621459e-09, 3.88039200772e-09, 3.22626303451e-09, 1.02373496347e-08, 4.64915217435e-09, 2.84779932969e-09, 2.20214335656e-09, 8.07575561979e-10, 9.6604957367e-10, 2.23491600226e-10, 2.00630012603e-10, 3.39533