{"tonal": {"thpcp": [1, 0.479408353567, 0.111698433757, 0.066528223455, 0.0757833346725, 0.263057142496, 0.395553171635, 0.236249417067, 0.103292800486, 0.0798512846231, 0.0697934031487, 0.18372836709, 0.304987996817, 0.286310583353, 0.568872630596, 0.840370416641, 0.4735930264, 0.110958889127, 0.0646450594068, 0.121696561575, 0.380424201488, 0.525387167931, 0.364360868931, 0.254177212715, 0.169824466109, 0.143069878221, 0.504165291786, 0.700482368469, 0.425579428673, 0.442446649075, 0.530843675137, 0.278313100338, 0.121664308012, 0.130723804235, 0.228473842144, 0.750799059868], "hpcp": {"dmean2": [0.203392729163, 0.18816152215, 0.086177662015, 0.0495204180479, 0.0618385970592, 0.111567430198, 0.128649488091, 0.106242753565, 0.0678639560938, 0.0478791929781, 0.0564852170646, 0.104460909963, 0.140853837132, 0.17421528697, 0.212735116482, 0.196182772517, 0.191817596555, 0.106618359685, 0.0695064738393, 0.109761148691, 0.175861567259, 0.172498077154, 0.188612222672, 0.155824303627, 0.106021590531, 0.121061630547, 0.211457073689, 0.196794122458, 0.208315700293, 0.1888820678, 0.137215718627, 0.129520356655, 0.0974975526333, 0.0980199053884, 0.145765170455, 0.206848695874], "median": [0.182992398739, 0.0828681886196, 0.00611894298345, 0.00267141568474, 0.00412054499611, 0.0163291096687, 0.0253642760217, 0.0161594059318, 0.00449246820062, 0.00236302381381, 0.00242532743141, 0.013005329296, 0.0219081528485, 0.0256914161146, 0.0813153088093, 0.106928363442, 0.0507527701557, 0.00489054247737, 0.00207889685407, 0.00377886043862, 0.0206916891038, 0.0336125604808, 0.0267904680222, 0.00703554134816, 0.00368882063776, 0.00734531320632, 0.04323329404, 0.0607057362795, 0.0459290705621, 0.0173569954932, 0.00987856276333, 0.00606386782601, 0.00588175375015, 0.00559376459569, 0.0173928290606, 0.124222464859], "min": [0, 0, 0, 0, 0, 0, 0, 0, 0, 0, 0, 0, 0, 0, 0, 0, 0, 0, 0, 0, 0, 0, 0, 0, 0, 0, 0, 0, 0, 0, 0, 0, 0, 0, 0, 0], "dvar2": [0.0852113068104, 0.0849951058626, 0.0443558432162, 0.0263551753014, 0.0304357744753, 0.0526626296341, 0.0572916641831, 0.054280821234, 0.0378319062293, 0.0297084432095, 0.0279276557267, 0.0535386390984, 0.0772541686893, 0.0965298488736, 0.0998101085424, 0.0926612094045, 0.096577629447, 0.0620902106166, 0.0477784276009, 0.0736408978701, 0.108833029866, 0.0929601937532, 0.115070313215, 0.10906162113, 0.0641384199262, 0.0713280588388, 0.119056738913, 0.103093802929, 0.103277273476, 0.108776114881, 0.0750094652176, 0.0679393187165, 0.0555542446673, 0.0521018393338, 0.0715074539185, 0.0911560878158], "dvar": [0.0353063866496, 0.0303462836891, 0.0155360046774, 0.00923687033355, 0.0109195401892, 0.0202024802566, 0.0238664839417, 0.0196700934321, 0.0138057935983, 0.0108751039952, 0.0104265948758, 0.0193557217717, 0.0290911626071, 0.0346916019917, 0.0362907126546, 0.0388361290097, 0.0351962596178, 0.0211297553033, 0.0159844532609, 0.0252454597503, 0.0408708713949, 0.0398341231048, 0.041254684329, 0.0395973213017, 0.023414587602, 0.0253246966749, 0.0436802469194, 0.0435621701181, 0.0378174073994, 0.0401171632111, 0.030655734241, 0.0245689284056, 0.0190005991608, 0.018728043884, 0.0257699117064, 0.034983355552], "dmean": [0.12444614619, 0.110616140068, 0.0474466495216, 0.0272270608693, 0.0344993807375, 0.0671743229032, 0.0790571197867, 0.0635508820415, 0.0374273024499, 0.0265813563019, 0.0309471767396, 0.0599108338356, 0.0821951553226, 0.0992628931999, 0.122915610671, 0.117604911327, 0.110198825598, 0.0568792410195, 0.0365131683648, 0.0599280931056, 0.102081917226, 0.101333670318, 0.107767097652, 0.0845966339111, 0.057875726372, 0.0657695606351, 0.12388407439, 0.118036426604, 0.121129617095, 0.107945911586, 0.0798717588186, 0.0738186910748, 0.053446855396, 0.0544476285577, 0.0816374868155, 0.124648913741], "max": [1, 1, 1, 1, 1, 1, 1, 1, 1, 1, 1, 1, 1, 1, 1, 1, 1, 1, 1, 1, 1, 1, 1, 1, 1, 1, 1, 1, 1, 1, 1, 1, 1, 1, 1, 1], "var": [0.140583261847, 0.0466651432216, 0.0122373122722, 0.00724912015721, 0.00774708529934, 0.0303646828979, 0.0599317103624, 0.0275669284165, 0.0152770755813, 0.0153370117769, 0.00851032324135, 0.0196012891829, 0.0424902960658, 0.0359876789153, 0.0640011280775, 0.132279783487, 0.0551712065935, 0.0134456334636, 0.00895069073886, 0.016845555976, 0.0584289468825, 0.0908524096012, 0.0483119077981, 0.0475694984198, 0.0254563447088, 0.0182461179793, 0.0721964836121, 0.121404103935, 0.0508883781731, 0.0724290534854, 0.113176614046, 0.0381110534072, 0.0134706031531, 0.0156358107924, 0.0248656254262, 0.0960431843996], "mean": [0.356467396021, 0.170893445611, 0.0398168489337, 0.0237151421607, 0.0270142890513, 0.0937712937593, 0.141001805663, 0.0842152163386, 0.0368205159903, 0.0284643806517, 0.0248790718615, 0.0654931738973, 0.108718276024, 0.102060385048, 0.20278455317, 0.299564659595, 0.168820470572, 0.0395532250404, 0.0230438560247, 0.043380856514, 0.135608822107, 0.187283396721, 0.129882767797, 0.090605892241, 0.0605368837714, 0.0509997457266, 0.179718479514, 0.249699130654, 0.151705190539, 0.157717809081, 0.189228460193, 0.0992095470428, 0.0433693602681, 0.0465987734497, 0.0814434736967, 0.267635375261]}, "tuning_equal_tempered_deviation": 0.0410830155015, "chords_changes_rate": 0.0388492234051, "key_key": "D", "tuning_diatonic_strength": 0.679196953773, "key_scale": "major", "chords_number_rate": 0.00209995801561, "tuning_frequency": 441.272583008, "tuning_nontempered_energy_ratio": 0.659564375877, "chords_histogram": [44.3721122742, 10.1637964249, 18.2696342468, 1.4489710331, 0.209995806217, 0, 0, 0, 1.5539689064, 0, 0.0419991612434, 0, 0, 0, 0, 0, 0, 1.82696342468, 0.0209995806217, 0.398992031813, 1.5539689064, 3.12893748283, 8.58882808685, 8.4208316803], "key_strength": 0.881988346577, "chords_key": "D", "chords_strength": {"dmean2": 0.00840578041971, "median": 0.550585746765, "min": -1, "dvar2": 0.00101673428435, "dvar": 0.000508781173266, "dmean": 0.00927720591426, "max": 0.775286912918, "var": 0.0146538419649, "mean": 0.544651865959}, "chords_scale": "major", "hpcp_entropy": {"dmean2": 0.916881203651, "median": 1.7066334486, "min": 0, "dvar2": 0.625451683998, "dvar": 0.231435880065, "dmean": 0.548167765141, "max": 4.10315418243, "var": 0.499306023121, "mean": 1.68307173252}}, "metadata": {"audio_properties": {"equal_loudness": 0, "codec": "mp3", "downmix": "mix", "sample_rate": 44100, "analysis_sample_rate": 44100, "bit_rate": 320038, "md5_encoded": "7f0397e08a7f0b46a5537c9b58aac9f4", "length": 221.074279785, "replay_gain": -16.1751747131, "lossless": false}, "version": {"essentia_build_sha": "70f2e5ece6736b2c40cc944ad0e695b16b925413", "essentia": "2.1-beta2", "extractor": "music 1.0", "essentia_git_sha": "v2.1_beta2"}, "tags": {"title": ["Here For You"], "albumartist": ["Chris de Burgh"], "artist": ["Chris de Burgh"], "file_name": "2154288.mp3", "album": ["The Road To Freedom"], "musicbrainz_recordingid": ["0395f1ca-0391-4ba0-a2e1-d79d484e27d4"]}}, "rhythm": {"bpm_histogram_first_peak_bpm": {"dmean2": 0, "median": 133, "min": 133, "dvar2": 0, "dvar": 0, "dmean": 0, "max": 133, "var": 0, "mean": 133}, "bpm": 133.874252319, "bpm_histogram_second_peak_spread": {"dmean2": 0, "median": 0.65625, "min": 0.65625, "dvar2": 0, "dvar": 0, "dmean": 0, "max": 0.65625, "var": 0, "mean": 0.65625}, "bpm_histogram_first_peak_weight": {"dmean2": 0, "median": 0.383795320988, "min": 0.383795320988, "dvar2": 0, "dvar": 0, "dmean": 0, "max": 0.383795320988, "var": 0, "mean": 0.383795320988}, "onset_rate": 2.17107343674, "beats_position": [0.615328788757, 1.20743763447, 1.79954648018, 2.38004541397, 2.97215414047, 3.55265307426, 4.14476203918, 4.73687076569, 5.32897949219, 5.92108821869, 6.48997735977, 7.08208608627, 7.66258478165, 8.25469398499, 8.84680271149, 9.4040813446, 9.98458003998, 10.4954195023, 11.0062580109, 11.5170974731, 12.0395460129, 12.5619955063, 13.1076641083, 13.572063446, 14.0480718613, 14.5356912613, 15.0117006302, 15.4993190765, 15.9869384766, 16.4745578766, 16.9621772766, 17.4614048004, 17.9606342316, 18.4598636627, 18.9474830627, 19.4467124939, 19.9227199554, 20.3987293243, 20.8863487244, 21.3739681244, 21.8731975555, 22.430475235, 22.9877548218, 23.5334243774, 24.0790920258, 24.6363716125, 25.1936511993, 25.7277088165, 26.2733783722, 26.7958278656, 27.3182754517, 27.8407249451, 28.3399543762, 28.8391838074, 29.3384113312, 29.8028106689, 30.2672100067, 30.7199993134, 31.1611785889, 31.6023578644, 32.0319252014, 32.4731063843, 32.9142837524, 33.3554649353, 33.8082542419, 34.2610435486, 34.7138328552, 35.1782302856, 35.6310195923, 36.0722007751, 36.5133781433, 36.9545555115, 37.3957366943, 37.8369140625, 38.2780952454, 38.730884552, 39.1720619202, 39.6248512268, 40.0892524719, 40.5420417786, 40.9832191467, 41.4360084534, 41.9468460083, 42.4460754395, 42.9569168091, 43.4793624878, 44.0018119812, 44.5823135376, 45.1511993408, 45.7200889587, 46.2889785767, 46.8578681946, 47.4267578125, 48.0072555542, 48.5761451721, 49.1566429138, 49.7371406555, 50.3176422119, 50.8981399536, 51.4786376953, 52.0126991272, 52.5235366821, 53.0343742371, 53.4987754822, 53.9515647888, 54.4043540955, 54.8571434021, 55.2983207703, 55.7395019531, 56.1922874451, 56.6450767517, 57.1094779968, 57.5622673035, 58.0034446716, 58.4446258545, 58.8858032227, 59.315372467, 59.8494338989, 60.3718795776, 60.9059410095, 61.4399986267, 61.9740562439, 62.438457489, 62.8912467957, 63.3440361023, 63.8084335327, 64.2612228394, 64.714012146, 65.1668014526, 65.6195907593, 66.0607681274, 66.5019454956, 66.9431304932, 67.3959197998, 67.8487091064, 68.2898864746, 68.7426757812, 69.1838531494, 69.6250305176, 70.0778198242, 70.5306091309, 70.9833984375, 71.4245758057, 71.8657608032, 72.3069381714, 72.7481155396, 73.1892929077, 73.6304779053, 74.0832672119, 74.4780044556, 74.8727416992, 75.2674789429, 75.673828125, 76.068572998, 76.4633102417, 76.8580474854, 77.2643966675, 77.6707458496, 78.0770950317, 78.4834442139, 78.831741333, 79.1800460815, 79.5399551392, 79.8998641968, 80.2481613159, 80.5964584351, 80.9447631836, 81.2930603027, 81.6529693604, 82.0012664795, 82.349571228, 82.6978683472, 83.0577774048, 83.5105667114, 83.9633560181, 84.4161453247, 84.8805389404, 85.3333282471, 85.7861175537, 86.2156906128, 86.656867981, 87.08644104, 87.5392303467, 87.9920196533, 88.44480896, 88.8859863281, 89.3387756348, 89.7915649414, 90.2327423096, 90.6739196777, 91.1150970459, 91.5678863525, 92.0206756592, 92.4734649658, 92.9262542725, 93.3790435791, 93.8202285767, 94.2614059448, 94.7141952515, 95.1553726196, 95.6081619263, 96.0609512329, 96.5021286011, 96.9549179077, 97.3960952759, 97.8488845825, 98.2900695801, 98.7428588867, 99.1956481934, 99.6368255615, 100.07800293, 100.530792236, 100.983581543, 101.424758911, 101.865936279, 102.318725586, 102.771514893, 103.224304199, 103.677093506, 104.118278503, 104.571060181, 105.023849487, 105.465034485, 105.917823792, 106.35900116, 106.800178528, 107.252967834, 107.694145203, 108.1353302, 108.576507568, 109.040908813, 109.493690491, 109.946479797, 110.387664795, 110.828842163, 111.28163147, 111.734420776, 112.175598145, 112.616775513, 113.069564819, 113.522354126, 113.975143433, 114.427932739, 114.869110107, 115.310295105, 115.751472473, 116.192649841, 116.645439148, 117.098228455, 117.551017761, 118.003807068, 118.456596375, 118.909385681, 119.350563049, 119.791740417, 120.232925415, 120.674102783, 121.12689209, 121.579681396, 122.044082642, 122.48526001, 122.926437378, 123.367614746, 123.808792114, 124.261581421, 124.702766418, 125.155555725, 125.596733093, 126.037910461, 126.490699768, 126.943489075, 127.396278381, 127.849067688, 128.290252686, 128.731430054, 129.18421936, 129.637008667, 130.078186035, 130.530975342, 130.983764648, 131.436553955, 131.889343262, 132.33052063, 132.771697998, 133.224487305, 133.677276611, 134.118453979, 134.571243286, 135.024032593, 135.465209961, 135.906387329, 136.347564697, 136.800354004, 137.253143311, 137.694335938, 138.147125244, 138.599899292, 139.041091919, 139.482269287, 139.923446655, 140.376235962, 140.829025269, 141.281814575, 141.734603882, 142.17578125, 142.628570557, 143.081359863, 143.522537231, 143.9637146, 144.416503906, 144.869293213, 145.310470581, 145.763259888, 146.216049194, 146.657226562, 147.110015869, 147.562805176, 148.003982544, 148.445159912, 148.886352539, 149.339141846, 149.791931152, 150.233108521, 150.674285889, 151.127075195, 151.579864502, 152.02104187, 152.462219238, 152.903396606, 153.356185913, 153.80897522, 154.261764526, 154.714553833, 155.155731201, 155.608520508, 156.049697876, 156.502487183, 156.955276489, 157.408065796, 157.849243164, 158.302032471, 158.743209839, 159.195999146, 159.637191772, 160.078369141, 160.542770386, 160.983947754, 161.425125122, 161.877914429, 162.330703735, 162.771881104, 163.22467041, 163.677459717, 164.118637085, 164.559814453, 165.000991821, 165.453781128, 165.894958496, 166.347747803, 166.800537109, 167.253326416, 167.706115723, 168.147293091, 168.588470459, 169.041259766, 169.494049072, 169.946838379, 170.388031006, 170.840820312, 171.281997681, 171.734786987, 172.187576294, 172.640365601, 173.081542969, 173.522720337, 173.975509644, 174.42829895, 174.869476318, 175.310653687, 175.763442993, 176.2162323, 176.657409668, 177.098587036, 177.551376343, 178.004165649, 178.445343018, 178.886520386, 179.339309692, 179.792098999, 180.233291626, 180.674468994, 181.127258301, 181.580047607, 182.032836914, 182.485626221, 182.926803589, 183.367980957, 183.820770264, 184.27355957, 184.726348877, 185.179138184, 185.620315552, 186.06149292, 186.514282227, 186.955459595, 187.408248901, 187.84942627, 188.302215576, 188.743392944, 189.196182251, 189.637359619, 190.090148926, 190.542938232, 190.984130859, 191.425308228, 191.878097534, 192.330886841, 192.772064209, 193.213241577, 193.666030884, 194.11882019, 194.571609497, 195.024398804, 195.465576172, 195.90675354, 196.359542847, 196.812332153, 197.253509521, 197.69468689, 198.147476196, 198.600265503, 199.041442871, 199.482620239, 199.935409546, 200.388198853, 200.840988159, 201.293777466, 201.734954834, 202.176147461, 202.628936768, 203.081726074, 203.534515381, 203.987304688, 204.440093994, 204.892883301, 205.403717041, 205.914550781, 206.42539978, 207.040725708, 207.667663574, 208.282989502, 208.909927368, 209.525253296, 210.140579224, 210.744308472, 211.359634399, 211.974960327, 212.590286255, 213.205612183, 213.809341431, 214.41305542, 215.016769409, 215.678543091, 216.340316772, 217.002075195, 217.663848877, 218.31401062, 218.975784302, 219.637542725, 220.310928345], "beats_loudness": {"dmean2": 0.0247033704072, "median": 0.0314476042986, "min": 7.47270245682e-10, "dvar2": 0.000486484990688, "dvar": 0.00017516715161, "dmean": 0.0149157037959, "max": 0.11515955627, "var": 0.000442435761215, "mean": 0.032264906913}, "danceability": 0.98218780756, "bpm_histogram_second_peak_weight": {"dmean2": 0, "median": 0.0234541576356, "min": 0.0234541576356, "dvar2": 0, "dvar": 0, "dmean": 0, "max": 0.0234541576356, "var": 0, "mean": 0.0234541576356}, "beats_count": 470, "bpm_histogram_second_peak_bpm": {"dmean2": 0, "median": 103, "min": 103, "dvar2": 0, "dvar": 0, "dmean": 0, "max": 103, "var": 0, "mean": 103}, "bpm_histogram_first_peak_spread": {"dmean2": 0, "median": 0.465875327587, "min": 0.465875327587, "dvar2": 0, "dvar": 0, "dmean": 0, "max": 0.465875327587, "var": 0, "mean": 0.465875327587}, "beats_loudness_band_ratio": {"dmean2": [0.3110922575, 0.298906207085, 0.196636468172, 0.115614548326, 0.0507811307907, 0.0981202274561], "median": [0.434673547745, 0.242978796363, 0.127835959196, 0.0449194312096, 0.0173473544419, 0.00855345465243], "min": [0.00260028289631, 0.000372024544049, 4.63459873572e-05, 5.13978056915e-06, 6.05374998486e-06, 1.57186841534e-05], "dvar2": [0.0572506189346, 0.0602495148778, 0.0356915220618, 0.0192741453648, 0.00595670985058, 0.045630376786], "dvar": [0.0221480242908, 0.0216448213905, 0.0133922919631, 0.00802018214017, 0.00212183268741, 0.0162649601698], "dmean": [0.190328136086, 0.172696813941, 0.114044487476, 0.069158166647, 0.0290193632245, 0.0509036593139], "max": [0.997339844704, 0.945950806141, 0.84667891264, 0.682236194611, 0.348065108061, 0.991536140442], "var": [0.0556276366115, 0.0359979681671, 0.017685437575, 0.013457885012, 0.00236463779584, 0.0122734960169], "mean": [0.458412885666, 0.286282628775, 0.159823670983, 0.0920764058828, 0.0333123207092, 0.036992598325]}}, "lowlevel": {"barkbands_spread": {"dmean2": 4.60795688629, "median": 9.23886299133, "min": 0.410237431526, "dvar2": 91.2484359741, "dvar": 46.9721183777, "dmean": 3.05227613449, "max": 121.344497681, "var": 142.520843506, "mean": 12.2461967468}, "melbands_spread": {"dmean2": 5.09844779968, "median": 9.38198566437, "min": 0.0837517082691, "dvar2": 157.329360962, "dvar": 85.979133606, "dmean": 3.36100506783, "max": 234.210784912, "var": 439.035369873, "mean": 14.3764476776}, "hfc": {"dmean2": 4.73924922943, "median": 9.59863853455, "min": 1.12579519596e-16, "dvar2": 82.7972717285, "dvar": 41.3603401184, "dmean": 3.34504103661, "max": 165.476638794, "var": 251.697723389, "mean": 15.0148353577}, "barkbands_kurtosis": {"dmean2": 5.56389379501, "median": 6.0177731514, "min": -1.92740130424, "dvar2": 98.3387451172, "dvar": 51.7559814453, "dmean": 3.67322731018, "max": 550.327148438, "var": 678.486755371, "mean": 11.24305439}, "gfcc": {"mean": [-50.5701446533, 115.590057373, -84.7432556152, 9.56512641907, -51.9752044678, 7.82992601395, -41.5966491699, 2.76317954063, -24.2287483215, -2.63458418846, -15.6653690338, -1.16900086403, -13.3002319336], "icov": [[0.000216321597691, -0.00024908137857, 0.00059773150133, -0.000477997295093, 0.000521590933204, -0.000792850041762, 0.00068780494621, -0.000728201877791, 0.000613701820839, -0.000728914514184, 0.000529125740286, -0.000609853537753, 0.000216915475903], [-0.00024908137857, 0.00124359235633, -0.000551455537789, 0.00084967649309, -0.00112076150253, 0.00161444710102, -0.000833174737636, 0.000951736350544, -0.000813885824755, 0.00188819842879, -0.00169160531368, 0.00139130814932, -0.000662636419293], [0.00059773150133, -0.000551455537789, 0.00302068679594, -0.00151875743177, 0.00135830696672, -0.00235855183564, 0.00182619097177, -0.00130589341279, 0.00153027952183, -0.00181880383752, 0.000891241361387, -0.00141836807597, 0.000317945494317], [-0.000477997295093, 0.00084967649309, -0.00151875743177, 0.00481591094285, -0.00162068707868, 0.00139959366061, -0.00135049247183, 0.00197945442051, -0.00290232733823, 0.000141279655509, -0.000989267602563, 0.00162970670499, -0.00288271857426], [0.000521590933204, -0.00112076150253, 0.00135830696672, -0.00162068707868, 0.00593081023544, -0.00218461733311, 0.000322339328704, -0.00272489362396, -0.000767625111621, -0.00174651388079, -0.000246448325925, -0.000863366469275, -0.000351509457687], [-0.000792850041762, 0.00161444710102, -0.00235855183564, 0.00139959366061, -0.00218461733311, 0.00967735052109, -0.00402560317889, 0.000416438473621, -0.000271528842859, 0.00117351638619, -0.00185079150833, 0.000730941421352, -0.000180960996659], [0.00068780494621, -0.000833174737636, 0.00182619097177, -0.00135049247183, 0.000322339328704, -0.00402560317889, 0.00853088963777, -0.00382666708902, 0.00300705083646, -0.00195903819986, -0.000818917469587, -0.00177185062785, 4.99453308294e-05], [-0.000728201877791, 0.000951736350544, -0.00130589341279, 0.00197945442051, -0.00272489362396, 0.000416438473621, -0.00382666708902, 0.0138610862195, -0.00356139848009, -1.52227612489e-05, -0.0017541841371, 0.00124200328719, -0.000395338778617], [0.000613701820839, -0.000813885824755, 0.00153027952183, -0.00290232733823, -0.000767625111621, -0.000271528842859, 0.00300705083646, -0.00356139848009, 0.0131574962288, -0.0053495997563, 0.003773070639, -0.00324788503349, -0.000761516508646], [-0.000728914514184, 0.00188819842879, -0.00181880383752, 0.000141279655509, -0.00174651388079, 0.00117351638619, -0.00195903819986, -1.52227612489e-05, -0.0053495997563, 0.01903292723, -0.00683150999248, 0.00153449364007, 0.000360445119441], [0.000529125740286, -0.00169160531368, 0.000891241361387, -0.000989267602563, -0.000246448325925, -0.00185079150833, -0.000818917469587, -0.0017541841371, 0.003773070639, -0.00683150999248, 0.0166317075491, -0.00399398850277, 6.23752930551e-05], [-0.000609853537753, 0.00139130814932, -0.00141836807597, 0.00162970670499, -0.000863366469275, 0.000730941421352, -0.00177185062785, 0.00124200328719, -0.00324788503349, 0.00153449364007, -0.00399398850277, 0.0161667931825, -0.0051114843227], [0.000216915475903, -0.000662636419293, 0.000317945494317, -0.00288271857426, -0.000351509457687, -0.000180960996659, 4.99453308294e-05, -0.000395338778617, -0.000761516508646, 0.000360445119441, 6.23752930551e-05, -0.0051114843227, 0.016111953184]], "cov": [[23748.5566406, -832.93170166, -2424.55761719, 413.847106934, -868.460693359, 871.284240723, -503.397918701, 549.619384766, -247.435043335, 379.850830078, -276.119171143, 331.660552979, -140.113006592], [-832.93170166, 1758.23962402, -101.159187317, -179.022613525, 193.784912109, -262.218231201, 22.9381351471, -77.3348617554, -6.47448778152, -141.791595459, 85.3052139282, -102.449653625, 22.838596344], [-2424.55761719, -101.159187317, 798.230895996, 92.6580581665, 39.5557022095, 24.8962039948, 23.549161911, -34.7195129395, 22.0606269836, 14.0484933853, 32.3626899719, 5.32478618622, 31.8178405762], [413.847106934, -179.022613525, 92.6580581665, 423.136627197, 111.276298523, 55.6489334106, 27.9274501801, 38.8663101196, 106.787322998, 81.7290878296, 22.0253810883, 45.1599845886, 82.324256897], [-868.460693359, 193.784912109, 39.5557022095, 111.276298523, 374.051483154, 32.4152793884, 119.120697021, 67.2564697266, 90.788230896, 45.4073257446, 76.6949539185, 20.4482460022, 58.0617523193], [871.284240723, -262.218231201, 24.8962039948, 55.6489334106, 32.4152793884, 252.523284912, 91.2514572144, 78.8290557861, -11.1943922043, 61.1983375549, 27.8356723785, 46.6474342346, 4.9385676384], [-503.397918701, 22.9381351471, 23.549161911, 27.9274501801, 119.120697021, 91.2514572144, 247.065643311, 66.3617858887, -0.329678297043, 33.730682373, 69.3692855835, 23.7152328491, 23.2236709595], [549.619384766, -77.3348617554, -34.7195129395, 38.8663101196, 67.2564697266, 78.8290557861, 66.3617858887, 135.310668945, 29.1656837463, 48.4505615234, 26.2943286896, 28.8390102386, 11.8679275513], [-247.435043335, -6.47448778152, 22.0606269836, 106.787322998, 90.788230896, -11.1943922043, -0.329678297043, 29.1656837463, 144.537094116, 41.3970832825, 5.33918714523, 23.8355178833, 37.7538223267], [379.850830078, -141.791595459, 14.0484933853, 81.7290878296, 45.4073257446, 61.1983375549, 33.730682373, 48.4505615234, 41.3970832825, 106.731788635, 33.5633239746, 30.4621715546, 15.2654266357], [-276.119171143, 85.3052139282, 32.3626899719, 22.0253810883, 76.6949539185, 27.8356723785, 69.3692855835, 26.2943286896, 5.33918714523, 33.5633239746, 105.149162292, 21.0646743774, 18.7210159302], [331.660552979, -102.449653625, 5.32478618622, 45.1599845886, 20.4482460022, 46.6474342346, 23.7152328491, 28.8390102386, 23.8355178833, 30.4621715546, 21.0646743774, 95.5492477417, 31.5767421722], [-140.113006592, 22.838596344, 31.8178405762, 82.324256897, 58.0617523193, 4.9385676384, 23.2236709595, 11.8679275513, 37.7538223267, 15.2654266357, 18.7210159302, 31.5767421722, 91.9222335815]]}, "spectral_energyband_middle_low": {"dmean2": 0.00576164713129, "median": 0.0123285707086, "min": 1.91168651643e-22, "dvar2": 6.52655944577e-05, "dvar": 2.98674076475e-05, "dmean": 0.00385262188502, "max": 0.119713753462, "var": 0.000199378846446, "mean": 0.0159243252128}, "melbands_crest": {"dmean2": 3.72068309784, "median": 13.4184799194, "min": 1.71429073811, "dvar2": 14.4070167542, "dvar": 5.41653299332, "dmean": 2.36346316338, "max": 38.9289665222, "var": 29.9878959656, "mean": 14.3373861313}, "spectral_kurtosis": {"dmean2": 4.57932090759, "median": 7.69387960434, "min": -1.33044946194, "dvar2": 67.9474563599, "dvar": 28.6726055145, "dmean": 2.81717252731, "max": 222.557723999, "var": 246.441741943, "mean": 11.2260465622}, "spectral_rms": {"dmean2": 0.000722089898773, "median": 0.00482525583357, "min": 3.17155524933e-12, "dvar2": 8.57188126702e-07, "dvar": 3.63669812486e-07, "dmean": 0.000479528243886, "max": 0.0115320617333, "var": 4.60083856524e-06, "mean": 0.00471907481551}, "zerocrossingrate": {"dmean2": 0.00829678028822, "median": 0.02978515625, "min": 0.00146484375, "dvar2": 0.000212027589441, "dvar": 0.000229822762776, "dmean": 0.00713061913848, "max": 0.8076171875, "var": 0.00493039982393, "mean": 0.0428775250912}, "silence_rate_60dB": {"dmean2": 0.0268907565624, "median": 0, "min": 0, "dvar2": 0.0291151963174, "dvar": 0.0132652474567, "dmean": 0.0134439663962, "max": 1, "var": 0.0975582972169, "mean": 0.109535813332}, "erbbands_kurtosis": {"dmean2": 1.80343091488, "median": 1.16016435623, "min": -1.80307340622, "dvar2": 5.71354675293, "dvar": 2.78273797035, "dmean": 1.18016588688, "max": 58.5289611816, "var": 13.3504648209, "mean": 2.06716775894}, "erbbands": {"dmean2": [0.0707947835326, 0.754959821701, 2.46541881561, 3.7418513298, 8.33806419373, 8.41917610168, 13.2680006027, 16.6461048126, 21.4638462067, 13.7285366058, 18.6726131439, 25.280090332, 20.5329914093, 30.9919872284, 20.9651546478, 15.8242874146, 22.6919078827, 22.3859710693, 14.5704565048, 13.4467897415, 7.36229228973, 5.57368516922, 4.79243373871, 3.53761601448, 2.90125250816, 2.80504703522, 1.46046841145, 1.51292550564, 1.95070528984, 1.54966557026, 1.40625548363, 1.03729259968, 0.731917202473, 0.487427324057, 0.449578285217, 0.158020034432, 0.0376367643476, 0.00804230477661, 0.000900748593267, 5.81817039347e-05], "median": [0.053183671087, 0.686328232288, 1.6455719471, 3.07959651947, 7.79856109619, 8.26508522034, 9.40935897827, 10.6218280792, 12.4670162201, 8.57157707214, 9.29631233215, 7.99837875366, 8.68569946289, 8.40498733521, 5.12851238251, 5.69427204132, 5.05165863037, 5.72337627411, 4.82094049454, 3.83307671547, 2.92651700974, 2.45450735092, 2.36658167839, 1.44525837898, 1.25798690319, 0.836223840714, 0.374479830265, 0.320906579494, 0.489272862673, 0.387141436338, 0.347909748554, 0.242642760277, 0.17034932971, 0.122862040997, 0.0794828683138, 0.0333453156054, 0.00768239237368, 0.00167265848722, 0.0002620749583, 4.38911883975e-05], "min": [2.38964648418e-22, 5.13953961669e-22, 5.22297308013e-21, 6.15168082325e-21, 2.52010396384e-20, 2.43719122434e-20, 1.39166352596e-19, 1.44257339074e-19, 1.91265651393e-19, 2.87743125431e-19, 5.91086670419e-19, 6.69708481583e-19, 4.98943247976e-19, 9.9382007606e-19, 1.11813508577e-18, 1.84586821937e-18, 1.89551063665e-18, 1.80669356594e-18, 2.79702087187e-18, 4.50397031121e-18, 4.65929704586e-18, 5.78832537652e-18, 3.93794013062e-18, 6.5618269304e-18, 7.42350097449e-18, 7.42152070411e-18, 1.08154038799e-17, 1.14665315068e-17, 1.60067257114e-17, 1.37203745101e-17, 1.156049757e-17, 1.32743446617e-17, 9.7663171788e-18, 9.91135502741e-18, 7.12332374764e-18, 4.56690676171e-18, 2.41063612235e-18, 1.00403658381e-18, 2.87395993917e-19, 2.92775795675e-20], "dvar2": [0.0393701680005, 4.04916191101, 36.6936569214, 60.313129425, 171.657058716, 228.558319092, 842.426757812, 1731.73583984, 2317.00073242, 1534.28710938, 2565.24316406, 8688.26660156, 2790.68237305, 8907.94433594, 6178.54589844, 2075.07324219, 6217.4140625, 5314.46484375, 1555.31591797, 2687.25683594, 547.003967285, 185.753326416, 119.07610321, 177.873168945, 57.074092865, 121.530380249, 23.4529800415, 30.2347431183, 35.6031761169, 33.7420654297, 28.2232379913, 15.8086614609, 10.4720220566, 5.67938423157, 6.814702034, 0.574665606022, 0.023158159107, 0.00097347877454, 1.3989621948e-05, 8.01572994646e-08], "dvar": [0.0143969757482, 1.45759308338, 12.9812936783, 21.4288768768, 72.8794708252, 102.517601013, 348.996337891, 840.655578613, 1088.41564941, 812.58972168, 1254.52783203, 5047.10742188, 1408.58984375, 3776.23095703, 2580.41577148, 976.104003906, 2862.60375977, 2586.47314453, 739.032958984, 1163.38562012, 212.208999634, 77.9842681885, 48.8640060425, 63.2999687195, 23.8160324097, 44.7476997375, 9.36935901642, 12.787899971, 17.0179157257, 16.0661277771, 14.4744548798, 7.957239151, 4.93051195145, 2.56779026985, 2.94137954712, 0.254169255495, 0.0106680374593, 0.000492267601658, 6.64836352371e-06, 3.59981449094e-08], "dmean": [0.0420223101974, 0.461539536715, 1.49051225185, 2.28813481331, 5.52104043961, 5.64146137238, 8.64772415161, 11.4075365067, 14.463766098, 9.78390407562, 13.1066188812, 18.2358722687, 14.3529930115, 20.807975769, 13.7428779602, 10.3591480255, 14.8435020447, 14.839679718, 9.74058914185, 8.69800949097, 4.5704035759, 3.50499105453, 3.00337553024, 2.10630440712, 1.83125030994, 1.68105900288, 0.904658615589, 0.990940690041, 1.30895960331, 1.05055749416, 1.00740754604, 0.686832606792, 0.488069444895, 0.326252579689, 0.300247102976, 0.10514010489, 0.0251988116652, 0.0054043168202, 0.000603775493801, 3.96259711124e-05], "max": [1.86094856262, 21.0757083893, 60.6177864075, 77.1357879639, 167.027008057, 326.880462646, 675.07043457, 901.409118652, 850.909179688, 1200.93688965, 1453.98510742, 3302.98291016, 1875.27978516, 1817.2635498, 1654.71228027, 1216.43847656, 2270.71264648, 1873.07141113, 776.576538086, 1076.64855957, 495.48248291, 235.534545898, 208.591964722, 152.534591675, 93.6573028564, 139.093643188, 73.7500839233, 94.6417770386, 73.2773132324, 90.3857498169, 80.4548339844, 99.8640518188, 78.4423904419, 68.1838378906, 75.1675491333, 11.764957428, 4.21763896942, 0.786564409733, 0.0756599381566, 0.00400607194752], "var": [0.0189859960228, 2.00762653351, 18.9984817505, 45.7273292542, 294.997741699, 562.047363281, 1069.94042969, 3734.06640625, 4085.91967773, 2471.6328125, 6816.29882812, 19994.4199219, 5919.68896484, 11631.5234375, 7584.02197266, 4490.38818359, 7403.24072266, 8430.30664062, 2342.66650391, 3837.37988281, 761.241943359, 330.591583252, 159.781173706, 74.1136703491, 54.2450790405, 50.0552062988, 14.0400257111, 23.7170982361, 37.0879402161, 31.5909481049, 28.7152347565, 17.7523498535, 8.47254180908, 3.48234033585, 3.15970396996, 0.295617669821, 0.0172859076411, 0.00109879742377, 1.28543333631e-05, 4.63714009413e-08], "mean": [0.0983872711658, 1.04642260075, 2.98666119576, 5.28802394867, 13.7902917862, 15.789390564, 19.6768169403, 29.6233596802, 32.5756759644, 21.7961883545, 30.4286651611, 40.5037231445, 33.8871650696, 41.7605743408, 29.8332118988, 23.1252803802, 28.2187862396, 29.0530490875, 20.0232086182, 17.8913021088, 10.0581302643, 8.83340930939, 7.10704898834, 4.21756601334, 4.0076417923, 2.89934873581, 1.66324198246, 1.90073156357, 2.55794382095, 1.92524504662, 1.74184560776, 1.27894580364, 0.842879712582, 0.53779643774, 0.435378372669, 0.153758510947, 0.0392898246646, 0.00874252803624, 0.00103374745231, 8.12899670564e-05]}, "spectral_strongpeak": {"dmean2": 0.747109830379, "median": 0.469175934792, "min": 0, "dvar2": 1.81887662411, "dvar": 0.758572697639, "dmean": 0.446091502905, "max": 12.0612268448, "var": 1.94451868534, "mean": 1.01477730274}, "spectral_energy": {"dmean2": 0.00846634339541, "median": 0.0238651745021, "min": 1.03102319942e-20, "dvar2": 0.000174586093635, "dvar": 7.04689955455e-05, "dmean": 0.0055169747211, "max": 0.136313170195, "var": 0.000430029438576, "mean": 0.0275423359126}, "average_loudness": 0.82632535696, "spectral_rolloff": {"dmean2": 380.886993408, "median": 516.796875, "min": 43.06640625, "dvar2": 1397156, "dvar": 692666.375, "dmean": 224.146224976, "max": 19918.2128906, "var": 4441581.5, "mean": 982.066894531}, "spectral_centroid": {"dmean2": 171.036468506, "median": 579.995422363, "min": 106.408348083, "dvar2": 129118.710938, "dvar": 74078.2109375, "dmean": 113.352630615, "max": 11728.8652344, "var": 545006.3125, "mean": 737.840393066}, "pitch_salience": {"dmean2": 0.0879912078381, "median": 0.565047681332, "min": 0.0686271414161, "dvar2": 0.00719987461343, "dvar": 0.00277588912286, "dmean": 0.0556080155075, "max": 0.856627583504, "var": 0.0119588151574, "mean": 0.556790590286}, "spectral_energyband_middle_high": {"dmean2": 0.00189204374328, "median": 0.00148374633864, "min": 1.35148195543e-21, "dvar2": 1.68166097865e-05, "dvar": 7.28071336198e-06, "dmean": 0.00127401668578, "max": 0.059586070478, "var": 5.13035556651e-05, "mean": 0.00441578309983}, "spectral_contrast_coeffs": {"dmean2": [0.0644285157323, 0.0617057792842, 0.0548424459994, 0.0442200750113, 0.0305726639926, 0.0215990860015], "median": [-0.619330525398, -0.700755298138, -0.745550692081, -0.782382845879, -0.799695670605, -0.810907006264], "min": [-0.971909999847, -0.975332558155, -0.977030098438, -0.972803592682, -0.964793980122, -0.963125288486], "dvar2": [0.00309841264971, 0.00272807944566, 0.0019448895473, 0.00123301253188, 0.000634772528429, 0.00036955520045], "dvar": [0.00118322228082, 0.00112459831871, 0.000805584655609, 0.000513328646775, 0.000272097007837, 0.000159854796948], "dmean": [0.0397069863975, 0.0387755520642, 0.0343607664108, 0.02723733522, 0.0191203970462, 0.0135620748624], "max": [-0.267053633928, -0.378911375999, -0.469990700483, -0.533334374428, -0.586464881897, -0.66978263855], "var": [0.0105376122519, 0.00659129628912, 0.00506633752957, 0.00353671587072, 0.00192710722331, 0.00136976852082], "mean": [-0.610573649406, -0.692638874054, -0.739755690098, -0.77461874485, -0.79603946209, -0.809573948383]}, "melbands_skewness": {"dmean2": 0.808007359505, "median": 2.41301488876, "min": -1.48025524616, "dvar2": 0.998725533485, "dvar": 0.525554716587, "dmean": 0.547113478184, "max": 54.0481491089, "var": 4.82087230682, "mean": 2.62228608131}, "spectral_spread": {"dmean2": 713660.9375, "median": 4155415, "min": 488362.09375, "dvar2": 1293776846850.0, "dvar": 747384799232, "dmean": 496389.84375, "max": 41553620, "var": 7172220518400.0, "mean": 4451849.5}, "dissonance": {"dmean2": 0.0429900884628, "median": 0.441092967987, "min": 0.10281329602, "dvar2": 0.00152386748232, "dvar": 0.000585956557188, "dmean": 0.026073185727, "max": 0.5, "var": 0.00199609738775, "mean": 0.432790726423}, "spectral_skewness": {"dmean2": 0.421922713518, "median": 2.33473396301, "min": -0.0926475077868, "dvar2": 0.267200827599, "dvar": 0.12690128386, "dmean": 0.269815891981, "max": 12.8636159897, "var": 1.32855927944, "mean": 2.51343226433}, "spectral_flux": {"dmean2": 0.027855489403, "median": 0.0545389503241, "min": 6.46071321442e-11, "dvar2": 0.00109144602902, "dvar": 0.000455097935628, "dmean": 0.0171966291964, "max": 0.320232003927, "var": 0.00187926436774, "mean": 0.0620360635221}, "spectral_contrast_valleys": {"dmean2": [0.518581807613, 0.459006071091, 0.441005885601, 0.373531937599, 0.306431859732, 0.314772546291], "median": [-6.84340858459, -6.70875835419, -7.53244352341, -8.04264259338, -8.29117584229, -10.5296545029], "min": [-27.9693222046, -27.9197921753, -27.4550762177, -27.5042152405, -27.3496379852, -27.4126472473], "dvar2": [0.247583925724, 0.165825098753, 0.171383351088, 0.135070040822, 0.145021140575, 0.19247302413], "dvar": [0.100829869509, 0.0776750519872, 0.0834340751171, 0.0722021758556, 0.0838352292776, 0.126993462443], "dmean": [0.315356463194, 0.281580358744, 0.273154914379, 0.23431430757, 0.200497195125, 0.233715936542], "max": [-5.20150899887, -4.91609382629, -5.46827030182, -5.86169052124, -5.7137055397, -7.56698894501], "var": [3.40961718559, 2.74707317352, 2.96025729179, 3.00018572807, 3.11995458603, 3.14112877846], "mean": [-7.43022823334, -7.00818014145, -7.86486244202, -8.44773864746, -8.71475410461, -10.9058713913]}, "erbbands_flatness_db": {"dmean2": 0.0202210787684, "median": 0.165380239487, "min": 0.0346236340702, "dvar2": 0.0004587652802, "dvar": 0.000243702728767, "dmean": 0.0143748531118, "max": 0.4374576509, "var": 0.00272183516063, "mean": 0.171602427959}, "spectral_energyband_high": {"dmean2": 0.000217675056774, "median": 8.93847609404e-05, "min": 7.50970782508e-21, "dvar2": 6.09950404851e-07, "dvar": 3.25631788201e-07, "dmean": 0.000158191513037, "max": 0.0160936899483, "var": 6.96830625202e-07, "mean": 0.000340288475854}, "spectral_entropy": {"dmean2": 0.207608416677, "median": 7.06394433975, "min": 4.91120195389, "dvar2": 0.0571745671332, "dvar": 0.0342714004219, "dmean": 0.146002456546, "max": 9.82393360138, "var": 0.437826126814, "mean": 7.00972652435}, "silence_rate_20dB": {"dmean2": 0, "median": 1, "min": 1, "dvar2": 0, "dvar": 0, "dmean": 0, "max": 1, "var": 0, "mean": 1}, "melbands_flatness_db": {"dmean2": 0.027057737112, "median": 0.260259032249, "min": 0.00363320251927, "dvar2": 0.000953004753683, "dvar": 0.000497903616633, "dmean": 0.0185888595879, "max": 0.709099411964, "var": 0.0085708713159, "mean": 0.273089438677}, "barkbands": {"dmean2": [0.000301031104755, 0.00295968865976, 0.00213155569509, 0.00170688447542, 0.00269492599182, 0.001954437932, 0.00134053931106, 0.000761621573474, 0.0011724634096, 0.000870784569997, 0.000514025974553, 0.000459293398308, 0.000502546085045, 0.000449933519121, 0.000329484668327, 0.000161295785801, 0.000121140707051, 8.80797451828e-05, 5.81819331273e-05, 5.59485124541e-05, 3.56245836883e-05, 5.42675879842e-05, 4.63192991447e-05, 4.48125174444e-05, 5.78882172704e-05, 2.04236366699e-05, 5.37728556083e-06], "median": [3.41867744282e-05, 0.00311460671946, 0.00118056253996, 0.00112293567508, 0.00307313678786, 0.00145449093543, 0.00067408720497, 0.000319261220284, 0.000332414347213, 0.000227719385293, 8.03454167908e-05, 0.000117412477266, 9.76918818196e-05, 9.14450065466e-05, 7.89086989244e-05, 5.15333958901e-05, 4.29054634878e-05, 3.86840765714e-05, 2.3516065994e-05, 1.68961123563e-05, 8.11610516394e-06, 1.40135962283e-05, 1.15589364214e-05, 1.07243995444e-05, 1.19073365568e-05, 5.39045049663e-06, 1.3363103335e-06], "min": [2.36082575669e-25, 4.46747471186e-24, 5.58178057797e-24, 2.15501653177e-24, 9.72627630814e-24, 2.47610532384e-23, 1.22747301166e-23, 1.97042244886e-23, 2.28571043115e-23, 1.27328027116e-23, 2.94000034341e-23, 4.24305467061e-23, 3.36579022582e-23, 2.90160616761e-23, 8.18888106717e-23, 8.04111732221e-23, 9.02082576851e-23, 8.03726073901e-23, 1.25084826979e-22, 1.73387865679e-22, 2.95926085573e-22, 4.41755644575e-22, 4.31824731437e-22, 6.4533295204e-22, 1.01728836619e-21, 1.30690841128e-21, 2.19066506772e-21], "dvar2": [7.07699712166e-07, 6.29707210464e-05, 2.76251630567e-05, 1.03678294181e-05, 1.75027344085e-05, 1.94614167413e-05, 9.95666596282e-06, 4.35721813119e-06, 1.27471830638e-05, 6.33713898424e-06, 4.59727289126e-06, 2.02996534426e-06, 2.39213500208e-06, 1.96688824872e-06, 1.33235425892e-06, 3.33754030635e-07, 1.00856595964e-07, 4.99039458646e-08, 2.65141544276e-08, 4.38288303428e-08, 1.41242431084e-08, 3.1220643848e-08, 3.04856264677e-08, 3.19110711189e-08, 9.39530551136e-08, 6.08889205722e-09, 5.41385547503e-10], "dvar": [2.98581483094e-07, 2.28581484407e-05, 9.77352920017e-06, 3.74370665668e-06, 7.43307509765e-06, 9.25915082917e-06, 4.83501753479e-06, 2.17715501094e-06, 7.14430370863e-06, 2.71657972917e-06, 1.96171367861e-06, 8.73283681813e-07, 1.08015228761e-06, 9.49141622186e-07, 5.93987920183e-07, 1.36461125066e-07, 4.1017305108e-08, 1.93152143169e-08, 1.04606652229e-08, 1.62821400806e-08, 5.79707171156e-09, 1.48266687816e-08, 1.5366259376e-08, 1.5939280118e-08, 4.20471728546e-08, 2.88530399573e-09, 2.59868515595e-10], "dmean": [0.000182241521543, 0.00181113404687, 0.00130027206615, 0.00105898967013, 0.00179691507947, 0.00132148968987, 0.000918864039704, 0.000528277712874, 0.000824722228572, 0.000572297023609, 0.000334302603733, 0.000293648132356, 0.000324948021444, 0.000295363366604, 0.000211660910281, 0.000100805838883, 7.5976808148e-05, 5.35897961527e-05, 3.61823294952e-05, 3.36910088663e-05, 2.25029725698e-05, 3.64751613233e-05, 3.256702621e-05, 2.98785198538e-05, 3.91448556911e-05, 1.38165014505e-05, 3.64975267075e-06], "max": [0.00962728075683, 0.0863255411386, 0.0585401579738, 0.0357498675585, 0.0681548193097, 0.0886183530092, 0.0629187226295, 0.0711247995496, 0.11544252187, 0.0466149151325, 0.0465927906334, 0.0275260210037, 0.04091116786, 0.03122637