{"metadata": {"tags": {"label": ["vap"], "catalognumber": ["VPCC-82212"], "asin": ["B000FI8UDG"], "album": ["\u604b\u306e\u30e1\u30ac\u30e9\u30d0"], "musicbrainz album type": ["single"], "script": ["Jpan"], "albumartistsort": ["Maximum the Hormone"], "musicbrainz album release country": ["JP"], "musicbrainz_artistid": ["fb01635c-51fc-4cad-b71f-62e18bb3433b"], "musicbrainz_albumid": ["2d91b989-4232-40ab-841f-d367399ee762"], "musicbrainz_recordingid": ["039566f3-c047-4627-b0fe-6b204d0eb5ed"], "albumartist": ["\u30de\u30ad\u30b7\u30de\u30e0 \u30b6 \u30db\u30eb\u30e2\u30f3"], "barcode": ["4988021822121"], "originaldate": ["2006"], "musicbrainz album status": ["official"], "artist": ["\u30de\u30ad\u30b7\u30de\u30e0 \u30b6 \u30db\u30eb\u30e2\u30f3"], "isrc": ["JPVP00606703"], "artistsort": ["Maximum the Hormone"], "title": ["\u30ed\u30c3\u30ad\u30f3\u30fb\u30a2\u30b0\u30ea\u30fc\u30e2\u30fc\u30b7\u30e7\u30f3"], "tracknumber": ["3/4"], "musicbrainz_albumartistid": ["fb01635c-51fc-4cad-b71f-62e18bb3433b"], "musicbrainz_releasegroupid": ["2e04e942-c185-3b46-bf86-a3b07ff3ab82"], "discnumber": ["1/1"], "date": ["2006"], "media": ["CD"], "file_name": "03 \u30ed\u30c3\u30ad\u30f3\u30fb\u30a2\u30b0\u30ea\u30fc\u30e2\u30fc\u30b7\u30e7\u30f3.mp3"}, "audio_properties": {"sample_rate": 44100, "downmix": "mix", "lossless": false, "analysis_sample_rate": 44100, "md5_encoded": "4d942c0b8ed11335bc2e14ed5744c467", "equal_loudness": 0, "replay_gain": -14.8310337067, "codec": "mp3", "bit_rate": 320000, "length": 119.484085083}, "version": {"extractor": "music 1.0", "essentia_build_sha": "70f2e5ece6736b2c40cc944ad0e695b16b925413", "essentia_git_sha": "v2.1_beta2", "essentia": "2.1-beta2"}}, "rhythm": {"beats_loudness_band_ratio": {"dvar2": [0.104683078825, 0.0219730008394, 0.0315779298544, 0.0448676757514, 0.00843427050859, 0.01406371966], "var": [0.0535518787801, 0.0161900948733, 0.0119187254459, 0.0156860686839, 0.00595080666244, 0.00612391810864], "min": [0, 0, 0, 0, 0, 0], "dmean": [0.235599115491, 0.098230868578, 0.0950265228748, 0.0935840755701, 0.0520106814802, 0.0484072268009], "mean": [0.479038029909, 0.134605869651, 0.129862427711, 0.124411940575, 0.0943427160382, 0.0710783675313], "max": [0.929953157902, 0.78936034441, 0.70301926136, 0.841474890709, 0.539030969143, 0.759598255157], "dmean2": [0.41173774004, 0.16883058846, 0.167057454586, 0.164886474609, 0.0922470018268, 0.0878061950207], "median": [0.477150499821, 0.102354332805, 0.105915628374, 0.0762908160686, 0.074187964201, 0.0518406629562], "dvar": [0.0330792181194, 0.00870373751968, 0.0108138108626, 0.0155806448311, 0.00340734329075, 0.00500642601401]}, "bpm_histogram_first_peak_weight": {"dvar2": 0, "var": 0, "min": 0.394648820162, "dmean": 0, "mean": 0.394648820162, "max": 0.394648820162, "dmean2": 0, "median": 0.394648820162, "dvar": 0}, "bpm": 152.679428101, "beats_count": 300, "bpm_histogram_first_peak_spread": {"dvar2": 0, "var": 0, "min": 0.186206877232, "dmean": 0, "mean": 0.186206877232, "max": 0.186206877232, "dmean2": 0, "median": 0.186206877232, "dvar": 0}, "danceability": 1.07012701035, "bpm_histogram_first_peak_bpm": {"dvar2": 0, "var": 0, "min": 152, "dmean": 0, "mean": 152, "max": 152, "dmean2": 0, "median": 152, "dvar": 0}, "beats_position": [0.406349211931, 0.824308395386, 1.23065757751, 1.62539684772, 2.00852608681, 2.39165520668, 2.7863945961, 3.16952371597, 3.55265307426, 3.93578219414, 4.31891155243, 4.69043064117, 5.07355976105, 5.45668935776, 5.83981847763, 6.2229475975, 6.59446716309, 6.96598625183, 7.33750534058, 7.70902490616, 8.09215450287, 8.47528362274, 8.85841274261, 9.24154186249, 9.62467098236, 10.0078001022, 10.3909292221, 10.774058342, 11.1687984467, 11.5635375977, 11.9350566864, 12.3181858063, 12.7013149261, 13.084444046, 13.4675731659, 13.8623123169, 14.2570514679, 14.6401815414, 15.0233106613, 15.4064397812, 15.7895689011, 16.1726989746, 16.5558280945, 16.9273471832, 17.3104763031, 17.693605423, 18.0651245117, 18.4366436005, 18.8081626892, 19.179681778, 19.574420929, 19.96916008, 20.3522891998, 20.7354183197, 21.1301574707, 21.5248966217, 21.9196376801, 22.3027667999, 22.6858959198, 23.0690250397, 23.4637641907, 23.8468933105, 24.2184123993, 24.6131515503, 25.0078907013, 25.4026298523, 25.774148941, 26.168888092, 26.563627243, 26.958366394, 27.3647155762, 27.7594547272, 28.1541938782, 28.5489330292, 28.932062149, 29.3268013, 29.7215423584, 30.1511096954, 30.5922889709, 31.0334682465, 31.474647522, 31.9042167664, 32.322177887, 32.7169151306, 33.111656189, 33.5063934326, 33.901134491, 34.3074836731, 34.7138328552, 35.1317901611, 35.5265312195, 35.9212684631, 36.3392295837, 36.7339668274, 37.1287078857, 37.5234451294, 37.9181861877, 38.3129234314, 38.7076644897, 39.1024017334, 39.4971427917, 39.8918800354, 40.2866210938, 40.6813583374, 41.0760993958, 41.4708366394, 41.8655776978, 42.2719268799, 42.6550559998, 43.0497932434, 43.4445343018, 43.8392753601, 44.2340126038, 44.6287536621, 45.0234909058, 45.4182319641, 45.8129692078, 46.2077102661, 46.6024475098, 46.9971885681, 47.3919258118, 47.7982749939, 48.204624176, 48.5993652344, 48.994102478, 49.3888435364, 49.78358078, 50.1783218384, 50.573059082, 50.9678001404, 51.3857574463, 51.7921066284, 52.1984558105, 52.5931968689, 52.9879341125, 53.3826751709, 53.7774124146, 54.1837615967, 54.578502655, 54.9732398987, 55.4028091431, 55.8439903259, 56.2735595703, 56.7147369385, 57.1443061829, 57.5738754272, 58.0150566101, 58.4446258545, 58.8741950989, 59.3037643433, 59.7449417114, 60.1745109558, 60.6040802002, 61.0220413208, 61.463218689, 61.9043960571, 62.34557724, 62.7751464844, 63.2047157288, 63.6342849731, 64.0638504028, 64.5050354004, 64.9462127686, 65.3873901367, 65.8053512573, 66.234916687, 66.6644897461, 67.1056671143, 67.5352401733, 67.964805603, 68.3827667236, 68.8007278442, 69.2302932739, 69.659866333, 70.0778198242, 70.4957809448, 70.9137420654, 71.3549194336, 71.7960968018, 72.2372741699, 72.6784591675, 73.1196365356, 73.5608139038, 74.001991272, 74.396736145, 74.7914733887, 75.1862106323, 75.580947876, 75.975692749, 76.3704299927, 76.7767791748, 77.1831283569, 77.6010894775, 78.0074386597, 78.4137878418, 78.831741333, 79.2497024536, 79.6560516357, 80.0624008179, 80.4571380615, 80.8518829346, 81.2582321167, 81.6645812988, 82.0593185425, 82.4540557861, 82.8487930298, 83.2435379028, 83.6382751465, 84.0330123901, 84.4277572632, 84.8224945068, 85.2172317505, 85.6003646851, 85.9834899902, 86.3666229248, 86.74974823, 87.1328811646, 87.5160064697, 87.8991394043, 88.2938766479, 88.6770019531, 89.0601348877, 89.4432601929, 89.8380050659, 90.2327423096, 90.6158676147, 90.9990005493, 91.393737793, 91.7768707275, 92.1599960327, 92.5547409058, 92.9378662109, 93.3326034546, 93.7157363892, 94.1104736328, 94.5052108765, 94.8999557495, 95.2946929932, 95.6894302368, 96.0841674805, 96.4789123535, 96.8736495972, 97.2683868408, 97.6399078369, 98.046257019, 98.4526062012, 98.8473434448, 99.2653045654, 99.6600418091, 100.054779053, 100.449523926, 100.844261169, 101.238998413, 101.645347595, 102.074920654, 102.504486084, 102.934059143, 103.340408325, 103.72353363, 104.118278503, 104.524627686, 104.930976868, 105.325714111, 105.720451355, 106.115188599, 106.509933472, 106.916282654, 107.311019897, 107.705757141, 108.112106323, 108.530067444, 108.948028564, 109.377593994, 109.807167053, 110.155464172, 110.480545044, 110.817230225, 111.153923035, 111.490608215, 111.827301025, 112.163986206, 112.500679016, 112.814147949, 113.139228821, 113.452697754, 113.777778625, 114.091247559, 114.404716492, 114.741401672, 115.078094482, 115.403175354, 115.728248596, 116.122993469, 116.517730713, 116.912467957, 117.3072052, 117.701950073, 118.108299255, 118.526252747, 118.944213867], "beats_loudness": {"dvar2": 0.000588063325267, "var": 0.000373660819605, "min": 0, "dmean": 0.0153077822179, "mean": 0.0469994992018, "max": 0.115571938455, "dmean2": 0.0271165035665, "median": 0.0465226136148, "dvar": 0.000197823057533}, "bpm_histogram_second_peak_weight": {"dvar2": 0, "var": 0, "min": 0.183946490288, "dmean": 0, "mean": 0.183946490288, "max": 0.183946490288, "dmean2": 0, "median": 0.183946490288, "dvar": 0}, "bpm_histogram_second_peak_spread": {"dvar2": 0, "var": 0, "min": 0.202898561954, "dmean": 0, "mean": 0.202898561954, "max": 0.202898561954, "dmean2": 0, "median": 0.202898561954, "dvar": 0}, "bpm_histogram_second_peak_bpm": {"dvar2": 0, "var": 0, "min": 157, "dmean": 0, "mean": 157, "max": 157, "dmean2": 0, "median": 157, "dvar": 0}, "onset_rate": 2.93720173836}, "lowlevel": {"spectral_energyband_high": {"dvar2": 1.83371787443e-06, "var": 2.46264517045e-06, "min": 7.09667812754e-21, "dmean": 0.000489023339469, "mean": 0.00132425699849, "max": 0.0198310744017, "dmean2": 0.000717122515198, "median": 0.000930634269025, "dvar": 9.11516224278e-07}, "spectral_energyband_middle_low": {"dvar2": 0.000149759449414, "var": 8.59002466314e-05, "min": 1.56205112011e-22, "dmean": 0.00558021850884, "mean": 0.0109072495252, "max": 0.101180024445, "dmean2": 0.00917915441096, "median": 0.0085824187845, "dvar": 5.91704956605e-05}, "spectral_energy": {"dvar2": 0.00100381672382, "var": 0.000643747625872, "min": 1.0126152804e-20, "dmean": 0.0168167613447, "mean": 0.0440574549139, "max": 0.145433679223, "dmean2": 0.0273432452232, "median": 0.0428154878318, "dvar": 0.000394092436181}, "spectral_spread": {"dvar2": 1037384024060.0, "var": 15826580144100.0, "min": 1144462.125, "dmean": 459778.25, "mean": 4759986.5, "max": 43428924, "dmean2": 643407.8125, "median": 4284940, "dvar": 678421004288}, "spectral_energyband_low": {"dvar2": 0.00100619299337, "var": 0.000576508929953, "min": 1.13145688547e-23, "dmean": 0.0149987302721, "mean": 0.0248423609883, "max": 0.132773086429, "dmean2": 0.0245066415519, "median": 0.0189089588821, "dvar": 0.000394242990296}, "spectral_rolloff": {"dvar2": 2153063.5, "var": 5656895, "min": 21.533203125, "dmean": 671.767822266, "mean": 1744.06445312, "max": 19573.6816406, "dmean2": 1104.62011719, "median": 1270.45898438, "dvar": 975161.875}, "barkbands": {"dvar2": [1.77799222456e-06, 0.000687975960318, 0.000147195154568, 1.75895456778e-05, 4.94642736157e-05, 1.35304744617e-05, 2.43498579948e-05, 1.70301900653e-05, 7.1386784839e-06, 2.24449740927e-05, 7.61865976528e-06, 3.157475021e-06, 3.22831510857e-06, 1.95701636585e-06, 9.11656172775e-07, 5.12743554282e-07, 7.77937088969e-07, 7.20106299923e-07, 7.6652571579e-07, 1.13827745452e-07, 1.2565617169e-07, 9.13719162554e-08, 7.11362631023e-08, 1.40022379469e-07, 1.52869858994e-07, 7.88545264641e-08, 6.31322549793e-09], "var": [4.99947816479e-07, 0.000357447570423, 7.4315641541e-05, 1.11056997412e-05, 1.76931062015e-05, 6.4946857492e-06, 7.73565989221e-06, 5.99484383201e-06, 3.42393514075e-06, 1.33995272336e-05, 3.70224370272e-06, 1.89095987935e-06, 2.35869401877e-06, 1.30454543523e-06, 5.95136327775e-07, 3.74855375185e-07, 8.18875207642e-07, 4.87912814151e-07, 4.31587437788e-07, 9.85516237506e-08, 1.00481010179e-07, 7.2032655396e-08, 8.86754918383e-08, 1.55018980763e-07, 1.20392812164e-07, 5.74536578313e-08, 3.59690077723e-09], "min": [2.75734052772e-25, 1.18394394302e-24, 2.9443981838e-25, 9.09153713012e-25, 5.8493373479e-24, 1.13094270593e-23, 7.64657074927e-24, 1.26590852378e-23, 2.14035665625e-23, 1.61898712439e-23, 2.06909017321e-23, 2.09336784089e-23, 4.06092719798e-23, 3.82871557756e-23, 4.86884824485e-23, 4.2116261366e-23, 5.77683724418e-23, 1.24350744576e-22, 1.25192692664e-22, 1.97440689063e-22, 2.8582328911e-22, 2.30696654068e-22, 4.28796717252e-22, 5.56534073248e-22, 9.112338556e-22, 1.37470803996e-21, 1.98642274421e-21], "dmean": [0.000404999882448, 0.0115484995767, 0.00516552617773, 0.00161435280461, 0.0024602538906, 0.00121606444009, 0.00117964262608, 0.000964956358075, 0.000735322479159, 0.00110900774598, 0.000649175373837, 0.000582705135457, 0.000523815280758, 0.000478954374557, 0.000322664127452, 0.000287646427751, 0.0003322531702, 0.000360768783139, 0.000343671330484, 0.000172841318999, 0.000131221720949, 0.000105962571979, 8.00578272901e-05, 8.44913956826e-05, 7.50060498831e-05, 5.611468805e-05, 1.21369102999e-05], "mean": [0.000390205648728, 0.0162206217647, 0.00702284742147, 0.00214764336124, 0.00327655253932, 0.00167143344879, 0.00133334740531, 0.00108849036042, 0.00099719921127, 0.0015028467169, 0.000931811169721, 0.000934152980335, 0.000870362680871, 0.000774025102146, 0.000550011813175, 0.000567533890717, 0.000702315592207, 0.000753042811994, 0.000791146128904, 0.000412169290939, 0.000310867530061, 0.000233955972362, 0.000175378896529, 0.000161793606821, 0.000134484129376, 8.97818536032e-05, 1.33794192152e-05], "max": [0.00805776380002, 0.112784326077, 0.0691414624453, 0.0568228363991, 0.0624024644494, 0.0475626327097, 0.0531362779438, 0.0513127110898, 0.0322708077729, 0.0530898086727, 0.0315053425729, 0.0235487595201, 0.0250369627029, 0.0139185870066, 0.0134973209351, 0.0158079881221, 0.0243151709437, 0.0104433251545, 0.0208167452365, 0.00384848332033, 0.00666509661824, 0.00485678436235, 0.00402239477262, 0.00928586628288, 0.00696271378547, 0.00452307192609, 0.00101305963472], "dmean2": [0.000726404599845, 0.0193243864924, 0.0086794923991, 0.00275937421247, 0.00416527595371, 0.00201072636992, 0.00202583987266, 0.00160430907272, 0.00121844105888, 0.00180313840974, 0.00105923053343, 0.000963725033216, 0.000841260189191, 0.000782280869316, 0.000527473806869, 0.000477712717839, 0.000536046631169, 0.00058719329536, 0.000566458271351, 0.00028465615469, 0.000209889694816, 0.000168603379279, 0.000122559024021, 0.000124750382383, 0.000110419139673, 8.12298312667e-05, 1.79345697688e-05], "median": [0.000128781946842, 0.00965592637658, 0.00378837762401, 0.00110727990977, 0.00203226273879, 0.000892710871994, 0.000584283901844, 0.000312406249577, 0.000499652873259, 0.000428902654676, 0.000389845110476, 0.000538433087058, 0.000427858438343, 0.000429205596447, 0.000337867939379, 0.00042777552153, 0.000539803877473, 0.000606187444646, 0.000676867901348, 0.000337799632689, 0.000237691812799, 0.000171683801454, 0.000108399770397, 7.45642755646e-05, 4.85681775899e-05, 2.89244671876e-05, 1.10263454189e-06], "dvar": [6.32396336187e-07, 0.000265795155428, 5.40866058145e-05, 6.94477239449e-06, 1.78797508852e-05, 5.54368489247e-06, 9.27485689317e-06, 6.65287961965e-06, 2.86206727651e-06, 9.05718025024e-06, 2.79608502751e-06, 1.13900500764e-06, 1.26158704461e-06, 8.08885317838e-07, 3.50825672513e-07, 2.12183095982e-07, 3.914291824e-07, 2.91726991009e-07, 3.04389544681e-07, 4.41301040155e-08, 5.30992139147e-08, 3.74923843083e-08, 3.33640421957e-08, 7.07355312102e-08, 7.15996009149e-08, 3.70933257443e-08, 2.9575291105e-09]}, "melbands_skewness": {"dvar2": 2.63530874252, "var": 3.46129536629, "min": -1.24517834187, "dmean": 1.04162418842, "mean": 3.18149232864, "max": 10.8346309662, "dmean2": 1.64668107033, "median": 3.07800865173, "dvar": 1.08971869946}, "barkbands_skewness": {"dvar2": 1.02899336815, "var": 1.40929269791, "min": -2.13132214546, "dmean": 0.654946327209, "mean": 1.54354059696, "max": 10.0229291916, "dmean2": 1.03849160671, "median": 1.48537802696, "dvar": 0.425194203854}, "erbbands": {"dvar2": [0.645750164986, 36.1202659607, 173.582138062, 163.971328735, 490.653167725, 728.61920166, 518.986022949, 1426.52429199, 2634.87670898, 10220.8652344, 6581.49267578, 3202.55737305, 14085.0439453, 19593.2324219, 8722.68652344, 4456.00439453, 6054.05029297, 4813.6484375, 3145.00805664, 1283.08288574, 1536.83898926, 2116.14819336, 2338.68774414, 1436.26269531, 1595.68737793, 254.785354614, 244.534088135, 232.836395264, 150.608078003, 66.4365234375, 61.6083335876, 66.5858840942, 34.6916465759, 19.7522258759, 9.29868125916, 2.83928012848, 0.184480771422, 0.0113081401214, 0.000275519530987, 1.24205570273e-07], "var": [0.305188149214, 19.1415348053, 89.675201416, 91.2219314575, 162.607192993, 250.671173096, 251.319534302, 629.878967285, 1090.06225586, 3110.93554688, 2334.14941406, 1528.32470703, 7361.31347656, 12102.9970703, 4904.125, 3226.89306641, 4491.43847656, 3263.73999023, 2249.55029297, 1010.63134766, 1199.45947266, 2186.4831543, 1438.69348145, 1084.54650879, 842.147583008, 217.205093384, 193.669769287, 182.724273682, 114.435317993, 61.2160720825, 81.9307861328, 72.5573120117, 38.8075561523, 16.7326698303, 6.48594284058, 1.82038283348, 0.151022702456, 0.00693205045536, 0.000155184767209, 7.46733732626e-08], "min": [1.28584731448e-22, 4.67890896666e-22, 1.15126052537e-21, 7.48990718917e-21, 1.14895661733e-20, 1.95380820011e-20, 3.96213955793e-20, 7.03437947207e-20, 1.23152743398e-19, 9.72267316513e-20, 3.28236175505e-19, 5.71079963136e-19, 5.72384065071e-19, 1.04671000443e-18, 1.39048709418e-18, 1.12461128958e-18, 1.99220660269e-18, 2.31637103333e-18, 2.671202358e-18, 4.03404652368e-18, 3.02722089364e-18, 3.80219234747e-18, 5.17004964125e-18, 5.23754220256e-18, 7.94618565022e-18, 8.84223814775e-18, 1.00582573411e-17, 1.31124778235e-17, 9.31345978167e-18, 1.21270873383e-17, 1.18175869588e-17, 1.23790440713e-17, 8.71667543949e-18, 8.99324989474e-18, 6.49349891667e-18, 3.93777179936e-18, 2.58106200511e-18, 9.49059471958e-19, 2.45704772725e-19, 2.91461903283e-20], "dmean": [0.317992240191, 2.74281787872, 5.8236989975, 5.3351020813, 6.12009048462, 9.80251693726, 7.67289590836, 11.6707687378, 14.515296936, 20.7395153046, 19.3218898773, 16.7420043945, 27.2231674194, 32.807762146, 24.6773319244, 21.9203166962, 23.0625019073, 23.7953739166, 17.8015289307, 15.7969923019, 15.0248041153, 17.0240764618, 17.4731750488, 19.8640727997, 13.9379110336, 7.82191181183, 5.64299821854, 5.49566411972, 4.12647628784, 2.92806577682, 2.26025509834, 1.8637393713, 1.38822841644, 0.846017360687, 0.561251997948, 0.296311378479, 0.0932049155235, 0.0197644159198, 0.00236741243862, 6.39677455183e-05], "mean": [0.44228798151, 3.74635028839, 8.39363193512, 7.73926019669, 8.39960098267, 12.0310678482, 10.6889925003, 15.1239919662, 18.3180713654, 22.2335662842, 22.4741363525, 23.1857185364, 37.6773681641, 45.9122772217, 40.5991516113, 37.7979812622, 40.5869789124, 39.91381073, 32.5163764954, 30.6883525848, 32.473110199, 38.3797149658, 38.6324119568, 46.1282691956, 32.7133979797, 19.264043808, 13.87940979, 12.018280983, 8.86304569244, 6.269115448, 4.89831542969, 3.63305449486, 2.53070688248, 1.52298557758, 0.94316804409, 0.477934718132, 0.145109638572, 0.0268331505358, 0.00257788458839, 0.000110401655547], "max": [3.63519716263, 28.3153743744, 83.398979187, 145.024887085, 256.051940918, 176.114715576, 237.460952759, 575.861572266, 553.242004395, 1147.45361328, 817.08996582, 564.130554199, 1826.40966797, 1685.63903809, 1302.44372559, 1107.8939209, 994.180419922, 704.898498535, 747.464294434, 386.163574219, 933.066650391, 1201.76928711, 672.415283203, 459.88571167, 1007.30267334, 153.284072876, 348.577514648, 165.434387207, 233.97428894, 96.1201858521, 127.678314209, 196.887054443, 133.272827148, 84.1777648926, 52.8653297424, 27.2619361877, 6.94205856323, 1.71470320225, 0.262207120657, 0.00586244463921], "dmean2": [0.533373177052, 4.57973241806, 9.66049194336, 9.12043380737, 10.3270158768, 16.7457580566, 12.7518510818, 19.2815570831, 24.5779647827, 35.057346344, 31.8462944031, 27.8712978363, 44.2080802917, 52.5407600403, 39.8719711304, 35.5898742676, 36.7985115051, 38.2216415405, 28.8521327972, 25.8284473419, 24.3985538483, 27.3877620697, 28.5346813202, 32.4136505127, 22.9354000092, 12.880074501, 9.19396018982, 8.82302856445, 6.54763555527, 4.67550992966, 3.43738389015, 2.78479456902, 2.04070925713, 1.258887887, 0.83159828186, 0.432488322258, 0.136685967445, 0.0292007438838, 0.00349627411924, 9.46751388256e-05], "median": [0.2340131253, 2.20178174973, 5.35719537735, 4.83506345749, 5.42247724533, 6.81301689148, 5.86606025696, 7.59022665024, 8.62183380127, 8.43104076385, 7.78398561478, 12.3141765594, 13.0745458603, 13.687997818, 19.9800052643, 21.2576618195, 21.0764732361, 21.7613563538, 18.9483261108, 21.7731075287, 24.9640731812, 30.1938114166, 30.769651413, 40.2365608215, 27.6841964722, 15.8351736069, 11.1443662643, 8.53151988983, 6.36466121674, 4.27354001999, 2.92451620102, 1.78775060177, 1.1258739233, 0.576419234276, 0.318141490221, 0.154230415821, 0.0444518178701, 0.00630490714684, 0.000200410882826, 6.73330941936e-05], "dvar": [0.240660488605, 14.1046323776, 64.472618103, 62.3501853943, 179.121414185, 266.690124512, 202.949859619, 575.674865723, 1035.60314941, 3928.62695312, 2557.8684082, 1282.80456543, 5665.29736328, 7808.85205078, 3239.8112793, 1660.60168457, 2335.11157227, 1970.02734375, 1264.5255127, 513.543457031, 644.178710938, 1054.91809082, 938.987060547, 569.471557617, 624.599853516, 99.5505218506, 100.662841797, 100.295578003, 61.514251709, 28.1887722015, 29.9843845367, 33.3974266052, 17.6786766052, 9.20492553711, 4.32406711578, 1.29151618481, 0.0893262922764, 0.00519467703998, 0.000130314772832, 6.0100404653e-08]}, "silence_rate_30dB": {"dvar2": 0.00697479024529, "var": 0.00116443040315, "min": 0, "dmean": 0.0023319083266, "mean": 0.998834252357, "max": 1, "dmean2": 0.00466472283006, "median": 1, "dvar": 0.0023265266791}, "melbands_spread": {"dvar2": 195.114303589, "var": 388.443786621, "min": 0.6014316082, "dmean": 8.59542369843, "mean": 26.3128070831, "max": 165.022964478, "dmean2": 13.7302856445, "median": 21.8116512299, "dvar": 82.7380523682}, "melbands_crest": {"dvar2": 27.7371788025, "var": 31.2025089264, "min": 1.54535460472, "dmean": 3.86331248283, "mean": 15.6537208557, "max": 36.4872436523, "dmean2": 6.31648635864, "median": 16.1194286346, "dvar": 10.5789575577}, "zerocrossingrate": {"dvar2": 0.000208051147638, "var": 0.00332918786444, "min": 0.00439453125, "dmean": 0.0116813648492, "mean": 0.0682814866304, "max": 0.517578125, "dmean2": 0.0142414886504, "median": 0.0576171875, "dvar": 0.000169296836248}, "barkbands_kurtosis": {"dvar2": 50.7464675903, "var": 37.2631263733, "min": -1.85672581196, "dmean": 2.93716454506, "mean": 3.10171246529, "max": 134.735198975, "dmean2": 4.81875705719, "median": 1.37924385071, "dvar": 20.0259971619}, "spectral_flux": {"dvar2": 0.00273197912611, "var": 0.0028319566045, "min": 6.36237382223e-11, "dmean": 0.032737929374, "mean": 0.118008881807, "max": 0.341243684292, "dmean2": 0.0520040541887, "median": 0.115263879299, "dvar": 0.00116162188351}, "barkbands_crest": {"dvar2": 24.6844654083, "var": 22.7401580811, "min": 2.38877034187, "dmean": 3.49957418442, "mean": 10.9507455826, "max": 25.3463134766, "dmean2": 5.77882003784, "median": 10.3030061722, "dvar": 9.5275182724}, "barkbands_flatness_db": {"dvar2": 0.00119683740195, "var": 0.00169299484696, "min": 0.0177885126323, "dmean": 0.0243641678244, "mean": 0.114340938628, "max": 0.432944715023, "dmean2": 0.0382214263082, "median": 0.108169957995, "dvar": 0.000495577638503}, "spectral_entropy": {"dvar2": 0.024799996987, "var": 0.105872824788, "min": 5.74574947357, "dmean": 0.100964486599, "mean": 7.90715456009, "max": 9.8250617981, "dmean2": 0.152962610126, "median": 7.9198050499, "dvar": 0.0125813549384}, "pitch_salience": {"dvar2": 0.0189768597484, "var": 0.01773365587, "min": 0.0841444432735, "dmean": 0.0978877544403, "mean": 0.54385894537, "max": 0.88260281086, "dmean2": 0.159768015146, "median": 0.550810396671, "dvar": 0.00713732885197}, "erbbands_spread": {"dvar2": 142.720321655, "var": 272.305969238, "min": 4.13413095474, "dmean": 8.38711166382, "mean": 44.533618927, "max": 105.766670227, "dmean2": 12.905090332, "median": 44.8272514343, "dvar": 62.5122909546}, "dynamic_complexity": 1.89023828506, "spectral_contrast_valleys": {"dvar2": [0.347042828798, 0.337152153254, 0.209913060069, 0.161172822118, 0.110293105245, 0.187395557761], "var": [6.21590518951, 5.52689743042, 5.37154388428, 5.07304334641, 5.08315086365, 4.6736164093], "min": [-27.9343013763, -27.927942276, -27.6704540253, -27.654460907, -27.4562397003, -27.4134464264], "dmean": [0.441214293242, 0.41721740365, 0.331440597773, 0.271386325359, 0.193454027176, 0.247673481703], "mean": [-7.05792951584, -6.7385597229, -6.94119310379, -7.13811063766, -6.91056585312, -9.97125720978], "max": [-4.95025157928, -4.6320734024, -5.01529121399, -5.44668865204, -5.69158172607, -7.20335626602], "dmean2": [0.713068544865, 0.673255503178, 0.519908547401, 0.431074082851, 0.302266210318, 0.339626848698], "median": [-6.49048900604, -6.42944288254, -6.60139465332, -6.84178686142, -6.56561374664, -9.49816322327], "dvar": [0.155657306314, 0.159886568785, 0.111176542938, 0.0915731489658, 0.0721233934164, 0.116957142949]}, "hfc": {"dvar2": 220.790863037, "var": 351.270568848, "min": 1.08851601864e-16, "dmean": 7.50766897202, "mean": 29.9587936401, "max": 186.163818359, "dmean2": 11.1332464218, "median": 26.7012081146, "dvar": 106.127502441}, "spectral_kurtosis": {"dvar2": 6.24602603912, "var": 3.5998468399, "min": -1.2703602314, "dmean": 1.14505255222, "mean": 3.6929192543, "max": 37.3566398621, "dmean2": 1.93348348141, "median": 3.53396940231, "dvar": 2.06804633141}, "mfcc": {"mean": [-601.098815918, 107.950141907, -13.8685865402, 34.2258338928, 7.0775513649, 9.1952457428, 7.93165922165, 8.61283683777, -0.492310672998, 1.21642494202, 3.09672355652, 0.526234745979, 0.154762208462], "cov": [[7116.63427734, 608.970153809, 742.99987793, 170.481658936, 220.955596924, 162.143722534, 137.989456177, 231.857025146, -2.38280272484, 82.7523651123, 48.4597244263, 53.2155990601, -1.01624155045], [608.970153809, 1032.91125488, -319.992034912, 290.109191895, -25.8961143494, 83.2473831177, 97.5154037476, 65.641204834, 59.553565979, -21.6853504181, 25.0035095215, -42.86277771, 5.87638282776], [742.99987793, -319.992034912, 926.093688965, 36.7459754944, 290.497314453, 43.5967941284, 37.3481178284, 60.2487564087, -7.47775030136, 73.6262969971, 17.5625953674, 82.2677459717, 34.0482292175], [170.481658936, 290.109191895, 36.7459754944, 358.633880615, 98.7025146484, 83.925491333, 14.8065652847, -9.9781961441, 21.1561698914, -20.9793357849, 3.57099080086, -3.48119926453, 12.6651391983], [220.955596924, -25.8961143494, 290.497314453, 98.7025146484, 238.379959106, 63.4747085571, 69.1963577271, 48.1133651733, 15.2950382233, 40.4770736694, 11.6893157959, 37.1881980896, 18.233083725], [162.143722534, 83.2473831177, 43.5967941284, 83.925491333, 63.4747085571, 141.558700562, 76.5929412842, 64.705406189, 38.2966804504, 17.3797512054, 8.32240772247, -0.636992633343, 5.6635260582], [137.989456177, 97.5154037476, 37.3481178284, 14.8065652847, 69.1963577271, 76.5929412842, 157.18397522, 109.561058044, 50.24269104, 30.9973983765, 22.4526958466, 17.2202358246, 16.5317840576], [231.857025146, 65.641204834, 60.2487564087, -9.9781961441, 48.1133651733, 64.705406189, 109.561058044, 150.635559082, 70.4268035889, 48.0978126526, 21.0431880951, 20.8749141693, 12.8475151062], [-2.38280272484, 59.553565979, -7.47775030136, 21.1561698914, 15.2950382233, 38.2966804504, 50.24269104, 70.4268035889, 97.8407745361, 48.3967170715, 25.970659256, 12.0566101074, 8.71148395538], [82.7523651123, -21.6853504181, 73.6262969971, -20.9793357849, 40.4770736694, 17.3797512054, 30.9973983765, 48.0978126526, 48.3967170715, 90.485710144, 48.1789360046, 33.3155784607, 10.3204679489], [48.4597244263, 25.0035095215, 17.5625953674, 3.57099080086, 11.6893157959, 8.32240772247, 22.4526958466, 21.0431880951, 25.970659256, 48.1789360046, 69.8618392944, 38.2310943604, 14.3187112808], [53.2155990601, -42.86277771, 82.2677459717, -3.48119926453, 37.1881980896, -0.636992633343, 17.2202358246, 20.8749141693, 12.0566101074, 33.3155784607, 38.2310943604, 72.4989471436, 34.8533172607], [-1.01624155045, 5.87638282776, 34.0482292175, 12.6651391983, 18.233083725, 5.6635260582, 16.5317840576, 12.8475151062, 8.71148395538, 10.3204679489, 14.3187112808, 34.8533172607, 55.8344268799]], "icov": [[0.000189243262867, -0.000201247472432, -0.000223017588723, 4.79556438222e-05, 0.000104537422885, -0.000124386948301, 0.000158573326189, -0.000335257995175, 0.000331952091074, -8.67891867529e-05, -4.88218074679e-06, -0.000100993835076, 0.000186961013242], [-0.000201247472432, 0.00201968103647, 0.000800112902652, -0.00176858820487, 0.000269645126536, 0.000673868693411, -0.0010514050955, -0.000672937836498, 5.38812116702e-07, 0.000180744144018, -0.00106530671474, 0.00145759328734, -0.000663388287649], [-0.000223017588723, 0.000800112902652, 0.00247071287595, -0.000266546441708, -0.0025331848301, 0.000214518775465, 0.000726895290427, -0.00085207488155, 0.000648200046271, -0.000609217036981, 0.000254801328992, -0.000546298047993, -0.000461014104076], [4.79556438222e-05, -0.00176858820487, -0.000266546441708, 0.00611475016922, -0.00296583282761, -0.00307649257593, 0.00218904903159, 0.00231242086738, -0.00262441090308, 0.00334516516887, -0.00119740166701, -0.000346148270182, -0.000622846127953], [0.000104537422885, 0.000269645126536, -0.0025331848301, -0.00296583282761, 0.0104583194479, -0.000740136718377, -0.0043809027411, 0.000935488904361, 0.00191902543884, -0.00425970554352, 0.00344628351741, -0.00248810718767, 0.00109003880061], [-0.000124386948301, 0.000673868693411, 0.000214518775465, -0.00307649257593, -0.000740136718377, 0.0124983880669, -0.00407976703718, -0.00241188006476, -0.000671467860229, -0.000519389868714, -0.000299116625683, 0.00290688290261, -0.000306357454974], [0.000158573326189, -0.0010514050955, 0.000726895290427, 0.00218904903159, -0.0043809027411, -0.00407976703718, 0.017283461988, -0.00996303744614, 0.000169399863807, 0.00354644586332, -0.00396361900494, 0.000938814657275, -0.00205824687146], [-0.000335257995175, -0.000672937836498, -0.00085207488155, 0.00231242086738, 0.000935488904361, -0.00241188006476, -0.00996303744614, 0.020544745028, -0.0085007045418, -0.00279490067624, 0.00434079905972, -0.00315871392377, 0.000922986830119], [0.000331952091074, 5.38812116702e-07, 0.000648200046271, -0.00262441090308, 0.00191902543884, -0.000671467860229, 0.000169399863807, -0.0085007045418, 0.0215440467, -0.00973872281611, -1.33114244818e-05, 0.00173439702485, -0.00108719873242], [-8.67891867529e-05, 0.000180744144018, -0.000609217036981, 0.00334516516887, -0.00425970554352, -0.000519389868714, 0.00354644586332, -0.00279490067624, -0.00973872281611, 0.0281512830406, -0.0151827586815, -0.000783316092566, 0.00132742593996], [-4.88218074679e-06, -0.00106530671474, 0.000254801328992, -0.00119740166701, 0.00344628351741, -0.000299116625683, -0.00396361900494, 0.00434079905972, -1.33114244818e-05, -0.0151827586815, 0.0317833833396, -0.0141903422773, 0.00282356888056], [-0.000100993835076, 0.00145759328734, -0.000546298047993, -0.000346148270182, -0.00248810718767, 0.00290688290261, 0.000938814657275, -0.00315871392377, 0.00173439702485, -0.000783316092566, -0.0141903422773, 0.0322877801955, -0.0154186822474], [0.000186961013242, -0.000663388287649, -0.000461014104076, -0.000622846127953, 0.00109003880061, -0.000306357454974, -0.00205824687146, 0.000922986830119, -0.00108719873242, 0.00132742593996, 0.00282356888056, -0.0154186822474, 0.0273027960211]]}, "silence_rate_20dB": {"dvar2": 0, "var": 0, "min": 1, "dmean": 0, "mean": 1, "max": 1, "dmean2": 0, "median": 1, "dvar": 0}, "melbands_kurtosis": {"dvar2": 443.277801514, "var": 320.896789551, "min": -1.73445057869, "dmean": 9.8711566925, "mean": 15.8965082169, "max": 178.257064819, "dmean2": 16.1133556366, "median": 10.6883659363, "dvar": 175.1746521}, "barkbands_spread": {"dvar2": 141.149017334, "var": 168.851577759, "min": 0.684786915779, "dmean": 7.50158214569, "mean": 27.6151771545, "max": 127.905601501, "dmean2": 11.9238386154, "median": 26.0814170837, "dvar": 62.2716903687}, "erbbands_skewness": {"dvar2": 0.208504587412, "var": 0.29659897089, "min": -4.23896121979, "dmean": 0.309187680483, "mean": -0.224549815059, "max": 3.14719843864, "dmean2": 0.487425774336, "median": -0.305218309164, "dvar": 0.089105643332}, "average_loudness": 0.976201951504, "spectral_centroid": {"dvar2": 180381.421875, "var": 1130898.25, "min": 153.514907837, "dmean": 295.512390137, "mean": 1899.32446289, "max": 11639.0576172, "dmean2": 465.54019165, "median": 1788.59533691, "dvar": 83563.390625}, "dissonance": {"dvar2": 0.000248805969022, "var": 0.000138222632813, "min": 0.383444309235, "dmean": 0.00956163741648, "mean": 0.485765218735, "max": 0.5, "dmean2": 0.0164472777396, "median": 0.48873090744, "dvar": 8.83169195731e-05}, "erbbands_flatness_db": {"dvar2": 0.000435704976553, "var": 0.00241820188239, "min": 0.0429888293147, "dmean": 0.0142387738451, "mean": 0.131357073784, "max": 0.337165236473, "dmean2": 0.0205839239061, "median": 0.117227382958, "dvar": 0.000227344178711}, "spectral_strongpeak": {"dvar2": 1.48558497429, "var": 0.631489753723, "min": 0, "dmean": 0.399878203869, "mean": 0.61258327961, "max": 15.0357952118, "dmean2": 0.68992382288, "median": 0.395609974861, "dvar": 0.562396168709}, "spectral_rms": {"dvar2": 3.80335268346e-06, "var": 4.30959744335e-06, "min": 3.1431153253e-12, "dmean": 0.00117483863141, "mean": 0.00621878588572, "max": 0.0119116129354, "dmean2": 0.00187511276454, "median": 0.00646306481212, "dvar": 1.53902180955e-06}, "silence_rate_60dB": {"dvar2": 0.00656914431602, "var": 0.029207566753, "min": 0, "dmean": 0.00310921110213, "mean": 0.0301146302372, "max": 1, "dmean2": 0.0062196305953, "median": 0, "dvar": 0.00309941498563}, "melbands": {"dvar2": [5.65079826629e-05, 4.13269735873e-05, 4.74716216559e-06, 2.91669675789e-06, 6.54384962218e-07, 6.3225706981e-07, 6.83741802732e-07, 1.07658649995e-06, 4.00765941322e-07, 1.27607691525e-07, 3.87804931279e-07, 3.80922472232e-07, 1.29686668515e-07, 3.98759567588e-08, 3.8548655823e-08, 3.01036244821e-08, 2.04755270516e-08, 1.00479908838e-08, 4.56038451446e-09, 2.96828317481e-09, 2.75510658732e-09, 3.47460527017e-09, 2.56247956187e-09, 1.57759993957e-09, 1.16484055734e-09, 2.47388864949e-09, 2.20736637302e-10, 1.35094949116e-10, 1.20099971634e-10, 7.71245428632e-11, 9.25175561162e-11, 6.49626880067e-11, 3.279948535e-11, 2.18695946769e-11, 2.20736415257e-11, 2.71100468463e-11, 2.82976558852e-11, 1.8728473633e-11, 1.61831485712e-11, 1.67722068872e-11], "var": [2.71250464721e-05, 2.25859494094e-05, 2.44173338615e-06, 1.01748048564e-06, 2.96985774639e-07, 2.92696540782e-07, 2.66569458063e-07, 3.50871061983e-07, 1.47458550259e-07, 6.29999874491e-08, 2.03758844464e-07, 2.31046101362e-07, 6.54996412663e-08, 2.40448585487e-08, 2.970287305e-08, 1.96223020055e-08, 1.25167831655e-08, 7.03237912347e-09, 3.0531162043e-09, 1.93130667014e-09, 2.04829819772e-09, 3.87234333488e-09, 1.40849198971e-09, 1.12201725688e-09, 8.16531231518e-10, 1.10152953425e-09, 1.60134017158e-10, 1.0467102185e-10, 9.13722153495e-11, 5.96042798451e-11, 6.80357298277e-11, 4.75782781229e-11, 2.09269060414e-11, 2.11417567481e-11, 2.89507827433e-11, 3.08643076374e-11, 2.59688260479e-11, 1.94953688609e-11, 1.56321153938e-11, 1.17634747429e-11], "min": [1.9786148088e-24, 7.00904639922e-25, 2.37023869153e-24, 1.64471049801e-24, 1.41598422284e-24, 1.54192340117e-24, 2.41404236266e-24, 9.61004159806e-25, 2.20683009932e-24, 2.97197153484e-24, 2.63955817115e-24, 3.44911050349e-24, 4.25063893713e-24, 3.20591612489e-24, 2.5083885492e-24, 4.19832089303e-24, 3.45875551135e-24, 2.08031574278e-24, 3.66029527313e-24, 3.02091069046e-24, 3.170879065e-24, 3.3378247123e-24, 4.56555181606e-24, 4.96669705269e-24, 3.66519646594e-24, 4.99758371815e-24, 5.69782832801e-24, 5.23235937316e-24, 5.8108030704e-24, 5.13442031963e-24, 7.33024225944e-24, 4.8830150823e-24, 4.61918489128e-24, 6.49350933019e-24, 5.97163445403e-24, 6.42727341314e-24, 6.2713404613e-24, 5.75836354172e-24, 5.2868527012e-24, 7.15754088577e-24], "dmean": [0.00311666261405, 0.00306530995294, 0.000908125890419, 0.000583602930419, 0.000294718425721, 0.000252643716522, 0.000224677147344, 0.000224383737077, 0.000153101427713, 0.000106051978946, 0.000142626755405, 0.000141810771311, 8.56226251926e-05, 6.81665551383e-05, 5.61631641176e-05, 5.01703216287e-05, 4.80240669276e-05, 3.21285697282e-05, 2.49641416303e-05, 2.17789165617e-05, 1.93180185306e-05, 1.99964033527e-05, 1.78995069291e-05, 1.85219814739e-05, 1.78917562152e-05, 1.32436271087e-05, 7.62663648857e-06, 5.39149232281e-06, 4.14802980231e-06, 3.47383320332e-06, 3.38691802426e-06, 2.59281046056e-06, 2.03021977541e-06, 1.64255584423e-06, 1.45455828715e-06, 1.22977280625e-06, 1.18112484415e-06, 1.04809998902e-06, 8.66924608545e-07, 7.19964134532e-07], "mean": [0.00432231044397, 0.00466877268627, 0.00137158762664, 0.000775545369834, 0.000407355488278, 0.000335711461958, 0.000277383776847, 0.00024308321008, 0.000178288741154, 0.000143868848681, 0.00019126755069, 0.000190837192349, 0.000132049477543, 0.000111450834083, 9.26089778659e-05, 8.24981834739e-05, 7.45341822039e-05, 5.38826752745e-05, 4.20628093707e-05, 4.04404672736e-05, 3.77354954253e-05, 4.11900218751e-05, 3.41214727086e-05, 3.71899186575e-05, 3.79446792067e-05, 2.75268685073e-05, 1.70376515598e-05, 1.17893932838e-05, 8.96812525752e-06, 7.64037940826e-06, 6.6203751885e-06, 5.23347125636e-06, 3.91074036088e-06, 3.34027504323e-06, 2.98113923236e-06, 2.37091444433e-06, 2.10487905861e-06, 1.79214021045e-06, 1.52666473241e-06, 1.20953609439e-06], "max": [0.032961320132, 0.0377306826413, 0.0210514441133, 0.0167182292789, 0.00755563238636, 0.0114627787843, 0.00941868778318, 0.0119030158967, 0.00632550241426, 0.00399669678882, 0.00888726953417, 0.00712723936886, 0.00457535637543, 0.00205189036205, 0.00402294285595, 0.00241110962816, 0.00142312876415, 0.00140609743539, 0.000905847118702, 0.00101221341174, 0.00117158133071, 0.0017914326163, 0.000687068677507, 0.000390549859731, 0.000451992731541, 0.00141037022695, 0.000140415388159, 0.000100368582935, 0.000201088609174, 0.000158182301675, 8.85522458702e-05, 0.000172121392097, 5.15423707839e-05, 5.93163313169e-05, 7.16681824997e-05, 0.000114160298835, 0.000119094009278, 8.52377488627e-05, 8.97656282177e-05, 6.79222357576e-05], "dmean2": [0.00523460283875, 0.00501427333802, 0.00154061929788, 0.000986521830782, 0.000495447427966, 0.000417634961195, 0.000381307356292, 0.000378165103029, 0.000252943224041, 0.000176173154614, 0.000232134829275, 0.000228158023674, 0.00013929567649, 0.000112676585559, 9.00864470168e-05, 8.14502200228e-05, 7.7980941569e-05, 5.26001786056e-05, 4.10634893342e-05, 3.60537706001e-05, 3.16029654641e-05, 3.2409105188e-05, 2.91443593596e-05, 3.05986650346e-05, 2.95803711197e-05, 2.19925223064e-05, 1.26801151055e-05, 8.93806918612e-06, 6.8397407631e-06, 5.62505238122e-06, 5.47888475921e-06, 4.19313391831e-06, 3.30060856868e-06, 2.65853987003e-06, 2.25967232836e-06, 1.86297165783e-06, 1.80026268026e-06, 1.56903195148e-06, 1.30980527047e-06, 1.09591303499e-06], "median": [0.00243013724685, 0.00334016792476, 0.000927641522139, 0.00047598045785, 0.000230203891988, 0.000170623025042, 0.000127227918711, 8.47538613016e-05, 6.5442523919e-05, 7.38726812415e-05, 6.22771040071e-05, 5.2596689784e-05, 6.10546630924e-05, 6.53470633551e-05, 4.65163720946e-05, 4.15335962316e-05, 4.03353733418e-05, 2.99561634165e-05, 2.67552604782e-05, 2.9598681067e-05, 2.83626905002e-05, 3.11369149131e-05, 2.5936993552e-05, 2.96730486298e-05, 3.25384608004e-05, 2.2212150725e-05, 1.44438918142e-05, 9.06746572582e-06, 6.73341764923e-06, 5.85035286349e-06, 4.37551170762e-06, 3.67339293916e-06, 2.70159807769e-06, 2.17371257349e-06, 1.7572018578e-06, 1.28316639803e-06, 9.54789356911e-07, 7.93444201008e-07, 6.29289729659e-07, 4.21525811589e-07], "dvar": [2.13334678847e-05, 1.59219507623e-05, 1.77601191353e-06, 1.05524009086e-06, 2.50904264476e-07, 2.57420907701e-07, 2.68956370064e-07, 4.20854092908e-07, 1.5723755098e-07, 5.12744513514e-08, 1.55848439931e-07, 1.52031603307e-07, 4.7345245946e-08, 1.45222500691e-08, 1.61047726266e-08, 1.17140794842e-08, 8.28520985152e-09, 4.14031608997e-09, 1.78661541117e-09, 1.19812681998e-09, 1.18108411939e-09, 1.81507708863e-09, 1.02106600952e-09, 6.30569596538e-10, 4.57241966512e-10, 9.68665259116e-10, 8.6920207143e-11, 5.11299301509e-11, 4.82462819695e-11, 3.11215636595e-11, 3.96925062263e-11, 2.64115881943e-11, 1.29040207339e-11, 9.55667489588e-12, 1.03480947769e-11, 1.36960009306e-11, 1.34755965067e-11, 9.26