{"tonal": {"thpcp": [1, 0.731909394264, 0.272876799107, 0.148358270526, 0.112634435296, 0.103780649602, 0.115971259773, 0.117505274713, 0.109678253531, 0.101156882942, 0.0948863103986, 0.101450122893, 0.10959802568, 0.115831814706, 0.171611770988, 0.44724303484, 0.69480329752, 0.476891845465, 0.340382993221, 0.401835501194, 0.226804479957, 0.0924816802144, 0.0850927084684, 0.0747414082289, 0.0672691911459, 0.0674381256104, 0.0839366838336, 0.146944776177, 0.190575063229, 0.140685632825, 0.086895853281, 0.0829306989908, 0.129597455263, 0.374249964952, 0.512624442577, 0.679802238941], "hpcp": {"dmean2": [0.165280282497, 0.167222648859, 0.203510254622, 0.328592956066, 0.369619399309, 0.340146034956, 0.250742852688, 0.207862243056, 0.169849961996, 0.110503420234, 0.101018063724, 0.0909506604075, 0.0855192914605, 0.0805067047477, 0.0924746096134, 0.131269648671, 0.151327252388, 0.139115422964, 0.119656175375, 0.114233665168, 0.133946239948, 0.219655558467, 0.220259711146, 0.349425524473, 0.538473308086, 0.330282658339, 0.194138228893, 0.166898071766, 0.145424604416, 0.134767234325, 0.153400659561, 0.167452022433, 0.15962433815, 0.140807509422, 0.133052974939, 0.148300603032], "median": [0.00575665524229, 0.00788358040154, 0.021106172353, 0.0950007736683, 0.156184077263, 0.105038836598, 0.0531475394964, 0.0385367050767, 0.0267116054893, 0.0098676616326, 0.00869070738554, 0.0076003652066, 0.00693811941892, 0.00810300651938, 0.010293087922, 0.0129662491381, 0.0120685342699, 0.00933143682778, 0.0065275807865, 0.00621385453269, 0.0200836155564, 0.07450042665, 0.0830964297056, 0.303976535797, 0.347031712532, 0.276890277863, 0.0283426605165, 0.0126598551869, 0.00833067856729, 0.00782244838774, 0.00881697610021, 0.00798121280968, 0.00769026856869, 0.00844853464514, 0.00783729366958, 0.0063045732677], "min": [0, 0, 0, 0, 0, 0, 0, 0, 0, 0, 0, 0, 0, 0, 0, 0, 0, 0, 0, 0, 0, 0, 0, 0, 0, 0, 0, 0, 0, 0, 0, 0, 0, 0, 0, 0], "dvar2": [0.11962364614, 0.106265135109, 0.104361765087, 0.139317676425, 0.162803351879, 0.139206334949, 0.117038175464, 0.100052498281, 0.0784589201212, 0.0586104057729, 0.0556222237647, 0.0468562245369, 0.0483433529735, 0.0411355495453, 0.0460160188377, 0.0645840764046, 0.0829617977142, 0.0674392133951, 0.0679623708129, 0.0639750361443, 0.0656043887138, 0.076907299459, 0.0844714641571, 0.0842453539371, 0.211874634027, 0.0893327146769, 0.084821857512, 0.0911285802722, 0.0822248756886, 0.0753818079829, 0.0949158072472, 0.119481608272, 0.12228897959, 0.0981879606843, 0.092319637537, 0.10762462765], "dvar": [0.0407030321658, 0.0368468649685, 0.0367692001164, 0.0494420044124, 0.068137280643, 0.0519304722548, 0.0414300635457, 0.0439454428852, 0.0270620770752, 0.02024333179, 0.0192936714739, 0.0163771938533, 0.0167257376015, 0.0142501778901, 0.0162082035094, 0.0239647850394, 0.0333451628685, 0.024828704074, 0.0239511597902, 0.0223134774715, 0.0224139764905, 0.0289985444397, 0.0394725762308, 0.0383804962039, 0.115357063711, 0.0441760122776, 0.031800892204, 0.0335441194475, 0.0295685324818, 0.0265671722591, 0.0324597358704, 0.0397202149034, 0.0403198413551, 0.0332269780338, 0.0314920991659, 0.0364360660315], "dmean": [0.0854186490178, 0.0871095508337, 0.110470958054, 0.184958159924, 0.216653436422, 0.197317317128, 0.14247892797, 0.121805079281, 0.0954691544175, 0.0590257458389, 0.0540927797556, 0.0483530946076, 0.0453026853502, 0.043031424284, 0.0507151968777, 0.0741396844387, 0.0851528719068, 0.0766825303435, 0.0629785507917, 0.0601328313351, 0.0735999494791, 0.13053676486, 0.134449422359, 0.200767815113, 0.299490213394, 0.193811401725, 0.110056072474, 0.0923289433122, 0.0780128091574, 0.0718429014087, 0.0812606364489, 0.0871357470751, 0.0827595293522, 0.073361992836, 0.0692478343844, 0.0768612548709], "max": [1, 1, 1, 1, 1, 1, 1, 1, 1, 1, 1, 1, 1, 1, 1, 1, 1, 1, 1, 1, 1, 1, 1, 1, 1, 1, 1, 1, 1, 1, 1, 1, 1, 1, 1, 1], "var": [0.0234685372561, 0.0219825301319, 0.0257617067546, 0.0631952434778, 0.127650499344, 0.0702460631728, 0.0511998273432, 0.0952206254005, 0.0310257486999, 0.0129149984568, 0.0120747294277, 0.0100505631417, 0.00976695492864, 0.0083819385618, 0.0101729426533, 0.0224023200572, 0.0439026765525, 0.0223099011928, 0.014616667293, 0.0135676022619, 0.0155201088637, 0.048866815865, 0.105564005673, 0.0648204088211, 0.169139936566, 0.0962278693914, 0.0441011227667, 0.0253652688116, 0.0193757321686, 0.0168794170022, 0.0200436934829, 0.0230831168592, 0.0228418502957, 0.0189747754484, 0.0180520769209, 0.0209112241864], "mean": [0.0512547492981, 0.0541700534523, 0.0802561789751, 0.209158241749, 0.324932575226, 0.223023846745, 0.159183934331, 0.187922894955, 0.106067672372, 0.0432500988245, 0.0397945642471, 0.034953661263, 0.0314591936767, 0.0315381996334, 0.0392539352179, 0.0687203779817, 0.0891245752573, 0.0657932236791, 0.0406378246844, 0.0387834757566, 0.0606077127159, 0.175022214651, 0.239734604955, 0.31791716814, 0.467661261559, 0.342285662889, 0.127613902092, 0.069381415844, 0.0526747629046, 0.0485341884196, 0.0542352646589, 0.0549526661634, 0.051292270422, 0.0473071560264, 0.0443746522069, 0.0474442914128]}, "tuning_equal_tempered_deviation": 0.230588570237, "chords_changes_rate": 0.0550603047013, "key_key": "A#", "tuning_diatonic_strength": 0.471466839314, "key_scale": "major", "chords_number_rate": 0.00104876770638, "tuning_frequency": 434.193115234, "tuning_nontempered_energy_ratio": 0.864373505116, "chords_histogram": [32.1709480286, 0, 1.54693233967, 4.06397485733, 0.734137415886, 12.6769800186, 0.983219742775, 0.0655479803681, 0, 0, 2.07131624222, 0.301520705223, 13.515994072, 0, 0, 0.104876771569, 0, 27.9627685547, 0, 3.57891988754, 0, 0, 0.222863137722, 0], "key_strength": 0.547136902809, "chords_key": "A#", "chords_strength": {"dmean2": 0.00750842411071, "median": 0.488563209772, "min": -1, "dvar2": 0.000534773804247, "dvar": 0.000276096427115, "dmean": 0.00648518744856, "max": 0.728163421154, "var": 0.0235752612352, "mean": 0.474317491055}, "chords_scale": "major", "hpcp_entropy": {"dmean2": 1.11957347393, "median": 1.77538084984, "min": 0, "dvar2": 0.89272403717, "dvar": 0.337076574564, "dmean": 0.652154147625, "max": 4.74543571472, "var": 0.882512032986, "mean": 2.00787973404}}, "metadata": {"audio_properties": {"equal_loudness": 0, "codec": "vorbis", "downmix": "mix", "sample_rate": 44100, "analysis_sample_rate": 44100, "bit_rate": 320000, "md5_encoded": "bf9ff4f40d8ae27ced2937101fa9fae5", "length": 354.169616699, "replay_gain": -11.1170368195, "lossless": false}, "version": {"essentia_build_sha": "cead25079874084f62182a551b7393616cd33d87", "essentia": "2.1-beta2", "extractor": "music 1.0", "essentia_git_sha": "v2.1_beta2-1-ge3940c0"}, "tags": {"title": ["Autumn Ground"], "barcode": ["706172009529"], "media": ["CD"], "albumartist": ["Various Artists"], "tracktotal": ["10"], "musicbrainz_releasegroupid": ["e9bdac38-d082-30e2-bc6f-ac3fe085852e"], "musicbrainz_recordingid": ["039cf362-02e9-4252-bbc8-89d6514257dc"], "musicbrainz_albumartistid": ["89ad4ac3-39f7-470e-963a-56509c546377"], "discnumber": ["1"], "album": ["Shadow Records: Hard Sessions"], "catalognumber": ["SDW095-2"], "releasecountry": ["US"], "compilation": ["1"], "originaldate": ["2001"], "albumartistsort": ["Various Artists"], "date": ["2001"], "file_name": "08 Dietrich Schoenemann - Autumn Ground.ogg", "disctotal": ["1"], "musicbrainz_artistid": ["d7c0863c-ffea-40b9-9b05-0f80e81e660a"], "asin": ["B0000560JT"], "musicbrainz_albumid": ["29e9eca8-5f99-4183-8202-f39b92575009"], "tracknumber": ["8"], "artistsort": ["Schoenemann, Dietrich"], "artist": ["Dietrich Schoenemann"], "label": ["Shadow Records"], "releasestatus": ["official"], "totaldiscs": ["1"], "script": ["Latn"], "totaltracks": ["10"]}}, "rhythm": {"bpm_histogram_first_peak_bpm": {"dmean2": 0, "median": 136, "min": 136, "dvar2": 0, "dvar": 0, "dmean": 0, "max": 136, "var": 0, "mean": 136}, "bpm": 135.023757935, "bpm_histogram_second_peak_spread": {"dmean2": 0, "median": 0.625, "min": 0.625, "dvar2": 0, "dvar": 0, "dmean": 0, "max": 0.625, "var": 0, "mean": 0.625}, "bpm_histogram_first_peak_weight": {"dmean2": 0, "median": 0.64750957489, "min": 0.64750957489, "dvar2": 0, "dvar": 0, "dmean": 0, "max": 0.64750957489, "var": 0, "mean": 0.64750957489}, "onset_rate": 6.95398139954, "beats_position": [0.429569154978, 0.882358253002, 1.3235373497, 1.764716506, 2.20589566231, 2.6470746994, 3.08825397491, 3.52943301201, 3.97061228752, 4.42340135574, 4.87619018555, 5.31736946106, 5.75854873657, 6.19972801208, 6.64090681076, 7.08208608627, 7.53487491608, 7.98766422272, 8.42884349823, 8.87002277374, 9.31120204926, 9.75238037109, 10.1935596466, 10.6463489532, 11.0991382599, 11.5403175354, 11.9814968109, 12.4226751328, 12.8638544083, 13.3050336838, 13.7462129593, 14.1990022659, 14.6517915726, 15.0929698944, 15.5341491699, 15.9753284454, 16.4165077209, 16.8576869965, 17.3104763031, 17.7632656097, 18.2044448853, 18.6456241608, 19.0868015289, 19.5279808044, 19.96916008, 20.4219493866, 20.8747386932, 21.3159179688, 21.7570972443, 22.1982765198, 22.6394557953, 23.0806350708, 23.5334243774, 23.9862117767, 24.4273910522, 24.8685703278, 25.3097496033, 25.7509288788, 26.1921081543, 26.6448974609, 27.0976867676, 27.5388660431, 27.9800453186, 28.4212245941, 28.8624038696, 29.3035831451, 29.7563705444, 30.2091598511, 30.6503391266, 31.0915184021, 31.5326976776, 31.9738769531, 32.4150543213, 32.8678436279, 33.3206329346, 33.7618141174, 34.2029914856, 34.6441726685, 35.0853500366, 35.5265312195, 35.9793205261, 36.4321098328, 36.8732872009, 37.3144645691, 37.755645752, 38.1968231201, 38.638004303, 39.0791816711, 39.5319709778, 39.9847602844, 40.4259414673, 40.8671188354, 41.3083000183, 41.7494773865, 42.1906585693, 42.6434440613, 43.0962333679, 43.5374145508, 43.9785919189, 44.4197731018, 44.86095047, 45.3021316528, 45.7549209595, 46.2077102661, 46.6488876343, 47.0900688171, 47.5312461853, 47.9724235535, 48.4136047363, 48.866394043, 49.3191833496, 49.7603607178, 50.2015419006, 50.6427192688, 51.0839004517, 51.5250778198, 51.9778671265, 52.4306564331, 52.871837616, 53.3130149841, 53.7541923523, 54.1953735352, 54.6365509033, 55.08934021, 55.5421295166, 55.9833106995, 56.4244880676, 56.8656692505, 57.3068466187, 57.7480278015, 58.1892051697, 58.6419944763, 59.094783783, 59.5359611511, 59.977142334, 60.4183197021, 60.859500885, 61.3122901917, 61.7650794983, 62.2062568665, 62.6474380493, 63.0886154175, 63.5297966003, 63.9709739685, 64.4121551514, 64.864944458, 65.3177337646, 65.7589111328, 66.200088501, 66.6412658691, 67.0824508667, 67.5236282349, 67.9764175415, 68.4292068481, 68.8703842163, 69.3115615845, 69.7527389526, 70.2055282593, 70.6583175659, 71.0995025635, 71.5406799316, 71.9818572998, 72.423034668, 72.8642196655, 73.3053970337, 73.7581863403, 74.210975647, 74.6521530151, 75.0933303833, 75.5345077515, 75.975692749, 76.4168701172, 76.8580474854, 77.310836792, 77.7636260986, 78.2048034668, 78.6459884644, 79.0871658325, 79.5283432007, 79.9695205688, 80.4223098755, 80.8750991821, 81.3162765503, 81.7574615479, 82.198638916, 82.6398162842, 83.0809936523, 83.5221786499, 83.9749679565, 84.4277572632, 84.8689346313, 85.3101119995, 85.7512893677, 86.1924667358, 86.6452560425, 87.0980453491, 87.5392303467, 87.9804077148, 88.421585083, 88.8627624512, 89.3039474487, 89.7567367554, 90.2095184326, 90.6507034302, 91.0918807983, 91.5330581665, 91.9742355347, 92.4154205322, 92.8682098389, 93.309387207, 93.7621765137, 94.2033538818, 94.64453125, 95.0857162476, 95.5268936157, 95.9680709839, 96.4208602905, 96.8736495972, 97.3148269653, 97.7560043335, 98.1971893311, 98.6383666992, 99.0795440674, 99.5207214355, 99.9851226807, 100.426300049, 100.867477417, 101.308662415, 101.749839783, 102.191017151, 102.632194519, 103.084983826, 103.537773132, 103.97895813, 104.420135498, 104.861312866, 105.302490234, 105.755279541, 106.208068848, 106.649246216, 107.090431213, 107.531608582, 107.97278595, 108.413963318, 108.866752625, 109.319541931, 109.760726929, 110.201904297, 110.643081665, 111.084259033, 111.525436401, 111.978225708, 112.442626953, 112.918640137, 113.406257629, 113.870658875, 114.311836243, 114.764625549, 115.217414856, 115.69342041, 116.169433594, 116.633827209, 117.086616516, 117.539405823, 117.98059082, 118.421768188, 118.862945557, 119.304122925, 119.745300293, 120.1980896, 120.650878906, 121.092063904, 121.533241272, 121.97441864, 122.415596008, 122.856781006, 123.309570312, 123.762359619, 124.203536987, 124.644714355, 125.085891724, 125.527069092, 125.979858398, 126.432647705, 126.873832703, 127.315010071, 127.756187439, 128.197372437, 128.638549805, 129.079727173, 129.520904541, 129.973693848, 130.426483154, 130.867660522, 131.308837891, 131.750015259, 132.191192627, 132.632385254, 133.085174561, 133.537963867, 133.979141235, 134.420318604, 134.861495972, 135.30267334, 135.743850708, 136.196640015, 136.649429321, 137.090606689, 137.531784058, 137.972961426, 138.414154053, 138.855331421, 139.308120728, 139.760910034, 140.202087402, 140.643264771, 141.084442139, 141.525619507, 141.966796875, 142.419586182, 142.872375488, 143.313552856, 143.754730225, 144.195922852, 144.63710022, 145.078277588, 145.531066895, 145.983856201, 146.425033569, 146.866210938, 147.307388306, 147.748565674, 148.189743042, 148.642532349, 149.095321655, 149.536499023, 149.97769165, 150.418869019, 150.860046387, 151.301223755, 151.742401123, 152.19519043, 152.647979736, 153.089157104, 153.530334473, 153.971511841, 154.412689209, 154.865478516, 155.318267822, 155.759460449, 156.200637817, 156.676635742, 157.175872803, 157.651885986, 158.127883911, 158.615509033, 159.079910278, 159.521087646, 159.962265015, 160.42666626, 160.867843628, 161.309020996, 161.750198364, 162.191375732, 162.632553101, 163.085342407, 163.526535034, 163.979324341, 164.420501709, 164.861679077, 165.302856445, 165.744033813, 166.19682312, 166.649612427, 167.090789795, 167.531967163, 167.973144531, 168.414321899, 168.855514526, 169.308303833, 169.749481201, 170.202270508, 170.643447876, 171.084625244, 171.525802612, 171.96697998, 172.419769287, 172.872558594, 173.313735962, 173.75491333, 174.196090698, 174.637283325, 175.078460693, 175.53125, 175.972427368, 176.425216675, 176.866394043, 177.307571411, 177.748748779, 178.189926147, 178.642715454, 179.095504761, 179.536682129, 179.977859497, 180.419036865, 180.860229492, 181.30140686, 181.754196167, 182.206985474, 182.648162842, 183.08934021, 183.530517578, 183.971694946, 184.412872314, 184.865661621, 185.318450928, 185.759628296, 186.200805664, 186.641998291, 187.083175659, 187.535964966, 187.988754272, 188.429931641, 188.871109009, 189.312286377, 189.753463745, 190.194641113, 190.635818481, 191.07699585, 191.529785156, 191.982574463, 192.42376709, 192.864944458, 193.306121826, 193.747299194, 194.200088501, 194.652877808, 195.094055176, 195.535232544, 195.976409912, 196.41758728, 196.858764648, 197.299957275, 197.752746582, 198.205535889, 198.646713257, 199.087890625, 199.529067993, 199.970245361, 200.423034668, 200.864212036, 201.317001343, 201.758178711, 202.199356079, 202.640533447, 203.081726074, 203.522903442, 203.975692749, 204.428482056, 204.869659424, 205.310836792, 205.75201416, 206.193191528, 206.634368896, 207.087158203, 207.53994751, 207.981124878, 208.422302246, 208.863494873, 209.304672241, 209.745849609, 210.198638916, 210.651428223, 211.092605591, 211.533782959, 211.974960327, 212.416137695, 212.857315063, 213.298492432, 213.762893677, 214.204071045, 214.645263672, 215.08644104, 215.527618408, 215.968795776, 216.409973145, 216.862762451, 217.315551758, 217.756729126, 218.197906494, 218.639083862, 219.08026123, 219.521453857, 219.974243164, 220.415420532, 220.868209839, 221.309387207, 221.750564575, 222.191741943, 222.632919312, 223.07409668, 223.526885986, 223.979675293, 224.420852661, 224.862030029, 225.303222656, 225.744400024, 226.197189331, 226.638366699, 227.091156006, 227.532333374, 227.973510742, 228.41468811, 228.855865479, 229.308654785, 229.761444092, 230.20262146, 230.643798828, 231.084991455, 231.526168823, 231.967346191, 232.420135498, 232.861312866, 233.314102173, 233.755279541, 234.196456909, 234.637634277, 235.078811646, 235.531600952, 235.984390259, 236.425567627, 236.866760254, 237.307937622, 237.74911499, 238.190292358, 238.631469727, 239.084259033, 239.53704834, 239.978225708, 240.419403076, 240.860580444, 241.301757812, 241.742950439, 242.195739746, 242.636917114, 243.089706421, 243.530883789, 243.972061157, 244.413238525, 244.866027832, 245.3072052, 245.759994507, 246.201171875, 246.642349243, 247.083526611, 247.524719238, 247.965896606, 248.418685913, 248.87147522, 249.312652588, 249.753829956, 250.195007324, 250.636184692, 251.077362061, 251.518539429, 251.971328735, 252.424118042, 252.86529541, 253.306488037, 253.747665405, 254.188842773, 254.64163208, 255.094421387, 255.535598755, 255.976776123, 256.41796875, 256.859130859, 257.300323486, 257.753112793, 258.2059021, 258.647064209, 259.088256836, 259.529418945, 259.970611572, 260.411773682, 260.852966309, 261.305755615, 261.758544922, 262.199737549, 262.640899658, 263.082092285, 263.523254395, 263.964447021, 264.417236328, 264.870025635, 265.311187744, 265.752380371, 266.19354248, 266.634735107, 267.075927734, 267.528717041, 267.981506348, 268.422668457, 268.863861084, 269.305023193, 269.74621582, 270.18737793, 270.640167236, 271.092956543, 271.53414917, 271.975311279, 272.416503906, 272.857696533, 273.298858643, 273.751647949, 274.204437256, 274.645629883, 275.086791992, 275.527984619, 275.969146729, 276.410339355, 276.863128662, 277.315917969, 277.757080078, 278.198272705, 278.639465332, 279.080627441, 279.521820068, 279.962982178, 280.415771484, 280.868560791, 281.309753418, 281.750915527, 282.192108154, 282.633270264, 283.074462891, 283.527252197, 283.980041504, 284.421234131, 284.86239624, 285.303588867, 285.744750977, 286.185943604, 286.627105713, 287.07989502, 287.532684326, 287.973876953, 288.415039062, 288.856231689, 289.297424316, 289.750213623, 290.20300293, 290.644165039, 291.085357666, 291.526519775, 291.967712402, 292.408874512, 292.850067139, 293.302856445, 293.755645752, 294.196807861, 294.638000488, 295.079193115, 295.520355225, 295.973144531, 296.414337158, 296.867126465, 297.308288574, 297.749481201, 298.190643311, 298.631835938, 299.072998047, 299.525787354, 299.97857666, 300.419769287, 300.860961914, 301.302124023, 301.74331665, 302.18447876, 302.637268066, 303.090057373, 303.53125, 303.972412109, 304.413604736, 304.854766846, 305.295959473, 305.748748779, 306.201538086, 306.642730713, 307.083892822, 307.525085449, 307.966247559, 308.407440186, 308.860229492, 309.313018799, 309.754180908, 310.195373535, 310.636535645, 311.077728271, 311.518920898, 311.971710205, 312.424468994, 312.865661621, 313.306854248, 313.748016357, 314.189208984, 314.630371094, 315.071563721, 315.524353027, 315.977142334, 316.418304443, 316.85949707, 317.300689697, 317.741851807, 318.183044434, 318.624206543, 319.07699585, 319.529785156, 319.982574463, 320.43536377, 320.888153076, 321.27130127, 321.654418945, 322.037536621, 322.432281494, 322.81539917, 323.198547363, 323.581665039, 323.964813232, 324.347930908, 324.742675781, 325.125793457, 325.497314453, 325.868835449, 326.240356445, 326.611877441, 326.994995117, 327.378143311, 327.772888184, 328.167602539, 328.632019043, 329.108032227, 329.58404541, 330.164520264, 330.745025635, 331.325531006, 331.906036377, 332.498138428, 333.078643799, 333.659118652, 334.239624023, 334.831726074, 335.435455322, 336.03918457, 336.642883301, 337.235015869, 337.82711792, 338.419219971, 339.011322021, 339.61505127, 340.20715332, 340.799255371, 341.402984619, 342.006713867, 342.610412598, 343.214141846, 343.817871094, 344.409973145, 345.013702393, 345.62902832, 346.232727051, 346.778411865, 347.324066162, 347.858123779, 348.392181396, 348.926239014, 349.483520508, 350.040802002, 350.598083496, 351.143768311, 351.724243164, 352.304748535, 352.885253906, 353.465759277], "beats_loudness": {"dmean2": 0.0572156459093, "median": 0.083195656538, "min": 0, "dvar2": 0.00205304077826, "dvar": 0.000583585293498, "dmean": 0.0303914081305, "max": 0.18187622726, "var": 0.00150608352851, "mean": 0.0807744413614}, "danceability": 1.57627546787, "bpm_histogram_second_peak_weight": {"dmean2": 0, "median": 0.0153256710619, "min": 0.0153256710619, "dvar2": 0, "dvar": 0, "dmean": 0, "max": 0.0153256710619, "var": 0, "mean": 0.0153256710619}, "beats_count": 784, "bpm_histogram_second_peak_bpm": {"dmean2": 0, "median": 99, "min": 99, "dvar2": 0, "dvar": 0, "dmean": 0, "max": 99, "var": 0, "mean": 99}, "bpm_histogram_first_peak_spread": {"dmean2": 0, "median": 0.27982956171, "min": 0.27982956171, "dvar2": 0, "dvar": 0, "dmean": 0, "max": 0.27982956171, "var": 0, "mean": 0.27982956171}, "beats_loudness_band_ratio": {"dmean2": [0.244166269898, 0.0801335945725, 0.19130025804, 0.016266617924, 0.0247718635947, 0.0151730896905], "median": [0.782346606255, 0.0547500401735, 0.124658338726, 0.0073796636425, 0.0067166890949, 0.00539245130494], "min": [0, 0, 0, 0, 0, 0], "dvar2": [0.0772140547633, 0.00601638713852, 0.0543684028089, 0.000391928246245, 0.00141974340659, 0.00078892550664], "dvar": [0.0229392405599, 0.0019642803818, 0.0188432969153, 0.000129475840367, 0.000417025526986, 0.000251235556789], "dmean": [0.133901655674, 0.0449935048819, 0.108072936535, 0.00862758979201, 0.012918388471, 0.0080708116293], "max": [0.982203245163, 0.374016314745, 0.999423086643, 0.134636253119, 0.170636579394, 0.165632128716], "var": [0.0657198429108, 0.00309212482534, 0.0618240535259, 0.000132405024488, 0.000419029995101, 0.000268040283117], "mean": [0.693763792515, 0.0687906816602, 0.209977507591, 0.0104819471017, 0.0136064337566, 0.0106858247891]}}, "lowlevel": {"barkbands_spread": {"dmean2": 11.6964912415, "median": 10.5807695389, "min": 0.0150163872167, "dvar2": 184.597991943, "dvar": 77.7212524414, "dmean": 7.35885906219, "max": 72.6641387939, "var": 143.268890381, "mean": 14.3661394119}, "melbands_spread": {"dmean2": 11.5213689804, "median": 10.4931907654, "min": 0.221736773849, "dvar2": 261.562530518, "dvar": 109.712524414, "dmean": 7.16511726379, "max": 162.259277344, "var": 286.791687012, "mean": 14.5370321274}, "hfc": {"dmean2": 17.7557296753, "median": 16.5864772797, "min": 1.06531082313e-16, "dvar2": 463.375274658, "dvar": 181.426605225, "dmean": 11.0519332886, "max": 118.849578857, "var": 254.683990479, "mean": 19.8523464203}, "barkbands_kurtosis": {"dmean2": 28.784034729, "median": 5.16553401947, "min": -1.88357758522, "dvar2": 72609.1015625, "dvar": 26624.8046875, "dmean": 17.0416545868, "max": 7371.50634766, "var": 49478.0195312, "mean": 25.0673027039}, "gfcc": {"mean": [-38.2745933533, 117.857826233, -95.9732284546, 32.7792396545, -43.7286949158, -13.0133476257, -19.6542282104, 23.5691585541, -6.53892040253, 11.1946287155, -12.1216268539, -11.3858356476, -7.17847156525], "icov": [[6.80753510096e-05, -6.21614672127e-05, 2.9335875297e-05, -8.57616978465e-05, -8.53079327499e-05, 3.25882683683e-05, 0.000386300729588, -0.000296181038721, 8.701490151e-05, -0.000105222919956, 8.08519616839e-05, 0.000116486480692, -1.5254547634e-06], [-6.21614672127e-05, 0.00120550172869, -0.00022621791868, -0.000408650026657, 0.000651090289466, 0.000788318167906, -0.00157601945102, 0.000464342709165, 0.000373325892724, 0.000421186094172, -0.00113010802306, 0.00101922231261, -0.000983682926744], [2.9335875297e-05, -0.00022621791868, 0.00179146917071, 0.000500612193719, -0.000638571567833, -0.000804154726211, 0.00091731356224, 0.00104397162795, -0.00159155158326, 0.000733139168005, -7.27078950149e-05, -0.000424866419053, 0.000292144948617], [-8.57616978465e-05, -0.000408650026657, 0.000500612193719, 0.00311260623857, -0.00176400120836, -0.000268698233413, 0.00134563166648, 0.000102191748738, 0.00172672071494, -0.00128122873139, -0.000467115460197, 0.00101698434446, -0.001967985183], [-8.53079327499e-05, 0.000651090289466, -0.000638571567833, -0.00176400120836, 0.00552499899641, -0.000810544297565, -0.00297093647532, 0.00230708904564, -0.000566919450648, 0.000837485014927, -0.000727355771232, -0.00368733191863, 0.000690738554113], [3.25882683683e-05, 0.000788318167906, -0.000804154726211, -0.000268698233413, -0.000810544297565, 0.0069267526269, -3.22567466355e-05, -0.00247598392889, 0.00260190619156, 0.00213670101948, -0.000659444369376, 7.65543227317e-05, -0.000647372973617], [0.000386300729588, -0.00157601945102, 0.00091731356224, 0.00134563166648, -0.00297093647532, -3.22567466355e-05, 0.0119554558769, -0.00359901878983, -0.00184751360212, -0.00222061993554, 0.00115539378021, 0.00541750760749, -0.00491473590955], [-0.000296181038721, 0.000464342709165, 0.00104397162795, 0.000102191748738, 0.00230708904564, -0.00247598392889, -0.00359901878983, 0.0167908743024, -0.00983895733953, -0.000960631063208, 0.00340294162743, -0.00227039726451, 0.00166109122802], [8.701490151e-05, 0.000373325892724, -0.00159155158326, 0.00172672071494, -0.000566919450648, 0.00260190619156, -0.00184751360212, -0.00983895733953, 0.0192581880838, -0.00290687358938, -0.00678668729961, 0.00561969075352, -0.000845757254865], [-0.000105222919956, 0.000421186094172, 0.000733139168005, -0.00128122873139, 0.000837485014927, 0.00213670101948, -0.00222061993554, -0.000960631063208, -0.00290687358938, 0.0189673881978, -0.00674955686554, -0.00899657513946, 0.00760341854766], [8.08519616839e-05, -0.00113010802306, -7.27078950149e-05, -0.000467115460197, -0.000727355771232, -0.000659444369376, 0.00115539378021, 0.00340294162743, -0.00678668729961, -0.00674955686554, 0.0202472638339, -0.00476984260604, -0.00200960994698], [0.000116486480692, 0.00101922231261, -0.000424866419053, 0.00101698434446, -0.00368733191863, 7.65543227317e-05, 0.00541750760749, -0.00227039726451, 0.00561969075352, -0.00899657513946, -0.00476984260604, 0.0249946340919, -0.0104908477515], [-1.5254547634e-06, -0.000983682926744, 0.000292144948617, -0.001967985183, 0.000690738554113, -0.000647372973617, -0.00491473590955, 0.00166109122802, -0.000845757254865, 0.00760341854766, -0.00200960994698, -0.0104908477515, 0.0252248402685]], "cov": [[23025.7128906, 41.8846473694, -581.276367188, 1541.28796387, 352.291168213, 11.8643712997, -924.713623047, -16.2016372681, -427.097198486, 160.812850952, -34.2419891357, 199.442565918, -41.0125694275], [41.8846473694, 1610.45959473, -68.310295105, 58.9635314941, -147.324890137, -201.824737549, 265.539978027, 6.92455530167, 63.3880500793, -35.6474761963, 49.0413284302, -131.425201416, 80.4504852295], [-581.276367188, -68.310295105, 760.873535156, -110.624198914, 87.8057632446, 87.4447631836, -42.076084137, -45.1738586426, 35.3618621826, -35.202796936, 19.8700847626, 22.6594028473, -2.72169399261], [1541.28796387, 58.9635314941, -110.624198914, 720.034790039, 264.36831665, 48.5026321411, -125.475769043, -123.019371033, -163.382781982, 29.0094795227, 36.3352050781, 95.9589920044, 66.0897064209], [352.291168213, -147.324890137, 87.8057632446, 264.36831665, 380.574645996, 76.8639831543, -38.0491027832, -85.5551071167, -72.1919326782, 19.1081523895, 38.8450508118, 98.6242523193, 39.5881347656], [11.8643712997, -201.824737549, 87.4447631836, 48.5026321411, 76.8639831543, 210.310974121, -43.7780342102, -12.8042669296, -47.6848373413, -31.8444347382, -15.122838974, 26.5914459229, 8.36212921143], [-924.713623047, 265.539978027, -42.076084137, -125.475769043, -38.0491027832, -43.7780342102, 224.605163574, 66.0852127075, 86.5675430298, -4.50345134735, 3.30483150482, -62.8960113525, 18.6904163361], [-16.2016372681, 6.92455530167, -45.1738586426, -123.019371033, -85.5551071167, -12.8042669296, 66.0852127075, 141.83770752, 94.9030914307, 17.2293281555, -6.31213140488, -34.8346748352, -20.2574176788], [-427.097198486, 63.3880500793, 35.3618621826, -163.382781982, -72.1919326782, -47.6848373413, 86.5675430298, 94.9030914307, 156.352279663, 28.4414024353, 27.0072059631, -41.1570396423, -17.636100769], [160.812850952, -35.6474761963, -35.202796936, 29.0094795227, 19.1081523895, -31.8444347382, -4.50345134735, 17.2293281555, 28.4414024353, 106.432121277, 48.1448440552, 40.1781806946, -12.6443042755], [-34.2419891357, 49.0413284302, 19.8700847626, 36.3352050781, 38.8450508118, -15.122838974, 3.30483150482, -6.31213140488, 27.0072059631, 48.1448440552, 89.494392395, 34.956035614, 12.1840229034], [199.442565918, -131.425201416, 22.6594028473, 95.9589920044, 98.6242523193, 26.5914459229, -62.8960113525, -34.8346748352, -41.1570396423, 40.1781806946, 34.956035614, 106.133018494, 23.5664482117], [-41.0125694275, 80.4504852295, -2.72169399261, 66.0897064209, 39.5881347656, 8.36212921143, 18.6904163361, -20.2574176788, -17.636100769, -12.6443042755, 12.1840229034, 23.5664482117, 66.0639038086]]}, "spectral_energyband_middle_low": {"dmean2": 0.0127420965582, "median": 0.0167729631066, "min": 1.65084871149e-22, "dvar2": 0.00021855228988, "dvar": 8.80011357367e-05, "dmean": 0.007897737436, "max": 0.1035361588, "var": 0.000246299023274, "mean": 0.0195235237479}, "melbands_crest": {"dmean2": 7.00474405289, "median": 18.1195678711, "min": 1.68031704426, "dvar2": 33.5631484985, "dvar": 13.3695173264, "dmean": 4.43736171722, "max": 36.9241371155, "var": 50.6134986877, "mean": 19.0686759949}, "spectral_kurtosis": {"dmean2": 5.75720310211, "median": 5.78193807602, "min": -1.25322115421, "dvar2": 53.6210212708, "dvar": 20.4986991882, "dmean": 3.43146252632, "max": 120.344818115, "var": 87.849647522, "mean": 8.05823326111}, "spectral_rms": {"dmean2": 0.00183392479084, "median": 0.00665128137916, "min": 3.09997448718e-12, "dvar2": 2.57969827544e-06, "dvar": 1.26677025492e-06, "dmean": 0.00120232265908, "max": 0.0147830070928, "var": 8.88749218575e-06, "mean": 0.00673259561881}, "zerocrossingrate": {"dmean2": 0.0132636930794, "median": 0.02978515625, "min": 0.00146484375, "dvar2": 0.00019763992168, "dvar": 0.000126519807964, "dmean": 0.0100253075361, "max": 0.525390625, "var": 0.00228345114738, "mean": 0.0378277115524}, "silence_rate_60dB": {"dmean2": 0.00813008099794, "median": 0, "min": 0, "dvar2": 0.0112117044628, "dvar": 0.00404830370098, "dmean": 0.00406477414072, "max": 1, "var": 0.0614277310669, "mean": 0.0657532438636}, "erbbands_kurtosis": {"dmean2": 9.42254924774, "median": 1.14568209648, "min": -1.83318340778, "dvar2": 365.492675781, "dvar": 151.379211426, "dmean": 5.81238412857, "max": 357.865142822, "var": 481.086425781, "mean": 8.11961174011}, "erbbands": {"dmean2": [0.923629939556, 2.84597826004, 8.228307724, 10.1351232529, 14.6182756424, 15.0983324051, 12.7834644318, 10.8419380188, 23.0456943512, 74.5778808594, 36.762096405, 124.260551453, 19.6554775238, 8.02494049072, 5.34427213669, 5.47365951538, 7.24660825729, 13.1422491074, 18.7130260468, 26.3185462952, 30.8620624542, 27.6598110199, 35.5333824158, 32.4255867004, 23.0591068268, 32.0663032532, 12.7757873535, 3.36714553833, 3.34159445763, 2.01074147224, 2.80145168304, 3.38957190514, 1.89607584476, 1.13483440876, 0.533211231232, 0.345629811287, 0.124515973032, 0.0383101217449, 0.0120201455429, 0.00201777345501], "median": [0.37527769804, 0.988357067108, 2.60602807999, 3.00379633904, 3.0057759285, 3.55377054214, 8.21034240723, 8.71039772034, 12.9331045151, 36.6158676147, 22.1336688995, 33.8698959351, 7.98578453064, 3.14203739166, 1.92488431931, 1.5797419548, 2.48649001122, 3.40829181671, 3.8215045929, 5.69778442383, 6.20146274567, 5.70254993439, 5.66838645935, 5.06033468246, 5.33861255646, 9.01453113556, 2.87608003616, 0.883106350899, 0.550024271011, 0.259270429611, 0.132243037224, 0.102052599192, 0.0711875781417, 0.0353801622987, 0.0257114507258, 0.0133662661538, 0.00388183025643, 0.000726493366528, 0.000129669846501, 7.81032722443e-05], "min": [6.15065192143e-23, 1.66060647912e-22, 1.07506075235e-21, 5.68442030848e-21, 1.37924612325e-20, 2.53196431211e-20, 2.6828989245e-20, 6.80264611593e-20, 1.25481463617e-19, 1.91090728543e-19, 2.41972456253e-19, 2.72002653856e-19, 4.69846497845e-19, 9.30124894146e-19, 8.54325836824e-19, 1.42630246374e-18, 1.43290078009e-18, 1.40751233235e-18, 2.02576945605e-18, 3.07611367849e-18, 3.23999738979e-18, 4.58625989291e-18, 4.90261056869e-18, 5.11997460851e-18, 7.18536312077e-18, 7.36037220451e-18, 9.16023036346e-18, 1.07963166873e-17, 1.17014805793e-17, 9.88340790323e-18, 1.20186985539e-17, 1.05340896798e-17, 9.31926162648e-18, 7.83404477457e-18, 6.36770749297e-18, 4.01866220505e-18, 2.19548044796e-18, 9.23715278375e-19, 2.44499854916e-19, 2.62865914078e-20], "dvar2": [1.62659537792, 23.9176635742, 218.092895508, 375.479431152, 642.116455078, 847.765930176, 386.461303711, 161.152770996, 1358.25231934, 13663.2783203, 4613.44628906, 45297.53125, 1356.97961426, 195.007064819, 78.9535140991, 89.6492462158, 125.191993713, 435.228973389, 887.249816895, 1722.60778809, 2365.35546875, 1856.60742188, 4045.390625, 4485.63378906, 1902.8260498, 3480.42895508, 357.91217041, 34.2693252563, 44.2040481567, 23.3420448303, 59.4590911865, 101.947265625, 20.0772571564, 6.48212432861, 2.17636299133, 1.73281085491, 0.150857612491, 0.0100945066661, 0.00157315260731, 5.26846779394e-05], "dvar": [0.762370646, 12.23828125, 86.124420166, 143.328231812, 241.837173462, 318.790008545, 142.773513794, 63.2381286621, 577.171875, 6402.66455078, 2351.8269043, 21015.5136719, 613.066589355, 73.7837142944, 31.0456771851, 33.983795166, 48.8205108643, 173.675048828, 340.004760742, 652.837158203, 897.441040039, 685.655883789, 1386.86523438, 1578.84887695, 745.201416016, 1350.36120605, 133.409500122, 12.2280788422, 15.78748703, 8.52145862579, 21.3267459869, 39.350643158, 7.88024997711, 2.33265781403, 0.774448633194, 0.623556792736, 0.056728053838, 0.00363715807907, 0.000566356931813, 1.84419532161e-05], "dmean": [0.621727705002, 2.02569031715, 5.01552009583, 6.00959634781, 8.42191791534, 8.6972990036, 7.6591758728, 6.65117454529, 14.3945217133, 48.9253616333, 23.4461936951, 78.5230102539, 12.7715759277, 4.80805397034, 3.29248738289, 3.31388115883, 4.46458768845, 7.85715293884, 11.2134742737, 15.5100717545, 18.118144989, 15.8496570587, 19.4079856873, 18.1126308441, 13.8937549591, 19.3000221252, 7.25964069366, 1.89199757576, 1.83765554428, 1.12196350098, 1.51692855358, 1.88633322716, 1.06414651871, 0.612219274044, 0.290653407574, 0.190324291587, 0.0693289265037, 0.0209620874375, 0.00657533621415, 0.00108836742584], "max": [8.33819389343, 42.2755050659, 85.7699661255, 92.2878265381, 209.908630371, 294.229248047, 259.979125977, 112.110984802, 610.879333496, 1764.96313477, 1364.2565918, 2045.9588623, 416.925201416, 131.215332031, 70.1171569824, 92.4584503174, 79.3779220581, 187.686462402, 186.818206787, 316.372955322, 410.465789795, 282.778961182, 589.54107666, 580.797912598, 431.353759766, 634.520751953, 103.020935059, 24.8140106201, 30.0301628113, 31.2401866913, 51.9847869873, 81.7356948853, 32.2456626892, 15.4712362289, 10.8347587585, 12.4502286911, 3.56732177734, 0.804118454456, 0.343443483114, 0.0558414831758], "var": [2.48459410667, 30.9923400879, 88.5633850098, 126.32245636, 263.936920166, 352.441436768, 167.723831177, 119.364425659, 1894.11193848, 26480.3691406, 9927.98828125, 69863.0859375, 1898.07287598, 67.2723312378, 31.1448726654, 32.3773651123, 49.4477005005, 164.39012146, 301.778503418, 578.016113281, 785.417480469, 604.758483887, 1008.47595215, 1120.88256836, 701.671386719, 1349.36425781, 112.964370728, 9.12993431091, 9.85059261322, 5.62210559845, 13.2429914474, 28.9003372192, 6.14895582199, 1.46299684048, 0.476808875799, 0.388653188944, 0.0394853577018, 0.00239038467407, 0.000385053339414, 1.07860441858e-05], "mean": [1.12714362144, 3.53703999519, 5.81241798401, 6.56713247299, 9.00058174133, 9.7415895462, 11.3328800201, 11.459821701, 29.6290054321, 112.200973511, 53.1992797852, 156.201904297, 23.634437561, 5.72780179977, 3.82764148712, 3.58358454704, 4.97363996506, 8.09961509705, 10.5846948624, 14.6749734879, 16.8527088165, 15.1146612167, 16.5922203064, 15.4440050125, 13.9153728485, 20.7157745361, 6.81277370453, 1.89373254776, 1.51596152782, 0.908123135567, 1.05654788017, 1.33853638172, 0.775962769985, 0.417913019657, 0.212115839124, 0.136330232024, 0.0519740581512, 0.0150759276003, 0.00482705980539, 0.000742006406654]}, "spectral_strongpeak": {"dmean2": 0.979743778706, "median": 0.489797055721, "min": 0, "dvar2": 1.74116230011, "dvar": 0.766073048115, "dmean": 0.581891179085, "max": 7.21797609329, "var": 1.87735259533, "mean": 1.14109683037}, "spectral_energy": {"dmean2": 0.028283180669, "median": 0.0453455373645, "min": 9.85008773691e-21, "dvar2": 0.000877961050719, "dvar": 0.000382647966035, "dmean": 0.018323071301, "max": 0.224000737071, "var": 0.00171035528183, "mean": 0.0555704236031}, "average_loudness": 0.917506754398, "spectral_rolloff": {"dmean2": 684.06854248, "median": 516.796875, "min": 43.06640625, "dvar2": 1309606.75, "dvar": 564885, "dmean": 391.458099365, "max": 19573.6816406, "var": 3359632.5, "mean": 876.975891113}, "spectral_centroid": {"dmean2": 584.080932617, "median": 874.029418945, "min": 174.269088745, "dvar2": 366046.15625, "dvar": 169252.140625, "dmean": 372.609558105, "max": 11708.2138672, "var": 1252396.625, "mean": 1187.38964844}, "pitch_salience": {"dmean2": 0.137798547745, "median": 0.457925289869, "min": 0.0130246570334, "dvar2": 0.013404307887, "dvar": 0.00577100785449, "dmean": 0.088313780725, "max": 0.831039726734, "var": 0.0195363815874, "mean": 0.457003414631}, "spectral_energyband_middle_high": {"dmean2": 0.00332440948114, "median": 0.00101353786886, "min": 1.21927654176e-21, "dvar2": 2.26130759984e-05, "dvar": 8.82945550984e-06, "dmean": 0.00207175756805, "max": 0.0278530530632, "var": 9.47563876252e-06, "mean": 0.00219900300726}, "spectral_contrast_coeffs": {"dmean2": [0.0909734219313, 0.0889843925834, 0.0737526491284, 0.0474056787789, 0.0387160107493, 0.0349396057427], "median": [-0.71547460556, -0.687494158745, -0.769902825356, -0.837264060974, -0.819040417671, -0.78033041954], "min": [-0.98416274786, -0.977639138699, -0.9792765975, -0.970774531364, -0.969886064529, -0.964842557907], "dvar2": [0.00528024323285, 0.00476053310558, 0.00379708292894, 0.00149831431918, 0.00124102714472, 0.000905704218894], "dvar": [0.00198731152341, 0.0019410958048, 0.00158648053184, 0.000543882255442, 0.000469243183034, 0.000444457429694], "dmean": [0.0558248981833, 0.0559274889529, 0.0459074527025, 0.0284464042634, 0.0234248097986, 0.0226616635919], "max": [-0.351697951555, -0.2930136621, -0.343892276287, -0.660221457481, -0.693300545216, -0.614563167095], "var": [0.00631622038782, 0.00948798377067, 0.0119703840464, 0.00113850471098, 0.00128338905051, 0.00216379738413], "mean": [-0.710037708282, -0.68625998497, -0.741879940033, -0.834179759026, -0.820961415768, -0.778748750687]}, "melbands_skewness": {"dmean2": 1.74717152119, "median": 2.37752962112, "min": -5.65726709366, "dvar2": 3.11945390701, "dvar": 1.37345767021, "dmean": 1.13747513294, "max": 18.6290569305, "var": 6.44120645523, "mean": 2.70747160912}, "spectral_spread": {"dmean2": 1222393.875, "median": 3410684.75, "min": 734247.3125, "dvar2": 1820677373950.0, "dvar": 797454958592, "dmean": 731394.875, "max": 42110888, "var": 13014600253400.0, "mean": 3962742.25}, "dissonance": {"dmean2": 0.0539830811322, "median": 0.45662972331, "min": 0.0409358218312, "dvar2": 0.003990534693, "dvar": 0.00146855029743, "dmean": 0.0331397689879, "max": 0.5, "var": 0.00464133964851, "mean": 0.434055119753}, "spectral_skewness": {"dmean2": 0.713935315609, "median": 1.65045595169, "min": -0.0945849269629, "dvar2": 0.46222025156, "dvar": 0.185034886003, "dmean": 0.432579666376, "max": 9.35555362701, "var": 0.934334754944, "mean": 1.80763828754}, "spectral_flux": {"dmean2": 0.0547103509307, "median": 0.105788186193, "min": 6.3840564779e-11, "dvar2": 0.00243193795905, "dvar": 0.00114823807962, "dmean": 0.0348743721843, "max": 0.374498128891, "var": 0.00335893314332, "mean": 0.112251237035}, "spectral_contrast_valleys": {"dmean2": [0.711487531662, 0.67268371582, 0.677338421345, 0.740019202232, 0.813056826591, 0.888695240021], "me