{"tonal": {"thpcp": [1, 0.502846062183, 0.078584395349, 0.0639646947384, 0.062673330307, 0.291059315205, 0.498046457767, 0.280210524797, 0.284167766571, 0.502748310566, 0.316310673952, 0.117268264294, 0.10109179467, 0.0812432020903, 0.2479788661, 0.421768814325, 0.304269194603, 0.124993100762, 0.0734922960401, 0.0933416560292, 0.430825889111, 0.76695638895, 0.457516491413, 0.352762162685, 0.531798124313, 0.27241396904, 0.0540595501661, 0.0638406276703, 0.0863331407309, 0.326704114676, 0.523737251759, 0.292070478201, 0.134317576885, 0.191596925259, 0.198678091168, 0.63809221983], "hpcp": {"dmean2": [0.170662507415, 0.14285723865, 0.0735738873482, 0.057797614485, 0.0541469566524, 0.0984123274684, 0.120715335011, 0.0953110083938, 0.126173704863, 0.164228409529, 0.126892715693, 0.0728646963835, 0.0684305131435, 0.0660844147205, 0.109974376857, 0.133712232113, 0.110584914684, 0.0712239518762, 0.0613535530865, 0.0760472565889, 0.13850556314, 0.159432694316, 0.146331608295, 0.136010810733, 0.123413190246, 0.0945205464959, 0.05116282776, 0.0600072257221, 0.0739412978292, 0.120447389781, 0.126994103193, 0.111234024167, 0.0790255665779, 0.091303512454, 0.107740782201, 0.156129181385], "median": [0.102863192558, 0.0596547871828, 0.00327484123409, 0.00294903549366, 0.00300636584871, 0.0116997146979, 0.0147018004209, 0.0103485323489, 0.0131858885288, 0.0199162699282, 0.0204206518829, 0.00710585806519, 0.00852593407035, 0.00620493013412, 0.00632676109672, 0.0137933678925, 0.017302993685, 0.00825912784785, 0.00455105816945, 0.00510355178267, 0.0326059311628, 0.0467698723078, 0.042999856174, 0.0139028942212, 0.00993802491575, 0.00771912187338, 0.00247327052057, 0.00274010188878, 0.00455348100513, 0.0168945547193, 0.0163271464407, 0.00969548616558, 0.00547979585826, 0.00774643849581, 0.0100214993581, 0.0748160779476], "min": [0, 0, 0, 0, 0, 0, 0, 0, 0, 0, 0, 0, 0, 0, 0, 0, 0, 0, 0, 0, 0, 0, 0, 0, 0, 0, 0, 0, 0, 0, 0, 0, 0, 0, 0, 0], "dvar2": [0.0847459062934, 0.0605674162507, 0.0366287864745, 0.0273582171649, 0.0207092799246, 0.0358399115503, 0.0599956512451, 0.033629450947, 0.0565260499716, 0.0966936573386, 0.0595450513065, 0.0314310006797, 0.0294669009745, 0.0247856732458, 0.0489552207291, 0.0744666308165, 0.0439037047327, 0.0323112979531, 0.0309254657477, 0.0342105515301, 0.0538556799293, 0.0896170958877, 0.0561121441424, 0.0739107653499, 0.0659570619464, 0.0431345365942, 0.0219806805253, 0.034277446568, 0.0358691029251, 0.056216109544, 0.0708029642701, 0.0514813177288, 0.0320841372013, 0.0472588390112, 0.0492604598403, 0.0578247793019], "dvar": [0.0368515104055, 0.0220327712595, 0.0121153565124, 0.00927651301026, 0.00691690202802, 0.0132960807532, 0.0261161439121, 0.0129831656814, 0.0205868445337, 0.0382018387318, 0.0209235697985, 0.0109559111297, 0.00998378917575, 0.0086012808606, 0.0181018915027, 0.0300366077572, 0.0161094013602, 0.0106530245394, 0.0101231969893, 0.0115856397897, 0.019521959126, 0.0363831296563, 0.0200343579054, 0.0267025958747, 0.027327215299, 0.0150348497555, 0.00725001981482, 0.0113475685939, 0.0118803298101, 0.0202300436795, 0.0279036518186, 0.01809941791, 0.0118699595332, 0.0170450937003, 0.0177068803459, 0.0219464413822], "dmean": [0.0974454954267, 0.0808384940028, 0.0392979569733, 0.0311113297939, 0.0290655363351, 0.0557884573936, 0.0692334547639, 0.0548977144063, 0.0710503309965, 0.0911427140236, 0.0714178085327, 0.0403972193599, 0.0373507030308, 0.0359451808035, 0.0623929947615, 0.0748523920774, 0.0633555203676, 0.0385482124984, 0.0333213321865, 0.0413298644125, 0.078910574317, 0.0919644236565, 0.0839602053165, 0.0764318928123, 0.0699509158731, 0.0524713844061, 0.0270220786333, 0.0317863896489, 0.0398249439895, 0.0681346580386, 0.0717022642493, 0.0624962486327, 0.0430733971298, 0.0496083125472, 0.0598424710333, 0.08999812603], "max": [1, 1, 1, 1, 1, 1, 1, 1, 1, 1, 1, 1, 1, 1, 1, 1, 1, 1, 1, 1, 1, 1, 1, 1, 1, 1, 0.847008705139, 1, 1, 1, 1, 1, 1, 1, 1, 1], "var": [0.17436671257, 0.0497248247266, 0.00873821601272, 0.00672049308196, 0.00489952554926, 0.0328535735607, 0.105639398098, 0.031627163291, 0.0308220423758, 0.101333416998, 0.03659587726, 0.0118218716234, 0.00879401527345, 0.00703855650499, 0.0328356474638, 0.0823679715395, 0.0340334512293, 0.011829726398, 0.00750173302367, 0.00961968209594, 0.0429315976799, 0.141599044204, 0.0478321537375, 0.0472940318286, 0.112340934575, 0.0314546562731, 0.00471155112609, 0.00740014296025, 0.00818026717752, 0.0408028289676, 0.11302998662, 0.0342739634216, 0.0160638429224, 0.0370704643428, 0.0249506849796, 0.0768027305603], "mean": [0.364643841982, 0.183359712362, 0.0286553166807, 0.0233243312687, 0.0228534433991, 0.106132984161, 0.18160957098, 0.102177046239, 0.103620022535, 0.183324068785, 0.115340739489, 0.0427611507475, 0.0368625000119, 0.0296248327941, 0.090423963964, 0.153795406222, 0.110949888825, 0.0455779656768, 0.0267985127866, 0.0340364612639, 0.157098010182, 0.279665917158, 0.166830569506, 0.128632545471, 0.193916916847, 0.0993340760469, 0.0197124816477, 0.0232790913433, 0.0314808487892, 0.119130648673, 0.190977573395, 0.106501698494, 0.0489780753851, 0.0698646381497, 0.0724467411637, 0.232676401734]}, "tuning_equal_tempered_deviation": 0.041017331183, "chords_changes_rate": 0.0544786080718, "key_key": "A", "tuning_diatonic_strength": 0.461652010679, "key_scale": "minor", "chords_number_rate": 0.00367647060193, "tuning_frequency": 441.782684326, "tuning_nontempered_energy_ratio": 0.622947096825, "chords_histogram": [20.8556156158, 10.6951875687, 11.764705658, 4.1109623909, 0, 3.87700533867, 0, 7.98796796799, 1.40374326706, 3.47593593597, 0, 0, 0, 0, 0.0668449178338, 0, 1.73796796799, 0.0334224589169, 0.367647051811, 0, 0.100267380476, 0.0668449178338, 19.1510696411, 14.3048124313], "key_strength": 0.756382107735, "chords_key": "A", "chords_strength": {"dmean2": 0.00596159463748, "median": 0.473052322865, "min": -1, "dvar2": 0.00122973136604, "dvar": 0.000682272773702, "dmean": 0.00968205928802, "max": 0.68047362566, "var": 0.0243214033544, "mean": 0.459163576365}, "chords_scale": "minor", "hpcp_entropy": {"dmean2": 0.599200487137, "median": 1.35339987278, "min": 0, "dvar2": 0.441803127527, "dvar": 0.178901895881, "dmean": 0.347926497459, "max": 3.98997044563, "var": 0.611709415913, "mean": 1.36550581455}}, "metadata": {"audio_properties": {"equal_loudness": 0, "codec": "mp3", "downmix": "mix", "sample_rate": 44100, "analysis_sample_rate": 44100, "bit_rate": 320000, "md5_encoded": "dfa62bcd6ec9ad925225f123d1c884fd", "length": 138.866943359, "replay_gain": -10.9151058197, "lossless": false}, "version": {"essentia_build_sha": "9d802f11a06d563db11312c01732e940832f6a11", "essentia": "2.1-beta2", "extractor": "music 1.0", "essentia_git_sha": "v2.1_beta2"}, "tags": {"title": ["Blfonk I"], "releasedate": ["2005-05-23"], "date": ["2005-05-23"], "file_name": "Karsten Pflum - Flugten Fra \u00c5r 2000 - 03. Blfonk I.mp3", "musicip_puid": ["615fdb2d-54d5-ec2d-cc40-ef248a32894f"], "musicbrainz_recordingid": ["03a6a7e6-270f-4244-8fbe-30533aad704d"], "taggingdate": ["2006-12-31T09:17:23"], "musicbrainz album status": ["official"], "musicbrainz_albumartistid": ["1d61d38e-d97a-4743-9181-9df06e1a9d0e"], "musicbrainz_albumid": ["9230015a-fb5f-4dcb-9301-1a8da14e910d"], "artist": ["Karsten Pflum"], "tracknumber": ["3/13"], "artistsort": ["Karsten Pflum"], "album": ["Flugten Fra \u00c5r 2000"], "musicbrainz album release country": ["DK"], "musicbrainz album type": ["album"], "musicbrainz_artistid": ["1d61d38e-d97a-4743-9181-9df06e1a9d0e"]}}, "rhythm": {"bpm_histogram_first_peak_bpm": {"dmean2": 0, "median": 140, "min": 140, "dvar2": 0, "dvar": 0, "dmean": 0, "max": 140, "var": 0, "mean": 140}, "bpm": 141.032394409, "bpm_histogram_second_peak_spread": {"dmean2": 0, "median": 0.33333337307, "min": 0.33333337307, "dvar2": 0, "dvar": 0, "dmean": 0, "max": 0.33333337307, "var": 0, "mean": 0.33333337307}, "bpm_histogram_first_peak_weight": {"dmean2": 0, "median": 0.418749988079, "min": 0.418749988079, "dvar2": 0, "dvar": 0, "dmean": 0, "max": 0.418749988079, "var": 0, "mean": 0.418749988079}, "onset_rate": 2.9810218811, "beats_position": [0.417959183455, 0.859138309956, 1.28870749474, 1.72988653183, 2.15945577621, 2.60063481331, 3.03020405769, 3.45977306366, 3.88934230804, 4.31891155243, 4.73687076569, 5.16644001007, 5.59600877762, 6.01396799088, 6.44353723526, 6.87310647964, 7.2910656929, 7.72063493729, 8.15020370483, 8.56816291809, 8.99773216248, 9.42730140686, 9.84526062012, 10.2748298645, 10.7043991089, 11.1223583221, 11.5403175354, 11.9698867798, 12.3994560242, 12.8174142838, 13.2469835281, 13.6765527725, 14.1061220169, 14.5356912613, 14.9536504745, 15.3716096878, 15.8011789322, 16.2307472229, 16.6603164673, 17.0898857117, 17.5078449249, 17.9258041382, 18.3553733826, 18.784942627, 19.2029018402, 19.6324710846, 20.062040329, 20.4799995422, 20.9095687866, 21.3275279999, 21.7454872131, 22.1634464264, 22.5814056396, 22.9993648529, 23.4173240662, 23.8468933105, 24.2648525238, 24.6828117371, 25.1123809814, 25.5419502258, 25.9831295013, 26.4010887146, 26.8190479279, 27.2370071411, 27.6549663544, 28.0729255676, 28.4908847809, 28.9088420868, 29.3500213623, 29.7795906067, 30.2091598511, 30.6387290955, 31.079908371, 31.5094776154, 31.9390468597, 32.3686180115, 32.8097953796, 33.2277526855, 33.6457138062, 34.0636711121, 34.4816322327, 34.8995895386, 35.329158783, 35.7587280273, 36.1999092102, 36.6178665161, 37.0358276367, 37.4653968811, 37.8949661255, 38.3129234314, 38.7424926758, 39.1720619202, 39.6016311646, 40.0312004089, 40.4491615295, 40.8671188354, 41.2966880798, 41.7262573242, 42.1558265686, 42.5970077515, 43.0265769958, 43.4445343018, 43.8624954224, 44.2688446045, 44.6868019104, 45.0931510925, 45.5111083984, 45.9406776428, 46.3702468872, 46.7882080078, 47.2177772522, 47.6473464966, 48.0653038025, 48.4948730469, 48.9244422913, 49.3424034119, 49.7719726562, 50.2015419006, 50.6194992065, 51.0490684509, 51.4786376953, 51.8965988159, 52.3261680603, 52.7557373047, 53.1736946106, 53.603263855, 54.0328330994, 54.45079422, 54.8803634644, 55.3099327087, 55.7278900146, 56.157459259, 56.5870285034, 57.0049858093, 57.4229469299, 57.8525161743, 58.2820854187, 58.7116546631, 59.1412239075, 59.5591812134, 59.977142334, 60.4067115784, 60.8362808228, 61.2542381287, 61.683807373, 62.1133766174, 62.5429458618, 62.9725151062, 63.3904762268, 63.8084335327, 64.2380065918, 64.6675720215, 65.0971450806, 65.5267105103, 65.9446716309, 66.3626327515, 66.7805862427, 67.2101593018, 67.6397247314, 68.0692977905, 68.4988632202, 68.9168243408, 69.3463897705, 69.7759628296, 70.1939239502, 70.6234893799, 71.053062439, 71.4710159302, 71.9005889893, 72.3301544189, 72.7481155396, 73.1776885986, 73.5956420898, 74.0252151489, 74.4431762695, 74.8727416992, 75.3023147583, 75.7202682495, 76.1498413086, 76.5794067383, 77.0089797974, 77.4385452271, 77.8565063477, 78.2744674683, 78.7040328979, 79.133605957, 79.5515594482, 79.9811325073, 80.410697937, 80.8286590576, 81.2582321167, 81.6877975464, 82.105758667, 82.5237197876, 82.9416732788, 83.3596343994, 83.77759552, 84.1955566406, 84.6135101318, 84.9966430664, 85.3797683716, 85.7745132446, 86.1692504883, 86.598815918, 87.0283889771, 87.4579544067, 87.8875274658, 88.3170928955, 88.7466659546, 89.1762313843, 89.6058044434, 90.023765564, 90.4533309937, 90.8712921143, 91.2892532349, 91.7188186646, 92.1367797852, 92.5547409058, 92.9959182739, 93.4254837036, 93.8550567627, 94.2846221924, 94.702583313, 95.1321487427, 95.5501098633, 95.9680709839, 96.3860321045, 96.8039855957, 97.2219467163, 97.6399078369, 98.0578689575, 98.4990463257, 98.9170074463, 99.346572876, 99.7645339966, 100.194099426, 100.612060547, 101.030021667, 101.447982788, 101.865936279, 102.2838974, 102.725074768, 103.166259766, 103.584213257, 104.002174377, 104.443351746, 104.861312866, 105.279273987, 105.708839417, 106.138412476, 106.567977905, 106.997550964, 107.438728333, 107.879905701, 108.321083069, 108.762268066, 109.191833496, 109.621406555, 110.039360046, 110.457321167, 110.875282288, 111.293243408, 111.711196899, 112.12915802, 112.535507202, 112.941856384, 113.359817505, 113.777778625, 114.195732117, 114.602081299, 115.008430481, 115.414779663, 115.821128845, 116.215873718, 116.633827209, 117.028572083, 117.446525574, 117.864486694, 118.282447815, 118.700408936, 119.118362427, 119.547935486, 119.989112854, 120.441902161, 120.883079529, 121.335868835, 121.777046204, 122.22983551, 122.682624817, 123.123809814, 123.564987183, 123.994552612, 124.43573761, 124.853691101, 125.271652222, 125.701225281, 126.13079071, 126.64163208, 127.15246582, 127.674919128, 128.197372437, 128.731430054, 129.230651855, 129.718276978, 130.194290161, 130.681900024, 131.181137085, 131.65713501, 132.133148193, 132.5859375, 133.038726807, 133.503128052, 134.013961792, 134.524810791, 135.035644531, 135.55809021, 136.092147827, 136.626205444, 137.171875, 137.717544556, 138.251602173], "beats_loudness": {"dmean2": 0.0371326766908, "median": 0.0465501956642, "min": 0, "dvar2": 0.0011448074365, "dvar": 0.000403437530622, "dmean": 0.0214297305793, "max": 0.118441812694, "var": 0.00068084319355, "mean": 0.0435495376587}, "danceability": 0.99890100956, "bpm_histogram_second_peak_weight": {"dmean2": 0, "median": 0.0250000003725, "min": 0.0250000003725, "dvar2": 0, "dvar": 0, "dmean": 0, "max": 0.0250000003725, "var": 0, "mean": 0.0250000003725}, "beats_count": 321, "bpm_histogram_second_peak_bpm": {"dmean2": 0, "median": 148, "min": 148, "dvar2": 0, "dvar": 0, "dmean": 0, "max": 148, "var": 0, "mean": 148}, "bpm_histogram_first_peak_spread": {"dmean2": 0, "median": 0.517985582352, "min": 0.517985582352, "dvar2": 0, "dvar": 0, "dmean": 0, "max": 0.517985582352, "var": 0, "mean": 0.517985582352}, "beats_loudness_band_ratio": {"dmean2": [0.232025787234, 0.747750043869, 0.753684282303, 0.287737756968, 0.0889427736402, 0.0113833472133], "median": [0.0567405708134, 0.2071223557, 0.252935409546, 0.0294600818306, 0.0053358017467, 0.0014554716181], "min": [0, 0, 0, 0, 0, 0], "dvar2": [0.0770222768188, 0.316972881556, 0.289594441652, 0.103319056332, 0.0409814231098, 0.000747696263716], "dvar": [0.0286954529583, 0.1178085953, 0.0929198116064, 0.0429960228503, 0.0136702684686, 0.000268158881227], "dmean": [0.126478374004, 0.400815576315, 0.392699331045, 0.164187371731, 0.0471664145589, 0.00651297997683], "max": [0.997308671474, 0.983086824417, 0.961422741413, 0.883441925049, 0.667519390583, 0.194120392203], "var": [0.0446306169033, 0.107134111226, 0.106349490583, 0.0391233675182, 0.00831923261285, 0.000268787553068], "mean": [0.156977295876, 0.346228718758, 0.365681946278, 0.139340162277, 0.0311925839633, 0.00627585733309]}}, "lowlevel": {"barkbands_spread": {"dmean2": 2.42841124535, "median": 5.31995868683, "min": 0.0919641628861, "dvar2": 10.9842643738, "dvar": 4.89701938629, "dmean": 1.50622808933, "max": 88.3444290161, "var": 38.3395652771, "mean": 7.10686302185}, "melbands_spread": {"dmean2": 3.7551381588, "median": 8.40592384338, "min": 0.140578851104, "dvar2": 38.3663253784, "dvar": 18.4611778259, "dmean": 2.37334799767, "max": 163.564453125, "var": 282.166320801, "mean": 11.9569749832}, "hfc": {"dmean2": 7.53232574463, "median": 6.9156537056, "min": 1.10412041694e-16, "dvar2": 269.77935791, "dvar": 120.188537598, "dmean": 4.98755121231, "max": 229.341033936, "var": 269.376586914, "mean": 12.5562381744}, "barkbands_kurtosis": {"dmean2": 9.71919727325, "median": 4.43690776825, "min": -1.74720656872, "dvar2": 727.486938477, "dvar": 268.904052734, "dmean": 5.89277696609, "max": 418.837219238, "var": 416.57409668, "mean": 10.50685215}, "gfcc": {"mean": [-123.270446777, 139.450668335, -86.0410690308, -8.05627918243, -67.843170166, -2.01206946373, -29.5365085602, 1.75313901901, -13.6846017838, -3.63214874268, -13.8421726227, -1.82919573784, -3.56602096558], "icov": [[0.000350202579284, -0.000739418319426, 0.000992722576484, -0.000338362966431, 0.00122044619638, -0.000806869531516, 0.0012399678817, -0.000683028774802, 0.001296122442, -0.00110320665408, 0.00105967232957, -0.000641829799861, 0.000306313595502], [-0.000739418319426, 0.00273704738356, -0.00203213631175, 0.00120151042938, -0.00261808466166, 0.00224305642769, -0.00281969830394, 0.00219921488315, -0.00369254010729, 0.00423234002665, -0.00307633308694, 0.00207509286702, -0.00130699027795], [0.000992722576484, -0.00203213631175, 0.00406839512289, -0.00118217582349, 0.00324493763037, -0.00203175027855, 0.00381273496896, -0.00170628738124, 0.00322350952774, -0.00267644668929, 0.00308679090813, -0.00181522115599, 0.000873126031365], [-0.000338362966431, 0.00120151042938, -0.00118217582349, 0.00352294486947, -0.00199227477424, 0.000143118333654, -0.0012388684554, 0.0015706170816, -0.00162530317903, 0.00248245988041, -0.000375639763661, 0.000333117262926, 0.000498780922499], [0.00122044619638, -0.00261808466166, 0.00324493763037, -0.00199227477424, 0.00838225521147, -0.00319412839599, 0.00281118601561, -0.00202149734832, 0.0029221738223, -0.00465061888099, 0.00322974449955, -0.000958307937253, 0.000552112935111], [-0.000806869531516, 0.00224305642769, -0.00203175027855, 0.000143118333654, -0.00319412839599, 0.00946579966694, -0.00465393159539, 0.00502297142521, -0.00522572314367, 0.0043124537915, -0.00140644889325, 0.00226487033069, 0.000777857727371], [0.0012399678817, -0.00281969830394, 0.00381273496896, -0.0012388684554, 0.00281118601561, -0.00465393159539, 0.0104909166694, -0.00566862896085, 0.00901624839753, -0.00273061078042, 0.00218834844418, -0.00362784625031, -0.000801738293376], [-0.000683028774802, 0.00219921488315, -0.00170628738124, 0.0015706170816, -0.00202149734832, 0.00502297142521, -0.00566862896085, 0.00828073360026, -0.00803333055228, 0.00390457687899, 0.000153224100359, 0.00174468092155, 0.00152642605826], [0.001296122442, -0.00369254010729, 0.00322350952774, -0.00162530317903, 0.0029221738223, -0.00522572314367, 0.00901624839753, -0.00803333055228, 0.0174592863768, -0.00865327194333, 0.000796160136815, -0.00256386259571, -0.000822110392619], [-0.00110320665408, 0.00423234002665, -0.00267644668929, 0.00248245988041, -0.00465061888099, 0.0043124537915, -0.00273061078042, 0.00390457687899, -0.00865327194333, 0.0196894463152, -0.00945574697107, 0.00582228507847, -0.00402043852955], [0.00105967232957, -0.00307633308694, 0.00308679090813, -0.000375639763661, 0.00322974449955, -0.00140644889325, 0.00218834844418, 0.000153224100359, 0.000796160136815, -0.00945574697107, 0.0203008204699, -0.0104222660884, 0.00960553903133], [-0.000641829799861, 0.00207509286702, -0.00181522115599, 0.000333117262926, -0.000958307937253, 0.00226487033069, -0.00362784625031, 0.00174468092155, -0.00256386259571, 0.00582228507847, -0.0104222660884, 0.0115010077134, -0.00528062786907], [0.000306313595502, -0.00130699027795, 0.000873126031365, 0.000498780922499, 0.000552112935111, 0.000777857727371, -0.000801738293376, 0.00152642605826, -0.000822110392619, -0.00402043852955, 0.00960553903133, -0.00528062786907, 0.0102510806173]], "cov": [[22346.984375, 1751.45544434, -2588.03393555, -372.828430176, -1444.71228027, 74.2053604126, -579.540283203, -246.965393066, -457.903137207, -145.684066772, -288.826751709, -27.6660709381, 20.283618927], [1751.45544434, 1206.41687012, -34.6214675903, -165.089950562, -12.825050354, -58.6665153503, 18.9131240845, -57.6109657288, 23.994550705, -90.2679138184, 5.21515798569, 1.77045404911, 90.2085113525], [-2588.03393555, -34.6214675903, 876.438476562, 98.7012863159, 57.4271011353, -0.792242825031, -99.1524200439, -36.8983879089, 52.795173645, 0.349824994802, -9.25193309784, -25.7815093994, -12.0666236877], [-372.828430176, -165.089950562, 98.7012863159, 445.158447266, 84.1791229248, 107.195846558, 11.1623020172, -95.1779174805, -41.2238121033, -46.4767913818, -25.4052410126, -12.2790355682, -41.6511726379], [-1444.71228027, -12.825050354, 57.4271011353, 84.1791229248, 316.746704102, 41.630279541, 47.8201637268, 3.16850829124, 44.2158851624, 22.4425239563, -1.62221777439, -37.1096572876, 10.3485918045], [74.2053604126, -58.6665153503, -0.792242825031, 107.195846558, 41.630279541, 206.492752075, 28.470243454, -104.158836365, -33.2496452332, -29.2006931305, -15.998167038, -19.0459022522, -23.9594364166], [-579.540283203, 18.9131240845, -99.1524200439, 11.1623020172, 47.8201637268, 28.470243454, 340.36706543, 62.3374443054, -103.088272095, -73.2637329102, -12.2580394745, 71.1428070068, 51.3653869629], [-246.965393066, -57.6109657288, -36.8983879089, -95.1779174805, 3.16850829124, -104.158836365, 62.3374443054, 322.478790283, 91.9700927734, 11.9538249969, -5.76870393753, -13.5742063522, -17.1248493195], [-457.903137207, 23.994550705, 52.795173645, -41.2238121033, 44.2158851624, -33.2496452332, -103.088272095, 91.9700927734, 193.267089844, 75.6343231201, 44.8548126221, -17.1510829926, -13.0668888092], [-145.684066772, -90.2679138184, 0.349824994802, -46.4767913818, 22.4425239563, -29.2006931305, -73.2637329102, 11.9538249969, 75.6343231201, 125.723983765, 46.0527610779, -16.2844944, -7.59416675568], [-288.826751709, 5.21515798569, -9.25193309784, -25.4052410126, -1.62221777439, -15.998167038, -12.2580394745, -5.76870393753, 44.8548126221, 46.0527610779, 166.431915283, 83.6121292114, -78.7000579834], [-27.6660709381, 1.77045404911, -25.7815093994, -12.2790355682, -37.1096572876, -19.0459022522, 71.1428070068, -13.5742063522, -17.1510829926, -16.2844944, 83.6121292114, 201.726409912, 32.6811218262], [20.283618927, 90.2085113525, -12.0666236877, -41.6511726379, 10.3485918045, -23.9594364166, 51.3653869629, -17.1248493195, -13.0668888092, -7.59416675568, -78.7000579834, 32.6811218262, 205.881011963]]}, "spectral_energyband_middle_low": {"dmean2": 0.0106409434229, "median": 0.0100528234616, "min": 1.37665000094e-22, "dvar2": 0.000441268930444, "dvar": 0.000202943294425, "dmean": 0.00677651679143, "max": 0.137281805277, "var": 0.000277722079773, "mean": 0.014665402472}, "melbands_crest": {"dmean2": 4.8636007309, "median": 14.5178184509, "min": 1.55162656307, "dvar2": 23.983039856, "dvar": 9.62626266479, "dmean": 2.94814920425, "max": 39.258605957, "var": 44.1146621704, "mean": 15.5616865158}, "spectral_kurtosis": {"dmean2": 10.403429985, "median": 18.8568344116, "min": -1.27632045746, "dvar2": 109.680496216, "dvar": 39.8642730713, "dmean": 6.12223672867, "max": 83.4610595703, "var": 185.149246216, "mean": 20.4895515442}, "spectral_rms": {"dmean2": 0.00111943588126, "median": 0.00378401018679, "min": 3.13219068737e-12, "dvar2": 2.95757172353e-06, "dvar": 1.4232933836e-06, "dmean": 0.000725912163034, "max": 0.0119445277378, "var": 4.57896885564e-06, "mean": 0.00402786675841}, "zerocrossingrate": {"dmean2": 0.00410882942379, "median": 0.02685546875, "min": 0, "dvar2": 6.58170465613e-05, "dvar": 5.61074884899e-05, "dmean": 0.00326318177395, "max": 0.52587890625, "var": 0.00339951761998, "mean": 0.0364255197346}, "silence_rate_60dB": {"dmean2": 0.016722407192, "median": 0, "min": 0, "dvar2": 0.0191196147352, "dvar": 0.0082896631211, "dmean": 0.00835980568081, "max": 1, "var": 0.118044964969, "mean": 0.136743560433}, "erbbands_kurtosis": {"dmean2": 5.00542020798, "median": 5.626101017, "min": -1.4640352726, "dvar2": 54.0759887695, "dvar": 20.0323925018, "dmean": 2.9999806881, "max": 98.6836700439, "var": 76.1493453979, "mean": 8.08258342743}, "erbbands": {"dmean2": [0.0145160444081, 0.233069643378, 1.05609834194, 2.38818120956, 5.29657793045, 11.8818588257, 21.2672386169, 34.7167053223, 35.0028800964, 39.8298606873, 25.2451305389, 43.4912643433, 44.4230499268, 58.5021629333, 41.3373336792, 13.7190666199, 15.1183166504, 7.20249795914, 20.7394504547, 6.16560125351, 2.78879070282, 2.57813119888, 1.51668286324, 1.07025790215, 0.725762724876, 0.586962878704, 0.748515963554, 0.728617787361, 0.451868623495, 0.654382765293, 0.468432575464, 0.152559459209, 0.121557340026, 0.028852885589, 0.0117657883093, 0.00459807505831, 0.00165067310445, 0.000423989404226, 7.1258386015e-05, 1.76041612576e-05], "median": [0.00503100082278, 0.0746255889535, 0.366010725498, 0.666575551033, 1.17367601395, 2.2553691864, 6.57878828049, 14.4571876526, 10.0953435898, 10.1158790588, 7.59844017029, 7.31252670288, 8.32931900024, 6.07832241058, 2.21079945564, 1.24543368816, 0.784811615944, 0.5884578228, 0.815092563629, 0.527172744274, 0.357280254364, 0.27808713913, 0.168143063784, 0.134964495897, 0.0964100733399, 0.0822123587132, 0.0655282735825, 0.0515987277031, 0.038916438818, 0.0314848683774, 0.0236648935825, 0.0176482480019, 0.0102290268987, 0.00605041580275, 0.00314693199471, 0.00144241412636, 0.000614440417849, 0.00016947221593, 3.93164882553e-05, 2.09507052205e-05], "min": [8.1153541821e-23, 9.21207783746e-22, 1.51197821833e-21, 9.25261130306e-21, 1.78328233189e-20, 1.9058942478e-20, 3.7708488714e-20, 4.0575012041e-20, 6.41189116444e-20, 2.64258278768e-19, 1.20595023396e-19, 2.15504395636e-19, 5.232190344e-19, 4.30810810763e-19, 7.78531845982e-19, 1.15471363284e-18, 1.65536883449e-18, 2.20205405229e-18, 1.86567588632e-18, 2.62524213521e-18, 3.81462528567e-18, 4.60380315293e-18, 5.68049990213e-18, 6.47145083103e-18, 6.17921577883e-18, 9.98103920375e-18, 8.10750820354e-18, 9.50059450601e-18, 1.09161197369e-17, 1.13651630043e-17, 9.59233545338e-18, 8.79997749026e-18, 1.07043830068e-17, 6.96157354194e-18, 6.42599270688e-18, 4.22919910969e-18, 2.2943696834e-18, 9.44630953754e-19, 2.40245096339e-19, 2.73388879315e-20], "dvar2": [0.000823952199426, 0.135017693043, 2.69842267036, 31.7726020813, 277.392028809, 2013.17895508, 4823.92382812, 11791.5185547, 14512.9306641, 19507.5097656, 6635.53027344, 35442.390625, 37217.7226562, 56805.1796875, 45957.015625, 6685.82617188, 12484.9033203, 3722.7980957, 30391.921875, 2282.7265625, 873.916137695, 952.730285645, 75.4407043457, 17.2080669403, 6.35695791245, 4.52560043335, 12.6773061752, 13.9662008286, 11.3006258011, 92.5207595825, 40.80027771, 1.5550006628, 1.15044748783, 0.0212069377303, 0.00141869520303, 0.000150864812895, 1.59261053341e-05, 1.06199775018e-06, 2.68785527169e-08, 7.81145759188e-10], "dvar": [0.000349329784513, 0.0537456385791, 1.01061666012, 13.791387558, 127.148933411, 979.875854492, 2061.34741211, 5471.02539062, 6529.82421875, 7843.20898438, 2656.78466797, 15713.0927734, 15150.421875, 24987.1132812, 18280.6015625, 2767.72485352, 6550.38476562, 1416.65856934, 15019.4980469, 1390.24316406, 436.356842041, 434.6824646, 36.3462905884, 6.42678356171, 2.73315358162, 1.93629872799, 5.99048137665, 6.67495393753, 5.5440621376, 48.5953521729, 22.2376194, 0.757217764854, 0.516652941704, 0.00919547770172, 0.000618006219156, 5.86366986681e-05, 6.28242332823e-06, 4.08619058589e-07, 1.01702264388e-08, 3.44550471487e-10], "dmean": [0.00875308550894, 0.14079003036, 0.627536356449, 1.42484307289, 3.2729780674, 7.59592628479, 13.0382261276, 21.3206367493, 21.3703193665, 24.3137702942, 14.9135332108, 26.8151168823, 27.1163902283, 37.4257659912, 25.6977748871, 8.53411006927, 9.94070053101, 4.62307834625, 16.3058433533, 4.61658382416, 1.99447453022, 1.71834635735, 0.967907309532, 0.668993234634, 0.480277687311, 0.392955422401, 0.525924444199, 0.507547318935, 0.301442593336, 0.448738545179, 0.310696959496, 0.0979539453983, 0.0751668289304, 0.0186034850776, 0.00742991268635, 0.00278503028676, 0.00101206009276, 0.000257680338109, 4.26348269684e-05, 1.10857436084e-05], "max": [0.372663259506, 3.61174964905, 14.7572488785, 87.2622375488, 217.358627319, 495.146331787, 864.647338867, 983.314575195, 1166.85241699, 1255.0949707, 1100.93591309, 2018.1463623, 2312.56958008, 2401.43969727, 2192.51220703, 1844.30126953, 2476.98510742, 1717.9206543, 4151.67382812, 2293.78662109, 1590.5246582, 1513.71069336, 519.565002441, 43.8585929871, 31.9087734222, 22.5158653259, 96.9023971558, 59.9132041931, 103.164001465, 483.213043213, 249.449295044, 45.0773506165, 28.4483947754, 3.46431016922, 0.80678665638, 0.181159749627, 0.0365854762495, 0.00980931706727, 0.00127432472073, 0.000225159776164], "var": [0.000431726541137, 0.0956059098244, 1.78591883183, 24.8501911163, 190.671279907, 1303.40673828, 2265.56347656, 6201.54345703, 7199.92382812, 9951.50976562, 3757.12963867, 23065.8828125, 22035.7539062, 42501.5351562, 28338.2226562, 4377.54492188, 16798.484375, 2477.25585938, 51621.28125, 5465.11132812, 996.081604004, 782.671508789, 111.656837463, 5.72016429901, 3.61677765846, 2.41568231583, 8.00709629059, 8.97336387634, 6.78642416, 65.8093414307, 31.321056366, 0.975662171841, 0.538368999958, 0.0114870583639, 0.00112226116471, 0.000122110242955, 1.40049269248e-05, 8.54760116908e-07, 2.05794563612e-08, 6.6619526562e-10], "mean": [0.0113895079121, 0.192935168743, 0.922111690044, 2.17934584618, 5.11899089813, 11.0467329025, 19.4835014343, 35.8462638855, 34.2713737488, 46.0766105652, 27.9125652313, 59.4291191101, 55.0337638855, 82.7304382324, 50.8506546021, 13.4426584244, 19.7963924408, 8.70794582367, 43.5564880371, 10.3128089905, 3.46001124382, 2.44736719131, 1.31887459755, 0.816135168076, 0.654100298882, 0.534739255905, 0.688765108585, 0.676624953747, 0.400567799807, 0.533319950104, 0.395822525024, 0.149262920022, 0.0997653529048, 0.0322049967945, 0.0138651961461, 0.00531203299761, 0.00195900048129, 0.000497454719152, 9.05988708837e-05, 2.88039627776e-05]}, "spectral_strongpeak": {"dmean2": 1.023691535, "median": 1.3339164257, "min": 0, "dvar2": 2.87969112396, "dvar": 1.24934720993, "dmean": 0.623243689537, "max": 20.1976032257, "var": 3.88530087471, "mean": 1.84207487106}, "spectral_energy": {"dmean2": 0.012935878709, "median": 0.0146767022088, "min": 1.00558836494e-20, "dvar2": 0.000543260073755, "dvar": 0.000244687049417, "dmean": 0.00828737765551, "max": 0.146238535643, "var": 0.000437281036284, "mean": 0.021322812885}, "average_loudness": 0.889988780022, "spectral_rolloff": {"dmean2": 141.421829224, "median": 689.0625, "min": 21.533203125, "dvar2": 157366.328125, "dvar": 115724.617188, "dmean": 82.8486328125, "max": 19509.0820312, "var": 4893832.5, "mean": 1017.17108154}, "spectral_centroid": {"dmean2": 113.762565613, "median": 556.719238281, "min": 184.951263428, "dvar2": 54189.9570312, "dvar": 36669.9257812, "dmean": 73.9096755981, "max": 11780.7949219, "var": 1632039.75, "mean": 757.869506836}, "pitch_salience": {"dmean2": 0.116895727813, "median": 0.484698295593, "min": 0.0372561998665, "dvar2": 0.0166953746229, "dvar": 0.00609406270087, "dmean": 0.0684523135424, "max": 0.949142992496, "var": 0.0159486550838, "mean": 0.493938028812}, "spectral_energyband_middle_high": {"dmean2": 0.00357776158489, "median": 0.000776356260758, "min": 1.0644658329e-21, "dvar2": 0.000130344124045, "dvar": 5.46923438378e-05, "dmean": 0.00232774764299, "max": 0.0831663310528, "var": 0.000108201114926, "mean": 0.00537494104356}, "spectral_contrast_coeffs": {"dmean2": [0.0867559462786, 0.0696078911424, 0.0558794885874, 0.0381915047765, 0.0270139873028, 0.0268231779337], "median": [-0.655314981937, -0.662376105785, -0.687349319458, -0.823193073273, -0.838963866234, -0.826316714287], "min": [-0.987845242023, -0.980529546738, -0.975849151611, -0.969390809536, -0.967269539833, -0.965071499348], "dvar2": [0.00520498864353, 0.00392869813368, 0.00289769633673, 0.00115326314699, 0.000612075789832, 0.000939080200624], "dvar": [0.00206478661858, 0.00144021504093, 0.00125010800548, 0.000503999297507, 0.000292492768494, 0.000470897968626], "dmean": [0.0521530359983, 0.0415005385876, 0.0341501869261, 0.023538177833, 0.0169307719916, 0.0170655753464], "max": [-0.240175053477, -0.429509818554, -0.431585788727, -0.450670480728, -0.582890450954, -0.599910795689], "var": [0.011435081251, 0.00837552268058, 0.0126748410985, 0.00674644531682, 0.00229519186541, 0.0025403550826], "mean": [-0.657080233097, -0.679598510265, -0.697483003139, -0.806487441063, -0.83134585619, -0.814844369888]}, "melbands_skewness": {"dmean2": 0.893944978714, "median": 0.83617824316, "min": -1.93278336525, "dvar2": 1.34730529785, "dvar": 0.551491558552, "dmean": 0.554175257683, "max": 20.5212097168, "var": 2.35389351845, "mean": 1.10600233078}, "spectral_spread": {"dmean2": 748366.75, "median": 2577827, "min": 885168.4375, "dvar2": 1392268804100.0, "dvar": 699407663104, "dmean": 444258.84375, "max": 44892616, "var": 22031584198700.0, "mean": 3475678.5}, "dissonance": {"dmean2": 0.0739549100399, "median": 0.387947738171, "min": 0.152082324028, "dvar2": 0.00456912675872, "dvar": 0.00164583255537, "dmean": 0.043426707387, "max": 0.500000298023, "var": 0.00435868650675, "mean": 0.38693317771}, "spectral_skewness": {"dmean2": 0.809523999691, "median": 3.56674027443, "min": -0.0882773026824, "dvar2": 0.585737586021, "dvar": 0.233211368322, "dmean": 0.488988488913, "max": 7.54242420197, "var": 1.60293579102, "mean": 3.46351695061}, "spectral_flux": {"dmean2": 0.0436767265201, "median": 0.0368221700191, "min": 6.20288959086e-11, "dvar2": 0.00526676839218, "dvar": 0.00211954466067, "dmean": 0.0264143571258, "max": 0.357448995113, "var": 0.00307261012495, "mean": 0.0558254048228}, "spectral_contrast_valleys": {"dmean2": [0.674664735794, 0.627544641495, 0.674922406673, 0.590807497501, 0.446795850992, 0.317310273647], "median": [-7.78446578979, -6.86796188354, -8.03328895569, -9.03755378723, -9.63988208771, -11.9322013855], "min": [-28.1412963867, -27.9407024384, -27.7810401917, -27.7108707428, -27.4430789948, -27.388130188], "dvar2": [0.313079714775, 0.443320006132, 0.65991038084, 0.556082725525, 0.368821680546, 0.191853955388], "dvar": [0.147726729512, 0.205717086792, 0.301702678204, 0.263121724129, 0.189567521214, 0.0994590967894], "dmean": [0.398605972528, 0.370796591043, 0.412044674158, 0.370500028133, 0.291291236877, 0.198105320334], "max": [-5.72249984741, -4.33918571472, -5.0616979599, -5.87007474899, -6.28175449371, -8.8402633667], "var": [5.92626571655, 6.61771297455, 6.2331571579, 5.75293540955, 5.42715597153, 4.25983953476], "mean": [-8.09139823914, -7.19121742249, -8.3115644455, -9.22131538391, -9.66528129578, -11.964756012]}, "erbbands_flatness_db": {"dmean2": 0.0247825868428, "median": 0.272616446018, "min": 0.0307475719601, "dvar2": 0.000705374055542, "dvar": 0.000332266121404, "dmean": 0.0154502652586, "max": 0.415170550346, "var": 0.00456600030884, "mean": 0.263993769884}, "spectral_energyband_high": {"dmean2": 5.92496144236e-05, "median": 8.41296605358e-06, "min": 7.13842893805e-21, "dvar2": 1.98495129666e-07, "dvar": 1.07204101596e-07, "dmean": 4.08250707551e-05, "max": 0.0201854929328, "var": 1.58807580419e-07, "mean": 6.14810342086e-05}, "spectral_entropy": {"dmean2": 0.311244189739, "median": 6.11697006226, "min": 4.65949010849, "dvar2": 0.123738855124, "dvar": 0.0556496270001, "dmean": 0.200175613165, "max": 9.8182220459, "var": 0.624498844147, "mean": 6.33348798752}, "silence_rate_20dB": {"dmean2": 0, "median": 1, "min": 1, "dvar2": 0, "dvar": 0, "dmean": 0, "max": 1, "var": 0, "mean": 1}, "melbands_flatness_db": {"dmean2": 0.0338293462992, "median": 0.339198887348, "min": 0.00281782448292, "dvar2": 0.00122329394799, "dvar": 0.000595453311689, "dmean": 0.0217309109867, "max": 0.618105530739, "var": 0.00668001128361, "mean": 0.327503830194}, "barkbands": {"dmean2": [2.06035874726e-05, 0.000868472503498, 0.0011057255324, 0.000991516397335, 0.00312309991568, 0.00378859904595, 0.00249281385913, 0.00150269293226, 0.00166997895576, 0.00201354338787, 0.00107061141171, 0.000358480552677, 0.000312353397021, 0.000170393366716, 0.000318293576129, 4.65433586214e-05, 6.21687213425e-05, 2.37616750383e-05, 1.69700633705e-05, 1.13198066174e-05, 2.02214123419e-05, 1.38813884405e-05, 1.91470498976e-05, 7.02628676663e-06, 1.97570511773e-06, 9.02560373106e-07, 4.15784171537e-07], "median": [5.68690393266e-06, 0.000263615598669, 0.000325563421939, 0.000192185107153, 0.000633217976429, 0.0016843440244, 0.000654824252706, 0.000185922952369, 0.000186105520697, 0.000164940938703, 3.01690888591e-05, 2.67637478828e-05, 1.27794482978e-05, 9.2112695711e-06, 1.35194986797e-05, 6.05340483162e-06, 5.28417876922e-06, 1.92228981177e-06, 2.39596056417e-06, 1.31792194225e-06, 1.49029858676e-06, 1.20492563838e-06, 7.88218358139e-07, 7.06822618213e-07, 5.14170665156e-07, 3.29644990416e-07, 1.42046772567e-07], "min": [4.49939586979e-25, 2.91887882934e-24, 8.0520225748e-25, 1.47600026747e-24, 8.12951139545e-24, 4.39778003418e-24, 6.87885920492e-24, 4.40250333885e-24, 8.4556580481e-24, 1.52801820916e-23, 1.09931198687e-23, 1.49386668508e-23, 2.87682047351e-23, 3.75296378919e-23, 3.136058153e-23, 6.51144976267e-23, 5.62363540767e-23, 8.93635012515e-23, 1.44540068034e-22, 1.84499810877e-22, 2.58653657357e-22, 3.21841340135e-22, 3.55768543729e-22, 6.19927289001e-22, 8.25164561758e-22, 1.27491493927e-21, 1.86053841617e-21], "dvar2": [3.97884658554e-09, 1.8692961703e-06, 3.24016286868e-06, 8.05252238933e-06, 0.00011394257308, 0.000120461365441, 7.30614410713e-05, 3.07752707158e-05, 5.2350860642e-05, 6.14197997493e-05, 2.86541198875e-05, 4.4446778702e-06, 5.74882869842e-06, 3.83287897421e-06, 6.98552730682e-06, 6.16908195639e-08, 1.08321228254e-06, 9.17158793357e-09, 3.158290518e-09, 1.80694714746e-09, 8.35966496027e-09, 1.11620979126e-08, 8.380572325e-08, 3.16927883937e-09, 5.13351791631e-11, 5.04888101813e-12, 1.04242840488e-12], "dvar": [1.77040082594e-09, 7.50287938445e-07, 1.18537946037e-06, 3.62411969945e-06, 5.31133155164e-05, 5.69043149881e-05, 3.26562440023e-05, 1.22600431496e-05, 2.28457302001e-05, 2.61511668214e-05, 1.10772980406e-05, 1.73181376795e-06, 2.958091045e-06, 1.63835727562e-06, 3.5794453197e-06, 5.44282166004e-08, 4.97880535022e-07, 3.36459060613e-09, 1.32901778471e-09, 7.43130834646e-10, 3.90288779073e-09, 5.54985790657e-09, 4.60032829608e-08, 1.53957624427e-09, 2.19678789048e-11, 1.95070348763e-12, 3.93568397273e-13], "dmean": [1.23340132632e-05, 0.000525949930307, 0.000654296483845, 0.000592295546085, 0.00197697174735, 0.00232682051137, 0.00153317127842, 0.00088677398162, 0.00101625197567, 0.00127222645096, 0.000650718691759, 0.000209536228795, 0.000203128147405, 0.000114956572361, 0.000249379110755, 3.31108676619e-05, 4.31068147009e-05, 1.42473672895e-05, 1.11904328151e-05, 7.34501099942e-06, 1.41750751936e-05, 9.25652875594e-06, 1.30546613946e-05, 4.48244782092e-06, 1.26512998122e-06, 5.47148147234e-07, 2.46524336944e-07], "max": [0.000838921871036, 0.0121866529807, 0.0151344258338, 0.0500085651875, 0.116152510047, 0.0974572375417, 0.0807998180389, 0.0551132187247, 0.0760067105293, 0.0707074403763, 0.0616068392992, 0.0362939760089, 0.0504047013819, 0.0612722784281, 0.068858101964, 0.0196155142039, 0.0531848669052, 0.00145650131162, 0.000610866583884, 0.00056883628713, 0.00200307229534, 0.00364573765546, 0.0144473798573, 0.00196677958593, 0.000144864374306, 2.47390726145e-05, 8.27095209388e-06], "var": [2.02061256616e-09, 1.25703127196e-06, 1.86228396615e-06, 6.21465005679e-06, 6.81707970216e-05, 6.59634024487e-05, 3.62873179256e-05, 1.78167538252e-05, 3.17146987072e-05, 4.25179532613e-05, 1.65698311321e-05, 1.93027199202e-06, 7.17101193004e-06, 5.02351031173e-06, 1.25016658785e-05, 3.62916381391e-07, 8.64468120199e-07, 2.71864575296e-09, 1.6685083315e-09, 8.53954240654e-10, 5.2286930341e-09, 6.94741686402e-09, 6.69925981356e-08, 1.86459958584e-09, 3.47242130883e-11, 4.51439016377e-12, 7.75863694038e-13], "mean": [1.41107793752e-05, 0.000694792775903, 0.000884203473106, 0.000868119881488, 0.00290722656064, 0.00390661647543, 0.00251257442869, 0.00167488132138, 0.00208923174068, 0.00282612908632, 0.00118975585792, 0.00025660241954, 0.000393164984416, 0.000246137322392, 0.000637213059235, 6.20958162472e-05, 6.25538159511e-05, 1.57651993504e-05, 1.48666767927e-05, 9.62226567935e-06, 1.85120316019e-05, 1.25304604808e-05, 1.57602316904e-05, 6.48864624964e-06, 2.34343360717e-06, 1.08343590455e-06, 4.74921392879e-07]}, "erbbands_skewness": {"dmean2": 0.757863283157, "median": 0.998065590858, "min": -3.41462254524, "dvar2": 0.803099751472, "dvar": 0.338771313429, "dmean": 0.48112937808, "max": 7.97662162781, "var": 2.27569532394, "mean": 1.14765322208}, "erbbands_spread": {"dmean2": 3.72350597382, "median": 9.36