{"metadata": {"tags": {"musicbrainz_recordingid": ["03af1723-6af2-4947-8511-04a646134bbb"], "musicbrainz_artistid": ["c445f4b1-437c-408d-b052-c4e58e3dfd3d"], "genre": ["Jazz Vocals"], "bpm": ["0"], "musicbrainz_albumid": ["dcc9d866-0aa2-45dd-88a0-875768a8c152"], "discnumber": ["1/1"], "title": ["Don't Get Around Much Anymore"], "tracknumber": ["4/14"], "artist": ["Barbara Morrison"], "musicbrainz_albumartistid": ["c445f4b1-437c-408d-b052-c4e58e3dfd3d"], "album": ["Live at the 9:20 Special"], "script": ["Latin"], "encodedby": ["iTunes 10.7.0.21"], "compilation": ["0"], "date": ["2002"], "file_name": "04 Don't Get Around Much Anymore.m4a", "musicbrainz_releasegroupid": ["f19b6d80-1759-31ed-b01b-32390f77381d"], "language": ["English"]}, "audio_properties": {"sample_rate": 44100, "downmix": "mix", "lossless": true, "analysis_sample_rate": 44100, "md5_encoded": "6c90ce669ebf36c5a8b96ceb0a4841b0", "equal_loudness": 0, "replay_gain": -11.0721168518, "codec": "alac", "bit_rate": 932501, "length": 256.373321533}, "version": {"extractor": "music 1.0", "essentia_build_sha": "c0e182ba78c2de26e491b7b7a4a2c98c1ed34208", "essentia_git_sha": "v2.1_beta2-2-gbb40004", "essentia": "2.1-beta2"}}, "rhythm": {"beats_loudness_band_ratio": {"dvar2": [0.0864453464746, 0.0421417765319, 0.0467052645981, 0.0712423101068, 0.0174841955304, 0.0119176087901], "var": [0.0685612484813, 0.0224207043648, 0.0211082398891, 0.0342712402344, 0.00707934610546, 0.00526997447014], "min": [0.000183305965038, 0.000198566398467, 0.00319663481787, 0.00093663885491, 0.000412107387092, 0.00149628880899], "dmean": [0.223461478949, 0.127954885364, 0.123696632683, 0.135354503989, 0.0568341910839, 0.0556983351707], "mean": [0.481265306473, 0.154687672853, 0.150839418173, 0.140613690019, 0.0619030222297, 0.0602627806365], "max": [0.976634740829, 0.808048784733, 0.878591656685, 0.926899254322, 0.772073984146, 0.518253624439], "dmean2": [0.392450153828, 0.224049836397, 0.214857399464, 0.237153172493, 0.0995478630066, 0.100263513625], "median": [0.493562102318, 0.113039731979, 0.0979701057076, 0.0553518533707, 0.0315483137965, 0.0371699556708], "dvar": [0.0348348729312, 0.0153183545917, 0.0165831018239, 0.0276350788772, 0.00657144654542, 0.00417289091274]}, "bpm_histogram_first_peak_weight": {"dvar2": 0, "var": 0, "min": 0.331615120173, "dmean": 0, "mean": 0.331615120173, "max": 0.331615120173, "dmean2": 0, "median": 0.331615120173, "dvar": 0}, "bpm": 136.165710449, "beats_count": 583, "bpm_histogram_first_peak_spread": {"dvar2": 0, "var": 0, "min": 0.607723534107, "dmean": 0, "mean": 0.607723534107, "max": 0.607723534107, "dmean2": 0, "median": 0.607723534107, "dvar": 0}, "danceability": 1.21104872227, "bpm_histogram_first_peak_bpm": {"dvar2": 0, "var": 0, "min": 136, "dmean": 0, "mean": 136, "max": 136, "dmean2": 0, "median": 136, "dvar": 0}, "beats_position": [0.429569154978, 0.870748281479, 1.31192743778, 1.764716506, 2.21750569344, 2.67029476166, 3.11147379875, 3.56426286697, 4.01705217361, 4.46984100342, 4.91102027893, 5.36380958557, 5.81659841537, 6.26938772202, 6.71056699753, 7.16335582733, 7.61614513397, 8.05732440948, 8.51011276245, 8.93968200684, 9.38086128235, 9.82204055786, 10.2632198334, 10.7043991089, 11.1455783844, 11.5867567062, 12.0279359818, 12.4575052261, 12.8986845016, 13.3398637772, 13.7810430527, 14.2222223282, 14.66340065, 15.1045799255, 15.5573692322, 15.9985485077, 16.4513378143, 16.904127121, 17.3569164276, 17.8213157654, 18.2857131958, 18.7501125336, 19.2029018402, 19.6556911469, 20.1084804535, 20.5612697601, 21.0140590668, 21.4668483734, 21.9080276489, 22.3375968933, 22.7671642303, 23.1967334747, 23.6379127502, 24.0907020569, 24.5434913635, 24.984670639, 25.4258499146, 25.8670291901, 26.3082084656, 26.7493877411, 27.2021770477, 27.6433563232, 28.0961437225, 28.5605430603, 29.0133323669, 29.4545116425, 29.9073009491, 30.3600902557, 30.8128795624, 31.265668869, 31.7068481445, 32.1596374512, 32.6008148193, 33.053604126, 33.5063934326, 33.9591827393, 34.4119720459, 34.8647613525, 35.3175506592, 35.7587280273, 36.1999092102, 36.6410865784, 37.0706558228, 37.5118370056, 37.9530143738, 38.3941955566, 38.8353729248, 39.2765541077, 39.7061233521, 40.1473007202, 40.5768699646, 41.006439209, 41.4360084534, 41.8655776978, 42.3067550659, 42.7479362488, 43.1775054932, 43.6186828613, 44.0598640442, 44.5010414124, 44.9306106567, 45.3717918396, 45.8129692078, 46.2541503906, 46.6953277588, 47.1248970032, 47.5660743713, 47.9956436157, 48.4368247986, 48.8780021667, 49.3075714111, 49.7371406555, 50.1783218384, 50.6078910828, 51.0490684509, 51.4786376953, 51.9198188782, 52.3609962463, 52.7905654907, 53.2201347351, 53.6497039795, 54.0792732239, 54.5204544067, 54.9616317749, 55.4028091431, 55.8439903259, 56.2851676941, 56.7379570007, 57.2023582458, 57.6551475525, 58.0963249207, 58.5491142273, 59.0019035339, 59.4430847168, 59.884262085, 60.3370513916, 60.7782287598, 61.2310180664, 61.6721992493, 62.1249885559, 62.5777778625, 63.0305671692, 63.4833564758, 63.924533844, 64.3657150269, 64.806892395, 65.2480697632, 65.6892471313, 66.1304321289, 66.5599975586, 66.9895706177, 67.4191360474, 67.8487091064, 68.2782745361, 68.7078475952, 69.1374130249, 69.566986084, 70.0081634521, 70.4377288818, 70.8556900024, 71.2852630615, 71.7148284912, 72.1444015503, 72.57396698, 73.0035324097, 73.4331054688, 73.8626708984, 74.2922439575, 74.7218093872, 75.1513824463, 75.580947876, 75.9989089966, 76.4284820557, 76.8580474854, 77.2876205444, 77.7171859741, 78.1351470947, 78.5531082153, 78.9942855835, 79.4354629517, 79.8766403198, 80.3062133789, 80.7357788086, 81.1769561768, 81.6065292358, 82.0244903564, 82.4540557861, 82.8836288452, 83.3131942749, 83.7543716431, 84.1839447021, 84.6135101318, 85.0314712524, 85.4610443115, 85.8906097412, 86.3317871094, 86.7729721069, 87.2141494751, 87.6553268433, 88.0732879639, 88.514465332, 88.9440383911, 89.3736038208, 89.7915649414, 90.2211303711, 90.6507034302, 91.0686569214, 91.486618042, 91.9045791626, 92.3341445923, 92.7637176514, 93.181678772, 93.6228561401, 94.0524215698, 94.4819946289, 94.9231719971, 95.3643493652, 95.7939224243, 96.223487854, 96.6530609131, 97.0826263428, 97.5005874634, 97.918548584, 98.3365097046, 98.7660751343, 99.1956481934, 99.625213623, 100.054779053, 100.484352112, 100.913917542, 101.343490601, 101.784667969, 102.214241028, 102.655418396, 103.084983826, 103.514556885, 103.955734253, 104.373695374, 104.803260803, 105.232833862, 105.662399292, 106.091972351, 106.521537781, 106.95111084, 107.38067627, 107.810249329, 108.239814758, 108.657775879, 109.087341309, 109.505302429, 109.934875488, 110.364440918, 110.782402039, 111.200363159, 111.61831665, 112.047889709, 112.46585083, 112.89541626, 113.324989319, 113.754554749, 114.184127808, 114.613693237, 115.043266296, 115.461219788, 115.890792847, 116.320358276, 116.749931335, 117.179496765, 117.609069824, 118.038635254, 118.479812622, 118.909385681, 119.338951111, 119.76852417, 120.1980896, 120.61605072, 121.045623779, 121.475189209, 121.904762268, 122.334327698, 122.763900757, 123.181854248, 123.611427307, 124.040992737, 124.458953857, 124.888526917, 125.318092346, 125.736053467, 126.154014587, 126.595191956, 127.024757385, 127.454330444, 127.895507812, 128.336685181, 128.777862549, 129.219039917, 129.660217285, 130.089797974, 130.530975342, 130.960540771, 131.40171814, 131.842895508, 132.284072876, 132.713653564, 133.154830933, 133.596008301, 134.048797607, 134.489974976, 134.931152344, 135.360717773, 135.801895142, 136.23147583, 136.672653198, 137.113830566, 137.555007935, 137.984573364, 138.414154053, 138.843719482, 139.273284912, 139.702850342, 140.13243103, 140.56199646, 141.003173828, 141.432739258, 141.873916626, 142.315093994, 142.744674683, 143.174240112, 143.61541748, 144.056594849, 144.497772217, 144.927337646, 145.356918335, 145.786483765, 146.216049194, 146.645614624, 147.086807251, 147.516372681, 147.94593811, 148.37550354, 148.816680908, 149.246261597, 149.687438965, 150.128616333, 150.569793701, 150.999359131, 151.440536499, 151.870117188, 152.299682617, 152.740859985, 153.182037354, 153.63482666, 154.06439209, 154.505569458, 154.946762085, 155.399536133, 155.852325439, 156.316726685, 156.769515991, 157.245529175, 157.70993042, 158.162719727, 158.63873291, 159.103118896, 159.555908203, 160.00869751, 160.461486816, 160.902679443, 161.35546875, 161.819854736, 162.272644043, 162.72543335, 163.178222656, 163.631011963, 164.072189331, 164.513381958, 164.954559326, 165.395736694, 165.836914062, 166.278091431, 166.719268799, 167.160446167, 167.613235474, 168.06602478, 168.518814087, 168.971603394, 169.436004639, 169.900405884, 170.364807129, 170.829208374, 171.293609619, 171.757995605, 172.222396851, 172.686798096, 173.139587402, 173.592376709, 174.045166016, 174.497955322, 174.950744629, 175.403533936, 175.867935181, 176.320724487, 176.773513794, 177.214691162, 177.65586853, 178.097045898, 178.549835205, 178.991012573, 179.44380188, 179.884979248, 180.326171875, 180.755737305, 181.196914673, 181.638092041, 182.067657471, 182.508834839, 182.950012207, 183.391204834, 183.832382202, 184.27355957, 184.714736938, 185.155914307, 185.585479736, 186.015060425, 186.456237793, 186.897415161, 187.338592529, 187.779769897, 188.220947266, 188.662124634, 189.103302002, 189.54447937, 189.985671997, 190.426849365, 190.856414795, 191.285980225, 191.738769531, 192.179946899, 192.632736206, 193.073913574, 193.515090942, 193.956283569, 194.397460938, 194.838638306, 195.279815674, 195.720993042, 196.173782349, 196.626571655, 197.079360962, 197.52053833, 197.973327637, 198.437728882, 198.902130127, 199.366531372, 199.830932617, 200.295318604, 200.74810791, 201.200897217, 201.653686523, 202.10647583, 202.559265137, 203.012054443, 203.46484375, 203.929244995, 204.382034302, 204.82321167, 205.264389038, 205.717178345, 206.169967651, 206.611160278, 207.052337646, 207.493515015, 207.946304321, 208.399093628, 208.851882935, 209.304672241, 209.745849609, 210.187026978, 210.639816284, 211.092605591, 211.545394897, 211.986572266, 212.439361572, 212.892150879, 213.344940186, 213.797729492, 214.250518799, 214.703308105, 215.156097412, 215.608886719, 216.061676025, 216.514465332, 216.967254639, 217.420043945, 217.872833252, 218.31401062, 218.755187988, 219.207977295, 219.660766602, 220.113555908, 220.566345215, 221.007522583, 221.46031189, 221.913101196, 222.365890503, 222.81867981, 223.259857178, 223.712646484, 224.165435791, 224.606613159, 225.059402466, 225.512191772, 225.953369141, 226.394546509, 226.835739136, 227.288528442, 227.741317749, 228.182495117, 228.635284424, 229.076461792, 229.529251099, 229.982040405, 230.434829712, 230.887619019, 231.328796387, 231.781585693, 232.222763062, 232.66394043, 233.116729736, 233.569519043, 234.02230835, 234.475097656, 234.927886963, 235.369064331, 235.798629761, 236.251419067, 236.715820312, 237.168609619, 237.633010864, 238.109024048, 238.585037231, 239.049423218, 239.502212524, 239.955001831, 240.407791138, 240.779312134, 241.162445068, 241.545578003, 241.940307617, 242.311828613, 242.683349609, 243.054870605, 243.426391602, 243.786300659, 244.146209717, 244.517730713, 244.889251709, 245.400085449, 245.910919189, 246.421768188, 246.944213867, 247.466659546, 247.989105225, 248.499954224, 249.010787964, 249.533233643, 249.962814331, 250.392379761, 250.82194519, 251.263122559, 251.704299927, 252.145477295, 252.586654663, 252.911743164, 253.236816406, 253.573516846, 253.898590088, 254.235275269, 254.571975708, 254.89704895, 255.222122192, 255.535598755, 255.860671997], "beats_loudness": {"dvar2": 0.000973909860477, "var": 0.000635906646494, "min": 0.000363100174582, "dmean": 0.0188483037055, "mean": 0.0347034409642, "max": 0.166199505329, "dmean2": 0.0325822755694, "median": 0.0303851813078, "dvar": 0.000336401921231}, "bpm_histogram_second_peak_weight": {"dvar2": 0, "var": 0, "min": 0.0481099672616, "dmean": 0, "mean": 0.0481099672616, "max": 0.0481099672616, "dmean2": 0, "median": 0.0481099672616, "dvar": 0}, "bpm_histogram_second_peak_spread": {"dvar2": 0, "var": 0, "min": 0, "dmean": 0, "mean": 0, "max": 0, "dmean2": 0, "median": 0, "dvar": 0}, "bpm_histogram_second_peak_bpm": {"dvar2": 0, "var": 0, "min": 144, "dmean": 0, "mean": 144, "max": 144, "dmean2": 0, "median": 144, "dvar": 0}, "onset_rate": 4.04454469681}, "lowlevel": {"spectral_energyband_high": {"dvar2": 1.70668886312e-06, "var": 1.67158191289e-06, "min": 7.07035407999e-09, "dmean": 0.000324368011206, "mean": 0.000525342707988, "max": 0.0318908765912, "dmean2": 0.000488016085001, "median": 0.000120264718134, "dvar": 7.38911694498e-07}, "spectral_energyband_middle_low": {"dvar2": 0.000124502214021, "var": 0.000101302786788, "min": 8.38974312245e-09, "dmean": 0.00369026465341, "mean": 0.00831748731434, "max": 0.142570003867, "dmean2": 0.00585554772988, "median": 0.00507065700367, "dvar": 4.85650853079e-05}, "spectral_energy": {"dvar2": 0.000608703645412, "var": 0.000539862143341, "min": 4.49848371886e-08, "dmean": 0.00858610030264, "mean": 0.023284599185, "max": 0.264181554317, "dmean2": 0.0132738640532, "median": 0.0164175946265, "dvar": 0.000240443449002}, "spectral_spread": {"dvar2": 2100462485500.0, "var": 4175491497980.0, "min": 1836669, "dmean": 739033.5625, "mean": 4890583.5, "max": 16900944, "dmean2": 1059982.875, "median": 4326925, "dvar": 1112629182460.0}, "spectral_energyband_low": {"dvar2": 0.000434550107457, "var": 0.000201580041903, "min": 9.47119466188e-11, "dmean": 0.00518797757104, "mean": 0.00918567180634, "max": 0.240951269865, "dmean2": 0.00845581293106, "median": 0.00452017318457, "dvar": 0.000164109151228}, "spectral_rolloff": {"dvar2": 3947279.75, "var": 2574871.5, "min": 86.1328125, "dmean": 469.141784668, "mean": 1193.19116211, "max": 16666.6992188, "dmean2": 799.196899414, "median": 775.1953125, "dvar": 1679390.25}, "barkbands": {"dvar2": [9.88403598967e-08, 0.000138167772093, 0.000113270732982, 1.1379010175e-05, 5.8064582845e-05, 6.27365943728e-06, 6.58122098685e-06, 2.65140261035e-06, 6.16269790044e-06, 1.92046300072e-05, 1.39023422889e-05, 2.80357994598e-06, 2.29888587455e-06, 3.22351547766e-06, 1.72127829501e-06, 1.49145580508e-06, 4.82397240376e-07, 2.43262718413e-07, 2.8718966405e-07, 2.30903125953e-07, 6.1045383859e-08, 2.66680295624e-08, 2.86320407383e-08, 2.26190252306e-07, 3.89494196895e-08, 1.07528819626e-07, 6.64657662242e-08], "var": [5.02584427409e-08, 7.14577763574e-05, 4.71888888569e-05, 3.80349092666e-06, 2.27678374358e-05, 6.72803889756e-06, 1.00451516118e-05, 3.50532468474e-06, 9.48062461248e-06, 2.60194519797e-05, 1.97581739485e-05, 5.65420896237e-06, 3.57048475053e-06, 5.12563156008e-06, 2.02412093131e-06, 9.75474335974e-07, 5.14186808687e-07, 2.55127503124e-07, 4.71161797577e-07, 3.12310703521e-07, 6.36715142832e-08, 2.46759714884e-08, 2.57006096405e-08, 8.08879647707e-08, 3.54616993548e-08, 6.6734081372e-08, 3.31154872413e-08], "min": [1.7415562048e-11, 3.23190120499e-11, 3.21267769332e-11, 4.77739098281e-11, 2.49826714871e-10, 6.0021732029e-10, 1.17447263026e-09, 1.8639407795e-09, 3.43823813864e-09, 3.29037863622e-09, 2.20980100885e-09, 2.29456786904e-09, 4.62826443837e-09, 5.51807310956e-09, 2.46118991853e-09, 6.47617126592e-10, 2.3335660071e-09, 6.43920916588e-09, 3.17827736351e-10, 4.50024767451e-10, 1.70839242752e-09, 5.503584255e-10, 1.44226319776e-09, 1.11073550357e-09, 8.40152669657e-10, 8.05551958472e-10, 4.16043088869e-10], "dmean": [0.000103420912637, 0.00312244682573, 0.00226981681772, 0.000860825995915, 0.00165477569681, 0.000769057660364, 0.000698025512975, 0.000427086750278, 0.000555608305149, 0.000911154202186, 0.000551133358385, 0.000327819492668, 0.000287093687803, 0.000349009118509, 0.000256946135778, 0.000202948693186, 0.000139991767355, 0.000118245880003, 0.000123445133795, 0.000115807633847, 6.04276137892e-05, 3.43120773323e-05, 3.64335210179e-05, 3.70461420971e-05, 4.04027887271e-05, 5.881319521e-05, 4.90119236929e-05], "mean": [0.000115051021567, 0.00546305952594, 0.00311487400904, 0.00102156796493, 0.00233775191009, 0.00142199115362, 0.00130243925378, 0.000763784511946, 0.00105380523019, 0.00176113122143, 0.00110752193723, 0.000644979707431, 0.000521347101312, 0.000634791620541, 0.000412620545831, 0.000299688865198, 0.000235936618992, 0.000200168389711, 0.000232577513088, 0.000211506325286, 0.00010035638843, 5.61750530323e-05, 5.61227352591e-05, 5.31064106326e-05, 5.53884856345e-05, 6.23602245469e-05, 4.38851529907e-05], "max": [0.00338449841365, 0.119249612093, 0.117766320705, 0.0387152060866, 0.0764802470803, 0.033336494118, 0.0720785036683, 0.0275467541069, 0.0529763065279, 0.0896968692541, 0.0768437832594, 0.0327705703676, 0.0309432055801, 0.0344252921641, 0.0316616371274, 0.0290528666228, 0.0185470487922, 0.00935614388436, 0.0138643505052, 0.0115344291553, 0.00635488005355, 0.00442087836564, 0.00586745748296, 0.0197099037468, 0.00560649950057, 0.0115586221218, 0.00656386464834], "dmean2": [0.000168284546817, 0.00509894499555, 0.00378039060161, 0.0015243338421, 0.00282872584648, 0.00125031126663, 0.00107300118543, 0.000642360944767, 0.000793151266407, 0.00131905754097, 0.000849940988701, 0.000480831164168, 0.000424839585321, 0.000507721561007, 0.000382389320293, 0.000310128089041, 0.000209623438423, 0.000181853101822, 0.000183662952622, 0.000175970155396, 9.57536467467e-05, 5.5201115174e-05, 5.73566285311e-05, 5.81760396017e-05, 6.03922235314e-05, 9.11419629119e-05, 7.68252430134e-05], "median": [3.78570439352e-05, 0.00212894659489, 0.000801866699476, 0.000371883972548, 0.000741947209463, 0.000476349378005, 0.000322227569995, 0.000161509335157, 0.000151504107635, 0.000200039357878, 5.55644401175e-05, 4.77230678371e-05, 3.63836516044e-05, 4.21715267294e-05, 4.85588534502e-05, 5.62045643164e-05, 4.83824551338e-05, 3.61587008229e-05, 3.56367672794e-05, 3.46525703208e-05, 2.42877995333e-05, 1.09069351311e-05, 9.709700862e-06, 8.65855599841e-06, 7.66695029597e-06, 4.17910678152e-06, 7.26579173715e-07], "dvar": [4.11501126507e-08, 5.25557625224e-05, 4.22300581704e-05, 3.93433901991e-06, 2.11467267945e-05, 2.44763259616e-06, 3.07256118504e-06, 1.28774775021e-06, 3.30379134539e-06, 9.37037657422e-06, 6.12572193859e-06, 1.48666981659e-06, 1.17000035971e-06, 1.68234123521e-06, 8.50281253406e-07, 6.53424763186e-07, 2.21625739982e-07, 1.1239112041e-07, 1.42449977147e-07, 1.05729014876e-07, 2.62129731254e-08, 1.04734132478e-08, 1.20807435167e-08, 8.13819980294e-08, 1.78317272059e-08, 4.52634054682e-08, 2.92301454152e-08]}, "melbands_skewness": {"dvar2": 3.01127719879, "var": 4.95214700699, "min": -2.19140791893, "dmean": 0.893808484077, "mean": 2.71809506416, "max": 19.4519996643, "dmean2": 1.368227005, "median": 2.27331185341, "dvar": 1.33894789219}, "barkbands_skewness": {"dvar2": 1.3924819231, "var": 2.5371465683, "min": -2.47674942017, "dmean": 0.653332173824, "mean": 1.78436601162, "max": 14.3611822128, "dmean2": 0.995699346066, "median": 1.58333289623, "dvar": 0.613755881786}, "erbbands": {"dvar2": [0.0422062240541, 10.0629863739, 125.257881165, 130.19732666, 758.244628906, 413.238525391, 324.545684814, 691.596984863, 1364.66955566, 1489.26708984, 1423.53466797, 2917.72387695, 15263.3417969, 15068.8144531, 10721.5576172, 3326.78491211, 3683.70483398, 5771.17773438, 4827.296875, 6384.02099609, 1473.47839355, 1432.20581055, 509.058776855, 840.366333008, 674.728027344, 596.668212891, 189.1434021, 55.5136146545, 38.3645401001, 25.7831611633, 23.1638774872, 39.1866645813, 82.2916488647, 6.46420097351, 1.89485621452, 1.07538676262, 0.443698763847, 0.0565626583993, 0.00191376858857, 5.89681576457e-06], "var": [0.0218840334564, 5.1967048645, 59.502155304, 46.3566627502, 232.341598511, 210.714019775, 446.474365234, 478.611938477, 2361.78540039, 1435.24279785, 2071.48413086, 4206.06152344, 20795.8671875, 19084.4902344, 23516.3769531, 9567.46191406, 7599.12353516, 11885.8037109, 5365.44824219, 7118.61914062, 1017.38079834, 1875.05004883, 523.348937988, 885.642822266, 1424.63781738, 886.42590332, 216.574691772, 47.7320632935, 33.9847640991, 24.1032810211, 19.7654476166, 18.7100448608, 27.7611217499, 4.72447109222, 1.94185447693, 0.776232779026, 0.269322901964, 0.032281704247, 0.000952225003857, 2.5746155643e-06], "min": [1.07382458481e-09, 7.11033587564e-09, 3.13840899935e-08, 1.0859090338e-07, 3.32085193122e-07, 9.31036197471e-07, 2.42378177973e-06, 5.86329224461e-06, 1.3096042494e-05, 2.66628376266e-05, 4.84855154355e-05, 7.63401912991e-05, 9.94866859401e-05, 0.00010192944319, 8.6454936536e-05, 0.00010360100714, 0.000201511735213, 0.000284209352685, 0.000201919407118, 8.08846816653e-05, 2.94624442176e-05, 0.000155552930664, 0.000375270756194, 9.23629413592e-05, 1.62445739988e-05, 2.88249157165e-05, 6.96089336998e-05, 5.2096987929e-05, 1.9843231712e-05, 1.75267960003e-05, 5.06939395564e-05, 2.83161716652e-05, 1.73310745595e-05, 1.27916164274e-05, 3.57389262717e-06, 2.18615969061e-06, 1.53004179992e-06, 4.72793772133e-07, 7.17725257005e-08, 5.02298824756e-09], "dmean": [0.0590256229043, 0.826999306679, 2.53858566284, 2.63851737976, 5.4517698288, 4.64418315887, 5.2148771286, 7.00904417038, 9.5749130249, 9.28838920593, 9.60514640808, 11.3608493805, 24.9499778748, 24.0488128662, 17.1871871948, 12.8382062912, 12.4986343384, 14.8027620316, 12.7666244507, 15.386051178, 7.54623174667, 8.01301193237, 5.75242853165, 6.02197790146, 6.38805389404, 5.5055141449, 3.39252972603, 1.66730368137, 1.23447096348, 1.20218658447, 0.992672502995, 0.733063220978, 0.640083670616, 0.440299987793, 0.298942685127, 0.184964314103, 0.121005140245, 0.0462475903332, 0.00801289174706, 0.000453405547887], "mean": [0.0950460135937, 1.4429910183, 3.84127736092, 3.47050285339, 6.23935413361, 7.01627397537, 10.1549987793, 12.2018117905, 18.1443710327, 17.4362945557, 18.2424430847, 22.2196846008, 48.5563545227, 48.3502044678, 36.6065139771, 27.980009079, 26.8846950531, 29.4516773224, 23.1153621674, 26.593919754, 12.5776338577, 14.0366125107, 10.3176603317, 10.8894290924, 12.8677339554, 10.3799591064, 5.85281133652, 2.77476763725, 2.02145957947, 1.89916527271, 1.50925302505, 1.10355949402, 0.862491726875, 0.604458451271, 0.400399565697, 0.21517278254, 0.123517125845, 0.0446395799518, 0.00717603089288, 0.000410263950471], "max": [2.14431738853, 35.1849594116, 135.312591553, 124.70375824, 315.541931152, 279.120697021, 399.493255615, 358.509307861, 1276.26794434, 586.93182373, 747.352539062, 1319.08886719, 2515.93408203, 2178.16699219, 2254.84594727, 1533.01391602, 1577.2947998, 1902.47229004, 1647.41918945, 1678.37634277, 915.845336914, 951.859619141, 361.845184326, 747.767883301, 1013.87506104, 656.731018066, 396.593231201, 190.907196045, 171.756958008, 151.406784058, 174.055877686, 205.234619141, 381.335906982, 62.0947036743, 47.1880683899, 41.3705749512, 21.5356254578, 5.86788368225, 1.26659059525, 0.0663857460022], "dmean2": [0.0975497886539, 1.34689211845, 4.19237756729, 4.54798746109, 9.59982013702, 7.8422703743, 8.06998348236, 11.805975914, 14.7149839401, 14.3067483902, 14.0368185043, 16.1776351929, 35.6016044617, 34.5941429138, 25.0000514984, 17.6234989166, 17.2517967224, 21.0812988281, 18.3453388214, 22.5003547668, 11.4644842148, 11.8812732697, 8.82616615295, 9.14840984344, 9.37203407288, 8.20560264587, 5.21207475662, 2.67718148232, 1.99290537834, 1.89962255955, 1.5626335144, 1.14664316177, 1.01405143738, 0.674222052097, 0.448047786951, 0.283834040165, 0.188460484147, 0.0720464140177, 0.0124928178266, 0.000716774608009], "median": [0.041979290545, 0.549548566341, 1.27351689339, 1.47436702251, 1.81541287899, 2.05329394341, 2.86855626106, 4.22902107239, 5.21228075027, 4.1893529892, 4.18892669678, 4.3382191658, 7.9180932045, 6.92729902267, 3.39702057838, 2.43632793427, 2.17879796028, 2.36744976044, 3.09631848335, 3.99064278603, 3.2663705349, 3.23784637451, 2.23978948593, 2.08207702637, 1.92460680008, 1.62690806389, 1.27834999561, 0.705913484097, 0.39714834094, 0.372062414885, 0.25574785471, 0.206720650196, 0.114901579916, 0.0855214893818, 0.0513974055648, 0.0208496563137, 0.00667072506621, 0.00139251246583, 0.000131106833578, 3.09312126774e-05], "dvar": [0.0160039309412, 3.82825946808, 47.3818664551, 47.5640182495, 267.191864014, 155.908920288, 150.521011353, 239.461395264, 641.320373535, 638.606567383, 735.168395996, 1541.98840332, 7687.97802734, 7019.87841797, 5450.79785156, 1958.30773926, 1912.68395996, 3232.13769531, 2269.51855469, 3159.80004883, 643.233276367, 691.643859863, 226.094543457, 378.566772461, 364.823669434, 275.525238037, 85.2428131104, 21.6618499756, 14.9186697006, 10.7563076019, 9.61280536652, 14.8305673599, 29.1109142303, 2.71094751358, 0.907292604446, 0.471795111895, 0.186765789986, 0.0246305074543, 0.000840768043417, 2.51870005741e-06]}, "silence_rate_30dB": {"dvar2": 0.0232063066214, "var": 0.00728099187836, "min": 0, "dmean": 0.00923745706677, "mean": 0.992665052414, "max": 1, "dmean2": 0.0184765867889, "median": 1, "dvar": 0.0091516263783}, "melbands_spread": {"dvar2": 194.775466919, "var": 225.900360107, "min": 0.603130221367, "dmean": 5.56709575653, "mean": 17.8999004364, "max": 220.01008606, "dmean2": 8.71758270264, "median": 14.1533117294, "dvar": 82.7920379639}, "melbands_crest": {"dvar2": 21.3722782135, "var": 27.0689239502, "min": 3.42025518417, "dmean": 3.14546704292, "mean": 15.199177742, "max": 33.474937439, "dmean2": 5.09412384033, "median": 14.4581975937, "dvar": 8.39211654663}, "zerocrossingrate": {"dvar2": 0.000375542149413, "var": 0.00147802673746, "min": 0.00390625, "dmean": 0.0111353062093, "mean": 0.0517018772662, "max": 0.43310546875, "dmean2": 0.013266867958, "median": 0.04248046875, "dvar": 0.000291095377179}, "barkbands_kurtosis": {"dvar2": 176.951431274, "var": 195.027145386, "min": -1.91782140732, "dmean": 4.35659217834, "mean": 7.48965358734, "max": 250.68548584, "dmean2": 6.89908361435, "median": 3.28369235992, "dvar": 72.8905563354}, "spectral_flux": {"dvar2": 0.00226178439334, "var": 0.00277832010761, "min": 0.00482105417177, "dmean": 0.0256698150188, "mean": 0.0706083104014, "max": 0.386726438999, "dmean2": 0.0401454307139, "median": 0.0546541288495, "dvar": 0.00103124009911}, "barkbands_crest": {"dvar2": 15.5312643051, "var": 18.568567276, "min": 2.02266049385, "dmean": 2.66996192932, "mean": 11.7041578293, "max": 26.1394748688, "dmean2": 4.33019447327, "median": 11.1507463455, "dvar": 6.10204792023}, "barkbands_flatness_db": {"dvar2": 0.00119806383736, "var": 0.00264573306777, "min": 0.0112346326932, "dmean": 0.0226484462619, "mean": 0.157065808773, "max": 0.346701979637, "dmean2": 0.0340703688562, "median": 0.15425761044, "dvar": 0.000542486086488}, "spectral_entropy": {"dvar2": 0.0941546559334, "var": 0.250647604465, "min": 5.44839477539, "dmean": 0.210633948445, "mean": 7.29296064377, "max": 8.83731842041, "dmean2": 0.299851953983, "median": 7.29100418091, "dvar": 0.0512478537858}, "pitch_salience": {"dvar2": 0.0116236899048, "var": 0.0148349143565, "min": 0.0684036538005, "dmean": 0.071925394237, "mean": 0.499016493559, "max": 0.980172157288, "dmean2": 0.117542557418, "median": 0.495520412922, "dvar": 0.00449038436636}, "erbbands_spread": {"dvar2": 312.492004395, "var": 537.940979004, "min": 1.69004809856, "dmean": 9.00141716003, "mean": 35.7115325928, "max": 177.891448975, "dmean2": 13.3620271683, "median": 30.8519763947, "dvar": 144.054962158}, "dynamic_complexity": 4.02971935272, "spectral_contrast_valleys": {"dvar2": [0.315376073122, 0.238370940089, 0.222737535834, 0.22066141665, 0.244232460856, 0.338767766953], "var": [1.15142691135, 0.548738658428, 0.545352399349, 0.548418164253, 0.578167557716, 0.836328804493], "min": [-13.4118518829, -12.3872337341, -12.0817623138, -12.3965597153, -13.3319272995, -14.7415828705], "dmean": [0.412332743406, 0.356896460056, 0.339605122805, 0.315358966589, 0.294660061598, 0.330694317818], "mean": [-7.51145648956, -7.11293983459, -7.97045660019, -8.37627601624, -8.17409133911, -10.5733013153], "max": [-4.99343252182, -4.64920902252, -5.23278236389, -5.73410415649, -5.6157746315, -7.31292057037], "dmean2": [0.680955648422, 0.585366308689, 0.54021024704, 0.492255330086, 0.43595328927, 0.439575612545], "median": [-7.29672002792, -7.10780334473, -7.99427700043, -8.42919540405, -8.25932407379, -10.6694879532], "dvar": [0.130760878325, 0.0964479967952, 0.0977510586381, 0.101738721132, 0.114909686148, 0.182389348745]}, "hfc": {"dvar2": 291.549804688, "var": 488.277008057, "min": 0.000119762946269, "dmean": 6.35236549377, "mean": 16.810213089, "max": 419.977874756, "dmean2": 9.06680679321, "median": 8.47006320953, "dvar": 133.929977417}, "spectral_kurtosis": {"dvar2": 9.31535339355, "var": 11.3984689713, "min": -1.37011325359, "dmean": 1.72465693951, "mean": 5.92898797989, "max": 32.5221786499, "dmean2": 2.82392239571, "median": 5.38877391815, "dvar": 3.50178551674}, "mfcc": {"mean": [-689.672668457, 130.542556763, 6.97421741486, 24.9160499573, 5.09717750549, 0.152770966291, 3.12333774567, 4.43448209763, 4.30552387238, 5.67753982544, -3.734593153, -1.98953342438, 1.15283334255], "cov": [[5499.23388672, -598.382385254, -398.491546631, 25.5437278748, -117.168586731, 223.743835449, 209.210174561, -60.4247245789, -177.604171753, -21.7294540405, -44.049369812, -86.8187789917, 39.5369567871], [-598.382385254, 1198.74768066, 20.0090293884, 110.962730408, 134.998794556, -84.0558700562, -33.3269462585, 64.630897522, 46.0752029419, -29.4999103546, 24.5921707153, 37.4858055115, -57.2738876343], [-398.491546631, 20.0090293884, 1117.11242676, 240.702453613, 220.412826538, 85.0301437378, -43.1186141968, 103.841537476, 126.992271423, -24.918428421, 84.8249206543, 34.5000114441, -50.7124290466], [25.5437278748, 110.962730408, 240.702453613, 424.812530518, 167.725814819, -44.064239502, -35.4312591553, 55.5469055176, 78.2422027588, -6.03531551361, 17.6333408356, 38.7939567566, 14.3563804626], [-117.168586731, 134.998794556, 220.412826538, 167.725814819, 319.626098633, 46.3808403015, -15.2656536102, 64.0282974243, 55.2197113037, 6.87757492065, 42.8944587708, 51.5604400635, 15.242975235], [223.743835449, -84.0558700562, 85.0301437378, -44.064239502, 46.3808403015, 270.377532959, 143.513931274, -8.5291185379, -37.6172523499, 25.6247119904, 19.337594986, -5.416264534, 12.6450090408], [209.210174561, -33.3269462585, -43.1186141968, -35.4312591553, -15.2656536102, 143.513931274, 230.247955322, 33.8794364929, -37.3690605164, 45.6019134521, 1.21423983574, -11.330206871, 22.6533870697], [-60.4247245789, 64.630897522, 103.841537476, 55.5469055176, 64.0282974243, -8.5291185379, 33.8794364929, 152.935562134, 70.4765167236, -9.38425922394, 20.6430931091, 13.7605295181, -2.26293849945], [-177.604171753, 46.0752029419, 126.992271423, 78.2422027588, 55.2197113037, -37.6172523499, -37.3690605164, 70.4765167236, 160.896392822, 35.0516738892, 12.6724462509, 21.6206283569, -10.9806871414], [-21.7294540405, -29.4999103546, -24.918428421, -6.03531551361, 6.87757492065, 25.6247119904, 45.6019134521, -9.38425922394, 35.0516738892, 136.274108887, 29.8417301178, -0.434614568949, 8.62038135529], [-44.049369812, 24.5921707153, 84.8249206543, 17.6333408356, 42.8944587708, 19.337594986, 1.21423983574, 20.6430931091, 12.6724462509, 29.8417301178, 122.411102295, 48.3028945923, -1.0036919117], [-86.8187789917, 37.4858055115, 34.5000114441, 38.7939567566, 51.5604400635, -5.416264534, -11.330206871, 13.7605295181, 21.6206283569, -0.434614568949, 48.3028945923, 115.935340881, 45.3129577637], [39.5369567871, -57.2738876343, -50.7124290466, 14.3563804626, 15.242975235, 12.6450090408, 22.6533870697, -2.26293849945, -10.9806871414, 8.62038135529, -1.0036919117, 45.3129577637, 111.60332489]], "icov": [[0.000216882923269, 0.000102169986349, 0.000106168707134, -0.000164917102666, 4.07941224694e-05, -0.000163291348144, -7.69701073295e-05, -2.93141856673e-05, 0.000118551644846, 0.000101502271718, -5.64682595723e-05, 0.000113061862066, 3.04265831801e-05], [0.000102169986349, 0.00102404342033, 0.000171926862095, -0.000162624375662, -0.000448640057584, 0.000319897080772, -0.000292254466331, -0.000122735145851, 2.21158916247e-05, 0.000271627388429, -6.44204919809e-05, -0.000334618700435, 0.000786719610915], [0.000106168707134, 0.000171926862095, 0.00140181113966, -0.000605232373346, -0.000338482816005, -0.000849108328111, 0.000378849043045, -0.000326594541548, -0.000647159409709, 0.000594074022956, -0.000714572670404, 0.00016605372366, 0.00064096407732], [-0.000164917102666, -0.000162624375662, -0.000605232373346, 0.00361893605441, -0.00158934062347, 0.00129818706773, -0.00056273676455, 0.00040432086098, -0.000989341526292, 0.000287217088044, 0.000222633592784, -8.85467379703e-05, -0.000654744799249], [4.07941224694e-05, -0.000448640057584, -0.000338482816005, -0.00158934062347, 0.00531756132841, -0.0020789525006, 0.00176058581565, -0.00188056996558, 0.000450107181678, -0.000893435149919, -5.72188328078e-05, -0.00112195662223, -0.000511958671268], [-0.000163291348144, 0.000319897080772, -0.000849108328111, 0.00129818706773, -0.0020789525006, 0.00755857443437, -0.00515856128186, 0.00259704445489, -0.000278030405752, 0.000829386233818, -0.000974139024038, 0.000571808195673, -0.000135869195219], [-7.69701073295e-05, -0.000292254466331, 0.000378849043045, -0.00056273676455, 0.00176058581565, -0.00515856128186, 0.0098665188998, -0.00520631764084, 0.00346380518749, -0.00398819893599, 0.00155378703494, -0.000302838685457, -0.000856654893141], [-2.93141856673e-05, -0.000122735145851, -0.000326594541548, 0.00040432086098, -0.00188056996558, 0.00259704445489, -0.00520631764084, 0.0120231052861, -0.00611367123201, 0.00426261965185, -0.00250930082984, 0.00140357017517, -0.000513063569088], [0.000118551644846, 2.21158916247e-05, -0.000647159409709, -0.000989341526292, 0.000450107181678, -0.000278030405752, 0.00346380518749, -0.00611367123201, 0.0120261507109, -0.00546151492745, 0.00260413438082, -0.00251550064422, 0.0015953918919], [0.000101502271718, 0.000271627388429, 0.000594074022956, 0.000287217088044, -0.000893435149919, 0.000829386233818, -0.00398819893599, 0.00426261965185, -0.00546151492745, 0.011466851458, -0.00421835063025, 0.00255920947529, -0.00123964238446], [-5.64682595723e-05, -6.44204919809e-05, -0.000714572670404, 0.000222633592784, -5.72188328078e-05, -0.000974139024038, 0.00155378703494, -0.00250930082984, 0.00260413438082, -0.00421835063025, 0.0124037340283, -0.0061260741204, 0.0025664230343], [0.000113061862066, -0.000334618700435, 0.00016605372366, -8.85467379703e-05, -0.00112195662223, 0.000571808195673, -0.000302838685457, 0.00140357017517, -0.00251550064422, 0.00255920947529, -0.0061260741204, 0.0146602028981, -0.00639912858605], [3.04265831801e-05, 0.000786719610915, 0.00064096407732, -0.000654744799249, -0.000511958671268, -0.000135869195219, -0.000856654893141, -0.000513063569088, 0.0015953918919, -0.00123964238446, 0.0025664230343, -0.00639912858605, 0.0128515083343]]}, "silence_rate_20dB": {"dvar2": 0, "var": 0, "min": 1, "dmean": 0, "mean": 1, "max": 1, "dmean2": 0, "median": 1, "dvar": 0}, "melbands_kurtosis": {"dvar2": 1376.01806641, "var": 1219.18713379, "min": -1.75324726105, "dmean": 10.6841831207, "mean": 19.2547111511, "max": 658.154968262, "dmean2": 17.2210464478, "median": 8.16396141052, "dvar": 566.154724121}, "barkbands_spread": {"dvar2": 181.230636597, "var": 218.897338867, "min": 0.748045682907, "dmean": 5.7671957016, "mean": 18.0400695801, "max": 125.129463196, "dmean2": 8.85818195343, "median": 13.9784374237, "dvar": 83.3332748413}, "erbbands_skewness": {"dvar2": 0.364417225122, "var": 0.70508146286, "min": -4.68784856796, "dmean": 0.392800629139, "mean": 0.664947628975, "max": 7.85460519791, "dmean2": 0.597348690033, "median": 0.679312825203, "dvar": 0.16271263361}, "average_loudness": 0.651676237583, "spectral_centroid": {"dvar2": 196000.140625, "var": 375577.1875, "min": 181.132080078, "dmean": 224.698669434, "mean": 1109.23254395, "max": 5791.65771484, "dmean2": 343.69229126, "median": 966.152526855, "dvar": 87291.109375}, "dissonance": {"dvar2": 0.00166494690347, "var": 0.00142446684185, "min": 0.0251228399575, "dmean": 0.0262194443494, "mean": 0.44702026248, "max": 0.5, "dmean2": 0.043801009655, "median": 0.454818308353, "dvar": 0.000637629069388}, "erbbands_flatness_db": {"dvar2": 0.000990578904748, "var": 0.00350007601082, "min": 0.026646817103, "dmean": 0.0222388338298, "mean": 0.162073552608, "max": 0.385681688786, "dmean2": 0.0305750481784, "median": 0.158230796456, "dvar": 0.000609600159805}, "spectral_strongpeak": {"dvar2": 2.65401268005, "var": 2.88775849342, "min": 0, "dmean": 0.557620227337, "mean": 1.17319869995, "max": 16.3298187256, "dmean2": 0.914626896381, "median": 0.467720001936, "dvar": 1.15552508831}, "spectral_rms": {"dvar2": 2.56921362052e-06, "var": 4.64362028652e-06, "min": 6.62477532387e-06, "dmean": 0.000796531036031, "mean": 0.0042512496002, "max": 0.0160542242229, "dmean2": 0.0011791101424, "median": 0.00400214502588, "dvar": 1.10950759336e-06}, "silence_rate_60dB": {"dvar2": 0.085809789598, "var": 0.0942334160209, "min": 0, "dmean": 0.0411157384515, "mean": 0.105315580964, "max": 1, "dmean2": 0.0822389274836, "median": 0, "dvar": 0.0394196398556}, "melbands": {"dvar2": [6.5436092882e-06, 2.72893721558e-05, 4.31490161645e-06, 3.94355447497e-06, 3.2531553984e-07, 2.91395792829e-07, 2.72005650004e-07, 1.57545755997e-07, 1.13606098751e-07, 1.39184876957e-07, 4.1931750161e-07, 2.64916707238e-07, 2.15148276084e-07, 2.64695341201e-08, 3.66101531313e-08, 2.27469900693e-08, 2.29538361651e-08, 2.08672812363e-08, 1.37779538889e-08, 1.23460885959e-08, 2.36247688079e-09, 2.30617702712e-09, 5.46022782544e-10, 6.91611712345e-10, 7.47784056898e-10, 6.38696151523e-10, 3.35166783216e-10, 3.32803701264e-10, 1.19215928795e-10, 3.25139221102e-11, 1.84796483671e-11, 1.67957141251e-11, 9.1038452818e-12, 9.55766715771e-12, 1.02687571987e-11, 1.03116499714e-11, 2.72663523704e-11, 1.04961456193e-10, 6.01973809342e-12, 4.9815026236e-12], "var": [3.41836971529e-06, 1.31559590955e-05, 1.59996227467e-06, 1.25340682189e-06, 4.78922970615e-07, 2.36097392303e-07, 4.57019552869e-07, 1.57384974386e-07, 1.5692714328e-07, 2.09351355807e-07, 5.70456620608e-07, 3.43901490396e-07, 3.89649187582e-07, 4.55958790724e-08, 8.55704982428e-08, 4.53751134444e-08, 4.18741450403e-08, 2.21231708508e-08, 1.56286468211e-08, 1.02374251298e-08, 1.41619926897e-09, 2.7162325722e-09, 5.05388175753e-10, 7.58687113134e-10, 6.41268815826e-10, 1.13737474994e-09, 4.73062478079e-10, 4.07341771425e-10, 1.19066395632e-10, 2.88489544753e-11, 1.46926481398e-11, 1.3895066521e-11, 6.85273539303e-12, 8.82387912737e-12, 7.45359416549e-12, 6.46376008273e-12, 9.56658016693e-12, 2.76269649518e-11, 5.10196615858e-12, 3.16011106172e-12], "min": [1.00592641855e-11, 1.41010189636e-11, 2.38548694687e-11, 4.24328489013e-11, 7.7387346531e-11, 1.31404512271e-10, 2.11965930919e-10, 3.14539311264e-10, 4.19179718714e-10, 4.94500052017e-10, 4.98091567991e-10, 4.16545992143e-10, 2.96441649006e-10, 2.44722880849e-10, 3.37130212635e-10, 5.00523400504e-10, 5.3448140358e-10, 3.58742979767e-10, 1.56250901107e-10, 6.78575112767e-11, 1.96042765355e-11, 1.06236387742e-10, 3.51996293224e-10, 2.91415724885e-10, 4.9537842578e-11, 1.02123023579e-11, 1.13815649613e-11, 1.81941180871e-11, 3.53327124503e-11, 4.36624000844e-11, 3.06972364195e-11, 1.35077053709e-11, 4.4753285279e-12, 1.12754163645e-11, 3.09075404159e-11, 2.60888029929e-11, 1.17032659605e-11, 1.02350029493e-11, 1.41778724178e-11, 9.92226092955e-12], "dmean": [0.000704174221028, 0.00125150859822, 0.00052019872237, 0.000394281203626, 0.000173509048182, 0.000154495384777, 0.000141218391946, 9.80633631116e-05, 8.11768113635e-05, 7.6982905739e-05, 0.000131774344482, 0.000104916427517, 7.02146135154e-05, 3.2597919926e-05, 4.00447679567e-05, 2.85872720269e-05, 2.94704786938e-05, 2.3578391847e-05, 2.13020266528e-05, 1.89730599232e-05, 7.87456701801e-06, 9.48770684772e-06, 5.6419635257e-06, 5.96741119807e-06, 5.14852263223e-06, 5.31968817086e-06, 4.45966179541e-06, 3.75502281713e-06, 2.52628728958e-06, 1.36152448249e-06, 9.06542823031e-0