{"rhythm": {"bpm": 125.745620728, "bpm_histogram_second_peak_weight": {"mean": 0.0250836126506, "min": 0.0250836126506, "max": 0.0250836126506, "dmean2": 0, "dvar": 0, "dmean": 0, "median": 0.0250836126506, "dvar2": 0, "var": 0}, "bpm_histogram_first_peak_weight": {"mean": 0.513377904892, "min": 0.513377904892, "max": 0.513377904892, "dmean2": 0, "dvar": 0, "dmean": 0, "median": 0.513377904892, "dvar2": 0, "var": 0}, "danceability": 1.30531036854, "beats_loudness": {"mean": 0.0279461927712, "min": 2.74422369273e-08, "max": 0.0992126986384, "dmean2": 0.0267442669719, "dvar": 0.000192125880858, "dmean": 0.015483896248, "median": 0.0252706818283, "dvar2": 0.000545394490473, "var": 0.00026044389233}, "onset_rate": 6.17949485779, "bpm_histogram_second_peak_spread": {"mean": 0.0624999403954, "min": 0.0624999403954, "max": 0.0624999403954, "dmean2": 0, "dvar": 0, "dmean": 0, "median": 0.0624999403954, "dvar2": 0, "var": 0}, "bpm_histogram_first_peak_spread": {"mean": 0.449820816517, "min": 0.449820816517, "max": 0.449820816517, "dmean2": 0, "dvar": 0, "dmean": 0, "median": 0.449820816517, "dvar2": 0, "var": 0}, "beats_position": [0.46439909935, 0.940408170223, 1.38158726692, 1.83437633514, 2.29877543449, 2.7863945961, 3.27401351929, 3.73841261864, 4.21442174911, 4.71365070343, 5.20126962662, 5.6888885498, 6.1648979187, 6.65251684189, 7.14013576508, 7.6277551651, 8.12698364258, 8.6146030426, 9.10222244263, 9.57823085785, 10.0542402267, 10.5302495956, 11.0062580109, 11.4938774109, 11.9698867798, 12.445895195, 12.9219045639, 13.3979139328, 13.873922348, 14.3499317169, 14.8259410858, 15.301949501, 15.7895689011, 16.2771873474, 16.7648067474, 17.2524261475, 17.7400455475, 18.2276649475, 18.7152824402, 19.1912918091, 19.667301178, 20.1433105469, 20.6193199158, 21.0953292847, 21.5713367462, 22.0589561462, 22.5349655151, 23.010974884, 23.4985942841, 23.9862117767, 24.4738311768, 24.9614505768, 25.4374599457, 25.9134693146, 26.3778686523, 26.8538761139, 27.3298854828, 27.7942848206, 28.2819042206, 28.7579135895, 29.2339229584, 29.7215423584, 30.1859397888, 30.6619491577, 31.1379585266, 31.6487979889, 32.1596374512, 32.6704750061, 33.1813163757, 33.7037620544, 34.2146034241, 34.725440979, 35.2246704102, 35.7122879028, 36.1999092102, 36.6875267029, 37.1751480103, 37.6627655029, 38.1503829956, 38.6496124268, 39.1256217957, 39.6016311646, 40.0892524719, 40.5768699646, 41.0528793335, 41.5404968262, 42.0165061951, 42.492515564, 42.9685249329, 43.4445343018, 43.9321517944, 44.4197731018, 44.9073905945, 45.3950119019, 45.8710212708, 46.347026825, 46.8346481323, 47.322265625, 47.8098869324, 48.2858963013, 48.7619056702, 49.2495231628, 49.7371406555, 50.2247619629, 50.7123794556, 51.2000007629, 51.6760063171, 52.152015686, 52.6396369934, 53.1156463623, 53.5916557312, 54.0792732239, 54.5668907166, 55.0545120239, 55.5305213928, 56.0065307617, 56.4825401306, 56.9585494995, 57.4229469299, 57.9105644226, 58.39818573, 58.8858032227, 59.37342453, 59.8494338989, 60.3254394531, 60.8130607605, 61.2890701294, 61.7650794983, 62.252696991, 62.7403144836, 63.227935791, 63.7155532837, 64.1915664673, 64.6675720215, 65.1551895142, 65.6312026978, 66.107208252, 66.5832214355, 67.0708389282, 67.5584564209, 68.0344696045, 68.4988632202, 68.9632644653, 69.4392700195, 69.9268951416, 70.4029006958, 70.8673019409, 71.3200912476, 71.7728805542, 72.2372741699, 72.701675415, 73.1660766602, 73.6536941528, 74.1413116455, 74.6173248291, 75.0933303833, 75.580947876, 76.068572998, 76.5445785522, 77.0205917358, 77.5082092285, 77.9958267212, 78.4950561523, 78.9942855835, 79.4935150146, 80.0043487549, 80.503578186, 80.9912033081, 81.4788208008, 81.954826355, 82.4308395386, 82.9184570312, 83.3944625854, 83.870475769, 84.3580932617, 84.8341064453, 85.3101119995, 85.7977294922, 86.2853469849, 86.7613601685, 87.2373657227, 87.7133789062, 88.1893844604, 88.6770019531, 89.1646270752, 89.6522445679, 90.1282501221, 90.6042633057, 91.0802688599, 91.5562820435, 92.0322875977, 92.5083007812, 92.9959182739, 93.4835357666, 93.9711532593, 94.4471664429, 94.9231719971, 95.4107894897, 95.8868026733, 96.374420166, 96.8504257202, 97.3264389038, 97.802444458, 98.2784576416, 98.7544631958, 99.2304763794, 99.7064819336, 100.194099426, 100.67011261, 101.146118164, 101.633743286, 102.121360779, 102.597366333, 103.073379517, 103.549385071, 104.025398254, 104.501403809, 104.977409363, 105.453422546, 105.929428101, 106.393829346, 106.869842529, 107.345848083, 107.821853638, 108.297866821, 108.773872375, 109.249885559, 109.737503052, 110.213516235, 110.68952179, 111.165527344, 111.641540527, 112.105941772, 112.593559265, 113.069564819, 113.545578003, 114.021583557, 114.497596741, 114.961990356, 115.43800354, 115.914009094, 116.401634216, 116.889251709, 117.365257263, 117.841270447, 118.328887939, 118.804893494, 119.280906677, 119.76852417, 120.256141663, 120.732154846, 121.2081604, 121.684173584, 122.160179138, 122.647796631, 123.135414124, 123.623039246, 124.110656738, 124.598274231, 125.074279785, 125.550292969, 126.037910461, 126.502311707, 126.978317261, 127.454330444, 127.930335999, 128.406341553, 128.882354736, 129.35836792, 129.834381104, 130.310379028, 130.79800415, 131.274017334, 131.750015259, 132.226028442, 132.702041626, 133.189651489, 133.665664673, 134.141677856, 134.61769104, 135.093688965, 135.569702148, 136.045715332, 136.521713257, 136.99772644, 137.473739624, 137.949752808, 138.425750732, 138.901763916, 139.389389038, 139.876998901, 140.341400146, 140.81741333, 141.293426514, 141.781036377, 142.257049561, 142.733062744, 143.220672607, 143.696685791, 144.172698975, 144.63710022, 145.124710083, 145.612335205, 146.099945068, 146.58757019, 147.075195312, 147.562805176, 148.038818359, 148.514831543, 149.002441406, 149.47845459, 149.966079712, 150.442077637, 150.91809082, 151.394104004, 151.881713867, 152.357727051, 152.833740234, 153.321365356, 153.797363281, 154.284988403, 154.772598267, 155.24861145, 155.724624634, 156.200637817, 156.676635742, 157.152648926, 157.628662109, 158.104675293, 158.592285156, 159.06829834, 159.544311523, 160.031921387, 160.50793457, 160.983947754, 161.471557617, 161.947570801, 162.423583984, 162.887985229, 163.363983154, 163.839996338, 164.304397583, 164.780410767, 165.256408691, 165.720809937, 166.185211182, 166.661224365, 167.137237549, 167.601623535, 168.077636719, 168.553649902, 169.041259766, 169.517272949, 169.993286133, 170.480911255, 170.968521118, 171.444534302, 171.920547485, 172.408157349, 172.895782471, 173.395004272, 173.917449951, 174.42829895, 174.915908813, 175.403533936, 175.891159058, 176.378768921, 176.854782104, 177.31918335, 177.795196533, 178.282806396, 178.770431519, 179.246429443, 179.710830688, 180.186843872, 180.662857056, 181.127258301, 181.603256226, 182.090881348, 182.566894531, 183.042892456, 183.51890564, 183.983306885, 184.436096191, 184.900497437, 185.364898682, 185.829299927, 186.305297852, 186.781311035, 187.24571228, 187.721725464, 188.197723389, 188.673736572, 189.149749756, 189.614151001, 190.090148926, 190.566162109, 191.042175293, 191.506576538, 191.982574463, 192.458587646, 192.93460083, 193.399002075, 193.86340332, 194.327789307, 194.792190552, 195.268203735, 195.744216919, 196.197006226, 196.661407471, 197.125808716, 197.590194702, 198.066207886, 198.530609131, 198.995010376, 199.459411621, 199.923812866, 200.399810791, 200.875823975, 201.363449097, 201.839447021, 202.315460205, 202.803085327, 203.279083252, 203.755096436, 204.231109619, 204.718719482, 205.194732666, 205.67074585, 206.146759033, 206.611160278, 207.075546265, 207.551559448, 208.027572632, 208.503585815, 208.97958374, 209.467208862, 209.943222046, 210.419219971, 210.895233154, 211.371246338, 211.847259521, 212.323257446, 212.787658691, 213.252059937, 213.72807312, 214.192474365, 214.656860352, 215.132873535, 215.59727478, 216.073287964, 216.549285889, 217.013687134, 217.478088379, 217.954101562, 218.430114746, 218.906112671, 219.382125854, 219.8465271, 220.334152222, 220.798538208, 221.262939453, 221.750564575, 222.226577759, 222.702575684, 223.190200806, 223.677825928, 224.153823853, 224.629837036, 225.10585022, 225.581848145, 226.057861328, 226.533874512, 227.009887695, 227.48588562, 227.961898804, 228.437911987, 228.902313232, 229.378311157, 229.854324341, 230.341949463, 230.829559326, 231.317184448, 231.80480957, 232.292419434, 232.791656494, 233.279266357, 233.755279541, 234.231292725, 234.707290649, 235.171691895, 235.647705078, 236.123718262, 236.588119507, 237.052505493, 237.516906738, 237.992919922, 238.468933105, 238.956542969, 239.455780029, 239.955001831, 240.431015015, 240.89541626, 241.359817505, 241.82421875, 242.300216675, 242.776229858, 243.252243042, 243.728256226, 244.227478027, 244.715103149, 245.191101074, 245.667114258, 246.143127441, 246.619140625, 247.106750488, 247.582763672, 248.058776855, 248.546386719, 249.022399902, 249.510025024, 249.986022949, 250.450424194, 250.938049316, 251.414047241, 251.890060425, 252.366073608, 252.830474854, 253.306488037, 253.770874023, 254.235275269, 254.711288452, 255.187301636, 255.663299561, 256.162536621, 256.650146484, 257.114562988, 257.578948975, 258.043365479, 258.507751465, 258.972137451, 259.436553955, 259.900939941, 260.365356445, 260.829742432, 261.282531738, 261.735321045, 262.199737549, 262.664123535, 263.116912842, 263.569702148, 264.034088135, 264.498504639, 264.951293945, 265.404083252, 265.856872559, 266.309661865, 266.774047852, 267.238464355, 267.702850342, 268.178863525, 268.654876709, 269.119262695, 269.572052002, 270.024841309, 270.489257812, 270.953643799, 271.418029785, 271.894042969, 272.358459473, 272.834472656, 273.31048584, 273.786468506, 274.25088501, 274.715270996, 275.19128418, 275.667297363, 276.143310547, 276.607696533, 277.083709717, 277.548126221, 278.012512207, 278.476898193, 278.952911377, 279.428924561, 279.904937744, 280.380950928, 280.868560791, 281.344573975, 281.820587158, 282.308197021, 282.784210205, 283.260223389, 283.747833252, 284.223846436, 284.711456299, 285.187469482, 285.663482666, 286.13949585], "bpm_histogram_first_peak_bpm": {"mean": 126, "min": 126, "max": 126, "dmean2": 0, "dvar": 0, "dmean": 0, "median": 126, "dvar2": 0, "var": 0}, "beats_count": 599, "beats_loudness_band_ratio": {"mean": [0.443219423294, 0.19531147182, 0.177191585302, 0.111740738153, 0.0882236212492, 0.0466153807938], "min": [0.00427593570203, 0.00900399871171, 0.000619040103629, 1.01124014691e-05, 5.26560029357e-07, 1.50088453665e-06], "max": [0.986241340637, 0.854180216789, 0.770437777042, 0.730580151081, 0.943297505379, 0.369895160198], "dmean2": [0.442664206028, 0.28328499198, 0.232613384724, 0.162214890122, 0.141779363155, 0.0717342719436], "dvar": [0.0323761813343, 0.02334112674, 0.0140993678942, 0.0105222910643, 0.0125301023945, 0.00202348921448], "dmean": [0.250716596842, 0.163386806846, 0.131960421801, 0.0945611298084, 0.0782624185085, 0.0408925786614], "median": [0.4470949471, 0.132737547159, 0.142767235637, 0.0673920735717, 0.0392242595553, 0.0262011960149], "dvar2": [0.0922550410032, 0.0624279342592, 0.041355997324, 0.0296948589385, 0.033549644053, 0.00545982178301], "var": [0.063476189971, 0.0287078376859, 0.0192529819906, 0.0138438502327, 0.0143958209082, 0.00282573327422]}, "bpm_histogram_second_peak_bpm": {"mean": 133, "min": 133, "max": 133, "dmean2": 0, "dvar": 0, "dmean": 0, "median": 133, "dvar2": 0, "var": 0}}, "tonal": {"chords_number_rate": 0.00145725393668, "tuning_diatonic_strength": 0.569807529449, "chords_changes_rate": 0.0511658042669, "thpcp": [1, 0.78601449728, 0.347073554993, 0.162077993155, 0.154622450471, 0.365162372589, 0.545681476593, 0.378464490175, 0.17163541913, 0.12191747874, 0.143166258931, 0.392721116543, 0.588414251804, 0.41327059269, 0.376606166363, 0.446891009808, 0.39015173912, 0.524130582809, 0.500423133373, 0.323848038912, 0.59989720583, 0.944439232349, 0.734012782574, 0.46383997798, 0.515157043934, 0.450996905565, 0.360882461071, 0.371416181326, 0.274704128504, 0.332213461399, 0.506231725216, 0.404205709696, 0.265559583902, 0.27579203248, 0.324659615755, 0.641482234001], "hpcp": {"mean": [0.116283141077, 0.0860044881701, 0.104009531438, 0.158491253853, 0.1265489012, 0.0831415057182, 0.0863450914621, 0.101644568145, 0.20083552599, 0.313080430031, 0.246085748076, 0.108661934733, 0.0507434457541, 0.0484092645347, 0.114325195551, 0.170842200518, 0.118489824235, 0.053735692054, 0.0381699763238, 0.0448225550354, 0.122953295708, 0.184220984578, 0.129386931658, 0.117908023298, 0.139912828803, 0.122148878872, 0.164095029235, 0.156672686338, 0.101390480995, 0.18781606853, 0.295685440302, 0.229805037379, 0.145219221711, 0.161285594106, 0.141198307276, 0.112985238433], "min": [0, 0, 0, 0, 0, 0, 0, 0, 0, 0, 0, 0, 0, 0, 0, 0, 0, 0, 0, 0, 0, 0, 0, 0, 0, 0, 0, 0, 0, 0, 0, 0, 0, 0, 0, 0], "max": [1, 1, 1, 1, 1, 1, 1, 1, 1, 1, 1, 1, 1, 1, 1, 1, 1, 1, 1, 1, 1, 1, 1, 1, 1, 1, 1, 1, 1, 1, 1, 1, 1, 1, 1, 1], "dmean2": [0.192545354366, 0.147780373693, 0.174184858799, 0.235981330276, 0.20156905055, 0.159849330783, 0.171060755849, 0.204864650965, 0.281840652227, 0.318190962076, 0.252238839865, 0.151150748134, 0.0988986641169, 0.0956037193537, 0.165375798941, 0.217119425535, 0.168597564101, 0.107773348689, 0.0895259901881, 0.0965975448489, 0.165443301201, 0.20953194797, 0.173252508044, 0.190739706159, 0.209955915809, 0.209591507912, 0.257138490677, 0.238513126969, 0.214599370956, 0.284356594086, 0.348400443792, 0.294371694326, 0.252620846033, 0.272866427898, 0.256148904562, 0.21120813489], "dvar": [0.0366432964802, 0.024911891669, 0.0258106999099, 0.0432342961431, 0.0349085666239, 0.0272381938994, 0.0304743591696, 0.0392707251012, 0.0544878281653, 0.0680501833558, 0.0485156923532, 0.0239495225251, 0.015427486971, 0.0131318401545, 0.0250290110707, 0.041442181915, 0.0246767327189, 0.0170205198228, 0.0141269406304, 0.01346417889, 0.0257790703326, 0.0445646233857, 0.0259733665735, 0.0317819602787, 0.0391457229853, 0.0319266989827, 0.0496636331081, 0.0443888492882, 0.0382882393897, 0.0528444051743, 0.0695036351681, 0.0550158880651, 0.0448840633035, 0.0574026964605, 0.05301611498, 0.0363281406462], "dmean": [0.112569227815, 0.0857067108154, 0.101696617901, 0.141055986285, 0.11723857373, 0.0903244912624, 0.0962464809418, 0.113649182022, 0.16140383482, 0.186734229326, 0.152537286282, 0.0886946991086, 0.0556628033519, 0.0537449605763, 0.0985000059009, 0.132088378072, 0.101745218039, 0.0609942115843, 0.0488823913038, 0.0540273860097, 0.0995655879378, 0.127743214369, 0.103962697089, 0.113413468003, 0.126212701201, 0.120435416698, 0.150733545423, 0.14271850884, 0.118572726846, 0.163845226169, 0.202851831913, 0.175494015217, 0.144862368703, 0.154732450843, 0.146396070719, 0.120844043791], "median": [0.0329404622316, 0.0252168569714, 0.0364186652005, 0.0539521612227, 0.0404231473804, 0.0234133098274, 0.0250987969339, 0.0294077470899, 0.0591367259622, 0.0987227708101, 0.069336488843, 0.0220157951117, 0.0120353400707, 0.0161316543818, 0.0435814000666, 0.0571616217494, 0.0388627611101, 0.0146652702242, 0.00923305377364, 0.0110117187724, 0.0276421606541, 0.0367180779576, 0.0394758656621, 0.0363289937377, 0.0397305227816, 0.0451224781573, 0.0462308302522, 0.0443757325411, 0.032144151628, 0.0531882792711, 0.100963115692, 0.0804148688912, 0.0399026609957, 0.0323582738638, 0.0276201125234, 0.0327317379415], "dvar2": [0.0927065908909, 0.0664816126227, 0.0661319941282, 0.0994856208563, 0.0857226327062, 0.0726454779506, 0.0819758176804, 0.107962168753, 0.140107452869, 0.145992234349, 0.103992797434, 0.057864267379, 0.0422085933387, 0.0362951904535, 0.0622035302222, 0.088894829154, 0.057715035975, 0.0448628365993, 0.0389113053679, 0.0361645892262, 0.0610813125968, 0.0941638126969, 0.0616410821676, 0.0791232734919, 0.0893923640251, 0.0796547308564, 0.119845703244, 0.103763610125, 0.10378856957, 0.134853243828, 0.159035772085, 0.126065418124, 0.121418893337, 0.150959745049, 0.143470317125, 0.0973370075226], "var": [0.0421682223678, 0.0254034474492, 0.0276461839676, 0.0587701201439, 0.0449976399541, 0.0254847891629, 0.0272082276642, 0.0339693427086, 0.0796553194523, 0.138807490468, 0.105380728841, 0.0400123596191, 0.0135816931725, 0.0104758916423, 0.0307238604873, 0.0679719820619, 0.0351961478591, 0.0147314453498, 0.0101316571236, 0.0105183077976, 0.0400180257857, 0.0879236012697, 0.0400054827332, 0.0379071123898, 0.0541291758418, 0.036597430706, 0.0651620551944, 0.0603326410055, 0.0322119146585, 0.0709506049752, 0.125872328877, 0.0885336324573, 0.052099134773, 0.0737775787711, 0.0610283613205, 0.0351277329028]}, "tuning_frequency": 440, "chords_scale": "major", "chords_histogram": [65.3821258545, 0.809585511684, 0.469559580088, 0.356217622757, 1.53821241856, 0, 0.0809585526586, 1.50582897663, 0.663860082626, 0, 0.453367888927, 0, 0, 0.582901537418, 0.38860103488, 10.5569944382, 0, 0.566709816456, 0, 6.62240934372, 2.34779787064, 1.26295340061, 3.99935221672, 2.41256475449], "hpcp_entropy": {"mean": 1.92598080635, "min": 0, "max": 4.31865024567, "dmean2": 1.1581428051, "dvar": 0.313368320465, "dmean": 0.682605624199, "median": 1.93135762215, "dvar2": 0.863124132156, "var": 0.513878405094}, "chords_key": "C", "key_key": "C", "key_scale": "major", "tuning_nontempered_energy_ratio": 0.730856657028, "tuning_equal_tempered_deviation": 0.0282138716429, "key_strength": 0.693430840969, "chords_strength": {"mean": 0.456692993641, "min": 0.198725298047, "max": 0.765991032124, "dmean2": 0.0134003860876, "dvar": 9.96318776743e-05, "dmean": 0.0118945259601, "median": 0.450914978981, "dvar2": 0.000136389964609, "var": 0.00900695379823}}, "metadata": {"audio_properties": {"md5_encoded": "43e1da6cb0b3c7f44ccb33e99808ce71", "downmix": "mix", "equal_loudness": 0, "bit_rate": 0, "analysis_sample_rate": 44100, "length": 286.733337402, "lossless": true, "replay_gain": -10.7697257996, "sample_rate": 44100, "codec": "flac"}, "version": {"essentia_git_sha": "v2.1_beta2", "essentia_build_sha": "70f2e5ece6736b2c40cc944ad0e695b16b925413", "extractor": "music 1.0", "essentia": "2.1-beta2"}, "tags": {"media": ["CD"], "albumartist": ["Jes\u00fas Alema\u00f1y"], "disctotal": ["01"], "musicbrainz_artistid": ["75ee0879-a791-4f6b-bc3b-ad3a1f7207d0"], "title": ["Tumbao de coqueta"], "asin": ["B00000062U"], "tracktotal": ["10"], "artist": ["Jes\u00fas Alema\u00f1y"], "genre": ["Latin"], "tracknumber": ["03"], "albumartistsort": ["Alema\u00f1y, Jes\u00fas"], "musicbrainz_albumid": ["2ae53c7c-325d-4a38-9dd7-c3ae9294c0e8"], "label": ["Hannibal"], "album": ["\u00a1Cubanismo!"], "musicbrainz_recordingid": ["03b1d132-7ceb-455f-b940-15233225af9b"], "musicbrainz_albumartistid": ["75ee0879-a791-4f6b-bc3b-ad3a1f7207d0"], "file_name": "03_tumbao_de_coqueta.flac", "musicbrainz_releasegroupid": ["b0e35a75-55f1-3e29-935a-9087a856caea"], "artistsort": ["Alema\u00f1y, Jes\u00fas"], "date": ["1996"], "discnumber": ["01"], "musicip_puid": ["522c9ea0-bdd6-af1b-fbf5-7aff00dcaa8d"], "catalognumber": ["HNCD 1390"], "releasecountry": ["United States"], "barcode": ["031257139021"], "musicbrainz_discid": ["9t7VU4VSGlQp5I84K2HxSSKIzvc-", "V9849PD22AGFsfECh.vrAr8YJaw-"]}}, "lowlevel": {"mfcc": {"mean": [-661.553894043, 120.168006897, -0.245844468474, 19.1217575073, 4.37146091461, 5.6028380394, 0.261110752821, -1.06238245964, 1.87158417702, 2.27612781525, -0.523533940315, -1.19495952129, -1.24130880833], "cov": [[8164.41113281, -625.782470703, -1055.05908203, -274.106292725, -166.822006226, -139.230041504, -20.1101894379, -54.0129356384, 0.407865732908, 1.09552609921, -30.2328090668, -55.8171310425, 60.0041809082], [-625.782470703, 1236.22473145, 126.556388855, 120.103286743, 36.8114738464, 49.0428390503, 8.64619350433, 11.4371833801, 13.4120111465, 18.6892623901, 2.1415784359, 10.888250351, -49.6415596008], [-1055.05908203, 126.556388855, 780.960021973, 179.685302734, 136.838928223, 92.5959472656, 16.1371822357, 34.1730690002, -22.3604297638, -0.285416930914, 36.1325950623, 15.6241779327, -21.8944530487], [-274.106292725, 120.103286743, 179.685302734, 279.289886475, 124.119537354, 57.3974914551, 42.4214553833, 8.0135269165, 15.6844758987, 10.2101621628, 6.03549957275, -0.821853935719, -2.7284860611], [-166.822006226, 36.8114738464, 136.838928223, 124.119537354, 179.301712036, 82.0184402466, 38.3721008301, 7.38140726089, 20.0489807129, 21.9122962952, 11.6038446426, 8.65431308746, 3.0576274395], [-139.230041504, 49.0428390503, 92.5959472656, 57.3974914551, 82.0184402466, 129.941085815, 53.5321083069, 31.0945186615, 16.0315914154, 13.1980028152, 19.6130886078, 9.62200069427, -1.23999619484], [-20.1101894379, 8.64619350433, 16.1371822357, 42.4214553833, 38.3721008301, 53.5321083069, 114.417007446, 61.8049278259, 29.1274623871, 17.3236370087, 10.1875829697, 0.034355007112, 4.93523979187], [-54.0129356384, 11.4371833801, 34.1730690002, 8.0135269165, 7.38140726089, 31.0945186615, 61.8049278259, 112.725158691, 57.8578720093, 17.2317085266, 7.69939565659, 4.07482194901, 6.16098928452], [0.407865732908, 13.4120111465, -22.3604297638, 15.6844758987, 20.0489807129, 16.0315914154, 29.1274623871, 57.8578720093, 110.359397888, 48.7315711975, 8.37464904785, 4.31612014771, 10.5563182831], [1.09552609921, 18.6892623901, -0.285416930914, 10.2101621628, 21.9122962952, 13.1980028152, 17.3236370087, 17.2317085266, 48.7315711975, 87.4275970459, 43.097240448, 13.6699304581, 11.9453964233], [-30.2328090668, 2.1415784359, 36.1325950623, 6.03549957275, 11.6038446426, 19.6130886078, 10.1875829697, 7.69939565659, 8.37464904785, 43.097240448, 87.805305481, 45.5304336548, 7.40968894958], [-55.8171310425, 10.888250351, 15.6241779327, -0.821853935719, 8.65431308746, 9.62200069427, 0.034355007112, 4.07482194901, 4.31612014771, 13.6699304581, 45.5304336548, 88.0132675171, 43.2736320496], [60.0041809082, -49.6415596008, -21.8944530487, -2.7284860611, 3.0576274395, -1.23999619484, 4.93523979187, 6.16098928452, 10.5563182831, 11.9453964233, 7.40968894958, 43.2736320496, 90.4668273926]], "icov": [[0.000153872271767, 5.02814764332e-05, 0.000204564479645, 1.3500651221e-05, -5.17226653756e-05, 2.70155851467e-05, 5.95136270931e-06, -2.45207211265e-05, 5.48014068045e-05, 1.57303256856e-05, -0.000120839576994, 0.000164079334354, -9.81492194114e-05], [5.02814764332e-05, 0.000923250860069, 1.84388136404e-05, -0.000443623604951, 0.000311081821565, -0.000347239430994, 0.000178651258466, -8.81547093741e-05, 8.6340951384e-05, -0.000523733324371, 0.00058035744587, -0.000687889114488, 0.000785917218309], [0.000204564479645, 1.84388136404e-05, 0.00207816087641, -0.000827830808703, -0.000890996539965, -0.000499094952829, 0.00112769019324, -0.0015252638841, 0.00126171088777, 8.77234779182e-05, -0.000764928408898, 0.00016357084678, 0.000243646383751], [1.3500651221e-05, -0.000443623604951, -0.000827830808703, 0.00593360187486, -0.00339294457808, 0.000745114695746, -0.00177018216345, 0.00127558433451, -0.00102792261168, 0.000968180946074, -0.000447686034022, 0.000844026624691, -0.000514142215252], [-5.17226653756e-05, 0.000311081821565, -0.000890996539965, -0.00339294457808, 0.0113168945536, -0.00524104991928, -0.000902703206521, 0.00255878060125, -0.00132944167126, -0.00208538095467, 0.00195082288701, -0.00132781302091, 0.000213541279663], [2.70155851467e-05, -0.000347239430994, -0.000499094952829, 0.000745114695746, -0.00524104991928, 0.0133362440392, -0.00413828156888, -0.000991311739199, -5.91575189901e-06, 0.00137728592381, -0.00228830450214, 7.48862876208e-05, 0.00031685931026], [5.95136270931e-06, 0.000178651258466, 0.00112769019324, -0.00177018216345, -0.000902703206521, -0.00413828156888, 0.0158647224307, -0.00865914486349, 0.00232608336955, -0.00158681627363, -0.000514626968652, 0.00144275196362, -0.000698229239788], [-2.45207211265e-05, -8.81547093741e-05, -0.0015252638841, 0.00127558433451, 0.00255878060125, -0.000991311739199, -0.00865914486349, 0.018602328375, -0.00958708394319, 0.00322674913332, -0.000767668534536, -0.000144126577652, -0.000432881584857], [5.48014068045e-05, 8.6340951384e-05, 0.00126171088777, -0.00102792261168, -0.00132944167126, -5.91575189901e-06, 0.00232608336955, -0.00958708394319, 0.0183556508273, -0.0103193223476, 0.00428891694173, -0.00132895109709, 0.000361354876077], [1.57303256856e-05, -0.000523733324371, 8.77234779182e-05, 0.000968180946074, -0.00208538095467, 0.00137728592381, -0.00158681627363, 0.00322674913332, -0.0103193223476, 0.0233619995415, -0.0132602481171, 0.00555040081963, -0.00374071905389], [-0.000120839576994, 0.00058035744587, -0.000764928408898, -0.000447686034022, 0.00195082288701, -0.00228830450214, -0.000514626968652, -0.000767668534536, 0.00428891694173, -0.0132602481171, 0.0248600486666, -0.0139087643474, 0.00605039251968], [0.000164079334354, -0.000687889114488, 0.00016357084678, 0.000844026624691, -0.00132781302091, 7.48862876208e-05, 0.00144275196362, -0.000144126577652, -0.00132895109709, 0.00555040081963, -0.0139087643474, 0.0235339216888, -0.0111399972811], [-9.81492194114e-05, 0.000785917218309, 0.000243646383751, -0.000514142215252, 0.000213541279663, 0.00031685931026, -0.000698229239788, -0.000432881584857, 0.000361354876077, -0.00374071905389, 0.00605039251968, -0.0111399972811, 0.0169431660324]]}, "barkbands_spread": {"mean": 20.6774597168, "min": 0.072140917182, "max": 118.140174866, "dmean2": 11.257604599, "dvar": 68.4981918335, "dmean": 6.95915985107, "median": 18.5066623688, "dvar2": 171.908035278, "var": 164.640792847}, "spectral_strongpeak": {"mean": 1.02501070499, "min": 0, "max": 20.6846923828, "dmean2": 1.12061202526, "dvar": 1.9411355257, "dmean": 0.672215938568, "median": 0.490099519491, "dvar2": 4.47620820999, "var": 3.13821363449}, "melbands_crest": {"mean": 14.1230583191, "min": 3.39847540855, "max": 33.7853431702, "dmean2": 5.5057554245, "dvar": 9.64048862457, "dmean": 3.40667414665, "median": 13.3683137894, "dvar2": 22.9508590698, "var": 30.2328567505}, "spectral_energyband_middle_high": {"mean": 0.00576413283125, "min": 2.75610177042e-11, "max": 0.0767279714346, "dmean2": 0.00439287954941, "dvar": 2.75012644124e-05, "dmean": 0.0030500930734, "median": 0.00226196600124, "dvar2": 5.39030661457e-05, "var": 7.06496575731e-05}, "spectral_rms": {"mean": 0.00415299274027, "min": 1.30409011945e-06, "max": 0.0118289813399, "dmean2": 0.00130510423332, "dvar": 8.9277278903e-07, "dmean": 0.00091535365209, "median": 0.00406447611749, "dvar2": 1.72707632373e-06, "var": 3.02626426674e-06}, "spectral_flux": {"mean": 0.0755753591657, "min": 7.10363747203e-05, "max": 0.327300965786, "dmean2": 0.0453003533185, "dvar": 0.000847034330945, "dmean": 0.0288355499506, "median": 0.0696770325303, "dvar2": 0.00206977874041, "var": 0.00162465020549}, "erbbands_flatness_db": {"mean": 0.151177480817, "min": 0.0219083093107, "max": 0.479012310505, "dmean2": 0.0418124385178, "dvar": 0.000750440289266, "dmean": 0.0274561252445, "median": 0.147199571133, "dvar2": 0.00159307569265, "var": 0.00236892257817}, "barkbands_flatness_db": {"mean": 0.132068067789, "min": 0.020041892305, "max": 0.667633712292, "dmean2": 0.0455554500222, "dvar": 0.000940175901633, "dmean": 0.0303925722837, "median": 0.119527474046, "dvar2": 0.00198002322577, "var": 0.00468629552051}, "spectral_entropy": {"mean": 7.50025224686, "min": 3.32322645187, "max": 9.80557823181, "dmean2": 0.405875951052, "dvar": 0.082401111722, "dmean": 0.268526643515, "median": 7.56792831421, "dvar2": 0.178302824497, "var": 0.283945024014}, "spectral_energyband_high": {"mean": 0.000642787083052, "min": 1.43219852644e-10, "max": 0.0176897458732, "dmean2": 0.000603396096267, "dvar": 4.74804636497e-07, "dmean": 0.00038833511644, "median": 0.000230415244005, "dvar2": 1.04720243144e-06, "var": 1.32994557589e-06}, "barkbands_kurtosis": {"mean": 6.53843069077, "min": -1.89954578876, "max": 1078.5682373, "dmean2": 8.04102516174, "dvar": 352.220092773, "dmean": 5.10028553009, "median": 1.84036159515, "dvar2": 817.441955566, "var": 588.893676758}, "spectral_complexity": {"mean": 15.2159509659, "min": 0, "max": 52, "dmean2": 5.44736003876, "dvar": 13.4714422226, "dmean": 3.74524259567, "median": 14, "dvar2": 26.5313091278, "var": 63.8485794067}, "spectral_contrast_coeffs": {"mean": [-0.626161754131, -0.721066057682, -0.756694316864, -0.763985455036, -0.789859890938, -0.776674091816], "min": [-0.957118093967, -0.96208357811, -0.967149913311, -0.965646803379, -0.961162507534, -0.960071444511], "max": [-0.311994612217, -0.455695509911, -0.477119445801, -0.422402083874, -0.533850669861, -0.595516443253], "dmean2": [0.0901155546308, 0.0880603268743, 0.0702135339379, 0.0599248483777, 0.0430583097041, 0.0357584655285], "dvar": [0.00230828532949, 0.00193441461306, 0.00131996895652, 0.00123292161152, 0.00082946108887, 0.000429709965829], "dmean": [0.0571028552949, 0.0535019673407, 0.0438523776829, 0.040218450129, 0.0292780864984, 0.0232953671366], "median": [-0.629720449448, -0.72344148159, -0.761726498604, -0.778454005718, -0.807404518127, -0.780244886875], "dvar2": [0.0053928475827, 0.00504179019481, 0.003175847698, 0.00244894996285, 0.00145450734999, 0.000927089888137], "var": [0.00973484199494, 0.00526800658554, 0.00445021362975, 0.00556274037808, 0.00400047888979, 0.00179998518433]}, "spectral_centroid": {"mean": 1251.47558594, "min": 85.1744918823, "max": 10975.015625, "dmean2": 447.056762695, "dvar": 108742.132812, "dmean": 293.284637451, "median": 1111.89758301, "dvar2": 224755.484375, "var": 445474.65625}, "spectral_energyband_low": {"mean": 0.00693359784782, "min": 7.79074582624e-10, "max": 0.0904078185558, "dmean2": 0.00490182312205, "dvar": 2.38860429818e-05, "dmean": 0.00320947612636, "median": 0.00509007042274, "dvar2": 5.18592860317e-05, "var": 4.89417179779e-05}, "dissonance": {"mean": 0.459844976664, "min": 0.0905245840549, "max": 0.499999970198, "dmean2": 0.0360673479736, "dvar": 0.000433653593063, "dmean": 0.0213303528726, "median": 0.466856122017, "dvar2": 0.00112015311606, "var": 0.0011330100242}, "zerocrossingrate": {"mean": 0.0552365481853, "min": 0.00244140625, "max": 0.51220703125, "dmean2": 0.0126758180559, "dvar": 0.000112780733616, "dmean": 0.010447178036, "median": 0.048828125, "dvar2": 0.000155412039021, "var": 0.00149010226596}, "erbbands": {"mean": [0.0510237663984, 0.788142263889, 3.51837348938, 4.07636547089, 7.6567697525, 7.02422761917, 6.9830031395, 19.951051712, 12.7299938202, 14.9142513275, 16.2774181366, 20.5438556671, 24.7789154053, 27.030620575, 23.0342502594, 24.2141780853, 36.8116111755, 34.2338905334, 34.3898468018, 42.6388092041, 28.5229454041, 18.706445694, 16.343208313, 14.7474813461, 15.5508346558, 11.9876775742, 6.6495552063, 5.82347822189, 3.9221508503, 3.25531196594, 1.97276771069, 1.32414019108, 1.05869913101, 0.832476496696, 0.492672502995, 0.211821630597, 0.0852237716317, 0.0145490961149, 0.00135239434894, 8.96525671124e-05], "min": [7.25292670367e-09, 6.1671002527e-08, 1.4980936669e-07, 1.85114373608e-07, 1.30830343892e-07, 1.63729382052e-07, 1.36187139788e-07, 1.10820487009e-07, 1.56083075353e-07, 5.75982568307e-08, 2.74312384363e-07, 4.86508724862e-07, 1.8986874295e-07, 5.30867723114e-08, 1.277082049e-07, 1.57281263569e-07, 3.15108536597e-07, 1.14674904239e-07, 1.05681976947e-07, 1.34226851856e-07, 1.57237579401e-07, 1.31075864829e-07, 1.37764317287e-07, 1.04985403482e-07, 5.36990967248e-08, 5.03902768401e-08, 3.90434351516e-08, 1.63852931223e-07, 1.08765476625e-07, 1.55492685394e-07, 7.4556645302e-08, 2.03367264362e-07, 1.13572596661e-07, 5.31899679856e-08, 3.86749725578e-08, 3.42905188688e-08, 1.31396706848e-08, 1.34483792991e-08, 1.3862172743e-08, 3.61850549524e-09], "max": [0.449267238379, 8.05893039703, 60.9472961426, 94.5145721436, 299.211853027, 432.661224365, 193.409393311, 484.047363281, 366.885162354, 735.131225586, 549.704589844, 862.199157715, 1304.57922363, 848.036987305, 1121.04663086, 1978.90478516, 2542.63256836, 2709.17919922, 2532.14453125, 4008.80249023, 1983.80505371, 1126.20898438, 523.401000977, 511.718444824, 394.461242676, 341.930908203, 153.134750366, 226.116485596, 303.935058594, 138.616928101, 237.955062866, 64.5922317505, 41.1053771973, 68.5573730469, 18.0354290009, 15.9324102402, 5.87169647217, 1.72793376446, 0.129656583071, 0.00643723132089], "dmean2": [0.0468893386424, 0.694167375565, 2.69083738327, 3.02142524719, 8.18686008453, 8.09270763397, 8.47251415253, 23.397190094, 16.1300430298, 23.9533481598, 16.3948631287, 21.5574493408, 33.8040161133, 29.2383499146, 24.6656780243, 27.9803256989, 40.7519721985, 34.6593055725, 35.3208427429, 41.9027557373, 23.938419342, 16.4923667908, 14.6139135361, 12.8440389633, 14.1110639572, 10.2850103378, 5.68536615372, 5.42262792587, 4.22774600983, 3.90485954285, 2.47244739532, 1.70344614983, 1.3465141058, 1.10025894642, 0.699724197388, 0.292004495859, 0.105976633728, 0.0216113850474, 0.00249446625821, 0.000135566457175], "dvar": [0.00216179597192, 0.531783401966, 9.55959701538, 14.0660352707, 232.08430481, 249.991439819, 119.73752594, 982.870666504, 323.289428711, 1278.6920166, 391.670288086, 917.661743164, 2726.00878906, 1703.64416504, 1541.31237793, 3264.4519043, 9526.89160156, 5151.28076172, 6012.02832031, 13917.1835938, 2769.66748047, 724.255981445, 555.349304199, 458.887145996, 405.373809814, 210.291152954, 47.1489143372, 46.8519935608, 56.0165710449, 24.1714935303, 14.563993454, 4.15447044373, 2.55266404152, 2.38688325882, 0.777166366577, 0.170189619064, 0.0412541590631, 0.00211852183565, 1.77481688297e-05, 4.995004943e-08], "dmean": [0.0283242743462, 0.43101939559, 1.76032018661, 2.00530076027, 5.28141736984, 5.27567863464, 5.08580636978, 14.0691709518, 9.54857158661, 13.7282400131, 10.2948722839, 13.6989860535, 20.2322921753, 18.6170291901, 15.6451005936, 17.9538173676, 27.1657047272, 23.0259132385, 22.9523448944, 27.5749092102, 16.6893005371, 11.1874895096, 9.64855480194, 8.50936985016, 9.41924095154, 6.8299279213, 3.77756643295, 3.47853446007, 2.63159060478, 2.37564682961, 1.50695133209, 1.02534985542, 0.811628043652, 0.660606503487, 0.420017510653, 0.177803575993, 0.0665762498975, 0.0131132518873, 0.00145359931048, 7.97926186351e-05], "median": [0.0160901807249, 0.228056252003, 1.99864983559, 2.61509013176, 2.07591581345, 1.8537671566, 3.16016221046, 7.25040769577, 5.73973941803, 5.58778429031, 6.66306066513, 9.08917045593, 9.21678447723, 8.47511100769, 5.44482088089, 6.86160755157, 9.68905067444, 9.13299655914, 8.83437919617, 7.22899723053, 7.1256313324, 5.70343208313, 4.4744386673, 3.69776844978, 3.62682962418, 3.02240180969, 2.29670000076, 1.93013739586, 1.23204231262, 0.87959510088, 0.615066289902, 0.450301170349, 0.342858433723, 0.22950270772, 0.108505323529, 0.0336043126881, 0.00846264790744, 0.0014261812903, 0.000154779947479, 3.31041192112e-05], "dvar2": [0.00525921396911, 1.25862753391, 20.1720123291, 31.4159698486, 508.815917969, 524.337585449, 308.95300293, 2531.12451172, 877.970825195, 3575.29956055, 886.199707031, 2039.20349121, 7355.31591797, 4069.9987793, 3649.734375, 7204.0078125, 19633.3378906, 10643.4414062, 13080.2685547, 29633.3164062, 4637.42431641, 1286.17285156, 1265.69726562, 967.151611328, 842.224182129, 463.723815918, 99.6403274536, 105.602523804, 148.837051392, 60.2753791809, 36.5798568726, 10.6484260559, 6.52007865906, 6.22335529327, 1.96011710167, 0.38138628006, 0.0819580629468, 0.00529062002897, 4.59430702904e-05, 1.32105114403e-07], "var": [0.00533222639933, 1.06095528603, 20.5917110443, 25.394701004, 352.922058105, 372.827819824, 137.968994141, 1291.30285645, 364.98614502, 994.729064941, 797.352661133, 1520.58605957, 2569.16333008, 2957.27416992, 3024.42211914, 4804.61621094, 14599.8339844, 10403.7099609, 10528.1376953, 27699.671875, 7486.86425781, 1933.54333496, 1313.32214355, 1354.66870117, 927.506713867, 506.56640625, 144.802658081, 124.023880005, 72.9462280273, 45.2074394226, 18.339471817, 6.3910651207, 4.12041330338, 3.23436546326, 1.196788311, 0.356248021126, 0.104586809874, 0.00308853108436, 1.89076072274e-05, 4.75185757409e-08]}, "pitch_salience": {"mean": 0.524885714054, "min": 0.0577449798584, "max": 0.903484225273, "dmean2": 0.130816310644, "dvar": 0.00535415811464, "dmean": 0.0807918310165, "median": 0.525374889374, "dvar2": 0.0133380973712, "var": 0.014316579327}, "silence_rate_60dB": {"mean": 0.0617004036903, "min": 0, "max": 1, "dmean2": 0.0861677974463, "dvar": 0.0412287525833, "dmean": 0.0430804118514, "median": 0, "dvar2": 0.095108166337, "var": 0.0578903667629}, "melbands": {"mean": [0.000630278605968, 0.0016204114072, 0.000773959211074, 0.00064261915395, 0.000225405397941, 0.000424311787356, 0.00020929191669, 0.000153753368068, 0.000132211949676, 0.000125551086967, 0.000124694313854, 0.000110668042907, 7.65561926528e-05, 6.48634377285e-05, 5.99094382778e-05, 8.75938858371e-05, 6.14441159996e-05, 4.79904883832e-05, 6.86187995598e-05, 4.79378577438e-05, 3.00874417007e-05, 2.0696550564e-05, 1.60378494911e-05, 1.30026619445e-05, 1.17475810839e-05, 1.02266321846e-05, 1.0840091818e-05, 7.62386798669e-06, 3.82375310437e-06, 3.95583674617e-06, 3.38096765518e-06, 2.26765246225e-06, 1.81571294888e-06, 1.76618095793e-06, 1.16119201721e-06, 8.87495957613e-07, 7.86418581811e-07, 7.06171931597e-07, 7.70652320625e-07, 6.91505420036e-07], "min": [8.56053838927e-11, 8.47375017377e-11, 3.09534030352e-11, 9.77109539113e-12, 5.73959326247e-12, 2.50814668513e-12, 2.17667637387e-12, 6.86989907236e-13, 2.56180320013e-12, 3.03739780723e-12, 8.53392389307e-13, 1.7276008098e-13, 3.94994258655e-13, 3.03335725678e-13, 7.8462345128e-13, 5.05624730453e-13, 1.7281847882e-13, 1.39323746767e-13, 2.11107078541e-13, 2.02276428029e-13, 1.61486709421e-13, 1.32147724295e-13, 1.4434437532e-13, 9.19410083006e-14, 8.91261009764e-14, 4.41582060089e-14, 3.26397505486e-14, 3.52188439003e-14, 1.41186179094e-14, 5.6601709539e-14, 1.0433503833e-13, 4.17100436221e-14, 1.02780692215e-13, 7.63584887594e-14, 3.73747968609e-14, 4.78066106938e-14, 1.57514965155e-13, 8.69340610241e-14, 4.89707998816e-14, 4.05049630718e-14], "max": [0.00593170290813, 0.0224700719118, 0.0141103835776, 0.0345401577652, 0.00561387883499, 0.0107979727909, 0.00502963270992, 0.00684682326391, 0.00405695242807, 0.00464717391878, 0.00681790011004, 0.0038039998617, 0.00255092442967, 0.00411835638806, 0.00525013217703, 0.00747651094571, 0.00537367723882, 0.0039926157333, 0.00562660209835, 0.0029618544504, 0.00199800753035, 0.00169901188929, 0.000383962353226, 0.000364409730537, 0.000493838393595, 0.000333720177878, 0.000679517455865, 0.00025734238443, 9.38650555327e-05, 0.000142136777868, 0.00016757712001, 0.000155258312589, 0.000165838559042, 6.56373449601e-05, 0.000154884866788, 0.000102624959254, 3.79293051083e-05, 2.55055874732e-05, 3.9664155338e-05, 6.4108047809e-05], "dmean2": [0.000563660578337, 0.00122776941862, 0.000606355781201, 0.000694022979587, 0.000268991425401, 0.000493605271913, 0.000273419718724, 0.00023461409728, 0.000132023706101, 0.000138090908877, 0.000177686772076, 0.000130082058604, 8.25706883916e-05, 7.71426857682e-05, 6.71339294058e-05, 0.000102276368125, 6.44479077891e-05, 5.24272800249e-05, 7.39792740205e-05, 4.51242412964e-05, 2.69519168796e-05, 1.94125095732e-05, 1.60740273714e-05, 1.21882721942e-05, 1.09039174276e-05, 1.05431618067e-05, 9.68780841504e-06, 7.07572871761e-06, 3.40359815709e-06, 3.93703248847e-06, 3.37365736414e-06, 2.45488308792e-06, 2.38945153797e-06, 2.17196270569e-06, 1.53315806983e-06, 1.19850665214e-06, 1.02809303826e-06, 9.14191332413e-07, 1.02972148852e-06, 9.48191086536e-07], "dvar": [3.08930424353e-07, 1.79705364189e-06, 4.62994478312e-07, 2.13805651583e-06, 1.06325913407e-07, 4.2666272293e-07, 9.12743658432e-08, 1.13342224495e-07, 2.80109748729e-08, 3.46376580751e-08, 7.7000663623e-08, 3.51082896088e-08, 1.52896895145e-08, 2.0407972201e-08, 1.89038331655e-08, 7.58979297188e-08, 2.03878069982e-08, 1.58436233022e-08, 5.16425302521e-08, 8.30703772436e-09, 3.15682679997e-09, 1.34847566446e-09, 5.1345599994e-10, 3.97303495658e-10, 3.95953964061e-10, 2.42915548787e-10, 3.16040804638e-10, 1.12631771965e-10, 1.66853232619e-11, 2.79848557522e-11, 2.5698759093e-11, 1.747705