{"tonal": {"thpcp": [1, 0.764476716518, 0.675751566887, 0.70430970192, 0.519893348217, 0.440809518099, 0.494938760996, 0.533247590065, 0.797923982143, 0.976478934288, 0.726981580257, 0.553606688976, 0.488823950291, 0.443214863539, 0.713179051876, 0.907392978668, 0.633446276188, 0.485366433859, 0.563623964787, 0.484278589487, 0.487267196178, 0.525588095188, 0.451536297798, 0.615849256516, 0.768893480301, 0.788779377937, 0.821440637112, 0.558378577232, 0.347461909056, 0.613173782825, 0.808155834675, 0.619224965572, 0.599393248558, 0.637315094471, 0.535352945328, 0.782561719418], "hpcp": {"dmean2": [0.271209090948, 0.252153486013, 0.217874675989, 0.21086037159, 0.2337218225, 0.24492430687, 0.278013527393, 0.302020907402, 0.277341812849, 0.249149397016, 0.224486589432, 0.219446733594, 0.257653027773, 0.270550787449, 0.231508776546, 0.201350450516, 0.215274259448, 0.210524022579, 0.205242738128, 0.204565748572, 0.206392794847, 0.228324174881, 0.250175207853, 0.318550914526, 0.405301421881, 0.267135024071, 0.174868345261, 0.236282125115, 0.252163857222, 0.244169995189, 0.24993827939, 0.247825011611, 0.232377052307, 0.278748720884, 0.285197466612, 0.276179105043], "median": [0.0447438359261, 0.0354564748704, 0.029255118221, 0.025047024712, 0.026002522558, 0.0359434299171, 0.0700666978955, 0.0855646580458, 0.063734896481, 0.0342070758343, 0.0243960525841, 0.026883425191, 0.0469412282109, 0.0560544244945, 0.0457301326096, 0.0307015944272, 0.027404692024, 0.0269425958395, 0.030658967793, 0.0279957316816, 0.0294108502567, 0.0466698408127, 0.0529525540769, 0.0733881145716, 0.0510995686054, 0.0376834496856, 0.0206763669848, 0.0364057272673, 0.0437896326184, 0.0383434407413, 0.0324181504548, 0.0285950805992, 0.0398367494345, 0.0697692483664, 0.0788851678371, 0.0598501637578], "min": [0, 0, 0, 0, 0, 0, 0, 0, 0, 0, 0, 0, 0, 0, 0, 0, 0, 0, 0, 0, 0, 0, 0, 0, 0, 0, 0, 0, 0, 0, 0, 0, 0, 0, 0, 0], "dvar2": [0.134789302945, 0.128794193268, 0.10833337903, 0.111143305898, 0.131189659238, 0.123435765505, 0.123074762523, 0.135557726026, 0.121878504753, 0.125955596566, 0.117407128215, 0.111995100975, 0.125919103622, 0.13036160171, 0.107268415391, 0.095246501267, 0.114203602076, 0.108119778335, 0.106934323907, 0.103419803083, 0.0981072708964, 0.0991969555616, 0.118958719075, 0.133114099503, 0.246230751276, 0.112119674683, 0.0883405581117, 0.117868639529, 0.116349481046, 0.113958410919, 0.122827447951, 0.130687057972, 0.106230504811, 0.124322280288, 0.126002445817, 0.124127835035], "dvar": [0.0526701286435, 0.0517787449062, 0.0413702242076, 0.0409728735685, 0.0485605634749, 0.0462085306644, 0.0487255975604, 0.0587645918131, 0.0465117804706, 0.0466771163046, 0.0448553077877, 0.0408014543355, 0.0488243885338, 0.056822091341, 0.0400491915643, 0.0354021750391, 0.0449607595801, 0.0400588437915, 0.0393363274634, 0.0389864146709, 0.0354657620192, 0.038449216634, 0.0494534671307, 0.0491438880563, 0.0897156223655, 0.0418026186526, 0.031806204468, 0.0445600897074, 0.0529011487961, 0.0443660207093, 0.0488334782422, 0.0527000725269, 0.0392923504114, 0.0469138287008, 0.0527285970747, 0.0477254763246], "dmean": [0.153415545821, 0.145040974021, 0.12386918813, 0.116828665137, 0.130143046379, 0.137091219425, 0.162787362933, 0.179014205933, 0.158872544765, 0.140086233616, 0.124925896525, 0.121905490756, 0.150178864598, 0.160364180803, 0.133729428053, 0.114702738822, 0.123914822936, 0.118977487087, 0.114674441516, 0.116072759032, 0.116214223206, 0.13345067203, 0.147167310119, 0.178876787424, 0.220380917192, 0.147906661034, 0.096977494657, 0.135827600956, 0.149810671806, 0.141457587481, 0.143181860447, 0.141832828522, 0.131678238511, 0.160575762391, 0.167066663504, 0.158563777804], "max": [1, 1, 1, 1, 1, 1, 1, 1, 1, 1, 1, 1, 1, 1, 1, 1, 1, 1, 1, 1, 1, 1, 1, 1, 1, 1, 1, 1, 1, 1, 1, 1, 1, 1, 1, 1], "var": [0.0619974397123, 0.0737637504935, 0.0454431064427, 0.037329338491, 0.0462179146707, 0.0449362657964, 0.0662443488836, 0.0922126695514, 0.0568348579109, 0.048785790801, 0.0476731881499, 0.0354045368731, 0.0646632313728, 0.0968046486378, 0.0501850694418, 0.0381427593529, 0.058070871979, 0.0399558022618, 0.0418750047684, 0.047003403306, 0.032628249377, 0.0487611815333, 0.0763953253627, 0.0612366013229, 0.0858903825283, 0.0426705889404, 0.0262487661093, 0.0514671690762, 0.0864703729749, 0.0539521351457, 0.0562374219298, 0.0680042505264, 0.0406043641269, 0.0626393258572, 0.0982758626342, 0.064062744379], "mean": [0.160543531179, 0.167328298092, 0.123515091836, 0.104726530612, 0.117586433887, 0.12668775022, 0.189568966627, 0.231989651918, 0.17271463573, 0.13152462244, 0.11613368988, 0.105297982693, 0.169435471296, 0.21557636559, 0.150492727757, 0.115312255919, 0.133904501796, 0.115053810179, 0.115763835609, 0.124868035316, 0.107274971902, 0.146312072873, 0.18267197907, 0.187396422029, 0.195156008005, 0.132658317685, 0.0825492143631, 0.14567643404, 0.191999837756, 0.14711406827, 0.142402485013, 0.151411876082, 0.127187937498, 0.185919240117, 0.237577736378, 0.1816226542]}, "tuning_equal_tempered_deviation": 0.268709123135, "chords_changes_rate": 0.0851261392236, "key_key": "E", "tuning_diatonic_strength": 0.414887338877, "key_scale": "major", "chords_number_rate": 0.00201207236387, "tuning_frequency": 434.193115234, "tuning_nontempered_energy_ratio": 0.935116589069, "chords_histogram": [13.8523445129, 8.43522644043, 2.5383067131, 0.0928648784757, 1.36201822758, 0.959603786469, 3.77650523186, 0.402414500713, 0.913171350956, 0.123819842935, 0.0464324392378, 2.01207232475, 0.541711807251, 2.22875714302, 0.820306479931, 0.866738915443, 0.897693872452, 13.1249036789, 8.03281211853, 4.89088392258, 0.897693872452, 10.6949386597, 7.49110031128, 14.9976787567], "key_strength": 0.596145093441, "chords_key": "C#", "chords_strength": {"dmean2": 0.0153816007078, "median": 0.482199549675, "min": 0.177935659885, "dvar2": 0.000161452422617, "dvar": 0.000130873755552, "dmean": 0.0142412772402, "max": 0.780635178089, "var": 0.00962492916733, "mean": 0.479036927223}, "chords_scale": "minor", "hpcp_entropy": {"dmean2": 1.16878676414, "median": 2.40723609924, "min": 0, "dvar2": 0.88258343935, "dvar": 0.327686667442, "dmean": 0.693068981171, "max": 4.65544652939, "var": 0.620375812054, "mean": 2.39068341255}}, "metadata": {"audio_properties": {"equal_loudness": 0, "codec": "mp3", "downmix": "mix", "sample_rate": 44100, "analysis_sample_rate": 44100, "bit_rate": 192000, "md5_encoded": "ff61454f7919d8571ea2a9267f40508b", "length": 299.964080811, "replay_gain": -4.90239524841, "lossless": false}, "version": {"essentia_build_sha": "2d9f1f26377add8aeb1075a9c2973f962c4f09fd", "essentia": "2.1-beta2", "extractor": "music 1.0", "essentia_git_sha": "v2.1_beta2-1-ge3940c0"}, "tags": {"title": ["Animal"], "language": ["eng"], "acoustid_fingerprint": ["AQADtEpiJUkSPcGJ8DmDOx8YJbaChmpKlEQzjcL7gEnETkV45KeOOeuDbxceoYk7XMJ1PHpQJzruUjgp-Emh8McNPtqWFN5xRUW9CL-gOgd_nOTw5Qiz7Dj-IFLEaUM9JcRbTHkDjUxFoz7eIz-ORo6E73gkDyeN_PCzQx9C63iKXsSjHUeOnikhbr3w7IeVG3qKLSNRNsd-_KzwoStvhOHRH9QvCvYU9Bc-YfonnEf6HBWPz_jRcIuH6UyDM8eTE6H0Ike7zLicYLrgv4CustD-4IfeoW94WM2OLWKZFaakHyUZC98hHZWPRwukPMf7oPoFoz5-9biP6-gp2D5eMN1RFWG6PMI__Pgp9D7CxNnxfIG2YYrDH6dSNA8mvriP08Odo88P80bzHo08VOZxjcQ5xniEJouQ_YLRJzhnTDlufDv-ok-KWhmaJozx7Ph2bJeR7_jBWPAPSoqyow92zkCPpsKjB99xQSZqsVIhf-ixVQyDJ48ga2PAC0ye5vDRxsaVbRHQXAFzHo-Oh0cPLaGyZPiN_6gfNNZxSjreHR_zCM1Ri7iOm2hOGZWkhnj0g9kUQURJ6Xg64_oy1KByCn2DMzgXQWeUCz9y9WgetDqaXLh4UGuUEz1-XOIRPoH9op2L2Dn6Hk2e4kp0ZF-FdkFCTapxUNZStG-C8NlglUMfKdDz4jv-TNASFX0maP8RZk9xwpQU48-mIjuYQ0S8ZYYv9DMuoz58TSh9fEIY8ugy9-BzqD56NCueRcel4uSMfmgSBkfzo3Y69Dr8Q_vw67iiMngvlD3-FKKFcPrxRcef5vguXFnRxD1qF4x5CY1z_OhVNPElHP-Qdjl-4osQ-pTQZGKCf0F2_ESt44f2sOBFNVCpLMXUwYd24U_wiNGQo_kRTlFoNLZ2qBSP5lmKfVFG5BfCNEK1QtuDME8e8Fl6_JjsHI0W5sWPX0jOoTlCLRKPpsnR50H-ZdCyHJEe_AOzJw7CC8_xDM8hwX0a49VDHLmDJtbQHftQJxd87DnyZUeiHKUf-B7RM8elDFeWMKC2I7mEOA0dNMf-4NqLnp2xP_i0ZAGTHsla5ArOF5E-cUMX5sJ9Qj8-5WijDOIY5Yj04J-K58XBZDF6TD5SB5qnIj--JHTw6ENzBdVx5IeWKcm1oVqU4T20PD3RRjqeZngSC_3RxAz0YH_wC3523NrxRjEq61B21AirPnBFnJfhisGTyEhDyHkM_2h_PLh06PjUwjn2XMgl41WObmLQvKgPp0kegT-coz8uh0PlDM0fYeeHJxvRB1PICD_efMgOLY-QZRo-BVN-9EsYtIPd4GEihBZUScGzCi-aSSz0wJWPZl2MsXvwTLgP7UFl3BQ-MfjRXIH2HLeO_MI1tEt0NJG2gNfw48yMHs1F41OiI68uqKcR5kRPgsf1oM_hR8WRLMHFMAfJZEfDOF3QE_LwDOH5IK1yNNKkBx9R_QjjMOBRLrIE93COKt0kzK-wL1GO6yyaragdUbhynEZDTaHQx4gdMHchST3yw3kaTJoSVrgk9MFJpE4ObX1xFYd2DWKoEsf0VPhxXPkRykK4Qw9-MEWYHLWWCHuSF5PWFzk_JH10uE7wJfIxaVGO5i9-JCPTI1oFPoXbPPCPssiT84M007iO1C6-XPhP3HnAfAWVJckuXBeMo8keZFOjQ_OJpnWG6TwaJcuC-cEf-FCNZ0GY-hSYR8_R1MHpgjpqZUlR7tKQLMfICW-EB_cF_Q16UYIf4oV2FnmeHs96_Jh-NP8ETkTo8COSrEI_XE-OC00TEiHlBP-BJmJG9HiD2FKOvuiLN-iTw-Hx5fBwPUKzicd1CbkVNP-hSOMR8TKejlOE-hV8oicuhPygZdkk5Il0nKid4lkVlNKDxh_aiEceQqfQXOiPT9chMwgzZheq4ziPZrtQJg_WRkmR7DzCgBH34HmwjcSD_8gh8gm6KSHi5rj04FnQHo2TY8eX-GiyZUa3I8xz9DT4PGiXDzpTId8PH7XBkkHXC824Cz965gXF5TjyFZokpcePKy76dJji4Mc_4sXRHTuNHspjoWEuhMepHHaInMczKdByFflhTQ_6ZDG-G0dDhahXXEIeHtoF7zlC65g6hFkXaF-M9JjYBVPvwT_eIy_eBbfiCNQv9PgXTOmD3hOONjs-6oiPH82J5zjChGIoaKURaWXQnMepHPQ-3PHRp4SfI5xwJuiDhsNLNM8OXhAr9AnC8xmsHx9zpHEiC9Jh58i3o_kR70M3CT4P7ei0jIKn46ZAfTl-46sFaqglgfvC4cwR5uRQ9ugVGT2Pv8c3NEeew_GhH3kuocelw5N0PA-HizElUMyJPPmgy0bPEHfARCd-_MkHvsen5kEXsgqaOIeOp2i6HSVi9PjhcCR-5FF4HMq-I6eOJkzq4FOOz4mCZj3CH4dmMdC1akiTUBinVfiYo2444Rf6ofnx8cilQd4ZNEefBF8jCm8yC2cFzToaqqh1NM-DrkQTJ0o4HHoi_MM_o7Gu4zTxYRdRWofK4skjnEzxwdmK6DXKw056WI4udFGT4im-UgKPWoTtNwif42ZE4c6hxWEmhKIIPkJ4nJBS1cIpZsPaLBpCUTwaF9eiHDnyO0MuXDq0VBLOUIePS6MxxaGLXJGQXYV21EL2F-dFPNuKxqiPPIfuD3nRH02V4U3xHTyNMMyD3ofMKCJxSsffos2G5sfxnIQWhylOHX5-_Oh1AMCAAMIIKgwAQiAGlEFIEAMQEgQIAZhAhCjgCIRKAcIsI8oAAxRG1DABjQBMAGcMA0AQgIRDgACBAAMCMgelIIAhCSBQQgHEFAACAIAIVUI4IwABABgiiBNOICABNAgAoIwBAgFADENAGAEAEkw5gACiQBrDFCOAGEMUEYpYwBgQiiuiCBBEICIcM8YAA5wwCgEiCADWEAQUMIIKZACBAFjlDFAKASGkI0AQApBBgKghAEKAMQCIAYIJgo0lAAgkECHGACMcIAoQAwUSQAihACJCOCQAAcgoIgwCRIhmqAKICAaAUsoJoABSzCMhBADGECCIYMwIAIgCShFhABJEQGEYIcIBgJCgAmkHCBAECUOM1MQQJYhBxDAAAAEESEUgBUBIAJZwQADjoDKGIUAIcgoiwJgBBABBACBIAaIgYAQBIYBiAEJGAFACC0CEUMwJIDBQwBChDFLACECQI1wJCpAwiGCliAAAAACEAEwwAiAiQDhgCEAAeQAEcEggQJARBBqmmDLOAJiQUggQy6EwQgkhACDEAGMEYYAIAABCSBADDDAICREEE4IJqRgAgDBACKRCEGKAJAQIJgRFBghCAHACCCOEIRIBBAxASCBBAABICCAEJEoIRpxQiBAkBAASOECYEIIRCoAwjDFgAREMEEQEMQQxABwBwBBBkGDMCOUMUpQBo5xSwilhCFMEGGMZMEQoJBAAiBBJBDAKACQAMoBaAJigQABjgAGAMCQEEEIAAYwAwgCgmACAAQEIMEAooIAQhABkgRQQEgAcgIAAgwAQAABDhAEAAAgVMoMoRQAMhiCBgBGCHAOYMQACIgECQjiDgJEIIQCEYIYIJggiigkGNBAOCEIEAo4ANIAxgiAFgDECMcAAk4IQIRQyBDgABACAKKEQBEAQYAQ"], "date": ["1990"], "genre": ["Soft Rock"], "musicbrainz album type": ["Compilation"], "musicip_puid": ["38297030-2bf1-0e58-b3dc-3a3bec72f794"], "musicbrainz_recordingid": ["03b689d6-4fa7-4b49-a8be-870c155423bd"], "musicbrainz_albumartistid": ["aab5c954-cabe-432e-899e-1c4f99757327"], "musicbrainz_albumid": ["f8532f9c-2fd1-4517-a498-f206baf8f72f"], "artist": ["Toto"], "tracknumber": ["13"], "bpm": ["104.20"], "album": ["Past to Present 1977-1990"], "musicbrainz album release country": ["Australia"], "acoustid_id": ["d6d394ee-8566-44ba-927c-62cc9e512f79"], "musicbrainz_artistid": ["aab5c954-cabe-432e-899e-1c4f99757327"], "file_name": "Toto - Animal.mp3"}}, "rhythm": {"bpm_histogram_first_peak_bpm": {"dmean2": 0, "median": 103, "min": 103, "dvar2": 0, "dvar": 0, "dmean": 0, "max": 103, "var": 0, "mean": 103}, "bpm": 104.236541748, "bpm_histogram_second_peak_spread": {"dmean2": 0, "median": 0, "min": 0, "dvar2": 0, "dvar": 0, "dmean": 0, "max": 0, "var": 0, "mean": 0}, "bpm_histogram_first_peak_weight": {"dmean2": 0, "median": 0.535645484924, "min": 0.535645484924, "dvar2": 0, "dvar": 0, "dmean": 0, "max": 0.535645484924, "var": 0, "mean": 0.535645484924}, "onset_rate": 5.0370259285, "beats_position": [0.603718817234, 1.23065757751, 1.83437633514, 2.43809509277, 3.04181408882, 3.64553284645, 4.22603178024, 4.80653047562, 5.39863920212, 5.9675283432, 6.53641700745, 7.10530614853, 7.67419481277, 8.24308395386, 8.82358264923, 9.39247131348, 9.96135997772, 10.5302495956, 11.0991382599, 11.6680269241, 12.2369155884, 12.8058052063, 13.3746938705, 13.9319725037, 14.5008611679, 15.0697498322, 15.6386394501, 16.2075271606, 16.7764167786, 17.3453063965, 17.9141941071, 18.483083725, 19.0519733429, 19.6208610535, 20.1897506714, 20.758638382, 21.3275279999, 21.8964176178, 22.4653053284, 23.0341949463, 23.6030826569, 24.1603622437, 24.7292518616, 25.2981395721, 25.8670291901, 26.435918808, 27.0048065186, 27.5736961365, 28.142583847, 28.6998634338, 29.2803630829, 29.8492507935, 30.4181404114, 30.9754180908, 31.5443077087, 32.1131973267, 32.6820869446, 33.2509727478, 33.8082542419, 34.3771438599, 34.9460296631, 35.514919281, 36.0838088989, 36.6643066406, 37.2331962585, 37.8020858765, 38.3593635559, 38.9282531738, 39.4971427917, 40.0776405334, 40.6581382751, 41.2270278931, 41.795917511, 42.3648071289, 42.9336967468, 43.5141944885, 44.0830841064, 44.6519737244, 45.2324714661, 45.8129692078, 46.3818588257, 46.9507484436, 47.5312461853, 48.1001358032, 48.6690254211, 49.2495231628, 49.8300209045, 50.4105224609, 50.9794082642, 51.5482978821, 52.1287956238, 52.7092971802, 53.2781867981, 53.8470726013, 54.4275741577, 55.0080718994, 55.5769615173, 56.1458511353, 56.726348877, 57.2952384949, 57.8641242981, 58.433013916, 59.0019035339, 59.5824012756, 60.1512908936, 60.7201805115, 61.3006782532, 61.8811798096, 62.4616775513, 63.042175293, 63.6110649109, 64.1799545288, 64.7604522705, 65.3409500122, 65.9214477539, 66.4903411865, 67.0592269897, 67.6281204224, 68.1970062256, 68.7775039673, 69.358001709, 69.9384994507, 70.5189971924, 71.0995025635, 71.6683883667, 72.2372741699, 72.817779541, 73.3982772827, 73.9787750244, 74.5476608276, 75.1165542603, 75.697052002, 76.2543258667, 76.8116073608, 77.3921051025, 77.9726028442, 78.5298843384, 79.098777771, 79.6908798218, 80.2713851929, 80.8518829346, 81.4207687378, 81.9896621704, 82.5701599121, 83.1506576538, 83.719543457, 84.3000411987, 84.8689346313, 85.449432373, 86.0299301147, 86.6104278564, 87.1793212891, 87.7482070923, 88.328704834, 88.8975982666, 89.4664840698, 90.0469818115, 90.6158676147, 91.1847610474, 91.7652587891, 92.3457565308, 92.9146499634, 93.4835357666, 94.0640335083, 94.6329269409, 95.2018127441, 95.7823104858, 96.3628082275, 96.9317016602, 97.5005874634, 98.0810852051, 98.6615829468, 99.2304763794, 99.7993621826, 100.379859924, 100.960357666, 101.540863037, 102.10974884, 102.678634644, 103.259140015, 103.839637756, 104.40852356, 104.977409363, 105.546302795, 106.126800537, 106.707298279, 107.299407959, 107.903129578, 108.483627319, 109.064125061, 109.644622803, 110.225120544, 110.805618286, 111.386123657, 111.966621399, 112.547119141, 113.127616882, 113.708114624, 114.288612366, 114.869110107, 115.449615479, 116.018501282, 116.610610962, 117.191108704, 117.771606445, 118.352104187, 118.932601929, 119.5131073, 120.093605042, 120.674102783, 121.254600525, 121.835098267, 122.415596008, 122.99609375, 123.576599121, 124.157096863, 124.737594604, 125.318092346, 125.898590088, 126.47908783, 127.059593201, 127.628479004, 128.197372437, 128.777862549, 129.35836792, 129.938858032, 130.519363403, 131.099868774, 131.680358887, 132.249252319, 132.829742432, 133.398635864, 133.979141235, 134.559631348, 135.140136719, 135.720626831, 136.289520264, 136.858413696, 137.438903809, 138.01940918, 138.599899292, 139.168792725, 139.749298096, 140.31817627, 140.898681641, 141.467575073, 142.048065186, 142.616958618, 143.185852051, 143.766342163, 144.358459473, 144.938949585, 145.531066895, 146.111557007, 146.703674316, 147.284164429, 147.8646698, 148.445159912, 149.025665283, 149.606170654, 150.186660767, 150.767166138, 151.34765625, 151.928161621, 152.497055054, 153.065933228, 153.646438599, 154.226928711, 154.807434082, 155.376327515, 155.945205688, 156.52571106, 157.106216431, 157.675094604, 158.243988037, 158.824493408, 159.404983521, 159.985488892, 160.565979004, 161.146484375, 161.726974487, 162.307479858, 162.887985229, 163.468475342, 164.048980713, 164.629470825, 165.209976196, 165.790466309, 166.359359741, 166.928253174, 167.508743286, 168.089248657, 168.65814209, 169.227020264, 169.784301758, 170.341583252, 170.898864746, 171.467758179, 172.036636353, 172.617141724, 173.197631836, 173.778137207, 174.358642578, 174.927520752, 175.438369751, 175.949203491, 176.47164917, 177.028930664, 177.586212158, 178.155105591, 178.723983765, 179.304489136, 179.884979248, 180.465484619, 181.034378052, 181.603256226, 182.183761597, 182.764266968, 183.34475708, 183.925262451, 184.505752563, 185.086257935, 185.666748047, 186.247253418, 186.816146851, 187.385025024, 187.965530396, 188.546035767, 189.11491394, 189.695419312, 190.252700806, 190.821578979, 191.402084351, 191.970977783, 192.539855957, 193.120361328, 193.70085144, 194.281356812, 194.861862183, 195.442352295, 196.022857666, 196.603347778, 197.172241211, 197.741134644, 198.321624756, 198.902130127, 199.482620239, 200.06312561, 200.643630981, 201.224121094, 201.804626465, 202.385116577, 202.965621948, 203.546112061, 204.103393555, 204.660675049, 205.24118042, 205.833282471, 206.42539978, 207.005889893, 207.586395264, 208.178497314, 208.770614624, 209.351104736, 209.931610107, 210.51210022, 211.092605591, 211.673095703, 212.253601074, 212.834106445, 213.414596558, 213.995101929, 214.563980103, 215.132873535, 215.713378906, 216.293869019, 216.87437439, 217.443267822, 218.012145996, 218.592651367, 219.173141479, 219.742034912, 220.310928345, 220.891418457, 221.471923828, 222.040817261, 222.609695435, 223.190200806, 223.759094238, 224.327972412, 224.896865845, 225.477371216, 226.057861328, 226.638366699, 227.207244873, 227.787750244, 228.368255615, 228.948745728, 229.51763916, 230.098129272, 230.667022705, 231.247528076, 231.80480957, 232.385299683, 232.965805054, 233.523086548, 234.10357666, 234.684082031, 235.264572144, 235.845077515, 236.413970947, 237.006072998, 237.586578369, 238.167068481, 238.747573853, 239.328063965, 239.908569336, 240.489059448, 241.069564819, 241.65007019, 242.230560303, 242.811065674, 243.379943848, 243.94883728, 244.529342651, 245.109832764, 245.678726196, 246.259231567, 246.828109741, 247.408615112, 247.989105225, 248.569610596, 249.150115967, 249.730606079, 250.299499512, 250.868392944, 251.448883057, 252.029388428, 252.586654663, 253.155548096, 253.724441528, 254.304931641, 254.885437012, 255.465942383, 256.046447754, 256.626922607, 257.195831299, 257.77633667, 258.345214844, 258.925720215, 259.494598389, 260.063476563, 260.632385254, 261.201263428, 261.770141602, 262.350646973, 262.942749023, 263.523254395, 264.103759766, 264.684265137, 265.253143311, 265.833648682, 266.402526855, 266.983032227, 267.563537598, 268.144042969, 268.724517822, 269.305023193, 269.885528564, 270.454406738, 271.02331543, 271.603790283, 272.184295654, 272.764801025, 273.333679199, 273.902587891, 274.483093262, 275.063568115, 275.644073486, 276.224578857, 276.805084229, 277.385559082, 277.966064453, 278.546569824, 279.127075195, 279.707580566, 280.264862061, 280.833740234, 281.402618408, 281.983123779, 282.56362915, 283.144134521, 283.724609375, 284.293518066, 284.86239624, 285.442901611, 286.023406982, 286.603881836, 287.172790527, 287.741668701, 288.322174072, 288.891052246, 289.459960938, 290.040435791, 290.620941162, 291.201446533, 291.770324707, 292.362457275, 292.942932129, 293.51184082, 294.080718994, 294.661224365, 295.241729736, 295.81060791, 296.367889404, 296.936767578, 297.50567627, 298.086151123, 298.678283691, 299.270385742], "beats_loudness": {"dmean2": 0.0518699809909, "median": 0.0656943544745, "min": 3.44973614119e-06, "dvar2": 0.00176761928014, "dvar": 0.00060612388188, "dmean": 0.0290119126439, "max": 0.196456044912, "var": 0.000983993173577, "mean": 0.0676476284862}, "danceability": 1.41643941402, "bpm_histogram_second_peak_weight": {"dmean2": 0, "median": 0.0423892103136, "min": 0.0423892103136, "dvar2": 0, "dvar": 0, "dmean": 0, "max": 0.0423892103136, "var": 0, "mean": 0.0423892103136}, "beats_count": 520, "bpm_histogram_second_peak_bpm": {"dmean2": 0, "median": 108, "min": 108, "dvar2": 0, "dvar": 0, "dmean": 0, "max": 108, "var": 0, "mean": 108}, "bpm_histogram_first_peak_spread": {"dmean2": 0, "median": 0.436105459929, "min": 0.436105459929, "dvar2": 0, "dvar": 0, "dmean": 0, "max": 0.436105459929, "var": 0, "mean": 0.436105459929}, "beats_loudness_band_ratio": {"dmean2": [0.19708648324, 0.0974524095654, 0.0566502697766, 0.0734793096781, 0.061913959682, 0.108926139772], "median": [0.829784154892, 0.0478980690241, 0.0145294442773, 0.0201095677912, 0.0259969271719, 0.0400359667838], "min": [0.000939078745432, 0.000134447487653, 0.000198844412807, 8.85394547367e-05, 0.000240570807364, 0.0017293455312], "dvar2": [0.0407854542136, 0.0106090465561, 0.0117710903287, 0.0175676811486, 0.00506679713726, 0.00653114682063], "dvar": [0.0179691314697, 0.00380631443113, 0.0041544274427, 0.00699389306828, 0.00197005178779, 0.00301310117356], "dmean": [0.116139762104, 0.0556492544711, 0.0312026944011, 0.0422157794237, 0.0363424830139, 0.0576648823917], "max": [0.991799592972, 0.4216388762, 0.611869156361, 0.867881059647, 0.339323550463, 0.543682873249], "var": [0.0432829707861, 0.00368129229173, 0.00330200884491, 0.0093679446727, 0.0029781057965, 0.00561020197347], "mean": [0.766501188278, 0.0674282833934, 0.0307829976082, 0.0483819395304, 0.0458239279687, 0.0608980879188]}}, "lowlevel": {"barkbands_spread": {"dmean2": 12.9608917236, "median": 25.2304992676, "min": 0.459237843752, "dvar2": 222.79296875, "dvar": 99.813949585, "dmean": 8.49777126312, "max": 115.834892273, "var": 304.933776855, "mean": 26.606803894}, "melbands_spread": {"dmean2": 13.6124982834, "median": 20.5555648804, "min": 0.343630969524, "dvar2": 295.595947266, "dvar": 145.565704346, "dmean": 9.02646827698, "max": 289.5284729, "var": 562.508056641, "mean": 26.6706504822}, "hfc": {"dmean2": 12.6567144394, "median": 9.36369514465, "min": 1.18035523508e-16, "dvar2": 755.589782715, "dvar": 326.381408691, "dmean": 8.68325710297, "max": 337.694732666, "var": 727.809692383, "mean": 19.1918869019}, "barkbands_kurtosis": {"dmean2": 10.3706417084, "median": 1.59381377697, "min": -1.95427715778, "dvar2": 663.816772461, "dvar": 244.432418823, "dmean": 6.47798538208, "max": 422.445404053, "var": 338.64364624, "mean": 8.50657939911}, "gfcc": {"mean": [-27.9898319244, 73.5333023071, -96.2252883911, 45.3003158569, -42.1468162537, 13.0034017563, -34.4602584839, 0.471731126308, -25.6897258759, 4.02666187286, -17.8480587006, -0.0575042106211, -11.5638036728], "icov": [[0.000155901012477, 0.000135688926093, 0.000124837155454, 6.48558780085e-05, -0.000109865570266, -4.08544547099e-05, 4.40670810349e-05, -6.70376321068e-05, 0.000138451796374, -4.65895664092e-06, 0.000123315490782, -9.38302837312e-05, 0.000359650293831], [0.000135688926093, 0.00111342954915, 0.000219283756451, 8.25306851766e-05, -0.00027011425118, 0.000366451131413, -8.13305523479e-05, 0.000937453587539, -0.000842395820655, 0.00137928908225, -0.00138874573167, 0.00143454223871, -0.000488089979626], [0.000124837155454, 0.000219283756451, 0.00071108492557, -0.000235927000176, -0.000345628941432, -0.000361900485586, 0.000391780224163, 0.000289728748612, -0.00017163035227, 9.32300390559e-05, 0.000334703159751, -0.000568031740841, 0.000837219238747], [6.48558780085e-05, 8.25306851766e-05, -0.000235927000176, 0.00287122116424, -0.000392057118006, -0.00029712630203, 0.00030375746428, 0.000482352363179, -0.00157516065519, 0.00106894073542, -0.000756968453061, 0.00131053524092, -0.000313823285978], [-0.000109865570266, -0.00027011425118, -0.000345628941432, -0.000392057118006, 0.0035672695376, -0.000228857345064, -0.000561359571293, -0.000211095233681, 0.000460824667243, -0.000685740553308, 0.000484675343614, -3.95057832066e-05, -0.00107757397927], [-4.08544547099e-05, 0.000366451131413, -0.000361900485586, -0.00029712630203, -0.000228857345064, 0.00587009452283, -0.00183301826473, -0.000181175884791, 0.000754323496949, 0.000160925803357, -0.000690813059919, 0.000538152467925, 0.00114270381164], [4.40670810349e-05, -8.13305523479e-05, 0.000391780224163, 0.00030375746428, -0.000561359571293, -0.00183301826473, 0.00598324369639, -0.00122590060346, -0.000168308717548, -0.000165759352967, -0.00029943548725, 0.000342283776263, -0.00117835693527], [-6.70376321068e-05, 0.000937453587539, 0.000289728748612, 0.000482352363179, -0.000211095233681, -0.000181175884791, -0.00122590060346, 0.0103175602853, -0.00486608827487, 0.00236802594736, -0.000869955110829, -0.000291556905722, 0.00172335759271], [0.000138451796374, -0.000842395820655, -0.00017163035227, -0.00157516065519, 0.000460824667243, 0.000754323496949, -0.000168308717548, -0.00486608827487, 0.0133880712092, -0.00616468163207, 0.00165055785328, 4.1724240873e-05, -0.00111978058703], [-4.65895664092e-06, 0.00137928908225, 9.32300390559e-05, 0.00106894073542, -0.000685740553308, 0.000160925803357, -0.000165759352967, 0.00236802594736, -0.00616468163207, 0.014920364134, -0.00542738568038, 0.000773802923504, 0.000338091776939], [0.000123315490782, -0.00138874573167, 0.000334703159751, -0.000756968453061, 0.000484675343614, -0.000690813059919, -0.00029943548725, -0.000869955110829, 0.00165055785328, -0.00542738568038, 0.015870584175, -0.00684386771172, 0.00505612511188], [-9.38302837312e-05, 0.00143454223871, -0.000568031740841, 0.00131053524092, -3.95057832066e-05, 0.000538152467925, 0.000342283776263, -0.000291556905722, 4.1724240873e-05, 0.000773802923504, -0.00684386771172, 0.018751161173, -0.0086635844782], [0.000359650293831, -0.000488089979626, 0.000837219238747, -0.000313823285978, -0.00107757397927, 0.00114270381164, -0.00117835693527, 0.00172335759271, -0.00111978058703, 0.000338091776939, 0.00505612511188, -0.0086635844782, 0.0181441269815]], "cov": [[9702.47460938, -1563.42858887, -1163.42468262, -475.694244385, 35.184967041, 134.047607422, 45.8386192322, 191.59475708, -188.437728882, 54.6115646362, -76.8355636597, 53.1799964905, -176.339233398], [-1563.42858887, 1692.8717041, -382.486694336, 92.4712524414, 22.7408885956, -133.138473511, 9.82489109039, -122.592956543, 45.0319747925, -94.4401397705, 60.9405899048, -101.215415955, 57.0234909058], [-1163.42468262, -382.486694336, 2138.3918457, 243.567398071, 141.412567139, 131.101882935, -117.666061401, -37.0433731079, 20.5668830872, 13.0002975464, -25.2776622772, 30.3348941803, -63.1123390198], [-475.694244385, 92.4712524414, 243.567398071, 438.354400635, 50.0849952698, 20.4431610107, -22.8277606964, -13.2725229263, 50.4428901672, -14.1572380066, 2.44870424271, -33.2060699463, -3.43609333038], [35.184967041, 22.7408885956, 141.412567139, 50.0849952698, 315.771881104, 26.1316661835, 28.3574790955, -2.22561597824, 0.723083972931, 4.51320648193, -9.82890605927, 2.89129781723, 17.4963722229], [134.047607422, -133.138473511, 131.101882935, 20.4431610107, 26.1316661835, 214.837036133, 54.4047966003, 16.8297863007, -12.6931037903, 4.46929454803, 5.63691091537, -3.62137627602, -26.1445827484], [45.8386192322, 9.82489109039, -117.666061401, -22.8277606964, 28.3574790955, 54.4047966003, 204.434860229, 30.892375946, 8.19177150726, 4.88596963882, 6.09965515137, 0.218538403511, 11.8098316193], [191.59475708, -122.592956543, -37.0433731079, -13.2725229263, -2.22561597824, 16.8297863007, 30.892375946, 133.85697937, 38.830657959, 8.1590423584, 1.92674350739, 5.32352018356, -13.2662220001], [-188.437728882, 45.0319747925, 20.5668830872, 50.4428901672, 0.723083972931, -12.6931037903, 8.19177150726, 38.830657959, 117.301826477, 36.9094161987, 6.23899030685, -3.30094051361, 5.79307556152], [54.6115646362, -94.4401397705, 13.0002975464, -14.1572380066, 4.51320648193, 4.46929454803, 4.88596963882, 8.1590423584, 36.9094161987, 100.957633972, 28.9984741211, 11.9375581741, -6.922955513], [-76.8355636597, 60.9405899048, -25.2776622772, 2.44870424271, -9.82890605927, 5.63691091537, 6.09965515137, 1.92674350739, 6.23899030685, 28.9984741211, 92.4460449219, 20.5203838348, -12.4730329514], [53.1799964905, -101.215415955, 30.3348941803, -33.2060699463, 2.89129781723, -3.62137627602, 0.218538403511, 5.32352018356, -3.30094051361, 11.9375581741, 20.5203838348, 84.982208252, 28.5908126831], [-176.339233398, 57.0234909058, -63.1123390198, -3.43609333038, 17.4963722229, -26.1445827484, 11.8098316193, -13.2662220001, 5.79307556152, -6.922955513, -12.4730329514, 28.5908126831, 85.323097229]]}, "spectral_energyband_middle_low": {"dmean2": 0.00503151118755, "median": 0.00458664260805, "min": 2.29699660102e-22, "dvar2": 8.40605280246e-05, "dvar": 3.0466075259e-05, "dmean": 0.00301002711058, "max": 0.084664337337, "var": 3.81773133995e-05, "mean": 0.0059662386775}, "melbands_crest": {"dmean2": 5.43578624725, "median": 12.8719091415, "min": 1.7602840662, "dvar2": 27.8378505707, "dvar": 12.5286979675, "dmean": 3.51784491539, "max": 36.7412834167, "var": 32.042755127, "mean": 13.9012155533}, "spectral_kurtosis": {"dmean2": 2.49299287796, "median": 3.31063699722, "min": -1.41733050346, "dvar2": 13.4126329422, "dvar": 5.63016986847, "dmean": 1.59197044373, "max": 50.0124359131, "var": 10.2473087311, "mean": 3.94480633736}, "spectral_rms": {"dmean2": 0.00170741730835, "median": 0.00349296233617, "min": 3.21937832296e-12, "dvar2": 9.3877524705e-06, "dvar": 4.21355207436e-06, "dmean": 0.00115552113857, "max": 0.019340954721, "var": 6.84675433149e-06, "mean": 0.00400221720338}, "zerocrossingrate": {"dmean2": 0.0178981646895, "median": 0.06689453125, "min": 0.00439453125, "dvar2": 0.000353702984285, "dvar": 0.000297338934615, "dmean": 0.0158419851214, "max": 0.51025390625, "var": 0.00195119460113, "mean": 0.0734288468957}, "silence_rate_60dB": {"dmean2": 0.105279453099, "median": 0, "min": 0, "dvar2": 0.106909587979, "dvar": 0.0498575083911, "dmean": 0.0526356510818, "max": 1, "var": 0.0947835221887, "mean": 0.106037154794}, "erbbands_kurtosis": {"dmean2": 2.44168972969, "median": -0.18788343668, "min": -1.91685962677, "dvar2": 32.767868042, "dvar": 15.8053798676, "dmean": 1.60172748566, "max": 92.2000274658, "var": 28.1427097321, "mean": 1.17243850231}, "erbbands": {"dmean2": [0.502399802208, 4.10136890411, 7.31463718414, 6.75943756104, 6.66310882568, 8.7060585022, 6.65824556351, 6.08250284195, 9.10408306122, 7.82016515732, 8.65249347687, 11.5107097626, 17.4237728119, 17.9724388123, 16.4052200317, 18.3371505737, 22.2751026154, 24.8233757019, 24.1627254486, 26.8614597321, 25.9889850616, 17.8058738708, 17.9470291138, 19.6134262085, 18.9077796936, 17.7386264801, 12.3018465042, 13.2046470642, 10.7747192383, 6.59718370438, 4.27207231522, 1.96420919895, 1.36287605762, 0.942457020283, 0.536569356918, 0.325407892466, 0.127351999283, 0.0361817777157, 0.00767976231873, 0.000253383768722], "median": [0.0351168289781, 0.362300843, 1.21278262138, 2.53229403496, 4.56910705566, 4.5846824646, 3.3383204937, 2.65015435219, 2.39406514168, 1.95820403099, 1.85831904411, 1.91739583015, 2.39024472237, 2.4154176712, 3.2693066597, 4.18722438812, 5.42760467529, 6.56866407394, 7.61352920532, 7.55467700958, 5.26985931396, 4.28033208847, 4.72377204895, 4.17258071899, 4.72009277344, 5.98241186142, 2.45562076569, 2.18186497688, 1.94746160507, 1.26834094524, 0.76723086834, 0.393213033676, 0.278505891562, 0.188243597746, 0.103380441666, 0.0462608411908, 0.0154354404658, 0.00300286291167, 0.000304937188048, 3.1870775274e-05], "min": [1.4227619627e-21, 2.71925327009e-21, 5.66709273258e-21, 3.00062125961e-20, 3.16142420134e-20, 2.71978084007e-20, 1.1641167377e-19, 6.7966721917e-19, 4.55264596115e-19, 5.65660017269e-19, 7.91039127037e-19, 9.88913757654e-19, 3.03760366469e-18, 2.21290686872e-18, 3.06031597636e-18, 4.05011740221e-18, 4.0827099727e-18, 3.26188934509e-18, 4.96120680251e-18, 8.85199060717e-18, 8.71546444707e-18, 1.08086549133e-17, 1.04194101868e-17, 8.20284986813e-18, 8.0564562705e-18, 2.21187434052e-17, 1.45873565722e-17, 1.30817687433e-17, 1.7989002838e-17, 1.85343547441e-17, 2.32007601665e-17, 1.72795995098e-17, 1.95003279916e-17, 1.74212574984e-17, 8.90639758479e-18, 4.99763873182e-18, 3.14793839147e-18, 1.52850962401e-18, 3.44152164467e-19, 2.93845734411e-20], "dvar2": [1.93402040005, 142.790466309, 455.25177002, 290.404205322, 122.626106262, 299.387542725, 134.480895996, 134.420379639, 449.859375, 600.609619141, 487.510955811, 1035.22192383, 6650.68212891, 9618.34277344, 3268.40551758, 2425.05639648, 3269.8203125, 3099.26464844, 3046.86279297, 4981.13134766, 3984.5859375, 1890.87194824, 1651.24719238, 1915.01721191, 1823.1706543, 1632.08898926, 1134.63049316, 1512.77490234, 1093.7869873, 343.833374023, 141.326446533, 21.3508739471, 9.46107292175, 4.07106113434, 1.41882526875, 0.654932439327, 0.114421367645, 0.00897903181612, 0.000407962623285, 3.85628851518e-07], "dvar": [0.782227873802, 52.9530258179, 157.566085815, 99.5882720947, 45.0896148682, 108.44934082, 51.2705841064, 53.6626815796, 165.16847229, 228.305892944, 186.921356201, 405.960083008, 2968.22119141, 4559.38330078, 1408.02929688, 992.718078613, 1284.17272949, 1266.55456543, 1227.50024414, 2075.35424805, 1750.20825195, 774.71862793, 704.005493164, 790.711914063, 751.776611328, 655.929626465, 449.253356934, 589.511352539, 443.179779053, 148.055084229, 58.4701423645, 10.313627243, 4.96919107437, 2.20261240005, 0.798825383186, 0.32869130373, 0.0518186017871, 0.00407201517373, 0.000182349904208, 1.72939422782e-07], "dmean": [0.305345982313, 2.32023143768, 3.96036863327, 3.78284740448, 4.00611400604, 5.14930725098, 3.99061107635, 3.63312697411, 5.25749874115, 4.72678089142, 5.23260498047, 6.96807670593, 11.1380081177, 11.8371839523, 10.2013092041, 11.4116306305, 13.5398664474, 15.4748048782, 15.0601129532, 16.86901474, 16.4726963043, 11.0012722015, 11.283495903, 12.1270704269, 11.7031984329, 11.1964254379, 7.72724723816, 8.21391677856, 6.95150661469, 4.33402061462, 2.78086662292, 1.35237586498, 0.965121328831, 0.673834323883, 0.38752168417, 0.231920868158, 0.0890813097358, 0.0252664741129, 0.00526523636654, 0.000173067965079], "max": [7.01448583603, 69.9622573853, 139.209197998, 115.70929718, 93.2515792847, 158.897323608, 133.250518799, 280.738037109, 308.206512451, 704.827819824, 522.098144531, 678.662475586, 2650.13891602, 3644.51489258, 1962.63317871, 989.352050781, 1003.06048584, 1007.81817627, 718.300476074, 1201.17163086, 1075.27868652, 1347.38391113, 712.15814209, 1001.9744873, 819.794799805, 651.64263916, 410.121002197, 356.746429443, 358.397766113, 234.558425903, 169.774291992, 63.9652252197, 63.7273826599, 47.5350837708, 25.5564670563, 15.699005127, 7.07025623322, 1.44590723515, 0.391204833984, 0.0108619723469], "var": [0.65285718441, 35.6011047363, 91.9395523071, 65.5709991455, 64.626739502, 121.652053833, 79.957649231, 88.1792068481, 186.169509888, 392.03302002, 298.495300293, 676.687133789, 7524.72900391, 19254.9394531, 3586.58325195, 1643.9543457, 3072.53564453, 2450.32763672, 2473.87133789, 3958.76098633, 3913.078125, 1644.05187988, 1566.66638184, 1807.99255371, 1603.04711914, 1182.97302246, 592.807495117, 663.812011719, 547.906433105, 223.929412842, 88.3821563721, 25.0559864044, 14.4895019531, 6.59598970413, 2.26477694511, 0.700495898724, 0.0851233452559, 0.00562486285344, 0.000221965427045, 2.16166384348e-07], "mean": [0.25685852766, 1.8208823204, 3.47241568565, 4.51573133469, 6.74140071869, 7.68168783188, 6.2429265976, 5.77419376373, 6.86087751389, 6.70048332214, 7.13351106644, 9.68839168549, 18.1729679108, 22.3309993744, 16.7068386078, 16.9119186401, 22.6174850464, 24.5608863831, 24.8017559052, 27.4004459381, 26.649980545, 18.504240036, 19.6604690552, 19.9209098816, 19.1685504913, 17.9319190979, 11.2007474899, 10.6410112381, 9.19375324249, 6.30050325394, 4.08704900742, 2.26128935814, 1.64649581909, 1.1378942728, 0.637335896492, 0.336873978376, 0.116277195513, 0.0294768232852, 0.00556726800278, 0.000194908701815]}, "spectral_strongpeak": {"dmean2": 0.857690751553, "median": 0.259961754084, "min": 0, "dvar2": 2.69364213943, "dvar": 1.06390273571, "dmean": 0.501615703106, "max": 14.0841913223, "var": 1.70215809345, "mean": 0.71295684576}, "spectral_energy": {"dmean2": 0.025657383725, "median": 0.0125058051199, "min": 1.06235072642e-20, "dvar2": 0.00384074100293, "dvar": 0.00154985522386, "dmean": 0.0159858819097, "max": 0.383424371481, "var": 0.0014878133079, "mean": 0.0234360788018}, "average_loudness": 0.606170415878, "spectral_rolloff": {"dmean2": 1134.08789063, "median": 1313.52539063, "min": 43.06640625, "dvar2": 3237513.25, "dvar": 1436933.625, "dmean": 684.902709961, "max": 18217.0898438, "var": 3234625.75, "mean": 1685.2767334}, "spectral_centroid": {"dmean2": 481.295562744, "median": 1553.39746094, "min": 158.067352295, "dvar2": 261669.578125, "dvar": 129173.125, "dmean": 320.520385742, "max": 10577.8027344, "var": 676850.625, "mean": 1526.92504883}, "pitch_salience": {"dmean2": 0.131189286709, "median": 0.594121515751, "min": 0.0907533764839, "dvar2": 0.0166613049805, "dvar": 0.00704746460542, "dmean": 0.0823534727097, "max": 0.852510452271, "var": 0.0153160905465, "mean": 0.571031749249}, "spectral_energyband_middle_high": {"dmean2": 0.00286166928709, "median": 0.00167806819081, "min": 1.3760097993e-21, "dvar2": 3.19238570228e-05, "dvar": 1.35972659336e-05, "dmean": 0.00185185973532, "max": 0.113252967596, "var": 5.71142263652e-05, "mean": 0.00470366328955}, "spectral_contrast_coeffs": {"dmean2": [0.0804186165333, 0.0768035650253, 0.0622411929071, 0.0506286732852, 0.0384229719639, 0.0343332141638], "median": [-0.671142458916, -0.754851698875, -0.792636215687, -0.791813611984, -0.799510598183, -0.763291418552], "min": [-0.973213434219, -0.963201224804, -0.963952720165, -0.960068941116, -0.959006011486, -0.961206555367], "dvar2": [0.00463276077062, 0.00376628455706, 0.00245382636786, 0.0016473273281, 0.00103918043897, 0.00111727975309], "dvar": [0.00178062194027, 0.00140270660631, 0.000967105559539, 0.000669817905873, 0.000449539074907, 0.000514349492732], "dmean": [0.0489689409733, 0.0464288070798, 0.0381506085396, 0.0313323698938, 0.0244669597596, 0.0223437193781], "max": [-0.341300100088, -0.456234365702, -0.399582862854, -0.484029173851, -0.571776270866, -0.4741512537], "var": [0.00518802087754, 0.00493947835639, 0.00547743588686, 0.00351853109896, 0.00283576501533, 0.00290472572669], "mean": [-0.670990824699, -0.750935196877, -0.780626952648, -0.78473418951, -0.791862130165, -0.761317968369]}, "melbands_skewness": {"dmean2": 1.83908700943, "median": 2.86094284058, "min": -2.00774765015, "dvar2": 5.46403503418, "dvar": 2.38296747208, "dmean": 1.21851050854, "max": 26.0469932556, "var": 7.21087598801, "mean": 3.52810359001}, "spectral_spread": {"dmean2": 1225473.75, "median": 4802195.5, "min": 1583441.5, "dvar2": 2249989292030.0, "dvar": 1296894394370.0, "dmean": 935237.6875, "max": 40744116, "var": 4835397599230.0, "mean": 5342220}, "dissonance": {"dmean2": 0.0252680703998, "median": 0.479019403458, "min": 0.264877647161, "dvar2": 0.000697224866599, "dvar": 0.00026021047961, "dmean": 0.0151089671999, "max": 0.500000059605, "var": 0.000563291832805, "mean": 0.472267091274}, "spectral_skewness": {"dmean2": 0.380709797144, "median": 1.34132933617, "min": -0.4474003613, "dvar2": 0.214289471507, "dvar": 0.0983896926045, "dmean": 0.253956079483, "max": 6.03062391281, "var": 0.289580523968, "mean": 1.41731238365}, "spectral_flux": {"dmean2": 0.0517744012177, "median": 0.0583414323628, "min": 1.03070399438e-10, "dvar2": 0.00658864201978, "dvar": 0.00356542342342, "dmean": 0.0346225425601, "max": 0.519260704517, "var": 0.00683220569044, "mean": 0.0838228464127}, "spectral_contrast_valleys": {"dmean2": [0.703371763229, 0.67307972908, 0.611016273499, 0.563746511936, 0.534942567348, 0.61160248518], "median": [-7.01723623276, -7.25845050812, -7.90466690063, -7.82967424393, -7.72210359573, -10.1820716858], "min": [-26.7310581207, -27.1422386169, -27.0405025482, -27.1867771149, -27.453453064, -27.1962471008], "dvar2": [0.427373766899, 0.398229241371, 0.365011781454, 0.3837043643, 0.466534852982, 0.609885156155], "dvar": [0.205300703645, 0.180905997753, 0.174787923694, 0.193030282855, 0.234574481845, 0.308555662632], "dmean": [0.457