{"tonal": {"thpcp": [1, 0.608477175236, 0.112855859101, 0.0418171398342, 0.0462013669312, 0.137090608478, 0.216726660728, 0.131864890456, 0.0497370958328, 0.0561648271978, 0.0867575928569, 0.220594882965, 0.290576457977, 0.170514702797, 0.110617250204, 0.123286344111, 0.0977271124721, 0.101878754795, 0.121748954058, 0.168373301625, 0.461280345917, 0.588949322701, 0.259708166122, 0.0392755195498, 0.0287277791649, 0.0340267755091, 0.0917163491249, 0.141033872962, 0.0888836979866, 0.0329773053527, 0.0273210611194, 0.0445660538971, 0.131506279111, 0.198110237718, 0.19188927114, 0.574979066849], "hpcp": {"dmean2": [0.0400350540876, 0.0557410344481, 0.0754611566663, 0.101373791695, 0.168166294694, 0.241577684879, 0.226952120662, 0.221464335918, 0.120913639665, 0.0678981095552, 0.0602309070528, 0.0843964219093, 0.100809574127, 0.0915116369724, 0.0743779689074, 0.0808819234371, 0.098881714046, 0.139739796519, 0.158183351159, 0.134449154139, 0.110353402793, 0.0923433676362, 0.0971196144819, 0.126232475042, 0.162838175893, 0.232245862484, 0.271710216999, 0.228780061007, 0.162802532315, 0.0626935586333, 0.0429431349039, 0.0482613816857, 0.0718748942018, 0.0766810849309, 0.0634118467569, 0.0425971075892], "median": [0.00209482712671, 0.00109571160283, 0.00552629726008, 0.00806196313351, 0.0219549443573, 0.273696362972, 0.595326423645, 0.300081253052, 0.00923397392035, 0.000508887576871, 0.000810191268101, 0.0124629903585, 0.0221049301326, 0.0116255078465, 0.00075681245653, 0.000699477852322, 0.00253527751192, 0.0346519351006, 0.0504878200591, 0.028871897608, 0.00254117511213, 0.00156482006423, 0.00123084813822, 0.00173971522599, 0.0018460546853, 0.00897657684982, 0.13084064424, 0.19570016861, 0.0774268805981, 0.00141914619599, 0.000887612812221, 0.000932367402129, 0.00196400634013, 0.00255332654342, 0.00441134441644, 0.00315751601011], "min": [0, 0, 0, 0, 0, 0, 0, 0, 0, 0, 0, 0, 0, 0, 0, 0, 0, 0, 0, 0, 0, 0, 0, 0, 0, 0, 0, 0, 0, 0, 0, 0, 0, 0, 0, 0], "dvar2": [0.0233410317451, 0.036287650466, 0.0384637974203, 0.0537027306855, 0.0793076232076, 0.0851659700274, 0.0979502126575, 0.0798925235868, 0.0583801530302, 0.0427409783006, 0.0396717712283, 0.0480771139264, 0.0529168434441, 0.0525588802993, 0.0612007677555, 0.0645944848657, 0.0678570047021, 0.0782197192311, 0.0850587710738, 0.0811184868217, 0.0835863128304, 0.0606334805489, 0.0595862641931, 0.0854891762137, 0.112321913242, 0.163716554642, 0.144827917218, 0.102996766567, 0.0682273805141, 0.0379347018898, 0.0280627142638, 0.0332888923585, 0.0463371314108, 0.0442670769989, 0.0392946898937, 0.0254937130958], "dvar": [0.00786250084639, 0.0127245197073, 0.0150147406384, 0.021240029484, 0.0304966121912, 0.0325426198542, 0.0434578098357, 0.0305258315057, 0.0216165538877, 0.0154447713867, 0.0150183653459, 0.0182936452329, 0.0217088870704, 0.0197562761605, 0.0225131623447, 0.0228584613651, 0.0249855779111, 0.0301275625825, 0.034052722156, 0.0289702545851, 0.02882290259, 0.0231779143214, 0.0216584429145, 0.0309383366257, 0.0413707569242, 0.0592837072909, 0.0513025000691, 0.0460092611611, 0.0256807915866, 0.0132921943441, 0.0100991800427, 0.0119043393061, 0.0166859105229, 0.0177721753716, 0.0144731998444, 0.00884691532701], "dmean": [0.0211734157056, 0.030598603189, 0.043508823961, 0.0585442557931, 0.0962897092104, 0.141865193844, 0.134689375758, 0.129623502493, 0.0676596462727, 0.0361538939178, 0.0330208279192, 0.048731803894, 0.0596580281854, 0.0530324429274, 0.0400437451899, 0.0431974828243, 0.0541548989713, 0.0815825164318, 0.0951677858829, 0.0771028250456, 0.0603740587831, 0.0512999482453, 0.0530076734722, 0.0681910440326, 0.0879729986191, 0.125384762883, 0.15545900166, 0.140743628144, 0.0937134474516, 0.0333071164787, 0.0229106005281, 0.026387155056, 0.040876686573, 0.0452989861369, 0.0365462265909, 0.0230193976313], "max": [1, 1, 1, 1, 1, 1, 1, 1, 1, 1, 1, 1, 1, 1, 1, 1, 1, 1, 1, 1, 1, 1, 1, 1, 1, 1, 1, 1, 1, 1, 1, 1, 1, 1, 1, 1], "var": [0.00476628029719, 0.0104475710541, 0.0360604934394, 0.065308816731, 0.0390339419246, 0.0745692625642, 0.169021993876, 0.0888560116291, 0.018767286092, 0.0103970579803, 0.0134394103661, 0.0293033830822, 0.0584595836699, 0.0258992053568, 0.0160707347095, 0.0176623165607, 0.0255952794105, 0.0468586608768, 0.0645937547088, 0.0301741566509, 0.0338665954769, 0.0426056608558, 0.0256883148104, 0.0285717993975, 0.0339035764337, 0.0473931133747, 0.0835672989488, 0.113701015711, 0.0310862865299, 0.00912707578391, 0.00735381012782, 0.00886223744601, 0.0205116607249, 0.0389373525977, 0.01864108257, 0.00602595601231], "mean": [0.0152167929336, 0.0248215999454, 0.0732440054417, 0.11033987999, 0.106875032187, 0.320241510868, 0.556962013245, 0.338898658752, 0.0628564283252, 0.0232905577868, 0.0257324054837, 0.0763542577624, 0.12070851773, 0.0734437331557, 0.0277016740292, 0.0312816761434, 0.048320684582, 0.122862972319, 0.161840051413, 0.0949702113867, 0.0616096071899, 0.0686658099294, 0.0544302910566, 0.0567425973713, 0.0678095445037, 0.0937775298953, 0.25691562891, 0.328022390604, 0.144647583365, 0.0218749716878, 0.0160002820194, 0.0189516209066, 0.051082521677, 0.0785505101085, 0.0495048426092, 0.018367106095]}, "tuning_equal_tempered_deviation": 0.010083082132, "chords_changes_rate": 0.026633374393, "key_key": "B", "tuning_diatonic_strength": 0.656683146954, "key_scale": "major", "chords_number_rate": 0.00187265919521, "tuning_frequency": 440, "tuning_nontempered_energy_ratio": 0.601238012314, "chords_histogram": [65.7511444092, 1.26924681664, 11.9642114639, 2.12234711647, 0, 0, 0, 0.0832292959094, 0.166458591819, 0.0416146479547, 0.374531835318, 0, 0, 0.291302531958, 0, 1.04036617279, 0, 4.51518917084, 0, 0.270495206118, 0, 2.33042025566, 4.07823562622, 5.70120668411], "key_strength": 0.820940852165, "chords_key": "B", "chords_strength": {"dmean2": 0.00563793070614, "median": 0.551008522511, "min": 0.301858156919, "dvar2": 3.68052678823e-05, "dvar": 4.48627943115e-05, "dmean": 0.00734410062432, "max": 0.767107367516, "var": 0.00719024380669, "mean": 0.539567828178}, "chords_scale": "major", "hpcp_entropy": {"dmean2": 0.702510237694, "median": 1.61124300957, "min": 0, "dvar2": 0.431991070509, "dvar": 0.170891597867, "dmean": 0.420665919781, "max": 3.91747140884, "var": 0.345340073109, "mean": 1.59621834755}}, "metadata": {"audio_properties": {"equal_loudness": 0, "codec": "mp3", "downmix": "mix", "sample_rate": 44100, "analysis_sample_rate": 44100, "bit_rate": 208283, "md5_encoded": "70fb92f3ee61831bed1a3f07a9436678", "length": 223.111831665, "replay_gain": -11.0246963501, "lossless": false}, "version": {"essentia_build_sha": "70f2e5ece6736b2c40cc944ad0e695b16b925413", "essentia": "2.1-beta2", "extractor": "music 1.0", "essentia_git_sha": "v2.1_beta2"}, "tags": {"title": ["Understand You"], "barcode": ["602527907864"], "media": ["CD"], "albumartist": ["Lyle Lovett"], "musicbrainz_recordingid": ["03bf5503-5664-4fea-9723-75f88f2c36e4"], "musicbrainz_albumartistid": ["7241e3ed-5ad4-4849-94df-6858ea833472"], "album": ["Release Me"], "catalognumber": ["B0016386-02"], "musicbrainz album release country": ["US"], "musicbrainz album type": ["album"], "musicbrainz album status": ["official"], "originaldate": ["2012"], "date": ["2012-02-28"], "file_name": "06 - Understand You.mp3", "musicbrainz_releasegroupid": ["0e0cc7c2-383d-4da3-9190-d96cfbe29058"], "script": ["Latn"], "asin": ["B006UFH5JS"], "musicbrainz_albumid": ["d95a6b69-dbfe-443a-8424-d72029b55381"], "artist": ["Lyle Lovett"], "artistsort": ["Lovett, Lyle"], "tracknumber": ["6/14"], "label": ["Lost Highway Records"], "albumartistsort": ["Lovett, Lyle"], "musicbrainz_artistid": ["7241e3ed-5ad4-4849-94df-6858ea833472"]}}, "rhythm": {"bpm_histogram_first_peak_bpm": {"dmean2": 0, "median": 136, "min": 136, "dvar2": 0, "dvar": 0, "dmean": 0, "max": 136, "var": 0, "mean": 136}, "bpm": 136.938186646, "bpm_histogram_second_peak_spread": {"dmean2": 0, "median": 0.0652173757553, "min": 0.0652173757553, "dvar2": 0, "dvar": 0, "dmean": 0, "max": 0.0652173757553, "var": 0, "mean": 0.0652173757553}, "bpm_histogram_first_peak_weight": {"dmean2": 0, "median": 0.461386144161, "min": 0.461386144161, "dvar2": 0, "dvar": 0, "dmean": 0, "max": 0.461386144161, "var": 0, "mean": 0.461386144161}, "onset_rate": 3.71528697014, "beats_position": [0.429569154978, 0.870748281479, 1.3235373497, 1.77632653713, 2.24072551727, 2.69351458549, 3.15791368484, 3.59909296036, 4.04027223587, 4.46984100342, 4.8994102478, 5.31736946106, 5.73532867432, 6.15328788757, 6.59446716309, 7.02403593063, 7.45360517502, 7.89478445053, 8.32435321808, 8.75392246246, 9.17188167572, 9.6014509201, 10.0310201645, 10.4605894089, 10.8785486221, 11.2965078354, 11.7260770798, 12.144036293, 12.5619955063, 12.9799547195, 13.4211339951, 13.8507022858, 14.268661499, 14.6866207123, 15.1161899567, 15.5341491699, 15.9753284454, 16.4048976898, 16.8460769653, 17.2872562408, 17.7284355164, 18.181224823, 18.6340141296, 19.0868015289, 19.458322525, 19.8414516449, 20.2245807648, 20.6077098846, 20.9908390045, 21.3623580933, 21.733877182, 22.1170063019, 22.5001354218, 22.8948745728, 23.3012237549, 23.707572937, 24.1719722748, 24.6131515503, 25.0659408569, 25.4955101013, 25.9250793457, 26.3546485901, 26.7958278656, 27.22539711, 27.6433563232, 28.0613155365, 28.4792747498, 28.897233963, 29.3035831451, 29.6983222961, 30.1394996643, 30.5806789398, 31.0334682465, 31.474647522, 31.9158267975, 32.357006073, 32.7981834412, 33.239364624, 33.6805419922, 34.1101112366, 34.5280723572, 34.9692497253, 35.3988189697, 35.8516082764, 36.304397583, 36.7571868896, 37.1983680725, 37.6511573792, 38.0923347473, 38.5219039917, 38.9630813599, 39.3926506042, 39.8222198486, 40.2634010315, 40.7045783997, 41.134147644, 41.5637168884, 41.981678009, 42.4112472534, 42.8408164978, 43.281993866, 43.7231750488, 44.1527442932, 44.5823135376, 45.0002708435, 45.4298400879, 45.8594093323, 46.3005905151, 46.7301597595, 47.1597251892, 47.5892944336, 48.018863678, 48.4368247986, 48.8780021667, 49.3191833496, 49.7603607178, 50.1899299622, 50.631111145, 51.0722885132, 51.513469696, 51.9546470642, 52.3958282471, 52.8253974915, 53.2549667358, 53.696144104, 54.1373214722, 54.5901107788, 55.0196800232, 55.4492492676, 55.8904304504, 56.3316078186, 56.7727890015, 57.2023582458, 57.6319274902, 58.0498847961, 58.4794540405, 58.9090232849, 59.3385925293, 59.7681617737, 60.1977310181, 60.6273002625, 61.0568695068, 61.4864387512, 61.9276161194, 62.3687973022, 62.7983665466, 63.227935791, 63.6691131592, 64.0870742798, 64.5282516479, 64.957824707, 65.3990020752, 65.8285675049, 66.258140564, 66.6993179321, 67.1521072388, 67.5932846069, 68.0344696045, 68.4756469727, 68.9168243408, 69.3696136475, 69.8224029541, 70.2635803223, 70.7047576904, 71.145942688, 71.5871200562, 72.0282974243, 72.4694747925, 72.91065979, 73.3518371582, 73.7930145264, 74.2341918945, 74.6753692627, 75.1281585693, 75.5693435669, 76.0105209351, 76.4516983032, 76.8928756714, 77.3224487305, 77.7520141602, 78.1699752808, 78.5995483398, 79.040725708, 79.4819030762, 79.9230804443, 80.3642578125, 80.8054428101, 81.2466201782, 81.6877975464, 82.1289749146, 82.5701599121, 83.0113372803, 83.4525146484, 83.8820877075, 84.3116531372, 84.7528305054, 85.1940155029, 85.6351928711, 86.0763702393, 86.5175476074, 86.9587249756, 87.3999099731, 87.8410873413, 88.270652771, 88.7002258301, 89.1181869507, 89.5361404419, 89.9773254395, 90.3952789307, 90.8364639282, 91.2660293579, 91.695602417, 92.1135559082, 92.5547409058, 92.9843063354, 93.4254837036, 93.8550567627, 94.2962341309, 94.7257995605, 95.1553726196, 95.5965499878, 96.037727356, 96.467300415, 96.9084777832, 97.3380508423, 97.7908401489, 98.2552337646, 98.7080230713, 99.1492080688, 99.5787734985, 100.008346558, 100.437911987, 100.890701294, 101.331878662, 101.761451721, 102.191017151, 102.608978271, 103.05015564, 103.491333008, 103.932518005, 104.373695374, 104.814872742, 105.25605011, 105.697235107, 106.126800537, 106.567977905, 106.997550964, 107.438728333, 107.879905701, 108.30947876, 108.739044189, 109.180221558, 109.598182678, 110.016143799, 110.457321167, 110.898498535, 111.339683533, 111.780860901, 112.210426331, 112.63999939, 113.05796051, 113.48752594, 113.917098999, 114.358276367, 114.799453735, 115.240631104, 115.681808472, 116.122993469, 116.564170837, 117.005348206, 117.446525574, 117.887710571, 118.328887939, 118.770065308, 119.199638367, 119.629203796, 120.047164917, 120.465126038, 120.894691467, 121.324264526, 121.765441895, 122.206619263, 122.647796631, 123.065757751, 123.50693512, 123.948112488, 124.389297485, 124.830474854, 125.271652222, 125.701225281, 126.142402649, 126.595191956, 127.036369324, 127.48915863, 127.941947937, 128.383132935, 128.812698364, 129.242263794, 129.683441162, 130.12461853, 130.554199219, 130.983764648, 131.424942017, 131.854507446, 132.284072876, 132.725265503, 133.166442871, 133.607620239, 134.037185669, 134.466751099, 134.884719849, 135.325897217, 135.767074585, 136.208251953, 136.649429321, 137.090606689, 137.531784058, 137.961364746, 138.390930176, 138.832107544, 139.273284912, 139.702850342, 140.14402771, 140.573608398, 141.014785767, 141.455963135, 141.897140503, 142.338317871, 142.779495239, 143.220672607, 143.673461914, 144.126251221, 144.567428589, 144.997009277, 145.426574707, 145.867752075, 146.308929443, 146.750106812, 147.202896118, 147.644073486, 148.073654175, 148.503219604, 148.944396973, 149.373962402, 149.815139771, 150.256317139, 150.697509766, 151.138687134, 151.579864502, 152.044265747, 152.485443115, 152.915008545, 153.344573975, 153.785751343, 154.215332031, 154.644897461, 155.062850952, 155.50402832, 155.933609009, 156.374786377, 156.815963745, 157.245529175, 157.686706543, 158.116271973, 158.545852661, 158.987030029, 159.428207397, 159.869384766, 160.310562134, 160.740127563, 161.181304932, 161.61088562, 162.052062988, 162.493240356, 162.934417725, 163.363983154, 163.805160522, 164.246353149, 164.687530518, 165.105484009, 165.535049438, 165.953018188, 166.382583618, 166.823760986, 167.253326416, 167.671295166, 168.089248657, 168.507202148, 168.925170898, 169.34312439, 169.784301758, 170.225479126, 170.655059814, 171.084625244, 171.514190674, 171.943756104, 172.384933472, 172.826126099, 173.267303467, 173.696868896, 174.138046265, 174.590835571, 175.043624878, 175.484802246, 175.914367676, 176.343948364, 176.773513794, 177.214691162, 177.65586853, 178.097045898, 178.526611328, 178.967803955, 179.397369385, 179.838546753, 180.279724121, 180.720901489, 181.162078857, 181.603256226, 182.032836914, 182.462402344, 182.891967773, 183.321533203, 183.751113892, 184.180679321, 184.621856689, 185.063034058, 185.492599487, 185.922180176, 186.351745605, 186.781311035, 187.222488403, 187.652053833, 188.081634521, 188.52281189, 188.963989258, 189.405166626, 189.846343994, 190.287521362, 190.72869873, 191.169876099, 191.622665405, 192.08706665, 192.539855957, 192.981033325, 193.433822632, 193.886611938, 194.327789307, 194.768981934, 195.210159302, 195.65133667, 196.092514038, 196.533691406, 196.974868774, 197.416046143, 197.845626831, 198.275192261, 198.716369629, 199.157546997, 199.598724365, 200.039901733, 200.469467163, 200.91065979, 201.351837158, 201.793014526, 202.245803833, 202.686981201, 203.128158569, 203.569335938, 204.010513306, 204.451690674, 204.892883301, 205.345672607, 205.798446655, 206.2628479, 206.727249146, 207.191650391, 207.644439697, 208.097229004, 208.561630249, 209.026031494, 209.478820801, 209.919998169, 210.372787476, 210.813964844, 211.371246338, 211.928527832, 212.485794067, 213.043075562, 213.600357056, 214.15763855, 214.714920044, 215.272201538, 215.794647217, 216.305480957, 216.816329956, 217.315551758, 217.826385498, 218.325622559, 218.836456299, 219.347290039, 219.858139038, 220.380584717, 220.903030396, 221.425476074, 221.947937012, 222.47038269], "beats_loudness": {"dmean2": 0.0325610041618, "median": 0.0279525518417, "min": 2.14426847833e-07, "dvar2": 0.000917867582757, "dvar": 0.000326458684867, "dmean": 0.0181990209967, "max": 0.149700686336, "var": 0.000524372735526, "mean": 0.0320816114545}, "danceability": 1.0208812952, "bpm_histogram_second_peak_weight": {"dmean2": 0, "median": 0.0851485133171, "min": 0.0851485133171, "dvar2": 0, "dvar": 0, "dmean": 0, "max": 0.0851485133171, "var": 0, "mean": 0.0851485133171}, "beats_count": 506, "bpm_histogram_second_peak_bpm": {"dmean2": 0, "median": 144, "min": 144, "dvar2": 0, "dvar": 0, "dmean": 0, "max": 144, "var": 0, "mean": 144}, "bpm_histogram_first_peak_spread": {"dmean2": 0, "median": 0.438554227352, "min": 0.438554227352, "dvar2": 0, "dvar": 0, "dmean": 0, "max": 0.438554227352, "var": 0, "mean": 0.438554227352}, "beats_loudness_band_ratio": {"dmean2": [0.355831116438, 0.284815967083, 0.245953723788, 0.0388437621295, 0.0219314172864, 0.0376564376056], "median": [0.569584131241, 0.285963386297, 0.107271596789, 0.0115201314911, 0.00680735055357, 0.00190264184494], "min": [0.0263794269413, 0.000132936096634, 8.88457725523e-05, 4.61547497252e-05, 9.08161564439e-06, 8.68082315719e-06], "dvar2": [0.0726476386189, 0.0504172220826, 0.0708051547408, 0.00216399156488, 0.00081008579582, 0.0182264596224], "dvar": [0.0246762987226, 0.016523629427, 0.0265656039119, 0.000765828881413, 0.000297085876809, 0.006111739669], "dmean": [0.201765492558, 0.164383411407, 0.139821305871, 0.0208958536386, 0.0123528335243, 0.0201564244926], "max": [0.998948097229, 0.881300568581, 0.914834856987, 0.166246697307, 0.113735347986, 0.836071848869], "var": [0.0522799193859, 0.0267684366554, 0.0308239646256, 0.000692985544447, 0.000283951521851, 0.00335219479166], "mean": [0.544457018375, 0.308437138796, 0.170160248876, 0.0207997597754, 0.0127242617309, 0.0134848747402]}}, "lowlevel": {"barkbands_spread": {"dmean2": 2.82423949242, "median": 5.41963005066, "min": 0.37124761939, "dvar2": 44.4729042053, "dvar": 25.6748943329, "dmean": 1.91152667999, "max": 108.943107605, "var": 92.1806259155, "mean": 7.53789997101}, "melbands_spread": {"dmean2": 2.82655882835, "median": 6.23939847946, "min": 0.320034921169, "dvar2": 53.9983863831, "dvar": 29.5256099701, "dmean": 1.92619919777, "max": 245.258712769, "var": 129.453353882, "mean": 8.27333450317}, "hfc": {"dmean2": 3.24747896194, "median": 6.10416793823, "min": 1.06587992339e-16, "dvar2": 39.4065742493, "dvar": 24.9814395905, "dmean": 2.42244458199, "max": 137.833953857, "var": 148.738433838, "mean": 9.60524177551}, "barkbands_kurtosis": {"dmean2": 7.18970823288, "median": 6.98390054703, "min": -1.90015506744, "dvar2": 462.326171875, "dvar": 228.074645996, "dmean": 4.54668283463, "max": 1405.26477051, "var": 5718.45654297, "mean": 16.1318874359}, "gfcc": {"mean": [-100.995826721, 156.567474365, -85.7903747559, 24.6986064911, -57.0609207153, -8.78142547607, -33.0497169495, 0.973663270473, -18.0874900818, -3.9350464344, -12.2837238312, -6.605219841, -9.43255519867], "icov": [[0.000188441263163, -0.000499412941281, 0.000448699836852, -0.000343588646501, 0.000695122289471, -0.000560734770261, 0.000503530725837, -0.000620290811639, 0.000445319252321, -0.000406659790315, 0.00050530268345, -0.0003543162602, 0.000407275714679], [-0.000499412941281, 0.00322704738937, -0.00118953618221, 0.00202931812964, -0.00273016956635, 0.00269587733783, -0.00292202853598, 0.00302848988213, -0.00252932822332, 0.00253333640285, -0.0022398037836, 0.00177144957706, -0.00195729057305], [0.000448699836852, -0.00118953618221, 0.00214848085307, -0.00111313012894, 0.00129640323576, -0.0021591829136, 0.00135966134258, -0.00152577739209, 0.00155997008551, -0.00106327084359, 0.00141335371882, -0.00114612735342, 0.000642570841592], [-0.000343588646501, 0.00202931812964, -0.00111313012894, 0.00485678110272, -0.000792053120676, 0.0015855981037, -0.00101262715179, 0.00223920447752, -0.0023907891009, 0.000792656268459, -0.00140215875581, 3.12032243528e-05, -0.00123040913604], [0.000695122289471, -0.00273016956635, 0.00129640323576, -0.000792053120676, 0.00782249029726, -0.00211494555697, 0.00165224203374, -0.00311346887611, 0.000609282637015, -0.00216208118945, 0.00260642264038, -0.00233249901794, 0.000552323006559], [-0.000560734770261, 0.00269587733783, -0.0021591829136, 0.0015855981037, -0.00211494555697, 0.00932720676064, -0.00394219066948, 0.00211215135641, -0.00227408763021, 9.69831453403e-05, -0.00233713467605, 0.000217066990444, -0.00164559995756], [0.000503530725837, -0.00292202853598, 0.00135966134258, -0.00101262715179, 0.00165224203374, -0.00394219066948, 0.0100687863305, -0.00342411571182, 0.00169199123047, -0.00246637291275, 0.000932834227569, -0.00247480976395, -0.000322507112287], [-0.000620290811639, 0.00302848988213, -0.00152577739209, 0.00223920447752, -0.00311346887611, 0.00211215135641, -0.00342411571182, 0.0104361036792, -0.00266428827308, 0.00148501247168, -0.00405310606584, 0.00108630256727, -0.000286666443571], [0.000445319252321, -0.00252932822332, 0.00155997008551, -0.0023907891009, 0.000609282637015, -0.00227408763021, 0.00169199123047, -0.00266428827308, 0.014016572386, -0.00259938719682, -0.0012930148514, -5.92875730945e-05, -0.00131543818861], [-0.000406659790315, 0.00253333640285, -0.00106327084359, 0.000792656268459, -0.00216208118945, 9.69831453403e-05, -0.00246637291275, 0.00148501247168, -0.00259938719682, 0.0126344785094, -0.00114511372522, 0.000427137652878, -0.00233396957628], [0.00050530268345, -0.0022398037836, 0.00141335371882, -0.00140215875581, 0.00260642264038, -0.00233713467605, 0.000932834227569, -0.00405310606584, -0.0012930148514, -0.00114511372522, 0.0115821575746, -0.00353795988485, 0.00467184511945], [-0.0003543162602, 0.00177144957706, -0.00114612735342, 3.12032243528e-05, -0.00233249901794, 0.000217066990444, -0.00247480976395, 0.00108630256727, -5.92875730945e-05, 0.000427137652878, -0.00353795988485, 0.0116470344365, -0.00317545281723], [0.000407275714679, -0.00195729057305, 0.000642570841592, -0.00123040913604, 0.000552323006559, -0.00164559995756, -0.000322507112287, -0.000286666443571, -0.00131543818861, -0.00233396957628, 0.00467184511945, -0.00317545281723, 0.0119281262159]], "cov": [[18403.6660156, 397.397583008, -2697.45263672, 72.4939651489, -975.601623535, -167.061462402, -328.66796875, 174.734832764, -173.936706543, -87.0534362793, -4.51077985764, -172.742111206, -473.373779297], [397.397583008, 1501.10314941, -223.908676147, -324.723724365, 268.562194824, -170.892074585, 188.984359741, -121.084060669, 133.571090698, -130.579864502, 33.1848640442, -77.1130981445, 133.155471802], [-2697.45263672, -223.908676147, 1193.99377441, 114.258758545, 79.701965332, 185.182022095, 35.5538673401, 15.6422967911, -25.1241188049, 71.2911682129, -32.3445091248, 95.7701034546, 75.3631362915], [72.4939651489, -324.723724365, 114.258758545, 339.956481934, -67.8404312134, 36.1008911133, -38.2174491882, -5.35848093033, 3.52319407463, 36.0679931641, 1.92051887512, 38.5247497559, -2.93795013428], [-975.601623535, 268.562194824, 79.701965332, -67.8404312134, 280.189422607, 9.64081478119, 71.7404403687, 4.56177473068, 48.9023857117, 9.23509311676, -3.24623799324, 26.8337535858, 72.1085205078], [-167.061462402, -170.892074585, 185.182022095, 36.1008911133, 9.64081478119, 208.347869873, 52.9588851929, 32.8981666565, 7.02783346176, 53.7718505859, 17.4066257477, 54.3084030151, 20.866897583], [-328.66796875, 188.984359741, 35.5538673401, -38.2174491882, 71.7404403687, 52.9588851929, 187.088562012, 23.9636631012, 32.7753715515, 20.1666183472, 25.2429580688, 37.4784622192, 53.644733429], [174.734832764, -121.084060669, 15.6422967911, -5.35848093033, 4.56177473068, 32.8981666565, 23.9636631012, 162.092727661, 8.28427219391, 18.0381469727, 46.8920707703, 21.9781990051, -26.4314365387], [-173.936706543, 133.571090698, -25.1241188049, 3.52319407463, 48.9023857117, 7.02783346176, 32.7753715515, 8.28427219391, 108.704971313, 10.0087623596, 28.986951828, 5.89790534973, 33.5272789001], [-87.0534362793, -130.579864502, 71.2911682129, 36.0679931641, 9.23509311676, 53.7718505859, 20.1666183472, 18.0381469727, 10.0087623596, 114.144119263, 0.817981481552, 29.2272224426, 20.2936115265], [-4.51077985764, 33.1848640442, -32.3445091248, 1.92051887512, -3.24623799324, 17.4066257477, 25.2429580688, 46.8920707703, 28.986951828, 0.817981481552, 140.065032959, 25.3507328033, -32.8522186279], [-172.742111206, -77.1130981445, 95.7701034546, 38.5247497559, 26.8337535858, 54.3084030151, 37.4784622192, 21.9781990051, 5.89790534973, 29.2272224426, 25.3507328033, 126.777992249, 30.0412769318], [-473.373779297, 133.155471802, 75.3631362915, -2.93795013428, 72.1085205078, 20.866897583, 53.644733429, -26.4314365387, 33.5272789001, 20.2936115265, -32.8522186279, 30.0412769318, 146.372909546]]}, "spectral_energyband_middle_low": {"dmean2": 0.00746341794729, "median": 0.0125993601978, "min": 1.88847873347e-22, "dvar2": 0.000143353332533, "dvar": 6.7861568823e-05, "dmean": 0.00514927133918, "max": 0.203116968274, "var": 0.000302526372252, "mean": 0.0171944387257}, "melbands_crest": {"dmean2": 3.72036576271, "median": 13.3341684341, "min": 1.00123429298, "dvar2": 13.7693834305, "dvar": 5.61847782135, "dmean": 2.30286049843, "max": 39.8291969299, "var": 26.2774562836, "mean": 14.3701047897}, "spectral_kurtosis": {"dmean2": 10.7030572891, "median": 12.3245849609, "min": -1.27514016628, "dvar2": 146.132339478, "dvar": 52.5854301453, "dmean": 6.27200222015, "max": 186.57850647, "var": 244.49937439, "mean": 16.4626293182}, "spectral_rms": {"dmean2": 0.000827941577882, "median": 0.00440912274644, "min": 3.15636557689e-12, "dvar2": 1.04206208107e-06, "dvar": 4.85864120492e-07, "dmean": 0.000563665875234, "max": 0.0143528562039, "var": 3.57412409357e-06, "mean": 0.00446575554088}, "zerocrossingrate": {"dmean2": 0.00537602324039, "median": 0.02001953125, "min": 0, "dvar2": 0.000170639512362, "dvar": 0.000128732077428, "dmean": 0.00449575483799, "max": 0.513671875, "var": 0.0012144211214, "mean": 0.0257024448365}, "silence_rate_60dB": {"dmean2": 0.014987510629, "median": 0, "min": 0, "dvar2": 0.0174724888057, "dvar": 0.00743458746001, "dmean": 0.00749297533184, "max": 1, "var": 0.0579864345491, "mean": 0.0618106126785}, "erbbands_kurtosis": {"dmean2": 2.31148147583, "median": 2.44668292999, "min": -1.83179056644, "dvar2": 10.6722764969, "dvar": 4.75178098679, "dmean": 1.52094447613, "max": 63.1269073486, "var": 25.3854560852, "mean": 3.83294916153}, "erbbands": {"dmean2": [0.0397699251771, 0.363696634769, 1.65877223015, 5.84250402451, 11.445350647, 10.2271738052, 15.3834161758, 17.5908069611, 10.7196855545, 27.1990261078, 20.9731025696, 6.63692998886, 5.84075498581, 3.20406770706, 3.67008495331, 3.72554516792, 3.81258177757, 3.44746041298, 3.01098012924, 2.82509207726, 1.93948364258, 2.47389292717, 2.76234579086, 2.27241611481, 4.15583753586, 1.3927179575, 1.30717039108, 1.08671307564, 0.966299533844, 0.938267886639, 0.932424604893, 0.648513019085, 0.385684937239, 0.166905418038, 0.0887073129416, 0.0275992620736, 0.00697707897052, 0.00119667197578, 0.000125601989566, 1.28143565234e-05], "median": [0.0619652941823, 0.521208286285, 1.77395498753, 4.41983413696, 7.3063082695, 8.74432373047, 10.2245988846, 14.3520126343, 8.88499450684, 19.0655021667, 9.5145740509, 5.84336042404, 6.36899328232, 2.52358818054, 2.3046040535, 1.78774762154, 1.26303350925, 0.897907853127, 1.27217793465, 1.24303746223, 0.708881497383, 0.879252076149, 0.661037504673, 0.553551673889, 0.531874656677, 0.316967606544, 0.229317486286, 0.108053550124, 0.0903063714504, 0.0695391893387, 0.0386502183974, 0.0175032671541, 0.00985600054264, 0.00702459225431, 0.00398288760334, 0.00135664246045, 0.000354514631908, 5.4234835261e-05, 1.34496776809e-05, 2.31533049373e-05], "min": [1.9706382812e-22, 8.7233061839e-22, 2.53402297401e-21, 4.48040965151e-21, 2.24201424295e-20, 2.49157786493e-20, 6.92207031687e-20, 3.83940049531e-20, 1.53528431078e-19, 1.68288241263e-19, 2.11971882056e-19, 3.46488200065e-19, 7.46904750357e-19, 6.88410001257e-19, 1.19893615595e-18, 1.20752839117e-18, 2.01767962965e-18, 2.76908905053e-18, 2.5345140705e-18, 3.82536002207e-18, 5.06194209828e-18, 6.03670455341e-18, 7.17117201018e-18, 8.52642720733e-18, 8.45572890755e-18, 9.53214482893e-18, 1.1421613118e-17, 1.24185816503e-17, 1.22430423438e-17, 1.40574365476e-17, 1.2890049784e-17, 1.17239658299e-17, 9.99724284477e-18, 7.30559216844e-18, 7.01780197126e-18, 4.06292505322e-18, 2.46526664552e-18, 1.0415656648e-18, 2.78995509507e-19, 3.03986548668e-20], "dvar2": [0.0217620972544, 0.71509540081, 10.9152879715, 107.911270142, 396.178649902, 517.046508789, 1592.51855469, 2055.17089844, 1434.42736816, 12160.3271484, 11219.9072266, 503.531951904, 425.240386963, 69.7143325806, 149.223083496, 190.136398315, 393.513793945, 517.65826416, 92.1585464478, 53.3623313904, 55.1196708679, 59.7260742188, 83.3073730469, 68.3198165894, 199.076812744, 36.4963760376, 42.6842880249, 41.2637863159, 26.0285243988, 33.9788398743, 39.2907524109, 32.6896743774, 9.37543201447, 1.40455722809, 0.460008919239, 0.0319316834211, 0.00141362531576, 2.98100949294e-05, 3.07261473154e-07, 6.26346863264e-10], "dvar": [0.00775724649429, 0.284584522247, 3.88819885254, 44.4785079956, 171.735031128, 217.282501221, 645.456970215, 968.812072754, 1028.22851562, 6668.91601562, 7627.80078125, 259.174591064, 184.508621216, 35.1363563538, 66.7191619873, 88.057434082, 175.005340576, 291.022033691, 40.842502594, 26.2162799835, 21.0268230438, 25.1857376099, 45.9356613159, 41.1644248962, 106.582267761, 17.2109508514, 21.3182315826, 20.7778244019, 13.3910913467, 16.2628631592, 18.2877082825, 17.3790664673, 6.24997758865, 1.11101078987, 0.290552616119, 0.0204378925264, 0.000773899722844, 1.45860130942e-05, 1.3401044896e-07, 2.71896061221e-10], "dmean": [0.0230692364275, 0.217692360282, 0.986688375473, 3.62261009216, 7.38977050781, 6.65002346039, 9.89740371704, 11.8636751175, 8.26014709473, 20.585981369, 16.8422813416, 4.88878107071, 4.51446008682, 2.21492290497, 2.50430941582, 2.52096486092, 2.55498313904, 2.37742710114, 2.04025268555, 1.93451964855, 1.22542393208, 1.6256095171, 1.90344154835, 1.70794653893, 2.97626924515, 0.945495665073, 0.883339345455, 0.757290184498, 0.669749855995, 0.651317358017, 0.628574609756, 0.478463023901, 0.298259466887, 0.131132885814, 0.0620551519096, 0.0198139417917, 0.00464965123683, 0.000766491168179, 7.75038352003e-05, 8.57655049913e-06], "max": [1.79613614082, 12.5192508698, 43.7656364441, 112.074081421, 229.531066895, 300.870056152, 770.365844727, 1039.07922363, 1622.14221191, 3842.12841797, 3454.1809082, 577.722412109, 792.895935059, 306.66519165, 307.999938965, 378.127471924, 554.624511719, 1385.42541504, 251.338943481, 152.272949219, 145.993286133, 169.288619995, 297.448272705, 297.829803467, 330.113769531, 148.610366821, 138.79006958, 177.936798096, 127.568199158, 151.923156738, 150.744110107, 238.937072754, 103.059051514, 57.1191444397, 32.4475517273, 6.79805898666, 1.10067892075, 0.131584078074, 0.0120384534821, 0.000321406958392], "var": [0.00942161586136, 0.537483692169, 7.70259571075, 73.501625061, 337.725067139, 594.75769043, 2343.30322266, 2598.53930664, 5564.51660156, 29400.8945312, 29761.53125, 904.491271973, 678.192626953, 132.49395752, 190.718811035, 197.304840088, 392.689117432, 638.814453125, 101.319770813, 95.9194641113, 26.6159915924, 62.4967269897, 122.517654419, 286.347808838, 545.959533691, 31.8666362762, 38.7032089233, 44.1827812195, 30.7564678192, 30.9058628082, 38.39503479, 41.0853805542, 18.6885070801, 3.81654977798, 0.825157523155, 0.0568695478141, 0.0018283163663, 2.68989933829e-05, 1.72702982582e-07, 7.88820786468e-10], "mean": [0.078132815659, 0.622462570667, 2.55945467949, 7.04932022095, 13.9782743454, 16.5650043488, 23.0197124481, 29.18126297, 24.5332107544, 63.2746925354, 40.2206115723, 14.8617696762, 15.9077653885, 6.4317278862, 6.51071166992, 5.48906373978, 5.33314943314, 4.38265371323, 4.56726026535, 4.57931852341, 2.1581351757, 3.61066842079, 3.77934074402, 4.6461596489, 7.04448318481, 1.78522455692, 1.46670138836, 1.17389118671, 1.1044062376, 1.07093214989, 1.04331552982, 0.761538922787, 0.478464245796, 0.212002485991, 0.0948505848646, 0.0291492342949, 0.00587240001187, 0.000850644370075, 8.45909162308e-05, 2.95975241897e-05]}, "spectral_strongpeak": {"dmean2": 0.48367023468, "median": 0.525270223618, "min": 0, "dvar2": 0.385861605406, "dvar": 0.185135796666, "dmean": 0.302964419127, "max": 9.44859027863, "var": 1.02183949947, "mean": 0.8465269804}, "spectral_energy": {"dmean2": 0.00911654345691, "median": 0.0199263729155, "min": 1.02117102596e-20, "dvar2": 0.000196139866603, "dvar": 8.92851967365e-05, "dmean": 0.00618381658569, "max": 0.211154595017, "var": 0.000396330142394, "mean": 0.0241049248725}, "average_loudness": 0.556321263313, "spectral_rolloff": {"dmean2": 203.467163086, "median": 473.73046875, "min": 21.533203125, "dvar2": 639524.3125, "dvar": 321972.9375, "dmean": 120.96206665, "max": 19099.9511719, "var": 1679122.5, "mean": 609.542053223}, "spectral_centroid": {"dmean2": 132.961273193, "median": 430.151428223, "min": 178.130142212, "dvar2": 79622.6640625, "dvar": 47591.2695312, "dmean": 91.318031311, "max": 11651.4365234, "var": 489941.21875, "mean": 574.355163574}, "pitch_salience": {"dmean2": 0.0858607217669, "median": 0.549063265324, "min": 0.0100583909079, "dvar2": 0.00649076420814, "dvar": 0.00254440563731, "dmean": 0.0525816231966, "max": 0.996015310287, "var": 0.0117032676935, "mean": 0.538074314594}, "spectral_energyband_middle_high": {"dmean2": 0.000471568579087, "median": 0.000504238996655, "min": 1.30680006597e-21, "dvar2": 1.15784757782e-06, "dvar": 5.73114505187e-07, "dmean": 0.000331412855303, "max": 0.0273041818291, "var": 3.15561351272e-06, "mean": 0.0011566352332}, "spectral_contrast_coeffs": {"dmean2": [0.0706577152014, 0.0580234974623, 0.0515559613705, 0.0444574095309, 0.0394644215703, 0.0289124138653], "median": [-0.610814392567, -0.674561858177, -0.718502283096, -0.753042936325, -0.76017832756, -0.769845068455], "min": [-0.983751416206, -0.994408905506, -0.991765260696, -0.993366837502, -0.966580688953, -0.971158802509], "dvar2": [0.00347403623164, 0.00253985216841, 0.00211380585097, 0.00144872139208, 0.00136645499151, 0.000757222005632], "dvar": [0.00131825753488, 0.00107120547909, 0.000885532121174, 0.000632194511127, 0.000673977425322, 0.000353237439413], "dmean": [0.0425196699798, 0.0361933782697, 0.0328486636281, 0.0281515531242, 0.0260382629931, 0.0188503526151], "max": [-0.270155787468, -0.366239845753, -0.485436737537, -0.498683720827, -0.492639273405, -0.592640638351], "var": [0.0100927930325, 0.00632083788514, 0.00588795403019, 0.00508586037904, 0.00610625557601, 0.00302107958123], "mean": [-0.606019198895, -0.669698417187, -0.717030584812, -0.753343224525, -0.756766080856, -0.768582046032]}, "melbands_skewness": {"dmean2": 0.794832646847, "median": 2.09587860107, "min": -0.840240418911, "dvar2": 1.03929042816, "dvar": 0.492187231779, "dmean": 0.510179162025, "max": 43.7506713867, "var": 6.10133171082, "mean": 2.4981071949}, "spectral_spread": {"dmean2": 793495.3125, "median": 2707109, "min": 593286.875, "dvar2": 1036704350210.0, "dvar": 519055441920, "dmean": 503704.625, "max": 41650980, "var": 6135814815740.0, "mean": 3130662}, "dissonance": {"dmean2": 0.0472154580057, "median": 0.425647318363, "min": 0.213290691376, "dvar2": 0.00170218956191, "dvar": 0.000623702944722, "dmean": 0.0280362442136, "max": 0.500000059605, "var": 0.00190320448019, "mean": 0.41940510273}, "spectral_skewness": {"dmean2": 0.822113275528, "median": 2.73779988289, "min": -0.0728972703218, "dvar2": 0.614754199982, "dvar": 0.233545854688, "dmean": 0.498198091984, "max": 11.6682043076, "var": 1.62402558327, "mean": 2.91926312447}, "spectral_flux": {"dmean2": 0.0303007345647, "median": 0.0438804998994, "min": 6.62313676125e-11, "dvar2": 0.00127098103985, "dvar": 0.000547219882719, "dmean": 0.0189733915031, "max": 0.272774994373, "var": 0.00145865604281, "mean": 0.0524881593883}, "spectral_contrast_valleys": {"dmean2": [0.565389215946, 0.445446550846, 0.520255744457, 0.48243945837, 0.497852236032, 0.566332638264], "median": [-6.90579080582, -6.74019432068, -8.38712501526, -9.19279670715, -9.35852050781, -12.1669511795], "min": [-28.1823539734, -28.2098236084, -27.7623004913, -27.6254959106, -27.481426239, -27.3040485382], "dvar2": [0.261327773333, 0.155704170465, 0.245953515172, 0.200605019927, 0.257048934698, 0.403557121754], "dvar": [0.110841035843, 0.0772053226829, 0.108683519065, 0.0943086072803, 0.121239207685, 0.192694053054], "dmean": [0.332697302103, 0.27442792058, 0.326605826616, 0.308871716261, 0.330618709326, 0.385371148586], "max": [-5.18042707443, -4.77007484436, -5.83849668503, -6.87576293945, -5.96515274048, -7.50975227356], "var": [2.52649044991, 2.92573714256, 2.57887148857, 2.33500695229, 2.31789040565, 2.1072602272], "mean": [-7.3441400528, -7.06721353531, -8.64600086212, -9.44068622589, -9.55098056793, -12.1960897446]}, "erbbands_flatness_db": {"dmean2": 0.0289940405637, "median": 0.219831779599, "min": 0.0324630700052, "dvar2": 0.000944415573031, "dvar": 0.000409022381064, "dmean": 0.0192966181785, "max": 0.392116487026, "var": 0.00233591906726, "mean": 0.217636078596}, "spectral_energyband_high": {"dmean2": 0.000113431495265, "median": 1.79619328264e-05, "min": 7.23991608283e-21, "dvar2": 3.34141816438e-07, "dvar": 2.38883188786e-07, "dmean": 8.81264713826e-05, "max": 0.015566682443, "var": 7.99949134489e-07, "mean": 0.000168043930898}, "spectral_entropy": {"dmean2": 0.311073452234, "median": 6.37514591217, "min": 4.54317569733, "dvar2": 0.101331569254, "dvar": 0.0466843247414, "dmean": 0.201613694429, "max": 9.82102489471, "var": 0.341454088688, "mean": 6.39699268341}, "silence_rate_20dB": {"dmean2": 0, "median": 1, "min": 1, "dvar2": 0, "dvar": 0, "dmean": 0, "max": 1, "var": 0, "mean": 1}, "melbands_flatness_db": {"dmean2": 0.0345245525241, "median": 0.331227362156, "min": -2.6748784876e-07, "dvar2": 0.00121261132881, "dvar": 0.000570321106352, "dmean": 0.0226421430707, "max": 0.661190032959, "var": 0.00635866029188, "mean": 0.337907940149}, "barkbands": {"dmean2": [0.000201397619094, 0.00148168078158, 0.00186891574413, 0.00297632883303, 0.00308981514536, 0.00208674790338, 0.0011917433003, 0.00108806998469, 0.000366051739547, 0.000113399364636, 0.000104051461676, 0.000110562570626, 9.68252206803e-05, 6.71554444125e-05, 7.85777810961e-05, 3.20980252582e-05, 4.29668107245e-05, 5.24413844687e-05, 7.69911202951e-05, 3.40139049513e-05, 3.06812326016e-05, 2.79631985904e-05, 3.03494070977e-05, 2.48840915447e-05, 1.33356161314e-05, 4.40845269623e-06, 6.52488552078e-07], "median": [1.5131930013e-05, 0.00222398643382, 0.00184881919995, 0.00131474144291, 0.00306404288858, 0.00181169598363, 0.000789218815044, 0.000438987219241, 0.00034312979551, 4.28082857979e-05, 5.4204276239e-05, 4.85910568386e-05, 1.96015935217e-05, 1.49712741404e-05, 2.91220894724e-05, 9.34934359975e-06, 1.30314710987e-05, 9.98023369903e-06, 1.02547328424e-05, 6.53980441712e-06, 3.68575661014e-06, 2.55513532466e-06, 1.42735507325e-06, 6.56629765672e-07, 6.34250284293e-07, 2.25434263257e-07, 1.0769313441e-08], "min": [7.73791788387e-25, 7.15790297292e-24, 1.97716941841e-24, 4.28236445754e-25, 6.70542971263e-24, 1.04433098502e-23, 1.36789995578e-23, 2.92806905888e-24, 1.30344307785e-23, 2.87750867577e-23, 2.63495382671e-23, 2.44681775833e-23, 3.35257270358e-23, 4.16493377517e-23, 3.3866309843e-23, 8.35933497613e-23, 8.12364605684e-23, 1.09680127927e-22, 1.96476196166e-22, 2.07034928988e-22, 3.011589723e-22, 3.51842136879e-22, 4.80210152459e-22, 6.33128251472e-22, 9.30206604081e-22, 1.38080223658e-21, 2.04547689681e-21], "dvar2": [1.54502527039e-06, 1.51516842379e-05, 1.47675700646e-05, 2.67467621597e-05, 3.27731358993e-05, 2.35009374592e-05, 2.24264604185e-05, 2.51726887655e-05, 1.67520215655e-06, 1.62251993174e-07, 9.75721974328e-08, 1.34814072794e-07, 3.95132076392e-07, 1.70687258105e-07, 4.56709514651e-08, 1.32855415558e-08, 2.30167014337e-08, 3.04110336913e-08, 7.35804164265e-08, 1.84721322682e-08, 