{"metadata": {"tags": {"album": ["A Passion for Tango"], "albumartist": ["VA"], "musicbrainz_recordingid": ["03c1a9fe-c79e-4abc-b117-1a1df7cde767"], "artist": ["VA"], "date": ["1994"], "tracknumber": ["2"], "title": ["02 - Cafetin De Buenos Aires"], "file_name": "275122.mp3"}, "audio_properties": {"sample_rate": 44100, "downmix": "mix", "lossless": false, "analysis_sample_rate": 44100, "md5_encoded": "6077e319beb47401f32945184676fa61", "equal_loudness": 0, "replay_gain": -7.75935173035, "codec": "mp3", "bit_rate": 320000, "length": 110.106124878}, "version": {"extractor": "music 1.0", "essentia_build_sha": "70f2e5ece6736b2c40cc944ad0e695b16b925413", "essentia_git_sha": "v2.1_beta2", "essentia": "2.1-beta2"}}, "rhythm": {"beats_loudness_band_ratio": {"dvar2": [0.0673103481531, 0.111043654382, 0.0883008465171, 0.0315051972866, 0.0169572513551, 0.0496460609138], "var": [0.0360077172518, 0.0460973754525, 0.0458270087838, 0.0117496456951, 0.00635776249692, 0.0123368641362], "min": [0, 0, 0, 0, 0, 0], "dmean": [0.151201099157, 0.192463248968, 0.210763558745, 0.084266833961, 0.0712679326534, 0.0673188939691], "mean": [0.195809662342, 0.281208068132, 0.328148275614, 0.0876401886344, 0.0859398171306, 0.0613357797265], "max": [0.954956114292, 0.918569684029, 0.833939135075, 0.691466033459, 0.495696812868, 0.879219055176], "dmean2": [0.25033134222, 0.344037115574, 0.365865111351, 0.150163695216, 0.128736928105, 0.120456077158], "median": [0.127937436104, 0.229126885533, 0.316973149776, 0.0554933026433, 0.0607583597302, 0.0328724011779], "dvar": [0.027233062312, 0.0374048426747, 0.0299081206322, 0.0111781656742, 0.00567898433656, 0.0183247532696]}, "bpm_histogram_first_peak_weight": {"dvar2": 0, "var": 0, "min": 0.227722778916, "dmean": 0, "mean": 0.227722778916, "max": 0.227722778916, "dmean2": 0, "median": 0.227722778916, "dvar": 0}, "bpm": 111.663505554, "beats_count": 203, "bpm_histogram_first_peak_spread": {"dvar2": 0, "var": 0, "min": 0.52577316761, "dmean": 0, "mean": 0.52577316761, "max": 0.52577316761, "dmean2": 0, "median": 0.52577316761, "dvar": 0}, "danceability": 0.970761120319, "bpm_histogram_first_peak_bpm": {"dvar2": 0, "var": 0, "min": 112, "dmean": 0, "mean": 112, "max": 112, "dmean2": 0, "median": 112, "dvar": 0}, "beats_position": [0.545668900013, 1.11455774307, 1.69505667686, 2.28716540337, 2.87927436829, 3.48299312592, 4.09832191467, 4.66721057892, 5.24770975113, 5.80498838425, 6.31582736969, 6.81505680084, 7.32589578629, 7.81351470947, 8.31274318695, 8.8119726181, 9.31120204926, 9.79882049561, 10.2980499268, 10.774058342, 11.261677742, 11.749297142, 12.2369155884, 12.7245349884, 13.2121543884, 13.6997728348, 14.1873922348, 14.66340065, 15.2322902679, 15.8011789322, 16.3468475342, 16.8925170898, 17.4381847382, 17.9838542938, 18.5295238495, 19.0635814667, 19.5976409912, 20.1200904846, 20.642539978, 21.1649875641, 21.6990470886, 22.2331066132, 22.6626758575, 23.1038551331, 23.5334243774, 23.9629936218, 24.40417099, 24.8453502655, 25.286529541, 25.7160987854, 26.1456680298, 26.5868473053, 27.0512466431, 27.5388660431, 28.0264854431, 28.5141029358, 29.0017223358, 29.4893417358, 30.0001811981, 30.5110206604, 30.9986381531, 31.4978675842, 31.9970970154, 32.4963264465, 33.0071640015, 33.5180053711, 34.028842926, 34.5512924194, 35.0853500366, 35.60779953, 36.1302490234, 36.6526985168, 37.1983680725, 37.7208137512, 38.2548751831, 38.7889328003, 39.3229942322, 39.8570518494, 40.3911094666, 40.9367790222, 41.4708366394, 42.0165061951, 42.5621757507, 43.0962333679, 43.6302947998, 44.164352417, 44.6984100342, 45.2440795898, 45.7897491455, 46.3238105774, 46.8578681946, 47.4035377502, 47.9840354919, 48.5645332336, 49.2495231628, 49.934513092, 50.6891593933, 51.4321975708, 52.1636276245, 52.906665802, 53.661315918, 54.4043540955, 55.0777320862, 55.7511100769, 56.4361000061, 57.0049858093, 57.5738754272, 58.1427650452, 58.7116546631, 59.280544281, 59.7681617737, 60.2557830811, 60.7434005737, 61.2310180664, 61.7186393738, 62.2062568665, 62.7403144836, 63.2743759155, 63.8084335327, 64.3424911499, 64.8765487671, 65.4106140137, 65.9446716309, 66.478729248, 67.0127868652, 67.5468444824, 68.0809020996, 68.6381835938, 69.1954650879, 69.7527389526, 70.2868041992, 70.8208618164, 71.3549194336, 71.8889770508, 72.423034668, 72.9570999146, 73.4911575317, 74.0252151489, 74.5360565186, 75.0468902588, 75.5577316284, 76.1150131226, 76.6606826782, 77.217956543, 77.7752380371, 78.3325119019, 78.8781814575, 79.4470748901, 79.9927444458, 80.526802063, 81.0608596802, 81.6181411743, 82.1521987915, 82.6746444702, 83.1970977783, 83.719543457, 84.2536010742, 84.7760543823, 85.298500061, 85.8209533691, 86.3433990479, 86.865852356, 87.3766860962, 87.8759155273, 88.3751449585, 88.8743743896, 89.3968200684, 89.942489624, 90.4765548706, 91.0106124878, 91.5562820435, 92.1135559082, 92.6824493408, 93.2281188965, 93.7970046997, 94.3891143799, 94.9580001831, 95.5384979248, 96.130607605, 96.7111129761, 97.2916107178, 97.8721084595, 98.4758224487, 99.0795440674, 99.6948699951, 100.321815491, 100.948753357, 101.494422913, 102.040092468, 102.608978271, 103.166259766, 103.72353363, 104.257591248, 104.791656494, 105.325714111, 105.859771729, 106.405441284, 106.95111084, 107.403900146, 107.856689453, 108.321083069, 108.785484314, 109.249885559], "beats_loudness": {"dvar2": 0.000328193476889, "var": 0.000238340362557, "min": 3.52733051101e-11, "dmean": 0.00972256809473, "mean": 0.0156761463732, "max": 0.0803092122078, "dmean2": 0.0164844617248, "median": 0.0101426821202, "dvar": 0.000113463676826}, "bpm_histogram_second_peak_weight": {"dvar2": 0, "var": 0, "min": 0.103960394859, "dmean": 0, "mean": 0.103960394859, "max": 0.103960394859, "dmean2": 0, "median": 0.103960394859, "dvar": 0}, "bpm_histogram_second_peak_spread": {"dvar2": 0, "var": 0, "min": 0.382352948189, "dmean": 0, "mean": 0.382352948189, "max": 0.382352948189, "dmean2": 0, "median": 0.382352948189, "dvar": 0}, "bpm_histogram_second_peak_bpm": {"dvar2": 0, "var": 0, "min": 123, "dmean": 0, "mean": 123, "max": 123, "dmean2": 0, "median": 123, "dvar": 0}, "onset_rate": 3.2963848114}, "lowlevel": {"spectral_energyband_high": {"dvar2": 1.56021849307e-06, "var": 1.41988152791e-06, "min": 7.48853313231e-21, "dmean": 0.000173691354576, "mean": 0.000361607555533, "max": 0.0362291559577, "dmean2": 0.000247971067438, "median": 9.23261250136e-05, "dvar": 7.05497654963e-07}, "spectral_energyband_middle_low": {"dvar2": 5.54088110221e-05, "var": 0.000120525313832, "min": 2.53775467737e-22, "dmean": 0.00297681475058, "mean": 0.00895712990314, "max": 0.100049495697, "dmean2": 0.00423853984103, "median": 0.00460478756577, "dvar": 2.6063853511e-05}, "spectral_energy": {"dvar2": 6.65146435495e-05, "var": 0.000198792346055, "min": 1.04929823641e-20, "dmean": 0.00346608529799, "mean": 0.0124749680981, "max": 0.119161829352, "dmean2": 0.00482066161931, "median": 0.00714236171916, "dvar": 3.37311357725e-05}, "spectral_spread": {"dvar2": 2080774160380.0, "var": 5979531378690.0, "min": 1798428.875, "dmean": 442502.65625, "mean": 4275877.5, "max": 51428816, "dmean2": 655976.625, "median": 3818554, "dvar": 1251762241540.0}, "spectral_energyband_low": {"dvar2": 9.43101213124e-07, "var": 1.50007861066e-06, "min": 3.08929700289e-23, "dmean": 0.000379423232516, "mean": 0.00110252352897, "max": 0.0102434754372, "dmean2": 0.00057447940344, "median": 0.000733699183911, "dvar": 3.78602948103e-07}, "spectral_rolloff": {"dvar2": 2206409.25, "var": 7641130, "min": 21.533203125, "dmean": 455.185668945, "mean": 1774.53869629, "max": 19767.4804688, "dmean2": 745.169006348, "median": 882.861328125, "dvar": 1248956.25}, "barkbands": {"dvar2": [1.19980969604e-09, 4.99789962305e-07, 2.67299157031e-07, 6.6086664674e-07, 1.21692964967e-05, 1.39833555295e-05, 1.66861755133e-05, 1.62565956998e-05, 6.72304577165e-06, 7.27123392608e-07, 3.5646115748e-07, 5.68935774936e-07, 1.82501452173e-07, 1.52548835786e-07, 1.30311875068e-07, 2.43689726176e-07, 3.20968155165e-07, 4.43990842314e-07, 3.04534665929e-07, 6.12405699485e-08, 4.12210283685e-08, 5.17622780194e-08, 1.1590370832e-06, 3.33080372172e-08, 1.57546642399e-09, 4.02784437747e-11, 3.65960088553e-18], "var": [5.60393564886e-10, 6.78623052863e-07, 3.96122288748e-07, 8.59818669596e-07, 2.71319895546e-05, 1.71392021002e-05, 1.40439042298e-05, 1.29325198941e-05, 7.53270524001e-06, 7.30437534457e-07, 2.2245203013e-07, 3.50435783503e-07, 1.91983204445e-07, 1.99052294647e-07, 1.52980106805e-07, 2.70518114576e-07, 4.53436683756e-07, 9.21324158298e-07, 4.10933864714e-07, 4.25704982376e-08, 4.40046079575e-08, 5.03541528474e-08, 5.07144534367e-07, 4.82642583677e-08, 2.07222972115e-09, 3.45549595882e-11, 9.22336678487e-19], "min": [1.64997012948e-24, 4.39138355553e-24, 2.2070553191e-24, 3.03701844129e-24, 1.72140935334e-23, 1.46679424099e-23, 2.31739155842e-23, 1.25951725161e-23, 1.51880620705e-23, 2.75051122081e-23, 2.08674109374e-23, 2.23577427368e-23, 5.5011865247e-23, 1.38909112628e-23, 6.83631278086e-23, 9.04826487514e-23, 6.92159811104e-23, 1.22144231204e-22, 1.8009259015e-22, 2.00258992466e-22, 2.8148589204e-22, 3.31862044576e-22, 4.36258659839e-22, 6.77490355659e-22, 8.87620938922e-22, 1.43044821946e-21, 2.08624240112e-21], "dmean": [4.41622432845e-06, 0.000181888244697, 0.000168695565662, 0.000241900692345, 0.00114880187903, 0.000899658654816, 0.00111371045932, 0.000829101132695, 0.000533427577466, 0.000171009378391, 0.000107357765955, 0.000110543864139, 8.31713041407e-05, 7.81953494879e-05, 8.28328484204e-05, 0.000111341047159, 0.000140916774399, 0.000171707375557, 0.000152118358528, 4.90307575092e-05, 3.67197826563e-05, 4.81621209474e-05, 6.91398890922e-05, 2.94185083476e-05, 8.28417796583e-06, 1.50733444571e-06, 5.19701726098e-10], "mean": [4.56604311694e-06, 0.000506876211148, 0.000413153553382, 0.000455242814496, 0.00259106163867, 0.00178424862679, 0.00189060054254, 0.00119408068713, 0.000996166607365, 0.000289180432446, 0.000162565062055, 0.000159771196195, 0.000133216773975, 0.000135545153171, 0.00015003203589, 0.000221839043661, 0.00028131189174, 0.000387345498893, 0.0003041276359, 8.58698840602e-05, 7.07632207195e-05, 8.62427259563e-05, 0.000104426537291, 5.00479218317e-05, 1.4295696019e-05, 2.39844052885e-06, 4.61438803834e-10], "max": [0.000395523820771, 0.00763907236978, 0.00549936946481, 0.0106159802526, 0.0545366257429, 0.0960996448994, 0.0426108911633, 0.060910962522, 0.0409982204437, 0.0280650891364, 0.00882014445961, 0.018445065245, 0.00817829277366, 0.0123565336689, 0.00526981381699, 0.00802426785231, 0.00935110356659, 0.0120960325003, 0.00759688671678, 0.00577269634232, 0.00507275247946, 0.00430021388456, 0.0327162593603, 0.00316645787098, 0.000808029959444, 7.92593564256e-05, 1.32531559061e-08], "dmean2": [6.87168267177e-06, 0.000278227904346, 0.000253892765613, 0.000365932879504, 0.00159618549515, 0.00134606577922, 0.00167443684768, 0.00123891793191, 0.000780190166552, 0.000243484406383, 0.00016740054707, 0.000169982988155, 0.000126075596199, 0.000113934409455, 0.000128541505546, 0.000172906977241, 0.0002085025626, 0.000239484041231, 0.000224382412853, 7.57719099056e-05, 5.68435280002e-05, 7.16098656994e-05, 0.000103099911939, 4.08504674851e-05, 1.15645598271e-05, 2.23642859964e-06, 9.60509893844e-10], "median": [1.35669409929e-07, 0.000171513122041, 0.000129671476316, 6.9177855039e-05, 0.000519389170222, 0.000350928807165, 0.000421430624556, 0.000177956186235, 0.000142016360769, 6.98097937857e-05, 3.35743861797e-05, 2.20711008296e-05, 1.86103570741e-05, 2.34178132814e-05, 3.1821684388e-05, 3.78585500584e-05, 4.47162565251e-05, 4.10299981013e-05, 4.09671301895e-05, 2.61631939793e-05, 1.74685319507e-05, 1.95746379177e-05, 9.78876960289e-06, 5.41521239938e-06, 2.7515243346e-06, 5.19735976923e-07, 1.25158522435e-10], "dvar": [5.47598799638e-10, 1.88698095371e-07, 1.08738980487e-07, 2.91169925504e-07, 6.47792376185e-06, 6.91572904543e-06, 7.00241616869e-06, 7.53834410716e-06, 2.79101277556e-06, 3.58924268085e-07, 1.43324712099e-07, 2.56539806287e-07, 8.54736015299e-08, 7.73564607925e-08, 6.28487413223e-08, 1.02644577282e-07, 1.55588963935e-07, 2.39699772919e-07, 1.44661854051e-07, 2.69794160346e-08, 1.53652539581e-08, 2.41971935822e-08, 4.54200147715e-07, 1.89528996941e-08, 8.50853887346e-10, 1.84441958234e-11, 1.14973503953e-18]}, "melbands_skewness": {"dvar2": 1.00888478756, "var": 2.03379607201, "min": -1.1468193531, "dmean": 0.547821521759, "mean": 2.52860593796, "max": 15.0882396698, "dmean2": 0.815571427345, "median": 2.32272529602, "dvar": 0.474199980497}, "barkbands_skewness": {"dvar2": 0.804201185703, "var": 1.66334748268, "min": -4.25352668762, "dmean": 0.468069255352, "mean": 1.65899956226, "max": 14.3282546997, "dmean2": 0.691863834858, "median": 1.5633893013, "dvar": 0.404842704535}, "erbbands": {"dvar2": [0.000555288337637, 0.0266559217125, 0.220148205757, 1.95931184292, 36.1630249023, 346.397674561, 582.82824707, 1647.61987305, 3363.91992188, 4107.05078125, 8444.46777344, 4675.71533203, 508.590332031, 569.187866211, 669.565185547, 838.049743652, 358.640319824, 426.259368896, 272.028076172, 333.25604248, 543.609191895, 760.618530273, 973.016113281, 1238.50549316, 164.91835022, 203.288650513, 71.9774246216, 42.427116394, 57.4098091125, 208.595291138, 2191.56054688, 41.8544616699, 6.38153505325, 0.461172670126, 0.0366968251765, 0.00206880969927, 7.51537663746e-05, 3.2121363347e-07, 2.55101523239e-10, 1.16433168662e-10], "var": [0.000518314423971, 0.0387982055545, 0.424742907286, 2.55637192726, 82.3852081299, 614.324829102, 724.639221191, 1651.26586914, 2557.26196289, 2823.98413086, 6822.72167969, 4368.14306641, 638.177001953, 507.6222229, 474.858856201, 463.843566895, 361.302429199, 563.959838867, 280.13180542, 513.691040039, 932.598693848, 1344.64477539, 1942.30322266, 2983.16870117, 212.949569702, 136.710800171, 65.4696426392, 51.1879806519, 53.6658287048, 181.274108887, 673.33380127, 47.244304657, 9.02700614929, 0.661760807037, 0.0469273664057, 0.00237232469954, 5.64126057725e-05, 2.05868332159e-07, 3.81860376653e-10, 3.21711046691e-10], "min": [1.47375246749e-22, 1.54024321816e-21, 3.92039424042e-21, 1.00665909531e-20, 3.7699774237e-20, 6.23614888848e-20, 9.20719230196e-20, 1.75041149913e-19, 3.15467634624e-19, 5.0711398297e-19, 3.61601410241e-19, 3.25311859395e-19, 6.05252345204e-19, 9.12834751393e-19, 9.99028315389e-19, 1.49156463593e-18, 2.447437181e-18, 1.24288932838e-18, 3.86087460808e-18, 4.04455668054e-18, 6.48178273047e-18, 4.03590437133e-18, 7.12021189418e-18, 7.82079747706e-18, 8.76404807317e-18, 1.07262156119e-17, 1.18055580983e-17, 8.40185959734e-18, 1.17004209609e-17, 1.4215887957e-17, 1.20428737345e-17, 1.11303280827e-17, 1.16845605998e-17, 9.33639832723e-18, 6.34684475715e-18, 4.90186486536e-18, 2.8117304179e-18, 1.17815251928e-18, 2.93010611572e-19, 2.85438315901e-20], "dmean": [0.00427755527198, 0.045747667551, 0.163268119097, 0.461532562971, 1.94675552845, 5.30006504059, 5.19510269165, 8.34953117371, 15.2791776657, 14.5802326202, 19.3817462921, 12.3316011429, 4.84824132919, 5.38840436935, 4.34119319916, 4.24475812912, 3.53848052025, 3.87802362442, 3.64996051788, 4.50639867783, 5.68087911606, 6.90937232971, 7.07859706879, 10.7577419281, 3.38633203506, 2.55095458031, 1.45567667484, 1.39509403706, 1.64901864529, 1.86885809898, 2.2088534832, 0.865753829479, 0.396889209747, 0.125424742699, 0.0465351380408, 0.0117488587275, 0.00187067082152, 0.000108989457658, 4.49106255473e-06, 4.37332118963e-06], "mean": [0.0102834301069, 0.132304206491, 0.452196866274, 1.04490125179, 4.6391415596, 10.4816141129, 9.77374839783, 16.5579776764, 26.50390625, 24.4190406799, 28.6486263275, 23.4273872375, 9.7033033371, 9.3053817749, 7.36454868317, 6.48819446564, 6.23971652985, 6.96233415604, 6.76268625259, 9.84076976776, 13.4846448898, 15.6150016785, 17.1618423462, 26.6874408722, 7.21629238129, 4.53886890411, 2.68097424507, 2.76760458946, 2.97418141365, 3.16018843651, 3.08079814911, 1.45514428616, 0.662111639977, 0.216469883919, 0.0803801715374, 0.0196235515177, 0.00303479842842, 0.00017190395738, 1.26299128169e-05, 1.58086331794e-05], "max": [0.307229340076, 1.71668720245, 6.8667140007, 16.6197776794, 84.8907012939, 283.724243164, 741.629577637, 1193.64794922, 691.322998047, 1105.73596191, 1600.00366211, 1117.38537598, 617.33416748, 400.483520508, 564.541442871, 469.740264893, 443.340087891, 744.163818359, 289.730682373, 332.071899414, 526.036193848, 491.685760498, 715.702697754, 579.786499023, 242.450210571, 351.331695557, 172.015441895, 166.707092285, 152.801025391, 403.232147217, 1433.75671387, 176.850708008, 49.9556159973, 13.9267625809, 3.94690108299, 0.719138860703, 0.11431940645, 0.00792052503675, 0.000329443544615, 0.000170560146216], "dmean2": [0.00652098376304, 0.0699112787843, 0.244422540069, 0.696204423904, 2.79392933846, 7.34167051315, 7.51015424728, 12.6833162308, 23.4865245819, 21.8111381531, 28.6231842041, 18.2243404388, 6.85601854324, 7.75954532623, 6.55282735825, 6.48582744598, 5.33417987823, 5.64984893799, 5.33061504364, 6.79365062714, 8.40840816498, 9.87139797211, 9.49538993835, 14.8709020615, 4.96601676941, 3.92629981041, 2.27472567558, 2.12630414963, 2.47405576706, 2.75426697731, 3.38682341576, 1.21676397324, 0.547906756401, 0.176429331303, 0.0665489509702, 0.0172648131847, 0.0027717014309, 0.00016213953495, 6.09088283454e-06, 6.06470484854e-06], "median": [0.00233188853599, 0.0520965792239, 0.206213966012, 0.421953737736, 0.826916158199, 1.58714330196, 2.23466587067, 3.86435770988, 6.46731615067, 6.10516262054, 4.96850252151, 3.93465042114, 2.41544771194, 2.72426486015, 1.81664836407, 1.06616377831, 1.00534915924, 1.35999906063, 1.60964977741, 1.96534073353, 2.35763883591, 2.48825335503, 2.22275233269, 2.92179489136, 1.93490207195, 1.44826865196, 0.706464886665, 0.736218929291, 0.705792427063, 0.492650002241, 0.248907104135, 0.126416146755, 0.0772927924991, 0.0364456810057, 0.0155782615766, 0.0041269925423, 0.000712319859304, 4.01456090913e-05, 6.10943061474e-06, 8.89802686288e-06], "dvar": [0.000213012724998, 0.00985913723707, 0.0946816429496, 0.821610689163, 18.4106693268, 179.734359741, 317.78918457, 741.404907227, 1327.91101074, 1721.3260498, 3980.31762695, 1832.05419922, 244.884063721, 275.538146973, 288.656219482, 348.882049561, 158.571212769, 216.391174316, 127.502967834, 154.991119385, 246.91003418, 391.225341797, 528.358764648, 694.626647949, 79.4209060669, 91.0608673096, 28.7862911224, 16.3461380005, 26.0124702454, 95.2313461304, 803.263183594, 21.4763393402, 3.68930602074, 0.261584103107, 0.0193968433887, 0.00103757926263, 3.38201352861e-05, 1.40689095929e-07, 1.29494165391e-10, 5.77351187692e-11]}, "silence_rate_30dB": {"dvar2": 0.00126480311155, "var": 0.000210795216844, "min": 0, "dmean": 0.000421762961196, "mean": 0.999789178371, "max": 1, "dmean2": 0.000843703863211, "median": 1, "dvar": 0.000421574892243}, "melbands_spread": {"dvar2": 317.014953613, "var": 713.411804199, "min": 0.503107190132, "dmean": 6.44080924988, "mean": 23.6092338562, "max": 224.804290771, "dmean2": 9.61525535583, "median": 16.6547660828, "dvar": 178.312408447}, "melbands_crest": {"dvar2": 20.1422977448, "var": 32.2138557434, "min": 1.61254239082, "dmean": 2.96585512161, "mean": 14.5280723572, "max": 39.4247322083, "dmean2": 4.62881040573, "median": 13.5261449814, "dvar": 8.79070281982}, "zerocrossingrate": {"dvar2": 0.000757018104196, "var": 0.00504004349932, "min": 0.00146484375, "dmean": 0.0101221054792, "mean": 0.0622586905956, "max": 0.525390625, "dmean2": 0.0118794161826, "median": 0.046875, "dvar": 0.000534635502845}, "barkbands_kurtosis": {"dvar2": 114.5418396, "var": 90.1588058472, "min": -1.87886357307, "dmean": 2.8745868206, "mean": 5.17397212982, "max": 249.293106079, "dmean2": 4.45841836929, "median": 2.86849451065, "dvar": 45.0532493591}, "spectral_flux": {"dvar2": 0.00105452223215, "var": 0.00171197089367, "min": 6.50021148019e-11, "dmean": 0.0165462549776, "mean": 0.0499013364315, "max": 0.240080356598, "dmean2": 0.027065679431, "median": 0.0396700799465, "dvar": 0.000390390923712}, "barkbands_crest": {"dvar2": 12.8535737991, "var": 21.2604465485, "min": 1.93841075897, "dmean": 2.44827532768, "mean": 11.3095159531, "max": 26.5963172913, "dmean2": 3.79756832123, "median": 10.3252296448, "dvar": 5.51014375687}, "barkbands_flatness_db": {"dvar2": 0.000779061345384, "var": 0.00263381958939, "min": 0.013081186451, "dmean": 0.0183799527586, "mean": 0.182210922241, "max": 0.464565932751, "dmean2": 0.027762344107, "median": 0.179372802377, "dvar": 0.000365021784091}, "spectral_entropy": {"dvar2": 0.0671102851629, "var": 0.305512845516, "min": 5.06248283386, "dmean": 0.167104110122, "mean": 7.17585039139, "max": 9.82663631439, "dmean2": 0.247276395559, "median": 7.16548681259, "dvar": 0.0341778025031}, "pitch_salience": {"dvar2": 0.0078533841297, "var": 0.0166898723692, "min": 0.0250196866691, "dmean": 0.0602234043181, "mean": 0.54955548048, "max": 0.90437990427, "dmean2": 0.093052521348, "median": 0.553413808346, "dvar": 0.00347758689895}, "erbbands_spread": {"dvar2": 171.791351318, "var": 238.052764893, "min": 3.66480374336, "dmean": 6.94111061096, "mean": 37.7261543274, "max": 117.065238953, "dmean2": 10.6059379578, "median": 35.8151435852, "dvar": 71.5206298828}, "dynamic_complexity": 5.63847255707, "spectral_contrast_valleys": {"dvar2": [0.365722388029, 0.323180943727, 0.275662124157, 0.246198549867, 0.234355539083, 0.240343436599], "var": [4.15185594559, 4.05979585648, 3.54129981995, 3.38905310631, 3.59762978554, 3.25186038017], "min": [-27.9404029846, -27.9422340393, -27.8528842926, -27.5234737396, -27.3903331757, -27.3495063782], "dmean": [0.366234362125, 0.347520500422, 0.320647090673, 0.295466601849, 0.275151759386, 0.288997173309], "mean": [-8.83485984802, -7.64825153351, -8.66522026062, -9.20668125153, -8.98785686493, -11.5104160309], "max": [-6.34781503677, -4.70406150818, -5.96251916885, -6.29128026962, -6.21701002121, -7.73212337494], "dmean2": [0.588907301426, 0.554693341255, 0.50661355257, 0.460483729839, 0.403190791607, 0.397552400827], "median": [-8.39385700226, -7.24581336975, -8.34922122955, -8.90714168549, -8.62617206573, -11.1688508987], "dvar": [0.185542672873, 0.168567731977, 0.14576292038, 0.135748788714, 0.143276005983, 0.157693445683]}, "hfc": {"dvar2": 117.991218567, "var": 230.727340698, "min": 1.11851706537e-16, "dmean": 3.21824526787, "mean": 10.6803874969, "max": 266.694915771, "dmean2": 4.32162475586, "median": 4.7065486908, "dvar": 56.9854888916}, "spectral_kurtosis": {"dvar2": 10.1498756409, "var": 11.232252121, "min": -1.26287102699, "dmean": 1.80479598045, "mean": 4.72952032089, "max": 38.7320022583, "dmean2": 3.09002804756, "median": 4.13593053818, "dvar": 3.56266188622}, "mfcc": {"mean": [-730.363830566, 117.671730042, -0.278839230537, 27.3044719696, -7.64329242706, -10.8844614029, -16.6204872131, 2.23874163628, -5.3247385025, -1.17748332024, 1.50394117832, -4.16248655319, -1.10733056068], "cov": [[13222.8818359, 808.958374023, -586.473571777, 573.860656738, -49.1648826599, -621.326477051, -695.468566895, 176.763198853, -583.085632324, -302.389465332, 89.758430481, -36.9278373718, -34.8634262085], [808.958374023, 1633.32312012, 71.1817169189, 221.374267578, 150.378540039, -19.286397934, 80.2860946655, 86.1949081421, 18.3807640076, -87.7620391846, 49.6703681946, -17.0568218231, 25.8195323944], [-586.473571777, 71.1817169189, 739.53326416, 159.637634277, 178.464813232, 157.437408447, 164.372360229, 44.7748832703, 56.0432815552, 48.9689941406, -70.2819824219, 7.80364608765, 65.1888275146], [573.860656738, 221.374267578, 159.637634277, 391.594512939, 156.887893677, 49.0694732666, -20.4956550598, 14.6344451904, 15.3765897751, -32.3277244568, -54.2921485901, -36.5307197571, 28.301115036], [-49.1648826599, 150.378540039, 178.464813232, 156.887893677, 446.342315674, 41.0166511536, -17.2960338593, 1.54517781734, -35.0983467102, -12.7416725159, -42.7103805542, -34.754119873, 23.815284729], [-621.326477051, -19.286397934, 157.437408447, 49.0694732666, 41.0166511536, 276.279693604, 101.634933472, -21.9029560089, 142.135025024, 101.821517944, -28.0273647308, 26.0568161011, 20.6451931], [-695.468566895, 80.2860946655, 164.372360229, -20.4956550598, -17.2960338593, 101.634933472, 261.463928223, 72.7761459351, 98.3160018921, 59.7619667053, 31.2505130768, 59.161857605, 31.2284641266], [176.763198853, 86.1949081421, 44.7748832703, 14.6344451904, 1.54517781734, -21.9029560089, 72.7761459351, 238.262908936, 24.694858551, 2.11479401588, 43.9891853333, 26.2422981262, 31.9658889771], [-583.085632324, 18.3807640076, 56.0432815552, 15.3765897751, -35.0983467102, 142.135025024, 98.3160018921, 24.694858551, 259.523803711, 115.595596313, -22.2056274414, 28.5157527924, 3.62184166908], [-302.389465332, -87.7620391846, 48.9689941406, -32.3277244568, -12.7416725159, 101.821517944, 59.7619667053, 2.11479401588, 115.595596313, 247.512863159, 8.33142375946, 31.0479793549, 8.66806125641], [89.758430481, 49.6703681946, -70.2819824219, -54.2921485901, -42.7103805542, -28.0273647308, 31.2505130768, 43.9891853333, -22.2056274414, 8.33142375946, 179.382873535, 44.5226364136, 7.00462388992], [-36.9278373718, -17.0568218231, 7.80364608765, -36.5307197571, -34.754119873, 26.0568161011, 59.161857605, 26.2422981262, 28.5157527924, 31.0479793549, 44.5226364136, 131.241500854, 30.3122272491], [-34.8634262085, 25.8195323944, 65.1888275146, 28.301115036, 23.815284729, 20.6451931, 31.2284641266, 31.9658889771, 3.62184166908, 8.66806125641, 7.00462388992, 30.3122272491, 120.939254761]], "icov": [[0.000117777315609, -5.21841720911e-05, 3.99179734814e-05, -0.000222265822231, 9.32570183068e-05, 9.0901106887e-05, 0.000272823410342, -0.000146150152432, 0.00019978437922, -8.37759798742e-05, -5.44194426766e-06, -0.000158264228958, 4.98932713526e-05], [-5.21841720911e-05, 0.000755899643991, 5.41951158084e-05, -0.000306156754959, -0.000230362275033, 0.00015192128194, -0.000474366301205, -6.77964692386e-07, -0.000287863338599, 0.000312355958158, -0.000306082365569, 0.00022038348834, -4.3168598495e-05], [3.99179734814e-05, 5.41951158084e-05, 0.00214330502786, -0.00063618668355, -0.000493349973112, -0.000616401433945, -0.00126579788048, -0.00022132936283, 0.000578518374823, -0.000194196312805, 0.000748182879761, 0.0001000833945, -0.000490576319862], [-0.000222265822231, -0.000306156754959, -0.00063618668355, 0.00407564267516, -0.000917065539397, -0.000735178182367, 0.000455750763649, -6.34364550933e-05, -0.000824957853183, 0.000718269846402, 0.000480233604321, 0.000777726585511, -0.000653883907944], [9.32570183068e-05, -0.000230362275033, -0.000493349973112, -0.000917065539397, 0.00302588846534, -0.000431046064477, 0.000640979968011, -0.000232173901168, 0.000928529072553, -0.00027528416831, 0.000219041976379, 0.000238517735852, -0.000150370251504], [9.0901106887e-05, 0.00015192128194, -0.000616401433945, -0.000735178182367, -0.000431046064477, 0.006674581673, -0.00115930242464, 0.00135074590798, -0.00248211924918, -0.00108169787563, 0.000134979200084, -0.000479230046039, -0.000349965353962], [0.000272823410342, -0.000474366301205, -0.00126579788048, 0.000455750763649, 0.000640979968011, -0.00115930242464, 0.00737108848989, -0.00171890098136, -0.000830943114124, -0.000129708743771, -0.000894010998309, -0.00182958575897, -7.72345010773e-05], [-0.000146150152432, -6.77964692386e-07, -0.00022132936283, -6.34364550933e-05, -0.000232173901168, 0.00135074590798, -0.00171890098136, 0.00543439155445, -0.00110137171578, 0.000232119040447, -0.00103865994606, 8.76629346749e-05, -0.00103070563637], [0.00019978437922, -0.000287863338599, 0.000578518374823, -0.000824957853183, 0.000928529072553, -0.00248211924918, -0.000830943114124, -0.00110137171578, 0.00730425352231, -0.00220827898011, 0.00133174611256, -0.000603806343861, 0.000760538736358], [-8.37759798742e-05, 0.000312355958158, -0.000194196312805, 0.000718269846402, -0.00027528416831, -0.00108169787563, -0.000129708743771, 0.000232119040447, -0.00220827898011, 0.00572959333658, -0.00064721313538, -0.000229126613704, -0.000192849460291], [-5.44194426766e-06, -0.000306082365569, 0.000748182879761, 0.000480233604321, 0.000219041976379, 0.000134979200084, -0.000894010998309, -0.00103865994606, 0.00133174611256, -0.00064721313538, 0.00725360866636, -0.00191988376901, 5.49018623133e-05], [-0.000158264228958, 0.00022038348834, 0.0001000833945, 0.000777726585511, 0.000238517735852, -0.000479230046039, -0.00182958575897, 8.76629346749e-05, -0.000603806343861, -0.000229126613704, -0.00191988376901, 0.0101334704086, -0.00223867199384], [4.98932713526e-05, -4.3168598495e-05, -0.000490576319862, -0.000653883907944, -0.000150370251504, -0.000349965353962, -7.72345010773e-05, -0.00103070563637, 0.000760538736358, -0.000192849460291, 5.49018623133e-05, -0.00223867199384, 0.00964035186917]]}, "silence_rate_20dB": {"dvar2": 0, "var": 0, "min": 1, "dmean": 0, "mean": 1, "max": 1, "dmean2": 0, "median": 1, "dvar": 0}, "melbands_kurtosis": {"dvar2": 241.075805664, "var": 254.434585571, "min": -1.84693717957, "dmean": 5.2451710701, "mean": 12.6928520203, "max": 247.303421021, "dmean2": 8.01206302643, "median": 8.22529888153, "dvar": 102.430274963}, "barkbands_spread": {"dvar2": 112.952987671, "var": 190.763961792, "min": 0.490584313869, "dmean": 4.65172529221, "mean": 18.9729118347, "max": 109.609909058, "dmean2": 7.06230163574, "median": 15.7860221863, "dvar": 54.4027252197}, "erbbands_skewness": {"dvar2": 0.325794458389, "var": 0.84420132637, "min": -5.41716480255, "dmean": 0.381605833769, "mean": 0.651741981506, "max": 5.14035272598, "dmean2": 0.559359252453, "median": 0.686322212219, "dvar": 0.164503112435}, "average_loudness": 0.481812089682, "spectral_centroid": {"dvar2": 258165.46875, "var": 799654.625, "min": 216.301315308, "dmean": 236.708480835, "mean": 1330.78540039, "max": 11299.1845703, "dmean2": 346.907592773, "median": 1173.03686523, "dvar": 143603.015625}, "dissonance": {"dvar2": 0.00117545505054, "var": 0.00119926163461, "min": 0.216962859035, "dmean": 0.0221944972873, "mean": 0.444621115923, "max": 0.5, "dmean2": 0.0368110202253, "median": 0.449970930815, "dvar": 0.000448031700216}, "erbbands_flatness_db": {"dvar2": 0.000515765568707, "var": 0.00172030343674, "min": 0.0244648773223, "dmean": 0.0151201775298, "mean": 0.191407188773, "max": 0.402722865343, "dmean2": 0.0223229900002, "median": 0.192031294107, "dvar": 0.000248297787039}, "spectral_strongpeak": {"dvar2": 1.30894875526, "var": 0.793763816357, "min": 0, "dmean": 0.366574734449, "mean": 0.859554946423, "max": 26.6884155273, "dmean2": 0.580037534237, "median": 0.672067284584, "dvar": 0.523908853531}, "spectral_rms": {"dvar2": 5.19444540714e-07, "var": 3.37057213073e-06, "min": 3.19954002528e-12, "dmean": 0.00043428214849, "mean": 0.00296649895608, "max": 0.0107821812853, "dmean2": 0.000589256291278, "median": 0.00263972673565, "dvar": 2.97999179111e-07}, "silence_rate_60dB": {"dvar2": 0.123190134764, "var": 0.209238514304, "min": 0, "dmean": 0.0607338659465, "mean": 0.298123538494, "max": 1, "dmean2": 0.12149335444, "median": 0, "dvar": 0.0570472404361}, "melbands": {"dvar2": [3.93498353901e-08, 4.24763193507e-08, 8.9997968189e-08, 7.31219415684e-07, 5.03365242821e-07, 6.55416727113e-07, 7.57915188387e-07, 5.09630353918e-07, 4.84764029807e-07, 1.58388417049e-07, 1.42603555631e-08, 1.11765565691e-08, 6.90452539587e-09, 9.35869515217e-09, 3.0338980217e-09, 1.61359325901e-09, 1.80640058467e-09, 9.00546304194e-10, 9.49368472725e-10, 7.45956685311e-10, 1.0824400265e-09, 9.07176056497e-10, 1.14474207891e-09, 1.11221976073e-09, 1.04945574453e-09, 2.54225251961e-10, 6.0082959441e-11, 1.05765424196e-10, 4.02473089578e-11, 5.76320449697e-11, 1.12270548761e-11, 1.54455788437e-11, 3.56777454802e-11, 1.13988353478e-10, 7.84883935623e-10, 1.79336601125e-10, 8.61840113164e-12, 4.40542697808e-12, 1.43808175004e-12, 2.14814385897e-13], "var": [4.85359024083e-08, 7.61471170563e-08, 1.70744414163e-07, 1.6093827071e-06, 7.78065384566e-07, 7.19759157164e-07, 6.04820002081e-07, 3.58490950703e-07, 4.46712675739e-07, 1.46296486037e-07, 1.70740790395e-08, 1.0342920298e-08, 4.95686736102e-09, 5.76536862695e-09, 2.85922441279e-09, 1.48820566981e-09, 2.22400475813e-09, 7.76900155319e-10, 1.13572773408e-09, 9.972380699e-10, 1.54628276849e-09, 1.57829838088e-09, 1.47199996636e-09, 2.38399699981e-09, 2.31720664878e-09, 3.30347499355e-10, 4.31142656299e-11, 6.98484742268e-11, 2.67478244415e-11, 4.36379092583e-11, 1.23353428166e-11, 1.28368522409e-11, 3.37294393804e-11, 7.8123771341e-11, 2.51420106956e-10, 7.5974594671e-11, 1.0302995436e-11, 5.62895953807e-12, 1.54428694225e-12, 2.78276452445e-13], "min": [1.57351343473e-24, 1.93262914841e-24, 2.37086721645e-24, 3.41185378623e-24, 2.64513877041e-24, 4.09993100549e-24, 4.96528420281e-24, 4.63477238834e-24, 3.65074492858e-24, 2.02516529361e-24, 2.88767878889e-24, 3.18387298462e-24, 3.25378716285e-24, 2.43451488087e-24, 4.83596899563e-24, 4.72337014547e-24, 1.45379324135e-24, 4.13427169841e-24, 5.25663735638e-24, 5.2017290875e-24, 7.09271071885e-24, 4.00118139737e-24, 4.21906517382e-24, 5.65662730622e-24, 5.6275439768e-24, 6.83480211222e-24, 5.30880985564e-24, 5.41739932026e-24, 7.26697324826e-24, 6.63345325477e-24, 3.25061160327e-24, 6.12024756554e-24, 7.13415668195e-24, 6.3297047298e-24, 5.87604068397e-24, 7.08351812273e-24, 6.27550170257e-24, 7.96479644958e-24, 7.53012383561e-24, 7.58986190538e-24], "dmean": [4.44931320089e-05, 7.60895491112e-05, 0.000104612117866, 0.000264309666818, 0.000186173492693, 0.000181247611181, 0.000233781815041, 0.00016110096476, 0.000156728652655, 7.17739021638e-05, 2.43849608523e-05, 2.3460974262e-05, 1.47763785208e-05, 1.36852786454e-05, 9.44726980379e-06, 7.79549372965e-06, 7.57387579142e-06, 6.13293968854e-06, 6.46107355351e-06, 6.103506621e-06, 7.76809156378e-06, 7.86858254287e-06, 6.26907103651e-06, 8.37596780912e-06, 9.674597095e-06, 3.89483329855e-06, 1.73169746631e-06, 1.6883598164e-06, 1.01243983863e-06, 9.5548682566e-07, 8.34062291233e-07, 8.81258017671e-07, 1.16502292258e-06, 1.07418156858e-06, 1.40740428378e-06, 8.71783129242e-07, 4.65124685434e-07, 3.14719244443e-07, 1.82253586445e-07, 9.18220095514e-08], "mean": [0.000119973366964, 0.000218784509343, 0.000251717021456, 0.000596943777055, 0.000364102656022, 0.000363161321729, 0.000407435611123, 0.000260381464614, 0.000237482017837, 0.0001329742081, 4.55226909253e-05, 3.9057500544e-05, 2.42763835558e-05, 1.98031648324e-05, 1.50377991304e-05, 1.27078146761e-05, 1.28667525132e-05, 1.01534124042e-05, 1.1976298083e-05, 1.34475203595e-05, 1.66033623827e-05, 1.68011611095e-05, 1.25587966977e-05, 2.00543927349e-05, 2.3071652322e-05, 7.44218687032e-06, 2.95044333143e-06, 2.79632558886e-06, 1.63358242844e-06, 1.67675545981e-06, 1.51435619955e-06, 1.50957316691e-06, 1.94621975425e-06, 1.68891983776e-06, 1.86526744983e-06, 1.32167906486e-06, 7.32937337489e-07, 5.03287310494e-07, 2.82348651126e-07, 1.49291182083e-07], "max": [0.00235223770142, 0.00317423581146, 0.00385706359521, 0.0131763834506, 0.0203688200563, 0.0234676320106, 0.0100249303505, 0.0140356970951, 0.0124850971624, 0.00677364971489, 0.00350561877713, 0.00225926586427, 0.00132447876967, 0.00228515197523, 0.000932031602133, 0.000718280265573, 0.00149160716683, 0.000669467670377, 0.000515330291819, 0.000598272134084, 0.000667516433168, 0.000530806137249, 0.000829949858598, 0.00055962940678, 0.000509675417561, 0.000327423127601, 0.000163267133757, 0.000270129443379, 0.00011303624342, 0.000186328281416, 6.85658014845e-05, 7.67870078562e-05, 0.000106513529317, 0.00031671198667, 0.000840815482661, 0.000429603940574, 4.6700326493e-05, 4.54430992249e-05, 2.15160780499e-05, 9.34656327445e-06], "dmean2": [6.78988653817e-05, 0.00011414058099, 0.000155664252816, 0.00037643223186, 0.000262996327365, 0.000274331425317, 0.000355697615305, 0.000240173583734, 0.000227656550123, 0.000105639584945, 3.47454915754e-05, 3.36759658239e-05, 2.28341232287e-05, 2.11867536564e-05, 1.43271536217e-05, 1.17882182167e-05, 1.12901980174e-05, 9.16464978218e-06, 9.9401722764e-06, 9.15564032766e-06, 1.17519666674e-05, 1.15049097076e-05, 8.71308930073e-06, 1.14869862955e-05, 1.3410097381e-05, 5.81649646847e-06, 2.673930112e-06, 2.6251698273e-06, 1.58767863923e-06, 1.51588517383e-06, 1.27183056975e-06, 1.34196773161e-06, 1.75167338057e-06, 1.59751982665e-06, 2.19606658902e-06, 1.27128612348e-06, 6.57250325276e-07, 4.40785242972e-07, 2.68210357035e-07, 1.31699778194e-07], "median": [3.47515888279e-05, 0.000126574566821, 9.52812188189e-05, 9.17549259611e-05, 8.52513403515e-05, 8.16019528429e-05, 9.94127403828e-05, 5.93670301896e-05, 3.5600776755e-05, 1.94153144548e-05, 9.76328465185e-06, 1.01195992102e-05, 5.51050470676e-06, 3.04551576846e-06, 1.945767508e-06, 2.06573372452e-06, 2.19624143938e-06, 2.00674821826e-06, 2.35364473156e-06, 2.45758747042e-06, 2.19746470975e-06, 2.4014148039e-06, 1.56414853336e-06, 2.00700992536e-06, 2.17029196392e-06, 1.33083005949e-06, 8.07379024081e-07, 7.25191625861e-07, 3.41243946878e-07, 3.41895940892e-07, 4.07307226169e-07, 3.68671692286e-07, 3.204316954e-07, 2.21161371883e-07, 1.34091393988e-07, 8.16510592472e-08, 6.38582449142e-08, 5.24130712165e-08, 3.46637918369e-08, 2.48034410788e-08], "dvar": [1.49860550636e-08, 1.75249770251e-08, 4.04779463281e-08, 3.72686429273e-07, 2.85202048644e-07, 3.02606053992e-07, 3.0609788837e-07, 2.18750557224e-07, 2.37897367583e-07, 6.2704401671e-08, 6.89891654915e-09, 5.5090167983e-09, 2.90966806205e-09, 4.27461444019e-09, 1.43605793923e-09, 7.3335221229e-10, 9.13794651058e-10, 4.08301698007e-10, 4.53312914983e-10, 3.31569688372e-10, 4.75239347875e-10, 4.63787647176e-10, 5.60483659484e-10, 5.79918224553e-10, 5.72856151404e-10, 1.22854962314e-10, 2.5783812585e-11, 4.76955419604e-11, 1.72900756212e-11, 1.9391344433e-11, 4.60887144421e-12, 6.78134805254e-12, 1.65639481298e-11, 4.7812309667e-11, 2.88698176476e-10, 7.02335758995e-11, 4.48374800829e-12, 2.46787074283e-12, 7.24643760795e-13, 1.16361903294e-13]}, "spectral_skewness": {"dvar2": 0.118505515158, "var": 0.282785445452, "min": -0.0343645662069, "dmean": 0.236310750246, "mean": 1.53896975517, "max": 4.86223077774, "dmean2": 0.382178962231, "median": 1.51344561577, "dvar": 0.050746537745}, "melbands_flatness_db": {"dvar2": 0.00104184774682, "var": 0.00486795185134, "min": 0.0017445681151, "dmean": 0.0210654698312, "mean": 0.212794542313, "max": 0.580151259899, "dmean2": 0.0305662695318, "median": 0.209159627557, "dvar": 0.000561083317734}, "spectral_decrease": {"dvar2": 4.10154942475e-18, "var": 1.18975926948e-17, "min": -2.90990236351e-08, "dmean": 8.60532922697e-10, "mean": -3.04863134737e-09, "max": 5.69675617251e-19, "dmean2": 1.19447240987e-09, "median": -1.74509307005e-09, "dvar": 2.06292847711e-18}, "erbbands_crest": {"dvar2": 16.2737445831, "var": 24.1292934418, "min": 1.84267127514, "dmean": 2.75198721886, "mean": 11.3188285828, "max": 31.9990310669, "dmean2": 4.30415201187, "median": 10.2839107513, "dvar": 7.0546298027}, "gfcc": {"mean": [-107.011390686, 99.2981948853, -129.118453979, 36.001991272, -76.147064209, -2.46364116669, -43.8570175171, 10.1494913101, -17.0139598846, -2.3602309227, -12.8837661743, -1.67314898968, -9.20455741882], "cov": [[29152.7128906, 2219.47485352, -2510.97436523, 834.487670898, -1715.40942383, -871.943908691, -1374.42370605, 233.970397949, -320.662902832, -487.713256836, -82.8902740479, 17.4297370911, -567.104187012], [2219.47485352, 1661.41882324, 119.14440155, 57.2504692078, 190.657867432, -105.583633423, 63.2357673645, -30.4238681793, 1.37758898735, -110.615058899, 41.643447876, -30.7426261902, 51.8881797791], [-2510.97436523, 119.14440155, 1074.43640137, 239.285217285, 323.461151123, 220.845581055, 33.2130279541, -6.77047586441, -32.9547576904, 17.4901180267, 11.9391832352, -14.2517747879, 55.7613754272], [834.487670898, 57.2504692078, 239.285217285, 430.476501465, 57.4816932678, 30.008813858, -65.5515518188, -26.5484256744, 14.1753444672, -15.3997898102, -4.71901464462, -1.5419049263, 40.7302398682], [-1715.