{"tonal": {"thpcp": [1, 0.613007605076, 0.190993398428, 0.15257704258, 0.149066627026, 0.175350666046, 0.235200583935, 0.250115126371, 0.214067056775, 0.188302099705, 0.191494330764, 0.209952995181, 0.231451317668, 0.240420356393, 0.240600600839, 0.301845490932, 0.364431709051, 0.290735930204, 0.192926153541, 0.195908024907, 0.273907065392, 0.359369933605, 0.304104149342, 0.193383216858, 0.167957097292, 0.178950816393, 0.193100556731, 0.223721846938, 0.235410645604, 0.222488090396, 0.251944363117, 0.290799915791, 0.276958018541, 0.225030139089, 0.190066814423, 0.59172052145], "hpcp": {"dmean2": [0.212151065469, 0.208444729447, 0.208987787366, 0.223938345909, 0.235511988401, 0.222440943122, 0.176374033093, 0.172468021512, 0.202988535166, 0.226031348109, 0.20727711916, 0.172326177359, 0.151535972953, 0.157116517425, 0.155683547258, 0.178001597524, 0.187961578369, 0.194324985147, 0.202371776104, 0.19751535356, 0.197205722332, 0.183975175023, 0.165760219097, 0.286139339209, 0.427326321602, 0.279995262623, 0.161639794707, 0.143603995442, 0.142198398709, 0.155232563615, 0.204452037811, 0.214844062924, 0.191344127059, 0.17648383975, 0.177714198828, 0.196470424533], "median": [0.0193575769663, 0.0189028568566, 0.0180692560971, 0.0222841463983, 0.0267147906125, 0.0250333286822, 0.0189617872238, 0.0167890042067, 0.0263498574495, 0.0324016585946, 0.0268366523087, 0.0177889764309, 0.016933793202, 0.0197594948113, 0.0196880698204, 0.0244880076498, 0.027588609606, 0.0233407840133, 0.0179266557097, 0.0222311541438, 0.0281174313277, 0.0240338183939, 0.02039129287, 0.173304662108, 0.239006400108, 0.177245646715, 0.020511623472, 0.0144481062889, 0.0135336909443, 0.015198752284, 0.0215193070471, 0.0254774373025, 0.0226993225515, 0.0183910429478, 0.0143124526367, 0.0147266741842], "min": [0, 0, 0, 0, 0, 0, 0, 0, 0, 0, 0, 0, 0, 0, 0, 0, 0, 0, 0, 0, 0, 0, 0, 0, 0, 0, 0, 0, 0, 0, 0, 0, 0, 0, 0, 0], "dvar2": [0.124887160957, 0.118584811687, 0.123832471669, 0.127591714263, 0.131626948714, 0.114935792983, 0.0822055414319, 0.0852109640837, 0.0938580855727, 0.111083991826, 0.0993214175105, 0.0855338573456, 0.0724046602845, 0.0780855938792, 0.0764946490526, 0.0877152383327, 0.0881403684616, 0.101441062987, 0.111285075545, 0.0992343053222, 0.0890534520149, 0.0900337174535, 0.0795816704631, 0.102923564613, 0.251845777035, 0.101014502347, 0.0779552459717, 0.0707071572542, 0.0741868317127, 0.0794399529696, 0.12069132179, 0.117763273418, 0.100834921002, 0.0942305028439, 0.100483424962, 0.119995683432], "dvar": [0.0454651229084, 0.0444727055728, 0.0447396859527, 0.0466642268002, 0.0503485165536, 0.043227288872, 0.0298097264022, 0.0322580039501, 0.0353845544159, 0.0430026352406, 0.038139693439, 0.0318638235331, 0.0268843844533, 0.0287538412958, 0.0283820983022, 0.0330210290849, 0.0339073240757, 0.0379199832678, 0.0416987501085, 0.0394409187138, 0.0354270040989, 0.033865544945, 0.0290969442576, 0.0406754203141, 0.105828501284, 0.0401366762817, 0.0289407335222, 0.0261593908072, 0.0261944327503, 0.0293533094227, 0.0436027087271, 0.0429741926491, 0.0372339598835, 0.0343007110059, 0.0373387075961, 0.0446257889271], "dmean": [0.117937937379, 0.116702213883, 0.117270983756, 0.126479655504, 0.135341197252, 0.127511143684, 0.0996183156967, 0.0979776605964, 0.116179473698, 0.129999250174, 0.120419733226, 0.0976227894425, 0.0858335644007, 0.0890291109681, 0.0884886533022, 0.101964965463, 0.108246810734, 0.111363232136, 0.117051005363, 0.114373780787, 0.115411281586, 0.105329886079, 0.0945015177131, 0.160833880305, 0.235926449299, 0.157353401184, 0.0919086039066, 0.0806996822357, 0.0794147476554, 0.087474361062, 0.113945260644, 0.120506234467, 0.106802977622, 0.0984478443861, 0.0981265455484, 0.108154922724], "max": [1, 1, 1, 1, 1, 1, 1, 1, 1, 1, 1, 1, 1, 1, 1, 1, 1, 1, 1, 1, 1, 1, 1, 1, 1, 1, 1, 1, 1, 1, 1, 1, 1, 1, 1, 1], "var": [0.0420168302953, 0.0462346039712, 0.0451297871768, 0.0602540820837, 0.0804609209299, 0.0545744635165, 0.0280708428472, 0.0328037776053, 0.0461013913155, 0.0735702961683, 0.0581694766879, 0.0314192548394, 0.0251007564366, 0.027549367398, 0.0321808792651, 0.0364287383854, 0.036928422749, 0.0359149314463, 0.0476624257863, 0.0600983090699, 0.0471358038485, 0.0360589139163, 0.0278308261186, 0.0619993694127, 0.188195109367, 0.0677186399698, 0.0300575569272, 0.0242198947817, 0.0232712384313, 0.0289271790534, 0.0435042902827, 0.0439291261137, 0.035363201052, 0.0296396613121, 0.0360118001699, 0.0421574860811], "mean": [0.103610031307, 0.107625059783, 0.107705742121, 0.13512223959, 0.16313919425, 0.130149006844, 0.0863641053438, 0.0876989513636, 0.122615501285, 0.160873278975, 0.136133342981, 0.0865687057376, 0.0751866102219, 0.0801079943776, 0.0864421725273, 0.100149907172, 0.105382442474, 0.0995976105332, 0.112783826888, 0.130177646875, 0.123981282115, 0.10073556751, 0.0850841104984, 0.264885872602, 0.44765368104, 0.274415105581, 0.0854988992214, 0.0683016777039, 0.0667302235961, 0.0784963741899, 0.105288408697, 0.111964955926, 0.0958279073238, 0.0842941254377, 0.0857231393456, 0.0939862281084]}, "tuning_equal_tempered_deviation": 0.190074473619, "chords_changes_rate": 0.0876078084111, "key_key": "A#", "tuning_diatonic_strength": 0.546247422695, "key_scale": "major", "chords_number_rate": 0.00295052211732, "tuning_frequency": 434.193115234, "tuning_nontempered_energy_ratio": 0.77567332983, "chords_histogram": [27.3717651367, 6.03722190857, 12.9142074585, 1.38447570801, 4.92510223389, 0.408533811569, 0.862460255623, 0.431230127811, 0.72628235817, 0.34044483304, 1.70222425461, 0.408533811569, 0.0907852947712, 0.590104401112, 0.930549263954, 0.226963236928, 0, 6.12800741196, 1.52065360546, 13.7539720535, 1.74761688709, 8.3976392746, 7.30821609497, 1.79300951958], "key_strength": 0.68826174736, "chords_key": "A#", "chords_strength": {"dmean2": 0.0140069425106, "median": 0.512373447418, "min": -1, "dvar2": 0.000971139059402, "dvar": 0.000565549358726, "dmean": 0.0132650444284, "max": 0.81769400835, "var": 0.022747643292, "mean": 0.509097754955}, "chords_scale": "major", "hpcp_entropy": {"dmean2": 1.1476982832, "median": 1.98961424828, "min": 0, "dvar2": 0.818622648716, "dvar": 0.290078669786, "dmean": 0.674751639366, "max": 4.33663129807, "var": 0.580422341824, "mean": 1.96862232685}}, "metadata": {"audio_properties": {"equal_loudness": 0, "codec": "mp3", "downmix": "mix", "sample_rate": 44100, "analysis_sample_rate": 44100, "bit_rate": 192000, "md5_encoded": "345ab6bb2222b32ddc2f4aa245e5228e", "length": 204.538772583, "replay_gain": -4.39713096619, "lossless": false}, "version": {"essentia_build_sha": "ca57ba49d9b1854bd80e60cf9ccf267278fb7d6b", "essentia": "2.1-beta1", "extractor": "music 1.0", "essentia_git_sha": "v2.1_beta1-28-g21ef5f4-dirty"}, "tags": {"title": ["My Sweet Lord"], "artist": ["Keith Lynn"], "albumartist": ["Various Artists"], "date": ["2001"], "genre": ["Reggae"], "musicbrainz album type": ["album"], "musicip_puid": ["5984ebfc-c888-7454-e162-bd018de4db21"], "musicbrainz_recordingid": ["03c66823-9ee5-47ab-b494-78cdba7c3f81"], "musicbrainz_albumartistid": ["89ad4ac3-39f7-470e-963a-56509c546377"], "musicbrainz album status": ["official"], "asin": ["B00005K22I"], "musicbrainz_albumid": ["3c1891dd-d265-4e04-99cb-ad4facff244c"], "tracknumber": ["2/16"], "album": ["Mellow Dubmarine: A Reggae Tribute to the Beatles"], "label": ["Recall Records UK"], "albumartistsort": ["Various Artists"], "discnumber": ["1/2"], "musicbrainz_artistid": ["0d92243b-a3a0-47ed-a037-d2bff8d027dd"], "file_name": "02. Keith Lynn - My Sweet Lord.mp3"}}, "rhythm": {"bpm_histogram_first_peak_bpm": {"dmean2": 0, "median": 99, "min": 99, "dvar2": 0, "dvar": 0, "dmean": 0, "max": 99, "var": 0, "mean": 99}, "bpm": 99.5895233154, "bpm_histogram_second_peak_spread": {"dmean2": 0, "median": 0, "min": 0, "dvar2": 0, "dvar": 0, "dmean": 0, "max": 0, "var": 0, "mean": 0}, "bpm_histogram_first_peak_weight": {"dmean2": 0, "median": 0.72997033596, "min": 0.72997033596, "dvar2": 0, "dvar": 0, "dmean": 0, "max": 0.72997033596, "var": 0, "mean": 0.72997033596}, "onset_rate": 3.76424694061, "beats_position": [0.615328788757, 1.25387752056, 1.89242625237, 2.50775504112, 3.11147379875, 3.72680258751, 4.34213161469, 4.94585037231, 5.54956912994, 6.15328788757, 6.7570066452, 7.37233543396, 7.98766422272, 8.59138298035, 9.19510173798, 9.82204055786, 10.4257593155, 11.0294780731, 11.6331968307, 12.2253055573, 12.8174142838, 13.4211339951, 14.0248527527, 14.6285715103, 15.2439002991, 15.8592290878, 16.4629478455, 17.0782756805, 17.693605423, 18.2857131958, 18.877822876, 19.4815406799, 20.0736503601, 20.6657600403, 21.2926979065, 21.8964176178, 22.5001354218, 23.1038551331, 23.707572937, 24.3112926483, 24.9150104523, 25.5303401947, 26.1456680298, 26.7493877411, 27.353105545, 27.9568252563, 28.5605430603, 29.1526527405, 29.7563705444, 30.3600902557, 30.9521980286, 31.5559177399, 32.1596374512, 32.7749671936, 33.3902931213, 34.0056228638, 34.5977325439, 35.2014503479, 35.8167800903, 36.4088897705, 37.000995636, 37.6047172546, 38.2084350586, 38.823764801, 39.427482605, 40.0312004089, 40.6349182129, 41.2386398315, 41.8423576355, 42.4576873779, 43.0730133057, 43.6767349243, 44.2804527283, 44.8957824707, 45.5111083984, 46.1148300171, 46.718547821, 47.322265625, 47.9259872437, 48.5297050476, 49.1566429138, 49.7603607178, 50.3640823364, 50.9678001404, 51.5715179443, 52.1752357483, 52.7789573669, 53.3826751709, 53.9747848511, 54.5668907166, 55.1706123352, 55.7743301392, 56.3780479431, 56.9817695618, 57.5854873657, 58.1892051697, 58.7929229736, 59.3966445923, 60.0003623962, 60.6040802002, 61.2077980042, 61.8115196228, 62.4152374268, 63.0189552307, 63.6226730347, 64.2263946533, 64.8301086426, 65.4338302612, 66.0375518799, 66.6412658691, 67.2565994263, 67.871925354, 68.4756469727, 69.0793609619, 69.6830825806, 70.2868041992, 70.902130127, 71.5174560547, 72.1211776733, 72.7132873535, 73.3053970337, 73.9091110229, 74.5128326416, 75.1165542603, 75.7202682495, 76.3239898682, 76.9393157959, 77.554649353, 78.1583633423, 78.7620849609, 79.3541946411, 79.9579086304, 80.5500183105, 81.1537399292, 81.7574615479, 82.3611755371, 82.9648971558, 83.5686187744, 84.1723327637, 84.7760543823, 85.3797683716, 85.9834899902, 86.5872116089, 87.1793212891, 87.7714233398, 88.3751449585, 88.9904708862, 89.6058044434, 90.2095184326, 90.8132400513, 91.4053497314, 91.9974594116, 92.6011810303, 93.2048950195, 93.8086166382, 94.4123306274, 95.0160522461, 95.6197738647, 96.2118835449, 96.8155975342, 97.4193191528, 98.011428833, 98.6151428223, 99.2188644409, 99.8225860596, 100.437911987, 101.041633606, 101.645347595, 102.237457275, 102.841178894, 103.456504822, 104.071838379, 104.66394043, 105.267662048, 105.871383667, 106.475097656, 107.067207336, 107.670928955, 108.274642944, 108.889976501, 109.505302429, 110.109024048, 110.712738037, 111.316459656, 111.920181274, 112.523895264, 113.127616882, 113.731338501, 114.33505249, 114.938774109, 115.542495728, 116.146209717, 116.749931335, 117.353645325, 117.968978882, 118.58430481, 119.199638367, 119.803352356, 120.407073975, 121.010787964, 121.626121521, 122.22983551, 122.833557129, 123.437278748, 124.040992737, 124.644714355, 125.248435974, 125.840545654, 126.432647705, 127.036369324, 127.640090942, 128.243804932, 128.847518921, 129.451248169, 130.04335022, 130.647079468, 131.250793457, 131.854507446, 132.458221436, 133.061950684, 133.677276611, 134.280990601, 134.884719849, 135.476821899, 136.068939209, 136.672653198, 137.276367188, 137.880081177, 138.472198486, 139.064300537, 139.656417847, 140.260131836, 140.852249146, 141.444351196, 142.036453247, 142.628570557, 143.232284546, 143.824401855, 144.428115845, 145.020217896, 145.612335205, 146.216049194, 146.819763184, 147.423492432, 148.027206421, 148.63092041, 149.234649658, 149.826751709, 150.418869019, 151.022583008, 151.626296997, 152.230026245, 152.833740234, 153.425842285, 154.017959595, 154.621673584, 155.225387573, 155.829116821, 156.432830811, 157.0365448, 157.640274048, 158.243988037, 158.836090088, 159.428207397, 160.020309448, 160.612426758, 161.216140747, 161.819854736, 162.423583984, 163.027297974, 163.631011963, 164.223129272, 164.815231323, 165.407348633, 165.999450684, 166.603164673, 167.206893921, 167.798995972, 168.391113281, 168.994827271, 169.586929321, 170.179046631, 170.771148682, 171.37487793, 171.96697998, 172.57069397, 173.174423218, 173.766525269, 174.358642578, 174.962356567, 175.566070557, 176.169799805, 176.773513794, 177.377227783, 177.980941772, 178.573059082, 179.165161133, 179.757278442, 180.360992432, 180.964706421, 181.55682373, 182.148925781, 182.752655029, 183.34475708, 183.948471069, 184.540588379, 185.13269043, 185.736419678, 186.340133667, 186.943847656, 187.547576904, 188.139678955, 188.731781006, 189.323898315, 189.916000366, 190.508117676, 191.111831665, 191.703948975, 192.296051025, 192.888153076, 193.491882324, 194.095596313, 194.699310303, 195.303039551, 195.895141602, 196.498855591, 197.0909729, 197.671463013, 198.263580322, 198.855682373, 199.459411621, 200.06312561, 200.678451538, 201.293777466, 201.920715332, 202.547653198, 203.186203003, 203.824752808], "beats_loudness": {"dmean2": 0.0954518169165, "median": 0.053776782006, "min": 0, "dvar2": 0.00887950789183, "dvar": 0.0035177571699, "dmean": 0.0555527731776, "max": 0.307344824076, "var": 0.00404913024977, "mean": 0.0757377445698}, "danceability": 1.23566281796, "bpm_histogram_second_peak_weight": {"dmean2": 0, "median": 0.0118694361299, "min": 0.0118694361299, "dvar2": 0, "dvar": 0, "dmean": 0, "max": 0.0118694361299, "var": 0, "mean": 0.0118694361299}, "beats_count": 338, "bpm_histogram_second_peak_bpm": {"dmean2": 0, "median": 94, "min": 94, "dvar2": 0, "dvar": 0, "dmean": 0, "max": 94, "var": 0, "mean": 94}, "bpm_histogram_first_peak_spread": {"dmean2": 0, "median": 0.261261284351, "min": 0.261261284351, "dvar2": 0, "dvar": 0, "dmean": 0, "max": 0.261261284351, "var": 0, "mean": 0.261261284351}, "beats_loudness_band_ratio": {"dmean2": [0.486475676298, 0.241709545255, 0.2794957757, 0.245415508747, 0.0263553112745, 0.0104876812547], "median": [0.497853040695, 0.0953119695187, 0.100300945342, 0.138895064592, 0.0141038829461, 0.00603140518069], "min": [0, 0, 0, 0, 0, 0], "dvar2": [0.131773978472, 0.0411630943418, 0.0666180998087, 0.0433418676257, 0.000632789451629, 0.000115981834824], "dvar": [0.053876247257, 0.0172743760049, 0.0246010795236, 0.0163606945425, 0.00024043819576, 4.49940744147e-05], "dmean": [0.291676610708, 0.138985067606, 0.154345288873, 0.144740208983, 0.0151557708159, 0.00627175578848], "max": [0.995028793812, 0.774551212788, 0.895888149738, 0.685677170753, 0.116077877581, 0.0457296967506], "var": [0.0963526815176, 0.0252820253372, 0.0265475362539, 0.0237570907921, 0.000261531677097, 5.21389156347e-05], "mean": [0.499598652124, 0.155633151531, 0.157410040498, 0.177678883076, 0.018352586776, 0.00788824260235]}}, "lowlevel": {"barkbands_spread": {"dmean2": 5.2197227478, "median": 7.45928049088, "min": 0.140127196908, "dvar2": 42.469871521, "dvar": 19.0517730713, "dmean": 3.41390728951, "max": 99.0443725586, "var": 60.6654663086, "mean": 9.3359746933}, "melbands_spread": {"dmean2": 6.43230772018, "median": 8.29172706604, "min": 0.0458176247776, "dvar2": 66.5580368042, "dvar": 31.5604496002, "dmean": 4.22859573364, "max": 161.414535522, "var": 234.719238281, "mean": 11.6892528534}, "hfc": {"dmean2": 9.69792556763, "median": 12.0029087067, "min": 1.07665173403e-16, "dvar2": 187.409317017, "dvar": 83.7274475098, "dmean": 6.61163377762, "max": 130.705673218, "var": 214.166763306, "mean": 16.2469902039}, "barkbands_kurtosis": {"dmean2": 16.8246860504, "median": 5.31532478333, "min": -1.73804736137, "dvar2": 1500.57202148, "dvar": 646.871765137, "dmean": 10.7624664307, "max": 774.437805176, "var": 1523.41357422, "mean": 16.741973877}, "gfcc": {"mean": [-75.2281417847, 137.51109314, -90.1795578003, -8.80038070679, -29.2881088257, -9.38056182861, -7.2644405365, -6.20524120331, -2.8230509758, 2.39271235466, -4.69139194489, -0.785409033298, -0.0256212148815], "icov": [[0.000265747803496, -0.000810303259641, 0.00168620422482, -0.00165248999838, 0.00106613151729, -0.000624490727205, 0.000403593614465, -0.000769414240494, 0.000748571008444, -0.000754122273065, 0.000324843684211, -0.000590833951719, 0.000221840207814], [-0.000810303259641, 0.00391800282523, -0.00563947670162, 0.00558688724414, -0.00312735303305, 0.0015841483837, -0.00134799978696, 0.00343403127044, -0.00409472035244, 0.00412793830037, -0.00320139271207, 0.00414642086253, -0.00193735770881], [0.00168620422482, -0.00563947670162, 0.0153302811086, -0.0163571666926, 0.0119298854843, -0.00845816731453, 0.00469018053263, -0.00442738831043, 0.000469102698844, 0.0024600380566, -0.0066837426275, 0.00374064128846, -0.00230036256835], [-0.00165248999838, 0.00558688724414, -0.0163571666926, 0.0240895766765, -0.0207992698997, 0.0141533967108, -0.00551219843328, -0.00116802065168, 0.00909416563809, -0.0151979299262, 0.020234612748, -0.0152211422101, 0.00934213213623], [0.00106613151729, -0.00312735303305, 0.0119298854843, -0.0207992698997, 0.0246632043272, -0.0163251552731, 0.00262698088773, 0.00698685599491, -0.0162937343121, 0.0225912742317, -0.0264628250152, 0.0208314713091, -0.0126715935767], [-0.000624490727205, 0.0015841483837, -0.00845816731453, 0.0141533967108, -0.0163251552731, 0.0154772074893, -0.00322976452298, -0.00832764431834, 0.0151210725307, -0.0170359387994, 0.0170799996704, -0.0159417465329, 0.0100379353389], [0.000403593614465, -0.00134799978696, 0.00469018053263, -0.00551219843328, 0.00262698088773, -0.00322976452298, 0.00679100910202, -7.7915014117e-05, -0.00338797597215, 0.00401371810585, -0.00400660233572, 0.00168354401831, -0.000432992295828], [-0.000769414240494, 0.00343403127044, -0.00442738831043, -0.00116802065168, 0.00698685599491, -0.00832764431834, -7.7915014117e-05, 0.0176644027233, -0.0177834462374, 0.0129400230944, -0.0100515251979, 0.011617119424, -0.0082364436239], [0.000748571008444, -0.00409472035244, 0.000469102698844, 0.00909416563809, -0.0162937343121, 0.0151210725307, -0.00338797597215, -0.0177834462374, 0.0352584011853, -0.0356864184141, 0.0300704427063, -0.026708515361, 0.0160173866898], [-0.000754122273065, 0.00412793830037, 0.0024600380566, -0.0151979299262, 0.0225912742317, -0.0170359387994, 0.00401371810585, 0.0129400230944, -0.0356864184141, 0.0571665167809, -0.055549044162, 0.0446590818465, -0.0224417168647], [0.000324843684211, -0.00320139271207, -0.0066837426275, 0.020234612748, -0.0264628250152, 0.0170799996704, -0.00400660233572, -0.0100515251979, 0.0300704427063, -0.055549044162, 0.0766826048493, -0.0577534735203, 0.0230841506273], [-0.000590833951719, 0.00414642086253, 0.00374064128846, -0.0152211422101, 0.0208314713091, -0.0159417465329, 0.00168354401831, 0.011617119424, -0.026708515361, 0.0446590818465, -0.0577534735203, 0.0568997189403, -0.0232616979629], [0.000221840207814, -0.00193735770881, -0.00230036256835, 0.00934213213623, -0.0126715935767, 0.0100379353389, -0.000432992295828, -0.0082364436239, 0.0160173866898, -0.0224417168647, 0.0230841506273, -0.0232616979629, 0.0219318997115]], "cov": [[19227.921875, 954.50201416, -1606.52294922, 93.8610229492, -345.140319824, -203.668884277, 96.5225219727, 7.3516459465, -29.0639057159, 207.076721191, -1.73554646969, 127.2967453, -50.2278671265], [954.50201416, 1151.29736328, -57.3990974426, -270.197692871, 56.9495811462, -90.0769958496, 14.2534408569, -88.1518554688, 95.8738555908, -5.60698652267, 27.3710613251, -66.1353683472, 67.7149276733], [-1606.52294922, -57.3990974426, 804.692993164, 328.095245361, 24.8911781311, 285.406005859, -114.057243347, 230.150421143, -8.17859077454, 73.2230300903, 19.291841507, 2.60974884033, -12.878698349], [93.8610229492, -270.197692871, 328.095245361, 563.79083252, 233.606063843, 90.7060623169, 100.63470459, 63.48853302, 0.314068377018, 22.787569046, 1.9073125124, 37.4089050293, -50.5146217346], [-345.140319824, 56.9495811462, 24.8911781311, 233.606063843, 403.58807373, 136.422683716, 165.740020752, -38.2831611633, 35.1802444458, -22.9935855865, 51.875793457, 36.0212249756, 5.64573526382], [-203.668884277, -90.0769958496, 285.406005859, 90.7060623169, 136.422683716, 466.554321289, 15.2035503387, 170.128311157, -40.4158172607, 42.7883377075, 56.4662780762, 55.0237350464, -12.8956079483], [96.5225219727, 14.2534408569, -114.057243347, 100.63470459, 165.740020752, 15.2035503387, 289.921813965, -27.8037509918, 50.5681762695, -21.0821723938, 22.5481510162, 29.4617233276, -21.4514904022], [7.3516459465, -88.1518554688, 230.150421143, 63.48853302, -38.2831611633, 170.128311157, -27.8037509918, 262.01348877, 87.6179580688, 85.2986068726, 10.4610748291, 3.36584925652, 2.95096182823], [-29.0639057159, 95.8738555908, -8.17859077454, 0.314068377018, 35.1802444458, -40.4158172607, 50.5681762695, 87.6179580688, 188.296829224, 94.0924911499, 25.6560592651, -8.2418384552, 3.5147497654], [207.076721191, -5.60698652267, 73.2230300903, 22.787569046, -22.9935855865, 42.7883377075, -21.0821723938, 85.2986068726, 94.0924911499, 149.416229248, 58.9653549194, 1.48150467873, 17.8119163513], [-1.73554646969, 27.3710613251, 19.291841507, 1.9073125124, 51.875793457, 56.4662780762, 22.5481510162, 10.4610748291, 25.6560592651, 58.9653549194, 100.415122986, 66.5675964355, 18.6604919434], [127.2967453, -66.1353683472, 2.60974884033, 37.4089050293, 36.0212249756, 55.0237350464, 29.4617233276, 3.36584925652, -8.2418384552, 1.48150467873, 66.5675964355, 107.421676636, 26.0885925293], [-50.2278671265, 67.7149276733, -12.878698349, -50.5146217346, 5.64573526382, -12.8956079483, -21.4514904022, 2.95096182823, 3.5147497654, 17.8119163513, 18.6604919434, 26.0885925293, 105.789207458]]}, "spectral_energyband_middle_low": {"dmean2": 0.0101649966091, "median": 0.00935641117394, "min": 1.69999373614e-22, "dvar2": 0.000233095794101, "dvar": 9.35327698244e-05, "dmean": 0.00652218703181, "max": 0.153961405158, "var": 0.000308054382913, "mean": 0.0151291452348}, "melbands_crest": {"dmean2": 7.27480745316, "median": 18.3185119629, "min": 1.45924437046, "dvar2": 44.8494949341, "dvar": 20.2158069611, "dmean": 4.57447195053, "max": 39.2362632751, "var": 79.2418670654, "mean": 19.8108768463}, "spectral_kurtosis": {"dmean2": 13.2523851395, "median": 15.4633646011, "min": -1.27848756313, "dvar2": 268.561584473, "dvar": 102.137329102, "dmean": 8.17750358582, "max": 149.667022705, "var": 174.430435181, "mean": 19.1847877502}, "spectral_rms": {"dmean2": 0.00210634781979, "median": 0.00568818021566, "min": 3.13339523599e-12, "dvar2": 6.62033971821e-06, "dvar": 3.50330969923e-06, "dmean": 0.00151516462211, "max": 0.021488789469, "var": 1.52233642439e-05, "mean": 0.00634801806882}, "zerocrossingrate": {"dmean2": 0.0158789530396, "median": 0.0419921875, "min": 0.00048828125, "dvar2": 0.000426953425631, "dvar": 0.000300876476103, "dmean": 0.0128239095211, "max": 0.52880859375, "var": 0.00345870293677, "mean": 0.0536522455513}, "silence_rate_60dB": {"dmean2": 0.0722070857882, "median": 0, "min": 0, "dvar2": 0.0792459324002, "dvar": 0.0347933806479, "dmean": 0.0360994450748, "max": 1, "var": 0.0845924764872, "mean": 0.0933030620217}, "erbbands_kurtosis": {"dmean2": 3.59565639496, "median": 1.3357489109, "min": -1.72648394108, "dvar2": 31.2250118256, "dvar": 12.1921033859, "dmean": 2.23198032379, "max": 113.427581787, "var": 23.916059494, "mean": 2.80439996719}, "erbbands": {"dmean2": [1.27669286728, 2.33166217804, 2.6498131752, 3.12639307976, 3.5153222084, 11.6285362244, 26.2496833801, 32.3429870605, 27.5830974579, 42.5708389282, 60.5360412598, 63.0722007751, 41.0155830383, 37.7457313538, 52.6032104492, 49.1822662354, 40.4039573669, 18.5258274078, 9.0211725235, 5.96270465851, 6.04632759094, 4.80231809616, 3.15709662437, 2.87685132027, 2.53968238831, 2.8877093792, 2.14956378937, 1.25550103188, 0.579629004002, 0.287252217531, 0.170883074403, 0.102338962257, 0.0669311285019, 0.044280782342, 0.0273347962648, 0.0154915377498, 0.00817138887942, 0.00533924298361, 0.00351532921195, 0.000504030263983], "median": [0.1107506603, 0.587708830833, 0.886820852757, 0.834738969803, 1.58693492413, 4.16665267944, 6.46705818176, 7.20396947861, 8.89166736603, 12.3541622162, 15.1099815369, 13.6520557404, 9.91924285889, 9.03036117554, 5.87635326385, 4.85632514954, 4.33776473999, 5.3466591835, 3.98644447327, 2.91467761993, 2.80546712875, 1.4190993309, 0.649226903915, 0.467589378357, 0.43995141983, 0.385871857405, 0.297040939331, 0.185156196356, 0.0886948108673, 0.0473871231079, 0.0305732339621, 0.0189285557717, 0.00932545121759, 0.00592902675271, 0.00360913737677, 0.00214269896969, 0.00156545382924, 0.00100764958188, 0.000723616743926, 0.00041744025657], "min": [8.27944797889e-23, 6.92082439627e-22, 1.35400418987e-21, 4.8631458786e-21, 9.92327221849e-21, 2.36802066899e-20, 3.65051897232e-20, 1.13712389561e-19, 1.64626648733e-19, 2.35901570942e-19, 2.79220735279e-19, 3.31647054761e-19, 3.00075483635e-19, 8.7621226035e-19, 5.56055674875e-19, 1.32697203085e-18, 1.93880010003e-18, 1.2074458799e-18, 2.34133555101e-18, 3.69124385268e-18, 4.48065581206e-18, 4.11241899158e-18, 6.20050079035e-18, 6.98830801934e-18, 7.64324894884e-18, 7.71218039083e-18, 9.86350097461e-18, 1.14340671493e-17, 1.11213233946e-17, 1.19597718614e-17, 1.09518713102e-17, 1.13556644893e-17, 9.809281767e-18, 7.03748886984e-18, 5.86770700477e-18, 4.39007663985e-18, 1.97804651138e-18, 9.04314687686e-19, 2.62528075421e-19, 2.76964755254e-20], "dvar2": [8.2760181427, 25.8182296753, 30.0392398834, 38.308380127, 33.5118026733, 572.379699707, 5210.37792969, 6698.73876953, 3347.41918945, 7347.17919922, 17944.4453125, 33201.9414062, 17487.6074219, 9580.36816406, 36978.9375, 16379.1083984, 13474.4667969, 3777.85888672, 463.737640381, 143.135894775, 297.113983154, 154.156097412, 71.2870864868, 89.7030715942, 104.883918762, 174.751937866, 42.3057098389, 15.3328151703, 2.08577108383, 0.346195727587, 0.0968466773629, 0.0362742394209, 0.016743099317, 0.00730556622148, 0.00281811016612, 0.000890534080099, 0.000227185519179, 0.000115957845992, 9.55286741373e-05, 9.25602705593e-07], "dvar": [3.55657052994, 10.5215091705, 12.7910413742, 17.251947403, 13.7424879074, 261.804534912, 1940.12121582, 2953.72851562, 1332.10656738, 2930.65966797, 6935.62207031, 12334.3164062, 6992.46972656, 3725.984375, 14208.4316406, 6606.59570312, 5494.12060547, 1403.53137207, 186.600997925, 60.0047607422, 127.369903564, 68.726600647, 29.4614906311, 37.1732826233, 44.8638153076, 93.5459136963, 26.0879402161, 8.80121707916, 1.0309278965, 0.168059587479, 0.0441345497966, 0.0155207784846, 0.00695862714201, 0.00305925449356, 0.00118101271801, 0.000371720729163, 9.76211522357e-05, 6.02066647843e-05, 6.14562814008e-05, 4.85703424147e-07], "dmean": [0.826042175293, 1.53864347935, 1.716350317, 2.02184176445, 2.18141531944, 7.62947320938, 16.8321285248, 20.7849349976, 17.2594604492, 25.95362854, 36.6647453308, 38.3950805664, 25.4101200104, 23.5838508606, 32.7777824402, 30.9651947021, 26.0041275024, 11.4614048004, 5.71559381485, 3.80433320999, 3.86849164963, 3.17930006981, 2.06474852562, 1.88436830044, 1.68476915359, 1.95621860027, 1.50041353703, 0.858558177948, 0.379922658205, 0.186479017138, 0.10834274441, 0.0631265640259, 0.0402017012239, 0.0266085956246, 0.016429444775, 0.00930709857494, 0.00505923479795, 0.00351613201201, 0.00251532299444, 0.000365103594959], "max": [19.6304950714, 42.0673103333, 79.2992248535, 85.0004882812, 82.7516098022, 464.394378662, 1194.94812012, 1420.66650391, 755.492248535, 1215.71643066, 1740.18371582, 2454.25439453, 2580.07177734, 2155.88110352, 3702.61425781, 1393.45996094, 1931.38781738, 1516.85791016, 480.063659668, 210.437515259, 580.870788574, 285.397735596, 192.411682129, 332.385681152, 413.136779785, 667.841430664, 336.468414307, 212.956344604, 37.7731513977, 16.0376148224, 6.31663656235, 3.06539440155, 1.77934753895, 1.20352041721, 0.749832689762, 0.415967583656, 0.246977478266, 0.293930083513, 0.412394940853, 0.0245945844799], "var": [5.91178750992, 15.8425617218, 22.9365901947, 37.4209785461, 25.2210559845, 904.50177002, 4479.16357422, 6901.81494141, 2548.19897461, 5328.64501953, 10054.1777344, 17685.3203125, 9997.03808594, 4690.76611328, 18874.6875, 7823.48242188, 5741.19433594, 1600.20678711, 273.658660889, 90.4047012329, 180.530670166, 171.236221313, 55.9959373474, 51.6012496948, 86.2369918823, 242.459594727, 75.9620056152, 20.9052639008, 1.79062402248, 0.248246267438, 0.0609138906002, 0.020246008411, 0.00867384113371, 0.00388199882582, 0.0015000666026, 0.000468680635095, 0.0001291413937, 0.000109829874418, 0.000197466637474, 1.36273899898e-06], "mean": [1.3595045805, 2.43039989471, 2.50616931915, 2.8902759552, 3.30983328819, 13.7066116333, 27.7494525909, 33.1671028137, 27.8650493622, 38.3245849609, 48.6318054199, 54.9954948425, 35.1750488281, 30.0334663391, 39.2033805847, 34.5613212585, 28.1072101593, 15.3765392303, 8.57751083374, 5.87073516846, 6.07138872147, 5.10755252838, 2.89117193222, 2.41091156006, 2.35230660439, 2.68202114105, 2.01255249977, 1.1234344244, 0.4637799263, 0.211138442159, 0.118711411953, 0.0661218389869, 0.039197538048, 0.0258386265486, 0.015963293612, 0.00908738002181, 0.00540507771075, 0.00434168800712, 0.00369104207493, 0.000763920834288]}, "spectral_strongpeak": {"dmean2": 0.787679433823, "median": 0.456253170967, "min": 0, "dvar2": 1.74004077911, "dvar": 0.676469564438, "dmean": 0.463880032301, "max": 17.4802722931, "var": 0.948986649513, "mean": 0.746269762516}, "spectral_energy": {"dmean2": 0.037873711437, "median": 0.0331642776728, "min": 1.00636198884e-20, "dvar2": 0.00414762087166, "dvar": 0.00185509561561, "dmean": 0.0255717597902, "max": 0.473312288523, "var": 0.0041557890363, "mean": 0.0569087341428}, "average_loudness": 0.86938983202, "spectral_rolloff": {"dmean2": 622.485778809, "median": 559.86328125, "min": 21.533203125, "dvar2": 9084233, "dvar": 3104211.5, "dmean": 349.897491455, "max": 22028.4667969, "var": 5506027.5, "mean": 881.475463867}, "spectral_centroid": {"dmean2": 217.910491943, "median": 600.172546387, "min": 58.7866477966, "dvar2": 91120.296875, "dvar": 51305.9179688, "dmean": 150.09236145, "max": 11662.8095703, "var": 1187377.75, "mean": 788.807983398}, "pitch_salience": {"dmean2": 0.149411454797, "median": 0.491382479668, "min": 0.0261860881001, "dvar2": 0.0171203166246, "dvar": 0.00748967658728, "dmean": 0.0952986106277, "max": 0.86747354269, "var": 0.0311551354825, "mean": 0.469557851553}, "spectral_energyband_middle_high": {"dmean2": 0.00377858104184, "median": 0.00135849462822, "min": 1.22406877709e-21, "dvar2": 6.49375651847e-05, "dvar": 2.71564422292e-05, "dmean": 0.00249577220529, "max": 0.0890843644738, "var": 4.17636802013e-05, "mean": 0.00370362773538}, "spectral_contrast_coeffs": {"dmean2": [0.0897575616837, 0.0875523984432, 0.0723236948252, 0.0555733442307, 0.0436374768615, 0.0729200616479], "median": [-0.704095244408, -0.750784158707, -0.782858848572, -0.809391796589, -0.844174563885, -0.816266238689], "min": [-0.979584395885, -0.979666292667, -0.979576170444, -0.974305689335, -0.968845486641, -0.965281486511], "dvar2": [0.00510400161147, 0.00486815953627, 0.00338739180006, 0.00201308261603, 0.00135957659222, 0.00520003493875], "dvar": [0.00204146839678, 0.00178160623182, 0.00129714154173, 0.000794660882093, 0.000537451647688, 0.00236497679725], "dmean": [0.0562342181802, 0.0530595034361, 0.0442943051457, 0.0347506143153, 0.0273071657866, 0.0458577424288], "max": [-0.284377992153, -0.378278881311, -0.429206907749, -0.584635019302, -0.685535132885, -0.425832927227], "var": [0.011541325599, 0.0074209664017, 0.00570371607319, 0.00307133793831, 0.00200378056616, 0.0058207847178], "mean": [-0.691494345665, -0.744194328785, -0.775208294392, -0.806867599487, -0.847808778286, -0.790715277195]}, "melbands_skewness": {"dmean2": 1.81789338589, "median": 1.9647064209, "min": -3.96474838257, "dvar2": 5.45111989975, "dvar": 2.5485637188, "dmean": 1.20230317116, "max": 43.9943962097, "var": 10.236702919, "mean": 2.82369875908}, "spectral_spread": {"dmean2": 1136377.875, "median": 2835679, "min": 752778.4375, "dvar2": 1362664751100.0, "dvar": 574729289728, "dmean": 701086.875, "max": 42504608, "var": 14647005544400.0, "mean": 3296998.25}, "dissonance": {"dmean2": 0.0635585933924, "median": 0.444743424654, "min": 0.182187929749, "dvar2": 0.00336721166968, "dvar": 0.00122741167434, "dmean": 0.0378833673894, "max": 0.500000178814, "var": 0.00255321571603, "mean": 0.432658672333}, "spectral_skewness": {"dmean2": 0.946484208107, "median": 2.93058633804, "min": -0.116092629731, "dvar2": 0.967967450619, "dvar": 0.396709889174, "dmean": 0.6127576828, "max": 9.53512859344, "var": 1.13034451008, "mean": 3.03176856041}, "spectral_flux": {"dmean2": 0.0673351734877, "median": 0.0909868478775, "min": 6.39265931857e-11, "dvar2": 0.00681930733845, "dvar": 0.00279881223105, "dmean": 0.0428678542376, "max": 0.585039794445, "var": 0.00572788529098, "mean": 0.107452660799}, "spectral_contrast_valleys": {"dmean2": [0.747086048126, 0.674307405949, 0.645628392696, 0.597693800926, 0.792555510998, 1.39052140713], "median": [-7.02536058426, -6.35925769806, -7.2095952034, -7.87028312683, -8.40104103088, -11.4447555542], "min": [-28.0510501862, -28.1215343475, -28.0359859467, -27.6820430756, -27.5562553406, -27.39361763], "dvar2": [0.390736252069, 0.342781543732, 0.324163079262, 0.34020909667, 0.549180090427, 1.4162671566], "dvar": [0.193946734071, 0.164627373219, 0.173964589834, 0.179658561945, 0.275714784861, 0.542841792107], "dmean": [0.488362133503, 0.430044323206, 0.434957832098, 0.414394885302, 0.542330503464, 0.847900629044], "max": [-4.87582397461, -4.23502159119, -5.04516506195, -5.7929816246, -5.34603452682, -8.69230937958], "var": [5.04349994659, 5.10549402237, 4.73877382278, 4.50655031204, 4.52715444565, 3.65912556648], "mean": [-7.31864738464, -6.69120168686, -7.47182178497, -8.17267227173, -8.63237380981, -11.6996803284]}, "erbbands_flatness_db": {"dmean2": 0.0573902539909, "median": 0.205119103193, "min": 0.0354996137321, "dvar2": 0.00236080982722, "dvar": 0.000950426678173, "dmean": 0.0368045456707, "max": 0.444127261639, "var": 0.00374492327683, "mean": 0.206848978996}, "spectral_energyband_high": {"dmean2": 0.000116220609925, "median": 2.63307410933e-05, "min": 6.72099676556e-21, "dvar2": 9.25923657746e-08, "dvar": 5.8622706689e-08, "dmean": 8.12900107121e-05, "max": 0.0138328382745, "var": 1.81912596986e-07, "mean": 0.000116041475849}, "spectral_entropy": {"dmean2": 0.480932414532, "median": 6.95209550858, "min": 4.90321779251, "dvar2": 0.197361722589, "dvar": 0.085171431303, "dmean": 0.317311435938, "max": 9.82707214355, "var": 0.35967361927, "mean": 6.95996952057}, "silence_rate_20dB": {"dmean2": 0.00045413261978, "median": 1, "min": 0, "dvar2": 0.00068084243685, "dvar": 0.000226951422519, "dmean": 0.000227040523896, "max": 1, "var": 0.000113485104521, "mean": 0.999886512756}, "melbands_flatness_db": {"dmean2": 0.0719509422779, "median": 0.328596234322, "min": 0.00286042341031, "dvar2": 0.0040267794393, "dvar": 0.00179412320722, "dmean": 0.0473172031343, "max": 0.820067048073, "var": 0.00875250063837, "mean": 0.333644330502}, "barkbands": {"dmean2": [0.0129639320076, 0.0207975115627, 0.00236808299087, 0.00102007517125, 0.00283688283525, 0.00395683711395, 0.00223850808106, 0.00262542511337, 0.0027133198455, 0.00104563497007, 0.00146571127698, 0.00117438693997, 0.000827599316835, 0.000298432161799, 0.000129176143673, 0.00012196834723, 9.02017927729e-05, 5.68374343857e-05, 5.22865302628e-05, 5.76447346248e-05, 4.17447408836e-05, 1.49451325342e-05, 6.39718382445e-06, 4.31416265201e-06, 3.89392607758e-06, 4.32300521425e-06, 2.39165965468e-05], "median": [0.000750041450374, 0.00312826642767, 0.000538403750397, 0.000209993115277, 0.00112855841871, 0.000865335343406, 0.000646875007078, 0.000573912635446, 0.000561211258173, 0.000260501401499, 0.000137751252623, 0.000106340303319, 8.2905688032e-05, 9.31518807192e-05, 5.41388326383e-05, 5.25322975591e-05, 2.53275375144e-05, 9.83141126198e-06, 8.86929956323e-06, 7.97674874775e-06, 5.96625386606e-06, 2.21515711019e-06, 1.11626354737e-06, 6.90770946221e-07, 5.11172288498e-07, 8.08948811937e-07, 1.1197054846e-05], "min": [3.55609917211e-25, 2.64629464885e-24, 1.34280435768e-24, 8.2698862353e-25, 9.52713231692e-24, 1.15648523318e-23, 8.69963458229e-24, 8.86914106929e-24, 1.29068309494e-23, 7.03783360998e-24, 1.07290684022e-23, 2.49787157394e-23, 3.33862627386e-23, 2.39063776679e-23, 3.61553727752e-23, 6.30615092089e-23, 5.72339475775e-23, 1.13781497815e-22, 1.15560284493e-22, 1.41410713621e-22, 2.45551346675e-22, 3.14471940398e-22, 4.00703222093e-22, 6.29246803383e-22, 8.04399521301e-22, 1.17814611671e-21, 1.9774453304e-21], "dvar2": [0.00079931440996, 0.00213265116327, 2.95372174151e-05, 4.70185023005e-06, 3.18425154546e-05, 0.000104221893707, 2.03421295737e-05, 3.30925213348e-05, 5.30512988917e-05, 9.63064212556e-06, 2.02878763957e-05, 9.91468368738e-06, 5.57229486731e-06, 1.18135471894e-06, 6.59858727659e-08, 9.89805499785e-08, 6.07005077313e-08, 2.39205970587e-08, 3.3572618463e-08, 5.01045143153e-08, 1.30014319311e-08, 1.32944577569e-09, 1.39281933209e-10, 6.6806088439e-11, 5.68729716099e-11, 6.26625210054e-11, 2.87004287003e-09], "dvar": [0.000378241151338, 0.000916337652598, 1.30074977278e-05, 2.24008681471e-06, 1.43608185681e-05, 4.09724889323e-05, 8.18065927888e-06, 1.24603657241e-05, 1.97454173758e-05, 3.88668922824e-06, 7.97537813924e-06, 3.95667620978e-06, 2.27053669732e-06, 4.37648765228e-07, 2.73800271344e-08, 3.98543669178e-08, 2.51384602024e-08, 9.74577840651e-09, 1.45279113184e-08, 3.02438962763e-08, 7.69163666092e-09, 6.43140651846e-10, 6.50883166808e-11, 2.79842555378e-11, 2.38263263286e-11, 2.67913816132e-11, 1.66130120771e-09], "dmean": [0.00840065814555, 0.0136018870398, 0.0015196132008, 0.000650658097584, 0.00184312451165, 0.00251534045674, 0.00138655048795, 0.00157504342496, 0.00165650027338, 0.000651115900837, 0.000903956883121, 0.000735343550332, 0.000528466596734, 0.00018154582358, 8.21547218948e-05, 7.58917376515e-05, 5.88297589275e-05, 3.70472334907e-05, 3.42859129887e-05, 4.03207704949e-05, 2.8766133255e-05, 9.7508309409e-06, 4.06464187108e-06, 2.61045670413e-06, 2.33981904785e-06, 2.66250731329e-06, 1.71944266185e-05], "max": [0.338221997023, 0.32725545764, 0.0838934481144, 0.0381365865469, 0.110826976597, 0.128199532628, 0.0685569345951, 0.0766241699457, 0.096400976181, 0.0555052943528, 0.0693521276116, 0.0597823262215, 0.0359729677439, 0.0273936185986, 0.0043731732294, 0.00854861084372, 0.00520491832867, 0.00352952047251, 0.00550235062838, 0.0124689387158, 0.00499501777813, 0.00095685548149, 0.000274483958492, 0.000111222565465, 0.000106428829895, 0.000108034080768, 0.0016046873061], "var": [0.000873073702678, 0.00150531891268, 2.4061435397e-05, 5.69847270526e-06, 4.75689485029e-05, 9.27831060835e-05, 1.78258615051e-05, 1.6912998035e-05, 2.94346718874e-05, 5.6429257711e-06, 9.776735169e-06, 4.95162976222e-06, 2.39611745201e-06, 5.13378552114e-07, 4.14855918507e-08, 5.18542435657e-08, 5.81043266834e-08, 1.54981147915e-08, 2.52318752558e-08, 9.64740038967e-08, 2.06031334216e-08, 1.02349551057e-09, 9.18647727333e-11, 3.54136095448e-11, 3.02408549591e-11, 3.53377743734e-11, 4.99897678807e-09], "mean": [0.0131832240149, 0.0227539129555, 0.00206278567202, 0.000881595653482, 0.0033169016242, 0.00401896238327, 0.00220017903484, 0.0019671600312, 0.00234460923821, 0.000882248277776, 0.000992196029983, 0.000810035620816, 0.000556756567676, 0.000249454198638, 0.000119686425023, 0.000111557426862, 9.33527335292e-05, 4.87038851134e-05, 4.5401204261e-05, 5.59379805054e-05, 3.81148820452e-05, 1.15326201922e-05, 4.47683078164e-06, 2.6188861284e-06, 2.26739871323e-06, 2.81364623334e-06, 2.95952013403e-05]}, "erbbands_skewness": {"dmean2": 0.832461774349, "median": 0.581279039383, "min": -4.15163660049, "dvar2": 0.57752263546, "dvar": 0.241550117731, "dmean": 0.539354026318, "max": 9.30