{"tonal": {"thpcp": [1, 0.661705195904, 0.329698324203, 0.336908251047, 0.343068033457, 0.4749135077, 0.579368114471, 0.577354252338, 0.581631064415, 0.500732839108, 0.44663438201, 0.644967079163, 0.895217597485, 0.77206236124, 0.547650814056, 0.528637766838, 0.470942407846, 0.393407791853, 0.439362347126, 0.44780471921, 0.370142072439, 0.426102608442, 0.712656497955, 0.92451184988, 0.804559290409, 0.624929606915, 0.548492074013, 0.471965074539, 0.373101145029, 0.425037413836, 0.449170917273, 0.383553832769, 0.477351039648, 0.583245933056, 0.56712782383, 0.758332908154], "hpcp": {"dmean2": [0.351729601622, 0.434023618698, 0.31299880147, 0.1911662817, 0.188843637705, 0.189812272787, 0.239231318235, 0.28872781992, 0.311217963696, 0.326339453459, 0.299172729254, 0.288471668959, 0.338125765324, 0.389664024115, 0.339464843273, 0.291670143604, 0.28315231204, 0.249098092318, 0.206407293677, 0.223295286298, 0.229360058904, 0.198720827699, 0.222564145923, 0.327615112066, 0.463347822428, 0.346070051193, 0.28938794136, 0.278823196888, 0.258838832378, 0.214961513877, 0.249527782202, 0.267167150974, 0.234567761421, 0.287193000317, 0.311474710703, 0.302099943161], "median": [0.24229516089, 0.311736941338, 0.205390334129, 0.080844245851, 0.0809231474996, 0.0965589508414, 0.12794996798, 0.14576099813, 0.154886722565, 0.142009034753, 0.124066077173, 0.113653302193, 0.186385199428, 0.274066090584, 0.232047379017, 0.155222222209, 0.136421635747, 0.123289972544, 0.109536603093, 0.113079875708, 0.125562384725, 0.0996646732092, 0.112524092197, 0.218002051115, 0.226977840066, 0.270443946123, 0.156413659453, 0.140864342451, 0.11390338093, 0.0957390069962, 0.110484346747, 0.1208043769, 0.103643491864, 0.124113626778, 0.147856727242, 0.143169686198], "min": [0, 0, 0, 0, 0, 0, 0, 0, 0, 0, 0, 0, 0, 0, 0, 0, 0, 0, 0, 0, 0, 0, 0, 0, 0, 0, 0, 0, 0, 0, 0, 0, 0, 0, 0, 0], "dvar2": [0.110629811883, 0.149324953556, 0.102232955396, 0.0651780962944, 0.0642584264278, 0.0601080209017, 0.0814749076962, 0.105771057308, 0.124746501446, 0.134855642915, 0.122973002493, 0.117446988821, 0.119531407952, 0.126383557916, 0.10848800838, 0.0993947312236, 0.0991839691997, 0.0899391099811, 0.0615748018026, 0.0709560289979, 0.0625215172768, 0.0589210540056, 0.0670703798532, 0.0890413224697, 0.200820505619, 0.0912776589394, 0.0919352918863, 0.0952235236764, 0.0881770029664, 0.0735120773315, 0.0919388085604, 0.0973091050982, 0.0794243365526, 0.105710797012, 0.117121644318, 0.101103052497], "dvar": [0.0406364351511, 0.0580734983087, 0.0365158058703, 0.0236808788031, 0.0234963428229, 0.0215211324394, 0.0293053537607, 0.0402355864644, 0.044352222234, 0.048753682524, 0.0429679825902, 0.0409367792308, 0.0431770645082, 0.0478792637587, 0.0398486256599, 0.0354830101132, 0.0368774458766, 0.0328404568136, 0.0220751073211, 0.0260143838823, 0.0235647559166, 0.0217614397407, 0.0245060715824, 0.0346452221274, 0.0835282504559, 0.0352542884648, 0.0345110818744, 0.0357313975692, 0.035014975816, 0.0273772422224, 0.0331133380532, 0.0346092134714, 0.0289535596967, 0.0378535836935, 0.0429728329182, 0.0381008461118], "dmean": [0.205296427011, 0.251136958599, 0.18178793788, 0.108737140894, 0.109226867557, 0.108946241438, 0.139021605253, 0.166868776083, 0.179175257683, 0.186969518661, 0.16918168962, 0.162140265107, 0.195561170578, 0.229304656386, 0.198224663734, 0.167389005423, 0.164124682546, 0.145598724484, 0.11950109154, 0.130383595824, 0.13477742672, 0.115171194077, 0.129307210445, 0.190854012966, 0.261983513832, 0.202658772469, 0.168815895915, 0.162135720253, 0.151689991355, 0.124532848597, 0.143359526992, 0.15268792212, 0.133172884583, 0.163561120629, 0.179070085287, 0.1748252213], "max": [1, 1, 1, 1, 1, 1, 1, 1, 1, 1, 1, 1, 1, 1, 1, 1, 1, 1, 1, 1, 1, 1, 1, 1, 1, 1, 1, 1, 1, 1, 1, 1, 1, 1, 1, 1], "var": [0.066191509366, 0.111246623099, 0.0562679469585, 0.027313452214, 0.0294453222305, 0.0229731518775, 0.0400534048676, 0.0616927482188, 0.0568887367845, 0.0662996247411, 0.0501503050327, 0.0412585735321, 0.0593473799527, 0.0877027288079, 0.0722812786698, 0.0473086051643, 0.0515102557838, 0.0417416617274, 0.0271099768579, 0.0393862575293, 0.0330198295414, 0.0275737848133, 0.0346580334008, 0.0568917766213, 0.127731129527, 0.0650872960687, 0.0681958124042, 0.0538841001689, 0.0497857593, 0.0302707832307, 0.0379656217992, 0.0382988378406, 0.0289417915046, 0.0438312999904, 0.0635700672865, 0.058463152498], "mean": [0.312018752098, 0.411453515291, 0.272260934114, 0.135655537248, 0.13862209022, 0.141156554222, 0.195404827595, 0.238383039832, 0.237554445863, 0.239314138889, 0.206028282642, 0.183769285679, 0.265373975039, 0.368340432644, 0.317667782307, 0.225332841277, 0.217509865761, 0.19377091527, 0.16186901927, 0.180777177215, 0.184250831604, 0.152296259999, 0.175321415067, 0.29322502017, 0.380393654108, 0.331038743258, 0.257129490376, 0.22567898035, 0.19419169426, 0.153513774276, 0.174883142114, 0.184812948108, 0.157814577222, 0.19640776515, 0.239978581667, 0.233346730471]}, "tuning_equal_tempered_deviation": 0.313305079937, "chords_changes_rate": 0.08164627105, "key_key": "F#", "tuning_diatonic_strength": 0.42171216011, "key_scale": "minor", "chords_number_rate": 0.0020022247918, "tuning_frequency": 434.193115234, "tuning_nontempered_energy_ratio": 0.91346848011, "chords_histogram": [23.804227829, 18.7096767426, 2.18020033836, 0.311457186937, 0.0444938838482, 0, 0, 0, 5.27252483368, 5.40600681305, 0, 0, 0, 0, 0, 2.29143500328, 24.7608451843, 15.3503894806, 0.378197997808, 0, 0, 0, 0.22246940434, 1.26807558537], "key_strength": 0.51541107893, "chords_key": "D", "chords_strength": {"dmean2": 0.0118565950543, "median": 0.478970706463, "min": 0.264859676361, "dvar2": 9.71433837549e-05, "dvar": 6.1165781517e-05, "dmean": 0.00955910421908, "max": 0.725733041763, "var": 0.00502919312567, "mean": 0.479647159576}, "chords_scale": "minor", "hpcp_entropy": {"dmean2": 1.14891576767, "median": 2.67349743843, "min": 0, "dvar2": 0.77340811491, "dvar": 0.275176078081, "dmean": 0.672575950623, "max": 4.65166378021, "var": 0.476517945528, "mean": 2.61623287201}}, "metadata": {"audio_properties": {"equal_loudness": 0, "codec": "mp3", "downmix": "mix", "sample_rate": 44100, "analysis_sample_rate": 44100, "bit_rate": 128000, "md5_encoded": "79c9f753e46179a352e65d9a3e356376", "length": 208.693313599, "replay_gain": -0.813592910767, "lossless": false}, "version": {"essentia_build_sha": "e76a03f03bb3900de42a1fa0d9be1e72f12def64", "essentia": "2.1-beta1", "extractor": "music 1.0", "essentia_git_sha": "v2.1_beta1-28-g21ef5f4-dirty"}, "tags": {"title": ["Days Away"], "replaygain_album_gain": ["-0.72 dB"], "albumartist": ["Pentimento"], "date": ["2012"], "file_name": "06 - Pentimento - Days Away.mp3", "replaygain_track_gain": ["-2.25 dB"], "replaygain_track_peak": ["0.476550"], "acoustid_id": ["d51728bb-b2af-4cf2-bb70-36ed5aae7fe8"], "musicbrainz_recordingid": ["03ca2e6f-8152-462b-84d8-c8f0a338c7f5"], "musicbrainz_albumartistid": ["4cc293b8-84be-44b8-91e5-fdaac5f3b18c"], "musicbrainz_albumid": ["0c36a37b-7aac-4deb-83ce-23990e824d5a"], "artist": ["Pentimento"], "tracknumber": ["6/11"], "replaygain_album_peak": ["0.476550"], "album": ["Pentimento"], "discnumber": ["1/1"], "musicbrainz_artistid": ["4cc293b8-84be-44b8-91e5-fdaac5f3b18c"], "musicbrainz_releasegroupid": ["1d98f5df-f8de-435e-85ed-1ce52253b7e4"]}}, "rhythm": {"bpm_histogram_first_peak_bpm": {"dmean2": 0, "median": 152, "min": 152, "dvar2": 0, "dvar": 0, "dmean": 0, "max": 152, "var": 0, "mean": 152}, "bpm": 149.978591919, "bpm_histogram_second_peak_spread": {"dmean2": 0, "median": 0.188405826688, "min": 0.188405826688, "dvar2": 0, "dvar": 0, "dmean": 0, "max": 0.188405826688, "var": 0, "mean": 0.188405826688}, "bpm_histogram_first_peak_weight": {"dmean2": 0, "median": 0.412790685892, "min": 0.412790685892, "dvar2": 0, "dvar": 0, "dmean": 0, "max": 0.412790685892, "var": 0, "mean": 0.412790685892}, "onset_rate": 1.02054226398, "beats_position": [0.417959183455, 0.835918366909, 1.26548755169, 1.67183673382, 2.07818579674, 2.48453521729, 2.89088439941, 3.29723358154, 3.7151927948, 4.12154197693, 4.53950119019, 4.96907043457, 5.39863920212, 5.81659841537, 6.24616765976, 6.66412687302, 7.08208608627, 7.50004529953, 7.90639448166, 8.31274318695, 8.71909236908, 9.14866161346, 9.56662082672, 9.99619007111, 10.4025392532, 10.8088884354, 11.2152376175, 11.6215867996, 12.0279359818, 12.4342851639, 12.840634346, 13.2469835281, 13.6417226791, 14.0480718613, 14.4428119659, 14.8375511169, 15.2322902679, 15.6386394501, 16.0333786011, 16.4397277832, 16.8344669342, 17.2408161163, 17.6471652985, 18.0535144806, 18.4598636627, 18.8546028137, 19.2493419647, 19.6440811157, 20.0388202667, 20.4451694489, 20.851518631, 21.246257782, 21.6526069641, 22.0589561462, 22.4536952972, 22.8484344482, 23.2431735992, 23.6379127502, 24.0442619324, 24.4390010834, 24.8453502655, 25.2516994476, 25.6580486298, 26.0527877808, 26.4475269318, 26.8422679901, 27.2370071411, 27.6317462921, 28.0264854431, 28.4328346252, 28.8391838074, 29.2339229584, 29.6402721405, 30.0350112915, 30.4413604736, 30.8360996246, 31.2424488068, 31.6487979889, 32.0667572021, 32.4614944458, 32.8562355042, 33.2509727478, 33.6457138062, 34.0404510498, 34.4351921082, 34.8415412903, 35.2478904724, 35.6426315308, 36.0373687744, 36.4437179565, 36.8500671387, 37.244808197, 37.6395454407, 38.034286499, 38.4406356812, 38.8469848633, 39.2417221069, 39.6480712891, 40.0544204712, 40.4607696533, 40.8555107117, 41.2618598938, 41.6565971375, 42.0513381958, 42.4460754395, 42.8408164978, 43.2471656799, 43.6535148621, 44.0598640442, 44.4662132263, 44.86095047, 45.2556915283, 45.650428772, 46.0451698303, 46.439907074, 46.8346481323, 47.2409973145, 47.6473464966, 48.0420837402, 48.4368247986, 48.8315620422, 49.2263031006, 49.6326522827, 50.0390014648, 50.4337387085, 50.8284797668, 51.234828949, 51.6411781311, 52.0475273132, 52.4538764954, 52.8486175537, 53.2433547974, 53.6380958557, 54.0328330994, 54.4391822815, 54.8455314636, 55.2518806458, 55.6582298279, 56.0529708862, 56.4477081299, 56.8424491882, 57.2487983704, 57.6551475525, 58.0498847961, 58.4446258545, 58.8393630981, 59.2341041565, 59.6288414001, 60.01197052, 60.4183197021, 60.8130607605, 61.2774581909, 61.7534675598, 62.2294769287, 62.7054862976, 63.169883728, 63.6458930969, 64.0522460938, 64.4585952759, 64.8533325195, 65.2480697632, 65.6428070068, 66.0375518799, 66.443901062, 66.8386383057, 67.2449874878, 67.6513366699, 68.0460739136, 68.4524230957, 68.8587722778, 69.26512146, 69.6714706421, 70.0778198242, 70.4841690063, 70.8905181885, 71.2852630615, 71.6800003052, 72.0747375488, 72.4578704834, 72.8642196655, 73.2589569092, 73.6536941528, 74.060043335, 74.4431762695, 74.8379135132, 75.2210388184, 75.6041717529, 75.9989089966, 76.4168701172, 76.8232192993, 77.2295684814, 77.6359176636, 78.0422668457, 78.4602279663, 78.85496521, 79.2497024536, 79.6444396973, 80.0391845703, 80.433921814, 80.8402709961, 81.2466201782, 81.6529693604, 82.047706604, 82.4540557861, 82.8487930298, 83.2435379028, 83.6382751465, 84.0214080811, 84.4045333862, 84.8224945068, 85.2404556274, 85.6468048096, 86.0415420532, 86.4478912354, 86.8542404175, 87.2605895996, 87.6669387817, 88.0848999023, 88.514465332, 88.9324264526, 89.3619918823, 89.7799530029, 90.1979141235, 90.6158676147, 91.0222167969, 91.4401779175, 91.8465270996, 92.2528762817, 92.6592254639, 93.065574646, 93.460319519, 93.8666687012, 94.2730178833, 94.667755127, 95.0624923706, 95.4572296143, 95.8635787964, 96.2699279785, 96.6646728516, 97.0594100952, 97.4541473389, 97.8488845825, 98.2436294556, 98.6499786377, 99.0563278198, 99.462677002, 99.8690261841, 100.275375366, 100.693328857, 101.111289978, 101.529251099, 101.958816528, 102.376777649, 102.79473877, 103.21269989, 103.607437134, 104.013786316, 104.420135498, 104.82648468, 105.232833862, 105.639183044, 106.045532227, 106.44026947, 106.835006714, 107.241355896, 107.647705078, 108.042449951, 108.448799133, 108.855148315, 109.249885559, 109.644622803, 110.050971985, 110.445709229, 110.852058411, 111.258407593, 111.664756775, 112.059501648, 112.454238892, 112.860588074, 113.266937256, 113.6616745, 114.056411743, 114.451156616, 114.857505798, 115.26385498, 115.658592224, 116.053329468, 116.448066711, 116.854415894, 117.260765076, 117.667114258, 118.061859131, 118.456596375, 118.851333618, 119.246078491, 119.652427673, 120.058776855, 120.465126038, 120.859863281, 121.254600525, 121.649337769, 122.044082642, 122.438819885, 122.833557129, 123.239906311, 123.646255493, 124.052604675, 124.458953857, 124.853691101, 125.248435974, 125.643173218, 126.037910461, 126.444259644, 126.850608826, 127.256958008, 127.66330719, 128.058044434, 128.452789307, 128.859130859, 129.265487671, 129.660217285, 130.054962158, 130.449707031, 130.844436646, 131.239181519, 131.633926392, 132.040267944, 132.446624756, 132.84135437, 133.247711182, 133.654052734, 134.048797607, 134.44354248, 134.838272095, 135.233016968, 135.627746582, 136.045715332, 136.452056885, 136.858413696, 137.253143311, 137.659500122, 138.054244995, 138.460586548, 138.855331421, 139.261672974, 139.656417847, 140.062759399, 140.469116211, 140.875457764, 141.270202637, 141.66494751, 142.071289062, 142.477645874, 142.872375488, 143.2787323, 143.685073853, 144.079818726, 144.47454834, 144.880905151, 145.287246704, 145.681991577, 146.07673645, 146.471466064, 146.866210938, 147.260955811, 147.655685425, 148.050430298, 148.456771851, 148.863128662, 149.257858276, 149.652603149, 150.058959961, 150.465301514, 150.860046387, 151.254776001, 151.649520874, 152.044265747, 152.4506073, 152.856964111, 153.251693726, 153.63482666, 154.029571533, 154.424301147, 154.830657959, 155.236999512, 155.643356323, 156.061309814, 156.467666626, 156.874008179, 157.268753052, 157.663482666, 158.069839478, 158.464584351, 158.870925903, 159.265670776, 159.660400391, 160.066757202, 160.473098755, 160.867843628, 161.262588501, 161.657318115, 162.052062988, 162.446792603, 162.841537476, 163.236282349, 163.631011963, 164.037368774, 164.443710327, 164.8384552, 165.233200073, 165.627929688, 166.022674561, 166.417419434, 166.835372925, 167.253326416, 167.671295166, 168.06602478, 168.472381592, 168.878723145, 169.285079956, 169.691421509, 170.09777832, 170.492507935, 170.898864746, 171.223937988, 171.549026489, 171.874099731, 172.199172974, 172.524261475, 172.849334717, 173.186035156, 173.511108398, 173.905853271, 174.300582886, 174.695327759, 175.101669312, 175.519638062, 175.937591553, 176.355545044, 176.773513794, 177.191467285, 177.609436035, 178.004165649, 178.410522461, 178.816864014, 179.234832764, 179.641174316, 180.047531128, 180.453872681, 180.860229492, 181.266571045, 181.661315918, 182.056045532, 182.439178467, 182.857131958, 183.26348877, 183.658233643, 184.064575195, 184.459320068, 184.865661621, 185.272018433, 185.666748047, 186.06149292, 186.456237793, 186.850967407, 187.257324219, 187.652053833, 188.058410645, 188.453155518, 188.85949707, 189.265853882, 189.660583496, 190.055328369, 190.450057983, 190.844802856, 191.251159668, 191.657501221, 192.063858032, 192.470199585, 192.876556396, 193.271286011, 193.677642822, 194.072372437, 194.478729248, 194.873458862, 195.279815674, 195.674560547, 196.069290161, 196.464035034, 196.858764648, 197.253509521, 197.659866333, 198.066207886, 198.472564697, 198.87890625, 199.296859741, 199.714828491, 200.132781982, 200.550750732, 200.968704224, 201.386657715, 201.804626465, 202.222579956, 202.640533447, 203.058502197, 203.488067627, 203.906021118, 204.323989868, 204.741943359, 205.159912109, 205.577865601, 205.995819092, 206.413787842, 206.831741333, 207.261306763, 207.690887451, 208.120452881], "beats_loudness": {"dmean2": 0.0349324718118, "median": 0.0566692687571, "min": 1.69526974787e-05, "dvar2": 0.000933483825065, "dvar": 0.000317512312904, "dmean": 0.0204542316496, "max": 0.137120649219, "var": 0.000737602007575, "mean": 0.0544633902609}, "danceability": 0.90768891573, "bpm_histogram_second_peak_weight": {"dmean2": 0, "median": 0.108527131379, "min": 0.108527131379, "dvar2": 0, "dvar": 0, "dmean": 0, "max": 0.108527131379, "var": 0, "mean": 0.108527131379}, "beats_count": 517, "bpm_histogram_second_peak_bpm": {"dmean2": 0, "median": 144, "min": 144, "dvar2": 0, "dvar": 0, "dmean": 0, "max": 144, "var": 0, "mean": 144}, "bpm_histogram_first_peak_spread": {"dmean2": 0, "median": 0.497641503811, "min": 0.497641503811, "dvar2": 0, "dvar": 0, "dmean": 0, "max": 0.497641503811, "var": 0, "mean": 0.497641503811}, "beats_loudness_band_ratio": {"dmean2": [0.319726347923, 0.133348435163, 0.143157139421, 0.159883290529, 0.0551479160786, 0.124309100211], "median": [0.279686450958, 0.0906358063221, 0.113262049854, 0.184277877212, 0.0563035905361, 0.189564883709], "min": [0.0150657221675, 0.00505966041237, 0.00520304217935, 0.00666890945286, 0.000184534132131, 0.00096256058896], "dvar2": [0.0585272088647, 0.0163102373481, 0.0196567066014, 0.0170140918344, 0.00285935262218, 0.0134926587343], "dvar": [0.0201279725879, 0.0060942620039, 0.00710259564221, 0.00612796936184, 0.000969087064732, 0.00450133625418], "dmean": [0.18215367198, 0.075884655118, 0.0822512730956, 0.0943033695221, 0.0316782221198, 0.0704618990421], "max": [0.977580189705, 0.559424161911, 0.668933212757, 0.60981875658, 0.254128962755, 0.5258461833], "var": [0.0386043675244, 0.00985546503216, 0.00915100146085, 0.013165442273, 0.0016127199633, 0.00877087470144], "mean": [0.309872180223, 0.119297020137, 0.139348402619, 0.195823982358, 0.0607883632183, 0.189986407757]}}, "lowlevel": {"barkbands_spread": {"dmean2": 8.7162733078, "median": 28.1219863892, "min": 0.772929787636, "dvar2": 66.0673675537, "dvar": 26.778678894, "dmean": 5.38403129578, "max": 90.9272689819, "var": 147.678649902, "mean": 27.9636936188}, "melbands_spread": {"dmean2": 8.08419418335, "median": 24.5905475616, "min": 0.67983341217, "dvar2": 70.8647613525, "dvar": 29.6295814514, "dmean": 4.97801113129, "max": 157.756011963, "var": 110.653427124, "mean": 24.5050601959}, "hfc": {"dmean2": 74.4685897827, "median": 252.011413574, "min": 6.58252616859e-08, "dvar2": 7668.40527344, "dvar": 3438.05273438, "dmean": 46.7227897644, "max": 1815.81469727, "var": 16321.6357422, "mean": 236.404968262}, "barkbands_kurtosis": {"dmean2": 3.33689713478, "median": 2.18311429024, "min": -1.583994627, "dvar2": 62.8945045471, "dvar": 25.9858570099, "dmean": 2.03267240524, "max": 186.298080444, "var": 65.7978363037, "mean": 3.84951615334}, "gfcc": {"mean": [14.0218362808, 108.085632324, -112.437477112, -24.6306667328, -12.5777072906, -16.3403682709, 4.6906337738, -17.2788467407, 3.25570368767, -13.0364484787, -5.6829161644, 1.73439538479, -2.34512495995], "icov": [[0.000289350777166, 0.00053000607295, 0.000200042253709, 0.000102734156826, -0.000307013804559, 0.000358546501957, -0.000120324977615, -2.83953268081e-05, -0.000164470839081, 0.000210135651287, -0.000829218828585, 0.000414329668274, -0.000251914811088], [0.00053000607295, 0.0036268630065, -0.00299891526811, 0.00308093894273, -0.00213871756569, 0.000877116399352, -0.000882665102836, 0.00172567844857, -0.000753910280764, 0.00210204254836, -0.0024324550759, 0.00256639788859, -0.00195761094801], [0.000200042253709, -0.00299891526811, 0.0109329000115, -0.0082225902006, 0.0040770038031, -0.00286882580258, 0.00438787508756, -0.00376165867783, -0.00107887177728, -0.000773870910052, -0.00118528667372, 0.000770323094912, -0.000974494090769], [0.000102734156826, 0.00308093894273, -0.0082225902006, 0.0136619880795, -0.00617634505033, 0.00405926955864, -0.00691237533465, 0.00169736077078, 0.00804044865072, -0.00847337767482, 0.00515750842169, -0.00421887496486, 0.00378749659285], [-0.000307013804559, -0.00213871756569, 0.0040770038031, -0.00617634505033, 0.0143936155364, -0.00683008786291, -0.000426465412602, 0.00290228589438, -0.00949372444302, 0.0119961081073, -0.0115817589685, 0.00958895124495, -0.0055142599158], [0.000358546501957, 0.000877116399352, -0.00286882580258, 0.00405926955864, -0.00683008786291, 0.0139564611018, -0.000989963067695, -0.00886440556496, 0.00869167223573, -0.00692773843184, 0.0101904412732, -0.00901315920055, 0.00308280531317], [-0.000120324977615, -0.000882665102836, 0.00438787508756, -0.00691237533465, -0.000426465412602, -0.000989963067695, 0.0118869515136, 0.000206302473089, -0.00580132938921, 0.00092467002105, 0.000580260297284, -0.00102651270572, 0.000501575821545], [-2.83953268081e-05, 0.00172567844857, -0.00376165867783, 0.00169736077078, 0.00290228589438, -0.00886440556496, 0.000206302473089, 0.0210157576948, -0.00821110140532, 0.00085363764083, -0.0073638567701, 0.0122610507533, -0.00856409873813], [-0.000164470839081, -0.000753910280764, -0.00107887177728, 0.00804044865072, -0.00949372444302, 0.00869167223573, -0.00580132938921, -0.00821110140532, 0.0263514779508, -0.0179200582206, 0.0115144336596, -0.0149267269298, 0.0111049823463], [0.000210135651287, 0.00210204254836, -0.000773870910052, -0.00847337767482, 0.0119961081073, -0.00692773843184, 0.00092467002105, 0.00085363764083, -0.0179200582206, 0.0441876500845, -0.0302831754088, 0.0174604021013, -0.00839874520898], [-0.000829218828585, -0.0024324550759, -0.00118528667372, 0.00515750842169, -0.0115817589685, 0.0101904412732, 0.000580260297284, -0.0073638567701, 0.0115144336596, -0.0302831754088, 0.0497768744826, -0.0243972167373, 0.00203781039454], [0.000414329668274, 0.00256639788859, 0.000770323094912, -0.00421887496486, 0.00958895124495, -0.00901315920055, -0.00102651270572, 0.0122610507533, -0.0149267269298, 0.0174604021013, -0.0243972167373, 0.0348257496953, -0.0120320171118], [-0.000251914811088, -0.00195761094801, -0.000974494090769, 0.00378749659285, -0.0055142599158, 0.00308280531317, 0.000501575821545, -0.00856409873813, 0.0111049823463, -0.00839874520898, 0.00203781039454, -0.0120320171118, 0.0248525124043]], "cov": [[9394.703125, -1932.48803711, -1176.27539062, 205.659286499, 281.334381104, -651.51159668, 670.633972168, -343.657073975, 397.468048096, 66.7486724854, 198.708007812, 180.846786499, -206.961074829], [-1932.48803711, 1002.90124512, 281.425476074, -208.090713501, 60.6100654602, 126.994758606, -194.774261475, 95.0303497314, -58.4482002258, -44.0669288635, -3.52754855156, -71.6306915283, 113.365089417], [-1176.27539062, 281.425476074, 446.614013672, 96.4887466431, -82.0791549683, 161.232269287, -149.027404785, 139.348602295, -95.7528686523, 55.4075584412, -1.84948587418, -40.7510795593, 67.8000488281], [205.659286499, -208.090713501, 96.4887466431, 295.846191406, 5.62644720078, -20.45362854, 114.835578918, -28.6695327759, -12.8379850388, 45.9446792603, 5.01112127304, 15.9563894272, -35.4438552856], [281.334381104, 60.6100654602, -82.0791549683, 5.62644720078, 183.63873291, -3.59215021133, 72.8174591064, -16.4964237213, 51.4095344543, -19.6498718262, 21.2070541382, 0.0509512163699, 6.26067113876], [-651.51159668, 126.994758606, 161.232269287, -20.45362854, -3.59215021133, 215.128417969, -85.9080963135, 112.742515564, -60.1078910828, 11.5306682587, -16.5420131683, -19.5584449768, 48.5830688477], [670.633972168, -194.774261475, -149.027404785, 114.835578918, 72.8174591064, -85.9080963135, 240.920181274, -74.9086608887, 84.7753372192, 5.53873109818, 11.0836849213, 37.2153778076, -54.6515541077], [-343.657073975, 95.0303497314, 139.348602295, -28.6695327759, -16.4964237213, 112.742515564, -74.9086608887, 154.335296631, -15.9716529846, 39.4742546082, 12.0327043533, -31.4466304779, 55.1509170532], [397.468048096, -58.4482002258, -95.7528686523, -12.8379850388, 51.4095344543, -60.1078910828, 84.7753372192, -15.9716529846, 121.709686279, 21.0802116394, 22.5691013336, 26.6552639008, -26.9311485291], [66.7486724854, -44.0669288635, 55.4075584412, 45.9446792603, -19.6498718262, 11.5306682587, 5.53873109818, 39.4742546082, 21.0802116394, 75.4507598877, 36.3648834229, 3.22740530968, 14.7362909317], [198.708007812, -3.52754855156, -1.84948587418, 5.01112127304, 21.2070541382, -16.5420131683, 11.0836849213, 12.0327043533, 22.5691013336, 36.3648834229, 61.7263336182, 26.6729679108, 21.6368427277], [180.846786499, -71.6306915283, -40.7510795593, 15.9563894272, 0.0509512163699, -19.5584449768, 37.2153778076, -31.4466304779, 26.6552639008, 3.22740530968, 26.6729679108, 71.9285430908, 4.82747459412], [-206.961074829, 113.365089417, 67.8000488281, -35.4438552856, 6.26067113876, 48.5830688477, -54.6515541077, 55.1509170532, -26.9311485291, 14.7362909317, 21.6368427277, 4.82747459412, 88.1766662598]]}, "spectral_energyband_middle_low": {"dmean2": 0.00686182035133, "median": 0.0110983327031, "min": 1.98468804867e-13, "dvar2": 7.34672139515e-05, "dvar": 2.82668133877e-05, "dmean": 0.00422849040478, "max": 0.0940383002162, "var": 9.57417141763e-05, "mean": 0.0130503326654}, "melbands_crest": {"dmean2": 6.68443441391, "median": 9.90483093262, "min": 1.93634879589, "dvar2": 37.3771476746, "dvar": 16.0728130341, "dmean": 4.07703351974, "max": 36.3867111206, "var": 38.7179794312, "mean": 11.8848218918}, "spectral_kurtosis": {"dmean2": 10.8229980469, "median": 24.7867183685, "min": -1.22531962395, "dvar2": 330.470977783, "dvar": 123.944381714, "dmean": 6.88953971863, "max": 271.796112061, "var": 207.125274658, "mean": 27.6581993103}, "spectral_rms": {"dmean2": 0.00117009482346, "median": 0.00685024959967, "min": 7.63775034329e-08, "dvar2": 1.37808240197e-06, "dvar": 6.23224082119e-07, "dmean": 0.000763351446949, "max": 0.0126652298495, "var": 5.22587470186e-06, "mean": 0.00646486971527}, "zerocrossingrate": {"dmean2": 0.038812790066, "median": 0.29345703125, "min": 0.0078125, "dvar2": 0.00119431689382, "dvar": 0.000765920558479, "dmean": 0.0306129194796, "max": 0.68017578125, "var": 0.00951365474612, "mean": 0.279096990824}, "silence_rate_60dB": {"dmean2": 0.0102370092645, "median": 0, "min": 0, "dvar2": 0.0112449312583, "dvar": 0.0050917416811, "dmean": 0.00511793512851, "max": 1, "var": 0.0759173110127, "mean": 0.082767829299}, "erbbands_kurtosis": {"dmean2": 1.2785654068, "median": 0.589293837547, "min": -1.6613175869, "dvar2": 1.75245034695, "dvar": 0.715332984924, "dmean": 0.781403541565, "max": 26.6762638092, "var": 1.75334274769, "mean": 0.821580410004}, "erbbands": {"dmean2": [0.441129088402, 1.41135644913, 2.85638237, 4.03023910522, 5.3475112915, 5.50441360474, 17.2032527924, 27.9369506836, 25.9661636353, 28.680393219, 44.4319190979, 54.8716850281, 64.0528869629, 128.045562744, 87.3118362427, 80.664276123, 50.51820755, 37.8579368591, 39.5630149841, 40.3175086975, 33.2107124329, 19.4491920471, 10.3478565216, 7.44837093353, 7.33911991119, 5.91344738007, 4.10492897034, 2.35309481621, 1.24909865856, 0.913681983948, 0.486944586039, 0.152393549681, 0.0764589235187, 0.0523050315678, 0.0335783772171, 0.0198074746877, 0.0178205054253, 0.0240341704339, 0.0145975966007, 0.012401596643], "median": [0.0740824714303, 0.536146759987, 1.1653689146, 1.53588402271, 2.49362945557, 3.37733888626, 9.02186393738, 14.0770568848, 12.6143054962, 17.4214134216, 29.9989089966, 38.9928321838, 58.9222488403, 101.543991089, 81.1513595581, 71.4200744629, 49.1038703918, 40.7528152466, 43.4622764587, 43.1662483215, 38.2666244507, 24.2610836029, 13.1366739273, 7.96503925323, 5.97956514359, 4.15991640091, 2.08907532692, 1.42462825775, 1.01000332832, 0.716977417469, 0.348586201668, 0.0971706658602, 0.0224720928818, 0.013910391368, 0.00959538668394, 0.00710677728057, 0.0179618857801, 0.0304953679442, 0.0300398673862, 0.0490181408823], "min": [4.21854391697e-13, 7.63560493045e-13, 3.78297827092e-12, 4.54154630569e-11, 1.27800367511e-10, 1.86011886449e-10, 1.46565398706e-10, 7.9174521106e-11, 2.68733257869e-10, 2.35355873679e-10, 8.9832802308e-10, 1.490247592e-09, 1.33979771721e-09, 1.90834703595e-09, 2.32805197342e-09, 1.65865587931e-09, 1.14215092939e-09, 2.18934648188e-09, 7.20063786375e-09, 5.15865794526e-09, 7.96128407643e-09, 7.66457208812e-09, 2.76076761452e-09, 5.86129189628e-09, 5.41840528001e-09, 6.55547616191e-09, 1.35095135079e-08, 1.49840033714e-08, 6.2616902774e-09, 6.23584428538e-09, 1.27606885059e-08, 1.08902362683e-08, 6.27127816344e-09, 6.85367052e-09, 5.26418153513e-09, 2.62171084842e-09, 2.12105599751e-09, 5.85248294271e-10, 2.19560689074e-10, 2.01087306528e-11], "dvar2": [0.707703471184, 4.89415693283, 15.8229160309, 51.7308769226, 71.3028030396, 78.7652816772, 1164.06140137, 2551.59106445, 2523.33642578, 2242.87524414, 4400.23388672, 8576.31933594, 9076.97265625, 28157.8476562, 14258.4609375, 12065.2646484, 4293.77490234, 2218.47753906, 2310.84814453, 2894.08300781, 1763.6262207, 562.636962891, 232.429946899, 239.642700195, 313.227539062, 366.507171631, 370.600158691, 75.7754669189, 6.11458444595, 3.51092171669, 0.886986017227, 0.0610844008625, 0.0139503935352, 0.00641914503649, 0.00253501627594, 0.000823048583698, 0.000654610688798, 0.00162561959587, 0.00101979158353, 0.000152673746925], "dvar": [0.284309059381, 1.79394686222, 5.95577764511, 21.0211391449, 26.4801998138, 30.7610034943, 442.625640869, 975.364929199, 1049.1739502, 890.140075684, 1632.74694824, 3598.57250977, 3476.68554688, 11447.9951172, 5405.29931641, 4522.4296875, 1678.32080078, 841.717102051, 830.068054199, 1063.24523926, 647.359375, 208.978515625, 100.795578003, 113.036811829, 152.261352539, 182.610290527, 187.293487549, 38.981628418, 3.2550983429, 1.79870510101, 0.445071429014, 0.0267141759396, 0.00545034511015, 0.00250964029692, 0.000993770780042, 0.000324223452481, 0.000328875612468, 0.00096907018451, 0.000584744208027, 6.03491462243e-05], "dmean": [0.271662980318, 0.817681133747, 1.65009701252, 2.45138001442, 3.17196702957, 3.30533957481, 10.3815402985, 16.8175125122, 15.7653779984, 17.4322948456, 26.28383255, 33.633518219, 39.1356735229, 80.0750198364, 52.7237510681, 48.3438911438, 30.6613254547, 22.5634231567, 23.3978633881, 23.7773685455, 19.5891132355, 11.5754776001, 6.26727676392, 4.77786827087, 4.89117717743, 3.95391154289, 2.86481022835, 1.59968411922, 0.855080246925, 0.641538977623, 0.335494190454, 0.0961485058069, 0.0455595292151, 0.0312308333814, 0.0201291069388, 0.0119465505704, 0.0121192028746, 0.0182653386146, 0.0107481237501, 0.00763243855909], "max": [5.84351110458, 19.0561733246, 30.4981327057, 64.4734649658, 69.1535491943, 116.735855103, 455.751678467, 718.346252441, 818.226135254, 589.634277344, 761.891540527, 1674.99084473, 1125.89135742, 1616.73364258, 1419.78283691, 1311.80566406, 661.797668457, 661.823547363, 481.028106689, 492.915313721, 387.745635986, 290.080749512, 343.684387207, 422.023803711, 386.277069092, 374.306396484, 385.447113037, 211.033401489, 55.2212944031, 38.5608329773, 17.894323349, 3.54512691498, 0.898069679737, 0.60819709301, 0.380510777235, 0.215533658862, 0.375371813774, 0.699059009552, 0.620388865471, 0.1235774979], "var": [0.341224372387, 2.08459806442, 6.68245124817, 26.114282608, 33.0844497681, 50.8641967773, 796.21270752, 1627.69067383, 1941.44799805, 2169.10351562, 2633.78637695, 6981.20703125, 6781.77832031, 23633.4804688, 12404.5800781, 9970.47753906, 3636.7331543, 1728.46081543, 2033.73144531, 2421.86401367, 1542.34082031, 517.302978516, 225.903015137, 225.703338623, 345.788269043, 451.541748047, 413.272979736, 81.5589904785, 9.87821865082, 5.88870859146, 1.34231722355, 0.0570528171957, 0.00572706339881, 0.00263923197053, 0.00107355730142, 0.000369637215044, 0.00117109750863, 0.00492022698745, 0.00223901774734, 0.000566907809116], "mean": [0.313111484051, 1.01492512226, 2.00239109993, 3.20777511597, 4.29320430756, 5.53281354904, 17.682674408, 27.0642738342, 25.5172786713, 30.9421730042, 43.6057548523, 61.0603942871, 79.1906204224, 144.639602661, 109.342430115, 98.5210876465, 62.8277320862, 47.7173576355, 52.7441215515, 53.0189971924, 45.328868866, 27.4748439789, 15.5347471237, 10.8905067444, 10.331609726, 8.29057598114, 5.46706485748, 3.07137513161, 1.95058631897, 1.52440929413, 0.732953488827, 0.166886910796, 0.048484377563, 0.0318883694708, 0.0210925638676, 0.0137507328764, 0.0287227518857, 0.0549022704363, 0.0398311987519, 0.0434856787324]}, "spectral_strongpeak": {"dmean2": 6.05458307266, "median": 0.433454364538, "min": 0, "dvar2": 487.837860107, "dvar": 180.547058105, "dmean": 3.23153376579, "max": 234.110595703, "var": 136.660324097, "mean": 2.64958024025}, "spectral_energy": {"dmean2": 0.0178232956678, "median": 0.0480990670621, "min": 5.97936153715e-12, "dvar2": 0.000424887257395, "dvar": 0.000186928096809, "dmean": 0.0115267448127, "max": 0.164418250322, "var": 0.000680611818098, "mean": 0.0481959246099}, "average_loudness": 0.953523099422, "spectral_rolloff": {"dmean2": 6963.45263672, "median": 20930.2734375, "min": 43.06640625, "dvar2": 115641736, "dvar": 47643896, "dmean": 3627.51586914, "max": 22028.4667969, "var": 75235416, "mean": 15655.3671875}, "spectral_centroid": {"dmean2": 210.072463989, "median": 1137.08398438, "min": 203.713104248, "dvar2": 55521.6914062, "dvar": 37969.7578125, "dmean": 138.720581055, "max": 10661.1728516, "var": 198852.21875, "mean": 1133.33044434}, "pitch_salience": {"dmean2": 0.1113223508, "median": 0.66833293438, "min": 0.077818363905, "dvar2": 0.00974214728922, "dvar": 0.00407787133008, "dmean": 0.0693383067846, "max": 0.942454040051, "var": 0.0125685073435, "mean": 0.637957215309}, "spectral_energyband_middle_high": {"dmean2": 0.00570218311623, "median": 0.012910018675, "min": 8.82670835294e-13, "dvar2": 4.29672109021e-05, "dvar": 1.68420028785e-05, "dmean": 0.00353918410838, "max": 0.0716414004564, "var": 8.81980668055e-05, "mean": 0.0135334488004}, "spectral_contrast_coeffs": {"dmean2": [0.0864277333021, 0.082711070776, 0.0631416589022, 0.0449493043125, 0.0407916605473, 0.066278539598], "median": [-0.703028202057, -0.777220070362, -0.786688864231, -0.811254143715, -0.790957629681, -0.741295874119], "min": [-0.962049484253, -0.956637620926, -0.967092752457, -0.976330220699, -0.972430169582, -0.959085345268], "dvar2": [0.0044665755704, 0.00400884123519, 0.00234482856467, 0.0011951958295, 0.00141194358002, 0.00374777987599], "dvar": [0.00166440883186, 0.00143584527541, 0.000837528961711, 0.000414391892264, 0.000539021391887, 0.00147555605508], "dmean": [0.0523229278624, 0.0486603043973, 0.0377935245633, 0.0264331977814, 0.0248177088797, 0.0423298664391], "max": [-0.385170727968, -0.541888415813, -0.582874596119, -0.687669873238, -0.574891865253, -0.424232363701], "var": [0.00481904670596, 0.00317233381793, 0.00206692120992, 0.00106367527042, 0.00207937508821, 0.00731440400705], "mean": [-0.698713302612, -0.77178055048, -0.784684717655, -0.811098098755, -0.795290768147, -0.740615427494]}, "melbands_skewness": {"dmean2": 0.799811840057, "median": 0.899361729622, "min": -2.76307225227, "dvar2": 0.661670267582, "dvar": 0.279261559248, "dmean": 0.5024766922, "max": 12.605340004, "var": 1.34204804897, "mean": 1.15884554386}, "spectral_spread": {"dmean2": 635491.4375, "median": 3253382.25, "min": 453162.0625, "dvar2": 592080076800, "dvar": 333245480960, "dmean": 401877.25, "max": 41210272, "var": 686089502720, "mean": 3227335.5}, "dissonance": {"dmean2": 0.0324566923082, "median": 0.477466195822, "min": 0.26911047101, "dvar2": 0.000945068546571, "dvar": 0.000339129037457, "dmean": 0.0188820455223, "max": 0.500000119209, "var": 0.000645558815449, "mean": 0.470861136913}, "spectral_skewness": {"dmean2": 0.649268805981, "median": 3.4649617672, "min": 0.0478329844773, "dvar2": 0.788323879242, "dvar": 0.302441298962, "dmean": 0.424519181252, "max": 12.5879611969, "var": 0.857275307178, "mean": 3.59957742691}, "spectral_flux": {"dmean2": 0.033042255789, "median": 0.126546397805, "min": 2.34524377447e-05, "dvar2": 0.00133598491084, "dvar": 0.000534362799954, "dmean": 0.0205710753798, "max": 0.338099181652, "var": 0.00246964185499, "mean": 0.122348546982}, "spectral_contrast_valleys": {"dmean2": [0.662735164165, 0.555295169353, 0.42466083169, 0.382988005877, 0.423337131739, 1.07076776028], "median": [-6.88174200058, -5.88063526154, -5.87085676193, -6.4280667305, -7.21545791626, -11.0233631134], "min": [-27.33253479, -27.53647995, -26.8128376007, -27.1287117004, -27.1990623474, -27.2179260254], "dvar2": [0.273367792368, 0.219198480248, 0.142743438482, 0.134610682726, 0.291373312473, 0.836744844913], "dvar": [0.123138226569, 0.10630569607, 0.0772740840912, 0.0755709260702, 0.133338049054, 0.310982346535], "dmean": [0.403145641088, 0.331345826387, 0.256866931915, 0.234235078096, 0.277550786734, 0.672146856785], "max": [-5.29141378403, -4.57547044754, -4.7587685585, -5.48155403137, -5.38175201416, -9.05274391174], "var": [0.655437350273, 0.712525725365, 0.84946590662, 1.17095112801, 1.44949042797, 1.03475415707], "mean": [-6.99514102936, -6.06996154785, -6.12923622131, -6.78277444839, -7.59180736542, -11.1735172272]}, "erbbands_flatness_db": {"dmean2": 0.0323130190372, "median": 0.172840073705, "min": 0.0351825095713, "dvar2": 0.000920035701711, "dvar": 0.000363841478247, "dmean": 0.0204562060535, "max": 0.39111661911, "var": 0.00142974464688, "mean": 0.177631691098}, "spectral_energyband_high": {"dmean2": 0.000399952201406, "median": 0.000906596425921, "min": 4.31136289863e-12, "dvar2": 4.68894540973e-07, "dvar": 2.74367835118e-07, "dmean": 0.000269648473477, "max": 0.0135461287573, "var": 1.092112484e-06, "mean": 0.00101290363818}, "spectral_entropy": {"dmean2": 0.198529988527, "median": 7.53395843506, "min": 5.21808242798, "dvar2": 0.0538913905621, "dvar": 0.0216608475894, "dmean": 0.128257393837, "max": 9.79916858673, "var": 0.122062660754, "mean": 7.44948720932}, "silence_rate_20dB": {"dmean2": 0, "median": 1, "min": 1, "dvar2": 0, "dvar": 0, "dmean": 0, "max": 1, "var": 0, "mean": 1}, "melbands_flatness_db": {"dmean2": 0.0436453483999, "median": 0.206693738699, "min": 0.00947890989482, "dvar2": 0.00181168224663, "dvar": 0.000718876195606, "dmean": 0.0278074871749, "max": 0.599081158638, "var": 0.00437544612214, "mean": 0.223135083914}, "barkbands": {"dmean2": [0.00466002710164, 0.00867399200797, 0.00280092773028, 0.00132122158539, 0.00183009880129, 0.00303476350382, 0.00191189337056, 0.00181843864266, 0.00244198855944, 0.00346612790599, 0.00207764585502, 0.00223959377035, 0.0011877779616, 0.000795593427029, 0.000832940801047, 0.000668288732413, 0.000366145512089, 0.000180848437594, 0.000154466499225, 0.000127083054394, 7.73119172663e-05, 3.11198782583e-05, 1.84934851859e-05, 5.48639582121e-06, 4.69497854283e-06, 1.05459957922e-05, 0.000499383779243], "median": [0.000520919740666, 0.00274997833185, 0.000918573874515, 0.000464259064756, 0.00121445814148, 0.00172962457873, 0.000930460111704, 0.00111013255082, 0.0017433797475, 0.00279200170189, 0.00151515880134, 0.00178712210618, 0.000974673719611, 0.000728369690478, 0.000808788172435, 0.000722594151739, 0.000416593975388, 0.000208657686017, 0.000129097505123, 8.81387168192e-05, 4.0576185711e-05, 2.62061748799e-05, 1.41549462569e-05, 2.40638837568e-06, 1.27287194118e-06, 9.72293219093e-06, 0.00142654858064], "min": [1.30423803878e-14, 6.54575372583e-15, 4.9186919491e-15, 2.33335537171e-14, 5.32665037566e-14, 1.03899085719e-14, 1.58557808403e-14, 3.31825394256e-14, 5.64849308006e-14, 6.10761847998e-14, 4.31245073288e-14, 5.3172882899e-14, 2.80651339706e-14, 4.08704205191e-14, 1.48211358551e-13, 1.16098238878e-13, 1.56088100886e-13, 4.87247469748e-14, 1.19828910791e-13, 1.86938368973e-13, 3.65703425658e-13, 1.59020325662e-13, 4.33012973351e-13, 3.95541618122e-13, 6.92138024411e-13, 9.15641043889e-13, 1.41628039591e-12], "dvar2": [9.00715749594e-05, 0.000221059977775, 1.85551216418e-05, 4.8955080274e-06, 7.31537829779e-06, 2.85121350316e-05, 1.19289434224e-05, 7.26350208424e-06, 1.56111636898e-05, 2.07251105167e-05, 7.94431616669e-06, 9.08240144781e-06, 2.43997237703e-06, 9.1899266863e-07, 1.11841904982e-06, 6.67919891839e-07, 1.98241707494e-07, 7.67321424178e-08, 1.10330063308e-07, 1.80788120474e-07, 1.17739482164e-07, 4.52592008315e-09, 1.13768805488e-09, 6.5603349142e-11, 5.05920340343e-11, 2.32606225947e-10, 2.60699010823e-07], "dvar": [4.06657745771e-05, 8.59337596921e-05, 7.39955476092e-06, 1.91270169125e-06, 2.88444107355e-06, 1.08764361357e-05, 