{"tonal": {"thpcp": [1, 0.564712226391, 0.260344684124, 0.330226123333, 0.335934042931, 0.597202181816, 0.801147460938, 0.505241632462, 0.337163805962, 0.387399286032, 0.271162122488, 0.318204849958, 0.491636276245, 0.492898821831, 0.836064577103, 0.953245282173, 0.444036483765, 0.19838488102, 0.187803953886, 0.156014591455, 0.392166018486, 0.584602713585, 0.358857512474, 0.348233193159, 0.513698220253, 0.346690028906, 0.272581040859, 0.354450285435, 0.280251473188, 0.294724315405, 0.351227790117, 0.281777709723, 0.311979949474, 0.370301425457, 0.33772778511, 0.699469208717], "hpcp": {"dmean2": [0.131425246596, 0.116053320467, 0.111397340894, 0.127946078777, 0.112083569169, 0.0899635106325, 0.106334835291, 0.0952984467149, 0.0923083350062, 0.090367436409, 0.0909922271967, 0.0997615754604, 0.101862631738, 0.12089677155, 0.167393729091, 0.174491867423, 0.153873696923, 0.105028375983, 0.106039978564, 0.137878119946, 0.181659430265, 0.177502647042, 0.169748350978, 0.139178469777, 0.113297611475, 0.0973653867841, 0.115030869842, 0.119532935321, 0.150166735053, 0.177167639136, 0.174130141735, 0.131829440594, 0.10695566982, 0.0949336066842, 0.0764779672027, 0.110162034631], "median": [0.0346531495452, 0.0306269228458, 0.0225606821477, 0.0298299379647, 0.0283153168857, 0.0217466857284, 0.0172741319984, 0.0126301376149, 0.0127372741699, 0.0113057671115, 0.0110529027879, 0.0112949842587, 0.0136485286057, 0.0249621234834, 0.0729208961129, 0.0930357947946, 0.0552844777703, 0.0113161616027, 0.00423772027716, 0.0116636650637, 0.0272778589278, 0.0325991027057, 0.0328967012465, 0.0225992761552, 0.0157358217984, 0.0121143329889, 0.0170775465667, 0.0177234560251, 0.042941711843, 0.0893076211214, 0.0825966447592, 0.0389280430973, 0.0132741266862, 0.00776291219518, 0.00982313975692, 0.0271723326296], "min": [1.21906277855e-05, 1.42027074617e-05, 7.38248081689e-06, 1.06124398371e-05, 1.41705695569e-05, 1.1270867617e-05, 1.49787647388e-05, 1.6477151803e-05, 1.25848155221e-05, 1.85113985935e-05, 1.55824855028e-05, 2.49290897045e-05, 1.02734948086e-05, 2.77486233244e-05, 8.0391902884e-05, 9.07507637748e-05, 0.000103814258182, 0, 0, 0, 0, 0, 1.48147328218e-05, 1.43416373248e-05, 2.08071178349e-05, 2.40146218857e-05, 5.27544261786e-06, 2.59657372226e-06, 1.27169687403e-05, 1.03060447145e-05, 1.04839873529e-05, 1.51779831867e-05, 1.17889503599e-05, 8.87360238266e-06, 9.45073406911e-06, 1.33707317218e-05], "dvar2": [0.0492888242006, 0.0404352173209, 0.0368277058005, 0.057248711586, 0.0394930765033, 0.031073121354, 0.0449938587844, 0.0411459244788, 0.0376242548227, 0.0368499197066, 0.0384171046317, 0.0417291484773, 0.0397732555866, 0.0474397800863, 0.0617823339999, 0.0686796978116, 0.0534093640745, 0.0465685427189, 0.0631042569876, 0.0779667198658, 0.103677235544, 0.096002958715, 0.083526879549, 0.064850308001, 0.0491094365716, 0.0417021214962, 0.0552315339446, 0.0571324899793, 0.0624385811388, 0.0696703344584, 0.0735780522227, 0.0524974353611, 0.0592355206609, 0.0505205690861, 0.0287945885211, 0.0349326878786], "dvar": [0.0221185144037, 0.0148076238111, 0.0143072186038, 0.0227006766945, 0.0154302855954, 0.0117374798283, 0.0175381936133, 0.0152243683115, 0.0143948309124, 0.0155350761488, 0.0145112425089, 0.015839971602, 0.0154178598896, 0.0181719977409, 0.0232762601227, 0.0295778755099, 0.0210004225373, 0.0165673550218, 0.0236894115806, 0.0286454446614, 0.0362784005702, 0.0361153185368, 0.0307022146881, 0.0248053073883, 0.0194607358426, 0.0159934237599, 0.0199372321367, 0.0223645381629, 0.0224561877549, 0.0275338087231, 0.0307349544019, 0.0191834773868, 0.0202919729054, 0.017712764442, 0.00999097060412, 0.0146961417049], "dmean": [0.0826363414526, 0.0694331750274, 0.0675372183323, 0.077341593802, 0.0671145170927, 0.054346691817, 0.0629474744201, 0.0571467727423, 0.0564382784069, 0.0568366535008, 0.0546766892076, 0.0598615109921, 0.0608799792826, 0.0711025223136, 0.10177052021, 0.105890616775, 0.0919483602047, 0.0598551146686, 0.0611490011215, 0.0799435302615, 0.105655938387, 0.104064963758, 0.101174421608, 0.081713296473, 0.0655483976007, 0.0569939389825, 0.0671990662813, 0.0702967345715, 0.0894627273083, 0.109406918287, 0.10675303638, 0.0797581002116, 0.0610448457301, 0.0538430027664, 0.0432951040566, 0.0684631690383], "max": [1, 1, 1, 1, 1, 1, 1, 1, 1, 1, 1, 1, 1, 1, 1, 1, 1, 1, 1, 1, 1, 1, 1, 1, 1, 1, 1, 1, 1, 1, 1, 1, 1, 1, 1, 1], "var": [0.0787520185113, 0.0287262238562, 0.0316661782563, 0.0722001865506, 0.0304568074644, 0.0227692089975, 0.0473310612142, 0.0282100364566, 0.0328057259321, 0.048218626529, 0.0280314721167, 0.0335560590029, 0.0485769920051, 0.0311656966805, 0.0683343932033, 0.136017009616, 0.049456756562, 0.0270122420043, 0.0554253719747, 0.0374393165112, 0.0752870067954, 0.123387016356, 0.0544034093618, 0.0339551307261, 0.057097364217, 0.0309213381261, 0.0316231995821, 0.0763222873211, 0.0477690212429, 0.0972412377596, 0.125348106027, 0.03882323578, 0.0178782809526, 0.0184055380523, 0.0109173320234, 0.0368170700967], "mean": [0.171080470085, 0.105017498136, 0.101908348501, 0.15033069253, 0.10145675391, 0.0797692015767, 0.10372775048, 0.082013912499, 0.0862492993474, 0.102784700692, 0.082460552454, 0.0912990570068, 0.10836648941, 0.0988340079784, 0.204695463181, 0.292643994093, 0.165259644389, 0.0761883109808, 0.0966386944056, 0.0983090773225, 0.174767628312, 0.234450995922, 0.147855937481, 0.0986689627171, 0.113370075822, 0.0793539658189, 0.0931207388639, 0.143874406815, 0.144243881106, 0.244669273496, 0.278961509466, 0.129944607615, 0.0580561459064, 0.0549596995115, 0.0456567332149, 0.114765025675]}, "tuning_equal_tempered_deviation": 0.0442024767399, "chords_changes_rate": 0.058368768543, "key_key": "G", "tuning_diatonic_strength": 0.505144536495, "key_scale": "major", "chords_number_rate": 0.00734441448003, "tuning_frequency": 442.293365479, "tuning_nontempered_energy_ratio": 0.709780991077, "chords_histogram": [5.8368768692, 3.71086192131, 6.41669893265, 5.33436393738, 4.98647069931, 2.04870510101, 10.7846927643, 0, 0.889060676098, 0, 10.2821798325, 1.3915733099, 0.0386548116803, 0.309238493443, 1.12098956108, 4.44530344009, 2.12601470947, 16.7375335693, 3.28565907478, 2.7831466198, 2.08735990524, 6.03015089035, 5.102435112, 4.25202941895], "key_strength": 0.723461747169, "chords_key": "G", "chords_strength": {"dmean2": 0.00651843566447, "median": 0.504960358143, "min": 0.182346731424, "dvar2": 4.487644037e-05, "dvar": 5.09288838657e-05, "dmean": 0.00823338981718, "max": 0.766918301582, "var": 0.0100485133007, "mean": 0.502079844475}, "chords_scale": "minor", "hpcp_entropy": {"dmean2": 0.928616583347, "median": 1.68294239044, "min": 0.037533480674, "dvar2": 0.627276599407, "dvar": 0.232901021838, "dmean": 0.558005273342, "max": 3.85837292671, "var": 0.537076175213, "mean": 1.67603194714}}, "metadata": {"audio_properties": {"equal_loudness": 0, "codec": "flac", "downmix": "mix", "sample_rate": 44100, "analysis_sample_rate": 44100, "bit_rate": 0, "md5_encoded": "ebf4cc44a491bf1bb130e9b206ebef88", "length": 120.066665649, "replay_gain": -5.48685836792, "lossless": true}, "version": {"essentia_build_sha": "2d9f1f26377add8aeb1075a9c2973f962c4f09fd", "essentia": "2.1-beta2", "extractor": "music 1.0", "essentia_git_sha": "v2.1_beta2-1-ge3940c0"}, "tags": {"title": ["Tosca: Act II. \"Dov'\u00e8 dunque Angelotti?\" (Scarpia, Cavaradossi, Tosca)"], "barcode": ["724355630421"], "media": ["CD"], "albumartist": ["Giacomo Puccini; Maria Callas, Giuseppe Di Stefano, Tito Gobbi, Orchestra e Coro del Teatro alla Scala di Milano, Victor de Sabata"], "tracktotal": ["20"], "musicbrainz_releasegroupid": ["37d60b7e-60fd-424d-ac7e-555ce6ecfed0"], "releasetype": ["album"], "musicbrainz_recordingid": ["03cc41bd-adbb-4973-ba42-02fe432c066f"], "musicbrainz_albumartistid": ["a693df4a-8762-4a45-b7fd-6695b558385e", "9dee40b2-25ad-404c-9c9a-139feffd4b57", "3dcbbc64-b9e0-4bfa-b5ee-871de35be0c2", "e8762e31-b9c7-46c3-b47b-3c8c1fad59ed", "a8a96598-a77f-4e34-9860-f5f663d33b25", "c2431abf-0fef-48eb-b1fe-3bf3b506c432", "edc2472e-3dd6-4a5d-8012-e15dc940612a"], "originalyear": ["1953"], "musicbrainz_releasetrackid": ["fa5433ce-0eb1-36d8-9b33-1da556ebe499"], "discnumber": ["2"], "album": ["Tosca"], "catalognumber": ["5 56304 2", "CDS 5563042"], "releasecountry": ["GB"], "originaldate": ["1953"], "albumartistsort": ["Puccini, Giacomo; Callas, Maria, Di Stefano, Giuseppe, Gobbi, Tito, Orchestra del Teatro alla Scala di Milano e Coro del Teatro alla Scala di Milano, Sabata, Victor de"], "date": ["1997-03-10"], "file_name": "7b9cfa6548ee9910753b35145962.flac", "disctotal": ["2"], "acoustid_id": ["13d37b9c-fa65-48ee-9910-753b35145962"], "musicbrainz_artistid": ["a693df4a-8762-4a45-b7fd-6695b558385e"], "asin": ["B000002RXZ"], "musicbrainz_albumid": ["19625d21-622f-4ee0-8aff-f9919f8e6f57"], "tracknumber": ["4"], "artistsort": ["Puccini, Giacomo"], "artist": ["Giacomo Puccini"], "label": ["EMI Classics"], "releasestatus": ["official"], "totaldiscs": ["2"], "script": ["Latn"], "totaltracks": ["20"]}}, "rhythm": {"bpm_histogram_first_peak_bpm": {"dmean2": 0, "median": 144, "min": 144, "dvar2": 0, "dvar": 0, "dmean": 0, "max": 144, "var": 0, "mean": 144}, "bpm": 143.527587891, "bpm_histogram_second_peak_spread": {"dmean2": 0, "median": 0.536585390568, "min": 0.536585390568, "dvar2": 0, "dvar": 0, "dmean": 0, "max": 0.536585390568, "var": 0, "mean": 0.536585390568}, "bpm_histogram_first_peak_weight": {"dmean2": 0, "median": 0.0840336158872, "min": 0.0840336158872, "dvar2": 0, "dvar": 0, "dmean": 0, "max": 0.0840336158872, "var": 0, "mean": 0.0840336158872}, "onset_rate": 1.20750820637, "beats_position": [0.557278871536, 1.11455774307, 1.68344664574, 2.2523355484, 2.82122445107, 3.43655323982, 4.04027223587, 4.66721057892, 5.2941493988, 5.92108821869, 6.5596370697, 7.20979595184, 7.79029464722, 8.35918331146, 8.91646194458, 9.4853515625, 10.0426301956, 10.6115188599, 11.1687984467, 11.7376871109, 12.3065757751, 12.8754644394, 13.4907932281, 14.0945119858, 14.6982307434, 15.301949501, 15.8940582275, 16.4861679077, 17.0782756805, 17.6703853607, 18.181224823, 18.6920623779, 19.2145118713, 19.7485713959, 20.2710208893, 20.8282985687, 21.3855781555, 21.9312477112, 22.4885253906, 23.0341949463, 23.5798625946, 24.1371421814, 24.7176418304, 25.3329696655, 25.948299408, 26.563627243, 27.1905670166, 27.8175048828, 28.4444446564, 29.0713825226, 29.7099323273, 30.3600902557, 31.0102481842, 31.5094776154, 32.0203170776, 32.5311546326, 32.9839439392, 33.4367332458, 33.8895225525, 34.3423118591, 34.8067131042, 35.2711105347, 35.7355079651, 36.1882972717, 36.6410865784, 37.1054878235, 37.5698852539, 38.034286499, 38.4986839294, 38.9398651123, 39.3926506042, 39.8454399109, 40.3330612183, 40.8206787109, 41.3083000183, 41.7726974487, 42.2370948792, 42.7014961243, 43.1658935547, 43.6302947998, 44.0946922302, 44.5707015991, 45.046710968, 45.5111083984, 45.9638977051, 46.4282989502, 46.8810882568, 47.3454856873, 47.7866668701, 48.2278442383, 48.6690254211, 49.0869827271, 49.5165519714, 49.9461212158, 50.3756904602, 50.7936515808, 51.2116088867, 51.6295700073, 52.0359191895, 52.4306564331, 52.8370056152, 53.2433547974, 53.6497039795, 54.0560531616, 54.4624023438, 54.8687515259, 55.2634925842, 55.6582298279, 56.0529708862, 56.4477081299, 56.8424491882, 57.2371864319, 57.6203155518, 58.0266647339, 58.4214057922, 58.8277549744, 59.2341041565, 59.6172332764, 60.0003623962, 60.3718795776, 60.7434005737, 61.1613578796, 61.5793190002, 61.9972763062, 62.4152374268, 62.8331947327, 63.2511558533, 63.6691131592, 64.0754623413, 64.4934234619, 64.9113845825, 65.3293380737, 65.7472991943, 66.1652603149, 66.5716094971, 66.9895706177, 67.4191360474, 67.8487091064, 68.2782745361, 68.7078475952, 69.1374130249, 69.566986084, 69.9849395752, 70.4029006958, 70.8208618164, 71.2504272461, 71.6800003052, 72.1095657349, 72.5391387939, 73.0267562866, 73.5143737793, 74.001991272, 74.5360565186, 75.0701141357, 75.6157836914, 76.0801773071, 76.5329666138, 76.9973678589, 77.5082092285, 78.0190429688, 78.5298843384, 78.982673645, 79.4470748901, 79.8998641968, 80.3526535034, 80.8054428101, 81.2466201782, 81.6877975464, 82.1289749146, 82.5701599121, 83.0113372803, 83.4525146484, 83.9053039551, 84.3580932617, 84.8341064453, 85.3101119995, 85.7861175537, 86.3085708618, 86.8194122314, 87.3302459717, 87.8759155273, 88.4099731445, 88.9556427002, 89.5013122559, 90.0469818115, 90.5926513672, 91.1034927368, 91.6143264771, 92.1251678467, 92.6360092163, 93.1468429565, 93.7157363892, 94.2962341309, 94.8767318726, 95.4688415527, 96.0493392944, 96.6298370361, 97.2219467163, 97.8140563965, 98.4177780151, 99.0098876953, 99.6368255615, 100.263763428, 100.890701294, 101.506027222, 102.132965088, 102.759910583, 103.38684845, 104.013786316, 104.571060181, 105.128341675, 105.67401123, 106.231292725, 106.788566589, 107.322631836, 107.856689453, 108.39074707, 108.878364563, 109.365982056, 109.853607178, 110.364440918, 110.875282288, 111.386123657, 111.87374115, 112.361358643, 112.860588074, 113.359817505, 113.859046936, 114.346664429, 114.857505798, 115.356735229, 115.855964661, 116.355194092, 116.854415894, 117.353645325, 117.852874756, 118.352104187, 118.851333618, 119.350563049], "beats_loudness": {"dmean2": 0.014737076126, "median": 0.000800998182967, "min": 1.55012257892e-05, "dvar2": 0.00196040887386, "dvar": 0.000750484352466, "dmean": 0.0085077714175, "max": 0.295080304146, "var": 0.00076698709745, "mean": 0.010020185262}, "danceability": 0.866107881069, "bpm_histogram_second_peak_weight": {"dmean2": 0, "median": 0.0798319354653, "min": 0.0798319354653, "dvar2": 0, "dvar": 0, "dmean": 0, "max": 0.0798319354653, "var": 0, "mean": 0.0798319354653}, "beats_count": 239, "bpm_histogram_second_peak_bpm": {"dmean2": 0, "median": 129, "min": 129, "dvar2": 0, "dvar": 0, "dmean": 0, "max": 129, "var": 0, "mean": 129}, "bpm_histogram_first_peak_spread": {"dmean2": 0, "median": 0.555555522442, "min": 0.555555522442, "dvar2": 0, "dvar": 0, "dmean": 0, "max": 0.555555522442, "var": 0, "mean": 0.555555522442}, "beats_loudness_band_ratio": {"dmean2": [0.223328888416, 0.293367624283, 0.27797344327, 0.144247099757, 0.110158510506, 0.00972139742225], "median": [0.154099479318, 0.312903285027, 0.242740601301, 0.0634578242898, 0.0195347443223, 0.00147489446681], "min": [0.00134896975942, 0.000479425332742, 0.0059806862846, 0.000485257594846, 0.000418668991188, 5.12535625603e-05], "dvar2": [0.0565824434161, 0.0600281134248, 0.0669541358948, 0.0326758772135, 0.0406272299588, 0.000525723618921], "dvar": [0.0225306805223, 0.0255888942629, 0.0239954479039, 0.0127813592553, 0.0147588877007, 0.000184969234397], "dmean": [0.132894068956, 0.176389530301, 0.161538690329, 0.0872067809105, 0.0644987598062, 0.00522055244073], "max": [0.962730586529, 0.895016789436, 0.855078876019, 0.707814753056, 0.883956313133, 0.110794067383], "var": [0.0655298754573, 0.0530316755176, 0.0435144379735, 0.0169662646949, 0.0182709414512, 0.000159965100465], "mean": [0.244400694966, 0.343177676201, 0.288630694151, 0.113584369421, 0.0742336288095, 0.00560126686469]}}, "lowlevel": {"barkbands_spread": {"dmean2": 2.91867399216, "median": 8.38159561157, "min": 0.885385513306, "dvar2": 12.2647838593, "dvar": 5.39589214325, "dmean": 1.92847204208, "max": 40.4360313416, "var": 36.0147476196, "mean": 9.80454826355}, "melbands_spread": {"dmean2": 4.43704080582, "median": 10.4484481812, "min": 0.905397415161, "dvar2": 36.7346687317, "dvar": 16.6851062775, "dmean": 2.93912768364, "max": 67.4548187256, "var": 97.3660888672, "mean": 13.0108060837}, "hfc": {"dmean2": 2.33937144279, "median": 0.381107091904, "min": 0.000951447233092, "dvar2": 64.9729919434, "dvar": 39.6876106262, "dmean": 1.7849252224, "max": 200.510375977, "var": 308.24697876, "mean": 6.57016372681}, "barkbands_kurtosis": {"dmean2": 2.84179925919, "median": 2.16734647751, "min": -1.77785634995, "dvar2": 20.0785274506, "dvar": 9.17739200592, "dmean": 1.87325143814, "max": 101.922538757, "var": 63.8754730225, "mean": 4.44936561584}, "gfcc": {"mean": [-239.928314209, 147.530349731, -125.45854187, -13.3390254974, -45.7899513245, -16.7625484467, -38.0071296692, -2.50336170197, -17.4618034363, -4.26242446899, -11.1276054382, -3.6283967495, -7.39974498749], "icov": [[0.000727434176952, -0.00144807063043, 0.00161941361148, -0.00173817772884, 0.00226632598788, -0.00196594628505, 0.00160565890837, -0.000910860660952, 0.000337929232046, 0.000130658532726, -8.72566452017e-05, 0.000327418005327, -0.000118767486128], [-0.00144807063043, 0.00536902435124, -0.00386491115205, 0.00457463087514, -0.00608181348071, 0.00588988512754, -0.00576953263953, 0.00497934687883, -0.00248267059214, 0.00227378611453, -0.00224608718418, 0.00224462128244, -0.000789004261605], [0.00161941361148, -0.00386491115205, 0.00462133204564, -0.00427548959851, 0.0050840084441, -0.00543484510854, 0.00409105187282, -0.00280035287142, 0.00242931139655, -0.00188476848416, 0.00231016497128, -0.00127818633337, 0.000943279417697], [-0.00173817772884, 0.00457463087514, -0.00427548959851, 0.00756160309538, -0.00601764582098, 0.00473852735013, -0.00593363773078, 0.0052643623203, -0.00277551589534, 0.00158453849144, -0.000978569500148, 0.000719135161489, -0.000498052453622], [0.00226632598788, -0.00608181348071, 0.0050840084441, -0.00601764582098, 0.0116563802585, -0.00730855669826, 0.00708977458999, -0.00474014459178, 0.000375817820895, -0.000710694526788, 0.00193541345652, -0.00120749732014, 0.00119374424685], [-0.00196594628505, 0.00588988512754, -0.00543484510854, 0.00473852735013, -0.00730855669826, 0.0132647613063, -0.00659596221521, 0.00391089590266, -0.00323350238614, 0.00203321455047, -0.00124482077081, -0.000714999216143, 0.00159096205607], [0.00160565890837, -0.00576953263953, 0.00409105187282, -0.00593363773078, 0.00708977458999, -0.00659596221521, 0.0120753562078, -0.00918258260936, 0.00641533033922, -0.00437404029071, 0.00186003092676, -0.000516800559126, -0.00109114451334], [-0.000910860660952, 0.00497934687883, -0.00280035287142, 0.0052643623203, -0.00474014459178, 0.00391089590266, -0.00918258260936, 0.0170032456517, -0.00927340332419, 0.00573259266093, -0.00128717091866, 0.000798153923824, 0.00114430219401], [0.000337929232046, -0.00248267059214, 0.00242931139655, -0.00277551589534, 0.000375817820895, -0.00323350238614, 0.00641533033922, -0.00927340332419, 0.0167385563254, -0.00771918706596, 0.00319305853918, -0.000416563125327, 4.22520452048e-06], [0.000130658532726, 0.00227378611453, -0.00188476848416, 0.00158453849144, -0.000710694526788, 0.00203321455047, -0.00437404029071, 0.00573259266093, -0.00771918706596, 0.0143873654306, -0.00936712697148, 0.00641695363447, -0.00376333994791], [-8.72566452017e-05, -0.00224608718418, 0.00231016497128, -0.000978569500148, 0.00193541345652, -0.00124482077081, 0.00186003092676, -0.00128717091866, 0.00319305853918, -0.00936712697148, 0.0204548202455, -0.013798606582, 0.0074926414527], [0.000327418005327, 0.00224462128244, -0.00127818633337, 0.000719135161489, -0.00120749732014, -0.000714999216143, -0.000516800559126, 0.000798153923824, -0.000416563125327, 0.00641695363447, -0.013798606582, 0.0227495189756, -0.0113128609955], [-0.000118767486128, -0.000789004261605, 0.000943279417697, -0.000498052453622, 0.00119374424685, 0.00159096205607, -0.00109114451334, 0.00114430219401, 4.22520452048e-06, -0.00376333994791, 0.0074926414527, -0.0113128609955, 0.01843649894]], "cov": [[15852.1396484, 111.77797699, -4649.76660156, 518.119873047, -929.68170166, -261.790985107, -252.139190674, -186.198928833, 156.73588562, -432.023193359, 313.363769531, -213.071533203, 91.9023666382], [111.77797699, 1075.01611328, 205.470870972, -107.556106567, 165.432998657, -169.079681396, 120.923179626, -104.232658386, -34.9922065735, -8.59258174896, -10.9705867767, -87.9539108276, -0.443945258856], [-4649.76660156, 205.470870972, 2270.97607422, 112.601974487, 166.311523438, 223.840835571, 146.872756958, -18.9991874695, -123.547866821, 136.877716064, -136.692932129, 45.274394989, -43.2212753296], [518.119873047, -107.556106567, 112.601974487, 401.937835693, -8.35238170624, 55.4995880127, 48.9982414246, -38.2715263367, -3.87542152405, -0.852720439434, -9.03315830231, -0.893605411053, 7.80821084976], [-929.68170166, 165.432998657, 166.311523438, -8.35238170624, 340.504943848, 27.6734218597, -53.5068664551, 21.3010196686, 51.83934021, -5.68075847626, -36.2634658813, -10.4139328003, -29.3921508789], [-261.790985107, -169.079681396, 223.840835571, 55.4995880127, 27.6734218597, 204.746063232, 21.446521759, 30.9841022491, 7.86160564423, 0.801330804825, -11.3426237106, 21.0092964172, -21.3265972137], [-252.139190674, 120.923179626, 146.872756958, 48.9982414246, -53.5068664551, 21.446521759, 264.455200195, 46.0273628235, -44.8489723206, 33.3264274597, -2.71047258377, -2.08670473099, 18.4024810791], [-186.198928833, -104.232658386, -18.9991874695, -38.2715263367, 21.3010196686, 30.9841022491, 46.0273628235, 142.370635986, 47.9366760254, -14.7316827774, -17.1777038574, -0.07804299891, -11.9723644257], [156.73588562, -34.9922065735, -123.547866821, -3.87542152405, 51.83934021, 7.86160564423, -44.8489723206, 47.9366760254, 125.956611633, 29.0894317627, -0.731917381287, -15.1656837463, -7.035343647], [-432.023193359, -8.59258174896, 136.877716064, -0.852720439434, -5.68075847626, 0.801330804825, 33.3264274597, -14.7316827774, 29.0894317627, 152.672058105, 42.9766731262, 3.8110806942, 9.03852653503], [313.363769531, -10.9705867767, -136.692932129, -9.03315830231, -36.2634658813, -11.3426237106, -2.71047258377, -17.1777038574, -0.731917381287, 42.9766731262, 116.735641479, 47.6491127014, 3.10062098503], [-213.071533203, -87.9539108276, 45.274394989, -0.893605411053, -10.4139328003, 21.0092964172, -2.08670473099, -0.07804299891, -15.1656837463, 3.8110806942, 47.6491127014, 104.050109863, 36.5285568237], [91.9023666382, -0.443945258856, -43.2212753296, 7.80821084976, -29.3921508789, -21.3265972137, 18.4024810791, -11.9723644257, -7.035343647, 9.03852653503, 3.10062098503, 36.5285568237, 85.8121185303]]}, "spectral_energyband_middle_low": {"dmean2": 0.00236095511355, "median": 0.000487371173222, "min": 2.05697702427e-07, "dvar2": 6.36462136754e-05, "dvar": 3.43704232364e-05, "dmean": 0.00170748354867, "max": 0.303594112396, "var": 0.000219226829358, "mean": 0.00512077985331}, "melbands_crest": {"dmean2": 4.39341926575, "median": 13.1871128082, "min": 3.96589159966, "dvar2": 16.950548172, "dvar": 6.89719390869, "dmean": 2.82694172859, "max": 32.241104126, "var": 27.887468338, "mean": 14.1375436783}, "spectral_kurtosis": {"dmean2": 10.4558525085, "median": 16.9966602325, "min": 0.244070604444, "dvar2": 107.150009155, "dvar": 35.3941421509, "dmean": 5.99298763275, "max": 75.9794387817, "var": 149.352539063, "mean": 19.4236660004}, "spectral_rms": {"dmean2": 0.000321688217809, "median": 0.000842964858748, "min": 9.10886010388e-05, "dvar2": 3.8177969941e-07, "dvar": 2.26714689688e-07, "dmean": 0.000236901803873, "max": 0.0185559634119, "var": 4.81595998281e-06, "mean": 0.00169459567405}, "zerocrossingrate": {"dmean2": 0.00474539492279, "median": 0.02880859375, "min": 0.001953125, "dvar2": 2.11873466469e-05, "dvar": 1.51862213897e-05, "dmean": 0.0037655539345, "max": 0.1171875, "var": 0.000256524392171, "mean": 0.0331523343921}, "silence_rate_60dB": {"dmean2": 0.035589940846, "median": 1, "min": 0, "dvar2": 0.0412863455713, "dvar": 0.0174727328122, "dmean": 0.0177915301174, "max": 1, "var": 0.176919907331, "mean": 0.770301640034}, "erbbands_kurtosis": {"dmean2": 2.01647663116, "median": 0.740826070309, "min": -1.87363612652, "dvar2": 9.76437473297, "dvar": 4.92581319809, "dmean": 1.35296940804, "max": 85.7760009766, "var": 19.8936347961, "mean": 2.15935301781}, "erbbands": {"dmean2": [0.00112375023309, 0.0198062621057, 0.139460802078, 0.632506251335, 0.67898619175, 1.07094287872, 3.70822238922, 8.92741203308, 8.94803524017, 10.1366539001, 10.6127262115, 26.5289745331, 16.2858600616, 9.38568401337, 10.3693752289, 13.0987958908, 23.2665519714, 13.5765123367, 10.8369550705, 9.93946170807, 10.4997320175, 8.66525173187, 5.87254476547, 2.51726961136, 1.18485450745, 0.86686873436, 0.423056334257, 0.261489063501, 0.181508630514, 0.124487422407, 0.0637900978327, 0.0381764397025, 0.0196039155126, 0.00856729410589, 0.00308397458866, 0.000821392866783, 0.000156118709128, 1.88209523913e-05, 2.93848688671e-06, 3.3542780784e-06], "median": [0.000124608486658, 0.00166467262898, 0.0152849256992, 0.0504189617932, 0.103690735996, 0.172918379307, 0.496886849403, 0.751680374146, 0.811174988747, 0.698438286781, 0.822039723396, 0.556004047394, 0.670673966408, 0.479658305645, 0.28894084692, 0.324136197567, 0.286547601223, 0.299097836018, 0.223721131682, 0.197697415948, 0.172455877066, 0.108267113566, 0.0683740228415, 0.0381380021572, 0.0242770723999, 0.0119063798338, 0.00529944757, 0.00220740726218, 0.000894454191439, 0.000443536206149, 0.000299454870401, 0.00019048336253, 0.000134542700835, 9.52123955358e-05, 6.35160104139e-05, 3.80426208721e-05, 1.79461967491e-05, 6.73391241435e-06, 2.06064146369e-06, 9.90008402368e-07], "min": [2.01786351681e-05, 9.47071202972e-06, 9.76262890617e-06, 3.82568978239e-05, 7.93402650743e-05, 0.000103354446765, 0.000135526744998, 0.000114903647045, 0.000112624307803, 0.000147506201756, 0.00014798931079, 0.000103262012999, 5.99035010964e-05, 8.36730687297e-05, 9.62697085924e-05, 0.000122744531836, 0.000148314997205, 0.000133422523504, 9.14410120458e-05, 8.1614634837e-05, 0.000116130591778, 9.7724609077e-05, 8.62133456394e-05, 7.96036256361e-05, 7.33602064429e-05, 9.37750737648e-05, 6.70178269502e-05, 6.66266569169e-05, 5.84883928241e-05, 5.8058907598e-05, 5.62535788049e-05, 5.5129876273e-05, 4.14121095673e-05, 3.77825126634e-05, 2.39554010477e-05, 1.32373588713e-05, 5.88226976106e-06, 3.11432199851e-06, 6.89276362209e-07, 7.49475148609e-08], "dvar2": [2.38441425608e-05, 0.0074541112408, 0.650372922421, 60.1074485779, 20.0436344147, 47.4922027588, 166.614715576, 860.763549805, 2460.07299805, 5176.609375, 1610.00878906, 17758.8066406, 24155.5117188, 4015.43261719, 2476.27612305, 3794.15478516, 16484.0253906, 7287.12255859, 3686.95092773, 1879.37036133, 2557.35668945, 1439.66967773, 860.201660156, 99.6999206543, 27.6658153534, 22.058719635, 7.63180923462, 2.12339782715, 0.923826217651, 0.39986205101, 0.284097343683, 0.0389476679265, 0.0110197002068, 0.00262589007616, 0.00037552966387, 2.51889396168e-05, 9.94587480818e-07, 1.69198699496e-08, 1.85605461556e-10, 1.20003992854e-10], "dvar": [9.4465294751e-06, 0.00265143346041, 0.260357648134, 19.8122062683, 7.26718187332, 25.5551052094, 78.2665023804, 409.223754883, 1468.11376953, 2794.1015625, 688.108154297, 8230.95605469, 10921.2265625, 2141.84960938, 1003.36175537, 1639.71398926, 6892.05175781, 3207.0078125, 1654.02050781, 849.167175293, 1048.8046875, 745.797729492, 385.026153564, 46.2234077454, 13.9136829376, 9.65541648865, 3.44608449936, 1.12658536434, 0.440206557512, 0.185063555837, 0.124888420105, 0.0192815884948, 0.00621392996982, 0.0014950883342, 0.000203655086807, 1.42841408888e-05, 6.74191426242e-07, 1.08119326825e-08, 1.1233958902e-10, 7.34103541844e-11], "dmean": [0.000717725954019, 0.0120868775994, 0.090725839138, 0.374541580677, 0.428799986839, 0.736685216427, 2.59051465988, 6.21546363831, 6.65482139587, 7.03187036514, 6.82404947281, 18.3200626373, 10.6210193634, 6.3714556694, 6.69072389603, 8.28882980347, 15.0259637833, 8.67940616608, 7.11049222946, 6.49787807465, 6.72302055359, 6.12120008469, 3.90742468834, 1.71051335335, 0.801716804504, 0.560253143311, 0.284118980169, 0.173946291208, 0.124060183764, 0.0831713974476, 0.0468441024423, 0.0269165951759, 0.0143868159503, 0.00627761892974, 0.00227016350254, 0.000604370667133, 0.000114546790428, 1.38049863381e-05, 2.19719663619e-06, 2.53649841397e-06], "max": [0.125559791923, 1.22711896896, 22.1997470856, 155.215530396, 116.145080566, 379.376678467, 364.732788086, 916.344665527, 1611.4732666, 3353.82055664, 561.00604248, 2807.15112305, 6025.08496094, 2160.58520508, 1154.71179199, 1226.80712891, 2452.95678711, 2319.09912109, 1765.53320313, 824.111022949, 1532.21716309, 1208.33813477, 525.993408203, 184.518066406, 136.671096802, 109.806167603, 75.7052154541, 54.5414199829, 23.972530365, 15.0764036179, 17.3090114594, 4.67414855957, 2.63281059265, 1.54025650024, 0.648235201836, 0.142563134432, 0.0427536442876, 0.0050825541839, 0.000566214439459, 0.000401642726501], "var": [5.16215004609e-05, 0.00699139526114, 0.855334997177, 16.1696128845, 12.9838132858, 93.5882568359, 350.685241699, 1939.11364746, 6852.859375, 7098.57519531, 1830.56713867, 15796.8134766, 11921.9951172, 3846.44628906, 2085.44580078, 2964.78955078, 11054.4599609, 5883.60253906, 4609.31298828, 2431.97949219, 2755.08325195, 2505.50952148, 1064.42602539, 151.25541687, 60.9191207886, 27.3927707672, 9.46169090271, 3.82207679749, 2.01593613625, 0.833267509937, 0.270530670881, 0.0725616067648, 0.0225977580994, 0.00449303165078, 0.000578696723096, 4.99901289004e-05, 2.33531181948e-06, 3.05919201082e-08, 5.06420905211e-10, 6.1835198073e-10], "mean": [0.0017985975137, 0.0245466399938, 0.181095898151, 0.507622003555, 0.710882365704, 1.58872759342, 6.05796146393, 14.121427536, 15.1468954086, 13.4930496216, 13.3100395203, 31.5229454041, 15.302740097, 11.5007381439, 12.028834343, 13.3551912308, 22.1736869812, 13.7275772095, 13.1699380875, 12.4095001221, 13.1553134918, 12.0943174362, 7.66972255707, 3.64548134804, 1.91408765316, 1.20200252533, 0.662855088711, 0.421261757612, 0.317016154528, 0.20756085217, 0.109147980809, 0.0632435679436, 0.0316137969494, 0.0137185361236, 0.00500111142173, 0.00139955664054, 0.000277597282548, 3.5860670323e-05, 8.40322172735e-06, 9.59899080044e-06]}, "spectral_strongpeak": {"dmean2": 0.375984370708, "median": 0.212763190269, "min": 0, "dvar2": 0.848998427391, "dvar": 0.360610276461, "dmean": 0.24152353406, "max": 10.9006376266, "var": 1.23956525326, "mean": 0.603612363338}, "spectral_energy": {"dmean2": 0.00286726793274, "median": 0.000728354556486, "min": 8.504561265e-06, "dvar2": 8.75359546626e-05, "dvar": 5.25111390743e-05, "dmean": 0.00215529510751, "max": 0.352931886911, "var": 0.000433609442553, "mean": 0.0078798122704}, "average_loudness": 0.00517974887043, "spectral_rolloff": {"dmean2": 249.354278564, "median": 710.595703125, "min": 21.533203125, "dvar2": 131887.125, "dvar": 60549.7617188, "dmean": 149.105865479, "max": 3488.37890625, "var": 363026.90625, "mean": 905.928649902}, "spectral_centroid": {"dmean2": 136.792221069, "median": 618.846557617, "min": 201.189468384, "dvar2": 35406.25, "dvar": 16920.0761719, "dmean": 94.136756897, "max": 2779.74829102, "var": 186281.59375, "mean": 760.359069824}, "pitch_salience": {"dmean2": 0.0918214246631, "median": 0.57974421978, "min": 0.140744298697, "dvar2": 0.00714157428592, "dvar": 0.00287361862138, "dmean": 0.0588722378016, "max": 0.869670152664, "var": 0.0132253561169, "mean": 0.570691645145}, "spectral_energyband_middle_high": {"dmean2": 0.00133194192313, "median": 9.07863577595e-05, "min": 6.2068025386e-08, "dvar2": 3.25590444845e-05, "dvar": 1.5529407392e-05, "dmean": 0.000905959459487, "max": 0.155996218324, "var": 5.73104480281e-05, "mean": 0.00250024744309}, "spectral_contrast_coeffs": {"dmean2": [0.0614526346326, 0.0584504306316, 0.05194196105, 0.0403299666941, 0.027706740424, 0.0180148910731], "median": [-0.658929586411, -0.73053330183, -0.764303803444, -0.795693874359, -0.809557437897, -0.825162649155], "min": [-0.903733789921, -0.950747787952, -0.942770242691, -0.933412313461, -0.926721453667, -0.911742568016], "dvar2": [0.00264673726633, 0.00259162089787, 0.001906344085, 0.00121046323329, 0.000590038835071, 0.000264247995801], "dvar": [0.000980868004262, 0.00101707957219, 0.00081353331916, 0.000534497725312, 0.000297307356959, 0.000108429208922], "dmean": [0.0379384271801, 0.0372800342739, 0.0322906449437, 0.0246684346348, 0.0177622660995, 0.0110297519714], "max": [-0.315878719091, -0.359567314386, -0.400948703289, -0.50312936306, -0.515063464642, -0.656961798668], "var": [0.00745486840606, 0.00679970532656, 0.00605785334483, 0.00546796387061, 0.00629247166216, 0.00319992541336], "mean": [-0.652631223202, -0.722752690315, -0.759095966816, -0.786141932011, -0.792638242245, -0.814496457577]}, "melbands_skewness": {"dmean2": 0.661157011986, "median": 1.4603073597, "min": -2.33171987534, "dvar2": 0.414495021105, "dvar": 0.182285353541, "dmean": 0.446620464325, "max": 8.97921276093, "var": 1.26519441605, "mean": 1.5592468977}, "spectral_spread": {"dmean2": 360499.90625, "median": 2153301, "min": 806399, "dvar2": 127215116288, "dvar": 61193629696, "dmean": 223804.15625, "max": 9212822, "var": 1059954950140.0, "mean": 2415497.25}, "dissonance": {"dmean2": 0.0510774701834, "median": 0.43395024538, "min": 0.180328339338, "dvar2": 0.00189925369341, "dvar": 0.000696066825185, "dmean": 0.0300851650536, "max": 0.500000178814, "var": 0.00218891096301, "mean": 0.424807339907}, "spectral_skewness": {"dmean2": 0.769500315189, "median": 2.90412521362, "min": 0.764803051949, "dvar2": 0.495489060879, "dvar": 0.164190083742, "dmean": 0.4443166852, "max": 7.21204471588, "var": 1.15548670292, "mean": 3.01052570343}, "spectral_flux": {"dmean2": 0.0121767325327, "median": 0.0106447394937, "min": 0.000533199170604, "dvar2": 0.000737393798772, "dvar": 0.000288620067295, "dmean": 0.00755489524454, "max": 0.407026439905, "var": 0.0017329743132, "mean": 0.0267481282353}, "spectral_contrast_valleys": {"dmean2": [0.582875549793, 0.470022141933, 0.425535559654, 0.35963138938, 0.248295783997, 0.197836562991], "median": [-9.7118768692, -8.14595031738, -9.20714569092, -9.82869052887, -10.567656517, -13.8877658844], "min": [-12.4575433731, -11.966550827, -12.48965168, -12.8031339645, -12.6101484299, -14.4121284485], "dvar2": [0.228297203779, 0.144195765257, 0.112058855593, 0.0927874296904, 0.045602094382, 0.0538431592286], "dvar": [0.0789978578687, 0.0533669926226, 0.0444960594177, 0.0403165072203, 0.0208649374545, 0.0309770479798], "dmean": [0.346878707409, 0.284911006689, 0.256665438414, 0.220984399319, 0.15384054184, 0.131467238069], "max": [-6.3006401062, -4.3369269371, -5.12333536148, -5.66253089905, -5.6857919693, -9.02963066101], "var": [1.43531763554, 1.71468138695, 2.03184890747, 2.22533750534, 2.11895227432, 1.16749119759], "mean": [-9.69124984741, -8.18850517273, -9.16578483582, -9.75583362579, -10.3466815948, -13.3990764618]}, "erbbands_flatness_db": {"dmean2": 0.0207796171308, "median": 0.251904547215, "min": 0.0405997298658, "dvar2": 0.00037869400694, "dvar": 0.000203058240004, "dmean": 0.0144681399688, "max": 0.408828228712, "var": 0.00288264336996, "mean": 0.250613033772}, "spectral_energyband_high": {"dmean2": 1.60485687957e-05, "median": 2.74592537153e-07, "min": 2.4479865246e-08, "dvar2": 8.37082225758e-09, "dvar": 5.11851494522e-09, "dmean": 1.21543489513e-05, "max": 0.00366070168093, "var": 2.60254502393e-08, "mean": 3.78322765755e-05}, "spectral_entropy": {"dmean2": 0.190588876605, "median": 6.61386871338, "min": 4.52565097809, "dvar2": 0.0292483959347, "dvar": 0.0142009723932, "dmean": 0.129893705249, "max": 8.25227642059, "var": 0.228511735797, "mean": 6.60249662399}, "silence_rate_20dB": {"dmean2": 0.000773694366217, "median": 1, "min": 0, "dvar2": 0.00115983269643, "dvar": 0.000386595260352, "dmean": 0.000386772386264, "max": 1, "var": 0.000193331536138, "mean": 0.999806642532}, "melbands_flatness_db": {"dmean2": 0.0250771027058, "median": 0.30246001482, "min": 0.109316952527, "dvar2": 0.000513420556672, "dvar": 0.000236917941947, "dmean": 0.0170225184411, "max": 0.500910460949, "var": 0.00421240506694, "mean": 0.298103988171}, "barkbands": {"dmean2": [3.57523163075e-06, 6.98006697348e-05, 0.000167488600709, 0.000290334603051, 0.00026543540298, 0.000949929351918, 0.000636668759398, 0.000456270819996, 0.00108414015267, 0.00042920501437, 0.000258782500168, 0.000319559942, 0.000520786445122, 0.000320871273289, 0.000204770913115, 0.000193481333554, 0.000213464270928, 0.000109691325633, 3.43986976077e-05, 1.63929435075e-05, 8.12020334706e-06, 4.6908889999e-06, 2.54002748079e-06, 1.40723955155e-06, 5.71689724893e-07, 1.13430381532e-07, 1.13213429742e-08], "median": [1.1895026546e-05, 5.49039850739e-06, 1.37949227792e-05, 1.78364007297e-05, 5.35143517482e-05, 0.000100889104942, 4.184388672e-05, 3.4470220271e-05, 1.9896442609e-05, 1.54848403326e-05, 5.94712219026e-06, 6.302847396e-06, 4.93637071486e-06, 3.94840162699e-06, 3.61840557161e-06, 2.34977460423e-06, 1.91713752429e-06, 1.02012586467e-06, 5.66336211705e-07, 2.41577993165e-07, 7.94350185629e-08, 2.21531486488e-08, 1.10200542025e-08, 8.31775182064e-09, 8.64796856348e-09, 9.51507406199e-09, 1.17923892873e-08], "min": [1.18170885344e-06, 1.24464900608e-08, 7.47064454742e-09, 7.32832461381e-09, 2.34699690793e-08, 1.19179350833e-08, 6.83504541854e-09, 5.75076786191e-09, 5.13945686009e-09, 1.40643163782e-09, 1.61948110478e-09, 2.66370348001e-09, 1.71024205908e-09, 2.26151675164e-09, 1.06774811215e-09, 1.68795932787e-09, 1.63831004318e-09, 1.2185985554e-09, 1.42824907456e-09, 1.69670544281e-09, 1.42725342656e-09, 1.90043492054e-09, 1.91670901373e-09, 2.50468001894e-09, 3.97885147052e-09, 3.53041151868e-09, 4.48782877527e-09], "dvar2": [3.19908231849e-11, 9.45880813674e-08, 1.28744648009e-06, 1.0793225556e-05, 2.12310396819e-06, 9.89636737359e-06, 1.33578878376e-05, 3.84395798392e-06, 2.26336287596e-05, 2.36726173171e-05, 1.58243199166e-06, 2.81023858406e-06, 7.91690217739e-06, 3.7573965983e-06, 1.17421268442e-06, 8.53763140185e-07, 8.56862243381e-07, 3.13036508715e-07, 1.95617904097e-08, 7.58217488794e-09, 2.60513188799e-09, 6.65443256054e-10, 3.64670377229e-10, 5.62146440508e-11, 1.23335499799e-11, 4.73358060648e-13, 5.45246077224e-15], "dvar": [1.04061438286e-11, 3.32343645937e-08, 4.904578077e-07, 3.61391676051e-06, 9.84970483842e-07, 4.74934313388e-06, 8.47705086926e-06, 1.65145661413e-06, 1.04754681161e-05, 1.02237272586e-05, 6.43938903977e-07, 1.17586898796e-06, 3.22838036482e-06, 1.52345592142e-06, 4.71748336395e-07, 3.25644151644e-07, 3.78626538122e-07, 1.27567503228e-07, 8.51535464363e-09, 3.33784666573e-09, 1.24355548081e-09, 3.21723259145e-10, 1.62678093218e-10, 2.87988972947e-11, 7.04759861581e-12, 2.9907695244e-13, 2.70633993494e-15], "dmean": [2.10902680919e-06, 4.28873499914e-05, 0.000105721519503, 0.00017563556321, 0.000177715992322, 0.000666174571961, 0.000487469078507, 0.000284156034468, 0.000727883074433, 0.000279218074866, 0.000165441902936, 0.000202874391107, 0.000325121625792, 0.00020540683181, 0.000128696323372, 0.000120285825687, 0.000137506489409, 7.0236143074e-05, 2.15972668229e-05, 1.05526123662e-05, 5.52535993847e-06, 3.2449313494e-06, 1.84566590633e-06, 1.00711235973e-06, 4.20106943011e-07, 8.34540685446e-08, 7.60022356161e-09], "max": [5.63665926165e-05, 0.00451395101845, 0.0331582054496, 0.066168576479, 0.0668890029192, 0.101965799928, 0.124822482467, 0.0567021146417, 0.0947391167283, 0.165512576699, 0.0302289873362, 0.0428809821606, 0.0473044030368, 0.0398394390941, 0.0236209500581, 0.023255025968, 0.0185285639018, 0.0090058259666, 0.00238091079518, 0.00248787901364, 0.0015832973877, 0.000800499634352, 0.000610727118328, 0.000178062691703, 0.000111718196422, 2.25560452236e-05, 2.50455582318e-06], "var": [1.14709951607e-11, 8.77726193949e-08, 1.24869256979e-06, 3.04711284116e-06, 3.62643686458e-06, 2.32913916989e-05, 3.82232101401e-05, 3.7784898268e-06, 2.30662662943e-05, 1.01760660982e-05, 1.34216668357e-06, 1.67098642123e-06, 5.44616705156e-06, 3.50251661985e-06, 8.75736020589e-07, 7.63854757224e-07, 1.03910474536e-06, 2.59028951177e-07, 2.91593735824e-08, 9.94698545753e-09, 3.70642405656e-09, 1.45872469659e-09, 3.88496151915e-10, 1.06217125373e-10, 2.07693185567e-11, 1.08049983891e-12, 5.96235046605e-15], "mean": [1.2299534319e-05, 8.49544376251e-05, 0.000193377127289, 0.000216175030801, 0.000377330143237, 0.00154810934328, 0.00107185391244, 0.000470552680781, 0.00129041017499, 0.000