{"tonal": {"thpcp": [1, 0.630561470985, 0.20951269567, 0.138306826353, 0.118190616369, 0.15926143527, 0.218454256654, 0.183750927448, 0.245803758502, 0.416959404945, 0.327015846968, 0.364553779364, 0.533897936344, 0.3595674932, 0.466072499752, 0.707534432411, 0.43360131979, 0.206050246954, 0.250290423632, 0.211562767625, 0.289167225361, 0.481844365597, 0.396086812019, 0.222210779786, 0.17897965014, 0.192492842674, 0.279120355844, 0.344237208366, 0.315771758556, 0.389900714159, 0.464424043894, 0.298757404089, 0.162265315652, 0.16210322082, 0.209085658193, 0.628083884716], "hpcp": {"dmean2": [0.140051677823, 0.132304191589, 0.162331163883, 0.214394584298, 0.201348245144, 0.193977370858, 0.225094154477, 0.191934227943, 0.220969542861, 0.244431510568, 0.198567733169, 0.146431699395, 0.169484078884, 0.160264536738, 0.183699965477, 0.230751216412, 0.221989005804, 0.182822600007, 0.16305346787, 0.171348959208, 0.197590261698, 0.212087959051, 0.222479730844, 0.245956122875, 0.265378654003, 0.212402686477, 0.16391056776, 0.160446986556, 0.187218382955, 0.297306478024, 0.346413224936, 0.283407449722, 0.186840817332, 0.144226133823, 0.126186639071, 0.129545286298], "median": [0.0137501629069, 0.0139864124358, 0.0144679266959, 0.0159183647484, 0.0200152173638, 0.0372469462454, 0.0471790395677, 0.0436109602451, 0.0447312407196, 0.0637960061431, 0.0488890334964, 0.0153322927654, 0.00940606463701, 0.0095602851361, 0.0312724523246, 0.0554564297199, 0.0425651594996, 0.0142913945019, 0.00755310337991, 0.00694473600015, 0.0241297855973, 0.0341025181115, 0.0361083932221, 0.0395327359438, 0.0392872467637, 0.0187873654068, 0.00741799548268, 0.0076946709305, 0.0129942251369, 0.123427353799, 0.207119271159, 0.116334699094, 0.016079172492, 0.00624406291172, 0.0040250485763, 0.00844228453934], "min": [0, 0, 0, 0, 0, 0, 0, 0, 0, 0, 0, 0, 0, 0, 0, 0, 0, 0, 0, 0, 0, 0, 0, 0, 0, 0, 0, 0, 0, 0, 0, 0, 0, 0, 0, 0], "dvar2": [0.0760076195002, 0.0715714544058, 0.0778605490923, 0.112307183444, 0.0916903242469, 0.0740851759911, 0.100736245513, 0.0645840540528, 0.0890397727489, 0.104091748595, 0.0738185793161, 0.0581413283944, 0.0933348983526, 0.0795974135399, 0.0917703583837, 0.10956876725, 0.107854910195, 0.10616197437, 0.0947644561529, 0.0904967114329, 0.101689957082, 0.108937740326, 0.118845582008, 0.12306214869, 0.143240556121, 0.119228184223, 0.105497427285, 0.106647960842, 0.106748484075, 0.118209928274, 0.145986139774, 0.105966284871, 0.0961932688951, 0.0846329256892, 0.0724786296487, 0.0699257776141], "dvar": [0.0298017915338, 0.0269053913653, 0.029096474871, 0.0492117442191, 0.0360714383423, 0.0297921560705, 0.0508133769035, 0.026574999094, 0.035779222846, 0.0542288981378, 0.0298934876919, 0.0217877905816, 0.0416671894491, 0.0311362911016, 0.0350804887712, 0.0472906008363, 0.0421445518732, 0.0377355292439, 0.0335544161499, 0.0333343110979, 0.0379013642669, 0.0407802090049, 0.043700452894, 0.0470779985189, 0.0571062676609, 0.0444987900555, 0.0378242731094, 0.037966363132, 0.0386568494141, 0.0449481830001, 0.0664321854711, 0.042434617877, 0.034201156348, 0.0300381332636, 0.0255381092429, 0.0249296743423], "dmean": [0.0795062333345, 0.0735419020057, 0.0931148901582, 0.12623347342, 0.114722661674, 0.11408431083, 0.134853795171, 0.113433130085, 0.131487131119, 0.148740112782, 0.119244746864, 0.0836958065629, 0.0983802452683, 0.0913864001632, 0.105160273612, 0.137323752046, 0.127685055137, 0.0997286438942, 0.087963283062, 0.0940574333072, 0.111126847565, 0.121447071433, 0.124392896891, 0.141691356897, 0.153903082013, 0.119448311627, 0.087668992579, 0.0862122997642, 0.102431282401, 0.172588095069, 0.202865689993, 0.16610275209, 0.101955570281, 0.0770903155208, 0.0668972209096, 0.0707562640309], "max": [1, 1, 1, 1, 1, 1, 1, 1, 1, 1, 1, 1, 1, 1, 1, 1, 1, 1, 1, 1, 1, 1, 1, 1, 1, 1, 1, 1, 1, 1, 1, 1, 1, 1, 1, 1], "var": [0.0360244251788, 0.0254715364426, 0.0304425880313, 0.078868702054, 0.0459440723062, 0.0434186346829, 0.101198799908, 0.0377668514848, 0.0598486252129, 0.131957665086, 0.0498238243163, 0.0218989122659, 0.0494279451668, 0.030014179647, 0.0351985991001, 0.075211212039, 0.0581571199, 0.0338586755097, 0.0278218816966, 0.0287024211138, 0.0370910353959, 0.0447351559997, 0.0420612506568, 0.0521938055754, 0.0731101632118, 0.0417592898011, 0.0256774332374, 0.0258513614535, 0.0301774553955, 0.0697678178549, 0.143740102649, 0.0727637186646, 0.0268639568239, 0.0201450660825, 0.0170821305364, 0.0205543432385], "mean": [0.0818929672241, 0.0688835680485, 0.0921456068754, 0.156307518482, 0.122589960694, 0.136661976576, 0.200144812465, 0.134792745113, 0.174718782306, 0.265236735344, 0.162546157837, 0.0772430226207, 0.0938275456429, 0.0793095231056, 0.108401469886, 0.180631250143, 0.148482918739, 0.0833011940122, 0.0670949369669, 0.0721606910229, 0.104635156691, 0.129045814276, 0.118374831975, 0.146163910627, 0.17410081625, 0.111996583641, 0.0608291588724, 0.060768391937, 0.0783809199929, 0.235452741385, 0.374874681234, 0.236381530762, 0.0785410031676, 0.0518477261066, 0.0443066693842, 0.0597030781209]}, "tuning_equal_tempered_deviation": 0.0113992234692, "chords_changes_rate": 0.068030692637, "key_key": "C", "tuning_diatonic_strength": 0.588787794113, "key_scale": "major", "chords_number_rate": 0.00112531974446, "tuning_frequency": 441.272583008, "tuning_nontempered_energy_ratio": 0.635344207287, "chords_histogram": [35.0383644104, 1.69820976257, 21.9846553802, 0.143222510815, 0.0613810755312, 0, 0.347826093435, 0, 0.214833766222, 0, 0.0204603578895, 0.0613810755312, 0, 3.42710995674, 0.245524302125, 2.0460357666, 0, 11.4578008652, 0.859335064888, 10.9462919235, 2.03580570221, 2.53708434105, 3.76470589638, 3.10997438431], "key_strength": 0.811773002148, "chords_key": "C", "chords_strength": {"dmean2": 0.0103834187612, "median": 0.448520183563, "min": -1, "dvar2": 0.000472220883239, "dvar": 0.000263371737674, "dmean": 0.0101524498314, "max": 0.764606297016, "var": 0.0145486146212, "mean": 0.440923213959}, "chords_scale": "major", "hpcp_entropy": {"dmean2": 1.07374382019, "median": 1.78059005737, "min": 0, "dvar2": 0.785868287086, "dvar": 0.314816892147, "dmean": 0.644854664803, "max": 4.32466745377, "var": 0.65762335062, "mean": 1.72992002964}}, "metadata": {"audio_properties": {"equal_loudness": 0, "codec": "mp3", "downmix": "mix", "sample_rate": 44100, "analysis_sample_rate": 44100, "bit_rate": 160009, "md5_encoded": "cca4d35ef74f1752e4e4ff141171a9db", "length": 453.903686523, "replay_gain": -4.83754920959, "lossless": false}, "version": {"essentia_build_sha": "70f2e5ece6736b2c40cc944ad0e695b16b925413", "essentia": "2.1-beta2", "extractor": "music 1.0", "essentia_git_sha": "v2.1_beta2"}, "tags": {"title": ["Sittin' Duck"], "albumartist": ["Gene Harris & The Three Sounds"], "musicbrainz_recordingid": ["03dbad8e-3cd0-4bfc-b87a-1a75bc0271d7"], "encoding": ["Lavf56.36.100"], "originalyear": ["1996"], "discnumber": ["1/1"], "album": ["Live at the \"It Club\""], "musicbrainz album type": ["album/live"], "musicbrainz album status": ["official"], "musicbrainz_albumartistid": ["9b58e361-c3ba-41bb-b35f-edbcc1c96c82"], "date": ["1996"], "file_name": "Gene Harris - Sittin' Duck - Live.mp3", "musicbrainz_releasegroupid": ["6b287663-dd5c-3e6a-90aa-cf816749146c"], "script": ["Latn"], "originaldate": ["1996"], "musicbrainz_albumid": ["39f4e925-15c8-4062-a503-13c3a52483eb"], "artist": ["Gene Harris & The Three Sounds"], "artistsort": ["Harris, Gene & Three Sounds, The"], "tracknumber": ["6/8"], "musicbrainz album release country": ["US"], "albumartistsort": ["Harris, Gene & Three Sounds, The"], "musicbrainz_artistid": ["9b58e361-c3ba-41bb-b35f-edbcc1c96c82"]}}, "rhythm": {"bpm_histogram_first_peak_bpm": {"dmean2": 0, "median": 161, "min": 161, "dvar2": 0, "dvar": 0, "dmean": 0, "max": 161, "var": 0, "mean": 161}, "bpm": 162.195083618, "bpm_histogram_second_peak_spread": {"dmean2": 0, "median": 0, "min": 0, "dvar2": 0, "dvar": 0, "dmean": 0, "max": 0, "var": 0, "mean": 0}, "bpm_histogram_first_peak_weight": {"dmean2": 0, "median": 0.535259127617, "min": 0.535259127617, "dvar2": 0, "dvar": 0, "dmean": 0, "max": 0.535259127617, "var": 0, "mean": 0.535259127617}, "onset_rate": 4.69470882416, "beats_position": [0.452789098024, 0.882358253002, 1.28870749474, 1.69505667686, 2.08979582787, 2.48453521729, 2.87927436829, 3.27401351929, 3.65714287758, 4.04027223587, 4.42340135574, 4.80653047562, 5.20126962662, 5.58439922333, 5.9675283432, 6.35065746307, 6.73378658295, 7.12852573395, 7.51165533066, 7.89478445053, 8.28952407837, 8.67265319824, 9.05578231812, 9.43891143799, 9.82204055786, 10.1935596466, 10.5766887665, 10.95981884, 11.3429479599, 11.7260770798, 12.0975961685, 12.4691152573, 12.8522443771, 13.235373497, 13.6068935394, 13.9900226593, 14.3731517792, 14.7446708679, 15.1277999878, 15.4993190765, 15.8824491501, 16.2539672852, 16.637096405, 17.0202255249, 17.391746521, 17.7632656097, 18.1463947296, 18.5295238495, 18.9010429382, 19.272562027, 19.6556911469, 20.0388202667, 20.4335594177, 20.8166885376, 21.1882076263, 21.5713367462, 21.9544658661, 22.3375968933, 22.7207260132, 23.1038551331, 23.4869842529, 23.8701133728, 24.2532424927, 24.6363716125, 25.0195007324, 25.4026298523, 25.7857589722, 26.1804981232, 26.563627243, 26.9351463318, 27.3066654205, 27.6781845093, 28.0613155365, 28.4444446564, 28.8275737762, 29.2107028961, 29.5822219849, 29.9537410736, 30.3368701935, 30.7083892822, 31.0915184021, 31.4630374908, 31.8345565796, 32.2176856995, 32.6008148193, 32.9723358154, 33.3554649353, 33.7385940552, 34.121723175, 34.5048522949, 34.8763694763, 35.2478904724, 35.6310195923, 36.0141487122, 36.3856697083, 36.7687988281, 37.151927948, 37.5234451294, 37.9065742493, 38.2897033691, 38.672832489, 39.0559616089, 39.427482605, 39.8106117249, 40.1937408447, 40.5652618408, 40.9367790222, 41.3199081421, 41.703037262, 42.0745582581, 42.4460754395, 42.8175964355, 43.1891136169, 43.560634613, 43.9321517944, 44.3036727905, 44.6751937866, 45.0583229065, 45.4298400879, 45.801361084, 46.1728782654, 46.5560073853, 46.9507484436, 47.3338775635, 47.7170066833, 48.1001358032, 48.4832649231, 48.866394043, 49.2495231628, 49.6210403442, 50.0041732788, 50.3989105225, 50.7820396423, 51.1651687622, 51.5482978821, 51.9198188782, 52.2913360596, 52.6628570557, 53.0343742371, 53.4175033569, 53.8006324768, 54.1721534729, 54.5436706543, 54.9268035889, 55.3099327087, 55.6814498901, 56.06457901, 56.4477081299, 56.819229126, 57.1907463074, 57.5622673035, 57.9337844849, 58.305305481, 58.6768226624, 59.0599517822, 59.4430847168, 59.8146018982, 60.1861228943, 60.5576400757, 60.9291610718, 61.3006782532, 61.6721992493, 62.0437164307, 62.4152374268, 62.7867546082, 63.1582756042, 63.5297966003, 63.9013137817, 64.2728347778, 64.6443557739, 65.0158691406, 65.3873901367, 65.7589111328, 66.1304321289, 66.5019454956, 66.8734664917, 67.2449874878, 67.6165084839, 67.98802948, 68.3595428467, 68.7310638428, 69.0909729004, 69.450881958, 69.8224029541, 70.1939239502, 70.5654373169, 70.936958313, 71.3084793091, 71.6800003052, 72.0399093628, 72.3998184204, 72.7713394165, 73.1428527832, 73.5143737793, 73.8858947754, 74.2574157715, 74.6173248291, 74.9772338867, 75.3487548828, 75.7202682495, 76.1034011841, 76.4865264893, 76.8580474854, 77.2295684814, 77.5894775391, 77.9493865967, 78.3209075928, 78.6924285889, 79.0639419556, 79.4354629517, 79.8185958862, 80.2017211914, 80.5732421875, 80.9447631836, 81.3162765503, 81.6877975464, 82.0593185425, 82.4308395386, 82.8023605347, 83.1738739014, 83.5453948975, 83.9169158936, 84.2884368896, 84.6599502563, 85.0314712524, 85.4029922485, 85.7745132446, 86.1460266113, 86.5175476074, 86.8890686035, 87.2605895996, 87.6321105957, 88.0036239624, 88.3751449585, 88.7466659546, 89.1181869507, 89.4897003174, 89.8612213135, 90.2327423096, 90.6042633057, 90.9757843018, 91.3472976685, 91.7188186646, 92.0903396606, 92.4618606567, 92.8333740234, 93.2048950195, 93.5764160156, 93.9363250732, 94.3078460693, 94.667755127, 95.039276123, 95.4107894897, 95.7823104858, 96.1538314819, 96.525352478, 96.8968658447, 97.2683868408, 97.6399078369, 98.011428833, 98.3829498291, 98.7544631958, 99.1259841919, 99.497505188, 99.8690261841, 100.240539551, 100.612060547, 100.971969604, 101.331878662, 101.703399658, 102.074920654, 102.44644165, 102.817955017, 103.189476013, 103.560997009, 103.932518005, 104.304031372, 104.66394043, 105.023849487, 105.395370483, 105.755279541, 106.115188599, 106.486709595, 106.858230591, 107.229751587, 107.601264954, 107.961174011, 108.332695007, 108.692604065, 109.064125061, 109.424034119, 109.795555115, 110.167076111, 110.526985168, 110.886894226, 111.246803284, 111.61831665, 111.978225708, 112.338134766, 112.709655762, 113.069564819, 113.441085815, 113.800994873, 114.172515869, 114.532424927, 114.892333984, 115.252243042, 115.623764038, 115.983673096, 116.355194092, 116.715103149, 117.086616516, 117.446525574, 117.81804657, 118.177955627, 118.537864685, 118.909385681, 119.269294739, 119.640815735, 120.012336731, 120.383850098, 120.755371094, 121.12689209, 121.498413086, 121.869926453, 122.241447449, 122.612968445, 122.984489441, 123.367614746, 123.739135742, 124.110656738, 124.493782043, 124.876914978, 125.248435974, 125.619949341, 125.991470337, 126.362991333, 126.734512329, 127.117637634, 127.500770569, 127.883895874, 128.25541687, 128.626937866, 129.010070801, 129.381591797, 129.753097534, 130.12461853, 130.496139526, 130.867660522, 131.239181519, 131.610702515, 131.982223511, 132.353744507, 132.725265503, 133.09677124, 133.479904175, 133.863037109, 134.234558105, 134.606079102, 134.977600098, 135.349105835, 135.709014893, 136.080535889, 136.463668823, 136.835189819, 137.206710815, 137.566619873, 137.938140869, 138.309661865, 138.681182861, 139.052688599, 139.435821533, 139.807342529, 140.178863525, 140.550384521, 140.910293579, 141.270202637, 141.641723633, 142.013244629, 142.384765625, 142.756271362, 143.11618042, 143.476104736, 143.847610474, 144.207519531, 144.567428589, 144.938949585, 145.310470581, 145.681991577, 146.053512573, 146.425033569, 146.796554565, 147.168075562, 147.551193237, 147.94593811, 148.352294922, 148.758636475, 149.153381348, 149.536499023, 149.90802002, 150.279541016, 150.651062012, 151.022583008, 151.405715942, 151.777236938, 152.148742676, 152.520263672, 152.891784668, 153.274917603, 153.646438599, 154.017959595, 154.389480591, 154.749389648, 155.109298706, 155.480819702, 155.852325439, 156.223846436, 156.595367432, 156.966888428, 157.326797485, 157.686706543, 158.058227539, 158.429748535, 158.801269531, 159.172790527, 159.544311523, 159.915817261, 160.287338257, 160.658859253, 161.018768311, 161.378677368, 161.750198364, 162.12171936, 162.493240356, 162.864761353, 163.236282349, 163.607803345, 163.979324341, 164.339233398, 164.699142456, 165.070648193, 165.442169189, 165.802078247, 166.173599243, 166.556732178, 166.939865112, 167.322982788, 167.717727661, 168.124084473, 168.507202148, 168.901947021, 169.285079956, 169.656600952, 170.039718628, 170.422851562, 170.794372559, 171.165893555, 171.549026489, 171.943756104, 172.3152771, 172.686798096, 173.058319092, 173.429840088, 173.801361084, 174.17288208, 174.555999756, 174.93913269, 175.310653687, 175.682174683, 176.053695679, 176.425216675, 176.808334351, 177.179855347, 177.562988281, 177.946121216, 178.32925415, 178.700775146, 179.072280884, 179.455413818, 179.838546753, 180.210067749, 180.593200684, 180.976318359, 181.347839355, 181.719360352, 182.090881348, 182.462402344, 182.83392334, 183.205444336, 183.576965332, 183.960083008, 184.343215942, 184.714736938, 185.086257935, 185.457778931, 185.829299927, 186.200805664, 186.57232666, 186.955459595, 187.338592529, 187.710113525, 188.081634521, 188.453155518, 188.824661255, 189.196182251, 189.567703247, 189.950836182, 190.333969116, 190.705490112, 191.07699585, 191.448516846, 191.820037842, 192.191558838, 192.563079834, 192.93460083, 193.317733765, 193.689254761, 194.060760498, 194.443893433, 194.815414429, 195.186935425, 195.570068359, 195.953201294, 196.33631897, 196.719451904, 197.0909729, 197.462493896, 197.834014893, 198.205535889, 198.577041626, 198.948562622, 199.331695557, 199.714828491, 200.086349487, 200.469467163, 200.852600098, 201.224121094, 201.607254028, 201.990386963, 202.373504639, 202.745025635, 203.116546631, 203.499679565, 203.871200562, 204.242721558, 204.614242554, 204.985748291, 205.368881226, 205.740402222, 206.111923218, 206.495056152, 206.866577148, 207.238098145, 207.609603882, 207.981124878, 208.352645874, 208.72416687, 209.095687866, 209.467208862, 209.838729858, 210.198638916, 210.570159912, 210.953277588, 211.324798584, 211.69631958, 212.056228638, 212.427749634, 212.79927063, 213.170791626, 213.542312622, 213.925445557, 214.296951294, 214.66847229, 215.039993286, 215.411514282, 215.783035278, 216.142944336, 216.514465332, 216.897598267, 217.269119263, 217.640625, 218.012145996, 218.383666992, 218.755187988, 219.126708984, 219.49822998, 219.869750977, 220.241271973, 220.61277771, 220.995910645, 221.379043579, 221.762176514, 222.156906128, 222.574874878, 223.166976929, 223.724258423, 224.281539917, 224.838821411, 225.384490967, 225.930160522, 226.46421814, 227.009887695, 227.555557251, 228.101226807, 228.646896362, 229.204162598, 229.749832153, 230.307113647, 230.87600708, 231.444900513, 231.839630127, 232.222763062, 232.594284058, 232.965805054, 233.33732605, 233.720443726, 234.091964722, 234.475097656, 234.846618652, 235.218139648, 235.601272583, 235.984390259, 236.355911255, 236.727432251, 237.110565186, 237.49369812, 237.876815796, 238.25994873, 238.631469727, 239.002990723, 239.374511719, 239.746032715, 240.117553711, 240.489059448, 240.860580444, 241.23210144, 241.615234375, 241.99836731, 242.381484985, 242.753005981, 243.124526978, 243.507659912, 243.879180908, 244.250701904, 244.6222229, 245.005340576, 245.388473511, 245.759994507, 246.131515503, 246.503036499, 246.886169434, 247.269287109, 247.640808105, 248.012329102, 248.383850098, 248.755371094, 249.12689209, 249.498413086, 249.881530762, 250.264663696, 250.636184692, 251.007705688, 251.379226685, 251.750747681, 252.122268677, 252.505386353, 252.888519287, 253.260040283, 253.643173218, 254.026306152, 254.39781189, 254.769332886, 255.140853882, 255.523986816, 255.907119751, 256.278625488, 256.661773682, 257.044891357, 257.416412354, 257.78793335, 258.171051025, 258.554199219, 258.925720215, 259.297241211, 259.668762207, 260.040252686, 260.411773682, 260.783294678, 261.166442871, 261.549560547, 261.921081543, 262.292602539, 262.664123535, 263.035644531, 263.407165527, 263.778686523, 264.15020752, 264.521728516, 264.893249512, 265.264770508, 265.647888184, 266.031005859, 266.402526855, 266.774047852, 267.145568848, 267.517089844, 267.88861084, 268.260131836, 268.631652832, 269.014770508, 269.386291504, 269.7578125, 270.129333496, 270.512481689, 270.895599365, 271.278717041, 271.650238037, 272.021759033, 272.404907227, 272.776397705, 273.147918701, 273.531066895, 273.902587891, 274.285705566, 274.668823242, 275.040344238, 275.411865234, 275.78338623, 276.154907227, 276.53805542, 276.921173096, 277.292694092, 277.664215088, 278.035736084, 278.41885376, 278.790374756, 279.173522949, 279.545043945, 279.928161621, 280.311279297, 280.682800293, 281.065948486, 281.437469482, 281.820587158, 282.203704834, 282.586853027, 282.969970703, 283.353088379, 283.736236572, 284.119354248, 284.490875244, 284.86239624, 285.233917236, 285.605438232, 285.976959229, 286.348480225, 286.720001221, 287.091522217, 287.463043213, 287.846160889, 288.229278564, 288.612426758, 288.983947754, 289.36706543, 289.738586426, 290.110107422, 290.481628418, 290.853149414, 291.22467041, 291.596191406, 291.967712402, 292.339233398, 292.710754395, 293.082275391, 293.453796387, 293.825286865, 294.196807861, 294.579956055, 294.96307373, 295.334594727, 295.706115723, 296.077636719, 296.449157715, 296.820678711, 297.192199707, 297.563720703, 297.935241699, 298.306762695, 298.678283691, 299.049804688, 299.421295166, 299.792816162, 300.164337158, 300.535858154, 300.90737915, 301.267303467, 301.627197266, 301.987121582, 302.358642578, 302.741760254, 303.11328125, 303.508026123, 303.879547119, 304.251068115, 304.622589111, 304.98248291, 305.354003906, 305.725524902, 306.108642578, 306.480163574, 306.85168457, 307.223205566, 307.594726562, 307.966247559, 308.337768555, 308.709289551, 309.080810547, 309.452331543, 309.823852539, 310.195373535, 310.566894531, 310.92678833, 311.298309326, 311.669830322, 312.052978516, 312.447692871, 312.842437744, 313.237182617, 313.817687988, 314.374969482, 314.932250977, 315.466308594, 316.011962891, 316.557647705, 317.103302002, 317.648986816, 318.194641113, 318.740325928, 319.285980225, 319.820037842, 320.365722656, 320.922973633, 321.480255127, 322.037536621, 322.594818115, 323.14050293, 323.697784424, 324.243438721, 324.800720215, 325.346374512, 325.892059326, 326.426116943, 326.960174561, 327.505859375, 328.051513672, 328.585571289, 329.131256104, 329.6769104, 330.222564697, 330.768249512, 331.313903809, 331.766693115, 332.219482422, 332.672271729, 333.043792725, 333.403717041, 333.76361084, 334.135131836, 334.506652832, 334.878173828, 335.249694824, 335.62121582, 335.981140137, 336.341033936, 336.700958252, 337.060852051, 337.420776367, 337.769073486, 338.128967285, 338.500488281, 338.872009277, 339.255126953, 339.638275146, 340.009796143, 340.381317139, 340.752838135, 341.124359131, 341.495880127, 341.867401123, 342.238891602, 342.610412598, 342.981933594, 343.35345459, 343.724975586, 344.084899902, 344.456420898, 344.839538574, 345.21105957, 345.582580566, 345.954101562, 346.325622559, 346.697143555, 347.08026123, 347.463409424, 347.834899902, 348.206420898, 348.577941895, 348.949462891, 349.320983887, 349.692504883, 350.075653076, 350.458770752, 350.841888428, 351.225036621, 351.596557617, 351.968078613, 352.339599609, 352.711090088, 353.094238281, 353.477355957, 353.86050415, 354.243621826, 354.615142822, 354.998260498, 355.381408691, 355.752929688, 356.124450684, 356.49597168, 356.867462158, 357.238983154, 357.622131348, 358.005249023, 358.37677002, 358.748291016, 359.131408691, 359.514556885, 359.897674561, 360.269195557, 360.640716553, 361.000640869, 361.372161865, 361.743652344, 362.11517334, 362.486694336, 362.846618652, 363.206512451, 363.566436768, 363.937957764, 364.297851562, 364.657775879, 365.017669678, 365.389190674, 365.76071167, 366.120635986, 366.480529785, 366.828826904, 367.177124023, 367.513824463, 367.850524902, 368.187194824, 368.523895264, 368.872192383, 369.220489502, 369.568786621, 369.91708374, 370.265380859, 370.625305176, 370.985198975, 371.345123291, 371.70501709, 372.064941406, 372.424835205, 372.784759521, 373.14465332, 373.504577637, 373.864471436, 374.212768555, 374.572692871, 374.93258667, 375.292510986, 375.652404785, 376.012329102, 376.3722229, 376.732147217, 377.092071533, 377.440368652, 377.811889648, 378.195007324, 378.578125, 378.961273193, 379.344390869, 379.715911865, 380.087432861, 380.458953857, 380.830474854, 381.20199585, 381.573516846, 381.945037842, 382.316558838, 382.688079834, 383.059570312, 383.431091309, 383.802612305, 384.174133301, 384.545654297, 384.917175293, 385.288696289, 385.660217285, 386.031738281, 386.403259277, 386.774780273, 387.14630127, 387.517822266, 387.889343262, 388.284088135, 388.655578613, 389.038726807, 389.410247803, 389.793365479, 390.164886475, 390.536407471, 390.931152344, 391.325897217, 391.709014893, 392.092132568, 392.486877441, 392.881622314, 393.26473999, 393.647888184, 394.01940918, 394.390930176, 394.774047852, 395.157196045, 395.540313721, 395.923431396, 396.294952393, 396.666473389, 397.049621582, 397.432739258, 397.804260254, 398.17578125, 398.547302246, 398.918823242, 399.290344238, 399.661865234, 400.021759033, 400.404876709, 400.776397705, 401.159545898, 401.542663574, 401.925811768, 402.308929443, 402.692047119, 403.075195312, 403.446716309, 403.818237305, 404.20135498, 404.584472656, 404.96762085, 405.339141846, 405.722259521, 406.093780518, 406.476898193, 406.860046387, 407.231567383, 407.614685059, 407.997802734, 408.380950928, 408.752471924, 409.1355896, 409.518737793, 409.901855469, 410.284973145, 410.668121338, 411.039642334, 411.42276001, 411.805877686, 412.189025879, 412.583770752, 412.966888428, 413.350006104, 413.733154297, 414.116271973, 414.499389648, 414.870910645, 415.254058838, 415.637176514, 416.020324707, 416.403442383, 416.786560059, 417.169708252, 417.552825928, 417.935943604, 418.3074646, 418.690612793, 419.073730469, 419.456848145, 419.839996338, 420.223114014, 420.606262207, 420.989379883, 421.372497559, 421.755645752, 422.138763428, 422.521911621, 422.905029297, 423.288146973, 423.671295166, 424.054412842, 424.437530518, 424.820678711, 425.203796387, 425.575317383, 425.958435059, 426.329956055, 426.701477051, 427.084625244, 427.45614624, 427.839263916, 428.222381592, 428.593902588, 428.965423584, 429.348571777, 429.731689453, 430.103210449, 430.474731445, 430.857849121, 431.229370117, 431.612518311, 431.984039307, 432.355560303, 432.727081299, 433.098571777, 433.470092773, 433.853240967, 434.224761963, 434.607879639, 434.979400635, 435.350921631, 435.722442627, 436.093963623, 436.465484619, 436.848602295, 437.231750488, 437.603271484, 437.974761963, 438.346282959, 438.717803955, 439.089324951, 439.472473145, 439.867218018, 440.261932373, 440.668304443, 441.086242676, 441.55065918, 442.015045166, 442.456237793, 442.897399902, 443.338592529, 443.802978516, 444.244171143, 444.720184326, 445.19619751, 445.672180176, 446.241088867, 446.821594238, 447.378845215, 447.936126709, 448.493408203, 449.02746582, 449.561523438, 450.107208252, 450.594818115, 451.082427979, 451.593292236, 452.138946533, 452.684631348, 453.230285645], "beats_loudness": {"dmean2": 0.0401099137962, "median": 0.0329392328858, "min": 0, "dvar2": 0.00146865926217, "dvar": 0.000509393808898, "dmean": 0.0226878877729, "max": 0.224490061402, "var": 0.000878637016285, "mean": 0.039431206882}, "danceability": 1.39541721344, "bpm_histogram_second_peak_weight": {"dmean2": 0, "median": 0.0824129134417, "min": 0.0824129134417, "dvar2": 0, "dvar": 0, "dmean": 0, "max": 0.0824129134417, "var": 0, "mean": 0.0824129134417}, "beats_count": 1178, "bpm_histogram_second_peak_bpm": {"dmean2": 0, "median": 167, "min": 167, "dvar2": 0, "dvar": 0, "dmean": 0, "max": 167, "var": 0, "mean": 167}, "bpm_histogram_first_peak_spread": {"dmean2": 0, "median": 0.337539434433, "min": 0.337539434433, "dvar2": 0, "dvar": 0, "dmean": 0, "max": 0.337539434433, "var": 0, "mean": 0.337539434433}, "beats_loudness_band_ratio": {"dmean2": [0.533675909042, 0.379969328642, 0.272620946169, 0.223504751921, 0.0510755516589, 0.101412802935], "median": [0.371102571487, 0.234954640269, 0.134789228439, 0.0808970928192, 0.0152441617101, 0.027180492878], "min": [0, 0, 0, 0, 0, 0], "dvar2": [0.128649994731, 0.0678472816944, 0.0440461151302, 0.0632856637239, 0.00347565556876, 0.0127036171034], "dvar": [0.0466729216278, 0.0243305116892, 0.0151575766504, 0.0214057061821, 0.00129196431953, 0.00449433829635], "dmean": [0.295958966017, 0.213901892304, 0.151568546891, 0.124178901315, 0.0288284346461, 0.0549255274236], "max": [0.984399676323, 0.804942071438, 0.835155487061, 0.898549437523, 0.41982126236, 0.941467940807], "var": [0.0749601945281, 0.0376335345209, 0.0210583880544, 0.0280076079071, 0.00122545484919, 0.00397432362661], "mean": [0.416670680046, 0.271641016006, 0.163260817528, 0.144246309996, 0.0275727007538, 0.0504791922867]}}, "lowlevel": {"barkbands_spread": {"dmean2": 9.4172744751, "median": 13.7564983368, "min": 0.406458228827, "dvar2": 159.57144165, "dvar": 68.5687789917, "dmean": 6.07550907135, "max": 126.608024597, "var": 197.216445923, "mean": 17.8463935852}, "melbands_spread": {"dmean2": 7.7509226799, "median": 11.6076335907, "min": 0.442560613155, "dvar2": 92.3844985962, "dvar": 42.228061676, "dmean": 5.07855319977, "max": 171.526275635, "var": 226.930297852, "mean": 15.6992473602}, "hfc": {"dmean2": 11.1086807251, "median": 7.49982690811, "min": 1.07100943581e-16, "dvar2": 759.061828613, "dvar": 354.00970459, "dmean": 8.23218917847, "max": 423.40045166, "var": 660.492553711, "mean": 16.0627651215}, "barkbands_kurtosis": {"dmean2": 8.48263454437, "median": 5.10934829712, "min": -1.91859614849, "dvar2": 210.670318604, "dvar": 93.8379592896, "dmean": 5.46853923798, "max": 283.086364746, "var": 230.657012939, "mean": 9.56523227692}, "gfcc": {"mean": [-40.4727210999, 85.6896362305, -76.903503418, 13.6049938202, -55.422164917, 21.5616722107, -37.217540741, 1.81850111485, -31.342414856, 3.9142267704, -18.4750995636, 4.48503875732, -15.3805103302], "icov": [[0.00012426932517, -0.00013305718312, 0.000108042906504, -8.90853771125e-05, 7.96362437541e-05, -8.27974290587e-05, 0.000353550509317, -0.0002280024637, 0.000393767084461, -0.0004866773088, 0.000718006514944, -0.000703481782693, 0.000463095871964], [-0.00013305718312, 0.00143951235805, -0.000131914814119, 0.000517115171533, 4.56779307569e-05, -0.000221798632992, 0.000105299353891, 0.00127380294725, -0.00221427576616, 0.0027947013732, -0.0030639837496, 0.00287492573261, -0.00194276298862], [0.000108042906504, -0.000131914814119, 0.00155596795958, -0.00102641596459, -4.82107534481e-05, -0.000186801233212, 0.000110056404083, -0.000349190842826, 0.00017912084877, -0.000801397662144, 0.000685519480612, -0.000761137693189, 0.000192445251741], [-8.90853771125e-05, 0.000517115171533, -0.00102641596459, 0.00408828025684, -0.000606767542195, -7.80041373218e-05, -0.00162030674983, 0.000968309643213, -0.000417586416006, -0.000219484471017, 0.000550493481569, 0.00146630825475, 0.000633636082057], [7.96362437541e-05, 4.56779307569e-05, -4.82107534481e-05, -0.000606767542195, 0.00622956128791, -0.00367126450874, -0.000495746789966, 0.00195520720445, -0.0029060265515, 0.00268448586576, -0.00250859628431, 0.00134894705843, 0.000809351040516], [-8.27974290587e-05, -0.000221798632992, -0.000186801233212, -7.80041373218e-05, -0.00367126450874, 0.009655601345, -0.00404457841069, -0.00281674112193, 0.00730492081493, -0.00506751053035, 0.00171112001408, -0.0016465728404, -0.000140930525959], [0.000353550509317, 0.000105299353891, 0.000110056404083, -0.00162030674983, -0.000495746789966, -0.00404457841069, 0.0133353732526, -0.00423021102324, -0.00258427322842, 0.0065709813498, -0.00256976741366, 0.00057499052491, -0.000545090821106], [-0.0002280024637, 0.00127380294725, -0.000349190842826, 0.000968309643213, 0.00195520720445, -0.00281674112193, -0.00423021102324, 0.0152922933921, -0.00745879579335, -0.00159899902064, 0.00411104178056, -0.0022628789302, 0.000687953957822], [0.000393767084461, -0.00221427576616, 0.00017912084877, -0.000417586416006, -0.0029060265515, 0.00730492081493, -0.00258427322842, -0.00745879579335, 0.022228198126, -0.0132592115551, 0.00267493026331, 0.00372396153398, -0.00290832249448], [-0.0004866773088, 0.0027947013732, -0.000801397662144, -0.000219484471017, 0.00268448586576, -0.00506751053035, 0.0065709813498, -0.00159899902064, -0.0132592115551, 0.0273883230984, -0.0140693122521, 0.00649415701628, 0.000914696021937], [0.000718006514944, -0.0030639837496, 0.000685519480612, 0.000550493481569, -0.00250859628431, 0.00171112001408, -0.00256976741366, 0.00411104178056, 0.00267493026331, -0.0140693122521, 0.0307737197727, -0.0198953673244, 0.00777967786416], [-0.000703481782693, 0.00287492573261, -0.000761137693189, 0.00146630825475, 0.00134894705843, -0.0016465728404, 0.00057499052491, -0.0022628789302, 0.00372396153398, 0.00649415701628, -0.0198953673244, 0.0341362319887, -0.0157857239246], [0.000463095871964, -0.00194276298862, 0.000192445251741, 0.000633636082057, 0.000809351040516, -0.000140930525959, -0.000545090821106, 0.000687953957822, -0.00290832249448, 0.000914696021937, 0.00777967786416, -0.0157857239246, 0.025030022487]], "cov": [[15673.6367188, -908.459289551, -782.300415039, -148.587402344, -624.915771484, 168.209869385, -588.76739502, 179.649078369, -407.646820068, 223.696060181, -245.494033813, 213.03717041, -192.210327148], [-908.459289551, 1794.58374023, -191.673934937, -255.38494873, 66.8862991333, -216.340698242, -29.2126750946, -195.147705078, 143.511703491, -118.458374023, 113.522277832, -64.6110610962, 110.355499268], [-782.300415039, -191.673934937, 904.24432373, 284.196655273, 84.8827972412, 89.6791000366, 81.1583328247, 53.615146637, 24.6617660522, 34.3383026123, -17.1290435791, -17.6378154755, -20.6852092743], [-148.587402344, -255.38494873, 284.196655273, 405.515258789, 80.8441314697, 82.2279052734, 76.1659469604, 35.153678894, 2.46212100983, 18.7913303375, -35.2858581543, -34.8223419189, -42.3772773743], [-624.915771484, 66.8862991333, 84.8827972412, 80.8441314697, 280.597259521, 109.261405945, 80.2981033325, -19.2446880341, 7.06672430038, -22.0411758423, 26.8535690308, -12.6078662872, -6.79736661911], [168.209869385, -216.340698242, 89.6791000366, 82.2279052734, 109.261405945, 253.428451538, 82.8254089355, 44.1409568787, -71.6169509888, 4.87472200394, -2.73315930367, 28.4600410461, -13.8917217255], [-588.76739502, -29.2126750946, 81.1583328247, 76.1659469604, 80.2981033325, 82.8254089355, 155.244003296, 38.1823158264, 6.92935991287, -27.8311691284, 1.02420830727, -2.34937477112, 6.29705286026], [179.649078369, -195.147705078, 53.615146637, 35.153678894, -19.2446880341, 44.1409568787, 38.1823158264, 132.087539673, 32.6181411743, 35.317276001, -28.6290645599, -1.27339828014, -11.106303215], [-407.646820068, 143.511703491, 24.6617660522, 2.46212100983, 7.06672430038, -71.6169509888, 6.92935991287, 32.6181411743, 134.034759521, 41.6312065125, 4.76651239395, -39.2411193848, 4.87464666367], [223.696060181, -118.458374023, 34.3383026123, 18.7913303375, -22.0411758423, 4.87472200394, -27.8311691284, 35.317276001, 41.6312065125, 95.1850662231, 14.3837080002, -5.84363508224, -21.7067546844], [-245.494033813, 113.522277832, -17.1290435791, -35.2858581543, 26.8535690308, -2.73315930367, 1.02420830727, -28.6290645599, 4.76651239395, 14.3837080002, 81.090927124, 31.5990123749, 9.05638027191], [213.03717041, -64.6110610962, -17.6378154755, -34.8223419189, -12.6078662872, 28.4600410461, -2.34937477112, -1.27339828014, -39.2411193848, -5.84363508224, 31.5990123749, 78.9097976685, 28.2111759186], [-192.210327148, 110.355499268, -20.6852092743, -42.3772773743, -6.79736661911, -13.8917217255, 6.29705286026, -11.106303215, 4.87464666367, -21.7067546844, 9.05638027191, 28.2111759186, 70.2263031006]]}, "spectral_energyband_middle_low": {"dmean2": 0.00845632050186, "median": 0.00553372036666, "min": 1.88788487898e-22, "dvar2": 0.00022642602562, "dvar": 0.000100430566818, "dmean": 0.00563614116982, "max": 0.208346694708, "var": 0.000246365380008, "mean": 0.0119518190622}, "melbands_crest": {"dmean2": 5.21973657608, "median": 13.172369957, "min": 1.46526873112, "dvar2": 21.2093639374, "dvar": 8.22908878326, "dmean": 3.18240427971, "max": 30.3241863251, "var": 20.7720718384, "mean": 13.7498102188}, "spectral_kurtosis": {"dmean2": 3.57915854454, "median": 3.94829845428, "min": -1.25984454155, "dvar2": 33.6649208069, "dvar": 15.0372209549, "dmean": 2.36404919624, "max": 112.946899414, "var": 44.9303398132, "mean": 6.11815404892}, "spectral_rms": {"dmean2": 0.00130069954321, "median": 0.00372877228074, "min": 3.12867743865e-12, "dvar2": 2.36989831137e-06, "dvar": 1.27589282783e-06, "dmean": 0.000958631397225, "max": 0.0176073294133, "var": 5.45333705304e-06, "mean": 0.00408455636352}, "zerocrossingrate": {"dmean2": 0.0139968879521, "median": 0.04833984375, "min": 0.0029296875, "dvar2": 0.000240148510784, "dvar": 0.000172249565367, "dmean": 0.0116799334064, "max": 0.65771484375, "var": 0.00260534253903, "mean": 0.0591686777771}, "silence_rate_60dB": {"dmean2": 0.108865812421, "median": 0, "min": 0, "dvar2": 0.110925465822, "dvar": 0.0514854006469, "dmean": 0.0544301196933, "max": 1, "var": 0.125457763672, "mean": 0.147117495537}, "erbbands_kurtosis": {"dmean2": 2.90431451797, "median": 0.993882894516, "min": -1.81781876087, "dvar2": 26.732717514, "dvar": 12.5307607651, "dmean": 1.92425858974, "max": 73.7571029663, "var": 25.8070850372, "mean": 2.44732880592}, "erbbands": {"dmean2": [0.0544153489172, 1.31473505497, 3.44075846672, 4.77258682251, 11.3857221603, 23.6741313934, 13.322098732, 11.6648902893, 11.9775781631, 21.5253124237, 15.2611188889, 11.0878820419, 20.0299129486, 23.1084213257, 37.022857666, 39.5729064941, 17.7544307709, 23.1753673553, 9.91099452972, 7.17534017563, 6.5189447403, 6.14154577255, 5.69976043701, 5.2566242218, 4.02033662796, 3.42835664749, 3.40887618065, 3.31168818474, 3.0446536541, 2.79398488998, 2.70720362663, 2.09108567238, 1.99423027039, 1.20291829109, 0.834907054901, 0.525135457516, 0.303095817566, 0.143244996667, 0.010049697943, 0.000155917383381], "median": [0.0169744137675, 0.378805041313, 1.22113764286, 1.61150312424, 3.79766607285, 5.22144508362, 3.03463864326, 4.16101312637, 3.47430968285, 4.26548194885, 3.21055579185, 2.51526665688, 4.3206911087, 5.16297531128, 8.18225097656, 5.98470687866, 3.50897169113, 6.26809072495, 2.83708310127, 1.7506878376, 1.60575735569, 1.21950471401, 1.32548117638, 0.786235451698, 0.637194931507, 0.645080685616, 0.717566609383, 0.849498689175, 0.66907030344, 0.525318086147, 0.525427222252, 0.476780503988, 0.399149984121, 0.265329062939, 0.142311483622, 0.0660364925861, 0.0302686318755, 0.00773298647255, 0.000269321026281, 2.76540667983e-05], "min": [1.78642080049e-23, 2.1849301373e-22, 1.36589077123e-21, 4.28652586685e-21, 8.49278936488e-21, 2.82065583889e-20, 3.50220968901e-20, 8.17561923746e-20, 1.32303816665e-19, 1.48529507218e-19, 1.35450734833e-19, 4.31567086487e-19, 5.22949632014e-19, 7.71222981487e-19, 9.16762515134e-19, 1.08374381103e-18, 1.02299866537e-18, 1.74728607473e-18, 2.98940757271e-18, 2.36553554701e-18, 2.99718307047e-18, 4.15884202192e-18, 4.38785028323e-18, 5.33573557231e-18, 7.30739790372e-18, 7.00231963174e-18, 9.0870993255e-18, 8.33172460756e-18, 1.10962118456e-17, 1.0602600914e-17, 1.15919304333e-17, 1.05439736609e-17, 8.85640940601e-18, 7.89934241213e-18, 5.82007629074e-18, 3.97224703293e-18, 2.1941604745e-18, 7.89237941253e-19, 2.4832724546e-19, 2.82235317473e-20], "dvar2": [0.00906340684742, 6.91531801224, 52.0944213867, 85.66040802, 433.622802734, 2485.99951172, 744.213684082, 606.895385742, 990.029663086, 2382.98144531, 2213.41333008, 1201.06518555, 4753.83837891, 4905.30078125, 10120.7548828, 27690.59375, 4255.61572266, 3952.8815918, 790.307373047, 652.403564453, 580.917236328, 855.328613281, 771.522766113, 665.075378418, 340.133514404, 247.301345825, 126.968215942, 102.547523499, 71.5822372437, 54.9199028015, 48.8876838684, 27.0715351105, 26.1745223999, 9.49951839447, 5.2601852417, 2.42353606224, 0.979704141617, 0.310615628958, 0.00184613629244, 3.65910892697e-07], "dvar": [0.00395816424862, 3.01399064064, 22.1577358246, 35.8099212646, 159.160736084, 915.115905762, 306.554351807, 298.054656982, 578.409423828, 1112.26928711, 1064.4942627, 629.161804199, 2084.47045898, 2480.55664062, 4914.50439453, 12095.2177734, 2006.53796387, 2019.36193848, 342.157287598, 280.068908691, 245.666641235, 345.709320068, 321.665313721, 261.651306152, 137.601470947, 98.0889358521, 58.3571510315, 50.78332901, 34.6972961426, 26.7105445862, 22.2547264099, 12.4921884537, 10.900888443, 4.420835495, 2.39628982544, 1.10502886772, 0.431240826845, 0.119138628244, 0.000663208949845, 1.34901682713e-07], "dmean": [0.034806214273, 0.834563553333, 2.20858430862, 2.96893119812, 6.66130685806, 14.2757492065, 8.54403781891, 8.05516052246, 8.82934188843, 14.875125885, 10.5043087006, 7.72819232941, 12.9939804077, 15.996348381, 26.2351760864, 27.4329795837, 12.4380521774, 16.2774810791, 6.67406749725, 4.60310745239, 4.29778575897, 3.93985319138, 3.67284417152, 3.34353208542, 2.59968352318, 2.2382080555, 2.26126122475, 2.28086948395, 2.03964948654, 1.93875813484, 1.80923223495, 1.39471292496, 1.26635742188, 0.825182557106, 0.577301561832, 0.36679944396, 0.20977884531,