{"tonal": {"thpcp": [1, 0.938297688961, 0.595714688301, 0.462451189756, 0.37466403842, 0.355117797852, 0.375859022141, 0.363169640303, 0.360562086105, 0.370900392532, 0.404922097921, 0.503869712353, 0.560846626759, 0.575299322605, 0.770722866058, 0.918196082115, 0.727520227432, 0.534365832806, 0.452684521675, 0.398097127676, 0.510182917118, 0.669681727886, 0.608489096165, 0.475966542959, 0.418507069349, 0.359881550074, 0.370393931866, 0.424568027258, 0.416398614645, 0.457202106714, 0.510311126709, 0.417947739363, 0.335416138172, 0.360776484013, 0.394125282764, 0.601535379887], "hpcp": {"dmean2": [0.245707243681, 0.21768926084, 0.197638899088, 0.216209709644, 0.241519004107, 0.300625741482, 0.371692121029, 0.349044680595, 0.314410835505, 0.274702548981, 0.224126920104, 0.205041021109, 0.214040413499, 0.204900965095, 0.202730104327, 0.210860580206, 0.25878661871, 0.316538929939, 0.321312665939, 0.362484395504, 0.420254439116, 0.400051444769, 0.36676672101, 0.350842952728, 0.303625077009, 0.252987265587, 0.276427865028, 0.308064460754, 0.286208093166, 0.265980780125, 0.249593883753, 0.218226209283, 0.205631285906, 0.221818000078, 0.223482608795, 0.241018652916], "median": [0.0522196553648, 0.0463116839528, 0.0458533652127, 0.0442508943379, 0.050047904253, 0.0956537202001, 0.148092970252, 0.145609050989, 0.0823980420828, 0.0565523505211, 0.0442477837205, 0.0396025702357, 0.0404702946544, 0.0417177826166, 0.0429641082883, 0.0442493893206, 0.0416297614574, 0.0486680939794, 0.0611601397395, 0.0674784332514, 0.0898403674364, 0.102344721556, 0.0971086844802, 0.0582230687141, 0.0431188158691, 0.0406993329525, 0.0585621073842, 0.0838184505701, 0.0805475413799, 0.0608105994761, 0.0426045358181, 0.032801065594, 0.0449064448476, 0.058363750577, 0.0554354265332, 0.0530796274543], "min": [0, 0, 0, 0, 0, 0, 0, 0, 0, 0, 0, 0, 0, 0, 0, 0, 0, 0, 0, 0, 0, 0, 0, 0, 0, 0, 0, 0, 0, 0, 0, 0, 0, 0, 0, 0], "dvar2": [0.125392779708, 0.107605554163, 0.0940811038017, 0.105551294982, 0.12090010941, 0.125119403005, 0.159178495407, 0.144121810794, 0.143411174417, 0.136543273926, 0.112805530429, 0.0997033193707, 0.10511148721, 0.103891201317, 0.0964140817523, 0.0986541882157, 0.134424939752, 0.177365764976, 0.159284085035, 0.188270226121, 0.217538461089, 0.198641970754, 0.168228253722, 0.183273732662, 0.159498527646, 0.128715142608, 0.124806381762, 0.136597171426, 0.122787594795, 0.120153613389, 0.128763765097, 0.112726926804, 0.0986645668745, 0.0948789343238, 0.0985982194543, 0.115230858326], "dvar": [0.0485427714884, 0.039819676429, 0.0332278944552, 0.0385734848678, 0.0446737855673, 0.0449885949492, 0.066692635417, 0.0582071356475, 0.0519700869918, 0.0505247674882, 0.0407487861812, 0.0364210158587, 0.0384678579867, 0.0376031622291, 0.0349905341864, 0.0359787940979, 0.0479034408927, 0.0651734769344, 0.0607591643929, 0.0684492066503, 0.0796442776918, 0.0780524462461, 0.0620153062046, 0.0656909123063, 0.057535097003, 0.0469395667315, 0.0463009551167, 0.0535831302404, 0.0466237366199, 0.0439216122031, 0.0469158701599, 0.0405202321708, 0.0357353501022, 0.0355944037437, 0.0364441648126, 0.0424634926021], "dmean": [0.140211164951, 0.123465418816, 0.110314719379, 0.119888871908, 0.133645445108, 0.170664221048, 0.218201503158, 0.206360548735, 0.17860661447, 0.153875246644, 0.124506495893, 0.114618763328, 0.119954846799, 0.114711761475, 0.113729476929, 0.116927213967, 0.141143068671, 0.173662692308, 0.178419739008, 0.200379192829, 0.233217298985, 0.226682499051, 0.208133623004, 0.193601429462, 0.168041080236, 0.139743506908, 0.156064778566, 0.177110493183, 0.166073367, 0.150330975652, 0.139995038509, 0.122394524515, 0.115909442306, 0.126539632678, 0.126757621765, 0.135694250464], "max": [1, 1, 1, 1, 1, 1, 1, 1, 1, 1, 1, 1, 1, 1, 1, 1, 1, 1, 1, 1, 1, 1, 1, 1, 1, 1, 1, 1, 1, 1, 1, 1, 1, 1, 1, 1], "var": [0.0636369884014, 0.0434340871871, 0.027867924422, 0.034645203501, 0.0396713279188, 0.0495165288448, 0.115495055914, 0.0994657725096, 0.0565910078585, 0.0470190942287, 0.0351609513164, 0.0342210717499, 0.0378810837865, 0.0347438678145, 0.0328116901219, 0.0355051346123, 0.0419088713825, 0.0608744174242, 0.0668341368437, 0.0646946281195, 0.0916991084814, 0.121884144843, 0.0790084078908, 0.0583218894899, 0.0507182143629, 0.0408071577549, 0.0510897673666, 0.0746958106756, 0.0595514662564, 0.0454621426761, 0.0453869923949, 0.0375284142792, 0.0347125679255, 0.0381215885282, 0.0367015004158, 0.0455618873239], "mean": [0.16025583446, 0.131250441074, 0.10533259064, 0.113296635449, 0.123769342899, 0.188903480768, 0.314035534859, 0.2946588099, 0.187075585127, 0.145226106048, 0.117657825351, 0.111519604921, 0.118033088744, 0.114048175514, 0.113229304552, 0.116475902498, 0.127159923315, 0.158233001828, 0.176125779748, 0.180664435029, 0.242034360766, 0.288346201181, 0.228467211127, 0.167809858918, 0.142159029841, 0.125016644597, 0.160215556622, 0.210303857923, 0.191087201238, 0.14947040379, 0.131426095963, 0.113015599549, 0.116316854954, 0.133329451084, 0.130763962865, 0.143577709794]}, "tuning_equal_tempered_deviation": 0.0962602198124, "chords_changes_rate": 0.073995269835, "key_key": "E", "tuning_diatonic_strength": 0.691701769829, "key_scale": "minor", "chords_number_rate": 0.00260047288612, "tuning_frequency": 438.731048584, "tuning_nontempered_energy_ratio": 0.832474946976, "chords_histogram": [1.67848694324, 2.83687949181, 8.55791950226, 0.803782522678, 0.354609936476, 1.79669034481, 0.189125299454, 33.0260047913, 12.1276597977, 25.4137115479, 0.0236406624317, 1.27659571171, 0, 0.567375898361, 0.14184397459, 1.53664302826, 0.780141830444, 0, 0.0472813248634, 0.118203312159, 0, 0.307328611612, 5.69739961624, 2.71867609024], "key_strength": 0.880655050278, "chords_key": "E", "chords_strength": {"dmean2": 0.0155252851546, "median": 0.551261663437, "min": 0.2684289217, "dvar2": 0.000181063631317, "dvar": 0.000107241081423, "dmean": 0.0122659355402, "max": 0.789642870426, "var": 0.00827421434224, "mean": 0.537526905537}, "chords_scale": "major", "hpcp_entropy": {"dmean2": 1.24045395851, "median": 2.77452802658, "min": 0, "dvar2": 0.910050451756, "dvar": 0.333396434784, "dmean": 0.73433637619, "max": 4.82147359848, "var": 0.668803334236, "mean": 2.74630093575}}, "metadata": {"audio_properties": {"equal_loudness": 0, "codec": "mp3", "downmix": "mix", "sample_rate": 44100, "analysis_sample_rate": 44100, "bit_rate": 192025, "md5_encoded": "b7e3baf620b9dd1d52bd7dc2042138ec", "length": 196.388565063, "replay_gain": -6.3779258728, "lossless": false}, "version": {"essentia_build_sha": "2d9f1f26377add8aeb1075a9c2973f962c4f09fd", "essentia": "2.1-beta2", "extractor": "music 1.0", "essentia_git_sha": "v2.1_beta2-1-ge3940c0"}, "tags": {"title": ["Hell Raiser"], "language": ["eng"], "acoustid_fingerprint": ["AQADtFE0LUmoSENPIXnw_nj0DQzvDP3hq6iFPCQqHVr4BvJReWLgz_iO-GPgCxdepNfwBvuhV7iPV8c9HD_8C_2NhyGOfoHx4y2O_7AzfCF0hOgfYx_cHM_B30jzBGoe9Mh3NE2OFmeGMHH2gTmu9IX24BssZ4CLP_hU5PAJisJLPIXLI3vgRzmqGFcvPNEV9JQx5SSu4Sd-oTu85TAdEg_-wyf6iAgPP-OEPwg_XCifwz_2B2qOK6hUfJeQqwka8-iJWP3Qh1CUv3gz6cizoxklHp3GHDnUccc7qujRuMEl4YIuBZETG5WWoJtPPEd89ISW50csZbpxZaowOjt-Bml9_HjYQAuroPpxNJyEnuki_NCSFj2uo-zR-MetCWcFK41SKNzhKrORr9nwo2jiJBpyfsGYH_o75EmO86iewj-6J8SP3IeeRPkwZppV9EZzbXh26Dlx5chFDmGO3pBmWsiN6zgqZ8OZwhye4Tk-pDv0cIRP6ArSNEuKbsqMS0J1XPLxD_mhg0dTH5-PvEWPk0L4Fz_0Hk30pEPXjEOTo8eJZksWaBd6wpWOn9i6HD2Pv4AWhOXxXsKPKayEki3-XPiNcGUKOoZOHtahWRlx7WBClMeFcn2gJQ9yHcd7NGsUhD-0I82PH43SWfiP30M-Q4wnKvjRHMzxdoIix4YZXQh1Cl2lHdfRI1cKPVkU5PBP5Cx2POFxEtKzFOEruJ8QO4Wru7B4lFKh_zieB7rUY96OD2cQJo-CekOO90GzLj40_URHOCfuxkj3DE92wdZS5NTxQE-EicTlItaFRsezHFYYtEfJCM2P8hFSXiqSsRe6Bz56PeheEk9UWGFm4ReuLALlHrWOJg7C42IOPS9CPg58D9ZRNUUp5ULzC0_A5EToeULjb9BJOBszCVcGXah4fBkedwgT6egaE81bodaDPlnQDN8RklmhxQ03oBbhScGNN9AkDf0Kr0F_fKqhxQnxHT_-oToO_cIxDfZR6j36w7kE7WRwosYbHuZyaJR25E1q1Bd8eCyDatKDkpo2hMmzQifyKIOjC3-RL3mGn9AupF_QrMQVxyrya2j-QRPyCGUXHk2uI9eOR1oFTSfSk_BRZhcuhUyGw24RP9CVRSIiHX-qoFUyPuBE7mjOoM8cXD8uDpE-qJaQZ0ef4zrxCNOOMJOgZzk2_sOhJZLRazmm5OjDI3yPRtVxLTmYH82zOER_NPGDaemRfoFqGb4QstKDr8F3NKOGKo6QH1qcHeGVwEsk9fiVhMH7w-E5PDPyMJugJQ_6I46WD3kOjwn0hSIaHqHEMBReHc3DHKH-4XmhigxhVnh2qBb6HWnJ42iW4dpxaz58Ix9kRwiXH88fonKMl8EUl0OfGznYQt0khNEcBdOPMDW0Mx2e6Gj4QJO6C89h28ilDA2HiYXDI_dyNGmPks-gJ6DaBDkRPofz7LC2QTs-GuF0ockpCwfzHGGzS_iWQFcp_Dv-E5cuPNmhXwpCikJzvDrObPhunESW07gEX9APrzv6MCG0y4gUJ_gb_NZQ-YPH_HiDlIygIx-DfzG-HP_xHdWH8CH8QnsQHtbgH1PJC7u0NPgQ-mie0fiP4wot_OgsFc2NSxt6aPnxbUXD5UN4dziaD6GqrIH8CtUR5tiP6yE-oe8R5jp0RTdy7CJxMbgiHdfR_XBMasil49B4PDkuHZNFa4OWSznOHPmPs0X9w1Y1lFJB38iP5CvOpMUTMRaeE3c4oTneGA-R73hsnNQmpB3CHk8UVIaZJIcu4jizQ2eOLFZKHBdRfTmef5g2e8hnvLi4Q6uE_zg0XujRUEbu6EFYWLnRD5o0jSKaH5eWIzya00ceaOSHxiqHXCrOYf9RMixR7fgSjsaP-gij4yG0TCKnIqyCN2Dyo1YkBdcRrsdlQ_Vx7egzoTm0RrXw7bgGLSehyYGaG6U8qcgTkjhTHO2PO7zwRDgvTHmIZGeQJ8eNP7g0Gm2cB1V-4n-gWH3BF71auN9x0cGkrcF7_EZi7sh_hNNzoRlpCL2UHM2MnBcaeeij9Ii9p2j3ockt4aqB5hr6D_mPLe2D3MUl-BceZflwG-UiNM-F8keTXTjOOtBOeD92pEdnHkdztEI9pCO0a0e9PUg9HX8wukOYfXigqhf4o9HECn0WaJKOhhfyoTEr9MHTa0ITH31i4vjR5wjzCH8FRskM8Q_8QGfY4sbzHHqO_xArFtUD-cN5aMl24ri-4oyIL-AhM8RznMWZozjofyjLQ19u_PCPXcF_-IZZEtpThBaPJtPx42Lh78ijVdCPMC4cZUwodOmGaxSqKzwaV_gshJIVHlp04gpuDs0F7TrCi0MT5cQ7B2fowUcu6EVHBs3zCI-mLNAuXUjjHP7Q_rjUCX28ovli5FCdKCFCksfzF9PJFb_Q92ieC_l08MQJbS-8QkvVI3eMefqAzSneINQDLZOO8IOZweOCyqFRUkfjPPiyI0yOfp8QJk_BPLHw8MiV5ah8IlcnPML04_KCRsmKij766HCLPmhiiugSKtyRS9WhxRdCvcPPo5lvVNF-vEF_IoyzI6msDJaGi4mMxyLC2Ch09Qilo5GOi0ieI8yNp4eXoWSOG025ENWDO0qR7EcuH61StcGZof8w5VlwJj04bsSRU4JyIuaPZxvyBD8HxzW-SDn6C42T44hWhbiPRqi4Lug_UCcLgQABABCAlAJCCMSMUUIyJ6BijgDIgACCMSaZBUwAAiAxSBmNhCDWGMGIEQIgYYEUhColBACEKKQAoggYCgwQBCAqpBIMASQINEICB5QBCiggBANEIIcAI44BIIgARgioFCBkOMOMIgRBAAVSQgFHgDAMGGIEFUICoQAjgBBmFHEEKsYoQAIBwhARSjFCvDMAMSaQ0kIAiLlRxglDnFJIAYcAEQQBYICSDhggCVDKAUOIA4ABAaAAhAkgAHACeEIYI5IQR4RBQoAogJDIAKIAAMQgSIxiFBnEGHEAEWCEAsYQhpBAICBhBMBCECoJRd4ZBYACxhjAhBIAMmiYaEFpB4AxgDAAEABOGQKZM0QIBwQAAAHDhRCECAGUIVYYTQQBSiggEFNCCWSYQQIAB4QRQBACEBNAOEAEFR4YZoARAAgjAENgKAABEIIgQABDQgkgKCEAIEgAEYAJgggSSgAihXBACGAUIQYoJAxVABACBBAEEKSEEIAABgAVHhICgQBGEEGE4oIJhAgBSAAACDBECCIEEQAZBBQQCBDCwBRCCIeMBQRQAsBCACAFAHOUEqUEQAQRQAgAQChLiEIACUEME44BwghATCEgmABOAUIEAJIDIBgCBmFApFKWCMSIFNAwgQRS1jAkCHCAIGOYawIIBJQRikGkFCACAAIcIIIQxBgUQgAABCEECGMQIMAAAxxCwiAGgCACFCKAR4IMwQBBTBgknGCSCSAgsAYAAoABAABGgDDGAWAEgYQDwRCqgDJAgEAACAOMAEgAxIQwQBjFBCPACQUYIQgAIpgHQBgBiAaCEIAEAYQIAwAAQBIHAAGCMIKIEZIAA4Q1gCgmCQBAKCAMQgAAAhAhAACqCCHAAaKAUUQoIQhRQAnDBAJAIkEMUUAwgAACAA"], "date": ["1973"], "genre": ["Glam"], "musicbrainz_releasegroupid": ["f5798f74-6cbd-4e87-92d9-b7a1d6f743d3"], "musicbrainz album type": ["Album", "Compilation"], "musicbrainz_recordingid": ["03dfc9b5-e2f1-4dd5-92cc-3f2c36472656"], "artistsort": ["Sweet"], "musicbrainz album release country": ["DE"], "musicbrainz_albumartistid": ["dc73bb40-b697-4df9-a2ec-0555bebdba75"], "musicbrainz_albumid": ["b16c8b31-f509-436a-83ae-730f2e214439"], "artist": ["Sweet"], "tracknumber": ["05/20"], "bpm": ["159.16"], "catalognumber": ["88875129652"], "album": ["Action: The Ultimate Story (disc 2)"], "label": ["RCA Victor"], "acoustid_id": ["7af1e71d-1c19-4478-a7f0-d70bda2acfe8"], "musicbrainz_artistid": ["dc73bb40-b697-4df9-a2ec-0555bebdba75"], "file_name": "The Sweet - Hell Raiser.mp3"}}, "rhythm": {"bpm_histogram_first_peak_bpm": {"dmean2": 0, "median": 157, "min": 157, "dvar2": 0, "dvar": 0, "dmean": 0, "max": 157, "var": 0, "mean": 157}, "bpm": 156.054885864, "bpm_histogram_second_peak_spread": {"dmean2": 0, "median": 0, "min": 0, "dvar2": 0, "dvar": 0, "dmean": 0, "max": 0, "var": 0, "mean": 0}, "bpm_histogram_first_peak_weight": {"dmean2": 0, "median": 0.42912620306, "min": 0.42912620306, "dvar2": 0, "dvar": 0, "dmean": 0, "max": 0.42912620306, "var": 0, "mean": 0.42912620306}, "onset_rate": 3.60986971855, "beats_position": [0.383129239082, 0.789478421211, 1.18421769142, 1.57895684242, 1.97369611263, 2.38004541397, 2.7863945961, 3.1811337471, 3.5758728981, 3.98222208023, 4.37696123123, 4.77170038223, 5.16644001007, 5.54956912994, 5.93269824982, 6.31582736969, 6.68734693527, 7.07047605515, 7.45360517502, 7.83673477173, 8.2198638916, 8.59138298035, 8.97451210022, 9.35764122009, 9.74077033997, 10.1239004135, 10.5070295334, 10.8901586533, 11.2732877731, 11.656416893, 12.0395460129, 12.4226751328, 12.8058052063, 13.1889343262, 13.572063446, 13.9551925659, 14.3383216858, 14.7214508057, 15.0929698944, 15.4644899368, 15.8360090256, 16.2075271606, 16.5790481567, 16.9621772766, 17.3453063965, 17.7168254852, 18.0999546051, 18.483083725, 18.8546028137, 19.2261219025, 19.5976409912, 19.96916008, 20.3406791687, 20.7121982574, 21.0837192535, 21.4552383423, 21.8151473999, 22.1750564575, 22.5465755463, 22.918094635, 23.2780036926, 23.6379127502, 24.009431839, 24.3809528351, 24.764081955, 25.1472110748, 25.5303401947, 25.9134693146, 26.2965984344, 26.6797275543, 27.0628566742, 27.4459857941, 27.8175048828, 28.2006340027, 28.5837631226, 28.9668922424, 29.3500213623, 29.7215423584, 30.1046714783, 30.4878005981, 30.8593196869, 31.2308387756, 31.6139678955, 31.9970970154, 32.3802261353, 32.7633552551, 33.146484375, 33.5412254333, 33.9243545532, 34.3190917969, 34.7022209167, 35.0853500366, 35.4684791565, 35.8516082764, 36.2347373962, 36.6062583923, 36.9893875122, 37.3609046936, 37.7440338135, 38.1271629333, 38.5102958679, 38.8934249878, 39.2649421692, 39.6480712891, 40.0195922852, 40.3911094666, 40.7626304626, 41.1225395203, 41.5056686401, 41.88879776, 42.2603149414, 42.6318359375, 43.0149650574, 43.3980941772, 43.7812232971, 44.164352417, 44.5358734131, 44.9073905945, 45.2905197144, 45.6736488342, 46.0451698303, 46.4282989502, 46.8114280701, 47.1945571899, 47.5776863098, 47.9608154297, 48.3439445496, 48.7270736694, 49.1102027893, 49.4933319092, 49.8880729675, 50.2712020874, 50.6543312073, 51.0374603271, 51.420589447, 51.8037185669, 52.1868476868, 52.5699768066, 52.9298858643, 53.2897949219, 53.661315918, 54.0328330994, 54.4043540955, 54.7758712769, 55.1590003967, 55.5305213928, 55.9020385742, 56.2735595703, 56.6450767517, 57.0282058716, 57.3997268677, 57.7828559875, 58.1659851074, 58.5491142273, 58.9322433472, 59.3037643433, 59.6985015869, 60.0816307068, 60.4647598267, 60.8362808228, 61.2077980042, 61.5793190002, 61.9508361816, 62.3223571777, 62.6822662354, 63.042175293, 63.4136962891, 63.7852134705, 64.1683425903, 64.5514755249, 64.9229888916, 65.2828979492, 65.6428070068, 66.0143280029, 66.3742370605, 66.7573699951, 67.1288909912, 67.5120162964, 67.8835372925, 68.2666625977, 68.6381835938, 69.0213165283, 69.4044418335, 69.7759628296, 70.1474838257, 70.5189971924, 70.8905181885, 71.2620391846, 71.6335601807, 72.0166854858, 72.3998184204, 72.7713394165, 73.1428527832, 73.5143737793, 73.8858947754, 74.2574157715, 74.6289291382, 75.0004501343, 75.3719711304, 75.7434921265, 76.1150131226, 76.4865264893, 76.8580474854, 77.217956543, 77.5778656006, 77.9493865967, 78.3092956543, 78.6692047119, 79.040725708, 79.4122467041, 79.7837600708, 80.1668930054, 80.5500183105, 80.9215393066, 81.3046722412, 81.6877975464, 82.0593185425, 82.4308395386, 82.8139648438, 83.1970977783, 83.5686187744, 83.9401321411, 84.3232650757, 84.7063903809, 85.0895233154, 85.4726486206, 85.8673934937, 86.2853469849, 86.7033081055, 87.1212692261, 87.5160064697, 87.9107437134, 88.3054885864, 88.7002258301, 89.0949630737, 89.4897003174, 89.8844451904, 90.2791824341, 90.6623077393, 91.0454406738, 91.428565979, 91.8116989136, 92.1948318481, 92.5779571533, 92.9610900879, 93.3442153931, 93.7273483276, 94.1104736328, 94.4936065674, 94.8767318726, 95.2482528687, 95.6197738647, 95.9796829224, 96.33959198, 96.7111129761, 97.0710220337, 97.4425354004, 97.8140563965, 98.1855773926, 98.5687026978, 98.9518356323, 99.3349609375, 99.7064819336, 100.089614868, 100.461128235, 100.844261169, 101.227394104, 101.610519409, 101.993652344, 102.376777649, 102.759910583, 103.143035889, 103.526168823, 103.909294128, 104.280815125, 104.66394043, 105.047073364, 105.430198669, 105.813331604, 106.1848526, 106.556373596, 106.927886963, 107.299407959, 107.670928955, 108.030838013, 108.39074707, 108.739044189, 109.110565186, 109.482086182, 109.853607178, 110.225120544, 110.596641541, 110.979774475, 111.36289978, 111.734420776, 112.117546082, 112.500679016, 112.883804321, 113.266937256, 113.638458252, 114.021583557, 114.404716492, 114.776237488, 115.147750854, 115.519271851, 115.890792847, 116.250701904, 116.610610962, 116.982131958, 117.353645325, 117.725166321, 118.085075378, 118.456596375, 118.828117371, 119.211242676, 119.582763672, 119.965896606, 120.349021912, 120.720542908, 121.092063904, 121.463577271, 121.835098267, 122.218231201, 122.601356506, 122.99609375, 123.390838623, 123.762359619, 124.145484924, 124.51700592, 124.888526917, 125.271652222, 125.666389465, 126.037910461, 126.409431458, 126.792556763, 127.175689697, 127.547210693, 127.91872406, 128.301864624, 128.673370361, 129.044891357, 129.428024292, 129.799545288, 130.171066284, 130.54258728, 130.914108276, 131.285614014, 131.65713501, 132.051879883, 132.423400879, 132.794921875, 133.166442871, 133.537963867, 133.909469604, 134.280990601, 134.652511597, 135.024032593, 135.395553589, 135.767074585, 136.138595581, 136.510116577, 136.881637573, 137.253143311, 137.624664307, 137.996185303, 138.35609436, 138.727615356, 139.087524414, 139.45904541, 139.830566406, 140.202087402, 140.56199646, 140.921905518, 141.293426514, 141.66494751, 142.048065186, 142.43119812, 142.802719116, 143.185852051, 143.568969727, 143.952102661, 144.346847534, 144.741577148, 145.124710083, 145.507843018, 145.890975952, 146.274108887, 146.657226563, 147.040359497, 147.423492432, 147.806625366, 148.189743042, 148.561264038, 148.944396973, 149.327529907, 149.710647583, 150.093780518, 150.465301514, 150.848434448, 151.231567383, 151.603088379, 151.974594116, 152.334503174, 152.694412231, 153.077545166, 153.460678101, 153.820587158, 154.180496216, 154.552017212, 154.935150146, 155.318267822, 155.701400757, 156.084533691, 156.456054688, 156.827575684, 157.210693359, 157.593826294, 157.96534729, 158.348480225, 158.731613159, 159.114730835, 159.49786377, 159.880996704, 160.264129639, 160.647247314, 161.030380249, 161.413513184, 161.796646118, 162.179763794, 162.562896729, 162.934417725, 163.317550659, 163.689071655, 164.072189331, 164.432098389, 164.792022705, 165.151931763, 165.5234375, 165.883346558, 166.243255615, 166.614776611, 166.986297607, 167.357818604, 167.7293396, 168.112472534, 168.48399353, 168.867111206, 169.250244141, 169.621765137, 169.993286133, 170.376419067, 170.747940063, 171.131057739, 171.502578735, 171.874099731, 172.245620728, 172.617141724, 172.98866272, 173.336959839, 173.685256958, 174.056777954, 174.42829895, 174.788208008, 175.159729004, 175.54284668, 175.914367676, 176.274276733, 176.634185791, 177.005706787, 177.377227783, 177.748748779, 178.120269775, 178.50340271, 178.886520386, 179.281265259, 179.652786255, 180.024307251, 180.395828247, 180.767349243, 181.138870239, 181.510375977, 181.893508911, 182.276641846, 182.648162842, 183.019683838, 183.402801514, 183.785934448, 184.180679321, 184.587020874, 185.004989624, 185.434555054, 185.817687988, 186.200805664, 186.57232666, 186.955459595, 187.338592529, 187.710113525, 188.09324646, 188.476364136, 188.847885132, 189.219406128, 189.590927124, 189.974060059, 190.357177734, 190.740310669, 191.123443604, 191.518188477, 191.982574463, 192.446975708, 192.911376953, 193.399002075, 193.886611938, 194.362625122, 194.838638306, 195.326248169, 195.813873291], "beats_loudness": {"dmean2": 0.0209794975817, "median": 0.0367528758943, "min": 5.17872678074e-09, "dvar2": 0.000360876787454, "dvar": 0.000124147627503, "dmean": 0.0123314447701, "max": 0.0891640782356, "var": 0.000232259480981, "mean": 0.0361124873161}, "danceability": 1.19385230541, "bpm_histogram_second_peak_weight": {"dmean2": 0, "median": 0.077669903636, "min": 0.077669903636, "dvar2": 0, "dvar": 0, "dmean": 0, "max": 0.077669903636, "var": 0, "mean": 0.077669903636}, "beats_count": 516, "bpm_histogram_second_peak_bpm": {"dmean2": 0, "median": 167, "min": 167, "dvar2": 0, "dvar": 0, "dmean": 0, "max": 167, "var": 0, "mean": 167}, "bpm_histogram_first_peak_spread": {"dmean2": 0, "median": 0.448877811432, "min": 0.448877811432, "dvar2": 0, "dvar": 0, "dmean": 0, "max": 0.448877811432, "var": 0, "mean": 0.448877811432}, "beats_loudness_band_ratio": {"dmean2": [0.338064461946, 0.141263276339, 0.0827287510037, 0.16102065146, 0.200112894177, 0.107538886368], "median": [0.586638689041, 0.0737460702658, 0.0280714295805, 0.0448784083128, 0.077730178833, 0.0766793936491], "min": [0.00010447409295, 0.000397732772399, 0.00237814104185, 0.00106641033199, 0.000907451671083, 3.30723050865e-05], "dvar2": [0.0765082538128, 0.0264031682163, 0.00960235763341, 0.0350019484758, 0.0404148101807, 0.0133647834882], "dvar": [0.0284523088485, 0.00989486183971, 0.00365386414342, 0.0128849428147, 0.0133297033608, 0.00503954244778], "dmean": [0.194936558604, 0.0818674340844, 0.0469138920307, 0.0905872508883, 0.109839722514, 0.0619976855814], "max": [0.970558106899, 0.9703592062, 0.634304583073, 0.683891415596, 0.672273337841, 0.70566624403], "var": [0.0675018429756, 0.0143662542105, 0.00428552692756, 0.0129982577637, 0.0169220101088, 0.00776534574106], "mean": [0.546442747116, 0.109774120152, 0.0521366260946, 0.093377366662, 0.130066543818, 0.0984870120883]}}, "lowlevel": {"barkbands_spread": {"dmean2": 11.3683319092, "median": 30.5429172516, "min": 0.152082547545, "dvar2": 141.641265869, "dvar": 62.6726531982, "dmean": 7.42209815979, "max": 145.476242065, "var": 293.610870361, "mean": 31.2937850952}, "melbands_spread": {"dmean2": 16.7739582062, "median": 29.1394062042, "min": 0.378236800432, "dvar2": 372.550140381, "dvar": 166.594406128, "dmean": 10.9554595947, "max": 236.007568359, "var": 690.319091797, "mean": 35.071231842}, "hfc": {"dmean2": 8.45735168457, "median": 21.5231285095, "min": 1.18918727409e-16, "dvar2": 125.422622681, "dvar": 67.1118240356, "dmean": 6.34850549698, "max": 166.120437622, "var": 408.01953125, "mean": 26.5443649292}, "barkbands_kurtosis": {"dmean2": 5.52377653122, "median": 0.150524646044, "min": -1.94923138618, "dvar2": 296.854309082, "dvar": 176.069335938, "dmean": 3.56691670418, "max": 630.879211426, "var": 371.943511963, "mean": 4.13795900345}, "gfcc": {"mean": [4.25930452347, 77.5102157593, -122.035774231, 52.1143226624, -45.3489646912, 16.1528282166, -36.5236320496, 3.83769965172, -29.1067867279, -6.41285943985, -19.9278888702, -5.61772537231, -11.9791307449], "icov": [[0.000184726421139, -0.000135585127282, 0.000191406637896, -0.000235174957197, 0.000149966246681, -0.000225615265663, 0.000218515051529, -0.000554093450774, 0.000514784362167, -0.000385832623579, 0.00057764997473, -0.000353007519152, 0.000506217067596], [-0.000135585127282, 0.00123983481899, -0.00017388346896, 0.000446851365268, -0.000735734589398, 0.000566774164326, -0.000626643362921, 0.00139204133302, -0.00128974777181, 0.00151617650408, -0.00187088863458, 0.0023841955699, -0.00161139166448], [0.000191406637896, -0.00017388346896, 0.0016505921958, -0.000794246268924, 0.000112692345283, -0.000512615602929, -8.58772764332e-05, 0.000767255609389, -0.000159993505804, -0.00052567187231, 0.00184686447028, -0.00055210076971, 0.000934586685617], [-0.000235174957197, 0.000446851365268, -0.000794246268924, 0.00223437813111, 0.000320816237945, -2.58579912042e-05, -0.000503671704791, 0.000487224431708, -0.000647997949272, 0.000643848499749, -0.00104146380909, 0.00129134033341, -0.0014417466009], [0.000149966246681, -0.000735734589398, 0.000112692345283, 0.000320816237945, 0.00373195391148, -0.00017629264039, -0.000917982775718, -0.000809578225017, -0.000363596191164, -0.000564572808798, 0.00119207671378, -0.00130282365717, 0.000547370524146], [-0.000225615265663, 0.000566774164326, -0.000512615602929, -2.58579912042e-05, -0.00017629264039, 0.00542347179726, -0.00283965631388, -0.000351417082129, -0.000209198144148, -0.000361275364412, -0.000598418875597, -0.00160717684776, 0.000877211918123], [0.000218515051529, -0.000626643362921, -8.58772764332e-05, -0.000503671704791, -0.000917982775718, -0.00283965631388, 0.0107336891815, -0.00337152695283, 0.00126320344862, 0.00138214917388, -0.00261101964861, 0.00201447028667, -0.000326026929542], [-0.000554093450774, 0.00139204133302, 0.000767255609389, 0.000487224431708, -0.000809578225017, -0.000351417082129, -0.00337152695283, 0.0124733978882, -0.00721650570631, 0.000787755649071, 0.0016740829451, 0.000121294317069, -0.000896966317669], [0.000514784362167, -0.00128974777181, -0.000159993505804, -0.000647997949272, -0.000363596191164, -0.000209198144148, 0.00126320344862, -0.00721650570631, 0.0168110784143, -0.00699641602114, -0.000492212129757, 0.000291983247735, -0.0013203084236], [-0.000385832623579, 0.00151617650408, -0.00052567187231, 0.000643848499749, -0.000564572808798, -0.000361275364412, 0.00138214917388, 0.000787755649071, -0.00699641602114, 0.0179776418954, -0.00675637135282, 0.000171216888702, 0.00160143058747], [0.00057764997473, -0.00187088863458, 0.00184686447028, -0.00104146380909, 0.00119207671378, -0.000598418875597, -0.00261101964861, 0.0016740829451, -0.000492212129757, -0.00675637135282, 0.0196903459728, -0.0082723647356, 0.00160539464559], [-0.000353007519152, 0.0023841955699, -0.00055210076971, 0.00129134033341, -0.00130282365717, -0.00160717684776, 0.00201447028667, 0.000121294317069, 0.000291983247735, 0.000171216888702, -0.0082723647356, 0.024924563244, -0.00952228624374], [0.000506217067596, -0.00161139166448, 0.000934586685617, -0.0014417466009, 0.000547370524146, 0.000877211918123, -0.000326026929542, -0.000896966317669, -0.0013203084236, 0.00160143058747, 0.00160539464559, -0.00952228624374, 0.0198701862246]], "cov": [[11812.5429688, -1953.84008789, -602.788635254, 845.728088379, -594.558898926, 646.794433594, -118.274085999, 595.550842285, -184.790557861, 182.512985229, -320.805755615, 88.1297302246, -315.738250732], [-1953.84008789, 2410.26586914, -59.6874504089, -378.551239014, 410.46307373, -343.416473389, 107.339698792, -245.051742554, 77.1938247681, -150.485092163, 150.970336914, -139.245635986, 153.462631226], [-602.788635254, -59.6874504089, 933.843017578, 276.776519775, -44.1960906982, 53.8706283569, 3.95637583733, -89.5154037476, -14.6702842712, -13.7452583313, -62.1141891479, -25.2618160248, -25.4154663086], [845.728088379, -378.551239014, 276.776519775, 698.772521973, -150.785705566, 105.116699219, 10.4155187607, 26.245344162, -13.9826869965, 11.6494283676, -33.5766944885, 0.0915005356073, -12.8038110733], [-594.558898926, 410.46307373, -44.1960906982, -150.785705566, 388.220428467, -31.2555713654, 59.3891448975, 3.35185790062, 47.5967025757, -9.9103679657, 28.0791454315, -7.25148439407, 29.6008052826], [646.794433594, -343.416473389, 53.8706283569, 105.116699219, -31.2555713654, 306.672515869, 61.1028938293, 81.4172821045, 4.78963947296, 39.1025238037, -7.70670318604, 35.244140625, -32.5547866821], [-118.274085999, 107.339698792, 3.95637583733, 10.4155187607, 59.3891448975, 61.1028938293, 139.863143921, 33.2777481079, 16.8186035156, -6.59952402115, 22.7007694244, -6.1390247345, 8.62452507019], [595.550842285, -245.051742554, -89.5154037476, 26.245344162, 3.35185790062, 81.4172821045, 33.2777481079, 178.622817993, 51.5036125183, 35.9536170959, -16.8067131042, 18.9958133698, -13.0221071243], [-184.790557861, 77.1938247681, -14.6702842712, -13.9826869965, 47.5967025757, 4.78963947296, 16.8186035156, 51.5036125183, 110.253288269, 38.4803352356, 25.0388145447, 4.47863531113, 16.0695514679], [182.512985229, -150.485092163, -13.7452583313, 11.6494283676, -9.9103679657, 39.1025238037, -6.59952402115, 35.9536170959, 38.4803352356, 95.5175857544, 23.3904247284, 20.2692642212, -12.6178455353], [-320.805755615, 150.970336914, -62.1141891479, -33.5766944885, 28.0791454315, -7.70670318604, 22.7007694244, -16.8067131042, 25.0388145447, 23.3904247284, 96.6083374023, 20.5800437927, 21.9174499512], [88.1297302246, -139.245635986, -25.2618160248, 0.0915005356073, -7.25148439407, 35.244140625, -6.1390247345, 18.9958133698, 4.47863531113, 20.2692642212, 20.5800437927, 69.7387390137, 17.4797344208], [-315.738250732, 153.462631226, -25.4154663086, -12.8038110733, 29.6008052826, -32.5547866821, 8.62452507019, -13.0221071243, 16.0695514679, -12.6178455353, 21.9174499512, 17.4797344208, 79.9481277466]]}, "spectral_energyband_middle_low": {"dmean2": 0.00988490600139, "median": 0.0068629141897, "min": 3.6396613382e-22, "dvar2": 0.000219830297283, "dvar": 8.65671026986e-05, "dmean": 0.0060796206817, "max": 0.081477470696, "var": 0.000104530241515, "mean": 0.0101409656927}, "melbands_crest": {"dmean2": 6.14202642441, "median": 13.8676338196, "min": 1.0267970562, "dvar2": 28.4361476898, "dvar": 11.8801546097, "dmean": 3.79116392136, "max": 32.9613227844, "var": 31.4669322968, "mean": 14.5007753372}, "spectral_kurtosis": {"dmean2": 3.26201987267, "median": 3.14325642586, "min": -1.22343575954, "dvar2": 64.5897598267, "dvar": 25.3168087006, "dmean": 1.96008765697, "max": 115.793769836, "var": 78.2627258301, "mean": 5.12515735626}, "spectral_rms": {"dmean2": 0.00121226068586, "median": 0.00474611902609, "min": 3.25789850826e-12, "dvar2": 1.91655499293e-06, "dvar": 8.59892622884e-07, "dmean": 0.000822559581138, "max": 0.00977477338165, "var": 2.70318491857e-06, "mean": 0.0047705010511}, "zerocrossingrate": {"dmean2": 0.0135758584365, "median": 0.07275390625, "min": 0.00537109375, "dvar2": 0.000214828512981, "dvar": 0.000184911914403, "dmean": 0.0120833730325, "max": 0.65966796875, "var": 0.00253937230445, "mean": 0.0789103284478}, "silence_rate_60dB": {"dmean2": 0.0175002962351, "median": 0, "min": 0, "dvar2": 0.0200312081724, "dvar": 0.00867246557027, "dmean": 0.00874911341816, "max": 1, "var": 0.0406383238733, "mean": 0.0424400046468}, "erbbands_kurtosis": {"dmean2": 1.80980849266, "median": -0.0213283151388, "min": -1.88756656647, "dvar2": 15.5875606537, "dvar": 9.05076885223, "dmean": 1.20552790165, "max": 87.7810745239, "var": 20.106918335, "mean": 0.816510260105}, "erbbands": {"dmean2": [0.111074574292, 1.14914417267, 4.5187792778, 15.3957223892, 18.5080509186, 10.4777154922, 6.68985462189, 7.14785861969, 5.11609745026, 7.97258281708, 10.5491428375, 15.1994686127, 22.515007019, 19.0572624207, 19.9507369995, 21.567281723, 20.2147121429, 38.7619132996, 34.4148025513, 29.4198207855, 30.9577674866, 24.2611865997, 31.1622810364, 24.9902229309, 20.9385242462, 19.7106609344, 11.5129404068, 7.56382226944, 7.27210474014, 7.37944984436, 5.17884016037, 2.82879972458, 1.78674900532, 0.861965060234, 0.314979910851, 0.121355675161, 0.0436901561916, 0.0135671049356, 0.00223651924171, 6.66863197694e-05], "median": [0.0322696305811, 0.526803970337, 2.17747855186, 5.16785860062, 6.35566282272, 5.13924741745, 3.83882880211, 3.84698867798, 1.9897685051, 2.58438682556, 3.01745343208, 5.56292438507, 7.00765514374, 10.5504398346, 8.88467884064, 7.01387453079, 8.76454734802, 18.0871219635, 20.4261398315, 17.4374408722, 22.4070396423, 21.1893367767, 19.3590545654, 19.8712291718, 22.4678401947, 18.4836444855, 11.6101388931, 7.2504119873, 5.67080020905, 5.44846868515, 3.75768852234, 2.05983281136, 1.27993071079, 0.565880656242, 0.190412059426, 0.0564333498478, 0.0155989844352, 0.00248003844172, 8.80010629771e-05, 3.73786497221e-05], "min": [4.70509107078e-22, 5.64959350054e-21, 1.81075732981e-20, 2.99668342753e-20, 6.98581298412e-20, 1.69023036141e-19, 1.08132985243e-19, 1.77266692276e-19, 4.17238017682e-19, 1.30724687517e-18, 1.48285080516e-18, 7.8287190756e-19, 1.70263558905e-18, 2.13281262437e-18, 1.98167597311e-18, 1.54781126322e-18, 3.8652470848e-18, 5.47542280312e-18, 6.76035730845e-18, 8.30955120406e-18, 6.65017561008e-18, 8.14571981194e-18, 1.22149446727e-17, 1.46356490307e-17, 1.79330920461e-17, 1.61807314251e-17, 1.7755837167e-17, 1.45702240073e-17, 1.30475317377e-17, 1.10344355159e-17, 1.67365868705e-17, 1.81424795832e-17, 1.7469573118e-17, 1.04884475079e-17, 7.65949064017e-18, 4.32380706507e-18, 3.58314003202e-18, 1.42701011676e-18, 3.09434696224e-19, 3.86107230424e-20], "dvar2": [0.0466848239303, 3.94234108925, 62.01222229, 654.836914063, 949.751525879, 274.678405762, 132.716369629, 147.257995605, 133.227279663, 531.573669434, 923.156188965, 1208.77368164, 3302.66967773, 1803.87976074, 2424.47998047, 3156.22924805, 2640.35717773, 8115.56982422, 4341.4921875, 3422.15405273, 3164.04882813, 1350.08044434, 2821.42919922, 1592.73547363, 767.301818848, 724.434387207, 305.73248291, 151.570465088, 177.574737549, 232.863739014, 173.410354614, 45.6380386353, 14.0811452866, 2.74221515656, 0.379353612661, 0.0709349811077, 0.00925832241774, 0.00127628701739, 6.13188240095e-05, 4.08230640403e-08], "dvar": [0.0247489623725, 1.67202961445, 22.6526222229, 248.674209595, 364.593475342, 113.895606995, 50.927066803, 60.5610923767, 54.6013946533, 223.91078186, 383.432861328, 524.795898438, 1338.44665527, 819.130004883, 1079.39978027, 1253.5657959, 1075.58215332, 3135.41064453, 1686.02270508, 1449.0435791, 1272.59875488, 545.108520508, 1107.76489258, 663.223571777, 329.885742188, 306.807861328, 122.225410461, 63.0892715454, 87.4812164307, 135.000747681, 102.37247467, 27.2727165222, 7.89270067215, 1.49209916592, 0.237879291177, 0.040904186666, 0.0054408442229, 0.000666863459628, 2.48921915045e-05, 1.6667321745e-08], "dmean": [0.0756439045072, 0.731101989746, 2.64039468765, 9.14160060883, 10.9182462692, 6.58635616302, 4.07608985901, 4.43722867966, 3.13497495651, 4.96469688416, 6.55263853073, 9.57031536102, 14.2408294678, 12.0693778992, 12.6602230072, 13.5063323975, 12.8615942001, 24.5103187561, 21.8236274719, 18.8995189667, 19.5468654633, 15.4154376984, 20.0239620209, 15.9442424774, 13.3329820633, 12.5106449127, 7.2909617424, 4.86936092377, 4.84713554382, 5.10257959366, 3.674877882, 2.03586506844, 1.27283811569, 0.60411632061, 0.232898399234, 0.0884589776397, 0.0324883423746, 0.00962303765118, 0.00136912881862, 4.22314478783e-05], "max": [1.51493573189, 16.6274700165, 50.3309135437, 135.361877441, 163.53477478, 143.568786621, 146.167617798, 210.021438599, 192.521133423, 479.535858154, 727.105163574, 757.043640137, 931.132507324, 921.48449707, 881.315612793, 790.596862793, 852.995239258, 1534.56311035, 866.642028809, 1072.23583984, 845.987243652, 415.990264893, 561.794677734, 428.383514404, 413.069458008, 349.503295898, 167.114929199, 178.865356445, 232.393173218, 349.209228516, 299.829406738, 148.576019287, 81.5040435791, 26.4804897308, 10.4419393539, 5.07033967972, 1.74348986149, 0.475916594267, 0.105477385223, 0.00296637462452], "var": [0.0347578860819, 2.2187962532, 23.818315506, 247.572723389, 350.795928955, 233.734436035, 88.2305831909, 136.495162964, 80.7048950195, 295.826477051, 608.354980469, 947.180969238, 2430.28930664, 1524.00720215, 2406.84594727, 2753.93505859, 2446.17944336, 6219.86816406, 3581.92553711, 3895.52050781, 3410.11450195, 1670.07043457, 3296.04272461, 2145.57348633, 1009.74432373, 845.814941406, 297.656311035, 151.677780151, 202.582672119, 343.343963623, 241.942687988, 65.5315704346, 20.204158783, 4.93838453293, 0.813108086586, 0.123037278652, 0.0174146443605, 0.00187145057134, 3.45024091075e-05, 2.34138770594e-08], "mean": [0.0950221344829, 1.05148756504, 3.68405365944, 10.8519115448, 12.8837909698, 10.6319408417, 6.86350631714, 7.5177192688, 4.41305446625, 6.77076244354, 8.92043781281, 13.8020181656, 20.882598877, 19.9877223969, 21.0982322693, 22.2375564575, 23.1753826141, 42.0531349182, 39.4057044983, 37.1780319214, 40.9139099121, 34.0611305237, 42.1504173279, 36.4109954834, 31.0204734802, 27.5313091278, 16.5216236115, 11.0219449997, 10.0640659332, 10.6603364944, 7.59040927887, 4.33474588394, 2.74378609657, 1.352673769, 0.510864913464, 0.183102339506, 0.0649171695113, 0.0173051897436, 0.00153776269872, 7.15820351616e-05]}, "spectral_strongpeak": {"dmean2": 0.813713729382, "median": 0.361848264933, "min": 0, "dvar2": 1.87150359154, "dvar": 0.717292606831, "dmean": 0.473882436752, "max": 9.49364566803, "var": 0.943785786629, "mean": 0.702869772911}, "spectral_energy": {"dmean2": 0.0138738295063, "median": 0.0230887848884, "min": 1.08792498607e-20, "dvar2": 0.000330585724441, "dvar": 0.000139989759191, "dmean": 0.00912837870419, "max": 0.0979348421097, "var": 0.000263024528977, "mean": 0.0260974355042}, "average_loudness": 0.953205525875, "spectral_rolloff": {"dmean2": 1105.21191406, "median": 2002.58789063, "min": 86.1328125, "dvar2": 2039179.125, "dvar": 942952.3125, "dmean": 687.382019043, "max": 19186.0839844, "var": 3679453.75, "mean": 2186.6003418}, "spectral_centroid": {"dmean2": 507.142608643, "median": 1906.83129883, "min": 200.245773315, "dvar2": 287482.46875, "dvar": 122538.867188, "dmean": 325.084106445, "max": 11404.6347656, "var": 646239.4375, "mean": 1826.61914063}, "pitch_salience": {"dmean2": 0.127700150013, "median": 0.594614565372, "min": 0.115473784506, "dvar2": 0.0124537982047, "dvar": 0.0048613846302, "dmean": 0.0782877057791, "max": 0.994149923325, "var": 0.0107193784788, "mean": 0.580248713493}, "spectral_energyband_middle_high": {"dmean2": 0.00262114591897, "median": 0.00435838149861, "min": 1.59753678469e-21, "dvar2": 1.09158427222e-05, "dvar": 5.48627167518e-06, "dmean": 0.00185005646199, "max": 0.040255676955, "var": 4.37534072262e-05, "mean": 0.00671686977148}, "spectral_contrast_coeffs": {"dmean2": [0.0980327650905, 0.0791546404362, 0.0602561049163, 0.0488442778587, 0.0351309552789, 0.0281519200653], "median": [-0.632534682751, -0.77658957243, -0.803081691265, -0.797025382519, -0.791698038578, -0.747588157654], "min": [-0.965685784817, -0.994854867458, -0.994133114815, -0.984776079655, -0.985700964928, -0.961717903614], "dvar2": [0.00676205474883, 0.00376383052208, 0.00230397377163, 0.00147057278082, 0.000775065913331, 0.000575164216571], "dvar": [0.00263885851018, 0.00144882383756, 0.000923080195207, 0.000583568529692, 0.00031568351551, 0.000241391171585], "dmean": [0.0593674778938, 0.0480833016336, 0.0375221818686, 0.030162345618, 0.0218752250075, 0.0175453517586], "max": [-0.290455967188, -0.40118008852, -0.517827272415, -0.542144596577, -0.582965314388, -0.596189141273], "var": [0.0079050976783, 0.00484295841306, 0.00356310768984, 0.00248102447949, 0.00131838012021, 0.00143585144542], "mean": [-0.62076574564, -0.766816198826, -0.795353472233, -0.791890919209, -0.789660334587, -0.753535807133]}, "melbands_skewness": {"dmean2": 1.47993814945, "median": 2.60225915909, "min": -2.41460633278, "dvar2": 2.40375828743, "dvar": 1.00829899311, "dmean": 0.963843405247, "max": 14.5193014145, "var": 4.04319524765, "mean": 2.88575553894}, "spectral_spread": {"dmean2": 611800.0625, "median": 4243128, "min": 711754.5, "dvar2": 636617949184, "dvar": 349874716672, "dmean": 443147.84375, "max": 41607756, "var": 2345292005380.0, "mean": 4304807}, "dissonance": {"dmean2": 0.0165267549455, "median": 0.488105356693, "min": 0.31900113821, "dvar2": 0.000358074466931, "dvar": 0.000135988215334, "dmean": 0.0098127797246, "max": 0.500000059605, "var": 0.000278347433778, "mean": 0.483152449131}, "spectral_skewness": {"dmean2": 0.354019284248, "median": 1.21462655067, "min": -0.0559386461973, "dvar2": 0.310141056776, "dvar": 0.13943707943, "dmean": 0.225671678782, "max": 8.69828224182, "var": 0.607354283333, "mean": 1.34163606167}, "spectral_flux": {"dmean2": 0.0395097024739, "median": 0.0875999480486, "min": 6.9600193664e-11, "dvar2": 0.00171294959728, "dvar": 0.000819283130113, "dmean": 0.0257529020309, "max": 0.269650042057, "var": 0.00194978830405, "mean": 0.091978520155}, "spectral_contrast_valleys": {"dmean2": [0.673594772816, 0.637116014957, 0.528200507164, 0.439734190702, 0.357851952314, 0.370833843946], "median": [-6.97885465622, -6.97471475601, -7.08589506149, -7.11734437943, -6.7393155098, -9.46740627289], "min": [-27.120923996, -27.5936336517, -27.3290863037, -27.7739028931, -27.360408783, -27.3600254059], "dvar2": [0.303923606873, 0.281260043383, 0.210131108761, 0.166493609548, 0.157678157091, 0.248917490244], "dvar": [0.128089979291, 0.12230695039, 0.117088705301, 0.0994318798184, 0.09