{"tonal": {"thpcp": [1, 0.563726842403, 0.311169832945, 0.237547457218, 0.357397437096, 0.721181988716, 0.755491435528, 0.586441099644, 0.55413544178, 0.295601665974, 0.348637372255, 0.962888896465, 0.863765239716, 0.371942967176, 0.612287580967, 0.606422126293, 0.211899280548, 0.1039038077, 0.136798009276, 0.317191451788, 0.615044951439, 0.531485676765, 0.216429546475, 0.120275259018, 0.143543243408, 0.301013350487, 0.615565419197, 0.671528637409, 0.488488197327, 0.400584042072, 0.248466566205, 0.123593084514, 0.145650967956, 0.197973117232, 0.361657500267, 0.873128831387], "hpcp": {"dmean2": [0.185408905149, 0.175091639161, 0.119926214218, 0.0841690897942, 0.099405169487, 0.147347211838, 0.18717610836, 0.194182351232, 0.212964490056, 0.1904617697, 0.13723179698, 0.0904887020588, 0.0829229056835, 0.115582995117, 0.194016695023, 0.251231759787, 0.256879597902, 0.283259361982, 0.192343786359, 0.155570358038, 0.175260022283, 0.212403818965, 0.223865970969, 0.217799037695, 0.243430569768, 0.139778494835, 0.109437070787, 0.182109132409, 0.182172194123, 0.130023002625, 0.181959062815, 0.175198882818, 0.09983137995, 0.0793297290802, 0.100721165538, 0.163373097777], "median": [0.0237467866391, 0.0212521012872, 0.00784229114652, 0.00196694396436, 0.00204535690136, 0.0107101183385, 0.032298091799, 0.0310447309166, 0.0143561111763, 0.00304236472584, 0.00199700216763, 0.0023411239963, 0.00415060762316, 0.00498465821147, 0.0107441991568, 0.0309702064842, 0.0401292219758, 0.0215467400849, 0.00314001296647, 0.00276972143911, 0.00982879754156, 0.0359663702548, 0.043419867754, 0.0312298238277, 0.00583093473688, 0.00347899040207, 0.0139057133347, 0.0462388806045, 0.0511033535004, 0.0326115116477, 0.0380364470184, 0.0396072790027, 0.0122515521944, 0.00155146839097, 0.00202264986001, 0.00936186965555], "min": [0, 0, 0, 0, 0, 0, 0, 0, 0, 0, 0, 0, 0, 0, 0, 0, 0, 0, 0, 0, 0, 0, 0, 0, 0, 0, 0, 0, 0, 0, 0, 0, 0, 0, 0, 0], "dvar2": [0.0983700379729, 0.0928133279085, 0.0744951292872, 0.0499587506056, 0.0606982037425, 0.082525126636, 0.0942566841841, 0.105139151216, 0.130059227347, 0.128051504493, 0.0863201990724, 0.0558401234448, 0.0440981462598, 0.0739739090204, 0.12392333895, 0.149303421378, 0.143097266555, 0.193624719977, 0.135511696339, 0.104524202645, 0.104969657958, 0.115979805589, 0.122691228986, 0.0988751277328, 0.173294961452, 0.0615606419742, 0.0425781086087, 0.0815766826272, 0.0796644762158, 0.052195250988, 0.0930533930659, 0.0821066126227, 0.0513628832996, 0.0530376657844, 0.06860665977, 0.107888638973], "dvar": [0.0388754233718, 0.0353734008968, 0.0270095802844, 0.0175773091614, 0.0204478185624, 0.0290920566767, 0.0358327329159, 0.039219789207, 0.0457271076739, 0.0502012036741, 0.0310748927295, 0.0192218888551, 0.0152419712394, 0.0255166720599, 0.0413190461695, 0.0600067637861, 0.0587901845574, 0.0643688738346, 0.0488977245986, 0.0370016433299, 0.0380373559892, 0.0445105433464, 0.046365134418, 0.0388549417257, 0.0706989020109, 0.0240377858281, 0.0159128103405, 0.0362687408924, 0.0331075116992, 0.0186595264822, 0.0378700792789, 0.0341354124248, 0.018162118271, 0.0179793387651, 0.0232847314328, 0.0373273789883], "dmean": [0.107823207974, 0.101602040231, 0.0658025443554, 0.0452000945807, 0.0533003285527, 0.0833594277501, 0.110202990472, 0.112027324736, 0.119456484914, 0.105429209769, 0.0765961557627, 0.047918792814, 0.0450905635953, 0.062608115375, 0.105852454901, 0.144829615951, 0.149147495627, 0.153080284595, 0.103026293218, 0.0848699584603, 0.0978520736098, 0.123453333974, 0.129905432463, 0.126038908958, 0.138585835695, 0.0796468630433, 0.064572006464, 0.109810709953, 0.111688695848, 0.0745854973793, 0.10690960288, 0.104100130498, 0.0558907836676, 0.0416177846491, 0.0533853471279, 0.0903080329299], "max": [1, 1, 1, 1, 1, 1, 1, 1, 1, 1, 1, 1, 1, 1, 1, 1, 1, 1, 1, 1, 1, 1, 1, 1, 1, 1, 1, 1, 1, 1, 1, 1, 1, 1, 1, 1], "var": [0.0724032223225, 0.0540659241378, 0.0218314416707, 0.0116304168478, 0.0132160456851, 0.0287373494357, 0.0672435536981, 0.0819997042418, 0.0518678203225, 0.0614277198911, 0.0283975973725, 0.0121627086774, 0.0114701911807, 0.0191334933043, 0.0341561250389, 0.113385848701, 0.126964494586, 0.0618904605508, 0.0418444871902, 0.0287590287626, 0.0387012287974, 0.0836201533675, 0.0834817513824, 0.0539059489965, 0.0812259316444, 0.0249266885221, 0.0252065733075, 0.116622582078, 0.0931276604533, 0.0237673874944, 0.0660348907113, 0.0620672032237, 0.0153091717511, 0.0106093473732, 0.0147739974782, 0.0321471057832], "mean": [0.155469372869, 0.134347483516, 0.0547084659338, 0.030402848497, 0.0362844653428, 0.0760893300176, 0.155600935221, 0.169747158885, 0.123478703201, 0.101258531213, 0.0628066956997, 0.0312415193766, 0.036817252636, 0.0500430986285, 0.091418787837, 0.22070710361, 0.252777248621, 0.142497316003, 0.0786566510797, 0.0600465908647, 0.0903419405222, 0.182298392057, 0.190971046686, 0.148238971829, 0.140072837472, 0.0747213736176, 0.0881275981665, 0.243396401405, 0.218340203166, 0.0940187200904, 0.154772371054, 0.153289720416, 0.0535633154213, 0.0262645184994, 0.0345794260502, 0.0801787823439]}, "tuning_equal_tempered_deviation": 0.174531072378, "chords_changes_rate": 0.0825453624129, "key_key": "G", "tuning_diatonic_strength": 0.628247559071, "key_scale": "major", "chords_number_rate": 0.00255558383651, "tuning_frequency": 434.193115234, "tuning_nontempered_energy_ratio": 0.904717445374, "chords_histogram": [16.3557376862, 24.5336055756, 15.6657295227, 0.204446718097, 3.60337328911, 0.0255558397621, 0.690007686615, 0, 1.55890619755, 0, 0, 0.230002552271, 0, 0, 0, 1.48223865032, 0, 0.690007686615, 0.255558401346, 3.88448762894, 0, 4.19115781784, 11.8323535919, 14.796831131], "key_strength": 0.631549835205, "chords_key": "B", "chords_strength": {"dmean2": 0.0110507719219, "median": 0.46381059289, "min": -1, "dvar2": 0.00101636361796, "dvar": 0.000577796366997, "dmean": 0.0113789495081, "max": 0.806406795979, "var": 0.0161878038198, "mean": 0.457400739193}, "chords_scale": "minor", "hpcp_entropy": {"dmean2": 0.951326310635, "median": 1.92983293533, "min": 0, "dvar2": 0.628705978394, "dvar": 0.234944909811, "dmean": 0.567286550999, "max": 4.31653928757, "var": 0.502731144428, "mean": 1.90865504742}}, "metadata": {"audio_properties": {"equal_loudness": 0, "codec": "flac", "downmix": "mix", "sample_rate": 44100, "analysis_sample_rate": 44100, "bit_rate": 0, "md5_encoded": "d59e6a60e9cdaa335ff47d9885c6d201", "length": 181.651275635, "replay_gain": -8.12024497986, "lossless": true}, "version": {"essentia_build_sha": "ca57ba49d9b1854bd80e60cf9ccf267278fb7d6b", "essentia": "2.1-beta1", "extractor": "music 1.0", "essentia_git_sha": "v2.1_beta1-28-g21ef5f4-dirty"}, "tags": {"title": ["Deeper"], "albumartist": ["Wild Beasts"], "date": ["2011-05-09"], "genre": ["Rock"], "content group": ["Rock"], "musicbrainz_recordingid": ["03eef1a3-922e-4276-b2c9-b9a040270ca1"], "musicbrainz_albumid": ["b214b20c-86de-4fc6-ab51-3dce1554222f"], "artist": ["Wild Beasts"], "tracknumber": ["3"], "album": ["Smother"], "discnumber": ["1"], "waveformatextensible_channel_mask": ["0x0003"], "file_name": "03 - Deeper.flac"}}, "rhythm": {"bpm_histogram_first_peak_bpm": {"dmean2": 0, "median": 86, "min": 86, "dvar2": 0, "dvar": 0, "dmean": 0, "max": 86, "var": 0, "mean": 86}, "bpm": 86.0585174561, "bpm_histogram_second_peak_spread": {"dmean2": 0, "median": 0.33333337307, "min": 0.33333337307, "dvar2": 0, "dvar": 0, "dmean": 0, "max": 0.33333337307, "var": 0, "mean": 0.33333337307}, "bpm_histogram_first_peak_weight": {"dmean2": 0, "median": 0.799227774143, "min": 0.799227774143, "dvar2": 0, "dvar": 0, "dmean": 0, "max": 0.799227774143, "var": 0, "mean": 0.799227774143}, "onset_rate": 2.79623389244, "beats_position": [0.708208620548, 1.42802715302, 2.15945577621, 2.87927436829, 3.5758728981, 4.27247142792, 4.96907043457, 5.66566896439, 6.3622674942, 7.07047605515, 7.77868461609, 8.48689365387, 9.19510173798, 9.8800907135, 10.5650787354, 11.261677742, 11.9582767487, 12.6548748016, 13.3514738083, 14.0480718613, 14.7446708679, 15.4412698746, 16.1378688812, 16.8344669342, 17.5310649872, 18.2276649475, 18.9242630005, 19.6324710846, 20.3406791687, 21.0256690979, 21.7222671509, 22.430475235, 23.1270751953, 23.8236732483, 24.5202713013, 25.2168693542, 25.9134693146, 26.5984573364, 27.3066654205, 28.0032653809, 28.711473465, 29.4196815491, 30.1162815094, 30.8128795624, 31.5094776154, 32.1944656372, 32.8794555664, 33.5760536194, 34.2958717346, 34.9924697876, 35.6890678406, 36.3856697083, 37.0822677612, 37.7788658142, 38.4754638672, 39.1720619202, 39.8802719116, 40.5768699646, 41.2850799561, 41.981678009, 42.678276062, 43.3632659912, 44.0482521057, 44.7564620972, 45.4646720886, 46.1612701416, 46.8578681946, 47.5544662476, 48.2510643005, 48.9360542297, 49.6442604065, 50.3408622742, 51.0374603271, 51.7456665039, 52.4538764954, 53.1620864868, 53.8702926636, 54.5552825928, 55.240272522, 55.936870575, 56.6334686279, 57.3300666809, 58.0266647339, 58.7232627869, 59.4198646545, 60.104850769, 60.7898406982, 61.4864387512, 62.1830368042, 62.8912467957, 63.5994529724, 64.2960510254, 64.9926528931, 65.6892471313, 66.385848999, 67.0824508667, 67.779045105, 68.4872512817, 69.1838531494, 69.8920593262, 70.5886611938, 71.2852630615, 71.9818572998, 72.6784591675, 73.3750534058, 74.0716552734, 74.7682495117, 75.4648513794, 76.1614532471, 76.8580474854, 77.554649353, 78.2512435913, 78.9594573975, 79.6676635742, 80.3642578125, 81.0608596802, 81.7574615479, 82.4424438477, 83.1274337769, 83.8240356445, 84.5206298828, 85.228843689, 85.9370498657, 86.6336517334, 87.3186416626, 88.0036239624, 88.7002258301, 89.3968200684, 90.1050338745, 90.8132400513, 91.5098419189, 92.2064361572, 92.9030380249, 93.5880279541, 94.2846221924, 94.9812240601, 95.6894302368, 96.3976364136, 97.0826263428, 97.7908401489, 98.4990463257, 99.1840362549, 99.8690261841, 100.554008484, 101.26222229, 101.970428467, 102.678634644, 103.375236511, 104.071838379, 104.768432617, 105.465034485, 106.161628723, 106.858230591, 107.554824829, 108.251426697, 108.948028564, 109.644622803, 110.34122467, 111.037818909, 111.734420776, 112.431015015, 113.127616882, 113.82421875, 114.520812988, 115.229019165, 115.937232971, 116.645439148, 117.342041016, 118.027030945, 118.723625183, 119.420227051, 120.116821289, 120.813423157, 121.510017395, 122.206619263, 122.90322113, 123.599815369, 124.296417236, 124.993011475, 125.689613342, 126.386207581, 127.094421387, 127.802627563, 128.487609863, 129.18421936, 129.86920166, 130.565795898, 131.262405396, 131.958999634, 132.655593872, 133.375411987, 134.072021484, 134.768615723, 135.465209961, 136.161804199, 136.846801758, 137.555007935, 138.263214111, 138.971420288, 139.668029785, 140.364624023, 141.049606323, 141.734603882, 142.407974243, 143.10458374, 143.812789917, 144.520996094, 145.217590332, 145.914199829, 146.610794067, 147.307388306, 148.003982544, 148.700592041, 149.408798218, 150.117004395, 150.825210571, 151.533416748, 152.218414307, 152.903396606, 153.599990845, 154.296600342, 154.99319458, 155.689788818, 156.386398315, 157.082992554, 157.779586792, 158.47618103, 159.172790527, 159.869384766, 160.577590942, 161.285797119, 161.982406616, 162.679000854, 163.363983154, 164.048980713, 164.745574951, 165.465393066, 166.173599243, 166.858596802, 167.55519104, 168.251785278, 168.925170898, 169.621765137, 170.318359375, 171.014968872, 171.723175049, 172.431381226, 173.139587402, 173.847793579, 174.532791138, 175.217773438, 175.879547119, 176.55291748, 177.191467285, 177.83001709, 178.50340271, 179.176773071, 179.850158691, 180.523529053, 181.196914673], "beats_loudness": {"dmean2": 0.0958472266793, "median": 0.1065960899, "min": 2.60528543183e-10, "dvar2": 0.0050018937327, "dvar": 0.00189164362382, "dmean": 0.0575811378658, "max": 0.298786401749, "var": 0.00281460210681, "mean": 0.0976995304227}, "danceability": 1.22785377502, "bpm_histogram_second_peak_weight": {"dmean2": 0, "median": 0.00772200757638, "min": 0.00772200757638, "dvar2": 0, "dvar": 0, "dmean": 0, "max": 0.00772200757638, "var": 0, "mean": 0.00772200757638}, "beats_count": 260, "bpm_histogram_second_peak_bpm": {"dmean2": 0, "median": 94, "min": 94, "dvar2": 0, "dvar": 0, "dmean": 0, "max": 94, "var": 0, "mean": 94}, "bpm_histogram_first_peak_spread": {"dmean2": 0, "median": 0.191406190395, "min": 0.191406190395, "dvar2": 0, "dvar": 0, "dmean": 0, "max": 0.191406190395, "var": 0, "mean": 0.191406190395}, "beats_loudness_band_ratio": {"dmean2": [0.378112435341, 0.247859090567, 0.13326446712, 0.0693769007921, 0.0435765907168, 0.0667922273278], "median": [0.683779656887, 0.179546773434, 0.0570909492671, 0.0206766985357, 0.0138544831425, 0.0198647473007], "min": [0.000673138885759, 0.0013152010506, 0.000147010578075, 1.592148692e-05, 3.20413937516e-06, 1.31566939672e-05], "dvar2": [0.0576305687428, 0.0331138558686, 0.0229193586856, 0.00996722839773, 0.000303996057482, 0.00280388747342], "dvar": [0.0209284555167, 0.0118565009907, 0.0104841003194, 0.00366953201592, 0.000101046418422, 0.00181947636884], "dmean": [0.229628115892, 0.144860461354, 0.0755977556109, 0.0379007831216, 0.0222122166306, 0.0351319089532], "max": [0.998478293419, 0.767642915249, 0.948837578297, 0.435571223497, 0.0833531096578, 0.828287243843], "var": [0.0438291653991, 0.0180180482566, 0.0143972216174, 0.00260431692004, 0.000211951322854, 0.00484893424436], "mean": [0.676891684532, 0.189479202032, 0.0892131701112, 0.0315923839808, 0.014546492137, 0.0247320346534]}}, "lowlevel": {"barkbands_spread": {"dmean2": 3.66757416725, "median": 5.34485149384, "min": 0.142226219177, "dvar2": 49.3992919922, "dvar": 25.8667392731, "dmean": 2.45037269592, "max": 120.247016907, "var": 120.262557983, "mean": 8.01809024811}, "melbands_spread": {"dmean2": 3.67517018318, "median": 5.76654529572, "min": 0.149771794677, "dvar2": 57.2367630005, "dvar": 26.5205802917, "dmean": 2.34804534912, "max": 178.557571411, "var": 209.146911621, "mean": 8.26006317139}, "hfc": {"dmean2": 6.16465330124, "median": 9.24289131165, "min": 1.22233590848e-16, "dvar2": 100.750366211, "dvar": 54.4624099731, "dmean": 4.20923280716, "max": 95.0086364746, "var": 139.310592651, "mean": 12.1542425156}, "barkbands_kurtosis": {"dmean2": 15.8475914001, "median": 7.79859828949, "min": -1.92263019085, "dvar2": 2119.40332031, "dvar": 823.384338379, "dmean": 9.93978309631, "max": 1015.89147949, "var": 3237.87548828, "mean": 24.8824615479}, "gfcc": {"mean": [-93.9283447266, 132.0025177, -62.9108810425, -1.82993483543, -57.3896598816, 0.57710570097, -35.8099250793, -2.92523884773, -15.2411212921, 2.41808438301, -12.3608112335, 3.59421849251, -4.99052762985], "icov": [[0.00030775507912, -0.000760023540352, 0.000534054008313, -0.000750271545257, 0.000728201470338, -0.000663298706058, 0.000738911214285, -0.000656292948406, 0.000635359378066, -0.000558661995456, 0.000439100927906, -0.000428588857176, 0.000218181245145], [-0.000760023540352, 0.00274987658486, -0.00128817977384, 0.00250795460306, -0.0022306246683, 0.00160201475956, -0.00244045094587, 0.00212973891757, -0.00241267448291, 0.00206244364381, -0.0014543812722, 0.0013886768138, -0.00107951206155], [0.000534054008313, -0.00128817977384, 0.00198739534244, -0.00182630307972, 0.00078642857261, -0.000727412581909, 0.000330228940584, -0.000487526878715, 0.00104138930328, -0.00101886864286, 0.00044849383994, -0.000824563379865, 0.000511346734129], [-0.000750271545257, 0.00250795460306, -0.00182630307972, 0.00374848395586, -0.00206741015427, 0.000590834242757, -0.00122974452097, 0.000912782968953, -0.00151773821563, 0.00173948484007, -0.00067649158882, 0.00149471906479, -0.00134908710606], [0.000728201470338, -0.0022306246683, 0.00078642857261, -0.00206741015427, 0.00438069412485, -0.00214728177525, 0.00145956792403, -0.00206035701558, 0.000499243906233, -0.000687961641233, 0.000160929470439, 1.86304696399e-05, 0.00053833774291], [-0.000663298706058, 0.00160201475956, -0.000727412581909, 0.000590834242757, -0.00214728177525, 0.00655828975141, -0.00381524255499, 0.00169514783192, -0.00179171178024, -0.000127642939333, -0.000637736753561, 0.000775661785156, 0.00125394936185], [0.000738911214285, -0.00244045094587, 0.000330228940584, -0.00122974452097, 0.00145956792403, -0.00381524255499, 0.00894559919834, -0.00521365273744, 0.00269225472584, -0.00198523653671, 0.000290186173515, -0.00157426379155, 0.00110989343375], [-0.000656292948406, 0.00212973891757, -0.000487526878715, 0.000912782968953, -0.00206035701558, 0.00169514783192, -0.00521365273744, 0.0114394025877, -0.00647783465683, 0.0019036406884, 0.000512960075866, -0.0014641713351, 0.000895202043466], [0.000635359378066, -0.00241267448291, 0.00104138930328, -0.00151773821563, 0.000499243906233, -0.00179171178024, 0.00269225472584, -0.00647783465683, 0.012258855626, -0.00506560411304, 0.000151693195221, 0.000342749961419, -0.00195720489137], [-0.000558661995456, 0.00206244364381, -0.00101886864286, 0.00173948484007, -0.000687961641233, -0.000127642939333, -0.00198523653671, 0.0019036406884, -0.00506560411304, 0.0139851700515, -0.00680440571159, 0.00147108023521, -0.000411534303566], [0.000439100927906, -0.0014543812722, 0.00044849383994, -0.00067649158882, 0.000160929470439, -0.000637736753561, 0.000290186173515, 0.000512960075866, 0.000151693195221, -0.00680440571159, 0.0143112335354, -0.00497181899846, 0.000472260726383], [-0.000428588857176, 0.0013886768138, -0.000824563379865, 0.00149471906479, 1.86304696399e-05, 0.000775661785156, -0.00157426379155, -0.0014641713351, 0.000342749961419, 0.00147108023521, -0.00497181899846, 0.0131442602724, -0.0049224733375], [0.000218181245145, -0.00107951206155, 0.000511346734129, -0.00134908710606, 0.00053833774291, 0.00125394936185, 0.00110989343375, 0.000895202043466, -0.00195720489137, -0.000411534303566, 0.000472260726383, -0.0049224733375, 0.0127557311207]], "cov": [[18294.2070312, 1552.18286133, -2922.96362305, 143.679641724, -1306.20593262, 284.887298584, -555.869934082, 30.6787548065, -167.926315308, -76.0941467285, -276.694580078, 76.275428772, 35.6094207764], [1552.18286133, 2699.63647461, 68.0038299561, -886.610351562, 584.276000977, 54.1268196106, 358.064178467, 75.2785491943, 316.006103516, 59.0923309326, 193.252502441, 7.92267560959, 85.3007278442], [-2922.96362305, 68.0038299561, 1572.8215332, 475.118713379, 483.794128418, 165.080612183, 291.194122314, 86.3153533936, 99.6184387207, 64.0690078735, 91.1902542114, -3.77505993843, -12.5710735321], [143.679641724, -886.610351562, 475.118713379, 1117.37316895, 106.643043518, 190.898971558, -0.908767342567, 85.1671676636, -21.1303539276, -10.3831396103, -67.7155227661, -32.8025550842, -21.2541408539], [-1306.20593262, 584.276000977, 483.794128418, 106.643043518, 775.495300293, 204.139709473, 258.610656738, 151.484237671, 201.151596069, 62.6374740601, 96.9278335571, -28.4645996094, -3.94416618347], [284.887298584, 54.1268196106, 165.080612183, 190.898971558, 204.139709473, 348.840637207, 177.26071167, 100.092498779, 80.7038192749, 61.6810722351, 33.6383094788, -8.35440444946, -42.1725196838], [-555.869934082, 358.064178467, 291.194122314, -0.908767342567, 258.610656738, 177.26071167, 346.802001953, 146.645950317, 113.8487854, 64.7045822144, 74.5534057617, 21.5941429138, -15.6366958618], [30.6787548065, 75.2785491943, 86.3153533936, 85.1671676636, 151.484237671, 100.092498779, 146.645950317, 215.875137329, 121.527145386, 39.8058738708, 26.5922279358, 25.1689434052, -4.09011507034], [-167.926315308, 316.006103516, 99.6184387207, -21.1303539276, 201.151596069, 80.7038192749, 113.8487854, 121.527145386, 219.597000122, 77.9745559692, 66.0493927002, 12.6190710068, 27.1640434265], [-76.0941467285, 59.0923309326, 64.0690078735, -10.3831396103, 62.6374740601, 61.6810722351, 64.7045822144, 39.8058738708, 77.9745559692, 136.24420166, 75.305770874, 18.4550743103, 6.1988940239], [-276.694580078, 193.252502441, 91.1902542114, -67.7155227661, 96.9278335571, 33.6383094788, 74.5534057617, 26.5922279358, 66.0493927002, 75.305770874, 139.428710938, 43.3193626404, 18.6384010315], [76.275428772, 7.92267560959, -3.77505993843, -32.8025550842, -28.4645996094, -8.35440444946, 21.5941429138, 25.1689434052, 12.6190710068, 18.4550743103, 43.3193626404, 116.187614441, 40.1901016235], [35.6094207764, 85.3007278442, -12.5710735321, -21.2541408539, -3.94416618347, -42.1725196838, -15.6366958618, -4.09011507034, 27.1640434265, 6.1988940239, 18.6384010315, 40.1901016235, 108.40927887]]}, "spectral_energyband_middle_low": {"dmean2": 0.0142808267847, "median": 0.0161889120936, "min": 2.49784866542e-22, "dvar2": 0.00084434117889, "dvar": 0.000352842675056, "dmean": 0.00893671065569, "max": 0.20712608099, "var": 0.000464174838271, "mean": 0.020450849086}, "melbands_crest": {"dmean2": 5.57118654251, "median": 17.23021698, "min": 1.7953145504, "dvar2": 26.2740859985, "dvar": 10.6658449173, "dmean": 3.48080134392, "max": 38.0585021973, "var": 41.5005645752, "mean": 18.2709903717}, "spectral_kurtosis": {"dmean2": 9.75559711456, "median": 13.3387241364, "min": -1.20190274715, "dvar2": 226.493850708, "dvar": 97.1320648193, "dmean": 6.35316371918, "max": 175.933746338, "var": 606.388916016, "mean": 23.3891124725}, "spectral_rms": {"dmean2": 0.00193052634131, "median": 0.00537815084681, "min": 3.23516430659e-12, "dvar2": 7.37832988307e-06, "dvar": 3.45902276422e-06, "dmean": 0.00126569787972, "max": 0.020222781226, "var": 1.08273043224e-05, "mean": 0.00588828325272}, "zerocrossingrate": {"dmean2": 0.0066895717755, "median": 0.02001953125, "min": 0.0009765625, "dvar2": 0.000112325775262, "dvar": 0.000104870698124, "dmean": 0.00570928351954, "max": 0.521484375, "var": 0.0025293531362, "mean": 0.0303337778896}, "silence_rate_60dB": {"dmean2": 0.0317013934255, "median": 0, "min": 0, "dvar2": 0.0350445657969, "dvar": 0.0155980437994, "dmean": 0.0158486701548, "max": 1, "var": 0.0692864060402, "mean": 0.0748881772161}, "erbbands_kurtosis": {"dmean2": 5.75626659393, "median": 2.76661682129, "min": -1.93655133247, "dvar2": 234.606155396, "dvar": 95.0831756592, "dmean": 3.63987016678, "max": 311.906005859, "var": 295.638519287, "mean": 7.25164937973}, "erbbands": {"dmean2": [0.657235383987, 3.62478613853, 4.59142160416, 15.0157575607, 14.6808795929, 19.4336185455, 26.4172534943, 45.2095756531, 31.2826347351, 14.3907766342, 23.3845291138, 21.3541240692, 22.2548046112, 8.96503067017, 6.87270402908, 11.0064907074, 13.6747713089, 7.76563930511, 4.32011985779, 5.90976142883, 3.85186648369, 2.68826341629, 1.88395917416, 1.53131270409, 1.35114598274, 1.54658126831, 1.59540045261, 2.28475642204, 2.27082133293, 1.68630576134, 1.08077561855, 0.788098633289, 0.531069993973, 0.28001537919, 0.132824108005, 0.0529732368886, 0.0160170253366, 0.00225685443729, 0.000188503807294, 4.21568875026e-05], "median": [0.045680642128, 0.267298132181, 0.758670687675, 2.25122594833, 4.7688627243, 8.97252845764, 10.5652980804, 36.9297561646, 26.7538490295, 8.09846878052, 9.06526374817, 10.8102884293, 12.1506118774, 3.92344784737, 2.54048466682, 3.48456072807, 2.16097712517, 1.37469351292, 0.930357038975, 0.921544313431, 0.694112598896, 0.600527048111, 0.260589212179, 0.18418161571, 0.141367152333, 0.0868740975857, 0.110520541668, 0.145660072565, 0.120561428368, 0.0885743945837, 0.0693672299385, 0.0366857871413, 0.02428923361, 0.0243226140738, 0.011509526521, 0.00453375047073, 0.00202586874366, 0.000479774666019, 0.000113027061161, 5.05645257363e-05], "min": [1.11175517903e-21, 4.05279322163e-21, 1.14311699686e-20, 7.60470305608e-20, 1.64382746775e-19, 1.14076051762e-19, 1.44669611061e-19, 2.93066032673e-19, 3.04173026197e-19, 2.97064597904e-19, 3.57836859575e-19, 1.30058186738e-18, 3.39838779464e-18, 2.11683790558e-18, 1.78837813282e-18, 3.10429386081e-18, 5.9203384392e-18, 7.93289368496e-18, 5.22036124765e-18, 8.88334985138e-18, 5.96628956299e-18, 1.06210478688e-17, 1.14013116242e-17, 1.71543461671e-17, 1.32879186956e-17, 1.48493627225e-17, 1.58314990792e-17, 1.70266443698e-17, 1.9034223297e-17, 1.8212710526e-17, 1.49502721397e-17, 1.31882864451e-17, 1.64858998597e-17, 1.07096380853e-17, 9.10566043127e-18, 6.46695427722e-18, 3.93951673686e-18, 1.47086185616e-18, 2.96197454128e-19, 3.92823129205e-20], "dvar2": [3.05773305893, 96.4326019287, 140.056274414, 2189.15966797, 1513.98535156, 1801.7052002, 6084.17480469, 4550.72753906, 2350.24633789, 923.070068359, 4007.88012695, 1978.3338623, 2150.80175781, 532.82220459, 271.074981689, 1470.14123535, 2412.47583008, 393.675567627, 112.600212097, 374.29196167, 106.324394226, 51.9629249573, 32.3451766968, 28.9074897766, 18.5688381195, 31.2947902679, 29.7309627533, 73.3469085693, 72.1223602295, 41.5314712524, 23.6302566528, 9.34237575531, 3.44135642052, 0.872277259827, 0.22181263566, 0.0461750738323, 0.00395543500781, 6.72508685966e-05, 5.45821649212e-07, 5.35401678547e-09], "dvar": [1.32851433754, 34.064414978, 51.8893470764, 909.880371094, 562.620727539, 716.172241211, 2292.62011719, 1505.7520752, 810.518798828, 430.308044434, 1682.91137695, 813.415466309, 835.857299805, 261.299621582, 103.074729919, 811.729064941, 1132.44885254, 159.390548706, 54.0394744873, 186.869110107, 49.1587753296, 24.9322013855, 15.4872961044, 13.1558990479, 8.70175933838, 14.3917551041, 14.3455410004, 32.7485351562, 34.7292976379, 20.0188369751, 11.8716459274, 5.64985227585, 1.89253282547, 0.470319390297, 0.130493730307, 0.0267499908805, 0.00224693887867, 4.14938076574e-05, 3.71149553757e-07, 2.85215207008e-09], "dmean": [0.426228255033, 2.05661702156, 2.74532914162, 9.3723487854, 8.83058738708, 12.103433609, 16.4296207428, 25.8434638977, 18.1462974548, 9.80926609039, 14.9032688141, 13.8063631058, 14.1752758026, 5.94255495071, 4.24842119217, 7.7199139595, 8.7440071106, 4.77697706223, 2.87370371819, 3.86744070053, 2.59676575661, 1.84738540649, 1.27552258968, 1.03626084328, 0.937496781349, 1.07551312447, 1.13049685955, 1.56220340729, 1.58403480053, 1.19947493076, 0.792502105236, 0.596793591976, 0.392417520285, 0.208681955934, 0.098458878696, 0.040059465915, 0.0118617182598, 0.00166766357142, 0.000140770629514, 2.81278298644e-05], "max": [13.1711082458, 74.7101669312, 123.438812256, 347.15045166, 298.622772217, 442.120697021, 1084.4732666, 687.597900391, 542.426269531, 588.584899902, 1009.33380127, 566.696472168, 645.648254395, 1129.9876709, 246.385360718, 1139.57019043, 1467.28857422, 201.213699341, 304.650024414, 801.061340332, 108.351776123, 66.0958862305, 61.50831604, 67.1551208496, 44.5983047485, 97.2729644775, 56.4351196289, 125.474128723, 159.073059082, 113.216110229, 155.754776001, 89.7661437988, 36.4658508301, 17.494474411, 15.6204519272, 6.95183849335, 2.00461363792, 0.292497396469, 0.0377070717514, 0.00163028179668], "var": [1.89569115639, 38.0754051208, 70.3753204346, 898.507324219, 516.740478516, 1138.36035156, 3025.0612793, 2807.31225586, 1863.48303223, 2393.5234375, 5423.97363281, 2211.05810547, 2065.4519043, 1520.42541504, 184.043807983, 4050.55908203, 5767.10302734, 203.396377563, 130.572647095, 602.121582031, 83.1055831909, 41.7588386536, 22.8384628296, 17.0368690491, 13.0849018097, 21.7471065521, 22.3604431152, 48.957572937, 79.9249343872, 50.6334648132, 42.2177391052, 20.268825531, 5.05727100372, 1.22031152248, 0.346242576838, 0.0656642094254, 0.00477994885296, 0.00010738511628, 1.26518943944e-06, 7.87053355822e-09], "mean": [0.589087426662, 2.84976696968, 4.41655921936, 11.4382429123, 12.1033525467, 20.5599651337, 30.1175556183, 50.574344635, 39.5508651733, 25.7390956879, 29.9420547485, 27.5809783936, 28.8932495117, 13.2294025421, 7.52518320084, 17.0160942078, 17.9683208466, 6.21859121323, 4.53918218613, 5.53340911865, 3.95639109612, 2.81808614731, 1.76413702965, 1.35400938988, 1.30983519554, 1.41111075878, 1.55856835842, 2.14941740036, 2.39883041382, 1.83306074142, 1.33529639244, 0.98605120182, 0.604813158512, 0.328232884407, 0.153058320284, 0.0600396730006, 0.0177105478942, 0.00275444705039, 0.000317368627293, 7.31789550628e-05]}, "spectral_strongpeak": {"dmean2": 0.623184621334, "median": 0.59782242775, "min": 0, "dvar2": 0.626931250095, "dvar": 0.251663595438, "dmean": 0.363492906094, "max": 8.32394599915, "var": 0.542375564575, "mean": 0.758928775787}, "spectral_energy": {"dmean2": 0.032332893461, "median": 0.0296476203948, "min": 1.07279460867e-20, "dvar2": 0.00339294201694, "dvar": 0.00143602862954, "dmean": 0.0206480585039, "max": 0.41918489337, "var": 0.00258665299043, "mean": 0.0466366969049}, "average_loudness": 0.940840065479, "spectral_rolloff": {"dmean2": 284.678039551, "median": 387.59765625, "min": 43.06640625, "dvar2": 968929.125, "dvar": 458779.03125, "dmean": 167.200180054, "max": 19466.015625, "var": 3790013, "mean": 720.37890625}, "spectral_centroid": {"dmean2": 134.527359009, "median": 430.38458252, "min": 98.9976654053, "dvar2": 70491.2421875, "dvar": 37750.1132812, "dmean": 89.109588623, "max": 10200.3310547, "var": 194067.296875, "mean": 522.194763184}, "pitch_salience": {"dmean2": 0.122955285013, "median": 0.487454921007, "min": 0.083913013339, "dvar2": 0.0150901423767, "dvar": 0.00547778233886, "dmean": 0.0741110593081, "max": 0.981168866158, "var": 0.0166346412152, "mean": 0.483271211386}, "spectral_energyband_middle_high": {"dmean2": 0.000996652059257, "median": 0.000791283266153, "min": 1.56321908864e-21, "dvar2": 3.56265763912e-06, "dvar": 1.79144706181e-06, "dmean": 0.000699873897247, "max": 0.0323375500739, "var": 7.87694989413e-06, "mean": 0.00175296561792}, "spectral_contrast_coeffs": {"dmean2": [0.0779216811061, 0.0837694630027, 0.0606746040285, 0.0460856221616, 0.0304110012949, 0.0252845138311], "median": [-0.619659483433, -0.636218965054, -0.740818023682, -0.80100697279, -0.825763821602, -0.805856049061], "min": [-0.95520234108, -0.992637276649, -0.975012362003, -0.984863460064, -0.95598167181, -0.960085391998], "dvar2": [0.00494527257979, 0.00536106852815, 0.00248248782009, 0.00145892577711, 0.000719595176633, 0.000647593929898], "dvar": [0.0021962763276, 0.00204792898148, 0.00103208562359, 0.000616307661403, 0.000314197997795, 0.000306763191475], "dmean": [0.0485824309289, 0.0504023991525, 0.0378421582282, 0.0288310088217, 0.0190027114004, 0.0161918047816], "max": [-0.237458512187, -0.368723124266, -0.45511290431, -0.495220065117, -0.629299283028, -0.619148254395], "var": [0.0187737457454, 0.0101458728313, 0.00726450094953, 0.0049603022635, 0.00246086390689, 0.00240823323838], "mean": [-0.595133185387, -0.643245577812, -0.742213785648, -0.794046103954, -0.823771476746, -0.810190200806]}, "melbands_skewness": {"dmean2": 1.33492720127, "median": 2.3901553154, "min": -2.33015203476, "dvar2": 3.17343330383, "dvar": 1.23312747478, "dmean": 0.847548186779, "max": 36.5607032776, "var": 7.28357315063, "mean": 2.96251296997}, "spectral_spread": {"dmean2": 740867.4375, "median": 3327162.75, "min": 543446.4375, "dvar2": 1067989532670.0, "dvar": 639292080128, "dmean": 522093.96875, "max": 40013288, "var": 6046955339780.0, "mean": 3785371.25}, "dissonance": {"dmean2": 0.0686707124114, "median": 0.415205061436, "min": 0.0898767188191, "dvar2": 0.00460406532511, "dvar": 0.00168158707675, "dmean": 0.0413114391267, "max": 0.499999821186, "var": 0.00481308158487, "mean": 0.399608284235}, "spectral_skewness": {"dmean2": 0.725755929947, "median": 3.09963417053, "min": -0.0462873727083, "dvar2": 0.801476716995, "dvar": 0.392879426479, "dmean": 0.496817082167, "max": 10.5198926926, "var": 3.43782091141, "mean": 3.53610491753}, "spectral_flux": {"dmean2": 0.0595167651772, "median": 0.0693421363831, "min": 1.03575800714e-10, "dvar2": 0.00732321012765, "dvar": 0.00335130188614, "dmean": 0.0380148626864, "max": 0.601282596588, "var": 0.00602032756433, "mean": 0.0902211517096}, "spectral_contrast_valleys": {"dmean2": [0.69036513567, 0.640347719193, 0.623988449574, 0.579339206219, 0.430368304253, 0.316325604916], "median": [-7.45241546631, -6.84661912918, -7.87222003937, -8.81292438507, -9.32093906403, -11.4087619781], "min": [-27.2314186096, -27.2322235107, -27.3825359344, -27.4035129547, -27.1792526245, -27.2013282776], "dvar2": [0.427757948637, 0.443884670734, 0.449502170086, 0.383246511221, 0.28606441617, 0.188874647021], "dvar": [0.238193541765, 0.21609672904, 0.23377905786, 0.229916825891, 0.187776863575, 0.153847083449], "dmean": [0.44874548912, 0.406065940857, 0.404001802206, 0.405404835939, 0.325502038002, 0.260426670313], "max": [-4.68334770203, -4.34404230118, -5.05328798294, -5.91111803055, -6.15398263931, -7.7976770401], "var": [2.73350453377, 2.4433324337, 2.37269163132, 2.1959297657, 1.99377715588, 1.81515419483], "mean": [-7.69072341919, -7.14196920395, -8.16483879089, -9.0116071701, -9.4049577713, -11.4136352539]}, "erbbands_flatness_db": {"dmean2": 0.0297882836312, "median": 0.224545821548, "min": 0.0244108103216, "dvar2": 0.000990562839434, "dvar": 0.000552956538741, "dmean": 0.0213419552892, "max": 0.466021597385, "var": 0.00542448367923, "mean": 0.227360501885}, "spectral_energyband_high": {"dmean2": 0.000188164689462, "median": 2.40593599301e-05, "min": 7.77493391809e-21, "dvar2": 4.03876413202e-07, "dvar": 2.268365904e-07, "dmean": 0.000146384336404, "max": 0.00894344691187, "var": 6.69078474402e-07, "mean": 0.000255561608355}, "spectral_entropy": {"dmean2": 0.344826936722, "median": 6.35920572281, "min": 3.68102383614, "dvar2": 0.141869202256, "dvar": 0.078599460423, "dmean": 0.246674969792, "max": 9.79671669006, "var": 0.690627813339, "mean": 6.41287899017}, "silence_rate_20dB": {"dmean2": 0, "median": 1, "min": 1, "dvar2": 0, "dvar": 0, "dmean": 0, "max": 1, "var": 0, "mean": 1}, "melbands_flatness_db": {"dmean2": 0.0437714755535, "median": 0.365639358759, "min": 0.00407878588885, "dvar2": 0.00221165479161, "dvar": 0.00112707866356, "dmean": 0.030601490289, "max": 0.70196133852, "var": 0.0131348604336, "mean": 0.369226127863}, "barkbands": {"dmean2": [0.00381407164969, 0.0170167740434, 0.0039077475667, 0.00598599622026, 0.00523497909307, 0.00520754838362, 0.00131149915978, 0.000876997131854, 0.000913720636163, 0.000559164851438, 0.000175046006916, 0.00024410863989, 0.000273898360319, 0.000115669987281, 0.000112809299026, 7.39480237826e-05, 5.44949980394e-05, 3.32989693561e-05, 2.85999976768e-05, 3.24004868162e-05, 4.73612999485e-05, 6.03160115134e-05, 4.03742524213e-05, 3.36012562911e-05, 2.09660083783e-05, 9.31488011702e-06, 1.16431499464e-06], "median": [0.000323685846524, 0.00127022271045, 0.000544460606761, 0.000704071717337, 0.0027615907602, 0.00443693622947, 0.000995856244117, 0.000254888873314, 0.000407259445637, 0.000253016594797, 3.57198550773e-05, 6.6378088377e-05, 3.52892348019e-05, 1.94153344637e-05, 1.76349421963e-05, 9.98019095277e-06, 1.1348372027e-05, 3.38585255122e-06, 3.40601127391e-06, 1.64977564054e-06, 3.29126396537e-06, 3.15250349558e-06, 2.44852208198e-06, 1.49160052842e-06, 2.09292102227e-06, 1.12922657536e-06, 6.21152878466e-07], "min": [5.20340983455e-23, 2.35590374782e-23, 6.70860566663e-24, 4.20012706896e-23, 3.81125114375e-23, 3.72350298982e-23, 1.73459437451e-23, 1.58954494215e-23, 5.07856817868e-23, 1.09975464828e-22, 3.93636700768e-23, 6.38422921785e-23, 1.52234226028e-22, 1.49931787171e-22, 9.6250711338e-23, 1.37290385828e-22, 1.74736136251e-22, 3.14831963893e-22, 2.12597862496e-22, 3.07982959918e-22, 4.39124559953e-22, 5.19056490709e-22, 4.77445983847e-22, 8.81894692275e-22, 1.0487860549e-21, 2.01972787102e-21, 2.47455543305e-21], "dvar2": [7.60512848501e-05, 0.00203060312197, 9.35240313993e-05, 0.000359304714948, 0.000127331688418, 8.50666037877e-05, 6.23032337899e-06, 5.40972678209e-06, 3.37607821166e-06, 1.40486713462e-06, 2.04833057182e-07, 5.96956454046e-07, 7.65241566114e-07, 8.31935409451e-08, 1.13285672398e-07, 4.17354577564e-08, 1.97391258894e-08, 1.09867963616e-08, 9.60461843391e-09, 1.28762955853e-08, 2.74235638642e-08, 4.93288823122e-08, 2.71453632905e-08, 1.43799949726e-08, 4.94900787018e-09, 1.3560778056e-09, 2.14802377274e-11], "dvar": [4.25328435085e-05, 0.000783920055255, 3.65391642845e-05, 0.000148337305291, 4.84091870021e-05, 2.92353488476e-05, 2.51809024121e-06, 2.30729415307e-06, 1.36163907882e-06, 5.81061783578e-07, 7.59011555829e-08, 3.23189283336e-07, 3.83426112194e-07, 3.53114266716e-08, 5.4958434248e-08, 1.82675101712e-08, 9.42693834105e-09, 5.15843634474e-09, 4.28599555846e-09, 5.97901017585e-09, 1.29272370586e-08, 2.46863791631e-08, 1.38158160468e-08, 8.7624867362e-09, 2.84771894954e-09, 7.91483711904e-10, 1.4188689286e-11], "dmean": [0.00276735518128, 0.0103566749021, 0.00243994710036, 0.00372152565978, 0.0031814374961, 0.00299011799507, 0.000840188469738, 0.000561758759432, 0.000588149705436, 0.00036192216794, 0.000105411592813, 0.000168365382706, 0.000177008128958, 7.27603619453e-05, 7.27804144844e-05, 4.83221228933e-05, 3.67214815924e-05, 2.22845028475e-05, 1.93632913579e-05, 2.25950716413e-05, 3.33341267833e-05, 4.30385553045e-05, 2.93400134979e-05, 2.55862123595e-05, 1.57762115123e-05, 7.05416550772e-06, 8.66760501594e-07], "max": [0.0709263682365, 0.356987208128, 0.103576466441, 0.145119205117, 0.0990228131413, 0.113950252533, 0.0273219887167, 0.0376653969288, 0.0257879532874, 0.0308448672295, 0.00594187388197, 0.0220330692828, 0.0278931409121, 0.00295723020099, 0.0122613105923, 0.00260802777484, 0.00176244822796, 0.00135637889616, 0.00116732309107, 0.00157064152882, 0.00219691242091, 0.00397510454059, 0.00450265035033, 0.00312090688385, 0.00166835577693, 0.00102387741208, 0.000244529161137], "var": [0.000132051980472, 0.00103803107049, 4.39322939201e-05, 0.000145238038385, 6.53881797916e-05, 3.8191301428e-05, 8.68169263413e-06, 8.07548076409e-06, 3.7983859329e-06, 2.14542887989e-06, 1.01345968062e-07, 1.57240651788e-06, 2.12403028854e-06, 4.79683990307e-08, 1.65140690456e-07, 2.71794711182e-08, 1.69741394274e-08, 7.19742354605e-09, 5.67211211333e-09, 8.99092444939e-09, 1.99445437943e-08, 6.03374701313e-08, 4.77022261691e-08, 2.81844840799e-08, 7.61170948493e-09, 1.88113546962e-09, 4.69553666782e-11], "mean": [0.005538451951, 0.0154425026849, 0.00338498526253, 0.00445199944079, 0.00539569323882, 0.0057670623064, 0.00214570644312, 0.00111282931175, 0.00114857696462, 0.000756925204769, 0.00014895190543, 0.000347755034454, 0.000349766400177, 9.06860077521e-05, 0.000107734704216, 6.62947059027e-05, 5.66817871004e-05, 2.91375163215e-05, 2.59545176959e-05, 2.93976536341e-05, 4.60905321233e-05, 6.6073720518e-05, 4.85481832584e-05, 4.10571046814e-05, 2.51564397331e-05, 1.07329478851e-05, 1.91071535482e-06]}, "erbbands_skewness": {"dmean2": 0.782214105129, "median": 1.14086914062, "min": -2.89416360855, "dvar2": 0.853091180325, "dvar": 0.37670096755, "dmean": 0.509576320648, "max": 12.6479148865, "var": 2.34112048149, "mean": 1.38379216194}, "erbbands_spread": {"dmean2": 9.05094146729, "median": 15.0897159576, "min": 0.666410923004, "dvar2": 191.533691406, "dvar": 104.417739868, "dmean": 6.24090385437, "max": 189.760818481, "var": 584.772644043, "mean": 22.8743133545}, "melbands_kurtosis": {"dmean2": 22.935962677, "median": 11.2839641571, "min": -1.75797939301, "dvar2": 7162.70214844, "dvar": 2484.16650391, "dmean": 13.8915424347, "max": 2085.42138672, "var": 9828.60449219, "mean": 34.8823623657}, "melbands": {"dmean2": [0.00510490639135, 0.00320950313471, 0.00238014571369, 0.00121943338308, 0.000866153743118, 0.00100799126085, 0.00045642387704, 0.000150461099111, 0.000199483853066, 0.000124981001136, 0.000110571010737, 3.78366021323e-05, 2.46376112045e-05, 2.76315167866e-05, 2.93865559797e-05, 2.7377909646e-05, 1.34319780045e-05, 6.82636118654e-06, 8.11145764601e-06, 6.58557291899e-06, 4.51300911664e-06, 3.07999880533e-06, 2.2638628252e-06, 1.63322249591e-06, 1.28760154894e-06, 1.06297557068e-06, 1.06416359813e-06, 1.07746654976e-06, 1.01896841898e-06, 1.04781929622e-06, 1.55044961048e-06, 1.46001730172e-06, 1.15407601697e-06, 9.21626053696e-07, 6.60851128487e-07, 5.85458053592e-07, 4.99636144013e-07, 4.22141766876e-07, 3.07198860128e-07, 2.32814088008e-07], "median": [0.000431646534707, 0.000478939735331, 0.000479460490169, 0.000544784590602, 0.000398955919081, 0.000860183383338, 0.0