{"tonal": {"thpcp": [1, 0.56644654274, 0.197854459286, 0.150232240558, 0.133810952306, 0.322953790426, 0.501338481903, 0.3460277915, 0.289921969175, 0.372420817614, 0.287902027369, 0.224899202585, 0.194169357419, 0.219814136624, 0.615315377712, 0.818433403969, 0.50921946764, 0.360131084919, 0.289997369051, 0.183797299862, 0.333564758301, 0.437165468931, 0.276676535606, 0.234400629997, 0.305081576109, 0.282113611698, 0.444349586964, 0.672605037689, 0.54960256815, 0.378803670406, 0.31710678339, 0.196909919381, 0.133011952043, 0.1390645504, 0.218192949891, 0.690894067287], "hpcp": {"dmean2": [0.239326074719, 0.173532932997, 0.146565914154, 0.152534067631, 0.192686378956, 0.282552748919, 0.319800704718, 0.274178624153, 0.187010064721, 0.147917002439, 0.134406775236, 0.167257264256, 0.203254789114, 0.174259081483, 0.164192721248, 0.179715454578, 0.175937995315, 0.160793244839, 0.146086990833, 0.160473272204, 0.246361851692, 0.298607259989, 0.29988694191, 0.308732837439, 0.263639092445, 0.18344424665, 0.194215238094, 0.208186596632, 0.1795566082, 0.186346426606, 0.231157228351, 0.242608472705, 0.280448138714, 0.307785958052, 0.324825614691, 0.301716804504], "median": [0.014174439013, 0.00822847150266, 0.00351617950946, 0.00251557305455, 0.00968861207366, 0.124154224992, 0.196339547634, 0.0973263978958, 0.00589277222753, 0.00268402695656, 0.00502146128565, 0.0284579619765, 0.0438443981111, 0.0427252203226, 0.0233581978828, 0.0164288524538, 0.012316133827, 0.00987939164042, 0.0088084070012, 0.0163675397635, 0.0818186625838, 0.122954793274, 0.0754737854004, 0.0249870829284, 0.0157818980515, 0.00758986920118, 0.0324073433876, 0.0489486791193, 0.0301091112196, 0.0108712464571, 0.0127914398909, 0.0181111879647, 0.0412928685546, 0.0474126338959, 0.0323968306184, 0.0230973958969], "min": [0, 0, 0, 0, 0, 0, 0, 0, 0, 0, 0, 0, 0, 0, 0, 0, 0, 0, 0, 0, 0, 0, 0, 0, 0, 0, 0, 0, 0, 0, 0, 0, 0, 0, 0, 0], "dvar2": [0.155550807714, 0.12170586735, 0.113479860127, 0.112005881965, 0.126010760665, 0.134928315878, 0.13673260808, 0.131474524736, 0.112157672644, 0.0931283459067, 0.0867430865765, 0.083857409656, 0.0984264165163, 0.0796791166067, 0.0845453366637, 0.0949632897973, 0.0934031829238, 0.0972561463714, 0.0863050669432, 0.0885896086693, 0.111020065844, 0.139015465975, 0.144601270556, 0.167883202434, 0.146847516298, 0.131407335401, 0.112658515573, 0.109051056206, 0.105621613562, 0.12134603411, 0.154856264591, 0.16036580503, 0.156996011734, 0.179502010345, 0.193197131157, 0.195498213172], "dvar": [0.0562194138765, 0.0413442999125, 0.0378069467843, 0.037543784827, 0.0436138138175, 0.0501014590263, 0.056267850101, 0.0475444942713, 0.0397534109652, 0.0326747782528, 0.0297899525613, 0.0309666153044, 0.039691798389, 0.0286383088678, 0.0303397867829, 0.0361643843353, 0.0335660465062, 0.0354265011847, 0.0317782945931, 0.0309649500996, 0.0429209768772, 0.0592191331089, 0.0533965341747, 0.062942110002, 0.0537614785135, 0.0455005168915, 0.0412677265704, 0.0419701561332, 0.036953959614, 0.0430404804647, 0.0561422593892, 0.0579081550241, 0.0578962080181, 0.0722686648369, 0.0721998438239, 0.071432352066], "dmean": [0.129880085588, 0.0922321230173, 0.0762805938721, 0.0795685201883, 0.104341298342, 0.16405710578, 0.187632799149, 0.155624806881, 0.100891195238, 0.078641757369, 0.0711547657847, 0.0959591716528, 0.119208537042, 0.0990613102913, 0.0921238288283, 0.101591594517, 0.0972728654742, 0.0870365276933, 0.0796323344111, 0.0872576758265, 0.143443956971, 0.172482803464, 0.16742837429, 0.16834038496, 0.142051428556, 0.0973030775785, 0.109240330756, 0.120176546276, 0.0992354378104, 0.101463481784, 0.125629901886, 0.129814505577, 0.154614537954, 0.172877848148, 0.179359659553, 0.164558410645], "max": [1, 1, 1, 1, 1, 1, 1, 1, 1, 1, 1, 1, 1, 1, 1, 1, 1, 1, 1, 1, 1, 1, 1, 1, 1, 1, 1, 1, 1, 1, 1, 1, 1, 1, 1, 1], "var": [0.0488354675472, 0.0276952199638, 0.0220345314592, 0.0227403230965, 0.0316001363099, 0.0746239200234, 0.126814484596, 0.0548051409423, 0.0287415981293, 0.0226726979017, 0.0186162013561, 0.0342026315629, 0.0722396969795, 0.0323304198682, 0.0338083580136, 0.0612766556442, 0.0371199473739, 0.036666829139, 0.0291581973433, 0.0257034953684, 0.0780561044812, 0.114889547229, 0.0550315715373, 0.0519286841154, 0.0407810620964, 0.0287723299116, 0.0425082892179, 0.0590426139534, 0.0295809712261, 0.0327121205628, 0.0470624901354, 0.0413249358535, 0.055135961622, 0.115548036993, 0.0867268368602, 0.0590225309134], "mean": [0.110267028213, 0.0684711635113, 0.046252027154, 0.0483566895127, 0.0758718773723, 0.240243464708, 0.34772837162, 0.196969538927, 0.0687996074557, 0.0522400140762, 0.0465298630297, 0.1123001948, 0.174329608679, 0.120323680341, 0.100814089179, 0.129501283169, 0.100111708045, 0.0782038345933, 0.067518197, 0.076435610652, 0.213962614536, 0.28459250927, 0.177070051432, 0.125227794051, 0.100840315223, 0.0639115348458, 0.115989930928, 0.152014836669, 0.0962082818151, 0.0815077498555, 0.106085516512, 0.098098911345, 0.154512956738, 0.233883857727, 0.191112414002, 0.131720781326]}, "tuning_equal_tempered_deviation": 0.0188219770789, "chords_changes_rate": 0.0601359345019, "key_key": "E", "tuning_diatonic_strength": 0.530176758766, "key_scale": "major", "chords_number_rate": 0.000738770700991, "tuning_frequency": 440.254241943, "tuning_nontempered_energy_ratio": 0.650202035904, "chords_histogram": [36.502658844, 0.650118231773, 5.58510637283, 0.0147754140198, 0.25856974721, 0.0221631210297, 1.62529551983, 0.0147754140198, 0, 0, 0, 0.33983451128, 0.0664893612266, 0.369385331869, 0, 2.53398346901, 0.805260062218, 11.9902486801, 8.49586296082, 11.864657402, 3.19887709618, 0.76832151413, 2.45271873474, 12.4408979416], "key_strength": 0.785076856613, "chords_key": "E", "chords_strength": {"dmean2": 0.00900171231478, "median": 0.464275240898, "min": -1, "dvar2": 0.000367892760551, "dvar": 0.000201749877306, "dmean": 0.00861161388457, "max": 0.834451794624, "var": 0.0140884583816, "mean": 0.464149266481}, "chords_scale": "major", "hpcp_entropy": {"dmean2": 0.910400509834, "median": 2.01774692535, "min": 0, "dvar2": 0.602315843105, "dvar": 0.221270680428, "dmean": 0.542528986931, "max": 4.6435046196, "var": 0.487722694874, "mean": 2.01811218262}}, "metadata": {"audio_properties": {"equal_loudness": 0, "codec": "flac", "downmix": "mix", "sample_rate": 44100, "analysis_sample_rate": 44100, "bit_rate": 0, "md5_encoded": "3cc65bb4dd2195b99ae54188cba183fd", "length": 628.533325195, "replay_gain": -12.1443538666, "lossless": true}, "version": {"essentia_build_sha": "ca57ba49d9b1854bd80e60cf9ccf267278fb7d6b", "essentia": "2.1-beta1", "extractor": "music 1.0", "essentia_git_sha": "v2.1_beta1-28-g21ef5f4-dirty"}, "tags": {"title": ["The Girl With the Sun in Her Head"], "barcode": ["825646890934"], "media": ["CD"], "albumartist": ["Orbital"], "tracktotal": ["10"], "albumartistsort": ["Orbital"], "performer": ["Clune (drums)", "Auntie (vocals)"], "releasetype": ["album", "compilation"], "discid": ["7e0fdd0a"], "composer": ["Paul Hartnoll", "Phil Hartnoll"], "mood": ["Chill; Mellow; Energetic; Trippy"], "musicbrainz_recordingid": ["03eeeec3-0d75-40a6-b9bb-fd7e05824545"], "musicbrainz_discid": ["ryXDUpyAToF.A.A_Rvnm36jBN_s-"], "originalyear": ["2009"], "musicbrainz_workid": ["1bc1c6be-c80e-3ae8-8add-99462978aa29"], "musicbrainz_releasegroupid": ["0f2ccf4d-d242-3c23-a419-ea548af51df3"], "discnumber": ["2"], "catalognumber": ["2564689093"], "releasecountry": ["GB"], "file_name": "Disc 2 - 7_-_The_Girl_With_the_Sun_in_Her_Head.flac", "originaldate": ["2009-06-08"], "producer": ["Paul Hartnoll", "Phil Hartnoll"], "date": ["2009-06-08"], "genre": ["Electronica; Techno; Ambient; Idm"], "musicbrainz_albumid": ["84b96419-7ebb-4b1c-9eda-8607bf5392d9"], "disctotal": ["2"], "releasestatus": ["official"], "musicbrainz_artistid": ["f3e2a7d9-c6bb-4848-95e5-04c0a1e2f511"], "asin": ["B00280WBU2"], "grouping": ["Electronica"], "musicbrainz_albumartistid": ["f3e2a7d9-c6bb-4848-95e5-04c0a1e2f511"], "musicbrainz_releasetrackid": ["804dfd1e-a158-307b-b226-2cc6e110cde6"], "artist": ["Orbital"], "tracknumber": ["7"], "artistsort": ["Orbital"], "album": ["Orbital 20"], "label": ["Rhino"], "isrc": ["GBANB9600020"], "totaldiscs": ["2"], "script": ["Latn"], "totaltracks": ["10"]}}, "rhythm": {"bpm_histogram_first_peak_bpm": {"dmean2": 0, "median": 129, "min": 129, "dvar2": 0, "dvar": 0, "dmean": 0, "max": 129, "var": 0, "mean": 129}, "bpm": 129.98008728, "bpm_histogram_second_peak_spread": {"dmean2": 0, "median": 0.0571428537369, "min": 0.0571428537369, "dvar2": 0, "dvar": 0, "dmean": 0, "max": 0.0571428537369, "var": 0, "mean": 0.0571428537369}, "bpm_histogram_first_peak_weight": {"dmean2": 0, "median": 0.680800020695, "min": 0.680800020695, "dvar2": 0, "dvar": 0, "dmean": 0, "max": 0.680800020695, "var": 0, "mean": 0.680800020695}, "onset_rate": 5.19606494904, "beats_position": [0.975238084793, 1.9620860815, 2.97215414047, 3.98222208023, 4.96907043457, 5.93269824982, 6.88471651077, 7.83673477173, 8.77714252472, 9.70594120026, 10.6347389221, 11.5635375977, 12.4807252884, 13.3979139328, 14.3151016235, 15.2322902679, 16.1378688812, 17.0550556183, 17.9838542938, 18.9126529694, 19.8414516449, 20.7818584442, 21.7106571198, 22.6394557953, 23.5682544708, 24.497051239, 25.4258499146, 26.3546485901, 27.2834453583, 28.2122440338, 29.1294326782, 30.0466213226, 30.9638080597, 31.8809967041, 32.8097953796, 33.7385940552, 34.6557807922, 35.572971344, 36.5017662048, 37.4305648804, 38.3593635559, 39.2765541077, 40.1937408447, 41.1225395203, 42.0513381958, 42.9685249329, 43.8973236084, 44.8261222839, 45.7549209595, 46.6721076965, 47.6009063721, 48.5180931091, 49.4352836609, 50.3640823364, 51.2928771973, 52.2216758728, 53.1504745483, 54.0792732239, 54.9964599609, 55.9136505127, 56.8424491882, 57.7596359253, 58.6768226624, 59.5940132141, 60.5111999512, 61.4399986267, 62.3687973022, 63.2975959778, 64.2147827148, 65.1319732666, 66.0607681274, 66.9895706177, 67.9183654785, 68.8355560303, 69.7527389526, 70.6815414429, 71.6103363037, 72.5391387939, 73.4563217163, 74.3735122681, 75.2907028198, 76.2078933716, 77.1366882324, 78.0654830933, 78.982673645, 79.8998641968, 80.8286590576, 81.7574615479, 82.6746444702, 83.591835022, 84.5206298828, 85.449432373, 86.3782272339, 87.2954177856, 88.2242126465, 89.1530151367, 90.0702056885, 90.9873886108, 91.9045791626, 92.8333740234, 93.7621765137, 94.6909713745, 95.6197738647, 96.5485687256, 97.4889755249, 98.4293823242, 99.381401062, 100.321815491, 101.053237915, 101.738227844, 102.423217773, 102.992103577, 103.560997009, 104.025398254, 104.431747437, 104.861312866, 105.302490234, 105.766891479, 106.231292725, 106.684082031, 107.136871338, 107.601264954, 108.065666199, 108.530067444, 108.994468689, 109.458862305, 109.92326355, 110.376052856, 110.828842163, 111.293243408, 111.757637024, 112.222038269, 112.686439514, 113.15083313, 113.615234375, 114.07963562, 114.544036865, 115.008430481, 115.461219788, 115.914009094, 116.378410339, 116.842811584, 117.3072052, 117.771606445, 118.23600769, 118.700408936, 119.153198242, 119.605987549, 120.070381165, 120.53478241, 120.999183655, 121.463577271, 121.927978516, 122.392379761, 122.856781006, 123.309570312, 123.773963928, 124.226753235, 124.69115448, 125.155555725, 125.619949341, 126.084350586, 126.548751831, 127.001541138, 127.454330444, 127.91872406, 128.383132935, 128.847518921, 129.311920166, 129.776321411, 130.240722656, 130.705123901, 131.157913208, 131.610702515, 132.07510376, 132.539505005, 133.003890991, 133.468292236, 133.932693481, 134.397094727, 134.849884033, 135.30267334, 135.767074585, 136.23147583, 136.695877075, 137.160263062, 137.624664307, 138.089065552, 138.553466797, 139.006256104, 139.45904541, 139.923446655, 140.3878479, 140.852249146, 141.316635132, 141.781036377, 142.245437622, 142.698226929, 143.162628174, 143.627029419, 144.079818726, 144.544219971, 145.008621216, 145.473007202, 145.937408447, 146.401809692, 146.866210938, 147.319000244, 147.771789551, 148.236190796, 148.700592041, 149.164993286, 149.629379272, 150.093780518, 150.558181763, 151.010971069, 151.463760376, 151.928161621, 152.392562866, 152.856964111, 153.321365356, 153.785751343, 154.250152588, 154.702941895, 155.155731201, 155.620132446, 156.084533691, 156.548934937, 157.013336182, 157.477722168, 157.942123413, 158.406524658, 158.870925903, 159.335327148, 159.788116455, 160.240905762, 160.705307007, 161.169708252, 161.634094238, 162.098495483, 162.562896729, 163.027297974, 163.491699219, 163.956100464, 164.420501709, 164.884887695, 165.34928894, 165.802078247, 166.254867554, 166.70765686, 167.172058105, 167.648071289, 168.112472534, 168.576873779, 169.041259766, 169.494049072, 169.946838379, 170.411239624, 170.875640869, 171.328430176, 171.792831421, 172.245620728, 172.710021973, 173.174423218, 173.638824463, 174.103210449, 174.567611694, 175.032012939, 175.496414185, 175.949203491, 176.401992798, 176.866394043, 177.330795288, 177.795196533, 178.25958252, 178.723983765, 179.18838501, 179.652786255, 180.1171875, 180.569976807, 181.022766113, 181.487167358, 181.951568604, 182.41595459, 182.880355835, 183.34475708, 183.809158325, 184.261947632, 184.714736938, 185.179138184, 185.643539429, 186.107940674, 186.57232666, 187.036727905, 187.50112915, 187.965530396, 188.418319702, 188.871109009, 189.335510254, 189.799911499, 190.264297485, 190.72869873, 191.193099976, 191.657501221, 192.121902466, 192.574691772, 193.027481079, 193.491882324, 193.956283569, 194.420669556, 194.885070801, 195.349472046, 195.813873291, 196.278274536, 196.742675781, 197.195465088, 197.648254395, 198.11265564, 198.577041626, 199.029830933, 199.505844116, 199.970245361, 200.434646606, 200.887435913, 201.34022522, 201.804626465, 202.26902771, 202.733413696, 203.197814941, 203.662216187, 204.126617432, 204.579406738, 205.032196045, 205.49659729, 205.960998535, 206.42539978, 206.889785767, 207.354187012, 207.818588257, 208.271377563, 208.72416687, 209.188568115, 209.65296936, 210.117370605, 210.581771851, 211.046157837, 211.510559082, 211.963348389, 212.427749634, 212.88053894, 213.344940186, 213.809341431, 214.273742676, 214.738143921, 215.202529907, 215.655319214, 216.119720459, 216.572509766, 217.036911011, 217.501312256, 217.965713501, 218.430114746, 218.894515991, 219.358901978, 219.823303223, 220.276092529, 220.728881836, 221.193283081, 221.657684326, 222.122085571, 222.586486816, 223.050872803, 223.515274048, 223.979675293, 224.444076538, 224.896865845, 225.349655151, 225.814056396, 226.278457642, 226.742858887, 227.207244873, 227.671646118, 228.136047363, 228.58883667, 229.041625977, 229.506027222, 229.970428467, 230.434829712, 230.899230957, 231.363616943, 231.828018188, 232.292419434, 232.74520874, 233.197998047, 233.662399292, 234.126800537, 234.591201782, 235.055603027, 235.519989014, 235.97277832, 236.425567627, 236.889968872, 237.354370117, 237.818771362, 238.283172607, 238.747573853, 239.211975098, 239.676361084, 240.129150391, 240.581939697, 241.046340942, 241.510742188, 241.975143433, 242.439544678, 242.903945923, 243.368347168, 243.832733154, 244.297134399, 244.761535645, 245.214324951, 245.667114258, 246.131515503, 246.595916748, 247.060317993, 247.524719238, 247.989105225, 248.45350647, 248.906295776, 249.359085083, 249.823486328, 250.287887573, 250.752288818, 251.216690063, 251.681091309, 252.145477295, 252.598266602, 253.051055908, 253.515457153, 253.979858398, 254.444259644, 254.908660889, 255.373062134, 255.83744812, 256.290252686, 256.743041992, 257.207427979, 257.671844482, 258.136230469, 258.600616455, 259.065032959, 259.529418945, 259.993835449, 260.446624756, 260.911010742, 261.363800049, 261.828216553, 262.292602539, 262.756988525, 263.221405029, 263.685791016, 264.138580322, 264.591369629, 265.055786133, 265.520172119, 265.984588623, 266.448974609, 266.913360596, 267.3777771, 267.830566406, 268.294952393, 268.759368896, 269.223754883, 269.676544189, 270.140960693, 270.60534668, 271.069732666, 271.53414917, 271.998535156, 272.46295166, 272.915740967, 273.368530273, 273.83291626, 274.297332764, 274.76171875, 275.226104736, 275.69052124, 276.154907227, 276.607696533, 277.06048584, 277.524902344, 277.98928833, 278.453704834, 278.91809082, 279.382476807, 279.846893311, 280.299682617, 280.752471924, 281.21685791, 281.681274414, 282.1456604, 282.610076904, 283.074462891, 283.538848877, 283.991638184, 284.44442749, 284.908843994, 285.37322998, 285.837646484, 286.302032471, 286.766448975, 287.230834961, 287.683624268, 288.136413574, 288.600799561, 289.065216064, 289.529602051, 289.994018555, 290.458404541, 290.922821045, 291.375610352, 291.828399658, 292.292785645, 292.757171631, 293.221588135, 293.685974121, 294.150390625, 294.614776611, 295.079193115, 295.531982422, 295.996368408, 296.460754395, 296.913543701, 297.377960205, 297.842346191, 298.306762695, 298.771148682, 299.235565186, 299.688323975, 300.141113281, 300.605529785, 301.069915771, 301.534332275, 301.998718262, 302.463134766, 302.927520752, 303.391906738, 303.856323242, 304.309112549, 304.761901855, 305.226287842, 305.690704346, 306.155090332, 306.619506836, 307.083892822, 307.548278809, 308.001068115, 308.453857422, 308.918273926, 309.382659912, 309.847076416, 310.311462402, 310.775878906, 311.240264893, 311.693054199, 312.145843506, 312.610229492, 313.074645996, 313.539031982, 314.003448486, 314.467834473, 314.932250977, 315.385040283, 315.83782959, 316.302215576, 316.766601562, 317.231018066, 317.695404053, 318.159820557, 318.624206543, 319.07699585, 319.529785156, 319.99420166, 320.458587646, 320.922973633, 321.387390137, 321.851776123, 322.316192627, 322.768981934, 323.22177124, 323.686157227, 324.15057373, 324.614959717, 325.079345703, 325.543762207, 326.008148193, 326.472564697, 326.936950684, 327.401367188, 327.865753174, 328.31854248, 328.771331787, 329.235717773, 329.700134277, 330.164520264, 330.628936768, 331.093322754, 331.557739258, 332.010528564, 332.463317871, 332.927703857, 333.392089844, 333.856506348, 334.320892334, 334.785308838, 335.238098145, 335.702484131, 336.155273438, 336.619689941, 337.084075928, 337.548461914, 338.012878418, 338.477264404, 338.941680908, 339.394470215, 339.847259521, 340.311645508, 340.776062012, 341.240447998, 341.704833984, 342.169250488, 342.633636475, 343.086425781, 343.539215088, 344.003631592, 344.468017578, 344.932434082, 345.396820068, 345.861206055, 346.325622559, 346.778411865, 347.231201172, 347.695587158, 348.160003662, 348.624389648, 349.088806152, 349.553192139, 350.017578125, 350.481994629, 350.934783936, 351.387573242, 351.851959229, 352.316375732, 352.780761719, 353.245178223, 353.709564209, 354.173950195, 354.626739502, 355.091156006, 355.543945312, 356.008331299, 356.472747803, 356.937133789, 357.401550293, 357.865936279, 358.330322266, 358.783111572, 359.247528076, 359.700317383, 360.164703369, 360.629119873, 361.093505859, 361.557922363, 362.02230835, 362.486694336, 362.95111084, 363.403900146, 363.856689453, 364.321075439, 364.785491943, 365.24987793, 365.714263916, 366.17868042, 366.643066406, 367.095855713, 367.54864502, 368.013061523, 368.47744751, 368.941864014, 369.40625, 369.870635986, 370.33505249, 370.787841797, 371.240631104, 371.70501709, 372.169433594, 372.63381958, 373.098236084, 373.56262207, 374.027008057, 374.479797363, 374.93258667, 375.397003174, 375.86138916, 376.325805664, 376.79019165, 377.254608154, 377.718994141, 378.183380127, 378.636169434, 379.100585938, 379.564971924, 380.01776123, 380.482177734, 380.946563721, 381.410980225, 381.875366211, 382.339752197, 382.804168701, 383.268554688, 383.721343994, 384.174133301, 384.638549805, 385.102935791, 385.567352295, 386.031738281, 386.496124268, 386.960540771, 387.413330078, 387.866119385, 388.330505371, 388.794921875, 389.259307861, 389.723724365, 390.188110352, 390.652496338, 391.116912842, 391.569702148, 392.034088135, 392.486877441, 392.951293945, 393.415679932, 393.880096436, 394.344482422, 394.808868408, 395.261657715, 395.714447021, 396.178863525, 396.643249512, 397.107666016, 397.572052002, 398.036468506, 398.500854492, 398.953643799, 399.418029785, 399.870819092, 400.335235596, 400.799621582, 401.264038086, 401.728424072, 402.192840576, 402.645629883, 403.098419189, 403.562805176, 404.027191162, 404.491607666, 404.955993652, 405.420410156, 405.884796143, 406.349212646, 406.813598633, 407.266387939, 407.730773926, 408.183563232, 408.647979736, 409.112365723, 409.576782227, 410.041168213, 410.505584717, 410.969970703, 411.42276001, 411.875549316, 412.339935303, 412.804351807, 413.268737793, 413.733154297, 414.197540283, 414.661956787, 415.126342773, 415.57913208, 416.043518066, 416.496307373, 416.960723877, 417.425109863, 417.889526367, 418.353912354, 418.80670166, 419.259490967, 419.723907471, 420.188293457, 420.652679443, 421.117095947, 421.581481934, 422.045898438, 422.498687744, 422.951477051, 423.415863037, 423.880279541, 424.344665527, 424.809051514, 425.273468018, 425.737854004, 426.202270508, 426.655059814, 427.107849121, 427.572235107, 428.036621094, 428.501037598, 428.965423584, 429.429840088, 429.894226074, 430.358642578, 430.823028564, 431.287414551, 431.740203857, 432.192993164, 432.657409668, 433.121795654, 433.586212158, 434.050598145, 434.515014648, 434.979400635, 435.432189941, 435.884979248, 436.349365234, 436.813781738, 437.278167725, 437.742584229, 438.206970215, 438.671386719, 439.135772705, 439.588562012, 440.041351318, 440.505737305, 440.970153809, 441.434539795, 441.898956299, 442.363342285, 442.816131592, 443.268920898, 443.733337402, 444.197723389, 444.662109375, 445.126525879, 445.590911865, 446.055328369, 446.508117676, 446.960906982, 447.425292969, 447.889709473, 448.354095459, 448.818481445, 449.282897949, 449.747283936, 450.200073242, 450.652862549, 451.117279053, 451.581665039, 452.046081543, 452.510467529, 452.974853516, 453.43927002, 453.903656006, 454.356445312, 454.809234619, 455.273651123, 455.738037109, 456.202453613, 456.6668396, 457.131225586, 457.59564209, 458.060028076, 458.52444458, 458.988830566, 459.441619873, 459.89440918, 460.358825684, 460.82321167, 461.287597656, 461.75201416, 462.216400146, 462.68081665, 463.133605957, 463.586395264, 464.05078125, 464.515197754, 464.97958374, 465.443969727, 465.90838623, 466.372772217, 466.825561523, 467.27835083, 467.742767334, 468.20715332, 468.671569824, 469.135955811, 469.600341797, 470.064758301, 470.517547607, 470.970336914, 471.4347229, 471.899139404, 472.363525391, 472.827941895, 473.292327881, 473.756713867, 474.209503174, 474.66229248, 475.126708984, 475.591094971, 476.055511475, 476.519897461, 476.984313965, 477.448699951, 477.901489258, 478.354278564, 478.818664551, 479.283081055, 479.747467041, 480.211883545, 480.676269531, 481.140686035, 481.605072021, 482.069458008, 482.522247314, 482.975036621, 483.439453125, 483.903839111, 484.368255615, 484.832641602, 485.297058105, 485.761444092, 486.225830078, 486.690246582, 487.143035889, 487.595825195, 488.060211182, 488.524627686, 488.989013672, 489.453430176, 489.917816162, 490.382202148, 490.834991455, 491.287780762, 491.752197266, 492.216583252, 492.680999756, 493.145385742, 493.609771729, 494.074188232, 494.526977539, 494.979766846, 495.444152832, 495.908569336, 496.372955322, 496.837371826, 497.301757812, 497.766143799, 498.218933105, 498.671722412, 499.136138916, 499.600524902, 500.064941406, 500.529327393, 500.993743896, 501.458129883, 501.922515869, 502.375305176, 502.83972168, 503.292510986, 503.756896973, 504.221313477, 504.685699463, 505.150115967, 505.614501953, 506.06729126, 506.520080566, 506.984466553, 507.448883057, 507.913269043, 508.377685547, 508.842071533, 509.29486084, 509.759277344, 510.22366333, 510.688049316, 511.140838623, 511.605255127, 512.069641113, 512.534057617, 512.998474121, 513.46282959, 513.915649414, 514.380065918, 514.832824707, 515.297241211, 515.76159668, 516.226013184, 516.690429688, 517.154846191, 517.61920166, 518.083618164, 518.536437988, 518.989196777, 519.453613281, 519.91796875, 520.382385254, 520.846801758, 521.311218262, 521.77557373, 522.228393555, 522.681152344, 523.145568848, 523.609985352, 524.07434082, 524.538757324, 525.003173828, 525.467590332, 525.920349121, 526.373168945, 526.837524414, 527.301940918, 527.766357422, 528.230712891, 528.695129395, 529.159545898, 529.612304688, 530.065124512, 530.529541016, 530.993896484, 531.458312988, 531.922729492, 532.387084961, 532.851501465, 533.304321289, 533.757080078, 534.221496582, 534.685913086, 535.150268555, 535.614685059, 536.079101562, 536.543457031, 536.996276855, 537.449035645, 537.913452148, 538.377868652, 538.842285156, 539.306640625, 539.771057129, 540.235473633, 540.699829102, 541.152648926, 541.605407715, 542.069824219, 542.534240723, 542.998657227, 543.463012695, 543.927429199, 544.391845703, 544.856201172, 545.309020996, 545.761779785, 546.226196289, 546.690612793, 547.155029297, 547.619384766, 548.08380127, 548.548217773, 549.012573242, 549.465393066, 549.918151855, 550.382568359, 550.846984863, 551.311401367, 551.775756836, 552.24017334, 552.704589844, 553.168945312, 553.621765137, 554.074523926, 554.53894043, 555.003356934, 555.467773438, 555.932128906, 556.39654541, 556.860961914, 557.313720703, 557.766540527, 558.230895996, 558.6953125, 559.159729004, 559.624145508, 560.088500977, 560.55291748, 561.017333984, 561.470092773, 561.934509277, 562.387268066, 562.85168457, 563.316101074, 563.780517578, 564.244873047, 564.697692871, 565.15045166, 565.614868164, 566.079284668, 566.543640137, 567.008056641, 567.472473145, 567.936889648, 568.401245117, 568.854064941, 569.31842041, 569.771240234, 570.235656738, 570.700012207, 571.164428711, 571.628845215, 572.093261719, 572.546020508, 572.998840332, 573.463195801, 573.927612305, 574.392028809, 574.856384277, 575.309204102, 575.761962891, 576.226379395, 576.690795898, 577.155212402, 577.619567871, 578.083984375, 578.548400879, 579.012756348, 579.477172852, 579.941589355, 580.406005859, 580.870361328, 581.323181152, 581.775939941, 582.240356445, 582.704772949, 583.169128418, 583.633544922, 584.097961426, 584.56237793, 585.015136719, 585.479553223, 585.932312012, 586.396728516, 586.86114502, 587.325500488, 587.789916992, 588.254333496, 588.707092285, 589.159912109, 589.624267578, 590.088684082, 590.553100586, 591.005859375, 591.470275879, 591.923095703, 592.387451172, 592.851867676, 593.31628418, 593.780639648, 594.245056152, 594.709472656, 595.17388916, 595.638244629, 596.091064453, 596.555480957, 597.008239746, 597.46105957, 597.913818359, 598.378234863, 598.842590332, 599.295410156, 599.75982666, 600.224182129, 600.688598633, 601.153015137, 601.617431641, 602.081787109, 602.546203613, 603.010620117, 603.463378906, 603.92779541, 604.380554199, 604.833374023, 605.297790527, 605.762145996, 606.2265625, 606.690979004, 607.155334473, 607.619750977, 608.072570801, 608.53692627, 609.001342773, 609.454162598, 609.918518066, 610.38293457, 610.835754395, 611.300109863, 611.752929688, 612.217285156, 612.68170166, 613.146118164, 613.622131348, 614.074890137, 614.539306641, 615.003723145, 615.456481934, 615.920898438, 616.385314941, 616.83807373, 617.302490234, 617.766906738, 618.219665527, 618.672485352, 619.13684082, 619.601257324, 620.065673828, 620.530029297, 620.994445801, 621.458862305, 621.911621094, 622.364440918, 622.71270752, 623.061035156, 623.409301758, 623.757629395, 624.105957031, 624.465820312, 624.825744629, 625.197265625, 625.580383301, 625.963500977, 626.346679688, 626.729797363, 627.112915039, 627.496032715], "beats_loudness": {"dmean2": 0.0414936728776, "median": 0.054852321744, "min": 0, "dvar2": 0.00113291235175, "dvar": 0.000385334569728, "dmean": 0.0231700111181, "max": 0.153972253203, "var": 0.000890712952241, "mean": 0.0560543872416}, "danceability": 1.58277487755, "bpm_histogram_second_peak_weight": {"dmean2": 0, "median": 0.0791999995708, "min": 0.0791999995708, "dvar2": 0, "dvar": 0, "dmean": 0, "max": 0.0791999995708, "var": 0, "mean": 0.0791999995708}, "beats_count": 1251, "bpm_histogram_second_peak_bpm": {"dmean2": 0, "median": 65, "min": 65, "dvar2": 0, "dvar": 0, "dmean": 0, "max": 65, "var": 0, "mean": 65}, "bpm_histogram_first_peak_spread": {"dmean2": 0, "median": 0.240856349468, "min": 0.240856349468, "dvar2": 0, "dvar": 0, "dmean": 0, "max": 0.240856349468, "var": 0, "mean": 0.240856349468}, "beats_loudness_band_ratio": {"dmean2": [0.371615231037, 0.159982889891, 0.114300213754, 0.117160610855, 0.0777528360486, 0.169367238879], "median": [0.61206972599, 0.12935295701, 0.0526732206345, 0.0464304797351, 0.0422704070807, 0.0401402711868], "min": [0, 0, 0, 0, 0, 0], "dvar2": [0.0838807597756, 0.0170301198959, 0.0190259702504, 0.0156632754952, 0.00883781071752, 0.0249400455505], "dvar": [0.0274042412639, 0.00595092028379, 0.00666568381712, 0.00600501894951, 0.00310928886756, 0.00888581946492], "dmean": [0.202823489904, 0.0933813750744, 0.0654954910278, 0.065603017807, 0.0430227555335, 0.0867258831859], "max": [0.99938595295, 0.693596899509, 0.745482623577, 0.647727608681, 0.448109298944, 0.537582814693], "var": [0.0529520735145, 0.00924737565219, 0.0106233246624, 0.00750718638301, 0.00352133181877, 0.0074165626429], "mean": [0.594344198704, 0.145192742348, 0.0869323089719, 0.0762451514602, 0.0573919713497, 0.0700834691525]}}, "lowlevel": {"barkbands_spread": {"dmean2": 11.1059083939, "median": 18.2730426788, "min": 0.0332816019654, "dvar2": 202.099212646, "dvar": 101.80267334, "dmean": 7.48023033142, "max": 130.347244263, "var": 313.008728027, "mean": 21.8848896027}, "melbands_spread": {"dmean2": 8.93814086914, "median": 15.7955636978, "min": 0.0733314231038, "dvar2": 158.130813599, "dvar": 64.045211792, "dmean": 5.64333724976, "max": 271.055145264, "var": 240.517578125, "mean": 17.904630661}, "hfc": {"dmean2": 19.0086841583, "median": 16.4606208801, "min": 1.09727890535e-16, "dvar2": 987.576416016, "dvar": 498.553100586, "dmean": 13.2672157288, "max": 273.530395508, "var": 1050.58508301, "mean": 27.7858028412}, "barkbands_kurtosis": {"dmean2": 24.2747364044, "median": 2.28640699387, "min": -1.93858003616, "dvar2": 12610.2363281, "dvar": 5062.76708984, "dmean": 14.9550409317, "max": 3034.2512207, "var": 8274.54589844, "mean": 19.8992500305}, "gfcc": {"mean": [-32.3921966553, 88.9128265381, -76.8919754028, 27.0126476288, -36.021270752, 9.48245811462, -28.5421295166, 2.27113628387, -14.4306659698, 3.21167492867, -17.7868747711, 1.43936002254, -12.9564561844], "icov": [[8.91917588888e-05, 1.4078447748e-05, 6.98160729371e-05, 1.25671422211e-05, 8.16349347588e-05, -0.000276438280707, 0.000325234461343, -0.000334141397616, 0.00025814838591, -0.00014365449897, 2.48440592259e-05, 0.00012625133968, 2.75815982604e-05], [1.4078447748e-05, 0.000910936505534, 0.000167158650584, -0.000207213059184, 5.65188383916e-05, 0.000894763856195, -0.00064382806886, 0.000973902177066, -0.00128438160755, 0.00141708238516, -0.00160805869382, 0.00120127480477, -6.11294817645e-05], [6.98160729371e-05, 0.000167158650584, 0.000645722146146, -0.000418292445829, -0.000111394219857, 0.000461140472908, -0.00092318264069, 0.0010334920371, -0.000619260652456, -0.000424991128966, 0.000800613197498, -0.00103236595169, 0.00101318315137], [1.25671422211e-05, -0.000207213059184, -0.000418292445829, 0.00289307511412, -0.000501250382513, -0.00190848123748, 0.000735957175493, -4.22063931182e-05, -0.000179707116331, 0.00083362456644, -0.000346541928593, 0.000822473200969, -0.000228292235988], [8.16349347588e-05, 5.65188383916e-05, -0.000111394219857, -0.000501250382513, 0.00488986261189, -0.00247494177893, -0.000612329575233, 5.87863287365e-05, -0.00130394345615, 0.00187696737703, -0.00213296944275, 0.00246184435673, -0.000494130828883], [-0.000276438280707, 0.000894763856195, 0.000461140472908, -0.00190848123748, -0.00247494177893, 0.00950035732239, -0.005627324339, 0.000868674193043, 0.00203573750332, -0.00357547472231, 0.00577783305198, -0.00536496704444, 0.00319674680941], [0.000325234461343, -0.00064382806886, -0.00092318264069, 0.000735957175493, -0.000612329575233, -0.005627324339, 0.0150592876598, -0.00729132024571, 0.000666243839078, 0.00417530909181, -0.00911419000477, 0.00779986474663, -0.00406669685617], [-0.000334141397616, 0.000973902177066, 0.0010334920371, -4.22063931182e-05, 5.87863287365e-05, 0.000868674193043, -0.00729132024571, 0.0132017266005, -0.0063263271004, 0.000941878417507, 0.00377878244035, -0.00521747907624, 0.00307497894391], [0.00025814838591, -0.00128438160755, -0.000619260652456, -0.000179707116331, -0.00130394345615, 0.00203573750332, 0.000666243839078, -0.0063263271004, 0.0145933590829, -0.00793341081589, 0.00516866613179, -0.00100869196467, -0.002482567681], [-0.00014365449897, 0.00141708238516, -0.000424991128966, 0.00083362456644, 0.00187696737703, -0.00357547472231, 0.00417530909181, 0.000941878417507, -0.00793341081589, 0.0171043779701, -0.0155115155503, 0.00839147064835, -0.000806692813057], [2.48440592259e-05, -0.00160805869382, 0.000800613197498, -0.000346541928593, -0.00213296944275, 0.00577783305198, -0.00911419000477, 0.00377878244035, 0.00516866613179, -0.0155115155503, 0.0276788435876, -0.0174682214856, 0.00645596534014], [0.00012625133968, 0.00120127480477, -0.00103236595169, 0.000822473200969, 0.00246184435673, -0.00536496704444, 0.00779986474663, -0.00521747907624, -0.00100869196467, 0.00839147064835, -0.0174682214856, 0.0241207927465, -0.0111020496115], [2.75815982604e-05, -6.11294817645e-05, 0.00101318315137, -0.000228292235988, -0.000494130828883, 0.00319674680941, -0.00406669685617, 0.00307497894391, -0.002482567681, -0.000806692813057, 0.00645596534014, -0.0111020496115, 0.0164469573647]], "cov": [[30213.3769531, -5222.71582031, -5157.21630859, -149.027297974, -285.082580566, 1851.07653809, -443.721191406, 1053.56713867, -813.170654297, 95.1092605591, -538.343811035, 125.895271301, -251.273361206], [-5222.71582031, 3247.66723633, 378.946685791, -108.693054199, -57.5717391968, -755.696533203, 65.7661437988, -333.087738037, 233.131011963, -78.6006698608, 198.120117188, -159.141372681, 65.8078536987], [-5157.21630859, 378.946685791, 3256.21777344, 422.74887085, 209.875656128, -135.926422119, 152.128936768, -245.84046936, 190.858062744, 77.67578125, 81.1191101074, -17.9246177673, -79.6867294312], [-149.027297974, -108.693054199, 422.74887085, 552.02545166, 180.6640625, 195.644973755, 69.1077423096, 8.14067363739, -5.31691122055, -35.4402999878, -44.1975212097, -28.2917518616, -39.857131958], [-285.082580566, -57.5717391968, 209.875656128, 180.6640625, 347.825286865, 159.676269531, 104.860374451, 32.9646377563, 14.05605793, -25.5489368439, -15.1836900711, -33.3824462891, -26.6834411621], [1851.07653809, -755.696533203, -135.926422119, 195.644973755, 159.676269531, 443.195159912, 81.8612976074, 132.124954224, -79.0717849731, -0.676303327084, -69.6881408691, 23.6117534637, -49.3057785034], [-443.721191406, 65.7661437988, 152.128936768, 69.1077423096, 104.860374451, 81.8612976074, 170.277069092, 61.9900474548, 21.9809951782, -13.152879715, 21.3064250946, -11.4408578873, -3.08497524261], [1053.56713867, -333.087738037, -245.84046936, 8.14067363739, 32.9646377563, 132.124954224, 61.9900474548, 204.78314209, 22.1205005646, -10.812994957, -38.5287399292, 27.9901008606, 1.42941820621], [-813.170654297, 233.131011963, 190.858062744, -5.31691122055, 14.05605793, -79.0717849731, 21.9809951782, 22.1205005646, 154.517837524, 47.4515113831, 18.8751335144, -7.08382701874, 20.9496059418], [95.1092605591, -78.6006698608, 77.67578125, -35.4402999878, -25.5489368439, -0.676303327084, -13.152879715, -10.812994957, 47.4515113831, 168.358398438, 81.6825408936, 5.41535806656, -20.5827236176], [-538.343811035, 198.120117188, 81.1191101074, -44.1975212097, -15.1836900711, -69.6881408691, 21.3064250946, -38.5287399292, 18.8751335144, 81.6825408936, 140.261581421, 44.1837615967, 3.21234345436], [125.895271301, -159.141372681, -17.9246177673, -28.2917518616, -33.3824462891, 23.6117534637, -11.4408578873, 27.9901008606, -7.08382701874, 5.41535806656, 44.1837615967, 119.646690369, 48.8714752197], [-251.273361206, 65.8078536987, -79.6867294312, -39.857131958, -26.6834411621, -49.3057785034, -3.08497524261, 1.42941820621, 20.9496059418, -20.5827236176, 3.21234345436, 48.8714752197, 107.455924988]]}, "spectral_energyband_middle_low": {"dmean2": 0.00707929907367, "median": 0.00725591881201, "min": 1.76793485492e-22, "dvar2": 0.00013060636411, "dvar": 4.73250402138e-05, "dmean": 0.00420525111258, "max": 0.0919794216752, "var": 9.56269359449e-05, "mean": 0.0100605459884}, "melbands_crest": {"dmean2": 5.72006654739, "median": 17.1695995331, "min": 1.45855271816, "dvar2": 25.8520736694, "dvar": 10.0670948029, "dmean": 3.50967812538, "max": 37.6671257019, "var": 39.1215057373, "mean": 17.2150554657}, "spectral_kurtosis": {"dmean2": 9.56462860107, "median": 4.41847610474, "min": -1.27253961563, "dvar2": 895.026306152, "dvar": 327.143218994, "dmean": 5.93849515915, "max": 503.04699707, "var": 2741.96948242, "mean": 19.7896766663}, "spectral_rms": {"dmean2": 0.00170804490335, "median": 0.00575354788452, "min": 3.13926467287e-12, "dvar2": 4.18411354985e-06, "dvar": 1.5588595943e-06, "dmean": 0.00106520170812, "max": 0.0148994596675, "var": 6.94370282872e-06, "mean": 0.00555410655215}, "zerocrossingrate": {"dmean2": 0.0185610018671, "median": 0.046875, "min": 0.001953125, "dvar2": 0.000485755619593, "dvar": 0.00039342121454, "dmean": 0.0157164726406, "max": 0.5263671875, "var": 0.00271625700407, "mean": 0.0587986409664}, "silence_rate_60dB": {"dmean2": 0.0316240563989, "median": 0, "min": 0, "dvar2": 0.0347420014441, "dvar": 0.0155561873689, "dmean": 0.0158114451915, "max": 1, "var": 0.081109046936, "mean": 0.0890284478664}, "erbbands_kurtosis": {"dmean2": 4.35019922256, "median": -0.131207346916, "min": -1.88771629333, "dvar2": 272.33416748, "dvar": 117.845413208, "dmean": 2.80949926376, "max": 356.91607666, "var": 328.308868408, "mean": 3.81064605713}, "erbbands": {"dmean2": [0.265108495951, 3.31334471703, 12.1809415817, 11.6011037827, 9.00145053864, 10.979101181, 13.9721651077, 9.92162132263, 5.24587631226, 8.61865615845, 13.5191030502, 12.8635587692, 12.8900146484, 17.1037540436, 24.844291687, 35.99376297, 25.113363266, 46.2423286438, 25.887550354, 40.7269592285, 29.70362854, 16.5785140991, 17.0683479309, 13.0326814651, 8.20808887482, 5.43682765961, 6.85131549835, 7.47671031952, 9.71224689484, 11.0150327682, 5.86893749237, 2.4460401535, 3.59913229942, 3.85098648071, 1.15895628929, 1.17628145218, 0.602012872696, 0.14583863318, 0.0348610021174, 0.00227849790826], "median": [0.0879213660955, 1.46194207668, 5.47286558151, 5.25877475739, 2.76336359978, 3.90095853806, 6.68154239655, 5.93629074097, 4.55996990204, 8.60949420929, 8.24803161621, 5.2917509079, 5.32582473755, 8.10704803467, 12.8510761261, 4.89614963531, 6.5695438385, 13.4848184586, 11.3696746826, 11.1620388031, 11.8661174774, 9.26270103455, 7.61989021301, 5.67826557159, 4.62185096741, 2.90749263763, 2.38762831688, 2.71765756607, 2.59477996826, 2.28593158722, 1.145829916, 0.493314027786, 0.563032865524, 0.501231431961, 0.169146627188, 0.118742749095, 0.0413307026029, 0.00812387373298, 0.00135797052644, 0.000119618242024], "min": [1.03702670102e-22, 4.45380113336e-22, 1.39700526287e-21, 9.90013781853e-21, 1.36615292044e-20, 2.20853782351e-20, 4.83573243455e-20, 6.79733988155e-20, 1.34426892029e-19, 1.93036890654e-19, 2.78708994823e-19, 2.85733128241e-19, 6.61448514479e-19, 6.79874634708e-19, 1.0530982169e-18, 1.05849081411e-18, 1.51308291239e-18, 1.59336130782e-18, 2.53381944558e-18, 2.87812779208e-18, 4.03005289568e-18, 3.50576886624e-18, 6.0109730325e-18, 4.96227055678e-18, 7.24135497643e-18, 9.05286480149e-18, 9.6847447627e-18, 8.72863481679e-18, 1.19801221589e-17, 9.65764549865e-18, 1.28561428235e-17, 9.20796695661e-18, 9.90187305605e-18, 8.30159124503e-18, 6.43456643393e-18, 4.05092307612e-18, 2.40413076042e-18, 8.76580355723e-19, 2.53706737025e-19, 2.7751276241e-20], "dvar2": [0.173835769296, 29.5104427338, 412.339172363, 413.40954