{"metadata": {"tags": {"label": ["Harmless"], "title": ["Watch the Ride (outro edit)"], "replaygain_track_peak": ["0.999969"], "genre": ["Breakbeat"], "asin": ["B000HT395M"], "musicmagic data": ["AgEBqxCAkSegKOktjP7bKlI5t7qCiYK3xVqZyDuAwZEHtoABgAHGq7V0xBzRc7TzgrKAAQTgmkX3yRNvhsjsbd+tJ/+6mOWroNyAAY0mlTCjCYNsCW8muKilgb+Ki85tmB1ecdfV/5KD+IMS0Da7Cr1Z3HfVHIGJgAEWpIcSF3gGnYfy4DvjxwB4uKzxjYOzgRg="], "album": ["Watch the Ride: Scratch Perverts"], "musicbrainz album type": ["compilation"], "albumartistsort": ["Scratch Perverts"], "musicbrainz album release country": ["GB"], "musicbrainz_artistid": ["3989ff5c-412c-4abb-a461-ad733291ed45"], "musicbrainz album status": ["official"], "albumartist": ["Scratch Perverts"], "musicip_puid": ["8760e1ab-6cb8-9482-9b86-3c66e919ab00"], "artist": ["Scratch Perverts"], "musicbrainz_albumid": ["4f3d6a15-3762-4803-8699-57f70a556917"], "musicbrainz_recordingid": ["03f4dfee-d382-40d8-ab7f-4040c8891d8b"], "catalognumber": ["HURTCD069"], "tracknumber": ["24/24"], "musicbrainz_albumartistid": ["3989ff5c-412c-4abb-a461-ad733291ed45"], "musicmagic fingerprint": ["ATlrSA0qYDB6HKwUWRURDfQL3Qs1DJYK7wwDC9UK7wc9BmYHGwhCBMML8g1NBwYGUQXJBg0FPwT4BMQEcgSyA2gEQANsAugCsgL6A+sC2gI1sjlSASdg547glvcW9gj4hP7g+QsBJvvy+tX+R/xt/en+6QBi/ZYACPzP/bX+0f58/cL9bf2V/M/9pP3O/GH+Jf1a/fb+Mv3r/eD8l/2i/nNOxBenDe+qGuQ67inysPc29rv8QfmA+pX5kfka+hz7RPvs+oX6IPy1+p38jvly+hf6ZvwA+7f75/xT/SD9rP0r/Lv8yP27/ZT9hfxy/tj+X/AC8cz19cmK6psheSOOFdsM9QgeKIkToyOgHIgUdArtEcQXix7aEmUYTxs5E/QPqg7ACg0HaAVrBWUFSQOQBCIDnwJ8AaYBXwDQ/80BeQDjCq0u+KOQESDetxznys8QgPsDBJ//8gTWBAgBpAJO/z4C/f9VAqj/egKZBDgB3v3hAZoCYgIPAUIBUAIDAlcAXQB6AK8AwAFlALgCIwEsACvy3CH3zb7bNUTEDS9BDAfx+/z+9uaE+or77/WA9pXz4vLD8GP2Lvjc83D16v04BMP9z/1E/rf+q/zl/gEAiP7o/eX99v3//7v+DfwA/7z/+AA1D0DhzwTECA6eJgjf3db+cg4W73EPBQlFBlMF3Q7JG4ASuQ/0D3IOSQ87D/YPtAjICR8JtgZHB9oH1gPlBh4GmAa8BcMEZgVxCA0BcwHqRDYbFA=="], "replaygain_album_gain": ["-8.20 dB"], "replaygain_track_gain": ["-9.52 dB"], "date": ["2007"], "file_name": "24-Scratch Perverts-Watch the Ride (outro edit).mp3", "length": ["93213"]}, "audio_properties": {"sample_rate": 44100, "downmix": "mix", "lossless": false, "analysis_sample_rate": 44100, "md5_encoded": "b40a50b2447e1d25a76be7ee3af36ed7", "equal_loudness": 0, "replay_gain": -10.1702232361, "codec": "mp3", "bit_rate": 128000, "length": 93.1526565552}, "version": {"extractor": "music 1.0", "essentia_build_sha": "ca57ba49d9b1854bd80e60cf9ccf267278fb7d6b", "essentia_git_sha": "v2.1_beta1-28-g21ef5f4-dirty", "essentia": "2.1-beta1"}}, "rhythm": {"beats_loudness_band_ratio": {"dvar2": [0.0831820815802, 0.0322482585907, 0.024473760277, 0.00819234643131, 0.00598625931889, 0.0189329329878], "var": [0.0765100345016, 0.0144755672663, 0.0195436384529, 0.00579692330211, 0.0035364376381, 0.0330878049135], "min": [0, 0, 0, 0, 0, 0], "dmean": [0.19679890573, 0.0959767177701, 0.095152169466, 0.0523708276451, 0.0449473410845, 0.0963558405638], "mean": [0.341183036566, 0.135402619839, 0.155800879002, 0.0796970576048, 0.0542822033167, 0.220764040947], "max": [0.915132701397, 0.630250811577, 0.632776319981, 0.411571919918, 0.266074717045, 0.845140695572], "dmean2": [0.328527599573, 0.164291754365, 0.16507256031, 0.0848629176617, 0.0795146226883, 0.156001701951], "median": [0.365038752556, 0.0957962870598, 0.106678634882, 0.0685891509056, 0.0227604284883, 0.150747090578], "dvar": [0.0328736938536, 0.0107946880162, 0.00974565092474, 0.00345444120467, 0.00252621085383, 0.00699186138809]}, "bpm_histogram_first_peak_weight": {"dvar2": 0, "var": 0, "min": 0.654135346413, "dmean": 0, "mean": 0.654135346413, "max": 0.654135346413, "dmean2": 0, "median": 0.654135346413, "dvar": 0}, "bpm": 85.7061462402, "beats_count": 134, "bpm_histogram_first_peak_spread": {"dvar2": 0, "var": 0, "min": 0.209090948105, "dmean": 0, "mean": 0.209090948105, "max": 0.209090948105, "dmean2": 0, "median": 0.209090948105, "dvar": 0}, "danceability": 1.11719870567, "bpm_histogram_first_peak_bpm": {"dvar2": 0, "var": 0, "min": 86, "dmean": 0, "mean": 86, "max": 86, "dmean2": 0, "median": 86, "dvar": 0}, "beats_position": [0.708208620548, 1.42802715302, 2.14784574509, 2.86766433716, 3.5758728981, 4.28408145905, 4.99229001999, 5.6888885498, 6.38548755646, 7.08208608627, 7.77868461609, 8.47528362274, 9.17188167572, 9.86848068237, 10.5650787354, 11.2732877731, 11.9814968109, 12.6780948639, 13.3746938705, 14.0712919235, 14.7678909302, 15.4644899368, 16.1610889435, 16.8576869965, 17.5542850494, 18.2741031647, 18.9823131561, 19.6789112091, 20.3755092621, 21.0604991913, 21.7454872131, 22.4420852661, 23.1386852264, 23.8236732483, 24.5202713013, 25.2168693542, 25.9134693146, 26.6100673676, 27.3182754517, 28.0264854431, 28.7230834961, 29.4196815491, 30.1162815094, 30.8128795624, 31.4978675842, 32.1828575134, 32.8910636902, 33.5992736816, 34.2958717346, 34.9808616638, 35.6774597168, 36.3856697083, 37.0822677612, 37.7788658142, 38.4754638672, 39.1720619202, 39.8686599731, 40.5652618408, 41.2618598938, 41.9584579468, 42.6666641235, 43.374874115, 44.0946922302, 44.8029022217, 45.5111083984, 46.1960983276, 46.8810882568, 47.5660743713, 48.262676239, 48.959274292, 49.6674804688, 50.3640823364, 51.0606803894, 51.7456665039, 52.4306564331, 53.1272544861, 53.8354644775, 54.5436706543, 55.240272522, 55.936870575, 56.6334686279, 57.3300666809, 58.0266647339, 58.7232627869, 59.4198646545, 60.1164627075, 60.8130607605, 61.5096588135, 62.2062568665, 62.9028549194, 63.5994529724, 64.2960510254, 64.9926528931, 65.6892471313, 66.409072876, 67.1288909912, 67.8487091064, 68.5569152832, 69.26512146, 69.9617233276, 70.6583175659, 71.3665313721, 72.0631256104, 72.7713394165, 73.4795455933, 74.18775177, 74.8379135132, 75.488067627, 76.1034011841, 76.7187271118, 77.345664978, 77.9726028442, 78.5879364014, 79.1916503906, 79.8069839478, 80.433921814, 81.0608596802, 81.6994094849, 82.3379592896, 82.9765090942, 83.6150588989, 84.2652130127, 84.9153747559, 85.5539245605, 86.1924667358, 86.842628479, 87.4927902222, 88.1429443359, 88.7931060791, 89.4780960083, 90.1746902466, 90.8945083618, 91.6143264771, 92.3341445923], "beats_loudness": {"dvar2": 0.00213548634201, "var": 0.00110383087303, "min": 0, "dmean": 0.0215406622738, "mean": 0.0355212837458, "max": 0.155152633786, "dmean2": 0.0371468290687, "median": 0.028824146837, "dvar": 0.000716793467291}, "bpm_histogram_second_peak_weight": {"dvar2": 0, "var": 0, "min": 0.0601503774524, "dmean": 0, "mean": 0.0601503774524, "max": 0.0601503774524, "dmean2": 0, "median": 0.0601503774524, "dvar": 0}, "bpm_histogram_second_peak_spread": {"dvar2": 0, "var": 0, "min": 0.555555582047, "dmean": 0, "mean": 0.555555582047, "max": 0.555555582047, "dmean2": 0, "median": 0.555555582047, "dvar": 0}, "bpm_histogram_second_peak_bpm": {"dvar2": 0, "var": 0, "min": 92, "dmean": 0, "mean": 92, "max": 92, "dmean2": 0, "median": 92, "dvar": 0}, "onset_rate": 2.54373550415}, "lowlevel": {"spectral_energyband_high": {"dvar2": 3.68452191424e-07, "var": 6.55358633139e-07, "min": 6.94791082528e-21, "dmean": 0.000242030757363, "mean": 0.00065008160891, "max": 0.00558051560074, "dmean2": 0.000368106120732, "median": 0.0003254202893, "dvar": 1.62031355444e-07}, "spectral_energyband_middle_low": {"dvar2": 0.000107791769551, "var": 9.06621280592e-05, "min": 1.58350043745e-22, "dmean": 0.00377375632524, "mean": 0.00777315488085, "max": 0.104241676629, "dmean2": 0.00619924161583, "median": 0.00507600186393, "dvar": 4.18671806983e-05}, "spectral_energy": {"dvar2": 0.00272740586661, "var": 0.00278119021095, "min": 9.85436258047e-21, "dmean": 0.0187724884599, "mean": 0.039864115417, "max": 0.387816339731, "dmean2": 0.0281927827746, "median": 0.0221773833036, "dvar": 0.00121192750521}, "spectral_spread": {"dvar2": 1496222269440.0, "var": 42312352661500.0, "min": 1528898.875, "dmean": 488725.15625, "mean": 5057413, "max": 48208652, "dmean2": 772794.1875, "median": 3898091.75, "dvar": 600105091072}, "spectral_energyband_low": {"dvar2": 0.00249921553768, "var": 0.00220513273962, "min": 1.22986964998e-23, "dmean": 0.0158894937485, "mean": 0.0239465385675, "max": 0.3790807724, "dmean2": 0.0236965231597, "median": 0.00729357777163, "dvar": 0.00114112102892}, "spectral_rolloff": {"dvar2": 74271272, "var": 97231224, "min": 43.06640625, "dmean": 2369.84008789, "mean": 10517.4160156, "max": 22050, "dmean2": 4395.18505859, "median": 3703.7109375, "dvar": 30636024}, "barkbands": {"dvar2": [0.000336532306392, 0.00164464616682, 0.000143462617416, 2.97833539662e-05, 1.69399936567e-05, 1.30940170493e-05, 7.25860218154e-06, 3.8019124986e-06, 8.02570502856e-06, 2.97354358736e-06, 3.34660603585e-06, 2.84840143649e-06, 9.41133350807e-07, 8.24780784114e-07, 5.82890265832e-07, 5.10437814683e-07, 3.0491875691e-07, 2.74998058103e-07, 1.98707724053e-07, 8.94923459782e-08, 4.55108661868e-08, 6.8995769098e-09, 1.07299378271e-08, 1.28380209241e-10, 6.60957191756e-11, 1.10124853681e-09, 4.52503350346e-08], "var": [0.000221080321353, 0.0012816117378, 4.59291622974e-05, 1.68130718521e-05, 8.90987939783e-06, 7.8436014519e-06, 4.9328273235e-06, 1.72278464561e-06, 3.89232536691e-06, 1.9166934635e-06, 1.79757262231e-06, 1.52824725319e-06, 8.16462431885e-07, 4.71058939411e-07, 4.06552857157e-07, 4.1191609057e-07, 2.70952398296e-07, 3.18557511036e-07, 4.35994792269e-07, 9.58330375056e-08, 4.6541682508e-08, 1.17001608402e-08, 5.17634868302e-09, 5.98346372449e-11, 2.33772150943e-11, 5.78727343825e-10, 1.46880495322e-07], "min": [5.0189776259e-25, 1.03298515361e-24, 3.32946337835e-25, 7.40691924361e-25, 5.77516943445e-24, 4.90662568919e-24, 6.19373981962e-24, 4.88933385815e-24, 1.08715461481e-23, 1.47295792679e-23, 1.27854276226e-23, 2.85616430848e-23, 2.34890071402e-23, 2.35277717651e-23, 4.3805162077e-23, 4.57499282449e-23, 6.51926516543e-23, 8.34331983758e-23, 1.10262850012e-22, 1.1140951298e-22, 2.62453821219e-22, 3.24916761705e-22, 3.26427335676e-22, 5.66143535033e-22, 8.84427125107e-22, 1.39072224451e-21, 1.80076633702e-21], "dmean": [0.0050255949609, 0.0114680044353, 0.00297022401355, 0.00127604149748, 0.00138196197804, 0.0010523290839, 0.000592399388552, 0.000469161808724, 0.000912525109015, 0.000384762068279, 0.000353391777026, 0.000425522652222, 0.000244773196755, 0.000264451547991, 0.00023163894366, 0.000235892614, 0.000185287266504, 0.000176602276042, 0.000163897799212, 0.000100256867881, 7.27540391381e-05, 3.17640406138e-05, 3.18019556289e-05, 3.99210694013e-06, 2.19716366701e-06, 1.13017467811e-05, 0.000104512924736], "mean": [0.00643457472324, 0.0153360813856, 0.00314054521732, 0.0015703686513, 0.00192354875617, 0.00147253158502, 0.000821901194286, 0.0005913679488, 0.00123858335428, 0.000500907888636, 0.000452298118034, 0.000512949249242, 0.000361971673556, 0.000396161311073, 0.000363019877113, 0.000372634618543, 0.000316803547321, 0.000312341522658, 0.000343742110999, 0.000188630845514, 0.000143929762999, 7.01175522408e-05, 3.83093756682e-05, 4.33900095231e-06, 2.08073129215e-06, 1.42666422107e-05, 0.000362172868336], "max": [0.138335108757, 0.286305397749, 0.0794823914766, 0.0875552371144, 0.028889618814, 0.045238379389, 0.0459190420806, 0.0329799391329, 0.038908675313, 0.0432650595903, 0.0358549505472, 0.0192821584642, 0.0223571266979, 0.0069834026508, 0.00876288861036, 0.00448399782181, 0.00505410274491, 0.00410232925788, 0.00401978986338, 0.00345420581289, 0.00186173745897, 0.00108964380343, 0.000590741343331, 8.27035473776e-05, 7.06611972419e-05, 0.00022138672648, 0.00451023038477], "dmean2": [0.00788978114724, 0.0172338057309, 0.0051822126843, 0.00215989304706, 0.00232793204486, 0.00175124185625, 0.000939624384046, 0.000797630753368, 0.00153830694035, 0.000628485751804, 0.000590848037973, 0.000724937068298, 0.000398828153266, 0.000440983101726, 0.000387130508898, 0.000387317879358, 0.000305216730339, 0.000281472312054, 0.000233923681662, 0.000159979652381, 0.000117080562632, 4.87836987304e-05, 5.01025133417e-05, 6.582739843e-06, 3.76554726245e-06, 1.79928065336e-05, 0.00015723942488], "median": [0.000879637547769, 0.00325294351205, 0.000572712160647, 0.00033352576429, 0.000895683013368, 0.0006657736958, 0.000274971855106, 0.000231924423133, 0.000574072299059, 0.000143045952427, 0.000106097642856, 9.66076258919e-05, 9.20479869819e-05, 0.000103807811684, 9.27141736611e-05, 9.85759179457e-05, 7.84525327617e-05, 5.65917216591e-05, 4.68478974653e-05, 3.81369136448e-05, 3.27887610183e-05, 1.49020270328e-05, 6.85730947225e-06, 1.2672765024e-06, 4.9338422059e-07, 4.44302759206e-06, 0.00027493169182], "dvar": [0.000146334583405, 0.00075269251829, 4.99285306432e-05, 1.13494752441e-05, 6.37527273284e-06, 5.45730745216e-06, 3.16544537782e-06, 1.42248302382e-06, 3.02498006022e-06, 1.2301999277e-06, 1.29972170271e-06, 1.0879035699e-06, 3.98681464731e-07, 3.02649112882e-07, 2.27218748705e-07, 1.97475841901e-07, 1.17533495825e-07, 1.14437987975e-07, 9.68544782154e-08, 3.56926470602e-08, 1.78136367879e-08, 3.07511305309e-09, 4.47783632396e-09, 5.11312103768e-11, 2.51540021451e-11, 4.60710192218e-10, 2.07725658896e-08]}, "melbands_skewness": {"dvar2": 2.85880804062, "var": 5.62595176697, "min": -1.00072813034, "dmean": 1.02891969681, "mean": 2.96891617775, "max": 22.0434093475, "dmean2": 1.53273463249, "median": 2.40115690231, "dvar": 1.38784527779}, "barkbands_skewness": {"dvar2": 2.09563016891, "var": 5.07190704346, "min": -2.16038393974, "dmean": 0.885494053364, "mean": 2.75358486176, "max": 21.0873432159, "dmean2": 1.28682482243, "median": 2.37730693817, "dvar": 1.0850777626}, "erbbands": {"dvar2": [5.49355697632, 40.7404022217, 190.108276367, 194.492843628, 233.273406982, 216.079605103, 784.522949219, 739.522521973, 1037.86572266, 1220.48571777, 2010.8614502, 5455.93066406, 2846.21679688, 4284.75537109, 2543.37573242, 4751.11376953, 1988.02856445, 1730.69775391, 1939.83203125, 1131.1204834, 1426.47180176, 760.562744141, 930.632141113, 534.766784668, 664.934692383, 205.932846069, 116.779907227, 45.9131507874, 11.381521225, 4.14947128296, 12.984044075, 0.511644184589, 0.0189553685486, 0.00848865043372, 0.00328187434934, 0.00101487047505, 0.00526934955269, 0.00179424579255, 0.0005102014984, 2.69129577646e-05], "var": [4.40335035324, 21.6385688782, 59.1055107117, 96.6755065918, 97.9159545898, 140.642059326, 511.125549316, 388.772399902, 728.562683105, 742.169311523, 1173.35900879, 2500.91162109, 1609.30493164, 2327.78857422, 1948.31359863, 2598.16455078, 1714.74768066, 1124.95568848, 1212.7755127, 988.829040527, 1156.35754395, 834.717163086, 977.713684082, 878.04107666, 996.29309082, 210.668228149, 119.462478638, 50.1561164856, 18.7581272125, 4.98440408707, 5.26131153107, 0.241803854704, 0.00715695647523, 0.00301069603302, 0.00116530468222, 0.000378116761567, 0.00254629785195, 0.00335451262072, 0.00150439026766, 7.94963925728e-05], "min": [4.66080669148e-23, 5.51044459628e-22, 1.03748037808e-21, 2.99720352542e-21, 5.32939342022e-21, 2.08536029054e-20, 3.09018617914e-20, 5.64719758482e-20, 1.47077236556e-19, 1.79809871994e-19, 2.15306854566e-19, 3.35990709405e-19, 5.838727249e-19, 7.99542078445e-19, 9.14679364159e-19, 1.05902300143e-18, 1.65019388918e-18, 2.29492699633e-18, 2.37749409713e-18, 3.2920193989e-18, 3.79990147077e-18, 5.17366193899e-18, 4.00145684831e-18, 5.30769290877e-18, 8.32608737169e-18, 6.37233308695e-18, 9.34066988792e-18, 1.02388457581e-17, 1.04745012428e-17, 1.06647321042e-17, 1.02284638142e-17, 1.07987899573e-17, 9.34244667187e-18, 8.50923508547e-18, 6.25805105429e-18, 4.08863424025e-18, 2.2419932274e-18, 9.40990531878e-19, 2.42314572985e-19, 2.68307534662e-20], "dmean": [0.623212397099, 1.66719007492, 3.50343322754, 3.58807754517, 4.03143358231, 5.01358509064, 7.81014919281, 8.5846862793, 7.92982530594, 8.0104598999, 12.3934612274, 22.9598712921, 12.9388170242, 13.1345243454, 12.7203216553, 17.8773670197, 11.5396175385, 12.5985517502, 12.6212358475, 11.2044029236, 12.1517095566, 9.73273563385, 10.1700658798, 7.82766675949, 8.50150775909, 4.59532117844, 3.65299510956, 2.31009674072, 1.27687728405, 0.748384773731, 1.03542137146, 0.232999652624, 0.0393290929496, 0.0248558353633, 0.0155516071245, 0.00910257268697, 0.0240078624338, 0.0163716133684, 0.00911337696016, 0.00270469160751], "mean": [0.778634786606, 2.15267062187, 3.71994137764, 4.60585069656, 4.91937446594, 6.92215251923, 10.8871736526, 12.0376501083, 11.3676176071, 11.4806146622, 16.7847919464, 30.1446495056, 17.7852916718, 18.0705318451, 17.8033561707, 21.2460689545, 17.2705173492, 19.9946556091, 19.4927406311, 19.5196304321, 19.9237327576, 17.8478240967, 18.0374259949, 15.3209342957, 16.7273101807, 8.94927787781, 7.10787391663, 4.61606407166, 2.81651353836, 1.41066932678, 1.11895954609, 0.259347766638, 0.040260720998, 0.0236799586564, 0.0149291576818, 0.00955388881266, 0.0292668417096, 0.0363911166787, 0.0284019373357, 0.0104638328776], "max": [18.1099891663, 48.4885520935, 81.4922866821, 150.03565979, 177.895492554, 143.128967285, 399.303039551, 288.043487549, 533.026428223, 495.558258057, 775.77355957, 1094.34338379, 754.567138672, 1055.44458008, 949.592041016, 803.626953125, 1044.38342285, 386.225341797, 392.681793213, 330.329223633, 246.66784668, 245.182312012, 238.17956543, 200.10559082, 220.675704956, 169.358383179, 121.716316223, 62.7775917053, 43.4176330566, 29.9094581604, 20.3857040405, 4.31640768051, 1.19958806038, 0.801324129105, 0.497330367565, 0.276580184698, 0.411095112562, 0.723489820957, 0.520968914032, 0.0866199284792], "dmean2": [0.871122002602, 2.6898317337, 6.08240604401, 6.08872842789, 6.95345973969, 8.34422683716, 12.8146381378, 14.3159799576, 12.8032131195, 12.870973587, 20.7338199615, 38.5988998413, 21.1711406708, 21.3287525177, 20.9482784271, 30.7512798309, 18.8850135803, 20.4119129181, 21.3005542755, 18.2286682129, 19.9865570068, 15.9179124832, 16.3630561829, 11.880856514, 13.1044216156, 7.37093925476, 5.87057924271, 3.7026181221, 1.96647262573, 1.1158592701, 1.65033006668, 0.37073764205, 0.0667323097587, 0.0425883494318, 0.0266205016524, 0.0154138309881, 0.0383164770901, 0.0244467835873, 0.0139841539785, 0.004055169411], "median": [0.117276363075, 0.569149792194, 0.838205993176, 1.07295179367, 1.738240242, 2.72608089447, 4.4782371521, 5.77907896042, 4.60317516327, 4.2958612442, 7.23997926712, 13.7113542557, 6.64097547531, 4.83991956711, 4.52514362335, 3.89390349388, 4.58860301971, 6.14131164551, 4.04723548889, 5.74246549606, 5.4480381012, 4.40463876724, 3.36788320541, 2.66414642334, 2.26111865044, 1.79909896851, 1.56627511978, 0.979844152927, 0.579015731812, 0.340359091759, 0.177394688129, 0.0590593293309, 0.0116354068741, 0.0057222917676, 0.00368360616267, 0.00335242017172, 0.0085422899574, 0.0150680309162, 0.0148154553026, 0.00896106753498], "dvar": [2.81634998322, 15.7535858154, 66.6525802612, 69.7304000854, 87.6001968384, 84.861907959, 330.685119629, 289.925811768, 456.507354736, 492.208190918, 793.644042969, 2034.66796875, 1117.78979492, 1687.28759766, 1043.14050293, 1838.62475586, 840.040405273, 647.67767334, 726.805969238, 444.790252686, 558.728210449, 305.092285156, 373.555358887, 234.606842041, 283.121948242, 79.8552093506, 44.9688072205, 18.2465057373, 4.9744887352, 1.9764149189, 5.26559352875, 0.213377028704, 0.00726225087419, 0.00323158875108, 0.0012488742359, 0.000387141451938, 0.00217556534335, 0.000842112174723, 0.000220996807911, 1.25559708977e-05]}, "silence_rate_30dB": {"dvar2": 0.103862732649, "var": 0.08288962394, "min": 0, "dmean": 0.0543369874358, "mean": 0.908796429634, "max": 1, "dmean2": 0.108701072633, "median": 1, "dvar": 0.0513811595738}, "melbands_spread": {"dvar2": 157.488723755, "var": 634.598510742, "min": 0.251797407866, "dmean": 6.4808883667, "mean": 20.4077472687, "max": 152.709838867, "dmean2": 9.90089321136, "median": 12.1572532654, "dvar": 69.2700958252}, "melbands_crest": {"dvar2": 33.8015594482, "var": 66.6224746704, "min": 1.57991790771, "dmean": 4.4453997612, "mean": 16.8416080475, "max": 37.5074386597, "dmean2": 6.85668182373, "median": 15.2802906036, "dvar": 16.4625663757}, "zerocrossingrate": {"dvar2": 0.00157703773584, "var": 0.0272247921675, "min": 0.0185546875, "dmean": 0.0371687673032, "mean": 0.275248259306, "max": 0.79248046875, "dmean2": 0.0452757589519, "median": 0.22607421875, "dvar": 0.00105305342004}, "barkbands_kurtosis": {"dvar2": 1142.78515625, "var": 1166.23669434, "min": -1.59804046154, "dmean": 9.8564453125, "mean": 17.0845947266, "max": 732.59185791, "dmean2": 14.6529874802, "median": 7.13754940033, "dvar": 592.584289551}, "spectral_flux": {"dvar2": 0.00459972443059, "var": 0.00575350457802, "min": 6.30668434143e-11, "dmean": 0.0287939701229, "mean": 0.099108800292, "max": 0.415523022413, "dmean2": 0.0476554371417, "median": 0.0805622339249, "dvar": 0.00172578147613}, "barkbands_crest": {"dvar2": 16.0068969727, "var": 23.6674613953, "min": 2.49490499496, "dmean": 3.04844403267, "mean": 10.9503688812, "max": 25.2610855103, "dmean2": 4.78590345383, "median": 9.88688087463, "dvar": 6.99130439758}, "barkbands_flatness_db": {"dvar2": 0.00167106569279, "var": 0.00444000214338, "min": 0.0301148593426, "dmean": 0.0308097694069, "mean": 0.152782544494, "max": 0.457713246346, "dmean2": 0.0454581826925, "median": 0.142533332109, "dvar": 0.000841165252496}, "spectral_entropy": {"dvar2": 0.0703999698162, "var": 0.373657554388, "min": 5.89318847656, "dmean": 0.164900094271, "mean": 7.53880643845, "max": 9.83278274536, "dmean2": 0.255153268576, "median": 7.63107061386, "dvar": 0.0300215091556}, "pitch_salience": {"dvar2": 0.0139736104757, "var": 0.0264740716666, "min": 0.0654959604144, "dmean": 0.0857529491186, "mean": 0.538297712803, "max": 0.828942835331, "dmean2": 0.132247552276, "median": 0.568050265312, "dvar": 0.00670948438346}, "erbbands_spread": {"dvar2": 124.349113464, "var": 278.165344238, "min": 2.19624781609, "dmean": 6.99142980576, "mean": 32.3766555786, "max": 99.763092041, "dmean2": 10.8291196823, "median": 32.0761680603, "dvar": 53.9823074341}, "dynamic_complexity": 4.40306997299, "spectral_contrast_valleys": {"dvar2": [0.41016793251, 0.307472974062, 0.357727706432, 0.234146147966, 0.269355922937, 0.85759806633], "var": [15.4595737457, 14.0440301895, 13.5959920883, 13.4758491516, 13.6927080154, 8.96001815796], "min": [-28.1735477448, -28.1043243408, -27.7594547272, -27.7124576569, -27.4624385834, -27.4295463562], "dmean": [0.451316207647, 0.399593830109, 0.386901527643, 0.302122950554, 0.303945094347, 0.658469259739], "mean": [-8.22776126862, -7.3968629837, -7.96142292023, -8.38154792786, -8.48724842072, -12.0621109009], "max": [-4.94863271713, -4.67146444321, -5.22774076462, -5.54882192612, -5.62362670898, -8.92629528046], "dmean2": [0.746958553791, 0.655618667603, 0.624839484692, 0.48170119524, 0.45222568512, 1.07189679146], "median": [-6.93340206146, -6.6047077179, -7.21711730957, -7.59261703491, -7.63861703873, -11.4884271622], "dvar": [0.169460222125, 0.134530693293, 0.155036300421, 0.112916462123, 0.136536940932, 0.333243370056]}, "hfc": {"dvar2": 1726.78051758, "var": 3580.56567383, "min": 1.02610160183e-16, "dmean": 21.1048927307, "mean": 76.1734466553, "max": 620.999755859, "dmean2": 33.1221809387, "median": 65.7720336914, "dvar": 681.208618164}, "spectral_kurtosis": {"dvar2": 93.4714508057, "var": 168.817321777, "min": -1.28440225124, "dmean": 4.34196996689, "mean": 17.7469158173, "max": 86.6061325073, "dmean2": 6.74283266068, "median": 13.6787891388, "dvar": 36.5963439941}, "mfcc": {"mean": [-721.077941895, 148.596633911, -20.0693321228, 33.6891059875, -11.0359315872, 9.97064685822, -6.81355428696, 5.3234577179, 0.696000695229, 5.80650949478, 0.755514323711, 1.06486368179, 0.567268311977], "cov": [[19209.6601562, 2151.96166992, -1417.62133789, 2936.08740234, 396.75491333, 1946.35522461, 90.9053955078, 1054.31335449, 42.5852546692, 370.984893799, 46.4233627319, -4.2654466629, 76.5401153564], [2151.96166992, 1812.42504883, 65.1525802612, -110.265327454, 98.6541671753, -3.97512960434, 43.86353302, -38.1796951294, 3.19923710823, -22.1597442627, 15.1903839111, 36.7047462463, 8.2756652832], [-1417.62133789, 65.1525802612, 767.84185791, -122.375946045, 301.723052979, -70.9999465942, 113.490585327, -18.1804428101, 65.9377593994, 45.9722518921, 33.3106422424, 34.0477256775, -10.2087583542], [2936.08740234, -110.265327454, -122.375946045, 1198.47436523, 303.974609375, 638.642211914, 48.6639785767, 310.971069336, 43.9627494812, 144.504623413, 28.9401454926, -26.4453639984, 23.3418521881], [396.75491333, 98.6541671753, 301.723052979, 303.974609375, 497.622436523, 248.545837402, 150.008728027, 87.5422134399, 57.0950469971, 33.1845321655, 36.7813835144, 10.5298213959, 1.89618444443], [1946.35522461, -3.97512960434, -70.9999465942, 638.642211914, 248.545837402, 502.183837891, 82.1362686157, 214.638153076, 8.65544891357, 77.3298797607, 7.32481956482, -3.23476672173, 14.7587108612], [90.9053955078, 43.86353302, 113.490585327, 48.6639785767, 150.008728027, 82.1362686157, 148.840316772, 55.7530593872, 34.6347465515, 0.669796764851, 16.2371520996, 6.51674842834, 11.1780290604], [1054.31335449, -38.1796951294, -18.1804428101, 310.971069336, 87.5422134399, 214.638153076, 55.7530593872, 195.342056274, 31.2136077881, 66.3281707764, 6.94072771072, 8.66813278198, 11.3332824707], [42.5852546692, 3.19923710823, 65.9377593994, 43.9627494812, 57.0950469971, 8.65544891357, 34.6347465515, 31.2136077881, 116.329345703, 52.2319908142, 46.1586074829, 5.424659729, 8.57737922668], [370.984893799, -22.1597442627, 45.9722518921, 144.504623413, 33.1845321655, 77.3298797607, 0.669796764851, 66.3281707764, 52.2319908142, 113.550079346, 40.0755004883, 10.8996477127, 2.43465828896], [46.4233627319, 15.1903839111, 33.3106422424, 28.9401454926, 36.7813835144, 7.32481956482, 16.2371520996, 6.94072771072, 46.1586074829, 40.0755004883, 73.9158401489, 23.100736618, 16.6415233612], [-4.2654466629, 36.7047462463, 34.0477256775, -26.4453639984, 10.5298213959, -3.23476672173, 6.51674842834, 8.66813278198, 5.424659729, 10.8996477127, 23.100736618, 49.7769470215, 21.3516273499], [76.5401153564, 8.2756652832, -10.2087583542, 23.3418521881, 1.89618444443, 14.7587108612, 11.1780290604, 11.3332824707, 8.57737922668, 2.43465828896, 16.6415233612, 21.3516273499, 50.7562713623]], "icov": [[0.000176561137778, -0.000244523631409, 0.000256740138866, -0.000200779919396, 6.62238962832e-05, -0.000262530753389, 6.48155910312e-05, -0.00039827360888, -1.58933635248e-05, -5.31463119842e-05, -4.65221091872e-05, -7.22707336536e-05, 0.000116999377497], [-0.000244523631409, 0.000917301978916, -0.000303964072373, 0.000374973809812, -0.000238453532802, 0.00024622559431, -0.00017240694433, 0.000746871053707, -1.93309224414e-05, 9.72159323283e-05, 0.000110415036033, -0.000362700637197, -9.09119698917e-05], [0.000256740138866, -0.000303964072373, 0.00298192817718, -0.00020866021805, -0.00206709699705, 0.00131395843346, -0.000928959867451, -0.000341293751262, 0.000137650582474, -0.00230348180048, 0.00128390209284, -0.00159508048091, 0.000671346671879], [-0.000200779919396, 0.000374973809812, -0.00020866021805, 0.00365169509314, -0.000783349620178, -0.0031512142159, 0.00215233466588, -0.00128058483824, -0.000248066149652, -0.000470323691843, -0.00111659360118, 0.00300715048797, -0.00155662000179], [6.62238962832e-05, -0.000238453532802, -0.00206709699705, -0.000783349620178, 0.00590215204284, -0.00306267943233, -0.00261441711336, 0.00156802230049, -0.00134237599559, 0.0021991264075, -0.0015148948878, -0.000525495328475, 0.0016183226835], [-0.000262530753389, 0.00024622559431, 0.00131395843346, -0.0031512142159, -0.00306267943233, 0.010480908677, -0.00244618649594, -0.00255871727131, 0.0030580277089, -0.00225721788593, 0.00177295028698, -0.00125062535517, -0.000217620283365], [6.48155910312e-05, -0.00017240694433, -0.000928959867451, 0.00215233466588, -0.00261441711336, -0.00244618649594, 0.0134288128465, -0.00486733857542, -0.00241959630512, 0.00438892003149, -0.00261651095934, 0.00298822671175, -0.00250874366611], [-0.00039827360888, 0.000746871053707, -0.000341293751262, -0.00128058483824, 0.00156802230049, -0.00255871727131, -0.00486733857542, 0.0147843528539, -0.00209025735967, -0.00447753397748, 0.00504245935008, -0.00475839199498, 0.00037172951852], [-1.58933635248e-05, -1.93309224414e-05, 0.000137650582474, -0.000248066149652, -0.00134237599559, 0.0030580277089, -0.00241959630512, -0.00209025735967, 0.0151399020106, -0.00520821427926, -0.00641041435301, 0.00410384684801, -0.00160383235198], [-5.31463119842e-05, 9.72159323283e-05, -0.00230348180048, -0.000470323691843, 0.0021991264075, -0.00225721788593, 0.00438892003149, -0.00447753397748, -0.00520821427926, 0.0191711336374, -0.00788172893226, -0.000492370745633, 0.00317654828541], [-4.65221091872e-05, 0.000110415036033, 0.00128390209284, -0.00111659360118, -0.0015148948878, 0.00177295028698, -0.00261651095934, 0.00504245935008, -0.00641041435301, -0.00788172893226, 0.0261883307248, -0.0100668482482, -0.0030749484431], [-7.22707336536e-05, -0.000362700637197, -0.00159508048091, 0.00300715048797, -0.000525495328475, -0.00125062535517, 0.00298822671175, -0.00475839199498, 0.00410384684801, -0.000492370745633, -0.0100668482482, 0.0329833664, -0.0119923241436], [0.000116999377497, -9.09119698917e-05, 0.000671346671879, -0.00155662000179, 0.0016183226835, -0.000217620283365, -0.00250874366611, 0.00037172951852, -0.00160383235198, 0.00317654828541, -0.0030749484431, -0.0119923241436, 0.0270352531224]]}, "silence_rate_20dB": {"dvar2": 0, "var": 0, "min": 1, "dmean": 0, "mean": 1, "max": 1, "dmean2": 0, "median": 1, "dvar": 0}, "melbands_kurtosis": {"dvar2": 1722.59375, "var": 1535.18359375, "min": -1.66410946846, "dmean": 13.1476955414, "mean": 21.1366996765, "max": 760.394897461, "dmean2": 19.7512989044, "median": 7.95591449738, "dvar": 784.639343262}, "barkbands_spread": {"dvar2": 110.501998901, "var": 282.828094482, "min": 0.350274175406, "dmean": 6.82176494598, "mean": 23.3719863892, "max": 95.0093841553, "dmean2": 10.194229126, "median": 19.6082706451, "dvar": 52.8383789062}, "erbbands_skewness": {"dvar2": 0.285238325596, "var": 0.992994725704, "min": -1.92242980003, "dmean": 0.387645870447, "mean": 0.385508060455, "max": 6.12592935562, "dmean2": 0.611772954464, "median": 0.271144747734, "dvar": 0.115059867501}, "average_loudness": 0.756902039051, "spectral_centroid": {"dvar2": 174933.078125, "var": 3415262.25, "min": 130.946594238, "dmean": 248.546234131, "mean": 1516.15539551, "max": 11611.4052734, "dmean2": 371.29510498, "median": 1034.5501709, "dvar": 86713.9609375}, "dissonance": {"dvar2": 0.00128087075427, "var": 0.000849719624966, "min": 0.25726249814, "dmean": 0.0192164536566, "mean": 0.470962882042, "max": 0.500000119209, "dmean2": 0.0323310829699, "median": 0.480487644672, "dvar": 0.000461472227471}, "erbbands_flatness_db": {"dvar2": 0.000758232548833, "var": 0.00315957330167, "min": 0.0552961230278, "dmean": 0.0206395182759, "mean": 0.152683660388, "max": 0.357585042715, "dmean2": 0.0319351628423, "median": 0.136569648981, "dvar": 0.000304515066091}, "spectral_strongpeak": {"dvar2": 176.026824951, "var": 185.390625, "min": 0, "dmean": 2.67994427681, "mean": 4.26367330551, "max": 132.700820923, "dmean2": 4.64610338211, "median": 0.284102767706, "dvar": 66.5962371826}, "spectral_rms": {"dvar2": 5.56449685973e-06, "var": 1.24131065604e-05, "min": 3.10064712621e-12, "dmean": 0.00113590154797, "mean": 0.0051457406953, "max": 0.019451411441, "dmean2": 0.00167872267775, "median": 0.00465150224045, "dvar": 2.59463445218e-06}, "silence_rate_60dB": {"dvar2": 0.0293445438147, "var": 0.13097165525, "min": 0, "dmean": 0.0119641078636, "mean": 0.154996261001, "max": 1, "dmean2": 0.0239341817796, "median": 0, "dvar": 0.0118212029338}, "melbands": {"dvar2": [0.000213851759327, 5.02453694935e-05, 5.640883046e-06, 9.56908252192e-07, 7.0805890573e-07, 3.67450837757e-07, 2.67672731979e-07, 1.36885176971e-07, 1.35442789428e-07, 2.29169188515e-07, 7.33129610353e-08, 7.06859850652e-08, 4.35146105815e-08, 2.96324849103e-08, 3.21835287309e-08, 7.28653049009e-09, 7.23353155152e-09, 6.13308515085e-09, 2.97571967067e-09, 2.25644947172e-09, 2.21727214367e-09, 9.12892039739e-10, 1.42277456483e-09, 6.95143220764e-10, 4.47264086878e-10, 6.27070340098e-10, 1.84106341283e-10, 1.05993394617e-10, 6.17845496986e-11, 3.37839166364e-11, 1.38123011292e-11, 5.57383696489e-12, 1.93834206498e-12, 1.26865564495e-12, 3.81539418115e-12, 2.69837971412e-12, 2.13418268924e-14, 9.54658647598e-15, 7.2388248824e-15, 5.64522217763e-15], "var": [0.000192483566934, 1.79724065674e-05, 2.92178629024e-06, 3.97035222477e-07, 5.11677512804e-07, 2.05488774441e-07, 1.886644867e-07, 7.6096085877e-08, 8.28348447612e-08, 1.0254203886e-07, 4.13879845951e-08, 3.93973706991e-08, 2.77586593711e-08, 1.76372179084e-08, 1.71566760798e-08, 5.88780935118e-09, 4.17975254408e-09, 3.3706910596e-09, 2.32774177711e-09, 1.85438064904e-09, 1.59960289459e-09, 8.49483816623e-10, 1.12818254738e-09, 6.44614250866e-10, 5.550790938e-10, 8.57014570421e-10, 1.90931992439e-10, 8.66068744498e-11, 5.9128750507e-11, 2.73181963162e-11, 1.46231794035e-11, 7.85644639623e-12, 2.54833936071e-12, 1.24323825974e-12, 1.67663289936e-12, 1.01082293577e-12, 1.02526384125e-14, 3.37249386674e-15, 2.55825634114e-15, 1.99090477923e-15], "min": [8.29482015636e-25, 9.76469975068e-25, 4.86111472585e-25, 1.03625665839e-24, 1.21635764597e-24, 1.29640592582e-24, 2.17040444702e-24, 1.6168462545e-24, 1.11634349382e-24, 1.5503245726e-24, 2.762962838e-24, 2.65775383958e-24, 2.30113349015e-24, 3.09923294265e-24, 2.38852350124e-24, 3.38541550742e-24, 3.2916292149e-24, 3.23715186129e-24, 2.77911239845e-24, 3.49283745789e-24, 3.02505773224e-24, 4.47627761071e-24, 3.27389069137e-24, 4.13801129353e-24, 2.805106943e-24, 4.37659990774e-24, 4.2390864636e-24, 3.28822212465e-24, 3.92987744344e-24, 4.96002368387e-24, 4.71559237137e-24, 5.62357087885e-24, 5.70187518445e-24, 4.71483900921e-24, 4.54016114453e-24, 5.40208003591e-24, 5.51727502731e-24, 5.1650584939e-24, 5.57385962562e-24, 5.39525205034e-24], "dmean": [0.00416511809453, 0.00184046279173, 0.000619126716629, 0.000299353647279, 0.000259762950009, 0.000190195816685, 0.000122078126878, 8.69200157467e-05, 0.000111160043161, 0.000145590645843, 6.36105905869e-05, 5.34730934305e-05, 4.53136890428e-05, 4.58690919913e-05, 4.09838394262e-05, 2.281639172e-05, 2.5118011763e-05, 2.19451376324e-05, 1.66252302733e-05, 1.57493559527e-05, 1.48364943016e-05, 1.00520010164e-05, 1.21392213259e-05, 8.03072271083e-06, 6.56472593619e-06, 7.66493121773e-06, 4.56152656625e-06, 3.06801211991e-06, 2.58906584349e-06, 1.90539003597e-06, 1.26845611703e-06, 8.54055883792e-07, 5.16826105468e-07, 3.93073406713e-07, 5.84093243106e-07, 4.60356687881e-07, 5.14935258877e-08, 2.62045105615e-08, 2.28664536195e-08, 2.02343919398e-08], "mean": [0.00571494130418, 0.00220976746641, 0.000833947153296, 0.000396926188841, 0.000384640414268, 0.000269923970336, 0.000174491491634, 0.000121631615912, 0.000148897597683, 0.00018821033882, 8.38042105897e-05, 7.17264192645e-05, 6.06857574894e-05, 5.61065280635e-05, 4.94030173286e-05, 3.4198481444e-05, 3.77197029593e-05, 3.12792908517e-05, 2.7592666811e-05, 2.50434131885e-05, 2.30040241149e-05, 1.76003650267e-05, 1.95787670236e-05, 1.34063375299e-05, 1.18747375382e-05, 1.41604768942e-05, 8.30097542348e-06, 5.46047340322e-06, 4.82435734739e-06, 3.36656580657e-06, 2.43375802711e-06, 1.77379195065e-06, 1.00243585166e-06, 6.67584913572e-07, 6.45880902539e-07, 4.56956513517e-07, 5.71538336658e-08, 2.4386835662e-08, 2.13937614291e-08, 1.90419804369e-08], "max": [0.116276621819, 0.0467635579407, 0.0291363876313, 0.00634425180033, 0.0107576772571, 0.00646248692647, 0.0092448880896, 0.00515815336257, 0.00533982273191, 0.00731328781694, 0.00456127570942, 0.004414816387, 0.00374294631183, 0.00228341855109, 0.00229808082804, 0.00175732723437, 0.000712788547389, 0.000625853077509, 0.00077088951366, 0.00030463814619, 0.000302662345348, 0.00026007273118, 0.000259514607023, 0.000234936829656, 0.000175549168489, 0.000217673965381, 9.83594800346e-05, 0.000145856596646, 0.000105287574115, 5.15628926223e-05, 3.37539022439e-05, 2.92761487799e-05, 2.286032759e-05, 1.74873257492e-05, 1.13721234811e-05, 1.01985360743e-05, 1.03341380964e-06, 8.48318052249e-07, 7.41206577004e-07, 6.52468202134e-07], "dmean2": [0.0058521348983, 0.00313717056997, 0.0010423748754, 0.000510100449901, 0.000423111720011, 0.00031486529042, 0.000194977401407, 0.000141811484355, 0.000187060548342, 0.000244707800448, 0.000104807986645, 8.69269570103e-05, 7.48585080146e-05, 7.80066620791e-05, 6.9746907684e-05, 3.64543957403e-05, 4.15767062805e-05, 3.74384908355e-05, 2.75248330581e-05, 2.58518284681e-05, 2.47158623097e-05, 1.66674435604e-05, 2.02711598831e-05, 1.29199688672e-05, 1.03411357486e-05, 1.17639037853e-05, 7.49418222767e-06, 4.96755683344e-06, 4.19206435254e-06, 3.12492215926e-06, 2.04542220672e-06, 1.32852426304e-06, 7.86171653999e-07, 5.99671693635e-07, 9.219633057e-07, 7.44553176446e-07, 8.4391622579e-08, 4.49104113898e-08, 3.92198522547e-08, 3.46979120991e-08], "median": [0.00112892827019, 0.00061462278245, 0.000219355890295, 0.000188642254216, 0.000163832723047, 0.000131324341055, 6.86269195285e-05, 4.52492276963e-05, 6.39940917608e-05, 8.3377934061e-05, 2.83573099296e-05, 1.88518533832e-05, 1.49984134623e-05, 1.10318233055e-05, 9.19896683627e-06, 1.0544394172e-05, 1.086402699e-05, 5.38020367458e-06, 7.59248541726e-06, 6.52137578072e-06, 6.0829679569e-06, 4.59506190964e-06, 3.3715907648e-06, 2.52819836533e-06, 1.96929750018e-06, 1.70024179624e-06, 1.41154509947e-06, 1.11020153781e-06, 1.02287026493e-06, 7.54613267873e-07, 4.8922578344e-07, 3.28654152781e-07, 2.38787976059e-07, 1.58062462674e-07, 1.01974016786e-07, 6.18906170757e-08, 1.70434564239e-08, 5.12987030632e-09, 4.70731009727e-09, 4.37467750913e-09], "dvar": [0.000107766754809, 1.78802765731e-05, 2.06555637305e-06, 3.49700798097e-07, 2.97173045283e-07, 1.4779941182e-07, 1.1866766414e-07, 5.30640775764e-08, 5.37880744389e-08, 8.55116581988e-08, 2.90589490248e-08, 2.81035585914e-08, 1.7186366108e-08, 1.15504263931e-08, 1.23155796672e-08, 3.135376625e-09, 2.65831379131e-09, 2.24886731459e-09, 1.19811827126e-09, 8.81795969576e-10, 8.43487002467e-10, 3.51570828006e-10, 5.5016752265e-10, 2.76022371626e-10, 1.82235296298e-10, 2.70091782273e-10, 7.37893010583e-11, 3.98277869018e-11, 2.36467755099e-11, 1.29304501134e-11, 5.46501906229e-12, 2.29017217517e-12, 8.69985398826e-13, 5.96730781108e-13, 1.58085437102e-12, 1.07850414797e-12, 8.56362506949e-15, 3.64100204048e-15, 2.75834500504e-15, 2.14767935458e-15]}, "spectral_skewness": {"dvar2": 0.428524911404, "var": 1.70681726933, "min": -0.068481773138, "dmean": 0.350113511086, "mean": 2.70080685616, "max": 7.78681325912, "dmean2": 0.533680200577, "median": 2.39705967903, "dvar": 0.185355037451}, "melbands_flatness_db": {"dvar2": 0.00242999149486, "var": 0.00853076577187, "min": 0.00293294456787, "dmean": 0.0374176837504, "mean": 0.249735549092, "max": 0.619002938271, "dmean2": 0.0551129840314, "median": 0.247690722346, "dvar": 0.0011934149079}, "spectral_decrease": {"dvar2": 1.84765811414e-16, "var": 1.85650074106e-16, "min": -1.01246662609e-07, "dmean": 4.8154324972e-09, "mean": -8.7315408237e-09, "max": 4.21781498616e-09, "dmean2": 7.2247208216e-09, "median": -3.90790821925e-09, "dvar": 8.2928687909e-17}, "erbbands_crest": {"dvar2": 16.7960948944, "var": 18.6819267273, "min": 2.44356226921, "dmean": 2.44529819489, "mean": 8.10060310364, "max": 28.5836486816, "dmean2": 4.04912424088, "median": 6.86526918411, "dvar": 6.55877494812}, "gfcc": {"mean": [-81.3503189087, 87.7108535767, -93.6777191162, -4.09978246689, -19.5878772736, -27.981962204, 3.42492437363, -17.5208930969, 3.71346259117, -6.9951338768, -5.96014451981, -2.09419059753, -5.87949562073], "cov": [[53320.9414062, 3310.73461914, -3533.11230469, 2876.24072266, 829.342590332, -57.7231636047, 620.370849609, -907.029174805, 349.356018066, -359.093963623, -394.913848877, 525.812561035, -629.508544922], [3310.73461914, 1041.05004883, 81.3011932373, -38.8659286499, 126.084602356, 95.8006439209, -56.23777771, 2.2