{"tonal": {"thpcp": [1, 0.655258059502, 0.47722953558, 0.565804541111, 0.588039398193, 0.551228761673, 0.491765320301, 0.397596657276, 0.389959990978, 0.402645468712, 0.292732089758, 0.236739739776, 0.280956268311, 0.38637304306, 0.698261082172, 0.958179414272, 0.779065549374, 0.478228807449, 0.381558358669, 0.373360872269, 0.379579395056, 0.388897508383, 0.347957134247, 0.363964796066, 0.443415343761, 0.405477583408, 0.364843100309, 0.340924501419, 0.277569890022, 0.372287034988, 0.408849269152, 0.282204955816, 0.289737045765, 0.35325267911, 0.452004939318, 0.83109998703], "hpcp": {"dmean2": [0.268428385258, 0.222483739257, 0.194101259112, 0.205284714699, 0.18218138814, 0.15424656868, 0.177229315042, 0.217129796743, 0.293456882238, 0.33399605751, 0.304291456938, 0.26216468215, 0.205152958632, 0.191205576062, 0.196480721235, 0.189945086837, 0.178886815906, 0.176780819893, 0.212050810456, 0.219909191132, 0.204386338592, 0.167358204722, 0.145147994161, 0.167980387807, 0.170519724488, 0.15979732573, 0.186192974448, 0.204786211252, 0.255914121866, 0.337695449591, 0.373048871756, 0.321275800467, 0.309626489878, 0.306391954422, 0.337525337934, 0.332797676325], "median": [0.0284282062203, 0.0217481292784, 0.0207294467837, 0.017451044172, 0.0117915216833, 0.00961625017226, 0.013021572493, 0.0246051754802, 0.0675026029348, 0.104508854449, 0.0629268810153, 0.02374221012, 0.0135845374316, 0.0124202063307, 0.02045125328, 0.0270638875663, 0.0234587527812, 0.0218057390302, 0.0207489486784, 0.0216508470476, 0.021797940135, 0.0188921559602, 0.0187303125858, 0.0170080605894, 0.0155678754672, 0.0161551143974, 0.0144624942914, 0.0191975850612, 0.0337352417409, 0.0944993272424, 0.114503696561, 0.0663447380066, 0.0222894027829, 0.0209592636675, 0.0247819107026, 0.0310373343527], "min": [0, 0, 0, 0, 0, 0, 0, 0, 0, 0, 0, 0, 0, 0, 0, 0, 0, 0, 0, 0, 0, 0, 0, 0, 0, 0, 0, 0, 0, 0, 0, 0, 0, 0, 0, 0], "dvar2": [0.135569036007, 0.112817779183, 0.0914481654763, 0.106730595231, 0.0946713760495, 0.074554875493, 0.0928618758917, 0.103503726423, 0.127782672644, 0.141463920474, 0.136524394155, 0.135012313724, 0.109587565064, 0.106884688139, 0.105437211692, 0.0842122510076, 0.0830485522747, 0.0772203281522, 0.110857397318, 0.108943127096, 0.0998464971781, 0.0789084210992, 0.0654839873314, 0.0812058150768, 0.087561622262, 0.0742520019412, 0.0889325961471, 0.104190096259, 0.130052015185, 0.148190453649, 0.167783111334, 0.14847381413, 0.167797014117, 0.165557801723, 0.186120808125, 0.179374530911], "dvar": [0.0534780807793, 0.0433380715549, 0.0353668443859, 0.0429406799376, 0.0355161316693, 0.0279451999813, 0.0347930751741, 0.0392249152064, 0.0513437874615, 0.0604592859745, 0.0566704384983, 0.0507274903357, 0.0415416359901, 0.0408225357533, 0.0392458699644, 0.0321435183287, 0.0318302921951, 0.0296906996518, 0.0438388511539, 0.0415951386094, 0.0376077890396, 0.0307787135243, 0.0240957327187, 0.0311827864498, 0.0366819500923, 0.027262667194, 0.032263725996, 0.0380373001099, 0.046411536634, 0.05825926736, 0.0714064911008, 0.0550023503602, 0.0628055855632, 0.0667050033808, 0.0712820589542, 0.0673814490438], "dmean": [0.152390360832, 0.125215649605, 0.110427543521, 0.115394152701, 0.100204244256, 0.0846701338887, 0.0984048470855, 0.123021103442, 0.172071754932, 0.195781826973, 0.175780639052, 0.147551774979, 0.114092931151, 0.107025042176, 0.111705340445, 0.10822314024, 0.101498126984, 0.101515501738, 0.122143819928, 0.125373780727, 0.113913498819, 0.0955359712243, 0.0811161622405, 0.0966780781746, 0.0993257462978, 0.0888307243586, 0.102181538939, 0.114780820906, 0.143724292517, 0.197235435247, 0.21565258503, 0.180482730269, 0.170707255602, 0.172434300184, 0.188671469688, 0.185978204012], "max": [1, 1, 1, 1, 1, 1, 1, 1, 1, 1, 1, 1, 1, 1, 1, 1, 1, 1, 1, 1, 1, 1, 1, 1, 1, 1, 1, 1, 1, 1, 1, 1, 1, 1, 1, 1], "var": [0.0571972168982, 0.0443938076496, 0.042979516089, 0.0516594424844, 0.031664699316, 0.0245502665639, 0.0303711295128, 0.0391256064177, 0.0735400021076, 0.110942512751, 0.0948886498809, 0.0552028864622, 0.0489379949868, 0.0516317151487, 0.0447959564626, 0.0391091518104, 0.0375577025115, 0.0362577177584, 0.0557218305767, 0.0436330549419, 0.0380181185901, 0.0368460528553, 0.026119986549, 0.0440102480352, 0.0560384504497, 0.0256897471845, 0.0278027523309, 0.0359509885311, 0.0456136576831, 0.0846174135804, 0.1158381477, 0.0621787384152, 0.0567641928792, 0.0753522217274, 0.0769459456205, 0.0652344226837], "mean": [0.138701304793, 0.112141244113, 0.109987333417, 0.113565251231, 0.0825644284487, 0.0667719095945, 0.0792430788279, 0.10897564888, 0.196942970157, 0.270252346992, 0.219733685255, 0.134883359075, 0.107617676258, 0.105305597186, 0.107059516013, 0.109687663615, 0.0981405302882, 0.10265544802, 0.125064298511, 0.114364035428, 0.102903172374, 0.0961569845676, 0.0782879665494, 0.105002723634, 0.115315012634, 0.0795952752233, 0.0817196816206, 0.0996341258287, 0.127486974001, 0.234409883618, 0.282047748566, 0.184814065695, 0.134601518512, 0.159583896399, 0.165855184197, 0.155472829938]}, "tuning_equal_tempered_deviation": 0.0420556291938, "chords_changes_rate": 0.0777451246977, "key_key": "C", "tuning_diatonic_strength": 0.615450918674, "key_scale": "minor", "chords_number_rate": 0.00374031532556, "tuning_frequency": 442.03793335, "tuning_nontempered_energy_ratio": 0.761287391186, "chords_histogram": [35.3994140625, 0.908362269402, 3.82046484947, 0.774779617786, 1.14881110191, 6.62570142746, 0.29388192296, 22.0144271851, 2.64493727684, 2.32433867455, 1.60299229622, 0.748063027859, 5.02270889282, 0.908362269402, 1.30911028385, 0.908362269402, 0.267165362835, 1.20224416256, 0.427464604378, 0.400748074055, 0.0801496133208, 1.06866145134, 3.55329942703, 6.54555177689], "key_strength": 0.708256244659, "chords_key": "C", "chords_strength": {"dmean2": 0.0149233303964, "median": 0.529999673367, "min": -1, "dvar2": 0.00124208559282, "dvar": 0.000617531943135, "dmean": 0.0132200587541, "max": 0.827674806118, "var": 0.0327508710325, "mean": 0.520184934139}, "chords_scale": "minor", "hpcp_entropy": {"dmean2": 1.0956389904, "median": 1.87820887566, "min": 0, "dvar2": 0.771171927452, "dvar": 0.289180368185, "dmean": 0.642251670361, "max": 4.35771894455, "var": 0.571692109108, "mean": 1.82193040848}}, "metadata": {"audio_properties": {"equal_loudness": 0, "codec": "flac", "downmix": "mix", "sample_rate": 44100, "analysis_sample_rate": 44100, "bit_rate": 0, "md5_encoded": "9492c02b6f32a895debe479d3fd97d48", "length": 173.759994507, "replay_gain": -9.49022293091, "lossless": true}, "version": {"essentia_build_sha": "2d9f1f26377add8aeb1075a9c2973f962c4f09fd", "essentia": "2.1-beta2", "extractor": "music 1.0", "essentia_git_sha": "v2.1_beta2-1-ge3940c0"}, "tags": {"title": ["Daddy Daddy"], "barcode": ["5023224281623"], "media": ["CD"], "albumartist": ["Ruth Brown"], "tracktotal": ["20"], "musicbrainz_releasegroupid": ["4a7df70c-a86e-32e0-8c36-124e988cd72c"], "releasetype": ["album", "compilation"], "musicbrainz_recordingid": ["03f74b2f-1e2d-4226-bab0-453e5f5c0d3f"], "musicbrainz_albumartistid": ["948137e5-783e-4386-bd7c-a56c2666d1e2"], "discnumber": ["1"], "album": ["Miss Rhythm (Greatest Hits And More) (Disc1)"], "catalognumber": ["RSDCD 816"], "releasecountry": ["GB"], "file_name": "Ruth Brown - Miss Rhythm (Greatest Hits And More) - Disc 1 of 2 - 18. Daddy Daddy.flac", "originaldate": ["1994-10-03"], "date": ["1994-10-03"], "genre": ["Blues"], "disctotal": ["2"], "musicbrainz_artistid": ["948137e5-783e-4386-bd7c-a56c2666d1e2"], "asin": ["B000002IP7"], "musicbrainz_albumid": ["52c47cc4-10cf-450d-8e51-3b9e95d355ce"], "artist": ["Ruth Brown"], "artistsort": ["Brown, Ruth"], "tracknumber": ["18"], "label": ["Sequel Records"], "albumartistsort": ["Brown, Ruth"], "acoustid_id": ["9a30970d-27de-4f39-b9dd-813c66719041"], "script": ["Latn"], "releasestatus": ["official"]}}, "rhythm": {"bpm_histogram_first_peak_bpm": {"dmean2": 0, "median": 140, "min": 140, "dvar2": 0, "dvar": 0, "dmean": 0, "max": 140, "var": 0, "mean": 140}, "bpm": 139.410247803, "bpm_histogram_second_peak_spread": {"dmean2": 0, "median": 0.350000023842, "min": 0.350000023842, "dvar2": 0, "dvar": 0, "dmean": 0, "max": 0.350000023842, "var": 0, "mean": 0.350000023842}, "bpm_histogram_first_peak_weight": {"dmean2": 0, "median": 0.503759384155, "min": 0.503759384155, "dvar2": 0, "dvar": 0, "dmean": 0, "max": 0.503759384155, "var": 0, "mean": 0.503759384155}, "onset_rate": 3.80945491791, "beats_position": [0.383129239082, 0.789478421211, 1.20743763447, 1.6137868166, 2.02013611794, 2.42648530006, 2.8444442749, 3.27401351929, 3.69197273254, 4.1099319458, 4.53950119019, 4.95746040344, 5.38702917099, 5.8282084465, 6.24616765976, 6.66412687302, 7.08208608627, 7.51165533066, 7.95283412933, 8.38240337372, 8.80036258698, 9.22993183136, 9.65950107574, 10.077460289, 10.4954195023, 10.9249887466, 11.354557991, 11.7841272354, 12.2136955261, 12.6432647705, 13.0728340149, 13.5024032593, 13.9319725037, 14.3499317169, 14.7678909302, 15.1974601746, 15.6270294189, 16.0565986633, 16.4861679077, 16.904127121, 17.3220863342, 17.7516555786, 18.181224823, 18.5991840363, 19.0287532806, 19.458322525, 19.8878898621, 20.3174591064, 20.7470283508, 21.1765975952, 21.5945568085, 22.035736084, 22.4653053284, 22.8948745728, 23.312833786, 23.7307929993, 24.1487522125, 24.5667114258, 24.9962806702, 25.4258499146, 25.8554191589, 26.2849884033, 26.7145576477, 27.1557369232, 27.5853061676, 28.014875412, 28.4328346252, 28.8507938385, 29.2803630829, 29.7215423584, 30.1627197266, 30.6038990021, 31.0334682465, 31.5443077087, 32.0667572021, 32.6008148193, 33.053604126, 33.5063934326, 33.9707946777, 34.4351921082, 34.8995895386, 35.3407707214, 35.7819480896, 36.2231292725, 36.6643066406, 37.093875885, 37.5234451294, 37.94140625, 38.3593635559, 38.7773246765, 39.1952819824, 39.6364631653, 40.0660324097, 40.4956016541, 40.9367790222, 41.3779602051, 41.8191375732, 42.2487068176, 42.678276062, 43.0962333679, 43.5258026123, 43.9553718567, 44.3733329773, 44.8029022217, 45.2324714661, 45.6620407104, 46.0916099548, 46.5095672607, 46.9507484436, 47.3687057495, 47.7982749939, 48.2278442383, 48.6574134827, 49.0869827271, 49.5281639099, 49.9577331543, 50.3873023987, 50.8284797668, 51.2580490112, 51.6876182556, 52.1171875, 52.5467567444, 52.9763259888, 53.4058952332, 53.8470726013, 54.2882537842, 54.7294311523, 55.1473922729, 55.5653495789, 55.9949188232, 56.4361000061, 56.8656692505, 57.3068466187, 57.736415863, 58.1659851074, 58.5955543518, 59.03673172, 59.4663009644, 59.9074821472, 60.3370513916, 60.766620636, 61.1961898804, 61.6373672485, 62.0669364929, 62.5081176758, 62.9492950439, 63.3788642883, 63.8084335327, 64.2496109009, 64.67918396, 65.1203613281, 65.5499343872, 65.9794998169, 66.409072876, 66.8386383057, 67.2682037354, 67.7093887329, 68.1389541626, 68.5685272217, 69.0097045898, 69.450881958, 69.8920593262, 70.3332443237, 70.7744216919, 71.2155990601, 71.6567764282, 72.0979614258, 72.5391387939, 72.9803161621, 73.4331054688, 73.8858947754, 74.303855896, 74.7450332642, 75.1862106323, 75.6273880005, 76.0801773071, 76.5329666138, 76.9857559204, 77.4153289795, 77.8332901001, 78.2512435913, 78.6808166504, 79.098777771, 79.5283432007, 79.9579086304, 80.3874816895, 80.8286590576, 81.2698364258, 81.6994094849, 82.1289749146, 82.5469360352, 82.9765090942, 83.4060745239, 83.835647583, 84.2652130127, 84.6831741333, 85.1243515015, 85.5539245605, 85.9951019287, 86.4246673584, 86.865852356, 87.2954177856, 87.7365951538, 88.1661682129, 88.5841217041, 89.0136947632, 89.4432601929, 89.8612213135, 90.2791824341, 90.7087478638, 91.1383209229, 91.579498291, 91.9974594116, 92.4386367798, 92.8798141479, 93.2977752686, 93.7273483276, 94.1569137573, 94.5980911255, 95.0160522461, 95.4340133667, 95.8635787964, 96.2931518555, 96.7111129761, 97.1406784058, 97.5586395264, 97.9882049561, 98.4293823242, 98.8589553833, 99.2769165039, 99.7064819336, 100.136054993, 100.565620422, 100.971969604, 101.389930725, 101.819496155, 102.237457275, 102.655418396, 103.073379517, 103.502944946, 103.920906067, 104.338867188, 104.768432617, 105.198005676, 105.627571106, 106.045532227, 106.475097656, 106.904670715, 107.334236145, 107.763809204, 108.193374634, 108.622947693, 109.052513123, 109.482086182, 109.900039673, 110.329612732, 110.759178162, 111.200363159, 111.641540527, 112.082717896, 112.512290955, 112.941856384, 113.383033752, 113.82421875, 114.265396118, 114.694961548, 115.124534607, 115.554100037, 115.983673096, 116.413238525, 116.842811584, 117.283988953, 117.713554382, 118.143127441, 118.561088562, 118.990653992, 119.420227051, 119.84979248, 120.290969849, 120.720542908, 121.161720276, 121.591293335, 122.032470703, 122.462036133, 122.879997253, 123.309570313, 123.739135742, 124.168708801, 124.598274231, 125.039451599, 125.469024658, 125.886978149, 126.30493927, 126.746116638, 127.187301636, 127.616867065, 128.046432495, 128.476013184, 128.917190552, 129.35836792, 129.799545288, 130.240722656, 130.681900024, 131.123077393, 131.564254761, 132.005432129, 132.458221436, 132.922622681, 133.375411987, 133.839813232, 134.315826416, 134.7918396, 135.256240845, 135.720626831, 136.173416138, 136.626205444, 137.044174194, 137.473739624, 137.903305054, 138.332870483, 138.750839233, 139.180404663, 139.609970093, 140.039550781, 140.480728149, 140.921905518, 141.351470947, 141.781036377, 142.199005127, 142.628570557, 143.058135986, 143.499313354, 143.940490723, 144.370071411, 144.799636841, 145.229202271, 145.6587677, 146.088348389, 146.517913818, 146.959091187, 147.400268555, 147.818222046, 148.247802734, 148.688980103, 149.130157471, 149.5597229, 149.98928833, 150.418869019, 150.860046387, 151.289611816, 151.719177246, 152.148742676, 152.589935303, 153.019500732, 153.460678101, 153.901855469, 154.331420898, 154.761001587, 155.178955078, 155.608520508, 156.038085938, 156.467666626, 156.897232056, 157.326797485, 157.756362915, 158.185943604, 158.627120972, 159.056686401, 159.486251831, 159.915817261, 160.345397949, 160.774963379, 161.204528809, 161.634094238, 162.063674927, 162.493240356, 162.922805786, 163.352371216, 163.793563843, 164.223129272, 164.664306641, 165.082260132, 165.51184082, 165.94140625, 166.37097168, 166.812149048, 167.253326416, 167.682891846, 168.112472534, 168.553649902, 168.983215332, 169.4243927, 169.865570068, 170.306747437, 170.759536743, 171.21232605, 171.699951172, 172.187576294, 172.675186157, 173.162811279], "beats_loudness": {"dmean2": 0.0444742850959, "median": 0.0337797403336, "min": 0, "dvar2": 0.0018983107293, "dvar": 0.000654398056213, "dmean": 0.0259135179222, "max": 0.180244773626, "var": 0.000849950534757, "mean": 0.0392255783081}, "danceability": 1.26850998402, "bpm_histogram_second_peak_weight": {"dmean2": 0, "median": 0.0325814522803, "min": 0.0325814522803, "dvar2": 0, "dvar": 0, "dmean": 0, "max": 0.0325814522803, "var": 0, "mean": 0.0325814522803}, "beats_count": 400, "bpm_histogram_second_peak_bpm": {"dmean2": 0, "median": 133, "min": 133, "dvar2": 0, "dvar": 0, "dmean": 0, "max": 133, "var": 0, "mean": 133}, "bpm_histogram_first_peak_spread": {"dmean2": 0, "median": 0.449315100908, "min": 0.449315100908, "dvar2": 0, "dvar": 0, "dmean": 0, "max": 0.449315100908, "var": 0, "mean": 0.449315100908}, "beats_loudness_band_ratio": {"dmean2": [0.59807062149, 0.409244894981, 0.228893756866, 0.323841840029, 0.111486949027, 0.0551950596273], "median": [0.472672939301, 0.241690680385, 0.0680582821369, 0.038221180439, 0.0223676357418, 0.00806053355336], "min": [0, 0, 0, 0, 0, 0], "dvar2": [0.15790219605, 0.0904000997543, 0.0622501596808, 0.141160011292, 0.020252764225, 0.0182143356651], "dvar": [0.0535758510232, 0.0326237604022, 0.0219035707414, 0.0522066354752, 0.0073656020686, 0.00641824118793], "dmean": [0.317142754793, 0.238828554749, 0.125917777419, 0.178818836808, 0.0623816587031, 0.0307680554688], "max": [0.972216844559, 0.931545853615, 0.916431725025, 0.907167613506, 0.616188883781, 0.690497815609], "var": [0.0760385021567, 0.0468133203685, 0.0198165290058, 0.0456659458578, 0.00729084713385, 0.00442055659369], "mean": [0.45008200407, 0.289143323898, 0.120325125754, 0.143345236778, 0.0576559640467, 0.0252939518541]}}, "lowlevel": {"barkbands_spread": {"dmean2": 7.72114038467, "median": 12.2913236618, "min": 0.346955686808, "dvar2": 151.266113281, "dvar": 67.0518951416, "dmean": 5.05554437637, "max": 123.422653198, "var": 169.129745483, "mean": 15.5303401947}, "melbands_spread": {"dmean2": 10.7320728302, "median": 13.0136947632, "min": 0.416549801826, "dvar2": 479.642608643, "dvar": 208.126083374, "dmean": 7.02837085724, "max": 293.285980225, "var": 632.060180664, "mean": 20.2171516418}, "hfc": {"dmean2": 5.25950527191, "median": 6.43875169754, "min": 1.08705978372e-16, "dvar2": 72.4967651367, "dvar": 43.5348777771, "dmean": 4.1558675766, "max": 151.07244873, "var": 255.800582886, "mean": 12.0695047379}, "barkbands_kurtosis": {"dmean2": 7.77233409882, "median": 3.42965579033, "min": -1.93950033188, "dvar2": 198.143280029, "dvar": 84.2592468262, "dmean": 4.96125745773, "max": 276.776641846, "var": 166.721908569, "mean": 7.5280547142}, "gfcc": {"mean": [-101.927230835, 114.812728882, -99.6463394165, 15.0546665192, -37.5593910217, -2.96012306213, -31.3338222504, -0.901461005211, -12.9314212799, -15.5223970413, -1.0282869339, -9.35690021515, -6.48411083221], "icov": [[0.000123822188471, -0.00021106589702, 0.000325795233948, -0.000281416432699, 0.000315108103678, -0.000298421568004, 0.00020648285863, -3.14014760079e-05, -6.81655274093e-06, 0.000156315276399, -2.34607468883e-05, 0.000184349992196, -6.99403826729e-05], [-0.00021106589702, 0.000967004918493, -0.000538860738743, 0.000673491449561, -0.000915074022487, 0.000924243358895, -0.000325902889017, 0.00014640079462, 0.00010925730021, 8.69660361786e-05, 0.000472652114695, -0.000475122127682, 0.000808268785477], [0.000325795233948, -0.000538860738743, 0.00166998559143, -0.000905414461158, 0.000873619457707, -0.00111100717913, 0.000780494941864, -0.000477231369587, -2.80367967207e-05, -3.23975618812e-05, 0.000586607668083, -0.000141355470987, 0.000709977932274], [-0.000281416432699, 0.000673491449561, -0.000905414461158, 0.00252419314347, -0.00109720078763, 0.00121373706497, -0.000356938049663, 0.000604917004239, -0.000723129836842, 0.000213633858948, -0.0001713958045, 0.000347932684235, -0.000308851274895], [0.000315108103678, -0.000915074022487, 0.000873619457707, -0.00109720078763, 0.00373844476417, -0.00168852764182, 0.000655734562315, -0.000843114161398, 0.000408704363508, -0.00101844279561, 0.00148589035962, -0.000229316181503, -0.000259726191871], [-0.000298421568004, 0.000924243358895, -0.00111100717913, 0.00121373706497, -0.00168852764182, 0.00536883436143, -0.00252300710417, 0.00165013363585, -0.00147683825344, 0.00173499202356, -0.00132803665474, 0.000117355637485, 0.000430427055107], [0.00020648285863, -0.000325902889017, 0.000780494941864, -0.000356938049663, 0.000655734562315, -0.00252300710417, 0.00497306184843, -0.00133730296511, 0.00169122545049, -0.000796633248683, 0.000741304131225, -0.000535526662134, 9.19329468161e-05], [-3.14014760079e-05, 0.00014640079462, -0.000477231369587, 0.000604917004239, -0.000843114161398, 0.00165013363585, -0.00133730296511, 0.00573710072786, -0.00237561855465, 0.000916653603781, -0.0012764041312, 0.00143222336192, -0.00134454458021], [-6.81655274093e-06, 0.00010925730021, -2.80367967207e-05, -0.000723129836842, 0.000408704363508, -0.00147683825344, 0.00169122545049, -0.00237561855465, 0.00823331158608, -0.00178643350955, 0.00139362784103, -0.000337796634994, 0.000277577026282], [0.000156315276399, 8.69660361786e-05, -3.23975618812e-05, 0.000213633858948, -0.00101844279561, 0.00173499202356, -0.000796633248683, 0.000916653603781, -0.00178643350955, 0.00764534622431, -0.00198288401589, 0.000141854179674, 0.000225967058213], [-2.34607468883e-05, 0.000472652114695, 0.000586607668083, -0.0001713958045, 0.00148589035962, -0.00132803665474, 0.000741304131225, -0.0012764041312, 0.00139362784103, -0.00198288401589, 0.00682481238618, -0.00118206080515, 0.00150718272198], [0.000184349992196, -0.000475122127682, -0.000141355470987, 0.000347932684235, -0.000229316181503, 0.000117355637485, -0.000535526662134, 0.00143222336192, -0.000337796634994, 0.000141854179674, -0.00118206080515, 0.0080243172124, -0.00335417198949], [-6.99403826729e-05, 0.000808268785477, 0.000709977932274, -0.000308851274895, -0.000259726191871, 0.000430427055107, 9.19329468161e-05, -0.00134454458021, 0.000277577026282, 0.000225967058213, 0.00150718272198, -0.00335417198949, 0.0115930708125]], "cov": [[30787.2304688, 1957.71618652, -4215.28271484, 1029.1105957, -1127.70751953, 85.2795639038, -520.429626465, -322.052032471, -92.585723877, -825.578491211, 269.166900635, -640.95123291, 71.029335022], [1957.71618652, 2426.61816406, 148.96522522, -177.002243042, 345.061767578, -203.482498169, -59.4146347046, -35.0522918701, -58.1624832153, -51.7077026367, -265.459411621, 36.6777763367, -111.99609375], [-4215.28271484, 148.96522522, 1576.16235352, 67.5350189209, 137.478759766, 33.5415420532, -28.423494339, 51.0815811157, 69.6854171753, 74.7249526978, -130.411758423, 68.1128692627, -89.0232009888], [1029.1105957, -177.002243042, 67.5350189209, 633.372253418, 20.2438564301, -49.7187957764, -76.8241729736, -9.98726844788, 57.2366676331, -18.5645694733, -12.10871315, -53.9610824585, 17.99061203], [-1127.70751953, 345.061767578, 137.478759766, 20.2438564301, 493.444458008, 16.701587677, 27.1086959839, 27.7874794006, 10.9339828491, 50.7971992493, -121.671394348, 40.6599578857, 1.03160369396], [85.2795639038, -203.482498169, 33.5415420532, -49.7187957764, 16.701587677, 346.033508301, 121.866973877, -38.5660133362, 7.39876651764, -43.9901008606, 41.9293518066, 1.92167663574, -10.8048219681], [-520.429626465, -59.4146347046, -28.423494339, -76.8241729736, 27.1086959839, 121.866973877, 298.400756836, 20.7515735626, -39.3182792664, 9.81555366516, 6.7474322319, 27.5916118622, 4.67559957504], [-322.052032471, -35.0522918701, 51.0815811157, -9.98726844788, 27.7874794006, -38.5660133362, 20.7515735626, 230.207382202, 52.4090461731, 8.79177379608, 8.32929039001, -21.2950267792, 17.0251731873], [-92.585723877, -58.1624832153, 69.6854171753, 57.2366676331, 10.9339828491, 7.39876651764, -39.3182792664, 52.4090461731, 158.709945679, 23.8818798065, -15.282617569, -9.46018314362, 2.09831953049], [-825.578491211, -51.7077026367, 74.7249526978, -18.5645694733, 50.7971992493, -43.9901008606, 9.81555366516, 8.79177379608, 23.8818798065, 177.91394043, 25.9376144409, 18.9380722046, -4.66578578949], [269.166900635, -265.459411621, -130.411758423, -12.10871315, -121.671394348, 41.9293518066, 6.7474322319, 8.32929039001, -15.282617569, 25.9376144409, 224.073974609, 1.22906410694, -4.48966264725], [-640.95123291, 36.6777763367, 68.1128692627, -53.9610824585, 40.6599578857, 1.92167663574, 27.5916118622, -21.2950267792, -9.46018314362, 18.9380722046, 1.22906410694, 165.349899292, 33.6556434631], [71.029335022, -111.99609375, -89.0232009888, 17.99061203, 1.03160369396, -10.8048219681, 4.67559957504, 17.0251731873, 2.09831953049, -4.66578578949, -4.48966264725, 33.6556434631, 113.150085449]]}, "spectral_energyband_middle_low": {"dmean2": 0.0086164418608, "median": 0.00537203624845, "min": 1.67091783778e-22, "dvar2": 0.000259375956375, "dvar": 0.000121454264445, "dmean": 0.00591417308897, "max": 0.172188401222, "var": 0.000217894339585, "mean": 0.010488782078}, "melbands_crest": {"dmean2": 5.89183807373, "median": 13.8739776611, "min": 1.51584196091, "dvar2": 26.1561660767, "dvar": 10.1054029465, "dmean": 3.61580777168, "max": 33.6762161255, "var": 26.6015777588, "mean": 14.5398683548}, "spectral_kurtosis": {"dmean2": 6.29962730408, "median": 8.22818660736, "min": -1.27470815182, "dvar2": 69.1285476685, "dvar": 28.8683433533, "dmean": 3.98317289352, "max": 122.158256531, "var": 109.966445923, "mean": 11.4003305435}, "spectral_rms": {"dmean2": 0.00108555087354, "median": 0.0035150765907, "min": 3.1413799513e-12, "dvar2": 1.67999769474e-06, "dvar": 9.83994596027e-07, "dmean": 0.000828912248835, "max": 0.0134313274175, "var": 5.37879031981e-06, "mean": 0.00380957662128}, "zerocrossingrate": {"dmean2": 0.0112729482353, "median": 0.0361328125, "min": 0.0029296875, "dvar2": 0.000382724712836, "dvar": 0.000351855123881, "dmean": 0.00986153259873, "max": 0.64208984375, "var": 0.00505233276635, "mean": 0.0517623797059}, "silence_rate_60dB": {"dmean2": 0.0871308296919, "median": 0, "min": 0, "dvar2": 0.0953062325716, "dvar": 0.0416592843831, "dmean": 0.0435595922172, "max": 1, "var": 0.139375761151, "mean": 0.167401462793}, "erbbands_kurtosis": {"dmean2": 3.0832862854, "median": 0.758650362492, "min": -1.8564261198, "dvar2": 31.5285549164, "dvar": 12.8757696152, "dmean": 1.95156693459, "max": 70.9375228882, "var": 22.3274478912, "mean": 2.12849545479}, "erbbands": {"dmean2": [0.0351622849703, 0.854501187801, 3.09268093109, 5.27372360229, 15.8835716248, 19.833978653, 12.0085926056, 16.9063243866, 11.4542627335, 14.6737060547, 18.5633392334, 17.2035961151, 25.1068248749, 27.6644744873, 14.9167261124, 12.935333252, 13.409403801, 16.4101352692, 12.6778373718, 9.58630847931, 7.39115953445, 9.97883319855, 7.76421403885, 6.1495680809, 3.50526118279, 2.99034500122, 2.09255504608, 0.857435166836, 0.747245132923, 0.845631659031, 1.39108800888, 1.10326349735, 0.517609655857, 0.180872917175, 0.0326941870153, 0.00491280620918, 0.00195205677301, 0.00255160359666, 0.00166377460118, 0.000193904910702], "median": [0.0118288435042, 0.272318214178, 0.678200423717, 1.02266895771, 2.77883005142, 4.52532672882, 4.40234041214, 4.08971166611, 3.49507808685, 2.96450686455, 3.64424586296, 3.51279520988, 4.08997917175, 3.03782224655, 2.41767907143, 2.03539919853, 2.44377541542, 3.31449508667, 2.76530504227, 2.34780907631, 2.25549435616, 2.21874189377, 2.78701210022, 1.80334854126, 0.948601305485, 0.546401321888, 0.297807991505, 0.104607604444, 0.063436165452, 0.0852532312274, 0.152195796371, 0.122932359576, 0.04757675156, 0.0146615244448, 0.00341835571453, 0.000827976618893, 0.000403013284085, 0.000342539307894, 0.000220742600504, 5.18732485943e-05], "min": [5.31146232155e-23, 2.21267027326e-22, 7.00940703882e-22, 1.35320467619e-21, 1.11159584175e-20, 1.14588716334e-20, 3.99333331431e-20, 4.47802884153e-20, 1.07950992584e-19, 1.33170094486e-19, 2.70222147587e-19, 2.84654277927e-19, 4.31265656702e-19, 5.95342462972e-19, 7.46891980757e-19, 1.30996199213e-18, 1.5257241967e-18, 1.8528851925e-18, 2.43507827547e-18, 3.03117398979e-18, 4.24527329695e-18, 3.71446033093e-18, 5.19215356158e-18, 5.21140991265e-18, 7.08745057884e-18, 8.91805421398e-18, 9.11389253272e-18, 9.30572564294e-18, 9.05926387071e-18, 1.16435754549e-17, 1.15312335743e-17, 1.15330632978e-17, 9.80849925414e-18, 7.99336472364e-18, 6.22159555034e-18, 3.76996042772e-18, 2.08885852136e-18, 9.52025845032e-19, 2.54049758486e-19, 2.80326016598e-20], "dvar2": [0.00444839242846, 2.79753136635, 41.2502365112, 207.344985962, 1311.33459473, 2131.56347656, 650.681396484, 1944.43310547, 680.502746582, 1081.20703125, 3545.11303711, 2335.12866211, 9172.69042969, 14822.0820313, 2407.78466797, 1659.50170898, 1500.34069824, 3562.54638672, 1625.93688965, 594.293945313, 343.361419678, 1831.48962402, 346.088897705, 293.968170166, 133.335906982, 73.2995681763, 55.2629013062, 14.7553005219, 31.976272583, 25.2121009827, 29.0371780396, 21.2787837982, 7.28639125824, 0.948544442654, 0.0340824015439, 0.000838248117361, 0.000166334561072, 0.000316814344842, 6.68185894028e-05, 6.3869032374e-07], "dvar": [0.00200052838773, 1.14277648926, 19.2388134003, 77.9743652344, 537.935302734, 891.249084473, 251.640258789, 749.223815918, 291.704498291, 503.896026611, 1738.16394043, 1180.85595703, 4074.46386719, 10057.4580078, 1494.03283691, 1123.28088379, 860.489562988, 1462.61889648, 745.598571777, 315.367584229, 191.173843384, 928.539123535, 185.496582031, 136.066421509, 85.2265472412, 40.4925422668, 34.5816688538, 8.2793006897, 13.5476121902, 12.4596204758, 13.931137085, 9.21670913696, 2.93350338936, 0.411388784647, 0.0165287386626, 0.000465864810394, 0.000101592020656, 0.000171399660758, 3.65987216355e-05, 3.02834394006e-07], "dmean": [0.02282589674, 0.526998877525, 1.98452401161, 3.22773933411, 9.85077476501, 12.3843154907, 7.44760847092, 10.3437261581, 7.18863964081, 9.49769592285, 12.547416687, 11.8413534164, 18.1409683228, 22.5389270782, 11.427983284, 10.1601676941, 9.99019908905, 11.2937335968, 8.71212673187, 7.0388712883, 5.37756872177, 7.28993749619, 5.6323595047, 4.35465145111, 2.61257719994, 2.162327528, 1.53107762337, 0.619038283825, 0.49373793602, 0.564512312412, 0.964341580868, 0.745827674866, 0.353081852198, 0.12343057245, 0.021925073117, 0.0032855658792, 0.00133388617542, 0.00173362635542, 0.00111647613812, 0.000132014945848], "max": [0.75775629282, 15.2868366241, 84.8504180908, 152.985519409, 384.842224121, 444.735595703, 382.351959229, 460.877227783, 535.378723145, 440.88192749, 1185.5213623, 955.446289063, 1948.56958008, 3543.41723633, 1330.59753418, 1304.3248291, 1053.80883789, 997.317626953, 818.23260498, 547.23651123, 534.856384277, 753.252990723, 461.264984131, 382.275115967, 794.8515625, 238.902648926, 283.591400146, 153.179122925, 200.33253479, 123.115203857, 113.703041077, 86.2451629639, 67.4725952148, 25.0727672577, 5.45081043243, 0.921808898449, 0.536480724812, 0.573097169399, 0.282115846872, 0.0254667587578], "var": [0.00824884418398, 2.168207407, 31.9288845062, 83.9410324097, 608.373718262, 1015.27856445, 343.386260986, 893.909667969, 582.017272949, 960.663085938, 4723.42285156, 2745.41821289, 6572.69384766, 40238.9296875, 4647.53808594, 6243.61425781, 2686.1159668, 2417.68481445, 1525.57507324, 1050.73571777, 982.143249512, 1903.28210449, 889.063781738, 799.064880371, 558.872009277, 197.199493408, 279.698760986, 57.0515670776, 20.437959671, 19.064081192, 25.7943172455, 12.7740020752, 4.38069963455, 0.613703668118, 0.0283144414425, 0.000950309680775, 0.000225837808102, 0.000278509542113, 9.51167239691e-05, 6.97759105606e-07], "mean": [0.0508922077715, 0.884830594063, 2.7629609108, 3.9122235775, 11.3468475342, 15.0063533783, 11.1534843445, 14.5830230713, 11.2865533829, 13.7412910461, 20.3290958405, 20.0218486786, 29.2040081024, 45.9710350037, 21.209482193, 23.7326316833, 20.0302295685, 19.4774341583, 15.1782464981, 14.0781927109, 12.9177265167, 14.1977682114, 12.4706325531, 10.802863121, 6.52076292038, 5.22322940826, 4.39235210419, 1.55756652355, 0.827523589134, 0.896378457546, 1.55373585224, 1.14205825329, 0.603517949581, 0.194585025311, 0.0334620773792, 0.00553034525365, 0.00234808633104, 0.00262872385792, 0.00193187990226, 0.000234622129938]}, "spectral_strongpeak": {"dmean2": 0.80960559845, "median": 0.436392724514, "min": 0, "dvar2": 1.524985075, "dvar": 0.670564353466, "dmean": 0.499617248774, "max": 10.8734807968, "var": 1.72239279747, "mean": 0.941947817802}, "spectral_energy": {"dmean2": 0.011640060693, "median": 0.0126646580175, "min": 1.01149745566e-20, "dvar2": 0.000362783524906, "dvar": 0.00018652563449, "dmean": 0.0085397483781, "max": 0.184910550714, "var": 0.000524513947312, "mean": 0.0203889217228}, "average_loudness": 0.744029402733, "spectral_rolloff": {"dmean2": 678.000793457, "median": 710.595703125, "min": 86.1328125, "dvar2": 2491217.75, "dvar": 1275490.25, "dmean": 402.801361084, "max": 19552.1484375, "var": 7561903, "mean": 1451.53747559}, "spectral_centroid": {"dmean2": 348.632324219, "median": 820.54107666, "min": 125.304496765, "dvar2": 286747.5625, "dvar": 143287.0625, "dmean": 236.971374512, "max": 11661.4228516, "var": 2008349.75, "mean": 1152.18164063}, "pitch_salience": {"dmean2": 0.128899842501, "median": 0.526153743267, "min": 0.0689441934228, "dvar2": 0.0128906946629, "dvar": 0.00517065450549, "dmean": 0.0803055390716, "max": 0.885704100132, "var": 0.0148627469316, "mean": 0.527143657207}, "spectral_energyband_middle_high": {"dmean2": 0.00192687602248, "median": 0.00128420873079, "min": 1.07830081235e-21, "dvar2": 1.9149378204e-05, "dvar": 1.29035352074e-05, "dmean": 0.00157419138122, "max": 0.0970283225179, "var": 6.99630982126e-05, "mean": 0.00427449913695}, "spectral_contrast_coeffs": {"dmean2": [0.0933355093002, 0.0830997526646, 0.0639374554157, 0.055245462805, 0.0464500598609, 0.0296454783529], "median": [-0.655222475529, -0.721931099892, -0.746763646603, -0.746123254299, -0.757713735104, -0.806538641453], "min": [-0.986454486847, -0.978934109211, -0.977912664413, -0.971095979214, -0.967679440975, -0.965154051781], "dvar2": [0.00571840815246, 0.00475439149886, 0.00326775363646, 0.00229982216842, 0.00172517891042, 0.000732198590413], "dvar": [0.00240891380236, 0.00196340703405, 0.00165484030731, 0.00122396869119, 0.000902309315279, 0.000362740596756], "dmean": [0.0572863072157, 0.0510549508035, 0.0426997095346, 0.0373408570886, 0.0315193384886, 0.0199818946421], "max": [-0.258261561394, -0.339516639709, -0.351391792297, -0.47338488698, -0.482221662998, -0.60266906023], "var": [0.0107228830457, 0.00893941894174, 0.0112775200978, 0.00842095352709, 0.00638826051727, 0.00347522948869], "mean": [-0.656187951565, -0.714992761612, -0.731240272522, -0.742784678936, -0.753590464592, -0.802511572838]}, "melbands_skewness": {"dmean2": 1.28494775295, "median": 2.19033265114, "min": -2.86029887199, "dvar2": 1.82040977478, "dvar": 0.849075376987, "dmean": 0.851888477802, "max": 18.0145835876, "var": 3.319617033, "mean": 2.39780211449}, "spectral_spread": {"dmean2": 848700.875, "median": 3306338.75, "min": 919014.25, "dvar2": 1719466983420.0, "dvar": 955631796224, "dmean": 577054.1875, "max": 43385920, "var": 23957583429600.0, "mean": 4218643.5}, "dissonance": {"dmean2": 0.0524055510759, "median": 0.443532824516, "min": 0.151459395885, "dvar2": 0.00249305949546, "dvar": 0.000933742674533, "dmean": 0.0314594618976, "max": 0.5, "var": 0.00217732531019, "mean": 0.433710038662}, "spectral_skewness": {"dmean2": 0.618404507637, "median": 2.14031505585, "min": -0.610317766666, "dvar2": 0.478361219168, "dvar": 0.218219831586, "dmean": 0.40523698926, "max": 9.6063451767, "var": 1.13456523418, "mean": 2.31747031212}, "spectral_flux": {"dmean2": 0.0379469655454, "median": 0.0591403804719, "min": 6.15077919153e-11, "dvar2": 0.00167166057508, "dvar": 0.000783311435953, "dmean": 0.0248960945755, "max": 0.333762198687, "var": 0.00257497187704, "mean": 0.0705441981554}, "spectral_contrast_valleys": {"dmean2": [0.704694211483, 0.70336329937, 0.608920633793, 0.585251510143, 0.570545375347, 0.491699427366], "median": [-7.35369253159, -7.17886209488, -8.19887924194, -8.72634220123, -8.90845870972, -11.4538803101], "min": [-28.277338028, -28.0699939728, -27.8063488007, -27.716714859, -27.508682251, -27.3754615784], "dvar2": [0.349631637335, 0.389651894569, 0.321033000946, 0.326074689627, 0.337641954422, 0.303414881229], "dvar": [0.164582520723, 0.191787645221, 0.162109330297, 0.169335275888, 0.181194543839, 0.186926469207], "dmean": [0.44179803133, 0.453982055187, 0.405826121569, 0.403500884771, 0.41114243865, 0.375714033842], "max": [-5.15647029877, -4.54757881165, -5.75017261505, -6.40322256088, -5.93718719482, -7.99246406555], "var": [7.4597158432, 7.63399791718, 6.81457567215, 6.62749671936, 6.65579175949, 5.12558555603], "mean": [-7.92664909363, -7.72865009308, -8.68918323517, -9.1995010376, -9.31809997559, -11.7394943237]}, "erbbands_flatness_db": {"dmean2": 0.03142561391, "median": 0.1960298419, "min": 0.0237778369337, "dvar2": 0.00101850775536, "dvar": 0.00049783923896, "dmean": 0.0214500371367, "max": 0.419572561979, "var": 0.00295756128617, "mean": 0.197048977017}, "spectral_energyband_high": {"dmean2": 0.000163243239513, "median": 3.65265732398e-05, "min": 7.01291882037e-21, "dvar2": 3.19223318002e-07, "dvar": 1.60284983508e-07, "dmean": 0.000117013405543, "max": 0.0115321483463, "var": 5.74437422074e-07, "mean": 0.000265377166215}, "spectral_entropy": {"dmean2": 0.37805595994, "median": 6.85448503494, "min": 4.41365766525, "dvar2": 0.139844477177, "dvar": 0.0687910541892, "dmean": 0.251089155674, "max": 9.82355213165, "var": 0.463978409767, "mean": 6.86917543411}, "silence_rate_20dB": {"dmean2": 0, "median": 1, "min": 1, "dvar2": 0, "dvar": 0, "dmean": 0, "max": 1, "var": 0, "mean": 1}, "melbands_flatness_db": {"dmean2": 0.048044424504, "median": 0.264827251434, "min": 0.0027204270009, "dvar2": 0.0021547707729, "dvar": 0.00114955753088, "dmean": 0.0335139967501, "max": 0.692919552326, "var": 0.00877276342362, "mean": 0.270860135555}, "barkbands": {"dmean2": [4.34916728409e-06, 0.00305722397752, 0.00283575849608, 0.00211310898885, 0.00577654223889, 0.00187353347428, 0.00072719209129, 0.000877573969774, 0.000813142454717, 0.000998747651465, 0.000543927541003, 0.000341049162671, 0.000314952980261, 0.000333040807163, 0.000234137129155, 0.000176280111191, 0.000201645598281, 0.000147233324242, 9.42025872064e-05, 6.62730017211e-05, 3.70927991753e-05, 2.13685725612e-05, 4.38960960309e-05, 4.02638434025e-05, 9.75756302068e-06, 1.175786565e-06, 1.06673687696e-05], "median": [1.05358731162e-06, 0.0009608027176, 0.000520261644851, 0.000299130217172, 0.00145537906792, 0.000564144458622, 0.000183123906027, 0.000126626502606, 0.000118891730381, 8.1828700786e-05, 5.32867925358e-05, 3.43914034602e-05, 3.4532018617e-05, 4.58441681985e-05, 3.78952681785e-05, 3.12019619741e-05, 3.84503546229e-05, 3.80621058866e-05, 2.39982964558e-05, 1.1513762729e-05, 4.24053951065e-06, 1.77656522737e-06, 4.98400640936e-06, 4.36563641415e-06, 8.10105802884e-07, 2.16432752609e-07, 1.72193756498e-06], "min": [9.88953871457e-26, 1.71710248834e-24, 5.85977220274e-25, 5.67975266505e-25, 3.46085900895e-24, 6.15834836397e-24, 9.57908590728e-24, 8.11250355433e-24, 1.15548053993e-23, 1.15587039499e-23, 1.57630091418e-23, 3.0717672514e-23, 2.72596313162e-23, 3.83956273055e-23, 3.70666743593e-23, 4.88401930223e-23, 4.27891123865e-23, 9.21494550462e-23, 1.10016182673e-22, 1.50792453351e-22, 2.50166725707e-22, 2.64876217421e-22, 3.95468492588e-22, 6.2587689057e-22, 8.36599132134e-22, 1.2625298483e-21, 1.99881833649e-21], "dvar2": [7.88951820541e-11, 3.53243522113e-05, 3.77976357413e-05, 3.83517108276e-05, 0.000174272849108, 2.09092631849e-05, 2.35594211517e-06, 5.69542817175e-06, 4.9902214414e-06, 1.33043158712e-05, 4.51935420642e-06, 1.32864158786e-06, 8.35884407024e-07, 1.51000699589e-06, 4.95980316373e-07, 2.27467026548e-07, 4.79769653339e-07, 1.0909043624e-07, 6.66769821578e-08, 3.21997184471e-08, 1.93245810465e-08, 2.4189422021e-08, 2.85167054415e-08, 3.56168001758e-08, 2.69211741788e-09, 7.18112583287e-11, 2.20880225221e-09], "dvar": [2.89697172501e-11, 1.42714934555e-05, 1.67715297721e-05, 1.41018363138e-05, 7.40256582503e-05, 8.24609833217e-06, 1.01743660252e-06, 2.76703212876e-06, 2.60936121776e-06, 7.15492933523e-06, 3.09189590553e-06, 8.01407907147e-07, 4.9139254088e-07, 6.11637517522e-07, 2.29472391311e-07, 1.23241647998e-07, 2.45978839075e-07, 5.60243442749e-08, 3.74657140867e-08, 1.73749530319e-08, 1.19405827448e-08, 1.11280531456e-08, 1.39948754807e-08, 1.45125094164e-08, 1.23719634537e-09, 4.14749276589e-11, 1.19114162977e-09], "dmean": [2.58325712821e-06, 0.00187953189015, 0.00179901497904, 0.00125749560539, 0.00364769203588, 0.00116614752915, 0.000458022666862, 0.000576343911234, 0.000559433421586, 0.000744749500882, 0.000416843249695, 0.000249577540671, 0.00022896991868, 0.000222893519094, 0.000161864722031, 0.000128086088807, 0.000142071585287, 0.000103407568531, 6.74993498251e-05, 4.73057334602e-05, 2.69229585683e-05, 1.4257748262e-05, 3.02895496134e-05, 2.70008986263e-05, 6.58629096506e-06, 7.87873432273e-07, 7.22416234566e-06], "max": [0.000104282480606, 0.0524898767471, 0.0745383054018, 0.06072704494, 0.135910898447, 0.045416392386, 0.0229355059564, 0.0476934425533, 0.0461997911334, 0.0796410888433, 0.0694572255015, 0.0260523706675, 0.0259599070996, 0.0209061596543, 0.0123116252944, 0.0116165606305, 0.0118593256921, 0.00616594636813, 0.0142126958817, 0.00479083647951, 0