{"tonal": {"thpcp": [1, 0.534580826759, 0.241138890386, 0.3141053617, 0.230186700821, 0.411407679319, 0.885066390038, 0.70189422369, 0.257512956858, 0.187763720751, 0.141654759645, 0.370420008898, 0.559684634209, 0.331455230713, 0.382468909025, 0.611411571503, 0.363808959723, 0.170621842146, 0.215162619948, 0.220575287938, 0.570580303669, 0.934296369553, 0.592870116234, 0.218228057027, 0.166380137205, 0.148945912719, 0.569969534874, 0.980195462704, 0.610114037991, 0.307384669781, 0.3867880404, 0.261897355318, 0.359087139368, 0.624708592892, 0.506624758244, 0.709210515022], "hpcp": {"dmean2": [0.125528991222, 0.115304745734, 0.0775701552629, 0.0674658045173, 0.0829017981887, 0.10557590425, 0.122713170946, 0.116965137422, 0.0863814428449, 0.0522132702172, 0.0567805320024, 0.083646863699, 0.0891344994307, 0.0867762416601, 0.0888848900795, 0.0984423160553, 0.0795025378466, 0.0538755096495, 0.0540222972631, 0.0831401124597, 0.128614887595, 0.149841040373, 0.130170986056, 0.101630277932, 0.0812179893255, 0.0780116766691, 0.138059318066, 0.151319980621, 0.130128234625, 0.0915079563856, 0.0805527642369, 0.0784558728337, 0.0942355245352, 0.107589423656, 0.124572038651, 0.148185938597], "median": [0.0397378504276, 0.0244718324393, 0.0042488402687, 0.00193128106184, 0.00284349825233, 0.0205067843199, 0.0324862748384, 0.0206457041204, 0.0035813418217, 0.000982467434369, 0.00121998251416, 0.0100830979645, 0.0174350105226, 0.0138625428081, 0.0137042421848, 0.0111618395895, 0.0092869726941, 0.0055069248192, 0.00305352802388, 0.00480578932911, 0.030147049576, 0.05253238976, 0.0297545455396, 0.00331503408961, 0.00146971235517, 0.00275704963133, 0.0331473834813, 0.0644081160426, 0.039898365736, 0.00570546276867, 0.00222417572513, 0.00355552043766, 0.0075198370032, 0.00840772874653, 0.0129745211452, 0.0352615900338], "min": [0, 0, 0, 0, 0, 0, 0, 0, 0, 0, 0, 0, 0, 0, 0, 0, 0, 0, 0, 0, 0, 0, 0, 0, 0, 0, 0, 0, 0, 0, 0, 0, 0, 0, 0, 0], "dvar2": [0.0607561506331, 0.0524518638849, 0.0438288301229, 0.0397974587977, 0.0509402230382, 0.0477101057768, 0.0609081983566, 0.0549803674221, 0.0485784895718, 0.0329998098314, 0.0320113487542, 0.0434006787837, 0.0444623082876, 0.0398495979607, 0.0383294820786, 0.0486591495574, 0.0338811837137, 0.0260192006826, 0.027657372877, 0.0438140779734, 0.0552672706544, 0.0640333890915, 0.0548674948514, 0.0622617788613, 0.0544342026114, 0.043755274266, 0.0642113685608, 0.0658654496074, 0.0543785318732, 0.0415453985333, 0.046636633575, 0.0392027571797, 0.0493273697793, 0.0605383068323, 0.0667484030128, 0.0683057904243], "dvar": [0.0266508180648, 0.0192461423576, 0.0156714674085, 0.0156056256965, 0.0176023505628, 0.0173052474856, 0.0255347453058, 0.0218036547303, 0.0172641593963, 0.0120887551457, 0.0110302576795, 0.0159589797258, 0.0183934736997, 0.0147258779034, 0.0154797360301, 0.0201200768352, 0.0126537838951, 0.00923608243465, 0.0101645085961, 0.0165160764009, 0.022212928161, 0.0277548730373, 0.0210463311523, 0.0219327080995, 0.0191570483148, 0.0155399087816, 0.0252734832466, 0.0289807152003, 0.0222529061139, 0.0158519838005, 0.0191695764661, 0.014656051062, 0.0187284089625, 0.0242049172521, 0.0250947140157, 0.0263771992177], "dmean": [0.0757759660482, 0.0679717808962, 0.0433768928051, 0.0385353863239, 0.0457675494254, 0.0613408461213, 0.0730062201619, 0.0688046514988, 0.0485401339829, 0.0290008615702, 0.0315265581012, 0.0489762537181, 0.0533005446196, 0.0512954480946, 0.0525168627501, 0.058753632009, 0.046891130507, 0.03028861247, 0.0305029693991, 0.0474864840508, 0.0764044001698, 0.0900700762868, 0.0781967937946, 0.0553211048245, 0.0443459041417, 0.0424421578646, 0.0816430449486, 0.090430572629, 0.0783836767077, 0.0532047823071, 0.0461610406637, 0.045593906194, 0.0548590905964, 0.0633673593402, 0.0718540623784, 0.0864123106003], "max": [1, 1, 1, 1, 1, 1, 1, 1, 1, 1, 1, 1, 1, 1, 1, 1, 1, 1, 1, 1, 1, 1, 1, 1, 1, 1, 1, 1, 1, 1, 1, 1, 1, 1, 1, 1], "var": [0.127060800791, 0.0409927964211, 0.0247609484941, 0.046647477895, 0.0212258882821, 0.0306204557419, 0.113550424576, 0.0862641632557, 0.0214519277215, 0.0290026981384, 0.0118438750505, 0.0399288721383, 0.0728736892343, 0.0238202232867, 0.0340874828398, 0.0779518708587, 0.0318392328918, 0.0151731241494, 0.0261023808271, 0.0183013211936, 0.051665969193, 0.103432886302, 0.0551045313478, 0.0196974966675, 0.0154829798266, 0.0114948414266, 0.0503439083695, 0.108911566436, 0.0528423376381, 0.0285781789571, 0.0592309273779, 0.0247031133622, 0.0366777405143, 0.0858756750822, 0.0560780093074, 0.0629956051707], "mean": [0.234519273043, 0.125369504094, 0.0565517172217, 0.0736637637019, 0.0539832189679, 0.0964830294251, 0.207565128803, 0.164607718587, 0.060391753912, 0.0440342128277, 0.0332207717001, 0.0868706330657, 0.131256833673, 0.0777326375246, 0.0896963328123, 0.143387794495, 0.085320211947, 0.0400141105056, 0.050459779799, 0.051729157567, 0.133812084794, 0.219110503793, 0.139039471745, 0.0511786863208, 0.0390193499625, 0.0349306873977, 0.133668839931, 0.22987473011, 0.143083497882, 0.0720876306295, 0.090709246695, 0.0614199750125, 0.0842128545046, 0.146506205201, 0.11881326884, 0.166323527694]}, "tuning_equal_tempered_deviation": 0.015017461963, "chords_changes_rate": 0.0366242043674, "key_key": "A", "tuning_diatonic_strength": 0.54945731163, "key_scale": "major", "chords_number_rate": 0.00230007083155, "tuning_frequency": 439.491973877, "tuning_nontempered_energy_ratio": 0.651544809341, "chords_histogram": [15.0212316513, 6.52866220474, 11.8542108536, 0.707714080811, 8.86411857605, 0.937721133232, 5.52016973495, 0, 1.34465670586, 0, 0.265392780304, 0, 0.123849965632, 2.61854219437, 0, 0.371549904346, 0, 3.85704183578, 0.283085644245, 6.03326272964, 2.49469208717, 12.3142251968, 18.2059440613, 2.65392780304], "key_strength": 0.763894379139, "chords_key": "D", "chords_strength": {"dmean2": 0.0062947277911, "median": 0.544476807117, "min": -1, "dvar2": 0.000699665164575, "dvar": 0.000413793255575, "dmean": 0.00836556497961, "max": 0.79640686512, "var": 0.0315777286887, "mean": 0.528655648232}, "chords_scale": "major", "hpcp_entropy": {"dmean2": 0.739928603172, "median": 1.61716902256, "min": 0, "dvar2": 0.421450585127, "dvar": 0.155946105719, "dmean": 0.434735953808, "max": 3.96387839317, "var": 0.372625887394, "mean": 1.58074855804}}, "metadata": {"audio_properties": {"equal_loudness": 0, "codec": "mp3", "downmix": "mix", "sample_rate": 44100, "analysis_sample_rate": 44100, "bit_rate": 256025, "md5_encoded": "7ed93bfe789a7743f6cd353ee285c342", "length": 262.426116943, "replay_gain": -15.1921844482, "lossless": false}, "version": {"essentia_build_sha": "70f2e5ece6736b2c40cc944ad0e695b16b925413", "essentia": "2.1-beta2", "extractor": "music 1.0", "essentia_git_sha": "v2.1_beta2"}, "tags": {"title": ["When I Need You"], "artist": ["Gheorghe Zamfir"], "date": ["1999"], "genre": ["Pop"], "length": ["263"], "album": ["Thank You For The Music"], "tracknumber": ["17"], "discnumber": ["1"], "musicbrainz_recordingid": ["03fb9679-5a72-4540-b84e-6bcbfc7d5599"], "file_name": "2111124.mp3"}}, "rhythm": {"bpm_histogram_first_peak_bpm": {"dmean2": 0, "median": 112, "min": 112, "dvar2": 0, "dvar": 0, "dmean": 0, "max": 112, "var": 0, "mean": 112}, "bpm": 112.043838501, "bpm_histogram_second_peak_spread": {"dmean2": 0, "median": 0.684210538864, "min": 0.684210538864, "dvar2": 0, "dvar": 0, "dmean": 0, "max": 0.684210538864, "var": 0, "mean": 0.684210538864}, "bpm_histogram_first_peak_weight": {"dmean2": 0, "median": 0.669421494007, "min": 0.669421494007, "dvar2": 0, "dvar": 0, "dmean": 0, "max": 0.669421494007, "var": 0, "mean": 0.669421494007}, "onset_rate": 2.55674028397, "beats_position": [0.510838985443, 1.03328800201, 1.55573689938, 2.07818579674, 2.60063481331, 3.12308382988, 3.64553284645, 4.17959165573, 4.71365070343, 5.24770975113, 5.78176879883, 6.31582736969, 6.84988641739, 7.38394546509, 7.91800451279, 8.45206356049, 8.98612213135, 9.52018165588, 10.0542402267, 10.5882987976, 11.1223583221, 11.656416893, 12.1904764175, 12.7245349884, 13.2585935593, 13.7926530838, 14.3267116547, 14.8607711792, 15.4064397812, 15.9521083832, 16.4861679077, 17.031835556, 17.5658950806, 18.0999546051, 18.6340141296, 19.1680717468, 19.7021312714, 20.247800827, 20.7818584442, 21.3159179688, 21.8499774933, 22.3840351105, 22.918094635, 23.4521541595, 23.9862117767, 24.5202713013, 25.0659408569, 25.6000003815, 26.1224479675, 26.6565074921, 27.1905670166, 27.7362346649, 28.2819042206, 28.8159637451, 29.3500213623, 29.895690918, 30.4297504425, 30.9638080597, 31.4978675842, 32.0203170776, 32.5543746948, 33.1000442505, 33.6457138062, 34.1797714233, 34.7138328552, 35.2478904724, 35.7819480896, 36.3160095215, 36.8500671387, 37.3841247559, 37.9181861877, 38.4522438049, 38.9863014221, 39.5319709778, 40.0660324097, 40.6000900269, 41.1457595825, 41.6798171997, 42.2138786316, 42.7479362488, 43.281993866, 43.8160552979, 44.3385009766, 44.86095047, 45.3950119019, 45.929069519, 46.4747390747, 47.0087966919, 47.5428581238, 48.076915741, 48.6225852966, 49.1566429138, 49.690700531, 50.2247619629, 50.7588195801, 51.2928771973, 51.8501586914, 52.3958282471, 52.941493988, 53.4755554199, 54.0096130371, 54.5436706543, 55.0777320862, 55.6117897034, 56.1458511353, 56.668296814, 57.2023582458, 57.736415863, 58.2820854187, 58.8161430359, 59.3502044678, 59.884262085, 60.4183197021, 60.952381134, 61.4864387512, 62.0321083069, 62.5777778625, 63.1118354797, 63.6458930969, 64.1683425903, 64.7024002075, 65.2480697632, 65.7821273804, 66.316192627, 66.8502502441, 67.3843078613, 67.9183654785, 68.4524230957, 68.9864807129, 69.5205459595, 70.0662155151, 70.6118774414, 71.145942688, 71.6800003052, 72.2140579224, 72.7481155396, 73.2821731567, 73.8162307739, 74.3502960205, 74.8959655762, 75.4416275024, 75.975692749, 76.5097503662, 77.0438079834, 77.5778656006, 78.1119232178, 78.6459884644, 79.1800460815, 79.7141036987, 80.2365493774, 80.7706069946, 81.3162765503, 81.8503417969, 82.3843994141, 82.9184570312, 83.4525146484, 83.9865722656, 84.5322418213, 85.0662994385, 85.6119689941, 86.1576385498, 86.6800918579, 87.2141494751, 87.7482070923, 88.2822647095, 88.8163223267, 89.3503875732, 89.8844451904, 90.4185028076, 90.9525604248, 91.486618042, 92.0206756592, 92.5547409058, 93.100402832, 93.6460723877, 94.1801376343, 94.7141952515, 95.2482528687, 95.7823104858, 96.316368103, 96.8504257202, 97.3844909668, 97.9301605225, 98.4642181396, 99.0098876953, 99.5439453125, 100.07800293, 100.612060547, 101.146118164, 101.668571472, 102.214241028, 102.748298645, 103.282356262, 103.816413879, 104.350471497, 104.896141052, 105.441810608, 105.975868225, 106.509933472, 107.043991089, 107.566436768, 108.088890076, 108.622947693, 109.15700531, 109.691062927, 110.236732483, 110.7707901, 111.316459656, 111.850517273, 112.38457489, 112.918640137, 113.464309692, 113.99836731, 114.532424927, 115.066482544, 115.588935852, 116.111381531, 116.657051086, 117.202720642, 117.748390198, 118.282447815, 118.816505432, 119.350563049, 119.884620667, 120.418685913, 120.95274353, 121.498413086, 122.044082642, 122.578140259, 123.112197876, 123.646255493, 124.18031311, 124.714370728, 125.248435974, 125.782493591, 126.316551208, 126.850608826, 127.384666443, 127.930335999, 128.464401245, 128.986846924, 129.532516479, 130.066574097, 130.612243652, 131.14630127, 131.680358887, 132.214416504, 132.748474121, 133.282531738, 133.828201294, 134.37387085, 134.907928467, 135.441986084, 135.97605896, 136.510116577, 137.044174194, 137.578231812, 138.112289429, 138.646347046, 139.180404663, 139.71446228, 140.248519897, 140.782577515, 141.316635132, 141.850692749, 142.384765625, 142.918823242, 143.452880859, 143.986938477, 144.520996094, 145.055053711, 145.589111328, 146.134780884, 146.680450439, 147.226119995, 147.760177612, 148.282623291, 148.816680908, 149.350738525, 149.896408081, 150.442077637, 150.976135254, 151.51020813, 152.044265747, 152.578323364, 153.100769043, 153.63482666, 154.168884277, 154.714553833, 155.24861145, 155.782669067, 156.316726685, 156.850784302, 157.396453857, 157.930511475, 158.47618103, 159.010253906, 159.544311523, 160.089981079, 160.635650635, 161.169708252, 161.703765869, 162.226211548, 162.748657227, 163.282714844, 163.816772461, 164.362442017, 164.908111572, 165.442169189, 165.976226807, 166.510284424, 167.0443573, 167.578414917, 168.112472534, 168.646530151, 169.180587769, 169.714645386, 170.248703003, 170.78276062, 171.328430176, 171.862487793, 172.408157349, 172.942214966, 173.464660645, 173.987121582, 174.532791138, 175.066848755, 175.612518311, 176.146575928, 176.669021606, 177.191467285, 177.725524902, 178.25958252, 178.793640137, 179.327713013, 179.873382568, 180.419036865, 180.964706421, 181.510375977, 182.056045532, 182.590103149, 183.112564087, 183.646621704, 184.180679321, 184.726348877, 185.260406494, 185.80607605, 186.340133667, 186.874191284, 187.408248901, 187.942306519, 188.476364136, 189.010421753, 189.54447937, 190.078552246, 190.600997925, 191.135055542, 191.669113159, 192.214782715, 192.748840332, 193.282897949, 193.816955566, 194.351013184, 194.885070801, 195.430740356, 195.976409912, 196.510467529, 197.044525146, 197.578598022, 198.11265564, 198.658325195, 199.192382812, 199.714828491, 200.248886108, 200.782943726, 201.328613281, 201.862670898, 202.396728516, 202.942398071, 203.476455688, 204.010513306, 204.544570923, 205.07862854, 205.612701416, 206.146759033, 206.68081665, 207.214874268, 207.748931885, 208.282989502, 208.817047119, 209.351104736, 209.896774292, 210.442443848, 210.976501465, 211.498947144, 212.021408081, 212.567077637, 213.112747192, 213.64680481, 214.180862427, 214.714920044, 215.2605896, 215.806259155, 216.340316772, 216.87437439, 217.408432007, 217.942489624, 218.476547241, 219.010604858, 219.544662476, 220.078720093, 220.61277771, 221.146850586, 221.680908203, 222.21496582, 222.760635376, 223.283081055, 223.817138672, 224.362808228, 224.908477783, 225.4425354, 225.976593018, 226.510650635, 227.044708252, 227.578765869, 228.124435425, 228.67010498, 229.204162598, 229.738220215, 230.283889771, 230.806350708, 231.340408325, 231.862854004, 232.40852356, 232.942581177, 233.476638794, 234.010696411, 234.544754028, 235.078811646, 235.624481201, 236.170150757, 236.692596436, 237.226669312, 237.760726929, 238.283172607, 238.817230225, 239.351287842, 239.885345459, 240.419403076, 240.953460693, 241.487518311, 242.033187866, 242.567245483, 243.112915039, 243.646972656, 244.181045532, 244.715103149, 245.249160767, 245.794830322, 246.340499878, 246.932601929, 247.524719238, 248.174865723, 248.825027466, 249.451965332, 250.090515137, 250.705841064, 251.321166992, 251.936508179, 252.551834106, 253.143936157, 253.736053467, 254.328155518, 254.920272827, 255.523986816, 256.139312744, 256.754638672, 257.35836792, 257.96206665, 258.565795898, 259.192749023, 259.819671631, 260.446624756, 261.073547363, 261.700500488], "beats_loudness": {"dmean2": 0.0224951375276, "median": 0.0256051793694, "min": 0, "dvar2": 0.000631377275568, "dvar": 0.000234254286624, "dmean": 0.0131881656125, "max": 0.111663460732, "var": 0.000286960595986, "mean": 0.0284172762185}, "danceability": 1.00809669495, "bpm_histogram_second_peak_weight": {"dmean2": 0, "median": 0.012396694161, "min": 0.012396694161, "dvar2": 0, "dvar": 0, "dmean": 0, "max": 0.012396694161, "var": 0, "mean": 0.012396694161}, "beats_count": 485, "bpm_histogram_second_peak_bpm": {"dmean2": 0, "median": 96, "min": 96, "dvar2": 0, "dvar": 0, "dmean": 0, "max": 96, "var": 0, "mean": 96}, "bpm_histogram_first_peak_spread": {"dmean2": 0, "median": 0.294117629528, "min": 0.294117629528, "dvar2": 0, "dvar": 0, "dmean": 0, "max": 0.294117629528, "var": 0, "mean": 0.294117629528}, "beats_loudness_band_ratio": {"dmean2": [0.386071026325, 0.125920414925, 0.346191257238, 0.167843356729, 0.0539063848555, 0.0686246752739], "median": [0.420818775892, 0.0753766745329, 0.127478137612, 0.0752049311996, 0.0211846660823, 0.0182976312935], "min": [0, 0, 0, 0, 0, 0], "dvar2": [0.0964773073792, 0.0206536464393, 0.128580883145, 0.050770137459, 0.006161456462, 0.00623974576592], "dvar": [0.0333701781929, 0.00729873636737, 0.0468517430127, 0.0207561645657, 0.00251557701267, 0.0021567218937], "dmean": [0.219458460808, 0.0741849839687, 0.197092011571, 0.100804328918, 0.0312108863145, 0.0386758930981], "max": [0.926769375801, 0.652962744236, 0.997576594353, 0.964707195759, 0.659388124943, 0.312703937292], "var": [0.0571792684495, 0.0114249410108, 0.067708350718, 0.0400577075779, 0.00543679110706, 0.00209823343903], "mean": [0.438626646996, 0.110512912273, 0.24851629138, 0.149419426918, 0.0418645441532, 0.0366289615631]}}, "lowlevel": {"barkbands_spread": {"dmean2": 5.65575695038, "median": 13.2030744553, "min": 0.0990059450269, "dvar2": 79.9621353149, "dvar": 35.9538002014, "dmean": 3.72829937935, "max": 109.32208252, "var": 104.010856628, "mean": 15.4942617416}, "melbands_spread": {"dmean2": 5.53401565552, "median": 15.8344583511, "min": 0.324822485447, "dvar2": 49.0331344604, "dvar": 19.6646881104, "dmean": 3.50938224792, "max": 164.048553467, "var": 259.563049316, "mean": 18.6412754059}, "hfc": {"dmean2": 7.12905597687, "median": 11.375752449, "min": 1.05102495073e-16, "dvar2": 115.928321838, "dvar": 55.5862846375, "dmean": 4.9747595787, "max": 120.805160522, "var": 250.327682495, "mean": 16.7321128845}, "barkbands_kurtosis": {"dmean2": 5.52939367294, "median": 2.09103536606, "min": -1.87152183056, "dvar2": 717.030944824, "dvar": 291.363769531, "dmean": 3.51350975037, "max": 1002.28204346, "var": 476.990631104, "mean": 5.51719236374}, "gfcc": {"mean": [-46.3593521118, 110.400238037, -94.5642318726, 4.64217233658, -40.0668182373, 16.4221992493, -20.9739151001, 15.9075241089, -18.5083045959, -0.854138791561, -19.0590419769, 1.20697307587, -8.9770116806], "icov": [[8.63285895321e-05, -8.99986771401e-05, 4.81285023852e-05, -3.0575261917e-05, 0.000131559398142, -0.000165929042851, 0.000211870690691, -0.00031626879354, 0.000329732400132, -0.000212843879126, 0.000325402244925, -0.000329911679728, 0.000361985672498], [-8.99986771401e-05, 0.001115902327, 0.000439228664618, -0.000121377001051, -6.11579744145e-05, 0.000399762764573, -0.000631298229564, -0.000152287946548, -0.000625126704108, 0.00015741144307, -0.00149989384227, 0.00148673565127, -0.00109651556704], [4.81285023852e-05, 0.000439228664618, 0.00175109307747, 0.000325073546264, -0.000212880331674, -8.30265780678e-05, -0.00065420352621, -0.000301735592075, -0.000855866586789, -0.000513456470799, 7.69186735852e-05, -0.000644588260911, 0.000754371867515], [-3.0575261917e-05, -0.000121377001051, 0.000325073546264, 0.00373935024254, -0.000429067848017, -0.00151124678086, 0.00119269464631, 0.000920504098758, -0.00142909307033, 0.000876969192177, -0.00145862682257, -0.00034346699249, 0.000640735845082], [0.000131559398142, -6.11579744145e-05, -0.000212880331674, -0.000429067848017, 0.00559921748936, -0.000931152317207, -0.00171160325408, 0.00134655216243, -0.000356476200977, -0.00122881005518, -0.000522516143974, -0.000187678539078, -0.000337919860613], [-0.000165929042851, 0.000399762764573, -8.30265780678e-05, -0.00151124678086, -0.000931152317207, 0.00877880770713, -0.00377369509079, -0.000358477351256, 0.00353001733311, -0.00334508251399, 0.00218288064934, -0.000787876895629, -1.4582959011e-05], [0.000211870690691, -0.000631298229564, -0.00065420352621, 0.00119269464631, -0.00171160325408, -0.00377369509079, 0.0116834361106, -0.0049288882874, -0.000577957835048, 0.00497761415318, -0.00323830870911, 0.00198674504645, -0.00146907696035], [-0.00031626879354, -0.000152287946548, -0.000301735592075, 0.000920504098758, 0.00134655216243, -0.000358477351256, -0.0049288882874, 0.0129667520523, -0.00717063015327, 0.00240669795312, 0.0033964808099, -0.00184461509343, -0.00101827201433], [0.000329732400132, -0.000625126704108, -0.000855866586789, -0.00142909307033, -0.000356476200977, 0.00353001733311, -0.000577957835048, -0.00717063015327, 0.0180506594479, -0.0105141904205, 0.0028636129573, 0.00368950725533, -0.00236786785536], [-0.000212843879126, 0.00015741144307, -0.000513456470799, 0.000876969192177, -0.00122881005518, -0.00334508251399, 0.00497761415318, 0.00240669795312, -0.0105141904205, 0.0175811331719, -0.00877743586898, 0.00225780508481, 0.00391071662307], [0.000325402244925, -0.00149989384227, 7.69186735852e-05, -0.00145862682257, -0.000522516143974, 0.00218288064934, -0.00323830870911, 0.0033964808099, 0.0028636129573, -0.00877743586898, 0.0182637088001, -0.0103455055505, 0.00464536854997], [-0.000329911679728, 0.00148673565127, -0.000644588260911, -0.00034346699249, -0.000187678539078, -0.000787876895629, 0.00198674504645, -0.00184461509343, 0.00368950725533, 0.00225780508481, -0.0103455055505, 0.0179964993149, -0.00873042736202], [0.000361985672498, -0.00109651556704, 0.000754371867515, 0.000640735845082, -0.000337919860613, -1.4582959011e-05, -0.00146907696035, -0.00101827201433, -0.00236786785536, 0.00391071662307, 0.00464536854997, -0.00873042736202, 0.0207239557058]], "cov": [[21198.5292969, 566.871826172, -1038.85546875, 240.52947998, -714.696289062, 403.679290771, -453.056884766, 216.922775269, -503.203582764, -77.1492843628, -257.881622314, 247.822525024, -223.460403442], [566.871826172, 1477.68139648, -342.798400879, 47.3759803772, 8.23520183563, -64.3572006226, 91.5377502441, 83.8904800415, 113.31036377, 30.074962616, 52.1618003845, -104.066169739, 41.7354240417], [-1038.85546875, -342.798400879, 818.706237793, -84.8956298828, 75.0232391357, 14.0153198242, 68.9671173096, 52.1296157837, 93.1478271484, 61.9505233765, 4.64737319946, 2.42087101936, -19.5547904968], [240.52947998, 47.3759803772, -84.8956298828, 388.313079834, 54.8283004761, 44.5236473083, -90.9593963623, -111.399917603, -10.454949379, 88.0403060913, 108.442718506, 35.8642807007, -48.6138076782], [-714.696289062, 8.23520183563, 75.0232391357, 54.8283004761, 249.374420166, 30.9899291992, 29.4605426788, -48.5637702942, 24.0768203735, 61.2319793701, 67.2927856445, 7.68601036072, -8.36639022827], [403.679290771, -64.3572006226, 14.0153198242, 44.5236473083, 30.9899291992, 172.276138306, 42.1043739319, 5.65102767944, -41.3625564575, -3.15753436089, -3.24762630463, 24.03424263, -1.73130047321], [-453.056884766, 91.5377502441, 68.9671173096, -90.9593963623, 29.4605426788, 42.1043739319, 220.006988525, 126.941047668, 23.5864887238, -94.2043914795, -56.7772674561, -20.9092693329, 59.7918968201], [216.922775269, 83.8904800415, 52.1296157837, -111.399917603, -48.5637702942, 5.65102767944, 126.941047668, 229.207901001, 69.7805480957, -83.6986236572, -114.26158905, -36.4677505493, 55.6858863831], [-503.203582764, 113.31036377, 93.1478271484, -10.454949379, 24.0768203735, -41.3625564575, 23.5864887238, 69.7805480957, 169.601394653, 78.8304748535, -10.7469816208, -64.8670654297, -3.23369193077], [-77.1492843628, 30.074962616, 61.9505233765, 88.0403060913, 61.2319793701, -3.15753436089, -94.2043914795, -83.6986236572, 78.8304748535, 218.71295166, 117.814239502, -9.74825382233, -74.6130218506], [-257.881622314, 52.1618003845, 4.64737319946, 108.442718506, 67.2927856445, -3.24762630463, -56.7772674561, -114.26158905, -10.7469816208, 117.814239502, 191.929016113, 64.7153091431, -44.0207901001], [247.822525024, -104.066169739, 2.42087101936, 35.8642807007, 7.68601036072, 24.03424263, -20.9092693329, -36.4677505493, -64.8670654297, -9.74825382233, 64.7153091431, 131.08190918, 20.9792404175], [-223.460403442, 41.7354240417, -19.5547904968, -48.6138076782, -8.36639022827, -1.73130047321, 59.7918968201, 55.6858863831, -3.23369193077, -74.6130218506, -44.0207901001, 20.9792404175, 95.8324279785]]}, "spectral_energyband_middle_low": {"dmean2": 0.00520433112979, "median": 0.00694336788729, "min": 1.60871672339e-22, "dvar2": 7.21853284631e-05, "dvar": 3.8626640162e-05, "dmean": 0.00366889196448, "max": 0.148505076766, "var": 0.000253848615102, "mean": 0.0126412715763}, "melbands_crest": {"dmean2": 3.44757056236, "median": 14.8352956772, "min": 1.57863807678, "dvar2": 13.4127044678, "dvar": 5.4677772522, "dmean": 2.19994831085, "max": 33.5424575806, "var": 23.4002151489, "mean": 15.2415428162}, "spectral_kurtosis": {"dmean2": 4.57266759872, "median": 8.44869232178, "min": -1.26280391216, "dvar2": 30.4371986389, "dvar": 11.75385952, "dmean": 2.80910992622, "max": 53.8245429993, "var": 53.6068229675, "mean": 10.4504489899}, "spectral_rms": {"dmean2": 0.000897218997125, "median": 0.00467568077147, "min": 3.12114895561e-12, "dvar2": 1.49648531078e-06, "dvar": 6.28758812127e-07, "dmean": 0.000597762991674, "max": 0.0121361715719, "var": 3.05139860757e-06, "mean": 0.00480867829174}, "zerocrossingrate": {"dmean2": 0.00932534690946, "median": 0.03662109375, "min": 0.00439453125, "dvar2": 0.000241923291469, "dvar": 0.000178114874871, "dmean": 0.00762448040769, "max": 0.52783203125, "var": 0.00329768913798, "mean": 0.0490445531905}, "silence_rate_60dB": {"dmean2": 0.0134501373395, "median": 0, "min": 0, "dvar2": 0.0161023717374, "dvar": 0.00667964434251, "dmean": 0.00672447355464, "max": 1, "var": 0.03944805637, "mean": 0.0411395207047}, "erbbands_kurtosis": {"dmean2": 6.63014411926, "median": 2.33560657501, "min": -1.6438781023, "dvar2": 170.15461731, "dvar": 77.8511276245, "dmean": 4.41617870331, "max": 249.893844604, "var": 291.530395508, "mean": 9.72872543335}, "erbbands": {"dmean2": [0.0883201435208, 0.766193509102, 1.8662314415, 2.18510103226, 3.65404272079, 3.87138414383, 3.012362957, 5.39788103104, 8.23361682892, 6.06062793732, 22.0273170471, 46.1722373962, 75.1297531128, 52.8817176819, 23.3307781219, 13.9622182846, 15.1448297501, 12.9357910156, 11.5436019897, 8.84858608246, 8.73957538605, 6.67441511154, 4.12872314453, 2.92266368866, 2.6192471981, 1.79032123089, 1.00493860245, 0.915889441967, 1.02882552147, 0.860987126827, 0.851199030876, 0.374033987522, 0.299969315529, 0.327870726585, 0.273615837097, 0.194130420685, 0.10281701386, 0.0486832633615, 0.0115227876231, 0.000585827743635], "median": [0.152311891317, 1.24851715565, 1.40422284603, 2.08670115471, 2.83224010468, 2.98578572273, 2.9063372612, 3.54580330849, 4.0295085907, 5.02606058121, 8.34631252289, 11.4555206299, 16.8432750702, 16.3061695099, 7.74587726593, 7.80302429199, 6.94133996964, 5.16003274918, 4.06493520737, 3.45648503304, 3.58818006516, 3.03709363937, 2.09074449539, 1.33353769779, 1.21673178673, 0.858929932117, 0.466985285282, 0.36676427722, 0.295593202114, 0.252458065748, 0.187777414918, 0.106457538903, 0.0792130976915, 0.0543425902724, 0.0302219353616, 0.0162838567048, 0.00615931907669, 0.00165133189876, 0.000144694349729, 3.60800950148e-05], "min": [8.40132572657e-23, 3.727851696e-22, 1.45657842285e-21, 1.0110261889e-20, 1.76172539121e-20, 3.15998859061e-20, 2.9745220957e-20, 7.9823051896e-20, 8.37650263416e-20, 1.73916520322e-19, 3.1231692952e-19, 3.64126766802e-19, 5.08813735731e-19, 7.2558070625e-19, 6.84864653452e-19, 9.61450327341e-19, 1.57295186698e-18, 1.18207831847e-18, 2.66913151134e-18, 1.62160838837e-18, 3.51654578885e-18, 4.2563897772e-18, 4.67174487331e-18, 6.11442727094e-18, 5.79643629601e-18, 8.54000372272e-18, 7.8855028533e-18, 9.42040844461e-18, 1.13211404521e-17, 1.04818135194e-17, 1.15824840307e-17, 1.22585652151e-17, 8.37033657138e-18, 7.86040371197e-18, 6.13348509867e-18, 4.10105352997e-18, 2.13171785083e-18, 9.86541610452e-19, 2.46732441239e-19, 2.84500629128e-20], "dvar2": [0.065405279398, 4.30642366409, 31.9864177704, 25.206035614, 73.6984786987, 73.5479660034, 31.7273635864, 187.005218506, 867.607177734, 277.770324707, 4385.06884766, 13963.0507812, 35490.3085938, 25972.3652344, 8217.18652344, 1176.53283691, 1324.76794434, 1670.51818848, 723.223144531, 401.32901001, 459.778076172, 264.938781738, 181.964004517, 55.9385948181, 42.5366325378, 23.4501037598, 9.44941043854, 12.8116464615, 24.0914993286, 13.9425230026, 8.53902626038, 1.61172664165, 0.851664841175, 1.36649513245, 0.838544785976, 0.426429450512, 0.144746229053, 0.0296490844339, 0.00182824593503, 4.84719657834e-06], "dvar": [0.024888664484, 1.49335205555, 11.0207328796, 9.09961795807, 27.9802494049, 25.695734024, 11.3878688812, 70.1215820312, 397.205169678, 222.327133179, 3107.52001953, 8052.40478516, 19755.0429688, 15567.5615234, 4361.15966797, 478.874938965, 654.700195312, 698.700012207, 289.857666016, 180.726028442, 187.819869995, 105.27129364, 65.1729278564, 20.5465908051, 15.5827674866, 8.84695148468, 3.49161958694, 4.62442016602, 8.52834224701, 4.95330190659, 3.43492221832, 0.622048199177, 0.353741377592, 0.561323583126, 0.355381429195, 0.193292692304, 0.0610377006233, 0.0125836329535, 0.000768296828028, 2.03912691177e-06], "dmean": [0.0533481612802, 0.449629575014, 1.06911253929, 1.28548681736, 2.20620322227, 2.27060365677, 1.85574364662, 3.33655333519, 5.57672405243, 4.44493484497, 16.9071598053, 33.8973007202, 54.9467086792, 38.0013046265, 15.5188941956, 9.10143184662, 10.0578517914, 8.10448360443, 7.12421703339, 5.43918371201, 5.29529523849, 4.0436205864, 2.45673847198, 1.72947573662, 1.53492605686, 1.05802881718, 0.598351359367, 0.536044716835, 0.604915499687, 0.505845963955, 0.531827867031, 0.238543018699, 0.197308585048, 0.217264965177, 0.18208900094, 0.129532858729, 0.068787202239, 0.0317552909255, 0.0073068398051, 0.00037013713154], "max": [2.78907322884, 19.9303359985, 61.9482574463, 57.0560302734, 112.370704651, 116.324066162, 76.568107605, 245.399520874, 1126.46704102, 1191.3482666, 2185.94506836, 3554.21166992, 3734.31689453, 4865.99755859, 3772.99414062, 748.838867188, 1285.43347168, 1139.42016602, 644.768737793, 486.828460693, 652.99987793, 420.049957275, 532.35736084, 116.660980225, 91.0079803467, 75.0357894897, 43.3011817932, 52.4386100769, 97.6989517212, 54.4471244812, 39.5519142151, 25.3796195984, 15.2821493149, 17.0380744934, 15.8195953369, 12.6607313156, 6.94238853455, 2.29146409035, 0.609472632408, 0.0287704654038], "var": [0.0338320061564, 1.46774065495, 9.61756515503, 10.2770757675, 30.3081684113, 36.6872444153, 39.0467147827, 420.729156494, 3098.37133789, 1521.89599609, 17520.671875, 56484.8515625, 122356.65625, 124921.882812, 28807.3105469, 1534.1842041, 2642.96020508, 2895.87670898, 1792.15771484, 588.54107666, 386.664764404, 255.375717163, 72.5223922729, 34.7275238037, 22.8839740753, 12.6749191284, 4.50107574463, 4.71334886551, 8.35192489624, 5.05767679214, 7.34733295441, 1.33400964737, 0.755689442158, 0.746126234531, 0.59178519249, 0.383092790842, 0.0662955641747, 0.0125425122678, 0.00071937503526, 1.90219282103e-06], "mean": [0.179506137967, 1.35508537292, 2.20355248451, 2.85816001892, 4.15827322006, 4.74487924576, 4.90506410599, 9.71214294434, 17.2314472198, 12.9892177582, 43.66456604, 100.323356628, 150.895217896, 109.002876282, 39.0810928345, 17.4163417816, 18.9268703461, 17.0300540924, 14.6165552139, 9.88351345062, 9.35481357574, 7.64134883881, 4.5106420517, 3.26680040359, 2.8159828186, 1.93031609058, 1.09704649448, 0.919553875923, 0.983957767487, 0.842163026333, 0.976491808891, 0.46469476819, 0.360919952393, 0.321884691715, 0.268587499857, 0.190823107958, 0.0778578966856, 0.0309839807451, 0.00639373296872, 0.000342758896295]}, "spectral_strongpeak": {"dmean2": 1.01271784306, "median": 0.47791916132, "min": 0, "dvar2": 2.17888641357, "dvar": 1.00814902782, "dmean": 0.644846558571, "max": 13.0450401306, "var": 5.64113044739, "mean": 1.9519982338}, "spectral_energy": {"dmean2": 0.00992905069143, "median": 0.0224085394293, "min": 9.98510962384e-21, "dvar2": 0.000229756507906, "dvar": 9.70239270828e-05, "dmean": 0.0065885768272, "max": 0.150968819857, "var": 0.000352414848749, "mean": 0.0268291905522}, "average_loudness": 0.726205170155, "spectral_rolloff": {"dmean2": 372.276031494, "median": 753.662109375, "min": 86.1328125, "dvar2": 1796300.625, "dvar": 700822.375, "dmean": 213.5103302, "max": 19681.3476562, "var": 4648746.5, "mean": 1124.28466797}, "spectral_centroid": {"dmean2": 170.495651245, "median": 840.665161133, "min": 175.604766846, "dvar2": 59670.5117188, "dvar": 27183.3515625, "dmean": 104.933563232, "max": 11917.7568359, "var": 1401536.25, "mean": 1033.3873291}, "pitch_salience": {"dmean2": 0.0774506032467, "median": 0.44366979599, "min": 0.0443633943796, "dvar2": 0.00604302249849, "dvar": 0.00249238940887, "dmean": 0.0491505824029, "max": 0.897184610367, "var": 0.0129505489022, "mean": 0.443703979254}, "spectral_energyband_middle_high": {"dmean2": 0.00292330933735, "median": 0.00232086959295, "min": 1.06351647351e-21, "dvar2": 4.12987646996e-05, "dvar": 2.14112224057e-05, "dmean": 0.00202055508271, "max": 0.135608687997, "var": 0.000152224267367, "mean": 0.00629801442847}, "spectral_contrast_coeffs": {"dmean2": [0.0635590627789, 0.059001903981, 0.0575279444456, 0.0474389642477, 0.0337397865951, 0.0224879551679], "median": [-0.707194924355, -0.718049347401, -0.692716002464, -0.753078818321, -0.778770983219, -0.802988290787], "min": [-0.979307949543, -0.975430250168, -0.978285551071, -0.976333916187, -0.969488203526, -0.965550780296], "dvar2": [0.00314939767122, 0.00245434697717, 0.00229927734472, 0.00148084294051, 0.000772535451688, 0.000426575716119], "dvar": [0.00115434254985, 0.0010095279431, 0.000976722687483, 0.000583824992646, 0.000296972284559, 0.000186446603038], "dmean": [0.0375279039145, 0.0370674021542, 0.0366410203278, 0.0293935444206, 0.0204395093024, 0.0142228482291], "max": [-0.274803459644, -0.367851018906, -0.307720661163, -0.476336956024, -0.619269669056, -0.694808244705], "var": [0.00629551010206, 0.00797269679606, 0.0128948893398, 0.00388785498217, 0.00239022308961, 0.00124873872846], "mean": [-0.698876738548, -0.706180751324, -0.669566810131, -0.749853312969, -0.775248169899, -0.804632365704]}, "melbands_skewness": {"dmean2": 0.918879806995, "median": 1.37261033058, "min": -4.63389158249, "dvar2": 1.49872994423, "dvar": 0.601443350315, "dmean": 0.60337549448, "max": 11.4256982803, "var": 2.88137292862, "mean": 1.35036325455}, "spectral_spread": {"dmean2": 934400.5625, "median": 3611517.75, "min": 1263905.25, "dvar2": 2404188160000.0, "dvar": 1340104638460.0, "dmean": 685865.75, "max": 42689540, "var": 20280770560000.0, "mean": 4635561.5}, "dissonance": {"dmean2": 0.0550360195339, "median": 0.439955532551, "min": 0.123864993453, "dvar2": 0.00332334497944, "dvar": 0.00123816775158, "dmean": 0.0326914340258, "max": 0.500000178814, "var": 0.00329240644351, "mean": 0.425017088652}, "spectral_skewness": {"dmean2": 0.440825581551, "median": 2.31836462021, "min": -0.106197044253, "dvar2": 0.209740415215, "dvar": 0.0843727365136, "dmean": 0.273407250643, "max": 5.85059165955, "var": 0.653282761574, "mean": 2.46866369247}, "spectral_flux": {"dmean2": 0.0299842339009, "median": 0.0467662140727, "min": 6.29858873391e-11, "dvar2": 0.00142512575258, "dvar": 0.000633362797089, "dmean": 0.0184020772576, "max": 0.321996927261, "var": 0.00118810241111, "mean": 0.0544840060174}, "spectral_contrast_valleys": {"dmean2": [0.528086423874, 0.447023540735, 0.438956677914, 0.399134248495, 0.319629579782, 0.337882190943], "median": [-6.82693624496, -7.02434921265, -7.58830690384, -8.34150123596, -8.57679080963, -10.9339094162], "min": [-28.3767623901, -28.2526416779, -27.8320865631, -27.8957176208, -27.5304508209, -27.4242572784], "dvar2": [0.236805304885, 0.153524458408, 0.145036697388, 0.159212321043, 0.166088581085, 0.255457729101], "dvar": [0.108657829463, 0.0709854066372, 0.0707025676966, 0.0795613378286, 0.0861630067229, 0.147707536817], "dmean": [0.317061930895, 0.273328989744, 0.270874768496, 0.243693858385, 0.199150517583, 0.258415997028], "max": [-5.12027406693, -5.42200565338, -5.72826433182, -6.01969385147, -5.80098772049, -8.01819038391], "var": [6.1597161293, 5.78807353973, 5.50047206879, 5.12052965164, 5.1035695076, 4.42332792282], "mean": [-7.34493684769, -7.40502643585, -7.94362163544, -8.65110301971, -8.8577413559, -11.1029920578]}, "erbbands_flatness_db": {"dmean2": 0.0320235900581, "median": 0.189025700092, "min": 0.0292411539704, "dvar2": 0.00116225599777, "dvar": 0.000648545683362, "dmean": 0.0232055541128, "max": 0.509336531162, "var": 0.00631334399804, "mean": 0.201526194811}, "spectral_energyband_high": {"dmean2": 0.000207761593629, "median": 6.13402153249e-05, "min": 6.93484314875e-21, "dvar2": 3.90154355046e-07, "dvar": 1.72194560832e-07, "dmean": 0.000141378346598, "max": 0.00726473890245, "var": 2.72303282145e-07, "mean": 0.000231318248552}, "spectral_entropy": {"dmean2": 0.254558622837, "median": 7.00923967361, "min": 4.21735572815, "dvar2": 0.0895874202251, "dvar": 0.0472285561264, "dmean": 0.178420424461, "max": 9.82426357269, "var": 0.49559161067, "mean": 6.9621963501}, "silence_rate_20dB": {"dmean2": 0, "median": 1, "min": 1, "dvar2": 0, "dvar": 0, "dmean": 0, "max": 1, "var": 0, "mean": 1}, "melbands_flatness_db": {"dmean2": 0.029065541923, "median": 0.267634987831, "min": 0.00301104807295, "dvar2": 0.00121952826157, "dvar": 0.000557346502319, "dmean": 0.0196126736701, "max": 0.554605782032, "var": 0.00569073436782, "mean": 0.271697849035}, "barkbands": {"dmean2": [0.000167963371496, 0.00319332885556, 0.00161441438831, 0.000873639946803, 0.00108219066169, 0.000566457922105, 0.000500423368067, 0.000708528212272, 0.00272949808277, 0.00210780114867, 0.000658061180729, 0.000372410751879, 0.000346381042618, 0.000266816583462, 0.000214210405829, 0.000138168135891, 0.000142863820656, 6.52670787531e-05, 5.70942647755e-05, 3.80117708119e-05, 2.34919862123e-05, 2.78700317722e-05, 2.80190088233e-05, 1.60568361025e-05, 3.40239421348e-05, 5.46331866644e-05, 6.15013996139e-05], "median": [3.24283428199e-05, 0.00578609667718, 0.000896309269592, 0.00066435552435, 0.000991507084109, 0.000438715971541, 0.000266576069407, 0.000188864083611, 0.000455145549495, 0.000457685382571, 9.60224788287e-05, 0.000163843345945, 0.000131275519379, 8.52211596793e-05, 6.85199920554e-05, 4.77116045658e-05, 5.16536420037e-05, 2.52875033766e-05, 2.04178431886e-05, 1.52001903189e-05, 1.09094844447e-05, 8.53557594382e-06, 6.76042782288e-06, 4.75372235087e-06, 4.51622099717e-06, 3.63563731298e-06, 8.42863698836e-07], "min": [3.3540319582e-25, 1.79532633013e-24, 9.88769401264e-25, 2.0304964156e-24, 1.20427332242e-23, 8.95257099863e-24, 5.7072950533e-24, 1.06143806484e-23, 1.46234916756e-23, 1.60726449357e-23, 1.41219607333e-23, 1.83231893677e-23, 2.6973533554e-23, 2.28581124758e-23, 3.32162190373e-23, 3.53950970338e-23, 6.07781734069e-23, 9.15410665834e-23, 1.13060491569e-22, 1.85379712641e-22, 2.74131587945e-22, 3.00128252952e-22, 3.67229771292e-22, 5.97792836499e-22, 8.01008908778e-22, 1.2657937382e-21, 1.9631057829e-21], "dvar2": [4.19825965992e-07, 7.45077486499e-05, 2.49294243986e-05, 3.14549879477e-06, 6.40253210804e-06, 1.69510224168e-06, 2.96151551993e-06, 6.36655295239e-06, 5.28159507667e-05, 3.62902428606e-05, 9.63495949691e-06, 1.17904767194e-06, 7.10814788363e-07, 6.35924891412e-07, 2.12552706103e-07, 1.08549862432e-07, 9.13803503977e-08, 6.34275139078e-08, 2.2002300426e-08, 1.12272555697e-08, 5.35661204282e-09, 1.60556599127e-08, 1.0151450347e-08, 2.52549359203e-09, 1.35042999005e-08, 3.35070318158e-08, 5.15169276127e-08], "dvar": [1.5982612922e-07, 2.68075818894e-05, 8.62287652126e-06, 1.18187017506e-06, 2.29414604291e-06, 6.19742252184e-07, 1.56945804974e-06, 4.29051851825e-06, 2.93658595183e-05, 1.95395314222e-05, 5.12111910211e-06, 4.40584955186e-07, 3.47446331261e-07, 2.87845097091e-07, 8.77314363379e-08, 4.42657608346e-08, 3.62557450728e-08, 2.26678391613e-08, 7.96769494826e-09, 4.21104573434e-09, 1.98692218234e-09, 5.65462432434e-09, 3.92837673502e-09, 1.03808817098e-09, 5.61643931363e-09, 1.46746037544e-08, 2.18567421939e-08], "dmean": [9.82318160823e-05, 0.00189988256898, 0.00093431014102, 0.000519686320331, 0.00064296630444, 0.000346641958458, 0.000355602940544, 0.000536382722203, 0.00200244155712, 0.00152223382611, 0.000442753604148, 0.0002365395776, 0.000229498706176, 0.000167994221556, 0.000130766289658, 8.38068590383e-05, 8.63277964527e-05, 3.84437516914e-05, 3.34290889441e-05, 2.24569757847e-05, 1.39544272315e-05, 1.62