{"metadata": {"tags": {"album": ["Covers Volume 1"], "albumartist": ["Karmin"], "tracknumber": ["2"], "musicbrainz_recordingid": ["1601b941-befb-4b78-9ed0-6887a5c46e4e"], "artist": ["Karmin"], "date": ["2011"], "discnumber": ["1"], "title": ["Born This Way (Lady GaGa Cover)"], "file_name": "2233481.mp3"}, "audio_properties": {"sample_rate": 44100, "downmix": "mix", "lossless": false, "analysis_sample_rate": 44100, "md5_encoded": "995654732041f5bd11f53736337f5884", "equal_loudness": 0, "replay_gain": -16.7140312195, "codec": "mp3", "bit_rate": 320000, "length": 220.813064575}, "version": {"extractor": "music 1.0", "essentia_build_sha": "70f2e5ece6736b2c40cc944ad0e695b16b925413", "essentia_git_sha": "v2.1_beta2", "essentia": "2.1-beta2"}}, "rhythm": {"beats_loudness_band_ratio": {"dvar2": [0.0706774815917, 0.0477714389563, 0.0936884135008, 0.0466687865555, 0.0254089627415, 0.117336757481], "var": [0.0387645848095, 0.02981181629, 0.0555399134755, 0.0225516967475, 0.0116788679734, 0.0387010164559], "min": [0, 0, 0, 0, 0, 0], "dmean": [0.156072422862, 0.126235455275, 0.224929437041, 0.120974250138, 0.0888676270843, 0.152803778648], "mean": [0.214048340917, 0.158629402518, 0.301042228937, 0.127952590585, 0.0870122537017, 0.133829787374], "max": [0.937270343304, 0.908302128315, 0.960321605206, 0.799802064896, 0.591436743736, 0.960585832596], "dmean2": [0.268056333065, 0.21973657608, 0.39401897788, 0.208990037441, 0.156485930085, 0.277554869652], "median": [0.149308532476, 0.10273770988, 0.240493401885, 0.0658836066723, 0.0396009944379, 0.0507244952023], "dvar": [0.0284164510667, 0.0198966339231, 0.0360494069755, 0.0169368833303, 0.00945340655744, 0.0431786440313]}, "bpm_histogram_first_peak_weight": {"dvar2": 0, "var": 0, "min": 0.115196079016, "dmean": 0, "mean": 0.115196079016, "max": 0.115196079016, "dmean2": 0, "median": 0.115196079016, "dvar": 0}, "bpm": 111.321289062, "beats_count": 409, "bpm_histogram_first_peak_spread": {"dvar2": 0, "var": 0, "min": 0.6328125, "dmean": 0, "mean": 0.6328125, "max": 0.6328125, "dmean2": 0, "median": 0.6328125, "dvar": 0}, "danceability": 0.964518904686, "bpm_histogram_first_peak_bpm": {"dvar2": 0, "var": 0, "min": 112, "dmean": 0, "mean": 112, "max": 112, "dmean2": 0, "median": 112, "dvar": 0}, "beats_position": [0.545668900013, 1.09133780003, 1.64861679077, 2.18267560005, 2.71673464775, 3.22757363319, 3.73841261864, 4.26086139679, 4.78331041336, 5.30575942993, 5.8282084465, 6.35065746307, 6.88471651077, 7.45360517502, 7.99927425385, 8.54494285583, 9.07900238037, 9.61306095123, 10.1471195221, 10.5418596268, 10.9365987778, 11.3429479599, 11.749297142, 12.1556463242, 12.5619955063, 12.9683446884, 13.3979139328, 13.8390922546, 14.2570514679, 14.6750106812, 15.0929698944, 15.5109291077, 15.9172782898, 16.3352375031, 16.7648067474, 17.1943759918, 17.6355552673, 18.1115646362, 18.5643539429, 19.0287532806, 19.458322525, 19.8994998932, 20.3522891998, 20.8050785065, 21.246257782, 21.6874370575, 22.128616333, 22.5697956085, 23.010974884, 23.4521541595, 23.8817234039, 24.3112926483, 24.7524719238, 25.1936511993, 25.7277088165, 26.2617683411, 26.7842178345, 27.3066654205, 27.8407249451, 28.3747844696, 28.9088420868, 29.4312915802, 29.988571167, 30.5458488464, 31.0915184021, 31.6139678955, 32.1364173889, 32.6704750061, 33.204536438, 33.7385940552, 34.2726516724, 34.8067131042, 35.3407707214, 35.9677085876, 36.5946464539, 37.2215881348, 37.848526001, 38.4754638672, 39.1024017334, 39.7525634766, 40.4375495911, 41.1109275818, 41.795917511, 42.492515564, 43.1658935547, 43.8392753601, 44.5126533508, 45.1744194031, 45.83618927, 46.5095672607, 47.1713371277, 47.9027671814, 48.6574134827, 49.4120635986, 50.1667098999, 50.9097480774, 51.6643981934, 52.4887046814, 53.3130149841, 54.1489334106, 54.9732398987, 55.7395019531, 56.4941482544, 57.2487983704, 58.0034446716, 58.7813148499, 59.4430847168, 60.070022583, 60.6853485107, 61.2310180664, 61.7882995605, 62.34557724, 62.8912467957, 63.4369163513, 63.9941940308, 64.5398635864, 65.0855331421, 65.6195907593, 66.1536483765, 66.6877059937, 67.2217712402, 67.7442169189, 68.2666625977, 68.8007278442, 69.3231735229, 69.9036712646, 70.5073928833, 71.1111068726, 71.7264404297, 72.3301544189, 72.91065979, 73.4911575317, 74.0484313965, 74.6173248291, 75.1978225708, 75.7783203125, 76.3820419312, 76.9741516113, 77.5894775391, 78.2048034668, 78.7620849609, 79.2961425781, 79.8302001953, 80.375869751, 80.9331512451, 81.4904327393, 82.0360946655, 82.5701599121, 83.0926055908, 83.626663208, 84.1723327637, 84.7063903809, 85.2520599365, 85.7977294922, 86.3433990479, 86.8890686035, 87.4231262207, 87.9571838379, 88.4912490845, 89.0253067017, 89.5709762573, 90.093421936, 90.6274795532, 91.1731491089, 91.695602417, 92.2296600342, 92.7637176514, 93.2977752686, 93.8550567627, 94.4123306274, 94.9696121216, 95.4804534912, 95.9796829224, 96.4789123535, 96.9897460938, 97.5005874634, 98.0230331421, 98.5338745117, 99.0563278198, 99.590385437, 100.147659302, 100.681724548, 101.238998413, 101.796279907, 102.353561401, 102.910835266, 103.46811676, 104.048614502, 104.629112244, 105.221221924, 105.906211853, 106.567977905, 107.264579773, 107.949569702, 108.611335754, 109.261497498, 109.92326355, 110.585029602, 111.246803284, 111.896957397, 112.535507202, 113.127616882, 113.719726562, 114.311836243, 114.892333984, 115.472831726, 116.099769592, 116.715103149, 117.423309326, 118.119903564, 118.816505432, 119.524711609, 120.232925415, 120.929519653, 121.626121521, 122.322715759, 123.019317627, 123.692695618, 124.366073608, 125.097503662, 125.840545654, 126.595191956, 127.361450195, 128.081268311, 128.824310303, 129.544128418, 130.275558472, 130.937316895, 131.622314453, 132.295684814, 132.957458496, 133.619232178, 134.19972229, 134.768615723, 135.349105835, 135.929611206, 136.498504639, 137.067382812, 137.636276245, 138.205169678, 138.762451172, 139.319732666, 139.958267212, 140.608428955, 141.223754883, 141.862304688, 142.500854492, 143.034912109, 143.568969727, 144.091430664, 144.625488281, 145.159545898, 145.705215454, 146.25088501, 146.796554565, 147.342224121, 147.876281738, 148.421951294, 148.96762085, 149.513290405, 150.093780518, 150.674285889, 151.231567383, 151.800445557, 152.380950928, 152.96144104, 153.541946411, 154.110839844, 154.633285522, 155.155731201, 155.6665802, 156.084533691, 156.514099121, 156.943664551, 157.373245239, 157.733154297, 158.104675293, 158.47618103, 158.859313965, 159.195999146, 159.521087646, 159.869384766, 160.217681885, 160.554367065, 160.891067505, 161.239364624, 161.587661743, 161.924346924, 162.272644043, 162.620956421, 162.96925354, 163.305938721, 163.689071655, 164.048980713, 164.420501709, 164.780410767, 165.140319824, 165.488616943, 165.860137939, 166.220046997, 166.591567993, 166.951477051, 167.311386108, 167.671295166, 168.089248657, 168.507202148, 168.925170898, 169.34312439, 169.761077881, 170.190658569, 170.631835938, 171.03817749, 171.444534302, 171.850875854, 172.268844604, 172.698410034, 173.151199341, 173.592376709, 174.080001831, 174.555999756, 175.043624878, 175.519638062, 175.995635986, 176.47164917, 176.924438477, 177.388839722, 177.841629028, 178.306030273, 178.793640137, 179.281265259, 179.884979248, 180.488708496, 181.092422485, 181.707748413, 182.323074341, 182.926803589, 183.51890564, 184.134231567, 184.714736938, 185.272018433, 185.817687988, 186.363357544, 186.920639038, 187.489517212, 188.058410645, 188.638900757, 189.219406128, 189.799911499, 190.287521362, 190.763534546, 191.239547729, 191.703948975, 192.168334961, 192.632736206, 193.073913574, 193.480270386, 193.886611938, 194.304580688, 194.72253418, 195.175323486, 195.616500854, 196.069290161, 196.603347778, 197.137405396, 197.636642456, 198.217132568, 198.809249878, 199.320083618, 199.830932617, 200.330154419, 200.840988159, 201.363449097, 201.885894775, 202.408340454, 202.919174194, 203.430023193, 203.975692749, 204.521362305, 205.06703186, 205.728790283, 206.378952026, 206.959457397, 207.528335571, 208.097229004, 208.666122437, 209.246612549, 209.792282104, 210.33795166, 210.883621216, 211.417678833, 211.95173645, 212.485794067, 212.915374756, 213.344940186, 213.762893677, 214.180862427, 214.598815918, 215.016769409, 215.423126221, 215.829467773, 216.259048462, 216.688613892, 217.106567383, 217.536148071, 217.965713501, 218.395278931, 218.882904053, 219.382125854, 219.881362915], "beats_loudness": {"dvar2": 0.000134430243634, "var": 0.000102922247606, "min": 0, "dmean": 0.00826973281801, "mean": 0.0231475010514, "max": 0.0532612763345, "dmean2": 0.0142013337463, "median": 0.0235744584352, "dvar": 4.78567963e-05}, "bpm_histogram_second_peak_weight": {"dvar2": 0, "var": 0, "min": 0.0588235296309, "dmean": 0, "mean": 0.0588235296309, "max": 0.0588235296309, "dmean2": 0, "median": 0.0588235296309, "dvar": 0}, "bpm_histogram_second_peak_spread": {"dvar2": 0, "var": 0, "min": 0.547169804573, "dmean": 0, "mean": 0.547169804573, "max": 0.547169804573, "dmean2": 0, "median": 0.547169804573, "dvar": 0}, "bpm_histogram_second_peak_bpm": {"dvar2": 0, "var": 0, "min": 103, "dmean": 0, "mean": 103, "max": 103, "dmean2": 0, "median": 103, "dvar": 0}, "onset_rate": 3.62264084816}, "lowlevel": {"spectral_energyband_high": {"dvar2": 4.49761091659e-06, "var": 6.93806032359e-06, "min": 7.09219729662e-21, "dmean": 0.000587792426813, "mean": 0.00113053550012, "max": 0.0274561420083, "dmean2": 0.000832249817904, "median": 0.000315698329359, "dvar": 2.47377761298e-06}, "spectral_energyband_middle_low": {"dvar2": 3.05107587337e-05, "var": 7.47997546569e-05, "min": 1.90640657573e-22, "dmean": 0.00300276279449, "mean": 0.0128076272085, "max": 0.0646556541324, "dmean2": 0.00449147075415, "median": 0.0111792571843, "dvar": 1.34700421768e-05}, "spectral_energy": {"dvar2": 3.98290721932e-05, "var": 0.00011735449516, "min": 1.01610236367e-20, "dmean": 0.0039042616263, "mean": 0.0220041945577, "max": 0.0685183033347, "dmean2": 0.00590849202126, "median": 0.0227448027581, "dvar": 1.75757486431e-05}, "spectral_spread": {"dvar2": 2419635781630.0, "var": 21250409758700.0, "min": 560696.625, "dmean": 656717.5, "mean": 4450370, "max": 42515832, "dmean2": 899610.1875, "median": 3443666, "dvar": 1654908911620.0}, "spectral_energyband_low": {"dvar2": 5.48120260646e-06, "var": 1.9214605345e-05, "min": 8.20274450872e-24, "dmean": 0.000912700837944, "mean": 0.00368331302889, "max": 0.0406461432576, "dmean2": 0.00140766380355, "median": 0.00229432550259, "dvar": 2.37651261159e-06}, "spectral_rolloff": {"dvar2": 3649655.75, "var": 7949291, "min": 43.06640625, "dmean": 572.806762695, "mean": 2120.71923828, "max": 19832.0800781, "dmean2": 940.316833496, "median": 1098.19335938, "dvar": 1912909.25}, "barkbands": {"dvar2": [6.33334912292e-11, 1.24472649077e-06, 1.64207403941e-06, 3.01013892567e-06, 3.3374483337e-06, 4.08125652029e-06, 7.09784217179e-06, 5.68328505324e-06, 2.00705544557e-05, 5.19154582435e-06, 2.39352107201e-06, 2.41232851295e-06, 1.29325690068e-06, 1.29505792756e-06, 8.49200489483e-07, 9.18483294754e-07, 6.56403926769e-07, 9.68534664025e-07, 1.05645449366e-06, 7.51762399887e-07, 1.87255196238e-07, 7.55339826242e-08, 2.02694764084e-07, 6.30709223515e-07, 1.11145175197e-06, 2.23272792255e-07, 3.11397307939e-09], "var": [6.69402727693e-11, 3.77706010113e-06, 3.76785601475e-06, 8.62009983393e-06, 3.98203928853e-06, 7.99455483502e-06, 9.99637632049e-06, 9.10500511964e-06, 4.10973916587e-05, 1.40256133818e-05, 5.50036111235e-06, 1.99581154448e-06, 1.14761428449e-06, 1.41178043123e-06, 6.06222499755e-07, 8.43036104925e-07, 8.7998773779e-07, 1.1095978607e-06, 1.35865582251e-06, 1.08002882371e-06, 1.48515255205e-07, 5.12128046637e-08, 2.03799316978e-07, 5.92385788423e-07, 1.31286367377e-06, 1.26643129761e-07, 2.74856493121e-09], "min": [5.74974780013e-25, 2.12751684061e-24, 4.75231700195e-25, 1.27020174148e-24, 5.66509493918e-24, 8.94300132699e-24, 6.24822486462e-24, 6.68572396721e-24, 7.21077953054e-24, 1.52337244952e-23, 1.2545882909e-23, 1.61286398605e-23, 2.37599840166e-23, 5.21727232946e-23, 3.21833792314e-23, 4.98475431547e-23, 7.58736516061e-23, 8.45683755293e-23, 1.37281613694e-22, 1.63010419403e-22, 2.09569343439e-22, 3.08517946451e-22, 4.10971742455e-22, 5.71787487711e-22, 8.36622154251e-22, 1.28874012422e-21, 1.73017507474e-21], "dmean": [1.28575675262e-06, 0.000294319761451, 0.000406295555877, 0.000631871516816, 0.000570300791878, 0.000760337396059, 0.000866242218763, 0.000605701818131, 0.00143002800178, 0.000675798102748, 0.000327617308358, 0.000342017679941, 0.000249560718657, 0.000257362582488, 0.000207463104744, 0.000232698468608, 0.00020407269767, 0.000295706588076, 0.000338571961038, 0.000290559517452, 9.77107993094e-05, 3.59269979526e-05, 6.5183492552e-05, 0.000119309646834, 0.00016650208272, 5.41057888768e-05, 8.19880642666e-06], "mean": [1.88916737898e-06, 0.000865314097609, 0.00133694289252, 0.00233590858988, 0.00134036887903, 0.00225164997391, 0.00210309913382, 0.00125854741782, 0.00323757412843, 0.00155901815742, 0.000679794466123, 0.000581610307563, 0.00040828550118, 0.000393828348024, 0.000290824827971, 0.000381669844501, 0.000401324388804, 0.000556621351279, 0.000640175654553, 0.000580608902965, 0.00015853306104, 4.62997231807e-05, 9.24806518015e-05, 0.000174835251528, 0.00024551936076, 6.98158401065e-05, 1.1388112398e-05], "max": [0.000371503701899, 0.024746991694, 0.0172416847199, 0.0281300283968, 0.0216692108661, 0.0312904976308, 0.0438464060426, 0.0329622402787, 0.0606501512229, 0.0408686958253, 0.031243192032, 0.0215209703892, 0.017202552408, 0.025263518095, 0.0160771440715, 0.0155066195875, 0.0136618688703, 0.0121768526733, 0.0164993554354, 0.0160695295781, 0.00921937450767, 0.00608734646812, 0.00855604093522, 0.0172279756516, 0.017171530053, 0.0116486502811, 0.00107478920836], "dmean2": [2.22716425924e-06, 0.000464807410026, 0.000619124155492, 0.00101276731584, 0.000868403178174, 0.00112091260962, 0.00131432933267, 0.000927016255446, 0.00210436456837, 0.000974921917077, 0.000492274994031, 0.000525005918462, 0.000385034276405, 0.000394912116462, 0.000317870464642, 0.000343797408277, 0.000308578717522, 0.000444587087259, 0.000491006707307, 0.000424228666816, 0.000149231258547, 5.42232155567e-05, 9.50219182414e-05, 0.000174975881237, 0.000236296807998, 7.94225998106e-05, 1.18673333418e-05], "median": [3.58164413683e-07, 0.000303813867504, 0.000412992114434, 0.0013271070784, 0.000566355825868, 0.00125829898752, 0.00103351438884, 0.000321595522109, 0.000891480071004, 0.000199402522412, 0.00015759987582, 0.000172876927536, 8.91884265002e-05, 9.75801449385e-05, 6.48456189083e-05, 8.03901057225e-05, 7.16835420462e-05, 0.000146548671182, 0.000175311288331, 0.000191822226043, 3.34463766194e-05, 3.96668747271e-06, 9.03191630641e-06, 1.43812376336e-05, 1.29026575451e-05, 4.17863839175e-06, 8.06216519322e-07], "dvar": [2.70179555811e-11, 5.15445549354e-07, 6.95561425346e-07, 1.16881085432e-06, 1.36190487865e-06, 1.78967547981e-06, 2.99546263705e-06, 2.47483990279e-06, 9.82944038697e-06, 2.7655694339e-06, 1.08735412141e-06, 1.04363584796e-06, 5.54512666895e-07, 6.13436270669e-07, 3.64564442634e-07, 4.35170619539e-07, 2.84049576749e-07, 4.35452847114e-07, 5.24205177044e-07, 3.68144355889e-07, 8.20455738904e-08, 3.49814079925e-08, 1.00897452171e-07, 2.9990405892e-07, 6.15886676769e-07, 9.74532738951e-08, 1.46027834269e-09]}, "melbands_skewness": {"dvar2": 0.666396141052, "var": 1.57519936562, "min": -2.77985692024, "dmean": 0.460782438517, "mean": 1.90294909477, "max": 10.0381822586, "dmean2": 0.671597063541, "median": 1.68104505539, "dvar": 0.30923268199}, "barkbands_skewness": {"dvar2": 0.552276968956, "var": 1.46149885654, "min": -5.05625009537, "dmean": 0.421819239855, "mean": 1.23151230812, "max": 7.45154333115, "dmean2": 0.61064863205, "median": 1.11099660397, "dvar": 0.277293205261}, "erbbands": {"dvar2": [0.000205610471312, 0.0969338268042, 1.60831022263, 15.7409658432, 23.0069503784, 47.0363693237, 177.431549072, 326.160552979, 1125.37670898, 1681.21557617, 4109.70605469, 14277.5849609, 3613.38525391, 4775.76953125, 2778.08984375, 3851.00512695, 2321.45605469, 2305.55249023, 2792.34912109, 1882.47827148, 2807.57983398, 1756.29626465, 1304.80224609, 3227.38598633, 1617.93139648, 1863.64892578, 825.500305176, 41.5494499207, 97.9504547119, 101.303367615, 209.443832397, 332.593170166, 184.333679199, 186.137954712, 65.9835586548, 10.7670497894, 0.387275934219, 0.0133969532326, 7.3750707088e-05, 1.23221127524e-07], "var": [0.00158892129548, 0.257005035877, 3.18459057808, 58.8596115112, 23.7379131317, 74.5651626587, 264.133453369, 608.328308105, 2248.68652344, 1797.10168457, 7415.47265625, 28238.578125, 8919.20996094, 11384.7871094, 4780.83740234, 3026.5378418, 2520.56445312, 2287.94848633, 2635.79125977, 1570.92858887, 2798.08642578, 2925.03491211, 2214.85131836, 4632.63818359, 2753.41918945, 2475.63232422, 861.293518066, 37.5711326599, 61.5328979492, 76.1886367798, 205.782699585, 239.442611694, 201.369842529, 206.352523804, 56.9554786682, 5.75169992447, 0.239852130413, 0.00909033603966, 7.20854513929e-05, 1.74498794081e-07], "min": [6.34566654136e-23, 5.88194734311e-22, 9.25004817407e-22, 2.57251272189e-21, 9.79995929932e-21, 2.28627680678e-20, 5.76660175247e-20, 1.06440470312e-19, 6.05117514765e-20, 1.72000976819e-19, 1.89865945475e-19, 1.9833658514e-19, 5.13135495938e-19, 7.03402236269e-19, 7.56583228813e-19, 9.70774203809e-19, 1.39805269486e-18, 2.51595668704e-18, 2.0927950739e-18, 3.3520245281e-18, 4.03311511831e-18, 5.26526226566e-18, 4.68293786777e-18, 6.27247212109e-18, 6.13369768408e-18, 7.4824946686e-18, 7.16864249186e-18, 8.85942778806e-18, 1.02769258448e-17, 1.10474909075e-17, 1.16666331144e-17, 1.17671198424e-17, 9.38857522591e-18, 8.07138109029e-18, 6.34964228198e-18, 4.36358287201e-18, 2.37448171213e-18, 9.84501886459e-19, 2.56011856748e-19, 2.51941588528e-20], "dmean": [0.00373177672736, 0.0835028663278, 0.379575937986, 1.47235631943, 1.52169930935, 2.12725782394, 4.74022102356, 6.14110088348, 10.3232278824, 12.1445121765, 18.2038097382, 35.5318527222, 17.8694534302, 19.3222351074, 12.0126466751, 13.3782758713, 11.2759218216, 10.4415426254, 12.3944501877, 10.6381597519, 11.8424253464, 10.6221628189, 11.8965320587, 18.6647529602, 13.0275745392, 13.6542072296, 7.6472568512, 1.52512741089, 1.26423144341, 1.36008810997, 2.06040692329, 2.4389872551, 2.18176388741, 2.12408638, 1.0949202776, 0.340529412031, 0.0811030194163, 0.0158830117434, 0.00132392009255, 6.00058083364e-05], "mean": [0.0130491778255, 0.247465744615, 1.26279687881, 5.71138238907, 4.48990392685, 5.01076364517, 12.5077533722, 18.9256420135, 24.7862167358, 29.5835800171, 42.5513458252, 79.7502670288, 43.6531410217, 44.6635131836, 26.9880409241, 24.2207736969, 20.6498394012, 17.6325759888, 18.2989406586, 17.6786060333, 21.0610485077, 22.5957431793, 26.2852058411, 37.1323814392, 28.5145683289, 28.1943244934, 14.48001194, 2.55287098885, 1.65228128433, 1.83041167259, 2.91483974457, 3.39472723007, 3.14534568787, 3.05823349953, 1.51707792282, 0.423941284418, 0.105744585395, 0.0211398731917, 0.00189618149307, 0.000112636022095], "max": [0.638435661793, 6.83598709106, 22.4603614807, 74.6153564453, 61.7767333984, 100.723564148, 162.512313843, 309.226257324, 529.170593262, 868.595031738, 902.59564209, 1912.62451172, 1200.90234375, 1347.75402832, 999.401855469, 910.211730957, 777.902709961, 948.061462402, 978.106750488, 774.869567871, 1065.1809082, 958.403564453, 563.879272461, 695.74597168, 1136.2989502, 837.189819336, 605.756713867, 105.193115234, 189.995117188, 181.516052246, 291.563842773, 513.563598633, 243.663879395, 227.515579224, 187.137710571, 92.6041488647, 10.1430282593, 1.71332883835, 0.184510990977, 0.00975536089391], "dmean2": [0.00585267692804, 0.131641507149, 0.58276695013, 2.32696604729, 2.40282845497, 3.22170639038, 7.01804065704, 9.03735542297, 15.8265838623, 18.2934341431, 27.2495746613, 51.9839515686, 25.4863567352, 27.3727817535, 18.0757274628, 20.3522853851, 16.8336601257, 15.8989152908, 18.4330234528, 16.2321586609, 17.2471828461, 15.7050914764, 17.0667095184, 27.1600227356, 18.2953701019, 19.8072013855, 11.1269979477, 2.24810695648, 1.90705931187, 2.03665590286, 2.99494314194, 3.58609437943, 3.12673282623, 3.06636548042, 1.58337497711, 0.495817393064, 0.118976682425, 0.0233238004148, 0.00190066173673, 8.37106854306e-05], "median": [0.00362671376206, 0.103866368532, 0.568349301815, 3.08735609055, 3.12135839462, 1.86582863331, 6.97930002213, 10.038187027, 10.3093767166, 14.7746362686, 13.1643657684, 23.2379798889, 11.7872400284, 9.28698825836, 9.93051242828, 8.22355651855, 5.74328231812, 5.30737161636, 4.37990379333, 4.91249656677, 4.55185604095, 4.53188419342, 7.28656816483, 11.0772829056, 9.75653076172, 9.97887706757, 4.03972864151, 0.693343997002, 0.185662657022, 0.181092500687, 0.276098489761, 0.287369757891, 0.224541395903, 0.140819653869, 0.0745626613498, 0.0228368137032, 0.00673801312223, 0.00150027358904, 0.000155391157023, 3.91089888581e-05], "dvar": [9.04287298908e-05, 0.0398724451661, 0.665104746819, 6.56382465363, 8.952460289, 20.5622634888, 79.8368225098, 139.445358276, 477.478668213, 722.262329102, 1787.5057373, 7058.74316406, 1896.18237305, 2496.71557617, 1204.05578613, 1635.50280762, 1058.80041504, 1013.18664551, 1345.97607422, 821.088745117, 1388.25341797, 798.072631836, 659.3359375, 1570.53186035, 867.211975098, 889.266662598, 390.070220947, 20.7121963501, 44.4346733093, 47.8242073059, 102.774490356, 147.746734619, 92.8361206055, 98.6879043579, 32.6848068237, 4.6469783783, 0.172547876835, 0.00586735643446, 3.63099534297e-05, 6.80650060758e-08]}, "silence_rate_30dB": {"dvar2": 0, "var": 0, "min": 1, "dmean": 0, "mean": 1, "max": 1, "dmean2": 0, "median": 1, "dvar": 0}, "melbands_spread": {"dvar2": 384.343322754, "var": 809.496398926, "min": 1.32178592682, "dmean": 7.89742231369, "mean": 28.1932067871, "max": 265.811767578, "dmean2": 11.0437068939, "median": 19.8036365509, "dvar": 212.704223633}, "melbands_crest": {"dvar2": 14.8583087921, "var": 32.6951713562, "min": 1.64743745327, "dmean": 2.33877468109, "mean": 14.1478023529, "max": 34.0255966187, "dmean2": 3.65615439415, "median": 13.2847309113, "dvar": 6.04279518127}, "zerocrossingrate": {"dvar2": 0.00050661759451, "var": 0.00531829660758, "min": 0.00439453125, "dmean": 0.0128650041297, "mean": 0.0694781467319, "max": 0.53076171875, "dmean2": 0.0133286044002, "median": 0.05126953125, "dvar": 0.000553315097932}, "barkbands_kurtosis": {"dvar2": 28.4528903961, "var": 44.8376617432, "min": -1.94637644291, "dmean": 2.02677249908, "mean": 3.68942379951, "max": 69.7309265137, "dmean2": 3.05419063568, "median": 1.46121644974, "dvar": 12.7812623978}, "spectral_flux": {"dvar2": 0.000951128313318, "var": 0.00145304831676, "min": 6.34336749794e-11, "dmean": 0.0196530390531, "mean": 0.0649737790227, "max": 0.196491166949, "dmean2": 0.0312352273613, "median": 0.0628809705377, "dvar": 0.000397118797991}, "barkbands_crest": {"dvar2": 9.79836273193, "var": 21.445432663, "min": 3.0532579422, "dmean": 1.97399365902, "mean": 10.8014984131, "max": 25.4828243256, "dmean2": 3.09616303444, "median": 9.77049541473, "dvar": 4.09999227524}, "barkbands_flatness_db": {"dvar2": 0.000763304240536, "var": 0.00471698725596, "min": 0.0398764871061, "dmean": 0.018569169566, "mean": 0.175236925483, "max": 0.488468945026, "dmean2": 0.0264996923506, "median": 0.160278379917, "dvar": 0.000398753007175}, "spectral_entropy": {"dvar2": 0.0935864001513, "var": 0.587096512318, "min": 4.25021219254, "dmean": 0.197618111968, "mean": 6.99288749695, "max": 9.8173532486, "dmean2": 0.272690802813, "median": 7.02928638458, "dvar": 0.0526689961553}, "pitch_salience": {"dvar2": 0.00661633210257, "var": 0.013919073157, "min": 0.118356324732, "dmean": 0.0535063073039, "mean": 0.521708548069, "max": 0.93623483181, "dmean2": 0.0833568051457, "median": 0.523631393909, "dvar": 0.00276551861316}, "erbbands_spread": {"dvar2": 259.306640625, "var": 410.968414307, "min": 1.40276741982, "dmean": 7.30582714081, "mean": 32.1161842346, "max": 163.440322876, "dmean2": 10.8335256577, "median": 28.4308776855, "dvar": 126.378341675}, "dynamic_complexity": 2.43349933624, "spectral_contrast_valleys": {"dvar2": [0.292334288359, 0.249809488654, 0.217611372471, 0.223571941257, 0.246738165617, 0.289468199015], "var": [5.68452501297, 5.76365709305, 5.33629179001, 5.26014375687, 5.78712415695, 5.04734277725], "min": [-28.1748981476, -28.0121650696, -27.838804245, -27.7161960602, -27.5560321808, -27.431974411], "dmean": [0.380222171545, 0.324550390244, 0.300466626883, 0.298808008432, 0.327855348587, 0.364896833897], "mean": [-8.50063610077, -7.24357652664, -8.02821063995, -8.68927097321, -8.45147037506, -11.2059230804], "max": [-5.98624229431, -5.03848791122, -5.54614400864, -6.2500128746, -5.50032806396, -7.12513256073], "dmean2": [0.616434276104, 0.514659404755, 0.472210437059, 0.464619517326, 0.481474876404, 0.485919743776], "median": [-7.86457920074, -6.74666786194, -7.57141494751, -8.16219520569, -7.9449801445, -10.8811063766], "dvar": [0.1382830441, 0.12349704653, 0.108971394598, 0.115733750165, 0.130330219865, 0.186204746366]}, "hfc": {"dvar2": 409.25378418, "var": 678.967956543, "min": 1.08928026735e-16, "dmean": 7.41340017319, "mean": 24.7731838226, "max": 294.044586182, "dmean2": 10.4903211594, "median": 19.6851844788, "dvar": 222.586349487}, "spectral_kurtosis": {"dvar2": 115.728149414, "var": 239.295654297, "min": -1.60212111473, "dmean": 3.52106380463, "mean": 10.4835786819, "max": 135.101226807, "dmean2": 5.82934999466, "median": 6.36942005157, "dvar": 42.0963973999}, "mfcc": {"mean": [-682.774658203, 138.697631836, -10.5927410126, 15.7284851074, -3.67269277573, -27.3730297089, 9.04783153534, -7.22479391098, -9.18384838104, 6.91483879089, -9.54350185394, -0.319998294115, -4.26363134384], "cov": [[9861.63671875, -770.056030273, -539.76940918, 998.700134277, 254.330184937, -343.452972412, 601.45892334, 34.0456466675, 22.953371048, 331.558502197, -298.422210693, 183.580780029, 280.726013184], [-770.056030273, 2251.03417969, -442.114135742, -105.483291626, -9.84807395935, 80.5343551636, 61.5600166321, 3.89629173279, -42.1164779663, 13.9502182007, 58.7802505493, -8.54747104645, -23.6463317871], [-539.76940918, -442.114135742, 1147.02294922, -261.293060303, -34.1632499695, 324.282073975, -142.941604614, 43.0502433777, -66.6773147583, -146.685134888, 91.5515823364, -51.2855377197, 28.163860321], [998.700134277, -105.483291626, -261.293060303, 602.887084961, 103.820785522, -43.6699676514, 57.5151100159, 82.0946884155, 47.4668083191, 27.3346881866, -86.1443786621, 91.89112854, 54.6684494019], [254.330184937, -9.84807395935, -34.1632499695, 103.820785522, 288.935424805, 2.33248281479, -6.5482172966, 47.6114273071, 53.4729576111, 20.6162776947, -56.7186851501, 41.7377510071, 16.3163051605], [-343.452972412, 80.5343551636, 324.282073975, -43.6699676514, 2.33248281479, 463.229614258, -23.8482265472, 42.6056213379, 26.9088039398, -35.2677879333, 92.8243484497, -32.7257385254, 36.3923454285], [601.45892334, 61.5600166321, -142.941604614, 57.5151100159, -6.5482172966, -23.8482265472, 474.891387939, -43.7822227478, 9.48625946045, 80.4365692139, -26.9003829956, -5.27705287933, 42.3346824646], [34.0456466675, 3.89629173279, 43.0502433777, 82.0946884155, 47.6114273071, 42.6056213379, -43.7822227478, 207.981842041, 39.4362411499, 10.3092517853, 24.630153656, 18.4018478394, 21.1352005005], [22.953371048, -42.1164779663, -66.6773147583, 47.4668083191, 53.4729576111, 26.9088039398, 9.48625946045, 39.4362411499, 216.957244873, 48.561794281, 26.0891914368, 15.7770681381, -7.55371332169], [331.558502197, 13.9502182007, -146.685134888, 27.3346881866, 20.6162776947, -35.2677879333, 80.4365692139, 10.3092517853, 48.561794281, 230.868896484, 11.6055259705, 28.3294487, 7.54407596588], [-298.422210693, 58.7802505493, 91.5515823364, -86.1443786621, -56.7186851501, 92.8243484497, -26.9003829956, 24.630153656, 26.0891914368, 11.6055259705, 199.31803894, 13.2956428528, -2.76193594933], [183.580780029, -8.54747104645, -51.2855377197, 91.89112854, 41.7377510071, -32.7257385254, -5.27705287933, 18.4018478394, 15.7770681381, 28.3294487, 13.2956428528, 142.531295776, 27.1925926208], [280.726013184, -23.6463317871, 28.163860321, 54.6684494019, 16.3163051605, 36.3923454285, 42.3346824646, 21.1352005005, -7.55371332169, 7.54407596588, -2.76193594933, 27.1925926208, 146.068832397]], "icov": [[0.000145758225699, 3.60626581823e-05, -1.78546870302e-05, -0.000196652617888, -4.4994365453e-05, 7.3381132097e-05, -0.000120991717267, 3.37810524798e-05, 5.04579911649e-05, -0.000152807871928, 6.27713598078e-05, 7.33311162548e-06, -0.000170002822415], [3.60626581823e-05, 0.000563590379898, 0.000391933688661, 0.000195192740648, -8.21075009299e-05, -0.000310134724714, -8.57886116137e-05, -0.000149241954205, 0.000272142497124, 9.30482929107e-05, -0.000115850998554, -7.14220805094e-05, 2.65770759142e-05], [-1.78546870302e-05, 0.000391933688661, 0.00164474244229, 0.00074405601481, -9.83512509265e-05, -0.0010571667226, 0.000161253163242, -0.000449970335467, 0.000515593972523, 0.000691454741172, -0.00013578250946, -0.000136599017424, -0.000191278159036], [-0.000196652617888, 0.000195192740648, 0.00074405601481, 0.00283470842987, -0.000187282959814, -0.000549883756321, -5.90538038523e-05, -0.00106313789729, -0.000171875057276, 0.00057324609952, 0.00093481503427, -0.00136904383544, -0.000231943224207], [-4.4994365453e-05, -8.21075009299e-05, -9.83512509265e-05, -0.000187282959814, 0.00434542819858, -0.000270734977676, 0.000170337312738, -0.000694604357705, -0.000995535287075, -0.000163804113981, 0.00160594296176, -0.00110513297841, -1.14915228551e-05], [7.3381132097e-05, -0.000310134724714, -0.0010571667226, -0.000549883756321, -0.000270734977676, 0.00335909193382, -0.000103876103822, 2.53419821092e-05, -0.000571333628614, -4.13219459006e-05, -0.0012128490489, 0.001042856602, -0.000806304626167], [-0.000120991717267, -8.57886116137e-05, 0.000161253163242, -5.90538038523e-05, 0.000170337312738, -0.000103876103822, 0.00256775994785, 0.00060151820071, -0.000111287503387, -0.000681062228978, 0.00012835105008, 0.000453490036307, -0.000667311483994], [3.37810524798e-05, -0.000149241954205, -0.000449970335467, -0.00106313789729, -0.000694604357705, 2.53419821092e-05, 0.00060151820071, 0.0059023196809, -0.000707382278051, -0.000428637926234, -0.000928354333155, 0.000315021403367, -0.000652157643344], [5.04579911649e-05, 0.000272142497124, 0.000515593972523, -0.000171875057276, -0.000995535287075, -0.000571333628614, -0.000111287503387, -0.000707382278051, 0.00562101975083, -0.000825058086775, -0.000940341153182, 7.5245179687e-06, 0.00061426544562], [-0.000152807871928, 9.30482929107e-05, 0.000691454741172, 0.00057324609952, -0.000163804113981, -4.13219459006e-05, -0.000681062228978, -0.000428637926234, -0.000825058086775, 0.00547975394875, -0.000548654759768, -0.000808505807072, 6.33356030448e-05], [6.27713598078e-05, -0.000115850998554, -0.00013578250946, 0.00093481503427, 0.00160594296176, -0.0012128490489, 0.00012835105008, -0.000928354333155, -0.000940341153182, -0.000548654759768, 0.0070468140766, -0.00184848858044, 0.00021390573238], [7.33311162548e-06, -7.14220805094e-05, -0.000136599017424, -0.00136904383544, -0.00110513297841, 0.001042856602, 0.000453490036307, 0.000315021403367, 7.5245179687e-06, -0.000808505807072, -0.00184848858044, 0.00898695550859, -0.00146616681013], [-0.000170002822415, 2.65770759142e-05, -0.000191278159036, -0.000231943224207, -1.14915228551e-05, -0.000806304626167, -0.000667311483994, -0.000652157643344, 0.00061426544562, 6.33356030448e-05, 0.00021390573238, -0.00146616681013, 0.00809622649103]]}, "silence_rate_20dB": {"dvar2": 0, "var": 0, "min": 1, "dmean": 0, "mean": 1, "max": 1, "dmean2": 0, "median": 1, "dvar": 0}, "melbands_kurtosis": {"dvar2": 85.2410736084, "var": 109.664627075, "min": -1.95162069798, "dmean": 3.42912554741, "mean": 7.72959947586, "max": 133.30418396, "dmean2": 5.15713262558, "median": 4.48672628403, "dvar": 37.6274833679}, "barkbands_spread": {"dvar2": 166.489898682, "var": 307.114562988, "min": 1.02988052368, "dmean": 5.42240142822, "mean": 20.9720649719, "max": 113.034248352, "dmean2": 7.86789321899, "median": 16.5001163483, "dvar": 87.9524154663}, "erbbands_skewness": {"dvar2": 0.34320217371, "var": 1.12531507015, "min": -4.45169210434, "dmean": 0.388319194317, "mean": 0.443221956491, "max": 4.63954257965, "dmean2": 0.552053332329, "median": 0.483985424042, "dvar": 0.176829785109}, "average_loudness": 0.927739143372, "spectral_centroid": {"dvar2": 235731.828125, "var": 1683103.25, "min": 216.002975464, "dmean": 268.075439453, "mean": 1543.44641113, "max": 11800.0175781, "dmean2": 362.611053467, "median": 1326.73925781, "dvar": 143164.03125}, "dissonance": {"dvar2": 0.0015289762523, "var": 0.00241507380269, "min": 0.15279199183, "dmean": 0.0228512473404, "mean": 0.442940562963, "max": 0.499999195337, "dmean2": 0.0381050333381, "median": 0.457969009876, "dvar": 0.000571522978134}, "erbbands_flatness_db": {"dvar2": 0.000733699416742, "var": 0.00396983558312, "min": 0.0239369161427, "dmean": 0.017740951851, "mean": 0.205860778689, "max": 0.461684793234, "dmean2": 0.024983568117, "median": 0.20075674355, "dvar": 0.000384946179111}, "spectral_strongpeak": {"dvar2": 4.23089838028, "var": 3.20680546761, "min": 0, "dmean": 0.677269518375, "mean": 1.6656421423, "max": 21.0191440582, "dmean2": 1.12527799606, "median": 1.04577481747, "dvar": 1.70529949665}, "spectral_rms": {"dvar2": 3.95167603529e-07, "var": 1.93311916519e-06, "min": 3.14852245838e-12, "dmean": 0.000408495892771, "mean": 0.00441977009177, "max": 0.00817600917071, "dmean2": 0.000610339338891, "median": 0.00471063191071, "dvar": 1.84462891184e-07}, "silence_rate_60dB": {"dvar2": 0.0141226006672, "var": 0.0587414652109, "min": 0, "dmean": 0.00672975834459, "mean": 0.0626642853022, "max": 1, "dmean2": 0.0134609313682, "median": 0, "dvar": 0.00668493984267}, "melbands": {"dvar2": [5.18091951562e-08, 2.91644369099e-07, 3.7951983245e-07, 1.95382597212e-07, 1.54149276455e-07, 1.52648070184e-07, 2.59769649347e-07, 1.70250217479e-07, 3.67453480976e-07, 4.87162651552e-07, 9.60746362466e-08, 8.9983785756e-08, 4.5507029256e-08, 2.65462567484e-08, 2.56166732271e-08, 7.97571786393e-09, 1.08413917843e-08, 1.03052073541e-08, 4.21024504149e-09, 4.50609638492e-09, 4.35738600757e-09, 2.41790498734e-09, 1.86587567619e-09, 2.57925392155e-09, 3.03002400948e-09, 2.08560280157e-09, 9.33876309617e-10, 1.21414367449e-09, 6.37595476416e-10, 6.40092909232e-11, 1.14051060263e-11, 3.23045375172e-11, 4.27942854764e-11, 3.18845227998e-11, 7.52548717786e-11, 8.87906900782e-11, 1.99193994632e-10, 1.15306188209e-10, 1.19357954076e-10, 1.748597378e-10], "var": [2.04816160476e-07, 6.53109395898e-07, 1.19967978662e-06, 1.98707937216e-07, 2.51273121421e-07, 3.10650790425e-07, 4.26947593724e-07, 1.81389111731e-07, 6.524749665e-07, 8.85460565314e-07, 2.43882794848e-07, 2.27067502578e-07, 1.06152171497e-07, 2.4334994464e-08, 2.48357672206e-08, 7.1933592416e-09, 9.82035253116e-09, 9.87176207445e-09, 2.39087505349e-09, 3.61943475191e-09, 4.47508652357e-09, 4.00341315654e-09, 2.27034502309e-09, 3.12715053852e-09, 3.69480712692e-09, 2.45523645859e-09, 1.21680976406e-09, 1.4253953573e-09, 6.9787464696e-10, 4.68556062005e-11, 8.90846164198e-12, 1.81529045268e-11, 2.68432845396e-11, 2.33776609182e-11, 6.26024856953e-11, 9.25065371526e-11, 1.04616086627e-10, 1.02366157217e-10, 1.19907875296e-10, 1.75089082122e-10], "min": [8.65589954205e-25, 6.27885455864e-25, 6.58211734251e-25, 8.54624195977e-25, 1.82904263965e-24, 2.5582301617e-24, 9.89128431584e-25, 1.8831060385e-24, 1.33989632056e-24, 1.06754229025e-24, 2.1405350177e-24, 2.42055204285e-24, 2.03316986521e-24, 2.54722397435e-24, 2.51062161721e-24, 2.38815786421e-24, 3.42502342461e-24, 2.4758214128e-24, 3.07209829688e-24, 3.12678489584e-24, 4.22429847707e-24, 4.25316723633e-24, 3.63513061026e-24, 3.68589657052e-24, 3.28687100314e-24, 4.26650608537e-24, 5.24579682982e-24, 4.21936967413e-24, 3.29606241597e-24, 4.40498233424e-24, 5.1656828773e-24, 5.26046293734e-24, 5.5956736018e-24, 6.00970409246e-24, 5.79351360594e-24, 4.94811898395e-24, 6.14572540619e-24, 4.451628074e-24, 6.50835174812e-24, 6.06385150499e-24], "dmean": [5.8746751165e-05, 0.000164469704032, 0.000244585738983, 0.000122466604807, 0.000147440121509, 0.000141257580253, 0.0001602495322, 0.000124831858557, 0.000181626150152, 0.000210510464967, 8.9598892373e-05, 8.57919148984e-05, 4.6309629397e-05, 3.62097853213e-05, 3.61289203283e-05, 2.07986031455e-05, 2.09179142985e-05, 2.31931298913e-05, 1.36085791382e-05, 1.59476094268e-05, 1.48096733028e-05, 1.14560289148e-05, 1.10210394269e-05, 1.55830311996e-05, 1.67543366842e-05, 1.31788019644e-05, 8.2939859567e-06, 1.02719532151e-05, 6.67804943077e-06, 1.80049369192e-06, 6.49662808883e-07, 7.07697552116e-07, 7.7349585581e-07, 7.66668733831e-07, 1.13149212666e-06, 1.46011234392e-06, 1.58453588028e-06, 1.56272074037e-06, 1.67915209204e-06, 1.96583755496e-06], "mean": [0.000184412667295, 0.000551544188056, 0.000934996118303, 0.000313250086037, 0.000402532314183, 0.000438844203018, 0.000378090975573, 0.000292891607387, 0.000420159602072, 0.000458505819552, 0.00021187083621, 0.000193499930901, 0.000101188998087, 6.22800580459e-05, 6.26401524642e-05, 3.43891297234e-05, 3.26899062202e-05, 3.19710889016e-05, 1.93944779312e-05, 2.54023580055e-05, 2.39799337578e-05, 2.25122730626e-05, 2.09347945201e-05, 3.0125680496e-05, 2.99381335935e-05, 2.45688115683e-05, 1.67308262462e-05, 1.94822841877e-05, 1.18796915558e-05, 2.75849492937e-06, 9.07185949472e-07, 8.72505609095e-07, 9.62269382399e-07, 1.01236560113e-06, 1.53572955242e-06, 2.03862555281e-06, 2.07472999136e-06, 2.14483702621e-06, 2.31925423577e-06, 2.71519502348e-06], "max": [0.00661778543144, 0.0114832203835, 0.010528373532, 0.00581528851762, 0.00463307416067, 0.00652715656906, 0.00686198612675, 0.00766494031996, 0.00674494402483, 0.011636315845, 0.00596147589386, 0.0057506095618, 0.00470027001575, 0.00302325026132, 0.00227139354683, 0.00123177841306, 0.00211756210774, 0.00221054744907, 0.00114586448763, 0.00133921124507, 0.0014227849897, 0.00120400788728, 0.00110334483907, 0.000669939792715, 0.000686303712428, 0.000785424956121, 0.000608221802395, 0.000680690456647, 0.000470180180855, 0.000157599308295, 6.19934653514e-05, 0.000122041994473, 0.000162015101523, 0.000109466105641, 0.000177761932719, 0.000152790671564, 0.000448429927928, 0.000205519856536, 0.000246471667197, 0.000215847132495], "dmean2": [9.25460408325e-05, 0.000254216924077, 0.0003858722921, 0.000188147008885, 0.000217246764805, 0.00020785650122, 0.0002452605695, 0.000188733276445, 0.00027123716427, 0.000306654721498, 0.00012825493468, 0.000120957491163, 6.94511109032e-05, 5.51405755687e-05, 5.41727131349e-05, 3.1315626984e-05, 3.2344221836e-05, 3.48010398739e-05, 2.10780126508e-05, 2.4315671908e-05, 2.15825784835e-05, 1.72447362274e-05, 1.63446402439e-05, 2.31929388974e-05, 2.47701700573e-05, 1.9179773517e-05, 1.20295389934e-05, 1.50912810568e-05, 9.87090243143e-06, 2.70185546469e-06, 9.75402258518e-07, 1.08054496195e-06, 1.18336129162e-06, 1.15309569537e-06, 1.68001247403e-06, 2.12869258576e-06, 2.39059181695e-06, 2.32314619097e-06, 2.4459479846e-06, 2.87803368337e-06], "median": [5.93182739976e-05, 0.000284949172055, 0.000588489172515, 0.00016288466577, 0.000233503451454, 0.000234718507272, 0.000171824038262, 0.000135413923999, 0.000117842530017, 0.000127058810904, 3.83086262445e-05, 3.16222212859e-05, 2.79134546872e-05, 1.90912960534e-05, 1.60843319463e-05, 9.06938748813e-06, 8.56610313349e-06, 6.01032525083e-06, 4.96097936775e-06, 5.75668173042e-06, 4.48650052931e-06, 4.17904675487e-06, 4.08836376664e-06, 7.45835950511e-06, 7.1358463174e-06, 6.39771496935e-06, 5.88727925788e-06, 5.8741097746e-06, 2.57374904322e-06, 6.15903729795e-07, 1.19962379586e-07, 6.43879118911e-08, 6.74249278632e-08, 9.34815886922e-08, 1.3997268411e-07, 1.6476268172e-07, 1.587