{"tonal": {"thpcp": [1, 0.820605933666, 0.648852586746, 0.485603690147, 0.382321536541, 0.708805918694, 0.897858679295, 0.648523211479, 0.600699365139, 0.568960785866, 0.43417263031, 0.665074408054, 0.802305817604, 0.608269035816, 0.627831101418, 0.643352091312, 0.441406726837, 0.421300798655, 0.441418021917, 0.392849504948, 0.615493714809, 0.768338263035, 0.607129752636, 0.59534317255, 0.559106945992, 0.401232600212, 0.532925963402, 0.609544575214, 0.449509650469, 0.518234074116, 0.63321185112, 0.516015470028, 0.469295024872, 0.435411542654, 0.375103056431, 0.711177051067], "hpcp": {"dmean2": [0.190141126513, 0.164938420057, 0.164233833551, 0.164545968175, 0.174296602607, 0.213244065642, 0.237956032157, 0.212163433433, 0.189224481583, 0.167867332697, 0.146760419011, 0.167271316051, 0.172360733151, 0.154621705413, 0.175063952804, 0.191002711654, 0.179421871901, 0.172331273556, 0.167275011539, 0.168654039502, 0.230096831918, 0.256979733706, 0.249530106783, 0.225642889738, 0.178483307362, 0.160872936249, 0.22863394022, 0.274820148945, 0.239657193422, 0.2108335495, 0.197680234909, 0.179908290505, 0.194849923253, 0.232129886746, 0.216888487339, 0.195148736238], "median": [0.0491028055549, 0.0451976209879, 0.0371676161885, 0.0363028496504, 0.0401544049382, 0.0600059479475, 0.0677685514092, 0.0747544467449, 0.0576959550381, 0.0518973469734, 0.043580673635, 0.0459600277245, 0.0475666373968, 0.0482373051345, 0.0486546941102, 0.0472978129983, 0.0471233762801, 0.050791375339, 0.0430446639657, 0.0420600473881, 0.0730993747711, 0.103197291493, 0.107725776732, 0.0573052838445, 0.0342453718185, 0.0371455475688, 0.0562061220407, 0.0653769671917, 0.0717460885644, 0.0420623645186, 0.0376610681415, 0.045803245157, 0.0591034591198, 0.0699628069997, 0.0751241594553, 0.0609278678894], "min": [0, 0, 0, 0, 0, 0, 0, 0, 0, 0, 0, 0, 0, 0, 0, 0, 0, 0, 0, 0, 0, 0, 0, 0, 0, 0, 0, 0, 0, 0, 0, 0, 0, 0, 0, 0], "dvar2": [0.0826936811209, 0.0613267421722, 0.0640775933862, 0.0631162598729, 0.0745732486248, 0.0900662839413, 0.110265828669, 0.0736554414034, 0.0702705681324, 0.0587927140296, 0.0529344454408, 0.0633167400956, 0.0668161734939, 0.0556381233037, 0.0710478201509, 0.078153014183, 0.0720421522856, 0.0661228075624, 0.0667800605297, 0.0743756517768, 0.0984379500151, 0.112283177674, 0.0994242578745, 0.103915177286, 0.0811570063233, 0.0598788894713, 0.095332659781, 0.133047819138, 0.101068623364, 0.10239610076, 0.0885478854179, 0.082223393023, 0.0729448571801, 0.0934326648712, 0.0879821628332, 0.077457241714], "dvar": [0.0342105664313, 0.0242935512215, 0.0257729720324, 0.0256937388331, 0.0283031724393, 0.0354769043624, 0.0459317006171, 0.0292223989964, 0.0293894577771, 0.0247209165245, 0.0201908908784, 0.0250922031701, 0.0284609943628, 0.0224794205278, 0.0284856203943, 0.0334960222244, 0.0299727320671, 0.0265231411904, 0.0248945299536, 0.0273335054517, 0.0398089513183, 0.0470232069492, 0.0388610623777, 0.0433942228556, 0.0320472158492, 0.0225936509669, 0.0378415286541, 0.0546845793724, 0.0378176905215, 0.0401575006545, 0.0353367067873, 0.0310908984393, 0.0300734899938, 0.0387350656092, 0.0338679403067, 0.0318397022784], "dmean": [0.113271065056, 0.097262904048, 0.098199762404, 0.0972236543894, 0.100321777165, 0.128650039434, 0.143158525229, 0.127266854048, 0.114213123918, 0.10238493979, 0.0869672447443, 0.100560151041, 0.104404702783, 0.0923151895404, 0.106412917376, 0.116110928357, 0.108728505671, 0.101503819227, 0.0975176393986, 0.0969268083572, 0.136801034212, 0.151378557086, 0.147126346827, 0.134615525603, 0.104576900601, 0.0939570218325, 0.13493013382, 0.158995553851, 0.139039337635, 0.123185262084, 0.116883426905, 0.104988798499, 0.116066157818, 0.136597260833, 0.127823472023, 0.115927621722], "max": [1, 1, 1, 1, 1, 1, 1, 1, 1, 1, 1, 1, 1, 1, 1, 1, 1, 1, 1, 1, 1, 1, 1, 1, 1, 1, 1, 1, 1, 1, 1, 1, 1, 1, 1, 1], "var": [0.0691331550479, 0.03117624484, 0.0342713296413, 0.0410614088178, 0.0288558416069, 0.0564773157239, 0.0850076377392, 0.0426722355187, 0.0579985566437, 0.0522794425488, 0.0265031158924, 0.0484476871789, 0.0659459903836, 0.033892698586, 0.0457876063883, 0.0713282749057, 0.044973090291, 0.0360312238336, 0.0329513475299, 0.0244028139859, 0.0637692809105, 0.108997225761, 0.067528039217, 0.0681583434343, 0.050893753767, 0.0252023469657, 0.068259999156, 0.105594351888, 0.0488624200225, 0.0660882890224, 0.0608559884131, 0.0326255224645, 0.0647314190865, 0.086909621954, 0.0444696247578, 0.0594173818827], "mean": [0.171002432704, 0.117325529456, 0.111981384456, 0.11732852459, 0.104419060051, 0.16359770298, 0.204223647714, 0.161374568939, 0.158241704106, 0.148610144854, 0.106647275388, 0.141651257873, 0.162016421556, 0.11947927624, 0.137746170163, 0.168307155371, 0.13715647161, 0.12473820895, 0.115732014179, 0.0997020676732, 0.189030244946, 0.26579913497, 0.218116343021, 0.172464460135, 0.129073038697, 0.101620733738, 0.188400000334, 0.23865005374, 0.172376915812, 0.159665375948, 0.151229292154, 0.115402705967, 0.176776200533, 0.213252186775, 0.161677390337, 0.16687695682]}, "tuning_equal_tempered_deviation": 0.0857436731458, "chords_changes_rate": 0.06534422189, "key_key": "A", "tuning_diatonic_strength": 0.451575279236, "key_scale": "major", "chords_number_rate": 0.00525087537244, "tuning_frequency": 448.208557129, "tuning_nontempered_energy_ratio": 0.770815193653, "chords_histogram": [11.4352388382, 1.86697781086, 22.5787639618, 1.48774790764, 8.5472574234, 0.233372226357, 7.78879833221, 0.379229873419, 3.67561268806, 2.33372235298, 5.10501766205, 0, 0.0583430565894, 2.12952160835, 0.758459746838, 0, 3.58809804916, 4.28821468353, 1.60443401337, 3.93815636635, 7.93465566635, 3.70478415489, 4.72578763962, 1.83780634403], "key_strength": 0.600420773029, "chords_key": "E", "chords_strength": {"dmean2": 0.0109859351069, "median": 0.54040235281, "min": -1, "dvar2": 0.00121821917128, "dvar": 0.000660855264869, "dmean": 0.0107090091333, "max": 0.778323948383, "var": 0.0484452322125, "mean": 0.512404680252}, "chords_scale": "major", "hpcp_entropy": {"dmean2": 1.05296230316, "median": 2.0276825428, "min": 0, "dvar2": 0.795678377151, "dvar": 0.291727334261, "dmean": 0.624678790569, "max": 4.48812246323, "var": 0.636072874069, "mean": 1.97945129871}}, "metadata": {"audio_properties": {"equal_loudness": 0, "codec": "mp3", "downmix": "mix", "sample_rate": 44100, "analysis_sample_rate": 44100, "bit_rate": 193338, "md5_encoded": "4512489b176a253dc99bd3e6b6a1a891", "length": 159.111831665, "replay_gain": -8.01182556152, "lossless": false}, "version": {"essentia_build_sha": "c0e182ba78c2de26e491b7b7a4a2c98c1ed34208", "essentia": "2.1-beta2", "extractor": "music 1.0", "essentia_git_sha": "v2.1_beta2-2-gbb40004"}, "tags": {"title": ["Rebel Rouser"], "language": ["eng"], "albumartist": ["The Champs"], "musicbrainz_releasegroupid": ["22470983-3175-3e4a-99cc-642bbbd5371e"], "musicbrainz_recordingid": ["1602fbfe-a0a9-4051-a054-064ef88a20ed"], "encoding": ["Lavf56.40.101"], "musicbrainz_albumartistid": ["bbaa7a18-98ff-4540-9973-8f8340a83d3b"], "discnumber": ["1/1"], "bpm": ["0"], "catalognumber": ["77670"], "musicbrainz album release country": ["US"], "musicbrainz album type": ["compilation"], "musicbrainz album status": ["Official"], "file_name": "07 - Rebel Rouser.mp3", "originaldate": ["1994-04-19"], "acoustid_fingerprint": ["AQADtEr0SAsTBdmh0sUzfWhSfjCP66D6C7p02EL2FzseF_d1pL_QF8-Ni8Ez43jKcITKRcfjWHiQo4XXow9imkP3D3qOSuyOEzlVXMc57fh5zBomxhUaJ8ejomOk4wqP2Ud_IV-CphT6Q3EW42eKmHbRp7hHND-CZ8KtHWd0PA_C4-HgHddxnL9wpcajH1ORG1L5I8eUJjlqp2iOHk8w-ke4Rj_EyD58HhfMCPr0IVOPs8QIJ82PXhJy6EEu5niS47ak4T9xMzd-hDeaZbgO9Qg_uIf1PKgs5fhxZhn6IswSmbh36B_O49c23P2Q57hRecfz4xmcLEH54fYQJNEDH0yqLMOTYw-Dmxi_4MaP_IP2w2PyCb427Ien5Ng0Jce9I-F59Dg7PLZw5VHwL2hUojxIOcEjHT2aaEmeIx-hC0efDg0nWTijDr8xKUezRCHOBn9wiO_xSQ_yHb8cNDp6kUPYUwr04zvy5whT0TiT5EH3SkET6EsUnDwmP0HjI7t6_LiOKT36oRLzwmfQLl-EHx1zYUpHZsg5SOeKZj8incKv4xGNb0eYWCifB9rmHK106Bly0ZgSMepQHeSI_7hy4VLyIDeRLC9KJsrw6Hge_Ggeosd9_EGYH5UjkdB5hB9-2M3BdETOXMEbKNrRRAyJbzHyK_hhNTzO47sSfDXCPMR0EjrCw9FxHqkkP1CfI_IkNOdWnEc_NAveUbjyJMgv7A6ucD4O3Rly5XhSD72O5iWujA-u40KY6If2MCfyB8-FKS-mVRuevsHFg97hTTuuPUd8I_mO6rhT2Azq5fhF8MijdEdymvgxJUf9HH9wy3jyHnliwqtyPDghJs-GUWcy_GiXmchl5I8GKWF15AszXDkxHc0jHT_x5Aiz9UGVOdNw5sN3ITyaSFSq4OvRI1-uQv-R2kW9HedD_EeTPJhOBu-HMIxazHAVHqGqY430BPnRjQLHpGDCZYZ-5EGtnuiFWh-2O3hGXBv84xnRSrmCj9kQHzUURWXwP_iT4QvqlMMPMX8QfseV48nhh8e9B_kHOTuypA4RPjJ-qEeW-GhfHH1epLyhPxFCieGxVsKPXghzjYGe4zwaVkbIbwmeNcLYHI1GhLrxOMGhYz7C3KgWZcGT5fhRfkiXaYW-EM9wHdeOXGIooVqPNT-RHw2XGRqVSNmgH1fQqBp6xEqSqLgc9IEf5HkGXofTZDVETUugWXlxEeGL5rFwXyiX5LhobDme0GijbMSL78SP_vAz1FTwn2gcpqilo1JnWHp29Dgv4XmEvNvQPOiPP0OO5gz6oT8aqtmCWI84yDsRyoSfB-l0fD289eiPvA-qlCma7MLFDS-uD82e47nRbMmyID-SixaaqMvR_cKp4Uf7oxlr4RkJ_DDX444rnI-CXjr8CD2aG0Uca4Sm6_BblL-gX8K1SAiTlJnQH9_xKAyaHfWPS8eJL0eTmhG6C_lDqNNEIsy8o1Zm_Bl-5FqChiMqn3j2I9TnBc0X5DF16D7yo-EYHD_8MAyeH0mPnHjm4Q_MSTn648XV66juoDmD_NCF_BeaS8GO5suQP1DMPApiJfxgUcpx4sdFPFGOUNqRXIcvfMaXo4x0BpecEH_Q6OiXIVaiD8mTN2jyoBtl4dlRabXgOiiuDz-q07AiHV_y47iGXjoiSzwSvcKPcRnOGFfsxAgvsdCSxVE3PEHsLA2-TBIa5TImPQ-uxcj-HF_QLFl2aEduhfiDfykaRdnRRqHxVxqaHKWo4mka0JyN_zDHCHM5nGKMH_kN8TipXniToTvEaJFy5NkHjw9O_HiQVkyhH-FRi0TTLTV-PDnG7kEXKZKKf8gF6UGYXMMjvni0SBkelN3RTJESZJeO34FC50iTD18mPLuCP0HzJaiNPBMFPYuPULrR6DmesAmeHm15eLuI-siXGDrpotpyBpHyb7h24T9uGZmoMLjUSdrwXJDzRWiLMONxKpwmvA54sWhKJRdC3vihizmmeDrC9cZxHaF0Hb4UaHkU4tEQ-WiTHc2kLDdOHb_waDnqrIJ_hNMz4WKgKG_QZ5kQOjma8pjJoGG2I5LDD_qH_OmEJnpQ6zsuNvjSCFN41AtxKcWVPDiZCmnEIPlu_EJT9WDkzGh4hAsPDt-hS0MPig6FP8iPZ1LAZcoeeElyvHCOPlOQd9B54jkmqarQ6BFindiXgKGSp2gmp8iRjOUUTLmFBz_syLiS4Ef-wiMpqEyyQPmNHo3KdLgT4UqgK0oevMXhI3_wsBL2D0-WHM6TIUdTH_V2NM8F7XnwPdATNB8mFlcuPNxVuIpUBSemK0ezH88e9MrQNBueFaqDZjzaKmGS4DfS6Xh03NjWUPgt_MOVw-eIfPOw7zgTNE9RPUSTNMugJ43RTMrxhIPo5siVF9cN98XDxE1wKmfx-6geLWi0JBfy6TWS87i_CrecoFm2oI-LP8eeLB5yg0eTpA_UBZEeHz18XJjSaMdbwfMe4Q8SnUeYhzomMVtxicOXRcGZ3bj0oG8P12mOd8YXR0GXaTjT4E0kHhYbfBeiz9COdD2c5WPQ5-gPZ0t8lA-FZ0f2HI3WQBWzHCInobdwIf_QH4dzFuE1ITqe46IS-Hhx7_hxPOURTuMDXUaeHtuz4-XBPMSHK5Jxolfi4kfaD0n0D08XGt_oY-KWHkyOB3tKE_4x58Koi4F74Ut4_HjQPOjCI_mRKwtKJTx83Iu24HjCFBWVFs1OlMHJI3oy484hJWoQHpcUTgoe5TFevB_6oDmLJz4iOmegfBesIx-aKT3aKEoQQctR_ujyI_cxOcIf9MuR_qgPPRLyX2DyJwGABAKCAQAAAgABIAQyDinEOCDEgQiIAc44owgwwhBDCUAEECUcMUAACgIhxDjFFCMWAEQAYFIIMBBlAhEAAAHBaCeAAsUoB4AAAABHMDEGUCEAGEQpggRQggChEAGOAKOoEsloAIAAkAgsEBCCACAMIYYgAIwwGAiCxSLAOEYcAoAQYoBwABAGmBAEECEYUAgIp5gSCihggZCKCAeEQcgBAQg0khBgBBEQGSacQsAAQRgCyEkBgQBUGKGAAIQBRIBgyDEBDBFIEIIMQgIASpAjRgFEgDNCAGAUA0gARAwgQhiBRDKCAGEUUoYIphABQBGFiGBKCEgEMhYIJogCRBiBiRAEAAEEMoAAIogByhAGLBjAEEqMosIAAwCRSEAEiCCIMEAAMUgRZKQSTCBglAHUGiSIIEwYShZEwCGlFENGCSGAEZI48AlFygAGAECGCIQAEAIIxAARhgBAgWAGIQ0c8YAIAwwgyhgIkDDAYYMEYYggIgQBRAHBiAeCCCMQUUIAAQQCxDBAhCIEgQOkIoAZQo0RSgCBACBOUFAAEIQsppBRAggBDEDICwAAEUYJgJAllBhEGGHIAOAIIcQAY4wDlAAFAGMEAEGZUkIgI4BBAgHCCGMIGEUAQowYhhQiCgBEACEIVMWMNQ1TAphRRBiCwADSAGIMEkgBgwQjDgkEgFIAEECAUoAAZgQACgAJjBNAIMGEAoBCAQgC0gCAAAACUSAQEYIQoJAQSBAhqALOOEYYFExSYIhUghjkoAKGIJIAIo44ISgFADAiiDIGAGqogggQwxxSAAFADhGGEAkUEQARKwRjiCkBFEEEGGoMYQQAAIgQBgEBFACEICSIJEAQjpFhABACACCGCGQAEAQwQZCEFAHhAEKCGSEAQ0QABQEizBAihJDECQEAIoAJIAgihjEHiABEECqEQAII4RQURkgDyCAJA0KQUYAgioQAEgADoAJACCKMIEIAYAAQAAgC"], "date": ["1994-04-19"], "genre": ["Oldies"], "album": ["Tequila: Greatest Hits"], "musicbrainz_artistid": ["bbaa7a18-98ff-4540-9973-8f8340a83d3b"], "asin": ["B000000D8O"], "musicbrainz_albumid": ["c7d81d26-185f-41fa-87e8-1acab45cd39f"], "artist": ["The Champs"], "artistsort": ["Champs, The"], "tracknumber": ["7/10"], "label": ["Curb Records"], "albumartistsort": ["Champs, The"], "acoustid_id": ["2aebd131-17d2-490a-a009-1c16254975c9"], "script": ["Latn"]}}, "rhythm": {"bpm_histogram_first_peak_bpm": {"dmean2": 0, "median": 108, "min": 108, "dvar2": 0, "dvar": 0, "dmean": 0, "max": 108, "var": 0, "mean": 108}, "bpm": 108.852722168, "bpm_histogram_second_peak_spread": {"dmean2": 0, "median": 0.428571403027, "min": 0.428571403027, "dvar2": 0, "dvar": 0, "dmean": 0, "max": 0.428571403027, "var": 0, "mean": 0.428571403027}, "bpm_histogram_first_peak_weight": {"dmean2": 0, "median": 0.398601412773, "min": 0.398601412773, "dvar2": 0, "dvar": 0, "dmean": 0, "max": 0.398601412773, "var": 0, "mean": 0.398601412773}, "onset_rate": 3.74545145035, "beats_position": [0.568888902664, 1.16099774837, 1.74149656296, 2.32199549675, 2.90249419212, 3.47138309479, 4.04027223587, 4.60916090012, 5.17804956436, 5.73532867432, 6.30421733856, 6.86149644852, 7.4303855896, 7.99927425385, 8.56816291809, 9.13705158234, 9.70594120026, 10.2748298645, 10.8437185287, 11.4009971619, 11.9698867798, 12.538775444, 13.0960540771, 13.6533327103, 14.2106122971, 14.7678909302, 15.3251695633, 15.8824491501, 16.4397277832, 17.0086174011, 17.5775051117, 18.1347846985, 18.6920623779, 19.2493419647, 19.8066215515, 20.363899231, 20.9211788177, 21.4784584045, 22.0241260529, 22.5697956085, 23.1270751953, 23.6843528748, 24.2416324615, 24.7989120483, 25.3561897278, 25.9134693146, 26.470746994, 27.0280265808, 27.5853061676, 28.142583847, 28.6998634338, 29.2571430206, 29.8144207001, 30.3717002869, 30.9289798737, 31.4862575531, 32.0435371399, 32.6124267578, 33.1697044373, 33.7269821167, 34.2842636108, 34.8415412903, 35.3988189697, 35.9444885254, 36.5017662048, 37.0474357605, 37.5931053162, 38.1503829956, 38.7076644897, 39.2649421692, 39.8222198486, 40.3678894043, 40.91355896, 41.4708366394, 42.0165061951, 42.5621757507, 43.1194534302, 43.6767349243, 44.2340126038, 44.7796821594, 45.3369598389, 45.894241333, 46.439907074, 46.9855766296, 47.5312461853, 48.0885238647, 48.6341934204, 49.1798629761, 49.7371406555, 50.2944221497, 50.8516998291, 51.3973693848, 51.9546470642, 52.5003166199, 53.0343742371, 53.5684356689, 54.1024932861, 54.6365509033, 55.182220459, 55.7278900146, 56.2735595703, 56.819229126, 57.3765068054, 57.9337844849, 58.5026741028, 59.0715637207, 59.6288414001, 60.1861228943, 60.7434005737, 61.3006782532, 61.8463478088, 62.3920173645, 62.9492950439, 63.5065765381, 64.0638504028, 64.621131897, 65.1784133911, 65.7356872559, 66.29296875, 66.8502502441, 67.4075241089, 67.964805603, 68.5104751587, 69.0561447144, 69.6134262085, 70.1590881348, 70.6931533813, 71.2155990601, 71.7380523682, 72.2721099854, 72.8061676025, 73.3518371582, 73.9091110229, 74.4663925171, 75.0120620728, 75.5577316284, 76.1150131226, 76.6722869873, 77.217956543, 77.7636260986, 78.3092956543, 78.8665771484, 79.4122467041, 79.9579086304, 80.5151901245, 81.0724716187, 81.6181411743, 82.16381073, 82.7094802856, 83.2551422119, 83.8008117676, 84.3580932617, 84.9153747559, 85.4726486206, 86.0183181763, 86.5639877319, 87.1096572876, 87.6553268433, 88.2009963989, 88.7350540161, 89.2691116333, 89.814781189, 90.3604507446, 90.9061203003, 91.4634017944, 92.0206756592, 92.5547409058, 93.100402832, 93.6460723877, 94.1917419434, 94.737411499, 95.2946929932, 95.8519744873, 96.4092483521, 96.9549179077, 97.5005874634, 98.0578689575, 98.6035385132, 99.1492080688, 99.6948699951, 100.240539551, 100.797821045, 101.343490601, 101.889160156, 102.44644165, 103.003715515, 103.560997009, 104.106666565, 104.652336121, 105.209609985, 105.755279541, 106.300949097, 106.835006714, 107.36907196, 107.903129578, 108.460403442, 109.017684937, 109.574966431, 110.109024048, 110.643081665, 111.177139282, 111.711196899, 112.245262146, 112.790924072, 113.336593628, 113.882263184, 114.416320801, 114.961990356, 115.496055603, 116.041717529, 116.587387085, 117.144668579, 117.678726196, 118.23600769, 118.770065308, 119.304122925, 119.838180542, 120.372245789, 120.906303406, 121.463577271, 122.009246826, 122.554916382, 123.088973999, 123.623039246, 124.157096863, 124.702766418, 125.248435974, 125.79410553, 126.351379395, 126.920272827, 127.477546692, 128.023223877, 128.568893433, 129.114562988, 129.660217285, 130.194290161, 130.739959717, 131.285614014, 131.81968689, 132.365356445, 132.911010742, 133.468292236, 134.013961792, 134.559631348, 135.116912842, 135.674194336, 136.219863892, 136.765533447, 137.311203003, 137.868484497, 138.425750732, 138.971420288, 139.528701782, 140.085983276, 140.631652832, 141.177322388, 141.734603882, 142.291885376, 142.837554932, 143.383224487, 143.940490723, 144.497772217, 145.055053711, 145.612335205, 146.181228638, 146.76171875, 147.43510437, 148.12008667, 148.79347229, 149.443618774, 150.093780518, 150.743942261, 151.394104004, 151.93977356, 152.485443115, 153.019500732, 153.472290039, 153.925079346, 154.377868652, 154.807434082, 155.236999512, 155.67817688, 156.223846436, 156.769515991, 157.303573608, 157.837631226, 158.371704102], "beats_loudness": {"dmean2": 0.0114023070782, "median": 0.0148029299453, "min": 0, "dvar2": 0.000166978541529, "dvar": 5.94114972046e-05, "dmean": 0.00669124163687, "max": 0.0630921497941, "var": 0.000228067568969, "mean": 0.0188659522682}, "danceability": 1.04443907738, "bpm_histogram_second_peak_weight": {"dmean2": 0, "median": 0.0139860138297, "min": 0.0139860138297, "dvar2": 0, "dvar": 0, "dmean": 0, "max": 0.0139860138297, "var": 0, "mean": 0.0139860138297}, "beats_count": 287, "bpm_histogram_second_peak_bpm": {"dmean2": 0, "median": 92, "min": 92, "dvar2": 0, "dvar": 0, "dmean": 0, "max": 92, "var": 0, "mean": 92}, "bpm_histogram_first_peak_spread": {"dmean2": 0, "median": 0.571428537369, "min": 0.571428537369, "dvar2": 0, "dvar": 0, "dmean": 0, "max": 0.571428537369, "var": 0, "mean": 0.571428537369}, "beats_loudness_band_ratio": {"dmean2": [0.268772810698, 0.10537917912, 0.240175157785, 0.213022962213, 0.129889249802, 0.147545188665], "median": [0.146869987249, 0.0766233354807, 0.213204786181, 0.163424223661, 0.130946457386, 0.169611230493], "min": [0, 0, 0, 0, 0, 0], "dvar2": [0.0428077913821, 0.00859305169433, 0.0390915870667, 0.0409095212817, 0.0135467695072, 0.0127800535411], "dvar": [0.0167327616364, 0.00292958295904, 0.0137252174318, 0.0135830007493, 0.004977109842, 0.0045666936785], "dmean": [0.152449429035, 0.0600989349186, 0.134287238121, 0.118707373738, 0.0743908584118, 0.0849285647273], "max": [0.901482343674, 0.400151222944, 0.85737913847, 0.811210930347, 0.515361607075, 0.511414051056], "var": [0.0246583651751, 0.0040815253742, 0.0188740324229, 0.0174690186977, 0.00727353757247, 0.0122106727213], "mean": [0.184636771679, 0.0918059423566, 0.232998326421, 0.188342034817, 0.144857823849, 0.18493783474]}}, "lowlevel": {"barkbands_spread": {"dmean2": 8.60942077637, "median": 25.5796012878, "min": 1.54139578342, "dvar2": 79.4018554688, "dvar": 39.3309326172, "dmean": 5.82804298401, "max": 90.3994445801, "var": 190.626678467, "mean": 26.5057640076}, "melbands_spread": {"dmean2": 13.512960434, "median": 32.3440856934, "min": 1.23103642464, "dvar2": 205.738891602, "dvar": 99.748374939, "dmean": 9.11708831787, "max": 191.398330688, "var": 642.182434082, "mean": 36.9225273132}, "hfc": {"dmean2": 6.56616735458, "median": 8.98696708679, "min": 1.06322434276e-16, "dvar2": 98.1842346191, "dvar": 59.217754364, "dmean": 5.02650737762, "max": 141.5340271, "var": 474.447357178, "mean": 18.4505786896}, "barkbands_kurtosis": {"dmean2": 2.57208013535, "median": 0.0341376066208, "min": -1.78934919834, "dvar2": 50.6081924438, "dvar": 24.9742736816, "dmean": 1.69230723381, "max": 300.705322266, "var": 41.0905036926, "mean": 1.49072730541}, "gfcc": {"mean": [-64.9338226318, 77.2150268555, -126.631240845, 25.5822544098, -60.7975730896, 20.2959957123, -30.6012935638, 16.043422699, -26.4869117737, 3.86952853203, -22.0390434265, 0.600119531155, -13.6176643372], "icov": [[0.000365538930055, -0.000736730522476, 0.00117613072507, -0.00102460931521, 0.000705585640389, -0.00114912411664, 0.00072747527156, -0.000647949578706, 0.000681760488078, -0.000875281635672, 0.00117890501861, -0.000836172082927, 0.000641700462438], [-0.000736730522476, 0.00262066395953, -0.00248774513602, 0.00282450276427, -0.00208405661397, 0.00200801156461, -0.00159138196614, 0.00080584193347, -0.000339975318639, 0.00170714349952, -0.00201705936342, 0.00234029022977, -0.000940585217904], [0.00117613072507, -0.00248774513602, 0.0047840392217, -0.00345713808201, 0.00169867218938, -0.00285919313319, 0.00132037408184, -0.00202706106938, 0.00273575331084, -0.00337903737091, 0.0038217108231, -0.00269553950056, 0.00250563048758], [-0.00102460931521, 0.00282450276427, -0.00345713808201, 0.00524394307286, -0.0017687373329, 0.00183264969382, -0.00109301391058, 0.00104986887891, -0.00145539839286, 0.0017574558733, -0.00379840098321, 0.00285896006972, -0.0019228681922], [0.000705585640389, -0.00208405661397, 0.00169867218938, -0.0017687373329, 0.00658602407202, -0.00400303862989, 0.000842707173433, 0.000913286174182, -0.0033208206296, 0.00284253410064, -0.000848020077683, -0.00147937750444, 0.00143415015191], [-0.00114912411664, 0.00200801156461, -0.00285919313319, 0.00183264969382, -0.00400303862989, 0.014284029603, -0.00796614121646, 0.000886979629286, 0.0035518782679, -0.00212245527655, -8.27419426059e-05, 0.00136436522007, -0.00269093550742], [0.00072747527156, -0.00159138196614, 0.00132037408184, -0.00109301391058, 0.000842707173433, -0.00796614121646, 0.0179993193597, -0.00431634718552, -0.00497197685763, 0.00495850481093, -0.00518920226023, 0.00290977093391, -0.00254089292139], [-0.000647949578706, 0.00080584193347, -0.00202706106938, 0.00104986887891, 0.000913286174182, 0.000886979629286, -0.00431634718552, 0.0165355354548, -0.00687843794003, 0.00229394808412, 0.00156429572962, -0.00553997373208, 0.00526487221941], [0.000681760488078, -0.000339975318639, 0.00273575331084, -0.00145539839286, -0.0033208206296, 0.0035518782679, -0.00497197685763, -0.00687843794003, 0.0249186065048, -0.0154943754897, 0.00373782613315, 0.00426261778921, -0.00484416680411], [-0.000875281635672, 0.00170714349952, -0.00337903737091, 0.0017574558733, 0.00284253410064, -0.00212245527655, 0.00495850481093, 0.00229394808412, -0.0154943754897, 0.0277206562459, -0.0128717860207, 0.00202477164567, -0.000532843638211], [0.00117890501861, -0.00201705936342, 0.0038217108231, -0.00379840098321, -0.000848020077683, -8.27419426059e-05, -0.00518920226023, 0.00156429572962, 0.00373782613315, -0.0128717860207, 0.0304276775569, -0.0195696819574, 0.00883841887116], [-0.000836172082927, 0.00234029022977, -0.00269553950056, 0.00285896006972, -0.00147937750444, 0.00136436522007, 0.00290977093391, -0.00553997373208, 0.00426261778921, 0.00202477164567, -0.0195696819574, 0.0365852415562, -0.0142990900204], [0.000641700462438, -0.000940585217904, 0.00250563048758, -0.0019228681922, 0.00143415015191, -0.00269093550742, -0.00254089292139, 0.00526487221941, -0.00484416680411, -0.000532843638211, 0.00883841887116, -0.0142990900204, 0.0213764403015]], "cov": [[38211.0625, -454.330291748, -5237.63525391, 2203.09960938, -2202.70141602, 778.679870605, -965.304016113, 396.852172852, -636.329467773, 269.940795898, -533.98651123, 58.9194450378, -198.902603149], [-454.330291748, 1635.26428223, 362.223236084, -584.542480469, 339.589660645, 25.0806350708, 104.506950378, -14.7309093475, -54.4214286804, -129.988586426, -42.0277557373, -72.7070770264, -59.8536262512], [-5237.63525391, 362.223236084, 1338.08813477, -136.218841553, 287.353240967, -49.1596603394, 129.687011719, -13.5206441879, 33.2350120544, -26.5378398895, 54.7939682007, -17.40583992, -30.0799846649], [2203.09960938, -584.542480469, -136.218841553, 710.741943359, -183.030685425, 62.2155914307, -65.6199035645, 36.0303115845, -6.14443206787, 77.5210571289, 14.7025365829, 29.6756229401, 5.79366111755], [-2202.70141602, 339.589660645, 287.353240967, -183.030685425, 427.622344971, 24.7093696594, 115.909118652, -31.8530139923, 56.479019165, -51.0268363953, 43.8511428833, -8.94586372375, 14.3749790192], [778.679870605, 25.0806350708, -49.1596603394, 62.2155914307, 24.7093696594, 143.958297729, 38.2272377014, 13.0955543518, -14.1514911652, 4.01050138474, -3.29214167595, 5.34908246994, 8.70206546783], [-965.304016113, 104.506950378, 129.687011719, -65.6199035645, 115.909118652, 38.2272377014, 130.580596924, 12.4804992676, 39.6332931519, -14.9199533463, 27.5307121277, -1.17461848259, 18.3960895538], [396.852172852, -14.7309093475, -13.5206441879, 36.0303115845, -31.8530139923, 13.0955543518, 12.4804992676, 90.1111068726, 17.5185451508, 12.6168165207, -0.819542765617, 8.21587657928, -14.541176796], [-636.329467773, -54.4214286804, 33.2350120544, -6.14443206787, 56.479019165, -14.1514911652, 39.6332931519, 17.5185451508, 100.064086914, 38.5347557068, 21.3815422058, 0.509481608868, 22.2213077545], [269.940795898, -129.988586426, -26.5378398895, 77.5210571289, -51.0268363953, 4.01050138474, -14.9199533463, 12.6168165207, 38.5347557068, 85.9349517822, 29.8207244873, 15.7859745026, 4.41243886948], [-533.98651123, -42.0277557373, 54.7939682007, 14.7025365829, 43.8511428833, -3.29214167595, 27.5307121277, -0.819542765617, 21.3815422058, 29.8207244873, 82.8117141724, 34.5352134705, 3.64834475517], [58.9194450378, -72.7070770264, -17.40583992, 29.6756229401, -8.94586372375, 5.34908246994, -1.17461848259, 8.21587657928, 0.509481608868, 15.7859745026, 34.5352134705, 57.1591377258, 23.3167514801], [-198.902603149, -59.8536262512, -30.0799846649, 5.79366111755, 14.3749790192, 8.70206546783, 18.3960895538, -14.541176796, 22.2213077545, 4.41243886948, 3.64834475517, 23.3167514801, 79.2978897095]]}, "spectral_energyband_middle_low": {"dmean2": 0.00202148756944, "median": 0.00239549577236, "min": 1.80484205947e-22, "dvar2": 8.67683502292e-06, "dvar": 4.02738623961e-06, "dmean": 0.00136828888208, "max": 0.0323441252112, "var": 1.63436598086e-05, "mean": 0.00375834456645}, "melbands_crest": {"dmean2": 4.27408409119, "median": 11.0211658478, "min": 1.42789912224, "dvar2": 13.9523067474, "dvar": 6.76633024216, "dmean": 2.7894423008, "max": 39.6564064026, "var": 26.160112381, "mean": 11.7496948242}, "spectral_kurtosis": {"dmean2": 2.65067720413, "median": 3.17554402351, "min": -1.27601194382, "dvar2": 21.9180355072, "dvar": 9.50785732269, "dmean": 1.67038667202, "max": 78.9841842651, "var": 55.2515144348, "mean": 5.8331785202}, "spectral_rms": {"dmean2": 0.000554027501494, "median": 0.00296241394244, "min": 3.09960130479e-12, "dvar2": 4.07193653018e-07, "dvar": 2.34897370888e-07, "dmean": 0.000413916044636, "max": 0.00854615867138, "var": 3.282078751e-06, "mean": 0.00311458786018}, "zerocrossingrate": {"dmean2": 0.0116519071162, "median": 0.07568359375, "min": 0, "dvar2": 0.000198237874429, "dvar": 0.000167512058397, "dmean": 0.0112208500504, "max": 0.529296875, "var": 0.00527147203684, "mean": 0.0844319090247}, "silence_rate_60dB": {"dmean2": 0.112667836249, "median": 0, "min": 0, "dvar2": 0.111941799521, "dvar": 0.0531543120742, "dmean": 0.0563256964087, "max": 1, "var": 0.196180611849, "mean": 0.26801866293}, "erbbands_kurtosis": {"dmean2": 1.47491931915, "median": -0.0256327390671, "min": -1.62509393692, "dvar2": 4.30306768417, "dvar": 2.34892106056, "dmean": 0.972681701183, "max": 38.380027771, "var": 5.73600721359, "mean": 0.635504126549}, "erbbands": {"dmean2": [0.0120261255652, 0.191620022058, 0.732992172241, 0.911725819111, 1.97625052929, 1.61709785461, 2.14933943748, 2.90179443359, 8.68211174011, 5.41980934143, 12.0086116791, 18.9565048218, 21.2829837799, 29.0538024902, 20.9580135345, 27.6825752258, 19.2473506927, 21.6442089081, 20.2094573975, 20.4466838837, 31.4237766266, 15.228972435, 19.2972564697, 12.0535058975, 10.2391786575, 11.7711744308, 10.9149389267, 7.59900188446, 5.6813492775, 3.2687523365, 2.03600335121, 1.17668306828, 0.571713328362, 0.42466917634, 0.316947907209, 0.0606913566589, 0.0135579900816, 0.0017361396458, 3.77611795557e-05, 6.47876913717e-06], "median": [0.00560228526592, 0.136784285307, 0.446573913097, 0.607188045979, 0.694780111313, 0.75361675024, 0.957245111465, 1.57699131966, 2.54692602158, 2.93857812881, 4.69114303589, 7.47763681412, 8.3026714325, 9.38724803925, 7.28329944611, 7.36677885056, 6.96093082428, 5.68472719193, 6.44150447845, 6.01671886444, 5.43277931213, 6.20133161545, 11.1669940948, 7.92271232605, 6.1378159523, 4.12197303772, 3.68445730209, 3.58561754227, 2.35912871361, 1.76735532284, 0.915195941925, 0.659224033356, 0.365285813808, 0.242934435606, 0.181054085493, 0.0392027571797, 0.00752822589129, 0.000762865063734, 2.53710786637e-05, 1.30704966068e-05], "min": [3.27997446556e-23, 6.15587620011e-22, 2.62522448331e-21, 3.1611613857e-21, 8.84870159489e-21, 2.63470967615e-20, 3.63537445852e-20, 6.17753086362e-20, 1.28366462799e-19, 1.16115491412e-19, 2.94121101544e-19, 3.71544896686e-19, 4.23851404227e-19, 9.02735910089e-19, 6.81286476918e-19, 1.2596048908e-18, 1.4046343642e-18, 1.02630955917e-18, 2.07399305178e-18, 2.42292968061e-18, 3.66335380397e-18, 4.94634732998e-18, 4.26183345281e-18, 7.09690442606e-18, 6.25651704785e-18, 8.65071274872e-18, 9.24657147579e-18, 9.51666083504e-18, 1.01346052845e-17, 1.05278709359e-17, 1.11525023134e-17, 1.12555450295e-17, 9.34742547198e-18, 7.95724836373e-18, 6.17094934938e-18, 3.97376242781e-18, 2.22971703992e-18, 9.22319928079e-19, 2.37787852932e-19, 2.54727991658e-20], "dvar2": [0.000782741350122, 0.108430534601, 1.63929128647, 2.33091568947, 15.8456754684, 8.5760717392, 21.4884815216, 24.8643550873, 302.331756592, 126.858016968, 683.856750488, 1848.03198242, 2869.53833008, 4191.7109375, 2545.32128906, 5174.40283203, 1776.02832031, 2907.22216797, 1606.33068848, 2237.55957031, 8413.40429688, 775.526489258, 1236.41088867, 503.476898193, 376.475769043, 492.293579102, 441.032012939, 223.770339966, 101.749237061, 30.9436092377, 12.584856987, 4.04122066498, 1.10522592068, 0.629546523094, 0.405665367842, 0.0123720131814, 0.000749826023821, 1.55804300448e-05, 6.69117783403e-09, 8.66778593345e-11], "dvar": [0.000337038654834, 0.0527467541397, 0.862539172173, 1.10352575779, 6.64651298523, 3.48324394226, 7.48606967926, 9.31281852722, 120.168548584, 46.8281860352, 346.551849365, 908.711669922, 1269.5213623, 1907.84155273, 1195.3302002, 2246.5222168, 764.836791992, 1190.30554199, 759.634460449, 927.697509766, 3256.91064453, 323.256744385, 493.314910889, 207.328704834, 161.860092163, 228.456558228, 213.155395508, 120.216583252, 51.2311477661, 16.9747924805, 6.38211917877, 2.1270160675, 0.633306205273, 0.340901046991, 0.213304683566, 0.00692536495626, 0.000377582910005, 7.3048458944e-06, 3.26639693071e-09, 5.34559514709e-11], "dmean": [0.00746108917519, 0.13004142046, 0.506860554218, 0.603370785713, 1.22911906242, 1.0084489584, 1.29554033279, 1.77335894108, 5.30709123611, 3.45379304886, 8.31473922729, 12.7526493073, 14.475353241, 19.5742378235, 13.6788263321, 18.0093688965, 12.537150383, 14.0325431824, 13.1201000214, 13.4956302643, 20.1723804474, 9.75654506683, 11.9652442932, 7.66014051437, 6.61666059494, 7.7889509201, 7.5668053627, 5.29745483398, 4.00841236115, 2.38026332855, 1.46613931656, 0.850013911724, 0.431839197874, 0.326252967119, 0.244161963463, 0.0469997413456, 0.00993531197309, 0.00125245342497, 2.84249363176e-05, 5.07080903844e-06], "max": [0.428979814053, 4.99230384827, 23.3474750519, 36.9951934814, 61.9761276245, 55.8968544006, 52.8556747437, 51.4866333008, 166.209350586, 145.573577881, 532.313781738, 809.065307617, 859.41607666, 1531.23181152, 1136.86047363, 851.523193359, 826.391967773, 731.531005859, 783.532470703, 658.468505859, 1318.31616211, 397.579956055, 397.567962646, 360.993286133, 379.820892334, 223.244125366, 333.921112061, 288.394897461, 124.472213745, 67.4425811768, 62.0316925049, 29.1873607635, 20.3277873993, 11.7065343857, 13.286907196, 2.48564219475, 0.655173361301, 0.0802249759436, 0.00180620653555, 0.000157340968144], "var": [0.00131312001031, 0.248837485909, 4.86627674103, 4.77795362473, 13.3224372864, 7.97291660309, 11.5177373886, 17.9833641052, 208.05960083, 91.6425323486, 1184.23217773, 3318.90112305, 5105.23193359, 8929.11230469, 3541.41870117, 6261.21728516, 2346.31567383, 2851.48168945, 3311.74707031, 2723.25097656, 9840.52832031, 1117.47302246, 1751.12548828, 830.128540039, 582.69732666, 655.723876953, 683.417053223, 390.887542725, 175.345123291, 56.8356208801, 23.239200592, 7.45483064651, 2.17249417305, 0.876992464066, 0.483817607164, 0.0200621020049, 0.00103850231972, 1.79837788892e-05, 9.47583167488e-09, 4.38760472399e-10], "mean": [0.0194228533655, 0.345871716738, 1.23529589176, 1.27424919605, 1.99879813194, 1.67586910725, 2.07300400734, 3.11831140518, 8.53405475616, 6.24257612228, 16.7770595551, 24.4959793091, 30.7994060516, 42.5227165222, 27.2024555206, 33.9769821167, 24.9445743561, 26.9653873444, 27.8104343414, 27.1520385742, 40.5679626465, 21.4113922119, 26.6317539215, 17.7975196838, 14.8467254639, 16.2038593292, 16.1458702087, 11.8739881516, 8.6188211441, 5.10029029846, 3.13250136375, 1.81973445415, 0.937822163105, 0.605844557285, 0.433504849672, 0.0921848043799, 0.0194795560092, 0.00232909899205, 6.11879149801e-05, 2.03884537768e-05]}, "spectral_strongpeak": {"dmean2": 0.898736298084, "median": 0.348383724689, "min": 0, "dvar2": 2.36364865303, "dvar": 0.950887203217, "dmean": 0.542019844055, "max": 11.4726991653, "var": 2.37236118317, "mean": 1.05295598507}, "spectral_energy": {"dmean2": 0.00417825393379, "median": 0.00899529457092, "min": 9.8477168628e-21, "dvar2": 3.49306428689e-05, "dvar": 1.94111798919e-05, "dmean": 0.00305983354338, "max": 0.0748627558351, "var": 0.000180788920261, "mean": 0.013307325542}, "average_loudness": 0.568231463432, "spectral_rolloff": {"dmean2": 842.898803711, "median": 1981.0546875, "min": 21.533203125, "dvar2": 1131094.75, "dvar": 610971.125, "dmean": 545.307250977, "max": 19724.4140625, "var": 8110829.5, "mean": 2522.73144531}, "spectral_centroid": {"dmean2": 383.049285889, "median": 1847.15161133, "min": 193.487304688, "dvar2": 183336.5, "dvar": 97806.4375, "dmean": 262.879547119, "max": 11946.2714844, "var": 2478491.25, "mean": 1960.89013672}, "pitch_salience": {"dmean2": 0.0901102870703, "median": 0.612719118595, "min": 0.0165318772197, "dvar2": 0.00633158674464, "dvar": 0.0028715650551, "dmean": 0.0591028444469, "max": 0.976882576942, "var": 0.0121933668852, "mean": 0.606844842434}, "spectral_energyband_middle_high": {"dmean2": 0.00258520524949, "median": 0.00237538246438, "min": 1.06375174339e-21, "dvar2": 1.81239411177e-05, "dvar": 9.01179282664e-06, "dmean": 0.00179868447594, "max": 0.054660666734, "var": 7.07309372956e-05, "mean": 0.00624952884391}, "spectral_contrast_coeffs": {"dmean2": [0.0739803612232, 0.0704670622945, 0.0631854683161, 0.0490464456379, 0.0360051132739, 0.0267064869404], "median": [-0.664379119873, -0.761101841927, -0.754037678242, -0.788475751877, -0.79171538353, -0.759827375412], "min": [-0.982997536659, -0.979041337967, -0.976688563824, -0.971824944019, -0.966981947422, -0.966653525829], "dvar2": [0.00361503055319, 0.00343745830469, 0.00257975771092, 0.00168325670529, 0.000952351489104, 0.000617601152044], "dvar": [0.00138804758899, 0.00131568673532, 0.00113621586934, 0.000765999080613, 0.000417548784753, 0.000286906259134], "dmean": [0.0458899512887, 0.0431389175355, 0.040488012135, 0.0318645313382, 0.022759212181, 0.0170245021582], "max": [-0.376569837332, -0.504776120186, -0.479783713818, -0.526977837086, -0.614387631416, -0.625534832478], "var": [0.00714971125126, 0.00512299221009, 0.00603943876922, 0.00548798637465, 0.00370453624055, 0.00371216190979], "mean": [-0.666447043419, -0.756745219231, -0.751048088074, -0.781433284283, -0.789937198162, -0.76642793417]}, "melbands_skewness": {"dmean2": 0.887638390064, "median": 1.32364141941, "min": -2.29459166527, "dvar2": 0.983151316643, "dvar": 0.54329764843, "dmean": 0.622856557369, "max": 18.8708629608, "var": 1.89623975754, "mean": 1.58486843109}, "spectral_spread": {"dmean2": 666659.125, "median": 4416036.5, "min": 1161251.125, "dvar2": 978098651136, "dvar": 475932393472, "dmean": 452009.4375, "max": 42614180, "var": 30244090150900.0, "mean": 5210491.5}, "dissonance": {"dmean2": 0.0281096231192, "median": 0.474168777466, "min": 0.236083820462, "dvar2": 0.000845903414302, "dvar": 0.00035629371996, "dmean": 0.0172065980732, "max": 0.499992102385, "var": 0.001181518659, "mean": 0.463694155216}, "spectral_skewness": {"dmean2": 0.322136044502, "median": 1.33114385605, "min": -0.114348702133, "dvar2": 0.165144190192, "dvar": 0.0845694839954, "dmean": 0.211034700274, "max": 7.02807998657, "var": 0.852805912495, "mean": 1.62196063995}, "spectral_flux": {"dmean2": 0.0215960592031, "median": 0.045557834208, "min": 6.35504843194e-11, "dvar2": 0.000532860052772, "dvar": 0.000237122236285, "dmean": 0.0140535552055, "max": 0.187751725316, "var": 0.00116137473378, "mean": 0.051297776401}, "spectral_contrast_valleys": {"dmean2": [0.710401058197, 0.588681817055, 0.529112160206, 0.505753815174, 0.404564678669, 0.365832179785], "median": [-8.03483581543, -7.19022703171, -7.44688463211, -7.9127573967, -7.60165309906, -10.0377626419], "min": [-28.2458763123, -28.1023578644, -27.9469394684, -27.6725597382, -27.5917243958, -27.3859100342], "dvar2": [0.332487344742, 0.276195377111, 0.225888445973, 0.262235045433, 0.236664906144, 0.204299554229], "dvar": [0.151207953691, 0.131411254406, 0.113550305367, 0.13754196465, 0.148321956396, 0.127761557698], "dmean": [0.443394988775, 0.36985078454, 0.343460530043, 0.337080746889, 0.294576406479, 0.296390771866], "max": [-6.12467050552, -5.17660856247, -5.2629699707, -5.71246767044, -5.49393701553, -8.00240802765], "var": [8.97850894928, 9.62495326996, 9.37146854401, 9.24360561371, 9.97339344025, 7.97000741959], "mean": [-8.61155605316, -7.70558309555, -7.96996545792, -8.42230606079, -8.33692264557, -10.7542152405]}, "erbbands_flatness_db": {"dmean2": 0.0250445622951, "median": 0.151804864407, "min": 0.0357654541731, "dvar2": 0.000564144342206, "dvar": 0.000341841892805, "dmean": 0.017955750227, "max": 0.354134500027, "var": 0.00237040920183, "mean": 0.160860598087}, "spectral_energyband_high": {"dmean2": 0.000514836108778, "median": 0.000329716422129, "min": 7.02358492663e-21, "dvar2": 7.65162440075e-07, "dvar": 4.76453976717e-07, "dmean": 0.00039884931175, "max": 0.0134038412943, "var": 2.20442325372e-06, "mean": 0.00102368218359}, "spectral_entropy": {"dmean2": 0.203424528241, "median": 7.7757601738, "min": 5.6437292099, "dvar2": 0.0522275641561, "dvar": 0.0295449029654, "dmean": 0.143586978316, "max": 9.8245639801, "var": 0.342125743628, "mean": 7.69682073593}, "silence_rate_20dB": {"dmean2": 0, "median": 1, "min": 1, "dvar2": 0, "dvar": 0, "dmean": 0, "max": 1, "var": 0, "mean": 1}, "melbands_flatness_db": {"dmean2": 0.0319617986679, "median": 0.135560721159, "min": 0.00294186780229, "dvar2": 0.00124334846623, "dvar": 0.00076952856034, "dmean": 0.0237765200436, "max": 0.476073920727, "var": 0.00772089930251, "mean": 0.159071296453}, "barkbands": {"dmean2": [3.44961299561e-05, 0.000707293627784, 0.00068033055868, 0.000362913880963, 0.000553130812477, 0.000331305025611, 0.000539949862286, 0.000468622427434, 0.000822473724838, 0.000871915544849, 0.000569895899389, 0.00068044551881, 0.000424635363743, 0.000459998234874, 0.000383831822546, 0.000647388049401, 0.000258574727923, 0.000374387309421, 0.000220299625653, 0.000241409652517, 0.000226376039791, 0.000141520868056, 7.48032616684e-05, 4.24011486757e-05, 3.95256502088e-05, 8.19892557047e-06, 2.66201567456e-07], "median": [4.61995659862e-05, 0.000458766444353, 0.000345541193383, 0.000158054026542, 0.000272361241514, 0.000172095868038, 0.000181813069503, 0.000153366621817, 0.000313841184834, 0.000243534042966, 0.000141995726153, 0.000157217757078, 0.000118771378766, 0.000101786994492, 8.40714710648e-05, 9.17940706131e-05, 7.93674844317e-05, 0.000213750114199, 0.000132435408887, 8.11473582871e-05, 9.62859776337e-05, 6.20407881797e-05, 3.79479752155e-05, 2.59427506535e-05, 2.4026245228e-05, 4.93539482704e-06, 5.19520426678e-08], "min": [4.07736933708e-25, 2.81145963987e-24, 2.3356544378e-24, 2.4708321634e-25, 8.64438513107e-24, 5.69965454101e-24, 7.76112676334e-24, 9.572917015e-24, 1.56887031777e-23, 1.6749637476e-23, 1.32198288684e-23, 2.24255516424e-23, 2.31120878219e-23, 1.80042418596e-23, 5.35882111268e-23, 6.06584558759e-23, 7.42556915786e-23, 9.23147687375e-23, 1.07425828517e-22, 1.75596499509e-22, 2.44964509893e-22, 3.21484800249e-22, 4.16442019516e-