{"tonal": {"thpcp": [1, 0.738612294197, 0.62337821722, 0.774756669998, 0.614022672176, 0.397215634584, 0.310716331005, 0.283464342356, 0.537616491318, 0.901237010956, 0.680876731873, 0.313941270113, 0.288220316172, 0.344317704439, 0.720922827721, 0.976722240448, 0.627337813377, 0.39720800519, 0.483930528164, 0.394271939993, 0.381460785866, 0.54153496027, 0.430288314819, 0.385925799608, 0.525175154209, 0.374377161264, 0.19365593791, 0.19458539784, 0.305068045855, 0.782455682755, 0.998350679874, 0.569549500942, 0.243366613984, 0.173275470734, 0.210409209132, 0.63134264946], "hpcp": {"dmean2": [0.191706061363, 0.174414768815, 0.201602935791, 0.221231147647, 0.228483870625, 0.186844646931, 0.182450383902, 0.204478114843, 0.266486376524, 0.275451898575, 0.248522058129, 0.195190563798, 0.180198058486, 0.172887146473, 0.169512748718, 0.193884804845, 0.182315915823, 0.171489343047, 0.164300620556, 0.142873823643, 0.108979538083, 0.109428673983, 0.168670237064, 0.274381399155, 0.252252697945, 0.198786243796, 0.141522929072, 0.116493560374, 0.132309928536, 0.207332640886, 0.228553652763, 0.258131951094, 0.279632002115, 0.25113350153, 0.251090109348, 0.232853457332], "median": [0.0160881578922, 0.012135961093, 0.026350626722, 0.0369140021503, 0.0319626331329, 0.0171100255102, 0.0106807462871, 0.0118677336723, 0.0559404045343, 0.0906904637814, 0.0558965802193, 0.0203481260687, 0.0132156917825, 0.0124297989532, 0.030346089974, 0.0446403473616, 0.0344310738146, 0.0291167665273, 0.0301033426076, 0.0223215967417, 0.0127638354897, 0.0118975779042, 0.02055202052, 0.0650995522738, 0.0913056582212, 0.0427000448108, 0.00924955867231, 0.00593757908791, 0.00814645458013, 0.0452594198287, 0.0782275572419, 0.0694772824645, 0.0377288460732, 0.0321943387389, 0.0245981067419, 0.0177849140018], "min": [0, 0, 0, 0, 0, 0, 0, 0, 0, 0, 0, 0, 0, 0, 0, 0, 0, 0, 0, 0, 0, 0, 0, 0, 0, 0, 0, 0, 0, 0, 0, 0, 0, 0, 0, 0], "dvar2": [0.113559305668, 0.105461522937, 0.111681871116, 0.121002994478, 0.120941668749, 0.116775721312, 0.123401023448, 0.122387744486, 0.133030772209, 0.14120644331, 0.12596693635, 0.0976585969329, 0.0960721820593, 0.0919369161129, 0.0851032435894, 0.105015568435, 0.093744918704, 0.0855760797858, 0.0792629420757, 0.0752920359373, 0.0639934241772, 0.0643991455436, 0.0918653383851, 0.138905987144, 0.11988773942, 0.097962975502, 0.0765349268913, 0.0695680454373, 0.0729251354933, 0.0990135595202, 0.112237051129, 0.124010004103, 0.151656165719, 0.131341516972, 0.145486861467, 0.141561836004], "dvar": [0.0400959998369, 0.0373013652861, 0.0394101850688, 0.0456531979144, 0.0441108494997, 0.0404952988029, 0.0434695146978, 0.0442356839776, 0.0485673733056, 0.0533370189369, 0.0444363951683, 0.033788960427, 0.0347455479205, 0.0325113274157, 0.0294597130269, 0.0373550578952, 0.0324859805405, 0.0295165199786, 0.0293099991977, 0.0259040761739, 0.0211519468576, 0.0217872839421, 0.0316694565117, 0.0489347055554, 0.0440114699304, 0.0347300767899, 0.0268614832312, 0.0233175810426, 0.0247993003577, 0.0366752780974, 0.0429229363799, 0.0446524359286, 0.0528892278671, 0.0483495853841, 0.0513580106199, 0.0499533265829], "dmean": [0.104138724506, 0.0951497927308, 0.114100277424, 0.125968918204, 0.129905208945, 0.101481616497, 0.0984551683068, 0.112784028053, 0.150961667299, 0.157773032784, 0.140223756433, 0.108609341085, 0.101564519107, 0.0964440405369, 0.094624184072, 0.109210804105, 0.101843364537, 0.096115745604, 0.0952630490065, 0.0812022015452, 0.0590924322605, 0.0592843107879, 0.0919872373343, 0.152246788144, 0.143486633897, 0.113461218774, 0.0779820904136, 0.0625266954303, 0.0723847672343, 0.117577984929, 0.131166279316, 0.145731240511, 0.156692117453, 0.141868576407, 0.140598058701, 0.128291264176], "max": [1, 1, 1, 1, 1, 1, 1, 1, 1, 1, 1, 1, 1, 1, 1, 1, 1, 1, 1, 1, 1, 1, 1, 1, 1, 1, 1, 1, 1, 1, 1, 1, 1, 1, 1, 1], "var": [0.0301688369364, 0.0295500345528, 0.052276134491, 0.119361698627, 0.0726957395673, 0.0316652096808, 0.0329235568643, 0.0380617640913, 0.0712474733591, 0.108913235366, 0.0546118691564, 0.034867208451, 0.0605249740183, 0.0416228324175, 0.0304616168141, 0.0553046390414, 0.036319386214, 0.0299675501883, 0.055505476892, 0.033087849617, 0.0148199861869, 0.0158885233104, 0.0264924764633, 0.0763949677348, 0.112295717001, 0.0501402914524, 0.0231849234551, 0.0162758138031, 0.0184278152883, 0.0572392232716, 0.118604905903, 0.0663866922259, 0.0637867227197, 0.0972737669945, 0.0700568407774, 0.0424833707511], "mean": [0.0822018608451, 0.0749921798706, 0.142229646444, 0.238427624106, 0.180130004883, 0.0830550342798, 0.0762504041195, 0.0910912975669, 0.190724432468, 0.258397698402, 0.16596595943, 0.105083748698, 0.128026708961, 0.104306995869, 0.100917726755, 0.143266305327, 0.113835334778, 0.102098971605, 0.138938218355, 0.0990437120199, 0.0512328334153, 0.051478728652, 0.0807075724006, 0.207003310323, 0.264119625092, 0.150677710772, 0.0643840879202, 0.0458410605788, 0.0556650087237, 0.167025461793, 0.264555960894, 0.195404291153, 0.164918422699, 0.204966500401, 0.162443354726, 0.105085767806]}, "tuning_equal_tempered_deviation": 0.012960462831, "chords_changes_rate": 0.0519770868123, "key_key": "F", "tuning_diatonic_strength": 0.435085713863, "key_scale": "minor", "chords_number_rate": 0.00153695687186, "tuning_frequency": 440.254241943, "tuning_nontempered_energy_ratio": 0.640802264214, "chords_histogram": [18.1221179962, 10.3395280838, 11.9882631302, 6.13385486603, 16.7109127045, 6.52508020401, 0.0279446691275, 5.47715520859, 0, 3.77253031731, 0.0978063419461, 6.42727422714, 0, 0, 0, 0, 0.125751018524, 0, 0.293419033289, 0, 0.0279446691275, 0, 10.3255558014, 3.60486245155], "key_strength": 0.677702367306, "chords_key": "F", "chords_strength": {"dmean2": 0.00716491462663, "median": 0.506505250931, "min": 0.230027019978, "dvar2": 4.80722701468e-05, "dvar": 5.98144288233e-05, "dmean": 0.00903865695, "max": 0.763808250427, "var": 0.0121879018843, "mean": 0.506912708282}, "chords_scale": "minor", "hpcp_entropy": {"dmean2": 0.853184759617, "median": 2.09920310974, "min": 0, "dvar2": 0.568146884441, "dvar": 0.206415191293, "dmean": 0.505543410778, "max": 4.33728742599, "var": 0.556785523891, "mean": 2.06292414665}}, "metadata": {"audio_properties": {"equal_loudness": 0, "codec": "mp3", "downmix": "mix", "sample_rate": 44100, "analysis_sample_rate": 44100, "bit_rate": 256020, "md5_encoded": "4e6b915eabdcff4861d18a407d31cdeb", "length": 332.30368042, "replay_gain": -14.0967826843, "lossless": false}, "version": {"essentia_build_sha": "70f2e5ece6736b2c40cc944ad0e695b16b925413", "essentia": "2.1-beta2", "extractor": "music 1.0", "essentia_git_sha": "v2.1_beta2"}, "tags": {"title": ["Collapse Of The Falling Throe"], "artist": ["Novembers Doom"], "albumartist": ["Novembers Doom"], "date": ["2005"], "genre": ["Death/Doom Metal"], "album": ["The Pale Haunt Departure"], "tracknumber": ["8"], "musicbrainz_recordingid": ["160254e2-0804-4457-a533-b0fadfb2c26b"], "file_name": "393965.mp3"}}, "rhythm": {"bpm_histogram_first_peak_bpm": {"dmean2": 0, "median": 108, "min": 108, "dvar2": 0, "dvar": 0, "dmean": 0, "max": 108, "var": 0, "mean": 108}, "bpm": 106.740402222, "bpm_histogram_second_peak_spread": {"dmean2": 0, "median": 0.388429701328, "min": 0.388429701328, "dvar2": 0, "dvar": 0, "dmean": 0, "max": 0.388429701328, "var": 0, "mean": 0.388429701328}, "bpm_histogram_first_peak_weight": {"dmean2": 0, "median": 0.251830160618, "min": 0.251830160618, "dvar2": 0, "dvar": 0, "dmean": 0, "max": 0.251830160618, "var": 0, "mean": 0.251830160618}, "onset_rate": 2.64199995995, "beats_position": [0.568888902664, 1.10294783115, 1.64861679077, 2.18267560005, 2.72834467888, 3.26240348816, 3.79646253586, 4.34213161469, 4.88780021667, 5.42185926437, 5.94430828094, 6.46675729752, 7.00081634521, 7.52326536179, 8.04571437836, 8.56816291809, 9.0906124115, 9.61306095123, 10.1471195221, 10.6695690155, 11.1920175552, 11.7144670486, 12.2369155884, 12.7593650818, 13.2818136215, 13.8158731461, 14.3267116547, 14.8607711792, 15.3948297501, 15.9056682587, 16.4281177521, 16.9505672455, 17.4846248627, 17.995464325, 18.5063037872, 19.0171432495, 19.5395908356, 20.062040329, 20.5844898224, 21.1069393158, 21.6177768707, 22.1402263641, 22.6742858887, 23.1851234436, 23.707572937, 24.2068023682, 24.7060317993, 25.2052612305, 25.7044887543, 26.2037181854, 26.6913375854, 27.2602272034, 27.8291149139, 28.409614563, 28.9901123047, 29.5706119537, 30.1394996643, 30.6967792511, 31.265668869, 31.8345565796, 32.4034461975, 32.960723877, 33.5296134949, 34.0868911743, 34.6441726685, 35.2014503479, 35.7703399658, 36.3392295837, 36.8965072632, 37.4537849426, 38.0110664368, 38.57995224, 39.1488418579, 39.7177314758, 40.2750091553, 40.8438987732, 41.4011802673, 41.9584579468, 42.5157356262, 43.0730133057, 43.6419029236, 44.2107925415, 44.7796821594, 45.3485717773, 45.9058494568, 46.4631271362, 47.0204086304, 47.5776863098, 48.1581840515, 48.7154655457, 49.2843513489, 49.8532409668, 50.4105224609, 50.9678001404, 51.5250778198, 52.0823554993, 52.6396369934, 53.1969146729, 53.7658042908, 54.3346939087, 54.8919715881, 55.4492492676, 56.0065307617, 56.5754165649, 57.1443061829, 57.701587677, 58.2588653564, 58.8161430359, 59.3850326538, 59.9539222717, 60.5111999512, 61.0800895691, 61.648979187, 62.2062568665, 62.7751464844, 63.3324241638, 63.9013137817, 64.4585952759, 65.0274810791, 65.5963668823, 66.1536483765, 66.7109298706, 67.2798156738, 67.8487091064, 68.4175949097, 68.9864807129, 69.5553741455, 69.9384994507, 70.3216323853, 70.7047576904, 71.0995025635, 71.4942398071, 71.8889770508, 72.2837142944, 72.6784591675, 73.0848083496, 73.4795455933, 73.8510665894, 74.2341918945, 74.6057128906, 74.9888458252, 75.3603591919, 75.7434921265, 76.1266174316, 76.4981384277, 76.8812713623, 77.252784729, 77.6243057251, 77.9958267212, 78.3673477173, 78.7504730225, 79.133605957, 79.5051269531, 79.8766403198, 80.2481613159, 80.619682312, 80.9912033081, 81.3743286133, 81.7574615479, 82.1289749146, 82.5004959106, 82.8720169067, 83.2435379028, 83.6150588989, 83.9865722656, 84.3580932617, 84.7412261963, 85.1243515015, 85.507484436, 85.8906097412, 86.2621307373, 86.6336517334, 87.0051651001, 87.3766860962, 87.7482070923, 88.1197280884, 88.4912490845, 88.8743743896, 89.2575073242, 89.6290206909, 90.000541687, 90.3720626831, 90.7551879883, 91.1383209229, 91.5098419189, 91.8813552856, 92.2528762817, 92.6243972778, 92.9959182739, 93.36743927, 93.7389526367, 94.1104736328, 94.4819946289, 94.8651199341, 95.2366409302, 95.6197738647, 96.0028991699, 96.3860321045, 96.7575454712, 97.1290664673, 97.5121994019, 97.895324707, 98.2668457031, 98.6383666992, 99.0098876953, 99.381401062, 99.8922424316, 100.403083801, 100.913917542, 101.494422913, 102.074920654, 102.667030334, 103.259140015, 103.851242065, 104.431747437, 105.00063324, 105.569519043, 106.138412476, 106.69568634, 107.264579773, 107.821853638, 108.39074707, 108.959632874, 109.516914368, 110.074195862, 110.631469727, 111.200363159, 111.757637024, 112.314918518, 112.883804321, 113.452697754, 114.009971619, 114.567253113, 115.136146545, 115.705032349, 116.262313843, 116.819587708, 117.38848114, 117.957366943, 118.514648438, 119.083534241, 119.652427673, 120.209701538, 120.766983032, 121.324264526, 121.89315033, 122.462036133, 123.030929565, 123.599815369, 124.157096863, 124.714370728, 125.271652222, 125.828933716, 126.386207581, 126.955101013, 127.523986816, 128.092880249, 128.661773682, 129.219039917, 129.776321411, 130.333602905, 130.902496338, 131.471374512, 132.028656006, 132.597549438, 133.166442871, 133.723709106, 134.280990601, 134.838272095, 135.395553589, 135.964447021, 136.533325195, 137.090606689, 137.659500122, 138.216781616, 138.78565979, 139.342941284, 139.900222778, 140.469116211, 141.037994385, 141.595275879, 142.164169312, 142.721450806, 143.290344238, 143.859222412, 144.428115845, 144.985397339, 145.542678833, 146.099945068, 146.668838501, 147.237731934, 147.806625366, 148.37550354, 148.932785034, 149.490066528, 150.058959961, 150.627838135, 151.185119629, 151.742401123, 152.299682617, 152.856964111, 153.425842285, 153.983123779, 154.552017212, 155.120910645, 155.67817688, 156.247070312, 156.804351807, 157.361633301, 157.918914795, 158.487792969, 159.056686401, 159.625579834, 160.194458008, 160.751739502, 161.309020996, 161.86630249, 162.435195923, 162.992462158, 163.561355591, 164.118637085, 164.675918579, 165.233200073, 165.802078247, 166.37097168, 166.928253174, 167.497146606, 168.06602478, 168.623306274, 169.192199707, 169.761077881, 170.318359375, 170.875640869, 171.432922363, 172.001815796, 172.57069397, 173.127975464, 173.685256958, 174.242538452, 174.811431885, 175.380310059, 175.949203491, 176.518096924, 177.075378418, 177.632644653, 178.201538086, 178.584671021, 178.967803955, 179.350921631, 179.734054565, 180.105575562, 180.477096558, 180.848617554, 181.208526611, 181.580047607, 181.951568604, 182.323074341, 182.694595337, 183.066116333, 183.437637329, 183.809158325, 184.180679321, 184.552200317, 184.923721313, 185.306838989, 185.689971924, 186.06149292, 186.433013916, 186.816146851, 187.187667847, 187.570785522, 187.953918457, 188.337051392, 188.708572388, 189.080093384, 189.451599121, 189.823120117, 190.194641113, 190.577774048, 190.960906982, 191.332427979, 191.703948975, 192.075454712, 192.458587646, 192.841720581, 193.213241577, 193.584762573, 193.956283569, 194.327789307, 194.699310303, 195.070831299, 195.453964233, 195.848709106, 196.231826782, 196.603347778, 196.974868774, 197.346389771, 197.729522705, 198.101043701, 198.472564697, 198.855682373, 199.227203369, 199.598724365, 199.970245361, 200.341766357, 200.713287354, 201.08480835, 201.456329346, 201.827835083, 202.210968018, 202.594100952, 202.965621948, 203.337142944, 203.70866394, 204.068572998, 204.440093994, 204.82321167, 205.194732666, 205.589477539, 205.972610474, 206.355728149, 206.738861084, 207.11038208, 207.481903076, 207.865036011, 208.236557007, 208.608062744, 208.991195679, 209.362716675, 209.745849609, 210.117370605, 210.488891602, 210.860397339, 211.417678833, 211.974960327, 212.532241821, 213.089523315, 213.658401489, 214.227294922, 214.796188354, 215.353469849, 215.910751343, 216.479629517, 217.048522949, 217.605804443, 218.174682617, 218.731964111, 219.300857544, 219.869750977, 220.427032471, 220.984298706, 221.5415802, 222.098861694, 222.656143188, 223.236633301, 223.805526733, 224.374420166, 224.93170166, 225.488967896, 226.057861328, 226.615142822, 227.184036255, 227.741317749, 228.298583984, 228.855865479, 229.424758911, 229.993652344, 230.562530518, 231.13142395, 231.688705444, 232.245986938, 232.803268433, 233.372146606, 233.929428101, 234.498321533, 235.067199707, 235.624481201, 236.193374634, 236.750656128, 237.307937622, 237.865203857, 238.43409729, 239.002990723, 239.571884155, 240.140762329, 240.698043823, 241.255325317, 241.812606812, 242.369888306, 242.927154541, 243.496047974, 244.064941406, 244.6222229, 245.191101074, 245.759994507, 246.328887939, 246.886169434, 247.455047607, 248.012329102, 248.581222534, 249.150115967, 249.707382202, 250.276275635, 250.845169067, 251.414047241, 251.982940674, 252.540222168, 253.097503662, 253.654785156, 254.212051392, 254.769332886, 255.32661438, 255.883895874, 256.441162109, 256.998443604, 257.555725098, 258.124633789, 258.693511963, 259.250793457, 259.819671631, 260.388580322, 260.945831299, 261.51473999, 262.083618164, 262.640899658, 263.198181152, 263.755462646, 264.32434082, 264.893249512, 265.450531006, 266.007781982, 266.565063477, 267.133972168, 267.702850342, 268.260131836, 268.81741333, 269.386291504, 269.955200195, 270.524078369, 271.081359863, 271.638641357, 272.195922852, 272.764801025, 273.333679199, 273.890960693, 274.459869385, 275.017150879, 275.586029053, 276.143310547, 276.712188721, 277.269470215, 277.826751709, 278.395629883, 278.964538574, 279.521820068, 280.079101562, 280.636352539, 281.20526123, 281.774139404, 282.343048096, 282.91192627, 283.469207764, 284.026489258, 284.595367432, 285.164245605, 285.733154297, 286.302032471, 286.859313965, 287.416595459, 287.985473633, 288.380218506, 288.786560059, 289.192932129, 289.599273682, 290.005615234, 290.38873291, 290.771881104, 291.154998779, 291.526519775, 291.909667969, 292.292785645, 292.664306641, 293.047424316, 293.43057251, 293.813690186, 294.196807861, 294.556732178, 294.905029297, 295.264923096, 295.636444092, 296.031188965, 296.414337158, 296.785858154, 297.16897583, 297.540496826, 297.912017822, 298.283538818, 298.666656494, 299.049804688, 299.421295166, 299.792816162, 300.164337158, 300.535858154, 300.90737915, 301.290527344, 301.66204834, 302.033569336, 302.416687012, 302.799804688, 303.182952881, 303.554473877, 303.925994873, 304.297485352, 304.680633545, 305.063751221, 305.435272217, 305.806793213, 306.178314209, 306.549835205, 306.921356201, 307.292877197, 307.675994873, 308.059143066, 308.430664062, 308.802185059, 309.173675537, 309.545196533, 309.916717529, 310.288238525, 310.671386719, 311.054504395, 311.43762207, 311.820770264, 312.19229126, 312.563812256, 312.935333252, 313.306854248, 313.678375244, 314.049865723, 314.421386719, 314.792907715, 315.164428711, 315.535949707, 315.907470703, 316.278991699, 316.662139893, 317.045257568, 317.416778564, 317.788299561, 318.159820557, 318.531341553, 318.914459229, 319.297576904, 319.6690979, 320.052246094, 320.43536377, 320.830108643, 321.213226318, 321.596374512, 321.991119385, 322.38583374, 322.81539917, 323.244995117, 323.674560547, 324.0809021, 324.487243652, 324.893585205, 325.299957275, 325.706298828, 326.112640381, 326.518981934, 326.925354004, 327.343292236, 327.761260986, 328.179229736, 328.562347412, 328.957092285, 329.340209961, 329.723358154, 330.10647583, 330.489593506, 330.872741699, 331.255859375, 331.639007568], "beats_loudness": {"dmean2": 0.0257692653686, "median": 0.0417092256248, "min": 6.28618002096e-09, "dvar2": 0.000554125232156, "dvar": 0.000190769307665, "dmean": 0.0151870818809, "max": 0.107125237584, "var": 0.000557116640266, "mean": 0.0402502864599}, "danceability": 0.949835479259, "bpm_histogram_second_peak_weight": {"dmean2": 0, "median": 0.216691076756, "min": 0.216691076756, "dvar2": 0, "dvar": 0, "dmean": 0, "max": 0.216691076756, "var": 0, "mean": 0.216691076756}, "beats_count": 684, "bpm_histogram_second_peak_bpm": {"dmean2": 0, "median": 161, "min": 161, "dvar2": 0, "dvar": 0, "dmean": 0, "max": 161, "var": 0, "mean": 161}, "bpm_histogram_first_peak_spread": {"dmean2": 0, "median": 0.515492916107, "min": 0.515492916107, "dvar2": 0, "dvar": 0, "dmean": 0, "max": 0.515492916107, "var": 0, "mean": 0.515492916107}, "beats_loudness_band_ratio": {"dmean2": [0.290942341089, 0.264197617769, 0.130018234253, 0.0707494467497, 0.0398019738495, 0.0280659142882], "median": [0.563437223434, 0.241469442844, 0.0699815973639, 0.0324952043593, 0.0280881039798, 0.0105736125261], "min": [0.0964030250907, 0.000749729573727, 0.000258307525655, 2.05126889341e-06, 1.01671514585e-06, 3.1487591059e-06], "dvar2": [0.0510344393551, 0.0476152524352, 0.0213285963982, 0.00973479170352, 0.00209883134812, 0.00177823659033], "dvar": [0.019708039239, 0.0187056623399, 0.00778611190617, 0.00387870729901, 0.000769668840803, 0.000631360569969], "dmean": [0.175393745303, 0.154162883759, 0.0766136422753, 0.0413949526846, 0.0230432134122, 0.0155214974657], "max": [0.998014092445, 0.864220917225, 0.561645627022, 0.60416674614, 0.252728223801, 0.203829944134], "var": [0.0508562773466, 0.0362827219069, 0.0112199895084, 0.00487444689497, 0.0011704248609, 0.000514984712936], "mean": [0.561985909939, 0.291923046112, 0.105220764875, 0.0520453155041, 0.0352674946189, 0.0167708024383]}}, "lowlevel": {"barkbands_spread": {"dmean2": 5.2897028923, "median": 11.7094364166, "min": 0.262252479792, "dvar2": 45.0963668823, "dvar": 19.6078262329, "dmean": 3.33840179443, "max": 153.942092896, "var": 105.561790466, "mean": 13.2523593903}, "melbands_spread": {"dmean2": 5.28066253662, "median": 9.61868572235, "min": 0.314658492804, "dvar2": 53.4330978394, "dvar": 21.914390564, "dmean": 3.28109931946, "max": 174.377487183, "var": 115.518051147, "mean": 11.6585111618}, "hfc": {"dmean2": 4.4748749733, "median": 12.8197307587, "min": 1.06871874108e-16, "dvar2": 33.9776344299, "dvar": 15.6523160934, "dmean": 3.00447177887, "max": 82.4311141968, "var": 159.860931396, "mean": 15.37266922}, "barkbands_kurtosis": {"dmean2": 6.42192316055, "median": 5.81964206696, "min": -1.9071996212, "dvar2": 120.316009521, "dvar": 47.5962257385, "dmean": 3.96252036095, "max": 312.566986084, "var": 285.411682129, "mean": 9.33142280579}, "gfcc": {"mean": [-44.6199302673, 139.710098267, -98.6768951416, 37.1639709473, -35.5185089111, -1.15366089344, -31.965801239, 4.0965681076, -22.1470775604, -2.34523010254, -11.6261301041, -1.28787505627, -6.81142425537], "icov": [[0.000198771143914, -0.000192255465663, 0.000464303971967, -0.0001622181735, 0.000376562093152, -0.000230220044614, 0.00056984636467, -0.00057038560044, 0.000435745721916, -0.000422663404606, 0.000247508840403, -0.00041700786096, 0.000236943174968], [-0.000192255465663, 0.0025745513849, -0.000357924203854, 0.00180330965668, -0.00142493541352, 0.00170248153154, -0.00184219027869, 0.00206521176733, -0.00210859789513, 0.00251866620965, -0.00206448161043, 0.00212205667049, -0.00151955569163], [0.000464303971967, -0.000357924203854, 0.00213483883999, -0.000182165356819, 0.000197181885596, -0.000874191173352, 0.00126620358787, -0.00138420832809, 0.000761706149206, -0.000848233990837, 0.000233344093431, -0.000766010838561, 0.000907195964828], [-0.0001622181735, 0.00180330965668, -0.000182165356819, 0.00427189748734, -0.000489651050884, 0.000668678141665, -0.000875914585777, 0.00279626320116, -0.00215996522456, 0.000999889452942, -0.00140003813431, 0.00176437885966, -0.00210040877573], [0.000376562093152, -0.00142493541352, 0.000197181885596, -0.000489651050884, 0.00511609623209, 0.000479374808492, 0.000963019265328, -0.00115394731984, 0.00196449295618, -0.000786587770563, 0.0011083985446, -0.000788711593486, 8.27500334708e-05], [-0.000230220044614, 0.00170248153154, -0.000874191173352, 0.000668678141665, 0.000479374808492, 0.00659599434584, -0.00180022569839, 0.00093405804364, -0.000528614618815, 0.00121399352793, 0.000394541188143, -5.36725856364e-05, 0.00191301805899], [0.00056984636467, -0.00184219027869, 0.00126620358787, -0.000875914585777, 0.000963019265328, -0.00180022569839, 0.00783045589924, -0.00239243987016, 0.00201519276015, -0.00186348007992, 0.000826536677778, -0.000101521189208, 0.000952930364292], [-0.00057038560044, 0.00206521176733, -0.00138420832809, 0.00279626320116, -0.00115394731984, 0.00093405804364, -0.00239243987016, 0.0136531554163, -0.00412902235985, 0.00139339687303, -0.000337447505444, -0.00157135631889, 0.000500418944284], [0.000435745721916, -0.00210859789513, 0.000761706149206, -0.00215996522456, 0.00196449295618, -0.000528614618815, 0.00201519276015, -0.00412902235985, 0.0117131955922, -0.00354707217775, 0.000400394143071, -0.000323868676787, 0.000119429576444], [-0.000422663404606, 0.00251866620965, -0.000848233990837, 0.000999889452942, -0.000786587770563, 0.00121399352793, -0.00186348007992, 0.00139339687303, -0.00354707217775, 0.0131268361583, -0.00332375615835, 0.00148203584831, -0.000134573230753], [0.000247508840403, -0.00206448161043, 0.000233344093431, -0.00140003813431, 0.0011083985446, 0.000394541188143, 0.000826536677778, -0.000337447505444, 0.000400394143071, -0.00332375615835, 0.0135226594284, -0.00415203813463, 0.00160563969985], [-0.00041700786096, 0.00212205667049, -0.000766010838561, 0.00176437885966, -0.000788711593486, -5.36725856364e-05, -0.000101521189208, -0.00157135631889, -0.000323868676787, 0.00148203584831, -0.00415203813463, 0.0171430371702, -0.00520754884928], [0.000236943174968, -0.00151955569163, 0.000907195964828, -0.00210040877573, 8.27500334708e-05, 0.00191301805899, 0.000952930364292, 0.000500418944284, 0.000119429576444, -0.000134573230753, 0.00160563969985, -0.00520754884928, 0.015543308109]], "cov": [[22656.1699219, -3841.44799805, -3241.60864258, 618.58001709, -1987.70397949, 1058.97265625, -1014.96862793, 588.942077637, -242.891311646, 574.377624512, -317.860076904, 556.001953125, -298.666656494], [-3841.44799805, 2406.71020508, 220.519714355, -403.315460205, 695.935180664, -624.59942627, 328.776611328, -225.319992065, 110.645759583, -272.216125488, 172.167724609, -201.052276611, 198.38835144], [-3241.60864258, 220.519714355, 1131.08752441, -113.103408813, 215.887161255, 4.67226600647, 57.5846138, 0.968339383602, 9.1328868866, -31.9869422913, 25.5593948364, -33.5251998901, -29.8322925568], [618.58001709, -403.315460205, -113.103408813, 411.574584961, -115.028549194, 56.3981781006, -53.3953475952, -29.4122848511, 22.4244709015, 45.6315536499, -6.52426719666, 8.92765617371, 15.1390590668], [-1987.70397949, 695.935180664, 215.887161255, -115.028549194, 467.71762085, -211.069641113, 98.5713882446, -69.8684616089, 4.3134469986, -87.2415008545, 38.9904899597, -61.3054771423, 64.5308532715], [1058.97265625, -624.59942627, 4.67226600647, 56.3981781006, -211.069641113, 352.218963623, -50.1134719849, 67.427986145, -35.6462554932, 60.2714805603, -55.9654273987, 48.4747238159, -88.3640213013], [-1014.96862793, 328.776611328, 57.5846138, -53.3953475952, 98.5713882446, -50.1134719849, 218.843887329, -24.9251461029, 6.38832426071, -32.2932167053, 18.9017295837, -42.3035736084, 13.6120853424], [588.942077637, -225.319992065, 0.968339383602, -29.4122848511, -69.8684616089, 67.427986145, -24.9251461029, 127.267700195, 6.97213602066, 29.9344940186, -17.3703022003, 37.7579040527, -30.8827857971], [-242.891311646, 110.645759583, 9.1328868866, 22.4244709015, 4.3134469986, -35.6462554932, 6.38832426071, 6.97213602066, 119.404418945, 11.8162927628, 18.346988678, -10.6637248993, 14.4819011688], [574.377624512, -272.216125488, -31.9869422913, 45.6315536499, -87.2415008545, 60.2714805603, -32.2932167053, 29.9344940186, 11.8162927628, 123.493179321, 1.19885694981, 22.5553569794, -24.861246109], [-317.860076904, 172.167724609, 25.5593948364, -6.52426719666, 38.9904899597, -55.9654273987, 18.9017295837, -17.3703022003, 18.346988678, 1.19885694981, 100.356903076, 2.20400977135, 15.6253499985], [556.001953125, -201.052276611, -33.5251998901, 8.92765617371, -61.3054771423, 48.4747238159, -42.3035736084, 37.7579040527, -10.6637248993, 22.5553569794, 2.20400977135, 93.9496154785, 2.29613471031], [-298.666656494, 198.38835144, -29.8322925568, 15.1390590668, 64.5308532715, -88.3640213013, 13.6120853424, -30.8827857971, 14.4819011688, -24.861246109, 15.6253499985, 2.29613471031, 101.591590881]]}, "spectral_energyband_middle_low": {"dmean2": 0.00856772437692, "median": 0.0147460466251, "min": 1.79695723695e-22, "dvar2": 9.67495361692e-05, "dvar": 3.80497076549e-05, "dmean": 0.00534865446389, "max": 0.0880582183599, "var": 0.000169585269759, "mean": 0.0171435400844}, "melbands_crest": {"dmean2": 5.306224823, "median": 14.1941223145, "min": 1.59444642067, "dvar2": 23.3400325775, "dvar": 8.5966091156, "dmean": 3.18700194359, "max": 35.3603019714, "var": 26.3285903931, "mean": 14.995634079}, "spectral_kurtosis": {"dmean2": 8.46539783478, "median": 5.66397571564, "min": -1.24224460125, "dvar2": 375.385528564, "dvar": 143.981506348, "dmean": 4.98917484283, "max": 385.477233887, "var": 835.381103516, "mean": 14.8815088272}, "spectral_rms": {"dmean2": 0.0012808406027, "median": 0.00581927178428, "min": 3.13677989833e-12, "dvar2": 1.59121100296e-06, "dvar": 6.23130404165e-07, "dmean": 0.000799799105152, "max": 0.0116898072883, "var": 4.34715093434e-06, "mean": 0.00548808183521}, "zerocrossingrate": {"dmean2": 0.00705604115501, "median": 0.0302734375, "min": 0.001953125, "dvar2": 7.28135128156e-05, "dvar": 5.23984781466e-05, "dmean": 0.00549616618082, "max": 0.51806640625, "var": 0.000934280280489, "mean": 0.0333810672164}, "silence_rate_60dB": {"dmean2": 0.0170498210937, "median": 0, "min": 0, "dvar2": 0.0198388062418, "dvar": 0.00845496170223, "dmean": 0.00852431543171, "max": 1, "var": 0.0419489406049, "mean": 0.0438761971891}, "erbbands_kurtosis": {"dmean2": 1.45436751842, "median": -0.533456325531, "min": -1.87218570709, "dvar2": 13.6075105667, "dvar": 5.99821567535, "dmean": 0.935680806637, "max": 150.313049316, "var": 59.0395011902, "mean": 1.31702244282}, "erbbands": {"dmean2": [0.298501521349, 2.32446932793, 5.78690385818, 8.43964672089, 16.1105175018, 19.9997005463, 17.3672008514, 15.6711435318, 23.9567470551, 18.3423271179, 22.1155796051, 17.7387123108, 16.3265151978, 14.214348793, 13.938586235, 29.7738513947, 15.3644351959, 11.8803863525, 9.00008487701, 14.0787858963, 14.7755012512, 15.8732614517, 8.09976768494, 9.34981536865, 6.63999128342, 4.77400922775, 3.10167360306, 2.0240252018, 1.54403924942, 1.116122365, 0.483811855316, 0.521892309189, 0.481627464294, 0.242307424545, 0.128262847662, 0.0468865521252, 0.0138536989689, 0.00346884643659, 0.000407235231251, 2.38121247094e-05], "median": [0.1441372931, 1.35314249992, 3.54278707504, 5.35210466385, 10.6249904633, 16.6532516479, 14.8050107956, 11.0415468216, 11.2693014145, 8.87226676941, 9.58375835419, 5.77166604996, 6.269135952, 5.8987736702, 5.8044667244, 7.63564777374, 8.02580738068, 7.1318025589, 6.11703252792, 6.51018095016, 12.8612146378, 14.5662298203, 7.67411661148, 6.17459154129, 4.90045261383, 3.5957801342, 2.61366438866, 1.29618632793, 0.86037170887, 0.542258441448, 0.313548177481, 0.197516858578, 0.103996433318, 0.0666179209948, 0.0455539412796, 0.0142175666988, 0.00354039459489, 0.000628547044471, 5.31223449798e-05, 4.6406610636e-05], "min": [4.6500293369e-22, 1.57406169779e-21, 4.97753389054e-21, 1.85156916107e-20, 2.48697473407e-20, 2.84047456937e-20, 7.44633674287e-20, 1.72028532273e-19, 2.51890532743e-19, 2.44264496182e-19, 3.09027904309e-19, 5.89540618156e-19, 7.42093971312e-19, 1.44256628215e-18, 1.76950828189e-18, 2.22464911111e-18, 1.55349451102e-18, 2.54713932819e-18, 2.80981673556e-18, 3.83573865721e-18, 6.73335399735e-18, 5.9239478418e-18, 8.99512759473e-18, 8.49255250688e-18, 8.90741998002e-18, 9.24251332771e-18, 1.1530352627e-17, 1.25820838245e-17, 1.28651971425e-17, 1.29076397797e-17, 1.27441111357e-17, 1.18634623955e-17, 1.01201503033e-17, 9.48540829714e-18, 7.93073474356e-18, 5.08657760487e-18, 2.58987995723e-18, 1.09572603919e-18, 2.8526853708e-19, 2.86831953674e-20], "dvar2": [0.296831041574, 11.2977371216, 69.622428894, 119.195983887, 489.076171875, 883.608459473, 605.414672852, 892.314697266, 2073.53808594, 1701.69970703, 3169.61254883, 2674.23999023, 2639.92602539, 2406.10668945, 2032.00170898, 16386.5351562, 1387.91772461, 970.13659668, 638.55456543, 3950.92163086, 800.454772949, 719.556518555, 231.830368042, 464.553283691, 187.168258667, 146.27571106, 40.9624099731, 24.2999973297, 16.18699646, 8.80611419678, 1.82306993008, 3.80697512627, 3.80773329735, 0.716238081455, 0.241769313812, 0.040351241827, 0.00313722155988, 0.000256543367868, 2.15136356019e-06, 1.50512757813e-09], "dvar": [0.116878047585, 4.314661026, 24.9337253571, 42.0496101379, 176.669418335, 353.614440918, 264.654144287, 362.57635498, 827.187805176, 738.718261719, 1406.15246582, 1063.76965332, 1087.45336914, 974.922119141, 838.912231445, 7029.82568359, 553.598999023, 411.998840332, 252.359558105, 1403.84973145, 312.177947998, 289.559783936, 95.9938964844, 187.154998779, 80.1187820435, 55.621295929, 17.1887187958, 9.9536523819, 7.5830488205, 4.07837629318, 0.878925442696, 1.87451159954, 1.90959751606, 0.367226302624, 0.126919358969, 0.0230079218745, 0.00194728886709, 0.000171906489413, 1.45397177675e-06, 9.12039666012e-10], "dmean": [0.181181162596, 1.40794801712, 3.37662553787, 4.87713050842, 9.5982131958, 12.7070264816, 11.1117649078, 9.94497299194, 14.8116846085, 11.8361768723, 14.7128973007, 11.467751503, 10.438035965, 9.00954341888, 8.94211483002, 19.1356620789, 9.7120256424, 7.6070933342, 5.6523475647, 8.60960769653, 9.1527929306, 9.88231658936, 5.08908605576, 5.80995798111, 4.19087743759, 2.9548933506, 1.95032143593, 1.26187717915, 0.990495920181, 0.725821614265, 0.319506347179, 0.346179187298, 0.327737867832, 0.167235195637, 0.0886650159955, 0.0325163975358, 0.00985475536436, 0.0025206010323, 0.000294761790428, 1.60216804943e-05], "max": [4.44246387482, 22.9686431885, 84.3919143677, 89.8448791504, 196.018325806, 334.725280762, 371.469787598, 493.461181641, 701.336364746, 734.993835449, 928.192199707, 785.786987305, 974.375, 1296.07189941, 1305.16821289, 2451.79394531, 650.937011719, 691.034973145, 655.595031738, 1435.88244629, 589.692138672, 387.38885498, 317.902435303, 541.230712891, 246.014175415, 309.009063721, 141.44329834, 124.522407532, 91.864440918, 59.1940765381, 30.8005714417, 50.7874336243, 39.0047340393, 19.3948478699, 16.6734313965, 7.83867502213, 2.49420428276, 0.962729275227, 0.0724794566631, 0.00184385234024], "var": [0.133230924606, 5.5859670639, 35.3919639587, 54.1995353699, 325.29019165, 1032.6862793, 1041.48632812, 894.360046387, 1768.20947266, 1938.1730957, 3876.33056641, 2663.69702148, 2432.5690918, 2012.0123291, 1913.84631348, 12850.4345703, 1330.39526367, 926.894897461, 555.216674805, 2540.6184082, 1000.49383545, 1023.12365723, 307.488555908, 533.197998047, 235.54888916, 152.743331909, 71.6200637817, 35.8755912781, 29.8103275299, 13.6396017075, 3.10662937164, 6.35427761078, 6.39028167725, 1.19480240345, 0.401831924915, 0.0688870996237, 0.00663047051057, 0.000535457395017, 5.29852559339e-06, 3.83937059922e-09], "mean": [0.253767281771, 2.10005736351, 5.37320756912, 7.53106546402, 16.4496517181, 26.9623851776, 25.5625362396, 20.7843837738, 26.2357368469, 23.231672287, 29.2080116272, 22.5827960968, 19.360294342, 17.2355766296, 17.2434654236, 31.9280567169, 18.9977817535, 15.4006605148, 12.1195106506, 16.7827720642, 22.0610542297, 24.761472702, 12.8735237122, 12.6206941605, 9.4066400528, 6.67042016983, 4.82939100266, 3.00278520584, 2.42334270477, 1.74449431896, 0.765902936459, 0.788800358772, 0.731658041477, 0.369524270296, 0.188460424542, 0.0639245733619, 0.0181953124702, 0.00425351411104, 0.00048438180238, 5.23029957549e-05]}, "spectral_strongpeak": {"dmean2": 0.616899609566, "median": 0.376777172089, "min": 0, "dvar2": 1.10239386559, "dvar": 0.428230881691, "dmean": 0.358255058527, "max": 11.5692234039, "var": 0.60404998064, "mean": 0.616333007812}, "spectral_energy": {"dmean2": 0.0163093637675, "median": 0.0347105227411, "min": 1.00853729614e-20, "dvar2": 0.000331059418386, "dvar": 0.00013055340969, "dmean": 0.0101204728708, "max": 0.140067890286, "var": 0.00049060251331, "mean": 0.0353276841342}, "average_loudness": 0.914865374565, "spectral_rolloff": {"dmean2": 375.41317749, "median": 409.130859375, "min": 86.1328125, "dvar2": 654148, "dvar": 264861.59375, "dmean": 218.139648438, "max": 19573.6816406, "var": 1157463.75, "mean": 650.895324707}, "spectral_centroid": {"dmean2": 246.186203003, "median": 781.497131348, "min": 109.195785522, "dvar2": 112249.015625, "dvar": 53780.25, "dmean": 156.553497314, "max": 11392.9785156, "var": 325369.375, "mean": 841.579772949}, "pitch_salience": {"dmean2": 0.125278860331, "median": 0.564637303352, "min": 0.0573663190007, "dvar2": 0.012355890125, "dvar": 0.00445237895474, "dmean": 0.0754950121045, "max": 0.975360870361, "var": 0.0148176904768, "mean": 0.54830789566}, "spectral_energyband_middle_high": {"dmean2": 0.00166516599711, "median": 0.00237089535221, "min": 1.33743896914e-21, "dvar2": 1.21227794807e-05, "dvar": 5.12603264724e-06, "dmean": 0.00109454686753, "max": 0.0565892457962, "var": 2.49485383392e-05, "mean": 0.00387050653808}, "spectral_contrast_coeffs": {"dmean2": [0.0826109722257, 0.0686844363809, 0.0500783883035, 0.0430599674582, 0.0336530841887, 0.0304290689528], "median": [-0.637054502964, -0.719529092312, -0.785953402519, -0.783652842045, -0.77020573616, -0.758891820908], "min": [-0.98627114296, -0.973910391331, -0.975207209587, -0.965649783611, -0.967029392719, -0.96268260479], "dvar2": [0.0045967255719, 0.00325914658606, 0.00168351794127, 0.0012423582375, 0.000801024958491, 0.000927983084694], "dvar": [0.00166609778535, 0.00118152447976, 0.000636475335341, 0.000480018119561, 0.000348902423866, 0.000407315324992], "dmean": [0.0498478747904, 0.0415064804256, 0.0304340291768, 0.0263261068612, 0.0212948787957, 0.0194153469056], "max": [-0.373531162739, -0.458400994539, -0.502149283886, -0.554080247879, -0.557874858379, -0.513773262501], "var": [0.00546783069149, 0.00442501343787, 0.00368652748875, 0.00303655350581, 0.0027273746673, 0.00312158418819], "mean": [-0.634466648102, -0.716886103153, -0.778612136841, -0.779207706451, -0.768649399281, -0.764676630497]}, "melbands_skewness": {"dmean2": 1.11218369007, "median": 3.21080303192, "min": -0.645583927631, "dvar2": 1.31410300732, "dvar": 0.509904682636, "dmean": 0.693396270275, "max": 19.3248596191, "var": 2.70707607269, "mean": 3.36534976959}, "spectral_spread": {"dmean2": 533350.25, "median": 3506852, "min": 309308.1875, "dvar2": 1028561698820.0, "dvar": 556488654848, "dmean": 363057.90625, "max": 42321852, "var": 3231845974020.0, "mean": 3508021.75}, "dissonance": {"dmean2": 0.0288933254778, "median": 0.465972065926, "min": 0.17263738811, "dvar2": 0.00085889629554, "dvar": 0.000313467462547, "dmean": 0.0172737874091, "max": 0.500000178814, "var": 0.00209605507553, "mean": 0.451665401459}, "spectral_skewness": {"dmean2": 0.63132083416, "median": 1.7652888298, "min": -0.0215144474059, "dvar2": 1.00573837757, "dvar": 0.38435831666, "dmean": 0.37928456068, "max": 15.4725246429, "var": 3.24158143997, "mean": 2.31578445435}, "spectral_flux": {"dmean2": 0.0369413234293, "median": 0.0867206081748, "min": 6.47508019425e-11, "dvar2": 0.00138379726559, "dvar": 0.00052971066907, "dmean": 0.0222905278206, "max": 0.289411962032, "var": 0.00213290401734, "mean": 0.0841447338462}, "spectral_contrast_valleys": {"dmean2": [0.584865629673, 0.494786113501, 0.428761184216, 0.386093050241, 0.348272234201, 0.3694434762], "median": [-6.39055919647, -6.49358034134, -7.29848051071, -7.66709518433, -7.57899236679, -10.6870679855], "min": [-27.9091053009, -27.7938728333, -27.44465065, -27.7324371338, -27.4394035339, -27.3224849701], "dvar2": [0.250950366259, 0.172613337636, 0.141650915146, 0.135138854384, 0.163681522012, 0.196332469583], "dvar": [0.102634213865, 0.0752499178052, 0.0669026747346, 0.0665648281574, 0.0851858332753, 0.103987872601], "dmean": [0.351048797369, 0.298688799143, 0.262733906507, 0.240339279175, 0.233717828989, 0.266107678413], "max": [-5.12372112274, -4.5863070488, -5.055519104, -6.17425012589, -5.95845890045, -8.06030845642], "var": [1.63114416599, 2.37542653084, 2.79902219772, 3.25491523743, 3.63486504555, 3.85588812828], "mean": [-6.67117738724, -6.88805484772, -7.77399587631, -8.29927921295, -8.30123615265, -11.3637218475]}, "erbbands_flatness_db": {"dmean2": 0.0206351671368, "median": 0.15843950212, "min": 0.0274155661464, "dvar2": 0.000380422454327, "dvar": 0.000184858319699, "dmean": 0.0142057808116, "max": 0.470897883177, "var": 0.00537746073678, "mean": 0.178900539875}, "spectral_energyband_high": {"dmean2": 0.000156932248501, "median": 0.000172433370608, "min": 6.94392597962e-21, "dvar2": 1.23936445107e-07, "dvar": 6.71013893339e-08, "dmean": 0.000109145810711, "max": 0.00574234547094, "var": 3.78799569489e-07, "mean": 0.000342697167071}, "spectral_entropy": {"dmean2": 0.220317691565, "median": 7.28243350983, "min": 3.67545104027, "dvar2": 0.0515963584185, "dvar": 0.022636609152, "dmean": 0.145903334022, "max": 9.80546951294, "var": 0.745644509792, "mean": 7.00114631653}, "silence_rate_20dB": {"dmean2": 0, "median": 1, "min": 1, "dvar2": 0, "dvar": 0, "dmean": 0, "max": 1, "var": 0, "mean": 1}, "melbands_flatness_db": {"dmean2": 0.0388279333711, "median": 0.253859132528, "min": 0.00309133413248, "dvar2": 0.00129813689273, "dvar": 0.000533360638656, "dmean": 0.0247515905648, "max": 0.815353810787, "var": 0.0164480544627, "mean": 0.296592444181}, "barkbands": {"dmean2": [0.000321221916238, 0.0