{"tonal": {"thpcp": [1, 0.517532885075, 0.177518084645, 0.20741482079, 0.216738551855, 0.521296083927, 0.829101979733, 0.516659557819, 0.169328317046, 0.146329134703, 0.211967408657, 0.544212579727, 0.811561822891, 0.538365960121, 0.366005182266, 0.463701397181, 0.326053261757, 0.181686908007, 0.189901426435, 0.247534051538, 0.62854963541, 0.968874037266, 0.654561400414, 0.335405558348, 0.260529369116, 0.209576383233, 0.497967004776, 0.702893316746, 0.398385047913, 0.11659424752, 0.0866747573018, 0.126894727349, 0.3589425385, 0.532061159611, 0.39792996645, 0.704683899879], "hpcp": {"dmean2": [0.205790266395, 0.168872013688, 0.0996241942048, 0.096296556294, 0.121761664748, 0.18653742969, 0.212973177433, 0.185259670019, 0.115937814116, 0.105532333255, 0.139365211129, 0.210185542703, 0.253266602755, 0.216390028596, 0.162122741342, 0.156844243407, 0.152156457305, 0.122255221009, 0.126736775041, 0.163555935025, 0.236261457205, 0.271909981966, 0.233505949378, 0.157867535949, 0.107060238719, 0.114107884467, 0.175413772464, 0.185434252024, 0.143544539809, 0.0740310624242, 0.0674731880426, 0.088199518621, 0.142862349749, 0.176704600453, 0.173802047968, 0.206524446607], "median": [0.129393085837, 0.0742202401161, 0.0103655913845, 0.00530378799886, 0.00942223425955, 0.0557621195912, 0.0863697528839, 0.0546299517155, 0.0109678078443, 0.00710664130747, 0.0109987538308, 0.0660603418946, 0.106687441468, 0.0683266222477, 0.0264084078372, 0.0171880200505, 0.0133264744654, 0.010496744886, 0.0101662846282, 0.0167802479118, 0.091475918889, 0.15871399641, 0.109493926167, 0.0150954183191, 0.00651233224198, 0.00754235778004, 0.0374859645963, 0.0569145679474, 0.0322473309934, 0.00641574431211, 0.00351492129266, 0.0067873117514, 0.0317541621625, 0.0518094971776, 0.0493175536394, 0.0926944166422], "min": [0, 0, 0, 0, 0, 0, 0, 0, 0, 0, 0, 0, 0, 0, 0, 0, 0, 0, 0, 0, 0, 0, 0, 0, 0, 0, 0, 0, 0, 0, 0, 0, 0, 0, 0, 0], "dvar2": [0.0853212848306, 0.0585235096514, 0.0444742739201, 0.0480330884457, 0.0620298944414, 0.0825643241405, 0.0940674990416, 0.0786539837718, 0.0635884255171, 0.0608945153654, 0.0831705257297, 0.0947430729866, 0.116069026291, 0.0968074500561, 0.0760253593326, 0.0804807841778, 0.0860346034169, 0.0700135231018, 0.0747430995107, 0.0898787975311, 0.105015322566, 0.115591853857, 0.0963454097509, 0.0829964280128, 0.05313539505, 0.0512564219534, 0.0775796622038, 0.0783493965864, 0.0563441291451, 0.0317393094301, 0.0388789847493, 0.0474169552326, 0.0638871192932, 0.0765671208501, 0.0675386935472, 0.0803639739752], "dvar": [0.03626999259, 0.022143855691, 0.0161783732474, 0.0183479692787, 0.0229723025113, 0.0308761745691, 0.0380143560469, 0.0310981348157, 0.0230341628194, 0.0216942299157, 0.0305464975536, 0.0355111435056, 0.04582099244, 0.0369000211358, 0.0283611882478, 0.0325564928353, 0.0316409878433, 0.0252656619996, 0.0273827817291, 0.0332515500486, 0.0392408147454, 0.0468964502215, 0.0380404368043, 0.03030587174, 0.0191782135516, 0.0180084202439, 0.0288251191378, 0.0323243699968, 0.021578328684, 0.0115635730326, 0.0138533096761, 0.0171725675464, 0.0235543511808, 0.0313252471387, 0.026175212115, 0.0293165333569], "dmean": [0.12368234992, 0.100541561842, 0.0559309162199, 0.0549078956246, 0.0696575269103, 0.110485248268, 0.126596838236, 0.109524995089, 0.0647054091096, 0.0577929764986, 0.0779228284955, 0.123923867941, 0.149989664555, 0.127096623182, 0.093864351511, 0.0918005406857, 0.0866098850965, 0.0673168748617, 0.070158302784, 0.0920484960079, 0.139046028256, 0.160061076283, 0.137785926461, 0.0892220512033, 0.0603747926652, 0.0640021711588, 0.103840358555, 0.110873483121, 0.0844042226672, 0.0410654656589, 0.0371238328516, 0.0496830157936, 0.084554001689, 0.1050754264, 0.102265812457, 0.122727163136], "max": [1, 1, 1, 1, 1, 1, 1, 1, 1, 1, 1, 1, 1, 1, 1, 1, 1, 1, 1, 1, 1, 1, 1, 1, 1, 1, 1, 1, 1, 1, 1, 1, 1, 1, 1, 1], "var": [0.139527961612, 0.042254127562, 0.0165166947991, 0.029776012525, 0.0257095228881, 0.0556223616004, 0.118028707802, 0.0543389730155, 0.0177659466863, 0.0165013112128, 0.0254241712391, 0.0571445375681, 0.105853676796, 0.0554930903018, 0.0413260869682, 0.0773727893829, 0.0443288274109, 0.0210552290082, 0.0236714724451, 0.0287402328104, 0.0636643096805, 0.119289539754, 0.062613800168, 0.0466580204666, 0.0392340011895, 0.0209452416748, 0.0578861683607, 0.103209212422, 0.0411199182272, 0.010242389515, 0.00948271155357, 0.0138707607985, 0.0382685363293, 0.0748912990093, 0.0365966036916, 0.0734304860234], "mean": [0.325620085001, 0.168519094586, 0.0578034557402, 0.0675384327769, 0.0705744251609, 0.169744476676, 0.269972264767, 0.168234720826, 0.0551366992295, 0.0476477071643, 0.069020844996, 0.177206546068, 0.264260828495, 0.175302773714, 0.119178637862, 0.150990486145, 0.106169492006, 0.0591609068215, 0.0618357174098, 0.0806020572782, 0.204668387771, 0.315484851599, 0.213138341904, 0.109214790165, 0.0848335921764, 0.0682422816753, 0.162148058414, 0.228876188397, 0.129722177982, 0.0379654280841, 0.028223041445, 0.0413194708526, 0.116878896952, 0.173249796033, 0.129573985934, 0.229459226131]}, "tuning_equal_tempered_deviation": 0.00688265869394, "chords_changes_rate": 0.0418580025434, "key_key": "A", "tuning_diatonic_strength": 0.650739312172, "key_scale": "major", "chords_number_rate": 0.00176616036333, "tuning_frequency": 441.527557373, "tuning_nontempered_energy_ratio": 0.641432762146, "chords_histogram": [32.9035682678, 6.85270214081, 17.8382205963, 0.494524896145, 0.830095350742, 0, 9.02507972717, 1.28929710388, 2.50794768333, 0, 0, 0, 0, 0, 0, 0.759448945522, 0, 2.31367015839, 0, 0.6711409688, 0.0706464126706, 7.40021181107, 9.71388244629, 7.32956552505], "key_strength": 0.878043711185, "chords_key": "A", "chords_strength": {"dmean2": 0.00724018504843, "median": 0.541734457016, "min": 0.271380186081, "dvar2": 4.57661662949e-05, "dvar": 5.8487024944e-05, "dmean": 0.00947936996818, "max": 0.816459953785, "var": 0.0108910053968, "mean": 0.536978065968}, "chords_scale": "major", "hpcp_entropy": {"dmean2": 0.953352928162, "median": 1.68684029579, "min": 0, "dvar2": 0.579773485661, "dvar": 0.221062302589, "dmean": 0.563889741898, "max": 4.0329208374, "var": 0.50739812851, "mean": 1.66573774815}}, "metadata": {"audio_properties": {"equal_loudness": 0, "codec": "flac", "downmix": "mix", "analysis_sample_rate": 44100, "bit_rate": 0, "md5_encoded": "8b4fa25efa826b06332ca0600fa4a019", "length": 262.866668701, "replay_gain": -9.74283027649, "lossless": true}, "version": {"essentia_build_sha": "77414a29daeacb9fe222eaf3df7a8db77f483057", "essentia": "2.1-beta1", "extractor": "music 1.0", "essentia_git_sha": "v2.1_beta1-19-g7eb2c36"}, "tags": {"title": ["Happy New Year"], "barcode": ["886979787223"], "media": ["CD"], "albumartist": ["[various]"], "tracktotal": ["19"], "language": ["eng"], "releasetype": ["compilation"], "musicbrainz_recordingid": ["f6326333-13ee-4244-bf9a-4351dc7d1890"], "composer": ["Benny Andersson", "Bj\u00f6rn Ulvaeus"], "musicbrainz_releasegroupid": ["ece7b9d0-5073-44bd-a565-734904944a1c"], "musicbrainz_albumartistid": ["89ad4ac3-39f7-470e-963a-56509c546377"], "lyricist": ["Benny Andersson", "Bj\u00f6rn Ulvaeus"], "replaygain_track_peak": ["0.94378662"], "discnumber": ["2"], "totaldiscs": ["2"], "catalognumber": ["88697978722", "88697978722"], "replaygain_track_gain": ["-5.04 dB"], "releasecountry": ["DK"], "file_name": "19. ABBA - Happy New Year.flac", "compilation": ["1"], "replaygain_album_gain": ["-6.01 dB"], "albumartistsort": ["[various]"], "date": ["2011"], "genre": ["Pop"], "musicbrainz_albumid": ["17adddb6-73c4-4c4d-bb1c-93bc5be3fecc"], "disctotal": ["2"], "replaygain_album_peak": ["0.99993896"], "releasestatus": ["official"], "musicbrainz_artistid": ["d87e52c5-bb8d-4da8-b941-9f4928627dc8"], "originaldate": ["2011"], "musicbrainz_workid": ["9f3f6efc-33ac-3292-a4f7-05b0997382c9"], "artist": ["ABBA"], "tracknumber": ["19"], "replaygain_reference_loudness": ["89.0 dB"], "artistsort": ["ABBA"], "album": ["More Christmas 2011"], "label": ["MBO", "disco:wax"], "isrc": ["SEAYD8001060"], "acoustid_id": ["9f46429e-8319-4f70-a60d-536621b16374"], "script": ["Latn"], "totaltracks": ["19"]}}, "rhythm": {"bpm_histogram_first_peak_bpm": {"dmean2": 0, "median": 133, "min": 133, "dvar2": 0, "dvar": 0, "dmean": 0, "max": 133, "var": 0, "mean": 133}, "bpm": 132.316635132, "bpm_histogram_second_peak_spread": {"dmean2": 0, "median": 0.263157844543, "min": 0.263157844543, "dvar2": 0, "dvar": 0, "dmean": 0, "max": 0.263157844543, "var": 0, "mean": 0.263157844543}, "bpm_histogram_first_peak_weight": {"dmean2": 0, "median": 0.577661454678, "min": 0.577661454678, "dvar2": 0, "dvar": 0, "dmean": 0, "max": 0.577661454678, "var": 0, "mean": 0.577661454678}, "onset_rate": 2.61331295967, "beats_position": [0.452789098024, 0.917188167572, 1.39319729805, 1.8575963974, 2.32199549675, 2.79800438881, 3.27401351929, 3.76163268089, 4.2492518425, 4.71365070343, 5.17804956436, 5.630838871, 6.08362817764, 6.52480697632, 6.97759628296, 7.44199514389, 7.89478445053, 8.34757328033, 8.80036258698, 9.26476192474, 9.70594120026, 10.1703395844, 10.623128891, 11.0759181976, 11.5287075043, 11.9698867798, 12.4110651016, 12.8638544083, 13.3050336838, 13.7694330215, 14.2454423904, 14.7214508057, 15.1974601746, 15.6734695435, 16.1610889435, 16.6254863739, 17.0782756805, 17.5542850494, 18.0419044495, 18.5179138184, 18.9823131561, 19.458322525, 19.9459400177, 20.4219493866, 20.9676189423, 21.5132884979, 22.0589561462, 22.5930156708, 23.1270751953, 23.6611328125, 24.1255321503, 24.589931488, 25.0543308258, 25.5187301636, 25.9831295013, 26.4475269318, 26.9119262695, 27.3763256073, 27.8407249451, 28.3051242828, 28.7695236206, 29.2339229584, 29.686712265, 30.1511096954, 30.6155090332, 31.0682983398, 31.5210876465, 31.9738769531, 32.4382743835, 32.8910636902, 33.3438529968, 33.7850341797, 34.2378234863, 34.690612793, 35.1434020996, 35.5961914062, 36.0489807129, 36.5017662048, 36.9545555115, 37.4073448181, 37.848526001, 38.3013153076, 38.7424926758, 39.1952819824, 39.6480712891, 40.1008605957, 40.5536499023, 41.006439209, 41.4476165771, 41.9120178223, 42.3764152527, 42.8408164978, 43.3052139282, 43.7696151733, 44.2456245422, 44.7216300964, 45.1744194031, 45.6272087097, 46.0916099548, 46.5560073853, 47.0204086304, 47.4848060608, 47.9375953674, 48.3903846741, 48.8431739807, 49.2959632874, 49.7371406555, 50.1783218384, 50.6427192688, 51.0955085754, 51.5482978821, 52.0126991272, 52.4654884338, 52.9182739258, 53.3710632324, 53.8238525391, 54.2766418457, 54.7294311523, 55.1938323975, 55.6466217041, 56.0994110107, 56.5405883789, 56.9817695618, 57.4229469299, 57.8641242981, 58.3285255432, 58.7813148499, 59.2341041565, 59.6985015869, 60.162902832, 60.6273002625, 61.0916976929, 61.5444869995, 61.9972763062, 62.438457489, 62.8912467957, 63.3440361023, 63.7968254089, 64.2496109009, 64.6907958984, 65.1435852051, 65.5963668823, 66.0607681274, 66.5135574341, 66.9663467407, 67.4075241089, 67.8603134155, 68.3131027222, 68.7658920288, 69.2186813354, 69.6714706421, 70.1242599487, 70.5770492554, 71.0182266235, 71.4710159302, 71.9238052368, 72.3765945435, 72.8293838501, 73.2821731567, 73.7233581543, 74.1761474609, 74.6289291382, 75.0817184448, 75.5345077515, 75.9989089966, 76.4633102417, 76.9160995483, 77.368888855, 77.8332901001, 78.2976837158, 78.7504730225, 79.2032623291, 79.6676635742, 80.1320648193, 80.584854126, 81.0376434326, 81.5020370483, 81.954826355, 82.4076156616, 82.8720169067, 83.3248062134, 83.77759552, 84.2303848267, 84.6831741333, 85.1359634399, 85.5887527466, 86.0415420532, 86.4943313599, 86.9587249756, 87.3999099731, 87.8526992798, 88.3054885864, 88.7582778931, 89.2110671997, 89.6638565063, 90.116645813, 90.5694351196, 91.0222167969, 91.4634017944, 91.9161911011, 92.3689804077, 92.8101577759, 93.2629470825, 93.7157363892, 94.1685256958, 94.6213150024, 95.0624923706, 95.5268936157, 95.9796829224, 96.4440765381, 96.8968658447, 97.3612670898, 97.8140563965, 98.2668457031, 98.7196350098, 99.1724243164, 99.6368255615, 100.089614868, 100.542404175, 100.995193481, 101.447982788, 101.900772095, 102.341949463, 102.79473877, 103.247528076, 103.700317383, 104.153106689, 104.605895996, 105.047073364, 105.499862671, 105.941040039, 106.393829346, 106.846618652, 107.299407959, 107.740585327, 108.181770325, 108.64616394, 109.110565186, 109.574966431, 110.027755737, 110.480545044, 110.94493866, 111.397727966, 111.850517273, 112.314918518, 112.779319763, 113.220497131, 113.6616745, 114.114463806, 114.567253113, 115.020042419, 115.472831726, 115.937232971, 116.401634216, 116.866027832, 117.330429077, 117.794830322, 118.259223938, 118.723625183, 119.188026428, 119.652427673, 120.116821289, 120.581222534, 121.045623779, 121.498413086, 121.951202393, 122.415596008, 122.879997253, 123.33278656, 123.785575867, 124.238365173, 124.69115448, 125.143943787, 125.596733093, 126.0495224, 126.502311707, 126.955101013, 127.40789032, 127.860679626, 128.313461304, 128.76625061, 129.219039917, 129.671829224, 130.12461853, 130.577407837, 131.030197144, 131.471374512, 131.924163818, 132.376953125, 132.84135437, 133.305755615, 133.77015686, 134.222946167, 134.675735474, 135.140136719, 135.592926025, 136.045715332, 136.498504639, 136.951293945, 137.404083252, 137.856872559, 138.309661865, 138.762451172, 139.20362854, 139.656417847, 140.109207153, 140.56199646, 141.014785767, 141.479187012, 141.943572998, 142.396362305, 142.849151611, 143.313552856, 143.766342163, 144.21913147, 144.671920776, 145.124710083, 145.57749939, 146.030288696, 146.471466064, 146.924255371, 147.377044678, 147.818222046, 148.259414673, 148.723800659, 149.188201904, 149.640991211, 150.093780518, 150.558181763, 151.010971069, 151.463760376, 151.904937744, 152.369338989, 152.822128296, 153.274917603, 153.727706909, 154.180496216, 154.621673584, 155.074462891, 155.527252197, 155.968429565, 156.421218872, 156.874008179, 157.326797485, 157.779586792, 158.232376099, 158.673553467, 159.126342773, 159.57913208, 160.031921387, 160.473098755, 160.914276123, 161.35546875, 161.808258057, 162.261047363, 162.702224731, 163.1434021, 163.596191406, 164.048980713, 164.490158081, 164.931335449, 165.372512817, 165.813690186, 166.254867554, 166.696044922, 167.148834229, 167.601623535, 168.042816162, 168.49559021, 168.948379517, 169.401168823, 169.85395813, 170.306747437, 170.759536743, 171.21232605, 171.653518677, 172.106307983, 172.55909729, 173.011871338, 173.453063965, 173.905853271, 174.358642578, 174.799819946, 175.240997314, 175.693786621, 176.146575928, 176.599365234, 177.052154541, 177.504943848, 177.957733154, 178.410522461, 178.863311768, 179.316101074, 179.780502319, 180.221679688, 180.674468994, 181.127258301, 181.580047607, 182.032836914, 182.474014282, 182.926803589, 183.391204834, 183.832382202, 184.285171509, 184.737960815, 185.190750122, 185.63192749, 186.084716797, 186.537506104, 186.99029541, 187.431472778, 187.872650146, 188.325439453, 188.77822876, 189.231018066, 189.683807373, 190.124984741, 190.577774048, 191.030563354, 191.483352661, 191.936141968, 192.388931274, 192.830108643, 193.282897949, 193.735687256, 194.188476562, 194.629653931, 195.070831299, 195.535232544, 195.976409912, 196.440811157, 196.893600464, 197.346389771, 197.810791016, 198.263580322, 198.716369629, 199.169158936, 199.621948242, 200.06312561, 200.515914917, 200.968704224, 201.42149353, 201.862670898, 202.315460205, 202.768249512, 203.232650757, 203.697052002, 204.149841309, 204.602630615, 205.06703186, 205.543029785, 206.00743103, 206.471832275, 206.924621582, 207.377410889, 207.841812134, 208.306213379, 208.759002686, 209.211791992, 209.65296936, 210.105758667, 210.558547974, 211.022949219, 211.487350464, 211.940139771, 212.392913818, 212.845703125, 213.298492432, 213.751281738, 214.204071045, 214.656860352, 215.098052979, 215.550842285, 216.003631592, 216.45640564, 216.897598267, 217.361984253, 217.80317688, 218.244354248, 218.697143555, 219.149932861, 219.602722168, 220.043899536, 220.496688843, 220.949478149, 221.402267456, 221.866668701, 222.331054688, 222.783843994, 223.236633301, 223.701034546, 224.165435791, 224.629837036, 225.082626343, 225.547027588, 225.999816895, 226.452606201, 226.905395508, 227.346572876, 227.787750244, 228.252151489, 228.704940796, 229.157730103, 229.622131348, 230.074920654, 230.527709961, 230.980499268, 231.433288574, 231.897689819, 232.362075806, 232.814865112, 233.267654419, 233.720443726, 234.173233032, 234.626022339, 235.078811646, 235.531600952, 235.984390259, 236.448791504, 236.913192749, 237.377593994, 237.841995239, 238.294784546, 238.747573853, 239.211975098, 239.676361084, 240.129150391, 240.581939697, 241.046340942, 241.499130249, 241.951919556, 242.404708862, 242.857498169, 243.310287476, 243.763076782, 244.215866089, 244.668655396, 245.121444702, 245.574234009, 246.015411377, 246.456588745, 246.897766113, 247.33895874, 247.780136108, 248.232925415, 248.685714722, 249.138504028, 249.591293335, 250.032470703, 250.48526001, 250.938049316, 251.390838623, 251.84362793, 252.296417236, 252.749206543, 253.20199585, 253.654785156, 254.095962524, 254.548751831, 255.001541138, 255.454330444, 255.988388062, 256.52243042, 257.044891357, 257.555725098, 258.078186035, 258.600616455, 259.123077393, 259.633911133, 260.15637207, 260.667205811, 261.189666748, 261.712097168, 262.234558105], "beats_loudness": {"dmean2": 0.0328380949795, "median": 0.0247341990471, "min": 0, "dvar2": 0.00118519505486, "dvar": 0.00037877712748, "dmean": 0.0174532793462, "max": 0.142799541354, "var": 0.000729338673409, "mean": 0.0307476036251}, "danceability": 1.06041657925, "bpm_histogram_second_peak_weight": {"dmean2": 0, "median": 0.0244328100234, "min": 0.0244328100234, "dvar2": 0, "dvar": 0, "dmean": 0, "max": 0.0244328100234, "var": 0, "mean": 0.0244328100234}, "beats_count": 574, "bpm_histogram_second_peak_bpm": {"dmean2": 0, "median": 126, "min": 126, "dvar2": 0, "dvar": 0, "dmean": 0, "max": 126, "var": 0, "mean": 126}, "bpm_histogram_first_peak_spread": {"dmean2": 0, "median": 0.381308376789, "min": 0.381308376789, "dvar2": 0, "dvar": 0, "dmean": 0, "max": 0.381308376789, "var": 0, "mean": 0.381308376789}, "beats_loudness_band_ratio": {"dmean2": [0.403627693653, 0.280590444803, 0.288018912077, 0.284930318594, 0.105386391282, 0.0519134514034], "median": [0.232862502337, 0.148468255997, 0.195349633694, 0.145374178886, 0.0523290634155, 0.0173289328814], "min": [0, 0, 0, 0, 0, 0], "dvar2": [0.101397417486, 0.067688792944, 0.0587484128773, 0.0600870363414, 0.0181008521467, 0.0164068806916], "dvar": [0.0354121103883, 0.0229268819094, 0.021357562393, 0.021299932152, 0.00643849698827, 0.00549130328], "dmean": [0.23023699224, 0.160522609949, 0.165205463767, 0.160484492779, 0.0604457072914, 0.0280607771128], "max": [0.987885832787, 0.844810307026, 0.809505224228, 0.916491627693, 0.849608778954, 0.95726120472], "var": [0.0508388131857, 0.0297806169838, 0.0289306305349, 0.0275595225394, 0.00667353160679, 0.00329427607358], "mean": [0.273823976517, 0.208310738206, 0.24296708405, 0.196969643235, 0.0762027800083, 0.0294965654612]}}, "lowlevel": {"barkbands_spread": {"dmean2": 6.08355522156, "median": 14.0591487885, "min": 0.53957182169, "dvar2": 87.1201934814, "dvar": 40.4359016418, "dmean": 3.98937606812, "max": 121.487846375, "var": 126.244003296, "mean": 16.131526947}, "melbands_spread": {"dmean2": 7.37840938568, "median": 18.511428833, "min": 0.528380095959, "dvar2": 117.597595215, "dvar": 61.4884910583, "dmean": 4.84248924255, "max": 294.392303467, "var": 266.411651611, "mean": 20.6817569733}, "hfc": {"dmean2": 7.02023506165, "median": 12.0249786377, "min": 1.10752191597e-16, "dvar2": 135.144226074, "dvar": 62.3420677185, "dmean": 4.849214077, "max": 177.792861938, "var": 380.907714844, "mean": 18.3434028625}, "barkbands_kurtosis": {"dmean2": 3.74601745605, "median": 1.57798886299, "min": -1.92835092545, "dvar2": 59.6021690369, "dvar": 26.4598388672, "dmean": 2.40970921516, "max": 330.67010498, "var": 339.618713379, "mean": 5.03556871414}, "gfcc": {"mean": [-48.0710945129, 99.3992462158, -110.954925537, -6.6437292099, -48.7378501892, 6.08354854584, -40.5150146484, 9.18578910828, -25.0854225159, 1.16437637806, -10.7023296356, -1.3584291935, -4.48710441589], "icov": [[0.000104091486719, 3.36639532179e-05, 0.000143151759403, -0.00011021784303, 9.29643065319e-05, -0.000184844961041, 7.1631911851e-05, -0.000265132344794, 0.000250167533522, -0.000151850079419, 0.0002937662357, -0.00012049137149, 0.00016995043552], [3.36639532179e-05, 0.00106358528137, 6.28444686299e-05, -0.000146830599988, -0.000697250070516, 0.000263091933448, -3.95535389544e-05, 0.000644427433144, -0.000565770664252, 0.000912618474104, -0.00114184292033, 0.000852216617204, -0.000396777613787], [0.000143151759403, 6.28444686299e-05, 0.00126546691172, -0.000300830579363, -0.000431673630374, -0.00110181071796, 0.000618077581748, -0.000237680942519, -0.000235959276324, 0.000379873119527, 0.000530544668436, -0.000786035088822, 0.000785541953519], [-0.00011021784303, -0.000146830599988, -0.000300830579363, 0.00309178070165, -0.000751893734559, -0.00024423879222, 0.000117584553664, -0.00110047135968, 5.37750493095e-05, -0.000433437817264, 0.000681794888806, -0.000373340153601, -0.000238225649809], [9.29643065319e-05, -0.000697250070516, -0.000431673630374, -0.000751893734559, 0.00448483088985, 2.85055575659e-05, -0.00191726943012, -0.000195741245989, -0.000436877307948, -0.000136380302138, 0.000457223941339, -0.000663985032588, 6.80817247485e-05], [-0.000184844961041, 0.000263091933448, -0.00110181071796, -0.00024423879222, 2.85055575659e-05, 0.00561294564977, -0.00268862699158, 0.000622197112534, 0.000251150253462, -0.000856187019963, -0.000565895461477, 0.00154271768406, 0.000181213967153], [7.1631911851e-05, -3.95535389544e-05, 0.000618077581748, 0.000117584553664, -0.00191726943012, -0.00268862699158, 0.00713986670598, -0.00073329632869, 6.17743498879e-05, -0.00115041655954, -0.000239664805122, 0.000579693645705, 0.000251565739745], [-0.000265132344794, 0.000644427433144, -0.000237680942519, -0.00110047135968, -0.000195741245989, 0.000622197112534, -0.00073329632869, 0.00667176069692, -0.00244951993227, 0.00166768825147, -0.00142162619159, 0.00182568933815, -0.00289373565465], [0.000250167533522, -0.000565770664252, -0.000235959276324, 5.37750493095e-05, -0.000436877307948, 0.000251150253462, 6.17743498879e-05, -0.00244951993227, 0.00920229777694, -0.00432297447696, 0.0035642166622, -0.00408960692585, 0.00289011048153], [-0.000151850079419, 0.000912618474104, 0.000379873119527, -0.000433437817264, -0.000136380302138, -0.000856187019963, -0.00115041655954, 0.00166768825147, -0.00432297447696, 0.0138922026381, -0.00682155508548, 0.00208247895353, -0.00102334970143], [0.0002937662357, -0.00114184292033, 0.000530544668436, 0.000681794888806, 0.000457223941339, -0.000565895461477, -0.000239664805122, -0.00142162619159, 0.0035642166622, -0.00682155508548, 0.0147607373074, -0.00533246807754, 0.00158711546101], [-0.00012049137149, 0.000852216617204, -0.000786035088822, -0.000373340153601, -0.000663985032588, 0.00154271768406, 0.000579693645705, 0.00182568933815, -0.00408960692585, 0.00208247895353, -0.00533246807754, 0.0133760087192, -0.00417142547667], [0.00016995043552, -0.000396777613787, 0.000785541953519, -0.000238225649809, 6.80817247485e-05, 0.000181213967153, 0.000251565739745, -0.00289373565465, 0.00289011048153, -0.00102334970143, 0.00158711546101, -0.00417142547667, 0.0138883236796]], "cov": [[18116.9179688, -1831.02478027, -1849.7076416, 512.160217285, -799.372680664, 311.197052002, -48.3130912781, 686.058410645, -507.098388672, 39.9005050659, -312.940124512, -251.533432007, 51.7572593689], [-1831.02478027, 1440.85290527, 110.744148254, 3.4436006546, 286.566741943, -66.5718231201, 51.9334373474, -133.650161743, 70.0247192383, -33.6725883484, 86.9371032715, -2.37985920906, 0.338707238436], [-1849.7076416, 110.744148254, 1406.07287598, 152.149307251, 253.898681641, 198.685943604, 26.9625453949, -10.5293140411, 146.123336792, -26.7046813965, -28.2065048218, 70.2111587524, -65.7040863037], [512.160217285, 3.4436006546, 152.149307251, 431.435302734, 103.750518799, 64.1636352539, 35.9183311462, 104.815452576, 32.2858314514, 5.52198505402, -28.8575248718, 8.51738357544, 12.012714386], [-799.372680664, 286.566741943, 253.898681641, 103.750518799, 382.963195801, 59.0311431885, 111.073822021, 2.27953863144, 74.4600906372, 10.3554430008, 12.5993738174, 23.1070404053, -8.02826118469], [311.197052002, -66.5718231201, 198.685943604, 64.1636352539, 59.0311431885, 303.513458252, 118.576087952, 11.1081037521, -0.621253371239, 34.002166748, -1.73265206814, -32.7975959778, -26.9485225677], [-48.3130912781, 51.9334373474, 26.9625453949, 35.9183311462, 111.073822021, 118.576087952, 222.236724854, 17.8098602295, 15.5513000488, 35.8351669312, 15.7897958755, -18.8082027435, -9.28959178925], [686.058410645, -133.650161743, -10.5293140411, 104.815452576, 2.27953863144, 11.1081037521, 17.8098602295, 229.978317261, 26.344039917, -3.56864547729, -19.0343475342, -5.17165613174, 32.4957122803], [-507.098388672, 70.0247192383, 146.123336792, 32.2858314514, 74.4600906372, -0.621253371239, 15.5513000488, 26.344039917, 182.235671997, 33.8963890076, -1.15899443626, 44.7907180786, -16.4942817688], [39.9005050659, -33.6725883484, -26.7046813965, 5.52198505402, 10.3554430008, 34.002166748, 35.8351669312, -3.56864547729, 33.8963890076, 112.569999695, 45.0198135376, 6.22708749771, -3.76564264297], [-312.940124512, 86.9371032715, -28.2065048218, -28.8575248718, 12.5993738174, -1.73265206814, 15.7897958755, -19.0343475342, -1.15899443626, 45.0198135376, 112.776473999, 30.4285449982, 2.93247795105], [-251.533432007, -2.37985920906, 70.2111587524, 8.51738357544, 23.1070404053, -32.7975959778, -18.8082027435, -5.17165613174, 44.7907180786, 6.22708749771, 30.4285449982, 114.839279175, 20.9159679413], [51.7572593689, 0.338707238436, -65.7040863037, 12.012714386, -8.02826118469, -26.9485225677, -9.28959178925, 32.4957122803, -16.4942817688, -3.76564264297, 2.93247795105, 20.9159679413, 91.7336196899]]}, "spectral_energyband_middle_low": {"dmean2": 0.00594679638743, "median": 0.00734550133348, "min": 1.78694274242e-22, "dvar2": 0.000118897020002, "dvar": 4.71694074804e-05, "dmean": 0.00380625878461, "max": 0.120942696929, "var": 0.000119057884149, "mean": 0.0104102008045}, "melbands_crest": {"dmean2": 4.45928096771, "median": 11.0625724792, "min": 1.64710009098, "dvar2": 19.3995571136, "dvar": 7.92443609238, "dmean": 2.8269162178, "max": 34.5508422852, "var": 26.9990596771, "mean": 12.3353376389}, "spectral_kurtosis": {"dmean2": 3.98298978806, "median": 7.65890455246, "min": -1.42848527431, "dvar2": 28.1215209961, "dvar": 10.9903287888, "dmean": 2.45195102692, "max": 83.1503829956, "var": 66.2662277222, "mean": 10.3118171692}, "spectral_rms": {"dmean2": 0.000864668458235, "median": 0.0038355239667, "min": 3.14138710704e-12, "dvar2": 1.3367266547e-06, "dvar": 6.62173874844e-07, "dmean": 0.000594264420215, "max": 0.0132936220616, "var": 5.1315332712e-06, "mean": 0.0039931088686}, "zerocrossingrate": {"dmean2": 0.0099936760962, "median": 0.048828125, "min": 0.00244140625, "dvar2": 0.000238855267526, "dvar": 0.000214501982555, "dmean": 0.0084591563791, "max": 0.5234375, "var": 0.00195406586863, "mean": 0.0552640631795}, "silence_rate_60dB": {"dmean2": 0.0614840984344, "median": 0, "min": 0, "dvar2": 0.0670704692602, "dvar": 0.0297953411937, "dmean": 0.0307393334806, "max": 1, "var": 0.151466235518, "mean": 0.186097860336}, "erbbands_kurtosis": {"dmean2": 1.96448779106, "median": 0.65669965744, "min": -1.87253367901, "dvar2": 9.50776100159, "dvar": 4.38389444351, "dmean": 1.25995361805, "max": 104.540390015, "var": 13.8127412796, "mean": 1.56657457352}, "erbbands": {"dmean2": [0.101188018918, 0.85345351696, 0.999955296516, 2.62008905411, 3.55075097084, 6.17453479767, 11.9212293625, 13.188999176, 11.5041446686, 21.5032520294, 36.5905036926, 45.3978614807, 33.9750328064, 45.6388702393, 46.3290863037, 36.4185943604, 34.0300254822, 27.6219844818, 25.6801147461, 18.6903476715, 26.1055297852, 12.9030218124, 9.79295539856, 6.77093648911, 3.4975206852, 2.63362002373, 3.52734851837, 0.920700728893, 0.711191356182, 0.588680386543, 0.743500232697, 0.767117619514, 0.728415369987, 0.48219487071, 0.316306620836, 0.153469488025, 0.081004910171, 0.0454292558134, 0.0120360665023, 0.000608007074334], "median": [0.0129422750324, 0.118497148156, 0.271344184875, 0.579871177673, 1.52761209011, 3.44414186478, 5.78851079941, 7.52677154541, 7.78483104706, 6.65843915939, 11.237827301, 16.7486495972, 12.5920200348, 15.147898674, 13.7152671814, 10.596364975, 11.289317131, 7.55829906464, 8.92177391052, 8.76698493958, 5.45498466492, 3.36976909637, 2.90012359619, 3.20503258705, 2.06544542313, 1.25265479088, 1.30154824257, 0.46437689662, 0.219425350428, 0.192337110639, 0.289048612118, 0.282241731882, 0.259863376617, 0.178299456835, 0.0940902978182, 0.0319876745343, 0.00886202603579, 0.00175881781615, 0.000232141843298, 3.70332636521e-05], "min": [2.21575200571e-22, 8.68063246925e-22, 2.29004447714e-21, 9.47755757765e-21, 1.39679963902e-20, 2.53031011244e-20, 2.61843166642e-20, 1.13405285834e-19, 1.29901580769e-19, 1.79380707428e-19, 3.3446220888e-19, 3.03520768435e-19, 5.24015712727e-19, 7.57998793335e-19, 7.84865929824e-19, 1.01908041421e-18, 9.97620350589e-19, 2.67796869541e-18, 2.46119836447e-18, 2.81097499521e-18, 5.81203154569e-18, 5.85416481737e-18, 5.52726965674e-18, 6.84292275488e-18, 7.69140078666e-18, 8.13354950359e-18, 1.17293408495e-17, 1.12967601307e-17, 1.20051890402e-17, 1.32620056085e-17, 1.36998835919e-17, 1.21896933301e-17, 1.1072966416e-17, 8.76489510612e-18, 6.75718134848e-18, 4.37745055498e-18, 2.36029039475e-18, 1.00378780924e-18, 2.43123736569e-19, 2.87302251089e-20], "dvar2": [0.166680037975, 12.0325098038, 10.9257774353, 195.124816895, 189.723922729, 223.06413269, 746.290222168, 721.790405273, 556.668518066, 6026.94287109, 10025.1806641, 11624.7939453, 5252.61132812, 16917.4492188, 12816.8222656, 10076.9589844, 10048.2548828, 5793.51855469, 3320.83642578, 1331.16955566, 4716.41162109, 1419.04333496, 631.347595215, 195.702667236, 63.4808425903, 31.6929988861, 54.0147857666, 4.60068035126, 6.98718547821, 5.00785779953, 4.27163600922, 4.90024900436, 5.74017381668, 2.97269010544, 1.53007864952, 0.315361648798, 0.0981368869543, 0.0403204001486, 0.00301349861547, 8.21012781671e-06], "dvar": [0.0645271167159, 4.76410245895, 4.43848323822, 74.1171264648, 72.2382736206, 88.9957504272, 325.780639648, 297.16418457, 225.856262207, 2318.29833984, 3866.57543945, 5127.29443359, 2121.67114258, 6675.70703125, 5974.33886719, 3890.65283203, 3765.66210938, 2516.06420898, 1389.91491699, 572.243896484, 1839.76904297, 570.196838379, 257.956665039, 83.6755905151, 25.4818210602, 13.9119615555, 23.8289604187, 1.75097763538, 3.11472535133, 2.35896945, 2.19638776779, 2.48810148239, 3.11461305618, 1.78361940384, 1.01053237915, 0.189114823937, 0.0423692390323, 0.0163789149374, 0.00118844769895, 3.14553290082e-06], "dmean": [0.0599832236767, 0.512393057346, 0.618102192879, 1.5686455965, 2.25638771057, 4.00582408905, 7.7007651329, 8.67691326141, 7.5365152359, 13.5111284256, 23.1470947266, 30.0034694672, 21.8542785645, 28.816827774, 30.3717975616, 23.0547218323, 21.4864292145, 17.7410545349, 16.2255916595, 11.9796152115, 16.0863780975, 8.30971622467, 6.31907844543, 4.40474367142, 2.2249622345, 1.74164175987, 2.30678606033, 0.580139040947, 0.462593108416, 0.399250477552, 0.502513468266, 0.517899811268, 0.502716302872, 0.340323954821, 0.22661948204, 0.105518579483, 0.0528778210282, 0.0283739641309, 0.00729586835951, 0.000365488260286], "max": [3.73648476601, 28.9281520844, 33.0297279358, 197.351638794, 169.748352051, 267.8125, 848.020202637, 373.159088135, 388.874450684, 1288.71875, 1332.61352539, 1692.51501465, 1456.14953613, 1791.8581543, 2607.18847656, 1841.37792969, 1863.20739746, 1527.69396973, 1064.33557129, 594.373168945, 1105.39160156, 767.706359863, 471.065155029, 283.231658936, 137.828231812, 112.407142639, 115.484611511, 44.1285514832, 79.4195709229, 89.2775344849, 49.4220581055, 54.8217658997, 75.1254882812, 47.5687484741, 68.8176727295, 32.0927200317, 6.10382175446, 4.09183359146, 1.08356487751, 0.0416532680392], "var": [0.0600127838552, 3.98788785934, 5.39452123642, 61.1512718201, 77.0264205933, 217.381652832, 677.297058105, 663.356628418, 556.150146484, 3889.72167969, 6269.72851562, 13382.3876953, 4749.35839844, 13016.5996094, 19798.3007812, 9217.97753906, 8113.34130859, 5894.81787109, 3910.49487305, 1497.68432617, 4473.89111328, 1921.55480957, 971.374389648, 315.84942627, 104.913276672, 60.050819397, 105.846679688, 9.04337882996, 11.1625213623, 6.97923564911, 7.86079978943, 8.29408836365, 10.1167984009, 6.0620970726, 3.4195523262, 0.479304283857, 0.06010331586, 0.015299372375, 0.00098343915306, 2.4157657208e-06], "mean": [0.0871170759201, 0.620495975018, 1.05421376228, 2.25837898254, 4.07161569595, 8.31179237366, 14.2476196289, 16.8980464935, 15.5952234268, 22.5381336212, 38.5695571899, 54.5701179504, 40.023765564, 49.7033500671, 56.266582489, 42.2542381287, 37.7964324951, 31.8178958893, 31.0521659851, 23.5620040894, 30.0193405151, 18.5970573425, 15.0348577499, 10.6462450027, 5.94538640976, 4.83148527145, 6.03429508209, 1.61978816986, 1.06093680859, 0.87898671627, 1.1555416584, 1.18557500839, 1.09582829475, 0.762165486813, 0.463813573122, 0.176129311323, 0.0696444958448, 0.0275418907404, 0.00613912334666, 0.000318448845064]}, "spectral_strongpeak": {"dmean2": 1.03939676285, "median": 0.806888222694, "min": 0, "dvar2": 1.92445898056, "dvar": 0.777874529362, "dmean": 0.631254911423, "max": 10.7539653778, "var": 2.06750607491, "mean": 1.30906546116}, "spectral_energy": {"dmean2": 0.00999301485717, "median": 0.0150790261105, "min": 1.01150206009e-20, "dvar2": 0.000325673230691, "dvar": 0.000148752922541, "dmean": 0.00666302302852, "max": 0.181138396263, "var": 0.000488398305606, "mean": 0.0216033291072}, "average_loudness": 0.608768165112, "spectral_rolloff": {"dmean2": 574.415771484, "median": 1119.7265625, "min": 86.1328125, "dvar2": 1841641.875, "dvar": 854817.0625, "dmean": 339.437927246, "max": 19573.6816406, "var": 2726599.75, "mean": 1386.07849121}, "spectral_centroid": {"dmean2": 222.763214111, "median": 970.765625, "min": 140.44543457, "dvar2": 109288.414062, "dvar": 58576.5351562, "dmean": 150.031021118, "max": 11879.9404297, "var": 579630.1875, "mean": 1065.68640137}, "pitch_salience": {"dmean2": 0.0973553135991, "median": 0.546291053295, "min": 0.0776394978166, "dvar2": 0.00804275274277, "dvar": 0.003262311453, "dmean": 0.0611731521785, "max": 0.972040891647, "var": 0.0109429899603, "mean": 0.536899209023}, "spectral_energyband_middle_high": {"dmean2": 0.00331998430192, "median": 0.00335587910376, "min": 1.19980417295e-21, "dvar2": 3.74168121198e-05, "dvar": 1.52281154442e-05, "dmean": 0.00221120961942, "max": 0.0883960202336, "var": 8.61227017595e-05, "mean": 0.00698911957443}, "spectral_contrast_coeffs": {"dmean2": [0.0622598752379, 0.0681985616684, 0.0620796754956, 0.0518022589386, 0.0350651480258, 0.0231967475265], "median": [-0.65368026495, -0.679462969303, -0.695632219315, -0.724144876003, -0.768122434616, -0.818215608597], "min": [-0.978728234768, -0.98328691721, -0.982591450214, -0.974325597286, -0.966412901878, -0.964317202568], "dvar2": [0.00311253825203, 0.00333286891691, 0.00254244729877, 0.00169089238625, 0.000855332822539, 0.000409099418903], "dvar": [0.00134177727159, 0.00131576356944, 0.00107251654845, 0.00069922930561, 0.000386422761949, 0.000177759196959], "dmean": [0.0393685102463, 0.0426551550627, 0.0399427004158, 0.0325672440231, 0.0223373360932, 0.0146113643423], "max": [-0.281967163086, -0.386810064316, -0.431534558535, -0.439532339573, -0.566707730293, -0.642605066299], "var": [0.0103938961402, 0.00562474224716, 0.0056408457458, 0.00440213037655, 0.00317599461414, 0.00148789503146], "mean": [-0.641547501087, -0.676200211048, -0.691581368446, -0.719489812851, -0.763258695602, -0.818635463715]}, "melbands_skewness": {"dmean2": 0.754477977753, "median": 1.38279271126, "min": -2.75587415695, "dvar2": 0.809864401817, "dvar": 0.373379409313, "dmean": 0.501232862473, "max": 13.2609119415, "var": 1.7840372324, "mean": 1.60685825348}, "spectral_spread": {"dmean2": 797067.125, "median": 3780900.5, "min": 1036453.1875, "dvar2": 1676445614080.0, "dvar": 963244654592, "dmean": 562689, "max": 42417464, "var": 8268132909060.0, "mean": 4310155.5}, "dissonance": {"dmean2": 0.0479054264724, "median": 0.44146412611, "min": 0.150743931532, "dvar2": 0.00191700260621, "dvar": 0.000712755601853, "dmean": 0.0284011662006, "max": 0.500000059605, "var": 0.00219670752995, "mean": 0.431365609169}, "spectral_skewness": {"dmean2": 0.393707931042, "median": 2.22735500336, "min": -0.454593241215, "dvar2": 0.184287786484, "dvar": 0.0793030932546, "dmean": 0.251015305519, "max": 7.92286109924, "var": 0.735222458839, "mean": 2.42472100258}, "spectral_flux": {"dmean2": 0.0308175571263, "median": 0.0595730654895, "min": 6.40728234358e-11, "dvar2": 0.00153807888273, "dvar": 0.000661700789351, "dmean": 0.0191047322005, "max": 0.379547983408, "var": 0.00254308409058, "mean": 0.0667551234365}, "spectral_contrast_valleys": {"dmean2": [0.535639762878, 0.513605952263, 0.474305957556, 0.414917558432, 0.325648784637, 0.33274191618], "median": [-7.69825792313, -6.94288158417, -7.54048538208, -8.16979980469, -8.28049087524, -10.516708374], "min": [-28.1590423584, -27.9339237213, -27.6871967316, -27.6163902283, -27.5453262329, -27.4058017731], "dvar2": [0.30211186409, 0.199221268296, 0.177916109562, 0.142610177398, 0.111028708518, 0.189321368933], "dvar": [0.170500025153, 0.0927595496178, 0.0867070704699, 0.0717908069491, 0.0590671226382, 0.112886972725], "dmean": [0.345625758171, 0.321201175451, 0.300655275583, 0.262504577637, 0.214322581887, 0.240955546498], "max": [-5.23203802109, -4.96181297302, -5.1133441925, -5.93891954422, -6.20364522934, -7.66876792908], "var": [3.01232743263, 2.70819759369, 3.25388669968, 3.14800691605, 3.62644839287, 2.97712111473], "mean": [-8.0306558609, -7.2882642746, -7.92628097534, -8.52658367157, -8.72979259491, -10.9121675491]}, "erbbands_flatness_db": {"dmean2": 0.0266058910638, "median": 0.182328954339, "min": 0.0273894332349, "dvar2": 0.000684646540321, "dvar": 0.000359705794835, "dmean": 0.0186854079366, "max": 0.389031141996, "var": 0.00272008008324, "mean": 0.187016546726}, "spectral_energyband_high": {"dmean2": 0.000241275934968, "median": 0.0001336648711, "min": 7.10858258133e-21, "dvar2": 3.95159048594e-07, "dvar": 2.03073298621e-07, "dmean": 0.000170175844687, "max": 0.015829058364, "var": 6.7773231649e-07, "mean": 0.000427815743024}, "spectral_entropy": {"dmean2": 0.228338822722, "median": 7.21480083466, "min": 4.60532236099, "dvar2": 0.0616948381066, "dvar": 0.0326411612332, "dmean": 0.157180115581, "max": 9.82405948639, "var": 0.400508761406, "mean": 7.07031059265}, "silence_rate_20dB": {"dmean2": 0, "median": 1, "min": 1, "dvar2": 0, "dvar": 0, "dmean": 0, "max": 1, "var": 0, "mean": 1}, "melbands_flatness_db": {"dmean2": 0.0301752816886, "median": 0.211301088333, "min": 0.00224797637202, "dvar2": 0.00107698957436, "dvar": 0.000518999411725, "dmean": 0.0204618293792, "max": 0.617606937885, "var": 0.00637720618397, "mean": 0.227430462837}, "barkbands": {"dmean2": [8.90285518835e-05, 0.00369322788902, 0.000836318533402, 0.0011827176204, 0.00157751934603, 0.00152854155749, 0.00103514804505, 0.00163247715682, 0.00197892496362, 0.00140977441333, 0.000945292005781, 0.00123789918143, 0.00079007493332, 0.000628435285762, 0.000425886362791, 0.000452044012491, 0.000249191041803, 0.000197630681214, 9.98426548904e-05, 6.53921160847e-05, 5.89797346038e-05, 1.92024344869e-05, 2.38141055888e-05, 3.93869886466e-05, 4.15652539232e-05, 4.48890423286e-05, 6.29972710158e-05], "median": [7.62841864343e-06, 0.000497841800097, 0.000222169997869, 0.000183003008715, 0.