{"tonal": {"thpcp": [1, 0.880707919598, 0.326348036528, 0.322246104479, 0.362785339355, 0.250310152769, 0.488418251276, 0.600227236748, 0.327650874853, 0.334193944931, 0.393514364958, 0.281167775393, 0.363826781511, 0.366445988417, 0.216262146831, 0.397400945425, 0.485591083765, 0.271457284689, 0.259819060564, 0.310595005751, 0.298401683569, 0.645818352699, 0.737252831459, 0.388906776905, 0.444501876831, 0.484251737595, 0.269368171692, 0.285512506962, 0.340046703815, 0.255631893873, 0.339364349842, 0.36091697216, 0.212999626994, 0.252822995186, 0.304361760616, 0.481902360916], "hpcp": {"dmean2": [0.128688052297, 0.124404922128, 0.109345905483, 0.137223228812, 0.149713173509, 0.127250999212, 0.120113655925, 0.128939777613, 0.143344193697, 0.180698722601, 0.189157292247, 0.161651164293, 0.139163941145, 0.138578012586, 0.127961918712, 0.123646840453, 0.119165740907, 0.12673842907, 0.124774128199, 0.128946200013, 0.116848707199, 0.120142005384, 0.126225978136, 0.17578946054, 0.240412801504, 0.204219728708, 0.139257207513, 0.12355748564, 0.116257227957, 0.119796484709, 0.143961206079, 0.159009888768, 0.151849120855, 0.142504677176, 0.149419307709, 0.136223345995], "median": [0.0184895023704, 0.0189818330109, 0.0225756019354, 0.0293599814177, 0.0326726362109, 0.0273474678397, 0.0147816091776, 0.0136017017066, 0.0252142250538, 0.0571945160627, 0.0695556551218, 0.0495469272137, 0.0216285511851, 0.0212772991508, 0.0219369456172, 0.0185549333692, 0.0192239750177, 0.0199952181429, 0.0174739919603, 0.0162372626364, 0.0156294666231, 0.0129822492599, 0.0139070833102, 0.0518178418279, 0.115925244987, 0.122228629887, 0.0439048521221, 0.0141592919827, 0.0122928712517, 0.0242452956736, 0.0359050780535, 0.0421640202403, 0.0348764061928, 0.014615572989, 0.0147619415075, 0.0195596944541], "min": [0, 0, 0, 0, 0, 0, 0, 0, 0, 0, 0, 0, 0, 0, 0, 0, 0, 0, 0, 0, 0, 0, 0, 0, 0, 0, 0, 0, 0, 0, 0, 0, 0, 0, 0, 0], "dvar2": [0.0737741366029, 0.0711769759655, 0.053778193891, 0.0664076134562, 0.078742466867, 0.067530170083, 0.0707558915019, 0.0797510743141, 0.0762219205499, 0.0867223218083, 0.0936023518443, 0.0782275050879, 0.0716779381037, 0.0703269466758, 0.0704357549548, 0.0713927820325, 0.0652763471007, 0.0716459900141, 0.064834587276, 0.0671064183116, 0.0647481307387, 0.0668293908238, 0.0704188421369, 0.0758610889316, 0.123469054699, 0.0827236548066, 0.0555607937276, 0.0656350702047, 0.0602775774896, 0.0530503205955, 0.0605613663793, 0.0740209445357, 0.0762346312404, 0.0788101181388, 0.0842120498419, 0.076299495995], "dvar": [0.0274340286851, 0.0266552586108, 0.0191737152636, 0.0265984553844, 0.0325209908187, 0.0239921640605, 0.0257445704192, 0.030292712152, 0.0277722422034, 0.0342476740479, 0.0384518392384, 0.0281803756952, 0.0276824440807, 0.0278774164617, 0.0249314121902, 0.0254513584077, 0.0251150745898, 0.0255072899163, 0.0250228811055, 0.0263577867299, 0.0233107190579, 0.0243186224252, 0.026717139408, 0.0278261546046, 0.0479805953801, 0.0335514992476, 0.0207520090044, 0.0240308865905, 0.0231681764126, 0.0198700260371, 0.0245288386941, 0.030872952193, 0.0277995672077, 0.0292691309005, 0.0323497056961, 0.0272719673812], "dmean": [0.0738066881895, 0.0716872960329, 0.0620126836002, 0.0811959132552, 0.0898887738585, 0.0725985690951, 0.067864626646, 0.0734148845077, 0.0817438811064, 0.107780009508, 0.113999664783, 0.0942051783204, 0.0815639048815, 0.0825589299202, 0.0726539641619, 0.0702682584524, 0.068331874907, 0.0707834661007, 0.071065954864, 0.0740840658545, 0.0658088624477, 0.0679617598653, 0.0718230903149, 0.0994543880224, 0.138373926282, 0.12072019279, 0.0814118012786, 0.0704379677773, 0.06706777215, 0.0690741986036, 0.0868232622743, 0.0935902222991, 0.0867995545268, 0.0822980329394, 0.0868165642023, 0.0770815983415], "max": [1, 1, 1, 1, 1, 1, 1, 1, 1, 1, 1, 1, 1, 1, 1, 1, 1, 1, 1, 1, 1, 1, 1, 1, 1, 1, 1, 1, 1, 1, 1, 1, 1, 1, 1, 1], "var": [0.056897636503, 0.0561362020671, 0.0169687084854, 0.0485970824957, 0.0700536593795, 0.024214874953, 0.0324319861829, 0.0487493537366, 0.0305924862623, 0.0882389172912, 0.106415085495, 0.0322834886611, 0.0681596323848, 0.0754854753613, 0.0259152539074, 0.0352157354355, 0.0527468211949, 0.026639143005, 0.0505493842065, 0.054691426456, 0.020916255191, 0.0305806025863, 0.045769892633, 0.0415654443204, 0.139814689755, 0.103975825012, 0.02298627235, 0.045301515609, 0.0588326863945, 0.0208656974137, 0.0619855336845, 0.0911475121975, 0.0287082176656, 0.0422816723585, 0.0569067373872, 0.0282297749072], "mean": [0.115721799433, 0.116554886103, 0.0687861517072, 0.12640067935, 0.154451176524, 0.0863419771194, 0.0826402306557, 0.0987904518843, 0.0949121415615, 0.205414399505, 0.234496816993, 0.123698949814, 0.14138199389, 0.154025167227, 0.0856774970889, 0.0908125042915, 0.108158104122, 0.0813084244728, 0.107941068709, 0.114796280861, 0.0677484497428, 0.0804150030017, 0.0968078523874, 0.153277903795, 0.318068385124, 0.28012534976, 0.103800989687, 0.102496296167, 0.11539054662, 0.0796157419682, 0.155350401998, 0.190913304687, 0.10421538353, 0.106296531856, 0.125164479017, 0.089430578053]}, "tuning_equal_tempered_deviation": 0.204483598471, "chords_changes_rate": 0.0534799620509, "key_key": "F", "tuning_diatonic_strength": 0.430086314678, "key_scale": "minor", "chords_number_rate": 0.00316360360011, "tuning_frequency": 434.193115234, "tuning_nontempered_energy_ratio": 0.942461848259, "chords_histogram": [13.0009040833, 2.50075316429, 5.87526369095, 5.61916255951, 2.47062373161, 4.56462812424, 6.35733652115, 11.4793615341, 2.65140104294, 9.53600502014, 0.361554682255, 1.94335639477, 0.512202441692, 1.22024703026, 3.75112986565, 1.91322684288, 2.10906910896, 2.45555901527, 1.28050613403, 1.28050613403, 0.286230802536, 8.79783058167, 2.8472430706, 7.18589925766], "key_strength": 0.695088684559, "chords_key": "F", "chords_strength": {"dmean2": 0.00842749141157, "median": 0.506624698639, "min": -1, "dvar2": 0.000596088415477, "dvar": 0.000345331296558, "dmean": 0.00944827590138, "max": 0.727978885174, "var": 0.0210087038577, "mean": 0.498073637486}, "chords_scale": "minor", "hpcp_entropy": {"dmean2": 0.876197576523, "median": 1.81966197491, "min": 0, "dvar2": 0.605425834656, "dvar": 0.229159399867, "dmean": 0.522788226604, "max": 4.27533626556, "var": 0.479258298874, "mean": 1.80756568909}}, "metadata": {"audio_properties": {"equal_loudness": 0, "codec": "mp3", "downmix": "mix", "sample_rate": 44100, "analysis_sample_rate": 44100, "bit_rate": 192016, "md5_encoded": "8ca00800a090156c5a55756b6e4cc79e", "length": 308.218780518, "replay_gain": -15.3981971741, "lossless": false}, "version": {"essentia_build_sha": "70f2e5ece6736b2c40cc944ad0e695b16b925413", "essentia": "2.1-beta2", "extractor": "music 1.0", "essentia_git_sha": "v2.1_beta2"}, "tags": {"title": ["SINCERELY\uff5eever dream\uff5e"], "artist": ["dream"], "date": ["2003"], "genre": ["Anime"], "album": ["\u30d2\u30ab\u30eb\u306e\u7881 \u4e3b\u984c\u6b4c\u5168\u96c6"], "tracknumber": ["05"], "discnumber": ["1"], "musicbrainz_recordingid": ["1613ed34-8549-4ce7-9dce-9c0a39905501"], "file_name": "1644713.mp3"}}, "rhythm": {"bpm_histogram_first_peak_bpm": {"dmean2": 0, "median": 89, "min": 89, "dvar2": 0, "dvar": 0, "dmean": 0, "max": 89, "var": 0, "mean": 89}, "bpm": 88.859375, "bpm_histogram_second_peak_spread": {"dmean2": 0, "median": 0.391304314137, "min": 0.391304314137, "dvar2": 0, "dvar": 0, "dmean": 0, "max": 0.391304314137, "var": 0, "mean": 0.391304314137}, "bpm_histogram_first_peak_weight": {"dmean2": 0, "median": 0.85806453228, "min": 0.85806453228, "dvar2": 0, "dvar": 0, "dmean": 0, "max": 0.85806453228, "var": 0, "mean": 0.85806453228}, "onset_rate": 3.38704514503, "beats_position": [0.731428563595, 1.46285712719, 2.19428563118, 2.92571425438, 3.63392281532, 4.34213161469, 5.0387301445, 5.73532867432, 6.43192720413, 7.12852573395, 7.83673477173, 8.54494285583, 9.24154186249, 9.93814086914, 10.6347389221, 11.3313379288, 12.0047159195, 12.6780948639, 13.3514738083, 14.0248527527, 14.6982307434, 15.3716096878, 16.0449886322, 16.7183666229, 17.391746521, 18.0651245117, 18.7501125336, 19.4351024628, 20.1084804535, 20.7818584442, 21.4552383423, 22.128616333, 22.8019943237, 23.4753742218, 24.1487522125, 24.8221302032, 25.4955101013, 26.168888092, 26.8422679901, 27.5156459808, 28.1890239716, 28.8624038696, 29.5357818604, 30.2091598511, 30.8941497803, 31.5559177399, 32.2292976379, 32.9026756287, 33.5760536194, 34.2610435486, 34.9344215393, 35.6194114685, 36.2927894592, 36.96616745, 37.6395454407, 38.3129234314, 38.9863014221, 39.6596832275, 40.344669342, 41.0296592712, 41.703037262, 42.3648071289, 43.0381851196, 43.7115631104, 44.3733329773, 45.0583229065, 45.743309021, 46.4166870117, 47.0900688171, 47.7634468079, 48.4368247986, 49.1102027893, 49.78358078, 50.4569587708, 51.1303405762, 51.8037185669, 52.4770965576, 53.1504745483, 53.8238525391, 54.4972343445, 55.1706123352, 55.8439903259, 56.5173683167, 57.2023582458, 57.8873443604, 58.5607261658, 59.2341041565, 59.9074821472, 60.5808601379, 61.2542381287, 61.9276161194, 62.6009979248, 63.2743759155, 63.9477539062, 64.621131897, 65.2945098877, 65.9678878784, 66.6412658691, 67.3146438599, 67.98802948, 68.6614074707, 69.3347854614, 70.0197753906, 70.7047576904, 71.3781356812, 72.0515213013, 72.724899292, 73.3982772827, 74.060043335, 74.7334213257, 75.4067993164, 76.0917892456, 76.7651672363, 77.4385452271, 78.1119232178, 78.7853012085, 79.4586868286, 80.1320648193, 80.8054428101, 81.4788208008, 82.1521987915, 82.8255767822, 83.4989547729, 84.1723327637, 84.8457107544, 85.5190887451, 86.1924667358, 86.865852356, 87.5392303467, 88.2242126465, 88.9092025757, 89.5825805664, 90.2559585571, 90.9293441772, 91.602722168, 92.2761001587, 92.9494781494, 93.6228561401, 94.2962341309, 94.9812240601, 95.6429901123, 96.316368103, 96.9897460938, 97.6631240845, 98.3481140137, 99.0331039429, 99.7064819336, 100.379859924, 101.053237915, 101.726615906, 102.400001526, 103.073379517, 103.746757507, 104.420135498, 105.093513489, 105.766891479, 106.44026947, 107.113647461, 107.787025452, 108.460403442, 109.133781433, 109.807167053, 110.480545044, 111.153923035, 111.827301025, 112.500679016, 113.174057007, 113.859046936, 114.544036865, 115.217414856, 115.890792847, 116.564170837, 117.237548828, 117.910926819, 118.58430481, 119.2576828, 119.931060791, 120.604438782, 121.277824402, 121.951202393, 122.624580383, 123.297958374, 123.971336365, 124.644714355, 125.318092346, 125.991470337, 126.664848328, 127.349838257, 128.023223877, 128.708206177, 129.381591797, 130.054962158, 130.728347778, 131.40171814, 132.07510376, 132.748474121, 133.421859741, 134.095230103, 134.768615723, 135.441986084, 136.115371704, 136.788757324, 137.462127686, 138.135513306, 138.808883667, 139.482269287, 140.155639648, 140.829025269, 141.50239563, 142.187393188, 142.86076355, 143.545761108, 144.21913147, 144.89251709, 145.565887451, 146.239273071, 146.912643433, 147.586029053, 148.259414673, 148.932785034, 149.606170654, 150.279541016, 150.952926636, 151.626296997, 152.299682617, 152.973052979, 153.658050537, 154.343032837, 155.016418457, 155.689788818, 156.363174438, 157.0365448, 157.70993042, 158.383300781, 159.056686401, 159.730072021, 160.403442383, 161.076828003, 161.750198364, 162.423583984, 163.096954346, 163.770339966, 164.443710327, 165.117095947, 165.790466309, 166.463851929, 167.137237549, 167.81060791, 168.49559021, 169.180587769, 169.85395813, 170.52734375, 171.20072937, 171.874099731, 172.547485352, 173.220855713, 173.894241333, 174.567611694, 175.240997314, 175.914367676, 176.587753296, 177.261123657, 177.934509277, 178.607894897, 179.281265259, 179.966262817, 180.651245117, 181.324615479, 181.998001099, 182.671386719, 183.34475708, 184.0181427, 184.691513062, 185.364898682, 186.038269043, 186.711654663, 187.385025024, 188.058410645, 188.731781006, 189.405166626, 190.078552246, 190.751922607, 191.425308228, 192.098678589, 192.783676147, 193.468658447, 194.153640747, 194.815414429, 195.488800049, 196.16217041, 196.83555603, 197.508926392, 198.182312012, 198.855682373, 199.529067993, 200.202438354, 200.875823975, 201.549209595, 202.222579956, 202.919174194, 203.592559814, 204.265930176, 204.939315796, 205.612701416, 206.286071777, 206.959457397, 207.632827759, 208.306213379, 208.97958374, 209.65296936, 210.326339722, 210.999725342, 211.673095703, 212.346481323, 213.019866943, 213.693237305, 214.366622925, 215.039993286, 215.713378906, 216.386749268, 217.060134888, 217.733505249, 218.406890869, 219.08026123, 219.753646851, 220.427032471, 221.100402832, 221.773788452, 222.458770752, 223.143753052, 223.817138672, 224.490524292, 225.163894653, 225.837280273, 226.510650635, 227.184036255, 227.857406616, 228.530792236, 229.204162598, 229.877548218, 230.550918579, 231.224304199, 231.897689819, 232.571060181, 233.244445801, 233.917816162, 234.602813721, 235.287796021, 235.961181641, 236.634552002, 237.307937622, 237.981307983, 238.654693604, 239.328063965, 240.001449585, 240.663208008, 241.336593628, 242.021575928, 242.694961548, 243.368347168, 244.041717529, 244.715103149, 245.388473511, 246.073471069, 246.758453369, 247.431838989, 248.105209351, 248.778594971, 249.451965332, 250.125350952, 250.798721313, 251.472106934, 252.145477295, 252.818862915, 253.492233276, 254.165618896, 254.839004517, 255.512374878, 256.185760498, 256.859130859, 257.532501221, 258.2059021, 258.890869141, 259.575866699, 260.249237061, 260.922637939, 261.596008301, 262.269378662, 262.942749023, 263.616149902, 264.289520264, 264.962890625, 265.636291504, 266.309661865, 266.983032227, 267.656402588, 268.329803467, 269.003173828, 269.676544189, 270.349914551, 271.02331543, 271.708282471, 272.393280029, 273.078277588, 273.74005127, 274.413421631, 275.086791992, 275.760162354, 276.433563232, 277.106933594, 277.791931152, 278.476898193, 279.161895752, 279.881713867, 280.601531982, 281.286529541, 281.9715271, 282.656494141, 283.32989502, 284.003265381, 284.676635742, 285.350006104, 286.023406982, 286.708374023, 287.381774902, 288.066741943, 288.763336182, 289.459960938, 290.168151855, 290.876373291, 291.456878662, 292.037353516, 292.617858887, 293.024200439, 293.442169189, 293.871734619, 294.336151123, 294.800537109, 295.264923096, 295.740936279, 296.216949463, 296.692962646, 297.15737915, 297.621765137, 298.086151123, 298.550567627, 299.014953613, 299.490966797, 299.955383301, 300.408172607, 300.860961914, 301.3253479, 301.801361084, 302.277374268, 302.753387451, 303.217773438, 303.682159424, 304.146575928, 304.610961914, 304.994110107, 305.377227783, 305.760345459, 306.143493652, 306.561431885, 306.979400635, 307.397369385], "beats_loudness": {"dmean2": 0.0200530774891, "median": 0.0311774015427, "min": 0, "dvar2": 0.000431908905739, "dvar": 0.000150132415001, "dmean": 0.0112027302384, "max": 0.0955472066998, "var": 0.000343947584042, "mean": 0.0306537505239}, "danceability": 0.994486033916, "bpm_histogram_second_peak_weight": {"dmean2": 0, "median": 0.0301075261086, "min": 0.0301075261086, "dvar2": 0, "dvar": 0, "dmean": 0, "max": 0.0301075261086, "var": 0, "mean": 0.0301075261086}, "beats_count": 466, "bpm_histogram_second_peak_bpm": {"dmean2": 0, "median": 129, "min": 129, "dvar2": 0, "dvar": 0, "dmean": 0, "max": 129, "var": 0, "mean": 129}, "bpm_histogram_first_peak_spread": {"dmean2": 0, "median": 0.058962225914, "min": 0.058962225914, "dvar2": 0, "dvar": 0, "dmean": 0, "max": 0.058962225914, "var": 0, "mean": 0.058962225914}, "beats_loudness_band_ratio": {"dmean2": [0.281979113817, 0.179197579622, 0.224108979106, 0.118613131344, 0.0995723083615, 0.0725852996111], "median": [0.401877999306, 0.0831265375018, 0.154520899057, 0.065595023334, 0.0572921670973, 0.0574833750725], "min": [0, 0, 0, 0, 0, 0], "dvar2": [0.0644186958671, 0.0425285957754, 0.041876014322, 0.0161694176495, 0.0144249536097, 0.00677524786443], "dvar": [0.0226100515574, 0.013860322535, 0.0141535811126, 0.00624636374414, 0.00542821828276, 0.00228652404621], "dmean": [0.16377094388, 0.105752110481, 0.125971913338, 0.0700077190995, 0.0589298531413, 0.0409810356796], "max": [0.991771936417, 0.84929817915, 0.916789710522, 0.534339487553, 0.64276689291, 0.385784953833], "var": [0.0592629946768, 0.0280369669199, 0.0297776516527, 0.00862965639681, 0.0104129388928, 0.00421424489468], "mean": [0.401777714491, 0.154916703701, 0.205156728625, 0.0967539697886, 0.0982900038362, 0.0730446651578]}}, "lowlevel": {"barkbands_spread": {"dmean2": 6.88747119904, "median": 25.0330448151, "min": 0.755610764027, "dvar2": 77.10546875, "dvar": 33.8524971008, "dmean": 4.47988080978, "max": 115.044540405, "var": 278.420318604, "mean": 26.2240009308}, "melbands_spread": {"dmean2": 9.26819419861, "median": 21.8085079193, "min": 0.507932722569, "dvar2": 166.745361328, "dvar": 68.9873886108, "dmean": 5.95955324173, "max": 249.277526855, "var": 510.727783203, "mean": 28.0585861206}, "hfc": {"dmean2": 7.03748035431, "median": 12.8442821503, "min": 1.08708638585e-16, "dvar2": 132.152191162, "dvar": 64.5500259399, "dmean": 4.80321455002, "max": 133.233276367, "var": 543.772033691, "mean": 22.6520080566}, "barkbands_kurtosis": {"dmean2": 3.14964747429, "median": 1.24415922165, "min": -1.91151952744, "dvar2": 51.0465698242, "dvar": 23.406293869, "dmean": 2.08982920647, "max": 242.999603271, "var": 239.994644165, "mean": 5.34570837021}, "gfcc": {"mean": [-22.4747238159, 87.7981643677, -112.845329285, 33.8691596985, -56.8128471375, 12.3975944519, -36.1184844971, 18.6614704132, -21.6378498077, 7.98085451126, -12.546869278, -0.293692827225, -8.64103126526], "icov": [[0.000201563714654, -0.000374922325136, 0.000493149796966, -0.000409320084145, 0.000339727324899, -0.000635411939584, 0.000510444224346, -0.000816753075924, 0.000504954427015, -0.000720008276403, 0.00067237415351, -0.000583898974583, 0.000497583067045], [-0.000374922325136, 0.00204238318838, -0.00112932024058, 0.00100676668808, -0.000885486602783, 0.00215358147398, -0.00164530181792, 0.00224653142504, -0.00174681842327, 0.00227688532323, -0.00246351910755, 0.00250924564898, -0.00198211125098], [0.000493149796966, -0.00112932024058, 0.00261145830154, -0.00100564863533, 0.000568677729461, -0.00193881895393, 0.00162032747176, -0.00194267102052, 0.00117482640781, -0.00226305914111, 0.00157720351126, -0.00257888808846, 0.0011483944254], [-0.000409320084145, 0.00100676668808, -0.00100564863533, 0.00355575745925, -0.000883435946889, 0.000920546939597, -0.0012386176968, 0.000595517922193, -0.00220657140017, 0.00161662616301, -0.00131025630981, 0.000225612311624, -0.00118029513396], [0.000339727324899, -0.000885486602783, 0.000568677729461, -0.000883435946889, 0.00548054324463, -0.00185113539919, -0.000916792952921, -0.00116764660925, -0.000596034864429, -0.00109739415348, 0.00270233070478, -0.00216161855496, 0.000146779028], [-0.000635411939584, 0.00215358147398, -0.00193881895393, 0.000920546939597, -0.00185113539919, 0.00695953518152, -0.0033003478311, 0.00140359764919, -0.000378766417271, 0.000640905986074, -0.00209146412089, 0.0028145480901, -0.0026605122257], [0.000510444224346, -0.00164530181792, 0.00162032747176, -0.0012386176968, -0.000916792952921, -0.0033003478311, 0.0085292365402, -0.00235510384664, -0.000933704897761, -0.00177166215144, 0.00138923001941, -0.0014875595225, 0.00286987028085], [-0.000816753075924, 0.00224653142504, -0.00194267102052, 0.000595517922193, -0.00116764660925, 0.00140359764919, -0.00235510384664, 0.01114944648, -0.00479140132666, 0.00289982953109, -0.00232838885859, 0.00144986738451, -0.00264749862254], [0.000504954427015, -0.00174681842327, 0.00117482640781, -0.00220657140017, -0.000596034864429, -0.000378766417271, -0.000933704897761, -0.00479140132666, 0.0129077332094, -0.004417499993, 0.000760701484978, -0.00119480805006, 0.000997641938739], [-0.000720008276403, 0.00227688532323, -0.00226305914111, 0.00161662616301, -0.00109739415348, 0.000640905986074, -0.00177166215144, 0.00289982953109, -0.004417499993, 0.0147563200444, -0.00558598013595, 0.0016839413438, -0.00054622645257], [0.00067237415351, -0.00246351910755, 0.00157720351126, -0.00131025630981, 0.00270233070478, -0.00209146412089, 0.00138923001941, -0.00232838885859, 0.000760701484978, -0.00558598013595, 0.0135450260714, -0.00520320422947, 0.000299218547298], [-0.000583898974583, 0.00250924564898, -0.00257888808846, 0.000225612311624, -0.00216161855496, 0.0028145480901, -0.0014875595225, 0.00144986738451, -0.00119480805006, 0.0016839413438, -0.00520320422947, 0.0150509532541, -0.00319820968434], [0.000497583067045, -0.00198211125098, 0.0011483944254, -0.00118029513396, 0.000146779028, -0.0026605122257, 0.00286987028085, -0.00264749862254, 0.000997641938739, -0.00054622645257, 0.000299218547298, -0.00319820968434, 0.0118703590706]], "cov": [[21474.5019531, -1892.45874023, -1382.05285645, 1528.87243652, -228.516403198, 1259.80371094, -111.890869141, 1110.19946289, -52.8962287903, 466.545684814, -355.053039551, 267.291259766, -263.717224121], [-1892.45874023, 1867.54272461, -35.4765129089, -358.616668701, -8.8545999527, -459.529571533, 49.9546012878, -284.803314209, 60.9837684631, -171.270599365, 137.01991272, -172.068115234, 117.640510559], [-1382.05285645, -35.4765129089, 872.966552734, 108.843765259, 101.457382202, 117.930732727, 17.3845310211, 58.3946723938, 49.185508728, 74.2345275879, 46.0331802368, 108.829139709, 39.8186836243], [1528.87243652, -358.616668701, 108.843765259, 598.08770752, 125.026191711, 201.208572388, 92.3937301636, 194.925231934, 109.05229187, 75.0946273804, -2.25295972824, 101.348564148, 11.3113498688], [-228.516403198, -8.8545999527, 101.457382202, 125.026191711, 315.278503418, 112.12474823, 123.565788269, 66.8408050537, 84.0568771362, 28.1703338623, -14.3847436905, 41.5971221924, 22.7840747833], [1259.80371094, -459.529571533, 117.930732727, 201.208572388, 112.12474823, 412.64175415, 93.4069213867, 150.526275635, 31.391374588, 94.5172576904, -22.2781677246, 60.5018692017, -0.280853897333], [-111.890869141, 49.9546012878, 17.3845310211, 92.3937301636, 123.565788269, 93.4069213867, 224.979644775, 55.5007286072, 80.693611145, 26.5954875946, 8.76607227325, 11.5473690033, -4.73793649673], [1110.19946289, -284.803314209, 58.3946723938, 194.925231934, 66.8408050537, 150.526275635, 55.5007286072, 234.8618927, 69.4041213989, 55.5896263123, -8.59298038483, 59.2028999329, 4.40611982346], [-52.8962287903, 60.9837684631, 49.185508728, 109.05229187, 84.0568771362, 31.391374588, 80.693611145, 69.4041213989, 150.475128174, 37.1828231812, 25.1550350189, 21.6753044128, 14.7222270966], [466.545684814, -171.270599365, 74.2345275879, 75.0946273804, 28.1703338623, 94.5172576904, 26.5954875946, 55.5896263123, 37.1828231812, 126.236099243, 24.6227722168, 37.3313865662, -8.94476604462], [-355.053039551, 137.01991272, 46.0331802368, -2.25295972824, -14.3847436905, -22.2781677246, 8.76607227325, -8.59298038483, 25.1550350189, 24.6227722168, 124.886039734, 23.1088542938, 26.3310451508], [267.291259766, -172.068115234, 108.829139709, 101.348564148, 41.5971221924, 60.5018692017, 11.5473690033, 59.2028999329, 21.6753044128, 37.3313865662, 23.1088542938, 121.467437744, 15.1112651825], [-263.717224121, 117.640510559, 39.8186836243, 11.3113498688, 22.7840747833, -0.280853897333, -4.73793649673, 4.40611982346, 14.7222270966, -8.94476604462, 26.3310451508, 15.1112651825, 115.75630188]]}, "spectral_energyband_middle_low": {"dmean2": 0.00381204043515, "median": 0.00574786402285, "min": 1.4811372153e-22, "dvar2": 4.58583126601e-05, "dvar": 1.7872747776e-05, "dmean": 0.00242479331791, "max": 0.0646783187985, "var": 3.36488992616e-05, "mean": 0.00705012027174}, "melbands_crest": {"dmean2": 3.90773701668, "median": 13.8726110458, "min": 1.58217489719, "dvar2": 17.7966175079, "dvar": 6.77445220947, "dmean": 2.43160057068, "max": 36.3759536743, "var": 33.796295166, "mean": 14.9745035172}, "spectral_kurtosis": {"dmean2": 2.94970297813, "median": 3.68738603592, "min": -1.27639865875, "dvar2": 40.4337692261, "dvar": 14.9925699234, "dmean": 1.75580477715, "max": 145.889923096, "var": 70.6382675171, "mean": 5.59107732773}, "spectral_rms": {"dmean2": 0.000673501112033, "median": 0.00454321550205, "min": 3.13277116921e-12, "dvar2": 7.06152434304e-07, "dvar": 3.01229306388e-07, "dmean": 0.000440612522652, "max": 0.0106479935348, "var": 3.29658496412e-06, "mean": 0.00437807990238}, "zerocrossingrate": {"dmean2": 0.0107961911708, "median": 0.060546875, "min": 0.001953125, "dvar2": 0.000153281755047, "dvar": 0.000117189665616, "dmean": 0.00864909682423, "max": 0.5244140625, "var": 0.00271135126241, "mean": 0.0669312775135}, "silence_rate_60dB": {"dmean2": 0.0379718206823, "median": 0, "min": 0, "dvar2": 0.0410469174385, "dvar": 0.0186287946999, "dmean": 0.0189844816923, "max": 1, "var": 0.0900803431869, "mean": 0.100112996995}, "erbbands_kurtosis": {"dmean2": 1.38389241695, "median": 0.219913721085, "min": -1.83421933651, "dvar2": 4.36300182343, "dvar": 1.79030656815, "dmean": 0.893075883389, "max": 52.0447845459, "var": 4.23805761337, "mean": 0.793367564678}, "erbbands": {"dmean2": [0.114758700132, 0.869193434715, 1.64526319504, 2.63954591751, 4.001060009, 3.48729205132, 4.53709173203, 10.6749343872, 12.9159498215, 13.5510368347, 12.4523172379, 18.5920562744, 18.9425258636, 16.2722759247, 20.4285068512, 13.3512639999, 14.4850921631, 19.9859981537, 25.4783267975, 29.0951385498, 28.4653873444, 24.9570865631, 23.1249580383, 21.670671463, 14.9392023087, 13.4508657455, 11.0196695328, 5.83275127411, 4.99609708786, 3.88897895813, 2.76121759415, 2.15038514137, 1.81822574139, 1.21535027027, 0.659133732319, 0.299176484346, 0.110415883362, 0.0184238534421, 0.000364024192095, 1.73778262251e-05], "median": [0.127138912678, 1.17218804359, 1.44840312004, 1.40119159222, 1.50764095783, 1.87670588493, 3.13247585297, 7.36296415329, 8.08620166779, 8.12529754639, 7.08495473862, 8.75146961212, 10.0601491928, 6.34638500214, 6.32907962799, 5.07048845291, 5.22919559479, 6.8404340744, 7.28684425354, 8.90802097321, 8.21558570862, 7.10491514206, 7.25567340851, 8.46176433563, 8.66363143921, 7.09401702881, 6.13672685623, 2.87357974052, 1.35432362556, 1.20737814903, 1.29239833355, 1.06174194813, 0.760889112949, 0.372868210077, 0.127135843039, 0.052994068712, 0.0150363333523, 0.00169956160244, 5.11047655891e-05, 2.9831455322e-05], "min": [9.49652025395e-23, 4.89709400909e-22, 1.08960648916e-21, 3.97764620558e-21, 9.44125695033e-21, 3.80220127844e-20, 4.99253227448e-20, 9.70876812979e-20, 1.14071243775e-19, 1.31479169293e-19, 1.76978122564e-19, 4.35032533814e-19, 5.26668274157e-19, 8.42777464894e-19, 7.36503212649e-19, 1.03593235803e-18, 9.61237638526e-19, 2.30721517792e-18, 2.45893209639e-18, 3.78729441105e-18, 4.85324070742e-18, 5.19860681113e-18, 4.99390980162e-18, 5.84357855989e-18, 6.92787461738e-18, 9.09739276104e-18, 1.02986715959e-17, 1.17789642416e-17, 1.0192121634e-17, 1.01969374795e-17, 1.22325131617e-17, 1.16973959614e-17, 1.05041606308e-17, 8.65347387761e-18, 6.39812085614e-18, 3.92556964456e-18, 2.39320205017e-18, 9.58533171514e-19, 2.47504614341e-19, 2.66778122946e-20], "dvar2": [0.0834223106503, 3.33813619614, 15.6360836029, 53.0820732117, 144.299667358, 63.5953330994, 71.5678710938, 488.56262207, 1108.00695801, 1393.75976562, 1100.8302002, 2316.78344727, 2107.9152832, 2154.35449219, 3173.14868164, 1248.46203613, 1268.17346191, 3463.95214844, 6315.86914062, 7311.69238281, 6007.84619141, 5009.58349609, 3693.80957031, 3633.60253906, 1147.765625, 696.867797852, 639.851257324, 120.381835938, 108.018470764, 65.6231613159, 32.8944625854, 16.5130290985, 13.6814947128, 6.76182842255, 2.18365740776, 0.443394035101, 0.0630135163665, 0.00171846407466, 6.621651778e-07, 8.94410656649e-10], "dvar": [0.0329562313855, 1.2363884449, 5.90382385254, 21.0772609711, 50.1863327026, 22.997045517, 30.3453865051, 206.093887329, 451.253326416, 577.59173584, 459.836456299, 1112.48498535, 1004.82385254, 1066.46716309, 1564.87182617, 554.308654785, 526.820983887, 1578.07189941, 2748.40380859, 3120.66381836, 2655.02978516, 2202.58618164, 1486.96984863, 1502.76062012, 459.579803467, 282.17956543, 245.278747559, 46.9487991333, 42.4159431458, 28.4337158203, 15.2813997269, 7.60158491135, 5.9827914238, 2.9804713726, 1.00066149235, 0.203728348017, 0.0289697386324, 0.00076234631706, 2.94508339493e-07, 4.13587997183e-10], "dmean": [0.0728226602077, 0.531873106956, 1.01504552364, 1.61610341072, 2.25389456749, 2.06696557999, 2.87168359756, 6.93368673325, 8.33502388, 8.93827724457, 8.21981811523, 12.8722276688, 12.945432663, 11.1822452545, 13.968120575, 8.83845615387, 9.2702999115, 13.1954469681, 16.3172359467, 18.679309845, 18.1384735107, 15.8872299194, 14.5323419571, 13.6038246155, 9.34283447266, 8.40754508972, 6.81521320343, 3.59759926796, 3.07908201218, 2.44401717186, 1.80118560791, 1.40554702282, 1.16063523293, 0.777411341667, 0.418257027864, 0.192605435848, 0.0719339698553, 0.011778970249, 0.000234182341956, 1.15131269922e-05], "max": [4.59191942215, 22.4780597687, 38.0449180603, 57.8614654541, 132.637252808, 90.3861846924, 146.169113159, 335.514343262, 913.717102051, 719.389587402, 697.186645508, 1076.49584961, 926.743347168, 1131.2734375, 1200.46020508, 863.401184082, 671.759521484, 1383.21655273, 1666.05175781, 1357.12634277, 1643.63562012, 1508.01733398, 1351.06896973, 1260.84960938, 830.509216309, 367.140380859, 312.532501221, 135.677734375, 161.194763184, 184.403289795, 117.584228516, 68.6170043945, 74.1383666992, 49.2865066528, 43.8050041199, 15.3610372543, 3.4245262146, 0.420134276152, 0.00802907720208, 0.000360259902664], "var": [0.0899923592806, 2.308375597, 11.0063886642, 23.6043453217, 37.3800582886, 37.8113746643, 80.7486877441, 490.619812012, 779.898254395, 1089.49621582, 863.31060791, 3997.20385742, 2876.69482422, 2490.75585938, 5430.39404297, 1310.92138672, 1296.23120117, 4781.77978516, 7571.03466797, 7249.11181641, 7246.83447266, 5255.71142578, 4362.52294922, 3557.18505859, 1363.15673828, 840.835632324, 516.442626953, 140.739242554, 104.074462891, 72.2631149292, 44.5499687195, 28.4170055389, 20.6066741943, 8.00576972961, 1.97351372242, 0.340304076672, 0.0499636717141, 0.00109020643868, 4.36594035591e-07, 1.35848654548e-09], "mean": [0.212820872664, 1.39877212048, 2.50680351257, 2.87700247765, 3.15138983727, 3.81635141373, 6.10324382782, 14.9851999283, 17.095615387, 18.4738712311, 15.7520418167, 29.2913398743, 28.4349765778, 20.9590587616, 28.9435405731, 17.088596344, 17.714225769, 26.8626976013, 32.0812606812, 36.9847259521, 36.8585586548, 33.3219947815, 32.3765220642, 29.0889434814, 22.7233734131, 19.7481231689, 14.9664039612, 8.29801273346, 6.10066318512, 4.90262842178, 4.0702047348, 3.39587831497, 2.76631879807, 1.57360267639, 0.681215584278, 0.280896574259, 0.10814191401, 0.0140824289992, 0.000304769957438, 3.99925884267e-05]}, "spectral_strongpeak": {"dmean2": 0.873679816723, "median": 0.310354202986, "min": 0, "dvar2": 4.13522768021, "dvar": 1.58504712582, "dmean": 0.498480170965, "max": 16.4744148254, "var": 2.03325772285, "mean": 0.802295267582}, "spectral_energy": {"dmean2": 0.00727671058849, "median": 0.0211568269879, "min": 1.00596116167e-20, "dvar2": 0.000113694666652, "dvar": 4.61886702396e-05, "dmean": 0.00466959783807, "max": 0.11621426791, "var": 0.000251387304161, "mean": 0.0230257343501}, "average_loudness": 0.864710569382, "spectral_rolloff": {"dmean2": 618.830505371, "median": 1162.79296875, "min": 21.533203125, "dvar2": 1093780.375, "dvar": 492936.15625, "dmean": 372.452148438, "max": 19530.6152344, "var": 3733958, "mean": 1700.99890137}, "spectral_centroid": {"dmean2": 289.743560791, "median": 1549.75085449, "min": 176.120742798, "dvar2": 134703.21875, "dvar": 60095.3476562, "dmean": 188.755065918, "max": 11698.2060547, "var": 1221528.125, "mean": 1588.91479492}, "pitch_salience": {"dmean2": 0.0856621265411, "median": 0.494546204805, "min": 0.0890668854117, "dvar2": 0.00730578880757, "dvar": 0.00283653731458, "dmean": 0.0536205545068, "max": 0.976352274418, "var": 0.0118379900232, "mean": 0.492579340935}, "spectral_energyband_middle_high": {"dmean2": 0.00211263494566, "median": 0.0028266212903, "min": 1.16698079402e-21, "dvar2": 1.33617922984e-05, "dvar": 6.83757434672e-06, "dmean": 0.00146117375698, "max": 0.0575912036002, "var": 5.48801981495e-05, "mean": 0.00588574260473}, "spectral_contrast_coeffs": {"dmean2": [0.0664645209908, 0.0682513788342, 0.0580363571644, 0.0509300790727, 0.0366055369377, 0.0322690606117], "median": [-0.686918020248, -0.692680537701, -0.720189929008, -0.751125454903, -0.772292137146, -0.76519536972], "min": [-0.981117784977, -0.993971168995, -0.976999163628, -0.972164213657, -0.96801751852, -0.964544773102], "dvar2": [0.0033080461435, 0.00352731952444, 0.00235447310843, 0.00173968542367, 0.000959876168054, 0.000952678441536], "dvar": [0.00123812013771, 0.00140327669214, 0.0010077606421, 0.000719942559954, 0.000419569318183, 0.000452248146757], "dmean": [0.0402223691344, 0.0424155928195, 0.0371613912284, 0.0320032760501, 0.0228909924626, 0.0208194181323], "max": [-0.291204273701, -0.40215408802, -0.439020514488, -0.483862757683, -0.577626109123, -0.452077567577], "var": [0.00903504807502, 0.00670259213075, 0.00550790596753, 0.00360690080561, 0.00222234101966, 0.00296773971058], "mean": [-0.672413885593, -0.693006396294, -0.715506017208, -0.746521472931, -0.768671929836, -0.762440919876]}, "melbands_skewness": {"dmean2": 0.783262729645, "median": 2.20219039917, "min": -1.02612888813, "dvar2": 0.770505845547, "dvar": 0.337823152542, "dmean": 0.52218747139, "max": 18.7472381592, "var": 3.02060222626, "mean": 2.49846315384}, "spectral_spread": {"dmean2": 778853.875, "median": 4576236, "min": 675093.1875, "dvar2": 1203675070460.0, "dvar": 643827367936, "dmean": 519800.21875, "max": 43073964, "var": 10938901069800.0, "mean": 4858722.5}, "dissonance": {"dmean2": 0.029058881104, "median": 0.4636041224, "min": 0.193679764867, "dvar2": 0.000897045189049, "dvar": 0.000334838259732, "dmean": 0.0175104700029, "max": 0.5, "var": 0.00147681729868, "mean": 0.453343361616}, "spectral_skewness": {"dmean2": 0.337723970413, "median": 1.4691259861, "min": -0.0918759703636, "dvar2": 0.225946947932, "dvar": 0.0876034721732, "dmean": 0.208875030279, "max": 9.89563369751, "var": 0.56397151947, "mean": 1.64087712765}, "spectral_flux": {"dmean2": 0.0255525112152, "median": 0.05360654369, "min": 6.35640221014e-11, "dvar2": 0.000829340831842, "dvar": 0.000387606298318, "dmean": 0.0163584556431, "max": 0.252044707537, "var": 0.00208319583908, "mean": 0.0639402195811}, "spectral_contrast_valleys": {"dmean2": [0.561939656734, 0.534846007824, 0.495895802975, 0.444162547588, 0.337935566902, 0.446737319231], "median": [-7.01175165176, -6.96639966965, -7.76773118973, -8.1824426651, -7.75424814224, -10.2343568802], "min": [-28.2867431641, -27.8135185242, -27.7602939606, -27.7701396942, -27.569316864, -27.4119091034], "dvar2": [0.251528441906, 0.219154074788, 0.192520052195, 0.185554951429, 0.137614235282, 0.267997711897], "dvar": [0.104942567647, 0.093870408833, 0.0875149518251, 0.0863700062037, 0.0713504180312, 0.148982822895], "dmean": [0.341212630272, 0.327862232924, 0.305869519711, 0.277203798294, 0.220013663173, 0.312038064003], "max": [-5.46798324585, -5.05740356445, -5.21647167206, -5.68655109406, -5.55964994431, -7.60503053665], "var": [4.60877847672, 3.76567173004, 3.79463577271, 4.1561665535, 4.73754310608, 4.40223264694], "mean": [-7.64378452301, -7.24930667877, -8.01568984985, -8.36597061157, -7.98776435852, -10.5664863586]}, "erbbands_flatness_db": {"dmean2": 0.0212167091668, "median": 0.146153122187, "min": 0.0494886599481, "dvar2": 0.000481968076201, "dvar": 0.000234779290622, "dmean": 0.0146293602884, "max": 0.474714785814, "var": 0.00267468928359, "mean": 0.155014559627}, "spectral_energyband_high": {"dmean2": 0.000590379466303, "median": 0.000459876813693, "min": 7.21198258128e-21, "dvar2": 1.26717748117e-06, "dvar": 5.58369436021e-07, "dmean": 0.000392031855881, "max": 0.0130932740867, "var": 2.30383875532e-06, "mean": 0.00116306287237}, "spectral_entropy": {"dmean2": 0.203738301992, "median": 7.54846286774, "min": 4.90837430954, "dvar2": 0.0580450594425, "dvar": 0.0278395600617, "dmean": 0.138864248991, "max": 9.83028411865, "var": 0.362752228975, "mean": 7.46393108368}, "silence_rate_20dB": {"dmean2": 0, "median": 1, "min": 1, "dvar2": 0, "dvar": 0, "dmean": 0, "max": 1, "var": 0, "mean": 1}, "melbands_flatness_db": {"dmean2": 0.0295205805451, "median": 0.188256964087, "min": 0.00356447254308, "dvar2": 0.00106111564673, "dvar": 0.000469243212137, "dmean": 0.0195371415466, "max": 0.509821474552, "var": 0.00729424040765, "mean": 0.203404575586}, "barkbands": {"dmean2": [0.000166503392393, 0.00382385961711, 0.00149836868513, 0.00119887106121, 0.00110202492215, 0.00103553454392, 0.000901577295735, 0.000665094761644, 0.000801457033958, 0.000571739044972, 0.000532748585101, 0.000396113755414, 0.00034489002428, 0.00050925463438, 0.000561831169762, 0.000606925983448, 0.000481423339806, 0.000434362969827, 0.000392148416722, 0.000309566385113, 0.000199293950573, 0.000130191780045, 0.000100987155747, 0.000102693738881, 9.40518511925e-05, 6.13349911873e-05, 3.3239757613e-06], "median": [2.97877304547e-05, 0.00540874945, 0.000936910975724, 0.000383951351978, 0.000613608513959, 0.000765376957133, 0.000478825968457, 0.000303502660245, 0.000347615423379, 0.000184628690477, 0.000131938024424, 0.000107218555058, 9.57374577411e-05, 0.000107126266812, 0.000148006874952, 0.000120767850603, 0.000122806013678, 0.000130177679239, 0.000173157241079, 0.000147350132465, 0.000105443585198, 3.79285702365e-05, 4.3080191972e-05, 4.96690918226e-05, 2.41513498622e-05, 9.68128188106e-06, 7.16110832855e-08], "min": [7.47540469613e-25, 1.76917874657e-24, 9.61322267966e-25, 7.330777896e-25, 1.12209941741e-23, 8.55756704414e-24, 5.68406704395e-24, 2.81095121902e-24, 1.39030045005e-23, 1.90173853865e-23, 2.01061775188e-23, 1.97741932954e-23, 1.33103459242e-23, 2.68958370657e-23, 5.10801067647e-23, 7.07419536455e-23, 6.91902516231e-23, 8.45730077205e-23, 1.12095064661e-22, 1.5788737998e-22, 2.86946399847e-22, 3.08543341461e-22, 4.29214699935e-22, 5.76606834619e-22, 8.32393203466e-22, 1.27230879527e-21, 2.07884341594e-21], "dvar2": [1.59599764515e-07, 6.72069072607e-05, 1.52052016347e-05, 1.39940648296e-05, 7.0555511229e-06, 3.98641714128e-06, 5.23796006746e-06, 3.01860040963e-06, 3.84968734579e-06, 2.12648501474e-06, 2.31196077038e-06, 1.13629278076e-06, 8.65463334776e-07, 2.50739458352e-06, 2.57691158367e-06, 2.91633705274e-06, 1.82084056632e-06, 1.30631315187e-06, 1.01325542801e-06, 3.75221191007e-07, 1.46116320821e-07, 6.96316391213e-08, 4.40980407745e-08, 3.88029519627e-08, 3.84261511499e-08, 1.84650197355e-08, 6.89490270434e-11], "dvar": [7.91501051367e-08, 2.52688168985e-05, 5.8191694734e-06, 5.08662969878e-06, 2.46890044764e-06, 1.70887653894e-06, 2.12185250348e-06, 1.24858308936e-06, 1.8239804831e-06, 1.0197057918e-06, 1.14283375297e-06, 5.04115348576e-07, 3.58966332215e-07, 1.1198270613e-06, 1.07537982785e-06, 1.26336442463e-06, 7.68289396547e-07, 5.25585051037e-07, 4.14051982034e-07, 1.48257399246e-07, 5.79665453415e-08, 2.87455783621e-08, 2.01585041992e-08, 1.75693326554e-08, 1.78927148653e-08, 8.51467607532e-09, 2.73018361391e-11], "dmean": [0.000116928145871, 0.00235772388987, 0.000924599706195, 0.000688029744197, 0.000640201149508, 0.00067315006163, 0.000579006271437, 0.00044019788038, 0.000551774224732, 0.000386093073757, 0.000364662875654, 0.000260376051301, 0.000220283443923, 0.000329975620843, 0.000348922767444, 0.000384111190215, 0.000303018518025, 0.000270968361292, 0.000245994626312, 0.000192639010493, 0.000122481083963, 8.11715581222e-05, 6.55193434795e-05, 6.66607083986e-05, 6.04567467235e-05, 4.01208562835e-05, 2.02098522095e-06], "max": [0.00831147097051, 0.105620622635, 0.0368847846985, 0.0273006055504, 0.0260478444397, 0.0279552061111, 0.051866017282, 0.026036888361, 0.0395037606359, 0.0288095418364, 0.0249163545668, 0.0200195517391, 0.0205918811262, 0.0362898558378,