{"metadata": {"tags": {"mood": ["Spiritual; Uplifting"], "catalognumber": [""], "discsubtitle": [""], "genre": ["Easy Listening, Vocal, Contemporary Christian"], "asin": ["B0019C1SU4"], "album": ["Reverence"], "grouping": [""], "script": ["Latn"], "albumartistsort": ["InsideOut"], "musicbrainz_artistid": ["87639a65-4660-4c9e-a4a5-1b29c37617a1"], "musicbrainz_releasegroupid": ["7cf33c21-b142-379f-8dfc-414ef2a1239a"], "musicbrainz_recordingid": ["1615076b-d03b-4f07-9455-682b6cf169fe"], "composer": [""], "artist": ["InsideOut"], "bpm": ["99"], "musicbrainz_albumid": ["9cf81201-7329-4faa-b57d-fd3ce883f2d5"], "artistsort": ["InsideOut"], "title": ["Turning"], "tracknumber": ["10/14"], "musicbrainz_albumartistid": ["87639a65-4660-4c9e-a4a5-1b29c37617a1"], "language": [""], "encodedby": [""], "compilation": ["0"], "date": ["0000"], "media": ["CD"], "file_name": "10 Turning.m4a", "discnumber": ["1/1"]}, "audio_properties": {"sample_rate": 44100, "downmix": "mix", "lossless": false, "analysis_sample_rate": 44100, "md5_encoded": "6b0cc502fb4dddf58fb9aaf04e379c46", "equal_loudness": 0, "replay_gain": -11.9344596863, "codec": "aac", "bit_rate": 247949, "length": 173.290527344}, "version": {"extractor": "music 1.0", "essentia_build_sha": "70f2e5ece6736b2c40cc944ad0e695b16b925413", "essentia_git_sha": "v2.1_beta2", "essentia": "2.1-beta2"}}, "rhythm": {"beats_loudness_band_ratio": {"dvar2": [0.0621885284781, 0.0539083182812, 0.0378902256489, 0.0564951226115, 0.00418413523585, 0.0174001716077], "var": [0.0625965148211, 0.0482503958046, 0.0291738882661, 0.0617564432323, 0.000964489765465, 0.00346106151119], "min": [0, 0, 0, 0, 0, 0], "dmean": [0.149637550116, 0.155759498477, 0.135871395469, 0.122028008103, 0.015662137419, 0.0183046925813], "mean": [0.299789577723, 0.294134914875, 0.211502254009, 0.228112578392, 0.0132666649297, 0.0127625633031], "max": [0.965880811214, 0.932060539722, 0.730665206909, 0.916018426418, 0.337408453226, 0.915856599808], "dmean2": [0.256648719311, 0.261580616236, 0.228781819344, 0.210294932127, 0.0273771509528, 0.0343022570014], "median": [0.234960436821, 0.258291304111, 0.177426725626, 0.143858790398, 0.00286929518916, 0.00269923172891], "dvar": [0.0259248893708, 0.0212555192411, 0.0142589369789, 0.0212899334729, 0.00138187780976, 0.00601789727807]}, "bpm_histogram_first_peak_weight": {"dvar2": 0, "var": 0, "min": 0.172106832266, "dmean": 0, "mean": 0.172106832266, "max": 0.172106832266, "dmean2": 0, "median": 0.172106832266, "dvar": 0}, "bpm": 99.6779174805, "beats_count": 338, "bpm_histogram_first_peak_spread": {"dvar2": 0, "var": 0, "min": 0.420000016689, "dmean": 0, "mean": 0.420000016689, "max": 0.420000016689, "dmean2": 0, "median": 0.420000016689, "dvar": 0}, "danceability": 0.836139857769, "bpm_histogram_first_peak_bpm": {"dvar2": 0, "var": 0, "min": 99, "dmean": 0, "mean": 99, "max": 99, "dmean2": 0, "median": 99, "dvar": 0}, "beats_position": [0.603718817234, 1.21904754639, 1.83437633514, 2.4497051239, 3.03020405769, 3.61070299149, 4.19120168686, 4.77170038223, 5.35219955444, 5.93269824982, 6.54802703857, 7.17496585846, 7.80190467834, 8.4172334671, 9.02095222473, 9.61306095123, 10.2051696777, 10.8088884354, 11.412607193, 12.0163259506, 12.6316547394, 13.235373497, 13.8390922546, 14.4428119659, 15.0465307236, 15.6502494812, 16.2539672852, 16.8576869965, 17.4730148315, 18.088344574, 18.7036724091, 19.3073921204, 19.8182315826, 20.3174591064, 20.8050785065, 21.2810878754, 21.7570972443, 22.2447166443, 22.7207260132, 23.1967334747, 23.6611328125, 24.1255321503, 24.6015415192, 25.0659408569, 25.5187301636, 25.9831295013, 26.4591369629, 26.865486145, 27.2486171722, 27.6433563232, 28.0380954742, 28.5024929047, 28.9668922424, 29.4312915802, 29.9073009491, 30.3717002869, 30.8360996246, 31.3004989624, 31.7648983002, 32.2292976379, 32.6820869446, 33.1348762512, 33.5876655579, 34.0404510498, 34.4932403564, 34.9460296631, 35.3988189697, 35.8632202148, 36.3160095215, 36.7687988281, 37.2215881348, 37.6859855652, 38.1387748718, 38.5915641785, 39.0559616089, 39.5319709778, 39.9963722229, 40.4607696533, 40.9251708984, 41.3779602051, 41.830745697, 42.2835350037, 42.7479362488, 43.1658935547, 43.5838546753, 43.9902038574, 44.3965530396, 44.7912902832, 45.1860313416, 45.5923805237, 45.9987297058, 46.4166870117, 46.8230361938, 47.229385376, 47.6821746826, 48.1349639893, 48.5877532959, 49.052154541, 49.5049438477, 49.9577331543, 50.4105224609, 50.8516998291, 51.2928771973, 51.7224464417, 52.152015686, 52.5931968689, 53.0343742371, 53.4755554199, 53.9051246643, 54.3346939087, 54.7874832153, 55.240272522, 55.6698417664, 56.0994110107, 56.5638084412, 57.0165977478, 57.4693870544, 57.9221763611, 58.3865737915, 58.8393630981, 59.3037643433, 59.7681617737, 60.2325630188, 60.6969604492, 61.1381378174, 61.5793190002, 61.9972763062, 62.438457489, 62.8796348572, 63.32081604, 63.7619934082, 64.2612228394, 64.7604522705, 65.3873901367, 65.9911117554, 66.5948257446, 67.1753311157, 67.7674331665, 68.3595428467, 68.9516525269, 69.543762207, 70.1126480103, 70.6815414429, 71.2620391846, 71.8889770508, 72.515914917, 73.0151443481, 73.5143737793, 74.001991272, 74.4431762695, 74.8843536377, 75.3255310059, 75.766708374, 76.2078933716, 76.6490707397, 77.1018600464, 77.554649353, 77.9958267212, 78.4253921509, 78.85496521, 79.3077545166, 79.7489318848, 80.1785049438, 80.6312942505, 81.0840835571, 81.5252609253, 81.9199981689, 82.3263473511, 82.7326965332, 83.1390457153, 83.5453948975, 83.9633560181, 84.3813171387, 84.7992706299, 85.2172317505, 85.6351928711, 86.0531539917, 86.5059356689, 86.9587249756, 87.4115142822, 87.8643035889, 88.328704834, 88.7814941406, 89.2342834473, 89.6986846924, 90.1630859375, 90.6274795532, 91.1034927368, 91.579498291, 92.0671157837, 92.5431289673, 93.0191345215, 93.5067520142, 94.0059814453, 94.5052108765, 94.9928359985, 95.4804534912, 95.9680709839, 96.4556884766, 96.9781417847, 97.5005874634, 98.011428833, 98.5222625732, 99.0447158813, 99.5671615601, 100.089614868, 100.612060547, 101.134513855, 101.656959534, 102.179405212, 102.759910583, 103.340408325, 103.920906067, 104.48979187, 105.058685303, 105.627571106, 106.1848526, 106.742126465, 107.276191711, 107.821853638, 108.379135132, 108.924804688, 109.482086182, 109.969703674, 110.434104919, 110.921722412, 111.386123657, 111.850517273, 112.338134766, 112.825759888, 113.23210907, 113.638458252, 114.044807434, 114.427932739, 114.822669983, 115.217414856, 115.600540161, 115.983673096, 116.366798401, 116.749931335, 117.144668579, 117.551017761, 117.957366943, 118.363716125, 118.770065308, 119.199638367, 119.629203796, 120.047164917, 120.465126038, 120.894691467, 121.324264526, 121.730613708, 122.160179138, 122.56652832, 122.972877502, 123.367614746, 123.762359619, 124.157096863, 124.551834106, 125.039451599, 125.527069092, 126.014694214, 126.525527954, 127.047981262, 127.558815002, 128.150924683, 128.743041992, 129.335144043, 129.927261353, 130.507751465, 131.088256836, 131.65713501, 132.249252319, 132.911010742, 133.584396362, 134.234558105, 134.896316528, 135.534866333, 136.185028076, 136.800354004, 137.41569519, 138.031021118, 138.646347046, 139.273284912, 139.981491089, 140.678085327, 141.32824707, 141.990020752, 142.640182495, 143.301940918, 143.952102661, 144.567428589, 145.171157837, 145.774871826, 146.378585815, 146.982315063, 147.586029053, 148.189743042, 148.79347229, 149.397186279, 150.000900269, 150.604629517, 151.196731567, 151.788833618, 152.392562866, 152.996276855, 153.599990845, 154.203720093, 154.795822144, 155.387939453, 155.980041504, 156.572158813, 157.164260864, 157.767974854, 158.371704102, 158.963806152, 159.567520142, 160.17124939, 160.774963379, 161.378677368, 161.982406616, 162.586120605, 163.201446533, 163.839996338, 164.466934204, 165.09387207, 165.720809937, 166.359359741, 166.96307373, 167.566802979, 168.228561401, 168.890335083, 169.482452393, 170.086166382, 170.689880371, 171.293609619, 171.897323608, 172.501037598], "beats_loudness": {"dvar2": 0.000384007638786, "var": 0.000443122524302, "min": 0, "dmean": 0.0103412885219, "mean": 0.0224453303963, "max": 0.138698220253, "dmean2": 0.0172867383808, "median": 0.0170888099819, "dvar": 0.000158396564075}, "bpm_histogram_second_peak_weight": {"dvar2": 0, "var": 0, "min": 0.115726999938, "dmean": 0, "mean": 0.115726999938, "max": 0.115726999938, "dmean2": 0, "median": 0.115726999938, "dvar": 0}, "bpm_histogram_second_peak_spread": {"dvar2": 0, "var": 0, "min": 0.576086938381, "dmean": 0, "mean": 0.576086938381, "max": 0.576086938381, "dmean2": 0, "median": 0.576086938381, "dvar": 0}, "bpm_histogram_second_peak_bpm": {"dvar2": 0, "var": 0, "min": 133, "dmean": 0, "mean": 133, "max": 133, "dmean2": 0, "median": 133, "dvar": 0}, "onset_rate": 1.39063501358}, "lowlevel": {"spectral_energyband_high": {"dvar2": 6.94307900062e-08, "var": 8.68131380116e-08, "min": 7.062565813e-21, "dmean": 3.63416038454e-05, "mean": 9.00434388313e-05, "max": 0.00534211285412, "dmean2": 5.42471170775e-05, "median": 2.76143291558e-05, "dvar": 3.73514446039e-08}, "spectral_energyband_middle_low": {"dvar2": 1.45354488268e-05, "var": 5.91101197642e-05, "min": 1.44118096869e-22, "dmean": 0.00215193722397, "mean": 0.00976571720093, "max": 0.0558376833797, "dmean2": 0.00292019871995, "median": 0.00852048955858, "dvar": 7.17835791875e-06}, "spectral_energy": {"dvar2": 7.22959230188e-05, "var": 0.000407644402003, "min": 9.98401829473e-21, "dmean": 0.00381108140573, "mean": 0.0201363004744, "max": 0.198381945491, "dmean2": 0.00515306415036, "median": 0.015053384006, "dvar": 3.86533574783e-05}, "spectral_spread": {"dvar2": 1683572391940.0, "var": 31901993664500.0, "min": 944247.6875, "dmean": 535313.625, "mean": 5329857.5, "max": 43116240, "dmean2": 814808.5, "median": 4252841, "dvar": 968975712256}, "spectral_energyband_low": {"dvar2": 3.69556937585e-06, "var": 1.1685854588e-05, "min": 8.84010309937e-24, "dmean": 0.000650828587823, "mean": 0.00313223828562, "max": 0.0236745886505, "dmean2": 0.000940187484957, "median": 0.00226394087076, "dvar": 1.39099950047e-06}, "spectral_rolloff": {"dvar2": 1409494.375, "var": 8080188, "min": 86.1328125, "dmean": 162.113876343, "mean": 1222.43725586, "max": 19509.0820312, "dmean2": 283.966674805, "median": 796.728515625, "dvar": 633529.5}, "barkbands": {"dvar2": [2.8663500462e-09, 4.02981299885e-07, 1.27920441173e-06, 1.52766142492e-06, 2.8780627872e-06, 2.3025847895e-06, 5.66657354284e-06, 1.21439359191e-06, 1.06571474134e-06, 4.33115701526e-06, 5.21978363395e-05, 1.26155066482e-06, 8.72518626238e-07, 2.1320158794e-07, 7.38854311066e-08, 3.17727999466e-09, 1.83040393953e-09, 7.52707673968e-10, 7.60575324943e-10, 4.58007298754e-10, 4.52035464615e-10, 8.68976890445e-10, 1.16183695997e-09, 1.6553942217e-08, 1.00069748044e-08, 1.27394150784e-09, 9.09548270034e-11], "var": [8.68154770295e-10, 4.50264815299e-06, 4.15005479226e-06, 3.09815641231e-06, 8.24878316052e-06, 1.02412950582e-05, 1.40636602737e-05, 1.61590060088e-06, 2.21593472816e-06, 1.1404682482e-05, 0.000209046280361, 2.12773989006e-06, 3.24700317833e-06, 5.52091250938e-07, 2.58342026882e-07, 2.67142574728e-09, 3.29670069021e-09, 1.02265884649e-09, 8.96873630918e-10, 2.84889084545e-10, 1.83878509641e-10, 2.92620067066e-10, 6.70812794201e-10, 1.38549980377e-08, 1.21783649831e-08, 2.05653449825e-09, 5.62970919882e-11], "min": [2.7918243496e-25, 3.01027132343e-24, 9.16661006425e-25, 6.31175104446e-25, 8.98377360288e-24, 6.51728125914e-24, 3.51939801014e-24, 9.69972798324e-24, 1.1742950303e-23, 1.22579076578e-23, 1.36072605471e-23, 2.40830146686e-23, 1.86737907084e-23, 2.72003973286e-23, 4.37363576288e-23, 3.96789336044e-23, 6.34070239745e-23, 8.67764603119e-23, 7.16911173975e-23, 1.25624799114e-22, 2.44462163268e-22, 3.22042657438e-22, 3.78809365856e-22, 5.66002120672e-22, 8.35146264917e-22, 1.21937872764e-21, 1.97641923062e-21], "dmean": [6.17764908384e-06, 0.000186508914339, 0.000331643852405, 0.000345219072187, 0.000677159347106, 0.000753818138037, 0.000828977616038, 0.000224984571105, 0.000297174148727, 0.000633733987343, 0.00182934326585, 0.000195365049876, 0.000184788397746, 6.58615390421e-05, 5.01593458466e-05, 7.04192098056e-06, 6.96301594871e-06, 7.1471240517e-06, 7.08505876901e-06, 3.23112863043e-06, 1.76378944161e-06, 2.45780665864e-06, 3.35203753821e-06, 1.31141241582e-05, 1.60322906595e-05, 6.34555863144e-06, 7.76719616624e-07], "mean": [6.02078762313e-06, 0.00103502569254, 0.00144509377424, 0.0011467426084, 0.00218723085709, 0.00238833366893, 0.00222251145169, 0.000455918780062, 0.000698921037838, 0.00161805120297, 0.00548950210214, 0.000471254839795, 0.000525675888639, 0.000159806295414, 0.000132062807097, 1.17719437185e-05, 1.57182221301e-05, 1.56949336088e-05, 1.66350546351e-05, 6.81888514009e-06, 2.72999909612e-06, 3.7997065192e-06, 5.38798440175e-06, 2.14489991777e-05, 3.64109000657e-05, 1.63424465427e-05, 1.4152649328e-06], "max": [0.000866312941071, 0.0189591012895, 0.0189476199448, 0.0155632263049, 0.0385027825832, 0.0321468114853, 0.0375478677452, 0.020798869431, 0.019975207746, 0.0385635569692, 0.156269982457, 0.0401273593307, 0.0253838039935, 0.0171176604927, 0.00965109653771, 0.00139912904706, 0.00182128383312, 0.000462469237391, 0.000562079832889, 0.000675818475429, 0.000530313118361, 0.000505635747686, 0.000724924611859, 0.00275515206158, 0.00231687258929, 0.000925247615669, 0.000454026041552], "dmean2": [1.09895781861e-05, 0.000276782375295, 0.000469823920866, 0.000512705650181, 0.000958019867539, 0.000951912195887, 0.00107003597077, 0.000324907916365, 0.000420412165113, 0.00084620306734, 0.00244886009023, 0.000297131919069, 0.000263536552666, 9.48732194956e-05, 7.02045435901e-05, 1.04579194158e-05, 1.06771194623e-05, 1.14208141895e-05, 1.11739100248e-05, 5.25420182385e-06, 2.89114359475e-06, 4.1758057705e-06, 5.43136184206e-06, 2.01983693842e-05, 2.43353242695e-05, 9.87194380286e-06, 1.18118020964e-06], "median": [1.16823935059e-06, 9.44594794419e-05, 0.000730957719497, 0.000408101332141, 0.0011156857945, 0.00122910179198, 0.000605830224231, 4.75164670206e-05, 0.000123470876133, 0.000236806474277, 0.000259400869254, 2.62614739768e-05, 2.21018126467e-05, 8.63607237989e-06, 8.69769246492e-06, 3.03844012706e-06, 4.40988060291e-06, 3.48454113919e-06, 6.36060667603e-06, 1.55468592311e-06, 7.21246919966e-07, 1.12039049327e-06, 1.44051409734e-06, 3.54951907866e-06, 1.33991634357e-05, 3.66584868061e-06, 2.69529294883e-07], "dvar": [9.34356481075e-10, 1.92703268453e-07, 5.27672739281e-07, 5.273637953e-07, 1.30370062834e-06, 1.36858272981e-06, 3.03553861158e-06, 5.42128475445e-07, 5.1000199619e-07, 2.22355538426e-06, 2.87408383883e-05, 5.79200218453e-07, 4.51043490557e-07, 1.15956837021e-07, 4.28068602787e-08, 1.48274637013e-09, 9.01894947614e-10, 3.16276838053e-10, 3.26181665011e-10, 1.77419037795e-10, 1.745828343e-10, 3.23188226181e-10, 5.03202535196e-10, 8.0259923152e-09, 5.09296960161e-09, 6.72373934307e-10, 3.9606845581e-11]}, "melbands_skewness": {"dvar2": 0.974003195763, "var": 2.81356239319, "min": -3.07828092575, "dmean": 0.484668523073, "mean": 1.46850979328, "max": 13.943271637, "dmean2": 0.706147372723, "median": 1.29883897305, "dvar": 0.421892136335}, "barkbands_skewness": {"dvar2": 0.787408232689, "var": 3.24728250504, "min": -4.39580440521, "dmean": 0.482404947281, "mean": 1.47631835938, "max": 11.9952306747, "dmean2": 0.700408875942, "median": 1.32357227802, "dvar": 0.351384222507}, "erbbands": {"dvar2": [6.77338684909e-05, 0.0310418363661, 0.714561283588, 11.4105501175, 14.4001169205, 46.5941886902, 166.17338562, 109.603225708, 692.528564453, 851.70880127, 1180.12548828, 555.950378418, 4132.37451172, 76218.75, 4979.39501953, 3008.27099609, 1608.2364502, 499.153045654, 134.630966187, 156.67590332, 8.68407440186, 3.91821670532, 2.64710092545, 2.53192901611, 1.36783742905, 0.582126200199, 1.05978262424, 0.315720319748, 0.765046238899, 1.44901764393, 0.973896980286, 3.3586370945, 7.47600126266, 2.16148710251, 0.398845106363, 0.050756778568, 0.00360053684562, 8.72204327607e-05, 6.03410717304e-06, 1.58439728004e-09], "var": [0.000653212133329, 0.332199573517, 3.22131633759, 20.2235546112, 63.6429138184, 92.0609283447, 678.576660156, 395.812652588, 1364.15917969, 2202.6652832, 1938.66125488, 931.296203613, 11126.9023438, 321639.75, 18151.5605469, 5018.02148438, 5987.359375, 1215.84753418, 619.484069824, 396.520141602, 8.13996982574, 7.55510282516, 2.90295934677, 4.78279542923, 1.03811252117, 0.397808104753, 0.451655715704, 0.162541434169, 0.25678345561, 0.587938547134, 0.626380622387, 2.76419401169, 5.81631135941, 2.21099805832, 0.51339495182, 0.0748801678419, 0.00518330931664, 0.000107254003524, 3.08667972604e-06, 2.04650363322e-09], "min": [5.64032770443e-23, 4.72971514305e-22, 1.4001160759e-21, 4.7634063952e-21, 8.64445018369e-21, 2.36539598613e-20, 4.64624021962e-20, 5.37569622826e-20, 9.86571143385e-20, 1.73716265066e-19, 2.59886163942e-19, 3.68235631399e-19, 4.09801483029e-19, 6.94556987184e-19, 1.01350821541e-18, 1.02447270122e-18, 8.8630696575e-19, 1.38375756631e-18, 2.08774720421e-18, 3.10050764835e-18, 3.44635620515e-18, 3.7767197341e-18, 5.50901915729e-18, 5.42374221281e-18, 5.0974562707e-18, 8.16808015826e-18, 9.72043264304e-18, 9.49087926971e-18, 1.10807013819e-17, 9.52888491014e-18, 1.09523767176e-17, 1.0252978966e-17, 9.4967034484e-18, 7.4233214763e-18, 6.06484565144e-18, 4.43698936111e-18, 2.03643429568e-18, 8.91866653443e-19, 2.62422997634e-19, 2.65672285864e-20], "dmean": [0.00217583426274, 0.0539378300309, 0.292545646429, 0.8876978755, 1.52786386013, 2.54950070381, 5.68969535828, 4.63922262192, 8.59276199341, 9.33541107178, 7.81312894821, 6.35018110275, 14.6017484665, 71.3821640015, 19.8405590057, 9.01915454865, 8.55127716064, 4.71218538284, 2.18890070915, 2.09453701973, 0.406427025795, 0.331757605076, 0.393830955029, 0.429733395576, 0.238140299916, 0.106667242944, 0.0941199213266, 0.0532934479415, 0.0731887072325, 0.101129442453, 0.0999251976609, 0.200549796224, 0.261627137661, 0.219007104635, 0.101723872125, 0.0363589823246, 0.0116942757741, 0.00159964163322, 0.000141328971949, 7.3305686783e-06], "mean": [0.0106250951067, 0.31075245142, 1.50361776352, 3.14489006996, 5.68234014511, 7.05988168716, 17.6520652771, 14.5225782394, 23.4781227112, 25.0948314667, 17.7191982269, 15.5207242966, 41.6402816772, 219.761795044, 58.6405982971, 23.4086894989, 25.0406799316, 12.7665519714, 5.94306325912, 5.24397230148, 0.935005903244, 0.817314982414, 0.849082112312, 1.05700743198, 0.607922852039, 0.254927963018, 0.156534999609, 0.0937468633056, 0.116029702127, 0.158616513014, 0.164065390825, 0.335639715195, 0.418238073587, 0.452659040689, 0.231516718864, 0.0840583071113, 0.0291078835726, 0.00385129312053, 0.000275531609077, 3.15902252623e-05], "max": [0.237145721912, 5.09903764725, 14.1345701218, 33.8187713623, 65.7844314575, 184.889068604, 267.084899902, 228.431777954, 545.600097656, 467.412841797, 603.336425781, 469.480072021, 1416.03649902, 6328.36376953, 1432.33642578, 2045.21313477, 1031.40112305, 598.08190918, 771.48638916, 513.725036621, 90.9210739136, 114.230438232, 33.3644790649, 42.1049575806, 30.2040405273, 24.1352596283, 26.6923046112, 17.7465515137, 17.9161319733, 24.8083229065, 18.8967132568, 37.0167808533, 60.6330223083, 34.73097229, 20.4137916565, 5.15565729141, 1.64951455593, 0.320643126965, 0.120690867305, 0.00204552640207], "dmean2": [0.00338521762751, 0.0792283043265, 0.416029572487, 1.29564368725, 2.21052098274, 3.68722701073, 7.22480297089, 5.88310670853, 11.3011569977, 12.0554885864, 11.0116453171, 9.21595573425, 20.0702457428, 96.0708694458, 27.3114929199, 13.7793388367, 12.192779541, 6.82726478577, 2.96757030487, 2.89947772026, 0.608189940453, 0.505263268948, 0.645144164562, 0.669382333755, 0.401575744152, 0.168850705028, 0.15402983129, 0.0891023278236, 0.123698882759, 0.171951591969, 0.163457453251, 0.320349991322, 0.395942777395, 0.338424921036, 0.156525105238, 0.0560873523355, 0.0185569431633, 0.00246428954415, 0.000210237238207, 1.0186491636e-05], "median": [0.00158647727221, 0.0706989839673, 1.06938838959, 1.11392807961, 2.73528528214, 3.75257158279, 7.74118804932, 7.55393505096, 8.37991714478, 5.22758102417, 2.77829027176, 3.99327850342, 6.17518377304, 15.6312770844, 7.18507766724, 2.64234352112, 1.88917469978, 1.2833750248, 0.643960833549, 0.456676185131, 0.273811519146, 0.247292011976, 0.206145852804, 0.358322024345, 0.21713128686, 0.0654072910547, 0.0413556993008, 0.0267542432994, 0.0342554077506, 0.0458311140537, 0.0407534241676, 0.0563484653831, 0.0758954584599, 0.143729180098, 0.0780622884631, 0.0200146026909, 0.00577470520511, 0.000999446492642, 6.41469669063e-05, 2.04316165764e-05], "dvar": [2.88102219201e-05, 0.0149731775746, 0.315796732903, 3.84163022041, 6.88166904449, 20.7391376495, 94.6857681274, 62.577796936, 333.804107666, 473.832305908, 548.120178223, 237.229949951, 2025.25048828, 41968.3359375, 2631.66577148, 1383.05273438, 829.72253418, 249.18637085, 99.0802612305, 89.5368881226, 3.66330122948, 2.15760183334, 1.09119951725, 1.16223788261, 0.486022680998, 0.239228785038, 0.401224941015, 0.137994766235, 0.284963488579, 0.567349493504, 0.432201147079, 1.66391015053, 3.4508702755, 1.0466850996, 0.206344872713, 0.0263336915523, 0.00177934824023, 4.2695672164e-05, 2.54999645222e-06, 7.82592490811e-10]}, "silence_rate_30dB": {"dvar2": 0.0116778137162, "var": 0.0100795542821, "min": 0, "dmean": 0.00535977492109, "mean": 0.989817798138, "max": 1, "dmean2": 0.0107209859416, "median": 1, "dvar": 0.00533169601113}, "melbands_spread": {"dvar2": 128.567077637, "var": 492.258666992, "min": 0.522465586662, "dmean": 2.63255739212, "mean": 13.6783046722, "max": 258.642333984, "dmean2": 3.96808290482, "median": 9.88419723511, "dvar": 65.3804931641}, "melbands_crest": {"dvar2": 12.1047763824, "var": 28.8067016602, "min": 1.64489066601, "dmean": 2.11790323257, "mean": 14.2066831589, "max": 32.7651176453, "dmean2": 3.16582679749, "median": 13.2631835938, "dvar": 4.69636869431}, "zerocrossingrate": {"dvar2": 0.000183878481039, "var": 0.00568824866787, "min": 0.00341796875, "dmean": 0.00556384166703, "mean": 0.0456841289997, "max": 0.53564453125, "dmean2": 0.00689496053383, "median": 0.033203125, "dvar": 0.000169250881299}, "barkbands_kurtosis": {"dvar2": 166.069473267, "var": 346.850402832, "min": -1.92083644867, "dmean": 4.25241184235, "mean": 11.8854942322, "max": 195.495193481, "dmean2": 6.29230117798, "median": 5.30839443207, "dvar": 74.3130722046}, "spectral_flux": {"dvar2": 0.00047628430184, "var": 0.000579541665502, "min": 6.39097941235e-11, "dmean": 0.0108244409785, "mean": 0.0359655544162, "max": 0.209309250116, "dmean2": 0.018016660586, "median": 0.0324366129935, "dvar": 0.000170729006641}, "barkbands_crest": {"dvar2": 7.16761207581, "var": 18.0095863342, "min": 2.19234514236, "dmean": 1.78144812584, "mean": 11.9301271439, "max": 25.2767791748, "dmean2": 2.64125871658, "median": 11.243139267, "dvar": 2.98860621452}, "barkbands_flatness_db": {"dvar2": 0.000633219373412, "var": 0.00524534517899, "min": 0.0296405274421, "dmean": 0.0158806592226, "mean": 0.246926546097, "max": 0.517878592014, "dmean2": 0.0231397673488, "median": 0.245075553656, "dvar": 0.000300583458738}, "spectral_entropy": {"dvar2": 0.0750800743699, "var": 0.650575995445, "min": 4.61789512634, "dmean": 0.154241740704, "mean": 6.28637123108, "max": 9.82165050507, "dmean2": 0.219188272953, "median": 6.17886734009, "dvar": 0.0393087305129}, "pitch_salience": {"dvar2": 0.00534122576937, "var": 0.0131881749257, "min": 0.113346867263, "dmean": 0.0479456968606, "mean": 0.484548091888, "max": 0.971654891968, "dmean2": 0.0726152434945, "median": 0.482320666313, "dvar": 0.00225573196076}, "erbbands_spread": {"dvar2": 183.141082764, "var": 252.763565063, "min": 0.723411500454, "dmean": 3.91701459885, "mean": 15.9007024765, "max": 191.064498901, "dmean2": 5.89000368118, "median": 12.2039842606, "dvar": 84.3006820679}, "dynamic_complexity": 5.21114444733, "spectral_contrast_valleys": {"dvar2": [0.295171350241, 0.192842945457, 0.145006790757, 0.115490227938, 0.115186318755, 0.101144358516], "var": [8.95310974121, 9.9479265213, 9.73404979706, 8.10309886932, 8.23200321198, 7.12204265594], "min": [-28.3211040497, -28.0690975189, -27.8167438507, -27.6121101379, -27.5283527374, -27.4018859863], "dmean": [0.357506036758, 0.299299567938, 0.262041658163, 0.219546422362, 0.186352908611, 0.143919482827], "mean": [-9.04751586914, -8.51098823547, -9.25223827362, -9.86149215698, -10.280500412, -11.6561470032], "max": [-6.24473190308, -5.42513799667, -5.86505937576, -7.05374383926, -7.02725076675, -7.95946264267], "dmean2": [0.589342653751, 0.486055910587, 0.432272166014, 0.361959159374, 0.2967274189, 0.215872824192], "median": [-8.50134658813, -7.91942405701, -8.80696868896, -9.26969528198, -9.69516181946, -11.1057682037], "dvar": [0.120306499302, 0.0841514989734, 0.0652392506599, 0.055091958493, 0.0596034787595, 0.0608836859465]}, "hfc": {"dvar2": 62.4106903076, "var": 336.288604736, "min": 1.05047060737e-16, "dmean": 2.85709118843, "mean": 12.8492259979, "max": 181.317596436, "dmean2": 3.87027597427, "median": 6.49261569977, "dvar": 33.7158966064}, "spectral_kurtosis": {"dvar2": 23.3041114807, "var": 72.5589065552, "min": -1.54403281212, "dmean": 2.505641222, "mean": 13.7363576889, "max": 117.393707275, "dmean2": 4.02084159851, "median": 12.8201599121, "dvar": 9.39797019958}, "mfcc": {"mean": [-783.768554688, 162.208312988, 33.5431518555, -9.47754764557, 12.255739212, -9.74147129059, 7.93261671066, -5.55303287506, -16.0569992065, -12.7527856827, -4.75436449051, -11.8808679581, 0.0977853834629], "cov": [[12447.640625, 2344.22827148, -1079.40270996, -1661.06640625, -913.420043945, -980.446472168, 503.832733154, 498.318786621, 33.9113273621, -25.832490921, -146.948059082, -508.453369141, -155.805801392], [2344.22827148, 1754.8807373, 272.496154785, 4.09601354599, 160.825759888, -47.816822052, 73.5620651245, -9.12276172638, -94.5106506348, -107.317871094, 37.5674629211, -87.1399383545, -0.534952104092], [-1079.40270996, 272.496154785, 865.762390137, 441.907958984, 376.017730713, 208.609039307, -117.695526123, -101.054946899, -31.1588172913, -89.1636734009, 84.5990447998, 113.261634827, 56.4928512573], [-1661.06640625, 4.09601354599, 441.907958984, 652.782043457, 402.82989502, 203.753677368, -126.129119873, -58.4319534302, 35.2260398865, -11.4596204758, 58.0527763367, 142.938430786, 18.9679851532], [-913.420043945, 160.825759888, 376.017730713, 402.82989502, 683.996459961, 226.624755859, -141.935745239, -229.479934692, -32.0564613342, -31.3396072388, 42.0298538208, 84.7610855103, 72.2901153564], [-980.446472168, -47.816822052, 208.609039307, 203.753677368, 226.624755859, 349.107543945, 42.8380126953, -122.77658844, -60.9729576111, 31.8640708923, 34.693107605, 53.7969245911, 41.0557365417], [503.832733154, 73.5620651245, -117.695526123, -126.129119873, -141.935745239, 42.8380126953, 245.981750488, 85.8886184692, -8.10965538025, 42.0059928894, 9.18904495239, 0.955038607121, 15.5681800842], [498.318786621, -9.12276172638, -101.054946899, -58.4319534302, -229.479934692, -122.77658844, 85.8886184692, 343.813690186, 142.011138916, 39.9618225098, 17.4992313385, -2.77645039558, -40.9323997498], [33.9113273621, -94.5106506348, -31.1588172913, 35.2260398865, -32.0564613342, -60.9729576111, -8.10965538025, 142.011138916, 202.006011963, 80.8696594238, 34.8706665039, 39.6369438171, 19.0070915222], [-25.832490921, -107.317871094, -89.1636734009, -11.4596204758, -31.3396072388, 31.8640708923, 42.0059928894, 39.9618225098, 80.8696594238, 156.80065918, 49.8359031677, 29.8516597748, 21.9118061066], [-146.948059082, 37.5674629211, 84.5990447998, 58.0527763367, 42.0298538208, 34.693107605, 9.18904495239, 17.4992313385, 34.8706665039, 49.8359031677, 156.289718628, 105.498901367, 50.9034996033], [-508.453369141, -87.1399383545, 113.261634827, 142.938430786, 84.7610855103, 53.7969245911, 0.955038607121, -2.77645039558, 39.6369438171, 29.8516597748, 105.498901367, 215.71736145, 90.564956665], [-155.805801392, -0.534952104092, 56.4928512573, 18.9679851532, 72.2901153564, 41.0557365417, 15.5681800842, -40.9323997498, 19.0070915222, 21.9118061066, 50.9034996033, 90.564956665, 202.096908569]], "icov": [[0.000251312449109, -0.000322023581248, 4.12146837334e-05, 0.000526636547875, -0.000179225651664, 0.000409144413425, -0.000244361988734, -0.000131877415697, -6.79151489749e-05, -0.00015217984037, 0.000117783674796, -7.24353049009e-06, 0.000101518839074], [-0.000322023581248, 0.00119739666115, -0.000371957663447, -0.000652504037134, -0.000183729469427, 7.34727655072e-05, -0.000376369600417, 6.51333102724e-05, 0.000430878659245, 0.000450513209216, -0.000761613424402, 0.000728134764358, -0.000210731406696], [4.12146837334e-05, -0.000371957663447, 0.00239695212804, -0.000911358161829, -7.32053013053e-05, -0.000977866933681, 0.000662436475977, -0.000145911079017, -0.000265295966528, 0.00157710921485, -0.000949247623794, -1.52035690917e-05, -0.000309582916088], [0.000526636547875, -0.000652504037134, -0.000911358161829, 0.00511117139831, -0.00180281221401, -0.000459070550278, 0.000758047797717, -0.00135549751576, -0.000590187322814, -0.00049729278544, 0.00121930334717, -0.00210618483834, 0.00133066065609], [-0.000179225651664, -0.000183729469427, -7.32053013053e-05, -0.00180281221401, 0.00382056902163, -0.00154435192235, 0.00114758790005, 0.00196744338609, -0.00114407506771, 0.000667411717586, -0.000229523851885, 0.000150292238686, -0.000666097505018], [0.000409144413425, 7.34727655072e-05, -0.000977866933681, -0.000459070550278, -0.00154435192235, 0.00711633451283, -0.00351997395046, 0.000963720376603, 0.00190048350487, -0.00262410403229, -7.2996779636e-05, 0.00071826018393, 7.42861993785e-06], [-0.000244361988734, -0.000376369600417, 0.000662436475977, 0.000758047797717, 0.00114758790005, -0.00351997395046, 0.00780037837103, -0.00248466455378, 0.00167508446611, -0.00107887922786, 0.000669001601636, -0.0013460572809, -0.000851117540151], [-0.000131877415697, 6.51333102724e-05, -0.000145911079017, -0.00135549751576, 0.00196744338609, 0.000963720376603, -0.00248466455378, 0.00713604129851, -0.00486038997769, 0.00147001596633, -0.00104865536559, 0.000503657793161, 0.00113986537326], [-6.79151489749e-05, 0.000430878659245, -0.000265295966528, -0.000590187322814, -0.00114407506771, 0.00190048350487, 0.00167508446611, -0.00486038997769, 0.0114595694467, -0.00552524765953, 0.000584138790146, -0.000602521235123, -0.00136779574677], [-0.00015217984037, 0.000450513209216, 0.00157710921485, -0.00049729278544, 0.000667411717586, -0.00262410403229, -0.00107887922786, 0.00147001596633, -0.00552524765953, 0.0120017956942, -0.00387749820948, 0.00103495025542, -0.000103869264422], [0.000117783674796, -0.000761613424402, -0.000949247623794, 0.00121930334717, -0.000229523851885, -7.2996779636e-05, 0.000669001601636, -0.00104865536559, 0.000584138790146, -0.00387749820948, 0.0117844762281, -0.0055668479763, -3.54160620191e-05], [-7.24353049009e-06, 0.000728134764358, -1.52035690917e-05, -0.00210618483834, 0.000150292238686, 0.00071826018393, -0.0013460572809, 0.000503657793161, -0.000602521235123, 0.00103495025542, -0.0055668479763, 0.0100133903325, -0.00293635134585], [0.000101518839074, -0.000210731406696, -0.000309582916088, 0.00133066065609, -0.000666097505018, 7.42861993785e-06, -0.000851117540151, 0.00113986537326, -0.00136779574677, -0.000103869264422, -3.54160620191e-05, -0.00293635134585, 0.0069853416644]]}, "silence_rate_20dB": {"dvar2": 0, "var": 0, "min": 1, "dmean": 0, "mean": 1, "max": 1, "dmean2": 0, "median": 1, "dvar": 0}, "melbands_kurtosis": {"dvar2": 306.437591553, "var": 382.741546631, "min": -1.9231274128, "dmean": 4.77344274521, "mean": 10.6099290848, "max": 251.380172729, "dmean2": 7.2360959053, "median": 3.94238781929, "dvar": 127.520843506}, "barkbands_spread": {"dvar2": 50.1378288269, "var": 75.0778045654, "min": 0.503911435604, "dmean": 1.95738172531, "mean": 8.61046791077, "max": 90.3745193481, "dmean2": 2.92183566093, "median": 6.75062942505, "dvar": 23.4026641846}, "erbbands_skewness": {"dvar2": 0.372594445944, "var": 1.69295573235, "min": -4.51451683044, "dmean": 0.397453188896, "mean": 1.07939720154, "max": 7.64871358871, "dmean2": 0.585649371147, "median": 0.912281751633, "dvar": 0.169070124626}, "average_loudness": 0.117616929114, "spectral_centroid": {"dvar2": 140565.546875, "var": 2487850.25, "min": 148.748138428, "dmean": 74.6873855591, "mean": 812.223022461, "max": 11768.1376953, "dmean2": 112.637252808, "median": 557.830200195, "dvar": 66676.7265625}, "dissonance": {"dvar2": 0.00396403344348, "var": 0.00448457803577, "min": 0.120060153306, "dmean": 0.0415937490761, "mean": 0.365679323673, "max": 0.499974191189, "dmean2": 0.0697031840682, "median": 0.369852244854, "dvar": 0.00145828584209}, "erbbands_flatness_db": {"dvar2": 0.000532802543603, "var": 0.00281563424505, "min": 0.0637010857463, "dmean": 0.015276866965, "mean": 0.237238004804, "max": 0.399947136641, "dmean2": 0.0216108579189, "median": 0.239593014121, "dvar": 0.00025917365565}, "spectral_strongpeak": {"dvar2": 1.33150553703, "var": 5.4459939003, "min": 0, "dmean": 0.490429699421, "mean": 1.70703423023, "max": 15.9650201797, "dmean2": 0.770418286324, "median": 0.681509971619, "dvar": 0.623666644096}, "spectral_rms": {"dvar2": 3.90729439914e-07, "var": 4.3489849304e-06, "min": 3.12097830218e-12, "dmean": 0.000381430931157, "mean": 0.00391103094444, "max": 0.0139119867235, "dmean2": 0.000516671105288, "median": 0.00383226154372, "dvar": 2.02681349037e-07}, "silence_rate_60dB": {"dvar2": 0.0290582068264, "var": 0.128666177392, "min": 0, "dmean": 0.0131314480677, "mean": 0.15166130662, "max": 1, "dmean2": 0.0262664165348, "median": 0, "dvar": 0.0129594858736}, "melbands": {"dvar2": [1.56895900716e-08, 1.27509409253e-07, 2.5041600793e-07, 1.81471548899e-07, 1.3594743109e-07, 6.62024604026e-08, 1.79729852334e-07, 6.68648922897e-08, 9.72616049921e-08, 2.21606981654e-08, 1.06247796339e-07, 1.03972956822e-06, 2.3501229407e-07, 1.22437180394e-08, 9.08112518516e-09, 1.6177200024e-08, 2.10094630582e-09, 6.45924147502e-10, 7.44773021033e-10, 6.19010467884e-11, 1.34395619633e-11, 8.21433025766e-12, 1.99283211461e-12, 1.30598808677e-12, 2.19349733689e-12, 8.78276618099e-13, 1.39082462994e-12, 2.02704674335e-13, 4.52870678241e-13, 3.4055906966e-13, 9.48908987952e-14, 1.82646703751e-13, 6.75484679042e-13, 4.10438583077e-13, 3.03924962454e-13, 5.26720594224e-13, 2.00764426785e-12, 5.33561259411e-12, 1.64669840264e-12, 2.096055534e-12], "var": [1.9074711588e-07, 6.22865229616e-07, 5.3533932487e-07, 3.62771629625e-07, 5.8001751313e-07, 2.4856083769e-07, 4.11237778053e-07, 1.78532815198e-07, 1.66182132944e-07, 3.53287568089e-08, 2.85630136432e-07, 4.39878886027e-06, 9.22226433886e-07, 2.18809006469e-08, 1.60793902637e-08, 6.0613146502e-08, 4.2274441725e-09, 2.78512235496e-09, 2.7505162592e-09, 1.01357658377e-10, 1.22502797836e-11, 1.50279337585e-11, 2.33913019163e-12, 1.59224163802e-12, 3.93041198546e-12, 6.84063049261e-13, 6.92492829572e-13, 1.43919232543e-13, 2.17670852046e-13, 1.08458699649e-13, 5.62049762471e-14, 6.23162681396e-14, 2.05577484831e-13, 1.67233075803e-13, 1.59320839399e-13, 3.93073513192e-13, 1.47311470747e-12, 3.57771733246e-12, 1.82234804504e-12, 1.70243430898e-12], "min": [7.1693784339e-25, 6.64222607829e-25, 1.08734654466e-24, 8.37750362607e-25, 1.48327228312e-24, 1.4532226977e-24, 1.26040369461e-24, 2.02281152988e-24, 1.8746766653e-24, 1.89233788046e-24, 1.8037564922e-24, 2.72396411864e-24, 2.54066834301e-24, 3.19844876756e-24, 1.81140469589e-24, 2.06167318465e-24, 1.72329070771e-24, 2.77063825739e-24, 3.56798040342e-24, 3.01345339111e-24, 2.40105021798e-24, 3.10934061743e-24, 3.35713642169e-24, 4.13540253052e-24, 3.45993209739e-24, 2.91068808656e-24, 4.69861687355e-24, 4.82885031482e-24, 4.83989357864e-24, 4.87428041993e-24, 5.03986271836e-24, 4.9275099928e-24, 5.55452858913e-24, 4.84869687191e-24, 5.37543823099e-24, 4.21128779416e-24, 5.10428070545e-24, 6.4418480128e-24, 4.35740613305e-24, 5.42763834038e-24], "dmean": [3.56710261258e-05, 0.000128683546791, 0.000159250048455, 0.000149570521899, 0.000167220539879, 0.000118586613098, 0.000150275183842, 8.41118744574e-05, 7.18972369214e-05, 3.84294180549e-05, 6.65935003781e-05, 0.000266382092377, 0.000127505147248, 2.17896067625e-05, 1.56452297233e-05, 2.38807515416e-05, 7.25690415493e-06, 3.56971258952e-06, 4.90513912155e-06, 9.65349272519e-07, 4.57245079133e-07, 4.24204756655e-07, 3.51862411208e-07, 2.81319017859e-07, 3.99445156063e-07, 2.22739515721e-07, 1.58949106321e-07, 6.42812736373e-08, 6.69299495826e-08, 4.36267661996e-08, 3.05609866302e-08, 3.70318815612e-08, 6.42532498318e-08, 5.58766757308e-08, 5.41746381089e-08, 8.00884762953e-08, 1.49801962834e-07, 2.05353217098e-07, 1.60967147167e-07, 2.13726210063e-07], "mean": [0.000195248096134, 0.000678107549902, 0.000613116484601, 0.000455455010524, 0.000542192021385, 0.000370370049495, 0.000413601286709, 0.000225883632083, 0.000158134658705, 9.19400263228e-05, 0.000179324866622, 0.000818341621198, 0.000378651195206, 5.05697753397e-05, 4.02061523346e-05, 6.86892162776e-05, 1.73945700226e-05, 8.31584839034e-06, 1.30457938212e-05, 1.79955304702e-06, 9.17581644444e-07, 9.45431565924e-07, 7.44097803818e-07, 6.30357646969e-07, 9.11882750643e-07, 5.17993726135e-07, 3.16425456504e-07, 1.35935025014e-07, 1.12031351307e-07, 6.02509828695e-08, 5.2721183863e-08, 5.64854687468e-08, 9.07745913992e-08, 8.42827745373e-08, 8.05054440889e-08, 1.30714226998e-07, 2.35604048271e-07, 2.96996915949e-07, 2.89391039132e-07, 4.2834665237e-07], "max": [0.00398674141616, 0.00647223973647, 0.00523456372321, 0.00558468140662, 0.00717068137601, 0.00463600503281, 0.00724186887965, 0.00415422674268, 0.00511100096628, 0.00292939902283, 0.00708804838359, 0.0233920309693, 0.0105667728931, 0.00340085104108, 0.00364463287406, 0.00352188711986, 0.00137426774018, 0.00175521767233, 0.00105521373916, 0.000386830652133, 0.000106110164779, 0.000166414029081, 3.00008396152e-05, 2.50612483796e-05, 3.97587646148e-05, 2.11039714486e-05, 3.83976075682e-05, 1.26355498651e-05, 1.84796081157e-05, 1.28446417875e-05, 1.12288216769e-05, 9.75277725956e-06, 1.23129775602e-05, 1.24602011056e-05, 1.1115941561e-05, 1.52854536282e-05, 3.06869042106e-05, 5.31167497684e-05, 2.85227615677e-05, 3.07763584715e-05], "dmean2": [5.34333084943e-05, 0.000183571391972, 0.000230087578529, 0.000221494119614, 0.000212955870666, 0.00015095625713, 0.000194249048945, 0.000108403539343, 0.000101875251858, 5.59716027055e-05, 9.19426092878e-05, 0.000359016150469, 0.000171937557752, 3.29732501996e-05, 2.32704678638e-05, 3.42676903529e-05, 1.05244716906e-05, 4.74626858704e-06, 6.86113389747e-06, 1.35912023325e-06, 7.151598993e-07, 6.41280678337e-07, 5.77372532007e-07, 4.56960009387e-07, 6.20814716967e-07, 3.71956758727e-07, 2.69367575356e-07, 1.01322967794e-07, 1.08207785843e-07, 7.29179632231e-08, 5.12666638031e-08, 6.27721092883e-08, 1.10894468719e-07, 9.47242853044e-08, 8.86740920691e-08, 1.27752031176e-07, 2.38412170006e-07, 3.18456272907e-07, 2.44937638172e-07, 3.40509672014e-07], "median": [1.85553890333e-05, 0.000490060308948, 0.000344695989043, 0.000244898139499, 0.000251660734648, 0.000189641985344, 0.000136729198857, 4.12593071815e-05, 1.08003350761e-05, 2.16091393668e-05, 6.72431724524e-06, 5.38210879313e-05, 2.41497891693e-05, 3.23779158862e-06, 3.35430149789e-06, 2.26103384193e-06, 1.53709561346e-06, 6.12944461409e-07, 6.67098902341e-07, 2.5191371833e-07, 2.51201925039e-07, 2.61351260633e-07, 1.66439065197e-07, 1.51250418412e-07, 2.8276122066e-07, 1.88952043345e-07, 6.88040628916e-08, 2.87393220333e-08, 2.68558757455e-08, 1.3297564827e-08, 1.37291715774e-08, 1.60006958794e-08, 2.50381457789e-08, 2.28668817215e-08, 1.94557259192e-08, 2.86288361906e-08, 3.39170682651e-08, 4.00908959364e-08, 7.15189827361e-08, 1.35967326287e-07], "dvar": [7.33990201951e-09, 5.7034601042e-08, 8.74897949643e-08, 7.06076690449e-08, 7.86887781601e-08, 3.72651065561e-08, 9.1630