{"tonal": {"thpcp": [1, 0.719156324863, 0.386835992336, 0.383559048176, 0.39485001564, 0.443946331739, 0.297316819429, 0.120200738311, 0.21481642127, 0.339386254549, 0.251313686371, 0.181934252381, 0.19368518889, 0.201618045568, 0.506458103657, 0.811878085136, 0.607182025909, 0.354434788227, 0.308980733156, 0.215932354331, 0.264989852905, 0.447950065136, 0.379000097513, 0.343618035316, 0.429445236921, 0.281810939312, 0.155089944601, 0.150373622775, 0.129888817668, 0.332360059023, 0.572160661221, 0.388468950987, 0.228514537215, 0.311643362045, 0.326118260622, 0.618375957012], "hpcp": {"dmean2": [0.218453317881, 0.155662536621, 0.15058888495, 0.151907876134, 0.154899269342, 0.17413751781, 0.185394048691, 0.174294784665, 0.15197609365, 0.111037887633, 0.0940581560135, 0.0994240790606, 0.138195484877, 0.143545538187, 0.148389235139, 0.134545236826, 0.141093343496, 0.197886109352, 0.253686368465, 0.233117341995, 0.254452943802, 0.198244974017, 0.120852127671, 0.159827262163, 0.200535640121, 0.131400823593, 0.0743886232376, 0.0883251726627, 0.106560945511, 0.108842931688, 0.10640475899, 0.112922221422, 0.14353184402, 0.21674066782, 0.214077264071, 0.250629663467], "median": [0.0226059518754, 0.00748240156099, 0.0051332898438, 0.0229352544993, 0.0324569046497, 0.0320078805089, 0.0282158199698, 0.0241546873003, 0.0159510280937, 0.00776462024078, 0.00452610524371, 0.00582758756354, 0.0184125844389, 0.0211087185889, 0.0116805927828, 0.00761366030201, 0.00531858485192, 0.0112570989877, 0.0918100774288, 0.157050162554, 0.108822502196, 0.0256717577577, 0.00749720353633, 0.0288580991328, 0.0379387028515, 0.0315732322633, 0.00803170353174, 0.01016277913, 0.0112879090011, 0.00979758333415, 0.0100017925724, 0.00805149786174, 0.00924696400762, 0.04079073295, 0.0748781710863, 0.0561743676662], "min": [0, 0, 0, 0, 0, 0, 0, 0, 0, 0, 0, 0, 0, 0, 0, 0, 0, 0, 0, 0, 0, 0, 2.8596213042e-07, 3.65196200391e-07, 0, 0, 0, 0, 0, 0, 0, 0, 0, 0, 0, 0], "dvar2": [0.109771639109, 0.072910502553, 0.0777517408133, 0.0729906409979, 0.0681932494044, 0.0789671763778, 0.0898539796472, 0.0900719761848, 0.0719835236669, 0.0522070005536, 0.0517633371055, 0.0499793067575, 0.0649973377585, 0.0734728574753, 0.0775341317058, 0.070022046566, 0.0743899717927, 0.0949062034488, 0.110777795315, 0.0993539094925, 0.104952208698, 0.0886458307505, 0.059521112591, 0.0604129619896, 0.109443478286, 0.0472713895142, 0.0326446332037, 0.0322083085775, 0.0441025309265, 0.055232539773, 0.0512085594237, 0.0582178495824, 0.0721174553037, 0.102355763316, 0.0973184108734, 0.11859087646], "dvar": [0.0384700261056, 0.0281607676297, 0.0280183702707, 0.0251226611435, 0.0259694755077, 0.0285218153149, 0.0321319364011, 0.035277992487, 0.0267256069928, 0.0184320434928, 0.0180653426796, 0.0174656920135, 0.0236819833517, 0.0293361600488, 0.0279522910714, 0.0248167850077, 0.0270836092532, 0.0346500575542, 0.0407947525382, 0.0402413830161, 0.0382220484316, 0.0322343334556, 0.0229448974133, 0.0220735743642, 0.0392204932868, 0.0170595757663, 0.0117048472166, 0.0125648295507, 0.0188696291298, 0.0199071336538, 0.0186844337732, 0.0212708264589, 0.0260343421251, 0.0386158265173, 0.0406154282391, 0.0432560816407], "dmean": [0.122115194798, 0.0886155292392, 0.0822069197893, 0.0843927264214, 0.0894003808498, 0.0987752377987, 0.10528960079, 0.101894319057, 0.0866155996919, 0.0607991963625, 0.0508967749774, 0.0538494922221, 0.0797890797257, 0.0845455005765, 0.085127517581, 0.0740047395229, 0.077915340662, 0.109354905784, 0.145619317889, 0.139084085822, 0.148962408304, 0.112002529204, 0.0690905079246, 0.0909220576286, 0.11121789366, 0.0742765069008, 0.041521076113, 0.0525546371937, 0.0643576085567, 0.0632814317942, 0.0591867081821, 0.0628115460277, 0.0796723365784, 0.125467523932, 0.125913903117, 0.145683571696], "max": [1, 1, 1, 1, 1, 1, 1, 1, 1, 1, 1, 1, 1, 1, 1, 1, 1, 1, 1, 1, 1, 1, 1, 1, 1, 1, 1, 1, 1, 1, 1, 1, 1, 1, 1, 1], "var": [0.0466294847429, 0.047292675823, 0.0282964464277, 0.0263691637665, 0.0680623427033, 0.046096868813, 0.0414889901876, 0.0672795549035, 0.0338629744947, 0.0162045843899, 0.0217108018696, 0.0142317404971, 0.0366590693593, 0.103826209903, 0.0519990287721, 0.0297674164176, 0.057707067579, 0.0441567413509, 0.0665868595243, 0.142406225204, 0.0837558284402, 0.0501611046493, 0.073614358902, 0.0425494499505, 0.0697726085782, 0.0251590833068, 0.00967653933913, 0.0222990848124, 0.0548866130412, 0.0331793352962, 0.0219823922962, 0.0260380245745, 0.0234045274556, 0.0638366863132, 0.13092187047, 0.0785293504596], "mean": [0.119029730558, 0.103764906526, 0.0725165009499, 0.0889914631844, 0.150434941053, 0.127279490232, 0.115397147834, 0.144220471382, 0.0946404859424, 0.0520838089287, 0.0504999309778, 0.0436205230653, 0.111616380513, 0.192148536444, 0.130459412932, 0.0767419710755, 0.104659095407, 0.109520196915, 0.207669019699, 0.335829705, 0.241514056921, 0.129911020398, 0.12881052494, 0.132602363825, 0.149090364575, 0.0998478233814, 0.0403669774532, 0.0721417367458, 0.113975986838, 0.0843986049294, 0.0610989257693, 0.0650452375412, 0.0677093267441, 0.170083671808, 0.272652775049, 0.203909754753]}, "tuning_equal_tempered_deviation": 0.321919828653, "chords_changes_rate": 0.0589703582227, "key_key": "G#", "tuning_diatonic_strength": 0.440496236086, "key_scale": "minor", "chords_number_rate": 0.00561622483656, "tuning_frequency": 434.193115234, "tuning_nontempered_energy_ratio": 0.981171131134, "chords_histogram": [13.7285490036, 3.99375963211, 6.70826816559, 1.12324488163, 1.15444612503, 5.55382204056, 2.05928230286, 11.7940721512, 7.02028083801, 8.70514774323, 0.0312012471259, 1.40405619144, 1.52886116505, 1.09204363823, 0.967238664627, 0, 0.374414980412, 0.499219954014, 0.436817467213, 2.34009361267, 8.08112335205, 3.96255850792, 12.6677064896, 4.77379083633], "key_strength": 0.790201604366, "chords_key": "G#", "chords_strength": {"dmean2": 0.00682133249938, "median": 0.489949852228, "min": 0.208783507347, "dvar2": 5.43601381651e-05, "dvar": 4.70267441415e-05, "dmean": 0.00822819489986, "max": 0.818475961685, "var": 0.00859150476754, "mean": 0.486333608627}, "chords_scale": "minor", "hpcp_entropy": {"dmean2": 0.91703158617, "median": 1.6921800375, "min": 0.0462739616632, "dvar2": 0.626081705093, "dvar": 0.238002032042, "dmean": 0.550711810589, "max": 3.6996846199, "var": 0.620394706726, "mean": 1.65612018108}}, "metadata": {"audio_properties": {"equal_loudness": 0, "codec": "flac", "downmix": "mix", "sample_rate": 44100, "analysis_sample_rate": 44100, "bit_rate": 0, "md5_encoded": "ece60fc8c92d3c522f82ff319de3803d", "length": 148.759994507, "replay_gain": -2.95707702637, "lossless": true}, "version": {"essentia_build_sha": "2d9f1f26377add8aeb1075a9c2973f962c4f09fd", "essentia": "2.1-beta2", "extractor": "music 1.0", "essentia_git_sha": "v2.1_beta2-1-ge3940c0"}, "tags": {"title": ["Pictures At An Exhibition: Bydlo (A Polish Oxcart)"], "barcode": ["053479011725"], "media": ["CD"], "albumartist": ["Jean Guillou"], "language": ["zxx"], "performer": ["Jean Guillou (organ)"], "releasetype": ["album"], "musicbrainz_recordingid": ["161b9e2b-f14c-42f0-bed6-5a8c23f68921"], "musicbrainz_albumartistid": ["c1380b12-3909-47d8-a5fd-d20e76123310", "c278de2c-9696-4fdf-a919-0781cd945e2c", "65542956-ed7d-4ef3-b653-4a729c94ad8d"], "engineer": ["Brian C. Peters", "Craig Dory"], "date": ["1989"], "musicip_puid": ["a8c8d8a2-4132-08f5-b0fe-18382ea98734"], "asin": ["B000001Q80"], "musicbrainz_albumid": ["8aa63c87-f22b-4bcb-becd-b4139f2a9780"], "tracknumber": ["7"], "artistsort": ["Mussorgsky, Modest"], "album": ["Mussorgsky, Stravisky: Organ transcriptions"], "label": ["Dorian Recordings"], "musicbrainz_artistid": ["c1380b12-3909-47d8-a5fd-d20e76123310"], "totaltracks": ["18"], "composer": ["Modest Petrovich Mussorgsky"], "tracktotal": ["18"], "initialkey": ["Ab"], "musicbrainz_workid": ["e23e0be9-5a90-30dc-ad59-5e9ac2bf4be4"], "originalyear": ["1989"], "work": ["Pictures at an Exhibition: IV. Bydlo"], "discnumber": ["1"], "bpm": ["116"], "catalognumber": ["DOR-90117"], "releasecountry": ["US"], "genre": ["Classical - Organ"], "producer": ["Brian M. Levine", "Randall Fostvedt"], "file_name": "07 Pictures at an exhibition - VII. Byldo .flac", "musicbrainz_releasegroupid": ["ab409a4c-b75e-30fe-a6d6-57a7bc84e5ea"], "acoustid_id": ["73424b86-8f88-4105-a168-36ca1d75d906"], "script": ["Latn"], "originaldate": ["1989"], "musicbrainz_releasetrackid": ["68507ad8-6b9b-31d3-8cb9-6d4b395cb9fa"], "artist": ["Modest Mussorgsky"], "disctotal": ["1"], "composersort": ["Mussorgsky, Modest Petrovich"], "albumartistsort": ["Mussorgsky, Modest, Stravinsky, Igor; Guillou, Jean"], "totaldiscs": ["1"], "releasestatus": ["official"]}}, "rhythm": {"bpm_histogram_first_peak_bpm": {"dmean2": 0, "median": 110, "min": 110, "dvar2": 0, "dvar": 0, "dmean": 0, "max": 110, "var": 0, "mean": 110}, "bpm": 110.722770691, "bpm_histogram_second_peak_spread": {"dmean2": 0, "median": 0.374999970198, "min": 0.374999970198, "dvar2": 0, "dvar": 0, "dmean": 0, "max": 0.374999970198, "var": 0, "mean": 0.374999970198}, "bpm_histogram_first_peak_weight": {"dmean2": 0, "median": 0.215328469872, "min": 0.215328469872, "dvar2": 0, "dvar": 0, "dmean": 0, "max": 0.215328469872, "var": 0, "mean": 0.215328469872}, "onset_rate": 1.81473731995, "beats_position": [0.53405892849, 1.09133780003, 1.62539684772, 2.17106580734, 2.71673464775, 3.26240348816, 3.80807256699, 4.35374164581, 4.8994102478, 5.4334692955, 5.97913837433, 6.52480697632, 7.07047605515, 7.61614513397, 8.16181373596, 8.71909236908, 9.27637195587, 9.82204055786, 10.379319191, 10.9365987778, 11.4938774109, 12.0395460129, 12.5736055374, 13.1076641083, 13.6649427414, 14.2106122971, 14.756280899, 15.2787294388, 15.8011789322, 16.3236274719, 16.8460769653, 17.3685264587, 17.9025840759, 18.4366436005, 18.9590930939, 19.5047607422, 20.062040329, 20.6193199158, 21.1765975952, 21.733877182, 22.2911567688, 22.8484344482, 23.405714035, 23.9513835907, 24.497051239, 25.0427207947, 25.6000003815, 26.1456680298, 26.7029476166, 27.2486171722, 27.7942848206, 28.3283443451, 28.8624038696, 29.3964614868, 29.9305210114, 30.4529705048, 30.9754180908, 31.4862575531, 31.9970970154, 32.5079345703, 33.0187759399, 33.5412254333, 34.0636711121, 34.5977325439, 35.1317901611, 35.6658477783, 36.211517334, 36.7571868896, 37.2796363831, 37.790473938, 38.3129234314, 38.8353729248, 39.3462142944, 39.8570518494, 40.402721405, 40.9483909607, 41.4940567017, 42.0513381958, 42.6086158752, 43.1775054932, 43.7347831726, 44.3036727905, 44.8493423462, 45.3950119019, 45.9406776428, 46.4747390747, 46.9971885681, 47.5312461853, 48.0653038025, 48.5993652344, 49.1334228516, 49.6674804688, 50.2015419006, 50.7355995178, 51.269657135, 51.8037185669, 52.3377761841, 52.871837616, 53.4058952332, 53.9167327881, 54.4159622192, 54.9268035889, 55.4376411438, 55.9600906372, 56.4709281921, 56.9817695618, 57.4926071167, 58.0034446716, 58.525894165, 59.03673172, 59.5475730896, 60.070022583, 60.5924720764, 61.1149177551, 61.648979187, 62.1714286804, 62.6938781738, 63.227935791, 63.7619934082, 64.2728347778, 64.7836685181, 65.2945098877, 65.8517913818, 66.3974609375, 66.9663467407, 67.5236282349, 68.0925140381, 68.6614074707, 69.2302932739, 69.7991790771, 70.3680725098, 70.936958313, 71.4942398071, 72.0515213013, 72.5971832275, 73.1428527832, 73.7001342773, 74.245803833, 74.7914733887, 75.3255310059, 75.859588623, 76.3936462402, 76.9160995483, 77.4501571655, 77.9726028442, 78.4950561523, 79.0291137695, 79.5747833252, 80.0972290039, 80.654510498, 81.2233963013, 81.7574615479, 82.3031311035, 82.8487930298, 83.4060745239, 83.9633560181, 84.5206298828, 85.077911377, 85.6235809326, 86.1692504883, 86.7033081055, 87.2373657227, 87.7714233398, 88.3054885864, 88.8279342651, 89.3619918823, 89.8960494995, 90.4185028076, 90.9293441772, 91.4401779175, 91.9510192871, 92.4618606567, 92.9610900879, 93.460319519, 93.9827651978, 94.5052108765, 95.0276641846, 95.5617218018, 96.0841674805, 96.6066207886, 97.1290664673, 97.6515197754, 98.1739654541, 98.6964187622, 99.2304763794, 99.7761459351, 100.3334198, 100.890701294, 101.459587097, 102.02848053, 102.585754395, 103.143035889, 103.700317383, 104.257591248, 104.814872742, 105.372154236, 105.917823792, 106.463493347, 106.997550964, 107.531608582, 108.065666199, 108.599723816, 109.122177124, 109.644622803, 110.167076111, 110.68952179, 111.223579407, 111.769248962, 112.314918518, 112.860588074, 113.406257629, 113.951927185, 114.485984802, 115.020042419, 115.554100037, 116.099769592, 116.645439148, 117.191108704, 117.736778259, 118.282447815, 118.816505432, 119.373786926, 119.931060791, 120.499954224, 121.068840027, 121.637733459, 122.195007324, 122.752288818, 123.297958374, 123.84362793, 124.389297485, 124.934967041, 125.480628967, 126.026298523, 126.618408203, 127.222129822, 127.82585144, 128.417953491, 129.010070801, 129.602172852, 130.194290161, 130.79800415, 131.413330078, 132.017044067, 132.632385254, 133.247711182, 133.874649048, 134.513198853, 135.140136719, 135.767074585, 136.394012451, 137.032562256, 137.671112061, 138.298049927, 138.924987793, 139.551925659, 140.14402771, 140.747756958, 141.339859009, 141.931976318, 142.524078369, 143.034912109, 143.53414917, 144.033370972, 144.451339722, 144.869293213, 145.287246704, 145.647155762, 146.007064819, 146.355377197, 146.692062378, 147.028747559, 147.377044678, 147.725341797, 148.073654175], "beats_loudness": {"dmean2": 0.0216431245208, "median": 0.0195197090507, "min": 1.42805345149e-06, "dvar2": 0.000697973300703, "dvar": 0.000254303886322, "dmean": 0.0127822309732, "max": 0.199609041214, "var": 0.00105540896766, "mean": 0.0315131656826}, "danceability": 0.980614304543, "bpm_histogram_second_peak_weight": {"dmean2": 0, "median": 0.145985394716, "min": 0.145985394716, "dvar2": 0, "dvar": 0, "dmean": 0, "max": 0.145985394716, "var": 0, "mean": 0.145985394716}, "beats_count": 275, "bpm_histogram_second_peak_bpm": {"dmean2": 0, "median": 115, "min": 115, "dvar2": 0, "dvar": 0, "dmean": 0, "max": 115, "var": 0, "mean": 115}, "bpm_histogram_first_peak_spread": {"dmean2": 0, "median": 0.611842095852, "min": 0.611842095852, "dvar2": 0, "dvar": 0, "dmean": 0, "max": 0.611842095852, "var": 0, "mean": 0.611842095852}, "beats_loudness_band_ratio": {"dmean2": [0.229114294052, 0.239583000541, 0.0959843620658, 0.0432612970471, 0.0206332672387, 0.0044156559743], "median": [0.60894960165, 0.231585294008, 0.0775686427951, 0.0211745779961, 0.00232294341549, 8.96094570635e-05], "min": [0.103267662227, 0.000565324386116, 6.55516560073e-05, 2.84304633169e-06, 1.24660118672e-06, 5.755604775e-07], "dvar2": [0.0475906915963, 0.0530861355364, 0.0105783892795, 0.00504638860002, 0.00178362894803, 0.000103456033685], "dvar": [0.0160581953824, 0.0170319993049, 0.00349918007851, 0.00172084313817, 0.000580267456826, 3.57891076419e-05], "dmean": [0.135015174747, 0.138204887509, 0.0571604371071, 0.0256595481187, 0.0115181272849, 0.00244544586167], "max": [0.999230742455, 0.795852661133, 0.386628359556, 0.367397993803, 0.259254932404, 0.0605967156589], "var": [0.0544561482966, 0.0332730971277, 0.00769883953035, 0.00414973078296, 0.00112376536708, 5.36987827218e-05], "mean": [0.626071333885, 0.256362229586, 0.102220140398, 0.0506940297782, 0.0179073140025, 0.00296413735487]}}, "lowlevel": {"barkbands_spread": {"dmean2": 2.35483384132, "median": 5.02949333191, "min": 0.0738325044513, "dvar2": 6.68525362015, "dvar": 2.47623276711, "dmean": 1.42476058006, "max": 34.6774253845, "var": 37.5788574219, "mean": 7.10768890381}, "melbands_spread": {"dmean2": 2.93901658058, "median": 5.57021903992, "min": 0.169686421752, "dvar2": 14.0513677597, "dvar": 5.16619634628, "dmean": 1.77911567688, "max": 59.3986473083, "var": 64.483757019, "mean": 8.25925922394}, "hfc": {"dmean2": 2.28583788872, "median": 3.3431122303, "min": 0.000110827939352, "dvar2": 13.7607116699, "dvar": 6.45175743103, "dmean": 1.55742955208, "max": 120.233856201, "var": 157.777236938, "mean": 9.1707868576}, "barkbands_kurtosis": {"dmean2": 11.793179512, "median": 2.50569391251, "min": -1.43629813194, "dvar2": 2345.83007813, "dvar": 784.409729004, "dmean": 6.70372009277, "max": 775.573791504, "var": 1777.2722168, "mean": 12.111322403}, "gfcc": {"mean": [-188.364059448, 205.990386963, -84.9990768433, 3.04217481613, -24.936044693, -3.2526216507, -21.6087265015, -7.19848108292, -12.5859212875, -8.54989528656, -10.1421346664, -10.0248689651, -2.96290850639], "icov": [[0.00051167642232, -0.00196253554896, 0.00141723849811, -0.00255216937512, 0.00136810599361, -0.00150490284432, 0.00156483834144, -0.00111346051563, 0.00113604753278, -0.000490693026222, 0.000449608894996, 1.18838770504e-05, 0.000485957716592], [-0.00196253554896, 0.0143411476165, -0.00519426213577, 0.0152792353183, -0.00870899576694, 0.0130839236081, -0.0106635000557, 0.0122723430395, -0.00920852459967, 0.00822916999459, -0.0071336789988, 0.00487034209073, -0.00442301854491], [0.00141723849811, -0.00519426213577, 0.00493296608329, -0.00686836568639, 0.0014553538058, -0.0039598220028, 0.00429447880015, -0.00253370194696, 0.00202148384415, -0.000501497415826, 0.00065464497311, 0.000542414898518, 0.00156977074221], [-0.00255216937512, 0.0152792353183, -0.00686836568639, 0.0205778554082, -0.0103106657043, 0.0123298615217, -0.0139755308628, 0.0112929269671, -0.00812314637005, 0.00583703629673, -0.00506891310215, 0.00221945694648, -0.0025638253428], [0.00136810599361, -0.00870899576694, 0.0014553538058, -0.0103106657043, 0.0163503065705, -0.0106594869867, 0.00479963701218, -0.00761232571676, 0.00318814115599, -0.00098541053012, 0.001120973262, 0.000278186431387, -0.00102682574652], [-0.00150490284432, 0.0130839236081, -0.0039598220028, 0.0123298615217, -0.0106594869867, 0.0283927563578, -0.013266495429, 0.0084115723148, -0.00677937315777, 0.00276919757016, -0.00108270789497, -0.000653935538139, 0.000126900325995], [0.00156483834144, -0.0106635000557, 0.00429447880015, -0.0139755308628, 0.00479963701218, -0.013266495429, 0.0254621058702, -0.0121098607779, 0.00459092203528, -0.00277036405168, 0.000194243140868, -0.000607858644798, 0.0022323213052], [-0.00111346051563, 0.0122723430395, -0.00253370194696, 0.0112929269671, -0.00761232571676, 0.0084115723148, -0.0121098607779, 0.0287686921656, -0.0135767385364, 0.00456191180274, -0.00318239768967, 0.0024730800651, -0.00197252747603], [0.00113604753278, -0.00920852459967, 0.00202148384415, -0.00812314637005, 0.00318814115599, -0.00677937315777, 0.00459092203528, -0.0135767385364, 0.030340610072, -0.0131133515388, 0.00475890794769, -0.00310674961656, 0.00352281308733], [-0.000490693026222, 0.00822916999459, -0.000501497415826, 0.00583703629673, -0.00098541053012, 0.00276919757016, -0.00277036405168, 0.00456191180274, -0.0131133515388, 0.0313683338463, -0.0142045160756, 0.00688131246716, -0.00595172261819], [0.000449608894996, -0.0071336789988, 0.00065464497311, -0.00506891310215, 0.001120973262, -0.00108270789497, 0.000194243140868, -0.00318239768967, 0.00475890794769, -0.0142045160756, 0.031210526824, -0.0129557838663, 0.00524589885026], [1.18838770504e-05, 0.00487034209073, 0.000542414898518, 0.00221945694648, 0.000278186431387, -0.000653935538139, -0.000607858644798, 0.0024730800651, -0.00310674961656, 0.00688131246716, -0.0129557838663, 0.0256963577121, -0.00874927733094], [0.000485957716592, -0.00442301854491, 0.00156977074221, -0.0025638253428, -0.00102682574652, 0.000126900325995, 0.0022323213052, -0.00197252747603, 0.00352281308733, -0.00595172261819, 0.00524589885026, -0.00874927733094, 0.02472534962]], "cov": [[30725.2109375, -22.4288864136, -8350.00585938, -155.014312744, -2226.98339844, -569.489440918, -542.448730469, -438.937011719, -598.973327637, 48.3166809082, -138.639099121, 55.4846992493, -23.4240093231], [-22.4288864136, 1736.38415527, 469.746185303, -682.450744629, 122.609039307, -334.853179932, -88.8647003174, -284.278747559, 1.36932051182, -168.405136108, 77.9703292847, -148.48223877, 92.8050460815], [-8350.00585938, 469.746185303, 2903.03076172, 112.025802612, 750.484802246, 93.8094100952, 163.59602356, 36.2587585449, 169.520675659, -84.4398117065, 63.6710891724, -84.0498733521, 6.53027582169], [-155.014312744, -682.450744629, 112.025802612, 520.800170898, 76.6716384888, 144.281845093, 109.462524414, 107.812042236, 19.4608154297, 49.0374336243, -13.7946586609, 44.6792259216, -43.2136917114], [-2226.98339844, 122.609039307, 750.484802246, 76.6716384888, 309.090911865, 54.634349823, 73.8076934814, 29.4179172516, 56.5597648621, -22.7124328613, 20.8827400208, -21.2827281952, 8.75761985779], [-569.489440918, -334.853179932, 93.8094100952, 144.281845093, 54.634349823, 137.43862915, 54.7076644897, 69.2906951904, 20.3239307404, 31.3482780457, -10.9383802414, 28.3729000092, -20.5394592285], [-542.448730469, -88.8647003174, 163.59602356, 109.462524414, 73.8076934814, 54.7076644897, 100.988761902, 44.6676979065, 24.7600326538, 8.52652645111, 8.65376567841, 5.02274608612, -8.57513523102], [-438.937011719, -284.278747559, 36.2587585449, 107.812042236, 29.4179172516, 69.2906951904, 44.6676979065, 112.323074341, 31.8730297089, 32.8698310852, -7.74183654785, 21.7963523865, -14.8287343979], [-598.973327637, 1.36932051182, 169.520675659, 19.4608154297, 56.5597648621, 20.3239307404, 24.7600326538, 31.8730297089, 65.3318939209, 17.9513187408, 8.34191513062, -0.95367783308, -1.27002608776], [48.3166809082, -168.405136108, -84.4398117065, 49.0374336243, -22.7124328613, 31.3482780457, 8.52652645111, 32.8698310852, 17.9513187408, 67.1166610718, 10.7499370575, 16.1750640869, -2.83975052834], [-138.639099121, 77.9703292847, 63.6710891724, -13.7946586609, 20.8827400208, -10.9383802414, 8.65376567841, -7.74183654785, 8.34191513062, 10.7499370575, 54.4206619263, 12.8973636627, 5.14103364944], [55.4846992493, -148.48223877, -84.0498733521, 44.6792259216, -21.2827281952, 28.3729000092, 5.02274608612, 21.7963523865, -0.95367783308, 16.1750640869, 12.8973636627, 68.7695922852, 8.20082569122], [-23.4240093231, 92.8050460815, 6.53027582169, -43.2136917114, 8.75761985779, -20.5394592285, -8.57513523102, -14.8287343979, -1.27002608776, -2.83975052834, 5.14103364944, 8.20082569122, 53.9795837402]]}, "spectral_energyband_middle_low": {"dmean2": 0.00561200547963, "median": 0.00820865575224, "min": 4.31960351932e-08, "dvar2": 7.8494536865e-05, "dvar": 2.7758491342e-05, "dmean": 0.00348569406196, "max": 0.123892575502, "var": 0.000196515524294, "mean": 0.0124716144055}, "melbands_crest": {"dmean2": 5.77925825119, "median": 14.2628641129, "min": 3.49982190132, "dvar2": 24.0400047302, "dvar": 8.27244377136, "dmean": 3.37190151215, "max": 38.5518379211, "var": 43.2059783936, "mean": 15.6893424988}, "spectral_kurtosis": {"dmean2": 31.6541843414, "median": 47.8935852051, "min": 2.13790225983, "dvar2": 1232.71484375, "dvar": 431.860534668, "dmean": 18.4942779541, "max": 329.148925781, "var": 2792.32250977, "mean": 61.1734657288}, "spectral_rms": {"dmean2": 0.000989533960819, "median": 0.00359291839413, "min": 2.52435384027e-05, "dvar2": 1.3220146684e-06, "dvar": 4.23953252948e-07, "dmean": 0.000602336658631, "max": 0.0152379348874, "var": 6.99145812177e-06, "mean": 0.00411453004926}, "zerocrossingrate": {"dmean2": 0.00319280754775, "median": 0.015625, "min": 0, "dvar2": 1.01046462078e-05, "dvar": 5.96153950028e-06, "dmean": 0.0023394364398, "max": 0.0908203125, "var": 0.000183651864063, "mean": 0.019192699343}, "silence_rate_60dB": {"dmean2": 0.0718076825142, "median": 0, "min": 0, "dvar2": 0.0807002261281, "dvar": 0.0346089228988, "dmean": 0.0358982346952, "max": 1, "var": 0.142093449831, "mean": 0.171504363418}, "erbbands_kurtosis": {"dmean2": 3.34564709663, "median": 0.231847047806, "min": -1.64280331135, "dvar2": 88.4572372437, "dvar": 33.3888702393, "dmean": 2.06332206726, "max": 192.487869263, "var": 180.607147217, "mean": 4.35330057144}, "erbbands": {"dmean2": [0.153827130795, 1.27052128315, 4.11912250519, 7.00807762146, 9.00455760956, 13.046708107, 13.3032836914, 8.96715259552, 10.574297905, 13.1476669312, 12.2484989166, 11.0366096497, 10.2112674713, 8.94199562073, 8.5275592804, 11.8212175369, 8.53680229187, 7.77662563324, 9.50551795959, 8.00126838684, 8.8622379303, 6.11434650421, 2.66152644157, 3.59500575066, 2.43956327438, 1.12676680088, 1.12135326862, 0.877375602722, 0.221676528454, 0.198418959975, 0.102305233479, 0.0280886199325, 0.00885741598904, 0.00602321512997, 0.00204859441146, 0.000549984106328, 0.000145842670463, 2.29761444643e-05, 5.80317873755e-06, 1.23279614854e-05], "median": [0.031911984086, 0.332360804081, 1.36315584183, 3.47163581848, 5.32301807404, 7.32605648041, 9.08791351318, 6.29897499084, 5.09001731873, 6.32058763504, 5.87769031525, 5.57811117172, 4.95863962173, 3.10640192032, 1.77612674236, 1.87667655945, 1.65744233131, 1.11435008049, 0.730791568756, 0.516059994698, 0.266747772694, 0.103879921138, 0.0519337430596, 0.0281107537448, 0.0202821735293, 0.0102421920747, 0.00508277025074, 0.00273216865025, 0.00149840046652, 0.00106874958146, 0.000564857968129, 0.000326339388266, 0.000257594860159, 0.000189782935195, 0.000104398306576, 4.42213204224e-05, 1.69354934769e-05, 3.2663381262e-06, 6.50487800158e-06, 1.45796884681e-05], "min": [4.79095433548e-06, 1.22640331028e-05, 1.25723290694e-05, 1.81494197022e-05, 1.15703696792e-05, 1.0783439393e-05, 7.65006279835e-06, 1.37017705129e-05, 1.3426912119e-05, 7.82741699368e-06, 2.40940007643e-05, 3.9015103539e-05, 3.40525912179e-05, 2.66934312094e-05, 1.77238216565e-05, 1.76109788299e-05, 1.12253655971e-05, 1.84182536032e-05, 2.14489227801e-05, 2.40493827732e-05, 2.52268127952e-05, 2.12225058931e-05, 1.16764222184e-05, 7.69668167777e-06, 6.35528977e-06, 5.99600889473e-06, 4.11250084653e-06, 4.08416872233e-06, 3.60908052244e-06, 3.2150583138e-06, 3.04782065541e-06, 2.89156719191e-06, 2.60878618974e-06, 1.99667306333e-06, 1.4515892417e-06, 8.55583039083e-07, 5.7203999404e-07, 2.55562753182e-07, 6.57333458776e-08, 8.80593464814e-09], "dvar2": [0.21061809361, 7.10690498352, 103.559013367, 192.230728149, 227.238433838, 547.147216797, 612.211303711, 327.351104736, 426.309997559, 920.742736816, 648.915161133, 663.22845459, 552.714172363, 428.095581055, 417.192230225, 979.640869141, 562.103271484, 565.259887695, 712.859985352, 695.339477539, 787.145874023, 398.068695068, 57.7921562195, 141.226699829, 58.6169319153, 13.731675148, 14.2093496323, 15.5711889267, 0.615096211433, 0.840327203274, 0.188005775213, 0.0135765857995, 0.00123085814994, 0.000831574841868, 7.47390731703e-05, 4.72200008517e-06, 2.89567225309e-07, 6.10331207795e-09, 1.24581886474e-10, 4.52800269501e-10], "dvar": [0.0655619725585, 2.08800506592, 30.2724323273, 64.8442459106, 77.742515564, 199.143569946, 209.600967407, 110.179023743, 151.7628479, 311.352935791, 312.593292236, 281.758239746, 350.429229736, 280.120574951, 197.961532593, 566.739929199, 301.257446289, 284.261230469, 432.016571045, 319.004333496, 330.937011719, 163.356216431, 25.3686981201, 52.2620429993, 24.1675052643, 5.71302270889, 5.26911497116, 5.6557970047, 0.233272477984, 0.29439458251, 0.0667791739106, 0.00477066170424, 0.000432102329796, 0.000285626942059, 2.53138605331e-05, 1.862072736e-06, 1.06161870406e-07, 2.17201123753e-09, 4.75617149831e-11, 1.42515985124e-10], "dmean": [0.0872280821204, 0.704353153706, 2.33209371567, 4.25997161865, 5.3391661644, 7.82416772842, 8.13699531555, 5.39469575882, 6.349796772, 7.82388401031, 8.37516880035, 7.39823913574, 7.77092170715, 6.78549575806, 5.98333787918, 8.85844802856, 6.07599115372, 5.66030454636, 7.05610322952, 5.49790334702, 5.65933990479, 4.00632190704, 1.74537110329, 2.18436098099, 1.52925908566, 0.698402106762, 0.678421854973, 0.535470426083, 0.137696668506, 0.117631025612, 0.0605470985174, 0.016711095348, 0.00536618754268, 0.00361041957512, 0.00119225494564, 0.000343110354152, 8.99000660866e-05, 1.40185247801e-05, 3.50382970282e-06, 7.35613957659e-06], "max": [7.64813518524, 22.1535282135, 91.2960357666, 140.19909668, 174.172317505, 299.185638428, 493.201812744, 388.628326416, 279.00189209, 371.20690918, 594.479431152, 510.584442139, 955.753723145, 576.438049316, 433.048614502, 1045.0546875, 678.314025879, 488.615478516, 591.380615234, 573.989990234, 381.668121338, 279.48449707, 126.329864502, 217.358642578, 123.397102356, 46.9749565125, 41.8519363403, 59.8803901672, 11.2088623047, 12.8034238815, 5.9690694809, 1.22412323952, 0.604863286018, 0.488433390856, 0.108246862888, 0.0371268615127, 0.0084268366918, 0.00116032373626, 0.000291543925414, 0.000258258922258], "var": [0.368851006031, 3.02899050713, 44.8691329956, 175.987579346, 233.840332031, 401.593292236, 737.594543457, 437.320068359, 552.726135254, 817.687255859, 1845.46630859, 1405.97131348, 2308.58007813, 1901.52294922, 1060.62304688, 2970.34570313, 1412.59521484, 1120.55651855, 1607.48913574, 1099.42321777, 725.430480957, 361.810668945, 98.7928085327, 114.223121643, 51.2108192444, 13.6824245453, 10.8597927094, 9.00998783112, 0.887086689472, 0.529051840305, 0.120213977993, 0.0116370618343, 0.00138667738065, 0.00080519967014, 5.46902629139e-05, 5.42614816368e-06, 3.82273611876e-07, 9.42371336521e-09, 4.03923200443e-10, 1.16512932635e-09], "mean": [0.167596593499, 0.957639753819, 3.52493214607, 8.28012466431, 10.8511219025, 13.6683177948, 17.7481193542, 13.5413293839, 14.5328645706, 16.970489502, 23.04529953, 20.7283210754, 23.5335559845, 21.3011417389, 16.9216194153, 23.6890792847, 16.634847641, 14.1346664429, 15.684548378, 12.0959911346, 10.3461551666, 7.00728750229, 3.97968387604, 3.82704329491, 2.65257120132, 1.33807134628, 1.1712975502, 0.825349032879, 0.317753970623, 0.19620642066, 0.0974916666746, 0.0314856544137, 0.0125417895615, 0.0075922831893, 0.00252131093293, 0.000887912756298, 0.000261057313764, 4.19819625677e-05, 1.52609045472e-05, 2.75775819318e-05]}, "spectral_strongpeak": {"dmean2": 0.465607374907, "median": 0.321148246527, "min": 0, "dvar2": 0.745362043381, "dvar": 0.284931957722, "dmean": 0.27118897438, "max": 9.34560108185, "var": 0.506780982018, "mean": 0.497004240751}, "spectral_energy": {"dmean2": 0.0113205937669, "median": 0.0132317915559, "min": 6.53167148812e-07, "dvar2": 0.000385497754905, "dvar": 0.000120840777527, "dmean": 0.00672985473648, "max": 0.237999528646, "var": 0.000929267436732, "mean": 0.0245188754052}, "average_loudness": 0.0528506711125, "spectral_rolloff": {"dmean2": 168.082595825, "median": 366.064453125, "min": 21.533203125, "dvar2": 58130.1796875, "dvar": 22366.3320313, "dmean": 95.8823928833, "max": 3337.64648438, "var": 162133.453125, "mean": 504.016235352}, "spectral_centroid": {"dmean2": 106.094322205, "median": 356.026000977, "min": 80.3817977905, "dvar2": 19303.9257813, "dvar": 7452.66308594, "dmean": 64.9803161621, "max": 2508.76757813, "var": 106810.882813, "mean": 471.598205566}, "pitch_salience": {"dmean2": 0.124124668539, "median": 0.596400380135, "min": 0.0436535403132, "dvar2": 0.0111348312348, "dvar": 0.0037986356765, "dmean": 0.0728692412376, "max": 0.833807110786, "var": 0.0179987959564, "mean": 0.569166123867}, "spectral_energyband_middle_high": {"dmean2": 0.0007995259366, "median": 0.000371610280126, "min": 8.19775447525e-09, "dvar2": 3.17637318403e-06, "dvar": 1.76130993168e-06, "dmean": 0.000593750330154, "max": 0.0621091835201, "var": 2.88714345515e-05, "mean": 0.00302785052918}, "spectral_contrast_coeffs": {"dmean2": [0.0861883461475, 0.0645490214229, 0.0448986813426, 0.0321362875402, 0.0248390026391, 0.0224402397871], "median": [-0.639589428902, -0.748829126358, -0.77785640955, -0.785147666931, -0.802011609077, -0.821666836739], "min": [-0.943526268005, -0.956356108189, -0.969661414623, -0.959191322327, -0.95042681694, -0.937746703625], "dvar2": [0.00467832712457, 0.00252043642104, 0.00124174286611, 0.000624584325124, 0.000429526931839, 0.000402649457101], "dvar": [0.00156877411064, 0.000905830878764, 0.000481074908748, 0.000255816732533, 0.00017100785044, 0.000140902920975], "dmean": [0.0507414005697, 0.0390817299485, 0.0274361837655, 0.0199490599334, 0.0153701752424, 0.0132996793836], "max": [-0.390398293734, -0.505670070648, -0.570062041283, -0.542955815792, -0.562209665775, -0.58222424984], "var": [0.00697364006191, 0.00520221935585, 0.00493763107806, 0.00566254137084, 0.00782173871994, 0.00492578279227], "mean": [-0.646639466286, -0.751662254333, -0.781619548798, -0.79113048315, -0.782941102982, -0.803731501102]}, "melbands_skewness": {"dmean2": 0.984305262566, "median": 1.7663435936, "min": -0.516666829586, "dvar2": 2.55751824379, "dvar": 0.878664374352, "dmean": 0.590756773949, "max": 23.7145195007, "var": 4.54323768616, "mean": 2.23393678665}, "spectral_spread": {"dmean2": 434152.9375, "median": 1300497, "min": 299958.28125, "dvar2": 196940398592, "dvar": 110081024000, "dmean": 250567.984375, "max": 27518364, "var": 1130254827520.0, "mean": 1598333.625}, "dissonance": {"dmean2": 0.0577179640532, "median": 0.429124027491, "min": 0.176709279418, "dvar2": 0.00267255073413, "dvar": 0.000969417684246, "dmean": 0.0339607410133, "max": 0.499915421009, "var": 0.00304776779376, "mean": 0.417820364237}, "spectral_skewness": {"dmean2": 1.64071297646, "median": 4.97231960297, "min": 1.23687124252, "dvar2": 2.45963597298, "dvar": 0.838834822178, "dmean": 0.952565491199, "max": 15.9186878204, "var": 8.29428195953, "mean": 5.33897161484}, "spectral_flux": {"dmean2": 0.021551432088, "median": 0.0522195622325, "min": 0.000478312431369, "dvar2": 0.000491595943458, "dvar": 0.000199956848519, "dmean": 0.0134197641164, "max": 0.266907989979, "var": 0.00157937221229, "mean": 0.0609648711979}, "spectral_contrast_valleys": {"dmean2": [0.671749413013, 0.490101784468, 0.395041972399, 0.301080584526, 0.218718975782, 0.270444154739], "median": [-7.08648824692, -6.79951095581, -7.91359519958, -9.05873394012, -10.5817956924, -13.6778888702], "min": [-13.4383487701, -13.649477005, -13.5673274994, -14.1288995743, -14.9819955826, -16.1230201721], "dvar2": [0.284032016993, 0.142401903868, 0.0932419896126, 0.0542265735567, 0.0303536355495, 0.0975659042597], "dvar": [0.0957882776856, 0.0522677525878, 0.0353268943727, 0.0215623304248, 0.0153839895502, 0.0364330150187], "dmean": [0.390562236309, 0.295330047607, 0.237918525934, 0.186463952065, 0.141370475292, 0.167766660452], "max": [-4.97359848022, -4.52465629578, -5.20470952988, -6.11285924911, -7.3864812851, -11.0842981339], "var": [1.45930254459, 3.17648434639, 3.52818655968, 3.22727060318, 2.50908708572, 1.50919079781], "mean": [-7.27563428879, -7.27356481552, -8.33736038208, -9.32396125793, -10.5974416733, -13.6624832153]}, "erbbands_flatness_db": {"dmean2": 0.0211356207728, "median": 0.288556814194, "min": 0.0669598951936, "dvar2": 0.000477166613564, "dvar": 0.000189375161426, "dmean": 0.0135794552043, "max": 0.510782778263, "var": 0.00565703818575, "mean": 0.276088297367}, "spectral_energyband_high": {"dmean2": 3.14147073368e-05, "median": 3.04988645894e-07, "min": 2.01306371572e-09, "dvar2": 8.68934435516e-09, "dvar": 3.31162697265e-09, "dmean": 1.9405151761e-05, "max": 0.00121704442427, "var": 1.31753763455e-08, "mean": 4.71313869639e-05}, "spectral_entropy": {"dmean2": 0.220516249537, "median": 5.99293613434, "min": 3.04373955727, "dvar2": 0.0444014333189, "dvar": 0.0171857159585, "dmean": 0.139265656471, "max": 8.51618766785, "var": 0.703562438488, "mean": 6.00218248367}, "silence_rate_20dB": {"dmean2": 0, "median": 1, "min": 1, "dvar2": 0, "dvar": 0, "dmean": 0, "max": 1, "var": 0, "mean": 1}, "melbands_flatness_db": {"dmean2": 0.0426261499524, "median": 0.426299214363, "min": 0.132411181927, "dvar2": 0.00171960017178, "dvar": 0.00060014607152, "dmean": 0.0255348552018, "max": 0.895991504192, "var": 0.0227172840387, "mean": 0.431235104799}, "barkbands": {"dmean2": [0.00121447478887, 0.0052860705182, 0.0038095030468, 0.00287564774044, 0.00323219900019, 0.00135823362507, 0.00090238917619, 0.000543266942259, 0.000532540900167, 0.000308723392664, 0.000235170708038, 0.000373144837795, 0.000167451958987, 0.000231688318308, 0.000176338842721, 0.000147261031088, 0.00010163418483, 4.83616786369e-05, 6.83424441377e-05, 3.53685027221e-05, 2.85181431536e-05, 5.15953752256e-06, 5.98195947532e-06, 5.81812230394e-07, 3.50352223677e-07, 7.8790613145e-08, 8.73042615979e-09], "median": [0.000281190034002, 0.00136192305945, 0.0012009809725, 0.00114107877016, 0.0021959641017, 0.000970092136413, 0.000423068879172, 0.000187737532542, 0.000252839789027, 0.000124515892821, 3.97054172936e-05, 4.4362313929e-05, 3.19851642416e-05, 2.18092245632e-05, 8.97179506865e-06, 6.11927498539e-06, 1.78422487807e-06, 7.50699314267e-07, 4.51927348877e-07, 2.08997661844e-07, 9.26104348764e-08, 3.95268031639e-08, 2.29712853184e-08, 1.57200830131e-08, 1.49490233525e-08, 7.60305240988e-09, 2.51775578164e-09], "min": [2.19368185839e-08, 9.67080993064e-08, 4.58797755343e-09, 3.19568949081e-09, 2.68050870389e-09, 1.36730915479e-09, 3.94884652755e-10, 4.16812806492e-10, 1.54380463968e-09, 6.15452466768e-10, 3.38735123284e-10, 3.63041818829e-10, 2.05044273227e-10, 3.20570708867e-10, 3.69463348804e-10, 3.3035663094e-10, 3.53573309519e-10, 1.43742837078e-10, 1.18304088748e-10, 1.17851964299e-10, 9.17848852477e-11, 9.89072643232e-11, 1.009119871e-10, 1.59458252158e-10, 1.92024326995e-10, 3.17532944383e-10, 5.28756816109e-10], "dvar2": [6.32589308225e-06, 0.000142018543556, 7.57709640311e-05, 3.52504030161e-05, 2.69516476692e-05, 7.49638047637e-06, 3.51969310941e-06, 1.23445772715e-06, 1.3837983488e-06, 4.90837010148e-07, 3.88476053104e-07, 9.50316859871e-07, 2.07294746701e-07, 4.59736185121e-07, 3.7632423755e-07, 1.85381949791e-07, 1.0687546137e-07, 1.9545513652e-08, 6.6976859614e-08, 1.63705031753e-08, 7.98404631297e-09, 3.42319589341e-10, 8.22784895771e-10, 8.2850566685e-12, 1.96350726477e-12, 7.24595351168e-14, 1.64455332473e-15], "dvar": [2.03186709768e-06, 4.22900957346e-05, 2.30900732276e-05, 1.17922063509e-05, 9.63288403e-06, 2.52249628829e-06, 1.19474418625e-06, 5.41548786259e-07, 6.93565482379e-07, 2.97575894592e-07, 2.52588904459e-07, 5.00604699027e-07, 1.06482985984e-07, 2.69231122729e-07, 1.77343068231e-07, 7.9543241327e-08, 4.44233698715e-08, 8.16861600583e-09, 2.53613610113e-08, 7.05545177837e-09, 2.92012791725e-09, 1.31842689544e-10, 2.90650364887e-10, 2.78855606141e-12, 6.80221287283e-13, 2.84454636224e-14, 7.5866046462e-16], "dmean": [0.00068029994145, 0.00296213943511, 0.00220182724297, 0.00173169153277, 0.00194327230565, 0.000828929478303, 0.000534642662387, 0.000357213284587, 0.000377906835638, 0.000230376448599, 0.000172208136064, 0.000270992284641, 0.000117847426736, 0.00017264696362, 0.000122143683257, 9.46820291574e-05, 6.71851303196e-05, 3.03975175484e-05, 4.18948402512e-05, 2.18986406253e-05, 1.72148993443e-05, 3.21002244164e-06, 3.52562074113e-06, 3.52640171286e-07, 2.09068247159e-07, 4.94613772162e-08, 5.38810684958e-09], "max": [0.0464791357517, 0.137385770679, 0.0826324671507, 0.0666388869286, 0.0710718929768, 0.064633756876, 0.0221352316439, 0.0199664290994, 0.0334699526429, 0.0250778514892, 0.0218306984752, 0.027940036729, 0.00959252286702, 0.0138640506193, 0.0141732124612, 0.00550054805353, 0.00398001354188, 0.0026067122817, 0.00550345843658, 0.00223419675604, 0.000977864838205, 0.000384712097002, 0.000422968150815, 3.76485259039e-05, 2.1897321858e-05, 4.29385181633e-06, 1.54858730639e-06], "var": [1.23309264382e-05, 0.00012025754404, 3.66710264643e-05, 3.39302278007e-05, 2.66501647275e-05, 1.08225394797e-05, 3.54392750523e-06, 2.49753361459e-06, 4.54368546343e-06, 1.84177827123e-06, 1.40150564221e-06, 2.31910212278e-06, 4.83280132357e-07, 9.63153183875e-07, 5.62307491236e-07, 1.87110870797e-07, 9.90314248384e-08, 3.09603791493e-08, 4.20440251503e-08, 1.47144936236e-08, 5.6878639576e-09, 4.64191018956e-10, 4.76282513429e-10, 6.20942273294e-12, 2.05243873112e-12, 1.25552386955e-13, 1.93896831879e-15], "mean": [0.00106960791163, 0.00475477613509, 0.00323454593308, 0.00325521477498, 0.0039281649515, 0.00200548069552, 0.00113141420297, 0.000855360936839, 0.0011034598574, 0.000656432996038, 0.000437940296251, 0.0006736891