{"tonal": {"thpcp": [1, 0.806764900684, 0.637089729309, 0.5323985219, 0.394945889711, 0.36116322875, 0.341613471508, 0.270101964474, 0.318557828665, 0.392897963524, 0.388218581676, 0.644719600677, 0.962509632111, 0.77709788084, 0.62461233139, 0.887937426567, 0.807104766369, 0.461244851351, 0.395742475986, 0.396103322506, 0.465127557516, 0.595306098461, 0.54273879528, 0.503491580486, 0.559441387653, 0.421786725521, 0.368388652802, 0.469180822372, 0.399541437626, 0.406901150942, 0.542582690716, 0.449033677578, 0.391518980265, 0.654617965221, 0.75029861927, 0.859284579754], "hpcp": {"dmean2": [0.159635081887, 0.147233366966, 0.161943078041, 0.189194425941, 0.181368544698, 0.152758330107, 0.161504074931, 0.151425763965, 0.140119165182, 0.150896564126, 0.145930573344, 0.149546012282, 0.182594165206, 0.176735788584, 0.169425785542, 0.208817735314, 0.26845780015, 0.318715721369, 0.3082472682, 0.32255974412, 0.331278800964, 0.280806481838, 0.212577655911, 0.194652885199, 0.17783972621, 0.142835065722, 0.162293300033, 0.188879564404, 0.198819592595, 0.248130127788, 0.267976522446, 0.258549690247, 0.246819272637, 0.238917306066, 0.227033138275, 0.190634086728], "median": [0.0302594099194, 0.0298278443515, 0.0426287911832, 0.0601262003183, 0.0610543340445, 0.049845635891, 0.03919390589, 0.0304632596672, 0.0279864110053, 0.0317631438375, 0.029986076057, 0.031854711473, 0.0360851809382, 0.0352301746607, 0.0373526848853, 0.0469832606614, 0.0706011354923, 0.0978896096349, 0.105027534068, 0.0912517830729, 0.0419098325074, 0.0261035617441, 0.0230430029333, 0.0209529735148, 0.0205001346767, 0.0182058662176, 0.023491891101, 0.03040766716, 0.0336037278175, 0.0464440137148, 0.0656325742602, 0.0655556619167, 0.0614368095994, 0.0567742139101, 0.0588957630098, 0.0450380668044], "min": [0, 0, 0, 0, 0, 0, 0, 0, 0, 0, 0, 0, 0, 0, 0, 0, 0, 0, 0, 0, 0, 0, 0, 0, 0, 0, 0, 0, 0, 0, 0, 0, 0, 0, 0, 0], "dvar2": [0.0726501122117, 0.0684181377292, 0.0669577121735, 0.0902824401855, 0.0761994794011, 0.0558265782893, 0.0820539146662, 0.0738552957773, 0.0613595880568, 0.0735146105289, 0.0636602267623, 0.0688357129693, 0.08731456846, 0.0841179937124, 0.0772486925125, 0.103228121996, 0.1363645643, 0.154418095946, 0.142517790198, 0.153704151511, 0.198113083839, 0.16378955543, 0.127556428313, 0.113550372422, 0.10138451308, 0.0758713930845, 0.0895320177078, 0.104274071753, 0.110107570887, 0.125745773315, 0.139638930559, 0.124903142452, 0.123824238777, 0.122257553041, 0.104336820543, 0.0873794183135], "dvar": [0.0266998149455, 0.0253637246788, 0.0253784302622, 0.0357432998717, 0.0293995309621, 0.0223373081535, 0.0319976769388, 0.0264039691538, 0.0225602537394, 0.0292409323156, 0.0241003595293, 0.0254100449383, 0.035136770457, 0.0308490432799, 0.0268974602222, 0.0386550016701, 0.0487267673016, 0.0551742613316, 0.0558571480215, 0.0552442483604, 0.0704345107079, 0.0603272803128, 0.0454960390925, 0.0411507487297, 0.0370667465031, 0.0275363605469, 0.0321807451546, 0.0376022383571, 0.0397011935711, 0.0450757108629, 0.0552984513342, 0.0455032549798, 0.0454366840422, 0.0483419150114, 0.0410570725799, 0.0317494980991], "dmean": [0.0902841836214, 0.0836112722754, 0.0938393250108, 0.110265038908, 0.106160543859, 0.0907650440931, 0.0930954292417, 0.0858675017953, 0.0809820368886, 0.0869858264923, 0.0844351500273, 0.0853523015976, 0.103508576751, 0.100858010352, 0.0949511677027, 0.119652174413, 0.149589076638, 0.178741037846, 0.174876466393, 0.182131335139, 0.183683216572, 0.154623791575, 0.117544867098, 0.107111804187, 0.0970173329115, 0.0787835121155, 0.0892082750797, 0.104831635952, 0.109871864319, 0.139189004898, 0.151492968202, 0.14765521884, 0.138550400734, 0.138182103634, 0.130662068725, 0.107416532934], "max": [1, 1, 1, 1, 1, 1, 1, 1, 1, 1, 1, 1, 1, 1, 1, 1, 1, 1, 1, 1, 1, 1, 1, 1, 1, 1, 1, 1, 1, 1, 1, 1, 1, 1, 1, 1], "var": [0.0329588018358, 0.0366550125182, 0.0347629673779, 0.0537726134062, 0.0404309555888, 0.0362821817398, 0.0634855180979, 0.0333998128772, 0.0290215779096, 0.0525615885854, 0.0327519290149, 0.0325615033507, 0.0614875070751, 0.0384981743991, 0.0250636152923, 0.0702699869871, 0.0715570673347, 0.076424613595, 0.10189563036, 0.0689367055893, 0.0651574879885, 0.0597314983606, 0.0393731221557, 0.0349543392658, 0.0334801897407, 0.0211461111903, 0.0253850910813, 0.0343525074422, 0.0318302549422, 0.0562374815345, 0.113829724491, 0.0705195739865, 0.0509721338749, 0.105966538191, 0.086342766881, 0.0315599665046], "mean": [0.102290153503, 0.102383419871, 0.120224565268, 0.153872668743, 0.140285253525, 0.130140766501, 0.144602477551, 0.10902197659, 0.0952198281884, 0.121272243559, 0.103272095323, 0.105174407363, 0.14024490118, 0.116064675152, 0.101198479533, 0.169203400612, 0.193934604526, 0.222104921937, 0.258476555347, 0.208529815078, 0.164672762156, 0.13761253655, 0.102084256709, 0.0933522284031, 0.0882990732789, 0.0698150247335, 0.082339733839, 0.101554915309, 0.100345402956, 0.166644901037, 0.248786181211, 0.20086158812, 0.161447644234, 0.229511007667, 0.208617657423, 0.119220979512]}, "tuning_equal_tempered_deviation": 0.110360972583, "chords_changes_rate": 0.0849820151925, "key_key": "G#", "tuning_diatonic_strength": 0.614007949829, "key_scale": "minor", "chords_number_rate": 0.00674460409209, "tuning_frequency": 438.984558105, "tuning_nontempered_energy_ratio": 0.820397615433, "chords_histogram": [13.4442443848, 5.44064760208, 1.52877700329, 0.08992806077, 0.899280548096, 1.4838129282, 0, 18.3453235626, 5.44064760208, 10.6115112305, 17.3111515045, 0.53956836462, 1.88848924637, 0, 0, 1.16906476021, 3.2823741436, 9.98201465607, 0.044964030385, 3.82194232941, 0, 0.26978418231, 2.0683453083, 2.33812952042], "key_strength": 0.792395591736, "chords_key": "G#", "chords_strength": {"dmean2": 0.01308975555, "median": 0.538723945618, "min": -1, "dvar2": 0.0016065541422, "dvar": 0.000944731233176, "dmean": 0.0113811139017, "max": 0.778081119061, "var": 0.016503199935, "mean": 0.526503443718}, "chords_scale": "major", "hpcp_entropy": {"dmean2": 1.17546987534, "median": 2.30293273926, "min": 0, "dvar2": 0.962995350361, "dvar": 0.369306504726, "dmean": 0.707482635975, "max": 4.58885383606, "var": 0.949620008469, "mean": 2.32022118568}}, "metadata": {"audio_properties": {"equal_loudness": 0, "codec": "aac", "downmix": "mix", "sample_rate": 44100, "analysis_sample_rate": 44100, "bit_rate": 257812, "md5_encoded": "1e944984a9625d1d9df52ecb45d9bda9", "length": 103.21269989, "replay_gain": -13.6322898865, "lossless": false}, "version": {"essentia_build_sha": "c0e182ba78c2de26e491b7b7a4a2c98c1ed34208", "essentia": "2.1-beta2", "extractor": "music 1.0", "essentia_git_sha": "v2.1_beta2-2-gbb40004"}, "tags": {"title": ["Rupert the Bear"], "barcode": ["5014438716728"], "media": ["CD"], "language": ["English"], "musicbrainz_recordingid": ["161b9971-edf3-47df-9b21-9fef85239397"], "musicbrainz_albumartistid": ["c1c10a2a-241a-403a-a020-61545f31d374"], "discnumber": ["1/1"], "album": ["Singles 83/84"], "catalognumber": ["RRCD 167"], "file_name": "06 Rupert the Bear.m4a", "compilation": ["0"], "date": ["1992"], "genre": ["Punk"], "musicbrainz_releasegroupid": ["f33e2086-2644-38a2-8a9c-46e976e86d02"], "script": ["Latin"], "asin": ["B0000005TW"], "musicbrainz_albumid": ["c29c428a-cf02-37e6-b88a-d2f9036395bd"], "artist": ["The Toy Dolls"], "artistsort": ["Toy Dolls, The"], "tracknumber": ["6/7"], "label": ["Receiver Records"], "albumartistsort": ["Toy Dolls, The"], "musicbrainz_artistid": ["c1c10a2a-241a-403a-a020-61545f31d374"]}}, "rhythm": {"bpm_histogram_first_peak_bpm": {"dmean2": 0, "median": 161, "min": 161, "dvar2": 0, "dvar": 0, "dmean": 0, "max": 161, "var": 0, "mean": 161}, "bpm": 163.353286743, "bpm_histogram_second_peak_spread": {"dmean2": 0, "median": 0, "min": 0, "dvar2": 0, "dvar": 0, "dmean": 0, "max": 0, "var": 0, "mean": 0}, "bpm_histogram_first_peak_weight": {"dmean2": 0, "median": 0.417582422495, "min": 0.417582422495, "dvar2": 0, "dvar": 0, "dmean": 0, "max": 0.417582422495, "var": 0, "mean": 0.417582422495}, "onset_rate": 3.64255285263, "beats_position": [0.417959183455, 0.847528338432, 1.27709746361, 1.69505667686, 2.11301589012, 2.51936507225, 2.93732428551, 3.35528349876, 3.76163268089, 4.17959165573, 4.59755086899, 5.01551008224, 5.42185926437, 5.8282084465, 6.23455762863, 6.64090681076, 7.04725599289, 7.4303855896, 7.81351470947, 8.20825386047, 8.59138298035, 8.96290206909, 9.34603118896, 9.72916126251, 10.1122903824, 10.4954195023, 10.8553285599, 11.2152376175, 11.5867567062, 11.9582767487, 12.3181858063, 12.6780948639, 13.0496139526, 13.4211339951, 13.7810430527, 14.1409521103, 14.512471199, 14.8723802567, 15.2322902679, 15.5921993256, 15.9521083832, 16.3004074097, 16.6603164673, 17.0202255249, 17.391746521, 17.7516555786, 18.1115646362, 18.483083725, 18.8546028137, 19.2261219025, 19.5976409912, 19.96916008, 20.3406791687, 20.7354183197, 21.1301574707, 21.5248966217, 21.9312477112, 22.3143768311, 22.6858959198, 23.0574150085, 23.4289340973, 23.800453186, 24.1719722748, 24.5318813324, 24.9034004211, 25.2633094788, 25.6348285675, 26.0063495636, 26.3778686523, 26.7493877411, 27.1209068298, 27.4924259186, 27.8755550385, 28.2354640961, 28.6069831848, 28.9668922424, 29.3268013, 29.7215423584, 30.1162815094, 30.4994106293, 30.8825397491, 31.2772789001, 31.6720180511, 32.0667572021, 32.4614944458, 32.8330154419, 33.204536438, 33.5876655579, 33.9591827393, 34.3307037354, 34.7022209167, 35.0737419128, 35.4568710327, 35.8167800903, 36.1766891479, 36.5365982056, 36.8965072632, 37.2680282593, 37.6395454407, 38.0110664368, 38.3825836182, 38.7541046143, 39.1256217957, 39.4971427917, 39.8454399109, 40.216960907, 40.5884780884, 40.9483909607, 41.3083000183, 41.6798171997, 42.0281181335, 42.3880271912, 42.7479362488, 43.1078453064, 43.467754364, 43.8276634216, 44.1875724792, 44.5590934753, 44.9306106567, 45.3021316528, 45.6736488342, 46.0451698303, 46.439907074, 46.8346481323, 47.229385376, 47.6125144958, 48.0072555542, 48.3903846741, 48.7619056702, 49.1334228516, 49.4933319092, 49.8532409668, 50.2015419006, 50.573059082, 50.9445800781, 51.3160972595, 51.6876182556, 52.0591392517, 52.4422683716, 52.8253974915, 53.1969146729, 53.5684356689, 53.9399528503, 54.3114738464, 54.6829910278, 55.0429000854, 55.4028091431, 55.7975502014, 56.1690673828, 56.5289802551, 56.8888893127, 57.2604064941, 57.6319274902, 57.9686164856, 58.305305481, 58.6303825378, 58.9554634094, 59.2921524048, 59.6636734009, 60.0351905823, 60.4183197021, 60.801448822, 61.1845779419, 61.556098938, 61.9276161194, 62.2991371155, 62.6822662354, 63.0537872314, 63.4136962891, 63.7852134705, 64.1451263428, 64.5050354004, 64.864944458, 65.2248535156, 65.5847625732, 65.9446716309, 66.3045806885, 66.6644897461, 67.0243988037, 67.3843078613, 67.7326049805, 68.0809020996, 68.4524230957, 68.8239440918, 69.1838531494, 69.543762207, 69.9152832031, 70.2868041992, 70.6583175659, 71.029838562, 71.4013595581, 71.7728805542, 72.1444015503, 72.5275268555, 72.9222640991, 73.3053970337, 73.6769180298, 74.0484313965, 74.4315643311, 74.8146896362, 75.1862106323, 75.5577316284, 75.9292526245, 76.3007659912, 76.6606826782, 77.0205917358, 77.3921051025, 77.7636260986, 78.1351470947, 78.4950561523, 78.85496521, 79.2264862061, 79.5979995728, 79.9695205688, 80.3410415649, 80.7009506226, 81.0724716187, 81.4439926147, 81.8271179199, 82.198638916, 82.5701599121, 82.9416732788, 83.3015823364, 83.661491394, 84.0330123901, 84.4045333862, 84.7760543823, 85.1475753784, 85.5190887451, 85.8906097412, 86.2621307373, 86.6336517334, 87.0051651001, 87.3650741577, 87.7249908447, 88.0965042114, 88.44480896, 88.8163223267, 89.1762313843, 89.5361404419, 89.907661438, 90.2791824341, 90.6507034302, 91.0222167969, 91.393737793, 91.7652587891, 92.1135559082, 92.4734649658, 92.8565979004, 93.2281188965, 93.5880279541, 93.9827651978, 94.3775024414, 94.760635376, 95.1437606812, 95.5268936157, 95.9100189209, 96.2931518555, 96.6995010376, 97.1058502197, 97.5121994019, 97.918548584, 98.3132858276, 98.7196350098, 99.1259841919, 99.5091171265, 99.9038543701, 100.298591614, 100.693328857, 101.08807373, 101.482810974, 101.877548218, 102.2838974, 102.690246582], "beats_loudness": {"dmean2": 0.0216826312244, "median": 0.0303939171135, "min": 8.69706529016e-10, "dvar2": 0.000439903407823, "dvar": 0.000147901213495, "dmean": 0.012910977006, "max": 0.094792701304, "var": 0.000243613569182, "mean": 0.0303617119789}, "danceability": 1.11311888695, "bpm_histogram_second_peak_weight": {"dmean2": 0, "median": 0.230769231915, "min": 0.230769231915, "dvar2": 0, "dvar": 0, "dmean": 0, "max": 0.230769231915, "var": 0, "mean": 0.230769231915}, "beats_count": 274, "bpm_histogram_second_peak_bpm": {"dmean2": 0, "median": 167, "min": 167, "dvar2": 0, "dvar": 0, "dmean": 0, "max": 167, "var": 0, "mean": 167}, "bpm_histogram_first_peak_spread": {"dmean2": 0, "median": 0.224489808083, "min": 0.224489808083, "dvar2": 0, "dvar": 0, "dmean": 0, "max": 0.224489808083, "var": 0, "mean": 0.224489808083}, "beats_loudness_band_ratio": {"dmean2": [0.286963880062, 0.0964173078537, 0.163951739669, 0.210566222668, 0.142060980201, 0.193958878517], "median": [0.465741634369, 0.0390429347754, 0.0314178802073, 0.0670602917671, 0.0929174721241, 0.119487188756], "min": [0.000348142610164, 0.00045698825852, 0.000289049203275, 0.000797039829195, 0.00149631663226, 0.00507646240294], "dvar2": [0.0664261579514, 0.0152487400919, 0.040050290525, 0.0359973795712, 0.024605082348, 0.0442699790001], "dvar": [0.0235721990466, 0.0049548111856, 0.0156542994082, 0.0142518151551, 0.00805360078812, 0.0152406953275], "dmean": [0.16908288002, 0.0532176308334, 0.0904410853982, 0.115706816316, 0.0777911320329, 0.112905249], "max": [0.910822331905, 0.46042445302, 0.819397330284, 0.666773319244, 0.607497155666, 0.688345789909], "var": [0.055864635855, 0.00422238279134, 0.0212312862277, 0.0182676278055, 0.0146952858195, 0.0205842107534], "mean": [0.447048157454, 0.0587716065347, 0.0907654762268, 0.126795276999, 0.13770185411, 0.170414373279]}}, "lowlevel": {"barkbands_spread": {"dmean2": 14.2676506042, "median": 36.5079536438, "min": 1.13744986057, "dvar2": 297.778625488, "dvar": 118.530105591, "dmean": 8.79096794128, "max": 166.179351807, "var": 462.164428711, "mean": 39.4668960571}, "melbands_spread": {"dmean2": 21.7109508514, "median": 35.6658287048, "min": 2.12447547913, "dvar2": 637.748901367, "dvar": 268.118286133, "dmean": 13.7163515091, "max": 266.412109375, "var": 852.343505859, "mean": 43.0367164612}, "hfc": {"dmean2": 12.6365299225, "median": 27.7554187775, "min": 1.11187209189e-16, "dvar2": 206.983642578, "dvar": 95.6828689575, "dmean": 8.6157541275, "max": 170.45274353, "var": 573.282043457, "mean": 31.6555709839}, "barkbands_kurtosis": {"dmean2": 2.91463756561, "median": -0.26263487339, "min": -1.9818264246, "dvar2": 23.330657959, "dvar": 9.02587032318, "dmean": 1.72311079502, "max": 53.6535301208, "var": 11.9394330978, "mean": 0.78488111496}, "gfcc": {"mean": [-6.64911365509, 52.8698768616, -131.276046753, 58.8919181824, -41.2924575806, 17.3931446075, -22.334733963, 9.1745595932, -27.1190357208, -6.17223787308, -21.2333164215, -5.12900781631, -10.0774555206], "icov": [[0.000211861610296, -0.000349990674295, 0.000467859354103, -0.000509900040925, 0.000589754199609, -0.00089031807147, 0.000791109807324, -0.000799413071945, 0.000959213357419, -0.000859433843289, 0.00128240056802, -0.000888684822712, 0.000536060018931], [-0.000349990674295, 0.00147148338147, -0.000741890398785, 0.00078093126649, -0.000920635124203, 0.00176649435889, -0.00157175399363, 0.00042739379569, -0.0011221539462, 0.00176048802678, -0.00273721828125, 0.002602113178, -0.00144538783934], [0.000467859354103, -0.000741890398785, 0.00215679733083, -0.0013581039384, 0.000801310816314, -0.00271850218996, 0.00213623209856, -0.00196099840105, 0.00130861741491, -0.00265859253705, 0.00427133636549, -0.00357931968756, 0.00233793072402], [-0.000509900040925, 0.00078093126649, -0.0013581039384, 0.00399305205792, -0.00281620305032, 0.000981873134151, -0.000216941320105, 0.00206234143116, -0.0029613415245, 0.0018854145892, -0.00279119820334, 0.00122971227393, 0.000246112816967], [0.000589754199609, -0.000920635124203, 0.000801310816314, -0.00281620305032, 0.00761764962226, -0.00242700567469, 0.000504667754285, -0.00213625910692, 0.00489467661828, -0.00260293693282, 0.00034385282197, 0.00112743733916, -0.000700332515407], [-0.00089031807147, 0.00176649435889, -0.00271850218996, 0.000981873134151, -0.00242700567469, 0.0105528701097, -0.00792172923684, 0.00238664424978, -0.00183164316695, 0.00231262645684, -0.00324523006566, 0.00408570002764, -0.00275378371589], [0.000791109807324, -0.00157175399363, 0.00213623209856, -0.000216941320105, 0.000504667754285, -0.00792172923684, 0.0145393041894, -0.00603025453165, 0.00087978632655, -0.000254631740972, 0.00274165277369, -0.00294128851965, 0.0021434975788], [-0.000799413071945, 0.00042739379569, -0.00196099840105, 0.00206234143116, -0.00213625910692, 0.00238664424978, -0.00603025453165, 0.0147570772097, -0.010140221566, 0.00259515247308, -0.00136112910695, 0.00128600641619, -0.000949709210545], [0.000959213357419, -0.0011221539462, 0.00130861741491, -0.0029613415245, 0.00489467661828, -0.00183164316695, 0.00087978632655, -0.010140221566, 0.0208608936518, -0.0123053444549, 0.00427959067747, -0.00106814096216, -0.00217052502558], [-0.000859433843289, 0.00176048802678, -0.00265859253705, 0.0018854145892, -0.00260293693282, 0.00231262645684, -0.000254631740972, 0.00259515247308, -0.0123053444549, 0.0275388564914, -0.0152919394895, 0.00618665898219, 0.00145418918692], [0.00128240056802, -0.00273721828125, 0.00427133636549, -0.00279119820334, 0.00034385282197, -0.00324523006566, 0.00274165277369, -0.00136112910695, 0.00427959067747, -0.0152919394895, 0.0277365539223, -0.0138467885554, 0.00252687116154], [-0.000888684822712, 0.002602113178, -0.00357931968756, 0.00122971227393, 0.00112743733916, 0.00408570002764, -0.00294128851965, 0.00128600641619, -0.00106814096216, 0.00618665898219, -0.0138467885554, 0.0239806883037, -0.00988862197846], [0.000536060018931, -0.00144538783934, 0.00233793072402, 0.000246112816967, -0.000700332515407, -0.00275378371589, 0.0021434975788, -0.000949709210545, -0.00217052502558, 0.00145418918692, 0.00252687116154, -0.00988862197846, 0.0181718673557]], "cov": [[25868.4746094, 1702.65722656, -569.759887695, 1195.99499512, -636.534606934, 881.840087891, -257.211486816, 399.546875, -459.727478027, -158.671005249, -688.37109375, -90.115524292, -405.778564453], [1702.65722656, 1406.76696777, -281.202178955, -106.231117249, 30.9499549866, -48.863697052, 86.7630615234, 106.015060425, 19.6773376465, -20.7110652924, 28.9178638458, -70.7724304199, 49.8523406982], [-569.759887695, -281.202178955, 1753.34619141, 415.798370361, 72.5419311523, 338.390167236, 47.1614875793, 168.692367554, 116.31729126, 83.3490524292, -126.400283813, 41.7456016541, -131.924423218], [1195.99499512, -106.231117249, 415.798370361, 578.540161133, 115.246353149, 131.3699646, -40.1622543335, 11.4380187988, 4.8585524559, 33.0121498108, -29.3197307587, -0.744937837124, -73.7666625977], [-636.534606934, 30.9499549866, 72.5419311523, 115.246353149, 245.804946899, 44.4354705811, 31.6070137024, -9.40661811829, -17.063123703, 11.1790781021, 28.7397270203, -22.5282840729, 3.14408326149], [881.840087891, -48.863697052, 338.390167236, 131.3699646, 44.4354705811, 307.652893066, 112.000617981, 83.0786514282, 17.927312851, 5.72923135757, -58.1755256653, -10.8997879028, -31.9095287323], [-257.211486816, 86.7630615234, 47.1614875793, -40.1622543335, 31.6070137024, 112.000617981, 174.792816162, 86.9978485107, 47.5706291199, 1.57645857334, -3.01934027672, -8.55928993225, 12.4025478363], [399.546875, 106.015060425, 168.692367554, 11.4380187988, -9.40661811829, 83.0786514282, 86.9978485107, 186.372055054, 94.972114563, 26.6903266907, -23.2626399994, -2.14986038208, -2.23382639885], [-459.727478027, 19.6773376465, 116.31729126, 4.8585524559, -17.063123703, 17.927312851, 47.5706291199, 94.972114563, 144.579910278, 56.3635368347, 17.7198982239, 4.4185500145, 14.2065944672], [-158.671005249, -20.7110652924, 83.3490524292, 33.0121498108, 11.1790781021, 5.72923135757, 1.57645857334, 26.6903266907, 56.3635368347, 81.5172576904, 36.0277862549, 3.03974938393, -8.7758731842], [-688.37109375, 28.9178638458, -126.400283813, -29.3197307587, 28.7397270203, -58.1755256653, -3.01934027672, -23.2626399994, 17.7198982239, 36.0277862549, 108.871582031, 30.795879364, 31.5507030487], [-90.115524292, -70.7724304199, 41.7456016541, -0.744937837124, -22.5282840729, -10.8997879028, -8.55928993225, -2.14986038208, 4.4185500145, 3.03974938393, 30.795879364, 84.7493896484, 32.1661224365], [-405.778564453, 49.8523406982, -131.924423218, -73.7666625977, 3.14408326149, -31.9095287323, 12.4025478363, -2.23382639885, 14.2065944672, -8.7758731842, 31.5507030487, 32.1661224365, 98.1593093872]]}, "spectral_energyband_middle_low": {"dmean2": 0.010829010047, "median": 0.00447658635676, "min": 2.19584241864e-22, "dvar2": 0.000348181842128, "dvar": 0.000128980158479, "dmean": 0.00636586546898, "max": 0.110633067787, "var": 0.000131658380269, "mean": 0.00853051431477}, "melbands_crest": {"dmean2": 5.87804460526, "median": 14.4810352325, "min": 2.15527367592, "dvar2": 35.9735145569, "dvar": 14.0711364746, "dmean": 3.59451556206, "max": 39.4958114624, "var": 35.6274337769, "mean": 15.0506544113}, "spectral_kurtosis": {"dmean2": 2.24827313423, "median": 2.98183107376, "min": -1.20130896568, "dvar2": 10.8886289597, "dvar": 3.49543523788, "dmean": 1.30809640884, "max": 27.3774204254, "var": 7.50066518784, "mean": 3.7204477787}, "spectral_rms": {"dmean2": 0.00140356423799, "median": 0.00473206490278, "min": 3.1337712373e-12, "dvar2": 2.96870985039e-06, "dvar": 1.22506526168e-06, "dmean": 0.000911380862817, "max": 0.0108243692666, "var": 3.61476327271e-06, "mean": 0.0047136573121}, "zerocrossingrate": {"dmean2": 0.0156396124512, "median": 0.08154296875, "min": 0.01708984375, "dvar2": 0.000483013602206, "dvar": 0.000373148854123, "dmean": 0.013006077148, "max": 0.580078125, "var": 0.0024725808762, "mean": 0.0939855724573}, "silence_rate_60dB": {"dmean2": 0.0270026996732, "median": 0, "min": 0, "dvar2": 0.0294260382652, "dvar": 0.0133169172332, "dmean": 0.0134983127937, "max": 1, "var": 0.0597971342504, "mean": 0.0638776421547}, "erbbands_kurtosis": {"dmean2": 1.94351887703, "median": 0.718977093697, "min": -1.72430920601, "dvar2": 4.35503673553, "dvar": 1.94805431366, "dmean": 1.2470138073, "max": 19.405664444, "var": 6.23224592209, "mean": 1.38017618656}, "erbbands": {"dmean2": [0.0566839464009, 1.17092859745, 5.43326473236, 12.5281095505, 21.8539199829, 9.35288524628, 6.53569459915, 3.57924938202, 3.07439231873, 5.31277990341, 25.7176647186, 25.1440086365, 38.8443717957, 36.9437980652, 20.8147010803, 19.0851573944, 12.6281890869, 22.2830791473, 18.7827663422, 27.5602111816, 31.0948619843, 31.2759590149, 29.1352787018, 35.340057373, 32.3610534668, 26.2867794037, 19.448102951, 22.7485980988, 22.5886478424, 10.4091043472, 5.02884244919, 3.17160534859, 1.7488206625, 0.874360442162, 0.412131875753, 0.147788181901, 0.0386580005288, 0.0071199699305, 0.000872244883794, 5.63312787563e-05], "median": [0.0751580744982, 0.840641617775, 2.27528524399, 4.46011781693, 3.5953245163, 2.1937315464, 1.53376793861, 0.8399964571, 1.07179379463, 1.37628829479, 2.09905576706, 3.44154834747, 5.54358100891, 6.03484249115, 6.65523433685, 9.25797939301, 7.86150550842, 10.1935501099, 11.4353141785, 18.2898025513, 23.005821228, 25.4333992004, 24.2402114868, 36.5848770142, 37.0659065247, 26.9335327148, 17.8919448853, 14.9215183258, 8.66885566711, 5.11501312256, 3.06966471672, 2.20243930817, 1.10489654541, 0.54851269722, 0.214156672359, 0.0633588880301, 0.0150423152372, 0.00280344183557, 0.000349611713318, 5.3520729125e-05], "min": [8.17039420652e-22, 6.21215548084e-21, 5.94870895706e-21, 6.2302674243e-21, 7.15624902569e-20, 1.04121178659e-19, 2.9325090754e-19, 2.30367991138e-19, 1.83858326556e-19, 5.75829324021e-19, 5.92752457077e-19, 1.76541394465e-18, 1.35403221061e-18, 1.21061553261e-18, 1.39923690731e-18, 2.21773553555e-18, 1.30355216956e-18, 3.60472985959e-18, 6.60438702727e-18, 6.05940859327e-18, 1.03482478387e-17, 9.36439177352e-18, 1.07448668804e-17, 1.51260926877e-17, 1.44718441083e-17, 1.45489025998e-17, 1.26717981794e-17, 1.18280416945e-17, 1.31138054484e-17, 1.69089828907e-17, 1.32190832065e-17, 1.57094022577e-17, 1.13123144349e-17, 1.12784579325e-17, 9.19155569325e-18, 5.47139939662e-18, 2.8599600107e-18, 1.17410078184e-18, 2.76222050462e-19, 2.98659182405e-20], "dvar2": [0.00854499358684, 5.9445514679, 166.733062744, 488.379943848, 2096.18383789, 418.902191162, 178.495147705, 100.578216553, 101.530822754, 287.935028076, 6046.375, 8752.97070312, 15212.5976562, 9907.97460938, 5063.26708984, 3100.22973633, 829.309326172, 2925.43066406, 1626.66137695, 3508.43408203, 4538.18701172, 3229.71191406, 3873.58007812, 2971.85058594, 1425.11157227, 1065.96313477, 708.096191406, 1391.29443359, 2165.55517578, 459.313140869, 118.785987854, 32.295955658, 12.1623001099, 2.31277871132, 0.490928739309, 0.0647029876709, 0.00433256104589, 0.000127194871311, 1.87971807009e-06, 6.81683820503e-09], "dvar": [0.00331888021901, 2.14457178116, 60.5126342773, 180.977706909, 746.023986816, 148.004776001, 65.3520126343, 46.1952056885, 39.6983642578, 107.628448486, 2366.29296875, 3313.86669922, 6761.8125, 4607.04052734, 2273.00585938, 1218.52893066, 371.96862793, 1198.98156738, 631.24822998, 1568.67883301, 1945.12646484, 1306.01733398, 1511.78149414, 1252.57263184, 577.498901367, 427.92855835, 275.341247559, 574.610961914, 951.300537109, 196.948303223, 48.5024795532, 14.8473587036, 5.42760276794, 1.06303632259, 0.240284830332, 0.0328750424087, 0.00223412713967, 6.86055282131e-05, 9.77284685177e-07, 3.43304651373e-09], "dmean": [0.0345310941339, 0.68363904953, 3.08388066292, 7.3554224968, 11.9753170013, 5.24476909637, 3.74447584152, 2.22730112076, 1.88365018368, 3.17747831345, 15.7472457886, 15.4609289169, 24.9496459961, 25.1081485748, 13.7904310226, 12.3672628403, 8.18651676178, 13.8623580933, 11.7104387283, 18.2027816772, 20.2584724426, 19.6012382507, 18.2314605713, 22.1284370422, 19.8366794586, 16.1776390076, 11.805724144, 13.9390516281, 14.1251783371, 6.64755487442, 3.23897695541, 2.10447049141, 1.16992640495, 0.604886889458, 0.285345286131, 0.105268970132, 0.02786013484, 0.00519759813324, 0.000635956937913, 4.11984183302e-05], "max": [0.950706899166, 13.2984199524, 68.2871170044, 124.210968018, 253.416519165, 98.7493057251, 92.9954376221, 195.904205322, 120.182235718, 195.000289917, 704.786132812, 1075.09655762, 2148.51416016, 1523.32617188, 856.276794434, 832.823181152, 370.757080078, 929.868591309, 591.826416016, 895.859802246, 1358.37805176, 911.445556641, 1123.08093262, 1594.09997559, 381.976104736, 331.387695312, 362.919281006, 442.178863525, 724.987792969, 304.06427002, 134.582977295, 93.1133270264, 63.9131240845, 20.1543445587, 13.5464982986, 3.66564822197, 0.528066337109, 0.0948061794043, 0.0135530102998, 0.000847687595524], "var": [0.00925782974809, 2.47805190086, 45.9858894348, 177.735778809, 522.764160156, 105.647605896, 62.2827911377, 70.5953369141, 40.3147087097, 124.197692871, 2418.1105957, 2881.50170898, 20016.6855469, 11995.2158203, 3092.19555664, 1618.60021973, 703.631530762, 4920.30566406, 1915.25366211, 3314.0612793, 2891.84619141, 2066.77001953, 2543.62719727, 3103.71118164, 1539.95776367, 1130.44873047, 703.379394531, 1814.01928711, 3296.88891602, 670.233093262, 115.595657349, 62.2049598694, 22.9247207642, 4.23486232758, 0.637202680111, 0.0739472284913, 0.00493823597208, 0.000183270487469, 2.76915238828e-06, 1.0367919856e-08], "mean": [0.0978709384799, 1.30034255981, 4.22448921204, 8.9216632843, 10.5884056091, 5.26701307297, 4.1321721077, 2.87293624878, 2.58688807487, 4.43115234375, 19.2462348938, 18.5908737183, 40.577960968, 46.5122795105, 21.2846641541, 21.8760585785, 15.2408943176, 27.5875072479, 23.9327449799, 33.732383728, 36.7970314026, 37.2871055603, 36.276348114, 48.4200973511, 46.9389228821, 36.4378356934, 24.855884552, 28.9569625854, 28.9710540771, 14.1118659973, 6.48610782623, 4.66801786423, 2.58935427666, 1.27746355534, 0.521383464336, 0.17746335268, 0.0466603860259, 0.00904623419046, 0.00109188631177, 8.9767127065e-05]}, "spectral_strongpeak": {"dmean2": 1.10233783722, "median": 0.380129516125, "min": 0, "dvar2": 4.29875230789, "dvar": 1.69411587715, "dmean": 0.640878796577, "max": 16.4671478271, "var": 2.6090798378, "mean": 1.03227078915}, "spectral_energy": {"dmean2": 0.0170673169196, "median": 0.0229522529989, "min": 1.00660351912e-20, "dvar2": 0.00054763269145, "dvar": 0.000214405503357, "dmean": 0.0106030022725, "max": 0.12009613961, "var": 0.000343420688296, "mean": 0.0264792218804}, "average_loudness": 0.932362675667, "spectral_rolloff": {"dmean2": 1493.17333984, "median": 2691.65039062, "min": 21.533203125, "dvar2": 8286321.5, "dvar": 2996231, "dmean": 878.526184082, "max": 22050, "var": 5722506.5, "mean": 2904.91113281}, "spectral_centroid": {"dmean2": 583.672180176, "median": 2441.8737793, "min": 382.126953125, "dvar2": 385418.15625, "dvar": 157036.609375, "dmean": 361.217956543, "max": 11385.9824219, "var": 604069.4375, "mean": 2430.86425781}, "pitch_salience": {"dmean2": 0.122167371213, "median": 0.535421013832, "min": 0.0395046807826, "dvar2": 0.0159139446914, "dvar": 0.0059271575883, "dmean": 0.0749689117074, "max": 0.859656870365, "var": 0.0161173287779, "mean": 0.534729003906}, "spectral_energyband_middle_high": {"dmean2": 0.00353418663144, "median": 0.00547685846686, "min": 1.65774204313e-21, "dvar2": 2.52626396104e-05, "dvar": 1.18918151202e-05, "dmean": 0.00241822330281, "max": 0.0471722632647, "var": 3.89803280996e-05, "mean": 0.00744541408494}, "spectral_contrast_coeffs": {"dmean2": [0.0960302427411, 0.081812441349, 0.0637817010283, 0.0511780567467, 0.0360567457974, 0.032577060163], "median": [-0.644566059113, -0.740710139275, -0.777822375298, -0.784384012222, -0.784337162971, -0.712864160538], "min": [-0.972616791725, -0.968009531498, -0.96962249279, -0.96297121048, -0.956180751324, -0.956760823727], "dvar2": [0.00803720857948, 0.00529717002064, 0.00306680169888, 0.00180100777652, 0.000869359704666, 0.00101428932976], "dvar": [0.00299830315635, 0.00217547197826, 0.00150845036842, 0.000777024251875, 0.000391600333387, 0.000414082460338], "dmean": [0.0579266138375, 0.0518256723881, 0.0417579524219, 0.0323806554079, 0.0225888974965, 0.020460607484], "max": [-0.287722676992, -0.371742904186, -0.372701525688, -0.465559005737, -0.504271030426, -0.597309052944], "var": [0.00805087853223, 0.00863363593817, 0.0101294890046, 0.00695463269949, 0.00417574495077, 0.00214135972783], "mean": [-0.640863060951, -0.730726480484, -0.753499209881, -0.763136565685, -0.768388152122, -0.717843174934]}, "melbands_skewness": {"dmean2": 1.4656624794, "median": 2.13914442062, "min": -3.01094055176, "dvar2": 2.99969005585, "dvar": 1.21652591228, "dmean": 0.913415789604, "max": 12.3121833801, "var": 3.59103918076, "mean": 2.36180877686}, "spectral_spread": {"dmean2": 672489.125, "median": 4135370, "min": 1282914, "dvar2": 807416299520, "dvar": 419148398592, "dmean": 472939.65625, "max": 40093000, "var": 3031270686720.0, "mean": 4199914}, "dissonance": {"dmean2": 0.0170013289899, "median": 0.488497912884, "min": 0.298176199198, "dvar2": 0.000375935371267, "dvar": 0.000155811110744, "dmean": 0.0103192096576, "max": 0.500000119209, "var": 0.000632095267065, "mean": 0.479955166578}, "spectral_skewness": {"dmean2": 0.300044387579, "median": 1.02123296261, "min": -0.0394435040653, "dvar2": 0.110281325877, "dvar": 0.0387716069818, "dmean": 0.18673273921, "max": 4.01990365982, "var": 0.100526206195, "mean": 1.04540038109}, "spectral_flux": {"dmean2": 0.0449559167027, "median": 0.0757670551538, "min": 6.46832656881e-11, "dvar2": 0.00229000067338, "dvar": 0.00120210496243, "dmean": 0.0294013172388, "max": 0.312640488148, "var": 0.00291264103726, "mean": 0.0898478701711}, "spectral_contrast_valleys": {"dmean2": [0.644204676151, 0.63514226675, 0.531799733639, 0.453466653824, 0.340707600117, 0.394725054502], "median": [-7.03576850891, -7.5075302124, -7.41588973999, -7.34137678146, -6.60605049133, -9.47340965271], "min": [-27.2951507568, -27.6541748047, -27.3606185913, -27.2025127411, -27.3447685242, -27.3754081726], "dvar2": [0.359615892172, 0.317135840654, 0.232632696629, 0.184061467648, 0.136900410056, 0.240841075778], "dvar": [0.143794715405, 0.133810341358, 0.111237801611, 0.0962812826037, 0.072161257267, 0.138387396932], "dmean": [0.395009160042, 0.388708382845, 0.339779734612, 0.294712692499, 0.225919738412, 0.301681995392], "max": [-5.62665557861, -5.76908683777, -5.37368249893, -5.99665021896, -5.69061183929, -7.76106643677], "var": [3.9284222126, 2.80834436417, 2.80646729469, 2.64175248146, 2.59899425507, 2.62310528755], "mean": [-7.68660116196, -7.97491598129, -7.86327791214, -7.7819609642, -7.04455471039, -9.95694446564]}, "erbbands_flatness_db": {"dmean2": 0.0243439637125, "median": 0.145720750093, "min": 0.0204713717103, "dvar2": 0.000546084484085, "dvar": 0.000262598361587, "dmean": 0.0165902096778, "max": 0.41553413868, "var": 0.00357108120807, "mean": 0.159809023142}, "spectral_energyband_high": {"dmean2": 0.00125120021403, "median": 0.0012458685087, "min": 7.0409678364e-21, "dvar2": 3.44869999935e-06, "dvar": 1.60523825343e-06, "dmean": 0.000818157219328, "max": 0.0241959560663, "var": 8.87528130988e-06, "mean": 0.0022216886282}, "spectral_entropy": {"dmean2": 0.177843317389, "median": 7.86566495895, "min": 6.17512464523, "dvar2": 0.0294973067939, "dvar": 0.0128304511309, "dmean": 0.115520000458, "max": 9.79702377319, "var": 0.175424218178, "mean": 7.78397464752}, "silence_rate_20dB": {"dmean2": 0, "median": 1, "min": 1, "dvar2": 0, "dvar": 0, "dmean": 0, "max": 1, "var": 0, "mean": 1}, "melbands_flatness_db": {"dmean2": 0.0437544696033, "median": 0.160233557224, "min": 0.00477080000564, "dvar2": 0.00226638419554, "dvar": 0.000847768154927, "dmean": 0.0271340031177, "max": 0.367796570063, "var": 0.00231916434132, "mean": 0.162497535348}, "barkbands": {"dmean2": [5.60076259717e-05, 0.00407740427181, 0.00508745713159, 0.00601017847657, 0.00429442757741, 0.000538023712579, 0.000218796616537, 0.000857072940562, 0.00118818832561, 0.00136040197685, 0.000846206094138, 0.000459184637293, 0.000296976882964, 0.000445077690529, 0.000469388673082, 0.000624435662758, 0.000572263612412, 0.000551839533728, 0.000699978903867, 0.000638001249172, 0.000509522971697, 0.00056983740069, 0.000184247503057, 0.000119117925351, 6.51571681374e-05, 2.46567433351e-05, 5.16164709552e-06], "median": [3.76363095711e-05, 0.00356803205796, 0.00157971982844, 0.00134197343141, 0.00075526710134, 0.000127631501528, 7.51915358705e-05, 6.90671804477e-05, 0.000148614257341, 0.000167557169334, 0.000146739330376, 0.000205532676773, 0.000136989401653, 0.000199663249077, 0.00026018495555, 0.00039980513975, 0.000428544153692, 0.000435298657976, 0.000725514255464, 0.000630672904663, 0.000425917882239, 0.000228030519793, 0.000115273054689, 8.3664606791e-05, 3.90996938222e-05, 9.99557050818e-06, 1.91637354874e-06], "min": [5.38626179704e-24, 3.22133748784e-23, 3.48128656209e-24, 3.5640439875e-24, 4.41779588081e-23, 2.96559603989e-23, 1.93324769425e-23, 3.43812656202e-23, 6.25817871152e-23, 4.16606089963e-23, 3.13025371446e-23, 6.93026295922e-23, 2.76151898589e-23, 1.022847652e-22, 1.13636511491e-22, 2.01522533066e-22, 1.39634728977e-22, 2.7760785183e-22, 2.50685581613e-22, 2.93556397901e-22, 2.73464426189e-22, 4.10021524785e-22, 4.57284819568e-22, 7.34060442075e-22, 1.13510879397e-21, 1.60486387624e-21, 2.21607179099e-21], "dvar2": [5.94842974877e-09, 6.62907550577e-05, 0.000140657779411, 0.000132154862513, 8.69823779794e-05, 1.537635967e-06, 4.68783923679e-07, 7.54569464334e-06, 1.48952112795e-05, 1.61398256751e-05, 8.31282250147e-06, 1.69680765794e-06, 5.39808922895e-07, 9.981375797e-07, 9.13038661565e-07, 1.83793474662e-06, 1.12164423172e-06, 1.21990433399e-06, 7.83172708907e-07, 6.13954568962e-07, 5.0597208201e-07, 1.3391727407e-06, 1.50549993805e-07, 5.29517940606e-08, 1.22677041858e-08, 1.74168190981e-09, 6.63357355157e-11], "dvar": [2.34624364381e-09, 2.39875789703e-05, 5.09874626005e-05, 4.87746438012e-05, 3.07040681946e-05, 6.43326814043e-07, 1.73309786078e-07, 2.90010552817e-06, 5.83240898777e-06, 6.93414676789e-06, 3.82346888728e-06, 6.83247321831e-07, 2.43741283157e-07, 4.05520324875e-07, 3.79549135232e-07, 7.88317265688e-07, 4.58115948732e-07, 4.97007306421e-07, 3.15026227327e-07, 2.5019437544e-07, 1.99225226538e-07, 5.98573876687e-07, 6.26421510219e-08, 2.39244748457e-08, 5.72346525729e-09, 9.1108914857e-10, 3.50964327045e-11], "dmean": [3.61177262675e-05, 0.00239653629251, 0.00289325253107, 0.00347170094028, 0.00234330142848, 0.000323818356264, 0.000131935899844, 0.000511382939294, 0.000731774256565, 0.000878863385879, 0.000565581140108, 0.000297481601592, 0.000190764651052, 0.000274363323115, 0.000299751234706, 0.000402348756324, 0.000355874188244, 0.000349289795849, 0.000432118104072, 0.000391445850255, 0.000311963493004, 0.00035849554115, 0.000119303113024, 8.01082351245e-05, 4.52965941804e-05, 1.77725214598e-05, 3.77686069442e-06], "max": [0.00062002503546, 0.0465756803751, 0.0604681000113, 0.0712266787887, 0.0418983511627, 0.016677679494, 0.00963740982115, 0.0320449881256, 0.038861118257, 0.05543339625, 0.0384099595249, 0.0170266442001, 0.0116244032979, 0.0160214677453, 0.0149114690721, 0.0207098722458, 0.016174197197, 0.0189424231648, 0.0115086501464, 0.0079934541136, 0.00834313035011, 0.0159909483045, 0.00507910829037, 0.00434093270451, 0.00142872985452, 0.000414626760175, 8.87541318662e-05], "var": [8.4595841443e-09, 3.12922893499e-05, 3.83024344046e-05, 4.55772387795e-05, 2.0155648599e-05, 9.80747131507e-07, 1.51667393311e-07, 2.79201481135e-06, 5.74157638766e-06, 1.72758300323e-05, 6.37368339085e-06, 9.08821391477e-07, 6.09376058947e-07, 1.42013823279e-06, 1.04994444428e-06, 1.12426539545e-06, 6.97469033639e-07, 8.06903074135e-07, 8.33734588923e-07, 6.56987481307e-07, 6.17826401594e-07, 2.30319051298e-06, 1.52595163172e-07, 1.06707496172e-07, 1.90785520715e-08, 2.0604733475e-09, 1.00858675578e-10], "mean": [7.73767460487e-05, 0.00501126423478, 0.00357837695628, 0.00375922466628, 0.00205588946119, 0.000410410109907, 0.000173354012077, 0.000611984985881, 0.000871370953973, 0.00145864277147, 0.000866032089107, 0.000497353146784, 0.000311048614094, 0.000491615384817, 0.000571208132897, 0.000673843489494, 0.000638557772618, 0.000645621737931, 0.000941263046116, 0.00085469399346, 0.000653972441796, 0.000771908380557, 0.000241377550992, 0.000186067642062, 9.01862949831e-05, 3.0109709769e-05, 6.50556603432e-06]}, "erbbands_skewness": {"dmean2": 0.60158598423, "median": -0.80370849371, "min": -3.60676193237, "dvar2": 0.325079530478, "dvar": 0.15556819737, "dmean": 0.406642258167, "max": 4.09114646912, "var": 0.863089203835, "mean": -0.691763043404}, "erbbands_spread": {"dmean2": 16.4236736298, "median": 33.7786560059, "min": 2.05931425095, "dvar2": 345.748260498, "dvar": 137.074874878, "dmean": 10.2513046265, "max": 124.273208618, "var": 355.894714355, "mean": 36.5285797119}, "melbands_kurtosis": {"dmean2": 11.8823890686, "median": 4.14000988007, "min": -1.88826286793, "dvar2": 408.993286133, "dvar": 157.214370728, "dmean": 7.02792978287, "max": 158.920471191, "var": 230.966033936, "mean": 9.42351722717}, "melbands": {"dmean2": [0.000791101483628, 0.00232077552937, 0.00251846737228, 0.00113837362733, 0.000234629551414, 8.422164683e-05, 4.4977023208e-05, 7.52606865717e-05, 0.000231134094065, 0.000155727742822, 0.000199124435312, 0.000155055589858, 9.40667523537e-05, 4.52097083325e-05, 4.77852627228e-05, 2.71514363703e-05, 4.6174871386e-05, 3.05670655507e-05, 3.80778583349e-05, 4.49707840744e-05, 3.66447056876e-05, 3.48396933987e-05, 3.19035825669e-05, 2.7661282