{"tonal": {"thpcp": [1, 0.792820096016, 0.557430565357, 0.461397260427, 0.420014709234, 0.399261593819, 0.412216901779, 0.420264929533, 0.47833558917, 0.524662852287, 0.496302396059, 0.508865356445, 0.53557318449, 0.509956300259, 0.509924948215, 0.543103814125, 0.592747330666, 0.687044739723, 0.766266465187, 0.727833509445, 0.646980047226, 0.581085383892, 0.51212978363, 0.556770801544, 0.581240296364, 0.459719479084, 0.407986611128, 0.474831342697, 0.546112000942, 0.743616998196, 0.913953006268, 0.778311669827, 0.602083742619, 0.53737026453, 0.562798500061, 0.835178315639], "hpcp": {"dmean2": [0.491577655077, 0.464463710785, 0.362479150295, 0.273355960846, 0.244636997581, 0.229014262557, 0.221520900726, 0.222816511989, 0.237939342856, 0.250834465027, 0.240776181221, 0.242361620069, 0.245087191463, 0.239687547088, 0.240617707372, 0.253934919834, 0.294385552406, 0.345455765724, 0.362271040678, 0.357993483543, 0.329870820045, 0.305346220732, 0.288380235434, 0.314552813768, 0.336956322193, 0.29132527113, 0.27718064189, 0.30686289072, 0.332908928394, 0.402630537748, 0.45039883256, 0.402753561735, 0.350682199001, 0.338983029127, 0.36859562993, 0.472394734621], "median": [0.251361787319, 0.184379726648, 0.119753845036, 0.100142426789, 0.0854025781155, 0.0963890999556, 0.104397468269, 0.107743874192, 0.124141804874, 0.133572563529, 0.13344720006, 0.141080468893, 0.134293973446, 0.128708407283, 0.144782885909, 0.147833287716, 0.158326908946, 0.190071821213, 0.204873412848, 0.196491226554, 0.173567801714, 0.146948069334, 0.120539307594, 0.131226345897, 0.127434134483, 0.0915054231882, 0.0792522877455, 0.0845700576901, 0.10781172663, 0.191795423627, 0.244982644916, 0.209033936262, 0.149660244584, 0.122597381473, 0.128676846623, 0.205343604088], "min": [0.000167425794643, 0.000389940629248, 0.000112522771815, 0.000239228902501, 0.000315897283144, 0.000141399374115, 0.000146507823956, 0.000149047235027, 0.000385438790545, 0.000625548826065, 0.000355777825462, 0.000306824251311, 0.000210450642044, 0.000166434678249, 0.000576513994019, 0.000534787017386, 0.000301013264107, 0.000443651777459, 0.00082267675316, 0.000698416843079, 0.000266075134277, 0.000357582961442, 0.000230790508795, 0.000152355511091, 0.000263397407252, 0.000307492475258, 0.000159017785336, 0.000300623505609, 0.000200245573069, 0.000467963545816, 0.0029737430159, 0.00360558577813, 0.00430653756484, 0.000247789284913, 0.00013335829135, 0.000127428298583], "dvar2": [0.192968264222, 0.189008444548, 0.158609330654, 0.101341418922, 0.0904426053166, 0.0737920477986, 0.0696072652936, 0.0665001422167, 0.0673885196447, 0.076267644763, 0.0653338357806, 0.0663303285837, 0.0695455521345, 0.067775465548, 0.0616297535598, 0.0701187252998, 0.0818323194981, 0.109991788864, 0.120231077075, 0.114283114672, 0.108734808862, 0.103485636413, 0.102689474821, 0.11501146853, 0.135902404785, 0.124407894909, 0.120650604367, 0.131512492895, 0.13847540319, 0.146586805582, 0.166040316224, 0.147064298391, 0.135084971786, 0.143840283155, 0.150739058852, 0.18687531352], "dvar": [0.0787572935224, 0.072357095778, 0.058364842087, 0.0367030128837, 0.0335742868483, 0.0266117267311, 0.0248460322618, 0.0242273882031, 0.0249627288431, 0.0289146807045, 0.0236115138978, 0.0239635519683, 0.0268740467727, 0.0257962439209, 0.0225040987134, 0.026285296306, 0.0316946990788, 0.0401313491166, 0.0454281531274, 0.0429586358368, 0.040073916316, 0.0382110252976, 0.038449767977, 0.0425585955381, 0.0496742762625, 0.0451633520424, 0.0435391739011, 0.0486267581582, 0.0509966462851, 0.0529304631054, 0.0603258274496, 0.0528325885534, 0.0479144603014, 0.0506057031453, 0.0531674027443, 0.0688503831625], "dmean": [0.282730072737, 0.263458788395, 0.20411503315, 0.156719401479, 0.141611799598, 0.131828159094, 0.128504663706, 0.129068925977, 0.139380529523, 0.146482571959, 0.140862748027, 0.142548084259, 0.144870057702, 0.142426788807, 0.141677841544, 0.151030540466, 0.173639699817, 0.202546387911, 0.212701484561, 0.209001064301, 0.193140223622, 0.177290588617, 0.1658385396, 0.181891262531, 0.193405017257, 0.165049284697, 0.156243994832, 0.173389300704, 0.188716873527, 0.230078041553, 0.258290797472, 0.230327308178, 0.200113341212, 0.190900787711, 0.205890491605, 0.266824275255], "max": [1, 1, 1, 1, 1, 1, 1, 1, 1, 1, 1, 1, 1, 1, 1, 1, 1, 1, 1, 1, 1, 1, 1, 1, 1, 1, 1, 1, 1, 1, 1, 1, 1, 1, 1, 1], "var": [0.12058121711, 0.0900381505489, 0.0608326494694, 0.0441039130092, 0.0422883555293, 0.0293905008584, 0.0289528165013, 0.0299993269145, 0.033957567066, 0.043795324862, 0.0328318700194, 0.0335462875664, 0.0450675562024, 0.040218308568, 0.030176371336, 0.0374993123114, 0.04585827142, 0.0536489449441, 0.0693623349071, 0.0617273934186, 0.0535523369908, 0.0499788559973, 0.0460993908346, 0.0514221899211, 0.0611189417541, 0.0481577925384, 0.040950935334, 0.0559382289648, 0.0607984215021, 0.0692723914981, 0.0922720208764, 0.0723156556487, 0.0550400353968, 0.0523303374648, 0.0548618547618, 0.0920681133866], "mean": [0.389186948538, 0.308555245399, 0.21694470942, 0.179569795728, 0.16346424818, 0.155387401581, 0.160429432988, 0.163561627269, 0.186161965132, 0.204191923141, 0.193154409528, 0.198043763638, 0.208438098431, 0.198468327522, 0.198456123471, 0.211368918419, 0.230689525604, 0.267388850451, 0.298220902681, 0.283263295889, 0.25179618597, 0.226150855422, 0.199314236641, 0.216687932611, 0.22621114552, 0.178916826844, 0.158783063293, 0.184798166156, 0.212539672852, 0.28940603137, 0.35569858551, 0.302908748388, 0.234323129058, 0.209137484431, 0.219033822417, 0.325040489435]}, "tuning_equal_tempered_deviation": 0.155305728316, "chords_changes_rate": 0.0784278213978, "key_key": "G", "tuning_diatonic_strength": 0.499816924334, "key_scale": "minor", "chords_number_rate": 0.00199239258654, "tuning_frequency": 436.204162598, "tuning_nontempered_energy_ratio": 0.860308945179, "chords_histogram": [0.597717821598, 0, 6.01340341568, 0.072450645268, 2.11918139458, 6.88281106949, 0.633943140507, 0.778844416142, 0.81506973505, 11.5558776855, 1.15921032429, 2.53577256203, 0.996196329594, 0.507154524326, 1.24977362156, 2.46332192421, 0.434703856707, 0, 0, 0, 0, 6.59300851822, 52.1101264954, 2.48143458366], "key_strength": 0.438010036945, "chords_key": "C", "chords_strength": {"dmean2": 0.0155808329582, "median": 0.492532432079, "min": 0.266059041023, "dvar2": 0.00015872689255, "dvar": 0.00010267306061, "dmean": 0.0126374801621, "max": 0.828410327435, "var": 0.0101806223392, "mean": 0.500978589058}, "chords_scale": "minor", "hpcp_entropy": {"dmean2": 1.04263162613, "median": 3.46306395531, "min": 0.101885601878, "dvar2": 0.720158517361, "dvar": 0.251218557358, "dmean": 0.606384456158, "max": 4.67164230347, "var": 0.436807781458, "mean": 3.34535741806}}, "metadata": {"audio_properties": {"equal_loudness": 0, "codec": "mp3", "downmix": "mix", "sample_rate": 44100, "analysis_sample_rate": 44100, "bit_rate": 320033, "md5_encoded": "e3ab54da273ac8acdaee240af61b7a36", "length": 256.339599609, "replay_gain": -14.830450058, "lossless": false}, "version": {"essentia_build_sha": "70f2e5ece6736b2c40cc944ad0e695b16b925413", "essentia": "2.1-beta2", "extractor": "music 1.0", "essentia_git_sha": "v2.1_beta2"}, "tags": {"title": ["Ethereal Misery"], "media": ["CD"], "albumartist": ["Incantation"], "musicbrainz_recordingid": ["161f8a99-3de2-462e-ba62-4addd992cbfc"], "originalyear": ["2001"], "discnumber": ["1/1"], "album": ["Live: Blasphemy in Brazil Tour 2001"], "catalognumber": ["MUT 013"], "musicbrainz album release country": ["BR"], "musicbrainz album type": ["album/live"], "musicbrainz album status": ["official"], "file_name": "06. Ethereal Misery.mp3", "musicbrainz_albumartistid": ["c29973c6-1a7c-401d-bce6-67b7240de677"], "date": ["2001"], "genre": ["Death Metal"], "musicbrainz_releasegroupid": ["74dcb858-a74c-31d0-a91e-1c5278f0f16e"], "script": ["Latn"], "originaldate": ["2001"], "musicbrainz_albumid": ["029dfe7a-b0d8-4640-a4d0-11d1b996e250"], "artist": ["Incantation"], "artistsort": ["Incantation"], "tracknumber": ["6/17"], "label": ["Mutilation Records"], "albumartistsort": ["Incantation"], "acoustid_id": ["f39497c3-7215-4891-afa8-b0a85a674b41"], "musicbrainz_artistid": ["c29973c6-1a7c-401d-bce6-67b7240de677"]}}, "rhythm": {"bpm_histogram_first_peak_bpm": {"dmean2": 0, "median": 129, "min": 129, "dvar2": 0, "dvar": 0, "dmean": 0, "max": 129, "var": 0, "mean": 129}, "bpm": 128.724441528, "bpm_histogram_second_peak_spread": {"dmean2": 0, "median": 0.608695626259, "min": 0.608695626259, "dvar2": 0, "dvar": 0, "dmean": 0, "max": 0.608695626259, "var": 0, "mean": 0.608695626259}, "bpm_histogram_first_peak_weight": {"dmean2": 0, "median": 0.181651368737, "min": 0.181651368737, "dvar2": 0, "dvar": 0, "dmean": 0, "max": 0.181651368737, "var": 0, "mean": 0.181651368737}, "onset_rate": 2.22733712196, "beats_position": [0.348299324512, 0.719818592072, 1.09133780003, 1.46285712719, 1.84598636627, 2.22911548615, 2.61224484444, 3.04181408882, 3.48299312592, 3.9125623703, 4.34213161469, 4.77170038223, 5.18965959549, 5.61922883987, 6.04879808426, 6.47836732864, 6.90793657303, 7.32589578629, 7.75546455383, 8.18503379822, 8.6146030426, 9.04417228699, 9.47374153137, 9.91492080688, 10.3560991287, 10.7972784042, 11.2384576797, 11.6796369553, 12.1208162308, 12.5619955063, 13.0031747818, 13.4443531036, 13.8971424103, 14.3499317169, 14.7911109924, 15.2322902679, 15.6850786209, 16.1262588501, 16.5906581879, 17.0434455872, 17.5078449249, 17.9722442627, 18.4366436005, 18.9010429382, 19.365442276, 19.8298416138, 20.2942390442, 20.758638382, 21.246257782, 21.7222671509, 22.1866664886, 22.6626758575, 23.1270751953, 23.6030826569, 24.0790920258, 24.5667114258, 25.0659408569, 25.5651702881, 26.0527877808, 26.5404071808, 27.0396366119, 27.5388660431, 28.0380954742, 28.5141029358, 28.9785022736, 29.4545116425, 29.9305210114, 30.4065303802, 30.8825397491, 31.3469390869, 31.7997264862, 32.2409057617, 32.6936950684, 33.146484375, 33.5992736816, 34.0636711121, 34.5280723572, 34.9808616638, 35.4336509705, 35.8748283386, 36.3276176453, 36.7804069519, 37.2215881348, 37.6743774414, 38.1271629333, 38.5915641785, 39.0559616089, 39.520362854, 39.9731521606, 40.4259414673, 40.8787307739, 41.3547401428, 41.830745697, 42.3067550659, 42.771156311, 43.2355537415, 43.6999549866, 44.1527442932, 44.6055335999, 45.0699310303, 45.5343284607, 45.9987297058, 46.4631271362, 46.9275283813, 47.3919258118, 47.8679351807, 48.3439445496, 48.80834198, 49.2727432251, 49.748752594, 50.2131500244, 50.6775512695, 51.1535606384, 51.6179580688, 52.0823554993, 52.5583648682, 53.0227661133, 53.4987754822, 53.9747848511, 54.45079422, 54.9268035889, 55.4028091431, 55.878818512, 56.3548278809, 56.819229126, 57.2952384949, 57.7712478638, 58.247253418, 58.7232627869, 59.187664032, 59.6520614624, 60.1164627075, 60.5692520142, 61.0336494446, 61.498046875, 61.9624481201, 62.4268455505, 62.8796348572, 63.3440361023, 63.8084335327, 64.2960510254, 64.772064209, 65.2480697632, 65.7356872559, 66.2117004395, 66.6877059937, 67.1637191772, 67.6397247314, 68.115737915, 68.5917434692, 69.0677566528, 69.543762207, 70.0313796997, 70.5306091309, 71.029838562, 71.5522918701, 72.0863494873, 72.6204071045, 73.2125167847, 73.8046264648, 74.3735122681, 74.9424057007, 75.5112915039, 76.0801773071, 76.6490707397, 77.2295684814, 77.7984542847, 78.3673477173, 78.9362335205, 79.5283432007, 80.1088409424, 80.6893386841, 81.2814483643, 81.8735580444, 82.4656677246, 83.0577774048, 83.684715271, 84.3116531372, 84.9269790649, 85.5423126221, 86.1460266113, 86.74974823, 87.3534698486, 87.9455795288, 88.5260772705, 89.1181869507, 89.7219009399, 90.3256225586, 90.9177322388, 91.521446228, 92.1251678467, 92.7404937744, 93.3442153931, 93.9479370117, 94.551651001, 95.1553726196, 95.7590942383, 96.3628082275, 96.8272094727, 97.2916107178, 97.767616272, 98.2204055786, 98.6848068237, 99.1492080688, 99.6136016846, 100.066390991, 100.519180298, 100.960357666, 101.401542664, 101.865936279, 102.330337524, 102.783126831, 103.235916138, 103.700317383, 104.176322937, 104.652336121, 105.116729736, 105.581130981, 106.057144165, 106.521537781, 106.997550964, 107.473556519, 107.949569702, 108.425575256, 108.90158844, 109.365982056, 109.841995239, 110.318000793, 110.794013977, 111.270019531, 111.757637024, 112.245262146, 112.744483948, 113.243713379, 113.731338501, 114.218955994, 114.706573486, 115.194190979, 115.69342041, 116.134597778, 116.575782776, 117.028572083, 117.469749451, 117.89931488, 118.328887939, 118.74684906, 119.164802551, 119.582763672, 120.012336731, 120.441902161, 120.859863281, 121.277824402, 121.684173584, 122.102127075, 122.520088196, 122.949661255, 123.367614746, 123.785575867, 124.215148926, 124.644714355, 125.074279785, 125.503852844, 125.945030212, 126.316551208, 126.653244019, 127.001541138, 127.349838257, 127.686531067, 128.023223877, 128.359909058, 128.696594238, 129.033279419, 129.369979858, 129.706665039, 130.04335022, 130.3800354, 130.728347778, 131.157913208, 131.587478638, 132.028656006, 132.469833374, 132.911010742, 133.352203369, 133.793380737, 134.234558105, 134.675735474, 135.267837524, 135.859954834, 136.463668823, 137.078994751, 137.694335938, 138.321273804, 138.94821167, 139.575149536, 140.190475464, 140.805801392, 141.432739258, 142.059677124, 142.709838867, 143.36000061, 143.986938477, 144.625488281, 145.264038086, 145.902587891, 146.541137695, 147.121627808, 147.702133179, 148.294235229, 148.897949219, 149.501678467, 150.093780518, 150.674285889, 151.254776001, 151.835281372, 152.415786743, 152.996276855, 153.576782227, 154.1456604, 154.714553833, 155.295059204, 155.875549316, 156.444442749, 157.013336182, 157.582214355, 158.151107788, 158.708389282, 159.265670776, 159.822952271, 160.391830444, 160.960723877, 161.52961731, 162.098495483, 162.679000854, 163.236282349, 163.793563843, 164.350830078, 164.908111572, 165.477005005, 166.034286499, 166.579956055, 167.137237549, 167.694503784, 168.251785278, 168.809066772, 169.377960205, 169.819137573, 170.260314941, 170.689880371, 171.107849121, 171.537414551, 171.96697998, 172.384933472, 172.802902222, 173.220855713, 173.650421143, 174.068389893, 174.497955322, 174.915908813, 175.345489502, 175.775054932, 176.193008423, 176.622589111, 177.028930664, 177.446884155, 177.864852905, 178.282806396, 178.689163208, 179.095504761, 179.513473511, 179.931427002, 180.360992432, 180.790557861, 181.231735229, 181.649703979, 182.079269409, 182.508834839, 182.903579712, 183.298324585, 183.693054199, 184.087799072, 184.482528687, 184.87727356, 185.272018433, 185.666748047, 186.06149292, 186.456237793, 186.850967407, 187.234100342, 187.594009399, 187.965530396, 188.337051392, 188.708572388, 189.080093384, 189.451599121, 189.823120117, 190.194641113, 190.566162109, 190.937683105, 191.32081604, 191.715545654, 192.098678589, 192.493423462, 192.888153076, 193.271286011, 193.654418945, 194.049163818, 194.432281494, 194.815414429, 195.210159302, 195.581680298, 195.953201294, 196.324707031, 196.696228027, 197.079360962, 197.462493896, 197.834014893, 198.205535889, 198.577041626, 198.960174561, 199.343307495, 199.714828491, 200.097961426, 200.481079102, 200.864212036, 201.247344971, 201.630477905, 202.013595581, 202.385116577, 202.756637573, 203.128158569, 203.499679565, 203.871200562, 204.254333496, 204.637451172, 205.032196045, 205.415328979, 205.798446655, 206.169967651, 206.529876709, 206.913009644, 207.28453064, 207.656051636, 208.027572632, 208.399093628, 208.770614624, 209.142120361, 209.525253296, 209.90838623, 210.279907227, 210.663040161, 211.115829468, 211.580215454, 212.033004761, 212.497406006, 212.961807251, 213.414596558, 213.878997803, 214.331787109, 214.784576416, 215.248977661, 215.713378906, 216.177780151, 216.642166138, 217.106567383, 217.570968628, 218.046981812, 218.522994995, 218.99899292, 219.475006104, 219.939407349, 220.403808594, 220.879821777, 221.355819702, 221.831832886, 222.296234131, 222.772247314, 223.236633301, 223.701034546, 224.165435791, 224.629837036, 225.094238281, 225.558639526, 226.023040771, 226.487426758, 226.951828003, 227.427841187, 227.90385437, 228.379852295, 228.855865479, 229.320266724, 229.784667969, 230.260681152, 230.736679077, 231.224304199, 231.700317383, 232.187927246, 232.675552368, 233.16317749, 233.639175415, 234.115188599, 234.579589844, 235.055603027, 235.531600952, 236.007614136, 236.495239258, 236.982849121, 237.470474243, 237.958084106, 238.445709229, 238.933334351, 239.420944214, 239.896957397, 240.372970581, 240.860580444, 241.336593628, 241.812606812, 242.277008057, 242.753005981, 243.229019165, 243.69342041, 244.146209717, 244.610610962, 245.075012207, 245.539413452, 245.9921875, 246.456588745, 246.92098999, 247.385391235, 247.84979248, 248.314193726, 248.778594971, 249.242996216, 249.707382202, 250.160171509, 250.612960815, 251.065750122, 251.518539429, 251.971328735, 252.424118042, 252.888519287, 253.352920532, 253.805709839, 254.270111084, 254.734512329, 255.187301636, 255.651702881], "beats_loudness": {"dmean2": 0.0184579156339, "median": 0.0282288137823, "min": 0.000242604131927, "dvar2": 0.000276422244497, "dvar": 9.37817239901e-05, "dmean": 0.0105007486418, "max": 0.0728549286723, "var": 0.000135847847559, "mean": 0.0300012975931}, "danceability": 0.983963191509, "bpm_histogram_second_peak_weight": {"dmean2": 0, "median": 0.0660550445318, "min": 0.0660550445318, "dvar2": 0, "dvar": 0, "dmean": 0, "max": 0.0660550445318, "var": 0, "mean": 0.0660550445318}, "beats_count": 546, "bpm_histogram_second_peak_bpm": {"dmean2": 0, "median": 140, "min": 140, "dvar2": 0, "dvar": 0, "dmean": 0, "max": 140, "var": 0, "mean": 140}, "bpm_histogram_first_peak_spread": {"dmean2": 0, "median": 0.545871555805, "min": 0.545871555805, "dvar2": 0, "dvar": 0, "dmean": 0, "max": 0.545871555805, "var": 0, "mean": 0.545871555805}, "beats_loudness_band_ratio": {"dmean2": [0.25298923254, 0.333272218704, 0.114398613572, 0.0622263737023, 0.151373043656, 0.176917016506], "median": [0.214091002941, 0.230710566044, 0.0838752537966, 0.0399878956378, 0.181514650583, 0.123962327838], "min": [0.00125245656818, 0.00530889024958, 0.00567412469536, 0.00514333695173, 0.0282910447568, 0.0135544519871], "dvar2": [0.0490835495293, 0.0841204896569, 0.0149187464267, 0.0105940112844, 0.0170669779181, 0.0403145588934], "dvar": [0.0174201559275, 0.0301085524261, 0.00554297538474, 0.00393403088674, 0.0056619704701, 0.0137019567192], "dmean": [0.143910735846, 0.190698802471, 0.0652292743325, 0.0359779894352, 0.0864492580295, 0.0987289100885], "max": [0.92230540514, 0.825290083885, 0.540945470333, 0.577076375484, 0.634019196033, 0.766811609268], "var": [0.0268005374819, 0.0430628992617, 0.00650288444012, 0.00337234488688, 0.00984000694007, 0.0138376103714], "mean": [0.253400057554, 0.297716498375, 0.108003802598, 0.0549236349761, 0.19653776288, 0.159069180489]}}, "lowlevel": {"barkbands_spread": {"dmean2": 12.8788671494, "median": 41.6650314331, "min": 1.23757600784, "dvar2": 146.366012573, "dvar": 56.6422271729, "dmean": 7.91037273407, "max": 100.000556946, "var": 154.014801025, "mean": 41.7253684998}, "melbands_spread": {"dmean2": 24.5623378754, "median": 49.7300872803, "min": 0.726295948029, "dvar2": 454.360168457, "dvar": 177.226837158, "dmean": 15.1600646973, "max": 175.71697998, "var": 490.153106689, "mean": 50.7241210938}, "hfc": {"dmean2": 18.691652298, "median": 39.9198188782, "min": 8.29020718811e-05, "dvar2": 861.652526855, "dvar": 327.828338623, "dmean": 11.2011394501, "max": 315.504516602, "var": 489.081695557, "mean": 42.2944526672}, "barkbands_kurtosis": {"dmean2": 1.74799895287, "median": -1.10063004494, "min": -1.83772432804, "dvar2": 8.77442169189, "dvar": 3.30865359306, "dmean": 1.00031971931, "max": 124.988426208, "var": 10.2244091034, "mean": -0.460349351168}, "gfcc": {"mean": [61.7948684692, 48.4875183105, -122.448043823, 47.2639846802, -56.38331604, 0.782669961452, -55.0541572571, 13.9594659805, -29.6410369873, -0.27619189024, -25.5532875061, 1.10539770126, -11.0654239655], "icov": [[0.000935143325478, -3.42140156135e-05, -0.000620055303443, -0.00043950084364, 0.000714231922757, -0.000203364383196, 0.000841715140268, -0.000342891464243, 0.000783006253187, -0.00117480009794, 0.00128099427093, -0.000990737811662, 0.0001156351791], [-3.42140156135e-05, 0.00286848610267, 0.0010897135362, -0.00115098594688, -0.00171053642407, 0.0026149272453, -0.00132643897086, 0.000732006737962, -8.08201002656e-05, 0.00182458444033, -0.00324288662523, 0.00254049012437, -0.00100641464815], [-0.000620055303443, 0.0010897135362, 0.00563415233046, -0.0022604232654, -0.00190022122115, -0.000503875256982, 0.000922485080082, -0.000547727104276, 0.00243869051337, -0.00278716813773, 0.00242735631764, -0.00197764439508, 0.00336963054724], [-0.00043950084364, -0.00115098594688, -0.0022604232654, 0.00674215657637, -0.000784472445957, -0.00434645777568, 0.00128239148762, 0.00241442024708, -0.00403747567907, 0.00202123099007, -0.00238208915107, 0.00475829327479, -0.00437037087977], [0.000714231922757, -0.00171053642407, -0.00190022122115, -0.000784472445957, 0.0100345648825, -7.68756653997e-05, -0.00255809584633, -0.00280202063732, 0.00171344482806, -0.00360896764323, 0.00408786721528, -0.00356217869557, 0.00116740923841], [-0.000203364383196, 0.0026149272453, -0.000503875256982, -0.00434645777568, -7.68756653997e-05, 0.0195032414049, -0.00785630941391, -0.00590316159651, 0.00215970398858, 0.00468747457489, -0.00655836192891, 0.00243203388527, 0.00198669591919], [0.000841715140268, -0.00132643897086, 0.000922485080082, 0.00128239148762, -0.00255809584633, -0.00785630941391, 0.018953492865, -0.00462302612141, -0.00358746852726, 0.00149515119847, 0.00263007008471, -0.000961611338425, 0.00124223507009], [-0.000342891464243, 0.000732006737962, -0.000547727104276, 0.00241442024708, -0.00280202063732, -0.00590316159651, -0.00462302612141, 0.025646334514, -0.0097267087549, -0.00396829657257, 0.00588990468532, -0.00237117707729, -0.00523686548695], [0.000783006253187, -8.08201002656e-05, 0.00243869051337, -0.00403747567907, 0.00171344482806, 0.00215970398858, -0.00358746852726, -0.0097267087549, 0.02764724195, -0.00949463993311, -0.0068650553003, 0.00389666995034, 0.00486642820761], [-0.00117480009794, 0.00182458444033, -0.00278716813773, 0.00202123099007, -0.00360896764323, 0.00468747457489, 0.00149515119847, -0.00396829657257, -0.00949463993311, 0.0281539540738, -0.0115137342364, -0.000660498219077, 0.00125970656518], [0.00128099427093, -0.00324288662523, 0.00242735631764, -0.00238208915107, 0.00408786721528, -0.00655836192891, 0.00263007008471, 0.00588990468532, -0.0068650553003, -0.0115137342364, 0.0343153253198, -0.0162844322622, 0.00228836666793], [-0.000990737811662, 0.00254049012437, -0.00197764439508, 0.00475829327479, -0.00356217869557, 0.00243203388527, -0.000961611338425, -0.00237117707729, 0.00389666995034, -0.000660498219077, -0.0162844322622, 0.0392215661705, -0.0140810040757], [0.0001156351791, -0.00100641464815, 0.00336963054724, -0.00437037087977, 0.00116740923841, 0.00198669591919, 0.00124223507009, -0.00523686548695, 0.00486642820761, 0.00125970656518, 0.00228836666793, -0.0140810040757, 0.0357279032469]], "cov": [[2026.45800781, -481.986907959, 517.430419922, 70.2401580811, -50.5998687744, -0.464924871922, -169.726531982, 7.0276260376, -110.692451477, 90.0026016235, -98.0309448242, 59.9176025391, -9.93660831451], [-481.986907959, 774.790771484, -273.873535156, 118.01789093, 44.2837524414, -44.0352401733, 56.7666893005, -46.9845123291, 49.5701141357, -58.3382072449, 73.0150527954, -51.3800048828, 26.1711559296], [517.430419922, -273.873535156, 436.263000488, 72.3720626831, 59.1675949097, 35.7440872192, -40.784866333, 26.5888729095, -39.012386322, 52.7890892029, -50.3029823303, 22.83502388, -24.6135520935], [70.2401580811, 118.01789093, 72.3720626831, 302.361785889, 25.4882678986, 67.9163284302, 14.3371648788, -2.18675756454, 35.8622131348, -8.28378677368, 22.3788471222, -31.6403217316, 9.33299064636], [-50.5998687744, 44.2837524414, 59.1675949097, 25.4882678986, 154.89604187, 18.637796402, 39.7618522644, 34.0082778931, 9.8406791687, 18.5196876526, -8.65854167938, 6.56631278992, -2.39746642113], [-0.464924871922, -44.0352401733, 35.7440872192, 67.9163284302, 18.637796402, 104.592018127, 47.2840881348, 33.5625419617, 17.6307640076, -2.60264873505, 6.59299278259, -5.87437391281, -4.49898338318], [-169.726531982, 56.7666893005, -40.784866333, 14.3371648788, 39.7618522644, 47.2840881348, 104.532279968, 36.6649856567, 32.1890792847, -5.45485639572, 6.75473499298, -7.51410198212, -2.02624344826], [7.0276260376, -46.9845123291, 26.5888729095, -2.18675756454, 34.0082778931, 33.5625419617, 36.6649856567, 75.4312133789, 29.0604400635, 22.2056179047, -3.19707465172, 7.90609312057, 1.26217770576], [-110.692451477, 49.5701141357, -39.012386322, 35.8622131348, 9.8406791687, 17.6307640076, 32.1890792847, 29.0604400635, 78.4097900391, 25.3130970001, 30.2716140747, -6.33467245102, -4.34878921509], [90.0026016235, -58.3382072449, 52.7890892029, -8.28378677368, 18.5196876526, -2.60264873505, -5.45485639572, 22.2056179047, 25.3130970001, 71.8008728027, 18.387922287, 17.1877937317, -5.32573890686], [-98.0309448242, 73.0150527954, -50.3029823303, 22.3788471222, -8.65854167938, 6.59299278259, 6.75473499298, -3.19707465172, 30.2716140747, 18.387922287, 64.8952789307, 12.3663949966, 5.01430988312], [59.9176025391, -51.3800048828, 22.83502388, -31.6403217316, 6.56631278992, -5.87437391281, -7.51410198212, 7.90609312057, -6.33467245102, 17.1877937317, 12.3663949966, 46.8735160828, 11.8053865433], [-9.93660831451, 26.1711559296, -24.6135520935, 9.33299064636, -2.39746642113, -4.49898338318, -2.02624344826, 1.26217770576, -4.34878921509, -5.32573890686, 5.01430988312, 11.8053865433, 37.9173698425]]}, "spectral_energyband_middle_low": {"dmean2": 0.0109030902386, "median": 0.0093745123595, "min": 7.30792493187e-09, "dvar2": 0.000215013234993, "dvar": 8.17821273813e-05, "dmean": 0.00656933570281, "max": 0.0795088261366, "var": 0.000108012602141, "mean": 0.0125978197902}, "melbands_crest": {"dmean2": 7.7599902153, "median": 11.043718338, "min": 2.87312722206, "dvar2": 45.9077987671, "dvar": 18.4014568329, "dmean": 4.69538450241, "max": 32.1362304688, "var": 32.0559387207, "mean": 12.3721017838}, "spectral_kurtosis": {"dmean2": 1.37346863747, "median": 3.39583873749, "min": -0.149033308029, "dvar2": 2.48776507378, "dvar": 0.851584255695, "dmean": 0.811390399933, "max": 18.6664772034, "var": 2.15856122971, "mean": 3.55689740181}, "spectral_rms": {"dmean2": 0.00117913924623, "median": 0.00502536213025, "min": 5.41708368473e-06, "dvar2": 1.17399656574e-06, "dvar": 4.38587420604e-07, "dmean": 0.000713226094376, "max": 0.00923466309905, "var": 1.26372697196e-06, "mean": 0.00503016030416}, "zerocrossingrate": {"dmean2": 0.0206421017647, "median": 0.10791015625, "min": 0.00634765625, "dvar2": 0.000385658408049, "dvar": 0.000249132630415, "dmean": 0.0159542355686, "max": 0.33837890625, "var": 0.00144363497384, "mean": 0.112327151}, "silence_rate_60dB": {"dmean2": 0.00362351653166, "median": 0, "min": 0, "dvar2": 0.00397208146751, "dvar": 0.00180855521467, "dmean": 0.00181159423664, "max": 1, "var": 0.0204859152436, "mean": 0.0209220182151}, "erbbands_kurtosis": {"dmean2": 1.37664115429, "median": 0.306361675262, "min": -1.68560600281, "dvar2": 1.51860892773, "dvar": 0.5869987607, "dmean": 0.846297621727, "max": 9.6903591156, "var": 1.45014703274, "mean": 0.397533386946}, "erbbands": {"dmean2": [0.0279915053397, 0.795097827911, 2.80961203575, 3.6427321434, 20.5383605957, 35.9031906128, 15.0762329102, 15.8058357239, 23.5643825531, 21.7573204041, 11.169511795, 17.3103656769, 18.0578098297, 10.839635849, 8.85729026794, 10.7176618576, 10.8030977249, 18.5145683289, 21.396856308, 37.7265205383, 73.9010391235, 74.6344528198, 42.8122825623, 48.4846496582, 32.2816619873, 25.88879776, 22.3405742645, 18.1998672485, 10.8166179657, 6.96431779861, 4.27927923203, 3.76360082626, 3.4855401516, 5.59060573578, 5.01690578461, 1.59214997292, 0.294075965881, 0.0320572815835, 0.00258897943422, 9.99250332825e-05], "median": [0.0104163270444, 0.29487195611, 1.40477466583, 2.51208233833, 7.72243976593, 10.4876804352, 10.658616066, 9.91439342499, 10.6474552155, 9.70337104797, 7.76317071915, 12.3424425125, 11.4498252869, 6.51716804504, 6.49208402634, 9.3539018631, 9.05499839783, 15.2840604782, 18.4190254211, 37.2474479675, 89.1050796509, 92.2446365356, 58.2108840942, 61.5723876953, 38.9355812073, 27.3845939636, 21.3280258179, 19.5506134033, 12.1852321625, 8.61485385895, 4.95704936981, 4.37039232254, 3.27885818481, 2.81765556335, 1.33077979088, 0.422126978636, 0.0952657088637, 0.00988082867116, 0.000612692325376, 6.45127875032e-05], "min": [2.72779629995e-08, 1.34295277121e-07, 1.1894749008e-07, 8.0804721847e-07, 2.53126518146e-06, 1.45292244724e-06, 8.13709993963e-06, 1.31270717247e-05, 2.78416359833e-06, 6.30647321032e-07, 1.20699905892e-05, 8.85391491465e-05, 5.48136849829e-05, 8.31824854686e-06, 2.07583416341e-05, 8.71917472978e-06, 1.24000034702e-05, 5.37087798875e-05, 3.19817190757e-05, 0.000178882080945, 0.000206951241125, 6.33950112388e-05, 6.71800371492e-05, 0.000198169844225, 5.85860907449e-05, 6.40874131932e-05, 9.10809030756e-05, 7.6059208368e-05, 6.47868728265e-05, 1.49781672008e-05, 1.22685278257e-05, 3.94862036046e-06, 5.44557951798e-06, 7.01652152202e-06, 6.3504753598e-06, 1.21209802728e-06, 1.10494838168e-07, 5.52127126241e-08, 1.22203802633e-08, 2.44375186753e-10], "dvar2": [0.00126109994017, 0.981807112694, 12.5103244781, 16.1132068634, 873.506225586, 3385.20996094, 283.278869629, 548.322509766, 2037.81469727, 1327.30175781, 257.476867676, 529.226135254, 650.037902832, 506.182617188, 183.353851318, 191.852661133, 269.351287842, 692.93182373, 841.696105957, 1697.39782715, 4826.81689453, 5674.87158203, 1870.54370117, 2130.31787109, 1115.95202637, 809.771362305, 631.246826172, 366.020812988, 163.343139648, 87.3740310669, 49.6381187439, 31.4358005524, 49.9740142822, 287.980316162, 319.054443359, 17.9993610382, 0.457297563553, 0.00390543858521, 2.34538038058e-05, 3.88857870348e-08], "dvar": [0.000450029678177, 0.354309469461, 4.50236034393, 6.29132890701, 322.77243042, 1313.09460449, 103.62991333, 196.887435913, 717.09564209, 481.271362305, 93.6666793823, 202.247009277, 239.851287842, 187.224121094, 68.4429321289, 69.55052948, 95.8629608154, 245.61920166, 312.208435059, 603.479431152, 1726.06066895, 2072.21240234, 675.816650391, 791.632629395, 395.907745361, 309.056213379, 230.078552246, 142.146881104, 68.4193649292, 41.2150764465, 22.4934406281, 14.5751285553, 23.4004631042, 111.991958618, 114.061698914, 6.60786151886, 0.176357612014, 0.00159992952831, 1.00995639514e-05, 1.60547433126e-08], "dmean": [0.0160565469414, 0.459577023983, 1.66480517387, 2.1842353344, 12.0055999756, 21.6687583923, 8.90253162384, 9.34285831451, 13.8188943863, 12.5908765793, 6.55673599243, 10.2361927032, 10.6542053223, 6.43717288971, 5.17626953125, 6.28559732437, 6.28113603592, 10.8632287979, 12.5303516388, 21.8571472168, 43.4898338318, 43.9019393921, 25.0874977112, 28.2055339813, 18.5838832855, 15.0156955719, 12.6594371796, 10.6087770462, 6.4395160675, 4.34181976318, 2.71642541885, 2.39947915077, 2.31136512756, 3.46291422844, 2.88592076302, 0.936894774437, 0.179207712412, 0.0198000632226, 0.00161170540377, 6.21900253464e-05], "max": [0.220927745104, 7.77063369751, 32.2555465698, 29.2151470184, 161.509933472, 308.403045654, 150.313278198, 252.611740112, 514.442687988, 421.032562256, 297.590942383, 442.670288086, 486.053588867, 415.058624268, 261.081420898, 180.210128784, 231.111465454, 411.925598145, 427.914276123, 530.225952148, 609.269836426, 927.905395508, 453.323516846, 1158.48950195, 320.948913574, 552.867797852, 266.009216309, 287.087219238, 322.902587891, 263.968780518, 169.794494629, 91.4007034302, 103.306877136, 182.765213013, 166.710067749, 40.9740180969, 5.29646205902, 0.5184674263, 0.0486243665218, 0.00204877648503], "var": [0.000483128940687, 0.435934811831, 7.37584209442, 13.3043327332, 317.975036621, 1359.30407715, 173.581100464, 367.463287354, 1152.85327148, 648.754394531, 146.682662964, 400.914093018, 582.791442871, 493.804779053, 174.725662231, 148.030334473, 218.371734619, 454.850341797, 642.003845215, 963.52130127, 3396.50097656, 3917.99414062, 1193.54003906, 1411.26428223, 613.174194336, 584.745300293, 324.061553955, 341.06262207, 200.153274536, 150.152114868, 81.6047058105, 48.2457275391, 50.8896942139, 105.110122681, 72.7596206665, 4.9001493454, 0.164323285222, 0.00202611205168, 1.46323900481e-05, 2.06509973566e-08], "mean": [0.0184144936502, 0.534415781498, 2.3121213913, 3.67213726044, 13.8132600784, 23.7334270477, 14.4157094955, 16.0669403076, 20.687253952, 17.4790267944, 10.7422237396, 17.6470298767, 18.418504715, 11.807425499, 9.62805271149, 12.3687677383, 12.7292928696, 20.8144931793, 25.3226642609, 44.9912528992, 100.629417419, 105.174781799, 64.5033874512, 67.0022583008, 43.7004432678, 32.6169395447, 25.3397884369, 23.4781608582, 15.3746109009, 11.5958957672, 7.3620800972, 6.27445840836, 5.24417638779, 5.1807513237, 3.11389899254, 1.05930626392, 0.229216620326, 0.0269028972834, 0.00207468960434, 0.000109054271888]}, "spectral_strongpeak": {"dmean2": 0.887473642826, "median": 0.388388842344, "min": 0.000322347157635, "dvar2": 2.69046211243, "dvar": 0.971106827259, "dmean": 0.506804168224, "max": 16.2157382965, "var": 0.900593698025, "mean": 0.651889503002}, "spectral_energy": {"dmean2": 0.0131625542417, "median": 0.0258856192231, "min": 3.00784144258e-08, "dvar2": 0.000179685390322, "dvar": 6.69112050673e-05, "dmean": 0.00787453819066, "max": 0.0874109715223, "var": 0.000122916986584, "mean": 0.0272304583341}, "average_loudness": 0.971830368042, "spectral_rolloff": {"dmean2": 1613.1060791, "median": 3057.71484375, "min": 107.666015625, "dvar2": 4738538.5, "dvar": 1866096.375, "dmean": 958.05859375, "max": 12747.65625, "var": 2882255.25, "mean": 3330.08251953}, "spectral_centroid": {"dmean2": 547.987243652, "median": 2278.04101562, "min": 246.251708984, "dvar2": 259253.296875, "dvar": 99915.7109375, "dmean": 335.440582275, "max": 4093.64331055, "var": 240343.3125, "mean": 2226.09326172}, "pitch_salience": {"dmean2": 0.138377144933, "median": 0.690011680126, "min": 0.0496071837842, "dvar2": 0.0160923693329, "dvar": 0.00578789971769, "dmean": 0.0811461135745, "max": 0.864306271076, "var": 0.00840822793543, "mean": 0.668920278549}, "spectral_energyband_middle_high": {"dmean2": 0.00348321837373, "median": 0.00787359941751, "min": 1.47776777482e-08, "dvar2": 9.86325721897e-06, "dvar": 3.57434487341e-06, "dmean": 0.00205335416831, "max": 0.0345941409469, "var": 1.14505110105e-05, "mean": 0.00832372810692}, "spectral_contrast_coeffs": {"dmean2": [0.114002116024, 0.0832166746259, 0.0620511621237, 0.0528100840747, 0.0383615903556, 0.0359245240688], "median": [-0.617760717869, -0.771005749702, -0.81288087368, -0.787157714367, -0.782147884369, -0.751103758812], "min": [-0.865926682949, -0.946515858173, -0.962393820286, -0.968368649483, -0.930822968483, -0.89250099659], "dvar2": [0.00811163987964, 0.00417076190934, 0.00225019780919, 0.00157903239597, 0.000885846384335, 0.00110866955947], "dvar": [0.00320184207521, 0.00146013137419, 0.000775360036641, 0.000548357202206, 0.000316853314871, 0.000391759269405], "dmean": [0.0703839436173, 0.0493127591908, 0.0363267101347, 0.0309669710696, 0.0226858742535, 0.021054463461], "max": [-0.264032006264, -0.493663668633, -0.614096164703, -0.616217136383, -0.606490433216, -0.60047608614], "var": [0.00708934850991, 0.00338164507411, 0.00155303417705, 0.00110925466288, 0.000681401579641, 0.000677591189742], "mean": [-0.606107115746, -0.765951573849, -0.809313714504, -0.785344839096, -0.780562460423, -0.749092757702]}, "melbands_skewness": {"dmean2": 1.20847833157, "median": 1.83608031273, "min": -1.23158764839, "dvar2": 1.35331892967, "dvar": 0.5041654706, "dmean": 0.735354781151, "max": 14.2550182343, "var": 1.16667246819, "mean": 1.98732471466}, "spectral_spread": {"dmean2": 941304.625, "median": 4705914.5, "min": 1789179, "dvar2": 1341290184700.0, "dvar": 555533205504, "dmean": 606278, "max": 11773896, "var": 1340536258560.0, "mean": 4796037.5}, "dissonance": {"dmean2": 0.0112063121051, "median": 0.490305691957, "min": 0.284708589315, "dvar2": 0.000101815989183, "dvar": 3.76848183805e-05, "dmean": 0.00653997575864, "max": 0.500000119209, "var": 5.41836561752e-05, "mean": 0.489070177078}, "spectral_skewness": {"dmean2": 0.238250151277, "median": 1.32038247585, "min": 0.370007902384, "dvar2": 0.0504175946116, "dvar": 0.017557842657, "dmean": 0.141349941492, "max": 2.98771524429, "var": 0.0566414780915, "mean": 1.33118891716}, "spectral_flux": {"dmean2": 0.0320953987539, "median": 0.0994569882751, "min": 0.000173431297299, "dvar2": 0.00102535414044, "dvar": 0.000402387900976, "dmean": 0.0195596609265, "max": 0.245219945908, "var": 0.000819537905045, "mean": 0.101195923984}, "spectral_contrast_valleys": {"dmean2": [0.792116761208, 0.634006023407, 0.489839613438, 0.390893548727, 0.37593215704, 0.283890277147], "median": [-7.09346246719, -6.27275133133, -6.97070789337, -6.89381027222, -6.26464080811, -8.92835903168], "min": [-14.3408546448, -14.2921209335, -13.6110372543, -13.8963003159, -13.1402711868, -15.6651611328], "dvar2": [0.378029435873, 0.259404718876, 0.1535589993, 0.0980617403984, 0.113550581038, 0.0877904072404], "dvar": [0.136120870709, 0.0923409312963, 0.0558305755258, 0.037398006767, 0.0425735041499, 0.0406380221248], "dmean": [0.472628742456, 0.373545467854, 0.287564277649, 0.229863658547, 0.219071477652, 0.187523037195], "max": [-5.56717681885, -4.80941963196, -5.20967912674, -5.83926486969, -5.42862510681, -7.40528345108], "var": [0.553957819939, 0.294023692608, 0.215291470289, 0.158307239413, 0.20077881217, 0.454172998667], "mean": [-7.20215845108, -6.31697702408, -6.97966337204, -6.92485237122, -6.31975078583, -9.05219364166]}, "erbbands_flatness_db": {"dmean2": 0.0203499346972, "median": 0.125755995512, "min": 0.0573195405304, "dvar2": 0.00028192915488, "dvar": 0.000118417206977, "dmean": 0.0127628669143, "max": 0.278978049755, "var": 0.000769165053498, "mean": 0.129122406244}, "spectral_energyband_high": {"dmean2": 0.00170291215181, "median": 0.0020870747976, "min": 7.27691373825e-09, "dvar2": 8.15768089524e-06, "dvar": 3.18714273817e-06, "dmean": 0.00103678973392, "max": 0.0289130639285, "var": 5.16641648574e-06, "mean": 0.00256546935998}, "spectral_entropy": {"dmean2": 0.163733094931, "median": 8.01760005951, "min": 6.79172468185, "dvar2": 0.0227287244052, "dvar": 0.00898075196892, "dmean": 0.101247906685, "max": 8.68902015686, "var": 0.0338363386691, "mean": 8.00537395477}, "silence_rate_20dB": {"dmean2": 0, "median": 1, "min": 1, "dvar2": 0, "dvar": 0, "dmean": 0, "max": 1, "var": 0, "mean": 1}, "melbands_flatness_db": {"dmean2": 0.0441388785839, "median": 0.109199024737, "min": 0.0162283368409, "dvar2": 0.00154862052295, "dvar": 0.000572787830606, "dmean": 0.0267800185829, "max": 0.456829160452, "var": 0.00156981823966, "mean": 0.11482847482}, "barkbands": {"dmean2": [2.07387347473e-05, 0.00281578418799, 0.00245866714977, 0.00160170649178, 0.00913962069899, 0.00197235285304, 0.00159604405053, 0.000639859877992, 0.000763510528486, 0.000518470653333, 0.000227936354349, 0.000266160699539, 0.000252585712587, 0.000413686269894, 0.000564753660001, 0.00125004723668, 0.00143232953269, 0.000878686259966, 0.000799246132374, 0.00055495131528, 0.000502079317812, 0.000274403922958, 0.000157687376486, 0.000187134457519, 0.000598337850533, 0.000219123350689, 1.41295340654e-05], "median": [4.37877906734e-06, 0.000971028523054, 0.00121413893066, 0.000859246938489, 0.00318131176755, 0.00137973763049, 0.000700968841556, 0.000309858907713, 0.000557161227334, 0.000297430873616, 0.000129276348162, 0.000219762383495, 0.000183126758202, 0.000324093765812, 0.00039583738544, 0.00138650042936, 0.00164972408675, 0.00108468614053, 0.000971773813944,