{"tonal": {"thpcp": [1, 0.943453431129, 0.606286227703, 0.411516457796, 0.341808080673, 0.309429496527, 0.369374573231, 0.440487027168, 0.455947577953, 0.534526467323, 0.573790550232, 0.46994715929, 0.369861185551, 0.326004713774, 0.309949815273, 0.366560697556, 0.412970721722, 0.358554571867, 0.304463714361, 0.284719288349, 0.321876138449, 0.628613650799, 0.8454387784, 0.67071378231, 0.577514350414, 0.498048067093, 0.323101103306, 0.295900851488, 0.357554703951, 0.389254927635, 0.534154176712, 0.687248170376, 0.552871346474, 0.421935886145, 0.518033266068, 0.738077759743], "hpcp": {"dmean2": [0.38151422143, 0.324334055185, 0.284923166037, 0.242524281144, 0.212958082557, 0.205491036177, 0.20816873014, 0.250132620335, 0.295618593693, 0.298040300608, 0.261399328709, 0.239655345678, 0.208165794611, 0.184023484588, 0.187889099121, 0.190651893616, 0.18572948873, 0.178745791316, 0.178946182132, 0.200368925929, 0.265742987394, 0.308428019285, 0.293259203434, 0.321803897619, 0.267474472523, 0.199475675821, 0.205174788833, 0.231230556965, 0.247531160712, 0.261345237494, 0.296069145203, 0.284431606531, 0.270832687616, 0.318826138973, 0.394974827766, 0.407693386078], "median": [0.0549599789083, 0.030051831156, 0.0102205807343, 0.00711178593338, 0.00848185457289, 0.0161362737417, 0.0207324959338, 0.0200354792178, 0.0202185027301, 0.0205426346511, 0.0173081550747, 0.0109382867813, 0.00926195736974, 0.0111351404339, 0.0157335642725, 0.019416924566, 0.0184011980891, 0.0147949289531, 0.0119160991162, 0.0182015579194, 0.0432808250189, 0.0627821609378, 0.0577819347382, 0.0217549037188, 0.0120049202815, 0.00761219998822, 0.00776486843824, 0.00881464593112, 0.0124832121655, 0.0234630834311, 0.0306403003633, 0.0233634896576, 0.0127965342253, 0.0138536719605, 0.0319137424231, 0.0641050040722], "min": [0, 0, 0, 0, 0, 0, 0, 0, 0, 0, 0, 0, 0, 0, 0, 0, 0, 0, 0, 0, 0, 0, 0, 0, 0, 0, 0, 0, 0, 0, 0, 0, 0, 0, 0, 0], "dvar2": [0.195946395397, 0.177456080914, 0.179051756859, 0.147837534547, 0.134910210967, 0.116082906723, 0.111564032733, 0.140763685107, 0.172671601176, 0.172673717141, 0.151448428631, 0.146214574575, 0.119714960456, 0.096623159945, 0.101658195257, 0.102007500827, 0.0945677980781, 0.0916230306029, 0.102427788079, 0.109709620476, 0.12638515234, 0.146544367075, 0.138738617301, 0.183572083712, 0.164051309228, 0.128837361932, 0.126212090254, 0.140782102942, 0.151588022709, 0.140312433243, 0.165466606617, 0.161675274372, 0.155948668718, 0.187834665179, 0.215515568852, 0.201981261373], "dvar": [0.0812730118632, 0.0645561739802, 0.0635025128722, 0.0535707585514, 0.048405058682, 0.0415299348533, 0.041532907635, 0.0509795211256, 0.0637904033065, 0.0646736770868, 0.0570257529616, 0.0519251897931, 0.0421552322805, 0.0349014811218, 0.0373747646809, 0.0385114550591, 0.0345825962722, 0.0330677106977, 0.036701079458, 0.0396300144494, 0.0468721240759, 0.058779142797, 0.0530380494893, 0.0679296329618, 0.0610533244908, 0.0456856414676, 0.0456948615611, 0.052748914808, 0.05638358742, 0.053481452167, 0.0672071352601, 0.0617216825485, 0.0566180199385, 0.071518458426, 0.0839934200048, 0.0828694626689], "dmean": [0.216071426868, 0.180973485112, 0.154025226831, 0.130092635751, 0.114745028317, 0.113717600703, 0.116884753108, 0.137219160795, 0.163101539016, 0.164811193943, 0.144773304462, 0.12962320447, 0.113222070038, 0.101806923747, 0.105463176966, 0.107668899, 0.103949934244, 0.0993549898267, 0.0983190461993, 0.109172284603, 0.151719778776, 0.177290707827, 0.166913881898, 0.178329065442, 0.146533459425, 0.108600400388, 0.111018657684, 0.128034472466, 0.136638835073, 0.148107901216, 0.167746901512, 0.159014776349, 0.14829531312, 0.17694760859, 0.222146600485, 0.233501970768], "max": [1, 1, 1, 1, 1, 1, 1, 1, 1, 1, 1, 1, 1, 1, 1, 1, 1, 1, 1, 1, 1, 1, 1, 1, 1, 1, 1, 1, 1, 1, 1, 1, 1, 1, 1, 1], "var": [0.113037012517, 0.0614350661635, 0.0472324900329, 0.0385477729142, 0.0337995775044, 0.0354342646897, 0.0474275946617, 0.0473304204643, 0.0618039183319, 0.0684628263116, 0.0526074059308, 0.0409533679485, 0.0321115329862, 0.0275316331536, 0.0345563106239, 0.043466988951, 0.0315946340561, 0.0256391260773, 0.0268508736044, 0.0294848307967, 0.0554920583963, 0.0894885733724, 0.06306514889, 0.0672452673316, 0.0663894489408, 0.0379003547132, 0.0319118276238, 0.0407122150064, 0.0438128001988, 0.0555258877575, 0.0842739418149, 0.0608221665025, 0.0453729331493, 0.0615232661366, 0.0858882665634, 0.113788962364], "mean": [0.242554813623, 0.155871644616, 0.105797797441, 0.0878762975335, 0.0795520022511, 0.0949634313583, 0.113245911896, 0.117220707238, 0.137422755361, 0.147517248988, 0.12081989646, 0.0950885415077, 0.0838133692741, 0.0796857774258, 0.0942400097847, 0.106171675026, 0.0921816900373, 0.0782753378153, 0.07319919765, 0.0827519446611, 0.16161185503, 0.217355966568, 0.172435492277, 0.148474618793, 0.128044426441, 0.0830668732524, 0.0760738924146, 0.0919246375561, 0.100074522197, 0.137327030301, 0.176686361432, 0.142139077187, 0.108476556838, 0.13318246603, 0.189754262567, 0.257092505693]}, "tuning_equal_tempered_deviation": 0.120932802558, "chords_changes_rate": 0.093571074307, "key_key": "A", "tuning_diatonic_strength": 0.657064437866, "key_scale": "minor", "chords_number_rate": 0.00229020114057, "tuning_frequency": 441.017791748, "tuning_nontempered_energy_ratio": 0.80546438694, "chords_histogram": [20.1864871979, 28.9874038696, 9.32439041138, 18.3706855774, 1.48863077164, 1.37412071228, 0.0163585804403, 2.01210546494, 4.79306411743, 1.9303123951, 2.51922130585, 0, 0, 0, 0, 0, 0.147227227688, 0.310813009739, 1.40683794022, 0.0817928984761, 2.42106986046, 0, 2.96090292931, 1.66857516766], "key_strength": 0.757389128208, "chords_key": "C", "chords_strength": {"dmean2": 0.0172493029386, "median": 0.490955978632, "min": 0.254429996014, "dvar2": 0.000232468955801, "dvar": 0.000145892627188, "dmean": 0.0144961755723, "max": 0.806532382965, "var": 0.00910350028425, "mean": 0.500146985054}, "chords_scale": "major", "hpcp_entropy": {"dmean2": 1.24879741669, "median": 2.56116080284, "min": 0, "dvar2": 0.921920239925, "dvar": 0.340112268925, "dmean": 0.744935691357, "max": 4.68650531769, "var": 0.597197592258, "mean": 2.55625844002}}, "metadata": {"audio_properties": {"equal_loudness": 0, "codec": "mp3", "downmix": "mix", "sample_rate": 44100, "analysis_sample_rate": 44100, "bit_rate": 192000, "md5_encoded": "985b602257731434d086f06b4f2a46f9", "length": 283.820404053, "replay_gain": -5.94314575195, "lossless": false}, "version": {"essentia_build_sha": "2d9f1f26377add8aeb1075a9c2973f962c4f09fd", "essentia": "2.1-beta2", "extractor": "music 1.0", "essentia_git_sha": "v2.1_beta2-1-ge3940c0"}, "tags": {"title": ["Caroline"], "language": ["fra"], "acoustid_fingerprint": ["AQADtEmiTEmiuMGh40cjZcfhH6ZVVDqGp4MeXEeToXxyvNwQGs5P5Cjx2_iDXjt-iJOP44eXMYdmo8cdHo80WNGxGyKy8NFxZTzqJEdTMSFOPB9KhGF-6Epy_AivgMke4sfzR6iVB83HYTda4sIWBw9POFR2hM9Z6AhPo8mX4ylyaNQRVjOOKxeekoqQzEjjE5U6Cjc6XUgjHtpF5Dkea-B_9DyuY8uw5kT0DrpM9MEV5fjwHSVpmBeaVMeoo6fQPPgP_QjzF302lISFD14j2EK4dsczcYGWH32P08cf6KKOTruw7RD8BYr4o88FSz_xFpb3ICfhLyhK8Ec-3Dwk7ccl5IS3xsh7wsd_-Ax2-LgHWcty-DPOYyTSMSy8JS_OHP_gdC_8zMjxlMcP_bge4izEJ0pwmEfJPA_2ozm0n5gZos23wopUyB7SL_C5ojf-4RZCjR-kj8j4weREnLFxHV8-5FKCM4d4wirKE0efwWGF48TDDY-KPsPRHx-PB2I-fLh4-MUb-D201ziPHnYY3Bfcw6dw_Cr8IQ9PeMwe1JochMd9UOQMnccvnDmsyzhp-IlAv8MD_8EPC32gq2h-ovsQPnirGY9q9ImOHjmOO4aoE4e_XKh_XLLQKomMQxxjojJ-7Dl-ND2qG8e0I80fmEuE0OjR88SzQ_tgF8w5olQP_7gK8oeeZUWoc8F_oSkqF48RLhacQ3qLppFiXPnRVjF-aMf34D2cHeehKwuag3l0NDmLroX-IEx3vPTxxIbHoXKOcwyR7D2sJDoqXUf_BEZ9Zvi24YkC1eqCp7ih_SIaRUoePPvQH1quIN-Oay_aHFN2jGaDWgnKUcgVqOKRB18s-LjAJwzyLHOIQ8yD78jTSNWQyxmaByF7PDXxD4yqH02P68KDkA9EH66qo7oOuRuarIrRE-A_PB80j0ezFwGTUi44RhTyJ4cqBmErsE-H_-iD5tmm4uUQH9KLaxEuHW1EOFc2osHz4NGHHk0o4uXQg8ljofmhyRnyo9H2BVWPJ0bJHf4Ryi00E1bWLkGl_KgfiJdQH_FPfEmMZw_yy9AbHGH-BaWUWMKTI0wL7Tty4bpg5rh0XCrCh9Co8Mh14uKJ0ymalwgp4snBMksL1XRAHulJ4pnW4GeINxmaH2WW4zy-5BeaULXQ44o3ImegZUOuwjfCZyqqjTGaCz--QDskOVmOH_nhy-hFoa4QPyIe8gm0PkV2oouOu4Uf9EL84zwuJY02HOH0ozlPkJxw9NGRQ20wC2FuojeaJ4ifQ176IEz3Y9Rxx7iSw1WOH0nFE5aIWMwDXx7qHJHFD58GnXmOf9HR7SOapofOS7iWPGh2THuSC-oPfj9-hP3h6UKfHdl1_FATsviihBHhR4-wS8d3aGR21GKK9wmuX7D2JnjD4mJqPPCPZxEuQ5fQL0fzD12kHF8C8cajwFWC8NlxhSSecUETEdMv5McNPXvQ1_CuY09kOCK6Dzp39EkJ7-hRc4ao5jjh4z4-iJmOXMmKHz46X3gkL8F3RLIKMd-RvvCFPhF-XEeYbnKKiYOcnGiq7OinDbV9PDLhJcpRXsN7NNou9OmR63iSHydCR8sEH7egZ3kCf0dpHXeO4zlMfYM-XEIvcfhQLuzwHacS9Gj24KHwJcV1B_vhP_iOM2GERw4sPNNxBhe0Z0dzxsd8PNEJ3SmqI4874VWKNo2OJ9Fxp6heNEfik4iOizz6vLiMq8UuHSGlH3qSsHiCUJ_RvHgS5JJWfMmEp0ElKw4ajsesJMMdo0eYlaLwHHmDpoZG-sOXDeF19KSA54j2PIGqREK58UKYOiWucDi6SSeahceXD_nRPEvR4-TRTsd9dP2hKwv0oxmTLiizD_3R6Dq-3LhyrMpRHk2c45Yy7M006MnxNB_2PWhGNRL6HO_xRHrxPIWsPSgfhKmOy7iYpkN1o3lwZUf-gRF3NMehB8xzeMuNHprWwWZUIVwzoh-aHD9RpOehlcuO8jt8segTBflwLTlyJvgzEY1-tMezfJgo8YOYGrloPIGfFZMoKTeeJccpZgv6oXl25JC-I9-PPgpOb-jRNcFpXNmP9DmYHYfWMbCWZAjtG6dW9NHRPGpwJbrwbca_bGh-hOeg78hx1MqO7x3OBOnhLZmhuejRzAo-tMnR9PiPvB2aKkGpZMKzCh8DH8GVQRubIz2-5cg00jh8ZccLj4nSEO1Ioe8RZhmDK8vRHOEFhepT5EmN9_hUfAv6o3meGJeeIPmC1wiz0uilCbsSI0RzN4T-IAwjnIEfH7WP__gRSKMyfDuuCE32bIQv9Pj2CLoKLUdFdciZgcnxiAgT58UPfUda5cG1H80SG5Wj40c_pBo0KQo74d9Q68rRHLpPfFNwhRd-yE9xdESjKbES5NmHkIeWK8i34xqmMBcmXsNNow9CKpmgR8eTE_mDxyJ848qRRwzOjAqh3rB-3A-eRjoeB72DZkVe4zqupYNDn8QvXEH-QuNy1Ftw404yNOyMHhKPL_kE5ToakkeJ0B-eLYQ_Fg9CWscv_EFFP_AjaGSGiw-OXDzeREefSWieKPhgJ0OeB9dnyDoaDtV_nMePQz76EOn34BvSJcfM7OinoiP84mSR5_Cf4PJgMXi4YpsUhMwuKG0e3EWO5rlCVJKOLjHCeJD25TjCbJ8ByQkxDkFQPVGACEGQIYwBYYRwhAIFAIFSEOAkYxAIQJkzAAAAABIECUWAIAIgIAFBBBDLBELKAQAEINIQxBABgwEhiBYCKAOEMIIBA4QDCACBpBBAEEAYUIIoJoQQRgkADgAAAcQAA4IRYwgQQjiCkBAMUCmAA0AAAoQiEBADGHSGKEIAAoIyZoQWCCgKEAJKAAGMUcI4ZIQQQBAFnALAESUIEAwgBggxBAphhJOOIeIAAIxZpQwiACLygAECOEUFUAAYIQxBhiGCAABGIaQEIIgAAgAUCAhiEBDMAWEMIRQBQohBiBgDiIKAeEYIEOAKZ5y0BCkjAIJMOCCIAlIJYYBwAlChgECEKCAYMgoQJRCCRCDihGGEQYgAIQYAIwAQ0ggEFAOKCQMUMMwYShBCgAIKkCEEgKQMMkR4wI0BwhAAhAASA2AIYoIgAAQwBFClgAFCCGAIIhYQQpgzgAhgCCBACCGBMAIARBwAShBiADQACEOoMQAAQgACgRCAiUAACUSBEowJQRACQhhDhEBUJIKAQ9YIAYghEDABBUASMCWEUk4gAoRwQhGNICDAIOSccIQzYhChBBgBhDECIQQcEQQMAoA2hBhllBLIiQIBIII6IwAQwClkGDBIG4eEM0BIAZBxYCFiFAKcCEGIIQQKgwgQThCmIAGCMAGAEQoRZIQwUilkAFDCGcWQIoAYYxwgQgkkJBICGCIAQ8AwIwQBBECRCBFIAMEQEEhQEYhAiBgBgACCKckEEAJDJxgRQjkqECHASoE4UAghSwBSCgkDCFFCGQEAJUgIR4AgRCBANBICCeCIIIggYIRgxhAkhCaCAAAJocIAYggwDBDBAFNGEkIJMcAggYBEhDgFmEEUAAqkB0RAYBCgxCAiAELMGicAAFwCRBwQhFCAQBCAeAUEIYIBxJkhwAFgAKAI"], "date": ["1991"], "genre": ["Jazz-Rap"], "musicbrainz album type": ["Album"], "musicbrainz_releasegroupid": ["424d0675-f87c-3937-bc38-6b29810d1152"], "musicip_puid": ["c438a487-f540-f668-4f6c-79d3e44adc06"], "musicbrainz_recordingid": ["1620f6f9-3677-4c76-b0b3-3eb4078e0c5e"], "musicbrainz album release country": ["FR"], "musicbrainz_albumartistid": ["bbbd2644-b4cb-4bb5-a442-315310f68a0b"], "musicbrainz_albumid": ["9d0ce4db-41e1-403b-b19e-03e424b521c9"], "artist": ["MC Solaar"], "bpm": ["85.95"], "album": ["Qui s\u00e8me le vent r\u00e9colte le tempo"], "catalognumber": ["511 133-2"], "tracknumber": ["10"], "label": ["Polydor"], "acoustid_id": ["aea56e51-1479-4672-8a19-7fe72631dc51"], "musicbrainz_artistid": ["bbbd2644-b4cb-4bb5-a442-315310f68a0b"], "file_name": "MC Solaar - Caroline.mp3"}}, "rhythm": {"bpm_histogram_first_peak_bpm": {"dmean2": 0, "median": 86, "min": 86, "dvar2": 0, "dvar": 0, "dmean": 0, "max": 86, "var": 0, "mean": 86}, "bpm": 85.7634658813, "bpm_histogram_second_peak_spread": {"dmean2": 0, "median": 0, "min": 0, "dvar2": 0, "dvar": 0, "dmean": 0, "max": 0, "var": 0, "mean": 0}, "bpm_histogram_first_peak_weight": {"dmean2": 0, "median": 0.910891115665, "min": 0.910891115665, "dvar2": 0, "dvar": 0, "dmean": 0, "max": 0.910891115665, "var": 0, "mean": 0.910891115665}, "onset_rate": 4.95700550079, "beats_position": [0.696598649025, 1.4164172411, 2.12462592125, 2.83283448219, 3.55265307426, 4.27247142792, 4.99229001999, 5.72371864319, 6.45514726639, 7.18657588959, 7.90639448166, 8.6146030426, 9.33442115784, 10.0542402267, 10.774058342, 11.4938774109, 12.202085495, 12.9102945328, 13.6068935394, 14.2918815613, 15.0000905991, 15.696688652, 16.3932876587, 17.0898857117, 17.7980957031, 18.4946937561, 19.2029018402, 19.8994998932, 20.5960998535, 21.2926979065, 21.9892959595, 22.6742858887, 23.3708839417, 24.0790920258, 24.7756919861, 25.4722900391, 26.168888092, 26.865486145, 27.5620861053, 28.2586841583, 28.9668922424, 29.6751022339, 30.3717002869, 31.0682983398, 31.7648983002, 32.4614944458, 33.1580963135, 33.8546943665, 34.5512924194, 35.2594985962, 35.9561004639, 36.6526985168, 37.3609046936, 38.0575065613, 38.7541046143, 39.4507026672, 40.1473007202, 40.8438987732, 41.5404968262, 42.2370948792, 42.9336967468, 43.6419029236, 44.350112915, 45.046710968, 45.743309021, 46.439907074, 47.1365089417, 47.8331069946, 48.5297050476, 49.2379112244, 49.9461212158, 50.631111145, 51.3393173218, 52.0359191895, 52.7325172424, 53.4175033569, 54.1257133484, 54.8223114014, 55.5189094543, 56.2155075073, 56.912109375, 57.6203155518, 58.3285255432, 59.0251235962, 59.7217216492, 60.4183197021, 61.1149177551, 61.8115196228, 62.5081176758, 63.2047157288, 63.9129257202, 64.6095199585, 65.3177337646, 66.0143280029, 66.7109298706, 67.4075241089, 68.1041259766, 68.8007278442, 69.4973220825, 70.1939239502, 70.9137420654, 71.6103363037, 72.3069381714, 73.0035324097, 73.7001342773, 74.396736145, 75.0933303833, 75.789932251, 76.4865264893, 77.1831283569, 77.8797302246, 78.5763244629, 79.2729263306, 79.9811325073, 80.6893386841, 81.3859405518, 82.08253479, 82.7907485962, 83.4757385254, 84.1723327637, 84.8805389404, 85.5887527466, 86.2853469849, 86.9819488525, 87.6785507202, 88.3751449585, 89.0717468262, 89.7683410645, 90.4649429321, 91.1615371704, 91.8581390381, 92.5547409058, 93.2629470825, 93.9595413208, 94.667755127, 95.3643493652, 96.0609512329, 96.7575454712, 97.4541473389, 98.1507492065, 98.8473434448, 99.555557251, 100.263763428, 100.948753357, 101.656959534, 102.353561401, 103.05015564, 103.746757507, 104.443351746, 105.139953613, 105.836547852, 106.544761658, 107.252967834, 107.949569702, 108.64616394, 109.33115387, 110.039360046, 110.735961914, 111.432563782, 112.12915802, 112.837364197, 113.533966064, 114.230567932, 114.92716217, 115.635368347, 116.331970215, 117.028572083, 117.725166321, 118.421768188, 119.118362427, 119.814964294, 120.511566162, 121.2081604, 121.916366577, 122.624580383, 123.309570313, 124.017776489, 124.725982666, 125.410972595, 126.095962524, 126.804168701, 127.500770569, 128.197372437, 128.893966675, 129.602172852, 130.310379028, 131.006988525, 131.703582764, 132.400177002, 133.09677124, 133.793380737, 134.489974976, 135.186569214, 135.894775391, 136.602996826, 137.287979126, 137.984573364, 138.692779541, 139.389389038, 140.085983276, 140.782577515, 141.479187012, 142.17578125, 142.872375488, 143.568969727, 144.277191162, 144.985397339, 145.681991577, 146.378585815, 147.075195313, 147.771789551, 148.468383789, 149.164993286, 149.861587524, 150.558181763, 151.254776001, 151.962997437, 152.671203613, 153.367797852, 154.06439209, 154.761001587, 155.457595825, 156.154190063, 156.850784302, 157.547393799, 158.255599976, 158.963806152, 159.660400391, 160.357009888, 161.053604126, 161.750198364, 162.446792603, 163.1434021, 163.839996338, 164.536590576, 165.233200073, 165.929794312, 166.62638855, 167.322982788, 168.019592285, 168.727798462, 169.436004639, 170.132598877, 170.829208374, 171.525802612, 172.234008789, 172.942214966, 173.638824463, 174.335418701, 175.032012939, 175.728607178, 176.425216675, 177.121810913, 177.818405151, 178.526611328, 179.211608887, 179.908203125, 180.616409302, 181.324615479, 182.021224976, 182.717819214, 183.414413452, 184.111022949, 184.807617188, 185.515823364, 186.212417603, 186.920639038, 187.605621338, 188.302215576, 189.010421753, 189.70703125, 190.403625488, 191.100219727, 191.796829224, 192.493423462, 193.1900177, 193.898223877, 194.606430054, 195.303039551, 195.999633789, 196.696228027, 197.392837524, 198.089431763, 198.774414063, 199.482620239, 200.190841675, 200.887435913, 201.572418213, 202.28062439, 202.977233887, 203.673828125, 204.358810425, 205.07862854, 205.775238037, 206.471832275, 207.168426514, 207.87663269, 208.584854126, 209.281448364, 209.966430664, 210.663040161, 211.371246338, 212.067840576, 212.764434814, 213.461044312, 214.15763855, 214.854232788, 215.550842285, 216.259048462, 216.967254639, 217.663848877, 218.360443115, 219.057052612, 219.753646851, 220.450241089, 221.146850586, 221.843444824, 222.551651001, 223.259857178, 223.956451416, 224.653060913, 225.349655151, 226.04624939, 226.731246948, 227.439453125, 228.136047363, 228.832641602, 229.529251099, 230.237457275, 230.945663452, 231.64225769, 232.338867188, 233.035461426, 233.732055664, 234.428665161, 235.125259399, 235.821853638, 236.530059814, 237.238265991, 237.934875488, 238.631469727, 239.328063965, 240.024673462, 240.7212677, 241.417861938, 242.114456177, 242.811065674, 243.507659912, 244.215866089, 244.924072266, 245.620681763, 246.317276001, 247.013870239, 247.710464478, 248.407073975, 249.092056274, 249.800262451, 250.496871948, 251.193466187, 251.890060425, 252.598266602, 253.306488037, 254.003082275, 254.699676514, 255.396270752, 256.09286499, 256.789459229, 257.486083984, 258.194274902, 258.902496338, 259.599090576, 260.284088135, 260.992279053, 261.688873291, 262.385467529, 263.082092285, 263.778686523, 264.475280762, 265.171875, 265.868469238, 266.565063477, 267.273284912, 267.981506348, 268.678100586, 269.374694824, 270.071289063, 270.767883301, 271.464477539, 272.172698975, 272.880889893, 273.565887451, 274.25088501, 274.959075928, 275.667297363, 276.363891602, 277.06048584, 277.757080078, 278.453704834, 279.150299072, 279.846893311, 280.555084229, 281.263305664, 281.959899902, 282.656494141, 283.364715576], "beats_loudness": {"dmean2": 0.0509770475328, "median": 0.049856312573, "min": 1.03156132525e-08, "dvar2": 0.00167213997338, "dvar": 0.00053153274348, "dmean": 0.0290310289711, "max": 0.135428056121, "var": 0.000885895511601, "mean": 0.047921795398}, "danceability": 1.4606897831, "bpm_histogram_second_peak_weight": {"dmean2": 0, "median": 0, "min": 0, "dvar2": 0, "dvar": 0, "dmean": 0, "max": 0, "var": 0, "mean": 0}, "beats_count": 405, "bpm_histogram_second_peak_bpm": {"dmean2": 0, "median": 0, "min": 0, "dvar2": 0, "dvar": 0, "dmean": 0, "max": 0, "var": 0, "mean": 0}, "bpm_histogram_first_peak_spread": {"dmean2": 0, "median": 0.0891088843346, "min": 0.0891088843346, "dvar2": 0, "dvar": 0, "dmean": 0, "max": 0.0891088843346, "var": 0, "mean": 0.0891088843346}, "beats_loudness_band_ratio": {"dmean2": [0.697080731392, 0.235684201121, 0.1027976349, 0.204900532961, 0.330597102642, 0.27411878109], "median": [0.382623940706, 0.139920279384, 0.0563009530306, 0.0645679682493, 0.0796981975436, 0.113387748599], "min": [0.0250155702233, 0.00223061372526, 0.000883604749106, 0.000435695488704, 0.0018557771109, 0.000294333818601], "dvar2": [0.128069639206, 0.029096070677, 0.00568751851097, 0.00462210690603, 0.0128627782688, 0.0557128861547], "dvar": [0.0437423177063, 0.0100722676143, 0.00223510200158, 0.00152295338921, 0.00378575106151, 0.0224016420543], "dmean": [0.363972395658, 0.133538961411, 0.0573761835694, 0.102783024311, 0.166271150112, 0.167095184326], "max": [0.945463657379, 0.662726700306, 0.281371742487, 0.23241789639, 0.365573585033, 0.89490288496], "var": [0.0602007694542, 0.0141744883731, 0.00278601399623, 0.00352764432319, 0.00908402074128, 0.02604361251], "mean": [0.459701836109, 0.171845316887, 0.0700442492962, 0.0669475495815, 0.110345229506, 0.160070061684]}}, "lowlevel": {"barkbands_spread": {"dmean2": 16.4400272369, "median": 13.8923444748, "min": 0.275867581367, "dvar2": 396.064025879, "dvar": 182.270080566, "dmean": 10.4046535492, "max": 112.151519775, "var": 399.329650879, "mean": 21.2996082306}, "melbands_spread": {"dmean2": 19.4930057526, "median": 8.05201339722, "min": 0.366814106703, "dvar2": 1029.77270508, "dvar": 470.444549561, "dmean": 12.3078689575, "max": 286.797546387, "var": 859.311828613, "mean": 20.1896343231}, "hfc": {"dmean2": 16.8146915436, "median": 7.05523014069, "min": 1.21626453513e-16, "dvar2": 831.434326172, "dvar": 401.721435547, "dmean": 11.4021034241, "max": 526.516723633, "var": 666.968017578, "mean": 16.3116760254}, "barkbands_kurtosis": {"dmean2": 24.9034957886, "median": 10.1696529388, "min": -1.97367477417, "dvar2": 1842.99694824, "dvar": 711.81640625, "dmean": 15.4727649689, "max": 518.830566406, "var": 1005.72509766, "mean": 20.778087616}, "gfcc": {"mean": [-59.1257362366, 98.1927947998, -99.7521057129, 74.873336792, -51.4667015076, 17.6193981171, -32.3781204224, 8.38955879211, -14.4243803024, -3.81196188927, -15.0506734848, -4.09447813034, -6.72727775574], "icov": [[0.000120590368169, -0.000246068113483, 9.61277110036e-05, -0.000385436636861, 0.000316701742122, -0.000422632554546, 0.000315242330544, -0.000273572542937, 0.000234578445088, -0.000198926631128, 1.00749857666e-05, -5.0243394071e-05, 0.000218311877688], [-0.000246068113483, 0.00361993280239, -0.00101403775625, 0.00308567518368, -0.00164780975319, 0.00289160129614, -0.00220001884736, 0.00356857781298, -0.00264070625417, 0.00338547583669, -0.00197734357789, 0.00234481832013, -0.00171797536314], [9.61277110036e-05, -0.00101403775625, 0.0015705114929, -0.00124534277711, 0.00019931908173, -0.00153692765161, 0.00114566925913, -0.0012518739095, 0.000547417730559, -0.000852338271216, 0.000753441185225, -0.000460595038021, 0.000247961783316], [-0.000385436636861, 0.00308567518368, -0.00124534277711, 0.0055786324665, -0.00143918860704, 0.00166554900352, -0.00163933006115, 0.00412040948868, -0.00384382391348, 0.00334195140749, -0.00157829606906, 0.00221148272976, -0.00215827138163], [0.000316701742122, -0.00164780975319, 0.00019931908173, -0.00143918860704, 0.00537409214303, -0.00156448537018, -0.000184549819096, -0.00130600901321, 0.000908523623366, -0.000512224272825, -5.20653047715e-05, 0.00169717217796, -0.000544257636648], [-0.000422632554546, 0.00289160129614, -0.00153692765161, 0.00166554900352, -0.00156448537018, 0.0100706927478, -0.00440975790843, 9.77756353677e-05, -0.00124897866044, 0.00142213981599, -9.61790356087e-05, 0.000616376462858, -0.000999936833978], [0.000315242330544, -0.00220001884736, 0.00114566925913, -0.00163933006115, -0.000184549819096, -0.00440975790843, 0.00723607745022, -0.00122682854999, -0.000471236067824, -0.00181768194307, 0.000644135288894, -0.001090142061, 0.00184792315122], [-0.000273572542937, 0.00356857781298, -0.0012518739095, 0.00412040948868, -0.00130600901321, 9.77756353677e-05, -0.00122682854999, 0.0146189564839, -0.00455727102235, 0.000879291910678, -0.00152738706674, 0.00210427958518, -0.000609380949754], [0.000234578445088, -0.00264070625417, 0.000547417730559, -0.00384382391348, 0.000908523623366, -0.00124897866044, -0.000471236067824, -0.00455727102235, 0.0116624496877, -0.00453076697886, 0.00161799415946, -0.000344008149114, -0.000659576617181], [-0.000198926631128, 0.00338547583669, -0.000852338271216, 0.00334195140749, -0.000512224272825, 0.00142213981599, -0.00181768194307, 0.000879291910678, -0.00453076697886, 0.014764518477, -0.00326539669186, -9.16624994716e-05, -2.83594235952e-05], [1.00749857666e-05, -0.00197734357789, 0.000753441185225, -0.00157829606906, -5.20653047715e-05, -9.61790356087e-05, 0.000644135288894, -0.00152738706674, 0.00161799415946, -0.00326539669186, 0.014083025977, -0.00273786461912, 0.000679083517753], [-5.0243394071e-05, 0.00234481832013, -0.000460595038021, 0.00221148272976, 0.00169717217796, 0.000616376462858, -0.001090142061, 0.00210427958518, -0.000344008149114, -9.16624994716e-05, -0.00273786461912, 0.0184522680938, -0.00672943517566], [0.000218311877688, -0.00171797536314, 0.000247961783316, -0.00215827138163, -0.000544257636648, -0.000999936833978, 0.00184792315122, -0.000609380949754, -0.000659576617181, -2.83594235952e-05, 0.000679083517753, -0.00672943517566, 0.0163471195847]], "cov": [[14556.3271484, -1117.33483887, 214.140792847, 898.603759766, -824.463684082, 440.876800537, -472.119476318, 153.14805603, -74.158241272, 102.10899353, 8.14061260223, 51.6928215027, -119.704788208], [-1117.33483887, 1388.49475098, 26.8079929352, -285.42678833, 324.661743164, -226.181869507, 166.723876953, -181.828598022, 50.8001365662, -173.480407715, 65.0640106201, -108.97983551, 48.284828186], [214.140792847, 26.8079929352, 942.475158691, 186.951385498, 51.6829605103, 117.210403442, -29.7093925476, 41.4777374268, 48.1259460449, 1.86130988598, -27.4962081909, -11.8865308762, 22.3333778381], [898.603759766, -285.42678833, 186.951385498, 490.292144775, -4.99894809723, 78.1535415649, -3.4293346405, -12.6835403442, 72.4565887451, -9.91518211365, -9.73371887207, -7.42528772354, 24.6821517944], [-824.463684082, 324.661743164, 51.6829605103, -4.99894809723, 335.356109619, -6.03753757477, 102.882781982, -27.2150154114, 34.4209480286, -42.1703071594, 11.2743234634, -53.4215164185, 20.6935710907], [440.876800537, -226.181869507, 117.210403442, 78.1535415649, -6.03753757477, 210.935165405, 64.3407211304, 56.6843490601, 23.5695858002, 34.3053817749, -17.491985321, 9.4657869339, -7.94221973419], [-472.119476318, 166.723876953, -29.7093925476, -3.4293346405, 102.882781982, 64.3407211304, 256.809783936, -0.48178806901, 55.7758407593, 1.45868015289, 4.42468500137, -18.7674636841, -3.51952767372], [153.14805603, -181.828598022, 41.4777374268, -12.6835403442, -27.2150154114, 56.6843490601, -0.48178806901, 121.89365387, 21.6589241028, 40.4882316589, -6.71384716034, 8.08323574066, -11.7478151321], [-74.158241272, 50.8001365662, 48.1259460449, 72.4565887451, 34.4209480286, 23.5695858002, 55.7758407593, 21.6589241028, 139.660797119, 20.8492774963, -0.933602690697, -9.58643245697, 14.0191440582], [102.10899353, -173.480407715, 1.86130988598, -9.91518211365, -42.1703071594, 34.3053817749, 1.45868015289, 40.4882316589, 20.8492774963, 112.239875793, 6.77680873871, 20.1159210205, -9.85845947266], [8.14061260223, 65.0640106201, -27.4962081909, -9.73371887207, 11.2743234634, -17.491985321, 4.42468500137, -6.71384716034, -0.933602690697, 6.77680873871, 82.2462539673, 6.33434534073, 3.58103227615], [51.6928215027, -108.97983551, -11.8865308762, -7.42528772354, -53.4215164185, 9.4657869339, -18.7674636841, 8.08323574066, -9.58643245697, 20.1159210205, 6.33434534073, 79.6658630371, 20.4599189758], [-119.704788208, 48.284828186, 22.3333778381, 24.6821517944, 20.6935710907, -7.94221973419, -3.51952767372, -11.7478151321, 14.0191440582, -9.85845947266, 3.58103227615, 20.4599189758, 79.7512359619]]}, "spectral_energyband_middle_low": {"dmean2": 0.00748660322279, "median": 0.00443694600835, "min": 2.99463741769e-22, "dvar2": 0.000129106309032, "dvar": 5.26266267116e-05, "dmean": 0.00479606632143, "max": 0.0879069939256, "var": 8.53802266647e-05, "mean": 0.00775474077091}, "melbands_crest": {"dmean2": 6.36840820313, "median": 17.2548141479, "min": 1.81894373894, "dvar2": 29.6975421906, "dvar": 11.6997289658, "dmean": 3.87356138229, "max": 35.5459251404, "var": 32.2335090637, "mean": 17.4581432343}, "spectral_kurtosis": {"dmean2": 2.47258090973, "median": 2.07814002037, "min": -1.27041900158, "dvar2": 10.9639835358, "dvar": 3.79403448105, "dmean": 1.4776198864, "max": 46.6562652588, "var": 10.4536724091, "mean": 2.81091475487}, "spectral_rms": {"dmean2": 0.00265332404524, "median": 0.00473044719547, "min": 3.24552776147e-12, "dvar2": 1.33875928441e-05, "dvar": 5.16185400556e-06, "dmean": 0.00168676336762, "max": 0.0221834331751, "var": 9.56280200626e-06, "mean": 0.00492942659184}, "zerocrossingrate": {"dmean2": 0.0180011317134, "median": 0.0380859375, "min": 0.00244140625, "dvar2": 0.000424251193181, "dvar": 0.000356328964699, "dmean": 0.0157258603722, "max": 0.50439453125, "var": 0.00179887434933, "mean": 0.0511704385281}, "silence_rate_60dB": {"dmean2": 0.0939212962985, "median": 0, "min": 0, "dvar2": 0.0970517620444, "dvar": 0.0447490438819, "dmean": 0.046956807375, "max": 1, "var": 0.135272398591, "mean": 0.161308795214}, "erbbands_kurtosis": {"dmean2": 2.26129722595, "median": -0.657027602196, "min": -1.86978840828, "dvar2": 11.1781072617, "dvar": 4.76577186584, "dmean": 1.39828777313, "max": 29.8645858765, "var": 6.57163858414, "mean": 0.191979721189}, "erbbands": {"dmean2": [0.448064029217, 6.28067731857, 18.0046482086, 15.0386285782, 13.3723306656, 9.76916122437, 6.92210197449, 10.0491600037, 10.2957191467, 10.6429605484, 6.46567201614, 7.42109441757, 9.8042640686, 6.03035449982, 4.69873762131, 8.55958080292, 9.87316036224, 8.24545669556, 9.85491371155, 13.4344730377, 20.8498973846, 19.6858577728, 20.685956955, 28.3324775696, 24.7006568909, 28.9311237335, 18.4171714783, 17.0762081146, 9.70700550079, 15.7198581696, 7.16294145584, 3.40641713142, 4.0488986969, 1.56285631657, 0.453432559967, 0.0945129841566, 0.0168285500258, 0.00223723822273, 0.00013002777996, 4.9382870202e-05], "median": [0.141350030899, 1.50945615768, 4.89650630951, 4.56150770187, 5.14431190491, 2.91044449806, 1.98800241947, 2.01410245895, 1.61773967743, 1.57076323032, 0.93146032095, 1.47054052353, 1.40513217449, 0.901705563068, 0.982239484787, 0.71349811554, 0.899125516415, 1.53479087353, 1.54098427296, 2.17902350426, 3.54762983322, 4.73350000381, 2.80672359467, 2.89736604691, 2.36436104774, 2.31220507622, 2.83539009094, 1.73528957367, 1.39287555218, 2.84132528305, 1.25868761539, 0.372849673033, 0.207464337349, 0.0892152264714, 0.0464456565678, 0.00597358960658, 0.000954302260652, 0.000134409303428, 1.99583755602e-05, 2.8796677725e-05], "min": [2.69558264666e-22, 1.66786813939e-21, 1.24213746321e-20, 4.5382879798e-20, 2.30632995896e-20, 5.28619948651e-20, 2.42930279704e-19, 1.8026550634e-19, 2.04365607357e-19, 1.146634353e-18, 2.22607806562e-18, 2.65638362412e-18, 1.86331842157e-18, 2.24721914771e-18, 2.66738347191e-18, 3.60708815152e-18, 4.59526871696e-18, 1.01958613176e-17, 9.05338840682e-18, 7.26545653794e-18, 6.94668677246e-18, 8.94474898671e-18, 1.08741783712e-17, 1.51765126547e-17, 2.15442979027e-17, 1.51692830962e-17, 1.33391856956e-17, 1.50468355501e-17, 1.27494059188e-17, 1.78660391312e-17, 1.9865981527e-17, 1.85341016268e-17, 1.04771333315e-17, 1.05858744948e-17, 9.09036255302e-18, 6.75475564134e-18, 2.85055765547e-18, 1.38428747889e-18, 4.09020598681e-19, 3.61719845703e-20], "dvar2": [0.636201560497, 154.545532227, 1267.54541016, 851.619567871, 481.464447021, 397.17288208, 179.304550171, 464.618621826, 654.171203613, 664.989624023, 322.625640869, 465.45892334, 913.845031738, 275.81942749, 131.888504028, 483.116668701, 675.046447754, 324.962432861, 638.530578613, 1096.0189209, 2920.48803711, 1434.14807129, 1998.23828125, 4662.25585938, 2638.33105469, 5039.47216797, 1123.49487305, 1231.07983398, 1167.39453125, 1591.51538086, 509.559448242, 239.074783325, 531.204345703, 66.1182785034, 2.57007479668, 0.114247277379, 0.00415408145636, 9.0531008027e-05, 1.06320430859e-06, 8.12604206146e-09], "dvar": [0.228230625391, 54.7478256226, 452.885772705, 301.119873047, 183.016113281, 173.353179932, 86.8205032349, 218.051483154, 287.455932617, 276.050384521, 144.87197876, 226.523361206, 413.92880249, 117.909248352, 54.3333587646, 191.412155151, 293.053741455, 161.827697754, 283.104431152, 436.29498291, 1147.27124023, 662.895812988, 968.127929688, 1890.41784668, 1066.21459961, 1873.41699219, 489.5496521, 542.652282715, 543.055480957, 670.405273438, 226.289825439, 107.02280426, 234.391464233, 32.2763710022, 1.25257563591, 0.0472807511687, 0.00159455579706, 3.33118950948e-05, 3.80534402211e-07, 3.00636981976e-09], "dmean": [0.263362616301, 3.50358247757, 10.1801738739, 8.54900932312, 8.10556793213, 6.26521492004, 4.54296350479, 6.45201301575, 6.68114089966, 6.58441638947, 4.25641584396, 4.93802118301, 6.60459947586, 4.00461006165, 2.97273039818, 5.21601009369, 6.26037168503, 5.48069190979, 6.28366708755, 8.46179294586, 13.1421947479, 12.7273988724, 14.4260015488, 18.4388217926, 15.3278608322, 17.3679828644, 11.5359306335, 10.9889507294, 6.30488491058, 9.9944229126, 4.7047958374, 2.22382187843, 2.62936902046, 1.03611838818, 0.294606745243, 0.0589778199792, 0.0102138202637, 0.00134322606027, 7.64934302424e-05, 2.98843551718e-05], "max": [4.51709270477, 72.3548202515, 245.896896362, 215.072158813, 144.560379028, 204.523956299, 194.889144897, 387.742858887, 364.271484375, 300.099761963, 393.498077393, 555.001708984, 470.340515137, 206.396560669, 121.168479919, 232.156616211, 295.398223877, 249.408782959, 305.347442627, 523.039550781, 381.37197876, 490.351867676, 395.073669434, 423.478393555, 537.062683105, 392.659057617, 298.303375244, 650.386230469, 1446.5682373, 901.985961914, 461.361572266, 520.156982422, 644.02532959, 228.880401611, 54.1493148804, 7.22247266769, 1.27703130245, 0.171569809318, 0.0246967449784, 0.00121747935191], "var": [0.215302735567, 40.5567321777, 349.451934814, 243.389038086, 219.460021973, 252.710464478, 147.550018311, 331.45602417, 374.43170166, 316.360809326, 209.122253418, 340.132415771, 550.052490234, 168.481536865, 73.435256958, 193.327362061, 325.165924072, 275.450744629, 360.025634766, 431.659637451, 1213.07983398, 1071.7401123, 1471.39807129, 2006.09313965, 1037.32849121, 1451.0300293, 626.446044922, 641.624023438, 678.035766602, 791.569152832, 271.771636963, 119.979286194, 253.769699097, 41.449382782, 1.72068989277, 0.0511061958969, 0.00145476683974, 2.53950984188e-05, 2.36543954202e-07, 2.94200774853e-09], "mean": [0.303676456213, 3.60103678703, 10.7936439514, 9.40906620026, 10.4579029083, 8.82807159424, 6.66372442245, 8.21280765533, 7.97531175613, 7.39457035065, 5.41308736801, 6.26521587372, 8.26789951324, 5.23256969452, 3.80521130562, 5.2904958725, 6.41570806503, 7.18721199036, 7.29287004471, 8.96050834656, 15.1541824341, 16.7351360321, 16.0652217865, 18.2651672363, 14.3835315704, 15.1622915268, 12.8095436096, 10.8956432343, 7.04527425766, 11.5891361237, 5.52321815491, 2.51710176468, 2.83447480202, 1.12878799438, 0.347788065672, 0.0626090615988, 0.0101311989129, 0.00130679237191, 7.44450881029e-05, 4.34230678366e-05]}, "spectral_strongpeak": {"dmean2": 0.41847088933, "median": 0.289205282927, "min": 0, "dvar2": 0.508324563503, "dvar": 0.187767654657, "dmean": 0.242674320936, "max": 10.1292610168, "var": 0.172322228551, "mean": 0.377414286137}, "spectral_energy": {"dmean2": 0.0410546697676, "median": 0.0229365583509, "min": 1.07967870623e-20, "dvar2": 0.00567354867235, "dvar": 0.00206629559398, "dmean": 0.0244756601751, "max": 0.504407346249, "var": 0.00190824829042, "mean": 0.0347084775567}, "average_loudness": 0.905127704144, "spectral_rolloff": {"dmean2": 1254.79370117, "median": 279.931640625, "min": 43.06640625, "dvar2": 4111573.5, "dvar": 1933758.875, "dmean": 738.525756836, "max": 18690.8203125, "var": 3305902.5, "mean": 1190.45056152}, "spectral_centroid": {"dmean2": 754.570007324, "median": 1077.35998535, "min": 129.959213257, "dvar2": 650634.5625, "dvar": 327017.0625, "dmean": 504.09866333, "max": 11095.609375, "var": 919372.5, "mean": 1369.25183105}, "pitch_salience": {"dmean2": 0.164850190282, "median": 0.538581669331, "min": 0.0562345869839, "dvar2": 0.0206298604608, "dvar": 0.00796200241894, "dmean": 0.101412586868, "max": 0.989768326283, "var": 0.0213590785861, "mean": 0.515509009361}, "spectral_energyband_middle_high": {"dmean2": 0.00240318477154, "median": 0.000647219829261, "min": 1.8125354854e-21, "dvar2": 1.89183756447e-05, "dvar": 9.90904572973e-06, "dmean": 0.0016986153787, "max": 0.0348783656955, "var": 1.77793299372e-05, "mean": 0.00216444372199}, "spectral_contrast_coeffs": {"dmean2": [0.0932066217065, 0.0808860063553, 0.0604305565357, 0.048800740391, 0.0442106537521, 0.0442223958671], "median": [-0.651856958866, -0.7689062953, -0.81198656559, -0.818764686584, -0.813360452652, -0.735777437687], "min": [-0.977611601353, -0.993405938148, -0.982852697372, -0.981755554676, -0.957532346249, -0.959501564503], "dvar2": [0.00610938668251, 0.00438585318625, 0.00226929457858, 0.00158733536955, 0.00164075405337, 0.00162679003552], "dvar": [0.00235173222609, 0.00188213994261, 0.000929147063289, 0.000635598436929, 0.000636276265141, 0.000730156898499], "dmean": [0.0571719221771, 0.0506443418562, 0.0376329235733, 0.029987193644, 0.0269969049841, 0.0291203446686], "max": [-0.381466954947, -0.469609051943, -0.587438344955, -0.59352850914, -0.602383077145, -0.585720002651], "var": [0.00672892015427, 0.00532207172364, 0.00253133126535, 0.00165321130771, 0.00121492205653, 0.00244882935658], "mean": [-0.656834363937, -0.75845593214, -0.805598556995, -0.814561665058, -0.810671389103, -0.73820066452]}, "melbands_skewness": {"dmean2": 2.98857760429, "median": 5.37431907654, "min": -1.79276835918, "dvar2": 9.0998878479, "dvar": 3.84368729591, "dmean": 1.92850852013, "max": 22.1834640503, "var": 11.2814064026, "mean": 5.69858121872}, "spectral_spread": {"dmean2": 1011244.4375, "median": 4665642.5, "min": 1315646.5, "dvar2": 1346434498560.0, "dvar": 655588982784, "dmean": 674998.3125, "max": 41086432, "var": 2126499807230.0, "mean": 4852543}, "dissonance": {"dmean2": 0.0233379658312, "median": 0.477136343718, "min": 0, "dvar2": 0.000556078739464, "dvar": 0.000248457916314, "dmean": 0.014815159142, "max": 0.500000059605, "var": 0.000563105044421, "mean": 0.470870554447}, "spectral_skewness": {"dmean2": 0.447010368109, "median": 1.08225703239, "min": -0.299563467503, "dvar2": 0.19202670455, "dvar": 0.0817984417081, "dmean": 0.285849779844, "max": 5.24890708923, "var": 0.246403947473, "mean": 1.14937794209}, "spectral_flux": {"dmean2": 0.0713650509715, "median": 0.082302108407, "min": 1.03907590865e-10, "dvar2": 0.0077888155356, "dvar": 0.00401188526303, "dmean": 0.045455198735, "max": 0.638838529587, "var": 0.00709468079731, "mean": 0.101548969746}, "spectral_contrast_valleys": {"dmean2": [0.74556940794, 0.727382719517, 0.67925286293, 0.696597218513, 0.666589260101, 0.679323971272], "median": [-6.88201475143, -7.4617524147, -8.24381542206, -8.40365219116, -7.69256877899, -10.4016942978], "min": [-26.6532516479, -27.383852005, -27.3295345306, -27.2294216156, -27.349609375, -27.304643631], "dvar2": [0.385822117329, 0.392555445433, 0.356524258852, 0.433241844177, 0.468779921532, 0.519387423992], "dvar": [0.172650441527, 0.198009476066, 0.192010864615, 0.224338114262, 0.234710499644, 0.284109950066], "dmean": [0.47153916955, 0.481993883848, 0.458223998547, 0.491859674454, 0.509701728821, 0.512700200081], "max": [-4.98976039886, -4.92550945282, -5.47958993912, -5.5579624176, -5.28768539429, -6.88079977036], "var": [1.54990446568, 1.43647146225, 1.35173523426, 1.52145421505, 1.73293828964, 2.22470879555], "mean": [-7.1441411972, -7.4975733757, -8.26239585876, -8.44164657593, -7.81092214584, -10.6018190384]}, "erbbands_flatness_db": {"dmean2": 0.0286016967148, "median": 0.137982815504, "min": 0.0439855456352, "dvar2": 0.00074160436634, "dvar": 0.000300112908008, "dmean": 0.0179972946644, "max": 0.293832302094, "var": 0.000975204515271, "mean": 0.141956627369}, "spectral_energyband_high": {"dmean2": 0.00151955767069, "median": 0.000272531295195, "min": 7.60100303843e-21, "dvar2": 1.09616294139e-05, "dvar": 5.19824516232e-06, "dmean": 0.000998654169962, "max": 0.0628161430359, "var": 7.33824708732e-06, "mean": 0.00117715611123}, "spectral_entropy": {"dmean2": 0.364438295364, "median": 7.66809511185, "min": 5.60411310196, "dvar2": 0.127252131701, "dvar": 0.0614799447358, "dmean": 0.242023050785, "max": 9.79121112823, "var": 0.206757292151, "mean": 7.58943367004}, "silence_rate_20dB": {"dmean2": 0, "median": 1, "min": 1, "dvar2": 0, "dvar": 0, "dmean": 0, "max": 1, "var": 0, "mean": 1}, "melbands_flatness_db": {"dmean2": 0.0746457129717, "median": 0.262155175209, "min": 0.00577434152365, "dvar2": 0.0048344116658, "dvar": 0.00233613955788, "dmean": 0.0502399988472, "max": 0.574804484844, "var": 0.00943490955979, "mean": 0.257167875767}, "barkbands": {"dmean2": [0.000568893854506, 0.0237707197666, 0.0149971777573, 0.00438533024862, 0.00310444761999, 0.00113391154446, 0.000746772158891, 0.000356996810297, 0.000304114160826, 0.00028981352807, 0.0001