{"tonal": {"thpcp": [1, 0.579874157906, 0.34401255846, 0.334476828575, 0.302708417177, 0.294301629066, 0.281792342663, 0.245151251554, 0.298329025507, 0.364119887352, 0.351574599743, 0.394256532192, 0.444150805473, 0.431824266911, 0.585185587406, 0.740650117397, 0.599132120609, 0.405255079269, 0.341045320034, 0.347096413374, 0.493040084839, 0.600634515285, 0.629859387875, 0.732437849045, 0.572081625462, 0.274156928062, 0.2033136338, 0.212493494153, 0.231486454606, 0.340274363756, 0.386206507683, 0.325325578451, 0.336224496365, 0.376147180796, 0.503953874111, 0.905619800091], "hpcp": {"dmean2": [0.387140363455, 0.377905398607, 0.295833826065, 0.22611579299, 0.194853261113, 0.170874714851, 0.152666673064, 0.153004065156, 0.153509765863, 0.165117815137, 0.182124957442, 0.188299104571, 0.213227704167, 0.238232031465, 0.258866071701, 0.296642094851, 0.306784570217, 0.315230101347, 0.252284169197, 0.214208126068, 0.241922691464, 0.270272344351, 0.279853224754, 0.347337603569, 0.438406407833, 0.29897364974, 0.169135913253, 0.142167448997, 0.139157876372, 0.151145920157, 0.197792768478, 0.227656945586, 0.212969794869, 0.232664033771, 0.268638581038, 0.32531324029], "median": [0.186576589942, 0.208877712488, 0.114128656685, 0.0441945679486, 0.037861391902, 0.0448058843613, 0.0476448126137, 0.0414636433125, 0.0349518358707, 0.0397733747959, 0.0506701916456, 0.0517279990017, 0.0552635528147, 0.055512227118, 0.0582775808871, 0.08691008389, 0.0932969450951, 0.0814200490713, 0.0544945299625, 0.0337286219001, 0.0343543291092, 0.0674142539501, 0.0830607563257, 0.111777856946, 0.0981193110347, 0.0739405155182, 0.0308102741838, 0.0265640001744, 0.0274879764766, 0.0310452356935, 0.0388796515763, 0.0406702533364, 0.0392059497535, 0.0396239981055, 0.0393246673048, 0.0732489079237], "min": [0, 0, 0, 0, 0, 0, 0, 0, 0, 0, 0, 0, 0, 0, 0, 0, 0, 0, 0, 0, 0, 0, 0, 0, 0, 0, 0, 0, 0, 0, 0, 0, 0, 0, 0, 0], "dvar2": [0.145280182362, 0.140646621585, 0.116587638855, 0.104952283204, 0.0949925705791, 0.0732818841934, 0.0572643913329, 0.061892811209, 0.0705080032349, 0.0716469809413, 0.0811696946621, 0.0801176950336, 0.0919945165515, 0.112129189074, 0.126842796803, 0.135785534978, 0.128281116486, 0.146814033389, 0.116038709879, 0.107748799026, 0.127052783966, 0.117122486234, 0.121568381786, 0.137198150158, 0.229643255472, 0.111628301442, 0.0794990882277, 0.0708860903978, 0.0706644058228, 0.0740638673306, 0.0964298918843, 0.119262225926, 0.102138906717, 0.123254157603, 0.137838900089, 0.152511924505], "dvar": [0.0623666010797, 0.06221428141, 0.04287295416, 0.0387419760227, 0.0362876057625, 0.0272198002785, 0.0208464879543, 0.0230186190456, 0.0253073163331, 0.0265755522996, 0.0314188152552, 0.0299803614616, 0.0349708795547, 0.0442081093788, 0.0475122891366, 0.0523000210524, 0.061849579215, 0.0574230700731, 0.0436662770808, 0.0418990068138, 0.0460378266871, 0.0464469343424, 0.0530644357204, 0.0525700449944, 0.0914159342647, 0.0484738536179, 0.029553854838, 0.0254087988287, 0.0258570257574, 0.0264729019254, 0.0374657288194, 0.046209089458, 0.037127237767, 0.0450603403151, 0.0516465269029, 0.0570211969316], "dmean": [0.22592818737, 0.222528874874, 0.168436393142, 0.126324847341, 0.109513796866, 0.0967234671116, 0.0878804922104, 0.0881675109267, 0.0858297795057, 0.0936264023185, 0.104851253331, 0.108183801174, 0.12303379178, 0.1371922791, 0.146443516016, 0.17217437923, 0.181366249919, 0.182494133711, 0.142210498452, 0.120369836688, 0.135667920113, 0.156276270747, 0.163269594312, 0.198161780834, 0.247079089284, 0.173384100199, 0.0951188951731, 0.0787831321359, 0.0779302194715, 0.085408501327, 0.113343112171, 0.129438981414, 0.11973465234, 0.12933152914, 0.148240163922, 0.18436293304], "max": [1, 1, 1, 1, 1, 1, 1, 1, 1, 1, 1, 1, 1, 1, 1, 1, 1, 1, 1, 1, 1, 1, 1, 1, 1, 1, 1, 1, 1, 1, 1, 1, 1, 1, 1, 1], "var": [0.104767516255, 0.119711279869, 0.0539942272007, 0.0376032069325, 0.0429170913994, 0.0285678096116, 0.0250500105321, 0.0261822734028, 0.0215071495622, 0.030655561015, 0.0430531091988, 0.0354125835001, 0.04083487764, 0.0560383982956, 0.0490299537778, 0.0683839768171, 0.109129145741, 0.074464596808, 0.0461846590042, 0.0464925765991, 0.0430070497096, 0.0577265508473, 0.0801895558834, 0.0635597407818, 0.104673393071, 0.0714985132217, 0.0293828453869, 0.0192570630461, 0.0206237379462, 0.0215699002147, 0.0423371717334, 0.0523744486272, 0.0354976579547, 0.0388716869056, 0.0475992746651, 0.0575026646256], "mean": [0.318320095539, 0.351494193077, 0.203822404146, 0.120918415487, 0.117566660047, 0.106400251389, 0.103445313871, 0.0990483686328, 0.0861692428589, 0.104860924184, 0.12798602879, 0.123576425016, 0.138578876853, 0.156116425991, 0.151783719659, 0.205689325929, 0.260334223509, 0.210591465235, 0.142444804311, 0.119875453413, 0.122002378106, 0.173300728202, 0.211119547486, 0.221391916275, 0.257447659969, 0.201083362103, 0.0963645726442, 0.0714635625482, 0.0746902301908, 0.0813661441207, 0.119604460895, 0.135749340057, 0.114350050688, 0.118180952966, 0.132213547826, 0.177136853337]}, "tuning_equal_tempered_deviation": 0.234784513712, "chords_changes_rate": 0.0550793372095, "key_key": "D", "tuning_diatonic_strength": 0.757732212543, "key_scale": "minor", "chords_number_rate": 0.00164143717848, "tuning_frequency": 434.193115234, "tuning_nontempered_energy_ratio": 0.91330987215, "chords_histogram": [57.4867782593, 4.395403862, 3.97592568398, 0.711289465427, 0.729527652264, 2.0426774025, 0.127667337656, 1.58672261238, 0.802480399609, 20.1532001495, 0.838956773281, 0.0547145716846, 0, 0, 0, 0.328287422657, 1.09429144859, 0.291811048985, 0.091190956533, 0.383002012968, 0.0182381905615, 0, 2.00620102882, 2.88163423538], "key_strength": 0.857532322407, "chords_key": "D", "chords_strength": {"dmean2": 0.0136890113354, "median": 0.56799942255, "min": 0.27273273468, "dvar2": 0.000144445744809, "dvar": 0.000102855978184, "dmean": 0.0122538441792, "max": 0.801966428757, "var": 0.00961046759039, "mean": 0.560686051846}, "chords_scale": "minor", "hpcp_entropy": {"dmean2": 1.20994484425, "median": 2.46926307678, "min": 0, "dvar2": 0.984832286835, "dvar": 0.362316578627, "dmean": 0.725044310093, "max": 4.56696271896, "var": 0.777166366577, "mean": 2.41304206848}}, "metadata": {"audio_properties": {"equal_loudness": 0, "codec": "vorbis", "downmix": "mix", "sample_rate": 44100, "analysis_sample_rate": 44100, "bit_rate": 320000, "md5_encoded": "9115e1496457740066e2148dce9f3e56", "length": 254.547302246, "replay_gain": -8.69227027893, "lossless": false}, "version": {"essentia_build_sha": "cead25079874084f62182a551b7393616cd33d87", "essentia": "2.1-beta2", "extractor": "music 1.0", "essentia_git_sha": "v2.1_beta2-1-ge3940c0"}, "tags": {"title": ["Maude"], "barcode": ["016351570925"], "media": ["CD"], "albumartist": ["Various Artists"], "tracktotal": ["16"], "albumartistsort": ["Various Artists"], "releasetype": ["album", "compilation"], "musicbrainz_recordingid": ["1624c206-bce2-4ac5-b9b2-2ce58bbc19d4"], "musicbrainz_releasegroupid": ["981bf28b-7b24-3a47-9cb5-08d0b4c86ad4"], "musicbrainz_albumartistid": ["89ad4ac3-39f7-470e-963a-56509c546377"], "discnumber": ["1"], "album": ["Ska: The Third Wave, Volume 2"], "catalognumber": ["5709"], "releasecountry": ["US"], "compilation": ["1"], "originaldate": ["1996"], "producer": ["Wagner Bucci", "Sandra Kay Nix"], "date": ["1996"], "file_name": "05 Blindspot - Maude.ogg", "disctotal": ["1"], "musicbrainz_artistid": ["8c51b0ec-a729-4597-80fa-b7afdf7d89c3"], "asin": ["B000000DS6"], "musicbrainz_albumid": ["67c90a72-10fb-49fc-82bd-579bc8821ba1"], "tracknumber": ["5"], "artistsort": ["Blindspot"], "artist": ["Blindspot"], "label": ["Shanachie"], "releasestatus": ["official"], "totaldiscs": ["1"], "script": ["Latn"], "totaltracks": ["16"]}}, "rhythm": {"bpm_histogram_first_peak_bpm": {"dmean2": 0, "median": 172, "min": 172, "dvar2": 0, "dvar": 0, "dmean": 0, "max": 172, "var": 0, "mean": 172}, "bpm": 172.265487671, "bpm_histogram_second_peak_spread": {"dmean2": 0, "median": 0, "min": 0, "dvar2": 0, "dvar": 0, "dmean": 0, "max": 0, "var": 0, "mean": 0}, "bpm_histogram_first_peak_weight": {"dmean2": 0, "median": 0.398835510015, "min": 0.398835510015, "dvar2": 0, "dvar": 0, "dmean": 0, "max": 0.398835510015, "var": 0, "mean": 0.398835510015}, "onset_rate": 4.98113679886, "beats_position": [0.383129239082, 0.743038535118, 1.10294783115, 1.46285712719, 1.8111563921, 2.15945577621, 2.50775504112, 2.8444442749, 3.1811337471, 3.52943301201, 3.88934230804, 4.2492518425, 4.59755086899, 4.94585037231, 5.2941493988, 5.65405893326, 6.01396799088, 6.3622674942, 6.71056699753, 7.05886602402, 7.40716552734, 7.75546455383, 8.10376358032, 8.45206356049, 8.8119726181, 9.17188167572, 9.53179073334, 9.89170074463, 10.2516098022, 10.6115188599, 10.9714279175, 11.3313379288, 11.6796369553, 12.0395460129, 12.3994560242, 12.7593650818, 13.1076641083, 13.4443531036, 13.7926530838, 14.1409521103, 14.5008611679, 14.8607711792, 15.2090702057, 15.5573692322, 15.9056682587, 16.2539672852, 16.602268219, 16.9505672455, 17.298866272, 17.6471652985, 18.0070743561, 18.3669834137, 18.7152824402, 19.0635814667, 19.4118824005, 19.7485713959, 20.1084804535, 20.45677948, 20.8166885376, 21.1765975952, 21.5248966217, 21.8731975555, 22.221496582, 22.5697956085, 22.918094635, 23.2780036926, 23.6379127502, 23.9862117767, 24.3345127106, 24.6828117371, 25.0311107635, 25.37940979, 25.7277088165, 26.076007843, 26.4243087769, 26.7726078033, 27.132516861, 27.4924259186, 27.8407249451, 28.1890239716, 28.537322998, 28.8856239319, 29.2455329895, 29.593832016, 29.9305210114, 30.2788200378, 30.6271190643, 30.9754180908, 31.3237190247, 31.6720180511, 32.0203170776, 32.3686180115, 32.7169151306, 33.0652160645, 33.4135131836, 33.7618141174, 34.1101112366, 34.4584121704, 34.8067131042, 35.1434020996, 35.480091095, 35.8283882141, 36.1766891479, 36.5249862671, 36.8732872009, 37.2331962585, 37.5931053162, 37.94140625, 38.2897033691, 38.638004303, 38.9863014221, 39.334602356, 39.6829032898, 40.0312004089, 40.3795013428, 40.7277984619, 41.0877075195, 41.4592285156, 41.8423576355, 42.2254867554, 42.6086158752, 42.9685249329, 43.3284339905, 43.6767349243, 44.0250320435, 44.3733329773, 44.7216300964, 45.0699310303, 45.4182319641, 45.7665290833, 46.1148300171, 46.4631271362, 46.8114280701, 47.1597251892, 47.508026123, 47.8563270569, 48.204624176, 48.5529251099, 48.901222229, 49.2495231628, 49.5978240967, 49.9461212158, 50.2944221497, 50.6427192688, 50.9910202026, 51.3393173218, 51.6992263794, 52.0591392517, 52.4306564331, 52.8021774292, 53.1620864868, 53.5219955444, 53.8819046021, 54.2418136597, 54.6017227173, 54.9616317749, 55.3099327087, 55.6698417664, 56.029750824, 56.3780479431, 56.7379570007, 57.0978660583, 57.4461669922, 57.794467926, 58.1427650452, 58.491065979, 58.8393630981, 59.187664032, 59.5359611511, 59.884262085, 60.2441711426, 60.6040802002, 60.952381134, 61.3006782532, 61.648979187, 61.9972763062, 62.34557724, 62.6822662354, 63.0305671692, 63.3904762268, 63.7619934082, 64.1335144043, 64.4818115234, 64.8301086426, 65.1784133911, 65.5383224487, 65.8982315063, 66.2465286255, 66.5948257446, 66.9431304932, 67.2914276123, 67.6397247314, 67.9996337891, 68.3595428467, 68.7078475952, 69.0677566528, 69.416053772, 69.7643508911, 70.1126480103, 70.4609527588, 70.8208618164, 71.1691589355, 71.5174560547, 71.8657608032, 72.2140579224, 72.5623550415, 72.91065979, 73.2589569092, 73.6072540283, 73.9555511475, 74.303855896, 74.6405410767, 74.9772338867, 75.3255310059, 75.673828125, 76.0221328735, 76.3704299927, 76.7187271118, 77.0670318604, 77.4153289795, 77.7636260986, 78.1119232178, 78.4602279663, 78.8085250854, 79.1568222046, 79.5051269531, 79.8534240723, 80.2017211914, 80.5500183105, 80.8983230591, 81.2466201782, 81.6065292358, 81.9664382935, 82.3147354126, 82.6630401611, 83.0113372803, 83.3596343994, 83.7079315186, 84.0562362671, 84.4045333862, 84.7528305054, 85.1011352539, 85.4378204346, 85.7745132446, 86.0995864868, 86.4478912354, 86.807800293, 87.1909255981, 87.5856704712, 87.9804077148, 88.3519287109, 88.7118377686, 89.0717468262, 89.4200439453, 89.7683410645, 90.116645813, 90.4765548706, 90.8364639282, 91.2195892334, 91.602722168, 91.9858474731, 92.3689804077, 92.7404937744, 93.100402832, 93.4487075806, 93.8086166382, 94.1569137573, 94.5052108765, 94.853515625, 95.2018127441, 95.5501098633, 95.8984146118, 96.246711731, 96.5833969116, 96.9200897217, 97.2567749023, 97.5934677124, 97.9417648315, 98.2900695801, 98.6499786377, 99.0098876953, 99.3697967529, 99.7297058105, 100.089614868, 100.449523926, 100.797821045, 101.146118164, 101.506027222, 101.865936279, 102.214241028, 102.574150085, 102.922447205, 103.282356262, 103.630653381, 103.97895813, 104.327255249, 104.687164307, 105.047073364, 105.395370483, 105.743675232, 106.10358429, 106.463493347, 106.811790466, 107.160087585, 107.508384705, 107.856689453, 108.204986572, 108.553283691, 108.90158844, 109.249885559, 109.598182678, 109.969703674, 110.34122467, 110.712738037, 111.072654724, 111.432563782, 111.804077148, 112.163986206, 112.523895264, 112.883804321, 113.243713379, 113.603622437, 113.963539124, 114.323448181, 114.683357239, 115.031654358, 115.391563416, 115.751472473, 116.111381531, 116.45967865, 116.819587708, 117.179496765, 117.539405823, 117.887710571, 118.247619629, 118.607528687, 118.967437744, 119.327346802, 119.698867798, 120.058776855, 120.418685913, 120.766983032, 121.12689209, 121.486801147, 121.846710205, 122.206619263, 122.554916382, 122.90322113, 123.25151825, 123.599815369, 123.948112488, 124.319633484, 124.69115448, 125.039451599, 125.399360657, 125.747665405, 126.084350586, 126.432647705, 126.792556763, 127.15246582, 127.500770569, 127.849067688, 128.197372437, 128.534057617, 128.870742798, 129.219039917, 129.567337036, 129.915649414, 130.263946533, 130.612243652, 130.960540771, 131.308837891, 131.645523071, 131.982223511, 132.33052063, 132.678817749, 133.027114868, 133.375411987, 133.723709106, 134.072021484, 134.420318604, 134.757003784, 135.093688965, 135.441986084, 135.790298462, 136.138595581, 136.463668823, 136.800354004, 137.125442505, 137.462127686, 137.810424805, 138.158721924, 138.53024292, 138.901763916, 139.284896851, 139.679641724, 140.062759399, 140.422668457, 140.782577515, 141.154098511, 141.525619507, 141.897140503, 142.268661499, 142.616958618, 142.988479614, 143.36000061, 143.731521606, 144.103042603, 144.47454834, 144.846069336, 145.205978394, 145.565887451, 145.925796509, 146.285705566, 146.657226562, 147.01713562, 147.377044678, 147.748565674, 148.12008667, 148.491607666, 148.839904785, 149.188201904, 149.548110962, 149.90802002, 150.267929077, 150.627838135, 150.987747192, 151.34765625, 151.695953369, 152.044265747, 152.392562866, 152.752471924, 153.112380981, 153.472290039, 153.832199097, 154.203720093, 154.56362915, 154.923538208, 155.271835327, 155.631744385, 155.991653442, 156.339950562, 156.688247681, 157.048156738, 157.408065796, 157.756362915, 158.104675293, 158.452972412, 158.801269531, 159.14956665, 159.49786377, 159.846160889, 160.194458008, 160.542770386, 160.891067505, 161.239364624, 161.587661743, 161.935958862, 162.284255981, 162.632553101, 162.980865479, 163.329162598, 163.677459717, 164.025756836, 164.374053955, 164.710739136, 165.047439575, 165.395736694, 165.744033813, 166.103942871, 166.475463867, 166.858596802, 167.241714478, 167.624847412, 168.054412842, 168.472381592, 168.878723145, 169.296691895, 169.772689819, 170.260314941, 170.736328125, 171.21232605, 171.676727295, 172.129516602, 172.547485352, 172.977050781, 173.406616211, 173.847793579, 174.219314575, 174.590835571, 174.962356567, 175.345489502, 175.682174683, 176.018859863, 176.355545044, 176.692245483, 177.028930664, 177.354003906, 177.690704346, 178.027389526, 178.352462769, 178.67755127, 178.991012573, 179.316101074, 179.641174316, 179.977859497, 180.302947998, 180.62802124, 180.953109741, 181.266571045, 181.580047607, 181.90512085, 182.218597412, 182.555282593, 182.903579712, 183.240264893, 183.553741455, 183.867202759, 184.203903198, 184.598632812, 184.993377686, 185.37651062, 185.782852173, 186.189208984, 186.57232666, 186.967071533, 187.361816406, 187.756546021, 188.151290894, 188.534423828, 188.940765381, 189.347122192, 189.753463745, 190.148208618, 190.531341553, 190.926071167, 191.32081604, 191.703948975, 192.098678589, 192.481811523, 192.876556396, 193.259674072, 193.654418945, 194.03755188, 194.420669556, 194.792190552, 195.175323486, 195.558456421, 195.941589355, 196.324707031, 196.707839966, 197.079360962, 197.450881958, 197.892059326, 198.344848633, 198.809249878, 199.38973999, 199.970245361, 200.562347412, 201.119628906, 201.6769104, 202.245803833, 202.814697266, 203.383575439, 203.940856934, 204.498138428, 205.043807983, 205.589477539, 206.123535156, 206.657592773, 207.191650391, 207.725708008, 208.259765625, 208.782211304, 209.304672241, 209.815505981, 210.314727783, 210.813964844, 211.313186646, 211.812423706, 212.311645508, 212.79927063, 213.286895752, 213.762893677, 214.23890686, 214.714920044, 215.202529907, 215.655319214, 216.108108521, 216.549285889, 216.978866577, 217.408432007, 217.837997437, 218.267562866, 218.708755493, 219.126708984, 219.544662476, 219.962631226, 220.368972778, 220.77532959, 221.181671143, 221.588027954, 221.982757568, 222.377502441, 222.760635376, 223.120544434, 223.49206543, 223.863571167, 224.235092163, 224.606613159, 224.978134155, 225.349655151, 225.709564209, 226.069473267, 226.429382324, 226.789291382, 227.137588501, 227.48588562, 227.834197998, 228.194107056, 228.542404175, 228.879089355, 229.215774536, 229.552474976, 229.900772095, 230.237457275, 230.574142456, 230.899230957, 231.224304199, 231.549377441, 231.874465942, 232.199539185, 232.524627686, 232.849700928, 233.17477417, 233.488250732, 233.801712036, 234.10357666, 234.405441284, 234.718902588, 235.03237915, 235.345840454, 235.659317017, 235.984390259, 236.425567627, 236.866760254, 237.307937622, 237.74911499, 238.201904297, 238.631469727, 239.072647095, 239.490600586, 239.931793213, 240.361358643, 240.779312134, 241.197280884, 241.603622437, 242.021575928, 242.416320801, 242.811065674, 243.205795288, 243.6121521, 244.088165283, 244.55255127, 245.028564453, 245.388473511, 245.73677063, 246.085067749, 246.433380127, 246.781677246, 247.118362427, 247.455047607, 247.791748047, 248.140045166, 248.499954224, 248.87147522, 249.219772339, 249.579681396, 249.951202393, 250.322723389, 250.705841064, 251.147018433, 251.564987183, 251.994552612, 252.458953857, 252.923355103, 253.387756348, 253.852142334], "beats_loudness": {"dmean2": 0.022555636242, "median": 0.0386510267854, "min": 2.61636801113e-09, "dvar2": 0.000490164326038, "dvar": 0.000180317394552, "dmean": 0.01318688225, "max": 0.121285922825, "var": 0.000407432147767, "mean": 0.0366439782083}, "danceability": 1.2230745554, "bpm_histogram_second_peak_weight": {"dmean2": 0, "median": 0.206695780158, "min": 0.206695780158, "dvar2": 0, "dvar": 0, "dmean": 0, "max": 0.206695780158, "var": 0, "mean": 0.206695780158}, "beats_count": 688, "bpm_histogram_second_peak_bpm": {"dmean2": 0, "median": 167, "min": 167, "dvar2": 0, "dvar": 0, "dmean": 0, "max": 167, "var": 0, "mean": 167}, "bpm_histogram_first_peak_spread": {"dmean2": 0, "median": 0, "min": 0, "dvar2": 0, "dvar": 0, "dmean": 0, "max": 0, "var": 0, "mean": 0}, "beats_loudness_band_ratio": {"dmean2": [0.236044570804, 0.118001244962, 0.0753257349133, 0.0840454176068, 0.124410286546, 0.0619377195835], "median": [0.623612761497, 0.0684884190559, 0.0346858501434, 0.0697622150183, 0.133589118719, 0.0498521253467], "min": [1.53542259795e-06, 7.29359453544e-05, 5.83003857173e-05, 3.12637494062e-05, 1.451404205e-05, 1.12780580821e-05], "dvar2": [0.0629145205021, 0.0160726811737, 0.0121467299759, 0.00931615568697, 0.0179296489805, 0.00543762696907], "dvar": [0.0225708838552, 0.00515798619017, 0.0041348724626, 0.0036611740943, 0.00600776914507, 0.00193772220518], "dmean": [0.131552115083, 0.0654261037707, 0.0423748604953, 0.0485131666064, 0.0718487650156, 0.035493876785], "max": [0.999768555164, 0.477828174829, 0.678616583347, 0.704597830772, 0.792955577374, 0.411271840334], "var": [0.087064191699, 0.00694699771702, 0.00703121256083, 0.00935712549835, 0.0188726801425, 0.00282406038605], "mean": [0.550116181374, 0.0953762233257, 0.0631049796939, 0.0961426720023, 0.159092694521, 0.0635226145387]}}, "lowlevel": {"barkbands_spread": {"dmean2": 9.99143028259, "median": 29.0895938873, "min": 0.00306499144062, "dvar2": 120.024879456, "dvar": 51.2384147644, "dmean": 6.34995985031, "max": 127.168426514, "var": 187.48979187, "mean": 27.3288574219}, "melbands_spread": {"dmean2": 15.5087804794, "median": 30.2088928223, "min": 8.61421423082e-09, "dvar2": 290.095458984, "dvar": 127.5806427, "dmean": 10.0473470688, "max": 159.119110107, "var": 404.701690674, "mean": 31.636138916}, "hfc": {"dmean2": 14.6993579865, "median": 14.4191837311, "min": 8.68351932581e-08, "dvar2": 558.551025391, "dvar": 234.56161499, "dmean": 9.92512226105, "max": 248.344406128, "var": 388.321655273, "mean": 19.9001331329}, "barkbands_kurtosis": {"dmean2": 14.7039403915, "median": -0.185789942741, "min": -1.90885984898, "dvar2": 54096.4570312, "dvar": 25983.8066406, "dmean": 8.98069858551, "max": 13011.3564453, "var": 737003.125, "mean": 94.3111495972}, "gfcc": {"mean": [-34.7043495178, 83.0763549805, -134.588562012, 46.7218704224, -35.4891433716, 10.2881679535, -33.1742172241, -1.28035235405, -23.1133975983, -4.20509195328, -21.3877716064, -6.92045259476, -11.9017810822], "icov": [[0.000120978649647, -0.000200122944079, 0.000270224001724, -0.000392243440729, 0.000163592238096, -0.000377075048164, 0.000372351409169, -0.000447511061793, 0.000553554564249, -0.000394063506974, 0.000450781692052, -0.000631923612673, 0.00053425639635], [-0.000200122944079, 0.00159353355411, -0.000635962525848, 0.00054214062402, -0.000861564418301, 0.00118824606761, -0.000866712827701, 0.00147412542719, -0.00167548132595, 0.00207276525907, -0.00129209295847, 0.00271155056544, -0.00140374037437], [0.000270224001724, -0.000635962525848, 0.00153414485976, -0.00127986597363, 0.00020270179084, -0.0015668659471, 0.000749109429307, -0.0011010953458, 0.00108829070814, -0.000889377901331, 0.000943744729739, -0.00240677292459, 0.00197233213112], [-0.000392243440729, 0.00054214062402, -0.00127986597363, 0.00378660880961, -0.00132664269768, 0.000122253622976, -0.000836446415633, 0.00158915971406, -0.00184902944602, 0.00275216531008, -0.00263195927255, 0.00273057399318, -0.00188662204891], [0.000163592238096, -0.000861564418301, 0.00020270179084, -0.00132664269768, 0.0038525799755, -0.000689332955517, -0.000780032889452, -0.00140195409767, 0.00140960933641, -0.00204334803857, 0.0014734249562, -0.00133191770874, 0.000450626277598], [-0.000377075048164, 0.00118824606761, -0.0015668659471, 0.000122253622976, -0.000689332955517, 0.00799861270934, -0.0020901185926, -0.000619672588073, -0.00125448592007, 0.00172227714211, -0.00227423082106, 0.00368877104484, -0.0016988517018], [0.000372351409169, -0.000866712827701, 0.000749109429307, -0.000836446415633, -0.000780032889452, -0.0020901185926, 0.00929446611553, -0.00335936783813, 0.000596090743784, -0.00108257099055, 0.000269523385214, -0.00188215286471, 0.00133197882678], [-0.000447511061793, 0.00147412542719, -0.0011010953458, 0.00158915971406, -0.00140195409767, -0.000619672588073, -0.00335936783813, 0.015805657953, -0.00489557906985, -0.000334386626491, -0.00104459328577, 0.000834449776448, -7.72451458033e-05], [0.000553554564249, -0.00167548132595, 0.00108829070814, -0.00184902944602, 0.00140960933641, -0.00125448592007, 0.000596090743784, -0.00489557906985, 0.0159961748868, -0.00560824340209, -8.1320591562e-05, -0.00146595039405, 0.000448313425295], [-0.000394063506974, 0.00207276525907, -0.000889377901331, 0.00275216531008, -0.00204334803857, 0.00172227714211, -0.00108257099055, -0.000334386626491, -0.00560824340209, 0.0172993745655, -0.00260451529175, -0.00177376030479, -0.000642555649392], [0.000450781692052, -0.00129209295847, 0.000943744729739, -0.00263195927255, 0.0014734249562, -0.00227423082106, 0.000269523385214, -0.00104459328577, -8.1320591562e-05, -0.00260451529175, 0.0136512210593, -0.00555084412917, 0.000464935874334], [-0.000631923612673, 0.00271155056544, -0.00240677292459, 0.00273057399318, -0.00133191770874, 0.00368877104484, -0.00188215286471, 0.000834449776448, -0.00146595039405, -0.00177376030479, -0.00555084412917, 0.0219572614878, -0.00872250460088], [0.00053425639635, -0.00140374037437, 0.00197233213112, -0.00188662204891, 0.000450626277598, -0.0016988517018, 0.00133197882678, -7.72451458033e-05, 0.000448313425295, -0.000642555649392, 0.000464935874334, -0.00872250460088, 0.0198950078338]], "cov": [[23585.2714844, 267.508270264, -1439.59558105, 1125.55480957, -138.083709717, 436.391540527, -484.160552979, 166.717803955, -454.839141846, -43.7749404907, -332.941070557, -10.7177553177, -279.65612793], [267.508270264, 1515.00170898, 342.979858398, 372.988983154, 231.499343872, 17.311794281, 66.4812240601, -91.5051116943, 40.0360794067, -184.53868103, 51.1183586121, -161.818023682, 13.5054121017], [-1439.59558105, 342.979858398, 1747.70593262, 546.250854492, 282.637908936, 295.175079346, 115.148887634, 70.9635772705, 37.9900817871, -31.9139099121, 90.2689590454, 20.5953483582, -42.2007217407], [1125.55480957, 372.988983154, 546.250854492, 746.121337891, 213.523895264, 190.720001221, 52.9128494263, 6.22285318375, 8.93238353729, -91.6165237427, 73.9141159058, -52.3548316956, -7.21842908859], [-138.083709717, 231.499343872, 282.637908936, 213.523895264, 409.254119873, 80.8896331787, 86.909034729, 36.1377830505, 13.0301427841, 2.43352174759, 16.9583911896, -4.88252687454, 1.47771191597], [436.391540527, 17.311794281, 295.175079346, 190.720001221, 80.8896331787, 235.961090088, 49.956111908, 43.5266723633, 6.77068328857, -12.1106433868, 30.2317562103, -10.9264221191, -12.5737838745], [-484.160552979, 66.4812240601, 115.148887634, 52.9128494263, 86.909034729, 49.956111908, 158.806518555, 36.0610198975, 26.2834472656, 7.32736682892, 25.8767471313, 3.33895897865, 3.60312342644], [166.717803955, -91.5051116943, 70.9635772705, 6.22285318375, 36.1377830505, 43.5266723633, 36.0610198975, 100.792434692, 23.6487598419, 32.1463928223, 7.29064083099, 20.3905887604, -7.2283449173], [-454.839141846, 40.0360794067, 37.9900817871, 8.93238353729, 13.0301427841, 6.77068328857, 26.2834472656, 23.6487598419, 95.2794570923, 24.0702819824, 25.839050293, 5.26085758209, 11.0680103302], [-43.7749404907, -184.53868103, -31.9139099121, -91.6165237427, 2.43352174759, -12.1106433868, 7.32736682892, 32.1463928223, 24.0702819824, 108.03477478, 7.32339096069, 44.5894012451, 3.50077104568], [-332.941070557, 51.1183586121, 90.2689590454, 73.9141159058, 16.9583911896, 30.2317562103, 25.8767471313, 7.29064083099, 25.839050293, 7.32339096069, 109.146751404, 19.2137432098, 16.6283473969], [-10.7177553177, -161.818023682, 20.5953483582, -52.3548316956, -4.88252687454, -10.9264221191, 3.33895897865, 20.3905887604, 5.26085758209, 44.5894012451, 19.2137432098, 92.7610778809, 22.438533783], [-279.65612793, 13.5054121017, -42.2007217407, -7.21842908859, 1.47771191597, -12.5737838745, 3.60312342644, -7.2283449173, 11.0680103302, 3.50077104568, 16.6283473969, 22.438533783, 70.1620025635]]}, "spectral_energyband_middle_low": {"dmean2": 0.00745399435982, "median": 0.00527416821569, "min": 1.07469331775e-17, "dvar2": 0.000174925095052, "dvar": 6.57994314679e-05, "dmean": 0.00446871528402, "max": 0.10455673188, "var": 6.78260985296e-05, "mean": 0.00711762299761}, "melbands_crest": {"dmean2": 5.14189195633, "median": 14.2737150192, "min": 2.6251115799, "dvar2": 21.0546855927, "dvar": 8.61347866058, "dmean": 3.17410540581, "max": 40, "var": 36.6693496704, "mean": 14.5749769211}, "spectral_kurtosis": {"dmean2": 3.1122443676, "median": 4.03051376343, "min": -1.20942175388, "dvar2": 14.9434909821, "dvar": 5.63273239136, "dmean": 1.82548475266, "max": 59.4127731323, "var": 8.81225776672, "mean": 4.54206752777}, "spectral_rms": {"dmean2": 0.00188269652426, "median": 0.00404983758926, "min": 7.55385485718e-07, "dvar2": 7.75173339207e-06, "dvar": 3.1022082112e-06, "dmean": 0.00124203087762, "max": 0.0173391886055, "var": 5.29868202648e-06, "mean": 0.00427046092227}, "zerocrossingrate": {"dmean2": 0.0116807995364, "median": 0.06103515625, "min": 0, "dvar2": 0.000134367248393, "dvar": 0.00010691890202, "dmean": 0.0100178048015, "max": 0.390625, "var": 0.00093966408167, "mean": 0.0614699497819}, "silence_rate_60dB": {"dmean2": 0.046341907233, "median": 0, "min": 0, "dvar2": 0.0513072200119, "dvar": 0.0226308368146, "dmean": 0.0231688413769, "max": 1, "var": 0.0924414470792, "mean": 0.103064574301}, "erbbands_kurtosis": {"dmean2": 1.86774408817, "median": 0.480689883232, "min": -1.86684286594, "dvar2": 37.3790473938, "dvar": 19.2287902832, "dmean": 1.14708650112, "max": 321.821655273, "var": 50.8839836121, "mean": 0.963353693485}, "erbbands": {"dmean2": [0.246122717857, 2.39918971062, 8.61220836639, 12.4547796249, 10.8968696594, 9.3731546402, 5.01416873932, 10.8743610382, 6.45222616196, 7.4810051918, 9.72689151764, 9.60075759888, 8.26526832581, 12.1414928436, 13.1689710617, 17.050819397, 22.4938983917, 24.932346344, 43.8346176147, 36.6010360718, 47.9703979492, 37.5837287903, 35.8676872253, 26.988992691, 19.9056911469, 19.6491851807, 16.3024253845, 13.4203624725, 7.61111307144, 5.14999675751, 2.73205423355, 1.67353987694, 1.04585194588, 0.404693454504, 0.170134305954, 0.0942413583398, 0.0385252535343, 0.00964273139834, 0.00103509973269, 8.36698891362e-05], "median": [0.0226386580616, 0.448346138, 2.11262655258, 5.07390546799, 5.65680122375, 5.14920473099, 2.26603651047, 1.74181771278, 1.7772988081, 2.0993847847, 3.28561663628, 4.17135047913, 3.85943651199, 6.77971172333, 7.19082355499, 10.9263763428, 13.806842804, 18.103937149, 30.2919235229, 29.0681190491, 33.6199378967, 26.0541992188, 19.0244750977, 13.5518264771, 12.3452701569, 9.13234329224, 6.30672359467, 4.68958282471, 2.09379959106, 0.995564103127, 0.525168299675, 0.41123175621, 0.209032267332, 0.081277385354, 0.0261718034744, 0.0111354356632, 0.00367386778817, 0.000608980015386, 7.12849723641e-05, 2.70461059699e-05], "min": [9.83719861125e-09, 1.52373118567e-08, 2.97627478218e-09, 1.3400186516e-09, 7.45146222503e-10, 4.68660388275e-10, 3.23632343147e-10, 2.38092573435e-10, 1.83562193223e-10, 1.46703357795e-10, 1.20592466568e-10, 1.01350372539e-10, 8.66670277211e-11, 7.50875195354e-11, 6.56705106961e-11, 5.77729079854e-11, 5.09354641798e-11, 4.48245121576e-11, 3.91820013934e-11, 3.38021312329e-11, 2.85112107534e-11, 2.31586937127e-11, 1.7609433009e-11, 1.17419572329e-11, 5.45294885634e-12, 1.52149029053e-12, 8.86967842922e-12, 1.69276623968e-11, 2.55863420728e-11, 3.46986502031e-11, 4.39554885545e-11, 5.27991331212e-11, 6.03057326298e-11, 6.50296136384e-11, 6.48078465892e-11, 5.65422118848e-11, 3.60157251245e-11, 2.1096217221e-12, 4.90140046605e-11, 5.485316628e-12], "dvar2": [0.302279323339, 31.927947998, 370.955230713, 584.860534668, 478.10546875, 348.175323486, 144.392883301, 1209.00708008, 197.137313843, 306.82244873, 458.671081543, 272.496704102, 296.402557373, 381.355926514, 523.158630371, 751.247558594, 1298.71838379, 1717.01171875, 4162.70361328, 2966.08300781, 5398.87402344, 3452.51855469, 3529.47705078, 1841.01184082, 1052.02575684, 1278.57495117, 895.474975586, 675.61730957, 248.876373291, 139.773803711, 53.3057250977, 21.6168937683, 12.770737648, 1.18428385258, 0.167937576771, 0.0531860515475, 0.00898538529873, 0.000598220678512, 5.8158725551e-06, 3.02887066539e-08], "dvar": [0.13123627007, 11.4574995041, 130.12399292, 211.996780396, 174.606750488, 127.156661987, 52.6839408875, 451.615478516, 75.4643096924, 112.193832397, 177.771850586, 115.368431091, 127.270729065, 160.2109375, 224.61907959, 298.84262085, 543.538818359, 697.972167969, 1744.48010254, 1247.31933594, 2283.82861328, 1457.06213379, 1453.55651855, 782.199584961, 444.133392334, 496.512664795, 351.136535645, 262.4246521, 97.3829269409, 52.8119659424, 19.853351593, 8.4032125473, 5.78985261917, 0.552097976208, 0.0755722150207, 0.0234013292938, 0.00418860092759, 0.000276580569334, 2.61060858975e-06, 1.21895764593e-08], "dmean": [0.156870290637, 1.34803020954, 4.7482790947, 7.17805147171, 6.36635494232, 5.53800678253, 2.92577719688, 6.27601385117, 3.89014172554, 4.37671613693, 5.90425205231, 6.09506464005, 5.3050069809, 7.69883775711, 8.36091518402, 10.7935352325, 14.3195333481, 15.8245134354, 27.6220302582, 23.5984840393, 31.0274276733, 24.2582187653, 22.9579753876, 17.487569809, 12.9279413223, 12.1874284744, 10.1168327332, 8.24284267426, 4.65986824036, 3.10205030441, 1.67117273808, 1.04726064205, 0.662844479084, 0.268239736557, 0.116592846811, 0.0632581189275, 0.0261109545827, 0.00649017980322, 0.000685375533067, 5.33820639248e-05], "max": [2.54950261116, 32.8970184326, 118.949272156, 293.435272217, 186.569610596, 147.538726807, 118.772903442, 269.295593262, 106.9740448, 147.879730225, 257.382995605, 219.701278687, 353.519317627, 271.534545898, 324.420196533, 461.409057617, 408.361846924, 540.125610352, 747.191345215, 577.272216797, 752.715759277, 1055.24133301, 1078.85180664, 518.163635254, 468.572753906, 352.643035889, 311.386993408, 251.360977173, 177.191390991, 147.414245605, 125.980384827, 74.7184524536, 109.850074768, 37.3158874512, 7.60456323624, 4.18131494522, 1.25349104404, 0.297482311726, 0.0280977655202, 0.00147848634515], "var": [0.128928944468, 7.81046867371, 88.0021743774, 196.389938354, 155.636428833, 121.159965515, 44.2552757263, 324.593933105, 75.9518432617, 103.172782898, 202.556121826, 184.021392822, 218.31161499, 273.624420166, 375.890380859, 474.638671875, 852.334106445, 1136.03100586, 3049.2043457, 2537.74755859, 4421.71191406, 2893.39819336, 2299.52050781, 1196.89526367, 773.715270996, 588.265991211, 388.47253418, 264.248352051, 113.768974304, 52.9236068726, 19.7591209412, 10.8428258896, 9.51542282104, 0.968722999096, 0.117782264948, 0.0321389771998, 0.00588572164997, 0.000377990741981, 3.46174942933e-06, 1.31208990339e-08], "mean": [0.147386416793, 1.21222746372, 4.83318281174, 9.01725959778, 8.62285327911, 7.84906578064, 4.02641057968, 5.91960525513, 4.70056438446, 5.25122404099, 7.65570831299, 8.96125221252, 8.21178340912, 11.8536481857, 13.0411891937, 17.6919937134, 23.357667923, 27.93201828, 46.9708023071, 43.9526329041, 54.5772132874, 42.9598731995, 36.3824119568, 26.4720611572, 21.3952045441, 17.3528022766, 13.1353034973, 10.2372865677, 6.0952501297, 3.74389982224, 2.11112856865, 1.48679745197, 0.933543324471, 0.382881075144, 0.156443670392, 0.0773986652493, 0.0310873799026, 0.00748656271026, 0.000766629702412, 6.71315719956e-05]}, "spectral_strongpeak": {"dmean2": 0.566546022892, "median": 0.323315322399, "min": 0, "dvar2": 1.33566915989, "dvar": 0.494725614786, "dmean": 0.327862620354, "max": 11.8006811142, "var": 0.636264562607, "mean": 0.53841561079}, "spectral_energy": {"dmean2": 0.0253513399512, "median": 0.0168112125248, "min": 5.84872428266e-10, "dvar2": 0.00230941548944, "dvar": 0.000872082309797, "dmean": 0.0156230907887, "max": 0.308163672686, "var": 0.000799748522695, "mean": 0.024123840034}, "average_loudness": 0.922209560871, "spectral_rolloff": {"dmean2": 845.169433594, "median": 2067.1875, "min": 21.533203125, "dvar2": 1239640.875, "dvar": 562225.0625, "dmean": 513.341491699, "max": 16192.96875, "var": 1469282.75, "mean": 1832.03295898}, "spectral_centroid": {"dmean2": 475.597076416, "median": 1881.47912598, "min": 163.53137207, "dvar2": 267588.15625, "dvar": 128134.984375, "dmean": 313.028106689, "max": 10766.8066406, "var": 461420.375, "mean": 1755.97387695}, "pitch_salience": {"dmean2": 0.110760509968, "median": 0.600045442581, "min": 9.2336713351e-06, "dvar2": 0.0108200442046, "dvar": 0.00441645691171, "dmean": 0.0690538063645, "max": 0.975339353085, "var": 0.0231353323907, "mean": 0.592876255512}, "spectral_energyband_middle_high": {"dmean2": 0.0036550371442, "median": 0.00479948380962, "min": 6.49193252093e-20, "dvar2": 2.46546824201e-05, "dvar": 1.2101440916e-05, "dmean": 0.00255774683319, "max": 0.0679574981332, "var": 3.06834190269e-05, "mean": 0.00600535981357}, "spectral_contrast_coeffs": {"dmean2": [0.08541020751, 0.0776232108474, 0.0679653212428, 0.0626018121839, 0.0473520047963, 0.039197254926], "median": [-0.622145175934, -0.759625732899, -0.785482287407, -0.768892884254, -0.769623041153, -0.717486560345], "min": [-0.963061928749, -0.97831171751, -0.990594029427, -0.975345492363, -0.981478273869, -0.957940220833], "dvar2": [0.00517084542662, 0.00446037901565, 0.00359150674194, 0.00345751224086, 0.0019932789728, 0.00147059781011], "dvar": [0.00196671183221, 0.00177656870801, 0.00156197999604, 0.00151539396029, 0.000933788367547, 0.000659556768369], "dmean": [0.0522939451039, 0.0474673472345, 0.0433978661895, 0.0403331704438, 0.0313677974045, 0.0260140374303], "max": [-0.242781162262, -0.389891862869, -0.432268202305, -0.435212731361, -0.458893030882, -0.531835258007], "var": [0.00783516373485, 0.00658983923495, 0.00646803202108, 0.00607759086415, 0.00412895344198, 0.00304442900233], "mean": [-0.621613323689, -0.749641954899, -0.77252972126, -0.758288323879, -0.764605343342, -0.72086173296]}, "melbands_skewness": {"dmean2": 11.3950252533, "median": 2.19742679596, "min": -1.69090497494, "dvar2": 257899.515625, "dvar": 153261.015625, "dmean": 7.0699968338, "max": 33326.875, "var": 445855.84375, "mean": 17.3878669739}, "spectral_spread": {"dmean2": 727236.6875, "median": 3617633.5, "min": 1284896.5, "dvar2": 924775677952, "dvar": 493156106240, "dmean": 497783.3125, "max": 40499268, "var": 1856332103680.0, "mean": 3828037.75}, "dissonance": {"dmean2": 0.0200863722712, "median": 0.483165681362, "min": 0.180018931627, "dvar2": 0.000564906338695, "dvar": 0.000230780700804, "dmean": 0.0122331352904, "max": 0.500000059605, "var": 0.000527879456058, "mean": 0.476086825132}, "spectral_skewness": {"dmean2": 0.421862214804, "median": 1.26517963409, "min": -0.319532841444, "dvar2": 0.212504550815, "dvar": 0.0842304676771, "dmean": 0.26056304574, "max": 5.74554872513, "var": 0.18065328896, "mean": 1.31934511662}, "spectral_flux": {"dmean2": 0.0533254630864, "median": 0.0707514509559, "min": 0, "dvar2": 0.00471898028627, "dvar": 0.00242520868778, "dmean": 0.0354263372719, "max": 0.497734367847, "var": 0.00446570245549, "mean": 0.0869708806276}, "spectral_contrast_valleys": {"dmean2": [0.778323590755, 0.737214446068, 0.701600492001, 0.693376898766, 0.658355653286, 0.607895791531], "median": [-7.12032842636, -7.31860637665, -7.53800725937, -7.37798309326, -7.28758907318, -10.4949083328], "min": [-27.4458885193, -27.3158531189, -27.1039714813, -27.3121795654, -27.1383171082, -27.3080539703], "dvar2": [0.47245824337, 0.51071113348, 0.473051935434, 0.511846065521, 0.50321239233, 0.517702996731], "dvar": [0.214580416679, 0.230046346784, 0.23205268383, 0.260307341814, 0.255234867334, 0.254139095545], "dmean": [0.494633406401, 0.475056767464, 0.476847141981, 0.488133728504, 0.488999038935, 0.460200995207], "max": [-4.9372253418, -4.60707616806, -5.5635099411, -5.04820108414, -5.16230678558, -7.83437299728], "var": [4.23076820374, 2.57568335533, 2.57850432396, 2.85447430611, 2.78068590164, 2.55766701698], "mean": [-7.84179067612, -7.66043424606, -7.92450428009, -7.78759050369, -7.65149927139, -10.7396087646]}, "erbbands_flatness_db": {"dmean2": 0.0271620396525, "median": 0.157556027174, "min": 0.0346557758749, "dvar2": 0.000714413356036, "dvar": 0.00036379712401, "dmean": 0.0187979210168, "max": 0.396856367588, "var": 0.00253889127634, "mean": 0.162056162953}, "spectral_energyband_high": {"dmean2": 0.000955026596785, "median": 0.000373241957277, "min": 1.09008833803e-21, "dvar2": 3.54076405529e-06, "dvar": 1.38461632559e-06, "dmean": 0.00060291722184, "max": 0.0185511298478, "var": 1.60658260029e-06, "mean": 0.000829292810522}, "spectral_entropy": {"dmean2": 0.2