{"metadata": {"tags": {"album": ["Ladies Edition"], "albumartist": ["H-Town"], "musicbrainz_recordingid": ["162b85c8-f46e-452d-b339-59ece2a2c2f6"], "artist": ["H-Town"], "date": ["1997"], "tracknumber": ["13"], "title": ["Shoot 'Em Up"], "file_name": "266652.mp3"}, "audio_properties": {"sample_rate": 44100, "downmix": "mix", "lossless": false, "analysis_sample_rate": 44100, "md5_encoded": "80f4fe7e542e9b393ec9ac7ca64ecd36", "equal_loudness": 0, "replay_gain": -10.5996570587, "codec": "mp3", "bit_rate": 192000, "length": 291.73550415}, "version": {"extractor": "music 1.0", "essentia_build_sha": "70f2e5ece6736b2c40cc944ad0e695b16b925413", "essentia_git_sha": "v2.1_beta2", "essentia": "2.1-beta2"}}, "rhythm": {"beats_loudness_band_ratio": {"dvar2": [0.171059593558, 0.120879530907, 0.0613242723048, 0.0406236238778, 0.0108935553581, 0.0425465069711], "var": [0.159696772695, 0.0392757207155, 0.0389602594078, 0.0173508767039, 0.00307046528906, 0.0145408110693], "min": [0.000188982288819, 0.00016094284365, 0.00048867566511, 3.89592278225e-05, 4.544429612e-05, 0.000972437788732], "dmean": [0.40932610631, 0.209974825382, 0.193160116673, 0.129574730992, 0.0372072607279, 0.104249723256], "mean": [0.448221355677, 0.175561070442, 0.189607024193, 0.101535767317, 0.0324321165681, 0.0915150642395], "max": [0.991006195545, 0.839181244373, 0.967442572117, 0.699528694153, 0.56779062748, 0.760050177574], "dmean2": [0.753108203411, 0.38949161768, 0.320979148149, 0.233469471335, 0.0648323893547, 0.178229644895], "median": [0.269078105688, 0.0984368771315, 0.119120299816, 0.0387653596699, 0.0179221145809, 0.0349510349333], "dvar": [0.131970897317, 0.0418069586158, 0.0273129828274, 0.0173520836979, 0.00382664077915, 0.0158267021179]}, "bpm_histogram_first_peak_weight": {"dvar2": 0, "var": 0, "min": 0.408304512501, "dmean": 0, "mean": 0.408304512501, "max": 0.408304512501, "dmean2": 0, "median": 0.408304512501, "dvar": 0}, "bpm": 119.513237, "beats_count": 579, "bpm_histogram_first_peak_spread": {"dvar2": 0, "var": 0, "min": 0.540856003761, "dmean": 0, "mean": 0.540856003761, "max": 0.540856003761, "dmean2": 0, "median": 0.540856003761, "dvar": 0}, "danceability": 1.34827208519, "bpm_histogram_first_peak_bpm": {"dvar2": 0, "var": 0, "min": 120, "dmean": 0, "mean": 120, "max": 120, "dmean2": 0, "median": 120, "dvar": 0}, "beats_position": [0.441179126501, 0.893968224525, 1.35836732388, 1.83437633514, 2.32199549675, 2.82122445107, 3.32045340538, 3.8196823597, 4.31891155243, 4.82975053787, 5.31736946106, 5.81659841537, 6.31582736969, 6.81505680084, 7.31428575516, 7.8251247406, 8.32435321808, 8.82358264923, 9.31120204926, 9.82204055786, 10.3328800201, 10.8321084976, 11.3313379288, 11.8305664062, 12.3297958374, 12.840634346, 13.328253746, 13.8274831772, 14.3267116547, 14.8375511169, 15.3251695633, 15.8243989944, 16.3236274719, 16.8460769653, 17.3453063965, 17.8445339203, 18.3437633514, 18.8429927826, 19.3422222137, 19.853061676, 20.3406791687, 20.851518631, 21.339138031, 21.8383674622, 22.3375968933, 22.8368244171, 23.3360538483, 23.8352832794, 24.3345127106, 24.8453502655, 25.3329696655, 25.8438091278, 26.3546485901, 26.865486145, 27.353105545, 27.8523349762, 28.3515644073, 28.8624038696, 29.3500213623, 29.8492507935, 30.3484802246, 30.8593196869, 31.3469390869, 31.8577766418, 32.357006073, 32.8678436279, 33.3670730591, 33.8779144287, 34.3655319214, 34.8647613525, 35.3639907837, 35.8632202148, 36.362449646, 36.8732872009, 37.3609046936, 37.8717460632, 38.3593635559, 38.8702049255, 39.3578224182, 39.8802719116, 40.3795013428, 40.8903388977, 41.3779602051, 41.8771858215, 42.3764152527, 42.8756446838, 43.374874115, 43.8741035461, 44.3733329773, 44.8841705322, 45.3717918396, 45.8710212708, 46.3702468872, 46.8694763184, 47.3687057495, 47.8795471191, 48.3903846741, 48.901222229, 49.3888435364, 49.8880729675, 50.3873023987, 50.8981399536, 51.3857574463, 51.8965988159, 52.3842163086, 52.8950538635, 53.3826751709, 53.8935127258, 54.392742157, 54.8919715881, 55.3912010193, 55.9020385742, 56.4012680054, 56.912109375, 57.3997268677, 57.8989562988, 58.39818573, 58.8974151611, 59.3966445923, 59.9074821472, 60.3950996399, 60.894329071, 61.3935585022, 61.9160079956, 62.4152374268, 62.9144668579, 63.4136962891, 63.9129257202, 64.4121551514, 64.9113845825, 65.4106140137, 65.9098434448, 66.409072876, 66.9199066162, 67.4075241089, 67.9183654785, 68.4059829712, 68.9168243408, 69.4044418335, 69.9152832031, 70.4261245728, 70.936958313, 71.4245758057, 71.9238052368, 72.423034668, 72.9338760376, 73.4214935303, 73.9207229614, 74.4199523926, 74.9307937622, 75.4184112549, 75.9292526245, 76.4168701172, 76.9277114868, 77.4153289795, 77.9261627197, 78.4370040894, 78.947845459, 79.4354629517, 79.9346923828, 80.433921814, 80.9447631836, 81.4555969238, 81.9664382935, 82.4772796631, 82.9765090942, 83.4757385254, 83.9981842041, 84.5090255737, 85.019859314, 85.5190887451, 86.0299301147, 86.5407714844, 87.0516052246, 87.5624465942, 88.0732879639, 88.5841217041, 89.0833511353, 89.5825805664, 90.093421936, 90.6042633057, 91.1150970459, 91.6259384155, 92.1367797852, 92.6476211548, 93.1700668335, 93.6692962646, 94.1801376343, 94.6909713745, 95.2018127441, 95.7126541138, 96.223487854, 96.7343292236, 97.2451705933, 97.7444000244, 98.2552337646, 98.7660751343, 99.2769165039, 99.7761459351, 100.286979675, 100.797821045, 101.320266724, 101.819496155, 102.330337524, 102.841178894, 103.352012634, 103.862854004, 104.373695374, 104.884536743, 105.395370483, 105.882987976, 106.393829346, 106.904670715, 107.415504456, 107.926345825, 108.437187195, 108.948028564, 109.458862305, 109.969703674, 110.480545044, 110.991378784, 111.490608215, 111.989837646, 112.500679016, 113.011520386, 113.533966064, 114.033195496, 114.532424927, 115.031654358, 115.530883789, 116.03011322, 116.529342651, 117.028572083, 117.539405823, 118.027030945, 118.537864685, 119.025482178, 119.524711609, 120.02394104, 120.53478241, 121.034011841, 121.55645752, 122.044082642, 122.543312073, 123.042533875, 123.541763306, 124.040992737, 124.540222168, 125.039451599, 125.550292969, 126.037910461, 126.548751831, 127.036369324, 127.547210693, 128.034820557, 128.545669556, 129.056503296, 129.567337036, 130.054962158, 130.554199219, 131.053421021, 131.552658081, 132.051879883, 132.551101685, 133.050338745, 133.561172485, 134.048797607, 134.559631348, 135.04725647, 135.55809021, 136.045715332, 136.568161011, 137.067382812, 137.578231812, 138.065841675, 138.565078735, 139.064300537, 139.563537598, 140.062759399, 140.56199646, 141.061218262, 141.572067261, 142.059677124, 142.570526123, 143.069747925, 143.568969727, 144.068206787, 144.579040527, 145.078277588, 145.57749939, 146.07673645, 146.575958252, 147.075195312, 147.586029053, 148.073654175, 148.584487915, 149.072113037, 149.571334839, 150.070556641, 150.58140564, 151.080627441, 151.59147644, 152.079086304, 152.589935303, 153.089157104, 153.588394165, 154.087615967, 154.586837769, 155.086074829, 155.596908569, 156.084533691, 156.595367432, 157.082992554, 157.593826294, 158.081451416, 158.592285156, 159.091522217, 159.602355957, 160.101577759, 160.600814819, 161.100036621, 161.61088562, 162.110107422, 162.620956421, 163.131790161, 163.642623901, 164.141860962, 164.652694702, 165.163528442, 165.68598938, 166.185211182, 166.696044922, 167.206893921, 167.717727661, 168.228561401, 168.7394104, 169.250244141, 169.761077881, 170.248703003, 170.759536743, 171.270385742, 171.781219482, 172.292053223, 172.802902222, 173.313735962, 173.836181641, 174.335418701, 174.846252441, 175.35710144, 175.867935181, 176.378768921, 176.88961792, 177.388839722, 177.899673462, 178.398910522, 178.921356201, 179.432189941, 179.94303894, 180.442260742, 180.953109741, 181.463943481, 181.98638916, 182.485626221, 182.996459961, 183.507293701, 184.0181427, 184.52897644, 185.039810181, 185.55065918, 186.06149292, 186.549118042, 187.059951782, 187.570785522, 188.081634521, 188.592468262, 189.11491394, 189.625762939, 190.13659668, 190.635818481, 191.14666748, 191.657501221, 192.156738281, 192.655960083, 193.166793823, 193.677642822, 194.200088501, 194.687713623, 195.198547363, 195.697769165, 196.197006226, 196.696228027, 197.195465088, 197.69468689, 198.205535889, 198.693145752, 199.192382812, 199.691604614, 200.190841675, 200.690063477, 201.200897217, 201.688522339, 202.210968018, 202.710205078, 203.20942688, 203.70866394, 204.207885742, 204.707122803, 205.206344604, 205.705581665, 206.216415405, 206.704025269, 207.214874268, 207.702484131, 208.201721191, 208.700942993, 209.211791992, 209.711013794, 210.221862793, 210.721084595, 211.220306396, 211.719543457, 212.218765259, 212.718002319, 213.217224121, 213.716461182, 214.227294922, 214.714920044, 215.225753784, 215.724990845, 216.224212646, 216.711837769, 217.222671509, 217.733505249, 218.244354248, 218.731964111, 219.231201172, 219.730422974, 220.229660034, 220.728881836, 221.228118896, 221.727340698, 222.238174438, 222.725799561, 223.236633301, 223.724258423, 224.223495483, 224.722717285, 225.233551025, 225.732788086, 226.232009888, 226.731246948, 227.242080688, 227.741317749, 228.252151489, 228.739776611, 229.238998413, 229.738220215, 230.237457275, 230.736679077, 231.247528076, 231.746749878, 232.257598877, 232.756820679, 233.267654419, 233.755279541, 234.254501343, 234.753738403, 235.252960205, 235.752197266, 236.251419067, 236.750656128, 237.24987793, 237.74911499, 238.248336792, 238.747573853, 239.258407593, 239.757644653, 240.268478394, 240.767700195, 241.278549194, 241.777770996, 242.277008057, 242.776229858, 243.275466919, 243.763076782, 244.273925781, 244.761535645, 245.272369385, 245.759994507, 246.259231567, 246.758453369, 247.269287109, 247.76852417, 248.267745972, 248.766983032, 249.277816772, 249.777053833, 250.276275635, 250.775512695, 251.274734497, 251.773956299, 252.284805298, 252.772415161, 253.28326416, 253.770874023, 254.270111084, 254.769332886, 255.280181885, 255.791015625, 256.290252686, 256.789459229, 257.300323486, 257.811157227, 258.321990967, 258.80960083, 259.308837891, 259.808074951, 260.307312012, 260.806518555, 261.294158936, 261.804992676, 262.304199219, 262.803436279, 263.30267334, 263.8019104, 264.301116943, 264.811981201, 265.311187744, 265.822021484, 266.379302979, 266.94821167, 267.505493164, 268.074371338, 268.643249512, 269.212158203, 269.781036377, 270.349914551, 270.918823242, 271.487701416, 272.103027344, 272.729980469, 273.368530273, 273.995452881, 274.634002686, 275.260955811, 275.899505615, 276.410339355, 276.863128662, 277.304290771, 277.768707275, 278.221496582, 278.685882568, 279.150299072, 279.614685059, 280.079101562, 280.543487549, 281.007873535, 281.472290039, 281.936676025, 282.412689209, 282.877105713, 283.341491699, 283.805877686, 284.305114746, 284.804351807, 285.29196167, 285.744750977, 286.20916748, 286.696777344, 287.16116333, 287.625579834, 288.101593018, 288.50793457, 288.92590332, 289.332244873, 289.750213623, 290.168151855, 290.586120605, 291.004089355], "beats_loudness": {"dvar2": 0.012391353026, "var": 0.0073466738686, "min": 1.36561845165e-10, "dmean": 0.0955660641193, "mean": 0.0847967863083, "max": 0.397382378578, "dmean2": 0.177130818367, "median": 0.0353564172983, "dvar": 0.00666365539655}, "bpm_histogram_second_peak_weight": {"dvar2": 0, "var": 0, "min": 0.0276816617697, "dmean": 0, "mean": 0.0276816617697, "max": 0.0276816617697, "dmean2": 0, "median": 0.0276816617697, "dvar": 0}, "bpm_histogram_second_peak_spread": {"dvar2": 0, "var": 0, "min": 0, "dmean": 0, "mean": 0, "max": 0, "dmean2": 0, "median": 0, "dvar": 0}, "bpm_histogram_second_peak_bpm": {"dvar2": 0, "var": 0, "min": 115, "dmean": 0, "mean": 115, "max": 115, "dmean2": 0, "median": 115, "dvar": 0}, "onset_rate": 3.85607910156}, "lowlevel": {"spectral_energyband_high": {"dvar2": 1.53824003064e-05, "var": 7.41876056054e-06, "min": 7.24054212284e-21, "dmean": 0.000981661723927, "mean": 0.00143904949073, "max": 0.0306563042104, "dmean2": 0.00153390620835, "median": 0.000606108107604, "dvar": 6.18002013653e-06}, "spectral_energyband_middle_low": {"dvar2": 0.000417589209974, "var": 0.000208450801438, "min": 1.45311372051e-22, "dmean": 0.00663697021082, "mean": 0.0132221290842, "max": 0.139381676912, "dmean2": 0.0110939675942, "median": 0.00889504235238, "dvar": 0.000152043619892}, "spectral_energy": {"dvar2": 0.00135066581424, "var": 0.00212448486127, "min": 1.01061825314e-20, "dmean": 0.014391717501, "mean": 0.0332334861159, "max": 0.460686653852, "dmean2": 0.0194120313972, "median": 0.0170455630869, "dvar": 0.000759750371799}, "spectral_spread": {"dvar2": 2328619384830.0, "var": 7808189726720.0, "min": 1162032.625, "dmean": 841171.8125, "mean": 6798886, "max": 43031564, "dmean2": 1243845.25, "median": 6499485.5, "dvar": 1243760558080.0}, "spectral_energyband_low": {"dvar2": 0.00123201694805, "var": 0.00167018477805, "min": 2.92387444879e-23, "dmean": 0.00864752009511, "mean": 0.0153694646433, "max": 0.455214202404, "dmean2": 0.010488958098, "median": 0.000447494734544, "dvar": 0.000712765438948}, "spectral_rolloff": {"dvar2": 7046818, "var": 6867160.5, "min": 64.599609375, "dmean": 913.876708984, "mean": 1833.65063477, "max": 19379.8828125, "dmean2": 1575.58959961, "median": 796.728515625, "dvar": 3205342.25}, "barkbands": {"dvar2": [3.4318861708e-07, 0.00139785779174, 0.000304851622786, 0.000130560874823, 7.5467149145e-05, 1.61697528256e-06, 3.04725563183e-05, 1.81121486094e-05, 1.24853468151e-05, 7.11375032552e-05, 7.15083342584e-06, 2.47575599133e-06, 1.00500585631e-06, 2.82228324977e-06, 3.35458679501e-07, 9.42186659358e-07, 3.27464334759e-07, 3.12969802962e-07, 1.58199412681e-07, 1.15136083423e-06, 6.27308338608e-07, 2.34187737647e-07, 5.52931624043e-07, 8.76661658822e-07, 5.79665311307e-07, 2.00727029664e-07, 1.38830935636e-09], "var": [7.15666317319e-07, 0.00132279552054, 6.50786969345e-05, 2.45006140176e-05, 3.36613229592e-05, 1.5106892306e-06, 3.13688033202e-05, 2.71103126579e-05, 1.25678252516e-05, 1.95572010853e-05, 9.65535855357e-06, 1.51148719851e-06, 9.2998322998e-07, 1.92223592421e-06, 1.9044102828e-07, 6.03625665008e-07, 1.32200568714e-07, 9.95423548034e-08, 9.06284398638e-08, 2.33618635548e-07, 1.58314222176e-07, 1.70500868535e-07, 5.35794242751e-07, 4.0473463514e-07, 3.73409648091e-07, 6.24228704282e-08, 3.6530428682e-10], "min": [1.66169013735e-24, 3.28972036873e-24, 2.70232980553e-24, 1.28890642241e-24, 1.16800402235e-23, 1.1080509091e-23, 1.24621011477e-23, 1.0650589364e-23, 1.50796773153e-23, 1.56567969095e-23, 8.65191559727e-24, 3.12505543664e-23, 3.10886296215e-23, 4.51930397774e-23, 5.69893691424e-23, 3.74654214588e-23, 6.34221322386e-23, 1.15061320504e-22, 1.10689857264e-22, 1.65605317398e-22, 2.12300140079e-22, 3.94132982629e-22, 4.0827469644e-22, 6.21296852507e-22, 8.76022537914e-22, 1.36110489727e-21, 2.0593786202e-21], "dmean": [0.000164563563885, 0.00807693973184, 0.00216479739174, 0.00136699539144, 0.0032754605636, 0.000408445601352, 0.00173854862805, 0.00115356710739, 0.000849430565722, 0.0011432946194, 0.00065171753522, 0.00030435793451, 0.000249686272582, 0.000263271998847, 0.000130389104015, 0.000152531341882, 0.000125118865981, 0.000109971922939, 0.000104349004687, 0.000134562593303, 0.000123121368233, 0.000112310211989, 0.000208589088288, 0.000238968961639, 0.000211791324546, 9.5785704616e-05, 6.00139219387e-06], "mean": [0.000244827009737, 0.0125857284293, 0.00189594889525, 0.00111081067007, 0.00493344059214, 0.000698430289049, 0.00308066909201, 0.0017191155348, 0.00128371536266, 0.00113461690489, 0.00106146431062, 0.000381730205845, 0.00036404110142, 0.000377521762857, 0.000173415479367, 0.000224287476158, 0.000170182116563, 0.000143460172694, 0.000165376157383, 0.000136499860673, 0.000134841073304, 0.000156135211, 0.000336877943482, 0.000312332500471, 0.000309211958665, 9.41060789046e-05, 4.5677406888e-06], "max": [0.00609168177471, 0.45019108057, 0.130290150642, 0.0738985911012, 0.0748771950603, 0.0228208955377, 0.0795322060585, 0.0946107804775, 0.0736246854067, 0.0678489208221, 0.0490348897874, 0.0364699736238, 0.015859041363, 0.0619206540287, 0.00802822783589, 0.0215162783861, 0.00496332487091, 0.00467991642654, 0.0055738966912, 0.00816709268838, 0.00563281681389, 0.00754014914855, 0.0126926796511, 0.00876789819449, 0.0087754689157, 0.00323001109064, 0.000300427956972], "dmean2": [0.000177664755029, 0.010297707282, 0.00397373642772, 0.0025845838245, 0.00571645563468, 0.000645521504339, 0.00269184913486, 0.00169812596869, 0.00129151158035, 0.00195438251831, 0.000954157963861, 0.00048416966456, 0.000392718473449, 0.000412044988479, 0.00020565270097, 0.000249406090006, 0.000209707475733, 0.000186506294995, 0.000170946790604, 0.000243955000769, 0.000213258666918, 0.000173946056748, 0.000311365089146, 0.000384703424061, 0.000323764717905, 0.000160488692927, 1.044525834e-05], "median": [3.54529021251e-07, 6.54278028378e-06, 7.44596545701e-05, 0.00014789350098, 0.00324636138976, 0.000283423869405, 0.000917565368582, 0.000179013222805, 0.000148323728354, 9.42079132074e-05, 0.000117733507068, 3.95900133299e-05, 4.29470055678e-05, 2.77266371995e-05, 3.81875506719e-05, 4.1170635086e-05, 4.49976178061e-05, 4.89867161377e-05, 5.93666882196e-05, 3.82724610972e-05, 2.91884571197e-05, 3.45676453435e-05, 0.000150068299263, 9.230649448e-05, 0.000128116618725, 1.77199108293e-05, 4.46464639481e-07], "dvar": [2.74516111176e-07, 0.000707182392944, 0.000106969957415, 4.41617885372e-05, 2.7062404115e-05, 7.01963870142e-07, 1.33701241793e-05, 9.82839173957e-06, 5.91956177232e-06, 2.56923704001e-05, 3.4645827327e-06, 1.03716070043e-06, 4.39980340161e-07, 1.17292358937e-06, 1.40001304771e-07, 3.63278616078e-07, 1.19552964861e-07, 1.10075674797e-07, 5.77190633066e-08, 3.92809937466e-07, 2.19904222831e-07, 1.00895796606e-07, 2.62201297119e-07, 3.49826336787e-07, 2.76901118923e-07, 7.6809342886e-08, 5.2101289949e-10]}, "melbands_skewness": {"dvar2": 3.57300710678, "var": 8.8634853363, "min": -1.69326341152, "dmean": 1.21068382263, "mean": 4.09070968628, "max": 25.2606658936, "dmean2": 1.75790894032, "median": 3.54650068283, "dvar": 2.04629206657}, "barkbands_skewness": {"dvar2": 1.72172915936, "var": 3.96119356155, "min": -5.12105131149, "dmean": 0.86805588007, "mean": 2.50246524811, "max": 16.8883228302, "dmean2": 1.24722492695, "median": 2.15458250046, "dvar": 0.886484801769}, "erbbands": {"dvar2": [1.11277341843, 91.843788147, 385.716918945, 882.299743652, 1338.55749512, 1003.52709961, 326.799621582, 105.665138245, 3126.78369141, 11079.0136719, 6846.26660156, 8103.77392578, 31141.8515625, 40205.2460938, 10010.3095703, 2996.4699707, 1858.57299805, 8596.63085938, 1302.96459961, 1063.66040039, 1162.34057617, 997.044921875, 892.581237793, 630.492736816, 405.566772461, 3042.07299805, 1823.45910645, 476.097381592, 286.209991455, 408.627563477, 508.419281006, 470.305023193, 196.083221436, 70.3479995728, 42.5879898071, 6.05514144897, 0.495465785265, 0.0147821884602, 3.23514032061e-05, 3.44884618642e-08], "var": [1.40947234631, 63.5662918091, 111.037574768, 177.918579102, 307.812011719, 542.808227539, 417.019683838, 110.328186035, 3062.046875, 15235.2900391, 6438.94140625, 7031.20263672, 12585.7773438, 12946.3466797, 13590.6074219, 1906.74487305, 1746.64660645, 5869.18457031, 899.791015625, 824.270812988, 725.607299805, 386.216125488, 313.164611816, 343.171478271, 169.975067139, 595.497680664, 412.39553833, 166.9894104, 199.39704895, 390.39276123, 447.180847168, 222.286865234, 98.0653915405, 37.9238395691, 30.8239746094, 2.28413939476, 0.154094710946, 0.00399432796985, 8.68134793564e-06, 1.39547617906e-08], "min": [1.00730866989e-22, 5.70087334688e-22, 3.57903521931e-21, 8.56291877119e-21, 1.42717025375e-20, 2.8944510124e-20, 5.98613677951e-20, 7.57118867034e-20, 1.50414600135e-19, 2.57556875036e-19, 2.99366874194e-19, 3.30423215196e-19, 6.59645984527e-19, 9.08467858144e-19, 5.93379873571e-19, 1.34531352016e-18, 1.3852342905e-18, 2.13559960265e-18, 2.37378398529e-18, 2.26938324543e-18, 2.74750356565e-18, 4.66058083018e-18, 6.41238351785e-18, 7.30758484653e-18, 7.99519444715e-18, 7.80322237059e-18, 9.39028831696e-18, 1.11574141119e-17, 1.31171108621e-17, 1.27090610116e-17, 1.10654804314e-17, 1.04028591299e-17, 9.81470972618e-18, 8.85564839984e-18, 6.12800626788e-18, 4.50451335528e-18, 2.5724268599e-18, 1.03929412344e-18, 2.67963634322e-19, 3.06629229166e-20], "dmean": [0.245727643371, 1.89892828465, 2.79813170433, 3.67554116249, 7.44053030014, 13.9488716125, 5.85017728806, 3.35284900665, 17.1134300232, 30.056640625, 21.137304306, 19.3908405304, 29.2266349792, 30.2265872955, 23.2025585175, 10.8237943649, 10.5730524063, 14.0992202759, 7.71110725403, 6.85810852051, 6.31354475021, 6.69765615463, 5.9602856636, 5.51692914963, 4.8165974617, 6.47159671783, 5.83467292786, 4.16355705261, 3.89176702499, 4.91453313828, 6.27920436859, 5.66486358643, 3.48314356804, 1.97761678696, 1.96860790253, 0.594490528107, 0.145928114653, 0.0223049223423, 0.00089661416132, 4.49898470833e-05], "mean": [0.376593858004, 2.68857502937, 2.88735365868, 3.35877776146, 8.29266834259, 20.2931003571, 11.1768703461, 6.12384176254, 30.0595607758, 55.2803955078, 29.99335289, 28.7155246735, 36.3929481506, 35.7347412109, 37.9777793884, 15.7660331726, 16.2212085724, 21.2773246765, 11.4176931381, 10.7905902863, 9.97959518433, 9.50093841553, 8.4842004776, 8.44442176819, 7.3135008812, 6.34864139557, 6.05235671997, 5.05843687057, 5.28755903244, 7.09960651398, 10.016084671, 7.73342227936, 4.62267446518, 2.39870452881, 3.09796500206, 0.687816619873, 0.13848978281, 0.0185482110828, 0.000720206240658, 7.11599350325e-05], "max": [12.4672231674, 101.609268188, 171.905975342, 195.449691772, 238.207015991, 303.862335205, 513.545288086, 155.88369751, 886.761413574, 1792.18408203, 1657.00561523, 2134.51879883, 1802.26123047, 1922.93066406, 1859.00341797, 1509.93859863, 719.232421875, 3563.77490234, 559.375976562, 588.59552002, 765.268371582, 338.558166504, 312.769012451, 421.671203613, 225.206314087, 433.5753479, 307.637939453, 208.712738037, 329.12789917, 375.838287354, 353.430206299, 206.547195435, 148.077438354, 129.773406982, 54.1103019714, 21.2231178284, 4.3461432457, 0.753098964691, 0.044699061662, 0.0018015622627], "dmean2": [0.292118132114, 2.637362957, 4.75258493423, 6.83149528503, 13.4425554276, 24.2618656158, 9.4035577774, 5.23387479782, 26.6417732239, 45.9019699097, 31.8062324524, 29.7003631592, 48.21824646, 49.8721237183, 34.1778907776, 16.8418083191, 16.3444709778, 21.6334781647, 11.8567247391, 10.9202804565, 10.1629114151, 11.1866092682, 9.91534805298, 9.12792491913, 8.0410194397, 11.794798851, 10.3694458008, 6.94708585739, 5.95527219772, 7.40919780731, 9.50538063049, 9.11777114868, 5.54976463318, 3.11876630783, 2.97551465034, 0.967947304249, 0.242807090282, 0.0384141840041, 0.0015447466867, 7.06674836692e-05], "median": [0.000376871263143, 0.0059773074463, 0.100952491164, 0.544986367226, 4.23252487183, 13.0306301117, 6.16668796539, 2.63009405136, 10.6439666748, 12.6771392822, 4.85151433945, 4.0649766922, 3.88171863556, 4.28933477402, 3.89180326462, 1.9141535759, 2.2933011055, 2.20056629181, 2.03747749329, 2.49921321869, 2.48554563522, 2.69866156578, 2.99798464775, 2.91472434998, 2.68042755127, 1.73481583595, 1.32457208633, 1.08137214184, 1.11782503128, 1.88174259663, 4.55440044403, 2.60443019867, 1.38268506527, 0.62761670351, 1.25467157364, 0.219716995955, 0.0255270432681, 0.0026046091225, 0.000104729362647, 3.70367815776e-05], "dvar": [0.654783785343, 42.4801254272, 144.04586792, 304.235229492, 465.513244629, 358.997802734, 153.686645508, 45.7629051208, 1377.34143066, 5027.53857422, 3322.83789062, 3775.88452148, 11646.8642578, 14668.8867188, 4883.16064453, 1235.13696289, 825.593811035, 3589.38647461, 557.798706055, 431.179962158, 451.438110352, 362.744354248, 314.158599854, 236.310424805, 141.080230713, 1035.28930664, 629.540100098, 174.249664307, 122.010139465, 195.695678711, 234.138656616, 186.682128906, 80.0904998779, 31.3242816925, 20.7864322662, 2.40897369385, 0.190260276198, 0.00554064661264, 1.22408664538e-05, 1.35354873976e-08]}, "silence_rate_30dB": {"dvar2": 0.072219453752, "var": 0.0632052198052, "min": 0, "dmean": 0.0380452089012, "mean": 0.932192623615, "max": 1, "dmean2": 0.0760964751244, "median": 1, "dvar": 0.0365930348635}, "melbands_spread": {"dvar2": 546.445800781, "var": 580.026123047, "min": 0.469347506762, "dmean": 8.79549598694, "mean": 20.2384757996, "max": 239.887390137, "dmean2": 13.5917758942, "median": 13.2227430344, "dvar": 250.82043457}, "melbands_crest": {"dvar2": 27.5919208527, "var": 36.7808799744, "min": 1.49926757812, "dmean": 3.80821943283, "mean": 16.5696773529, "max": 34.6202354431, "dmean2": 6.0954208374, "median": 15.7561979294, "dvar": 10.573767662}, "zerocrossingrate": {"dvar2": 0.000560078711715, "var": 0.00368957128376, "min": 0.001953125, "dmean": 0.0173984970897, "mean": 0.0798772946, "max": 0.5166015625, "dmean2": 0.0197270996869, "median": 0.06396484375, "dvar": 0.000471752224257}, "barkbands_kurtosis": {"dvar2": 438.126190186, "var": 488.61026001, "min": -1.95331609249, "dmean": 7.18729162216, "mean": 11.8439617157, "max": 372.337677002, "dmean2": 10.598856926, "median": 5.01822757721, "dvar": 205.539932251}, "spectral_flux": {"dvar2": 0.00391247915104, "var": 0.00584204681218, "min": 6.45027434243e-11, "dmean": 0.0330629721284, "mean": 0.0888858437538, "max": 0.562081456184, "dmean2": 0.0487776994705, "median": 0.0690637081861, "dvar": 0.00234918063506}, "barkbands_crest": {"dvar2": 20.4666938782, "var": 28.3086433411, "min": 2.76409316063, "dmean": 3.34425401688, "mean": 13.3219976425, "max": 26.3848628998, "dmean2": 5.3818655014, "median": 12.4145908356, "dvar": 8.54009628296}, "barkbands_flatness_db": {"dvar2": 0.00138405058533, "var": 0.003688988043, "min": 0.0187050644308, "dmean": 0.0267751831561, "mean": 0.175145283341, "max": 0.467124074697, "dmean2": 0.0400311723351, "median": 0.169007927179, "dvar": 0.000625472690444}, "spectral_entropy": {"dvar2": 0.116903446615, "var": 0.356638520956, "min": 4.55078697205, "dmean": 0.234317034483, "mean": 7.46445989609, "max": 9.82732963562, "dmean2": 0.347145885229, "median": 7.51225471497, "dvar": 0.0625109225512}, "pitch_salience": {"dvar2": 0.0129403043538, "var": 0.02229773812, "min": 0.0272442623973, "dmean": 0.0809763073921, "mean": 0.507334947586, "max": 0.885334908962, "dmean2": 0.126573890448, "median": 0.526874780655, "dvar": 0.00582311302423}, "erbbands_spread": {"dvar2": 571.754516602, "var": 1170.27355957, "min": 2.07153701782, "dmean": 14.418299675, "mean": 54.9436149597, "max": 200.803939819, "dmean2": 21.8970470428, "median": 48.66198349, "dvar": 286.749389648}, "dynamic_complexity": 3.77478647232, "spectral_contrast_valleys": {"dvar2": [0.535073757172, 0.364736557007, 0.375923961401, 0.345551729202, 0.314563691616, 0.317867547274], "var": [3.77638530731, 2.06762480736, 2.28556156158, 2.26932358742, 2.10684800148, 2.28065919876], "min": [-28.2161464691, -27.8553237915, -27.7065143585, -27.5397758484, -27.4932632446, -27.3772354126], "dmean": [0.52349203825, 0.392796993256, 0.38072770834, 0.368104159832, 0.318491220474, 0.365142554045], "mean": [-8.97217559814, -7.24514007568, -8.06297111511, -8.65950679779, -8.23689079285, -9.87104225159], "max": [-4.87837314606, -4.6075053215, -4.7388010025, -5.58892583847, -5.29614830017, -7.12431907654], "dmean2": [0.795784115791, 0.634276866913, 0.594319939613, 0.561830401421, 0.453950881958, 0.467368304729], "median": [-9.41652202606, -7.11585187912, -7.94463634491, -8.53427219391, -8.05863761902, -9.70230674744], "dvar": [0.285719841719, 0.157328486443, 0.17994479835, 0.163464695215, 0.153090149164, 0.192591160536]}, "hfc": {"dvar2": 1688.53552246, "var": 844.059753418, "min": 1.09637218305e-16, "dmean": 11.825876236, "mean": 23.4281368256, "max": 273.004119873, "dmean2": 18.1220626831, "median": 14.4892396927, "dvar": 667.184265137}, "spectral_kurtosis": {"dvar2": 6.8672504425, "var": 11.7576055527, "min": -1.36625659466, "dmean": 1.18371534348, "mean": 3.18657517433, "max": 56.268447876, "dmean2": 1.81397807598, "median": 2.51854562759, "dvar": 3.05072402954}, "mfcc": {"mean": [-677.326293945, 94.7620544434, 26.233127594, 6.95863246918, -5.45666217804, -13.0456075668, -15.7100563049, -0.317242085934, -16.3482894897, -2.78319787979, -13.0622367859, -5.2195854187, -6.88482713699], "cov": [[7688.95703125, -244.738418579, -403.629852295, -390.144104004, 300.284790039, 199.576385498, 245.902923584, 192.390853882, 79.5695266724, 86.9328155518, 228.533782959, 83.7602386475, -14.1485280991], [-244.738418579, 1318.33239746, -101.735206604, -96.0444030762, 89.6728515625, 127.375961304, 232.244506836, 241.544647217, 70.2335205078, 178.440231323, 126.642974854, 122.801765442, 113.454177856], [-403.629852295, -101.735206604, 1169.46411133, 440.078918457, 65.429725647, 38.1408157349, -29.1568889618, 54.7918243408, 18.1401157379, 7.83032560349, -40.3696365356, 38.3384933472, 67.4457321167], [-390.144104004, -96.0444030762, 440.078918457, 814.029541016, 300.657409668, 293.936828613, 56.6421279907, 44.8504753113, 155.501678467, 87.2745056152, 40.0963897705, 66.8197555542, 93.1444015503], [300.284790039, 89.6728515625, 65.429725647, 300.657409668, 509.213500977, 264.986968994, 116.230865479, 68.3031692505, 141.598571777, 168.828948975, 150.481414795, 82.2476882935, 60.9697685242], [199.576385498, 127.375961304, 38.1408157349, 293.936828613, 264.986968994, 590.133361816, 339.162353516, 125.241828918, 232.607254028, 183.209365845, 204.635986328, 141.642166138, 100.515632629], [245.902923584, 232.244506836, -29.1568889618, 56.6421279907, 116.230865479, 339.162353516, 394.142547607, 180.476821899, 182.730361938, 131.052825928, 170.786575317, 131.814025879, 88.5256652832], [192.390853882, 241.544647217, 54.7918243408, 44.8504753113, 68.3031692505, 125.241828918, 180.476821899, 266.889099121, 117.905754089, 96.835609436, 81.3593826294, 78.8907623291, 93.9177322388], [79.5695266724, 70.2335205078, 18.1401157379, 155.501678467, 141.598571777, 232.607254028, 182.730361938, 117.905754089, 293.907653809, 133.426193237, 143.175888062, 83.285446167, 76.9622802734], [86.9328155518, 178.440231323, 7.83032560349, 87.2745056152, 168.828948975, 183.209365845, 131.052825928, 96.835609436, 133.426193237, 226.023147583, 135.699493408, 82.6031494141, 63.5271263123], [228.533782959, 126.642974854, -40.3696365356, 40.0963897705, 150.481414795, 204.635986328, 170.786575317, 81.3593826294, 143.175888062, 135.699493408, 234.176223755, 104.078041077, 62.9840316772], [83.7602386475, 122.801765442, 38.3384933472, 66.8197555542, 82.2476882935, 141.642166138, 131.814025879, 78.8907623291, 83.285446167, 82.6031494141, 104.078041077, 151.470672607, 73.9810333252], [-14.1485280991, 113.454177856, 67.4457321167, 93.1444015503, 60.9697685242, 100.515632629, 88.5256652832, 93.9177322388, 76.9622802734, 63.5271263123, 62.9840316772, 73.9810333252, 137.348068237]], "icov": [[0.000154704597662, 8.43549278216e-05, 1.99400783458e-05, 0.000137577502755, -0.00015761530085, -3.86564679502e-05, -1.85678272828e-05, -0.000183598531294, 5.57002240384e-05, 6.63763858029e-05, -8.20766654215e-05, -3.15978613799e-05, 7.16781505616e-05], [8.43549278216e-05, 0.00108504877426, 9.4847571745e-05, 0.000204111347557, -0.000139890413266, 0.000147142185597, -0.000358892400982, -0.000720772542991, 0.000461254501715, -0.00059704267187, 2.23272363655e-05, -0.000229143784964, -0.000263126799837], [1.99400783458e-05, 9.4847571745e-05, 0.00117124326061, -0.000744192104321, 0.000170378800249, 0.000228823526413, 4.18019481003e-05, -0.000368907582015, 0.000263012305368, -7.98435285105e-05, 0.000111567380372, -0.000305662542814, -0.00016150335432], [0.000137577502755, 0.000204111347557, -0.000744192104321, 0.00279444921762, -0.00124494009651, -0.00140775181353, 0.000976834911853, -4.32720771641e-05, -0.000827263342217, 0.000413182744524, 0.00106601545122, -0.000238587541389, -0.000789111072663], [-0.00015761530085, -0.000139890413266, 0.000170378800249, -0.00124494009651, 0.00371876265854, -0.000594664597884, 0.00062264787266, 1.73703374458e-05, 0.000177197376615, -0.00152243429329, -0.00121899135411, 9.50361645664e-05, 0.000343818304827], [-3.86564679502e-05, 0.000147142185597, 0.000228823526413, -0.00140775181353, -0.000594664597884, 0.00546280806884, -0.00402001990005, 0.00126853317488, -0.000474865053548, -0.000956408097409, -0.000714051770046, -0.000113329369924, -0.000196515451535], [-1.85678272828e-05, -0.000358892400982, 4.18019481003e-05, 0.000976834911853, 0.00062264787266, -0.00402001990005, 0.00847443379462, -0.00298495846801, -0.00109320995398, 0.000954800227191, -0.00115530123003, -0.00196571834385, 0.000615723663941], [-0.000183598531294, -0.000720772542991, -0.000368907582015, -4.32720771641e-05, 1.73703374458e-05, 0.00126853317488, -0.00298495846801, 0.00758862122893, -0.00126785610337, -0.00100621336605, 0.000951813301072, 0.000198377834749, -0.00278172572143], [5.57002240384e-05, 0.000461254501715, 0.000263012305368, -0.000827263342217, 0.000177197376615, -0.000474865053548, -0.00109320995398, -0.00126785610337, 0.0068267188035, -0.00154168903828, -0.00194958841894, 0.000592619588133, -0.000640407612082], [6.63763858029e-05, -0.00059704267187, -7.98435285105e-05, 0.000413182744524, -0.00152243429329, -0.000956408097409, 0.000954800227191, -0.00100621336605, -0.00154168903828, 0.00913637224585, -0.0023305551149, -0.000743361306377, -0.000185399403563], [-8.20766654215e-05, 2.23272363655e-05, 0.000111567380372, 0.00106601545122, -0.00121899135411, -0.000714051770046, -0.00115530123003, 0.000951813301072, -0.00194958841894, -0.0023305551149, 0.0100967222825, -0.00298220268451, -0.000500505557284], [-3.15978613799e-05, -0.000229143784964, -0.000305662542814, -0.000238587541389, 9.50361645664e-05, -0.000113329369924, -0.00196571834385, 0.000198377834749, 0.000592619588133, -0.000743361306377, -0.00298220268451, 0.012604907155, -0.00374018563889], [7.16781505616e-05, -0.000263126799837, -0.00016150335432, -0.000789111072663, 0.000343818304827, -0.000196515451535, 0.000615723663941, -0.00278172572143, -0.000640407612082, -0.000185399403563, -0.000500505557284, -0.00374018563889, 0.0123051535338]]}, "silence_rate_20dB": {"dvar2": 0.00190891698003, "var": 0.000318219652399, "min": 0, "dmean": 0.00063673988916, "mean": 0.999681651592, "max": 1, "dmean2": 0.00127358117606, "median": 1, "dvar": 0.00063637632411}, "melbands_kurtosis": {"dvar2": 3487.78881836, "var": 5603.02099609, "min": -1.86713969707, "dmean": 20.7335567474, "mean": 39.0293655396, "max": 946.721008301, "dmean2": 30.1089038849, "median": 18.6724147797, "dvar": 2113.69702148}, "barkbands_spread": {"dvar2": 227.094726562, "var": 343.909973145, "min": 0.490325331688, "dmean": 8.18234062195, "mean": 23.6372890472, "max": 123.630706787, "dmean2": 12.6384458542, "median": 18.3611812592, "dvar": 109.148231506}, "erbbands_skewness": {"dvar2": 0.543575942516, "var": 1.23581242561, "min": -3.59632372856, "dmean": 0.516244828701, "mean": 0.901778101921, "max": 7.22233915329, "dmean2": 0.78766065836, "median": 0.871115863323, "dvar": 0.257831573486}, "average_loudness": 0.842103421688, "spectral_centroid": {"dvar2": 326133.4375, "var": 717775.9375, "min": 210.177536011, "dmean": 281.673095703, "mean": 1100.06005859, "max": 11762.734375, "dmean2": 443.870452881, "median": 882.916992188, "dvar": 145546.875}, "dissonance": {"dvar2": 0.00200561876409, "var": 0.0022672615014, "min": 0.140094175935, "dmean": 0.027649467811, "mean": 0.44099059701, "max": 0.500000119209, "dmean2": 0.0455687791109, "median": 0.453691124916, "dvar": 0.000770194688812}, "erbbands_flatness_db": {"dvar2": 0.000652133778203, "var": 0.00236541475169, "min": 0.0389131866395, "dmean": 0.0184436868876, "mean": 0.159737765789, "max": 0.408252120018, "dmean2": 0.027681030333, "median": 0.152278617024, "dvar": 0.000331149902195}, "spectral_strongpeak": {"dvar2": 1.63465869427, "var": 1.22855341434, "min": 0, "dmean": 0.484953522682, "mean": 0.989194393158, "max": 10.7298164368, "dmean2": 0.784650266171, "median": 0.599841296673, "dvar": 0.646594285965}, "spectral_rms": {"dvar2": 3.68651058125e-06, "var": 9.39871824812e-06, "min": 3.14001429025e-12, "dmean": 0.00105330324732, "mean": 0.00479835737497, "max": 0.0212002452463, "dmean2": 0.00144209992141, "median": 0.00407796725631, "dvar": 2.08335291063e-06}, "silence_rate_60dB": {"dvar2": 0.0601865909994, "var": 0.0773181915283, "min": 0, "dmean": 0.0267430748791, "mean": 0.0844409093261, "max": 1, "dmean2": 0.0534904077649, "median": 0, "dvar": 0.0260282158852}, "melbands": {"dvar2": [9.99755066005e-05, 9.22239123611e-05, 2.78752340819e-05, 5.48766320208e-06, 5.70872146e-07, 6.22423499408e-08, 8.41017481434e-07, 1.14777208182e-06, 4.61531271867e-07, 3.17094588809e-07, 9.04373735011e-07, 8.54159623032e-07, 1.31907682999e-07, 3.2941379402e-08, 2.35896333578e-08, 8.56689741369e-09, 4.21129406902e-08, 3.95870625169e-09, 1.45373146854e-09, 7.62266605392e-09, 8.78315253861e-10, 1.30872124249e-09, 7.94173282692e-10, 7.87348020115e-10, 4.42375164278e-10, 2.75088701818e-10, 1.96418908915e-10, 2.14298734313e-09, 6.14278072852e-10, 8.44273706502e-10, 8.25078130817e-11, 1.00383652779e-10, 1.08359834994e-10, 1.69299033126e-10, 2.42619174751e-10, 1.59236152042e-10, 1.8172983951e-10, 8.37446015312e-11, 1.01914671147e-10, 4.24360199758e-11], "var": [0.00010668791947, 4.84859810967e-05, 5.73600209464e-06, 1.88278102087e-06, 6.57671591853e-07, 6.28577438988e-08, 8.41803398544e-07, 1.78141533524e-06, 3.92790951764e-07, 3.0547707297e-07, 3.46311281874e-07, 2.49845925282e-07, 1.69156308516e-07, 2.95548900908e-08, 1.26166046499e-08, 8.81832296074e-09, 2.73983289389e-08, 2.91078583459e-09, 1.0676433071e-09, 4.95795093869e-09, 5.18537768279e-10, 4.63616200985e-10, 3.48436390851e-10, 2.30937671764e-10, 2.63427807345e-10, 1.23849416833e-10, 6.09124140016e-11, 4.10826678232e-10, 1.48338993866e-10, 1.82229023538e-10, 4.20335294349e-11, 6.43110287246e-11, 7.29852359105e-11, 1.58981397491e-10, 1.87871745938e-10, 1.04493115549e-10, 7.89493678766e-11, 4.72648968575e-11, 4.70663230612e-11, 2.219528554e-11], "min": [1.53164543104e-24, 1.0107783247e-24, 1.92858623627e-24, 2.28181192e-24, 2.1584350605e-24, 1.74934303632e-24, 2.6375434204e-24, 2.86230783888e-24, 1.74661535253e-24, 1.81337290385e-24, 3.28766656936e-24, 3.47575033626e-24, 1.53392484463e-24, 2.89132036804e-24, 3.7437981721e-24, 3.43453274839e-24, 4.01396252176e-24, 3.17000895142e-24, 4.47065894891e-24, 3.35442983992e-24, 2.87753561537e-24, 3.22825331307e-24, 4.87761611826e-24, 3.5339039789e-24, 4.34937986777e-24, 3.46381289861e-24, 4.11723230286e-24, 3.04144296489e-24, 5.22212784722e-24, 5.55914184771e-24, 5.80277128309e-24, 5.85966905917e-24, 6.07866394621e-24, 6.10979318639e-24, 6.44724816012e-24, 5.49020053219e-24, 6.46545980298e-24, 6.26023251089e-24, 6.32363326184e-24, 6.42669596696e-24], "dmean": [0.00223133154213, 0.00173676025588, 0.000691512075718, 0.000818340689875, 0.000294394121738, 8.27487529023e-05, 0.00029143464053, 0.000313060503686, 0.000168132741237, 0.000122553872643, 0.000154628229211, 0.000132505316287, 8.2707425463e-05, 3.97731128032e-05, 2.83147492155e-05, 2.3429382054e-05, 2.89302533929e-05, 1.31550877995e-05, 9.9557591966e-06, 1.27656094264e-05, 6.3748420871e-06, 7.29737894289e-06, 6.47139677312e-06, 5.08926405018e-06, 4.62733851236e-06, 3.97105077354e-06, 3.00961937683e-06, 5.13164332006e-06, 3.50642721969e-06, 3.94606013288e-06, 2.08511664823e-06, 2.23664210353e-06, 2.32837464864e-06, 3.00089277516e-06, 3.54639428224e-06, 3.97405528929e-06, 3.44252339346e-06, 2.36946038967e-06, 2.25143298849e-06, 1.52213124238e-06], "mean": [0.00347166997381, 0.00231529469602, 0.000652293325402, 0.0010967887938, 0.000525359122548, 0.000143619516166, 0.000515730003826, 0.000572286837269, 0.000226158663281, 0.000182370233233, 0.00018333060143, 0.000143225624925, 0.000134004410938, 5.69907315366e-05, 3.61436723324e-05, 3.54684598278e-05, 4.12777881138e-05, 1.79152903002e-05, 1.3835637219e-05, 1.85654134839e-