{"tonal": {"thpcp": [1, 0.713546216488, 0.244009271264, 0.153322905302, 0.105713516474, 0.0754337087274, 0.0762383788824, 0.0726026594639, 0.106737546623, 0.162513688207, 0.142078205943, 0.116134494543, 0.118152841926, 0.0913773030043, 0.11555866152, 0.181297957897, 0.154765963554, 0.0992622300982, 0.088636264205, 0.0829859972, 0.108619056642, 0.126396134496, 0.100060552359, 0.0805711969733, 0.0828795284033, 0.0754954069853, 0.0714846774936, 0.079310156405, 0.089148953557, 0.120330192149, 0.163805395365, 0.154392078519, 0.119600400329, 0.121078364551, 0.167878463864, 0.549316585064], "hpcp": {"dmean2": [0.118809707463, 0.118360944092, 0.0844936966896, 0.0728350430727, 0.0771916732192, 0.0990021377802, 0.106292046607, 0.0983369126916, 0.0818260163069, 0.083229996264, 0.0857977122068, 0.0820889770985, 0.0907853841782, 0.104924596846, 0.130984500051, 0.13442017138, 0.144349187613, 0.159155756235, 0.178208366036, 0.242910027504, 0.405016481876, 0.282949477434, 0.428390860558, 0.298462420702, 0.20203499496, 0.144810587168, 0.102438054979, 0.0920310541987, 0.0914377644658, 0.113813363016, 0.135428860784, 0.126890033484, 0.113751389086, 0.110499978065, 0.102428898215, 0.11326995492], "median": [0.012635407038, 0.0157877504826, 0.0115286093205, 0.00788278691471, 0.00845443829894, 0.0152338650078, 0.0232974682003, 0.0212739538401, 0.0109814815223, 0.00926214177161, 0.00890646595508, 0.0104459142312, 0.0105311227962, 0.010721353814, 0.0121387345716, 0.012507497333, 0.0114113716409, 0.011274931021, 0.0125505402684, 0.0223422199488, 0.293017208576, 0.812097370625, 0.428089737892, 0.0510043986142, 0.0237420573831, 0.0162414405495, 0.010452019982, 0.01295783557, 0.0111739747226, 0.0099258646369, 0.0124246487394, 0.0171874463558, 0.0271569211036, 0.0278772953898, 0.0177031569183, 0.0115260714665], "min": [0, 0, 0, 0, 0, 0, 0, 0, 0, 0, 0, 0, 0, 0, 0, 0, 0, 0, 0, 0, 0, 0, 0, 0, 0, 0, 0, 0, 0, 0, 0, 0, 0, 0, 0, 0], "dvar2": [0.0720836520195, 0.0669391080737, 0.0431976355612, 0.044287007302, 0.0385897308588, 0.0465459376574, 0.0549676641822, 0.0477672144771, 0.0361606404185, 0.0464060418308, 0.0543079935014, 0.0483193807304, 0.0551636442542, 0.0620794035494, 0.0855956450105, 0.0765751749277, 0.091026134789, 0.110621385276, 0.122385919094, 0.150647342205, 0.177018210292, 0.156817674637, 0.175192564726, 0.146318033338, 0.132512792945, 0.0950963571668, 0.068854354322, 0.0565887577832, 0.0558335669339, 0.0715483352542, 0.0830724611878, 0.0682485476136, 0.0586830489337, 0.0588715597987, 0.055232513696, 0.0672291144729], "dvar": [0.0268868356943, 0.0238907765597, 0.0159937795252, 0.0155335236341, 0.0139430956915, 0.0166953075677, 0.0194235928357, 0.0164549425244, 0.0130101898685, 0.0176375526935, 0.0195846091956, 0.0168179888278, 0.0194350518286, 0.0219294819981, 0.0302172470838, 0.0311906579882, 0.0355048067868, 0.0385680533946, 0.0427237488329, 0.0530879609287, 0.061237514019, 0.0609756819904, 0.0625946968794, 0.0543143749237, 0.0469714812934, 0.0326437316835, 0.0233519952744, 0.0198685098439, 0.0192202981561, 0.0252597779036, 0.0317377187312, 0.0255313571543, 0.0211058203131, 0.0209346842021, 0.0192199125886, 0.0233234912157], "dmean": [0.0674510523677, 0.0678873062134, 0.0481137260795, 0.0399504974484, 0.0431985929608, 0.0560103058815, 0.0609112903476, 0.0556220337749, 0.046509180218, 0.0465184934437, 0.0472387708724, 0.0458898283541, 0.050269946456, 0.0584065839648, 0.0731937140226, 0.0773222148418, 0.0823008492589, 0.086084716022, 0.0959732234478, 0.13070987165, 0.229144081473, 0.159412249923, 0.24361474812, 0.166145548224, 0.109342649579, 0.0771542340517, 0.0549115948379, 0.0506239049137, 0.049771219492, 0.0633142888546, 0.0772862434387, 0.0724606141448, 0.0639443993568, 0.0622353814542, 0.0575532615185, 0.0631130561233], "max": [1, 1, 1, 1, 1, 1, 1, 1, 1, 1, 1, 1, 1, 1, 1, 1, 1, 1, 1, 1, 1, 1, 1, 1, 1, 1, 1, 1, 1, 1, 1, 1, 1, 1, 1, 1], "var": [0.0591655671597, 0.0400769487023, 0.0252650808543, 0.0278436802328, 0.019073208794, 0.018995847553, 0.0192629657686, 0.0142390355468, 0.0142607623711, 0.0210335943848, 0.0184208843857, 0.0141853597015, 0.0167786944658, 0.0195108484477, 0.0292524062097, 0.0509649924934, 0.0479266792536, 0.0305996928364, 0.0302304811776, 0.0411135777831, 0.0826199278235, 0.174215659499, 0.112186335027, 0.0504522323608, 0.0363161042333, 0.0229060929269, 0.0169008038938, 0.0159171875566, 0.0141307320446, 0.0244302991778, 0.0509168989956, 0.0350950546563, 0.0197928622365, 0.0199546739459, 0.0162418875843, 0.0255082119256], "mean": [0.11035771668, 0.0942074507475, 0.06042182073, 0.0539536997676, 0.0505143329501, 0.0661174058914, 0.0769384801388, 0.060907766223, 0.0490444228053, 0.0504495240748, 0.0459547415376, 0.0435133725405, 0.0482768155634, 0.0542657785118, 0.0732460841537, 0.0997098386288, 0.0939798653126, 0.0728018507361, 0.0737015008926, 0.102189145982, 0.334374010563, 0.608709096909, 0.434342056513, 0.14853066206, 0.0933290496469, 0.0643487796187, 0.0459171831608, 0.0464069955051, 0.0441938973963, 0.0649721175432, 0.0989235639572, 0.08648429811, 0.0706921219826, 0.0719207078218, 0.0556221976876, 0.0703416094184]}, "tuning_equal_tempered_deviation": 0.115799762309, "chords_changes_rate": 0.0841998457909, "key_key": "A", "tuning_diatonic_strength": 0.514779269695, "key_scale": "minor", "chords_number_rate": 0.00228252611123, "tuning_frequency": 432.690917969, "tuning_nontempered_energy_ratio": 0.742003500462, "chords_histogram": [7.65914297104, 15.8508749008, 11.1336545944, 0.507228016853, 1.36951553822, 6.03601312637, 2.2571644783, 19.1224956512, 21.1514072418, 11.0829315186, 0, 0.202891200781, 0.126807004213, 0.38042101264, 0.177529796958, 0.0253614000976, 0, 0.862287580967, 0.532589375973, 0.405782401562, 0, 0.862287580967, 0.253614008427, 0], "key_strength": 0.635132789612, "chords_key": "C#", "chords_strength": {"dmean2": 0.00996813457459, "median": 0.459358245134, "min": 0.236022353172, "dvar2": 0.000110515255074, "dvar": 7.13737463229e-05, "dmean": 0.00933394860476, "max": 0.708933115005, "var": 0.00608084630221, "mean": 0.467958331108}, "chords_scale": "minor", "hpcp_entropy": {"dmean2": 1.13301408291, "median": 2.33473157883, "min": 0, "dvar2": 0.836425125599, "dvar": 0.308131068945, "dmean": 0.678955674171, "max": 4.60665750504, "var": 0.796946585178, "mean": 2.31121516228}}, "metadata": {"audio_properties": {"equal_loudness": 0, "codec": "mp3", "downmix": "mix", "sample_rate": 44100, "analysis_sample_rate": 44100, "bit_rate": 128000, "md5_encoded": "beaf80e50105c57ddd69a0e84a873a13", "length": 183.039993286, "replay_gain": -7.74744606018, "lossless": false}, "version": {"essentia_build_sha": "70f2e5ece6736b2c40cc944ad0e695b16b925413", "essentia": "2.1-beta2", "extractor": "music 1.0", "essentia_git_sha": "v2.1_beta2"}, "tags": {"title": ["Winter"], "albumartist": ["Judas Priest"], "musicbrainz_recordingid": ["16322211-e911-4aaa-aeeb-1d9c23ef37d6"], "mood": ["Unknown"], "originalyear": ["1987"], "discnumber": ["1/1"], "contentgroup": ["Heavy Metal"], "musicbrainz album type": ["album", "compilation"], "musicbrainz album status": ["bootleg"], "file_name": "10 - Winter.mp3", "musicbrainz_albumartistid": ["6b335658-22c8-485d-93de-0bc29a1d0349"], "date": ["1987"], "genre": ["Hard Rock", "Heavy Metal"], "musicbrainz_releasegroupid": ["7c787667-cc8f-3816-9101-b2c511bab568"], "script": ["Latn"], "originaldate": ["1987"], "musicbrainz_albumid": ["40984553-a452-4ff5-8e22-ce8fa5ec2804"], "artist": ["Judas Priest"], "tracknumber": ["10/17"], "artistsort": ["Judas Priest"], "album": ["Hero, Hero"], "musicbrainz album release country": ["GB"], "albumartistsort": ["Judas Priest"], "musicbrainz_artistid": ["6b335658-22c8-485d-93de-0bc29a1d0349"]}}, "rhythm": {"bpm_histogram_first_peak_bpm": {"dmean2": 0, "median": 133, "min": 133, "dvar2": 0, "dvar": 0, "dmean": 0, "max": 133, "var": 0, "mean": 133}, "bpm": 131.748580933, "bpm_histogram_second_peak_spread": {"dmean2": 0, "median": 0.129032254219, "min": 0.129032254219, "dvar2": 0, "dvar": 0, "dmean": 0, "max": 0.129032254219, "var": 0, "mean": 0.129032254219}, "bpm_histogram_first_peak_weight": {"dmean2": 0, "median": 0.370646774769, "min": 0.370646774769, "dvar2": 0, "dvar": 0, "dmean": 0, "max": 0.370646774769, "var": 0, "mean": 0.370646774769}, "onset_rate": 2.50744962692, "beats_position": [0.441179126501, 0.893968224525, 1.34675729275, 1.79954648018, 2.2523355484, 2.69351458549, 3.13469386101, 3.5758728981, 4.01705217361, 4.45823097229, 4.8994102478, 5.35219955444, 5.80498838425, 6.25777769089, 6.72217655182, 7.18657588959, 7.65097475052, 8.10376358032, 8.55655288696, 9.0093421936, 9.47374153137, 9.93814086914, 10.4025392532, 10.8553285599, 11.3081178665, 11.7609071732, 12.2136955261, 12.6548748016, 13.0960540771, 13.5488433838, 14.0132427216, 14.4776411057, 14.9304304123, 15.3832197189, 15.8360090256, 16.2887973785, 16.7415866852, 17.1943759918, 17.6471652985, 18.0999546051, 18.5527439117, 19.0055332184, 19.458322525, 19.9227199554, 20.3755092621, 20.8282985687, 21.2810878754, 21.733877182, 22.1866664886, 22.6510658264, 23.1154651642, 23.5798625946, 24.0326519012, 24.4738311768, 24.9150104523, 25.3677997589, 25.8205890656, 26.2733783722, 26.7145576477, 27.1673469543, 27.620136261, 28.0729255676, 28.537322998, 29.0017223358, 29.4777317047, 29.9421310425, 30.3949203491, 30.8593196869, 31.3121089935, 31.776506424, 32.2409057617, 32.7053070068, 33.1697044373, 33.6224937439, 34.0868911743, 34.5512924194, 35.0156898499, 35.480091095, 35.9444885254, 36.4088897705, 36.8732872009, 37.3260765076, 37.7788658142, 38.2316551208, 38.6844444275, 39.1372337341, 39.5900230408, 40.0428123474, 40.4956016541, 40.9483909607, 41.4011802673, 41.88879776, 42.3648071289, 42.8408164978, 43.2936058044, 43.7463951111, 44.1991844177, 44.6519737244, 45.1047592163, 45.5575485229, 46.0103378296, 46.4631271362, 46.9275283813, 47.3919258118, 47.8563270569, 48.3207244873, 48.7851219177, 49.2495231628, 49.7139205933, 50.1783218384, 50.6543312073, 51.1187286377, 51.5947380066, 52.1171875, 52.6396369934, 53.1620864868, 53.6497039795, 54.1257133484, 54.6017227173, 55.0777320862, 55.5653495789, 56.0413589478, 56.5057601929, 56.9817695618, 57.4461669922, 57.8989562988, 58.3517456055, 58.8161430359, 59.2689323425, 59.7217216492, 60.162902832, 60.5924720764, 61.0220413208, 61.4516105652, 61.8811798096, 62.3223571777, 62.7751464844, 63.227935791, 63.6691131592, 64.1102905273, 64.5398635864, 64.9694290161, 65.4222183228, 65.8750076294, 66.327796936, 66.7805862427, 67.2217712402, 67.6629486084, 68.1041259766, 68.5453033447, 68.9864807129, 69.4392700195, 69.9036712646, 70.3564605713, 70.8092498779, 71.2620391846, 71.6916122437, 72.1211776733, 72.5623550415, 73.0267562866, 73.4911575317, 73.9555511475, 74.396736145, 74.8495254517, 75.3023147583, 75.7551040649, 76.2078933716, 76.6722869873, 77.1366882324, 77.6010894775, 78.0654830933, 78.5182723999, 78.947845459, 79.3890228271, 79.8302001953, 80.282989502, 80.7473907471, 81.2001800537, 81.6529693604, 82.105758667, 82.5701599121, 83.0229492188, 83.4757385254, 83.9401321411, 84.4045333862, 84.8689346313, 85.321723938, 85.7745132446, 86.2273025513, 86.6684799194, 87.1212692261, 87.5856704712, 88.0500640869, 88.514465332, 88.9788665771, 89.4432601929, 89.907661438, 90.3720626831, 90.8364639282, 91.3008575439, 91.7652587891, 92.2296600342, 92.6940536499, 93.1468429565, 93.5996322632, 94.0524215698, 94.5052108765, 94.9696121216, 95.4340133667, 95.8984146118, 96.3628082275, 96.8155975342, 97.2683868408, 97.7327880859, 98.1971893311, 98.6615829468, 99.1259841919, 99.590385437, 100.043174744, 100.49596405, 100.948753357, 101.401542664, 101.85433197, 102.307121277, 102.759910583, 103.21269989, 103.653877258, 104.095054626, 104.536231995, 104.977409363, 105.41859436, 105.882987976, 106.335777283, 106.788566589, 107.229751587, 107.670928955, 108.112106323, 108.553283691, 108.994468689, 109.458862305, 109.900039673, 110.352828979, 110.805618286, 111.246803284, 111.676368713, 112.105941772, 112.547119141, 112.988296509, 113.441085815, 113.893875122, 114.33505249, 114.776237488, 115.217414856, 115.646980286, 116.076553345, 116.517730713, 116.97052002, 117.446525574, 117.89931488, 118.352104187, 118.793289185, 119.246078491, 119.698867798, 120.163261414, 120.627662659, 121.092063904, 121.54485321, 121.997642517, 122.450431824, 122.891609192, 123.344398499, 123.808792114, 124.273193359, 124.737594604, 125.190383911, 125.643173218, 126.084350586, 126.525527954, 126.978317261, 127.431106567, 127.895507812, 128.359909058, 128.824310303, 129.288711548, 129.753097534, 130.217498779, 130.681900024, 131.14630127, 131.610702515, 132.07510376, 132.527893066, 132.980682373, 133.421859741, 133.863037109, 134.327438354, 134.7918396, 135.256240845, 135.720626831, 136.185028076, 136.649429321, 137.102218628, 137.555007935, 138.01940918, 138.483810425, 138.94821167, 139.401000977, 139.865386963, 140.31817627, 140.759368896, 141.200546265, 141.653335571, 142.106124878, 142.558914185, 143.011703491, 143.464492798, 143.917282104, 144.381668091, 144.846069336, 145.310470581, 145.798095703, 146.274108887, 146.750106812, 147.214508057, 147.678909302, 148.143310547, 148.607711792, 149.072113037, 149.536499023, 150.000900269, 150.465301514, 150.929702759, 151.382492065, 151.835281372, 152.27645874, 152.729248047, 153.193649292, 153.658050537, 154.134063721, 154.598449707, 155.051239014, 155.515640259, 155.980041504, 156.432830811, 156.885620117, 157.338409424, 157.802810669, 158.255599976, 158.708389282, 159.161178589, 159.602355957, 160.055145264, 160.531158447, 161.007156372, 161.471557617, 161.935958862, 162.400360107, 162.876373291, 163.352371216, 163.805160522, 164.281173706, 164.745574951, 165.209976196, 165.674377441, 166.138778687, 166.591567993, 167.055953979, 167.508743286, 167.98475647, 168.460769653, 168.925170898, 169.389572144, 169.85395813, 170.318359375, 170.771148682, 171.223937988, 171.688339233, 172.164352417, 172.640365601, 173.104751587, 173.580764771, 174.056777954, 174.532791138, 175.008789062, 175.403533936, 175.78666687, 176.169799805, 176.564529419, 176.959274292, 177.365615845, 177.760360718, 178.155105591, 178.538223267, 178.921356201, 179.316101074, 179.69921875, 180.035919189, 180.37260437, 180.709289551, 181.05758667, 181.405899048, 181.742584229, 182.090881348, 182.427566528], "beats_loudness": {"dmean2": 0.0482170507312, "median": 0.0248418450356, "min": 1.08546993616e-08, "dvar2": 0.00299889640883, "dvar": 0.000977288233116, "dmean": 0.0257782619447, "max": 0.165240541101, "var": 0.00118856900372, "mean": 0.0319535247982}, "danceability": 1.10942184925, "bpm_histogram_second_peak_weight": {"dmean2": 0, "median": 0.067164182663, "min": 0.067164182663, "dvar2": 0, "dvar": 0, "dmean": 0, "max": 0.067164182663, "var": 0, "mean": 0.067164182663}, "beats_count": 403, "bpm_histogram_second_peak_bpm": {"dmean2": 0, "median": 126, "min": 126, "dvar2": 0, "dvar": 0, "dmean": 0, "max": 126, "var": 0, "mean": 126}, "bpm_histogram_first_peak_spread": {"dmean2": 0, "median": 0.555223882198, "min": 0.555223882198, "dvar2": 0, "dvar": 0, "dmean": 0, "max": 0.555223882198, "var": 0, "mean": 0.555223882198}, "beats_loudness_band_ratio": {"dmean2": [0.250998735428, 0.115698128939, 0.0791289955378, 0.0851907730103, 0.104436345398, 0.0607884339988], "median": [0.744351625443, 0.0792437642813, 0.0339135415852, 0.0239757783711, 0.0448717176914, 0.0329720415175], "min": [0.0833018869162, 0.00587959866971, 0.000977588701062, 0.00128374772612, 0.00191431946587, 0.000227710130275], "dvar2": [0.0552855096757, 0.014698590152, 0.00958418287337, 0.0159095935524, 0.0205091778189, 0.0147707816213], "dvar": [0.0240998845547, 0.00564999645576, 0.00377076724544, 0.0066989264451, 0.0084470603615, 0.00503224926069], "dmean": [0.15475705266, 0.0702711492777, 0.0461615622044, 0.0528803057969, 0.0631003528833, 0.0350154154003], "max": [0.985618531704, 0.861533403397, 0.574119627476, 0.568280339241, 0.714889347553, 0.630717813969], "var": [0.0558626912534, 0.0163501054049, 0.00468038162217, 0.0095984833315, 0.0108565250412, 0.00400729896501], "mean": [0.67034894228, 0.117747351527, 0.0565251894295, 0.0638031736016, 0.0817287564278, 0.0459521114826]}}, "lowlevel": {"barkbands_spread": {"dmean2": 8.07102966309, "median": 19.1849708557, "min": 0.615431189537, "dvar2": 93.6339492798, "dvar": 39.1317405701, "dmean": 5.0920882225, "max": 111.32408905, "var": 196.007583618, "mean": 21.1466674805}, "melbands_spread": {"dmean2": 9.46559810638, "median": 13.2109746933, "min": 0.514527857304, "dvar2": 176.629989624, "dvar": 77.9511489868, "dmean": 5.99206256866, "max": 199.58039856, "var": 457.910858154, "mean": 20.2534008026}, "hfc": {"dmean2": 6.03541755676, "median": 8.76773452759, "min": 1.12020491086e-16, "dvar2": 265.023498535, "dvar": 116.976478577, "dmean": 4.13217163086, "max": 449.467895508, "var": 431.060638428, "mean": 14.1226835251}, "barkbands_kurtosis": {"dmean2": 8.12106513977, "median": 4.19115447998, "min": -1.89413893223, "dvar2": 452.056549072, "dvar": 174.085479736, "dmean": 4.97529506683, "max": 312.204986572, "var": 289.801452637, "mean": 9.13448905945}, "gfcc": {"mean": [-104.488304138, 104.92250824, -121.636291504, 65.3994216919, -44.3157920837, 16.0314178467, -39.2881507874, 4.30965089798, -24.4217166901, 0.871609568596, -17.5506629944, -8.52961063385, -11.2717933655], "icov": [[0.000114229253086, -0.000233491358813, 0.000303492386593, -0.00046192976879, 0.000622719177045, -0.000158128867042, -6.83522448526e-05, -3.54777948814e-05, 0.000171635023435, -0.0003479270963, 0.000459357863292, -7.11266402504e-05, -0.000357085693395], [-0.000233491358813, 0.00391673576087, -0.000812832149677, 0.00276562804356, -0.00339280301705, 0.00245115882717, -0.00093571911566, 0.00144560215995, -0.00272103468888, 0.00241409847513, -0.0043484242633, 0.00212240125984, -0.000308397720801], [0.000303492386593, -0.000812832149677, 0.00270495004952, -0.00189508567564, 0.00103244534694, -0.00114472047426, 0.000533853308298, -0.000875023193657, 0.000806197989732, -0.00190786656458, 0.000845945149194, -0.000685759820044, 0.000182166098966], [-0.00046192976879, 0.00276562804356, -0.00189508567564, 0.00653582951054, -0.00346390227787, 0.00169151765294, -0.001238556928, -6.66690975777e-05, -0.00264634238556, 0.00217802729458, -0.00469250511378, 0.000996819813736, 0.000629751884844], [0.000622719177045, -0.00339280301705, 0.00103244534694, -0.00346390227787, 0.00848372094333, -0.00317082414404, -0.000269029202173, -0.000850332493428, 0.00116920506116, -0.00217065238394, 0.0050079128705, -0.00142647314351, -0.000773943786044], [-0.000158128867042, 0.00245115882717, -0.00114472047426, 0.00169151765294, -0.00317082414404, 0.00857853330672, -0.00215026387013, 0.000795944535639, -2.55783543253e-05, 0.000447890110081, -0.00124120956752, 0.00134694529697, 0.000941629288718], [-6.83522448526e-05, -0.00093571911566, 0.000533853308298, -0.001238556928, -0.000269029202173, -0.00215026387013, 0.00792844593525, -0.00251476373523, 0.00237041595392, -0.000729014689568, -0.00195393688045, 0.00171839317773, -0.00310081616044], [-3.54777948814e-05, 0.00144560215995, -0.000875023193657, -6.66690975777e-05, -0.000850332493428, 0.000795944535639, -0.00251476373523, 0.0115638179705, -0.006090357434, -0.000175555338501, 0.00222623953596, -0.00450976006687, 0.00250286748633], [0.000171635023435, -0.00272103468888, 0.000806197989732, -0.00264634238556, 0.00116920506116, -2.55783543253e-05, 0.00237041595392, -0.006090357434, 0.0162410009652, -0.00634738383815, -0.000484770280309, 0.00544501282275, -0.00715492293239], [-0.0003479270963, 0.00241409847513, -0.00190786656458, 0.00217802729458, -0.00217065238394, 0.000447890110081, -0.000729014689568, -0.000175555338501, -0.00634738383815, 0.0170588307083, -0.00702199945226, -0.00226766779087, 0.0055372081697], [0.000459357863292, -0.0043484242633, 0.000845945149194, -0.00469250511378, 0.0050079128705, -0.00124120956752, -0.00195393688045, 0.00222623953596, -0.000484770280309, -0.00702199945226, 0.0219274964184, -0.00799070857465, -0.00158666598145], [-7.11266402504e-05, 0.00212240125984, -0.000685759820044, 0.000996819813736, -0.00142647314351, 0.00134694529697, 0.00171839317773, -0.00450976006687, 0.00544501282275, -0.00226766779087, -0.00799070857465, 0.0232238005847, -0.00880867801607], [-0.000357085693395, -0.000308397720801, 0.000182166098966, 0.000629751884844, -0.000773943786044, 0.000941629288718, -0.00310081616044, 0.00250286748633, -0.00715492293239, 0.0055372081697, -0.00158666598145, -0.00880867801607, 0.0235558394343]], "cov": [[27599.96875, -148.803039551, -2457.3828125, 673.970031738, -1712.3861084, -471.884643555, 443.512573242, -117.475379944, 128.310958862, -39.5774383545, 99.1087875366, 64.3418960571, 529.90814209], [-148.803039551, 783.347595215, -78.2437973022, -128.437088013, 157.459060669, -121.32409668, 47.9896278381, -67.7247772217, 103.206710815, -36.5147323608, 81.5094604492, -44.0855903625, 64.5114898682], [-2457.3828125, -78.2437973022, 813.790283203, 158.750946045, 163.469268799, 102.355628967, -16.1143188477, 103.042816162, 30.0717487335, 100.245727539, 36.2160148621, 34.7375221252, -59.6050224304], [673.970031738, -128.437088013, 158.750946045, 364.463500977, 22.6881752014, 15.2567682266, 68.3002853394, 77.7488098145, 61.3783912659, 53.6016693115, 57.7257614136, 31.7830715179, 20.2460193634], [-1712.3861084, 157.459060669, 163.469268799, 22.6881752014, 323.296539307, 65.2779006958, 20.754743576, 24.1268291473, 21.6765556335, 8.29415130615, -6.67472362518, -9.56952762604, -16.9799385071], [-471.884643555, -121.32409668, 102.355628967, 15.2567682266, 65.2779006958, 183.213302612, 28.7277603149, 13.6860523224, -27.8116512299, 12.5346536636, -17.5741386414, -2.33019948006, -26.2420272827], [443.512573242, 47.9896278381, -16.1143188477, 68.3002853394, 20.754743576, 28.7277603149, 181.993453979, 32.1392745972, 17.4520263672, 12.8926115036, 35.0704193115, 7.80435276031, 33.276889801], [-117.475379944, -67.7247772217, 103.042816162, 77.7488098145, 24.1268291473, 13.6860523224, 32.1392745972, 148.854354858, 54.6868247986, 42.0764694214, 9.51483726501, 27.6167182922, 0.805323421955], [128.310958862, 103.206710815, 30.0717487335, 61.3783912659, 21.6765556335, -27.8116512299, 17.4520263672, 54.6868247986, 135.253082275, 43.7964820862, 38.5956420898, -0.12296987325, 33.0742721558], [-39.5774383545, -36.5147323608, 100.245727539, 53.6016693115, 8.29415130615, 12.5346536636, 12.8926115036, 42.0764694214, 43.7964820862, 106.897766113, 39.5366249084, 21.8922233582, -7.26403617859], [99.1087875366, 81.5094604492, 36.2160148621, 57.7257614136, -6.67472362518, -17.5741386414, 35.0704193115, 9.51483726501, 38.5956420898, 39.5366249084, 99.5781021118, 29.9258346558, 25.1624660492], [64.3418960571, -44.0855903625, 34.7375221252, 31.7830715179, -9.56952762604, -2.33019948006, 7.80435276031, 27.6167182922, -0.12296987325, 21.8922233582, 29.9258346558, 71.6190109253, 20.7656574249], [529.90814209, 64.5114898682, -59.6050224304, 20.2460193634, -16.9799385071, -26.2420272827, 33.276889801, 0.805323421955, 33.0742721558, -7.26403617859, 25.1624660492, 20.7656574249, 77.2493515015]]}, "spectral_energyband_middle_low": {"dmean2": 0.00837734155357, "median": 0.00501270871609, "min": 1.78118191211e-22, "dvar2": 0.000511403020937, "dvar": 0.000204558673431, "dmean": 0.00508971884847, "max": 0.209528326988, "var": 0.000215492109419, "mean": 0.00804660562426}, "melbands_crest": {"dmean2": 4.8492307663, "median": 17.0783977509, "min": 1.82838118076, "dvar2": 23.5930976868, "dvar": 9.01118087769, "dmean": 2.96491622925, "max": 33.7891731262, "var": 26.6906070709, "mean": 17.4588127136}, "spectral_kurtosis": {"dmean2": 2.55469655991, "median": 3.06143903732, "min": -1.23778355122, "dvar2": 6.73397064209, "dvar": 2.13848996162, "dmean": 1.44291090965, "max": 30.7421150208, "var": 7.71817922592, "mean": 3.81930565834}, "spectral_rms": {"dmean2": 0.00112179340795, "median": 0.00421297643334, "min": 3.16963642832e-12, "dvar2": 3.43124338542e-06, "dvar": 1.54345605097e-06, "dmean": 0.000737997179385, "max": 0.0153415156528, "var": 7.76639808464e-06, "mean": 0.00369005091488}, "zerocrossingrate": {"dmean2": 0.00910747982562, "median": 0.0419921875, "min": 0.00341796875, "dvar2": 0.000128546656924, "dvar": 0.000107026047772, "dmean": 0.00734565034509, "max": 0.51025390625, "var": 0.00142715882976, "mean": 0.0489746592939}, "silence_rate_60dB": {"dmean2": 0.023344328627, "median": 0, "min": 0, "dvar2": 0.0250845830888, "dvar": 0.0115349600092, "dmean": 0.0116706835106, "max": 1, "var": 0.229021787643, "mean": 0.35502281785}, "erbbands_kurtosis": {"dmean2": 0.994249165058, "median": -0.677617311478, "min": -1.81106734276, "dvar2": 1.80709779263, "dvar": 0.745541393757, "dmean": 0.619877159595, "max": 15.2270584106, "var": 3.34991359711, "mean": -0.152970969677}, "erbbands": {"dmean2": [0.109898589551, 1.67380106449, 3.56168580055, 12.9479646683, 15.3106050491, 4.61446809769, 4.12714624405, 5.80756282806, 6.61895179749, 4.25253391266, 5.19830417633, 7.81670856476, 6.77929353714, 15.3957223892, 10.929898262, 8.23944473267, 14.6435413361, 19.9107437134, 19.5089035034, 15.9604387283, 14.2016592026, 17.1215114594, 11.3459377289, 10.9476099014, 10.7139606476, 8.15832138062, 8.79818725586, 6.90147304535, 4.19693040848, 2.33872389793, 1.52027666569, 1.31684279442, 1.25467228889, 0.526422977448, 0.129976645112, 0.0571020357311, 0.00902403239161, 0.000189169877558, 1.38812893056e-05, 1.7065078282e-05], "median": [0.0107601303607, 0.247105121613, 1.03805983067, 3.71937608719, 3.84934043884, 1.7199151516, 2.07494258881, 2.6654074192, 3.04837656021, 1.90560793877, 1.65862584114, 2.38484621048, 1.76617407799, 1.85797595978, 1.74642109871, 1.84289705753, 2.69643354416, 6.66807126999, 6.01225280762, 4.71333408356, 7.37235450745, 9.42425060272, 7.54767894745, 7.06737232208, 7.45858001709, 5.80549621582, 6.10358858109, 3.83976173401, 1.60732340813, 0.859941124916, 0.468380063772, 0.234811514616, 0.122086174786, 0.043209977448, 0.0159943066537, 0.00558382179588, 0.000812808342744, 2.23934475798e-05, 1.23289646581e-05, 2.2607640858e-05], "min": [6.6869757317e-22, 1.33206229516e-21, 3.61487863547e-21, 7.60299828854e-21, 2.73918436466e-20, 6.55006199224e-20, 6.83659800267e-20, 2.67964487352e-19, 1.6577234558e-19, 3.53822939803e-19, 3.54124783179e-19, 7.51655352013e-19, 8.23269082231e-19, 1.1919669525e-18, 1.09853235281e-18, 1.39361197574e-18, 1.95761039396e-18, 2.06563583926e-18, 4.9634728638e-18, 4.50902603911e-18, 4.61693671311e-18, 6.03176504438e-18, 9.32032538075e-18, 9.32204508924e-18, 7.49655343029e-18, 6.25646038597e-18, 1.04019467497e-17, 1.02641483858e-17, 1.32962823187e-17, 1.19582788004e-17, 1.07260518302e-17, 1.19313888131e-17, 1.18260812765e-17, 7.97236012634e-18, 7.15018561086e-18, 4.52350831728e-18, 2.60575955025e-18, 1.0200878168e-18, 2.74924255779e-19, 3.25858948898e-20], "dvar2": [0.0926466882229, 19.4057006836, 59.3520889282, 993.532226562, 2294.47363281, 160.091064453, 88.4373016357, 196.916946411, 181.656997681, 70.2857513428, 166.829193115, 822.311828613, 821.468811035, 6335.56445312, 1965.07568359, 1011.4118042, 2960.41040039, 3155.1015625, 3985.40356445, 5852.32861328, 1372.4979248, 1269.5255127, 527.713378906, 530.343505859, 422.022705078, 321.722137451, 419.533508301, 266.797393799, 137.786239624, 53.97397995, 26.4861373901, 208.086868286, 252.213470459, 53.550983429, 0.440146028996, 0.0536195300519, 0.00141548016109, 5.89003548157e-07, 1.96886373871e-09, 1.19228782403e-09], "dvar": [0.0332154519856, 7.34191989899, 23.9444465637, 394.035339355, 863.170654297, 64.7929382324, 33.4285316467, 71.1690139771, 71.1035842896, 27.1252555847, 62.8105201721, 315.835998535, 370.550750732, 2411.35986328, 787.40814209, 449.698883057, 1310.08752441, 1321.91162109, 1810.54467773, 2472.05688477, 587.808166504, 530.673156738, 222.035385132, 204.662124634, 160.486236572, 124.289260864, 158.668838501, 112.932693481, 56.773399353, 23.6050758362, 12.140832901, 82.7071075439, 101.404396057, 25.6012973785, 0.253772169352, 0.0245575327426, 0.000578735896852, 2.50719125461e-07, 9.49237355385e-10, 5.16746201384e-10], "dmean": [0.0640368759632, 0.996585428715, 2.21643948555, 7.75525903702, 8.90995979309, 2.85122323036, 2.5338101387, 3.48309874535, 4.05266809464, 2.57585000992, 3.13006496429, 4.80103826523, 4.3853521347, 9.91622066498, 6.93678426743, 5.20844936371, 9.31999397278, 12.5774259567, 12.3727025986, 10.1795539856, 8.93308639526, 10.6691589355, 7.0727057457, 6.6622004509, 6.48663473129, 4.9442691803, 5.35765886307, 4.32132720947, 2.683167696, 1.54903185368, 1.01437759399, 0.894222795963, 0.809007048607, 0.355390638113, 0.0918893143535, 0.0380807593465, 0.00562791200355, 0.000120233526104, 9.42739916354e-06, 1.10105565909e-05], "max": [2.74032688141, 33.9568367004, 62.4851570129, 378.085021973, 415.401824951, 143.778594971, 165.405410767, 141.026885986, 164.324295044, 105.543037415, 274.638061523, 637.140991211, 889.988586426, 1550.61865234, 1097.41772461, 868.477233887, 1510.98535156, 964.359191895, 1223.26184082, 2376.671875, 1077.39794922, 752.740966797, 389.132080078, 332.188659668, 249.972488403, 248.379333496, 283.501708984, 370.84979248, 174.652130127, 193.408340454, 125.170043945, 643.198486328, 642.869812012, 464.773010254, 30.3450946808, 4.63097953796, 0.638322353363, 0.0147676700726, 0.00158278120216, 0.000458014430478], "var": [0.0537039972842, 9.04513263702, 35.1400985718, 399.039245605, 696.322631836, 80.7563323975, 76.6125488281, 112.981758118, 186.04864502, 59.8332099915, 132.539459229, 829.297363281, 1294.63354492, 8309.72753906, 2480.28417969, 1310.72253418, 4418.62011719, 3389.09033203, 6029.19775391, 8192.95703125, 2591.0300293, 1695.65161133, 667.961242676, 517.450622559, 392.922912598, 254.336181641, 351.680541992, 336.626739502, 112.942741394, 40.6060371399, 25.2850227356, 110.754379272, 145.375915527, 61.1401138306, 0.844492375851, 0.048851210624, 0.00075211370131, 3.89390180544e-07, 2.2499142549e-09, 1.05899788938e-09], "mean": [0.113678097725, 1.64145195484, 3.69960737228, 9.82022285461, 10.1679162979, 4.61047315598, 5.02919721603, 6.40685939789, 8.36448287964, 4.773478508, 5.09193325043, 8.58167362213, 9.10566425323, 20.2544460297, 13.2106132507, 10.584561348, 18.752161026, 24.1194877625, 25.5551605225, 21.7532176971, 21.1152019501, 24.0169563293, 15.8641281128, 14.8632822037, 14.0636949539, 10.658829689, 11.861574173, 9.29610538483, 5.01382541656, 2.7225651741, 1.73587679863, 1.43237304688, 1.22013509274, 0.577092528343, 0.157877415419, 0.0576778687537, 0.00760526908562, 0.00017335350276, 2.0960906113e-05, 2.71462031378e-05]}, "spectral_strongpeak": {"dmean2": 0.509702265263, "median": 0.298499047756, "min": 0, "dvar2": 1.75864171982, "dvar": 0.653341472149, "dmean": 0.294757753611, "max": 13.4311389923, "var": 0.99886482954, "mean": 0.527492940426}, "spectral_energy": {"dmean2": 0.0146655738354, "median": 0.0181929022074, "min": 1.02977596616e-20, "dvar2": 0.000855328689795, "dvar": 0.000360566220479, "dmean": 0.00930060911924, "max": 0.241246163845, "var": 0.000651971145999, "mean": 0.0219174940139}, "average_loudness": 0.614763259888, "spectral_rolloff": {"dmean2": 642.538757324, "median": 430.6640625, "min": 86.1328125, "dvar2": 1149150.5, "dvar": 522517.75, "dmean": 383.211975098, "max": 19379.8828125, "var": 2347366.25, "mean": 1124.8001709}, "spectral_centroid": {"dmean2": 384.51260376, "median": 1367.06188965, "min": 180.164810181, "dvar2": 190110.1875, "dvar": 78745.34375, "dmean": 241.757049561, "max": 11698.5517578, "var": 636605.6875, "mean": 1396.93395996}, "pitch_salience": {"dmean2": 0.110550284386, "median": 0.509817540646, "min": 0.0871336087584, "dvar2": 0.0142390904948, "dvar": 0.00516011752188, "dmean": 0.066768027842, "max": 0.975373148918, "var": 0.0108159417287, "mean": 0.502259850502}, "spectral_energyband_middle_high": {"dmean2": 0.00161061913241, "median": 0.0014209325891, "min": 1.47940000475e-21, "dvar2": 1.34858873935e-05, "dvar": 5.82589291298e-06, "dmean": 0.00105659011751, "max": 0.0587137527764, "var": 4.97582732351e-05, "mean": 0.00389796169475}, "spectral_contrast_coeffs": {"dmean2": [0.0742734223604, 0.0679758787155, 0.051067750901, 0.0424655154347, 0.0300075914711, 0.0259698946029], "median": [-0.651868104935, -0.763522624969, -0.8219165802, -0.81219637394, -0.812541723251, -0.726725518703], "min": [-0.968371033669, -0.982573866844, -0.978515625, -0.965722084045, -0.964480280876, -0.964189171791], "dvar2": [0.00497310468927, 0.00317078921944, 0.00178499275353, 0.00115329981782, 0.000558822823223, 0.000510442361701], "dvar": [0.00190704734996, 0.0011847106507, 0.000687270541675, 0.000443800439825, 0.000217746928683, 0.000221229434828], "dmean": [0.0452032312751, 0.0408363342285, 0.0310552697629, 0.0259135570377, 0.0183033589274, 0.0164947845042], "max": [-0.246781155467, -0.490326851606, -0.472251266241, -0.534223437309, -0.649041831493, -0.543109595776], "var": [0.0088294390589, 0.00651347078383, 0.00605249265209, 0.00372487283312, 0.00177671818528, 0.00456573395059], "mean": [-0.638321578503, -0.761762738228, -0.807058930397, -0.801164507866, -0.810296118259, -0.743919253349]}, "melbands_skewness": {"dmean2": 1.39138627052, "median": 4.15992546082, "min": -0.875544071198, "dvar2": 2.35015296936, "dvar": 0.953639864922, "dmean": 0.8915823102, "max": 18.5261249542, "var": 5.34888267517, "mean": 4.26699638367}, "spectral_spread": {"dmean2": 501674, "median": 3902257, "min": 2146536.75, "dvar2": 427659722752, "dvar": 223522783232, "dmean": 330310.625, "max": 41961936, "var": 3165605855230.0, "mean": 4126851}, "dissonance": {"dmean2": 0.0168655496091, "median": 0.48245549202, "min": 0.348861545324, "dvar2": 0.000321541971061, "dvar": 0.000114247217425, "dmean": 0.00994821917266, "max": 0.499999940395, "var": 0.000224231509492, "mean": 0.478773772717}, "spectral_skewness": {"dmean2": 0.318331360817, "median": 1.11821842194, "min": -0.0663640275598, "dvar2": 0.0839540883899, "dvar": 0.0297385733575, "dmean": 0.18859373033, "max": 4.46230697632, "var": 0.234513089061, "mean": 1.24655652046}, "spectral_flux": {"dmean2": 0.033199749887, "median": 0.0450329482555, "min": 6.51637702132e-11, "dvar2": 0.00291706668213, "dvar": 0.00132426794153, "dmean": 0.021520845592, "max": 0.411781728268, "var": 0.00381622160785, "mean": 0.0603959076107}, "spectral_contrast_valleys": {"dmean2": [0.591233670712, 0.623917758465, 0.504276812077, 0.413521438837, 0.335308969021, 0.315356075764], "median": [-7.56740474701, -7.33783912659, -7.95069599152, -7.86758518219, -7.25870800018, -10.7681045532], "min": [-27.8185386658, -28.0969696045, -27.6037635803, -27.5893783569, -27.4993553162, -27.3735580444], "dvar2": [0.271077334881, 0.330513805151, 0.231891140342, 0.170859128237, 0.160904496908, 0.220334395766], "dvar": [0.117590628564, 0.145486101508, 0.109715946019, 0.0830191373825, 0.0802818089724, 0.11819268018], "dmean": [0.363181471825, 0.384782701731, 0.315283834934, 0.262182354927, 0.21927946806, 0.229255482554], "max": [-5.29870414734, -4.94796133041, -5.73309230804, -5.65348339081, -5.31256818771, -7.22286081314], "var": [2.83237719536, 2.96517467499, 2.8834733963, 2.72017335892, 3.53983211517, 2.69501566887], "mean": [-7.954621315, -7.91514205933, -8.55076122284, -8.40214347839, -8.14714622498, -11.235704422]}, "erbbands_flatness_db": {"dmean2": 0.0180622991174, "median": 0.148882716894, "min": 0.0593643039465, "dvar2": 0.000303588923998, "dvar": 0.000134027548484, "dmean": 0.0117391105741, "max": 0.272293120623, "var": 0.00113450130448, "mean": 0.153903543949}, "spectral_energyband_high": {"dmean2": 0.000455705914646, "median": 0.000308776623569, "min": 7.41356261915e-21, "dvar2": 2.62543176177e-06, "dvar": 1.11578447104e-06, "dmean": 0.000301544700051, "max": 0.0536154471338, "var": 2.47483740168e-06, "mean": 0.000710086664185}, "spectral_entropy": {"dmean2": 0.176543131471, "median": 7.63577699661, "min": 5.52787065506, "dvar2": 0.0407679378986, "dvar": 0.0155199589208, "dmean": 0.110613837838, "max": 9.81173324585, "var": 0.136035829782, "mean": 7.58235263824}, "silence_rate_20dB": {"dmean2": 0, "median": 1, "min": 1, "dvar2": 0, "dvar": 0, "dmean": 0, "max": 1, "var": 0, "mean": 1}, "melbands_flatness_db": {"dmean2": 0.0381732806563, "median": 0.226864665747, "min": 0.00465581798926, "dvar2": 0.00188732403331, "dvar": 0.000745898170862, "dmean": 0.0240904614329, "max": 0.483794182539, "var": 0.00511398958042, "mean": 0.230282813311}, "barkbands": {"dmean2": [6.67128988425e-05, 0.00644470052794, 0.0031328771729, 0.00627492927015, 0.00212840503082, 0.000665314495564, 0.000421715027187, 0.000185227690963, 0.000341760489391, 0.000342187267961, 0.000387536769267, 0.000197440996999, 0.000334958574967, 0.000451654661447, 0.000389159220504, 0.000311248120852, 0.000333080621203, 0.00021158157324, 0.000234787235968, 0.000172465312062, 0.000191352388356, 0.000109678549052, 5.58481915505e-05, 6.80700904923e-05, 3.48539833794e-05, 7.87318458606e-06, 1.8789281242e-09], "median": [2.18428499466e-06, 0.000814916566014, 0.000651849550195, 0.00114879920147, 0.000606774468906, 0.000356918812031, 0.000214592582779, 3.57201715815e-05, 0.000100050980109, 3.77849719371e-05, 3.37347591994e-05, 3.63647523045e-05, 5.7554396335e-05, 0.000139073265018, 6.967241643e-05, 0.000118123687571, 0.000156955953571, 0.000114570619189, 0.000155570800416, 0.000119198768516, 0.000132612476591, 3.80895326089e-05, 1.8475959223e-05, 8.95035827853e-06, 2.83347594632e-06, 7.36676156521e-07, 1.39379008335e-10], "min": [1.78055274032e-24, 1.32057177246e-23, 2.47449711256e-24, 5.11388646748e-25, 2.44342202768e-23, 2.32527085892e-23, 1.42646530493e-23, 1.65656845792e-23, 2.93657984253e-23, 2.41493010728e-23, 2.24363732363e-23, 3.27018375509e-23, 4.30771570574e-23, 3.75736878848e-23, 7.41810968914e-23, 8.55142891744e-23, 1.19385325872e-22, 1.73874233137e-22, 1.14115432102e-22, 1.35831889299e-22, 2.59816703389e-22, 3.65749161414e-22, 3.58020445001e-22, 6.1167279995e-22, 9.07538805877e-22, 1.37824223779e-21, 2.12691218189e-21], "dvar2": [2.85887029605e-08, 0.000294094817946, 5.07584227307e-05, 0.000300797197269, 4.22949706262e-05, 2.17573415284e-06, 6.44090221158e-07, 1.80615771228e-07, 1.32564775868e-06, 2.59606304098e-06, 3.06822175844e-06, 7.04462024714e-07, 1.35513334953e-06, 1.90629418739e-06, 2.87594116344e-06, 1.19033745705e-06, 6.39613404019e-07, 2.02232769198e-07, 1.9909474247e-07, 1.4542764859e-07, 1.87292656051e-07, 9.77050973461e-08, 3.16908383979e-08, 8.01102999048e-07, 2.64126384764e-07, 1.02248809419e-09, 1.72398600988e-16], "dvar": [1.14829701303e-08, 0.000110028791823, 1.95051943592e-05, 0.000118540148833, 1.58968559845e-05, 8.05719537311e-07, 2.54114212339e-07, 6.87245105269e-08, 5.15544456903e-07, 1.12379018447e-06, 1.10996688818e-06, 3.04022705677e-07, 5.97593214025e-07, 8.39184110646e-07, 1.16252817861e-06, 5.33720651674e-07, 2.65206693939e-07, 8.30828170706e-08, 7.54011537651e-08, 5.52446657309e-08, 7.42072785442e-08, 4.0231633136e-08, 1.46607312956e-08, 3.16761997965e-07, 1.14257822759e-07, 4.35128127974e-10, 5.72107162225e-17], "dmean": [4.18051167799e-05, 0.00381753616966, 0.00188836199231, 0.00377482292242, 0.00124157522805, 0.00040362557047, 0.000257994455751, 0.000110580156615, 0.00020955488435, 0.00021985922649, 0.000236799387494, 0.000123701713164, 0.000209844612982, 0.000288624636596, 0.000241577290581, 0.00019236576918, 0.000206747936318, 0.00012892090308, 0.00014160865976, 0.000103302430944, 0.000118332718557, 7.08287916495e-05, 3.72088070435e-05, 4.5013253839e-05, 2.30647037824e-05, 5.10912786922e-06, 1.01075636749e-09], "max": [0.00266734161414, 0.128994464874, 0.0694629251957, 0.189783126116, 0.0585015937686, 0.0154895028099, 0.0110940141603, 0.00601276662201, 0.026029355824, 0.0448775626719, 0.0312362592667, 0.0180595107377, 0.0336025804281, 0.0303298421204, 0.0341503284872, 0.0289601460099, 0.0227606575936, 0.00691752647981, 0.0056074121967, 0.00550729734823, 0.00699728867039, 0.0054102241993, 0.004381437785