{"metadata": {"tags": {"label": ["Eros Music"], "title": ["Mar Jayian (Romantic)"], "originalyear": ["2012"], "album": ["Vicky Donor"], "musicbrainz album type": ["album/soundtrack"], "script": ["Latn"], "albumartistsort": ["Abhishek-Akshay"], "musicbrainz album release country": ["IN"], "musicbrainz_artistid": ["e3fce957-14b8-40d3-9d4c-efc10a3813ef/934cc2a7-822e-4117-8e82-8e663d7d2daf"], "musicbrainz_releasegroupid": ["1ce1ed6e-ee15-4891-8bf8-00921b5873ad"], "musicbrainz_recordingid": ["16346775-658e-4646-ab93-9ae3baf48c21"], "albumartist": ["Abhishek-Akshay"], "barcode": ["82897002172"], "originaldate": ["2012"], "musicbrainz album status": ["official"], "artist": ["Vishal Dadlani & Sunidhi Chauhan"], "musicbrainz_albumid": ["3a29d02a-d29a-40f8-86f8-c9dab6eba7ac"], "artistsort": ["Dadlani, Vishal & Chauhan, Sunidhi"], "catalognumber": ["ECD0217"], "tracknumber": ["5/8"], "musicbrainz_albumartistid": ["e7e8031d-f232-4883-bb5d-bd97589bc29b"], "encoding": ["Lavf56.36.100"], "discnumber": ["1/1"], "date": ["2012"], "media": ["CD"], "file_name": "Vishal Dadlani - Mar Jayian (Romantic).mp3"}, "audio_properties": {"sample_rate": 44100, "downmix": "mix", "lossless": false, "analysis_sample_rate": 44100, "md5_encoded": "1c3a1d21419a3afc20c04673ade08d01", "equal_loudness": 0, "replay_gain": -12.2338733673, "codec": "mp3", "bit_rate": 160014, "length": 288.992645264}, "version": {"extractor": "music 1.0", "essentia_build_sha": "70f2e5ece6736b2c40cc944ad0e695b16b925413", "essentia_git_sha": "v2.1_beta2", "essentia": "2.1-beta2"}}, "rhythm": {"beats_loudness_band_ratio": {"dvar2": [0.154898822308, 0.0493603609502, 0.0579993650317, 0.0292906258255, 0.0279187895358, 0.0164551511407], "var": [0.095684312284, 0.0254655908793, 0.0292363874614, 0.0137762622908, 0.0107767069712, 0.00639733485878], "min": [0, 0, 0, 0, 0, 0], "dmean": [0.296596318483, 0.122206293046, 0.156233981252, 0.096804253757, 0.0850476026535, 0.0513556040823], "mean": [0.446933656931, 0.163300335407, 0.192382380366, 0.104693330824, 0.0824205353856, 0.0457684546709], "max": [0.99733632803, 0.885606765747, 0.897104024887, 0.834364891052, 0.67772603035, 0.920175969601], "dmean2": [0.501610159874, 0.217788368464, 0.27121296525, 0.164834931493, 0.145819053054, 0.0902368202806], "median": [0.45422577858, 0.0970596447587, 0.135798513889, 0.058137383312, 0.0426875278354, 0.0201744753867], "dvar": [0.0654486268759, 0.0162009950727, 0.0204259064049, 0.0112193748355, 0.0104970866814, 0.00683117751032]}, "bpm_histogram_first_peak_weight": {"dvar2": 0, "var": 0, "min": 0.541666686535, "dmean": 0, "mean": 0.541666686535, "max": 0.541666686535, "dmean2": 0, "median": 0.541666686535, "dvar": 0}, "bpm": 145.941253662, "beats_count": 697, "bpm_histogram_first_peak_spread": {"dvar2": 0, "var": 0, "min": 0.424427449703, "dmean": 0, "mean": 0.424427449703, "max": 0.424427449703, "dmean2": 0, "median": 0.424427449703, "dvar": 0}, "danceability": 1.12911319733, "bpm_histogram_first_peak_bpm": {"dvar2": 0, "var": 0, "min": 148, "dmean": 0, "mean": 148, "max": 148, "dmean2": 0, "median": 148, "dvar": 0}, "beats_position": [0.406349211931, 0.812698423862, 1.21904754639, 1.62539684772, 2.03174591064, 2.43809509277, 2.85605430603, 3.27401351929, 3.68036270142, 4.08671188354, 4.5046710968, 4.91102027893, 5.32897949219, 5.74693870544, 6.1648979187, 6.58285713196, 7.01242637634, 7.44199514389, 7.87156438828, 8.3011341095, 8.73070240021, 9.16027164459, 9.58984088898, 10.0194101334, 10.4489793777, 10.866938591, 11.2848978043, 11.7028570175, 12.1092061996, 12.5271654129, 12.933514595, 13.3514738083, 13.7578229904, 14.1641721725, 14.5821313858, 15.0000905991, 15.4064397812, 15.8127889633, 16.2191371918, 16.637096405, 17.0434455872, 17.4614048004, 17.8677539825, 18.2741031647, 18.6920623779, 19.0984115601, 19.5047607422, 19.9227199554, 20.3290691376, 20.7354183197, 21.153377533, 21.5713367462, 21.9776859283, 22.3840351105, 22.8019943237, 23.2083435059, 23.614692688, 24.0326519012, 24.4390010834, 24.8453502655, 25.2516994476, 25.6580486298, 26.076007843, 26.4939670563, 26.9119262695, 27.3182754517, 27.7246246338, 28.142583847, 28.5489330292, 28.9552822113, 29.3732414246, 29.7912006378, 30.1975498199, 30.6038990021, 31.0218582153, 31.4282073975, 31.8345565796, 32.2525177002, 32.6704750061, 33.0768241882, 33.4831733704, 33.901134491, 34.3074836731, 34.7138328552, 35.1317901611, 35.5497512817, 35.9561004639, 36.362449646, 36.7687988281, 37.1751480103, 37.5931053162, 37.9994544983, 38.4058036804, 38.823764801, 39.2301139832, 39.6364631653, 40.0544204712, 40.4607696533, 40.8671188354, 41.2850799561, 41.703037262, 42.1093864441, 42.5157356262, 42.9336967468, 43.3516540527, 43.7580032349, 44.164352417, 44.5823135376, 44.9886627197, 45.3950119019, 45.801361084, 46.2077102661, 46.625667572, 47.0436286926, 47.4499778748, 47.8563270569, 48.2742843628, 48.6806335449, 49.0869827271, 49.5049438477, 49.9229011536, 50.3292503357, 50.7355995178, 51.1535606384, 51.5599098206, 51.9662590027, 52.3842163086, 52.8021774292, 53.2085266113, 53.6148757935, 54.0328330994, 54.4391822815, 54.8455314636, 55.2634925842, 55.6698417664, 56.0761909485, 56.4941482544, 56.912109375, 57.3184585571, 57.7248077393, 58.1427650452, 58.5607261658, 58.9670753479, 59.37342453, 59.7797737122, 60.1977310181, 60.6156921387, 61.0220413208, 61.4283905029, 61.8347396851, 62.2410888672, 62.6474380493, 63.0653953552, 63.4833564758, 63.889705658, 64.2960510254, 64.714012146, 65.1319732666, 65.5383224487, 65.9446716309, 66.3626327515, 66.7689819336, 67.1753311157, 67.5932846069, 67.9996337891, 68.4059829712, 68.8239440918, 69.2419052124, 69.6482543945, 70.0546035767, 70.4609527588, 70.8673019409, 71.2852630615, 71.7032165527, 72.1095657349, 72.5275268555, 72.9338760376, 73.3518371582, 73.7581863403, 74.1645355225, 74.5824966431, 75.0004501343, 75.4067993164, 75.8131484985, 76.2194976807, 76.6258468628, 77.0438079834, 77.461769104, 77.8681182861, 78.2744674683, 78.6808166504, 79.0871658325, 79.5051269531, 79.9230804443, 80.3294296265, 80.7357788086, 81.1537399292, 81.5717010498, 81.9780502319, 82.3843994141, 82.8023605347, 83.2087097168, 83.6150588989, 84.0330123901, 84.4393615723, 84.8457107544, 85.263671875, 85.6700210571, 86.0763702393, 86.4943313599, 86.900680542, 87.3070297241, 87.7249908447, 88.1429443359, 88.5492935181, 88.9556427002, 89.3736038208, 89.7915649414, 90.1979141235, 90.6042633057, 91.0106124878, 91.4169616699, 91.8349151611, 92.2412643433, 92.6476211548, 93.065574646, 93.4719238281, 93.8898849487, 94.2962341309, 94.7141952515, 95.1321487427, 95.5384979248, 95.9448471069, 96.3628082275, 96.7691574097, 97.1755065918, 97.5934677124, 98.011428833, 98.4177780151, 98.8241271973, 99.2304763794, 99.6368255615, 100.054779053, 100.461128235, 100.867477417, 101.285438538, 101.69178772, 102.10974884, 102.516098022, 102.934059143, 103.352012634, 103.769973755, 104.176322937, 104.582672119, 104.989021301, 105.395370483, 105.801719666, 106.208068848, 106.626029968, 107.043991089, 107.450340271, 107.856689453, 108.274642944, 108.692604065, 109.098953247, 109.505302429, 109.911651611, 110.318000793, 110.735961914, 111.153923035, 111.560272217, 111.966621399, 112.372970581, 112.790924072, 113.197273254, 113.615234375, 114.021583557, 114.427932739, 114.834281921, 115.26385498, 115.670204163, 116.076553345, 116.494506836, 116.900856018, 117.3072052, 117.725166321, 118.131515503, 118.537864685, 118.955825806, 119.373786926, 119.780136108, 120.186485291, 120.604438782, 121.022399902, 121.428749084, 121.835098267, 122.241447449, 122.659408569, 123.065757751, 123.483718872, 123.890068054, 124.296417236, 124.714370728, 125.132331848, 125.53868103, 125.945030212, 126.362991333, 126.769340515, 127.175689697, 127.593650818, 128, 128.406341553, 128.824310303, 129.230651855, 129.637008667, 130.054962158, 130.46131897, 130.867660522, 131.285614014, 131.703582764, 132.109924316, 132.516281128, 132.934234619, 133.352203369, 133.758544922, 134.164901733, 134.582855225, 134.989196777, 135.395553589, 135.81350708, 136.219863892, 136.626205444, 137.044174194, 137.462127686, 137.868484497, 138.27482605, 138.692779541, 139.099136353, 139.505477905, 139.923446655, 140.329788208, 140.73614502, 141.154098511, 141.572067261, 141.978408813, 142.384765625, 142.791107178, 143.197463989, 143.61541748, 144.033370972, 144.439727783, 144.846069336, 145.264038086, 145.681991577, 146.088348389, 146.494689941, 146.912643433, 147.319000244, 147.725341797, 148.143310547, 148.5496521, 148.956008911, 149.373962402, 149.780319214, 150.186660767, 150.604629517, 151.010971069, 151.417327881, 151.835281372, 152.253234863, 152.659591675, 153.065933228, 153.483901978, 153.901855469, 154.30821228, 154.714553833, 155.120910645, 155.527252197, 155.945205688, 156.363174438, 156.769515991, 157.175872803, 157.593826294, 158.011795044, 158.429748535, 158.847702026, 159.288879395, 159.730072021, 160.17124939, 160.589202881, 161.007156372, 161.425125122, 161.843078613, 162.261047363, 162.679000854, 163.108566284, 163.538131714, 163.956100464, 164.374053955, 164.792022705, 165.209976196, 165.639541626, 166.069107056, 166.498687744, 166.928253174, 167.357818604, 167.787384033, 168.205352783, 168.623306274, 169.052871704, 169.482452393, 169.900405884, 170.318359375, 170.736328125, 171.154281616, 171.572235107, 171.990203857, 172.408157349, 172.81451416, 173.220855713, 173.627212524, 174.033554077, 174.451522827, 174.869476318, 175.275817871, 175.682174683, 176.088516235, 176.494873047, 176.912826538, 177.31918335, 177.725524902, 178.143493652, 178.561447144, 178.967803955, 179.374145508, 179.792098999, 180.198455811, 180.604797363, 181.022766113, 181.429107666, 181.835464478, 182.24180603, 182.648162842, 183.066116333, 183.484085083, 183.890426636, 184.296783447, 184.714736938, 185.121078491, 185.527435303, 185.945388794, 186.351745605, 186.758087158, 187.176055908, 187.594009399, 188.000366211, 188.406707764, 188.813064575, 189.219406128, 189.637359619, 190.055328369, 190.47328186, 190.879638672, 191.285980225, 191.692337036, 192.098678589, 192.516647339, 192.93460083, 193.340942383, 193.747299194, 194.165252686, 194.583221436, 194.989562988, 195.3959198, 195.802261353, 196.208618164, 196.603347778, 197.021316528, 197.43927002, 197.857223511, 198.275192261, 198.693145752, 199.099502563, 199.505844116, 199.923812866, 200.330154419, 200.73651123, 201.154464722, 201.572418213, 201.978775024, 202.385116577, 202.803085327, 203.20942688, 203.615783691, 204.033737183, 204.440093994, 204.846435547, 205.264389038, 205.682357788, 206.088699341, 206.495056152, 206.913009644, 207.319366455, 207.725708008, 208.143676758, 208.550018311, 208.956375122, 209.374328613, 209.780670166, 210.187026978, 210.604980469, 211.022949219, 211.429290771, 211.835647583, 212.253601074, 212.671554565, 213.077911377, 213.48425293, 213.90222168, 214.308563232, 214.714920044, 215.132873535, 215.539230347, 215.945571899, 216.363540649, 216.769882202, 217.176239014, 217.594192505, 218.012145996, 218.418502808, 218.82484436, 219.24281311, 219.649154663, 220.055511475, 220.473464966, 220.891418457, 221.297775269, 221.704116821, 222.122085571, 222.528427124, 222.934783936, 223.352737427, 223.770706177, 224.177047729, 224.583404541, 224.989746094, 225.396102905, 225.802444458, 226.20880127, 226.626754761, 227.033096313, 227.451065063, 227.857406616, 228.275375366, 228.693328857, 229.099685669, 229.506027222, 229.912384033, 230.318725586, 230.736679077, 231.154647827, 231.56098938, 231.967346191, 232.385299683, 232.803268433, 233.209609985, 233.615966797, 234.033920288, 234.440261841, 234.846618652, 235.264572144, 235.670928955, 236.077270508, 236.483627319, 236.901580811, 237.307937622, 237.725891113, 238.132247925, 238.538589478, 238.956542969, 239.374511719, 239.780853271, 240.187210083, 240.605163574, 241.011520386, 241.417861938, 241.835830688, 242.242172241, 242.648529053, 243.066482544, 243.484436035, 243.890792847, 244.297134399, 244.703491211, 245.121444702, 245.527801514, 245.945755005, 246.352111816, 246.758453369, 247.17640686, 247.59437561, 248.000717163, 248.407073975, 248.825027466, 249.242996216, 249.649337769, 250.05569458, 250.462036133, 250.868392944, 251.286346436, 251.704299927, 252.110656738, 252.516998291, 252.934967041, 253.352920532, 253.759277344, 254.165618896, 254.583572388, 254.989929199, 255.396270752, 255.814239502, 256.220581055, 256.626922607, 257.044891357, 257.462860107, 257.86920166, 258.275543213, 258.693511963, 259.111480713, 259.517822266, 259.924163818, 260.330505371, 260.736877441, 261.154815674, 261.561187744, 261.967529297, 262.385467529, 262.803436279, 263.209777832, 263.616149902, 264.034088135, 264.452056885, 264.858398438, 265.264770508, 265.68270874, 266.089050293, 266.495422363, 266.913360596, 267.319732666, 267.726074219, 268.144042969, 268.550384521, 268.956726074, 269.374694824, 269.792633057, 270.199005127, 270.60534668, 271.02331543, 271.441253662, 271.835998535, 272.253967285, 272.660308838, 273.066650391, 273.484619141, 273.902587891, 274.308929443, 274.715270996, 275.121612549, 275.527984619, 275.945922852, 276.363891602, 276.770233154, 277.176605225, 277.594543457, 278.012512207, 278.41885376, 278.825195312, 279.243164062, 279.661132812, 280.090698242, 280.520263672, 280.949829102, 281.391021729, 281.832183838, 282.354644775, 282.853881836, 283.353088379, 283.84072876, 284.328338623, 284.827575684, 285.338409424, 285.849243164, 286.348480225, 286.859313965, 287.370147705, 287.880981445, 288.391845703], "beats_loudness": {"dvar2": 0.00247421232052, "var": 0.00115126091987, "min": 0, "dmean": 0.0275675021112, "mean": 0.0436367616057, "max": 0.211766302586, "dmean2": 0.0488777011633, "median": 0.0386540181935, "dvar": 0.000876706908457}, "bpm_histogram_second_peak_weight": {"dvar2": 0, "var": 0, "min": 0.033045977354, "dmean": 0, "mean": 0.033045977354, "max": 0.033045977354, "dmean2": 0, "median": 0.033045977354, "dvar": 0}, "bpm_histogram_second_peak_spread": {"dvar2": 0, "var": 0, "min": 0.178571462631, "dmean": 0, "mean": 0.178571462631, "max": 0.178571462631, "dmean2": 0, "median": 0.178571462631, "dvar": 0}, "bpm_histogram_second_peak_bpm": {"dvar2": 0, "var": 0, "min": 140, "dmean": 0, "mean": 140, "max": 140, "dmean2": 0, "median": 140, "dvar": 0}, "onset_rate": 3.94453883171}, "lowlevel": {"spectral_energyband_high": {"dvar2": 9.10174094315e-07, "var": 1.077725301e-06, "min": 7.01275887725e-21, "dmean": 0.000284662470222, "mean": 0.000520939996932, "max": 0.0195732172579, "dmean2": 0.000397095398512, "median": 0.000236643259996, "dvar": 4.90502827688e-07}, "spectral_energyband_middle_low": {"dvar2": 0.000114496477181, "var": 0.000159860428539, "min": 1.52584088995e-22, "dmean": 0.00408721342683, "mean": 0.0118874143809, "max": 0.0945587605238, "dmean2": 0.00633029639721, "median": 0.00766604300588, "dvar": 4.74065091112e-05}, "spectral_energy": {"dvar2": 0.000708645675331, "var": 0.000683528429363, "min": 1.02043690317e-20, "dmean": 0.00980625487864, "mean": 0.0279525183141, "max": 0.267159044743, "dmean2": 0.0152795147151, "median": 0.0219493042678, "dvar": 0.000282001041342}, "spectral_spread": {"dvar2": 1716917239810.0, "var": 12112572186600.0, "min": 642194.8125, "dmean": 658655.4375, "mean": 5167549.5, "max": 42209696, "dmean2": 947454.3125, "median": 4757893, "dvar": 899869573120}, "spectral_energyband_low": {"dvar2": 0.000554351077881, "var": 0.000296101323329, "min": 1.13208955192e-23, "dmean": 0.00636487547308, "mean": 0.0106320073828, "max": 0.197070583701, "dmean2": 0.0104707600549, "median": 0.0038511059247, "dvar": 0.00020151231729}, "spectral_rolloff": {"dvar2": 1773085.875, "var": 4446310.5, "min": 64.599609375, "dmean": 361.098815918, "mean": 1362.11828613, "max": 19659.8144531, "dmean2": 609.510986328, "median": 925.927734375, "dvar": 745273.625}, "barkbands": {"dvar2": [2.58584823314e-05, 0.000149695508298, 0.000231839963817, 2.74661288131e-05, 4.73879190395e-05, 6.23013420409e-06, 3.27574525727e-06, 5.94214861849e-06, 1.21296234283e-05, 5.02779721501e-06, 9.04453258954e-07, 1.99688543034e-06, 3.36855123351e-06, 3.14207454721e-06, 5.73790066483e-06, 1.55976988481e-06, 3.1063009942e-07, 4.60632975319e-07, 1.36868578693e-07, 5.10203932436e-08, 3.60019534185e-08, 2.33475887512e-08, 3.89545746771e-08, 6.58752981053e-08, 4.88279212618e-08, 8.03982729281e-08, 1.33340727348e-09], "var": [1.73985517904e-05, 6.01193059993e-05, 0.000110783861601, 1.50328633026e-05, 2.16966582229e-05, 6.48493869448e-06, 4.93213701702e-06, 2.51850760833e-05, 4.3144395022e-05, 2.24942959903e-05, 8.067202657e-07, 2.18154377762e-06, 3.14526141665e-06, 3.64195238944e-06, 8.01747046353e-06, 2.39989958573e-06, 3.72521668623e-07, 2.0719447491e-07, 9.993002692e-08, 3.58714693505e-08, 1.91686808648e-08, 1.66317750683e-08, 3.38780630216e-08, 7.42461025993e-08, 7.07426366375e-08, 5.48654170984e-08, 8.08681510645e-10], "min": [4.85544035075e-25, 2.14942686061e-24, 7.85716505653e-25, 3.12649563041e-25, 1.11254583853e-23, 1.01529127961e-23, 2.25952659943e-24, 7.42997557711e-24, 1.28289427679e-23, 1.4961141498e-23, 1.5643925855e-23, 1.44949783455e-23, 1.18382131459e-23, 3.20377081766e-23, 4.01063668418e-23, 4.83569715417e-23, 7.1562362676e-23, 1.04242585438e-22, 1.17685879668e-22, 1.38362391e-22, 2.4010280431e-22, 3.01715516824e-22, 3.88189969627e-22, 6.17632196016e-22, 9.36636842823e-22, 1.20700706624e-21, 1.90155171115e-21], "dmean": [0.000935818417929, 0.00252228532918, 0.00400201696903, 0.00133524218109, 0.00144279166125, 0.00081281439634, 0.000498770503327, 0.000677723612171, 0.000913357769605, 0.000536555657163, 0.000260360800894, 0.000339238758897, 0.000356072356226, 0.000422799930675, 0.000591460382566, 0.000265832670266, 0.000165996345459, 0.000159757779329, 9.45361389313e-05, 6.45794789307e-05, 4.64706754428e-05, 3.8754693378e-05, 4.70523737022e-05, 4.96205939271e-05, 5.61593660677e-05, 6.62989696139e-05, 6.68067104925e-06], "mean": [0.00136206508614, 0.00337553652935, 0.00561673101038, 0.00202052574605, 0.00223954883404, 0.00161070958711, 0.000974259804934, 0.00190650613513, 0.00241123582236, 0.00132211879827, 0.000460990384454, 0.000530437740963, 0.000597766251303, 0.000687550578732, 0.00111511955038, 0.000485674856463, 0.000306214817101, 0.000203062852961, 0.000136827526148, 0.000120032673294, 7.04613994458e-05, 6.68414213578e-05, 7.72511994001e-05, 8.08591721579e-05, 8.26746036182e-05, 8.46237307996e-05, 6.76135141475e-06], "max": [0.089017175138, 0.105620518327, 0.126999691129, 0.0451236329973, 0.0655322372913, 0.0511129684746, 0.0391975864768, 0.0551651716232, 0.069718837738, 0.0606440901756, 0.0223408825696, 0.040345672518, 0.0431760363281, 0.0460189431906, 0.047857105732, 0.0514968298376, 0.0116025898606, 0.00757921440527, 0.00566537026316, 0.00321178487502, 0.0019075187156, 0.00367855816148, 0.00508477305993, 0.0100642759353, 0.00780094973743, 0.00424971617758, 0.00127154379152], "dmean2": [0.00123034708668, 0.00425875326619, 0.00658617867157, 0.00221806648187, 0.00239936867729, 0.00129179272335, 0.000788106292021, 0.00103362859227, 0.0013180738315, 0.000807930249721, 0.000404171500122, 0.000543211470358, 0.000547285831999, 0.000659083656501, 0.000927273766138, 0.000408334686654, 0.000261160515947, 0.000267123745289, 0.000153355533257, 0.000103897909867, 7.36507354304e-05, 5.99525737925e-05, 7.16534996172e-05, 7.29121384211e-05, 7.89921687101e-05, 9.51857000473e-05, 1.06123170553e-05], "median": [3.54755538865e-05, 0.000712632376235, 0.00110790284816, 0.000473024672829, 0.000876049802173, 0.000690026849043, 0.000286951399175, 0.000309636554448, 0.00027763354592, 0.000166217592778, 0.000139777752338, 0.000147868282511, 8.66435366333e-05, 0.000126615777845, 0.000177821973921, 9.70508917817e-05, 9.99951444101e-05, 4.83106414322e-05, 3.92845795432e-05, 4.50799452665e-05, 2.52069512499e-05, 2.73060268228e-05, 1.93520554603e-05, 2.43156337092e-05, 2.1961343009e-05, 1.7653357645e-05, 6.0291409909e-07], "dvar": [1.17702338684e-05, 5.12492333655e-05, 8.81641899468e-05, 1.07620662675e-05, 1.74376436917e-05, 2.6183377031e-06, 1.47714808918e-06, 2.74178796644e-06, 6.29384885542e-06, 2.49183381129e-06, 3.7673109432e-07, 8.62653507738e-07, 1.45943135976e-06, 1.48978404013e-06, 2.62661274064e-06, 8.63968466547e-07, 1.36008864615e-07, 1.74765844463e-07, 5.65330715574e-08, 2.0047094651e-08, 1.5046669688e-08, 1.01089412397e-08, 1.7730618751e-08, 3.33920482376e-08, 2.85098824548e-08, 3.76566937632e-08, 5.40787747916e-10]}, "melbands_skewness": {"dvar2": 1.84240829945, "var": 3.50411677361, "min": -2.37952828407, "dmean": 0.730569660664, "mean": 2.42864942551, "max": 16.2773609161, "dmean2": 1.12425017357, "median": 2.00833559036, "dvar": 0.777286946774}, "barkbands_skewness": {"dvar2": 1.13180303574, "var": 2.40753889084, "min": -3.56534552574, "dmean": 0.584700226784, "mean": 1.67419981956, "max": 12.1741933823, "dmean2": 0.88593262434, "median": 1.38703453541, "dvar": 0.484234988689}, "erbbands": {"dvar2": [0.0316367298365, 11.4883337021, 237.174285889, 278.414642334, 367.281677246, 661.576049805, 474.149780273, 387.414398193, 620.554992676, 2275.70263672, 2599.76000977, 8014.61279297, 6468.11425781, 1263.54931641, 1293.67712402, 4224.40478516, 6091.47509766, 6704.56835938, 10235.1884766, 12354.0566406, 1713.23901367, 919.768432617, 1638.76477051, 518.916137695, 230.482528687, 118.313308716, 59.1633796692, 50.634223938, 34.1115951538, 30.1759777069, 28.6654262543, 21.9148731232, 20.9046783447, 7.69066095352, 2.89760184288, 3.24038529396, 0.161334067583, 0.00504909036681, 2.60498236457e-05, 7.76936204261e-09], "var": [0.0195654779673, 4.55716705322, 112.99307251, 150.832199097, 133.067520142, 396.128540039, 451.512298584, 457.446166992, 642.70892334, 8787.359375, 14256.1015625, 20806.3984375, 25085.6582031, 2433.08325195, 1335.43579102, 4380.47900391, 6102.86962891, 7361.6015625, 12679.5791016, 21184.7949219, 2150.1574707, 986.97088623, 643.466552734, 595.555969238, 97.5665817261, 77.5119247437, 31.062204361, 28.6499099731, 23.3843345642, 25.1485023499, 26.898853302, 22.8501605988, 27.4626693726, 11.1586008072, 3.22427749634, 2.06990194321, 0.101419560611, 0.00364679261111, 1.55938541866e-05, 6.32522789701e-09], "min": [7.2083370594e-23, 5.69517991685e-22, 2.44612130144e-21, 3.55009763036e-21, 1.08971416805e-20, 3.0292898533e-20, 4.20213082614e-20, 8.49890403906e-20, 4.55626655654e-20, 1.22283583369e-19, 2.60099757486e-19, 3.95660623662e-19, 5.55941472252e-19, 8.37322105357e-19, 1.07636287842e-18, 1.300316756e-18, 9.62241112007e-19, 2.37944851812e-18, 1.87072272203e-18, 2.2773713286e-18, 3.58646902039e-18, 4.47301183601e-18, 7.10919632996e-18, 6.10645697215e-18, 7.19060661867e-18, 7.64505468412e-18, 1.00050886529e-17, 1.03216233763e-17, 9.5512518739e-18, 1.19084585393e-17, 1.13333537738e-17, 1.23230116838e-17, 1.00080739477e-17, 8.3315351832e-18, 6.19652039725e-18, 4.3582885025e-18, 2.29331296016e-18, 9.30625028224e-19, 2.58735762505e-19, 2.87284415007e-20], "dmean": [0.0353321954608, 0.726021230221, 3.95031285286, 4.62357711792, 4.03591632843, 5.3945608139, 6.09616708755, 6.39313220978, 6.5735578537, 11.9212083817, 13.7099971771, 21.2578716278, 20.4577770233, 9.0109539032, 9.86212158203, 15.1103754044, 16.2471446991, 20.1811180115, 24.6808395386, 25.6412296295, 11.6136255264, 8.76285266876, 9.12272453308, 5.540766716, 3.99528241158, 3.00491571426, 1.93058431149, 1.73001253605, 1.4989644289, 1.30660104752, 1.29748094082, 1.08654928207, 0.833047688007, 0.61385422945, 0.431321591139, 0.375290125608, 0.0986005067825, 0.0168279018253, 0.000943046878092, 2.58295931417e-05], "mean": [0.0579944700003, 0.967249274254, 5.60537195206, 7.41152381897, 5.66410541534, 8.62685394287, 11.2537107468, 12.8187255859, 12.9565114975, 33.7619400024, 39.8380126953, 54.9982337952, 50.8655166626, 19.2478160858, 18.1475772858, 24.4495258331, 29.0491199493, 35.1335258484, 49.3103713989, 49.9160003662, 21.9329586029, 16.45570755, 11.6879930496, 9.1874370575, 5.92077636719, 5.51978969574, 3.15020847321, 2.71832966805, 2.56987690926, 2.12206888199, 2.17399168015, 1.80314874649, 1.29563558102, 0.927344202995, 0.595972180367, 0.488415211439, 0.120600558817, 0.01944543235, 0.000982498168014, 5.31165496795e-05], "max": [1.53006029129, 28.7993183136, 121.036262512, 144.393676758, 180.461502075, 294.895874023, 518.737121582, 366.783325195, 599.921081543, 1207.45861816, 1373.82958984, 2001.55859375, 2379.10839844, 716.183227539, 616.295593262, 1825.11865234, 1628.85083008, 2532.2043457, 2390.69140625, 3438.5456543, 1153.234375, 675.156860352, 363.907531738, 477.60559082, 138.644195557, 163.969528198, 72.0170440674, 109.087944031, 131.255844116, 105.230545044, 149.71824646, 110.149169922, 203.221435547, 106.036186218, 54.1790046692, 26.4126205444, 5.78332424164, 1.99356269836, 0.128243640065, 0.00193704199046], "dmean2": [0.0586983300745, 1.22281658649, 6.54370212555, 7.59152889252, 6.72974824905, 8.89424610138, 9.80050849915, 10.1360244751, 10.5509090424, 18.1094741821, 20.719537735, 30.6402549744, 30.4570484161, 13.8574514389, 15.2201709747, 24.1997871399, 24.9544048309, 31.2412567139, 38.2515487671, 39.5113182068, 17.9321231842, 13.7670068741, 15.3508071899, 8.89207077026, 6.60483884811, 4.83368873596, 3.09012317657, 2.69683146477, 2.31377601624, 1.99045240879, 1.96433842182, 1.61313784122, 1.21295499802, 0.887051165104, 0.613207042217, 0.549091756344, 0.14434415102, 0.0253068190068, 0.00150063785259, 3.83380174753e-05], "median": [0.011842302978, 0.252712070942, 1.29859495163, 1.94643938541, 2.10621380806, 2.92334246635, 4.67634725571, 5.51903629303, 5.19221496582, 6.32305145264, 7.73899364471, 8.14770793915, 9.08255577087, 5.66073322296, 5.76013040543, 7.61807346344, 5.91180419922, 9.53319358826, 10.8182611465, 10.3036136627, 6.85792684555, 5.49155187607, 3.21999001503, 2.37939167023, 2.0724503994, 2.15606451035, 1.23259985447, 1.09024715424, 1.05241823196, 0.631817102432, 0.565821647644, 0.496368736029, 0.367750912905, 0.239434123039, 0.144202277064, 0.0933646708727, 0.0267031099647, 0.00328125082888, 0.000112186047772, 3.48440116795e-05], "dvar": [0.01111827977, 3.93445682526, 88.0034866333, 108.968887329, 138.406051636, 249.264434814, 196.879394531, 167.364837646, 262.902130127, 967.811645508, 1322.55883789, 4034.00097656, 3241.95532227, 523.798828125, 563.441589355, 1821.97290039, 2619.00561523, 3151.38012695, 4621.98632812, 6150.55957031, 833.942016602, 397.225524902, 613.010314941, 222.541244507, 86.1031417847, 46.3672103882, 24.1372699738, 21.4579792023, 14.6701402664, 13.0276041031, 13.2079572678, 11.004570961, 11.1905708313, 4.47797107697, 1.50776147842, 1.48705410957, 0.0726362392306, 0.002217406407, 1.07326623038e-05, 3.45267459068e-09]}, "silence_rate_30dB": {"dvar2": 0.0285842381418, "var": 0.00923130102456, "min": 0, "dmean": 0.0112485941499, "mean": 0.990680456161, "max": 1, "dmean2": 0.0224989950657, "median": 1, "dvar": 0.0111228087917}, "melbands_spread": {"dvar2": 144.40234375, "var": 374.466217041, "min": 0.307513564825, "dmean": 5.45680761337, "mean": 20.2893829346, "max": 258.955596924, "dmean2": 8.4184961319, "median": 16.4137229919, "dvar": 64.532661438}, "melbands_crest": {"dvar2": 24.2969093323, "var": 35.6032485962, "min": 1.56576800346, "dmean": 3.22866034508, "mean": 15.2274284363, "max": 33.8981323242, "dmean2": 5.17669582367, "median": 14.2495355606, "dvar": 9.67571640015}, "zerocrossingrate": {"dvar2": 0.000194812499103, "var": 0.00337921688333, "min": 0.0029296875, "dmean": 0.00984730571508, "mean": 0.0583899579942, "max": 0.56103515625, "dmean2": 0.0115166101605, "median": 0.04833984375, "dvar": 0.000174453729414}, "barkbands_kurtosis": {"dvar2": 209.518173218, "var": 251.206207275, "min": -1.95793747902, "dmean": 4.17716646194, "mean": 7.33334779739, "max": 228.589126587, "dmean2": 6.56702947617, "median": 2.47477197647, "dvar": 87.1860122681}, "spectral_flux": {"dvar2": 0.00226113619283, "var": 0.00304588023573, "min": 6.45976883096e-11, "dmean": 0.0267236102372, "mean": 0.0731663554907, "max": 0.412006705999, "dmean2": 0.0405612289906, "median": 0.058987531811, "dvar": 0.00109047663864}, "barkbands_crest": {"dvar2": 12.9548463821, "var": 18.2424736023, "min": 2.67279219627, "dmean": 2.42744374275, "mean": 10.6968755722, "max": 25.7059020996, "dmean2": 3.8443903923, "median": 9.92563724518, "dvar": 5.32243967056}, "barkbands_flatness_db": {"dvar2": 0.00126555899624, "var": 0.00486571807414, "min": 0.0198203306645, "dmean": 0.0241736900061, "mean": 0.156047895551, "max": 0.603367269039, "dmean2": 0.0350483357906, "median": 0.14590100944, "dvar": 0.000631530827377}, "spectral_entropy": {"dvar2": 0.0906369462609, "var": 0.468553423882, "min": 3.77387428284, "dmean": 0.203151077032, "mean": 7.21589040756, "max": 9.82238006592, "dmean2": 0.282150685787, "median": 7.30498123169, "dvar": 0.0522003211081}, "pitch_salience": {"dvar2": 0.0110157681629, "var": 0.0168892592192, "min": 0.0726999938488, "dmean": 0.0704920515418, "mean": 0.509778439999, "max": 0.872246205807, "dmean2": 0.109659925103, "median": 0.512228190899, "dvar": 0.00461383070797}, "erbbands_spread": {"dvar2": 162.793243408, "var": 321.26675415, "min": 1.22745800018, "dmean": 6.65531206131, "mean": 31.8559951782, "max": 158.099960327, "dmean2": 10.0427131653, "median": 28.6517772675, "dvar": 71.8639450073}, "dynamic_complexity": 3.95738506317, "spectral_contrast_valleys": {"dvar2": [0.364476770163, 0.313670128584, 0.312506139278, 0.306021213531, 0.29462826252, 0.263999819756], "var": [4.18339109421, 3.78648853302, 3.84252071381, 4.15351581573, 4.30969047546, 3.6556854248], "min": [-28.0656051636, -27.9812507629, -27.8369255066, -27.654302597, -27.5582675934, -27.4348106384], "dmean": [0.443974494934, 0.398756891489, 0.400256633759, 0.385034412146, 0.35892817378, 0.364539116621], "mean": [-7.87086725235, -7.18215847015, -7.97650527954, -8.28539276123, -8.53434276581, -10.703373909], "max": [-4.97607469559, -4.67928981781, -4.98678255081, -5.20439291, -5.62309598923, -7.39300346375], "dmean2": [0.705321073532, 0.618628203869, 0.597052633762, 0.551058888435, 0.493975520134, 0.468381881714], "median": [-7.47908401489, -6.93667554855, -7.7341003418, -7.98643493652, -8.21702766418, -10.3617076874], "dvar": [0.169614449143, 0.14317522943, 0.162462115288, 0.16804997623, 0.17002697289, 0.173476502299]}, "hfc": {"dvar2": 321.165252686, "var": 392.250701904, "min": 1.11564880005e-16, "dmean": 6.51689863205, "mean": 18.9164638519, "max": 203.45262146, "dmean2": 9.50912666321, "median": 13.2864789963, "dvar": 147.541702271}, "spectral_kurtosis": {"dvar2": 61.0960617065, "var": 154.13168335, "min": -1.44675064087, "dmean": 2.3699491024, "mean": 8.52470207214, "max": 143.018768311, "dmean2": 3.71951055527, "median": 5.29647254944, "dvar": 25.3297805786}, "mfcc": {"mean": [-681.52935791, 131.99382019, 5.97112083435, 8.19369888306, 9.84006404877, 3.04660820961, -5.38004207611, -2.7494931221, 1.20117664337, 2.92906999588, -3.4238948822, -3.03932952881, -2.91439652443], "cov": [[10275.5595703, -1065.09521484, -1039.11437988, 255.60105896, 262.590759277, 150.314331055, 92.1609268188, 113.36655426, 171.150405884, 248.413665771, 109.063644409, 19.8906497955, -35.7084960938], [-1065.09521484, 1525.83129883, 153.693389893, -76.4226989746, 37.057220459, 126.423500061, 47.9806022644, -38.1912117004, 67.5714569092, 1.83728396893, -3.19917988777, -28.420501709, -3.89410853386], [-1039.11437988, 153.693389893, 839.246337891, 215.811264038, 42.7053489685, 29.5588512421, 64.6818237305, 77.4181976318, 1.52342319489, 2.03408265114, 37.8673706055, 34.4591522217, 2.61405682564], [255.60105896, -76.4226989746, 215.811264038, 602.376159668, 142.805786133, 54.2653770447, 85.8699569702, 119.417121887, 53.4979095459, 50.5387382507, 69.0500411987, 67.3282546997, 60.4792671204], [262.590759277, 37.057220459, 42.7053489685, 142.805786133, 317.38092041, 64.0857696533, 52.0284729004, 45.0264053345, 63.8929214478, 34.4117965698, 24.3010578156, 28.1321563721, 22.0095157623], [150.314331055, 126.423500061, 29.5588512421, 54.2653770447, 64.0857696533, 259.403106689, 95.037071228, 47.0948753357, 64.2978439331, 56.6532821655, 50.6214599609, -5.32227182388, -6.3529291153], [92.1609268188, 47.9806022644, 64.6818237305, 85.8699569702, 52.0284729004, 95.037071228, 232.185943604, 44.5313491821, 1.42080783844, 27.6235656738, 49.4467658997, 46.3217658997, 9.7000617981], [113.36655426, -38.1912117004, 77.4181976318, 119.417121887, 45.0264053345, 47.0948753357, 44.5313491821, 196.705383301, 17.7002849579, 15.8359823227, 6.21094322205, -5.93482303619, 21.3107566833], [171.150405884, 67.5714569092, 1.52342319489, 53.4979095459, 63.8929214478, 64.2978439331, 1.42080783844, 17.7002849579, 198.279602051, 72.4083404541, 28.8821754456, -9.29117012024, -22.2833518982], [248.413665771, 1.83728396893, 2.03408265114, 50.5387382507, 34.4117965698, 56.6532821655, 27.6235656738, 15.8359823227, 72.4083404541, 158.290008545, 52.5225486755, 10.5020103455, -13.5749101639], [109.063644409, -3.19917988777, 37.8673706055, 69.0500411987, 24.3010578156, 50.6214599609, 49.4467658997, 6.21094322205, 28.8821754456, 52.5225486755, 128.177322388, 43.9256324768, 10.3032054901], [19.8906497955, -28.420501709, 34.4591522217, 67.3282546997, 28.1321563721, -5.32227182388, 46.3217658997, -5.93482303619, -9.29117012024, 10.5020103455, 43.9256324768, 136.390625, 40.2127799988], [-35.7084960938, -3.89410853386, 2.61405682564, 60.4792671204, 22.0095157623, -6.3529291153, 9.7000617981, 21.3107566833, -22.2833518982, -13.5749101639, 10.3032054901, 40.2127799988, 101.514732361]], "icov": [[0.000132876317366, 7.69238686189e-05, 0.000182714269613, -6.79514341755e-05, -7.86485834396e-05, -3.94151793444e-05, -3.14882418024e-05, -5.60667358513e-05, -2.14649753616e-05, -0.000116787319712, -3.75417839678e-05, -2.71189537671e-06, 9.93888606899e-05], [7.69238686189e-05, 0.000784834905062, -8.84033070179e-05, 0.000135163078085, -9.78233292699e-05, -0.000378163676942, -0.000144959558384, 0.000251272460446, -0.000286230206257, 4.70504273835e-05, 0.000122133598779, 0.000169608334545, -0.000198559864657], [0.000182714269613, -8.84033070179e-05, 0.00166007794905, -0.000584237102885, -5.87059621466e-05, 4.16161783505e-05, -0.00014064113202, -0.000471916369861, 0.000154064764502, 4.58784379589e-05, -0.000289623334538, -0.000227566473768, 0.000653535651509], [-6.79514341755e-05, 0.000135163078085, -0.000584237102885, 0.00253103021532, -0.000622620107606, 0.000131701133796, -0.000252546131378, -0.000903681153432, -0.000425791658927, -0.000164010270964, -0.000531143392436, -0.000419528834755, -0.001049810322], [-7.86485834396e-05, -9.78233292699e-05, -5.87059621466e-05, -0.000622620107606, 0.0039269332774, -0.000445723009761, -0.000336022407282, -0.000167177175172, -0.000974941591267, 1.94615861204e-08, 0.000401396799134, -0.000440380303189, -0.000551360251848], [-3.94151793444e-05, -0.000378163676942, 4.16161783505e-05, 0.000131701133796, -0.000445723009761, 0.00565086118877, -0.00189959199633, -0.000752222840674, -0.000977490562946, -0.000674902985338, -0.00134928745683, 0.00118283450138, 4.53691209259e-05], [-3.14882418024e-05, -0.000144959558384, -0.00014064113202, -0.000252546131378, -0.000336022407282, -0.00189959199633, 0.00601771753281, -0.00082266604295, 0.00106046278961, -8.26822652016e-05, -0.000917263969313, -0.0017854681937, 0.000711200584192], [-5.60667358513e-05, 0.000251272460446, -0.000471916369861, -0.000903681153432, -0.000167177175172, -0.000752222840674, -0.00082266604295, 0.00651299441233, -0.000206560274819, -0.000205757620279, 0.000788917590398, 0.0013704164885, -0.00145481224172], [-2.14649753616e-05, -0.000286230206257, 0.000154064764502, -0.000425791658927, -0.000974941591267, -0.000977490562946, 0.00106046278961, -0.000206560274819, 0.00703386589885, -0.00238994858228, -0.000454287190223, 0.000280905835098, 0.00148264772724], [-0.000116787319712, 4.70504273835e-05, 4.58784379589e-05, -0.000164010270964, 1.94615861204e-08, -0.000674902985338, -8.26822652016e-05, -0.000205757620279, -0.00238994858228, 0.00890518445522, -0.00263470341451, -0.000232945181779, 0.00109201215673], [-3.75417839678e-05, 0.000122133598779, -0.000289623334538, -0.000531143392436, 0.000401396799134, -0.00134928745683, -0.000917263969313, 0.000788917590398, -0.000454287190223, -0.00263470341451, 0.0111248409376, -0.00270318496041, -0.000444407807663], [-2.71189537671e-06, 0.000169608334545, -0.000227566473768, -0.000419528834755, -0.000440380303189, 0.00118283450138, -0.0017854681937, 0.0013704164885, 0.000280905835098, -0.000232945181779, -0.00270318496041, 0.0103718312457, -0.00348992226645], [9.93888606899e-05, -0.000198559864657, 0.000653535651509, -0.001049810322, -0.000551360251848, 4.53691209259e-05, 0.000711200584192, -0.00145481224172, 0.00148264772724, 0.00109201215673, -0.000444407807663, -0.00348992226645, 0.0127456150949]]}, "silence_rate_20dB": {"dvar2": 0, "var": 0, "min": 1, "dmean": 0, "mean": 1, "max": 1, "dmean2": 0, "median": 1, "dvar": 0}, "melbands_kurtosis": {"dvar2": 708.926879883, "var": 737.647644043, "min": -1.76482772827, "dmean": 8.00977134705, "mean": 15.2859163284, "max": 455.382080078, "dmean2": 12.6539258957, "median": 6.01439666748, "dvar": 287.693786621}, "barkbands_spread": {"dvar2": 95.5147018433, "var": 140.4453125, "min": 0.313897967339, "dmean": 4.72308301926, "mean": 18.0175037384, "max": 139.770355225, "dmean2": 7.1814866066, "median": 16.1644535065, "dvar": 43.1579742432}, "erbbands_skewness": {"dvar2": 0.333655714989, "var": 1.00002026558, "min": -4.18278551102, "dmean": 0.373700767756, "mean": 0.563899040222, "max": 10.0982313156, "dmean2": 0.561710059643, "median": 0.461570739746, "dvar": 0.149249240756}, "average_loudness": 0.772345602512, "spectral_centroid": {"dvar2": 133531.40625, "var": 959924.25, "min": 108.242050171, "dmean": 182.976425171, "mean": 1076.42150879, "max": 12049.3505859, "dmean2": 278.317932129, "median": 930.879455566, "dvar": 64688.5664062}, "dissonance": {"dvar2": 0.00149275269359, "var": 0.00176185031887, "min": 0.156630545855, "dmean": 0.0240619257092, "mean": 0.444491237402, "max": 0.5, "dmean2": 0.0400223173201, "median": 0.454187303782, "dvar": 0.000565746217035}, "erbbands_flatness_db": {"dvar2": 0.00066395389149, "var": 0.00328894355334, "min": 0.0485151670873, "dmean": 0.0185897909105, "mean": 0.170281738043, "max": 0.395111083984, "dmean2": 0.0258549209684, "median": 0.161746352911, "dvar": 0.000362822320312}, "spectral_strongpeak": {"dvar2": 2.55802536011, "var": 3.04292917252, "min": 0, "dmean": 0.544620037079, "mean": 1.24744594097, "max": 18.1619739532, "dmean2": 0.911676287651, "median": 0.571964740753, "dvar": 1.10572111607}, "spectral_rms": {"dvar2": 2.58127715824e-06, "var": 5.62728473597e-06, "min": 3.1552308509e-12, "dmean": 0.000807485310361, "mean": 0.00465225195512, "max": 0.0161444414407, "dmean2": 0.00121185730677, "median": 0.00462752161548, "dvar": 1.14887018299e-06}, "silence_rate_60dB": {"dvar2": 0.0661728531122, "var": 0.101442597806, "min": 0, "dmean": 0.0305318981409, "mean": 0.114565759897, "max": 1, "dmean2": 0.0610687024891, "median": 0, "dvar": 0.029604261741}, "melbands": {"dvar2": [6.45105455988e-06, 4.13079251302e-05, 6.64335266265e-06, 3.05818434754e-06, 5.04327317685e-07, 1.90377207332e-07, 1.28671317157e-07, 2.94611311347e-07, 2.33228291791e-07, 3.29407185973e-07, 1.61490149253e-07, 2.35622170663e-08, 1.39048061953e-08, 2.42466597911e-08, 3.35189191958e-08, 4.07942124525e-08, 3.14977697258e-08, 2.88869355103e-08, 3.58284886204e-08, 1.35435413995e-08, 2.16325934943e-09, 1.04491948427e-09, 2.16470796843e-09, 6.2219646102e-10, 3.99783373073e-10, 1.92039245617e-10, 9.22589643571e-11, 4.85600795685e-11, 2.16859013386e-11, 3.46633000081e-11, 1.64207657888e-11, 1.38950326939e-11, 8.13131333099e-12, 1.53528786906e-11, 1.01967375515e-11, 1.33623407478e-11, 1.00306377787e-11, 1.47803401462e-11, 7.9075496151e-12, 5.99414528429e-12], "var": [3.03133947455e-06, 1.96974524442e-05, 4.00095450459e-06, 1.16768865155e-06, 5.31324076292e-07, 2.16868940583e-07, 1.56872658863e-07, 1.28