{"tonal": {"thpcp": [1, 0.52296257019, 0.245376706123, 0.20471072197, 0.168599843979, 0.240599408746, 0.294475704432, 0.212759181857, 0.175768822432, 0.196242302656, 0.183490201831, 0.290142148733, 0.369975149632, 0.275191903114, 0.300616919994, 0.332217186689, 0.209599271417, 0.146274626255, 0.144255593419, 0.160177618265, 0.382397025824, 0.59924018383, 0.452027618885, 0.237361773849, 0.165994614363, 0.158918708563, 0.28943747282, 0.395537644625, 0.333690106869, 0.400838792324, 0.411612153053, 0.241646304727, 0.222577288747, 0.271701842546, 0.323875814676, 0.787245869637], "hpcp": {"dmean2": [0.154979646206, 0.136266171932, 0.128815889359, 0.133444339037, 0.140701428056, 0.175019562244, 0.194910764694, 0.182872384787, 0.176324129105, 0.169494599104, 0.143847674131, 0.117344506085, 0.119281508029, 0.127451762557, 0.187380984426, 0.249465152621, 0.229680255055, 0.168941542506, 0.136493816972, 0.128811046481, 0.181762903929, 0.207472532988, 0.217324674129, 0.231268584728, 0.223552837968, 0.176192000508, 0.160908460617, 0.187434732914, 0.243307337165, 0.311000943184, 0.32269179821, 0.272991687059, 0.243270814419, 0.211571842432, 0.153718695045, 0.153095021844], "median": [0.0430358499289, 0.0341662093997, 0.0214636046439, 0.0213248468935, 0.0252387560904, 0.0570838935673, 0.0707969069481, 0.0564404800534, 0.0415270291269, 0.0379440300167, 0.0278992485255, 0.0214015971869, 0.0206967256963, 0.026746802032, 0.0925661623478, 0.163379579782, 0.110195092857, 0.03399496153, 0.0200323723257, 0.0196947176009, 0.0395953245461, 0.0512341447175, 0.0618114620447, 0.0639481469989, 0.0532226487994, 0.0273536220193, 0.027298219502, 0.0388823486865, 0.0697262361646, 0.271519839764, 0.372836023569, 0.183569833636, 0.0247202478349, 0.0167503748089, 0.0190482884645, 0.0364082418382], "min": [0, 0, 0, 0, 0, 0, 0, 0, 0, 0, 0, 0, 0, 0, 0, 0, 0, 0, 0, 0, 0, 0, 0, 0, 0, 0, 0, 0, 0, 0, 0, 0, 0, 0, 0, 0], "dvar2": [0.0625106394291, 0.0523625537753, 0.0554188229144, 0.0607127286494, 0.0605695843697, 0.072962731123, 0.0789955705404, 0.0751579627395, 0.0770087912679, 0.0784408077598, 0.0654639080167, 0.0549858212471, 0.0562549345195, 0.0543694533408, 0.0672673135996, 0.0871491730213, 0.0871647298336, 0.0740246772766, 0.0644849389791, 0.0581000633538, 0.082858376205, 0.0943876057863, 0.100455522537, 0.104888252914, 0.105412147939, 0.0838316679001, 0.0762215182185, 0.0852831527591, 0.110719949007, 0.111618638039, 0.124300956726, 0.102575071156, 0.146170035005, 0.13468696177, 0.0770732089877, 0.0645820423961], "dvar": [0.0252567529678, 0.0195156615227, 0.0210581254214, 0.0244508162141, 0.0232033617795, 0.0277049019933, 0.0318258590996, 0.0279141701758, 0.0301095247269, 0.0316249877214, 0.0238981563598, 0.0203866548836, 0.0209569446743, 0.0201840568334, 0.0261516571045, 0.0367546007037, 0.035064920783, 0.0287758689374, 0.0237586274743, 0.0213702656329, 0.0325314775109, 0.040938232094, 0.0378487668931, 0.0431313961744, 0.0445149578154, 0.0319073982537, 0.0286767669022, 0.0322713926435, 0.0399891361594, 0.0438791327178, 0.0547087006271, 0.0382256619632, 0.0539143010974, 0.0492997616529, 0.0282470360398, 0.0241876915097], "dmean": [0.0920735374093, 0.0786584243178, 0.0737836137414, 0.0769550204277, 0.0799115300179, 0.10252840817, 0.115942373872, 0.105872735381, 0.10347097367, 0.100703045726, 0.0822439491749, 0.0660657510161, 0.0674303844571, 0.0729132667184, 0.110942311585, 0.149446338415, 0.137009993196, 0.0999676808715, 0.07696595788, 0.0731566473842, 0.107344739139, 0.123613774776, 0.126175493002, 0.135369792581, 0.130983129144, 0.100461855531, 0.0912119969726, 0.107074156404, 0.137218534946, 0.184983223677, 0.191336095333, 0.158925279975, 0.134593293071, 0.11611648649, 0.0854685902596, 0.0883584842086], "max": [1, 1, 1, 1, 1, 1, 1, 1, 1, 1, 1, 1, 1, 1, 1, 1, 1, 1, 1, 1, 1, 1, 1, 1, 1, 1, 1, 1, 1, 1, 1, 1, 1, 1, 1, 1], "var": [0.0522677078843, 0.0264548920095, 0.0270834770054, 0.0377265363932, 0.0260305497795, 0.0379651896656, 0.059425920248, 0.0332897379994, 0.0529813356698, 0.0685512050986, 0.0294407699257, 0.0214467532933, 0.0198259223253, 0.0205358490348, 0.0473469644785, 0.0880727097392, 0.0622301511467, 0.0358401760459, 0.0254287198186, 0.0245732646435, 0.0461804047227, 0.0799918323755, 0.0494701601565, 0.0735765323043, 0.084985896945, 0.0400386303663, 0.0366666726768, 0.0435431115329, 0.0436120405793, 0.105735495687, 0.148855090141, 0.0573104545474, 0.0477502457798, 0.0409891530871, 0.0265926178545, 0.0338656120002], "mean": [0.138621479273, 0.10015425086, 0.0827414095402, 0.0923790931702, 0.0863761678338, 0.136581510305, 0.174162089825, 0.129543825984, 0.141512393951, 0.156387910247, 0.0986667498946, 0.0688573122025, 0.067906871438, 0.0754020065069, 0.180009558797, 0.282086312771, 0.212787464261, 0.111735671759, 0.078140296042, 0.0748093873262, 0.136249780655, 0.186195373535, 0.157081261277, 0.188690841198, 0.193762287498, 0.113752573729, 0.104776024818, 0.127900913358, 0.152461290359, 0.370588093996, 0.47073996067, 0.246179372072, 0.115508623421, 0.096365518868, 0.07936668396, 0.113259755075]}, "tuning_equal_tempered_deviation": 0.0749945193529, "chords_changes_rate": 0.0503784045577, "key_key": "C", "tuning_diatonic_strength": 0.591791987419, "key_scale": "major", "chords_number_rate": 0.00112956063822, "tuning_frequency": 441.017791748, "tuning_nontempered_energy_ratio": 0.689822912216, "chords_histogram": [20.8629837036, 6.69829416275, 40.0655136108, 1.67174971104, 4.72156333923, 0.542189061642, 0.192025303841, 0.384050607681, 0, 0, 0.282390147448, 0.994013309479, 1.18603861332, 0.36145940423, 0.474415451288, 0.0225912127644, 0, 0.97142213583, 0.621258318424, 8.86705112457, 4.76674556732, 5.08302259445, 1.02790009975, 0.203320905566], "key_strength": 0.731098890305, "chords_key": "G", "chords_strength": {"dmean2": 0.00869868788868, "median": 0.544243693352, "min": 0.27481636405, "dvar2": 6.53171373415e-05, "dvar": 5.8992907725e-05, "dmean": 0.00907317735255, "max": 0.81895172596, "var": 0.00867132656276, "mean": 0.543276071548}, "chords_scale": "major", "hpcp_entropy": {"dmean2": 1.02603149414, "median": 1.92426860332, "min": 0, "dvar2": 0.722708702087, "dvar": 0.267983824015, "dmean": 0.609850943089, "max": 4.39990615845, "var": 0.516796112061, "mean": 1.92218673229}}, "metadata": {"audio_properties": {"equal_loudness": 0, "codec": "mp3", "downmix": "mix", "sample_rate": 44100, "analysis_sample_rate": 44100, "bit_rate": 256016, "md5_encoded": "ef2987bea1adbb64a155b62feaae40e6", "length": 411.062866211, "replay_gain": -12.5629711151, "lossless": false}, "version": {"essentia_build_sha": "70f2e5ece6736b2c40cc944ad0e695b16b925413", "essentia": "2.1-beta2", "extractor": "music 1.0", "essentia_git_sha": "v2.1_beta2"}, "tags": {"title": ["Loving Cup"], "language": ["eng"], "media": ["Digital Media"], "albumartist": ["Phish"], "musicbrainz_recordingid": ["16368eba-dc70-4695-b89c-b5b18f81d2d1"], "originalyear": ["2015"], "discnumber": ["3/3"], "bpm": ["0"], "musicbrainz album release country": ["XW"], "musicbrainz album type": ["live"], "musicbrainz album status": ["Official"], "file_name": "Phish- Loving Cup.mp3", "musicbrainz_albumartistid": ["e01646f2-2a04-450d-8bf2-0d993082e058"], "acoustid_fingerprint": ["AQADtFGSLN2SUEEtOnieoPugJ3iWoyTxHn9s_EG5ZETD4n-Ke0lxKrhR5mhGioH0DlciWF3wryh5mEdZVtCjFbWEZyTSaslRRisu6Qp6G6lO9BxUMUFbOaAm5UOf43pxTFE2pUSfC12TRoZ3oxUuWVB0HH6K6hGPPzi-mIbUF5qVMqBehDq-F2WOJmoSC710NNPYId936EYoE02PLxcuI9wPkd2RxkTJfPjQUxQ8KYxAtD8uJkgWVRuDkLKFsU_wRUeTNEOf4TyubEtwXXgCn8if4UmCK4euIwyq5-hlIY8-lG6hMYefI61odMejJEe6MMcF9Ud_hBmLKUc_g7sqC41G4o3GImwm_MLe4Irx7MKVpUoQZ-kxnelxJwl8gWGeD_-wPxH6TGh6HPmR7Dwa_MEvPJqFJs6KvtifHcmXGDmJX-jzCM-NckU2yoT2Bz7Ck7iXDrWEHzWPM1SE_Iae8chZ3KgfEdZRHWx6PBSu4je69MiJ34JqwcyR47qC_DmuFWYoCy8uH3Yk40NZuvgFvdiPPPiD88MXHdNW5TAZlDwenA78tDiToxTyphAfTBJ15EGjPGhHPCGP1gkuXnhCuFoZY_rx9LiULQe3bJnw54ik69CiJhYRE__w5B1x3ujjIUydGWdayB9uRcMUkof2DtnxEOPg48GnA6HyZILm5Rt-hCd8XDp-bMK_g6rQ4xvKB3EYCc8IdVGeBH0Q6_hxFX3ApE_wLD2-kDim__AleNJ0xKuGrtTRH3pswduh_igTZUEuPB_Cp_CV47qDRskL1TkuxsbDHo704u-C6Dm-HTcahjKuosoRrw6S3MR__PBp4bzwDD-aJJuFUIv4QPvCIE3cEedxZoWr7DFyuCJiJxv-nNikSMcDM7nwRPAR6dCOsNyJSw924ifc487x58gziOsDfhb0hGFSONKPRz_-4EyPUsoOUx88PUrAXCt-VHlyhIma47nwHVMq5ghPQT-efcg1lJdyNItjnPgQPodDhcfDHfYxaUdONKGio8cbND_6ycgPHX86xD-xDyemH2_hE70OxhNzNNseXFludLMJVzXCHb2GWnoKnUX-otqYHk3N4VtS_EF4V9CaPYhlBY2OOw88bdHwk_jyKLAfob6O_EMy6bB0CRWv4EIfovkLfh_4Iz-SJT-6yMb14EZjj8jyQ9eP5qIQfjly_dCTB2FjnIXzPKh1HOGzHFLyE_8TTEyUiISYJuSRw_mNH9eGmMc_QecRHD_yRk-hksfHGjl72EcvE3eOLgt1NHlxSVzgOMf64FsGr0vB88gDZaVwaUfuotoF6_iHCyccwKhFfD96PghjEXrYo2mP8PjxDxf3I-dxiGdCrNR45BeuZ5lwV0N4wodm0fgRnzh3XJGEn-jRPHiCK4T3pMiPP-BTQntGnBGL8saDG3qPS0qLv0SvHLF2PD38F8zxoQ-DfyjyFtryI5WeYzseNalgh5geobp4wSf6E_mF5MsZnIEf3DTIBo5wwZWSHC9Og080onkjhGce6MwRK8H7485wDU-SAH8Q8oFWhc-QKzyasQZz4xZe5biy4zme1TkaqzR6PMOfEc2OL0em9YZYFWGOG--KK0ko9EduShCP8MVx07j-4LzRw8fx5Qz8EaePd8JnPD9aKhouHLly6A-KdMdPTHEk5Ekg-wj_wrzwDz82WULyDOmNC8xP_MFuNJdyoc6S44nwc8iPhD--44km_Ed5oXleIsfjBC-aiodDI1dVNG1ynPlwIVIO7Rcq6R0y8XjCJB3s6PCLXrlQdhYiRw_0DbeD9Oj74FmA_YiVJQ8eJymI_oKfIczxvMg3D-XBJM4PXcSPU1LxJlELnah2-A9q9ET6H--R5juYH7pxjcIv1Ggi8viHHv7R40pwLju-BE0a2tCWE3luMIftHi85-Dmq5zjFBT-HiD-0F1Zzob_wW8Sz4NI7PNpRNzaaX3hS5GJGFdcmIryQTkyI6j-eFleO40EvBX5CzEeYFep2EXn04k_B12ieHU92OFpiVD6O7oaNdOqJLzN0PoKLbkmi4zpOHs2Yow9Y9oGXKG-ghviQRlGz40VanIcuHX_CIl9LXD_xg_FmpNDRnrgVvDvO49oLHZ32oPlxP8aXiITGF2mlg39xoX_wkUJ-SGF4ONSJ5-h-XDkuaniOSUp9uOiRH21zNBH5IPSWQ4uoI08f7Csq3Wic4yKaqUkINuPR_IjoBUmTB-bx4xXhY09iCT8j_GjVHJlSaPN15MffoNcORpw8nD5-Cf_RaauQ5ofWSXmM2_gV5ImOvkKT49MLhlluNGPmCLVMI9oPmcqO2MTPBPdRDY96HKeUFd8mhCHKvlD0I_1yXPLBJNFyIz_RPJE2aOcR5kcpGT9uTPmFF40XEc-Gy8OfCqEOkQiPz8EpDw0t9MGkbUivQqaI9I-EnjjroRXcB8mHvOiTGOcTnMJtXIvR-OiRb6zw3GBS6Qn0IU19VLTQ37AiC2-z4zt-_AfDHv-QO4filULK4hLyBuI_FfHxPMWVox8FD-eR7EecL6gafWgWLsRZDj-aZwpKKT-eHfGR7DuaZMeOJ0dTHX2O_8g-qBkTjkGYKck5VD7xoz0cdQej7MPzKPiFZBmPkOGMnTlxPPiEH95lzMkRvg3EqogPJmqGHCf1ILmPS2lxL0GjEJV65DyS8-gfXMdzPFmyo8mL5Ec-1FG6o1l5_BIAhgAjTCCAkCMAAEGCQ0AwR5gAQhlKlAPCICAAEQkgAQggwAsiBCCASGEMFJIQLgQBBgiFkEGCAQI0QQQYZhRgwCAFFAGEIG8AYNRBYhAQABAAiBNKAKaFEMwQB5ggwDimBKFAICsEIIgoAAADgEgiETBIEQIYgMAAwAhETEAjFHGAECkUaQhIAoAXTCCjCDJOAcIAEIoRQJAAlghFnWJGCQCwpAQBCYBTClBChTBAISYICkAAABgR1ACBiBIOGMMQcM4AhxBSjjkiBDMCCQU0IMQwgAgAlCSKFBPEaAeAgEBIgQwhCCBBHAMCEWUREMgoooBSChljAHeIAAGUV4QjgICBShAjEMGCCYOIAQgC44QARjFACCAGEGMAYYIiA5UBACAhBRLKUMEAQIQYAAAyBAgAhAKGAGGkAYIqQpQgGggAhBMIGGAMQYQAArgDgkkgkVOCCAAYMA4RJwQQCAHkBABKMGeAQwJQhZQRjCLEBBMGCQGEIcIRQwR2AFAjBGBCCEEYAxIAQBCAhDCGBABQCAKYYkYCoxQgEArjhGAMIWEQQYAwg4wSDggAALREGWAcUM4Aw5hhxkCgHAKEOQMFAVwgQRwgjhDCJGOIICcIAEAZRQghCiJiCAcCMcGIpcIwo4wQAlCkgBCCKAoElggIYYQRwggBtZDCMQIMQwQZpIggAiAjkCPOCGIIMIwYQpBhRllBAEAGHCGwAcYZgYRQjAFkAALAGwYwIJQQC4gAQAgBFKEECoIQA8oYAJQhxBBpjBOeAGWIgMIpaqwjQAACCFCSAcEEIxYBQgwVCBCkDBCGAKKAAQABRJRCwggFABEKECEIIM5YIgBgyigkhBBKUkCIYcBg5pAAgmgHFCEMYKQQBNAIRQgBBBGCjECCAQMoEsIAYhBhCAEmiEIIIKIwMw4oJJVwBCAhKBPKIOMIMoQ5Bo1jwHkgDCCAKoCEYAhTARQDgADDBA"], "date": ["2015"], "genre": ["Rock"], "album": ["2015-07-28: Austin360 Amphitheater, Austin, TX, USA"], "musicbrainz_artistid": ["e01646f2-2a04-450d-8bf2-0d993082e058"], "originaldate": ["2015"], "musicbrainz_albumid": ["2f91210d-3b1d-4f78-a7b9-ecc5c9494340"], "copyright": ["2015, Phish"], "tracknumber": ["26/26"], "encodedby": ["nugs.net"], "musicbrainz_releasegroupid": ["1541975a-0d38-423e-a6f2-e17fd0f469ee"], "artist": ["Phish"], "label": ["LivePhish.com"], "albumartistsort": ["Phish", "Phish"], "acoustid_id": ["1d23298f-f05d-444d-b495-13cf8aacd332"], "script": ["Latn"]}}, "rhythm": {"bpm_histogram_first_peak_bpm": {"dmean2": 0, "median": 172, "min": 172, "dvar2": 0, "dvar": 0, "dmean": 0, "max": 172, "var": 0, "mean": 172}, "bpm": 172.265197754, "bpm_histogram_second_peak_spread": {"dmean2": 0, "median": 0, "min": 0, "dvar2": 0, "dvar": 0, "dmean": 0, "max": 0, "var": 0, "mean": 0}, "bpm_histogram_first_peak_weight": {"dmean2": 0, "median": 0.289450734854, "min": 0.289450734854, "dvar2": 0, "dvar": 0, "dmean": 0, "max": 0.289450734854, "var": 0, "mean": 0.289450734854}, "onset_rate": 3.58329248428, "beats_position": [0.383129239082, 0.777868449688, 1.18421769142, 1.59056687355, 1.99691605568, 2.40326523781, 2.7863945961, 3.15791368484, 3.51782298088, 3.87773227692, 4.23764181137, 4.59755086899, 4.95746040344, 5.32897949219, 5.70049858093, 6.06040811539, 6.43192720413, 6.80344676971, 7.18657588959, 7.56970500946, 7.96444416046, 8.35918331146, 8.75392246246, 9.14866161346, 9.54340076447, 9.93814086914, 10.3444900513, 10.7392292023, 11.1223583221, 11.4938774109, 11.8653964996, 12.2369155884, 12.6084346771, 12.9799547195, 13.3398637772, 13.6881628036, 14.0364627838, 14.3731517792, 14.7214508057, 15.0813598633, 15.4412698746, 15.8011789322, 16.1610889435, 16.5326080322, 16.904127121, 17.2640361786, 17.6239452362, 17.9838542938, 18.3437633514, 18.7152824402, 19.0868015289, 19.4351024628, 19.7834014893, 20.1317005157, 20.4799995422, 20.851518631, 21.2114276886, 21.5945568085, 21.9776859283, 22.3492050171, 22.7091159821, 23.0574150085, 23.4173240662, 23.7772331238, 24.1255321503, 24.4738311768, 24.8337402344, 25.1936511993, 25.5651702881, 25.9366893768, 26.3198184967, 26.7029476166, 27.0744667053, 27.4459857941, 27.8175048828, 28.1890239716, 28.5489330292, 28.9088420868, 29.2687530518, 29.6286621094, 29.9769611359, 30.3368701935, 30.6967792511, 31.0450782776, 31.3933773041, 31.7416782379, 32.1015853882, 32.4614944458, 32.8097953796, 33.1580963135, 33.5063934326, 33.8546943665, 34.2029914856, 34.5512924194, 34.8995895386, 35.2478904724, 35.5961914062, 35.9444885254, 36.2927894592, 36.6526985168, 37.000995636, 37.3609046936, 37.7208137512, 38.0807266235, 38.4290237427, 38.7889328003, 39.1372337341, 39.4971427917, 39.8570518494, 40.1937408447, 40.5420417786, 40.8903388977, 41.2502479553, 41.6101570129, 41.9584579468, 42.3067550659, 42.6550559998, 42.9917449951, 43.3284339905, 43.6767349243, 44.0250320435, 44.3733329773, 44.7332420349, 45.0931510925, 45.4414520264, 45.7897491455, 46.1380500793, 46.4863471985, 46.8346481323, 47.1945571899, 47.5428581238, 47.9027671814, 48.262676239, 48.6225852966, 48.9708824158, 49.3307914734, 49.690700531, 50.0390014648, 50.3989105225, 50.7355995178, 51.0839004517, 51.4321975708, 51.7804985046, 52.1287956238, 52.4887046814, 52.8370056152, 53.1736946106, 53.5219955444, 53.8702926636, 54.2302017212, 54.5901107788, 54.9500198364, 55.3099327087, 55.6814498901, 56.0413589478, 56.4012680054, 56.7495689392, 57.0862579346, 57.4229469299, 57.7712478638, 58.1311569214, 58.4794540405, 58.8393630981, 59.187664032, 59.5359611511, 59.884262085, 60.2325630188, 60.5808601379, 60.9291610718, 61.2774581909, 61.6373672485, 61.9972763062, 62.34557724, 62.6938781738, 63.042175293, 63.3904762268, 63.7387733459, 64.0870742798, 64.4353713989, 64.7836685181, 65.1319732666, 65.4802703857, 65.8169631958, 66.1536483765, 66.5019454956, 66.8270263672, 67.1753311157, 67.5236282349, 67.871925354, 68.2202224731, 68.5685272217, 68.9168243408, 69.26512146, 69.6134262085, 69.9617233276, 70.3100204468, 70.6583175659, 71.0066223145, 71.3433074951, 71.6800003052, 72.0282974243, 72.3765945435, 72.724899292, 73.0731964111, 73.4214935303, 73.7697982788, 74.1180953979, 74.4663925171, 74.8146896362, 75.1629943848, 75.5112915039, 75.859588623, 76.2078933716, 76.5561904907, 76.9044876099, 77.2411804199, 77.5778656006, 77.9261627197, 78.2744674683, 78.6227645874, 78.9710617065, 79.3077545166, 79.6444396973, 79.9927444458, 80.3294296265, 80.6661224365, 81.0144195557, 81.3627166748, 81.6994094849, 82.0360946655, 82.3727874756, 82.7094802856, 83.0461654663, 83.3828582764, 83.7311553955, 84.0794525146, 84.4277572632, 84.7760543823, 85.1243515015, 85.4726486206, 85.8093414307, 86.1460266113, 86.4943313599, 86.842628479, 87.1909255981, 87.5276184082, 87.8643035889, 88.2126083374, 88.5492935181, 88.8975982666, 89.2342834473, 89.5825805664, 89.9192733765, 90.2559585571, 90.5926513672, 90.9293441772, 91.2660293579, 91.602722168, 91.9510192871, 92.2993164062, 92.6476211548, 92.9843063354, 93.3209991455, 93.6576843262, 94.0059814453, 94.3542861938, 94.702583313, 95.0624923706, 95.4107894897, 95.7706985474, 96.130607605, 96.4789123535, 96.8272094727, 97.1987304688, 97.5586395264, 97.918548584, 98.2784576416, 98.6383666992, 98.9982757568, 99.346572876, 99.7064819336, 100.054779053, 100.403083801, 100.75138092, 101.09967804, 101.447982788, 101.796279907, 102.144577026, 102.492874146, 102.852790833, 103.21269989, 103.560997009, 103.909294128, 104.280815125, 104.652336121, 105.023849487, 105.383758545, 105.732063293, 106.068748474, 106.417053223, 106.765350342, 107.113647461, 107.46194458, 107.810249329, 108.158546448, 108.506843567, 108.855148315, 109.203445435, 109.551742554, 109.900039673, 110.271560669, 110.643081665, 111.002990723, 111.36289978, 111.734420776, 112.117546082, 112.489067078, 112.860588074, 113.220497131, 113.580406189, 113.940315247, 114.300224304, 114.660133362, 115.031654358, 115.391563416, 115.751472473, 116.111381531, 116.482902527, 116.842811584, 117.214332581, 117.574241638, 117.934150696, 118.305664062, 118.66557312, 119.025482178, 119.385391235, 119.745300293, 120.093605042, 120.441902161, 120.79019928, 121.138504028, 121.486801147, 121.846710205, 122.206619263, 122.543312073, 122.891609192, 123.239906311, 123.599815369, 123.948112488, 124.296417236, 124.644714355, 125.016235352, 125.364532471, 125.71282959, 126.061134338, 126.421043396, 126.780952454, 127.129249573, 127.477546692, 127.83745575, 128.17414856, 128.51083374, 128.847518921, 129.172607422, 129.532516479, 129.892425537, 130.252334595, 130.612243652, 130.960540771, 131.308837891, 131.65713501, 132.005432129, 132.365356445, 132.713653564, 133.061950684, 133.421859741, 133.77015686, 134.106842041, 134.44354248, 134.7918396, 135.140136719, 135.488433838, 135.836730957, 136.185028076, 136.521713257, 136.870025635, 137.206710815, 137.555007935, 137.903305054, 138.239990234, 138.576690674, 138.924987793, 139.273284912, 139.609970093, 139.946670532, 140.294967651, 140.631652832, 140.968338013, 141.32824707, 141.688156128, 142.036453247, 142.384765625, 142.721450806, 143.058135986, 143.406433105, 143.754730225, 144.103042603, 144.451339722, 144.788024902, 145.124710083, 145.473007202, 145.82131958, 146.169616699, 146.517913818, 146.866210938, 147.214508057, 147.562805176, 147.911102295, 148.259414673, 148.607711792, 148.944396973, 149.281082153, 149.629379272, 149.966079712, 150.302764893, 150.651062012, 150.976135254, 151.324447632, 151.661132812, 151.997817993, 152.346115112, 152.694412231, 153.031112671, 153.367797852, 153.704483032, 154.041183472, 154.377868652, 154.714553833, 155.051239014, 155.411148071, 155.759460449, 156.09614563, 156.444442749, 156.78112793, 157.11781311, 157.442901611, 157.767974854, 158.104675293, 158.429748535, 158.754821777, 159.091522217, 159.428207397, 159.75328064, 160.089981079, 160.42666626, 160.76335144, 161.100036621, 161.436737061, 161.773422241, 162.098495483, 162.446792603, 162.79510498, 163.1434021, 163.491699219, 163.839996338, 164.188293457, 164.536590576, 164.896499634, 165.256408691, 165.604721069, 165.953018188, 166.301315308, 166.661224365, 167.021133423, 167.369430542, 167.717727661, 168.06602478, 168.414321899, 168.762634277, 169.110931396, 169.459228516, 169.807525635, 170.167434692, 170.52734375, 170.875640869, 171.223937988, 171.583847046, 171.943756104, 172.292053223, 172.65196228, 173.011871338, 173.383392334, 173.743301392, 174.103210449, 174.451522827, 174.799819946, 175.159729004, 175.508026123, 175.867935181, 176.2162323, 176.564529419, 176.912826538, 177.261123657, 177.609436035, 177.957733154, 178.294418335, 178.631103516, 178.979400635, 179.327713013, 179.676010132, 180.012695312, 180.349380493, 180.697677612, 181.04598999, 181.394287109, 181.742584229, 182.079269409, 182.41595459, 182.764266968, 183.112564087, 183.460861206, 183.809158325, 184.145843506, 184.494140625, 184.842453003, 185.190750122, 185.527435303, 185.864120483, 186.200805664, 186.525894165, 186.874191284, 187.222488403, 187.559173584, 187.895874023, 188.244171143, 188.580856323, 188.917541504, 189.254241943, 189.590927124, 189.939224243, 190.287521362, 190.624221802, 190.972518921, 191.309204102, 191.657501221, 191.994186401, 192.330886841, 192.67918396, 193.027481079, 193.36416626, 193.70085144, 194.03755188, 194.374237061, 194.72253418, 195.070831299, 195.419128418, 195.755828857, 196.092514038, 196.440811157, 196.789108276, 197.137405396, 197.474105835, 197.810791016, 198.159088135, 198.495773315, 198.832473755, 199.169158936, 199.505844116, 199.854141235, 200.202438354, 200.550750732, 200.899047852, 201.235733032, 201.584030151, 201.932327271, 202.26902771, 202.617324829, 202.95401001, 203.29069519, 203.63899231, 203.975692749, 204.31237793, 204.660675049, 205.008972168, 205.334060669, 205.67074585, 206.00743103, 206.355728149, 206.692428589, 207.02911377, 207.36579895, 207.702484131, 208.050796509, 208.399093628, 208.72416687, 209.060852051, 209.39755249, 209.734237671, 210.08253479, 210.419219971, 210.76751709, 211.115829468, 211.464126587, 211.812423706, 212.149108887, 212.485794067, 212.822494507, 213.159179688, 213.495864868, 213.832565308, 214.169250488, 214.505935669, 214.84262085, 215.179321289, 215.527618408, 215.875915527, 216.212600708, 216.549285889, 216.897598267, 217.245895386, 217.594192505, 217.930877686, 218.267562866, 218.604263306, 218.940948486, 219.289245605, 219.637542725, 219.962631226, 220.310928345, 220.647613525, 220.984298706, 221.332611084, 221.669296265, 222.005981445, 222.354278564, 222.702575684, 223.050872803, 223.399185181, 223.735870361, 224.072555542, 224.409240723, 224.745941162, 225.094238281, 225.4425354, 225.779220581, 226.115921021, 226.452606201, 226.789291382, 227.125976562, 227.462677002, 227.810974121, 228.136047363, 228.472732544, 228.821044922, 229.157730103, 229.482803345, 229.819503784, 230.144577026, 230.481262207, 230.806350708, 231.13142395, 231.456497192, 231.781585693, 232.106658936, 232.454956055, 232.791656494, 233.139953613, 233.476638794, 233.813323975, 234.150024414, 234.475097656, 234.800170898, 235.136871338, 235.473556519, 235.810241699, 236.14692688, 236.472015381, 236.808700562, 237.145385742, 237.470474243, 237.795547485, 238.120635986, 238.468933105, 238.817230225, 239.165527344, 239.502212524, 239.838912964, 240.163986206, 240.512283325, 240.848968506, 241.185668945, 241.533966064, 241.859039307, 242.184127808, 242.520812988, 242.857498169, 243.18258667, 243.507659912, 243.855957031, 244.20425415, 244.55255127, 244.900863647, 245.237548828, 245.574234009, 245.89932251, 246.224395752, 246.549468994, 246.874557495, 247.199630737, 247.547927856, 247.873016357, 248.1980896, 248.523162842, 248.848251343, 249.196548462, 249.533233643, 249.869934082, 250.195007324, 250.543304443, 250.868392944, 251.193466187, 251.518539429, 251.84362793, 252.168701172, 252.493789673, 252.830474854, 253.167160034, 253.492233276, 253.817321777, 254.154006958, 254.490692139, 254.81578064, 255.140853882, 255.465942383, 255.791015625, 256.116088867, 256.441162109, 256.766265869, 257.114562988, 257.43963623, 257.764709473, 258.089782715, 258.414855957, 258.739959717, 259.076629639, 259.401733398, 259.73840332, 260.07510376, 260.411773682, 260.748474121, 261.085174561, 261.410247803, 261.735321045, 262.060394287, 262.385467529, 262.722167969, 263.047241211, 263.38394165, 263.72064209, 264.057312012, 264.382385254, 264.719085693, 265.055786133, 265.404083252, 265.729156494, 266.065856934, 266.402526855, 266.727600098, 267.052703857, 267.3777771, 267.702850342, 268.027923584, 268.364624023, 268.701324463, 269.026397705, 269.351470947, 269.676544189, 270.001617432, 270.338317871, 270.675018311, 271.000091553, 271.325164795, 271.650238037, 271.986938477, 272.323608398, 272.648712158, 272.9737854, 273.298858643, 273.623931885, 273.960632324, 274.297332764, 274.622406006, 274.947479248, 275.27255249, 275.620849609, 275.957550049, 276.294250488, 276.63092041, 276.96762085, 277.292694092, 277.629394531, 277.966064453, 278.291137695, 278.639465332, 278.964538574, 279.289611816, 279.626312256, 279.974609375, 280.311279297, 280.636352539, 280.961456299, 281.286529541, 281.62322998, 281.959899902, 282.284973145, 282.610076904, 282.935150146, 283.271820068, 283.608520508, 283.93359375, 284.258666992, 284.583770752, 284.920440674, 285.245513916, 285.570617676, 285.895690918, 286.23236084, 286.580688477, 286.905761719, 287.242431641, 287.57913208, 287.904205322, 288.229278564, 288.554382324, 288.891052246, 289.227752686, 289.552825928, 289.889526367, 290.226196289, 290.551300049, 290.876373291, 291.213043213, 291.549743652, 291.886444092, 292.223114014, 292.559814453, 292.873291016, 293.198364258, 293.5234375, 293.848510742, 294.173614502, 294.498687744, 294.812133789, 295.125610352, 295.462310791, 295.79901123, 296.124084473, 296.449157715, 296.785858154, 297.122528076, 297.459228516, 297.795898438, 298.121002197, 298.446075439, 298.771148682, 299.096221924, 299.421295166, 299.769622803, 300.094696045, 300.431365967, 300.768066406, 301.104766846, 301.441436768, 301.76651001, 302.103210449, 302.439910889, 302.788208008, 303.11328125, 303.438354492, 303.763427734, 304.088531494, 304.413604736, 304.738677979, 305.063751221, 305.40045166, 305.7371521, 306.062225342, 306.387298584, 306.712371826, 307.049072266, 307.385742188, 307.734039307, 308.059143066, 308.384216309, 308.709289551, 309.034362793, 309.359436035, 309.684539795, 310.009613037, 310.334686279, 310.659759521, 310.984832764, 311.309936523, 311.635009766, 311.960083008, 312.28515625, 312.610229492, 312.935333252, 313.272003174, 313.608703613, 313.933776855, 314.258850098, 314.583953857, 314.9090271, 315.245697021, 315.570800781, 315.884246826, 316.209350586, 316.534423828, 316.87109375, 317.207794189, 317.544494629, 317.881164551, 318.22946167, 318.566162109, 318.902862549, 319.227935791, 319.564605713, 319.901306152, 320.238006592, 320.574676514, 320.911376953, 321.248077393, 321.573150635, 321.898223877, 322.234924316, 322.571594238, 322.896697998, 323.22177124, 323.546844482, 323.871917725, 324.208618164, 324.545288086, 324.870391846, 325.195465088, 325.50894165, 325.834014893, 326.170684814, 326.495788574, 326.820861816, 327.145935059, 327.471008301, 327.796081543, 328.132781982, 328.469482422, 328.794555664, 329.131256104, 329.467926025, 329.816223145, 330.141296387, 330.466400146, 330.803070068, 331.128143311, 331.46484375, 331.801544189, 332.138214111, 332.463317871, 332.799987793, 333.136688232, 333.461761475, 333.786834717, 334.123535156, 334.460235596, 334.785308838, 335.11038208, 335.435455322, 335.772155762, 336.108825684, 336.433929443, 336.759002686, 337.084075928, 337.40914917, 337.734222412, 338.059326172, 338.384399414, 338.721069336, 339.057769775, 339.382843018, 339.719543457, 340.056243896, 340.404541016, 340.741210938, 341.06628418, 341.391387939, 341.716461182, 342.041534424, 342.378234863, 342.703308105, 343.028381348, 343.365081787, 343.701751709, 344.026855469, 344.363525391, 344.70022583, 345.025299072, 345.350372314, 345.675445557, 345.988922119, 346.302398682, 346.627471924, 346.940948486, 347.254425049, 347.556274414, 347.892974854, 348.229644775, 348.554718018, 348.879821777, 349.193267822, 349.529968262, 349.878265381, 350.2265625, 350.563262939, 350.899963379, 351.225036621, 351.57333374, 351.921630859, 352.281524658, 352.641448975, 353.001342773, 353.349639893, 353.721160889, 354.081085205, 354.452606201, 354.824127197, 355.288513184, 355.764526367, 356.240539551, 356.704925537, 357.180938721, 357.656951904, 358.121368408, 358.539306641, 358.945648193, 359.352020264, 359.81640625, 360.280822754, 360.74520874, 361.221221924, 361.68560791, 362.161621094, 362.626037598, 363.078826904, 363.543212891, 364.007598877, 364.379119873, 364.762268066, 365.157012939, 365.574951172, 365.981323242, 366.387664795, 366.794006348, 367.211975098, 367.61831665, 368.024658203, 368.430999756, 368.825744629, 369.232116699, 369.638458252, 370.056396484, 370.474365234, 370.880706787, 371.287078857, 371.681793213, 372.076538086, 372.471282959, 372.866027832, 373.260772705, 373.655517578, 374.050231934, 374.444976807, 374.967437744, 375.489868164, 376.012329102, 376.534790039, 377.068847656, 377.602905273, 378.113739014, 378.636169434, 379.135406494, 379.634643555, 380.133880615, 380.644714355, 381.155548096, 381.678009033, 382.21206665, 382.711273193, 383.222137451, 383.709747314, 384.197357178, 384.696594238, 385.195831299, 385.695037842, 386.194274902, 386.681884766, 387.181121826, 387.680358887, 388.191192627, 388.702026367, 389.212860107, 389.723724365, 390.234558105, 390.745391846, 391.244628906, 391.743835449, 392.24307251, 392.777130127, 393.311187744, 393.845245361, 394.379302979, 394.913360596, 395.482269287, 396.062744141, 396.643249512, 397.223754883, 397.804260254, 398.384765625, 398.965240479, 399.53414917, 400.091430664, 400.660308838, 401.229187012, 401.693603516, 402.157989502, 402.622406006, 403.086791992, 403.551208496, 404.015594482, 404.5496521, 405.083709717, 405.699035645, 406.291137695, 406.894866943, 407.475372314, 408.044250488, 408.624755859, 409.20526123, 409.785766602, 410.366241455], "beats_loudness": {"dmean2": 0.0281493477523, "median": 0.0356579758227, "min": 7.27854754246e-09, "dvar2": 0.000559241801966, "dvar": 0.000200141221285, "dmean": 0.0161873903126, "max": 0.122978821397, "var": 0.000380155426683, "mean": 0.0360011905432}, "danceability": 1.23918485641, "bpm_histogram_second_peak_weight": {"dmean2": 0, "median": 0.262423723936, "min": 0.262423723936, "dvar2": 0, "dvar": 0, "dmean": 0, "max": 0.262423723936, "var": 0, "mean": 0.262423723936}, "beats_count": 1148, "bpm_histogram_second_peak_bpm": {"dmean2": 0, "median": 178, "min": 178, "dvar2": 0, "dvar": 0, "dmean": 0, "max": 178, "var": 0, "mean": 178}, "bpm_histogram_first_peak_spread": {"dmean2": 0, "median": 0, "min": 0, "dvar2": 0, "dvar": 0, "dmean": 0, "max": 0, "var": 0, "mean": 0}, "beats_loudness_band_ratio": {"dmean2": [0.317706108093, 0.312102913857, 0.242721900344, 0.160698875785, 0.089691542089, 0.0621695779264], "median": [0.297357618809, 0.193899035454, 0.213941037655, 0.104233942926, 0.0504918843508, 0.0525952652097], "min": [0.00015927417553, 0.000262836663751, 0.00890617258847, 0.00443803239614, 0.00142882857472, 0.000965489656664], "dvar2": [0.0640911981463, 0.0651434883475, 0.0441193133593, 0.0271212700754, 0.0100793093443, 0.00514868367463], "dvar": [0.0238595120609, 0.0241125989705, 0.0156329255551, 0.00981066096574, 0.00377186806872, 0.00190136593301], "dmean": [0.18717905879, 0.178282335401, 0.141192123294, 0.0938238054514, 0.0516986995935, 0.0360671393573], "max": [0.949352383614, 0.96549397707, 0.940610408783, 0.898219406605, 0.640411973, 0.46892875433], "var": [0.0443935394287, 0.0372467562556, 0.0257085487247, 0.0157874580473, 0.00521817523986, 0.00259730638936], "mean": [0.323478996754, 0.242959320545, 0.247963637114, 0.143001303077, 0.0722055733204, 0.0628476813436]}}, "lowlevel": {"barkbands_spread": {"dmean2": 8.26389122009, "median": 21.7637138367, "min": 1.06975138187, "dvar2": 96.8696746826, "dvar": 42.9877052307, "dmean": 5.31380176544, "max": 158.897506714, "var": 175.415206909, "mean": 23.9977149963}, "melbands_spread": {"dmean2": 8.96387481689, "median": 20.8569583893, "min": 1.09393846989, "dvar2": 121.032707214, "dvar": 55.3610229492, "dmean": 5.70184278488, "max": 179.264373779, "var": 188.917327881, "mean": 23.4738464355}, "hfc": {"dmean2": 10.3245792389, "median": 21.654466629, "min": 2.80940184894e-07, "dvar2": 249.403823853, "dvar": 107.664154053, "dmean": 6.86722612381, "max": 185.022125244, "var": 345.749176025, "mean": 25.034570694}, "barkbands_kurtosis": {"dmean2": 3.14724349976, "median": 1.64032864571, "min": -1.95280194283, "dvar2": 26.6033821106, "dvar": 10.7343502045, "dmean": 1.94275712967, "max": 110.032997131, "var": 30.6077785492, "mean": 3.08420944214}, "gfcc": {"mean": [16.3820323944, 72.9539642334, -117.270019531, 16.620967865, -63.4562110901, 12.7320842743, -36.8093948364, 9.134724617, -24.3981933594, -0.208577036858, -18.5267620087, -1.93336117268, -12.1935281754], "icov": [[0.000164718483575, -9.35498392209e-05, -7.54907741793e-05, -0.000194614753127, -4.10938009736e-05, 7.22003314877e-05, 4.97946202813e-05, -0.000176787318196, 0.000323360058246, -0.00049046438653, 0.00057525007287, -0.000562848697882, 0.000430715619586], [-9.35498392209e-05, 0.00155047990847, 2.78789138974e-05, -0.000985804246739, -0.000308740913169, 0.000761832867283, 1.37791448651e-05, 0.000535603263415, -0.000731337058824, 0.00169378786813, -0.00246672774665, 0.00232048658654, -0.00115892395843], [-7.54907741793e-05, 2.78789138974e-05, 0.00149217480794, -0.000789935525972, -0.000388242391637, 0.000854045560118, -0.00131281418726, 0.00147540867329, 0.00017146000755, -0.00238642282784, 0.00199028290808, -0.00213736249134, 0.000945559993852], [-0.000194614753127, -0.000985804246739, -0.000789935525972, 0.00446884706616, -2.02127794182e-05, -0.00249754614197, 0.00183650583494, -0.00145371770486, 9.88845858956e-05, 0.00072276982246, -0.00265337666497, 0.00259449123405, -0.00237980438396], [-4.10938009736e-05, -0.000308740913169, -0.000388242391637, -2.02127794182e-05, 0.00355917518027, -7.60763796279e-05, -0.000606739195064, -0.000189454120118, -0.00162283913232, 0.000148179693497, 0.000568807532545, -0.00132766691968, 0.00109624338802], [7.22003314877e-05, 0.000761832867283, 0.000854045560118, -0.00249754614197, -7.60763796279e-05, 0.00768043566495, -0.00376974605024, -0.000971663510427, 0.00139097252395, -0.00271025765687, 0.00169557891786, -0.00146879185922, 0.000786408025306], [4.97946202813e-05, 1.37791448651e-05, -0.00131281418726, 0.00183650583494, -0.000606739195064, -0.00376974605024, 0.00968467164785, -0.00375942047685, -0.00103226338979, 0.00362370931543, -0.00386909442022, 0.00262104696594, 0.000844271213282], [-0.000176787318196, 0.000535603263415, 0.00147540867329, -0.00145371770486, -0.000189454120118, -0.000971663510427, -0.00375942047685, 0.0105998888612, -0.00398226780817, -0.0017680816818, 0.00252441712655, -0.00258322828449, 0.00114499824122], [0.000323360058246, -0.000731337058824, 0.00017146000755, 9.88845858956e-05, -0.00162283913232, 0.00139097252395, -0.00103226338979, -0.00398226780817, 0.0148486690596, -0.00581983989105, 0.00202281679958, 0.00169489986729, -0.00143617182039], [-0.00049046438653, 0.00169378786813, -0.00238642282784, 0.00072276982246, 0.000148179693497, -0.00271025765687, 0.00362370931543, -0.0017680816818, -0.00581983989105, 0.0204612538218, -0.0108866477385, 0.00393920112401, -0.000519204942975], [0.00057525007287, -0.00246672774665, 0.00199028290808, -0.00265337666497, 0.000568807532545, 0.00169557891786, -0.00386909442022, 0.00252441712655, 0.00202281679958, -0.0108866477385, 0.0241990406066, -0.0124810170382, 0.00493853073567], [-0.000562848697882, 0.00232048658654, -0.00213736249134, 0.00259449123405, -0.00132766691968, -0.00146879185922, 0.00262104696594, -0.00258322828449, 0.00169489986729, 0.00393920112401, -0.0124810170382, 0.0242397487164, -0.0107913259417], [0.000430715619586, -0.00115892395843, 0.000945559993852, -0.00237980438396, 0.00109624338802, 0.000786408025306, 0.000844271213282, 0.00114499824122, -0.00143617182039, -0.000519204942975, 0.00493853073567, -0.0107913259417, 0.0209201425314]], "cov": [[10424.3535156, -44.7564201355, 1858.53393555, 598.497558594, 423.372070312, 129.329711914, -11.5650815964, 138.229553223, -70.3746337891, 384.406494141, -35.3470191956, 265.183532715, -117.323425293], [-44.7564201355, 1525.84924316, -209.887084961, 402.415466309, 17.985534668, -149.753555298, -101.618019104, -109.509757996, 26.5087966919, -89.2902450562, 104.788414001, -120.479766846, 68.2145462036], [1858.53393555, -209.887084961, 1537.45385742, 127.903930664, 233.821182251, -4.82251644135, 58.9427108765, -60.4217071533, 0.245501711965, 189.363220215, -5.27566719055, 132.850662231, -41.4846572876], [598.497558594, 402.415466309, 127.903930664, 477.522918701, 39.6593971252, 80.6156997681, -18.9174156189, 29.8316173553, 16.0730361938, 32.7819099426, 54.377155304, -15.712937355, 33.5081634521], [423.372070312, 17.985534668, 233.821182251, 39.6593971252, 364.392883301, 31.3036746979, 60.5947990417, 44.0439567566, 51.7250747681, 39.6313209534, 2.63139843941, 26.2196407318, -21.4662303925], [129.329711914, -149.753555298, -4.82251644135, 80.6156997681, 31.3036746979, 250.496688843, 108.691299438, 98.9930953979, 14.8727226257, 38.6462364197, 5.45381116867, 12.7022285461, -15.1864871979], [-11.5650815964, -101.618019104, 58.9427108765, -18.9174156189, 60.5947990417, 108.691299438, 199.958221436, 91.9325714111, 31.2480716705, 13.3911790848, 5.94201755524, 0.428123623133, -29.27409935], [138.229553223, -109.509757996, -60.4217071533, 29.8316173553, 44.0439567566, 98.9930953979, 91.9325714111, 186.094345093, 53.4308586121, 28.0565185547, -4.44249010086, 6.73724412918, -13.8242263794], [-70.3746337891, 26.5087966919, 0.245501711965, 16.0730361938, 51.7250747681, 14.8727226257, 31.2480716705, 53.4308586121, 102.989639282, 28.7962703705, 2.12673640251, -11.1320257187, -1.17962837219], [384.406494141, -89.2902450562, 189.363220215, 32.7819099426, 39.6313209534, 38.6462364197, 13.3911790848, 28.0565185547, 28.7962703705, 108.96244812, 27.8235607147, 26.1057262421, -11.7169303894], [-35.3470191956, 104.788414001, -5.27566719055, 54.377155304, 2.63139843941, 5.45381116867, 5.94201755524, -4.44249010086, 2.12673640251, 27.8235607147, 83.2152404785, 22.9014453888, 5.62303066254], [265.183532715, -120.479766846, 132.850662231, -15.712937355, 26.2196407318, 12.7022285461, 0.428123623133, 6.73724412918, -11.1320257187, 26.1057262421, 22.9014453888, 92.4528427124, 20.0041942596], [-117.323425293, 68.2145462036, -41.4846572876, 33.5081634521, -21.4662303925, -15.1864871979, -29.27409935, -13.8242263794, -1.17962837219, -11.7169303894, 5.62303066254, 20.0041942596, 71.9355163574]]}, "spectral_energyband_middle_low": {"dmean2": 0.00997720472515, "median": 0.0110598318279, "min": 7.06249728838e-13, "dvar2": 0.000334225740517, "dvar": 0.000130080821691, "dmean": 0.00618412764743, "max": 0.138862103224, "var": 0.000190110789845, "mean": 0.014382911846}, "melbands_crest": {"dmean2": 4.84459733963, "median": 12.1815700531, "min": 3.47873425484, "dvar2": 19.8402900696, "dvar": 7.66403722763, "dmean": 2.96888399124, "max": 31.5282707214, "var": 21.8246326447, "mean": 12.8580350876}, "spectral_kurtosis": {"dmean2": 1.75991761684, "median": 3.57383942604, "min": -1.20723879337, "dvar2": 4.86601161957, "dvar": 1.7457716465, "dmean": 1.06862139702, "max": 30.4897689819, "var": 5.52054309845, "mean": 3.9773979187}, "spectral_rms": {"dmean2": 0.00119580037426, "median": 0.00494010653347, "min": 1.56317383926e-07, "dvar2": 2.65796370513e-06, "dvar": 1.10035966827e-06, "dmean": 0.000769710808527, "max": 0.0130466204137, "var": 3.57010117114e-06, "mean": 0.00487216515467}, "zerocrossingrate": {"dmean2": 0.013099078089, "median": 0.0673828125, "min": 0.00927734375, "dvar2": 0.000208129466046, "dvar": 0.000158726135851, "dmean": 0.0108284633607, "max": 0.52880859375, "var": 0.00145960447844, "mean": 0.0741003230214}, "silence_rate_60dB": {"dmean2": 0.0133318267763, "median": 0, "min": 0, "dvar2": 0.015418741852, "dvar": 0.00662240199745, "dmean": 0.00666553713381, "max": 1, "var": 0.043240968138, "mean": 0.0453004986048}, "erbbands_kurtosis": {"dmean2": 1.36800289154, "median": 0.209981799126, "min": -1.84986031055, "dvar2": 4.18549966812, "dvar": 1.75773274899, "dmean": 0.867449581623, "max": 38.8570327759, "var": 5.03117847443, "mean": 0.820326983929}, "erbbands": {"dmean2": [0.0590998493135, 0.950439572334, 3.94703674316, 6.01209163666, 13.7992935181, 13.2892541885, 15.6814823151, 17.8554649353, 19.520401001, 22.3492050171, 30.1805019379, 41.3711090088, 56.9934654236, 20.3201389313, 20.607093811, 34.2509765625, 24.3109340668, 27.08436203, 17.518037796, 21.0818138123, 22.9539661407, 20.3012733459, 12.9018268585, 12.0899181366, 10.8245401382, 7.20975637436, 4.