{"metadata": {"tags": {"label": ["fabric"], "releasecountry": ["GB"], "musicbrainz_releasetrackid": ["9c1deb72-eef4-331e-b69c-b1f19ba5dd1a"], "catalognumber": ["Fabric19"], "genre": ["House"], "releasetype": ["album", "compilation"], "originalyear": ["2003"], "tracknumber": ["9"], "disctotal": ["1"], "musicbrainz_albumartistid": ["5ee9ad13-a79a-4887-90fe-aa23a1df49f1"], "album": ["Fabric 10: Doc Martin"], "script": ["Latn"], "albumartistsort": ["Martin, Doc"], "releasestatus": ["official"], "acoustid_id": ["d61b5fec-5ee0-4363-a14c-c00e5fbfe659"], "musicbrainz_artistid": ["bc30e462-745c-40d8-b881-de888a9165a3"], "musicbrainz_releasegroupid": ["9140b91e-5017-3ce3-8631-ff1c553a19eb"], "musicbrainz_recordingid": ["16402abd-2c8f-4f2e-be01-30a2f97c9771"], "albumartist": ["Doc Martin"], "barcode": ["0802560001929"], "originaldate": ["2003-05-05"], "totaltracks": ["15"], "artist": ["Rednail +1"], "musicbrainz_albumid": ["e9673239-af98-46ee-9813-35212b4d4bf3"], "artistsort": ["Rednail +1"], "title": ["I Think of You"], "asin": ["B00008LKGU"], "tracktotal": ["15"], "totaldiscs": ["1"], "djmixer": ["Doc Martin"], "compilation": ["1"], "date": ["2003-05-05"], "media": ["CD"], "file_name": "09 - Rednail +1 - I Think of You.flac", "discnumber": ["1"]}, "audio_properties": {"sample_rate": 44100, "downmix": "mix", "lossless": true, "analysis_sample_rate": 44100, "md5_encoded": "502e16991df16b9e69e31156a29444a3", "equal_loudness": 0, "replay_gain": -11.1341228485, "codec": "flac", "bit_rate": 0, "length": 275.973327637}, "version": {"extractor": "music 1.0", "essentia_build_sha": "2d9f1f26377add8aeb1075a9c2973f962c4f09fd", "essentia_git_sha": "v2.1_beta2-1-ge3940c0", "essentia": "2.1-beta2"}}, "rhythm": {"beats_loudness_band_ratio": {"dvar2": [0.0447947867215, 0.00309809530154, 0.00302699650638, 0.00400359742343, 0.00431990111247, 0.00934336241335], "var": [0.0197212100029, 0.000769301841501, 0.000677085190546, 0.00115652265958, 0.0014370623976, 0.00287445262074], "min": [0.120663233101, 0.000443200318841, 7.18859955668e-05, 2.64880472969e-05, 1.40705678859e-05, 2.89338549919e-06], "dmean": [0.111786223948, 0.0103253293782, 0.0111366314813, 0.0221250019968, 0.0301052220166, 0.0567715279758], "mean": [0.916745603085, 0.0105748930946, 0.0086931521073, 0.0154539402574, 0.0200904626399, 0.0322490222752], "max": [0.999198973179, 0.469005256891, 0.313278585672, 0.306338191032, 0.380596458912, 0.450161963701], "dmean2": [0.221084371209, 0.0183632336557, 0.0206317286938, 0.0433610863984, 0.058569829911, 0.112946726382], "median": [0.964122414589, 0.00522559275851, 0.00258198054507, 0.00580085162073, 0.00882897246629, 0.00828380230814], "dvar": [0.0157468933612, 0.00109650334343, 0.000987029168755, 0.00128322956152, 0.00135796237737, 0.00306722405367]}, "bpm_histogram_first_peak_weight": {"dvar2": 0, "var": 0, "min": 0.63763064146, "dmean": 0, "mean": 0.63763064146, "max": 0.63763064146, "dmean2": 0, "median": 0.63763064146, "dvar": 0}, "bpm": 125.260742188, "beats_count": 575, "bpm_histogram_first_peak_spread": {"dvar2": 0, "var": 0, "min": 0.36236935854, "dmean": 0, "mean": 0.36236935854, "max": 0.36236935854, "dmean2": 0, "median": 0.36236935854, "dvar": 0}, "danceability": 2.39939236641, "bpm_histogram_first_peak_bpm": {"dvar2": 0, "var": 0, "min": 126, "dmean": 0, "mean": 126, "max": 126, "dmean2": 0, "median": 126, "dvar": 0}, "beats_position": [0.53405892849, 1.02167797089, 1.50929701328, 1.98530614376, 2.46131515503, 2.93732428551, 3.41333317757, 3.90095233917, 4.38857126236, 4.85297060013, 5.34058952332, 5.80498838425, 6.29260778427, 6.76861667633, 7.24462556839, 7.73224496841, 8.20825386047, 8.68426322937, 9.17188167572, 9.63628101349, 10.1239004135, 10.5999088287, 11.0759181976, 11.5635375977, 12.051156044, 12.5155553818, 13.0031747818, 13.479183197, 13.9551925659, 14.4312019348, 14.90721035, 15.3948297501, 15.8824491501, 16.3468475342, 16.8344669342, 17.3104763031, 17.786485672, 18.2741031647, 18.7501125336, 19.2261219025, 19.7137413025, 20.1781406403, 20.6657600403, 21.1417675018, 21.6177768707, 22.1053962708, 22.5814056396, 23.0574150085, 23.5450344086, 24.009431839, 24.497051239, 24.9730606079, 25.4490699768, 25.9366893768, 26.4126987457, 26.8887062073, 27.3763256073, 27.8523349762, 28.3283443451, 28.804353714, 29.2803630829, 29.7679805756, 30.2439899445, 30.7199993134, 31.2076187134, 31.6836280823, 32.1596374512, 32.6472549438, 33.1232643127, 33.5992736816, 34.0868911743, 34.5512924194, 35.0389099121, 35.514919281, 35.9909286499, 36.4785499573, 36.9545555115, 37.4305648804, 37.9181861877, 38.3941955566, 38.8702049255, 39.3462142944, 39.8222198486, 40.309841156, 40.7858505249, 41.2618598938, 41.7494773865, 42.2254867554, 42.7014961243, 43.1775054932, 43.6535148621, 44.1411323547, 44.6287536621, 45.0931510925, 45.5807685852, 46.0567779541, 46.532787323, 47.0087966919, 47.4848060608, 47.9724235535, 48.4600448608, 48.9360542297, 49.4120635986, 49.8880729675, 50.3640823364, 50.8516998291, 51.327709198, 51.8037185669, 52.2913360596, 52.7673454285, 53.2433547974, 53.7193641663, 54.1953735352, 54.6829910278, 55.1590003967, 55.6350097656, 56.122631073, 56.5986366272, 57.0746459961, 57.550655365, 58.0266647339, 58.5026741028, 58.9902954102, 59.4663009644, 59.9539222717, 60.4299316406, 60.9059410095, 61.3819503784, 61.8579597473, 62.34557724, 62.8331947327, 63.3092041016, 63.7852134705, 64.2612228394, 64.7372360229, 65.2248535156, 65.7008590698, 66.1768722534, 66.6644897461, 67.1404953003, 67.6165084839, 68.0925140381, 68.5685272217, 69.0561447144, 69.5321502686, 70.0081634521, 70.4957809448, 70.971786499, 71.4477996826, 71.9238052368, 72.3998184204, 72.8874359131, 73.3634490967, 73.8394546509, 74.3270721436, 74.8030853271, 75.2790908813, 75.766708374, 76.2427215576, 76.7187271118, 77.2063446045, 77.6823577881, 78.1583633423, 78.6343765259, 79.1103820801, 79.5979995728, 80.0856246948, 80.561630249, 81.0376434326, 81.5136489868, 81.9896621704, 82.4656677246, 82.9416732788, 83.4292984009, 83.9169158936, 84.3929214478, 84.8689346313, 85.3449401855, 85.8209533691, 86.2969589233, 86.7729721069, 87.2605895996, 87.7482070923, 88.2242126465, 88.7002258301, 89.1762313843, 89.6522445679, 90.1398620605, 90.6158676147, 91.0918807983, 91.579498291, 92.0438995361, 92.5315170288, 93.0075302124, 93.4835357666, 93.9711532593, 94.4471664429, 94.9231719971, 95.4107894897, 95.8868026733, 96.3628082275, 96.8388214111, 97.3148269653, 97.802444458, 98.2900695801, 98.7544631958, 99.2420806885, 99.7180938721, 100.194099426, 100.67011261, 101.146118164, 101.633743286, 102.121360779, 102.585754395, 103.073379517, 103.549385071, 104.025398254, 104.513015747, 104.989021301, 105.465034485, 105.952651978, 106.428657532, 106.904670715, 107.38067627, 107.856689453, 108.344306946, 108.831924438, 109.296325684, 109.783943176, 110.25995636, 110.735961914, 111.211967468, 111.687980652, 112.175598145, 112.663215637, 113.127616882, 113.615234375, 114.091247559, 114.567253113, 115.043266296, 115.519271851, 116.006889343, 116.482902527, 116.958908081, 117.446525574, 117.922538757, 118.398544312, 118.874557495, 119.350563049, 119.838180542, 120.314193726, 120.79019928, 121.277824402, 121.742218018, 122.218231201, 122.694236755, 123.181854248, 123.66947937, 124.145484924, 124.621498108, 125.109115601, 125.585121155, 126.061134338, 126.537139893, 127.013153076, 127.500770569, 127.988388062, 128.464401245, 128.94039917, 129.416412354, 129.892425537, 130.3800354, 130.856048584, 131.332061768, 131.81968689, 132.295684814, 132.771697998, 133.247711182, 133.723709106, 134.211334229, 134.687347412, 135.163360596, 135.650970459, 136.126983643, 136.602996826, 137.078994751, 137.555007935, 138.042633057, 138.53024292, 139.006256104, 139.482269287, 139.958267212, 140.434280396, 140.921905518, 141.397918701, 141.873916626, 142.361541748, 142.837554932, 143.313552856, 143.78956604, 144.265579224, 144.753189087, 145.229202271, 145.705215454, 146.192825317, 146.668838501, 147.144851685, 147.620864868, 148.096862793, 148.584487915, 149.072113037, 149.536499023, 150.024124146, 150.500137329, 150.976135254, 151.452148438, 151.928161621, 152.415786743, 152.903396606, 153.367797852, 153.855422974, 154.331420898, 154.807434082, 155.295059204, 155.771057129, 156.247070313, 156.734695435, 157.210693359, 157.686706543, 158.162719727, 158.63873291, 159.126342773, 159.602355957, 160.078369141, 160.565979004, 161.041992188, 161.518005371, 161.994003296, 162.470016479, 162.957641602, 163.445251465, 163.921264648, 164.397277832, 164.873291016, 165.34928894, 165.825302124, 166.301315308, 166.788925171, 167.276550293, 167.752563477, 168.228561401, 168.704574585, 169.180587769, 169.668212891, 170.144210815, 170.620223999, 171.107849121, 171.583847046, 172.059860229, 172.535873413, 173.011871338, 173.49949646, 173.975509644, 174.451522827, 174.93913269, 175.415145874, 175.891159058, 176.378768921, 176.854782104, 177.330795288, 177.818405151, 178.282806396, 178.770431519, 179.246429443, 179.722442627, 180.210067749, 180.686080933, 181.162078857, 181.638092041, 182.114105225, 182.601715088, 183.077728271, 183.553741455, 184.041351318, 184.517364502, 184.993377686, 185.480987549, 185.945388794, 186.433013916, 186.9090271, 187.385025024, 187.872650146, 188.360275269, 188.824661255, 189.312286377, 189.788299561, 190.264297485, 190.740310669, 191.216323853, 191.703948975, 192.191558838, 192.655960083, 193.143585205, 193.61958313, 194.095596313, 194.583221436, 195.05921936, 195.535232544, 196.022857666, 196.487258911, 196.974868774, 197.450881958, 197.926895142, 198.414505005, 198.890518188, 199.366531372, 199.854141235, 200.330154419, 200.806167603, 201.282180786, 201.758178711, 202.245803833, 202.733413696, 203.197814941, 203.685440063, 204.161453247, 204.637451172, 205.125076294, 205.601089478, 206.077087402, 206.564712524, 207.040725708, 207.516723633, 207.992736816, 208.46875, 208.956375122, 209.432373047, 209.90838623, 210.396011353, 210.872009277, 211.348022461, 211.824035645, 212.300048828, 212.787658691, 213.275283813, 213.739685059, 214.227294922, 214.703308105, 215.179321289, 215.655319214, 216.131332397, 216.61895752, 217.106567383, 217.582580566, 218.05859375, 218.534591675, 219.010604858, 219.49822998, 219.974243164, 220.450241089, 220.937866211, 221.413879395, 221.889877319, 222.365890503, 222.841903687, 223.32951355, 223.817138672, 224.281539917, 224.76914978, 225.245162964, 225.721176147, 226.197189331, 226.673187256, 227.160812378, 227.6484375, 228.112823486, 228.600448608, 229.076461792, 229.552474976, 230.0284729, 230.504486084, 230.992111206, 231.479721069, 231.955734253, 232.431747437, 232.907745361, 233.383758545, 233.871383667, 234.347381592, 234.823394775, 235.311019897, 235.787017822, 236.263031006, 236.739044189, 237.215057373, 237.702667236, 238.190292358, 238.666305542, 239.142303467, 239.61831665, 240.094329834, 240.570343018, 241.046340942, 241.533966064, 242.021575928, 242.497589111, 242.973602295, 243.449615479, 243.925613403, 244.413238525, 244.889251709, 245.365249634, 245.841262817, 246.317276001, 246.804885864, 247.280899048, 247.756912231, 248.232925415, 248.70892334, 249.196548462, 249.672561646, 250.14855957, 250.636184692, 251.112197876, 251.58821106, 252.064208984, 252.540222168, 253.02784729, 253.503845215, 253.979858398, 254.467483521, 254.943481445, 255.419494629, 255.895507813, 256.371520996, 256.859130859, 257.335144043, 257.811157227, 258.29876709, 258.774780273, 259.250793457, 259.726806641, 260.202819824, 260.690429688, 261.166442871, 261.642456055, 262.130065918, 262.606079102, 263.082092285, 263.558105469, 264.034088135, 264.521728516, 264.997741699, 265.473724365, 265.961364746, 266.43737793, 266.913360596, 267.389373779, 267.865386963, 268.352996826, 268.82901001, 269.305023193, 269.792633057, 270.257049561, 270.744659424, 271.220672607, 271.708282471, 272.184295654, 272.671936035, 273.136322021, 273.623931885, 274.099945068, 274.575958252, 275.051971436, 275.527984619], "beats_loudness": {"dvar2": 0.00410082796589, "var": 0.002357857069, "min": 0.00178833061364, "dmean": 0.0276451930404, "mean": 0.169014185667, "max": 0.359741657972, "dmean2": 0.0484273098409, "median": 0.177290409803, "dvar": 0.00160327751655}, "bpm_histogram_second_peak_weight": {"dvar2": 0, "var": 0, "min": 0, "dmean": 0, "mean": 0, "max": 0, "dmean2": 0, "median": 0, "dvar": 0}, "bpm_histogram_second_peak_spread": {"dvar2": 0, "var": 0, "min": 0, "dmean": 0, "mean": 0, "max": 0, "dmean2": 0, "median": 0, "dvar": 0}, "bpm_histogram_second_peak_bpm": {"dvar2": 0, "var": 0, "min": 0, "dmean": 0, "mean": 0, "max": 0, "dmean2": 0, "median": 0, "dvar": 0}, "onset_rate": 6.27191209793}, "lowlevel": {"spectral_energyband_high": {"dvar2": 1.11050849227e-05, "var": 7.65728236729e-06, "min": 4.37084466398e-08, "dmean": 0.00156890251674, "mean": 0.00166713248473, "max": 0.0177565440536, "dmean2": 0.00227912375703, "median": 0.000371800735593, "dvar": 5.46067713003e-06}, "spectral_energyband_middle_low": {"dvar2": 0.00146493793, "var": 0.000307556707412, "min": 1.42131000302e-06, "dmean": 0.0090621272102, "mean": 0.00757481111214, "max": 0.188164383173, "dmean2": 0.0164456795901, "median": 0.00276762945578, "dvar": 0.00051733921282}, "spectral_energy": {"dvar2": 0.00249903905205, "var": 0.00358768855222, "min": 2.41853558691e-06, "dmean": 0.0251757800579, "mean": 0.0681049376726, "max": 0.356968641281, "dmean2": 0.0358233191073, "median": 0.0507826991379, "dvar": 0.00133541191462}, "spectral_spread": {"dvar2": 3094679388160.0, "var": 3965350051840.0, "min": 593544.125, "dmean": 1144417.75, "mean": 5606608, "max": 24803754, "dmean2": 1765262.75, "median": 5741212, "dvar": 1715664191490.0}, "spectral_energyband_low": {"dvar2": 0.00202276231721, "var": 0.00326306326315, "min": 9.46710940752e-07, "dmean": 0.0226623397321, "mean": 0.0586620904505, "max": 0.355647146702, "dmean2": 0.0314658246934, "median": 0.0427538976073, "dvar": 0.00115031050518}, "spectral_rolloff": {"dvar2": 5042719, "var": 5541487, "min": 64.599609375, "dmean": 831.378662109, "mean": 1346.59289551, "max": 10314.4042969, "dmean2": 1354.32836914, "median": 129.19921875, "dvar": 2580942}, "barkbands": {"dvar2": [6.47120623398e-06, 0.00136456009932, 0.00157786521595, 0.000565587892197, 0.000185636192327, 9.44403836911e-06, 2.22489484258e-06, 1.15130467293e-06, 5.44757881471e-07, 2.56193146697e-07, 1.86129398116e-07, 2.19139963065e-07, 1.685518356e-07, 2.16425902977e-07, 2.73803152595e-07, 2.54223920138e-07, 1.62920386515e-07, 1.64667895319e-07, 2.28077510656e-07, 4.04451952818e-07, 4.2767661057e-07, 3.73935819198e-07, 7.35830951726e-07, 7.60620537221e-07, 3.45907977817e-07, 1.16372333991e-08, 1.69602221156e-10], "var": [1.38872637763e-05, 0.00269998470321, 0.000439483643277, 0.000110367123852, 3.89663691749e-05, 3.8895796024e-06, 1.11708516215e-06, 6.46226794743e-07, 7.00190184943e-07, 1.241819092e-07, 1.53427876626e-07, 1.04586284522e-07, 1.50378582475e-07, 1.35135735491e-07, 1.43160548305e-07, 1.19169222046e-07, 9.74405125476e-08, 1.19979958413e-07, 1.3971846613e-07, 2.17847002659e-07, 1.90616489704e-07, 2.63322078808e-07, 4.12020909835e-07, 4.12348015288e-07, 2.06966447536e-07, 8.23748358414e-09, 1.0125639216e-10], "min": [6.6276555799e-08, 2.95972995445e-07, 6.33466541444e-08, 1.19258004361e-07, 7.77095067406e-07, 9.73260583237e-08, 4.65138576544e-08, 1.79270056577e-08, 2.13511892611e-08, 8.48206305193e-09, 1.67490732395e-08, 4.14358893863e-08, 1.99842062898e-08, 1.34055433421e-08, 5.86410253689e-09, 1.54678847508e-08, 1.71923755232e-08, 1.46008654056e-08, 9.90096538089e-09, 6.23633145125e-09, 5.19300380475e-09, 3.82715370506e-09, 3.34765903887e-09, 4.1425498587e-09, 2.34767183471e-09, 2.21377116638e-09, 9.93016890938e-10], "dmean": [0.00123935332522, 0.0210100207478, 0.0106032500044, 0.00454883603379, 0.00323271937668, 0.00101570109837, 0.000430121464888, 0.000274048303254, 0.000197775734705, 0.000184220814845, 0.00012954340491, 0.000136690126965, 0.000132434244733, 0.000158850467415, 0.000164733603015, 0.000156714741024, 0.000147344442667, 0.000140388074215, 0.000170332685229, 0.000269956915872, 0.000228807344683, 0.00026539870305, 0.000357580371201, 0.000364623294445, 0.000242697395151, 4.4865279051e-05, 4.61370382254e-06], "mean": [0.00187839660794, 0.0426852852106, 0.0124970497563, 0.00266411504708, 0.00255907978863, 0.0012801947305, 0.000453123269835, 0.000301475374727, 0.000229291341384, 0.000190930441022, 0.000153102853801, 0.000138958232128, 0.000164303171914, 0.000186563294847, 0.00016766837507, 0.00016725093883, 0.000169254723005, 0.000172588130226, 0.000206122160307, 0.000291117263259, 0.000257124687778, 0.000296125275781, 0.000350987887941, 0.000353999756044, 0.000240248569753, 4.61875642941e-05, 4.46521926278e-06], "max": [0.02792384848, 0.345483630896, 0.212901771069, 0.112422175705, 0.0887763798237, 0.0294304657727, 0.0163204707205, 0.0290490426123, 0.0333066508174, 0.00565683981404, 0.0122710252181, 0.00931313447654, 0.00832911767066, 0.0100203733891, 0.00530843390152, 0.00500056613237, 0.00390851916745, 0.00676785456017, 0.00749126868322, 0.00480743683875, 0.00529813719913, 0.00437200348824, 0.00444240728393, 0.00538547988981, 0.00339952646755, 0.000720877957065, 0.00014867275604], "dmean2": [0.00138902384788, 0.0258597172797, 0.0184981673956, 0.00869449507445, 0.0058992584236, 0.00169004814234, 0.000701114651747, 0.000442804419436, 0.000329070928274, 0.000294816418318, 0.000207115910598, 0.000215687556192, 0.000208762940019, 0.000248711818131, 0.000256968749454, 0.000246397219598, 0.000227449141676, 0.000211829465115, 0.000258192827459, 0.00041498686187, 0.000357765238732, 0.000373274873709, 0.000530034478288, 0.000558870786335, 0.00034893033444, 6.39832942397e-05, 6.91930881658e-06], "median": [0.000138156494359, 0.0256337486207, 0.0029151244089, 0.000182282805326, 0.000790244201198, 0.000522006303072, 0.000149422558025, 0.000115411086881, 8.7033091404e-05, 6.9261113822e-05, 4.81183851662e-05, 3.65379091818e-05, 4.67507816211e-05, 5.58331266802e-05, 3.66643507732e-05, 4.63768228656e-05, 5.04472445755e-05, 5.13528029842e-05, 7.22499462427e-05, 9.66022198554e-05, 6.735430361e-05, 5.90600575379e-05, 5.9466350649e-05, 5.13313279953e-05, 3.14415447065e-05, 6.94215532349e-06, 5.88858142692e-07], "dvar": [5.13498525834e-06, 0.000943672843277, 0.000574231904466, 0.000197378089069, 6.54655668768e-05, 3.58138299816e-06, 9.68076392382e-07, 4.98277927363e-07, 2.69964516519e-07, 1.07082506418e-07, 8.6855507675e-08, 9.52726111336e-08, 8.067621593e-08, 9.57076622399e-08, 1.24294587067e-07, 1.08217768968e-07, 7.47218180663e-08, 7.97565391508e-08, 9.88555797221e-08, 1.7947340325e-07, 1.50551485945e-07, 1.8337313179e-07, 3.37068456702e-07, 3.51112618091e-07, 1.63496338246e-07, 6.07266370523e-09, 8.14384809589e-11]}, "melbands_skewness": {"dvar2": 18.4271278381, "var": 26.8802108765, "min": -0.693976163864, "dmean": 2.74281072617, "mean": 7.44358968735, "max": 33.4606285095, "dmean2": 3.80257129669, "median": 6.40050077438, "dvar": 9.60364341736}, "barkbands_skewness": {"dvar2": 12.9780101776, "var": 17.1340351105, "min": -2.34375762939, "dmean": 2.17792749405, "mean": 4.74194955826, "max": 33.4572296143, "dmean2": 3.04703450203, "median": 4.06907749176, "dvar": 6.35522270203}, "erbbands": {"dvar2": [2.21492385864, 101.809120178, 1475.6895752, 4668.44970703, 3603.73339844, 1590.88146973, 1285.49084473, 618.122192383, 276.987213135, 1454.59387207, 507.036529541, 235.014831543, 330.549255371, 119.875045776, 307.450561523, 326.475067139, 285.008453369, 532.890014648, 748.223815918, 603.087646484, 629.364685059, 526.79296875, 415.933410645, 636.254760742, 667.194641113, 1058.92285156, 1407.60131836, 326.555603027, 535.842895508, 433.720581055, 811.838439941, 433.517425537, 164.014190674, 51.3119888306, 16.3791370392, 0.731486260891, 0.0227526761591, 0.000773775333073, 2.94161054626e-06, 1.26579022819e-08], "var": [5.96734762192, 89.5338821411, 470.501525879, 964.114440918, 719.166381836, 345.753356934, 301.331420898, 397.770385742, 164.610168457, 625.735717773, 385.108642578, 260.454101563, 149.504882813, 88.1369400024, 212.220932007, 172.753250122, 214.992218018, 360.040161133, 380.731567383, 311.849365234, 321.294219971, 330.073638916, 317.651702881, 490.576141357, 344.87612915, 514.434020996, 470.599517822, 252.329391479, 350.632995605, 264.9815979, 414.934814453, 227.39491272, 95.2120666504, 32.5304908752, 9.12849140167, 0.468911021948, 0.0161823872477, 0.000445424462669, 1.78813979801e-06, 9.86386794466e-09], "min": [7.58106989451e-06, 7.3346971476e-05, 0.000371431087842, 0.00110767863225, 0.0014155319659, 0.00256041716784, 0.00182940927334, 0.000516369473189, 0.000471304549137, 0.000811610370874, 0.000240152148763, 0.000488707737532, 0.000351228460204, 0.000573399825953, 0.00071724189911, 0.00174955686089, 0.00090439937776, 0.000852318305988, 0.000430648738984, 0.000421895791078, 0.00104546127841, 0.000886705471203, 0.000759873888455, 0.000553668302018, 0.00053061573999, 0.000346372602507, 0.00029870896833, 0.000214643412619, 0.000169504346559, 0.000111489505798, 0.000103992286313, 9.7580748843e-05, 6.03209955443e-05, 2.85095829895e-05, 1.81008435902e-05, 9.54357437877e-06, 3.6663705032e-06, 8.51467746088e-07, 3.40893819839e-07, 3.71990154235e-08], "dmean": [0.852929592133, 4.80831718445, 11.8893737793, 14.3242349625, 12.3154678345, 10.0876331329, 8.70769500732, 8.81753063202, 6.03896903992, 7.4273724556, 4.91283321381, 4.4736032486, 6.27976608276, 4.15781641006, 5.34742593765, 5.68202590942, 6.02121114731, 7.82617425919, 8.49976539612, 7.99639797211, 8.47650241852, 8.28870201111, 7.04380273819, 9.00364303589, 10.002904892, 12.9435930252, 9.74979972839, 8.93426513672, 9.87536334991, 8.95032405853, 10.8061552048, 8.41788673401, 5.56305408478, 3.15250468254, 1.4913277626, 0.33644759655, 0.0607378929853, 0.00987237133086, 0.000704592675902, 5.94684715907e-05], "mean": [1.43284595013, 8.6120929718, 16.2858104706, 10.8979539871, 8.17909812927, 8.66942501068, 8.40145874023, 11.7636108398, 7.329205513, 7.49604082108, 6.07289457321, 5.29778242111, 6.43610906601, 4.79349279404, 6.30436325073, 6.06852865219, 7.4128947258, 9.85023403168, 9.2263584137, 8.45081329346, 9.31185722351, 9.74021530151, 8.87569713593, 11.4930610657, 11.3732099533, 13.7743282318, 10.6542520523, 10.1214265823, 11.1214141846, 9.19723892212, 10.6539335251, 8.17182922363, 5.44984579086, 3.17641854286, 1.44462656975, 0.339406311512, 0.0626594126225, 0.00961383525282, 0.000712236971594, 0.000109102533315], "max": [16.762544632, 72.7123947144, 197.616439819, 327.630096436, 343.311187744, 256.749328613, 317.161132813, 243.285675049, 291.979644775, 459.022369385, 965.466552734, 720.324951172, 227.299468994, 278.719818115, 543.921264648, 339.902313232, 439.715087891, 380.463684082, 394.972900391, 252.410964966, 218.666809082, 238.414718628, 394.781982422, 527.936767578, 252.662612915, 225.791275024, 338.991577148, 143.105133057, 145.58430481, 163.90838623, 131.480773926, 150.538757324, 67.0270690918, 46.5458450317, 25.6284542084, 5.61572027206, 1.10335719585, 0.314236789942, 0.018127778545, 0.000829865341075], "dmean2": [0.892298519611, 6.39041185379, 19.7237110138, 26.5752868652, 23.0244369507, 18.1058444977, 15.6369495392, 14.2810821533, 9.82513237, 12.0600805283, 7.86065626144, 7.38614273071, 10.216594696, 6.58377408981, 8.41331481934, 8.84263801575, 9.42171001434, 12.1389093399, 13.1804714203, 12.2256984711, 13.114151001, 12.5993232727, 10.619887352, 13.4420280457, 15.3967247009, 20.0388240814, 15.7147216797, 13.208896637, 14.2936038971, 13.2106714249, 16.1226711273, 12.7221679688, 8.59370803833, 4.54417848587, 2.17950987816, 0.482589691877, 0.0866689234972, 0.0146833192557, 0.00104416708928, 8.37122133817e-05], "median": [0.314169645309, 6.26483106613, 8.17107772827, 1.33853256702, 1.21704208851, 2.40848255157, 3.33765625954, 4.08789682388, 2.91928672791, 2.54983448982, 2.33227276802, 2.12967348099, 2.33834767342, 1.80522751808, 2.02754044533, 1.73188221455, 2.2990064621, 3.04046463966, 2.42071294785, 2.20296502113, 2.8248333931, 2.88904619217, 2.91474699974, 3.62612962723, 4.18075275421, 4.43763637543, 2.58291101456, 2.81828570366, 2.28294348717, 1.7892459631, 1.75429785252, 1.15760302544, 0.818781018257, 0.453520476818, 0.149689972401, 0.0452292971313, 0.00880410149693, 0.00133813242428, 0.000128461586428, 6.97397190379e-05], "dvar": [1.9102127552, 50.260307312, 551.565551758, 1651.30603027, 1260.72375488, 562.993286133, 453.165374756, 257.198242188, 111.792854309, 642.76739502, 220.758789063, 105.763900757, 135.213638306, 55.0764389038, 141.794006348, 144.146240234, 133.965774536, 234.330596924, 323.786804199, 268.935241699, 275.994750977, 245.143188477, 205.687042236, 287.178375244, 286.808349609, 451.587158203, 428.028259277, 167.409545898, 251.295974731, 200.390579224, 363.202423096, 195.786468506, 78.531867981, 24.7658481598, 7.64965295792, 0.362853646278, 0.012001930736, 0.00036743999226, 1.42871999742e-06, 5.91350346468e-09]}, "silence_rate_30dB": {"dvar2": 0.15604659915, "var": 0.16551014781, "min": 0, "dmean": 0.095238097012, "mean": 0.790695726871, "max": 1, "dmean2": 0.190492212772, "median": 1, "dvar": 0.0861769393086}, "melbands_spread": {"dvar2": 675.609375, "var": 984.006958008, "min": 0.108332030475, "dmean": 11.4216814041, "mean": 18.3063335419, "max": 206.865768433, "dmean2": 16.1609096527, "median": 4.7367515564, "dvar": 395.189849854}, "melbands_crest": {"dvar2": 35.4719352722, "var": 62.1286506653, "min": 2.625903368, "dmean": 4.36031007767, "mean": 22.8615627289, "max": 36.2718544006, "dmean2": 6.40217733383, "median": 22.1441268921, "dvar": 20.155330658}, "zerocrossingrate": {"dvar2": 0.000412462890381, "var": 0.00340354186483, "min": 0.0009765625, "dmean": 0.021804638207, "mean": 0.0521114841104, "max": 0.30615234375, "dmean2": 0.0211110468954, "median": 0.02734375, "dvar": 0.000549786607735}, "barkbands_kurtosis": {"dvar2": 16064.6650391, "var": 11367.3144531, "min": -1.89852881432, "dmean": 42.2590370178, "mean": 54.5069923401, "max": 1979.73840332, "dmean2": 64.0438919067, "median": 19.5487957001, "dvar": 7296.31640625}, "spectral_flux": {"dvar2": 0.00770228449255, "var": 0.0113831451163, "min": 0.00724600628018, "dmean": 0.0715593099594, "mean": 0.128417328, "max": 0.621938109398, "dmean2": 0.100352622569, "median": 0.0969185531139, "dvar": 0.0051778415218}, "barkbands_crest": {"dvar2": 20.2427978516, "var": 41.9147453308, "min": 1.93544769287, "dmean": 3.56166815758, "mean": 16.6384716034, "max": 26.5761451721, "dmean2": 5.11463832855, "median": 17.616437912, "dvar": 11.4880094528}, "barkbands_flatness_db": {"dvar2": 0.0061708400026, "var": 0.0138040492311, "min": 0.0204874537885, "dmean": 0.0626130700111, "mean": 0.218127936125, "max": 0.6679469347, "dmean2": 0.0812598019838, "median": 0.20937512815, "dvar": 0.00355038326234}, "spectral_entropy": {"dvar2": 0.406315535307, "var": 0.633301496506, "min": 4.31698083878, "dmean": 0.414089113474, "mean": 7.61339664459, "max": 8.74884986877, "dmean2": 0.583806991577, "median": 7.85456371307, "dvar": 0.236386403441}, "pitch_salience": {"dvar2": 0.0332654230297, "var": 0.0410353727639, "min": 0.0287572462112, "dmean": 0.123697862029, "mean": 0.340912789106, "max": 0.891693115234, "dmean2": 0.185661971569, "median": 0.28827893734, "dvar": 0.0160135794431}, "erbbands_spread": {"dvar2": 1037.1574707, "var": 919.426208496, "min": 2.55437374115, "dmean": 20.0930652618, "mean": 61.8860626221, "max": 196.641952515, "dmean2": 31.9121894836, "median": 58.4312362671, "dvar": 454.277679443}, "dynamic_complexity": 2.12249445915, "spectral_contrast_valleys": {"dvar2": [0.770399749279, 0.935980618, 0.761062860489, 0.543445825577, 0.599113941193, 1.40024209023], "var": [0.771707594395, 0.595334529877, 0.647206187248, 0.72181981802, 0.98173648119, 2.38436365128], "min": [-10.5407066345, -10.9594659805, -11.3902654648, -12.5524072647, -11.8307781219, -14.2695198059], "dmean": [0.671369850636, 0.694063425064, 0.637731611729, 0.560673594475, 0.578522562981, 0.898331284523], "mean": [-7.13528585434, -7.23059511185, -7.85363388062, -8.01843929291, -7.68674993515, -9.94274711609], "max": [-4.84392690659, -4.97598600388, -5.54365777969, -5.53353595734, -5.29795646667, -7.44030666351], "dmean2": [1.00921654701, 1.0882897377, 0.982199847698, 0.809189736843, 0.789395272732, 1.17544960976], "median": [-7.02566337585, -7.21729183197, -7.84605360031, -7.9939827919, -7.57523298264, -9.68231105804], "dvar": [0.350503653288, 0.364655584097, 0.315209329128, 0.268151372671, 0.309462994337, 0.778808653355]}, "hfc": {"dvar2": 1006.99822998, "var": 728.355285645, "min": 0.00116291700397, "dmean": 16.6455841064, "mean": 22.2771148682, "max": 186.262496948, "dmean2": 23.6445465088, "median": 10.9046792984, "dvar": 492.971740723}, "spectral_kurtosis": {"dvar2": 113.08543396, "var": 102.309684753, "min": -0.638755619526, "dmean": 3.18460988998, "mean": 4.6921172142, "max": 174.908676147, "dmean2": 4.97083330154, "median": 2.01776051521, "dvar": 56.2483482361}, "mfcc": {"mean": [-670.676574707, 107.546669006, 30.7854690552, 40.8554420471, 16.9257678986, 16.7786502838, 8.7160654068, 7.96578121185, 3.67957139015, 8.24262046814, 4.96411800385, 4.74960184097, 4.13796854019], "cov": [[6834.1640625, -3005.90014648, 14.2813472748, -482.450622559, -112.726348877, 39.5510139465, -32.1598396301, -91.5267028809, -111.893554688, 13.8544387817, -125.979911804, -25.0230426788, -45.130821228], [-3005.90014648, 3290.29760742, -210.892654419, 390.48236084, 126.005058289, -30.4306907654, 61.3310508728, 107.680877686, 86.4389953613, -25.6251659393, 49.0567016602, -36.2138328552, -17.9332523346], [14.2813472748, -210.892654419, 822.455993652, -19.253030777, 45.4243812561, 65.8061828613, -4.32008647919, -20.4064426422, 2.5183031559, -4.58519697189, -42.8380355835, 31.0368919373, 20.3246231079], [-482.450622559, 390.48236084, -19.253030777, 370.019470215, 127.227546692, 40.8746490479, 29.9007358551, 38.6995048523, 35.5111961365, 15.6919260025, 28.7951107025, 19.9091033936, 22.8801250458], [-112.726348877, 126.005058289, 45.4243812561, 127.227546692, 242.566711426, 83.4543075562, 50.8382492065, 73.7384338379, 44.9227409363, 36.3318557739, 26.3395347595, 26.3433074951, 29.4456291199], [39.5510139465, -30.4306907654, 65.8061828613, 40.8746490479, 83.4543075562, 187.593887329, 97.3174667358, 53.5029182434, 38.1754417419, 24.2105789185, 39.577003479, 42.4970436096, 33.6232223511], [-32.1598396301, 61.3310508728, -4.32008647919, 29.9007358551, 50.8382492065, 97.3174667358, 145.105438232, 69.5795822144, 35.6584434509, 24.6203460693, 35.3475990295, 30.2944564819, 25.105222702], [-91.5267028809, 107.680877686, -20.4064426422, 38.6995048523, 73.7384338379, 53.5029182434, 69.5795822144, 133.03956604, 63.1911964417, 24.2915821075, 35.7804374695, 27.6024780273, 25.7092170715], [-111.893554688, 86.4389953613, 2.5183031559, 35.5111961365, 44.9227409363, 38.1754417419, 35.6584434509, 63.1911964417, 102.499702454, 39.9922561646, 23.3306674957, 28.3522949219, 20.5604248047], [13.8544387817, -25.6251659393, -4.58519697189, 15.6919260025, 36.3318557739, 24.2105789185, 24.6203460693, 24.2915821075, 39.9922561646, 76.1658172607, 36.8667411804, 18.9806118011, 12.3089990616], [-125.979911804, 49.0567016602, -42.8380355835, 28.7951107025, 26.3395347595, 39.577003479, 35.3475990295, 35.7804374695, 23.3306674957, 36.8667411804, 90.4056015015, 34.9431304932, 23.9289150238], [-25.0230426788, -36.2138328552, 31.0368919373, 19.9091033936, 26.3433074951, 42.4970436096, 30.2944564819, 27.6024780273, 28.3522949219, 18.9806118011, 34.9431304932, 80.1743087769, 36.9270553589], [-45.130821228, -17.9332523346, 20.3246231079, 22.8801250458, 29.4456291199, 33.6232223511, 25.105222702, 25.7092170715, 20.5604248047, 12.3089990616, 23.9289150238, 36.9270553589, 66.379524231]], "icov": [[0.00026206675102, 0.000228191289352, 7.70702099544e-05, 0.000104253667814, -5.32583326276e-05, -0.000107591418782, -4.60700830445e-05, -8.78949504113e-05, 0.000132866887725, -0.000148593593622, 0.000336058728863, 1.66677364177e-05, 0.000165865494637], [0.000228191289352, 0.000584904337302, 0.000105780061858, -0.000285322108539, -0.000105350191006, 0.000176722212927, -0.000254044920439, -0.000155517467647, -0.000279716943623, 0.000377010263037, -4.25982179877e-05, 0.000325819157297, 0.000343486171914], [7.70702099544e-05, 0.000105780061858, 0.00141666422132, 0.000142732795211, -0.000290001364192, -0.000695424503647, 0.000316377787385, 0.000292982527753, 1.52869488375e-05, -0.000144978723256, 0.00118946796283, -0.000671861751471, -0.000187100682524], [0.000104253667814, -0.000285322108539, 0.000142732795211, 0.00382070941851, -0.00186371617019, -5.39670108992e-05, 5.63639650863e-06, 0.000634402735159, -0.00042218589806, 0.000332965515554, -0.000349793961504, -0.000264246977167, -0.000418498908402], [-5.32583326276e-05, -0.000105350191006, -0.000290001364192, -0.00186371617019, 0.00680491887033, -0.00215823668987, 0.000929912202992, -0.00298347021453, 0.000818661996163, -0.00248141144402, 0.00112723046914, 0.000272899313131, -0.000806678959634], [-0.000107591418782, 0.000176722212927, -0.000695424503647, -5.39670108992e-05, -0.00215823668987, 0.0102017512545, -0.00576155539602, 0.00117535202298, -0.00144875515252, 0.0015693140449, -0.00224563898519, -0.00117358914576, -0.000660016550682], [-4.60700830445e-05, -0.000254044920439, 0.000316377787385, 5.63639650863e-06, 0.000929912202992, -0.00576155539602, 0.0130654498935, -0.00491164252162, 0.001340256189, -0.00183951144572, 7.40266041248e-05, -0.000588453549426, -0.000505363626871], [-8.78949504113e-05, -0.000155517467647, 0.000292982527753, 0.000634402735159, -0.00298347021453, 0.00117535202298, -0.00491164252162, 0.0150262843817, -0.00725844502449, 0.00304376217537, -0.00297880265862, 0.000301377847791, -0.00105422886554], [0.000132866887725, -0.000279716943623, 1.52869488375e-05, -0.00042218589806, 0.000818661996163, -0.00144875515252, 0.001340256189, -0.00725844502449, 0.0178951825947, -0.00821080524474, 0.00329704862088, -0.00298559572548, -0.000717312796041], [-0.000148593593622, 0.000377010263037, -0.000144978723256, 0.000332965515554, -0.00248141144402, 0.0015693140449, -0.00183951144572, 0.00304376217537, -0.00821080524474, 0.0214649643749, -0.00817546062171, 0.000714427093044, 0.000865730515216], [0.000336058728863, -4.25982179877e-05, 0.00118946796283, -0.000349793961504, 0.00112723046914, -0.00224563898519, 7.40266041248e-05, -0.00297880265862, 0.00329704862088, -0.00817546062171, 0.0189728699625, -0.00517304474488, -0.00173040549271], [1.66677364177e-05, 0.000325819157297, -0.000671861751471, -0.000264246977167, 0.000272899313131, -0.00117358914576, -0.000588453549426, 0.000301377847791, -0.00298559572548, 0.000714427093044, -0.00517304474488, 0.0202616415918, -0.00763910869136], [0.000165865494637, 0.000343486171914, -0.000187100682524, -0.000418498908402, -0.000806678959634, -0.000660016550682, -0.000505363626871, -0.00105422886554, -0.000717312796041, 0.000865730515216, -0.00173040549271, -0.00763910869136, 0.0216986760497]]}, "silence_rate_20dB": {"dvar2": 0.00151353958063, "var": 0.00025231030304, "min": 0, "dmean": 0.000504795578308, "mean": 0.999747633934, "max": 1, "dmean2": 0.00100967602339, "median": 1, "dvar": 0.000504551979247}, "melbands_kurtosis": {"dvar2": 52153.4570313, "var": 36876.4492188, "min": -1.8845988512, "dmean": 87.2836914063, "mean": 126.360153198, "max": 1791.76428223, "dmean2": 127.907318115, "median": 63.8667602539, "dvar": 24317.4082031}, "barkbands_spread": {"dvar2": 417.79284668, "var": 603.93347168, "min": 0.0634021982551, "dmean": 12.0924024582, "mean": 21.0623550415, "max": 107.978477478, "dmean2": 17.9769592285, "median": 9.45475006104, "dvar": 242.681411743}, "erbbands_skewness": {"dvar2": 1.0541677475, "var": 1.37088322639, "min": -4.68253231049, "dmean": 0.708943486214, "mean": 0.265516400337, "max": 6.99132966995, "dmean2": 1.03366303444, "median": 0.0829532966018, "dvar": 0.5214381814}, "average_loudness": 0.978377640247, "spectral_centroid": {"dvar2": 621893.0625, "var": 1134845.125, "min": 72.8866577148, "dmean": 559.724609375, "mean": 1405.72717285, "max": 4302.37939453, "dmean2": 811.182739258, "median": 1165.6887207, "dvar": 371756.25}, "dissonance": {"dvar2": 0.00105306121986, "var": 0.000922870647628, "min": 0.239823624492, "dmean": 0.0186165831983, "mean": 0.46815508604, "max": 0.500000059605, "dmean2": 0.0298199951649, "median": 0.476982474327, "dvar": 0.00046321953414}, "erbbands_flatness_db": {"dvar2": 0.00197886000387, "var": 0.00278170686215, "min": 0.0561937354505, "dmean": 0.0285570118576, "mean": 0.134460970759, "max": 0.38306581974, "dmean2": 0.0416491776705, "median": 0.119561329484, "dvar": 0.00107257813215}, "spectral_strongpeak": {"dvar2": 0.269644826651, "var": 0.15095064044, "min": 0, "dmean": 0.252314865589, "mean": 0.665397524834, "max": 7.63610839844, "dmean2": 0.391405642033, "median": 0.67917650938, "dvar": 0.104735180736}, "spectral_rms": {"dvar2": 6.53174265608e-06, "var": 1.28726687763e-05, "min": 4.85751697852e-05, "dmean": 0.00158855074551, "mean": 0.00731921568513, "max": 0.0186617821455, "dmean2": 0.00214704102837, "median": 0.00703875673935, "dvar": 3.92505489799e-06}, "silence_rate_60dB": {"dvar2": 0.170598164201, "var": 0.0577834397554, "min": 0, "dmean": 0.0785798430443, "mean": 0.061579875648, "max": 1, "dmean2": 0.157088771462, "median": 0, "dvar": 0.0723982602358}, "melbands": {"dvar2": [0.000110375869554, 0.000218863060581, 0.000128044106532, 1.2141184925e-05, 1.73656314928e-06, 2.91013890319e-07, 6.2324488681e-08, 1.38504347547e-07, 3.71288706447e-08, 8.09011257985e-09, 8.39921909801e-09, 2.02580863196e-09, 4.07897671195e-09, 2.42495956648e-09, 1.53118284718e-09, 1.71357417145e-09, 1.98069205481e-09, 2.03148675659e-09, 1.38198330557e-09, 1.36142774831e-09, 8.85147122265e-10, 6.63644306176e-10, 3.76008751912e-10, 4.75892547591e-10, 5.17841769465e-10, 2.9129687551e-10, 6.24023444029e-10, 4.04439426394e-10, 7.5764733376e-10, 1.56631235759e-10, 1.31125957314e-10, 1.71124808768e-10, 1.30579713709e-10, 1.48229165053e-10, 3.51520729192e-10, 1.66981886651e-10, 1.87969043108e-10, 9.08129613175e-11, 5.93932542037e-11, 3.32208496823e-11], "var": [0.000295655394439, 9.51131951297e-05, 2.69236916211e-05, 2.52508016274e-06, 3.86634411598e-07, 1.67831302633e-07, 3.46572619492e-08, 6.19304003635e-08, 3.45346755637e-08, 8.0784756662e-09, 3.7743230763e-09, 1.40116573899e-09, 3.03521674461e-09, 1.2101757374e-09, 1.28472577021e-09, 1.54489554482e-09, 1.2887165779e-09, 9.90827309089e-10, 7.54422357918e-10, 6.02838556851e-10, 4.30816299302e-10, 4.01274652395e-10, 2.25649707253e-10, 3.24651777683e-10, 3.79582143495e-10, 1.50938539445e-10, 3.15033693576e-10, 1.84938162007e-10, 2.24155902173e-10, 8.7429230522e-11, 9.36958566289e-11, 1.1056982413e-10, 9.26692125813e-11, 8.07751365794e-11, 1.6197114483e-10, 9.93548646133e-11, 8.37052094305e-11, 4.81784542816e-11, 3.3550131423e-11, 2.17095109251e-11], "min": [7.78690250058e-08, 1.63436595813e-07, 2.22187210852e-07, 1.74440799583e-07, 7.60157448099e-08, 1.24429471171e-08, 7.84156028999e-09, 8.15599232595e-09, 1.53317425422e-09, 3.34402416868e-09, 1.61988222835e-09, 2.13309836461e-09, 2.22757967627e-09, 4.28583080136e-09, 3.17888804169e-09, 2.16876228087e-09, 1.41799705311e-09, 7.57933660278e-10, 4.17431755828e-10, 9.15441056293e-10, 1.23684351649e-09, 1.02823405346e-09, 5.85864190494e-10, 6.27071283787e-10, 4.07033851069e-10, 3.70980163256e-10, 2.14055398406e-10, 2.29602184487e-10, 2.10411479906e-10, 1.16058170019e-10, 9.4447186183e-11, 1.03569569587e-10, 5.17243504972e-11, 5.77070023711e-11, 4.88138245103e-11, 5.46111246502e-11, 4.88401576126e-11, 4.57792241615e-11, 2.77887244465e-11, 2.10756585795e-11], "dmean": [0.00646779499948, 0.00575919216499, 0.00242351228371, 0.000799366098363, 0.000326061912347, 0.000190331295016, 9.02383835637e-05, 7.76629676693e-05, 3.77082942578e-05, 2.80985987047e-05, 3.15475663228e-05, 1.70434796019e-05, 1.84841701412e-05, 1.50014238898