{"tonal": {"thpcp": [1, 0.620340287685, 0.217527642846, 0.191736683249, 0.174053490162, 0.141357660294, 0.141161844134, 0.152096614242, 0.152249738574, 0.162492766976, 0.168413087726, 0.162000998855, 0.157357737422, 0.147835657001, 0.126358449459, 0.107246302068, 0.102450244129, 0.108900554478, 0.135878667235, 0.165718361735, 0.171371594071, 0.171230390668, 0.154558762908, 0.137850508094, 0.205144450068, 0.261889070272, 0.233340650797, 0.188440948725, 0.145438626409, 0.115134432912, 0.101298473775, 0.10501267761, 0.114554561675, 0.126870065928, 0.190459251404, 0.625464856625], "hpcp": {"dmean2": [0.240479499102, 0.233724415302, 0.198016434908, 0.165429830551, 0.159372001886, 0.157597020268, 0.174263104796, 0.199779331684, 0.210353091359, 0.200418114662, 0.212248802185, 0.208368122578, 0.24768564105, 0.27168661356, 0.226356118917, 0.227291285992, 0.2099429667, 0.176059961319, 0.156992554665, 0.155631452799, 0.162295877934, 0.176374822855, 0.217367336154, 0.364019483328, 0.52675819397, 0.379360824823, 0.266853690147, 0.241068333387, 0.213549107313, 0.196019232273, 0.223688542843, 0.248259752989, 0.235992357135, 0.235986873507, 0.235967233777, 0.236698836088], "median": [0.0244258083403, 0.0201345160604, 0.016573600471, 0.013958142139, 0.0146474409848, 0.0200617834926, 0.0343220345676, 0.0372050851583, 0.0316575318575, 0.0272169858217, 0.0254121944308, 0.025847800076, 0.0317016467452, 0.0415466949344, 0.0360393822193, 0.0259280893952, 0.0244578272104, 0.0211669299752, 0.0158170294017, 0.0175184942782, 0.0234136320651, 0.0280029047281, 0.0375554822385, 0.467083692551, 0.916643023491, 0.4743527174, 0.0497469007969, 0.0368015877903, 0.0283760614693, 0.0226294435561, 0.0178763456643, 0.0196306891739, 0.0243657939136, 0.0284261740744, 0.0291531290859, 0.0279398225248], "min": [0, 0, 0, 0, 0, 0, 0, 0, 0, 0, 0, 0, 0, 0, 0, 0, 0, 0, 0, 0, 0, 0, 0, 0, 0, 0, 0, 0, 0, 0, 0, 0, 0, 0, 0, 0], "dvar2": [0.146503001451, 0.149805635214, 0.118544317782, 0.0999873355031, 0.0937025621533, 0.082044839859, 0.0856139585376, 0.0926422104239, 0.104588523507, 0.0997874885798, 0.106987178326, 0.0972088798881, 0.109670475125, 0.121267475188, 0.103861905634, 0.114794157445, 0.113318353891, 0.0921883583069, 0.0876236185431, 0.0883481651545, 0.0815808326006, 0.0860275253654, 0.100623957813, 0.119272463024, 0.271713107824, 0.115830801427, 0.123574256897, 0.111053787172, 0.0966308116913, 0.0941963866353, 0.130561739206, 0.159101605415, 0.142014816403, 0.140719622374, 0.130510315299, 0.138493925333], "dvar": [0.0522772409022, 0.0534101203084, 0.0427117422223, 0.0357842892408, 0.0330716595054, 0.0297110769898, 0.0313742309809, 0.0335788391531, 0.037080347538, 0.0378917790949, 0.0380811132491, 0.0341581143439, 0.0424578785896, 0.0499699115753, 0.0408997423947, 0.0425021275878, 0.0400648824871, 0.0328453704715, 0.0306488983333, 0.0307655539364, 0.0285670496523, 0.0304671302438, 0.036519408226, 0.0468600094318, 0.117028407753, 0.0460272319615, 0.0456712506711, 0.041458144784, 0.036451857537, 0.034539245069, 0.0473372004926, 0.0570614226162, 0.0509475916624, 0.0502932406962, 0.0466594174504, 0.0488136447966], "dmean": [0.131188571453, 0.126699060202, 0.108044490218, 0.0908810943365, 0.0872705429792, 0.0871485695243, 0.0970790460706, 0.113240778446, 0.118091903627, 0.112916320562, 0.117869175971, 0.113897196949, 0.142153561115, 0.157783061266, 0.131594702601, 0.128088250756, 0.11532124877, 0.0959580019116, 0.0858872532845, 0.0850582420826, 0.0893848836422, 0.0970005989075, 0.122378088534, 0.208582296968, 0.286382287741, 0.215170875192, 0.15084464848, 0.136712133884, 0.121009208262, 0.109539099038, 0.121939569712, 0.134047091007, 0.128648996353, 0.129791334271, 0.130237311125, 0.130003556609], "max": [1, 1, 1, 1, 1, 1, 1, 1, 1, 1, 1, 1, 1, 1, 1, 1, 1, 1, 1, 1, 1, 1, 1, 1, 1, 1, 1, 1, 1, 1, 1, 1, 1, 1, 1, 1], "var": [0.0407255627215, 0.0394301563501, 0.0321489609778, 0.0260378569365, 0.0233319532126, 0.0224912576377, 0.0249434672296, 0.0306993797421, 0.0368494652212, 0.0455233454704, 0.035469610244, 0.0258998014033, 0.0490988716483, 0.0708708018064, 0.055216409266, 0.0462707653642, 0.0318394079804, 0.0237402394414, 0.021743927151, 0.0217804983258, 0.0209690108895, 0.0229679662734, 0.0400200411677, 0.0724140554667, 0.160148143768, 0.0723982229829, 0.0457067973912, 0.0397778786719, 0.0376413762569, 0.0291081927717, 0.0366387031972, 0.0419116131961, 0.0380937121809, 0.0387017205358, 0.0379856750369, 0.0379996858537], "mean": [0.102449625731, 0.0962501615286, 0.0822671726346, 0.0698239803314, 0.0667014494538, 0.0709009990096, 0.0884654223919, 0.107892908156, 0.111573517323, 0.111481584609, 0.100627325475, 0.0897492095828, 0.133561730385, 0.170505985618, 0.151919201016, 0.122686721385, 0.0946895480156, 0.0749596431851, 0.0659515783191, 0.0683697536588, 0.0745821073651, 0.0826002657413, 0.124000765383, 0.407216340303, 0.651061892509, 0.403879910707, 0.141623958945, 0.124832451344, 0.113319598138, 0.0920325890183, 0.0919050946832, 0.099024310708, 0.099124006927, 0.105792850256, 0.109647341073, 0.105472676456]}, "tuning_equal_tempered_deviation": 0.210833474994, "chords_changes_rate": 0.13169811666, "key_key": "A#", "tuning_diatonic_strength": 0.438047736883, "key_scale": "minor", "chords_number_rate": 0.00188679248095, "tuning_frequency": 434.193115234, "tuning_nontempered_energy_ratio": 0.758265972137, "chords_histogram": [19.5849056244, 22.6037731171, 20.8867931366, 0, 0, 0, 0, 10.2641506195, 9.45283031464, 7.94339609146, 0.264150947332, 0.584905683994, 2.88679242134, 0, 0.0377358496189, 0, 0.0188679248095, 2.11320757866, 1.81132078171, 1.54716980457, 0, 0, 0, 0], "key_strength": 0.557532608509, "chords_key": "C#", "chords_strength": {"dmean2": 0.0119134951383, "median": 0.443055987358, "min": 0.263276338577, "dvar2": 0.000107155683509, "dvar": 6.79785662214e-05, "dmean": 0.00967073440552, "max": 0.698109030724, "var": 0.00382484751754, "mean": 0.436940550804}, "chords_scale": "major", "hpcp_entropy": {"dmean2": 1.24023544788, "median": 2.42669916153, "min": 0, "dvar2": 0.922844946384, "dvar": 0.334899306297, "dmean": 0.730752110481, "max": 4.36541461945, "var": 0.58957195282, "mean": 2.45103764534}}, "metadata": {"audio_properties": {"equal_loudness": 0, "codec": "mp3", "downmix": "mix", "sample_rate": 44100, "analysis_sample_rate": 44100, "bit_rate": 192000, "md5_encoded": "a1affe62f08d2979d2dc3012b4016973", "length": 246.073471069, "replay_gain": -9.8199634552, "lossless": false}, "version": {"essentia_build_sha": "ca57ba49d9b1854bd80e60cf9ccf267278fb7d6b", "essentia": "2.1-beta1", "extractor": "music 1.0", "essentia_git_sha": "v2.1_beta1-28-g21ef5f4-dirty"}, "tags": {"title": ["Love Is Gone"], "media": ["CD"], "albumartist": ["DJ Premier"], "replaygain_track_peak": ["0.999969"], "musicbrainz_recordingid": ["1640e36a-33ae-48f0-a344-9990ecee5c0b"], "musicbrainz_albumartistid": ["084e06f5-3c82-4b71-bd94-dd69e7bd515e"], "discnumber": ["1/2"], "album": ["Signature Sounds, Volume 1"], "musicbrainz album type": ["compilation"], "musicbrainz album status": ["official"], "file_name": "1-20-Jaz-O & The Immobilarie-Love Is Gone.mp3", "replaygain_album_gain": ["-9.10 dB"], "date": ["2004"], "genre": ["Rap & Hip-Hop"], "replaygain_track_gain": ["-9.20 dB"], "script": ["Latn"], "originaldate": ["2004"], "musicbrainz_albumid": ["08474e10-7f0d-438e-b550-6ea13fe279f4"], "artist": ["Jaz-O & The Immobilarie"], "artistsort": ["Jaz-O & The Immobilarie"], "tracknumber": ["20/23"], "musicbrainz album release country": ["US"], "albumartistsort": ["Premier, DJ"], "musicbrainz_artistid": ["3aa608be-df09-4f6e-8b01-568408410180"]}}, "rhythm": {"bpm_histogram_first_peak_bpm": {"dmean2": 0, "median": 94, "min": 94, "dvar2": 0, "dvar": 0, "dmean": 0, "max": 94, "var": 0, "mean": 94}, "bpm": 94.1345062256, "bpm_histogram_second_peak_spread": {"dmean2": 0, "median": 0, "min": 0, "dvar2": 0, "dvar": 0, "dmean": 0, "max": 0, "var": 0, "mean": 0}, "bpm_histogram_first_peak_weight": {"dmean2": 0, "median": 0.700520813465, "min": 0.700520813465, "dvar2": 0, "dvar": 0, "dmean": 0, "max": 0.700520813465, "var": 0, "mean": 0.700520813465}, "onset_rate": 4.16522598267, "beats_position": [0.650158703327, 1.31192743778, 1.95047616959, 2.60063481331, 3.23918366432, 3.87773227692, 4.51628112793, 5.16644001007, 5.8282084465, 6.45514726639, 7.0936961174, 7.73224496841, 8.35918331146, 8.98612213135, 9.62467098236, 10.2632198334, 10.9017686844, 11.5403175354, 12.1788663864, 12.8174142838, 13.4559631348, 14.0945119858, 14.7330608368, 15.3832197189, 16.0217685699, 16.6603164673, 17.298866272, 17.9374141693, 18.575963974, 19.2145118713, 19.853061676, 20.4799995422, 21.1069393158, 21.733877182, 22.3724250793, 23.010974884, 23.6495227814, 24.2880725861, 24.9266204834, 25.5651702881, 26.2037181854, 26.8538761139, 27.4924259186, 28.1309738159, 28.7695236206, 29.4080715179, 30.0466213226, 30.68516922, 31.3237190247, 31.9506568909, 32.5892066956, 33.2277526855, 33.8546943665, 34.4816322327, 35.1201820374, 35.7587280273, 36.4088897705, 37.0474357605, 37.6743774414, 38.3129234314, 38.9514732361, 39.6016311646, 40.2401809692, 40.8903388977, 41.5288887024, 42.1674385071, 42.8059844971, 43.4445343018, 44.0830841064, 44.7100219727, 45.3485717773, 45.9755096436, 46.6024475098, 47.229385376, 47.8679351807, 48.5064849854, 49.14503479, 49.78358078, 50.4221305847, 51.0606803894, 51.6992263794, 52.3377761841, 52.9763259888, 53.6148757935, 54.2418136597, 54.8803634644, 55.5189094543, 56.157459259, 56.8076171875, 57.4461669922, 58.0847167969, 58.7232627869, 59.37342453, 60.01197052, 60.6505203247, 61.2774581909, 61.9043960571, 62.531337738, 63.169883728, 63.8084335327, 64.4353713989, 65.0855331421, 65.7356872559, 66.3742370605, 67.0127868652, 67.6513366699, 68.2898864746, 68.9400405884, 69.566986084, 70.2055282593, 70.844078064, 71.4826278687, 72.1211776733, 72.759727478, 73.3866653442, 74.0252151489, 74.6521530151, 75.3023147583, 75.9408569336, 76.5794067383, 77.2063446045, 77.8332901001, 78.4718322754, 79.1103820801, 79.7373199463, 80.3874816895, 81.0376434326, 81.6877975464, 82.291519165, 82.9184570312, 83.5570068359, 84.1955566406, 84.8341064453, 85.4726486206, 86.1228103638, 86.7613601685, 87.3999099731, 88.0268478394, 88.665397644, 89.3039474487, 89.942489624, 90.5926513672, 91.2428131104, 91.8813552856, 92.5199050903, 93.158454895, 93.7853927612, 94.4123306274, 95.0508804321, 95.6894302368, 96.33959198, 96.9665298462, 97.61668396, 98.2436294556, 98.8821716309, 99.5207214355, 100.147659302, 100.786209106, 101.424758911, 102.063308716, 102.701858521, 103.340408325, 103.97895813, 104.617500305, 105.244445801, 105.882987976, 106.533149719, 107.171699524, 107.810249329, 108.448799133, 109.075737, 109.714286804, 110.352828979, 110.991378784, 111.641540527, 112.280090332, 112.918640137, 113.557182312, 114.195732117, 114.84589386, 115.484443665, 116.122993469, 116.749931335, 117.38848114, 118.027030945, 118.66557312, 119.304122925, 119.931060791, 120.557998657, 121.196548462, 121.835098267, 122.473648071, 123.112197876, 123.750747681, 124.389297485, 125.02784729, 125.666389465, 126.30493927, 126.943489075, 127.582038879, 128.220581055, 128.859130859, 129.497680664, 130.136230469, 130.774780273, 131.40171814, 132.040267944, 132.678817749, 133.305755615, 133.94430542, 134.582855225, 135.221405029, 135.859954834, 136.498504639, 137.137054443, 137.76399231, 138.414154053, 139.052688599, 139.679641724, 140.31817627, 140.945129395, 141.58366394, 142.222213745, 142.86076355, 143.499313354, 144.137863159, 144.776412964, 145.414962769, 146.041900635, 146.680450439, 147.330612183, 147.969161987, 148.607711792, 149.234649658, 149.873199463, 150.511749268, 151.150299072, 151.788833618, 152.438995361, 153.077545166, 153.716094971, 154.354644775, 154.99319458, 155.631744385, 156.270294189, 156.908843994, 157.547393799, 158.185943604, 158.824493408, 159.451431274, 160.078369141, 160.705307007, 161.35546875, 161.994003296, 162.632553101, 163.271102905, 163.90965271, 164.548202515, 165.186752319, 165.825302124, 166.463851929, 167.102401733, 167.740951538, 168.379501343, 169.018051147, 169.656600952, 170.295150757, 170.933700562, 171.572235107, 172.210784912, 172.849334717, 173.476272583, 174.103210449, 174.730148315, 175.380310059, 176.018859863, 176.657409668, 177.284347534, 177.922897339, 178.561447144, 179.199996948, 179.838546753, 180.477096558, 181.115646362, 181.742584229, 182.381134033, 183.019683838, 183.658233643, 184.308380127, 184.946929932, 185.585479736, 186.224029541, 186.862579346, 187.50112915, 188.139678955, 188.766616821, 189.405166626, 190.043716431, 190.682266235, 191.332427979, 191.970977783, 192.609527588, 193.248062134, 193.886611938, 194.513549805, 195.152099609, 195.790649414, 196.429199219, 197.067749023, 197.706298828, 198.344848633, 198.983398438, 199.621948242, 200.260498047, 200.899047852, 201.537597656, 202.176147461, 202.803085327, 203.441635132, 204.080184937, 204.707122803, 205.345672607, 205.984207153, 206.622756958, 207.249694824, 207.888244629, 208.526794434, 209.165344238, 209.803894043, 210.442443848, 211.080993652, 211.719543457, 212.358093262, 213.008255005, 213.64680481, 214.285354614, 214.92388916, 215.574050903, 216.20098877, 216.839538574, 217.478088379, 218.116638184, 218.74357605, 219.370513916, 220.009063721, 220.647613525, 221.28616333, 221.913101196, 222.540039062, 223.178588867, 223.805526733, 224.4324646, 225.071014404, 225.721176147, 226.371337891, 227.021499634, 227.6484375, 228.286987305, 228.925521851, 229.564071655, 230.20262146, 230.841171265, 231.479721069, 232.118270874, 232.756820679, 233.395370483, 234.033920288, 234.660858154, 235.299407959, 235.937957764, 236.56489563, 237.191833496, 237.830383301, 238.468933105, 239.119094849, 239.769241333, 240.407791138, 241.046340942, 241.684890747, 242.300216675, 242.915557861, 243.542495728, 244.157821655, 244.773147583, 245.400085449], "beats_loudness": {"dmean2": 0.219479188323, "median": 0.0895756930113, "min": 4.53666143585e-06, "dvar2": 0.0131124649197, "dvar": 0.00435441406444, "dmean": 0.110607556999, "max": 0.361497074366, "var": 0.00590022886172, "mean": 0.115611031651}, "danceability": 1.51081156731, "bpm_histogram_second_peak_weight": {"dmean2": 0, "median": 0.00260416674428, "min": 0.00260416674428, "dvar2": 0, "dvar": 0, "dmean": 0, "max": 0.00260416674428, "var": 0, "mean": 0.00260416674428}, "beats_count": 385, "bpm_histogram_second_peak_bpm": {"dmean2": 0, "median": 99, "min": 99, "dvar2": 0, "dvar": 0, "dmean": 0, "max": 99, "var": 0, "mean": 99}, "bpm_histogram_first_peak_spread": {"dmean2": 0, "median": 0.297650158405, "min": 0.297650158405, "dvar2": 0, "dvar": 0, "dmean": 0, "max": 0.297650158405, "var": 0, "mean": 0.297650158405}, "beats_loudness_band_ratio": {"dmean2": [0.807703793049, 0.123270966113, 0.10023983568, 0.277791410685, 0.273082107306, 0.100624270737], "median": [0.789240419865, 0.0281423237175, 0.0164348520339, 0.0298397839069, 0.0188984777778, 0.01205980964], "min": [0.00531077431515, 0.000513691571541, 0.000398105446948, 0.000309459661366, 0.000184222837561, 0.000667449494358], "dvar2": [0.10598590225, 0.0173075385392, 0.0324302017689, 0.0301162041724, 0.0303375124931, 0.00557253090665], "dvar": [0.0346485748887, 0.00586020341143, 0.0119675844908, 0.00997284799814, 0.00974656455219, 0.00172900676262], "dmean": [0.408689379692, 0.0639762729406, 0.0536953993142, 0.139826610684, 0.137137964368, 0.0512268394232], "max": [0.993688941002, 0.614991545677, 0.844738483429, 0.488823920488, 0.601468741894, 0.245311155915], "var": [0.0652446821332, 0.00432863505557, 0.0115162832662, 0.0100936340168, 0.00991049781442, 0.00161570683122], "mean": [0.72357493639, 0.0501844771206, 0.0456957444549, 0.0798334553838, 0.0786186829209, 0.031933169812]}}, "lowlevel": {"barkbands_spread": {"dmean2": 8.76085662842, "median": 10.7857351303, "min": 0.249878361821, "dvar2": 122.476524353, "dvar": 62.8977508545, "dmean": 5.9773850441, "max": 110.539024353, "var": 188.278579712, "mean": 14.9513530731}, "melbands_spread": {"dmean2": 10.6728210449, "median": 10.1606788635, "min": 0.128154754639, "dvar2": 261.015533447, "dvar": 127.60723877, "dmean": 7.18085575104, "max": 173.296188354, "var": 319.676483154, "mean": 16.0485191345}, "hfc": {"dmean2": 15.8278436661, "median": 19.5759029388, "min": 1.16034474344e-16, "dvar2": 441.349151611, "dvar": 201.052536011, "dmean": 10.9878253937, "max": 282.235107422, "var": 544.50390625, "mean": 25.9563045502}, "barkbands_kurtosis": {"dmean2": 24.4115409851, "median": 5.1798658371, "min": -1.8819360733, "dvar2": 2648.64550781, "dvar": 1025.07836914, "dmean": 15.2488708496, "max": 545.692932129, "var": 1410.02746582, "mean": 18.5456829071}, "gfcc": {"mean": [-33.0877494812, 120.787147522, -97.7555465698, 10.6352090836, -9.41241168976, -2.85083985329, 4.73197698593, -5.5842666626, -6.74037075043, -2.10996603966, -2.55196404457, -1.87113261223, -5.79695510864], "icov": [[0.000332354247803, -0.000591514864936, 0.00156088813674, -0.00174801109824, 0.00114502490032, -0.000686447601765, 0.000560114276595, -0.000498460314702, 0.000456932233647, -0.000698966498021, 0.000177541704034, -0.00030380586395, -0.000171370964381], [-0.000591514864936, 0.00377514655702, -0.00643674051389, 0.0075752120465, -0.00551846483722, 0.00365703296848, -0.001974261133, 0.00190347095486, -0.00049265898997, 0.000767639372498, 0.000281871994957, 0.000591582793277, 0.000435007619672], [0.00156088813674, -0.00643674051389, 0.0174087099731, -0.0189426504076, 0.015879586339, -0.0112404963002, 0.00660375319421, -0.00333196832798, -0.00233686901629, 0.00282689835876, -0.00674908002838, 0.00530342245474, -0.00499073974788], [-0.00174801109824, 0.0075752120465, -0.0189426504076, 0.0272990744561, -0.0238584149629, 0.0166467707604, -0.00767838023603, -0.00106955517549, 0.00912205968052, -0.012100270018, 0.0182912182063, -0.0158991795033, 0.0124159092084], [0.00114502490032, -0.00551846483722, 0.015879586339, -0.0238584149629, 0.0261762980372, -0.0167855229229, 0.00556143652648, 0.00430775759742, -0.0122168045491, 0.0185118690133, -0.0239786691964, 0.0211193766445, -0.0149634648114], [-0.000686447601765, 0.00365703296848, -0.0112404963002, 0.0166467707604, -0.0167855229229, 0.0154949892312, -0.0058038206771, -0.00412754714489, 0.0128190563992, -0.0154883190989, 0.0180776044726, -0.0163458231837, 0.0105378776789], [0.000560114276595, -0.001974261133, 0.00660375319421, -0.00767838023603, 0.00556143652648, -0.0058038206771, 0.00754163553938, -0.00017297823797, -0.00642219558358, 0.00623175594956, -0.00667984224856, 0.00489910040051, -0.00313727650791], [-0.000498460314702, 0.00190347095486, -0.00333196832798, -0.00106955517549, 0.00430775759742, -0.00412754714489, -0.00017297823797, 0.0100915869698, -0.0102322837338, 0.0108029358089, -0.0121881710365, 0.0138434898108, -0.00758155155927], [0.000456932233647, -0.00049265898997, -0.00233686901629, 0.00912205968052, -0.0122168045491, 0.0128190563992, -0.00642219558358, -0.0102322837338, 0.0270914807916, -0.0279362164438, 0.0279355682433, -0.0251636058092, 0.0158640779555], [-0.000698966498021, 0.000767639372498, 0.00282689835876, -0.012100270018, 0.0185118690133, -0.0154883190989, 0.00623175594956, 0.0108029358089, -0.0279362164438, 0.0458409525454, -0.0394030399621, 0.0322451330721, -0.0196016896516], [0.000177541704034, 0.000281871994957, -0.00674908002838, 0.0182912182063, -0.0239786691964, 0.0180776044726, -0.00667984224856, -0.0121881710365, 0.0279355682433, -0.0394030399621, 0.0499728880823, -0.0383857525885, 0.0218950547278], [-0.00030380586395, 0.000591582793277, 0.00530342245474, -0.0158991795033, 0.0211193766445, -0.0163458231837, 0.00489910040051, 0.0138434898108, -0.0251636058092, 0.0322451330721, -0.0383857525885, 0.0449742786586, -0.023208508268], [-0.000171370964381, 0.000435007619672, -0.00499073974788, 0.0124159092084, -0.0149634648114, 0.0105378776789, -0.00313727650791, -0.00758155155927, 0.0158640779555, -0.0196016896516, 0.0218950547278, -0.023208508268, 0.0269176885486]], "cov": [[7244.64599609, -801.030639648, -388.852508545, 787.779541016, 131.324249268, -183.476593018, -129.211257935, -118.729545593, -84.9212341309, 89.3528366089, -34.8379249573, 169.857498169, 9.84077739716], [-801.030639648, 1289.48242188, 176.735168457, -490.82119751, -29.5694026947, 57.4101142883, -86.886680603, -26.6468429565, -63.6950798035, 0.830599844456, 74.1038284302, -103.668922424, 65.1618118286], [-388.852508545, 176.735168457, 737.413574219, 74.1862564087, -274.799316406, 203.456573486, -235.652740479, 272.333679199, -21.6309318542, 83.9257965088, -40.466003418, -30.5194473267, -5.53463745117], [787.779541016, -490.82119751, 74.1862564087, 599.827087402, 208.824874878, -103.770843506, 88.8600769043, 2.64546251297, 36.0626487732, -27.2963180542, -45.3736991882, 45.4937019348, -47.1582527161], [131.324249268, -29.5694026947, -274.799316406, 208.824874878, 472.471740723, 15.1135826111, 177.238174438, -130.322143555, -46.8592987061, -74.5757980347, 55.5488548279, -2.90089488029, 20.3477077484], [-183.476593018, 57.4101142883, 203.456573486, -103.770843506, 15.1135826111, 413.052001953, -33.162311554, 101.00440979, -93.5313949585, 35.567401886, 11.5425014496, -2.66023659706, 24.1138515472], [-129.211257935, -86.886680603, -235.652740479, 88.8600769043, 177.238174438, -33.162311554, 368.570739746, -17.7744598389, 96.9716567993, -39.1669654846, 9.87085056305, 10.1816854477, -19.560541153], [-118.729545593, -26.6468429565, 272.333679199, 2.64546251297, -130.322143555, 101.00440979, -17.7744598389, 351.62512207, 69.5857086182, 55.7367324829, -16.6666641235, -55.8267250061, -1.07414507866], [-84.9212341309, -63.6950798035, -21.6309318542, 36.0626487732, -46.8592987061, -93.5313949585, 96.9716567993, 69.5857086182, 198.606063843, 43.8023834229, -28.8731193542, 10.5246324539, -31.2795257568], [89.3528366089, 0.830599844456, 83.9257965088, -27.2963180542, -74.5757980347, 35.567401886, -39.1669654846, 55.7367324829, 43.8023834229, 107.091079712, 36.8408203125, -2.31999158859, 4.66213178635], [-34.8379249573, 74.1038284302, -40.466003418, -45.3736991882, 55.5488548279, 11.5425014496, 9.87085056305, -16.6666641235, -28.8731193542, 36.8408203125, 114.033462524, 30.9439258575, 12.5922355652], [169.857498169, -103.668922424, -30.5194473267, 45.4937019348, -2.90089488029, -2.66023659706, 10.1816854477, -55.8267250061, 10.5246324539, -2.31999158859, 30.9439258575, 103.908889771, 17.5339164734], [9.84077739716, 65.1618118286, -5.53463745117, -47.1582527161, 20.3477077484, 24.1138515472, -19.560541153, -1.07414507866, -31.2795257568, 4.66213178635, 12.5922355652, 17.5339164734, 82.8792877197]]}, "spectral_energyband_middle_low": {"dmean2": 0.00822704937309, "median": 0.00588683178648, "min": 3.60345476835e-22, "dvar2": 0.000112884466944, "dvar": 4.93305706186e-05, "dmean": 0.0053358678706, "max": 0.0970626026392, "var": 0.000104515449493, "mean": 0.00924494210631}, "melbands_crest": {"dmean2": 8.22813129425, "median": 20.5098972321, "min": 2.17442464828, "dvar2": 47.0914726257, "dvar": 19.0495738983, "dmean": 5.13055467606, "max": 39.3170013428, "var": 61.0044288635, "mean": 21.1295166016}, "spectral_kurtosis": {"dmean2": 7.71150970459, "median": 12.3708353043, "min": -1.22184038162, "dvar2": 86.5488510132, "dvar": 33.5304603577, "dmean": 4.89186525345, "max": 98.3263931274, "var": 67.0276031494, "mean": 14.4236974716}, "spectral_rms": {"dmean2": 0.00274252099916, "median": 0.0063265953213, "min": 3.21405380609e-12, "dvar2": 1.14886533993e-05, "dvar": 4.87557736051e-06, "dmean": 0.00181932281703, "max": 0.0235683843493, "var": 1.44013429235e-05, "mean": 0.00710831396282}, "zerocrossingrate": {"dmean2": 0.0235729217529, "median": 0.05419921875, "min": 0.00146484375, "dvar2": 0.0010433747666, "dvar": 0.000658300472423, "dmean": 0.0183548238128, "max": 0.8193359375, "var": 0.00297609507106, "mean": 0.0669111162424}, "silence_rate_60dB": {"dmean2": 0.0286873634905, "median": 0, "min": 0, "dvar2": 0.0329610705376, "dvar": 0.0141362715513, "dmean": 0.0143423285335, "max": 1, "var": 0.0278602000326, "mean": 0.0286819506437}, "erbbands_kurtosis": {"dmean2": 3.24541258812, "median": 0.590833425522, "min": -1.76618027687, "dvar2": 27.8776836395, "dvar": 14.212231636, "dmean": 2.13434958458, "max": 190.776153564, "var": 49.9666404724, "mean": 2.40839004517}, "erbbands": {"dmean2": [2.04616451263, 5.15195226669, 8.30036449432, 6.35490369797, 10.5320835114, 15.1773023605, 14.5692386627, 18.8664398193, 14.9860868454, 19.3076267242, 22.3737602234, 35.4131507874, 23.8138542175, 25.7212085724, 33.5043487549, 35.5690689087, 27.7893829346, 32.9152679443, 30.4607200623, 16.4894981384, 16.2964324951, 17.2923965454, 21.6894931793, 18.9963760376, 14.3664131165, 11.290520668, 6.10747241974, 3.1464650631, 1.6550283432, 0.875488221645, 0.394119650126, 0.175328046083, 0.10088378191, 0.0672174319625, 0.0417748875916, 0.0232558511198, 0.0132569000125, 0.0103652197868, 0.00634332560003, 0.00121614348609], "median": [0.59595644474, 1.63900756836, 1.88878285885, 2.09288835526, 3.0803027153, 3.19265508652, 3.46867370605, 3.30347466469, 3.15778446198, 5.1891503334, 4.96107625961, 7.43289756775, 8.26056671143, 7.52327299118, 10.6497383118, 10.1127586365, 9.60971641541, 7.83747959137, 6.11484146118, 4.64418792725, 3.43949007988, 2.83166527748, 2.62154173851, 2.25278878212, 1.66084861755, 1.43105053902, 0.921735525131, 0.550019860268, 0.266092509031, 0.148091077805, 0.0848335027695, 0.0398742295802, 0.016224693507, 0.00980204436928, 0.00589627213776, 0.00361730740406, 0.00342405936681, 0.00289251329377, 0.00213233102113, 0.000892545969691], "min": [3.40533329864e-22, 2.4925175308e-21, 3.03132549309e-20, 3.51064660814e-20, 1.37140677749e-19, 2.70236442302e-19, 3.74086228173e-19, 5.44081977015e-19, 2.0638356616e-19, 2.2230835684e-19, 1.55761449085e-18, 2.01821419513e-18, 4.54843002836e-18, 4.61894386686e-18, 7.18707455745e-18, 3.30826729408e-18, 4.83872079253e-18, 7.41459802956e-18, 6.24919194993e-18, 8.29337486e-18, 9.84015628336e-18, 1.39268065309e-17, 6.52949409461e-18, 7.8665463552e-18, 1.70142978719e-17, 1.2173786647e-17, 1.59512417446e-17, 1.50321663291e-17, 2.21288068846e-17, 1.89527327717e-17, 1.44041708081e-17, 1.47173000289e-17, 1.52765965458e-17, 1.33120740238e-17, 7.1261287171e-18, 5.807734756e-18, 3.90416965493e-18, 1.31093268858e-18, 3.60990640757e-19, 3.6015712058e-20], "dvar2": [15.8049936295, 88.527961731, 217.588180542, 131.933944702, 359.219665527, 1084.86608887, 782.225280762, 1972.31066895, 1637.75048828, 2905.78393555, 4207.42822266, 6779.41064453, 3252.30883789, 5224.234375, 5200.98925781, 5473.23339844, 3268.84960938, 6171.83740234, 4550.12988281, 1175.98510742, 1913.82849121, 3930.76489258, 4667.65869141, 3165.97875977, 1775.66674805, 1180.02893066, 330.780670166, 99.3408279419, 22.4377250671, 8.13817977905, 1.03383886814, 0.096830971539, 0.0286600887775, 0.0131198288873, 0.00510364677757, 0.00155629799701, 0.000504640629515, 0.000592279830016, 0.00019305346359, 6.13033216723e-06], "dvar": [5.31539058685, 36.4730682373, 93.1097106934, 52.4229927063, 143.780838013, 446.34387207, 322.980255127, 891.29083252, 764.809936523, 1179.83312988, 1809.75793457, 2813.03930664, 1593.56933594, 2255.50708008, 2386.66455078, 2316.40527344, 1376.32019043, 2741.37768555, 1893.00866699, 558.44921875, 878.669494629, 1793.92980957, 2275.82348633, 1608.43591309, 854.900146484, 565.687805176, 160.603256226, 46.0082473755, 11.2357807159, 3.87867259979, 0.507969856262, 0.0450059771538, 0.0116880666465, 0.00533553678542, 0.00207524001598, 0.0006333134952, 0.000230470570386, 0.000313239637762, 0.000109736603918, 3.72286694983e-06], "dmean": [1.18386471272, 3.19293546677, 5.02414226532, 3.86307930946, 6.35737800598, 9.30106544495, 9.10802936554, 12.1648406982, 9.65242958069, 12.0878515244, 14.3471746445, 23.0127773285, 15.2250795364, 16.3731842041, 23.545633316, 23.761423111, 18.142364502, 22.2554302216, 19.7173347473, 11.1972103119, 11.0584716797, 12.0795259476, 15.4082546234, 13.9098854065, 10.2977247238, 7.92419576645, 4.22902917862, 2.20683288574, 1.16092336178, 0.600226163864, 0.262255191803, 0.111529454589, 0.0614760965109, 0.0407752022147, 0.0253143049777, 0.0141411712393, 0.00852546840906, 0.00740815512836, 0.00485879462212, 0.000953671056777], "max": [18.0945110321, 54.6651191711, 100.254470825, 112.027404785, 265.970581055, 371.785583496, 306.101989746, 545.49005127, 1110.59057617, 914.575134277, 1334.26989746, 1351.14575195, 1500.12475586, 1777.60632324, 1433.34777832, 1377.98974609, 731.695495605, 856.098937988, 876.274108887, 486.699829102, 1045.15759277, 2250.92480469, 1384.71044922, 999.268554688, 541.265625, 579.528320312, 323.261047363, 239.1509552, 84.9333114624, 81.8327026367, 31.0955696106, 5.69571828842, 1.2178812027, 0.828277826309, 0.516526937485, 0.285913974047, 0.413322597742, 0.562679231167, 0.177039816976, 0.0639737099409], "var": [5.41930866241, 44.8275794983, 99.7884979248, 56.6238365173, 160.285110474, 454.564575195, 432.39743042, 1419.10095215, 1183.28942871, 1509.52307129, 2618.90649414, 5948.90087891, 2181.84301758, 3087.85327148, 6895.81640625, 5676.65039062, 2452.08911133, 6318.24072266, 2973.77050781, 1057.71289062, 1467.53320312, 2778.88134766, 3940.18188477, 3306.69799805, 1682.79699707, 1008.86383057, 278.591217041, 69.9666519165, 19.2414970398, 5.79385089874, 0.78744661808, 0.0712996348739, 0.0140435714275, 0.00625687930733, 0.00242399936542, 0.000750498322304, 0.000365381420124, 0.000600989791565, 0.000276627193671, 1.06494444481e-05], "mean": [1.40737688541, 4.10936641693, 5.66432714462, 4.7060008049, 7.21796941757, 9.88478469849, 10.7518720627, 14.4802312851, 11.8644971848, 15.671620369, 19.3057994843, 38.0924072266, 20.297416687, 22.4807033539, 40.3601417542, 39.2869567871, 28.5671443939, 36.4763526917, 26.7605495453, 16.4986839294, 15.5821352005, 16.5096893311, 20.9340705872, 19.837469101, 14.6788787842, 11.1747140884, 5.98618078232, 3.02782058716, 1.5443829298, 0.778705835342, 0.337511837482, 0.128475785255, 0.0608354955912, 0.0394176356494, 0.0243646577001, 0.0138865131885, 0.0102555612102, 0.0108576249331, 0.00843454897404, 0.00203873310238]}, "spectral_strongpeak": {"dmean2": 0.89471244812, "median": 0.190907925367, "min": 0, "dvar2": 9.92223834991, "dvar": 3.46580791473, "dmean": 0.499584376812, "max": 60.2104301453, "var": 2.26303672791, "mean": 0.504397630692}, "spectral_energy": {"dmean2": 0.0551999546587, "median": 0.0410264506936, "min": 1.05883949012e-20, "dvar2": 0.00847204122692, "dvar": 0.00322697660886, "dmean": 0.0349750518799, "max": 0.569355487823, "var": 0.00546258129179, "mean": 0.0665525197983}, "average_loudness": 0.966462790966, "spectral_rolloff": {"dmean2": 1076.11499023, "median": 495.263671875, "min": 21.533203125, "dvar2": 15219535, "dvar": 5665077, "dmean": 604.424987793, "max": 22050, "var": 7178781, "mean": 1066.08947754}, "spectral_centroid": {"dmean2": 395.702819824, "median": 808.397216797, "min": 185.217666626, "dvar2": 222551.53125, "dvar": 140574.875, "dmean": 282.578887939, "max": 11282.9833984, "var": 538197, "mean": 1071.2154541}, "pitch_salience": {"dmean2": 0.169853255153, "median": 0.470588058233, "min": 0.0378996357322, "dvar2": 0.0221033040434, "dvar": 0.00870797876269, "dmean": 0.104835756123, "max": 0.866701900959, "var": 0.0257313884795, "mean": 0.452684402466}, "spectral_energyband_middle_high": {"dmean2": 0.00350591819733, "median": 0.00221412675455, "min": 1.66873469994e-21, "dvar2": 3.04967015836e-05, "dvar": 1.59224946401e-05, "dmean": 0.00255413842387, "max": 0.0828451141715, "var": 6.20135251665e-05, "mean": 0.00551690952852}, "spectral_contrast_coeffs": {"dmean2": [0.0973970890045, 0.0897113978863, 0.0674599409103, 0.0547268539667, 0.041257403791, 0.0801411569118], "median": [-0.732670068741, -0.790857195854, -0.796724975109, -0.807894587517, -0.826238155365, -0.786957323551], "min": [-0.973109126091, -0.983994483948, -0.964622974396, -0.978691220284, -0.968622028828, -0.959512174129], "dvar2": [0.00608760304749, 0.00491547724232, 0.00287530454807, 0.00182063563261, 0.00116655207239, 0.00550366705284], "dvar": [0.00245669623837, 0.00197896780446, 0.00119864952285, 0.000734435161576, 0.000500461086631, 0.00250316038728], "dmean": [0.0608358457685, 0.0556646771729, 0.0430869422853, 0.0341690070927, 0.0266036819667, 0.0513541959226], "max": [-0.349260270596, -0.435212105513, -0.532058358192, -0.625428617001, -0.600708901882, -0.370688796043], "var": [0.00656411098316, 0.00559554062784, 0.00480587221682, 0.0024712763261, 0.00176183984149, 0.00832923129201], "mean": [-0.725483715534, -0.781254529953, -0.78754478693, -0.805605471134, -0.824168801308, -0.760377645493]}, "melbands_skewness": {"dmean2": 2.58721542358, "median": 2.92061686516, "min": -4.16715526581, "dvar2": 12.9973840714, "dvar": 5.21502351761, "dmean": 1.72082090378, "max": 42.0942001343, "var": 12.2488908768, "mean": 3.78415417671}, "spectral_spread": {"dmean2": 1025679.5625, "median": 3011977.25, "min": 909279.125, "dvar2": 931575169024, "dvar": 443210498048, "dmean": 653436.6875, "max": 40577640, "var": 1075350732800.0, "mean": 3163798.75}, "dissonance": {"dmean2": 0.0361543819308, "median": 0.478603482246, "min": 0.222304880619, "dvar2": 0.00153784733266, "dvar": 0.000565428636037, "dmean": 0.0214221831411, "max": 0.500000059605, "var": 0.000946036365349, "mean": 0.468976944685}, "spectral_skewness": {"dmean2": 0.625859260559, "median": 2.32839941978, "min": -0.0415856800973, "dvar2": 0.392355710268, "dvar": 0.173963695765, "dmean": 0.422684580088, "max": 6.90235710144, "var": 0.651927828789, "mean": 2.41474962234}, "spectral_flux": {"dmean2": 0.0794238746166, "median": 0.112802945077, "min": 1.02899924692e-10, "dvar2": 0.00843415036798, "dvar": 0.00334912608378, "dmean": 0.049553617835, "max": 0.569318413734, "var": 0.00845657661557, "mean": 0.139281123877}, "spectral_contrast_valleys": {"dmean2": [0.691718816757, 0.773990631104, 0.605944216251, 0.575230836868, 0.607763946056, 1.37877452374], "median": [-6.51643610001, -6.69482851028, -6.94816541672, -7.51735687256, -7.82709884644, -11.1873617172], "min": [-27.3105049133, -27.5491886139, -27.3080921173, -27.4596824646, -27.2464427948, -27.2348270416], "dvar2": [0.361291080713, 0.426930606365, 0.269576877356, 0.261820375919, 0.315804809332, 1.33026659489], "dvar": [0.184738248587, 0.200246781111, 0.135425522923, 0.146605059505, 0.185240089893, 0.514373660088], "dmean": [0.438487619162, 0.495873093605, 0.397975385189, 0.391836941242, 0.44555670023, 0.844356775284], "max": [-4.79539680481, -4.52236223221, -5.06747770309, -5.20819139481, -5.19134712219, -8.88124084473], "var": [0.975557565689, 0.852251410484, 0.682368576527, 0.872015655041, 1.22856605053, 1.31383883953], "mean": [-6.63375234604, -6.78123617172, -7.03023576736, -7.5520772934, -7.80137443542, -11.2984027863]}, "erbbands_flatness_db": {"dmean2": 0.0503077208996, "median": 0.175855174661, "min": 0.0484830774367, "dvar2": 0.00168920098804, "dvar": 0.000739724026062, "dmean": 0.0332654900849, "max": 0.385300546885, "var": 0.00310870585963, "mean": 0.177904501557}, "spectral_energyband_high": {"dmean2": 0.000297040416626, "median": 7.7350763604e-05, "min": 7.63028474744e-21, "dvar2": 5.41009057997e-07, "dvar": 2.85533531041e-07, "dmean": 0.000218606757699, "max": 0.0137518038973, "var": 5.92606625105e-07, "mean": 0.000342184095643}, "spectral_entropy": {"dmean2": 0.357070058584, "median": 7.36562919617, "min": 5.50886583328, "dvar2": 0.104963004589, "dvar": 0.0459149442613, "dmean": 0.236833125353, "max": 9.80540752411, "var": 0.170906722546, "mean": 7.31940078735}, "silence_rate_20dB": {"dmean2": 0.00339718791656, "median": 1, "min": 0, "dvar2": 0.00489541236311, "dvar": 0.00169561011717, "dmean": 0.00169843365438, "max": 1, "var": 0.000942655431572, "mean": 0.999056518078}, "melbands_flatness_db": {"dmean2": 0.0746264755726, "median": 0.312891185284, "min": 0.00587002048269, "dvar2": 0.00411149533466, "dvar": 0.00165808270685, "dmean": 0.0485170632601, "max": 0.635156035423, "var": 0.00625093467534, "mean": 0.313757359982}, "barkbands": {"dmean2": [0.0253710858524, 0.0340926796198, 0.0063906959258, 0.00213338434696, 0.00401373952627, 0.0020633044187, 0.00117114547174, 0.000965315382928, 0.00147390877828, 0.000733784341719, 0.000779257679824, 0.00103156198747, 0.000654872972518, 0.000781919865403, 0.000392673711758, 0.000317209400237, 0.000309280963847, 0.000411945715314, 0.000323654763633, 0.000238637498114, 0.000110205575766, 4.30706313637e-05, 1.6100691937e-05, 6.77487241774e-06, 5.93549657424e-06, 7.0912819865e-06, 5.48286516278e-05], "median": [0.00443082675338, 0.0123173883185, 0.00134029367473, 0.00060389994178, 0.00110812950879, 0.000395561568439, 0.000289587303996, 0.000194220803678, 0.000354375428287, 0.000192354389583, 0.000236180989305, 0.000220072528464, 0.000188018311746, 0.00014217167336, 9.31232061703e-05, 6.22621373623e-05, 4.72160172649e-05, 4.68283360533e-05, 3.81484496756e-05, 2.97491969832e-05, 1.77759611688e-05, 6.65929883326e-06, 3.24707275468e-06, 1.31223521294e-06, 8.36006620375e-07, 1.79536300493e-06, 2.52218524111e-05], "min": [2.59311106657e-23, 8.59463482922e-24, 3.34080826313e-23, 4.81951099057e-24, 7.51285819475e-23, 6.48809884878e-23, 9.72348374054e-24, 5.341738172e-23, 1.00221546834e-22, 1.58259835923e-22, 1.54340055505e-22, 8.33724434643e-23, 1.08669111169e-22, 1.62221381793e-22, 1.23370247268e-22, 1.67880417492e-22, 2.10592944106e-22, 1.19154625078e-22, 2.07595537724e-22, 3.25581550567e-22, 3.88714177165e-22, 5.57878140769e-22, 5.79619854136e-22, 7.90588624199e-22, 1.07748857592e-21, 1.93441941775e-21, 2.36957983174e-21], "dvar2": [0.00336847314611, 0.003690516809, 0.000134270478156, 1.46696147567e-05, 5.23345152033e-05, 1.83505271707e-05, 9.22272010939e-06, 9.64355967881e-06, 1.13740725283e-05, 2.38070947489e-06, 3.28422993334e-06, 5.34121090823e-06, 1.76624905635e-06, 3.60029571311e-06, 7.28606494249e-07, 7.16342299256e-07, 1.13116402645e-06, 1.54601445956e-06, 8.59925080476e-07, 5.41155429801e-07, 1.13450788319e-07, 1.60214668199e-08, 2.02438554808e-09, 1.26433377656e-10, 1.02772602928e-10, 1.391001897e-10, 1.27782282533e-08], "dvar": [0.00140285294037, 0.00140474620275, 5.59428735869e-05, 5.5632153817e-06, 2.19610410568e-05, 8.19717206468e-06, 4.13771158492e-06, 3.84355143979e-06, 4.97902556162e-06, 1.05989397525e-06, 1.41128941777e-06, 2.3459986096e-06, 7.40963514545e-07, 1.52013001298e-06, 3.23311752481e-07, 3.03682810454e-07, 5.33199226993e-07, 7.59135105e-07, 4.26771237017e-07, 2.58469327719e-07, 5.28334602734e-08, 7.79066766654e-09, 9.68484403785e-10, 5.31589980368e-11, 4.17865117508e-11, 6.23577994796e-11, 7.88653142791e-09], "dmean": [0.0158415380865, 0.0208535138518, 0.00381867936812, 0.00127470993903, 0.00248309900053, 0.00132348167244, 0.000741155643482, 0.000600679777563, 0.00095287640579, 0.000460648094304, 0.000499733316246, 0.000707407365553, 0.000421559263486, 0.000518245855346, 0.000257029343629, 0.000208673503948, 0.000213702616747, 0.000287946022581, 0.000234071252635, 0.000168229686096, 7.60183029342e-05, 2.99706043734e-05, 1.06577690531e-05, 4.17295086663e-06, 3.59665204996e-06, 4.53232587461e-06, 4.34538815171e-05], "max": [0.48937356472, 0.318704783916, 0.102219298482, 0.0332006961107, 0.0760892629623, 0.0545850768685, 0.0641815289855, 0.0537470132113, 0.0680459737778, 0.0219958499074, 0.0378156006336, 0.0402304083109, 0.0151458168402, 0.0201315693557, 0.0106505677104, 0.020134780556, 0.0395938418806, 0.0230770688504, 0.0142128877342, 0.0129125062376, 0.00797561835498, 0.00254892511293, 0.00130521180108, 0.000133570734761, 7.32848566258e-05, 0.000192572479136, 0.00252160616219], "var": [0.00169593584724, 0.0018575739814, 5.7992827351e-05, 5.69651092519e-06, 2.56176026596e-05, 1.36458165798e-05, 6.22693005425e-06, 4.8966076065e-06, 9.19504418562e-06, 1.55359134624e-06, 2.50782977673e-06, 6.21597200734e-06, 1.31609965592e-06, 2.8737597404e-06, 5.15859596817e-07, 4.46305307378e-07, 8.36795663872e-07, 1.36026528708e-06, 8.86913881004e-07, 4.57