{"tonal": {"thpcp": [1, 0.601522862911, 0.340074390173, 0.267148911953, 0.217033401132, 0.19847767055, 0.230264797807, 0.275685340166, 0.339141696692, 0.31112319231, 0.453460663557, 0.732294559479, 0.537542760372, 0.284305244684, 0.254116177559, 0.188687205315, 0.209721043706, 0.365159600973, 0.488662242889, 0.577349245548, 0.68883138895, 0.588147342205, 0.431322574615, 0.418573409319, 0.326693296432, 0.212217435241, 0.188995316625, 0.192500129342, 0.210498213768, 0.254163652658, 0.283147126436, 0.277916640043, 0.277612507343, 0.319540709257, 0.511201918125, 0.92350590229], "hpcp": {"dmean2": [0.293852597475, 0.226624682546, 0.157533198595, 0.146691784263, 0.149421229959, 0.153506040573, 0.167361661792, 0.174468263984, 0.200277090073, 0.232721805573, 0.269194215536, 0.389617264271, 0.450447678566, 0.454120546579, 0.421883016825, 0.28645196557, 0.230178952217, 0.209336087108, 0.184444874525, 0.193380221725, 0.218624532223, 0.215913832188, 0.194784075022, 0.283547073603, 0.411117434502, 0.332461386919, 0.211949408054, 0.165358200669, 0.142226800323, 0.163421109319, 0.236503660679, 0.275012731552, 0.374199807644, 0.379979729652, 0.350903600454, 0.328527510166], "median": [0.0534168332815, 0.0435486249626, 0.024490037933, 0.0161066371948, 0.0185092948377, 0.0292038377374, 0.0343106910586, 0.0320999473333, 0.0321387387812, 0.0302789267153, 0.0304959472269, 0.0577980466187, 0.172960564494, 0.205801874399, 0.0924719497561, 0.0338879302144, 0.0219730120152, 0.0152817899361, 0.0133713362738, 0.0158912520856, 0.0362157970667, 0.0517837665975, 0.0362748429179, 0.0729332044721, 0.113363221288, 0.0849575698376, 0.0490792244673, 0.0509801730514, 0.0305742248893, 0.0234386771917, 0.035409655422, 0.0518423803151, 0.0764532536268, 0.0744566768408, 0.0648970007896, 0.0574785359204], "min": [0, 0, 0, 0, 0, 0, 0, 0, 0, 0, 0, 0, 0, 0, 0, 0, 0, 0, 0, 0, 0, 0, 0, 0, 0, 0, 0, 0, 0, 0, 0, 0, 0, 0, 0, 0], "dvar2": [0.129245683551, 0.0976018682122, 0.0662367045879, 0.0753515288234, 0.0739763826132, 0.0648532882333, 0.0672040656209, 0.0731215402484, 0.103281989694, 0.117986105382, 0.135424181819, 0.187606334686, 0.199277088046, 0.1880017519, 0.194478213787, 0.159742340446, 0.137181326747, 0.134563565254, 0.115040823817, 0.110716499388, 0.122954212129, 0.100866124034, 0.0929750725627, 0.110795743763, 0.191599264741, 0.146608620882, 0.10067038238, 0.0679099336267, 0.0701392814517, 0.0808407887816, 0.128302931786, 0.129375964403, 0.178755968809, 0.178503379226, 0.164607867599, 0.164942160249], "dvar": [0.0470004789531, 0.0353224389255, 0.0238786749542, 0.0278751235455, 0.0281042605639, 0.0235382672399, 0.0244065988809, 0.0283103808761, 0.0369628556073, 0.0423951521516, 0.050009842962, 0.0691249445081, 0.0778435617685, 0.0762422978878, 0.0712523162365, 0.0576772503555, 0.0483429990709, 0.0464639700949, 0.0407377332449, 0.0400614999235, 0.0431009232998, 0.0353427454829, 0.0335756056011, 0.0407083146274, 0.0780334770679, 0.0536526739597, 0.0358482338488, 0.0238535087556, 0.0237841457129, 0.0291659589857, 0.0460049770772, 0.0487882420421, 0.0643422231078, 0.0697845220566, 0.0636253580451, 0.0586876012385], "dmean": [0.164291322231, 0.125646173954, 0.0884364023805, 0.0818562209606, 0.0829833298922, 0.084889754653, 0.0932383090258, 0.0957385003567, 0.110338054597, 0.126457765698, 0.147187307477, 0.213264912367, 0.255583912134, 0.257034540176, 0.231502786279, 0.153931260109, 0.122582256794, 0.110413603485, 0.0991695448756, 0.10518398881, 0.119134634733, 0.121182836592, 0.109461009502, 0.160688966513, 0.229818969965, 0.185455903411, 0.115048244596, 0.0916513577104, 0.0776942744851, 0.0896494314075, 0.133373707533, 0.154882133007, 0.210932657123, 0.214836254716, 0.199324145913, 0.18406227231], "max": [1, 1, 1, 1, 1, 1, 1, 1, 1, 1, 1, 1, 1, 1, 1, 1, 1, 1, 1, 1, 1, 1, 1, 1, 1, 1, 1, 1, 1, 1, 1, 1, 1, 1, 1, 1], "var": [0.0472869314253, 0.0332747288048, 0.0204509366304, 0.0233522616327, 0.023661904037, 0.0192347466946, 0.0216874815524, 0.0371319055557, 0.0361349880695, 0.0339937768877, 0.0417509786785, 0.0673898681998, 0.124672994018, 0.133583456278, 0.0724771171808, 0.0463850684464, 0.0399729125202, 0.0319275707006, 0.0284374281764, 0.031043889001, 0.0322118885815, 0.0330574586987, 0.0326633453369, 0.0432492718101, 0.107712678611, 0.0624021366239, 0.0260139089078, 0.0181080382317, 0.0159687343985, 0.0240861922503, 0.0504408068955, 0.0738303512335, 0.0724686607718, 0.103994183242, 0.0845659002662, 0.0511078573763], "mean": [0.151805832982, 0.118483275175, 0.076965816319, 0.0685437470675, 0.0698148533702, 0.0763422995806, 0.0921786352992, 0.102690197527, 0.100793227553, 0.100682929158, 0.115889206529, 0.185399800539, 0.334931880236, 0.362674325705, 0.218156889081, 0.1233362481, 0.096888050437, 0.0787124410272, 0.0719827562571, 0.0835111290216, 0.0999839901924, 0.12299798429, 0.112836390734, 0.164458543062, 0.265584439039, 0.194952964783, 0.103110209107, 0.0921614095569, 0.0684320032597, 0.076060436666, 0.132434010506, 0.177225247025, 0.209389746189, 0.249821454287, 0.213305935264, 0.156429618597]}, "tuning_equal_tempered_deviation": 0.108062177896, "chords_changes_rate": 0.0862364396453, "key_key": "F#", "tuning_diatonic_strength": 0.444325953722, "key_scale": "minor", "chords_number_rate": 0.00685322657228, "tuning_frequency": 434.193115234, "tuning_nontempered_energy_ratio": 0.797628700733, "chords_histogram": [24.3860645294, 10.3369503021, 29.3546543121, 2.11307835579, 0, 0, 0, 0.399771571159, 0, 10.5082807541, 0.0571102239192, 0.114220447838, 0, 0, 0.285551100969, 0.285551100969, 3.99771547318, 1.42775559425, 3.31239295006, 3.99771547318, 1.37064540386, 1.54197597504, 0, 6.51056528091], "key_strength": 0.620073795319, "chords_key": "C#", "chords_strength": {"dmean2": 0.0129586458206, "median": 0.491798192263, "min": 0.238745197654, "dvar2": 0.000127121587866, "dvar": 8.55608013808e-05, "dmean": 0.0109963370487, "max": 0.732553482056, "var": 0.00656583439559, "mean": 0.48887822032}, "chords_scale": "minor", "hpcp_entropy": {"dmean2": 1.05238354206, "median": 2.33945703506, "min": 0, "dvar2": 0.709060668945, "dvar": 0.262492001057, "dmean": 0.620321273804, "max": 4.53403663635, "var": 0.538783788681, "mean": 2.36559414864}}, "metadata": {"audio_properties": {"equal_loudness": 0, "codec": "mp3", "downmix": "mix", "analysis_sample_rate": 44100, "bit_rate": 192000, "md5_encoded": "72cb4fdde689602c81b08c667e9ff8d5", "length": 81.240814209, "replay_gain": 0.560049057007, "lossless": false}, "version": {"essentia_build_sha": "0a826ad6289770054bb7564d59068f1232327ff9", "essentia": "2.1-beta1", "extractor": "music 1.0", "essentia_git_sha": "v2.1_beta1-5-gf9dded9"}, "tags": {"title": ["Gianna"], "albumartist": ["AY Riders"], "date": ["2004"], "file_name": "12 - Gianna.mp3", "musicbrainz_releasegroupid": ["ef1e7ace-31e2-3aeb-99b0-103d72f2a44b"], "musicbrainz album type": ["album"], "musicbrainz_recordingid": ["16477e44-a24d-4972-b859-678af6abc449"], "musicbrainz release track id": ["1f2c567b-4943-36ca-96c4-5a53bbf73afb"], "musicbrainz_albumartistid": ["b764410c-2e07-4a4d-82a4-959aa1d6ee4a"], "musicbrainz_albumid": ["cac34d77-fc3d-44fa-b079-e4cce2084f19"], "artist": ["Factor6"], "tracknumber": ["12/12"], "artistsort": ["Factor6"], "album": ["ZX Spectrum Is Alive"], "albumartistsort": ["AY Riders"], "discnumber": ["1/1"], "musicbrainz_artistid": ["37afa84f-8c6b-4941-b759-8e88963e2ef0"]}}, "rhythm": {"bpm_histogram_first_peak_bpm": {"dmean2": 0, "median": 126, "min": 126, "dvar2": 0, "dvar": 0, "dmean": 0, "max": 126, "var": 0, "mean": 126}, "bpm": 125.009681702, "bpm_histogram_second_peak_spread": {"dmean2": 0, "median": 0.142857134342, "min": 0.142857134342, "dvar2": 0, "dvar": 0, "dmean": 0, "max": 0.142857134342, "var": 0, "mean": 0.142857134342}, "bpm_histogram_first_peak_weight": {"dmean2": 0, "median": 0.467065870762, "min": 0.467065870762, "dvar2": 0, "dvar": 0, "dmean": 0, "max": 0.467065870762, "var": 0, "mean": 0.467065870762}, "onset_rate": 5.73480367661, "beats_position": [0.49922901392, 1.01006805897, 1.52090704441, 2.04335594177, 2.55419492722, 3.06503391266, 3.5758728981, 4.08671188354, 4.57433080673, 5.06195020676, 5.54956912994, 6.025578022, 6.51319694519, 6.98920631409, 7.46521520615, 7.94122457504, 8.42884349823, 8.91646194458, 9.39247131348, 9.86848068237, 10.3444900513, 10.8204984665, 11.3081178665, 11.7957363129, 12.2717456818, 12.7477550507, 13.2237634659, 13.6997728348, 14.1873922348, 14.66340065, 15.1394100189, 15.6270294189, 16.114648819, 16.5906581879, 17.0666656494, 17.5542850494, 18.0302944183, 18.5063037872, 18.9939231873, 19.4815406799, 19.96916008, 20.4335594177, 20.9211788177, 21.3971881866, 21.8731975555, 22.3492050171, 22.825214386, 23.312833786, 23.800453186, 24.2648525238, 24.7524719238, 25.2400894165, 25.7160987854, 26.1921081543, 26.6797275543, 27.1557369232, 27.6317462921, 28.1077537537, 28.5837631226, 29.0713825226, 29.5590019226, 30.0234012604, 30.5110206604, 30.9986381531, 31.4862575531, 31.9506568909, 32.4382743835, 32.9142837524, 33.3902931213, 33.8779144287, 34.3539237976, 34.8299331665, 35.3175506592, 35.7935600281, 36.2811775208, 36.7571868896, 37.244808197, 37.7208137512, 38.1968231201, 38.6844444275, 39.1604537964, 39.6364631653, 40.1124725342, 40.5884780884, 41.0760993958, 41.5521087646, 42.0397262573, 42.5157356262, 43.0033569336, 43.4793624878, 43.9669837952, 44.4429931641, 44.9306106567, 45.3950119019, 45.8826293945, 46.347026825, 46.8346481323, 47.322265625, 47.7982749939, 48.2742843628, 48.7619056702, 49.2263031006, 49.7139205933, 50.2015419006, 50.6891593933, 51.1535606384, 51.6411781311, 52.1171875, 52.6048049927, 53.0808143616, 53.5684356689, 54.0328330994, 54.5204544067, 54.9964599609, 55.4840812683, 55.9600906372, 56.4477081299, 56.912109375, 57.3997268677, 57.8757362366, 58.3633537292, 58.8393630981, 59.315372467, 59.7913818359, 60.2789993286, 60.7550086975, 61.2426300049, 61.7186393738, 62.2062568665, 62.6822662354, 63.1582756042, 63.6458930969, 64.1219024658, 64.5979156494, 65.0855331421, 65.5499343872, 66.0375518799, 66.5251693726, 67.0011749268, 67.4771881104, 67.964805603, 68.4408187866, 68.9168243408, 69.4044418335, 69.8920593262, 70.3564605713, 70.844078064, 71.3200912476, 71.8077087402, 72.2837142944, 72.7713394165, 73.2473449707, 73.7233581543, 74.1993637085, 74.6869812012, 75.1629943848, 75.638999939, 76.1150131226, 76.6026306152, 77.0786361694, 77.5662536621, 78.0422668457, 78.5298843384, 79.005897522, 79.4819030762, 79.9579086304, 80.433921814, 80.8983230591], "beats_loudness": {"dmean2": 0.0668547153473, "median": 0.0630450099707, "min": 6.22900927283e-07, "dvar2": 0.00429333746433, "dvar": 0.00135757343378, "dmean": 0.0363337658346, "max": 0.302688628435, "var": 0.001656014123, "mean": 0.0679416209459}, "danceability": 1.0839805603, "bpm_histogram_second_peak_weight": {"dmean2": 0, "median": 0.035928145051, "min": 0.035928145051, "dvar2": 0, "dvar": 0, "dmean": 0, "max": 0.035928145051, "var": 0, "mean": 0.035928145051}, "beats_count": 168, "bpm_histogram_second_peak_bpm": {"dmean2": 0, "median": 117, "min": 117, "dvar2": 0, "dvar": 0, "dmean": 0, "max": 117, "var": 0, "mean": 117}, "bpm_histogram_first_peak_spread": {"dmean2": 0, "median": 0.512499988079, "min": 0.512499988079, "dvar2": 0, "dvar": 0, "dmean": 0, "max": 0.512499988079, "var": 0, "mean": 0.512499988079}, "beats_loudness_band_ratio": {"dmean2": [0.336574167013, 0.183558121324, 0.0737319886684, 0.0849836096168, 0.0549417845905, 0.117477186024], "median": [0.644418001175, 0.0683332383633, 0.04578082636, 0.0313393697143, 0.0195685122162, 0.101874917746], "min": [0.134196057916, 0.0062039536424, 0.00272791786119, 0.00140385946725, 0.00117736705579, 0.0155957862735], "dvar2": [0.0680642277002, 0.0377358831465, 0.00911635346711, 0.00755408173427, 0.00249123573303, 0.00908863451332], "dvar": [0.0218895804137, 0.0148691507056, 0.00304928072728, 0.00275811343454, 0.000791934260633, 0.0031537655741], "dmean": [0.191537737846, 0.106687888503, 0.0444114655256, 0.0448754988611, 0.0284781139344, 0.0675053149462], "max": [0.943452358246, 0.649636387825, 0.485626906157, 0.29432156682, 0.17877613008, 0.35422077775], "var": [0.0367054529488, 0.0206166375428, 0.0038281888701, 0.00223866663873, 0.000720859796274, 0.00399366347119], "mean": [0.62433308363, 0.131807669997, 0.0601467192173, 0.0446300841868, 0.0287959203124, 0.112200066447]}}, "lowlevel": {"barkbands_spread": {"dmean2": 13.0045862198, "median": 15.5985269547, "min": 0.325259119272, "dvar2": 266.424560547, "dvar": 109.022506714, "dmean": 8.07210922241, "max": 100.6823349, "var": 138.990036011, "mean": 18.2503738403}, "melbands_spread": {"dmean2": 8.15058231354, "median": 9.94040107727, "min": 0.653743267059, "dvar2": 105.005966187, "dvar": 44.674407959, "dmean": 5.04544258118, "max": 149.1668396, "var": 165.930984497, "mean": 12.8589811325}, "hfc": {"dmean2": 149.859985352, "median": 194.675628662, "min": 1.10243912271e-16, "dvar2": 23333.6542969, "dvar": 9642.45898438, "dmean": 98.118522644, "max": 1085.09997559, "var": 20681.4941406, "mean": 218.156906128}, "barkbands_kurtosis": {"dmean2": 17.3581066132, "median": 10.4981164932, "min": -1.5994027853, "dvar2": 2986.92480469, "dvar": 1103.54968262, "dmean": 10.6224164963, "max": 902.59979248, "var": 1132.23522949, "mean": 17.2440395355}, "gfcc": {"mean": [26.1866989136, 69.4827880859, -69.8426895142, 16.6010570526, -25.0272903442, -3.81171250343, -9.88711738586, -9.7549200058, -7.73815870285, -10.7209453583, -14.1485624313, -7.89852952957, -14.1577138901], "icov": [[0.000159714676556, -0.000241393499891, 0.00105367775541, -0.000994505826384, 0.00111847359221, -0.000659926503431, 0.00037766378955, 3.96863833885e-06, -0.000111316941911, 0.000523862720001, -0.00040764757432, 0.000458647293271, -4.84759693791e-05], [-0.000241393499891, 0.00502802152187, -0.00165812007617, 0.000867097172886, -0.000922075123526, 0.0015925350599, -0.00181663408875, 0.00386804412119, -0.00450447574258, 0.00482481764629, -0.00428181374446, 0.00456524500623, -0.00139452563599], [0.00105367775541, -0.00165812007617, 0.0148540586233, -0.0115063562989, 0.0103332288563, -0.00864526536316, 0.00491332821548, -0.00143250310794, -0.00485358992592, 0.0105134537444, -0.00945198349655, 0.00716175604612, -0.000886767345946], [-0.000994505826384, 0.000867097172886, -0.0115063562989, 0.0294295419008, -0.0208899974823, 0.00753531511873, -0.00183330709115, -0.00801860075444, 0.00850255507976, -0.00929984729737, 0.0139893162996, -0.0173230525106, 0.0110730277374], [0.00111847359221, -0.000922075123526, 0.0103332288563, -0.0208899974823, 0.0399919599295, -0.0160920284688, -0.0047681001015, 0.00848907791078, -0.0180412065238, 0.023811340332, -0.0295055899769, 0.0308951623738, -0.0186007209122], [-0.000659926503431, 0.0015925350599, -0.00864526536316, 0.00753531511873, -0.0160920284688, 0.033325586468, -0.013381655328, -0.010090499185, 0.0233033467084, -0.0299369059503, 0.0335802510381, -0.0283666420728, 0.0109338024631], [0.00037766378955, -0.00181663408875, 0.00491332821548, -0.00183330709115, -0.0047681001015, -0.013381655328, 0.0314816832542, -0.00286226836033, -0.0208453778177, 0.026743395254, -0.0237934682518, 0.0129414731637, -0.00302519719116], [3.96863833885e-06, 0.00386804412119, -0.00143250310794, -0.00801860075444, 0.00848907791078, -0.010090499185, -0.00286226836033, 0.0324533730745, -0.0103344172239, -0.00463977036998, -0.00928408000618, 0.021472863853, -0.0090508395806], [-0.000111316941911, -0.00450447574258, -0.00485358992592, 0.00850255507976, -0.0180412065238, 0.0233033467084, -0.0208453778177, -0.0103344172239, 0.0549398176372, -0.0538432411849, 0.0468238033354, -0.0375955030322, 0.0234955176711], [0.000523862720001, 0.00482481764629, 0.0105134537444, -0.00929984729737, 0.023811340332, -0.0299369059503, 0.026743395254, -0.00463977036998, -0.0538432411849, 0.0943171009421, -0.0768822580576, 0.0470454059541, -0.0229740962386], [-0.00040764757432, -0.00428181374446, -0.00945198349655, 0.0139893162996, -0.0295055899769, 0.0335802510381, -0.0237934682518, -0.00928408000618, 0.0468238033354, -0.0768822580576, 0.103507764637, -0.0767525136471, 0.0281382724643], [0.000458647293271, 0.00456524500623, 0.00716175604612, -0.0173230525106, 0.0308951623738, -0.0283666420728, 0.0129414731637, 0.021472863853, -0.0375955030322, 0.0470454059541, -0.0767525136471, 0.084716014564, -0.0377141721547], [-4.84759693791e-05, -0.00139452563599, -0.000886767345946, 0.0110730277374, -0.0186007209122, 0.0109338024631, -0.00302519719116, -0.0090508395806, 0.0234955176711, -0.0229740962386, 0.0281382724643, -0.0377141721547, 0.0353014543653]], "cov": [[15306.1621094, 59.3764038086, -825.695922852, -65.5622253418, -491.913024902, -52.2820777893, -398.148590088, -126.320716858, -274.639923096, -95.4100112915, -196.023269653, -48.8288078308, -61.5402526855], [59.3764038086, 440.059844971, -6.76574087143, 7.97048282623, 74.514251709, -71.6831359863, 91.5125732422, -62.5116157532, 49.8853569031, -65.4994506836, -20.3059940338, -52.0180625916, -47.1416969299], [-825.695922852, -6.76574087143, 186.31237793, 55.4200515747, 10.7844848633, 32.6652297974, 10.0730581284, 34.3286399841, 10.4252576828, -2.13597464561, -5.74157142639, -14.9296522141, -28.5771198273], [-65.5622253418, 7.97048282623, 55.4200515747, 84.0494995117, 42.0004425049, 20.9846801758, 25.8967761993, 24.1239566803, 12.8538007736, -3.0195851326, -3.25566768646, -10.1978712082, -19.5316066742], [-491.913024902, 74.514251709, 10.7844848633, 42.0004425049, 112.310050964, 12.5053501129, 77.3387374878, 4.64573860168, 32.9262695312, -11.0614652634, 8.34032535553, -14.6481599808, 1.07685649395], [-52.2820777893, -71.6831359863, 32.6652297974, 20.9846801758, 12.5053501129, 82.7807922363, 10.6033029556, 35.6863670349, -5.79130887985, 18.6042900085, 0.334069758654, 8.95568943024, 7.60635280609], [-398.148590088, 91.5125732422, 10.0730581284, 25.8967761993, 77.3387374878, 10.6033029556, 110.35508728, 10.4835224152, 47.7109222412, -10.1924715042, 8.5150604248, -15.4778833389, -16.90143013], [-126.320716858, -62.5116157532, 34.3286399841, 24.1239566803, 4.64573860168, 35.6863670349, 10.4835224152, 77.6564559937, 23.8398361206, 32.3058929443, -1.85023438931, -18.6111412048, -10.3949251175], [-274.639923096, 49.8853569031, 10.4252576828, 12.8538007736, 32.9262695312, -5.79130887985, 47.7109222412, 23.8398361206, 81.7736587524, 28.8256912231, 8.0619058609, -11.0430402756, -26.7227325439], [-95.4100112915, -65.4994506836, -2.13597464561, -3.0195851326, -11.0614652634, 18.6042900085, -10.1924715042, 32.3058929443, 28.8256912231, 68.8414764404, 42.4094085693, 26.5221424103, 14.1410541534], [-196.023269653, -20.3059940338, -5.74157142639, -3.25566768646, 8.34032535553, 0.334069758654, 8.5150604248, -1.85023438931, 8.0619058609, 42.4094085693, 77.9874572754, 63.0418739319, 31.7741851807], [-48.8288078308, -52.0180625916, -14.9296522141, -10.1978712082, -14.6481599808, 8.95568943024, -15.4778833389, -18.6111412048, -11.0430402756, 26.5221424103, 63.0418739319, 92.4316253662, 57.2213096619], [-61.5402526855, -47.1416969299, -28.5771198273, -19.5316066742, 1.07685649395, 7.60635280609, -16.90143013, -10.3949251175, -26.7227325439, 14.1410541534, 31.7741851807, 57.2213096619, 88.6815109253]]}, "spectral_energyband_middle_low": {"dmean2": 0.0140215298161, "median": 0.0166023913771, "min": 1.46661346562e-22, "dvar2": 0.00030227683601, "dvar": 0.000128326835693, "dmean": 0.00898469798267, "max": 0.123241327703, "var": 0.000320718652802, "mean": 0.0205469951034}, "melbands_crest": {"dmean2": 6.75285577774, "median": 15.8171987534, "min": 1.86667215824, "dvar2": 32.8721542358, "dvar": 12.1278839111, "dmean": 4.00061988831, "max": 38.8367156982, "var": 26.0225028992, "mean": 16.5369472504}, "spectral_kurtosis": {"dmean2": 2.52717828751, "median": 7.92741107941, "min": -1.24611663818, "dvar2": 4.34391689301, "dvar": 2.39435839653, "dmean": 1.67683291435, "max": 15.9774551392, "var": 5.05638170242, "mean": 7.66557359695}, "spectral_rms": {"dmean2": 0.00206606416032, "median": 0.00755450176075, "min": 3.1404880866e-12, "dvar2": 4.1669491111e-06, "dvar": 1.96237260752e-06, "dmean": 0.00135849451181, "max": 0.0210763793439, "var": 7.32465332476e-06, "mean": 0.00748752849177}, "zerocrossingrate": {"dmean2": 0.0644448921084, "median": 0.22412109375, "min": 0, "dvar2": 0.00313005689532, "dvar": 0.00172072928399, "dmean": 0.0482343435287, "max": 0.66943359375, "var": 0.00746115157381, "mean": 0.227673411369}, "silence_rate_60dB": {"dmean2": 0.00686106365174, "median": 0, "min": 0, "dvar2": 0.00738543784246, "dvar": 0.00341793033294, "dmean": 0.00342955137603, "max": 1, "var": 0.0454382374883, "mean": 0.0477142855525}, "erbbands_kurtosis": {"dmean2": 0.754826307297, "median": -0.329991221428, "min": -1.46933627129, "dvar2": 0.621662437916, "dvar": 0.264660358429, "dmean": 0.460258513689, "max": 7.16707801819, "var": 0.469982743263, "mean": -0.222033306956}, "erbbands": {"dmean2": [0.300607323647, 1.74101018906, 7.50780630112, 22.4848690033, 29.4724082947, 21.883190155, 15.7200288773, 17.4130458832, 18.1889667511, 16.6102333069, 21.5365810394, 29.1193294525, 19.6678466797, 24.345905304, 16.5106086731, 17.0020885468, 18.5447101593, 22.1460971832, 14.6332197189, 15.5363817215, 13.6069736481, 11.8046789169, 10.7367248535, 10.048251152, 9.33183002472, 7.70050001144, 7.1448469162, 6.75371789932, 5.69892454147, 4.81222677231, 3.93548607826, 3.46917295456, 2.74446606636, 0.926045298576, 0.115309908986, 0.530273139477, 0.319366931915, 0.131206080317, 0.0371544919908, 0.00793265458196], "median": [0.190338239074, 1.02627158165, 4.47033405304, 9.99526596069, 12.501581192, 9.59485054016, 5.65525436401, 4.93998146057, 6.7712059021, 7.16789054871, 9.99145793915, 18.843837738, 15.4859809875, 9.36564826965, 6.82414150238, 6.80897903442, 12.1241340637, 16.1673431396, 7.33013725281, 9.85684967041, 9.51565742493, 7.83405780792, 8.8528175354, 7.25201320648, 6.32376861572, 5.15884780884, 4.33073329926, 3.71098232269, 2.90112161636, 2.07895517349, 1.39587640762, 1.00345230103, 0.610121130943, 0.179943412542, 0.0340500995517, 0.113995194435, 0.0933793485165, 0.0576304271817, 0.0250692218542, 0.0108526591212], "min": [1.27019808117e-22, 1.32161913993e-21, 4.82511616915e-21, 1.08207098687e-20, 1.57579312252e-20, 5.74949203849e-20, 9.46565522411e-20, 1.10731734696e-19, 1.80939180325e-19, 3.34167965226e-19, 2.72876079034e-19, 4.76776617017e-19, 4.07858797662e-19, 7.59423405145e-19, 1.06791726097e-18, 1.35864353573e-18, 1.69846442742e-18, 1.55167068117e-18, 2.24690750742e-18, 4.73682124005e-18, 3.64611866872e-18, 5.9927634785e-18, 5.00104382081e-18, 6.52439369896e-18, 8.00303363782e-18, 1.07075957763e-17, 8.59978820149e-18, 1.29089988375e-17, 1.32458259557e-17, 1.18627336494e-17, 1.24214470039e-17, 1.08456414672e-17, 1.00161191063e-17, 7.80058118289e-18, 6.80053512516e-18, 4.17492075867e-18, 2.50174489694e-18, 1.02882222368e-18, 2.70497262689e-19, 2.88459560777e-20], "dvar2": [0.137653142214, 6.15403652191, 104.16330719, 1091.99938965, 2155.77270508, 1056.44482422, 979.511169434, 2612.13110352, 2055.90576172, 667.733398438, 2468.73803711, 1524, 899.872131348, 1969.76098633, 1274.1640625, 1404.17785645, 1335.02600098, 1039.234375, 881.071411133, 690.880859375, 466.886291504, 357.492645264, 245.702102661, 217.074417114, 202.950897217, 114.918510437, 106.725708008, 99.4613265991, 84.4910964966, 70.6029052734, 49.5779838562, 34.7985916138, 22.6217346191, 2.97071170807, 0.0359164439142, 0.884268462658, 0.270284771919, 0.0388373285532, 0.00232732784934, 9.71580957412e-05], "dvar": [0.0544775165617, 2.80873274803, 35.9133338928, 401.790649414, 865.774780273, 422.910675049, 416.574493408, 1406.29675293, 880.481933594, 257.404968262, 1637.19543457, 667.299499512, 364.177215576, 916.891113281, 538.72869873, 535.198852539, 521.050842285, 456.188568115, 358.909362793, 290.821014404, 200.349731445, 156.256607056, 110.911376953, 93.7185592651, 86.4978637695, 51.0789070129, 45.6341362, 40.2460632324, 33.0408821106, 27.6018066406, 19.4535560608, 13.7071762085, 8.92006397247, 1.1478729248, 0.0139960367233, 0.346754282713, 0.108029685915, 0.0156984068453, 0.00106967764441, 5.04060699313e-05], "dmean": [0.178859546781, 1.07435524464, 4.41925573349, 13.4101352692, 17.9011745453, 13.2277450562, 9.69196796417, 10.9696598053, 11.1285600662, 10.192984581, 14.5852766037, 18.0053405762, 12.1209697723, 15.5873298645, 10.2631530762, 10.4484195709, 11.583029747, 14.1536836624, 9.25683879852, 9.70668697357, 8.53021621704, 7.55891418457, 6.93399524689, 6.30990934372, 5.84091758728, 4.85586500168, 4.49028301239, 4.23317956924, 3.50447392464, 2.88039112091, 2.33626151085, 2.08320355415, 1.64100301266, 0.55608600378, 0.0701410323381, 0.317352682352, 0.192077293992, 0.0802082642913, 0.024558795616, 0.00567018752918], "max": [3.49388861656, 25.7006473541, 98.4944152832, 266.100372314, 349.91696167, 274.94430542, 390.327789307, 979.627990723, 567.103942871, 217.080245972, 1302.27612305, 523.964050293, 277.922210693, 737.50378418, 416.965209961, 321.135437012, 444.545501709, 329.041992188, 273.155426025, 292.4659729, 179.900939941, 168.206787109, 132.425674438, 115.565284729, 107.816551208, 66.2641983032, 69.2025985718, 58.6811637878, 57.2730865479, 60.7350997925, 45.9787406921, 34.5109786987, 31.7260761261, 14.9099159241, 1.6591604948, 7.36053657532, 3.07089734077, 1.0515550375, 0.256895214319, 0.0791149437428], "var": [0.0993520766497, 5.82484674454, 63.3277626038, 621.119812012, 1688.31896973, 872.392944336, 695.350158691, 5241.20410156, 1860.21459961, 425.25289917, 5361.99365234, 2021.69616699, 544.693481445, 1908.31799316, 922.82232666, 565.981384277, 728.450500488, 804.06036377, 567.225708008, 371.636383057, 300.563995361, 216.085983276, 176.528167725, 119.693511963, 98.6027908325, 66.3963470459, 54.8580665588, 43.6377754211, 31.3138370514, 23.718547821, 15.8168363571, 11.3241701126, 7.22045183182, 0.895749032497, 0.0121610686183, 0.27568641305, 0.0913617759943, 0.0145933860913, 0.00148055469617, 9.88637984847e-05], "mean": [0.282976686954, 1.67393231392, 6.78047800064, 19.4816627502, 28.0887794495, 21.3337097168, 15.0389995575, 20.3151302338, 17.3224964142, 14.920422554, 25.0267047882, 33.8835716248, 21.362613678, 24.932674408, 14.4046401978, 14.3569507599, 19.4272537231, 24.7131652832, 14.8704500198, 14.943359375, 13.9789819717, 11.636507988, 12.1489906311, 10.0831794739, 8.8545255661, 7.46816205978, 6.56408166885, 5.75238800049, 4.62449836731, 3.5606071949, 2.64728999138, 2.14524102211, 1.57632446289, 0.512752830982, 0.0733503103256, 0.300522178411, 0.201436176896, 0.0994783863425, 0.0371001474559, 0.0126985358074]}, "spectral_strongpeak": {"dmean2": 6.187292099, "median": 0.230351418257, "min": 0, "dvar2": 865.157043457, "dvar": 286.881225586, "dmean": 3.1502790451, "max": 187.947540283, "var": 150.68347168, "mean": 1.87588429451}, "spectral_energy": {"dmean2": 0.0367579571903, "median": 0.0584972575307, "min": 1.01092311444e-20, "dvar2": 0.00193350820336, "dvar": 0.000878987892065, "dmean": 0.0239500459284, "max": 0.455319106579, "var": 0.00179718295112, "mean": 0.0649722665548}, "average_loudness": 0.964420676231, "spectral_rolloff": {"dmean2": 15969.9667969, "median": 9237.74414062, "min": 21.533203125, "dvar2": 191832304, "dvar": 83506000, "dmean": 8365.58496094, "max": 22050, "var": 98586536, "mean": 11397.2607422}, "spectral_centroid": {"dmean2": 459.966156006, "median": 797.821777344, "min": 260.175415039, "dvar2": 299501.5625, "dvar": 140025.140625, "dmean": 292.057983398, "max": 11510.4355469, "var": 847850.8125, "mean": 989.571044922}, "pitch_salience": {"dmean2": 0.148823514581, "median": 0.517121553421, "min": 0.0326795652509, "dvar2": 0.0157468337566, "dvar": 0.0061451732181, "dmean": 0.0892183557153, "max": 0.977444291115, "var": 0.0136889256537, "mean": 0.507342576981}, "spectral_energyband_middle_high": {"dmean2": 0.00220615160652, "median": 0.00263520516455, "min": 1.26858708836e-21, "dvar2": 1.3605951608e-05, "dvar": 6.4772711994e-06, "dmean": 0.00153836724348, "max": 0.0351507291198, "var": 1.22720566651e-05, "mean": 0.00347970193252}, "spectral_contrast_coeffs": {"dmean2": [0.0967908725142, 0.0828467682004, 0.0698250234127, 0.0553142242134, 0.0424983985722, 0.0487279295921], "median": [-0.617261528969, -0.773359775543, -0.773763716221, -0.790306806564, -0.79660487175, -0.735962152481], "min": [-0.98165255785, -0.982351899147, -0.981554985046, -0.968427836895, -0.964598178864, -0.963259577751], "dvar2": [0.00599458534271, 0.00415060995147, 0.00284765777178, 0.00198136246763, 0.00115793256555, 0.00193591229618], "dvar": [0.00230186618865, 0.00160960468929, 0.00109097897075, 0.000782545015682, 0.000464057433419, 0.000754836655688], "dmean": [0.0599768459797, 0.0506245754659, 0.0423627905548, 0.034002378583, 0.0260911472142, 0.0299388840795], "max": [-0.325888991356, -0.435062766075, -0.585341453552, -0.600967884064, -0.664262235165, -0.548803925514], "var": [0.00963673647493, 0.0057916501537, 0.003953167703, 0.00283580948599, 0.00173716642894, 0.00185672170483], "mean": [-0.621400415897, -0.765112221241, -0.773025989532, -0.789824068546, -0.796840906143, -0.735311031342]}, "melbands_skewness": {"dmean2": 1.55674743652, "median": 3.78877806664, "min": -0.254683583975, "dvar2": 2.55348277092, "dvar": 0.994288563728, "dmean": 0.958672642708, "max": 14.4939050674, "var": 2.78366470337, "mean": 4.03209686279}, "spectral_spread": {"dmean2": 1027153.4375, "median": 5047164.5, "min": 3515494.25, "dvar2": 1723171471360.0, "dvar": 948518322176, "dmean": 675111.9375, "max": 42063676, "var": 8499700432900.0, "mean": 5520735}, "dissonance": {"dmean2": 0.0334547124803, "median": 0.471879124641, "min": 0, "dvar2": 0.00126518844627, "dvar": 0.000452499691164, "dmean": 0.019746446982, "max": 0.500000238419, "var": 0.000646793982014, "mean": 0.4664016366}, "spectral_skewness": {"dmean2": 0.308088868856, "median": 2.05092716217, "min": -0.0560322850943, "dvar2": 0.0793551132083, "dvar": 0.0415257662535, "dmean": 0.198102906346, "max": 2.99052548409, "var": 0.0881936103106, "mean": 1.98248589039}, "spectral_flux": {"dmean2": 0.0728044882417, "median": 0.132000058889, "min": 6.47066150661e-11, "dvar2": 0.00496340030804, "dvar": 0.0018693403108, "dmean": 0.0445230342448, "max": 0.536800920963, "var": 0.00443670433015, "mean": 0.137115433812}, "spectral_contrast_valleys": {"dmean2": [0.645040512085, 0.705056428909, 0.695417940617, 0.655857384205, 0.675761282444, 0.915101885796], "median": [-6.53542900085, -6.45428848267, -7.1430273056, -7.56209421158, -7.60538959503, -10.3348655701], "min": [-27.8554000854, -27.9525032043, -27.6582679749, -27.8172130585, -27.4811840057, -27.3564376831], "dvar2": [0.326185792685, 0.360984414816, 0.378127068281, 0.34226295352, 0.371074438095, 0.664843976498], "dvar": [0.16397562623, 0.181938543916, 0.195680618286, 0.185608923435, 0.214338809252, 0.368534892797], "dmean": [0.387997478247, 0.43894302845, 0.447213053703, 0.42883810401, 0.452048391104, 0.631947100163], "max": [-5.0797753334, -4.87935256958, -5.05355978012, -5.52397060394, -5.80643415451, -8.16572856903], "var": [3.2008998394, 3.39708018303, 3.23781561852, 3.12916183472, 3.11456775665, 2.77196383476], "mean": [-6.76861667633, -6.70114564896, -7.35835504532, -7.74492073059, -7.74300909042, -10.4914617538]}, "erbbands_flatness_db": {"dmean2": 0.025614015758, "median": 0.0962087363005, "min": 0.0324345193803, "dvar2": 0.000457162444945, "dvar": 0.000229795274208, "dmean": 0.0166836101562, "max": 0.242492705584, "var": 0.000553734425921, "mean": 0.0955650731921}, "spectral_energyband_high": {"dmean2": 0.00109616667032, "median": 0.000619108963292, "min": 7.20645161873e-21, "dvar2": 2.68441249318e-06, "dvar": 1.115416012e-06, "dmean": 0.000697341980413, "max": 0.00960475299507, "var": 1.17674039757e-06, "mean": 0.000982388621196}, "spectral_entropy": {"dmean2": 0.39714679122, "median": 7.52325201035, "min": 6.36892986298, "dvar2": 0.108171537519, "dvar": 0.0542804040015, "dmean": 0.26134160161, "max": 9.81734657288, "var": 0.160914570093, "mean": 7.56405639648}, "silence_rate_20dB": {"dmean2": 0, "median": 1, "min": 1, "dvar2": 0, "dvar": 0, "dmean": 0, "max": 1, "var": 0, "mean": 1}, "melbands_flatness_db": {"dmean2": 0.0565318651497, "median": 0.23135189712, "min": 0.00304496334866, "dvar2": 0.00261013023555, "dvar": 0.00122653518338, "dmean": 0.0365117937326, "max": 0.489461690187, "var": 0.00337676564232, "mean": 0.233989208937}, "barkbands": {"dmean2": [0.0236693657935, 0.00752917351201, 0.00857978127897, 0.00892130006105, 0.00767820747569, 0.00204200972803, 0.00117925321683, 0.000892487005331, 0.00128672760911, 0.000798052467871, 0.000394898233935, 0.000426580401836, 0.000488727819175, 0.000365331885405, 0.000303132459521, 0.000276707782177, 0.000218470668187, 0.00019944786618, 0.000192920560949, 0.000170907442225, 0.000170038358192, 0.000156188893015, 0.000140759424539, 0.000167074482306, 4.40109033661e-05, 0.000167249731021, 0.000325180153595], "median": [0.00631788140163, 0.00499530229717, 0.00419923942536, 0.00349769601598, 0.00357657740824, 0.000606544315815, 0.000488423858769, 0.000278204825008, 0.000860390719026, 0.000323694257531, 0.000121154778753, 0.000127261213493, 0.000264472502749, 0.000238174121478, 0.000157995498739, 0.000164804572705, 0.000130463493406, 0.000153206856339, 0.000122062541777, 0.000120719982078, 9.86749291769e-05, 7.89011246525e-05, 5.13486302225e-05, 4.12498593505e-05, 8.89247257874e-06, 4.68768048449e-05, 0.000277615152299], "min": [1.82097417032e-24, 5.71782634639e-24, 4.2905769926e-24, 3.47207976647e-24, 2.03210521853e-23, 1.27109062995e-23, 1.40878929863e-23, 1.74840512015e-23, 2.18803809149e-23, 1.66670374283e-23, 1.94433024333e-23, 2.92337967523e-23, 2.91442200188e-23, 2.16371561652e-23, 1.92335048756e-23, 6.73909671834e-23, 9.72943680047e-23, 8.27612529676e-23, 1.64791301296e-22, 2.04038860514e-22, 2.82966703866e-22, 3.78869369772e-22, 4.41611352449e-22, 6.04172537655e-22, 8.14120054701e-22, 1.39611860846e-21, 1.95110964453e-21], "dvar2": [0.00104534206912, 0.000107239131466, 0.000141762284329, 0.000184480391908, 0.000131767767016, 2.35479365074e-05, 5.99246504862e-06, 3.62244395546e-06, 2.66703250418e-06, 1.93637538359e-06, 6.65112168008e-07, 9.25241295135e-07, 7.68590268763e-07, 3.19848510344e-07, 2.98751444916e-07, 1.82118569114e-07, 1.21910190387e-07, 8.81922801454e-08, 9.04866794826e-08, 5.19558298606e-08, 6.25121430176e-08, 6.09348660419e-08, 6.61918591049e-08, 8.09642628496e-08, 6.98761493112e-09, 7.79223867653e-08, 1.99950122237e-07], "dvar": [0.000446669640951, 4.86515491502e-05, 4.90638885822e-05, 6.88028230797e-05, 5.24129718542e-05, 1.21005969049e-05, 2.42191413236e-06, 2.38020811594e-06, 1.14174383725e-06, 8.94442052868e-07, 2.78687338096e-07, 3.48532267935e-07, 3.23187236972e-07, 1.31809173354e-07, 1.22096878385e-07, 7.76877300268e-08, 5.25082093361e-08, 3.89038952164e-08, 3.80991487248e-08, 2.31149375196e-08, 2.60463774993e-08, 2.40628033055e-08, 2.58498662475e-08, 3.19930677506e-08, 2.67244870678e-09, 3.10615568822e-08, 9.90947341961e-08], "dmean": [0.0146422348917, 0.00460853427649, 0.00506955897436, 0.00533738080412, 0.00466953869909, 0.00126193044707, 0.000722588738427, 0.000588452501688, 0.000789372425061, 0.000510701152962, 0.000239713073825, 0.000260275148321, 0.000311952782795, 0.000229864846915, 0.000191631159396, 0.000170598446857, 0.000138164454256, 0.000127945633722, 0.000121025754197, 0.000107956286229, 0.000107227293483, 9.57562588155e-05, 8.38791238493e-05, 0.000100209595985, 2.6300574973e-05, 0.000100460776594, 0.000222369330004], "max": [0.321464806795, 0.114886209369, 0.109359368682, 0.0945714637637, 0.0922433435917, 0.0853339955211, 0.0318747349083, 0.0497021563351, 0.019422294572, 0.021878765896, 0.00878009106964, 0.00899661239237, 0.0108551476151, 0.00439501041546, 0.00545594235882, 0.00350643205456, 0.002849817276, 0.00234564975835, 0.00231232238002, 0.00146062148269, 0.00188694044482, 0.00147697806824, 0.00185289944056, 0.0019345509354, 0.000792072562035, 0.00161727622617, 0.00320229562931], "var": [0.000615391065367, 0.000101956851722, 8.67998605827e-05, 9.02468964341e-05, 0.000109863860416, 4.02374571422e-05, 4.01986380894e-06, 7.77242621552e-06, 3.19453442899e-06, 1.93350888367e-06, 4.51266856771e-07, 3.39988048381e-07, 5.55867188723e-07, 1.83791001973e-07, 1.82140581728e-07, 1.12563981247e-07, 7.00327476011e-08, 6.00608700552e-08, 4.27528661362e-08, 3.19857882403e-08, 3.00720799373e-08, 2.27518412999e-08, 2.11689155094e-08, 2.62587427358e-08, 2.0576826909e-09, 2.58294630129e-08, 1.58377162052e-07], "mean": [0.0161667969078, 0.00766649097204, 0.00730069633573, 0.00710289133713, 0.0076894229278, 0.00218289182521, 0.00108379509766, 0.000896417535841, 0.00144783128053, 0.000822066445835, 0.000306989066303, 0.000315880781272, 0.000512163271196, 0.000363156897947, 0.000289008603431, 0.000259430380538, 0.00019859711756, 0.000216307875235, 0.000175207358552, 0.000170649931533, 0.000152240434545, 0.000124565296574, 9.77359086392e-05, 9.88134052022e-05, 2.43099493673e-05, 0.000104432685475, 0.000377884833142]}, "erbbands_skewness": {"dmean2": 0.456400454044, "median": 0.473840534687, "min": -1.02969765663, "dvar2": 0.189444735646, "dvar": 0.0834881514311, "dmean": 0.284767568111, "max": 2.62543320656, "var": 0.198345556855, "mean": 0.446243792772}, "erbbands_spread": {"dmean2": 15.3485927582, "median": 47.3568840027, "min": 15.3743267059, "dvar2": 214.526260376, "dvar": 93.2838973999, "dmean": 9.48969459534, "max": 106.732925415, "var": 165.797622681, "mean": 48.9018516541}, "melbands_kurtosis": {"dmean2": 21.6432285309, "median": 20.7512569427, "min": -1.30936396122, "dvar2": 1011.31768799, "dvar": 394.518768311, "dmean": 13.2164335251, "max": 309.772979736, "var": 797.409790039, "mean": 28.1818733215}, "melbands": {"dmean2": [0.00284381536767, 0.00327540910803, 0.00361357419752, 0.00189613283146, 0.000582992099226, 0.000390229135519, 0.000264372589299, 0.000179526628926, 0.000194644831936, 0.000178123475052, 0.000104327344161, 0.000107311600004, 5.56352752028e-05, 5.20904432051e-05, 4.4460844947e-05, 4.30959189544e-05, 4.19544776378e-05, 2.50557768595e-05, 2.26611282415e-05, 2.07608154597e-05, 1.57902795763e-05, 1.34723013616e-05, 1.10691962618e-05, 9.8901327874e-06, 8.80357856659e-06, 6.96933648214e-06, 7.37901245884e-06, 5.0761041166e-06, 4.85200644107e-06, 4.38563074567e-06, 3.86577221434e-06, 3.40527094522e-06, 3.04665422846e-06, 2.6816501304e-06, 2.31427998187e-06, 2.14489318751e-06, 2.18324248635e-06, 2.02852993425e-06, 1.71858380327e-06, 4.22752975737e-07], "median": [0.0021270646248, 0.00215472467244, 0.00213015684858, 0.00082985626068, 0.000235837505898, 0.00010987832502, 0.000104209233541, 7.76212400524e-05, 8.42419394758e-05, 0.00011839227227, 7.64646392781e-05, 3.6666962842e-05, 1.82502808457e-05, 1.44607147377e-05, 1.92057668755e-05, 2.61786590272e-05, 2.9783726859e-05, 9.53623202804e-06, 1.28838291857e-05, 1.18166726679e-05, 9.56002986641e-06, 7.72880594013e-06, 7.24553228793e-06, 7.11178472557e-06, 5.32598187419e-06, 3.51493417838e-06, 4.70609484182e-06, 2.90061097985e-06, 2.88723640551e-06, 2.13520911529e-06, 1.92799143406e-06, 1.68390351973e-06, 1.37106940201e-06, 1.02380658973e-06, 7.8243272128e-07, 6.69742405535e-07, 5.52982555746e-07, 4.45517798653e-07, 3.34272414193e-07, 7.86871865444e-08], "min": [1.23176587438e-24, 2.56423319597e-24, 2.13243598e-24, 2.8636719766e-24, 3.41022991605e-24, 3.01879062678e-24, 3.07235940984e-24, 3.48221465695e-24, 1.80320685336e-24, 2.70951060914e-24, 1.96581968214e-24, 2.68717894299e-24, 3.39395887102e-24, 2.76214893076e-24, 3.31821086918e-24, 3.25984837561e-24, 2.27698724671e-24, 3.53726137091e-24, 1.81788775202e-24, 5.03794736408e-24, 3.74863665047e-24, 5.85104523176e-24, 5.99461673322e-24, 3.3173277394e-24, 4.86612872576e-24, 5.13402549474e-24, 6.00716711579e-24, 6.42117078518e-24, 4.85038582311e-24, 6.03962243115e-24, 6.19086481605e-24, 6.49250471582e-24, 6.41012988795e-24, 6.77381921994e-24, 6.4221308289e-24, 6.27456453582e-