{"tonal": {"thpcp": [1, 0.679210424423, 0.275217175484, 0.17713317275, 0.118077360094, 0.0974142104387, 0.0917056798935, 0.0937843173742, 0.123310208321, 0.175988465548, 0.170230984688, 0.126559704542, 0.105709716678, 0.093125782907, 0.0813140198588, 0.0740385428071, 0.0931419879198, 0.156547859311, 0.216992393136, 0.219044134021, 0.193476721644, 0.151410132647, 0.0980651155114, 0.0702394992113, 0.0627196356654, 0.0693436637521, 0.0727319791913, 0.068609982729, 0.0786369591951, 0.0848765224218, 0.0878633633256, 0.0942873284221, 0.103010751307, 0.118240304291, 0.150630414486, 0.572979986668], "hpcp": {"dmean2": [0.173572674394, 0.156392171979, 0.141189739108, 0.130053773522, 0.153174728155, 0.247221663594, 0.310702413321, 0.292876213789, 0.273090720177, 0.232087358832, 0.152922198176, 0.108035437763, 0.0877809897065, 0.0836566239595, 0.0806936323643, 0.0813359841704, 0.0900540873408, 0.101846642792, 0.102459929883, 0.115644410253, 0.145102798939, 0.182459264994, 0.245032861829, 0.440714746714, 0.547641575336, 0.459590852261, 0.368736088276, 0.258248776197, 0.184849783778, 0.14596401155, 0.133036509156, 0.13297817111, 0.1473852247, 0.188100025058, 0.201702162623, 0.182760208845], "median": [0.00863517355174, 0.0067644296214, 0.00491984980181, 0.00422389386222, 0.00599818117917, 0.0138651039451, 0.0215185638517, 0.0291542652994, 0.0264814868569, 0.0187904089689, 0.00908334925771, 0.00493171066046, 0.00483738537878, 0.0072017069906, 0.00776918232441, 0.00614287611097, 0.00466949585825, 0.00375365233049, 0.00402088649571, 0.00619213934988, 0.00957623682916, 0.0112183913589, 0.0164352618158, 0.410226941109, 0.8855240345, 0.483777880669, 0.0429059192538, 0.0175756327808, 0.0071763866581, 0.00399798247963, 0.00325364852324, 0.00397607497871, 0.0124725103378, 0.0231275539845, 0.0211102999747, 0.0118718203157], "min": [0, 0, 0, 0, 0, 0, 0, 0, 0, 0, 0, 0, 0, 0, 0, 0, 0, 0, 0, 0, 0, 0, 0, 0, 0, 0, 0, 0, 0, 0, 0, 0, 0, 0, 0, 0], "dvar2": [0.115935564041, 0.105842746794, 0.0981032624841, 0.0902475789189, 0.0952696055174, 0.154337152839, 0.182392448187, 0.159585237503, 0.153047010303, 0.124346502125, 0.0725511088967, 0.0579743571579, 0.0420145615935, 0.0403715409338, 0.0370051339269, 0.039052490145, 0.0436687096953, 0.0554533153772, 0.0590747222304, 0.0650230869651, 0.0836545675993, 0.103902645409, 0.123649686575, 0.144686505198, 0.297642290592, 0.157950907946, 0.177411362529, 0.137558609247, 0.107059404254, 0.0940573662519, 0.0823276340961, 0.0894961804152, 0.0807549804449, 0.104987941682, 0.131277263165, 0.106471456587], "dvar": [0.0401969850063, 0.0379030369222, 0.0344960577786, 0.0314291082323, 0.0337187759578, 0.0551403053105, 0.0684932097793, 0.0600546747446, 0.054658472538, 0.0447313673794, 0.0257469974458, 0.0200368445367, 0.0152063248679, 0.0147130191326, 0.0129964649677, 0.013779964298, 0.0167086590081, 0.0200605560094, 0.0206163786352, 0.0222013369203, 0.0292106326669, 0.0370794720948, 0.0445443876088, 0.0547720082104, 0.119736514986, 0.0612986050546, 0.0688239037991, 0.0493438281119, 0.0374920405447, 0.0323080159724, 0.0288780909032, 0.0311924107373, 0.0279719866812, 0.0383687727153, 0.0462123863399, 0.0375890992582], "dmean": [0.09236548841, 0.0831361636519, 0.0751458704472, 0.0684928148985, 0.0827368870378, 0.134212970734, 0.170696422458, 0.162987545133, 0.150563955307, 0.126356452703, 0.0830880403519, 0.0582798980176, 0.0485008247197, 0.0466713905334, 0.0452719666064, 0.0452682413161, 0.0517878457904, 0.0567337535322, 0.0563653111458, 0.0641963556409, 0.0797491371632, 0.0989809706807, 0.132896229625, 0.250142872334, 0.299544602633, 0.263675838709, 0.20652346313, 0.141425058246, 0.100144907832, 0.0787812545896, 0.0715182349086, 0.071581505239, 0.0801270082593, 0.104530446231, 0.111013151705, 0.0975444167852], "max": [1, 1, 1, 1, 1, 1, 1, 1, 1, 1, 1, 1, 1, 1, 1, 1, 1, 1, 1, 1, 1, 1, 1, 1, 1, 1, 1, 1, 1, 1, 1, 1, 1, 1, 1, 1], "var": [0.0272335000336, 0.0249369703233, 0.0219946783036, 0.020506888628, 0.0238544661552, 0.0428969636559, 0.0609164275229, 0.0578154549003, 0.0483515374362, 0.0350949242711, 0.0188304465264, 0.0152633227408, 0.0130787994713, 0.0153114944696, 0.0168194919825, 0.0157964359969, 0.0205398481339, 0.0215648300946, 0.0227600745857, 0.0239835325629, 0.0251890793443, 0.0288476161659, 0.0339510142803, 0.0751909837127, 0.166143089533, 0.088631734252, 0.071915268898, 0.0430362075567, 0.0284136272967, 0.0267481803894, 0.0251765809953, 0.0274820309132, 0.0323227830231, 0.0489262863994, 0.0482946671546, 0.0326424986124], "mean": [0.0677540451288, 0.0596884451807, 0.0521177612245, 0.0474545843899, 0.05969883129, 0.100338466465, 0.139080047607, 0.140395104885, 0.124007813632, 0.0970454663038, 0.062854282558, 0.0450196117163, 0.0401997976005, 0.0444454289973, 0.046617154032, 0.0439751818776, 0.0504019148648, 0.0544011294842, 0.0563155263662, 0.0604329295456, 0.0660241618752, 0.0757854580879, 0.0965457111597, 0.367248296738, 0.640944361687, 0.435336083174, 0.17639888823, 0.113532505929, 0.0756810158491, 0.0624370910227, 0.0587782375515, 0.0601105317473, 0.0790349841118, 0.112798817456, 0.10910858959, 0.0811177268624]}, "tuning_equal_tempered_deviation": 0.192127674818, "chords_changes_rate": 0.0740192458034, "key_key": "A#", "tuning_diatonic_strength": 0.433215767145, "key_scale": "minor", "chords_number_rate": 0.00222057732753, "tuning_frequency": 434.193115234, "tuning_nontempered_energy_ratio": 0.776749968529, "chords_histogram": [6.21761655807, 20.3923015594, 51.8134727478, 0.370096236467, 0.148038491607, 0, 0, 9.91857910156, 2.07253885269, 0.703182816505, 0, 0.962250173092, 0, 0, 0, 0, 0, 0.0370096229017, 6.66173219681, 0.259067356586, 0.222057729959, 0.222057729959, 0, 0], "key_strength": 0.539005875587, "chords_key": "F", "chords_strength": {"dmean2": 0.0127586135641, "median": 0.51616704464, "min": -1, "dvar2": 0.000904118060134, "dvar": 0.000799922738224, "dmean": 0.0102399792522, "max": 0.697772681713, "var": 0.0061492305249, "mean": 0.510285913944}, "chords_scale": "minor", "hpcp_entropy": {"dmean2": 1.31095445156, "median": 2.54920864105, "min": 0, "dvar2": 0.971572160721, "dvar": 0.349894970655, "dmean": 0.77420771122, "max": 4.4526515007, "var": 0.619625270367, "mean": 2.52816843987}}, "metadata": {"audio_properties": {"equal_loudness": 0, "codec": "mp3", "downmix": "mix", "sample_rate": 44100, "analysis_sample_rate": 44100, "bit_rate": 266152, "md5_encoded": "476851d08528eddec22765abf8eec489", "length": 125.41493988, "replay_gain": -6.32746124268, "lossless": false}, "version": {"essentia_build_sha": "ca57ba49d9b1854bd80e60cf9ccf267278fb7d6b", "essentia": "2.1-beta1", "extractor": "music 1.0", "essentia_git_sha": "v2.1_beta1-28-g21ef5f4-dirty"}, "tags": {"title": ["Mutation (Intro)"], "barcode": ["3298498211115"], "albumartist": ["Disiz Peter Punk"], "length": ["125386"], "musicbrainz_recordingid": ["164c12f3-fa90-4549-894b-b7173c0babeb"], "encoding": ["LAME 64bits version 3.98.2 (http://www.mp3dev.org/)"], "musicbrainz_albumartistid": ["96b265f4-f78e-426a-b637-a3fb0f2f1609"], "album": ["Dans le ventre du crocodile"], "musicbrainz album release country": ["FR"], "musicbrainz album type": ["album"], "musicbrainz album status": ["official"], "file_name": "01 - Mutation (Intro).mp3", "originaldate": ["2010-05"], "date": ["2010-05"], "genre": ["Rock"], "musicip_puid": ["682e9e03-9ad3-62da-a16f-491c8b318e06"], "asin": ["B003DW6QZA"], "musicbrainz_albumid": ["88ff4d51-99e8-43e2-820e-73eea027b8d4"], "artist": ["Disiz Peter Punk"], "artistsort": ["Disiz Peter Punk"], "tracknumber": ["1/12"], "label": ["na\u00efve"], "albumartistsort": ["Disiz Peter Punk"], "musicbrainz_artistid": ["96b265f4-f78e-426a-b637-a3fb0f2f1609"]}}, "rhythm": {"bpm_histogram_first_peak_bpm": {"dmean2": 0, "median": 117, "min": 117, "dvar2": 0, "dvar": 0, "dmean": 0, "max": 117, "var": 0, "mean": 117}, "bpm": 116.981735229, "bpm_histogram_second_peak_spread": {"dmean2": 0, "median": 0.399999976158, "min": 0.399999976158, "dvar2": 0, "dvar": 0, "dmean": 0, "max": 0.399999976158, "var": 0, "mean": 0.399999976158}, "bpm_histogram_first_peak_weight": {"dmean2": 0, "median": 0.776859521866, "min": 0.776859521866, "dvar2": 0, "dvar": 0, "dmean": 0, "max": 0.776859521866, "var": 0, "mean": 0.776859521866}, "onset_rate": 4.1774892807, "beats_position": [0.53405892849, 1.07972788811, 1.62539684772, 2.17106580734, 2.70512461662, 3.22757363319, 3.73841261864, 4.26086139679, 4.77170038223, 5.27092981339, 5.78176879883, 6.29260778427, 6.80344676971, 7.31428575516, 7.8251247406, 8.33596324921, 8.84680271149, 9.35764122009, 9.8800907135, 10.4025392532, 10.9133787155, 11.4242172241, 11.9350566864, 12.445895195, 12.9567346573, 13.4675731659, 13.9784126282, 14.4892511368, 15.0000905991, 15.5225391388, 16.0333786011, 16.5558280945, 17.0666656494, 17.5775051117, 18.088344574, 18.5991840363, 19.1100215912, 19.6208610535, 20.1317005157, 20.642539978, 21.153377533, 21.6642169952, 22.1866664886, 22.7091159821, 23.2083435059, 23.7307929993, 24.2416324615, 24.7524719238, 25.2633094788, 25.774148941, 26.2849884033, 26.7958278656, 27.3066654205, 27.8175048828, 28.3283443451, 28.8507938385, 29.3732414246, 29.8840808868, 30.3949203491, 30.9057598114, 31.4165973663, 31.9274368286, 32.4382743835, 32.9491157532, 33.4599533081, 33.9824028015, 34.5048522949, 35.0156898499, 35.5265312195, 36.0373687744, 36.5482063293, 37.059047699, 37.5698852539, 38.0807266235, 38.5915641785, 39.1024017334, 39.613243103, 40.1356925964, 40.6581382751, 41.1689796448, 41.6798171997, 42.1906585693, 42.7014961243, 43.2123336792, 43.7231750488, 44.2340126038, 44.7564620972, 45.2672996521, 45.7781410217, 46.3005905151, 46.8114280701, 47.322265625, 47.8331069946, 48.3439445496, 48.8547821045, 49.3772315979, 49.8996810913, 50.4105224609, 50.9213600159, 51.4321975708, 51.9430389404, 52.4538764954, 52.9647140503, 53.4755554199, 53.9863929749, 54.4972343445, 55.0080718994, 55.5189094543, 56.029750824, 56.5405883789, 57.0630378723, 57.5854873657, 58.0963249207, 58.6071662903, 59.1180038452, 59.6288414001, 60.1396827698, 60.6505203247, 61.1613578796, 61.6721992493, 62.1830368042, 62.6938781738, 63.2163238525, 63.7387733459, 64.2496109009, 64.7604522705, 65.2712936401, 65.7821273804, 66.29296875, 66.8038101196, 67.3146438599, 67.8254852295, 68.3363265991, 68.8471679688, 69.3696136475, 69.8920593262, 70.4029006958, 70.9137420654, 71.4245758057, 71.9354171753, 72.4462585449, 72.9570999146, 73.4679336548, 73.9787750244, 74.489616394, 75.0004501343, 75.5229034424, 76.0453491211, 76.5561904907, 77.0670318604, 77.5778656006, 78.0887069702, 78.5995483398, 79.1103820801, 79.6212234497, 80.1436691284, 80.6428985596, 81.1653518677, 81.6877975464, 82.198638916, 82.7094802856, 83.2203140259, 83.7311553955, 84.2419967651, 84.7528305054, 85.263671875, 85.7745132446, 86.2853469849, 86.7961883545, 87.3186416626, 87.8410873413, 88.3519287109, 88.8627624512, 89.3736038208, 89.8844451904, 90.3952789307, 90.9061203003, 91.4169616699, 91.9277954102, 92.4502487183, 92.9610900879, 93.4835357666, 93.9943771362, 94.5052108765, 95.0160522461, 95.5268936157, 96.037727356, 96.5485687256, 97.0594100952, 97.5702438354, 98.0810852051, 98.5919265747, 99.1143722534, 99.625213623, 100.147659302, 100.658500671, 101.169342041, 101.680175781, 102.191017151, 102.701858521, 103.21269989, 103.72353363, 104.234375, 104.74521637, 105.25605011, 105.766891479, 106.277732849, 106.788566589, 107.311019897, 107.833465576, 108.344306946, 108.855148315, 109.365982056, 109.876823425, 110.387664795, 110.898498535, 111.409339905, 111.931785583, 112.454238892, 112.965080261, 113.475914001, 113.986755371, 114.497596741, 115.008430481, 115.519271851, 116.03011322, 116.54094696, 117.05178833, 117.5626297, 118.07346344, 118.58430481, 119.095146179, 119.605987549, 120.128433228, 120.650878906, 121.161720276, 121.672561646, 122.183395386, 122.705848694, 123.228294373, 123.750747681, 124.273193359, 124.807250977], "beats_loudness": {"dmean2": 0.436702877283, "median": 0.155535504222, "min": 0, "dvar2": 0.102095320821, "dvar": 0.0328099802136, "dmean": 0.220840767026, "max": 0.914240658283, "var": 0.0328505858779, "mean": 0.204744279385}, "danceability": 1.09465074539, "bpm_histogram_second_peak_weight": {"dmean2": 0, "median": 0.012396694161, "min": 0.012396694161, "dvar2": 0, "dvar": 0, "dmean": 0, "max": 0.012396694161, "var": 0, "mean": 0.012396694161}, "beats_count": 243, "bpm_histogram_second_peak_bpm": {"dmean2": 0, "median": 110, "min": 110, "dvar2": 0, "dvar": 0, "dmean": 0, "max": 110, "var": 0, "mean": 110}, "bpm_histogram_first_peak_spread": {"dmean2": 0, "median": 0.206751048565, "min": 0.206751048565, "dvar2": 0, "dvar": 0, "dmean": 0, "max": 0.206751048565, "var": 0, "mean": 0.206751048565}, "beats_loudness_band_ratio": {"dmean2": [0.599457502365, 0.0781225413084, 0.068185120821, 0.0450879856944, 0.0162201859057, 0.461829960346], "median": [0.668282330036, 0.031632758677, 0.0207388922572, 0.00545287504792, 0.00230040075257, 0.16664133966], "min": [0, 0, 0, 0, 0, 0], "dvar2": [0.1101051718, 0.00710119167343, 0.00815133191645, 0.00358220119961, 0.000483760231873, 0.0571531914175], "dvar": [0.0338604338467, 0.00244439369999, 0.00283168698661, 0.00119389081374, 0.000173184162122, 0.0194918811321], "dmean": [0.306493639946, 0.043310251087, 0.037931881845, 0.0244977865368, 0.00875789858401, 0.236809402704], "max": [0.989420711994, 0.318926841021, 0.407546430826, 0.384474933147, 0.130364760756, 0.72257989645], "var": [0.0786432698369, 0.00269914302044, 0.00364477420226, 0.0045894975774, 0.000699383730534, 0.0305241495371], "mean": [0.623827934265, 0.0472726672888, 0.0434805192053, 0.0295925457031, 0.0125576239079, 0.209501802921]}}, "lowlevel": {"barkbands_spread": {"dmean2": 9.63038444519, "median": 5.51281929016, "min": 0.189264595509, "dvar2": 161.343643188, "dvar": 70.5674438477, "dmean": 5.94665145874, "max": 112.315116882, "var": 249.850921631, "mean": 11.8086166382}, "melbands_spread": {"dmean2": 5.68358469009, "median": 3.1633849144, "min": 0.0350092984736, "dvar2": 90.9113464355, "dvar": 37.8149223328, "dmean": 3.44542455673, "max": 174.716690063, "var": 212.404220581, "mean": 7.22547578812}, "hfc": {"dmean2": 351.885803223, "median": 482.907867432, "min": 1.08898936448e-16, "dvar2": 181787.984375, "dvar": 74455.4296875, "dmean": 226.251205444, "max": 4534.68652344, "var": 279148.96875, "mean": 621.235168457}, "barkbands_kurtosis": {"dmean2": 66.2917480469, "median": 32.3430938721, "min": -1.69544959068, "dvar2": 9694.640625, "dvar": 3631.91601562, "dmean": 40.8691215515, "max": 806.694824219, "var": 6087.90527344, "mean": 60.1990661621}, "gfcc": {"mean": [-52.9423751831, 104.521629333, -45.6918678284, 2.44162964821, -11.5027265549, -8.99143886566, -2.10024046898, -8.17997264862, 0.723069548607, -0.276405543089, 1.67689192295, -5.4843287468, -2.58138513565], "icov": [[9.39413221204e-05, -0.000299158884445, 0.000203189934837, -0.000305886700517, 0.000121361430502, -2.30800906138e-05, -9.05969063751e-05, -0.000131645938382, 0.000261778826825, -0.000386834144592, 0.000232342790696, -0.000274790392723, 0.000195431828615], [-0.000299158884445, 0.00275811459869, -0.0010430580005, 0.000918229459785, -0.000472838175483, -0.000660444435198, -9.01626719951e-08, 0.00136533973273, -0.00176670495421, 0.00213446957059, -0.00344867957756, 0.00384036428295, -0.00196789647453], [0.000203189934837, -0.0010430580005, 0.00207513337955, -0.00216001877561, 0.00070332060568, -0.000875917146914, 0.00108863657806, -0.00156021025032, -0.000916804303415, 0.00105988804717, -0.000740576768294, -0.000348417146597, 0.000571074255276], [-0.000305886700517, 0.000918229459785, -0.00216001877561, 0.00589482439682, -0.00206193304621, 0.0011952490313, -0.00123603281099, -0.00100399856456, 0.0016544846585, -0.00296147051267, 0.00416687503457, -0.00326911499724, 0.00171867385507], [0.000121361430502, -0.000472838175483, 0.00070332060568, -0.00206193304621, 0.0102779371664, -0.00475887721404, -0.00377429043874, 0.00317451846786, -0.0017284178175, 0.00321961566806, -0.00802057981491, 0.00765479216352, -0.00338338268921], [-2.30800906138e-05, -0.000660444435198, -0.000875917146914, 0.0011952490313, -0.00475887721404, 0.00843726005405, 0.000176566041773, -0.00738140800968, 0.00544773600996, -0.00263106334023, 0.00698236515746, -0.00668261293322, 0.00189784553368], [-9.05969063751e-05, -9.01626719951e-08, 0.00108863657806, -0.00123603281099, -0.00377429043874, 0.000176566041773, 0.013039316982, -3.87472027796e-05, -0.00798923242837, 0.00646719429642, 0.00178088853136, -0.0035779858008, 0.00129473500419], [-0.000131645938382, 0.00136533973273, -0.00156021025032, -0.00100399856456, 0.00317451846786, -0.00738140800968, -3.87472027796e-05, 0.019865386188, -0.00709161208943, -0.00208386173472, -0.00153547653463, 0.00648802146316, -0.00788000132889], [0.000261778826825, -0.00176670495421, -0.000916804303415, 0.0016544846585, -0.0017284178175, 0.00544773600996, -0.00798923242837, -0.00709161208943, 0.0270347874612, -0.0138713447377, 0.00197634426877, -0.0045213396661, 0.00512378057465], [-0.000386834144592, 0.00213446957059, 0.00105988804717, -0.00296147051267, 0.00321961566806, -0.00263106334023, 0.00646719429642, -0.00208386173472, -0.0138713447377, 0.0333079993725, -0.0217998474836, 0.00498135900125, 0.00264094211161], [0.000232342790696, -0.00344867957756, -0.000740576768294, 0.00416687503457, -0.00802057981491, 0.00698236515746, 0.00178088853136, -0.00153547653463, 0.00197634426877, -0.0217998474836, 0.0439356230199, -0.0210086274892, -0.00391863845289], [-0.000274790392723, 0.00384036428295, -0.000348417146597, -0.00326911499724, 0.00765479216352, -0.00668261293322, -0.0035779858008, 0.00648802146316, -0.0045213396661, 0.00498135900125, -0.0210086274892, 0.0368702560663, -0.0079318517819], [0.000195431828615, -0.00196789647453, 0.000571074255276, 0.00171867385507, -0.00338338268921, 0.00189784553368, 0.00129473500419, -0.00788000132889, 0.00512378057465, 0.00264094211161, -0.00391863845289, -0.0079318517819, 0.0263559557498]], "cov": [[20815.53125, 1574.0020752, -249.908096313, 923.549316406, 55.1178970337, 275.949279785, 180.293762207, 135.063079834, 26.9578285217, 252.943939209, 41.2314872742, 79.8672103882, -73.3245239258], [1574.0020752, 887.125305176, 370.207061768, 30.690366745, 153.937057495, 126.083374023, 23.1114845276, 58.4346580505, 39.1984901428, 3.39351987839, 59.9552650452, -40.0828514099, 60.45262146], [-249.908096313, 370.207061768, 1653.18774414, 531.286560059, 85.0070419312, 432.324310303, -50.8067741394, 299.216522217, 52.2023200989, 38.8815078735, 2.89855074883, 34.1316337585, 27.4257106781], [923.549316406, 30.690366745, 531.286560059, 465.75680542, 40.5359611511, 165.689712524, 24.6778392792, 112.703308105, 16.5819759369, 32.447769165, -24.0587177277, 33.6909484863, -20.5964202881], [55.1178970337, 153.937057495, 85.0070419312, 40.5359611511, 213.153121948, 116.396682739, 61.3923912048, 25.7241821289, 6.83990955353, -17.8954772949, 14.0394487381, -15.651052475, 28.097284317], [275.949279785, 126.083374023, 432.324310303, 165.689712524, 116.396682739, 399.590301514, 5.59478330612, 158.486785889, -25.1666736603, -10.1330938339, -31.5621643066, 14.5180273056, 26.0587654114], [180.293762207, 23.1114845276, -50.8067741394, 24.6778392792, 61.3923912048, 5.59478330612, 132.246337891, -6.30198669434, 28.1882896423, -20.6659564972, -7.72883462906, 3.74157214165, -4.45449542999], [135.063079834, 58.4346580505, 299.216522217, 112.703308105, 25.7241821289, 158.486785889, -6.30198669434, 148.05770874, 23.401725769, 26.6137390137, 1.79963076115, 9.46998977661, 21.8965435028], [26.9578285217, 39.1984901428, 52.2023200989, 16.5819759369, 6.83990955353, -25.1666736603, 28.1882896423, 23.401725769, 83.0209121704, 44.0290260315, 30.4323768616, 11.4824314117, -3.75456428528], [252.943939209, 3.39351987839, 38.8815078735, 32.447769165, -17.8954772949, -10.1330938339, -20.6659564972, 26.6137390137, 44.0290260315, 87.6731567383, 47.8370094299, 20.5121212006, -1.23498761654], [41.2314872742, 59.9552650452, 2.89855074883, -24.0587177277, 14.0394487381, -31.5621643066, -7.72883462906, 1.79963076115, 30.4323768616, 47.8370094299, 73.7935256958, 25.5786972046, 18.6296958923], [79.8672103882, -40.0828514099, 34.1316337585, 33.6909484863, -15.651052475, 14.5180273056, 3.74157214165, 9.46998977661, 11.4824314117, 20.5121212006, 25.5786972046, 54.9541244507, 9.12532424927], [-73.3245239258, 60.45262146, 27.4257106781, -20.5964202881, 28.097284317, 26.0587654114, -4.45449542999, 21.8965435028, -3.75456428528, -1.23498761654, 18.6296958923, 9.12532424927, 58.614238739]]}, "spectral_energyband_middle_low": {"dmean2": 0.0087820244953, "median": 0.00575313391164, "min": 1.82411639263e-22, "dvar2": 0.000203078205232, "dvar": 8.12672733446e-05, "dmean": 0.00555075053126, "max": 0.163864925504, "var": 0.000228105840506, "mean": 0.0113064609468}, "melbands_crest": {"dmean2": 7.88807249069, "median": 21.9072418213, "min": 1.72893953323, "dvar2": 41.4065093994, "dvar": 16.0484523773, "dmean": 4.72423267365, "max": 39.3099479675, "var": 61.4283714294, "mean": 22.2531642914}, "spectral_kurtosis": {"dmean2": 11.6073141098, "median": 15.480846405, "min": -1.24658501148, "dvar2": 193.387039185, "dvar": 72.7930755615, "dmean": 7.04658555984, "max": 151.318359375, "var": 109.770103455, "mean": 17.8921146393}, "spectral_rms": {"dmean2": 0.00318381306715, "median": 0.00929882470518, "min": 3.16167946858e-12, "dvar2": 1.24294183479e-05, "dvar": 5.59142199563e-06, "dmean": 0.00201737927273, "max": 0.030998390168, "var": 2.21985555982e-05, "mean": 0.0096332821995}, "zerocrossingrate": {"dmean2": 0.0880256891251, "median": 0.357421875, "min": 0.013671875, "dvar2": 0.00474119232967, "dvar": 0.00313662947156, "dmean": 0.0700894221663, "max": 0.7666015625, "var": 0.0185697861016, "mean": 0.357725441456}, "silence_rate_60dB": {"dmean2": 0.0222181081772, "median": 0, "min": 0, "dvar2": 0.0220947060734, "dvar": 0.0109835965559, "dmean": 0.0111069977283, "max": 1, "var": 0.0604219175875, "mean": 0.0645937472582}, "erbbands_kurtosis": {"dmean2": 5.4350643158, "median": 1.24636745453, "min": -1.66837763786, "dvar2": 99.2000198364, "dvar": 38.1915359497, "dmean": 3.31357169151, "max": 156.168792725, "var": 44.0229301453, "mean": 3.24317979813}, "erbbands": {"dmean2": [3.10299134254, 8.02859306335, 9.63590621948, 7.65333175659, 8.576628685, 11.941655159, 26.8385105133, 27.6835575104, 22.089756012, 22.2309169769, 21.2649593353, 20.1046581268, 22.8185710907, 23.2387485504, 24.6170558929, 25.669002533, 22.5282649994, 20.0900554657, 23.2369232178, 13.5300235748, 7.33588838577, 5.38354682922, 4.5403637886, 5.16638374329, 5.59834337234, 4.50139427185, 3.68365597725, 2.33118653297, 1.50980019569, 1.67489945889, 0.620440602303, 0.304881691933, 0.192519754171, 0.109104245901, 0.0706124976277, 0.0481720343232, 0.043813187629, 0.0683950483799, 0.0308446120471, 0.0197416935116], "median": [1.02831876278, 4.13440465927, 6.43436145782, 4.66833162308, 4.02558040619, 3.36585092545, 4.13496446609, 6.04325675964, 11.6864099503, 5.12435245514, 3.52815246582, 3.38785481453, 3.65016651154, 2.63560247421, 2.20578527451, 2.25775766373, 2.04206347466, 2.26356315613, 2.55056810379, 1.52992963791, 1.01358640194, 0.783584296703, 0.672478854656, 0.697291612625, 0.606426358223, 0.45805093646, 0.313230395317, 0.223304599524, 0.175035879016, 0.133359983563, 0.0924856066704, 0.0598231516778, 0.0411821193993, 0.026674574241, 0.0185688938946, 0.0139925060794, 0.011215060018, 0.00885783601552, 0.00736946845427, 0.0164066404104], "min": [1.46804275537e-22, 9.44842409876e-22, 1.93051191832e-21, 1.71391742142e-20, 1.1944140694e-20, 3.77999955693e-20, 4.0671501367e-20, 1.2176858589e-19, 1.46381034823e-19, 2.61885459482e-19, 1.9880697949e-19, 6.01268643374e-19, 7.11150023476e-19, 4.86318145382e-19, 1.03272382783e-18, 1.18272072761e-18, 1.54784838295e-18, 2.53155048916e-18, 2.12332982583e-18, 3.66335835346e-18, 5.23090283738e-18, 5.61912268709e-18, 5.51346401231e-18, 5.36291010979e-18, 7.48344427194e-18, 7.35514276867e-18, 8.21254938799e-18, 1.18586862547e-17, 1.23136256654e-17, 1.1528456729e-17, 1.20593065046e-17, 1.08367443125e-17, 1.0090329615e-17, 9.0497413675e-18, 6.67701555301e-18, 4.35111601941e-18, 2.26975072042e-18, 8.97165572447e-19, 2.73821339679e-19, 2.64853958669e-20], "dvar2": [25.363199234, 133.174194336, 153.680786133, 136.752380371, 208.787231445, 560.090698242, 6932.62597656, 3965.63891602, 1413.20556641, 2849.73217773, 1471.27563477, 2083.95166016, 1785.6184082, 2028.37255859, 3141.60229492, 2865.43017578, 2098.85327148, 1669.10827637, 1813.56994629, 894.766601562, 564.734375, 198.538787842, 135.625213623, 207.221237183, 471.387115479, 343.823638916, 279.22744751, 141.144607544, 44.7921638489, 49.8695907593, 5.09821271896, 0.749110102654, 0.260484576225, 0.0515660718083, 0.0202163979411, 0.00894211046398, 0.019700134173, 0.111525222659, 0.0119611630216, 0.000925723928958], "dvar": [9.5134305954, 52.8214950562, 61.0970993042, 52.4108123779, 77.3703765869, 210.792617798, 2675.63623047, 1592.08483887, 563.984558105, 1284.61743164, 568.358154297, 834.704345703, 702.31060791, 776.944213867, 1133.28894043, 1104.66040039, 803.04083252, 658.776733398, 728.238586426, 341.559020996, 217.248153687, 81.340171814, 59.5848655701, 116.351722717, 249.922714233, 195.506896973, 128.300796509, 73.5875091553, 24.0342407227, 21.7646770477, 2.1317024231, 0.296388298273, 0.100976519287, 0.0191234871745, 0.00749916722998, 0.00352256186306, 0.00855192448944, 0.0509953461587, 0.00640139868483, 0.000366315158317], "dmean": [1.82410037518, 4.87749624252, 6.1527466774, 4.80356884003, 5.22935819626, 7.09474134445, 16.4357261658, 17.2560405731, 13.7971715927, 14.017241478, 12.6383600235, 11.8541269302, 13.4003915787, 13.5277662277, 13.9098882675, 14.675204277, 12.9293422699, 11.6463451385, 13.5785617828, 7.81132507324, 4.3800330162, 3.22557139397, 2.80720543861, 3.28293132782, 3.7596681118, 3.14088463783, 2.44742155075, 1.67252576351, 1.03342497349, 1.08753943443, 0.383729487658, 0.184176787734, 0.1161878407, 0.0651302263141, 0.0423079952598, 0.0294852629304, 0.0277855973691, 0.0459306426346, 0.0208037495613, 0.0120805585757], "max": [34.0196151733, 95.9282226562, 98.2815933228, 124.384078979, 148.684234619, 237.847579956, 1114.74841309, 835.012817383, 553.320129395, 788.956115723, 389.0597229, 923.596740723, 439.972137451, 322.782714844, 435.469726562, 367.818511963, 374.581512451, 348.076477051, 524.433410645, 196.580947876, 305.677459717, 205.554611206, 234.526184082, 400.965087891, 654.207336426, 581.375488281, 378.415557861, 218.33241272, 117.996299744, 97.9607849121, 36.1577529907, 11.8388032913, 5.72941350937, 2.70179057121, 1.68470919132, 0.932079255581, 2.23900985718, 5.49808216095, 2.59514570236, 0.261270344257], "var": [13.3401222229, 76.5981445312, 89.7555618286, 71.7683181763, 108.327049255, 284.844146729, 5372.73974609, 3138.9387207, 1048.60119629, 2535.08154297, 917.084289551, 1209.42175293, 756.369018555, 676.692565918, 843.853942871, 917.526184082, 709.291992188, 616.603759766, 799.00213623, 307.008422852, 193.348876953, 97.7809295654, 103.303451538, 278.153015137, 576.832092285, 530.460327148, 280.203430176, 153.497161865, 38.852481842, 22.468460083, 2.02011942863, 0.264500945807, 0.0889810547233, 0.0174711421132, 0.00702765677124, 0.00373578607105, 0.00884110108018, 0.0564664490521, 0.0114388773218, 0.000686426879838], "mean": [2.40739870071, 6.90321922302, 9.16376495361, 7.17252779007, 7.40399742126, 9.51885128021, 23.2699489594, 25.4649410248, 22.7885799408, 20.4410572052, 16.2137584686, 13.7265739441, 12.9838676453, 11.9192323685, 11.5693235397, 12.7336502075, 11.3140420914, 10.688123703, 12.5059270859, 7.39235067368, 4.50821113586, 3.57440805435, 3.47855210304, 4.44694519043, 5.10124635696, 4.70860862732, 3.42416620255, 2.2344417572, 1.27343118191, 1.10430920124, 0.390983968973, 0.187910348177, 0.117352291942, 0.0664796382189, 0.0442999489605, 0.0329882837832, 0.0320886820555, 0.0515800267458, 0.031979907304, 0.0250010751188]}, "spectral_strongpeak": {"dmean2": 38.6973228455, "median": 0.405045956373, "min": 0, "dvar2": 5356.19433594, "dvar": 2107.69995117, "dmean": 20.8626461029, "max": 315.216583252, "var": 2548.19848633, "mean": 20.1178951263}, "spectral_energy": {"dmean2": 0.0788089931011, "median": 0.0886298492551, "min": 1.02461230734e-20, "dvar2": 0.0137075390667, "dvar": 0.0060026710853, "dmean": 0.0494139231741, "max": 0.984922707081, "var": 0.0122914202511, "mean": 0.117873743176}, "average_loudness": 0.876541435719, "spectral_rolloff": {"dmean2": 8375.15820312, "median": 21942.3339844, "min": 43.06640625, "dvar2": 175294944, "dvar": 69319736, "dmean": 4232.81933594, "max": 22028.4667969, "var": 75112488, "mean": 17354.28125}, "spectral_centroid": {"dmean2": 304.641815186, "median": 435.057098389, "min": 93.1741027832, "dvar2": 160158.40625, "dvar": 83351.7109375, "dmean": 199.076782227, "max": 11532.265625, "var": 1046041.1875, "mean": 666.342102051}, "pitch_salience": {"dmean2": 0.149154394865, "median": 0.428848952055, "min": 0.0301450565457, "dvar2": 0.015378234908, "dvar": 0.00575268547982, "dmean": 0.0907032564282, "max": 0.965832769871, "var": 0.0233141370118, "mean": 0.428908318281}, "spectral_energyband_middle_high": {"dmean2": 0.00305761233903, "median": 0.000540624256246, "min": 1.23800755801e-21, "dvar2": 2.82433484244e-05, "dvar": 1.16838355098e-05, "dmean": 0.00183816626668, "max": 0.0424803569913, "var": 1.41838863783e-05, "mean": 0.0019710296765}, "spectral_contrast_coeffs": {"dmean2": [0.0896343812346, 0.0894993320107, 0.0703503265977, 0.0590097531676, 0.0480898395181, 0.0532892867923], "median": [-0.717436075211, -0.773200273514, -0.845682144165, -0.857002973557, -0.862945973873, -0.8426040411], "min": [-0.982502877712, -0.989330887794, -0.977910637856, -0.989385902882, -0.98310315609, -0.96274381876], "dvar2": [0.00465123541653, 0.00498924450949, 0.00322816404514, 0.00253167562187, 0.00212914333679, 0.00273379054852], "dvar": [0.00170883664396, 0.00176081981044, 0.00120589975268, 0.00106007838622, 0.000910526374355, 0.00114642304834], "dmean": [0.0544257238507, 0.0537390261889, 0.0425880439579, 0.0364596582949, 0.0298074632883, 0.033691637218], "max": [-0.357603609562, -0.442617326975, -0.591695547104, -0.659995079041, -0.719691872597, -0.498755514622], "var": [0.00487967440858, 0.00557871116325, 0.00280855409801, 0.00282126385719, 0.0029391432181, 0.00474597001448], "mean": [-0.715007483959, -0.769170761108, -0.842830479145, -0.864126324654, -0.876237273216, -0.821174621582]}, "melbands_skewness": {"dmean2": 2.66297698021, "median": 4.30933237076, "min": -1.76277661324, "dvar2": 7.35007762909, "dvar": 2.78959965706, "dmean": 1.63168442249, "max": 31.755405426, "var": 9.55520629883, "mean": 4.78108978271}, "spectral_spread": {"dmean2": 1534963.25, "median": 4641504.5, "min": 1312799.125, "dvar2": 2750399643650.0, "dvar": 1185149353980.0, "dmean": 963954.75, "max": 42240324, "var": 11379400507400.0, "mean": 5007957.5}, "dissonance": {"dmean2": 0.0481424480677, "median": 0.463089823723, "min": 0.196918204427, "dvar2": 0.00222508003935, "dvar": 0.000819751934614, "dmean": 0.0288730747998, "max": 0.500000119209, "var": 0.00137779908255, "mean": 0.454095631838}, "spectral_skewness": {"dmean2": 1.00654244423, "median": 3.03918123245, "min": -0.0580891817808, "dvar2": 1.10148525238, "dvar": 0.401949524879, "dmean": 0.61892837286, "max": 10.7018499374, "var": 0.84914124012, "mean": 3.14599466324}, "spectral_flux": {"dmean2": 0.0879038274288, "median": 0.150372117758, "min": 6.55107218472e-11, "dvar2": 0.0108784753829, "dvar": 0.00420561851934, "dmean": 0.0530152916908, "max": 0.742715656757, "var": 0.00960932485759, "mean": 0.166369393468}, "spectral_contrast_valleys": {"dmean2": [0.700692951679, 0.857431471348, 1.13505864143, 1.10922527313, 0.965311944485, 1.01175427437], "median": [-6.21103382111, -6.56535577774, -7.41427183151, -7.84634208679, -8.1166343689, -10.7150526047], "min": [-28.2945823669, -27.9130859375, -27.6931800842, -27.5527038574, -27.4822292328, -27.4125442505], "dvar2": [0.361016899347, 0.566894888878, 0.969707787037, 0.984257996082, 0.882900178432, 0.749284863472], "dvar": [0.171679958701, 0.251573294401, 0.428224503994, 0.433201014996, 0.364203155041, 0.292140424252], "dmean": [0.429324358702, 0.532739341259, 0.711597383022, 0.695804715157, 0.602795898914, 0.635435283184], "max": [-4.40003108978, -4.26134967804, -4.9768242836, -5.471804142, -5.12290477753, -8.28950119019], "var": [5.67098379135, 4.37874412537, 4.10923147202, 3.96223282814, 3.8731637001, 3.25574874878], "mean": [-6.71021747589, -6.84725856781, -7.60268688202, -8.09953975677, -8.3599729538, -11.0014514923]}, "erbbands_flatness_db": {"dmean2": 0.0505083203316, "median": 0.131253421307, "min": 0.0223622489721, "dvar2": 0.00202892022207, "dvar": 0.000762879964896, "dmean": 0.0313409864902, "max": 0.342914700508, "var": 0.00202183728106, "mean": 0.136961773038}, "spectral_energyband_high": {"dmean2": 0.000513356761076, "median": 0.000104300044768, "min": 7.10709785676e-21, "dvar2": 1.9628530481e-06, "dvar": 1.02524347767e-06, "dmean": 0.000339445192367, "max": 0.0240672808141, "var": 1.99627356778e-06, "mean": 0.000468887941679}, "spectral_entropy": {"dmean2": 0.612964868546, "median": 7.25028181076, "min": 4.38281297684, "dvar2": 0.348398625851, "dvar": 0.133499294519, "dmean": 0.38416287303, "max": 9.81505680084, "var": 0.343222260475, "mean": 7.1759314537}, "silence_rate_20dB": {"dmean2": 0.0903536379337, "median": 1, "min": 0, "dvar2": 0.0962678566575, "dvar": 0.0431295111775, "dmean": 0.0451684556901, "max": 1, "var": 0.0414344109595, "mean": 0.956690728664}, "melbands_flatness_db": {"dmean2": 0.100363485515, "median": 0.370461881161, "min": 0.00415529403836, "dvar2": 0.00735080940649, "dvar": 0.00280939019285, "dmean": 0.0624370165169, "max": 0.782439291477, "var": 0.0121092274785, "mean": 0.368818581104}, "barkbands": {"dmean2": [0.0277629662305, 0.0546601936221, 0.00732033047825, 0.00266882264987, 0.00320857996121, 0.00361229572445, 0.00158001936506, 0.000869856914505, 0.000906844856218, 0.00076323770918, 0.000614254095126, 0.000631523202173, 0.00047406059457, 0.000462235941086, 0.0003491891257, 0.000140102565638, 9.92570639937e-05, 9.21895116335e-05, 0.000106023719127, 9.6938405477e-05, 7.43663986214e-05, 4.372631156e-05, 3.15944816975e-05, 1.19927390188e-05, 9.76793035079e-06, 2.13238581637e-05, 0.000687158608343], "median": [0.00776525959373, 0.0270404219627, 0.00427849171683, 0.00117604748812, 0.00118664512411, 0.000630921102129, 0.000751161307562, 0.000151745247422, 0.000143180397572, 9.03077307157e-05, 4.9476584536e-05, 5.58030151296e-05, 4.16526236222e-05, 5.0302442105e-05, 3.369998376e-05, 1.93754804059e-05, 1.3572831449e-05, 1.20880413306e-05, 1.2754430827e-05, 9.65714298218e-06, 6.44783131065e-06, 4.78497941003e-06, 3.48042726728e-06, 2.6183377031e-06, 2.43646104536e-06, 5.54055668545e-06, 9.79346805252e-05], "min": [5.4827622641e-25, 4.94327932229e-24, 1.79182082949e-24, 1.14523414397e-24, 1.12069997817e-23, 1.32512555092e-23, 1.81948148771e-23, 6.27259120026e-24, 2.4636829734e-23, 1.40574445331e-23, 1.42842104889e-23, 2.26491006235e-23, 3.47145435754e-23, 4.4596916524e-23, 4.42214471321e-23, 6.43494098337e-23, 7.02036097202e-23, 9.00085749018e-23, 9.64828888796e-23, 1.68218453856e-22, 2.57238175836e-22, 3.6856911827e-22, 4.3798824684e-22, 5.51579925789e-22, 9.37735946945e-22, 1.24586052317e-21, 1.879689788e-21], "dvar2": [0.00360502069816, 0.00661045592278, 9.76178489509e-05, 1.92446714209e-05, 4.01768120355e-05, 9.37118093134e-05, 8.32027581055e-06, 2.32587399296e-06, 3.44450018019e-06, 1.8241462385e-06, 2.04946695703e-06, 1.77494041509e-06, 9.75075977294e-07, 8.343018294e-07, 6.17856244389e-07, 1.91965057184e-07, 6.09892225611e-08, 6.89340495796e-08, 9.60763273383e-08, 1.5980650403e-07, 1.1931201982e-07, 3.10927426028e-08, 1.72532583775e-08, 9.46445366523e-10, 4.03616529088e-10, 4.84595608086e-09, 2.14649367081e-06], "dvar": [0.0014986731112, 0.00258226366714, 3.83877741115e-05, 7.29254179532e-06, 1.49918469106e-05, 3.73119328287e-05, 3.68170253751e-06, 8.97812526546e-07, 1.38525763305e-06, 7.40081134154e-07, 7.3528235589e-07, 6.76304068747e-07, 3.68128212358e-07, 3.32045772211e-07, 2.31465591582e-07, 7.33774143669e-08, 2.47671092524e-08, 2.93915256577e-08, 5.98222626991e-08, 9.00891379274e-08, 5.82767469837e-08, 1.63580970991e-08, 7.04566049947e-09, 3.71046054992e-10, 1.49336334965e-10, 2.01208782968e-09, 8.70043550094e-07], "dmean": [0.0168655030429, 0.032507635653, 0.00462568504736, 0.00163780327421, 0.00192628160585, 0.00222946051508, 0.00100832513999, 0.000515929888934, 0.000533833866939, 0.000451062747743, 0.000346003565937, 0.00036001027911, 0.00027101606247, 0.000271048105787, 0.000200577065698, 8.32938021631e-05, 5.92865617364e-05, 5.6209784816e-05, 6.97722280165e-05, 6.63479149807e-05, 5.09290948685e-05, 2.97916394629e-05, 1.96743276319e-05, 7.2306365837e-06, 5.82800475968e-06, 1.34119591166e-05, 0.000409133121138], "max": [0.613807797432, 0.605787336826, 0.084448158741, 0.0642378777266, 0.0682573765516, 0.153060868382, 0.0339699015021, 0.0108768194914, 0.0319175943732, 0.0154186803848, 0.0120515972376, 0.00919097196311, 0.0081908646971, 0.0111431377009, 0.00651876395568, 0.00580576015636, 0.00361512042582, 0.00538968946785, 0.00942096393555, 0.0116586228833, 0.00631240010262, 0.00314191146754, 0.00172087398823, 0.000366871856386, 0.000239067609073, 0.00121448270511, 0.0147971203551], "var": [0.00181545678061, 0.00404273951426, 5.37504311069e-05, 9.0272324087e-06, 2.1199339244e-05, 8.02112190286e-05, 7.42811380405e-06, 1.46386207689e-06, 2.09146492125e-06, 7.39468248412e-07, 5.63167645851e-07, 5.41589997738e-07, 3.15335000778e-07, 3.18648744724e-07, 2.11375862591e-07, 6.60175700773e-08, 2.95475306444e-08, 4.75933639166e-08, 1.67171705812e-07, 2.39076854314e-07, 1.24619916164e-07, 2.54598155891e-08, 6.34043839653e-09, 3.37054634203e-10, 1.36877481571e-10, 1.92098248419e-09, 1.06756488094e-06], "mean": [0.0214118566364, 0.0486108250916, 0.0065526436083, 0.00215142313391, 0.00277375709265, 0.00335929030553, 0.00164032913744, 0.00066609744681, 0.000608896894846, 0.000407296873163, 0.00028132868465, 0.000308333634166, 0.000233874859987, 0.000246478652116, 0.000181001145393, 8.58593411976e-05, 6.34586322121e-05, 6.88351283316e-05, 9.54101342359e-05, 9.9475531897e-05, 6.84507904225e-05, 3.53929099219e-05, 1.92127627088e-05, 7.42348265703e-06, 5.98059205004e-06, 1.5199988411e-05, 0.000461825140519]}, "erbbands_skewness": {"dmean2": 1.15717601776, "median": 0.97873210907, "min": -3.71687364578, "dvar2": 1.29703938961, "dvar": 0.537914872169, "dmean": 0.752442479134, "max": 10.3140077591, "var": 1.24901425838, "mean": 1.01452386379}, "erbbands_spread": {"dmean2": 16.2035961151, "median": 29.2761173248, "min": 2.61297988892, "dvar2": 205.455566406, "dvar": 80.7921447754, "dmean": 9.9860458374, "max": 122.276641846, "var": 212.250137329, "mean": 31.0585174561}, "melbands_kurtosis": {"dmean2": 65.8015975952, "median": 31.0296287537, "min": -1.75979185104, "dvar2": 18152.8066406, "dvar": 6911.29492188, "dmean": 39.8158454895, "max": 2740.74291992, "var": 13027.4931641, "mean": 62.362953186}, "melbands": {"dmean2": [0.0205811429769, 0.00642163585871, 0.00130567932501, 0.000670071982313, 0.00082563504111, 0.000625906628557, 0.000318088103086, 0.000220549263759, 0.000180892224307, 0.000126071608975, 0.000116268158308, 9.60963297985e-05, 8.48187992233e-05, 7.49211394577e-05, 5.51619559701e-05, 4.55908229924e-05, 3.73978436983e-05, 4.14612331952e-05, 2.43998547376e-05, 1.20986160255e-05, 8.49093794386e-06, 6.03810167377e-06, 4.57685109723e-06, 4.3410627768e-06, 4.3278364501e-06, 4.38482311438e-06, 4.18357467424e-06, 2.98365876006e-06, 2.54711335401e-06, 1.65648441453e-06, 1.32652508e-06, 8.71247948453e-07, 8.50205879033e-07, 9.81834773484e-07, 3.27193760086e-07, 2.8050234846e-07, 1.54558151166e-07, 1.40996732512e-07, 1.06142309164e-07, 8.83230910631e