{"tonal": {"thpcp": [1, 0.929158508778, 0.616674423218, 0.526227295399, 0.344860345125, 0.168116882443, 0.153973340988, 0.15675534308, 0.26853209734, 0.498443692923, 0.430236190557, 0.206426680088, 0.181058377028, 0.248438060284, 0.546681344509, 0.923778474331, 0.729045152664, 0.359301745892, 0.381211102009, 0.37844273448, 0.341083049774, 0.428981155157, 0.403661370277, 0.48404148221, 0.892652988434, 0.795014321804, 0.282919585705, 0.126746460795, 0.153876885772, 0.347561657429, 0.722817361355, 0.743410408497, 0.418339490891, 0.283097833395, 0.308184802532, 0.571865260601], "hpcp": {"dmean2": [0.190030917525, 0.198693349957, 0.229692131281, 0.244764059782, 0.235059380531, 0.136407479644, 0.0802007168531, 0.0951640680432, 0.146565780044, 0.230027973652, 0.256165444851, 0.210755765438, 0.170327082276, 0.183412179351, 0.245371282101, 0.305044144392, 0.318262428045, 0.291617155075, 0.214507356286, 0.159762635827, 0.104681462049, 0.0865640640259, 0.0969785898924, 0.139739170671, 0.179906383157, 0.163009256124, 0.124717757106, 0.120881147683, 0.15622548759, 0.230955824256, 0.28075119853, 0.258104652166, 0.189835965633, 0.172294959426, 0.182024002075, 0.194531530142], "median": [0.0246827863157, 0.0297844875604, 0.04264222458, 0.0586410239339, 0.0424692742527, 0.0157696306705, 0.00562001205981, 0.00568395014852, 0.0178053174168, 0.0414924658835, 0.0411269590259, 0.0207879152149, 0.0101506821811, 0.0103758890182, 0.0426240116358, 0.092631816864, 0.100836694241, 0.050436925143, 0.0276271775365, 0.0140716005117, 0.00851129926741, 0.00536828720942, 0.00574484467506, 0.0156230796129, 0.029880028218, 0.0230996981263, 0.0103013589978, 0.00668498408049, 0.0105131743476, 0.0346275866032, 0.0646630972624, 0.0515869669616, 0.0267164427787, 0.0122392736375, 0.0124141564593, 0.0196944214404], "min": [0, 0, 0, 0, 0, 0, 0, 0, 0, 0, 0, 0, 0, 0, 0, 0, 0, 0, 0, 0, 0, 0, 0, 0, 0, 0, 0, 0, 0, 0, 0, 0, 0, 0, 0, 0], "dvar2": [0.0923765525222, 0.0881726518273, 0.110928155482, 0.113319665194, 0.113417521119, 0.0602948181331, 0.0412275791168, 0.049759440124, 0.0640743151307, 0.105060942471, 0.122895099223, 0.112444020808, 0.0970586016774, 0.101110361516, 0.12397108227, 0.14325901866, 0.138245776296, 0.140705630183, 0.106101050973, 0.0819352567196, 0.0548782013357, 0.0437784865499, 0.053931530565, 0.074797026813, 0.0911724939942, 0.0769772976637, 0.0687307566404, 0.0695195868611, 0.0891509726644, 0.110019616783, 0.130952730775, 0.118268176913, 0.0984461531043, 0.0928465351462, 0.0954855680466, 0.104389451444], "dvar": [0.0357720144093, 0.0331427231431, 0.0387362018228, 0.0477615967393, 0.048151768744, 0.0220653750002, 0.0144798485562, 0.0179932191968, 0.0253309756517, 0.0443402267992, 0.0529324263334, 0.0421185642481, 0.0351167619228, 0.0369982682168, 0.04674243927, 0.0596579015255, 0.0546164400876, 0.0518279001117, 0.040671762079, 0.0294598769397, 0.0196478758007, 0.0162040758878, 0.0190553925931, 0.0264009907842, 0.036668960005, 0.0308654904366, 0.0242200344801, 0.0245474483818, 0.0317294299603, 0.0424624122679, 0.0573681332171, 0.0475702695549, 0.0362900421023, 0.0342767462134, 0.0354104824364, 0.0371790975332], "dmean": [0.108400724828, 0.112860329449, 0.129941761494, 0.146951824427, 0.140537053347, 0.0789487287402, 0.0441003926098, 0.0531101115048, 0.084324978292, 0.136797443032, 0.14920963347, 0.119640298188, 0.0937339961529, 0.101681120694, 0.142418548465, 0.180093199015, 0.18801471591, 0.164521679282, 0.12291122973, 0.0910358205438, 0.0572329573333, 0.0478907600045, 0.053283713758, 0.0784298628569, 0.106115110219, 0.0959390327334, 0.0690331086516, 0.0650984942913, 0.0860159471631, 0.133446633816, 0.163875624537, 0.153049886227, 0.107009939849, 0.098081484437, 0.102740831673, 0.10733576864], "max": [1, 1, 1, 1, 1, 1, 1, 1, 1, 1, 1, 1, 1, 1, 1, 1, 1, 1, 1, 1, 1, 1, 1, 1, 1, 1, 1, 1, 1, 1, 1, 1, 1, 1, 1, 1], "var": [0.0459251813591, 0.0363151095808, 0.0426345653832, 0.111207656562, 0.101380877197, 0.0222883634269, 0.0102751245722, 0.0141844265163, 0.0364105775952, 0.089099816978, 0.094072625041, 0.0422814115882, 0.029495017603, 0.0338677726686, 0.057037230581, 0.11653701216, 0.0960132032633, 0.0641481280327, 0.0622134394944, 0.0346051752567, 0.0150201208889, 0.0147985937074, 0.0142131261528, 0.0244186222553, 0.0610777623951, 0.0489875748754, 0.0182933025062, 0.0182621981949, 0.0254593156278, 0.0562304630876, 0.116759099066, 0.0792364105582, 0.0336413122714, 0.0425600707531, 0.0437631197274, 0.0312330592424], "mean": [0.116451106966, 0.109577804804, 0.131397768855, 0.242319330573, 0.215814366937, 0.0768012702465, 0.0344065614045, 0.0417713783681, 0.0943489968777, 0.196215808392, 0.201805993915, 0.113562323153, 0.0768496617675, 0.083659760654, 0.155238389969, 0.271459728479, 0.252229124308, 0.167402267456, 0.142849519849, 0.0936156958342, 0.0456369630992, 0.0417975597084, 0.0425527617335, 0.0728956535459, 0.135307386518, 0.116791799664, 0.0560365319252, 0.049150057137, 0.0674409270287, 0.148401975632, 0.250768661499, 0.197906404734, 0.0975359529257, 0.103483460844, 0.102731958032, 0.0925903096795]}, "tuning_equal_tempered_deviation": 0.118244104087, "chords_changes_rate": 0.0515653789043, "key_key": "G", "tuning_diatonic_strength": 0.521569848061, "key_scale": "minor", "chords_number_rate": 0.00460405135527, "tuning_frequency": 436.708374023, "tuning_nontempered_energy_ratio": 0.829603850842, "chords_histogram": [35.9422950745, 4.66543912888, 10.9576425552, 2.63965630531, 1.90300798416, 5.77041149139, 0, 2.02578258514, 0.122774705291, 0.920810341835, 0.122774705291, 0.767341911793, 0, 0, 1.25844073296, 0, 1.25844073296, 0.0920810326934, 1.84162068367, 7.36648273468, 1.62676489353, 5.46347475052, 9.88336372375, 5.37139368057], "key_strength": 0.705905377865, "chords_key": "G", "chords_strength": {"dmean2": 0.0103421928361, "median": 0.492541790009, "min": -1, "dvar2": 0.00122323981486, "dvar": 0.000637810851913, "dmean": 0.00955213420093, "max": 0.768211960793, "var": 0.0266418941319, "mean": 0.483231365681}, "chords_scale": "minor", "hpcp_entropy": {"dmean2": 1.03079247475, "median": 1.95099687576, "min": 0, "dvar2": 0.699699103832, "dvar": 0.255989938974, "dmean": 0.607233822346, "max": 4.17237138748, "var": 0.539016902447, "mean": 1.91398215294}}, "metadata": {"audio_properties": {"equal_loudness": 0, "codec": "flac", "downmix": "mix", "sample_rate": 44100, "analysis_sample_rate": 44100, "bit_rate": 0, "md5_encoded": "5ec15b823fdec84d1f90cd2b04dbf6c9", "length": 151.240005493, "replay_gain": -4.53635025024, "lossless": true}, "version": {"essentia_build_sha": "2d9f1f26377add8aeb1075a9c2973f962c4f09fd", "essentia": "2.1-beta2", "extractor": "music 1.0", "essentia_git_sha": "v2.1_beta2-1-ge3940c0"}, "tags": {"title": ["On The Way To San Mateo"], "albumartist": ["Lalo Schifrin"], "tracktotal": ["12"], "musicbrainz_releasegroupid": ["3d487300-36e3-3c4e-8a17-66a45e8bdfa2"], "releasetype": ["album", "soundtrack"], "musicbrainz_recordingid": ["164d7698-ed73-45be-b04b-196f9754d2cd"], "musicbrainz_albumartistid": ["adf017f5-76d6-4d31-b1b9-a0211675e7c2"], "discnumber": ["1"], "album": ["Bullitt"], "releasecountry": ["US"], "file_name": "06 - On The Way To San Mateo.flac", "originaldate": ["1968"], "date": ["1968"], "genre": ["Jazz - Latin"], "disctotal": ["1"], "musicbrainz_artistid": ["adf017f5-76d6-4d31-b1b9-a0211675e7c2"], "asin": ["B00005B46W"], "musicbrainz_albumid": ["8dac0482-cc08-4a45-82be-899604becbcb"], "artist": ["Lalo Schifrin"], "artistsort": ["Schifrin, Lalo"], "tracknumber": ["6"], "albumartistsort": ["Schifrin, Lalo"], "acoustid_id": ["16da0c66-2dcc-4cff-ac17-824308868efd"], "script": ["Latn"], "releasestatus": ["official"]}}, "rhythm": {"bpm_histogram_first_peak_bpm": {"dmean2": 0, "median": 129, "min": 129, "dvar2": 0, "dvar": 0, "dmean": 0, "max": 129, "var": 0, "mean": 129}, "bpm": 129.735687256, "bpm_histogram_second_peak_spread": {"dmean2": 0, "median": 0.230769202113, "min": 0.230769202113, "dvar2": 0, "dvar": 0, "dmean": 0, "max": 0.230769202113, "var": 0, "mean": 0.230769202113}, "bpm_histogram_first_peak_weight": {"dmean2": 0, "median": 0.62804877758, "min": 0.62804877758, "dvar2": 0, "dvar": 0, "dmean": 0, "max": 0.62804877758, "var": 0, "mean": 0.62804877758}, "onset_rate": 5.18330717087, "beats_position": [0.441179126501, 0.893968224525, 1.34675729275, 1.79954648018, 2.26394557953, 2.71673464775, 3.1811337471, 3.64553284645, 4.1099319458, 4.57433080673, 5.0387301445, 5.4915189743, 5.94430828094, 6.40870714188, 6.87310647964, 7.33750534058, 7.80190467834, 8.26630401611, 8.73070240021, 9.19510173798, 9.65950107574, 10.1239004135, 10.5882987976, 11.0526981354, 11.5170974731, 11.9814968109, 12.445895195, 12.9102945328, 13.3746938705, 13.8390922546, 14.3034915924, 14.756280899, 15.2090702057, 15.6734695435, 16.1378688812, 16.602268219, 17.0666656494, 17.5310649872, 17.995464325, 18.4598636627, 18.9126529694, 19.365442276, 19.8298416138, 20.2942390442, 20.758638382, 21.2230377197, 21.6758270264, 22.128616333, 22.6046257019, 23.0806350708, 23.5450344086, 24.009431839, 24.4738311768, 24.9382305145, 25.4142398834, 25.8902492523, 26.3546485901, 26.8190479279, 27.2834453583, 27.747844696, 28.2122440338, 28.6766433716, 29.1410427094, 29.593832016, 30.0466213226, 30.5110206604, 30.9754180908, 31.4398174286, 31.9042167664, 32.357006073, 32.8097953796, 33.2625846863, 33.7153739929, 34.1797714233, 34.6441726685, 35.1085700989, 35.572971344, 36.0373687744, 36.5017662048, 36.96616745, 37.4189567566, 37.883354187, 38.3477554321, 38.8005447388, 39.2649421692, 39.7293434143, 40.1937408447, 40.6465301514, 41.099319458, 41.5637168884, 42.0281181335, 42.4809074402, 42.9336967468, 43.3980941772, 43.8624954224, 44.3152809143, 44.7680702209, 45.2324714661, 45.6968688965, 46.1496582031, 46.6024475098, 47.0668487549, 47.5312461853, 47.9840354919, 48.4368247986, 48.901222229, 49.3656234741, 49.8300209045, 50.3060302734, 50.7704315186, 51.2464370728, 51.7224464417, 52.1984558105, 52.6628570557, 53.1272544861, 53.5916557312, 54.0560531616, 54.5204544067, 54.9848518372, 55.4492492676, 55.9136505127, 56.3780479431, 56.8308372498, 57.2836265564, 57.7480278015, 58.2124252319, 58.6768226624, 59.1412239075, 59.6172332764, 60.0932426453, 60.5576400757, 61.0220413208, 61.463218689, 61.9160079956, 62.3687973022, 62.8331947327, 63.2975959778, 63.7503852844, 64.2031707764, 64.6675720215, 65.1319732666, 65.5963668823, 66.0607681274, 66.5135574341, 66.9779586792, 67.4307479858, 67.895149231, 68.3595428467, 68.8239440918, 69.2883453369, 69.7527389526, 70.2055282593, 70.6699295044, 71.1343307495, 71.5987319946, 72.0747375488, 72.5391387939, 72.9919281006, 73.4563217163, 73.9091110229, 74.3735122681, 74.8379135132, 75.3023147583, 75.766708374, 76.2311096191, 76.6955108643, 77.15990448, 77.6243057251, 78.0887069702, 78.5763244629, 78.982673645, 79.3658065796, 79.7489318848, 80.1320648193, 80.503578186, 80.8750991821, 81.2466201782, 81.6413574219, 82.0360946655, 82.4192276001, 82.8023605347, 83.1970977783, 83.6731033325, 84.1491165161, 84.6135101318, 85.0895233154, 85.5539245605, 86.0067138672, 86.4711074829, 86.935508728, 87.4115142822, 87.8875274658, 88.3519287109, 88.8163223267, 89.2807235718, 89.7567367554, 90.2327423096, 90.6971435547, 91.1615371704, 91.6259384155, 92.1019515991, 92.5547409058, 93.0191345215, 93.4835357666, 93.9479370117, 94.4123306274, 94.8767318726, 95.3295211792, 95.7823104858, 96.246711731, 96.7111129761, 97.1755065918, 97.6399078369, 98.104309082, 98.5687026978, 99.0331039429, 99.497505188, 99.9502944946, 100.403083801, 100.867477417, 101.320266724, 101.77305603, 102.225845337, 102.678634644, 103.13142395, 103.584213257, 104.048614502, 104.513015747, 104.977409363, 105.441810608, 105.906211853, 106.35900116, 106.811790466, 107.276191711, 107.740585327, 108.204986572, 108.669387817, 109.133781433, 109.598182678, 110.062583923, 110.526985168, 110.991378784, 111.455780029, 111.920181274, 112.38457489, 112.848976135, 113.31337738, 113.789382935, 114.265396118, 114.729797363, 115.194190979, 115.658592224, 116.122993469, 116.598999023, 117.075012207, 117.539405823, 117.992195129, 118.456596375, 118.909385681, 119.373786926, 119.838180542, 120.302581787, 120.766983032, 121.231384277, 121.695777893, 122.160179138, 122.624580383, 123.088973999, 123.553375244, 124.006164551, 124.458953857, 124.923355103, 125.387756348, 125.852149963, 126.316551208, 126.780952454, 127.245346069, 127.709747314, 128.17414856, 128.638549805, 129.10295105, 129.567337036, 130.020126343, 130.472915649, 130.937316895, 131.40171814, 131.866119385, 132.33052063, 132.794921875, 133.25932312, 133.723709106, 134.188110352, 134.652511597, 135.116912842, 135.581314087, 136.034103394, 136.498504639, 136.951293945, 137.41569519, 137.880081177, 138.344482422, 138.797271729, 139.250061035, 139.702850342, 140.155639648, 140.608428955, 141.061218262, 141.525619507, 141.978408813, 142.43119812, 142.895599365, 143.36000061, 143.824401855, 144.277191162, 144.741577148, 145.194366455, 145.6587677, 146.134780884, 146.610794067, 147.098403931, 147.481536865, 147.8646698, 148.247802734, 148.63092041, 149.002441406, 149.385574341, 149.815139771, 150.244720459, 150.674285889], "beats_loudness": {"dmean2": 0.0662331804633, "median": 0.0468249991536, "min": 0, "dvar2": 0.00334909674712, "dvar": 0.00104298058432, "dmean": 0.0359416492283, "max": 0.229850485921, "var": 0.00139249733184, "mean": 0.0532240457833}, "danceability": 1.19755363464, "bpm_histogram_second_peak_weight": {"dmean2": 0, "median": 0.0304878056049, "min": 0.0304878056049, "dvar2": 0, "dvar": 0, "dmean": 0, "max": 0.0304878056049, "var": 0, "mean": 0.0304878056049}, "beats_count": 329, "bpm_histogram_second_peak_bpm": {"dmean2": 0, "median": 157, "min": 157, "dvar2": 0, "dvar": 0, "dmean": 0, "max": 157, "var": 0, "mean": 157}, "bpm_histogram_first_peak_spread": {"dmean2": 0, "median": 0.322368383408, "min": 0.322368383408, "dvar2": 0, "dvar": 0, "dmean": 0, "max": 0.322368383408, "var": 0, "mean": 0.322368383408}, "beats_loudness_band_ratio": {"dmean2": [0.569582760334, 0.366296857595, 0.163677677512, 0.160356715322, 0.0531903319061, 0.0195135064423], "median": [0.599028289318, 0.193807527423, 0.0642117932439, 0.0407661050558, 0.0120004666969, 0.00547703076154], "min": [0, 0, 0, 0, 0, 0], "dvar2": [0.13032373786, 0.0713350400329, 0.0299928672612, 0.0381002053618, 0.00571885937825, 0.00116877967957], "dvar": [0.0395750105381, 0.0232661776245, 0.0109707927331, 0.0127946417779, 0.00198579393327, 0.000611231429502], "dmean": [0.306212693453, 0.197600126266, 0.0900036022067, 0.0886905267835, 0.0295747555792, 0.0113750612363], "max": [0.969862520695, 0.779488623142, 0.875023663044, 0.664157569408, 0.34724265337, 0.391779959202], "var": [0.0663136690855, 0.0306673627347, 0.013133181259, 0.0123929921538, 0.00168494554237, 0.000884822686203], "mean": [0.565554976463, 0.239541649818, 0.105171769857, 0.0841987729073, 0.0270558968186, 0.0121819982305]}}, "lowlevel": {"barkbands_spread": {"dmean2": 6.27466058731, "median": 10.7067651749, "min": 1.01004350185, "dvar2": 61.1966323853, "dvar": 25.3467845917, "dmean": 4.00336456299, "max": 122.485023499, "var": 108.086975098, "mean": 12.9839134216}, "melbands_spread": {"dmean2": 6.73684263229, "median": 10.2299509048, "min": 0.750472426414, "dvar2": 71.8999328613, "dvar": 30.5904541016, "dmean": 4.29383659363, "max": 165.828292847, "var": 309.565063477, "mean": 14.5186805725}, "hfc": {"dmean2": 7.60480594635, "median": 9.63254165649, "min": 1.0763278101e-16, "dvar2": 112.448509216, "dvar": 54.4137153625, "dmean": 5.22554588318, "max": 124.443443298, "var": 189.991409302, "mean": 14.1102828979}, "barkbands_kurtosis": {"dmean2": 7.3092083931, "median": 5.1463432312, "min": -1.84103286266, "dvar2": 111.870643616, "dvar": 46.024887085, "dmean": 4.67286157608, "max": 104.057136536, "var": 102.299720764, "mean": 8.13854789734}, "gfcc": {"mean": [-50.1743850708, 113.759048462, -89.0732192993, 19.5112762451, -50.9207649231, 9.07058143616, -33.8570404053, 4.06389427185, -19.2321224213, -5.253428936, -13.2160387039, 1.64337730408, -5.15704202652], "icov": [[0.000125745966216, -0.000326935230987, 0.000227029318921, -0.00026331533445, 0.000370898458641, -0.000467525649583, 0.000473920430522, -0.000504180963617, 0.000701365584973, -0.000598070619162, 0.000562712259125, -0.000300577667076, 0.000125986873172], [-0.000326935230987, 0.00203355657868, 4.88591467729e-05, 0.00032067601569, -0.000780981907155, 0.00114778720308, -0.00170005811378, 0.00198093336076, -0.00362601433881, 0.00363176339306, -0.00314492965117, 0.00234284484759, -0.000911281676963], [0.000227029318921, 4.88591467729e-05, 0.00227838894352, -0.00140920514241, 0.00057797122281, -0.00111291743815, -0.000191964238184, 0.000121286095236, -6.84081896907e-05, -0.00131029449403, 0.00146476936061, 1.88034009625e-05, -0.000100791701698], [-0.00026331533445, 0.00032067601569, -0.00140920514241, 0.00652068480849, -0.00159545231145, -0.00136286392808, 0.00168837013189, -0.00108103919774, -0.00121578446124, 0.00153867935296, -0.00178836158011, 0.00160324235912, -5.75146696065e-05], [0.000370898458641, -0.000780981907155, 0.00057797122281, -0.00159545231145, 0.00634912448004, -0.00249057845213, -0.000646133325063, 0.000622610386927, -0.00115362356883, 0.000605010660365, -0.00112716073636, -2.15758282138e-05, -0.000157234157086], [-0.000467525649583, 0.00114778720308, -0.00111291743815, -0.00136286392808, -0.00249057845213, 0.0121762845665, -0.00560214743018, -0.0025925943628, 0.00397007865831, -0.00216575665399, 0.00186285516247, -0.00328456098214, 0.000412830791902], [0.000473920430522, -0.00170005811378, -0.000191964238184, 0.00168837013189, -0.000646133325063, -0.00560214743018, 0.0136319380254, -0.00611964799464, -2.08976998692e-05, 0.00365925510414, -0.00404235906899, 0.000725293182768, -0.00102077866904], [-0.000504180963617, 0.00198093336076, 0.000121286095236, -0.00108103919774, 0.000622610386927, -0.0025925943628, -0.00611964799464, 0.0232314839959, -0.012612069957, 0.00154697906692, 0.00281326053664, -0.00199624639936, -0.00132660206873], [0.000701365584973, -0.00362601433881, -6.84081896907e-05, -0.00121578446124, -0.00115362356883, 0.00397007865831, -2.08976998692e-05, -0.012612069957, 0.0291762072593, -0.0185451805592, 0.00695854704827, 0.00240746606141, -0.00295486999676], [-0.000598070619162, 0.00363176339306, -0.00131029449403, 0.00153867935296, 0.000605010660365, -0.00216575665399, 0.00365925510414, 0.00154697906692, -0.0185451805592, 0.0361558385193, -0.0218998529017, 0.00916740391403, 0.00306498678401], [0.000562712259125, -0.00314492965117, 0.00146476936061, -0.00178836158011, -0.00112716073636, 0.00186285516247, -0.00404235906899, 0.00281326053664, 0.00695854704827, -0.0218998529017, 0.0372035875916, -0.0233826339245, 0.00806559529155], [-0.000300577667076, 0.00234284484759, 1.88034009625e-05, 0.00160324235912, -2.15758282138e-05, -0.00328456098214, 0.000725293182768, -0.00199624639936, 0.00240746606141, 0.00916740391403, -0.0233826339245, 0.0356652401388, -0.0166842974722], [0.000125986873172, -0.000911281676963, -0.000100791701698, -5.75146696065e-05, -0.000157234157086, 0.000412830791902, -0.00102077866904, -0.00132660206873, -0.00295486999676, 0.00306498678401, 0.00806559529155, -0.0166842974722, 0.0267654322088]], "cov": [[32780.4414063, 2460.90234375, -2405.33227539, 545.842346191, -1297.05187988, 486.711273193, -769.092590332, 177.389572144, -536.101257324, -142.633605957, -287.126220703, 17.8211994171, -59.2836761475], [2460.90234375, 1408.86193848, -396.209014893, -33.8118553162, 58.52759552, -88.1909713745, 77.0355606079, -14.5581827164, 84.2421264648, -54.7161827087, 33.3187599182, -41.8097877502, 18.2029399872], [-2405.33227539, -396.209014893, 821.901733398, 125.760513306, 84.3797302246, 75.3717269897, 65.179107666, 35.0508422852, 57.1778297424, 43.0959472656, -17.6840438843, -19.5827217102, -0.746757268906], [545.842346191, -33.8118553162, 125.760513306, 232.940765381, 32.4601974487, 69.273475647, -11.2159690857, 32.7556114197, 7.94007730484, 10.7563877106, -9.54515552521, -6.73465251923, -4.10527944565], [-1297.05187988, 58.52759552, 84.3797302246, 32.4601974487, 283.249633789, 47.1126670837, 99.5823440552, 12.2576999664, 41.7551231384, 0.792883217335, 38.7721710205, 17.5127792358, 17.5800075531], [486.711273193, -88.1909713745, 75.3717269897, 69.273475647, 47.1126670837, 195.150299072, 71.2164382935, 48.3054733276, -30.1385936737, -6.04612398148, 5.92164182663, 42.6867141724, 19.7056045532], [-769.092590332, 77.0355606079, 65.179107666, -11.2159690857, 99.5823440552, 71.2164382935, 178.648254395, 43.6107368469, 25.8730754852, -13.2501211166, 30.0088176727, 28.9189014435, 28.2830677032], [177.389572144, -14.5581827164, 35.0508422852, 32.7556114197, 12.2576999664, 48.3054733276, 43.6107368469, 87.1396255493, 36.2912025452, 10.3209371567, -7.92789983749, 4.94283628464, 12.4756622314], [-536.101257324, 84.2421264648, 57.1778297424, 7.94007730484, 41.7551231384, -30.1385936737, 25.8730754852, 36.2912025452, 108.139816284, 43.1112442017, 3.76705932617, -29.0585308075, -3.12751054764], [-142.633605957, -54.7161827087, 43.0959472656, 10.7563877106, 0.792883217335, -6.04612398148, -13.2501211166, 10.3209371567, 43.1112442017, 76.6731185913, 29.0778141022, -10.981842041, -20.5306110382], [-287.126220703, 33.3187599182, -17.6840438843, -9.54515552521, 38.7721710205, 5.92164182663, 30.0088176727, -7.92789983749, 3.76705932617, 29.0778141022, 81.2888565063, 41.8206939697, 1.94603013992], [17.8211994171, -41.8097877502, -19.5827217102, -6.73465251923, 17.5127792358, 42.6867141724, 28.9189014435, 4.94283628464, -29.0585308075, -10.981842041, 41.8206939697, 84.5539093018, 37.3507957458], [-59.2836761475, 18.2029399872, -0.746757268906, -4.10527944565, 17.5800075531, 19.7056045532, 28.2830677032, 12.4756622314, -3.12751054764, -20.5306110382, 1.94603013992, 37.3507957458, 64.4471664429]]}, "spectral_energyband_middle_low": {"dmean2": 0.008963316679, "median": 0.0100276879966, "min": 1.68035475991e-22, "dvar2": 0.000175588415004, "dvar": 7.29089733795e-05, "dmean": 0.00576568534598, "max": 0.158985376358, "var": 0.000198185036425, "mean": 0.0143853798509}, "melbands_crest": {"dmean2": 5.28478002548, "median": 14.2336091995, "min": 1.00014579296, "dvar2": 20.5328025818, "dvar": 7.89451885223, "dmean": 3.29715538025, "max": 30.953962326, "var": 24.1634960175, "mean": 14.6619901657}, "spectral_kurtosis": {"dmean2": 4.55500221252, "median": 6.25022268295, "min": -1.30289840698, "dvar2": 30.882478714, "dvar": 12.8109903336, "dmean": 2.91898703575, "max": 64.8111419678, "var": 25.8480739594, "mean": 7.22699356079}, "spectral_rms": {"dmean2": 0.00144558295142, "median": 0.00498192198575, "min": 3.12421421199e-12, "dvar2": 2.80405788544e-06, "dvar": 1.3660131799e-06, "dmean": 0.000990429776721, "max": 0.0167832467705, "var": 6.29762507742e-06, "mean": 0.00516874156892}, "zerocrossingrate": {"dmean2": 0.00971284601837, "median": 0.03271484375, "min": 0.00048828125, "dvar2": 0.000186613135156, "dvar": 0.000110879831482, "dmean": 0.00774983456358, "max": 0.5283203125, "var": 0.00426999572664, "mean": 0.0448598191142}, "silence_rate_60dB": {"dmean2": 0.0141255948693, "median": 0, "min": 0, "dvar2": 0.0176100600511, "dvar": 0.0070116026327, "dmean": 0.00706171337515, "max": 1, "var": 0.060979694128, "mean": 0.0652340725064}, "erbbands_kurtosis": {"dmean2": 2.96494412422, "median": 1.14595234394, "min": -1.61039876938, "dvar2": 20.613779068, "dvar": 9.66389560699, "dmean": 1.90992057323, "max": 66.8201446533, "var": 19.7000751495, "mean": 2.32480359077}, "erbbands": {"dmean2": [0.157122120261, 2.47972130775, 6.8539223671, 8.57234954834, 11.0357017517, 16.3006381989, 24.6077613831, 19.4425754547, 26.3990440369, 16.0601844788, 17.9541549683, 15.5466928482, 22.4937934875, 36.2650527954, 59.1722793579, 35.5864982605, 13.0450220108, 11.1103096008, 11.9962272644, 11.3596324921, 13.9104251862, 11.6459331512, 6.4421877861, 4.04247522354, 4.13763046265, 2.35275006294, 1.99281430244, 1.7979131937, 1.8410359621, 1.76412379742, 1.45176577568, 1.13431274891, 1.03339076042, 0.683118462563, 0.313896268606, 0.0949050486088, 0.0230014361441, 0.00615273835137, 0.00161364814267, 0.000126683284179], "median": [0.0414667092264, 0.790210306644, 2.53507423401, 3.77545189857, 4.88558292389, 7.75625562668, 11.3589334488, 10.3969078064, 11.5371398926, 9.47225284576, 9.10494709015, 6.10604047775, 9.1834859848, 11.9868383408, 7.05310440063, 5.12925767899, 3.02101945877, 2.96770620346, 3.30144524574, 3.50909566879, 3.58418250084, 2.87127232552, 2.05923080444, 1.56651175022, 1.08261060715, 0.902605235577, 0.732256114483, 0.534460365772, 0.486975312233, 0.44468921423, 0.31200709939, 0.199184268713, 0.15779595077, 0.0967086032033, 0.0446579046547, 0.0134353879839, 0.0033203875646, 0.000798427732661, 0.000159720977535, 4.83641742903e-05], "min": [6.5960383709e-23, 1.9322355226e-22, 1.3168507345e-21, 6.59288595651e-21, 8.88260226751e-21, 2.85744695845e-20, 4.17476665751e-20, 7.7508025393e-20, 9.60212580802e-20, 2.36181881773e-19, 1.58932544191e-19, 4.43845160964e-19, 5.3390382977e-19, 7.63663274471e-19, 1.08224599373e-18, 1.2757965377e-18, 1.48361470646e-18, 1.40914198155e-18, 2.67614662331e-18, 2.77394625509e-18, 3.42235659366e-18, 4.72203662738e-18, 5.27878749586e-18, 4.50002341892e-18, 7.13413168953e-18, 9.04308339075e-18, 7.97432550748e-18, 9.79810655692e-18, 1.14446492709e-17, 1.14138152864e-17, 1.06286637207e-17, 1.029475655e-17, 1.02354840961e-17, 8.58196328647e-18, 5.92634914712e-18, 4.44475410552e-18, 2.34956351657e-18, 9.87763459615e-19, 2.49085253094e-19, 2.75923283164e-20], "dvar2": [0.119836047292, 26.7049484253, 207.445556641, 367.486633301, 408.246002197, 737.609558105, 2218.58251953, 2013.8092041, 6759.47998047, 1016.21472168, 1182.13830566, 4721.03125, 5447.90527344, 6739.55126953, 36653.5429688, 18708.1621094, 1838.13208008, 1733.56298828, 1222.38903809, 689.637878418, 1002.52270508, 1024.56005859, 251.605621338, 77.9080581665, 136.372024536, 26.8997192383, 19.703912735, 15.3755807877, 16.524892807, 17.3015213013, 9.3169336319, 6.69563579559, 5.41222429276, 2.33531665802, 0.495269328356, 0.0474484115839, 0.00269536161795, 0.000215808337089, 2.22530252358e-05, 1.19496803563e-07], "dvar": [0.0486275590956, 10.9836654663, 79.8170928955, 133.811660767, 155.840240479, 305.111541748, 887.355895996, 867.174865723, 2628.29101563, 444.420257568, 548.536682129, 3711.39379883, 2594.16967773, 3382.3815918, 19375.6875, 8178.80761719, 1119.69567871, 755.371826172, 544.374755859, 293.183837891, 405.182922363, 412.629974365, 114.991233826, 33.7093925476, 64.4350585938, 12.8847875595, 8.42538738251, 6.42321586609, 6.51379919052, 6.6364235878, 3.64883542061, 2.53288912773, 2.02659749985, 0.870834767818, 0.185287073255, 0.0182561688125, 0.00101454590913, 8.58590065036e-05, 8.83342545421e-06, 4.86066120686e-08], "dmean": [0.101516731083, 1.59109222889, 4.31587123871, 5.15411329269, 6.73184967041, 10.0855970383, 15.5720176697, 12.3396310806, 16.3035736084, 10.1116485596, 11.4908132553, 11.0480728149, 15.501373291, 24.3599796295, 41.426940918, 23.6649360657, 8.87430477142, 7.34559059143, 7.69392251968, 7.17177248001, 8.5780134201, 7.26400232315, 4.18335437775, 2.60661888123, 2.72264027596, 1.55007886887, 1.28526556492, 1.13853263855, 1.16077446938, 1.11098027229, 0.91557765007, 0.697835087776, 0.627687036991, 0.412500798702, 0.189205005765, 0.0574132651091, 0.0138190602884, 0.00371051579714, 0.000983010861091, 7.92182763689e-05], "max": [3.01723957062, 45.3663635254, 120.515419006, 169.824127197, 144.069061279, 257.012908936, 472.288330078, 1091.89550781, 1343.609375, 566.365600586, 682.609130859, 4327.52197266, 2588.19262695, 1263.55712891, 2681.16162109, 2447.69580078, 1639.01452637, 784.511901855, 619.334533691, 376.117340088, 382.415740967, 422.413330078, 186.624694824, 144.488937378, 206.168899536, 98.4923019409, 83.4415817261, 61.0794448853, 59.2654762268, 64.0782470703, 32.1591644287, 28.3040180206, 25.6087722778, 13.2057657242, 7.82313156128, 2.8626408577, 0.519950628281, 0.180300608277, 0.0604234784842, 0.00435115210712], "var": [0.079174913466, 16.4119434357, 131.185409546, 148.114501953, 188.243301392, 636.581481934, 1935.90405273, 2074.38818359, 5262.53369141, 1127.97265625, 1529.21398926, 10709.4970703, 7195.09375, 10503.7744141, 47325.21875, 21771.1601563, 3693.27368164, 1368.51501465, 1122.61328125, 622.314819336, 585.321350098, 597.860961914, 226.938354492, 64.5441360474, 104.239341736, 26.2553501129, 15.8296852112, 9.91835403442, 8.0682258606, 6.82340288162, 4.01517820358, 2.40949678421, 1.85359036922, 0.792790949345, 0.18237093091, 0.0238412264735, 0.00117583619431, 0.000116960058222, 1.01707119029e-05, 5.83075063787e-08], "mean": [0.160763338208, 2.39753961563, 6.62816810608, 7.46251916885, 9.64368247986, 17.3100204468, 26.9768028259, 22.9499759674, 30.6348514557, 19.0258846283, 21.386516571, 19.4759464264, 30.3362483978, 44.0040435791, 69.8507080078, 39.5070838928, 15.6282930374, 12.2616357803, 12.5851602554, 12.1497364044, 12.1820135117, 10.4325141907, 6.61360931396, 4.10189819336, 3.94435763359, 2.41478300095, 1.96580219269, 1.56231093407, 1.48353683949, 1.35235857964, 1.07456183434, 0.762347400188, 0.654272973537, 0.422487169504, 0.198521733284, 0.0638508871198, 0.0151672642678, 0.00416650203988, 0.00101402041037, 0.000108112079033]}, "spectral_strongpeak": {"dmean2": 0.916883528233, "median": 0.503390312195, "min": 0, "dvar2": 2.40501952171, "dvar": 1.06189036369, "dmean": 0.560375213623, "max": 11.5763435364, "var": 2.00066018105, "mean": 1.00314617157}, "spectral_energy": {"dmean2": 0.0191465746611, "median": 0.0254400372505, "min": 1.00047325452e-20, "dvar2": 0.000810500467196, "dvar": 0.000374679657398, "dmean": 0.0128236589953, "max": 0.288719326258, "var": 0.000960208359174, "mean": 0.0338390320539}, "average_loudness": 0.886703789234, "spectral_rolloff": {"dmean2": 415.905792236, "median": 581.396484375, "min": 86.1328125, "dvar2": 1334114.25, "dvar": 522099.46875, "dmean": 243.934753418, "max": 19789.0136719, "var": 6630693.5, "mean": 1065.42871094}, "spectral_centroid": {"dmean2": 252.758468628, "median": 644.300537109, "min": 171.589309692, "dvar2": 120405.640625, "dvar": 56017.4101563, "dmean": 161.982635498, "max": 11712.1103516, "var": 1635068.875, "mean": 870.192016602}, "pitch_salience": {"dmean2": 0.123331196606, "median": 0.527155160904, "min": 0.0885760113597, "dvar2": 0.0116161685437, "dvar": 0.00450276397169, "dmean": 0.0764332413673, "max": 0.996097505093, "var": 0.0144891543314, "mean": 0.527864158154}, "spectral_energyband_middle_high": {"dmean2": 0.00333338114433, "median": 0.00186780560762, "min": 1.1613550167e-21, "dvar2": 3.50192749465e-05, "dvar": 1.73819935299e-05, "dmean": 0.00229117833078, "max": 0.06091292575, "var": 5.43337919225e-05, "mean": 0.00494687026367}, "spectral_contrast_coeffs": {"dmean2": [0.0842364281416, 0.0769344046712, 0.0654332414269, 0.0505613870919, 0.035631865263, 0.0287007819861], "median": [-0.639177799225, -0.734372138977, -0.754733622074, -0.806021571159, -0.824068665504, -0.805202901363], "min": [-0.984074354172, -0.998861849308, -0.997281312943, -0.984618484974, -0.985618233681, -0.967873215675], "dvar2": [0.00476927636191, 0.00393021618947, 0.0028390865773, 0.0017883204855, 0.000985273858532, 0.000616875418928], "dvar": [0.00180745043326, 0.0014513003407, 0.00115796958562, 0.000727869279217, 0.000407301675295, 0.000240617082454], "dmean": [0.0514892600477, 0.0465296506882, 0.0411980561912, 0.0309565663338, 0.0220422316343, 0.0174807813019], "max": [-0.349161475897, -0.342012882233, -0.389160871506, -0.550088405609, -0.62751609087, -0.681275904179], "var": [0.00852946192026, 0.00648176204413, 0.00719588110223, 0.00314296595752, 0.00190291798208, 0.00123045197688], "mean": [-0.642007172108, -0.729930579662, -0.745426476002, -0.799841046333, -0.819961309433, -0.806192815304]}, "melbands_skewness": {"dmean2": 1.33716320992, "median": 2.48179769516, "min": -3.30149769783, "dvar2": 1.70439016819, "dvar": 0.762833595276, "dmean": 0.875286877155, "max": 11.5734729767, "var": 2.80631804466, "mean": 2.65307378769}, "spectral_spread": {"dmean2": 1460979.625, "median": 4191746.25, "min": 1040207.1875, "dvar2": 2953925361660.0, "dvar": 1350073057280.0, "dmean": 977971.8125, "max": 48520196, "var": 21676242763800.0, "mean": 5007009}, "dissonance": {"dmean2": 0.0471252724528, "median": 0.453001052141, "min": 0, "dvar2": 0.00198164931498, "dvar": 0.000724438403267, "dmean": 0.0282380543649, "max": 0.500000059605, "var": 0.00135882233735, "mean": 0.445647507906}, "spectral_skewness": {"dmean2": 0.515355169773, "median": 2.05321931839, "min": -0.0721275508404, "dvar2": 0.257032215595, "dvar": 0.113945357502, "dmean": 0.3352406919, "max": 6.56017875671, "var": 0.367624729872, "mean": 2.08680391312}, "spectral_flux": {"dmean2": 0.046668138355, "median": 0.0707686394453, "min": 6.33021343677e-11, "dvar2": 0.00284853228368, "dvar": 0.00124577095266, "dmean": 0.0289392843843, "max": 0.377457499504, "var": 0.0028909437824, "mean": 0.0831493213773}, "spectral_contrast_valleys": {"dmean2": [0.717757105827, 0.574842095375, 0.568688571453, 0.521613061428, 0.491509884596, 0.744210124016], "median": [-6.86742830276, -6.4858083725, -7.39862108231, -8.03898715973, -8.10092449188, -10.4725866318], "min": [-28.4859886169, -28.0380878448, -27.7977752686, -27.6737384796, -27.4745101929, -27.3756904602], "dvar2": [0.396404981613, 0.28629976511, 0.287285447121, 0.275844842196, 0.27298116684, 0.673633038998], "dvar": [0.184841215611, 0.126460567117, 0.131947889924, 0.128878310323, 0.134023919702, 0.311390340328], "dmean": [0.445827573538, 0.347408771515, 0.350771486759, 0.328144043684, 0.33482965827, 0.545020401478], "max": [-4.76672744751, -4.62773370743, -5.00483894348, -5.58913469315, -6.0380449295, -8.012591362], "var": [7.57062482834, 7.68611812592, 7.15596628189, 6.73177146912, 6.59360170364, 5.55723190308], "mean": [-7.36328887939, -6.98082447052, -7.83218336105, -8.42494392395, -8.49388408661, -10.8110733032]}, "erbbands_flatness_db": {"dmean2": 0.0396833531559, "median": 0.159094586968, "min": 0.0221297126263, "dvar2": 0.00138758157846, "dvar": 0.000692384375725, "dmean": 0.0277928747237, "max": 0.388810902834, "var": 0.0028846913483, "mean": 0.16366289556}, "spectral_energyband_high": {"dmean2": 0.000282500404865, "median": 7.63813586673e-05, "min": 7.11889487401e-21, "dvar2": 3.46471694002e-07, "dvar": 1.36010513074e-07, "dmean": 0.000179658687557, "max": 0.00711900787428, "var": 1.72268030951e-07, "mean": 0.000234565726714}, "spectral_entropy": {"dmean2": 0.39264908433, "median": 7.22059822083, "min": 5.06263971329, "dvar2": 0.133479297161, "dvar": 0.0630048811436, "dmean": 0.266236037016, "max": 9.82286834717, "var": 0.30288118124, "mean": 7.25323724747}, "silence_rate_20dB": {"dmean2": 0, "median": 1, "min": 1, "dvar2": 0, "dvar": 0, "dmean": 0, "max": 1, "var": 0, "mean": 1}, "melbands_flatness_db": {"dmean2": 0.0502251312137, "median": 0.257190018892, "min": -3.19259555681e-07, "dvar2": 0.00199605617672, "dvar": 0.00094738334883, "dmean": 0.033737834543, "max": 0.54328918457, "var": 0.00489448616281, "mean": 0.257382720709}, "barkbands": {"dmean2": [5.05971256644e-05, 0.00931722391397, 0.0062443157658, 0.00279602105729, 0.00469806790352, 0.00254820263945, 0.00169206177816, 0.000874357414432, 0.000643771374598, 0.000781291688327, 0.00148711178917, 0.000912223185878, 0.000261775130639, 0.000251536461292, 0.000242336158408, 0.000241181987803, 0.000266121467575, 0.000107508174551, 7.92406426626e-05, 5.6967499404e-05, 4.60582414235e-05, 5.22697519045e-05, 5.19331406394e-05, 5.795522884e-05, 5.17929256603e-05, 1.52661414177e-05, 9.26784923649e-06], "median": [5.05211937707e-06, 0.00292668375187, 0.0019751903601, 0.00100321462378, 0.00249210279435, 0.00148713891394, 0.00071121804649, 0.000440114235971, 0.000217387496377, 0.000305469729938, 0.000176419736817, 0.000112215551781, 4.62746829726e-05, 5.54066173208e-05, 5.57670609851e-05, 5.23155867995e-05, 5.18200395163e-05, 3.20267245115e-05, 2.57334540947e-05, 1.98789002752e-05, 1.52401917148e-05, 1.39037247209e-05, 1.15811026262e-05, 9.20075490285e-06, 7.37990376365e-06, 2.21781147047e-06, 9.02643364498e-07], "min": [1.24842692485e-26, 1.1797264954e-24, 6.44720043404e-25, 1.67003628572e-24, 7.67038961544e-24, 1.12826215658e-23, 9.03699331499e-24, 8.26129534283e-24, 1.56041357109e-23, 1.34172728644e-23, 1.79207393551e-23, 2.40080555277e-23, 2.8016780013e-23, 2.13452381872e-23, 3.05668770188e-23, 5.00786415346e-23, 8.3192747261e-23, 1.01152364837e-22, 1.24771832216e-22, 1.79327533911e-22, 2.24060932838e-22, 3.32315696395e-22, 3.79971806043e-22, 5.57590465285e-22, 9.50128409029e-22, 1.24367554255e-21, 1.96521917282e-21], "dvar2": [2.27452172652e-08, 0.000383386563044, 0.00017768649559, 3.38495665346e-05, 6.38884012005e-05, 2.37772674154e-05, 2.45942901529e-05, 2.50607990893e-06, 7.38764401831e-06, 3.0911619433e-06, 1.42992612382e-05, 9.15515556699e-06, 9.41521705045e-07, 8.09843584193e-07, 3.92398220583e-07, 3.52356295252e-07, 5.83683856803e-07, 7.34999048291e-08, 3.244155522e-08, 2.36936461562e-08, 9.94570026336e-09, 1.43598271052e-08, 1.18382521563e-08, 1.77421757286e-08, 1.3059933579e-08, 1.20142962245e-09, 7.11244896312e-10], "dvar": [9.02768260147e-09, 0.000156678608619, 6.32000810583e-05, 1.34166211865e-05, 2.46932486334e-05, 9.93472622213e-06, 9.835957826e-06, 1.06934828636e-06, 5.46855562789e-06, 1.3798942291e-06, 7.42040811019e-06, 4.00229555453e-06, 5.979449611e-07, 3.631369907e-07, 1.65282699527e-07, 1.4283358496e-07, 2.47398702413e-07, 3.09383096919e-08, 1.47726186839e-08, 1.14089990788e-08, 4.27021618066e-09, 5.56118395778e-09, 4.67577931929e-09, 6.63598376249e-09, 4.90086193849e-09, 4.62071159113e-10, 2.86098811308e-10], "dmean": [3.12470656354e-05, 0.00599464261904, 0.00379901076667, 0.00171304645482, 0.00288567342795, 0.00160773121752, 0.00105256575625, 0.000553524703719, 0.000450478954008, 0.000510733865667, 0.00103099411353, 0.000610512739513, 0.000177575755515, 0.000160950992722, 0.000153898145072, 0.00014738785103, 0.000167008722201, 6.88450963935e-05, 5.15490137332e-05, 3.74062328774e-05, 2.93141038128e-05, 3.28820788127e-05, 3.27385787386e-05, 3.53800569428e-05, 3.1356306863e-05, 9.22912931856e-06, 5.67719825995e-06], "max": [0.00172410148662, 0.160922527313, 0.093732662499, 0.0535624325275, 0.0635967478156, 0.0866994559765, 0.0759649127722, 0.0270300079137, 0.151270627975, 0.0422886274755, 0.0502588227391, 0.0474950149655, 0.0403076969087, 0.0192607194185, 0.00821211840957, 0.00858632847667, 0.00869567971677, 0.00329221319407, 0.00229343236424, 0.00487592443824, 0.00175820069853, 0.00207492313348, 0.00100237736478, 0.00158607785124, 0.00101853557862, 0.0004298920976, 0.000319960177876], "var": [1.14777263249e-08, 0.000230711651966, 8.34511447465e-05, 1.7329952243e-05, 4.2727766413e-05, 2.25864114327e-05, 2.04208936339e-05, 2.60425849774e-06, 1.53218916239e-05, 3.99590862799e-06, 2.08150449907e-05, 1.07661571747e-05, 2.099168114e-06, 6.0193463014e-07, 3.19269275906e-07, 1.92740245097e-07, 3.6907761114e-07, 5.44676908021e-08, 2.67434856482e-08, 1.94606339932e-08, 7.48289608055e-09, 6.39811759129e-09, 5.19337017835e-09, 6.06558936411e-09, 4.74664618721e-09, 6.08265715574e-10, 3.39657468817e-10], "mean": [4.13825291616e-05, 0.00908940564841, 0.00538837444037, 0.00235243421048, 0.00492167379707, 0.00300834863447, 0.00191203132272, 0.000964887905866, 0.00075635756366, 0.000933755713049, 0.00182610878255, 0.000998896430247, 0.000298918923363, 0.000230716977967, 0.000244247959927, 0.000193336905795, 0.000231676051044, 0.00010326912161, 7.67296878621e-05, 5.6268661865e-05, 4.26623482781e-05, 4.17417686549e-05, 3.87122017855e-05, 3.76027346647e-05, 3.27765264956e-05, 1.03311776911e-05, 5.91352682022e-06]}, "erbbands_skewness": {"dmean2": 0.684541285038, "median": 0.78226774931, "min": -2.58832168579, "dvar2": 0.435942947865, "dvar": 0.184687390924, "dmean": 0.440946608782, "max": 5.23806142807