{"metadata": {"tags": {"album": ["Homogenic (Digipak+Poster)"], "albumartist": ["Bjork"], "genre": ["Blues"], "artist": ["Bjork"], "date": ["1997"], "tracknumber": ["3"], "title": ["Homogenic - 03 - Unravel"], "file_name": "193815.mp3", "musicbrainz_recordingid": ["1656c52e-076f-43ff-9a95-5e51f4fe6e1c"]}, "audio_properties": {"sample_rate": 44100, "downmix": "mix", "lossless": false, "analysis_sample_rate": 44100, "md5_encoded": "3dbf8ac564a23ea1f5d25055a7e9337f", "equal_loudness": 0, "replay_gain": -12.6467132568, "codec": "mp3", "bit_rate": 224000, "length": 202.031021118}, "version": {"extractor": "music 1.0", "essentia_build_sha": "70f2e5ece6736b2c40cc944ad0e695b16b925413", "essentia_git_sha": "v2.1_beta2", "essentia": "2.1-beta2"}}, "rhythm": {"beats_loudness_band_ratio": {"dvar2": [0.109933644533, 0.0926233977079, 0.0773004740477, 0.0734079480171, 0.0042998646386, 0.046048682183], "var": [0.0730243250728, 0.0582732632756, 0.0401678048074, 0.0258357319981, 0.00169224059209, 0.00858626514673], "min": [0.00630048569292, 0.0229425001889, 0.00748816179112, 0.000359887199011, 0.000121380689961, 1.29646732603e-05], "dmean": [0.211008816957, 0.241188153625, 0.197670802474, 0.114301435649, 0.0248096436262, 0.0430356487632], "mean": [0.31525477767, 0.394239097834, 0.232202455401, 0.10264428705, 0.0225033462048, 0.0272095017135], "max": [0.979436457157, 0.977732777596, 0.881304442883, 0.730151772499, 0.376359522343, 0.752831399441], "dmean2": [0.368247032166, 0.407685339451, 0.342511475086, 0.204993113875, 0.0428578332067, 0.0832109376788], "median": [0.210896208882, 0.355270832777, 0.153845861554, 0.0279254000634, 0.00609287247062, 0.00252302316949], "dvar": [0.0442792996764, 0.0337477251887, 0.0295602604747, 0.0269053541124, 0.00166603142861, 0.0156852193177]}, "bpm_histogram_first_peak_weight": {"dvar2": 0, "var": 0, "min": 0.22499999404, "dmean": 0, "mean": 0.22499999404, "max": 0.22499999404, "dmean2": 0, "median": 0.22499999404, "dvar": 0}, "bpm": 103.801353455, "beats_count": 361, "bpm_histogram_first_peak_spread": {"dvar2": 0, "var": 0, "min": 0.547486066818, "dmean": 0, "mean": 0.547486066818, "max": 0.547486066818, "dmean2": 0, "median": 0.547486066818, "dvar": 0}, "danceability": 0.941619873047, "bpm_histogram_first_peak_bpm": {"dvar2": 0, "var": 0, "min": 103, "dmean": 0, "mean": 103, "max": 103, "dmean2": 0, "median": 103, "dvar": 0}, "beats_position": [0.487619042397, 0.986848056316, 1.48607707024, 1.98530614376, 2.48453521729, 3.08825397491, 3.69197273254, 4.28408145905, 4.8994102478, 5.51473903656, 6.13006782532, 6.74539661407, 7.3491153717, 7.96444416046, 8.56816291809, 9.16027164459, 9.75238037109, 10.4141492844, 11.0759181976, 11.7376871109, 12.3994560242, 13.0496139526, 13.6997728348, 14.3499317169, 14.9884805679, 15.6154193878, 16.242357254, 16.8112468719, 17.3685264587, 17.9374141693, 18.5063037872, 19.0751914978, 19.6440811157, 20.2129707336, 20.7818584442, 21.3507480621, 21.9312477112, 22.5001354218, 23.0806350708, 23.6611328125, 24.2416324615, 24.8105201721, 25.37940979, 25.9599094391, 26.5404071808, 27.1209068298, 27.7014045715, 28.2819042206, 28.8624038696, 29.4429016113, 30.0234012604, 30.6038990021, 31.1843986511, 31.7648983002, 32.3337860107, 32.9142837524, 33.4947853088, 34.0868911743, 34.6673927307, 35.2594985962, 35.8516082764, 36.4437179565, 37.0358276367, 37.6279373169, 38.2200431824, 38.7541046143, 39.2997741699, 39.8454399109, 40.344669342, 40.8322906494, 41.3083000183, 41.7843093872, 42.2603149414, 42.7247161865, 43.2007255554, 43.6767349243, 44.164352417, 44.6519737244, 45.139591217, 45.6272087097, 46.1728782654, 46.7301597595, 47.287437439, 47.8563270569, 48.4368247986, 49.0405426025, 49.6442604065, 50.2479820251, 50.7936515808, 51.3393173218, 51.8849868774, 52.4190483093, 52.9531059265, 53.4871635437, 53.9515647888, 54.4043540955, 54.8571434021, 55.2286605835, 55.6001815796, 55.9833106995, 56.3664398193, 56.7495689392, 57.1326980591, 57.515827179, 57.8989562988, 58.2820854187, 58.6536026001, 59.0251235962, 59.3966445923, 59.7797737122, 60.162902832, 60.5344200134, 60.9059410095, 61.3006782532, 61.6954193115, 62.0901565552, 62.4965057373, 62.9028549194, 63.3092041016, 63.6923332214, 64.2031707764, 64.714012146, 65.2364578247, 65.7472991943, 66.2697525024, 66.8734664917, 67.4771881104, 68.0809020996, 68.6846237183, 69.2883453369, 69.8920593262, 70.4957809448, 71.1111068726, 71.7032165527, 72.2953262329, 72.8874359131, 73.4679336548, 74.0368270874, 74.6173248291, 75.1978225708, 75.789932251, 76.4052581787, 77.0205917358, 77.6823577881, 78.3441238403, 79.0175018311, 79.6908798218, 80.3410415649, 80.9795913696, 81.6297454834, 82.198638916, 82.7675247192, 83.3364181519, 83.8936920166, 84.4509735107, 85.0082550049, 85.5655288696, 86.1228103638, 86.6684799194, 87.2141494751, 87.7598190308, 88.3054885864, 88.8511581421, 89.3968200684, 89.942489624, 90.4997711182, 91.0686569214, 91.637550354, 92.2296600342, 92.8101577759, 93.3906555176, 93.9711532593, 94.551651001, 95.1321487427, 95.7126541138, 96.2931518555, 96.8620376587, 97.4425354004, 98.011428833, 98.5803146362, 99.1492080688, 99.7297058105, 100.298591614, 100.879089355, 101.447982788, 102.016868591, 102.585754395, 103.143035889, 103.688705444, 104.245986938, 104.791656494, 105.33732605, 105.894599915, 106.463493347, 107.03237915, 107.601264954, 108.170158386, 108.739044189, 109.319541931, 109.900039673, 110.550201416, 111.200363159, 111.804077148, 112.396186829, 112.988296509, 113.592018127, 114.184127808, 114.776237488, 115.368339539, 115.960449219, 116.552558899, 117.144668579, 117.667114258, 118.189567566, 118.723625183, 119.246078491, 119.756912231, 120.267753601, 120.79019928, 121.301040649, 121.811882019, 122.322715759, 122.833557129, 123.414054871, 123.994552612, 124.563446045, 125.132331848, 125.71282959, 126.293327332, 126.827392578, 127.361450195, 127.883895874, 128.406341553, 128.92880249, 129.451248169, 129.985305786, 130.519363403, 130.960540771, 131.40171814, 131.831283569, 132.260864258, 132.690429688, 133.119995117, 133.561172485, 134.072021484, 134.582855225, 135.093688965, 135.604537964, 136.103759766, 136.602996826, 137.113830566, 137.636276245, 138.158721924, 138.692779541, 139.226852417, 139.853790283, 140.480728149, 141.107666016, 141.722991943, 142.34992981, 142.965255737, 143.580581665, 144.195922852, 144.822860718, 145.449798584, 146.065124512, 146.680450439, 147.237731934, 147.795013428, 148.340682983, 148.863128662, 149.397186279, 149.919631958, 150.476913452, 151.045806885, 151.603088379, 152.160354614, 152.70602417, 153.251693726, 153.80897522, 154.343032837, 154.91192627, 155.469207764, 156.026489258, 156.711471558, 157.384857178, 158.081451416, 158.778045654, 159.393371582, 160.00869751, 160.624038696, 161.250976562, 161.877914429, 162.504852295, 163.120178223, 163.700683594, 164.281173706, 164.850067139, 165.430557251, 165.999450684, 166.579956055, 167.160446167, 167.740951538, 168.32144165, 168.901947021, 169.470840454, 170.051330566, 170.620223999, 171.20072937, 171.781219482, 172.350112915, 172.919006348, 173.49949646, 174.080001831, 174.660491943, 175.240997314, 175.809890747, 176.390380859, 176.959274292, 177.539764404, 178.120269775, 178.700775146, 179.26965332, 179.838546753, 180.419036865, 180.999542236, 181.568435669, 182.137313843, 182.717819214, 183.298324585, 183.878814697, 184.459320068, 185.028198242, 185.608703613, 186.177597046, 186.758087158, 187.326980591, 187.895874023, 188.476364136, 189.056869507, 189.637359619, 190.21786499, 190.798370361, 191.367248535, 191.936141968, 192.516647339, 193.097137451, 193.677642822, 194.246520996, 194.827026367, 195.3959198, 195.976409912, 196.556915283, 197.137405396, 197.717910767, 198.298416138, 198.890518188, 199.47102356, 200.06312561, 200.643630981, 201.235733032], "beats_loudness": {"dvar2": 0.0010469268309, "var": 0.000468523619929, "min": 3.40001110599e-10, "dmean": 0.0164298452437, "mean": 0.0278582666069, "max": 0.114455938339, "dmean2": 0.0290056169033, "median": 0.0257453937083, "dvar": 0.000353874638677}, "bpm_histogram_second_peak_weight": {"dvar2": 0, "var": 0, "min": 0.0555555559695, "dmean": 0, "mean": 0.0555555559695, "max": 0.0555555559695, "dmean2": 0, "median": 0.0555555559695, "dvar": 0}, "bpm_histogram_second_peak_spread": {"dvar2": 0, "var": 0, "min": 0.615384638309, "dmean": 0, "mean": 0.615384638309, "max": 0.615384638309, "dmean2": 0, "median": 0.615384638309, "dvar": 0}, "bpm_histogram_second_peak_bpm": {"dvar2": 0, "var": 0, "min": 108, "dmean": 0, "mean": 108, "max": 108, "dmean2": 0, "median": 108, "dvar": 0}, "onset_rate": 2.0094192028}, "lowlevel": {"spectral_energyband_high": {"dvar2": 1.53274095283e-06, "var": 1.41902035011e-06, "min": 7.39601572729e-21, "dmean": 0.000150338164531, "mean": 0.000304826593492, "max": 0.0239941123873, "dmean2": 0.000206471187994, "median": 4.25417383667e-05, "dvar": 7.39174538467e-07}, "spectral_energyband_middle_low": {"dvar2": 8.97297140909e-05, "var": 0.000261048349785, "min": 2.56076997827e-22, "dmean": 0.00417294027284, "mean": 0.0169790834188, "max": 0.0949979871511, "dmean2": 0.00658624153584, "median": 0.011491172947, "dvar": 3.60502926924e-05}, "spectral_energy": {"dvar2": 0.000190225429833, "var": 0.000428746425314, "min": 1.04467798032e-20, "dmean": 0.00569853186607, "mean": 0.0250046439469, "max": 0.123983614147, "dmean2": 0.00919518526644, "median": 0.0212454646826, "dvar": 7.32676198822e-05}, "spectral_spread": {"dvar2": 1136767270910.0, "var": 3853573160960.0, "min": 749211.5, "dmean": 420938.3125, "mean": 3670812.75, "max": 41132608, "dmean2": 636536.8125, "median": 3425155.5, "dvar": 628388134912}, "spectral_energyband_low": {"dvar2": 0.000143500496051, "var": 9.69008979155e-05, "min": 3.07156751182e-23, "dmean": 0.00274573871866, "mean": 0.00548845762387, "max": 0.103628546, "dmean2": 0.00461100414395, "median": 0.00267229182646, "dvar": 5.24612041772e-05}, "spectral_rolloff": {"dvar2": 1079114.25, "var": 1293703.625, "min": 86.1328125, "dmean": 170.903152466, "mean": 761.808227539, "max": 19186.0839844, "dmean2": 298.36920166, "median": 452.197265625, "dvar": 477627.90625}, "barkbands": {"dvar2": [8.56676618533e-10, 7.03130062902e-05, 4.02068144467e-05, 1.51637232193e-05, 9.23853986023e-06, 4.47176389571e-05, 2.18656205107e-05, 1.14783586014e-06, 4.60855244455e-06, 8.02588783699e-06, 4.79435357192e-06, 1.28565147861e-06, 2.56613617466e-07, 3.8137966385e-07, 2.47267990972e-07, 1.14751522062e-07, 4.6042192281e-08, 3.55069822433e-08, 1.95052045626e-08, 1.17796847832e-08, 3.89163652414e-08, 1.13132102797e-07, 5.38982938281e-08, 3.93604778992e-07, 2.04227404765e-07, 2.98586377845e-09, 6.80198085357e-13], "var": [1.76196590651e-09, 2.79424384644e-05, 2.40427561948e-05, 8.71059364727e-06, 8.97301924851e-06, 0.000121950215544, 4.33933673776e-05, 8.74933903106e-07, 7.26791040506e-06, 2.56795647147e-05, 9.67632422544e-06, 3.56446912519e-06, 5.5660103726e-07, 9.63806542131e-07, 6.25670907084e-07, 1.60936096449e-07, 7.88861242995e-08, 3.48788802285e-08, 1.96109191108e-08, 1.20107293e-08, 8.45235774705e-08, 7.2935286255e-08, 4.2180332116e-08, 2.42495985958e-07, 1.08075788319e-07, 2.0051296179e-09, 4.40318164959e-13], "min": [3.09596271977e-24, 8.94641551699e-24, 5.8776069673e-24, 2.738521955e-24, 3.93939970454e-23, 9.02217771832e-24, 1.0777985667e-23, 1.3443448847e-23, 5.41654869154e-23, 1.80218871003e-23, 4.30891856085e-23, 7.26438720444e-23, 6.49610547143e-23, 6.51190540873e-23, 6.71847336992e-23, 7.03558093878e-23, 9.47591268275e-23, 1.58330025611e-22, 1.58052851443e-22, 2.56211672161e-22, 3.52746310316e-22, 3.79439621544e-22, 5.36701024618e-22, 5.83344792222e-22, 1.10378892082e-21, 1.61132309458e-21, 2.02182550897e-21], "dmean": [1.05612862171e-05, 0.00164192996453, 0.00140830466989, 0.000964808103163, 0.00115826015826, 0.00227482034825, 0.00119699107017, 0.00022662471747, 0.000484803982545, 0.000667464570142, 0.000300709158182, 0.000239766479353, 8.71251395438e-05, 0.000142221324495, 0.000109144035378, 4.68599064334e-05, 3.02943844872e-05, 2.91824890155e-05, 2.11489750654e-05, 1.62893138622e-05, 3.87489017157e-05, 3.35091572197e-05, 2.33740684052e-05, 5.33307465957e-05, 2.0850015062e-05, 3.51532435161e-06, 9.87631310068e-08], "mean": [2.51881901931e-05, 0.00230591953732, 0.00212189485319, 0.00165645277593, 0.00295295775868, 0.00684726564214, 0.00315443170257, 0.000424347905209, 0.00108120206278, 0.00182135321666, 0.000656526826788, 0.000617988000158, 0.00016958998458, 0.000344191910699, 0.000263591762632, 8.0447862274e-05, 6.13277006778e-05, 5.72268872929e-05, 4.4025859097e-05, 3.35590884788e-05, 8.80696316017e-05, 4.65787306894e-05, 3.52265451511e-05, 8.22499641799e-05, 2.79156611214e-05, 4.92914205097e-06, 1.9641505844e-07], "max": [0.000360473262845, 0.0709851309657, 0.0629702359438, 0.0454037562013, 0.034681878984, 0.0833090618253, 0.0715454816818, 0.02426170744, 0.0339528955519, 0.0653815940022, 0.0486210584641, 0.0231910143048, 0.0165691133589, 0.0122324135154, 0.0121552608907, 0.0133835673332, 0.00790239870548, 0.00347848539241, 0.00388498022221, 0.00294296490029, 0.00516937952489, 0.0109350504354, 0.00554354628548, 0.0137046314776, 0.0202321764082, 0.00208880077116, 2.95213176287e-05], "dmean2": [1.68639908225e-05, 0.00280886027031, 0.00228357850574, 0.00162536965217, 0.00192952190991, 0.00348446005955, 0.00179775001016, 0.000355147873051, 0.000730722560547, 0.000936422555242, 0.000455033703474, 0.000353163428372, 0.00013080330973, 0.000209704216104, 0.000162667332916, 7.03041732777e-05, 4.32360429841e-05, 4.37651397078e-05, 3.23869207932e-05, 2.402881546e-05, 5.35929175385e-05, 5.01714057464e-05, 3.41464401572e-05, 7.89099212852e-05, 3.16370715154e-05, 5.28818236489e-06, 1.55972827542e-07], "median": [7.35979847377e-06, 0.000724119425286, 0.000791623489931, 0.000723718199879, 0.00216345256194, 0.00190417468548, 0.000876941892784, 0.00017679927987, 0.0002423539554, 0.000132477114676, 3.44471918652e-05, 3.25356959365e-05, 1.70621060533e-05, 3.95196439058e-05, 2.79123451037e-05, 1.2364678696e-05, 1.04770988401e-05, 8.2236056187e-06, 5.66977450944e-06, 5.20507182955e-06, 6.65195011607e-06, 4.12773852076e-06, 2.93011271424e-06, 7.52920368541e-06, 2.57054398389e-06, 5.95984602114e-07, 1.23848437283e-07], "dvar": [3.35034916477e-10, 2.43479116762e-05, 1.65171586559e-05, 5.84126155445e-06, 3.3548490137e-06, 1.84839173016e-05, 1.0290258615e-05, 4.78289166495e-07, 2.06330196306e-06, 4.09019821745e-06, 2.23711299441e-06, 6.30156193893e-07, 1.32342194092e-07, 1.8489760123e-07, 1.21250366192e-07, 5.85685739907e-08, 2.95450739429e-08, 1.63058366809e-08, 9.03649155504e-09, 5.89456172762e-09, 2.05768539985e-08, 5.16477633994e-08, 2.69226596572e-08, 1.7212485659e-07, 8.33046840398e-08, 1.30948107913e-09, 3.12786824436e-13]}, "melbands_skewness": {"dvar2": 1.00631070137, "var": 2.03623986244, "min": -1.49453282356, "dmean": 0.544785439968, "mean": 2.11476612091, "max": 13.9412765503, "dmean2": 0.847848594189, "median": 1.89174103737, "dvar": 0.403219819069}, "barkbands_skewness": {"dvar2": 0.850222408772, "var": 2.27598404884, "min": -2.13614630699, "dmean": 0.51490432024, "mean": 1.9843763113, "max": 16.9918956757, "dmean2": 0.80039703846, "median": 1.80154848099, "dvar": 0.345711559057}, "erbbands": {"dvar2": [0.00890206266195, 5.43953418732, 48.141292572, 79.3595581055, 136.06678772, 128.120620728, 600.348999023, 4753.24902344, 6085.89160156, 1846.76391602, 342.676818848, 1969.3269043, 7717.89892578, 7369.70800781, 4812.22265625, 1627.5723877, 408.484741211, 1024.98791504, 633.815917969, 458.369995117, 406.753540039, 109.397926331, 62.3875808716, 119.299209595, 20.205291748, 26.7439422607, 41.9971923828, 90.1316375732, 140.140136719, 65.117980957, 48.8574180603, 195.073364258, 89.0735702515, 81.5241012573, 6.47438383102, 0.156906828284, 0.00548477191478, 4.27016457252e-05, 2.29802878948e-08, 3.62000096565e-10], "var": [0.00463564088568, 2.17224502563, 25.7900009155, 65.4897232056, 83.8659057617, 92.8831710815, 2316.26635742, 11869.0859375, 15425.0556641, 2049.67724609, 430.182220459, 2186.44970703, 16368.6435547, 36264.9335938, 10761.1572266, 5822.46972656, 1283.64758301, 2765.95605469, 1838.38842773, 834.319030762, 626.15814209, 184.264160156, 88.9597015381, 109.457275391, 27.5755443573, 27.2946891785, 70.9656219482, 153.790908813, 87.8542251587, 56.199886322, 40.2676773071, 114.156021118, 60.9336700439, 33.4882507324, 2.00877404213, 0.0924985259771, 0.00416133925319, 3.4332719224e-05, 2.01034175973e-08, 6.80944411968e-10], "min": [3.3565155566e-22, 1.14177743279e-21, 4.72354057098e-21, 2.37370656635e-20, 6.68846223342e-20, 1.60469497468e-19, 1.18153780763e-19, 7.02673451375e-20, 1.35093250636e-19, 4.33310990013e-19, 5.01529738353e-19, 9.80608864304e-19, 1.38939335462e-18, 1.09315474826e-18, 1.88241285204e-18, 2.17483836257e-18, 2.32944545009e-18, 2.61553124162e-18, 2.92852521847e-18, 3.25389815998e-18, 5.04692297989e-18, 5.60556230171e-18, 7.94271480037e-18, 8.2762489126e-18, 8.13907672444e-18, 1.17284863719e-17, 1.30067227822e-17, 1.44881478382e-17, 1.23425893946e-17, 1.51194702797e-17, 1.61637659507e-17, 1.23912648377e-17, 1.06033825997e-17, 9.45023575031e-18, 7.61444982864e-18, 4.83673473188e-18, 3.24159591632e-18, 1.25218828603e-18, 2.64017465813e-19, 2.72914090569e-20], "dmean": [0.0217887926847, 0.45159086585, 1.43353831768, 2.37147188187, 3.53584671021, 3.95246720314, 7.7347612381, 21.5195007324, 22.5763015747, 9.79602336884, 4.20869588852, 9.42590141296, 20.3520545959, 14.7169799805, 12.1316289902, 9.22925186157, 3.8735499382, 7.30408811569, 4.97123336792, 4.29604911804, 2.25358271599, 1.43373584747, 1.30800807476, 1.58924376965, 0.733517885208, 0.760494232178, 1.21042478085, 1.6506806612, 1.18626153469, 0.757589578629, 0.699334919453, 1.10331070423, 0.853359043598, 0.351344943047, 0.0806062370539, 0.0227624308318, 0.00521152513102, 0.000495505461004, 1.45311996675e-05, 6.90363322065e-06], "mean": [0.0368270501494, 0.629059314728, 2.13553595543, 4.89750480652, 6.81881380081, 9.56287479401, 23.5494213104, 62.1116485596, 65.557510376, 22.192117691, 9.77553462982, 21.2367229462, 54.4756889343, 47.4040489197, 28.40275383, 25.201379776, 9.42336559296, 19.2874240875, 12.7000188828, 10.1977987289, 4.75783586502, 3.06894636154, 2.75551342964, 3.33671927452, 1.75292694569, 1.65826916695, 2.74665307999, 3.54538345337, 1.71714878082, 1.14563190937, 1.07149589062, 1.5664730072, 1.35750472546, 0.507647871971, 0.0965875983238, 0.0301825925708, 0.00759993446991, 0.00092921446776, 3.66011590813e-05, 2.99448165606e-05], "max": [0.78067946434, 19.3865394592, 62.7707214355, 99.8179779053, 129.979064941, 101.542526245, 563.178161621, 958.042907715, 1297.8717041, 745.462890625, 379.825805664, 1074.49536133, 2127.47290039, 2708.16040039, 1846.84741211, 1036.30126953, 774.227172852, 665.074157715, 768.79473877, 571.772766113, 919.821899414, 451.180908203, 182.565704346, 244.849838257, 134.486663818, 142.461853027, 129.527282715, 264.480560303, 309.775878906, 315.725799561, 165.634109497, 306.165740967, 195.967315674, 425.861358643, 101.02293396, 11.6379718781, 3.3738758564, 0.277912765741, 0.00605455972254, 0.000383462233003], "dmean2": [0.0356594733894, 0.775855064392, 2.37386965752, 4.01736354828, 5.95630550385, 6.72376441956, 11.3709173203, 33.2500953674, 34.0866241455, 15.2600860596, 6.26847648621, 14.0636730194, 28.7921772003, 21.242395401, 17.5301933289, 13.1613035202, 5.50401735306, 10.9515943527, 7.27681350708, 6.42049455643, 3.33106350899, 1.96776628494, 1.92034029961, 2.36184644699, 1.0971173048, 1.12037611008, 1.72463321686, 2.31669020653, 1.76464080811, 1.12876594067, 0.99947232008, 1.63188505173, 1.27015650272, 0.534588932991, 0.124078914523, 0.0350384935737, 0.00771593209356, 0.000766456127167, 2.23097140406e-05, 1.1011321476e-05], "median": [0.0140371304005, 0.19107195735, 0.725844860077, 2.33722066879, 3.97887659073, 6.96061134338, 9.18087768555, 15.3511734009, 18.3550453186, 8.38137340546, 4.03960990906, 6.59758472443, 6.9906206131, 3.97364139557, 2.9785323143, 2.09946537018, 1.24411201477, 2.55603909492, 1.70720911026, 1.30990862846, 0.795021176338, 0.582812964916, 0.487052857876, 0.432947158813, 0.262772917747, 0.246090933681, 0.26467448473, 0.245670348406, 0.155324712396, 0.0944160968065, 0.0901102349162, 0.117152512074, 0.137281700969, 0.0541511029005, 0.00806282088161, 0.00254428386688, 0.00110998784658, 0.000346423708834, 2.33823338931e-05, 2.5842935429e-05], "dvar": [0.00324839004315, 1.87442314625, 18.3797569275, 32.1404037476, 50.5964279175, 43.5811767578, 312.351593018, 1976.35693359, 2780.89282227, 798.965087891, 155.924240112, 858.58581543, 3620.62109375, 3777.2421875, 2384.25268555, 842.904907227, 235.571640015, 486.253204346, 314.53692627, 214.136505127, 208.823745728, 70.5446777344, 32.7003288269, 54.056930542, 10.3787794113, 13.0846786499, 22.4846115112, 45.1188354492, 63.4193916321, 34.0140533447, 25.0858383179, 87.4359283447, 38.4851150513, 30.862443924, 2.38500547409, 0.0654152706265, 0.0025927007664, 2.12830618693e-05, 1.14040901167e-08, 1.48057455185e-10]}, "silence_rate_30dB": {"dvar2": 0.000918760139029, "var": 0.000803662638646, "min": 0, "dmean": 0.000459717266494, "mean": 0.999195575714, "max": 1, "dmean2": 0.000919540238101, "median": 1, "dvar": 0.000459522329038}, "melbands_spread": {"dvar2": 85.1619949341, "var": 201.955535889, "min": 0.367434948683, "dmean": 2.669008255, "mean": 11.0443296432, "max": 234.865097046, "dmean2": 4.00549983978, "median": 6.585729599, "dvar": 43.5474510193}, "melbands_crest": {"dvar2": 16.0207748413, "var": 26.1187057495, "min": 1.68804860115, "dmean": 2.58485341072, "mean": 14.3870515823, "max": 32.0294799805, "dmean2": 4.16332674026, "median": 13.5382061005, "dvar": 5.93261289597}, "zerocrossingrate": {"dvar2": 0.000130393789732, "var": 0.00120436900761, "min": 0.00390625, "dmean": 0.00495857140049, "mean": 0.0326800532639, "max": 0.52197265625, "dmean2": 0.00581357767805, "median": 0.0234375, "dvar": 0.000114675596706}, "barkbands_kurtosis": {"dvar2": 194.076461792, "var": 710.35345459, "min": -1.94647181034, "dmean": 4.78819894791, "mean": 13.1704339981, "max": 583.815124512, "dmean2": 7.44197702408, "median": 7.34506177902, "dvar": 88.8262939453}, "spectral_flux": {"dvar2": 0.00106972502545, "var": 0.00173798738979, "min": 6.48899267652e-11, "dmean": 0.0165923330933, "mean": 0.058087978512, "max": 0.284996122122, "dmean2": 0.0265611689538, "median": 0.0521920397878, "dvar": 0.000431074440712}, "barkbands_crest": {"dvar2": 12.1389608383, "var": 18.0413818359, "min": 2.64290547371, "dmean": 2.18472695351, "mean": 11.6956787109, "max": 26.3381996155, "dmean2": 3.5309214592, "median": 11.0840415955, "dvar": 4.58004283905}, "barkbands_flatness_db": {"dvar2": 0.000757449073717, "var": 0.00481857405975, "min": 0.0176017358899, "dmean": 0.0173036046326, "mean": 0.2236187011, "max": 0.498223185539, "dmean2": 0.0267598833889, "median": 0.22406321764, "dvar": 0.000319074257277}, "spectral_entropy": {"dvar2": 0.0615082085133, "var": 0.403578996658, "min": 4.5452170372, "dmean": 0.159030020237, "mean": 6.53471708298, "max": 9.8086643219, "dmean2": 0.238870054483, "median": 6.51803970337, "dvar": 0.0308150649071}, "pitch_salience": {"dvar2": 0.00984696764499, "var": 0.0165488626808, "min": 0.0950817838311, "dmean": 0.0610856413841, "mean": 0.535720705986, "max": 0.880587041378, "dmean2": 0.0988065749407, "median": 0.541429877281, "dvar": 0.00373511039652}, "erbbands_spread": {"dvar2": 153.834945679, "var": 281.769012451, "min": 1.08477556705, "dmean": 4.50522327423, "mean": 20.8744792938, "max": 151.296112061, "dmean2": 6.80924320221, "median": 16.2982254028, "dvar": 73.7259979248}, "dynamic_complexity": 4.96059560776, "spectral_contrast_valleys": {"dvar2": [0.239556863904, 0.177611202002, 0.168568238616, 0.125352799892, 0.0865657106042, 0.116369560361], "var": [2.80307030678, 1.74378061295, 1.76060986519, 1.3533052206, 1.42297005653, 2.23173117638], "min": [-27.8254585266, -27.6191082001, -27.4802646637, -27.4540500641, -27.3832015991, -27.2706432343], "dmean": [0.341356605291, 0.298643231392, 0.27756485343, 0.23360055685, 0.180160954595, 0.178897872567], "mean": [-7.82624864578, -7.15163135529, -8.19510364532, -8.97993946075, -9.1695766449, -11.4198465347], "max": [-5.31359195709, -4.69382810593, -5.37744998932, -6.15510320663, -5.59918832779, -7.42179203033], "dmean2": [0.561069607735, 0.483631521463, 0.457188725471, 0.384042829275, 0.282712876797, 0.2565998137], "median": [-7.23574590683, -6.91417789459, -8.01211452484, -8.7712688446, -8.94097232819, -11.0557088852], "dvar": [0.0993182659149, 0.0826912671328, 0.0801711082458, 0.0618413314223, 0.050546258688, 0.0729241967201]}, "hfc": {"dvar2": 108.241477966, "var": 214.323898315, "min": 1.11302617428e-16, "dmean": 2.77513742447, "mean": 13.1132850647, "max": 225.386291504, "dmean2": 4.12976884842, "median": 9.34022521973, "dvar": 49.8306007385}, "spectral_kurtosis": {"dvar2": 71.7221755981, "var": 117.205474854, "min": -1.61194360256, "dmean": 3.95930600166, "mean": 12.6295499802, "max": 115.981536865, "dmean2": 6.60966491699, "median": 9.85865783691, "dvar": 25.9293994904}, "mfcc": {"mean": [-736.172973633, 165.35508728, 27.3863506317, 11.3319301605, 1.79965424538, -1.50623059273, -8.52314853668, -9.73887348175, -3.86808395386, -6.32257604599, -7.19150447845, -2.91666054726, -8.03732013702], "cov": [[11148.1259766, -1359.74316406, -491.726013184, -456.0859375, -424.442443848, -82.4431228638, 445.473754883, 150.403610229, 245.293930054, 389.889678955, -156.884796143, 157.808609009, -254.167251587], [-1359.74316406, 1603.41320801, -17.3723678589, 124.758232117, 183.656570435, 85.2699813843, -61.6996040344, -34.0606079102, 50.2528533936, -2.30777072906, 90.0569763184, -49.3692588806, 67.404914856], [-491.726013184, -17.3723678589, 552.754882812, 16.840675354, 15.1924657822, -43.2475166321, -57.9525680542, -11.7128915787, -39.7893753052, -41.8795890808, -5.74719190598, 9.90591621399, 11.9038171768], [-456.0859375, 124.758232117, 16.840675354, 410.079315186, 76.3929748535, 56.6863250732, -11.2722826004, 19.2208843231, 56.1518516541, 78.4368362427, 26.5002689362, -13.7041225433, 50.038269043], [-424.442443848, 183.656570435, 15.1924657822, 76.3929748535, 257.898834229, 74.8643722534, 33.7599639893, 28.4145126343, 36.6313209534, 40.5682525635, 41.7419052124, 8.81638431549, 44.5806808472], [-82.4431228638, 85.2699813843, -43.2475166321, 56.6863250732, 74.8643722534, 291.213775635, 80.4086380005, 60.2369689941, 76.9419326782, 56.1961402893, 63.5248756409, 6.51426267624, 20.7692108154], [445.473754883, -61.6996040344, -57.9525680542, -11.2722826004, 33.7599639893, 80.4086380005, 216.567657471, 65.0984420776, 48.2633666992, 50.8560714722, 16.6157684326, 30.0933246613, 1.7592228651], [150.403610229, -34.0606079102, -11.7128915787, 19.2208843231, 28.4145126343, 60.2369689941, 65.0984420776, 173.152862549, 67.9536056519, 61.805316925, 17.4716339111, 6.08673143387, 23.0625343323], [245.293930054, 50.2528533936, -39.7893753052, 56.1518516541, 36.6313209534, 76.9419326782, 48.2633666992, 67.9536056519, 175.833648682, 76.3710327148, 12.95287323, -2.79704332352, 13.2083158493], [389.889678955, -2.30777072906, -41.8795890808, 78.4368362427, 40.5682525635, 56.1961402893, 50.8560714722, 61.805316925, 76.3710327148, 212.310974121, 38.460319519, -12.7112369537, 8.75961971283], [-156.884796143, 90.0569763184, -5.74719190598, 26.5002689362, 41.7419052124, 63.5248756409, 16.6157684326, 17.4716339111, 12.95287323, 38.460319519, 142.348205566, 23.3763961792, 1.80271792412], [157.808609009, -49.3692588806, 9.90591621399, -13.7041225433, 8.81638431549, 6.51426267624, 30.0933246613, 6.08673143387, -2.79704332352, -12.7112369537, 23.3763961792, 135.152862549, 27.7881660461], [-254.167251587, 67.404914856, 11.9038171768, 50.038269043, 44.5806808472, 20.7692108154, 1.7592228651, 23.0625343323, 13.2083158493, 8.75961971283, 1.80271792412, 27.7881660461, 127.425323486]], "icov": [[0.000144431338413, 6.43299790681e-05, 7.40448085708e-05, 0.000128820873215, 0.000167375401361, 6.70723893563e-05, -0.000189948987099, 3.66783970094e-05, -0.000170175961102, -0.00030258228071, 0.000165923804161, -0.000214012310607, 0.000205813295906], [6.43299790681e-05, 0.000788289064076, 8.96204874152e-05, -1.52238899318e-05, -0.000368822045857, -3.28780042764e-05, 0.000141585653182, 0.000284788169665, -0.000337693782058, 9.70519904513e-05, -0.00039269219269, 0.000306043220917, -0.000243021568167], [7.40448085708e-05, 8.96204874152e-05, 0.00196379888803, -7.01850658515e-05, -0.000174503598828, 0.000200698923436, 0.000370124238543, -0.000211900667637, 0.000198112815269, 0.000132768400363, 5.261007027e-05, -0.000275785336271, 3.57079479727e-05], [0.000128820873215, -1.52238899318e-05, -7.01850658515e-05, 0.00307353166863, -0.000306792848278, -0.000196748471353, 0.000307332287775, 0.000309896626277, -0.000664608029183, -0.00117041624617, 4.55378176412e-05, 0.000127414052258, -0.000735385867301], [0.000167375401361, -0.000368822045857, -0.000174503598828, -0.000306792848278, 0.00516385864466, -0.000537001353223, -0.000805886636954, -2.50284465437e-05, -0.000292769720545, -0.000671602261718, -0.000442879478214, -0.000288078939775, -0.000892101612408], [6.70723893563e-05, -3.28780042764e-05, 0.000200698923436, -0.000196748471353, -0.000537001353223, 0.00481464341283, -0.00130511436146, -0.000446993828518, -0.00132510461845, 4.72181782243e-05, -0.00157996825874, 0.000278595573036, -0.000192557345144], [-0.000189948987099, 0.000141585653182, 0.000370124238543, 0.000307332287775, -0.000805886636954, -0.00130511436146, 0.00648475065827, -0.00150519609451, -0.000147008991917, -0.000371291826013, 0.000199841248104, -0.00112809357233, 0.000352469534846], [3.66783970094e-05, 0.000284788169665, -0.000211900667637, 0.000309896626277, -2.50284465437e-05, -0.000446993828518, -0.00150519609451, 0.007902238518, -0.00209364388138, -0.00115778879263, -0.000319001206663, 0.000273807556368, -0.00126579508651], [-0.000170175961102, -0.000337693782058, 0.000198112815269, -0.000664608029183, -0.000292769720545, -0.00132510461845, -0.000147008991917, -0.00209364388138, 0.00836452003568, -0.00148899341002, 0.000731876876671, 0.00011377253395, -1.88023404917e-05], [-0.00030258228071, 9.70519904513e-05, 0.000132768400363, -0.00117041624617, -0.000671602261718, 4.72181782243e-05, -0.000371291826013, -0.00115778879263, -0.00148899341002, 0.00724869361147, -0.00187378656119, 0.00149589648936, -0.000409397587646], [0.000165923804161, -0.00039269219269, 5.261007027e-05, 4.55378176412e-05, -0.000442879478214, -0.00157996825874, 0.000199841248104, -0.000319001206663, 0.000731876876671, -0.00187378656119, 0.00909790955484, -0.00228525558487, 0.00140591955278], [-0.000214012310607, 0.000306043220917, -0.000275785336271, 0.000127414052258, -0.000288078939775, 0.000278595573036, -0.00112809357233, 0.000273807556368, 0.00011377253395, 0.00149589648936, -0.00228525558487, 0.00912402849644, -0.00266365078278], [0.000205813295906, -0.000243021568167, 3.57079479727e-05, -0.000735385867301, -0.000892101612408, -0.000192557345144, 0.000352469534846, -0.00126579508651, -1.88023404917e-05, -0.000409397587646, 0.00140591955278, -0.00266365078278, 0.00983104668558]]}, "silence_rate_20dB": {"dvar2": 0, "var": 0, "min": 1, "dmean": 0, "mean": 1, "max": 1, "dmean2": 0, "median": 1, "dvar": 0}, "melbands_kurtosis": {"dvar2": 301.732635498, "var": 464.948394775, "min": -1.77685844898, "dmean": 6.08451461792, "mean": 15.6639280319, "max": 360.975860596, "dmean2": 9.60302066803, "median": 9.66758155823, "dvar": 121.481567383}, "barkbands_spread": {"dvar2": 55.1511001587, "var": 109.019355774, "min": 0.212068855762, "dmean": 2.26817750931, "mean": 9.07422924042, "max": 116.076057434, "dmean2": 3.40305233002, "median": 5.79803752899, "dvar": 28.2729759216}, "erbbands_skewness": {"dvar2": 0.4947283566, "var": 2.07336163521, "min": -3.75456213951, "dmean": 0.40629580617, "mean": 1.49831974506, "max": 13.1098566055, "dmean2": 0.613622307777, "median": 1.29450976849, "dvar": 0.231232941151}, "average_loudness": 0.759609460831, "spectral_centroid": {"dvar2": 80215.6328125, "var": 280326.90625, "min": 115.642066956, "dmean": 88.3431777954, "mean": 624.797241211, "max": 11154.9316406, "dmean2": 131.188552856, "median": 458.048461914, "dvar": 44169.0859375}, "dissonance": {"dvar2": 0.00228126696311, "var": 0.00323883397505, "min": 0.16696614027, "dmean": 0.0325654037297, "mean": 0.407947927713, "max": 0.499999940395, "dmean2": 0.0551425814629, "median": 0.417705774307, "dvar": 0.000833582133055}, "erbbands_flatness_db": {"dvar2": 0.000428430415923, "var": 0.00245697423816, "min": 0.0352279469371, "dmean": 0.0136465299875, "mean": 0.222493395209, "max": 0.405036538839, "dmean2": 0.0202582012862, "median": 0.224724546075, "dvar": 0.000207636447158}, "spectral_strongpeak": {"dvar2": 1.16780138016, "var": 2.23676490784, "min": 0, "dmean": 0.415812700987, "mean": 1.37281489372, "max": 10.2192764282, "dmean2": 0.686840474606, "median": 0.656026005745, "dvar": 0.469530284405}, "spectral_rms": {"dvar2": 9.91550791696e-07, "var": 4.72599231216e-06, "min": 3.19248815751e-12, "dmean": 0.000511563499458, "mean": 0.00443495390937, "max": 0.0109981643036, "dmean2": 0.000820286164526, "median": 0.0045527224429, "dvar": 3.91412527279e-07}, "silence_rate_60dB": {"dvar2": 0.0330868288875, "var": 0.114961408079, "min": 0, "dmean": 0.0133318006992, "mean": 0.132498279214, "max": 1, "dmean2": 0.0266666673124, "median": 0, "dvar": 0.0131522314623}, "melbands": {"dvar2": [2.65981429948e-06, 1.08872682176e-05, 1.9972710561e-06, 5.62377806546e-07, 5.17306887104e-07, 2.14553892874e-06, 1.20831862205e-06, 1.68206796047e-07, 2.53669032446e-08, 9.0082963311e-08, 1.90118313981e-07, 1.27859095755e-07, 7.65856711382e-08, 2.30672725365e-08, 5.70144820244e-09, 2.28395280466e-09, 4.87072604471e-09, 1.80018211449e-09, 1.08966269341e-09, 5.36756139535e-10, 6.92287394077e-10, 1.13899993603e-10, 1.7211340686e-10, 7.18581583126e-11, 9.52394760279e-11, 1.94427234729e-11, 7.92203368877e-12, 1.42626865179e-11, 1.59269750166e-11, 4.03466600407e-11, 3.72855253616e-11, 5.09238796964e-11, 6.52796983136e-11, 1.50536284826e-11, 1.230717004e-11, 4.17776403749e-11, 1.10726275371e-10, 7.01626257094e-11, 3.66388863693e-11, 5.84657461333e-11], "var": [1.12404654828e-06, 5.7951974668e-06, 1.87695809473e-06, 3.87891674336e-07, 1.85916667306e-06, 5.7365664361e-06, 3.12654515255e-06, 1.6608298381e-07, 3.12266656977e-08, 1.23385291317e-07, 4.03884769185e-07, 6.43840166958e-07, 1.9422169828e-07, 5.8213721843e-08, 1.21688037424e-08, 3.99832389419e-09, 1.28506485453e-08, 4.68310545898e-09, 1.95245442036e-09, 7.56006035552e-10, 8.53768389319e-10, 1.38838801567e-10, 3.09303832546e-10, 6.8381099394e-11, 8.14995015919e-11, 2.54722319626e-11, 7.2112485254e-12, 1.38566545391e-11, 2.1956197277e-11, 1.07951182715e-10, 4.11844655601e-11, 2.79169552059e-11, 4.06351514937e-11, 1.1076144342e-11, 9.78234767496e-12, 2.76274298577e-11, 5.76815678555e-11, 3.7920652729e-11, 2.92757033893e-11, 2.04161687556e-11], "min": [4.07411947667e-24, 2.03037690318e-24, 5.97717856848e-24, 7.4175983495e-24, 5.06894131462e-24, 1.47580985617e-24, 1.98076425755e-24, 5.55170407266e-24, 3.79723955413e-24, 7.42173513609e-24, 6.83970330503e-24, 2.77809792333e-24, 6.57850830386e-24, 8.34521988795e-24, 3.91423235954e-24, 5.72113088472e-24, 4.56396344463e-24, 4.23150432701e-24, 5.37304798244e-24, 3.45135520719e-24, 5.88093083272e-24, 5.83378179971e-24, 6.78033442216e-24, 6.82280432671e-24, 5.46670076025e-24, 4.69680643777e-24, 7.02477165111e-24, 7.61383696601e-24, 8.46524507468e-24, 8.38570107417e-24, 7.59627455568e-24, 6.57467996189e-24, 7.63974079155e-24, 8.34619886434e-24, 9.48916444155e-24, 7.31372272323e-24, 7.27646324495e-24, 6.02866081444e-24, 7.64838986252e-24, 7.14446867171e-24], "dmean": [0.000331475661369, 0.00067419919651, 0.000404036341934, 0.000259706459474, 0.000240736597334, 0.00047519247164, 0.000323198182741, 9.20947422856e-05, 3.67183165508e-05, 6.68339780532e-05, 0.000102056575997, 6.07839901932e-05, 4.38469141955e-05, 3.18461752613e-05, 1.46144802784e-05, 8.82969197846e-06, 1.53317905642e-05, 8.47290539241e-06, 7.3265255196e-06, 4.05753962696e-06, 2.77233880297e-06, 1.5179765569e-06, 1.66509403243e-06, 1.28988119741e-06, 1.40813801863e-06, 6.78796141074e-07, 4.2464992589e-07, 5.49937738015e-07, 7.07810670519e-07, 1.14009151275e-06, 9.51058552801e-07, 7.25415986835e-07, 6.00161854436e-07, 3.63663190228e-07, 3.63909919088e-07, 5.35722165296e-07, 8.03919817827e-07, 7.05481852492e-07, 4.6721572744e-07, 2.49499038318e-07], "mean": [0.000507146352902, 0.00107303925324, 0.000877510930877, 0.000581146101467, 0.000732068379875, 0.00141486537177, 0.000944487052038, 0.000189880549442, 7.93561703176e-05, 0.000152073305799, 0.000268412259175, 0.000188524994883, 9.98558243737e-05, 7.92530554463e-05, 3.21464394801e-05, 1.79179205588e-05, 3.8798974856e-05, 1.88629564946e-05, 1.64710509125e-05, 8.49387379276e-06, 5.16804539075e-06, 2.92022014037e-06, 3.3034154967e-06, 2.45361047746e-06, 2.77649337477e-06, 1.44573687066e-06, 8.93229923804e-07, 1.09122947833e-06, 1.40804581861e-06, 2.59029684457e-06, 1.79211804152e-06, 1.00111117263e-06, 7.64827348121e-07, 5.52020992473e-07, 5.43753003512e-07, 7.53385506869e-07, 1.07175117137e-06, 1.03963634501e-06, 7.26800180928e-07, 3.14471037655e-07], "max": [0.0139160323888, 0.0275468714535, 0.0181878358126, 0.00710387481377, 0.0157971847802, 0.0190254859626, 0.0164654999971, 0.00707406271249, 0.00276021868922, 0.00628084363416, 0.0104495920241, 0.0113533474505, 0.00729066180065, 0.00344740855508, 0.00189669849351, 0.00105703796726, 0.00152929592878, 0.00122434285004, 0.000590730109252, 0.000451107014669, 0.00110341154505, 0.000383995618904, 0.000416284165112, 0.000174257584149, 0.000219240173465, 0.00015385185543, 8.26278264867e-05, 9.56312505878e-05, 8.60800791997e-05, 0.000179748589289, 0.000166171521414, 0.0001506619883, 0.00035553748603, 0.000121114564536, 9.75532675511e-05, 0.000184564196388, 0.000230801684665, 0.00016714692174, 0.000244116061367, 0.000347324530594], "dmean2": [0.000560842629056, 0.00113583204802, 0.00067832286004, 0.000447331549367, 0.000361543410691, 0.000731991487555, 0.000490339065436, 0.000145030018757, 5.43190290045e-05, 0.000100062279671, 0.000143914556247, 8.70401709108e-05, 6.34286334389e-05, 4.59166221844e-05, 2.05925680348e-05, 1.32283012135e-05, 2.28969729505e-05, 1.24412608784e-05, 1.07807463792e-05, 6.10945926383e-06, 4.15699742007e-06, 2.16320199797e-06, 2.39666042035e-06, 1.92031484403e-06, 2.1125654257e-06, 1.01024943433e-06, 6.33044521692e-07, 8.18701550998e-07, 1.03359161585e-06, 1.63346680893e-06, 1.38762391089e-06, 1.11420638405e-06, 9.01253997654e-07, 5.54653013296e-07, 5.31112618773e-07, 7.85984070717e-07, 1.21172877243e-06, 1.0829232906e-06, 6.99603162957e-07, 3.9696195131e-07], "median": [0.000178796151886, 0.000393769005314, 0.000469995837193, 0.0004037063336, 0.000335988705046, 0.000351401104126, 0.000258970598225, 6.43834646326e-05, 2.75593356491e-05, 3.97008625441e-05, 3.05203029711e-05, 1.15022121463e-05, 6.67636959406e-06, 4.59771672467e-06, 2.7447517823e-06, 2.08874098462e-06, 4.19209209213e-06, 2.19723096961e-06, 1.8958101009e-06, 9.9265685094e-07, 7.82454890214e-07, 5.74923433305e-07, 4.42178020421e-07, 3.79686355245e-07, 3.24962798004e-07, 1.86180770356e-07, 1.47907229575e-07, 1.50932564225e-07, 1.50517138309e-07, 1.3619400363e-07, 1.24406469126e-07, 8.36019182771e-08, 5.28281702827e-08, 4.22843058345e-08, 4.33802753719e-08, 5.08008710653e-08, 6.99123177128e-08, 9.16761351277e-08, 7.45224895127e-08, 2.77267453441e-08], "dvar": [9.30587646053e-07, 3.98274369218e-06, 8.4275785639e-07, 1.93536664028e-07, 2.58003524323e-07, 8.81722655777e-07, 5.53402458081e-07, 7.20245125763e-08, 1.14204024015e-08, 3.9696420373e-08, 8.95593572636e-08, 6.65124133548e-08, 3.76742192998e-08, 1.13577440786e-08, 2.96513369413e-09, 1.08414055511e-09, 2.38360065019e-09, 9.10726327685e-10, 5.37901112541e-10, 2.46836551199e-10, 3.3797817322