{"tonal": {"thpcp": [1, 0.863032460213, 0.533305943012, 0.325206100941, 0.240993127227, 0.298725694418, 0.336663484573, 0.303711235523, 0.354607105255, 0.39409545064, 0.359475553036, 0.393262922764, 0.417066186666, 0.352624922991, 0.39337220788, 0.492228448391, 0.438992679119, 0.312470704317, 0.261206805706, 0.31515866518, 0.605674445629, 0.960468828678, 0.799587130547, 0.406834602356, 0.287357896566, 0.266269952059, 0.255513221025, 0.234651491046, 0.203857973218, 0.227691352367, 0.283134311438, 0.307273000479, 0.309555798769, 0.327938139439, 0.426775544882, 0.725497961044], "hpcp": {"dmean2": [0.215463966131, 0.265040665865, 0.364927172661, 0.375101864338, 0.383205085993, 0.304061710835, 0.233290791512, 0.206940308213, 0.205971643329, 0.188161328435, 0.160848259926, 0.174666196108, 0.195853918791, 0.198102593422, 0.20594497025, 0.235169321299, 0.336964637041, 0.457834333181, 0.459760040045, 0.462634772062, 0.381913810968, 0.260822355747, 0.200398311019, 0.231081008911, 0.232500821352, 0.19850589335, 0.217908382416, 0.236533820629, 0.23034311831, 0.263357430696, 0.266878962517, 0.238343656063, 0.257834553719, 0.262036800385, 0.251726180315, 0.236728668213], "median": [0.0343583524227, 0.0469796508551, 0.143276318908, 0.260622501373, 0.227337807417, 0.0731111168861, 0.036133043468, 0.0345917232335, 0.0369501560926, 0.0364223271608, 0.0345283336937, 0.0391870364547, 0.0524301491678, 0.0609696768224, 0.0624971650541, 0.0644997507334, 0.0794941037893, 0.190662682056, 0.313087046146, 0.247252136469, 0.105650305748, 0.0497290603817, 0.0374733544886, 0.0523048788309, 0.0624641925097, 0.0552498064935, 0.055837970227, 0.0586344525218, 0.0562658235431, 0.0799820199609, 0.0899589210749, 0.0767497718334, 0.0686365664005, 0.0740812420845, 0.0636585876346, 0.0391434878111], "min": [0, 0, 0, 0, 0, 0, 0, 0, 0, 0, 0, 0, 0, 0, 0, 0, 0, 0, 0, 0, 0, 0, 0, 0, 0, 0, 0, 0, 0, 0, 0, 0, 0, 0, 0, 0], "dvar2": [0.0982142388821, 0.112811625004, 0.147359892726, 0.143701121211, 0.14285171032, 0.131205618382, 0.110956646502, 0.0943010747433, 0.095565110445, 0.0857047364116, 0.0643501505256, 0.0751548185945, 0.0901743248105, 0.0824174508452, 0.0909073278308, 0.102023586631, 0.149019628763, 0.185797005892, 0.173931628466, 0.177141904831, 0.16654445231, 0.121442854404, 0.0934748277068, 0.0977783203125, 0.101973637938, 0.0854702815413, 0.0960107296705, 0.105287462473, 0.0983863696456, 0.111933998764, 0.109103254974, 0.0930910035968, 0.116500854492, 0.117843225598, 0.114372961223, 0.115828052163], "dvar": [0.0360881350935, 0.0419775731862, 0.0544285476208, 0.0574481226504, 0.0548875182867, 0.047838807106, 0.0404865182936, 0.0347156636417, 0.0346324406564, 0.0315418727696, 0.0235305950046, 0.026960093528, 0.0328078344464, 0.0306942928582, 0.0333392173052, 0.0378499031067, 0.0549959130585, 0.0692210495472, 0.0668763592839, 0.0672714933753, 0.0612183213234, 0.0443932414055, 0.0333593636751, 0.0355269275606, 0.037996057421, 0.0312645882368, 0.0361598283052, 0.041614394635, 0.0375129692256, 0.0401791967452, 0.0404779016972, 0.0338605083525, 0.0419715084136, 0.0446704216301, 0.0426833443344, 0.0419178232551], "dmean": [0.120587207377, 0.148432970047, 0.207132667303, 0.218270406127, 0.223398268223, 0.172040760517, 0.130619555712, 0.11577848345, 0.114316478372, 0.10476116091, 0.0900093391538, 0.0974089056253, 0.111250273883, 0.113676920533, 0.117237880826, 0.132195279002, 0.18915091455, 0.259964644909, 0.269148290157, 0.266475707293, 0.215625271201, 0.146122872829, 0.111395724118, 0.130345731974, 0.132447898388, 0.113703690469, 0.126115322113, 0.137780770659, 0.133622899652, 0.149888947606, 0.152633368969, 0.135411798954, 0.145893365145, 0.150294214487, 0.144525393844, 0.133697479963], "max": [1, 1, 1, 1, 1, 1, 1, 1, 1, 1, 1, 1, 1, 1, 1, 1, 1, 1, 1, 1, 1, 1, 1, 1, 1, 1, 1, 1, 1, 1, 1, 1, 1, 1, 1, 1], "var": [0.0325846336782, 0.0384506136179, 0.0666562467813, 0.12970662117, 0.091037414968, 0.0497316382825, 0.0379253700376, 0.0333236381412, 0.0306649133563, 0.0271512418985, 0.0197149850428, 0.0234942790121, 0.0315534248948, 0.0320664383471, 0.0326225198805, 0.0355692543089, 0.0533645041287, 0.0852764323354, 0.11192855984, 0.0992297306657, 0.0716933012009, 0.0424737557769, 0.0275695193559, 0.0327451974154, 0.0403266772628, 0.0335869751871, 0.0454543083906, 0.0579325892031, 0.049049153924, 0.0439176894724, 0.0455900430679, 0.0350065231323, 0.0513852350414, 0.0798526033759, 0.0655761957169, 0.0433429628611], "mean": [0.107498966157, 0.129702702165, 0.249263703823, 0.395278394222, 0.32906794548, 0.167431697249, 0.118261381984, 0.109582684934, 0.105155788362, 0.0965701937675, 0.083897203207, 0.093705765903, 0.116523168981, 0.126457378268, 0.127396866679, 0.134962067008, 0.175638332963, 0.298576742411, 0.411547333002, 0.355178713799, 0.219480648637, 0.13383769989, 0.0991800799966, 0.122939758003, 0.138552963734, 0.124991543591, 0.145937606692, 0.1621889323, 0.147941201925, 0.1618463099, 0.171642482281, 0.145121842623, 0.161891281605, 0.202575311065, 0.180666267872, 0.128596484661]}, "tuning_equal_tempered_deviation": 0.14039683342, "chords_changes_rate": 0.0481312684715, "key_key": "D#", "tuning_diatonic_strength": 0.663696408272, "key_scale": "minor", "chords_number_rate": 0.00127620785497, "tuning_frequency": 439.238189697, "tuning_nontempered_energy_ratio": 0.806380748749, "chords_histogram": [28.6052875519, 0, 0.255241572857, 3.77392888069, 0.63810390234, 11.5770282745, 0.10938924551, 40.5834083557, 0.419325441122, 2.69826793671, 0, 0, 0, 0, 0, 0, 0, 0.182315409184, 0, 0, 1.07566094398, 0, 9.66271686554, 0.419325441122], "key_strength": 0.776712357998, "chords_key": "D#", "chords_strength": {"dmean2": 0.0130693558604, "median": 0.576506733894, "min": 0.229639396071, "dvar2": 0.00014294894936, "dvar": 9.40790196182e-05, "dmean": 0.0111522488296, "max": 0.894723892212, "var": 0.0123941302299, "mean": 0.575822353363}, "chords_scale": "major", "hpcp_entropy": {"dmean2": 1.12770807743, "median": 2.53669786453, "min": 0, "dvar2": 0.848846793175, "dvar": 0.296902686357, "dmean": 0.66657269001, "max": 4.59392929077, "var": 0.637144565582, "mean": 2.50738024712}}, "metadata": {"audio_properties": {"equal_loudness": 0, "codec": "flac", "downmix": "mix", "sample_rate": 44100, "analysis_sample_rate": 44100, "bit_rate": 0, "md5_encoded": "bf52a174453c472f29e9992bd2803a34", "length": 254.666671753, "replay_gain": -16.2053928375, "lossless": true}, "version": {"essentia_build_sha": "70f2e5ece6736b2c40cc944ad0e695b16b925413", "essentia": "2.1-beta2", "extractor": "music 1.0", "essentia_git_sha": "v2.1_beta2"}, "tags": {"title": ["Mr. Know-It-All"], "barcode": ["4006759746684"], "media": ["CD"], "albumartist": ["Brainstorm"], "tracktotal": ["11"], "musicbrainz_releasegroupid": ["dd5330b5-505b-3759-be3b-6e6f02730f64"], "releasetype": ["album"], "musicbrainz_recordingid": ["165a5341-87db-4e75-ac4c-a4a60431ba36"], "mood": ["Positive"], "musicbrainz_albumartistid": ["563ace2c-6e94-4b64-b544-40099a96b86d"], "originalyear": ["1997"], "musicbrainz_releasetrackid": ["7112016c-d570-3289-9eb0-345c6ccc6c3f"], "discnumber": ["1"], "totaldiscs": ["1"], "catalognumber": ["B.O. 001"], "releasecountry": ["DE"], "file_name": "11 Mr. Know-It-All.flac", "website": ["http://truemetal.org/brainstorm/", "http://www.brainstorm-web.net/"], "originaldate": ["1997-04-14"], "albumartistsort": ["Brainstorm"], "date": ["1997-04-14"], "genre": ["Power Metal"], "musicbrainz_albumid": ["740d25d0-5e22-4a3b-99d9-87eac365506a"], "disctotal": ["1"], "musicbrainz_artistid": ["563ace2c-6e94-4b64-b544-40099a96b86d"], "asin": ["B000025Q43"], "grouping": ["Rock"], "artist": ["Brainstorm"], "tracknumber": ["11"], "artistsort": ["Brainstorm"], "album": ["Hungry"], "label": ["B.O. Records"], "releasestatus": ["official"], "acoustid_id": ["07505ce7-ce98-46a8-afcb-bc5055960271"], "script": ["Latn"], "totaltracks": ["11"]}}, "rhythm": {"bpm_histogram_first_peak_bpm": {"dmean2": 0, "median": 161, "min": 161, "dvar2": 0, "dvar": 0, "dmean": 0, "max": 161, "var": 0, "mean": 161}, "bpm": 162.395233154, "bpm_histogram_second_peak_spread": {"dmean2": 0, "median": 0, "min": 0, "dvar2": 0, "dvar": 0, "dmean": 0, "max": 0, "var": 0, "mean": 0}, "bpm_histogram_first_peak_weight": {"dmean2": 0, "median": 0.704578995705, "min": 0.704578995705, "dvar2": 0, "dvar": 0, "dmean": 0, "max": 0.704578995705, "var": 0, "mean": 0.704578995705}, "onset_rate": 2.80735564232, "beats_position": [0.371519267559, 0.743038535118, 1.11455774307, 1.48607707024, 1.8575963974, 2.22911548615, 2.60063481331, 2.97215414047, 3.34367346764, 3.7151927948, 4.08671188354, 4.45823097229, 4.82975053787, 5.20126962662, 5.5727891922, 5.94430828094, 6.31582736969, 6.68734693527, 7.04725599289, 7.40716552734, 7.77868461609, 8.15020370483, 8.52172279358, 8.893242836, 9.26476192474, 9.63628101349, 10.0078001022, 10.379319191, 10.7508392334, 11.1223583221, 11.4938774109, 11.8653964996, 12.2369155884, 12.5968255997, 12.9567346573, 13.328253746, 13.6997728348, 14.0712919235, 14.4428119659, 14.8143310547, 15.1858501434, 15.5573692322, 15.9288883209, 16.3004074097, 16.6719264984, 17.0434455872, 17.4149665833, 17.7748756409, 18.1347846985, 18.5063037872, 18.8662128448, 19.2261219025, 19.5976409912, 19.96916008, 20.3406791687, 20.7121982574, 21.0837192535, 21.4552383423, 21.826757431, 22.1982765198, 22.5581855774, 22.918094635, 23.2896137238, 23.6611328125, 24.0326519012, 24.40417099, 24.7756919861, 25.1472110748, 25.5187301636, 25.8902492523, 26.2617683411, 26.6332874298, 26.9931964874, 27.3763256073, 27.747844696, 28.1193637848, 28.4908847809, 28.8624038696, 29.2339229584, 29.6054420471, 29.9769611359, 30.3368701935, 30.6967792511, 31.0682983398, 31.4282073975, 31.7997264862, 32.171245575, 32.542766571, 32.9142837524, 33.2974128723, 33.6689338684, 34.0404510498, 34.4119720459, 34.783493042, 35.1550102234, 35.5265312195, 35.8980484009, 36.269569397, 36.6294784546, 36.9893875122, 37.3609046936, 37.7324256897, 38.1039466858, 38.4754638672, 38.8353729248, 39.2185020447, 39.5900230408, 39.9383201599, 40.309841156, 40.6813583374, 41.0528793335, 41.4243965149, 41.795917511, 42.1674385071, 42.5389556885, 42.9104766846, 43.2703857422, 43.6302947998, 44.0018119812, 44.3733329773, 44.7448501587, 45.1279792786, 45.5111083984, 45.8826293945, 46.2541503906, 46.625667572, 46.9971885681, 47.3687057495, 47.7402267456, 48.111743927, 48.4832649231, 48.8431739807, 49.2030830383, 49.5746040344, 49.9461212158, 50.3176422119, 50.6775512695, 51.0374603271, 51.4089775085, 51.7804985046, 52.152015686, 52.5235366821, 52.8950538635, 53.2665748596, 53.6264839172, 53.9980049133, 54.3579139709, 54.7294311523, 55.1009521484, 55.4724693298, 55.8555984497, 56.2387275696, 56.6102485657, 56.9817695618, 57.3532867432, 57.7248077393, 58.0963249207, 58.4562339783, 58.8161430359, 59.187664032, 59.5707931519, 59.9539222717, 60.3254394531, 60.6853485107, 61.0452613831, 61.4167785645, 61.7882995605, 62.1598167419, 62.531337738, 62.9028549194, 63.2743759155, 63.6458930969, 64.0174102783, 64.3889312744, 64.7604522705, 65.1319732666, 65.5034942627, 65.8750076294, 66.2465286255, 66.6064376831, 66.9663467407, 67.3378677368, 67.7093887329, 68.0809020996, 68.4524230957, 68.8239440918, 69.1954650879, 69.566986084, 69.9384994507, 70.3100204468, 70.6815414429, 71.053062439, 71.4245758057, 71.7844848633, 72.1444015503, 72.515914917, 72.8874359131, 73.2589569092, 73.6304779053, 74.001991272, 74.3619003296, 74.7218093872, 75.0933303833, 75.4764633179, 75.859588623, 76.2311096191, 76.6026306152, 76.9741516113, 77.345664978, 77.7171859741, 78.0887069702, 78.4602279663, 78.8201370239, 79.1916503906, 79.5515594482, 79.9230804443, 80.2946014404, 80.6661224365, 81.0376434326, 81.4091567993, 81.7806777954, 82.1521987915, 82.5237197876, 82.8952331543, 83.2667541504, 83.626663208, 83.9865722656, 84.3580932617, 84.7180023193, 85.077911377, 85.449432373, 85.8209533691, 86.2040786743, 86.5872116089, 86.9587249756, 87.3302459717, 87.6901550293, 88.0732879639, 88.44480896, 88.8163223267, 89.1878433228, 89.5593643188, 89.9308853149, 90.3023986816, 90.6739196777, 91.0454406738, 91.4053497314, 91.7652587891, 92.1367797852, 92.5083007812, 92.8798141479, 93.251335144, 93.6228561401, 93.9943771362, 94.3658905029, 94.737411499, 95.0973205566, 95.4688415527, 95.8287506104, 96.2002716064, 96.5717926025, 96.9433059692, 97.3148269653, 97.6863479614, 98.046257019, 98.4177780151, 98.7892990112, 99.1724243164, 99.5439453125, 99.9154663086, 100.286979675, 100.658500671, 101.030021667, 101.389930725, 101.749839783, 102.121360779, 102.481269836, 102.841178894, 103.21269989, 103.584213257, 103.955734253, 104.327255249, 104.698776245, 105.070289612, 105.441810608, 105.813331604, 106.1848526, 106.556373596, 106.927886963, 107.299407959, 107.670928955, 108.042449951, 108.413963318, 108.785484314, 109.168617249, 109.551742554, 109.92326355, 110.294784546, 110.666305542, 111.0262146, 111.386123657, 111.757637024, 112.12915802, 112.477455139, 112.837364197, 113.208885193, 113.592018127, 113.963539124, 114.33505249, 114.706573486, 115.078094482, 115.449615479, 115.832740784, 116.192649841, 116.564170837, 116.935691833, 117.3072052, 117.678726196, 118.050247192, 118.421768188, 118.793289185, 119.153198242, 119.5131073, 119.884620667, 120.256141663, 120.627662659, 120.999183655, 121.370697021, 121.71900177, 122.090522766, 122.462036133, 122.833557129, 123.205078125, 123.58820343, 123.959724426, 124.331245422, 124.69115448, 125.062675476, 125.434196472, 125.805709839, 126.177230835, 126.548751831, 126.908660889, 127.280181885, 127.651695251, 128.023223877, 128.394729614, 128.754638672, 129.126159668, 129.497680664, 129.86920166, 130.229110718, 130.600631714, 130.97215271, 131.343673706, 131.703582764, 132.07510376, 132.446624756, 132.818145752, 133.189651489, 133.561172485, 133.932693481, 134.304214478, 134.675735474, 135.04725647, 135.418777466, 135.790298462, 136.161804199, 136.533325195, 136.904846191, 137.276367188, 137.647888184, 138.01940918, 138.390930176, 138.762451172, 139.133972168, 139.505477905, 139.876998901, 140.248519897, 140.620040894, 140.99156189, 141.363082886, 141.734603882, 142.106124878, 142.477645874, 142.837554932, 143.209060669, 143.568969727, 143.940490723, 144.312011719, 144.683532715, 145.055053711, 145.426574707, 145.786483765, 146.158004761, 146.517913818, 146.889434814, 147.260955811, 147.632461548, 148.003982544, 148.37550354, 148.747024536, 149.118545532, 149.490066528, 149.861587524, 150.233108521, 150.604629517, 150.976135254, 151.34765625, 151.719177246, 152.090698242, 152.462219238, 152.833740234, 153.20526123, 153.576782227, 153.936691284, 154.296600342, 154.668121338, 155.039627075, 155.411148071, 155.782669067, 156.154190063, 156.52571106, 156.897232056, 157.268753052, 157.640274048, 158.011795044, 158.383300781, 158.754821777, 159.126342773, 159.49786377, 159.869384766, 160.229293823, 160.600814819, 160.960723877, 161.332244873, 161.703765869, 162.075286865, 162.446792603, 162.818313599, 163.189834595, 163.561355591, 163.932876587, 164.304397583, 164.675918579, 165.047439575, 165.418960571, 165.790466309, 166.161987305, 166.521896362, 166.88180542, 167.253326416, 167.624847412, 167.996368408, 168.367889404, 168.7394104, 169.110931396, 169.482452393, 169.85395813, 170.225479126, 170.597000122, 170.95690918, 171.328430176, 171.688339233, 172.059860229, 172.431381226, 172.791290283, 173.151199341, 173.522720337, 173.894241333, 174.265762329, 174.637283325, 175.008789062, 175.380310059, 175.751831055, 176.123352051, 176.494873047, 176.866394043, 177.237915039, 177.609436035, 177.980941772, 178.352462769, 178.723983765, 179.095504761, 179.467025757, 179.838546753, 180.210067749, 180.581588745, 180.953109741, 181.313018799, 181.672927856, 182.044433594, 182.41595459, 182.787475586, 183.158996582, 183.530517578, 183.902038574, 184.27355957, 184.633468628, 184.993377686, 185.364898682, 185.736419678, 186.107940674, 186.479446411, 186.862579346, 187.234100342, 187.617233276, 187.988754272, 188.360275269, 188.720184326, 189.080093384, 189.451599121, 189.823120117, 190.194641113, 190.566162109, 190.937683105, 191.297592163, 191.669113159, 192.029022217, 192.400543213, 192.772064209, 193.155181885, 193.538314819, 193.909835815, 194.281356812, 194.652877808, 195.012786865, 195.372695923, 195.744216919, 196.115737915, 196.487258911, 196.858764648, 197.230285645, 197.601806641, 197.973327637, 198.333236694, 198.693145752, 199.064666748, 199.436187744, 199.80770874, 200.179229736, 200.550750732, 200.92225647, 201.293777466, 201.665298462, 202.02520752, 202.396728516, 202.756637573, 203.128158569, 203.499679565, 203.871200562, 204.242721558, 204.614242554, 204.997360229, 205.368881226, 205.740402222, 206.100311279, 206.471832275, 206.843353271, 207.214874268, 207.586395264, 207.95791626, 208.329421997, 208.700942993, 209.072463989, 209.443984985, 209.815505981, 210.187026978, 210.558547974, 210.93006897, 211.301589966, 211.673095703, 212.033004761, 212.404525757, 212.776046753, 213.147567749, 213.507476807, 213.867385864, 214.250518799, 214.645263672, 215.028381348, 215.411514282, 215.806259155, 216.20098877, 216.607345581, 217.013687134, 217.420043945, 217.826385498, 218.23274231, 218.627471924, 219.022216797, 219.405349731, 219.788482666, 220.171600342, 220.543121338, 220.926254272, 221.297775269, 221.669296265, 222.029205322, 222.400726318, 222.772247314, 223.143753052, 223.515274048, 223.886795044, 224.25831604, 224.629837036, 225.001358032, 225.372879028, 225.732788086, 226.092697144, 226.452606201, 226.812515259, 227.184036255, 227.555557251, 227.927078247, 228.298583984, 228.67010498, 229.041625977, 229.424758911, 229.807891846, 230.20262146, 230.597366333, 230.992111206, 231.38684082, 231.874465942, 232.362075806, 232.849700928, 233.33732605, 233.824935913, 234.312561035, 234.788574219, 235.229751587, 235.659317017, 236.088882446, 236.506851196, 236.936416626, 237.354370117, 237.772338867, 238.190292358, 238.60824585, 239.0262146, 239.420944214, 239.827301025, 240.233642578, 240.628387451, 240.999908447, 241.371429443, 241.742950439, 242.114456177, 242.462768555, 242.811065674, 243.159362793, 243.507659912, 243.914016724, 244.320358276, 244.726715088, 245.133056641, 245.539413452, 245.957366943, 246.375320435, 246.816497803, 247.257675171, 247.698867798, 248.140045166, 248.581222534, 249.022399902, 249.463577271, 249.904754639, 250.345932007, 250.787109375, 251.193466187, 251.599807739, 252.017776489, 252.43572998, 252.85369873, 253.260040283, 253.677993774, 254.095962524], "beats_loudness": {"dmean2": 0.0183372553438, "median": 0.0328689217567, "min": 6.53644974591e-06, "dvar2": 0.000216318861931, "dvar": 7.71105187596e-05, "dmean": 0.0103376144543, "max": 0.0739609226584, "var": 0.000151707761688, "mean": 0.0331941172481}, "danceability": 1.07581841946, "bpm_histogram_second_peak_weight": {"dmean2": 0, "median": 0.146233379841, "min": 0.146233379841, "dvar2": 0, "dvar": 0, "dmean": 0, "max": 0.146233379841, "var": 0, "mean": 0.146233379841}, "beats_count": 678, "bpm_histogram_second_peak_bpm": {"dmean2": 0, "median": 167, "min": 167, "dvar2": 0, "dvar": 0, "dmean": 0, "max": 167, "var": 0, "mean": 167}, "bpm_histogram_first_peak_spread": {"dmean2": 0, "median": 0.0665361881256, "min": 0.0665361881256, "dvar2": 0, "dvar": 0, "dmean": 0, "max": 0.0665361881256, "var": 0, "mean": 0.0665361881256}, "beats_loudness_band_ratio": {"dmean2": [0.44792509079, 0.224050849676, 0.175990983844, 0.163647711277, 0.117248646915, 0.134450361133], "median": [0.366790831089, 0.154874354601, 0.0820530354977, 0.0571166500449, 0.0787279158831, 0.0777994692326], "min": [0.0354085937142, 0.0129710556939, 0.000338530488079, 5.01607428305e-05, 1.55127054313e-05, 5.94290077061e-06], "dvar2": [0.103502735496, 0.0365013889968, 0.0281411688775, 0.0361157879233, 0.0146411731839, 0.0115565015003], "dvar": [0.0315659679472, 0.0122419791296, 0.00943319220096, 0.0138554340228, 0.00523729948327, 0.00367152947001], "dmean": [0.243823036551, 0.126457378268, 0.0993039757013, 0.0934084877372, 0.0650771409273, 0.0708950534463], "max": [0.938612580299, 0.969674825668, 0.738755524158, 0.719575643539, 0.540598511696, 0.354539185762], "var": [0.0518545135856, 0.0261794626713, 0.0143962344155, 0.0211215410382, 0.00782029703259, 0.00509942322969], "mean": [0.405972987413, 0.195536971092, 0.125357761979, 0.11430568248, 0.10084939748, 0.0980551242828]}}, "lowlevel": {"barkbands_spread": {"dmean2": 10.1701097488, "median": 29.8925762177, "min": 0.123759500682, "dvar2": 103.112556458, "dvar": 44.6355628967, "dmean": 6.53239488602, "max": 123.71849823, "var": 227.477508545, "mean": 30.3735160828}, "melbands_spread": {"dmean2": 13.6324644089, "median": 29.3722743988, "min": 0.292012542486, "dvar2": 231.097137451, "dvar": 97.6378097534, "dmean": 8.69774723053, "max": 252.537445068, "var": 452.266174316, "mean": 31.6412467957}, "hfc": {"dmean2": 10.439496994, "median": 29.4260654449, "min": 1.09749926627e-16, "dvar2": 244.956695557, "dvar": 106.409385681, "dmean": 6.72085428238, "max": 221.807830811, "var": 419.31237793, "mean": 31.8415412903}, "barkbands_kurtosis": {"dmean2": 3.99523997307, "median": 0.440268278122, "min": -1.90573179722, "dvar2": 83.0760269165, "dvar": 44.7452316284, "dmean": 2.63804674149, "max": 483.377807617, "var": 421.124755859, "mean": 5.15239143372}, "gfcc": {"mean": [33.9389457703, 70.1343078613, -109.736587524, 45.0825119019, -52.5564613342, 9.28365421295, -35.8610305786, 3.41497564316, -25.7318744659, -6.27328491211, -24.1588344574, -6.06928062439, -13.4997787476], "icov": [[0.00028218884836, -0.000140848511364, 0.000283360655885, -0.000279493717244, 0.000422948447522, -0.000337420904543, 0.000512688711751, -0.000544137845282, 0.000681262696162, -0.000803145114332, 0.000862590386532, -0.000699152529705, 0.000420799042331], [-0.000140848511364, 0.0026406601537, 7.00194941601e-05, 0.000575913873035, -0.00177708372939, 0.00229846383445, -0.00209469930269, 0.00193060049787, -0.00239372393116, 0.00294438842684, -0.00333397602662, 0.00229901238345, -0.00139393797144], [0.000283360655885, 7.00194941601e-05, 0.00143761036452, -0.000301275169477, -0.000285831687506, 0.000466934841825, 0.000718536030035, -0.000687923573423, 0.00129702570848, -0.00162209745031, 0.00220810901374, -0.00164403242525, 0.000886568159331], [-0.000279493717244, 0.000575913873035, -0.000301275169477, 0.00414090184495, -0.000173787891981, -0.000477859895909, 0.00065779540455, 0.00110638525803, -0.00185831834096, 0.00192687485833, -0.00163948524278, 0.00357628799975, -0.00201357947662], [0.000422948447522, -0.00177708372939, -0.000285831687506, -0.000173787891981, 0.0059230546467, -0.00219932431355, 0.000997425871901, -0.000756378285587, 0.00185223424342, -0.00235318345949, 0.00184998789337, -0.0013366782805, 6.08582049608e-05], [-0.000337420904543, 0.00229846383445, 0.000466934841825, -0.000477859895909, -0.00219932431355, 0.0080841910094, -0.00344022945501, -0.000393748283386, 0.000473778694868, 0.00192930654157, -0.00336665497161, 0.000178380752914, 0.00203433912247], [0.000512688711751, -0.00209469930269, 0.000718536030035, 0.00065779540455, 0.000997425871901, -0.00344022945501, 0.011619145982, -0.00505635049194, 0.00182410189882, -0.000714293157216, -0.00010683718574, -0.000176278845174, -0.00152127176989], [-0.000544137845282, 0.00193060049787, -0.000687923573423, 0.00110638525803, -0.000756378285587, -0.000393748283386, -0.00505635049194, 0.0130476830527, -0.00706223910674, 0.000544217240531, 0.00216263253242, -0.00144929881208, 0.000983312726021], [0.000681262696162, -0.00239372393116, 0.00129702570848, -0.00185831834096, 0.00185223424342, 0.000473778694868, 0.00182410189882, -0.00706223910674, 0.0182070583105, -0.0118785044178, 0.00295646628365, 0.00272999983281, -0.00291369715706], [-0.000803145114332, 0.00294438842684, -0.00162209745031, 0.00192687485833, -0.00235318345949, 0.00192930654157, -0.000714293157216, 0.000544217240531, -0.0118785044178, 0.0228908769786, -0.0105130597949, -0.000230334626394, 0.00240581319667], [0.000862590386532, -0.00333397602662, 0.00220810901374, -0.00163948524278, 0.00184998789337, -0.00336665497161, -0.00010683718574, 0.00216263253242, 0.00295646628365, -0.0105130597949, 0.0251841116697, -0.0141962943599, 0.00569024914876], [-0.000699152529705, 0.00229901238345, -0.00164403242525, 0.00357628799975, -0.0013366782805, 0.000178380752914, -0.000176278845174, -0.00144929881208, 0.00272999983281, -0.000230334626394, -0.0141962943599, 0.0265404582024, -0.0114564336836], [0.000420799042331, -0.00139393797144, 0.000886568159331, -0.00201357947662, 6.08582049608e-05, 0.00203433912247, -0.00152127176989, 0.000983312726021, -0.00291369715706, 0.00240581319667, 0.00569024914876, -0.0114564336836, 0.0248192492872]], "cov": [[8841.77734375, -1956.17993164, -678.215148926, 328.451904297, -681.92767334, 659.616210938, -267.534179688, 440.654174805, -141.939697266, 232.809082031, -134.150054932, 141.62789917, -238.25050354], [-1956.17993164, 1670.40039062, -361.376403809, -70.4998092651, 278.302154541, -365.269348145, 165.687744141, -249.225341797, 104.736076355, -144.281204224, 108.140159607, -99.2795715332, 139.119308472], [-678.215148926, -361.376403809, 1290.56933594, -47.3960571289, 81.0802993774, -70.3799667358, -110.659828186, 49.7845191956, -51.9175033569, 60.4171447754, -95.8218688965, 48.0925712585, -29.7114982605], [328.451904297, -70.4998092651, -47.3960571289, 337.523529053, -42.6692085266, 16.1841201782, -48.2814559937, -20.0426311493, 14.0238437653, -25.9831581116, -31.6090755463, -54.9533882141, 2.20647096634], [-681.92767334, 278.302154541, 81.0802993774, -42.6692085266, 274.562194824, -21.1179618835, 33.614276886, -39.0605659485, -1.72346651554, -11.1270771027, 22.8565979004, 2.73617529869, 22.3987998962], [659.616210938, -365.269348145, -70.3799667358, 16.1841201782, -21.1179618835, 285.702056885, 31.2335567474, 76.5242919922, -42.4021034241, 28.5050411224, 18.5826473236, 38.2737350464, -46.6891784668], [-267.534179688, 165.687744141, -110.659828186, -48.2814559937, 33.614276886, 31.2335567474, 156.288208008, 30.8861255646, 19.296705246, -7.26874256134, 30.5478515625, 4.32839822769, 17.554977417], [440.654174805, -249.225341797, 49.7845191956, -20.0426311493, -39.0605659485, 76.5242919922, 30.8861255646, 178.590530396, 46.5836372375, 56.0652923584, -20.8117160797, 21.7978801727, -21.3645401001], [-141.939697266, 104.736076355, -51.9175033569, 14.0238437653, -1.72346651554, -42.4021034241, 19.296705246, 46.5836372375, 133.168838501, 49.6327667236, 5.89326190948, -18.717716217, 14.9294891357], [232.809082031, -144.281204224, 60.4171447754, -25.9831581116, -11.1270771027, 28.5050411224, -7.26874256134, 56.0652923584, 49.6327667236, 113.17792511, 29.1383457184, 31.5997085571, -18.5308475494], [-134.150054932, 108.140159607, -95.8218688965, -31.6090755463, 22.8565979004, 18.5826473236, 30.5478515625, -20.8117160797, 5.89326190948, 29.1383457184, 101.448226929, 41.1136322021, 3.91056799889], [141.62789917, -99.2795715332, 48.0925712585, -54.9533882141, 2.73617529869, 38.2737350464, 4.32839822769, 21.7978801727, -18.717716217, 31.5997085571, 41.1136322021, 89.4404525757, 8.70318317413], [-238.25050354, 139.119308472, -29.7114982605, 2.20647096634, 22.3987998962, -46.6891784668, 17.554977417, -21.3645401001, 14.9294891357, -18.5308475494, 3.91056799889, 8.70318317413, 65.7486801147]]}, "spectral_energyband_middle_low": {"dmean2": 0.00814365595579, "median": 0.0110439928249, "min": 1.9526020179e-22, "dvar2": 8.02822905825e-05, "dvar": 3.08782000502e-05, "dmean": 0.00501993019134, "max": 0.0847415998578, "var": 0.000133607623866, "mean": 0.014456577599}, "melbands_crest": {"dmean2": 5.57674741745, "median": 12.8598308563, "min": 1.78064727783, "dvar2": 22.0379676819, "dvar": 8.4666519165, "dmean": 3.41271901131, "max": 33.2580718994, "var": 27.1393680573, "mean": 13.720498085}, "spectral_kurtosis": {"dmean2": 2.27661037445, "median": 2.56843614578, "min": -1.24982631207, "dvar2": 44.6014328003, "dvar": 14.782087326, "dmean": 1.33841776848, "max": 184.768844604, "var": 198.784439087, "mean": 4.83744287491}, "spectral_rms": {"dmean2": 0.00121297384612, "median": 0.00541357509792, "min": 3.13720186981e-12, "dvar2": 1.37597510275e-06, "dvar": 5.25779000782e-07, "dmean": 0.000746423436794, "max": 0.0093148779124, "var": 1.85693716048e-06, "mean": 0.00530910585076}, "zerocrossingrate": {"dmean2": 0.0127610284835, "median": 0.0791015625, "min": 0.00634765625, "dvar2": 0.000186027667951, "dvar": 0.000139342664625, "dmean": 0.0108925271779, "max": 0.51806640625, "var": 0.00156157999299, "mean": 0.0809109061956}, "silence_rate_60dB": {"dmean2": 0.00838880240917, "median": 0, "min": 0, "dvar2": 0.00922856945544, "dvar": 0.00417784322053, "dmean": 0.00419401889667, "max": 1, "var": 0.0108223892748, "mean": 0.0109399212524}, "erbbands_kurtosis": {"dmean2": 1.19111382961, "median": -0.454540967941, "min": -1.78620374203, "dvar2": 4.89538908005, "dvar": 2.87416529655, "dmean": 0.782515227795, "max": 217.86277771, "var": 80.7324142456, "mean": 1.15016281605}, "erbbands": {"dmean2": [0.0948878601193, 1.24164402485, 4.91572284698, 8.86151027679, 13.2709093094, 17.6415290833, 10.2492513657, 12.1123638153, 9.72018241882, 14.0364570618, 19.4781646729, 36.5691490173, 36.7472419739, 26.3743934631, 20.6771373749, 31.2718753815, 35.0646896362, 29.684343338, 28.9543685913, 22.2513027191, 28.9036140442, 29.8962230682, 24.5376529694, 27.6918430328, 15.009645462, 11.3397321701, 13.9941911697, 13.9979724884, 10.1054916382, 7.6683382988, 5.94961309433, 4.34616470337, 2.46348404884, 1.15639853477, 0.593936920166, 0.250100791454, 0.0682993158698, 0.0155284088105, 0.00196743360721, 9.21321698115e-05], "median": [0.0246277283877, 0.450473219156, 2.36729502678, 5.23034620285, 9.45767593384, 10.6520500183, 7.06202030182, 4.56201124191, 4.3965344429, 5.8884062767, 7.14584350586, 13.8283281326, 11.9418954849, 8.75162982941, 5.13740348816, 5.27585220337, 8.76128959656, 16.6888198853, 16.386177063, 8.46864032745, 23.6476478577, 24.6743984222, 25.4290447235, 30.993106842, 16.2553730011, 12.072637558, 18.1269550323, 19.8301048279, 9.37370491028, 5.19908380508, 4.51648330688, 3.52483391762, 2.10110592842, 1.02225184441, 0.522261977196, 0.20125259459, 0.0484518557787, 0.00893021188676, 0.00105327530764, 9.18913065107e-05], "min": [4.07961026411e-23, 1.26042393047e-21, 4.76652569005e-21, 1.74899731109e-20, 2.15146397683e-20, 3.64277126266e-20, 1.07063311464e-19, 1.1660794822e-19, 1.21105393834e-19, 3.74436332367e-19, 5.35809343709e-19, 4.22615725639e-19, 7.74561068849e-19, 8.47464270245e-19, 1.26887872284e-18, 1.28666817249e-18, 1.47528086179e-18, 2.86451095163e-18, 3.74716829312e-18, 4.34061041204e-18, 3.45293249782e-18, 5.51446945035e-18, 5.27761703529e-18, 8.03454508325e-18, 1.15629005297e-17, 9.51713977262e-18, 9.93345150311e-18, 9.14892942193e-18, 1.26196932454e-17, 1.39094241575e-17, 1.22911850826e-17, 1.1063834342e-17, 1.23696439909e-17, 9.05928620458e-18, 7.87166825756e-18, 4.57194015573e-18, 2.48516116643e-18, 1.00784047725e-18, 2.55464185634e-19, 3.08558821815e-20], "dvar2": [0.0244738422334, 3.9939289093, 52.3063850403, 146.933517456, 284.302703857, 531.90032959, 263.353881836, 962.766113281, 450.314453125, 737.482971191, 2718.66186523, 7845.64453125, 12337.6416016, 5212.76757812, 4209.09277344, 7668.33935547, 8601.77734375, 5245.64257812, 3375.15356445, 3177.4465332, 2334.04516602, 5417.77636719, 2311.30883789, 1384.69274902, 489.146697998, 294.849304199, 402.770263672, 367.096435547, 347.351745605, 316.582305908, 272.742492676, 236.540969849, 97.6293640137, 9.48980998993, 2.20126891136, 0.788826525211, 0.03414927423, 0.00267694052309, 4.47331840405e-05, 3.9214810954e-08], "dvar": [0.00966240931302, 1.48820030689, 18.7866268158, 65.8740158081, 101.588531494, 201.493530273, 102.880912781, 353.739715576, 190.69644165, 282.653045654, 1131.72595215, 3178.53637695, 4841.29199219, 2361.44555664, 1811.83813477, 3717.45068359, 4061.94995117, 2481.02099609, 1453.5, 1418.90917969, 1056.8338623, 1998.46337891, 947.649536133, 573.293334961, 208.044143677, 115.814178467, 152.617645264, 144.272491455, 133.288696289, 125.436042786, 114.294197083, 100.777648926, 42.1149673462, 4.35774469376, 1.08213806152, 0.415496051311, 0.0207520015538, 0.00176454358734, 2.93152461381e-05, 2.34622010709e-08], "dmean": [0.0568147152662, 0.72853577137, 2.85676860809, 5.56412029266, 7.92048549652, 10.852189064, 6.23771619797, 7.02928543091, 5.83436727524, 8.46383476257, 12.2693386078, 22.8637828827, 23.0965881348, 16.9048290253, 13.3234167099, 20.9477653503, 23.1159133911, 19.3414897919, 18.5901832581, 14.3889350891, 18.0614490509, 18.6788921356, 15.4138746262, 17.1600379944, 9.37346839905, 6.90662193298, 8.51964473724, 8.53937625885, 6.20630550385, 4.80308580399, 3.81749224663, 2.77062821388, 1.5835018158, 0.74571210146, 0.390459120274, 0.172697931528, 0.0482288375497, 0.0110337678343, 0.00143922364805, 6.65905754431e-05], "max": [1.09510910511, 12.4970664978, 63.7014884949, 150.314224243, 138.338745117, 438.232543945, 263.471221924, 434.157165527, 617.750183105, 364.837310791, 795.598510742, 1240.32006836, 1586.05249023, 1026.05627441, 1099.41369629, 1376.89135742, 1554.22106934, 1514.62194824, 968.867126465, 1298.25390625, 1262.63024902, 1567.25695801, 1112.18249512, 551.86920166, 270.622711182, 177.751266479, 268.086364746, 286.165435791, 326.944793701, 327.440765381, 354.849639893, 451.639190674, 248.270202637, 74.9175949097, 44.9791564941, 39.2677726746, 8.82567691803, 2.11078214645, 0.35771921277, 0.00749057438225], "var": [0.0102059273049, 1.45551073551, 21.1056022644, 167.645263672, 200.224945068, 2100.42456055, 179.461380005, 309.487640381, 368.414031982, 484.637329102, 2528.06005859, 6619.99658203, 10011.9267578, 5330.24902344, 3523.14160156, 11842.5751953, 13826.5224609, 5491.50146484, 4168.62695312, 4044.26220703, 2416.61132812, 6714.12109375, 2036.53637695, 1643.11584473, 605.32232666, 330.76083374, 389.854095459, 398.681793213, 293.699005127, 248.59552002, 229.323822021, 211.853637695, 72.7253875732, 8.98297309875, 2.52271127701, 0.878937244415, 0.0554699786007, 0.00474220793694, 6.909151125e-05, 6.10799659739e-08], "mean": [0.0619765520096, 0.854899942875, 3.82284092903, 9.74886703491, 14.1189146042, 25.4941654205, 11.2040071487, 9.10019493103, 8.65613937378, 13.0605459213, 20.9945011139, 39.3201789856, 39.5470962524, 29.2757377625, 22.0503559113, 41.0334968567, 48.1660766602, 36.5278244019, 36.1880950928, 27.5379562378, 36.3378944397, 43.6416397095, 36.2533721924, 40.4951095581, 23.2504234314, 17.590511322, 22.2337589264, 23.3487796783, 14.812253952, 10.5335054398, 8.6277217865, 6.16205692291, 3.46163010597, 1.63480341434, 0.868289768696, 0.364829361439, 0.0987665131688, 0.0214254930615, 0.00265538110398, 0.000158309339895]}, "spectral_strongpeak": {"dmean2": 1.10945641994, "median": 0.504006505013, "min": 0, "dvar2": 3.04882788658, "dvar": 1.18324542046, "dmean": 0.649767160416, "max": 13.6243000031, "var": 2.41272425652, "mean": 1.1749215126}, "spectral_energy": {"dmean2": 0.0138991540298, "median": 0.0300394631922, "min": 1.00880871478e-20, "dvar2": 0.000215504260268, "dvar": 8.00913694547e-05, "dmean": 0.00843510217965, "max": 0.0889361351728, "var": 0.000201641698368, "mean": 0.0307945925742}, "average_loudness": 0.90964949131, "spectral_rolloff": {"dmean2": 1013.59686279, "median": 1830.32226562, "min": 107.666015625, "dvar2": 1577147.625, "dvar": 721208.375, "dmean": 628.53918457, "max": 19229.1503906, "var": 2901928.5, "mean": 2046.79553223}, "spectral_centroid": {"dmean2": 405.378082275, "median": 1761.14453125, "min": 175.93421936, "dvar2": 183111.1875, "dvar": 81151.4453125, "dmean": 263.092193604, "max": 11525.2509766, "var": 609822.5, "mean": 1686.64978027}, "pitch_salience": {"dmean2": 0.115741431713, "median": 0.597223460674, "min": 0.102515280247, "dvar2": 0.0102663263679, "dvar": 0.00395208736882, "dmean": 0.0708372667432, "max": 0.841903805733, "var": 0.0110415983945, "mean": 0.585794270039}, "spectral_energyband_middle_high": {"dmean2": 0.00325481337495, "median": 0.00428952509537, "min": 1.387812875e-21, "dvar2": 2.64639384113e-05, "dvar": 1.17189456432e-05, "dmean": 0.00210711848922, "max": 0.057181108743, "var": 6.44409446977e-05, "mean": 0.00755026051775}, "spectral_contrast_coeffs": {"dmean2": [0.09407992661, 0.0769978538156, 0.0641506910324, 0.0483929030597, 0.033981949091, 0.0263235587627], "median": [-0.618162155151, -0.767189443111, -0.769969284534, -0.78638535738, -0.786087274551, -0.729511141777], "min": [-0.972563803196, -0.97856426239, -0.984060525894, -0.982406497002, -0.975766777992, -0.963644504547], "dvar2": [0.00571611244231, 0.00394099345431, 0.0027379123494, 0.00143351894803, 0.000760494789574, 0.000513282313477], "dvar": [0.00213790754788, 0.00144346151501, 0.00107537792064, 0.000574104429688, 0.000302548956824, 0.000214079322177], "dmean": [0.0573426857591, 0.0465508215129, 0.0397593602538, 0.0297816637903, 0.0207027494907, 0.0164371598512], "max": [-0.231345817447, -0.392576754093, -0.48784288764, -0.526175677776, -0.587474644184, -0.566598415375], "var": [0.00815748143941, 0.00394480722025, 0.00439014239237, 0.00342634483241, 0.0016859814059, 0.00230971979909], "mean": [-0.609984695911, -0.760084450245, -0.760336220264, -0.77486550808, -0.780804693699, -0.731725394726]}, "melbands_skewness": {"dmean2": 1.2432860136, "median": 2.37391352654, "min": -0.8305773139, "dvar2": 1.77363407612, "dvar": 0.826404333115, "dmean": 0.814855396748, "max": 18.2673625946, "var": 5.23125839233, "mean": 2.94525647163}, "spectral_spread": {"dmean2": 639105.75, "median": 5000472.5, "min": 501533.40625, "dvar2": 745357705216, "dvar": 405150793728, "dmean": 438038.8125, "max": 42033736, "var": 5015617404930.0, "mean": 5120999.5}, "dissonance": {"dmean2": 0.0210469160229, "median": 0.482852965593, "min": 0.202068775892, "dvar2": 0.000487711542519, "dvar": 0.000182071060408, "dmean": 0.0124360956252, "max": 0.500000178814, "var": 0.000790659280028, "mean": 0.474980711937}, "spectral_skewness": {"dmean2": 0.263829559088, "median": 1.18734478951, "min": -0.044141702354, "dvar2": 0.168119385839, "dvar": 0.0595311149955, "dmean": 0.162303462625, "max": 11.5549240112, "var": 1.02868270874, "mean": 1.35116767883}, "spectral_flux": {"dmean2": 0.0373563244939, "median": 0.0962472483516, "min": 6.35823269035e-11, "dvar2": 0.00119622948114, "dvar": 0.00051386305131, "dmean": 0.0231780204922, "max": 0.257448911667, "var": 0.00153260619845, "mean": 0.0975057482719}, "spectral_contrast_valleys": {"dmean2": [0.702563941479, 0.580556094646, 0.480989724398, 0.417440086603, 0.297617942095, 0.28381216526], "median": [-6.87666749954, -6.60128164291, -7.18262910843, -7.34719705582, -6.73100280762, -9.24897098541], "min": [-27.7535438538, -27.8703556061, -27.466796875, -27.4744033813, -27.4768733978, -27.3334903717], "dvar2": [0.33025842905, 0.245768532157, 0.167387604713, 0.147424936295, 0.0965147614479, 0.124373294413], "dvar": [0.14342032373, 0.113449864089, 0.0837535634637, 0.0726556777954, 0.0523996539414, 0.0635766088963], "dmean": [0.435351133347, 0.359394878149, 0.30478695035, 0.265803456306, 0.191501006484, 0.19380274415], "max": [-5.4000787735, -4.82615661621, -5.26150465012, -5.41269302368, -5.61440038681, -7.17198944092], "var": [1.19580161572, 1.21558868885, 1.41509997845, 1.59993183613, 1.90196549892, 2.19362950325], "mean": [-6.98891973495, -6.68648862839, -7.31099843979, -7.54182004929, -7.07025146484, -9.62602996826]}, "erbbands_flatness_db": {"dmean2": 0.0203073229641, "median": 0.125319257379, "min": 0.0416478961706, "dvar2": 0.000370410562027, "dvar": 0.000178802438313, "dmean": 0.0137224625796, "max": 0.48612383008, "var": 0.00389549368992, "mean": 0.139071941376}, "spectral_energyband_high": {"dmean2": 0.000879427301697, "median": 0.00141403579619, "min": 7.07942204136e-21, "dvar2": 3.02738590108e-06, "dvar": 1.33563310101e-06, "dmean": 0.000576289603487, "max": 0.0284794792533, "var": 3.99061082135e-06, "me