{"tonal": {"thpcp": [1, 0.757704555988, 0.382621973753, 0.297494977713, 0.314901798964, 0.352562785149, 0.577855467796, 0.641261994839, 0.419680863619, 0.435132950544, 0.510097622871, 0.370363384485, 0.341758668423, 0.388567954302, 0.370613992214, 0.469514727592, 0.517521739006, 0.352363109589, 0.304613530636, 0.362446606159, 0.379292339087, 0.689310014248, 0.908791601658, 0.599846661091, 0.468730032444, 0.541949689388, 0.370678365231, 0.357959926128, 0.475241720676, 0.385065823793, 0.350554764271, 0.389498144388, 0.369730561972, 0.58976662159, 0.896605014801, 0.978484332561], "hpcp": {"dmean2": [0.163943246007, 0.165704920888, 0.175531163812, 0.177670896053, 0.1432377249, 0.132909536362, 0.15464219451, 0.171731337905, 0.214066341519, 0.239267021418, 0.208023712039, 0.181103184819, 0.179414749146, 0.156448706985, 0.156923174858, 0.18050159514, 0.181347325444, 0.176281347871, 0.179737582803, 0.195866122842, 0.244148358703, 0.313962548971, 0.371727138758, 0.369270205498, 0.285019278526, 0.187598064542, 0.149255335331, 0.148345768452, 0.165106832981, 0.195010572672, 0.205727413297, 0.173155456781, 0.164769634604, 0.171001732349, 0.156536474824, 0.156146854162], "median": [0.0113900685683, 0.0128830512986, 0.0171401780099, 0.0161704048514, 0.0128762684762, 0.0121193435043, 0.0116301579401, 0.0112813906744, 0.0205710716546, 0.0306781362742, 0.0258891377598, 0.0124097764492, 0.00899035390466, 0.00942093599588, 0.011374165304, 0.0131223611534, 0.0113109629601, 0.00839907489717, 0.00776897137985, 0.011166093871, 0.0203935038298, 0.0341563411057, 0.060082424432, 0.0531539022923, 0.0354746803641, 0.0116261905059, 0.00648945895955, 0.00591014465317, 0.00853957887739, 0.0180847700685, 0.0254560578614, 0.0215010121465, 0.0175830498338, 0.0176014248282, 0.0133217265829, 0.0100432746112], "min": [0, 0, 0, 0, 0, 0, 0, 0, 0, 0, 0, 0, 0, 0, 0, 0, 0, 0, 0, 0, 0, 0, 0, 0, 0, 0, 0, 0, 0, 0, 0, 0, 0, 0, 0, 0], "dvar2": [0.087392821908, 0.0839452296495, 0.0886641815305, 0.0938988402486, 0.0711051821709, 0.0708519145846, 0.0904570445418, 0.0962460786104, 0.110164120793, 0.120464071631, 0.0994360074401, 0.0924425125122, 0.0993711352348, 0.0857236012816, 0.0898056402802, 0.10826792568, 0.110824920237, 0.110458448529, 0.116658315063, 0.122969128191, 0.134034886956, 0.171411976218, 0.188370123506, 0.197786703706, 0.148259267211, 0.104841165245, 0.0886180326343, 0.09243029356, 0.0952270030975, 0.103310115635, 0.103994905949, 0.0825000554323, 0.0815315395594, 0.0862136483192, 0.0749265998602, 0.0831775441766], "dvar": [0.0338473282754, 0.0314376689494, 0.0352972820401, 0.0395316258073, 0.0272395256907, 0.0260411389172, 0.0345389023423, 0.0357130654156, 0.0441760420799, 0.0540826208889, 0.0389350615442, 0.0359011888504, 0.0421664975584, 0.0318167954683, 0.0338021703064, 0.0431076399982, 0.0406099185348, 0.0403248667717, 0.0439322777092, 0.0443689413369, 0.0506631210446, 0.069331087172, 0.0749107226729, 0.0779149457812, 0.0581298545003, 0.0379542671144, 0.0320525020361, 0.034916870296, 0.0353435650468, 0.0416036061943, 0.0437254272401, 0.0303152240813, 0.0311793349683, 0.0359359197319, 0.0283031873405, 0.0314088389277], "dmean": [0.0922285616398, 0.0930332392454, 0.101172946393, 0.102743305266, 0.081779204309, 0.0751580223441, 0.0871068909764, 0.0962471812963, 0.124105580151, 0.140430316329, 0.120560690761, 0.103445537388, 0.103219635785, 0.0882514864206, 0.0879385322332, 0.100913904607, 0.099923864007, 0.0970245972276, 0.09944986552, 0.106771998107, 0.136839717627, 0.178443476558, 0.211755007505, 0.208891481161, 0.162583395839, 0.103631958365, 0.0816258788109, 0.0819368287921, 0.09139239043, 0.111519031227, 0.118825137615, 0.0978105068207, 0.0938755273819, 0.0985419228673, 0.0884535238147, 0.0873249173164], "max": [1, 1, 1, 1, 1, 1, 1, 1, 1, 1, 1, 1, 1, 1, 1, 1, 1, 1, 1, 1, 1, 1, 1, 1, 1, 1, 1, 1, 1, 1, 1, 1, 1, 1, 1, 1], "var": [0.0396954752505, 0.0314182266593, 0.0435642935336, 0.057432744652, 0.0296695474535, 0.0246532633901, 0.037241846323, 0.0343075580895, 0.0699499174953, 0.10683478415, 0.0507693625987, 0.0444560311735, 0.0679108723998, 0.0323586687446, 0.0333072729409, 0.0557380914688, 0.0375419743359, 0.0353587903082, 0.0451048128307, 0.035277467221, 0.0559968166053, 0.0985484421253, 0.0925137475133, 0.104904323816, 0.076790958643, 0.0327676832676, 0.0277385767549, 0.0354114882648, 0.0335838161409, 0.0608510188758, 0.0681931450963, 0.0315369293094, 0.039065066725, 0.0557560771704, 0.0299835838377, 0.0319044962525], "mean": [0.0879543200135, 0.0838903561234, 0.106277033687, 0.117143668234, 0.0797591730952, 0.0689508169889, 0.0820416212082, 0.0858547389507, 0.156028807163, 0.205709576607, 0.135778322816, 0.106099411845, 0.12267305702, 0.0839049220085, 0.0810260400176, 0.107573367655, 0.0871616005898, 0.0793498456478, 0.0881648734212, 0.0836903825402, 0.133496657014, 0.202951088548, 0.22148488462, 0.226355060935, 0.171510264277, 0.0866084173322, 0.0673394948244, 0.0712796151638, 0.0798043683171, 0.130800515413, 0.145152896643, 0.0949968844652, 0.0984945446253, 0.11546318233, 0.0838336274028, 0.0773588046432]}, "tuning_equal_tempered_deviation": 0.0375205352902, "chords_changes_rate": 0.108299523592, "key_key": "E", "tuning_diatonic_strength": 0.539010465145, "key_scale": "minor", "chords_number_rate": 0.00132792326622, "tuning_frequency": 442.03793335, "tuning_nontempered_energy_ratio": 0.742615461349, "chords_histogram": [7.77572870255, 1.07709336281, 1.18037629128, 0.531169295311, 0.855772793293, 6.15271139145, 3.62227964401, 1.95499813557, 0.206565842032, 1.21726298332, 0.663961648941, 0.8483954072, 1.8517152071, 0.331980824471, 11.7890081406, 3.0099594593, 2.41239404678, 1.51973438263, 3.96901512146, 2.92143130302, 2.00663971901, 4.84692001343, 14.0833644867, 25.1715240479], "key_strength": 0.765958786011, "chords_key": "C", "chords_strength": {"dmean2": 0.0132604660466, "median": 0.439965605736, "min": 0.152042910457, "dvar2": 0.000149039144162, "dvar": 0.00011079502292, "dmean": 0.0126779899001, "max": 0.719641029835, "var": 0.00969208218157, "mean": 0.437273144722}, "chords_scale": "major", "hpcp_entropy": {"dmean2": 1.08086657524, "median": 1.75368869305, "min": 0, "dvar2": 0.80528229475, "dvar": 0.31657359004, "dmean": 0.643703639507, "max": 4.38586187363, "var": 0.653609037399, "mean": 1.74689602852}}, "metadata": {"audio_properties": {"equal_loudness": 0, "codec": "mp3", "downmix": "mix", "sample_rate": 44100, "analysis_sample_rate": 44100, "bit_rate": 256011, "md5_encoded": "a2dc5a7c755214b23e51fe8b906c6a90", "length": 629.446533203, "replay_gain": -6.26831054688, "lossless": false}, "version": {"essentia_build_sha": "70f2e5ece6736b2c40cc944ad0e695b16b925413", "essentia": "2.1-beta2", "extractor": "music 1.0", "essentia_git_sha": "v2.1_beta2"}, "tags": {"title": ["Caravan"], "artist": ["Gonzalo Rubalcaba"], "date": ["1997"], "genre": ["Jazz"], "album": ["The Trio"], "tracknumber": ["2"], "file_name": "2008066.mp3", "discnumber": ["1"], "musicbrainz_recordingid": ["165f051b-d06f-4e53-9995-d0aacaac97e0"], "encodedby": ["Exact Audio Copy   (\u0083o\u0081[\u0083X\u0083g\u0083\u0082\u0081[\u0083h)"]}}, "rhythm": {"bpm_histogram_first_peak_bpm": {"dmean2": 0, "median": 103, "min": 103, "dvar2": 0, "dvar": 0, "dmean": 0, "max": 103, "var": 0, "mean": 103}, "bpm": 104.297668457, "bpm_histogram_second_peak_spread": {"dmean2": 0, "median": 0.538071095943, "min": 0.538071095943, "dvar2": 0, "dvar": 0, "dmean": 0, "max": 0.538071095943, "var": 0, "mean": 0.538071095943}, "bpm_histogram_first_peak_weight": {"dmean2": 0, "median": 0.286080271006, "min": 0.286080271006, "dvar2": 0, "dvar": 0, "dmean": 0, "max": 0.286080271006, "var": 0, "mean": 0.286080271006}, "onset_rate": 4.92645931244, "beats_position": [0.429569154978, 0.870748281479, 1.3235373497, 1.78793644905, 2.2523355484, 2.72834467888, 3.20435357094, 3.66875267029, 4.12154197693, 4.57433080673, 5.02712011337, 5.47990942001, 5.93269824982, 6.39709758759, 6.84988641739, 7.31428575516, 7.77868461609, 8.2198638916, 8.66104316711, 9.11383247375, 9.57823085785, 10.0426301956, 10.4954195023, 10.95981884, 11.4242172241, 11.8770065308, 12.3181858063, 12.7709751129, 13.2237634659, 13.6533327103, 14.0945119858, 14.5473012924, 15.0000905991, 15.4644899368, 15.9056682587, 16.3584575653, 16.8112468719, 17.2756462097, 17.8329238892, 18.390203476, 18.9474830627, 19.5512008667, 20.0968704224, 20.6541500092, 21.2230377197, 21.8151473999, 22.4072551727, 22.9877548218, 23.5798625946, 24.1719722748, 24.7524719238, 25.3329696655, 25.9134693146, 26.4939670563, 27.0744667053, 27.6665763855, 28.2470741272, 28.8391838074, 29.4196815491, 30.0001811981, 30.5922889709, 31.1843986511, 31.776506424, 32.3686180115, 32.9491157532, 33.5296134949, 34.1101112366, 34.690612793, 35.2827186584, 35.8748283386, 36.455329895, 37.0358276367, 37.4886169434, 37.94140625, 38.4058036804, 38.8469848633, 39.2997741699, 39.7525634766, 40.1821289062, 40.6233100891, 41.0760993958, 41.5056686401, 41.9352378845, 42.3764152527, 42.8292045593, 43.281993866, 43.7463951111, 44.22240448, 44.6984100342, 45.1511993408, 45.6039886475, 46.0451698303, 46.4863471985, 46.9275283813, 47.3687057495, 47.8098869324, 48.2394561768, 48.6806335449, 49.1102027893, 49.5629920959, 50.0041732788, 50.445350647, 50.8865280151, 51.3160972595, 51.7456665039, 52.1868476868, 52.6164169312, 53.0575942993, 53.4987754822, 53.9399528503, 54.3811340332, 54.8223114014, 55.2518806458, 55.6814498901, 56.122631073, 56.5405883789, 56.9817695618, 57.4229469299, 57.8641242981, 58.3169136047, 58.7580947876, 59.2108840942, 59.7913818359, 60.3718795776, 60.9639892578, 61.5444869995, 62.1133766174, 62.6822662354, 63.2511558533, 63.8200454712, 64.3889312744, 64.9462127686, 65.5034942627, 66.0607681274, 66.6296615601, 67.1985473633, 67.7558288574, 68.3131027222, 68.8819961548, 69.450881958, 70.0197753906, 70.6002731323, 71.180770874, 71.7496566772, 72.3069381714, 72.8874359131, 73.4679336548, 74.0368270874, 74.6057128906, 75.1745986938, 75.7434921265, 76.3239898682, 76.9044876099, 77.4849853516, 78.0654830933, 78.6459884644, 79.2380905151, 79.8302001953, 80.410697937, 80.9912033081, 81.5717010498, 82.16381073, 82.7559204102, 83.3364181519, 83.928527832, 84.5090255737, 85.0895233154, 85.6816329956, 86.2621307373, 86.842628479, 87.4347381592, 88.0268478394, 88.6073455811, 89.1994552612, 89.7915649414, 90.3836746216, 90.9757843018, 91.5678863525, 92.1599960327, 92.7404937744, 93.3326034546, 93.9247131348, 94.5168228149, 95.1205444336, 95.7126541138, 96.3047637939, 96.8968658447, 97.4889755249, 98.0810852051, 98.6731948853, 99.2653045654, 99.8574142456, 100.449523926, 101.041633606, 101.622131348, 102.202629089, 102.783126831, 103.352012634, 103.932518005, 104.513015747, 105.08190155, 105.650794983, 106.231292725, 106.811790466, 107.392288208, 107.97278595, 108.56489563, 109.15700531, 109.737503052, 110.318000793, 110.898498535, 111.479003906, 112.071105957, 112.663215637, 113.255325317, 113.847434998, 114.427932739, 115.008430481, 115.588935852, 116.169433594, 116.749931335, 117.330429077, 117.89931488, 118.468208313, 119.048706055, 119.640815735, 120.221313477, 120.813423157, 121.417137146, 121.997642517, 122.578140259, 123.158638, 123.727523804, 124.296417236, 124.876914978, 125.45741272, 126.037910461, 126.618408203, 127.198905945, 127.779411316, 128.359909058, 128.94039917, 129.520904541, 130.101409912, 130.681900024, 131.262405396, 131.842895508, 132.423400879, 133.003890991, 133.584396362, 134.164901733, 134.745391846, 135.325897217, 135.894775391, 136.475280762, 137.044174194, 137.624664307, 138.193557739, 138.762451172, 139.319732666, 139.88861084, 140.457504272, 141.014785767, 141.58366394, 142.152557373, 142.709838867, 143.2787323, 143.847610474, 144.428115845, 145.008621216, 145.589111328, 146.158004761, 146.726898193, 147.179672241, 147.632461548, 148.085250854, 148.538040161, 148.979232788, 149.420410156, 149.849975586, 150.314376831, 150.790390015, 151.277999878, 151.742401123, 152.19519043, 152.647979736, 153.112380981, 153.576782227, 154.017959595, 154.447525024, 154.877090454, 155.318267822, 155.759460449, 156.200637817, 156.641815186, 157.082992554, 157.524169922, 157.953735352, 158.39491272, 158.836090088, 159.277282715, 159.706848145, 160.148025513, 160.577590942, 161.007156372, 161.448348999, 161.901138306, 162.365524292, 162.841537476, 163.468475342, 164.048980713, 164.629470825, 165.221588135, 165.813690186, 166.394195557, 166.974685669, 167.55519104, 168.135681152, 168.716186523, 169.308303833, 169.900405884, 170.480911255, 171.061401367, 171.641906738, 172.222396851, 172.802902222, 173.383392334, 173.963897705, 174.544403076, 175.124893188, 175.70539856, 176.285888672, 176.866394043, 177.446884155, 178.027389526, 178.607894897, 179.18838501, 179.768890381, 180.337768555, 180.906661987, 181.487167358, 182.067657471, 182.648162842, 183.228652954, 183.797546387, 184.378051758, 184.946929932, 185.527435303, 186.107940674, 186.676818848, 187.24571228, 187.826202393, 188.406707764, 188.987213135, 189.567703247, 190.148208618, 190.72869873, 191.309204102, 191.901306152, 192.493423462, 193.073913574, 193.654418945, 194.234924316, 194.827026367, 195.419128418, 195.999633789, 196.58013916, 197.160629272, 197.741134644, 198.333236694, 198.913742065, 199.482620239, 200.06312561, 200.655227661, 201.235733032, 201.827835083, 202.408340454, 203.000442505, 203.592559814, 204.173049927, 204.753555298, 205.32244873, 205.902938843, 206.483444214, 207.063934326, 207.644439697, 208.21333313, 208.782211304, 209.351104736, 209.919998169, 210.488891602, 211.046157837, 211.61505127, 212.183944702, 212.741226196, 213.298492432, 213.867385864, 214.424667358, 214.970336914, 215.527618408, 216.084899902, 216.642166138, 217.199447632, 217.756729126, 218.31401062, 218.882904053, 219.451782227, 220.009063721, 220.566345215, 221.112014771, 221.680908203, 222.238174438, 222.795455933, 223.352737427, 223.910018921, 224.478912354, 225.047790527, 225.628295898, 226.185577393, 226.754455566, 227.323348999, 227.892242432, 228.461135864, 229.0184021, 229.587295532, 230.144577026, 230.713470459, 231.282348633, 231.851242065, 232.420135498, 232.989013672, 233.557907104, 234.126800537, 234.684082031, 235.252960205, 235.821853638, 236.402359009, 236.982849121, 237.563354492, 238.143844604, 238.712738037, 239.28163147, 239.862121582, 240.442626953, 241.023132324, 241.603622437, 242.172515869, 242.741394043, 243.321899414, 243.902404785, 244.482894897, 245.063400269, 245.632278442, 246.201171875, 246.770065308, 247.33895874, 247.919448853, 248.488342285, 249.057235718, 249.63772583, 250.206619263, 250.787109375, 251.356002808, 251.936508179, 252.516998291, 253.097503662, 253.677993774, 254.258499146, 254.839004517, 255.40788269, 255.976776123, 256.545654297, 257.114562988, 257.695037842, 258.275543213, 258.856048584, 259.436553955, 260.005432129, 260.57434082, 261.154815674, 261.723724365, 262.292602539, 262.87310791, 263.453613281, 264.034088135, 264.591369629, 265.148651123, 265.717559814, 266.286437988, 266.855316162, 267.424224854, 268.004699707, 268.561981201, 269.130889893, 269.699768066, 270.280273438, 270.849151611, 271.418029785, 271.998535156, 272.579040527, 273.159545898, 273.74005127, 274.320526123, 274.889434814, 275.458312988, 276.038818359, 276.61932373, 277.199798584, 277.768707275, 278.337585449, 278.906494141, 279.475372314, 280.055877686, 280.636352539, 281.20526123, 281.774139404, 282.343048096, 282.91192627, 283.469207764, 284.038085938, 284.606964111, 285.164245605, 285.7215271, 286.278808594, 286.812866211, 287.358551025, 287.904205322, 288.449890137, 289.007171631, 289.564453125, 290.110107422, 290.644165039, 291.189849854, 291.723907471, 292.246337891, 292.780395508, 293.314453125, 293.848510742, 294.394195557, 294.939849854, 295.473907471, 296.031188965, 296.588470459, 297.145751953, 297.714630127, 298.283538818, 298.864044189, 299.444519043, 300.025024414, 300.593902588, 301.162811279, 301.74331665, 302.323791504, 302.904296875, 303.484802246, 304.065307617, 304.645812988, 305.214691162, 305.783569336, 306.352478027, 306.921356201, 307.490234375, 308.059143066, 308.63961792, 309.208526611, 309.777404785, 310.357910156, 310.938415527, 311.518920898, 312.111022949, 312.679901123, 313.260406494, 313.829284668, 314.409790039, 314.978668213, 315.570800781, 316.162902832, 316.743408203, 317.323883057, 317.904388428, 318.496490479, 319.07699585, 319.6690979, 320.261230469, 320.85333252, 321.433837891, 322.014312744, 322.594818115, 323.175323486, 323.755828857, 324.336334229, 324.916809082, 325.497314453, 326.077819824, 326.658325195, 327.238800049, 327.81930542, 328.399810791, 328.991912842, 329.58404541, 330.164520264, 330.745025635, 331.313903809, 331.8828125, 332.451690674, 333.032196045, 333.601074219, 334.18157959, 334.762084961, 335.354187012, 335.934692383, 336.503570557, 337.072479248, 337.641357422, 338.221862793, 338.802337646, 339.382843018, 339.963348389, 340.555450439, 341.159179688, 341.774505615, 342.238891602, 342.680084229, 343.121276855, 343.562438965, 344.003631592, 344.444793701, 344.885986328, 345.338775635, 345.803161621, 346.267578125, 346.720367432, 347.161529541, 347.602722168, 348.043884277, 348.485076904, 348.926239014, 349.37902832, 349.808624268, 350.238189697, 350.667755127, 351.108917236, 351.538482666, 351.968078613, 352.386016846, 352.827209473, 353.256774902, 353.697967529, 354.127532959, 354.557098389, 354.986663818, 355.416229248, 355.845794678, 356.275360107, 356.693328857, 357.134490967, 357.564086914, 357.993652344, 358.423217773, 358.852783203, 359.270751953, 359.688690186, 360.106658936, 360.536224365, 360.954193115, 361.383758545, 361.801727295, 362.231292725, 362.649230957, 363.078826904, 363.508392334, 363.926330566, 364.344299316, 364.762268066, 365.180206299, 365.598175049, 366.027740479, 366.445709229, 366.863677979, 367.293243408, 367.711181641, 368.129150391, 368.547119141, 368.965057373, 369.383026123, 369.812591553, 370.218963623, 370.613677979, 371.008422852, 371.426391602, 371.844360352, 372.285522461, 372.715087891, 373.156280518, 373.609069824, 374.073455811, 374.526245117, 374.967437744, 375.420227051, 375.873016357, 376.337402344, 376.801818848, 377.266204834, 377.718994141, 378.160186768, 378.589752197, 379.019317627, 379.448883057, 379.890075684, 380.319641113, 380.749206543, 381.178771973, 381.608337402, 382.026306152, 382.455871582, 382.897033691, 383.338226318, 383.791015625, 384.255401611, 384.708190918, 385.160980225, 385.613769531, 386.066558838, 386.519348145, 386.983764648, 387.459777832, 388.040252686, 388.632385254, 389.236083984, 389.816589355, 390.397094727, 390.977600098, 391.558074951, 392.126983643, 392.695861816, 393.26473999, 393.833648682, 394.414154053, 394.994628906, 395.575134277, 396.155639648, 396.73614502, 397.316650391, 397.897125244, 398.477630615, 399.058135986, 399.638641357, 400.219116211, 400.799621582, 401.380126953, 401.960632324, 402.541137695, 403.110015869, 403.678894043, 404.259399414, 404.839904785, 405.420410156, 406.00088501, 406.581390381, 407.150299072, 407.719177246, 408.299682617, 408.880187988, 409.460662842, 410.029571533, 410.598449707, 411.178955078, 411.747833252, 412.316741943, 412.897216797, 413.466125488, 414.035003662, 414.603881836, 415.172790527, 415.730072021, 416.298950195, 416.867828369, 417.44833374, 418.028839111, 418.609344482, 419.189819336, 419.770324707, 420.339233398, 420.908111572, 421.488616943, 422.069122314, 422.649597168, 423.230102539, 423.798980713, 424.367889404, 424.936767578, 425.50567627, 426.086151123, 426.666656494, 427.223937988, 427.792816162, 428.350097656, 428.919006348, 429.476287842, 430.045166016, 430.614044189, 431.171325684, 431.728607178, 432.285888672, 432.831542969, 433.388824463, 433.934509277, 434.480163574, 435.025848389, 435.583129883, 436.140411377, 436.686065674, 437.231750488, 437.765808105, 438.299865723, 438.83392334, 439.367980957, 439.936859131, 440.517364502, 441.086242676, 441.655151367, 442.224029541, 442.792907715, 443.361816406, 443.94229126, 444.522796631, 445.091705322, 445.660583496, 446.241088867, 446.809967041, 447.378845215, 447.959350586, 448.539855957, 449.120361328, 449.700866699, 450.281341553, 450.850250244, 451.419128418, 451.976409912, 452.533691406, 453.114196777, 453.694671631, 454.263580322, 454.832458496, 455.401367188, 455.970245361, 456.539123535, 457.108032227, 457.68850708, 458.269012451, 458.849517822, 459.418395996, 459.987304688, 460.556182861, 461.125061035, 461.705566406, 462.286071777, 462.866577148, 463.435455322, 464.004333496, 464.584838867, 465.153747559, 465.722625732, 466.279907227, 466.860412598, 467.440887451, 468.009796143, 468.578674316, 469.135955811, 469.693237305, 470.250518799, 470.807800293, 471.376678467, 471.945556641, 472.502838135, 473.071746826, 473.62902832, 474.197906494, 474.766784668, 475.335693359, 475.904571533, 476.473449707, 477.042358398, 477.611236572, 478.180114746, 478.749023438, 479.306304932, 479.863586426, 480.444061279, 481.012969971, 481.581848145, 482.162353516, 482.742858887, 483.32333374, 483.903839111, 484.484344482, 485.053222656, 485.622131348, 486.202636719, 486.771514893, 487.340393066, 487.920898438, 488.501403809, 489.070281982, 489.639160156, 490.219665527, 490.788574219, 491.357452393, 491.937957764, 492.506835938, 493.075714111, 493.656219482, 494.236724854, 494.817230225, 495.386108398, 495.95501709, 496.523895264, 497.092773438, 497.673278809, 498.230560303, 498.787841797, 499.368347168, 499.948822021, 500.517730713, 501.086608887, 501.655487061, 502.224395752, 502.793273926, 503.373779297, 503.954284668, 504.523162842, 505.092041016, 505.64932251, 506.218231201, 506.787109375, 507.355987549, 507.93649292, 508.516998291, 509.097503662, 509.666381836, 510.23526001, 510.804168701, 511.373046875, 511.953552246, 512.534057617, 513.114562988, 513.683410645, 514.252319336, 514.821228027, 515.390075684, 515.970581055, 516.539489746, 517.108398438, 517.688903809, 518.269348145, 518.849853516, 519.418762207, 519.987670898, 520.56817627, 521.148681641, 521.729125977, 522.298034668, 522.866943359, 523.435791016, 524.004699707, 524.585205078, 525.165710449, 525.74621582, 526.315063477, 526.895568848, 527.464477539, 528.04498291, 528.613891602, 529.182739258, 529.763244629, 530.34375, 530.924255371, 531.481506348, 532.050415039, 532.61932373, 533.199829102, 533.768676758, 534.337585449, 534.906494141, 535.475341797, 536.055847168, 536.624755859, 537.182006836, 537.750915527, 538.308227539, 538.877075195, 539.445983887, 540.003234863, 540.572143555, 541.141052246, 541.709899902, 542.278808594, 542.847717285, 543.404968262, 543.962280273, 544.51953125, 545.088439941, 545.668945312, 546.226196289, 546.783508301, 547.352355957, 547.921264648, 548.478515625, 549.035827637, 549.616333008, 550.185180664, 550.742492676, 551.311401367, 551.740966797, 552.170532227, 552.588500977, 553.006408691, 553.435974121, 553.865539551, 554.283508301, 554.71307373, 555.14263916, 555.57220459, 556.001831055, 556.431396484, 556.860961914, 557.290527344, 557.708496094, 558.138061523, 558.567626953, 558.997192383, 559.426757812, 559.856323242, 560.285888672, 560.715454102, 561.145019531, 561.574584961, 562.004150391, 562.43371582, 562.86328125, 563.304504395, 563.757263184, 564.221679688, 564.662841797, 565.104003906, 565.533569336, 565.963134766, 566.41595459, 566.880371094, 567.344726562, 567.820739746, 568.261962891, 568.703125, 569.144287109, 569.573852539, 570.015075684, 570.467834473, 570.885803223, 571.315368652, 571.744934082, 572.174499512, 572.604064941, 573.033630371, 573.463195801, 573.89276123, 574.32232666, 574.75189209, 575.18145752, 575.59942627, 576.01739502, 576.446960449, 576.876525879, 577.306091309, 577.735656738, 578.176879883, 578.629638672, 579.082458496, 579.523620605, 580.034484863, 580.545288086, 581.044494629, 581.543762207, 582.03137207, 582.542236328, 583.06463623, 583.587097168, 584.109558105, 584.643615723, 585.17767334, 585.688537598, 586.2109375, 586.733398438, 587.255859375, 587.778320312, 588.30078125, 588.834838867, 589.368896484, 589.902954102, 590.413757324, 590.936218262, 591.44708252, 591.969543457, 592.503601074, 593.037658691, 593.560058594, 594.082519531, 594.616577148, 595.115844727, 595.61505127, 596.149108887, 596.683166504, 597.205627441, 597.751281738, 598.296936035, 598.830993652, 599.33026123, 599.841064453, 600.363525391, 600.839538574, 601.338745117, 601.861206055, 602.348815918, 602.836425781, 603.335693359, 603.788452148, 604.252868652, 604.717285156, 605.181640625, 605.62286377, 606.075622559, 606.540039062, 607.016052246, 607.503662109, 608.10736084, 608.699462891, 609.303222656, 609.906921387, 610.522277832, 611.125976562, 611.706481934, 612.298583984, 612.879089355, 613.459594727, 614.028442383, 614.608947754, 615.189453125, 615.793212891, 616.373657227, 616.896118164, 617.430175781, 617.964233398, 618.463500977, 618.974304199, 619.485168457, 619.99597168, 620.518432617, 621.040893555, 621.563354492, 622.08581543, 622.619873047, 623.10748291, 623.618286133, 624.117553711, 624.640014648, 625.162414551, 625.673278809, 626.184143066, 626.694946289, 627.205810547, 627.71661377, 628.227478027, 628.749938965], "beats_loudness": {"dmean2": 0.0634807944298, "median": 0.0304361842573, "min": 5.14174675059e-11, "dvar2": 0.00364529341459, "dvar": 0.00137938768603, "dmean": 0.0369196124375, "max": 0.301725119352, "var": 0.00166443630587, "mean": 0.0433696806431}, "danceability": 1.33758890629, "bpm_histogram_second_peak_weight": {"dmean2": 0, "median": 0.0777113586664, "min": 0.0777113586664, "dvar2": 0, "dvar": 0, "dmean": 0, "max": 0.0777113586664, "var": 0, "mean": 0.0777113586664}, "beats_count": 1172, "bpm_histogram_second_peak_bpm": {"dmean2": 0, "median": 140, "min": 140, "dvar2": 0, "dvar": 0, "dmean": 0, "max": 140, "var": 0, "mean": 140}, "bpm_histogram_first_peak_spread": {"dmean2": 0, "median": 0.512372612953, "min": 0.512372612953, "dvar2": 0, "dvar": 0, "dmean": 0, "max": 0.512372612953, "var": 0, "mean": 0.512372612953}, "beats_loudness_band_ratio": {"dmean2": [0.522942960262, 0.298400729895, 0.263266831636, 0.138504832983, 0.0336599871516, 0.0444995686412], "median": [0.637614607811, 0.161214351654, 0.0852860361338, 0.0338943302631, 0.00830225739628, 0.00462524872273], "min": [0, 0, 0, 0, 0, 0], "dvar2": [0.141245961189, 0.0583906844258, 0.0743235498667, 0.0400747023523, 0.00139011186548, 0.013780741021], "dvar": [0.0509903803468, 0.0218282528222, 0.02609953098, 0.0135879991576, 0.000490835518576, 0.00480215949938], "dmean": [0.293953388929, 0.16926176846, 0.146596774459, 0.0762836784124, 0.0185825657099, 0.0238293539733], "max": [0.994121193886, 0.842167794704, 0.885254979134, 0.908211052418, 0.180823847651, 0.818621397018], "var": [0.078317515552, 0.0306152701378, 0.0284347590059, 0.0112209580839, 0.000447705038823, 0.00281286030076], "mean": [0.593904852867, 0.209327235818, 0.145049184561, 0.0670426860452, 0.0163594782352, 0.0166372414678]}}, "lowlevel": {"barkbands_spread": {"dmean2": 5.6644411087, "median": 7.69293832779, "min": 0.341887295246, "dvar2": 97.6324462891, "dvar": 44.9106445312, "dmean": 3.6888153553, "max": 135.961029053, "var": 112.008270264, "mean": 10.0191078186}, "melbands_spread": {"dmean2": 4.88888502121, "median": 7.44407606125, "min": 0.349246114492, "dvar2": 70.6906433105, "dvar": 32.2471046448, "dmean": 3.14693045616, "max": 209.843109131, "var": 95.4039535522, "mean": 9.31438159943}, "hfc": {"dmean2": 6.48896026611, "median": 4.49343585968, "min": 1.11845036152e-16, "dvar2": 213.937347412, "dvar": 105.257232666, "dmean": 4.66854524612, "max": 322.343902588, "var": 284.672729492, "mean": 10.1262683868}, "barkbands_kurtosis": {"dmean2": 11.0948495865, "median": 6.07917118073, "min": -1.92013418674, "dvar2": 416.651062012, "dvar": 180.545043945, "dmean": 7.20589494705, "max": 369.007598877, "var": 425.370391846, "mean": 12.6994886398}, "gfcc": {"mean": [-90.6661376953, 137.559020996, -85.1232681274, 19.4137783051, -47.8130455017, 8.91477966309, -23.4858551025, -2.55484104156, -16.2665252686, 0.347656220198, -11.2729072571, -3.44975733757, -6.35596609116], "icov": [[0.00011928674212, -4.26166479883e-05, 0.000144473538967, -9.25046188058e-05, 0.000161434392794, -0.000214067404158, 0.000164595578099, -0.000109246255306, 2.43552804022e-05, -0.000257224863162, 0.000359250843758, -0.000152424458065, 4.97379141962e-06], [-4.26166479883e-05, 0.00157067494001, 7.21519318176e-05, 0.00057785998797, -0.000579243875109, 0.000311437470373, 7.81661365181e-05, 0.000585163652431, -0.00141702452675, 0.00286608957686, -0.003097203793, 0.00293133617379, -0.0017373948358], [0.000144473538967, 7.21519318176e-05, 0.00143157225102, -0.000773596053477, -0.000277244573226, -0.000651134701911, -0.000553757010493, 0.000572666525841, -8.7044587417e-05, -0.000611330964603, 0.00200480874628, -0.00157442502677, 0.00107687583659], [-9.25046188058e-05, 0.00057785998797, -0.000773596053477, 0.00321321608499, 8.73327662703e-05, -0.000658741861116, 0.000279280589893, -0.00147346779704, 0.000492550549097, 0.000738794216886, -0.00321619748138, 0.00307639362291, -0.00151698256377], [0.000161434392794, -0.000579243875109, -0.000277244573226, 8.73327662703e-05, 0.00581356557086, -0.00162757909857, -0.00156048091594, 0.00220187287778, -0.00305253756233, 0.00069718179293, -0.000665926549118, -0.00065878831083, 0.000948905362748], [-0.000214067404158, 0.000311437470373, -0.000651134701911, -0.000658741861116, -0.00162757909857, 0.00920375809073, -0.00310011208057, -0.00150574999861, 0.00314455502667, -0.00253458367661, 0.00137799209915, -0.0013128091814, -0.000513863458764], [0.000164595578099, 7.81661365181e-05, -0.000553757010493, 0.000279280589893, -0.00156048091594, -0.00310011208057, 0.0124447206035, -0.00411186739802, -0.000947747088503, 0.00366428797133, -0.00440493552014, 0.00409409683198, -0.0026680843439], [-0.000109246255306, 0.000585163652431, 0.000572666525841, -0.00147346779704, 0.00220187287778, -0.00150574999861, -0.00411186739802, 0.0151617927477, -0.00847108755261, 0.00105300254654, 0.00264446414076, -0.00468251248822, 0.00501141324639], [2.43552804022e-05, -0.00141702452675, -8.7044587417e-05, 0.000492550549097, -0.00305253756233, 0.00314455502667, -0.000947747088503, -0.00847108755261, 0.0196149870753, -0.0110232569277, 0.000256091443589, 0.00450156908482, -0.00455284351483], [-0.000257224863162, 0.00286608957686, -0.000611330964603, 0.000738794216886, 0.00069718179293, -0.00253458367661, 0.00366428797133, 0.00105300254654, -0.0110232569277, 0.0261192601174, -0.0117314951494, 0.000448191043688, 0.00381309632212], [0.000359250843758, -0.003097203793, 0.00200480874628, -0.00321619748138, -0.000665926549118, 0.00137799209915, -0.00440493552014, 0.00264446414076, 0.000256091443589, -0.0117314951494, 0.0273639652878, -0.0129512613639, 0.00493053626269], [-0.000152424458065, 0.00293133617379, -0.00157442502677, 0.00307639362291, -0.00065878831083, -0.0013128091814, 0.00409409683198, -0.00468251248822, 0.00450156908482, 0.000448191043688, -0.0129512613639, 0.0293872468174, -0.0135365314782], [4.97379141962e-06, -0.0017373948358, 0.00107687583659, -0.00151698256377, 0.000948905362748, -0.000513863458764, -0.0026680843439, 0.00501141324639, -0.00455284351483, 0.00381309632212, 0.00493053626269, -0.0135365314782, 0.0221393126994]], "cov": [[12052.3398438, -841.102478027, -946.409912109, 188.56552124, -636.519714355, 173.910095215, -301.869232178, 209.756820679, -67.1618423462, 160.145935059, -144.473068237, 78.1998291016, -23.7057533264], [-841.102478027, 2246.74023438, -739.182922363, -364.938842773, 311.696502686, -255.817550659, 95.1312789917, -172.768783569, 150.389175415, -194.657958984, 139.338470459, -163.714691162, 152.049636841], [-946.409912109, -739.182922363, 1354.12341309, 327.105682373, 44.6653938293, 209.987747192, 65.9494400024, 57.1658058167, -49.4850120544, 59.4171104431, -68.751449585, 61.0880661011, -71.028137207], [188.56552124, -364.938842773, 327.105682373, 497.798736572, -26.236240387, 107.602577209, 34.2346534729, 77.6443557739, -7.13207006454, 43.9295501709, 9.71903514862, 6.69107437134, -27.4165744781], [-636.519714355, 311.696502686, 44.6653938293, -26.236240387, 289.318054199, 15.656671524, 73.2471313477, -25.9417266846, 59.3448982239, -13.8185253143, 38.6004638672, -20.5823535919, 16.6986083984], [173.910095215, -255.817550659, 209.987747192, 107.602577209, 15.656671524, 188.154663086, 43.1171607971, 43.5344467163, -20.137014389, 29.1814289093, -12.4227895737, 26.8539352417, -13.8989171982], [-301.869232178, 95.1312789917, 65.9494400024, 34.2346534729, 73.2471313477, 43.1171607971, 135.240142822, 32.9301490784, 31.1225299835, -9.9972486496, 19.8517856598, -12.7107534409, 9.30608463287], [209.756820679, -172.768783569, 57.1658058167, 77.6443557739, -25.9417266846, 43.5344467163, 32.9301490784, 131.082397461, 44.9828567505, 36.2320594788, -2.85032463074, 11.0509595871, -24.2445640564], [-67.1618423462, 150.389175415, -49.4850120544, -7.13207006454, 59.3448982239, -20.137014389, 31.1225299835, 44.9828567505, 119.96509552, 34.9113960266, 28.1817836761, -17.8182487488, 5.77940654755], [160.145935059, -194.657958984, 59.4171104431, 43.9295501709, -13.8185253143, 29.1814289093, -9.9972486496, 36.2320594788, 34.9113960266, 92.8599853516, 22.5301055908, 18.1525211334, -26.0613155365], [-144.473068237, 139.338470459, -68.751449585, 9.71903514862, 38.6004638672, -12.4227895737, 19.8517856598, -2.85032463074, 28.1817836761, 22.5301055908, 78.7917861938, 11.147526741, 7.25561618805], [78.1998291016, -163.714691162, 61.0880661011, 6.69107437134, -20.5823535919, 26.8539352417, -12.7107534409, 11.0509595871, -17.8182487488, 18.1525211334, 11.147526741, 73.016784668, 17.4651012421], [-23.7057533264, 152.049636841, -71.028137207, -27.4165744781, 16.6986083984, -13.8989171982, 9.30608463287, -24.2445640564, 5.77940654755, -26.0613155365, 7.25561618805, 17.4651012421, 78.9933013916]]}, "spectral_energyband_middle_low": {"dmean2": 0.00864845700562, "median": 0.00581428036094, "min": 1.58110419357e-22, "dvar2": 0.000261747016339, "dvar": 0.000118139010738, "dmean": 0.00570527790114, "max": 0.268449723721, "var": 0.000319532788126, "mean": 0.0119914002717}, "melbands_crest": {"dmean2": 5.38118362427, "median": 15.6628885269, "min": 1.84161543846, "dvar2": 21.906463623, "dvar": 8.97921180725, "dmean": 3.33427810669, "max": 38.2181816101, "var": 27.8466720581, "mean": 16.1249008179}, "spectral_kurtosis": {"dmean2": 8.82196807861, "median": 8.0672044754, "min": -1.2377614975, "dvar2": 144.590957642, "dvar": 58.8070373535, "dmean": 5.52364349365, "max": 120.163902283, "var": 149.52973938, "mean": 12.0191860199}, "spectral_rms": {"dmean2": 0.0015074518742, "median": 0.00399965234101, "min": 3.14944207866e-12, "dvar2": 3.4521208363e-06, "dvar": 1.76497781013e-06, "dmean": 0.0010567039717, "max": 0.0180837530643, "var": 7.09500500307e-06, "mean": 0.00443641701713}, "zerocrossingrate": {"dmean2": 0.00891845021397, "median": 0.0234375, "min": 0.001953125, "dvar2": 0.000206083524972, "dvar": 0.000156641093781, "dmean": 0.00742973573506, "max": 0.5234375, "var": 0.00107617699541, "mean": 0.0293542239815}, "silence_rate_60dB": {"dmean2": 0.090603902936, "median": 0, "min": 0, "dvar2": 0.0956744551659, "dvar": 0.0432565249503, "dmean": 0.0453002788126, "max": 1, "var": 0.104160249233, "mean": 0.118115752935}, "erbbands_kurtosis": {"dmean2": 2.27616405487, "median": 0.875876665115, "min": -1.86222875118, "dvar2": 14.0643043518, "dvar": 7.11631298065, "dmean": 1.48115456104, "max": 152.117507935, "var": 20.3744373322, "mean": 1.9276869297}, "erbbands": {"dmean2": [0.146459117532, 2.29134941101, 4.79433584213, 5.02586221695, 10.0659723282, 11.0836572647, 18.176858902, 20.3635520935, 17.2971572876, 25.3215618134, 19.0615940094, 16.6000366211, 16.9390888214, 17.7323169708, 18.5276107788, 15.6809902191, 11.2324333191, 12.0940570831, 9.99005413055, 6.68688392639, 4.66126966476, 3.98597550392, 3.15828800201, 2.59494686127, 2.22750163078, 2.02348303795, 1.95656919479, 2.21767258644, 1.20686459541, 0.904677450657, 0.732588231564, 0.564278244972, 0.349962621927, 0.224071934819, 0.138131305575, 0.0701485052705, 0.0418442338705, 0.0149361137301, 0.0030204562936, 0.000165161938639], "median": [0.0599011592567, 0.589583694935, 1.35522830486, 1.95856153965, 3.23289895058, 4.15394926071, 4.30588150024, 4.18661355972, 4.66663551331, 4.5536699295, 3.63496923447, 3.56297016144, 3.3649699688, 4.284532547, 3.39988136292, 2.11399674416, 1.66979396343, 1.97943019867, 1.93443536758, 1.02509713173, 0.605996131897, 0.472496241331, 0.446217179298, 0.36548769474, 0.358456999063, 0.275093615055, 0.238475471735, 0.203915253282, 0.112383805215, 0.104068808258, 0.0622480995953, 0.0375398024917, 0.0211505647749, 0.011164272204, 0.00520205358043, 0.00179382995702, 0.000568128132727, 0.000134935879032, 2.92144341074e-05, 2.2903763238e-05], "min": [1.36894024244e-22, 1.73739230637e-21, 5.20965175642e-21, 1.24389772617e-20, 1.76967795731e-20, 3.44144874938e-20, 4.89246216117e-20, 6.66081113651e-20, 2.11099232359e-19, 1.93040638816e-19, 3.71173906181e-19, 4.48428413641e-19, 5.40255801393e-19, 6.19638825514e-19, 1.15482705998e-18, 1.66552154593e-18, 2.16746797652e-18, 3.05562751665e-18, 1.87994599265e-18, 2.56975858204e-18, 3.7497677082e-18, 5.99309517792e-18, 6.81122395303e-18, 6.84198514565e-18, 8.24439087849e-18, 8.80302978672e-18, 8.81809853594e-18, 1.11835406115e-17, 1.07780583296e-17, 1.21419451565e-17, 1.21960733742e-17, 1.14018683168e-17, 1.0416946843e-17, 7.82893610711e-18, 6.9921155317e-18, 4.34059717715e-18, 2.60515901712e-18, 1.03516773295e-18, 2.73811904651e-19, 2.88513004399e-20], "dvar2": [0.0686428844929, 26.244890213, 144.794616699, 91.6731719971, 371.708312988, 450.562683105, 2220.55249023, 3712.14257812, 1989.94165039, 9699.5703125, 5059.13232422, 3537.26367188, 8632.25585938, 6388.58203125, 8061.88232422, 13843.9257812, 10268.5986328, 16525.1757812, 5817.078125, 1190.78796387, 555.899780273, 2355.76635742, 171.265914917, 479.032653809, 84.1855163574, 53.0453262329, 38.3844337463, 50.1560745239, 19.4941692352, 7.26815128326, 5.4235200882, 3.77927279472, 1.41605055332, 0.600508391857, 0.273635268211, 0.0672531798482, 0.0265523064882, 0.0035151343327, 0.000156961221364, 4.44428934543e-07], "dvar": [0.0279476307333, 12.3292369843, 59.5901565552, 36.0238342285, 141.092437744, 188.480865479, 860.598449707, 1480.27355957, 784.599243164, 5330.27294922, 2680.59399414, 2025.6373291, 5615.26806641, 2998.74291992, 4868.60888672, 8626.1796875, 4913.11425781, 6930.00439453, 2928.83959961, 526.752746582, 265.950653076, 870.547607422, 65.6742095947, 171.370346069, 32.5849380493, 20.0096740723, 14.7580881119, 20.1545944214, 7.50710535049, 3.12223553658, 2.29127025604, 1.72364389896, 0.637784123421, 0.281031250954, 0.128063887358, 0.0319858901203, 0.0123960776255, 0.00159977131989, 7.03121186234e-05, 1.82777341706e-07], "dmean": [0.0925116240978, 1.51011371613, 3.02650475502, 3.01733422279, 5.97503423691, 6.91889619827, 11.1545219421, 12.5415849686, 10.6750183105, 17.1917419434, 13.515832901, 11.780962944, 12.8063058853, 12.0745563507, 13.49817276, 11.363070488, 7.74076032639, 8.06029033661, 6.7596321106, 4.47470092773, 3.09220099449, 2.5204744339, 1.98677802086, 1.57952654362, 1.40466058254, 1.27325737476, 1.23073124886, 1.400000453, 0.761526882648, 0.588637590408, 0.476163476706, 0.375531792641, 0.230930924416, 0.149551838636, 0.0928333252668, 0.0470705330372, 0.0279321037233, 0.00997648201883, 0.00200837664306, 0.000105965445982], "max": [2.68483495712, 55.8731155396, 157.205978394, 140.437011719, 273.248840332, 373.870483398, 787.93927002, 1616.54089355, 869.641845703, 3174.50952148, 2787.81665039, 2611.36621094, 6112.81152344, 2132.37646484, 2856.91381836, 6261.91601562, 4866.57275391, 6776.80126953, 5346.51708984, 2461.39892578, 1223.96374512, 3642.58642578, 350.837249756, 1616.5123291, 433.645629883, 166.514968872, 109.162162781, 279.788421631, 229.400604248, 94.1323394775, 