{"tonal": {"thpcp": [1, 0.904373347759, 0.46185618639, 0.254583358765, 0.247286215425, 0.230653747916, 0.303651839495, 0.453157544136, 0.531293332577, 0.565860211849, 0.473250597715, 0.275877296925, 0.251025676727, 0.321742832661, 0.275470495224, 0.297379821539, 0.359874844551, 0.415453612804, 0.475121766329, 0.466544091702, 0.458974629641, 0.463345199823, 0.448944121599, 0.493869692087, 0.612909674644, 0.521671414375, 0.314177393913, 0.397436529398, 0.471667557955, 0.306046813726, 0.217530876398, 0.200197964907, 0.199316859245, 0.279822707176, 0.423404335976, 0.677737832069], "hpcp": {"dmean2": [0.349634617567, 0.238901883364, 0.172713786364, 0.163274928927, 0.156733006239, 0.169118404388, 0.210587263107, 0.228205502033, 0.21435841918, 0.203564926982, 0.161402434111, 0.135384261608, 0.144165873528, 0.145390719175, 0.155488699675, 0.193486317992, 0.244926616549, 0.27389216423, 0.253657102585, 0.254164725542, 0.250139653683, 0.254641890526, 0.295087665319, 0.312113910913, 0.245762988925, 0.199741497636, 0.191180288792, 0.189956188202, 0.155609071255, 0.146854057908, 0.149684846401, 0.1578656286, 0.200762435794, 0.265191167593, 0.326601415873, 0.380541145802], "median": [0.090842448175, 0.0356962047517, 0.00892037991434, 0.00589703209698, 0.00483221653849, 0.00908064469695, 0.0144792115316, 0.0132644306868, 0.0106386914849, 0.00863922759891, 0.00644542695954, 0.0113785164431, 0.0133491884917, 0.0120362509042, 0.00695192907006, 0.0129707343876, 0.0214056074619, 0.0157772991806, 0.0121521642432, 0.0175320971757, 0.0285771340132, 0.0288979094476, 0.022195097059, 0.0150847407058, 0.0104141877964, 0.013134947978, 0.020188909024, 0.02095079422, 0.0170143693686, 0.00874600186944, 0.00639290688559, 0.0037968554534, 0.0071642040275, 0.0166552271694, 0.041380122304, 0.0910202339292], "min": [0, 0, 0, 0, 0, 0, 0, 0, 0, 0, 0, 0, 0, 0, 0, 0, 0, 0, 0, 0, 0, 0, 0, 0, 0, 0, 0, 0, 0, 0, 0, 0, 0, 0, 0, 0], "dvar2": [0.15723836422, 0.108171604574, 0.091035105288, 0.0985347256064, 0.0943494439125, 0.0955290272832, 0.122871853411, 0.127681910992, 0.120160527527, 0.106630057096, 0.0838189423084, 0.0602284371853, 0.0712964311242, 0.0769502297044, 0.0980075523257, 0.117680750787, 0.138318285346, 0.157123044133, 0.145185172558, 0.143727451563, 0.137123033404, 0.141529336572, 0.167147353292, 0.185913428664, 0.135475292802, 0.108286269009, 0.100940436125, 0.0998802706599, 0.0786654129624, 0.0874805897474, 0.0943359136581, 0.0988505035639, 0.123649962246, 0.157214418054, 0.161206573248, 0.18014678359], "dvar": [0.0635986402631, 0.0415260344744, 0.0330940186977, 0.0362594686449, 0.033999722451, 0.0353726148605, 0.0493120029569, 0.0507659688592, 0.0523816384375, 0.0437964759767, 0.0324216559529, 0.0227925144136, 0.0297885388136, 0.0284228697419, 0.0380595698953, 0.0432583987713, 0.0520935356617, 0.0635768175125, 0.0559576563537, 0.0580646842718, 0.0521474219859, 0.053319580853, 0.0617411658168, 0.0722025856376, 0.0553462505341, 0.038957580924, 0.037034932524, 0.0382081232965, 0.0284970346838, 0.0311922226101, 0.0326282046735, 0.0344567075372, 0.0442727766931, 0.0575014986098, 0.0625011026859, 0.0742721781135], "dmean": [0.203445702791, 0.136909261346, 0.0954013988376, 0.0905773416162, 0.086707636714, 0.0950813218951, 0.120740488172, 0.131945967674, 0.124093398452, 0.119459405541, 0.090314283967, 0.0763470903039, 0.082615993917, 0.0831089690328, 0.0855270251632, 0.107834108174, 0.137672454119, 0.154039338231, 0.141777455807, 0.142264723778, 0.142357066274, 0.143094539642, 0.164613455534, 0.174646168947, 0.143869802356, 0.110609017313, 0.106145367026, 0.106021374464, 0.0867729634047, 0.0800061374903, 0.0806102529168, 0.0841999724507, 0.108910776675, 0.146954014897, 0.185486108065, 0.216700479388], "max": [1, 1, 1, 1, 1, 1, 1, 1, 1, 1, 1, 1, 1, 1, 1, 1, 1, 1, 1, 1, 1, 1, 1, 1, 1, 1, 1, 1, 1, 1, 1, 1, 1, 1, 1, 1], "var": [0.0986333042383, 0.0430024378002, 0.0258511397988, 0.0290505830199, 0.0273948311806, 0.0340448841453, 0.0642183497548, 0.0682314187288, 0.0856859534979, 0.0632979124784, 0.030756264925, 0.0207191389054, 0.0375748947263, 0.0252906810492, 0.0446621514857, 0.0458378344774, 0.0461580492556, 0.0629195198417, 0.063806258142, 0.0612637512386, 0.050054077059, 0.0485896840692, 0.0577355362475, 0.0885078012943, 0.0736676156521, 0.0328073203564, 0.0413826182485, 0.0633311569691, 0.0263989362866, 0.0225665345788, 0.021497361362, 0.0228476766497, 0.0335584916174, 0.0515303313732, 0.0788353905082, 0.118751339614], "mean": [0.247547194362, 0.126420363784, 0.0696851536632, 0.0676877647638, 0.0631350874901, 0.0831162929535, 0.12403935194, 0.145426854491, 0.15488858521, 0.129539266229, 0.075513780117, 0.0687113404274, 0.0880682021379, 0.07540243119, 0.08139950037, 0.0985057875514, 0.113718941808, 0.130051448941, 0.127703547478, 0.12563161552, 0.126827940345, 0.122886039317, 0.135183170438, 0.167767077684, 0.142793133855, 0.0859973728657, 0.10878726095, 0.129105955362, 0.0837718546391, 0.0595430620015, 0.0547986589372, 0.054557479918, 0.0765937268734, 0.115895234048, 0.185511991382, 0.273722350597]}, "tuning_equal_tempered_deviation": 0.131658032537, "chords_changes_rate": 0.0963418036699, "key_key": "A", "tuning_diatonic_strength": 0.520164966583, "key_scale": "minor", "chords_number_rate": 0.00335101922974, "tuning_frequency": 442.548919678, "tuning_nontempered_energy_ratio": 0.797832727432, "chords_histogram": [6.11561012268, 0.0837754830718, 0, 0.61435353756, 3.04384255409, 5.92013406754, 3.43479466438, 13.6833286285, 1.64758443832, 19.4359111786, 19.3521366119, 1.56380903721, 0, 0, 0, 0.279251605272, 0.558503210545, 2.37363862991, 0, 0, 0, 0, 16.2803688049, 5.61295747757], "key_strength": 0.670620381832, "chords_key": "E", "chords_strength": {"dmean2": 0.0137434992939, "median": 0.522732675076, "min": 0.230969563127, "dvar2": 0.000157533475431, "dvar": 0.000102135454654, "dmean": 0.0123821394518, "max": 0.798513531685, "var": 0.00948079768568, "mean": 0.520727455616}, "chords_scale": "major", "hpcp_entropy": {"dmean2": 1.13657927513, "median": 1.97822332382, "min": 0, "dvar2": 0.880783975124, "dvar": 0.329307764769, "dmean": 0.681474208832, "max": 4.32385540009, "var": 0.604491710663, "mean": 1.96783900261}}, "metadata": {"audio_properties": {"equal_loudness": 0, "codec": "mp3", "downmix": "mix", "sample_rate": 44100, "analysis_sample_rate": 44100, "bit_rate": 192030, "md5_encoded": "ee6f6da0796cac9467a261c506578749", "length": 166.243270874, "replay_gain": -6.1918296814, "lossless": false}, "version": {"essentia_build_sha": "2d9f1f26377add8aeb1075a9c2973f962c4f09fd", "essentia": "2.1-beta2", "extractor": "music 1.0", "essentia_git_sha": "v2.1_beta2-1-ge3940c0"}, "tags": {"title": ["Tennessee Zip"], "language": ["eng"], "acoustid_fingerprint": ["AQADtEouJZuSJMFF5EJyHz2HppsDHi8uUwcpJUbII1k6PuBf40eYB9UPzQ7sD-8DcbxQKUH0Ize6fUOTD1e645SLZ3WGp8R7NI-PnpkyKFQ4LbgIPzJ-kYHuY1SeoVyO5llwHmega8IlhUdepjmaHOWHh8dnUQjTC3uheY4Qt9XwREzxg9lzNLlK5M4o6OvxxGnwHGKVSOCpIw-Px7ifoLtnhPlxId4qXDf6Ho9SwvlQv8IT5REeJFGC8Cd-FZWZBs0zF10SBx7643qFeH0S6IqOZhTC8ZgkHT6aSbnxgx_CPMOlQ2cWNcGDB18PH8pR3XiILodYHpPDGBfx0oNOZMZ5PG-Ky0MfNHfwMcR_JBWRExyZ40kevMyKdHG0Q2eE2CLxKKOOpj3K9CHyLiOSO2Ae-ILPByecg7kY5NAylFkI_sWD5k9R58GXI8yOMnGOF7k4TBu3QVGOXMqJeI8To5k2iN8R6kvQfOg2Fo9Q9kSWXA8S4zxO7YHPB0_BEH6QzAl9xHqONszRaFQ6vHrRPKhRSodfITua5_hTiE4vPMP9DBcFPxfO6ziTlIF2olmqIKuMUxJOKlOQXniOSyf0rKNwmdDF4EgTLxuu3HhhB6co8ImD8NAyrUWZb0KTcEqIk3nwQ1F-lFmHXOsSFb_g_tiLX8mOZ0sK-8aZg2i2BpqNE350gdfUCH85NFG6HV2RH9rTJvByDYrIE-Fn3DW-SeiNM0e-D5qOMNIaXK9gJ8txykH4jJhyllB9SdA2PgizEWwiKfjwB7_g6cN_9EiWaEeITPHRf4P-4NSRH-9R5j6oB_l2aHFc6LbRqwgTJcqFeS7y7UQfCc0d4R90XUGYRUnWoz9CvdCDimJS6OFs3OHRCJWTTUeu47kV9E2MpkJOHdecF3ISB3qMJwychxJ-5MpRzk7gpYefI_8gPkd4h7g0rMnR5EZ_7D_y5NDISF1QLtJxwiMPNUyW8PiPplQUCUUeuXhew2tKYSeJKubxH_0xL1qD5wiPZKmz40MTMw26KTOa5yjx7SjZMEiWX0GYh0XvIt9RfoeWJ8Ko8MiWHQ9nTI_QtEmF3Du0LKdEhA8q6sIXD45alMHz4BfSZDlOh8QTNXj2oNmP0D7xKMrxnHB-nBmO78E-Csko5cjlozrIVQ3e5FFQSj3CLAuS40-OWklUeDyLkNEeJPtwOTieKDf-40cTTUSi60aJJsrC4_gDLfmF-lTw5kGfQQsf8NPxH1-0QNSPWzwu5XhWk0iWl7hwpTxqffjZ41KOJlTOgLmgZhR-B7-iwZPC49h3TH8Q5tBDqNrSFE68TAFvoXngo08lHIqeD2FeHnsuhKnzoMwPnUcvZkXzPIiZXciVozlNaDaiC99-NFcW9BnuXMZ1ocxaNHPQvEATZ9GCOInq44eW55huXBGDj49RJssHHVm-MHieE9U_bH-GMvmRTz_0J1B2mchDPD3OBV12waHyoR8QZiySE_YzVFQm6biGcLEg8kR4XeimGh8v_EheIv3xD5OeEm8WDhd14QhzSdB6NJuUG5rMNLiOcObRPCeiH9qfIcxikKGGN8cP7zhzPA_cH8l15EdjPWC85HjGB1-O58geaBnp4VlOOPTRPSHe6eiNZtGF68W6qQq0hM-gfceTQ09cDiWXNDGSPcKYOTka56ik18IzPeC8w2ri4i7uI7kahKnyIJdcaL5wqngNfmWI8GHQ4PuC_NCjTSmk_MhN-DLqaGGMV4uCr2h-hGtCMdCPLy-R1ynCQ0su4ZEOqTIeRwg_JwhzQc8lPNMXVJK6FTmqoz-aMwwezkHi0EeYl6heHfiDppvxrEaz48mEV0SyPPRR-fiN7jIqJZ8U_MHVI_3xgy96wlWPvhz-DNWPKztShxl04RWZZNDy4OohXR0eRUT3BFrwyoOqnFJQUUuM7if4ojrCLMvC5DhJ4YL_4VmT4wm85MfFB2LSsHjwHKX0EA0fMET6BQka9xifpXizoRcRJjqSXPpRv4N_XEWjhsZ9MBaTo3GPfE8QfQouJZijRohNCo-OfmiO5EtOPAmV48cupsb0UGiqPARLzZhjzuiOJk4sXI6HJ6llPMODH8kSaRFCRmHwGb-S4KEGx8hzPNwDPccvOfg-yOnhJU0W3MXpoHmUrCiPJ2ODR3HR9Phy5ERIMgyeLBKD_4KW5-hZQj_yvMb3oLmOPrxwCk9cPHKIX4bOsGie4-ReNFGf4CWNMLug_Uf-Ck2osEH_FHm0IzlD9HiDJ4fjjkH348kR_ofYMciRLqTw6kSeByeV4ozxPENzPPgafDPC5Au0U8FfPFFyyHmq4kfjGvGVobbxLcbT9MjVCaX0QTwJRbmI7MGPLcGXHD_6MGhq9BC7BUPjisF5DbwkH-F2JPxxE_9hjhYeTYnxG6cIu7mQT2UKzg-0HHlSkFFC4-EU-D1u_MGVuFHQbImSg7oUJHsmhEfjhEyKf-CPUGESSEm8pPiLrNGU6DgpNFV0hNeh5zkeLbjEJeh_NCf0H8_aodnOCFVXEdo6DX-I_mDnBs9Z6Av8MMNj_CmeC30YQ7vBZIkkIaSOZ9iZ6gjVPkFTYT2PfDV24kcfGk2_4mkYnPiP8EiW9_jk4mkOd8vxC8-PPkf6GtO24stxSTLCh4H3yKiU5MaFHukTHbpy5M_hJVeEXvjR5Oi84Ee1w2sC1h7SG1_EYPo66InwIemKfjl89fBRx8fz4DmckUeOJD9-8En0BLn6oFIgKkw45L1wJ2uOWnsRMtqDhCu-o3-OZw-e7KjhnqgcHsmVoJEOjWzxnOh-NFfwnMK3QJyF5y_eBF90aLmiYLoHPcacMVWQa1Nxo88iNCfecAoePH2RXkdSHLUeNA87CkeZw0-JUNw-JGYYVBJzmMxxnwjjHheuHFps-IdmH7wTw1N86OFxP8HNws9xXgGBEEEEMyAcIEAYYABBxBDEAESEEMYcUIIAAYhgBjBBBAAAWGAkUYYQA4gwABJGhCGMAUMwQEw44QAgRDBBBSAUEEEQEsAoAAgTgCAkFKLEOUYgcAoggQwAAAVEBABIACOIpUKQDQwxYgmFBCGKeQEAAgASAIxiQAhAqBCEAIOcEkowBQwwFAmgABACOIYIAcrIAAhSBgDgqEBCIUIcEAIgQiAAgCDEBUCKAGqIUgQC4JACQjimBDSOEEYUAgYBKQQjgFiDiIDAMOMUQAJAhABBQjACgIFAIEoYMUQooQAwACiBgANCOGGcAAYoIgQABAFElCYkEWCJIMAYYZCQDAgBBBHMMOEAIwYYgRSAFBCLCAAKcSAAgkAIQyBogAgCPFAGNIOAAEYAAREgThAACCLCIiIAIEIBAYxCgAEjjBIMaSUGAIQIAAQwCgFhDACCCEUBQQQQAgJQkBDCDQDAASCAEAYQgSQkABFNENFKAkAUBYIwYQRAzBCCjABAKIAEUU4JxwhwwCiHABDEGciYEQQoQgEBgigCCAGACAKQEEQBA4BCgkBDCGCGAQIFAIgIAplgCBDgkRCAAAkIFBQQCYBzBgACERPCGUecMgwQ5LgARgHmCACCOEAwAExQI4BxkCggDBAOBEAAMQAY4wyhhAmHgRCAAgGEI4Q8KRETVgGjEAGAAUAZkMIpRxQRggkjgBQCEYYEIcIJgAACghhABAACEWEAsEwgoRAgRAimCFBOAEIQM5IQJCgQiAgEEMIAIAYNUAAQYISQhCDBDADGUMEQAM8ABoQwhhACETRGAICEEoYQJBABAAhFGDGOEqOAAswAIASRABGiDBCIAKSoEEQQAyxQihEhAPEAICAEUAAxQ7iVgBBTAAISGQS0EdhAAYABQABBjBIIAEUYcABwZgywCCACDBJEOSWooIIIABw0gGgAIEGCEIQEccAABQxFACg"], "date": ["1991"], "genre": ["Rockabilly"], "musicbrainz_releasegroupid": ["333fecb1-f6b2-4ccf-8818-0ab012aeec32"], "musicbrainz album type": ["Album", "Compilation"], "musicbrainz_recordingid": ["16698909-31e1-4f60-8584-8d0800b43a00"], "artistsort": ["Johnny & The Roccos"], "musicbrainz album release country": ["SE"], "musicbrainz_albumartistid": ["3ccf9bd7-4c39-44a5-a044-56a543299804"], "musicbrainz_albumid": ["6e717bec-f5f2-458e-9fbe-1d6b2ba9f83e"], "artist": ["Johnny & The Roccos"], "tracknumber": ["09"], "bpm": ["91.50"], "catalognumber": ["SJCD 585"], "album": ["Feel Like Rockin'"], "label": ["Sunjay"], "acoustid_id": ["0dce80c9-5ef4-464c-9004-4e032b4ed50f"], "musicbrainz_artistid": ["3ccf9bd7-4c39-44a5-a044-56a543299804"], "file_name": "Johnny & The Roccos - Tennessee Zip.mp3"}}, "rhythm": {"bpm_histogram_first_peak_bpm": {"dmean2": 0, "median": 92, "min": 92, "dvar2": 0, "dvar": 0, "dmean": 0, "max": 92, "var": 0, "mean": 92}, "bpm": 91.8695678711, "bpm_histogram_second_peak_spread": {"dmean2": 0, "median": 0, "min": 0, "dvar2": 0, "dvar": 0, "dmean": 0, "max": 0, "var": 0, "mean": 0}, "bpm_histogram_first_peak_weight": {"dmean2": 0, "median": 0.758893251419, "min": 0.758893251419, "dvar2": 0, "dvar": 0, "dmean": 0, "max": 0.758893251419, "var": 0, "mean": 0.758893251419}, "onset_rate": 5.34721183777, "beats_position": [0.592108845711, 1.19582760334, 1.8111563921, 2.46131515503, 3.11147379875, 3.78485250473, 4.43501138687, 5.08516979218, 5.73532867432, 6.40870714188, 7.05886602402, 7.73224496841, 8.39401340485, 9.05578231812, 9.70594120026, 10.3677091599, 11.0294780731, 11.6796369553, 12.3297958374, 12.9799547195, 13.6185035706, 14.2570514679, 14.90721035, 15.545759201, 16.1843090057, 16.8344669342, 17.4846248627, 18.1463947296, 18.7965526581, 19.458322525, 20.1084804535, 20.758638382, 21.4087982178, 22.0705661774, 22.7207260132, 23.3824939728, 24.0326519012, 24.6828117371, 25.3329696655, 25.9599094391, 26.5984573364, 27.2370071411, 27.8755550385, 28.5141029358, 29.1642627716, 29.8028106689, 30.4413604736, 31.0682983398, 31.6952381134, 32.3453979492, 33.0071640015, 33.6573219299, 34.3190917969, 34.9692497253, 35.6426315308, 36.2927894592, 36.9429473877, 37.6047172546, 38.2664833069, 38.9398651123, 39.6016311646, 40.2634010315, 40.9251708984, 41.5869369507, 42.2603149414, 42.9220848083, 43.5838546753, 44.2340126038, 44.8725624084, 45.5111083984, 46.1496582031, 46.7882080078, 47.4383659363, 48.0885238647, 48.7502937317, 49.4120635986, 50.0622215271, 50.723991394, 51.3857574463, 52.0591392517, 52.720905304, 53.3826751709, 54.0328330994, 54.7062110901, 55.3563690186, 56.0065307617, 56.6566886902, 57.2952384949, 57.9337844849, 58.583946228, 59.222492218, 59.8610420227, 60.5111999512, 61.1613578796, 61.7999076843, 62.4500656128, 63.0886154175, 63.7503852844, 64.4121551514, 65.0739212036, 65.7356872559, 66.385848999, 67.0360107422, 67.686164856, 68.3363265991, 68.9864807129, 69.6482543945, 70.3100204468, 70.9601821899, 71.6219482422, 72.2837142944, 72.9338760376, 73.5956420898, 74.2574157715, 74.9191818237, 75.580947876, 76.2427215576, 76.9044876099, 77.5662536621, 78.2280273438, 78.8781814575, 79.5399551392, 80.2017211914, 80.8634872437, 81.5252609253, 82.1754150391, 82.8255767822, 83.4757385254, 84.1258926392, 84.7760543823, 85.4262084961, 86.0879821777, 86.74974823, 87.3999099731, 88.0500640869, 88.7002258301, 89.3736038208, 90.0469818115, 90.7087478638, 91.3705215454, 92.0322875977, 92.6940536499, 93.3442153931, 94.0059814453, 94.667755127, 95.3179092407, 95.9796829224, 96.6414489746, 97.2916107178, 97.95337677, 98.6151428223, 99.2653045654, 99.9154663086, 100.577232361, 101.250610352, 101.912376404, 102.574150085, 103.235916138, 103.886077881, 104.547843933, 105.209609985, 105.859771729, 106.521537781, 107.160087585, 107.810249329, 108.460403442, 109.110565186, 109.74911499, 110.387664795, 111.037818909, 111.687980652, 112.338134766, 112.999908447, 113.6616745, 114.311836243, 114.961990356, 115.635368347, 116.28553009, 116.947296143, 117.609069824, 118.270835876, 118.92099762, 119.571151733, 120.209701538, 120.848251343, 121.486801147, 122.125350952, 122.763900757, 123.390838623, 124.040992737, 124.69115448, 125.341316223, 125.979858398, 126.64163208, 127.291786194, 127.965164185, 128.626937866, 129.288711548, 129.938858032, 130.589019775, 131.239181519, 131.9009552, 132.562713623, 133.224487305, 133.886260986, 134.536407471, 135.198181152, 135.859954834, 136.510116577, 137.160263062, 137.810424805, 138.448974609, 139.087524414, 139.726074219, 140.364624023, 141.014785767, 141.66494751, 142.315093994, 142.965255737, 143.61541748, 144.288803101, 144.962173462, 145.612335205, 146.274108887, 146.93586731, 147.597640991, 148.259414673, 148.921173096, 149.582946777, 150.233108521, 150.894866943, 151.533416748, 152.183578491, 152.833740234, 153.483901978, 154.110839844, 154.761001587, 155.411148071, 156.038085938, 156.676635742, 157.326797485, 157.976959229, 158.63873291, 159.288879395, 159.927429199, 160.565979004, 161.204528809, 161.854690552, 162.504852295, 163.155014038, 163.805160522, 164.455322266, 165.117095947, 165.778869629], "beats_loudness": {"dmean2": 0.0325484760106, "median": 0.0567446574569, "min": 3.31099314632e-10, "dvar2": 0.000711343367584, "dvar": 0.000272684235824, "dmean": 0.0192938614637, "max": 0.118362054229, "var": 0.000558656291105, "mean": 0.0532183907926}, "danceability": 1.32298016548, "bpm_histogram_second_peak_weight": {"dmean2": 0, "median": 0.0079051386565, "min": 0.0079051386565, "dvar2": 0, "dvar": 0, "dmean": 0, "max": 0.0079051386565, "var": 0, "mean": 0.0079051386565}, "beats_count": 254, "bpm_histogram_second_peak_bpm": {"dmean2": 0, "median": 98, "min": 98, "dvar2": 0, "dvar": 0, "dmean": 0, "max": 98, "var": 0, "mean": 98}, "bpm_histogram_first_peak_spread": {"dmean2": 0, "median": 0.235059797764, "min": 0.235059797764, "dvar2": 0, "dvar": 0, "dmean": 0, "max": 0.235059797764, "var": 0, "mean": 0.235059797764}, "beats_loudness_band_ratio": {"dmean2": [0.361623287201, 0.265944063663, 0.303894609213, 0.0886129364371, 0.0516435652971, 0.0376323126256], "median": [0.495278596878, 0.10269677639, 0.187457546592, 0.0390841513872, 0.0351069606841, 0.03287088871], "min": [0.00187212426681, 0.00468140328303, 0.00432094885036, 0.000484386342578, 0.000795589876361, 0.000365173968021], "dvar2": [0.0833409577608, 0.0810508430004, 0.0682493001223, 0.0125031908974, 0.00195485982113, 0.00232575717382], "dvar": [0.0329878106713, 0.0298478342593, 0.0295749008656, 0.00448361504823, 0.000645882508252, 0.0011156485416], "dmean": [0.209663793445, 0.146986380219, 0.17809009552, 0.0496288761497, 0.0291717480868, 0.0226574465632], "max": [0.947545349598, 0.889476776123, 0.975731551647, 0.477487117052, 0.16510233283, 0.340080201626], "var": [0.0442489311099, 0.0326030887663, 0.0435754880309, 0.00396864674985, 0.000837526458781, 0.00106583547313], "mean": [0.470037698746, 0.167766794562, 0.259850531816, 0.0568969771266, 0.042127083987, 0.0394203737378]}}, "lowlevel": {"barkbands_spread": {"dmean2": 9.536485672, "median": 12.7346591949, "min": 0.202106818557, "dvar2": 185.593200684, "dvar": 83.3224563599, "dmean": 6.30256557465, "max": 121.638198853, "var": 181.956573486, "mean": 16.0421733856}, "melbands_spread": {"dmean2": 9.10739135742, "median": 9.91188049316, "min": 0.329410225153, "dvar2": 361.08605957, "dvar": 166.235626221, "dmean": 5.97103595734, "max": 254.070236206, "var": 272.24130249, "mean": 13.5979347229}, "hfc": {"dmean2": 8.33758354187, "median": 7.23330307007, "min": 1.17130018817e-16, "dvar2": 173.881378174, "dvar": 85.9201965332, "dmean": 6.0511932373, "max": 98.8018493652, "var": 194.289352417, "mean": 12.7405557632}, "barkbands_kurtosis": {"dmean2": 17.4411449432, "median": 7.79770326614, "min": -1.84848034382, "dvar2": 1461.40380859, "dvar": 761.584838867, "dmean": 11.607178688, "max": 599.000549316, "var": 2499.10424805, "mean": 22.1706428528}, "gfcc": {"mean": [-45.637878418, 82.8299713135, -79.5525131226, 36.6909751892, -58.520740509, 8.9799861908, -36.1202583313, 20.9253158569, -24.2348690033, 8.79326629639, -11.6573314667, 3.28075957298, -16.7684402466], "icov": [[0.000138721108669, -0.000156053050887, 0.000251586985542, -0.000124465295812, 9.24021223909e-05, -9.86447339528e-05, -1.6228763343e-05, -0.00020614330424, 7.41791518521e-05, -0.000397356692702, 0.000549757096451, -0.000484435004182, 0.000519409310073], [-0.000156053050887, 0.0022930088453, -0.000154581372044, 0.00113542063627, -0.000460242212284, 0.000826916191727, -0.000333973555826, 8.17301333882e-05, -0.000125876060338, 0.00113541202154, -0.00255392515101, 0.00274675129913, -0.00279799778946], [0.000251586985542, -0.000154581372044, 0.00216869916767, -0.000671177287586, -0.000817115302198, -0.00010422149353, -6.44768297207e-05, -0.000787777302321, 0.00146672490519, -0.00168253900483, 0.000665277708322, -0.00100041739643, 0.000294336990919], [-0.000124465295812, 0.00113542063627, -0.000671177287586, 0.00327396951616, -0.000946996849962, -0.000175397421117, 0.00101237383205, -0.000605037785135, -0.000595219724346, 0.0016951134894, -0.00117302290164, 0.00208921404555, -0.00303195137531], [9.24021223909e-05, -0.000460242212284, -0.000817115302198, -0.000946996849962, 0.00516993878409, -0.00123577867635, -0.000449297018349, 0.000595921708737, -0.00145931658335, -0.000775522843469, 0.0024254899472, -0.00245866784826, 0.0017691537505], [-9.86447339528e-05, 0.000826916191727, -0.00010422149353, -0.000175397421117, -0.00123577867635, 0.00464913621545, -0.00288797891699, 0.000493714469485, 0.00169424910564, -0.00180116284173, -0.000352478091372, 0.00378070143051, -0.00286821462214], [-1.6228763343e-05, -0.000333973555826, -6.44768297207e-05, 0.00101237383205, -0.000449297018349, -0.00288797891699, 0.00749569199979, -0.00372261554003, 0.000703540281393, 0.00197957316414, -0.000857053149957, -0.00193551869597, 0.00143106747419], [-0.00020614330424, 8.17301333882e-05, -0.000787777302321, -0.000605037785135, 0.000595921708737, 0.000493714469485, -0.00372261554003, 0.00724301952869, -0.00243310304359, -0.000389701832319, 0.000675020623021, -0.0016291893553, 0.00124078954104], [7.41791518521e-05, -0.000125876060338, 0.00146672490519, -0.000595219724346, -0.00145931658335, 0.00169424910564, 0.000703540281393, -0.00243310304359, 0.0102484356612, -0.00548187131062, -0.00139705347829, 0.00407166406512, -0.00234998972155], [-0.000397356692702, 0.00113541202154, -0.00168253900483, 0.0016951134894, -0.000775522843469, -0.00180116284173, 0.00197957316414, -0.000389701832319, -0.00548187131062, 0.0141649181023, -0.00483846710995, 0.00131403491832, 0.000145682060975], [0.000549757096451, -0.00255392515101, 0.000665277708322, -0.00117302290164, 0.0024254899472, -0.000352478091372, -0.000857053149957, 0.000675020623021, -0.00139705347829, -0.00483846710995, 0.0134594170377, -0.00740279071033, 0.00458958325908], [-0.000484435004182, 0.00274675129913, -0.00100041739643, 0.00208921404555, -0.00245866784826, 0.00378070143051, -0.00193551869597, -0.0016291893553, 0.00407166406512, 0.00131403491832, -0.00740279071033, 0.0214133281261, -0.0126590579748], [0.000519409310073, -0.00279799778946, 0.000294336990919, -0.00303195137531, 0.0017691537505, -0.00286821462214, 0.00143106747419, 0.00124078954104, -0.00234998972155, 0.000145682060975, 0.00458958325908, -0.0126590579748, 0.0183043982834]], "cov": [[13229.4414063, 193.0912323, -1392.30993652, -375.591522217, -230.718032837, 118.442237854, 306.416015625, 484.71383667, 134.798965454, 180.840820313, -269.293334961, -92.5183563232, -382.260559082], [193.0912323, 820.709655762, -218.342468262, -264.447174072, -122.585586548, -181.838699341, -24.8330860138, -44.5516319275, 52.7385902405, -14.7053499222, 133.594192505, -19.2562770844, 28.0715332031], [-1392.30993652, -218.342468262, 938.425231934, 260.20892334, 244.327789307, 177.610549927, 82.1736068726, 73.4470062256, -94.3943557739, 31.2672710419, -28.9204883575, 73.7855911255, 72.8697128296], [-375.591522217, -264.447174072, 260.20892334, 564.327392578, 148.330810547, 110.524139404, -41.6830558777, 20.1025981903, 5.38488197327, -15.9356632233, -55.2845458984, 9.12712955475, 85.3965377808], [-230.718032837, -122.585586548, 244.327789307, 148.330810547, 319.502929688, 147.221801758, 56.8019943237, 34.6111526489, 3.47246098518, 25.509262085, -52.5620689392, 16.5943717957, 18.7491760254], [118.442237854, -181.838699341, 177.610549927, 110.524139404, 147.221801758, 452.993377686, 175.198684692, 62.980140686, -52.1941642761, 31.0171890259, -56.396232605, -21.1581859589, 15.6409568787], [306.416015625, -24.8330860138, 82.1736068726, -41.6830558777, 56.8019943237, 175.198684692, 299.340057373, 146.356079102, -43.8179168701, -8.19610786438, -4.61547994614, 29.5649471283, -16.0340175629], [484.71383667, -44.5516319275, 73.4470062256, 20.1025981903, 34.6111526489, 62.980140686, 146.356079102, 251.218582153, 31.9405326843, 28.464302063, -5.67043066025, 21.7127990723, -20.0516471863], [134.798965454, 52.7385902405, -94.3943557739, 5.38488197327, 3.47246098518, -52.1941642761, -43.8179168701, 31.9405326843, 187.640975952, 75.8773117065, 34.1588745117, -34.9006843567, -9.82276344299], [180.840820313, -14.7053499222, 31.2672710419, -15.9356632233, 25.509262085, 31.0171890259, -8.19610786438, 28.464302063, 75.8773117065, 132.791107178, 35.7864341736, -13.6534633636, -19.1467247009], [-269.293334961, 133.594192505, -28.9204883575, -55.2845458984, -52.5620689392, -56.396232605, -4.61547994614, -5.67043066025, 34.1588745117, 35.7864341736, 145.665527344, 27.1628227234, 2.72109556198], [-92.5183563232, -19.2562770844, 73.7855911255, 9.12712955475, 16.5943717957, -21.1581859589, 29.5649471283, 21.7127990723, -34.9006843567, -13.6534633636, 27.1628227234, 109.467819214, 55.8282546997], [-382.260559082, 28.0715332031, 72.8697128296, 85.3965377808, 18.7491760254, 15.6409568787, -16.0340175629, -20.0516471863, -9.82276344299, -19.1467247009, 2.72109556198, 55.8282546997, 122.813713074]]}, "spectral_energyband_middle_low": {"dmean2": 0.0109124435112, "median": 0.00580178899691, "min": 3.03892242808e-22, "dvar2": 0.000303534558043, "dvar": 0.000139532799949, "dmean": 0.00716281402856, "max": 0.117461711168, "var": 0.000251399411354, "mean": 0.0125497160479}, "melbands_crest": {"dmean2": 6.06691932678, "median": 17.2548599243, "min": 1.76917552948, "dvar2": 28.782037735, "dvar": 12.0015153885, "dmean": 3.7825884819, "max": 35.2116241455, "var": 31.1485996246, "mean": 17.4131698608}, "spectral_kurtosis": {"dmean2": 2.1672706604, "median": 3.52805876732, "min": -1.23191034794, "dvar2": 14.9357481003, "dvar": 6.1075501442, "dmean": 1.3911908865, "max": 75.7758636475, "var": 18.3242340088, "mean": 4.47085809708}, "spectral_rms": {"dmean2": 0.00147780356929, "median": 0.0044644693844, "min": 3.25867913382e-12, "dvar2": 2.661806775e-06, "dvar": 1.48243555032e-06, "dmean": 0.00107001280412, "max": 0.0119527382776, "var": 5.29763246959e-06, "mean": 0.00447353813797}, "zerocrossingrate": {"dmean2": 0.013795462437, "median": 0.04052734375, "min": 0.00390625, "dvar2": 0.000291121803457, "dvar": 0.000250796118053, "dmean": 0.01200926397, "max": 0.50146484375, "var": 0.00132046069484, "mean": 0.0480182766914}, "silence_rate_60dB": {"dmean2": 0.127392098308, "median": 0, "min": 0, "dvar2": 0.143017783761, "dvar": 0.0596331395209, "dmean": 0.0636871531606, "max": 1, "var": 0.0887634009123, "mean": 0.0984499379992}, "erbbands_kurtosis": {"dmean2": 3.87443828583, "median": 0.295401275158, "min": -1.82971894741, "dvar2": 94.3477783203, "dvar": 40.7728233337, "dmean": 2.51618885994, "max": 187.477737427, "var": 90.3870239258, "mean": 3.05775332451}, "erbbands": {"dmean2": [0.131918624043, 1.52315235138, 2.95291733742, 3.09514331818, 7.7327041626, 8.96497249603, 7.13811731339, 18.0728530884, 72.8374404907, 63.5519332886, 37.859336853, 34.3300247192, 17.6218833923, 17.4076080322, 17.8368930817, 11.7792844772, 16.3759117126, 12.9810266495, 12.1188573837, 8.77023792267, 5.89504432678, 8.12257957458, 9.43798160553, 8.81535625458, 9.06556892395, 5.05086326599, 3.5417098999, 2.99424242973, 2.1177918911, 1.76550340652, 1.70903277397, 1.18048262596, 0.750807702541, 0.375110358, 0.202306836843, 0.125529810786, 0.0749679133296, 0.0311999134719, 0.00190336699598, 4.01167162636e-05], "median": [0.0456147789955, 0.666363120079, 1.53064608574, 1.39877688885, 1.81202113628, 1.73161256313, 1.65206730366, 2.93833351135, 9.86913108826, 10.1116447449, 5.14824962616, 2.49848890305, 2.27092480659, 3.02230715752, 1.90013647079, 1.51851832867, 1.09602952003, 1.04932868481, 1.23381078243, 1.02997481823, 1.2840539217, 1.96930623055, 2.23101639748, 2.40075874329, 2.85234618187, 1.84137296677, 0.805884480476, 0.61384755373, 0.52930188179, 0.510658025742, 0.514371693134, 0.347342073917, 0.277140468359, 0.279267340899, 0.162999644876, 0.0695674866438, 0.0193690508604, 0.00219119130634, 6.83513862896e-05, 2.98651502817e-05], "min": [8.24315924129e-22, 1.69592664699e-21, 1.71663907989e-21, 1.40685085281e-20, 9.61213275472e-20, 1.58954025038e-19, 2.47021851056e-19, 3.64938722122e-19, 4.49013023539e-19, 9.93178597495e-19, 6.53078532355e-19, 2.34272790278e-18, 6.23112467099e-19, 7.70808305506e-19, 2.04848921234e-18, 3.7031895815e-18, 2.08414317828e-18, 3.06950140347e-18, 4.50076085043e-18, 8.81013692254e-18, 5.58525460409e-18, 9.28240163121e-18, 9.15041255677e-18, 8.41155994438e-18, 1.25432989799e-17, 1.36150049349e-17, 1.23331074232e-17, 1.94731137494e-17, 1.6926259385e-17, 1.56417686621e-17, 2.00153025168e-17, 1.46073214034e-17, 1.12950801269e-17, 1.10601045846e-17, 1.03773993379e-17, 5.45706849251e-18, 3.23908625034e-18, 1.30459079822e-18, 3.69712122943e-19, 3.66429282198e-20], "dvar2": [0.0621291548014, 5.40897369385, 22.2548007965, 35.2642440796, 349.448883057, 529.002319336, 377.352508545, 2493.5480957, 36638.2734375, 19243.7851563, 8689.86230469, 9260.50488281, 1921.36022949, 2547.07568359, 3982.73510742, 1366.13830566, 3745.73632813, 1772.54052734, 1218.20336914, 646.78137207, 185.464797974, 300.64239502, 415.267425537, 516.47479248, 427.963989258, 91.7389068604, 66.9519042969, 52.1832122803, 22.8577861786, 16.6035900116, 24.0642910004, 14.3890924454, 10.8911361694, 1.57136213779, 0.238246425986, 0.0503921210766, 0.0207673553377, 0.00418602721766, 3.08721719193e-05, 5.76870951008e-09], "dvar": [0.025184430182, 2.67231440544, 10.037320137, 13.6032381058, 130.380203247, 250.120773315, 165.116836548, 979.031433105, 16379.6113281, 8892.7578125, 3722.01171875, 3523.9609375, 781.664733887, 1190.42321777, 2037.55358887, 596.495239258, 1731.9420166, 812.871887207, 532.102172852, 296.350921631, 82.5654907227, 135.29586792, 208.238494873, 233.180496216, 189.193603516, 45.1272468567, 30.1319408417, 22.6011142731, 11.0127792358, 7.99758768082, 10.8633651733, 7.01931238174, 4.84624004364, 0.612879991531, 0.0924696996808, 0.0215141829103, 0.00875490158796, 0.00164344499353, 1.12179886855e-05, 2.33463803845e-09], "dmean": [0.0835525766015, 1.02732932568, 1.97057914734, 1.89055979252, 4.5964512825, 5.7961769104, 4.54945659637, 11.0781984329, 46.3222427368, 41.6689338684, 23.8937244415, 20.5159721375, 11.0691614151, 11.6036806107, 11.9816770554, 7.58502531052, 10.7167358398, 8.28838348389, 7.79320573807, 5.75456953049, 3.92433190346, 5.3442568779, 6.44430494308, 6.01775932312, 5.84134292603, 3.44864320755, 2.42326641083, 2.04198002815, 1.49085831642, 1.22394979, 1.14491605759, 0.803291618824, 0.50884103775, 0.25362727046, 0.141719147563, 0.0880229249597, 0.051965188235, 0.0191029421985, 0.00109943246935, 2.69613501587e-05], "max": [2.54072117805, 18.445728302, 36.5415916443, 59.3785629272, 205.255432129, 319.357391357, 340.762298584, 453.173614502, 1721.94885254, 1994.56604004, 880.579223633, 1310.93457031, 448.835571289, 1220.1126709, 1619.55700684, 616.582580566, 1424.83374023, 858.063964844, 610.662902832, 704.139282227, 201.475036621, 292.147399902, 272.804046631, 342.053527832, 336.317993164, 89.2858810425, 84.7655792236, 72.117225647, 81.4437713623, 72.7181015015, 90.2802124023, 112.639297485, 101.501792908, 32.4222946167, 9.2758808136, 2.35922050476, 1.36617207527, 0.443224877119, 0.0624450333416, 0.000788836856373], "var": [0.0435440503061, 7.63991737366, 21.269695282, 16.4503383636, 114.889724731, 524.079284668, 281.629272461, 2005.28735352, 24013.7617188, 23247.8261719, 5983.01513672, 3020.9296875, 1046.85412598, 2174.5949707, 6144.67382813, 844.142272949, 2480.02563477, 1557.04394531, 825.965454102, 552.550720215, 183.912017822, 277.782592773, 432.008789063, 371.775665283, 403.062133789, 97.7792129517, 46.9040184021, 33.0202522278, 18.9370040894, 13.5654001236, 15.2285327911, 10.3931808472, 5.98044300079, 0.672355771065, 0.115140147507, 0.0332655571401, 0.0107851400971, 0.00137648149393, 7.3001419878e-06, 2.70360267507e-09], "mean": [0.145138397813, 2.11183452606, 3.61570715904, 2.73043489456, 5.18900156021, 8.59399032593, 6.84470796585, 18.2782230377, 60.2058982849, 67.2863922119, 31.6118469238, 19.5264930725, 14.0941972733, 16.8560161591, 19.1016635895, 9.59111404419, 12.3268222809, 10.2106704712, 9.69850158691, 7.47273111343, 5.92507696152, 8.11903953552, 9.82332897186, 9.24293327332, 9.61358261108, 5.80929374695, 3.4848086834, 2.89114356041, 2.25232291222, 1.87501072884, 1.67994058132, 1.13946127892, 0.762034118176, 0.483630895615, 0.264731377363, 0.135004937649, 0.05939527601, 0.015564921312, 0.000783250259701, 4.35737783846e-05]}, "spectral_strongpeak": {"dmean2": 0.752146840096, "median": 0.471001237631, "min": 0, "dvar2": 1.24866306782, "dvar": 0.540269196033, "dmean": 0.460071474314, "max": 9.85358810425, "var": 1.01105177402, "mean": 0.837240219116}, "spectral_energy": {"dmean2": 0.0159552842379, "median": 0.0204297751188, "min": 1.0884464976e-20, "dvar2": 0.000449958781246, "dvar": 0.000224480303586, "dmean": 0.0110778370872, "max": 0.146439656615, "var": 0.000543076836038, "mean": 0.0259429328144}, "average_loudness": 0.943204879761, "spectral_rolloff": {"dmean2": 719.692565918, "median": 473.73046875, "min": 64.599609375, "dvar2": 2670172, "dvar": 1180603.125, "dmean": 425.411407471, "max": 18884.6191406, "var": 1734501, "mean": 828.659912109}, "spectral_centroid": {"dmean2": 402.71887207, "median": 871.370910645, "min": 169.533309937, "dvar2": 291694.375, "dvar": 140030.5625, "dmean": 266.548034668, "max": 11038.2548828, "var": 370246.59375, "mean": 998.792358398}, "pitch_salience": {"dmean2": 0.138202399015, "median": 0.464743167162, "min": 0.0345176123083, "dvar2": 0.015431704931, "dvar": 0.00704232696444, "dmean": 0.0890023782849, "max": 0.873362362385, "var": 0.0223369989544, "mean": 0.457393944263}, "spectral_energyband_middle_high": {"dmean2": 0.00186179252341, "median": 0.000734161585569, "min": 1.22615258157e-21, "dvar2": 1.16672972581e-05, "dvar": 5.95052824792e-06, "dmean": 0.00132240308449, "max": 0.0412581674755, "var": 1.54500812641e-05, "mean": 0.00239143171348}, "spectral_contrast_coeffs": {"dmean2": [0.0868631452322, 0.0911355987191, 0.0648824349046, 0.0513641498983, 0.0378822609782, 0.0266697201878], "median": [-0.648936212063, -0.691310107708, -0.779181778431, -0.819953560829, -0.802501440048, -0.811381936073], "min": [-0.952805280685, -0.968234300613, -0.982141852379, -0.96100217104, -0.96093660593, -0.960131525993], "dvar2": [0.00520194368437, 0.0062450026162, 0.00296900281683, 0.00189089903142, 0.00103925727308, 0.000563115929253], "dvar": [0.00211947550997, 0.00274318177253, 0.00129277317319, 0.000900672981516, 0.000485191994812, 0.000269500364084], "dmean": [0.0536601617932, 0.0585047975183, 0.0410685092211, 0.03329898417, 0.0243984218687, 0.0174731444567], "max": [-0.249374195933, -0.246697470546, -0.382025063038, -0.503683805466, -0.555787682533, -0.67378205061], "var": [0.00690693827346, 0.0132228014991, 0.0058048190549, 0.00445721810684, 0.00230855564587, 0.00139025854878], "mean": [-0.647557556629, -0.66926753521, -0.766318082809, -0.80163192749, -0.794967055321, -0.803835690022]}, "melbands_skewness": {"dmean2": 2.0220990181, "median": 3.14037179947, "min": -2.7140455246, "dvar2": 5.24993133545, "dvar": 2.75017929077, "dmean": 1.34482860565, "max": 23.4891014099, "var": 14.6460113525, "mean": 4.25769376755}, "spectral_spread": {"dmean2": 1060340.25, "median": 5561084.5, "min": 1373982.75, "dvar2": 1565911416830.0, "dvar": 790395420672, "dmean": 706415.75, "max": 41933500, "var": 3712064159740.0, "mean": 5909672.5}, "dissonance": {"dmean2": 0.0446913354099, "median": 0.454342037439, "min": 0.167533531785, "dvar2": 0.00205019093119, "dvar": 0.000822087575216, "dmean": 0.0272115748376, "max": 0.5, "var": 0.00257307547145, "mean": 0.439019531012}, "spectral_skewness": {"dmean2": 0.325291126966, "median": 1.56870770454, "min": -0.0229873284698, "dvar2": 0.143249854445, "dvar": 0.0699480846524, "dmean": 0.220832571387, "max": 7.2546710968, "var": 0.341851532459, "mean": 1.68720829487}, "spectral_flux": {"dmean2": 0.0529691316187, "median": 0.0596189722419, "min": 6.88311352359e-11, "dvar2": 0.00316046038643, "dvar": 0.00145295960829, "dmean": 0.0341309569776, "max": 0.30376496911, "var": 0.00294033042155, "mean": 0.0766035616398}, "spectral_contrast_valleys": {"dmean2": [0.712451100349, 0.767748475075, 0.622953772545, 0.604476571083, 0.513753354549, 0.380335837603], "median": [-7.32071685791, -7.40658473969, -8.16101932526, -8.70057201385, -8.21289825439, -10.1894845963], "min": [-27.6548061371, -27.1239852905, -27.2586669922, -27.1278915405, -27.3485202789, -27.2875995636], "dvar2": [0.348962694407, 0.510860741138, 0.337297588587, 0.343217521906, 0.296667546034, 0.169102817774], "dvar": [0.15639950335, 0.265551149845, 0.189113557339, 0.192109122872, 0.159316331148, 0.0974960923195], "dmean": [0.45200714469, 0.512486279011, 0.423704236746, 0.424383372068, 0.381099283695, 0.290445566177], "max": [-5.13060760498, -4.38211917877, -5.36957597733, -5.91824817657, -5.83836889267, -7.7817158699], "var": [1.35597193241, 1.85264503956, 1.77145504951, 1.65222990513, 1.55172967911, 1.21643793583], "mean": [-7.50364112854, -7.44290542603, -8.22907543182, -8.7018699646, -8.23912906647, -10.2782793045]}, "erbbands_flatness_db": {"dmean2": 0.0344817228615, "median": 0.134179130197, "min": 0.0231233965605, "dvar2": 0.0011826310074, "dvar": 0.000591576157603, "dmean": 0.0241453833878, "max": 0.484438031912, "var": 0.00398938031867, "mean": 0.149212121964}, "spectral_energyband_high": {"dmean2": 0.000298165599816, "median": 0.000138900606544, "min": 7.91671784496e-21, "dvar2": 3.43491308286e-07, "dvar": 1.7447815992e-07, "dmean": 0.000222375849262, "max": 0.00903331581503, "var": 3.56323909045e-07, "mean": 0.000373181683244}, "spectral_entropy": {"dmean2": 0.329889148474, "median": 7.48093509674, "min": 4.04501914978, "dvar2": 0.11108931154, "dvar": 0.0592155382037, "dmean": 0.235496461391, "max": 9.81282138824, "var": 0.396785587072, "mean": 7.35569095612}, "silence_rate_20dB": {"dmean2": 0, "median": 1, "min": 1, "dvar2": 0, "dvar": 0, "dmean": 0, "max": 1, "var": 0, "mean": 1}, "melbands_flatness_db": {"dmean2": 0.0490135289729, "median": 0.251452982426, "min": 0.00538685824722, "dvar2": 0.00234586000443, "dvar": 0.00123247725423, "dmean": 0.0346490964293, "max": 0.610342741013, "var": 0.00706248125061, "mean": 0.260219961405}, "barkbands": {"dmean2": [0.000238905035076, 0.00604346208274, 0.00223868875764, 0.00157658371609, 0.00250165676698, 0.00165277742781, 0.00541260140017, 0.0021629454568, 0.00148523633834, 0.0005812853924, 0.000393250084016, 0.000296116661048, 0.000351876777131, 0.000252843281487, 0.00022331935179, 0.000137602648465, 0.000147900296724, 0.000175926557858, 0.000186001474503, 0.000105575745692, 8.30951103126e-05, 5.6416636653e-05, 5.81685671932e-05, 4.89095327794e-05, 2.89228391921e-05, 3.77643482352e-05, 1.48324170368e-05], "median": [2.220681381e-05, 0.00247709779069, 0.000832072342746, 0.000432563421782, 0.000644128595013, 0.000212776765693, 0.000684918544721, 0.000171652136487, 9.31871327339e-05, 9.05072374735e-05, 3.15766556014e-05, 3.52723691321e-05, 2.03538675123e-05, 1.82321873581e-05, 2.25141066039e-05, 1.97318695427e-05, 3.47492095898e-05, 3.94486960431e-05, 5.13950253662e-05, 3.49114670826e-05, 1.757301834e-05, 1.50877358465e-05, 1.83642368938e-05, 1.5780371541e-05, 2.41134421231e-05, 1.24028674691e-05, 3.3888636608e-07], "min": [2.03558267518e-23, 1.42675434357e-23, 4.84994593454e-25, 5.08172559445e-24, 6.68824169568e-23, 3.93545950209e-23, 3.46874540919e-23, 2.85697399532e-23, 8.52225936552e-23, 9.76312400102e-24, 4.03616169872e-23, 8.43880482372e-23, 6.07240764814e-23, 4.87486630692e-23, 9.34383527911e-23, 1.06773636186e-22, 1.56395864889e-22, 1.70957770194e-22, 2.02273680109e-22, 3.02813257794e-22, 4.31465212813e-22, 5.48370460973e-22, 5.63820371222e-22, 6.7530214386e-22, 1.25194583406e-21, 1.68494772267e-21, 2.4357661957e-21], "dvar2": [5.27057522959e-07, 8.83434986463e-05, 1.43480847328e-05, 1.13719388537e-05, 3.21791267197e-05, 2.32116872212e-05, 0.000153850080096, 2.57910414803e-05, 1.58454749908e-05, 2.24428595175e-06, 2.12057670979e-06, 8.90590058589e-07, 1.88531328149e-06, 6.15664362158e-07, 4.31352191299e-07, 1.54111674533e-07, 9.7994977466e-08, 1.30335706672e-07, 2.6808874054e-07, 5.16894758107e-08, 3.76802802293e-08, 1.65918123685e-08, 2.41252742228e-08, 2.99979880936e-08, 7.0028725041e-09, 4.71975036831e-09, 1.50940837607e-09], "dvar": [2.23992913106e-07, 