{"tonal": {"thpcp": [1, 0.614888012409, 0.175359532237, 0.31481051445, 0.210902765393, 0.0490424595773, 0.049990799278, 0.0360536426306, 0.0854184702039, 0.203564196825, 0.148690953851, 0.0885065495968, 0.187274485826, 0.144892320037, 0.216273382306, 0.442263543606, 0.273943424225, 0.0303120873868, 0.0171912238002, 0.0195104051381, 0.188920632005, 0.469745725393, 0.337716162205, 0.192333132029, 0.368780463934, 0.250239491463, 0.081063054502, 0.113277934492, 0.0820759683847, 0.172260791063, 0.329213261604, 0.198775440454, 0.0445749275386, 0.0511361509562, 0.0459411814809, 0.451717227697], "hpcp": {"dmean2": [0.0262838751078, 0.0235827956349, 0.0413945876062, 0.0522232092917, 0.0555741153657, 0.0426311269403, 0.0461018644273, 0.0540583059192, 0.0917879492044, 0.116207636893, 0.0975117608905, 0.028397988528, 0.0149978343397, 0.0196667350829, 0.065797559917, 0.0964986309409, 0.106775410473, 0.0937646850944, 0.0948609188199, 0.0943051055074, 0.0443078614771, 0.0285293720663, 0.0349615998566, 0.0691574066877, 0.0831194892526, 0.0730038136244, 0.0348517149687, 0.0277463328093, 0.0367135517299, 0.112234920263, 0.123494461179, 0.13770699501, 0.0901009365916, 0.0738865435123, 0.0771653726697, 0.0345006808639], "median": [0.00544124189764, 0.00425614183769, 0.00440689688548, 0.00601678714156, 0.00497129466385, 0.00599519349635, 0.00615840544924, 0.00627175532281, 0.0296704657376, 0.0411683768034, 0.0260373856872, 0.00441420217976, 0.00203844159842, 0.00197334820405, 0.0197625420988, 0.0432138517499, 0.0337656401098, 0.0200028773397, 0.0151674384251, 0.0119347674772, 0.00655793305486, 0.00312333647162, 0.004499909468, 0.0152172017843, 0.0174699276686, 0.00806883629411, 0.00347283203155, 0.00287155131809, 0.0027450574562, 0.161010473967, 0.403459846973, 0.24886032939, 0.016546625644, 0.00418117083609, 0.00299337133765, 0.00472849654034], "min": [0, 0, 0, 0, 0, 0, 0, 0, 0, 0, 0, 0, 0, 0, 0, 0, 0, 0, 0, 0, 0, 0, 0, 0, 0, 0, 0, 0, 0, 0, 0, 0, 0, 0, 0, 0], "dvar2": [0.00628761108965, 0.00544729130343, 0.0117336697876, 0.020256338641, 0.01816342026, 0.011766997166, 0.0180832464248, 0.0183190014213, 0.0313281826675, 0.0507520362735, 0.0351338498294, 0.00869506504387, 0.00452009122819, 0.00870191119611, 0.0219106003642, 0.0359347388148, 0.0429803729057, 0.0390469916165, 0.0403489619493, 0.0414406731725, 0.0145337060094, 0.0086735310033, 0.00886657740921, 0.0238434839994, 0.0401361249387, 0.0310556739569, 0.0138765461743, 0.0137883331627, 0.014929051511, 0.0389213338494, 0.0525421015918, 0.0478944703937, 0.039045792073, 0.0355621352792, 0.0324394740164, 0.00922276079655], "dvar": [0.0026279205922, 0.00204568076879, 0.00438232487068, 0.0106427324936, 0.00803832709789, 0.0040550660342, 0.00866376329213, 0.0074156736955, 0.0115967933089, 0.0236446578056, 0.0141541427001, 0.00288472953252, 0.00154798047151, 0.00289435288869, 0.00844951998442, 0.0189531426877, 0.0189749225974, 0.0132994344458, 0.0199244637042, 0.0169765278697, 0.00560535537079, 0.00427163066342, 0.00377107760869, 0.00893550273031, 0.0176078919321, 0.0126131363213, 0.00454666046426, 0.0047770133242, 0.00491505442187, 0.0135593879968, 0.0263832267374, 0.0188630539924, 0.0130842346698, 0.0179852042347, 0.0127847259864, 0.00328455958515], "dmean": [0.0161678083241, 0.013616678305, 0.0243203677237, 0.0336860269308, 0.0346045270562, 0.0252832584083, 0.0306625235826, 0.0334502458572, 0.0554951056838, 0.0735878944397, 0.0605694949627, 0.0156871564686, 0.00834214128554, 0.0106932278723, 0.0419616214931, 0.0652562826872, 0.0675849243999, 0.0568159632385, 0.0596492774785, 0.0585982091725, 0.0261866115034, 0.018489073962, 0.0214554388076, 0.0406114794314, 0.0525748506188, 0.0451546646655, 0.0193419437855, 0.0157462991774, 0.0203391201794, 0.0670440644026, 0.0798636600375, 0.0849177464843, 0.0519246459007, 0.0453224591911, 0.0466417632997, 0.0195538885891], "max": [1, 0.885397613049, 1, 1, 1, 1, 1, 1, 1, 1, 1, 0.884544253349, 0.794218420982, 1, 1, 1, 1, 1, 1, 1, 1, 1, 0.945576012135, 1, 1, 1, 1, 1, 1, 1, 1, 1, 1, 1, 1, 0.92085146904], "var": [0.00521233212203, 0.00266400468536, 0.00944546982646, 0.058776460588, 0.0331284739077, 0.00895907636732, 0.0525520928204, 0.0276782047004, 0.0255768857896, 0.107233479619, 0.0437020324171, 0.00181907473598, 0.0010383517947, 0.00178337865509, 0.0200916603208, 0.112912409008, 0.0639094114304, 0.0240689385682, 0.102006591856, 0.0491676814854, 0.0103493174538, 0.0284100547433, 0.011463560164, 0.0248970240355, 0.0919415652752, 0.0399416312575, 0.00470276176929, 0.0109286066145, 0.00661186780781, 0.0463182516396, 0.189627155662, 0.0745891034603, 0.0243286248296, 0.10066139698, 0.0455438382924, 0.00368400639854], "mean": [0.0247173029929, 0.0178262554109, 0.0422340556979, 0.100649677217, 0.0735183134675, 0.0437609180808, 0.0925954431295, 0.0716401264071, 0.106933571398, 0.218671470881, 0.135447770357, 0.0149874184281, 0.00849997811019, 0.00964666716754, 0.0934093594551, 0.232259690762, 0.166979372501, 0.0950966253877, 0.1823387146, 0.123727679253, 0.0400805771351, 0.0560088083148, 0.0405813977122, 0.0851721167564, 0.162775233388, 0.0982819423079, 0.0220394954085, 0.025283606723, 0.0227150209248, 0.223345726728, 0.494437038898, 0.30402341485, 0.0867042466998, 0.155653983355, 0.10427813977, 0.0242484081537]}, "tuning_equal_tempered_deviation": 0.0470084324479, "chords_changes_rate": 0.0369104593992, "key_key": "C", "tuning_diatonic_strength": 0.52125954628, "key_scale": "minor", "chords_number_rate": 0.00341763510369, "tuning_frequency": 438.224517822, "tuning_nontempered_energy_ratio": 0.616503000259, "chords_histogram": [16.8147640228, 5.7416267395, 10.423787117, 5.19480514526, 1.0252904892, 0, 0, 9.70608329773, 0.991114139557, 22.1462745667, 0.786056041718, 0.888585090637, 0, 1.23034858704, 0, 0, 0.239234447479, 0, 0.0683526992798, 0, 0, 0.170881748199, 14.8325357437, 9.74026012421], "key_strength": 0.805994570255, "chords_key": "G", "chords_strength": {"dmean2": 0.00504351593554, "median": 0.523664534092, "min": -1, "dvar2": 0.00132185930852, "dvar": 0.000687732710503, "dmean": 0.0081835500896, "max": 0.665186524391, "var": 0.0346852093935, "mean": 0.492302298546}, "chords_scale": "major", "hpcp_entropy": {"dmean2": 0.495984166861, "median": 1.49170708656, "min": 0, "dvar2": 0.32108065486, "dvar": 0.127149373293, "dmean": 0.299313783646, "max": 3.34813785553, "var": 0.343113601208, "mean": 1.44897758961}}, "metadata": {"audio_properties": {"equal_loudness": 0, "codec": "mp3", "downmix": "mix", "sample_rate": 44100, "analysis_sample_rate": 44100, "bit_rate": 320000, "md5_encoded": "cb0c3ce3d957ed8e9c5aea2fb744e010", "length": 135.836730957, "replay_gain": -8.96374130249, "lossless": false}, "version": {"essentia_build_sha": "70f2e5ece6736b2c40cc944ad0e695b16b925413", "essentia": "2.1-beta2", "extractor": "music 1.0", "essentia_git_sha": "v2.1_beta2"}, "tags": {"title": ["BL\u3052\u3093\u3057\u3051\u3093 Aidez-moi, s'il vous plait! -\u50d5\u3092\u52a9\u3051\u3066\u304f\u3060\u3055\u3044!"], "albumartist": ["Various Artists"], "date": ["2007"], "genre": ["Anime"], "musicbrainz_recordingid": ["166f927a-b25b-4358-b324-731014927103"], "musicbrainz album status": ["official"], "musicbrainz_albumartistid": ["89ad4ac3-39f7-470e-963a-56509c546377"], "musicbrainz_albumid": ["73ebe44e-a8cc-449e-b163-ba06d8d537f8"], "artist": ["4-EVER"], "tracknumber": ["33/36"], "artistsort": ["4-EVER"], "album": ["Genshiken 2 Original Soundtrack"], "albumartistsort": ["Various Artists"], "musicbrainz album type": ["soundtrack"], "musicbrainz_artistid": ["c0e97d26-ce2c-498c-85de-bca2347dc270"], "file_name": "33 BL\u3052\u3093\u3057\u3051\u3093 Aidez-moi, s'il vous plait! -\u50d5\u3092\u52a9\u3051\u3066\u304f\u3060\u3055\u3044!.mp3"}}, "rhythm": {"bpm_histogram_first_peak_bpm": {"dmean2": 0, "median": 152, "min": 152, "dvar2": 0, "dvar": 0, "dmean": 0, "max": 152, "var": 0, "mean": 152}, "bpm": 150.048904419, "bpm_histogram_second_peak_spread": {"dmean2": 0, "median": 0.199999988079, "min": 0.199999988079, "dvar2": 0, "dvar": 0, "dmean": 0, "max": 0.199999988079, "var": 0, "mean": 0.199999988079}, "bpm_histogram_first_peak_weight": {"dmean2": 0, "median": 0.517964065075, "min": 0.517964065075, "dvar2": 0, "dvar": 0, "dmean": 0, "max": 0.517964065075, "var": 0, "mean": 0.517964065075}, "onset_rate": 2.25251173973, "beats_position": [0.49922901392, 0.9287981987, 1.369977355, 1.8111563921, 2.22911548615, 2.63546490669, 3.04181408882, 3.43655323982, 3.84290242195, 4.2492518425, 4.6439909935, 5.0387301445, 5.44507932663, 5.85142850876, 6.24616765976, 6.64090681076, 7.03564596176, 7.4303855896, 7.83673477173, 8.24308395386, 8.63782310486, 9.03256225586, 9.43891143799, 9.84526062012, 10.2399997711, 10.6347389221, 11.0410881042, 11.4474372864, 11.8421764374, 12.2369155884, 12.6316547394, 13.0380039215, 13.4443531036, 13.8390922546, 14.2338323593, 14.6401815414, 15.0465307236, 15.4412698746, 15.8360090256, 16.242357254, 16.6487064362, 17.0434455872, 17.4381847382, 17.8329238892, 18.2392749786, 18.6340141296, 19.0287532806, 19.4351024628, 19.8414516449, 20.247800827, 20.642539978, 21.037279129, 21.4436283112, 21.8499774933, 22.2447166443, 22.6394557953, 23.0341949463, 23.4405441284, 23.8468933105, 24.2416324615, 24.6363716125, 25.0311107635, 25.4258499146, 25.8321990967, 26.2385482788, 26.6448974609, 27.0512466431, 27.4459857941, 27.8407249451, 28.2470741272, 28.6534233093, 29.0481624603, 29.4429016113, 29.8376407623, 30.2439899445, 30.6503391266, 31.0450782776, 31.4398174286, 31.8461666107, 32.2525177002, 32.6472549438, 33.0419960022, 33.4367332458, 33.843082428, 34.2494316101, 34.6441726685, 35.0389099121, 35.4336509705, 35.8400001526, 36.2463493347, 36.6410865784, 37.0358276367, 37.4305648804, 37.8253059387, 38.2316551208, 38.638004303, 39.0443534851, 39.4507026672, 39.8454399109, 40.2401809692, 40.6349182129, 41.041267395, 41.4476165771, 41.8423576355, 42.2370948792, 42.6434440613, 43.0497932434, 43.4445343018, 43.8392753601, 44.2456245422, 44.6519737244, 45.046710968, 45.4414520264, 45.8478012085, 46.2541503906, 46.6488876343, 47.0436286926, 47.4383659363, 47.8447151184, 48.2510643005, 48.6458053589, 49.0405426025, 49.4468917847, 49.8532409668, 50.2479820251, 50.6427192688, 51.0374603271, 51.4438095093, 51.8501586914, 52.2448959351, 52.6396369934, 53.0343742371, 53.4407234192, 53.8470726013, 54.2534217834, 54.6597709656, 55.0545120239, 55.4492492676, 55.8439903259, 56.2387275696, 56.6334686279, 57.0398178101, 57.4461669922, 57.8409042358, 58.2356452942, 58.6419944763, 59.0483436584, 59.4430847168, 59.8378219604, 60.2325630188, 60.6273002625, 61.0336494446, 61.4399986267, 61.8463478088, 62.252696991, 62.6474380493, 63.042175293, 63.4369163513, 63.8432655334, 64.2496109009, 64.6443557739, 65.0507049561, 65.4454421997, 65.8517913818, 66.2465286255, 66.6412658691, 67.0476150513, 67.4423599243, 67.837097168, 68.2434463501, 68.6497955322, 69.0561447144, 69.450881958, 69.8456192017, 70.2403640747, 70.6467132568, 71.053062439, 71.4477996826, 71.8425369263, 72.2372741699, 72.632019043, 73.0383682251, 73.4447174072, 73.8394546509, 74.2341918945, 74.6405410767, 75.0468902588, 75.4532394409, 75.8479766846, 76.2543258667, 76.6490707397, 77.0438079834, 77.4385452271, 77.8332901001, 78.2280273438, 78.6227645874, 79.040725708, 79.4470748901, 79.8534240723, 80.2713851929, 80.6661224365, 81.0608596802, 81.4555969238, 81.8503417969, 82.2450790405, 82.6398162842, 83.0461654663, 83.4525146484, 83.8472518921, 84.2419967651, 84.6483459473, 85.0546951294, 85.449432373, 85.8441696167, 86.2505187988, 86.6452560425, 87.0516052246, 87.4463500977, 87.8410873413, 88.235824585, 88.6305618286, 89.0253067017, 89.4316558838, 89.8380050659, 90.244354248, 90.6507034302, 91.0454406738, 91.4401779175, 91.8349151611, 92.2412643433, 92.6476211548, 93.0423583984, 93.4370956421, 93.8434448242, 94.2497940063, 94.64453125, 95.039276123, 95.4456253052, 95.8519744873, 96.246711731, 96.6414489746, 97.0361862183, 97.4309310913, 97.8372802734, 98.2436294556, 98.6383666992, 99.0331039429, 99.439453125, 99.8458023071, 100.240539551, 100.635284424, 101.041633606, 101.447982788, 101.842720032, 102.249069214, 102.643806458, 103.05015564, 103.444892883, 103.839637756, 104.234375, 104.640724182, 105.047073364, 105.441810608, 105.836547852, 106.242897034, 106.649246216, 107.043991089, 107.438728333, 107.833465576, 108.239814758, 108.64616394, 109.040908813, 109.435646057, 109.830383301, 110.236732483, 110.643081665, 111.037818909, 111.444168091, 111.850517273, 112.245262146, 112.63999939, 113.046348572, 113.452697754, 113.847434998, 114.242172241, 114.636917114, 115.043266296, 115.43800354, 115.844352722, 116.239089966, 116.633827209, 117.040176392, 117.446525574, 117.841270447, 118.23600769, 118.630744934, 119.037094116, 119.443443298, 119.838180542, 120.232925415, 120.639274597, 121.045623779, 121.440361023, 121.835098267, 122.22983551, 122.624580383, 123.030929565, 123.437278748, 123.84362793, 124.249977112, 124.644714355, 125.039451599, 125.445800781, 125.852149963, 126.246894836, 126.64163208, 127.047981262, 127.454330444, 127.849067688, 128.243804932, 128.650161743, 129.068115234, 129.497680664, 129.927261353, 130.356826782, 130.844436646, 131.332061768, 131.81968689, 132.307296753, 132.794921875, 133.282531738, 133.781768799, 134.280990601, 134.768615723, 135.256240845], "beats_loudness": {"dmean2": 0.0156366042793, "median": 0.00625506509095, "min": 0, "dvar2": 0.000662635313347, "dvar": 0.00024652632419, "dmean": 0.00929805729538, "max": 0.131652861834, "var": 0.000586356094573, "mean": 0.016529738903}, "danceability": 0.874139428139, "bpm_histogram_second_peak_weight": {"dmean2": 0, "median": 0.0239520967007, "min": 0.0239520967007, "dvar2": 0, "dvar": 0, "dmean": 0, "max": 0.0239520967007, "var": 0, "mean": 0.0239520967007}, "beats_count": 335, "bpm_histogram_second_peak_bpm": {"dmean2": 0, "median": 123, "min": 123, "dvar2": 0, "dvar": 0, "dmean": 0, "max": 123, "var": 0, "mean": 123}, "bpm_histogram_first_peak_spread": {"dmean2": 0, "median": 0.449044585228, "min": 0.449044585228, "dvar2": 0, "dvar": 0, "dmean": 0, "max": 0.449044585228, "var": 0, "mean": 0.449044585228}, "beats_loudness_band_ratio": {"dmean2": [0.265971451998, 0.317302525043, 0.237382769585, 0.145871326327, 0.0411560982466, 0.0604473613203], "median": [0.263432860374, 0.375243157148, 0.185365781188, 0.0750959813595, 0.0251157991588, 0.0208087265491], "min": [0, 0, 0, 0, 0, 0], "dvar2": [0.0670040547848, 0.0650334507227, 0.0419444665313, 0.0225169230253, 0.0028484123759, 0.0139607125893], "dvar": [0.0298735629767, 0.0252867806703, 0.020244833082, 0.00888243876398, 0.00103666505311, 0.0071287881583], "dmean": [0.17817427218, 0.183218792081, 0.141909867525, 0.0826766043901, 0.0237202402204, 0.0357197895646], "max": [0.983757674694, 0.939289689064, 0.772717833519, 0.838571965694, 0.338561117649, 0.997447907925], "var": [0.0750312432647, 0.0567870251834, 0.0374799631536, 0.0152214672416, 0.00161743292119, 0.00721981143579], "mean": [0.341538488865, 0.388479828835, 0.224520206451, 0.117204293609, 0.0357136018574, 0.0412511751056]}}, "lowlevel": {"barkbands_spread": {"dmean2": 4.37197446823, "median": 10.4397220612, "min": 0.249298065901, "dvar2": 51.5273857117, "dvar": 20.3907394409, "dmean": 2.72304821014, "max": 109.207435608, "var": 95.8576431274, "mean": 12.3689537048}, "melbands_spread": {"dmean2": 4.68440675735, "median": 9.94720077515, "min": 0.603817224503, "dvar2": 51.0856170654, "dvar": 21.1323432922, "dmean": 2.96665930748, "max": 169.278152466, "var": 412.278320312, "mean": 14.6662445068}, "hfc": {"dmean2": 2.20942306519, "median": 2.48157906532, "min": 1.06085880473e-16, "dvar2": 21.3978061676, "dvar": 11.392706871, "dmean": 1.59269785881, "max": 99.9006271362, "var": 139.236587524, "mean": 7.52390193939}, "barkbands_kurtosis": {"dmean2": 7.52427721024, "median": 6.74736404419, "min": -1.92359638214, "dvar2": 850.917785645, "dvar": 421.6328125, "dmean": 4.93048858643, "max": 1060.78271484, "var": 1403.53649902, "mean": 15.9106960297}, "gfcc": {"mean": [-140.307800293, 106.728111267, -112.845733643, 16.5779628754, -61.7898826599, -2.31458806992, -43.5684165955, -16.9203166962, -26.8573589325, -11.443400383, -17.771938324, -8.3888168335, -9.71222877502], "icov": [[0.00023224457982, -0.000481593422592, 0.000501493923366, 9.7384036053e-05, 0.000603263091762, -0.000727437145542, 0.000692076282576, -0.000319467158988, 0.000563360052183, -0.000493660860229, 0.000912849209271, -0.000685704289936, 0.000826302857604], [-0.000481593422592, 0.00247460464016, 0.000297620892525, 8.87708374648e-05, -0.00247845309786, 0.00208556186408, -0.000873179698829, 0.00130442285445, -0.0019703891594, 0.0022626623977, -0.00234473729506, 0.00255395518616, -0.00153602880891], [0.000501493923366, 0.000297620892525, 0.00428761867806, 0.000130433880258, -0.0013841537293, -0.00114059820771, 0.00197514449246, -0.000911324692424, -0.000378988101147, -0.000584201246966, 0.0033967141062, -0.00208156718872, 0.00308784213848], [9.7384036053e-05, 8.87708374648e-05, 0.000130433880258, 0.00238923029974, 0.00132865691558, -0.00195315573364, -0.000186923338333, 0.00174486602191, 0.000213023056858, 0.000591612420976, 0.000132380810101, -0.000313746742904, 0.0010897006141], [0.000603263091762, -0.00247845309786, -0.0013841537293, 0.00132865691558, 0.00808429997414, -0.00350704835728, -0.00147408246994, 0.00131747568958, 0.00272039114498, -0.00103798124474, 0.000785431708209, -0.00104585988447, 0.00128386681899], [-0.000727437145542, 0.00208556186408, -0.00114059820771, -0.00195315573364, -0.00350704835728, 0.0101094059646, -0.00154070009012, -0.00324865756556, 0.00135428551584, -0.000161675459822, -0.000499122834299, 0.00231167976744, -0.00334252370521], [0.000692076282576, -0.000873179698829, 0.00197514449246, -0.000186923338333, -0.00147408246994, -0.00154070009012, 0.0103372009471, -0.00402081711218, -0.000763620133512, 0.0020099603571, 0.000713410321623, -0.000952078320552, 0.00194287253544], [-0.000319467158988, 0.00130442285445, -0.000911324692424, 0.00174486602191, 0.00131747568958, -0.00324865756556, -0.00402081711218, 0.0109305391088, -0.00360718811862, 0.000366825261153, 0.00122040079441, -0.000373807357391, 0.000485396943986], [0.000563360052183, -0.0019703891594, -0.000378988101147, 0.000213023056858, 0.00272039114498, 0.00135428551584, -0.000763620133512, -0.00360718811862, 0.0116289341822, -0.0058360635303, 7.73070278228e-05, 0.0016387484502, -0.000243338683504], [-0.000493660860229, 0.0022626623977, -0.000584201246966, 0.000591612420976, -0.00103798124474, -0.000161675459822, 0.0020099603571, 0.000366825261153, -0.0058360635303, 0.0147036900744, -0.00871525425464, -0.000259189488133, 0.00171863648575], [0.000912849209271, -0.00234473729506, 0.0033967141062, 0.000132380810101, 0.000785431708209, -0.000499122834299, 0.000713410321623, 0.00122040079441, 7.73070278228e-05, -0.00871525425464, 0.018671117723, -0.00893861800432, 0.00291859381832], [-0.000685704289936, 0.00255395518616, -0.00208156718872, -0.000313746742904, -0.00104585988447, 0.00231167976744, -0.000952078320552, -0.000373807357391, 0.0016387484502, -0.000259189488133, -0.00893861800432, 0.0154634332284, -0.00857408717275], [0.000826302857604, -0.00153602880891, 0.00308784213848, 0.0010897006141, 0.00128386681899, -0.00334252370521, 0.00194287253544, 0.000485396943986, -0.000243338683504, 0.00171863648575, 0.00291859381832, -0.00857408717275, 0.01616955176]], "cov": [[35834.0898438, 1846.12890625, -3213.46362305, 864.676940918, -2108.93920898, 1027.12145996, -1709.91809082, 25.3857288361, -1297.74645996, -56.7061576843, -746.856689453, -64.8008728027, -429.031097412], [1846.12890625, 2847.31616211, -942.900268555, -524.886047363, 332.263549805, -603.923522949, 67.8689346313, -448.715087891, 164.957138062, -209.34677124, 192.350616455, -281.895202637, 86.203453064], [-3213.46362305, -942.900268555, 933.776306152, 72.457359314, 187.336517334, 183.963241577, 105.76260376, 181.486816406, 26.484588623, 15.5464172363, -120.093963623, 26.0709686279, -69.313117981], [864.676940918, -524.886047363, 72.457359314, 738.919067383, -174.477859497, 245.037582397, -72.7773284912, 8.99528217316, -152.596176147, -34.9102897644, -107.833244324, 21.1747188568, -52.5951881409], [-2108.93920898, 332.263549805, 187.336517334, -174.477859497, 416.0390625, -66.6383132935, 163.245529175, -56.5722846985, 44.3489608765, -70.8212661743, 25.4249897003, -58.1762809753, 23.3501758575], [1027.12145996, -603.923522949, 183.963241577, 245.037582397, -66.6383132935, 383.261505127, -27.4627876282, 163.092376709, -140.498474121, -12.9167222977, -145.724609375, 23.392988205, -40.6147270203], [-1709.91809082, 67.8689346313, 105.76260376, -72.7773284912, 163.245529175, -27.4627876282, 241.660583496, 46.8596725464, 74.3493270874, -51.8631248474, 7.78860902786, -39.8487243652, 13.5484294891], [25.3857288361, -448.715087891, 181.486816406, 8.99528217316, -56.5722846985, 163.092376709, 46.8596725464, 245.895294189, 12.5390291214, 25.8572921753, -76.5871658325, 16.4478321075, -34.0073890686], [-1297.74645996, 164.957138062, 26.484588623, -152.596176147, 44.3489608765, -140.498474121, 74.3493270874, 12.5390291214, 236.748336792, 79.4836502075, 98.2035293579, -13.9193458557, 15.3475971222], [-56.7061576843, -209.34677124, 15.5464172363, -34.9102897644, -70.8212661743, -12.9167222977, -51.8631248474, 25.8572921753, 79.4836502075, 201.752471924, 112.255012512, 85.4196853638, -4.41168403625], [-746.856689453, 192.350616455, -120.093963623, -107.833244324, 25.4249897003, -145.724609375, 7.78860902786, -76.5871658325, 98.2035293579, 112.255012512, 222.441070557, 87.6254425049, 51.7206611633], [-64.8008728027, -281.895202637, 26.0709686279, 21.1747188568, -58.1762809753, 23.392988205, -39.8487243652, 16.4478321075, -13.9193458557, 85.4196853638, 87.6254425049, 189.102371216, 59.0451126099], [-429.031097412, 86.203453064, -69.313117981, -52.5951881409, 23.3501758575, -40.6147270203, 13.5484294891, -34.0073890686, 15.3475971222, -4.41168403625, 51.7206611633, 59.0451126099, 120.555885315]]}, "spectral_energyband_middle_low": {"dmean2": 0.00369349704124, "median": 0.00406833272427, "min": 1.69099668285e-22, "dvar2": 5.53570826014e-05, "dvar": 2.133221642e-05, "dmean": 0.00234080688097, "max": 0.128895655274, "var": 0.000274506746791, "mean": 0.0102387983352}, "melbands_crest": {"dmean2": 3.13516354561, "median": 16.3141155243, "min": 1.47812581062, "dvar2": 11.568734169, "dvar": 4.64154529572, "dmean": 1.94153857231, "max": 34.7156829834, "var": 48.1213569641, "mean": 16.8691005707}, "spectral_kurtosis": {"dmean2": 7.28977632523, "median": 4.58480405807, "min": -1.26868283749, "dvar2": 186.144302368, "dvar": 65.4449996948, "dmean": 4.20613336563, "max": 225.372528076, "var": 305.859710693, "mean": 11.6311445236}, "spectral_rms": {"dmean2": 0.000477658410091, "median": 0.00221934355795, "min": 3.12625272891e-12, "dvar2": 4.13699922319e-07, "dvar": 1.71111352643e-07, "dmean": 0.000311038689688, "max": 0.0116632673889, "var": 4.83527446704e-06, "mean": 0.00289183552377}, "zerocrossingrate": {"dmean2": 0.00844729039818, "median": 0.0380859375, "min": 0.0068359375, "dvar2": 0.000268953794148, "dvar": 0.00016762825544, "dmean": 0.00682925991714, "max": 0.8447265625, "var": 0.00754504464567, "mean": 0.0558418147266}, "silence_rate_60dB": {"dmean2": 0.117626942694, "median": 0, "min": 0, "dvar2": 0.127042487264, "dvar": 0.0553467534482, "dmean": 0.0588034205139, "max": 1, "var": 0.219521075487, "mean": 0.325414448977}, "erbbands_kurtosis": {"dmean2": 1.28441989422, "median": 0.244887828827, "min": -1.77671968937, "dvar2": 4.5828576088, "dvar": 2.23640227318, "dmean": 0.847674190998, "max": 55.9743537903, "var": 15.7587299347, "mean": 1.31766700745}, "erbbands": {"dmean2": [0.0018904103199, 0.0381971113384, 0.28373426199, 1.4057905674, 6.26931428909, 6.08271503448, 11.6652431488, 7.5517244339, 11.3913812637, 8.17883300781, 8.10693740845, 6.12878656387, 8.56135845184, 4.92719554901, 9.03099822998, 10.9001817703, 9.46322536469, 16.9552288055, 10.3925857544, 4.22277116776, 2.19615054131, 1.7774463892, 0.757469534874, 1.2371557951, 0.710508882999, 0.448449850082, 0.428078770638, 0.419069319963, 0.326726973057, 0.401546597481, 0.297325074673, 0.227411046624, 0.124560326338, 0.103157147765, 0.0536906085908, 0.0213186629117, 0.00670460425317, 0.00165393692441, 0.000209932899452, 1.29029658638e-05], "median": [0.000619965605438, 0.00892054475844, 0.0940860882401, 0.992129802704, 3.8962688446, 3.10377454758, 2.03650021553, 1.91800415516, 1.44386661053, 1.03572165966, 1.37792134285, 0.964007973671, 1.28801298141, 1.17351603508, 1.60639035702, 1.34858107567, 1.20295000076, 1.25568473339, 1.06394910812, 1.06161761284, 1.01383960247, 0.945114791393, 0.57442766428, 0.586641430855, 0.523836195469, 0.45139425993, 0.40986636281, 0.347597748041, 0.255335748196, 0.197775214911, 0.145150020719, 0.0920246616006, 0.0366292856634, 0.0176419578493, 0.00615739449859, 0.00175543490332, 0.000402801088057, 6.39521094854e-05, 1.71355241037e-05, 8.50129163155e-06], "min": [3.72503558879e-23, 4.95840756031e-22, 1.05683773727e-21, 5.63460933377e-21, 1.05430049807e-20, 2.33586596138e-20, 4.27417728815e-20, 7.40592832371e-20, 6.00767384848e-20, 2.00741108708e-19, 1.95630399143e-19, 3.88690231134e-19, 5.57406771008e-19, 3.74680040455e-19, 7.85428671134e-19, 1.12974167053e-18, 1.57538563913e-18, 2.10342103605e-18, 2.87257596261e-18, 2.5111034116e-18, 3.40439643461e-18, 3.68330043726e-18, 5.17634572649e-18, 5.86848703609e-18, 7.25364357161e-18, 6.83673916621e-18, 1.05628242799e-17, 9.90786432522e-18, 1.12499582516e-17, 1.1619302667e-17, 1.026871525e-17, 9.36092257803e-18, 8.59921413815e-18, 7.41656175634e-18, 5.42344111907e-18, 4.20563521558e-18, 2.29383656549e-18, 9.64428694535e-19, 2.32562372057e-19, 2.59502019327e-20], "dvar2": [1.41829359563e-05, 0.01241103746, 0.827013552189, 12.2184829712, 287.644714355, 242.970672607, 1303.35205078, 458.494049072, 1206.62316895, 644.85369873, 837.232543945, 418.490509033, 814.653015137, 320.058990479, 1265.45324707, 2340.40136719, 2816.21777344, 5185.96728516, 1918.80310059, 435.829956055, 82.4426574707, 22.6638526917, 5.08369588852, 22.6876659393, 4.78489398956, 0.799223065376, 0.839877963066, 1.0003169775, 0.567632913589, 4.82521820068, 1.06830537319, 0.488620221615, 0.152561441064, 0.0936410352588, 0.0248602684587, 0.00489636696875, 0.000504336843733, 4.64603290311e-05, 5.60043588393e-07, 1.70188541038e-09], "dvar": [6.20618084213e-06, 0.00479502975941, 0.279287934303, 3.86535358429, 102.475601196, 93.7414627075, 430.899261475, 175.291229248, 390.385559082, 277.962982178, 638.787841797, 245.557998657, 398.016845703, 195.965209961, 796.191345215, 1330.01257324, 1462.17492676, 2843.39770508, 923.333679199, 212.759063721, 49.6845092773, 8.53388118744, 3.40490889549, 11.6278324127, 2.08109164238, 0.372370541096, 0.369799435139, 0.441614955664, 0.278729081154, 1.97460985184, 0.467686504126, 0.221817746758, 0.0705654546618, 0.044032536447, 0.0118380133063, 0.00225272029638, 0.000262158719124, 2.1602585548e-05, 2.65765237373e-07, 7.00163094169e-10], "dmean": [0.00113930820953, 0.023348307237, 0.170860826969, 0.850317776203, 3.91221022606, 3.80720186234, 6.9165725708, 4.56969118118, 6.67689657211, 5.34102249146, 6.56649255753, 4.39345550537, 6.11271572113, 3.73011159897, 7.15837526321, 8.32753372192, 6.7462310791, 12.9884815216, 7.50369739532, 2.89435100555, 1.55482399464, 1.13928747177, 0.532647788525, 0.845697939396, 0.456761598587, 0.293116807938, 0.280563682318, 0.28850415349, 0.227399066091, 0.276401698589, 0.208500996232, 0.162288606167, 0.0901501253247, 0.0737810730934, 0.0375389121473, 0.0150278620422, 0.00480142934248, 0.0011709977407, 0.000148960039951, 8.69419091032e-06], "max": [0.0994465500116, 1.97265601158, 19.4663066864, 36.0015678406, 387.118713379, 211.995697021, 431.374237061, 388.570892334, 533.292541504, 435.534454346, 853.885620117, 463.282958984, 521.803100586, 534.420959473, 1073.99963379, 1255.84326172, 1156.43371582, 1723.63366699, 769.163391113, 590.76776123, 383.711364746, 65.0614089966, 102.137466431, 148.016311646, 61.7722358704, 15.3420209885, 15.8197059631, 22.1399555206, 7.64335823059, 58.7729682922, 23.8906440735, 7.03906440735, 6.23519229889, 2.83858084679, 1.59022450447, 0.887507915497, 0.339690715075, 0.150952830911, 0.0116345481947, 0.000823276699521], "var": [4.08771593357e-05, 0.0208555925637, 0.82141572237, 14.2687883377, 1104.8692627, 529.085754395, 1318.53125, 659.86541748, 1048.12243652, 1604.0222168, 3215.24560547, 939.513000488, 1791.19055176, 1061.23828125, 4996.07763672, 7609.14355469, 4502.65625, 9482.859375, 3268.4230957, 694.429992676, 228.780395508, 23.9253120422, 19.6771125793, 60.0384483337, 6.7141699791, 1.14227104187, 1.18129658699, 1.60710287094, 0.931792497635, 2.41912651062, 0.9682700634, 0.468403458595, 0.156660288572, 0.0808751508594, 0.0217568911612, 0.00362053047866, 0.000444602570496, 2.83979334199e-05, 3.78391746381e-07, 1.4382013358e-09], "mean": [0.00240626791492, 0.0511889792979, 0.379346370697, 2.51607060432, 14.4061889648, 11.626657486, 16.5407505035, 12.0615625381, 15.2754821777, 14.7902336121, 16.8055019379, 10.4707603455, 16.1758480072, 11.1568975449, 21.6573734283, 23.9097728729, 15.8527364731, 29.330373764, 16.9504184723, 6.60734605789, 3.77595281601, 2.60736846924, 1.46328020096, 2.04319930077, 1.13734352589, 0.798509776592, 0.76600086689, 0.779654562473, 0.64182472229, 0.611558556557, 0.503060877323, 0.339196920395, 0.18407446146, 0.128445833921, 0.0620410069823, 0.022834578529, 0.00695080403239, 0.00151312141679, 0.000191689701751, 2.36183150264e-05]}, "spectral_strongpeak": {"dmean2": 0.575215399265, "median": 0.441358238459, "min": 0, "dvar2": 1.60948073864, "dvar": 0.642232120037, "dmean": 0.339719414711, "max": 11.4504203796, "var": 1.35507404804, "mean": 0.796834588051}, "spectral_energy": {"dmean2": 0.00413971673697, "median": 0.00504862330854, "min": 1.00177929516e-20, "dvar2": 6.61710364511e-05, "dvar": 2.70909113169e-05, "dmean": 0.00267468369566, "max": 0.139432609081, "var": 0.00043841425213, "mean": 0.0135278841481}, "average_loudness": 0.057696916163, "spectral_rolloff": {"dmean2": 334.772583008, "median": 602.9296875, "min": 150.732421875, "dvar2": 587259.6875, "dvar": 244763.421875, "dmean": 187.433761597, "max": 19875.1464844, "var": 10025653, "mean": 1293.19128418}, "spectral_centroid": {"dmean2": 176.457305908, "median": 646.779602051, "min": 176.357894897, "dvar2": 89447.2578125, "dvar": 39163.9414062, "dmean": 110.010398865, "max": 11815.2822266, "var": 2374833, "mean": 932.09765625}, "pitch_salience": {"dmean2": 0.0740645155311, "median": 0.465447068214, "min": 0.0495783165097, "dvar2": 0.00566050270572, "dvar": 0.00231511704624, "dmean": 0.0459169000387, "max": 0.9505905509, "var": 0.0234867092222, "mean": 0.457695066929}, "spectral_energyband_middle_high": {"dmean2": 0.000968097650912, "median": 0.00037847989006, "min": 1.14334414841e-21, "dvar2": 6.7908690653e-06, "dvar": 3.85343901144e-06, "dmean": 0.0007372283726, "max": 0.0522789806128, "var": 3.38642857969e-05, "mean": 0.0027214998845}, "spectral_contrast_coeffs": {"dmean2": [0.0674256905913, 0.055915877223, 0.0409815274179, 0.0344326421618, 0.0299815200269, 0.0270655285567], "median": [-0.523820638657, -0.69428050518, -0.73602771759, -0.7370262146, -0.733852982521, -0.718661665916], "min": [-0.982300639153, -0.975061118603, -0.975443482399, -0.97188526392, -0.967840731144, -0.965187847614], "dvar2": [0.00320467795245, 0.00266895163804, 0.00137549475767, 0.00124749739189, 0.00112251692917, 0.00118528702296], "dvar": [0.00113758502994, 0.000987334060483, 0.00059208588209, 0.000542852154467, 0.000458157534013, 0.000475273118354], "dmean": [0.0402610749006, 0.0336468666792, 0.0258868467063, 0.022160904482, 0.0185387749225, 0.0167261622846], "max": [-0.211690485477, -0.346066296101, -0.487069875002, -0.47703564167, -0.593940496445, -0.60468506813], "var": [0.0144568756223, 0.00881764199585, 0.0058835525997, 0.00549427745864, 0.00337581383064, 0.00332378270105], "mean": [-0.536178529263, -0.693172156811, -0.733730912209, -0.733973920345, -0.740434169769, -0.728762090206]}, "melbands_skewness": {"dmean2": 0.884580135345, "median": 3.34981918335, "min": -1.20021367073, "dvar2": 1.18514728546, "dvar": 0.528217971325, "dmean": 0.5755007267, "max": 17.2393455505, "var": 7.01682186127, "mean": 3.81007552147}, "spectral_spread": {"dmean2": 658452.0625, "median": 4053484.75, "min": 528244.5, "dvar2": 1939846332420.0, "dvar": 800711049216, "dmean": 411296.5, "max": 43379232, "var": 32521689497600.0, "mean": 4789339}, "dissonance": {"dmean2": 0.0338767021894, "median": 0.443577796221, "min": 0.237789973617, "dvar2": 0.00122762052342, "dvar": 0.000435612804722, "dmean": 0.0197931546718, "max": 0.499980926514, "var": 0.00164875935297, "mean": 0.435909062624}, "spectral_skewness": {"dmean2": 0.554143548012, "median": 1.74864077568, "min": -0.094936683774, "dvar2": 0.661246836185, "dvar": 0.230904474854, "dmean": 0.322047770023, "max": 12.3847007751, "var": 1.54985260963, "mean": 2.22284889221}, "spectral_flux": {"dmean2": 0.0144418012351, "median": 0.0174677874893, "min": 6.29516924699e-11, "dvar2": 0.000411843095208, "dvar": 0.000167393751326, "dmean": 0.00889175850898, "max": 0.239806190133, "var": 0.000880059844349, "mean": 0.0288066435605}, "spectral_contrast_valleys": {"dmean2": [0.684344351292, 0.475129127502, 0.427572727203, 0.378768593073, 0.352734297514, 0.455053925514], "median": [-8.80255699158, -8.06491374969, -8.68845367432, -9.22416591644, -9.5887594223, -12.3652582169], "min": [-28.1593494415, -28.3607368469, -28.0406017303, -27.868844986, -27.5335330963, -27.3978233337], "dvar2": [0.353580206633, 0.218252614141, 0.212020918727, 0.220799297094, 0.287771761417, 0.575623929501], "dvar": [0.139329358935, 0.110968403518, 0.109444320202, 0.1188602373, 0.144727319479, 0.259199380875], "dmean": [0.409319877625, 0.292207449675, 0.268508464098, 0.240584313869, 0.224972829223, 0.295902460814], "max": [-5.81066274643, -4.53765821457, -5.42986726761, -6.72139120102, -7.43933773041, -9.34610176086], "var": [8.68400192261, 9.85656929016, 9.06469345093, 8.44797801971, 7.91605949402, 6.25511074066], "mean": [-9.28534507751, -8.34614849091, -9.14954280853, -9.77086734772, -10.2102069855, -12.7991447449]}, "erbbands_flatness_db": {"dmean2": 0.0208826567978, "median": 0.184137478471, "min": 0.0597848184407, "dvar2": 0.000705773185473, "dvar": 0.000324282678775, "dmean": 0.0137430308387, "max": 0.453191757202, "var": 0.0046943416819, "mean": 0.197177812457}, "spectral_energyband_high": {"dmean2": 4.58554422949e-05, "median": 4.12481276726e-05, "min": 6.77105411732e-21, "dvar2": 1.52561288047e-08, "dvar": 7.07188485549e-09, "dmean": 3.44158797816e-05, "max": 0.001403108472, "var": 1.78224244252e-08, "mean": 9.24534178921e-05}, "spectral_entropy": {"dmean2": 0.251576989889, "median": 6.66427707672, "min": 4.29230213165, "dvar2": 0.148011624813, "dvar": 0.0625249147415, "dmean": 0.158989697695, "max": 9.81863307953, "var": 0.603046000004, "mean": 6.72433853149}, "silence_rate_20dB": {"dmean2": 0, "median": 1, "min": 1, "dvar2": 0, "dvar": 0, "dmean": 0, "max": 1, "var": 0, "mean": 1}, "melbands_flatness_db": {"dmean2": 0.0286443568766, "median": 0.260211706161, "min": 0.000910787610337, "dvar2": 0.00136991706677, "dvar": 0.000640647369437, "dmean": 0.0185618624091, "max": 0.623609423637, "var": 0.00856818910688, "mean": 0.261918663979}, "barkbands": {"dmean2": [4.42886266683e-06, 0.000131476743263, 0.00032975996146, 0.000799134781118, 0.00193665886763, 0.00128498382401, 0.000680411234498, 0.000383910286473, 0.000263111345703, 0.000249882781645, 0.00023937439255, 0.000248210068094, 0.00019499748305, 0.000420279655373, 6.71445304761e-05, 5.00274145452e-05, 4.09052408941e-05, 1.43892784763e-05, 2.08989949897e-05, 1.0729278074e-05, 1.11518529593e-05, 1.01979167084e-05, 1.08001931949e-05, 8.71722113516e-06, 7.86355303717e-06, 4.07924881074e-06, 1.16028058983e-06], "median": [1.299511041e-06, 2.69012307399e-05, 6.63272803649e-05, 0.000483663461637, 0.00128716148902, 0.00029235065449, 7.48039819882e-05, 6.05937348155e-05, 2.71146727755e-05, 3.70564957848e-05, 3.39706348313e-05, 2.39401506406e-05, 1.97308363568e-05, 2.10636226257e-05, 1.83252195711e-05, 1.27362764033e-05, 1.9546430849e-05, 8.16512329038e-06, 1.19949418149e-05, 9.30498663365e-06, 9.45499050431e-06, 7.58666101319e-06, 5.2331729421e-06, 3.10142081617e-06, 1.11412134629e-06, 2.7050887752e-07, 4.79022332911e-08], "min": [7.0347712766e-26, 1.71161517189e-24, 1.41921746787e-25, 7.53345203977e-25, 7.69696397276e-24, 8.28441133393e-24, 7.29735701489e-24, 9.90161799927e-24, 1.58443375457e-23, 1.09740531007e-23, 1.46701701531e-23, 1.89656171785e-23, 2.97388665246e-23, 1.90975888748e-23, 3.52941323042e-23, 6.50367474958e-23, 6.03281629703e-23, 7.6578520913e-23, 1.21302800608e-22, 1.60230082298e-22, 2.62430723371e-22, 3.48918075628e-22, 3.87960329062e-22, 4.80533320373e-22, 6.85164848929e-22, 1.29319470184e-21, 1.88084897177e-21], "dvar2": [4.82699956394e-11, 1.42911019907e-07, 1.34269998853e-06, 4.04413140132e-06, 2.07679568121e-05, 1.48623857967e-05, 4.06934486818e-06, 1.42618875998e-06, 8.28068152714e-07, 6.9518324608e-07, 7.39940560379e-07, 1.17794979815e-06, 1.53527787461e-06, 2.76952278e-06, 1.18429440477e-07, 6.97036526276e-08, 1.37000784051e-08, 1.49927570359e-09, 6.3009415463e-09, 6.79803491277e-10, 6.42990549693e-10, 7.15887238378e-10, 1.72702785406e-09, 6.28204321895e-10, 4.96001018035e-10, 1.97670602109e-10, 1.70386482701e-11], "dvar": [1.70315931497e-11, 5.59016335444e-08, 4.38822240767e-07, 1.32402885811e-06, 7.88422312326e-06, 5.0766179811e-06, 1.33532205382e-06, 9.44552141391e-07, 5.35739616225e-07, 3.81417521567e-07, 4.66959733103e-07, 7.21868389064e-07, 7.88479496805e-07, 1.43994805057e-06, 5.30550039457e-08, 4.25186748032e-08, 5.15061238104e-09, 9.04908648014e-10, 3.10232661782e-09, 3.49806211775e-10, 2.74045064419e-10, 3.2955765894e-10, 7.54229512179e-10, 2.82136175533e-10, 2.31252919591e-10, 9.5372099107e-11, 8.17133166686e-12], "dmean": [2.55105692304e-06, 8.028477896e-05, 0.000196411798242, 0.000488237186801, 0.00122717430349, 0.000770308077335, 0.000397573778173, 0.000291179923806, 0.000190287668374, 0.000183182230103, 0.000189080034033, 0.000190588689293, 0.000136051996378, 0.000314146454912, 4.52136009699e-05, 3.58205179509e-05, 2.64734262601e-05, 9.8039945442e-06, 1.37796168929e-05, 7.15040368959e-06, 7.45543047742e-06, 7.06821310814e-06, 7.75483931648e-06, 6.15619956079e-06, 5.54320604351e-06, 2.96205439554e-06, 8.40971722482e-07], "max": [7.31561158318e-05, 0.0070117120631, 0.0235920511186, 0.0223462991416, 0.0877047404647, 0.0432412363589, 0.0285797771066, 0.0284505300224, 0.0304244812578, 0.0204140134156, 0.0222208369523, 0.0346152372658, 0.0290623866022, 0.0326428227127, 0.00746920518577, 0.0116088204086, 0.00247371778823, 0.00145895313472, 0.00296568777412, 0.000836887513287, 0.00045111993677, 0.000383315957151, 0.000875119061675, 0.000295738020213, 0.000201317481697, 0.000229314973694, 7.69068064983e-05], "var": [1.96775755412e-11, 2.47948435117e-07, 1.07471976207e-06, 4.19231400883e-06, 9.09740774659e-05, 1.61287807714e-05, 4.6545751502e-06, 5.85870429859e-06, 1.8539778921e-06, 2.10628650166e-06, 3.13222585646e-06, 4.18152467319e-06, 1.99235773835e-06, 4.89242120238e-06, 1.79383235377e-07, 1.95209992171e-07, 1.33702107163e-08, 4.66175009706e-09, 1.50423211664e-08, 1.0292343644e-09, 9.00719443475e-10, 8.67093397083e-10, 1.42573641781e-09, 6.10462735917e-10, 4.40540687263e-10, 1.5690806987e-10, 1.15856890054e-11], "mean": [2.89735021397e-06, 0.000167409874848, 0.000403625919716, 0.00129708379973, 0.00468133576214, 0.00191183306742, 0.000923153711483, 0.00080995564349, 0.000399175769417, 0.000493088969961, 0.000558231200557, 0.000527376658283, 0.000269760173978, 0.000688916654326, 9.94234287646e-05, 7.70628394093e-05, 5.73040633753e-05, 2.35666229855e-05, 3.37909987138e-05, 1.82316634891e-05,