{"tonal": {"thpcp": [1, 0.620491087437, 0.190499946475, 0.151248425245, 0.16581569612, 0.364974975586, 0.584751665592, 0.418161869049, 0.196964949369, 0.198074564338, 0.172430515289, 0.231809854507, 0.341904014349, 0.274944037199, 0.454855203629, 0.722640454769, 0.449352741241, 0.148028239608, 0.145150482655, 0.151619374752, 0.317099541426, 0.727383494377, 0.669481515884, 0.246077999473, 0.109374754131, 0.127196282148, 0.284183204174, 0.455974936485, 0.345420151949, 0.21589922905, 0.230457559228, 0.173176020384, 0.164927423, 0.218144565821, 0.237638667226, 0.61446171999], "hpcp": {"dmean2": [0.187744662166, 0.180057838559, 0.123470172286, 0.0951350778341, 0.0967019200325, 0.110027335584, 0.127514615655, 0.130017161369, 0.171180427074, 0.180114388466, 0.153396353126, 0.107945665717, 0.0982408896089, 0.105777963996, 0.151938393712, 0.204404696822, 0.195592463017, 0.142987236381, 0.090782366693, 0.102156147361, 0.147475719452, 0.177812203765, 0.160529106855, 0.132283657789, 0.123612239957, 0.106376491487, 0.109931901097, 0.128436744213, 0.15697966516, 0.24940122664, 0.257879465818, 0.220257475972, 0.132607698441, 0.106433734298, 0.125802442431, 0.176764190197], "median": [0.0555638819933, 0.046851862222, 0.0210118237883, 0.00961524341255, 0.00882947072387, 0.0217760466039, 0.0241431668401, 0.0252134799957, 0.0608512237668, 0.0774769857526, 0.0520271770656, 0.0130478413776, 0.00735290069133, 0.00896197743714, 0.0513055957854, 0.105927847326, 0.0771667286754, 0.0213818773627, 0.00474808132276, 0.00582620175555, 0.0332977324724, 0.0614218302071, 0.0443931743503, 0.0169872157276, 0.0105317132547, 0.0102602131665, 0.0141861215234, 0.01509066578, 0.0245775897056, 0.134271502495, 0.237919315696, 0.13570189476, 0.0186030585319, 0.00845633074641, 0.00981374550611, 0.0315294601023], "min": [0, 0, 0, 0, 0, 0, 0, 0, 0, 0, 0, 0, 0, 0, 0, 0, 0, 0, 0, 0, 0, 0, 0, 0, 0, 0, 0, 0, 0, 0, 0, 0, 0, 0, 0, 0], "dvar2": [0.0785456895828, 0.0759407579899, 0.0489188656211, 0.0433831810951, 0.0451212637126, 0.0435630939901, 0.057791877538, 0.0570781566203, 0.0653717443347, 0.0802823081613, 0.0586264953017, 0.0483621843159, 0.0516095533967, 0.0497791692615, 0.0561233349144, 0.0793002396822, 0.0854331851006, 0.0617517158389, 0.0448706932366, 0.0516646318138, 0.0684636384249, 0.072197034955, 0.0694454982877, 0.0616136826575, 0.0588679648936, 0.0531987845898, 0.0534931048751, 0.0630576312542, 0.0709186643362, 0.104152426124, 0.108859993517, 0.0777587369084, 0.0581572465599, 0.0524993352592, 0.062211535871, 0.0813625007868], "dvar": [0.0344344675541, 0.0297083538026, 0.0183963440359, 0.017419597134, 0.016535134986, 0.0164840295911, 0.0236258748919, 0.021815802902, 0.0250946357846, 0.0344772413373, 0.0237333290279, 0.0176540762186, 0.0194215513766, 0.0186643544585, 0.0214349161834, 0.0340195074677, 0.0354566089809, 0.0226087197661, 0.0162934977561, 0.0188867338002, 0.0261150300503, 0.0302502475679, 0.0267743226141, 0.0227624643594, 0.022943565622, 0.01978026703, 0.0197533015162, 0.024737181142, 0.0266483277082, 0.0389305688441, 0.0478781871498, 0.0311903953552, 0.0214149318635, 0.0194741226733, 0.0230526458472, 0.0316627547145], "dmean": [0.114766933024, 0.108831062913, 0.0712836608291, 0.0553030483425, 0.0555572248995, 0.0650791823864, 0.0768892914057, 0.0768796727061, 0.103109590709, 0.109350137413, 0.0940004959702, 0.0606637969613, 0.0544022731483, 0.0593523494899, 0.0899748131633, 0.125328779221, 0.117274425924, 0.0821169689298, 0.0502713993192, 0.057452712208, 0.0869591459632, 0.109086662531, 0.0946945846081, 0.0763158798218, 0.071556545794, 0.0607451424003, 0.0631246119738, 0.0744626373053, 0.0899184718728, 0.149580180645, 0.155783742666, 0.135137453675, 0.0758023411036, 0.0596741586924, 0.0708346441388, 0.103103838861], "max": [1, 1, 1, 1, 1, 1, 1, 1, 1, 1, 1, 1, 1, 1, 1, 1, 1, 1, 1, 1, 1, 1, 1, 1, 1, 1, 1, 1, 1, 1, 1, 1, 1, 1, 1, 1], "var": [0.106286123395, 0.0582335740328, 0.0214333571494, 0.0377788506448, 0.0244125481695, 0.0271557494998, 0.061645951122, 0.0374239496887, 0.0551059916615, 0.131993934512, 0.0595518425107, 0.0158621817827, 0.0249894037843, 0.0227247662842, 0.0309972688556, 0.11344576627, 0.11423586309, 0.0267800241709, 0.014674958773, 0.0167550034821, 0.034716643393, 0.0660454034805, 0.0461438447237, 0.0262763760984, 0.0384443998337, 0.0237741209567, 0.0201098565012, 0.0341202653944, 0.0309774074703, 0.0701389759779, 0.15000449121, 0.0708665773273, 0.0211950019002, 0.0226708799601, 0.0228026416153, 0.0530178435147], "mean": [0.22777788341, 0.162886276841, 0.0767236128449, 0.0771558359265, 0.0671667307615, 0.0902967229486, 0.133181616664, 0.10709875077, 0.177179411054, 0.281489610672, 0.175036042929, 0.0576613284647, 0.0565403625369, 0.0590601824224, 0.123519547284, 0.283337146044, 0.260782629251, 0.0958545804024, 0.0426046662033, 0.0495466738939, 0.110697671771, 0.177615582943, 0.134551256895, 0.0840990692377, 0.0897699594498, 0.0674571245909, 0.0642440542579, 0.084973692894, 0.0925672128797, 0.239350810647, 0.389529258013, 0.241699427366, 0.074205301702, 0.0589156858623, 0.0645900666714, 0.142168432474]}, "tuning_equal_tempered_deviation": 0.0221655555069, "chords_changes_rate": 0.0415004007518, "key_key": "C", "tuning_diatonic_strength": 0.647803843021, "key_scale": "major", "chords_number_rate": 0.00175578612834, "tuning_frequency": 440, "tuning_nontempered_energy_ratio": 0.68052649498, "chords_histogram": [40.7342376709, 5.25139665604, 10.5666399002, 1.2450119257, 16.1053466797, 0.207501992583, 0.335195541382, 0.399042308331, 0.0798084586859, 0.0478850752115, 0.0638467669487, 0.11173184216, 0.0319233834743, 0, 0.478850752115, 1.78770947456, 0, 1.45251393318, 0, 5.69832420349, 1.50039899349, 7.94892263412, 0.351157218218, 5.60255384445], "key_strength": 0.824415445328, "chords_key": "C", "chords_strength": {"dmean2": 0.00750971352682, "median": 0.572005450726, "min": -1, "dvar2": 0.000759655144066, "dvar": 0.00043471364188, "dmean": 0.00893706269562, "max": 0.818197071552, "var": 0.0211924687028, "mean": 0.551494538784}, "chords_scale": "major", "hpcp_entropy": {"dmean2": 0.919948399067, "median": 1.74581503868, "min": 0, "dvar2": 0.639329195023, "dvar": 0.246952295303, "dmean": 0.554895102978, "max": 4.52632713318, "var": 0.537634432316, "mean": 1.75085794926}}, "metadata": {"audio_properties": {"equal_loudness": 0, "codec": "flac", "downmix": "mix", "sample_rate": 44100, "analysis_sample_rate": 44100, "bit_rate": 0, "md5_encoded": "ee7d7829ad46f5282c7cf79db0c91d1b", "length": 290.893341064, "replay_gain": -9.66720199585, "lossless": true}, "version": {"essentia_build_sha": "c0e182ba78c2de26e491b7b7a4a2c98c1ed34208", "essentia": "2.1-beta2", "extractor": "music 1.0", "essentia_git_sha": "v2.1_beta2-2-gbb40004"}, "tags": {"title": ["Uncle Albert / Admiral Halsey"], "artist": ["Paul McCartney & Linda McCartney"], "date": ["2001-00-00"], "file_name": "15-Paul_McCartney___Linda_McCartney-Uncle_Albert___Admiral_Halsey.flac", "musicbrainz_albumid": ["8cec0b4d-ae97-4afa-90a9-1e7ac076934d"], "album": ["Wingspan (disc 1: Hits)"], "tracknumber": ["15"], "musicbrainz_artistid": ["cd7a47b2-bdcb-413f-a939-7d8d55bd6fc3"], "musicbrainz_recordingid": ["166fb6a5-00d1-4021-8ecc-9efacf201320"]}}, "rhythm": {"bpm_histogram_first_peak_bpm": {"dmean2": 0, "median": 185, "min": 185, "dvar2": 0, "dvar": 0, "dmean": 0, "max": 185, "var": 0, "mean": 185}, "bpm": 184.570205688, "bpm_histogram_second_peak_spread": {"dmean2": 0, "median": 0.511254012585, "min": 0.511254012585, "dvar2": 0, "dvar": 0, "dmean": 0, "max": 0.511254012585, "var": 0, "mean": 0.511254012585}, "bpm_histogram_first_peak_weight": {"dmean2": 0, "median": 0.234748005867, "min": 0.234748005867, "dvar2": 0, "dvar": 0, "dmean": 0, "max": 0.234748005867, "var": 0, "mean": 0.234748005867}, "onset_rate": 3.58528661728, "beats_position": [0.406349211931, 0.824308395386, 1.21904754639, 1.62539684772, 2.04335594177, 2.46131515503, 2.87927436829, 3.28562355042, 3.69197273254, 4.1099319458, 4.52789115906, 4.94585037231, 5.36380958557, 5.78176879883, 6.18811798096, 6.58285713196, 6.98920631409, 7.39555549622, 7.81351470947, 8.24308395386, 8.66104316711, 9.07900238037, 9.4853515625, 9.89170074463, 10.3096599579, 10.7276191711, 11.1455783844, 11.5635375977, 11.9814968109, 12.3994560242, 12.8174142838, 13.2237634659, 13.6301136017, 14.0364627838, 14.4428119659, 14.8607711792, 15.2787294388, 15.696688652, 16.114648819, 16.50938797, 16.9273471832, 17.3453063965, 17.7632656097, 18.181224823, 18.5875740051, 18.9939231873, 19.4002723694, 19.8066215515, 20.2245807648, 20.642539978, 21.0604991913, 21.4784584045, 21.8964176178, 22.3143768311, 22.7207260132, 23.1386852264, 23.5450344086, 23.9629936218, 24.3809528351, 24.7873020172, 25.1936511993, 25.6000003815, 26.0063495636, 26.4126987457, 26.8190479279, 27.2137870789, 27.620136261, 28.0264854431, 28.4212245941, 28.8275737762, 29.2339229584, 29.6402721405, 30.0466213226, 30.4645805359, 30.8593196869, 31.265668869, 31.6720180511, 32.0667572021, 32.4731063843, 32.8794555664, 33.2858047485, 33.6921539307, 34.0985031128, 34.5048522949, 34.8995895386, 35.2943305969, 35.7006797791, 36.1070289612, 36.5133781433, 36.9313354492, 37.3376846313, 37.7440338135, 38.1503829956, 38.545124054, 38.9398651123, 39.3462142944, 39.7525634766, 40.1705207825, 40.5884780884, 41.006439209, 41.4360084534, 41.8655776978, 42.2835350037, 42.7014961243, 43.1194534302, 43.5258026123, 43.9437637329, 44.350112915, 44.7680702209, 45.1860313416, 45.5923805237, 45.9987297058, 46.4050788879, 46.8114280701, 47.229385376, 47.6473464966, 48.0536956787, 48.4600448608, 48.866394043, 49.2727432251, 49.6790924072, 50.0854415894, 50.4917907715, 50.8981399536, 51.3160972595, 51.7340583801, 52.152015686, 52.5583648682, 52.9763259888, 53.3826751709, 53.8006324768, 54.2069816589, 54.6133308411, 55.0312919617, 55.4376411438, 55.8439903259, 56.2503395081, 56.6566886902, 57.0630378723, 57.4809951782, 57.8873443604, 58.305305481, 58.7232627869, 59.1412239075, 59.5591812134, 59.9655303955, 60.3834915161, 60.7898406982, 61.2077980042, 61.6257591248, 62.0321083069, 62.438457489, 62.8564147949, 63.2743759155, 63.6923332214, 64.1102905273, 64.5166397095, 64.9229888916, 65.3409500122, 65.7589111328, 66.1652603149, 66.5832214355, 66.9895706177, 67.4075241089, 67.813873291, 68.2202224731, 68.6265716553, 69.0329208374, 69.450881958, 69.8456192017, 70.2403640747, 70.6467132568, 71.053062439, 71.4594116211, 71.8657608032, 72.2721099854, 72.6784591675, 73.0848083496, 73.4911575317, 73.8975067139, 74.303855896, 74.7102050781, 75.1165542603, 75.5345077515, 75.9292526245, 76.3239898682, 76.7419509888, 77.1483001709, 77.554649353, 77.9609985352, 78.3673477173, 78.7736968994, 79.1800460815, 79.5863952637, 79.9927444458, 80.3874816895, 80.8054428101, 81.2233963013, 81.6297454834, 82.0360946655, 82.4540557861, 82.8720169067, 83.2899780273, 83.7079315186, 84.1258926392, 84.5438537598, 84.9618148804, 85.3797683716, 85.7977294922, 86.2156906128, 86.6336517334, 87.0400009155, 87.4463500977, 87.8526992798, 88.2822647095, 88.7118377686, 89.1414031982, 89.5593643188, 89.965713501, 90.3604507446, 90.7667999268, 91.1731491089, 91.579498291, 91.9858474731, 92.3921966553, 92.8101577759, 93.2281188965, 93.6344680786, 94.0524215698, 94.4703826904, 94.8767318726, 95.2946929932, 95.7010421753, 96.1073913574, 96.525352478, 96.9433059692, 97.3496551514, 97.767616272, 98.1855773926, 98.5919265747, 98.9866638184, 99.404624939, 99.8225860596, 100.240539551, 100.658500671, 101.076461792, 101.494422913, 101.900772095, 102.318725586, 102.736686707, 103.154647827, 103.584213257, 104.002174377, 104.420135498, 104.838096619, 105.244445801, 105.650794983, 106.068748474, 106.486709595, 106.904670715, 107.322631836, 107.740585327, 108.146934509, 108.553283691, 108.959632874, 109.377593994, 109.783943176, 110.201904297, 110.619865417, 111.037818909, 111.455780029, 111.87374115, 112.291702271, 112.709655762, 113.127616882, 113.545578003, 113.975143433, 114.404716492, 114.822669983, 115.229019165, 115.635368347, 116.03011322, 116.436462402, 116.842811584, 117.260765076, 117.678726196, 118.085075378, 118.491424561, 118.909385681, 119.327346802, 119.745300293, 120.163261414, 120.581222534, 120.999183655, 121.405532837, 121.811882019, 122.22983551, 122.647796631, 123.065757751, 123.472106934, 123.890068054, 124.296417236, 124.702766418, 125.109115601, 125.515464783, 125.921813965, 126.328163147, 126.734512329, 127.15246582, 127.570426941, 127.988388062, 128.406341553, 128.824310303, 129.242263794, 129.660217285, 130.078186035, 130.507751465, 130.937316895, 131.355285645, 131.773239136, 132.191192627, 132.597549438, 133.003890991, 133.421859741, 133.839813232, 134.257781982, 134.664123535, 135.070480347, 135.430389404, 135.790298462, 136.15020752, 136.510116577, 136.858413696, 137.206710815, 137.555007935, 137.926528931, 138.286437988, 138.646347046, 139.006256104, 139.366165161, 139.71446228, 140.062759399, 140.422668457, 140.770965576, 141.119277954, 141.455963135, 141.804260254, 142.140945435, 142.477645874, 142.814331055, 143.162628174, 143.499313354, 143.847610474, 144.184310913, 144.532608032, 144.869293213, 145.205978394, 145.542678833, 145.890975952, 146.239273071, 146.575958252, 146.912643433, 147.260955811, 147.60925293, 147.957550049, 148.305847168, 148.642532349, 148.979232788, 149.327529907, 149.675827026, 150.024124146, 150.360809326, 150.697509766, 151.045806885, 151.382492065, 151.719177246, 152.055877686, 152.392562866, 152.717636108, 153.042724609, 153.367797852, 153.692871094, 154.041183472, 154.377868652, 154.714553833, 155.051239014, 155.387939453, 155.724624634, 156.061309814, 156.397994995, 156.734695435, 157.059768677, 157.396453857, 157.733154297, 158.058227539, 158.39491272, 158.731613159, 159.056686401, 159.381759644, 159.718460083, 160.055145264, 160.380218506, 160.716918945, 161.053604126, 161.378677368, 161.703765869, 162.028839111, 162.353912354, 162.679000854, 163.004074097, 163.329162598, 163.65423584, 163.979324341, 164.304397583, 164.629470825, 164.954559326, 165.291244507, 165.627929688, 165.953018188, 166.278091431, 166.603164673, 166.939865112, 167.276550293, 167.613235474, 167.949935913, 168.275009155, 168.611694336, 168.936782837, 169.273468018, 169.59854126, 169.935241699, 170.27192688, 170.597000122, 170.922088623, 171.247161865, 171.583847046, 171.920547485, 172.268844604, 172.605529785, 172.942214966, 173.278915405, 173.615600586, 173.952285767, 174.288970947, 174.637283325, 174.973968506, 175.310653687, 175.635726929, 175.972427368, 176.309112549, 176.634185791, 176.959274292, 177.284347534, 177.609436035, 177.934509277, 178.25958252, 178.584671021, 178.909744263, 179.234832764, 179.559906006, 179.884979248, 180.210067749, 180.535140991, 180.860229492, 181.185302734, 181.510375977, 181.835464478, 182.16053772, 182.485626221, 182.822311401, 183.158996582, 183.484085083, 183.809158325, 184.145843506, 184.482528687, 184.807617188, 185.13269043, 185.457778931, 185.782852173, 186.107940674, 186.444625854, 186.758087158, 187.083175659, 187.408248901, 187.733337402, 188.070022583, 188.395095825, 188.731781006, 189.056869507, 189.393554688, 189.718643188, 190.055328369, 190.380401611, 190.717086792, 191.053787231, 191.378860474, 191.703948975, 192.029022217, 192.365707397, 192.702392578, 193.027481079, 193.352554321, 193.677642822, 194.002716064, 194.327789307, 194.652877808, 194.97795105, 195.303039551, 195.628112793, 195.953201294, 196.278274536, 196.59173584, 196.916824341, 197.241897583, 197.566986084, 197.892059326, 198.228744507, 198.553833008, 198.87890625, 199.203994751, 199.529067993, 199.865753174, 200.202438354, 200.527526855, 200.852600098, 201.177688599, 201.514373779, 201.85105896, 202.176147461, 202.501220703, 202.826293945, 203.151382446, 203.476455688, 203.801544189, 204.126617432, 204.451690674, 204.776779175, 205.206344604, 205.647521973, 206.077087402, 206.541488647, 207.005889893, 207.470291138, 207.934692383, 208.399093628, 208.863494873, 209.339492798, 209.815505981, 210.279907227, 210.744308472, 211.208709717, 211.673095703, 212.149108887, 212.62512207, 213.089523315, 213.553924561, 214.018310547, 214.471099854, 214.92388916, 215.388290405, 215.85269165, 216.317092896, 216.769882202, 217.234283447, 217.687072754, 218.151473999, 218.604263306, 219.057052612, 219.521453857, 219.962631226, 220.427032471, 220.879821777, 221.332611084, 221.785385132, 222.238174438, 222.702575684, 223.15536499, 223.608154297, 224.072555542, 224.525344849, 224.978134155, 225.419311523, 225.87210083, 226.324890137, 226.777679443, 227.23046875, 227.671646118, 228.124435425, 228.577224731, 228.913925171, 229.250610352, 229.598907471, 229.935592651, 230.272293091, 230.597366333, 230.934051514, 231.270736694, 231.619049072, 231.944122314, 232.269195557, 232.594284058, 232.9193573, 233.244445801, 233.569519043, 233.894592285, 234.219680786, 234.544754028, 234.869842529, 235.194915771, 235.519989014, 235.845077515, 236.170150757, 236.483627319, 236.797088623, 237.122177124, 237.447250366, 237.760726929, 238.074188232, 238.387664795, 238.701126099, 239.0262146, 239.351287842, 239.676361084, 240.001449585, 240.326522827, 240.651611328, 240.97668457, 241.301757812, 241.626846313, 241.951919556, 242.277008057, 242.602081299, 242.927154541, 243.240631104, 243.554092407, 243.879180908, 244.20425415, 244.529342651, 244.854415894, 245.179489136, 245.516189575, 245.841262817, 246.177947998, 246.503036499, 246.828109741, 247.153198242, 247.478271484, 247.803344727, 248.128433228, 248.45350647, 248.778594971, 249.103668213, 249.428741455, 249.753829956, 250.078903198, 250.403991699, 250.729064941, 251.054138184, 251.379226685, 251.704299927, 252.029388428, 252.35446167, 252.679534912, 253.004623413, 253.329696655, 253.654785156, 253.979858398, 254.304931641, 254.630020142, 254.955093384, 255.268569946, 255.58203125, 255.907119751, 256.232208252, 256.557281494, 256.882354736, 257.207427979, 257.532501221, 257.85760498, 258.182678223, 258.507751465, 258.832824707, 259.157897949, 259.483001709, 259.796447754, 260.121551514, 260.434997559, 260.760070801, 261.085174561, 261.410247803, 261.828216553, 262.269378662, 262.710571289, 263.151733398, 263.604522705, 264.057312012, 264.510101318, 264.962890625, 265.404083252, 265.856872559, 266.309661865, 266.750823975, 267.203613281, 267.656402588, 268.097595215, 268.550384521, 268.991546631, 269.444335938, 269.885528564, 270.326721191, 270.779510498, 271.232299805, 271.685089111, 272.137878418, 272.579040527, 273.020233154, 273.473022461, 273.925811768, 274.378601074, 274.831390381, 275.27255249, 275.713745117, 276.154907227, 276.596099854, 277.037261963, 277.47845459, 277.919647217, 278.360809326, 278.813598633, 279.266387939, 279.707580566, 280.148742676, 280.589935303, 281.031097412, 281.472290039, 281.925079346, 282.377868652, 282.819030762, 283.260223389, 283.724609375, 284.165802002, 284.618591309, 285.071380615, 285.512542725, 285.953735352, 286.406524658, 286.859313965, 287.312103271, 287.764892578, 288.217681885, 288.670471191, 289.134857178, 289.599273682, 290.063659668, 290.528076172], "beats_loudness": {"dmean2": 0.0442627631128, "median": 0.0384831055999, "min": 0, "dvar2": 0.00157709105406, "dvar": 0.000549804768525, "dmean": 0.024259744212, "max": 0.170005321503, "var": 0.000603661872447, "mean": 0.0421985499561}, "danceability": 1.17536187172, "bpm_histogram_second_peak_weight": {"dmean2": 0, "median": 0.2015915066, "min": 0.2015915066, "dvar2": 0, "dvar": 0, "dmean": 0, "max": 0.2015915066, "var": 0, "mean": 0.2015915066}, "beats_count": 755, "bpm_histogram_second_peak_bpm": {"dmean2": 0, "median": 144, "min": 144, "dvar2": 0, "dvar": 0, "dmean": 0, "max": 144, "var": 0, "mean": 144}, "bpm_histogram_first_peak_spread": {"dmean2": 0, "median": 0, "min": 0, "dvar2": 0, "dvar": 0, "dmean": 0, "max": 0, "var": 0, "mean": 0}, "beats_loudness_band_ratio": {"dmean2": [0.411568939686, 0.280126392841, 0.242293581367, 0.0979252010584, 0.119083806872, 0.0659907534719], "median": [0.392876327038, 0.313984543085, 0.140501707792, 0.0397568717599, 0.0328261442482, 0.0209374893457], "min": [0, 0, 0, 0, 0, 0], "dvar2": [0.103329345584, 0.0480621866882, 0.0468589700758, 0.0156457219273, 0.0297058764845, 0.0120833953843], "dvar": [0.0306930281222, 0.0159941148013, 0.0152984755114, 0.00546761462465, 0.00935377087444, 0.00489988364279], "dmean": [0.227902218699, 0.163102596998, 0.134123980999, 0.0549769662321, 0.06593170017, 0.0365050509572], "max": [0.913462162018, 0.864309310913, 0.79638081789, 0.577435910702, 0.799275875092, 0.989983677864], "var": [0.0571568757296, 0.0354320667684, 0.0221384409815, 0.00668549863622, 0.0112670771778, 0.00418004347011], "mean": [0.395032823086, 0.342929691076, 0.182010769844, 0.0705371797085, 0.077338822186, 0.0383479818702]}}, "lowlevel": {"barkbands_spread": {"dmean2": 6.07646656036, "median": 10.9340715408, "min": 0.098332978785, "dvar2": 85.7042694092, "dvar": 40.2707901001, "dmean": 4.06084918976, "max": 138.611846924, "var": 169.42855835, "mean": 14.8134174347}, "melbands_spread": {"dmean2": 7.94183492661, "median": 11.4471054077, "min": 0.369783848524, "dvar2": 215.294204712, "dvar": 104.040031433, "dmean": 5.22589254379, "max": 277.975280762, "var": 557.813720703, "mean": 19.219367981}, "hfc": {"dmean2": 7.01204013824, "median": 14.6028366089, "min": 1.09557617061e-16, "dvar2": 115.907852173, "dvar": 56.4826507568, "dmean": 4.85184335709, "max": 196.355056763, "var": 196.075241089, "mean": 17.3497848511}, "barkbands_kurtosis": {"dmean2": 10.1156768799, "median": 4.03629350662, "min": -1.95739734173, "dvar2": 5570.01123047, "dvar": 2780.92407227, "dmean": 6.47355604172, "max": 2964.42016602, "var": 13242.0556641, "mean": 14.5094442368}, "gfcc": {"mean": [-44.7645072937, 123.203567505, -116.169334412, 26.0166034698, -62.17527771, -2.91920518875, -47.7120246887, -3.11356472969, -21.1550636292, -10.3623485565, -13.0139427185, -10.3647651672, -10.8889579773], "icov": [[0.000364561215974, -0.000728704151697, 0.000657388649415, -0.000777643406764, 0.000723305623978, -0.000741290627047, 0.000908479909413, -0.000837642350234, 0.00102222280111, -0.000702067860402, 0.000888135866262, -0.000534713617526, 0.000544709851965], [-0.000728704151697, 0.00242703966796, -0.00148249883205, 0.0018793460913, -0.00175178179052, 0.00200784136541, -0.00231474568136, 0.00222401740029, -0.00260224775411, 0.00232952437364, -0.00239692232572, 0.00190065521747, -0.0013071707217], [0.000657388649415, -0.00148249883205, 0.00191877025645, -0.00149895006325, 0.00128193269484, -0.00194093596656, 0.00175017432775, -0.00135493779089, 0.00179441925138, -0.0010972492164, 0.00186015747022, -0.00104185403325, 0.000635004078504], [-0.000777643406764, 0.0018793460913, -0.00149895006325, 0.00402124738321, -0.00177307380363, 0.00121853209566, -0.00206632097252, 0.00127464695834, -0.00197563553229, 0.00182148232125, -0.00126507692039, 0.00231940648519, -0.00139391631819], [0.000723305623978, -0.00175178179052, 0.00128193269484, -0.00177307380363, 0.00419097719714, -0.00157004990615, 0.00153989181854, -0.0019822139293, 0.00136122130789, -0.00170644198079, 0.00184327980969, -8.00337948021e-05, 0.00106034788769], [-0.000741290627047, 0.00200784136541, -0.00194093596656, 0.00121853209566, -0.00157004990615, 0.00633861217648, -0.00267043802887, 0.00179486547131, -0.00237169559114, 0.00110460212454, -0.00142293330282, -9.74321301328e-05, 0.000841884466354], [0.000908479909413, -0.00231474568136, 0.00175017432775, -0.00206632097252, 0.00153989181854, -0.00267043802887, 0.00662150792778, -0.0030318966601, 0.00325297028758, -0.00218097888865, 0.00166568649001, -0.000870294636115, 0.000200524475076], [-0.000837642350234, 0.00222401740029, -0.00135493779089, 0.00127464695834, -0.0019822139293, 0.00179486547131, -0.0030318966601, 0.00875337142497, -0.00296258949675, 0.00120741163846, -0.00135765143204, 0.00130113365594, -0.00169605168048], [0.00102222280111, -0.00260224775411, 0.00179441925138, -0.00197563553229, 0.00136122130789, -0.00237169559114, 0.00325297028758, -0.00296258949675, 0.00969875231385, -0.00344625697471, 0.00245868950151, -0.00215861480683, 2.72063443845e-05], [-0.000702067860402, 0.00232952437364, -0.0010972492164, 0.00182148232125, -0.00170644198079, 0.00110460212454, -0.00218097888865, 0.00120741163846, -0.00344625697471, 0.0107931792736, -0.00244927825406, -0.000923104118556, 0.000539026572369], [0.000888135866262, -0.00239692232572, 0.00186015747022, -0.00126507692039, 0.00184327980969, -0.00142293330282, 0.00166568649001, -0.00135765143204, 0.00245868950151, -0.00244927825406, 0.0113714691252, -0.0031616052147, 0.00272630015388], [-0.000534713617526, 0.00190065521747, -0.00104185403325, 0.00231940648519, -8.00337948021e-05, -9.74321301328e-05, -0.000870294636115, 0.00130113365594, -0.00215861480683, -0.000923104118556, -0.0031616052147, 0.0112727861851, -0.00316366972402], [0.000544709851965, -0.0013071707217, 0.000635004078504, -0.00139391631819, 0.00106034788769, 0.000841884466354, 0.000200524475076, -0.00169605168048, 2.72063443845e-05, 0.000539026572369, 0.00272630015388, -0.00316366972402, 0.0117302676663]], "cov": [[15351.8505859, -177.368011475, -2330.03491211, 875.727111816, -788.384643555, 259.417327881, -459.893493652, 335.83795166, -487.248535156, 176.884078979, -256.005493164, 41.8322753906, -329.600280762], [-177.368011475, 2143.04272461, 299.41494751, -217.435760498, 282.041931152, -282.071655273, 180.343795776, -158.999984741, 118.593200684, -239.652679443, 107.186729431, -202.942062378, 104.770103455], [-2330.03491211, 299.41494751, 1641.5612793, 80.3572463989, 64.4644088745, 161.829925537, 15.1678915024, -44.7757568359, 36.2051048279, -64.8154449463, -50.20570755, -16.5648288727, 48.1689529419], [875.727111816, -217.435760498, 80.3572463989, 539.574951172, 47.1426391602, 66.9692764282, 18.2752037048, 64.0497665405, -31.7946243286, -13.5452899933, -73.3034133911, -59.1930961609, -3.47840690613], [-788.384643555, 282.041931152, 64.4644088745, 47.1426391602, 440.52545166, -22.5207328796, 57.9237289429, 13.822933197, 50.8238105774, -23.3383789062, -5.1557803154, -72.1127471924, 15.6592407227], [259.417327881, -282.071655273, 161.829925537, 66.9692764282, -22.5207328796, 298.005981445, 11.4706296921, 21.3514175415, -8.08169937134, 47.5100708008, -21.3702030182, 45.4037818909, -45.6950416565], [-459.893493652, 180.343795776, 15.1678915024, 18.2752037048, 57.9237289429, 11.4706296921, 272.646087646, 26.2620601654, -4.81319046021, -12.3486070633, 13.3716802597, -26.9113044739, 26.0930042267], [335.83795166, -158.999984741, -44.7757568359, 64.0497665405, 13.822933197, 21.3514175415, 26.2620601654, 173.653656006, 6.40089559555, 23.5485591888, -23.8648262024, 5.41464233398, 4.50890302658], [-487.248535156, 118.593200684, 36.2051048279, -31.7946243286, 50.8238105774, -8.08169937134, -4.81319046021, 6.40089559555, 173.261352539, 15.6301612854, 8.12541484833, 10.2322101593, 26.8481254578], [176.884078979, -239.652679443, -64.8154449463, -13.5452899933, -23.3383789062, 47.5100708008, -12.3486070633, 23.5485591888, 15.6301612854, 150.72895813, 9.01461219788, 52.8743057251, -25.5022029877], [-256.005493164, 107.186729431, -50.20570755, -73.3034133911, -5.1557803154, -21.3702030182, 13.3716802597, -23.8648262024, 8.12541484833, 9.01461219788, 132.082275391, 20.4790763855, -9.44770812988], [41.8322753906, -202.942062378, -16.5648288727, -59.1930961609, -72.1127471924, 45.4037818909, -26.9113044739, 5.41464233398, 10.2322101593, 52.8743057251, 20.4790763855, 146.481765747, 6.10136651993], [-329.600280762, 104.770103455, 48.1689529419, -3.47840690613, 15.6592407227, -45.6950416565, 26.0930042267, 4.50890302658, 26.8481254578, -25.5022029877, -9.44770812988, 6.10136651993, 116.230041504]]}, "spectral_energyband_middle_low": {"dmean2": 0.00988276302814, "median": 0.0156228337437, "min": 1.49164408525e-22, "dvar2": 0.000232538586715, "dvar": 9.79610049399e-05, "dmean": 0.00649040704593, "max": 0.198224470019, "var": 0.00032995044603, "mean": 0.0203276984394}, "melbands_crest": {"dmean2": 4.43275213242, "median": 13.4161481857, "min": 1.51739096642, "dvar2": 17.4261989594, "dvar": 6.58369445801, "dmean": 2.75710201263, "max": 34.6779403687, "var": 26.811542511, "mean": 14.0678091049}, "spectral_kurtosis": {"dmean2": 6.72529983521, "median": 6.12567901611, "min": -1.34158861637, "dvar2": 119.95135498, "dvar": 56.0890693665, "dmean": 4.30333280563, "max": 222.392883301, "var": 236.059341431, "mean": 10.4300470352}, "spectral_rms": {"dmean2": 0.000977533170953, "median": 0.00507155712694, "min": 3.11418382401e-12, "dvar2": 1.24364532894e-06, "dvar": 6.18839976596e-07, "dmean": 0.000678402546328, "max": 0.0140004102141, "var": 3.62638274964e-06, "mean": 0.00499390764162}, "zerocrossingrate": {"dmean2": 0.00993962399662, "median": 0.03662109375, "min": 0.00439453125, "dvar2": 0.000297455088003, "dvar": 0.000255175691564, "dmean": 0.0085586020723, "max": 0.89599609375, "var": 0.00431337021291, "mean": 0.0507649593055}, "silence_rate_60dB": {"dmean2": 0.03193102777, "median": 0, "min": 0, "dvar2": 0.0353774651885, "dvar": 0.0157107468694, "dmean": 0.0159642398357, "max": 1, "var": 0.0392702780664, "mean": 0.0409450083971}, "erbbands_kurtosis": {"dmean2": 2.59027147293, "median": 0.524704694748, "min": -1.83884358406, "dvar2": 33.0703887939, "dvar": 13.5417938232, "dmean": 1.6566901207, "max": 144.103347778, "var": 35.7238197327, "mean": 2.21464776993}, "erbbands": {"dmean2": [0.0224048066884, 0.312281847, 1.63953053951, 7.26984596252, 19.3017559052, 17.8916187286, 14.0790700912, 18.2205581665, 23.47864151, 22.5325279236, 16.1629886627, 14.2738027573, 18.1950492859, 11.9281578064, 22.1517696381, 12.0662508011, 15.9211492538, 20.3180580139, 22.4010658264, 30.4469242096, 16.4477920532, 12.1536645889, 15.5597848892, 12.6804275513, 6.6463265419, 5.35661268234, 4.29964542389, 4.04570245743, 3.1612136364, 3.18988728523, 2.60079479218, 2.41061067581, 1.28983938694, 0.65934497118, 0.316885262728, 0.122056826949, 0.0225444845855, 0.00280620669946, 0.0001688250195, 1.75106833922e-05], "median": [0.0079764937982, 0.191569656134, 1.44678139687, 4.31522750854, 8.41056060791, 10.8396024704, 10.4852333069, 13.184132576, 13.965256691, 13.226568222, 11.6852722168, 9.01523590088, 8.03715801239, 6.3044719696, 6.01249837875, 4.49525308609, 5.16605710983, 6.76296138763, 7.48356819153, 7.37100744247, 5.12748718262, 4.89556217194, 5.31358003616, 4.39161682129, 2.8388838768, 1.92757081985, 1.00007426739, 0.576674044132, 0.528026521206, 0.483173191547, 0.34157294035, 0.210492387414, 0.108196057379, 0.034772593528, 0.0115719111636, 0.00290516810492, 0.000507763412315, 8.46708135214e-05, 2.78895422525e-05, 3.41552913596e-05], "min": [9.46166964134e-23, 6.67046089709e-22, 1.34897557394e-21, 5.70123412768e-21, 9.90928850405e-21, 6.58950493653e-21, 5.70019659763e-20, 1.14210455687e-19, 1.52493537659e-19, 2.17545683517e-19, 3.36630585307e-19, 5.54992282499e-19, 5.60223217597e-19, 4.14052183251e-19, 1.24484643771e-18, 1.43813342125e-18, 1.49156329176e-18, 2.44777901339e-18, 2.14315631113e-18, 2.6414002813e-18, 4.1192659791e-18, 4.47754313141e-18, 5.05364216801e-18, 6.50485900161e-18, 8.23266890203e-18, 8.44976410815e-18, 8.94365628112e-18, 1.16435465035e-17, 1.01519173475e-17, 1.12553332713e-17, 1.08762223345e-17, 1.04493458532e-17, 9.35140255637e-18, 8.52923300396e-18, 5.21214817135e-18, 4.7796472755e-18, 2.39637718295e-18, 9.40695125002e-19, 2.52351608387e-19, 2.84688748094e-20], "dvar2": [0.00333380210213, 0.462537795305, 9.74319458008, 227.623291016, 1665.9284668, 1139.27331543, 852.438232422, 1330.0526123, 3404.82958984, 2046.39001465, 1562.6081543, 775.031616211, 1579.50512695, 862.776000977, 3181.99926758, 1074.07177734, 1657.40698242, 2824.04125977, 5310.46484375, 6712.21582031, 2051.47436523, 787.087463379, 1556.94689941, 1179.86096191, 315.117218018, 188.268981934, 494.082702637, 469.259521484, 83.1719970703, 91.6823043823, 69.742729187, 113.733146667, 31.3323440552, 8.67429161072, 1.18004262447, 0.141461059451, 0.00583311682567, 8.15859093564e-05, 2.83584256522e-07, 6.80198508629e-10], "dvar": [0.0014853492612, 0.181587323546, 4.14347076416, 94.1721954346, 672.196533203, 466.800598145, 347.274871826, 567.143981934, 1505.14245605, 941.691589355, 654.022399902, 371.699676514, 651.905517578, 375.721862793, 1369.26403809, 481.484832764, 741.518981934, 1102.85986328, 2210.42236328, 2561.94067383, 840.934082031, 364.92074585, 659.303344727, 555.22845459, 127.653114319, 77.2332000732, 198.270446777, 192.118927002, 36.4575233459, 42.1429748535, 32.7607765198, 50.8975791931, 15.8629541397, 4.55096197128, 0.533615350723, 0.0601817779243, 0.0024081391748, 3.30801485688e-05, 1.1260526378e-07, 3.04634817372e-10], "dmean": [0.0142899071798, 0.192227989435, 1.06633269787, 4.7016954422, 11.9824256897, 11.5692806244, 9.49078083038, 12.0223798752, 15.7700853348, 15.1350326538, 11.1368770599, 9.80866909027, 11.9750099182, 7.74313354492, 14.3007659912, 7.88839912415, 10.2205438614, 12.6369581223, 14.3193025589, 18.848154068, 10.4120016098, 7.92320775986, 9.89665794373, 8.05459690094, 4.24527692795, 3.40718364716, 2.75428581238, 2.61404848099, 2.11832070351, 2.13871979713, 1.79392337799, 1.68335020542, 0.897173047066, 0.457905322313, 0.213618949056, 0.078805424273, 0.0142989521846, 0.00176121422555, 0.000105817249278, 1.18633925013e-05], "max": [0.671607851982, 9.672706604, 62.8199310303, 199.108840942, 628.666442871, 492.093383789, 623.255615234, 599.018371582, 1197.79833984, 689.530273438, 938.823242188, 555.17767334, 510.217559814, 999.760009766, 832.136962891, 785.387451172, 857.532226562, 870.129821777, 1459.5546875, 1334.54553223, 1085.17260742, 798.639160156, 779.579040527, 1288.92468262, 652.482543945, 449.469146729, 687.325622559, 529.549804688, 191.12197876, 292.352142334, 254.873504639, 393.97958374, 156.463653564, 80.9361953735, 29.4466056824, 3.70642566681, 0.967634618282, 0.0929941907525, 0.00616734335199, 0.000225192517973], "var": [0.0016761434963, 0.30670979619, 12.6462221146, 291.562225342, 1633.47338867, 1176.56872559, 1572.38391113, 1958.75842285, 4440.171875, 3815.62963867, 1850.29260254, 1259.82397461, 1551.2767334, 934.148864746, 3821.57055664, 1042.0748291, 1800.28027344, 2246.86206055, 4020.05200195, 7087.50683594, 2334.94018555, 1142.37097168, 1744.3770752, 1352.10681152, 242.708740234, 163.514053345, 189.186447144, 173.744598389, 47.2743186951, 59.7964057922, 51.9980697632, 87.2288589478, 39.1242218018, 9.98717308044, 0.806556820869, 0.0610899738967, 0.0021737315692, 2.90865391435e-05, 9.54903143224e-08, 7.17904846681e-10], "mean": [0.0197519399226, 0.358732104301, 2.68160128593, 11.3721170425, 21.6428203583, 22.8815002441, 23.1046066284, 28.3958396912, 35.6332969666, 36.0164642334, 26.9386329651, 21.0826091766, 22.309677124, 15.5744371414, 28.6403465271, 14.9129829407, 18.1297531128, 21.9689254761, 25.1302757263, 36.0365409851, 20.8808460236, 16.5099754333, 20.1796398163, 16.5110664368, 8.99280071259, 7.09611558914, 4.25969457626, 3.21965885162, 2.66192722321, 2.66710829735, 2.23915529251, 2.11091685295, 1.22840416431, 0.574564099312, 0.234976381063, 0.0756140574813, 0.013057295233, 0.0016086215619, 0.000110964618216, 3.80229575967e-05]}, "spectral_strongpeak": {"dmean2": 0.875233709812, "median": 0.768770217896, "min": 0, "dvar2": 2.1995370388, "dvar": 0.896752536297, "dmean": 0.521344840527, "max": 19.8670005798, "var": 1.58899629116, "mean": 1.13270938396}, "spectral_energy": {"dmean2": 0.0114189730957, "median": 0.0263637118042, "min": 9.94059454374e-21, "dvar2": 0.00026435777545, "dvar": 0.000119156116853, "dmean": 0.00769635569304, "max": 0.200911775231, "var": 0.00042634239071, "mean": 0.029279647395}, "average_loudness": 0.871769309044, "spectral_rolloff": {"dmean2": 517.943054199, "median": 667.529296875, "min": 129.19921875, "dvar2": 1191958.75, "dvar": 571235.75, "dmean": 309.618499756, "max": 21920.8007812, "var": 4874075.5, "mean": 1348.36523438}, "spectral_centroid": {"dmean2": 267.568145752, "median": 732.862426758, "min": 145.862228394, "dvar2": 166018.75, "dvar": 82078.5546875, "dmean": 176.794036865, "max": 12067.8525391, "var": 1067357.5, "mean": 1031.41357422}, "pitch_salience": {"dmean2": 0.101045928895, "median": 0.565484404564, "min": 0.0933354198933, "dvar2": 0.00842968653888, "dvar": 0.00327511248179, "dmean": 0.0632818341255, "max": 0.907670795918, "var": 0.0105195725337, "mean": 0.561654210091}, "spectral_energyband_middle_high": {"dmean2": 0.0018725823611, "median": 0.00237060920335, "min": 1.14916965269e-21, "dvar2": 8.38585492602e-06, "dvar": 3.76056141249e-06, "dmean": 0.00124496011995, "max": 0.0346171073616, "var": 2.36661726376e-05, "mean": 0.00432759476826}, "spectral_contrast_coeffs": {"dmean2": [0.0819900333881, 0.0677443221211, 0.0584954321384, 0.0481238923967, 0.0357928425074, 0.0280650295317], "median": [-0.552281320095, -0.690947175026, -0.744421124458, -0.769063353539, -0.777409911156, -0.77736890316], "min": [-0.983412027359, -0.975594818592, -0.975421369076, -0.975432753563, -0.975434362888, -0.965396523476], "dvar2": [0.00459157582372, 0.00308424420655, 0.00234463624656, 0.0015358888777, 0.000929445261136, 0.000765475910157], "dvar": [0.00186462968122, 0.00122307310812, 0.000983372447081, 0.000635908858385, 0.000425953359809, 0.000344299798599], "dmean": [0.0506579503417, 0.0422322228551, 0.0369980148971, 0.0299433209002, 0.0230038743466, 0.0183841921389], "max": [-0.239601448178, -0.346360743046, -0.478715270758, -0.480556219816, -0.552726745605, -0.542188704014], "var": [0.00935290846974, 0.00612390693277, 0.00523498607799, 0.00446584215388, 0.00340424780734, 0.0023063395638], "mean": [-0.554778516293, -0.688819468021, -0.741284906864, -0.760878264904, -0.773094415665, -0.780104517937]}, "melbands_skewness": {"dmean2": 1.02342569828, "median": 2.27000427246, "min": -4.12675619125, "dvar2": 1.40187692642, "dvar": 0.614068865776, "dmean": 0.673064351082, "max": 14.1882381439, "var": 2.62160921097, "mean": 2.54549694061}, "spectral_spread": {"dmean2": 882607.375, "median": 3179331.25, "min": 433186.5, "dvar2": 1339409563650.0, "dvar": 744577630208, "dmean": 653867.75, "max": 42590200, "var": 12451054616600.0, "mean": 3888966.75}, "dissonance": {"dmean2": 0.038235437125, "median": 0.457177907228, "min": 0.198870465159, "dvar2": 0.00138118932955, "dvar": 0.00052545662038, "dmean": 0.0232168976218, "max": 0.500000059605, "var": 0.00166648498271, "mean": 0.44645139575}, "spectral_skewness": {"dmean2": 0.604718863964, "median": 1.81824445724, "min": -0.353611052036, "dvar2": 0.505473077297, "dvar": 0.249008536339, "dmean": 0.398061305285, "max": 12.124048233, "var": 1.67641639709, "mean": 2.15580534935}, "spectral_flux": {"dmean2": 0.032643456012, "median": 0.0661469325423, "min": 6.44593822763e-11, "dvar2": 0.00129652710166, "dvar": 0.00056852545822, "dmean": 0.0211921837181, "max": 0.330175817013, "var": 0.00148797919974, "mean": 0.0711160153151}, "spectral_contrast_valleys": {"dmean2": [0.686550617218, 0.524151086807, 0.491168618202, 0.424784421921, 0.408460766077, 0.488595247269], "median": [-7.36652851105, -6.60474681854, -7.6459569931, -7.92614650726, -8.01064300537, -10.8847761154], "min": [-28.3905982971, -27.9086856842, -27.7496376038, -27.8700256348, -27.5496330261, -27.4124584198], "dvar2": [0.376258522272, 0.217891573906, 0.198560059071, 0.172947078943, 0.212565898895, 0.336931675673], "dvar": [0.187125891447, 0.105680637062, 0.100718855858, 0.0976697430015, 0.133249595761, 0.227864518762], "dmean": [0.432374477386, 0.330725729465, 0.314061194658, 0.280530303717, 0.305984824896, 0.413417607546], "max": [-5.32534122467, -4.69491910934, -5.55584144592, -5.86181306839, -5.79540729523, -7.46811771393], "var": [3.32557630539, 3.08072137833, 2.93293952942, 3.05886936188, 3.28327274323, 2.78492498398], "mean": [-7.73997688293, -6.81854724884, -7.85289812088, -8.21963024139, -8.31569671631, -10.9294128418]}, "erbbands_flatness_db": {"dmean2": 0.0289349034429, "median": 0.204490602016, "min"