{"tonal": {"thpcp": [1, 0.808156013489, 0.436020165682, 0.258304446936, 0.321260035038, 0.499794840813, 0.451438367367, 0.271280229092, 0.183332428336, 0.131109073758, 0.163303315639, 0.226434707642, 0.235642656684, 0.282557368279, 0.39993840456, 0.391274392605, 0.310685873032, 0.303288042545, 0.343747675419, 0.546296298504, 0.921773135662, 0.998043894768, 0.687920749187, 0.403844594955, 0.264845788479, 0.284338861704, 0.41127127409, 0.412087857723, 0.341478347778, 0.362650454044, 0.399398028851, 0.452803224325, 0.45945417881, 0.372980743647, 0.395511835814, 0.721778512001], "hpcp": {"dmean2": [0.185322731733, 0.197644621134, 0.204585507512, 0.23394151032, 0.286341875792, 0.360769420862, 0.382691711187, 0.371026396751, 0.302116751671, 0.208445757627, 0.184434577823, 0.229993343353, 0.230940803885, 0.229483470321, 0.257231593132, 0.289516597986, 0.330709308386, 0.296873003244, 0.262745171785, 0.293378442526, 0.36755618453, 0.340553760529, 0.36593362689, 0.296922951937, 0.189409866929, 0.197468847036, 0.251480519772, 0.208968058228, 0.16575782001, 0.133269131184, 0.0876121968031, 0.0988088548183, 0.125810116529, 0.137550264597, 0.166136801243, 0.198439761996], "median": [0.0269612055272, 0.0372840389609, 0.0416600108147, 0.0448700934649, 0.0841078162193, 0.185432523489, 0.209271132946, 0.0981073826551, 0.0459518693388, 0.0292297508568, 0.0390898659825, 0.0555246137083, 0.0510050542653, 0.0422954857349, 0.0368829853833, 0.0340599678457, 0.0489371158183, 0.0549291931093, 0.0445329882205, 0.0472745746374, 0.0953047797084, 0.133154526353, 0.114134818316, 0.0349056571722, 0.0207812655717, 0.0307314302772, 0.0405071899295, 0.0393691658974, 0.0275171827525, 0.0182320512831, 0.0148738967255, 0.023354748264, 0.0294967480004, 0.0270163696259, 0.037666272372, 0.0359255559742], "min": [0, 0, 0, 0, 0, 0, 0, 0, 0, 0, 0, 0, 0, 0, 0, 0, 0, 0, 0, 0, 0, 0, 0, 0, 0, 0, 0, 0, 0, 0, 0, 0, 0, 0, 0, 0], "dvar2": [0.0984564498067, 0.109765931964, 0.10177667439, 0.120890207589, 0.132918864489, 0.15072773397, 0.162123575807, 0.200094550848, 0.172646284103, 0.117297410965, 0.0846680477262, 0.116964921355, 0.123083218932, 0.130427971482, 0.157207161188, 0.188294738531, 0.209238991141, 0.170794010162, 0.138153895736, 0.164889618754, 0.202534884214, 0.175831273198, 0.187584877014, 0.151303216815, 0.0859727337956, 0.0912682339549, 0.137897238135, 0.105076827109, 0.0797311142087, 0.0648968070745, 0.0273443721235, 0.0372557193041, 0.0505060404539, 0.0588978528976, 0.0740947425365, 0.101916149259], "dvar": [0.0386022888124, 0.0370960980654, 0.0359635390341, 0.0423689074814, 0.046436201781, 0.0552075020969, 0.0624775737524, 0.0676101744175, 0.0576008632779, 0.0397323705256, 0.0299900211394, 0.0416532643139, 0.0445100218058, 0.0464259199798, 0.0564318485558, 0.067007958889, 0.0746259540319, 0.0616278573871, 0.0493144132197, 0.0560381822288, 0.0692498758435, 0.0693171322346, 0.0691803991795, 0.0534210912883, 0.0311546809971, 0.0341913849115, 0.0518913045526, 0.0399306304753, 0.0283521208912, 0.0229642130435, 0.0103680035099, 0.0128591684625, 0.0186156481504, 0.0208589080721, 0.0257128514349, 0.0393857993186], "dmean": [0.108718983829, 0.110412269831, 0.113482579589, 0.128613114357, 0.161205515265, 0.211439952254, 0.225133746862, 0.209412038326, 0.165839612484, 0.112573795021, 0.101119399071, 0.12732732296, 0.12772603333, 0.124756984413, 0.139591470361, 0.1562281847, 0.177601411939, 0.16246932745, 0.143822342157, 0.161031320691, 0.206350699067, 0.1964019835, 0.210452720523, 0.164362594485, 0.105383045971, 0.111332148314, 0.143805518746, 0.122326679528, 0.0940410196781, 0.0728553310037, 0.0487111546099, 0.0555976852775, 0.0702872127295, 0.077949218452, 0.0937951430678, 0.114347882569], "max": [1, 1, 1, 1, 1, 1, 1, 1, 1, 1, 1, 1, 1, 1, 1, 1, 1, 1, 1, 1, 1, 1, 1, 1, 1, 1, 1, 1, 1, 1, 1, 1, 1, 1, 1, 1], "var": [0.0563999265432, 0.0330794714391, 0.029125649482, 0.0340429060161, 0.0526608414948, 0.0931573733687, 0.103801719844, 0.0785850659013, 0.0467264726758, 0.0280392486602, 0.0246641822159, 0.0400272384286, 0.0496646985412, 0.036192137748, 0.049749109894, 0.0587943308055, 0.059884250164, 0.0528453886509, 0.0387919843197, 0.0436998158693, 0.0871539190412, 0.142482757568, 0.101376198232, 0.0501825027168, 0.026028117165, 0.0332995317876, 0.0726503357291, 0.0599347278476, 0.0281277745962, 0.0172960404307, 0.0089255515486, 0.0107696428895, 0.0208646226674, 0.0205289293081, 0.0244210232049, 0.0530345253646], "mean": [0.13185839355, 0.104700282216, 0.102207228541, 0.115842022002, 0.184100344777, 0.310635000467, 0.336338043213, 0.231827393174, 0.136094510555, 0.0892523005605, 0.0958214104176, 0.138597279787, 0.138872474432, 0.115077257156, 0.122212201357, 0.134596034884, 0.152593433857, 0.154834792018, 0.125693485141, 0.133286401629, 0.243237376213, 0.336997240782, 0.27234634757, 0.146937593818, 0.0870478898287, 0.108263745904, 0.168429479003, 0.152133479714, 0.0914206877351, 0.0617825202644, 0.044183395803, 0.0550327673554, 0.0763078704476, 0.0794109255075, 0.0952210500836, 0.134778141975]}, "tuning_equal_tempered_deviation": 0.280573278666, "chords_changes_rate": 0.0727367848158, "key_key": "E", "tuning_diatonic_strength": 0.711094200611, "key_scale": "major", "chords_number_rate": 0.00523286219686, "tuning_frequency": 446.91595459, "tuning_nontempered_energy_ratio": 0.898125052452, "chords_histogram": [26.8969135284, 0.313971728086, 5.59916257858, 0.889586627483, 0.680272102356, 5.86080598831, 0, 0, 12.401884079, 0, 2.35478806496, 0, 22.6582946777, 0.627943456173, 0.0523286238313, 2.09314489365, 0.470957607031, 0.470957607031, 0, 4.44793319702, 0.156985864043, 0.104657247663, 12.3495550156, 1.56985867023], "key_strength": 0.788038372993, "chords_key": "E", "chords_strength": {"dmean2": 0.0116100395098, "median": 0.574225902557, "min": 0.297015875578, "dvar2": 0.00012110282114, "dvar": 9.65602739598e-05, "dmean": 0.0110235763714, "max": 0.805973947048, "var": 0.0100590363145, "mean": 0.557727575302}, "chords_scale": "major", "hpcp_entropy": {"dmean2": 1.1130027771, "median": 2.38196277618, "min": 0, "dvar2": 0.851805865765, "dvar": 0.297015368938, "dmean": 0.666166245937, "max": 4.5420665741, "var": 0.604030668736, "mean": 2.32318496704}}, "metadata": {"audio_properties": {"equal_loudness": 0, "codec": "mp3", "downmix": "mix", "sample_rate": 44100, "analysis_sample_rate": 44100, "bit_rate": 160000, "md5_encoded": "43cd9ac3adc362aa91941f71330eb4b4", "length": 88.6595916748, "replay_gain": -12.6790161133, "lossless": false}, "version": {"essentia_build_sha": "2d9f1f26377add8aeb1075a9c2973f962c4f09fd", "essentia": "2.1-beta2", "extractor": "music 1.0", "essentia_git_sha": "v2.1_beta2-1-ge3940c0"}, "tags": {"title": ["Valtaa I"], "language": ["fin"], "media": ["CD"], "albumartist": ["Kohu-63"], "musicbrainz_recordingid": ["167af39b-1297-426f-a5f7-97116d20af37"], "musicbrainz_albumartistid": ["578c5eb9-0074-4f77-860f-27dfd0715508"], "discnumber": ["1/1"], "album": ["Greatest Shits"], "catalognumber": ["KR\u00c5CD 28"], "contentgroup": ["Punk"], "musicbrainz album type": ["compilation"], "musicbrainz album status": ["official"], "file_name": "05 - Valtaa I.mp3", "date": ["1996"], "genre": ["Punk", "Hardcore Punk", "Hardcore"], "musicbrainz album release country": ["FI"], "musicip_puid": ["53dc3547-8a64-7471-d352-17f45de77d18"], "script": ["Latn"], "originaldate": ["1996"], "musicbrainz_albumid": ["26c45571-e496-438c-aeb3-cefda66d2bcf"], "artist": ["Kohu-63"], "artistsort": ["Kohu-63"], "tracknumber": ["5/27"], "label": ["Kr\u00e5klund Records"], "albumartistsort": ["Kohu-63"], "musicbrainz_artistid": ["578c5eb9-0074-4f77-860f-27dfd0715508"]}}, "rhythm": {"bpm_histogram_first_peak_bpm": {"dmean2": 0, "median": 83, "min": 83, "dvar2": 0, "dvar": 0, "dmean": 0, "max": 83, "var": 0, "mean": 83}, "bpm": 84.6872711182, "bpm_histogram_second_peak_spread": {"dmean2": 0, "median": 0, "min": 0, "dvar2": 0, "dvar": 0, "dmean": 0, "max": 0, "var": 0, "mean": 0}, "bpm_histogram_first_peak_weight": {"dmean2": 0, "median": 0.32520326972, "min": 0.32520326972, "dvar2": 0, "dvar": 0, "dmean": 0, "max": 0.32520326972, "var": 0, "mean": 0.32520326972}, "onset_rate": 2.774112463, "beats_position": [0.592108845711, 1.19582760334, 1.8111563921, 2.40326523781, 2.99537420273, 3.58748292923, 4.17959165573, 4.88780021667, 5.60761880875, 6.32743740082, 7.04725599289, 7.73224496841, 8.40562343597, 9.07900238037, 9.75238037109, 10.4373693466, 11.1223583221, 11.8189563751, 12.5155553818, 13.2121543884, 13.9203624725, 14.6285715103, 15.3251695633, 16.0217685699, 16.7183666229, 17.4149665833, 18.1115646362, 18.8081626892, 19.5047607422, 20.2013607025, 20.8747386932, 21.5713367462, 22.2679367065, 22.9645347595, 23.6495227814, 24.3577327728, 25.0775508881, 25.7973690033, 26.5055770874, 27.2370071411, 27.9452152252, 28.6534233093, 29.3500213623, 30.0466213226, 30.7664394379, 31.4630374908, 32.1596374512, 32.8562355042, 33.5644454956, 34.2726516724, 34.9692497253, 35.6658477783, 36.3856697083, 37.0822677612, 37.7788658142, 38.4754638672, 39.1720619202, 39.8686599731, 40.5884780884, 41.3083000183, 42.0048980713, 42.7247161865, 43.432926178, 44.1411323547, 44.86095047, 45.5807685852, 46.3005905151, 47.0204086304, 47.7170066833, 48.4368247986, 49.1566429138, 49.8764610291, 50.5962791443, 51.2928771973, 51.9894790649, 52.7092971802, 53.4291152954, 54.1489334106, 54.8687515259, 55.5885696411, 56.3083877563, 57.0282058716, 57.7596359253, 58.4678459167, 59.187664032, 59.9074821472, 60.6273002625, 61.3471183777, 62.0669364929, 62.7867546082, 63.5065765381, 64.2263946533, 64.9462127686, 65.6660308838, 66.409072876, 67.1404953003, 67.8603134155, 68.5685272217, 69.2883453369, 69.9617233276, 70.6583175659, 71.3316955566, 71.9702453613, 72.608795166, 73.2473449707, 73.8858947754, 74.5128326416, 75.1397705078, 75.7551040649, 76.4400863647, 77.1366882324, 77.9261627197, 78.7156448364, 79.5051269531, 80.3178253174, 81.1189117432, 81.9199981689, 82.7210845947, 83.5453948975, 84.3697052002, 85.2172317505, 86.0647583008, 86.9122848511, 87.7598190308], "beats_loudness": {"dmean2": 0.0333029143512, "median": 0.0503657534719, "min": 2.270176509e-07, "dvar2": 0.00064692622982, "dvar": 0.0002483772696, "dmean": 0.0187162030488, "max": 0.0993257835507, "var": 0.000546845200006, "mean": 0.0509068444371}, "danceability": 1.29593980312, "bpm_histogram_second_peak_weight": {"dmean2": 0, "median": 0.0894308909774, "min": 0.0894308909774, "dvar2": 0, "dvar": 0, "dmean": 0, "max": 0.0894308909774, "var": 0, "mean": 0.0894308909774}, "beats_count": 124, "bpm_histogram_second_peak_bpm": {"dmean2": 0, "median": 89, "min": 89, "dvar2": 0, "dvar": 0, "dmean": 0, "max": 89, "var": 0, "mean": 89}, "bpm_histogram_first_peak_spread": {"dmean2": 0, "median": 0.534883677959, "min": 0.534883677959, "dvar2": 0, "dvar": 0, "dmean": 0, "max": 0.534883677959, "var": 0, "mean": 0.534883677959}, "beats_loudness_band_ratio": {"dmean2": [0.309460997581, 0.119620345533, 0.125472456217, 0.092537291348, 0.0841572731733, 0.025831753388], "median": [0.688412427902, 0.0915186330676, 0.0517288371921, 0.0571041814983, 0.0399987250566, 0.0286526121199], "min": [0.0125018050894, 0.00243465416133, 0.00373551016673, 9.94018264464e-05, 0.00545960152522, 5.72642275074e-05], "dvar2": [0.0592479407787, 0.0110864490271, 0.01273201406, 0.00823763851076, 0.02126375027, 0.000605158566032], "dvar": [0.0221313368529, 0.00363191799261, 0.0054715485312, 0.00310578523204, 0.0100084543228, 0.000279497588053], "dmean": [0.181006833911, 0.0680615976453, 0.0730938538909, 0.054850589484, 0.0475255735219, 0.0154408067465], "max": [0.905584812164, 0.476345956326, 0.3521694839, 0.317899167538, 0.86054366827, 0.14938762784], "var": [0.0364778712392, 0.00588678009808, 0.00620075687766, 0.00517475698143, 0.0156432148069, 0.000408320716815], "mean": [0.646369457245, 0.109047591686, 0.0846013650298, 0.079085804522, 0.0741785913706, 0.0316617228091]}}, "lowlevel": {"barkbands_spread": {"dmean2": 8.30633068085, "median": 21.8592453003, "min": 2.82710909843, "dvar2": 79.6172103882, "dvar": 32.4912452698, "dmean": 5.2107129097, "max": 119.641891479, "var": 73.5785522461, "mean": 21.6204605103}, "melbands_spread": {"dmean2": 10.283624649, "median": 21.3708152771, "min": 2.19390797615, "dvar2": 117.423995972, "dvar": 51.3593978882, "dmean": 6.61757612228, "max": 162.779205322, "var": 281.800354004, "mean": 23.1327171326}, "hfc": {"dmean2": 6.69839477539, "median": 20.1196594238, "min": 1.09548107792e-16, "dvar2": 52.5610351563, "dvar": 24.8865528107, "dmean": 4.59334421158, "max": 59.3985748291, "var": 112.118171692, "mean": 21.1772994995}, "barkbands_kurtosis": {"dmean2": 5.29030323029, "median": 1.74896252155, "min": -1.87725865841, "dvar2": 68.1732254028, "dvar": 26.3201026917, "dmean": 3.14866614342, "max": 53.6201896667, "var": 27.1113109589, "mean": 3.51437902451}, "gfcc": {"mean": [19.9649944305, 81.8180465698, -103.373764038, 18.025428772, -36.855632782, 10.6306610107, -35.7361526489, 2.80035042763, -28.7220211029, -8.49107837677, -22.984577179, -2.88155555725, -12.006811142], "icov": [[9.75789007498e-05, -0.000102603451523, 6.22234001639e-05, 7.21096803318e-05, -3.10919167532e-05, -0.000206379176234, 0.000341265083989, -0.000220523710595, 0.000363987637684, 0.000100800149085, 0.000544369686395, -0.000108967666165, 0.000260868371697], [-0.000102603451523, 0.00192225258797, 0.00136705010664, -0.000607884023339, -0.000993071007542, 0.00183871143963, -0.00103844120167, -0.000262172019575, 0.000415774527937, 0.00201359833591, -0.00345462071709, 0.00194161466789, -0.00116869213525], [6.22234001639e-05, 0.00136705010664, 0.00350117380731, 5.00716259921e-06, -0.00181576190516, 0.00193332217168, -0.000853531993926, -0.000491704267915, -4.16150178353e-05, 0.00274215149693, -0.000740716757718, -0.000454396533314, 0.00160848663654], [7.21096803318e-05, -0.000607884023339, 5.00716259921e-06, 0.00478955777362, -2.06463914765e-06, -0.00121300457977, 0.00222631334327, 0.000261247652816, -0.000569786527194, -0.00176955654752, 0.00175055919681, 0.00191239232663, -0.00283546606079], [-3.10919167532e-05, -0.000993071007542, -0.00181576190516, -2.06463914765e-06, 0.00810711830854, -0.00095278659137, -0.00191789038945, 0.00390497455373, -0.00506922928616, -0.00212364993058, 0.00148041907232, -0.000337718811352, -0.00380562618375], [-0.000206379176234, 0.00183871143963, 0.00193332217168, -0.00121300457977, -0.00095278659137, 0.0160714462399, -0.00611431291327, -0.00640871794894, 0.00829063542187, -0.00312215159647, -0.000893067917787, -0.00418845098466, 0.00523636024445], [0.000341265083989, -0.00103844120167, -0.000853531993926, 0.00222631334327, -0.00191789038945, -0.00611431291327, 0.0159229915589, -0.00575938215479, 0.000472857878776, 0.00572624010965, -0.00627023912966, 0.00400970317423, 0.00124323007185], [-0.000220523710595, -0.000262172019575, -0.000491704267915, 0.000261247652816, 0.00390497455373, -0.00640871794894, -0.00575938215479, 0.0290905926377, -0.0146796554327, -0.00449854275212, 0.00848055258393, -0.0083719547838, -0.000630354566965], [0.000363987637684, 0.000415774527937, -4.16150178353e-05, -0.000569786527194, -0.00506922928616, 0.00829063542187, 0.000472857878776, -0.0146796554327, 0.0294063966721, -0.0119125051424, -0.00178961316124, 0.00813462212682, -0.00463218381628], [0.000100800149085, 0.00201359833591, 0.00274215149693, -0.00176955654752, -0.00212364993058, -0.00312215159647, 0.00572624010965, -0.00449854275212, -0.0119125051424, 0.0317536890507, -0.0111402347684, -0.00114223442506, 0.00359374354593], [0.000544369686395, -0.00345462071709, -0.000740716757718, 0.00175055919681, 0.00148041907232, -0.000893067917787, -0.00627023912966, 0.00848055258393, -0.00178961316124, -0.0111402347684, 0.0364437736571, -0.0188248995692, 0.00279578357004], [-0.000108967666165, 0.00194161466789, -0.000454396533314, 0.00191239232663, -0.000337718811352, -0.00418845098466, 0.00400970317423, -0.0083719547838, 0.00813462212682, -0.00114223442506, -0.0188248995692, 0.0374891795218, -0.0148232281208], [0.000260868371697, -0.00116869213525, 0.00160848663654, -0.00283546606079, -0.00380562618375, 0.00523636024445, 0.00124323007185, -0.000630354566965, -0.00463218381628, 0.00359374354593, 0.00279578357004, -0.0148232281208, 0.0274299308658]], "cov": [[20380.4179688, -272.872344971, -723.51385498, -405.301513672, -900.80090332, 678.49420166, -248.121627808, -36.8669204712, -864.353881836, -398.851806641, -489.883331299, -119.764785767, -557.524291992], [-272.872344971, 1512.40112305, -400.285766602, 230.927078247, 215.576980591, -243.306686401, -5.08386135101, -72.979385376, 91.5368270874, -20.9304218292, 93.0258331299, -41.0079536438, 175.844528198], [-723.51385498, -400.285766602, 536.817138672, -83.114616394, 65.450340271, -17.3388271332, 36.6858062744, 3.88344621658, 16.4159851074, -21.086561203, -11.917755127, 2.36667394638, -31.3988075256], [-405.301513672, 230.927078247, -83.114616394, 343.576080322, 83.3937149048, -90.379989624, -77.0623779297, -6.98789596558, 80.5406112671, 39.1810684204, -9.50051593781, -22.3312168121, 83.6072769165], [-900.80090332, 215.576980591, 65.450340271, 83.3937149048, 270.240386963, -101.650985718, 4.60102844238, -6.57261371613, 112.954101563, 36.9877128601, 29.3512458801, -1.35011327267, 89.5808486938], [678.49420166, -243.306686401, -17.3388271332, -90.379989624, -101.650985718, 202.737365723, 62.9352836609, 36.2165756226, -87.8178329468, -7.82647800446, -3.9839682579, 27.931180954, -78.2753372192], [-248.121627808, -5.08386135101, 36.6858062744, -77.0623779297, 4.60102844238, 62.9352836609, 128.786087036, 22.0244178772, -16.46068573, -13.1994104385, 28.392993927, 10.482966423, -22.9604377747], [-36.8669204712, -72.979385376, 3.88344621658, -6.98789596558, -6.57261371613, 36.2165756226, 22.0244178772, 70.6969146729, 30.8718032837, 25.2671756744, -0.386762946844, 15.041097641, -0.837320685387], [-864.353881836, 91.5368270874, 16.4159851074, 80.5406112671, 112.954101563, -87.8178329468, -16.46068573, 30.8718032837, 141.266311646, 58.1396446228, 18.2539825439, -5.37641429901, 64.8474197388], [-398.851806641, -20.9304218292, -21.086561203, 39.1810684204, 36.9877128601, -7.82647800446, -13.1994104385, 25.2671756744, 58.1396446228, 73.5445709229, 22.4879894257, 13.468421936, 21.1618690491], [-489.883331299, 93.0258331299, -11.917755127, -9.50051593781, 29.3512458801, -3.9839682579, 28.392993927, -0.386762946844, 18.2539825439, 22.4879894257, 69.6247787476, 31.0611381531, 21.7016067505], [-119.764785767, -41.0079536438, 2.36667394638, -22.3312168121, -1.35011327267, 27.931180954, 10.482966423, 15.041097641, -5.37641429901, 13.468421936, 31.0611381531, 58.9934692383, 17.3376502991], [-557.524291992, 175.844528198, -31.3988075256, 83.6072769165, 89.5808486938, -78.2753372192, -22.9604377747, -0.837320685387, 64.8474197388, 21.1618690491, 21.7016067505, 17.3376502991, 103.463142395]]}, "spectral_energyband_middle_low": {"dmean2": 0.0187421236187, "median": 0.0125587806106, "min": 1.91696014624e-22, "dvar2": 0.000993051216938, "dvar": 0.000399359269068, "dmean": 0.0114983050153, "max": 0.171850860119, "var": 0.000410425593145, "mean": 0.0184261091053}, "melbands_crest": {"dmean2": 6.36794090271, "median": 13.7356243134, "min": 1.63342916965, "dvar2": 37.5156745911, "dvar": 16.0097751617, "dmean": 4.0039100647, "max": 32.4665222168, "var": 31.8865184784, "mean": 14.6455945969}, "spectral_kurtosis": {"dmean2": 2.68482661247, "median": 5.13050365448, "min": -1.26497125626, "dvar2": 31.3558044434, "dvar": 9.61279201508, "dmean": 1.61657524109, "max": 64.4958724976, "var": 25.1634044647, "mean": 6.05372667313}, "spectral_rms": {"dmean2": 0.00190359621774, "median": 0.00519760465249, "min": 3.1549814844e-12, "dvar2": 5.55070710107e-06, "dvar": 2.3124382551e-06, "dmean": 0.00119439372793, "max": 0.0137212537229, "var": 4.15418435296e-06, "mean": 0.00546495895833}, "zerocrossingrate": {"dmean2": 0.0120471697301, "median": 0.06005859375, "min": 0.0078125, "dvar2": 0.000162133132108, "dvar": 0.000109345928649, "dmean": 0.00929191894829, "max": 0.53515625, "var": 0.00218899548054, "mean": 0.0636778846383}, "silence_rate_60dB": {"dmean2": 0.00104766897857, "median": 0, "min": 0, "dvar2": 0.00104654906318, "dvar": 0.00052344170399, "dmean": 0.000523697293829, "max": 1, "var": 0.0350667573512, "mean": 0.0363874360919}, "erbbands_kurtosis": {"dmean2": 1.28479897976, "median": -0.0122273620218, "min": -1.66863036156, "dvar2": 20.5233249664, "dvar": 9.16830635071, "dmean": 0.871000051498, "max": 133.826339722, "var": 106.098381042, "mean": 1.58996939659}, "erbbands": {"dmean2": [0.0730939283967, 1.26350176334, 7.31248617172, 35.8688316345, 28.8726501465, 13.6846704483, 11.4177827835, 9.04418945313, 7.34602594376, 14.866060257, 20.1555175781, 54.247959137, 25.9346103668, 38.4125595093, 55.5383262634, 35.7652511597, 44.0034332275, 22.4507656097, 17.8258018494, 28.3005332947, 18.6661777496, 11.618721962, 12.6989002228, 5.87212610245, 5.56821966171, 5.40560674667, 3.33554244041, 2.55662465096, 1.98752319813, 1.37554943562, 1.2073996067, 1.00893557072, 0.761564791203, 0.481764703989, 0.263005882502, 0.125710755587, 0.0639100447297, 0.0166326463223, 0.00482178246602, 0.000344720407156], "median": [0.0260172002017, 0.383184552193, 3.28669500351, 9.65268802643, 12.8364534378, 10.2718009949, 8.51245117188, 6.97901773453, 5.99962425232, 8.77190971375, 10.8147697449, 12.1101779938, 12.0444507599, 27.6371879578, 32.1694107056, 24.4886894226, 15.8529195786, 13.623041153, 16.0817108154, 32.9200935364, 24.9654502869, 17.4162521362, 17.7443733215, 8.74536800385, 6.96846580505, 6.87691307068, 3.7839577198, 3.00979757309, 2.42578649521, 1.85318255424, 1.87776875496, 1.5560811758, 1.21916568279, 0.785289645195, 0.413487553596, 0.212770104408, 0.104952968657, 0.0277729965746, 0.00419967994094, 0.000256476429058], "min": [2.10322976972e-22, 3.93656308694e-22, 1.35127879535e-21, 6.04134591552e-21, 3.84337839395e-20, 3.77988000348e-20, 7.35678927168e-20, 1.81991547935e-19, 8.57256899625e-20, 1.97521760538e-19, 2.73813481464e-19, 4.27474946449e-19, 8.56556277647e-19, 9.06386671723e-19, 1.45718090922e-18, 1.59015412179e-18, 2.01589746902e-18, 2.5333448507e-18, 2.08573756891e-18, 2.4048355183e-18, 4.38948520571e-18, 3.48086411236e-18, 6.13703742581e-18, 6.43449529639e-18, 6.34556759028e-18, 1.01548389494e-17, 1.00686930517e-17, 1.14725815058e-17, 1.10271530178e-17, 1.25864290043e-17, 1.22458291152e-17, 1.04540177693e-17, 1.1218106835e-17, 8.68167163751e-18, 6.28313654714e-18, 4.8803680956e-18, 2.8482099101e-18, 1.05995575097e-18, 2.67411284468e-19, 2.86154699548e-20], "dvar2": [0.0174442920834, 5.80703639984, 125.255661011, 3529.57543945, 2901.14257813, 441.169708252, 243.134277344, 128.027160645, 96.493812561, 830.472961426, 2226.89355469, 14072.3115234, 2486.84619141, 2967.35839844, 8798.95898438, 3314.90258789, 7664.88769531, 1642.88903809, 1287.07519531, 908.32208252, 457.435699463, 155.188491821, 171.793334961, 46.2601089478, 57.353805542, 48.9389686584, 22.3899879456, 10.6904163361, 7.675822258, 3.32174992561, 2.03846120834, 3.09043693542, 1.97718715668, 0.898865461349, 0.335608690977, 0.0837472677231, 0.00993076432496, 0.000530420569703, 4.67053941975e-05, 2.38008055931e-07], "dvar": [0.00687738973647, 2.10964918137, 45.1850509644, 1456.41015625, 1071.65783691, 154.703903198, 85.8394317627, 49.6235351563, 35.7657585144, 321.065246582, 808.951599121, 5791.12597656, 1025.80541992, 1282.22741699, 3513.38330078, 1296.04040527, 3512.10107422, 671.780395508, 546.494628906, 351.160369873, 189.171676636, 57.1029663086, 62.7370491028, 17.098236084, 24.6806354523, 19.9511566162, 9.07295036316, 5.06420660019, 3.36025333405, 1.5058478117, 0.924896419048, 1.21585094929, 0.790874242783, 0.36113473773, 0.126463606954, 0.0317317061126, 0.00389663199894, 0.000222640490392, 1.82745261554e-05, 9.18127227578e-08], "dmean": [0.0443301871419, 0.706203341484, 4.1711359024, 21.3989391327, 16.9485664368, 8.06896972656, 6.63457584381, 5.50648403168, 4.50386238098, 9.02785968781, 11.9607563019, 34.0649528503, 16.276222229, 23.8980789185, 34.1801795959, 22.3529682159, 28.8958206177, 13.7096195221, 10.9851408005, 16.9516410828, 11.2569150925, 7.0033788681, 7.52330732346, 3.55846333504, 3.51622462273, 3.39409184456, 2.16462850571, 1.74511682987, 1.36249017715, 0.939161479473, 0.804577291012, 0.659530639648, 0.492085784674, 0.3194899261, 0.16973528266, 0.0818656757474, 0.0403299555182, 0.0108018536121, 0.00299658556469, 0.000208976693102], "max": [0.681676149368, 12.7564144135, 55.1397323608, 239.000976563, 407.349761963, 127.315925598, 115.410888672, 105.56829834, 95.819480896, 319.39932251, 566.008117676, 855.359863281, 409.674926758, 518.10736084, 962.699584961, 478.995697021, 987.065124512, 576.378662109, 699.010742188, 373.449279785, 603.915222168, 105.133491516, 109.92830658, 93.2384338379, 123.23613739, 75.3360366821, 61.1726837158, 35.9081344604, 35.9452667236, 45.4031295776, 20.8988189697, 30.000541687, 26.1273536682, 16.6787147522, 8.89062023163, 3.84637522697, 1.55528783798, 0.316410183907, 0.0527697056532, 0.0035360888578], "var": [0.00641071470454, 1.55367684364, 38.8925437927, 1374.96459961, 955.750366211, 174.466995239, 113.538917542, 73.0842132568, 46.3139877319, 362.526428223, 705.040161133, 7717.77929688, 1714.45141602, 2867.13134766, 6099.88574219, 2394.49511719, 6822.71582031, 1114.72290039, 769.85546875, 862.924682617, 4274.28955078, 144.693405151, 145.076278687, 44.246723175, 54.307723999, 49.1225547791, 19.7044887543, 12.6511001587, 8.03991222382, 4.90915060043, 3.12692952156, 2.35960936546, 1.52417862415, 0.66585457325, 0.196540534496, 0.0468504093587, 0.00914573296905, 0.000663132639602, 4.03837257181e-05, 1.74476028292e-07], "mean": [0.0529951229692, 0.786398768425, 5.34603738785, 22.914270401, 22.1598625183, 13.8425245285, 11.6393222809, 9.29415607452, 7.76177453995, 13.4266242981, 17.2816200256, 44.8575782776, 26.0591907501, 44.5113372803, 60.4996261597, 41.2303924561, 48.9379730225, 25.0131549835, 21.7935142517, 38.1884841919, 35.2140007019, 19.2048358917, 19.0461235046, 9.80714607239, 8.58688926697, 8.40024471283, 5.04629659653, 4.05108165741, 3.16913080215, 2.32392096519, 2.16942238808, 1.77382338047, 1.36027264595, 0.877625584602, 0.465182811022, 0.229588285089, 0.113321587443, 0.030038209632, 0.00582223152742, 0.000383704988053]}, "spectral_strongpeak": {"dmean2": 0.884597718716, "median": 0.491432845592, "min": 0, "dvar2": 1.54486393929, "dvar": 0.601827204227, "dmean": 0.507265329361, "max": 8.37202835083, "var": 1.33812963963, "mean": 0.840635538101}, "spectral_energy": {"dmean2": 0.027409248054, "median": 0.0276904702187, "min": 1.0202755868e-20, "dvar2": 0.00150551367551, "dvar": 0.000606807006989, "dmean": 0.0167374517769, "max": 0.192979633808, "var": 0.000685136183165, "mean": 0.03487046808}, "average_loudness": 0.970451831818, "spectral_rolloff": {"dmean2": 645.008422852, "median": 1162.79296875, "min": 150.732421875, "dvar2": 747117.9375, "dvar": 347146.46875, "dmean": 385.737701416, "max": 19229.1503906, "var": 3148302.75, "mean": 1305.98205566}, "spectral_centroid": {"dmean2": 355.769226074, "median": 1134.14794922, "min": 273.537506104, "dvar2": 169974.71875, "dvar": 78942.7265625, "dmean": 223.78302002, "max": 11810.1435547, "var": 978925.1875, "mean": 1213.07946777}, "pitch_salience": {"dmean2": 0.138217002153, "median": 0.584485113621, "min": 0.172057434916, "dvar2": 0.0171552766114, "dvar": 0.00661934399977, "dmean": 0.0840586796403, "max": 0.924556672573, "var": 0.0119061013684, "mean": 0.572585463524}, "spectral_energyband_middle_high": {"dmean2": 0.00286848749965, "median": 0.00528845749795, "min": 1.31478369174e-21, "dvar2": 1.15078628369e-05, "dvar": 5.34695345777e-06, "dmean": 0.00191941775847, "max": 0.029844854027, "var": 2.43157555815e-05, "mean": 0.00694266194478}, "spectral_contrast_coeffs": {"dmean2": [0.0939632207155, 0.0750263184309, 0.0644063949585, 0.0485845282674, 0.0305735729635, 0.0229086950421], "median": [-0.588908076286, -0.783507943153, -0.792086899281, -0.796223163605, -0.806052207947, -0.788082003593], "min": [-0.974898517132, -0.978188574314, -0.97830748558, -0.971559584141, -0.968899548054, -0.965281486511], "dvar2": [0.00672739278525, 0.00362166017294, 0.00262023205869, 0.00149515946396, 0.000563609413803, 0.000340096768923], "dvar": [0.00267622387037, 0.00127542507835, 0.00102270639036, 0.000546295079403, 0.000208844779991, 0.000139424300869], "dmean": [0.0585785396397, 0.0451627448201, 0.0393372364342, 0.0290423706174, 0.0182458292693, 0.0144477328286], "max": [-0.306565970182, -0.569543540478, -0.604072272778, -0.610624909401, -0.578126072884, -0.667149662971], "var": [0.00914873648435, 0.00276139704511, 0.00314847496338, 0.00174780434463, 0.0011445597047, 0.00100260204636], "mean": [-0.588377118111, -0.781525611877, -0.788450658321, -0.793176114559, -0.80401134491, -0.787016093731]}, "melbands_skewness": {"dmean2": 1.50070142746, "median": 2.41907262802, "min": -1.47752344608, "dvar2": 2.74124121666, "dvar": 1.16782772541, "dmean": 0.961040377617, "max": 11.7539224625, "var": 2.4311671257, "mean": 2.59969067574}, "spectral_spread": {"dmean2": 632422.9375, "median": 4854978, "min": 1179751.625, "dvar2": 1229343686660.0, "dvar": 634294370304, "dmean": 422096.46875, "max": 42159984, "var": 12258798207000.0, "mean": 4986078}, "dissonance": {"dmean2": 0.0226205866784, "median": 0.483219712973, "min": 0.37077742815, "dvar2": 0.000479820300825, "dvar": 0.000172170053702, "dmean": 0.013290097937, "max": 0.500000178814, "var": 0.000286602997221, "mean": 0.478810369968}, "spectral_skewness": {"dmean2": 0.306631296873, "median": 1.82003641129, "min": -0.0883719027042, "dvar2": 0.189768046141, "dvar": 0.0609212443233, "dmean": 0.191978946328, "max": 5.88946723938, "var": 0.185725972056, "mean": 1.81814551353}, "spectral_flux": {"dmean2": 0.0575225204229, "median": 0.0927000567317, "min": 6.44240771841e-11, "dvar2": 0.00424672337249, "dvar": 0.00186012964696, "dmean": 0.0354591682553, "max": 0.411301165819, "var": 0.00380568578839, "mean": 0.104546144605}, "spectral_contrast_valleys": {"dmean2": [0.721899986267, 0.540848076344, 0.465132951736, 0.373547613621, 0.268481642008, 0.246919244528], "median": [-6.92226552963, -6.31821107864, -6.5533323288, -6.91189670563, -7.04383897781, -9.50580024719], "min": [-28.095287323, -27.7077217102, -27.7479000092, -27.6162776947, -27.4277458191, -27.4144229889], "dvar2": [0.415565162897, 0.23665985465, 0.173382148147, 0.133462756872, 0.103482551873, 0.0828416422009], "dvar": [0.183900415897, 0.113998271525, 0.0921866893768, 0.0758145153522, 0.0697523802519, 0.0594464875758], "dmean": [0.442252516747, 0.327698528767, 0.286555230618, 0.231961071491, 0.178634464741, 0.178916960955], "max": [-5.33397579193, -5.25415706635, -5.22455406189, -5.99559736252, -6.19110918045, -8.31094932556], "var": [4.29978322983, 4.39858293533, 4.66766452789, 4.2684636116, 4.13479089737, 3.97350645065], "mean": [-7.21106910706, -6.65075683594, -6.91501617432, -7.26751184464, -7.41309022903, -10.0587339401]}, "erbbands_flatness_db": {"dmean2": 0.0202498063445, "median": 0.119693517685, "min": 0.0356420353055, "dvar2": 0.000390557135688, "dvar": 0.000190282196854, "dmean": 0.0135186323896, "max": 0.454643845558, "var": 0.00325855938718, "mean": 0.132559910417}, "spectral_energyband_high": {"dmean2": 0.000232046848396, "median": 0.000555373961106, "min": 7.28606290593e-21, "dvar2": 9.23563305832e-08, "dvar": 4.43861338795e-08, "dmean": 0.000171353356563, "max": 0.00432019727305, "var": 1.80102773584e-07, "mean": 0.000602350512054}, "spectral_entropy": {"dmean2": 0.188923433423, "median": 7.80014038086, "min": 5.4534163475, "dvar2": 0.0366372838616, "dvar": 0.0156175652519, "dmean": 0.120493158698, "max": 9.81467247009, "var": 0.190977111459, "mean": 7.70802974701}, "silence_rate_20dB": {"dmean2": 0, "median": 1, "min": 1, "dvar2": 0, "dvar": 0, "dmean": 0, "max": 1, "var": 0, "mean": 1}, "melbands_flatness_db": {"dmean2": 0.044779881835, "median": 0.175278931856, "min": 0.00272917631082, "dvar2": 0.00210445723496, "dvar": 0.000856983242556, "dmean": 0.0281486958265, "max": 0.46671590209, "var": 0.00449504330754, "mean": 0.192699447274}, "barkbands": {"dmean2": [9.12735558813e-05, 0.00444939453155, 0.00865739956498, 0.015676908195, 0.00448292912915, 0.00111722468864, 0.000637855671812, 0.000808577926364, 0.00215184944682, 0.000839881016873, 0.00158097059466, 0.00102168926969, 0.000953420472797, 0.000437976763351, 0.000454932043795, 0.000420650962042, 0.000242547117523, 0.000229386991123, 0.000108024272777, 0.000119753538456, 6.2820254243e-05, 5.20211760886e-05, 3.91851390305e-05, 4.40540025011e-05, 3.6922043364e-05, 2.94081819447e-05, 2.52379304584e-05], "median": [9.60567012953e-06, 0.00126593676396, 0.00359263480641, 0.00365885277279, 0.00330504588783, 0.000898508238606, 0.000495038111694, 0.000389799766708, 0.000547066505533, 0.000445343961474, 0.000840849126689, 0.000583861605264, 0.000302654341795, 0.000239741202677, 0.00046244810801, 0.000516339787282, 0.000295378209557, 0.000300929998048, 0.000133925044793, 0.000147726823343, 7.67268211348e-05, 6.61726371618e-05, 6.11156356172e-05, 7.65105796745e-05, 6.38023630017e-05, 5.35234648851e-05, 2.5447763619e-05], "min": [6.58022259722e-25, 3.51073197867e-24, 1.28450950893e-24, 2.35344009577e-24, 1.07132288641e-23, 1.90009171263e-23, 9.03400432102e-24, 1.05860116325e-23, 1.78196105425e-23, 1.88719825445e-23, 1.28929320091e-23, 2.92990828808e-23, 4.20745432459e-23, 4.71983021104e-23, 3.2164818912e-23, 4.96216417905e-23, 6.15207944413e-23, 1.33256580299e-22, 1.2376004553e-22, 1.98607849793e-22, 2.7747797377e-22, 3.2697812467e-22, 4.37706326885e-22, 5.76340313229e-22, 8.58527849712e-22, 1.34589384148e-21, 2.15463888828e-21], "dvar2": [3.03965990156e-08, 7.18483133824e-05, 0.000160901458003, 0.00078762753401, 6.58262433717e-05, 1.88991123196e-06, 9.12303278255e-07, 3.73678631149e-06, 1.86547495105e-05, 2.20871470447e-06, 6.05784180152e-06, 2.87441025648e-06, 3.27828206537e-06, 5.88999171214e-07, 3.10151818894e-07, 2.06976409345e-07, 6.44919921911e-08, 5.46391341061e-08, 1.77427530446e-08, 2.55524863491e-08, 6.37220409772e-09, 4.74083572399e-09, 2.28779017952e-09, 6.96535273903e-09, 5.83863890569e-09, 2.90385293589e-09, 1.23864685175e-09], "dvar": [1.18534178029e-08, 2.66399983957e-05, 5.84395202168e-05, 0.000315949728247, 2.22358758037e-05, 7.15164730991e-07, 3.46712340615e-07, 1.33484400067e-06, 7.62162926549e-06, 9.16832902931e-07, 2.49363802141e-06, 1.06542790945e-06, 1.48102833464e-06, 2.54132771715e-07, 1.28175145164e-07, 7.97476715775e-08, 2.39003217217e-08, 1.98166514309e-08, 6.83711398608e-09, 1.0497224423e-08, 3.00224978211e-09, 2.14445439184e-09, 1.06957676049e-09, 2.76374834129e-09, 2.28180740969e-09, 1.13340392627e-09, 4.94084828606e-10], "dmean": [5.39592656423e-05, 0.00253541278653, 0.00494441529736, 0.00932456180453, 0.0025521281641, 0.000681969802827, 0.000392441404983, 0.000468883954454, 0.00134834542405, 0.00052368483739, 0.000973391637672, 0.000617339392193, 0.000624250154942, 0.000265684124315, 0.000273313577054, 0.000252061494393, 0.000144032645039, 0.000134933172376, 6.66573832859e-05, 7.44950157241e-05, 4.28946623288e-05, 3.5906155972e-05, 2.65697199211e-05, 2.9076314604e-05, 2.46439449256e-05, 1.91082363017e-05, 1.57717677212e-05], "max": [0.00120087503456, 0.0458549410105, 0.0618058443069, 0.125013768673, 0.0680249482393, 0.00971430912614, 0.0116989910603, 0.0189897380769, 0.0316834114492, 0.0157524105161, 0.0224824231118, 0.0161938481033, 0.0188732463866, 0.00875929091126, 0.00904204510152, 0.00894136168063, 0.0019602465909, 0.00188285985496, 0.00165470654611, 0.00199769856408, 0.00079619535245, 0.000817266991362, 0.00122337241191, 0.00159705092665, 0.00121816375758, 0.000875286583323, 0.000254977552686], "var": [1.01189669977e-08, 2.08081582969e-05, 5.44857866771e-05, 0.000285832735244, 1.86977213161e-05, 1.25719407151e-06, 4.63604237666e-07, 1.02555179637e-06, 1.03482007034e-05, 1.40190888942e-06, 4.76701006846e-06, 1.76575701971e-06, 2.98558870782e-06, 4.34187967358e-07, 2.71207937885e-07, 9.72906263996e-07, 4.81053987755e-08, 4.33371987185e-08, 1.65535158914e-08, 2.54269778566e-08, 7.22254700491e-09, 5.74289638067e-09, 4.03991018416e-09, 5.34233768335e-09, 4.20077750363e-09, 2.3886832512e-09, 1.19169807355e-09], "mean": [4.64557742816e-05, 0.00278114131652, 0.00615895818919, 0.00959179829806, 0.00431818375364, 0.00124104227871, 0.000661989906803, 0.000609404291026, 0.00180337694474, 0.000813177553937, 0.00162807037123, 0.00102431606501, 0.00100998813286, 0.000437676120782, 0.000560980930459, 0.000682987389155, 0.000325439672451, 0.000324727705447, 0.000161581294378, 0.000184105185326, 0.000101067256765, 8.62427987158e-05, 7.20964380889e-05, 8.41026630951e-05, 7.09891610313e-05, 5.74358200538e-05, 3.3162683394e-05]}, "erbbands_skewness": {"dmean2": 0.472626954317, "median": 0.123688042164, "min": -8.33090877533, "dvar2": 0.268977552652, "dvar": 0.108201272786, "dmean": 0.298520445824, "max": 2.0583896637, "var": 1.13901340961, "mean": 0.0239147692919}, "erbbands_spread": {"dmean2": 12.4019107819, "median": 36.3633880615, "min": 1.27564418316, "dvar2": 142.53767395, "dvar": 66.8468475342, "dmean": 8.37203407288, "max": 104.671440125, "var": 236.918045044, "mean": 37.2721595764}, "melbands_kurtosis": {"dmean2": 13.9187965393, "median": 6.65924263, "min": -1.95773756504, "dvar2": 473.893005371, "dvar": 187.642211914, "dmean": 8.4083738327, "max": 182.014801025, "var": 209.585372925, "mean": 11.3567934036}, "melbands": {"dmean2": [0.000947956868913, 0.00309461820871, 0.00583889940754, 0.0012820516713, 0.000430084503023, 0.000197815810679, 0.000112594585516, 0.000162816882948, 0.000194803142222, 0.00034159552888, 0.000127166538732, 0.000152277993038, 0.000216682237806, 0.000119171891129, 0.000109387146949, 8.71395968716e-05, 4.18343588535e-05, 3.22388659697e-05, 3.86870233342e-05, 3.56402233592e-05, 2.31048416026e-05, 1.27538105517e-05, 1.81996001629e-05, 9.41142752708e-06, 5.02655484524e-06, 4.86970111524e-06, 4.34434377894e-06, 3.91057483284e-06, 2.74855551652e-06, 1.78908351245e-06, 1.55468887897e-06, 1.2192530221e-06, 1.16970522868e-06, 7.8393458125e-07, 7.76528963797e-07, 7.18874275663e-07, 6.5102597091e-07, 6.04247986757e-07, 5.1821677971e-07, 4.46706110324e-07], "median": [0.000301298889099, 0.00138910731766, 0.00199359515682, 0.000868913135491, 0.00034568956471, 0.000159576404258, 9.54689603532e-05, 9.6445393865e-05, 8.80188890733e-05, 7.27719161659e-05, 5.19602981512e-05, 0.000102512865851, 0.000115246511996, 7.02210454619e-05, 4.72931278637e-05, 2.67736249953e-05, 2.29189317906e-05, 2.05162468774e-05, 3.9509308408e-05, 4.08224441344e-05, 2.59024309344e-05, 1.54240660777e-05, 2.00160684471e-05, 1.19243504741e-05, 6.19594266027e-06, 5.23655126017e-06, 4.70053146273e-06, 4.35420406575e-06, 2.46023273576e-06, 1.86764771115e-06, 1.64194352692e-06, 1.28989904624e-06, 1.26088912111e-06, 9.15596274353e-07, 1.05971162156e-06, 9.96775725071e-07, 8.96840674613e-07, 8.61900161908e-07, 7.30435942842e-07, 6.2651213284e-07], "min": [1.73858139585e-24, 6.87776170218e-25, 2.83702958004e-24, 3.14014918565e-24, 2.44036921486e-24, 3.7874355908e-24, 1.45434297879e-24, 1.98184144712e-24, 2.46111862325e-24, 2.95724705161e-24, 4.15056443712e-24, 2.89890349071e-24, 4.6784094126e-24, 3.43021649595e-24, 4.54307361899e-24, 3.15859393691e-24, 3.97662889056e-24, 3.59156063917e-24, 2.749603873e-24, 3.61396704989e-24, 4.23055335519e-24, 3.20239681918e-24, 3.88355947539e-24, 4.96589675331e-24, 4.9668836183e-24, 4.56268272895e-24, 5.8215560334e-24, 5.97802067749e-24, 5.58534267938e-24, 5.79966711543e-24, 5.93031313096e-24, 6.68502661417e-24, 4.57783359149e-24, 7.28997169909e-24, 5.42531830045e-24, 6.64352779739e-24, 6.88012453781e-24, 7.17113295916e-24, 6.32706677893e-24, 6.80560637012e-24], "dvar2": [3.09142433252e-06, 2.32399233937e-05, 9.67828527791e-05, 5.54500502403e-06, 3.4080903788e-07, 5.92417563894e-08, 2.28606094055e-08, 1.0