{"tonal": {"thpcp": [1, 0.780455231667, 0.467097073793, 0.422214627266, 0.517268359661, 0.656841218472, 0.616720974445, 0.534023404121, 0.529796242714, 0.453547418118, 0.367324441671, 0.317047208548, 0.267928123474, 0.26674720645, 0.476752728224, 0.582158744335, 0.414390563965, 0.259678572416, 0.196140766144, 0.299452453852, 0.454776257277, 0.427565336227, 0.293680936098, 0.261288404465, 0.246254011989, 0.239228501916, 0.324786812067, 0.453735291958, 0.66898393631, 0.778019547462, 0.652265250683, 0.532832503319, 0.469846814871, 0.396330267191, 0.465238302946, 0.768082082272], "hpcp": {"dmean2": [0.316630482674, 0.309119164944, 0.346973419189, 0.382186114788, 0.435444772243, 0.40395745635, 0.304037570953, 0.258214086294, 0.306407660246, 0.362791150808, 0.344548016787, 0.308023005724, 0.312451809645, 0.270291566849, 0.233518689871, 0.212629616261, 0.197599053383, 0.174685150385, 0.249692216516, 0.295182853937, 0.233896717429, 0.178993061185, 0.146434858441, 0.231036052108, 0.344110608101, 0.257110446692, 0.175293758512, 0.162401691079, 0.155433580279, 0.172026723623, 0.223904728889, 0.267326921225, 0.328260660172, 0.403986245394, 0.336475133896, 0.347112596035], "median": [0.142832666636, 0.118193507195, 0.13326446712, 0.25246411562, 0.392271012068, 0.294422775507, 0.15964999795, 0.13605158031, 0.171533226967, 0.209318429232, 0.207481592894, 0.173569083214, 0.166825175285, 0.142835214734, 0.110023826361, 0.0846286788583, 0.0750335007906, 0.0875312760472, 0.15370541811, 0.18130916357, 0.129314541817, 0.0721244812012, 0.0549567267299, 0.07853808254, 0.114091023803, 0.122313708067, 0.0940780639648, 0.0721249878407, 0.0627541691065, 0.0635893270373, 0.0895652994514, 0.134807482362, 0.22667773068, 0.267201840878, 0.200332134962, 0.156520247459], "min": [0, 0, 0, 0, 0, 0, 0, 0, 0, 0, 0, 0, 0, 0, 0, 0, 0, 0, 0, 0, 0, 0, 0, 0, 0, 0, 0, 0, 0, 0, 0, 0, 0, 0, 0, 0], "dvar2": [0.12619048357, 0.137441411614, 0.152720943093, 0.133961424232, 0.144103527069, 0.136591091752, 0.110224150121, 0.0960577130318, 0.110903680325, 0.129047378898, 0.11691480875, 0.1049868837, 0.116600461304, 0.0901763364673, 0.0685706064105, 0.0647876784205, 0.0585108101368, 0.0427433736622, 0.0782949328423, 0.10053075105, 0.064666941762, 0.0458806194365, 0.0323966704309, 0.0651326626539, 0.169170930982, 0.0767847448587, 0.0418770313263, 0.0407354421914, 0.0422864556313, 0.0511885099113, 0.0812875032425, 0.0965396612883, 0.111951008439, 0.154922902584, 0.120401233435, 0.138728812337], "dvar": [0.0469814054668, 0.0476902648807, 0.0512683652341, 0.0512790828943, 0.06412833184, 0.0531360358, 0.0393478348851, 0.0346590913832, 0.0406918488443, 0.0547239482403, 0.0455526001751, 0.0387749671936, 0.0421829596162, 0.0330345630646, 0.0250267609954, 0.0231134742498, 0.0205888822675, 0.0152263408527, 0.0305786021054, 0.0392197966576, 0.0244952328503, 0.0165967997164, 0.0111059006304, 0.0235215108842, 0.0645666345954, 0.0300810150802, 0.0154012152925, 0.0147759811953, 0.0158829651773, 0.0184365604073, 0.0297663323581, 0.0367963425815, 0.0433224700391, 0.0588867552578, 0.047725841403, 0.0518794804811], "dmean": [0.182518199086, 0.173843979836, 0.193393945694, 0.220261320472, 0.261196881533, 0.244336098433, 0.176045328379, 0.149641990662, 0.179370522499, 0.211682066321, 0.200883373618, 0.178811460733, 0.183517038822, 0.159120813012, 0.133955687284, 0.121984407306, 0.111452229321, 0.100340269506, 0.148795008659, 0.174308881164, 0.138272583485, 0.103784024715, 0.0820767432451, 0.128388613462, 0.193193301558, 0.148616060615, 0.102347761393, 0.0938832238317, 0.090785048902, 0.0986738875508, 0.129901960492, 0.157454177737, 0.195484757423, 0.236757218838, 0.199749469757, 0.199814349413], "max": [1, 1, 1, 1, 1, 1, 1, 1, 1, 1, 1, 1, 1, 1, 1, 1, 1, 1, 1, 1, 1, 1, 1, 1, 1, 1, 1, 1, 1, 1, 1, 1, 1, 1, 1, 1], "var": [0.0563820935786, 0.0466793514788, 0.0563612282276, 0.0982184559107, 0.122724734247, 0.0931962579489, 0.0478858202696, 0.044178172946, 0.0569119788706, 0.0901363566518, 0.0741119757295, 0.0621592998505, 0.0652327015996, 0.0487069860101, 0.0344990938902, 0.0303722433746, 0.0226390566677, 0.0180754940957, 0.0511069521308, 0.0776753723621, 0.0413152910769, 0.0197686217725, 0.0119248498231, 0.0269633717835, 0.0707922279835, 0.0466608665884, 0.0220439210534, 0.02167920582, 0.0245942510664, 0.019197223708, 0.0342711135745, 0.0543333590031, 0.0872303321958, 0.113445967436, 0.0920745432377, 0.0732764974236], "mean": [0.218563467264, 0.184365019202, 0.216419681907, 0.357296645641, 0.465180277824, 0.363052368164, 0.217284351587, 0.196405917406, 0.240623027086, 0.30554959178, 0.286886423826, 0.248417168856, 0.24645075202, 0.210981309414, 0.170872092247, 0.147484108806, 0.124634884298, 0.12408554554, 0.221775963902, 0.270808756351, 0.192766323686, 0.120797343552, 0.0912408158183, 0.139299377799, 0.21155294776, 0.198894962668, 0.136614575982, 0.121546216309, 0.114552512765, 0.111284382641, 0.151084423065, 0.211068704724, 0.311198145151, 0.361919343472, 0.303420931101, 0.247863158584]}, "tuning_equal_tempered_deviation": 0.181663349271, "chords_changes_rate": 0.0960290655494, "key_key": "G#", "tuning_diatonic_strength": 0.591197431087, "key_scale": "major", "chords_number_rate": 0.00168699712958, "tuning_frequency": 434.193115234, "tuning_nontempered_energy_ratio": 0.884729325771, "chords_histogram": [25.8110561371, 9.34336853027, 10.0960292816, 2.24500393867, 2.20607328415, 0, 1.57020509243, 0.999221384525, 0.830521643162, 2.98468732834, 0.81754475832, 0, 0, 0.0259538013488, 0.674798846245, 1.54425120354, 0.350376337767, 2.41370368004, 0, 2.08928108215, 0.999221384525, 13.7555150986, 8.64261627197, 12.6005706787], "key_strength": 0.58577054739, "chords_key": "G#", "chords_strength": {"dmean2": 0.0125655326992, "median": 0.428598761559, "min": 0.21037492156, "dvar2": 0.000109208158392, "dvar": 5.95346537011e-05, "dmean": 0.00936937332153, "max": 0.685703217983, "var": 0.00670665921643, "mean": 0.435601651669}, "chords_scale": "major", "hpcp_entropy": {"dmean2": 1.26429021358, "median": 2.76857876778, "min": 0, "dvar2": 0.947083413601, "dvar": 0.365422159433, "dmean": 0.757599592209, "max": 4.64638662338, "var": 0.696744441986, "mean": 2.6601858139}}, "metadata": {"audio_properties": {"equal_loudness": 0, "codec": "mp3", "downmix": "mix", "sample_rate": 44100, "analysis_sample_rate": 44100, "bit_rate": 320000, "md5_encoded": "a3628ed4f780849281c09ce234fc09ae", "length": 357.799194336, "replay_gain": -3.21538162231, "lossless": false}, "version": {"essentia_build_sha": "2d9f1f26377add8aeb1075a9c2973f962c4f09fd", "essentia": "2.1-beta2", "extractor": "music 1.0", "essentia_git_sha": "v2.1_beta2-1-ge3940c0"}, "tags": {"title": ["Twist"], "language": ["mul"], "media": ["CD"], "albumartist": ["Komet"], "musicbrainz_releasegroupid": ["5f52017f-829c-3c9b-a7aa-7d33f47c8945"], "musicbrainz_recordingid": ["167ca045-744b-418a-8819-7e5ed58dfc81"], "musicbrainz_albumartistid": ["23379579-b65c-43b5-bf60-b9c72aacb95d"], "discnumber": ["01/01"], "bpm": ["120.01"], "catalognumber": ["cdr054"], "contentgroup": ["Abstract,Experimental,Minimal"], "musicbrainz album type": ["Album"], "musicbrainz album status": ["Official"], "file_name": "1-07 - Twist.mp3", "acoustid_fingerprint": ["AQADtFHSSMkUTvggHifyCe2PC5eLPPANXfMQK2B-wc829OAe5D906siHiwcTFw8Lv-h99IlSND_yRNCPLNoJjyF-4e8RxsYPLS_K7sg3lMeN7kHPHGHiQ-8GhjnSfsjxH9p2xMqNT-gPd_mCvsWPhwjlTBV8aD9KobEYEX19pBU8mUR15ApkIzzhjAd-HEeOX4K2DvHxF72Oawn-w4plhLohxUPqg8WrBO_QX7hR5UeY9DgD7VkG_zi4F9ZRTTgF7Tr8GL6QknsRvgl-VA-sbYOkLBMeHf9a8PiOQz2eEbmUo9dRbzuaI9-C-0OfF82kROh68MGP40vgUseDF-mN4zl-_DgR__gJTVZyIM9RR8cnIZciULmgLdJxMUYYFy0X9GB_XMjXHNQD1enRqD7aZcc7XPgDC9pR7fCRE9dxCxW3D-EOfzsqKgu0HPzwKZ2hHz-cobrQw-rxBp9w_zgzqBVcEz0qNC-OPoGP6tATkE2RJaF44TmOK8dX5DjUR-ie49TBJwjtI1_gcAq6GGpzlAzSqziXwMfXg7o05HASHeKjFdWH-uBsXBIOLTnOo7aQVsW5q3gIfwribMcrwrEEzcZ_PKmGPj-u43D2Q6PQMYh-7A7O402Qj3AldFoGbSIP5vhxoR_EPBkYD-FxERRp47iOHyleqD8oOUeP-Ef4DD-DQ5lk9EOoH1_xYbfxIMcv_IF4VMcVGv2hHz8aXbjwB81d_HiNq4d7C79xWB5aKniUGfWDQ4eP6niCWjz8HD0u9DGYhMMDKVYgSdfBj0YP1FogPlGC40L84BpA7_B7PEd2Cj6aPDrk40efYJdgG9qs4Dsuoc90_MaP79jxHUdzXA-uXOiYY-dxNCfwFj1xmMKqrIdvHCe0xMlwBU9CTD5OHM3x40KdcBReQofzBNPxCU8SSDn-HN1x9PATBdoHZkVs4gQNOziuq0g7BnxxElr048txTJ_wVdCSFp-B8At-XB9CR6guHcNtaDkenMaPaRQE5-hxow9wvNh_3MdhVMd7nFG8QTsO39AGeXh6NDn6vMAzMDkTDcwT6ELFT3A5dM2FHRXhB32QZ8cRPsaBPRpO6jLa4_AFHaeFacPhFHUz6DiTo8c5HCcr_MQPHVMu_AvOC1V1fDF-NLnwQqfROCny4ruQHt8hnuCJ6sg-6cMjvbh4hHoGUUf1I2gYH-WE-jr8o8df1BdSH6eS48Tx4MvxMLBmxMbx4wk-UD-M_AIjZvgmaMmmoz-eJaiMh9i0BpqKs-iDoz-evMPULMfx-_CFDif0HdN4Qj-MXsJxpmhyHN_xhfCPVcdpNIdeC3qkoz6ewzl6HJojfDR89McL5oa7oTIOJjJ0LbiCP4OP48iD44Tf4_Av5A1q9CIa_lC9Hx_qYxNkSqh4oceDfjhRZ0rwX8GH9UTzQRd-6DumKziaEz9-4Rl62MaJjy02HTp8VMc5D48wHYeP4j7qXBBzHP2wE92IJ0WbQZtGPExyaOZx9LBaRJKDNsHF6NiDI6h_PLnwHj2aHP-hGzV-bDYKeZVQ_fiE4xW-xcK4o-hEQ8txrPvQv4AP7cBTNMdXHN8K38IqnEKDv_iHOsQPC5r-AN_RiziaM8cP5jjhojL6BOKVCHw0_EiP44PD4DmMH0eOOrnwG22hBT8uo4ZoYTpeoj-OH92GJ6IxXcePU4fRHT9GJqgPvfCF4tPw1Giq4Dh2hP1xUUefHd-PrB2-XgF_6AnynfiPj8VX4x8eJj1-fAgTHx_0C1rC5cIXHT_O40dq4zhuvDaOHz8e3Ed4Hw2LfquCK0EkHWc6-OiLvEePF5pN9CM-6oIP8caD5jlynCoe9PCL8AFUZ0JzDTdx_BUe_DAPRfnwH9d0POhGH85RCHWED4d_VM8BKU4Dsah89LnQVDX4BLUCMdbQC3lFVFRgF_9hkjpy3EeP68cn-BF-7IuOHttR6BtOITyLcwiFO8rx6YF-fDzCJ2geXNiR30EfHY2O40Yv-DlsMVB-mEcfCONM4_jwoCL-QczRHvmFJ9nRRjl89HiOBxGNQxuVIG4kHMfh69iPCzseH0VQ7_h51HjR_Ojx7IhIDj0sKig-kQhxaDaHH902-Dj0o_pwHbmKR0dhVDOR482h5ZLwSceHfCEcRD8Hv_ihfQEHmAACIIkAUIARgAAQBCAGhBGAIQCBYAAAZgAgAhigJBBGAQIMIAIJAcRQWAgglFAKI1GBwEgAiwAgDBiChAMCEUGII4oJgggBzhgHCBEIaFKEAZQowwBAzAHjmGLKIQOUQMwhJgAhDBgmGEADWCGEEoApY5wTTCkDkADaAEUFEwIpB5BgJiCghALMIGMRuAAYgAR0ABlACGAQAGAEY8AABSgzQigBEBEEOIMEBEgIhZgyQCBlkTNKASqIEAAoZQhCxBqAhNAGCaEAIMYAAwxgSgAALIJOmIMAYoQqBQBQgCGjGGDMEAWIYEgoYJBgCCiAlKIAGAGQEQAA4wgASkyRuDGOOkSAIcIoA4RERABnERJAGGMYEcgwjJAAAkmHIENMWCAEEEYjZIB0GgGjBANCGWMUINQKJgAwQkDnEBMEKQSAIFYAgAhAwiOkFDIMQEc5MIogwLBiwAilCCFCAMesRE5RBJARVAKBBGIOKaygAYgCYIQjximJgANiQaSEMwARqJ3CTCbNmGMKOQCQclIZwJgwSBAghAOAWIKAAU4IZgUxQBhgDHAcAWMNRgg9h5wyViGFAHECIUOJQsgoQgQh0gEAHFIIGGsAMZAJo4RyViADJRLIAiSAo4wCIBBAwhnALDXIKWokQwRggIwCBjghGIJYIcVFBAQAAQQQAAjJDLEAOMSAAkg5KQwiDACEnFCMCWA0YkwhJphARghjBHFAACWkQBIoTBAQCglnhBGCOCSU0chEgpgVRhCAGDAYEYCQMIA5QRhmDhgBlCDEAASYMwAgKZ0ARghJLERCkiMBckpJTSiyyCkjmILGKSWEAQ4xIpFTTmmnACRGESkMAMoaBJwgAg"], "date": ["2003-07"], "genre": ["Electronic"], "musicbrainz album release country": ["DE"], "album": ["Gold"], "musicbrainz_artistid": ["23379579-b65c-43b5-bf60-b9c72aacb95d"], "originaldate": ["2003-07"], "musicbrainz_albumid": ["364cf578-82c5-48d7-b3ca-92ee78c3b481"], "originalalbum": ["Gold"], "tracknumber": ["07/08"], "artistsort": ["Komet"], "artist": ["Komet"], "label": ["Raster-Noton"], "albumartistsort": ["Komet", "Komet"], "acoustid_id": ["48846bdd-d792-4163-8c8c-0a9659e3ff34"], "script": ["Latin"]}}, "rhythm": {"bpm_histogram_first_peak_bpm": {"dmean2": 0, "median": 120, "min": 120, "dvar2": 0, "dvar": 0, "dmean": 0, "max": 120, "var": 0, "mean": 120}, "bpm": 119.999702454, "bpm_histogram_second_peak_spread": {"dmean2": 0, "median": 0, "min": 0, "dvar2": 0, "dvar": 0, "dmean": 0, "max": 0, "var": 0, "mean": 0}, "bpm_histogram_first_peak_weight": {"dmean2": 0, "median": 0.910364151001, "min": 0.910364151001, "dvar2": 0, "dvar": 0, "dmean": 0, "max": 0.910364151001, "var": 0, "mean": 0.910364151001}, "onset_rate": 4.0802693367, "beats_position": [0.417959183455, 0.870748281479, 1.31192743778, 1.78793644905, 2.27555561066, 2.77478456497, 3.27401351929, 3.7732424736, 4.27247142792, 4.77170038223, 5.27092981339, 5.78176879883, 6.28099775314, 6.78022670746, 7.27945566177, 7.77868461609, 8.27791404724, 8.77714252472, 9.27637195587, 9.77560043335, 10.2748298645, 10.774058342, 11.2732877731, 11.7725172043, 12.2833557129, 12.782585144, 13.2818136215, 13.7810430527, 14.2802715302, 14.7795009613, 15.2787294388, 15.7779588699, 16.2771873474, 16.7764167786, 17.2756462097, 17.7748756409, 18.2741031647, 18.7733325958, 19.272562027, 19.7717914581, 20.2710208893, 20.7702484131, 21.2694778442, 21.7687072754, 22.2679367065, 22.7787742615, 23.2780036926, 23.7772331238, 24.2764625549, 24.7756919861, 25.2749195099, 25.774148941, 26.2733783722, 26.7726078033, 27.2718353271, 27.7710647583, 28.2819042206, 28.7811336517, 29.2803630829, 29.7912006378, 30.3136501312, 30.870929718, 31.4282073975, 31.9854869843, 32.5079345703, 33.0187759399, 33.5296134949, 34.028842926, 34.5280723572, 35.0273017883, 35.5265312195, 36.0257606506, 36.5249862671, 37.0242156982, 37.5234451294, 38.0226745605, 38.5219039917, 39.0211334229, 39.520362854, 40.0312004089, 40.5304298401, 41.0296592712, 41.5288887024, 42.0281181335, 42.5273475647, 43.0265769958, 43.5258026123, 44.0250320435, 44.5242614746, 45.0234909058, 45.5227203369, 46.0219497681, 46.532787323, 47.0320167542, 47.5312461853, 48.0304756165, 48.5297050476, 49.0289344788, 49.5281639099, 50.0273895264, 50.5266189575, 51.0258483887, 51.5250778198, 52.024307251, 52.5235366821, 53.0227661133, 53.5219955444, 54.0328330994, 54.5320625305, 55.0312919617, 55.5305213928, 56.029750824, 56.5289802551, 57.0282058716, 57.5274353027, 58.0266647339, 58.525894165, 59.0251235962, 59.5243530273, 60.0235824585, 60.5228118896, 61.0220413208, 61.5328788757, 62.0321083069, 62.531337738, 63.0305671692, 63.5297966003, 64.0290222168, 64.5282516479, 65.0274810791, 65.5267105103, 66.0259399414, 66.5251693726, 67.0243988037, 67.5236282349, 68.022857666, 68.5220870972, 69.0329208374, 69.5321502686, 70.0313796997, 70.5306091309, 71.029838562, 71.5290679932, 72.0282974243, 72.5275268555, 73.0267562866, 73.5259857178, 74.0252151489, 74.5244445801, 75.0236740112, 75.5229034424, 76.0221328735, 76.5213623047, 77.0205917358, 77.5314254761, 78.0306549072, 78.5298843384, 79.0291137695, 79.5283432007, 80.0275726318, 80.526802063, 81.0260314941, 81.5252609253, 82.0244903564, 82.5237197876, 83.0229492188, 83.5221786499, 84.0330123901, 84.5322418213, 85.0314712524, 85.5307006836, 86.0299301147, 86.5291595459, 87.0283889771, 87.5276184082, 88.0268478394, 88.5260772705, 89.0253067017, 89.5245361328, 90.023765564, 90.5229949951, 91.0222167969, 91.5330581665, 92.0322875977, 92.5315170288, 93.03074646, 93.5299758911, 94.0292053223, 94.5284347534, 95.0276641846, 95.5268936157, 96.0261230469, 96.525352478, 97.0245819092, 97.5238113403, 98.0346450806, 98.5338745117, 99.0331039429, 99.532333374, 100.031562805, 100.530792236, 101.030021667, 101.529251099, 102.02848053, 102.527709961, 103.026939392, 103.526168823, 104.025398254, 104.524627686, 105.023849487, 105.534690857, 106.033920288, 106.533149719, 107.03237915, 107.531608582, 108.030838013, 108.530067444, 109.029296875, 109.528526306, 110.027755737, 110.526985168, 111.0262146, 111.525436401, 112.024665833, 112.523895264, 113.034736633, 113.533966064, 114.033195496, 114.532424927, 115.031654358, 115.530883789, 116.03011322, 116.529342651, 117.028572083, 117.527801514, 118.027030945, 118.526252747, 119.025482178, 119.524711609, 120.02394104, 120.523170471, 121.022399902, 121.533241272, 122.032470703, 122.531700134, 123.030929565, 123.530158997, 124.029388428, 124.528617859, 125.02784729, 125.527069092, 126.026298523, 126.525527954, 127.024757385, 127.523986816, 128.034820557, 128.534057617, 129.033279419, 129.532516479, 130.031738281, 130.530975342, 131.030197144, 131.529434204, 132.028656006, 132.527893066, 133.027114868, 133.526351929, 134.02557373, 134.524810791, 135.024032593, 135.534866333, 136.034103394, 136.533325195, 137.032562256, 137.531784058, 138.031021118, 138.53024292, 139.02947998, 139.528701782, 140.027938843, 140.527160645, 141.026397705, 141.525619507, 142.036453247, 142.535690308, 143.034912109, 143.53414917, 144.033370972, 144.532608032, 145.031829834, 145.531066895, 146.030288696, 146.529525757, 147.028747559, 147.527984619, 148.027206421, 148.526443481, 149.025665283, 149.524902344, 150.024124146, 150.523345947, 151.022583008, 151.533416748, 152.032653809, 152.53187561, 153.031112671, 153.530334473, 154.029571533, 154.528793335, 155.028030396, 155.527252197, 156.038085938, 156.52571106, 157.0365448, 157.53578186, 158.035003662, 158.534240723, 159.033462524, 159.532699585, 160.031921387, 160.531158447, 161.030380249, 161.52961731, 162.028839111, 162.528076172, 163.027297974, 163.526535034, 164.025756836, 164.524978638, 165.024215698, 165.5234375, 166.022674561, 166.533508301, 167.032745361, 167.531967163, 168.031204224, 168.530426025, 169.029663086, 169.528884888, 170.028121948, 170.52734375, 171.026565552, 171.525802612, 172.036636353, 172.535873413, 173.035095215, 173.534332275, 174.033554077, 174.532791138, 175.032012939, 175.53125, 176.030471802, 176.529708862, 177.028930664, 177.528152466, 178.027389526, 178.526611328, 179.025848389, 179.52507019, 180.024307251, 180.523529053, 181.022766113, 181.533599854, 182.032836914, 182.532058716, 183.031295776, 183.530517578, 184.029754639, 184.52897644, 185.028198242, 185.527435303, 186.026657104, 186.525894165, 187.025115967, 187.524353027, 188.035186768, 188.534423828, 189.03364563, 189.53288269, 190.032104492, 190.531341553, 191.030563354, 191.529785156, 192.029022217, 192.528244019, 193.027481079, 193.526702881, 194.025939941, 194.525161743, 195.024398804, 195.523620605, 196.022857666, 196.533691406, 197.032928467, 197.532150269, 198.03137207, 198.530609131, 199.029830933, 199.529067993, 200.028289795, 200.527526855, 201.026748657, 201.525985718, 202.036819458, 202.536056519, 203.03527832, 203.534515381, 204.033737183, 204.532974243, 205.032196045, 205.531417847, 206.030654907, 206.529876709, 207.02911377, 207.528335571, 208.027572632, 208.526794434, 209.026031494, 209.525253296, 210.024490356, 210.523712158, 211.022949219, 211.533782959, 212.033004761, 212.532241821, 213.031463623, 213.530700684, 214.029922485, 214.529159546, 215.028381348, 215.527618408, 216.02684021, 216.526077271, 217.025299072, 217.524536133, 218.035369873, 218.534591675, 219.033828735, 219.533050537, 220.032287598, 220.531509399, 221.03074646, 221.529968262, 222.029205322, 222.528427124, 223.027664185, 223.526885986, 224.026123047, 224.525344849, 225.024581909, 225.535415649, 226.034637451, 226.533874512, 227.033096313, 227.532333374, 228.031555176, 228.530792236, 229.030014038, 229.529251099, 230.0284729, 230.527709961, 231.026931763, 231.526168823, 232.025390625, 232.524627686, 233.023849487, 233.523086548, 234.033920288, 234.53314209, 235.03237915, 235.531600952, 236.030838013, 236.530059814, 237.029296875, 237.528518677, 238.027755737, 238.526977539, 239.0262146, 239.525436401, 240.024673462, 240.523895264, 241.023132324, 241.533966064, 242.033187866, 242.532424927, 243.031646729, 243.530883789, 244.030105591, 244.529342651, 245.028564453, 245.527801514, 246.027023315, 246.526260376, 247.025482178, 247.524719238, 248.035552979, 248.53477478, 249.034011841, 249.533233643, 250.032470703, 250.531692505, 251.030929565, 251.530151367, 252.029388428, 252.540222168, 253.02784729, 253.527069092, 254.026306152, 254.537139893, 255.036361694, 255.535598755, 256.034820557, 256.534057617, 257.033294678, 257.532501221, 258.031738281, 258.530975342, 259.030212402, 259.529418945, 260.040252686, 260.527893066, 261.027130127, 261.52633667, 262.03717041, 262.536407471, 263.035644531, 263.534881592, 264.034088135, 264.533325195, 265.032562256, 265.531799316, 266.031005859, 266.53024292, 267.02947998, 267.528717041, 268.027923584, 268.527160645, 269.026397705, 269.525604248, 270.024841309, 270.524078369, 271.02331543, 271.522521973, 272.021759033, 272.532592773, 273.031829834, 273.531066895, 274.030303955, 274.529510498, 275.028747559, 275.527984619, 276.027191162, 276.526428223, 277.025665283, 277.524902344, 278.024108887, 278.523345947, 279.022583008, 279.521820068, 280.032653809, 280.531890869, 281.031097412, 281.530334473, 282.029571533, 282.528778076, 283.028015137, 283.527252197, 284.026489258, 284.525695801, 285.024932861, 285.524169922, 286.023406982, 286.522613525, 287.021850586, 287.532684326, 288.031921387, 288.531158447, 289.03036499, 289.529602051, 290.028839111, 290.528076172, 291.027282715, 291.526519775, 292.025756836, 292.524993896, 293.024200439, 293.5234375, 294.03427124, 294.533508301, 295.032745361, 295.531982422, 296.031188965, 296.530426025, 297.029663086, 297.528869629, 298.028106689, 298.52734375, 299.026580811, 299.525787354, 300.025024414, 300.524261475, 301.023498535, 301.534332275, 302.033569336, 302.532775879, 303.032012939, 303.53125, 304.030456543, 304.529693604, 305.028930664, 305.528167725, 306.027374268, 306.526611328, 307.025848389, 307.525085449, 308.024291992, 308.523529053, 309.034362793, 309.533599854, 310.032836914, 310.532043457, 311.031280518, 311.530517578, 312.029754639, 312.528961182, 313.028198242, 313.527435303, 314.026672363, 314.525878906, 315.025115967, 315.524353027, 316.023590088, 316.534423828, 317.033630371, 317.532867432, 318.032104492, 318.531341553, 319.030548096, 319.529785156, 320.029022217, 320.528259277, 321.02746582, 321.526702881, 322.025939941, 322.525177002, 323.024383545, 323.523620605, 324.034454346, 324.533691406, 325.032928467, 325.53213501, 326.03137207, 326.530609131, 327.029846191, 327.529052734, 328.028289795, 328.527526855, 329.026763916, 329.525970459, 330.02520752, 330.52444458, 331.023681641, 331.534515381, 332.033721924, 332.532958984, 333.032196045, 333.531433105, 334.030639648, 334.529876709, 335.02911377, 335.52835083, 336.027557373, 336.526794434, 337.026031494, 337.525268555, 338.024475098, 338.523712158, 339.022949219, 339.522155762, 340.03302002, 340.532226563, 341.031463623, 341.530700684, 342.029937744, 342.529144287, 343.028381348, 343.527618408, 344.026855469, 344.526062012, 345.025299072, 345.524536133, 346.023742676, 346.522979736, 347.022216797, 347.533050537, 348.032287598, 348.531524658, 349.030731201, 349.529968262, 350.029205322, 350.528442383, 351.027648926, 351.526885986, 352.026123047, 352.525360107, 353.02456665, 353.523803711, 354.023040771, 354.522247314, 355.021484375, 355.520721436, 356.019958496, 356.519165039, 357.0184021, 357.51763916], "beats_loudness": {"dmean2": 0.0850977376103, "median": 0.00781065318733, "min": 0.000101084529888, "dvar2": 0.041195012629, "dvar": 0.0150749329478, "dmean": 0.0474742650986, "max": 0.981401145458, "var": 0.0106113441288, "mean": 0.0388409867883}, "danceability": 0.975081086159, "bpm_histogram_second_peak_weight": {"dmean2": 0, "median": 0.00420168088749, "min": 0.00420168088749, "dvar2": 0, "dvar": 0, "dmean": 0, "max": 0.00420168088749, "var": 0, "mean": 0.00420168088749}, "beats_count": 715, "bpm_histogram_second_peak_bpm": {"dmean2": 0, "median": 108, "min": 108, "dvar2": 0, "dvar": 0, "dmean": 0, "max": 108, "var": 0, "mean": 108}, "bpm_histogram_first_peak_spread": {"dmean2": 0, "median": 0.0793201103806, "min": 0.0793201103806, "dvar2": 0, "dvar": 0, "dmean": 0, "max": 0.0793201103806, "var": 0, "mean": 0.0793201103806}, "beats_loudness_band_ratio": {"dmean2": [0.300622940063, 0.0640915259719, 0.229684472084, 0.0710449293256, 0.155747637153, 0.163481786847], "median": [0.113507211208, 0.041554633528, 0.169180452824, 0.078159801662, 0.0973052978516, 0.252886325121], "min": [0.000306982692564, 1.47950349856e-05, 0.000242990150582, 0.000112949688628, 5.17637126904e-05, 1.72893996933e-05], "dvar2": [0.143891021609, 0.0109138833359, 0.0763025358319, 0.00718013430014, 0.0298123024404, 0.0228355675936], "dvar": [0.0624935552478, 0.00426459871233, 0.026011172682, 0.00254092365503, 0.0104810437188, 0.0104323765263], "dmean": [0.170224025846, 0.0364611446857, 0.133521094918, 0.0430762916803, 0.0904584825039, 0.0976230800152], "max": [0.9993288517, 0.605410695076, 0.972149670124, 0.427475243807, 0.811001956463, 0.645454406738], "var": [0.0986967533827, 0.00443931343034, 0.0487396977842, 0.00387403718196, 0.0130564365536, 0.028672510758], "mean": [0.268490880728, 0.0532599277794, 0.243277579546, 0.0798994377255, 0.124536558986, 0.244334757328]}}, "lowlevel": {"barkbands_spread": {"dmean2": 16.2360363007, "median": 38.72082901, "min": 0.022965842858, "dvar2": 450.942504883, "dvar": 184.206680298, "dmean": 10.0821399689, "max": 137.336608887, "var": 433.083892822, "mean": 36.9484672546}, "melbands_spread": {"dmean2": 26.5731945038, "median": 43.314994812, "min": 0.0960282683372, "dvar2": 1372.28894043, "dvar": 533.129333496, "dmean": 16.4063568115, "max": 218.468093872, "var": 1018.00012207, "mean": 44.7049942017}, "hfc": {"dmean2": 133.582809448, "median": 8.37214851379, "min": 1.20056822052e-16, "dvar2": 176053.953125, "dvar": 60786.5078125, "dmean": 70.1082382202, "max": 2199.04956055, "var": 33550.2226563, "mean": 48.0266342163}, "barkbands_kurtosis": {"dmean2": 18.3124885559, "median": -0.450810164213, "min": -1.94666278362, "dvar2": 7206.5234375, "dvar": 3443.82641602, "dmean": 11.9294624329, "max": 3628.03662109, "var": 12842.7041016, "mean": 20.8993988037}, "gfcc": {"mean": [-16.6476364136, 32.7414512634, -102.685020447, 24.7061882019, -57.2450714111, 12.2212905884, -25.9643955231, 13.7248210907, -11.4688625336, 14.0412120819, -13.7308807373, -1.15912663937, -15.876625061], "icov": [[0.0003027516359, 0.000178150876309, -0.000301035441225, -0.000253898237133, -2.16004063986e-05, 0.000359004858183, 0.000404704245739, -0.000287384464173, -3.24826287397e-05, 0.000165218822076, -0.000327468907926, -0.000434846093412, 0.000103811595181], [0.000178150876309, 0.00188831589185, 0.000354428339051, -0.00103144603781, 0.000602694344707, 0.00027480974677, -0.000272415869404, 0.000582304433919, -0.00284170405939, 0.00372051494196, -0.00262340833433, 0.00250407191925, -0.00185647408944], [-0.000301035441225, 0.000354428339051, 0.00363332079723, -0.00171485543251, -0.00211807992309, 0.00393182924017, -0.00410543754697, 0.000581031257752, 0.000583722314332, -0.00145794299897, 0.00138784118462, -0.000633201969322, -0.000836139603052], [-0.000253898237133, -0.00103144603781, -0.00171485543251, 0.00525338668376, 0.00185878260527, -0.00534495525062, 0.00248544267379, -0.000321275845636, 0.00123622617684, 0.000219198976993, -0.0039670066908, -7.7298929682e-05, 0.000707462255377], [-2.16004063986e-05, 0.000602694344707, -0.00211807992309, 0.00185878260527, 0.00839531328529, -0.00614229915664, -0.00334589160047, 0.00640819128603, -0.00529428292066, 0.000211307968129, 0.0008814620669, -0.00181968347169, -0.000363363447832], [0.000359004858183, 0.00027480974677, 0.00393182924017, -0.00534495525062, -0.00614229915664, 0.0171129666269, -0.00682704057544, -0.00346360029653, 0.00585319474339, -0.00513834599406, -0.000480610935483, 0.00625406438485, -0.00670695770532], [0.000404704245739, -0.000272415869404, -0.00410543754697, 0.00248544267379, -0.00334589160047, -0.00682704057544, 0.025601528585, -0.0163614917547, -0.00328983622603, 0.0102997617796, -0.0102584864944, 0.000901599938516, 0.00515787815675], [-0.000287384464173, 0.000582304433919, 0.000581031257752, -0.000321275845636, 0.00640819128603, -0.00346360029653, -0.0163614917547, 0.0353096500039, -0.0150990774855, 0.000181763971341, 0.00493015255779, -0.00779705215245, 0.00439659273252], [-3.24826287397e-05, -0.00284170405939, 0.000583722314332, 0.00123622617684, -0.00529428292066, 0.00585319474339, -0.00328983622603, -0.0150990774855, 0.0374630577862, -0.0259388163686, 0.00138781953137, 0.0140389744192, -0.012142399326], [0.000165218822076, 0.00372051494196, -0.00145794299897, 0.000219198976993, 0.000211307968129, -0.00513834599406, 0.0102997617796, 0.000181763971341, -0.0259388163686, 0.0477148294449, -0.0216521807015, 0.00371855357662, 0.00686617009342], [-0.000327468907926, -0.00262340833433, 0.00138784118462, -0.0039670066908, 0.0008814620669, -0.000480610935483, -0.0102584864944, 0.00493015255779, 0.00138781953137, -0.0216521807015, 0.0417789034545, -0.0243040770292, 0.00774322682992], [-0.000434846093412, 0.00250407191925, -0.000633201969322, -7.7298929682e-05, -0.00181968347169, 0.00625406438485, 0.000901599938516, -0.00779705215245, 0.0140389744192, 0.00371855357662, -0.0243040770292, 0.0447699762881, -0.0217963028699], [0.000103811595181, -0.00185647408944, -0.000836139603052, 0.000707462255377, -0.000363363447832, -0.00670695770532, 0.00515787815675, 0.00439659273252, -0.012142399326, 0.00686617009342, 0.00774322682992, -0.0217963028699, 0.0282024648041]], "cov": [[6564.67285156, -1217.51281738, 1171.30444336, 271.008087158, -23.334810257, -399.493713379, -64.6023254395, -41.1979026794, -205.373062134, 19.5517368317, 163.609924316, 332.722106934, -34.4074020386], [-1217.51281738, 1327.70043945, -313.997924805, 286.556610107, -41.6433296204, 205.719100952, 69.3148574829, 57.2783088684, 134.511398315, -13.5532455444, 47.7752990723, -86.3326950073, 83.53565979], [1171.30444336, -313.997924805, 820.500427246, 122.09979248, 244.861175537, -26.6599674225, 175.355667114, 62.5779037476, 43.172039032, 57.2107849121, 84.4949569702, 90.7885971069, 2.8971517086], [271.008087158, 286.556610107, 122.09979248, 511.452545166, 31.5969295502, 175.211730957, 73.5375061035, 42.8569641113, 19.4988880157, 36.0762062073, 114.41381073, 39.1537704468, 29.0591697693], [-23.334810257, -41.6433296204, 244.861175537, 31.5969295502, 391.080810547, 169.601730347, 172.425735474, 61.853843689, 116.173828125, 71.4026031494, 51.6331138611, 5.89579486847, 31.0214862823], [-399.493713379, 205.719100952, -26.6599674225, 175.211730957, 169.601730347, 259.1512146, 130.33454895, 69.5791244507, 83.1436233521, 50.2814483643, 56.7630882263, -19.0186214447, 32.2303962708], [-64.6023254395, 69.3148574829, 175.355667114, 73.5375061035, 172.425735474, 130.33454895, 202.643325806, 103.066833496, 94.3703460693, 48.8478279114, 63.7891197205, 2.39348697662, 1.31740367413], [-41.1979026794, 57.2783088684, 62.5779037476, 42.8569641113, 61.853843689, 69.5791244507, 103.066833496, 95.3708343506, 72.8503570557, 37.5731277466, 34.1057052612, -3.51294636726, -1.53246641159], [-205.373062134, 134.511398315, 43.172039032, 19.4988880157, 116.173828125, 83.1436233521, 94.3703460693, 72.8503570557, 139.706817627, 69.8762359619, 31.4113464355, -30.8632106781, 13.7156429291], [19.5517368317, -13.5532455444, 57.2107849121, 36.0762062073, 71.4026031494, 50.2814483643, 48.8478279114, 37.5731277466, 69.8762359619, 76.9237213135, 43.6220436096, -4.2968621254, -6.02709150314], [163.609924316, 47.7752990723, 84.4949569702, 114.41381073, 51.6331138611, 56.7630882263, 63.7891197205, 34.1057052612, 31.4113464355, 43.6220436096, 89.6751327515, 37.6073150635, 6.70640659332], [332.722106934, -86.3326950073, 90.7885971069, 39.1537704468, 5.89579486847, -19.0186214447, 2.39348697662, -3.51294636726, -30.8632106781, -4.2968621254, 37.6073150635, 78.2485046387, 28.3719139099], [-34.4074020386, 83.53565979, 2.8971517086, 29.0591697693, 31.0214862823, 32.2303962708, 1.31740367413, -1.53246641159, 13.7156429291, -6.02709150314, 6.70640659332, 28.3719139099, 75.9613723755]]}, "spectral_energyband_middle_low": {"dmean2": 0.00892363768071, "median": 0.0013456895249, "min": 2.54785133965e-22, "dvar2": 0.00199165102094, "dvar": 0.000934409501497, "dmean": 0.00576712237671, "max": 1.15328943729, "var": 0.00127971335314, "mean": 0.00672512128949}, "melbands_crest": {"dmean2": 5.46682500839, "median": 9.83640003204, "min": 1.99735832214, "dvar2": 33.1084632874, "dvar": 15.1875305176, "dmean": 3.46093726158, "max": 39.7146568298, "var": 79.3090057373, "mean": 13.7199840546}, "spectral_kurtosis": {"dmean2": 1.5302478075, "median": 2.47699761391, "min": -1.28674781322, "dvar2": 7.21218490601, "dvar": 3.00750041008, "dmean": 0.932087242603, "max": 60.9850654602, "var": 8.37268638611, "mean": 2.99642539024}, "spectral_rms": {"dmean2": 0.00244935741648, "median": 0.00221000495367, "min": 3.21528957972e-12, "dvar2": 3.92120236938e-05, "dvar": 1.65046476468e-05, "dmean": 0.00155873701442, "max": 0.0458267182112, "var": 3.12681695505e-05, "mean": 0.00417801551521}, "zerocrossingrate": {"dmean2": 0.0289447885007, "median": 0.11279296875, "min": 0.001953125, "dvar2": 0.0013754874235, "dvar": 0.000891894393135, "dmean": 0.0222331471741, "max": 0.51220703125, "var": 0.00480200536549, "mean": 0.11796914041}, "silence_rate_60dB": {"dmean2": 0.209423065186, "median": 0, "min": 0, "dvar2": 0.196718215942, "dvar": 0.0937727317214, "dmean": 0.104737184942, "max": 1, "var": 0.2040669173, "mean": 0.28576990962}, "erbbands_kurtosis": {"dmean2": 1.75440573692, "median": -0.610814750195, "min": -1.9527078867, "dvar2": 23.3304920197, "dvar": 10.4436836243, "dmean": 1.13504695892, "max": 85.903678894, "var": 12.828625679, "mean": 0.212204053998}, "erbbands": {"dmean2": [1.64602649212, 4.24536657333, 4.30371761322, 4.42967844009, 3.21092796326, 10.4318981171, 12.6409635544, 8.69706535339, 15.3787469864, 62.5634994507, 41.1156044006, 21.3523654938, 16.5777873993, 8.71480846405, 10.8833408356, 13.5836706161, 9.51466083527, 8.96752166748, 15.8228244781, 17.4423751831, 11.4067354202, 12.1911087036, 11.8443965912, 14.4603490829, 14.3982496262, 17.988237381, 15.0799875259, 12.4933538437, 11.6816921234, 12.9439907074, 13.031452179, 12.8387002945, 14.0169725418, 12.1859426498, 12.2744321823, 11.2784528732, 8.02993869781, 3.18211364746, 0.462707102299, 0.0135266911238], "median": [0.0108862752095, 0.0606096610427, 0.136853814125, 0.256352156401, 0.415966719389, 0.594905734062, 0.474702239037, 1.1875243187, 3.08117008209, 4.57657718658, 5.15155220032, 3.87659072876, 2.50560688972, 2.10929489136, 3.03644919395, 3.33989357948, 2.91984319687, 3.14506030083, 5.53333711624, 6.47966337204, 2.77735137939, 3.08228516579, 2.76106142998, 7.22516489029, 6.00312709808, 6.7867307663, 4.18777418137, 3.5093228817, 3.25875973701, 3.55243635178, 2.58952450752, 1.40025627613, 0.784514725208, 0.453211933374, 0.204384937882, 0.0818070992827, 0.0260072015226, 0.00572224799544, 0.000723683391698, 4.90099446324e-05], "min": [3.87558022622e-22, 5.42419486155e-21, 2.90491355468e-20, 3.04994190363e-20, 4.56362717152e-20, 2.46992899734e-19, 1.16281987359e-19, 1.72137112653e-19, 5.03644218794e-19, 1.37058626602e-18, 9.13078356083e-19, 6.76232765266e-19, 8.24174534809e-19, 1.90950508505e-18, 2.29321680042e-18, 2.24310847366e-18, 3.45242316136e-18, 5.71485933041e-18, 7.78997011e-18, 6.23846010866e-18, 6.48952183228e-18, 6.5708973794e-18, 8.0164653966e-18, 7.31599479182e-18, 1.05608787511e-17, 1.58398784188e-17, 1.45955804018e-17, 1.32275278934e-17, 1.66286795053e-17, 2.07445995388e-17, 1.92778064807e-17, 1.72210086527e-17, 1.42549292276e-17, 9.69076084729e-18, 6.78455730445e-18, 6.06010549294e-18, 3.0410166119e-18, 1.24152965025e-18, 3.43634737144e-19, 3.52809204113e-20], "dvar2": [100.308921814, 612.590332031, 713.657836914, 674.292297363, 243.845199585, 13148.9179688, 15918.9023438, 2699.3996582, 4965.69873047, 94990.859375, 31789.7402344, 7408.64794922, 9350.95507813, 762.447631836, 740.567749023, 1820.52258301, 684.407958984, 373.219818115, 902.520141602, 1055.49462891, 718.936523438, 630.225036621, 863.129089355, 860.551940918, 1534.67053223, 1853.52978516, 1696.87780762, 969.087768555, 842.844116211, 1282.33361816, 1491.6439209, 1708.4329834, 2502.9699707, 1748.02233887, 1795.54199219, 1518.00842285, 798.986083984, 125.463378906, 2.63579082489, 0.00222051609308], "dvar": [35.4573364258, 220.925765991, 241.610916138, 228.706451416, 85.3307037354, 6522.15087891, 9002.06835938, 1277.1048584, 1720.73022461, 41965.9257813, 13255.8085938, 2858.23583984, 3893.51025391, 279.107727051, 258.566772461, 652.402526855, 247.270889282, 133.382980347, 364.865814209, 427.516448975, 257.501159668, 231.680099487, 309.920227051, 313.27532959, 552.688354492, 657.170837402, 599.471984863, 343.819458008, 296.14956665, 451.595031738, 522.063842773, 591.71673584, 858.864013672, 601.063842773, 617.505493164, 522.262451172, 274.540740967, 43.086227417, 0.905454933643, 0.000764307042118], "dmean": [0.940763533115, 2.52516365051, 2.28322219849, 2.31939411163, 1.75313615799, 7.00194835663, 8.81836032867, 5.15786743164, 8.7438659668, 40.4509963989, 25.9282646179, 12.4653100967, 9.99003982544, 4.90727567673, 6.01239109039, 7.64107322693, 5.34116744995, 5.15451860428, 9.97793960571, 10.7630958557, 6.25510454178, 6.92561483383, 6.62723970413, 8.22406005859, 8.32077121735, 9.919008255, 8.21543979645, 6.85243082047, 6.26651716232, 7.01301050186, 7.04819297791, 6.79272603989, 7.30063438416, 6.34345960617, 6.36207056046, 5.83844947815, 4.15606403351, 1.64394664764, 0.239068776369, 0.00700731342658], "max": [78.9804840088, 279.002716064, 244.019104004, 252.885513306, 221.896118164, 4386.02539063, 4391.796875, 1648.76977539, 1292.36706543, 6669.19921875, 3865.22973633, 2216.6484375, 2402.48510742, 622.216918945, 436.878387451, 1291.70581055, 894.685546875, 402.303863525, 626.427307129, 328.827301025, 227.648681641, 248.47052002, 410.387207031, 435.274200439, 997.871520996, 474.230316162, 487.393707275, 371.292114258, 314.385406494, 366.260864258, 336.285186768, 313.464111328, 459.942077637, 314.989837646, 339.530151367, 293.412994385, 260.726989746, 74.3753051758, 12.1405553818, 0.311265736818], "var": [35.5865364075, 445.646484375, 137.914840698, 120.260498047, 53.4999656677, 8844.9375, 14637.2548828, 1979.54626465, 1300.07336426, 43314.1601563, 12552.5361328, 2447.4777832, 4369.06689453, 214.014556885, 192.212158203, 513.645202637, 191.341217041, 104.227828979, 449.203674316, 674.131225586, 198.447494507, 222.384857178, 227.102294922, 330.062896729, 471.532775879, 547.028991699, 429.037017822, 246.861358643, 200.669906616, 288.905426025, 314.835144043, 332.790496826, 462.735900879, 324.63873291, 332.815551758, 281.474761963, 147.556091309, 23.1151599884, 0.48611369729, 0.000413102534367], "mean": [1.33661592007, 5.07981109619, 1.99671065807, 1.52135634422, 1.49024581909, 8.09295558929, 10.037109375, 5.79900789261, 9.55675506592, 39.4484710693, 25.5529117584, 12.6202754974, 11.3314208984, 5.27041053772, 6.68269681931, 8.32621669769, 6.03714561462, 6.14717006683, 13.0676107407, 16.9316234589, 6.73037147522, 7.66267681122, 6.81431436539, 11.7171764374, 11.0433864594, 12.3879432678, 9.2915687561, 7.54583835602, 6.87348794937, 7.4955406189, 6.47471475601, 5.09582471848, 4.70474863052, 3.91394209862, 3.69488406181, 3.31297230721, 2.33276748657, 0.916958630085, 0.133486792445, 0.00397801678628]}, "spectral_strongpeak": {"dmean2": 0.793121218681, "median": 0.289491355419, "min": 0, "dvar2": 2.47125267982, "dvar": 0.927725672722, "dmean": 0.476950705051, "max": 13.8587217331, "var": 1.02756392956, "mean": 0.687005519867}, "spectral_energy": {"dmean2": 0.0653708353639, "median": 0.00500622484833, "min": 1.05965398838e-20, "dvar2": 0.0895983353257, "dvar": 0.032948050648, "dmean": 0.0383367575705, "max": 2.15259003639, "var": 0.0319889597595, "mean": 0.0499420799315}, "average_loudness": 0.044775839895, "spectral_rolloff": {"dmean2": 3089.4597168, "median": 3316.11328125, "min": 21.533203125, "dvar2": 23173518, "dvar": 10344176, "dmean": 1795.06115723, "max": 19099.9511719, "var": 14785611, "mean": 3981.92285156}, "spectral_centroid": {"dmean2": 634.901916504, "median": 2238.98120117, "min": 62.8722724915, "dvar2": 503962, "dvar": 211472.390625, "dmean": 399.621673584, "max": 10973.7792969, "var": 580351.875, "mean": 2164.11206055}, "pitch_salience": {"dmean2": 0.132913261652, "median": 0.675700545311, "min": 0.00445114122704, "dvar2": 0.0198909994215, "dvar": 0.00866023823619, "dmean": 0.0829049870372, "max": 0.987811982632, "var": 0.0476183630526, "mean": 0.592975020409}, "spectral_energyband_middle_high": {"dmean2": 0.00222025578842, "median": 0.00110045471229, "min": 1.21864030335e-21, "dvar2": 2.3204174795e-05, "dvar": 8.58707699081e-06, "dmean": 0.00129028828815, "max": 0.0774029046297, "var": 8.46940656629e-06, "mean": 0.0019503061194}, "spectral_contrast_coeffs": {"dmean2": [0.082475297153, 0.0803481787443, 0.0617020130157, 0.0525329075754, 0.0377198345959, 0.0258972812444], "median": [-0.723451018333, -0.805264055729, -0.83817845583, -0.830029547215, -0.814658999443, -0.777053177357], "min": [-0.978257954121, -0.966034412384, -0.965257644653, -0.97596514225, -0.969477117062, -0.962900459766], "dvar2": [0.00443319696933, 0.00457989843562, 0.0023878775537, 0.00209