{"tonal": {"thpcp": [1, 0.663602888584, 0.193139404058, 0.0887564942241, 0.0729789286852, 0.0981059968472, 0.135179802775, 0.304418742657, 0.43072193861, 0.229628145695, 0.0687931030989, 0.105152249336, 0.177554309368, 0.206364512444, 0.335534453392, 0.561827123165, 0.433534890413, 0.178892299533, 0.124720774591, 0.130948260427, 0.202596768737, 0.354527562857, 0.38913589716, 0.253555685282, 0.158982530236, 0.136230498552, 0.182292982936, 0.290515512228, 0.29820510745, 0.289787083864, 0.307938188314, 0.217201396823, 0.141852661967, 0.166721478105, 0.240379527211, 0.617303788662], "hpcp": {"dmean2": [0.181944236159, 0.222202852368, 0.243371754885, 0.200984105468, 0.155509412289, 0.135283827782, 0.156786859035, 0.181484878063, 0.188492447138, 0.189106047153, 0.180824950337, 0.165632918477, 0.142042636871, 0.163893386722, 0.21966573596, 0.27917316556, 0.313248544931, 0.268501460552, 0.147606149316, 0.0802192091942, 0.0709619149566, 0.0851376950741, 0.0981029272079, 0.211149483919, 0.321220099926, 0.173466533422, 0.0707991868258, 0.0924771353602, 0.130066245794, 0.154637306929, 0.188351497054, 0.210980534554, 0.219004005194, 0.163855150342, 0.139096081257, 0.150457501411], "median": [0.0119768697768, 0.0315134823322, 0.028557959944, 0.0101546337828, 0.0034818877466, 0.00259819254279, 0.00364698073827, 0.00555793102831, 0.00770325958729, 0.00765720382333, 0.00572385825217, 0.00468792999163, 0.00365465413779, 0.00488860346377, 0.00929701328278, 0.0628634542227, 0.141920506954, 0.111944019794, 0.0147121399641, 0.00343023007736, 0.00221711397171, 0.00337206013501, 0.00539996474981, 0.0141774294898, 0.0111300963908, 0.00622757989913, 0.00201016152278, 0.00347091071308, 0.00540980976075, 0.0116108208895, 0.0192683041096, 0.0156052466482, 0.0123033188283, 0.00543414521962, 0.00194066972472, 0.00252415565774], "min": [0, 0, 0, 0, 0, 0, 0, 0, 0, 0, 0, 0, 0, 0, 0, 0, 0, 0, 0, 0, 0, 0, 0, 0, 0, 0, 0, 0, 0, 0, 0, 0, 0, 0, 0, 0], "dvar2": [0.115363009274, 0.118962161243, 0.135710403323, 0.111747406423, 0.101780466735, 0.0820778757334, 0.106390871108, 0.110498443246, 0.106646031141, 0.0985724776983, 0.0917819291353, 0.0886963009834, 0.079160310328, 0.0966042429209, 0.126086950302, 0.135653689504, 0.176640748978, 0.110183052719, 0.0658909752965, 0.035100441426, 0.0326375998557, 0.0430886819959, 0.0481553971767, 0.0855038762093, 0.237444981933, 0.0717064365745, 0.0397965200245, 0.0495483726263, 0.0639723464847, 0.0727166756988, 0.0931410416961, 0.124000176787, 0.119225628674, 0.103114299476, 0.100330151618, 0.108263835311], "dvar": [0.0420850478113, 0.0467799641192, 0.053615745157, 0.0425480864942, 0.0375434309244, 0.0298770088702, 0.0388650074601, 0.0450310073793, 0.043618299067, 0.0385852903128, 0.0376943685114, 0.0338839702308, 0.0292781870812, 0.0359036438167, 0.0473155193031, 0.0492621138692, 0.0767403766513, 0.0423930510879, 0.0252210628241, 0.012902176939, 0.0116465529427, 0.0161228682846, 0.0188463442028, 0.035607971251, 0.0964319109917, 0.0281845126301, 0.0139714283869, 0.018486911431, 0.0260052569211, 0.0289024785161, 0.0354625508189, 0.0569096654654, 0.0481195934117, 0.0369333066046, 0.0356421172619, 0.0384268797934], "dmean": [0.099726960063, 0.128680631518, 0.138997495174, 0.112565129995, 0.0843264311552, 0.0730862468481, 0.0864576920867, 0.103805936873, 0.108762830496, 0.105432704091, 0.0993856117129, 0.0921181365848, 0.0777567848563, 0.090599142015, 0.122921578586, 0.15799471736, 0.1771261096, 0.160479530692, 0.0849041491747, 0.0447237491608, 0.0391450449824, 0.047832954675, 0.0567883700132, 0.117418766022, 0.172860577703, 0.0941131860018, 0.0383309498429, 0.0515095703304, 0.0746421739459, 0.087532222271, 0.107359088957, 0.120126239955, 0.124826610088, 0.0888556316495, 0.07375279814, 0.079604357481], "max": [1, 1, 1, 1, 1, 1, 1, 1, 1, 1, 1, 1, 1, 1, 1, 1, 1, 1, 1, 1, 1, 1, 1, 1, 1, 1, 1, 1, 1, 1, 1, 1, 1, 1, 1, 1], "var": [0.0325823910534, 0.0566133446991, 0.0687517821789, 0.0405952818692, 0.0282832924277, 0.0220582596958, 0.0306067448109, 0.0591911263764, 0.0577375665307, 0.048506937921, 0.0653709694743, 0.0327111110091, 0.0205936953425, 0.0257729031146, 0.0376721918583, 0.0872077122331, 0.173982381821, 0.0805294215679, 0.0221290979534, 0.00906677544117, 0.00797322858125, 0.0131571535021, 0.0197887457907, 0.0404459163547, 0.100877925754, 0.0282217040658, 0.00874972064048, 0.0142524307594, 0.026280850172, 0.0288984924555, 0.044518802315, 0.130608931184, 0.0814645513892, 0.0292172692716, 0.0231698509306, 0.0236590281129], "mean": [0.0767038613558, 0.134225398302, 0.14732824266, 0.0959970876575, 0.0601913556457, 0.0515773557127, 0.069016776979, 0.109990209341, 0.112901516259, 0.1097144261, 0.116586498916, 0.0822332277894, 0.0537059232593, 0.0631213486195, 0.0910085514188, 0.233713433146, 0.378603577614, 0.251242429018, 0.0731232687831, 0.0336035266519, 0.0276300832629, 0.0371432825923, 0.0511795580387, 0.115254022181, 0.163072869182, 0.0869380384684, 0.0260453149676, 0.0398110188544, 0.067222699523, 0.0781303420663, 0.127034544945, 0.212709754705, 0.164137855172, 0.0677292644978, 0.0472197309136, 0.0495774820447]}, "tuning_equal_tempered_deviation": 0.362758636475, "chords_changes_rate": 0.0859592184424, "key_key": "G", "tuning_diatonic_strength": 0.705056726933, "key_scale": "major", "chords_number_rate": 0.00231696013361, "tuning_frequency": 434.193115234, "tuning_nontempered_energy_ratio": 0.946161627769, "chords_histogram": [39.7126960754, 13.7627429962, 11.9323444366, 0, 2.52548646927, 0, 0, 0, 0, 0.0231696013361, 0, 0, 0.0231696013361, 0, 0, 2.06209445, 0, 7.08989810944, 2.89620018005, 12.4884147644, 0.185356810689, 3.5217795372, 2.96570897102, 0.810936033726], "key_strength": 0.754819333553, "chords_key": "G", "chords_strength": {"dmean2": 0.0130809908733, "median": 0.516231894493, "min": 0.174893468618, "dvar2": 0.000135480921017, "dvar": 0.00010709532944, "dmean": 0.012528966181, "max": 0.790811479092, "var": 0.00846861116588, "mean": 0.520528435707}, "chords_scale": "major", "hpcp_entropy": {"dmean2": 1.21704792976, "median": 1.97146868706, "min": 0, "dvar2": 0.940331280231, "dvar": 0.368450641632, "dmean": 0.726668000221, "max": 4.4562625885, "var": 0.744691610336, "mean": 2.03079414368}}, "metadata": {"audio_properties": {"equal_loudness": 0, "codec": "flac", "downmix": "mix", "sample_rate": 44100, "analysis_sample_rate": 44100, "bit_rate": 0, "md5_encoded": "be4a1468c20baac7d0327856bde349c2", "length": 200.36000061, "replay_gain": -12.56224823, "lossless": true}, "version": {"essentia_build_sha": "cead25079874084f62182a551b7393616cd33d87", "essentia": "2.1-beta2", "extractor": "music 1.0", "essentia_git_sha": "v2.1_beta2-1-ge3940c0"}, "tags": {"title": ["Too Rude"], "barcode": ["760246700828"], "media": ["CD"], "albumartist": ["Half Pint"], "tracktotal": ["11"], "language": ["English"], "musicbrainz_recordingid": ["1685b7af-2824-43e1-98b2-ad6bf11a2787"], "musicbrainz_albumartistid": ["caa8844b-6a16-4100-b2ae-622b2edf5055"], "musicbrainz_releasetrackid": ["f9a3c9e4-f8fe-3aa9-92b1-7385b067760a"], "discnumber": ["01"], "album": ["Legal We Legal"], "catalognumber": ["AOR-8"], "releasecountry": ["US"], "file_name": "209-half_pint-winsome-yard.flac", "acoustid_fingerprint": ["AQADtEmUKlWSEc0oVXgSHfcH-UX0A82PssvxHumY6JCnosyPMHksfMlw_CiZC9_RPMZ7IcwFzeqONznyJ_CDJzveHK-QJ0cyHdsf9Fl-9LB1VDSPTt_g-CgZEjmg58JPDRfSE5d2NIt29DUeHY1-hE_lQnWQE82yHP0V4eLhOBme49IT42GC0EczXniGH19z3HkQ6wt-9IxQMl6Q59ATnkjj48fHRMMP5FD0C-mfGDdVWM6KntHRjUKTjdmInBkeAif2uFD-KKg-DqmmJaijonVSOO-RH-L-I7zyBA_OHd3RRAxx4afwPni0BxEP_agjbNVxq8GNmDaqhAl25CuYq4Htw2e4wCzUhLmC5gki0riSHFXCC37m4ArCH4p1sBlTI1d29GiiHE-P9E-M3RuhS0Ge5PhxXQ0eLkxijBQpfEdz9Cx-Bify41uOdlIuAda2HNxvtDsu_eB9wT0YiYEW_sKfQ_-gP8IjRhF4PcUnVFuP5seVHz8uqGJ0HOEYyRGaKsuIo2GcF71m3Mhz5hDjFk8EfAenpvi-QI-D5uRghTm6OVDY8BzqHWHKBM9yXMceIddyaA_CnOmEb5mooz-2ZylGUj7ymUGzHmdw_diPnR8uoc9xKkpA9kTVycbJxAcTK0fP49aPP0ez05ik7BwexRHRfPFQ1Xj8oSn-QjxqiUezHtMbfDF44UN5YpORv2hCKniiDJWl8AjzDHKIPLuOZw-ah6glWccdBQ4v4dOFKz5-pM8V5MMLPD32C6H2oFGzQBfCLcmCptqPSkcTS8Gb0cXJIz90Bs0jhKdwJc_hHo8f_MeUB9MXHD_OgLOOjCcF8YmRl5NwKYmIhvmG6fpxw9WE87h15GGO5DMaPkKtaMbFHH6U40tmlFePRiWFJ7iPPA_G7YN6hOfQqFkYgh9rnDx67NJ39MKdKDsuI9yOOkdOHl_QVMf0CJ8iHVmkhHKEZgsDfTl8UYh__HiEn0QYVkG9Qe2O2j4-DSVXnM6JX4Ry4UX-oT8aLjnOHGE8Vfhm6NguSTlKBhfOHV8e_FD1w5cy4zlK5XDFFGeG5gtOHccjHf_Q50Pz4zvC8Lhg_-j2Bv_wgYidBz_0gcm1EdWIbIcbJj0eLUfOwFWPOzVO415RkumghZIOvUd1NFGPvEE3Sc7RPB1y_NB9IPt0XFzQ5Qm47XiOhyn8REdYH4-KeT1-dHmh5cyEiQuPZvzxRUeYbglav4g1LZXRfEGpo6kPxlqC78KL5nmCyhlir2gqKUb4unjRPCP6Q92QpzruBE2cjER544HJqCmeBkd1bUHzBj9-5Bd0RPuFKzn-o40mNE52XGqMPmgU7cihOkc-pkPRjDk-lUXjHZU0XG_QRO8xPVlw8zjOI6OWWPhhJ9mDK3oMdaWwfZGE-9AJd0pivCfunEJ3-Ij0XcKTG51N4ct4HD-yxL7xQUu2o8vxcEF-4riCL49w5eIQSizcQ_sZEqeiI17wMCcuwo0nXN3xw3xwRcJN9GGOMF8EzjkONVqEX_iVoO_B5MF5DuVaIcyzFD_SH0_xCXoRPRYq8sIURgwVPEeTot6CcHqhZZ-OffiFPzgj4g-hBx55IXr6ovrBZEpo1EoOf6gcIp9P_PgRW8KXGm7i41wUB_lBSdtlXIqhT0dzMLxC8Dv0Txh3obvgjCJ0uA-PB2E4hrh0XEvwE7myNIR2hRrC_CitMEcTiseToc3h6-hn7MhxphZUC_8i9DkcMcuRMpJRKkdshsf0zGgUQ4_C48125LiyDs2Hakryo2GF_viiJKjzo8mNM9iP3McdFz-h_IP14UN-NE7NoU-HD35GxP7xQ0dThSsqHvkPi81wLjf6H36OvsSBrxidSsgDLXwQvrgSMJoaNM_EgxdcaceD-JC16Mh5ON8WnBemOOHR57h0NBf6sLgy4i-QOzTUK0lQGmGuCV-O9miqLEUfCc2XHLmUDxcPuUGeaejnoGGORzEakai4Gf10eE8QPkqGeyz0Bzfyo4-K5kuQh0QPa4I-WNMQXuYxH4-Fi3iE5j96D-VgTaGOfBeavQn25MIdEf-Ha_rwKcdXSsLLFNd-aIL5o9Q748NFH-dE7IamQ7yON8f9oKdz_MeP6seUpjk-eLygXoEearhZQT9DTM-FSoLGNYG7He3xUYeu44hjDZ8aocmFlvzRS0NjjTiH6zysI76SQffx4jueLugx5Qye7ehVHc4Hfyp6Hk8uPMVzfLugbUdTy8e5GE20Q_OGW0fzTNDI6PiKSxSJXT7yfejRRGTwKGPxnwgjhmlwJz_cBsyjHD-eoUKj4UkrNM-DV4eVHtxe6EraoylK5mj4HLewK0MuodLRRjl2ZUcvBd60o8e9C0nNCLkeo96D5jkuE36SJ7iIS2nwHP2DMBE7HWeggyZ-I-OH6km0oPkYHKGzHU0OXUajRjqqI-7x6PhEoX7QfLnxwKWMRzyR_2hOBX0WQqcE0HvA58JPiPrw5eiL5lJ8vHrhL8F5DO9xNKUl9OOOyZyHMOqDM4mG9oX3JkflKMFLGkfOGNcLPX3gH7lKgTxqSkSTKsOrI0xO9CTkHT-u40yHPunR6Dm-bFeRH4zFoGk09DqaPMgTNnieQPlRHemY48e3GKciH5UXXBFwfBdyw9GFVVGWQ6dyWIuG-EWP5ivuLEKApxfYw_sDHp1SNNEiBflGHUfzDBWP49PxZhd6XmgeUjl6OJU4XLmO64qC5sOzEAeuXsgVdHqM5hkPHY2eCFkkJYma4xJ8gVOPI4euRNFQtT-a5wAGgCEEWQEUcAAQB4EjBiliqAFEMMIcUAIpAYwAQBkjjESEAbAAIYIBYIAggCAFDTGACUYYIEI4KgRRhhAhAaSKEGEAUIISo4AxRAkhgAEIUM0kMAQoCyhDSioDADCAGAAlgQZYIpQgAimlGDAEASQUIR8QQQBQiBghhBBAAMIEBEYIwYAhgFjHiBcFIGAAY8QYCAQgzAFEAMEAAIGAIIIBgRgBRCMBHAGIAACIIEoYBwBkTBEFAOYEQEWAMIABBQAjRDggAVCGCWMgEsAJYJQAVBgDDBBACkq8JAQBAwAQQhAlgQLIMOQAEAIwohRSUhGAgACAAEEhEsphIBhRAAmCvTFAGGAEIl44oAxziBPACDFIQAEAE9gAgIUShggClKLIAQUAAIgpa6AwRjighECAHASAMAgYAKAgjCqgpBNAKyAEQFAASYyQCAAnhAWACpFgUIIBxhBHwAEKAADKakQQA0IQIYDwBCImBBKUMGAQYNgQZIADiQLkCHTCIgIEsgAQIAQCgkJAEAMAECYIEwAgAhhUDhjNCLOECAQNU8QwKAwQhgIglEPOMSAJAAQBQgwCSjAgGINAMEOAIkABCYglRCgkiCBCEMAMogYIYRQwxCiBADMAAeQIkUIBRpSSAgCgAABEUAaiQEAAwxxQQBAGhEBSCkAAcMBQAIATAgBpuGOCCQCkIAwBZo4AlCGtACCICOGEIIAIIQwRRBAggAdKAAmcYkgQAAAT0DiDlHBECEEcQwBRpSgACgEEIACGG8UwAAIYAQRkRjMBBAMGQaGAAUQA5QwwBhhAEBEUAWUBIUA4AIj1hAAhgBWKGIIIBQIBJoQRxAEFiZBMIgcBUIoJIRIRACABFCGAAkQAAAQIBgkyRRAgBBBSICOEEgwkB5RVDioGGCEACCeYccIBhQCgSAgIEZIQAIgMAIJAAowRXHBBBAACAOCFEYAAxgHyAAAkBDJCBgIEQAA"], "date": ["1998"], "genre": ["Reggae"], "disctotal": ["01"], "musicbrainz_artistid": ["caa8844b-6a16-4100-b2ae-622b2edf5055"], "musicbrainz_albumid": ["02a39ecc-1285-4854-a754-3bebe78b412e"], "artist": ["Half Pint"], "artistsort": ["Half Pint"], "tracknumber": ["9"], "label": ["Artists Only! Records"], "albumartistsort": ["Half Pint"], "acoustid_id": ["181ce782-1c0c-41d1-bb02-279ac5164e2c"], "script": ["Latin"], "musicbrainz_releasegroupid": ["284bdf30-fb63-3e9a-bc83-a20eb8796380"]}}, "rhythm": {"bpm_histogram_first_peak_bpm": {"dmean2": 0, "median": 83, "min": 83, "dvar2": 0, "dvar": 0, "dmean": 0, "max": 83, "var": 0, "mean": 83}, "bpm": 82.9813156128, "bpm_histogram_second_peak_spread": {"dmean2": 0, "median": 0, "min": 0, "dvar2": 0, "dvar": 0, "dmean": 0, "max": 0, "var": 0, "mean": 0}, "bpm_histogram_first_peak_weight": {"dmean2": 0, "median": 0.840000033379, "min": 0.840000033379, "dvar2": 0, "dvar": 0, "dmean": 0, "max": 0.840000033379, "var": 0, "mean": 0.840000033379}, "onset_rate": 4.89079046249, "beats_position": [0.66176867485, 1.34675729275, 2.02013611794, 2.69351458549, 3.3785033226, 4.09832191467, 4.82975053787, 5.5727891922, 6.31582736969, 7.04725599289, 7.77868461609, 8.52172279358, 9.25315189362, 9.98458003998, 10.7276191711, 11.4706573486, 12.2136955261, 12.9451246262, 13.6765527725, 14.4195919037, 15.1626300812, 15.8940582275, 16.6254863739, 17.3685264587, 18.1115646362, 18.8313827515, 19.5512008667, 20.2942390442, 21.037279129, 21.7687072754, 22.5001354218, 23.2431735992, 23.9862117767, 24.7292518616, 25.4490699768, 26.1804981232, 26.9235363007, 27.6549663544, 28.3747844696, 29.0946025848, 29.8376407623, 30.5690689087, 31.3004989624, 32.0319252014, 32.7633552551, 33.4831733704, 34.2262115479, 34.9460296631, 35.6658477783, 36.397277832, 37.1287078857, 37.8601341248, 38.5915641785, 39.3113822937, 40.0312004089, 40.7626304626, 41.4940567017, 42.2254867554, 42.9569168091, 43.6883430481, 44.4197731018, 45.1511993408, 45.8826293945, 46.6140594482, 47.3454856873, 48.0653038025, 48.7851219177, 49.5165519714, 50.2479820251, 50.9678001404, 51.6992263794, 52.4306564331, 53.1504745483, 53.8702926636, 54.5901107788, 55.3215408325, 56.0529708862, 56.7843971252, 57.515827179, 58.2356452942, 58.9670753479, 59.6985015869, 60.4183197021, 61.1497497559, 61.8811798096, 62.6009979248, 63.32081604, 64.0522460938, 64.7836685181, 65.5034942627, 66.234916687, 66.9663467407, 67.686164856, 68.4059829712, 69.1258010864, 69.8572311401, 70.5886611938, 71.3200912476, 72.0515213013, 72.7713394165, 73.4911575317, 74.2225799561, 74.9540100098, 75.673828125, 76.3936462402, 77.1134643555, 77.8332901001, 78.5531082153, 79.2729263306, 79.9927444458, 80.712562561, 81.4323806763, 82.1521987915, 82.8720169067, 83.591835022, 84.3116531372, 85.0314712524, 85.7512893677, 86.4711074829, 87.1909255981, 87.9107437134, 88.6305618286, 89.3503875732, 90.0702056885, 90.7900238037, 91.5098419189, 92.2296600342, 92.9494781494, 93.6692962646, 94.3891143799, 95.1089324951, 95.8287506104, 96.5485687256, 97.2683868408, 97.9882049561, 98.7080230713, 99.4278411865, 100.147659302, 100.867477417, 101.598907471, 102.330337524, 103.05015564, 103.769973755, 104.48979187, 105.209609985, 105.929428101, 106.649246216, 107.36907196, 108.088890076, 108.797096252, 109.505302429, 110.225120544, 110.94493866, 111.664756775, 112.38457489, 113.104400635, 113.82421875, 114.532424927, 115.240631104, 115.960449219, 116.680267334, 117.400085449, 118.119903564, 118.839729309, 119.559547424, 120.27936554, 120.999183655, 121.71900177, 122.438819885, 123.170249939, 123.901672363, 124.621498108, 125.341316223, 126.061134338, 126.780952454, 127.500770569, 128.220581055, 128.94039917, 129.660217285, 130.3800354, 131.099868774, 131.81968689, 132.539505005, 133.25932312, 133.979141235, 134.698959351, 135.418777466, 136.138595581, 136.858413696, 137.578231812, 138.298049927, 139.006256104, 139.71446228, 140.434280396, 141.154098511, 141.873916626, 142.593734741, 143.313552856, 144.033370972, 144.753189087, 145.473007202, 146.181228638, 146.889434814, 147.60925293, 148.329071045, 149.037277222, 149.757095337, 150.465301514, 151.185119629, 151.904937744, 152.624755859, 153.344573975, 154.06439209, 154.784210205, 155.50402832, 156.223846436, 156.943664551, 157.663482666, 158.383300781, 159.103118896, 159.822952271, 160.554367065, 161.285797119, 162.005615234, 162.72543335, 163.445251465, 164.16506958, 164.884887695, 165.593109131, 166.301315308, 167.021133423, 167.740951538, 168.460769653, 169.180587769, 169.900405884, 170.620223999, 171.340042114, 172.059860229, 172.779678345, 173.487884521, 174.196090698, 174.915908813, 175.635726929, 176.343948364, 177.052154541, 177.771972656, 178.491790771, 179.211608887, 179.931427002, 180.674468994, 181.394287109, 182.114105225, 182.83392334, 183.553741455, 184.27355957, 184.993377686, 185.713195801, 186.433013916, 187.152832031, 187.872650146, 188.592468262, 189.312286377, 190.032104492, 190.751922607, 191.471740723, 192.191558838, 192.899765015, 193.607971191, 194.327789307, 195.05921936, 195.790649414, 196.510467529, 197.241897583, 197.984939575, 198.751205444, 199.517456055], "beats_loudness": {"dmean2": 0.0551893785596, "median": 0.0863198637962, "min": 0, "dvar2": 0.00150934106205, "dvar": 0.000505061587319, "dmean": 0.0312533862889, "max": 0.196923181415, "var": 0.00136285403278, "mean": 0.0853490158916}, "danceability": 1.45739889145, "bpm_histogram_second_peak_weight": {"dmean2": 0, "median": 0.00727272732183, "min": 0.00727272732183, "dvar2": 0, "dvar": 0, "dmean": 0, "max": 0.00727272732183, "var": 0, "mean": 0.00727272732183}, "beats_count": 276, "bpm_histogram_second_peak_bpm": {"dmean2": 0, "median": 78, "min": 78, "dvar2": 0, "dvar": 0, "dmean": 0, "max": 78, "var": 0, "mean": 78}, "bpm_histogram_first_peak_spread": {"dmean2": 0, "median": 0.141263842583, "min": 0.141263842583, "dvar2": 0, "dvar": 0, "dmean": 0, "max": 0.141263842583, "var": 0, "mean": 0.141263842583}, "beats_loudness_band_ratio": {"dmean2": [0.439948648214, 0.0527552627027, 0.114640958607, 0.0440736189485, 0.0561933480203, 0.354469895363], "median": [0.8415350914, 0.0198126472533, 0.0273906923831, 0.00342712947167, 0.00823889207095, 0.0305593013763], "min": [0, 0, 0, 0, 0, 0], "dvar2": [0.0791866332293, 0.00961154513061, 0.0143289268017, 0.00418705912307, 0.00190104136709, 0.0495932400227], "dvar": [0.0298282597214, 0.00277546793222, 0.00538372155279, 0.00147626700345, 0.000682152342051, 0.018940679729], "dmean": [0.23272587359, 0.0294473655522, 0.063988789916, 0.0235439036041, 0.0286532305181, 0.181443750858], "max": [0.999479293823, 0.545151889324, 0.696862816811, 0.271241396666, 0.156980261207, 0.9831122756], "var": [0.0482920780778, 0.00234312564135, 0.00674530956894, 0.00103196909185, 0.000606350600719, 0.0219970103353], "mean": [0.770133554935, 0.0311082825065, 0.0583363957703, 0.0152881126851, 0.0191347710788, 0.115825548768]}}, "lowlevel": {"barkbands_spread": {"dmean2": 17.289150238, "median": 17.2132797241, "min": 0.210006460547, "dvar2": 524.766723633, "dvar": 259.706359863, "dmean": 11.70703125, "max": 129.245651245, "var": 571.924377441, "mean": 25.3282260895}, "melbands_spread": {"dmean2": 18.3710250854, "median": 12.1753082275, "min": 0.123402945697, "dvar2": 1274.22546387, "dvar": 552.961975098, "dmean": 12.047709465, "max": 318.842712402, "var": 1126.40478516, "mean": 23.4138469696}, "hfc": {"dmean2": 29.151638031, "median": 8.86738204956, "min": 1.07918806831e-16, "dvar2": 3759.1628418, "dvar": 1985.97729492, "dmean": 20.3882465363, "max": 657.654602051, "var": 3031.83105469, "mean": 27.8587932587}, "barkbands_kurtosis": {"dmean2": 15.4190626144, "median": 6.1240735054, "min": -1.97172868252, "dvar2": 768.358581543, "dvar": 372.118560791, "dmean": 10.2421941757, "max": 532.607299805, "var": 799.373474121, "mean": 16.564907074}, "gfcc": {"mean": [-49.9465065002, 63.0512619019, -76.6379013062, 47.3355255127, -56.673286438, 28.0609703064, -39.2616004944, 15.5120258331, -13.554107666, -2.36636376381, -15.6400146484, -0.652614474297, -11.2367162704], "icov": [[8.67479757289e-05, -3.23973108607e-05, 8.28404881759e-05, -3.52950119122e-05, 2.23879997066e-05, -0.000167189107742, 0.000155049099703, -0.000233480328461, 0.000152403779794, -0.000171079635038, 0.000285805814201, -0.000198490830371, 0.000351600698195], [-3.23973108607e-05, 0.000759321963415, 9.77216550382e-05, 0.00012644288654, -0.000232977705309, 0.000350041489583, -0.00045387467253, 0.0005115858512, -0.000677788280882, 0.00154298520647, -0.00129535910673, 0.000758625450544, 0.000124057987705], [8.28404881759e-05, 9.77216550382e-05, 0.000990733969957, -0.000308595277602, -0.000601767969783, -0.000385666498914, 0.000120840020827, -0.000233928774833, 0.000331373652443, -0.000233223545365, -9.25275380723e-05, -0.000600811501499, 0.00159280269872], [-3.52950119122e-05, 0.00012644288654, -0.000308595277602, 0.00111549533904, -0.00019820612215, 0.000241582209128, -0.000124548270833, 0.000450169638498, -0.00055375485681, 0.000252675585216, 7.12719120202e-05, 0.000959866330959, -0.000890313938726], [2.23879997066e-05, -0.000232977705309, -0.000601767969783, -0.00019820612215, 0.00220578722656, -1.25084579849e-05, -0.000315276585752, -0.000492455321364, -0.000216908243601, 6.62532402202e-05, 0.000713067362085, 0.000633673043922, -0.00101783743594], [-0.000167189107742, 0.000350041489583, -0.000385666498914, 0.000241582209128, -1.25084579849e-05, 0.00338312727399, -0.00184025859926, 0.0001549582812, -0.000485787779326, 0.00151800049935, -0.000880295294337, 0.00219495291822, -0.00157176353969], [0.000155049099703, -0.00045387467253, 0.000120840020827, -0.000124548270833, -0.000315276585752, -0.00184025859926, 0.00363670079969, -0.000385092600482, 0.000308189482894, -0.0015661144862, 0.00142017682083, -0.00101268687285, 0.00130068080034], [-0.000233480328461, 0.0005115858512, -0.000233928774833, 0.000450169638498, -0.000492455321364, 0.0001549582812, -0.000385092600482, 0.00698575330898, -0.00305073102936, 0.000677903357428, -0.00255535589531, 0.00179725012276, -0.00134664890356], [0.000152403779794, -0.000677788280882, 0.000331373652443, -0.00055375485681, -0.000216908243601, -0.000485787779326, 0.000308189482894, -0.00305073102936, 0.00730031169951, -0.00298754940741, 0.00193096813746, -0.00163487333339, 0.00102160999086], [-0.000171079635038, 0.00154298520647, -0.000233223545365, 0.000252675585216, 6.62532402202e-05, 0.00151800049935, -0.0015661144862, 0.000677903357428, -0.00298754940741, 0.0113904410973, -0.00461690919474, 0.000465177057777, 0.000226025353186], [0.000285805814201, -0.00129535910673, -9.25275380723e-05, 7.12719120202e-05, 0.000713067362085, -0.000880295294337, 0.00142017682083, -0.00255535589531, 0.00193096813746, -0.00461690919474, 0.0126258488744, -0.00394634855911, 0.000179212613148], [-0.000198490830371, 0.000758625450544, -0.000600811501499, 0.000959866330959, 0.000633673043922, 0.00219495291822, -0.00101268687285, 0.00179725012276, -0.00163487333339, 0.000465177057777, -0.00394634855911, 0.012572911568, -0.00492409849539], [0.000351600698195, 0.000124057987705, 0.00159280269872, -0.000890313938726, -0.00101783743594, -0.00157176353969, 0.00130068080034, -0.00134664890356, 0.00102160999086, 0.000226025353186, 0.000179212613148, -0.00492409849539, 0.014961656183]], "cov": [[16603.1894531, -400.468994141, -1161.09545898, -294.902648926, -560.473266602, 346.221679688, -371.947601318, 337.00177002, -78.9986038208, 64.8140716553, -227.792297363, -28.1297740936, -222.000137329], [-400.468994141, 2358.30371094, -228.090164185, -113.830604553, 197.510726929, 13.74081707, 171.866943359, -65.1353683472, 58.2297935486, -254.060150146, 69.7742385864, -115.911766052, -37.6803512573], [-1161.09545898, -228.090164185, 1825.21936035, 518.887329102, 543.375061035, 204.540802002, 176.05506897, 40.3788146973, 19.3643264771, 30.7791309357, -23.7535381317, -60.3501663208, -108.839172363], [-294.902648926, -113.830604553, 518.887329102, 1232.32409668, 318.85269165, 78.4847946167, 74.5438308716, -10.7878103256, 61.3468475342, -19.3564720154, -79.3616867065, -100.668830872, 12.3727140427], [-560.473266602, 197.510726929, 543.375061035, 318.85269165, 739.830932617, 144.803268433, 160.463821411, 52.295211792, 55.4630813599, -39.3847045898, -53.4415512085, -84.9755783081, -1.55901503563], [346.221679688, 13.74081707, 204.540802002, 78.4847946167, 144.803268433, 522.514343262, 237.541488647, 39.1144790649, 9.66380596161, -44.9268455505, -41.6460609436, -89.3004302979, -6.61485004425], [-371.947601318, 171.866943359, 176.05506897, 74.5438308716, 160.463821411, 237.541488647, 450.760620117, 15.5873651505, 31.0048713684, -0.906204640865, -31.867641449, -44.8825340271, -25.3971099854], [337.00177002, -65.1353683472, 40.3788146973, -10.7878103256, 52.295211792, 39.1144790649, 15.5873651505, 207.032623291, 77.8707199097, 28.8376846313, 21.9415645599, -8.34017944336, 3.86532568932], [-78.9986038208, 58.2297935486, 19.3643264771, 61.3468475342, 55.4630813599, 9.66380596161, 31.0048713684, 77.8707199097, 198.199264526, 41.1118202209, 3.09745550156, 3.16266965866, -1.0861941576], [64.8140716553, -254.060150146, 30.7791309357, -19.3564720154, -39.3847045898, -44.9268455505, -0.906204640865, 28.8376846313, 41.1118202209, 153.808456421, 39.0515708923, 35.9290313721, -2.34351611137], [-227.792297363, 69.7742385864, -23.7535381317, -79.3616867065, -53.4415512085, -41.6460609436, -31.867641449, 21.9415645599, 3.09745550156, 39.0515708923, 127.642440796, 45.0225372314, 11.8026800156], [-28.1297740936, -115.911766052, -60.3501663208, -100.668830872, -84.9755783081, -89.3004302979, -44.8825340271, -8.34017944336, 3.16266965866, 35.9290313721, 45.0225372314, 134.477249146, 33.0059776306], [-222.000137329, -37.6803512573, -108.839172363, 12.3727140427, -1.55901503563, -6.61485004425, -25.3971099854, 3.86532568932, -1.0861941576, -2.34351611137, 11.8026800156, 33.0059776306, 97.2759094238]]}, "spectral_energyband_middle_low": {"dmean2": 0.00628124224022, "median": 0.00600363966078, "min": 1.69994905506e-22, "dvar2": 0.000138194067404, "dvar": 5.46282972209e-05, "dmean": 0.0041739330627, "max": 0.102426044643, "var": 9.24082996789e-05, "mean": 0.00887935142964}, "melbands_crest": {"dmean2": 4.92701101303, "median": 15.765537262, "min": 1.58370220661, "dvar2": 27.2959022522, "dvar": 11.9850187302, "dmean": 3.22845172882, "max": 37.2337303162, "var": 44.6360702515, "mean": 17.408290863}, "spectral_kurtosis": {"dmean2": 2.02208614349, "median": 1.68518900871, "min": -1.55136358738, "dvar2": 6.9596991539, "dvar": 3.55774855614, "dmean": 1.36639904976, "max": 41.9134864807, "var": 11.7732124329, "mean": 2.68945336342}, "spectral_rms": {"dmean2": 0.00144551240373, "median": 0.00452955719084, "min": 3.12601789072e-12, "dvar2": 3.95823280996e-06, "dvar": 2.28076555686e-06, "dmean": 0.0010896170279, "max": 0.0158802084625, "var": 7.65942786529e-06, "mean": 0.00479157175869}, "zerocrossingrate": {"dmean2": 0.0262479465455, "median": 0.05126953125, "min": 0.001953125, "dvar2": 0.00103819835931, "dvar": 0.000803875154816, "dmean": 0.02298707515, "max": 0.54150390625, "var": 0.0049854433164, "mean": 0.0722949877381}, "silence_rate_60dB": {"dmean2": 0.108020395041, "median": 0, "min": 0, "dvar2": 0.116049595177, "dvar": 0.0510917454958, "dmean": 0.0540039390326, "max": 1, "var": 0.100661031902, "mean": 0.113557361066}, "erbbands_kurtosis": {"dmean2": 3.64554309845, "median": 0.404616117477, "min": -1.94686663151, "dvar2": 51.0231628418, "dvar": 25.9442615509, "dmean": 2.4111995697, "max": 142.578414917, "var": 73.9730224609, "mean": 2.72030544281}, "erbbands": {"dmean2": [0.406345754862, 2.27969551086, 5.98315191269, 9.86826038361, 7.24843835831, 5.64543676376, 3.08941507339, 6.31941223145, 13.2948188782, 16.5448493958, 16.3874034882, 17.6133441925, 17.2089080811, 13.1555395126, 8.30500793457, 12.1360120773, 9.90939807892, 14.6815547943, 23.6171684265, 21.5540714264, 39.0653839111, 28.8867969513, 19.9763698578, 13.4226732254, 13.1461162567, 11.7957906723, 12.4514608383, 14.9343214035, 14.316991806, 13.7538843155, 13.2682447433, 14.2320785522, 11.4869089127, 6.66745376587, 3.51931858063, 1.59069144726, 0.608791530132, 0.12097068876, 0.0147546669468, 0.00089392089285], "median": [0.118556320667, 1.28862190247, 1.77572619915, 5.27122783661, 2.8097422123, 2.70273804665, 0.860528469086, 0.764927625656, 2.38301491737, 3.30150055885, 1.67617917061, 1.67392075062, 1.41071295738, 1.27649986744, 1.14925885201, 1.25203323364, 0.947712481022, 1.08358252048, 1.36402606964, 1.57305192947, 2.00391864777, 2.48209643364, 2.41654157639, 1.38328099251, 1.00705325603, 0.70672750473, 0.931667089462, 1.4211524725, 1.87717247009, 1.53103542328, 1.64348816872, 1.77353727818, 0.935118198395, 0.433732748032, 0.146782740951, 0.0373859182, 0.00578339444473, 0.000547643285245, 5.22465343238e-05, 3.45728913089e-05], "min": [1.31173911778e-22, 1.11371518914e-21, 3.25791324459e-21, 6.43581695976e-21, 2.51785086602e-20, 2.73782500965e-20, 3.78882066268e-20, 1.00748136454e-19, 1.59346160347e-19, 1.24924680592e-19, 3.0120892787e-19, 1.436055466e-19, 5.89202301285e-19, 7.88882356987e-19, 1.17297736717e-18, 1.3156721233e-18, 1.01653735081e-18, 1.80559527688e-18, 2.27111391407e-18, 3.77392014132e-18, 4.02827611172e-18, 4.57550654495e-18, 5.40513106262e-18, 5.77827058258e-18, 7.50422635765e-18, 1.1062025298e-17, 7.02576275748e-18, 1.25376600897e-17, 1.1775338709e-17, 1.03125591312e-17, 9.77079801618e-18, 1.27613470981e-17, 1.03423450779e-17, 7.99500667715e-18, 6.1328307988e-18, 4.24812086621e-18, 2.32225352826e-18, 9.9289508134e-19, 2.82733900587e-19, 2.73168739413e-20], "dvar2": [0.934753537178, 32.4729232788, 406.861968994, 538.963500977, 398.851501465, 158.284088135, 88.9986724854, 342.933776855, 1246.06188965, 2109.53588867, 2504.30883789, 3208.44458008, 3018.41992188, 1786.07653809, 562.36138916, 1677.99584961, 726.721618652, 2306.60546875, 8628.49609375, 5599.43115234, 37108.2070312, 14072.9882812, 5365.203125, 1872.20019531, 2063.9387207, 1771.47827148, 1886.06298828, 2814.25073242, 1877.69250488, 1518.57165527, 1195.51086426, 1679.68322754, 936.150268555, 309.74118042, 86.658241272, 18.2335205078, 3.01568245888, 0.13348275423, 0.00199140398763, 6.69370047035e-06], "dvar": [0.43378046155, 13.4008150101, 143.810470581, 199.227264404, 148.986297607, 61.4919891357, 36.2680473328, 141.32875061, 531.185852051, 1006.02075195, 1238.16784668, 1769.39038086, 1639.20007324, 1073.86669922, 354.081848145, 771.065246582, 361.773620605, 1018.16223145, 3355.1315918, 2529.48510742, 16341.8466797, 6353.40576172, 2401.49291992, 859.882080078, 961.584228516, 870.832275391, 932.340148926, 1321.76330566, 945.651489258, 778.68560791, 616.36517334, 804.016235352, 450.848052979, 148.048278809, 38.4118385315, 7.93872880936, 1.30235683918, 0.0578371286392, 0.000851212360431, 2.84794987238e-06], "dmean": [0.270288020372, 1.46062493324, 3.41349887848, 6.27692222595, 4.41062307358, 3.56921362877, 1.98260045052, 4.02661943436, 8.75463294983, 11.3546485901, 11.1085481644, 12.1107778549, 12.1223516464, 9.70651054382, 6.25532102585, 8.20678901672, 6.69734048843, 9.74091148376, 14.5993709564, 13.7858247757, 25.4418964386, 19.097902298, 13.2051753998, 8.80410480499, 8.72655010223, 7.93611907959, 8.4279756546, 10.025188446, 9.66952610016, 9.27257633209, 9.04985332489, 9.77725791931, 7.75289821625, 4.47215795517, 2.30020022392, 1.0169980526, 0.385504096746, 0.0756664797664, 0.00913546327502, 0.000554829020984], "max": [7.9875664711, 40.6485137939, 151.760070801, 189.408676147, 235.233901978, 152.967086792, 276.361053467, 291.35534668, 465.47555542, 742.331848145, 988.513061523, 1758.6685791, 1135.5859375, 880.957824707, 624.204406738, 734.990844727, 748.473693848, 833.513671875, 1214.07543945, 1069.18212891, 3591.28369141, 2093.43579102, 1560.67663574, 598.54498291, 673.268676758, 639.827575684, 512.759399414, 709.362243652, 539.053955078, 403.860778809, 390.470001221, 717.244689941, 523.732788086, 258.479400635, 118.295417786, 47.2361526489, 23.6759185791, 4.92926836014, 0.548919081688, 0.028306780383], "var": [0.727114498615, 14.4537935257, 96.4373779297, 256.578948975, 134.839157104, 83.097038269, 50.4720649719, 214.180023193, 922.998962402, 2473.36938477, 2847.57495117, 4941.01708984, 4300.29736328, 3589.39746094, 1188.83312988, 1224.02954102, 971.077941895, 1387.23400879, 2832.13720703, 2645.10449219, 16334.1347656, 6880.70947266, 2571.19702148, 995.909240723, 1142.19482422, 1104.61523438, 1241.41699219, 1625.22106934, 1330.8729248, 1147.70532227, 961.265380859, 1226.984375, 660.455566406, 192.790176392, 43.3037223816, 8.39271736145, 1.41128706932, 0.0611409321427, 0.000832587305922, 2.68649341706e-06], "mean": [0.490401387215, 2.34097599983, 4.18285989761, 11.190776825, 6.12949132919, 5.70480680466, 3.07060194016, 5.3447766304, 13.9907016754, 19.8963775635, 15.9880399704, 19.1911563873, 20.0607967377, 17.8113136292, 10.8062334061, 11.6597337723, 9.69458866119, 11.8848934174, 14.3804063797, 13.841550827, 24.4529457092, 20.3298892975, 14.7357254028, 9.77031803131, 9.47271060944, 8.63638305664, 9.56073379517, 11.440782547, 11.8163337708, 11.2203187943, 11.0231580734, 11.875243187, 8.83175182343, 4.80441141129, 2.2409734726, 0.90645211935, 0.327423125505, 0.0637236014009, 0.00755803892389, 0.000477507041069]}, "spectral_strongpeak": {"dmean2": 0.607042193413, "median": 0.434941112995, "min": 0, "dvar2": 1.60532820225, "dvar": 0.650883674622, "dmean": 0.365021973848, "max": 14.3159294128, "var": 0.915034651756, "mean": 0.68653935194}, "spectral_energy": {"dmean2": 0.0186740159988, "median": 0.0210298076272, "min": 1.00162872243e-20, "dvar2": 0.00112022995017, "dvar": 0.000570748059545, "dmean": 0.0134919155389, "max": 0.258485555649, "var": 0.00117137038615, "mean": 0.0313840806484}, "average_loudness": 0.861854612827, "spectral_rolloff": {"dmean2": 1863.16088867, "median": 516.796875, "min": 43.06640625, "dvar2": 10904731, "dvar": 4876760, "dmean": 1092.5715332, "max": 19466.015625, "var": 9050221, "mean": 1920.01501465}, "spectral_centroid": {"dmean2": 597.260925293, "median": 955.764343262, "min": 117.103424072, "dvar2": 698198.625, "dvar": 372900.84375, "dmean": 415.911804199, "max": 11859.4238281, "var": 1718964.5, "mean": 1351.42907715}, "pitch_salience": {"dmean2": 0.104428388178, "median": 0.531556427479, "min": 0.0386105142534, "dvar2": 0.011143669486, "dvar": 0.00512113096192, "dmean": 0.0698403790593, "max": 0.897368788719, "var": 0.0175297409296, "mean": 0.513330161572}, "spectral_energyband_middle_high": {"dmean2": 0.00295904302038, "median": 0.000587976886891, "min": 1.28477809872e-21, "dvar2": 7.81971248216e-05, "dvar": 3.94780581701e-05, "dmean": 0.00210382440127, "max": 0.129399940372, "var": 5.85445886827e-05, "mean": 0.0030288726557}, "spectral_contrast_coeffs": {"dmean2": [0.0811781436205, 0.0858649611473, 0.0634320005774, 0.0530082583427, 0.0387460887432, 0.0358499921858], "median": [-0.631359815598, -0.703730225563, -0.77084505558, -0.794775724411, -0.805955052376, -0.796123862267], "min": [-0.972608745098, -0.974262058735, -0.976183652878, -0.981760025024, -0.968961238861, -0.964946806431], "dvar2": [0.00624004052952, 0.0054640606977, 0.00294675724581, 0.00196855072863, 0.00113519525621, 0.000968544918578], "dvar": [0.00248859683052, 0.00278946035542, 0.00152802281082, 0.000911770097446, 0.000541098357644, 0.000483217998408], "dmean": [0.0499042868614, 0.0567716285586, 0.0425869114697, 0.0349044315517, 0.0258542448282, 0.0238715037704], "max": [-0.304318606853, -0.317511051893, -0.402420401573, -0.523613035679, -0.545938789845, -0.631955742836], "var": [0.00796455703676, 0.01343047712, 0.00995103642344, 0.00422913720831, 0.00258497009054, 0.00241578510031], "mean": [-0.636993825436, -0.69147258997, -0.753197431564, -0.785029768944, -0.799954652786, -0.795404911041]}, "melbands_skewness": {"dmean2": 2.46280121803, "median": 3.80068445206, "min": -5.90765953064, "dvar2": 10.2976284027, "dvar": 5.0537815094, "dmean": 1.68784451485, "max": 34.8292655945, "var": 13.1591310501, "mean": 4.68497037888}, "spectral_spread": {"dmean2": 2010688.375, "median": 6458567, "min": 1805676.375, "dvar2": 6252928696320.0, "dvar": 3401106063360.0, "dmean": 1434493.75, "max": 42715832, "var": 13548167102500.0, "mean": 7168490}, "dissonance": {"dmean2": 0.0371904745698, "median": 0.459314465523, "min": 0.188199460506, "dvar2": 0.00154780352022, "dvar": 0.000659083598293, "dmean": 0.0238611791283, "max": 0.499999940395, "var": 0.00235475110821, "mean": 0.444068670273}, "spectral_skewness": {"dmean2": 0.391844272614, "median": 1.2459590435, "min": -1.01398718357, "dvar2": 0.163771212101, "dvar": 0.0927370637655, "dmean": 0.277700960636, "max": 5.67350959778, "var": 0.476336419582, "mean": 1.33913147449}, "spectral_flux": {"dmean2": 0.0527481772006, "median": 0.0566155165434, "min": 6.14058942583e-11, "dvar2": 0.00377302686684, "dvar": 0.00224926625378, "dmean": 0.0364324785769, "max": 0.440362393856, "var": 0.0055385986343, "mean": 0.0810499563813}, "spectral_contrast_valleys": {"dmean2": [0.708108663559, 0.859655320644, 0.711469173431, 0.647169530392, 0.581748485565, 0.676494598389], "median": [-7.22959899902, -8.10953140259, -8.65276908875, -8.74722480774, -8.38287353516, -9.82327651978], "min": [-27.8383083344, -27.9189929962, -27.8159141541, -27.6651573181, -27.4066772461, -27.3787746429], "dvar2": [0.451410651207, 0.668677866459, 0.555731296539, 0.512594938278, 0.475046992302, 0.506872534752], "dvar": [0.250715106726, 0.346305429935, 0.289883762598, 0.290294528008, 0.294963896275, 0.351840943098], "dmean": [0.482127845287, 0.572532355785, 0.477547943592, 0.450946986675, 0.439526170492, 0.541645228863], "max": [-5.2182393074, -4.41043996811, -5.33471393585, -5.35492992401, -5.02589130402, -6.8043961525], "var": [3.72656774521, 3.43115782738, 3.23690414429, 3.13244915009, 3.21118879318, 3.10819149017], "mean": [-7.67175102234, -8.15244674683, -8.69588756561, -8.79723358154, -8.40549182892, -9.90668487549]}, "erbbands_flatness_db": {"dmean2": 0.0341605506837, "median": 0.145847946405, "min": 0.0348688103259, "dvar2": 0.00110678735655, "dvar": 0.000644850137178, "dmean": 0.0247136875987, "max": 0.367197692394, "var": 0.00245238374919, "mean": 0.150066912174}, "spectral_energyband_high": {"dmean2": 0.00266580819152, "median": 0.00035331826075, "min": 7.02918293605e-21, "dvar2": 3.67850043403e-05, "dvar": 2.00330559892e-05, "dmean": 0.00184905831702, "max": 0.0671254917979, "var": 3.14994576911e-05, "mean": 0.00223267148249}, "spectral_entropy": {"dmean2": 0.401083469391, "median": 7.60747241974, "min": 4.41163873672, "dvar2": 0.188580855727, "dvar": 0.119258746505, "dmean": 0.303119540215, "max": 9.82520103455, "var": 0.521464288235, "mean": 7.54607772827}, "silence_rate_20dB": {"dmean2": 0, "median": 1, "min": 1, "dvar2": 0, "dvar": 0, "dmean": 0, "max": 1, "var": 0, "mean": 1}, "melbands_flatness_db": {"dmean2": 0.0594205260277, "median": 0.251523733139, "min": 0.00317333638668, "dvar2": 0.0040565803647, "dvar": 0.00255395867862, "dmean": 0.0448101051152, "max": 0.725127160549, "var": 0.0121164415032, "mean": 0.257021844387}, "barkbands": {"dmean2": [0.000783215335105, 0.0102713471279, 0.00552466092631, 0.00333580374718, 0.00165238161571, 0.00065078435, 0.00106471648905, 0.000765332952142, 0.000794630264863, 0.000526681193151, 0.000239432221861, 0.000273732293863, 0.000206053446163, 0.000290650408715, 0.000535999715794, 0.000663496030029, 0.000502090435475, 0.000339476711815, 0.000249374628766, 0.000259167136392, 0.000345749984263, 0.000401017052354, 0.000455895264167, 0.000694081303664, 0.000531339028385, 0.000334982119966, 9.12198956939e-05], "median": [5.73395009269e-05, 0.0056472318247, 0.00154872995336, 0.00167485140264, 0.000722230877727, 5.73331635678e-05, 0.00021692525479, 4.73976288049e-05, 6.54906907585e-05, 3.34879296133e-05, 2.14528263314e-05, 2.51292767643e-05, 1.42561584653e-05, 1.91733633983e-05, 2.5969262424e-05, 3.37471756211e-05, 3.96182549594e-05, 3.96496543544e-05, 2.15211221075e-05, 1.46012898767e-05, 3.04972418235e-05, 5.03213886986e-05, 5.69600088056e-05, 7.46004734538e-05, 3.02797470795e-05, 4.66637811769e-06, 1.665232503e-07], "min": [5.7282518335e-25, 4.49480243134e-24, 2.07501282256e-24, 2.24342022911e-24, 9.71749707513e-24, 1.28870313295e-23, 1.42616995541e-23, 9.59436929846e-24, 5.76464208567e-24, 1.23540918903e-23, 1.44862803652e-23, 2.65243435328e-23, 2.68849097645e-23, 4.08667877337e-23, 6.88450713346e-23, 5.55224349575e-23, 7.70039441329e-23, 7.7195851903e-23, 1.1284127659e-22, 2.19317493282e-22, 2.94828647525e-22, 3.16748832784e-22, 3.94222142844e-22, 5.5127528664e-22, 8.9594525163e-22, 1.24210458601e-21, 1.90962459811e-21], "dvar2": [4.45476962341e-06, 0.000504762050696, 0.000325856934069, 5.34455066372e-05, 1.81301038538e-05, 3.46373849425e-06, 6.38843903289e-06, 4.83589383293e-06, 5.20451249031e-06, 2.6217485356e-06, 5.32869421477e-07, 8.73042836247e-07, 3.24173868194e-07, 8.65837932906e-07, 4.40988060291e-06, 9.17769921216e-06, 4.0563554648