{"tonal": {"thpcp": [1, 0.404852211475, 0.117711298168, 0.0850115939975, 0.110975727439, 0.236196294427, 0.256434321404, 0.152977004647, 0.202513277531, 0.290848135948, 0.300169557333, 0.375897437334, 0.350169867277, 0.208857133985, 0.270952701569, 0.341390132904, 0.215517193079, 0.12842258811, 0.137713044882, 0.192327275872, 0.459821552038, 0.656482756138, 0.420734345913, 0.256341814995, 0.30365049839, 0.251055210829, 0.300271630287, 0.33289963007, 0.248460769653, 0.387277036905, 0.501529335976, 0.317579835653, 0.205044582486, 0.245125129819, 0.379045814276, 0.917176425457], "hpcp": {"dmean2": [0.112877942622, 0.148719191551, 0.194735974073, 0.202640190721, 0.195840835571, 0.148019880056, 0.137600898743, 0.162693560123, 0.156171277165, 0.157865911722, 0.169280216098, 0.176654726267, 0.16435816884, 0.159015506506, 0.146121233702, 0.177926838398, 0.241142168641, 0.26998218894, 0.25212714076, 0.192032665014, 0.11859869957, 0.0856964737177, 0.0900520980358, 0.118245981634, 0.107281334698, 0.102679140866, 0.159024268389, 0.21460647881, 0.250242859125, 0.269040644169, 0.211998328567, 0.152997881174, 0.135253503919, 0.12006508559, 0.107723936439, 0.10318236798], "median": [0.0087286522612, 0.0108193680644, 0.0481352284551, 0.0748188868165, 0.044396288693, 0.0101840551943, 0.00523438537493, 0.00787145644426, 0.0117291444913, 0.0120896436274, 0.0124428039417, 0.0121695110574, 0.0117645915598, 0.0127859162167, 0.0174516364932, 0.0175198763609, 0.0322930663824, 0.0918421670794, 0.112091675401, 0.0446714088321, 0.00422360701486, 0.00345080462284, 0.00669457530603, 0.0173147339374, 0.0208028722554, 0.0124499574304, 0.00545124989003, 0.00564728537574, 0.0115468418226, 0.0220663677901, 0.0223914403468, 0.0152724189684, 0.0105312792584, 0.0100992610678, 0.0120075615123, 0.009661315009], "min": [0, 0, 0, 0, 0, 0, 0, 0, 0, 0, 0, 0, 0, 0, 0, 0, 0, 0, 0, 0, 0, 0, 0, 0, 0, 0, 0, 0, 0, 0, 0, 0, 0, 0, 0, 0], "dvar2": [0.0606282353401, 0.0845275074244, 0.0906740948558, 0.0893485695124, 0.0912594422698, 0.0891596078873, 0.0854768231511, 0.108704350889, 0.0889178067446, 0.0973786115646, 0.10586604476, 0.112630903721, 0.114019773901, 0.0969598591328, 0.0864123627543, 0.112034484744, 0.134580165148, 0.130444511771, 0.124936811626, 0.0919441655278, 0.080150090158, 0.0587914027274, 0.0511052757502, 0.0640709325671, 0.0450665429235, 0.0448529087007, 0.0980164930224, 0.154483184218, 0.186606302857, 0.199227556586, 0.139287739992, 0.0963100939989, 0.0745740607381, 0.0604109577835, 0.0475298278034, 0.057919241488], "dvar": [0.0217923857272, 0.0297217741609, 0.0348399952054, 0.0420697554946, 0.033122126013, 0.0304447133094, 0.0321954041719, 0.0373392179608, 0.0338353663683, 0.0387752093375, 0.0367620363832, 0.0403561927378, 0.0437211580575, 0.0338242687285, 0.0301859695464, 0.0399508774281, 0.0472730323672, 0.0520153492689, 0.0529439672828, 0.032218195498, 0.027988191694, 0.0203492883593, 0.0180223248899, 0.0246402174234, 0.0194097310305, 0.0160291865468, 0.0348497331142, 0.0567469410598, 0.0668180435896, 0.0722546875477, 0.051875449717, 0.0343410372734, 0.0275936275721, 0.026155475527, 0.0174734145403, 0.0206055603921], "dmean": [0.0612035095692, 0.0816168934107, 0.1119787395, 0.119804747403, 0.112486183643, 0.081371307373, 0.0739716216922, 0.0889204889536, 0.0869519710541, 0.0878986269236, 0.0926836803555, 0.0986137762666, 0.0911660045385, 0.0887080803514, 0.0800287202001, 0.096216276288, 0.13380035758, 0.156401753426, 0.145327866077, 0.108817577362, 0.0623349733651, 0.0449620485306, 0.0483050569892, 0.0659627616405, 0.0620273537934, 0.0567293651402, 0.0856329873204, 0.115290544927, 0.134613752365, 0.145099312067, 0.115513116121, 0.0827505141497, 0.0759628117085, 0.0689402520657, 0.0601179637015, 0.0562354102731], "max": [1, 1, 1, 1, 1, 1, 1, 1, 1, 1, 1, 1, 1, 1, 1, 1, 1, 1, 1, 1, 1, 1, 1, 1, 1, 1, 1, 1, 1, 1, 1, 1, 1, 1, 1, 1], "var": [0.0161018371582, 0.0224686991423, 0.0551700852811, 0.0968366116285, 0.043369229883, 0.0408235266805, 0.0654298514128, 0.0380344577134, 0.048894174397, 0.0614887773991, 0.0308887269348, 0.066891938448, 0.107236884534, 0.044545352459, 0.0226282142103, 0.0317922234535, 0.0438845790923, 0.134083673358, 0.150733783841, 0.0377687849104, 0.0170265696943, 0.0118512511253, 0.0121042570099, 0.0341510623693, 0.0358238145709, 0.0129639962688, 0.0293600130826, 0.0525956638157, 0.0478984862566, 0.0629265904427, 0.0569207891822, 0.0261806454509, 0.0365327447653, 0.0626052394509, 0.0236511491239, 0.0147026050836], "mean": [0.0464010648429, 0.0648027956486, 0.154932379723, 0.221195459366, 0.141762331128, 0.0863718688488, 0.102312073112, 0.0845905989408, 0.101173587143, 0.112167276442, 0.08371642977, 0.130489215255, 0.168985411525, 0.107005424798, 0.0690877661109, 0.0825925171375, 0.127715781331, 0.309033632278, 0.336940228939, 0.136410996318, 0.0396616719663, 0.0286438260227, 0.0373921878636, 0.0795840322971, 0.0864030346274, 0.0515441074967, 0.0682348683476, 0.0979984328151, 0.101139202714, 0.126654967666, 0.117986313999, 0.0703723728657, 0.0912948697805, 0.115028068423, 0.0726164132357, 0.0432707369328]}, "tuning_equal_tempered_deviation": 0.0823992043734, "chords_changes_rate": 0.0559472367167, "key_key": "D#", "tuning_diatonic_strength": 0.503072559834, "key_scale": "major", "chords_number_rate": 0.00295656127855, "tuning_frequency": 441.782684326, "tuning_nontempered_energy_ratio": 0.684965193272, "chords_histogram": [38.5262680054, 2.52444839478, 2.66090512276, 0.295656114817, 0, 0.0227427799255, 0, 0, 0.0454855598509, 1.00068223476, 2.86559009552, 0.227427795529, 0.204685017467, 0.363884478807, 0, 1.88765072823, 10.4616785049, 6.82283353806, 1.68296563625, 3.59335899353, 7.91448736191, 0, 8.82419872284, 10.0750513077], "key_strength": 0.638209402561, "chords_key": "D#", "chords_strength": {"dmean2": 0.00868750736117, "median": 0.517415344715, "min": -1, "dvar2": 0.000878648541402, "dvar": 0.000489158206619, "dmean": 0.00970580615103, "max": 0.72700214386, "var": 0.0117463869974, "mean": 0.503698348999}, "chords_scale": "major", "hpcp_entropy": {"dmean2": 1.13159120083, "median": 2.06667017937, "min": 0, "dvar2": 0.863481223583, "dvar": 0.327359855175, "dmean": 0.68123203516, "max": 4.37726593018, "var": 0.60784971714, "mean": 2.04443001747}}, "metadata": {"audio_properties": {"equal_loudness": 0, "codec": "mp3", "downmix": "mix", "sample_rate": 44100, "analysis_sample_rate": 44100, "bit_rate": 319766, "md5_encoded": "7704cd16b56d88784f80853e5f3d405a", "length": 204.120819092, "replay_gain": -13.6719779968, "lossless": false}, "version": {"essentia_build_sha": "2d9f1f26377add8aeb1075a9c2973f962c4f09fd", "essentia": "2.1-beta2", "extractor": "music 1.0", "essentia_git_sha": "v2.1_beta2-1-ge3940c0"}, "tags": {"title": ["Kanojo wa Ijiwaru (Karaoke)"], "musicbrainz_albumartistid": ["b433225c-11a7-4556-b0d6-38dc864b3c4b"], "albumartist": ["\u6d5c\u5343\u54b2"], "date": ["2003"], "genre": ["General Pop"], "musicbrainz_releasegroupid": ["239dc8d5-f9e4-3294-86bc-95ae81791d43"], "musicbrainz album type": ["single"], "musicbrainz_recordingid": ["168ed17c-20fc-436a-90bc-88681cceeea5"], "musicbrainz_artistid": ["b433225c-11a7-4556-b0d6-38dc864b3c4b"], "originaldate": ["2003"], "musicbrainz_albumid": ["5a646b9d-d100-4eb5-89b2-cfbdff23b09f"], "artist": ["\u6d5c\u5343\u54b2"], "tracknumber": ["4/4"], "artistsort": ["Hama, Chisaki"], "album": ["Koisuru Soldier"], "musicbrainz album release country": ["JP"], "albumartistsort": ["Hama, Chisaki"], "discnumber": ["1/1"], "script": ["Latn"], "musicbrainz album status": ["official"], "file_name": "\u6d5c\u5343\u54b2 - Koisuru Soldier - 04 - Kanojo wa Ijiwaru (Karaoke.mp3"}}, "rhythm": {"bpm_histogram_first_peak_bpm": {"dmean2": 0, "median": 129, "min": 129, "dvar2": 0, "dvar": 0, "dmean": 0, "max": 129, "var": 0, "mean": 129}, "bpm": 130.811965942, "bpm_histogram_second_peak_spread": {"dmean2": 0, "median": 0.200000017881, "min": 0.200000017881, "dvar2": 0, "dvar": 0, "dmean": 0, "max": 0.200000017881, "var": 0, "mean": 0.200000017881}, "bpm_histogram_first_peak_weight": {"dmean2": 0, "median": 0.481981992722, "min": 0.481981992722, "dvar2": 0, "dvar": 0, "dmean": 0, "max": 0.481981992722, "var": 0, "mean": 0.481981992722}, "onset_rate": 5.57955265045, "beats_position": [0.452789098024, 0.905578196049, 1.34675729275, 1.8111563921, 2.27555561066, 2.71673464775, 3.1811337471, 3.64553284645, 4.09832191467, 4.55111122131, 5.01551008224, 5.47990942001, 5.93269824982, 6.38548755646, 6.84988641739, 7.31428575516, 7.77868461609, 8.2198638916, 8.68426322937, 9.13705158234, 9.58984088898, 10.0542402267, 10.5186395645, 10.9830379486, 11.4358272552, 11.8886165619, 12.3530158997, 12.8058052063, 13.2585935593, 13.722992897, 14.1757822037, 14.6285715103, 15.0929698944, 15.5573692322, 16.0101585388, 16.4745578766, 16.9273471832, 17.3801364899, 17.8329238892, 18.2973232269, 18.7617225647, 19.2145118713, 19.667301178, 20.1317005157, 20.5960998535, 21.037279129, 21.5016784668, 21.9544658661, 22.4072551727, 22.8716545105, 23.3360538483, 23.7888431549, 24.2416324615, 24.7060317993, 25.1704311371, 25.6232185364, 26.076007843, 26.5404071808, 26.9931964874, 27.4459857941, 27.9103851318, 28.3747844696, 28.8391838074, 29.291973114, 29.7447605133, 30.2091598511, 30.6735591888, 31.1263484955, 31.5791378021, 32.0435371399, 32.5079345703, 32.960723877, 33.4135131836, 33.8779144287, 34.3307037354, 34.783493042, 35.2478904724, 35.7122879028, 36.1534690857, 36.6178665161, 37.0822677612, 37.5350570679, 37.9878463745, 38.4522438049, 38.91664505, 39.369430542, 39.8222198486, 40.2866210938, 40.7394104004, 41.192199707, 41.6565971375, 42.1209983826, 42.5737876892, 43.0265769958, 43.4909744263, 43.9437637329, 44.3965530396, 44.86095047, 45.3253517151, 45.7781410217, 46.2309303284, 46.6953277588, 47.1597251892, 47.6125144958, 48.0653038025, 48.5297050476, 48.994102478, 49.4352836609, 49.8996810913, 50.3640823364, 50.8284797668, 51.269657135, 51.7340583801, 52.1984558105, 52.6512451172, 53.1040344238, 53.5684356689, 54.0328330994, 54.485622406, 54.9384117126, 55.4028091431, 55.8555984497, 56.3083877563, 56.7727890015, 57.2255783081, 57.6783676147, 58.1427650452, 58.6071662903, 59.0599517822, 59.5127410889, 59.977142334, 60.4415397644, 60.894329071, 61.3471183777, 61.8115196228, 62.2759170532, 62.7287063599, 63.1814956665, 63.6458930969, 64.1102905273, 64.563079834, 65.0158691406, 65.4802703857, 65.9330596924, 66.385848999, 66.8502502441, 67.3146438599, 67.7674331665, 68.2202224731, 68.6846237183, 69.1490249634, 69.60181427, 70.0546035767, 70.5189971924, 70.971786499, 71.4245758057, 71.8889770508, 72.3417663574, 72.7945556641, 73.2589569092, 73.7233581543, 74.1761474609, 74.6289291382, 75.0933303833, 75.5577316284, 76.0105209351, 76.4633102417, 76.9277114868, 77.3805007935, 77.8332901001, 78.2976837158, 78.7504730225, 79.2032623291, 79.6676635742, 80.1320648193, 80.584854126, 81.0376434326, 81.5020370483, 81.9664382935, 82.4308395386, 82.8836288452, 83.3364181519, 83.8008117676, 84.2536010742, 84.7063903809, 85.170791626, 85.6351928711, 86.0879821777, 86.5407714844, 87.0051651001, 87.4579544067, 87.9107437134, 88.3751449585, 88.8395462036, 89.2923355103, 89.7451248169, 90.2095184326, 90.6623077393, 91.1150970459, 91.579498291, 92.0438995361, 92.4966888428, 92.9494781494, 93.4138793945, 93.8782730103, 94.3310623169, 94.7838516235, 95.2482528687, 95.7010421753, 96.1538314819, 96.6182327271, 97.0826263428, 97.5470275879, 97.9882049561, 98.4526062012, 98.9170074463, 99.3697967529, 99.8225860596, 100.286979675, 100.75138092, 101.204170227, 101.656959534, 102.121360779, 102.574150085, 103.026939392, 103.491333008, 103.944122314, 104.396911621, 104.861312866, 105.325714111, 105.778503418, 106.231292725, 106.69568634, 107.160087585, 107.612876892, 108.065666199, 108.530067444, 108.994468689, 109.447257996, 109.900039673, 110.364440918, 110.828842163, 111.270019531, 111.734420776, 112.198822021, 112.651611328, 113.104400635, 113.56879425, 114.033195496, 114.474372864, 114.92716217, 115.379951477, 115.844352722, 116.308753967, 116.773147583, 117.22593689, 117.678726196, 118.143127441, 118.607528687, 119.060317993, 119.5131073, 119.977500916, 120.441902161, 120.894691467, 121.347480774, 121.811882019, 122.264671326, 122.717460632, 123.181854248, 123.646255493, 124.0990448, 124.551834106, 125.016235352, 125.480628967, 125.933418274, 126.386207581, 126.850608826, 127.303398132, 127.767799377, 128.220581055, 128.6849823, 129.137771606, 129.590560913, 130.054962158, 130.519363403, 130.97215271, 131.424942017, 131.889343262, 132.353744507, 132.794921875, 133.25932312, 133.723709106, 134.188110352, 134.640899658, 135.093688965, 135.55809021, 136.022491455, 136.475280762, 136.928070068, 137.380859375, 137.833648682, 138.298049927, 138.762451172, 139.215240479, 139.668029785, 140.13243103, 140.585220337, 141.037994385, 141.50239563, 141.966796875, 142.43119812, 142.883987427, 143.336776733, 143.801177979, 144.253967285, 144.71836853, 145.171157837, 145.635559082, 146.088348389, 146.541137695, 147.005523682, 147.469924927, 147.911102295, 148.37550354, 148.828292847, 149.281082153, 149.745483398, 150.209884644, 150.674285889, 151.127075195, 151.579864502, 152.044265747, 152.497055054, 152.94984436, 153.414230347, 153.878631592, 154.331420898, 154.784210205, 155.24861145, 155.713012695, 156.165802002, 156.618591309, 157.082992554, 157.53578186, 157.988571167, 158.452972412, 158.917373657, 159.358551025, 159.822952271, 160.287338257, 160.740127563, 161.19291687, 161.657318115, 162.12171936, 162.562896729, 163.027297974, 163.491699219, 163.956100464, 164.397277832, 164.861679077, 165.326080322, 165.778869629, 166.231658936, 166.696044922, 167.148834229, 167.601623535, 168.06602478, 168.530426025, 168.983215332, 169.436004639, 169.900405884, 170.364807129, 170.817596436, 171.270385742, 171.734786987, 172.199172974, 172.65196228, 173.104751587, 173.569152832, 174.021942139, 174.474731445, 174.93913269, 175.403533936, 175.856323242, 176.309112549, 176.773513794, 177.214691162, 177.679092407, 178.143493652, 178.607894897, 179.060684204, 179.513473511, 179.977859497, 180.442260742, 180.88343811, 181.347839355, 181.812240601, 182.253417969, 182.717819214, 183.182220459, 183.646621704, 184.099411011, 184.552200317, 185.016601563, 185.480987549, 185.933776855, 186.386566162, 186.850967407, 187.315368652, 187.768157959, 188.220947266, 188.685348511, 189.149749756, 189.590927124, 190.055328369, 190.519729614, 190.972518921, 191.425308228, 191.889694214, 192.342483521, 192.795272827, 193.259674072, 193.724075317, 194.176864624, 194.629653931, 195.094055176, 195.558456421, 196.022857666, 196.475646973, 196.928436279, 197.392837524, 197.810791016, 198.240356445, 198.669921875, 199.087890625, 199.517456055, 199.947021484, 200.376602173, 200.829391479, 201.270568848, 201.723358154, 202.176147461, 202.628936768, 203.093322754, 203.557723999], "beats_loudness": {"dmean2": 0.0321619771421, "median": 0.058314692229, "min": 0, "dvar2": 0.000673197500873, "dvar": 0.000211203441722, "dmean": 0.0187360718846, "max": 0.114954054356, "var": 0.000486117700348, "mean": 0.0565451048315}, "danceability": 1.1597533226, "bpm_histogram_second_peak_weight": {"dmean2": 0, "median": 0.0450450442731, "min": 0.0450450442731, "dvar2": 0, "dvar": 0, "dmean": 0, "max": 0.0450450442731, "var": 0, "mean": 0.0450450442731}, "beats_count": 445, "bpm_histogram_second_peak_bpm": {"dmean2": 0, "median": 136, "min": 136, "dvar2": 0, "dvar": 0, "dmean": 0, "max": 136, "var": 0, "mean": 136}, "bpm_histogram_first_peak_spread": {"dmean2": 0, "median": 0.486810535192, "min": 0.486810535192, "dvar2": 0, "dvar": 0, "dmean": 0, "max": 0.486810535192, "var": 0, "mean": 0.486810535192}, "beats_loudness_band_ratio": {"dmean2": [0.185898706317, 0.211972773075, 0.0599399954081, 0.0506450869143, 0.0395027697086, 0.0659694299102], "median": [0.743602335453, 0.220744952559, 0.0401975139976, 0.0176673866808, 0.0322922579944, 0.0816641077399], "min": [0, 0, 0, 0, 0, 0], "dvar2": [0.0379000790417, 0.0262669101357, 0.00812735315412, 0.00590329570696, 0.00191654230002, 0.00913735292852], "dvar": [0.0151172578335, 0.00783957540989, 0.00272745615803, 0.00230973656289, 0.000682368758135, 0.00317830499262], "dmean": [0.108715638518, 0.112624116242, 0.0344602391124, 0.0293626543134, 0.022102650255, 0.0376923233271], "max": [0.96362555027, 0.487295091152, 0.52382928133, 0.44300737977, 0.275643259287, 0.75574195385], "var": [0.0351088345051, 0.00948772393167, 0.00432631280273, 0.00228429329582, 0.000955303956289, 0.00365771329962], "mean": [0.70155274868, 0.214256837964, 0.0596493594348, 0.035589993, 0.0383142605424, 0.0882882252336]}}, "lowlevel": {"barkbands_spread": {"dmean2": 12.9339227676, "median": 26.5598983765, "min": 1.37460935116, "dvar2": 174.24319458, "dvar": 76.1505889893, "dmean": 8.51459407806, "max": 114.954238892, "var": 224.114334106, "mean": 28.5290622711}, "melbands_spread": {"dmean2": 9.87882518768, "median": 14.3269004822, "min": 0.80259513855, "dvar2": 208.887390137, "dvar": 79.8615875244, "dmean": 6.04304504395, "max": 180.656829834, "var": 267.181396484, "mean": 18.0584850311}, "hfc": {"dmean2": 18.895154953, "median": 22.5059318542, "min": 1.06138998703e-16, "dvar2": 566.254760742, "dvar": 235.643508911, "dmean": 12.8758163452, "max": 125.789733887, "var": 427.005737305, "mean": 28.2591514587}, "barkbands_kurtosis": {"dmean2": 6.37562036514, "median": 4.15967416763, "min": -1.83401548862, "dvar2": 104.790184021, "dvar": 49.1537132263, "dmean": 4.16274452209, "max": 141.076049805, "var": 113.917930603, "mean": 7.27624130249}, "gfcc": {"mean": [33.1988296509, 63.8069915771, -78.4477005005, 53.6178894043, -57.2733383179, 21.7964019775, -37.1740875244, 15.0700178146, -28.1849269867, -0.449616163969, -20.2015514374, 2.30690741539, -14.4409923553], "icov": [[0.000233404454775, -0.000416396476794, 0.000494940613862, -0.000918380566873, 0.000475379405543, -0.000574885809328, 0.000615368189756, -0.000254950486124, 0.000798460445367, -0.000745299796108, 0.00129758473486, -0.00116981565952, 0.00100270111579], [-0.000416396476794, 0.00275524216704, -0.000448069011327, 0.00140496261884, -0.00112802046351, 0.000838514708448, -0.0016126842238, 0.00101387535688, -0.0024690865539, 0.00388402235694, -0.00517927948385, 0.00388572388329, -0.00247018318623], [0.000494940613862, -0.000448069011327, 0.00343298306689, -0.00332146044821, 0.000890303519554, -0.00179445883259, -0.000619131489657, 3.35353361152e-05, 0.00188319047447, -0.00281937862746, 0.00376318930648, -0.00272521283478, 0.00219775689766], [-0.000918380566873, 0.00140496261884, -0.00332146044821, 0.0083196843043, -0.00265241600573, 0.00204852246679, -0.00085481593851, -0.000893074146006, -0.00335232191719, 0.00494226627052, -0.0052737314254, 0.00435314513743, -0.00276342802681], [0.000475379405543, -0.00112802046351, 0.000890303519554, -0.00265241600573, 0.00891912449151, -0.000477761321235, -0.00221323827282, 0.00104797072709, -0.000760406488553, -0.00139156612568, 0.00329089863226, -0.00424695154652, 0.0031387580093], [-0.000574885809328, 0.000838514708448, -0.00179445883259, 0.00204852246679, -0.000477761321235, 0.0101111195982, -0.00507728755474, 0.000569676456507, 0.00124366150703, -0.00102155737113, -0.00100357178599, 0.00204222090542, -0.00269707571715], [0.000615368189756, -0.0016126842238, -0.000619131489657, -0.00085481593851, -0.00221323827282, -0.00507728755474, 0.0178034622222, -0.00528553361073, -0.000331686489517, 0.00450112204999, -0.00288184639066, -0.000220738627831, 0.00156479293946], [-0.000254950486124, 0.00101387535688, 3.35353361152e-05, -0.000893074146006, 0.00104797072709, 0.000569676456507, -0.00528553361073, 0.0135053647682, -0.00209708698094, -0.0031162884552, 0.00245430856012, -0.000591812015045, -0.0017937902594], [0.000798460445367, -0.0024690865539, 0.00188319047447, -0.00335232191719, -0.000760406488553, 0.00124366150703, -0.000331686489517, -0.00209708698094, 0.0201017763466, -0.00960646383464, 0.00497330864891, -0.00345814786851, 0.00152123626322], [-0.000745299796108, 0.00388402235694, -0.00281937862746, 0.00494226627052, -0.00139156612568, -0.00102155737113, 0.00450112204999, -0.0031162884552, -0.00960646383464, 0.0293794143945, -0.0129939215258, 0.00468290178105, -0.00118858413771], [0.00129758473486, -0.00517927948385, 0.00376318930648, -0.0052737314254, 0.00329089863226, -0.00100357178599, -0.00288184639066, 0.00245430856012, 0.00497330864891, -0.0129939215258, 0.0306052044034, -0.013056746684, 0.00469663832337], [-0.00116981565952, 0.00388572388329, -0.00272521283478, 0.00435314513743, -0.00424695154652, 0.00204222090542, -0.000220738627831, -0.000591812015045, -0.00345814786851, 0.00468290178105, -0.013056746684, 0.0305935982615, -0.0139399431646], [0.00100270111579, -0.00247018318623, 0.00219775689766, -0.00276342802681, 0.0031387580093, -0.00269707571715, 0.00156479293946, -0.0017937902594, 0.00152123626322, -0.00118858413771, 0.00469663832337, -0.0139399431646, 0.0294238254428]], "cov": [[17218.7578125, -0.0129391895607, -611.651977539, 864.045288086, -516.366577148, 325.806274414, -541.405944824, 183.148956299, -384.559112549, 10.8456954956, -368.206665039, 87.0827789307, -214.688537598], [-0.0129391895607, 926.77154541, -202.982528687, -28.4298439026, 78.1497268677, -42.3172416687, 89.8846588135, -70.1326980591, 51.9076194763, -79.5983200073, 118.663703918, -38.2004051208, 26.0865345001], [-611.651977539, -202.982528687, 656.702880859, 180.224594116, 37.2946815491, 88.4445648193, 66.0819320679, 42.6952705383, -8.21294021606, 20.7171936035, -40.7225341797, 8.21465969086, -13.4510755539], [864.045288086, -28.4298439026, 180.224594116, 288.656982422, 28.4094963074, 21.9774017334, 9.14047527313, 36.4504966736, -2.04229068756, -11.3041534424, -19.9416942596, 1.53131759167, -13.9054346085], [-516.366577148, 78.1497268677, 37.2946815491, 28.4094963074, 164.536651611, -5.68293857574, 49.8643379211, -6.77488088608, 30.5504169464, -9.10333347321, 16.0136756897, 5.11367464066, 0.821772277355], [325.806274414, -42.3172416687, 88.4445648193, 21.9774017334, -5.68293857574, 148.226226807, 31.6568756104, 17.6042232513, -22.7215709686, 6.8497710228, -13.0479640961, 2.97912216187, -0.669219136238], [-541.405944824, 89.8846588135, 66.0819320679, 9.14047527313, 49.8643379211, 31.6568756104, 113.957176208, 18.2701148987, 16.8948917389, -15.6331176758, 24.606256485, -3.29967021942, 7.55859851837], [183.148956299, -70.1326980591, 42.6952705383, 36.4504966736, -6.77488088608, 17.6042232513, 18.2701148987, 99.883934021, 7.43081760406, 14.2767152786, -15.970998764, 7.06546115875, 1.648458004], [-384.559112549, 51.9076194763, -8.21294021606, -2.04229068756, 30.5504169464, -22.7215709686, 16.8948917389, 7.43081760406, 78.0634918213, 14.2685012817, 15.2493286133, 0.331085503101, 6.36037874222], [10.8456954956, -79.5983200073, 20.7171936035, -11.3041534424, -9.10333347321, 6.8497710228, -15.6331176758, 14.2767152786, 14.2685012817, 58.5628700256, 5.82007551193, 6.34321498871, -2.65625023842], [-368.206665039, 118.663703918, -40.7225341797, -19.9416942596, 16.0136756897, -13.0479640961, 24.606256485, -15.970998764, 15.2493286133, 5.82007551193, 74.1862945557, 10.5773363113, 11.1082582474], [87.0827789307, -38.2004051208, 8.21465969086, 1.53131759167, 5.11367464066, 2.97912216187, -3.29967021942, 7.06546115875, 0.331085503101, 6.34321498871, 10.5773363113, 53.6274909973, 17.6469745636], [-214.688537598, 26.0865345001, -13.4510755539, -13.9054346085, 0.821772277355, -0.669219136238, 7.55859851837, 1.648458004, 6.36037874222, -2.65625023842, 11.1082582474, 17.6469745636, 48.891708374]]}, "spectral_energyband_middle_low": {"dmean2": 0.0120828785002, "median": 0.0113574210554, "min": 1.50340530715e-22, "dvar2": 0.000445523037342, "dvar": 0.000183846030268, "dmean": 0.00749241933227, "max": 0.139101520181, "var": 0.00019967550179, "mean": 0.0150907980278}, "melbands_crest": {"dmean2": 3.87325406075, "median": 14.3543748856, "min": 1.54793727398, "dvar2": 13.345533371, "dvar": 5.03294467926, "dmean": 2.33351063728, "max": 36.4246292114, "var": 18.0887947083, "mean": 14.8147153854}, "spectral_kurtosis": {"dmean2": 1.26213109493, "median": 1.58902907372, "min": -1.24498713017, "dvar2": 3.30140352249, "dvar": 1.35383665562, "dmean": 0.812858700752, "max": 47.8846817017, "var": 4.37704610825, "mean": 1.95478224754}, "spectral_rms": {"dmean2": 0.00137971632648, "median": 0.00603593047708, "min": 3.15989422128e-12, "dvar2": 2.52542804446e-06, "dvar": 1.06960976609e-06, "dmean": 0.000868527917191, "max": 0.0124566126615, "var": 2.90621437671e-06, "mean": 0.00598280644044}, "zerocrossingrate": {"dmean2": 0.0178474858403, "median": 0.06396484375, "min": 0.005859375, "dvar2": 0.000266553368419, "dvar": 0.000192139559658, "dmean": 0.0148716103286, "max": 0.52197265625, "var": 0.0024100409355, "mean": 0.0708863660693}, "silence_rate_60dB": {"dmean2": 0.00819112639874, "median": 0, "min": 0, "dvar2": 0.00971760973334, "dvar": 0.00407855305821, "dmean": 0.00409509707242, "max": 1, "var": 0.0228817593306, "mean": 0.0234303921461}, "erbbands_kurtosis": {"dmean2": 0.789960324764, "median": -0.978161931038, "min": -1.79770731926, "dvar2": 1.41837048531, "dvar": 0.642311573029, "dmean": 0.508033752441, "max": 13.2209129333, "var": 1.27324080467, "mean": -0.674595654011}, "erbbands": {"dmean2": [0.187309414148, 2.00530695915, 4.49227666855, 9.73277282715, 29.8269767761, 23.6987094879, 12.6101083755, 9.11941146851, 8.55539417267, 9.49511623383, 12.0193853378, 9.18515491486, 14.2039928436, 18.2133579254, 12.1480379105, 16.3359985352, 17.0431785583, 9.08977794647, 8.38289356232, 12.9178419113, 15.6647911072, 22.5881938934, 16.2506160736, 23.7071743011, 23.4876880646, 11.4000120163, 14.1283721924, 23.2339839935, 10.8444881439, 11.9355125427, 10.9945144653, 6.02729082108, 4.90777683258, 4.2553601265, 3.01025819778, 0.75387442112, 0.163468688726, 0.0188704524189, 0.00232761283405, 8.53645688039e-05], "median": [0.202866196632, 3.05833482742, 5.58846569061, 14.3006896973, 11.4536647797, 10.2089614868, 8.495054245, 7.64707326889, 6.26545095444, 6.48735523224, 9.27412700653, 6.8782658577, 6.87104463577, 7.6791434288, 5.24783992767, 5.82170963287, 6.2626247406, 5.0033788681, 4.40417671204, 7.23375034332, 10.2475337982, 16.5458450317, 10.2172546387, 14.0382108688, 12.8176269531, 8.65866470337, 10.1263904572, 10.4523973465, 7.62001991272, 8.65063476563, 8.28786849976, 5.74571990967, 3.38805651665, 2.57732582092, 1.48220050335, 0.471401393414, 0.0945748537779, 0.0091097233817, 0.000767349323723, 7.12538167136e-05], "min": [1.38738999507e-22, 1.09440306639e-21, 1.77949491097e-21, 5.18128891259e-21, 1.19275421518e-20, 3.43482484213e-20, 6.54278280285e-20, 2.72467380726e-20, 1.48503528576e-19, 1.29483040303e-19, 2.53666179326e-19, 3.72322834203e-19, 6.91924898474e-19, 6.95336553212e-19, 6.73807678506e-19, 1.01729711621e-18, 1.54982048493e-18, 2.30627570754e-18, 2.47440885244e-18, 2.71509814477e-18, 3.57844578204e-18, 4.69527526661e-18, 6.35228884635e-18, 6.53058100994e-18, 8.21699796532e-18, 8.48873920426e-18, 9.48198459659e-18, 1.05863947914e-17, 1.31838841899e-17, 1.15204719545e-17, 1.21479322897e-17, 1.20764398966e-17, 1.09073764379e-17, 9.17611471276e-18, 6.2762945227e-18, 4.3318824158e-18, 2.22727458237e-18, 8.45842634353e-19, 2.35270974972e-19, 2.60088170495e-20], "dvar2": [0.0626692026854, 6.00650930405, 44.8872413635, 204.398880005, 3989.39306641, 2373.21728516, 306.433807373, 153.754882813, 187.489761353, 214.290847778, 257.033874512, 315.784454346, 769.987243652, 1681.13476563, 499.757568359, 1019.87030029, 1446.80651855, 253.337371826, 204.029968262, 397.340332031, 602.012084961, 805.016296387, 665.734680176, 1489.6895752, 1349.16149902, 259.042816162, 390.862091064, 1333.13232422, 192.331253052, 211.04914856, 164.507247925, 45.568649292, 64.9104766846, 39.5095825195, 24.0839519501, 1.24142825603, 0.0506274178624, 0.000736147456337, 1.34968777274e-05, 1.38051108323e-08], "dvar": [0.0241074375808, 2.2685213089, 16.6270866394, 75.986038208, 1656.58081055, 858.703186035, 110.524253845, 57.2018013, 76.6725540161, 83.8388290405, 101.450950623, 124.889915466, 305.893554688, 659.27545166, 193.330352783, 511.407867432, 548.521179199, 95.3850021362, 95.4811859131, 145.551208496, 244.882888794, 306.436035156, 260.904388428, 564.633117676, 529.392028809, 100.750282288, 150.750518799, 498.037475586, 77.1965942383, 90.0479049683, 68.9724884033, 20.2929134369, 23.6986465454, 15.0828704834, 10.4588184357, 0.595860481262, 0.0272912867367, 0.000363755912986, 6.27516419627e-06, 6.1671241447e-09], "dmean": [0.113175719976, 1.20097792149, 2.70310640335, 5.90106868744, 18.6718101501, 13.6732721329, 7.531894207, 5.5192117691, 5.37669229507, 5.87875699997, 7.47232961655, 5.73949813843, 8.55951690674, 11.442568779, 7.23435974121, 9.83048343658, 9.94336986542, 5.43905162811, 5.17298698425, 7.53946256638, 9.2836151123, 13.6109628677, 9.87168884277, 14.1170606613, 14.242685318, 6.92286396027, 8.60289287567, 13.9407548904, 6.78903961182, 7.90360069275, 7.21307182312, 4.1334104538, 3.13510417938, 2.68559789658, 2.07127070427, 0.540631055832, 0.11471901834, 0.0134448418394, 0.00161602592561, 5.76231686864e-05], "max": [1.8499673605, 15.2336568832, 61.7479972839, 108.76373291, 402.632598877, 285.740966797, 111.802223206, 108.734397888, 151.04133606, 135.049224854, 217.365005493, 256.416015625, 455.286621094, 517.356079102, 347.973175049, 1309.44006348, 614.466247559, 308.799102783, 541.233032227, 191.74067688, 547.877502441, 209.995239258, 240.747589111, 282.860961914, 358.001434326, 103.256958008, 139.666229248, 238.539474487, 103.031860352, 132.822601318, 90.1828765869, 64.8060379028, 77.1067886353, 54.2487411499, 30.8043346405, 6.90576982498, 1.5233424902, 0.156952902675, 0.0266232918948, 0.000890631054062], "var": [0.0437534824014, 3.59819865227, 37.6913795471, 111.939598083, 1588.86254883, 661.479248047, 156.193817139, 96.8212585449, 153.499984741, 130.046981812, 192.043869019, 182.911193848, 560.968017578, 1619.56982422, 352.182067871, 2343.12817383, 1191.32678223, 147.695831299, 327.484832764, 214.456359863, 721.837524414, 575.784484863, 348.64956665, 655.274963379, 723.616699219, 120.12223053, 268.558929443, 589.17791748, 152.009399414, 174.03302002, 139.760757446, 52.0870361328, 25.2249202728, 16.5605792999, 14.2991476059, 0.995749533176, 0.0455493927002, 0.00056996778585, 9.68205313256e-06, 8.63442473076e-09], "mean": [0.249420359731, 3.07705903053, 7.61599493027, 15.4071903229, 23.0971546173, 17.6768074036, 12.4769735336, 10.3061676025, 10.0835227966, 9.78417110443, 13.4309082031, 10.3191576004, 13.4971437454, 19.4383716583, 11.3774404526, 15.745306015, 15.2854480743, 8.80172348022, 9.06542301178, 11.7478981018, 16.4788322449, 23.6679821014, 16.0349121094, 21.5064983368, 22.3185920715, 11.6226539612, 15.3924446106, 19.1589241028, 11.7491493225, 13.2194643021, 12.2689285278, 7.78648090363, 4.76621437073, 3.73995542526, 2.73004722595, 0.797090232372, 0.17038372159, 0.018725482747, 0.00208231806755, 0.000103083795693]}, "spectral_strongpeak": {"dmean2": 0.397139668465, "median": 0.405822753906, "min": 0, "dvar2": 0.291127234697, "dvar": 0.118065156043, "dmean": 0.229490324855, "max": 7.45890903473, "var": 0.156989842653, "mean": 0.489923655987}, "spectral_energy": {"dmean2": 0.0192204788327, "median": 0.0373432673514, "min": 1.02345546617e-20, "dvar2": 0.000627727597021, "dvar": 0.000255066610407, "dmean": 0.0118552157655, "max": 0.159046381712, "var": 0.000391941983253, "mean": 0.0396674014628}, "average_loudness": 0.977742016315, "spectral_rolloff": {"dmean2": 1254.35864258, "median": 559.86328125, "min": 21.533203125, "dvar2": 3920396.25, "dvar": 1566411.25, "dmean": 734.453674316, "max": 19745.9472656, "var": 4702995, "mean": 1319.48571777}, "spectral_centroid": {"dmean2": 483.279632568, "median": 1371.06164551, "min": 177.043777466, "dvar2": 240580.140625, "dvar": 104311.414063, "dmean": 307.342346191, "max": 11859.0107422, "var": 974051.875, "mean": 1470.71606445}, "pitch_salience": {"dmean2": 0.114213854074, "median": 0.567650318146, "min": 0.138497799635, "dvar2": 0.0112306540832, "dvar": 0.00402575498447, "dmean": 0.0681943818927, "max": 0.992260396481, "var": 0.0102303428575, "mean": 0.558308303356}, "spectral_energyband_middle_high": {"dmean2": 0.00231217523105, "median": 0.00242594955489, "min": 1.10230146994e-21, "dvar2": 1.19656906463e-05, "dvar": 4.57375472251e-06, "dmean": 0.00140720792115, "max": 0.0292204450816, "var": 1.05814169729e-05, "mean": 0.00339655135758}, "spectral_contrast_coeffs": {"dmean2": [0.0774609073997, 0.07217323035, 0.0644256919622, 0.0465059503913, 0.0364142544568, 0.0296744797379], "median": [-0.642260074615, -0.760463237762, -0.791123986244, -0.808899641037, -0.789417624474, -0.779631018639], "min": [-0.978693783283, -0.993723750114, -0.994051754475, -0.974321842194, -0.971241891384, -0.965077400208], "dvar2": [0.0046968976967, 0.00324189988896, 0.00280372425914, 0.00137192418333, 0.000886325142346, 0.000592274300288], "dvar": [0.00190737447701, 0.00122389651369, 0.0010691297939, 0.000551522243768, 0.000362487597158, 0.000241770569119], "dmean": [0.0474991090596, 0.0442562140524, 0.0394892022014, 0.0289217699319, 0.0225690733641, 0.0184460598975], "max": [-0.291306376457, -0.504473626614, -0.456504195929, -0.572453200817, -0.643300533295, -0.656315088272], "var": [0.00547015480697, 0.00355210155249, 0.00393604766577, 0.0023754062131, 0.00144037487917, 0.00128057633992], "mean": [-0.637209713459, -0.75761705637, -0.782863795757, -0.803229212761, -0.790502011776, -0.781753957272]}, "melbands_skewness": {"dmean2": 1.4328738451, "median": 4.82953357697, "min": -1.39557170868, "dvar2": 2.20282292366, "dvar": 0.854051351547, "dmean": 0.890506803989, "max": 16.7586688995, "var": 4.19184589386, "mean": 4.93491888046}, "spectral_spread": {"dmean2": 1232401.25, "median": 6913095, "min": 1270978.875, "dvar2": 1958218039300.0, "dvar": 944785129472, "dmean": 838468.0625, "max": 42240748, "var": 10203807350800.0, "mean": 7093949}, "dissonance": {"dmean2": 0.0209268759936, "median": 0.479556381702, "min": 0.293180435896, "dvar2": 0.000423650897574, "dvar": 0.000157326168846, "dmean": 0.0124997617677, "max": 0.500000119209, "var": 0.000310641538817, "mean": 0.475512474775}, "spectral_skewness": {"dmean2": 0.252489119768, "median": 1.14114916325, "min": -0.0691022798419, "dvar2": 0.072731487453, "dvar": 0.032111402601, "dmean": 0.164297163486, "max": 5.43626451492, "var": 0.113855116069, "mean": 1.18547451496}, "spectral_flux": {"dmean2": 0.0464336276054, "median": 0.0726144760847, "min": 6.34764185659e-11, "dvar2": 0.00283322040923, "dvar": 0.00133418105543, "dmean": 0.0303028896451, "max": 0.339221268892, "var": 0.00245189061388, "mean": 0.0865667611361}, "spectral_contrast_valleys": {"dmean2": [0.552343130112, 0.613932907581, 0.635654091835, 0.581644594669, 0.544200778008, 0.558028817177], "median": [-6.32303714752, -6.52484941483, -7.4190826416, -7.72689819336, -7.16315507889, -8.84355735779], "min": [-28.3483428955, -27.9702720642, -27.4980754852, -27.8477687836, -27.5035114288, -27.3823337555], "dvar2": [0.246719047427, 0.277048170567, 0.385534584522, 0.389016121626, 0.371430069208, 0.362101763487], "dvar": [0.110592193902, 0.117802686989, 0.163092955947, 0.175987899303, 0.17218413949, 0.168567687273], "dmean": [0.338926166296, 0.377863109112, 0.39439317584, 0.374999344349, 0.366655021906, 0.404238671064], "max": [-5.05095291138, -4.99865055084, -5.52604722977, -5.54479837418, -5.53587579727, -7.57598876953], "var": [4.10114240646, 3.71593618393, 3.46704602242, 3.47170209885, 3.62242007256, 3.34623932838], "mean": [-6.68467998505, -6.75833463669, -7.62217712402, -7.93762874603, -7.40078544617, -9.19938373566]}, "erbbands_flatness_db": {"dmean2": 0.0182600039989, "median": 0.0870615765452, "min": 0.0367871634662, "dvar2": 0.000334102864144, "dvar": 0.000169202670804, "dmean": 0.0122903250158, "max": 0.296333700418, "var": 0.000828888674732, "mean": 0.0951430872083}, "spectral_energyband_high": {"dmean2": 0.00184018525761, "median": 0.00154988677241, "min": 7.17241927576e-21, "dvar2": 5.35548997505e-06, "dvar": 2.19643516175e-06, "dmean": 0.00124750996474, "max": 0.0138542130589, "var": 4.02508203479e-06, "mean": 0.00216627283953}, "spectral_entropy": {"dmean2": 0.2683596313, "median": 7.99056386948, "min": 5.99980974197, "dvar2": 0.0799314305186, "dvar": 0.0394186489284, "dmean": 0.185047253966, "max": 9.82201290131, "var": 0.140911385417, "mean": 7.91943407059}, "silence_rate_20dB": {"dmean2": 0, "median": 1, "min": 1, "dvar2": 0, "dvar": 0, "dmean": 0, "max": 1, "var": 0, "mean": 1}, "melbands_flatness_db": {"dmean2": 0.0433113574982, "median": 0.198443382978, "min": 0.00347501854412, "dvar2": 0.0017320048064, "dvar": 0.000744762131944, "dmean": 0.0280339308083, "max": 0.43766438961, "var": 0.00355630018748, "mean": 0.202737659216}, "barkbands": {"dmean2": [0.00012052396778, 0.00804458558559, 0.00435637775809, 0.00467653246596, 0.00811932329088, 0.00125890597701, 0.00063711538678, 0.000488483870868, 0.000444169098046, 0.000461048213765, 0.000445037527243, 0.000417510600528, 0.00033487030305, 0.000167966834852, 0.000237793341512, 0.000257693754975, 0.00040489595267, 0.000285084592178, 0.000532145379111, 0.00026949273888, 0.000509414589033, 0.000263766734861, 0.000430684129242, 0.000276558246696, 0.000399120064685, 0.000104078673758, 1.04558603198e-05], "median": [3.36937846441e-05, 0.0122127253562, 0.00530303455889, 0.00448916340247, 0.00304887653328, 0.0010969566647, 0.000438019109424, 0.000320899824146, 0.000332683383022, 0.000172733693034, 0.000179053706233, 0.000137102178996, 0.000109811153379, 8.36928302306e-05, 9.55525756581e-05, 0.000123041143524, 0.000293836230412, 0.000173900160007, 0.000297897611745, 0.000188516642083, 0.00028754392406, 0.000214140745811, 0.000301199092064, 0.000233685204876, 0.000221457987209, 6.64713516016e-05, 3.47658101418e-06], "min": [8.08277927542e-25, 5.80165149504e-24, 1.40447986983e-24, 2.33993459985e-24, 1.09562556098e-23, 4.15436792997e-24, 1.18501210012e-23, 5.21130625332e-24, 1.61360693525e-23, 1.92459941214e-23, 9.71005890565e-24, 2.07820230553e-23, 2.96249802534e-23, 3.78190804243e-23, 3.8872929174e-23, 3.90975304955e-23, 8.79741972906e-23, 1.17053087005e-22, 1.3458151321e-22, 1.96026583315e-22, 2.64064283912e-22, 3.22571762224e-22, 3.89910999065e-22, 6.40959507181e-22, 8.84226691328e-22, 1.24873344099e-21, 1.76817913674e-21], "dvar2": [5.00739005815e-08, 9.4062059361e-05, 4.44894976681e-05, 5.42831839994e-05, 0.000300464394968, 2.63418337454e-06, 1.15542081858e-06, 4.13171136415e-07, 5.70258691823e-07, 9.02857038909e-07, 9.01638941286e-07, 6.22969537289e-07, 5.56457848688e-07, 8.86136390932e-08, 1.76742304347e-07, 1.80028152386e-07, 2.64310756393e-07, 2.02514016223e-07, 7.12856660812e-07, 1.3724495318e-07, 5.3974133607e-07, 1.01837621003e-07, 2.69474412562e-07, 1.45213235214e-07, 3.42019689015e-07, 2.24468834631e-08, 2.61720395356e-10], "dvar": [1.95767277944e-08, 3.58225879609e-05, 1.67515190697e-05, 2.02877417905e-05, 0.000118628318887, 9.9874011994e-07, 4.58557138927e-07, 1.54729519863e-07, 2.3094847279e-07, 3.60170815839e-07, 3.66140568531e-07, 2.96458097182e-07, 2.06444482842e-07, 3.37354499891e-08, 7.14233934218e-08, 7.2091147274e-08, 1.00303900297e-07, 7.92762904211e-08, 2.75479834499e-07, 5.32654240715e-08, 2.05183965818e-07, 4.27814370596e-08, 1.12605157199e-07, 5.70904070685e-08, 1.44624308973e-07, 1.06589821414e-08, 1.20895862765e-10], "dmean": [7.14570633136e-05, 0.00481852190569, 0.00264371233061, 0.00281517044641, 0.00494971079752, 0.000776107888669, 0.000402507954277, 0.000297219579807, 0.000280633365037, 0.000280332198599, 0.000277019251371, 0.000253357429756, 0.000193163810764, 0.000100476652733, 0.000143488694448, 0.000152467750013, 0.000243023736402, 0.000173102729605, 0.000319320475683, 0.000161769305123, 0.000308376562316, 0.000172439977177, 0.000279316940578, 0.000184893360711, 0.000266686518444, 7.36305155442e-05, 7.33