{"metadata": {"tags": {"bpm": ["101.92"], "musicip_puid": ["1282a9fe-a3a5-459d-d3e8-074d770887fd"], "musicbrainz_albumid": ["e9d5c478-7ff8-41f6-8202-07317acee72d"], "genre": ["Country"], "musicbrainz_artistid": ["542021f3-dcd1-475f-83a2-8c6c9d1aa398"], "title": ["Rub-a-Dubbin"], "tracknumber": ["03"], "artist": ["Ken Mellons"], "musicbrainz_albumartistid": ["542021f3-dcd1-475f-83a2-8c6c9d1aa398"], "album": ["Where Forever Begins"], "musicbrainz album type": ["Album"], "musicbrainz_recordingid": ["16917197-f6b9-4ff4-9b9a-dca88d3f38e0"], "date": ["1995"], "acoustid_id": ["0cc92f08-85fa-4854-a01d-1288d65f1c2d"], "file_name": "Ken Mellons - Rub-a-Dubbin.mp3", "acoustid_fingerprint": ["AQADtFuiKMmSLFKCZzkuVaOQs1BPIjyfIC-zosnBJ-SOO1D1F12lHE1aPDv0J8JThMmPKlNkXJHwodQF_3iH3htykXjwjAoePE_wZUaTow-uEL-gz0TPqPgHnypqMUYvwVmU5bgepCd81MoCPiGqn2h0Cs8sRLQgPsiPX-gJ_wrKYvrh7seVo_mL1zoe9F-Epmo24kHS6DgVhBlzHZMs_MgXTsfzDqo6J8i1wDZxFr9TpBw-8dAXHX1IvMvhNFoV9BzxsTh59AhzBaOXI1dysDv-VIEqEuEPOzp-fEbL4BdyPgGjf9CDklKO5kF7DX8cyGEORzq-4ctA8Xh0HEyihVGFa3qw9Qw8MtCqo9vhP7hiNMePR3OCWh_0F6kaHu2NJ6yG-sUUhdIRm2jeQrNCKsMzebhw-dDkRCGaikdeYT-ac6iSO8dNq3hupP2hI_9xH0_8oNdhKi5uEp6N9MyJ_oKaSBfOQPuLh9hOtMtdPDma6aHRv4Z-XOSRNxRaTcZTtDyO7h7CnIeeKPiRT6geVUhHQmbSCqeRH8_R48dxXIrUg42PX0rgbzgTZsKbcTjLIcx6TM8I_UNeo5KUbYIblJSO_8ijHNo_PBc8HbqOX4h0KT2uH4ytYcqjHPmFPha06Cci_jh8XFks4gkt44VHJcHnGP6P6yI-WQ2eoY8WnEYfTCci5YOehdmG_AHHo0kyFjX-BPlFQXuEtJrQijkefDPaKkc6Htp1XMGl5mAiTQoNRj_O46uD6oGl5ago4cePfnrwMAQVCj90EUek88GnLMeZYxfaCY12ZOQF7TlcJxT2UPhf7LnwRAko51CdBZFyGteJU5rgfviy48efBk1oI9JI6EJ2lcG3nHgRpuLRJxd-Qtr-ohZTzNAbnET4vcitQ5dy5Md1eI9xET_eY0rFG8keI8f5oeKlFbdOwbqE3siP_7jyBk10oQ8Pvh1-MAl_9FMIOcyO_AZ9NMqHitIVPIlwMXgOhhOPRrtAHp9VZHPCQ9cRnQqe4w5epmgqCf0l5NGTQLV040_QGw0JPQ9m2cGpw88J9cmORmqHig-CklmKZh8-NEVLRcStI3wuYdsHrXE45CmeWXiphGjeo3qSG58kVHsQxvi-4-QSfCz0o_mD8MaYaEnxESeNXwn4oQm1EH1ANlGD62ng4scZ5DqSZTz6oI-O5sK1HOQUoR1zpBHZQQzR18GvDlo0QRO3EKfxJ0Yj7kUl4uHxBZfwG02so4oWBReV40Z92PlxJkaLJ8cT3MFzDR-roNvIwCzqKcTxuNB-fKEowz_-HF4j4USTUQl0HafQJ3RAHfg77NDRfdCDU8mhZ_gtNH-h7C2egdWGtGFOtE7wXjjpoLpyTJF2Co-OS8oS5thF9EbzqDglga7SBJeeIX6kDVp0TPqIXE9R5mjGEE11FGfyoDGLjTzCS8cPnbuKcgeVB70UvFEOXNBfotpynEePXoP7EXpnpNzxw8l4BVTcBe1y4UevggnyHjpzhGSeCPul4O3xJo9wacdoCX0m1DoaJzPofEP-wk903McZ5eiUhKkK98JvDtXGFHqSHHcchB3hXPiPT3LhyUGfFXcs5Id-XLGDMMpXofKxGyGZ4-gPnYdKSVWCt4iPWnWRH4dY8Qi1ZTmeH6-EY1eRqxWhgclzxIsu5E6FQ4sQ7hgdHTePKQ8cU-iH54Hj4wuRHGG24Utweej1CNeD6h7iaDneUdjZwIe4De14vEuRH4frHJcSqsL74M8IR8ez4Mc5yUG5HGEYDqpIDz1yBk_yRfgJjzn2O3ikJMelg42MMF2k4VClhkIZPYjWC0915As8vIMZBeHxo-GVoc-DS8SfYnJ6mJEkBscfDVlY6FOI43uEci-mFE-wG7qWoIkYdER-5I8DRpIYiKgcPMFfobmOSsxy6AIdfXhrNMnEoCUu6BdOScWTcAuO5mCUT4EqG3VZnHlQMiP-4A-0L2CSajlk55jkIKeFPsefYYpD-WAZBWH_QqGDnC1-VA6LMLOKEzrzIA-NJp7QHfuFfHTwQ8pzNPkPlubwF2eIsTp-hGSIWzBFuNJ-JHuO-GiSh-gnLbiO_WhqhO-hXS8yrS_8d3jY4yHzIUtKqD5yzjgT1A-m5LjG4z9-IYSijMyIfPOCJweTF32I5x7yFkmZRGijjtiz5vBROQ4ebUd0HclOjfjAfPgVo2OC5g_xKBqiH7IU3ELIF2GeDl-0CucFRX2Ohxk4L0T34G2DkT60OIwQejmOnUHzoBdq6QncNCPyQ_uC8Ie_gHGSKMcXLT6qxAqmnMed4umRF9qP9Eef48qUHY8yHjeP3xnqC41_XOFxFkeoJ4dOCVO-IxeXHpcEJn5Rq0d-nIKWaSOqNtiXEDfxHHcOPUbFxrA-aLKO8g3So2R2_MGPjg2PJo9YRC_OLzjCh5TwLfDB_PhFIV-TQduPUB-uCP9kNNWOlgv4aWgmoToRRiFz1Mpx7QSv6LiOJie0Hyfl4JQUCQ3zo3JGBj_uNAgrBkwm4kbeLMUo2Qn0H1O2hkfPI3spfNh_5BdO4sF9qGxyopc8hGs-fDcaPke9cdiPH2FOEjwLkTleVXgi4k-MkhX040d2DU10MSE6nAue4Deaz3iPvlSQyFKpBCGlo7nxJxse2biSDCGlI2HMTML0nMMtPOeRh4MiUxvCB7_wox2DxhquIz_UL6GCfDx-hOSFpkkG_T76BM_xE1WuCOfxH_XRXErxCi8hPseP50K5UCKoOocGfjn-I8yYg9kSRcUpHWF49Eyhv8gdJ3g0C0dzBb3wVCFOOuDzI6cu1GGSD6KAEQAAJAAFABiGCBXIgAQMEU4CpoxBxEhABAAAAEigBUY4ZoiAggFkBCDEKWCIKAQJCgRyAhhgHBFKKEQEIIgAS5ChzABiBLEMKGGEcAIgYAiAjBnpEBDSAOO4JchAAwACCiAgjEICMQIAE0CABAwwgBCDACCCAaEoAEgBIRgAwlBkAhAOAGKAIIQpaJAiRDDBgABCCaYEAIQJgRABSDgjCBBCAGMUEQCIjJBxwAgiAFCMSIEIQ8QRIBBIQAnBAQGWGGKYNEgBwIRhSAgBsLCACAMAAEwwAiAwwBBGgGEAGKsAQQgIQ4AgCCDFoBICQWCFAkcIIgRQgBgigBOMUGAEAEoAAiQwzjHGAHBCAiAAAEoQYIghBghimFAECEANY4AAIAAxgCECCAOAICMUEAYwRJAiAANDAAEMEMEE-EQAIigzhEBCgRIGMoAMMEQAhhQFJiAIggMMEoEAcIIAIgBBCAhnACEEaGAMM4QwoawQQkEhEAQEEWQFAAgaARBDxCABhABCIEIEBIIAAxQhCBhCEQQAGSAUAsQwQiA2zBABCPAAACA4AkYQhSgABCArnDKWKUEIMIgYTAgYjABBDBDMEWCUIgQBZAAFRDJlgGEMIMCEwYJASwASAxHwCGFAgCEIcRwB5gBCTBEGjCJOOKCEgQAIIqTwQiCAAAEKKAAEFYxgBgEQyhFCMGECKQCAMQgIpTAyBAnigDNIIQaAMsQCIQAwCgiAqBMAAIIIAEwaQChChEhFlJEAECQQAl4o5YwhCBAgiDAEIcQgAUAQQIASTGCAKAAEQiIUYgZIAwQSIiBgADAAIACRIcIJYwQwzBgigACAGQSAIMAIZQgQSihGiQBCAAYcsUgBwxQAgliDnACSCIicIAgQYYAQgAEAFBOQOGEMIAJpAQhQzBgAiAIKOKCQEEQahgwAhiAAgADWIEoIIYQIIwA"]}, "audio_properties": {"sample_rate": 44100, "downmix": "mix", "lossless": false, "analysis_sample_rate": 44100, "md5_encoded": "ef599fc1b2045e392927f0a9db3ae10a", "equal_loudness": 0, "replay_gain": -6.30595970154, "codec": "mp3", "bit_rate": 192000, "length": 133.929794312}, "version": {"extractor": "music 1.0", "essentia_build_sha": "2d9f1f26377add8aeb1075a9c2973f962c4f09fd", "essentia_git_sha": "v2.1_beta2-1-ge3940c0", "essentia": "2.1-beta2"}}, "rhythm": {"beats_loudness_band_ratio": {"dvar2": [0.0542817153037, 0.0326798595488, 0.0399609729648, 0.0203116517514, 0.0145145794377, 0.00844403356314], "var": [0.0457849577069, 0.0164521224797, 0.0153326578438, 0.00727484514937, 0.00708663417026, 0.0043727629818], "min": [0.0543642751873, 0.0176487751305, 0.00139581784606, 1.5500236259e-05, 6.07825859333e-06, 1.40830261444e-05], "dmean": [0.177584350109, 0.121608100832, 0.104504734278, 0.0719852149487, 0.0772166997194, 0.0585353076458], "mean": [0.423064351082, 0.233285680413, 0.117217026651, 0.0761681869626, 0.0956952869892, 0.111386679113], "max": [0.980166733265, 0.639592409134, 0.73810261488, 0.506626486778, 0.41633784771, 0.307621330023], "dmean2": [0.305952221155, 0.21315279603, 0.185910820961, 0.131532371044, 0.133879140019, 0.102907426655], "median": [0.394358813763, 0.222956046462, 0.0764541327953, 0.0441099852324, 0.0660329014063, 0.11082047224], "dvar": [0.0206987857819, 0.0119295231998, 0.0153425838798, 0.00759945111349, 0.00543339876458, 0.00299871037714]}, "bpm_histogram_first_peak_weight": {"dvar2": 0, "var": 0, "min": 0.412280708551, "dmean": 0, "mean": 0.412280708551, "max": 0.412280708551, "dmean2": 0, "median": 0.412280708551, "dvar": 0}, "bpm": 101.980056763, "beats_count": 229, "bpm_histogram_first_peak_spread": {"dvar2": 0, "var": 0, "min": 0.552380919456, "dmean": 0, "mean": 0.552380919456, "max": 0.552380919456, "dmean2": 0, "median": 0.552380919456, "dvar": 0}, "danceability": 1.34556782246, "bpm_histogram_first_peak_bpm": {"dvar2": 0, "var": 0, "min": 101, "dmean": 0, "mean": 101, "max": 101, "dmean2": 0, "median": 101, "dvar": 0}, "beats_position": [0.522448956966, 1.05650794506, 1.59056687355, 2.13623571396, 2.69351458549, 3.27401351929, 3.86612248421, 4.45823097229, 5.0387301445, 5.630838871, 6.2229475975, 6.81505680084, 7.40716552734, 7.98766422272, 8.56816291809, 9.16027164459, 9.75238037109, 10.3444900513, 10.9365987778, 11.5170974731, 12.1092061996, 12.7013149261, 13.2818136215, 13.873922348, 14.4660310745, 15.0465307236, 15.6386394501, 16.2307472229, 16.8112468719, 17.4033565521, 17.995464325, 18.5875740051, 19.179681778, 19.760181427, 20.3522891998, 20.94439888, 21.5248966217, 22.1053962708, 22.7091159821, 23.2896137238, 23.8817234039, 24.4738311768, 25.0543308258, 25.6464385986, 26.2385482788, 26.8190479279, 27.3995456696, 28.0032653809, 28.5837631226, 29.1758728027, 29.7679805756, 30.3484802246, 30.9521980286, 31.5326976776, 32.1131973267, 32.7169151306, 33.2974128723, 33.8779144287, 34.4584121704, 35.0621299744, 35.6426315308, 36.2231292725, 36.8268470764, 37.4189567566, 38.0110664368, 38.6031723022, 39.1952819824, 39.7757797241, 40.3795013428, 40.9599990845, 41.5404968262, 42.1326065063, 42.7247161865, 43.3052139282, 43.9089317322, 44.4894332886, 45.0699310303, 45.650428772, 46.2541503906, 46.8346481323, 47.415145874, 48.018863678, 48.5993652344, 49.1914749146, 49.7603607178, 50.3640823364, 50.9561882019, 51.5482978821, 52.1404075623, 52.7325172424, 53.3130149841, 53.9051246643, 54.4972343445, 55.0777320862, 55.6698417664, 56.2619476318, 56.8424491882, 57.4345550537, 58.0266647339, 58.6071662903, 59.1992721558, 59.7913818359, 60.3834915161, 60.9756011963, 61.556098938, 62.1365966797, 62.7170982361, 63.3092041016, 63.9013137817, 64.4934234619, 65.0855331421, 65.6776428223, 66.2697525024, 66.8502502441, 67.4307479858, 68.022857666, 68.6149673462, 69.1954650879, 69.7875747681, 70.3796844482, 70.9601821899, 71.5522918701, 72.1444015503, 72.7365036011, 73.3286132813, 73.9091110229, 74.489616394, 75.0933303833, 75.673828125, 76.2659378052, 76.8580474854, 77.4501571655, 78.0422668457, 78.6227645874, 79.2264862061, 79.8069839478, 80.3874816895, 80.9795913696, 81.5717010498, 82.1521987915, 82.7326965332, 83.3364181519, 83.9169158936, 84.5206298828, 85.1011352539, 85.6816329956, 86.2737426758, 86.865852356, 87.4463500977, 88.0500640869, 88.6305618286, 89.2110671997, 89.814781189, 90.3952789307, 90.9757843018, 91.5562820435, 92.1483917236, 92.7404937744, 93.3442153931, 93.9479370117, 94.5284347534, 95.1089324951, 95.7126541138, 96.2931518555, 96.8736495972, 97.4541473389, 98.0578689575, 98.6383666992, 99.2420806885, 99.8225860596, 100.41469574, 101.006797791, 101.587303162, 102.167800903, 102.748298645, 103.340408325, 103.932518005, 104.524627686, 105.116729736, 105.697235107, 106.289337158, 106.881446838, 107.46194458, 108.065666199, 108.64616394, 109.226661682, 109.830383301, 110.410881042, 110.991378784, 111.583488464, 112.175598145, 112.779319763, 113.371429443, 113.951927185, 114.544036865, 115.136146545, 115.728248596, 116.308753967, 116.889251709, 117.481361389, 118.07346344, 118.653968811, 119.246078491, 119.838180542, 120.441902161, 121.022399902, 121.602897644, 122.183395386, 122.763900757, 123.344398499, 123.913284302, 124.493782043, 125.085891724, 125.678001404, 126.270111084, 126.804168701, 127.338226318, 127.83745575, 128.336685181, 128.835922241, 129.288711548, 129.741500854, 130.194290161, 130.647079468, 131.157913208, 131.668746948, 132.191192627, 132.713653564, 133.224487305], "beats_loudness": {"dvar2": 0.000225781026529, "var": 0.000211655409657, "min": 4.2653528709e-08, "dmean": 0.0105626480654, "mean": 0.0354308225214, "max": 0.0688913911581, "dmean2": 0.0171857383102, "median": 0.0376195274293, "dvar": 7.30089814169e-05}, "bpm_histogram_second_peak_weight": {"dvar2": 0, "var": 0, "min": 0.0175438597798, "dmean": 0, "mean": 0.0175438597798, "max": 0.0175438597798, "dmean2": 0, "median": 0.0175438597798, "dvar": 0}, "bpm_histogram_second_peak_spread": {"dvar2": 0, "var": 0, "min": 0.5, "dmean": 0, "mean": 0.5, "max": 0.5, "dmean2": 0, "median": 0.5, "dvar": 0}, "bpm_histogram_second_peak_bpm": {"dvar2": 0, "var": 0, "min": 112, "dmean": 0, "mean": 112, "max": 112, "dmean2": 0, "median": 112, "dvar": 0}, "onset_rate": 4.33762359619}, "lowlevel": {"spectral_energyband_high": {"dvar2": 2.69989050139e-06, "var": 2.31849458032e-06, "min": 8.2097029561e-21, "dmean": 0.000547705742065, "mean": 0.000899396371096, "max": 0.0153159787878, "dmean2": 0.000780734582804, "median": 0.000273247249424, "dvar": 1.26030658976e-06}, "spectral_energyband_middle_low": {"dvar2": 9.30943206185e-05, "var": 0.000104254504549, "min": 1.90738059806e-22, "dmean": 0.00497712753713, "mean": 0.0123120676726, "max": 0.0682969689369, "dmean2": 0.00782357808203, "median": 0.00988124683499, "dvar": 3.84552695323e-05}, "spectral_energy": {"dvar2": 0.000683614984155, "var": 0.000437990442151, "min": 1.10360530934e-20, "dmean": 0.0105800461024, "mean": 0.0274365227669, "max": 0.131653606892, "dmean2": 0.0166928414255, "median": 0.0245814677328, "dvar": 0.000272165052593}, "spectral_spread": {"dvar2": 1094147375100.0, "var": 2961278763010.0, "min": 1056966.25, "dmean": 677264.5625, "mean": 4576350.5, "max": 42063560, "dmean2": 914165.1875, "median": 4430524.5, "dvar": 685639467008}, "spectral_energyband_low": {"dvar2": 0.000684033962898, "var": 0.000243068003329, "min": 6.85974258083e-23, "dmean": 0.00703134294599, "mean": 0.0107838725671, "max": 0.123752675951, "dmean2": 0.0117139359936, "median": 0.00701963389292, "dvar": 0.000258058513282}, "spectral_rolloff": {"dvar2": 2055798.375, "var": 2415423.5, "min": 64.599609375, "dmean": 590.690368652, "mean": 1479.80554199, "max": 19078.4179688, "dmean2": 966.337158203, "median": 1012.06054688, "dvar": 1006265}, "barkbands": {"dvar2": [9.80004756457e-07, 0.000464005890535, 4.45955774921e-05, 2.16313692363e-05, 5.40409382666e-05, 6.76001809552e-06, 7.46520163375e-06, 3.62125615538e-06, 4.02377463615e-06, 1.75637751454e-06, 1.85600788427e-06, 1.70050350334e-06, 8.18257319679e-07, 1.33948776693e-06, 1.10833536837e-06, 8.62278568547e-07, 8.61135390551e-07, 5.27162114849e-07, 3.44200856262e-07, 2.8009384323e-07, 2.84127480654e-07, 1.70525638055e-07, 1.07154335183e-07, 1.27994766785e-07, 3.40043513347e-08, 1.32560415977e-08, 3.63314955898e-09], "var": [5.72226952045e-07, 0.000132604807732, 2.07064022106e-05, 1.5772135157e-05, 2.63923848252e-05, 5.8713285398e-06, 1.28768942886e-05, 5.37029109182e-06, 6.4330688474e-06, 1.8565344817e-06, 1.82938276794e-06, 1.70567977875e-06, 8.9321406449e-07, 1.36553785524e-06, 1.22977405681e-06, 9.87722842183e-07, 1.20351944588e-06, 7.25335610241e-07, 3.84600298275e-07, 1.79287440005e-07, 1.69613670664e-07, 1.32688512622e-07, 9.43557907362e-08, 6.33542427408e-08, 2.16697113586e-08, 7.27561388914e-09, 2.08405737112e-09], "min": [2.00701360418e-23, 3.7090785104e-23, 9.3323570374e-24, 4.96313258469e-24, 3.7829228331e-23, 6.47302734564e-24, 3.91572819759e-23, 2.2809898875e-23, 6.85008313682e-23, 2.24528714733e-23, 6.01809236601e-23, 8.04459083454e-23, 2.10951856885e-22, 6.03048631746e-23, 1.21237369329e-22, 1.84039292813e-22, 1.23195309474e-22, 1.97257168462e-22, 2.04920781762e-22, 1.84160133682e-22, 5.7489198985e-22, 7.02417855393e-22, 6.41061794041e-22, 8.2147324808e-22, 1.45291346343e-21, 1.79415394083e-21, 2.28659459277e-21], "dmean": [0.000284825975541, 0.00487036025152, 0.00218487158418, 0.00196631648578, 0.00275293341838, 0.000876333622728, 0.000783972209319, 0.000445475860033, 0.000435585505329, 0.000278884865111, 0.000290718278848, 0.000295957986964, 0.000253085338045, 0.000267994357273, 0.000326764478814, 0.000293077842798, 0.000304593762849, 0.000210911763133, 0.000200474212761, 0.000160891999258, 0.000147555067088, 0.00012136476289, 9.59454337135e-05, 7.72613784648e-05, 5.52398960281e-05, 3.23817585013e-05, 1.50326677613e-05], "mean": [0.000329630507622, 0.00563795212656, 0.00348954414949, 0.00306837470271, 0.00436367094517, 0.00163075281307, 0.00155409437139, 0.000750299252104, 0.000789887330029, 0.000481815310195, 0.000498922832776, 0.000473849970149, 0.000412749184761, 0.000440947536845, 0.000571104639675, 0.000531853933353, 0.000597126898356, 0.000395804294385, 0.000376658776077, 0.000255336199189, 0.000222485658014, 0.000193568426766, 0.000147093815031, 0.000102331876406, 7.08050574758e-05, 3.53904615622e-05, 1.45042422446e-05], "max": [0.00737784616649, 0.107154861093, 0.0405454747379, 0.0425442680717, 0.0601730756462, 0.0303801484406, 0.0409087613225, 0.0565325766802, 0.0626958534122, 0.0234534163028, 0.0239923559129, 0.0173620916903, 0.0121910348535, 0.0193650182337, 0.0154296532273, 0.00974676106125, 0.0156142227352, 0.0176783762872, 0.00808932073414, 0.00625634985045, 0.0056697386317, 0.00407841522247, 0.00471852254122, 0.00630232132971, 0.00191244995221, 0.000820544781163, 0.000537678366527], "dmean2": [0.000446498743258, 0.0083188591525, 0.00377207109705, 0.00321961916052, 0.00462924130261, 0.00139047880657, 0.00120071403217, 0.000670025357977, 0.000655027921312, 0.000412705383496, 0.000424641941208, 0.000458895199699, 0.000373332033632, 0.00040887115756, 0.000491917482577, 0.000428579864092, 0.00045121597941, 0.000309378490783, 0.000302576459944, 0.000258932239376, 0.000230788748013, 0.000181972558494, 0.000138617921039, 0.000115787239338, 8.015124331e-05, 4.91135615448e-05, 2.2767642804e-05], "median": [6.13197480561e-05, 0.00265621719882, 0.0017353099538, 0.00180378032383, 0.00287867686711, 0.000778231944423, 0.000422073761001, 0.000142754099215, 0.000201427305001, 8.10394340078e-05, 7.1941583883e-05, 6.96699789842e-05, 9.10734961508e-05, 8.61139706103e-05, 0.000194278807612, 0.000157705857418, 0.000192367733689, 0.000124015190522, 0.000149428087752, 9.03748878045e-05, 6.38617493678e-05, 4.93755687785e-05, 3.37626697728e-05, 2.4142629627e-05, 1.55272500706e-05, 4.17186765844e-06, 2.47461258596e-07], "dvar": [4.34506944202e-07, 0.000172257932718, 1.59363407874e-05, 8.26239556773e-06, 2.02258106583e-05, 2.78095126305e-06, 3.55589850187e-06, 1.89668639905e-06, 2.35037555285e-06, 8.67302958341e-07, 8.65255117333e-07, 7.46567422993e-07, 3.84043289614e-07, 6.46655962555e-07, 5.28499469965e-07, 3.9800343643e-07, 4.1564123876e-07, 2.92937528457e-07, 1.60735410759e-07, 1.11847249684e-07, 1.16391568383e-07, 7.44140962183e-08, 5.28497068331e-08, 5.40254134762e-08, 1.55595234475e-08, 5.95200955189e-09, 1.72422032207e-09]}, "melbands_skewness": {"dvar2": 3.68640804291, "var": 3.80302143097, "min": -1.9727833271, "dmean": 0.925525963306, "mean": 3.2366938591, "max": 16.7267894745, "dmean2": 1.43452250957, "median": 2.95810008049, "dvar": 1.52780473232}, "barkbands_skewness": {"dvar2": 1.51148998737, "var": 2.03244781494, "min": -3.83676362038, "dmean": 0.647538661957, "mean": 1.84205818176, "max": 11.0717744827, "dmean2": 0.981645226479, "median": 1.62396407127, "dvar": 0.660580515862}, "erbbands": {"dvar2": [0.335733503103, 27.1300830841, 81.7535095215, 97.6652755737, 470.88269043, 757.244506836, 260.743774414, 545.203979492, 1068.33886719, 2503.40234375, 1693.82727051, 2882.44384766, 1377.94250488, 2288.80834961, 1613.31140137, 2471.22143555, 1378.79467773, 1822.88000488, 2922.54418945, 3433.6496582, 2607.52929688, 1945.27062988, 1610.65063477, 1573.11022949, 843.756896973, 668.896362305, 545.417480469, 354.566680908, 239.340560913, 141.930999756, 88.3570404053, 57.8889961243, 36.414680481, 5.89311552048, 1.61296677589, 0.379166573286, 0.0353875756264, 0.00253965589218, 0.000186123535968, 1.7155073806e-07], "var": [0.132608145475, 6.46927595139, 28.1924915314, 67.703918457, 251.604614258, 375.480072021, 195.327545166, 487.507598877, 1372.48803711, 5009.140625, 3073.64453125, 4766.08886719, 1678.38269043, 2607.07202148, 2125.68164063, 2388.50415039, 1652.93408203, 2436.73754883, 3379.43041992, 4157.79052734, 3553.88696289, 3356.96655273, 2229.57299805, 1212.10351563, 923.946350098, 411.719940186, 310.831390381, 230.241195679, 169.422042847, 124.786445618, 73.3516998291, 35.2649841309, 15.2859287262, 3.31973862648, 0.983182787895, 0.200756087899, 0.0198969561607, 0.00166519591585, 0.000100053868664, 8.61158895304e-08], "min": [1.46617036561e-21, 6.70880877623e-21, 1.05946036026e-20, 2.1886964748e-20, 9.57380004192e-20, 1.08857795793e-19, 4.40091589827e-20, 6.13829019085e-20, 3.13206846613e-19, 7.46749653993e-19, 4.5499131632e-19, 1.62758156297e-18, 1.23938032482e-18, 1.00561691237e-18, 2.54599823253e-18, 3.92977254925e-18, 9.53983595427e-18, 5.55844361248e-18, 3.52342090051e-18, 6.80922176236e-18, 1.2644440835e-17, 6.83148243342e-18, 1.00683084127e-17, 7.80923845518e-18, 1.21879454975e-17, 1.02968575888e-17, 1.87227170044e-17, 2.43523775589e-17, 2.72713771723e-17, 1.68846720525e-17, 2.04506079686e-17, 1.8564957118e-17, 1.27600327081e-17, 1.43432142144e-17, 1.13150648105e-17, 6.42299169562e-18, 3.51642584766e-18, 1.30709395015e-18, 3.14537754369e-19, 3.44364691723e-20], "dmean": [0.142110317945, 1.11435222626, 2.5233745575, 4.18998098373, 8.88798141479, 10.0908594131, 5.47907209396, 7.34618473053, 9.70498466492, 11.7174005508, 9.4719877243, 10.2708787918, 8.36724281311, 9.43268871307, 9.95949268341, 11.5412225723, 10.8600521088, 11.2672967911, 13.7520236969, 18.1263847351, 15.8860330582, 15.5746355057, 11.6824760437, 10.021695137, 9.57549571991, 7.63448572159, 6.42034626007, 5.36720180511, 4.40023708344, 3.76069402695, 2.64198160172, 1.71317315102, 1.24896895885, 0.652143239975, 0.379956811666, 0.172590017319, 0.0534095540643, 0.0143490722403, 0.00325127108954, 0.000102359772427], "mean": [0.171212300658, 1.23765623569, 3.83109593391, 7.31978845596, 13.8710575104, 15.2762031555, 9.9328994751, 13.9014253616, 18.5373859406, 23.7680225372, 17.8990058899, 19.0752334595, 15.4935503006, 17.8792896271, 18.5914039612, 19.1596279144, 19.3195228577, 21.0697498322, 24.8840999603, 33.1926040649, 32.3163604736, 33.11536026, 23.2025127411, 18.9587421417, 18.3828239441, 12.2908163071, 9.53567123413, 8.2355260849, 6.82183408737, 5.93335819244, 3.98132133484, 2.42138600349, 1.55924677849, 0.848774731159, 0.464007645845, 0.190937310457, 0.0576067939401, 0.0152278579772, 0.00308241089806, 0.000118260875752], "max": [3.74758696556, 23.1456165314, 44.2387046814, 117.398208618, 149.401245117, 233.083221436, 145.634246826, 351.816497803, 469.044189453, 1081.53039551, 1504.0859375, 1996.83081055, 690.596374512, 1182.71948242, 1094.25195313, 667.909545898, 646.204467773, 611.759643555, 915.645996094, 958.611206055, 671.436401367, 597.910827637, 1082.30383301, 1133.75195313, 431.51965332, 338.370635986, 244.361358643, 264.12991333, 148.581588745, 120.396385193, 143.004364014, 150.540771484, 95.6539611816, 34.4552993774, 10.7121276855, 4.43920755386, 1.3264362812, 0.346381485462, 0.129861444235, 0.00434368429706], "dmean2": [0.231650859118, 1.98054635525, 4.44012260437, 6.89112949371, 14.8340110779, 17.0537166595, 8.95530700684, 11.5733509064, 14.8566007614, 17.7187900543, 14.0569591522, 15.1001968384, 12.3562650681, 13.5231351852, 14.3062763214, 17.7212409973, 15.8982563019, 16.2235412598, 20.7943134308, 26.6884479523, 22.670539856, 22.4340763092, 16.4730815887, 14.6352481842, 14.4205713272, 12.2081317902, 10.1350412369, 8.2400598526, 6.70851135254, 5.5264081955, 3.83455085754, 2.51634979248, 1.91947567463, 0.958373904228, 0.558916568756, 0.261335492134, 0.0805333927274, 0.0215741675347, 0.00494647491723, 0.00015567970695], "median": [0.062972985208, 0.606218338013, 2.11056256294, 5.15821266174, 9.08798789978, 9.43316936493, 5.41923952103, 6.63756370544, 6.18311691284, 5.06433200836, 4.68207550049, 5.22164869308, 3.03070425987, 3.71980834007, 4.10184621811, 3.81611251831, 4.96407985687, 4.76041984558, 7.17353630066, 11.586728096, 9.99320602417, 11.2339849472, 7.5344452858, 7.99067258835, 7.10879850388, 4.56142950058, 2.96254324913, 2.17106032372, 1.73308444023, 1.34606063366, 0.926756024361, 0.588975012302, 0.355730593204, 0.197079688311, 0.092337615788, 0.0262105222791, 0.00608280207962, 0.00100201054011, 5.05026982864e-05, 3.63108738384e-05], "dvar": [0.137945249677, 9.63374042511, 28.8706359863, 37.1540870667, 176.508392334, 284.430725098, 102.348236084, 232.26763916, 507.23815918, 1244.17431641, 923.027160645, 1793.12988281, 690.350463867, 1110.84472656, 826.576782227, 1071.85913086, 647.605957031, 905.71887207, 1406.34973145, 1699.93981934, 1226.11865234, 1015.84185791, 857.107727051, 692.823608398, 373.772918701, 265.707794189, 219.452819824, 148.929626465, 102.122497559, 66.1236953735, 42.7160568237, 25.790971756, 14.7473678589, 2.58543252945, 0.732334256172, 0.167687609792, 0.0160347558558, 0.00122673751321, 8.64910252858e-05, 7.78103625976e-08]}, "silence_rate_30dB": {"dvar2": 0, "var": 0, "min": 1, "dmean": 0, "mean": 1, "max": 1, "dmean2": 0, "median": 1, "dvar": 0}, "melbands_spread": {"dvar2": 288.301452637, "var": 371.898773193, "min": 0.545940697193, "dmean": 7.81080675125, "mean": 22.4984703064, "max": 193.489944458, "dmean2": 11.8145132065, "median": 18.0808811188, "dvar": 133.991195679}, "melbands_crest": {"dvar2": 24.2199726105, "var": 23.2395973206, "min": 2.10655021667, "dmean": 3.22010850906, "mean": 13.9754400253, "max": 32.6518707275, "dmean2": 5.25627803802, "median": 13.2832727432, "dvar": 9.23759078979}, "zerocrossingrate": {"dvar2": 0.000276803650195, "var": 0.00158473860938, "min": 0.00341796875, "dmean": 0.0122529985383, "mean": 0.0601433180273, "max": 0.50927734375, "dmean2": 0.013585598208, "median": 0.052734375, "dvar": 0.000232417456573}, "barkbands_kurtosis": {"dvar2": 147.454879761, "var": 161.440658569, "min": -1.89246988297, "dmean": 3.95709633827, "mean": 6.51539802551, "max": 136.305114746, "dmean2": 6.30745363235, "median": 2.06231045723, "dvar": 60.3135986328}, "spectral_flux": {"dvar2": 0.00337947555818, "var": 0.00320404046215, "min": 1.05052619381e-10, "dmean": 0.0304341688752, "mean": 0.0852821394801, "max": 0.338228523731, "dmean2": 0.0464278534055, "median": 0.074806265533, "dvar": 0.00159134634305}, "barkbands_crest": {"dvar2": 19.8360042572, "var": 15.8574886322, "min": 2.7669107914, "dmean": 2.61617684364, "mean": 9.63222503662, "max": 24.4973201752, "dmean2": 4.32008981705, "median": 8.72025680542, "dvar": 7.38850212097}, "barkbands_flatness_db": {"dvar2": 0.00150146055967, "var": 0.0068881008774, "min": 0.0267390776426, "dmean": 0.0241789408028, "mean": 0.151932537556, "max": 0.512081086636, "dmean2": 0.0361712872982, "median": 0.138055562973, "dvar": 0.000735928479116}, "spectral_entropy": {"dvar2": 0.102948360145, "var": 0.459529697895, "min": 4.71260070801, "dmean": 0.202676594257, "mean": 7.36358642578, "max": 9.82358264923, "dmean2": 0.282147973776, "median": 7.46263456345, "dvar": 0.0570321418345}, "pitch_salience": {"dvar2": 0.013633669354, "var": 0.0147895459086, "min": 0.140847310424, "dmean": 0.0718576833606, "mean": 0.559078454971, "max": 0.951100051403, "dmean2": 0.117225237191, "median": 0.572141289711, "dvar": 0.00516366912052}, "erbbands_spread": {"dvar2": 281.650390625, "var": 529.076660156, "min": 3.02447247505, "dmean": 9.87621307373, "mean": 45.9579124451, "max": 145.476913452, "dmean2": 14.7314777374, "median": 44.1592521667, "dvar": 128.819473267}, "dynamic_complexity": 3.74564647675, "spectral_contrast_valleys": {"dvar2": [0.389495819807, 0.266218602657, 0.290319263935, 0.282210528851, 0.318575739861, 0.392602980137], "var": [1.67238771915, 1.66913151741, 2.20237636566, 2.40927529335, 2.45718717575, 2.69374227524], "min": [-26.9815425873, -27.1032066345, -27.061706543, -26.9563426971, -27.3244380951, -27.2011528015], "dmean": [0.423178076744, 0.379617929459, 0.381380409002, 0.375268101692, 0.351499021053, 0.40736708045], "mean": [-7.21394443512, -7.16882801056, -8.12776184082, -8.32818698883, -7.95642805099, -10.4463129044], "max": [-5.15977716446, -4.93918085098, -5.48813343048, -5.62629938126, -5.64404630661, -7.50950717926], "dmean2": [0.645881354809, 0.602641284466, 0.586859226227, 0.563259184361, 0.499695986509, 0.507334828377], "median": [-6.80038452148, -6.96405506134, -7.91282081604, -8.07523345947, -7.65518283844, -10.1673984528], "dvar": [0.204243421555, 0.123127728701, 0.146473661065, 0.151374518871, 0.166012585163, 0.2365809232]}, "hfc": {"dvar2": 254.61706543, "var": 347.505615234, "min": 1.26092950888e-16, "dmean": 7.36590766907, "mean": 19.9128456116, "max": 119.538948059, "dmean2": 10.1793670654, "median": 14.2023563385, "dvar": 121.452346802}, "spectral_kurtosis": {"dvar2": 32.3213768005, "var": 88.9332199097, "min": -1.23217046261, "dmean": 2.13486790657, "mean": 6.42732715607, "max": 82.5868530273, "dmean2": 3.50216960907, "median": 3.80891561508, "dvar": 11.42237854}, "mfcc": {"mean": [-665.483459473, 116.95891571, 8.57373905182, 37.2110671997, 13.9189605713, 5.66050481796, -4.11262989044, 2.32108807564, -3.01008415222, -0.336486667395, -3.68607950211, -3.11241793633, -1.08104515076], "cov": [[12489.8603516, -672.391540527, -1394.43371582, -245.220184326, -346.301300049, -186.080810547, -272.648925781, -35.5632133484, -101.753326416, -72.3827667236, -114.877159119, -57.0570602417, 4.97135353088], [-672.391540527, 1576.38769531, -243.888458252, -6.12892770767, 159.193878174, -71.2187728882, 95.2650604248, 150.423324585, -0.776619613171, 51.3683242798, 84.7634735107, 27.1922206879, 14.9139728546], [-1394.43371582, -243.888458252, 946.393615723, 254.389709473, 0.526275098324, 199.125106812, 67.5941238403, -25.9825878143, 48.4591445923, 19.9744930267, 11.7832508087, 17.5207271576, 22.6381816864], [-245.220184326, -6.12892770767, 254.389709473, 459.392944336, 178.337585449, -7.59204483032, -32.8349342346, 19.7780151367, 28.5392990112, 12.468375206, -10.8330583572, 14.6276655197, 53.7083816528], [-346.301300049, 159.193878174, 0.526275098324, 178.337585449, 368.1925354, -35.0022315979, -26.3035449982, 50.1718063354, 13.0109643936, 34.0745315552, 26.2657470703, 30.1221008301, 29.4185295105], [-186.080810547, -71.2187728882, 199.125106812, -7.59204483032, -35.0022315979, 299.949157715, 125.061073303, -28.0806980133, 25.8319988251, 5.50066328049, 28.9054164886, -4.75620174408, -17.5405025482], [-272.648925781, 95.2650604248, 67.5941238403, -32.8349342346, -26.3035449982, 125.061073303, 246.751434326, 72.1572799683, 23.7082805634, 12.6476192474, 13.0095272064, -0.0720201805234, -3.2192325592], [-35.5632133484, 150.423324585, -25.9825878143, 19.7780151367, 50.1718063354, -28.0806980133, 72.1572799683, 152.773635864, 34.016254425, 4.08468723297, 10.0153074265, 11.088145256, 16.7566299438], [-101.753326416, -0.776619613171, 48.4591445923, 28.5392990112, 13.0109643936, 25.8319988251, 23.7082805634, 34.016254425, 127.349143982, 40.3063926697, -6.48255252838, -2.12139248848, -0.255797117949], [-72.3827667236, 51.3683242798, 19.9744930267, 12.468375206, 34.0745315552, 5.50066328049, 12.6476192474, 4.08468723297, 40.3063926697, 135.689285278, 33.6027183533, -4.49463653564, 1.20988845825], [-114.877159119, 84.7634735107, 11.7832508087, -10.8330583572, 26.2657470703, 28.9054164886, 13.0095272064, 10.0153074265, -6.48255252838, 33.6027183533, 111.93170166, 38.1240959167, -6.97687482834], [-57.0570602417, 27.1922206879, 17.5207271576, 14.6276655197, 30.1221008301, -4.75620174408, -0.0720201805234, 11.088145256, -2.12139248848, -4.49463653564, 38.1240959167, 94.7014923096, 21.3363838196], [4.97135353088, 14.9139728546, 22.6381816864, 53.7083816528, 29.4185295105, -17.5405025482, -3.2192325592, 16.7566299438, -0.255797117949, 1.20988845825, -6.97687482834, 21.3363838196, 95.1691741943]], "icov": [[0.000111636785732, 6.52027592878e-05, 0.000220630739932, -0.000100492230558, 0.000146340113133, -0.000132374596433, 0.000140064774314, -0.000138371658977, 7.44204298826e-05, -6.63247774355e-05, 6.02521213295e-05, -3.03506767523e-05, -4.00873395847e-05], [6.52027592878e-05, 0.000827189767733, 0.000312355754431, -7.11040702299e-05, -0.000148696475662, 7.49334067223e-05, -0.000211325968849, -0.000578011153266, 0.000182347663213, -0.000181017836439, -0.000470947910799, 7.23095072317e-05, -6.07551046414e-05], [0.000220630739932, 0.000312355754431, 0.00204435572959, -0.00122667243704, 0.000660221383441, -0.00118809414562, 0.000145897778566, -0.000196456472622, -2.89748204523e-05, -0.000323474756442, 2.62463636318e-05, -0.000385838007787, -0.000145578902448], [-0.000100492230558, -7.11040702299e-05, -0.00122667243704, 0.00366914644837, -0.00174895627424, 0.000426778540714, 0.000319907034282, 4.48026730737e-05, -0.000476725486806, 0.000267346506007, 0.00041200267151, 0.000295009551337, -0.00118087453302], [0.000146340113133, -0.000148696475662, 0.000660221383441, -0.00174895627424, 0.00412666099146, -0.000444303499535, 0.000875814876053, -0.001309136278, 0.000386177474866, -0.000947588065173, -0.000228782519116, -0.000830718840007, -6.92061221343e-05], [-0.000132374596433, 7.49334067223e-05, -0.00118809414562, 0.000426778540714, -0.000444303499535, 0.00615039886907, -0.00362502573989, 0.00297318794765, -0.00152395816986, 0.00114812410902, -0.00209560361691, 0.000953856331762, 0.000275563274045], [0.000140064774314, -0.000211325968849, 0.000145897778566, 0.000319907034282, 0.000875814876053, -0.00362502573989, 0.00744457216933, -0.00445251306519, 0.000812540121842, -0.00104646047112, 0.00106612162199, -0.000343234452885, 7.80855989433e-05], [-0.000138371658977, -0.000578011153266, -0.000196456472622, 4.48026730737e-05, -0.001309136278, 0.00297318794765, -0.00445251306519, 0.0110198641196, -0.00328993960284, 0.00183672853746, -0.00152496423107, 0.000288053794065, -0.00122755300254], [7.44204298826e-05, 0.000182347663213, -2.89748204523e-05, -0.000476725486806, 0.000386177474866, -0.00152395816986, 0.000812540121842, -0.00328993960284, 0.0103129679337, -0.00370414461941, 0.00246419501491, -0.000882375752553, 0.000903250474948], [-6.63247774355e-05, -0.000181017836439, -0.000323474756442, 0.000267346506007, -0.000947588065173, 0.00114812410902, -0.00104646047112, 0.00183672853746, -0.00370414461941, 0.00984071660787, -0.00401658937335, 0.00236784806475, -0.000856743252371], [6.02521213295e-05, -0.000470947910799, 2.62463636318e-05, 0.00041200267151, -0.000228782519116, -0.00209560361691, 0.00106612162199, -0.00152496423107, 0.00246419501491, -0.00401658937335, 0.0134517066181, -0.00578797981143, 0.0021624150686], [-3.03506767523e-05, 7.23095072317e-05, -0.000385838007787, 0.000295009551337, -0.000830718840007, 0.000953856331762, -0.000343234452885, 0.000288053794065, -0.000882375752553, 0.00236784806475, -0.00578797981143, 0.0139923961833, -0.00330799515359], [-4.00873395847e-05, -6.07551046414e-05, -0.000145578902448, -0.00118087453302, -6.92061221343e-05, 0.000275563274045, 7.80855989433e-05, -0.00122755300254, 0.000903250474948, -0.000856743252371, 0.0021624150686, -0.00330799515359, 0.0124247120693]]}, "silence_rate_20dB": {"dvar2": 0, "var": 0, "min": 1, "dmean": 0, "mean": 1, "max": 1, "dmean2": 0, "median": 1, "dvar": 0}, "melbands_kurtosis": {"dvar2": 1367.32714844, "var": 924.935180664, "min": -1.77968025208, "dmean": 11.1925077438, "mean": 20.2280158997, "max": 475.445220947, "dmean2": 18.1129817963, "median": 11.5045185089, "dvar": 531.996643066}, "barkbands_spread": {"dvar2": 141.890548706, "var": 245.312637329, "min": 0.605018138885, "dmean": 6.54399871826, "mean": 23.0085487366, "max": 116.008789063, "dmean2": 9.79035186768, "median": 20.4955635071, "dvar": 69.4542617798}, "erbbands_skewness": {"dvar2": 0.301934123039, "var": 0.855768978596, "min": -3.12360048294, "dmean": 0.359965115786, "mean": 0.0886999070644, "max": 4.44026184082, "dmean2": 0.520056128502, "median": 0.0159522276372, "dvar": 0.158004820347}, "average_loudness": 0.952389776707, "spectral_centroid": {"dvar2": 216796.625, "var": 498812.65625, "min": 134.205551147, "dmean": 280.014099121, "mean": 1306.44262695, "max": 11164.6835938, "dmean2": 413.9012146, "median": 1265.49621582, "dvar": 114086.1875}, "dissonance": {"dvar2": 0.000942804210354, "var": 0.00138047290966, "min": 0.156554743648, "dmean": 0.0170033443719, "mean": 0.458564311266, "max": 0.500000119209, "dmean2": 0.0277707558125, "median": 0.470426112413, "dvar": 0.000371829897631}, "erbbands_flatness_db": {"dvar2": 0.000922921753954, "var": 0.00303288595751, "min": 0.0352716892958, "dmean": 0.021102225408, "mean": 0.155143767595, "max": 0.338421344757, "dmean2": 0.028192171827, "median": 0.146527603269, "dvar": 0.000536951527465}, "spectral_strongpeak": {"dvar2": 1.33804428577, "var": 0.851844191551, "min": 0, "dmean": 0.418753266335, "mean": 0.689419209957, "max": 8.18894767761, "dmean2": 0.715220332146, "median": 0.378788411617, "dvar": 0.533551514149}, "spectral_rms": {"dvar2": 3.43732153851e-06, "var": 4.42632972408e-06, "min": 3.28129255538e-12, "dmean": 0.000922443228774, "mean": 0.0047266241163, "max": 0.0113332495093, "dmean2": 0.00139155786019, "median": 0.00489713391289, "dvar": 1.51943822857e-06}, "silence_rate_60dB": {"dvar2": 0.0486023835838, "var": 0.0795854181051, "min": 0, "dmean": 0.0225381422788, "mean": 0.0871901512146, "max": 1, "dmean2": 0.0450841002166, "median": 0, "dvar": 0.0220316145569}, "melbands": {"dvar2": [3.06632791762e-05, 3.0458015317e-05, 3.16872046824e-06, 3.80271080758e-06, 3.10750436938e-07, 2.61823544179e-07, 2.41843480353e-07, 2.41813552293e-07, 1.06580792192e-07, 1.03027062437e-07, 3.64911052486e-08, 3.76072755159e-08, 2.39537190083e-08, 2.42462494526e-08, 1.23414070075e-08, 7.13027592525e-09, 7.73652253372e-09, 1.12886739956e-08, 6.12991168936e-09, 4.40103820054e-09, 4.95310414905e-09, 3.07983349934e-09, 1.89241422532e-09, 1.44121259371e-09, 1.33344180142e-09, 5.23214638282e-10, 3.8965386473e-10, 3.29705429625e-10, 2.15446979701e-10, 2.5227331335e-10, 1.10080854154e-10, 9.32686358701e-11, 6.44243824954e-11, 4.57504104046e-11, 3.54164059191e-11, 2.75767880753e-11, 2.52031711473e-11, 2.79609946308e-11, 7.6587460332e-12, 3.62587824349e-12], "var": [1.00058377939e-05, 8.43837642606e-06, 2.43042313741e-06, 1.76765865945e-06, 2.50972078675e-07, 2.43446322656e-07, 3.58575647397e-07, 4.60721764739e-07, 1.82487127631e-07, 1.68386520727e-07, 4.25619539612e-08, 4.34920401915e-08, 3.00813347565e-08, 2.41760780284e-08, 1.06952793288e-08, 9.58070867085e-09, 8.98017482598e-09, 1.19426601941e-08, 7.07860170479e-09, 5.39700062419e-09, 5.88528292766e-09, 4.58544047177e-09, 2.41597675199e-09, 1.71691572071e-09, 8.29454227524e-10, 6.07952244103e-10, 3.71069702743e-10, 1.7966278465e-10, 1.21010826359e-10, 1.27925531279e-10, 7.13696532428e-11, 5.74648870155e-11, 5.08660856491e-11, 3.66856545142e-11, 2.71501744697e-11, 1.93106138718e-11, 1.26112488508e-11, 1.00545127779e-11, 3.82494686965e-12, 2.03730912349e-12], "min": [1.34339982933e-23, 7.36249562641e-24, 4.62594740139e-24, 9.71935957572e-24, 1.70743618124e-24, 1.3953920936e-24, 5.73982294387e-24, 8.07413178218e-24, 3.0446707865e-24, 1.15709399714e-23, 6.08919839474e-24, 3.17313126289e-24, 9.33470468745e-24, 5.83295112917e-24, 1.80095146059e-23, 1.94529328472e-23, 9.16047292362e-24, 4.00197617473e-24, 1.04427899909e-23, 7.04282315521e-24, 1.79199804709e-23, 6.95239839622e-24, 6.64973534386e-24, 1.07365665252e-23, 5.33271431322e-24, 7.81214555353e-24, 9.09202819604e-24, 5.78925849022e-24, 8.64369172233e-24, 1.49903119965e-23, 1.42354762399e-23, 1.57993125207e-23, 1.2573967935e-23, 7.79581376621e-24, 1.2859998644e-23, 9.13137578913e-24, 1.32492454916e-23, 8.17670657682e-24, 9.82179553085e-24, 1.26027455808e-23], "dmean": [0.00129120785277, 0.00136789423414, 0.000824732996989, 0.000715673028026, 0.000216383268707, 0.000167348945979, 0.000150070613017, 0.000120623968542, 7.55857327022e-05, 6.37470147922e-05, 4.24999452662e-05, 3.88434855267e-05, 3.83854348911e-05, 3.37764649885e-05, 2.80397580354e-05, 2.35968491324e-05, 2.22787984967e-05, 2.42414334934e-05, 2.40639255935e-05, 2.07869252336e-05, 2.0672181563e-05, 1.82645417226e-05, 1.34748934215e-05, 1.00759825727e-05, 8.41007295094e-06, 7.73913779994e-06, 6.36991626379e-06, 5.05990146848e-06, 4.06708977607e-06, 3.9070891944e-06, 3.08016569761e-06, 2.61310492533e-06, 2.40041958932e-06, 2.07648190553e-06, 1.70048292603e-06, 1.17146771572e-06, 1.06120432974e-06, 1.0016590295e-06, 6.51269147056e-07, 5.245260013e-07], "mean": [0.0015388292959, 0.00190086336806, 0.0015015801182, 0.00111562560778, 0.00040405819891, 0.000319389073411, 0.000296375714242, 0.000237202082644, 0.000142786127981, 0.000113722242531, 7.51341576688e-05, 7.10253953002e-05, 6.95873095538e-05, 5.34980244993e-05, 4.45491677965e-05, 4.1275012336e-05, 3.84753366234e-05, 3.96946124965e-05, 4.22152115789e-05, 3.77778706024e-05, 3.8643967855e-05, 3.61966303899e-05, 2.53524522122e-05, 1.825263098e-05, 1.48240324052e-05, 1.43146717164e-05, 1.12309808173e-05, 7.33335355108e-06, 5.66929838897e-06, 5.72879434912e-06, 4.49799381386e-06, 3.84469603887e-06, 3.68944665752e-06, 3.10671453008e-06, 2.4362750537e-06, 1.70743169292e-06, 1.39369547014e-06, 1.1702111351e-06, 8.44170642722e-07, 6.63232526676e-07], "max": [0.0317490696907, 0.0260331965983, 0.0177132096142, 0.0169009529054, 0.00490418635309, 0.00710059562698, 0.00695880502462, 0.00998828932643, 0.0104862572625, 0.0122291361913, 0.00351083488204, 0.00467397691682, 0.00318934489042, 0.00244942330755, 0.00153117743321, 0.00123479776084, 0.00114494375885, 0.00198799255304, 0.00112272310071, 0.000800518377218, 0.00111188611481, 0.000823777110782, 0.000743703159969, 0.00110973068513, 0.000984161975794, 0.000375060073566, 0.000270215125056, 0.00023968014284, 0.000116200448247, 0.000207808348932, 0.000119196956803, 9.71315384959e-05, 8.01613787189e-05, 7.19441231922e-05, 8.29666460049e-05, 0.00011934051144