{"metadata": {"tags": {"album": ["I'll Be There"], "tracknumber": ["6"], "genre": ["Rap/Hip Hop"], "artist": ["Loon"], "date": ["2003"], "discnumber": ["1"], "title": ["Barbershop (Interlude)"], "file_name": "2172486.mp3", "musicbrainz_recordingid": ["169537ee-7c49-40a2-9a02-1de2548e5147"], "length": ["75"]}, "audio_properties": {"sample_rate": 44100, "downmix": "mix", "lossless": false, "analysis_sample_rate": 44100, "md5_encoded": "dea86cf94337fe73b6d80c426b811ff6", "equal_loudness": 0, "replay_gain": -8.44926071167, "codec": "mp3", "bit_rate": 256089, "length": 75.075920105}, "version": {"extractor": "music 1.0", "essentia_build_sha": "70f2e5ece6736b2c40cc944ad0e695b16b925413", "essentia_git_sha": "v2.1_beta2", "essentia": "2.1-beta2"}}, "rhythm": {"beats_loudness_band_ratio": {"dvar2": [0.043247692287, 0.0858660265803, 0.145423024893, 0.108872078359, 0.0349352434278, 0.0550055541098], "var": [0.0425695255399, 0.0329542271793, 0.0622712448239, 0.0431908257306, 0.0169165059924, 0.0136055890471], "min": [0.00010843196651, 0.000698517833371, 0.00598480273038, 0.00160427298397, 0.000334811687935, 0.000608947942965], "dmean": [0.127847984433, 0.156134083867, 0.277585327625, 0.183481663465, 0.0928742289543, 0.0808832496405], "mean": [0.1730170995, 0.168069779873, 0.349797010422, 0.18235810101, 0.100348100066, 0.0708214864135], "max": [0.932962059975, 0.945337355137, 0.919028759003, 0.911861896515, 0.749970138073, 0.756296992302], "dmean2": [0.229590639472, 0.277493000031, 0.514672577381, 0.330363690853, 0.152583792806, 0.145693570375], "median": [0.0991470068693, 0.107501685619, 0.333271056414, 0.0998723357916, 0.0558178126812, 0.0302137658], "dvar": [0.0186862293631, 0.0314733833075, 0.0496046543121, 0.0397968553007, 0.013591049239, 0.0192909874022]}, "bpm_histogram_first_peak_weight": {"dvar2": 0, "var": 0, "min": 0.103703700006, "dmean": 0, "mean": 0.103703700006, "max": 0.103703700006, "dmean2": 0, "median": 0.103703700006, "dvar": 0}, "bpm": 96.5900039673, "beats_count": 136, "bpm_histogram_first_peak_spread": {"dvar2": 0, "var": 0, "min": 0.631578922272, "dmean": 0, "mean": 0.631578922272, "max": 0.631578922272, "dmean2": 0, "median": 0.631578922272, "dvar": 0}, "danceability": 1.05009865761, "bpm_histogram_first_peak_bpm": {"dvar2": 0, "var": 0, "min": 96, "dmean": 0, "mean": 96, "max": 96, "dmean2": 0, "median": 96, "dvar": 0}, "beats_position": [0.429569154978, 0.882358253002, 1.33514738083, 1.77632653713, 2.21750569344, 2.67029476166, 3.13469386101, 3.58748292923, 4.01705217361, 4.48145103455, 4.94585037231, 5.41024923325, 5.99074840546, 6.5596370697, 7.12852573395, 7.73224496841, 8.33596324921, 8.91646194458, 9.49696159363, 10.077460289, 10.6927890778, 11.2965078354, 11.9118366241, 12.5155553818, 13.1076641083, 13.6997728348, 14.3034915924, 14.8839902878, 15.4528799057, 16.0217685699, 16.5906581879, 17.1595458984, 17.7284355164, 18.3669834137, 18.9939231873, 19.6789112091, 20.3755092621, 21.0721092224, 21.7687072754, 22.4769153595, 23.1851234436, 23.8701133728, 24.5551013947, 25.2400894165, 25.8670291901, 26.4939670563, 27.1092967987, 27.7362346649, 28.4560546875, 29.1874828339, 29.9073009491, 30.6271190643, 31.3701572418, 32.1015853882, 32.7169151306, 33.3206329346, 33.935962677, 34.5512924194, 35.1666221619, 35.7819480896, 36.397277832, 37.0126075745, 37.6395454407, 38.2664833069, 38.823764801, 39.3810424805, 39.9267120361, 40.4607696533, 40.9948310852, 41.5172767639, 41.9700660706, 42.4228553772, 42.8872566223, 43.3052139282, 43.7115631104, 44.1179122925, 44.5358734131, 44.9422225952, 45.3485717773, 45.7665290833, 46.1844902039, 46.6140594482, 47.0552368164, 47.4848060608, 47.9027671814, 48.3207244873, 48.7270736694, 49.14503479, 49.5629920959, 49.9809532166, 50.4105224609, 50.8052597046, 51.2000007629, 51.6063499451, 52.0126991272, 52.4074363708, 52.813785553, 53.2085266113, 53.6148757935, 54.0212249756, 54.4159622192, 54.8223114014, 55.3215408325, 55.8207702637, 56.3083877563, 56.7960090637, 57.2952384949, 57.794467926, 58.2936935425, 58.7929229736, 59.2921524048, 59.8029937744, 60.3138313293, 60.8362808228, 61.463218689, 62.0901565552, 62.7403144836, 63.3904762268, 64.0174102783, 64.6443557739, 65.2712936401, 65.8982315063, 66.536781311, 67.1637191772, 67.8254852295, 68.4756469727, 69.0909729004, 69.7179107666, 70.3332443237, 70.936958313, 71.4710159302, 72.0166854858, 72.5623550415, 73.1196365356, 73.6769180298, 74.245803833], "beats_loudness": {"dvar2": 0.000645000720397, "var": 0.00030896870885, "min": 3.2342319173e-05, "dmean": 0.011475016363, "mean": 0.0160328801721, "max": 0.102267339826, "dmean2": 0.0200060699135, "median": 0.00944513827562, "dvar": 0.000224374831305}, "bpm_histogram_second_peak_weight": {"dvar2": 0, "var": 0, "min": 0.0814814791083, "dmean": 0, "mean": 0.0814814791083, "max": 0.0814814791083, "dmean2": 0, "median": 0.0814814791083, "dvar": 0}, "bpm_histogram_second_peak_spread": {"dvar2": 0, "var": 0, "min": 0.560000061989, "dmean": 0, "mean": 0.560000061989, "max": 0.560000061989, "dmean2": 0, "median": 0.560000061989, "dvar": 0}, "bpm_histogram_second_peak_bpm": {"dvar2": 0, "var": 0, "min": 148, "dmean": 0, "mean": 148, "max": 148, "dmean2": 0, "median": 148, "dvar": 0}, "onset_rate": 3.96839499474}, "lowlevel": {"spectral_energyband_high": {"dvar2": 6.96941242495e-06, "var": 1.7562362018e-06, "min": 7.56482761912e-21, "dmean": 0.000256486004218, "mean": 0.000363279803423, "max": 0.0437374338508, "dmean2": 0.00042575536645, "median": 8.20138811832e-05, "dvar": 2.46002036874e-06}, "spectral_energyband_middle_low": {"dvar2": 0.000192863866687, "var": 0.000144396981341, "min": 1.94269556576e-22, "dmean": 0.00410909252241, "mean": 0.0076330434531, "max": 0.18114925921, "dmean2": 0.00614275969565, "median": 0.0037453614641, "dvar": 8.08518743725e-05}, "spectral_energy": {"dvar2": 0.000382881728001, "var": 0.000323172076605, "min": 1.04321732799e-20, "dmean": 0.00594688905403, "mean": 0.0128927258775, "max": 0.218649357557, "dmean2": 0.00884864386171, "median": 0.00638410681859, "dvar": 0.000157827933435}, "spectral_spread": {"dvar2": 1107726696450.0, "var": 2323914948610.0, "min": 1510035.875, "dmean": 512582.34375, "mean": 4301030, "max": 40882472, "dmean2": 703825.25, "median": 4097321.5, "dvar": 823689478144}, "spectral_energyband_low": {"dvar2": 3.43711917594e-06, "var": 1.587652946e-06, "min": 8.20637737096e-23, "dmean": 0.000329362723278, "mean": 0.000503683171701, "max": 0.0307586826384, "dmean2": 0.000524659350049, "median": 0.000119561627798, "dvar": 1.29534544158e-06}, "spectral_rolloff": {"dvar2": 2914946.25, "var": 3538013.5, "min": 43.06640625, "dmean": 611.400085449, "mean": 1816.02746582, "max": 19336.8164062, "dmean2": 1007.33825684, "median": 1248.92578125, "dvar": 1467356.375}, "barkbands": {"dvar2": [9.68100977161e-08, 8.31544980429e-07, 8.74458521594e-07, 1.06456059257e-06, 3.53551490662e-06, 6.55900839774e-06, 4.09435779147e-05, 0.000104564169305, 5.1196966524e-05, 1.46572592712e-05, 1.33370185722e-05, 2.21007194341e-05, 4.23165056418e-06, 4.08432833865e-06, 8.87075475475e-06, 3.8508619582e-06, 1.52424252065e-06, 1.01487103166e-06, 6.76069987549e-07, 4.15716101543e-07, 2.28625523846e-07, 4.31411336876e-07, 3.60223850748e-07, 2.25463011816e-07, 4.62112623723e-08, 1.7129137575e-07, 2.22326448918e-10], "var": [3.47991431227e-08, 1.93478754795e-07, 4.22823717372e-07, 7.29998987481e-07, 3.28579130837e-06, 5.69549774809e-06, 2.31531703321e-05, 3.94580347347e-05, 3.52894239768e-05, 1.84878845175e-05, 9.04078751773e-06, 8.79560502653e-06, 2.21414893531e-06, 2.29367697102e-06, 4.10606571677e-06, 1.14403258067e-06, 6.1928977857e-07, 2.73905499171e-07, 5.75964691052e-07, 2.26612371534e-07, 7.71459980342e-08, 1.01353762716e-07, 8.88644322572e-08, 6.59095888977e-08, 1.12880496062e-08, 3.39108261471e-08, 4.14903146562e-11], "min": [2.44428740809e-23, 4.28026397733e-23, 2.8597479458e-23, 3.9606307914e-24, 1.85544423643e-23, 3.10541059129e-23, 4.89495638537e-23, 2.46120216362e-23, 4.75835628438e-23, 4.05698510226e-23, 5.07231661378e-23, 1.03962287381e-22, 1.08443219271e-22, 1.4565115022e-22, 8.57157453169e-23, 1.54752850639e-22, 2.0216265898e-22, 1.82412737357e-22, 1.86879797917e-22, 4.69498102942e-22, 4.14888380051e-22, 6.78633787453e-22, 4.34456118982e-22, 7.15555608017e-22, 1.42778977084e-21, 1.61536963547e-21, 2.23955414803e-21], "dmean": [4.60517767351e-05, 6.34335447103e-05, 0.000158838331117, 0.000263737078058, 0.000516210275237, 0.000611702678725, 0.00131747929845, 0.00156630203128, 0.00132015289273, 0.0007332341047, 0.000548274954781, 0.000607894384302, 0.000396020332118, 0.000350207526935, 0.000365698419046, 0.000208236378967, 0.000167613034137, 0.000108796259155, 0.00015755770437, 0.000104115359136, 5.82391658099e-05, 5.52469682589e-05, 5.13809209224e-05, 4.63160358777e-05, 1.73166354216e-05, 1.51809053932e-05, 4.24938519927e-07], "mean": [5.55973456358e-05, 6.15516328253e-05, 0.000216677741264, 0.000388420681702, 0.000833523459733, 0.000902813684661, 0.00158981059212, 0.00180560105946, 0.00174122885801, 0.00107044819742, 0.000671748653986, 0.000766301352996, 0.000503680494148, 0.000424627505708, 0.000468023528811, 0.000279081024928, 0.000262693676632, 0.000146805396071, 0.000246184092248, 0.000150779596879, 8.0769903434e-05, 6.45656182314e-05, 7.11225729901e-05, 5.43102105439e-05, 1.99488913495e-05, 1.6028254322e-05, 3.80353611718e-07], "max": [0.00648843729869, 0.0191155839711, 0.0124237574637, 0.0099909901619, 0.0255197845399, 0.0415811911225, 0.123572960496, 0.174446240067, 0.103638760746, 0.0649612396955, 0.062200717628, 0.0958795100451, 0.0210321880877, 0.0299651809037, 0.0562768429518, 0.0438569374382, 0.0219556074589, 0.0187075808644, 0.0155573245138, 0.00919194426388, 0.00662373332307, 0.011159655638, 0.00992294866592, 0.00939842313528, 0.00370821240358, 0.0100521324202, 0.000360452017048], "dmean2": [7.52348496462e-05, 0.00010909581033, 0.000253182952292, 0.000418782670749, 0.000800290552434, 0.000938593759201, 0.00202240236104, 0.00243224669248, 0.0020102977287, 0.00108499161433, 0.000867774477229, 0.000969026586972, 0.000644208572339, 0.000550413504243, 0.000561486231163, 0.000339117686963, 0.000277775572613, 0.000184100252227, 0.000240651352215, 0.000163462522323, 9.76763403742e-05, 9.42312544794e-05, 8.45831673359e-05, 7.55400906201e-05, 2.83003173536e-05, 2.63778529188e-05, 7.80840821335e-07], "median": [1.86195065908e-05, 1.36453727464e-05, 2.1485499019e-05, 7.07439976395e-05, 0.000264209811576, 0.000210198253626, 0.000262390851276, 0.000170994913788, 9.5788280305e-05, 4.66373712698e-05, 3.23161111737e-05, 4.34336616308e-05, 3.15349461744e-05, 2.55243012361e-05, 2.83095250779e-05, 3.81539030059e-05, 6.77506977809e-05, 3.9385551645e-05, 3.03113338305e-05, 2.30257137446e-05, 1.11145327537e-05, 9.66792595136e-06, 1.87698278751e-05, 4.83640451421e-06, 2.32853972193e-06, 2.80705648947e-06, 8.499434756e-08], "dvar": [3.32710605733e-08, 2.78103243545e-07, 3.41352688338e-07, 4.05390466085e-07, 1.47691912389e-06, 3.035832151e-06, 1.84469263331e-05, 3.97103976866e-05, 2.19224766624e-05, 7.72837938712e-06, 5.66168273508e-06, 8.24512972031e-06, 1.63077118032e-06, 1.70035900737e-06, 3.59189743904e-06, 1.35887137276e-06, 5.65778918826e-07, 3.55432945298e-07, 3.0403222695e-07, 1.64943855907e-07, 8.13779266196e-08, 1.51298010564e-07, 1.28286330892e-07, 8.19767365101e-08, 1.64760649568e-08, 5.93867035548e-08, 7.61530630222e-11]}, "melbands_skewness": {"dvar2": 1.36062538624, "var": 2.56812667847, "min": -1.43734669685, "dmean": 0.80439043045, "mean": 2.24016213417, "max": 11.9099960327, "dmean2": 1.18397033215, "median": 1.98814916611, "dvar": 0.622154712677}, "barkbands_skewness": {"dvar2": 0.892748057842, "var": 1.94011664391, "min": -2.96896409988, "dmean": 0.668289363384, "mean": 1.47816956043, "max": 8.43640804291, "dmean2": 0.988222360611, "median": 1.35304188728, "dvar": 0.417922973633}, "erbbands": {"dvar2": [0.00271061551757, 0.0183039028198, 0.615426838398, 5.20133543015, 22.5493659973, 51.6850891113, 222.926345825, 616.026184082, 2405.4753418, 25231.0390625, 40004.5585938, 26223.5644531, 21149.7285156, 14345.6464844, 23494.7128906, 40025.7851562, 10562.0595703, 8278.29492188, 26190.0058594, 14009.3642578, 12465.8544922, 5157.54199219, 3111.46484375, 1594.91577148, 1928.42272949, 922.390991211, 569.341186523, 310.777709961, 450.757110596, 806.383850098, 188.180526733, 165.473617554, 29.9728164673, 2.47497630119, 6.5259513855, 7.45612382889, 0.143206134439, 0.00193099153694, 7.61641877034e-06, 7.4805576844e-08], "var": [0.000536209263373, 0.00501811271533, 0.269899308681, 3.23552322388, 16.9384078979, 60.4092559814, 165.199356079, 569.012573242, 1712.1114502, 12772.5205078, 17029.140625, 18370.0976562, 21109.6035156, 11192.3886719, 12714.5185547, 15410.2666016, 5121.25, 4754.46142578, 12596.4404297, 5689.45947266, 3627.32055664, 1948.30041504, 876.691650391, 627.25213623, 2118.88110352, 419.540496826, 175.307189941, 101.865585327, 109.694389343, 176.967681885, 50.9759521484, 40.6520767212, 11.1390151978, 0.968945324421, 1.33328580856, 1.43298256397, 0.0319263972342, 0.000679552962538, 1.48499941588e-06, 1.4802731485e-08], "min": [2.19046776415e-21, 6.15305164893e-21, 2.75326646836e-20, 2.64149384964e-20, 3.73604266219e-20, 5.42094106906e-20, 1.40206777786e-19, 3.19925905481e-19, 3.97387518287e-19, 8.68288697262e-19, 7.32690168519e-19, 9.85548683525e-19, 1.34074272689e-18, 1.12349108023e-18, 2.69387599897e-18, 4.26087847279e-18, 5.22764994962e-18, 7.89430984528e-18, 4.10500373098e-18, 6.68268422175e-18, 1.00665531355e-17, 9.4932094375e-18, 1.03496656263e-17, 9.1995321959e-18, 1.44394153196e-17, 1.95209380237e-17, 1.91108615807e-17, 1.61676503908e-17, 2.77283167057e-17, 1.59088057248e-17, 1.38164498839e-17, 1.60319183241e-17, 1.22427511762e-17, 1.34901304409e-17, 1.16249787803e-17, 5.24714121998e-18, 2.9152291173e-18, 1.21297754685e-18, 3.02227471547e-19, 3.84146973931e-20], "dmean": [0.00312414276414, 0.0123995924369, 0.124862380326, 0.56760674715, 1.19897329807, 1.76598906517, 3.53237724304, 5.52895259857, 12.1239995956, 30.369890213, 29.4888420105, 27.8858661652, 26.38073349, 20.6877651215, 21.3796424866, 22.971206665, 18.6233253479, 16.4618148804, 19.7924556732, 14.2442054749, 11.3145427704, 9.02173709869, 6.12528181076, 6.233273983, 8.16482543945, 4.68398523331, 2.80677509308, 2.10937976837, 1.98307478428, 1.79418992996, 1.40533411503, 1.17437124252, 0.605933010578, 0.21147313714, 0.128397092223, 0.0799937471747, 0.0214870218188, 0.00304629234597, 9.36129436013e-05, 1.295347829e-05], "mean": [0.00295639154501, 0.0128265284002, 0.170172989368, 0.8920327425, 1.75464498997, 2.78536748886, 5.56257772446, 8.00755214691, 16.6213474274, 35.0872573853, 38.1688308716, 38.7525291443, 39.76927948, 28.5528564453, 28.7517585754, 30.6412963867, 24.6010990143, 21.7589263916, 25.5635490417, 19.346157074, 16.0104370117, 14.2781572342, 9.0366897583, 9.11573219299, 13.5018663406, 6.99193334579, 3.7141699791, 2.98029398918, 2.35047101974, 2.14910244942, 1.9779933691, 1.37943685055, 0.735345602036, 0.262190759182, 0.130510866642, 0.0779889374971, 0.0252576135099, 0.00366150005721, 9.54408242251e-05, 2.06856129807e-05], "max": [1.13473165035, 2.17823910713, 11.2028303146, 24.2318515778, 50.4586105347, 143.474517822, 224.945266724, 476.3175354, 639.492248535, 2571.41601562, 3997.04663086, 2787.04931641, 1961.66394043, 1833.62915039, 2441.02490234, 4462.36328125, 1101.52246094, 1235.75830078, 3660.58813477, 2700.07202148, 2514.84326172, 1361.07946777, 987.462768555, 455.229644775, 1008.86309814, 482.682983398, 349.946411133, 257.833557129, 280.702026367, 596.369262695, 228.724990845, 250.602859497, 95.0465393066, 23.520280838, 49.0980300903, 66.6883163452, 8.60896396637, 0.867698550224, 0.0653149187565, 0.00674145622179], "dmean2": [0.00542206224054, 0.0209327675402, 0.198720470071, 0.918328642845, 1.84272909164, 2.74803233147, 5.4255771637, 8.41621589661, 18.4765434265, 46.6161956787, 45.6067314148, 42.8785095215, 38.6143112183, 31.2584609985, 34.0117835999, 36.0906486511, 30.3581085205, 25.5948619843, 29.9655971527, 22.3282337189, 18.3586387634, 14.8584384918, 10.2237119675, 9.94772434235, 12.6551370621, 7.36100053787, 4.73081445694, 3.52343153954, 3.38216042519, 3.05541157722, 2.2926928997, 1.95322132111, 0.965471804142, 0.33395382762, 0.217535853386, 0.141736656427, 0.0363718867302, 0.00503192609176, 0.000164668279467, 2.13391540456e-05], "median": [0.000763910240494, 0.00267407321371, 0.0230315588415, 0.181557103992, 0.44235727191, 0.744099020958, 1.22808790207, 1.8503357172, 3.51403999329, 5.64856624603, 5.09909486771, 2.91952228546, 1.84056305885, 1.67348253727, 1.86719954014, 1.91310477257, 1.8073182106, 1.53100073338, 1.68253028393, 1.81855249405, 2.66929888725, 3.71611785889, 2.62306952477, 1.3871743679, 1.70277762413, 1.19116866589, 0.514328837395, 0.465478986502, 0.350922435522, 0.460521310568, 0.52951079607, 0.185433700681, 0.0624751672149, 0.0295322630554, 0.0159738957882, 0.0128925852478, 0.00462658656761, 0.000656366406474, 2.05855340027e-05, 9.69636857917e-06], "dvar": [0.000874330638908, 0.00644911266863, 0.238914966583, 1.94396138191, 9.16686058044, 24.1762275696, 94.011390686, 289.924560547, 1091.77966309, 10758.5195312, 15278.2519531, 11213.4462891, 9909.35742188, 6372.02539062, 9396.44628906, 15000.1240234, 3926.16699219, 3378.06884766, 10563.6503906, 5518.4453125, 4404.03173828, 1909.46679688, 1093.60864258, 593.947631836, 884.290893555, 342.923614502, 202.498245239, 109.931373596, 157.506027222, 283.300109863, 67.7415771484, 58.3460731506, 11.3465738297, 0.951781988144, 2.27009654045, 2.56940627098, 0.0507129579782, 0.000783249386586, 2.63296738012e-06, 2.5733118747e-08]}, "silence_rate_30dB": {"dvar2": 0.00616167904809, "var": 0.00185126741417, "min": 0, "dmean": 0.00247371685691, "mean": 0.998145282269, "max": 1, "dmean2": 0.00494896387681, "median": 1, "dvar": 0.00246763415635}, "melbands_spread": {"dvar2": 394.613220215, "var": 828.190124512, "min": 1.024553895, "dmean": 9.24339580536, "mean": 25.9762783051, "max": 227.531936646, "dmean2": 13.5862226486, "median": 16.7351531982, "dvar": 220.945648193}, "melbands_crest": {"dvar2": 30.2568702698, "var": 33.0695915222, "min": 1.73761224747, "dmean": 4.06473684311, "mean": 14.2144460678, "max": 35.1548423767, "dmean2": 6.56694889069, "median": 13.3669366837, "dvar": 12.4487714767}, "zerocrossingrate": {"dvar2": 0.000357719196472, "var": 0.0023414355237, "min": 0.0009765625, "dmean": 0.0125538408756, "mean": 0.0678736567497, "max": 0.50439453125, "dmean2": 0.0136847123504, "median": 0.0556640625, "dvar": 0.000375100411475}, "barkbands_kurtosis": {"dvar2": 101.33001709, "var": 98.7622070312, "min": -1.93645620346, "dmean": 3.83524990082, "mean": 5.66720342636, "max": 102.465881348, "dmean2": 5.91607761383, "median": 2.40689468384, "dvar": 42.1912269592}, "spectral_flux": {"dvar2": 0.00153615989257, "var": 0.00257876166143, "min": 1.02138013325e-10, "dmean": 0.0196795444936, "mean": 0.0622956976295, "max": 0.387532919645, "dmean2": 0.030735662207, "median": 0.0501414574683, "dvar": 0.00073186296504}, "barkbands_crest": {"dvar2": 18.9422187805, "var": 22.0313568115, "min": 2.37102937698, "dmean": 3.2390832901, "mean": 10.6396751404, "max": 26.2922992706, "dmean2": 5.20706796646, "median": 9.74102306366, "dvar": 7.87411832809}, "barkbands_flatness_db": {"dvar2": 0.00101767259184, "var": 0.00353438337334, "min": 0.0282083041966, "dmean": 0.024967873469, "mean": 0.148066446185, "max": 0.354017704725, "dmean2": 0.0363543629646, "median": 0.14419490099, "dvar": 0.000495188811328}, "spectral_entropy": {"dvar2": 0.0688013732433, "var": 0.285872131586, "min": 5.19045257568, "dmean": 0.196201592684, "mean": 7.35787963867, "max": 9.80393600464, "dmean2": 0.279029428959, "median": 7.39963626862, "dvar": 0.0397284142673}, "pitch_salience": {"dvar2": 0.0135023249313, "var": 0.01574982889, "min": 0.115132182837, "dmean": 0.0857650637627, "mean": 0.591019690037, "max": 0.941377997398, "dmean2": 0.137936860323, "median": 0.608241081238, "dvar": 0.00553320953622}, "erbbands_spread": {"dvar2": 202.648849487, "var": 335.970977783, "min": 1.38270449638, "dmean": 8.798620224, "mean": 31.6170768738, "max": 132.659133911, "dmean2": 12.8630428314, "median": 28.4108467102, "dvar": 95.6436233521}, "dynamic_complexity": 6.5141119957, "spectral_contrast_valleys": {"dvar2": [0.361864089966, 0.375100523233, 0.328775912523, 0.266116887331, 0.225465118885, 0.249388366938], "var": [0.715302050114, 1.12785673141, 1.40015017986, 1.38468587399, 1.32407832146, 1.25440859795], "min": [-27.6075267792, -26.8007736206, -27.15990448, -27.0381202698, -27.1252326965, -27.2589855194], "dmean": [0.427078962326, 0.436613321304, 0.386402219534, 0.333853960037, 0.273888021708, 0.303414285183], "mean": [-9.36121940613, -7.55524969101, -8.14057731628, -8.52980327606, -8.45330047607, -11.0332870483], "max": [-5.91955852509, -4.11072349548, -4.7930727005, -4.96041107178, -4.90305376053, -7.63295316696], "dmean2": [0.700044751167, 0.677520036697, 0.584913909435, 0.488419473171, 0.382674217224, 0.404785841703], "median": [-9.36811733246, -7.45476198196, -8.15090656281, -8.48703956604, -8.34173297882, -11.0384378433], "dvar": [0.202237635851, 0.231974586844, 0.213261067867, 0.180022761226, 0.165799826384, 0.174464479089]}, "hfc": {"dvar2": 1020.10736084, "var": 515.609008789, "min": 1.17720625775e-16, "dmean": 6.55826663971, "mean": 13.4724912643, "max": 456.575714111, "dmean2": 9.96315956116, "median": 5.45263242722, "dvar": 378.104949951}, "spectral_kurtosis": {"dvar2": 8.94018173218, "var": 14.6824407578, "min": -1.20091235638, "dmean": 1.70827877522, "mean": 5.47276258469, "max": 36.0292167664, "dmean2": 2.69043302536, "median": 4.74993133545, "dvar": 3.66242551804}, "mfcc": {"mean": [-730.069885254, 109.334976196, -11.1387014389, 12.0697507858, -8.83130455017, -9.75729465485, -17.4091873169, 2.56265544891, -12.2733135223, -0.0071869911626, -5.7479019165, 0.972841382027, 1.44684040546], "cov": [[9718.65820312, -854.744873047, -2138.27929688, -986.660766602, -1136.26867676, -452.327545166, -380.420135498, -346.089080811, -212.027114868, 104.858642578, -115.814971924, -206.848114014, -169.703231812], [-854.744873047, 1488.30664062, 207.217575073, -67.309677124, -75.9066085815, -16.3887042999, -22.9881095886, -113.424308777, -48.0859870911, -57.7004737854, -4.0525021553, -9.34987068176, 4.08870458603], [-2138.27929688, 207.217575073, 1290.88244629, 485.390686035, 403.714233398, 113.483856201, 51.007938385, 7.0237326622, 30.1601734161, -101.334213257, -18.0040302277, 125.126495361, 40.9377593994], [-986.660766602, -67.309677124, 485.390686035, 693.288513184, 353.804626465, 64.0108947754, -118.923828125, -3.15805673599, -0.303930014372, -33.0812149048, -103.656539917, 43.0961914062, 58.4345703125], [-1136.26867676, -75.9066085815, 403.714233398, 353.804626465, 575.677368164, 114.808441162, -59.6589202881, -40.4637260437, 23.9559078217, 28.6043338776, -9.64335632324, -10.9926815033, 45.8485107422], [-452.327545166, -16.3887042999, 113.483856201, 64.0108947754, 114.808441162, 252.175170898, 116.938285828, 20.0022354126, 39.2656936646, 9.61214065552, 18.4501228333, 10.9693384171, -30.8245296478], [-380.420135498, -22.9881095886, 51.007938385, -118.923828125, -59.6589202881, 116.938285828, 381.730102539, 145.83454895, 39.6423034668, -0.41367828846, 25.5113773346, 14.0694742203, -41.0153045654], [-346.089080811, -113.424308777, 7.0237326622, -3.15805673599, -40.4637260437, 20.0022354126, 145.83454895, 361.482910156, 20.0880203247, -28.3875904083, -22.0834465027, 14.8029642105, 19.0186653137], [-212.027114868, -48.0859870911, 30.1601734161, -0.303930014372, 23.9559078217, 39.2656936646, 39.6423034668, 20.0880203247, 166.695281982, 37.3628883362, 27.1865997314, 8.11303329468, -10.6172142029], [104.858642578, -57.7004737854, -101.334213257, -33.0812149048, 28.6043338776, 9.61214065552, -0.41367828846, -28.3875904083, 37.3628883362, 165.687728882, 37.4480209351, -4.07590961456, -17.8233966827], [-115.814971924, -4.0525021553, -18.0040302277, -103.656539917, -9.64335632324, 18.4501228333, 25.5113773346, -22.0834465027, 27.1865997314, 37.4480209351, 152.491531372, 25.9495162964, -23.1995105743], [-206.848114014, -9.34987068176, 125.126495361, 43.0961914062, -10.9926815033, 10.9693384171, 14.0694742203, 14.8029642105, 8.11303329468, -4.07590961456, 25.9495162964, 128.312454224, 33.7437515259], [-169.703231812, 4.08870458603, 40.9377593994, 58.4345703125, 45.8485107422, -30.8245296478, -41.0153045654, 19.0186653137, -10.6172142029, -17.8233966827, -23.1995105743, 33.7437515259, 120.878662109]], "icov": [[0.000234828170505, 0.000146646663779, 0.000220682326471, 0.000113510264782, 0.00026138292742, 6.84394472046e-05, 0.000170448576682, 0.000222227346967, 0.000150973472046, -3.34570177074e-05, 0.00031444124761, -2.15528561966e-05, 0.000210982048884], [0.000146646663779, 0.000852283847053, -0.000139998155646, 0.000238364533288, 0.000409516011132, -5.11673679284e-05, 0.000159916802659, 0.000392341346014, 0.000258331390796, 5.68984542042e-05, 0.000220559391892, 0.00029215842369, -7.47550657252e-05], [0.000220682326471, -0.000139998155646, 0.00178629125003, -0.000611512572505, -0.000671855232213, 0.000332225696184, -0.000406968436437, 0.000310703675495, -0.000129375912366, 0.000972703215666, 0.000128557148855, -0.00144380342681, 0.000717561342753], [0.000113510264782, 0.000238364533288, -0.000611512572505, 0.00321383867413, -0.00109471485484, -0.00044199891272, 0.0011521022534, -0.000185694443644, 5.41631015949e-05, -3.70064517483e-05, 0.00215960969217, -0.000938432407565, 0.000203169460292], [0.00026138292742, 0.000409516011132, -0.000671855232213, -0.00109471485484, 0.00402088277042, -0.00132826087065, 0.000650170317385, 0.000483992072986, 0.000255427759839, -0.00121349235997, -0.00060222868342, 0.00227058143355, -0.00151541922241], [6.84394472046e-05, -5.11673679284e-05, 0.000332225696184, -0.00044199891272, -0.00132826087065, 0.00588288204744, -0.00197098637, 0.000359359401045, -0.000656409538351, 0.000348916335497, -0.000192163322936, -0.000859909050632, 0.00167457060888], [0.000170448576682, 0.000159916802659, -0.000406968436437, 0.0011521022534, 0.000650170317385, -0.00197098637, 0.00456359283999, -0.00145779841114, -0.000143231343827, -0.000277516955975, 0.000429502339102, -0.000137826165883, 0.000910798087716], [0.000222227346967, 0.000392341346014, 0.000310703675495, -0.000185694443644, 0.000483992072986, 0.000359359401045, -0.00145779841114, 0.00384988309816, -0.00020199327264, 0.00051305803936, 0.000690089305863, -5.269968824e-05, -0.000703987490851], [0.000150973472046, 0.000258331390796, -0.000129375912366, 5.41631015949e-05, 0.000255427759839, -0.000656409538351, -0.000143231343827, -0.00020199327264, 0.00691244425252, -0.00151346612256, -0.000612422940321, 7.73451538407e-05, 0.000184616917977], [-3.34570177074e-05, 5.68984542042e-05, 0.000972703215666, -3.70064517483e-05, -0.00121349235997, 0.000348916335497, -0.000277516955975, 0.00051305803936, -0.00151346612256, 0.00765151111409, -0.00125039287377, -0.00081927125575, 0.000997922616079], [0.00031444124761, 0.000220559391892, 0.000128557148855, 0.00215960969217, -0.00060222868342, -0.000192163322936, 0.000429502339102, 0.000690089305863, -0.000612422940321, -0.00125039287377, 0.00951374974102, -0.00293256528676, 0.00196943222545], [-2.15528561966e-05, 0.00029215842369, -0.00144380342681, -0.000938432407565, 0.00227058143355, -0.000859909050632, -0.000137826165883, -5.269968824e-05, 7.73451538407e-05, -0.00081927125575, -0.00293256528676, 0.0114284688607, -0.00408362736925], [0.000210982048884, -7.47550657252e-05, 0.000717561342753, 0.000203169460292, -0.00151541922241, 0.00167457060888, 0.000910798087716, -0.000703987490851, 0.000184616917977, 0.000997922616079, 0.00196943222545, -0.00408362736925, 0.0113331740722]]}, "silence_rate_20dB": {"dvar2": 0, "var": 0, "min": 1, "dmean": 0, "mean": 1, "max": 1, "dmean2": 0, "median": 1, "dvar": 0}, "melbands_kurtosis": {"dvar2": 271.232788086, "var": 266.925628662, "min": -1.8108946085, "dmean": 7.00744819641, "mean": 12.0340070724, "max": 198.36428833, "dmean2": 10.7764787674, "median": 6.49314498901, "dvar": 114.929336548}, "barkbands_spread": {"dvar2": 120.180244446, "var": 247.160644531, "min": 0.577200651169, "dmean": 6.05191135406, "mean": 19.1312961578, "max": 121.932128906, "dmean2": 8.88537597656, "median": 14.6171674728, "dvar": 63.8773803711}, "erbbands_skewness": {"dvar2": 0.545140326023, "var": 1.33219349384, "min": -3.44754505157, "dmean": 0.54439842701, "mean": 0.684274375439, "max": 7.49947977066, "dmean2": 0.788742899895, "median": 0.615749597549, "dvar": 0.272614181042}, "average_loudness": 0.602901101112, "spectral_centroid": {"dvar2": 206392.75, "var": 633681.25, "min": 207.773834229, "dmean": 269.991088867, "mean": 1368.48706055, "max": 10488.9609375, "dmean2": 387.108032227, "median": 1190.13024902, "dvar": 129856.898438}, "dissonance": {"dvar2": 0.00200667534955, "var": 0.0023309008684, "min": 0.18712054193, "dmean": 0.0271460078657, "mean": 0.446794480085, "max": 0.500000059605, "dmean2": 0.0445694513619, "median": 0.460803300142, "dvar": 0.000797051470727}, "erbbands_flatness_db": {"dvar2": 0.000893236487173, "var": 0.00326848239638, "min": 0.0622225999832, "dmean": 0.0227091554552, "mean": 0.1935826689, "max": 0.384176462889, "dmean2": 0.0319173820317, "median": 0.189232304692, "dvar": 0.0004524832475}, "spectral_strongpeak": {"dvar2": 1.88440430164, "var": 2.12386441231, "min": 0, "dmean": 0.603684365749, "mean": 1.16934204102, "max": 15.1878395081, "dmean2": 0.954885840416, "median": 0.651848733425, "dvar": 0.797363460064}, "spectral_rms": {"dvar2": 1.88525848444e-06, "var": 4.20923288402e-06, "min": 3.1902555684e-12, "dmean": 0.00068556854967, "mean": 0.0028929237742, "max": 0.0146053573117, "dmean2": 0.000960840145126, "median": 0.00249567558058, "dvar": 8.74780937465e-07}, "silence_rate_60dB": {"dvar2": 0.148979872465, "var": 0.221871525049, "min": 0, "dmean": 0.079777367413, "mean": 0.332302927971, "max": 1, "dmean2": 0.159604087472, "median": 0, "dvar": 0.0734122022986}, "melbands": {"dvar2": [1.23938420415e-07, 9.86954304949e-08, 1.85936826824e-07, 1.56043896027e-07, 2.06712257977e-07, 2.84413914642e-07, 7.73086810568e-07, 3.25211840391e-06, 2.0499837774e-06, 1.08401047783e-06, 5.361837907e-07, 2.54335333238e-07, 2.31094674064e-07, 2.09548403518e-07, 2.17004441083e-07, 4.79074344639e-08, 3.37723626842e-08, 7.53380717811e-08, 4.30966338172e-08, 1.65142743924e-08, 1.60252024983e-08, 7.6135711069e-09, 2.42393527472e-09, 2.65507127395e-09, 1.0930143457e-09, 1.20147747307e-09, 1.01330033253e-09, 4.77744899197e-10, 2.55946069894e-10, 1.35830569015e-10, 1.11498602018e-10, 1.53715692952e-10, 1.93743784904e-10, 2.71510425254e-10, 5.4356234791e-11, 6.4582027226e-11, 7.44891925919e-11, 2.2013535092e-11, 3.71076346734e-12, 1.67520793244e-12], "var": [2.73647664528e-08, 4.28935678087e-08, 1.27631864189e-07, 1.49315297904e-07, 1.65253695172e-07, 2.65755119244e-07, 5.05062303091e-07, 1.54904432748e-06, 1.05233027625e-06, 7.85623626598e-07, 5.45547834463e-07, 2.06188829566e-07, 1.51593255282e-07, 9.4931060346e-08, 7.40420063039e-08, 2.4596067405e-08, 1.81658936782e-08, 3.92723613629e-08, 2.13575379604e-08, 5.31411181726e-09, 4.90875651238e-09, 2.58971244449e-09, 1.023671925e-09, 6.59552079618e-10, 4.26241708595e-10, 1.39535116794e-09, 8.41082592462e-10, 1.5834485112e-10, 7.55952522802e-11, 4.72907997484e-11, 3.37639673165e-11, 3.70835515073e-11, 4.38353416066e-11, 5.86142731573e-11, 1.58383740151e-11, 1.54754299653e-11, 2.04319408614e-11, 8.48333295972e-12, 1.74725500995e-12, 5.35021950788e-13], "min": [1.49307877081e-23, 1.21365153752e-23, 4.77150998778e-24, 3.54055999279e-24, 4.56172899611e-24, 6.69367095197e-24, 7.24363164294e-24, 8.28265769614e-24, 7.00958055666e-24, 6.43179043068e-24, 6.80141909644e-24, 4.3564689663e-24, 7.72653679037e-24, 1.07214511613e-23, 1.05191083392e-23, 1.17669632289e-23, 1.61764842744e-23, 6.82401207276e-24, 6.63177140332e-24, 1.17105502079e-23, 1.1400262026e-23, 9.86790839506e-24, 1.04453600997e-23, 8.83904602576e-24, 6.98203037841e-24, 7.94485246817e-24, 1.49861405001e-23, 1.23338323645e-23, 1.26072499765e-23, 8.91780274309e-24, 9.03571062715e-24, 1.48903806748e-23, 1.30482658211e-23, 7.25081816578e-24, 7.14057406542e-24, 9.69512971302e-24, 9.25996958301e-24, 7.7519728214e-24, 8.92687937667e-24, 1.22228822336e-23], "dmean": [2.36598079937e-05, 4.90626371175e-05, 0.000113808782771, 0.000100295728771, 0.00011386150436, 0.000124334968859, 0.000208054101677, 0.000343196996255, 0.000235968342167, 0.000181400697329, 0.00013457465684, 8.78452920006e-05, 7.1542126534e-05, 6.96275892551e-05, 5.37781415915e-05, 3.90116911149e-05, 3.14721473842e-05, 3.41685845342e-05, 2.6104195058e-05, 1.50774194481e-05, 1.38904533742e-05, 1.01996938611e-05, 7.04846615918e-06, 5.00114992974e-06, 5.18670640304e-06, 6.71524821882e-06, 5.31127807335e-06, 2.85860824079e-06, 1.89157663044e-06, 1.42839235195e-06, 1.23046584122e-06, 1.17920785669e-06, 1.05872027234e-06, 1.01240698314e-06, 8.20028276394e-07, 7.76246110945e-07, 7.48234526782e-07, 5.09979145136e-07, 2.469997753e-07, 1.57308647886e-07], "mean": [2.45745013672e-05, 6.43137827865e-05, 0.000179761947948, 0.00015623071522, 0.000183930329513, 0.000181451483513, 0.000274634803645, 0.000395871466026, 0.00030408136081, 0.000245833041845, 0.000197430723347, 0.000116922368761, 9.29394154809e-05, 8.80251536728e-05, 6.61395970383e-05, 4.93368206662e-05, 3.82248072128e-05, 4.12273730035e-05, 3.28588030243e-05, 2.04035659408e-05, 1.83252504939e-05, 1.51886697495e-05, 1.06445522761e-05, 6.5857611844e-06, 6.98937992638e-06, 1.06688621599e-05, 7.9084193203e-06, 3.84909571949e-06, 2.3254892767e-06, 1.91982371689e-06, 1.66313554928e-06, 1.36119570016e-06, 1.15340287721e-06, 1.22136214031e-06, 1.17461593163e-06, 9.65353024185e-07, 8.39032963995e-07, 6.06011667514e-07, 2.9995143791e-07, 1.86032778515e-07], "max": [0.00776186585426, 0.00434105237946, 0.00424900930375, 0.00703791668639, 0.0065200580284, 0.00972975417972, 0.0127129983157, 0.0257643684745, 0.0276559069753, 0.0150971123949, 0.0103656146675, 0.00739255873486, 0.00779506983235, 0.00670106057078, 0.00956562627107, 0.00251512601972, 0.00232212338597, 0.0058496678248, 0.00539768021554, 0.00260381959379, 0.00275560794398, 0.00174399884418, 0.000673043134157, 0.000978343072347, 0.000423530465923, 0.000804347742815, 0.000620405480731, 0.000383486796636, 0.000233663537074, 0.000153251748998, 0.000159295290359, 0.00017579899577, 0.000278111925581, 0.000350214482751, 0.000114178823424, 0.000127342078486, 0.000174775428604, 7.94893276179e-05, 3.65031773981e-05, 2.47104671871e-05], "dmean2": [3.99443852075e-05, 7.76675587986e-05, 0.000179479407961, 0.000154507550178, 0.000174297194462, 0.000188850026461, 0.00031680506072, 0.000528596050572, 0.000361709564459, 0.000278645515209, 0.000196960143512, 0.000134271176648, 0.000112788242404, 0.000108244348667, 8.59264910105e-05, 6.28178677289e-05, 5.03651717736e-05, 5.21590518474e-05, 4.05187565775e-05, 2.41610359808e-05, 2.25447820412e-05, 1.69718077814e-05, 1.15294551506e-05, 8.61584703671e-06, 8.35528226162e-06, 1.02146559584e-05, 8.33378180687e-06, 4.67775817015e-06, 3.21933794112e-06, 2.38784377871e-06, 2.07890684578e-06, 2.04362208933e-06, 1.80095184987e-06, 1.72342936366e-06, 1.33785908929e-06, 1.29577347252e-06, 1.25450821997e-06, 8.19824492737e-07, 3.87140516978e-07, 2.51414320473e-07], "median": [7.0197684181e-06, 7.81845847087e-06, 4.41460542788e-05, 4.38392053184e-05, 4.58063368569e-05, 4.20849319198e-05, 5.38257227163e-05, 5.62249297218e-05, 3.27372545144e-05, 1.33379853651e-05, 7.77467448643e-06, 5.9449107539e-06, 5.51772154722e-06, 5.10885774929e-06, 4.03938429372e-06, 2.95839436149e-06, 2.2811323106e-06, 2.19262437895e-06, 2.0948459678e-06, 2.38881261794e-06, 3.10988912133e-06, 3.60990202353e-06, 3.05544631374e-06, 1.64728078289e-06, 8.87496469204e-07, 1.22933920466e-06, 9.80768732006e-07, 5.73608588184e-07, 2.83404233414e-07, 2.17643972178e-07, 2.58177237811e-07, 1.83162725875e-07, 1.66192847928e-07, 2.863555153e-07, 3.34059080842e-07, 2.0407983925e-07, 6.73989077882e-08, 4.1946872642e-08, 2.61379824451e-08, 2.00493133207e-08], "dvar": [4.0551949354e-08, 3.85212821641e-08, 7.10092677991e-08, 6.68047803742e-08, 8.73021761549e-08, 1.34336474389e-07, 3.48972179154e-07, 1.33681760417e-06, 8.14111160707e-07, 4.66100175345e-07, 2.53979493436e-07, 1.1602648442e-07, 9.7722470116e-08, 7.99407331442e-08, 7.80289539648e-08, 1.84391435454e-08, 1.37368649789e-08, 3.16488915075e-08, 1.84163830852e-08, 5.96278049159e-09, 5.71645708547e-09, 2.75274114614e-09, 9.37028121761e-10, 9.17642406506e-10, 4.09180522798e-10, 6.02447647324e-10, 4.3593564869e-10, 1.70131866928e-10, 9.11815137283e-11, 4.87592709264e-11, 3.88960426367e-11, 5.34881409997e-11, 6.78611611349e-11, 9.51459952492e-11, 1.98574247323e-11, 2.26073187948e-11, 2.69896223426e-11, 8.46308786939e-12, 1.48216541037e-12, 6.22728919212e-13]}, "spectral_skewness": {"dvar2": 0.109051093459, "var": 0.334560394287, "min": -0.0408332124352, "dmean": 0.237337455153, "mean": 1.70255100727, "max": 4.78089475632, "dmean2": 0.349943637848, "median": 1.64877605438, "dvar": 0.0537000484765}, "melbands_flatness_db": {"dvar2": 0.00132801977452, "var": 0.00575979007408, "min": 0.00425654137507, "dmean": 0.0289643611759, "mean": 0.199840307236, "max": 0.476915925741, "dmean2": 0.0416822321713, "median": 0.194296330214, "dvar": 0.00067565892823}, "spectral_decrease": {"dvar2": 2.13149058296e-17, "var": 1.84982168775e-17, "min": -5.30983612634e-08, "dmean": 1.43323208857e-09, "mean": -3.09221293016e-09, "max": 6.50275440136e-29, "dmean2": 2.121650855e-09, "median": -1.53149470883e-09, "dvar": 8.87407881107e-18}, "erbbands_crest": {"dvar2": 25.3311424255, "var": 28.9506454468, "min": 2.68267011642, "dmean": 3.55980825424, "mean": 11.4045591354, "max": 31.3645572662, "dmean2": 5.7444024086, "median": 10.2619771957, "dvar": 10.9046506882}, "gfcc": {"mean": [-89.1843643188, 71.6997909546, -131.076126099, 14.2657461166, -72.8388671875, -3.3875079155, -47.1095924377, 6.228328228, -22.8231716156, -1.15228044987, -17.6069087982, 2.88146829605, -20.1602630615], "cov": [[9253.74707031, -983.722717285, -2390.00854492, -895.808044434, -938.293273926, -271.225311279, -209.234786987, -89.1944580078, -181.948760986, 13.5907735825, -171.428268433, -243.811431885, -100.41746521], [-983.722717285, 1556.5579834, 440.013031006, -142.404998779, 67.3110198975, -180.518493652, 43.3494033813, -239.595123291, 41.2206230164, -70.8773498535, 49.7971954346, -144.598114014, 38.9335594177], [-2390.00854492, 440.013031006, 1576.73779297, 677.196289062, 252.113830566, 50.5882415771, -137.116958618, 5.64516305923, 30.1508274078, -19.6470222473, 41.6246681213, 76.8080596924, -19.73254776], [-895.808044434, -142.404998779, 677.196289062, 798.177978516, 235.007400513, 12.2115411758, -166.158691406, -3.74119949341, 35.7641181946, 12.8877038956, -18.4910850525, 70.625617981, 30.1407222748], [-938.293273926, 67.3110198975, 252.113830566, 235.007400513, 387.09576416, 96.0204238892, -4.1114563942, 18.8030052185, 24.043346405, 14.235461235, -8.1716003418, 22.8699035645, 7.74223327637], [-271.225311279, -180.518493652, 50.5882415771, 12.2115411758, 96.0204238892, 367.091796875, 164.82585144, 81.7385406494, -58.7312011719, -4.93166303635, 12.4985198975, 10.7076711655, -2.66916704178], [-209.234786987, 43.3494033813, -137.116958618, -166.158691406, -4.1114563942, 164.82585144, 389.991271973, 83.745803833, -70.0334854126, -55.884601593, 27.5621814728, 15.3440485001, 0.107190474868], [-89.1944580078, -239.595123291, 5.64516305923, -3.74119949341, 18.8030052185, 81.7385406494, 83.745803833, 197.735809326, 18.5338153839, -13.8961114883, -0.30535697937, 46.8412322998, -18.1688098907], [-181.948760986, 41.2206230164, 30.1508274078, 35.7641181946, 24.043346405, -58.7312011719, -70.0334854126, 18.5338153839, 174.84312439, 73.6069412231, -10.34609