{"tonal": {"thpcp": [1, 0.533291637897, 0.155318126082, 0.0764308199286, 0.100127480924, 0.210908785462, 0.231541365385, 0.15239611268, 0.120204985142, 0.112894266844, 0.155144348741, 0.307974100113, 0.331357747316, 0.366530150175, 0.7330468297, 0.774616599083, 0.364077061415, 0.146082684398, 0.13052251935, 0.187667354941, 0.386892676353, 0.425651490688, 0.210095003247, 0.0912853777409, 0.0922173261642, 0.197986781597, 0.513456821442, 0.542093932629, 0.313936293125, 0.330762594938, 0.244379460812, 0.0854465737939, 0.0872678756714, 0.119755119085, 0.226399242878, 0.734211206436], "hpcp": {"dmean2": [0.172779098153, 0.126474350691, 0.0851023420691, 0.0934137701988, 0.131636887789, 0.259299367666, 0.267425298691, 0.17057608068, 0.136819854379, 0.121527783573, 0.0736545026302, 0.0790682584047, 0.109121613204, 0.159526348114, 0.274887949228, 0.325115650892, 0.21705186367, 0.104590170085, 0.0636134520173, 0.0773738622665, 0.119492210448, 0.140670254827, 0.124372944236, 0.116663038731, 0.122069008648, 0.114612445235, 0.177024424076, 0.229955151677, 0.283508121967, 0.401991903782, 0.374541699886, 0.274171799421, 0.177854165435, 0.161049365997, 0.173938274384, 0.196018591523], "median": [0.0495848283172, 0.024750534445, 0.005594660528, 0.00615052320063, 0.0340633429587, 0.106921754777, 0.114463835955, 0.0774074047804, 0.0212439112365, 0.011101831682, 0.0100307846442, 0.0119746141136, 0.0136079192162, 0.0411981679499, 0.255819201469, 0.348879486322, 0.162872612476, 0.0240814741701, 0.0108778495342, 0.0124422386289, 0.0219471622258, 0.0253309644759, 0.0170282553881, 0.0102411806583, 0.00765855750069, 0.0200949907303, 0.0470762401819, 0.0527797341347, 0.0617176219821, 0.183096826077, 0.214420080185, 0.0757085084915, 0.0100060030818, 0.00517040118575, 0.0109907267615, 0.039264254272], "min": [0, 0, 0, 0, 0, 0, 0, 0, 0, 0, 0, 0, 0, 0, 0, 0, 0, 0, 0, 0, 0, 0, 0, 0, 0, 0, 0, 0, 0, 0, 0, 0, 0, 0, 0, 0], "dvar2": [0.0639626309276, 0.0439836233854, 0.0358352288604, 0.0380446687341, 0.0411105677485, 0.0995269864798, 0.100402444601, 0.0500177443027, 0.0579344592988, 0.0534757748246, 0.0307722240686, 0.0378828458488, 0.0565725229681, 0.0678880438209, 0.0904719755054, 0.114731431007, 0.066638045013, 0.0397367589176, 0.0222684610635, 0.0317392721772, 0.052757166326, 0.0676602348685, 0.0667042061687, 0.0622996091843, 0.068502612412, 0.0528513304889, 0.0768086537719, 0.113754756749, 0.12821687758, 0.181645721197, 0.158944487572, 0.118269629776, 0.100320130587, 0.0940052568913, 0.0876921638846, 0.0863444209099], "dvar": [0.0264796540141, 0.017211843282, 0.0142201790586, 0.0145214051008, 0.0161672886461, 0.0424229539931, 0.0423663109541, 0.0186517201364, 0.0257231611758, 0.0216423198581, 0.0110616851598, 0.0136805763468, 0.0209736675024, 0.0251515284181, 0.0366719998419, 0.0498410984874, 0.0270455274731, 0.0153496395797, 0.00798402354121, 0.0118281943724, 0.0222290232778, 0.0270120017231, 0.0249568317086, 0.0236696377397, 0.0256431438029, 0.019722212106, 0.0293125137687, 0.0429321825504, 0.0492324233055, 0.0678046122193, 0.0652175843716, 0.0425162985921, 0.0350540056825, 0.0337608084083, 0.0325035192072, 0.0334804318845], "dmean": [0.104501187801, 0.0758310034871, 0.0485241003335, 0.052668761462, 0.0781040936708, 0.158069998026, 0.161884129047, 0.101058140397, 0.0816227346659, 0.0722236633301, 0.0411928631365, 0.0449264757335, 0.0620483532548, 0.0918850004673, 0.165909036994, 0.193774491549, 0.13189996779, 0.0615094453096, 0.0361915975809, 0.0445361174643, 0.0726622492075, 0.0838870331645, 0.0717532932758, 0.0666430518031, 0.0678462609649, 0.0661517903209, 0.103857673705, 0.131619334221, 0.162349045277, 0.230547964573, 0.220651432872, 0.156517505646, 0.0960830822587, 0.0870426893234, 0.0976116135716, 0.115190513432], "max": [1, 1, 1, 1, 1, 1, 1, 1, 1, 1, 1, 1, 1, 1, 1, 1, 1, 1, 1, 1, 1, 1, 1, 1, 1, 1, 1, 1, 1, 1, 1, 1, 1, 1, 1, 1], "var": [0.0881363302469, 0.0268054269254, 0.0142114674672, 0.0131355738267, 0.021138291806, 0.0821419805288, 0.0877747833729, 0.0290588084608, 0.0790896937251, 0.0476499721408, 0.00883643049747, 0.010359916836, 0.0181420966983, 0.0293334983289, 0.0816068276763, 0.126936659217, 0.0544554851949, 0.0200624577701, 0.00694728316739, 0.0108577208593, 0.035172726959, 0.0394718460739, 0.0251071993262, 0.0196898113936, 0.0194316469133, 0.0198759026825, 0.0512712262571, 0.0534455515444, 0.0559955947101, 0.123446814716, 0.130303367972, 0.0486715622246, 0.024187784642, 0.0239127818495, 0.0301148556173, 0.0769336521626], "mean": [0.195871978998, 0.0966793894768, 0.0420067794621, 0.0424356348813, 0.0911075472832, 0.236277356744, 0.249455288053, 0.144464015961, 0.152206972241, 0.112456060946, 0.0393199361861, 0.0401580445468, 0.0551076941192, 0.104182109237, 0.337861865759, 0.46016985178, 0.245404735208, 0.0714727193117, 0.0351711586118, 0.0460756495595, 0.0970538631082, 0.10654835403, 0.0701280981302, 0.0553147085011, 0.0519505366683, 0.0713927522302, 0.141720399261, 0.152480840683, 0.168666124344, 0.337326049805, 0.356455206871, 0.167537286878, 0.0672228485346, 0.0600625313818, 0.0863588601351, 0.178036347032]}, "tuning_equal_tempered_deviation": 0.112941414118, "chords_changes_rate": 0.0356933884323, "key_key": "G", "tuning_diatonic_strength": 0.745883643627, "key_scale": "major", "chords_number_rate": 0.00204798136838, "tuning_frequency": 439.238189697, "tuning_nontempered_energy_ratio": 0.759802937508, "chords_histogram": [64.8332366943, 1.46284377575, 14.8624925613, 0, 0.965476870537, 0, 0, 0, 8.33820915222, 0.0585137493908, 3.74487996101, 0.175541251898, 2.42832064629, 0, 0, 0, 0, 0.234054997563, 0, 0.175541251898, 0, 0, 2.34054994583, 0.380339384079], "key_strength": 0.902627646923, "chords_key": "G", "chords_strength": {"dmean2": 0.00835203099996, "median": 0.652477860451, "min": -1, "dvar2": 0.00120847765356, "dvar": 0.000629731919616, "dmean": 0.00923370197415, "max": 0.849838018417, "var": 0.0337405055761, "mean": 0.631485283375}, "chords_scale": "major", "hpcp_entropy": {"dmean2": 0.948507905006, "median": 1.8993461132, "min": 0, "dvar2": 0.623087763786, "dvar": 0.222431525588, "dmean": 0.560412883759, "max": 3.82442951202, "var": 0.460827708244, "mean": 1.8456209898}}, "metadata": {"audio_properties": {"equal_loudness": 0, "codec": "flac", "downmix": "mix", "sample_rate": 44100, "analysis_sample_rate": 44100, "bit_rate": 0, "md5_encoded": "ab6d53a2c4347b9f719fd46bc451a0fa", "length": 158.667755127, "replay_gain": -11.2783355713, "lossless": true}, "version": {"essentia_build_sha": "70f2e5ece6736b2c40cc944ad0e695b16b925413", "essentia": "2.1-beta2", "extractor": "music 1.0", "essentia_git_sha": "v2.1_beta2"}, "tags": {"title": ["Jackhammer Blues"], "language": ["English"], "albumartist": ["Woody Guthrie"], "tracktotal": ["14"], "initialkey": ["9B"], "musicbrainz_recordingid": ["1695364e-1665-45fd-b637-c52a7bd887fe"], "mood": ["Extremely calm"], "album": ["Woody Guthrie Sings Folk Songs"], "musicbrainz_albumartistid": ["cbd827e1-4e38-427e-a436-642683433732"], "musicbrainz_releasetrackid": ["d2101a1b-c40f-31e6-9097-c869661f19b2"], "discnumber": ["1"], "bpm": ["115.000000"], "catalognumber": ["FA 2483"], "releasecountry": ["US"], "file_name": "09-Jackhammer Blues.flac", "compilation": ["1"], "acoustid_fingerprint": ["AQADtGGmRMsyo3mOJ8fhEz-iH5_yoG6C6sHJHXcxRSVC-dC-B2Fu3MjbQ8tRCc92Ik6OCz-aF8mesHiOpiJC_fg9VOOO0kpxG82WLBbaHOXR_MQlNGG0sEg1kYX2IK-IZtxRcZfxpoKf4Th-oYmzoJsuKOxxlOTRPExxXDvapIM_lDzeB32N9GHxTEwwJXrxYj_iP_hhN8enHKfRw5_xHXlQ6tBeIlVkGm6SHB8m4VWOi0_QJsKUpMePJntQ9sGD_IRehHIPJ1uEkheOFw8z4eEY4ceZ8WiS12iX4y6aST2-47rQH8cP5u2EXjhnoRIXpOTRTTfeHkCfoulm9EPDB3pm4Q5CxYvhLIlkUDVeBT2acQgdscGlQ9WNKfoRakfuGT9qHXaP0FSKa0ezjMe5wOHRLaFzTCdOeFkyZPkhL7uCU1uh58iRJ9lx5RF0g5GTI9UvOFuLnYH7oD9GLdnRJTua8PCRnCp2fQivxbjoEf-xjVGILpkU_JGx63jwXESr5BW8H9dRWkd3Iu1y9If25rgeHSknBb1wZvjg__hhhQ9iH_qyHzmuZGic48WFWg1OBU-eYzqakMI7HQ_FBr3WwTk8gweaqTou48h36DtCbwl4yYTNZOh11MOJjUcoHXoeyOWD_WjSIuRfPJE97MGHUyquJZgyicf_oDkzYiJZhLmG_0FS6RKe_MddNOVQOaNE_Amum8OjHE049Bl-4cipQ7MiLggTZkqHv3jxB2-KfAk0LXoQKS9-_Aqu4zyiMtDEHelxE62SBdd1HK_x50GqLRpeQj9CY2Mu_Lgi4sdznD6eHY_S4DNSQsoz5A9-_MSRTxqJKvuDptEO1Q9-iHxU5G3xE02DnsE_vL9wMH6RcFHCouaH5g_yE951PElc4znuo5X44aLxNPCPP3gOJsczZJqmQNMzfIiOB3VqIR_jQHuOXEflw6gXxTiN49iR7wo0b2qQ8hP6Cb_QLflxjoeJI68EN6Khc_DhD-EX_BGeD7n2oCeaI5aUHA_zJNgv9EkE97i1BfmJJCKDy0cTxsWfwUHPHFfG4yfOF-HKQEseGflxLhzaafDXwNMRv8cZprg_NDeeIn9I3Lge_MfPIazC3FDW7biIK3Bz7Au0xEMc7MH3Df2RHm4yQWs2qOkO53iIL3jyQFcmofkQasePX9hz9GE6uDteHtlFCPk2XEmNV5bQjMGZ4FPwnfjhD1eSTKiSRkdz5Bd0H-EjNP_wTccZX3iOHj1y6CYRXnnwGrcEJvqNK8d1JXh-REoObT9yZrvwkDi_wbnx4OGRT4eqBfEtPJFoPBrKJXgl-MlQ-ciXB8-FM9GPvrhUwk9UHD_KIF8mvJrwC1vwCn8otFLGwf3BXYY_tHEx72hKEX2OHPpxHSGVEFOWE0fzKEIWbw4ONVKRZzl2ND_CI_lx5nhUicWJrhea68ePKS8u0whDHY90NHnmHCF7_LiJJ7xx6kMj_egpXAxyJUcSSySDi8dnBe2zodmLe0e-iAy0ZQilHNcV9EbzIDlyxhuuHJ-O70K1wDvCL4euI8cVD39ShLRkiDkRbj0u9Tiax-gXvBmq-3CFCxePjT8SHnnRh3gaWchz6BPiE08i4RwfNCeqI7mI8ELDRMelHz2aM3iOi3hyI5eh5kcobCe1oB6b4wpxNO7RLstxXE9R0RLRPDfyQD8cNknx4agOsWLQNcePoHGDPjs-XTj6wByFXkctBoH2UMM-6Th-VHoGK8yK9BacT0EOmxfE3QhNGe9RPmiyO3h0IdcmaGeGBjdc5UhO5fiPJ4wTfLvQIwySP2jHxEYTScGPC_0y-OyHbsf3INeO5MmFC83zoY2yRzi-o0fjMB-e46fwfJhyseiVxDh__ESYh6ioBx13nIYnBd_xpKjU4YJiPEeWP2h0vFFR9oePouEDxhKJJw_OqkOYH90NVT_Cw8d3-OhvnE_wZETfIlHiHLmD5jnBSEe4JJ-gJ9kRblJw5jhDPMvEFO-FMHmOZOfx5qC3B8_k4xFaHmeOScdlC3mSD4q2I5RJZih_NOVxDjd4Hi0vNA4TEaf44-8QKaQCRRKZICf25UP_iPBxiXi04Z1hMRNq9Tg32EKuK3gf44H26MGFPCq8aajxsMF1THmKSjteJTlekag--Dx2_PjROvjx50eezhD5HPkiMzisC-cxbjmRUwsSpSqaMQtcGdwzfDsc5RmRnDEi-niZo3J4PBKaVcWH_E1SiA4941TyIn9E_NThM8eV5PiD_kPDhceV40d1TJGXIzf0IK50eKKOpzjORcCzLKjmB83UI3mQ3xi35AoeHk0dlAuNLyivI_3QVNC74DrO6MGncEVTJcdz6IgpHI7hRz-uCP3xJCitNDh9-MOzBGF2Qo3CB7PySMLRF42mLMhDC42SoDx-4q7RODkmvGg2pSiz9YivI1luvEeTJiX65mh-vA-utJvQ7NZw5oI5Gn3wpUTFJQijSlEY6EJ8XGfwGuaT4xLOJTgaKkW4cUdyouLEobGe4LJlPCx6wk9y5IWuoExEfFTwMFCUCuEvPL9wLheqSdmI-zhew1ODtjtO4qKJBw6dHlck5C00XVHRvLgyRzjo42SOXjuO0B8qHv4Phj8eJbhyHH6UED-uC2FYJUtkaBLDH3FK6riPpmmK_sSH8g8aZkuIK8cf_FqQqjuSmCGu41ueAGAMYoI5oYCiwDhHgHJCUGMUQ8gAghESRiBHEOACAKOAQkQYhQSgSBDEAAEICKIAIgEgAs0AxhghmAEIIIoAEkcYIg1ShgiCjAHEEUWYcUwAiQwDAgiAsEFJGEKEJFAJBwQhwBElBEBEEoIIRERIwJgCylJhAAICIUQMFUIIgQQRQgEAjBCEEQAUcsoIAARCllAlhBTAADIYZAQpQIRgwiBDhBKEGBaUMIAAA4xQAgChGCKAGMYUF4ggBgwBRmElATOAEYCQIOIBA4AAimHHEAVMIOGMUEoxCQwBQCBKgEBKACCEAE4gQgQwCBigCKJIUUEBQwZbcJQDxDCDBBJCAaMAECYSBgkECBnATALECAAIYYgIKAASygADGCJCGiCAQBQhjgQCgBgAEETAGKCAgkh7RAgBQgQJGFCEMUMMQ0pQQACgjCCAAUACIEDIgAUgBAgBghhlgDJEEAWEoIIZgCAVBgtlFAFAIKGIYIoJQQAQkmjFhCDECIqAQoYIjywhBDBBACOKMMEAkMwhBQATQAFHDEGGAGIAEgohAZywhAjiiECIISCEQ0gIJBQCTCAljHGWGgAABo0AwRRggBjGAALAmGEYMUgw4Jw5ClghDCELEAEASEIgRAJxSgBhkFAMACAYQkJAoRAiABhlDEECIAEYQQowBRxwhCBBCALKACaQYEgJCQgBQBlADCFOAQeYUAQRAQwgkBjBACHCGCEUMQAJAxjABDkOCDGKCAMAEEALAZQChjhgDDFUAEYYMoAJYYAiGhKOiAGAAACAUIIQ4oxQABiBmDJCAAAgMAQAQhATDBCEiGFCAEAZEABIIYVAwCBhiDKAGWW5EEAgIwwTgAkjxEUQOUAYEQ4JBBQwxBhBBCMgEKGAQoA6ZAiDACjgKAAACAIIgcsxIIQxAgklCQGAKQcAUIJAxoCyRAEAECAIDEAIFUAQJgEB"], "date": ["1962"], "genre": ["Folk > Traditional Folk"], "musicbrainz_albumid": ["549689da-9c4f-423b-83be-c3058f56bff7"], "disctotal": ["1"], "musicbrainz_artistid": ["cbd827e1-4e38-427e-a436-642683433732"], "grouping": ["Folk"], "artist": ["Woody Guthrie"], "artistsort": ["Guthrie, Woody"], "tracknumber": ["9"], "label": ["Folkways Records"], "albumartistsort": ["Guthrie, Woody"], "acoustid_id": ["b109f501-216d-4256-98e3-4c57760b22b8"], "script": ["Latin"], "musicbrainz_releasegroupid": ["383492a7-ee4c-31e9-926f-48b3c0e3094b"]}}, "rhythm": {"bpm_histogram_first_peak_bpm": {"dmean2": 0, "median": 120, "min": 120, "dvar2": 0, "dvar": 0, "dmean": 0, "max": 120, "var": 0, "mean": 120}, "bpm": 119.33757019, "bpm_histogram_second_peak_spread": {"dmean2": 0, "median": 0.276923060417, "min": 0.276923060417, "dvar2": 0, "dvar": 0, "dmean": 0, "max": 0.276923060417, "var": 0, "mean": 0.276923060417}, "bpm_histogram_first_peak_weight": {"dmean2": 0, "median": 0.344155848026, "min": 0.344155848026, "dvar2": 0, "dvar": 0, "dmean": 0, "max": 0.344155848026, "var": 0, "mean": 0.344155848026}, "onset_rate": 3.85039138794, "beats_position": [0.580498874187, 1.14938771725, 1.71827661991, 2.27555561066, 2.83283448219, 3.36689329147, 3.90095233917, 4.43501138687, 4.98067998886, 5.53795909882, 6.09523820877, 6.66412687302, 7.23301553726, 7.80190467834, 8.35918331146, 8.893242836, 9.41569137573, 9.92653083801, 10.4489793777, 10.9830379486, 11.4938774109, 12.0047159195, 12.5155553818, 13.0263938904, 13.5372333527, 14.0480718613, 14.5589113235, 15.0813598633, 15.5921993256, 16.1030387878, 16.6254863739, 17.1363258362, 17.6471652985, 18.1696147919, 18.6920623779, 19.2145118713, 19.7369613647, 20.247800827, 20.7702484131, 21.2926979065, 21.8151473999, 22.3375968933, 22.8600444794, 23.3824939728, 23.9165534973, 24.4622211456, 24.984670639, 25.4955101013, 26.0179595947, 26.5404071808, 27.0512466431, 27.5736961365, 28.0961437225, 28.6185932159, 29.1410427094, 29.6518821716, 30.1627197266, 30.6735591888, 31.1843986511, 31.6952381134, 32.2060775757, 32.7285270691, 33.2625846863, 33.7850341797, 34.3074836731, 34.8299331665, 35.3639907837, 35.8748283386, 36.3856697083, 36.8965072632, 37.4073448181, 37.9297943115, 38.4290237427, 38.9282531738, 39.427482605, 39.9267120361, 40.4259414673, 40.91355896, 41.4127883911, 41.9120178223, 42.4112472534, 42.9104766846, 43.3980941772, 43.8973236084, 44.3849411011, 44.8841705322, 45.3950119019, 45.894241333, 46.3934669495, 46.9043083191, 47.415145874, 47.9143753052, 48.4136047363, 48.901222229, 49.4120635986, 49.9229011536, 50.4337387085, 50.9561882019, 51.4902496338, 52.024307251, 52.5699768066, 53.1040344238, 53.6380958557, 54.1837615967, 54.7062110901, 55.2170524597, 55.7162818909, 56.2155075073, 56.726348877, 57.2371864319, 57.7596359253, 58.2820854187, 58.8045349121, 59.3269844055, 59.8146018982, 60.3254394531, 60.8362808228, 61.3471183777, 61.8579597473, 62.3687973022, 62.8796348572, 63.3788642883, 63.8780937195, 64.3773193359, 64.8765487671, 65.3873901367, 65.8982315063, 66.4206771851, 66.9431304932, 67.4539642334, 67.964805603, 68.4756469727, 68.9748764038, 69.474105835, 69.9849395752, 70.4841690063, 70.9833984375, 71.4942398071, 72.0050811768, 72.515914917, 73.0035324097, 73.5027618408, 74.001991272, 74.5012207031, 75.0004501343, 75.4996795654, 75.9989089966, 76.4981384277, 76.9973678589, 77.49659729, 77.9958267212, 78.4950561523, 78.9942855835, 79.4935150146, 79.9927444458, 80.491973877, 80.9912033081, 81.4904327393, 81.9896621704, 82.4772796631, 82.9765090942, 83.4757385254, 83.9749679565, 84.4741897583, 84.9850311279, 85.4842605591, 85.9834899902, 86.4827194214, 86.9819488525, 87.4811782837, 87.9804077148, 88.479637146, 88.9904708862, 89.4897003174, 89.9773254395, 90.4649429321, 90.9641723633, 91.4750061035, 91.9742355347, 92.4850769043, 92.9959182739, 93.5183639526, 94.0175933838, 94.5168228149, 95.0160522461, 95.5152816772, 96.0261230469, 96.5485687256, 97.0594100952, 97.5586395264, 98.0578689575, 98.5570983887, 99.0563278198, 99.555557251, 100.054779053, 100.565620422, 101.076461792, 101.598907471, 102.121360779, 102.632194519, 103.13142395, 103.630653381, 104.141494751, 104.640724182, 105.139953613, 105.650794983, 106.161628723, 106.672470093, 107.183311462, 107.682540894, 108.181770325, 108.692604065, 109.203445435, 109.714286804, 110.236732483, 110.782402039, 111.316459656, 111.862129211, 112.407798767, 112.953468323, 113.475914001, 113.986755371, 114.485984802, 114.985214233, 115.496055603, 116.018501282, 116.529342651, 117.028572083, 117.539405823, 118.050247192, 118.561088562, 119.071922302, 119.571151733, 120.081993103, 120.581222534, 121.092063904, 121.602897644, 122.102127075, 122.601356506, 123.100585938, 123.599815369, 124.0990448, 124.598274231, 125.085891724, 125.585121155, 126.084350586, 126.571968079, 127.059593201, 127.558815002, 128.058044434, 128.557281494, 129.056503296, 129.544128418, 130.031738281, 130.519363403, 131.018585205, 131.517822266, 132.017044067, 132.516281128, 133.003890991, 133.491516113, 133.979141235, 134.466751099, 134.954376221, 135.441986084, 135.941223145, 136.440444946, 136.951293945, 137.462127686, 137.984573364, 138.507034302, 139.017868042, 139.528701782, 140.039550781, 140.550384521, 141.061218262, 141.595275879, 142.106124878, 142.616958618, 143.127792358, 143.638641357, 144.149475098, 144.660308838, 145.171157837, 145.670379639, 146.158004761, 146.657226562, 147.144851685, 147.644073486, 148.143310547, 148.642532349, 149.141769409, 149.640991211, 150.140228271, 150.639450073, 151.138687134, 151.649520874, 152.160354614, 152.682815552, 153.20526123, 153.727706909, 154.261764526, 154.795822144, 155.329879761, 155.852325439, 156.386398315, 156.932067871, 157.477722168, 158.023391724], "beats_loudness": {"dmean2": 0.0179453212768, "median": 0.0183487571776, "min": 0, "dvar2": 0.000418024370447, "dvar": 0.000153275803314, "dmean": 0.0106234094128, "max": 0.0976833924651, "var": 0.000210073238122, "mean": 0.0211969800293}, "danceability": 1.18515920639, "bpm_histogram_second_peak_weight": {"dmean2": 0, "median": 0.152597397566, "min": 0.152597397566, "dvar2": 0, "dvar": 0, "dmean": 0, "max": 0.152597397566, "var": 0, "mean": 0.152597397566}, "beats_count": 309, "bpm_histogram_second_peak_bpm": {"dmean2": 0, "median": 115, "min": 115, "dvar2": 0, "dvar": 0, "dmean": 0, "max": 115, "var": 0, "mean": 115}, "bpm_histogram_first_peak_spread": {"dmean2": 0, "median": 0.522522449493, "min": 0.522522449493, "dvar2": 0, "dvar": 0, "dmean": 0, "max": 0.522522449493, "var": 0, "mean": 0.522522449493}, "beats_loudness_band_ratio": {"dmean2": [0.230241402984, 0.232379898429, 0.227243974805, 0.202455103397, 0.238513737917, 0.00835973862559], "median": [0.144701734185, 0.240730583668, 0.2127212286, 0.128653988242, 0.103915318847, 0.00404736073688], "min": [0, 0, 0, 0, 0, 0], "dvar2": [0.0404630154371, 0.0379621684551, 0.0350542552769, 0.034816827625, 0.0782843977213, 0.00132239144295], "dvar": [0.0151557922363, 0.0148097835481, 0.0130045041442, 0.0123952897266, 0.0310906395316, 0.000441260053776], "dmean": [0.140188887715, 0.142538666725, 0.133824661374, 0.117823764682, 0.142479762435, 0.00447292160243], "max": [0.824041545391, 0.757533073425, 0.804866373539, 0.647846758366, 0.985044538975, 0.262739598751], "var": [0.032828066498, 0.0340649858117, 0.0265536177903, 0.0208207070827, 0.0466710552573, 0.000224377872655], "mean": [0.207904562354, 0.266880095005, 0.248323306441, 0.174039691687, 0.190907433629, 0.00561311468482]}}, "lowlevel": {"barkbands_spread": {"dmean2": 5.11866426468, "median": 13.5602178574, "min": 1.19318342209, "dvar2": 33.2049713135, "dvar": 13.71849823, "dmean": 3.25623202324, "max": 95.9383239746, "var": 59.8728218079, "mean": 14.8384256363}, "melbands_spread": {"dmean2": 8.97904491425, "median": 19.111541748, "min": 1.87150347233, "dvar2": 100.738227844, "dvar": 46.8132095337, "dmean": 5.84962081909, "max": 162.915466309, "var": 367.424468994, "mean": 24.1820869446}, "hfc": {"dmean2": 5.59994697571, "median": 7.02621126175, "min": 1.02916369211e-16, "dvar2": 145.567092896, "dvar": 106.714385986, "dmean": 4.41085767746, "max": 335.234558105, "var": 618.175354004, "mean": 14.8416366577}, "barkbands_kurtosis": {"dmean2": 2.84759998322, "median": 0.507212638855, "min": -1.92071557045, "dvar2": 24.6268367767, "dvar": 10.9170255661, "dmean": 1.80442774296, "max": 124.68913269, "var": 25.3517303467, "mean": 1.72806990147}, "gfcc": {"mean": [-119.86592865, 164.336807251, -173.070175171, 11.5920295715, -44.7734870911, -16.059589386, -46.9311828613, -10.5094347, -18.1472663879, -28.4311103821, -10.621383667, -17.9100017548, -1.93795681], "icov": [[0.000550215365365, -0.000914545496926, 0.00182475207839, -0.000776287750341, 0.000731980020646, -0.000712265027687, 0.00141900510062, -0.000879128347151, -8.53674573591e-05, 7.81972994446e-05, 0.000843536283355, -0.000358838005923, 0.000561802764423], [-0.000914545496926, 0.00362819898874, -0.0020549132023, 0.00141245068517, -0.00217862054706, 0.00245679495856, -0.00269790482707, 0.00148506951518, 0.00207843701355, 0.00124562310521, -0.00433475663885, 0.00338885467499, -0.00180033512879], [0.00182475207839, -0.0020549132023, 0.00854287762195, -0.00303039280698, 0.0011338054901, -0.0014788544504, 0.00357266096398, -0.00368664297275, 0.00176480133086, -0.00118868367281, 0.00142970809247, -0.00102548766881, 0.00177572877146], [-0.000776287750341, 0.00141245068517, -0.00303039280698, 0.00560147035867, -0.00227413326502, 0.00183559232391, -0.00128400221001, 0.00155197887216, -0.000520824105479, 0.00134379474912, 0.000529433076736, -0.000481123279314, -0.000672514841426], [0.000731980020646, -0.00217862054706, 0.0011338054901, -0.00227413326502, 0.00793161056936, -0.00243503740057, 0.000865335925482, 0.000595942721702, -0.00206019263715, -0.000802145747002, 0.00423436658457, -0.00378593802452, 0.00094310491113], [-0.000712265027687, 0.00245679495856, -0.0014788544504, 0.00183559232391, -0.00243503740057, 0.00777809880674, -0.00370990391821, -0.00059403735213, 0.00332093401812, -0.00122091651428, -0.0012339024106, 0.00181993306614, -0.00113782321569], [0.00141900510062, -0.00269790482707, 0.00357266096398, -0.00128400221001, 0.000865335925482, -0.00370990391821, 0.0105096772313, -0.00336732156575, -0.00144169782288, 0.00306317233481, -0.000705794140231, 0.000493754923809, 0.00201070867479], [-0.000879128347151, 0.00148506951518, -0.00368664297275, 0.00155197887216, 0.000595942721702, -0.00059403735213, -0.00336732156575, 0.0132165104151, -0.00302240927704, -0.000816919491626, 0.00403668312356, -0.00303860125132, 0.00100435770582], [-8.53674573591e-05, 0.00207843701355, 0.00176480133086, -0.000520824105479, -0.00206019263715, 0.00332093401812, -0.00144169782288, -0.00302240927704, 0.0147851286456, -0.00567165901884, -0.000799294968601, 0.00528435595334, -0.00316694425419], [7.81972994446e-05, 0.00124562310521, -0.00118868367281, 0.00134379474912, -0.000802145747002, -0.00122091651428, 0.00306317233481, -0.000816919491626, -0.00567165901884, 0.0190206542611, -0.00839193537831, 0.000435843394371, 0.00168631959241], [0.000843536283355, -0.00433475663885, 0.00142970809247, 0.000529433076736, 0.00423436658457, -0.0012339024106, -0.000705794140231, 0.00403668312356, -0.000799294968601, -0.00839193537831, 0.0232055857778, -0.0106522738934, 0.00674921879545], [-0.000358838005923, 0.00338885467499, -0.00102548766881, -0.000481123279314, -0.00378593802452, 0.00181993306614, 0.000493754923809, -0.00303860125132, 0.00528435595334, 0.000435843394371, -0.0106522738934, 0.0248609520495, -0.0124327000231], [0.000561802764423, -0.00180033512879, 0.00177572877146, -0.000672514841426, 0.00094310491113, -0.00113782321569, 0.00201070867479, 0.00100435770582, -0.00316694425419, 0.00168631959241, 0.00674921879545, -0.0124327000231, 0.026428507641]], "cov": [[20786.0292969, 2587.68041992, -3481.57495117, 74.2680358887, -765.078918457, -273.755981445, -872.850769043, -133.018280029, -64.2024688721, -539.956848145, -318.569976807, -419.729217529, -32.1252555847], [2587.68041992, 1177.57397461, -406.879608154, -97.0204620361, -61.0239524841, -140.97668457, 22.729839325, -145.906219482, -117.389183044, -114.383003235, 98.0640487671, -105.936012268, -31.6438159943], [-3481.57495117, -406.879608154, 774.868103027, 71.0337677002, 140.167007446, 44.8119735718, 101.617927551, 51.8928527832, -14.4125776291, 90.4629821777, 40.7013626099, 81.7715759277, 3.83499407768], [74.2680358887, -97.0204620361, 71.0337677002, 299.50604248, 73.7890777588, -35.7706871033, -37.8534355164, 8.28983783722, 16.3391780853, -24.7462291718, -53.9468574524, 23.1108036041, 21.2380924225], [-765.078918457, -61.0239524841, 140.167007446, 73.7890777588, 212.633956909, 31.339805603, 36.1283416748, 1.7401509285, 11.2707233429, 10.2099342346, -15.7590970993, 32.5052719116, 15.5280704498], [-273.755981445, -140.97668457, 44.8119735718, -35.7706871033, 31.339805603, 211.505279541, 59.1857299805, 39.3959503174, -15.9737300873, 13.9816122055, -9.25745010376, 7.13169574738, -2.80497169495], [-872.850769043, 22.729839325, 101.617927551, -37.8534355164, 36.1283416748, 59.1857299805, 207.194412231, 14.4161634445, -7.51961708069, -3.54749798775, 30.9166126251, -5.45353317261, -13.876121521], [-133.018280029, -145.906219482, 51.8928527832, 8.28983783722, 1.7401509285, 39.3959503174, 14.4161634445, 123.072402954, 30.5686359406, 11.3843040466, -35.1286048889, 12.2237768173, 3.13083100319], [-64.2024688721, -117.389183044, -14.4125776291, 16.3391780853, 11.2707233429, -15.9737300873, -7.51961708069, 30.5686359406, 112.636489868, 34.025478363, -16.2087535858, -7.38200187683, 5.06564474106], [-539.956848145, -114.383003235, 90.4629821777, -24.7462291718, 10.2099342346, 13.9816122055, -3.54749798775, 11.3843040466, 34.025478363, 98.434173584, 36.2301940918, 16.2238063812, -6.77050113678], [-318.569976807, 98.0640487671, 40.7013626099, -53.9468574524, -15.7590970993, -9.25745010376, 30.9166126251, -35.1286048889, -16.2087535858, 36.2301940918, 105.684104919, 16.6782855988, -14.9060020447], [-419.729217529, -105.936012268, 81.7715759277, 23.1108036041, 32.5052719116, 7.13169574738, -5.45353317261, 12.2237768173, -7.38200187683, 16.2238063812, 16.6782855988, 80.7400283813, 27.7005558014], [-32.1252555847, -31.6438159943, 3.83499407768, 21.2380924225, 15.5280704498, -2.80497169495, -13.876121521, 3.13083100319, 5.06564474106, -6.77050113678, -14.9060020447, 27.7005558014, 54.786605835]]}, "spectral_energyband_middle_low": {"dmean2": 0.00441937660798, "median": 0.0061445008032, "min": 1.19165719618e-22, "dvar2": 3.37672900059e-05, "dvar": 1.59734208864e-05, "dmean": 0.00303612533025, "max": 0.0534270964563, "var": 4.78991132695e-05, "mean": 0.00815571192652}, "melbands_crest": {"dmean2": 4.5193810463, "median": 11.9558820724, "min": 1.60061275959, "dvar2": 16.4480953217, "dvar": 6.53674650192, "dmean": 2.82675242424, "max": 33.4922943115, "var": 18.9966907501, "mean": 12.4483098984}, "spectral_kurtosis": {"dmean2": 10.4741201401, "median": 10.7533121109, "min": -1.26842343807, "dvar2": 72.3641281128, "dvar": 24.2474880219, "dmean": 6.01759815216, "max": 46.2842483521, "var": 40.5034408569, "mean": 11.7607355118}, "spectral_rms": {"dmean2": 0.000723569653928, "median": 0.00320712290704, "min": 3.10189157346e-12, "dvar2": 5.66403514313e-07, "dvar": 3.69460167349e-07, "dmean": 0.000549190910533, "max": 0.0118417479098, "var": 2.48277410719e-06, "mean": 0.00344678270631}, "zerocrossingrate": {"dmean2": 0.00688946060836, "median": 0.04150390625, "min": 0.009765625, "dvar2": 9.27625806071e-05, "dvar": 6.37155826553e-05, "dmean": 0.00568639719859, "max": 0.54248046875, "var": 0.00356529001147, "mean": 0.0532790198922}, "silence_rate_60dB": {"dmean2": 0.101273231208, "median": 0, "min": 0, "dvar2": 0.107992179692, "dvar": 0.048066098243, "dmean": 0.0506292060018, "max": 1, "var": 0.0825946182013, "mean": 0.0908558890224}, "erbbands_kurtosis": {"dmean2": 1.99314057827, "median": -0.5196185112, "min": -1.88110911846, "dvar2": 29.3652248383, "dvar": 14.6491622925, "dmean": 1.31329226494, "max": 93.5832214355, "var": 63.1408691406, "mean": 1.22865831852}, "erbbands": {"dmean2": [0.000448620237876, 0.0243000183254, 0.30534055829, 1.29387831688, 9.74522972107, 5.54054784775, 4.12823486328, 3.20697283745, 9.03304386139, 21.110370636, 25.205909729, 17.7547607422, 17.7231273651, 13.1023826599, 8.96115207672, 35.562171936, 16.951210022, 18.9953651428, 19.5264110565, 18.0786972046, 48.7476768494, 37.4721374512, 9.28499412537, 2.83490753174, 0.951353013515, 0.543599903584, 0.468839526176, 0.228783994913, 0.0983454585075, 0.0583708360791, 0.0451086722314, 0.0257864445448, 0.014920852147, 0.00727171078324, 0.00252128019929, 0.000552316661924, 4.18333984271e-05, 1.87242233096e-06, 3.12450674755e-06, 6.74690454616e-06], "median": [0.0003295133356, 0.0156475733966, 0.194257318974, 0.853501319885, 3.84310531616, 5.56146621704, 4.65735054016, 2.40663695335, 4.26527023315, 8.74721622467, 6.5487370491, 4.18311071396, 6.9043006897, 5.30206203461, 5.24284744263, 14.115149498, 6.38725137711, 5.52688360214, 4.48798656464, 10.0034170151, 11.8142175674, 13.0979452133, 5.83225917816, 2.30036401749, 0.811821758747, 0.373728364706, 0.207969620824, 0.0887240990996, 0.0428929999471, 0.0214829090983, 0.014188026078, 0.00774679519236, 0.00413876958191, 0.00189046305604, 0.000596965255681, 8.04692244856e-05, 8.75253226695e-06, 1.56839359988e-06, 5.50541471966e-06, 1.22872042994e-05], "min": [8.07688301347e-23, 3.54402918217e-22, 2.06179998142e-21, 3.379902594e-21, 1.18657322115e-20, 3.53668664157e-20, 5.60420422624e-20, 7.58710737349e-20, 8.96050054767e-20, 1.0967794537e-19, 3.74550896882e-19, 3.33076164366e-19, 4.20962760281e-19, 5.7526746159e-19, 8.60186669958e-19, 1.44593528539e-18, 1.3399231977e-18, 1.52015034354e-18, 2.50782384726e-18, 3.32825177088e-18, 4.04098987774e-18, 4.60820251302e-18, 3.29002341208e-18, 6.74901169916e-18, 7.58853343287e-18, 7.46110543232e-18, 9.86095325832e-18, 7.84062086044e-18, 9.65826919283e-18, 9.1577455129e-18, 1.03205687211e-17, 1.06675693337e-17, 9.52131786189e-18, 8.35605612528e-18, 6.60685037114e-18, 4.19681747025e-18, 2.12147797523e-18, 9.74737122726e-19, 2.49942444853e-19, 2.5056178018e-20], "dvar2": [4.39168104549e-07, 0.00101619411726, 0.171430185437, 3.86987400055, 303.157043457, 55.1509628296, 44.9497871399, 40.3090782166, 352.594512939, 1509.06323242, 4231.39990234, 2927.69384766, 2325.21289062, 910.83807373, 400.954772949, 4744.79785156, 1404.49804688, 2559.75073242, 2798.91772461, 1353.90588379, 29493.1445312, 13883.9013672, 319.568725586, 23.4545574188, 1.72993969917, 0.688955366611, 1.62424433231, 0.348765552044, 0.039113715291, 0.0145441619679, 0.012343512848, 0.00293292826973, 0.000839687651023, 0.00026610068744, 2.45961236942e-05, 1.68595829564e-06, 1.26152466251e-08, 1.52966823236e-11, 2.08406486513e-11, 8.24023418944e-11], "dvar": [1.83496425166e-07, 0.000487059878651, 0.0604598559439, 1.66959130764, 133.974914551, 23.2029514313, 21.735250473, 21.4313144684, 178.321060181, 645.027893066, 1979.04064941, 1408.34753418, 1111.46936035, 517.787231445, 214.426193237, 2084.11401367, 631.859313965, 1224.37316895, 1335.57531738, 587.920837402, 20006.4707031, 9780.74804688, 238.485580444, 17.693775177, 0.783934533596, 0.318513154984, 0.917193114758, 0.218127727509, 0.020356291905, 0.00611001672223, 0.00526667572558, 0.00125896511599, 0.000369369750842, 0.000121335389849, 1.04503506009e-05, 6.67136930588e-07, 4.80180073481e-09, 9.3971844195e-12, 1.47236667303e-11, 5.50597657745e-11], "dmean": [0.000284135574475, 0.015646206215, 0.180533349514, 0.815239727497, 6.27965068817, 3.58266639709, 2.89499688148, 2.22069859505, 6.14332342148, 13.4303007126, 16.8778553009, 12.6530447006, 12.2123413086, 9.58928775787, 6.30647563934, 22.6426830292, 11.402970314, 13.1207036972, 13.4717359543, 12.0370016098, 36.2109298706, 28.1723690033, 6.8159365654, 2.05098366737, 0.652319729328, 0.367439031601, 0.326472312212, 0.158428356051, 0.0651313737035, 0.0366937145591, 0.0282943528146, 0.0159033294767, 0.00920089986175, 0.00451534241438, 0.00150811648928, 0.000324968161294, 2.41594898398e-05, 1.31773356316e-06, 2.39801329371e-06, 5.10689187649e-06], "max": [0.00901453569531, 0.542078375816, 4.37437105179, 18.3069286346, 162.545837402, 76.9327545166, 95.4204559326, 116.603889465, 385.297821045, 683.412231445, 847.718261719, 1298.44274902, 1002.09484863, 662.756225586, 495.945495605, 1154.09863281, 442.469482422, 1098.39550781, 666.94744873, 450.072692871, 4704.88232422, 3423.08691406, 702.366027832, 200.740280151, 15.0234909058, 12.6153516769, 33.6781044006, 20.941608429, 6.60211467743, 1.72167813778, 2.19783091545, 1.07154917717, 0.39535549283, 0.417157649994, 0.0857044532895, 0.0276443846524, 0.00196448573843, 9.91635242826e-05, 0.000114529262646, 0.000205612668651], "var": [5.32536660103e-07, 0.00189356005285, 0.141895234585, 2.62604522705, 170.671829224, 55.3471031189, 77.1134033203, 169.021575928, 1228.53637695, 1689.67419434, 5407.51074219, 4152.21875, 4878.86279297, 2334.45068359, 622.506896973, 4708.86669922, 1408.1451416, 3569.77587891, 3331.72460938, 1401.81640625, 106135.1875, 52908.1835938, 1375.14575195, 97.2278366089, 1.95405471325, 0.876017332077, 3.19251179695, 0.759281337261, 0.0559098087251, 0.0117035657167, 0.0108160749078, 0.002397128148, 0.000822243047878, 0.000342723214999, 2.78380339296e-05, 1.48359117702e-06, 8.37185165636e-09, 4.91911893163e-11, 8.67284855044e-11, 3.12849968154e-10], "mean": [0.000560913060326, 0.0296532064676, 0.31747803092, 1.39295017719, 8.32155036926, 7.86858272552, 7.56305170059, 6.85916662216, 15.0072755814, 20.113079071, 30.3506717682, 22.6150379181, 25.8677005768, 21.4849033356, 12.6312189102, 36.1666641235, 20.4403820038, 26.2507686615, 23.3679542542, 23.1579151154, 95.0191879272, 74.0528488159, 16.3670406342, 4.81827163696, 1.29719316959, 0.703150570393, 0.64438021183, 0.321129441261, 0.115201666951, 0.0569157637656, 0.0438967719674, 0.0233804322779, 0.0133983129635, 0.0067482967861, 0.0020869676955, 0.000398500298616, 3.05987523461e-05, 3.57896374226e-06, 8.43177986098e-06, 1.78416612471e-05]}, "spectral_strongpeak": {"dmean2": 1.23767185211, "median": 0.668001174927, "min": 0, "dvar2": 4.3827495575, "dvar": 2.53243541718, "dmean": 0.783364593983, "max": 34.028339386, "var": 13.4493789673, "mean": 1.9032958746}, "spectral_energy": {"dmean2": 0.0056609143503, "median": 0.0105427782983, "min": 9.86227491846e-21, "dvar2": 5.21581459907e-05, "dvar": 3.30166440108e-05, "dmean": 0.00423543993384, "max": 0.143732666969, "var": 0.000178969232365, "mean": 0.0147221451625}, "average_loudness": 0.811226248741, "spectral_rolloff": {"dmean2": 453.705352783, "median": 1184.32617188, "min": 107.666015625, "dvar2": 346122.75, "dvar": 170038.921875, "dmean": 271.115600586, "max": 19530.6152344, "var": 5015025, "mean": 1631.81384277}, "spectral_centroid": {"dmean2": 267.712219238, "median": 975.315124512, "min": 102.801750183, "dvar2": 135425.859375, "dvar": 64154.515625, "dmean": 176.310668945, "max": 11773.9501953, "var": 1658295.875, "mean": 1221.79980469}, "pitch_salience": {"dmean2": 0.0999314188957, "median": 0.539800465107, "min": 0.099710971117, "dvar2": 0.00762091111392, "dvar": 0.00315114390105, "dmean": 0.0628591552377, "max": 0.816811442375, "var": 0.0120012816042, "mean": 0.533573150635}, "spectral_energyband_middle_high": {"dmean2": 0.00265942374244, "median": 0.00246647233143, "min": 1.24484532861e-21, "dvar2": 2.83006575046e-05, "dvar": 1.99080041057e-05, "dmean": 0.00203844718635, "max": 0.140912085772, "var": 0.000114041526103, "mean": 0.00622554542497}, "spectral_contrast_coeffs": {"dmean2": [0.0832602083683, 0.074486464262, 0.06394251436, 0.0495409481227, 0.0433136038482, 0.0469052009284], "median": [-0.533946454525, -0.702731192112, -0.707687616348, -0.744945049286, -0.727506458759, -0.774300515652], "min": [-0.979921936989, -0.974352419376, -0.980474412441, -0.980935752392, -0.975452065468, -0.967536866665], "dvar2": [0.00428377836943, 0.00386771047488, 0.00262748869136, 0.00157628196757, 0.00128460896667, 0.00159235950559], "dvar": [0.00168280978687, 0.00151759875007, 0.0011568821501, 0.000695526774507, 0.000561983906664, 0.000611412455328], "dmean": [0.0512675456703, 0.0469618812203, 0.041510887444, 0.0319664292037, 0.0279029216617, 0.0288561992347], "max": [-0.3070281744, -0.374121367931, -0.47578060627, -0.568089663982, -0.411199748516, -0.609349966049], "var": [0.00810205470771, 0.00712269870564, 0.00508047966287, 0.00325884483755, 0.00390078616329, 0.00202433485538], "mean": [-0.538687586784, -0.69974476099, -0.708771109581, -0.744608402252, -0.724479198456, -0.775484919548]}, "melbands_skewness": {"dmean2": 0.844608426094, "median": 1.55248522758, "min": -5.52248430252, "dvar2": 0.781381070614, "dvar": 0.377332389355, "dmean": 0.569579482079, "max": 10.423869133, "var": 1.56853497028, "mean": 1.5592571497}, "spectral_spread": {"dmean2": 456723.28125, "median": 1993768.875, "min": 1252694.125, "dvar2": 602499055616, "dvar": 296242413568, "dmean": 270595.65625, "max": 42810384, "var": 22051523919900.0, "mean": 2639142.5}, "dissonance": {"dmean2": 0.0385386347771, "median": 0.454843103886, "min": 0.283086925745, "dvar2": 0.00120383664034, "dvar": 0.00042846892029, "dmean": 0.0229045469314, "max": 0.499999970198, "var": 0.000851829827297, "mean": 0.450454860926}, "spectral_skewness": {"dmean2": 0.859211206436, "median": 1.95657968521, "min": -0.0731584876776, "dvar2": 0.469683617353, "dvar": 0.160037919879, "dmean": 0.502708137035, "max": 4.34140968323, "var": 0.354522824287, "mean": 1.98737204075}, "spectral_flux": {"dmean2": 0.0276111550629, "median": 0.0481540001929, "min": 6.35693511719e-11, "dvar2": 0.000852467259392, "dvar": 0.000364554871339, "dmean": 0.0178019069135, "max": 0.259195864201, "var": 0.000970636261627, "mean": 0.0549350380898}, "spectral_contrast_valleys": {"dmean2": [0.765280306339, 0.557472229004, 0.502276062965, 0.44483217597, 0.489746212959, 0.806297540665], "median": [-8.44734191895, -7.11653661728, -7.87481498718, -8.08633232117, -8.52449321747, -12.2505493164], "min": [-28.0566883087, -28.0643634796, -27.7819843292, -27.677854538, -27.5101795197, -27.4021625519], "dvar2": [0.385826408863, 0.215925216675, 0.190315589309, 0.151449978352, 0.206880882382, 0.511336386204], "dvar": [0.15565122664, 0.109001256526, 0.098457492888, 0.090730138123, 0.120561279356, 0.205159023404], "dmean": [0.46201094985, 0.36442092061, 0.338224470615, 0.310481607914, 0.356157124043, 0.495929896832], "max": [-6.81838798523, -5.27598047256, -5.8211388588, -6.10160923004, -6.81453514099, -9.9878692627], "var": [5.83734416962, 6.57957220078, 6.1489071846, 6.04489469528, 5.72440862656, 3.93453454971], "mean": [-8.79889202118, -7.48178195953, -8.19405651093, -8.3881111145, -8.84691810608, -12.4487314224]}, "erbbands_flatness_db": {"dmean2": 0.0278781522065, "median": 0.27095502615, "min": 0.0542613975704, "dvar2": 0.000577195663936, "dvar": 0.000244516733801, "dmean": 0.0176078155637, "max": 0.428485006094, "var": 0.00158776668832, "mean": 0.269718438387}, "spectral_energyband_high": {"dmean2": 1.65088513313e-05, "median": 8.93562082638e-06, "min": 6.79303983483e-21, "dvar2": 1.32604727199e-09, "dvar": 7.9795159369e-10, "dmean": 1.1598481251e-05, "max": 0.000859129300807, "var": 2.90783663814e-09, "mean": 2.43545873673e-05}, "spectral_entropy": {"dmean2": 0.233773604035, "median": 6.90863275528, "min": 5.04419994354, "dvar2": 0.054307103157, "dvar": 0.0240561515093, "dmean": 0.155027478933, "max": 9.82176113129, "var": 0.218294620514, "mean": 6.92822885513}, "silence_rate_20dB": {"dmean2": 0, "median": 1, "min": 1, "dvar2": 0, "dvar": 0, "dmean": 0, "max": 1, "var": 0, "mean": 1}, "melbands_flatness_db": {"dmean2": 0.0353679358959, "median": 0.257409632206, "min": 0.00275427801535, "dvar2": 0.00106075243093, "dvar": 0.000426674640039, "dmean": 0.0224428996444, "max": 0.412657648325, "var": 0.00235683610663, "mean": 0.254796504974}, "barkbands": {"dmean2": [3.48410111428e-07, 6.59063734929e-05, 0.000345323816873, 0.000810450525023, 0.00245466385968, 0.000421815755544, 0.00114777719136, 0.00100645783823, 0.000762054580264, 0.000564319081604, 0.00023142513237, 0.000751221959945, 0.000443980679847, 0.000367392116459, 0.000404196471209, 0.000294325058348, 0.00128111010417, 0.0001489288843, 2.60232918663e-05, 1.10877790576e-05, 9.47400167206e-06, 2.52913855547e-06, 1.61673347066e-06, 1.01492571503e-06, 4.74091137903e-07, 5.7090449701e-08, 9.16975495535e-10], "median": [1.0790895999e-07, 3.60369303962e-05, 0.000198479567189, 0.000327319459757, 0.00184557738248, 0.000413261732319, 0.00046161346836, 0.000243246206082, 0.000155267989612, 0.000195594984689, 6.84616752551e-05, 0.000287772301817, 9.92825807771e-05, 5.75673147978e-05, 0.000128539628349, 0.000147612081491, 0.00026391245774, 8.34106031107e-05, 1.97019689949e-05, 6.84334827383e-06, 3.66463200407e-06, 1.05327103483e-06, 5.21089020822e-07, 2.930958658e-07, 1.23315018641e-07, 4.72385730532e-09, 1.38706116037e-10], "min": [6.17798685899e-25, 1.68017926203e-24, 1.61567450