{"metadata": {"tags": {"bpm": ["137.11"], "musicip_puid": ["9287d49f-5e16-fea6-9603-53744351f5f6"], "musicbrainz_albumid": ["c97b791b-1573-428f-b63a-b41a078af06e"], "genre": ["Blues"], "musicbrainz_recordingid": ["16961506-03bb-4886-866d-742bef3deb34"], "title": ["Albert's Alley"], "tracknumber": ["08"], "artist": ["Albert Collins, Robert Cray & Johnny Copeland"], "album": ["Showdown!"], "musicbrainz album type": ["Album"], "musicbrainz album release country": ["United States"], "date": ["1985"], "acoustid_id": ["ddd05a6b-d0ad-4281-a789-18c5513fecde"], "file_name": "Albert Collins, Robert Cray & Johnny Copeland - Albert's Alley.mp3", "acoustid_fingerprint": ["AQABz4qSVEqsJAkaRYus4c0RNsrh63hYNKdxKiNxJpIFzXqIJqeQcyHG4xf6zEIoXcPzEnqPUNJiodGH_HnwKFcCPSKL5kFLCQ_xQ_0CP7iOUzE0aTCp49HhS0GfWfh46EE6-ViTRcMtG73hK4Sb9KhfTMxEBt7RHzH5QE-NZ6GIcEFz_DgtJcNzRD5UReJxIs8XNI9QvQj_QFLC5Mjxgy_CJ4ZOpkT-49qFH8019Dfm_8ilZYIeIT864Q9OG36OkHJwHXqWo1-MtBz28Giq4LmFP5sE68K3CP9xIsx1aGuUD_eD_BUu6ceURclyVD7uI3yYQEslPbhzhHmMiVmLZop71OLxqOiXSWjy48GnUmhyhGSG5BXx46JifMkjPMLVBD2RKd2hC12kC4--o1mHFw5F4jr8ox66TBArONdx-KzQ5sez41GMXkcTHdkZPJ3x53h31MemZTKeI1yQ_KhUHa582H1Q8gxu1Bo8MgjVjsQf3Dn6ZvgvuEp55IefBe1xcsFETR-cahdyB1rGlPiHkKfQNMd1nD76Gc1CFRGl4zlieD8eHB2foPmOU0GYkYf2REF4NMejLPiLG40eVOyHK8dFHtHG_LgyaFWtoInxQ5dINDvB_EX9IL0OVpqQ6_gPXTmcR8j7wPGFfg6eWBkachdKRhTe4keYqocm6wvyHKVk4VGOG3bRH8-RE9p1PC10hg3aoyQPPR9yG_5ydFOOq6FgHu8SEz985Dm0J0eq8GjjGNM9NMpzfEHjBqWOX0GDauEX5AstnJOMPgyaD3LCVbiO90T_ojnuF7UiNKPcQLdwNOeGULRxJrgkxN6LSzHa6ah_6KtRUTQaNR-uWzjOb3ge4VGUEM2lQ5N0dAwRrVt6OPYU9EQzOR_KKDlyMYFmI0wsIufxLQ8qQ6yRL8zw6Av-44SrFpE-HnUT-Dn6p_hT4bnwiIUrDrFzvDyuZbgYC39Q-fjxLAjzHTpT5Dsu6cF1YYpkBSH3Q2fioWeOlNwR_kStwxmzgz38I7yU40qPRzlOodllZJF1JFaGJ43xvSjPBM4TIrwExRXy6XiOO7Mwy8GlI5d0Q8wTHf9xRTq-JIqiBL-wH3424kEersF7vEthWTk-H1-iBs-PMJcxWVmGH98O_ULeGDtROTq8x-h7nKKHZ4l4BN0mNDduKREejHoQvokTmOrx5uiOSmQumEf1o-sHU4X3hIip5LhoiHmMPErQJKFxSRmaD30u1MvQjKSQQ1PQcMxxrbiC8kfD57gT5NNQTRt-9BceKqjtocmSnMgX6IyKTg7CqGEEHhev4VSeIMzWtNCsDNfQ_OC3wFtRN8dlYQ_h8cgTZcaVRngOX8ePLzkaCaFO6EH-JfhxJRnC69iVD72KKkn0wdFxNgMgDBAUAAGQsEIKYIABRAhggAECKYchQkJIKJAzAAgKFGDAECKwQAwRhxVAWCAEJnICEMCAEhQQAwQgSikiGFCQACSIIoAIiBRBSBkBlHAICGOEBQIgQ4QkQiBBpWGECEME4MgQYIEFxhgigECGCeKIMAAQ4igRTBABkJBAASIAIRAwBoQxTiCknCBOGUKIYwQAKAQyBAIJIECCEO-IEAQ5AgAgUBhhkDAEMAspAAIwoIRhyCygAHCIICAMQUQhSwFgUgGBlANAAEGIBcQQqgi0QiDCCVAAAMGRUMYQ4ogSxCAgiDCKCMKBEUYAIohCQjBiiBREMAAQA0ARhQAQgACCnDNECCIMIUAggIwRxAgKjBGCECKEQAQpZoQghFBBjFEIEEGNIQoZJYAADCDAIIBEEMCAcgIhI5BADCGAhAEAAMQJoIoJBgwwAhggmKMCKmoAFIQAIQwUzggBgYEM"]}, "audio_properties": {"sample_rate": 44100, "downmix": "mix", "lossless": false, "analysis_sample_rate": 44100, "md5_encoded": "44517b35791fc9e486e48c179d319d84", "equal_loudness": 0, "replay_gain": -5.91209411621, "codec": "mp3", "bit_rate": 192000, "length": 243.644088745}, "version": {"extractor": "music 1.0", "essentia_build_sha": "2d9f1f26377add8aeb1075a9c2973f962c4f09fd", "essentia_git_sha": "v2.1_beta2-1-ge3940c0", "essentia": "2.1-beta2"}}, "rhythm": {"beats_loudness_band_ratio": {"dvar2": [0.0344255231321, 0.0109577793628, 0.00207667471841, 0.00177393865306, 0.00447557074949, 0.0181724689901], "var": [0.025318428874, 0.00578689342365, 0.0009547417867, 0.000693206849974, 0.00209576496854, 0.00957335438579], "min": [0.00272655650042, 0.000342993647791, 0.000399602489779, 0.000354799180059, 0.000227591473958, 0.00117216655053], "dmean": [0.143688037992, 0.0705269500613, 0.025906175375, 0.0210221875459, 0.0341992303729, 0.0986797064543], "mean": [0.70046800375, 0.0997327119112, 0.03390308097, 0.0272515788674, 0.0471811145544, 0.1296415627], "max": [0.993922531605, 0.619324326515, 0.218838185072, 0.182731807232, 0.348502784967, 0.642679572105], "dmean2": [0.245817556977, 0.125906348228, 0.0459120124578, 0.0371613577008, 0.0611942894757, 0.177060365677], "median": [0.719708919525, 0.0855708196759, 0.0259492490441, 0.0191713850945, 0.0330299064517, 0.118148893118], "dvar": [0.0124899595976, 0.00383442477323, 0.000735592329875, 0.00063031091122, 0.00164475489873, 0.00613290071487]}, "bpm_histogram_first_peak_weight": {"dvar2": 0, "var": 0, "min": 0.529090881348, "dmean": 0, "mean": 0.529090881348, "max": 0.529090881348, "dmean2": 0, "median": 0.529090881348, "dvar": 0}, "bpm": 137.093338013, "beats_count": 551, "bpm_histogram_first_peak_spread": {"dvar2": 0, "var": 0, "min": 0.408536612988, "dmean": 0, "mean": 0.408536612988, "max": 0.408536612988, "dmean2": 0, "median": 0.408536612988, "dvar": 0}, "danceability": 1.58994090557, "bpm_histogram_first_peak_bpm": {"dvar2": 0, "var": 0, "min": 136, "dmean": 0, "mean": 136, "max": 136, "dmean2": 0, "median": 136, "dvar": 0}, "beats_position": [0.394739210606, 0.801088392735, 1.20743763447, 1.62539684772, 2.04335594177, 2.47292518616, 2.90249419212, 3.34367346764, 3.78485250473, 4.22603178024, 4.66721057892, 5.0967798233, 5.52634906769, 5.95591831207, 6.39709758759, 6.83827638626, 7.27945566177, 7.70902490616, 8.15020370483, 8.56816291809, 9.0093421936, 9.42730140686, 9.86848068237, 10.3096599579, 10.7508392334, 11.1804075241, 11.6099767685, 12.051156044, 12.4923353195, 12.933514595, 13.3746938705, 13.8042631149, 14.2570514679, 14.6866207123, 15.1161899567, 15.5573692322, 15.9985485077, 16.4513378143, 16.904127121, 17.3453063965, 17.786485672, 18.2160549164, 18.6456241608, 19.0751914978, 19.5047607422, 19.9343299866, 20.363899231, 20.7818584442, 21.2230377197, 21.6526069641, 22.0821762085, 22.5117454529, 22.9413146973, 23.3592739105, 23.800453186, 24.2300224304, 24.6712017059, 25.1123809814, 25.5419502258, 25.9599094391, 26.4010887146, 26.8422679901, 27.2834453583, 27.7130146027, 28.142583847, 28.5837631226, 29.0249423981, 29.4429016113, 29.8840808868, 30.3136501312, 30.7548294067, 31.1843986511, 31.6255779266, 32.0551452637, 32.4847145081, 32.9142837524, 33.3554649353, 33.7850341797, 34.2146034241, 34.6441726685, 35.0853500366, 35.514919281, 35.9444885254, 36.3740577698, 36.8152389526, 37.244808197, 37.6743774414, 38.1039466858, 38.545124054, 38.9746932983, 39.4042625427, 39.8222198486, 40.2634010315, 40.6813583374, 41.1225395203, 41.5404968262, 41.981678009, 42.4112472534, 42.8408164978, 43.281993866, 43.7231750488, 44.1527442932, 44.5823135376, 45.011882782, 45.4414520264, 45.8710212708, 46.3005905151, 46.7301597595, 47.1597251892, 47.5892944336, 48.018863678, 48.4600448608, 48.8896141052, 49.3075714111, 49.7371406555, 50.1783218384, 50.6194992065, 51.0490684509, 51.4786376953, 51.9082069397, 52.3377761841, 52.7557373047, 53.1736946106, 53.5916557312, 54.0328330994, 54.4624023438, 54.8919715881, 55.3099327087, 55.7395019531, 56.157459259, 56.5870285034, 57.0049858093, 57.4345550537, 57.8525161743, 58.2820854187, 58.7116546631, 59.1412239075, 59.5707931519, 60.0003623962, 60.4183197021, 60.8478889465, 61.2774581909, 61.6954193115, 62.1133766174, 62.5545578003, 62.9957351685, 63.4369163513, 63.8664855957, 64.2960510254, 64.7372360229, 65.1784133911, 65.6079788208, 66.049156189, 66.478729248, 66.9082946777, 67.3378677368, 67.7674331665, 68.1970062256, 68.6265716553, 69.0561447144, 69.4973220825, 69.9268951416, 70.3564605713, 70.7976379395, 71.2272109985, 71.6567764282, 72.0979614258, 72.515914917, 72.9570999146, 73.3866653442, 73.8162307739, 74.2574157715, 74.6985931396, 75.1397705078, 75.580947876, 76.0221328735, 76.4633102417, 76.8928756714, 77.3224487305, 77.7520141602, 78.1815872192, 78.6227645874, 79.0639419556, 79.5051269531, 79.9463043213, 80.3874816895, 80.8170471191, 81.2466201782, 81.6761856079, 82.105758667, 82.5353240967, 82.9648971558, 83.4060745239, 83.8472518921, 84.2884368896, 84.7412261963, 85.1940155029, 85.6468048096, 86.0995864868, 86.5407714844, 86.9819488525, 87.4231262207, 87.8643035889, 88.3054885864, 88.7466659546, 89.1762313843, 89.6174163818, 90.05859375, 90.4881591797, 90.9293441772, 91.3705215454, 91.8116989136, 92.2528762817, 92.6940536499, 93.1352386475, 93.5648040771, 93.9943771362, 94.4239425659, 94.853515625, 95.2830810547, 95.7126541138, 96.1538314819, 96.5950088501, 97.0245819092, 97.4657592773, 97.895324707, 98.3365097046, 98.7776870728, 99.2188644409, 99.6484298706, 100.101219177, 100.542404175, 100.983581543, 101.424758911, 101.865936279, 102.295509338, 102.725074768, 103.154647827, 103.584213257, 104.002174377, 104.443351746, 104.884536743, 105.33732605, 105.778503418, 106.231292725, 106.672470093, 107.113647461, 107.554824829, 107.996009827, 108.437187195, 108.889976501, 109.319541931, 109.760726929, 110.201904297, 110.643081665, 111.084259033, 111.525436401, 111.966621399, 112.407798767, 112.848976135, 113.290153503, 113.731338501, 114.172515869, 114.613693237, 115.054870605, 115.484443665, 115.914009094, 116.355194092, 116.79637146, 117.22593689, 117.678726196, 118.131515503, 118.572692871, 119.013877869, 119.466667175, 119.907844543, 120.349021912, 120.79019928, 121.231384277, 121.672561646, 122.113739014, 122.554916382, 122.99609375, 123.437278748, 123.878456116, 124.308021545, 124.737594604, 125.167160034, 125.596733093, 126.026298523, 126.467483521, 126.89704895, 127.349838257, 127.791015625, 128.243804932, 128.6849823, 129.126159668, 129.555740356, 129.996917725, 130.426483154, 130.867660522, 131.308837891, 131.750015259, 132.191192627, 132.620773315, 133.050338745, 133.491516113, 133.932693481, 134.37387085, 134.815048218, 135.256240845, 135.697418213, 136.126983643, 136.556549072, 136.99772644, 137.438903809, 137.880081177, 138.309661865, 138.750839233, 139.180404663, 139.621582031, 140.062759399, 140.503936768, 140.945129395, 141.386306763, 141.815872192, 142.268661499, 142.709838867, 143.151016235, 143.580581665, 144.010162354, 144.439727783, 144.869293213, 145.310470581, 145.751647949, 146.181228638, 146.610794067, 147.051971436, 147.493148804, 147.922714233, 148.352294922, 148.79347229, 149.234649658, 149.675827026, 150.117004395, 150.558181763, 150.999359131, 151.428924561, 151.870117188, 152.299682617, 152.740859985, 153.182037354, 153.623214722, 154.06439209, 154.505569458, 154.946762085, 155.387939453, 155.829116821, 156.270294189, 156.711471558, 157.152648926, 157.593826294, 158.023391724, 158.452972412, 158.89414978, 159.335327148, 159.776504517, 160.206069946, 160.647247314, 161.076828003, 161.518005371, 161.959182739, 162.400360107, 162.841537476, 163.282714844, 163.712280273, 164.141860962, 164.58303833, 165.024215698, 165.442169189, 165.883346558, 166.324539185, 166.754104614, 167.183670044, 167.613235474, 168.054412842, 168.507202148, 168.948379517, 169.389572144, 169.84236145, 170.295150757, 170.736328125, 171.177505493, 171.618682861, 172.059860229, 172.501037598, 172.942214966, 173.371795654, 173.812973022, 174.242538452, 174.68371582, 175.124893188, 175.566070557, 176.007247925, 176.448425293, 176.88961792, 177.330795288, 177.771972656, 178.213150024, 178.654327393, 179.095504761, 179.536682129, 179.977859497, 180.419036865, 180.860229492, 181.30140686, 181.742584229, 182.183761597, 182.624938965, 183.066116333, 183.495681763, 183.925262451, 184.366439819, 184.807617188, 185.248794556, 185.678359985, 186.107940674, 186.549118042, 186.99029541, 187.431472778, 187.861038208, 188.290603638, 188.720184326, 189.149749756, 189.590927124, 190.032104492, 190.47328186, 190.90284729, 191.355636597, 191.796829224, 192.238006592, 192.67918396, 193.120361328, 193.549926758, 193.991104126, 194.420669556, 194.873458862, 195.314651489, 195.767440796, 196.208618164, 196.649795532, 197.079360962, 197.532150269, 197.973327637, 198.414505005, 198.855682373, 199.296859741, 199.72644043, 200.156005859, 200.597183228, 201.038360596, 201.479537964, 201.920715332, 202.361907959, 202.803085327, 203.244262695, 203.685440063, 204.126617432, 204.5677948, 205.008972168, 205.450149536, 205.868118286, 206.309295654, 206.750473022, 207.191650391, 207.62121582, 208.062393188, 208.491973877, 208.933151245, 209.374328613, 209.815505981, 210.25668335, 210.709472656, 211.139038086, 211.580215454, 212.021408081, 212.462585449, 212.903762817, 213.344940186, 213.774505615, 214.215682983, 214.645263672, 215.08644104, 215.527618408, 215.968795776, 216.409973145, 216.851150513, 217.292327881, 217.733505249, 218.174682617, 218.615875244, 219.057052612, 219.49822998, 219.939407349, 220.392196655, 220.833374023, 221.28616333, 221.727340698, 222.168518066, 222.609695435, 223.050872803, 223.49206543, 223.933242798, 224.374420166, 224.815597534, 225.256774902, 225.697952271, 226.1275177, 226.557098389, 226.998275757, 227.47428894, 227.950286865, 228.403076172, 228.983581543, 229.575683594, 230.156188965, 230.748291016, 231.340408325, 231.920898438, 232.501403809, 233.081893921, 233.557907104, 234.033920288, 234.509933472, 234.974319458, 235.438720703, 235.903121948, 236.379135132, 236.843536377, 237.307937622, 237.772338867, 238.236724854, 238.701126099, 239.165527344, 239.699584961, 240.233642578, 240.767700195, 241.313369751, 241.859039307, 242.404708862, 242.950378418], "beats_loudness": {"dvar2": 0.000682473997585, "var": 0.000299868086586, "min": 4.24492782258e-06, "dmean": 0.0208927635103, "mean": 0.0380010083318, "max": 0.0949679091573, "dmean2": 0.039925146848, "median": 0.0375302582979, "dvar": 0.000215121370275}, "bpm_histogram_second_peak_weight": {"dvar2": 0, "var": 0, "min": 0.0472727268934, "dmean": 0, "mean": 0.0472727268934, "max": 0.0472727268934, "dmean2": 0, "median": 0.0472727268934, "dvar": 0}, "bpm_histogram_second_peak_spread": {"dvar2": 0, "var": 0, "min": 0.0714285746217, "dmean": 0, "mean": 0.0714285746217, "max": 0.0714285746217, "dmean2": 0, "median": 0.0714285746217, "dvar": 0}, "bpm_histogram_second_peak_bpm": {"dvar2": 0, "var": 0, "min": 144, "dmean": 0, "mean": 144, "max": 144, "dmean2": 0, "median": 144, "dvar": 0}, "onset_rate": 4.36266183853}, "lowlevel": {"spectral_energyband_high": {"dvar2": 3.51919425157e-06, "var": 3.97913436245e-06, "min": 7.15890650497e-21, "dmean": 0.000834126200061, "mean": 0.00178157049231, "max": 0.0207323729992, "dmean2": 0.00123101915233, "median": 0.00122571457177, "dvar": 1.56025248543e-06}, "spectral_energyband_middle_low": {"dvar2": 0.000132693705382, "var": 5.69732983422e-05, "min": 3.55413392238e-22, "dmean": 0.00342777185142, "mean": 0.00555860763416, "max": 0.0802296474576, "dmean2": 0.00543283624575, "median": 0.00353239709511, "dvar": 5.47207600903e-05}, "spectral_energy": {"dvar2": 0.00194372364786, "var": 0.000637272431049, "min": 9.93858475335e-21, "dmean": 0.0146940303966, "mean": 0.0235817842185, "max": 0.214720487595, "dmean2": 0.0249745305628, "median": 0.016758793965, "dvar": 0.000717657036148}, "spectral_spread": {"dvar2": 645058461696, "var": 1397193310210.0, "min": 1450990.5, "dmean": 445624.625, "mean": 4077920.75, "max": 39151848, "dmean2": 690562.5625, "median": 3771341.5, "dvar": 324556554240}, "spectral_energyband_low": {"dvar2": 0.00159806851298, "var": 0.000421494594775, "min": 3.35920828597e-23, "dmean": 0.0124044110999, "mean": 0.0133555782959, "max": 0.169463708997, "dmean2": 0.0219929013401, "median": 0.00716166943312, "dvar": 0.000572353892494}, "spectral_rolloff": {"dvar2": 2888425.75, "var": 2793542, "min": 21.533203125, "dmean": 782.31451416, "mean": 2191.52954102, "max": 18410.8886719, "dmean2": 1366.2923584, "median": 2217.91992188, "dvar": 1189028.625}, "barkbands": {"dvar2": [1.03355581871e-07, 0.000867348338943, 0.000155181754963, 4.19879215769e-05, 2.71394092124e-05, 1.38103246172e-06, 6.8403323894e-07, 1.80499739599e-07, 1.55128361712e-07, 2.34877752803e-08, 7.20988069247e-08, 2.6893776095e-08, 1.32696868604e-07, 5.39769871466e-07, 1.91928876347e-07, 3.83773084423e-07, 3.64647490869e-07, 1.60402578331e-07, 1.11686699711e-06, 4.11278915635e-06, 3.58611885076e-07, 9.88553239267e-08, 4.54102817571e-08, 7.4327153321e-09, 3.10601633302e-09, 2.60135440966e-10, 2.22433217678e-11], "var": [7.1132234325e-08, 0.000222011134611, 3.79292359867e-05, 1.62363703566e-05, 1.09961256385e-05, 1.11986719276e-06, 3.20759795613e-07, 2.4946464805e-07, 1.74561051836e-07, 3.09134513543e-08, 6.11443553566e-08, 2.95047186682e-08, 1.39092250606e-07, 7.2966611242e-07, 1.84260784408e-07, 5.45876901015e-07, 4.03119031489e-07, 1.71681165284e-07, 9.52479069838e-07, 3.84339591619e-06, 3.84443495705e-07, 9.32341492899e-08, 5.57924018096e-08, 1.08330855397e-08, 3.07499647967e-09, 1.40338685117e-10, 4.71656698073e-12], "min": [4.49138784692e-24, 1.52020801288e-23, 7.22165950014e-24, 2.2038203583e-23, 1.95940647963e-23, 5.3187185797e-23, 9.92630240362e-23, 2.33056111792e-23, 9.91395641491e-23, 9.74372654245e-23, 6.52331170633e-23, 1.09537842663e-22, 1.0759335733e-22, 8.79454764427e-23, 2.20223004627e-22, 1.34437814307e-22, 2.32674334668e-22, 2.26785923462e-22, 1.87190886793e-22, 3.01358901208e-22, 4.94207447925e-22, 3.75777161242e-22, 5.62099568976e-22, 6.42335230113e-22, 1.15839738153e-21, 1.72084324151e-21, 2.17863843515e-21], "dmean": [0.000149124622112, 0.00889172963798, 0.00383582781069, 0.00174851005431, 0.0015155429719, 0.000487207609694, 0.000246029172558, 0.000163359509315, 0.000116751769383, 5.02539405716e-05, 9.01803432498e-05, 5.85619018239e-05, 0.000109895183414, 0.000258059881162, 0.000143615165143, 0.000237865329836, 0.000213855790207, 0.000145455458551, 0.0003724283888, 0.000845943228342, 0.000251613149885, 8.25037714094e-05, 6.3253690314e-05, 3.24765533151e-05, 1.65066630871e-05, 3.26429790221e-06, 2.99260562997e-07], "mean": [0.000361328769941, 0.00810491107404, 0.00425566360354, 0.00184874900151, 0.00198658858426, 0.00082393916091, 0.000360804842785, 0.000285165820969, 0.000210717291338, 8.71121374075e-05, 0.000151356362039, 9.41234538914e-05, 0.000176165849552, 0.000479132140754, 0.000248346768785, 0.000437317154137, 0.000350713380612, 0.000244016278884, 0.000640106154606, 0.00161765504163, 0.000482242321596, 0.000145803234773, 0.000102875710581, 5.50974837097e-05, 2.68505864369e-05, 4.73019554192e-06, 2.69070426384e-07], "max": [0.00381749193184, 0.124230459332, 0.0647079497576, 0.0447055362165, 0.0403734184802, 0.0140081979334, 0.00799918733537, 0.00586010003462, 0.00941974855959, 0.00559988897294, 0.00452444283292, 0.00229993951507, 0.00524004595354, 0.00994718074799, 0.00603012507781, 0.00816976465285, 0.010149827227, 0.00651081139222, 0.0188948810101, 0.0240051131696, 0.0118689527735, 0.00975876860321, 0.00744332792237, 0.000924741034396, 0.00150547979865, 0.000571805168875, 0.000190646533156], "dmean2": [0.00022761564469, 0.0159878600389, 0.00686740316451, 0.00288278632797, 0.00244522537105, 0.000815921113826, 0.000415786460508, 0.000255804014159, 0.000184831922525, 7.75087100919e-05, 0.000142413016874, 9.10876551643e-05, 0.000176439600182, 0.000407793995691, 0.000225811818382, 0.00036963581806, 0.000332965602865, 0.000232119840803, 0.000600607658271, 0.00133009394631, 0.000394766859245, 0.000107474901597, 8.08037730167e-05, 4.10683824157e-05, 2.0754754587e-05, 4.27300756201e-06, 4.95515621424e-07], "median": [0.000272029108601, 0.00347649585456, 0.00252788420767, 0.000689487089403, 0.000904814922251, 0.000478640547954, 0.000169687482412, 0.000111777910206, 7.32121334295e-05, 3.71141832147e-05, 5.88988114032e-05, 3.36964076268e-05, 5.53270219825e-05, 0.000160495634191, 9.05585766304e-05, 0.000160648138262, 0.000132799235871, 0.000121613476949, 0.000351093010977, 0.00101595325395, 0.000303155509755, 4.82457471662e-05, 2.69440934062e-05, 1.75470559043e-05, 8.40667780722e-06, 1.22750088849e-06, 7.68377539373e-09], "dvar": [4.65494878199e-08, 0.000310011819238, 5.35580293217e-05, 1.72375639522e-05, 1.06505704025e-05, 5.20990454334e-07, 2.50690561643e-07, 7.91168446312e-08, 6.29947862762e-08, 1.07042286146e-08, 3.00989526636e-08, 1.19379794938e-08, 5.68858595784e-08, 2.34783712472e-07, 8.1303646482e-08, 1.68729101802e-07, 1.69027842389e-07, 6.86090899649e-08, 4.54987741705e-07, 1.70115333731e-06, 1.56746395419e-07, 4.7115992885e-08, 2.50322980122e-08, 4.68500838124e-09, 1.65276414776e-09, 1.10508026341e-10, 7.57429795967e-12]}, "melbands_skewness": {"dvar2": 6.44657468796, "var": 6.39937162399, "min": -1.22164320946, "dmean": 1.32650375366, "mean": 3.63464164734, "max": 38.6843986511, "dmean2": 2.15766048431, "median": 3.05993318558, "dvar": 2.46771550179}, "barkbands_skewness": {"dvar2": 3.59876942635, "var": 4.75900363922, "min": -2.89294290543, "dmean": 0.9118719697, "mean": 1.70982456207, "max": 33.4515647888, "dmean2": 1.47344446182, "median": 1.21138358116, "dvar": 1.33046162128}, "erbbands": {"dvar2": [0.302881121635, 60.9321670532, 288.095947266, 153.003662109, 947.662780762, 123.275611877, 118.490135193, 91.4561157227, 159.289810181, 109.5207901, 40.4773979187, 112.224433899, 31.8152103424, 28.732629776, 131.751922607, 36.441783905, 186.350646973, 1482.05493164, 305.172851563, 936.483032227, 667.089782715, 1047.85766602, 390.795928955, 1378.24975586, 5223.87402344, 8838.19726563, 2402.73046875, 118.425285339, 123.25528717, 121.964912415, 19.802312851, 5.25579404831, 1.99052810669, 0.709603667259, 0.0557443983853, 0.00805481057614, 0.000898285477888, 2.38023621932e-05, 1.47989294419e-06, 2.81375456268e-09], "var": [0.0977840796113, 14.381155014, 66.5733718872, 61.4217720032, 333.803588867, 74.5097122192, 86.2589874268, 69.8001403809, 72.8057327271, 127.327774048, 39.0092964172, 120.770584106, 40.4019317627, 37.0092582703, 118.238433838, 41.8878288269, 199.71321106, 1899.85461426, 333.113861084, 854.544006348, 941.50982666, 1140.86303711, 404.460601807, 1280.24475098, 4535.87939453, 7871.31103516, 2599.05004883, 119.118080139, 114.272262573, 125.329696655, 27.7044715881, 7.17364215851, 2.50027966499, 0.713480353355, 0.0610162056983, 0.00527532212436, 0.000371015659766, 9.89934687823e-06, 2.83520847688e-07, 1.02249397838e-09], "min": [4.69018576485e-22, 3.1788290427e-21, 6.96712257968e-21, 3.99722558684e-20, 7.32527175164e-20, 5.56641628942e-20, 1.95246910456e-19, 5.25129304627e-19, 1.22973612266e-18, 1.46772270574e-18, 4.81306464846e-19, 1.99473157151e-18, 3.86480619753e-18, 1.85540974773e-18, 3.28589081774e-18, 4.17134527047e-18, 5.14757307606e-18, 3.51932428853e-18, 7.29591001937e-18, 1.23646916605e-17, 1.10488987689e-17, 1.08132763714e-17, 1.18729203787e-17, 1.12114008818e-17, 1.03004425896e-17, 1.45908439656e-17, 1.72652297282e-17, 2.01406501581e-17, 1.34431399647e-17, 1.70239609959e-17, 1.4249320943e-17, 1.40219984758e-17, 1.06816984057e-17, 1.25416346926e-17, 8.32408311306e-18, 5.59653114379e-18, 3.85289810543e-18, 1.23527905995e-18, 3.32184386117e-19, 3.03630731757e-20], "dmean": [0.184565037489, 2.27695846558, 4.97689437866, 4.16581487656, 6.99380016327, 4.0357208252, 4.54520750046, 3.74381399155, 3.64918422699, 3.96684479713, 2.50323796272, 2.84080839157, 1.68291175365, 2.02154994011, 3.52594709396, 2.17732977867, 4.45566987991, 13.9767436981, 6.14468717575, 11.0934858322, 10.0390977859, 11.0963573456, 6.90812158585, 12.9246549606, 25.6565055847, 38.3831138611, 20.6616172791, 4.57050180435, 2.66339540482, 3.09744715691, 1.48388814926, 0.8454439044, 0.491060972214, 0.250990509987, 0.0697750374675, 0.0194630883634, 0.00515973055735, 0.000983582809567, 4.73295003758e-05, 1.70764742506e-05], "mean": [0.17557489872, 2.01391625404, 5.2340722084, 5.25025606155, 7.02009630203, 5.9762096405, 7.2833070755, 6.4266576767, 5.55470657349, 6.84886217117, 4.53095388412, 5.16416692734, 3.05279779434, 3.54057979584, 6.33190155029, 3.99551081657, 7.991959095, 25.6221675873, 12.4921159744, 19.7514286041, 20.3380451202, 19.1838169098, 12.9654312134, 23.7408924103, 46.1385231018, 73.6584320068, 41.6970100403, 9.77523803711, 4.95408821106, 5.1035861969, 2.4840426445, 1.43168365955, 0.81229031086, 0.415011137724, 0.112449146807, 0.0298548191786, 0.00721268681809, 0.00112721591722, 5.57419625693e-05, 3.0754988984e-05], "max": [2.6495244503, 31.8289451599, 83.4049377441, 90.2013244629, 196.496109009, 94.5207290649, 152.259735107, 99.0618286133, 115.528091431, 129.766937256, 81.1906738281, 271.787261963, 205.290267944, 123.704078674, 186.123092651, 100.978317261, 216.902755737, 583.010925293, 338.06640625, 485.854095459, 374.133911133, 495.871673584, 393.546569824, 748.938720703, 1194.20568848, 879.79083252, 695.540344238, 197.466827393, 364.646728516, 422.160247803, 95.3599853516, 27.2695102692, 22.7715091705, 22.1447963715, 5.78356790543, 3.07244968414, 1.10009586811, 0.167367890477, 0.0501522123814, 0.000957731332164], "dmean2": [0.320505410433, 4.14625453949, 9.03792190552, 6.91357469559, 11.5031137466, 6.5615477562, 7.4750123024, 6.29289197922, 6.15908193588, 6.36852025986, 3.96847963333, 4.48857927322, 2.63297319412, 3.10723972321, 5.62322282791, 3.402364254, 7.07513856888, 21.8527679443, 9.49821949005, 17.027463913, 15.6027879715, 17.2730560303, 10.9842405319, 20.4118671417, 41.2273826599, 60.6693191528, 32.0734863281, 6.84922361374, 3.44195604324, 4.11343431473, 1.873057127, 1.08374679089, 0.624236702919, 0.316530406475, 0.0862979963422, 0.0246841888875, 0.00695156957954, 0.00141461088788, 7.63825082686e-05, 2.83578192466e-05], "median": [0.0657671391964, 0.866931557655, 2.73150277138, 2.79122900963, 2.35938334465, 2.84738969803, 4.30114364624, 3.49803781509, 2.79160165787, 3.06027507782, 2.40369319916, 1.78356993198, 1.37296009064, 1.56418204308, 2.61926078796, 1.98197674751, 3.59494256973, 10.2828798294, 7.10092735291, 9.67516899109, 9.51327419281, 8.29389190674, 6.96572303772, 13.1183166504, 26.7815151215, 46.7382774353, 26.8255977631, 6.73405790329, 1.79989683628, 1.58871424198, 0.697152256966, 0.461917936802, 0.2566601336, 0.133929312229, 0.0317334830761, 0.00805013999343, 0.00184850930236, 0.000154543318786, 1.71543051692e-05, 2.21586997213e-05], "dvar": [0.113036118448, 21.4334602356, 99.5274124146, 60.6416473389, 384.057861328, 47.9434318542, 45.4544296265, 34.0762557983, 58.1452140808, 47.200340271, 16.8949737549, 45.5222129822, 13.8219347, 14.4182786942, 54.2955245972, 16.0218429565, 79.1719207764, 680.666931152, 132.950057983, 408.789855957, 298.681610107, 478.011444092, 163.824249268, 560.592773438, 2106.63549805, 3638.19067383, 1037.13012695, 49.9856758118, 58.5013122559, 61.0897331238, 11.8709802628, 3.11708116531, 1.1855840683, 0.37968236208, 0.031186003238, 0.00365144619718, 0.000353643932613, 9.31982594921e-06, 4.98129338666e-07, 1.03944397534e-09]}, "silence_rate_30dB": {"dvar2": 0.0250436142087, "var": 0.00483593344688, "min": 0, "dmean": 0.0087677501142, "mean": 0.995140075684, "max": 1, "dmean2": 0.0175371710211, "median": 1, "dvar": 0.0086904913187}, "melbands_spread": {"dvar2": 691.684448242, "var": 839.219482422, "min": 0.427614867687, "dmean": 14.8522377014, "mean": 36.2916946411, "max": 152.242385864, "dmean2": 23.9669494629, "median": 30.0083255768, "dvar": 285.515380859}, "melbands_crest": {"dvar2": 27.4364719391, "var": 27.2906360626, "min": 1.96492612362, "dmean": 3.65588116646, "mean": 15.6446943283, "max": 39.8842697144, "dmean2": 6.11347055435, "median": 15.1865367889, "dvar": 10.5210638046}, "zerocrossingrate": {"dvar2": 0.000258356623817, "var": 0.00118120352272, "min": 0, "dmean": 0.0122705502436, "mean": 0.0728385895491, "max": 0.51708984375, "dmean2": 0.0155525393784, "median": 0.07568359375, "dvar": 0.000149007886648}, "barkbands_kurtosis": {"dvar2": 1209.50439453, "var": 1627.07568359, "min": -1.93808138371, "dmean": 6.44443893433, "mean": 7.97855710983, "max": 1177.49316406, "dmean2": 11.0504274368, "median": 0.0225659348071, "dvar": 440.135894775}, "spectral_flux": {"dvar2": 0.00440544309095, "var": 0.00396247347817, "min": 9.96924487406e-11, "dmean": 0.0343852490187, "mean": 0.0898190736771, "max": 0.414540201426, "dmean2": 0.0549328140914, "median": 0.0749580040574, "dvar": 0.00216156058013}, "barkbands_crest": {"dvar2": 23.9539451599, "var": 16.1600933075, "min": 3.0611948967, "dmean": 3.02659654617, "mean": 9.86017417908, "max": 26.9070892334, "dmean2": 5.1843662262, "median": 8.97321128845, "dvar": 8.34297370911}, "barkbands_flatness_db": {"dvar2": 0.0022644198034, "var": 0.00236108037643, "min": 0.0473067872226, "dmean": 0.0273243486881, "mean": 0.148487359285, "max": 0.471446812153, "dmean2": 0.0449640154839, "median": 0.138206899166, "dvar": 0.000818202563096}, "spectral_entropy": {"dvar2": 0.049336604774, "var": 0.115456648171, "min": 5.77308797836, "dmean": 0.159571126103, "mean": 7.5024471283, "max": 9.79563045502, "dmean2": 0.238944843411, "median": 7.53803634644, "dvar": 0.0212193150073}, "pitch_salience": {"dvar2": 0.0179266165942, "var": 0.0139965564013, "min": 0.0104460874572, "dmean": 0.0895588546991, "mean": 0.521096169949, "max": 0.964680850506, "dmean2": 0.149074047804, "median": 0.52786898613, "dvar": 0.00642474135384}, "erbbands_spread": {"dvar2": 383.785125732, "var": 498.370025635, "min": 3.97747516632, "dmean": 11.4073534012, "mean": 47.3934860229, "max": 140.013687134, "dmean2": 18.1733818054, "median": 43.9565086365, "dvar": 153.769714355}, "dynamic_complexity": 2.4823820591, "spectral_contrast_valleys": {"dvar2": [0.458384782076, 0.313926577568, 0.261926293373, 0.280285507441, 0.30268907547, 0.160156533122], "var": [0.984131574631, 0.811484098434, 0.725039660931, 0.74570864439, 0.878901481628, 0.81257212162], "min": [-27.4564838409, -27.1608943939, -27.6524581909, -27.4021091461, -27.3710365295, -27.1330051422], "dmean": [0.499500513077, 0.419173568487, 0.380470395088, 0.354822605848, 0.337882310152, 0.28709679842], "mean": [-7.0741686821, -7.27939844131, -8.17535877228, -8.10321331024, -7.43115711212, -10.3474636078], "max": [-4.79023218155, -5.29786300659, -6.35178136826, -6.18178272247, -5.37105035782, -8.06684207916], "dmean2": [0.793554127216, 0.667279362679, 0.59683817625, 0.551003932953, 0.514701545238, 0.357701897621], "median": [-6.92350149155, -7.1727437973, -8.07675170898, -7.99982070923, -7.30222034454, -10.3979740143], "dvar": [0.200529977679, 0.142329394817, 0.12027683109, 0.121569760144, 0.13359721005, 0.0954961255193]}, "hfc": {"dvar2": 169.175033569, "var": 285.945617676, "min": 1.08064635464e-16, "dmean": 6.74302196503, "mean": 20.2828903198, "max": 154.501831055, "dmean2": 9.77508926392, "median": 17.7955226898, "dvar": 77.993057251}, "spectral_kurtosis": {"dvar2": 4.42284250259, "var": 2.75905156136, "min": -1.146073699, "dmean": 1.23952281475, "mean": 2.82557582855, "max": 19.0946331024, "dmean2": 2.15617227554, "median": 2.53311872482, "dvar": 1.49519002438}, "mfcc": {"mean": [-657.01361084, 97.9453582764, 1.85702729225, 60.708065033, 10.8750934601, 13.034122467, 9.81550693512, -7.2446641922, -1.10826539993, 12.4009170532, -4.54364871979, 1.51892447472, 3.5088903904], "cov": [[4837.58447266, -535.801269531, -518.778747559, 430.220947266, -190.276809692, 47.8573608398, 131.305465698, -115.31476593, 66.2628173828, 75.2933654785, -167.782806396, 50.0152244568, 51.6492195129], [-535.801269531, 694.769226074, 64.2142715454, -87.2333526611, 2.49408650398, -62.0511894226, 3.34524059296, -24.9117965698, -45.9260787964, -13.8416843414, 10.794719696, -30.2707309723, -16.940071106], [-518.778747559, 64.2142715454, 816.505371094, -122.268867493, 107.577072144, 63.1531448364, -106.486946106, 155.093841553, -41.0775337219, -45.6712417603, 100.811050415, -64.7850341797, -20.1918926239], [430.220947266, -87.2333526611, -122.268867493, 217.044525146, 30.785036087, 7.63903188705, 51.5748062134, -16.4602966309, 30.0539474487, 28.4327259064, -22.1134681702, 26.0992240906, 0.064605474472], [-190.276809692, 2.49408650398, 107.577072144, 30.785036087, 209.810592651, 59.5836524963, -3.42003893852, 55.9220123291, 10.7481193542, -2.45380878448, 33.8178024292, 8.40172767639, -2.84816288948], [47.8573608398, -62.0511894226, 63.1531448364, 7.63903188705, 59.5836524963, 125.973266602, 30.2442245483, 18.2151889801, 17.0889053345, 4.6843328476, 9.29923725128, -3.20755887032, 5.77555131912], [131.305465698, 3.34524059296, -106.486946106, 51.5748062134, -3.42003893852, 30.2442245483, 151.477737427, 3.50084686279, 20.865852356, 36.6056480408, -20.7361984253, 13.3278894424, 11.9897270203], [-115.31476593, -24.9117965698, 155.093841553, -16.4602966309, 55.9220123291, 18.2151889801, 3.50084686279, 132.935653687, 15.5704994202, -19.9971504211, 37.7934417725, -12.8177919388, -1.61195611954], [66.2628173828, -45.9260787964, -41.0775337219, 30.0539474487, 10.7481193542, 17.0889053345, 20.865852356, 15.5704994202, 87.9652709961, 30.9899845123, -22.6209449768, 15.9936561584, 9.34335136414], [75.2933654785, -13.8416843414, -45.6712417603, 28.4327259064, -2.45380878448, 4.6843328476, 36.6056480408, -19.9971504211, 30.9899845123, 83.9745330811, 7.3535490036, 2.10207128525, 6.23314905167], [-167.782806396, 10.794719696, 100.811050415, -22.1134681702, 33.8178024292, 9.29923725128, -20.7361984253, 37.7934417725, -22.6209449768, 7.3535490036, 100.45929718, 5.13705158234, -9.98582649231], [50.0152244568, -30.2707309723, -64.7850341797, 26.0992240906, 8.40172767639, -3.20755887032, 13.3278894424, -12.8177919388, 15.9936561584, 2.10207128525, 5.13705158234, 79.1714859009, 24.8912239075], [51.6492195129, -16.940071106, -20.1918926239, 0.064605474472, -2.84816288948, 5.77555131912, 11.9897270203, -1.61195611954, 9.34335136414, 6.23314905167, -9.98582649231, 24.8912239075, 79.3777694702]], "icov": [[0.000301153428154, 0.00012794250506, 6.59906581859e-05, -0.000557581603061, 0.000367328495486, -0.000276117876638, 0.000106608335045, -0.000133220091811, 0.0002335113968, -0.000183443087735, 0.000331636314513, -2.54858332482e-05, -0.000100315308373], [0.00012794250506, 0.00183003861457, -0.000231168058235, 0.000517208944075, -0.000506161828525, 0.00126611348242, -0.000989529537037, 0.00103344139643, 0.000106994790258, 0.000439099938376, -0.000217064516619, 0.000671618618071, 2.32557704294e-05], [6.59906581859e-05, -0.000231168058235, 0.00224993680604, 0.000338238925906, -0.000121785604279, -0.00133341923356, 0.00160115712788, -0.0023818842601, 0.00102771632373, -0.000536026724149, -0.000434998917626, 0.000766991171986, -9.18979785638e-05], [-0.000557581603061, 0.000517208944075, 0.000338238925906, 0.00723379151896, -0.00231220782734, 0.00132715562358, -0.001798412879, 0.000857122940943, -0.00103153381497, -0.000531880476046, 0.000199090587557, -0.000970937369857, 0.00115555338562], [0.000367328495486, -0.000506161828525, -0.000121785604279, -0.00231220782734, 0.00742440903559, -0.00378079875372, 0.00161255104467, -0.00292265391909, 0.000719731790014, -0.000910437083803, -8.49489952088e-05, -0.00167919264641, 0.00036508453195], [-0.000276117876638, 0.00126611348242, -0.00133341923356, 0.00132715562358, -0.00378079875372, 0.0122658163309, -0.00441423850134, 0.00345490849577, -0.00359343900345, 0.00277509284206, -0.00228118081577, 0.00245572021231, -0.00103359343484], [0.000106608335045, -0.000989529537037, 0.00160115712788, -0.001798412879, 0.00161255104467, -0.00441423850134, 0.0109747704118, -0.00501231476665, 0.00309258745983, -0.00585761945695, 0.00353804882616, -0.00224845623598, -6.11709992882e-06], [-0.000133220091811, 0.00103344139643, -0.0023818842601, 0.000857122940943, -0.00292265391909, 0.00345490849577, -0.00501231476665, 0.0158117190003, -0.00784579664469, 0.00786791648716, -0.00679018022493, 0.0043905749917, -0.00150275276974], [0.0002335113968, 0.000106994790258, 0.00102771632373, -0.00103153381497, 0.000719731790014, -0.00359343900345, 0.00309258745983, -0.00784579664469, 0.0200850404799, -0.0103718172759, 0.00847522169352, -0.00560629600659, 0.00106849579606], [-0.000183443087735, 0.000439099938376, -0.000536026724149, -0.000531880476046, -0.000910437083803, 0.00277509284206, -0.00585761945695, 0.00786791648716, -0.0103718172759, 0.0208778902888, -0.00840924307704, 0.00528201693669, -0.00224570813589], [0.000331636314513, -0.000217064516619, -0.000434998917626, 0.000199090587557, -8.49489952088e-05, -0.00228118081577, 0.00353804882616, -0.00679018022493, 0.00847522169352, -0.00840924307704, 0.0176568217576, -0.00603701919317, 0.00289477896877], [-2.54858332482e-05, 0.000671618618071, 0.000766991171986, -0.000970937369857, -0.00167919264641, 0.00245572021231, -0.00224845623598, 0.0043905749917, -0.00560629600659, 0.00528201693669, -0.00603701919317, 0.018407329917, -0.00574082974344], [-0.000100315308373, 2.32557704294e-05, -9.18979785638e-05, 0.00115555338562, 0.00036508453195, -0.00103359343484, -6.11709992882e-06, -0.00150275276974, 0.00106849579606, -0.00224570813589, 0.00289477896877, -0.00574082974344, 0.0149175617844]]}, "silence_rate_20dB": {"dvar2": 0, "var": 0, "min": 1, "dmean": 0, "mean": 1, "max": 1, "dmean2": 0, "median": 1, "dvar": 0}, "melbands_kurtosis": {"dvar2": 4382.82128906, "var": 2943.69799805, "min": -1.88662314415, "dmean": 18.6232414246, "mean": 26.2573127747, "max": 1735.43469238, "dmean2": 31.4148330688, "median": 9.75076293945, "dvar": 1642.86328125}, "barkbands_spread": {"dvar2": 248.508956909, "var": 362.003540039, "min": 0.371378481388, "dmean": 9.21082019806, "mean": 35.3986358643, "max": 81.9467086792, "dmean2": 14.8709716797, "median": 38.3333969116, "dvar": 96.3237991333}, "erbbands_skewness": {"dvar2": 0.455372959375, "var": 1.10136497021, "min": -5.90309667587, "dmean": 0.437029629946, "mean": -0.697829842567, "max": 4.40228891373, "dmean2": 0.679186820984, "median": -0.85868537426, "dvar": 0.182358473539}, "average_loudness": 0.932849347591, "spectral_centroid": {"dvar2": 386514.625, "var": 967576.9375, "min": 163.003799438, "dmean": 380.336883545, "mean": 2243.34228516, "max": 10580.3671875, "dmean2": 601.279602051, "median": 2514.54296875, "dvar": 159708.125}, "dissonance": {"dvar2": 0.000262832676526, "var": 0.000354296207661, "min": 0.335536360741, "dmean": 0.00982510391623, "mean": 0.479470700026, "max": 0.500000059605, "dmean2": 0.0162994321436, "median": 0.485084533691, "dvar": 0.000102947851701}, "erbbands_flatness_db": {"dvar2": 0.000569514581002, "var": 0.00153610727284, "min": 0.0213761106133, "dmean": 0.0170684177428, "mean": 0.161920055747, "max": 0.353233635426, "dmean2": 0.0252162013203, "median": 0.160155683756, "dvar": 0.00026738885208}, "spectral_strongpeak": {"dvar2": 7.1286611557, "var": 2.79990077019, "min": 0, "dmean": 0.628149628639, "mean": 0.693378269672, "max": 23.0655422211, "dmean2": 1.13405573368, "median": 0.27486038208, "dvar": 2.74927949905}, "spectral_rms": {"dvar2": 7.62091576689e-06, "var": 3.96282393922e-06, "min": 3.1138689717e-12, "dmean": 0.00123686587904, "mean": 0.00436391541734, "max": 0.0144735416397, "dmean2": 0.00200002943166, "median": 0.0040435185656, "dvar": 2.92952881864e-06}, "silence_rate_60dB": {"dvar2": 0.0516529791057, "var": 0.0299191325903, "min": 0, "dmean": 0.0207757558674, "mean": 0.0308747850358, "max": 1, "dmean2": 0.0415554717183, "median": 0, "dvar": 0.020345075056}, "melbands": {"dvar2": [4.50573861599e-05, 9.23374027479e-05, 8.08510776551e-06, 2.00216732082e-06, 1.44342209296e-07, 4.35990621384e-08, 3.38649712717e-08, 1.28241968156e-08, 3.21873394604e-09, 4.52647697102e-09, 7.75226438599e-10, 4.35846525537e-10, 1.44724510154e-09, 4.47775733159e-10, 2.28004962133e-10, 2.01254968246e-09, 7.44151318344e-09, 1.12994058554e-09, 1.7167648414e-09, 3.314978958e-09, 9.94770488205e-10, 1.09631281831e-09, 9.94142990152e-10, 3.84947740351e-10, 1.20749610311e-09, 2.73937428297e-09, 4.91738161301e-09, 5.75329828223e-09, 2.0994797012e-09, 2.28389529511e-10, 3.3332735877e-11, 3.92881525924e-11, 5.37900696207e-11, 4.92304738642e-11, 8.97260911403e-12, 3.78295658687e-12, 1.7578435452e-12, 1.31249297455e-12, 8.45114776771e-13, 4.42145289565e-13], "var": [1.25047818074e-05, 2.11569022213e-05, 3.24907819049e-06, 7.3877771456e-07, 1.23305383681e-07, 3.43670016889e-08, 1.58112030135e-08, 1.66022964265e-08, 3.2270639494e-09, 4.53168791381e-09, 9.87164905375e-10, 5.58619706048e-10, 1.14040277222e-09, 4.85603224298e-10, 2.92602192475e-10, 2.33895680601e-09, 9.59023616076e-09, 1.21232412997e-09, 1.53335844022e-09, 4.26071355974e-09, 1.24839616422e-09, 1.24867938212e-09, 1.01794250806e-09, 4.59122045937e-10, 1.03123698469e-09, 2.18370077576e-09, 4.00452737637e-09, 4.61198279567e-09, 1.93369675827e-09, 2.24488663769e-10, 2.70704968858e-11, 3.48129337857e-11, 4.35000750698e-11, 4.3159972124e-11, 1.05405935716e-11, 4.43161609839e-12, 2.07172777197e-12, 1.38115614865e-12, 8.5954751