{"tonal": {"thpcp": [1, 0.691013872623, 0.306472510099, 0.236526489258, 0.188730672002, 0.225444152951, 0.309053629637, 0.307297497988, 0.345189750195, 0.424386441708, 0.394648194313, 0.402760356665, 0.380764096975, 0.300076842308, 0.479218512774, 0.674048781395, 0.496302872896, 0.265789687634, 0.177391976118, 0.129561066628, 0.29440304637, 0.548921048641, 0.565807342529, 0.738836288452, 0.907022297382, 0.641074836254, 0.402853965759, 0.290260434151, 0.224358141422, 0.331074148417, 0.442867070436, 0.37767803669, 0.283974856138, 0.263401299715, 0.287945866585, 0.638853371143], "hpcp": {"dmean2": [0.208569020033, 0.215089693666, 0.185587763786, 0.173875853419, 0.216936796904, 0.335874974728, 0.361952036619, 0.314592957497, 0.189085692167, 0.141723364592, 0.116268962622, 0.128727734089, 0.159172311425, 0.1635966748, 0.18248680234, 0.194687902927, 0.176688119769, 0.187167346478, 0.179812386632, 0.170869648457, 0.231002286077, 0.245881929994, 0.219310224056, 0.145453453064, 0.104893051088, 0.0887820422649, 0.173038512468, 0.264781236649, 0.323933780193, 0.412486195564, 0.353563159704, 0.373768866062, 0.301610350609, 0.206256821752, 0.172640755773, 0.213792413473], "median": [0.121457114816, 0.0988493859768, 0.0832077711821, 0.0793397501111, 0.0831975787878, 0.271728754044, 0.444284170866, 0.29110071063, 0.0783585309982, 0.0482008755207, 0.0453090369701, 0.0638825297356, 0.0885696783662, 0.0912522450089, 0.115605585277, 0.142075926065, 0.114711873233, 0.13158993423, 0.116441585124, 0.0824756547809, 0.154509410262, 0.229711174965, 0.178374692798, 0.0975712165236, 0.0546333491802, 0.0351485349238, 0.0908328145742, 0.186553925276, 0.208797827363, 0.290360122919, 0.368811845779, 0.257019758224, 0.127144247293, 0.0842422172427, 0.0570845231414, 0.0809950232506], "min": [0, 0, 0, 0, 0, 0, 0, 0, 0, 0, 0, 0, 0, 0, 0, 0, 0, 0, 0, 0, 0, 0, 0, 0, 0, 0, 0, 0, 0, 0, 0, 0, 0, 0, 0, 0], "dvar2": [0.0726710557938, 0.0843236371875, 0.0626511722803, 0.0597779415548, 0.0794602707028, 0.102149687707, 0.104363240302, 0.0877577066422, 0.0597268752754, 0.045983210206, 0.0368587784469, 0.0411285497248, 0.0520182736218, 0.0513081401587, 0.052073687315, 0.0510212294757, 0.0520937591791, 0.0507065318525, 0.0499892756343, 0.053474124521, 0.072801195085, 0.0710644051433, 0.0569198913872, 0.034033279866, 0.0261806547642, 0.021782124415, 0.0512272901833, 0.0835423991084, 0.103656604886, 0.144068524241, 0.119842544198, 0.127428516746, 0.125355258584, 0.0798954665661, 0.0719061866403, 0.0944363176823], "dvar": [0.0270467381924, 0.0300646983087, 0.0228188317269, 0.0215478036553, 0.027749646455, 0.0350480377674, 0.0426553040743, 0.0313121788204, 0.0231636632234, 0.0188004653901, 0.0136790340766, 0.0149885164574, 0.0192982871085, 0.0191422663629, 0.0196410119534, 0.0197901427746, 0.0202454868704, 0.020317863673, 0.0198355969042, 0.0205140616745, 0.0269453078508, 0.0276990160346, 0.0211581811309, 0.0125325089321, 0.0101880403236, 0.00814598426223, 0.0180089902133, 0.0323705151677, 0.0371727310121, 0.0516641400754, 0.0481152310967, 0.0444642156363, 0.0426322221756, 0.0274098161608, 0.0248552504927, 0.0328388512135], "dmean": [0.122386693954, 0.124578259885, 0.106774434447, 0.100697368383, 0.123423621058, 0.194180130959, 0.215119466186, 0.184219285846, 0.111278161407, 0.0846645385027, 0.0681484863162, 0.0749297365546, 0.093539185822, 0.0959405526519, 0.108359247446, 0.115896232426, 0.106814272702, 0.112731784582, 0.107333384454, 0.100741818547, 0.135655671358, 0.146709501743, 0.129558667541, 0.0854279994965, 0.0622103139758, 0.0515814349055, 0.100260511041, 0.156189322472, 0.185751140118, 0.235851079226, 0.207666233182, 0.213261768222, 0.168289840221, 0.116583220661, 0.0967819914222, 0.121356830001], "max": [1, 1, 1, 1, 1, 1, 1, 1, 1, 1, 1, 1, 1, 1, 1, 1, 1, 1, 1, 1, 1, 1, 1, 1, 1, 1, 1, 1, 1, 1, 1, 1, 1, 1, 1, 1], "var": [0.0667054653168, 0.0525786653161, 0.0296274479479, 0.0259669255465, 0.0303985774517, 0.0556331649423, 0.105593547225, 0.0626442581415, 0.0407266356051, 0.0349461920559, 0.0193456597626, 0.0224270243198, 0.0379160530865, 0.0333703793585, 0.0314256735146, 0.046020489186, 0.0513617098331, 0.0422115586698, 0.0422304719687, 0.03450326249, 0.0584625042975, 0.0964521095157, 0.0474891103804, 0.0164127610624, 0.0130623625591, 0.00953097175807, 0.0275255553424, 0.0680150538683, 0.0592182837427, 0.0924002528191, 0.124688357115, 0.0698333978653, 0.0469516031444, 0.031813018024, 0.0259819272906, 0.0469545908272], "mean": [0.226879402995, 0.193483278155, 0.145479425788, 0.134939655662, 0.147513762116, 0.327282577753, 0.51229685545, 0.354004234076, 0.157004907727, 0.121171779931, 0.0966861322522, 0.115494333208, 0.158327206969, 0.157427534461, 0.176839619875, 0.217411845922, 0.202177032828, 0.206332862377, 0.195064246655, 0.153728425503, 0.245502144098, 0.345313072205, 0.25425440073, 0.13616321981, 0.0908773541451, 0.0663737282157, 0.150821760297, 0.281210511923, 0.289861321449, 0.378503501415, 0.464664667845, 0.328420609236, 0.206380814314, 0.148699507117, 0.114937968552, 0.16960825026]}, "tuning_equal_tempered_deviation": 0.0555627159774, "chords_changes_rate": 0.0413039438426, "key_key": "E", "tuning_diatonic_strength": 0.590715348721, "key_scale": "minor", "chords_number_rate": 0.00203741434962, "tuning_frequency": 439.745910645, "tuning_nontempered_energy_ratio": 0.711899697781, "chords_histogram": [53.1950378418, 19.0961284637, 5.3157992363, 1.90776073933, 2.01889228821, 3.46360445023, 0.351917028427, 3.48212623596, 0.333395063877, 1.25949251652, 0.277829229832, 3.09316539764, 0, 0, 0, 0, 3.27838492393, 0.537136495113, 1.64845347404, 0, 0, 0, 0.611224293709, 0.129653632641], "key_strength": 0.73393958807, "chords_key": "E", "chords_strength": {"dmean2": 0.00760835595429, "median": 0.561053872108, "min": 0.235880374908, "dvar2": 4.61840681965e-05, "dvar": 4.164132406e-05, "dmean": 0.00759603595361, "max": 0.784520566463, "var": 0.00773325329646, "mean": 0.561287999153}, "chords_scale": "minor", "hpcp_entropy": {"dmean2": 0.988786876202, "median": 2.5001308918, "min": 0, "dvar2": 0.630929172039, "dvar": 0.226486697793, "dmean": 0.577798426151, "max": 4.57758522034, "var": 0.44329687953, "mean": 2.47268176079}}, "metadata": {"audio_properties": {"equal_loudness": 0, "codec": "mp3", "downmix": "mix", "sample_rate": 44100, "analysis_sample_rate": 44100, "bit_rate": 220480, "md5_encoded": "30367c08ae2dcc55ddbf82b0e36dc9a6", "length": 250.644897461, "replay_gain": -12.2841300964, "lossless": false}, "version": {"essentia_build_sha": "2d9f1f26377add8aeb1075a9c2973f962c4f09fd", "essentia": "2.1-beta2", "extractor": "music 1.0", "essentia_git_sha": "v2.1_beta2-1-ge3940c0"}, "tags": {"title": ["Something's Coming"], "barcode": ["884388303126"], "media": ["CD"], "albumartist": ["Sol Invictus"], "isrc": ["AB 031"], "musicbrainz_recordingid": ["1696dcbf-f80d-4574-9bd4-4b77b1543cd4"], "musicbrainz_albumartistid": ["1dba1ce0-6197-4926-9737-6bc362dc0c00"], "originalyear": ["2011"], "discnumber": ["1/1"], "album": ["The Cruellest Month"], "catalognumber": ["AB 031"], "musicbrainz album release country": ["DE"], "musicbrainz album type": ["album"], "musicbrainz album status": ["official"], "file_name": "10 Something's Coming.mp3", "originaldate": ["2011"], "date": ["2011"], "genre": ["Neofolk"], "musicbrainz_releasegroupid": ["905a5209-7e99-40ad-b987-0436afcb8d78"], "musicbrainz_artistid": ["1dba1ce0-6197-4926-9737-6bc362dc0c00"], "asin": ["B004XONGS2"], "musicbrainz_albumid": ["1cc2d06a-bddc-4aad-8b91-4830dd017d77"], "artist": ["Sol Invictus"], "artistsort": ["Sol Invictus"], "tracknumber": ["10/13"], "label": ["Auerbach Tontr\u00e4ger"], "albumartistsort": ["Sol Invictus"], "acoustid_id": ["9f5f646b-fce1-4bda-9f29-ff97b5de8104"], "script": ["Latn"]}}, "rhythm": {"bpm_histogram_first_peak_bpm": {"dmean2": 0, "median": 178, "min": 178, "dvar2": 0, "dvar": 0, "dmean": 0, "max": 178, "var": 0, "mean": 178}, "bpm": 178.205795288, "bpm_histogram_second_peak_spread": {"dmean2": 0, "median": 0, "min": 0, "dvar2": 0, "dvar": 0, "dmean": 0, "max": 0, "var": 0, "mean": 0}, "bpm_histogram_first_peak_weight": {"dmean2": 0, "median": 0.356481492519, "min": 0.356481492519, "dvar2": 0, "dvar": 0, "dmean": 0, "max": 0.356481492519, "var": 0, "mean": 0.356481492519}, "onset_rate": 2.32187581062, "beats_position": [0.441179126501, 0.893968224525, 1.34675729275, 1.8111563921, 2.27555561066, 2.73995471001, 3.13469386101, 3.51782298088, 3.9125623703, 4.29569149017, 4.73687076569, 5.18965959549, 5.630838871, 6.09523820877, 6.5596370697, 7.02403593063, 7.4884352684, 7.95283412933, 8.40562343597, 8.87002277374, 9.34603118896, 9.81043052673, 10.2632198334, 10.7624483109, 11.261677742, 11.7609071732, 12.2601356506, 12.7593650818, 13.2585935593, 13.7113828659, 14.1641721725, 14.6285715103, 15.0813598633, 15.5225391388, 15.9753284454, 16.4165077209, 16.8692970276, 17.3220863342, 17.7632656097, 18.2044448853, 18.6456241608, 19.0868015289, 19.5860309601, 20.0852603912, 20.5844898224, 21.0837192535, 21.5829467773, 22.0821762085, 22.5930156708, 23.1038551331, 23.6030826569, 24.102312088, 24.6015415192, 25.1007709503, 25.6000003815, 26.0992279053, 26.6100673676, 27.1092967987, 27.6085262299, 28.1193637848, 28.6185932159, 29.106212616, 29.593832016, 30.081451416, 30.5806789398, 31.0682983398, 31.567527771, 32.0667572021, 32.5543746948, 33.053604126, 33.5528335571, 34.0520629883, 34.5512924194, 35.0389099121, 35.5381393433, 36.0373687744, 36.5249862671, 37.0126075745, 37.5002250671, 37.9994544983, 38.4986839294, 39.0095214844, 39.520362854, 40.0195922852, 40.5304298401, 41.041267395, 41.5521087646, 42.0513381958, 42.5389556885, 43.0265769958, 43.5258026123, 44.0250320435, 44.5242614746, 45.011882782, 45.5111083984, 46.0103378296, 46.5095672607, 47.0204086304, 47.5312461853, 48.0304756165, 48.5297050476, 49.0173225403, 49.5049438477, 50.0041732788, 50.5033988953, 51.0026283264, 51.5018577576, 52.0010871887, 52.3493881226, 52.6976852417, 53.0459861755, 53.3942832947, 53.73097229, 54.0792732239, 54.4275741577, 54.7758712769, 55.1357803345, 55.4956893921, 55.8555984497, 56.2155075073, 56.5754165649, 56.9237174988, 57.2836265564, 57.6319274902, 57.9918365479, 58.340133667, 58.6768226624, 59.0251235962, 59.3618125916, 59.6985015869, 60.0468025208, 60.3950996399, 60.7434005737, 61.0800895691, 61.4283905029, 61.7766876221, 62.1365966797, 62.4848976135, 62.8331947327, 63.1814956665, 63.5297966003, 63.889705658, 64.2496109009, 64.6095199585, 64.9694290161, 65.3177337646, 65.6544189453, 65.9911117554, 66.327796936, 66.6528778076, 66.9895706177, 67.3262557983, 67.6629486084, 67.9996337891, 68.3247146606, 68.6614074707, 68.9980926514, 69.3231735229, 69.659866333, 69.9849395752, 70.3216323853, 70.6583175659, 70.995010376, 71.3200912476, 71.6683883667, 72.0166854858, 72.3649902344, 72.7132873535, 73.0499725342, 73.3750534058, 73.7001342773, 74.0252151489, 74.3502960205, 74.6753692627, 75.0120620728, 75.3487548828, 75.673828125, 75.9989089966, 76.3356018066, 76.6722869873, 77.0089797974, 77.345664978, 77.6707458496, 77.9958267212, 78.3209075928, 78.6459884644, 78.9710617065, 79.3077545166, 79.6328353882, 79.9579086304, 80.2946014404, 80.6312942505, 80.9563674927, 81.2930603027, 81.6181411743, 81.9432220459, 82.2682952881, 82.6049880981, 82.9416732788, 83.2783660889, 83.6034469604, 83.9401321411, 84.2768249512, 84.6019058228, 84.9385910034, 85.263671875, 85.6003646851, 85.9370498657, 86.2621307373, 86.5872116089, 86.9238967896, 87.2489776611, 87.5856704712, 87.9455795288, 88.3054885864, 88.6421737671, 88.9788665771, 89.3039474487, 89.6290206909, 89.9541015625, 90.2791824341, 90.6042633057, 90.9409484863, 91.2776412964, 91.6143264771, 91.9510192871, 92.2761001587, 92.6011810303, 92.9378662109, 93.2629470825, 93.5880279541, 93.9247131348, 94.2497940063, 94.5748748779, 94.8999557495, 95.2366409302, 95.5733337402, 95.9100189209, 96.2350997925, 96.5717926025, 96.9084777832, 97.2335586548, 97.5702438354, 97.9069366455, 98.2436294556, 98.5803146362, 98.9170074463, 99.2420806885, 99.5787734985, 99.9038543701, 100.240539551, 100.565620422, 100.890701294, 101.215782166, 101.540863037, 101.865936279, 102.191017151, 102.527709961, 102.864395142, 103.201087952, 103.526168823, 103.862854004, 104.187934875, 104.524627686, 104.861312866, 105.198005676, 105.534690857, 105.859771729, 106.1848526, 106.521537781, 106.858230591, 107.183311462, 107.519996643, 107.856689453, 108.193374634, 108.530067444, 108.855148315, 109.180221558, 109.505302429, 109.841995239, 110.167076111, 110.503761292, 110.840454102, 111.177139282, 111.513832092, 111.850517273, 112.187210083, 112.523895264, 112.860588074, 113.197273254, 113.533966064, 113.870658875, 114.207344055, 114.544036865, 114.880722046, 115.217414856, 115.542495728, 115.86756897, 116.192649841, 116.517730713, 116.842811584, 117.167892456, 117.492965698, 117.81804657, 118.15473938, 118.491424561, 118.828117371, 119.164802551, 119.501495361, 119.838180542, 120.163261414, 120.488342285, 120.825035095, 121.161720276, 121.498413086, 121.835098267, 122.160179138, 122.48526001, 122.810340881, 123.147026062, 123.472106934, 123.808792114, 124.145484924, 124.482177734, 124.818862915, 125.155555725, 125.492240906, 125.828933716, 126.165618896, 126.502311707, 126.838996887, 127.175689697, 127.512374878, 127.849067688, 128.17414856, 128.51083374, 128.847518921, 129.172607422, 129.497680664, 129.822769165, 130.159454346, 130.496139526, 130.832824707, 131.169525146, 131.506210327, 131.842895508, 132.179595947, 132.504669189, 132.84135437, 133.166442871, 133.491516113, 133.816589355, 134.153289795, 134.489974976, 134.826660156, 135.163360596, 135.500045776, 135.836730957, 136.173416138, 136.510116577, 136.835189819, 137.160263062, 137.485351563, 137.810424805, 138.135513306, 138.460586548, 138.78565979, 139.122360229, 139.45904541, 139.795730591, 140.13243103, 140.469116211, 140.805801392, 141.130874634, 141.455963135, 141.781036377, 142.117736816, 142.442810059, 142.779495239, 143.10458374, 143.429656982, 143.766342163, 144.103042603, 144.439727783, 144.776412964, 145.113098145, 145.449798584, 145.798095703, 146.134780884, 146.471466064, 146.808166504, 147.144851685, 147.481536865, 147.818222046, 148.154922485, 148.479995728, 148.816680908, 149.141769409, 149.466842651, 149.791931152, 150.117004395, 150.442077637, 150.778778076, 151.115463257, 151.440536499, 151.777236938, 152.102310181, 152.427383423, 152.764083862, 153.089157104, 153.414230347, 153.750930786, 154.087615967, 154.424301147, 154.761001587, 155.097686768, 155.42276001, 155.759460449, 156.09614563, 156.421218872, 156.757904053, 157.094604492, 157.419677734, 157.744766235, 158.069839478, 158.406524658, 158.743209839, 159.079910278, 159.404983521, 159.741668701, 160.078369141, 160.415054321, 160.751739502, 161.076828003, 161.413513184, 161.738586426, 162.075286865, 162.411972046, 162.748657227, 163.073745728, 163.410430908, 163.747116089, 164.072189331, 164.397277832, 164.722351074, 165.047439575, 165.372512817, 165.709197998, 166.034286499, 166.359359741, 166.696044922, 167.032745361, 167.369430542, 167.694503784, 168.019592285, 168.356277466, 168.692962646, 169.029663086, 169.366348267, 169.691421509, 170.01651001, 170.35319519, 170.689880371, 171.026565552, 171.363265991, 171.688339233, 172.013427734, 172.338500977, 172.663574219, 172.98866272, 173.3253479, 173.662033081, 173.987121582, 174.312194824, 174.648880005, 174.985580444, 175.310653687, 175.658950806, 176.007247925, 176.355545044, 176.703857422, 177.040542603, 177.377227783, 177.713912964, 178.050613403, 178.387298584, 178.723983765, 179.049072266, 179.385757446, 179.722442627, 180.059127808, 180.395828247, 180.720901489, 181.04598999, 181.382675171, 181.719360352, 182.056045532, 182.392745972, 182.729431152, 183.054504395, 183.379592896, 183.716278076, 184.052963257, 184.389663696, 184.714736938, 185.039810181, 185.364898682, 185.689971924, 186.026657104, 186.351745605, 186.688430786, 187.013504028, 187.338592529, 187.67527771, 188.000366211, 188.337051392, 188.673736572, 189.010421753, 189.335510254, 189.660583496, 189.985671997, 190.322357178, 190.64743042, 190.984130859, 191.32081604, 191.657501221, 191.994186401, 192.330886841, 192.655960083, 192.981033325, 193.306121826, 193.642807007, 193.979492188, 194.304580688, 194.641265869, 194.97795105, 195.314651489, 195.65133667, 195.999633789, 196.382766724, 196.765899658, 197.149017334, 197.532150269, 197.903671265, 198.275192261, 198.646713257, 199.018234253, 199.38973999, 199.761260986, 200.144393921, 200.620407104, 201.096420288, 201.560806274, 202.02520752, 202.536056519, 203.03527832, 203.546112061, 204.05696106, 204.5677948, 205.07862854, 205.577865601, 206.077087402, 206.576324463, 207.075546265, 207.563171387, 208.062393188, 208.561630249, 209.049255371, 209.536865234, 210.036102295, 210.535324097, 211.046157837, 211.557006836, 212.056228638, 212.555465698, 213.066299438, 213.577133179, 214.087982178, 214.598815918, 215.098052979, 215.59727478, 216.108108521, 216.61895752, 217.118179321, 217.617416382, 218.116638184, 218.615875244, 219.115097046, 219.614334106, 220.113555908, 220.61277771, 221.112014771, 221.611236572, 222.110473633, 222.609695435, 223.108932495, 223.608154297, 224.107391357, 224.606613159, 225.10585022, 225.605072021, 226.115921021, 226.626754761, 227.137588501, 227.6484375, 228.15927124, 228.67010498, 229.169342041, 229.680175781, 230.191009521, 230.690246582, 231.189468384, 231.688705444, 232.176315308, 232.675552368, 233.16317749, 233.662399292, 234.150024414, 234.637634277, 235.136871338, 235.63609314, 236.1353302, 236.634552002, 237.145385742, 237.656234741, 238.155456543, 238.654693604, 239.165527344, 239.734420776, 240.314910889, 240.825759888, 241.336593628, 241.847427368, 242.358276367, 242.869110107, 243.379943848, 243.902404785, 244.424850464, 244.935684204, 245.434921265, 245.934143066, 246.433380127, 246.944213867, 247.443435669, 247.942672729, 248.45350647, 248.964355469, 249.475189209, 249.986022949], "beats_loudness": {"dmean2": 0.0165445636958, "median": 0.0207613296807, "min": 0.000110871558718, "dvar2": 0.00018651742721, "dvar": 6.14238451817e-05, "dmean": 0.0093315159902, "max": 0.0726932734251, "var": 0.000132830493385, "mean": 0.0222357213497}, "danceability": 0.920071780682, "bpm_histogram_second_peak_weight": {"dmean2": 0, "median": 0.239197537303, "min": 0.239197537303, "dvar2": 0, "dvar": 0, "dmean": 0, "max": 0.239197537303, "var": 0, "mean": 0.239197537303}, "beats_count": 649, "bpm_histogram_second_peak_bpm": {"dmean2": 0, "median": 185, "min": 185, "dvar2": 0, "dvar": 0, "dmean": 0, "max": 185, "var": 0, "mean": 185}, "bpm_histogram_first_peak_spread": {"dmean2": 0, "median": 0, "min": 0, "dvar2": 0, "dvar": 0, "dmean": 0, "max": 0, "var": 0, "mean": 0}, "beats_loudness_band_ratio": {"dmean2": [0.207646146417, 0.207226574421, 0.128856614232, 0.137088611722, 0.117550112307, 0.154776141047], "median": [0.176707968116, 0.243356704712, 0.128117278218, 0.126854583621, 0.155168130994, 0.129722237587], "min": [0.00699508329853, 0.0154575863853, 0.0218849852681, 0.0227588154376, 0.00990825332701, 0.000800044508651], "dvar2": [0.0302575267851, 0.0280018020421, 0.0122603503987, 0.017307030037, 0.0105954185128, 0.0380793437362], "dvar": [0.0105122877285, 0.00943243969232, 0.00435121404007, 0.00587679352611, 0.00361856329255, 0.0123738665134], "dmean": [0.117358736694, 0.121003717184, 0.0759437903762, 0.0809689983726, 0.0693392008543, 0.0879165679216], "max": [0.812056958675, 0.635956704617, 0.713044822216, 0.532844483852, 0.736684083939, 0.846140742302], "var": [0.019738221541, 0.0165126714855, 0.00793038774282, 0.00854449532926, 0.00699481926858, 0.0145881902426], "mean": [0.205953210592, 0.257378011942, 0.144987881184, 0.151783689857, 0.16965764761, 0.161492064595]}}, "lowlevel": {"barkbands_spread": {"dmean2": 7.17245674133, "median": 34.9369049072, "min": 3.19509291649, "dvar2": 41.1516647339, "dvar": 18.5116596222, "dmean": 4.58890151978, "max": 98.8051528931, "var": 116.344398499, "mean": 36.3426971436}, "melbands_spread": {"dmean2": 13.8633775711, "median": 44.0933990479, "min": 6.51314353943, "dvar2": 158.511123657, "dvar": 72.0776748657, "dmean": 8.72397422791, "max": 244.431182861, "var": 432.948577881, "mean": 47.5372314453}, "hfc": {"dmean2": 7.69706249237, "median": 24.8840427399, "min": 1.12631413599e-16, "dvar2": 110.644416809, "dvar": 68.1523208618, "dmean": 5.45910978317, "max": 483.360351563, "var": 715.015869141, "mean": 30.4794940948}, "barkbands_kurtosis": {"dmean2": 0.861037552357, "median": -0.794717788696, "min": -1.86139595509, "dvar2": 1.28771197796, "dvar": 0.521878957748, "dmean": 0.528413891792, "max": 14.0015068054, "var": 1.22140049934, "mean": -0.484662294388}, "gfcc": {"mean": [40.6251716614, 40.6015090942, -124.85319519, 22.1677684784, -58.5682525635, -3.50137233734, -49.3229370117, 0.652014255524, -34.9188842773, -3.30272531509, -14.5655107498, 0.547145068645, -21.5884361267], "icov": [[0.000492742983624, 0.000234735955019, -0.000326611829223, -0.000173227716004, -0.000469715334475, -8.77059865161e-05, 0.000233529004618, -0.00031046778895, -4.5033171773e-05, 0.000368046457879, 8.91174568096e-05, 5.26011099282e-05, 0.000554998812731], [0.000234735955019, 0.00162161327899, 0.000754536828026, -0.00053333240794, -0.00111875403672, 5.23198395967e-05, -0.000227016382269, -0.000769349338952, 0.000288851006189, 0.000583472196013, -0.000608530768659, 0.00103148072958, -0.000242548048845], [-0.000326611829223, 0.000754536828026, 0.00412518763915, -0.000561027147342, -0.000915390206501, -0.00127015972976, -0.00115072750486, 0.00107534846757, -0.000123775054817, -0.00175649195444, 0.000988844083622, -0.000192510939087, 0.000423253135523], [-0.000173227716004, -0.00053333240794, -0.000561027147342, 0.00850678887218, -0.000507932330947, -0.00140934495721, -0.000265832961304, -0.00147324439604, -0.000761831644922, -0.000100564364402, -0.00113482400775, 0.00139904837124, -0.0025737171527], [-0.000469715334475, -0.00111875403672, -0.000915390206501, -0.000507932330947, 0.00893883220851, -0.00157855136786, -0.00163945159875, 0.00130600261036, -0.00304636568762, -0.00238882331178, 0.00171590980608, -0.00190239155199, -0.000746526697185], [-8.77059865161e-05, 5.23198395967e-05, -0.00127015972976, -0.00140934495721, -0.00157855136786, 0.0120622841641, -0.000630396534689, -0.00527366343886, 0.00393953593448, -0.00110365101136, 0.000346154236468, -0.00074574071914, -0.00099569442682], [0.000233529004618, -0.000227016382269, -0.00115072750486, -0.000265832961304, -0.00163945159875, -0.000630396534689, 0.00781220849603, 7.79839465395e-05, -0.00493941782042, 0.00439010979608, -0.00167171412613, 0.000273542333161, -0.00204565981403], [-0.00031046778895, -0.000769349338952, 0.00107534846757, -0.00147324439604, 0.00130600261036, -0.00527366343886, 7.79839465395e-05, 0.0155690992251, -0.00506811961532, -0.00245026405901, 0.00300557725132, -0.00466427393258, 0.00339278904721], [-4.5033171773e-05, 0.000288851006189, -0.000123775054817, -0.000761831644922, -0.00304636568762, 0.00393953593448, -0.00493941782042, -0.00506811961532, 0.0182000100613, -0.00787088088691, -0.00183913484216, 0.006835966371, -0.00566514022648], [0.000368046457879, 0.000583472196013, -0.00175649195444, -0.000100564364402, -0.00238882331178, -0.00110365101136, 0.00439010979608, -0.00245026405901, -0.00787088088691, 0.0227009672672, -0.0061038499698, -0.000178735819645, 0.00177313096356], [8.91174568096e-05, -0.000608530768659, 0.000988844083622, -0.00113482400775, 0.00171590980608, 0.000346154236468, -0.00167171412613, 0.00300557725132, -0.00183913484216, -0.0061038499698, 0.0211394298822, -0.0131923137233, 0.00417458591983], [5.26011099282e-05, 0.00103148072958, -0.000192510939087, 0.00139904837124, -0.00190239155199, -0.00074574071914, 0.000273542333161, -0.00466427393258, 0.006835966371, -0.000178735819645, -0.0131923137233, 0.0292782131582, -0.0107517139986], [0.000554998812731, -0.000242548048845, 0.000423253135523, -0.0025737171527, -0.000746526697185, -0.00099569442682, -0.00204565981403, 0.00339278904721, -0.00566514022648, 0.00177313096356, 0.00417458591983, -0.0107517139986, 0.023561168462]], "cov": [[2841.09228516, -468.973052979, 400.995269775, 74.2041015625, 162.015441895, 112.087722778, -21.0291862488, 72.4750366211, 33.7612762451, 33.9150810242, -54.5039024353, -21.5121154785, -67.8355560303], [-468.973052979, 908.721252441, -164.075119019, 78.1660232544, 104.195289612, 6.85267353058, 98.7023162842, 48.6256561279, 58.8822822571, -8.49619483948, 19.3251571655, -11.4463710785, 43.1961479187], [400.995269775, -164.075119019, 396.640991211, 54.8511695862, 105.735481262, 62.4804000854, 85.7299118042, 16.937084198, 63.3191757202, 46.2520103455, -10.3308458328, 0.92105782032, 12.7213973999], [74.2041015625, 78.1660232544, 54.8511695862, 162.368255615, 68.2111129761, 40.4546661377, 63.6487197876, 38.6575393677, 55.7005386353, 21.9004669189, 8.372838974, 3.15011644363, 31.3368797302], [162.015441895, 104.195289612, 105.735481262, 68.2111129761, 221.643127441, 45.4281654358, 115.956680298, 35.5160369873, 99.5649719238, 42.6220321655, 3.89504337311, 7.05139255524, 39.9636917114], [112.087722778, 6.85267353058, 62.4804000854, 40.4546661377, 45.4281654358, 123.193237305, 24.3360328674, 46.896938324, 7.96054601669, 16.3658943176, 0.331334203482, 13.2038402557, 9.38131904602], [-21.0291862488, 98.7023162842, 85.7299118042, 63.6487197876, 115.956680298, 24.3360328674, 256.49822998, 27.2001419067, 114.81893158, 10.4946918488, 13.4410810471, 4.16726922989, 56.317691803], [72.4750366211, 48.6256561279, 16.937084198, 38.6575393677, 35.5160369873, 46.896938324, 27.2001419067, 102.357398987, 42.4515762329, 25.79063797, 2.11769342422, 9.20750141144, 5.53406953812], [33.7612762451, 58.8822822571, 63.3191757202, 55.7005386353, 99.5649719238, 7.96054601669, 114.81893158, 42.4515762329, 152.305465698, 48.9925613403, 11.1831493378, -7.72322130203, 39.5330924988], [33.9150810242, -8.49619483948, 46.2520103455, 21.9004669189, 42.6220321655, 16.3658943176, 10.4946918488, 25.79063797, 48.9925613403, 75.9331512451, 21.9139671326, 7.64250612259, 5.58480930328], [-54.5039024353, 19.3251571655, -10.3308458328, 8.372838974, 3.89504337311, 0.331334203482, 13.4410810471, 2.11769342422, 11.1831493378, 21.9139671326, 76.6044387817, 33.8469429016, 6.49484014511], [-21.5121154785, -11.4463710785, 0.92105782032, 3.15011644363, 7.05139255524, 13.2038402557, 4.16726922989, 9.20750141144, -7.72322130203, 7.64250612259, 33.8469429016, 61.1183662415, 19.9949016571], [-67.8355560303, 43.1961479187, 12.7213973999, 31.3368797302, 39.9636917114, 9.38131904602, 56.317691803, 5.53406953812, 39.5330924988, 5.58480930328, 6.49484014511, 19.9949016571, 70.4941101074]]}, "spectral_energyband_middle_low": {"dmean2": 0.0046664616093, "median": 0.00724775949493, "min": 5.12767464381e-22, "dvar2": 2.76276277873e-05, "dvar": 1.07354007923e-05, "dmean": 0.00286749610677, "max": 0.054705131799, "var": 3.28896057908e-05, "mean": 0.00834952108562}, "melbands_crest": {"dmean2": 4.8636136055, "median": 9.55840969086, "min": 2.80535769463, "dvar2": 18.274679184, "dvar": 6.54969882965, "dmean": 2.88597631454, "max": 32.5914497375, "var": 13.7166090012, "mean": 10.182513237}, "spectral_kurtosis": {"dmean2": 1.15157711506, "median": 4.00232887268, "min": -1.20457184315, "dvar2": 2.3497440815, "dvar": 0.768285751343, "dmean": 0.695597469807, "max": 27.7987041473, "var": 2.40785694122, "mean": 3.99722552299}, "spectral_rms": {"dmean2": 0.000640019716229, "median": 0.00411610864103, "min": 3.20619268981e-12, "dvar2": 3.39657532322e-07, "dvar": 1.46656944366e-07, "dmean": 0.000411553482991, "max": 0.00935668870807, "var": 1.63958509347e-06, "mean": 0.00409188168123}, "zerocrossingrate": {"dmean2": 0.0126292221248, "median": 0.1005859375, "min": 0.01708984375, "dvar2": 0.000166888770764, "dvar": 0.00015618915495, "dmean": 0.0106960963458, "max": 0.5244140625, "var": 0.00195930316113, "mean": 0.109903626144}, "silence_rate_60dB": {"dmean2": 0.015564202331, "median": 0, "min": 0, "dvar2": 0.017732553184, "dvar": 0.00772129232064, "dmean": 0.00778138032183, "max": 1, "var": 0.052728228271, "mean": 0.0558540187776}, "erbbands_kurtosis": {"dmean2": 0.735984921455, "median": -0.312715291977, "min": -1.59516084194, "dvar2": 0.543918728828, "dvar": 0.216935351491, "dmean": 0.451036393642, "max": 11.970290184, "var": 0.801872968674, "mean": -0.118914119899}, "erbbands": {"dmean2": [0.0186162292957, 0.132590383291, 0.702436983585, 1.9580231905, 9.78890228271, 11.484869957, 4.13942861557, 14.5475101471, 14.772277832, 14.5980930328, 13.10795784, 9.40447235107, 14.4487190247, 8.54173851013, 18.3209819794, 31.3868274689, 32.1634635925, 19.5412940979, 12.7541265488, 25.8336048126, 20.1038246155, 31.0340747833, 27.1627559662, 31.7284564972, 22.0680160522, 12.3427553177, 8.72654438019, 7.30536413193, 5.23462200165, 3.87859106064, 4.10075712204, 3.61076760292, 2.19770359993, 1.2729126215, 0.953815102577, 0.391967475414, 0.114121049643, 0.0325744561851, 0.00643024640158, 0.000209328049095], "median": [0.00317798973992, 0.0342440381646, 0.297086983919, 1.31728434563, 5.22907543182, 7.72073459625, 4.11786365509, 9.69327163696, 10.429810524, 11.8916664124, 7.62910985947, 6.64970874786, 7.47813129425, 6.22783565521, 11.2541770935, 23.8086242676, 25.7890853882, 17.6618690491, 12.6785888672, 21.4805259705, 23.0308227539, 33.9509735107, 35.1810035706, 44.9290046692, 28.6188526154, 12.5045862198, 8.4481048584, 7.07779502869, 5.95683431625, 3.53190636635, 3.34134221077, 2.81304359436, 1.70457434654, 0.936791300774, 0.592203080654, 0.23724591732, 0.0626887753606, 0.0172701999545, 0.00221777497791, 7.8849028796e-05], "min": [3.41522018703e-22, 8.67195393906e-21, 1.58716168607e-20, 5.08140572271e-20, 1.294885333e-19, 2.80195360835e-19, 7.31828711609e-19, 2.32760766157e-18, 5.05780102533e-19, 6.72072667171e-19, 9.28987003816e-19, 2.50176764441e-18, 2.22475106112e-18, 1.34602934158e-18, 2.49329421301e-18, 3.5370573865e-18, 4.65423221897e-18, 7.64381060448e-18, 5.02575005134e-18, 1.01552740464e-17, 1.85479817175e-17, 1.28305647446e-17, 9.38823773622e-18, 8.8417286045e-18, 1.79034756714e-17, 1.42507321132e-17, 1.82824004926e-17, 1.91852218091e-17, 1.88509548148e-17, 2.67899233142e-17, 1.63470774462e-17, 9.66179546378e-18, 1.16410202939e-17, 1.29172458282e-17, 9.69940984778e-18, 4.61533115554e-18, 2.72909155919e-18, 1.51540511856e-18, 3.07909607819e-19, 3.42654043442e-20], "dvar2": [0.00380097189918, 0.0986158698797, 1.98222386837, 7.20324516296, 173.69934082, 215.171340942, 24.0211410522, 447.52243042, 442.615539551, 401.941436768, 630.325622559, 295.689819336, 1035.98425293, 234.451202393, 1227.81542969, 2571.24169922, 2107.03027344, 936.146911621, 403.219604492, 1359.06005859, 742.095031738, 1864.21923828, 1166.91357422, 1626.64941406, 1010.4128418, 472.760925293, 368.222808838, 281.857116699, 97.4917297363, 81.1015701294, 88.2789077759, 84.1044616699, 66.9508056641, 16.5088481903, 5.72532081604, 0.889934778214, 0.118163235486, 0.00690268073231, 0.000408837018767, 5.5890012618e-07], "dvar": [0.00155942456331, 0.0329360589385, 0.672363996506, 2.66431045532, 68.6025161743, 79.4407501221, 9.0603055954, 165.582580566, 175.88583374, 160.662872314, 265.975646973, 111.568634033, 352.202697754, 99.9489822388, 484.394592285, 996.361633301, 859.459838867, 370.475616455, 146.625747681, 501.948303223, 282.324951172, 690.686828613, 438.344085693, 630.151611328, 402.502349854, 180.142608643, 141.854812622, 116.5754776, 40.1416130066, 34.8469238281, 44.236164093, 46.0807342529, 32.6259727478, 9.89833068848, 3.07408189774, 0.488133847713, 0.0511668883264, 0.00281099393032, 0.000163357486599, 2.09808746376e-07], "dmean": [0.0113416835666, 0.0811328664422, 0.425866544247, 1.16600382328, 5.93229389191, 6.88118362427, 2.50983262062, 8.78602313995, 8.96323490143, 9.1223859787, 8.12943458557, 5.82007598877, 8.69437503815, 5.26543951035, 11.3253803253, 19.3671531677, 19.7962913513, 12.0688676834, 7.64462709427, 15.8378572464, 12.4082984924, 18.9605541229, 16.7098388672, 19.581451416, 13.6704864502, 7.62528800964, 5.48222208023, 4.62239980698, 3.31916904449, 2.49851322174, 2.8078956604, 2.50249743462, 1.55511701107, 0.906793534756, 0.662431657314, 0.271977305412, 0.0781851038337, 0.0214114096016, 0.00415284465998, 0.000131884953589], "max": [1.56661999226, 4.09956693649, 13.5224075317, 28.870557785, 136.617263794, 114.04447937, 61.5829086304, 385.074493408, 348.518432617, 208.457046509, 860.143798828, 291.890716553, 418.897033691, 225.633239746, 330.634033203, 693.737243652, 577.501403809, 505.373321533, 394.617645264, 315.343017578, 283.700500488, 506.356018066, 393.280731201, 473.840118408, 770.631713867, 322.394775391, 387.85458374, 497.549804688, 258.030395508, 210.39201355, 226.2918396, 297.411224365, 405.710845947, 192.525527954, 105.021888733, 42.3444099426, 6.23600006104, 1.5453710556, 0.69313621521, 0.0212120078504], "var": [0.00312043726444, 0.069423161447, 2.24500799179, 10.4213809967, 112.211418152, 136.434173584, 21.0926189423, 338.719940186, 432.721557617, 315.311462402, 595.424438477, 334.977294922, 612.043579102, 298.915649414, 1367.7064209, 2653.31396484, 2178.18701172, 922.52142334, 373.382049561, 1238.78100586, 983.594360352, 2910.4597168, 1455.69421387, 2111.94140625, 1537.53430176, 698.008666992, 681.173278809, 609.16229248, 227.488052368, 211.00227356, 204.732452393, 193.072982788, 107.379493713, 46.1991424561, 11.7974720001, 1.67707562447, 0.121195860207, 0.0120357731357, 0.00203172327019, 2.05531136999e-06], "mean": [0.0175699610263, 0.148476332426, 0.872068524361, 2.43723702431, 8.70565605164, 11.1593446732, 5.29890489578, 15.519405365, 17.1257953644, 16.9389419556, 14.9543981552, 11.9455223083, 15.4705734253, 11.506611824, 23.9737567902, 41.0258407593, 40.4017295837, 26.3435878754, 18.1348781586, 32.9741134644, 32.3726882935, 52.3444404602, 44.743724823, 55.4898071289, 40.0513381958, 20.1444416046, 15.5997867584, 13.5948095322, 10.2467670441, 7.38073396683, 7.41950416565, 6.37384366989, 3.95034694672, 2.2765610218, 1.41502249241, 0.574628412724, 0.162710756063, 0.0519666001201, 0.0139236971736, 0.000439202704001]}, "spectral_strongpeak": {"dmean2": 1.08309495449, "median": 0.471920251846, "min": 0, "dvar2": 2.7573094368, "dvar": 1.02520060539, "dmean": 0.616762340069, "max": 14.3614473343, "var": 1.26780235767, "mean": 0.884629964828}, "spectral_energy": {"dmean2": 0.00587592693046, "median": 0.0173659082502, "min": 1.05366638012e-20, "dvar2": 4.02200494136e-05, "dvar": 1.72020336322e-05, "dmean": 0.00375212309882, "max": 0.0897363051772, "var": 0.000117138726637, "mean": 0.0188426375389}, "average_loudness": 0.821147620678, "spectral_rolloff": {"dmean2": 802.802490234, "median": 2971.58203125, "min": 43.06640625, "dvar2": 1023243.625, "dvar": 536718, "dmean": 501.025756836, "max": 18647.7539063, "var": 2658026.5, "mean": 3192.22070313}, "spectral_centroid": {"dmean2": 362.456726074, "median": 2112.61010742, "min": 378.560241699, "dvar2": 92534.0625, "dvar": 40682.7382813, "dmean": 226.954406738, "max": 10648.5576172, "var": 250709.0625, "mean": 2136.12646484}, "pitch_salience": {"dmean2": 0.0823733210564, "median": 0.612476110458, "min": 0.229073494673, "dvar2": 0.00457175215706, "dvar": 0.00169384572655, "dmean": 0.0497793704271, "max": 0.893407285213, "var": 0.00561485113576, "mean": 0.609834432602}, "spectral_energyband_middle_high": {"dmean2": 0.00214451458305, "median": 0.00647767819464, "min": 1.65278814811e-21, "dvar2": 4.96466873301e-06, "dvar": 2.08643473343e-06, "dmean": 0.00138533452991, "max": 0.0268806144595, "var": 1.74919150595e-05, "mean": 0.0069831404835}, "spectral_contrast_coeffs": {"dmean2": [0.0857028141618, 0.0752000659704, 0.0586385130882, 0.0461552627385, 0.0345528647304, 0.0229143351316], "median": [-0.561510801315, -0.751007795334, -0.779234349728, -0.775346159935, -0.740520238876, -0.762051463127], "min": [-0.961458384991, -0.967845261097, -0.956409990788, -0.965712964535, -0.958516716957, -0.961736738682], "dvar2": [0.00450418703258, 0.00333940517157, 0.00214279303327, 0.00127529678866, 0.000723290489987, 0.000343757652445], "dvar": [0.00164345640223, 0.00119584938511, 0.000756226712838, 0.000469855731353, 0.000269531097729, 0.000145487880218], "dmean": [0.0520969703794, 0.0446435883641, 0.0351952537894, 0.0278700068593, 0.0210878420621, 0.0144775686786], "max": [-0.257245093584, -0.495075970888, -0.536082923412, -0.600771784782, -0.602289676666, -0.596070051193], "var": [0.00882398802787, 0.00360187445767, 0.00264215352945, 0.00177185493521, 0.0015771741746, 0.00134422397241], "mean": [-0.560242831707, -0.747100412846, -0.776532113552, -0.773313760757, -0.741365611553, -0.756574511528]}, "melbands_skewness": {"dmean2": 0.659463047981, "median": 1.56696772575, "min": -2.45216822624, "dvar2": 0.316392123699, "dvar": 0.122176900506, "dmean": 0.407411158085, "max": 5.29470491409, "var": 0.526572346687, "mean": 1.62589299679}, "spectral_spread": {"dmean2": 551003.5, "median": 4719779, "min": 1355674.75, "dvar2": 408588517376, "dvar": 274943279104, "dmean": 383564, "max": 40961676, "var": 1589276835840.0, "mean": 4929112.5}, "dissonance": {"dmean2": 0.0145860351622, "median": 0.485870659351, "min": 0.332023173571, "dvar2": 0.000190219201613, "dvar": 6.72666210448e-05, "dmean": 0.0085419761017, "max": 0.5, "var": 0.000115754352009, "mean": 0.483837097883}, "spectral_skewness": {"dmean2": 0.166949942708, "median": 1.47236478329, "min": 0.0445342212915, "dvar2": 0.0250529069453, "dvar": 0.00937762670219, "dmean": 0.103103280067, "max": 3.3989238739, "var": 0.0598334223032, "mean": 1.44447779655}, "spectral_flux": {"dmean2": 0.0173220485449, "median": 0.0681863576174, "min": 1.0264825101e-10, "dvar2": 0.00025399151491, "dvar": 9.84297585092e-05, "dmean": 0.010711424984, "max": 0.17366206646, "var": 0.000586992886383, "mean": 0.0691867917776}, "spectral_contrast_valleys": {"dmean2": [0.614979624748, 0.505889296532, 0.42205452919, 0.335288733244, 0.261490285397, 0.248607695103], "median": [-7.99862194061, -6.48010587692, -7.12974452972, -7.21385717392, -7.00499534607, -9.46230697632], "min": [-27.3407077789, -27.3451118469, -27.1898384094, -26.8480854034, -27.3649215698, -27.1393642426], "dvar2": [0.279846191406, 0.181847959757, 0.137123227119, 0.0927349328995, 0.073824480176, 0.077374085784], "dvar": [0.121021613479, 0.0916573256254, 0.075127646327, 0.0583814196289, 0.0581592060626, 0.0658492296934], "dmean": [0.377054989338, 0.302295684814, 0.252721697092, 0.204328462481, 0.16676864028, 0.182942822576], "max": [-6.03487539291, -5.00390815735, -5.83098888397, -5.72527360916, -5.67196846008, -6.88990020752], "var": [1.05515086651, 0.361208707094, 0.322223842144, 0.341669797897, 0.300409913063, 0.632620930672], "mean": [-8.10575580597, -6.55363607407, -7.18881845474, -7.27382230759, -7.03094530106, -9.48029232025]}, "erbbands_flatness_db": {"dmean2": 0.0151081578806, "median": 0.127132058144, "min": 0.0435643717647, "dvar2": 0.000156905502081, "dvar": 7.32811458874e-05, "dmean": 0.00993927381933, "max": 0.297246992588, "var": 0.000790261197835, "mean": 0.129477262497}, "spectral_energyband_high": {"dmean2": 0.000582564447541, "median": 0.000910298025701, "min": 7.38401353047e-21, "dvar2": 1.29007446503e-06, "dvar": 7.95162861777e-07, "dmean": 0.000427808408858, "max": 0.0493412017822, "var": 7.37103846404e-06, "mean": 0.00169345561881}, "spectral_entropy": {"dmean2": 0.130152985454, "median": 7.84539461136, "min": 6.61429977417, "dvar2": 0.0119016543031, "dvar": 0.00577692361549, "dmean": 0.085071131587, "max": 9.80139064789, "var": 0.0515268035233, "mean": 7.86857700348}, "silence_rate_20dB": {"dmean2": 0, "median": 1, "min": 1, "dvar2": 0, "dvar": 0, "dmean": 0, "max": 1, "var": 0, "mean": 1}, "melbands_flatness_db": {"dmean2": 0.0255967322737, "median": 0.110817760229, "min": 0.00823295954615, "dvar2": 0.000456293171737, "dvar": 0.000181028517545, "dmean": 0.0159413218498, "max": 0.366939425468,