{"tonal": {"thpcp": [1, 0.660216391087, 0.419948607683, 0.405332893133, 0.415539622307, 0.441100716591, 0.464408606291, 0.452308416367, 0.557251811028, 0.613136470318, 0.457733929157, 0.360219657421, 0.314521104097, 0.267791241407, 0.313655227423, 0.346191823483, 0.438053786755, 0.546348154545, 0.420064389706, 0.290581703186, 0.398995041847, 0.445010155439, 0.402145683765, 0.564577877522, 0.612468242645, 0.477563232183, 0.504900097847, 0.551934063435, 0.555760383606, 0.631027042866, 0.573043644428, 0.410845935345, 0.347999036312, 0.348405569792, 0.453147858381, 0.837045013905], "hpcp": {"dmean2": [0.284357577562, 0.252461582422, 0.216937571764, 0.186751574278, 0.196229547262, 0.246335119009, 0.267686396837, 0.300658911467, 0.304466634989, 0.231011718512, 0.212300017476, 0.230318889022, 0.237023070455, 0.227231919765, 0.225344389677, 0.249501496553, 0.25494658947, 0.218725562096, 0.17664976418, 0.166261941195, 0.145473450422, 0.139956519008, 0.143808469176, 0.173562765121, 0.229961365461, 0.185316041112, 0.146470487118, 0.156728506088, 0.174877986312, 0.196153715253, 0.215667083859, 0.217821702361, 0.223505020142, 0.244854271412, 0.248816817999, 0.269702285528], "median": [0.0320145525038, 0.0302191600204, 0.0197651740164, 0.0121661890298, 0.0131841879338, 0.0287770871073, 0.0662596225739, 0.0822732597589, 0.0534835085273, 0.019448550418, 0.0146730318666, 0.0148467719555, 0.0200687609613, 0.0244710166007, 0.026863405481, 0.0297548882663, 0.0329613946378, 0.0292104147375, 0.0195236504078, 0.0145429074764, 0.011625434272, 0.0136938765645, 0.0173846688122, 0.0240540206432, 0.0279494710267, 0.0233757998794, 0.0188339687884, 0.0238782148808, 0.0272244252264, 0.0296621825546, 0.0210722796619, 0.0211954899132, 0.0220094118267, 0.0214665848762, 0.0221111197025, 0.0277044326067], "min": [0, 0, 0, 0, 0, 0, 0, 0, 0, 0, 0, 0, 0, 0, 0, 0, 0, 0, 0, 0, 0, 0, 0, 0, 0, 0, 0, 0, 0, 0, 0, 0, 0, 0, 0, 0], "dvar2": [0.154953032732, 0.133993119001, 0.127311378717, 0.118923984468, 0.110288985074, 0.127710342407, 0.12587107718, 0.145112589002, 0.163840830326, 0.129085734487, 0.132297888398, 0.155463933945, 0.151797026396, 0.138714149594, 0.136523112655, 0.153374060988, 0.153117224574, 0.127144232392, 0.0969173312187, 0.106205523014, 0.0840848982334, 0.07533878088, 0.0744411945343, 0.0770098790526, 0.130226239562, 0.080685891211, 0.0850882530212, 0.0764982029796, 0.0877117142081, 0.0949748903513, 0.115581475198, 0.116719804704, 0.120792962611, 0.141461506486, 0.131431758404, 0.144705921412], "dvar": [0.0602500475943, 0.0508242473006, 0.0456544309855, 0.0422157049179, 0.039861869067, 0.0453452318907, 0.0473693162203, 0.0570669025183, 0.0592896901071, 0.0476522482932, 0.0492407865822, 0.0567825958133, 0.0553904846311, 0.050754647702, 0.0500052161515, 0.055766902864, 0.0570118837059, 0.0462430380285, 0.0359128080308, 0.0373513102531, 0.0301643852144, 0.0285183042288, 0.0287377610803, 0.0289594754577, 0.0499951839447, 0.0312859900296, 0.03038071841, 0.0291583705693, 0.0330925248563, 0.0331559255719, 0.044774197042, 0.0466102175415, 0.0433968156576, 0.0522108264267, 0.0500541217625, 0.053047504276], "dmean": [0.158960312605, 0.144409000874, 0.119916424155, 0.102195389569, 0.106821194291, 0.136663034558, 0.153628006577, 0.172648772597, 0.171528682113, 0.127032622695, 0.118259079754, 0.12659047544, 0.131152421236, 0.127001330256, 0.126768887043, 0.139623150229, 0.142917111516, 0.121744133532, 0.0988989174366, 0.0921652317047, 0.0803182646632, 0.0788886472583, 0.0825125873089, 0.0985255390406, 0.129138231277, 0.104901149869, 0.0825564041734, 0.0907725915313, 0.100442416966, 0.10952219367, 0.122802399099, 0.124620564282, 0.126436248422, 0.137278661132, 0.139482364058, 0.150632947683], "max": [1, 1, 1, 1, 1, 1, 1, 1, 1, 1, 1, 1, 1, 1, 1, 1, 1, 1, 1, 1, 1, 1, 1, 1, 1, 1, 1, 1, 1, 1, 1, 1, 1, 1, 1, 1], "var": [0.0758932605386, 0.0631145909429, 0.0427979566157, 0.0419134572148, 0.0365102551877, 0.0406356677413, 0.0909096673131, 0.113583378494, 0.0629018768668, 0.0435720570385, 0.0473387688398, 0.0515806041658, 0.0505426563323, 0.0494626648724, 0.0486422926188, 0.0628115087748, 0.0740108937025, 0.0445007309318, 0.0369901806116, 0.0326404236257, 0.0272482782602, 0.0342080965638, 0.0351432897151, 0.0433323793113, 0.0638043358922, 0.0378320962191, 0.0265381224453, 0.037825640291, 0.0448096990585, 0.0322627089918, 0.0687435492873, 0.0801355838776, 0.0485004037619, 0.056561216712, 0.0659394785762, 0.0592240989208], "mean": [0.163826048374, 0.148772507906, 0.106663040817, 0.0903468504548, 0.0904523953795, 0.117645390332, 0.217312037945, 0.259618103504, 0.171404123306, 0.109026260674, 0.105231754482, 0.107881605625, 0.114517733455, 0.120568878949, 0.117427453399, 0.14467266202, 0.159181326628, 0.118836015463, 0.0935195460916, 0.0816553756595, 0.0695234537125, 0.0814305767417, 0.0898776650429, 0.113726690412, 0.141841873527, 0.109056323767, 0.0754402726889, 0.10358633846, 0.115532688797, 0.104404300451, 0.146574631333, 0.159007847309, 0.123984061182, 0.131081208587, 0.143292069435, 0.144285455346]}, "tuning_equal_tempered_deviation": 0.252781659365, "chords_changes_rate": 0.0728323683143, "key_key": "B", "tuning_diatonic_strength": 0.389230966568, "key_scale": "minor", "chords_number_rate": 0.00369942188263, "tuning_frequency": 434.193115234, "tuning_nontempered_energy_ratio": 0.926170945168, "chords_histogram": [18.404624939, 4.36994218826, 3.02890181541, 4.06936407089, 1.84971094131, 6.05780363083, 1.75722539425, 5.61849689484, 0, 0.439306348562, 0.254335254431, 6.40462446213, 0.624277472496, 1.78034687042, 0.739884376526, 0, 1.96531796455, 2.38150286674, 4, 2.54335260391, 0.716763019562, 0.693641602993, 3.72254323959, 28.5780353546], "key_strength": 0.426767408848, "chords_key": "G", "chords_strength": {"dmean2": 0.0145288165659, "median": 0.508434355259, "min": 0.226830989122, "dvar2": 0.000164987635799, "dvar": 0.000112422079837, "dmean": 0.0128855351359, "max": 0.846365988255, "var": 0.0108685689047, "mean": 0.509680867195}, "chords_scale": "major", "hpcp_entropy": {"dmean2": 1.09521007538, "median": 2.14603304863, "min": 0, "dvar2": 0.78588950634, "dvar": 0.28843921423, "dmean": 0.650729298592, "max": 4.50792455673, "var": 0.551075041294, "mean": 2.15419507027}}, "metadata": {"audio_properties": {"equal_loudness": 0, "codec": "flac", "downmix": "mix", "sample_rate": 44100, "analysis_sample_rate": 44100, "bit_rate": 0, "md5_encoded": "9dc4f1795d42cff0df4bf6a79cd38366", "length": 200.773330688, "replay_gain": -12.8910560608, "lossless": true}, "version": {"essentia_build_sha": "70f2e5ece6736b2c40cc944ad0e695b16b925413", "essentia": "2.1-beta2", "extractor": "music 1.0", "essentia_git_sha": "v2.1_beta2"}, "tags": {"title": ["Tropicalia"], "barcode": ["720642530924"], "media": ["HDCD"], "albumartist": ["Beck"], "tracktotal": ["11"], "language": ["eng"], "releasetype": ["album"], "musicbrainz_recordingid": ["16994337-ca9f-42cc-8c5c-5f9a4a5ec657"], "musicbrainz_releasegroupid": ["00a9ccbf-341b-3b58-8865-7fc7fc9a64d9"], "mixer": ["Nigel Godrich"], "musicbrainz_albumartistid": ["309c62ba-7a22-4277-9f67-4a162526d18a"], "acoustid_fingerprint": ["AQADtEqaqMYb_Nj1RGikozGLHIf2IT1-HL9gmcR7fBnS69AeDjmPXcMZPcCj4E8aY2M-vLqQOBLCi3CpNGic5PiJX8d1odyRMofGH_UPu0e-w8eDfsF9Ccf8I98hZT8O50ekH_uG8MaP6cEP_fiDH1Ue44arSLgFH0_4wVzxYzqL4zgU-vg_NB-KH70O7cGfQsdzPCeqJ_jhkTv2UIR48UidJCtqh8HFDBf-ifgj9I_gHdEFkUePMDce4TucGmaOzg_yHQ_-ENW5QKWGyEuUoBuF6SSas_jxnMfHY6LywP_www1RWjmxH8keIs7xY_8SXM2OU2g6fMeR0-grwuwRpmEqXMmOXmiI73hk3LOEMPqPCv3RQJeOMCNxnJFjeOPh44eTU7hkB-ZTojy-40cOXUoUhF_QsGTwHCwRv7hyyH0QqpukoJSOL7gQUtfhD70H7cKXB4-pSERMCS-a5_hyXAmJ5gEfPmjiDHkqyFsewXRIHD_OE1rOYz_cY4fYRTz-HNF69Md3PL_w5KgWy9jWGXkPewtRK0dIFk2U431w5_gN-xke44vgjkSgnTli3Xiu4UWdKTiJZ5qOkkID5P5xK8NzXDIebmgeTC2-HhdeTMsTXBnD4ZthlNOCH1pmoU-yI7rwlyhzeDt6HqeYo2uOSokf5Fly6EFOBVMe9KqCOy94nEeyeZ6R5jmuwHiVHG2PI8zKQydSw5EUbkJ_jDuuvAivrHCPVvYRShoeNJdyPDvwJLlwXUYy_kIYLhouMgyeS-uA5kXt4H2C5Ddy5igTSceTot9xojaFZmeG5JPwSEMpKtD05Himo8lQPjz03sg_VD6aJz8uJ8Qt4fiboY6OZjySKs-R3zF-4Up3lEl2eM-xnWHA55j_EF8QXseT4x_eG6F6mGmMkszxHLuQILt0Eq9MPNH2EGdGMOkR8o2IZHnQH_8I5nmC50IlOTGQnMjRPIKpSJJwh8ZJuEfP4-HRo9G-GNeNimgOtsPD4Uc-PofatIiu4A-aHz1qZUZORUZ1Q-fxQz0m8kFL1jhRp0HTBXpw5tgp4jquH8-hPi8eo5aiEQ2XqbgOLWaC0MpQpZiSH8fxy8AjKcQV_EgiuSOiJRcOM5eIp5mKj4Ofo8VP3De-5AinZBKRsCKeo8eHH9eF8GWhhf2Q98Kkw88O18iPN4Z4Gb0S5EV_eEefDZe449SD50fy480SQ1-O8Gh-jCKJJ1EevBeav-iPOqzR_Mi7Q-vYIU1OwuGJvsae4VHEmHCMGz8uJUa1LQ8up0YfHlc-ok_RzOrx5TjyCwr5YT-eOVShoz-acoYeJTo8yheOB82D8sR3PHJWVCItws_QMGKCPImMV8R2_AFvPJgWHv6FylKK8itMCSF_6EoRPvvRnPhjXBcqmjiDxzX8Iz_EC5UuF7UDP1egppQRJm3wHceljUHIE3pSIddxMTucPEEv_MbzoKllaFzQZ4T5aIFnEj3xKxF6NDryLA-S3-iTHGmg_chvDc-d4AiNZLmKe8KTPsfV4pnw7RPsC9eL7_jxbWijLBumiBMuZMm_Q9GzILzxCyUZPAibzhDFHfehvjiTYzvhE5rLg99XPJGOf4eWJwdD5gty-M2Hn_gDsjleC7mgtxqCPhpcHU6TKBseifBJ9DQu1EfjGn8KToKPfJSLZyF-aPWLiJISpUHHiTi1Ujh6wpMyC48fJO8R6se9kLh__JheJCqPlIkmBtOLHxeNI9eKh0PJbziuGT_h6ziJUjxaHh75BEpvwTmYB3mHI9YPeocVJjv2DzrCXRe8B00c_Byq3YaVMxF-In2QEOWOR4kcvMKFBrs8NHFYkBivoNZxNMtxPMlxBs9xhsJ7eBlTPEGTH6EySiL0xEFzDSFLPB6-5LjFoPnQDxccpXkS_MJ57Mf-I_kRHj6ap_h-nBnKGE3-CGeuIbl4hMnDocyHZo9RK8OHS6FhLqowU0dy5Pg_hEo_9HiGMN3RN0e9GRsr_Cn8oxb-BHGiG-o_hGGYxOiT2fiOH3kOLX2D8O_weEETikf_4LjwKEe-KEiOniHR5DK6fXCe4Q0uZYYvpJ-gXUfOG-0zNNOD5zmuLEWY3UE7qE6Ooz-m6FCtI7Rz2NqFY3uE_If258iDJzmOv0Gno2kqIulyB3kvHE2LPsku7GLRzChDxQYfI0eY-OiO6pVwBvaUCs_hJ4aXMUX5I8-Mj4TztTh_XDTK57CaQH3CwYxdfHlwG7GXoErxC_fx5Mh1KAoRklqP58cv9PmG5nlwSzp0JUfzoJ-OMnnQ-HgT9DzSx9A_o1KiKDGelVApIcykoBUuZUfOHMnOo4mq4el4PHjwS4rQNPrQE7kunAzeI1fUoYkWBpMp5AFDHopCksJ5PJArfciNZkoitHkQ64aeYfrxF38CPR-yiEpw-bgTFsxThDlfKNaLMBxzTFwyGU9RXQGlffCDHleP5DKRK5GCUpIofIDPaqgVdrhhX8VzIyShRTu473ig35iyVwnEHpWUHG-KeMfvDH-MazHCpCn6TNCN49uR52iX48eHPXMQ_ugenJsOHb6giSqOs0ezB5USZUefcPhROWFx4egDi62OE4hf3Ec55jh-0EVa57h-6An6B1bhE6U_aJUO38KLSwuYnMEbPM7RKsFPAMCMEYJRC5QS0SgAgFDKWSIYEQogxZgARDBDlQAAEIMoJcBAYIgkwhpAiAAIKaQUYAhggpFAwAEBpGAGAIIAIMoJ0BRgxgBhiACCMCANAAaJ5JAxRhlBhBGCESEQIAoYaAgAggEphDHMCNIZQUxa4wAQQBhgrAGEKQcAQ8giBAQTFAlljDQAAEEIMIkwgZBAUlggiEEEGUUMEQQRYhAQQAojLBAGEOQYJMIIgEAxRhhAkUKMOAFEBMgAIwgzDikCCBLKGGMEMIAoAxRRQgQkLIOAKACAYAARJAABgBAFiBAOSKCoEQwCQYQwwigFhBDAIUAsAIAwg4wAABAiADiGKUYQUI4JCQQAgjGBBFNCEEAIBoBAARhQRhFRgQdCCAOJocIQI7hEjDEmFGEEAGqEQpYKB5EyDiIECjKAQgMYA4J4SwQDSACjESFAEUIEcRYAQwQTRAEihHKCAASYcQQJAghwhhDQBAEAGUWMZMJBowAkFgBgGXUACoAQAgAbJYwAjgkgABGKMEYEEUIAgyh1RBgEoBDMUCAAAEIpQYAwxgAhiKAACCAARQAhBgFxgAAChBKACQQQoQASIYACACAEPABIAUqAEMIIRMB2RBMGHQCQGgCIIQIQAw0yAmmIEDVkAUCMcAQQKBQEAAGhDBCCCUAAMM5YiKS0TCzBGGGEgCSYMoQgRRgQECiDCBJAK0WVIEQAgQg0SCgCgAhCEEUNcEQIo5QQDhhhHRKCACCAgWEZA4UhTBFghBNKMUUIEgAmQBFQSBAADCAEORIcBgJAoAQzChgmIRBAWSAIQkIZghBxCChiFAEEACcEAggABIxQGgkBkBEEKGAQIYAhQKQ0xAgDGjGUWCUgQRAhZYAAQAFhCGgAaAYA4YAqRjAglAkAhIAEMISEBsUoBakwBjACECBWEAYQU8QK4AxhxCEAgDJGASEAIgQIAwAF"], "discnumber": ["1"], "album": ["Mutations"], "catalognumber": ["DGCD-25309"], "releasecountry": ["US"], "file_name": "06. Beck - Tropicalia.flac", "compilation": ["0"], "originaldate": ["1998-11-02"], "producer": ["Beck Hansen", "Nigel Godrich"], "date": ["1998-11-03"], "genre": ["Bossa Nova, Rock, Tropicalia"], "disctotal": ["1"], "albumartistsort": ["Beck"], "releasestatus": ["official"], "musicbrainz_artistid": ["309c62ba-7a22-4277-9f67-4a162526d18a"], "asin": ["B00000DHYK"], "musicbrainz_albumid": ["295d2001-f034-447d-9545-56c8c63f6455"], "artist": ["Beck"], "tracknumber": ["6"], "artistsort": ["Beck"], "bpm": ["81"], "label": ["Bong Load Custom Records"], "isrc": ["USGF19830907"], "totaldiscs": ["1"], "script": ["Latn"], "totaltracks": ["11"]}}, "rhythm": {"bpm_histogram_first_peak_bpm": {"dmean2": 0, "median": 161, "min": 161, "dvar2": 0, "dvar": 0, "dmean": 0, "max": 161, "var": 0, "mean": 161}, "bpm": 163.296203613, "bpm_histogram_second_peak_spread": {"dmean2": 0, "median": 0, "min": 0, "dvar2": 0, "dvar": 0, "dmean": 0, "max": 0, "var": 0, "mean": 0}, "bpm_histogram_first_peak_weight": {"dmean2": 0, "median": 0.602251410484, "min": 0.602251410484, "dvar2": 0, "dvar": 0, "dmean": 0, "max": 0.602251410484, "var": 0, "mean": 0.602251410484}, "onset_rate": 4.90551137924, "beats_position": [0.383129239082, 0.766258478165, 1.13777780533, 1.53251695633, 1.93886613846, 2.34521532059, 2.73995471001, 3.11147379875, 3.48299312592, 3.84290242195, 4.20281171799, 4.57433080673, 4.94585037231, 5.31736946106, 5.6888885498, 6.06040811539, 6.44353723526, 6.81505680084, 7.18657588959, 7.56970500946, 7.94122457504, 8.3011341095, 8.66104316711, 9.02095222473, 9.38086128235, 9.75238037109, 10.1239004135, 10.4954195023, 10.8553285599, 11.2152376175, 11.5867567062, 11.9582767487, 12.3181858063, 12.6780948639, 13.0496139526, 13.4211339951, 13.7926530838, 14.1525621414, 14.512471199, 14.8839902878, 15.2555103302, 15.6270294189, 15.9985485077, 16.3700675964, 16.7415866852, 17.1131057739, 17.4730148315, 17.8329238892, 18.2044448853, 18.575963974, 18.9474830627, 19.3190021515, 19.6905212402, 20.0504302979, 20.4219493866, 20.7818584442, 21.153377533, 21.5248966217, 21.8848075867, 22.2447166443, 22.616235733, 22.9877548218, 23.3592739105, 23.7307929993, 24.0907020569, 24.4506111145, 24.8221302032, 25.1936511993, 25.5651702881, 25.9250793457, 26.2849884033, 26.6565074921, 27.0280265808, 27.3995456696, 27.7710647583, 28.142583847, 28.5141029358, 28.8740139008, 29.2339229584, 29.6054420471, 29.9769611359, 30.3484802246, 30.7083892822, 31.079908371, 31.4398174286, 31.8113365173, 32.1828575134, 32.5543746948, 32.9258956909, 33.2974128723, 33.6573219299, 34.0172348022, 34.3887519836, 34.7602729797, 35.1317901611, 35.4916992188, 35.8632202148, 36.2231292725, 36.5946464539, 36.96616745, 37.3260765076, 37.6859855652, 38.0575065613, 38.4290237427, 38.7889328003, 39.1488418579, 39.5087509155, 39.8802719116, 40.2401809692, 40.6116981506, 40.9832191467, 41.3431282043, 41.703037262, 42.0745582581, 42.4460754395, 42.8175964355, 43.1891136169, 43.560634613, 43.9321517944, 44.3036727905, 44.6751937866, 45.0351028442, 45.4066200256, 45.7665290833, 46.1380500793, 46.5095672607, 46.8810882568, 47.2526054382, 47.6241264343, 47.9840354919, 48.3439445496, 48.7154655457, 49.0869827271, 49.4585037231, 49.8300209045, 50.2015419006, 50.5614509583, 50.9213600159, 51.2928771973, 51.6643981934, 52.0359191895, 52.4074363708, 52.7673454285, 53.1272544861, 53.4987754822, 53.8702926636, 54.2302017212, 54.6017227173, 54.9732398987, 55.3447608948, 55.7046699524, 56.0761909485, 56.4477081299, 56.819229126, 57.1791381836, 57.5390472412, 57.9105644226, 58.2820854187, 58.6536026001, 59.0251235962, 59.3850326538, 59.7449417114, 60.1164627075, 60.4879798889, 60.859500885, 61.2310180664, 61.590927124, 61.9508361816, 62.3223571777, 62.6938781738, 63.0653953552, 63.4369163513, 63.8084335327, 64.1799545288, 64.5514755249, 64.9229888916, 65.2945098877, 65.6660308838, 66.0259399414, 66.3974609375, 66.7573699951, 67.1172790527, 67.4888000488, 67.8487091064, 68.2202224731, 68.5801315308, 68.9400405884, 69.3115615845, 69.6714706421, 70.0313796997, 70.4029006958, 70.7744216919, 71.145942688, 71.5058517456, 71.8657608032, 72.2256698608, 72.5855789185, 72.9570999146, 73.3170089722, 73.6769180298, 74.0484313965, 74.4199523926, 74.7914733887, 75.1629943848, 75.5345077515, 75.9060287476, 76.2775497437, 76.6490707397, 77.0205917358, 77.3921051025, 77.7636260986, 78.1467590332, 78.5298843384, 78.9014053345, 79.2729263306, 79.6444396973, 80.0159606934, 80.3874816895, 80.7590026855, 81.1305236816, 81.4904327393, 81.8503417969, 82.2218551636, 82.5933761597, 82.9648971558, 83.3248062134, 83.684715271, 84.0562362671, 84.4161453247, 84.7760543823, 85.1475753784, 85.5190887451, 85.8906097412, 86.2505187988, 86.6220397949, 86.9819488525, 87.3534698486, 87.7249908447, 88.0848999023, 88.44480896, 88.8163223267, 89.1878433228, 89.5477523804, 89.907661438, 90.2791824341, 90.6507034302, 91.0222167969, 91.3821334839, 91.7420425415, 92.1135559082, 92.4850769043, 92.8565979004, 93.2281188965, 93.5996322632, 93.9595413208, 94.3194503784, 94.6909713745, 95.0624923706, 95.4340133667, 95.8055343628, 96.1770477295, 96.5369567871, 96.8968658447, 97.2683868408, 97.6399078369, 98.011428833, 98.3713378906, 98.7312469482, 99.1027679443, 99.474281311, 99.8458023071, 100.217323303, 100.588844299, 100.948753357, 101.308662415, 101.668571472, 102.02848053, 102.400001526, 102.771514893, 103.13142395, 103.491333008, 103.851242065, 104.211151123, 104.582672119, 104.942581177, 105.302490234, 105.67401123, 106.045532227, 106.417053223, 106.77696228, 107.136871338, 107.496780396, 107.856689453, 108.22820282, 108.599723816, 108.971244812, 109.342765808, 109.714286804, 110.085800171, 110.457321167, 110.828842163, 111.188751221, 111.560272217, 111.931785583, 112.291702271, 112.663215637, 113.034736633, 113.406257629, 113.777778625, 114.149291992, 114.532424927, 114.915550232, 115.287071228, 115.658592224, 116.018501282, 116.378410339, 116.749931335, 117.121452332, 117.492965698, 117.864486694, 118.23600769, 118.607528687, 118.967437744, 119.327346802, 119.698867798, 120.058776855, 120.418685913, 120.79019928, 121.150108337, 121.510017395, 121.881538391, 122.253059387, 122.624580383, 122.99609375, 123.367614746, 123.739135742, 124.110656738, 124.482177734, 124.842086792, 125.20199585, 125.561904907, 125.921813965, 126.293327332, 126.653244019, 127.013153076, 127.384666443, 127.756187439, 128.127700806, 128.499221802, 128.870742798, 129.242263794, 129.61378479, 129.985305786, 130.356826782, 130.728347778, 131.099868774, 131.459777832, 131.81968689, 132.179595947, 132.539505005, 132.911010742, 133.282531738, 133.654052734, 134.013961792, 134.37387085, 134.745391846, 135.116912842, 135.488433838, 135.859954834, 136.23147583, 136.602996826, 136.962905884, 137.322814941, 137.694335938, 138.065841675, 138.437362671, 138.797271729, 139.157180786, 139.528701782, 139.900222778, 140.260131836, 140.620040894, 140.99156189, 141.363082886, 141.734603882, 142.106124878, 142.466033936, 142.825942993, 143.197463989, 143.568969727, 143.940490723, 144.312011719, 144.683532715, 145.055053711, 145.414962769, 145.774871826, 146.134780884, 146.494689941, 146.866210938, 147.237731934, 147.60925293, 147.980773926, 148.352294922, 148.723800659, 149.095321655, 149.466842651, 149.826751709, 150.186660767, 150.558181763, 150.929702759, 151.289611816, 151.649520874, 152.009429932, 152.369338989, 152.740859985, 153.112380981, 153.483901978, 153.855422974, 154.226928711, 154.598449707, 154.969970703, 155.341491699, 155.701400757, 156.061309814, 156.432830811, 156.804351807, 157.164260864, 157.524169922, 157.895690918, 158.267211914, 158.615509033, 158.987030029, 159.358551025, 159.741668701, 160.101577759, 160.473098755, 160.844619751, 161.216140747, 161.587661743, 161.959182739, 162.330703735, 162.702224731, 163.062133789, 163.422042847, 163.781951904, 164.141860962, 164.513381958, 164.884887695, 165.256408691, 165.616317749, 165.976226807, 166.347747803, 166.719268799, 167.090789795, 167.450698853, 167.81060791, 168.182128906, 168.553649902, 168.925170898, 169.285079956, 169.644989014, 170.01651001, 170.388031006, 170.759536743, 171.131057739, 171.502578735, 171.874099731, 172.245620728, 172.605529785, 172.977050781, 173.348571777, 173.708480835, 174.080001831, 174.451522827, 174.811431885, 175.171340942, 175.54284668, 175.914367676, 176.285888672, 176.657409668, 177.028930664, 177.40045166, 177.760360718, 178.131881714, 178.491790771, 178.863311768, 179.234832764, 179.606338501, 179.966262817, 180.326171875, 180.697677612, 181.069198608, 181.440719604, 181.812240601, 182.183761597, 182.543670654, 182.91519165, 183.275100708, 183.646621704, 184.0181427, 184.389663696, 184.749572754, 185.109481812, 185.480987549, 185.991836548, 186.502670288, 187.025115967, 187.570785522, 188.10484314, 188.638900757, 189.11491394, 189.579315186, 190.043716431, 190.508117676, 190.960906982, 191.413696289, 191.866485596, 192.319274902, 192.772064209, 193.248062134, 193.724075317, 194.211700439, 194.687713623, 195.175323486, 195.65133667, 196.150558472, 196.614959717, 197.0909729, 197.566986084, 198.089431763, 198.600265503, 199.122711182, 199.633560181, 200.144393921], "beats_loudness": {"dmean2": 0.0725826770067, "median": 0.0453075990081, "min": 9.77917746781e-10, "dvar2": 0.00335823907517, "dvar": 0.00108894810546, "dmean": 0.0387454256415, "max": 0.228448837996, "var": 0.00141970254481, "mean": 0.0541656054556}, "danceability": 1.1377671957, "bpm_histogram_second_peak_weight": {"dmean2": 0, "median": 0.31707316637, "min": 0.31707316637, "dvar2": 0, "dvar": 0, "dmean": 0, "max": 0.31707316637, "var": 0, "mean": 0.31707316637}, "beats_count": 534, "bpm_histogram_second_peak_bpm": {"dmean2": 0, "median": 167, "min": 167, "dvar2": 0, "dvar": 0, "dmean": 0, "max": 167, "var": 0, "mean": 167}, "bpm_histogram_first_peak_spread": {"dmean2": 0, "median": 0.0243161320686, "min": 0.0243161320686, "dvar2": 0, "dvar": 0, "dmean": 0, "max": 0.0243161320686, "var": 0, "mean": 0.0243161320686}, "beats_loudness_band_ratio": {"dmean2": [0.526211023331, 0.24897095561, 0.19043341279, 0.130222916603, 0.0686474069953, 0.21658654511], "median": [0.565270900726, 0.0909838378429, 0.0575129687786, 0.0365890450776, 0.0206818692386, 0.049538590014], "min": [0.000458657421404, 2.07677203434e-05, 0.000681060599163, 0.000231110549066, 0.000158756854944, 0.00091412832262], "dvar2": [0.135791614652, 0.0521117299795, 0.0395476780832, 0.0214271675795, 0.00709966616705, 0.0783973261714], "dvar": [0.0483021736145, 0.0177894718945, 0.0139364367351, 0.00806664302945, 0.00314805028029, 0.022568622604], "dmean": [0.295283406973, 0.140257790685, 0.106432117522, 0.0734427794814, 0.0399603024125, 0.114582382143], "max": [0.98705714941, 0.847691297531, 0.883814692497, 0.606346905231, 0.948763608932, 0.909975767136], "var": [0.0800367891788, 0.0252784229815, 0.016550462693, 0.00791552383453, 0.00948132388294, 0.0190973971039], "mean": [0.557853579521, 0.152162030339, 0.108776494861, 0.0689346268773, 0.0478107705712, 0.101640604436]}}, "lowlevel": {"barkbands_spread": {"dmean2": 15.7071933746, "median": 22.7328548431, "min": 0.600671172142, "dvar2": 331.773468018, "dvar": 152.492919922, "dmean": 10.4991502762, "max": 152.200302124, "var": 417.562225342, "mean": 28.154460907}, "melbands_spread": {"dmean2": 14.8119478226, "median": 15.9862689972, "min": 0.476820409298, "dvar2": 418.521759033, "dvar": 197.320785522, "dmean": 9.76877689362, "max": 201.657196045, "var": 695.159729004, "mean": 24.1660442352}, "hfc": {"dmean2": 16.6977138519, "median": 21.0062294006, "min": 1.23785328737e-16, "dvar2": 522.40222168, "dvar": 280.840393066, "dmean": 12.2209043503, "max": 305.991119385, "var": 779.749572754, "mean": 28.1999568939}, "barkbands_kurtosis": {"dmean2": 11.4983167648, "median": 3.79539370537, "min": -1.95374572277, "dvar2": 545.296325684, "dvar": 239.623031616, "dmean": 7.33330249786, "max": 398.594055176, "var": 474.849975586, "mean": 10.6824903488}, "gfcc": {"mean": [17.433549881, 55.700176239, -74.4787979126, 32.4056243896, -49.7972297668, 20.4423503876, -30.3509082794, 12.7059631348, -22.9963054657, 6.48494720459, -18.5989818573, 3.17942619324, -12.1821432114], "icov": [[0.000131359527586, -9.71956906142e-05, 0.000155633446411, -0.000214268147829, 0.000398260715883, -0.000517707900144, 0.000309724971885, -0.000105168692244, 0.000243738395511, -0.000358107732609, 0.000300300627714, -0.000350704969605, 0.000424321508035], [-9.71956906142e-05, 0.000842186738737, -0.000265529757598, 0.000454519729828, -0.000361832935596, 0.000203300194698, 2.84098041448e-05, 9.74583381321e-05, 6.81783276377e-05, 0.000293944205623, -0.00113087880891, 0.00097473221831, -0.000466395809781], [0.000155633446411, -0.000265529757598, 0.00152704596985, -0.000702167570125, 0.000772911240347, -0.000963098485954, 0.000527025084011, -0.000216704545892, 0.00091996754054, -0.000644327083137, 0.000360434438335, -0.0010872867424, 0.00039873609785], [-0.000214268147829, 0.000454519729828, -0.000702167570125, 0.00313986209221, -0.00188087380957, 0.00136101082899, -0.000532428792212, 0.000710842141416, -0.000950903107878, 0.000390928209526, -0.000271840573987, 0.00053335132543, -0.00123876822181], [0.000398260715883, -0.000361832935596, 0.000772911240347, -0.00188087380957, 0.00520044006407, -0.00118733255658, 0.00017504124844, -0.000620122591499, -0.000125240316265, -0.000590957759414, 0.000858924060594, -0.00170760415494, 0.0013203707058], [-0.000517707900144, 0.000203300194698, -0.000963098485954, 0.00136101082899, -0.00118733255658, 0.00893118977547, -0.00521051837131, 0.00141397083644, -0.00181788147893, 0.00121521006804, -0.00115796702448, 0.000113660185889, -0.000642936967779], [0.000309724971885, 2.84098041448e-05, 0.000527025084011, -0.000532428792212, 0.00017504124844, -0.00521051837131, 0.00988416001201, -0.00411251047626, 0.00208487687632, -0.00168538279831, 0.00035131839104, 0.00051437568618, -0.000113989386591], [-0.000105168692244, 9.74583381321e-05, -0.000216704545892, 0.000710842141416, -0.000620122591499, 0.00141397083644, -0.00411251047626, 0.0107283107936, -0.00484694261104, 0.00118804886006, -0.000213567502215, 0.00104231399018, -0.000891810748726], [0.000243738395511, 6.81783276377e-05, 0.00091996754054, -0.000950903107878, -0.000125240316265, -0.00181788147893, 0.00208487687632, -0.00484694261104, 0.0112761352211, -0.00419396115467, -0.000545093382243, 0.00131359358784, -2.76011232927e-05], [-0.000358107732609, 0.000293944205623, -0.000644327083137, 0.000390928209526, -0.000590957759414, 0.00121521006804, -0.00168538279831, 0.00118804886006, -0.00419396115467, 0.0155566846952, -0.00575165031478, 0.00175160495564, -0.00101305718999], [0.000300300627714, -0.00113087880891, 0.000360434438335, -0.000271840573987, 0.000858924060594, -0.00115796702448, 0.00035131839104, -0.000213567502215, -0.000545093382243, -0.00575165031478, 0.0158513579518, -0.00691107241437, 0.00299417832866], [-0.000350704969605, 0.00097473221831, -0.0010872867424, 0.00053335132543, -0.00170760415494, 0.000113660185889, 0.00051437568618, 0.00104231399018, 0.00131359358784, 0.00175160495564, -0.00691107241437, 0.0188780017197, -0.00730325654149], [0.000424321508035, -0.000466395809781, 0.00039873609785, -0.00123876822181, 0.0013203707058, -0.000642936967779, -0.000113989386591, -0.000891810748726, -2.76011232927e-05, -0.00101305718999, 0.00299417832866, -0.00730325654149, 0.0171697493643]], "cov": [[15800.4023438, 1049.22521973, -282.307189941, -144.496017456, -934.24822998, 600.466796875, -169.712020874, -210.066589355, -259.110229492, 156.895019531, -3.4193315506, 61.5863456726, -247.923553467], [1049.22521973, 1559.81286621, 150.904129028, -195.971908569, -73.8847579956, 46.0773773193, -32.2825927734, -31.6529712677, -46.9733390808, 20.9464454651, 91.5680084229, -24.3602409363, -20.8237247467], [-282.307189941, 150.904129028, 875.356933594, 91.2160568237, -53.088470459, 38.7035903931, -17.3376693726, -43.1869621277, -71.3074798584, 5.24534273148, 22.0355033875, 52.6068916321, 19.2307872772], [-144.496017456, -195.971908569, 91.2160568237, 481.785217285, 149.244293213, -46.0216064453, -8.47883319855, -4.61842918396, 30.5759105682, 4.64873313904, -11.2867689133, 17.07305336, 26.9465885162], [-934.24822998, -73.8847579956, -53.088470459, 149.244293213, 320.407318115, -15.4312076569, 30.8855419159, 34.6084594727, 47.3060798645, 0.850251078606, 0.107820674777, 7.22410678864, 13.0473814011], [600.466796875, 46.0773773193, 38.7035903931, -46.0216064453, -15.4312076569, 207.672943115, 93.5188293457, 18.3470973969, 8.63517856598, 13.9477310181, 13.9612894058, 7.04232645035, -5.87241983414], [-169.712020874, -32.2825927734, -17.3376693726, -8.47883319855, 30.8855419159, 93.5188293457, 181.962203979, 67.5654907227, 21.4080486298, 13.2224740982, 4.32510709763, -7.59979248047, 5.7800617218], [-210.066589355, -31.6529712677, -43.1869621277, -4.61842918396, 34.6084594727, 18.3470973969, 67.5654907227, 147.832092285, 68.1181945801, 10.907708168, 1.43513524532, -14.752872467, 5.38162994385], [-259.110229492, -46.9733390808, -71.3074798584, 30.5759105682, 47.3060798645, 8.63517856598, 21.4080486298, 68.1181945801, 145.754562378, 35.4157791138, 12.9715232849, -14.9771471024, 3.04643654823], [156.895019531, 20.9464454651, 5.24534273148, 4.64873313904, 0.850251078606, 13.9477310181, 13.2224740982, 10.907708168, 35.4157791138, 88.9225540161, 34.0397071838, 2.11725378036, -1.71549749374], [-3.4193315506, 91.5680084229, 22.0355033875, -11.2867689133, 0.107820674777, 13.9612894058, 4.32510709763, 1.43513524532, 12.9715232849, 34.0397071838, 94.5568389893, 26.581533432, -1.2900326252], [61.5863456726, -24.3602409363, 52.6068916321, 17.07305336, 7.22410678864, 7.04232645035, -7.59979248047, -14.752872467, -14.9771471024, 2.11725378036, 26.581533432, 80.3246688843, 26.3497657776], [-247.923553467, -20.8237247467, 19.2307872772, 26.9465885162, 13.0473814011, -5.87241983414, 5.7800617218, 5.38162994385, 3.04643654823, -1.71549749374, -1.2900326252, 26.3497657776, 75.7322006226]]}, "spectral_energyband_middle_low": {"dmean2": 0.00862659327686, "median": 0.00846672058105, "min": 2.93418467149e-22, "dvar2": 0.000187077006558, "dvar": 7.74343498051e-05, "dmean": 0.00558133702725, "max": 0.110051698983, "var": 0.000191564220586, "mean": 0.0128600178286}, "melbands_crest": {"dmean2": 5.68835639954, "median": 15.8535432816, "min": 1.5850777626, "dvar2": 25.3479690552, "dvar": 10.0615663528, "dmean": 3.54679489136, "max": 34.2030334473, "var": 31.0194835663, "mean": 16.0881938934}, "spectral_kurtosis": {"dmean2": 1.54577183723, "median": 2.71205329895, "min": -1.21277368069, "dvar2": 3.99031019211, "dvar": 1.95999991894, "dmean": 1.06710684299, "max": 48.1717796326, "var": 10.7047557831, "mean": 3.31801247597}, "spectral_rms": {"dmean2": 0.00178905599751, "median": 0.00563365640119, "min": 3.22117267755e-12, "dvar2": 6.58535873299e-06, "dvar": 2.86620911538e-06, "dmean": 0.00120265048463, "max": 0.0169869828969, "var": 7.81634480518e-06, "mean": 0.00572886411101}, "zerocrossingrate": {"dmean2": 0.0233755465597, "median": 0.06689453125, "min": 0.0029296875, "dvar2": 0.00054580217693, "dvar": 0.000470113300253, "dmean": 0.0204889513552, "max": 0.8310546875, "var": 0.00511591695249, "mean": 0.0839045345783}, "silence_rate_60dB": {"dmean2": 0.0397871844471, "median": 0, "min": 0, "dvar2": 0.0432941690087, "dvar": 0.0194959416986, "dmean": 0.0198912918568, "max": 1, "var": 0.0627661123872, "mean": 0.0672987997532}, "erbbands_kurtosis": {"dmean2": 1.76486361027, "median": -0.0352741479874, "min": -1.83690214157, "dvar2": 6.96873903275, "dvar": 3.27567744255, "dmean": 1.1551964283, "max": 57.1987495422, "var": 8.12532997131, "mean": 0.82695800066}, "erbbands": {"dmean2": [0.491548478603, 4.98534345627, 7.94944190979, 7.11273288727, 12.4814453125, 16.7070999146, 11.4643316269, 16.3717346191, 23.2709293365, 24.7272052765, 23.1941833496, 31.2661857605, 30.2269992828, 17.529914856, 16.8599872589, 23.3079166412, 22.8514518738, 19.3838691711, 15.1520643234, 16.2397251129, 14.5408411026, 13.6759338379, 12.526599884, 10.6886892319, 10.5570688248, 12.3611707687, 15.4574985504, 13.0289459229, 10.8926067352, 9.58081626892, 9.55115509033, 5.75592184067, 5.36049413681, 3.17883491516, 2.02590894699, 1.15227234364, 0.39901638031, 0.0844500362873, 0.00817376561463, 0.000417579023633], "median": [0.196534603834, 1.52612364292, 3.51861619949, 3.63276815414, 5.52287960052, 6.97455310822, 4.56465578079, 6.57905101776, 6.68204975128, 5.26597309113, 8.68552207947, 9.70002651215, 5.75193548203, 6.37105178833, 7.92222452164, 8.62099838257, 7.14269542694, 6.03898620605, 5.48713779449, 6.4941034317, 6.51255893707, 6.23469018936, 6.56212615967, 4.74337673187, 4.9031867981, 5.78538322449, 8.14812088013, 4.70035362244, 3.96360254288, 3.38190054893, 4.08999729156, 3.0265557766, 2.25035357475, 1.00697302818, 0.674423694611, 0.346216350794, 0.121452100575, 0.0206789970398, 0.00166478194296, 0.000131435139338], "min": [2.02636510687e-21, 1.09432529606e-20, 7.58413550096e-21, 2.28547773738e-20, 1.97250936435e-19, 2.37129520562e-19, 1.92717534314e-19, 3.00571275015e-19, 5.3104566226e-19, 1.37915482319e-18, 4.19450958465e-19, 6.53298614097e-19, 2.57702825885e-18, 1.56887841605e-18, 1.97013266766e-18, 5.69945598663e-18, 5.09244231541e-18, 2.95871669044e-18, 2.64564785374e-18, 5.29856042122e-18, 6.00333980981e-18, 5.02124150342e-18, 9.76020265971e-18, 7.39218970677e-18, 1.89176487332e-17, 1.07704937629e-17, 1.38243982624e-17, 1.26768812042e-17, 1.84012464943e-17, 1.68958489169e-17, 2.25405343801e-17, 1.72929237351e-17, 1.47515800479e-17, 1.3348732187e-17, 8.20125506391e-18, 6.21392386374e-18, 3.47727290773e-18, 1.3592762255e-18, 3.97799841973e-19, 3.78546282638e-20], "dvar2": [1.32971668243, 145.134613037, 209.928787231, 151.834182739, 540.909606934, 1058.49450684, 539.72668457, 1019.59124756, 4369.95800781, 4797.02246094, 3607.76879883, 5405.12841797, 6035.24609375, 1926.37268066, 1166.65270996, 1930.42614746, 3242.14160156, 2095.61132812, 1109.06005859, 1184.67285156, 743.519226074, 773.456176758, 495.958251953, 446.749603271, 362.37387085, 1870.26757812, 1647.29614258, 731.940795898, 557.658508301, 364.535888672, 313.744781494, 129.342498779, 105.012184143, 32.9173965454, 10.9702796936, 4.43844652176, 0.455279201269, 0.0229991916567, 0.00028084529913, 1.57139368184e-06], "dvar": [0.509608387947, 54.0235366821, 81.9559936523, 70.0962219238, 244.963195801, 468.060424805, 252.282669067, 440.210571289, 1867.02819824, 2055.76147461, 1633.86889648, 2478.23803711, 2379.6875, 780.822631836, 509.872375488, 819.488037109, 1222.17370605, 833.507385254, 441.044769287, 467.878997803, 307.817993164, 294.262115479, 203.736953735, 179.197723389, 144.533935547, 819.787475586, 739.028442383, 339.819610596, 271.14755249, 179.544265747, 149.493438721, 66.8907241821, 50.929397583, 15.5623207092, 5.20255279541, 1.86672353745, 0.200804099441, 0.00996162556112, 0.00013484946976, 6.44639214897e-07], "dmean": [0.297595918179, 2.95788526535, 4.79255628586, 4.44031429291, 7.85326099396, 10.7775440216, 7.52187156677, 10.2748432159, 14.4829330444, 15.9623098373, 15.1406345367, 20.7057380676, 18.8045768738, 11.1979846954, 10.8990287781, 14.696269989, 14.3483829498, 12.4607467651, 9.6820898056, 10.0855503082, 9.21596908569, 8.50039100647, 8.02801322937, 6.74146032333, 6.66963100433, 8.00962352753, 10.2113809586, 8.70475673676, 7.50544881821, 6.56235408783, 6.47398138046, 4.04118108749, 3.66629052162, 2.16738939285, 1.38575208187, 0.77607023716, 0.268908143044, 0.0557977817953, 0.0055062812753, 0.00028398426366], "max": [6.76059007645, 65.6533508301, 106.604850769, 170.821731567, 299.244934082, 558.618286133, 327.520233154, 509.215301514, 1010.51696777, 1033.03662109, 1059.14758301, 1238.01599121, 1232.6973877, 950.698852539, 550.673828125, 655.943481445, 1042.37988281, 761.784790039, 525.901123047, 358.079711914, 327.584381104, 321.319396973, 254.816513062, 210.980026245, 226.453735352, 1828.89196777, 1358.51855469, 514.883178711, 454.718170166, 332.493164062, 320.197723389, 253.883270264, 169.739151001, 76.3050231934, 52.3583450317, 24.3144817352, 6.57490205765, 1.760653615, 0.400388509035, 0.029698189348], "var": [0.50119560957, 50.2457313538, 103.298271179, 174.517791748, 535.666137695, 972.503356934, 574.52355957, 868.691894531, 2813.46118164, 2750.6237793, 3407.33374023, 6546.26464844, 4752.00097656, 1607.3762207, 1324.57299805, 1608.98693848, 1938.58325195, 1544.0456543, 752.183227539, 711.936340332, 540.855834961, 559.920349121, 342.188812256, 263.274261475, 257.345916748, 1071.55871582, 1292.10241699, 586.54107666, 506.813598633, 337.457702637, 354.496856689, 151.647201538, 106.922111511, 30.7523555756, 9.62235546112, 2.41858792305, 0.289567351341, 0.0138696525246, 0.000192861276446, 6.77773243751e-07], "mean": [0.439778715372, 4.01213645935, 7.01798820496, 7.07061576843, 11.4512243271, 15.6308393478, 12.3423643112, 15.996424675, 20.5878734589, 21.7887840271, 26.262172699, 38.3485298157, 30.8838424683, 19.8680534363, 21.7069473267, 24.0603866577, 22.1090717316, 21.4660415649, 16.1404266357, 15.9100456238, 14.7351074219, 14.3673124313, 13.1496686935, 10.325761795, 10.7449626923, 12.295050621, 16.7015800476, 12.5352582932, 11.1517429352, 9.49216747284, 10.4786787033, 6.42506313324, 5.35001659393, 2.92507386208, 1.83927512169, 0.962037622929, 0.344477295876, 0.0685078576207, 0.00672638230026, 0.000373809714802]}, "spectral_strongpeak": {"dmean2": 0.644309163094, "median": 0.395015448332, "min": 0, "dvar2": 1.32513999939, "dvar": 0.515452742577, "dmean": 0.376805990934, "max": 19.6433467865, "var": 0.662431001663, "mean": 0.666244089603}, "spectral_energy": {"dmean2": 0.0283190514892, "median": 0.0325315371156, "min": 1.06353519413e-20, "dvar2": 0.00272069242783, "dvar": 0.00107801670674, "dmean": 0.0180506855249, "max": 0.295771539211, "var": 0.00148391746916, "mean": 0.0416522137821}, "average_loudness": 0.868037164211, "spectral_rolloff": {"dmean2": 1523.10559082, "median": 753.662109375, "min": 43.06640625, "dvar2": 6080126.5, "dvar": 2732808, "dmean": 922.877441406, "max": 21640.8691406, "var": 7329715.5, "mean": 1851.53442383}, "spectral_centroid": {"dmean2": 523.732177734, "median": 1212.45874023, "min": 161.743164062, "dvar2": 348929.6875, "dvar": 174494.390625, "dmean": 352.823944092, "max": 10645.0380859, "var": 777814.875, "mean": 1441.45593262}, "pitch_salience": {"dmean2": 0.138618722558, "median": 0.507894814014, "min": 0.0543951243162, "dvar2": 0.0169095974416, "dvar": 0.00693120853975, "dmean": 0.0856217592955, "max": 0.907732307911, "var": 0.0185236614197, "mean": 0.497499644756}, "spectral_energyband_middle_high": {"dmean2": 0.00248632626608, "median": 0.00233938638121, "min": 1.23632159186e-21, "dvar2": 1.7689750166e-05, "dvar": 7.7062204582e-06, "dmean": 0.0016477907775, "max": 0.0581845529377, "var": 2.28488534049e-05, "mean": 0.00393752986565}, "spectral_contrast_coeffs": {"dmean2": [0.0853219553828, 0.0795411542058, 0.0664296522737, 0.0523383691907, 0.0349559187889, 0.0322826467454], "median": [-0.674503028393, -0.741800189018, -0.765320122242, -0.786356329918, -0.805097460747, -0.785728216171], "min": [-0.963395357132, -0.971062064171, -0.969383597374, -0.962923765182, -0.958108246326, -0.956673920155], "dvar2": [0.0048865955323, 0.00416301377118, 0.00291664409451, 0.00181235175114, 0.000788250181358, 0.000845651898999], "dvar": [0.00189470662735, 0.00170488771982, 0.00119758059736, 0.000716889917385, 0.000334831362125, 0.000365538551705], "dmean": [0.0517714470625, 0.0493407025933, 0.0415509566665, 0.0326488278806, 0.0215340666473, 0.0208808220923], "max": [-0.262910604477, -0.424669861794, -0.488389492035, -0.584320664406, -0.518134653568, -0.636611878872], "var": [0.00790282525122, 0.00698048761114, 0.00579507183284, 0.00307519058697, 0.00148756324779, 0.00179331609979], "mean": [-0.667787671089, -0.733795106411, -0.758172929287, -0.780472815037, -0.801400899887, -0.785172700882]}, "melbands_skewness": {"dmean2": 1.96192169189, "median": 3.26485943794, "min": -5.03704214096, "dvar2": 6.0733757019, "dvar": 2.61559414864, "dmean": 1.28561258316, "max": 21.3405075073, "var": 8.18717670441, "mean": 3.90605521202}, "spectral_spread": {"dmean2": 1325773.375, "median": 6502802, "min": 1303255.125, "dvar2": 1876232241150.0, "dvar": 1008829333500.0, "dmean": 952914.6875, "max": 41560696, "var": 3895354195970.0, "mean": 6754455.5}, "dissonance": {"dmean2": 0.0303636807948, "median": 0.473002493382, "min": 0.23746919632, "dvar2": 0.000952367670834, "dvar": 0.000363354454748, "dmean": 0.0184596795589, "max": 0.500000059605, "var": 0.000996088958345, "mean": 0.463833749294}, "spectral_skewness": {"dmean2": 0.314246177673, "median": 1.41206550598, "min": 0.000309055263642, "dvar2": 0.0988806635141, "dvar": 0.0518846400082, "dmean": 0.22034303844, "max": 5.19298458099, "var": 0.261282652617, "mean": 1.48799717426}, "spectral_flux": {"dmean2": 0.0554897412658, "median": 0.0846094563603, "min": 1.03127839601e-10, "dvar2": 0.00535607803613, "dvar": 0.00252554588951, "dmean": 0.0362360589206, "max": 0.460982173681, "var": 0.00473858090118, "mean": 0.099882751703