{"tonal": {"thpcp": [1, 0.689496636391, 0.196339279413, 0.101117670536, 0.133519858122, 0.362452298403, 0.547395050526, 0.412375658751, 0.440952897072, 0.593757390976, 0.38872730732, 0.17059853673, 0.130361646414, 0.136818319559, 0.304410040379, 0.482583701611, 0.347646325827, 0.16053929925, 0.141565024853, 0.15261118114, 0.443520367146, 0.686322212219, 0.394821494818, 0.168194428086, 0.21346873045, 0.202319279313, 0.261720210314, 0.348010510206, 0.274145305157, 0.335489183664, 0.476293861866, 0.305429309607, 0.119913451374, 0.109049797058, 0.178788051009, 0.576424181461], "hpcp": {"dmean2": [0.149316161871, 0.137958034873, 0.0937082618475, 0.0964094102383, 0.114708542824, 0.129864141345, 0.14170268178, 0.138457193971, 0.157175585628, 0.155576705933, 0.12411916256, 0.0813728943467, 0.0749914497137, 0.101760670543, 0.200532272458, 0.211155354977, 0.20489923656, 0.134506449103, 0.0786352008581, 0.0862428918481, 0.139941543341, 0.160754710436, 0.164454817772, 0.170853152871, 0.147743403912, 0.131809741259, 0.0941581651568, 0.0846384167671, 0.0984883829951, 0.148258373141, 0.131957620382, 0.129272818565, 0.0945172533393, 0.0851157233119, 0.0938348695636, 0.135786369443], "median": [0.0885050967336, 0.0541373118758, 0.00832223054022, 0.00349050341174, 0.00481402967125, 0.0162237919867, 0.0177436266094, 0.0127770658582, 0.0259006805718, 0.0384234301746, 0.0245645716786, 0.00574410613626, 0.00318805454299, 0.00839977152646, 0.0974794998765, 0.169724911451, 0.0874630957842, 0.0128931012005, 0.00398216675967, 0.00515489419922, 0.0325398370624, 0.0512697547674, 0.045268446207, 0.0365240834653, 0.0347683876753, 0.0248596295714, 0.0155909610912, 0.00972608849406, 0.00575464172289, 0.0215563122183, 0.0332341454923, 0.0208551958203, 0.008690033108, 0.0054229022935, 0.00923680700362, 0.052402459085], "min": [0, 0, 0, 0, 0, 0, 0, 0, 0, 0, 0, 0, 0, 0, 0, 0, 0, 0, 0, 0, 0, 0, 0, 0, 0, 0, 0, 0, 0, 0, 0, 0, 0, 0, 0, 0], "dvar2": [0.0649618133903, 0.0584887675941, 0.0534434840083, 0.0666522234678, 0.0708747208118, 0.0691222622991, 0.0788632854819, 0.0787695795298, 0.0910696312785, 0.0804429203272, 0.0588418319821, 0.0465975217521, 0.044640339911, 0.0494257099926, 0.085455596447, 0.0860933661461, 0.0815221443772, 0.0694918185472, 0.0480613820255, 0.0435368008912, 0.0559673681855, 0.0668792799115, 0.0716398879886, 0.0789700970054, 0.0699288919568, 0.0568749532104, 0.0454828217626, 0.0479803532362, 0.0572689659894, 0.0849281847477, 0.0585274733603, 0.058979190886, 0.0447953119874, 0.0456488057971, 0.0488870590925, 0.0515872463584], "dvar": [0.0283348653466, 0.0223684255034, 0.0195508077741, 0.0245477091521, 0.026706777513, 0.0259105656296, 0.030049353838, 0.0301934294403, 0.033601116389, 0.0328058563173, 0.0231761746109, 0.0174777451903, 0.0168528798968, 0.0193134825677, 0.0321044176817, 0.0378683209419, 0.0325719416142, 0.0261660963297, 0.0177939794958, 0.0165798533708, 0.0234135575593, 0.0284727308899, 0.0276854708791, 0.0305394120514, 0.0291792284697, 0.0228028427809, 0.0169323254377, 0.0175487659872, 0.0206376779824, 0.0287571251392, 0.0241834409535, 0.0213546790183, 0.0161901023239, 0.0169837903231, 0.018242970109, 0.0205732434988], "dmean": [0.0899747312069, 0.0809041559696, 0.0525820069015, 0.0545115619898, 0.0643961578608, 0.0763384252787, 0.0832490772009, 0.0804393440485, 0.0898862630129, 0.0927544534206, 0.0743034034967, 0.0465918593109, 0.0427871160209, 0.0595332458615, 0.119877465069, 0.130615577102, 0.123609192669, 0.0762691795826, 0.0439324006438, 0.0493243187666, 0.0849845260382, 0.0972199290991, 0.097382389009, 0.100132368505, 0.0887570008636, 0.0793960094452, 0.0539900548756, 0.0479090437293, 0.0550372563303, 0.0834963619709, 0.0804233178496, 0.0753945186734, 0.0535884015262, 0.0480430722237, 0.0534474812448, 0.0808480232954], "max": [1, 1, 1, 1, 1, 1, 1, 1, 1, 1, 1, 1, 1, 1, 1, 1, 1, 1, 1, 1, 1, 1, 1, 1, 1, 1, 1, 1, 1, 1, 1, 1, 1, 1, 1, 1], "var": [0.110823489726, 0.0379334762692, 0.0233051311225, 0.0453426167369, 0.0328706502914, 0.0356579907238, 0.0604273825884, 0.0418619699776, 0.044886212796, 0.077448181808, 0.0366386845708, 0.0153770735487, 0.015343233943, 0.0242772549391, 0.0618170425296, 0.142263203859, 0.0923271030188, 0.0233041085303, 0.0139930127189, 0.017024256289, 0.0433851405978, 0.0877197533846, 0.0525174625218, 0.060994733125, 0.110619835556, 0.0508639663458, 0.0201344657689, 0.0150118814781, 0.0199499148875, 0.0416678637266, 0.0838663876057, 0.053105443716, 0.0164734292775, 0.0186528377235, 0.019430719316, 0.0506747290492], "mean": [0.243695482612, 0.140191018581, 0.0597215406597, 0.0757972896099, 0.071838401258, 0.0929301530123, 0.123569637537, 0.097341991961, 0.119123637676, 0.169119775295, 0.108450137079, 0.042578201741, 0.0387207940221, 0.0634830668569, 0.204673483968, 0.355074435472, 0.244822621346, 0.0697150602937, 0.0359042994678, 0.0474094897509, 0.128697544336, 0.194365978241, 0.146424055099, 0.156571105123, 0.210828080773, 0.138027131557, 0.0605751797557, 0.0462880879641, 0.0485806874931, 0.108088225126, 0.171353131533, 0.12344031781, 0.0570034012198, 0.0502661205828, 0.0541883297265, 0.157482743263]}, "tuning_equal_tempered_deviation": 0.0148442508653, "chords_changes_rate": 0.0521180406213, "key_key": "D", "tuning_diatonic_strength": 0.482876688242, "key_scale": "minor", "chords_number_rate": 0.00285578286275, "tuning_frequency": 441.527557373, "tuning_nontempered_energy_ratio": 0.661382734776, "chords_histogram": [38.3864822388, 1.97524988651, 6.04474067688, 9.13850593567, 8.7815322876, 9.9714422226, 0.547358393669, 3.28415036201, 0.142789155245, 2.45121359825, 1.64207518101, 3.68871974945, 0.166587337852, 0.0475963838398, 0, 0, 0.190385535359, 0.0951927676797, 0.118990957737, 0.0475963838398, 0.0475963838398, 0.0951927676797, 2.617800951, 10.5188007355], "key_strength": 0.669738054276, "chords_key": "D", "chords_strength": {"dmean2": 0.00772736873478, "median": 0.507782816887, "min": 0.232061028481, "dvar2": 6.65565021336e-05, "dvar": 6.94578920957e-05, "dmean": 0.00971255451441, "max": 0.83400952816, "var": 0.0099456300959, "mean": 0.514726042747}, "chords_scale": "minor", "hpcp_entropy": {"dmean2": 0.868550240993, "median": 1.68653821945, "min": 0, "dvar2": 0.557735621929, "dvar": 0.216336920857, "dmean": 0.516784846783, "max": 4.12570142746, "var": 0.533942878246, "mean": 1.66337263584}}, "metadata": {"audio_properties": {"equal_loudness": 0, "codec": "mp3", "downmix": "mix", "sample_rate": 44100, "analysis_sample_rate": 44100, "bit_rate": 192000, "md5_encoded": "8108d703b8ad09da507c854910b114c2", "length": 195.082443237, "replay_gain": -5.89228057861, "lossless": false}, "version": {"essentia_build_sha": "2d9f1f26377add8aeb1075a9c2973f962c4f09fd", "essentia": "2.1-beta2", "extractor": "music 1.0", "essentia_git_sha": "v2.1_beta2-1-ge3940c0"}, "tags": {"title": ["Je M'endors"], "acoustid_fingerprint": ["AQADtEkSKVqWTCk69Rk4PVmO43qMJ0co4fjgSccz4TocH7Wi40eeQMqaHGGiJwa_40ceLQcvHVpafFFGWFm0kKhdqD9-VDLO9YMVShlqyNxx5wi9nbCPUhaNx0lz5Al-aMlzGGXC4clQHk1sSXiYnCh_Q0uuGPpx8miUpUS1DOcPnAkVXEoIVcwXROolWMGPJ2zx44_wFr3w__gTfIm64D1GKcdF40-OfhSclIePUgw-xBskavnwF7F0Cs2HXtpQyUGaiDy0D7mOJw-afaieg3QSIT806UL644SjpSyqJNmP60AOXY2OiM4XdCeeCx6eHKHpQz5DhPJC9PiNOHlQi40iiFRC5Drho7_wGflxHco_lHsELZcyPI2EWJuOWqYCryaOI4eOejuyXEfza_iX4Ek7XKuPhqkmhPTBOQf-QceNZjvaCHfCGeF-TJmPb7iF72gUaRpCTcJ_qOaRH7-Ph_jR5FEe49_R0A_yKMpRURB_hHjyfPieFReeccHUPLg_XLmRrkO7Q9ePfCpeGf8TxEkXvDIYHx6P-7jx40P44AhzlLwk6LmKPDt6mAuu4xd-1PvxhKgkG8nyKB9I7UF-Cu10GJc63Bu6qSV-vLB-IFbzDDpTCuF7nCsuRofVG5VsfCVOXD9yNNryBMpz4g-6TsfHkPiNP9gjNAyDXsKfGYe0RA_qHM5znEjzEkc41Jl6hKkO8kaOmXmKdjx-1MJdyHuLUJ-wHc2z4z9e4s6F8g1y9Uiu8PCI7muO-3hIfD3yLND0w91hZccv6tD1JkT4IG-P_4EG1wfDqEETGV0jzXhz4YJ2XXiQT_hkPDq-wPrRH3-Og2EyHP1xH49vIcx4QmNy4hJ-9IGdC1X6JVAl5cKF5kqPdoL-41OPpsrkQDpTnGjFLpAqSXlw3AyPW8cvPEnUGmIVWkNO4XgfTEoS5Wii441i3DrCH2J0JwgV9WjG8KiF_zidHYmbIY1tzEl6XCd-MHKiwclzXN8RZlGP61WgZ8SUH_2OMDsmjQuP-2i6B63CI3dy4MfDBHkSpeBfVM7xiGQUfA1iCvrhbkOoNs3wPcjVYI_wHPOn4LmTCtk4ok4yDfyF8AsYntDCKcUXXIOkZDfO7cgfCo--BD96_EmGx0GZPPjQ9ArCJ0iOiw9WE9Wiw9Seo-7RfER_JL2RT2FzNNkwcSpy5WBuNA92CdWToVFSGrEWpgqeObBx5Ie4cFPxJ3g-KEr7IHSi48y64D9ufMGPK3nQJJRK4dSWgnmiDMl55MKPfuALXj-qtMV_PLlRK0eYPdCHOGFi_MGTIXRCC1r6CfmHP8d3pNcOzU2QJUlMpviJR4d_fMYZmLl23Ei2kT7CpMZbpfjxnEZ5ItSh00rwRTbC6CMm3vgYPJ1I3AxyCo8QrcqDZxLOHM8OL_jBZWIcNDnXoU_W4cqMR1FyNGOOkPoErUfWwy_848cPa8d_-Phx8xR8Ep9Sg_MPH-HRfA9qSRqeI3b0oKvU4fBQZpaOcx86WjscHj56HmHyI9lwNVyEJ33Qc8NxjcfRJJdxjXhO_PhTNKnANMetoL8HJ1VUVHqqIgyjzKgT_PDxh8WXUPi0Dt2OJoe-o1KnD-mN72iaBtk_4D-az0uhPUF5wkugP8R7-HDOCD2P4w70MA-ud0Ev5Icn5bgshDV-KI-Ea8HVQNcT1NHxf3gJn8fTPoVmfAkihRH64cF_5OOFqhd0C8enC_FrPAvclEUPXDrK6Rvc47nR5MGbD_ej4TnCH1LSF3_xHP_xSUelZYfIHrkFj0Wf6bjBPEVT5UN-vAfeEV8v3MePMjzB5DhFdXiSJQ2aPxEmyeiS5UdzhbiYQ2H4DE1P9D_4Bz9OHlqfo0m8I2I_PHmDwnmO08OV5EQjacP54WJw7vhhRcoZIc_6Qkee0tj-gFWOLrl2NKE67Mtx5fiPxzme4E1mofCPvMOj43iG8ER85N_wH3eOr5uCXJKYow_R8Pjx7Qm0bIeGU8e_o1YOK2NwOhO08EVkBs1XCaWcC632gUmHf8L0B_4XJPGNsAHX5Lhk5uixTWLQcOnxCdEVRcZlBvLxjQhj16jxH0d2NI2g-cdBPcGVGb_wqQwS_jJevIW_48kX_DIOh8pxL7gWSUdeKE-aDHl41D-84z66ncIrjHXx4zxC9aHgHdLSIA-xbUmUox9u4DODJ3vwG8mSZwjnD8fRKdGVoome8LiFhgv6bDve4jmeLHHwvTE-YdKXCGm3E3qOeFGFPo9w8fiOLqA0ZUaaNoZG2XgmfZAeJTlyuthvnMzwLJiSo8qzGb_x6MUTB9eRJ4fuIWRC_PCLHzWe47im4z1OZKEuiM-OTiOOSvLROOFonIpSEuQtaPmGUA5OPkR74hd-PCfyHY4JIT3q402eEOceVLsOW0H-Q9eRT0M7S8SHMSF9nEqO_ELeD82soMyP2M_xbEfjQLMxW1lxezgTG_fR7cWZBj4R_DJ-PDueHP_R44ifG8-dBNXxo5Rw-dDgL8vRE81R5lBFXXjzBNV12Ikc6NKQH-3wU8YXCpckHU2OcCuR9Bcao3-KJ0dMHWryNAgbGyVe9MFzXLmQT9IEVTp-5PqBwzXqRMcf7PTQH26O-_jowY-KKj--HW0INxn648kxZc0mVHScBI9u8MKTI5SV5GiSQOceXJmOpoo0MN-R03jC_HjSdMMl40Fl6QhzFWuUSB_UZccpIl-G7yeaKSH6aBKFo8-Qfu2EK4wAIQRlxhEBCIXASEGgFIYYagQRgAJmDDBIEUaEEsQwZAUQQjgAKBEGMYEoUAgIQwUBQAhomIMIQEAAVUgRYQVRQiHkDHCCUYEAYkoVIxgByhnjgYBCUkGcEkQBZABQoroJAASOCQYEcUxwZIAAkkNsCGBOEEGEYRIAAAQAkigABAAkMSIYIQA4JIEQSgMqrCOUICYEk8AwQhRjQigAFBGQKEcZQYYAh4AwhgFlPBGMAAccokIIIhxSxhAAAxYOCaKUQAogICQSBhFHEADAMEaUMMoaAAAQgAFDBDDEAEs0gIgQIYBBlDIEFCBAUWWEEIQJQgQCgiAABgCEACJZA1AppIwAFCkjgCDEWQcgAgAQAIFzQBBBCDSCWYMAQoYog6RSRCFAiHQGKQGIAgQgpYAAlCiLATQCIEKABEILhRRh3FginACMGAEgcwQoJgAghEIBEABGIYGkAIQZ4QwAzhEBpHIGKicEAAgKgogkwjgjgFEEMsMU0QBAIhRxAghCDQAKAMCcAwIIQxBTBDEDAAACcaGYAIQoRRhgDBCmkFNEGEIUIgIBYwQiSBgiBTBACIOEAUEYKAEBgiJqGKNIgIKIAYoIAAAxEgAAhCLWCGYEAEQQYAQByCggAUOMAGSEMdQIQBmhQCkgHFCEIoMQQEQIhJBgABhELEIACUQEBQwRQCkgSgAB2AIGAiOEAwoJIEQAUhCMqAABACIRIAYIbQESBCgBBAIOCECIAoJIQoRSSjCIiHBgA-cCIBIRoKwQBBEligACGkQAcEAR7SATDCMnICGECsNIAUIQAJgzCgABhDHCUGEoEQQYJwiRhAhiFHMQQCKAJUBbZRRwSjhjACFEICIQUMAQLoQghABDCAPECkAQMgwQAwAxBBgBgANABIEgBIZMYISAhihDgDBWCCMMEYoIx4RXCAEmrFCKAQYQEFQJ4QwwhhiGACCAUOEEEIQBJpwQRBikgBEGMGeAYQYIIEQFAA"], "date": ["1993"], "genre": ["Folk/Rock"], "musicbrainz album type": ["Compilation"], "musicip_puid": ["38b3c238-5ae2-064e-7922-9af711c58b97"], "musicbrainz_recordingid": ["16b12c40-14ef-4925-8953-810e983df72c"], "musicbrainz_albumartistid": ["143d190c-11e8-4ecd-adf7-a68a3ccdaab1"], "musicbrainz_albumid": ["ab71b3bb-8b45-4767-80da-41df5cb0048c"], "artist": ["Michael Doucet & Beausoleil"], "tracknumber": ["06"], "bpm": ["128.03"], "album": ["Bayou Deluxe: the Best of Michael Doucet and Beausoleil"], "musicbrainz album release country": ["United States"], "acoustid_id": ["e494c1d2-0ff1-4211-b87e-66c522cc1f8e"], "musicbrainz_artistid": ["143d190c-11e8-4ecd-adf7-a68a3ccdaab1"], "file_name": "Michael Doucet & Beausoleil - Je M'endors.mp3"}}, "rhythm": {"bpm_histogram_first_peak_bpm": {"dmean2": 0, "median": 129, "min": 129, "dvar2": 0, "dvar": 0, "dmean": 0, "max": 129, "var": 0, "mean": 129}, "bpm": 127.76700592, "bpm_histogram_second_peak_spread": {"dmean2": 0, "median": 0.11111111939, "min": 0.11111111939, "dvar2": 0, "dvar": 0, "dmean": 0, "max": 0.11111111939, "var": 0, "mean": 0.11111111939}, "bpm_histogram_first_peak_weight": {"dmean2": 0, "median": 0.460240960121, "min": 0.460240960121, "dvar2": 0, "dvar": 0, "dmean": 0, "max": 0.460240960121, "var": 0, "mean": 0.460240960121}, "onset_rate": 2.9985537529, "beats_position": [0.510838985443, 1.01006805897, 1.49768710136, 1.97369611263, 2.43809509277, 2.90249419212, 3.36689329147, 3.83129239082, 4.29569149017, 4.76009082794, 5.22448968887, 5.6888885498, 6.15328788757, 6.6176867485, 7.08208608627, 7.5464849472, 8.01088428497, 8.47528362274, 8.93968200684, 9.4040813446, 9.86848068237, 10.321269989, 10.7972784042, 11.261677742, 11.7260770798, 12.1904764175, 12.6548748016, 13.1192741394, 13.5952835083, 14.0712919235, 14.5356912613, 15.0000905991, 15.4644899368, 15.9288883209, 16.3932876587, 16.8576869965, 17.3220863342, 17.786485672, 18.2508831024, 18.7152824402, 19.179681778, 19.6440811157, 20.1084804535, 20.5844898224, 21.0604991913, 21.5365066528, 22.0125160217, 22.4769153595, 22.9413146973, 23.405714035, 23.8701133728, 24.3345127106, 24.7989120483, 25.2633094788, 25.7277088165, 26.1921081543, 26.6565074921, 27.1209068298, 27.5853061676, 28.0497055054, 28.5024929047, 28.9668922424, 29.4196815491, 29.8840808868, 30.3600902557, 30.8244895935, 31.2888889313, 31.7648983002, 32.2292976379, 32.6936950684, 33.1580963135, 33.6224937439, 34.0868911743, 34.5512924194, 35.0273017883, 35.5033111572, 35.9677085876, 36.4437179565, 36.9197273254, 37.3841247559, 37.848526001, 38.3129234314, 38.7773246765, 39.2417221069, 39.7061233521, 40.1705207825, 40.6465301514, 41.1225395203, 41.5869369507, 42.0513381958, 42.5273475647, 43.0033569336, 43.4793624878, 43.9553718567, 44.4313812256, 44.9073905945, 45.3833999634, 45.8478012085, 46.3121986389, 46.7765960693, 47.2526054382, 47.7170066833, 48.1814041138, 48.6574134827, 49.1334228516, 49.5978240967, 50.0738296509, 50.5498390198, 51.0258483887, 51.5018577576, 51.9778671265, 52.4538764954, 52.9298858643, 53.4058952332, 53.8702926636, 54.3346939087, 54.7990913391, 55.2634925842, 55.7395019531, 56.2155075073, 56.6799087524, 57.1559181213, 57.6319274902, 58.0963249207, 58.5607261658, 59.0251235962, 59.4895210266, 59.9539222717, 60.4299316406, 60.9059410095, 61.3703384399, 61.8347396851, 62.2991371155, 62.7635345459, 63.227935791, 63.7039451599, 64.1799545288, 64.6443557739, 65.1087493896, 65.5731506348, 66.0375518799, 66.5019454956, 66.9663467407, 67.4307479858, 67.895149231, 68.3595428467, 68.8239440918, 69.2883453369, 69.7643508911, 70.2403640747, 70.7047576904, 71.1691589355, 71.6335601807, 72.0979614258, 72.5623550415, 73.0267562866, 73.4911575317, 73.9555511475, 74.4199523926, 74.8959655762, 75.3719711304, 75.8479766846, 76.3239898682, 76.7883911133, 77.252784729, 77.7287979126, 78.2048034668, 78.6692047119, 79.133605957, 79.6096115112, 80.0856246948, 80.561630249, 81.0260314941, 81.5020370483, 81.9780502319, 82.4540557861, 82.9184570313, 83.3944625854, 83.8588638306, 84.3348770142, 84.8224945068, 85.2868881226, 85.7512893677, 86.2273025513, 86.7033081055, 87.1677093506, 87.6437149048, 88.1197280884, 88.6073455811, 89.0717468262, 89.5477523804, 90.023765564, 90.4881591797, 90.9641723633, 91.4401779175, 91.9161911011, 92.3921966553, 92.8565979004, 93.3209991455, 93.7853927612, 94.2614059448, 94.737411499, 95.2134246826, 95.6894302368, 96.1538314819, 96.6182327271, 97.0826263428, 97.5586395264, 98.0346450806, 98.5222625732, 98.9982757568, 99.474281311, 99.9386825562, 100.403083801, 100.867477417, 101.331878662, 101.796279907, 102.260681152, 102.725074768, 103.189476013, 103.64226532, 104.095054626, 104.559455872, 105.023849487, 105.488250732, 105.952651978, 106.417053223, 106.869842529, 107.322631836, 107.787025452, 108.251426697, 108.715827942, 109.180221558, 109.644622803, 110.109024048, 110.585029602, 111.061042786, 111.525436401, 111.989837646, 112.454238892, 112.918640137, 113.394645691, 113.870658875, 114.33505249, 114.811065674, 115.287071228, 115.751472473, 116.227478027, 116.703491211, 117.191108704, 117.655509949, 118.131515503, 118.607528687, 119.083534241, 119.559547424, 120.035552979, 120.511566162, 120.987571716, 121.463577271, 121.939590454, 122.415596008, 122.879997253, 123.356010437, 123.832015991, 124.296417236, 124.760810852, 125.225212097, 125.701225281, 126.177230835, 126.664848328, 127.140861511, 127.628479004, 128.104492188, 128.580490112, 129.068115234, 129.544128418, 130.020126343, 130.496139526, 130.960540771, 131.436553955, 131.912567139, 132.388565063, 132.864578247, 133.340591431, 133.816589355, 134.280990601, 134.757003784, 135.233016968, 135.697418213, 136.173416138, 136.649429321, 137.125442505, 137.601455688, 138.065841675, 138.53024292, 139.006256104, 139.482269287, 139.946670532, 140.422668457, 140.898681641, 141.374694824, 141.850692749, 142.315093994, 142.779495239, 143.255508423, 143.731521606, 144.207519531, 144.683532715, 145.14793396, 145.612335205, 146.088348389, 146.564346313, 147.040359497, 147.516372681, 147.992385864, 148.468383789, 148.944396973, 149.420410156, 149.884811401, 150.349197388, 150.813598633, 151.289611816, 151.765625, 152.241622925, 152.717636108, 153.20526123, 153.681274414, 154.157272339, 154.598449707, 155.074462891, 155.550476074, 156.014877319, 156.490875244, 156.955276489, 157.431289673, 157.907302856, 158.383300781, 158.847702026, 159.32371521, 159.811340332, 160.287338257, 160.76335144, 161.239364624, 161.726974487, 162.179763794, 162.632553101, 163.096954346, 163.561355591, 164.025756836, 164.490158081, 164.966171265, 165.442169189, 165.918182373, 166.394195557, 166.858596802, 167.334594727, 167.81060791, 168.286621094, 168.751022339, 169.227020264, 169.691421509, 170.167434692, 170.643447876, 171.107849121, 171.572235107, 172.048248291, 172.524261475, 173.000274658, 173.476272583, 173.952285767, 174.416687012, 174.892700195, 175.35710144, 175.833099365, 176.309112549, 176.773513794, 177.237915039, 177.702316284, 178.166702271, 178.631103516, 179.095504761, 179.571517944, 180.047531128, 180.523529053, 180.999542236, 181.47555542, 181.951568604, 182.427566528, 182.891967773, 183.367980957, 183.843994141, 184.319992065, 184.796005249, 185.283630371, 185.759628296, 186.235641479, 186.723266602, 187.210876465, 187.698501587, 188.197723389, 188.685348511, 189.161361694, 189.637359619, 190.113372803, 190.47328186, 190.833190918, 191.193099976, 191.553009033, 191.924530029, 192.296051025, 192.655960083, 193.027481079, 193.399002075, 193.770523071, 194.130432129, 194.501953125], "beats_loudness": {"dmean2": 0.0257957130671, "median": 0.0226618181914, "min": 0.00010463779472, "dvar2": 0.00122387544252, "dvar": 0.000409936299548, "dmean": 0.014657786116, "max": 0.216767534614, "var": 0.000492080056574, "mean": 0.0290847420692}, "danceability": 1.14745187759, "bpm_histogram_second_peak_weight": {"dmean2": 0, "median": 0.0385542176664, "min": 0.0385542176664, "dvar2": 0, "dvar": 0, "dmean": 0, "max": 0.0385542176664, "var": 0, "mean": 0.0385542176664}, "beats_count": 416, "bpm_histogram_second_peak_bpm": {"dmean2": 0, "median": 123, "min": 123, "dvar2": 0, "dvar": 0, "dmean": 0, "max": 123, "var": 0, "mean": 123}, "bpm_histogram_first_peak_spread": {"dmean2": 0, "median": 0.502604186535, "min": 0.502604186535, "dvar2": 0, "dvar": 0, "dmean": 0, "max": 0.502604186535, "var": 0, "mean": 0.502604186535}, "beats_loudness_band_ratio": {"dmean2": [0.418477267027, 0.201261103153, 0.236930862069, 0.110969007015, 0.0673698186874, 0.090340718627], "median": [0.498951435089, 0.130987584591, 0.118884176016, 0.0532648563385, 0.0341277569532, 0.0544476062059], "min": [0.00803006067872, 0.00624089222401, 0.000908921414521, 3.26352310367e-05, 1.25592914628e-05, 5.6695582316e-05], "dvar2": [0.0863002538681, 0.0418341495097, 0.0511424839497, 0.0146753201261, 0.00433134008199, 0.00690496014431], "dvar": [0.0321900546551, 0.0145635390654, 0.0183614268899, 0.00512128928676, 0.00150814058725, 0.0023267341312], "dmean": [0.238964438438, 0.118672475219, 0.136148974299, 0.0648207888007, 0.0388888716698, 0.0526214651763], "max": [0.952448666096, 0.8430762887, 0.879093050957, 0.523906946182, 0.226451784372, 0.322161614895], "var": [0.0551224797964, 0.0186037551612, 0.026467859745, 0.0058901598677, 0.00173212378286, 0.00270513840951], "mean": [0.497949779034, 0.164610847831, 0.181830346584, 0.0770413503051, 0.0472681596875, 0.0670854151249]}}, "lowlevel": {"barkbands_spread": {"dmean2": 9.30098628998, "median": 23.0554943085, "min": 1.01484131813, "dvar2": 168.362182617, "dvar": 69.8947601318, "dmean": 6.02173137665, "max": 109.070045471, "var": 182.009033203, "mean": 25.4907875061}, "melbands_spread": {"dmean2": 9.72971439362, "median": 21.452299118, "min": 0.728666186333, "dvar2": 203.745117188, "dvar": 97.3856811523, "dmean": 6.32657194138, "max": 253.704467773, "var": 292.150177002, "mean": 24.4176387787}, "hfc": {"dmean2": 6.08092927933, "median": 12.2664518356, "min": 1.16807008097e-16, "dvar2": 85.9457015991, "dvar": 45.6144332886, "dmean": 4.41576337814, "max": 197.050094604, "var": 273.308349609, "mean": 17.3427467346}, "barkbands_kurtosis": {"dmean2": 5.16705942154, "median": 1.55429375172, "min": -1.84754514694, "dvar2": 361.445281982, "dvar": 126.105957031, "dmean": 3.02746510506, "max": 231.921646118, "var": 92.7807235718, "mean": 3.61147618294}, "gfcc": {"mean": [-16.5214977264, 111.205352783, -132.642852783, 63.0894393921, -76.2561416626, 28.3020763397, -40.2099113464, 6.47983503342, -7.26234865189, -8.67357254028, 6.6209564209, -9.3790473938, -2.65480732918], "icov": [[0.000615394266788, -0.00115756317973, 0.00104793801438, -0.00123176840134, 0.00204214360565, -0.00168908911292, 0.0016474945005, -0.00171496870462, 0.000736028538086, -0.000550518918317, 6.02991349297e-05, -8.95465709618e-05, 0.000423227029387], [-0.00115756317973, 0.00828657764941, -0.0036807092838, 0.00533102359623, -0.00720712868497, 0.00648908177391, -0.00738465273753, 0.00659197522327, -0.00456202402711, 0.00482195615768, -0.00446608103812, 0.00336284330115, -0.00240427372046], [0.00104793801438, -0.0036807092838, 0.00417438615113, -0.00419788481668, 0.00427898718044, -0.00442487979308, 0.00436686584726, -0.004137636628, 0.00358159071766, -0.0025057757739, 0.00149500917178, -0.00063342123758, 0.00133209885098], [-0.00123176840134, 0.00533102359623, -0.00419788481668, 0.0108203152195, -0.00864157639444, 0.004484442994, -0.00459360796958, 0.00609822105616, -0.00509494263679, 0.00249101105146, -0.00115257012658, 0.000444325414719, -0.00217757909559], [0.00204214360565, -0.00720712868497, 0.00427898718044, -0.00864157639444, 0.0153089938685, -0.00853364169598, 0.0064185927622, -0.00772392237559, 0.00297234323807, -0.00406122533605, 0.00136203959119, 9.9476739706e-05, 0.000191810613615], [-0.00168908911292, 0.00648908177391, -0.00442487979308, 0.004484442994, -0.00853364169598, 0.0160253625363, -0.010891196318, 0.00600145524368, -0.00208547944203, 0.000531614292413, 0.000527266587596, -0.00107100931928, -0.00037664177944], [0.0016474945005, -0.00738465273753, 0.00436686584726, -0.00459360796958, 0.0064185927622, -0.010891196318, 0.0174076147377, -0.0111378980801, 0.00411221385002, 0.000431981112342, -0.00203333771788, 0.000380479352316, 0.00118891138118], [-0.00171496870462, 0.00659197522327, -0.004137636628, 0.00609822105616, -0.00772392237559, 0.00600145524368, -0.0111378980801, 0.0167795829475, -0.00667888950557, 0.000672768335789, 0.00172718544491, -0.00111847626977, 0.00102808745578], [0.000736028538086, -0.00456202402711, 0.00358159071766, -0.00509494263679, 0.00297234323807, -0.00208547944203, 0.00411221385002, -0.00667888950557, 0.0135959424078, -0.00571708614007, 0.00149585027248, 0.00149251974653, -0.0018644266529], [-0.000550518918317, 0.00482195615768, -0.0025057757739, 0.00249101105146, -0.00406122533605, 0.000531614292413, 0.000431981112342, 0.000672768335789, -0.00571708614007, 0.0156751219183, -0.00647932244465, 0.00174197973683, 0.000253136415267], [6.02991349297e-05, -0.00446608103812, 0.00149500917178, -0.00115257012658, 0.00136203959119, 0.000527266587596, -0.00203333771788, 0.00172718544491, 0.00149585027248, -0.00647932244465, 0.017564047128, -0.00952798034996, 0.00644422508776], [-8.95465709618e-05, 0.00336284330115, -0.00063342123758, 0.000444325414719, 9.9476739706e-05, -0.00107100931928, 0.000380479352316, -0.00111847626977, 0.00149251974653, 0.00174197973683, -0.00952798034996, 0.020367981866, -0.0104167098179], [0.000423227029387, -0.00240427372046, 0.00133209885098, -0.00217757909559, 0.000191810613615, -0.00037664177944, 0.00118891138118, 0.00102808745578, -0.0018644266529, 0.000253136415267, 0.00644422508776, -0.0104167098179, 0.0158852282912]], "cov": [[4519.06884766, -305.281616211, -684.473388672, -200.854568481, -484.824493408, 81.9060668945, -76.3088989258, 180.063079834, -15.4024953842, 53.959854126, 42.4291419983, 12.885679245, -146.317565918], [-305.281616211, 629.395141602, -1.50618648529, -50.3858680725, 124.420684814, -79.2321624756, 144.799560547, -70.650604248, 47.6094856262, -99.4045181274, 96.5180053711, -56.0915718079, 18.2028541565], [-684.473388672, -1.50618648529, 738.888061523, 166.936050415, 77.5826568604, 93.9425506592, -28.5156803131, 14.0759210587, -59.723526001, 48.5245246887, -36.3805999756, -0.408520519733, -11.8475112915], [-200.854568481, -50.3858680725, 166.936050415, 268.91998291, 138.722366333, 39.1048622131, -19.7505607605, 0.480637252331, 54.9566268921, 35.4081840515, -23.9511146545, 13.7564754486, 45.912815094], [-484.824493408, 124.420684814, 77.5826568604, 138.722366333, 258.876953125, 52.687461853, 52.9475631714, 26.9761142731, 63.2486839294, 22.0132408142, 2.50586032867, -7.19364261627, 38.0124397278], [81.9060668945, -79.2321624756, 93.9425506592, 39.1048622131, 52.687461853, 171.358016968, 69.0867233276, 54.796459198, -9.28961658478, 31.3727283478, -8.25382614136, 14.7079000473, -10.5790367126], [-76.3088989258, 144.799560547, -28.5156803131, -19.7505607605, 52.9475631714, 69.0867233276, 200.049942017, 68.9545593262, 9.3916387558, -24.9440460205, 38.8866539001, -9.45200157166, -15.2774448395], [180.063079834, -70.650604248, 14.0759210587, 0.480637252331, 26.9761142731, 54.796459198, 68.9545593262, 164.457565308, 38.8000259399, 35.0850639343, -14.1630792618, -0.284111142159, -21.8819046021], [-15.4024953842, 47.6094856262, -59.723526001, 54.9566268921, 63.2486839294, -9.28961658478, 9.3916387558, 38.8000259399, 147.437896729, 35.2063140869, -1.65756130219, -11.0551567078, 26.1266136169], [53.959854126, -99.4045181274, 48.5245246887, 35.4081840515, 22.0132408142, 31.3727283478, -24.9440460205, 35.0850639343, 35.2063140869, 120.489891052, 14.7795572281, 8.16125202179, -14.0557508469], [42.4291419983, 96.5180053711, -36.3805999756, -23.9511146545, 2.50586032867, -8.25382614136, 38.8866539001, -14.1630792618, -1.65756130219, 14.7795572281, 114.795730591, 23.8500862122, -20.3344497681], [12.885679245, -56.0915718079, -0.408520519733, 13.7564754486, -7.19364261627, 14.7079000473, -9.45200157166, -0.284111142159, -11.0551567078, 8.16125202179, 23.8500862122, 92.8634414673, 44.0405883789], [-146.317565918, 18.2028541565, -11.8475112915, 45.912815094, 38.0124397278, -10.5790367126, -15.2774448395, -21.8819046021, 26.1266136169, -14.0557508469, -20.3344497681, 44.0405883789, 119.16116333]]}, "spectral_energyband_middle_low": {"dmean2": 0.00560261309147, "median": 0.00571671826765, "min": 2.89058300398e-22, "dvar2": 0.000150842315634, "dvar": 6.9084824645e-05, "dmean": 0.00378601485863, "max": 0.31066763401, "var": 0.000284896610538, "mean": 0.0117337824777}, "melbands_crest": {"dmean2": 4.07560157776, "median": 13.0975494385, "min": 1.96720075607, "dvar2": 17.0423717499, "dvar": 6.82606363297, "dmean": 2.5391459465, "max": 34.6384086609, "var": 22.5054283142, "mean": 13.8145828247}, "spectral_kurtosis": {"dmean2": 1.92887842655, "median": 2.35246372223, "min": -1.22070944309, "dvar2": 4.70678281784, "dvar": 1.57471060753, "dmean": 1.14531505108, "max": 38.0033340454, "var": 7.61516475677, "mean": 2.71085548401}, "spectral_rms": {"dmean2": 0.000958765740506, "median": 0.00405454169959, "min": 3.24685395757e-12, "dvar2": 2.70880491371e-06, "dvar": 1.09580469143e-06, "dmean": 0.000629847520031, "max": 0.0178637076169, "var": 3.45892840414e-06, "mean": 0.00448598153889}, "zerocrossingrate": {"dmean2": 0.0123536139727, "median": 0.0556640625, "min": 0.00390625, "dvar2": 0.000277111248579, "dvar": 0.000209392484976, "dmean": 0.010291332379, "max": 0.4990234375, "var": 0.00101576978341, "mean": 0.0619157254696}, "silence_rate_60dB": {"dmean2": 0.0147601477802, "median": 0, "min": 0, "dvar2": 0.0171617045999, "dvar": 0.00732448045164, "dmean": 0.0073791956529, "max": 1, "var": 0.0206193961203, "mean": 0.0210639052093}, "erbbands_kurtosis": {"dmean2": 1.072453022, "median": -0.317097723484, "min": -1.7956315279, "dvar2": 6.30147695541, "dvar": 2.38345861435, "dmean": 0.684288680553, "max": 139.134643555, "var": 46.2020683289, "mean": 0.587803006172}, "erbbands": {"dmean2": [0.161353826523, 1.46878111362, 1.84302067757, 2.57892465591, 4.35357809067, 5.19492387772, 8.83790397644, 12.4297094345, 25.8467693329, 43.5145835876, 25.0240917206, 21.6842327118, 12.3100481033, 10.0957450867, 15.6358175278, 23.5359840393, 29.1859035492, 16.4869976044, 13.41746521, 9.07009220123, 9.69330978394, 13.0184736252, 9.56358528137, 5.52228975296, 12.5230426788, 2.99389910698, 2.19139575958, 3.07635450363, 5.31405830383, 4.72066831589, 4.0022149086, 2.86759066582, 1.73069524765, 0.863543450832, 0.379046201706, 0.026079710573, 0.000667011365294, 4.65804514533e-05, 1.05471863208e-05, 1.37760334837e-05], "median": [0.086115963757, 0.946066200733, 1.25412142277, 2.12232375145, 2.44088888168, 2.57041740417, 4.00002145767, 6.71949672699, 8.83222484589, 7.54770851135, 8.79761791229, 5.77123451233, 4.18751192093, 4.66239309311, 5.56024885178, 13.377573967, 9.46485900879, 4.67137432098, 5.52744436264, 4.64823865891, 8.54173278809, 11.1235208511, 7.1543340683, 5.67984008789, 7.86069774628, 3.34296774864, 2.28765416145, 3.14930462837, 3.91318964958, 3.65985417366, 2.48921132088, 1.46311223507, 0.648232281208, 0.237555071712, 0.0503218472004, 0.00212419359013, 9.71214612946e-05, 1.35117279569e-05, 1.25897950056e-05, 2.16722619371e-05], "min": [1.75956199886e-21, 2.72546237534e-21, 5.38199653341e-21, 3.42234766269e-20, 1.21698947622e-19, 2.07727062571e-19, 3.47058618645e-19, 8.65557295181e-19, 6.74506594424e-19, 3.62721102598e-19, 8.01524054891e-19, 1.26769781912e-18, 1.64787313057e-18, 2.62909865802e-18, 6.36766985625e-18, 6.59241358791e-18, 5.61099687834e-18, 5.19259486244e-18, 6.43565376284e-18, 7.76789596817e-18, 1.65276658632e-17, 8.33412260416e-18, 1.32625019169e-17, 1.89343974863e-17, 1.7295291126e-17, 9.73954382392e-18, 1.78417580715e-17, 1.81781691179e-17, 1.81690866748e-17, 1.25921696377e-17, 2.0704160333e-17, 1.77878391305e-17, 1.32356218557e-17, 1.51865893689e-17, 1.23277787257e-17, 6.84024020815e-18, 2.57300816107e-18, 1.19052920919e-18, 2.73550076137e-19, 3.77424968232e-20], "dvar2": [0.419537514448, 25.9935283661, 20.5687332153, 21.3801383972, 80.8052597046, 178.492965698, 435.100067139, 956.803466797, 7712.18359375, 40389.7539063, 7693.27539063, 7289.36083984, 1971.60961914, 681.829772949, 3168.96777344, 5224.31884766, 6552.78564453, 4499.88623047, 3461.38647461, 815.223754883, 251.147064209, 487.674438477, 295.518615723, 116.756011963, 555.776306152, 15.8144731522, 9.2616853714, 21.4828109741, 109.597969055, 92.8473510742, 88.1243286133, 99.1627197266, 30.1111106873, 7.02033805847, 1.59475171566, 0.019046485424, 8.6494073912e-06, 2.48122713487e-08, 4.86622853124e-10, 8.21191614708e-10], "dvar": [0.151989594102, 9.12250995636, 7.37688398361, 7.275847435, 31.5499916077, 81.3481369019, 203.096389771, 414.487976074, 3633.04052734, 17998.7675781, 3298.92871094, 3191.14086914, 936.343200684, 275.729064941, 1257.5871582, 2194.67211914, 2702.86474609, 1797.65441895, 1318.49353027, 359.336212158, 112.072273254, 204.050430298, 125.801712036, 45.8512954712, 215.893432617, 7.50685119629, 4.84460639954, 9.71871471405, 44.2009162903, 47.5085754395, 43.7166175842, 51.3173980713, 16.5923976898, 3.09685301781, 0.641248643398, 0.00692433398217, 3.20496587847e-06, 9.76686553855e-09, 2.11882386636e-10, 3.24485882608e-10], "dmean": [0.0916417390108, 0.833352386951, 1.07480096817, 1.58446359634, 2.7361676693, 3.35888648033, 6.16480255127, 8.32348632813, 17.2825374603, 28.9927864075, 17.0045623779, 14.6551275253, 8.41272735596, 6.70861339569, 10.5248336792, 16.7008457184, 19.0377006531, 10.6980075836, 8.76896190643, 6.07269382477, 6.66943979263, 8.73549556732, 6.35036945343, 3.68004083633, 7.90536117554, 2.04634332657, 1.54334390163, 2.08800506592, 3.42950344086, 3.29530119896, 2.87686944008, 1.93810582161, 1.1736947298, 0.564320921898, 0.242288544774, 0.0161907114089, 0.000423113116995, 3.05399698846e-05, 7.11055281499e-06, 8.90142018761e-06], "max": [5.32626533508, 37.0949859619, 42.834602356, 77.1097259521, 158.236526489, 359.933929443, 371.917877197, 684.996582031, 2089.78662109, 6221.11328125, 1934.47509766, 2385.74487305, 1223.7376709, 490.076538086, 1426.90930176, 1733.59985352, 1312.71411133, 1365.72729492, 1446.38891602, 932.984863281, 299.090606689, 399.614349365, 228.899169922, 230.607803345, 505.949432373, 82.559135437, 54.3376617432, 94.3075180054, 241.532272339, 206.355453491, 254.701828003, 499.438812256, 165.230102539, 77.5300369263, 25.6279907227, 4.64531517029, 0.0928687751293, 0.00419672438875, 0.00044060574146, 0.000378478202038], "var": [0.11300265044, 5.92542791367, 7.54236030579, 21.2001285553, 104.683738708, 255.399414063, 668.438354492, 1242.27844238, 9458.15234375, 44744.6328125, 7942.06640625, 8732.60058594, 2985.84594727, 721.570251465, 3187.45605469, 6737.75292969, 7824.72851563, 4569.62451172, 1985.05627441, 1076.11193848, 455.276580811, 772.286315918, 442.939819336, 140.851608276, 780.462890625, 31.7913322449, 16.966878891, 31.0097293854, 83.8519973755, 97.182220459, 81.6956558228, 115.706192017, 41.3852767944, 4.41023397446, 0.900074720383, 0.00731708668172, 3.73350349037e-06, 1.35918343247e-08, 4.554418509e-10, 7.42525985142e-10], "mean": [0.162769272923, 1.31817126274, 2.04252386093, 3.51050782204, 6.01050567627, 6.96326971054, 13.3472385406, 17.0607051849, 31.579498291, 50.7791404724, 34.2994155884, 29.4177265167, 18.3790378571, 13.4188728333, 22.0837364197, 38.1508712769, 39.0874977112, 21.0598831177, 15.6703147888, 12.8529558182, 16.0149555206, 20.4997158051, 14.897444725, 9.63893604279, 18.1061153412, 5.13301515579, 3.62204027176, 4.86186027527, 6.8506398201, 6.69021749496, 5.19621133804, 3.4218711853, 1.94293141365, 0.796198010445, 0.280701369047, 0.0168729741126, 0.000492492574267, 4.29493629781e-05, 1.95700667973e-05, 3.02025018755e-05]}, "spectral_strongpeak": {"dmean2": 0.688810229301, "median": 0.303868055344, "min": 0, "dvar2": 1.38634586334, "dvar": 0.564576089382, "dmean": 0.417632430792, "max": 13.6972818375, "var": 1.29030668736, "mean": 0.864860534668}, "spectral_energy": {"dmean2": 0.0115864556283, "median": 0.01685029082, "min": 1.08056113992e-20, "dvar2": 0.000689447741024, "dvar": 0.000265481299721, "dmean": 0.00733771873638, "max": 0.327089875937, "var": 0.000531698577106, "mean": 0.0241725370288}, "average_loudness": 0.637238264084, "spectral_rolloff": {"dmean2": 913.228210449, "median": 1184.32617188, "min": 86.1328125, "dvar2": 2748535.5, "dvar": 1174936, "dmean": 530.785339355, "max": 20155.078125, "var": 1914090.875, "mean": 1466.07324219}, "spectral_centroid": {"dmean2": 347.456726074, "median": 1343.71081543, "min": 170.89642334, "dvar2": 154455.234375, "dvar": 72477.4296875, "dmean": 229.630233765, "max": 10602.4345703, "var": 319799.78125, "mean": 1406.92016602}, "pitch_salience": {"dmean2": 0.0927151739597, "median": 0.486007720232, "min": 0.0814545229077, "dvar2": 0.00944375246763, "dvar": 0.00356059148908, "dmean": 0.0577459186316, "max": 0.895147681236, "var": 0.0110241612419, "mean": 0.485281258821}, "spectral_energyband_middle_high": {"dmean2": 0.00175187946297, "median": 0.00260588270612, "min": 1.84155950826e-21, "dvar2": 1.123833772e-05, "dvar": 4.90144930154e-06, "dmean": 0.00123974168673, "max": 0.0694524496794, "var": 2.61420063907e-05, "mean": 0.00429632887244}, "spectral_contrast_coeffs": {"dmean2": [0.0672153457999, 0.0668192207813, 0.0524563454092, 0.0454741232097, 0.0338225848973, 0.0254292357713], "median": [-0.681157112122, -0.692633092403, -0.709266901016, -0.710741460323, -0.72384005785, -0.74704438448], "min": [-0.955064952374, -0.950812101364, -0.958900630474, -0.962379097939, -0.957870841026, -0.959748804569], "dvar2": [0.0033038824331, 0.0030287373811, 0.00194149452727, 0.00132403348107, 0.000760446069762, 0.000505903037265], "dvar": [0.00123387144413, 0.00122598465532, 0.000831401383039, 0.000576293270569, 0.000373666960513, 0.000211571983527], "dmean": [0.040822185576, 0.0423585213721, 0.0341064184904, 0.0298517756164, 0.0230581276119, 0.0164490304887], "max": [-0.334305465221, -0.322884589434, -0.444465756416, -0.506004571915, -0.584546029568, -0.632554888725], "var": [0.00570804346353, 0.00663435691968, 0.00500988494605, 0.00350292702205, 0.00256004184484, 0.00105142674875], "mean": [-0.673035383224, -0.685006678104, -0.706557810307, -0.711785614491, -0.727048158646, -0.748000204563]}, "melbands_skewness": {"dmean2": 1.05441665649, "median": 2.52003240585, "min": -0.649858891964, "dvar2": 4.00894784927, "dvar": 1.5857489109, "dmean": 0.685194313526, "max": 23.106306076, "var": 2.76715683937, "mean": 2.77461409569}, "spectral_spread": {"dmean2": 687179.625, "median": 4563971, "min": 1846872, "dvar2": 835446898688, "dvar": 501685518336, "dmean": 496822.09375, "max": 40000600, "var": 1546084548610.0, "mean": 4888299}, "dissonance": {"dmean2": 0.0317437723279, "median": 0.458817899227, "min": 0.259176760912, "dvar2": 0.000787229102571, "dvar": 0.000296187528875, "dmean": 0.0189374312758, "max": 0.500000059605, "var": 0.000792476057541, "mean": 0.453854233027}, "spectral_skewness": {"dmean2": 0.284170508385, "median": 1.30741143227, "min": -0.327759951353, "dvar2": 0.0685966834426, "dvar": 0.0276901256293, "dmean": 0.177667364478, "max": 5.33302688599, "var": 0.18522772193, "mean": 1.32077121735}, "spectral_flux": {"dmean2": 0.0304530747235, "median": 0.0484646968544, "min": 1.03950043018e-10, "dvar2": 0.00224017584696, "dvar": 0.000992411747575, "dmean": 0.0189447198063, "max": 0.384675174952, "var": 0.00215457961895, "mean": 0.0628166794777}, "spectral_contrast_valleys": {"dmean2": [0.52440738678, 0.462283462286, 0.416245818138, 0.363606572151, 0.299518197775, 0.328413456678], "median": [-7.01207637787, -6.91396188736, -7.97401094437, -8.49404525757, -8.22292804718, -10.1899213791], "min": [-27.2937221527, -27.5229911804, -27.148015976, -27.1379299164, -27.329208374, -27.19506073], "dvar2": [0.218338906765, 0.137547761202, 0.118978023529, 0.0873199924827, 0.0792042315006, 0.144437551498], "dvar": [0.107798703015, 0.0668654590845, 0.0581712722778, 0.047454290092, 0.0542489178479, 0.0908093452454], "dmean": [0.327230513096, 0.290800660849, 0.260997384787, 0.234396725893, 0.212286651134, 0.254699498415], "max": [-5.38801670074, -4.94663381577, -5.52028560638, -6.42203092575, -6.32489347458, -7.53929185867], "var": [0.592242538929, 0.668049037457, 0.890503942966, 0.772992968559, 0.682136356831, 0.754433095455], "mean": [-7.14662265778, -6.94996833801, -8.01938533783, -8.50327301025, -8.20313644409, -10.178358078]}, "erbbands_flatness_db": {"dmean2": 0.0193614624441, "median": 0.168300822377, "min": 0.0556294061244, "dvar2": 0.000333955249516, "dvar": 0.000179159411346, "dmean": 0.013823733665, "max": 0.35659840703, "var": 0.00112408201676, "mean": 0.169018551707}, "spectral_energyband_high": {"dmean2": 0.000429239822552, "median": 0.000423633813625, "min": 7.65176720956e-21, "dvar2": 6.91107345574e-07, "dvar": 3.55926886186e-07, "dmean": 0.000306886155158, "max": 0.0211206004024, "var": 8.94216100278e-07, "mean": 0.000705400598235}, "spectral_entropy": {"dmean2": 0.211252868176, "median": 7.37736225128, "min": 4.42737150192, "dvar2": 0.0459519401193, "dvar": 0.0241364631802, "dmean": 0.151130259037, "max": 9.79942512512, "var": 0.187562450767, "mean": 7.37434005737}, "silence_rate_20dB": {"dmean2": 0, "median": 1, "min": 1, "dvar2": 0, "dvar": 0, "dmean": 0, "max": 1, "var":