{"tonal": {"thpcp": [1, 0.714730083942, 0.722113490105, 0.672556936741, 0.463662326336, 0.470241695642, 0.511186361313, 0.600004911423, 0.851925373077, 0.951346874237, 0.69816249609, 0.434086233377, 0.337779700756, 0.410406649113, 0.665263175964, 0.709618091583, 0.496077626944, 0.36906799674, 0.367375701666, 0.448000758886, 0.596973001957, 0.612835168839, 0.5354372859, 0.563672482967, 0.541402459145, 0.624144136906, 0.742915034294, 0.552163481712, 0.444404065609, 0.669042944908, 0.78784006834, 0.640037715435, 0.50392049551, 0.482146859169, 0.632802188396, 0.975135922432], "hpcp": {"dmean2": [0.281155586243, 0.271514594555, 0.231832459569, 0.235249653459, 0.25739723444, 0.281061768532, 0.33209002018, 0.333758682013, 0.287400484085, 0.225593060255, 0.184625953436, 0.211456164718, 0.256726026535, 0.271373063326, 0.234335929155, 0.192869707942, 0.186985120177, 0.212403446436, 0.245084136724, 0.2587236166, 0.252826571465, 0.254638075829, 0.235788017511, 0.301269590855, 0.362470060587, 0.262020558119, 0.22400392592, 0.279909968376, 0.302377402782, 0.271347045898, 0.256295710802, 0.261445015669, 0.291950076818, 0.340593039989, 0.342254668474, 0.293470323086], "median": [0.0462520159781, 0.0404970645905, 0.0383130647242, 0.0338808968663, 0.0348179265857, 0.0452035330236, 0.0745132118464, 0.0764047503471, 0.0506884530187, 0.0291435066611, 0.0237703211606, 0.0290412902832, 0.0432736091316, 0.0448537804186, 0.0340581536293, 0.0240824148059, 0.0252608824521, 0.0322325862944, 0.0430599711835, 0.0456567928195, 0.0381241776049, 0.0328032933176, 0.0353975221515, 0.0389604754746, 0.0356335006654, 0.0366349294782, 0.0288494993001, 0.0466562137008, 0.0529525056481, 0.0430571474135, 0.0308741424233, 0.0310268681496, 0.0469539314508, 0.084397919476, 0.0883178934455, 0.0702058672905], "min": [0, 0, 0, 0, 0, 0, 0, 0, 0, 0, 0, 0, 0, 0, 0, 0, 0, 0, 0, 0, 0, 0, 0, 0, 0, 0, 0, 0, 0, 0, 0, 0, 0, 0, 0, 0], "dvar2": [0.139762923121, 0.14186578989, 0.117872029543, 0.122806340456, 0.12870810926, 0.137436076999, 0.153762310743, 0.151558920741, 0.134990990162, 0.120686084032, 0.0910454764962, 0.105755597353, 0.1214678213, 0.123417407274, 0.115624271333, 0.0901104658842, 0.0834766030312, 0.101829916239, 0.122990563512, 0.126702740788, 0.126666083932, 0.127976462245, 0.106197826564, 0.143002972007, 0.218756109476, 0.108068078756, 0.107178039849, 0.131715849042, 0.133155986667, 0.124698027968, 0.132980808616, 0.150741204619, 0.149867236614, 0.157012745738, 0.155687168241, 0.138431951404], "dvar": [0.0547985546291, 0.0562456473708, 0.0424043312669, 0.0455612652004, 0.0487107858062, 0.0522973462939, 0.060235530138, 0.0620775185525, 0.0522353127599, 0.0447034873068, 0.0324809327722, 0.0373901836574, 0.0489017702639, 0.0513020791113, 0.042927518487, 0.033201508224, 0.031233984977, 0.0386240892112, 0.0479130074382, 0.0482947677374, 0.0477673634887, 0.0510310791433, 0.0428480580449, 0.0533725470304, 0.0846508145332, 0.0409907326102, 0.0403791628778, 0.051961068064, 0.0557524934411, 0.0500972419977, 0.0499750860035, 0.0538273490965, 0.0555834658444, 0.0622285157442, 0.0640248507261, 0.0507591851056], "dmean": [0.159799814224, 0.152545198798, 0.128167197108, 0.131202429533, 0.143904387951, 0.159917220473, 0.19074088335, 0.192469075322, 0.164096951485, 0.125591605902, 0.10137680918, 0.117639072239, 0.147861242294, 0.153989106417, 0.131667837501, 0.107154652476, 0.104276075959, 0.120489776134, 0.139402031898, 0.147733911872, 0.143057122827, 0.14604909718, 0.135165676475, 0.167372524738, 0.200474113226, 0.146787688136, 0.126086145639, 0.161306172609, 0.17440380156, 0.156346127391, 0.142436176538, 0.143763154745, 0.163724258542, 0.199890315533, 0.198706462979, 0.16572342813], "max": [1, 1, 1, 1, 1, 1, 1, 1, 1, 1, 1, 1, 1, 1, 1, 1, 1, 1, 1, 1, 1, 1, 1, 1, 1, 1, 1, 1, 1, 1, 1, 1, 1, 1, 1, 1], "var": [0.0761738717556, 0.0727716162801, 0.0338683649898, 0.038613896817, 0.0438435748219, 0.0513116009533, 0.0747316479683, 0.0935152247548, 0.0633466988802, 0.0382574684918, 0.0244045238942, 0.0309522952884, 0.0659065470099, 0.0729536414146, 0.0398757830262, 0.0280538313091, 0.0267344005406, 0.0358192585409, 0.055767994374, 0.0555040985346, 0.045469339937, 0.0547007247806, 0.0489727146924, 0.0522573255002, 0.0863953456283, 0.0413609035313, 0.0361290350556, 0.0595460869372, 0.0777779072523, 0.0586763471365, 0.045823071152, 0.0440666861832, 0.0565806031227, 0.087823882699, 0.0951612442732, 0.0551841519773], "mean": [0.172847181559, 0.160985171795, 0.110983557999, 0.112558417022, 0.12235904485, 0.143618911505, 0.203919321299, 0.227717146277, 0.167114198208, 0.103904135525, 0.0808519273996, 0.0982361212373, 0.159239321947, 0.169856235385, 0.118742577732, 0.0883411839604, 0.0879361107945, 0.107234761119, 0.142893180251, 0.146689996123, 0.128163814545, 0.134922280908, 0.129591658711, 0.149396941066, 0.177826300263, 0.132167443633, 0.106373846531, 0.16014406085, 0.188579678535, 0.153201282024, 0.120619863272, 0.115408070385, 0.151469364762, 0.233411356807, 0.239362895489, 0.171079859138]}, "tuning_equal_tempered_deviation": 0.195250794291, "chords_changes_rate": 0.0885750949383, "key_key": "E", "tuning_diatonic_strength": 0.606237947941, "key_scale": "major", "chords_number_rate": 0.00238400883973, "tuning_frequency": 434.193115234, "tuning_nontempered_energy_ratio": 0.897427141666, "chords_histogram": [33.376121521, 31.3222084045, 5.96002197266, 0, 0.9902805686, 0.513478815556, 2.34733176231, 0.953603506088, 1.08197319508, 0.293416470289, 0, 0.0550155863166, 0, 1.52209794521, 0.440124690533, 1.11865031719, 0, 1.83385288715, 2.03557682037, 0.953603506088, 1.08197319508, 2.89748764038, 4.34623146057, 6.87694835663], "key_strength": 0.596638023853, "chords_key": "E", "chords_strength": {"dmean2": 0.019159771502, "median": 0.497493624687, "min": 0.234929054976, "dvar2": 0.000262674177065, "dvar": 0.000175746405148, "dmean": 0.0162441544235, "max": 0.780236423016, "var": 0.0108237396926, "mean": 0.504832983017}, "chords_scale": "major", "hpcp_entropy": {"dmean2": 1.28812789917, "median": 2.21602225304, "min": 0, "dvar2": 1.05282318592, "dvar": 0.393093407154, "dmean": 0.768689751625, "max": 4.46313476562, "var": 0.668779015541, "mean": 2.21351289749}}, "metadata": {"audio_properties": {"equal_loudness": 0, "codec": "mp3", "downmix": "mix", "sample_rate": 44100, "analysis_sample_rate": 44100, "bit_rate": 160017, "md5_encoded": "f28a669385a8c54149f4cccd98e73e5b", "length": 253.178771973, "replay_gain": -14.6616420746, "lossless": false}, "version": {"essentia_build_sha": "70f2e5ece6736b2c40cc944ad0e695b16b925413", "essentia": "2.1-beta2", "extractor": "music 1.0", "essentia_git_sha": "v2.1_beta2"}, "tags": {"title": ["Mo' Money Mo' Problems"], "date": ["1997"], "file_name": "The Notorious B.I.G. - Mo Money Mo Problems (feat. Mase & Puff Daddy).mp3", "musicbrainz_recordingid": ["16b6425a-669e-4a91-a240-0091603e8012"], "artistsort": ["Notorious B.I.G., The"], "encoding": ["Lavf56.36.100"], "artist": ["The Notorious B.I.G."], "tracknumber": ["10/0"], "bpm": ["0"], "album": ["Life After Death (Deluxe Version)"], "discnumber": ["0/0"], "musicbrainz_artistid": ["d5d97b2b-b83b-4976-814a-056d9076c8c3"]}}, "rhythm": {"bpm_histogram_first_peak_bpm": {"dmean2": 0, "median": 103, "min": 103, "dvar2": 0, "dvar": 0, "dmean": 0, "max": 103, "var": 0, "mean": 103}, "bpm": 104.268341064, "bpm_histogram_second_peak_spread": {"dmean2": 0, "median": 0, "min": 0, "dvar2": 0, "dvar": 0, "dmean": 0, "max": 0, "var": 0, "mean": 0}, "bpm_histogram_first_peak_weight": {"dmean2": 0, "median": 0.547945201397, "min": 0.547945201397, "dvar2": 0, "dvar": 0, "dmean": 0, "max": 0.547945201397, "var": 0, "mean": 0.547945201397}, "onset_rate": 5.24111509323, "beats_position": [0.580498874187, 1.17260766029, 1.77632653713, 2.39165520668, 2.99537420273, 3.5758728981, 4.14476203918, 4.71365070343, 5.2941493988, 5.87464857101, 6.44353723526, 7.01242637634, 7.59292507172, 8.16181373596, 8.73070240021, 9.29959201813, 9.86848068237, 10.4373693466, 11.0062580109, 11.5867567062, 12.1672563553, 12.7361450195, 13.3050336838, 13.8855323792, 14.4660310745, 15.0465307236, 15.6038093567, 16.1843090057, 16.7648067474, 17.3453063965, 17.9141941071, 18.483083725, 19.0635814667, 19.6324710846, 20.2129707336, 20.7934684753, 21.3855781555, 21.942855835, 22.5001354218, 23.0806350708, 23.6611328125, 24.2416324615, 24.8221302032, 25.4026298523, 25.9715194702, 26.5404071808, 27.1209068298, 27.7014045715, 28.2819042206, 28.8391838074, 29.4196815491, 30.0001811981, 30.5806789398, 31.1495685577, 31.7184581757, 32.2989578247, 32.8794555664, 33.4599533081, 34.028842926, 34.6093406677, 35.1782302856, 35.7587280273, 36.3392295837, 36.9197273254, 37.5002250671, 38.0691146851, 38.638004303, 39.2185020447, 39.7989997864, 40.3678894043, 40.9367790222, 41.5056686401, 42.0745582581, 42.6550559998, 43.2355537415, 43.8044433594, 44.3733329773, 44.953830719, 45.5343284607, 46.1148300171, 46.6953277588, 47.2526054382, 47.8331069946, 48.4136047363, 48.994102478, 49.5746040344, 50.1434898376, 50.7123794556, 51.2928771973, 51.8733787537, 52.4422683716, 53.0227661133, 53.5916557312, 54.1721534729, 54.7526512146, 55.333152771, 55.9136505127, 56.4825401306, 57.0514259338, 57.6319274902, 58.2124252319, 58.7813148499, 59.3502044678, 59.919090271, 60.4879798889, 61.0684814453, 61.6373672485, 62.2178688049, 62.7867546082, 63.3672561646, 63.9477539062, 64.5282516479, 65.1087493896, 65.6776428223, 66.2465286255, 66.8270263672, 67.4191360474, 67.98802948, 68.5569152832, 69.1258010864, 69.7062988281, 70.2868041992, 70.8556900024, 71.4361877441, 72.0050811768, 72.5855789185, 73.1660766602, 73.7465744019, 74.3270721436, 74.8959655762, 75.4648513794, 76.0453491211, 76.6258468628, 77.1947402954, 77.7636260986, 78.3325119019, 78.9014053345, 79.4819030762, 80.0507888794, 80.619682312, 81.2001800537, 81.7806777954, 82.3611755371, 82.9416732788, 83.5221786499, 84.1026763916, 84.6831741333, 85.263671875, 85.8441696167, 86.4014511108, 86.9703369141, 87.5392303467, 88.1197280884, 88.7002258301, 89.2691116333, 89.8380050659, 90.4185028076, 90.9990005493, 91.579498291, 92.1599960327, 92.7404937744, 93.309387207, 93.8782730103, 94.458770752, 95.039276123, 95.6081619263, 96.1770477295, 96.7459411621, 97.3148269653, 97.895324707, 98.4758224487, 99.0447158813, 99.6136016846, 100.194099426, 100.774604797, 101.355102539, 101.935600281, 102.516098022, 103.084983826, 103.653877258, 104.245986938, 104.814872742, 105.383758545, 105.952651978, 106.533149719, 107.113647461, 107.682540894, 108.263038635, 108.831924438, 109.41242218, 109.992919922, 110.585029602, 111.153923035, 111.722808838, 112.291702271, 112.872200012, 113.452697754, 114.021583557, 114.59047699, 115.159362793, 115.728248596, 116.308753967, 116.889251709, 117.458137512, 118.038635254, 118.607528687, 119.188026428, 119.76852417, 120.349021912, 120.929519653, 121.498413086, 122.078910828, 122.671020508, 123.239906311, 123.797187805, 124.366073608, 124.94657135, 125.527069092, 126.095962524, 126.664848328, 127.245346069, 127.82585144, 128.406341553, 128.986846924, 129.567337036, 130.136230469, 130.705123901, 131.285614014, 131.866119385, 132.435012817, 133.003890991, 133.572784424, 134.141677856, 134.722167969, 135.30267334, 135.883178711, 136.463668823, 137.032562256, 137.601455688, 138.181945801, 138.762451172, 139.342941284, 139.923446655, 140.503936768, 141.084442139, 141.653335571, 142.222213745, 142.791107178, 143.36000061, 143.940490723, 144.520996094, 145.101501465, 145.6587677, 146.239273071, 146.819763184, 147.400268555, 147.980773926, 148.5496521, 149.118545532, 149.699050903, 150.279541016, 150.848434448, 151.417327881, 151.997817993, 152.578323364, 153.158813477, 153.727706909, 154.296600342, 154.877090454, 155.457595825, 156.038085938, 156.60697937, 157.175872803, 157.756362915, 158.325256348, 158.905761719, 159.49786377, 160.066757202, 160.635650635, 161.204528809, 161.773422241, 162.353912354, 162.922805786, 163.491699219, 164.072189331, 164.652694702, 165.233200073, 165.813690186, 166.394195557, 166.96307373, 167.531967163, 168.112472534, 168.692962646, 169.273468018, 169.85395813, 170.411239624, 170.991744995, 171.560638428, 172.129516602, 172.710021973, 173.278915405, 173.859405518, 174.42829895, 175.008789062, 175.600906372, 176.181396484, 176.750289917, 177.330795288, 177.9112854, 178.468566895, 179.037460327, 179.606338501, 180.186843872, 180.767349243, 181.347839355, 181.928344727, 182.485626221, 183.066116333, 183.646621704, 184.227111816, 184.807617188, 185.37651062, 185.945388794, 186.525894165, 187.106384277, 187.67527771, 188.244171143, 188.824661255, 189.405166626, 189.985671997, 190.542938232, 191.123443604, 191.703948975, 192.284439087, 192.864944458, 193.433822632, 194.014328003, 194.583221436, 195.152099609, 195.73260498, 196.324707031, 196.893600464, 197.450881958, 198.019775391, 198.600265503, 199.180770874, 199.749649048, 200.31854248, 200.899047852, 201.479537964, 202.060043335, 202.640533447, 203.221038818, 203.789932251, 204.358810425, 204.939315796, 205.519821167, 206.088699341, 206.657592773, 207.238098145, 207.818588257, 208.399093628, 208.967971802, 209.536865234, 210.117370605, 210.697860718, 211.278366089, 211.847259521, 212.427749634, 212.996643066, 213.577133179, 214.15763855, 214.738143921, 215.307022095, 215.864303589, 216.433197021, 217.013687134, 217.594192505, 218.163085938, 218.74357605, 219.312469482, 219.892959595, 220.473464966, 221.053970337, 221.634460449, 222.203353882, 222.772247314, 223.352737427, 223.933242798, 224.502120972, 225.071014404, 225.651519775, 226.232009888, 226.812515259, 227.369796753, 227.950286865, 228.530792236, 229.111282349, 229.69178772, 230.260681152, 230.841171265, 231.410064697, 231.97895813, 232.559448242, 233.151565552, 233.708831787, 234.27772522, 234.846618652, 235.427108765, 236.007614136, 236.576507568, 237.145385742, 237.725891113, 238.306396484, 238.886886597, 239.467391968, 240.04788208, 240.616775513, 241.185668945, 241.766159058, 242.346664429, 242.915557861, 243.484436035, 244.064941406, 244.645431519, 245.214324951, 245.783218384, 246.363708496, 246.944213867, 247.524719238, 248.105209351, 248.674102783, 249.254592896, 249.823486328, 250.392379761, 250.972869873, 251.553375244, 252.133865356, 252.702758789], "beats_loudness": {"dmean2": 0.0822570323944, "median": 0.040200330317, "min": 1.10937598947e-05, "dvar2": 0.00534993084148, "dvar": 0.00197018682957, "dmean": 0.0482448600233, "max": 0.25587156415, "var": 0.00266024866141, "mean": 0.0546049922705}, "danceability": 1.40698421001, "bpm_histogram_second_peak_weight": {"dmean2": 0, "median": 0.0365296788514, "min": 0.0365296788514, "dvar2": 0, "dvar": 0, "dmean": 0, "max": 0.0365296788514, "var": 0, "mean": 0.0365296788514}, "beats_count": 439, "bpm_histogram_second_peak_bpm": {"dmean2": 0, "median": 108, "min": 108, "dvar2": 0, "dvar": 0, "dmean": 0, "max": 108, "var": 0, "mean": 108}, "bpm_histogram_first_peak_spread": {"dmean2": 0, "median": 0.429928779602, "min": 0.429928779602, "dvar2": 0, "dvar": 0, "dmean": 0, "max": 0.429928779602, "var": 0, "mean": 0.429928779602}, "beats_loudness_band_ratio": {"dmean2": [0.617696225643, 0.153414383531, 0.150504529476, 0.268897861242, 0.193157270551, 0.194018438458], "median": [0.608318328857, 0.0400322079659, 0.0303752198815, 0.0707247704268, 0.0562966950238, 0.0566421151161], "min": [0.00095740496181, 6.52677626931e-05, 0.00054213614203, 0.000303641718347, 0.00151936605107, 0.00132546178065], "dvar2": [0.147660449147, 0.0265267901123, 0.040090341121, 0.0886176228523, 0.0326424501836, 0.033450782299], "dvar": [0.0565559975803, 0.0101031493396, 0.0148177966475, 0.0323688052595, 0.0123733459041, 0.0136202536523], "dmean": [0.385089337826, 0.0835102200508, 0.0846007987857, 0.157490089536, 0.108996465802, 0.111261583865], "max": [0.986458361149, 0.770088136196, 0.877575814724, 0.966235935688, 0.602894365788, 0.746290326118], "var": [0.0998239889741, 0.0091790035367, 0.0126236164942, 0.0285431556404, 0.0115973027423, 0.013747648336], "mean": [0.54937595129, 0.0739968568087, 0.0733975246549, 0.134995624423, 0.0956353917718, 0.098135240376]}}, "lowlevel": {"barkbands_spread": {"dmean2": 14.5253257751, "median": 24.5839767456, "min": 0.33978548646, "dvar2": 224.265319824, "dvar": 99.0598831177, "dmean": 9.55659580231, "max": 111.410614014, "var": 250.227050781, "mean": 26.5346336365}, "melbands_spread": {"dmean2": 20.4100914001, "median": 26.9950370789, "min": 0.27870208025, "dvar2": 677.895324707, "dvar": 313.084594727, "dmean": 13.3953971863, "max": 251.314926147, "var": 736.108947754, "mean": 32.7536239624}, "hfc": {"dmean2": 11.3362731934, "median": 12.132361412, "min": 1.22019900317e-16, "dvar2": 234.596206665, "dvar": 140.217254639, "dmean": 8.39495277405, "max": 188.385147095, "var": 480.157714844, "mean": 19.4578018188}, "barkbands_kurtosis": {"dmean2": 9.59666919708, "median": 0.781961202621, "min": -1.91709136963, "dvar2": 534.511291504, "dvar": 251.569793701, "dmean": 6.24415016174, "max": 510.120178223, "var": 329.034088135, "mean": 5.88025951385}, "gfcc": {"mean": [-28.8183364868, 49.8276939392, -121.966377258, 26.8237991333, -49.9471359253, 21.9030323029, -41.2289123535, 7.99793386459, -27.0530490875, 3.79323482513, -14.5101690292, 0.590061485767, -16.4342002869], "icov": [[0.000136694667162, -7.13476329111e-05, 2.10471498576e-05, -0.00013550100266, 6.84176629875e-05, 8.43915586302e-06, -2.6561836421e-05, -4.45748701168e-05, 8.03198199719e-05, -0.000153092536493, 0.000302041851683, -0.000285394460661, 0.000351008842699], [-7.13476329111e-05, 0.00135581300128, -0.000354516290827, 0.000105884115328, -0.00103165872861, 0.00116965081543, -0.00109782523941, 0.000600833329372, -0.000584797002375, 0.00159206718672, -0.00185379362665, 0.00203997967765, -0.00145238556433], [2.10471498576e-05, -0.000354516290827, 0.0013159327209, -0.00083536922466, -1.09335235265e-06, -0.000552616489585, 0.00038875057362, -0.00066419999348, 0.000559768173844, -0.000508317665663, 0.0010248972103, -0.00201081484556, 0.00130889599677], [-0.00013550100266, 0.000105884115328, -0.00083536922466, 0.00250575877726, -0.000605150475167, 0.000472676765639, -0.000760930939578, 0.000720428477507, -0.000898628612049, 0.00015154670109, -0.00014836822811, 0.00173759402242, -0.00171298754867], [6.84176629875e-05, -0.00103165872861, -1.09335235265e-06, -0.000605150475167, 0.00351067562588, -0.00245552556589, 0.00123399088625, -0.00057015218772, -0.00158848753199, -0.000220721092774, 0.000720018986613, -0.00111177621875, 0.000716111971997], [8.43915586302e-06, 0.00116965081543, -0.000552616489585, 0.000472676765639, -0.00245552556589, 0.0058212778531, -0.00383204268292, 0.00183485553134, -0.000133245179313, -0.000547652191017, -0.00110675324686, 0.00114269310143, -0.00109459052328], [-2.6561836421e-05, -0.00109782523941, 0.00038875057362, -0.000760930939578, 0.00123399088625, -0.00383204268292, 0.00681029167026, -0.00415115524083, 0.00211311876774, -0.00157642678823, 0.000752490304876, -0.000953138805926, 0.00105602026451], [-4.45748701168e-05, 0.000600833329372, -0.00066419999348, 0.000720428477507, -0.00057015218772, 0.00183485553134, -0.00415115524083, 0.010463770479, -0.00571365375072, 0.00195258110762, -0.00173402659129, -0.000184010263183, -0.000385424908018], [8.03198199719e-05, -0.000584797002375, 0.000559768173844, -0.000898628612049, -0.00158848753199, -0.000133245179313, 0.00211311876774, -0.00571365375072, 0.0137627376243, -0.00571903632954, 0.0012590449769, -0.000799232395366, 0.000208098266739], [-0.000153092536493, 0.00159206718672, -0.000508317665663, 0.00015154670109, -0.000220721092774, -0.000547652191017, -0.00157642678823, 0.00195258110762, -0.00571903632954, 0.0135338557884, -0.0050161681138, 0.00156487280037, -0.000858292041812], [0.000302041851683, -0.00185379362665, 0.0010248972103, -0.00014836822811, 0.000720018986613, -0.00110675324686, 0.000752490304876, -0.00173402659129, 0.0012590449769, -0.0050161681138, 0.0120894089341, -0.00521484808996, 0.00202454160899], [-0.000285394460661, 0.00203997967765, -0.00201081484556, 0.00173759402242, -0.00111177621875, 0.00114269310143, -0.000953138805926, -0.000184010263183, -0.000799232395366, 0.00156487280037, -0.00521484808996, 0.0154419010505, -0.00713252602145], [0.000351008842699, -0.00145238556433, 0.00130889599677, -0.00171298754867, 0.000716111971997, -0.00109459052328, 0.00105602026451, -0.000385424908018, 0.000208098266739, -0.000858292041812, 0.00202454160899, -0.00713252602145, 0.0145541988313]], "cov": [[8847.62695312, 245.463562012, 602.586547852, 582.468139648, 12.9876890182, -12.1667966843, 181.081634521, 54.6189804077, -3.84493136406, 15.7503728867, -191.067077637, 22.4428958893, -149.209609985], [245.463562012, 1879.32397461, 315.116333008, 375.849334717, 521.23046875, -7.91345405579, 188.801483154, 86.6507568359, 102.992408752, -86.0302047729, 125.864982605, -96.8231048584, 88.3681564331], [602.586547852, 315.116333008, 1456.64172363, 514.83807373, 392.715759277, 262.165496826, 186.258514404, 128.865493774, 89.3403015137, 59.0727310181, -10.2097797394, 117.415016174, -2.03154802322], [582.468139648, 375.849334717, 514.83807373, 732.024536133, 309.333129883, 131.749923706, 138.558990479, 55.5959396362, 90.6894989014, 31.7133331299, -7.9960064888, -13.0468645096, 44.7146720886], [12.9876890182, 521.23046875, 392.715759277, 309.333129883, 734.183105469, 312.405517578, 162.937393188, 108.273078918, 156.582595825, 64.3079299927, 55.9608459473, 26.9168777466, 38.167263031], [-12.1667966843, -7.91345405579, 262.165496826, 131.749923706, 312.405517578, 477.024200439, 251.304794312, 67.2026824951, 64.2972106934, 92.9116516113, 43.7437400818, 38.1747436523, 12.6664381027], [181.081634521, 188.801483154, 186.258514404, 138.558990479, 162.937393188, 251.304794312, 366.343017578, 124.802307129, 45.8340606689, 56.954334259, 44.7482910156, 19.5752296448, 7.70982217789], [54.6189804077, 86.6507568359, 128.865493774, 55.5959396362, 108.273078918, 67.2026824951, 124.802307129, 185.991317749, 85.135887146, 33.5454292297, 36.9604377747, 30.1376895905, 8.26997947693], [-3.84493136406, 102.992408752, 89.3403015137, 90.6894989014, 156.582595825, 64.2972106934, 45.8340606689, 85.135887146, 150.090866089, 61.9916267395, 30.1089134216, 16.4383220673, 14.4474201202], [15.7503728867, -86.0302047729, 59.0727310181, 31.7133331299, 64.3079299927, 92.9116516113, 56.954334259, 33.5454292297, 61.9916267395, 133.504272461, 46.6130638123, 23.9127292633, 2.25592398643], [-191.067077637, 125.864982605, -10.2097797394, -7.9960064888, 55.9608459473, 43.7437400818, 44.7482910156, 36.9604377747, 30.1089134216, 46.6130638123, 139.184631348, 34.2430038452, 15.1523866653], [22.4428958893, -96.8231048584, 117.415016174, -13.0468645096, 26.9168777466, 38.1747436523, 19.5752296448, 30.1376895905, 16.4383220673, 23.9127292633, 34.2430038452, 121.328193665, 34.4967346191], [-149.209609985, 88.3681564331, -2.03154802322, 44.7146720886, 38.167263031, 12.6664381027, 7.70982217789, 8.26997947693, 14.4474201202, 2.25592398643, 15.1523866653, 34.4967346191, 100.029792786]]}, "spectral_energyband_middle_low": {"dmean2": 0.00919206254184, "median": 0.00239204033278, "min": 3.45276567472e-22, "dvar2": 0.000348488072632, "dvar": 0.00014620978618, "dmean": 0.00570739805698, "max": 0.137184083462, "var": 0.000150876643602, "mean": 0.0067595699802}, "melbands_crest": {"dmean2": 6.69670772552, "median": 14.1612529755, "min": 2.61405801773, "dvar2": 35.8213119507, "dvar": 14.8595409393, "dmean": 4.20896959305, "max": 34.0857162476, "var": 33.6910667419, "mean": 14.5905504227}, "spectral_kurtosis": {"dmean2": 2.29792141914, "median": 3.6044883728, "min": -1.42018091679, "dvar2": 6.36570072174, "dvar": 2.56597805023, "dmean": 1.45373940468, "max": 25.4440746307, "var": 6.23646497726, "mean": 4.00302505493}, "spectral_rms": {"dmean2": 0.00178716133814, "median": 0.00348884845152, "min": 3.29912789795e-12, "dvar2": 5.91616753809e-06, "dvar": 3.62421110367e-06, "dmean": 0.00131624762435, "max": 0.0166195426136, "var": 9.19212379813e-06, "mean": 0.00411866232753}, "zerocrossingrate": {"dmean2": 0.0246440283954, "median": 0.0791015625, "min": 0.00390625, "dvar2": 0.000697229581419, "dvar": 0.000584933848586, "dmean": 0.0219222791493, "max": 0.50927734375, "var": 0.00288539240137, "mean": 0.0887118130922}, "silence_rate_60dB": {"dmean2": 0.151517927647, "median": 0, "min": 0, "dvar2": 0.144882574677, "dvar": 0.0700133666396, "dmean": 0.0757520198822, "max": 1, "var": 0.149711787701, "mean": 0.18331040442}, "erbbands_kurtosis": {"dmean2": 2.32191228867, "median": 0.184071779251, "min": -1.87047898769, "dvar2": 10.3785200119, "dvar": 4.40570783615, "dmean": 1.49116504192, "max": 36.5131950378, "var": 8.52932739258, "mean": 1.0730162859}, "erbbands": {"dmean2": [0.461600631475, 3.30524325371, 7.6464176178, 14.2573385239, 11.8810834885, 8.18416595459, 7.74677038193, 12.5461454391, 15.7147083282, 18.8022155762, 9.19731330872, 16.4575843811, 15.29829216, 20.5496959686, 27.3238182068, 29.0671424866, 30.2426433563, 40.2318840027, 27.3500614166, 26.5528068542, 16.7557144165, 18.3841171265, 13.732006073, 11.9481725693, 16.1269855499, 11.0461893082, 9.04232311249, 7.3704161644, 7.36061525345, 5.71118021011, 4.55210161209, 3.67274880409, 1.87323749065, 1.12858390808, 0.659322023392, 0.344982892275, 0.116876997054, 0.0260994564742, 0.00169310520869, 4.90224010719e-05], "median": [0.00381763605401, 0.0360704250634, 0.29786798358, 1.04913914204, 0.871391832829, 0.688213288784, 0.837317347527, 1.73151934147, 2.35066819191, 1.99691081047, 1.32902312279, 2.24323606491, 3.18888711929, 4.57412910461, 6.21892642975, 6.6168179512, 8.79932022095, 11.8158378601, 10.6592969894, 11.8672828674, 8.31713962555, 8.03079605103, 6.01002883911, 6.10572385788, 5.84270954132, 3.32267332077, 1.72094941139, 1.14224779606, 1.56073856354, 1.21848285198, 1.31153202057, 1.21879041195, 0.852706611156, 0.281829565763, 0.17383992672, 0.0741223171353, 0.0227211937308, 0.00388688500971, 0.00021611401462, 2.84085272142e-05], "min": [4.62150867041e-22, 2.86602289885e-21, 1.5492181682e-20, 2.79884702816e-20, 1.29026772647e-19, 1.14683434976e-19, 2.63510636742e-19, 5.22469970657e-19, 1.08918872741e-18, 6.01930129371e-19, 1.0381054649e-18, 8.46078329129e-19, 6.97935089408e-19, 1.67000124594e-18, 2.73310111042e-18, 3.31802802531e-18, 2.57771109645e-18, 8.79403585192e-18, 7.67147069698e-18, 5.88531561206e-18, 8.91587624742e-18, 7.04333372805e-18, 1.10863568157e-17, 1.94107724554e-17, 1.26302919106e-17, 1.82787393912e-17, 1.34794449218e-17, 1.04074259941e-17, 1.52537398911e-17, 1.80544609486e-17, 1.69407168477e-17, 1.35541169972e-17, 1.21320297425e-17, 1.12583723328e-17, 7.83527561933e-18, 5.21463674422e-18, 2.77180220294e-18, 1.33931904566e-18, 3.65838591231e-19, 3.83579224301e-20], "dvar2": [1.9363219738, 92.2329788208, 445.215667725, 1248.21887207, 1009.03234863, 409.999572754, 319.672607422, 712.264526367, 1467.24365234, 3664.93481445, 405.616973877, 1984.89550781, 1404.66638184, 4479.63720703, 11886.1777344, 6741.55078125, 5341.76367188, 8897.13769531, 2770.40991211, 2124.05078125, 720.597839355, 1098.05419922, 720.700073242, 430.185943604, 853.427062988, 547.501525879, 496.959594727, 524.992248535, 386.870941162, 206.676193237, 76.2094497681, 51.1988945007, 19.8024578094, 7.98162508011, 2.38965249062, 0.364617615938, 0.0314562320709, 0.00143670092802, 6.11675795881e-06, 3.95279364795e-09], "dvar": [0.875010728836, 37.3010864258, 166.999710083, 475.676818848, 401.216339111, 159.026016235, 118.234260559, 259.225616455, 630.59197998, 1582.07226562, 173.648132324, 900.38482666, 636.057250977, 2077.17333984, 4522.80615234, 2885.89941406, 2377.3659668, 3809.54882812, 1432.49511719, 1013.66809082, 328.032043457, 466.527069092, 311.005523682, 195.258621216, 378.285369873, 250.686508179, 251.242111206, 246.753967285, 203.667007446, 108.953895569, 40.6935882568, 24.678106308, 9.13284778595, 3.67774224281, 1.1078774929, 0.16331705451, 0.0135147757828, 0.000620183767751, 2.60953470388e-06, 1.98775151894e-09], "dmean": [0.299583047628, 1.98173940182, 4.42259263992, 8.3234462738, 7.14260959625, 4.9581413269, 4.51084089279, 7.28434801102, 9.66587257385, 12.0020561218, 5.78086137772, 10.5727796555, 9.88622188568, 13.3152799606, 17.2914104462, 18.3122615814, 19.7888584137, 26.2701416016, 18.3621006012, 17.4424743652, 11.1799020767, 11.8432617188, 9.07542419434, 8.00541687012, 10.593495369, 7.40446090698, 6.37695598602, 5.15742111206, 5.22569036484, 4.10319280624, 3.17811799049, 2.52496504784, 1.31547236443, 0.784768879414, 0.451496094465, 0.226245522499, 0.0741466805339, 0.0167292188853, 0.00107509887312, 3.38670470228e-05], "max": [8.88478565216, 50.0053520203, 122.769172668, 212.100097656, 257.654632568, 172.911056519, 105.320480347, 173.133377075, 601.500976562, 869.48840332, 263.407867432, 743.66998291, 729.166931152, 1795.796875, 2337.71362305, 1261.64855957, 1548.10534668, 1440.22607422, 922.519592285, 802.951721191, 320.83782959, 620.305969238, 496.272277832, 280.492034912, 467.931335449, 463.456878662, 399.743774414, 776.65045166, 623.380371094, 316.812164307, 205.436309814, 118.332519531, 103.309501648, 57.1967391968, 31.5789661407, 9.84592247009, 1.49591732025, 0.252663731575, 0.0164408385754, 0.000468966085464], "var": [0.916535675526, 33.8166351318, 135.118392944, 363.716461182, 337.052215576, 136.287277222, 100.137413025, 246.968185425, 830.720031738, 1909.35107422, 246.673248291, 1293.13452148, 1268.07434082, 4401.37451172, 4292.84277344, 3837.16162109, 4255.86523438, 6548.03564453, 3411.46801758, 2293.17285156, 725.704833984, 790.885253906, 642.757995605, 484.072540283, 1100.02636719, 507.829437256, 617.170959473, 508.231872559, 423.168945312, 284.002685547, 91.4180679321, 39.2929420471, 14.0664148331, 5.66499614716, 1.72074615955, 0.243354782462, 0.0179105754942, 0.000786969612818, 3.44345176018e-06, 3.7334544345e-09], "mean": [0.314820855856, 2.01213884354, 4.32894659042, 6.96982383728, 6.48733949661, 4.8395781517, 4.53701877594, 7.91289186478, 11.2205038071, 13.4225625992, 6.89423847198, 13.1218290329, 14.7878913879, 19.0487346649, 22.8352184296, 23.928194046, 28.7547855377, 38.1719207764, 28.9643306732, 28.2954330444, 18.0506267548, 17.8767280579, 15.0229225159, 14.4232549667, 19.232673645, 12.4714450836, 11.0840559006, 9.4302778244, 8.63936710358, 7.43374109268, 5.19305706024, 3.53867459297, 2.08894777298, 1.10766172409, 0.635912895203, 0.289642304182, 0.0873438864946, 0.0180523507297, 0.00112945679575, 5.27070842509e-05]}, "spectral_strongpeak": {"dmean2": 0.927702963352, "median": 0.401573687792, "min": 0, "dvar2": 1.86629140377, "dvar": 0.778123438358, "dmean": 0.559164762497, "max": 11.265912056, "var": 1.34518575668, "mean": 0.858115792274}, "spectral_energy": {"dmean2": 0.0252539180219, "median": 0.0124763660133, "min": 1.11563505192e-20, "dvar2": 0.00247267982922, "dvar": 0.00124747538939, "dmean": 0.0173416174948, "max": 0.283114403486, "var": 0.00180972495582, "mean": 0.0268095154315}, "average_loudness": 0.926075458527, "spectral_rolloff": {"dmean2": 1670.88061523, "median": 1808.7890625, "min": 64.599609375, "dvar2": 5683512.5, "dvar": 2699359.5, "dmean": 1037.66113281, "max": 18841.5527344, "var": 5004309.5, "mean": 2354.05639648}, "spectral_centroid": {"dmean2": 566.868835449, "median": 1730.13793945, "min": 117.972740173, "dvar2": 329657, "dvar": 169926.859375, "dmean": 387.94644165, "max": 10962.0654297, "var": 602576.3125, "mean": 1764.04589844}, "pitch_salience": {"dmean2": 0.153909310699, "median": 0.529753148556, "min": 0.0523157455027, "dvar2": 0.0198327638209, "dvar": 0.0080120107159, "dmean": 0.0973722413182, "max": 0.907335579395, "var": 0.018562855199, "mean": 0.525996148586}, "spectral_energyband_middle_high": {"dmean2": 0.00338515779004, "median": 0.00288965040818, "min": 1.74286732922e-21, "dvar2": 2.70000346063e-05, "dvar": 1.22350966194e-05, "dmean": 0.00230188202113, "max": 0.0662948265672, "var": 3.74951159756e-05, "mean": 0.0049692504108}, "spectral_contrast_coeffs": {"dmean2": [0.0952282771468, 0.0953245088458, 0.0727070569992, 0.0585133731365, 0.0424150153995, 0.0305613372475], "median": [-0.66446352005, -0.72813719511, -0.775522232056, -0.771799445152, -0.787586033344, -0.791793882847], "min": [-0.954859733582, -0.978060781956, -0.984650552273, -0.983920037746, -0.981650948524, -0.979382991791], "dvar2": [0.0068342750892, 0.0060176695697, 0.00337440567091, 0.00218656403013, 0.00118010002188, 0.000725668331143], "dvar": [0.00313084525988, 0.00267289276235, 0.00163358182181, 0.00105482875369, 0.000575419166125, 0.000372731068637], "dmean": [0.0604642406106, 0.0613632947206, 0.0482515841722, 0.0396459028125, 0.0280680470169, 0.02079612948], "max": [-0.204063460231, -0.293703585863, -0.399033099413, -0.47649782896, -0.570173501968, -0.599581778049], "var": [0.0123602040112, 0.00937393028289, 0.00642412248999, 0.0044564367272, 0.00236117979512, 0.00225826608948], "mean": [-0.641474306583, -0.717196464539, -0.762671411037, -0.763536572456, -0.781801342964, -0.78679138422]}, "melbands_skewness": {"dmean2": 1.83931457996, "median": 2.04585623741, "min": -3.21399521828, "dvar2": 4.46554422379, "dvar": 2.2115650177, "dmean": 1.27747952938, "max": 22.7404785156, "var": 6.40202903748, "mean": 2.66639256477}, "spectral_spread": {"dmean2": 1457314.625, "median": 4948452, "min": 1438727.375, "dvar2": 2807968825340.0, "dvar": 1418723983360.0, "dmean": 1004634.6875, "max": 39708884, "var": 3361174454270.0, "mean": 5209145.5}, "dissonance": {"dmean2": 0.0300791505724, "median": 0.477146416903, "min": 0.229225099087, "dvar2": 0.00101549306419, "dvar": 0.000414092006395, "dmean": 0.0184270180762, "max": 0.500000119209, "var": 0.000825020542834, "mean": 0.469110369682}, "spectral_skewness": {"dmean2": 0.35687816143, "median": 1.51650428772, "min": -0.0120865944773, "dvar2": 0.121930286288, "dvar": 0.0521068163216, "dmean": 0.229823201895, "max": 3.49221873283, "var": 0.181400284171, "mean": 1.4912327528}, "spectral_flux": {"dmean2": 0.0581803359091, "median": 0.0674076005816, "min": 1.056236279e-10, "dvar2": 0.00536325760186, "dvar": 0.00284117623232, "dmean": 0.0387386567891, "max": 0.488487631083, "var": 0.00654214480892, "mean": 0.0943411886692}, "spectral_contrast_valleys": {"dmean2": [0.828931808472, 0.902500212193, 0.778965711594, 0.719404637814, 0.549316942692, 0.615689992905], "median": [-8.32089519501, -7.75648069382, -7.79992008209, -7.71820163727, -7.69649219513, -9.93113613129], "min": [-27.5772209167, -27.1253414154, -27.8683605194, -27.2538967133, -27.1901340485, -27.2551441193], "dvar2": [0.581009745598, 0.635756611824, 0.470336794853, 0.463316082954, 0.306010723114, 0.372979253531], "dvar": [0.404095858335, 0.346600055695, 0.262970477343, 0.264760375023, 0.185671538115, 0.262504696846], "dmean": [0.58350366354, 0.624940335751, 0.544185757637, 0.520969331264, 0.407067507505, 0.490487962961], "max": [-4.72948884964, -4.61056137085, -5.2412648201, -5.73434829712, -5.5289645195, -7.43907022476], "var": [2.75170755386, 1.37212014198, 1.11362111568, 1.01170241833, 1.05922675133, 1.25889277458], "mean": [-8.3400592804, -7.77691411972, -7.86518287659, -7.83007383347, -7.75644493103, -10.0246829987]}, "erbbands_flatness_db": {"dmean2": 0.0355399884284, "median": 0.14665786922, "min": 0.042762465775, "dvar2": 0.00100317201577, "dvar": 0.000533592130523, "dmean": 0.0255659632385, "max": 0.380857080221, "var": 0.00265659345314, "mean": 0.155036434531}, "spectral_energyband_high": {"dmean2": 0.000796246516984, "median": 0.000319254439091, "min": 7.57687020562e-21, "dvar2": 2.62568983089e-06, "dvar": 1.54975714395e-06, "dmean": 0.000597467005718, "max": 0.0262207444757, "var": 4.169883141e-06, "mean": 0.00112187198829}, "spectral_entropy": {"dmean2": 0.337306290865, "median": 7.74450922012, "min": 5.61046123505, "dvar2": 0.105283558369, "dvar": 0.0562838837504, "dmean": 0.239002525806, "max": 9.79510593414, "var": 0.177511677146, "mean": 7.73162984848}, "silence_rate_20dB": {"dmean2": 0, "median": 1, "min": 1, "dvar2": 0, "dvar": 0, "dmean": 0, "max": 1, "var": 0, "mean": 1}, "melbands_flatness_db": {"dmean2": 0.0585191771388, "median": 0.167415827513, "min": 0.00565697206184, "dvar2": 0.00313926744275, "dvar": 0.00178740604315, "dmean": 0.0418160557747, "max": 0.618572294712, "var": 0.00707999849692, "mean": 0.180960997939}, "barkbands": {"dmean2": [0.000903082604054, 0.0143662923947, 0.00742390193045, 0.00489691412076, 0.0027782227844, 0.00142673915252, 0.00131010438781, 0.00046853168169, 0.000694531598128, 0.000544496637303, 0.000757416244596, 0.000750894949306, 0.000790964404587, 0.000827112060506, 0.000460741604911, 0.000360963575076, 0.000318437610986, 0.000250368349953, 0.00029959587846, 0.000240724068135, 0.000186771605513, 0.000194822176127, 0.000168689119164, 0.000131054126541, 9.38005105127e-05, 6.33739837212e-05, 1.45936082845e-05], "median": [1.89464590221e-05, 0.000111497218313, 0.000292002980132, 0.000227959011681, 0.000242573674768, 0.000175939567271, 0.000165246412507, 3.99813980039e-05, 0.000100198347354, 8.65391630214e-05, 0.000122960438603, 0.000144119258039, 0.000159192859428, 0.000246120151132, 0.000171360457898, 0.000155687710503, 0.000128382846015, 0.00010326418851, 0.000121400924399, 7.16289141565e-05, 2.95460376947e-05, 4.33495370089e-05, 4.70232589578e-05, 5.71909658902e-05, 2.4508790375e-05, 1.37086244649e-05, 1.21572054468e-06], "min": [3.03844261132e-23, 1.29683699886e-23, 1.42214171608e-23, 7.86864771586e-24, 6.75061471865e-23, 6.23993204324e-23, 7.11441086241e-23, 4.52210853603e-23, 2.7964200856e-23, 2.71471365957e-23, 6.23442516304e-23, 1.08889133942e-22, 2.75008807582e-23, 1.28006881368e-22, 1.21297259649e-22, 1.45051325631e-22, 1.0279042504e-22, 2.80411728544e-22, 2.9968787924e-22, 3.53342840621e-22, 2.83497828136e-22, 4.39491146772e-22, 5.84884194325e-22, 7.2360390776e-22, 1.09283352349e-21, 1.56625467589e-21, 2.66180238576e-21], "dvar2": [8.19231900095e-06, 0.0017268183874, 0.000406480859965, 0.000163061311468, 5.05581883772e-05, 9.64589798969e-06, 1.35418149512e-05, 1.65080450643e-06, 2.86529939331e-06, 2.4983255571e-06, 7.83919131209e-06, 4.67185282105e-06, 5.00290752825e-06, 3.00820761368e-06, 6.41649364752e-07, 3.1511240195e-07, 3.09377554686e-07, 2.37528425373e-07, 2.82997831391e-07, 2.31867957723e-07, 2.87325434556e-07, 2.67711897095e-07, 1.0295270414e-07, 8.74376056004e-08, 5.14741991253e-08, 1.03149124797e-08, 4.77192563242e-10], "dvar": [3.74401383851e-06, 0.000750388833694, 0.000147434082464, 6.28640773357e-05, 1.9881854314e-05, 3.48814705831e-06, 5.86530086366e-06, 6.85589725435e-07, 1.36126868711e-06, 1.1921974874e-06, 3.10474729304e-06, 1.9445531052e-06, 2.124145567e-06, 1.39406097333e-06, 2.95428776553e-07, 1.50157092094e-07, 1.31538854475e-07, 1.01140500419e-07, 1.24953487557e-07, 1.12415200704e-07, 1.40514913483e-07, 1.44672583247e-07, 5.54055894497e-08, 4.10401632678e-08, 2.41041497873e-08, 4.51682735658e-09, 2.02023967e-10], "dmean": [0.000596355821472, 0.00897477474064, 0.00419308897108, 0.00287856790237, 0.00167967833113, 0.000823700858746, 0.000822266738396, 0.000291115342407, 0.000448085513199, 0.000347112305462, 0.000477351684822, 0.000469838676509, 0.000511207501404, 0.00054677342996, 0.000296613230603, 0.000240751469391, 0.000204309792025, 0.0001640124392, 0.000198427427677, 0.000161974981893, 0.000136702568852, 0.00014236671268, 0.000116707989946, 9.24559572013e-05, 6.49766880088e-05, 4.11318324041e-05, 9.11355346034e-06], "max": [0.0188914965838, 0.212268292904, 0.104554593563, 0.0938341468573, 0.0543587692082, 0.0178433489054, 0.0603362321854, 0.0193311758339, 0.0302871372551, 0.0391722768545, 0.0538632906973, 0.0356018655002, 0.0386863425374, 0.0216800421476, 0.0137902721763, 0.00733558833599, 0.00868226867169, 0.00954079627991, 0.00681720068678, 0.00928572844714, 0.0152353299782, 0.0176020339131, 0.00634231697768, 0.00646258378401, 0.00493108434603, 0.00122810667381, 0.000135433409014], "var": [3.99612918045e-06, 0.0007653683424, 0.00010807165