{"metadata": {"tags": {"album": ["Christmas with Yolanda Adams"], "label": ["Elektra"], "title": ["The First No\u00ebl"], "artist": ["Yolanda Adams"], "genre": ["Other"], "albumartist": ["Yolanda Adams"], "date": ["2000"], "tracknumber": ["8"], "media": ["DIG"], "file_name": "251415.mp3", "musicbrainz_recordingid": ["16b7fc4a-0d28-408e-8b00-31904ced22f8"]}, "audio_properties": {"sample_rate": 44100, "downmix": "mix", "lossless": false, "analysis_sample_rate": 44100, "md5_encoded": "ad80e8352ef7e4d21ef98d128d99a8c4", "equal_loudness": 0, "replay_gain": -14.2307357788, "codec": "mp3", "bit_rate": 128000, "length": 184.94694519}, "version": {"extractor": "music 1.0", "essentia_build_sha": "70f2e5ece6736b2c40cc944ad0e695b16b925413", "essentia_git_sha": "v2.1_beta2", "essentia": "2.1-beta2"}}, "rhythm": {"beats_loudness_band_ratio": {"dvar2": [0.154063478112, 0.0581549927592, 0.0496219396591, 0.0387766323984, 0.00763900065795, 0.0279449578375], "var": [0.0664148554206, 0.0408836901188, 0.0226507484913, 0.0160656962544, 0.00277049373835, 0.00610709236935], "min": [0.00384608400054, 4.93377337989e-05, 3.70804773411e-05, 2.81236789306e-05, 2.4680786737e-05, 7.64389551478e-05], "dmean": [0.296002030373, 0.175334528089, 0.145827069879, 0.0891491770744, 0.0396389178932, 0.0740280300379], "mean": [0.382105469704, 0.297846436501, 0.190255776048, 0.0909266397357, 0.0399800240993, 0.0525122024119], "max": [0.999796569347, 0.907182991505, 0.838853657246, 0.687984228134, 0.35779440403, 0.696699500084], "dmean2": [0.55202716589, 0.307254433632, 0.254108279943, 0.156728252769, 0.0716282054782, 0.144779697061], "median": [0.33798801899, 0.242603838444, 0.159117430449, 0.0416698455811, 0.0219758935273, 0.0233482681215], "dvar": [0.047815553844, 0.0212282259017, 0.0167197994888, 0.0141148092225, 0.0027833301574, 0.0090226251632]}, "bpm_histogram_first_peak_weight": {"dvar2": 0, "var": 0, "min": 0.692082107067, "dmean": 0, "mean": 0.692082107067, "max": 0.692082107067, "dmean2": 0, "median": 0.692082107067, "dvar": 0}, "bpm": 109.992973328, "beats_count": 342, "bpm_histogram_first_peak_spread": {"dvar2": 0, "var": 0, "min": 0.236245930195, "dmean": 0, "mean": 0.236245930195, "max": 0.236245930195, "dmean2": 0, "median": 0.236245930195, "dvar": 0}, "danceability": 1.13684642315, "bpm_histogram_first_peak_bpm": {"dvar2": 0, "var": 0, "min": 110, "dmean": 0, "mean": 110, "max": 110, "dmean2": 0, "median": 110, "dvar": 0}, "beats_position": [0.510838985443, 1.04489791393, 1.59056687355, 2.13623571396, 2.68190479279, 3.22757363319, 3.78485250473, 4.33052158356, 4.86458063126, 5.39863920212, 5.93269824982, 6.47836732864, 7.03564596176, 7.58131504059, 8.12698364258, 8.67265319824, 9.21832180023, 9.76399040222, 10.3096599579, 10.8437185287, 11.3893871307, 11.9350566864, 12.4807252884, 13.0263938904, 13.5836734772, 14.1293420792, 14.6866207123, 15.2206802368, 15.7663488388, 16.3120174408, 16.8576869965, 17.391746521, 17.9374141693, 18.483083725, 19.0287532806, 19.574420929, 20.1200904846, 20.6657600403, 21.2114276886, 21.7570972443, 22.3143768311, 22.8484344482, 23.3941040039, 23.9397735596, 24.4854412079, 25.0311107635, 25.5767803192, 26.1224479675, 26.6681175232, 27.2137870789, 27.7594547272, 28.3051242828, 28.8507938385, 29.3964614868, 29.9421310425, 30.4878005981, 31.0334682465, 31.5791378021, 32.1248054504, 32.6704750061, 33.2161445618, 33.7618141174, 34.3074836731, 34.8531494141, 35.3988189697, 35.9444885254, 36.4785499573, 37.0242156982, 37.5698852539, 38.1155548096, 38.6612243652, 39.2068939209, 39.7525634766, 40.2982292175, 40.8438987732, 41.3895683289, 41.9352378845, 42.4809074402, 43.0381851196, 43.5838546753, 44.1179122925, 44.6635818481, 45.2092514038, 45.7549209595, 46.3005905151, 46.8462562561, 47.3919258118, 47.9375953674, 48.4832649231, 49.0289344788, 49.5746040344, 50.1202697754, 50.6659393311, 51.2116088867, 51.7572784424, 52.302947998, 52.8486175537, 53.3826751709, 53.9283447266, 54.4740142822, 55.0196800232, 55.5653495789, 56.1110191345, 56.6566886902, 57.2023582458, 57.7480278015, 58.2820854187, 58.8277549744, 59.37342453, 59.919090271, 60.4763717651, 61.0220413208, 61.5677070618, 62.1133766174, 62.6706581116, 63.2163238525, 63.7619934082, 64.2960510254, 64.8417205811, 65.3873901367, 65.9214477539, 66.4671173096, 67.0127868652, 67.5700683594, 68.115737915, 68.6614074707, 69.2070770264, 69.7527389526, 70.2984085083, 70.844078064, 71.3897476196, 71.9354171753, 72.4694747925, 73.0151443481, 73.5608139038, 74.1180953979, 74.6637649536, 75.2094345093, 75.7551040649, 76.3007659912, 76.8348312378, 77.3805007935, 77.9261627197, 78.4718322754, 79.0175018311, 79.5631713867, 80.1088409424, 80.654510498, 81.2001800537, 81.7458496094, 82.291519165, 82.8371887207, 83.3828582764, 83.9401321411, 84.4858016968, 85.0314712524, 85.5655288696, 86.1111984253, 86.656867981, 87.1909255981, 87.7482070923, 88.2938766479, 88.8395462036, 89.3852157593, 89.9308853149, 90.4765548706, 91.0222167969, 91.5678863525, 92.1135559082, 92.6592254639, 93.2048950195, 93.7505645752, 94.2962341309, 94.830291748, 95.3759613037, 95.9216308594, 96.467300415, 97.0129699707, 97.5470275879, 98.104309082, 98.6499786377, 99.1956481934, 99.7413101196, 100.286979675, 100.832649231, 101.378318787, 101.912376404, 102.458045959, 103.003715515, 103.560997009, 104.106666565, 104.652336121, 105.198005676, 105.743675232, 106.300949097, 106.835006714, 107.38067627, 107.926345825, 108.460403442, 108.994468689, 109.551742554, 110.109024048, 110.654693604, 111.200363159, 111.746032715, 112.291702271, 112.837364197, 113.383033752, 113.928703308, 114.474372864, 115.008430481, 115.554100037, 116.099769592, 116.645439148, 117.191108704, 117.736778259, 118.282447815, 118.828117371, 119.373786926, 119.919456482, 120.465126038, 120.999183655, 121.54485321, 122.090522766, 122.647796631, 123.193466187, 123.739135742, 124.284805298, 124.830474854, 125.364532471, 125.910202026, 126.455871582, 127.013153076, 127.558815002, 128.104492188, 128.638549805, 129.18421936, 129.741500854, 130.28717041, 130.821228027, 131.366897583, 131.912567139, 132.458221436, 133.003890991, 133.549560547, 134.095230103, 134.640899658, 135.186569214, 135.73223877, 136.277908325, 136.823577881, 137.369247437, 137.914916992, 138.460586548, 138.994644165, 139.528701782, 140.085983276, 140.631652832, 141.177322388, 141.734603882, 142.280273438, 142.825942993, 143.383224487, 143.928878784, 144.47454834, 145.008621216, 145.542678833, 146.088348389, 146.634017944, 147.179672241, 147.713745117, 148.259414673, 148.805084229, 149.350738525, 149.896408081, 150.442077637, 150.987747192, 151.533416748, 152.079086304, 152.624755859, 153.182037354, 153.739318848, 154.296600342, 154.830657959, 155.376327515, 155.92199707, 156.479278564, 157.013336182, 157.547393799, 158.093063354, 158.650344849, 159.195999146, 159.730072021, 160.275741577, 160.821395874, 161.36706543, 161.924346924, 162.470016479, 163.015686035, 163.561355591, 164.095413208, 164.641082764, 165.186752319, 165.720809937, 166.254867554, 166.800537109, 167.346206665, 167.903488159, 168.460769653, 169.018051147, 169.586929321, 170.155822754, 170.724716187, 171.235549927, 171.746398926, 172.257232666, 172.756454468, 173.24407959, 173.743301392, 174.138046265, 174.532791138, 174.927520752, 175.380310059, 175.833099365, 176.285888672, 176.750289917, 177.214691162, 177.679092407, 178.143493652, 178.607894897, 179.072280884, 179.536682129, 180.012695312, 180.488708496, 180.964706421, 181.440719604, 181.916732788, 182.392745972, 182.868743896, 183.34475708, 183.820770264, 184.285171509], "beats_loudness": {"dvar2": 0.00092355615925, "var": 0.000469749909826, "min": 1.43989820067e-09, "dmean": 0.0216624122113, "mean": 0.0352229364216, "max": 0.115157783031, "dmean2": 0.0388392135501, "median": 0.0318279974163, "dvar": 0.000300768064335}, "bpm_histogram_second_peak_weight": {"dvar2": 0, "var": 0, "min": 0.0263929627836, "dmean": 0, "mean": 0.0263929627836, "max": 0.0263929627836, "dmean2": 0, "median": 0.0263929627836, "dvar": 0}, "bpm_histogram_second_peak_spread": {"dvar2": 0, "var": 0, "min": 0.5, "dmean": 0, "mean": 0.5, "max": 0.5, "dmean2": 0, "median": 0.5, "dvar": 0}, "bpm_histogram_second_peak_bpm": {"dvar2": 0, "var": 0, "min": 126, "dmean": 0, "mean": 126, "max": 126, "dmean2": 0, "median": 126, "dvar": 0}, "onset_rate": 3.39535546303}, "lowlevel": {"spectral_energyband_high": {"dvar2": 1.35795085043e-06, "var": 1.97049757844e-06, "min": 7.56385907463e-21, "dmean": 0.000297472026432, "mean": 0.000714293390047, "max": 0.027672290802, "dmean2": 0.00042496342212, "median": 0.00024047435727, "dvar": 7.38143683066e-07}, "spectral_energyband_middle_low": {"dvar2": 0.000120262724522, "var": 0.000118777323223, "min": 1.93263336093e-22, "dmean": 0.00475699035451, "mean": 0.0140041774139, "max": 0.102645471692, "dmean2": 0.00748699810356, "median": 0.0116167217493, "dvar": 4.64841650683e-05}, "spectral_energy": {"dvar2": 0.00202465173788, "var": 0.00078261946328, "min": 1.01028641155e-20, "dmean": 0.0114284018055, "mean": 0.0267516262829, "max": 0.242126062512, "dmean2": 0.0189970303327, "median": 0.0196314454079, "dvar": 0.000739324139431}, "spectral_spread": {"dvar2": 1499954806780.0, "var": 6753448624130.0, "min": 1129475.625, "dmean": 604859.625, "mean": 5601288, "max": 42061976, "dmean2": 883391.125, "median": 5334400.5, "dvar": 856944214016}, "spectral_energyband_low": {"dvar2": 0.00195683469065, "var": 0.000469789025374, "min": 2.74703171313e-23, "dmean": 0.007322083693, "mean": 0.00702655734494, "max": 0.224569603801, "dmean2": 0.0129751125351, "median": 0.00230212858878, "dvar": 0.000705840066075}, "spectral_rolloff": {"dvar2": 1753798.625, "var": 2655990, "min": 21.533203125, "dmean": 320.279815674, "mean": 1125.41455078, "max": 19444.4824219, "dmean2": 544.968383789, "median": 689.0625, "dvar": 829612.8125}, "barkbands": {"dvar2": [5.90925810684e-06, 0.000975077680778, 0.000186299992492, 1.89726470126e-05, 3.32440140483e-05, 1.45653602885e-05, 5.54536927666e-06, 8.36251001601e-06, 1.40160182127e-05, 1.34391748361e-05, 1.01675523183e-05, 6.11654741078e-06, 2.07437187782e-06, 9.22780770907e-07, 3.87953804193e-07, 2.27872632763e-07, 1.54602901148e-07, 7.86512117656e-08, 5.60598252264e-08, 5.61147253109e-08, 2.71484257297e-08, 5.95644706891e-08, 8.31486559605e-08, 2.67142439725e-07, 2.52022573477e-07, 8.20763457199e-09, 1.87045198774e-10], "var": [1.63147149124e-06, 0.000218087967369, 3.97436924686e-05, 6.92886760589e-06, 1.90431710507e-05, 1.73998832906e-05, 7.34851300876e-06, 5.19290415468e-06, 2.65282196779e-05, 2.54639471677e-05, 3.47930581484e-05, 2.1319332518e-05, 4.68933103548e-06, 2.06039044315e-06, 7.27818132873e-07, 7.14301847893e-07, 2.56699649981e-07, 1.36337163781e-07, 7.46072643665e-08, 9.71722329268e-08, 2.09444017685e-08, 3.80917519749e-08, 7.40352419371e-08, 3.10091110123e-07, 2.32531846223e-07, 5.6021178807e-09, 6.84977838339e-11], "min": [1.6495726422e-24, 7.87190018938e-24, 2.08178519343e-24, 1.803326563e-24, 1.59633167028e-23, 1.10163534001e-23, 7.19719219031e-24, 5.94912273038e-24, 2.32518171764e-23, 3.77312297185e-23, 2.94408159419e-23, 4.04006592911e-23, 3.44670211114e-23, 7.04141346077e-23, 2.29954342267e-23, 5.61087605585e-23, 4.51416186682e-23, 1.32474156498e-22, 1.37031084093e-22, 2.16242652313e-22, 2.59316754901e-22, 3.84246195215e-22, 4.79355355404e-22, 6.50659340872e-22, 1.06438081263e-21, 1.46846076329e-21, 1.96819508432e-21], "dmean": [0.000404977734433, 0.00475610746071, 0.00222929823212, 0.00101751391776, 0.00197440874763, 0.00168711319566, 0.000770491024014, 0.000639279780444, 0.000968669774011, 0.000757510657422, 0.000548097305, 0.000468585407361, 0.000241995032411, 0.000224270595936, 0.000148151011672, 0.000121499251691, 9.28983281483e-05, 8.18306361907e-05, 8.18805056042e-05, 7.21809701645e-05, 3.80049277737e-05, 4.58423892269e-05, 6.68619759381e-05, 9.20402162592e-05, 6.82369282003e-05, 2.65633152594e-05, 3.08773996949e-06], "mean": [0.000305512483465, 0.00400882726535, 0.00201061414555, 0.00138145580422, 0.0036409215536, 0.00360946217552, 0.00166702852584, 0.00105163257103, 0.00218575610779, 0.0015549879754, 0.00130145426374, 0.00120773585513, 0.000506814511027, 0.000445940007921, 0.000283267960185, 0.000260148401139, 0.000182333271368, 0.000173906460986, 0.000174234621227, 0.000153114786372, 6.36404947727e-05, 7.14290363248e-05, 0.00012962584151, 0.000202906143386, 0.000136513597681, 3.93940281356e-05, 2.98188410852e-06], "max": [0.0152587378398, 0.160889446735, 0.0667770951986, 0.0456131547689, 0.0582077279687, 0.0390962809324, 0.0468807592988, 0.064196407795, 0.0755046606064, 0.111861631274, 0.119691811502, 0.0686535015702, 0.0555237196386, 0.0244460143149, 0.0224963240325, 0.0156509466469, 0.00787782017142, 0.00599090568721, 0.00355915073305, 0.00400828849524, 0.00224489555694, 0.00366651266813, 0.00476334989071, 0.013997557573, 0.0223323367536, 0.00124985876027, 0.000127806866658], "dmean2": [0.000688367057592, 0.00859425868839, 0.00410018721595, 0.00179935642518, 0.00323705398478, 0.0026072289329, 0.00119318324141, 0.00101716257632, 0.0014315827284, 0.00108268635813, 0.000791790953372, 0.000686015293468, 0.000361179263564, 0.000328033260303, 0.000217191933189, 0.000181753828656, 0.000146965918248, 0.000126862039906, 0.00012707838323, 0.000110471490189, 5.93574077357e-05, 7.07141298335e-05, 0.000100594195828, 0.000133434135932, 9.9721873994e-05, 4.08980195061e-05, 5.06462583871e-06], "median": [1.25232436403e-05, 0.00104436033871, 0.000554835423827, 0.000673165195622, 0.00229835929349, 0.0022683548741, 0.000758939306252, 0.000276878126897, 0.000378665688913, 0.000173314838321, 9.93380890577e-05, 7.46229343349e-05, 7.22549593775e-05, 7.1219757956e-05, 6.65180559736e-05, 4.30901854998e-05, 4.15759568568e-05, 5.11235484737e-05, 7.1233138442e-05, 4.32062115578e-05, 1.57563117682e-05, 1.64008688444e-05, 3.39864309353e-05, 5.58780884603e-05, 3.79938537662e-05, 1.16536321002e-05, 4.88914508878e-07], "dvar": [2.25830899581e-06, 0.000345829874277, 6.50327274343e-05, 7.00118835084e-06, 1.22067303892e-05, 5.82183429287e-06, 2.29798752116e-06, 3.29161139234e-06, 6.36027561995e-06, 7.34016157367e-06, 5.89574165133e-06, 3.00617170979e-06, 9.96310404844e-07, 4.89634487622e-07, 2.27240235517e-07, 1.21917622664e-07, 7.03633986632e-08, 3.4507696256e-08, 2.40283135611e-08, 2.61710901839e-08, 1.15463825168e-08, 2.67894488815e-08, 3.76365818511e-08, 1.32052974777e-07, 1.22342612485e-07, 3.61856988818e-09, 7.49449599602e-11]}, "melbands_skewness": {"dvar2": 5.24711370468, "var": 6.46269416809, "min": -0.827331483364, "dmean": 0.74638402462, "mean": 2.55299425125, "max": 82.6611022949, "dmean2": 1.16113948822, "median": 2.18212389946, "dvar": 1.99651777744}, "barkbands_skewness": {"dvar2": 4.62480068207, "var": 7.01662778854, "min": -2.84306621552, "dmean": 0.630800902843, "mean": 2.10577392578, "max": 100.651580811, "dmean2": 0.971309661865, "median": 1.75013947487, "dvar": 1.77109599113}, "erbbands": {"dvar2": [0.637210309505, 60.4105796814, 303.496124268, 202.639221191, 167.769241333, 592.869812012, 945.775634766, 1310.01928711, 1157.70361328, 1271.68688965, 4670.47998047, 10099.2070312, 10600.3662109, 14529.7060547, 11037.2998047, 7396.23779297, 3873.41186523, 2310.6315918, 1374.85961914, 420.905517578, 746.766113281, 409.396514893, 189.144561768, 199.863204956, 87.5560150146, 146.279144287, 56.8558959961, 40.0015945435, 73.4577865601, 96.7460479736, 68.700378418, 47.8910598755, 154.913635254, 90.1661911011, 2.44802308083, 0.129662364721, 0.0303706228733, 0.00259805913083, 1.27967473418e-06, 3.48334028288e-09], "var": [0.176863506436, 11.7222156525, 61.5740356445, 56.1382637024, 78.8933334351, 301.618377686, 986.172607422, 1196.53881836, 1753.296875, 1140.28649902, 3263.70507812, 15640.5361328, 20229.2324219, 45990.703125, 49847.1132812, 26031.3496094, 11317.6123047, 5352.67675781, 2897.83398438, 706.053527832, 2810.40283203, 873.501586914, 390.456665039, 290.016235352, 152.41557312, 231.866134644, 57.9892044067, 26.1160984039, 40.6279029846, 64.945526123, 66.6429290771, 60.0910377502, 150.28994751, 69.8685379028, 4.53534841537, 0.139134600759, 0.0177914686501, 0.00114955904428, 5.60733781185e-07, 1.85469772873e-09], "min": [1.77948630292e-22, 1.97943108894e-21, 3.51157233957e-21, 1.98794329443e-20, 3.24692688858e-20, 5.45696866215e-20, 5.03029630061e-20, 1.41979723106e-19, 1.1375275339e-19, 2.11208872565e-19, 3.56241590065e-19, 4.75279885397e-19, 9.47121594578e-19, 7.16475670754e-19, 7.46935304341e-19, 1.41175721646e-18, 1.81370888472e-18, 3.48738560431e-18, 2.11646753547e-18, 3.83773216249e-18, 4.620474151e-18, 3.51662230306e-18, 7.13425163072e-18, 8.38324389765e-18, 7.63608639192e-18, 1.178944462e-17, 1.05748729927e-17, 1.19833324468e-17, 1.41921875781e-17, 1.32435569993e-17, 1.38236091321e-17, 1.19524670295e-17, 1.08954542837e-17, 9.2425563411e-18, 7.5261673234e-18, 4.88727339936e-18, 2.55779610281e-18, 8.86277497441e-19, 2.8005735092e-19, 2.76701285304e-20], "dmean": [0.130797713995, 1.12826883793, 2.70315766335, 2.98625516891, 4.03710746765, 7.87669801712, 11.3535261154, 14.8495254517, 11.8818244934, 10.6405181885, 14.946062088, 23.1162986755, 22.7992839813, 21.5521316528, 21.1884002686, 15.1632566452, 10.828587532, 10.5809812546, 8.8362903595, 5.72196578979, 6.39834499359, 4.70753192902, 3.88992977142, 4.63900327682, 3.27703046799, 3.42018389702, 1.82631528378, 1.35724663734, 1.52403318882, 1.95100450516, 1.94779348373, 1.51547026634, 1.8468157053, 1.04756498337, 0.34024065733, 0.111582428217, 0.0489055998623, 0.0126450974494, 0.000281287357211, 1.89114271052e-05], "mean": [0.112998455763, 0.898298621178, 2.33030128479, 3.75461435318, 6.4514374733, 13.4223461151, 23.849609375, 30.0844631195, 26.7817630768, 21.136882782, 26.8388080597, 50.0479927063, 49.0950393677, 52.0026016235, 59.2665328979, 41.4364204407, 26.5793876648, 22.136138916, 18.8127822876, 12.4184265137, 15.1620855331, 10.4425382614, 9.05548763275, 10.4270381927, 7.93069171906, 7.26936769485, 3.57273435593, 2.19221925735, 2.32465958595, 3.26703929901, 3.84987521172, 3.20318865776, 3.92964959145, 2.09061551094, 0.695015907288, 0.198782652617, 0.0663727372885, 0.0140120787546, 0.000326702778693, 4.24750433012e-05], "max": [4.8456788063, 39.5704498291, 82.0477828979, 112.900146484, 154.869186401, 215.861740112, 385.324310303, 493.267974854, 520.252258301, 557.10748291, 1449.7434082, 2295.05981445, 3013.52197266, 4715.44970703, 4596.6484375, 3463.94213867, 2978.60229492, 1250.60314941, 1511.53503418, 555.184143066, 1075.27197266, 552.391174316, 369.411346436, 240.958404541, 124.0442276, 236.922775269, 111.304244995, 76.3296966553, 137.196899414, 178.371780396, 180.532516479, 179.606384277, 331.210754395, 447.622497559, 66.4144973755, 6.24865198135, 2.27760195732, 0.474575728178, 0.0100524285808, 0.000383213540772], "dmean2": [0.222901895642, 2.14108896255, 5.03330850601, 5.34825801849, 6.76120948792, 13.0669307709, 17.8221206665, 23.3920497894, 18.2601966858, 17.0362567902, 23.1080513, 33.9314613342, 32.8855247498, 30.2313289642, 30.6562767029, 21.9075908661, 15.4475450516, 14.8848991394, 12.9050655365, 8.61375617981, 9.35936069489, 7.24948453903, 5.98366308212, 7.10944890976, 5.06621074677, 5.21837902069, 2.85544919968, 2.13524580002, 2.38054418564, 2.98263335228, 2.94619131088, 2.18551135063, 2.68831086159, 1.52491438389, 0.500511169434, 0.17013220489, 0.0761204212904, 0.0202472023666, 0.000449172657682, 2.99880284729e-05], "median": [0.0212450921535, 0.26213657856, 0.673858702183, 1.82936131954, 3.74747419357, 7.85649204254, 13.7122192383, 19.1274738312, 13.4658555984, 9.5516166687, 8.91622161865, 10.4150152206, 8.85230827332, 7.83192062378, 6.1162610054, 4.30004262924, 4.61868190765, 4.08004045486, 4.7457447052, 3.9572262764, 2.70169234276, 2.46317100525, 2.84936189651, 4.16716432571, 3.35307788849, 2.14010047913, 0.896269381046, 0.568058371544, 0.547620296478, 0.780467510223, 0.983923077583, 0.940966725349, 0.997372865677, 0.533833861351, 0.20197878778, 0.0642417371273, 0.0176102202386, 0.0027113314718, 8.40011343826e-05, 2.99765506497e-05], "dvar": [0.242035731673, 20.6660060883, 105.067565918, 72.35962677, 63.2744026184, 215.623474121, 359.503295898, 507.833282471, 478.796417236, 502.12399292, 1906.33886719, 4572.00244141, 5504.51953125, 8963.76757812, 6559.66943359, 3528.05761719, 1883.25622559, 1333.60693359, 789.563232422, 211.208877563, 424.637207031, 190.943603516, 84.6571273804, 85.0197372437, 38.6488380432, 68.3013687134, 23.7593669891, 17.0148258209, 31.7303276062, 43.0947799683, 31.2162799835, 25.0547466278, 71.7802276611, 43.3957939148, 1.33211553097, 0.0599620863795, 0.0131081473082, 0.00108875485603, 5.35707613381e-07, 1.36848210541e-09]}, "silence_rate_30dB": {"dvar2": 0.064781293273, "var": 0.0182336531579, "min": 0, "dmean": 0.0251098554581, "mean": 0.98142105341, "max": 1, "dmean2": 0.0502260178328, "median": 1, "dvar": 0.0244781393558}, "melbands_spread": {"dvar2": 189.49331665, "var": 325.972839355, "min": 0.0560216903687, "dmean": 4.69463443756, "mean": 17.1954402924, "max": 238.305831909, "dmean2": 7.17286586761, "median": 12.966917038, "dvar": 93.511100769}, "melbands_crest": {"dvar2": 18.3818130493, "var": 25.9604625702, "min": 1.68369936943, "dmean": 2.8440079689, "mean": 12.697347641, "max": 39.9264793396, "dmean2": 4.50640439987, "median": 11.5469055176, "dvar": 7.59229469299}, "zerocrossingrate": {"dvar2": 0.000242024747422, "var": 0.00201342976652, "min": 0, "dmean": 0.00951930787414, "mean": 0.0570276454091, "max": 0.5224609375, "dmean2": 0.0114390486851, "median": 0.0478515625, "dvar": 0.00020566979947}, "barkbands_kurtosis": {"dvar2": 63367.4453125, "var": 29934.7207031, "min": -1.95182132721, "dmean": 9.08093929291, "mean": 15.8522977829, "max": 11649.6757812, "dmean2": 14.0572490692, "median": 5.1806230545, "dvar": 23114.7851562}, "spectral_flux": {"dvar2": 0.00452951714396, "var": 0.00447696633637, "min": 6.54419157753e-11, "dmean": 0.0289495345205, "mean": 0.0782371982932, "max": 0.450171202421, "dmean2": 0.0449733771384, "median": 0.0618166401982, "dvar": 0.00241557066329}, "barkbands_crest": {"dvar2": 14.4725856781, "var": 17.0192260742, "min": 3.05420207977, "dmean": 2.46475577354, "mean": 10.6862945557, "max": 26.926525116, "dmean2": 3.97033500671, "median": 9.96185874939, "dvar": 5.40583896637}, "barkbands_flatness_db": {"dvar2": 0.00129717797972, "var": 0.00341939902864, "min": 0.0231290254742, "dmean": 0.021104555577, "mean": 0.157190144062, "max": 0.599957048893, "dmean2": 0.0322773605585, "median": 0.150044500828, "dvar": 0.000546676397789}, "spectral_entropy": {"dvar2": 0.0888269990683, "var": 0.333518415689, "min": 4.91246700287, "dmean": 0.189047470689, "mean": 7.1609621048, "max": 9.8181142807, "dmean2": 0.274363309145, "median": 7.18438434601, "dvar": 0.0458410717547}, "pitch_salience": {"dvar2": 0.00983705278486, "var": 0.0139363463968, "min": 0.0107768354937, "dmean": 0.0658114701509, "mean": 0.562433898449, "max": 0.95888620615, "dmean2": 0.104776091874, "median": 0.568934440613, "dvar": 0.00385339302011}, "erbbands_spread": {"dvar2": 258.784667969, "var": 445.676330566, "min": 3.09031748772, "dmean": 7.82788896561, "mean": 33.2629013062, "max": 186.422073364, "dmean2": 11.7024517059, "median": 28.219335556, "dvar": 115.251068115}, "dynamic_complexity": 3.51957654953, "spectral_contrast_valleys": {"dvar2": [0.402291983366, 0.264838665724, 0.253353953362, 0.301036924124, 0.323970079422, 0.236811563373], "var": [2.644135952, 2.71959733963, 2.64988875389, 2.47781658173, 2.58947181702, 2.93124580383], "min": [-28.1774120331, -27.7008666992, -27.4730949402, -27.754234314, -27.4846839905, -27.3512268066], "dmean": [0.392738372087, 0.338787585497, 0.328398823738, 0.33760458231, 0.319503426552, 0.28449395299], "mean": [-7.51601076126, -6.97881746292, -7.99529218674, -8.57169818878, -8.52667045593, -10.3784008026], "max": [-4.917552948, -4.51495313644, -5.58148908615, -6.21124792099, -6.02721786499, -7.31572675705], "dmean2": [0.619873404503, 0.543535351753, 0.523540377617, 0.528633892536, 0.484296500683, 0.393126636744], "median": [-7.19451665878, -6.71653556824, -7.76445960999, -8.35684776306, -8.28577804565, -10.034072876], "dvar": [0.207962393761, 0.120940692723, 0.120959378779, 0.144888579845, 0.164956822991, 0.133823379874]}, "hfc": {"dvar2": 160.532745361, "var": 441.645355225, "min": 1.09325033725e-16, "dmean": 5.20971536636, "mean": 19.6599445343, "max": 277.328826904, "dmean2": 7.5014166832, "median": 12.5369749069, "dvar": 81.4113311768}, "spectral_kurtosis": {"dvar2": 19.3904666901, "var": 39.7683410645, "min": -1.64517009258, "dmean": 1.67745113373, "mean": 6.10508346558, "max": 88.3521347046, "dmean2": 2.71488189697, "median": 4.57970523834, "dvar": 7.60872125626}, "mfcc": {"mean": [-675.483276367, 127.275588989, 25.9764614105, 9.10023498535, 7.75110435486, -11.3716993332, -0.788555383682, -2.4150428772, -11.2884502411, 2.21423506737, -5.83428764343, -6.16726160049, -1.01606547832], "cov": [[10798.6708984, -562.297912598, -582.524169922, -390.455596924, -203.985565186, -62.4632415771, 246.153930664, 245.16204834, -104.397865295, 199.878128052, -33.1283149719, -38.4226799011, 88.1913986206], [-562.297912598, 1281.91271973, -30.7404575348, 74.4616394043, 65.160118103, -94.0131530762, -34.2742118835, -66.8263015747, -57.1190643311, 24.9765205383, 5.98598814011, -29.169506073, -35.5658798218], [-582.524169922, -30.7404575348, 697.077575684, 138.233520508, 83.1328353882, 126.432014465, 22.1400680542, 13.7743883133, 79.0691452026, -36.2807846069, 24.821144104, -1.05802714825, -5.66622591019], [-390.455596924, 74.4616394043, 138.233520508, 330.997497559, 143.360626221, 15.5660505295, -39.2785377502, 49.1145744324, 49.1748466492, -22.8596534729, 5.11624908447, 50.5342521667, 0.0914328694344], [-203.985565186, 65.160118103, 83.1328353882, 143.360626221, 281.194671631, -31.3300209045, -9.40038967133, 47.581073761, 42.7477493286, 9.23242664337, -9.98775863647, 36.4448127747, 1.28711569309], [-62.4632415771, -94.0131530762, 126.432014465, 15.5660505295, -31.3300209045, 314.11831665, 81.2007293701, -11.5336389542, 44.1359596252, -1.56167721748, 43.5542678833, 0.0341062657535, 14.8332958221], [246.153930664, -34.2742118835, 22.1400680542, -39.2785377502, -9.40038967133, 81.2007293701, 247.252120972, 44.4212875366, -8.77429199219, 62.5628128052, 39.67760849, -30.5315742493, 18.7095127106], [245.16204834, -66.8263015747, 13.7743883133, 49.1145744324, 47.581073761, -11.5336389542, 44.4212875366, 165.251571655, 50.3602142334, 25.2446422577, 1.41173863411, 3.80292272568, 0.390644162893], [-104.397865295, -57.1190643311, 79.0691452026, 49.1748466492, 42.7477493286, 44.1359596252, -8.77429199219, 50.3602142334, 148.386795044, 20.0971088409, 6.68439865112, 4.89264917374, -6.45035886765], [199.878128052, 24.9765205383, -36.2807846069, -22.8596534729, 9.23242664337, -1.56167721748, 62.5628128052, 25.2446422577, 20.0971088409, 129.481033325, 35.1116752625, -19.6448230743, 4.49760818481], [-33.1283149719, 5.98598814011, 24.821144104, 5.11624908447, -9.98775863647, 43.5542678833, 39.67760849, 1.41173863411, 6.68439865112, 35.1116752625, 94.3907699585, 13.7555885315, -2.52286744118], [-38.4226799011, -29.169506073, -1.05802714825, 50.5342521667, 36.4448127747, 0.0341062657535, -30.5315742493, 3.80292272568, 4.89264917374, -19.6448230743, 13.7555885315, 114.752319336, 25.0353298187], [88.1913986206, -35.5658798218, -5.66622591019, 0.0914328694344, 1.28711569309, 14.8332958221, 18.7095127106, 0.390644162893, -6.45035886765, 4.49760818481, -2.52286744118, 25.0353298187, 73.5207290649]], "icov": [[0.00011067896412, 3.52526913048e-05, 5.71080199734e-05, 8.67535054567e-05, 3.74182309315e-05, -1.48965327753e-05, -2.9031176382e-05, -0.00019451470871, 0.000102931458969, -0.000139403447974, 8.96726123756e-05, -2.84780253423e-05, -7.03124314896e-05], [3.52526913048e-05, 0.000895910721738, 5.11256475875e-05, -0.000286580238026, -0.000178212532774, 0.000211783146369, 1.85193148354e-05, 0.000389101391193, 0.00034660322126, -0.000322085252265, -0.00011221501336, 0.000293915421935, 0.000295197940432], [5.71080199734e-05, 5.11256475875e-05, 0.00185703008901, -0.000518205983099, -0.000352684932295, -0.000496689695865, -0.000246570503805, 0.000150565159856, -0.00067486736225, 0.000753088097554, -0.000462215713924, 0.000540130480658, -3.6740268115e-05], [8.67535054567e-05, -0.000286580238026, -0.000518205983099, 0.00473873410374, -0.00177909072954, -0.000417628907599, 0.000739797309507, -0.00131313712336, -0.00024428582401, 0.000603711756412, -0.000397640134906, -0.00116174120922, -3.08228372887e-05], [3.74182309315e-05, -0.000178212532774, -0.000352684932295, -0.00177909072954, 0.00512985978276, 0.00069878611248, -0.000412312772823, -0.000522006768733, -0.000676642986946, -0.000914339208975, 0.0011961775599, -0.00128847616725, 0.000197210523766], [-1.48965327753e-05, 0.000211783146369, -0.000496689695865, -0.000417628907599, 0.00069878611248, 0.00448711728677, -0.00165603135247, 0.00119252724107, -0.00167411169969, 0.001046910882, -0.00148994824849, 0.000111014356662, -0.000719743722584], [-2.9031176382e-05, 1.85193148354e-05, -0.000246570503805, 0.000739797309507, -0.000412312772823, -0.00165603135247, 0.0062629156746, -0.00207695318386, 0.0017890157178, -0.00208270479925, -0.00149599928409, 0.00161480030511, -0.0015343936393], [-0.00019451470871, 0.000389101391193, 0.000150565159856, -0.00131313712336, -0.000522006768733, 0.00119252724107, -0.00207695318386, 0.00857030693442, -0.00281857769005, -0.000299805746181, 0.000425658712629, -0.000154370631208, 0.000524562899955], [0.000102931458969, 0.00034660322126, -0.00067486736225, -0.00024428582401, -0.000676642986946, -0.00167411169969, 0.0017890157178, -0.00281857769005, 0.0094842677936, -0.00237631448545, 0.000440505187726, -5.44401591469e-05, 0.000912937743124], [-0.000139403447974, -0.000322085252265, 0.000753088097554, 0.000603711756412, -0.000914339208975, 0.001046910882, -0.00208270479925, -0.000299805746181, -0.00237631448545, 0.011414247565, -0.00440273340791, 0.00225118896924, -0.00141932116821], [8.96726123756e-05, -0.00011221501336, -0.000462215713924, -0.000397640134906, 0.0011961775599, -0.00148994824849, -0.00149599928409, 0.000425658712629, 0.000440505187726, -0.00440273340791, 0.0144208567217, -0.00366871152073, 0.00251323427074], [-2.84780253423e-05, 0.000293915421935, 0.000540130480658, -0.00116174120922, -0.00128847616725, 0.000111014356662, 0.00161480030511, -0.000154370631208, -5.44401591469e-05, 0.00225118896924, -0.00366871152073, 0.0119559448212, -0.00453016906977], [-7.03124314896e-05, 0.000295197940432, -3.6740268115e-05, -3.08228372887e-05, 0.000197210523766, -0.000719743722584, -0.0015343936393, 0.000524562899955, 0.000912937743124, -0.00141932116821, 0.00251323427074, -0.00453016906977, 0.0161511860788]]}, "silence_rate_20dB": {"dvar2": 0, "var": 0, "min": 1, "dmean": 0, "mean": 1, "max": 1, "dmean2": 0, "median": 1, "dvar": 0}, "melbands_kurtosis": {"dvar2": 61619.2265625, "var": 23803.8613281, "min": -1.77477347851, "dmean": 13.0042896271, "mean": 23.2669391632, "max": 9792.18554688, "dmean2": 21.5590190887, "median": 9.5793170929, "dvar": 21771.6191406}, "barkbands_spread": {"dvar2": 103.199440002, "var": 173.566864014, "min": 0.0412025861442, "dmean": 4.4302148819, "mean": 15.978392601, "max": 115.191200256, "dmean2": 6.71859455109, "median": 12.616979599, "dvar": 49.6699371338}, "erbbands_skewness": {"dvar2": 0.379886090755, "var": 0.925248146057, "min": -3.94147992134, "dmean": 0.406696021557, "mean": 1.24223387241, "max": 7.55930948257, "dmean2": 0.6062297225, "median": 1.20703029633, "dvar": 0.180994406343}, "average_loudness": 0.686669647694, "spectral_centroid": {"dvar2": 163853.21875, "var": 509745.40625, "min": 145.499526978, "dmean": 165.585891724, "mean": 936.119262695, "max": 11552.7275391, "dmean2": 252.130493164, "median": 805.899719238, "dvar": 82932.984375}, "dissonance": {"dvar2": 0.00174406089354, "var": 0.00167842512019, "min": 0.206928223372, "dmean": 0.0278263427317, "mean": 0.434527724981, "max": 0.500000178814, "dmean2": 0.0463546514511, "median": 0.442245721817, "dvar": 0.000652441347484}, "erbbands_flatness_db": {"dvar2": 0.000627448549494, "var": 0.00237523228861, "min": 0.0289190430194, "dmean": 0.0179931651801, "mean": 0.166315421462, "max": 0.363901019096, "dmean2": 0.0253429785371, "median": 0.163677617908, "dvar": 0.000332796160365}, "spectral_strongpeak": {"dvar2": 2.4857211113, "var": 3.65172314644, "min": 0, "dmean": 0.621752738953, "mean": 1.57180917263, "max": 28.3007583618, "dmean2": 1.0070271492, "median": 0.866741716862, "dvar": 1.04716670513}, "spectral_rms": {"dvar2": 6.22947754891e-06, "var": 4.96504435432e-06, "min": 3.13949886054e-12, "dmean": 0.00087218376575, "mean": 0.00459718285128, "max": 0.0153694683686, "dmean2": 0.00137057097163, "median": 0.00437637139112, "dvar": 2.41629163611e-06}, "silence_rate_60dB": {"dvar2": 0.0214407052845, "var": 0.0630840584636, "min": 0, "dmean": 0.0100439423695, "mean": 0.0676625669003, "max": 1, "dmean2": 0.0200904067606, "median": 0, "dvar": 0.0099417315796}, "melbands": {"dvar2": [5.99382037763e-05, 9.63074635365e-05, 5.47742729395e-06, 1.38279756356e-06, 1.17701756608e-06, 5.77596608764e-07, 2.54174267411e-07, 1.81614908001e-07, 3.20876779369e-07, 3.70197625443e-07, 2.7419662274e-07, 2.48141134307e-07, 1.63112432006e-07, 7.80593296668e-08, 4.07712796857e-08, 1.34417872388e-08, 1.01410178033e-08, 4.83020601294e-09, 1.46136236445e-09, 8.37475311322e-10, 1.23236010285e-09, 7.69742436457e-10, 2.59907428912e-10, 2.00701746889e-10, 1.80894077495e-10, 6.65901361829e-11, 9.25078763592e-11, 7.51158302226e-11, 3.31255335662e-11, 1.79065009348e-11, 1.51165104739e-11, 2.42202612133e-11, 3.21750091847e-11, 3.44314646239e-11, 2.81418794518e-11, 1.83169746731e-11, 2.50199028162e-11, 9.3673874213e-11, 7.61511617653e-11, 1.32399272101e-10], "var": [1.51256108438e-05, 1.8964854462e-05, 1.63542381415e-06, 7.74725492647e-07, 1.01449688827e-06, 5.8246109802e-07, 3.77448230893e-07, 1.44235059452e-07, 2.92856810802e-07, 5.83132532483e-07, 5.19323350545e-07, 7.47969409076e-07, 5.68227960684e-07, 2.89201238957e-07, 1.46384252275e-07, 2.83915451149e-08, 2.27702479094e-08, 9.52609013893e-09, 2.45439402136e-09, 1.84322546115e-09, 4.06386435614e-09, 1.41560485556e-09, 4.89839002693e-10, 2.55227255996e-10, 2.2993321136e-10, 1.00212775578e-10, 1.3718337577e-10, 1.09755739219e-10, 4.06954747678e-11, 1.12811791159e-11, 9.2348472619e-12, 1.22390179588e-11, 1.87355981424e-11, 2.23578239256e-11, 2.44684654482e-11, 1.90281852774e-11, 2.75046877635e-11, 8.10764858028e-11, 7.05657129951e-11, 6.23405979616e-11], "min": [2.28718425998e-24, 2.01970854551e-24, 3.23870710057e-24, 2.62189873093e-24, 2.12215258646e-24, 3.0254949584e-24, 1.36046665752e-24, 1.88217222441e-24, 3.0076907622e-24, 2.87512110935e-24, 4.43722426273e-24, 2.08771782187e-24, 2.8818853944e-24, 4.21816390024e-24, 3.50112680829e-24, 3.65650479648e-24, 4.86978509606e-24, 3.04413396665e-24, 2.53683073192e-24, 3.99997917335e-24, 4.77262464824e-24, 2.58666327252e-24, 5.09460059328e-24, 5.78676568976e-24, 6.08946187428e-24, 4.91778373227e-24, 5.15471928844e-24, 6.75181157841e-24, 6.33547840277e-24, 6.45276860874e-24, 5.52159009647e-24, 8.11238522519e-24, 5.58909765729e-24, 6.93803955003e-24, 7.32122400157e-24, 6.6937309054e-24, 6.9355380721e-24, 6.64332821559e-24, 7.47471976765e-24, 6.59073130916e-24], "dmean": [0.00123059772886, 0.00147930183448, 0.000531332625542, 0.000408316758694, 0.000392881891457, 0.000324059219565, 0.000174258573679, 0.000121138575196, 0.00013162624964, 0.000146053105709, 0.000115627008199, 9.0455832833e-05, 7.37677328289e-05, 5.64476504223e-05, 3.22146952385e-05, 2.15282925637e-05, 2.13384555536e-05, 1.62550859386e-05, 9.54416555032e-06, 7.99293502496e-06, 7.85304564488e-06, 5.67136839891e-06, 4.45856903752e-06, 3.79081120627e-06, 4.26026917921e-06, 2.87308785119e-06, 2.79379241874e-06, 2.34675803767e-06, 1.39760584261e-06, 8.80620291355e-07, 8.17427974198e-07, 8.63284242314e-07, 1.0116731346e-06, 1.21117909657e-06, 1.23480094771e-06, 1.00006582215e-06, 1.0245868225e-06, 1.375320835e-06, 1.32160380417e-06, 8.50933929541e-07], "mean": [0.00107280630618, 0.00124509737361, 0.000713129062206, 0.000701644283254, 0.000820042914711, 0.000677376869135, 0.000390520726796, 0.000228733653785, 0.000241310204729, 0.000314269011142, 0.00024095090339, 0.000208789380849, 0.000186028235476, 0.000151489191921, 8.10384808574e-05, 4.38434944954e-05, 4.17878836743e-05, 3.2156072848e-05, 1.85040662473e-05, 1.64174416568e-05, 1.70828025148e-05, 1.09214697659e-05, 8.85494955583e-06, 7.91909951658e-06, 8.62811975821e-06, 6.13487509327e-06, 5.64208221476e-06, 4.55522877019e-06, 2.59985768025e-06, 1.34823460485e-06, 1.22127403301e-06, 1.24335963392e-06, 1.49203481214e-06, 1.96234850591e-06, 2.28088742915e-06, 1.91835829355e-06, 1.9723411242e-06, 2.74862600236e-06, 2.61292507275e-06, 1.49615050304e-06], "max": [0.0408620983362, 0.0467179380357, 0.019649464637, 0.0120879383758, 0.0132410880178, 0.00953094661236, 0.00830665510148, 0.00689080031589, 0.0122600272298, 0.0139170354232, 0.0151196746156, 0.020125662908, 0.0196842197329, 0.00643333280459, 0.00775532796979, 0.00421406747773, 0.00276634190232, 0.00270216399804, 0.000959959637839, 0.000656476884615, 0.00129385630134, 0.000705606129486, 0.00040184520185, 0.00024789076997, 0.000234282080783, 0.000166743717273, 0.000159133342095, 0.000148835897562, 7.97179891379e-05, 7.255802484e-05, 4.93304942211e-05, 7.78238390922e-05, 0.000109118889668, 0.00010451838898, 0.000119121628813, 9.94639849523e-05, 0.000113503134344, 0.00026484002592, 0.000233107566601, 0.000536698149517], "dmean2": [0.00214589131065, 0.00278611877002, 0.000943981693126, 0.000672282185405, 0.00062368583167, 0.000506855314597, 0.000268345698714, 0.000194190128241, 0.000200747032068, 0.000213826861, 0.000167106205481, 0.000127055798657, 0.000106080675323, 8.02832291811e-05, 4.72495739814e-05, 3.1856696296e-05, 3.03257784253e-05, 2.38364318648e-05, 1.40853908306e-05, 1.20602262541e-05, 1.16403798529e-05, 8.72040163813e-06, 6.95374546922e-06, 5.88943521507e-06, 6.54366567687e-06, 4.48202354164e-06, 4.32672368333e-06, 3.61763227374e-06, 2.20357401304e-06, 1.39535518429e-06, 1.29611180455e-06, 1.36889968871e-06, 1.56146620611e-06, 1.86489478438e-06, 1.90156890767e-06, 1.50313405811e-06, 1.49441905251e-06, 2.03171634894e-06, 1.97153985937e-06, 1.28376552766e-06], "median": [0.000248192780418, 0.000394326052628, 0.000383270846214, 0.000422388548031, 0.000502654584125, 0.000440237810835, 0.000193779822439, 9.28279041545e-05, 6.62159218336e-05, 5.59138061362e-05, 3.21373445331e-05, 2.34313920373e-05, 1.73598928086e-05, 8.99248425412e-06, 9.06029617909e-06, 7.0969981607e-06, 5.82223856327e-06, 6.44821875539e-06, 4.58408612758e-06, 3.48293292518e-06, 2.52034760706e-06, 2.17031151806e-06, 2.14882993532e-06, 2.55318104792e-06, 3.09452389047e-06, 2.43653880716e-06, 1.80665097105e-06, 1.19370747598e-06, 5.24690221937e-07, 3.21700497352e-07, 3.02860598822e-07, 2.86788036874e-07, 3.18167991509e-07, 4.54266768202e-07, 5.42505745216e-07, 5.00766645928e-07, 5.61089677831e-07, 6.70574536343e-07, 6.19176830696e-07, 3.61632260137e-07], "dvar": [2.20131223614e-05, 3.31078372255e-05, 1.97438521354e-06, 5.19295554113e-07, 4.38155126403e-07, 2.26181882113e-07, 1.05315713483e-07, 7.00412670085e-08, 1.35688026148e-07, 1.67525215033e-07, 1.42890641541e-07, 1.51933832626e-07, 9.61186614745e-08, 3.89468119977e-08, 1.96680645104e-08, 6.55538645589e-09, 5.7765241479e-09, 2.60584109846e-09, 7.6798645221e-10, 4.3437139996e-10, 6.97348179202e-10, 3.67030211779e-10, 1.15162442083e-10, 8.3744351731e-11, 7.70984179277e-11, 2.99006583382e-11, 4.32576890974e-11, 3.40595954218e-11, 1.39199719459e-11, 7.558236155e-12, 6.29124920562e-12, 1.00666159436e-11, 1.41709630141e-11, 1.4875614629e-11, 1.23123143625e-11, 8.92355720566e-12, 1.24996618958e-11, 4.23651252968e-11, 3.41425672457e-11, 5.61849941572e-11]}, "spectral_skewn