{"tonal": {"thpcp": [1, 0.703661680222, 0.406878590584, 0.34967443347, 0.264851629734, 0.311961531639, 0.427321881056, 0.351274967194, 0.364628523588, 0.479659110308, 0.392597019672, 0.534450232983, 0.804471135139, 0.545914709568, 0.363976210356, 0.462535142899, 0.303621977568, 0.284925878048, 0.421385884285, 0.342503517866, 0.461187660694, 0.626096129417, 0.424584925175, 0.389546096325, 0.5338793993, 0.462511509657, 0.518012106419, 0.6796413064, 0.478123635054, 0.269451618195, 0.319644123316, 0.365857809782, 0.63198953867, 0.893040657043, 0.729931652546, 0.794377207756], "hpcp": {"dmean2": [0.140382111073, 0.131429061294, 0.104568533599, 0.10797856003, 0.145599797368, 0.178974077106, 0.208277761936, 0.234600707889, 0.237207442522, 0.22708658874, 0.1911791116, 0.173824876547, 0.12512652576, 0.0918749570847, 0.0932558700442, 0.112915858626, 0.114017732441, 0.111359938979, 0.11588780582, 0.120872080326, 0.147446721792, 0.149446517229, 0.129179134965, 0.10726878047, 0.0930718481541, 0.0760956481099, 0.0754373446107, 0.0946397483349, 0.10617171973, 0.121608890593, 0.131020009518, 0.117632076144, 0.111723862588, 0.129745915532, 0.14405220747, 0.145975142717], "median": [0.0160316973925, 0.0127866715193, 0.00720615591854, 0.00500314962119, 0.006761925295, 0.0184392035007, 0.0283978749067, 0.0252135358751, 0.0295369066298, 0.0275402888656, 0.0150522263721, 0.00519757717848, 0.00409023091197, 0.00367866130546, 0.00678980629891, 0.00763387512416, 0.00557859800756, 0.00601586420089, 0.00718576973304, 0.00814881362021, 0.020377587527, 0.0284667126834, 0.0184404887259, 0.00901364348829, 0.00621667318046, 0.0065536191687, 0.00762078352273, 0.00963064469397, 0.0099110705778, 0.014621399343, 0.0189310666174, 0.0177845284343, 0.011931521818, 0.0128383515403, 0.0123839257285, 0.0150999948382], "min": [0, 0, 0, 0, 0, 0, 0, 0, 0, 0, 0, 0, 0, 0, 0, 0, 0, 0, 0, 0, 0, 0, 0, 0, 0, 0, 0, 0, 0, 0, 0, 0, 0, 0, 0, 0], "dvar2": [0.078512981534, 0.0726116001606, 0.0585720390081, 0.0609191730618, 0.0969323664904, 0.108374349773, 0.131833314896, 0.14513207972, 0.144368961453, 0.157268568873, 0.126471728086, 0.134245365858, 0.0811121612787, 0.0627565532923, 0.0616414546967, 0.0734510719776, 0.0777589008212, 0.0717454254627, 0.0756635293365, 0.077232144773, 0.0919923484325, 0.0840188190341, 0.0732639804482, 0.0604630000889, 0.0477705597878, 0.0359972082078, 0.0376508124173, 0.048702262342, 0.0587723106146, 0.0679292231798, 0.0729139149189, 0.0572615526617, 0.0584062039852, 0.0724076032639, 0.0848446860909, 0.0890849307179], "dvar": [0.0312520749867, 0.02957174927, 0.0223548430949, 0.0234439484775, 0.036242544651, 0.0415286794305, 0.0483815893531, 0.0570819415152, 0.056462649256, 0.053990457207, 0.0482859238982, 0.0509032458067, 0.0298796351999, 0.0226728133857, 0.0227639283985, 0.0279052294791, 0.0283503849059, 0.0266489647329, 0.0278630312532, 0.0292599778622, 0.0337587893009, 0.0315191522241, 0.0279300305992, 0.0232156291604, 0.0189748276025, 0.0138781415299, 0.0133264753968, 0.0188123062253, 0.0227639768273, 0.0250156186521, 0.0284070093185, 0.0231295190752, 0.022148899734, 0.0270889569074, 0.0329248532653, 0.0331856422126], "dmean": [0.083622276783, 0.0776110738516, 0.0588706098497, 0.0609314776957, 0.0823453217745, 0.102459833026, 0.118275754154, 0.135408863425, 0.135614544153, 0.128675162792, 0.110665023327, 0.0976378023624, 0.0701714083552, 0.0520361438394, 0.0549610182643, 0.0651596710086, 0.0655178874731, 0.0642779693007, 0.0662788748741, 0.069285094738, 0.0861440226436, 0.0873782560229, 0.0756564065814, 0.0619606636465, 0.0548597201705, 0.044734120369, 0.0439852587879, 0.0553441867232, 0.0613207928836, 0.0699756368995, 0.0769524946809, 0.0684279724956, 0.0644045472145, 0.0738001540303, 0.0834735631943, 0.0849916413426], "max": [1, 1, 1, 1, 1, 1, 1, 1, 1, 1, 1, 1, 1, 1, 1, 1, 1, 1, 1, 1, 1, 1, 1, 1, 1, 1, 1, 1, 1, 1, 1, 1, 1, 1, 1, 1], "var": [0.0762818455696, 0.0438872426748, 0.024325793609, 0.0333717726171, 0.0380473807454, 0.0600620135665, 0.0986077412963, 0.0693531781435, 0.0749766305089, 0.110614925623, 0.0695527046919, 0.0478503592312, 0.038288526237, 0.0268871616572, 0.0288656745106, 0.0475396811962, 0.0357186421752, 0.0357892774045, 0.0593025423586, 0.038738399744, 0.0441276431084, 0.0859241485596, 0.0481441281736, 0.030292334035, 0.0527051836252, 0.0226637329906, 0.0207964461297, 0.0444941446185, 0.0279746670276, 0.0396998859942, 0.067430563271, 0.0330287925899, 0.0333225131035, 0.0578413717449, 0.0432803072035, 0.0479445829988], "mean": [0.147456988692, 0.103735119104, 0.058461021632, 0.0693509355187, 0.07937759161, 0.137118324637, 0.193756744266, 0.158368140459, 0.172350436449, 0.216962963343, 0.152668520808, 0.0882775858045, 0.0758664011955, 0.0574629940093, 0.0676840990782, 0.0927130207419, 0.076213657856, 0.0791108831763, 0.104068264365, 0.0851790159941, 0.115955904126, 0.174540445209, 0.118443273008, 0.0789693593979, 0.100352995098, 0.0658747255802, 0.0618183612823, 0.0914251282811, 0.0743105784059, 0.100060641766, 0.135839670897, 0.0921192020178, 0.0845170766115, 0.115832060575, 0.100347869098, 0.112389445305]}, "tuning_equal_tempered_deviation": 0.0406061261892, "chords_changes_rate": 0.0501944161952, "key_key": "E", "tuning_diatonic_strength": 0.369765490294, "key_scale": "minor", "chords_number_rate": 0.00335807702504, "tuning_frequency": 436.960693359, "tuning_nontempered_energy_ratio": 0.661889970303, "chords_histogram": [7.98868846893, 3.00459527969, 1.18416404724, 0.247437253594, 2.3506538868, 5.92082023621, 2.08554267883, 7.58218431473, 2.05019450188, 9.40261554718, 0, 0.406504064798, 1.30788266659, 0.901378571987, 5.63803482056, 6.73382806778, 0.9720749259, 2.79250621796, 1.36090493202, 1.50229763985, 4.34782600403, 9.11983013153, 9.06680774689, 14.0332269669], "key_strength": 0.61700463295, "chords_key": "C", "chords_strength": {"dmean2": 0.00841629412025, "median": 0.542022645473, "min": -1, "dvar2": 0.000725450518075, "dvar": 0.000403108424507, "dmean": 0.0097121745348, "max": 0.840607106686, "var": 0.0262192916125, "mean": 0.532763779163}, "chords_scale": "major", "hpcp_entropy": {"dmean2": 0.841359257698, "median": 1.55175089836, "min": 0, "dvar2": 0.596674025059, "dvar": 0.223737314343, "dmean": 0.492510676384, "max": 3.84618163109, "var": 0.459430247545, "mean": 1.45285105705}}, "metadata": {"audio_properties": {"equal_loudness": 0, "codec": "flac", "downmix": "mix", "sample_rate": 44100, "analysis_sample_rate": 44100, "bit_rate": 0, "md5_encoded": "bbe66ffe81386bac9a223aafdc0e317e", "length": 262.706665039, "replay_gain": -9.86001968384, "lossless": true}, "version": {"essentia_build_sha": "70f2e5ece6736b2c40cc944ad0e695b16b925413", "essentia": "2.1-beta2", "extractor": "music 1.0", "essentia_git_sha": "v2.1_beta2"}, "tags": {"title": ["Ensue\u00f1o"], "barcode": ["602537114061"], "media": ["CD"], "albumartist": ["Freddie Mercury & Montserrat Caball\u00e9"], "tracktotal": ["10"], "albumartistsort": ["Mercury, Freddie & Caball\u00e9, Montserrat"], "releasetype": ["album"], "musicbrainz_recordingid": ["16b7bfa2-b296-4090-9669-e888c81c9de0"], "composer": ["Freddie Mercury", "Mike Moran"], "mood": ["Emotional"], "musicbrainz_discid": ["tx0mrKX5J9b6aw.aRE8Qg_35g_M-"], "originalyear": ["1988"], "lyricist": ["Montserrat Caball\u00e9"], "musicbrainz_workid": ["73ba04c4-220b-3d93-bb07-b89f4eddbde2"], "musicbrainz_releasegroupid": ["374dc3eb-0f97-3657-8fb2-b99489deb01d"], "discnumber": ["1"], "composersort": ["Mercury, Freddie", "Moran, Mike"], "catalognumber": ["371 140 6"], "releasecountry": ["XW"], "file_name": "04 Ensue\u00f1o.flac", "musicbrainz_albumartistid": ["022589ac-7177-460d-a178-9976cf70e29f", "a96e61bc-1da0-45d0-816d-ebd00b70ff9d"], "work": ["Ensue\u00f1o"], "date": ["2012"], "genre": ["Classic Rock", "Rock", "Opera"], "musicbrainz_albumid": ["3b5a3318-b141-4d2e-90a3-bda9e7890973"], "disctotal": ["1"], "tracknumber": ["4"], "releasestatus": ["official"], "musicbrainz_artistid": ["022589ac-7177-460d-a178-9976cf70e29f", "a96e61bc-1da0-45d0-816d-ebd00b70ff9d"], "originaldate": ["1988-11-16"], "grouping": ["Opera"], "musicbrainz_releasetrackid": ["1a3a8f8b-b09c-389d-8526-307456f2e2d1"], "artist": ["Freddie Mercury & Montserrat Caball\u00e9"], "totaltracks": ["10"], "artistsort": ["Mercury, Freddie & Caball\u00e9, Montserrat"], "album": ["Barcelona"], "label": ["Island"], "isrc": ["GBUM71204525"], "totaldiscs": ["1"], "script": ["Latn"], "acoustid_id": ["b58b7b4a-211c-46c2-9a36-c4951ee6b18d"]}}, "rhythm": {"bpm_histogram_first_peak_bpm": {"dmean2": 0, "median": 178, "min": 178, "dvar2": 0, "dvar": 0, "dmean": 0, "max": 178, "var": 0, "mean": 178}, "bpm": 178.205932617, "bpm_histogram_second_peak_spread": {"dmean2": 0, "median": 0.431372582912, "min": 0.431372582912, "dvar2": 0, "dvar": 0, "dmean": 0, "max": 0.431372582912, "var": 0, "mean": 0.431372582912}, "bpm_histogram_first_peak_weight": {"dmean2": 0, "median": 0.117274165154, "min": 0.117274165154, "dvar2": 0, "dvar": 0, "dmean": 0, "max": 0.117274165154, "var": 0, "mean": 0.117274165154}, "onset_rate": 2.48932170868, "beats_position": [0.348299324512, 0.719818592072, 1.09133780003, 1.46285712719, 1.83437633514, 2.20589566231, 2.56580495834, 2.93732428551, 3.30884337425, 3.68036270142, 4.06349182129, 4.446621418, 4.79492044449, 5.13160991669, 5.46829938889, 5.80498838425, 6.14167785645, 6.47836732864, 6.82666635513, 7.16335582733, 7.50004529953, 7.8251247406, 8.15020370483, 8.48689365387, 8.82358264923, 9.16027164459, 9.50857162476, 9.85687065125, 10.1935596466, 10.5882987976, 10.9830379486, 11.3777770996, 11.8886165619, 12.3994560242, 12.9102945328, 13.3979139328, 13.8855323792, 14.3731517792, 14.9536504745, 15.545759201, 16.1262588501, 16.7299766541, 17.3336963654, 17.9258041382, 18.5063037872, 19.1100215912, 19.7137413025, 20.3174591064, 20.9211788177, 21.5248966217, 22.128616333, 22.7787742615, 23.4405441284, 24.0790920258, 24.7176418304, 25.3561897278, 26.0063495636, 26.6565074921, 27.3066654205, 27.9568252563, 28.5953731537, 29.2455329895, 29.8724708557, 30.4878005981, 31.2076187134, 31.8926067352, 32.5775947571, 33.2741928101, 33.9824028015, 34.6790008545, 35.3639907837, 36.0373687744, 36.7107467651, 37.3376846313, 37.9646263123, 38.5915641785, 39.2185020447, 39.8570518494, 40.4956016541, 41.1457595825, 41.830745697, 42.5157356262, 43.1658935547, 43.8276634216, 44.4894332886, 45.011882782, 45.5343284607, 46.0567779541, 46.5792274475, 47.0900688171, 47.6125144958, 48.1233558655, 48.6225852966, 49.1102027893, 49.5862121582, 50.0622215271, 50.538230896, 51.0142402649, 51.4902496338, 51.9778671265, 52.4538764954, 52.941493988, 53.4291152954, 53.9167327881, 54.3811340332, 54.8571434021, 55.333152771, 55.8207702637, 56.3083877563, 56.7031288147, 57.1094779968, 57.4926071167, 57.8873443604, 58.2820854187, 58.6768226624, 59.0715637207, 59.4663009644, 59.8726501465, 60.2789993286, 60.673740387, 61.0684814453, 61.463218689, 61.8579597473, 62.252696991, 62.6938781738, 63.1466636658, 63.5994529724, 64.0870742798, 64.563079834, 65.0390930176, 65.5267105103, 66.0259399414, 66.5251693726, 66.9082946777, 67.2914276123, 67.6629486084, 68.022857666, 68.3711547852, 68.7194519043, 69.0793609619, 69.450881958, 69.8107910156, 70.1358718872, 70.4609527588, 70.7860336304, 71.122718811, 71.4477996826, 71.7844848633, 72.1211776733, 72.4578704834, 72.7829437256, 73.1196365356, 73.4563217163, 73.7930145264, 74.1180953979, 74.4431762695, 74.7798614502, 75.1281585693, 75.4648513794, 75.8131484985, 76.1614532471, 76.5213623047, 76.8812713623, 77.2411804199, 77.6126937866, 77.9958267212, 78.3673477173, 78.7504730225, 79.133605957, 79.5051269531, 79.8766403198, 80.2249450684, 80.5732421875, 80.9215393066, 81.2698364258, 81.6181411743, 81.9664382935, 82.3263473511, 82.6862564087, 83.0461654663, 83.4060745239, 83.7543716431, 84.1026763916, 84.4509735107, 84.8573226929, 85.263671875, 85.6700210571, 86.2040786743, 86.7265319824, 87.2489776611, 87.7830352783, 88.3054885864, 88.8395462036, 89.3619918823, 89.8844451904, 90.4068908691, 90.9293441772, 91.4634017944, 91.9974594116, 92.4966888428, 92.9959182739, 93.4835357666, 93.9827651978, 94.4819946289, 94.9696121216, 95.4688415527, 95.9680709839, 96.4789123535, 96.9897460938, 97.4889755249, 97.9882049561, 98.4874343872, 98.9982757568, 99.497505188, 99.9851226807, 100.472740173, 100.971969604, 101.471199036, 101.970428467, 102.458045959, 102.968887329, 103.46811676, 103.967346191, 104.454963684, 104.942581177, 105.441810608, 105.882987976, 106.324172974, 106.765350342, 107.160087585, 107.554824829, 107.949569702, 108.344306946, 108.739044189, 109.133781433, 109.516914368, 109.900039673, 110.25995636, 110.619865417, 110.991378784, 111.36289978, 111.746032715, 112.12915802, 112.500679016, 112.860588074, 113.220497131, 113.580406189, 113.940315247, 114.300224304, 114.683357239, 115.054870605, 115.43800354, 115.809524536, 116.192649841, 116.587387085, 116.982131958, 117.400085449, 117.81804657, 118.23600769, 118.653968811, 119.060317993, 119.455055237, 119.861404419, 120.267753601, 120.650878906, 121.010787964, 121.38230896, 121.765441895, 122.102127075, 122.438819885, 122.775505066, 123.123809814, 123.460494995, 123.797187805, 124.122268677, 124.447341919, 124.772422791, 125.109115601, 125.445800781, 125.782493591, 126.107574463, 126.444259644, 126.780952454, 127.129249573, 127.465942383, 127.82585144, 128.197372437, 128.568893433, 128.94039917, 129.381591797, 129.822769165, 130.252334595, 130.681900024, 131.099868774, 131.529434204, 131.958999634, 132.388565063, 132.818145752, 133.25932312, 133.68888855, 134.153289795, 134.61769104, 135.070480347, 135.407165527, 135.743850708, 136.080535889, 136.40562439, 136.74230957, 137.067382812, 137.41569519, 137.76399231, 138.112289429, 138.448974609, 138.78565979, 139.133972168, 139.482269287, 139.830566406, 140.190475464, 140.527160645, 140.852249146, 141.188934326, 141.514007568, 141.850692749, 142.17578125, 142.512466431, 142.872375488, 143.243896484, 143.568969727, 143.905670166, 144.288803101, 144.695144653, 145.101501465, 145.635559082, 146.192825317, 146.726898193, 147.260955811, 147.795013428, 148.329071045, 148.828292847, 149.339141846, 149.838363647, 150.372421265, 150.883255005, 151.405715942, 151.916549683, 152.415786743, 152.926620483, 153.414230347, 153.913467407, 154.412689209, 154.795822144, 155.178955078, 155.550476074, 155.92199707, 156.305114746, 156.688247681, 157.071380615, 157.45451355, 157.849243164, 158.243988037, 158.650344849, 159.021850586, 159.404983521, 159.776504517, 160.159637451, 160.496322632, 160.833007812, 161.169708252, 161.506393433, 161.843078613, 162.191375732, 162.55128479, 162.899581909, 163.236282349, 163.561355591, 163.874832153, 164.188293457, 164.513381958, 164.8384552, 165.163528442, 165.488616943, 165.825302124, 166.161987305, 166.498687744, 166.835372925, 167.160446167, 167.473922729, 167.787384033, 168.100860596, 168.425933838, 168.751022339, 169.076095581, 169.412780762, 169.749481201, 170.086166382, 170.422851562, 170.759536743, 171.142669678, 171.537414551, 171.932144165, 172.3152771, 172.65196228, 172.98866272, 173.336959839, 173.662033081, 173.998733521, 174.335418701, 174.660491943, 174.985580444, 175.299041748, 175.612518311, 175.937591553, 176.274276733, 176.622589111, 176.959274292, 177.295959473, 177.632644653, 177.969345093, 178.306030273, 178.619491577, 178.944580078, 179.26965332, 179.606338501, 179.931427002, 180.256500244, 180.581588745, 180.906661987, 181.231735229, 181.55682373, 181.881896973, 182.206985474, 182.532058716, 182.868743896, 183.205444336, 183.542129517, 183.890426636, 184.238723755, 184.587020874, 184.946929932, 185.306838989, 185.666748047, 186.049880981, 186.433013916, 186.816146851, 187.210876465, 187.594009399, 187.977142334, 188.360275269, 188.731781006, 189.103302002, 189.46321106, 189.823120117, 190.194641113, 190.554550171, 190.914459229, 191.262756348, 191.703948975, 192.121902466, 192.551467896, 192.981033325, 193.352554321, 193.712463379, 194.072372437, 194.420669556, 194.780578613, 195.152099609, 195.523620605, 195.895141602, 196.301498413, 196.707839966, 197.114196777, 197.508926392, 197.961715698, 198.414505005, 198.867294312, 199.343307495, 199.819320679, 200.295318604, 200.771331787, 201.258956909, 201.734954834, 202.199356079, 202.686981201, 203.162994385, 203.63899231, 204.126617432, 204.614242554, 205.06703186, 205.508209229, 205.937774658, 206.355728149, 206.715637207, 207.087158203, 207.447067261, 207.830200195, 208.224945068, 208.608062744, 209.002807617, 209.385940552, 209.780670166, 210.187026978, 210.581771851, 210.976501465, 211.359634399, 211.742767334, 212.12588501, 212.509017944, 212.892150879, 213.286895752, 213.670013428, 214.076370239, 214.482711792, 214.889068604, 215.272201538, 215.666931152, 216.061676025, 216.45640564, 216.851150513, 217.245895386, 217.640625, 218.035369873, 218.418502808, 218.801635742, 219.196365356, 219.591110229, 219.951019287, 220.322540283, 220.694061279, 221.065567017, 221.425476074, 221.785385132, 222.156906128, 222.528427124, 222.923171997, 223.306304932, 223.677825928, 224.049331665, 224.420852661, 224.792373657, 225.163894653, 225.523803711, 225.883712769, 226.232009888, 226.591918945, 226.928619385, 227.276916504, 227.613601685, 227.961898804, 228.310195923, 228.67010498, 229.099685669, 229.529251099, 229.970428467, 230.388381958, 230.817947388, 231.247528076, 231.677093506, 232.095046997, 232.501403809, 232.9193573, 233.314102173, 233.720443726, 234.126800537, 234.544754028, 234.893051147, 235.241363525, 235.589660645, 235.937957764, 236.286254883, 236.634552002, 236.982849121, 237.319549561, 237.772338867, 238.213516235, 238.654693604, 239.095870972, 239.525436401, 239.96661377, 240.396179199, 240.790924072, 241.197280884, 241.603622437, 242.009979248, 242.393096924, 242.787841797, 243.170974731, 243.554092407, 243.983673096, 244.413238525, 244.842803955, 245.214324951, 245.585845947, 245.945755005, 246.305664062, 246.66557312, 247.025482178, 247.385391235, 247.756912231, 248.128433228, 248.511566162, 248.894683838, 249.266204834, 249.649337769, 250.032470703, 250.403991699, 250.787109375, 251.17024231, 251.541763306, 251.92489624, 252.308029175, 252.702758789, 253.097503662, 253.492233276, 253.886978149, 254.304931641, 254.722900391, 255.140853882, 255.558822632, 255.988388062, 256.41796875, 256.84753418, 257.265472412, 257.671844482, 258.089782715, 258.577423096, 259.053405762, 259.529418945, 260.005432129, 260.481445312, 260.957458496, 261.43347168, 261.909484863], "beats_loudness": {"dmean2": 0.0108310356736, "median": 0.00878191553056, "min": 7.08106295821e-10, "dvar2": 0.00023875295301, "dvar": 8.57152190292e-05, "dmean": 0.00665829423815, "max": 0.101858519018, "var": 0.000228160686675, "mean": 0.0138300079852}, "danceability": 0.81932091713, "bpm_histogram_second_peak_weight": {"dmean2": 0, "median": 0.0919175893068, "min": 0.0919175893068, "dvar2": 0, "dvar": 0, "dmean": 0, "max": 0.0919175893068, "var": 0, "mean": 0.0919175893068}, "beats_count": 632, "bpm_histogram_second_peak_bpm": {"dmean2": 0, "median": 157, "min": 157, "dvar2": 0, "dvar": 0, "dmean": 0, "max": 157, "var": 0, "mean": 157}, "bpm_histogram_first_peak_spread": {"dmean2": 0, "median": 0, "min": 0, "dvar2": 0, "dvar": 0, "dmean": 0, "max": 0, "var": 0, "mean": 0}, "beats_loudness_band_ratio": {"dmean2": [0.0905910357833, 0.261027902365, 0.297754257917, 0.141554355621, 0.0749391540885, 0.0391424968839], "median": [0.0328774601221, 0.227826222777, 0.449806541204, 0.0687400400639, 0.0198922380805, 0.00592209398746], "min": [1.44134346556e-05, 9.52639456955e-05, 0.000251735240454, 0.000612434698269, 0.000154014691361, 1.72596974153e-05], "dvar2": [0.0148234535009, 0.0632745623589, 0.0555064380169, 0.0280754156411, 0.0160387102515, 0.00548042729497], "dvar": [0.00640552304685, 0.0254392493516, 0.0233237426728, 0.011220164597, 0.00589040014893, 0.00234075146727], "dmean": [0.0532128699124, 0.159571543336, 0.178645759821, 0.0872810035944, 0.0451760441065, 0.0229863617569], "max": [0.908218622208, 0.981804490089, 0.996183812618, 0.806584000587, 0.678986430168, 0.995524168015], "var": [0.0126389469951, 0.0646666362882, 0.0706661269069, 0.025856943801, 0.00837001483887, 0.00825517531484], "mean": [0.0712224468589, 0.295689225197, 0.466100245714, 0.13674429059, 0.0578735917807, 0.0319738350809]}}, "lowlevel": {"barkbands_spread": {"dmean2": 3.16247582436, "median": 6.56289148331, "min": 0.159072861075, "dvar2": 30.4446601868, "dvar": 12.0107765198, "dmean": 2.03876209259, "max": 142.318115234, "var": 98.3941879272, "mean": 9.62670707703}, "melbands_spread": {"dmean2": 5.12958526611, "median": 9.12076473236, "min": 0.204654738307, "dvar2": 63.1021347046, "dvar": 25.0508556366, "dmean": 3.26138353348, "max": 182.520462036, "var": 267.320220947, "mean": 13.8489408493}, "hfc": {"dmean2": 4.01907300949, "median": 4.8433880806, "min": 4.24058453063e-06, "dvar2": 69.5114059448, "dvar": 25.6175746918, "dmean": 2.5400557518, "max": 112.966270447, "var": 215.59765625, "mean": 10.8616027832}, "barkbands_kurtosis": {"dmean2": 6.66012573242, "median": 3.51634216309, "min": -1.94809651375, "dvar2": 286.730804443, "dvar": 137.367614746, "dmean": 4.37352514267, "max": 314.110229492, "var": 703.193054199, "mean": 10.6168804169}, "gfcc": {"mean": [-158.795578003, 132.285675049, -136.619400024, -22.6613254547, -64.683807373, -27.096616745, -46.3113594055, 4.94529342651, -25.9190654755, -14.348947525, 2.97898221016, -8.43899345398, -17.5272350311], "icov": [[0.000416398164816, -0.000718250405043, 0.00118717562873, -0.000987308449112, 0.00106116791721, -0.000825605122373, 0.000770505808759, -0.000803679809906, 0.000427176593803, -0.000486222124891, 0.000547854637261, -0.000362939405022, 0.000549801974557], [-0.000718250405043, 0.00203699781559, -0.00210372474976, 0.00229699420743, -0.00250042439438, 0.00186387042049, -0.00176913896576, 0.00205292599276, -0.000923887593672, 0.00177228904795, -0.00118034530897, 0.00130001245998, -0.00141514709685], [0.00118717562873, -0.00210372474976, 0.00466804439202, -0.00239259446971, 0.00281269825064, -0.0032307121437, 0.00220483285375, -0.00256753829308, 0.0015352765331, -0.00222207023762, 0.00263913720846, -0.00183932599612, 0.00139849074185], [-0.000987308449112, 0.00229699420743, -0.00239259446971, 0.00431237649173, -0.00363590964116, 0.00187883153558, -0.00194741995074, 0.00208631134592, -0.000986013677903, 0.00204257713631, -0.00115641974844, 0.000648179615382, -0.00128907011822], [0.00106116791721, -0.00250042439438, 0.00281269825064, -0.00363590964116, 0.00626106979325, -0.00246896920726, 0.00228973431513, -0.0024732274469, 0.000623301311862, -0.00366756180301, 0.00203772820532, -0.0010402497137, 0.000788648962043], [-0.000825605122373, 0.00186387042049, -0.0032307121437, 0.00187883153558, -0.00246896920726, 0.00680628186092, -0.00353927514516, 0.00185364321806, -0.000774806423578, 0.0016497625038, 6.20027567493e-05, 0.00116197031457, -0.000704066012986], [0.000770505808759, -0.00176913896576, 0.00220483285375, -0.00194741995074, 0.00228973431513, -0.00353927514516, 0.00579916639253, -0.00367153063416, 0.00273447507061, -0.00149960175622, 0.0016904695658, -0.00231807352975, 0.00178791151848], [-0.000803679809906, 0.00205292599276, -0.00256753829308, 0.00208631134592, -0.0024732274469, 0.00185364321806, -0.00367153063416, 0.00871960259974, -0.00346829672344, 0.0031715312507, -0.00472508976236, 0.00338843534701, -0.000661847414449], [0.000427176593803, -0.000923887593672, 0.0015352765331, -0.000986013677903, 0.000623301311862, -0.000774806423578, 0.00273447507061, -0.00346829672344, 0.00727692851797, -0.00335605349392, 0.00406982051209, -0.00218086177483, 0.00250802258961], [-0.000486222124891, 0.00177228904795, -0.00222207023762, 0.00204257713631, -0.00366756180301, 0.0016497625038, -0.00149960175622, 0.0031715312507, -0.00335605349392, 0.0109667554498, -0.00406836904585, 0.00303002609871, -0.00250296434388], [0.000547854637261, -0.00118034530897, 0.00263913720846, -0.00115641974844, 0.00203772820532, 6.20027567493e-05, 0.0016904695658, -0.00472508976236, 0.00406982051209, -0.00406836904585, 0.0102569852024, -0.00513695040718, 0.00369897019118], [-0.000362939405022, 0.00130001245998, -0.00183932599612, 0.000648179615382, -0.0010402497137, 0.00116197031457, -0.00231807352975, 0.00338843534701, -0.00218086177483, 0.00303002609871, -0.00513695040718, 0.0128136444837, -0.00645124865696], [0.000549801974557, -0.00141514709685, 0.00139849074185, -0.00128907011822, 0.000788648962043, -0.000704066012986, 0.00178791151848, -0.000661847414449, 0.00250802258961, -0.00250296434388, 0.00369897019118, -0.00645124865696, 0.0128037603572]], "cov": [[20799.0878906, 396.472869873, -4170.80712891, 1538.7734375, -997.619750977, -557.541137695, -421.711669922, 365.41784668, -191.112518311, -596.588806152, 502.503082275, -267.349456787, -489.327941895], [396.472869873, 2230.52832031, 293.589508057, -562.878540039, 237.281936646, -79.8835067749, 40.4831161499, -200.199737549, -20.9264373779, -35.8518180847, -117.570800781, -41.558921814, 115.875869751], [-4170.80712891, 293.589508057, 1397.38793945, -274.224975586, 193.414505005, 302.106689453, 139.930206299, -88.8038711548, 15.7319841385, 101.349311829, -220.087036133, 54.3125610352, 119.55606842], [1538.7734375, -562.878540039, -274.224975586, 812.534912109, 123.883430481, 12.0886096954, -22.4363479614, 34.5855712891, 18.323431015, -21.1808567047, 10.9451494217, 18.3050861359, -20.2449455261], [-997.619750977, 237.281936646, 193.414505005, 123.883430481, 496.444091797, 31.6433448792, -47.2441215515, -50.3779945374, 98.7887115479, 116.044822693, -86.3869094849, -2.32459020615, 62.6855430603], [-557.541137695, -79.8835067749, 302.106689453, 12.0886096954, 31.6433448792, 340.962219238, 175.506072998, 12.7317686081, -26.0369205475, -11.2376260757, -81.4166488647, 2.74506521225, 4.08959436417], [-421.711669922, 40.4831161499, 139.930206299, -22.4363479614, -47.2441215515, 175.506072998, 413.600891113, 90.8579483032, -107.160003662, -42.5101165771, 14.7696590424, 27.2461967468, -13.3155117035], [365.41784668, -200.199737549, -88.8038711548, 34.5855712891, -50.3779945374, 12.7317686081, 90.8579483032, 254.682296753, 24.9020080566, -23.4633197784, 87.3469467163, -30.6911296844, -70.5189743042], [-191.112518311, -20.9264373779, 15.7319841385, 18.323431015, 98.7887115479, -26.0369205475, -107.160003662, 24.9020080566, 250.315429688, 65.698135376, -64.3220825195, -23.7208938599, -14.804148674], [-596.588806152, -35.8518180847, 101.349311829, -21.1808567047, 116.044822693, -11.2376260757, -42.5101165771, -23.4633197784, 65.698135376, 163.21144104, 0.911030292511, -4.76815748215, 21.7814540863], [502.503082275, -117.570800781, -220.087036133, 10.9451494217, -86.3869094849, -81.4166488647, 14.7696590424, 87.3469467163, -64.3220825195, 0.911030292511, 228.144180298, 32.7195053101, -42.7814941406], [-267.349456787, -41.558921814, 54.3125610352, 18.3050861359, -2.32459020615, 2.74506521225, 27.2461967468, -30.6911296844, -23.7208938599, -4.76815748215, 32.7195053101, 134.423934937, 59.6925697327], [-489.327941895, 115.875869751, 119.55606842, -20.2449455261, 62.6855430603, 4.08959436417, -13.3155117035, -70.5189743042, -14.804148674, 21.7814540863, -42.7814941406, 59.6925697327, 140.996292114]]}, "spectral_energyband_middle_low": {"dmean2": 0.00531972339377, "median": 0.00587307894602, "min": 1.08109579774e-13, "dvar2": 0.000126611121232, "dvar": 4.4697397243e-05, "dmean": 0.00326983141713, "max": 0.134654402733, "var": 0.000126028884551, "mean": 0.00915412418544}, "melbands_crest": {"dmean2": 4.78183794022, "median": 15.665520668, "min": 2.27470421791, "dvar2": 20.4130458832, "dvar": 8.09436321259, "dmean": 3.01895332336, "max": 39.6249847412, "var": 43.2540054321, "mean": 16.6323013306}, "spectral_kurtosis": {"dmean2": 12.0779914856, "median": 13.6773548126, "min": -1.18199670315, "dvar2": 192.229232788, "dvar": 69.6469039917, "dmean": 7.12917423248, "max": 148.770614624, "var": 522.355651855, "mean": 23.4196395874}, "spectral_rms": {"dmean2": 0.000661666039377, "median": 0.00280661322176, "min": 4.71496491627e-07, "dvar2": 8.19593253709e-07, "dvar": 3.02605144498e-07, "dmean": 0.000417491886765, "max": 0.011729484424, "var": 3.45286412085e-06, "mean": 0.00303812627681}, "zerocrossingrate": {"dmean2": 0.00514320330694, "median": 0.03271484375, "min": 0, "dvar2": 5.49007672817e-05, "dvar": 4.01582292398e-05, "dmean": 0.0041315308772, "max": 0.8046875, "var": 0.00584193365648, "mean": 0.0464093759656}, "silence_rate_60dB": {"dmean2": 0.0664722025394, "median": 0, "min": 0, "dvar2": 0.0737177878618, "dvar": 0.0321253575385, "dmean": 0.0332331620157, "max": 1, "var": 0.194878697395, "mean": 0.265223145485}, "erbbands_kurtosis": {"dmean2": 3.54513001442, "median": 1.03146362305, "min": -1.9178828001, "dvar2": 56.1892585754, "dvar": 25.1395454407, "dmean": 2.29605531693, "max": 194.814743042, "var": 195.995376587, "mean": 4.84468650818}, "erbbands": {"dmean2": [0.000411243439885, 0.0119609264657, 0.0624031946063, 0.172179013491, 0.848247647285, 2.3968770504, 3.40556573868, 7.99071264267, 16.467874527, 34.765663147, 50.4963035583, 36.222869873, 8.90763568878, 14.7859525681, 29.0941085815, 18.5315055847, 8.92303276062, 6.21730804443, 10.7072515488, 12.0828428268, 3.21905255318, 4.77579021454, 7.50093841553, 9.80798530579, 6.25752592087, 1.1970012188, 0.235102131963, 0.0728718787432, 0.0834935382009, 0.0943601429462, 0.18445289135, 0.147111445665, 0.0454433001578, 0.020380904898, 0.00615891069174, 0.00137525901664, 0.000567982962821, 0.000124592057546, 2.16389526031e-05, 7.3571673056e-06], "median": [8.19390188553e-05, 0.00276702037081, 0.0270140301436, 0.0999351814389, 0.482269138098, 1.61951816082, 2.57521867752, 4.587849617, 8.46440792084, 13.3429450989, 8.00157165527, 4.12051057816, 2.86444807053, 2.96300125122, 4.02200365067, 2.24363946915, 1.80729877949, 1.25404512882, 0.946832418442, 0.848688721657, 0.540680348873, 0.85272371769, 1.28822958469, 1.56266212463, 0.939306080341, 0.191964507103, 0.0310987383127, 0.0136513235047, 0.014640676789, 0.0114976000041, 0.0134864952415, 0.00800571311265, 0.00531101319939, 0.00290908874013, 0.000977225368842, 0.000266387069132, 0.000108201063995, 2.96349644486e-05, 9.83660629572e-06, 1.01128698589e-05], "min": [7.05348729728e-14, 3.68214627625e-13, 2.02396367895e-12, 4.12673107492e-12, 8.96417315377e-12, 1.06671902214e-11, 5.35896570175e-11, 9.98944121866e-11, 9.33238625267e-11, 2.09235295756e-10, 2.46521109082e-10, 2.36519415164e-10, 5.64681468251e-10, 3.75748682169e-10, 5.43643297046e-10, 9.57163459603e-10, 1.0846059606e-09, 1.75290493232e-09, 3.12177239614e-09, 3.79212616863e-09, 3.7696601396e-09, 6.45472075789e-09, 3.46789574834e-09, 7.05198432982e-09, 6.18398932062e-09, 7.14047310169e-09, 8.61733440161e-09, 8.77873862493e-09, 9.16449849342e-09, 8.28531998565e-09, 8.38162872441e-09, 1.33967903437e-08, 1.49329384413e-08, 1.61374309471e-08, 2.60198547153e-08, 3.92253163284e-08, 3.77288351672e-08, 3.02042728606e-08, 2.01365537578e-08, 2.3671129501e-09], "dvar2": [1.91238223124e-06, 0.00149533350486, 0.038014806807, 0.200752601027, 4.54120969772, 34.4263801575, 75.8648147583, 367.101654053, 1951.10400391, 5636.15234375, 38194.7578125, 27802.1503906, 833.741027832, 3067.83496094, 17552.9160156, 4979.40527344, 2018.55224609, 751.057983398, 2748.07055664, 4052.13793945, 124.510360718, 161.390045166, 517.305969238, 643.423278809, 270.368286133, 11.5635356903, 1.10774457455, 0.0695728734136, 0.0822643712163, 0.180481895804, 6.4191699028, 6.52097606659, 0.143331259489, 0.00977646466345, 0.000820700661279, 7.57306261221e-05, 1.38899031299e-05, 9.61453906712e-07, 2.95010860185e-08, 2.61804911084e-10], "dvar": [1.01637692751e-06, 0.000736716552638, 0.017179902643, 0.0819822996855, 1.961171031, 13.0350751877, 28.7650375366, 132.723342896, 785.318115234, 2312.43139648, 13372.1777344, 10666.8222656, 391.966766357, 1293.11767578, 7024.72070312, 2684.4621582, 1047.11633301, 319.064300537, 1235.59143066, 1624.08752441, 53.8720626831, 66.4267959595, 280.337554932, 278.189178467, 127.849632263, 6.26417827606, 0.538799762726, 0.0350363440812, 0.0415157005191, 0.0813912004232, 2.6152639389, 2.43566727638, 0.0666345134377, 0.00568838324398, 0.000496167107485, 5.06076321471e-05, 7.51157858758e-06, 4.16944146764e-07, 1.46351331054e-08, 1.12123525742e-10], "dmean": [0.000273320125416, 0.00798741914332, 0.0419523827732, 0.110421098769, 0.567064940929, 1.57248258591, 2.1823527813, 4.96899318695, 10.6800918579, 22.331407547, 31.3561134338, 22.6321220398, 5.83093261719, 9.54459190369, 18.868888855, 13.1180877686, 6.10766506195, 4.05617713928, 7.2407078743, 7.86884450912, 2.11874055862, 3.04954004288, 5.22982406616, 6.56945085526, 4.25433206558, 0.857188463211, 0.16296197474, 0.0505266822875, 0.0578621588647, 0.0638144016266, 0.12058582902, 0.092925645411, 0.0317418538034, 0.0141091309488, 0.00434811646119, 0.00100643385667, 0.000389005173929, 8.51319928188e-05, 1.47997989188e-05, 4.66538085675e-06], "max": [0.0710744634271, 1.28603982925, 6.17824411392, 9.9937877655, 59.3804855347, 122.070808411, 333.587005615, 245.460723877, 1185.42724609, 840.997436523, 3102.99511719, 3024.89868164, 740.670043945, 1836.1295166, 2753.47412109, 2170.46044922, 1605.41711426, 601.91607666, 1081.31384277, 1519.45959473, 244.17036438, 202.198516846, 747.112365723, 491.107879639, 426.228607178, 102.596679688, 35.5673103333, 7.02779626846, 7.00686454773, 17.8461418152, 139.206970215, 103.005004883, 12.2360935211, 4.73396396637, 1.5116724968, 0.470084875822, 0.193272158504, 0.0343566611409, 0.00876318663359, 0.000499131914694], "var": [7.60996363169e-06, 0.0036546420306, 0.0868062376976, 0.329604566097, 7.29460954666, 46.4470672607, 105.6040802, 512.539489746, 1947.26208496, 7313.53857422, 26476.7265625, 28676.375, 1263.63098145, 3272.51147461, 19896.1347656, 8411.66894531, 3127.74584961, 711.363769531, 3189.1574707, 5171.82421875, 258.567077637, 299.234588623, 963.525939941, 1825.02160645, 1001.00811768, 52.6001091003, 1.81344175339, 0.0998464301229, 0.105191402137, 0.213289916515, 3.65935850143, 2.36587572098, 0.159557342529, 0.0207098778337, 0.001746776863, 0.000165757199284, 1.89542333828e-05, 6.69540611398e-07, 2.49483136372e-08, 5.30277988187e-10], "mean": [0.000757040921599, 0.0212846882641, 0.119969084859, 0.296128541231, 1.37422907352, 3.93880915642, 6.01245975494, 13.3646373749, 23.7313327789, 47.7702560425, 56.5164718628, 44.5193061829, 13.586602211, 19.6516494751, 39.1566848755, 25.6182136536, 13.1633243561, 8.92579936981, 14.6487388611, 16.2567882538, 6.02961444855, 7.95328807831, 12.68318367, 21.4869995117, 14.833234787, 2.95240545273, 0.409102529287, 0.106766305864, 0.131664872169, 0.178484529257, 0.248317345977, 0.17377217114, 0.074156023562, 0.0338024869561, 0.0104346210137, 0.00237256428227, 0.000882980879396, 0.000194678592379, 3.89525594073e-05, 1.77109723154e-05]}, "spectral_strongpeak": {"dmean2": 0.774532675743, "median": 1.00657451153, "min": 0, "dvar2": 1.37193858624, "dvar": 0.525817632675, "dmean": 0.472700089216, "max": 12.1889801025, "var": 1.65211033821, "mean": 1.35596036911}, "spectral_energy": {"dmean2": 0.00587868876755, "median": 0.00807400420308, "min": 2.278666561e-10, "dvar2": 0.00013931732974, "dvar": 4.95569111081e-05, "dmean": 0.00362557102926, "max": 0.141020327806, "var": 0.000229224984651, "mean": 0.0130002144724}, "average_loudness": 0.12693785131, "spectral_rolloff": {"dmean2": 382.343231201, "median": 818.26171875, "min": 21.533203125, "dvar2": 1059344.75, "dvar": 390516.875, "dmean": 219.386230469, "max": 21727.0019531, "var": 5126622.5, "mean": 1320.14294434}, "spectral_centroid": {"dmean2": 181.733306885, "median": 741.277709961, "min": 207.945129395, "dvar2": 58568.5273438, "dvar": 27744.8847656, "dmean": 119.061546326, "max": 10718.6445312, "var": 453752.625, "mean": 998.470153809}, "pitch_salience": {"dmean2": 0.0957455858588, "median": 0.497901022434, "min": 0.0192951727659, "dvar2": 0.00799419637769, "dvar": 0.00314350984991, "dmean": 0.0593080036342, "max": 0.845438480377, "var": 0.0214880947024, "mean": 0.486791521311}, "spectral_energyband_middle_high": {"dmean2": 0.00161370937712, "median": 0.000994745758362, "min": 6.4297964739e-13, "dvar2": 1.6398178559e-05, "dvar": 6.77558546158e-06, "dmean": 0.00104323343839, "max": 0.0824605002999, "var": 3.91997746192e-05, "mean": 0.00365983741358}, "spectral_contrast_coeffs": {"dmean2": [0.0639967694879, 0.0644640997052, 0.0479304380715, 0.0405475459993, 0.030529493466, 0.0210890993476], "median": [-0.581066310406, -0.631785869598, -0.722350358963, -0.739251792431, -0.697073101997, -0.823295176029], "min": [-0.955948710442, -0.970806837082, -0.963718354702, -0.958285152912, -0.957240223885, -0.95695155859], "dvar2": [0.0027660925407, 0.003183465451, 0.00176499865483, 0.00123362464365, 0.000719242845662, 0.000389311055187], "dvar": [0.00101885211188, 0.00122997583821, 0.00074289663462, 0.000534583406989, 0.000347879773472, 0.000175690263859], "dmean": [0.0386249274015, 0.0396053940058, 0.0301729403436, 0.0258682742715, 0.0199035443366, 0.0134950717911], "max": [-0.266880691051, -0.294521033764, -0.415881067514, -0.483695209026, -0.453166902065, -0.66672873497], "var": [0.00897962972522, 0.0104593206197, 0.00697529735044, 0.00553435413167, 0.00830197613686, 0.00273235840723], "mean": [-0.581937074661, -0.634302675724, -0.7116522789, -0.730848670006, -0.701758682728, -0.824570119381]}, "melbands_skewness": {"dmean2": 0.795422434807, "median": 1.73005712032, "min": -2.81700754166, "dvar2": 0.837250351906, "dvar": 0.358659207821, "dmean": 0.516880333424, "max": 26.7759170532, "var": 3.06431388855, "mean": 1.96127891541}, "spectral_spread": {"dmean2": 412628.96875, "median": 2309104.75, "min": 614882.8125, "dvar2": 245947744256, "dvar": 157758242816, "dmean": 257901.375, "max": 40548608, "var": 4740960747520.0, "mean": 2549902.25}, "dissonance": {"dmean2": 0.0619003623724, "median": 0.414230674505, "min": 0.110004544258, "dvar2": 0.00378062599339, "dvar": 0.00134400266688, "dmean": 0.0363015085459, "max": 0.500000059605, "var": 0.00515896268189, "mean": 0.39760825038}, "spectral_skewness": {"dmean2": 0.864377915859, "median": 2.54510164261, "min": -0.00346570275724, "dvar2": 0.718929886818, "dvar": 0.263506114483, "dmean": 0.514247655869, "max": 9.98316574097, "var": 3.19951462746, "mean": 3.14413261414}, "spectral_flux": {"dmean2": 0.0257455520332, "median": 0.0371330566704, "min": 1.66506142705e-05, "dvar2": 0.000916285847779, "dvar": 0.000330831331667, "dmean": 0.0156515035778, "max": 0.26062259078, "var": 0.00161408924032, "mean": 0.0477008596063}, "spectral_contrast_valleys": {"dmean2": [0.635433852673, 0.427756071091, 0.382776767015, 0.356130480766, 0.349808961153, 0.31470054388], "median": [-9.35990428925, -7.32985115051, -8.33954143524, -9.37365818024, -9.77407836914, -12.6761264801], "min": [-27.0355815887, -26.7090988159, -27.5221748352, -27.3663311005, -27.2137336731, -27.3360881805], "dvar2": [0.293855637312, 0.144705593586, 0.12407220155, 0.114594951272, 0.125332459807, 0.1069258973], "dvar": [0.113277740777, 0.0673553645611, 0.059722777456, 0.0570490285754, 0.0612304769456, 0.0559297986329], "dmean": [0.379551798105, 0.263628214598, 0.236454948783, 0.222500860691, 0.221098214388, 0.204583346844], "max": [-6.42661237717, -5.05493783951, -5.43350458145, -6.45608282089, -6.55060958862, -8.52629852295], "var": [2.36404657364, 2.24086165428, 2.22757720947, 2.36003851891, 2.68949246407, 1.54218804836], "mean": [-9.54137229919, -7.59072637558, -8.58636665344, -9.56905174255, -10.0336227417, -12.6297922134]}, "erbbands_flatness_db": {"dmean2": 0.0236218329519, "median": 0.281690627337, "min": 0.0168297849596, "dvar2": 0.000555325997993, "dvar": 0.000242979993345, "dmean": 0.0154851870611, "max": 0.528119802475, "var": 0.0046263714321, "mean": 0.28924241662}, "spectral_energyband_high": {"dmean2": 2.04223142646e-05, "median": 4.18460967921e-06, "min": 1.43614189985e-10, "dvar2