{"tonal": {"thpcp": [1, 0.723064243793, 0.390200227499, 0.310576289892, 0.244748130441, 0.23808079958, 0.33527559042, 0.449673682451, 0.493108183146, 0.525818705559, 0.621791243553, 0.694675445557, 0.571417748928, 0.392132759094, 0.28124910593, 0.231366753578, 0.225080668926, 0.215378388762, 0.282894849777, 0.37163734436, 0.417426675558, 0.442208975554, 0.370722830296, 0.291321158409, 0.326702088118, 0.41681727767, 0.441200584173, 0.426572442055, 0.392519503832, 0.311071157455, 0.24794909358, 0.215365365148, 0.227279752493, 0.26695227623, 0.27530965209, 0.622163772583], "hpcp": {"dmean2": [0.381451249123, 0.285812526941, 0.218758419156, 0.19392311573, 0.175573542714, 0.153487548232, 0.179847538471, 0.219953075051, 0.244842633605, 0.262274056673, 0.233090996742, 0.215691372752, 0.230973899364, 0.247894480824, 0.239346832037, 0.241274669766, 0.232273057103, 0.199962109327, 0.165263861418, 0.139922514558, 0.141412764788, 0.154879897833, 0.167521953583, 0.322892129421, 0.517027020454, 0.349663257599, 0.235947877169, 0.210038647056, 0.182278990746, 0.188001215458, 0.254140764475, 0.314611434937, 0.333740085363, 0.366710573435, 0.402863413095, 0.404065430164], "median": [0.0890129879117, 0.0597985200584, 0.0400709658861, 0.027866538614, 0.0268695801497, 0.0276292543858, 0.0438712537289, 0.0602748319507, 0.0759173333645, 0.071829944849, 0.0606567934155, 0.0449811220169, 0.0554022490978, 0.0685068666935, 0.0681993439794, 0.0702896267176, 0.0663212314248, 0.053563579917, 0.039498809725, 0.0374183729291, 0.0400684997439, 0.0436154305935, 0.0448438152671, 0.13833296299, 0.174423128366, 0.182046085596, 0.060575004667, 0.0502601861954, 0.0369571261108, 0.0329889953136, 0.0474895611405, 0.0683304592967, 0.0753422901034, 0.082410082221, 0.103011786938, 0.105767086148], "min": [0, 0, 0, 0, 0, 0, 0, 0, 0, 0, 0, 0, 0, 0, 0, 0, 0, 0, 0, 0, 0, 0, 0, 0, 0, 0, 0, 0, 0, 0, 0, 0, 0, 0, 0, 0], "dvar2": [0.184650182724, 0.143333420157, 0.115656778216, 0.111305981874, 0.097121797502, 0.0765855535865, 0.0827949941158, 0.102589666843, 0.107817932963, 0.117759943008, 0.106778346002, 0.106997638941, 0.105625137687, 0.112495854497, 0.103055559099, 0.108224518597, 0.106498330832, 0.0958894044161, 0.0755447894335, 0.0590916387737, 0.0575584918261, 0.0607888959348, 0.0706252753735, 0.105744540691, 0.277075260878, 0.115660600364, 0.102588281035, 0.0957457497716, 0.0825173035264, 0.091490663588, 0.130151405931, 0.16766372323, 0.174490898848, 0.179090097547, 0.191546425223, 0.195936277509], "dvar": [0.0689404979348, 0.0518611483276, 0.0413861759007, 0.0391836129129, 0.0346203073859, 0.0276004374027, 0.0299001783133, 0.037695504725, 0.0389848649502, 0.043579235673, 0.0386513583362, 0.0376420356333, 0.037109233439, 0.0407628640532, 0.0389597676694, 0.0393450781703, 0.0379069335759, 0.0335698910058, 0.0266870241612, 0.0210725795478, 0.0206750202924, 0.0224425960332, 0.0260859224945, 0.0408654212952, 0.110645405948, 0.0447910353541, 0.0385746359825, 0.03493989259, 0.0300735421479, 0.0331656038761, 0.0475300326943, 0.0613794885576, 0.0629980862141, 0.0666913166642, 0.070896871388, 0.0745939612389], "dmean": [0.214392200112, 0.159698411822, 0.120972268283, 0.106353104115, 0.0969501435757, 0.0852644070983, 0.101805478334, 0.125654742122, 0.139947384596, 0.149998292327, 0.133098855615, 0.120102919638, 0.129464939237, 0.142077982426, 0.137698993087, 0.138352677226, 0.132903560996, 0.112619832158, 0.0929399207234, 0.079071752727, 0.0803356617689, 0.0884986296296, 0.095592930913, 0.181547924876, 0.284588575363, 0.198961347342, 0.135846912861, 0.118070788682, 0.101364210248, 0.103292442858, 0.140596285462, 0.175844177604, 0.186455696821, 0.205193042755, 0.226673543453, 0.228419840336], "max": [1, 1, 1, 1, 1, 1, 1, 1, 1, 1, 1, 1, 1, 1, 1, 1, 1, 1, 1, 1, 1, 1, 1, 1, 1, 1, 1, 1, 1, 1, 1, 1, 1, 1, 1, 1], "var": [0.0793854817748, 0.0498152785003, 0.0342467837036, 0.0300073586404, 0.0295063909143, 0.0270906090736, 0.031040193513, 0.0456183478236, 0.0463336706161, 0.0566071160138, 0.0432518795133, 0.0331644155085, 0.0352197363973, 0.0513625256717, 0.0590969361365, 0.0537782870233, 0.0468417219818, 0.0334966257215, 0.0247910637408, 0.0186948683113, 0.0199685040861, 0.0280863735825, 0.029903575778, 0.0556891858578, 0.160946592689, 0.0717444270849, 0.0494509711862, 0.0350409597158, 0.0258163269609, 0.0264607388526, 0.0421678908169, 0.0621335729957, 0.0685012117028, 0.0730401277542, 0.086938098073, 0.106348104775], "mean": [0.222200065851, 0.152483761311, 0.109365820885, 0.0899686962366, 0.0875243023038, 0.0837514996529, 0.110005781054, 0.144513964653, 0.162319481373, 0.171956270933, 0.144158348441, 0.113282412291, 0.127040550113, 0.162082523108, 0.171564146876, 0.16587588191, 0.152634143829, 0.120962351561, 0.0964168608189, 0.0837464332581, 0.0883794352412, 0.103806391358, 0.107056222856, 0.241933047771, 0.388857483864, 0.281168937683, 0.15173228085, 0.120769910514, 0.0951721444726, 0.0925794988871, 0.130374416709, 0.17485897243, 0.191748812795, 0.204468548298, 0.241788178682, 0.270129740238]}, "tuning_equal_tempered_deviation": 0.206366539001, "chords_changes_rate": 0.0851401388645, "key_key": "F", "tuning_diatonic_strength": 0.397543400526, "key_scale": "minor", "chords_number_rate": 0.00141018861905, "tuning_frequency": 434.193115234, "tuning_nontempered_energy_ratio": 0.848007202148, "chords_histogram": [15.2476644516, 4.97972869873, 1.19866037369, 0.0969504639506, 0.511193394661, 2.87325930595, 20.7121448517, 12.4537277222, 1.72748100758, 1.56002116203, 2.74105405807, 9.39538192749, 2.37969326973, 0.396615535021, 0.246783003211, 1.87731361389, 4.81226873398, 8.76079654694, 0.502379715443, 0.0616957508028, 0.0264410357922, 0.520007073879, 1.63053059578, 5.28820753098], "key_strength": 0.475546330214, "chords_key": "D", "chords_strength": {"dmean2": 0.0139014264569, "median": 0.484431028366, "min": -1, "dvar2": 0.000470650964417, "dvar": 0.000254580954788, "dmean": 0.0113532561809, "max": 0.74035102129, "var": 0.0127773098648, "mean": 0.488158226013}, "chords_scale": "minor", "hpcp_entropy": {"dmean2": 1.13755393028, "median": 2.59411740303, "min": 0, "dvar2": 0.784799337387, "dvar": 0.280584067106, "dmean": 0.671093344688, "max": 4.63488578796, "var": 0.553661465645, "mean": 2.56399941444}}, "metadata": {"audio_properties": {"equal_loudness": 0, "codec": "mp3", "downmix": "mix", "analysis_sample_rate": 44100, "bit_rate": 192000, "md5_encoded": "6c83d6b40311ae60fb51073766132199", "length": 526.837524414, "replay_gain": -6.01937866211, "lossless": false}, "version": {"essentia_build_sha": "ab033649a6180e58ab3ffa3648ee50b8e9460706", "essentia": "2.1-beta1", "extractor": "music 1.0", "essentia_git_sha": "v2.1_beta1-8-g0ed32f5-dirty"}, "tags": {"title": ["Remember"], "musicbrainz_albumartistid": [""], "date": ["1995"], "genre": ["Progressive Metal"], "musicbrainz trm id": [""], "musicbrainz_recordingid": ["16ba6dc7-c74f-4678-b00b-47feb9d03fcd"], "musicbrainz album status": ["official"], "originaldate": ["1995"], "musicbrainz_albumid": ["f94c46ae-36f9-447f-b8d2-9b33c4a0ba6d"], "artist": ["Poverty's No Crime"], "tracknumber": ["5/9"], "album": ["Symbiosis"], "musicbrainz album type": ["album"], "musicbrainz_artistid": ["59249598-3d94-423b-ae11-5cc7bba1b805"], "file_name": "05 - Poverty's No Crime - Remember.mp3"}}, "rhythm": {"bpm_histogram_first_peak_bpm": {"dmean2": 0, "median": 108, "min": 108, "dvar2": 0, "dvar": 0, "dmean": 0, "max": 108, "var": 0, "mean": 108}, "bpm": 107.457466125, "bpm_histogram_second_peak_spread": {"dmean2": 0, "median": 0.333333313465, "min": 0.333333313465, "dvar2": 0, "dvar": 0, "dmean": 0, "max": 0.333333313465, "var": 0, "mean": 0.333333313465}, "bpm_histogram_first_peak_weight": {"dmean2": 0, "median": 0.267151772976, "min": 0.267151772976, "dvar2": 0, "dvar": 0, "dmean": 0, "max": 0.267151772976, "var": 0, "mean": 0.267151772976}, "onset_rate": 2.47509169579, "beats_position": [0.441179126501, 0.893968224525, 1.34675729275, 1.79954648018, 2.24072551727, 2.68190479279, 3.13469386101, 3.5758728981, 4.02866220474, 4.48145103455, 4.94585037231, 5.41024923325, 5.86303853989, 6.32743740082, 6.79183673859, 7.25623559952, 7.72063493729, 8.18503379822, 8.63782310486, 9.10222244263, 9.55501079559, 10.0078001022, 10.4605894089, 10.9017686844, 11.354557991, 11.807346344, 12.2601356506, 12.7129249573, 13.1657142639, 13.6301136017, 14.0945119858, 14.5589113235, 15.0233106613, 15.4644899368, 15.9172782898, 16.3700675964, 16.8228569031, 17.2756462097, 17.7284355164, 18.1696147919, 18.6107940674, 19.0635814667, 19.5047607422, 19.9343299866, 20.363899231, 20.8050785065, 21.246257782, 21.6874370575, 22.128616333, 22.5814056396, 23.0341949463, 23.4869842529, 23.9397735596, 24.3925609589, 24.8569602966, 25.3097496033, 25.774148941, 26.2269382477, 26.6797275543, 27.1441268921, 27.6085262299, 28.0729255676, 28.537322998, 29.0017223358, 29.4661216736, 29.9189109802, 30.3717002869, 30.8244895935, 31.265668869, 31.7068481445, 32.1480255127, 32.5892066956, 33.0187759399, 33.4483451843, 33.8895225525, 34.3307037354, 34.783493042, 35.2246704102, 35.6658477783, 36.1070289612, 36.5482063293, 36.9893875122, 37.4189567566, 37.848526001, 38.2897033691, 38.730884552, 39.1604537964, 39.5900230408, 40.0079803467, 40.5884780884, 41.1689796448, 41.7378692627, 42.3067550659, 42.8872566223, 43.467754364, 44.0482521057, 44.6287536621, 45.1976394653, 45.7665290833, 46.347026825, 46.9159164429, 47.4848060608, 48.0653038025, 48.6458053589, 49.2146911621, 49.78358078, 50.3640823364, 50.9329681396, 51.5018577576, 52.0823554993, 52.6628570557, 53.2433547974, 53.8238525391, 54.4043540955, 54.9848518372, 55.5537414551, 56.122631073, 56.7031288147, 57.2836265564, 57.8641242981, 58.4446258545, 59.0251235962, 59.6056213379, 60.1861228943, 60.766620636, 61.3355102539, 61.9043960571, 62.473285675, 63.042175293, 63.6110649109, 64.1799545288, 64.7604522705, 65.3409500122, 65.9098434448, 66.478729248, 67.0476150513, 67.6165084839, 68.2086181641, 68.8007278442, 69.3812255859, 69.9617233276, 70.5306091309, 71.0995025635, 71.6800003052, 72.2604980469, 72.8293838501, 73.4098815918, 73.9787750244, 74.5476608276, 75.1165542603, 75.6854400635, 76.2543258667, 76.8348312378, 77.403717041, 77.9726028442, 78.5414962769, 79.1103820801, 79.6792755127, 80.2481613159, 80.8286590576, 81.4091567993, 81.9780502319, 82.5469360352, 83.1158294678, 83.684715271, 84.2536010742, 84.8224945068, 85.3913803101, 85.9718780518, 86.5639877319, 87.1677093506, 87.7482070923, 88.328704834, 88.9092025757, 89.5013122559, 90.093421936, 90.6855316162, 91.2892532349, 91.8929672241, 92.4850769043, 93.065574646, 93.6460723877, 94.2265777588, 94.8070755005, 95.3759613037, 95.9564590454, 96.5369567871, 97.1174621582, 97.709564209, 98.3016738892, 98.9053955078, 99.497505188, 100.07800293, 100.658500671, 101.238998413, 101.819496155, 102.400001526, 102.992103577, 103.584213257, 104.176322937, 104.756820679, 105.348930359, 105.941040039, 106.533149719, 107.113647461, 107.705757141, 108.297866821, 108.878364563, 109.458862305, 110.027755737, 110.608253479, 111.177139282, 111.746032715, 112.314918518, 112.883804321, 113.452697754, 114.021583557, 114.59047699, 115.147750854, 115.705032349, 116.262313843, 116.819587708, 117.376869202, 117.934150696, 118.491424561, 119.048706055, 119.605987549, 120.163261414, 120.720542908, 121.277824402, 121.835098267, 122.392379761, 122.938049316, 123.50693512, 124.064216614, 124.621498108, 125.178771973, 125.736053467, 126.30493927, 126.862220764, 127.419502258, 127.976776123, 128.545669556, 129.114562988, 129.683441162, 130.252334595, 130.821228027, 131.40171814, 131.982223511, 132.539505005, 133.09677124, 133.654052734, 134.211334229, 134.768615723, 135.30267334, 135.859954834, 136.40562439, 136.951293945, 137.508575439, 138.065841675, 138.623123169, 139.180404663, 139.726074219, 140.271743774, 140.829025269, 141.386306763, 141.943572998, 142.500854492, 143.058135986, 143.61541748, 144.184310913, 144.753189087, 145.32208252, 145.914199829, 146.50630188, 147.121627808, 147.725341797, 148.305847168, 148.886352539, 149.466842651, 150.035736084, 150.604629517, 151.185119629, 151.765625, 152.346115112, 152.926620483, 153.495513916, 154.06439209, 154.633285522, 155.202178955, 155.771057129, 156.339950562, 156.908843994, 157.477722168, 158.046615601, 158.615509033, 159.184402466, 159.75328064, 160.310562134, 160.867843628, 161.425125122, 161.994003296, 162.562896729, 163.120178223, 163.677459717, 164.234741211, 164.792022705, 165.34928894, 165.906570435, 166.487075806, 167.055953979, 167.624847412, 168.193740845, 168.774230957, 169.354736328, 169.923629761, 170.480911255, 171.049789429, 171.618682861, 172.175964355, 172.744842529, 173.313735962, 173.894241333, 174.486343384, 175.055236816, 175.635726929, 176.227844238, 176.819946289, 177.40045166, 177.992553711, 178.573059082, 179.153549194, 179.745666504, 180.326171875, 180.906661987, 181.487167358, 182.079269409, 182.671386719, 183.251876831, 183.832382202, 184.401260376, 184.970153809, 185.539047241, 186.107940674, 186.665206909, 187.234100342, 187.802993774, 188.371871948, 188.940765381, 189.498046875, 190.066940308, 190.635818481, 191.204711914, 191.773605347, 192.330886841, 192.888153076, 193.44543457, 193.991104126, 194.54838562, 195.105667114, 195.65133667, 196.208618164, 196.765899658, 197.323165894, 197.880447388, 198.426116943, 198.971786499, 199.529067993, 200.086349487, 200.643630981, 201.200897217, 201.769790649, 202.327072144, 202.895965576, 203.453231812, 204.022125244, 204.591018677, 205.148300171, 205.705581665, 206.2628479, 206.820129395, 207.377410889, 207.934692383, 208.480361938, 209.026031494, 209.583312988, 210.128982544, 210.6746521, 211.231918335, 211.789199829, 212.346481323, 212.903762817, 213.461044312, 214.006713867, 214.552383423, 215.109649658, 215.666931152, 216.212600708, 216.769882202, 217.315551758, 217.872833252, 218.430114746, 218.987380981, 219.544662476, 220.10194397, 220.659225464, 221.216506958, 221.773788452, 222.331054688, 222.888336182, 223.445617676, 224.00289917, 224.548568726, 225.094238281, 225.639907837, 226.185577393, 226.731246948, 227.276916504, 227.834197998, 228.391464233, 228.937133789, 229.494415283, 230.040084839, 230.597366333, 231.154647827, 231.711929321, 232.269195557, 232.826477051, 233.383758545, 233.941040039, 234.498321533, 235.055603027, 235.612869263, 236.170150757, 236.727432251, 237.284713745, 237.830383301, 238.376052856, 238.921722412, 239.467391968, 240.001449585, 240.547119141, 241.092788696, 241.638458252, 242.184127808, 242.729797363, 243.275466919, 243.809524536, 244.343582153, 244.889251709, 245.434921265, 245.968978882, 246.503036499, 247.037094116, 247.571151733, 248.093597412, 248.639266968, 249.184936523, 249.730606079, 250.276275635, 250.82194519, 251.367614746, 251.913284302, 252.470565796, 253.02784729, 253.585113525, 254.14239502, 254.699676514, 255.256958008, 255.814239502, 256.371520996, 256.94039917, 257.497680664, 258.066558838, 258.623840332, 259.181121826, 259.73840332, 260.307312012, 260.864562988, 261.43347168, 261.990753174, 262.548034668, 263.105316162, 263.662567139, 264.219848633, 264.777130127, 265.322814941, 265.868469238, 266.425750732, 266.983032227, 267.540313721, 268.097595215, 268.654876709, 269.212158203, 269.769439697, 270.326721191, 270.883972168, 271.452880859, 272.010162354, 272.55581665, 273.113098145, 273.670379639, 274.227661133, 274.784942627, 275.342224121, 275.887878418, 276.433563232, 276.990844727, 277.548126221, 278.105377197, 278.662658691, 279.219940186, 279.765625, 280.322906494, 280.891784668, 281.449066162, 282.006347656, 282.56362915, 283.120910645, 283.666564941, 284.235473633, 284.792724609, 285.350006104, 285.907287598, 286.476196289, 287.045074463, 287.602355957, 288.171234131, 288.740142822, 289.309020996, 289.87789917, 290.435180664, 291.004089355, 291.561340332, 292.130249023, 292.687530518, 293.244812012, 293.813690186, 294.405792236, 294.997894287, 295.590026855, 296.170501709, 296.762634277, 297.354736328, 297.946838379, 298.53894043, 299.119445801, 299.711547852, 300.30368042, 300.884155273, 301.453063965, 302.021942139, 302.590820312, 303.148101807, 303.717010498, 304.285888672, 304.866394043, 305.446899414, 306.015777588, 306.584655762, 307.165161133, 307.734039307, 308.302947998, 308.871826172, 309.440734863, 310.009613037, 310.578491211, 311.147399902, 311.727874756, 312.308380127, 312.888885498, 313.469390869, 314.015045166, 314.56072998, 315.141204834, 315.721710205, 316.302215576, 316.905944824, 317.486419678, 318.066925049, 318.64743042, 319.239532471, 319.820037842, 320.412139893, 320.992645264, 321.584747314, 322.165252686, 322.745758057, 323.326263428, 323.918365479, 324.49887085, 325.079345703, 325.659851074, 326.240356445, 326.820861816, 327.401367188, 327.981842041, 328.573974609, 329.16607666, 329.758178711, 330.350280762, 330.942382812, 331.46484375, 331.987304688, 332.509735107, 333.055419922, 333.601074219, 334.146759033, 334.69241333, 335.226470947, 335.760528564, 336.294586182, 336.828643799, 337.362701416, 337.896759033, 338.430847168, 338.953277588, 339.487335205, 340.009796143, 340.532226562, 341.06628418, 341.588745117, 342.111206055, 342.633636475, 343.156097412, 343.678527832, 344.18939209, 344.71182251, 345.234283447, 345.756713867, 346.279174805, 346.801635742, 347.312469482, 347.8465271, 348.368988037, 348.891418457, 349.425476074, 349.947937012, 350.481994629, 351.016052246, 351.550109863, 352.09576416, 352.641448975, 353.187103271, 353.732788086, 354.29006958, 354.847351074, 355.404632568, 355.950286865, 356.49597168, 357.041625977, 357.587280273, 358.132965088, 358.678619385, 359.235900879, 359.781585693, 360.32723999, 360.872924805, 361.418579102, 361.964263916, 362.509918213, 363.055603027, 363.601257324, 364.135314941, 364.669372559, 365.215057373, 365.76071167, 366.306396484, 366.852050781, 367.386108398, 367.920166016, 368.454223633, 368.999908447, 369.545562744, 370.079620361, 370.613677979, 371.147735596, 371.681793213, 372.215881348, 372.749938965, 373.283996582, 373.818054199, 374.352111816, 374.886169434, 375.420227051, 375.954284668, 376.488342285, 377.022399902, 377.55645752, 378.090515137, 378.612976074, 379.147033691, 379.681091309, 380.226745605, 380.760803223, 381.29486084, 381.828918457, 382.374603271, 382.920257568, 383.465942383, 384.01159668, 384.568878174, 385.126159668, 385.683441162, 386.229095459, 386.774780273, 387.308837891, 387.854492188, 388.400177002, 388.957458496, 389.51473999, 390.060394287, 390.606079102, 391.163360596, 391.709014893, 392.254699707, 392.800354004, 393.357635498, 393.903289795, 394.460571289, 395.017852783, 395.563537598, 396.109191895, 396.654876709, 397.200531006, 397.734588623, 398.280273438, 398.825927734, 399.383209229, 399.928894043, 400.47454834, 401.008605957, 401.565887451, 402.123168945, 402.668823242, 403.214508057, 403.771789551, 404.317443848, 404.863128662, 405.408782959, 405.954467773, 406.50012207, 407.045806885, 407.579864502, 408.125518799, 408.671203613, 409.21685791, 409.762542725, 410.308197021, 410.853881836, 411.41116333, 411.968414307, 412.525695801, 413.082977295, 413.617034912, 414.162719727, 414.708374023, 415.254058838, 415.799713135, 416.345397949, 416.891052246, 417.436737061, 417.982391357, 418.528076172, 419.073730469, 419.619415283, 420.16506958, 420.699127197, 421.233184814, 421.767242432, 422.324523926, 422.87020874, 423.415863037, 423.961547852, 424.507202148, 425.064483643, 425.621765137, 426.179046631, 426.724700928, 427.270385742, 427.827667236, 428.38494873, 428.942199707, 429.487884521, 430.033538818, 430.590820312, 431.148101807, 431.705383301, 432.251068115, 432.796722412, 433.330780029, 433.876464844, 434.422119141, 434.956176758, 435.490234375, 436.035919189, 436.581573486, 437.13885498, 437.684539795, 438.230194092, 438.764251709, 439.309936523, 439.85559082, 440.412872314, 440.958526611, 441.504211426, 442.038269043, 442.57232666, 443.118011475, 443.663665771, 444.197723389, 444.755004883, 445.312286377, 445.869567871, 446.426849365, 446.984130859, 447.541412354, 448.09866333, 448.655944824, 449.213226318, 449.770507812, 450.327789307, 450.873474121, 451.430725098, 451.976409912, 452.533691406, 453.079345703, 453.636627197, 454.182312012, 454.751190186, 455.320068359, 455.877349854, 456.423034668, 456.968688965, 457.525970459, 458.071655273, 458.61730957, 459.174591064, 459.708648682, 460.265930176, 460.799987793, 461.33404541, 461.856506348, 462.402160645, 462.959442139, 463.516723633, 464.074005127, 464.631286621, 465.188568115, 465.745849609, 466.303131104, 466.860412598, 467.417663574, 467.974945068, 468.532226562, 469.077911377, 469.635192871, 470.204071045, 470.772949219, 471.34185791, 471.922363281, 472.491241455, 473.071746826, 473.663848877, 474.255950928, 474.848052979, 475.42855835, 475.997436523, 476.566345215, 477.135223389, 477.692504883, 478.261383057, 478.818664551, 479.375946045, 479.933227539, 480.50213623, 481.059387207, 481.628295898, 482.197174072, 482.766082764, 483.334960938, 483.903839111, 484.461120605, 485.0184021, 485.575683594, 486.144561768, 486.713470459, 487.270751953, 487.828033447, 488.385284424, 488.942565918, 489.511474609, 490.080352783, 490.637634277, 491.206512451, 491.775421143, 492.344299316, 492.91317749, 493.482086182, 494.050964355, 494.60824585, 495.177124023, 495.746032715, 496.303314209, 496.860595703, 497.429473877, 497.998352051, 498.567260742, 499.136138916, 499.70501709, 500.273925781, 500.842803955, 501.411682129, 501.98059082, 502.549468994, 503.118347168, 503.687255859, 504.256134033, 504.813415527, 505.370697021, 505.916351318, 506.473632812, 507.030914307, 507.588195801, 508.145477295, 508.702758789, 509.260040283, 509.817321777, 510.374603271, 510.931884766, 511.48916626, 512.046447754, 512.60369873, 513.161010742, 513.718261719, 514.263916016, 514.821228027, 515.366882324, 515.808044434, 516.237609863, 516.678833008, 517.119995117, 517.549560547, 517.979125977, 518.408691406, 518.838256836, 519.267822266, 519.697387695, 520.126953125, 520.544921875, 520.974487305, 521.392456055, 521.822021484, 522.263183594, 522.704406738, 523.122375488, 523.540283203, 523.958251953, 524.376220703, 524.794189453, 525.246948242, 525.699768066, 526.140930176], "beats_loudness": {"dmean2": 0.0353729017079, "median": 0.0511564165354, "min": 0, "dvar2": 0.0012345155701, "dvar": 0.000429414300015, "dmean": 0.0204955916852, "max": 0.245986536145, "var": 0.000625015352853, "mean": 0.0536465421319}, "danceability": 1.08477962017, "bpm_histogram_second_peak_weight": {"dmean2": 0, "median": 0.112266115844, "min": 0.112266115844, "dvar2": 0, "dvar": 0, "dmean": 0, "max": 0.112266115844, "var": 0, "mean": 0.112266115844}, "beats_count": 963, "bpm_histogram_second_peak_bpm": {"dmean2": 0, "median": 103, "min": 103, "dvar2": 0, "dvar": 0, "dmean": 0, "max": 103, "var": 0, "mean": 103}, "bpm_histogram_first_peak_spread": {"dmean2": 0, "median": 0.611782431602, "min": 0.611782431602, "dvar2": 0, "dvar": 0, "dmean": 0, "max": 0.611782431602, "var": 0, "mean": 0.611782431602}, "beats_loudness_band_ratio": {"dmean2": [0.331282168627, 0.197659045458, 0.0914463624358, 0.140335649252, 0.0681630671024, 0.0718813836575], "median": [0.52673971653, 0.120615370572, 0.0464261099696, 0.112518191338, 0.055404741317, 0.0873105302453], "min": [0, 0, 0, 0, 0, 0], "dvar2": [0.0653198137879, 0.0244112443179, 0.0128022879362, 0.017478428781, 0.00400119321421, 0.00479078898206], "dvar": [0.0224302057177, 0.00830386392772, 0.00470862118527, 0.00598749751225, 0.00140856741928, 0.00165983499028], "dmean": [0.188194766641, 0.109838791192, 0.0517527870834, 0.0790416002274, 0.0381344147027, 0.0410991050303], "max": [0.939783453941, 0.576993823051, 0.691312909126, 0.767600059509, 0.419681191444, 0.42199587822], "var": [0.039006523788, 0.0115517219529, 0.00463165296242, 0.0101311048493, 0.00192926812451, 0.00207407819107], "mean": [0.527732133865, 0.142153933644, 0.0659520551562, 0.133079409599, 0.0625229999423, 0.0945013388991]}}, "lowlevel": {"barkbands_spread": {"dmean2": 9.42493247986, "median": 25.5444984436, "min": 0.7346611619, "dvar2": 87.3396530151, "dvar": 35.9560699463, "dmean": 5.89715766907, "max": 96.6962585449, "var": 134.586090088, "mean": 25.6257991791}, "melbands_spread": {"dmean2": 9.76499462128, "median": 19.9221878052, "min": 0.365689665079, "dvar2": 100.694786072, "dvar": 41.3070220947, "dmean": 5.96619367599, "max": 158.6953125, "var": 191.497116089, "mean": 21.2808551788}, "hfc": {"dmean2": 31.1809577942, "median": 97.3126831055, "min": 1.05597698328e-16, "dvar2": 1149.97949219, "dvar": 450.670806885, "dmean": 19.4741840363, "max": 678.549194336, "var": 2369.17822266, "mean": 99.0648651123}, "barkbands_kurtosis": {"dmean2": 7.53248882294, "median": 2.85227227211, "min": -1.78831756115, "dvar2": 298.015258789, "dvar": 118.924812317, "dmean": 4.5828742981, "max": 338.18560791, "var": 246.232437134, "mean": 7.37809276581}, "gfcc": {"mean": [21.7990875244, 99.0446548462, -96.7618560791, 0.535376966, -4.292137146, -3.66229653358, 4.73204231262, -26.3727664948, 1.14376270771, -7.85459804535, -5.99967956543, 3.77384662628, -9.14615154266], "icov": [[0.000362757709809, -0.00077697285451, 0.00237507838756, -0.0020456649363, 0.00170424231328, -0.00129615061451, 0.000813050486613, 0.000103590842627, -9.61118275882e-05, -0.000511682475917, 0.000438902439782, -0.00032202003058, -6.55235053273e-05], [-0.00077697285451, 0.00517879612744, -0.0073066256009, 0.00781522318721, -0.00607229350135, 0.00454020826146, -0.00274805375375, 0.000586488691624, -0.000890059105586, 0.00332942674868, -0.00356695218943, 0.00355151714757, -0.00154465495143], [0.00237507838756, -0.0073066256009, 0.0232096295804, -0.0208194237202, 0.0177905801684, -0.0144184483215, 0.00703400745988, 0.00060195318656, -0.00205478840508, -0.00231126253493, 0.000862404354848, 0.00116831436753, -0.00202939636074], [-0.0020456649363, 0.00781522318721, -0.0208194237202, 0.0269444007427, -0.0211782604456, 0.015915716067, -0.00732476916164, -0.00590216135606, 0.00799149367958, -0.00445200875401, 0.00856370013207, -0.0110451495275, 0.00974179524928], [0.00170424231328, -0.00607229350135, 0.0177905801684, -0.0211782604456, 0.0255382750183, -0.0154404044151, 0.0030456520617, 0.0059518176131, -0.0106485346332, 0.0103749800473, -0.0145237660035, 0.0151585666463, -0.0123506560922], [-0.00129615061451, 0.00454020826146, -0.0144184483215, 0.015915716067, -0.0154404044151, 0.0164972916245, -0.00389594770968, -0.00460694357753, 0.00804625358433, -0.00767301814631, 0.0104403691366, -0.0101105486974, 0.00645652459934], [0.000813050486613, -0.00274805375375, 0.00703400745988, -0.00732476916164, 0.0030456520617, -0.00389594770968, 0.0110076544806, -0.000403096055379, -0.00297693535686, 0.00206141918898, 0.001632793108, -0.00298723764718, 0.00155682081822], [0.000103590842627, 0.000586488691624, 0.00060195318656, -0.00590216135606, 0.0059518176131, -0.00460694357753, -0.000403096055379, 0.0130599783733, -0.00709414714947, 0.00621641241014, -0.0110870208591, 0.0145627446473, -0.0111958570778], [-9.61118275882e-05, -0.000890059105586, -0.00205478840508, 0.00799149367958, -0.0106485346332, 0.00804625358433, -0.00297693535686, -0.00709414714947, 0.0253883041441, -0.0254405885935, 0.0231056958437, -0.0224414225668, 0.0159831587225], [-0.000511682475917, 0.00332942674868, -0.00231126253493, -0.00445200875401, 0.0103749800473, -0.00767301814631, 0.00206141918898, 0.00621641241014, -0.0254405885935, 0.0486960783601, -0.0405276566744, 0.0288556702435, -0.0151407662779], [0.000438902439782, -0.00356695218943, 0.000862404354848, 0.00856370013207, -0.0145237660035, 0.0104403691366, 0.001632793108, -0.0110870208591, 0.0231056958437, -0.0405276566744, 0.0587834268808, -0.038429312408, 0.015465057455], [-0.00032202003058, 0.00355151714757, 0.00116831436753, -0.0110451495275, 0.0151585666463, -0.0101105486974, -0.00298723764718, 0.0145627446473, -0.0224414225668, 0.0288556702435, -0.038429312408, 0.0493010394275, -0.0216066036373], [-6.55235053273e-05, -0.00154465495143, -0.00202939636074, 0.00974179524928, -0.0123506560922, 0.00645652459934, 0.00155682081822, -0.0111958570778, 0.0159831587225, -0.0151407662779, 0.015465057455, -0.0216066036373, 0.0308013819158]], "cov": [[9312.79199219, 48.4653091431, -1137.33300781, -95.2712860107, -38.6886978149, -260.473297119, -40.131477356, -257.311279297, 98.5873184204, 9.66804695129, 16.3525352478, 130.191894531, -38.263923645], [48.4653091431, 707.512451172, -131.876449585, -241.621505737, 140.810379028, -57.9575843811, -7.13175725937, -19.982257843, -13.0058746338, -4.84371995926, 49.2577972412, -76.0346450806, 91.3218002319], [-1137.33300781, -131.876449585, 468.672088623, 177.78062439, -116.836242676, 151.310699463, -42.1983413696, 94.1175003052, -30.9882602692, 17.3252067566, -35.8107757568, 0.458352327347, -33.7064285278], [-95.2712860107, -241.621505737, 177.78062439, 313.084777832, 14.3648395538, 4.85770463943, 69.314201355, 39.3943099976, 8.80207061768, -18.4193115234, -30.1555328369, 38.9246520996, -55.2465858459], [-38.6886978149, 140.810379028, -116.836242676, 14.3648395538, 221.570541382, 8.55935192108, 54.7515220642, -3.34420990944, 8.82789421082, -14.1750020981, 24.203540802, -16.7231445312, 42.3735122681], [-260.473297119, -57.9575843811, 151.310699463, 4.85770463943, 8.55935192108, 227.196792603, -17.0731639862, 47.4341964722, -27.055355072, 12.0281438828, -16.2964401245, -0.130458280444, 6.92713212967], [-40.131477356, -7.13175725937, -42.1983413696, 69.314201355, 54.7515220642, -17.0731639862, 171.56477356, -17.1763191223, 40.3335342407, -27.0596618652, -12.2252016068, 25.8499488831, -24.487361908], [-257.311279297, -19.982257843, 94.1175003052, 39.3943099976, -3.34420990944, 47.4341964722, -17.1763191223, 161.92640686, -9.06720256805, 24.46235466, 7.59234285355, -30.0598011017, 32.4654922485], [98.5873184204, -13.0058746338, -30.9882602692, 8.80207061768, 8.82789421082, -27.055355072, 40.3335342407, -9.06720256805, 126.275939941, 38.8632507324, 3.38013601303, 24.2807216644, -32.4783363342], [9.66804695129, -4.84371995926, 17.3252067566, -18.4193115234, -14.1750020981, 12.0281438828, -27.0596618652, 24.46235466, 38.8632507324, 77.064453125, 36.3924026489, -2.31191301346, 6.6203584671], [16.3525352478, 49.2577972412, -35.8107757568, -30.1555328369, 24.203540802, -16.2964401245, -12.2252016068, 7.59234285355, 3.38013601303, 36.3924026489, 64.6084747314, 17.0557880402, 21.8419837952], [130.191894531, -76.0346450806, 0.458352327347, 38.9246520996, -16.7231445312, -0.130458280444, 25.8499488831, -30.0598011017, 24.2807216644, -2.31191301346, 17.0557880402, 74.4890975952, -4.77478742599], [-38.263923645, 91.3218002319, -33.7064285278, -55.2465858459, 42.3735122681, 6.92713212967, -24.487361908, 32.4654922485, -32.4783363342, 6.6203584671, 21.8419837952, -4.77478742599, 86.5856246948]]}, "spectral_energyband_middle_low": {"dmean2": 0.00671232491732, "median": 0.0081933811307, "min": 1.37706462624e-22, "dvar2": 8.71579250088e-05, "dvar": 3.48415160261e-05, "dmean": 0.004197279457, "max": 0.145027205348, "var": 0.000113097703434, "mean": 0.0113514941186}, "melbands_crest": {"dmean2": 7.67421579361, "median": 16.075717926, "min": 1.5680270195, "dvar2": 42.9052238464, "dvar": 15.9936876297, "dmean": 4.61419200897, "max": 37.4194602966, "var": 41.7196044922, "mean": 16.7796001434}, "spectral_kurtosis": {"dmean2": 5.72055101395, "median": 15.5915203094, "min": -1.24790036678, "dvar2": 62.3560638428, "dvar": 25.528793335, "dmean": 3.81852841377, "max": 140.008209229, "var": 65.843711853, "mean": 16.7353286743}, "spectral_rms": {"dmean2": 0.00193997484166, "median": 0.00664347689599, "min": 3.118209033e-12, "dvar2": 4.96329766975e-06, "dvar": 1.96576024791e-06, "dmean": 0.00119586812798, "max": 0.0183705296367, "var": 4.70695249533e-06, "mean": 0.00672168284655}, "zerocrossingrate": {"dmean2": 0.0365896299481, "median": 0.17578125, "min": 0.00537109375, "dvar2": 0.000991844106466, "dvar": 0.000580245163292, "dmean": 0.0277638100088, "max": 0.576171875, "var": 0.00404688064009, "mean": 0.180989846587}, "silence_rate_60dB": {"dmean2": 0.00158674188424, "median": 0, "min": 0, "dvar2": 0.00202580960467, "dvar": 0.000792862498201, "dmean": 0.000793335959315, "max": 1, "var": 0.0143325719982, "mean": 0.0145438518375}, "erbbands_kurtosis": {"dmean2": 1.67221021652, "median": 0.65367770195, "min": -1.8024367094, "dvar2": 5.07386064529, "dvar": 2.15699839592, "dmean": 1.04292702675, "max": 47.0550003052, "var": 5.70445013046, "mean": 1.1818240881}, "erbbands": {"dmean2": [0.943107068539, 3.51600408554, 6.88766384125, 5.90560340881, 8.77483177185, 14.6926555634, 15.6887531281, 18.4403991699, 15.1036176682, 19.7914886475, 17.3442592621, 23.6793880463, 26.1304359436, 34.1142997742, 66.4324569702, 96.4761199951, 54.6997032166, 51.6469993591, 44.2087135315, 36.6708068848, 24.3951587677, 20.7808952332, 11.2273349762, 9.0701007843, 7.23371505737, 4.54034233093, 3.70001029968, 2.89409637451, 2.00406503677, 1.87727117538, 0.844324946404, 0.302604466677, 0.113263130188, 0.0558512285352, 0.0347001291811, 0.0226579979062, 0.034384906292, 0.0413369834423, 0.0151011385024, 0.00562063930556], "median": [0.354629665613, 1.69091415405, 3.57436442375, 3.50675773621, 5.06858348846, 7.04878520966, 6.89967155457, 7.0013628006, 6.38138866425, 8.66135215759, 8.41623592377, 10.928527832, 14.3815841675, 21.6468696594, 44.7583312988, 61.9723892212, 44.0281677246, 43.1913909912, 40.5612449646, 28.7554855347, 18.5428237915, 15.5156059265, 6.67162466049, 4.40491199493, 3.39382624626, 2.76582431793, 2.77846097946, 2.43702054024, 1.5087044239, 1.04966640472, 0.526866793633, 0.171794474125, 0.0439510121942, 0.0147181879729, 0.00840448029339, 0.00994606874883, 0.0237073972821, 0.0379874035716, 0.0227605961263, 0.0150142367929], "min": [7.73467515279e-23, 8.3186445209e-22, 1.84966834203e-21, 4.43730659457e-21, 8.1554200362e-21, 2.50828448993e-20, 2.76740576383e-20, 6.01199780588e-20, 8.27140804486e-20, 8.92910128861e-20, 2.69791367434e-19, 3.99182551915e-19, 3.6418831421e-19, 5.24058674421e-19, 1.11049379806e-18, 1.37202969619e-18, 1.66646908132e-18, 2.02096994734e-18, 3.15090693589e-18, 1.55749765159e-18, 2.66209137714e-18, 4.07681465648e-18, 4.13805910903e-18, 5.27095120032e-18, 8.44908830159e-18, 8.66955095999e-18, 8.28353389226e-18, 1.05830149315e-17, 1.22855255128e-17, 1.19327553155e-17, 1.14716211491e-17, 1.06329733317e-17, 8.80334742407e-18, 7.62115743622e-18, 5.78853796193e-18, 4.18412355657e-18, 2.33415293496e-18, 1.02723289953e-18, 2.37732328433e-19, 2.7432808474e-20], "dvar2": [3.10662889481, 29.3491153717, 87.2529525757, 78.0801849365, 175.180175781, 693.284667969, 1211.54296875, 2051.47070312, 1441.92724609, 1923.36035156, 1586.62573242, 3423.97314453, 3059.31347656, 3612.29296875, 13782.4052734, 37280.9609375, 6983.23828125, 5607.10205078, 3507.84448242, 2884.43505859, 1745.97924805, 1105.93603516, 562.129089355, 854.867126465, 1013.55499268, 385.850616455, 151.923278809, 42.583694458, 18.1345119476, 19.2909793854, 1.95331323147, 0.21476213634, 0.0260833092034, 0.00746214110404, 0.00290520931594, 0.000987960491329, 0.00283317104913, 0.00558745395392, 0.000652249669656, 4.28101047873e-05], "dvar": [1.12958180904, 10.6209068298, 30.6359710693, 29.598739624, 65.8101577759, 263.577941895, 490.09942627, 858.098205566, 668.401184082, 792.18157959, 704.229309082, 1451.90576172, 1240.84875488, 1525.14904785, 5582.03759766, 15366.2128906, 2740.7824707, 2195.79541016, 1377.2824707, 1042.53015137, 641.482727051, 404.012298584, 245.605926514, 377.381072998, 455.932861328, 178.775741577, 68.0473556519, 21.0056228638, 9.99005222321, 9.42738246918, 1.03319013119, 0.114940360188, 0.0117883868515, 0.00301734730601, 0.00117482303176, 0.000420475116698, 0.00170556735247, 0.00311801303178, 0.000345251552062, 1.84295931831e-05], "dmean": [0.554636776447, 2.04821443558, 3.99900555611, 3.57064914703, 5.27833271027, 8.94668579102, 9.72527885437, 11.6430826187, 9.59475231171, 12.3050460815, 10.8451194763, 14.6731157303, 16.0929584503, 21.2513656616, 41.1015853882, 59.787525177, 33.0750312805, 31.5383338928, 26.8397464752, 21.6120414734, 14.5394201279, 12.3763513565, 6.9445772171, 5.63065004349, 4.67151975632, 2.98046731949, 2.45502352715, 1.97194087505, 1.42354238033, 1.31179463863, 0.601541697979, 0.211805403233, 0.0724347159266, 0.0333535633981, 0.0206983946264, 0.0142048448324, 0.0256818123162, 0.0314028412104, 0.0109960390255, 0.00363305560313], "max": [13.3334054947, 49.2293930054, 86.611366272, 117.911506653, 253.569259644, 307.412811279, 782.510498047, 1466.98168945, 1688.33325195, 1042.99633789, 989.458740234, 1548.32116699, 1022.81451416, 1231.26965332, 2345.83959961, 4966.58349609, 2622.40185547, 1271.9576416, 743.53137207, 573.754943848, 1010.80480957, 659.427062988, 811.208984375, 1128.4276123, 1172.24414062, 581.346069336, 425.530548096, 213.378143311, 259.56451416, 97.742401123, 34.8203353882, 9.13618946075, 2.11773395538, 0.811113476753, 0.508978307247, 0.287658959627, 0.849801421165, 2.04015851021, 0.670539915562, 0.133435174823], "var": [1.02192103863, 10.0100240707, 36.7981033325, 51.8584823608, 137.149856567, 465.60043335, 893.465515137, 1764.56506348, 2420.09350586, 1762.87475586, 1359.38818359, 2478.58886719, 2153.92797852, 3577.88769531, 15159.1123047, 45147.640625, 5919.27392578, 5305.55859375, 3390.73925781, 1801.93994141, 1115.07214355, 712.180725098, 549.506225586, 722.061523438, 815.557189941, 347.389007568, 124.051719666, 47.3506507874, 22.282579422, 16.9391517639, 2.60802340508, 0.299126029015, 0.0222503039986, 0.00320036499761, 0.00124025566038, 0.000632327457424, 0.00512782670557, 0.00821621343493, 0.00127102993429, 0.000154444584041], "mean": [0.691891014576, 2.62844944, 5.46419811249, 5.73803949356, 8.61765480042, 14.0337400436, 15.9014968872, 19.6587638855, 17.4254550934, 20.3915100098, 17.9569339752, 23.6659450531, 27.5667304993, 39.736366272, 79.6425094604, 115.128890991, 65.0179977417, 64.4011154175, 56.1483421326, 40.2429580688, 28.1782779694, 23.399564743, 13.347073555, 10.1054620743, 8.36072444916, 5.6534318924, 4.94841575623, 4.06785345078, 2.80963659286, 2.34649610519, 1.13646709919, 0.376188457012, 0.0999194011092, 0.0346480533481, 0.0210067648441, 0.0191269293427, 0.0513996817172, 0.069189876318, 0.0327847115695, 0.0172894578427]}, "spectral_strongpeak": {"dmean2": 1.15824556351, "median": 0.259229034185, "min": 0, "dvar2": 28.6611480713, "dvar": 10.1014757156, "dmean": 0.643024623394, "max": 106.11114502, "var": 6.83069705963, "mean": 0.684849917889}, "spectral_energy": {"dmean2": 0.0313562527299, "median": 0.0452391803265, "min": 9.96630903636e-21, "dvar2": 0.00208477955312, "dvar": 0.000788948033005, "dmean": 0.0188906602561, "max": 0.345913290977, "var": 0.00109186291229, "mean": 0.0511349625885}, "average_loudness": 0.908477902412, "spectral_rolloff": {"dmean2": 5217.36425781, "median": 1528.85742188, "min": 43.06640625, "dvar2": 92003592, "dvar": 34781252, "dmean": 2762.58935547, "max": 22006.9335938, "var": 41502936, "mean": 3901.63061523}, "spectral_centroid": {"dmean2": 293.925872803, "median": 1101.91845703, "min": 172.563842773, "dvar2": 109087.851562, "dvar": 55006.4726562, "dmean": 190.46647644, "max": 11756.3085938, "var": 560872.5625, "mean": 1161.16125488}, "pitch_salience": {"dmean2": 0.139426976442, "median": 0.558312892914, "min": 0.0895284563303, "dvar2": 0.0150427920744, "dvar": 0.00561108952388, "dmean": 0.0849411264062, "max": 0.856389164925, "var": 0.0140619445592, "mean": 0.544356882572}, "spectral_energyband_middle_high": {"dmean2": 0.00468286732212, "median": 0.00824097916484, "min": 1.22136660664e-21, "dvar2": 3.7718888052e-05, "dvar": 1.53536002472e-05, "dmean": 0.00294523569755, "max": 0.112306401134, "var": 7.91326601757e-05, "mean": 0.00999688636512}, "spectral_contrast_coeffs": {"dmean2": [0.0879109203815, 0.0779952332377, 0.0643656998873, 0.0480348989367, 0.0374089479446, 0.0727978125215], "median": [-0.693507790565, -