{"tonal": {"thpcp": [1, 0.591775476933, 0.254565387964, 0.488871663809, 0.530681312084, 0.315717577934, 0.270992934704, 0.314701527357, 0.366955041885, 0.572716891766, 0.66480410099, 0.461719483137, 0.273887097836, 0.236713930964, 0.271477729082, 0.330937564373, 0.333154827356, 0.318725556135, 0.511991024017, 0.546654224396, 0.294634521008, 0.168955519795, 0.149831920862, 0.167306423187, 0.254162400961, 0.267992526293, 0.180190652609, 0.151806518435, 0.182620987296, 0.326175928116, 0.651215314865, 0.705067932606, 0.424193799496, 0.271978914738, 0.214622795582, 0.592163681984], "hpcp": {"dmean2": [0.22833301127, 0.190470024943, 0.202171251178, 0.202587366104, 0.199312195182, 0.212220847607, 0.247384279966, 0.250098198652, 0.176314368844, 0.128075256944, 0.114771127701, 0.123678170145, 0.144036963582, 0.14178712666, 0.11466191709, 0.110903941095, 0.146320849657, 0.226274877787, 0.315565794706, 0.302601069212, 0.247121080756, 0.183243140578, 0.135394379497, 0.230466753244, 0.355926722288, 0.255002439022, 0.180160537362, 0.224394783378, 0.233444347978, 0.191805839539, 0.219151109457, 0.270242929459, 0.2746091187, 0.331816613674, 0.341384619474, 0.307131320238], "median": [0.0117896189913, 0.0078261969611, 0.0106710409746, 0.0205136947334, 0.0246082246304, 0.0279616955668, 0.0471204183996, 0.049572519958, 0.0270128268749, 0.0101920794696, 0.00807558465749, 0.00936891324818, 0.0171925276518, 0.0174236986786, 0.0123260235414, 0.00666183093563, 0.00752286287025, 0.0232608579099, 0.0690214857459, 0.0736100301147, 0.0338869206607, 0.0105163892731, 0.00684107327834, 0.0268384050578, 0.0247693657875, 0.0285034757107, 0.015306786634, 0.0384398028255, 0.0443401522934, 0.0275375209749, 0.0132353138179, 0.0128706963733, 0.0210426338017, 0.0376486331224, 0.041150316596, 0.0269177183509], "min": [0, 0, 0, 0, 0, 0, 0, 0, 0, 0, 0, 0, 0, 0, 0, 0, 0, 0, 0, 0, 0, 0, 0, 0, 0, 0, 0, 0, 0, 0, 0, 0, 0, 0, 0, 0], "dvar2": [0.151101231575, 0.122252382338, 0.13291618228, 0.111996144056, 0.10404458642, 0.108055688441, 0.117516331375, 0.120531491935, 0.0750842541456, 0.0724910050631, 0.0661356300116, 0.076819062233, 0.0765740200877, 0.0729172080755, 0.0548921599984, 0.0667552798986, 0.0808701887727, 0.121173165739, 0.151713222265, 0.139898881316, 0.130240306258, 0.099866501987, 0.0685617104173, 0.0813664346933, 0.203857108951, 0.100505724549, 0.0978440791368, 0.0988345518708, 0.111577220261, 0.0847523137927, 0.145749881864, 0.198833450675, 0.170170351863, 0.196524754167, 0.179874137044, 0.195579335093], "dvar": [0.0532175973058, 0.0435754209757, 0.0484982356429, 0.0421795994043, 0.0400922968984, 0.0396184623241, 0.0460764728487, 0.0494203567505, 0.0289321541786, 0.0262455698103, 0.0237375274301, 0.0275673586875, 0.0291957464069, 0.0285771917552, 0.0204845834523, 0.023911645636, 0.0286996569484, 0.044662848115, 0.0588237158954, 0.0575047209859, 0.0481887571514, 0.0383733324707, 0.0279859043658, 0.0396418981254, 0.111507721245, 0.0458658672869, 0.0350991860032, 0.039584249258, 0.0449864901602, 0.0311011709273, 0.0509594157338, 0.0689688175917, 0.0607732795179, 0.0738959386945, 0.0765152275562, 0.0720229223371], "dmean": [0.122111149132, 0.10259565711, 0.110030196607, 0.114156000316, 0.112706273794, 0.118456631899, 0.143927395344, 0.145832881331, 0.100219488144, 0.0701934173703, 0.0630939975381, 0.0679762735963, 0.0826249048114, 0.082777261734, 0.0645740628242, 0.0606648437679, 0.0790941417217, 0.127283006907, 0.183564439416, 0.177498951554, 0.140632033348, 0.102625630796, 0.0773154869676, 0.125451266766, 0.189885616302, 0.136884361506, 0.0994449481368, 0.13139384985, 0.135411679745, 0.108294628561, 0.118052452803, 0.143481478095, 0.148783117533, 0.187834307551, 0.194700062275, 0.167413160205], "max": [1, 1, 1, 1, 1, 1, 1, 1, 1, 1, 1, 1, 1, 1, 1, 1, 1, 1, 1, 1, 1, 1, 1, 1, 1, 1, 1, 1, 1, 1, 1, 1, 1, 1, 1, 1], "var": [0.0377506129444, 0.0328896567225, 0.0403664521873, 0.0403811298311, 0.0406855605543, 0.0327464602888, 0.0607361271977, 0.0709625706077, 0.0267917476594, 0.0184899773449, 0.0166505035013, 0.0197165347636, 0.0289009492844, 0.0310520045459, 0.0173191335052, 0.0192106328905, 0.0207027625293, 0.0375448428094, 0.0778009444475, 0.0889193043113, 0.0485124178231, 0.0354967080057, 0.0286967307329, 0.0574092455208, 0.184497073293, 0.0560194812715, 0.0282490048558, 0.0618051700294, 0.071474544704, 0.0301298629493, 0.0364189594984, 0.0472839809954, 0.0503792725503, 0.0784522220492, 0.100041642785, 0.0652094706893], "mean": [0.0857907235622, 0.0741468295455, 0.0850360319018, 0.103660866618, 0.10435538739, 0.0998356565833, 0.160372957587, 0.171230643988, 0.0922895222902, 0.0529225990176, 0.0469324402511, 0.0524060465395, 0.0796122848988, 0.083944350481, 0.0564418248832, 0.0475509501994, 0.0572030842304, 0.102169364691, 0.203982725739, 0.220851182938, 0.132871881127, 0.085193015635, 0.067227140069, 0.185485750437, 0.313233911991, 0.18536414206, 0.0797385126352, 0.153131186962, 0.166227385402, 0.098893456161, 0.0848841741681, 0.0985751897097, 0.114942766726, 0.179394349456, 0.208239197731, 0.144626200199]}, "tuning_equal_tempered_deviation": 0.160119190812, "chords_changes_rate": 0.077792942524, "key_key": "G#", "tuning_diatonic_strength": 0.36835706234, "key_scale": "minor", "chords_number_rate": 0.00194969784934, "tuning_frequency": 434.193115234, "tuning_nontempered_energy_ratio": 0.861592650414, "chords_histogram": [28.5630722046, 38.8574752808, 5.06921434402, 0.25346070528, 1.34529149532, 9.00760364532, 1.38428544998, 6.45349979401, 0.545915365219, 1.94969785213, 0.0974848866463, 0.877363979816, 2.00818872452, 1.34529149532, 0.077987909317, 0.0389939546585, 0.0584909357131, 0.0389939546585, 0.487424463034, 0.584909319878, 0.467927485704, 0.155975818634, 0.0974848866463, 0.233963742852], "key_strength": 0.418811798096, "chords_key": "B", "chords_strength": {"dmean2": 0.0144674321637, "median": 0.470071047544, "min": 0.198403984308, "dvar2": 0.000157735252287, "dvar": 0.000104356076918, "dmean": 0.0122800776735, "max": 0.804838240147, "var": 0.0196777302772, "mean": 0.475376546383}, "chords_scale": "major", "hpcp_entropy": {"dmean2": 1.18168759346, "median": 1.90033829212, "min": 0, "dvar2": 0.84452188015, "dvar": 0.323123008013, "dmean": 0.702946841717, "max": 4.5541934967, "var": 0.668867886066, "mean": 1.92519402504}}, "metadata": {"audio_properties": {"equal_loudness": 0, "codec": "mp3", "downmix": "mix", "sample_rate": 44100, "analysis_sample_rate": 44100, "bit_rate": 320000, "md5_encoded": "bc4b9a5a6d9f3e08b5e4b5566cf2e41a", "length": 238.132247925, "replay_gain": -14.2893543243, "lossless": false}, "version": {"essentia_build_sha": "70f2e5ece6736b2c40cc944ad0e695b16b925413", "essentia": "2.1-beta2", "extractor": "music 1.0", "essentia_git_sha": "v2.1_beta2"}, "tags": {"title": ["In The Spotlight\u00a3\u00a8TOKYO\u00a3\u00a9"], "artist": ["\u00b0\u00b2\u00ca\u00d2\u00c4\u00ce\u00c3\u00c0\u00bb\u00dd"], "file_name": "1895707.mp3", "album": ["Uncontrolled"], "tracknumber": ["0"], "discnumber": ["1"], "musicbrainz_recordingid": ["16c37782-64cf-47ab-b5ab-0c5ba839c0c2"]}}, "rhythm": {"bpm_histogram_first_peak_bpm": {"dmean2": 0, "median": 129, "min": 129, "dvar2": 0, "dvar": 0, "dmean": 0, "max": 129, "var": 0, "mean": 129}, "bpm": 128.028961182, "bpm_histogram_second_peak_spread": {"dmean2": 0, "median": 0.466666638851, "min": 0.466666638851, "dvar2": 0, "dvar": 0, "dmean": 0, "max": 0.466666638851, "var": 0, "mean": 0.466666638851}, "bpm_histogram_first_peak_weight": {"dmean2": 0, "median": 0.60990101099, "min": 0.60990101099, "dvar2": 0, "dvar": 0, "dmean": 0, "max": 0.60990101099, "var": 0, "mean": 0.60990101099}, "onset_rate": 4.54767131805, "beats_position": [0.487619042397, 0.986848056316, 1.47446703911, 1.9620860815, 2.4497051239, 2.93732428551, 3.41333317757, 3.88934230804, 4.3653512001, 4.841360569, 5.31736946106, 5.78176879883, 6.24616765976, 6.71056699753, 7.18657588959, 7.66258478165, 8.12698364258, 8.59138298035, 9.06739234924, 9.53179073334, 10.0078001022, 10.47219944, 10.9365987778, 11.4009971619, 11.8653964996, 12.3297958374, 12.8058052063, 13.2702035904, 13.7462129593, 14.2106122971, 14.6750106812, 15.1394100189, 15.6154193878, 16.0798187256, 16.5558280945, 17.0202255249, 17.4846248627, 17.9606342316, 18.4366436005, 18.9010429382, 19.3770523071, 19.8414516449, 20.3174591064, 20.7818584442, 21.246257782, 21.7106571198, 22.1750564575, 22.6394557953, 23.1038551331, 23.5798625946, 24.0558719635, 24.5202713013, 24.984670639, 25.4606800079, 25.9366893768, 26.4010887146, 26.865486145, 27.3414955139, 27.8175048828, 28.2819042206, 28.7463035583, 29.2107028961, 29.6751022339, 30.1511096954, 30.6155090332, 31.079908371, 31.5559177399, 32.0203170776, 32.4847145081, 32.960723877, 33.4367332458, 33.901134491, 34.3655319214, 34.8415412903, 35.3175506592, 35.7819480896, 36.2463493347, 36.7107467651, 37.186756134, 37.6627655029, 38.1271629333, 38.6031723022, 39.0791816711, 39.5435829163, 40.0079803467, 40.4723815918, 40.9367790222, 41.4011802673, 41.8655776978, 42.3415870667, 42.8175964355, 43.281993866, 43.7463951111, 44.2107925415, 44.6868019104, 45.1628112793, 45.6272087097, 46.0916099548, 46.5560073853, 47.0320167542, 47.508026123, 47.9724235535, 48.4368247986, 48.9128341675, 49.3772315979, 49.8532409668, 50.3176422119, 50.7820396423, 51.2464370728, 51.7108383179, 52.1868476868, 52.6628570557, 53.1272544861, 53.5916557312, 54.0560531616, 54.5204544067, 54.9848518372, 55.4608612061, 55.936870575, 56.4012680054, 56.8656692505, 57.3416786194, 57.8176841736, 58.2820854187, 58.7464828491, 59.2108840942, 59.6752815247, 60.1512908936, 60.6273002625, 61.0916976929, 61.556098938, 62.0321083069, 62.5081176758, 62.9725151062, 63.4369163513, 63.9013137817, 64.3773193359, 64.8533325195, 65.3177337646, 65.7821273804, 66.2465286255, 66.7109298706, 67.1753311157, 67.6513366699, 68.115737915, 68.5917434692, 69.0561447144, 69.5205459595, 69.9965515137, 70.4725646973, 70.936958313, 71.4013595581, 71.8657608032, 72.3417663574, 72.817779541, 73.2821731567, 73.7465744019, 74.210975647, 74.6753692627, 75.1397705078, 75.6157836914, 76.0801773071, 76.5561904907, 77.0205917358, 77.4849853516, 77.9493865967, 78.4253921509, 78.9014053345, 79.3658065796, 79.8302001953, 80.2946014404, 80.7590026855, 81.2350082397, 81.7110214233, 82.1754150391, 82.6398162842, 83.1158294678, 83.591835022, 84.0562362671, 84.5206298828, 84.9850311279, 85.449432373, 85.9370498657, 86.4014511108, 86.865852356, 87.3302459717, 87.8062591553, 88.2822647095, 88.7466659546, 89.2110671997, 89.6754608154, 90.1398620605, 90.6042633057, 91.0686569214, 91.544670105, 92.0206756592, 92.4850769043, 92.9494781494, 93.4254837036, 93.9014968872, 94.3658905029, 94.830291748, 95.3063049316, 95.7823104858, 96.246711731, 96.7111129761, 97.1755065918, 97.6399078369, 98.104309082, 98.5803146362, 99.0563278198, 99.5207214355, 99.9851226807, 100.449523926, 100.92552948, 101.401542664, 101.865936279, 102.330337524, 102.806350708, 103.270744324, 103.735145569, 104.211151123, 104.687164307, 105.163169861, 105.627571106, 106.091972351, 106.556373596, 107.020767212, 107.485168457, 107.949569702, 108.425575256, 108.90158844, 109.365982056, 109.841995239, 110.318000793, 110.782402039, 111.246803284, 111.711196899, 112.175598145, 112.63999939, 113.104400635, 113.56879425, 114.056411743, 114.520812988, 114.985214233, 115.461219788, 115.937232971, 116.401634216, 116.866027832, 117.342041016, 117.81804657, 118.282447815, 118.74684906, 119.211242676, 119.675643921, 120.151649475, 120.627662659, 121.092063904, 121.55645752, 122.032470703, 122.508476257, 122.972877502, 123.437278748, 123.913284302, 124.389297485, 124.853691101, 125.318092346, 125.782493591, 126.246894836, 126.711288452, 127.187301636, 127.66330719, 128.127700806, 128.592102051, 129.068115234, 129.544128418, 130.008529663, 130.472915649, 130.937316895, 131.40171814, 131.866119385, 132.342132568, 132.818145752, 133.282531738, 133.746932983, 134.211334229, 134.687347412, 135.163360596, 135.627746582, 136.092147827, 136.556549072, 137.020950317, 137.485351562, 137.961364746, 138.437362671, 138.901763916, 139.366165161, 139.842178345, 140.31817627, 140.782577515, 141.24697876, 141.711380005, 142.17578125, 142.651794434, 143.127792358, 143.592193604, 144.056594849, 144.532608032, 145.008621216, 145.473007202, 145.937408447, 146.401809692, 146.877822876, 147.35383606, 147.818222046, 148.282623291, 148.747024536, 149.211425781, 149.675827026, 150.140228271, 150.616226196, 151.09223938, 151.556640625, 152.02104187, 152.497055054, 152.973052979, 153.437454224, 153.901855469, 154.366256714, 154.842269897, 155.318267822, 155.782669067, 156.247070312, 156.711471558, 157.175872803, 157.640274048, 158.104675293, 158.569061279, 159.045074463, 159.521087646, 159.985488892, 160.449890137, 160.925888062, 161.401901245, 161.86630249, 162.330703735, 162.80670166, 163.271102905, 163.747116089, 164.211517334, 164.675918579, 165.140319824, 165.616317749, 166.092330933, 166.556732178, 167.021133423, 167.485534668, 167.949935913, 168.425933838, 168.890335083, 169.366348267, 169.830749512, 170.295150757, 170.759536743, 171.235549927, 171.71156311, 172.187576294, 172.663574219, 173.127975464, 173.592376709, 174.056777954, 174.532791138, 174.997192383, 175.461578369, 175.937591553, 176.401992798, 176.866394043, 177.342407227, 177.818405151, 178.282806396, 178.747207642, 179.211608887, 179.68762207, 180.152008057, 180.62802124, 181.092422485, 181.568435669, 182.032836914, 182.508834839, 182.973236084, 183.437637329, 183.902038574, 184.366439819, 184.830841064, 185.306838989, 185.782852173, 186.247253418, 186.711654663, 187.187667847, 187.652053833, 188.128067017, 188.592468262, 189.056869507, 189.521270752, 189.997268677, 190.461669922, 190.926071167, 191.402084351, 191.878097534, 192.342483521, 192.806884766, 193.282897949, 193.747299194, 194.211700439, 194.687713623, 195.163711548, 195.628112793, 196.104125977, 196.58013916, 197.044525146, 197.508926392, 197.973327637, 198.437728882, 198.902130127, 199.378143311, 199.854141235, 200.31854248, 200.782943726, 201.247344971, 201.711746216, 202.176147461, 202.640533447, 203.104934692, 203.580947876, 204.05696106, 204.521362305, 204.985748291, 205.450149536, 205.92616272, 206.402175903, 206.866577148, 207.330978394, 207.79536438, 208.259765625, 208.72416687, 209.188568115, 209.664581299, 210.140579224, 210.604980469, 211.080993652, 211.557006836, 212.021408081, 212.485794067, 212.950195312, 213.414596558, 213.890609741, 214.366622925, 214.831008911, 215.295410156, 215.77142334, 216.247436523, 216.711837769, 217.176239014, 217.640625, 218.105026245, 218.581039429, 219.057052612, 219.521453857, 219.985839844, 220.450241089, 220.926254272, 221.402267456, 221.866668701, 222.331054688, 222.795455933, 223.259857178, 223.735870361, 224.211883545, 224.676269531, 225.140670776, 225.605072021, 226.081085205, 226.557098389, 227.021499634, 227.48588562, 227.950286865, 228.426300049, 228.902313232, 229.366714478, 229.831100464, 230.295501709, 230.759902954, 231.235916138, 231.711929321, 232.176315308, 232.640716553, 233.105117798, 233.581130981, 234.068756104, 234.556365967, 235.055603027, 235.554824829, 236.05406189, 236.553283691, 237.052505493, 237.551742554], "beats_loudness": {"dmean2": 0.0371836237609, "median": 0.0843002647161, "min": 7.99054156175e-10, "dvar2": 0.00125815230422, "dvar": 0.000452018663054, "dmean": 0.0210572183132, "max": 0.202586516738, "var": 0.00159082829487, "mean": 0.0791771709919}, "danceability": 1.29868280888, "bpm_histogram_second_peak_weight": {"dmean2": 0, "median": 0.0158415846527, "min": 0.0158415846527, "dvar2": 0, "dvar": 0, "dmean": 0, "max": 0.0158415846527, "var": 0, "mean": 0.0158415846527}, "beats_count": 506, "bpm_histogram_second_peak_bpm": {"dmean2": 0, "median": 123, "min": 123, "dvar2": 0, "dvar": 0, "dmean": 0, "max": 123, "var": 0, "mean": 123}, "bpm_histogram_first_peak_spread": {"dmean2": 0, "median": 0.37142854929, "min": 0.37142854929, "dvar2": 0, "dvar": 0, "dmean": 0, "max": 0.37142854929, "var": 0, "mean": 0.37142854929}, "beats_loudness_band_ratio": {"dmean2": [0.214260444045, 0.171816244721, 0.160473957658, 0.142539992929, 0.0754408836365, 0.0465979501605], "median": [0.691346526146, 0.0878310203552, 0.0997432023287, 0.04144083336, 0.0316808633506, 0.0225263610482], "min": [0.000125155056594, 0.000170440616785, 4.75975357404e-05, 2.57441224676e-05, 2.10369453271e-05, 2.92785589409e-05], "dvar2": [0.0465518049896, 0.0308042634279, 0.0259394329041, 0.0296018403023, 0.013307325542, 0.00564433494583], "dvar": [0.0189839433879, 0.0109370052814, 0.00879991706461, 0.0120209362358, 0.00449655065313, 0.00218843715265], "dmean": [0.124676384032, 0.100216694176, 0.091385781765, 0.083769403398, 0.0427662134171, 0.026176199317], "max": [0.993750870228, 0.622139573097, 0.780532717705, 0.61540722847, 0.54739433527, 0.527618944645], "var": [0.105460897088, 0.0151613047346, 0.0271650403738, 0.0137985143811, 0.00463444367051, 0.0020408607088], "mean": [0.561878025532, 0.128540053964, 0.163629099727, 0.0864252820611, 0.0531844310462, 0.0336723402143]}}, "lowlevel": {"barkbands_spread": {"dmean2": 9.94756698608, "median": 16.6011047363, "min": 0.212490722537, "dvar2": 189.504165649, "dvar": 95.9462432861, "dmean": 6.76969432831, "max": 127.863265991, "var": 251.448379517, "mean": 20.0402755737}, "melbands_spread": {"dmean2": 10.7109117508, "median": 15.1502199173, "min": 0.115791805089, "dvar2": 458.019744873, "dvar": 217.347061157, "dmean": 7.15113162994, "max": 289.723114014, "var": 460.059265137, "mean": 19.1216964722}, "hfc": {"dmean2": 11.0471115112, "median": 22.0227832794, "min": 1.10999478895e-16, "dvar2": 169.44619751, "dvar": 88.9520874023, "dmean": 7.95228004456, "max": 105.538398743, "var": 314.960968018, "mean": 24.6620769501}, "barkbands_kurtosis": {"dmean2": 11.2996587753, "median": 3.74614906311, "min": -1.97230935097, "dvar2": 1413.1340332, "dvar": 702.036804199, "dmean": 7.64394950867, "max": 914.143249512, "var": 1325.62268066, "mean": 11.7810850143}, "gfcc": {"mean": [7.89529037476, 77.8278579712, -103.510246277, 21.935634613, -61.0829124451, 12.5749864578, -36.3717689514, 17.9123477936, -25.2704219818, 6.0862827301, -12.5140800476, -1.12078917027, -3.7743127346], "icov": [[9.33675692067e-05, -6.28529960522e-05, 6.81302917656e-05, -6.95239796187e-05, 2.74559897662e-05, -8.07670221548e-05, 2.91680044029e-06, -0.000219960944378, 0.000203839255846, -0.000281425163848, 0.000234494946199, -0.000225310883252, 0.000212483151699], [-6.28529960522e-05, 0.00126115838066, -6.44294486847e-05, -0.000249268487096, -0.00019963804516, 0.000758635404054, -0.000937704870012, 0.000717076531146, -0.000534682476427, 0.000670944456942, -0.00121246674098, 0.0014748609392, -0.000677431700751], [6.81302917656e-05, -6.44294486847e-05, 0.00159387046006, -0.0005111010978, -0.000257436535321, -0.00111067807302, 0.000325172324665, 0.000138390911161, -0.000565964262933, -0.000343683554092, 0.000217038003029, -0.000969150802121, 0.000722914468497], [-6.95239796187e-05, -0.000249268487096, -0.0005111010978, 0.00414525857195, -0.00120327691548, -0.000636813696474, 0.000592990254518, -0.000508977274876, -0.00195483770221, -0.000199149362743, 0.00114305852912, -0.00172050029505, 0.000404555670684], [2.74559897662e-05, -0.00019963804516, -0.000257436535321, -0.00120327691548, 0.00500597851351, -0.000548456679098, -0.00198121159337, 8.62185042934e-05, -0.00116882484872, 0.000489100930281, -0.000345341686625, -0.000311315001454, 0.00050490477588], [-8.07670221548e-05, 0.000758635404054, -0.00111067807302, -0.000636813696474, -0.000548456679098, 0.00630659423769, -0.00294450530782, -7.04040648998e-05, 0.00164481776301, -0.00130746187642, -0.000944160739891, 0.00110000011045, -0.000264243863057], [2.91680044029e-06, -0.000937704870012, 0.000325172324665, 0.000592990254518, -0.00198121159337, -0.00294450530782, 0.00669736042619, -0.00049272889737, -0.00148623727728, -0.000705923768692, -0.000568504852708, 0.000154472480062, -0.000719459960237], [-0.000219960944378, 0.000717076531146, 0.000138390911161, -0.000508977274876, 8.62185042934e-05, -7.04040648998e-05, -0.00049272889737, 0.00753227761015, -0.00366000481881, -0.000190645165276, -0.00119110394735, 0.00168444938026, -0.00310382712632], [0.000203839255846, -0.000534682476427, -0.000565964262933, -0.00195483770221, -0.00116882484872, 0.00164481776301, -0.00148623727728, -0.00366000481881, 0.0123188439757, -0.00305070029572, 0.00100467598531, -0.00189998699352, 0.000677929492667], [-0.000281425163848, 0.000670944456942, -0.000343683554092, -0.000199149362743, 0.000489100930281, -0.00130746187642, -0.000705923768692, -0.000190645165276, -0.00305070029572, 0.0137163260952, -0.00440812576562, 0.000135050053359, -1.68103288161e-05], [0.000234494946199, -0.00121246674098, 0.000217038003029, 0.00114305852912, -0.000345341686625, -0.000944160739891, -0.000568504852708, -0.00119110394735, 0.00100467598531, -0.00440812576562, 0.0136756068096, -0.0033694668673, -0.00338638201356], [-0.000225310883252, 0.0014748609392, -0.000969150802121, -0.00172050029505, -0.000311315001454, 0.00110000011045, 0.000154472480062, 0.00168444938026, -0.00189998699352, 0.000135050053359, -0.0033694668673, 0.0134521517903, -0.003649384249], [0.000212483151699, -0.000677431700751, 0.000722914468497, 0.000404555670684, 0.00050490477588, -0.000264243863057, -0.000719459960237, -0.00310382712632, 0.000677929492667, -1.68103288161e-05, -0.00338638201356, -0.003649384249, 0.0144665017724]], "cov": [[14024.5693359, 89.0213165283, 65.7112197876, 560.591491699, 204.41633606, 366.022460938, 246.149230957, 426.044799805, 114.721336365, 337.419006348, -79.3618469238, 187.688140869, -93.796333313], [89.0213165283, 1331.00488281, 15.5400161743, 91.7520446777, 217.074691772, 20.314037323, 299.280578613, 20.7354011536, 110.610900879, 15.4663991928, 130.072036743, -64.8474502563, 78.7291717529], [65.7112197876, 15.5400161743, 1215.18908691, 452.525024414, 358.860809326, 356.925750732, 243.188842773, 115.925262451, 231.464828491, 143.658569336, 64.5187606812, 154.22416687, 0.6721393466], [560.591491699, 91.7520446777, 452.525024414, 561.109191895, 300.022369385, 201.00541687, 188.810775757, 140.72038269, 210.669967651, 104.604522705, 38.1221694946, 117.949249268, 19.467414856], [204.41633606, 217.074691772, 358.860809326, 300.022369385, 474.646026611, 220.678085327, 290.809051514, 115.526763916, 180.840591431, 92.0503540039, 77.4613189697, 72.6764831543, 35.6525344849], [366.022460938, 20.314037323, 356.925750732, 201.00541687, 220.678085327, 377.728607178, 246.454589844, 94.3913955688, 98.1231536865, 104.305397034, 69.8805160522, 53.1063461304, 29.1019458771], [246.149230957, 299.280578613, 243.188842773, 188.810775757, 290.809051514, 246.454589844, 425.388641357, 123.433258057, 152.91003418, 102.915206909, 103.532394409, 42.7867279053, 62.9400596619], [426.044799805, 20.7354011536, 115.925262451, 140.72038269, 115.526763916, 94.3913955688, 123.433258057, 244.074981689, 123.715164185, 72.351524353, 55.5958404541, 40.8053474426, 58.777141571], [114.721336365, 110.610900879, 231.464828491, 210.669967651, 180.840591431, 98.1231536865, 152.91003418, 123.715164185, 211.164093018, 80.4641647339, 49.0974464417, 62.6386489868, 33.1576881409], [337.419006348, 15.4663991928, 143.658569336, 104.604522705, 92.0503540039, 104.305397034, 102.915206909, 72.351524353, 80.4641647339, 133.551025391, 58.7828636169, 42.8308410645, 25.9474754333], [-79.3618469238, 130.072036743, 64.5187606812, 38.1221694946, 77.4613189697, 69.8805160522, 103.532394409, 55.5958404541, 49.0974464417, 58.7828636169, 136.876052856, 38.244972229, 58.0724258423], [187.688140869, -64.8474502563, 154.22416687, 117.949249268, 72.6764831543, 53.1063461304, 42.7867279053, 40.8053474426, 62.6386489868, 42.8308410645, 38.244972229, 128.964157104, 31.1176452637], [-93.796333313, 78.7291717529, 0.6721393466, 19.467414856, 35.6525344849, 29.1019458771, 62.9400596619, 58.777141571, 33.1576881409, 25.9474754333, 58.0724258423, 31.1176452637, 108.5598526]]}, "spectral_energyband_middle_low": {"dmean2": 0.0108797652647, "median": 0.0119522381574, "min": 1.7711896319e-22, "dvar2": 0.000219483335968, "dvar": 8.76641497598e-05, "dmean": 0.00699028046802, "max": 0.151485681534, "var": 0.000166388083016, "mean": 0.0150248371065}, "melbands_crest": {"dmean2": 5.62465524673, "median": 17.838186264, "min": 1.88358557224, "dvar2": 26.7016544342, "dvar": 12.6070680618, "dmean": 3.80317854881, "max": 37.4492301941, "var": 68.5149459839, "mean": 19.1080417633}, "spectral_kurtosis": {"dmean2": 1.99503934383, "median": 3.77780675888, "min": -1.61000537872, "dvar2": 6.58700942993, "dvar": 2.86310648918, "dmean": 1.29484844208, "max": 42.5385856628, "var": 9.25001335144, "mean": 4.16440677643}, "spectral_rms": {"dmean2": 0.00128142547328, "median": 0.0065276324749, "min": 3.16778526153e-12, "dvar2": 1.60799515925e-06, "dvar": 9.41838379731e-07, "dmean": 0.000961211277172, "max": 0.0148688247427, "var": 7.27249516785e-06, "mean": 0.00636447314173}, "zerocrossingrate": {"dmean2": 0.0160282421857, "median": 0.04736328125, "min": 0.001953125, "dvar2": 0.000523347291164, "dvar": 0.000510802259669, "dmean": 0.0145419826731, "max": 0.51953125, "var": 0.00289965723641, "mean": 0.0586307384074}, "silence_rate_60dB": {"dmean2": 0.0510970242321, "median": 0, "min": 0, "dvar2": 0.0568814203143, "dvar": 0.0248963553458, "dmean": 0.0255460217595, "max": 1, "var": 0.0505788587034, "mean": 0.0534269288182}, "erbbands_kurtosis": {"dmean2": 2.04481577873, "median": 0.0242321491241, "min": -1.91003274918, "dvar2": 15.5156936646, "dvar": 5.89894294739, "dmean": 1.29105341434, "max": 83.894493103, "var": 8.06082630157, "mean": 0.868427693844}, "erbbands": {"dmean2": [0.535918712616, 2.95498347282, 5.26069355011, 6.58801269531, 11.4331636429, 18.8437385559, 20.7714195251, 19.7990531921, 16.0071163177, 27.8147449493, 45.8610305786, 61.5393180847, 48.0709953308, 40.3937454224, 33.2648773193, 25.8011665344, 21.0841579437, 26.0065860748, 19.2257347107, 25.7175273895, 19.7040309906, 18.3209724426, 12.3312168121, 18.0813560486, 9.48311710358, 10.3228654861, 8.0150308609, 4.15137243271, 3.38228988647, 3.03598761559, 3.08698320389, 3.38452649117, 3.01167535782, 2.5498073101, 1.37489426136, 0.533200562, 0.151340916753, 0.028555765748, 0.00294405501336, 0.000219984765863], "median": [0.28949406743, 1.46165454388, 0.775547623634, 1.18557727337, 3.10623955727, 6.0124797821, 10.5639009476, 8.17567253113, 8.31178569794, 10.3877487183, 17.3951931, 23.6122055054, 15.4439744949, 11.4307413101, 10.2371921539, 11.5713920593, 7.80979633331, 9.12422275543, 8.442527771, 13.3307256699, 8.11677360535, 7.19018125534, 7.41314077377, 11.0485067368, 7.83239459991, 7.49493932724, 6.11578464508, 2.910987854, 1.70124638081, 1.43651533127, 1.567045331, 1.52247095108, 1.12689578533, 0.864003658295, 0.353256225586, 0.10236030817, 0.0318754315376, 0.00408344948664, 0.000174886416062, 7.02806719346e-05], "min": [1.13738848839e-22, 9.13312813319e-22, 5.20673723723e-21, 8.76286464267e-21, 1.05239297434e-20, 6.35697477282e-20, 7.92381318053e-20, 1.43075608171e-19, 1.8072263995e-19, 2.80168503315e-19, 3.00310971616e-19, 5.31986063219e-19, 5.30105519795e-19, 1.49657745384e-18, 1.30539440419e-18, 2.53646725072e-18, 1.60063832586e-18, 2.06448771257e-18, 3.14397557595e-18, 3.53748627965e-18, 5.72909841748e-18, 4.32797357382e-18, 5.13411236595e-18, 7.71749419909e-18, 6.47404693738e-18, 1.0466258388e-17, 1.12431364931e-17, 1.49578242987e-17, 1.27927998137e-17, 1.25849144366e-17, 1.20225747223e-17, 1.24494553394e-17, 1.11358586123e-17, 9.76560663066e-18, 6.43280743435e-18, 4.84852453715e-18, 2.69598013966e-18, 9.42406975279e-19, 2.71147374952e-19, 2.95019878516e-20], "dvar2": [0.701549470425, 29.8071613312, 168.719268799, 270.983581543, 639.263183594, 1205.4744873, 1056.21887207, 1542.64086914, 819.089904785, 2490.60107422, 6222.01855469, 11923.1357422, 9108.47558594, 8392.203125, 6123.84619141, 2552.27758789, 4746.60595703, 2881.73168945, 1630.87329102, 2131.30419922, 2505.61816406, 5176.37841797, 771.932922363, 1093.55603027, 242.151565552, 355.803100586, 159.142913818, 46.0741691589, 64.4308929443, 37.4677505493, 37.5538024902, 62.7880744934, 55.3911399841, 45.8552436829, 13.6361484528, 2.27316641808, 0.168545290828, 0.00566708203405, 4.77020112157e-05, 3.66454116829e-07], "dvar": [0.406492084265, 13.1736898422, 63.5942687988, 96.8227844238, 230.177383423, 463.190338135, 441.812255859, 724.495788574, 361.418304443, 1118.70153809, 2854.02050781, 5196.12011719, 4388.30517578, 3750.19726562, 2665.16113281, 1110.93164062, 2086.328125, 1201.77441406, 674.992797852, 865.510742188, 1054.31567383, 2028.36950684, 339.947021484, 496.62322998, 106.314598083, 150.917739868, 70.3894042969, 21.0391349792, 27.875005722, 17.0716342926, 17.0886955261, 28.154291153, 27.3090572357, 23.6728553772, 6.88617420197, 1.01213026047, 0.0786943510175, 0.00266153435223, 2.23491715587e-05, 1.59384754284e-07], "dmean": [0.40806671977, 2.00303530693, 3.14752626419, 3.82082772255, 6.70747852325, 11.5459470749, 13.2296123505, 12.7453069687, 10.0870714188, 17.6723423004, 30.8480606079, 40.8239707947, 32.5829467773, 26.8148269653, 21.8605117798, 16.6954116821, 13.5445671082, 16.4185276031, 12.3044672012, 16.275554657, 12.7197980881, 11.8151855469, 8.03443527222, 11.7588253021, 6.32995223999, 6.70215511322, 5.37619781494, 2.87281322479, 2.33586215973, 2.12178707123, 2.10196256638, 2.26755595207, 2.04107141495, 1.74684822559, 0.933155834675, 0.356981635094, 0.102409638464, 0.0192840676755, 0.00199956470169, 0.000144061734318], "max": [9.17659759521, 44.2591896057, 140.936218262, 96.0246734619, 341.838775635, 328.14050293, 391.832672119, 468.997467041, 436.324859619, 691.066467285, 770.646179199, 1096.04431152, 1341.61242676, 1144.27832031, 1147.76611328, 642.528503418, 2008.74963379, 581.586914062, 706.338256836, 845.34777832, 771.087768555, 1685.71057129, 537.805358887, 562.299621582, 216.334457397, 447.681762695, 105.851409912, 101.41280365, 177.875839233, 90.37525177, 133.493377686, 124.907112122, 111.915084839, 100.295135498, 63.9514732361, 18.6201248169, 2.83040380478, 0.758919715881, 0.131649270654, 0.0102739902213], "var": [1.67187535763, 24.939250946, 57.2185325623, 73.4405288696, 192.222564697, 670.956237793, 1046.31262207, 2014.25695801, 606.529663086, 2025.03796387, 6612.79882812, 10063.9091797, 9499.046875, 9543.12890625, 5370.95361328, 2180.3840332, 3217.05712891, 2096.11401367, 1111.28186035, 1497.92456055, 1722.87255859, 4834.01269531, 950.711425781, 1196.89074707, 340.818328857, 400.510437012, 156.231384277, 43.0176277161, 37.7914199829, 27.1911964417, 26.6479988098, 40.1584892273, 46.1856460571, 43.37134552, 10.5252504349, 1.27170968056, 0.100708343089, 0.00358355580829, 3.96001742047e-05, 2.52343596685e-07], "mean": [1.07219862938, 3.47249817848, 3.52818131447, 3.94425082207, 7.3910150528, 15.653588295, 22.3845996857, 22.6131649017, 15.7875003815, 26.1039619446, 49.9722862244, 63.3178024292, 51.4685516357, 42.8561859131, 33.9467201233, 26.3790283203, 19.9137783051, 24.6758327484, 19.5615634918, 26.450510025, 19.6189098358, 19.3770332336, 15.1340932846, 22.3500347137, 13.6997032166, 13.7632255554, 10.27302742, 5.15949773788, 3.84849071503, 3.39322686195, 3.24827408791, 3.3653857708, 3.04036355019, 2.63582158089, 1.26332223415, 0.447034180164, 0.125074073672, 0.022661536932, 0.00225332914852, 0.000192837251234]}, "spectral_strongpeak": {"dmean2": 0.734463095665, "median": 0.568631947041, "min": 0, "dvar2": 1.48157310486, "dvar": 0.594817280769, "dmean": 0.445903241634, "max": 10.1879758835, "var": 1.09629309177, "mean": 0.909747540951}, "spectral_energy": {"dmean2": 0.018078321591, "median": 0.0436752364039, "min": 1.02857348465e-20, "dvar2": 0.000416859780671, "dvar": 0.000218577930355, "dmean": 0.0132718970999, "max": 0.226609006524, "var": 0.00118538725656, "mean": 0.0489737614989}, "average_loudness": 0.949406445026, "spectral_rolloff": {"dmean2": 968.150390625, "median": 732.12890625, "min": 43.06640625, "dvar2": 4197660.5, "dvar": 2052178.625, "dmean": 582.761962891, "max": 19422.9492188, "var": 4354479, "mean": 1316.74475098}, "spectral_centroid": {"dmean2": 453.469177246, "median": 1223.99475098, "min": 138.440597534, "dvar2": 343234.5, "dvar": 176912.1875, "dmean": 306.228393555, "max": 11573.6933594, "var": 616364.75, "mean": 1327.05371094}, "pitch_salience": {"dmean2": 0.131727203727, "median": 0.496753543615, "min": 0.0268638301641, "dvar2": 0.0159059986472, "dvar": 0.00711591076106, "dmean": 0.0871551334858, "max": 0.950046360493, "var": 0.0283428244293, "mean": 0.480147451162}, "spectral_energyband_middle_high": {"dmean2": 0.00297266431153, "median": 0.00310024456121, "min": 1.21068111333e-21, "dvar2": 1.84572236321e-05, "dvar": 9.04197531781e-06, "dmean": 0.00207233428955, "max": 0.0604807697237, "var": 3.91493704228e-05, "mean": 0.00542166037485}, "spectral_contrast_coeffs": {"dmean2": [0.0946796163917, 0.0860403329134, 0.0727984532714, 0.0563334263861, 0.0388156808913, 0.0290247108787], "median": [-0.658244490623, -0.71924495697, -0.759258687496, -0.783284664154, -0.799666881561, -0.796278715134], "min": [-0.977437078953, -0.97200512886, -0.972601354122, -0.97134411335, -0.962794423103, -0.963617563248], "dvar2": [0.00663727335632, 0.00478236796334, 0.00339555344544, 0.00217582378536, 0.00108659418765, 0.000572371121962], "dvar": [0.00272037903778, 0.0020917521324, 0.00148775568232, 0.000912959512789, 0.000488526420668, 0.000259358464973], "dmean": [0.0597467832267, 0.0551957041025, 0.047086942941, 0.0353482924402, 0.0251537840813, 0.018801541999], "max": [-0.208414807916, -0.287415236235, -0.422414720058, -0.547818362713, -0.559967577457, -0.634233832359], "var": [0.0127057107165, 0.00833555683494, 0.00720605952665, 0.00387303903699, 0.00255500385538, 0.00115843233652], "mean": [-0.641257286072, -0.712690770626, -0.747587621212, -0.779351115227, -0.794058442116, -0.798124670982]}, "melbands_skewness": {"dmean2": 1.53419589996, "median": 2.87763285637, "min": -4.34137010574, "dvar2": 4.24910545349, "dvar": 2.15789580345, "dmean": 1.06936383247, "max": 36.2786712646, "var": 7.69406938553, "mean": 3.50272250175}, "spectral_spread": {"dmean2": 1154141.75, "median": 5039957.5, "min": 1323164.375, "dvar2": 2557847273470.0, "dvar": 1480862728190.0, "dmean": 827359.75, "max": 41869616, "var": 6562411184130.0, "mean": 5595521.5}, "dissonance": {"dmean2": 0.0362919606268, "median": 0.464096307755, "min": 0.24874638021, "dvar2": 0.00118338060565, "dvar": 0.000452775188023, "dmean": 0.0220232978463, "max": 0.500000059605, "var": 0.00112837890629, "mean": 0.455865800381}, "spectral_skewness": {"dmean2": 0.313459217548, "median": 1.5648868084, "min": -0.66476392746, "dvar2": 0.116180948913, "dvar": 0.06012115255, "dmean": 0.213618353009, "max": 4.93767499924, "var": 0.242811828852, "mean": 1.59813630581}, "spectral_flux": {"dmean2": 0.0504840835929, "median": 0.0950021147728, "min": 6.35000801941e-11, "dvar2": 0.00225915340707, "dvar": 0.0013021894265, "dmean": 0.034809447825, "max": 0.40664434433, "var": 0.00376888969913, "mean": 0.105869144201}, "spectral_contrast_valleys": {"dmean2": [0.773530185223, 0.679266393185, 0.590781152248, 0.53277695179, 0.426989108324, 0.460113406181], "median": [-6.89919900894, -6.45986366272, -7.17967367172, -7.55662679672, -7.3050236702, -9.55693435669], "min": [-28.3125743866, -27.8444194794, -27.8554000854, -27.4513969421, -27.509103775, -27.3633804321], "dvar2": [0.538810908794, 0.40513625741, 0.32502964139, 0.307393819094, 0.206971749663, 0.272282272577], "dvar": [0.296880453825, 0.182265132666, 0.14875087142, 0.142013311386, 0.110865838826, 0.15708963573], "dmean": [0.517053544521, 0.440400660038, 0.379885107279, 0.351894259453, 0.307598084211, 0.351170361042], "max": [-4.95869922638, -4.62532711029, -5.17025470734, -5.78931617737, -5.73113870621, -7.65945339203], "var": [3.38905930519, 1.86465573311, 1.71131873131, 1.67037522793, 1.75298047066, 1.76372098923], "mean": [-7.45921993256, -6.68790388107, -7.3483080864, -7.76030015945, -7.56618404388, -9.76556682587]}, "erbbands_flatness_db": {"dmean2": 0.0301021579653, "median": 0.137306779623, "min": 0.0410330854356, "dvar2": 0.000798822904471, "dvar": 0.000404863152653, "dmean": 0.0211531426758, "max": 0.375253677368, "var": 0.00257226661779, "mean": 0.143328383565}, "spectral_energyband_high": {"dmean2": 0.000753716216423, "median": 0.000614371267147, "min": 7.27495251321e-21, "dvar2": 1.51687834204e-06, "dvar": 7.95263758846e-07, "dmean": 0.000534039922059, "max": 0.0119679477066, "var": 1.72992099579e-06, "mean": 0.00104438955896}, "spectral_entropy": {"dmean2": 0.296139627695, "median": 7.67286586761, "min": 4.64858341217, "dvar2": 0.102079324424, "dvar": 0.0513268709183, "dmean": 0.209304481745, "max": 9.81110668182, "var": 0.239232391119, "mean": 7.63983058929}, "silence_rate_20dB": {"dmean2": 0, "median": 1, "min": 1, "dvar2": 0, "dvar": 0, "dmean": 0, "max": 1, "var": 0, "mean": 1}, "melbands_flatness_db": {"dmean2": 0.043484210968, "median": 0.210357680917, "min": 0.00401828670874, "dvar2": 0.00185165868606, "dvar": 0.00104021211155, "dmean": 0.0316643752158, "max": 0.654929935932, "var": 0.00711400667205, "mean": 0.225902438164}, "barkbands": {"dmean2": [0.000843719171826, 0.0139343459159, 0.00464053964242, 0.00257863732986, 0.00470015313476, 0.0025712295901, 0.00146479811519, 0.00151633529458, 0.00340505153872, 0.000986238243058, 0.00125125527848, 0.000776400032919, 0.000472674844787, 0.000499600486364, 0.00053144490812, 0.000342037295923, 0.00030744241667, 0.000287244300125, 0.000291778269457, 0.000212224433199, 0.000147237384226, 9.24049527384e-05, 0.000105614511995, 0.000169762948644, 0.000203811287065, 9.34645504458e-05, 2.0433064492e-05], "median": [0.000419569900259, 0.00852243509144, 0.000337985693477, 0.000329386239173, 0.00173121166881, 0.00123011751566, 0.000611283816397, 0.000502932874952, 0.00127995293587, 0.000231989004533, 0.00024920082069, 0.00028421508614, 0.000118783471407, 0.000162908021593, 0.000238525259192, 0.000130280212034, 0.000106096347736, 0.000143846351421, 0.000190151535207, 0.000155598652782, 0.000106914332719, 4.56181260233e-05, 5.43039132026e-05, 7.0161302574e-05, 6.71626767144e-05, 1.85438384506e-05, 9.29321686272e-07], "min": [1.3543373069e-24, 3.29818977662e-24, 2.61841709332e-24, 3.03682181771e-24, 1.540630044e-23, 2.3446410229e-23, 1.04788575003e-23, 7.89712165024e-24, 2.79415668589e-23, 2.59717685568e-23, 2.64090641333e-23, 5.71086764657e-23, 2.36851100726e-23, 4.3305002175e-23, 5.61527474425e-23, 8.18546119738e-23, 7.39517844926e-23, 1.19881285878e-22, 1.05888963391e-22, 2.42948408611e-22, 3.11672405574e-22, 3.85524402317e-22, 4.26623752557e-22, 6.92956118856e-22, 8.71383480433e-22, 1.38193213783e-21, 2.03449373158e-21], "dvar2": [2.56216412708e-06, 0.000534116756171, 0.000155083762365, 3.72445720132e-05, 7.39412935218e-05, 1.84284272109e-05, 6.34214620732e-06, 6.75134560879e-06, 3.05512003251e-05, 5.5975988289e-06, 8.59150259203e-06, 2.5678300517e-06, 2.65689436674e-06, 1.05798153527e-06, 1.0332897773e-06, 6.47076831228e-07, 1.30145110688e-06, 3.31110442175e-07, 2.61787278077e-07, 1.20956173078e-07, 5.52589476399e-08, 4.29718873818e-08, 4.48795063335e-08, 1.61469046134e-07, 2.69566726274e-07, 6.02474443667e-08, 2.28864704965e-09], "dvar": [1.63019205957e-06, 0.000253050675383, 5.57868261239e-05, 1.31538645292e-05, 2.75733727904e-05, 8.31221495901e-06, 2.78159791378e-06, 3.25958035319e-06, 1.42640492413e-05, 2.43268027589e-06, 3.67748020835e-06, 1.20988727303e-06, 1.12400778107e-06, 4.37382169594e-07, 4.19583841449e-07, 2.70255668511e-07, 5.17345654316e-07, 1.41215409144e-07, 1.16416117635e-07, 5.22718863749e-08, 2.42718360965e-08, 1.89547453289e-08, 2.03907823959e-08, 7.79654953931e-08, 1.44098450505e-07, 2.75015015205e-08, 1.07220032852e-09], "dmean": [0.00078049156582, 0.00994870997965, 0.00264305295423, 0.00146128365304, 0.00286949728616, 0.0016705513699, 0.000923