{"tonal": {"thpcp": [1, 0.793960869312, 0.518336772919, 0.508312165737, 0.567483365536, 0.571949541569, 0.504953503609, 0.434922546148, 0.403787910938, 0.402424424887, 0.452682584524, 0.514417409897, 0.489439159632, 0.456066250801, 0.494911313057, 0.524152100086, 0.618314385414, 0.796919882298, 0.748829007149, 0.578224956989, 0.539029300213, 0.507881700993, 0.476744294167, 0.486102670431, 0.479315519333, 0.491619646549, 0.508402228355, 0.451218932867, 0.39612865448, 0.435149729252, 0.488927543163, 0.489443540573, 0.429706096649, 0.382954061031, 0.436661452055, 0.727932333946], "hpcp": {"dmean2": [0.341096371412, 0.362917035818, 0.450893908739, 0.582341432571, 0.565491080284, 0.400828480721, 0.356380909681, 0.390545815229, 0.396959722042, 0.332394629717, 0.297903835773, 0.26224604249, 0.240536347032, 0.236341923475, 0.2544234097, 0.255779474974, 0.258462816477, 0.276825129986, 0.32633036375, 0.441220372915, 0.443305313587, 0.456517994404, 0.402257651091, 0.322795152664, 0.287715226412, 0.298210859299, 0.313310623169, 0.335864901543, 0.405038177967, 0.407554209232, 0.317435473204, 0.256522208452, 0.286354094744, 0.348792254925, 0.36797657609, 0.339933156967], "median": [0.0902796834707, 0.0989408195019, 0.219052106142, 0.325771272182, 0.256440997124, 0.143481209874, 0.146275833249, 0.168977692723, 0.177920997143, 0.160609051585, 0.139279723167, 0.127223566175, 0.133376121521, 0.150280371308, 0.160724684596, 0.15760627389, 0.145864203572, 0.156117349863, 0.165005117655, 0.193924963474, 0.267398655415, 0.253746718168, 0.178630635142, 0.169156461954, 0.16338416934, 0.152398243546, 0.14346010983, 0.143067851663, 0.142020463943, 0.133701816201, 0.122388243675, 0.115994110703, 0.13242097199, 0.140892371535, 0.12439095974, 0.106469251215], "min": [0, 0, 0, 0, 0, 0, 0, 0, 0, 0, 0, 0, 0, 0, 0, 0, 0, 0, 0, 0, 0, 0, 0, 0, 0, 0, 0, 0, 0, 0, 0, 0, 0, 0, 0, 0], "dvar2": [0.159186512232, 0.165918394923, 0.163268849254, 0.232584416866, 0.220574900508, 0.144109860063, 0.134316042066, 0.136778205633, 0.133738487959, 0.105715885758, 0.0971837192774, 0.0850592851639, 0.073041446507, 0.0624221712351, 0.0801002755761, 0.0800342559814, 0.0844641104341, 0.0851610004902, 0.102448701859, 0.166644200683, 0.144742175937, 0.154340147972, 0.145815461874, 0.107668168843, 0.0848337188363, 0.0872795879841, 0.104724906385, 0.13484659791, 0.180983945727, 0.166389256716, 0.120020695031, 0.0838575586677, 0.0983666330576, 0.125293016434, 0.148096904159, 0.134006530046], "dvar": [0.0571192242205, 0.0611461885273, 0.0601196177304, 0.0934240967035, 0.0769678205252, 0.0525304935873, 0.0491222515702, 0.0515082664788, 0.0488733425736, 0.0376098565757, 0.0338814072311, 0.030205829069, 0.0264746211469, 0.0225482676178, 0.0275582969189, 0.0280376840383, 0.0299306865782, 0.0308941602707, 0.0367323532701, 0.0563058555126, 0.053833886981, 0.0541872568429, 0.0507481694221, 0.0387231595814, 0.0315416380763, 0.0309913083911, 0.0367213562131, 0.0457797572017, 0.0588263683021, 0.0574088320136, 0.0420560836792, 0.0303812995553, 0.0351347066462, 0.0449275448918, 0.0536168441176, 0.0486764162779], "dmean": [0.184497192502, 0.201856762171, 0.259802758694, 0.323214650154, 0.31729888916, 0.22209058702, 0.20003682375, 0.220307931304, 0.222291976213, 0.18664650619, 0.164916858077, 0.144878342748, 0.134401336312, 0.134558945894, 0.146226912737, 0.145180255175, 0.146343231201, 0.159211814404, 0.183074593544, 0.243926286697, 0.251974731684, 0.255561590195, 0.22178837657, 0.183536544442, 0.164612829685, 0.16745172441, 0.176503330469, 0.186815410852, 0.219773828983, 0.222651153803, 0.17806789279, 0.144253268838, 0.159429579973, 0.195113867521, 0.206014543772, 0.187875345349], "max": [1, 1, 1, 1, 1, 1, 1, 1, 1, 1, 1, 1, 1, 1, 1, 1, 1, 1, 1, 1, 1, 1, 1, 1, 1, 1, 1, 1, 1, 1, 1, 1, 1, 1, 1, 1], "var": [0.0449696145952, 0.0556527115405, 0.0871931388974, 0.141238793731, 0.0944038778543, 0.0539394877851, 0.0518663190305, 0.0595998056233, 0.0570695735514, 0.0434912256896, 0.033612139523, 0.0301929842681, 0.0291618295014, 0.0311023443937, 0.0464887693524, 0.0414839200675, 0.0362195894122, 0.0409329906106, 0.0472036600113, 0.0637358129025, 0.0865714624524, 0.0738138630986, 0.056491766125, 0.0487591661513, 0.0420092530549, 0.0392103567719, 0.0448685176671, 0.0444381684065, 0.0520832613111, 0.058225415647, 0.0477112494409, 0.0335369072855, 0.0373672917485, 0.0469213724136, 0.0550580024719, 0.0467585548759], "mean": [0.173031896353, 0.197298765182, 0.328905016184, 0.451834619045, 0.35873901844, 0.234202504158, 0.229673042893, 0.256408631802, 0.258426606655, 0.228155478835, 0.196513056755, 0.18244536221, 0.181829288602, 0.204537659883, 0.232431590557, 0.221145555377, 0.206066519022, 0.22361806035, 0.236830055714, 0.279375851154, 0.360075980425, 0.338346868753, 0.261262059212, 0.243552088737, 0.229478538036, 0.215409576893, 0.2196380198, 0.216571345925, 0.222130775452, 0.229713723063, 0.203876331449, 0.178984642029, 0.196615710855, 0.220914393663, 0.221147537231, 0.194156095386]}, "tuning_equal_tempered_deviation": 0.199851229787, "chords_changes_rate": 0.0808416381478, "key_key": "D#", "tuning_diatonic_strength": 0.428064912558, "key_scale": "minor", "chords_number_rate": 0.0051679587923, "tuning_frequency": 446.142181396, "tuning_nontempered_energy_ratio": 0.8615680933, "chords_histogram": [26.8364715576, 3.21151709557, 3.80214095116, 0, 0, 0, 0.0369139909744, 1.03359174728, 5.35252857208, 30.0479888916, 0.147655963898, 0, 0.0369139909744, 2.21483945847, 4.90956068039, 0.147655963898, 0, 0.184569954872, 1.55038762093, 7.78885173798, 2.99003314972, 1.439645648, 2.80546331406, 5.46327066422], "key_strength": 0.532942891121, "chords_key": "A#", "chords_strength": {"dmean2": 0.017004115507, "median": 0.450260102749, "min": 0.188892453909, "dvar2": 0.000193184867385, "dvar": 0.000113679096103, "dmean": 0.0131294466555, "max": 0.700437128544, "var": 0.00752774393186, "mean": 0.453477323055}, "chords_scale": "major", "hpcp_entropy": {"dmean2": 1.0885784626, "median": 3.38425159454, "min": 0, "dvar2": 0.751359820366, "dvar": 0.260743826628, "dmean": 0.630985796452, "max": 4.69706964493, "var": 0.647340774536, "mean": 3.23764252663}}, "metadata": {"audio_properties": {"equal_loudness": 0, "codec": "mp3", "downmix": "mix", "sample_rate": 44100, "analysis_sample_rate": 44100, "bit_rate": 128026, "md5_encoded": "af93a4d0d6c277e65d76baf2956f97e5", "length": 125.727348328, "replay_gain": -12.6926288605, "lossless": false}, "version": {"essentia_build_sha": "2d9f1f26377add8aeb1075a9c2973f962c4f09fd", "essentia": "2.1-beta2", "extractor": "music 1.0", "essentia_git_sha": "v2.1_beta2-1-ge3940c0"}, "tags": {"title": ["Untitled Nervosa"], "media": ["Digital Media"], "albumartist": ["Various Artists"], "musicbrainz_recordingid": ["16c72856-1ded-4406-95b8-da2098e5d69f"], "originalyear": ["2010"], "discnumber": ["1/1"], "album": ["Tunnel to the Underground Vol.1"], "catalognumber": ["Dead0382/KOF081/[none]/TFR129/Wild 074"], "musicbrainz album release country": ["XW"], "musicbrainz album type": ["album/compilation"], "musicbrainz album status": ["official"], "file_name": "33 Mental D-struction - Untitled Nervosa.mp3", "musicbrainz_albumartistid": ["89ad4ac3-39f7-470e-963a-56509c546377"], "date": ["2010"], "genre": ["Grindcore/Experimental/Industrial"], "musicbrainz_releasegroupid": ["4936b2b2-c83b-410b-8c71-94a3cf57ea9c"], "script": ["Latn"], "originaldate": ["2010"], "musicbrainz_albumid": ["98054de2-5ded-46eb-ae68-3fec36acc468"], "tracknumber": ["33/43"], "encodedby": ["Free Mp3 Wma Converter"], "artistsort": ["D-struction, Mental"], "artist": ["Mental D-struction"], "label": ["Deadknife Records/Kitty on Fire Records/Goat Given Records/Torn Flesh Records/Wildness Net Label"], "albumartistsort": ["Various Artists"], "musicbrainz_artistid": ["dec438e6-8d73-414f-8b37-bfc757bea798"]}}, "rhythm": {"bpm_histogram_first_peak_bpm": {"dmean2": 0, "median": 126, "min": 126, "dvar2": 0, "dvar": 0, "dmean": 0, "max": 126, "var": 0, "mean": 126}, "bpm": 126.430717468, "bpm_histogram_second_peak_spread": {"dmean2": 0, "median": 0.5625, "min": 0.5625, "dvar2": 0, "dvar": 0, "dmean": 0, "max": 0.5625, "var": 0, "mean": 0.5625}, "bpm_histogram_first_peak_weight": {"dmean2": 0, "median": 0.371900826693, "min": 0.371900826693, "dvar2": 0, "dvar": 0, "dmean": 0, "max": 0.371900826693, "var": 0, "mean": 0.371900826693}, "onset_rate": 1.49505758286, "beats_position": [0.522448956966, 0.99845802784, 1.48607707024, 1.9620860815, 2.43809509277, 2.90249419212, 3.36689329147, 3.84290242195, 4.31891155243, 4.79492044449, 5.27092981339, 5.74693870544, 6.2229475975, 6.68734693527, 7.16335582733, 7.63936471939, 8.10376358032, 8.57977294922, 9.05578231812, 9.53179073334, 10.0078001022, 10.47219944, 10.9482088089, 11.4242172241, 11.900226593, 12.3646259308, 12.840634346, 13.3166437149, 13.7462129593, 14.1873922348, 14.6169614792, 15.0465307236, 15.4877090454, 15.9288883209, 16.3584575653, 16.7880268097, 17.2292060852, 17.6587753296, 18.1696147919, 18.6804523468, 19.1912918091, 19.7137413025, 20.2361907959, 20.758638382, 21.3855781555, 22.0125160217, 22.6394557953, 23.2663936615, 23.8933334351, 24.5318813324, 25.1704311371, 25.7973690033, 26.435918808, 27.0744667053, 27.7246246338, 28.3747844696, 29.0249423981, 29.6634922028, 30.3020401001, 30.9405899048, 31.4978675842, 32.0551452637, 32.6124267578, 33.111656189, 33.6108856201, 34.1101112366, 34.5977325439, 35.0853500366, 35.572971344, 36.0605888367, 36.5365982056, 37.0126075745, 37.4770050049, 37.9297943115, 38.3825836182, 38.823764801, 39.2881622314, 39.7525634766, 40.2053489685, 40.6697502136, 41.1225395203, 41.5869369507, 42.0745582581, 42.5389556885, 43.0033569336, 43.4793624878, 43.9553718567, 44.4313812256, 44.9073905945, 45.3833999634, 45.8594093323, 46.3354187012, 46.8114280701, 47.2990455627, 47.7866668701, 48.2742843628, 48.7735137939, 49.2727432251, 49.7719726563, 50.2595901489, 50.7355995178, 51.2116088867, 51.6876182556, 52.152015686, 52.6280250549, 53.1040344238, 53.5800437927, 54.0560531616, 54.5320625305, 55.0080718994, 55.4724693298, 55.9484786987, 56.4244880676, 56.9004974365, 57.3765068054, 57.8525161743, 58.3285255432, 58.7929229736, 59.2573242188, 59.7333335876, 60.2093429565, 60.6853485107, 61.1613578796, 61.6373672485, 62.1133766174, 62.5777778625, 63.0537872314, 63.5297966003, 63.9941940308, 64.470199585, 64.9462127686, 65.4106140137, 65.8866195679, 66.3626327515, 66.8386383057, 67.3146438599, 67.7906570435, 68.2666625977, 68.7426757813, 69.2186813354, 69.6830825806, 70.1590881348, 70.6351013184, 71.1111068726, 71.5871200562, 72.0631256104, 72.5391387939, 73.0151443481, 73.4911575317, 73.9555511475, 74.4199523926, 74.8959655762, 75.3719711304, 75.9060287476, 76.4400863647, 76.9741516113, 77.5082092285, 78.0306549072, 78.5647125244, 79.0871658325, 79.6096115112, 80.1320648193, 80.5964584351, 81.0608596802, 81.5252609253, 81.9896621704, 82.4656677246, 82.9416732788, 83.4176864624, 83.8936920166, 84.3697052002, 84.8457107544, 85.3101119995, 85.7861175537, 86.2621307373, 86.74974823, 87.2257614136, 87.7017669678, 88.177772522, 88.6537857056, 89.1181869507, 89.5825805664, 90.05859375, 90.5345993042, 90.9990005493, 91.486618042, 91.9626312256, 92.4386367798, 92.9030380249, 93.3790435791, 94.0175933838, 94.64453125, 95.2714691162, 95.8984146118, 96.525352478, 97.1638946533, 97.802444458, 98.4293823242, 99.0563278198, 99.683265686, 100.321815491, 100.960357666, 101.587303162, 102.214241028, 102.852790833, 103.479728699, 104.118278503, 104.74521637, 105.372154236, 105.999092102, 106.626029968, 107.264579773, 107.903129578, 108.530067444, 109.180221558, 109.830383301, 110.480545044, 111.130699158, 111.780860901, 112.442626953, 113.011520386, 113.56879425, 114.126075745, 114.683357239, 115.240631104, 115.797912598, 116.355194092, 116.912467957, 117.551017761, 118.189567566, 118.828117371, 119.420227051, 120.012336731, 120.499954224, 120.999183655, 121.498413086, 121.997642517, 122.48526001, 122.972877502, 123.460494995, 123.959724426, 124.470565796, 124.981407166], "beats_loudness": {"dmean2": 0.0149455750361, "median": 0.02620110102, "min": 5.11798639025e-08, "dvar2": 0.000147249476868, "dvar": 5.98505866947e-05, "dmean": 0.00924899615347, "max": 0.0579848401248, "var": 0.000160770054208, "mean": 0.0270552728325}, "danceability": 0.926968216896, "bpm_histogram_second_peak_weight": {"dmean2": 0, "median": 0.0867768600583, "min": 0.0867768600583, "dvar2": 0, "dvar": 0, "dmean": 0, "max": 0.0867768600583, "var": 0, "mean": 0.0867768600583}, "beats_count": 243, "bpm_histogram_second_peak_bpm": {"dmean2": 0, "median": 96, "min": 96, "dvar2": 0, "dvar": 0, "dmean": 0, "max": 96, "var": 0, "mean": 96}, "bpm_histogram_first_peak_spread": {"dmean2": 0, "median": 0.347826093435, "min": 0.347826093435, "dvar2": 0, "dvar": 0, "dmean": 0, "max": 0.347826093435, "var": 0, "mean": 0.347826093435}, "beats_loudness_band_ratio": {"dmean2": [0.347045332193, 0.23606723547, 0.0236834064126, 0.13418841362, 0.100173510611, 0.186210125685], "median": [0.260108977556, 0.198642283678, 0.0168593134731, 0.130836561322, 0.114752285182, 0.203339844942], "min": [0.00102434051223, 0.000520655536093, 0.00105597800575, 0.0300602763891, 0.00590725010261, 0.0137362629175], "dvar2": [0.0778365582228, 0.0396852716804, 0.000875593104865, 0.0135870845988, 0.0162300188094, 0.0389445833862], "dvar": [0.0262262299657, 0.0153209092095, 0.000314121018164, 0.00530228577554, 0.00554491020739, 0.0138293188065], "dmean": [0.204347521067, 0.133876249194, 0.0139581244439, 0.079302303493, 0.0577800236642, 0.111256860197], "max": [0.800506711006, 0.705907940865, 0.154624789953, 0.625659048557, 0.611986756325, 0.936951577663], "var": [0.0369782932103, 0.0196310244501, 0.000284672220005, 0.0102357650176, 0.00541169010103, 0.0156620256603], "mean": [0.280671417713, 0.219710737467, 0.0203816983849, 0.155322745442, 0.127168446779, 0.231942489743]}}, "lowlevel": {"barkbands_spread": {"dmean2": 12.4808320999, "median": 49.2237701416, "min": 3.09916877747, "dvar2": 126.551887512, "dvar": 49.2794837952, "dmean": 7.69014406204, "max": 104.320678711, "var": 169.463653564, "mean": 47.9898223877}, "melbands_spread": {"dmean2": 27.5947551727, "median": 57.6545944214, "min": 1.93985831738, "dvar2": 498.270324707, "dvar": 205.114227295, "dmean": 17.128786087, "max": 297.81942749, "var": 712.994995117, "mean": 60.1953048706}, "hfc": {"dmean2": 11.3527898788, "median": 46.1780700684, "min": 1.13863370082e-16, "dvar2": 124.692497253, "dvar": 56.9356918335, "dmean": 7.3503036499, "max": 146.242553711, "var": 644.27947998, "mean": 48.3607177734}, "barkbands_kurtosis": {"dmean2": 1.38305854797, "median": -1.051684618, "min": -1.94659423828, "dvar2": 8.61489582062, "dvar": 3.36467170715, "dmean": 0.822409629822, "max": 48.7710609436, "var": 4.25382566452, "mean": -0.510742664337}, "gfcc": {"mean": [48.1520881653, 20.7696628571, -113.459655762, 51.5593223572, -47.4717483521, 29.3460121155, -48.5368652344, -13.0638313293, -43.6299934387, 6.73337316513, -19.8979320526, 5.09406661987, -17.0210456848], "icov": [[0.000274849095149, -0.000202201597858, 0.000356132513843, -0.000669609114993, 0.000349435053067, -0.00051105156308, 0.000915762793738, -0.000843620044179, 0.00186125177424, -0.00187221530359, 0.00213077804074, -0.00169688812457, 0.000944283674471], [-0.000202201597858, 0.0023726823274, -0.000145477461047, -0.000910599832423, -0.00119976536371, 0.00149652024265, -0.000377499003662, 0.000253773934674, -0.000499810383189, 0.00111619813833, -0.00294022634625, 0.00508577981964, -0.00278165773489], [0.000356132513843, -0.000145477461047, 0.00375492731109, -0.00182426942047, -0.00110845605377, -0.000801997375675, 0.00147621857468, -0.00174366810825, 0.00341615825891, -0.00298251165077, 0.00292805605568, -0.00160220975522, 0.00112269900274], [-0.000669609114993, -0.000910599832423, -0.00182426942047, 0.00931736268103, -0.00182884396054, -0.00244451849721, -0.00204676319845, 0.00414085155353, -0.00617022393271, 0.00614504050463, -0.00342825124972, -0.000378409953555, 0.00173774978612], [0.000349435053067, -0.00119976536371, -0.00110845605377, -0.00182884396054, 0.0130666028708, -0.0033565426711, -0.00256152823567, -0.00203743879683, -0.000919215672184, 0.000213490013266, 0.00347812590189, -0.00434317393228, 0.00149785750546], [-0.00051105156308, 0.00149652024265, -0.000801997375675, -0.00244451849721, -0.0033565426711, 0.0175711736083, -0.0045840931125, -0.00141376780812, 0.000545588554814, 0.00015821029956, -0.0015961881727, 0.00295710237697, -0.00270884227939], [0.000915762793738, -0.000377499003662, 0.00147621857468, -0.00204676319845, -0.00256152823567, -0.0045840931125, 0.0144754834473, -0.00328719709069, 0.00267528137192, -0.0077514401637, 0.0074272970669, -0.00508078048006, 0.00447183242068], [-0.000843620044179, 0.000253773934674, -0.00174366810825, 0.00414085155353, -0.00203743879683, -0.00141376780812, -0.00328719709069, 0.0236849859357, -0.0155538804829, 0.00682011200115, -0.00877048261464, 0.00453327037394, -0.000140074669616], [0.00186125177424, -0.000499810383189, 0.00341615825891, -0.00617022393271, -0.000919215672184, 0.000545588554814, 0.00267528137192, -0.0155538804829, 0.0368641093373, -0.018494412303, 0.00992303714156, -0.00578752299771, 0.00226415903307], [-0.00187221530359, 0.00111619813833, -0.00298251165077, 0.00614504050463, 0.000213490013266, 0.00015821029956, -0.0077514401637, 0.00682011200115, -0.018494412303, 0.0405980423093, -0.0241904649884, 0.00627695489675, 4.34210487583e-05], [0.00213077804074, -0.00294022634625, 0.00292805605568, -0.00342825124972, 0.00347812590189, -0.0015961881727, 0.0074272970669, -0.00877048261464, 0.00992303714156, -0.0241904649884, 0.0484266020358, -0.0210412889719, 0.00265107909217], [-0.00169688812457, 0.00508577981964, -0.00160220975522, -0.000378409953555, -0.00434317393228, 0.00295710237697, -0.00508078048006, 0.00453327037394, -0.00578752299771, 0.00627695489675, -0.0210412889719, 0.0469394400716, -0.0215278659016], [0.000944283674471, -0.00278165773489, 0.00112269900274, 0.00173774978612, 0.00149785750546, -0.00270884227939, 0.00447183242068, -0.000140074669616, 0.00226415903307, 4.34210487583e-05, 0.00265107909217, -0.0215278659016, 0.0373953655362]], "cov": [[15968.8955078, 38.330280304, -169.019744873, 595.134521484, -276.087005615, 275.798156738, -469.864624023, -178.35256958, -569.032104492, 91.2109222412, -325.521942139, 189.37789917, -169.964141846], [38.330280304, 628.391662598, 26.9182071686, 78.4044952393, 42.3789787292, -23.831571579, -10.0789833069, 2.35986256599, 2.62708520889, -13.7084302902, 8.53151607513, -50.9085083008, 9.0587053299], [-169.019744873, 26.9182071686, 361.499481201, 79.8391647339, 67.9466171265, 37.4620513916, 21.2180538177, 10.9393854141, -3.86892127991, -0.858879208565, -11.6672496796, -1.26851892471, -10.4650163651], [595.134521484, 78.4044952393, 79.8391647339, 206.068862915, 53.177192688, 53.431186676, 23.3237991333, -6.42072200775, -2.81910681725, -8.00604915619, -17.8505439758, 7.1856970787, -16.6593112946], [-276.087005615, 42.3789787292, 67.9466171265, 53.177192688, 129.478210449, 38.4359893799, 57.5735054016, 22.699754715, 26.1300640106, -0.839190840721, -3.07926702499, 1.97924911976, -3.81223845482], [275.798156738, -23.831571579, 37.4620513916, 53.431186676, 38.4359893799, 90.5973892212, 36.0213546753, 10.5314149857, -0.388120472431, 5.99247837067, -8.99433231354, 6.92453813553, -6.94903469086], [-469.864624023, -10.0789833069, 21.2180538177, 23.3237991333, 57.5735054016, 36.0213546753, 129.231842041, 25.5124950409, 34.4982185364, 13.7225055695, 2.14568376541, -0.883759200573, -8.4265127182], [-178.35256958, 2.35986256599, 10.9393854141, -6.42072200775, 22.699754715, 10.5314149857, 25.5124950409, 69.6390380859, 36.8823661804, 10.2574968338, 11.20890522, -1.78932654858, -2.35695719719], [-569.032104492, 2.62708520889, -3.86892127991, -2.81910681725, 26.1300640106, -0.388120472431, 34.4982185364, 36.8823661804, 73.4168548584, 18.3978633881, 17.5036773682, -2.85875797272, 2.39630246162], [91.2109222412, -13.7084302902, -0.858879208565, -8.00604915619, -0.839190840721, 5.99247837067, 13.7225055695, 10.2574968338, 18.3978633881, 49.9841194153, 19.5097579956, 8.18545436859, -1.90278196335], [-325.521942139, 8.53151607513, -11.6672496796, -17.8505439758, -3.07926702499, -8.99433231354, 2.14568376541, 11.20890522, 17.5036773682, 19.5097579956, 47.5288734436, 12.5974884033, 12.0917234421], [189.37789917, -50.9085083008, -1.26851892471, 7.1856970787, 1.97924911976, 6.92453813553, -0.883759200573, -1.78932654858, -2.85875797272, 8.18545436859, 12.5974884033, 45.5769805908, 17.1649723053], [-169.964141846, 9.0587053299, -10.4650163651, -16.6593112946, -3.81223845482, -6.94903469086, -8.4265127182, -2.35695719719, 2.39630246162, -1.90278196335, 12.0917234421, 17.1649723053, 42.3249130249]]}, "spectral_energyband_middle_low": {"dmean2": 0.0094650471583, "median": 0.007075172849, "min": 1.8992600008e-22, "dvar2": 9.66943698586e-05, "dvar": 3.66471685993e-05, "dmean": 0.005602278281, "max": 0.0557018145919, "var": 5.2843359299e-05, "mean": 0.00891470909119}, "melbands_crest": {"dmean2": 6.89851045609, "median": 11.8919467926, "min": 1.57871055603, "dvar2": 27.6437511444, "dvar": 10.0672073364, "dmean": 4.06325912476, "max": 30.7278995514, "var": 19.2974433899, "mean": 12.3076152802}, "spectral_kurtosis": {"dmean2": 0.739011406898, "median": 1.87272596359, "min": -1.27821660042, "dvar2": 1.01829111576, "dvar": 0.378656119108, "dmean": 0.440922826529, "max": 20.9591388702, "var": 1.40909063816, "mean": 1.99918866158}, "spectral_rms": {"dmean2": 0.00112199550495, "median": 0.0048713395372, "min": 3.16285951422e-12, "dvar2": 1.03952777408e-06, "dvar": 3.98728161599e-07, "dmean": 0.000709150044713, "max": 0.00917931646109, "var": 2.14686451727e-06, "mean": 0.00473978510126}, "zerocrossingrate": {"dmean2": 0.0184479951859, "median": 0.13525390625, "min": 0.0185546875, "dvar2": 0.000259659951553, "dvar": 0.000164433775353, "dmean": 0.0144091211259, "max": 0.51416015625, "var": 0.00222901091911, "mean": 0.139860123396}, "silence_rate_60dB": {"dmean2": 0.00960472878069, "median": 0, "min": 0, "dvar2": 0.00951209291816, "dvar": 0.00477825943381, "dmean": 0.00480147730559, "max": 1, "var": 0.0362477451563, "mean": 0.0376661755145}, "erbbands_kurtosis": {"dmean2": 0.960663795471, "median": -0.00193294032943, "min": -1.63457095623, "dvar2": 4.15619897842, "dvar": 1.81450140476, "dmean": 0.583863437176, "max": 64.1680679321, "var": 2.33827280998, "mean": 0.155156627297}, "erbbands": {"dmean2": [0.0376098118722, 0.668465733528, 3.80376529694, 9.90682697296, 15.0606889725, 36.0226325989, 16.4489517212, 6.21807909012, 5.49699687958, 2.54456043243, 2.29521608353, 2.74328637123, 4.39282464981, 7.48486709595, 12.3477993011, 43.108039856, 71.0157928467, 63.3807830811, 37.0545539856, 25.9219150543, 23.3828010559, 23.7095470428, 25.6761512756, 16.0665798187, 15.9241113663, 26.0665225983, 28.0262622833, 21.0093669891, 17.7118473053, 13.9864778519, 9.45649337769, 5.88646173477, 3.69342136383, 2.07255005836, 1.16149806976, 0.468345999718, 0.150854229927, 0.0358221046627, 0.00143819511868, 3.19225910062e-05], "median": [0.0201448015869, 0.257292985916, 1.17561209202, 2.84373521805, 7.20783901215, 14.6914758682, 8.10306358337, 3.91903400421, 2.81201839447, 1.27808177471, 1.35094547272, 1.7673099041, 2.91698980331, 5.79315090179, 11.2466592789, 31.5066242218, 62.0151939392, 62.0329780579, 39.3767089844, 24.5226783752, 22.3701171875, 24.8266067505, 27.8896541595, 21.3557662964, 23.5620422363, 41.5329971313, 46.7574920654, 33.7107772827, 28.3824462891, 23.8594398499, 17.4854164124, 11.7473125458, 6.76569271088, 3.8669219017, 2.06394982338, 0.80688470602, 0.266275346279, 0.0515458285809, 0.00127072504256, 7.992052997e-05], "min": [2.96643179069e-22, 2.24443281728e-21, 6.72519971549e-21, 1.49099790089e-20, 2.00234544593e-20, 2.69965579426e-20, 3.6293444411e-20, 9.80222790678e-20, 1.09077903384e-19, 3.21454483555e-19, 3.44793798128e-19, 7.90930714678e-19, 5.36233997555e-19, 6.02039420609e-19, 1.838152899e-18, 1.59957146967e-18, 1.67339154907e-18, 2.02782272512e-18, 3.20738579414e-18, 3.92715204107e-18, 3.65617925292e-18, 6.20154882819e-18, 4.41811392671e-18, 5.29987894712e-18, 8.62140160372e-18, 9.91948042256e-18, 1.17558288271e-17, 1.04703686485e-17, 1.14199463491e-17, 1.41248434957e-17, 1.37341338324e-17, 1.20485283412e-17, 9.15768430153e-18, 8.30010397429e-18, 6.42599146611e-18, 5.04694738172e-18, 2.41907977524e-18, 9.60427518514e-19, 2.87963956805e-19, 3.05145570878e-20], "dvar2": [0.00206745113246, 0.668995320797, 22.6610431671, 164.608596802, 302.686340332, 1661.70019531, 395.056884766, 48.6273727417, 46.2025489807, 12.729970932, 8.96039676666, 12.6098194122, 29.5074520111, 90.8430404663, 210.116317749, 3034.07617188, 7362.55908203, 4840.79003906, 1669.17712402, 1152.39916992, 844.566650391, 1121.9732666, 1047.78662109, 368.801147461, 303.015686035, 739.89666748, 932.368225098, 637.266113281, 433.803985596, 289.340820313, 109.008506775, 41.2147331238, 17.2608547211, 5.68131399155, 1.6042419672, 0.257219135761, 0.033569060266, 0.00215861643665, 9.3030730568e-06, 1.83541426502e-09], "dvar": [0.00075158738764, 0.241185650229, 8.13147640228, 60.2025375366, 104.122619629, 629.06463623, 140.003952026, 16.5732822418, 16.8654785156, 4.52967500687, 3.32815957069, 4.75606298447, 10.6507787704, 33.2819404602, 74.3017120361, 1068.27807617, 2746.44091797, 1709.82385254, 601.469970703, 405.748565674, 296.538513184, 414.617401123, 388.32913208, 133.15776062, 110.457977295, 266.002593994, 354.890075684, 234.144668579, 171.41847229, 107.602966309, 41.8539237976, 16.5142784119, 6.90681648254, 2.37389731407, 0.711040794849, 0.106006726623, 0.0131424553692, 0.00084300810704, 3.06548849949e-06, 6.57582877039e-10], "dmean": [0.0223736017942, 0.38037326932, 2.14091849327, 5.46554613113, 8.43972206116, 20.5535488129, 9.38004493713, 3.54266476631, 3.25303220749, 1.45167779922, 1.30307114124, 1.63162636757, 2.5410323143, 4.38333892822, 7.10534763336, 25.0037479401, 41.5436477661, 37.068107605, 22.0193958282, 15.3342132568, 13.7327508926, 14.115193367, 15.2117681503, 9.58358192444, 9.45919132233, 15.6562137604, 16.8294124603, 12.6485700607, 10.7951202393, 8.52478981018, 5.83274126053, 3.69065022469, 2.38081598282, 1.31659579277, 0.731405138969, 0.286232024431, 0.0937147289515, 0.0220384895802, 0.000847209768835, 1.98914440261e-05], "max": [0.221965000033, 4.36680030823, 26.6055812836, 115.524093628, 88.2429199219, 201.546875, 106.057571411, 38.6155891418, 72.1473770142, 29.8743858337, 50.4634170532, 54.5593643188, 45.5050392151, 101.057746887, 103.215553284, 493.09262085, 1015.75976563, 606.473510742, 334.358825684, 278.350982666, 257.805938721, 500.173187256, 398.194091797, 169.946472168, 149.806060791, 234.161239624, 320.858673096, 247.627807617, 203.083114624, 205.957290649, 119.753425598, 73.0693817139, 44.778427124, 35.6855506897, 14.9482955933, 8.13345050812, 2.67994475365, 0.874552249908, 0.0577028952539, 0.000870929972734], "var": [0.000928368652239, 0.252677083015, 7.66116952896, 59.7211112976, 104.975280762, 765.800354004, 150.489364624, 21.7857131958, 19.608297348, 4.80550527573, 4.46226406097, 6.83932304382, 13.4102048874, 62.1451034546, 116.848251343, 1823.96606445, 4173.88867188, 3287.57617188, 1422.41711426, 1115.10681152, 802.983825684, 974.408508301, 997.794799805, 455.291534424, 328.029785156, 884.65057373, 1383.25439453, 1003.33624268, 740.047180176, 575.091796875, 238.619338989, 91.9199676514, 35.4047889709, 12.9931621552, 3.84731769562, 0.665391147137, 0.0886224135756, 0.00610173726454, 8.86351244844e-06, 4.22202939276e-09], "mean": [0.0290679652244, 0.431850016117, 2.20589089394, 5.45228767395, 10.2970905304, 24.6504135132, 11.7068500519, 5.14843511581, 4.16839885712, 1.90248191357, 1.87809181213, 2.48719167709, 3.92610287666, 7.93255376816, 13.4829931259, 43.7628479004, 76.2153015137, 74.2094345093, 48.2692871094, 35.4755592346, 31.2564506531, 33.3912010193, 36.5758628845, 26.9665317535, 26.9628162384, 46.2475013733, 52.9712600708, 41.3360900879, 35.1118545532, 29.9894695282, 20.9666461945, 13.400841713, 8.01550579071, 4.68826961517, 2.5064470768, 0.991206765175, 0.339019060135, 0.0740747749805, 0.00208717444912, 9.16446151678e-05]}, "spectral_strongpeak": {"dmean2": 0.741430342197, "median": 0.316934704781, "min": 0, "dvar2": 1.62289333344, "dvar": 0.586153626442, "dmean": 0.422371923923, "max": 14.3014535904, "var": 0.657127916813, "mean": 0.558405637741}, "spectral_energy": {"dmean2": 0.0120289102197, "median": 0.024323195219, "min": 1.02537728785e-20, "dvar2": 0.000141416778206, "dvar": 5.40378059668e-05, "dmean": 0.00747565925121, "max": 0.0863663479686, "var": 0.000168434940861, "mean": 0.0252278093249}, "average_loudness": 0.923543274403, "spectral_rolloff": {"dmean2": 1584.47436523, "median": 4521.97265625, "min": 129.19921875, "dvar2": 2434699.5, "dvar": 1024300.875, "dmean": 973.046142578, "max": 19702.8808594, "var": 4022107.5, "mean": 4467.72705078}, "spectral_centroid": {"dmean2": 620.757629395, "median": 2510.29492188, "min": 309.155548096, "dvar2": 315631.15625, "dvar": 139521.9375, "dmean": 383.15423584, "max": 11600.4296875, "var": 564321.8125, "mean": 2516.70800781}, "pitch_salience": {"dmean2": 0.114295661449, "median": 0.695392608643, "min": 0.268646985292, "dvar2": 0.00940205249935, "dvar": 0.00344352680258, "dmean": 0.0671606436372, "max": 0.992357552052, "var": 0.00557612953708, "mean": 0.681925654411}, "spectral_energyband_middle_high": {"dmean2": 0.00339285121299, "median": 0.00717487838119, "min": 1.25351416527e-21, "dvar2": 1.19660408018e-05, "dvar": 4.6318045861e-06, "dmean": 0.00204850290902, "max": 0.029200816527, "var": 2.01958901016e-05, "mean": 0.00776385283098}, "spectral_contrast_coeffs": {"dmean2": [0.120553530753, 0.0975716784596, 0.060879830271, 0.0471312701702, 0.0319763459265, 0.0261529255658], "median": [-0.608484625816, -0.772764086723, -0.821506500244, -0.806682646275, -0.805931448936, -0.74062114954], "min": [-0.97702640295, -0.99443346262, -0.977427721024, -0.969594120979, -0.970256388187, -0.966486036777], "dvar2": [0.00932650733739, 0.00544721120968, 0.00218261685222, 0.00133415323216, 0.000655023264699, 0.000462755851913], "dvar": [0.00336670735851, 0.00179798726458, 0.000774430111051, 0.000472463201731, 0.000241764239036, 0.000194370251847], "dmean": [0.0716213658452, 0.0564426034689, 0.0355739630759, 0.0276477877051, 0.0190013367683, 0.0161430221051], "max": [-0.278736442327, -0.487255424261, -0.596759438515, -0.575118660927, -0.61957013607, -0.526794373989], "var": [0.00746887223795, 0.00345849362202, 0.00192337657791, 0.0012258462375, 0.000846857437864, 0.00148267694749], "mean": [-0.606953501701, -0.771645009518, -0.81895428896, -0.805082678795, -0.804813623428, -0.741871476173]}, "melbands_skewness": {"dmean2": 1.2086507082, "median": 1.80824184418, "min": -2.68110322952, "dvar2": 1.20708656311, "dvar": 0.461131185293, "dmean": 0.73917299509, "max": 10.3039064407, "var": 1.25358378887, "mean": 1.91396212578}, "spectral_spread": {"dmean2": 612613.9375, "median": 5743732, "min": 1633390.5, "dvar2": 1907789529090.0, "dvar": 898156199936, "dmean": 382448.21875, "max": 42512128, "var": 4007568867330.0, "mean": 5888375.5}, "dissonance": {"dmean2": 0.00853533484042, "median": 0.493402153254, "min": 0.363277435303, "dvar2": 0.000106891297037, "dvar": 3.76374919142e-05, "dmean": 0.0049289423041, "max": 0.500000119209, "var": 4.24073696195e-05, "mean": 0.49219083786}, "spectral_skewness": {"dmean2": 0.165366843343, "median": 1.04964852333, "min": -0.519531428814, "dvar2": 0.0273829530925, "dvar": 0.0115883424878, "dmean": 0.101154461503, "max": 2.95543789864, "var": 0.044253859669, "mean": 1.0544719696}, "spectral_flux": {"dmean2": 0.0273197535425, "median": 0.102698549628, "min": 6.55533682892e-11, "dvar2": 0.000657677766867, "dvar": 0.000279322674032, "dmean": 0.0173453148454, "max": 0.221770569682, "var": 0.00112983363215, "mean": 0.101428359747}, "spectral_contrast_valleys": {"dmean2": [0.727552950382, 0.738504171371, 0.546602070332, 0.416741549969, 0.283346891403, 0.241186380386], "median": [-7.02484226227, -7.10471439362, -7.08272075653, -6.52312040329, -6.42166996002, -8.51514053345], "min": [-28.0427646637, -27.8499946594, -27.8192672729, -27.506652832, -27.4622840881, -27.3765163422], "dvar2": [0.360323190689, 0.382572859526, 0.238408774137, 0.17615057528, 0.129870608449, 0.125739842653], "dvar": [0.15561927855, 0.159612372518, 0.112583622336, 0.0910359695554, 0.0765845924616, 0.0756447836757], "dmean": [0.431326180696, 0.433605343103, 0.326638132334, 0.251532107592, 0.175397664309, 0.160482868552], "max": [-5.80160522461, -5.52296686172, -5.62368011475, -5.44926214218, -5.60182714462, -7.62361717224], "var": [2.67756438255, 2.22069048882, 2.15028452873, 2.24212360382, 2.23783802986, 2.15999984741], "mean": [-7.37132978439, -7.32681465149, -7.31032466888, -6.75300455093, -6.66681051254, -8.78485012054]}, "erbbands_flatness_db": {"dmean2": 0.0164593141526, "median": 0.115711301565, "min": 0.0283895749599, "dvar2": 0.000231554382481, "dvar": 0.000102194338979, "dmean": 0.0100761754438, "max": 0.353578478098, "var": 0.000693415757269, "mean": 0.120576754212}, "spectral_energyband_high": {"dmean2": 0.0012560057221, "median": 0.00430547399446, "min": 7.47760530093e-21, "dvar2": 1.5685886865e-06, "dvar": 6.97895927715e-07, "dmean": 0.000806912139524, "max": 0.0185109861195, "var": 8.00656107458e-06, "mean": 0.00468786573038}, "spectral_entropy": {"dmean2": 0.138327404857, "median": 8.25907516479, "min": 6.29668903351, "dvar2": 0.0197592414916, "dvar": 0.0081894705072, "dmean": 0.0845354348421, "max": 9.81453227997, "var": 0.0381022319198, "mean": 8.23728275299}, "silence_rate_20dB": {"dmean2": 0, "median": 1, "min": 1, "dvar2": 0, "dvar": 0, "dmean": 0, "max": 1, "var": 0, "mean": 1}, "melbands_flatness_db": {"dmean2": 0.0439492687583, "median": 0.0992886722088, "min": 0.00343061354943, "dvar2": 0.00142981740646, "dvar": 0.000533381651621, "dmean": 0.0269311573356, "max": 0.374234229326, "var": 0.00155598123092, "mean": 0.103433527052}, "barkbands": {"dmean2": [0.000231165569858, 0.00230352487415, 0.00418294966221, 0.0042148954235, 0.00728745479137, 0.000956804957241, 0.000328472728143, 0.000106120147393, 0.000112968285976, 0.00017756158195, 0.000279010564554, 0.000906157074496, 0.00167634419631, 0.00115026591811, 0.000626005930826, 0.00045865343418, 0.000435406458564, 0.000450391584309, 0.000300838670228, 0.000534132355824, 0.000618595571723, 0.000455546600278, 0.000344211701304, 0.000236923107877, 0.000157927890541, 8.44486712595e-05, 1.54359422595e-05], "median": [0.000106871273601, 0.000997346360236, 0.00102356891148, 0.00117594352923, 0.00367336836644, 0.000513355596922, 0.000156920970767, 5.51035664103e-05, 7.39614479244e-05, 0.000121109667816, 0.000195789252757, 0.000613613869064, 0.00140057958197, 0.00105387764052, 0.00055466388585, 0.000392698217183, 0.000417287665186, 0.000489954371005, 0.000385188963264, 0.000868766568601, 0.00103656516876, 0.000788737088442, 0.000635882373899, 0.000482306058984, 0.000316842226312, 0.00015766028082, 1.14071208372e-05], "min": [1.85795951943e-24, 1.89344350846e-23, 4.69281677375e-24, 6.13391891946e-24, 1.00392347842e-23, 8.73981994566e-24, 2.06530884735e-23, 1.25429373024e-23, 3.32455457304e-23, 1.56101420979e-23, 2.1980208107e-23, 2.98394841553e-23, 3.23598474159e-23, 4.9904811301e-23, 6.64206304047e-23, 7.57790324737e-23, 1.12626920994e-22, 8.33895649014e-23, 1.64175951924e-22, 2.08199338171e-22, 2.88646199461e-22, 3.40518537144e-22, 4.84316470082e-22, 6.62873280578e-22, 8.09711369848e-22, 1.3582196606e-21, 2.06504953299e-21], "dvar2": [7.4045566123e-08, 7.96127187641e-06, 2.83357494482e-05, 2.89731942757e-05, 6.46797270747e-05, 1.23957988762e-06, 1.7503946026e-07, 1.89701463427e-08, 2.05203605219e-08, 4.90768030659e-08, 1.16845633613e-07, 1.32365721583e-06, 3.68358746528e-06, 1.63021104527e-06, 5.30781676389e-07, 3.48643965253e-07, 3.71871038851e-07, 2.90531971814e-07, 1.10965380884e-07, 3.13012833431e-07, 4.68524206099e-07, 2.65090676521e-07, 1.63068094139e-07, 6.85976715431e-08, 2.94459887584e-08, 9.06701291825e-09, 7.81888276347e-10], "dvar": [2.66967870033e-08, 2.83097688225e-06, 1.01137693491e-05, 1.05036815512e-05, 2.41297984758e-05, 4.17572266542e-07, 6.36097396978e-08, 6.92606016983e-09, 7.60414486933e-09, 1.77501089382e-08, 4.19782750782e-08, 4.73723503092e-07, 1.37344397899e-06, 5.70416887058e-07, 1.91383222159e-07, 1.22961466786e-07, 1.37922157251e-07, 1.06076960549e-07, 3.94958448169e-08, 1.15161086001e-07, 1.74423320232e-07, 1.06171071934e-07, 6.1911919147e-08, 2.86324617349e-08, 1.30575266155e-08, 3.66809849162e-09, 2.70730993179e-10], "dmean": [0.000136375951115, 0.00133905629627, 0.002314069774, 0.0023385733366, 0.00417162803933, 0.000540951674338, 0.000192374398466, 6.03586522629e-05, 6.66983760311e-05, 0.000103577454865, 0.000162348384038, 0.000528537901118, 0.000986002502032, 0.000669960340019, 0.000369951827452, 0.000270220916718, 0.000260726752458, 0.00026799144689, 0.000176827903488, 0.000319949991535, 0.000372147595044, 0.000279708823655, 0.000210816957406, 0.000153715707711, 0.000100503428257, 5.20690155099e-05, 9.09353184397e-06], "max": [0.00149761443026, 0.0147136021405, 0.0286321230233, 0.0510086268187, 0.038690071553, 0.00646783597767, 0.00446083024144, 0.00170426140539, 0.00209352117963, 0.00166610442102, 0.0027840079274, 0.00955913960934, 0.0195880644023, 0.0101195601746, 0.00632765423506, 0.00562297739089, 0.0087319938466, 0.00573574611917, 0.00290556275286, 0.00505039980635, 0.00640100846067, 0.00604627747089, 0.00481195887551, 0.00297715398483, 0.00236537191086, 0.00152276665904, 0.000512714963406], "var": [3.83284017857e-08, 3.13690429721e-06, 8.62153683556e-06, 1.09665643322e-05, 2.9703045584e-05, 5.1604303053e-07, 6.86721719489e-08, 9.25815069053e-09, 1.11154383475e-08, 2.25135021736e-08, 7.55781357498e-08, 7.94352786215e-07, 2.17208480535e-06, 1.050529022e-06, 4.69583909535e-07, 3.2080214396e-07, 3.20449402125e-07, 2.84818355567e-07, 1.18068243182e-07, 3.87525489032e-07, 7.6722187714e-07, 5.57220516839e-07, 3.41149132055e-07, 1.69152812646e-07, 8.41399341311e-08, 2.80128187313e-08, 8.73059902151e-10], "mean": [0.000171236111782, 0.00158318295144, 0.00215708184987, 0.00228552729823, 0.00544932764024, 0.00072065112181, 0.00023897086794, 8.08335680631e-05, 0.000102798367152, 0.000161305681104, 0.000274201272987, 0.000880492851138, 0.00174633902498, 0.00127683603205, 0.000759933784138, 0.000581549888011, 0.000578804814722, 0.000637312361505, 0.000465689285193, 0.000959903059993, 0.00121325184591, 0.000970600871369, 0.000773804727942, 0.000560444488656, 0.000379180710297, 0.000198593275854, 1.99300466193e-05]}, "erbbands_skewness": {"dmean2": 0.420540690422, "median": -0.423837900162, "min": -7.20342159271, "dvar2": 0.165722414851, "dvar": 0.0691456496716, "dmean": 0.255170971155, "max": 2.63478517532, "var": 0.185631483793, "mean": -0.434385031462}, "erbbands_spread": {"dmean2": 15.7259740829, "median": 42.7228393555, "min": 3.35965156555, "dvar2": 188.200515747, "dvar": 70.9002151489, "dmean": 9.50763607025, "max": 131.98538208, "var": 191.934753418, "mean": 44.6300315857}, "melbands_kurtosis": {"dmean2": 6.62653589249, "median": 2.53314328194, "min": -1.93198657036, "dvar2": 94.8496322632, "dvar": 37.2314071655, "dmean": 3.97945523262, "max": 129.669830322, "var": 57.6183166504, "mean": 4.62636375427}, "melbands": {"dmean2": [0.00044334604172, 0.00150382053107, 0.001816411037, 0.00176411273424, 0.000782960967626, 0.000143689234392, 7.53503700253e-05, 2.60145352513e-05, 1.82409003173e-05, 1.73714634002e-05, 2.30050136452e-05, 2.99865914712e-05, 3.82280013582e-05, 8.68208953761e-05, 0.000145175115904, 0.000171720254002, 0.000118892618048, 7.00280725141e-05, 4.79856753373e-05, 3.31478950102e-05, 2.93922184937e-05, 2.71752178378e-05, 2.6929368687e-05, 2.30776004173e-05, 1.42970047818e-05