{"tonal": {"thpcp": [1, 0.573018789291, 0.16552375257, 0.176279783249, 0.218259617686, 0.240368932486, 0.260574072599, 0.228983879089, 0.152080923319, 0.110683366656, 0.0982732325792, 0.099150903523, 0.107592798769, 0.118814386427, 0.120497100055, 0.117961883545, 0.121492475271, 0.141583994031, 0.248782247305, 0.28315487504, 0.189914524555, 0.166235551238, 0.166431963444, 0.134108796716, 0.139951556921, 0.205754294991, 0.275048613548, 0.334315687418, 0.278150886297, 0.15624448657, 0.133679389954, 0.155691683292, 0.255766063929, 0.390345007181, 0.360083311796, 0.65940451622], "hpcp": {"dmean2": [0.133560985327, 0.140108793974, 0.137146398425, 0.141771987081, 0.151012763381, 0.146166414022, 0.206189095974, 0.243954062462, 0.172996252775, 0.184188172221, 0.194106996059, 0.17634396255, 0.14805778861, 0.158416852355, 0.186103031039, 0.242181569338, 0.217832997441, 0.164297506213, 0.16090759635, 0.187710613012, 0.232194796205, 0.261046618223, 0.288266181946, 0.311176389456, 0.322344303131, 0.286348164082, 0.218516677618, 0.208113774657, 0.220132291317, 0.256355345249, 0.280666142702, 0.246863231063, 0.175978794694, 0.135141983628, 0.122927471995, 0.123773470521], "median": [0.00638722907752, 0.00793851073831, 0.00904134102166, 0.00919045694172, 0.0124340616167, 0.0211451593786, 0.0288414470851, 0.0263683926314, 0.0219357721508, 0.0130240488797, 0.0113513693213, 0.0094310157001, 0.0109650278464, 0.0149929840118, 0.0188804082572, 0.0269035249949, 0.024139624089, 0.0141856204718, 0.0112385191023, 0.0129039492458, 0.0231422968209, 0.0335883200169, 0.0339726619422, 0.433361172676, 0.496748268604, 0.340759128332, 0.0085437297821, 0.0105644436553, 0.0179846435785, 0.0237836856395, 0.0242397673428, 0.0172404963523, 0.0101180821657, 0.00695970654488, 0.00642258953303, 0.00651447800919], "min": [0, 0, 0, 0, 0, 0, 0, 0, 0, 0, 0, 0, 0, 0, 0, 0, 0, 0, 0, 0, 0, 0, 0, 0, 0, 0, 0, 0, 0, 0, 0, 0, 0, 0, 0, 0], "dvar2": [0.080045491457, 0.0811349228024, 0.0741832330823, 0.07396569103, 0.0861073285341, 0.0665998905897, 0.09846355021, 0.127960309386, 0.0707432180643, 0.112305238843, 0.114825032651, 0.116102933884, 0.0715063288808, 0.0771718919277, 0.0885318890214, 0.129011079669, 0.107682682574, 0.0862463861704, 0.0881736651063, 0.11060719192, 0.117227017879, 0.133065581322, 0.152017757297, 0.149313211441, 0.197962731123, 0.171343818307, 0.152281969786, 0.12235481292, 0.112999051809, 0.144116282463, 0.168285682797, 0.143725141883, 0.0965837389231, 0.0754729658365, 0.0731107443571, 0.0708106830716], "dvar": [0.028332291171, 0.0290331318974, 0.0266710612923, 0.0262946095318, 0.030546085909, 0.0238255932927, 0.0347865670919, 0.0439649224281, 0.0251324158162, 0.0377820506692, 0.039459798485, 0.0396197102964, 0.0256244856864, 0.0313515998423, 0.0323905721307, 0.0522348731756, 0.04342199862, 0.0297793168575, 0.0302064083517, 0.0364029742777, 0.0431863851845, 0.0511206351221, 0.0552966371179, 0.0582465194166, 0.0782035216689, 0.0595170557499, 0.0510795451701, 0.0433740615845, 0.0430623441935, 0.0513131804764, 0.05992199108, 0.0521563589573, 0.0345514751971, 0.02711885795, 0.0263942796737, 0.0252422578633], "dmean": [0.0720107629895, 0.07669403404, 0.0755263715982, 0.0778512060642, 0.0821253210306, 0.0814097747207, 0.116785123944, 0.137152984738, 0.0974944084883, 0.0995492935181, 0.105429083109, 0.0949112027884, 0.0832485705614, 0.0925912931561, 0.105822145939, 0.145339787006, 0.130266055465, 0.0909756347537, 0.0869973152876, 0.101389758289, 0.130392417312, 0.149110466242, 0.162563234568, 0.172658339143, 0.173742339015, 0.154926836491, 0.117738991976, 0.113854803145, 0.123739376664, 0.141310229897, 0.154463618994, 0.137774959207, 0.0974462777376, 0.0736729502678, 0.0669379532337, 0.0673693791032], "max": [1, 1, 1, 1, 1, 1, 1, 1, 1, 1, 1, 1, 1, 1, 1, 1, 1, 1, 1, 1, 1, 1, 1, 1, 1, 1, 1, 1, 1, 1, 1, 1, 1, 1, 1, 1], "var": [0.0202132463455, 0.0209651775658, 0.0196560043842, 0.0189546234906, 0.0210066474974, 0.0206653792411, 0.0466047301888, 0.0586464069784, 0.0294509101659, 0.0391567572951, 0.0367159917951, 0.0285386871547, 0.023348480463, 0.047209687531, 0.0618154890835, 0.08285921067, 0.0596035569906, 0.0252307448536, 0.0239154435694, 0.0311742089689, 0.0523412264884, 0.0951802432537, 0.0800703167915, 0.0666920617223, 0.1970885396, 0.0660136267543, 0.0375921651721, 0.034933552146, 0.0452786423266, 0.0472181551158, 0.0521378330886, 0.04601322487, 0.0267135109752, 0.0194531008601, 0.018172768876, 0.0173407495022], "mean": [0.0564929954708, 0.0623850338161, 0.0632685646415, 0.061937417835, 0.0637912005186, 0.0743405148387, 0.130626350641, 0.148674145341, 0.0997170880437, 0.0872841328382, 0.0873872637749, 0.0704155638814, 0.0734833776951, 0.108033962548, 0.144417837262, 0.175536796451, 0.146046727896, 0.0820381939411, 0.070190101862, 0.0817479416728, 0.134293287992, 0.204955711961, 0.189066410065, 0.346228897572, 0.525062978268, 0.30087095499, 0.0869103968143, 0.0925579890609, 0.114600047469, 0.1262088269, 0.136817798018, 0.120230957866, 0.0798520594835, 0.0581157393754, 0.0515996366739, 0.052060469985]}, "tuning_equal_tempered_deviation": 0.16457362473, "chords_changes_rate": 0.0743948742747, "key_key": "F", "tuning_diatonic_strength": 0.413967758417, "key_scale": "major", "chords_number_rate": 0.00130517326761, "tuning_frequency": 434.193115234, "tuning_nontempered_energy_ratio": 0.783012926579, "chords_histogram": [2.6934030056, 0.177978172898, 4.9596581459, 17.7028942108, 9.30232524872, 2.23065972328, 0, 0.569530129433, 2.36117696762, 0.344091117382, 0.0355956330895, 0, 0.166112959385, 0, 3.39345049858, 1.16279065609, 0.925486445427, 6.33602285385, 0, 0.0237304233015, 0, 0.0118652116507, 34.2311325073, 13.3720932007], "key_strength": 0.528703868389, "chords_key": "A#", "chords_strength": {"dmean2": 0.0109927570447, "median": 0.448916554451, "min": 0.204186215997, "dvar2": 9.1051311756e-05, "dvar": 5.63036264793e-05, "dmean": 0.00880521908402, "max": 0.660650730133, "var": 0.00505766924471, "mean": 0.454251796007}, "chords_scale": "major", "hpcp_entropy": {"dmean2": 1.30714297295, "median": 2.26300764084, "min": 0, "dvar2": 1.04439532757, "dvar": 0.353526204824, "dmean": 0.767272889614, "max": 4.68637800217, "var": 0.608985006809, "mean": 2.30236530304}}, "metadata": {"audio_properties": {"equal_loudness": 0, "codec": "mp3", "downmix": "mix", "sample_rate": 44100, "analysis_sample_rate": 44100, "bit_rate": 192000, "md5_encoded": "886192ccf8d28b14aa442b5ffb7e1df3", "length": 391.314300537, "replay_gain": -6.72476768494, "lossless": false}, "version": {"essentia_build_sha": "2d9f1f26377add8aeb1075a9c2973f962c4f09fd", "essentia": "2.1-beta2", "extractor": "music 1.0", "essentia_git_sha": "v2.1_beta2-1-ge3940c0"}, "tags": {"title": ["Capsule"], "barcode": ["5036742001161"], "media": ["12\" Vinyl"], "albumartist": ["Ed Rush & Optical"], "language": ["eng"], "musicbrainz_recordingid": ["16cea3bf-483c-447d-8c36-892128ae98fb"], "artistsort": ["Rush, Ed & Optical"], "mood": ["Funky"], "album": ["Kerbkrawler / Capsule"], "musicbrainz_albumartistid": ["50c35b52-700a-4dc9-8d36-fd656b556886"], "discnumber": ["01/01"], "bpm": ["86"], "catalognumber": ["VRS 008"], "contentgroup": ["Drum n Bass"], "originalalbum": ["Kerbkrawler / Capsule"], "musicbrainz album type": ["Single"], "musicbrainz album status": ["Official"], "file_name": "02 - Capsule.mp3", "acoustid_fingerprint": ["AQABz4oSJUyaRJHwBDmLp4b4sehp5NOEpxfC8Ogv6BPyPOgy-B98_PARHm_QXEKP40K3wz8O29AeNBt6Hpcyom9hroB-HBdHoR96NDbif2izIT16HN9QXRA_GMcbwV9RK9A6aLnxCD0sQn9xFQ3CbN7Q4xGaZxfKEvnxQ2s2HH8O_fARSu_wKcfDoxmPmkN_Yn9wUag3H5_CGEejeegjfMoz5JfwRih9WFKWQD--48cD8czRlfiON0fPw6gO7cph6fho-NHRQ7MYfNCDf3jh48KPU4T4o8-CfrAUhXgOhw76KMcHzdsIixv6rfiFP6gl6EsLPzNKOYdcvEd9bMqM_Ei7Hf3Q6YPYBpMqNNWFXsIz4z80caxgkcGHH5pMPMWboKku9Bn0C_WRH9cRmUH_EdonpNbxF1vEhojU9NDII-1Y9EP54fvxB320oDaS5RnycKrw8XiPo3bQ_HgRCt4hkuglHEUjrRbCBz4-PbjhHc8Jd0POQ8tTxOrx5PhRH34WlOTxHCEvfEmE4iOaPIfG8LiOJ0coL_AXfPpQKTouIxch5QgzRurwUbj04EHzBMwz3Mj1DHrwZEd-4jN6onknPDuu4vvRJ-hC4jnC54KW6YgfNLNS1CJ-9PBROTueER_u4_iPkoc7HU_gH7cx5R2uV8WTiFtwuA7eDNcl4gua5TmO_LAyoaZW9IQeaLvwHNfRRzr8Q8NPhJUGr8S_Bf6OXBeeDNrz4yGeMZPwHv3RmMIHXcKdF1rGRCkuwmOWwpIiHeUTQz-qI8yNRyku8ji-IMwF7ZmQZ3hiPD1-EY2nFP2OmD10XIee0fgnoXHSo4sOdc9xWcjfENUPL0L_CL-MEwndIFeO5ylmKSeO5kFoZYeOrw_6HLp05D76D30SpI9TyOFipN9xoxptfLoS_OiPZKly5LhvPMssPB8uNHUQPooHPcehcz_ODz967WjGVoW-HeHh1SFu3B-eB_-LXImh5chxRtmG77iE5uiYLMiPByXxyPglPIerOtDWFT9CPbAvtMdLB9dRc0LCx0H44xaeZdTwo9vR_Lhy5MSPnMcl5fhRTYlOpD90HfmFZzl-_MMfPEeeEZqN_Dq-sMNJLqjh5wivCe_xH7WCdkeeZbiCRvlR5kQ-JRLyYYrY4xm8PHDEo9eMK-iRRszx4yFn2BT0V4I_WMmDH5qqFZq-wJOIyzouBccpvHgPJZQQQAChAAFAAKOcUkhg8yxATAhAEGFKEGuIIiJRYYRShgDolAFAUCkUAYAYpZBSAhGDEAUALIGUUEYphBhiACAFlAAIGIEEEc4YwIQCCCAihGJCAIKYAQAgQ4AQwDAjnBEGPEOBUAhhBY0SRkjBhAAOCEAcAMAQYshAAAJGBFDKOaMIQoQp4AAwUAlnBCEMGSGMIlIZwJARQDCgiDFOACYIAAQoJAAADioFBEDIGiGUQIQwBYhQAgkChGUKIsEQYgAoIAgCghjDACCSEKOIAwYgBZARiAAAHgCMCIIYEY4DIQgBTiBmAAKECMAYIcCARDgBQhJhhDAACUEIUMgwBAEgQoFhlAgAGEQUIEJYIghxABCDNTEIIMXEU8QhpACSRBGACCAEKiWUsYgpBgBTRgGCADLCQEcIdEIJAAxBACBDBBAAEeGAJtRRADUxTgAhAENACMIUJQY"], "date": ["2001-06-11"], "genre": ["Electronic"], "musicbrainz album release country": ["GB"], "musicip_puid": ["a367c9bf-93cf-ec20-dbe4-7687abe4ba19"], "musicbrainz_artistid": ["50c35b52-700a-4dc9-8d36-fd656b556886"], "originaldate": ["2001-06-11"], "musicbrainz_albumid": ["32596e44-4228-4fc2-8469-77f8991243e6"], "artist": ["Ed Rush & Optical"], "composer": ["Ed Rush", "Optical"], "tracknumber": ["02/02"], "label": ["Virus Recordings"], "albumartistsort": ["Rush, Ed & Optical", "Rush, Ed & Optical"], "acoustid_id": ["3197418d-81c4-4c01-a8e8-a86c5e0a0d22"], "script": ["Latn", "Latin"], "musicbrainz_releasegroupid": ["dd252423-571a-3d0a-acaa-11116e0c0bdd"]}}, "rhythm": {"bpm_histogram_first_peak_bpm": {"dmean2": 0, "median": 86, "min": 86, "dvar2": 0, "dvar": 0, "dmean": 0, "max": 86, "var": 0, "mean": 86}, "bpm": 86.2488479614, "bpm_histogram_second_peak_spread": {"dmean2": 0, "median": 0, "min": 0, "dvar2": 0, "dvar": 0, "dmean": 0, "max": 0, "var": 0, "mean": 0}, "bpm_histogram_first_peak_weight": {"dmean2": 0, "median": 0.8321428895, "min": 0.8321428895, "dvar2": 0, "dvar": 0, "dmean": 0, "max": 0.8321428895, "var": 0, "mean": 0.8321428895}, "onset_rate": 6.35276126862, "beats_position": [0.719818592072, 1.45124709606, 2.19428563118, 2.93732428551, 3.68036270142, 4.38857126236, 5.08516979218, 5.78176879883, 6.47836732864, 7.17496585846, 7.87156438828, 8.56816291809, 9.26476192474, 9.96135997772, 10.6579589844, 11.354557991, 12.051156044, 12.7477550507, 13.4443531036, 14.1409521103, 14.8375511169, 15.5225391388, 16.2075271606, 16.904127121, 17.600725174, 18.2973232269, 18.9939231873, 19.6905212402, 20.3871192932, 21.0837192535, 21.7803173065, 22.4769153595, 23.1735134125, 23.8585033417, 24.5434913635, 25.2400894165, 25.9366893768, 26.6332874298, 27.3298854828, 28.0264854431, 28.7230834961, 29.4196815491, 30.1162815094, 30.8128795624, 31.5326976776, 32.264125824, 32.9955558777, 33.7385940552, 34.4584121704, 35.1550102234, 35.8516082764, 36.5482063293, 37.244808197, 37.94140625, 38.638004303, 39.334602356, 40.0195922852, 40.7161903381, 41.4011802673, 42.0977783203, 42.7943763733, 43.4909744263, 44.1875724792, 44.8841705322, 45.5807685852, 46.2773704529, 46.9739685059, 47.6705665588, 48.3671646118, 49.0637626648, 49.748752594, 50.4337387085, 51.1303405762, 51.8269386292, 52.5235366821, 53.2201347351, 53.9167327881, 54.6133308411, 55.3099327087, 56.0065307617, 56.7031288147, 57.3881187439, 58.0731048584, 58.7697029114, 59.4663009644, 60.162902832, 60.859500885, 61.556098938, 62.252696991, 62.9492950439, 63.6458930969, 64.3424911499, 65.0390930176, 65.7356872559, 66.4322891235, 67.1172790527, 67.8022689819, 68.4988632202, 69.1954650879, 69.8920593262, 70.5886611938, 71.2852630615, 71.9818572998, 72.6784591675, 73.3750534058, 74.0716552734, 74.7682495117, 75.4648513794, 76.1498413086, 76.8464355469, 77.5314254761, 78.2280273438, 78.924621582, 79.6212234497, 80.3178253174, 81.0144195557, 81.7110214233, 82.4076156616, 83.1042175293, 83.8008117676, 84.4974136353, 85.1940155029, 85.8906097412, 86.5755996704, 87.2605895996, 87.9571838379, 88.6537857056, 89.3503875732, 90.0469818115, 90.7435836792, 91.4401779175, 92.1367797852, 92.8333740234, 93.5299758911, 94.2265777588, 94.9115600586, 95.5965499878, 96.2931518555, 96.9897460938, 97.6863479614, 98.3829498291, 99.0795440674, 99.7761459351, 100.472740173, 101.169342041, 101.865936279, 102.562538147, 103.259140015, 103.955734253, 104.652336121, 105.33732605, 106.02230835, 106.718910217, 107.415504456, 108.112106323, 108.808708191, 109.505302429, 110.201904297, 110.898498535, 111.595100403, 112.291702271, 112.988296509, 113.684898376, 114.381492615, 115.066482544, 115.751472473, 116.448066711, 117.144668579, 117.841270447, 118.537864685, 119.234466553, 119.931060791, 120.627662659, 121.324264526, 122.020858765, 122.717460632, 123.414054871, 124.110656738, 124.795646667, 125.480628967, 126.177230835, 126.873832703, 127.570426941, 128.267028809, 128.963623047, 129.660217285, 130.356826782, 131.053421021, 131.750015259, 132.446624756, 133.143218994, 133.839813232, 134.524810791, 135.209793091, 135.906387329, 136.602996826, 137.299591064, 137.996185303, 138.692779541, 139.389389038, 140.085983276, 140.782577515, 141.479187012, 142.17578125, 142.872375488, 143.568969727, 144.253967285, 144.938949585, 145.635559082, 146.33215332, 147.028747559, 147.725341797, 148.421951294, 149.118545532, 149.815139771, 150.511749268, 151.208343506, 151.904937744, 152.589935303, 153.274917603, 153.971511841, 154.668121338, 155.364715576, 156.061309814, 156.757904053, 157.45451355, 158.151107788, 158.847702026, 159.544311523, 160.240905762, 160.9375, 161.634094238, 162.319091797, 163.015686035, 163.700683594, 164.397277832, 165.09387207, 165.790466309, 166.487075806, 167.183670044, 167.880264282, 168.576873779, 169.273468018, 169.970062256, 170.666656494, 171.363265991, 172.059860229, 172.744842529, 173.429840088, 174.126434326, 174.823028564, 175.519638062, 176.2162323, 176.912826538, 177.609436035, 178.306030273, 179.002624512, 179.69921875, 180.395828247, 181.092422485, 181.777404785, 182.462402344, 183.158996582, 183.85559082, 184.552200317, 185.248794556, 185.945388794, 186.641998291, 187.338592529, 188.035186768, 188.731781006, 189.428390503, 190.113372803, 190.798370361, 191.460128784, 192.133514404, 192.806884766, 193.480270386, 194.153640747, 194.827026367, 195.512008667, 196.197006226, 196.881988525, 197.578598022, 198.275192261, 198.971786499, 199.668380737, 200.364990234, 201.061584473, 201.758178711, 202.454788208, 203.151382446, 203.836364746, 204.532974243, 205.217956543, 205.914550781, 206.611160278, 207.307754517, 208.004348755, 208.700942993, 209.39755249, 210.094146729, 210.790740967, 211.487350464, 212.183944702, 212.88053894, 213.565536499, 214.250518799, 214.947113037, 215.643707275, 216.340316772, 217.036911011, 217.733505249, 218.430114746, 219.126708984, 219.823303223, 220.51991272, 221.216506958, 221.913101196, 222.609695435, 223.306304932, 224.00289917, 224.699493408, 225.396102905, 226.092697144, 226.80090332, 227.509109497, 228.217315674, 228.925521851, 229.633743286, 230.341949463, 231.05015564, 231.769973755, 232.48979187, 233.197998047, 233.894592285, 234.591201782, 235.287796021, 235.984390259, 236.680999756, 237.377593994, 238.074188232, 238.759185791, 239.444168091, 240.140762329, 240.837371826, 241.533966064, 242.230560303, 242.927154541, 243.623764038, 244.320358276, 245.016952515, 245.713562012, 246.41015625, 247.106750488, 247.803344727, 248.488342285, 249.173324585, 249.869934082, 250.56652832, 251.263122559, 251.959716797, 252.656326294, 253.352920532, 254.049514771, 254.746124268, 255.442718506, 256.139312744, 256.835906982, 257.532501221, 258.217498779, 258.914093018, 259.599090576, 260.295684814, 260.992279053, 261.688873291, 262.385467529, 263.082092285, 263.778686523, 264.475280762, 265.171875, 265.868469238, 266.565063477, 267.261688232, 267.946655273, 268.631652832, 269.32824707, 270.024841309, 270.721435547, 271.418029785, 272.114654541, 272.811248779, 273.507843018, 274.204437256, 274.901031494, 275.597625732, 276.294250488, 276.990844727, 277.675811768, 278.360809326, 279.057403564, 279.753997803, 280.450592041, 281.147216797, 281.843811035, 282.540405273, 283.236999512, 283.93359375, 284.630187988, 285.326782227, 286.023406982, 286.720001221, 287.404968262, 288.101593018, 288.786560059, 289.483154297, 290.179779053, 290.876373291, 291.572967529, 292.269561768, 292.966156006, 293.662750244, 294.359344482, 295.055969238, 295.752563477, 296.449157715, 297.134155273, 297.819122314, 298.515716553, 299.212341309, 299.908935547, 300.605529785, 301.302124023, 301.998718262, 302.6953125, 303.391906738, 304.088531494, 304.785125732, 305.481719971, 306.178314209, 306.863311768, 307.559906006, 308.244903564, 308.941497803, 309.638092041, 310.334686279, 311.031280518, 311.727874756, 312.424468994, 313.12109375, 313.817687988, 314.514282227, 315.210876465, 315.907470703, 316.592468262, 317.27746582, 317.974060059, 318.670654297, 319.367248535, 320.063842773, 320.760437012, 321.45703125, 322.153656006, 322.850250244, 323.546844482, 324.243438721, 324.940032959, 325.636627197, 326.321624756, 327.006622314, 327.703216553, 328.399810791, 329.096405029, 329.792999268, 330.489593506, 331.186218262, 331.8828125, 332.579406738, 333.276000977, 333.972595215, 334.669189453, 335.365783691, 336.05078125, 336.747375488, 337.432373047, 338.128967285, 338.825561523, 339.522155762, 340.218780518, 340.915374756, 341.611968994, 342.308563232, 343.005157471, 343.701751709, 344.398345947, 345.094970703, 345.791564941, 346.476531982, 347.161529541, 347.858123779, 348.554718018, 349.251342773, 349.947937012, 350.64453125, 351.341125488, 352.037719727, 352.734313965, 353.430908203, 354.127532959, 354.824127197, 355.520721436, 356.205718994, 356.890686035, 357.587280273, 358.283905029, 358.980499268, 359.677093506, 360.373687744, 361.070281982, 361.766876221, 362.463470459, 363.160095215, 363.856689453, 364.553283691, 365.24987793, 365.946472168, 366.631469727, 367.316467285, 368.013061523, 368.709655762, 369.40625, 370.102844238, 370.799438477, 371.496032715, 372.192657471, 372.889251709, 373.585845947, 374.282440186, 374.979034424, 375.675628662, 376.3722229, 377.068847656, 377.765441895, 378.462036133, 379.170257568, 379.878448486, 380.598266602, 381.306488037, 382.014678955, 382.722900391, 383.431091309, 384.150909424, 384.859130859, 385.555725098, 386.252319336, 386.948913574, 387.64553833, 388.353729248, 389.061950684, 389.781768799, 390.513183594], "beats_loudness": {"dmean2": 0.018417917192, "median": 0.0666676163673, "min": 4.8842562137e-06, "dvar2": 0.000341238774126, "dvar": 0.000132118162583, "dmean": 0.0107648763806, "max": 0.136027023196, "var": 0.00117196456995, "mean": 0.0556238628924}, "danceability": 1.39767408371, "bpm_histogram_second_peak_weight": {"dmean2": 0, "median": 0.00714285718277, "min": 0.00714285718277, "dvar2": 0, "dvar": 0, "dmean": 0, "max": 0.00714285718277, "var": 0, "mean": 0.00714285718277}, "beats_count": 561, "bpm_histogram_second_peak_bpm": {"dmean2": 0, "median": 81, "min": 81, "dvar2": 0, "dvar": 0, "dmean": 0, "max": 81, "var": 0, "mean": 81}, "bpm_histogram_first_peak_spread": {"dmean2": 0, "median": 0.160360351205, "min": 0.160360351205, "dvar2": 0, "dvar": 0, "dmean": 0, "max": 0.160360351205, "var": 0, "mean": 0.160360351205}, "beats_loudness_band_ratio": {"dmean2": [0.164359584451, 0.14473131299, 0.154399871826, 0.087360419333, 0.0463053919375, 0.0606829971075], "median": [0.630017161369, 0.108391426504, 0.0758657976985, 0.0445214398205, 0.0412331968546, 0.0978132486343], "min": [0.00735514704138, 0.000393840979086, 0.000347684603184, 0.000469546881504, 0.00041447248077, 0.000935841875616], "dvar2": [0.0184848979115, 0.023667331785, 0.0294053442776, 0.0228813420981, 0.0079960078001, 0.00389580312185], "dvar": [0.0075627588667, 0.00673566292971, 0.00909393560141, 0.00782488100231, 0.00281552155502, 0.00135947228409], "dmean": [0.0921610966325, 0.0778541639447, 0.0854768455029, 0.0479446351528, 0.0264299176633, 0.0336422808468], "max": [0.99135196209, 0.594811618328, 0.723079383373, 0.923098325729, 0.717676460743, 0.38970091939], "var": [0.0842032656074, 0.0140376286581, 0.0262837018818, 0.00975826289505, 0.00302800955251, 0.00477288058028], "mean": [0.483580291271, 0.146999359131, 0.144481658936, 0.0817782282829, 0.0575857982039, 0.105470083654]}}, "lowlevel": {"barkbands_spread": {"dmean2": 15.3544616699, "median": 18.8163642883, "min": 0.727727711201, "dvar2": 229.028137207, "dvar": 102.248565674, "dmean": 9.77398777008, "max": 123.453933716, "var": 263.906921387, "mean": 22.1677436829}, "melbands_spread": {"dmean2": 15.4363670349, "median": 12.0749588013, "min": 0.366276204586, "dvar2": 449.056121826, "dvar": 192.82598877, "dmean": 9.63946914673, "max": 252.497070313, "var": 457.342102051, "mean": 19.7374649048}, "hfc": {"dmean2": 17.9009246826, "median": 14.8271837234, "min": 1.16711518367e-16, "dvar2": 589.250183105, "dvar": 246.46421814, "dmean": 11.64747715, "max": 202.759063721, "var": 380.040985107, "mean": 20.3258972168}, "barkbands_kurtosis": {"dmean2": 24.2884807587, "median": 6.28832626343, "min": -1.95533680916, "dvar2": 1599.30480957, "dvar": 678.445129395, "dmean": 15.681438446, "max": 421.526702881, "var": 1084.18676758, "mean": 19.137588501}, "gfcc": {"mean": [-4.31456279755, 70.3779754639, -93.2917633057, 51.2461547852, -64.7637557983, 32.3074493408, -34.7117538452, 14.3786334991, -14.7036275864, 6.97349309921, -11.404042244, 1.79944229126, -12.7739496231], "icov": [[0.000292018754408, -0.000347229361068, 0.000253302656347, -0.00074180070078, 0.000331062678015, -0.000550093827769, 0.000422189448727, -0.000601623672992, 0.000446415011538, -0.000474446656881, 0.00016623090778, -0.000617917161435, 0.000438865245087], [-0.000347229361068, 0.00351169030182, -0.00101181794889, 0.00321915559471, -0.0015348107554, 0.00313655124046, -0.00270312768407, 0.00290670688264, -0.00257677049376, 0.00307307764888, -0.00175830232911, 0.00389650766738, -0.00212672259659], [0.000253302656347, -0.00101181794889, 0.00172366807237, -0.00195898301899, 0.00119366426952, -0.0018213147996, 0.00044943462126, -0.00121741171461, 5.25248287886e-05, -0.00114698067773, 0.00102746312041, -0.000722331751604, 0.000799463829026], [-0.00074180070078, 0.00321915559471, -0.00195898301899, 0.00625014537945, -0.00274844863452, 0.00330778607167, -0.0025038595777, 0.003105629934, -0.00348642165773, 0.00378618948162, -0.00232235831209, 0.00294913747348, -0.00280343811028], [0.000331062678015, -0.0015348107554, 0.00119366426952, -0.00274844863452, 0.00507768755779, -0.00323842535727, 0.000658294418827, -0.00140324386302, 0.000421682430897, -0.000332111638272, 0.000206305950996, -0.00113065040205, 0.00065172300674], [-0.000550093827769, 0.00313655124046, -0.0018213147996, 0.00330778607167, -0.00323842535727, 0.0088085802272, -0.00479297107086, 0.00429042987525, -0.00255455519073, 0.0023799657356, -0.00176010059658, 0.00198902236298, -0.00131897279061], [0.000422189448727, -0.00270312768407, 0.00044943462126, -0.0025038595777, 0.000658294418827, -0.00479297107086, 0.0111573692411, -0.00532979983836, 0.00276010856032, -0.00311301206239, -0.00193278049119, -0.000439455063315, 0.00124000594951], [-0.000601623672992, 0.00290670688264, -0.00121741171461, 0.003105629934, -0.00140324386302, 0.00429042987525, -0.00532979983836, 0.0153886992484, -0.0083187893033, 0.0025456068106, -0.00057387369452, 0.000947441614699, -0.00176741322502], [0.000446415011538, -0.00257677049376, 5.25248287886e-05, -0.00348642165773, 0.000421682430897, -0.00255455519073, 0.00276010856032, -0.0083187893033, 0.0119874300435, -0.00455565890297, 0.00110858737025, -0.00174867012538, 0.00124086381402], [-0.000474446656881, 0.00307307764888, -0.00114698067773, 0.00378618948162, -0.000332111638272, 0.0023799657356, -0.00311301206239, 0.0025456068106, -0.00455565890297, 0.0166989974678, -0.00588441127911, 0.00475692050532, -0.0018354493659], [0.00016623090778, -0.00175830232911, 0.00102746312041, -0.00232235831209, 0.000206305950996, -0.00176010059658, -0.00193278049119, -0.00057387369452, 0.00110858737025, -0.00588441127911, 0.0136007172987, -0.00600570766255, 0.000775107648224], [-0.000617917161435, 0.00389650766738, -0.000722331751604, 0.00294913747348, -0.00113065040205, 0.00198902236298, -0.000439455063315, 0.000947441614699, -0.00174867012538, 0.00475692050532, -0.00600570766255, 0.0197062157094, -0.00877347402275], [0.000438865245087, -0.00212672259659, 0.000799463829026, -0.00280343811028, 0.00065172300674, -0.00131897279061, 0.00124000594951, -0.00176741322502, 0.00124086381402, -0.0018354493659, 0.000775107648224, -0.00877347402275, 0.0193347800523]], "cov": [[5624.16357422, -556.20489502, 78.4357070923, 831.307006836, 112.888793945, 231.087463379, 18.8523769379, 153.857147217, 90.8102798462, 47.6324005127, 128.727249146, 191.835174561, 33.8495063782], [-556.20489502, 935.669372559, -54.6855621338, -370.087677002, -19.5284538269, -155.209732056, 57.9250793457, -54.6181373596, 0.631713628769, -37.2877235413, -20.4361152649, -136.277694702, -19.0927028656], [78.4357070923, -54.6855621338, 1344.7097168, 482.878997803, 66.6079788208, 226.604934692, 158.782684326, 147.14743042, 246.32321167, 52.0833435059, 26.5737953186, -12.4438486099, 5.52242994308], [831.307006836, -370.087677002, 482.878997803, 702.692443848, 201.21673584, 145.629684448, 85.9560852051, 97.8425827026, 164.345489502, 7.71014547348, 71.4348373413, 59.6105918884, 43.2968254089], [112.888793945, -19.5284538269, 66.6079788208, 201.21673584, 358.359893799, 139.32635498, 77.2434616089, 32.6833648682, 65.9094314575, -4.984790802, 49.0454292297, 16.3576316833, 17.9229431152], [231.087463379, -155.209732056, 226.604934692, 145.629684448, 139.32635498, 288.889648438, 105.678512573, 22.1147289276, 53.4939842224, 22.5029563904, 50.9308929443, 22.2882328033, 6.45825338364], [18.8523769379, 57.9250793457, 158.782684326, 85.9560852051, 77.2434616089, 105.678512573, 187.778610229, 56.2289123535, 57.3164024353, 32.4046020508, 57.9856910706, -5.98365402222, 3.90177297592], [153.857147217, -54.6181373596, 147.14743042, 97.8425827026, 32.6833648682, 22.1147289276, 56.2289123535, 146.403503418, 110.204566956, 21.8033027649, 19.7701892853, 15.1708679199, 9.87459373474], [90.8102798462, 0.631713628769, 246.32321167, 164.345489502, 65.9094314575, 53.4939842224, 57.3164024353, 110.204566956, 210.17225647, 36.5060081482, 27.0658473969, 4.1746430397, 10.2643842697], [47.6324005127, -37.2877235413, 52.0833435059, 7.71014547348, -4.984790802, 22.5029563904, 32.4046020508, 21.8033027649, 36.5060081482, 92.6897201538, 37.1185684204, -1.15320527554, -0.155463308096], [128.727249146, -20.4361152649, 26.5737953186, 71.4348373413, 49.0454292297, 50.9308929443, 57.9856910706, 19.7701892853, 27.0658473969, 37.1185684204, 122.586334229, 34.5445327759, 16.5461711884], [191.835174561, -136.277694702, -12.4438486099, 59.6105918884, 16.3576316833, 22.2882328033, -5.98365402222, 15.1708679199, 4.1746430397, -1.15320527554, 34.5445327759, 99.2916488647, 35.8461990356], [33.8495063782, -19.0927028656, 5.52242994308, 43.2968254089, 17.9229431152, 6.45825338364, 3.90177297592, 9.87459373474, 10.2643842697, -0.155463308096, 16.5461711884, 35.8461990356, 70.3191375732]]}, "spectral_energyband_middle_low": {"dmean2": 0.011256871745, "median": 0.00346280261874, "min": 2.31934749171e-22, "dvar2": 0.000433181092376, "dvar": 0.000167165795574, "dmean": 0.00666989898309, "max": 0.101067341864, "var": 0.000139147407026, "mean": 0.00720755010843}, "melbands_crest": {"dmean2": 6.71032476425, "median": 21.6235466003, "min": 2.37995862961, "dvar2": 44.4226150513, "dvar": 19.591840744, "dmean": 4.19856309891, "max": 37.9598083496, "var": 99.1914672852, "mean": 21.3735027313}, "spectral_kurtosis": {"dmean2": 1.92462575436, "median": 1.41089034081, "min": -1.59387326241, "dvar2": 10.1634931564, "dvar": 4.10987138748, "dmean": 1.20757889748, "max": 54.5455856323, "var": 12.5170459747, "mean": 2.27667975426}, "spectral_rms": {"dmean2": 0.00238073337823, "median": 0.0066847265698, "min": 3.19569305914e-12, "dvar2": 8.00191264716e-06, "dvar": 3.71657006326e-06, "dmean": 0.00166041112971, "max": 0.0226625278592, "var": 1.42357503137e-05, "mean": 0.00631512608379}, "zerocrossingrate": {"dmean2": 0.0186361055821, "median": 0.044921875, "min": 0.00146484375, "dvar2": 0.000299967476167, "dvar": 0.000224266652367, "dmean": 0.0150675605983, "max": 0.51611328125, "var": 0.00162493472453, "mean": 0.05662509799}, "silence_rate_60dB": {"dmean2": 0.0754213184118, "median": 0, "min": 0, "dvar2": 0.0868420302868, "dvar": 0.0363128185272, "dmean": 0.0377380885184, "max": 1, "var": 0.0695862621069, "mean": 0.0752343684435}, "erbbands_kurtosis": {"dmean2": 2.38099527359, "median": -0.334142953157, "min": -1.91288220882, "dvar2": 11.1382045746, "dvar": 4.68459939957, "dmean": 1.47036373615, "max": 42.16381073, "var": 7.89630079269, "mean": 0.547626793385}, "erbbands": {"dmean2": [0.88421189785, 5.38998937607, 17.920042038, 14.7054624557, 16.2723674774, 15.3110256195, 17.2770671844, 12.044836998, 9.50707912445, 23.4997081757, 17.600522995, 13.5206832886, 13.472492218, 11.1166715622, 15.2344083786, 32.2274971008, 14.4923782349, 17.3315753937, 13.0635566711, 11.1992425919, 18.4880428314, 85.9713439941, 21.6786708832, 14.394903183, 15.3390293121, 10.5558280945, 9.94627952576, 10.1978273392, 9.26449298859, 16.5474414825, 15.2180643082, 5.79232263565, 4.58771181107, 1.9543530941, 0.537931323051, 0.123031057417, 0.0365799888968, 0.00376513460651, 0.000182579999091, 4.98016524944e-05], "median": [0.319769144058, 2.02772188187, 1.2947101593, 1.92375004292, 1.52175450325, 1.76783013344, 2.64115142822, 2.98610162735, 3.10984992981, 7.91403055191, 6.27433204651, 4.59121513367, 3.06535053253, 2.67654418945, 4.25593662262, 5.01593351364, 3.58854055405, 4.76271772385, 4.14748001099, 3.65587496758, 3.65419507027, 4.49711894989, 3.67630338669, 3.66496896744, 3.32446050644, 3.60381889343, 3.70018649101, 4.93374156952, 4.8010058403, 7.28761005402, 4.96376276016, 3.14497113228, 1.85725855827, 1.12909698486, 0.374591201544, 0.0791906863451, 0.0193994119763, 0.00243646255694, 0.000100876466604, 5.87269023526e-05], "min": [4.39577732145e-22, 1.48982660022e-20, 4.3944435331e-20, 2.83998892388e-20, 6.60301059874e-20, 1.76409177399e-19, 1.921890693e-19, 2.1312370521e-19, 2.39850014199e-19, 5.27513859538e-19, 1.8416345022e-18, 1.14081699855e-18, 1.48497169626e-18, 2.08329366379e-18, 4.91557827915e-18, 2.37366445769e-18, 3.74090529512e-18, 4.24916145942e-18, 5.48337449035e-18, 6.4080635671e-18, 5.61481307609e-18, 1.06072397429e-17, 7.80096995778e-18, 1.42934361395e-17, 1.16731703228e-17, 1.37874026095e-17, 2.56696494495e-17, 2.55810782583e-17, 2.297658264e-17, 2.40794393897e-17, 1.64289451658e-17, 1.43984764967e-17, 1.19335568535e-17, 1.07147748769e-17, 8.7808911248e-18, 5.12258808566e-18, 3.24577007649e-18, 1.32526421308e-18, 3.39094652955e-19, 4.15610953417e-20], "dvar2": [3.17634534836, 128.753952026, 2218.28686523, 1738.97473145, 1855.52539063, 1177.98596191, 2245.74023438, 561.652282715, 331.613037109, 1710.21936035, 678.19720459, 840.407226563, 577.187927246, 506.84463501, 760.634338379, 5575.47607422, 1172.07299805, 1288.0880127, 1136.46032715, 371.533721924, 1443.79394531, 65874.1328125, 2338.71020508, 1086.2791748, 1834.3092041, 594.657287598, 311.420654297, 235.203353882, 128.983520508, 376.955566406, 408.282470703, 57.1969985962, 39.2722587585, 5.68992710114, 0.488013237715, 0.0333044826984, 0.00277601741254, 2.8757549444e-05, 1.59128759947e-07, 5.27250820781e-09], "dvar": [1.1261934042, 54.3134918213, 904.160827637, 673.857910156, 657.038391113, 427.422454834, 820.397338867, 223.06451416, 124.921234131, 752.801452637, 299.572296143, 294.951568604, 224.393966675, 188.086380005, 415.549407959, 3074.89794922, 765.780761719, 550.852783203, 431.400970459, 141.082397461, 598.985046387, 22893.78125, 874.651000977, 455.162200928, 780.836486816, 264.771820068, 154.835189819, 114.10749054, 59.7740783691, 151.767547607, 155.93927002, 26.0401611328, 15.4458036423, 2.39177131653, 0.204738035798, 0.0131743801758, 0.00112021132372, 1.21549092e-05, 6.24863645271e-08, 2.29461338819e-09], "dmean": [0.559804201126, 3.43444681168, 10.9393777847, 8.7924489975, 8.88912296295, 8.47939395905, 9.88716983795, 7.4080414772, 5.81394100189, 14.6745996475, 12.1942415237, 7.928794384, 8.03010463715, 6.51930046082, 10.0914716721, 22.2111759186, 9.31115531921, 11.020775795, 8.05369472504, 6.77505636215, 10.8979501724, 45.9721984863, 12.8557844162, 9.31475448608, 10.1496629715, 6.87150192261, 6.42217159271, 6.70151376724, 6.02793216705, 9.98072719574, 8.99906539917, 3.74586963654, 2.77682256699, 1.24760425091, 0.351375132799, 0.0763382464647, 0.0226599238813, 0.00240180199035, 0.000114264141303, 3.37015117111e-05], "max": [10.6890096664, 102.136138916, 309.203948975, 245.303512573, 225.150863647, 259.639312744, 294.205078125, 191.525039673, 137.956344604, 369.328887939, 216.644699097, 247.194763184, 298.839477539, 275.434814453, 476.454681396, 1087.34265137, 1169.43701172, 865.805847168, 709.868103027, 245.089233398, 714.023071289, 1862.19921875, 321.840393066, 255.810424805, 286.337463379, 175.640075684, 144.880599976, 144.053421021, 88.0391540527, 125.224555969, 119.958595276, 70.1988754272, 43.3300704956, 18.7885074615, 7.48425674438, 1.90077960491, 0.381048232317, 0.0606793612242, 0.00684483721852, 0.000572640681639], "var": [2.53918004036, 75.2688217163, 843.272277832, 523.04876709, 416.080108643, 280.732421875, 553.930541992, 212.54989624, 121.437690735, 820.843933105, 559.270629883, 257.698242188, 273.22756958, 165.530044556, 875.588806152, 6516.92675781, 1867.76831055, 923.965515137, 505.349517822, 228.880004883, 640.838745117, 13059.5742188, 750.609008789, 552.247497559, 852.493164063, 323.897644043, 242.119155884, 197.631835938, 113.131446838, 202.472183228, 177.551757813, 52.3952064514, 22.5754032135, 4.05085229874, 0.371667087078, 0.0225815083832, 0.00179916748311, 2.31514477491e-05, 8.14913647673e-08, 5.00684160798e-09], "mean": [1.23709261417, 5.01350688934, 11.381313324, 7.85763311386, 6.74266386032, 6.63876533508, 8.45042228699, 7.81726884842, 6.88714599609, 17.3274803162, 17.8827400208, 9.59250450134, 9.05080604553, 7.04573726654, 13.7079629898, 28.9485569, 12.5303430557, 14.8487024307, 10.4786596298, 9.1001033783, 12.1445970535, 31.8699455261, 13.0211753845, 11.7167987823, 12.1228628159, 9.38856220245, 9.10225391388, 9.79079818726, 8.75354003906, 12.4941682816, 10.4466609955, 5.74332904816, 3.70916676521, 1.79167199135, 0.557372689247, 0.124353654683, 0.0339242406189, 0.00404614768922, 0.000180135553819, 6.9747933594e-05]}, "spectral_strongpeak": {"dmean2": 0.651448845863, "median": 0.390082657337, "min": 0, "dvar2": 0.98963612318, "dvar": 0.394324094057, "dmean": 0.396120637655, "max": 8.08644390106, "var": 0.648544609547, "mean": 0.659607708454}, "spectral_energy": {"dmean2": 0.042031057179, "median": 0.0458027124405, "min": 1.04677654723e-20, "dvar2": 0.00448128767312, "dvar": 0.00194880238269, "dmean": 0.0282236244529, "max": 0.526429951191, "var": 0.00384911196306, "mean": 0.0554700307548}, "average_loudness": 0.884969592094, "spectral_rolloff": {"dmean2": 1089.71191406, "median": 495.263671875, "min": 21.533203125, "dvar2": 3313277, "dvar": 1391875.75, "dmean": 634.798522949, "max": 19035.3515625, "var": 2618118.75, "mean": 1151.47216797}, "spectral_centroid": {"dmean2": 616.810913086, "median": 1505.11572266, "min": 134.774154663, "dvar2": 302893.6875, "dvar": 155610.96875, "dmean": 413.156768799, "max": 10940.9003906, "var": 618059.6875, "mean": 1544.45507813}, "pitch_salience": {"dmean2": 0.167575284839, "median": 0.425970971584, "min": 0.0546869300306, "dvar2": 0.0234125182033, "dvar": 0.0102687850595, "dmean": 0.108000084758, "max": 0.872807741165, "var": 0.0415908060968, "mean": 0.440459370613}, "spectral_energyband_middle_high": {"dmean2": 0.00350614916533, "median": 0.00139669794589, "min": 1.35574437916e-21, "dvar2": 3.90345885535e-05, "dvar": 1.54617209773e-05, "dmean": 0.00221077376045, "max": 0.0453316494823, "var": 2.05988544622e-05, "mean": 0.00303435628302}, "spectral_contrast_coeffs": {"dmean2": [0.10133241117, 0.0862300544977, 0.0684665217996, 0.0515203289688, 0.0432200394571, 0.0350447148085], "median": [-0.684535622597, -0.779836535454, -0.817970275879, -0.825728058815, -0.821152627468, -0.775945603848], "min": [-0.950294196606, -0.950465977192, -0.966247022152, -0.95567458868, -0.959713816643, -0.961657822132], "dvar2": [0.00688630342484, 0.00435104267672, 0.00287684705108, 0.00173370260745, 0.00175151124131, 0.00102330918889], "dvar": [0.00300513696857, 0.00177776801866, 0.00107703218237, 0.000642083876301, 0.000669162836857, 0.000418846233515], "dmean": [0.0640377923846, 0.0521221198142, 0.0414264835417, 0.0311802905053, 0.0261996965855, 0.0220845174044], "max": [-0.303171932697, -0.517418384552, -0.517473638058, -0.542467236519, -0.564835965633, -0.617580592632], "var": [0.00895938556641, 0.00330594577827, 0.00355259887874, 0.00202295137569, 0.00133098638617, 0.00112589402124], "mean": [-0.678312957287, -0.774849772453, -0.807638704777, -0.818169891834, -0.81529712677, -0.77229809761]}, "melbands_skewness": {"dmean2": 3.31303405762, "median": 4.73928165436, "min": -2.32721948624, "dvar2": 14.9303693771, "dvar": 6.14321279526, "dmean": 2.17918348312, "max": 30.8010063171, "var": 23.2502346039, "mean": 5.92142152786}, "spectral_spread": {"dmean2": 1348327.25, "median": 6193011, "min": 1232687.375, "dvar2": 1630840029180.0, "dvar": 839425785856, "dmean": 878467.5, "max": 41197632, "var": 3719771193340.0, "mean": 6310929.5}, "dissonance": {"dmean2": 0.0308881606907, "median": 0.477629959583, "min": 0.272839814425, "dvar2": 0.00102600711398, "dvar": 0.000371940841433, "dmean": 0.0181107949466, "max": 0.499998241663, "var": 0.000608171627391, "mean": 0.470762878656}, "spectral_skewness": {"dmean2": 0.384199112654, "median": 1.05960011482, "min": -0.304018944502, "dvar2": 0.153616070747, "dvar": 0.0654991343617, "dmean": 0.248584061861, "max": 6.05882358551, "var": 0.335147738457, "mean": 1.18607115746}, "spectral_flux": {"dmean2": 0.0696487724781, "median": 0.083260640502, "min": 1.02312096295e-10, "dvar2": 0.00582533981651, "dvar": 0.00289449607953, "dmean": 0.0458184182644, "max": 0.52013283968, "var": 0.00818850845098, "mean": 0.116179481149}, "spectral_contrast_valleys": {"dmean2": [0.798866331577, 0.763748943806, 0.832986474037, 0.791875064373, 0.657947599888, 0.650346040726], "median": [-6.8905544281, -6.73178386688, -7.47514915466, -7.82877206802, -7.50154733658, -9.2177696228], "min": [-27.8048477173, -27.5633201599, -27.1287269592, -27.3494358063, -27.2491474152, -27.1734333038], "dvar2": [0.472598522902, 0.459375917912, 0.586348712444, 0.58401709795, 0.491369724274, 0.406775891781], "dvar": [0.206223860383, 0.225781410933, 0.251391351223, 0.242666274309, 0.225234746933, 0.170903354883], "dmean": [0.499272495508, 0.481787830591, 0.521863400936, 0.504112184048, 0.432980984449, 0.434373170137], "max": [-5.04155540466, -4.58926534653, -5.26559352875, -5.8380241394, -5.36376333237, -7.76261806488], "var": [1.16910898685, 0.68925267458, 0.643814444542, 0.734338581562, 0.917771279812, 1.09225821495], "mean": [-7.11130475998, -6.81728696823, -7.48522424698, -7.88447952271, -7.61158418655, -9.48642539978]}, "erbbands_flatness_db": {"dmean2": 0.0330947004259, "median": 0.116475827992, "min": 0.041159145534, "dvar2": 0.00101439096034, "dvar": 0.000428919593105, "dmean": 0.0209773741663, "max": 0.386122196913, "var": 0.00177740643267, "mean": 0.127941414714}, "spectral_energyband_high": {"dmean2": 0.00139648385812, "median": 0.000834671780467, "min": 7.95804375605e-21, "dvar2": 2.77176377494e-06, "dvar": 1.28620717987e-06, "dmean": 0.000896015553735, "max": 0.0142448795959, "var": 2