{"metadata": {"tags": {"label": ["KNM Special Marketing"], "asin": ["B00449PUPI"], "album": ["Berlin Afterhour 2 - From Minimal to Techno - From Electro to House"], "musicbrainz album type": ["album/compilation"], "script": ["Latn"], "albumartistsort": ["Various Artists"], "musicbrainz_artistid": ["3a61c8f1-82a9-4ed8-b13f-75e021195d97"], "musicbrainz_releasegroupid": ["02f3af7d-1bdf-46e8-8f4a-7f46b9244731"], "musicbrainz_recordingid": ["16d077f9-01dc-48b9-aa81-51639f1393fa"], "albumartist": ["Various Artists"], "musicbrainz album status": ["official"], "artist": ["Reset Robot"], "musicbrainz_albumid": ["7a134878-7755-4998-be0c-9185217f2a1f"], "artistsort": ["Reset Robot"], "title": ["Snippa"], "tracknumber": ["2/40"], "musicbrainz_albumartistid": ["89ad4ac3-39f7-470e-963a-56509c546377"], "encoding": ["Lavf56.36.100"], "discnumber": ["1/1"], "date": ["2010"], "media": ["Digital Media"], "file_name": "Reset Robot - Snippa.mp3"}, "audio_properties": {"sample_rate": 44100, "downmix": "mix", "lossless": false, "analysis_sample_rate": 44100, "md5_encoded": "1f5c2fec230d680891071a68eb78dd99", "equal_loudness": 0, "replay_gain": -13.7079467773, "codec": "mp3", "bit_rate": 160011, "length": 375.092254639}, "version": {"extractor": "music 1.0", "essentia_build_sha": "70f2e5ece6736b2c40cc944ad0e695b16b925413", "essentia_git_sha": "v2.1_beta2", "essentia": "2.1-beta2"}}, "rhythm": {"beats_loudness_band_ratio": {"dvar2": [0.149738967419, 0.0158722363412, 0.0690921247005, 0.00994936469942, 0.00274039781652, 0.00642162747681], "var": [0.063062377274, 0.00331310322508, 0.0180909093469, 0.0088335191831, 0.00165493960958, 0.00184406968765], "min": [9.05693668756e-05, 0.000115610419016, 7.1881936492e-06, 3.77324272449e-06, 1.5798621007e-06, 1.68038550328e-05], "dmean": [0.251744031906, 0.0611289255321, 0.167108178139, 0.0482505336404, 0.00765582313761, 0.0182366780937], "mean": [0.795744240284, 0.0353267416358, 0.10120844841, 0.0499133467674, 0.0111034819856, 0.020436514169], "max": [0.999800682068, 0.238879352808, 0.761216104031, 0.821456551552, 0.511869490147, 0.696369588375], "dmean2": [0.494068354368, 0.121483363211, 0.331152021885, 0.0934001430869, 0.0136084053665, 0.0326971523464], "median": [0.946852743626, 0.00344930891879, 0.00943242013454, 0.0148605052382, 0.0020430535078, 0.00977257266641], "dvar": [0.0407073162496, 0.00457964744419, 0.0181354321539, 0.0035043223761, 0.00125423260033, 0.00225178198889]}, "bpm_histogram_first_peak_weight": {"dvar2": 0, "var": 0, "min": 0.54252576828, "dmean": 0, "mean": 0.54252576828, "max": 0.54252576828, "dmean2": 0, "median": 0.54252576828, "dvar": 0}, "bpm": 124.98739624, "beats_count": 777, "bpm_histogram_first_peak_spread": {"dvar2": 0, "var": 0, "min": 0.433378219604, "dmean": 0, "mean": 0.433378219604, "max": 0.433378219604, "dmean2": 0, "median": 0.433378219604, "dvar": 0}, "danceability": 2.00104498863, "bpm_histogram_first_peak_bpm": {"dvar2": 0, "var": 0, "min": 126, "dmean": 0, "mean": 126, "max": 126, "dmean2": 0, "median": 126, "dvar": 0}, "beats_position": [0.522448956966, 1.05650794506, 1.60217678547, 2.15945577621, 2.65868473053, 3.14630389214, 3.62231278419, 4.1099319458, 4.58594083786, 5.06195020676, 5.54956912994, 6.03718805313, 6.5015873909, 6.98920631409, 7.47682523727, 7.95283412933, 8.42884349823, 8.91646194458, 9.39247131348, 9.86848068237, 10.3560991287, 10.8321084976, 11.3081178665, 11.7957363129, 12.2717456818, 12.7477550507, 13.235373497, 13.7113828659, 14.1873922348, 14.6750106812, 15.15102005, 15.6270294189, 16.114648819, 16.5906581879, 17.0666656494, 17.5542850494, 18.0302944183, 18.5063037872, 18.9939231873, 19.4699325562, 19.9459400177, 20.4335594177, 20.9095687866, 21.3855781555, 21.8731975555, 22.3492050171, 22.825214386, 23.312833786, 23.7888431549, 24.2648525238, 24.7524719238, 25.2284793854, 25.7044887543, 26.1921081543, 26.6681175232, 27.1441268921, 27.6317462921, 28.1077537537, 28.5837631226, 29.0713825226, 29.5473918915, 30.0234012604, 30.5110206604, 30.9986381531, 31.4630374908, 31.9506568909, 32.4382743835, 32.9026756287, 33.3902931213, 33.8779144287, 34.3423118591, 34.8299331665, 35.3175506592, 35.7819480896, 36.269569397, 36.7571868896, 37.2331962585, 37.7092056274, 38.1968231201, 38.672832489, 39.1488418579, 39.6364631653, 40.1124725342, 40.5884780884, 41.0760993958, 41.5521087646, 42.0281181335, 42.5157356262, 42.9917449951, 43.467754364, 43.9553718567, 44.4313812256, 44.9073905945, 45.3950119019, 45.8710212708, 46.347026825, 46.8346481323, 47.3106575012, 47.7866668701, 48.2742843628, 48.7502937317, 49.2263031006, 49.7139205933, 50.1899299622, 50.6659393311, 51.1535606384, 51.6295700073, 52.1055755615, 52.5931968689, 53.0692062378, 53.5452156067, 54.0328330994, 54.5088424683, 54.9848518372, 55.4724693298, 55.9484786987, 56.4244880676, 56.912109375, 57.3881187439, 57.8641242981, 58.3517456055, 58.8277549744, 59.3037643433, 59.7913818359, 60.2673912048, 60.7434005737, 61.2310180664, 61.7302474976, 62.252696991, 62.7867546082, 63.32081604, 63.8548736572, 64.3424911499, 64.8301086426, 65.3061218262, 65.7821273804, 66.2697525024, 66.7457580566, 67.2217712402, 67.7093887329, 68.1853942871, 68.6614074707, 69.1490249634, 69.6250305176, 70.1010437012, 70.5886611938, 71.064666748, 71.5406799316, 72.0282974243, 72.5043106079, 72.9803161621, 73.4679336548, 73.9439468384, 74.4199523926, 74.9075698853, 75.3835830688, 75.859588623, 76.3472061157, 76.8232192993, 77.2992248535, 77.7868499756, 78.2628555298, 78.738861084, 79.2264862061, 79.7024917603, 80.1785049438, 80.6661224365, 81.1537399292, 81.6181411743, 82.105758667, 82.5817642212, 83.0577774048, 83.5453948975, 84.0214080811, 84.4974136353, 84.9850311279, 85.4726486206, 85.9370498657, 86.4246673584, 86.9122848511, 87.3882980347, 87.8643035889, 88.3519287109, 88.8163223267, 89.3039474487, 89.7915649414, 90.2675704956, 90.7435836792, 91.2312011719, 91.695602417, 92.1832199097, 92.6708374023, 93.1468429565, 93.6228561401, 94.0988616943, 94.5748748779, 95.0624923706, 95.5501098633, 96.0261230469, 96.5021286011, 96.9897460938, 97.4657592773, 97.9417648315, 98.4293823242, 98.9053955078, 99.381401062, 99.8690261841, 100.345031738, 100.821044922, 101.308662415, 101.784667969, 102.260681152, 102.748298645, 103.224304199, 103.700317383, 104.187934875, 104.66394043, 105.139953613, 105.627571106, 106.10358429, 106.579589844, 107.067207336, 107.54322052, 108.019226074, 108.506843567, 108.98285675, 109.458862305, 109.946479797, 110.434104919, 110.898498535, 111.386123657, 111.87374115, 112.338134766, 112.825759888, 113.301765442, 113.777778625, 114.265396118, 114.753013611, 115.217414856, 115.705032349, 116.192649841, 116.657051086, 117.144668579, 117.632286072, 118.108299255, 118.58430481, 119.071922302, 119.536323547, 120.02394104, 120.511566162, 120.987571716, 121.463577271, 121.951202393, 122.415596008, 122.90322113, 123.390838623, 123.866844177, 124.342857361, 124.818862915, 125.294876099, 125.782493591, 126.270111084, 126.746116638, 127.222129822, 127.709747314, 128.185760498, 128.661773682, 129.149383545, 129.625396729, 130.101409912, 130.589019775, 131.065032959, 131.541046143, 132.028656006, 132.504669189, 132.980682373, 133.468292236, 133.94430542, 134.420318604, 134.907928467, 135.38394165, 135.859954834, 136.347564697, 136.823577881, 137.299591064, 137.787200928, 138.263214111, 138.739227295, 139.226852417, 139.71446228, 140.190475464, 140.666488647, 141.142486572, 141.618499756, 142.106124878, 142.582122803, 143.058135986, 143.545761108, 144.021759033, 144.497772217, 144.985397339, 145.473007202, 145.949020386, 146.425033569, 146.901046753, 147.377044678, 147.8646698, 148.352294922, 148.828292847, 149.30430603, 149.791931152, 150.267929077, 150.743942261, 151.231567383, 151.707565308, 152.183578491, 152.671203613, 153.135604858, 153.623214722, 154.110839844, 154.586837769, 155.062850952, 155.550476074, 156.026489258, 156.502487183, 156.990112305, 157.466125488, 157.942123413, 158.429748535, 158.905761719, 159.381759644, 159.869384766, 160.345397949, 160.821395874, 161.309020996, 161.78503418, 162.261047363, 162.748657227, 163.22467041, 163.700683594, 164.188293457, 164.664306641, 165.140319824, 165.627929688, 166.103942871, 166.579956055, 167.067565918, 167.543579102, 168.019592285, 168.507202148, 168.983215332, 169.459228516, 169.946838379, 170.434463501, 170.922088623, 171.421310425, 171.943756104, 172.466217041, 172.98866272, 173.511108398, 174.0103302, 174.497955322, 174.985580444, 175.461578369, 175.937591553, 176.425216675, 176.9012146, 177.377227783, 177.864852905, 178.352462769, 178.828475952, 179.304489136, 179.792098999, 180.268112183, 180.744125366, 181.231735229, 181.707748413, 182.183761597, 182.671386719, 183.147384644, 183.623397827, 184.111022949, 184.587020874, 185.063034058, 185.55065918, 186.026657104, 186.502670288, 186.99029541, 187.466293335, 187.942306519, 188.429931641, 188.905944824, 189.381942749, 189.869567871, 190.345581055, 190.821578979, 191.309204102, 191.785217285, 192.26121521, 192.748840332, 193.224853516, 193.70085144, 194.188476562, 194.664489746, 195.140487671, 195.628112793, 196.104125977, 196.58013916, 197.067749023, 197.543762207, 198.019775391, 198.507385254, 198.983398438, 199.459411621, 199.947021484, 200.423034668, 200.899047852, 201.386657715, 201.874282837, 202.350296021, 202.826293945, 203.313919067, 203.789932251, 204.265930176, 204.741943359, 205.217956543, 205.705581665, 206.193191528, 206.669204712, 207.145217896, 207.632827759, 208.108840942, 208.584854126, 209.072463989, 209.548477173, 210.024490356, 210.51210022, 210.988113403, 211.464126587, 211.95173645, 212.427749634, 212.903762817, 213.391372681, 213.867385864, 214.343399048, 214.831008911, 215.307022095, 215.783035278, 216.2706604, 216.769882202, 217.292327881, 217.81477356, 218.337234497, 218.848068237, 219.358901978, 219.8465271, 220.334152222, 220.821762085, 221.309387207, 221.785385132, 222.261398315, 222.749023438, 223.225036621, 223.701034546, 224.188659668, 224.664672852, 225.140670776, 225.628295898, 226.104309082, 226.580307007, 227.067932129, 227.543945312, 228.019943237, 228.507568359, 228.995193481, 229.471191406, 229.94720459, 230.423217773, 230.899230957, 231.38684082, 231.874465942, 232.350479126, 232.826477051, 233.302490234, 233.778503418, 234.266113281, 234.753738403, 235.218139648, 235.705749512, 236.181762695, 236.657775879, 237.145385742, 237.633010864, 238.097412109, 238.585037231, 239.072647095, 239.53704834, 240.024673462, 240.512283325, 240.988296509, 241.464309692, 241.951919556, 242.416320801, 242.903945923, 243.391555786, 243.86756897, 244.343582153, 244.831192017, 245.295593262, 245.783218384, 246.270828247, 246.746841431, 247.222854614, 247.710464478, 248.186477661, 248.662490845, 249.150115967, 249.626113892, 250.102127075, 250.589752197, 251.065750122, 251.541763306, 252.029388428, 252.505386353, 252.981399536, 253.469024658, 253.945022583, 254.421035767, 254.908660889, 255.384674072, 255.860671997, 256.348297119, 256.824310303, 257.300323486, 257.78793335, 258.263946533, 258.739959717, 259.22756958, 259.703582764, 260.179595947, 260.667205811, 261.143218994, 261.619232178, 262.106842041, 262.594451904, 263.070465088, 263.546478271, 264.022491455, 264.498504639, 264.986114502, 265.473724365, 265.949737549, 266.425750732, 266.901763916, 267.3777771, 267.865386963, 268.352996826, 268.81741333, 269.305023193, 269.792633057, 270.257049561, 270.744659424, 271.232299805, 271.708282471, 272.184295654, 272.660308838, 273.136322021, 273.623931885, 274.111572266, 274.587554932, 275.063568115, 275.551208496, 276.015594482, 276.503204346, 276.990844727, 277.46685791, 277.942840576, 278.430480957, 278.906494141, 279.382476807, 279.870117188, 280.346130371, 280.822113037, 281.309753418, 281.785766602, 282.261749268, 282.749389648, 283.225402832, 283.701385498, 284.189025879, 284.665039062, 285.141052246, 285.628662109, 286.104675293, 286.580688477, 287.06829834, 287.544311523, 288.020324707, 288.50793457, 288.983947754, 289.459960938, 289.947570801, 290.423583984, 290.899597168, 291.387207031, 291.863220215, 292.339233398, 292.826843262, 293.302856445, 293.778869629, 294.266479492, 294.742492676, 295.218505859, 295.706115723, 296.182128906, 296.65814209, 297.145751953, 297.621765137, 298.09777832, 298.585388184, 299.072998047, 299.54901123, 300.025024414, 300.501037598, 300.977050781, 301.464660645, 301.952270508, 302.428283691, 302.904296875, 303.380310059, 303.856323242, 304.343933105, 304.831573486, 305.307556152, 305.783569336, 306.271209717, 306.735595703, 307.223205566, 307.710845947, 308.186828613, 308.662841797, 309.13885498, 309.614868164, 310.102478027, 310.590118408, 311.066131592, 311.542114258, 312.029754639, 312.505767822, 312.981750488, 313.469390869, 313.945404053, 314.421386719, 314.9090271, 315.385040283, 315.861022949, 316.34866333, 316.824676514, 317.300689697, 317.788299561, 318.264312744, 318.740325928, 319.227935791, 319.703948975, 320.179962158, 320.667572021, 321.143585205, 321.619598389, 322.107208252, 322.583221436, 323.059234619, 323.546844482, 324.022857666, 324.49887085, 324.986480713, 325.462493896, 325.93850708, 326.426116943, 326.913726807, 327.378143311, 327.865753174, 328.341766357, 328.817779541, 329.305389404, 329.781402588, 330.257415771, 330.745025635, 331.221038818, 331.697052002, 332.184661865, 332.672271729, 333.148284912, 333.624298096, 334.100311279, 334.576324463, 335.063934326, 335.551544189, 336.027557373, 336.503570557, 336.97958374, 337.455596924, 337.943206787, 338.430847168, 338.906829834, 339.382843018, 339.893676758, 340.416137695, 340.973419189, 341.519073486, 342.018310547, 342.50592041, 342.981933594, 343.469573975, 343.945587158, 344.421569824, 344.909210205, 345.396820068, 345.861206055, 346.348846436, 346.836456299, 347.312469482, 347.788482666, 348.276092529, 348.740478516, 349.228118896, 349.71572876, 350.191741943, 350.667755127, 351.15536499, 351.631378174, 352.107391357, 352.595001221, 353.071014404, 353.547027588, 354.034637451, 354.510650635, 354.986663818, 355.474273682, 355.950286865, 356.426300049, 356.913909912, 357.389923096, 357.865936279, 358.353546143, 358.829559326, 359.30557251, 359.793182373, 360.269195557, 360.74520874, 361.232818604, 361.708831787, 362.184844971, 362.672454834, 363.148468018, 363.624481201, 364.112091064, 364.599731445, 365.064117432, 365.551727295, 366.027740479, 366.503753662, 366.991363525, 367.467376709, 367.943389893, 368.430999756, 368.907012939, 369.383026123, 369.870635986, 370.358276367, 370.834289551, 371.333496094, 371.844360352, 372.366790771, 372.889251709, 373.423309326, 373.957366943, 374.491424561], "beats_loudness": {"dvar2": 0.00128642935306, "var": 0.00276123150252, "min": 3.42431333289e-10, "dmean": 0.025105625391, "mean": 0.0934374630451, "max": 0.205897390842, "dmean2": 0.0479099750519, "median": 0.102634191513, "dvar": 0.000433169770986}, "bpm_histogram_second_peak_weight": {"dvar2": 0, "var": 0, "min": 0.0141752576455, "dmean": 0, "mean": 0.0141752576455, "max": 0.0141752576455, "dmean2": 0, "median": 0.0141752576455, "dvar": 0}, "bpm_histogram_second_peak_spread": {"dvar2": 0, "var": 0, "min": 0.5, "dmean": 0, "mean": 0.5, "max": 0.5, "dmean2": 0, "median": 0.5, "dvar": 0}, "bpm_histogram_second_peak_bpm": {"dvar2": 0, "var": 0, "min": 115, "dmean": 0, "mean": 115, "max": 115, "dmean2": 0, "median": 115, "dvar": 0}, "onset_rate": 4.80396556854}, "lowlevel": {"spectral_energyband_high": {"dvar2": 2.17310171138e-05, "var": 6.73923113936e-06, "min": 7.29480242453e-21, "dmean": 0.0010088061681, "mean": 0.000843981339131, "max": 0.0207992326468, "dmean2": 0.00172222335823, "median": 4.5952227083e-05, "dvar": 8.65005313244e-06}, "spectral_energyband_middle_low": {"dvar2": 0.00138160120696, "var": 0.000342561339494, "min": 2.0393541245e-22, "dmean": 0.00893466360867, "mean": 0.00796330347657, "max": 0.150912091136, "dmean2": 0.0158081706613, "median": 0.000807472737506, "dvar": 0.000495577172842}, "spectral_energy": {"dvar2": 0.00459959171712, "var": 0.00335598690435, "min": 1.02253845891e-20, "dmean": 0.0300615224987, "mean": 0.0495665557683, "max": 0.291266262531, "dmean2": 0.0449189171195, "median": 0.034677632153, "dvar": 0.00192935287487}, "spectral_spread": {"dvar2": 7318131965950.0, "var": 12214893281300.0, "min": 129883.164062, "dmean": 1383486, "mean": 5729782, "max": 45373300, "dmean2": 2039485.25, "median": 4924940, "dvar": 4054389358590.0}, "spectral_energyband_low": {"dvar2": 0.00400425633416, "var": 0.00270287157036, "min": 2.22802907954e-23, "dmean": 0.0254148524255, "mean": 0.0411524921656, "max": 0.283442974091, "dmean2": 0.0387426428497, "median": 0.0199444442987, "dvar": 0.00163207529113}, "spectral_rolloff": {"dvar2": 15248814, "var": 7913142.5, "min": 43.06640625, "dmean": 1000.06970215, "mean": 1292.01086426, "max": 19573.6816406, "dmean2": 1780.12475586, "median": 150.732421875, "dvar": 6230089}, "barkbands": {"dvar2": [2.63523384092e-06, 0.00127564778086, 0.00206741713919, 0.000457660789834, 0.000147371189087, 2.05065680348e-05, 3.05038543047e-06, 1.24245370898e-05, 2.36879841395e-05, 4.12590497945e-06, 2.55332793131e-07, 1.23671767938e-07, 5.01978689726e-08, 2.77450709518e-07, 7.656691281e-08, 7.46102841731e-08, 7.09026579671e-08, 9.23990413071e-08, 1.98908480797e-07, 6.93835104926e-08, 6.1821438635e-08, 1.56714833111e-07, 1.17945994305e-07, 2.75998132793e-07, 8.38915866552e-07, 3.93738901039e-06, 2.78572969137e-07], "var": [4.26971018896e-06, 0.00155459356029, 0.000482782925246, 0.000100335826573, 3.04365330521e-05, 7.89361456555e-06, 4.2576962187e-06, 3.44380578099e-06, 1.01840505522e-05, 1.6380430452e-06, 1.22025923588e-07, 8.52537311857e-08, 2.95318383081e-08, 7.63452803199e-08, 2.34187726988e-08, 2.5289198291e-08, 1.89165856312e-08, 3.36003864732e-08, 5.389849278e-08, 2.57939163362e-08, 1.84050836793e-08, 4.89103975099e-08, 3.61253995607e-08, 7.59960414598e-08, 2.6701965794e-07, 1.19223705042e-06, 7.86690463883e-08], "min": [9.35965024421e-25, 6.11630799418e-24, 3.38993528597e-24, 2.74287153682e-24, 2.66433258454e-23, 1.64811439337e-23, 6.07697262843e-24, 1.61892590879e-23, 2.0818627779e-23, 9.36017306178e-24, 2.13089947618e-23, 3.20839038712e-23, 2.79694325815e-23, 5.20051061295e-23, 6.55412335111e-23, 5.17053863172e-23, 5.65377052534e-23, 1.49764245736e-22, 1.6143153639e-22, 2.34613771292e-22, 2.25489440031e-22, 3.94805167851e-22, 3.02533180619e-22, 5.52158861341e-22, 9.42149125149e-22, 1.50100000083e-21, 2.03845777656e-21], "dmean": [0.000753474014346, 0.0175692923367, 0.0105740996078, 0.00426924880594, 0.00239087943919, 0.00108884344809, 0.00058623746736, 0.000740954536013, 0.000960611330811, 0.000450820720289, 0.000148642677232, 0.000112441543024, 7.18417359167e-05, 0.000123480203911, 7.66206067055e-05, 7.4272051279e-05, 6.60497171339e-05, 7.52253690735e-05, 9.90314511e-05, 6.34781827102e-05, 6.29663190921e-05, 9.67895321082e-05, 7.65262229834e-05, 0.000103826081613, 0.000177186069777, 0.000370673340512, 9.65766957961e-05], "mean": [0.000996283837594, 0.029714923352, 0.00877007748932, 0.00330283096991, 0.00178188527934, 0.000811597332358, 0.000678796030115, 0.000536407867912, 0.000825339055154, 0.000404367950978, 0.000161981559359, 0.000137057533721, 8.84325054358e-05, 0.000113961257739, 7.58131791372e-05, 7.17371513019e-05, 6.26216933597e-05, 7.75491862441e-05, 8.48184572533e-05, 6.71455127303e-05, 5.96663085162e-05, 8.17909167381e-05, 6.50585643598e-05, 8.57860068209e-05, 0.000145804311614, 0.000290474155918, 7.41272306186e-05], "max": [0.0149259027094, 0.17055785656, 0.166152477264, 0.0997961759567, 0.0533113665879, 0.0218878127635, 0.0157047696412, 0.0281549859792, 0.0255304761231, 0.0134562272578, 0.00504870945588, 0.00423044152558, 0.0024028182961, 0.00345647684298, 0.00167450890876, 0.00226732273586, 0.00125044106971, 0.00224207248539, 0.0032293703407, 0.00192322127987, 0.00300217559561, 0.00195775949396, 0.00174889073242, 0.00262100598775, 0.00470683304593, 0.00929878186435, 0.00375481857918], "dmean2": [0.000886307097971, 0.0248492341489, 0.0189926642925, 0.00791835039854, 0.00447030272335, 0.00184229458682, 0.000775679887738, 0.0012863202719, 0.0015249241842, 0.000749473867472, 0.000236844876781, 0.00017725735961, 0.000116496172268, 0.000223797353101, 0.000137660448672, 0.000131529581267, 0.00012002782023, 0.000133096851641, 0.000178592134034, 0.000112588168122, 0.000113305628474, 0.00016621274699, 0.000132838482386, 0.000180740942596, 0.000299337611068, 0.000624920474365, 0.000164774581208], "median": [8.27680341899e-05, 0.00563934026286, 0.000529373763129, 2.97683473036e-05, 7.90206468082e-05, 8.47304090712e-06, 1.59178325703e-05, 8.72302098287e-06, 2.84319448838e-05, 3.07320588036e-05, 2.77118615486e-05, 2.71795452136e-05, 2.12705217564e-05, 1.98125435418e-05, 1.60732051881e-05, 1.05765629996e-05, 1.28598621814e-05, 1.37812630783e-05, 1.18961288536e-05, 1.03150250652e-05, 8.23080517875e-06, 5.01826025356e-06, 2.52801692113e-06, 2.42866326516e-06, 2.23710117098e-06, 2.77569620266e-06, 5.22952007032e-07], "dvar": [1.81064240223e-06, 0.000691422668751, 0.000737908005249, 0.000158763199579, 5.09212186444e-05, 8.95424454939e-06, 2.23016286327e-06, 4.75791193821e-06, 1.06626748675e-05, 1.75906689037e-06, 1.09334024501e-07, 5.85437298639e-08, 2.1671475281e-08, 9.74153664401e-08, 2.76650080622e-08, 2.75210840783e-08, 2.4832548462e-08, 3.38754873042e-08, 7.12187073759e-08, 2.51260541262e-08, 2.22221832047e-08, 6.1763429926e-08, 4.66220448914e-08, 1.05409355911e-07, 3.38858541227e-07, 1.56140163199e-06, 1.07511354486e-07]}, "melbands_skewness": {"dvar2": 14.860127449, "var": 25.520740509, "min": -1.9598146677, "dmean": 2.39538216591, "mean": 5.61617469788, "max": 38.097568512, "dmean2": 3.50272679329, "median": 4.26387405396, "dvar": 7.26579332352}, "barkbands_skewness": {"dvar2": 32.3012199402, "var": 48.9576454163, "min": -3.4850666523, "dmean": 2.96017384529, "mean": 5.97380447388, "max": 36.7256660461, "dmean2": 4.05561447144, "median": 4.00272941589, "dvar": 16.9693145752}, "erbbands": {"dvar2": [0.941809356213, 119.35319519, 2395.23046875, 3692.27661133, 4126.50097656, 860.91619873, 279.750701904, 1600.01159668, 1596.70300293, 2665.63061523, 1877.2911377, 21760.0761719, 353.458465576, 6512.8046875, 100.944702148, 157.288833618, 95.0285797119, 188.305084229, 660.178039551, 274.751617432, 131.018264771, 282.905487061, 288.489379883, 462.324829102, 245.881591797, 214.288848877, 124.604438782, 117.515571594, 165.371398926, 239.891372681, 69.1828994751, 161.482650757, 51.8773536682, 66.9078140259, 60.666759491, 39.3061714172, 17.8688468933, 1.03182399273, 0.0118152061477, 2.32173351833e-06], "var": [2.39203643799, 74.0435333252, 575.343505859, 852.145935059, 935.343811035, 176.821975708, 72.9884033203, 662.66217041, 1663.8182373, 1275.09216309, 658.38659668, 8762.22558594, 180.730117798, 2928.55517578, 71.9502487183, 118.044677734, 66.8000030518, 71.8495864868, 185.76020813, 79.960723877, 46.142414093, 73.7556915283, 97.3836517334, 134.237884521, 76.3168029785, 73.3424224854, 37.0997962952, 34.4978866577, 48.5380439758, 81.4916534424, 20.1444511414, 41.7833747864, 15.5189056396, 21.3675937653, 19.079372406, 11.6994190216, 5.3595161438, 0.328390330076, 0.00290486798622, 6.26325288522e-07], "min": [1.31006471318e-22, 1.57907779292e-21, 4.31346416672e-21, 7.29131275632e-21, 2.5204582621e-20, 7.4803849186e-20, 6.73098125561e-20, 1.37352991748e-19, 7.64917047636e-20, 2.49929623553e-19, 5.31477605636e-19, 6.01556657324e-19, 3.15761593934e-19, 1.37779069896e-18, 1.5684068197e-18, 1.41695687379e-18, 1.26347351113e-18, 3.3112658238e-18, 3.91871852113e-18, 2.42037534688e-18, 4.15551427432e-18, 3.8471781515e-18, 5.81360360244e-18, 7.4592417944e-18, 8.45160458502e-18, 1.15122613598e-17, 1.14773195964e-17, 9.03830890425e-18, 1.48471922005e-17, 1.3330806356e-17, 9.68798317479e-18, 9.54525233292e-18, 1.11523914712e-17, 9.14887317365e-18, 6.22283177176e-18, 4.05755334232e-18, 2.56707417415e-18, 1.02273686271e-18, 2.72837072299e-19, 2.64891569538e-20], "dmean": [0.595536828041, 4.36682939529, 11.8517580032, 13.5680112839, 12.3463153839, 6.14399957657, 4.32906198502, 9.22962856293, 11.5014715195, 13.2998657227, 9.61973285675, 27.635263443, 6.06310415268, 19.3746128082, 3.9468100071, 3.82133626938, 2.92218804359, 4.04029941559, 5.87824296951, 4.61747026443, 3.29427909851, 4.02921104431, 4.28215837479, 4.99577188492, 3.53023862839, 3.41957902908, 2.67247152328, 2.82693886757, 3.15141940117, 3.33082866669, 1.87773168087, 2.4216709137, 1.52899861336, 1.62930119038, 1.47085738182, 1.14237046242, 0.79464417696, 0.197597488761, 0.0184622332454, 0.000291241856758], "mean": [0.921704292297, 6.31417036057, 11.0014886856, 10.6253080368, 9.6660900116, 4.64757919312, 3.13610267639, 7.08241128922, 12.3960294724, 11.9560709, 9.03160667419, 23.0175266266, 6.39066696167, 18.3291816711, 4.97966337204, 5.0343875885, 3.91029167175, 4.44403076172, 5.69009208679, 4.19131708145, 3.46276831627, 3.80946755409, 4.34202528, 4.39957237244, 3.43456912041, 3.45486211777, 2.59340071678, 2.53311133385, 2.65761184692, 2.8269329071, 1.62587022781, 1.89661538601, 1.33166790009, 1.36868774891, 1.18428182602, 0.885043799877, 0.616311728954, 0.160067841411, 0.0131656462327, 0.000253062782576], "max": [8.10549163818, 45.8300590515, 176.160629272, 265.028656006, 287.609710693, 119.798202515, 75.7733459473, 214.283981323, 289.547943115, 370.485839844, 364.327667236, 759.28338623, 106.428108215, 571.846252441, 77.4181594849, 155.932922363, 108.700775146, 99.9193344116, 164.56439209, 101.207382202, 61.4788475037, 74.661277771, 112.738861084, 152.818237305, 100.563568115, 86.5358047485, 106.280647278, 169.863800049, 71.3932418823, 77.4443206787, 39.7824363708, 67.1407470703, 35.967540741, 40.0236930847, 39.7980270386, 28.3043708801, 20.2193222046, 5.131254673, 0.850437402725, 0.0111227147281], "dmean2": [0.659631788731, 6.59092140198, 20.9842834473, 24.3377780914, 23.0291748047, 11.3917617798, 7.60178184509, 15.4328508377, 15.5043773651, 20.9207992554, 16.0326271057, 44.3337440491, 10.0327444077, 30.7203826904, 6.22843408585, 5.86198043823, 4.63799524307, 7.05504083633, 10.5894632339, 8.31686019897, 5.76819801331, 7.33951711655, 7.63328886032, 8.96445083618, 6.23506116867, 6.08918905258, 4.85104608536, 5.07486724854, 5.479347229, 5.60466146469, 3.29023170471, 4.30616998672, 2.61260938644, 2.76135492325, 2.48554778099, 1.93498373032, 1.34594368935, 0.327621757984, 0.0325935855508, 0.000492243212648], "median": [0.192052662373, 1.34338355064, 1.25639307499, 0.473249822855, 0.397100895643, 0.27989512682, 0.104635894299, 0.0930279493332, 0.172436997294, 0.299920707941, 0.323897123337, 0.660972177982, 1.0370323658, 1.73315083981, 1.2707388401, 1.18455541134, 1.04881286621, 1.11668276787, 1.09047341347, 0.796420156956, 0.65648329258, 0.786788880825, 0.819117724895, 0.646693229675, 0.594295203686, 0.495635986328, 0.391363352537, 0.283770918846, 0.185838744044, 0.110708221793, 0.0693869292736, 0.0475004389882, 0.0411363989115, 0.0279423315078, 0.0111507652327, 0.0109447855502, 0.00505367107689, 0.00137474422809, 9.72010675468e-05, 5.47490526515e-05], "dvar": [0.809046566486, 50.9148406982, 858.112243652, 1310.95458984, 1430.87133789, 298.60055542, 104.030097961, 716.066467285, 1002.84301758, 1190.56408691, 731.548278809, 9551.12988281, 154.687744141, 2927.23217773, 47.2449989319, 77.3703918457, 44.3821182251, 71.4044494629, 232.806945801, 98.9056777954, 48.5002326965, 98.8494949341, 104.831962585, 165.944091797, 89.1460647583, 76.8662261963, 44.5242767334, 42.0495262146, 63.6109313965, 99.0856704712, 26.6789207458, 60.7139053345, 20.210943222, 27.0112495422, 24.4215660095, 15.4934597015, 7.07121562958, 0.41497567296, 0.00436972966418, 8.77761749507e-07]}, "silence_rate_30dB": {"dvar2": 0.192544579506, "var": 0.135501816869, "min": 0, "dmean": 0.105979941785, "mean": 0.838378190994, "max": 1, "dmean2": 0.211973011494, "median": 1, "dvar": 0.0947483554482}, "melbands_spread": {"dvar2": 487.803039551, "var": 505.208557129, "min": 0.102491542697, "dmean": 8.17190742493, "mean": 12.8291378021, "max": 227.068588257, "dmean2": 12.694275856, "median": 3.53846645355, "dvar": 225.218688965}, "melbands_crest": {"dvar2": 42.2040367126, "var": 81.2091217041, "min": 1.67679274082, "dmean": 3.72746109962, "mean": 21.717206955, "max": 37.3196754456, "dmean2": 5.63785123825, "median": 21.045999527, "dvar": 19.4529972076}, "zerocrossingrate": {"dvar2": 0.000859932100866, "var": 0.0043808305636, "min": 0.001953125, "dmean": 0.0184901840985, "mean": 0.0468127690256, "max": 0.56298828125, "dmean2": 0.021451305598, "median": 0.0224609375, "dvar": 0.000742588657886}, "barkbands_kurtosis": {"dvar2": 117993.398438, "var": 157157.375, "min": -1.95646071434, "dmean": 104.527114868, "mean": 176.332214355, "max": 2263.453125, "dmean2": 152.380386353, "median": 19.6935653687, "dvar": 62364.78125}, "spectral_flux": {"dvar2": 0.0124192070216, "var": 0.0134280119091, "min": 6.588039142e-11, "dmean": 0.0704158768058, "mean": 0.116764090955, "max": 0.505069613457, "dmean2": 0.109224319458, "median": 0.0820466652513, "dvar": 0.00714388117194}, "barkbands_crest": {"dvar2": 31.6469020844, "var": 52.4513816833, "min": 1.96132361889, "dmean": 3.56542825699, "mean": 16.3675346375, "max": 26.1387634277, "dmean2": 5.29913806915, "median": 15.5624694824, "dvar": 15.7984704971}, "barkbands_flatness_db": {"dvar2": 0.0134405773133, "var": 0.0309303011745, "min": 0.0121898166835, "dmean": 0.0724290087819, "mean": 0.282636284828, "max": 0.850801825523, "dmean2": 0.0949669033289, "median": 0.242915630341, "dvar": 0.00676174182445}, "spectral_entropy": {"dvar2": 0.766326367855, "var": 1.65429341793, "min": 2.99649071693, "dmean": 0.502494573593, "mean": 7.04799699783, "max": 9.81863594055, "dmean2": 0.744195580482, "median": 7.50912427902, "dvar": 0.398100614548}, "pitch_salience": {"dvar2": 0.0424940176308, "var": 0.0634566023946, "min": 0.00929154269397, "dmean": 0.121059775352, "mean": 0.363182842731, "max": 0.922674775124, "dmean2": 0.179964765906, "median": 0.35370361805, "dvar": 0.019512059167}, "erbbands_spread": {"dvar2": 1003.21020508, "var": 1243.2388916, "min": 0.575953543186, "dmean": 17.4941768646, "mean": 40.8962402344, "max": 217.898468018, "dmean2": 27.4072685242, "median": 32.4214859009, "dvar": 503.488098145}, "dynamic_complexity": 4.60245800018, "spectral_contrast_valleys": {"dvar2": [1.42448818684, 1.99374878407, 1.37639045715, 1.68611860275, 2.05058956146, 1.87179076672], "var": [3.60335350037, 3.05619668961, 3.44193100929, 3.42746329308, 3.61756873131, 3.94195342064], "min": [-28.5168647766, -28.3362121582, -27.640504837, -27.4958534241, -27.4335975647, -27.3538188934], "dmean": [0.857611835003, 0.901961922646, 0.674736082554, 0.688864290714, 0.712027490139, 0.745882689953], "mean": [-8.35677051544, -8.60934448242, -8.77289009094, -9.09972763062, -9.0364780426, -11.3580179214], "max": [-5.34975528717, -5.02170324326, -5.85507535934, -6.17340946198, -5.81191301346, -7.76761960983], "dmean2": [1.20565533638, 1.3585588932, 0.991751551628, 1.00917434692, 1.0294598341, 0.986997365952], "median": [-8.1432723999, -8.60135173798, -8.28983879089, -8.59279441833, -8.53891849518, -11.2694320679], "dvar": [0.749675631523, 1.02522945404, 0.747915148735, 0.842396318913, 1.01187098026, 1.01688528061]}, "hfc": {"dvar2": 3283.49169922, "var": 1171.47814941, "min": 1.07744026876e-16, "dmean": 15.5061559677, "mean": 16.2834415436, "max": 252.724853516, "dmean2": 24.7862815857, "median": 5.40008640289, "dvar": 1319.4909668}, "spectral_kurtosis": {"dvar2": 5264.87792969, "var": 3186.16796875, "min": -1.2466801405, "dmean": 12.7755889893, "mean": 17.5369529724, "max": 936.192199707, "dmean2": 19.4927520752, "median": 5.35687351227, "dvar": 2450.14648438}, "mfcc": {"mean": [-792.809509277, 114.723449707, 24.1341114044, 29.4010257721, 18.2305793762, 20.2478733063, 19.7922172546, 17.167016983, 14.7693624496, 11.0058088303, 8.17815208435, 3.61088275909, 2.55327320099], "cov": [[23003.9746094, -860.830505371, -2560.48901367, -1188.46118164, -1478.54443359, -781.979187012, -653.892578125, -333.275726318, -287.22668457, -314.002868652, -132.176147461, -179.78112793, -237.862289429], [-860.830505371, 2537.91650391, 556.52746582, 443.915374756, 205.503967285, 62.0955314636, 125.281204224, 50.9397773743, 1.53868579865, -41.3980140686, -79.8798751831, -81.0644454956, -61.303730011], [-2560.48901367, 556.52746582, 2668.85058594, 981.059509277, 954.795227051, 395.384429932, 168.291915894, 87.6271057129, 32.3664550781, -8.39001560211, 25.4433231354, -13.9073591232, 46.2190895081], [-1188.46118164, 443.915374756, 981.059509277, 894.372619629, 698.086120605, 405.965362549, 190.365921021, 63.2241783142, 32.4567909241, 31.0507984161, -44.5154533386, -34.1651916504, -55.0345344543], [-1478.54443359, 205.503967285, 954.795227051, 698.086120605, 733.760437012, 443.487640381, 249.814559937, 118.029998779, 78.2856292725, 69.5757598877, 21.2711658478, 14.6295127869, 3.26033306122], [-781.979187012, 62.0955314636, 395.384429932, 405.965362549, 443.487640381, 424.064605713, 252.941101074, 175.561691284, 101.922729492, 83.3264846802, 42.4070968628, 26.1434116364, 5.97441625595], [-653.892578125, 125.281204224, 168.291915894, 190.365921021, 249.814559937, 252.941101074, 280.797027588, 196.836990356, 141.886917114, 101.688804626, 64.7108001709, 52.6032867432, 26.1015300751], [-333.275726318, 50.9397773743, 87.6271057129, 63.2241783142, 118.029998779, 175.561691284, 196.836990356, 218.083648682, 156.385925293, 112.125213623, 78.746963501, 61.6972160339, 43.840423584], [-287.22668457, 1.53868579865, 32.3664550781, 32.4567909241, 78.2856292725, 101.922729492, 141.886917114, 156.385925293, 169.840057373, 133.862808228, 93.8193130493, 74.7566299438, 61.0448875427], [-314.002868652, -41.3980140686, -8.39001560211, 31.0507984161, 69.5757598877, 83.3264846802, 101.688804626, 112.125213623, 133.862808228, 167.011550903, 123.036407471, 93.1639328003, 80.4933929443], [-132.176147461, -79.8798751831, 25.4433231354, -44.5154533386, 21.2711658478, 42.4070968628, 64.7108001709, 78.746963501, 93.8193130493, 123.036407471, 150.683792114, 116.007873535, 104.979759216], [-179.78112793, -81.0644454956, -13.9073591232, -34.1651916504, 14.6295127869, 26.1434116364, 52.6032867432, 61.6972160339, 74.7566299438, 93.1639328003, 116.007873535, 150.902084351, 120.226730347], [-237.862289429, -61.303730011, 46.2190895081, -55.0345344543, 3.26033306122, 5.97441625595, 26.1015300751, 43.840423584, 61.0448875427, 80.4933929443, 104.979759216, 120.226730347, 139.341400146]], "icov": [[5.51353477931e-05, 1.0902478607e-05, 4.53734865005e-05, -8.47704504849e-05, 0.000102126949059, -1.89517668332e-05, 0.000123634526972, -7.61754490668e-05, -7.14102498023e-05, 0.000240171080804, -0.000251727120485, 4.33953719039e-05, 9.43678242038e-05], [1.0902478607e-05, 0.000515586463735, -2.60038686974e-05, -0.000671887421049, 0.000425087986514, 0.000555975886527, -0.000617423444055, -0.000336831319146, 0.000271538679954, 0.000220373258344, -0.000156932364916, 0.000519149063621, -0.00039941482828], [4.53734865005e-05, -2.60038686974e-05, 0.00124836992472, -0.000783436640631, -0.00199711043388, 0.00160398194566, 0.00112578156404, -0.00203665345907, -1.20478707686e-05, 0.00246417545713, -0.00241289287806, 0.00177172711119, -0.0013786497293], [-8.47704504849e-05, -0.000671887421049, -0.000783436640631, 0.00689522363245, -0.00462536932901, -0.00219298223965, 0.00111729768105, 0.00228992779739, -3.87129439332e-05, -0.00435824180022, 0.00522369053215, -0.00354001042433, 0.00346885202453], [0.000102126949059, 0.000425087986514, -0.00199711043388, -0.00462536932901, 0.0135944504291, -0.00721378903836, -0.00459002237767, 0.00680057704449, -0.00197653099895, -0.00131018576212, 0.00110373611096, -0.000493251602165, -0.000874873716384], [-1.89517668332e-05, 0.000555975886527, 0.00160398194566, -0.00219298223965, -0.00721378903836, 0.0145801557228, -0.00277050561272, -0.00989818014205, 0.00615891255438, 0.00146583572496, -0.00397114781663, 0.00340636610053, -0.00150126917288], [0.000123634526972, -0.000617423444055, 0.00112578156404, 0.00111729768105, -0.00459002237767, -0.00277050561272, 0.0173173230141, -0.00984912458807, -0.00342679163441, 0.0030920447316, -0.00175183347892, -0.00215002661571, 0.00297836819664], [-7.61754490668e-05, -0.000336831319146, -0.00203665345907, 0.00228992779739, 0.00680057704449, -0.00989818014205, -0.00984912458807, 0.0300359223038, -0.0178264621645, -0.000363415310858, 0.00335055519827, -0.00262409867719, 0.00172135268804], [-7.14102498023e-05, 0.000271538679954, -1.20478707686e-05, -3.87129439332e-05, -0.00197653099895, 0.00615891255438, -0.00342679163441, -0.0178264621645, 0.0355113372207, -0.0185772124678, 0.00342783308588, 2.31075719057e-05, -0.00140930642374], [0.000240171080804, 0.000220373258344, 0.00246417545713, -0.00435824180022, -0.00131018576212, 0.00146583572496, 0.0030920447316, -0.000363415310858, -0.0185772124678, 0.0350478775799, -0.0219081863761, 0.00482074311003, -0.00229015783407], [-0.000251727120485, -0.000156932364916, -0.00241289287806, 0.00522369053215, 0.00110373611096, -0.00397114781663, -0.00175183347892, 0.00335055519827, 0.00342783308588, -0.0219081863761, 0.0363196879625, -0.0134441517293, -0.00282616796903], [4.33953719039e-05, 0.000519149063621, 0.00177172711119, -0.00354001042433, -0.000493251602165, 0.00340636610053, -0.00215002661571, -0.00262409867719, 2.31075719057e-05, 0.00482074311003, -0.0134441517293, 0.0306282006204, -0.0196822918952], [9.43678242038e-05, -0.00039941482828, -0.0013786497293, 0.00346885202453, -0.000874873716384, -0.00150126917288, 0.00297836819664, 0.00172135268804, -0.00140930642374, -0.00229015783407, -0.00282616796903, -0.0196822918952, 0.0290265902877]]}, "silence_rate_20dB": {"dvar2": 0, "var": 0, "min": 1, "dmean": 0, "mean": 1, "max": 1, "dmean2": 0, "median": 1, "dvar": 0}, "melbands_kurtosis": {"dvar2": 26764.2226562, "var": 25866.328125, "min": -1.68709731102, "dmean": 68.4358215332, "mean": 105.57635498, "max": 2227.72412109, "dmean2": 103.687492371, "median": 45.209186554, "dvar": 12352.4814453}, "barkbands_spread": {"dvar2": 620.908630371, "var": 461.068908691, "min": 0.0574203617871, "dmean": 10.3419237137, "mean": 14.8308563232, "max": 137.203720093, "dmean2": 15.8958539963, "median": 6.56265878677, "dvar": 282.228393555}, "erbbands_skewness": {"dvar2": 4.99056196213, "var": 9.77042770386, "min": -2.34449672699, "dmean": 1.19627737999, "mean": 1.66022336483, "max": 15.5859928131, "dmean2": 1.79212629795, "median": 0.58015191555, "dvar": 2.51461625099}, "average_loudness": 0.962785542011, "spectral_centroid": {"dvar2": 620000.25, "var": 983165.0625, "min": 53.6287345886, "dmean": 381.271240234, "mean": 1055.91479492, "max": 11498.1083984, "dmean2": 588.912353516, "median": 755.333618164, "dvar": 269593.6875}, "dissonance": {"dvar2": 0.00436189444736, "var": 0.00369895319454, "min": 0.0803292691708, "dmean": 0.033788960427, "mean": 0.44989657402, "max": 0.500000119209, "dmean2": 0.0543823987246, "median": 0.470543622971, "dvar": 0.00189501571003}, "erbbands_flatness_db": {"dvar2": 0.00506657734513, "var": 0.00962184928358, "min": 0.0372939296067, "dmean": 0.0433007590473, "mean": 0.181981220841, "max": 0.603432774544, "dmean2": 0.0630364641547, "median": 0.160222142935, "dvar": 0.00297036627308}, "spectral_strongpeak": {"dvar2": 0.258637219667, "var": 0.175898984075, "min": 0, "dmean": 0.260259866714, "mean": 0.48515355587, "max": 3.96410512924, "dmean2": 0.38461458683, "median": 0.391862034798, "dvar": 0.109296128154}, "spectral_rms": {"dvar2": 1.26905888465e-05, "var": 1.73123116838e-05, "min": 3.15847825325e-12, "dmean": 0.0021327920258, "mean": 0.00557185709476, "max": 0.0168571118265, "dmean2": 0.0028845819179, "median": 0.00581651413813, "dvar": 6.24888207312e-06}, "silence_rate_60dB": {"dvar2": 0.260511368513, "var": 0.178335413337, "min": 0, "dmean": 0.151046186686, "mean": 0.232311978936, "max": 1, "dmean2": 0.302111059427, "median":