{"tonal": {"thpcp": [1, 0.668790817261, 0.311470210552, 0.212244525552, 0.167854979634, 0.255223929882, 0.327464193106, 0.289127767086, 0.298822134733, 0.253334373236, 0.149266973138, 0.144480541348, 0.152852281928, 0.165145903826, 0.273233681917, 0.312786638737, 0.227177560329, 0.183620125055, 0.184525534511, 0.218659594655, 0.362744003534, 0.410570681095, 0.294499546289, 0.268135428429, 0.26605463028, 0.210943326354, 0.210368409753, 0.220885515213, 0.229055657983, 0.315767735243, 0.330048978329, 0.237913116813, 0.214614868164, 0.22323513031, 0.284245967865, 0.693436861038], "hpcp": {"dmean2": [0.241431936622, 0.222532600164, 0.20604339242, 0.179114043713, 0.168027833104, 0.164675951004, 0.16739448905, 0.17464672029, 0.199037894607, 0.190953224897, 0.167527869344, 0.159153163433, 0.171176925302, 0.219757407904, 0.363724529743, 0.336909085512, 0.350825428963, 0.258129298687, 0.193870514631, 0.165354400873, 0.184378296137, 0.198651105165, 0.222753837705, 0.246503710747, 0.184617847204, 0.121605589986, 0.124350301921, 0.135098278522, 0.148737445474, 0.191131979227, 0.204599529505, 0.179714411497, 0.152173161507, 0.159644797444, 0.184358283877, 0.220356732607], "median": [0.0766736418009, 0.0547854229808, 0.027923008427, 0.0270691737533, 0.0303463749588, 0.037128098309, 0.0373198240995, 0.0393734350801, 0.0489708594978, 0.047893088311, 0.0425212047994, 0.0407523028553, 0.0441641695797, 0.0614214874804, 0.223960876465, 0.32953324914, 0.196452945471, 0.0572972372174, 0.0277950875461, 0.0178462266922, 0.0358012914658, 0.04585249722, 0.0419422239065, 0.033081676811, 0.0231864526868, 0.0172699019313, 0.0173404794186, 0.0168656669557, 0.0161696951836, 0.0234523527324, 0.0291430074722, 0.0315888784826, 0.0315848812461, 0.031302344054, 0.0339144580066, 0.0611475110054], "min": [0, 0, 0, 0, 0, 0, 0, 0, 0, 0, 0, 0, 0, 0, 0, 0, 0, 0, 0, 0, 0, 0, 0, 0, 0, 0, 0, 0, 0, 0, 0, 0, 0, 0, 0, 0], "dvar2": [0.111234143376, 0.107965834439, 0.117284707725, 0.0980740040541, 0.0853543877602, 0.0768340155482, 0.0818749144673, 0.0882374122739, 0.10645314306, 0.0997326523066, 0.0833635926247, 0.075663022697, 0.0812708586454, 0.103213056922, 0.149874478579, 0.156539797783, 0.156058192253, 0.136239171028, 0.116813533008, 0.105304293334, 0.0940788239241, 0.101980611682, 0.112384229898, 0.153306588531, 0.095598295331, 0.0573708042502, 0.0611270293593, 0.0741451606154, 0.0817982405424, 0.109537683427, 0.124856650829, 0.0984136536717, 0.0764702335, 0.0824805274606, 0.0990782827139, 0.102026417851], "dvar": [0.0424478948116, 0.0385359562933, 0.041949249804, 0.036143604666, 0.0301058571786, 0.0281968954951, 0.0301991961896, 0.0318038575351, 0.0391396768391, 0.0377178117633, 0.0299987662584, 0.0274371430278, 0.0292488373816, 0.0368462391198, 0.0538701303303, 0.0637858361006, 0.0551539957523, 0.0488075502217, 0.0422651655972, 0.0375633314252, 0.0341589488089, 0.0402577780187, 0.0405743159354, 0.0554221011698, 0.0358183383942, 0.0206150580198, 0.0218401812017, 0.0265130586922, 0.0292333122343, 0.0398600101471, 0.0462149903178, 0.0348500274122, 0.0271862726659, 0.0295604169369, 0.0350557602942, 0.0387514978647], "dmean": [0.138602659106, 0.126086160541, 0.115076728165, 0.100631125271, 0.0942737609148, 0.0929301604629, 0.0945210829377, 0.0980788245797, 0.11244636029, 0.108300969005, 0.0949720963836, 0.0901321545243, 0.0960138142109, 0.12349087745, 0.208576112986, 0.193794891238, 0.20046018064, 0.144341081381, 0.106572128832, 0.0907711684704, 0.10469789058, 0.112636946142, 0.125805139542, 0.136763885617, 0.104386866093, 0.0694355890155, 0.0697659850121, 0.0754539817572, 0.0832763984799, 0.108367323875, 0.115494437516, 0.101159580052, 0.0852184817195, 0.0885759964585, 0.102760486305, 0.126762956381], "max": [1, 1, 1, 1, 1, 1, 1, 1, 1, 1, 1, 1, 1, 1, 1, 1, 1, 1, 1, 1, 1, 1, 1, 1, 1, 1, 1, 1, 1, 1, 1, 1, 1, 1, 1, 1], "var": [0.0674961432815, 0.0397984683514, 0.0517747849226, 0.0560711659491, 0.0313767753541, 0.0274120140821, 0.0316674001515, 0.0331391356885, 0.0570113360882, 0.0649035945535, 0.0316064320505, 0.0286416392773, 0.0279884189367, 0.0348441116512, 0.0865202248096, 0.156935572624, 0.0892071947455, 0.0470111034811, 0.0361957624555, 0.0287896133959, 0.0400950089097, 0.0643431320786, 0.0457559190691, 0.0601760856807, 0.0481285229325, 0.0198036581278, 0.0214605238289, 0.0241189580411, 0.0259492136538, 0.0549327172339, 0.0679716989398, 0.0356382839382, 0.0240579303354, 0.0250156521797, 0.0321389883757, 0.0600432381034], "mean": [0.189818903804, 0.136155799031, 0.123966895044, 0.123004883528, 0.097525306046, 0.0972595065832, 0.10212187469, 0.105899170041, 0.145988717675, 0.152591347694, 0.109994232655, 0.0992227643728, 0.103208169341, 0.131415277719, 0.320596247911, 0.462329417467, 0.309201657772, 0.144001841545, 0.0981268882751, 0.0776042938232, 0.117997534573, 0.151396334171, 0.133672267199, 0.138154268265, 0.117123931646, 0.0690105110407, 0.066797606647, 0.0706681087613, 0.0763518065214, 0.126323968172, 0.144610464573, 0.105030871928, 0.084892988205, 0.0853115841746, 0.101092763245, 0.16770721972]}, "tuning_equal_tempered_deviation": 0.121630519629, "chords_changes_rate": 0.076676748693, "key_key": "D", "tuning_diatonic_strength": 0.538850486279, "key_scale": "minor", "chords_number_rate": 0.00195694714785, "tuning_frequency": 443.060424805, "tuning_nontempered_energy_ratio": 0.763526082039, "chords_histogram": [30.9909267426, 0.195694714785, 2.8286781311, 3.93168473244, 1.81462371349, 22.3091983795, 5.51503276825, 7.73883628845, 0.409179866314, 5.53282356262, 2.40170788765, 0.142323434353, 0.0177904292941, 0, 0.0711617171764, 0, 0, 0.338018149137, 0.195694714785, 0.142323434353, 0.0889521464705, 0.124532997608, 5.99537467957, 9.2154417038], "key_strength": 0.633046329021, "chords_key": "D", "chords_strength": {"dmean2": 0.0112042753026, "median": 0.455787360668, "min": -1, "dvar2": 0.000761736184359, "dvar": 0.000400022690883, "dmean": 0.00951704476029, "max": 0.769589066505, "var": 0.0115606905892, "mean": 0.463387936354}, "chords_scale": "minor", "hpcp_entropy": {"dmean2": 1.15850317478, "median": 2.34802007675, "min": 0, "dvar2": 0.829796075821, "dvar": 0.301797300577, "dmean": 0.687956869602, "max": 4.55772924423, "var": 0.652655422688, "mean": 2.32599425316}}, "metadata": {"audio_properties": {"equal_loudness": 0, "codec": "mp3", "downmix": "mix", "sample_rate": 44100, "analysis_sample_rate": 44100, "bit_rate": 320032, "md5_encoded": "78b2167342b0f6b751efe0120265f8be", "length": 260.963256836, "replay_gain": -13.7321491241, "lossless": false}, "version": {"essentia_build_sha": "70f2e5ece6736b2c40cc944ad0e695b16b925413", "essentia": "2.1-beta2", "extractor": "music 1.0", "essentia_git_sha": "v2.1_beta2"}, "tags": {"title": ["Telescope (French version)"], "barcode": ["3760054220485"], "media": ["CD"], "albumartist": ["Septic Flesh"], "musicbrainz_recordingid": ["16d422af-ea77-46ec-a9eb-45fb1bee3311"], "originalyear": ["1999"], "discnumber": ["1/1"], "album": ["Revolution DNA"], "catalognumber": ["HOLY 50 CDX"], "musicbrainz album release country": ["FR"], "musicbrainz album type": ["album"], "musicbrainz album status": ["official"], "file_name": "16 - Telescope (French Version) (Bonus Track).mp3", "musicbrainz_albumartistid": ["f23d00be-5619-43aa-a9b0-b32b73e5ba4f"], "date": ["2005"], "genre": ["Industrial Death/Doom"], "musicbrainz_releasegroupid": ["31017a08-07d4-34a7-8cbd-45330cd626b3"], "musicbrainz_artistid": ["f23d00be-5619-43aa-a9b0-b32b73e5ba4f"], "originaldate": ["1999"], "musicbrainz_albumid": ["02455a80-d40f-441e-b365-de22d9c2c99f"], "tracknumber": ["16/16"], "encodedby": ["Exact Audio Copy   (\u0414\u043e\u0441\u0442\u043e\u0432\u0435\u0440\u043d\u044b\u0439 \u0420\u0435\u0436\u0438\u043c)"], "artistsort": ["Septicflesh"], "artist": ["Septic Flesh"], "label": ["Holy Records"], "albumartistsort": ["Septicflesh"], "acoustid_id": ["fb902d0b-bb58-45ec-86d1-40f4a950cd69"], "script": ["Latn"]}}, "rhythm": {"bpm_histogram_first_peak_bpm": {"dmean2": 0, "median": 144, "min": 144, "dvar2": 0, "dvar": 0, "dmean": 0, "max": 144, "var": 0, "mean": 144}, "bpm": 143.763168335, "bpm_histogram_second_peak_spread": {"dmean2": 0, "median": 0.304347813129, "min": 0.304347813129, "dvar2": 0, "dvar": 0, "dmean": 0, "max": 0.304347813129, "var": 0, "mean": 0.304347813129}, "bpm_histogram_first_peak_weight": {"dmean2": 0, "median": 0.661835730076, "min": 0.661835730076, "dvar2": 0, "dvar": 0, "dmean": 0, "max": 0.661835730076, "var": 0, "mean": 0.661835730076}, "onset_rate": 2.94274663925, "beats_position": [0.429569154978, 0.882358253002, 1.33514738083, 1.78793644905, 2.24072551727, 2.67029476166, 3.09986400604, 3.52943301201, 3.94739222527, 4.3653512001, 4.78331041336, 5.20126962662, 5.61922883987, 6.03718805313, 6.44353723526, 6.84988641739, 7.26784563065, 7.6858048439, 8.10376358032, 8.52172279358, 8.93968200684, 9.35764122009, 9.77560043335, 10.1935596466, 10.6115188599, 11.0294780731, 11.4474372864, 11.8653964996, 12.2833557129, 12.7013149261, 13.1192741394, 13.5488433838, 14.0016326904, 14.4544210434, 14.90721035, 15.3483896255, 15.7779588699, 16.2075271606, 16.6254863739, 17.0434455872, 17.4614048004, 17.8793640137, 18.2973232269, 18.7152824402, 19.1332416534, 19.5512008667, 19.96916008, 20.3755092621, 20.7818584442, 21.1998176575, 21.6177768707, 22.0241260529, 22.4420852661, 22.8600444794, 23.2780036926, 23.6959629059, 24.1255321503, 24.5551013947, 24.984670639, 25.4490699768, 25.9134693146, 26.3662586212, 26.8190479279, 27.2602272034, 27.7014045715, 28.1193637848, 28.537322998, 28.9552822113, 29.3732414246, 29.7912006378, 30.1975498199, 30.6155090332, 31.0218582153, 31.4398174286, 31.8577766418, 32.2757377625, 32.6936950684, 33.111656189, 33.5296134949, 33.9475746155, 34.3655319214, 34.783493042, 35.2014503479, 35.6194114685, 36.0373687744, 36.455329895, 36.8732872009, 37.2912483215, 37.7092056274, 38.1155548096, 38.5219039917, 38.9282531738, 39.3462142944, 39.7641716003, 40.1937408447, 40.6116981506, 41.0296592712, 41.4592285156, 41.8655776978, 42.2835350037, 42.7014961243, 43.1194534302, 43.5374145508, 43.9553718567, 44.3733329773, 44.7912902832, 45.2092514038, 45.6272087097, 46.0451698303, 46.4631271362, 46.8810882568, 47.2990455627, 47.7170066833, 48.1349639893, 48.5413131714, 48.9476623535, 49.3656234741, 49.78358078, 50.2015419006, 50.6194992065, 51.0374603271, 51.4554176331, 51.8733787537, 52.2913360596, 52.7092971802, 53.1272544861, 53.5452156067, 53.9631729126, 54.3811340332, 54.7990913391, 55.2054405212, 55.6234016418, 56.0413589478, 56.4593200684, 56.8656692505, 57.2836265564, 57.701587677, 58.1195449829, 58.5375061035, 58.9554634094, 59.37342453, 59.7913818359, 60.2093429565, 60.6273002625, 61.0452613831, 61.463218689, 61.8811798096, 62.2991371155, 62.7170982361, 63.1234474182, 63.5297966003, 63.9477539062, 64.3657150269, 64.7836685181, 65.2016296387, 65.6195907593, 66.0375518799, 66.443901062, 66.8502502441, 67.2682037354, 67.686164856, 68.1041259766, 68.5220870972, 68.9400405884, 69.358001709, 69.7759628296, 70.1823120117, 70.6002731323, 71.0066223145, 71.4245758057, 71.8425369263, 72.2604980469, 72.6784591675, 73.0964126587, 73.5143737793, 73.9323348999, 74.3502960205, 74.7682495117, 75.1862106323, 75.6041717529, 76.0221328735, 76.4400863647, 76.8580474854, 77.276008606, 77.6939697266, 78.1119232178, 78.5298843384, 78.947845459, 79.3658065796, 79.7837600708, 80.2017211914, 80.619682312, 81.0376434326, 81.4555969238, 81.8735580444, 82.291519165, 82.6978683472, 83.1042175293, 83.5221786499, 83.9401321411, 84.3697052002, 84.7992706299, 85.2172317505, 85.6235809326, 86.0299301147, 86.4478912354, 86.865852356, 87.2838058472, 87.7017669678, 88.1197280884, 88.537689209, 88.9556427002, 89.3736038208, 89.7799530029, 90.1979141235, 90.6042633057, 91.0222167969, 91.4401779175, 91.8581390381, 92.2761001587, 92.6940536499, 93.1120147705, 93.5299758911, 93.9479370117, 94.3775024414, 94.795463562, 95.2134246826, 95.6313781738, 96.037727356, 96.4556884766, 96.8736495972, 97.2799987793, 97.6863479614, 98.104309082, 98.5222625732, 98.9286117554, 99.3349609375, 99.7529220581, 100.182495117, 100.600448608, 101.030021667, 101.447982788, 101.865936279, 102.2838974, 102.701858521, 103.119819641, 103.537773132, 103.944122314, 104.362083435, 104.768432617, 105.186393738, 105.604354858, 106.02230835, 106.44026947, 106.858230591, 107.276191711, 107.694145203, 108.112106323, 108.530067444, 108.948028564, 109.365982056, 109.783943176, 110.190292358, 110.608253479, 111.014602661, 111.432563782, 111.850517273, 112.268478394, 112.686439514, 113.104400635, 113.522354126, 113.940315247, 114.358276367, 114.776237488, 115.194190979, 115.6121521, 116.03011322, 116.448066711, 116.854415894, 117.260765076, 117.678726196, 118.096687317, 118.514648438, 118.92099762, 119.327346802, 119.745300293, 120.174873352, 120.592834473, 121.022399902, 121.440361023, 121.858322144, 122.276275635, 122.694236755, 123.112197876, 123.530158997, 123.948112488, 124.366073608, 124.784034729, 125.20199585, 125.619949341, 126.037910461, 126.455871582, 126.873832703, 127.280181885, 127.698135376, 128.116104126, 128.534057617, 128.94039917, 129.35836792, 129.776321411, 130.194290161, 130.612243652, 131.030197144, 131.448165894, 131.866119385, 132.272476196, 132.690429688, 133.119995117, 133.537963867, 133.955917358, 134.37387085, 134.7918396, 135.198181152, 135.604537964, 136.022491455, 136.440444946, 136.858413696, 137.276367188, 137.694335938, 138.10067749, 138.507034302, 138.924987793, 139.342941284, 139.760910034, 140.190475464, 140.608428955, 141.037994385, 141.455963135, 141.873916626, 142.291885376, 142.709838867, 143.11618042, 143.522537231, 143.940490723, 144.358459473, 144.764801025, 145.171157837, 145.589111328, 146.018676758, 146.448257446, 146.866210938, 147.284164429, 147.702133179, 148.12008667, 148.538040161, 148.956008911, 149.362350464, 149.780319214, 150.209884644, 150.627838135, 151.045806885, 151.463760376, 151.881713867, 152.299682617, 152.70602417, 153.112380981, 153.530334473, 153.936691284, 154.354644775, 154.772598267, 155.178955078, 155.596908569, 156.014877319, 156.432830811, 156.850784302, 157.268753052, 157.686706543, 158.104675293, 158.522628784, 158.940582275, 159.358551025, 159.776504517, 160.194458008, 160.612426758, 161.030380249, 161.448348999, 161.86630249, 162.284255981, 162.702224731, 163.120178223, 163.526535034, 163.944488525, 164.362442017, 164.780410767, 165.186752319, 165.604721069, 166.022674561, 166.440628052, 166.858596802, 167.276550293, 167.694503784, 168.112472534, 168.530426025, 168.948379517, 169.366348267, 169.784301758, 170.202270508, 170.620223999, 171.03817749, 171.444534302, 171.850875854, 172.268844604, 172.686798096, 173.104751587, 173.522720337, 173.940673828, 174.358642578, 174.776596069, 175.194549561, 175.624130249, 176.053695679, 176.460037231, 176.878005981, 177.295959473, 177.713912964, 178.120269775, 178.538223267, 178.956192017, 179.374145508, 179.780502319, 180.186843872, 180.604797363, 181.022766113, 181.429107666, 181.835464478, 182.265029907, 182.694595337, 183.112564087, 183.530517578, 183.948471069, 184.366439819, 184.772781372, 185.179138184, 185.585479736, 186.003448486, 186.421401978, 186.850967407, 187.280548096, 187.710113525, 188.128067017, 188.546035767, 189.03364563, 189.521270752, 189.997268677, 190.426849365, 190.856414795, 191.285980225, 191.715545654, 192.156738281, 192.586303711, 193.027481079, 193.468658447, 193.921447754, 194.339401245, 194.768981934, 195.198547363, 195.628112793, 196.069290161, 196.440811157, 196.823944092, 197.195465088, 197.648254395, 198.089431763, 198.518997192, 198.960174561, 199.401351929, 199.854141235, 200.306930542, 200.74810791, 201.189300537, 201.630477905, 202.060043335, 202.501220703, 202.930786133, 203.371963501, 203.824752808, 204.265930176, 204.707122803, 205.148300171, 205.577865601, 206.00743103, 206.448608398, 206.889785767, 207.330978394, 207.772155762, 208.21333313, 208.654510498, 209.095687866, 209.525253296, 209.966430664, 210.407608032, 210.848800659, 211.289978027, 211.719543457, 212.160720825, 212.590286255, 213.031463623, 213.47265625, 213.90222168, 214.320175171, 214.738143921, 215.156097412, 215.585662842, 216.015228271, 216.44480896, 216.87437439, 217.292327881, 217.710296631, 218.128250122, 218.534591675, 218.940948486, 219.358901978, 219.776870728, 220.194824219, 220.61277771, 221.03074646, 221.448699951, 221.866668701, 222.284622192, 222.702575684, 223.120544434, 223.538497925, 223.956451416, 224.374420166, 224.792373657, 225.198730469, 225.605072021, 226.023040771, 226.429382324, 226.847335815, 227.265304565, 227.694869995, 228.112823486, 228.530792236, 228.948745728, 229.366714478, 229.784667969, 230.191009521, 230.597366333, 231.015319824, 231.433288574, 231.851242065, 232.269195557, 232.687164307, 233.105117798, 233.523086548, 233.941040039, 234.35899353, 234.77696228, 235.194915771, 235.612869263, 236.030838013, 236.448791504, 236.866760254, 237.284713745, 237.702667236, 238.120635986, 238.538589478, 238.956542969, 239.374511719, 239.79246521, 240.21043396, 240.628387451, 241.046340942, 241.464309692, 241.870651245, 242.277008057, 242.694961548, 243.112915039, 243.530883789, 243.94883728, 244.366790771, 244.784759521, 245.202713013, 245.609069824, 246.027023315, 246.444976807, 246.862945557, 247.280899048, 247.710464478, 248.128433228, 248.546386719, 248.964355469, 249.370697021, 249.788650513, 250.195007324, 250.589752197, 251.007705688, 251.42565918, 251.855239868, 252.284805298, 252.702758789, 253.120727539, 253.527069092, 253.956634521, 254.38621521, 254.81578064, 255.245346069, 255.651702881, 256.058044434, 256.476013184, 256.882354736, 257.230651855, 257.578948975, 257.927246094, 258.275543213, 258.623840332, 258.972137451, 259.32043457, 259.668762207, 260.017059326, 260.376953125], "beats_loudness": {"dmean2": 0.027520891279, "median": 0.0277864038944, "min": 2.88553653194e-10, "dvar2": 0.00121931429021, "dvar": 0.000351560272975, "dmean": 0.0154954688624, "max": 0.157323881984, "var": 0.000359185825801, "mean": 0.0311001222581}, "danceability": 1.0489525795, "bpm_histogram_second_peak_weight": {"dmean2": 0, "median": 0.0515297912061, "min": 0.0515297912061, "dvar2": 0, "dvar": 0, "dmean": 0, "max": 0.0515297912061, "var": 0, "mean": 0.0515297912061}, "beats_count": 622, "bpm_histogram_second_peak_bpm": {"dmean2": 0, "median": 136, "min": 136, "dvar2": 0, "dvar": 0, "dmean": 0, "max": 136, "var": 0, "mean": 136}, "bpm_histogram_first_peak_spread": {"dmean2": 0, "median": 0.260791361332, "min": 0.260791361332, "dvar2": 0, "dvar": 0, "dmean": 0, "max": 0.260791361332, "var": 0, "mean": 0.260791361332}, "beats_loudness_band_ratio": {"dmean2": [0.421252936125, 0.0876097381115, 0.108126975596, 0.163528546691, 0.158358305693, 0.211050704122], "median": [0.462073415518, 0.0378060787916, 0.0374678894877, 0.074717387557, 0.115991108119, 0.132563218474], "min": [3.36586526828e-05, 0.000715477450285, 0.000516882166266, 0.000330798327923, 0.000290065712761, 0.000238067543251], "dvar2": [0.100117214024, 0.0107834115624, 0.0208928827196, 0.0318834669888, 0.0212457757443, 0.0575633645058], "dvar": [0.0349681153893, 0.00370140769519, 0.00783328153193, 0.0107751665637, 0.00751815550029, 0.0198096800596], "dmean": [0.239463299513, 0.0489533282816, 0.0601752139628, 0.0911542475224, 0.0897723659873, 0.120833076537], "max": [0.995134472847, 0.585542023182, 0.871153950691, 0.642362356186, 0.746521353722, 0.964381337166], "var": [0.0676133930683, 0.00324889388867, 0.00707012740895, 0.0123689249158, 0.0120105901733, 0.0234229452908], "mean": [0.488479763269, 0.0553844682872, 0.061189327389, 0.106773093343, 0.136481896043, 0.165103420615]}}, "lowlevel": {"barkbands_spread": {"dmean2": 14.06391716, "median": 41.0240936279, "min": 0.2256411165, "dvar2": 225.193969727, "dvar": 101.413063049, "dmean": 8.9619178772, "max": 153.313812256, "var": 357.504425049, "mean": 41.2170143127}, "melbands_spread": {"dmean2": 19.6785011292, "median": 39.267616272, "min": 0.330018997192, "dvar2": 445.982879639, "dvar": 198.098342896, "dmean": 12.4739198685, "max": 273.857208252, "var": 804.183898926, "mean": 42.3353347778}, "hfc": {"dmean2": 13.4888496399, "median": 28.7835521698, "min": 1.10995250348e-16, "dvar2": 347.628631592, "dvar": 142.785827637, "dmean": 8.51026248932, "max": 195.226470947, "var": 560.390380859, "mean": 33.3295898438}, "barkbands_kurtosis": {"dmean2": 6.20232152939, "median": -0.522621512413, "min": -1.97764611244, "dvar2": 690.77532959, "dvar": 268.083068848, "dmean": 3.73830413818, "max": 758.992980957, "var": 371.244232178, "mean": 3.28755378723}, "gfcc": {"mean": [17.0078964233, 48.1951751709, -111.981384277, 47.7102584839, -38.8560905457, 19.3712043762, -22.8024806976, 11.6364479065, -22.5377922058, 3.42915225029, -18.760602951, 1.23832631111, -5.89355945587], "icov": [[0.000120618838992, -0.000150333100464, 5.24264651176e-05, -2.35440293181e-05, 8.72470627655e-05, -0.000224541669013, 0.000317160651321, -0.000188804333447, 0.000425968726631, -0.000468178361189, 0.000719176663551, -0.000712496228516, 0.000393570371671], [-0.000150333100464, 0.0012789281318, 0.000318648264511, -0.000455589761259, -0.000492125574965, 0.000477150490042, -0.000424800382461, 0.00016478492762, -0.000357949436875, 0.000989904510789, -0.001791241928, 0.00171003805008, -0.00143941573333], [5.24264651176e-05, 0.000318648264511, 0.001119920169, -0.000374594819732, -0.000131128064822, -0.000586309586652, 0.000592798402067, -0.000720775569789, 0.000340453290846, -0.000257477833657, 4.51472351415e-06, -0.000483475800138, 0.00100268225651], [-2.35440293181e-05, -0.000455589761259, -0.000374594819732, 0.00295721786097, -0.000618722173385, -0.000338013400324, -0.000101931611425, -1.33732564791e-05, -0.000412139430409, 8.51844670251e-05, 6.5002561314e-05, 0.000922440900467, -0.000812310434412], [8.72470627655e-05, -0.000492125574965, -0.000131128064822, -0.000618722173385, 0.00412569614127, -0.000683494610712, -0.00111187179573, -0.000741266296245, 0.000814368191641, -0.00156741694082, 0.00165560515597, -0.0015940858284, 0.00109145627357], [-0.000224541669013, 0.000477150490042, -0.000586309586652, -0.000338013400324, -0.000683494610712, 0.00489203166217, -0.00122587091755, -0.00205096695572, 0.0014986936003, 0.000708685140125, -0.00282122474164, 0.00249326066114, -0.000111476991151], [0.000317160651321, -0.000424800382461, 0.000592798402067, -0.000101931611425, -0.00111187179573, -0.00122587091755, 0.00670183869079, 4.36663722212e-05, 0.00102921202779, -0.000639532227069, 0.00182914221659, -0.00143043347634, -0.000169043953065], [-0.000188804333447, 0.00016478492762, -0.000720775569789, -1.33732564791e-05, -0.000741266296245, -0.00205096695572, 4.36663722212e-05, 0.00778168998659, -0.00403574388474, 0.00139903021045, -0.00049312209012, 0.00105239218101, 0.000297406542813], [0.000425968726631, -0.000357949436875, 0.000340453290846, -0.000412139430409, 0.000814368191641, 0.0014986936003, 0.00102921202779, -0.00403574388474, 0.0130417812616, -0.00424260040745, 0.00186077726539, 0.000112137073302, 0.000149120780407], [-0.000468178361189, 0.000989904510789, -0.000257477833657, 8.51844670251e-05, -0.00156741694082, 0.000708685140125, -0.000639532227069, 0.00139903021045, -0.00424260040745, 0.0157193411142, -0.00759209599346, 0.00382452807389, -0.0014594293898], [0.000719176663551, -0.001791241928, 4.51472351415e-06, 6.5002561314e-05, 0.00165560515597, -0.00282122474164, 0.00182914221659, -0.00049312209012, 0.00186077726539, -0.00759209599346, 0.0210644807667, -0.0102247307077, 0.00457143038511], [-0.000712496228516, 0.00171003805008, -0.000483475800138, 0.000922440900467, -0.0015940858284, 0.00249326066114, -0.00143043347634, 0.00105239218101, 0.000112137073302, 0.00382452807389, -0.0102247307077, 0.0226533729583, -0.0070725036785], [0.000393570371671, -0.00143941573333, 0.00100268225651, -0.000812310434412, 0.00109145627357, -0.000111476991151, -0.000169043953065, 0.000297406542813, 0.000149120780407, -0.0014594293898, 0.00457143038511, -0.0070725036785, 0.015860626474]], "cov": [[17018.2519531, 414.226409912, 653.37701416, 195.936187744, 169.540634155, 824.271850586, -504.594390869, 433.129608154, -414.549285889, 154.376419067, -143.577346802, 201.004943848, -286.230529785], [414.226409912, 1533.17553711, -827.236022949, 186.206695557, 75.3770446777, -213.826156616, 121.39389801, -140.936248779, 7.80326128006, -38.3391342163, 4.49398517609, -22.4014015198, 173.057235718], [653.37701416, -827.236022949, 1983.41687012, 148.300201416, 145.602783203, 524.912475586, -154.057769775, 363.239776611, -22.3210830688, 57.2183799744, 54.8734474182, -14.8051681519, -240.807525635], [195.936187744, 186.206695557, 148.300201416, 432.686279297, 109.281944275, 92.3552856445, 25.0777645111, 56.576423645, 8.70935916901, 5.09452581406, -2.13001680374, -25.6308059692, 6.72882986069], [169.540634155, 75.3770446777, 145.602783203, 109.281944275, 335.254974365, 118.406562805, 66.3366775513, 68.1775436401, -15.480225563, 20.1134643555, -1.50621426105, -0.911613464355, -21.760055542], [824.271850586, -213.826156616, 524.912475586, 92.3552856445, 118.406562805, 464.853179932, -1.09123039246, 189.744506836, -42.3233337402, 20.4585552216, 32.3962898254, -19.7461948395, -92.6260452271], [-504.594390869, 121.39389801, -154.057769775, 25.0777645111, 66.3366775513, -1.09123039246, 208.483612061, -27.5450210571, -6.84564208984, -9.73241233826, -7.4125213623, -1.34114134312, 33.4349327087], [433.129608154, -140.936248779, 363.239776611, 56.576423645, 68.1775436401, 189.744506836, -27.5450210571, 252.096008301, 32.4748573303, 13.3363246918, 7.92235946655, -17.7946929932, -61.27942276], [-414.549285889, 7.80326128006, -22.3210830688, 8.70935916901, -15.480225563, -42.3233337402, -6.84564208984, 32.4748573303, 113.878601074, 18.781627655, -0.136485904455, -14.3705453873, 7.22679901123], [154.376419067, -38.3391342163, 57.2183799744, 5.09452581406, 20.1134643555, 20.4585552216, -9.73241233826, 13.3363246918, 18.781627655, 87.7019729614, 26.2628898621, -0.0923887267709, -11.978061676], [-143.577346802, 4.49398517609, 54.8734474182, -2.13001680374, -1.50621426105, 32.3962898254, -7.4125213623, 7.92235946655, -0.136485904455, 26.2628898621, 79.6000061035, 19.9084072113, -11.1510467529], [201.004943848, -22.4014015198, -14.8051681519, -25.6308059692, -0.911613464355, -19.7461948395, -1.34114134312, -17.7946929932, -14.3705453873, -0.0923887267709, 19.9084072113, 70.6594161987, 18.7424278259], [-286.230529785, 173.057235718, -240.807525635, 6.72882986069, -21.760055542, -92.6260452271, 33.4349327087, -61.27942276, 7.22679901123, -11.978061676, -11.1510467529, 18.7424278259, 114.178787231]]}, "spectral_energyband_middle_low": {"dmean2": 0.00462230620906, "median": 0.00359624181874, "min": 2.68049331526e-22, "dvar2": 0.000102494341263, "dvar": 3.62834471161e-05, "dmean": 0.00268752593547, "max": 0.064398907125, "var": 3.37281708198e-05, "mean": 0.00499828159809}, "melbands_crest": {"dmean2": 5.38528966904, "median": 15.305688858, "min": 2.0070066452, "dvar2": 26.2679405212, "dvar": 10.5956964493, "dmean": 3.34967327118, "max": 39.1377449036, "var": 28.204284668, "mean": 15.4770298004}, "spectral_kurtosis": {"dmean2": 1.4659050703, "median": 2.98391771317, "min": -1.23614895344, "dvar2": 6.34462165833, "dvar": 2.14940834045, "dmean": 0.872965812683, "max": 73.7028121948, "var": 3.89304804802, "mean": 3.10690188408}, "spectral_rms": {"dmean2": 0.00164223497268, "median": 0.00501219648868, "min": 3.11574529198e-12, "dvar2": 5.84548752158e-06, "dvar": 2.28232647714e-06, "dmean": 0.000994369504042, "max": 0.0154323624447, "var": 4.2855999709e-06, "mean": 0.0050292937085}, "zerocrossingrate": {"dmean2": 0.0173284672201, "median": 0.09033203125, "min": 0, "dvar2": 0.00029863929376, "dvar": 0.000259137159446, "dmean": 0.0148237394169, "max": 0.80078125, "var": 0.00507284235209, "mean": 0.102091006935}, "silence_rate_60dB": {"dmean2": 0.0234917253256, "median": 0, "min": 0, "dvar2": 0.0264968089759, "dvar": 0.0116062657908, "dmean": 0.0117448167875, "max": 1, "var": 0.0655757337809, "mean": 0.0705516040325}, "erbbands_kurtosis": {"dmean2": 1.62405765057, "median": 0.501668453217, "min": -1.85220384598, "dvar2": 5.69778823853, "dvar": 2.38720440865, "dmean": 1.01413357258, "max": 52.3036079407, "var": 5.08410358429, "mean": 0.915343165398}, "erbbands": {"dmean2": [0.379239588976, 3.84705114365, 6.89857721329, 4.90171051025, 3.63922286034, 7.45571517944, 8.21509361267, 8.34702301025, 7.00857639313, 9.50916671753, 15.9985179901, 14.5045843124, 17.5638523102, 28.3812198639, 24.7476272583, 42.1793746948, 33.6253967285, 30.3141536713, 35.76222229, 33.139503479, 67.2392578125, 45.7387657166, 17.2873210907, 28.3808040619, 25.4151535034, 18.5808773041, 14.837105751, 15.3043451309, 9.69578361511, 7.16691160202, 6.00911045074, 4.39873456955, 3.22031760216, 1.82647895813, 0.996653437614, 0.441724807024, 0.160266518593, 0.0357510559261, 0.00453550787643, 0.000330338807544], "median": [0.126820206642, 1.83818221092, 2.84942007065, 3.21674489975, 2.2146821022, 1.912992239, 2.15091562271, 2.45987653732, 2.21705889702, 2.45285415649, 3.5869717598, 5.59862089157, 7.15812015533, 9.80089473724, 12.7645158768, 14.4002494812, 11.9757270813, 8.15951347351, 14.511015892, 21.7052612305, 57.6754455566, 35.2096481323, 13.5422697067, 28.1582489014, 29.8129119873, 24.7166366577, 23.2552852631, 19.0024604797, 6.78582763672, 4.10238599777, 3.71759557724, 2.66457724571, 2.22990322113, 1.40855669975, 0.762111783028, 0.28486841917, 0.0805871635675, 0.0138534158468, 0.00152866495773, 0.000129107211251], "min": [2.82847529071e-22, 1.85922474188e-21, 7.74918469035e-21, 1.32761284702e-20, 4.87186859509e-20, 6.91195997258e-20, 5.11545809897e-20, 1.5952480551e-19, 2.75610634742e-19, 2.67164913893e-19, 4.06529208224e-19, 1.20646329273e-18, 9.44173522875e-19, 1.10361124178e-18, 1.57395833899e-18, 1.60136241909e-18, 2.73086275968e-18, 5.65214001483e-18, 7.14174836861e-18, 4.55038424256e-18, 7.14538134586e-18, 9.49027708223e-18, 6.18839210696e-18, 6.41228136104e-18, 9.30517556783e-18, 1.02418583499e-17, 9.50790430108e-18, 1.21417913009e-17, 1.32699556414e-17, 1.39205447737e-17, 1.29718761446e-17, 1.06164851406e-17, 1.15614289754e-17, 1.06554941511e-17, 7.59220694197e-18, 5.89684816416e-18, 2.54805274238e-18, 9.7191716062e-19, 2.39141947595e-19, 3.05392497215e-20], "dvar2": [0.927099406719, 85.4633255005, 227.312683105, 79.1675186157, 63.0902137756, 466.639892578, 610.936828613, 576.617004395, 400.47253418, 862.532653809, 2864.44921875, 1730.70068359, 3272.63647461, 6022.01611328, 3645.21801758, 10400.7021484, 6414.32275391, 7815.65039062, 6581.62158203, 6019.22900391, 11582.6806641, 6693.64501953, 1913.58251953, 1991.18994141, 1990.80029297, 640.15637207, 350.43536377, 415.694793701, 363.420257568, 254.516387939, 177.435943604, 140.014633179, 49.6297836304, 14.5471811295, 6.04247236252, 0.929028451443, 0.114669404924, 0.00582541385666, 0.000105830768007, 6.95644246207e-07], "dvar": [0.357722580433, 30.0920448303, 79.1769638062, 28.5074634552, 23.0405502319, 162.72303772, 215.032608032, 206.906738281, 150.835418701, 327.717834473, 1124.4597168, 689.559020996, 1251.6739502, 2393.6484375, 1507.50195312, 4390.43261719, 2567.5559082, 2933.67504883, 2552.32714844, 2177.03515625, 4235.52197266, 2419.25830078, 693.554382324, 718.135803223, 794.52532959, 239.321609497, 136.789413452, 158.002639771, 149.456176758, 103.65422821, 76.3938903809, 62.2911529541, 23.0177097321, 6.60286426544, 2.55634355545, 0.414667993784, 0.0519055426121, 0.00295716966502, 4.96850734635e-05, 3.02773258909e-07], "dmean": [0.221617251635, 2.14222502708, 3.8992626667, 2.88541388512, 2.12263679504, 4.16245651245, 4.75699710846, 4.90678453445, 4.16697216034, 5.61621665955, 9.79047012329, 9.10056591034, 10.8191614151, 17.9470291138, 15.7548751831, 26.9297428131, 20.9556751251, 18.5195980072, 21.8308391571, 19.8953456879, 40.2893981934, 27.4369792938, 10.3849210739, 16.6589031219, 15.2079315186, 11.1033725739, 8.90097618103, 9.21551132202, 5.8857626915, 4.38259840012, 3.77043771744, 2.82140374184, 2.07914853096, 1.18624293804, 0.661814332008, 0.3051404953, 0.110767006874, 0.0255092829466, 0.0032181837596, 0.000231922327657], "max": [5.67312383652, 47.358379364, 91.6673583984, 104.455863953, 113.618103027, 191.244506836, 218.641174316, 430.846130371, 336.481292725, 380.451812744, 957.943359375, 725.010742188, 1132.69616699, 1195.27709961, 1531.83300781, 1656.95935059, 1730.22729492, 1087.23046875, 1315.88500977, 1526.27026367, 1468.06945801, 1649.26611328, 1440.0892334, 743.905151367, 1203.99389648, 328.541259766, 294.710266113, 217.951416016, 347.37979126, 321.320098877, 263.563751221, 275.260162354, 105.948371887, 69.6225357056, 32.2487564087, 15.6655483246, 3.38038063049, 0.911958932877, 0.14891384542, 0.00961828604341], "var": [0.277797996998, 20.1674308777, 59.0792770386, 33.4383811951, 27.0882778168, 116.492607117, 177.98878479, 217.0625, 157.517852783, 306.648895264, 1319.08532715, 796.777038574, 1357.59631348, 4330.05175781, 2964.10864258, 7093.50878906, 4360.73193359, 4935.45751953, 3742.5402832, 3664.23706055, 8240.27832031, 4013.63598633, 858.309265137, 1462.50830078, 1584.3347168, 628.522888184, 403.015655518, 426.25982666, 366.415496826, 206.437591553, 181.296279907, 143.122634888, 66.6395721436, 17.5096588135, 5.36084794998, 0.883856594563, 0.113877817988, 0.00700376974419, 0.000107447871414, 5.20977437191e-07], "mean": [0.255644500256, 2.75325894356, 5.04307556152, 4.74235486984, 3.47487235069, 4.54349470139, 5.79858112335, 6.41808843613, 5.46538925171, 6.7496843338, 12.2241172791, 13.2533473969, 15.4349050522, 27.8536510468, 26.1904239655, 40.6190452576, 33.8531265259, 28.3660392761, 33.0459022522, 35.5823326111, 77.613899231, 51.8589515686, 20.7716217041, 34.9510421753, 35.5822944641, 28.1826019287, 24.5694065094, 23.0104084015, 13.4550590515, 9.2203130722, 7.88693761826, 5.91474103928, 4.64062023163, 2.67908859253, 1.46846282482, 0.6355651021, 0.21979983151, 0.0484872460365, 0.00597163988277, 0.000422522192821]}, "spectral_strongpeak": {"dmean2": 0.85152220726, "median": 0.336249947548, "min": 0, "dvar2": 3.37003564835, "dvar": 1.26748657227, "dmean": 0.480945527554, "max": 20.9510059357, "var": 1.43625760078, "mean": 0.683145105839}, "spectral_energy": {"dmean2": 0.0234167631716, "median": 0.0257501676679, "min": 9.95056594753e-21, "dvar2": 0.00197973265313, "dvar": 0.00073671276914, "dmean": 0.0136377532035, "max": 0.244111761451, "var": 0.000693401379976, "mean": 0.0303188450634}, "average_loudness": 0.918768465519, "spectral_rolloff": {"dmean2": 1333.91772461, "median": 2390.18554688, "min": 21.533203125, "dvar2": 2970636, "dvar": 1380479.875, "dmean": 810.786621094, "max": 21210.2050781, "var": 6840554, "mean": 2884.69799805}, "spectral_centroid": {"dmean2": 462.682739258, "median": 2412.58105469, "min": 120.884254456, "dvar2": 250017.921875, "dvar": 117415.664062, "dmean": 293.529663086, "max": 11223.3945312, "var": 534794.5, "mean": 2337.62426758}, "pitch_salience": {"dmean2": 0.133472248912, "median": 0.525012969971, "min": 0.0285373069346, "dvar2": 0.0168986860663, "dvar": 0.00671321293339, "dmean": 0.0823892205954, "max": 0.843603849411, "var": 0.0175373423845, "mean": 0.513133466244}, "spectral_energyband_middle_high": {"dmean2": 0.00396275473759, "median": 0.00545423012227, "min": 1.36699391432e-21, "dvar2": 3.47176865034e-05, "dvar": 1.33122948682e-05, "dmean": 0.00244184094481, "max": 0.0524867735803, "var": 5.44936701772e-05, "mean": 0.00769113004208}, "spectral_contrast_coeffs": {"dmean2": [0.0809827595949, 0.0712458342314, 0.0601210072637, 0.0523317195475, 0.0380213223398, 0.0292552020401], "median": [-0.676134586334, -0.771735787392, -0.785452365875, -0.773880839348, -0.779053807259, -0.735126852989], "min": [-0.973641514778, -0.979365229607, -0.976820349693, -0.961864650249, -0.962295889854, -0.961255967617], "dvar2": [0.00481356447563, 0.00351536436938, 0.00240860646591, 0.00177272222936, 0.00100641697645, 0.000763684685808], "dvar": [0.00168891390786, 0.0013532199664, 0.000997481169179, 0.000713474291842, 0.000412229564972, 0.000345623557223], "dmean": [0.0478852540255, 0.043979652226, 0.0378407500684, 0.0325021110475, 0.0233390554786, 0.01846517995], "max": [-0.385503262281, -0.403473436832, -0.399739086628, -0.441557168961, -0.537065148354, -0.426851660013], "var": [0.00480858981609, 0.00568311335519, 0.00536454934627, 0.00420487066731, 0.00235443748534, 0.00517479889095], "mean": [-0.67507392168, -0.762216508389, -0.77525728941, -0.767867982388, -0.773165881634, -0.729147076607]}, "melbands_skewness": {"dmean2": 1.69169890881, "median": 2.3451833725, "min": -2.92945194244, "dvar2": 5.19741630554, "dvar": 2.14539241791, "dmean": 1.06121242046, "max": 27.9322776794, "var": 7.32526540756, "mean": 2.99939155579}, "spectral_spread": {"dmean2": 762365.5625, "median": 4849495, "min": 1412776, "dvar2": 1188818845700.0, "dvar": 612369432576, "dmean": 521326.59375, "max": 50338304, "var": 5228955435010.0, "mean": 5305516.5}, "dissonance": {"dmean2": 0.0164765492082, "median": 0.489297926426, "min": 0.282944023609, "dvar2": 0.000399758544518, "dvar": 0.000143502882565, "dmean": 0.0096966130659, "max": 0.5, "var": 0.00024989360827, "mean": 0.484439283609}, "spectral_skewness": {"dmean2": 0.237274736166, "median": 1.19683277607, "min": -0.474567711353, "dvar2": 0.0772868320346, "dvar": 0.0314052067697, "dmean": 0.151227355003, "max": 6.59004497528, "var": 0.155303478241, "mean": 1.15171194077}, "spectral_flux": {"dmean2": 0.0447311252356, "median": 0.0799295753241, "min": 6.55616116951e-11, "dvar2": 0.00318568386137, "dvar": 0.0018415794475, "dmean": 0.0284660141915, "max": 0.437461644411, "var": 0.00381833012216, "mean": 0.0935662016273}, "spectral_contrast_valleys": {"dmean2": [0.631747364998, 0.623287141323, 0.502883791924, 0.441858172417, 0.331821501255, 0.347336471081], "median": [-6.90694236755, -7.03924036026, -7.04616641998, -7.22768878937, -6.59976863861, -9.25497341156], "min": [-27.3754444122, -27.4356212616, -27.6335067749, -27.3959007263, -27.5060062408, -27.3974075317], "dvar2": [0.29712086916, 0.364045441151, 0.222282350063, 0.191243231297, 0.146901756525, 0.233317181468], "dvar": [0.127784758806, 0.157959803939, 0.11329202354, 0.100023694336, 0.0808739289641, 0.120526172221], "dmean": [0.38836145401, 0.389539211988, 0.326381117105, 0.287762999535, 0.219909727573, 0.231603980064], "max": [-4.95266532898, -4.39037036896, -5.36428689957, -5.39363002777, -5.43548107147, -7.54663085938], "var": [2.65958571434, 1.95509028435, 2.03959989548, 1.89517056942, 1.78676009178, 2.41122746468], "mean": [-7.34162187576, -7.340508461, -7.44346570969, -7.65227508545, -7.110060215, -9.693318367]}, "erbbands_flatness_db": {"dmean2": 0.0235981047153, "median": 0.123058840632, "min": 0.0305820181966, "dvar2": 0.000521035632119, "dvar": 0.000242759429966, "dmean": 0.0153863811865, "max": 0.398450225592, "var": 0.00288850907236, "mean": 0.13345502317}, "spectral_energyband_high": {"dmean2": 0.00100742129143, "median": 0.00162947829813, "min": 7.03741758367e-21, "dvar2": 2.52273684964e-06, "dvar": 1.13550117931e-06, "dmean": 0.000652528891806, "max": 0.022649673745, "var": 3.94432800022e-06, "mean": 0.00218521384522}, "spectral_entropy": {"dmean2": 0.165677890182, "median": 7.96741199493, "min": 4.5787563324, "dvar2": 0.0344912186265, "dvar": 0.0166046582162, "dmean": 0.110638789833, "max": 9.80929470062, "var": 0.136011406779, "mean": 7.93074274063}, "silence_rate_20dB": {"dmean2": 0, "median": 1, "min": 1, "dvar2": 0, "dvar": 0, "dmean": 0, "max": 1, "var": 0, "mean": 1}, "melbands_flatness_db": {"dmean2": 0.0457162335515, "median": 0.157568007708, "min": 0.0056459447369, "dvar2": 0.00268101296388, "dvar": 0.00114623177797, "dmean": 0.0295909289271, "max": 0.67453533411, "var": 0.00497479876503, "mean": 0.168569996953}, "barkbands": {"dmean2": [0.000863822817337, 0.0157046634704, 0.00517194718122, 0.00141579401679, 0.001802969