{"tonal": {"thpcp": [1, 0.736870884895, 0.33111050725, 0.235360175371, 0.18735575676, 0.23040997982, 0.324884921312, 0.318078607321, 0.384866058826, 0.505897283554, 0.482133477926, 0.505017697811, 0.573297321796, 0.50564956665, 0.541980206966, 0.61640650034, 0.446647703648, 0.284511983395, 0.266017526388, 0.287562459707, 0.48545306921, 0.738766372204, 0.594322025776, 0.348986268044, 0.291355729103, 0.272863060236, 0.361528992653, 0.423833817244, 0.347762644291, 0.454366505146, 0.695728480816, 0.618502855301, 0.431130737066, 0.366259336472, 0.325804531574, 0.622039914131], "hpcp": {"dmean2": [0.234143450856, 0.220488265157, 0.18632401526, 0.183976575732, 0.192751482129, 0.226029768586, 0.264503777027, 0.251719981432, 0.214339658618, 0.188900783658, 0.185540631413, 0.192264199257, 0.170715302229, 0.187164768577, 0.22849534452, 0.259620964527, 0.273420661688, 0.239381805062, 0.216976240277, 0.198629409075, 0.25780069828, 0.284182339907, 0.297392725945, 0.2054579705, 0.144096598029, 0.114203587174, 0.114566221833, 0.145016655326, 0.159436687827, 0.191227957606, 0.224474161863, 0.260679632425, 0.271547436714, 0.252098113298, 0.246726766229, 0.246134743094], "median": [0.0739390999079, 0.0643008202314, 0.0356573946774, 0.0290737971663, 0.0330867432058, 0.0812114626169, 0.126005768776, 0.091076053679, 0.0402892865241, 0.0298306047916, 0.0280399415642, 0.0349093526602, 0.0355257056653, 0.0365156121552, 0.0642295777798, 0.0890856385231, 0.0848493948579, 0.0622894391418, 0.0486494079232, 0.0436660535634, 0.101538814604, 0.160732939839, 0.117525815964, 0.0415121875703, 0.0262083280832, 0.023590836674, 0.0339329764247, 0.0426565222442, 0.0439365617931, 0.0420155115426, 0.0485330969095, 0.0567159354687, 0.0837166160345, 0.093739785254, 0.0674335509539, 0.0673078969121], "min": [0, 0, 0, 0, 0, 0, 0, 0, 0, 0, 0, 0, 0, 0, 0, 0, 0, 0, 0, 0, 0, 0, 0, 0, 0, 0, 0, 0, 0, 0, 0, 0, 0, 0, 0, 0], "dvar2": [0.0930631756783, 0.0955174416304, 0.0954272523522, 0.101363837719, 0.0953509882092, 0.100996442139, 0.11279155314, 0.11143681407, 0.115335270762, 0.110307395458, 0.111609563231, 0.114900544286, 0.0871161594987, 0.0982554927468, 0.109149128199, 0.114946618676, 0.136454194784, 0.125846475363, 0.118661694229, 0.0999022200704, 0.111646458507, 0.133565485477, 0.133960589767, 0.103757560253, 0.0776029676199, 0.0578085668385, 0.0426831282675, 0.0590575449169, 0.0723478123546, 0.0908006429672, 0.105418913066, 0.133888080716, 0.12902879715, 0.109160043299, 0.10315195471, 0.107688203454], "dvar": [0.0414837673306, 0.0355111435056, 0.0334154032171, 0.0365683138371, 0.0348285362124, 0.0371750332415, 0.0466971322894, 0.0424981489778, 0.0417436957359, 0.0400546453893, 0.0400041714311, 0.0414129793644, 0.0354893617332, 0.0358859337866, 0.0394766107202, 0.0482122339308, 0.0503783896565, 0.0452881865203, 0.0430997274816, 0.0364014953375, 0.0411099120975, 0.0541273802519, 0.0509290620685, 0.0374193042517, 0.0282666645944, 0.0207986887544, 0.015732889995, 0.022743223235, 0.0267637241632, 0.0338432081044, 0.0421298295259, 0.0503103360534, 0.0486028082669, 0.0420243516564, 0.038885332644, 0.041190687567], "dmean": [0.139412418008, 0.127678692341, 0.10352833569, 0.101530559361, 0.107209354639, 0.131042569876, 0.156535729766, 0.147383421659, 0.119717359543, 0.104595065117, 0.102311618626, 0.108601607382, 0.0985401272774, 0.106226138771, 0.13039508462, 0.151450619102, 0.158863052726, 0.135889157653, 0.122913464904, 0.111649803817, 0.149940982461, 0.166506931186, 0.172276303172, 0.115162663162, 0.081025108695, 0.0641961321235, 0.0662673637271, 0.0843010619283, 0.0911478251219, 0.109653882682, 0.129311457276, 0.148620083928, 0.154636994004, 0.147041648626, 0.141986235976, 0.142169684172], "max": [1, 1, 1, 1, 1, 1, 1, 1, 1, 1, 1, 1, 1, 1, 1, 1, 1, 1, 1, 1, 1, 1, 1, 1, 1, 1, 1, 1, 1, 1, 1, 1, 1, 1, 1, 1], "var": [0.0826227739453, 0.0427290871739, 0.0276134740561, 0.0290632471442, 0.0297528915107, 0.0428756512702, 0.0848918408155, 0.0630371645093, 0.0390560925007, 0.0367893017828, 0.0318883657455, 0.0474384278059, 0.0668107420206, 0.041417170316, 0.0448982864618, 0.0930209308863, 0.0717877820134, 0.0442784838378, 0.0395698696375, 0.0318326540291, 0.0609118230641, 0.131103754044, 0.0812513008714, 0.0340169593692, 0.0263492595404, 0.0174786970019, 0.017123689875, 0.0326467342675, 0.029672935605, 0.045049265027, 0.0707189291716, 0.0561748147011, 0.0490265227854, 0.0582497492433, 0.0526393800974, 0.0654032751918], "mean": [0.208042830229, 0.150747686625, 0.0960253998637, 0.0897833481431, 0.0970549583435, 0.16384485364, 0.249340415001, 0.200589120388, 0.117786057293, 0.0983352214098, 0.0920937806368, 0.122019343078, 0.1430477947, 0.117373071611, 0.153352856636, 0.234814733267, 0.208750382066, 0.145510569215, 0.12361587584, 0.109962016344, 0.209944173694, 0.337509155273, 0.248700678349, 0.111752830446, 0.0794362127781, 0.0632342845201, 0.0777654796839, 0.109651640058, 0.107354439795, 0.129895821214, 0.170744970441, 0.162724465132, 0.170448094606, 0.193493098021, 0.170661360025, 0.182923272252]}, "tuning_equal_tempered_deviation": 0.118458285928, "chords_changes_rate": 0.0839002281427, "key_key": "A", "tuning_diatonic_strength": 0.520614981651, "key_scale": "major", "chords_number_rate": 0.00133386685047, "tuning_frequency": 441.017791748, "tuning_nontempered_energy_ratio": 0.7528834939, "chords_histogram": [13.0052022934, 4.36174488068, 32.9465103149, 0.600240111351, 0.493530750275, 0, 0, 0, 0, 0.413498729467, 0.240096032619, 0.160064026713, 0.400160074234, 1.5873016119, 0.106709353626, 1.1204482317, 0, 2.21421909332, 0.786981463432, 15.6729354858, 19.4877948761, 2.21421909332, 4.18834209442, 0], "key_strength": 0.696649491787, "chords_key": "E", "chords_strength": {"dmean2": 0.0138844838366, "median": 0.458462566137, "min": 0.2371968925, "dvar2": 0.000148724837345, "dvar": 0.000118222698802, "dmean": 0.0134268179536, "max": 0.774230062962, "var": 0.0097523285076, "mean": 0.466147750616}, "chords_scale": "major", "hpcp_entropy": {"dmean2": 1.16386508942, "median": 2.28849577904, "min": 0, "dvar2": 0.905822217464, "dvar": 0.3395858109, "dmean": 0.69829839468, "max": 4.65243864059, "var": 0.686029076576, "mean": 2.29472517967}}, "metadata": {"audio_properties": {"equal_loudness": 0, "codec": "mp3", "downmix": "mix", "sample_rate": 44100, "analysis_sample_rate": 44100, "bit_rate": 160012, "md5_encoded": "bbc3e68e41bd3e5a1dab169b999498b7", "length": 348.081634521, "replay_gain": -11.0537204742, "lossless": false}, "version": {"essentia_build_sha": "70f2e5ece6736b2c40cc944ad0e695b16b925413", "essentia": "2.1-beta2", "extractor": "music 1.0", "essentia_git_sha": "v2.1_beta2"}, "tags": {"title": ["True Lies"], "date": ["1997"], "file_name": "Kenny Wayne Shepherd - True Lies.mp3", "musicbrainz_recordingid": ["c5b598dc-e54c-4ac9-93ce-a685993f5229"], "artistsort": ["Shepherd, Kenny Wayne"], "encoding": ["Lavf56.36.100"], "artist": ["Kenny Wayne Shepherd"], "tracknumber": ["2/0"], "bpm": ["0"], "album": ["Trouble Is..."], "discnumber": ["0/0"], "musicbrainz_artistid": ["c5f42b91-82b9-466c-891c-a9cc391b50bc"]}}, "rhythm": {"bpm_histogram_first_peak_bpm": {"dmean2": 0, "median": 86, "min": 86, "dvar2": 0, "dvar": 0, "dmean": 0, "max": 86, "var": 0, "mean": 86}, "bpm": 86.5345611572, "bpm_histogram_second_peak_spread": {"dmean2": 0, "median": 0, "min": 0, "dvar2": 0, "dvar": 0, "dmean": 0, "max": 0, "var": 0, "mean": 0}, "bpm_histogram_first_peak_weight": {"dmean2": 0, "median": 0.675999999046, "min": 0.675999999046, "dvar2": 0, "dvar": 0, "dmean": 0, "max": 0.675999999046, "var": 0, "mean": 0.675999999046}, "onset_rate": 3.7718834877, "beats_position": [0.719818592072, 1.43963718414, 2.14784574509, 2.87927436829, 3.59909296036, 4.3073015213, 5.00390005112, 5.70049858093, 6.39709758759, 7.08208608627, 7.77868461609, 8.47528362274, 9.17188167572, 9.86848068237, 10.5650787354, 11.2500677109, 11.9466667175, 12.6548748016, 13.3514738083, 14.0480718613, 14.7446708679, 15.4412698746, 16.1378688812, 16.8344669342, 17.5194549561, 18.2160549164, 18.9126529694, 19.6092510223, 20.3058490753, 21.0140590668, 21.7106571198, 22.4072551727, 23.1038551331, 23.800453186, 24.497051239, 25.1936511993, 25.8902492523, 26.5984573364, 27.2950553894, 27.9800453186, 28.6766433716, 29.3732414246, 30.081451416, 30.7896595001, 31.4862575531, 32.1828575134, 32.8794555664, 33.5760536194, 34.2726516724, 34.9692497253, 35.6658477783, 36.362449646, 37.059047699, 37.755645752, 38.4522438049, 39.1488418579, 39.8454399109, 40.5420417786, 41.2386398315, 41.9352378845, 42.6318359375, 43.3168258667, 44.0018119812, 44.6984100342, 45.3950119019, 46.1032180786, 46.8114280701, 47.508026123, 48.204624176, 48.9128341675, 49.6094322205, 50.2944221497, 50.9910202026, 51.6992263794, 52.4074363708, 53.1040344238, 53.8006324768, 54.5088424683, 55.2170524597, 55.9136505127, 56.6102485657, 57.3068466187, 58.0034446716, 58.6884346008, 59.37342453, 60.070022583, 60.766620636, 61.463218689, 62.1598167419, 62.8564147949, 63.5530128479, 64.2496109009, 64.9462127686, 65.6544189453, 66.3626327515, 67.0476150513, 67.7442169189, 68.4524230957, 69.1490249634, 69.8456192017, 70.5422210693, 71.238822937, 71.9354171753, 72.632019043, 73.3286132812, 74.0252151489, 74.7218093872, 75.4184112549, 76.1150131226, 76.8232192993, 77.5198135376, 78.2164154053, 78.9014053345, 79.5979995728, 80.3062133789, 81.0144195557, 81.7110214233, 82.4076156616, 83.1042175293, 83.8008117676, 84.5090255737, 85.205619812, 85.8906097412, 86.5872116089, 87.2838058472, 87.9804077148, 88.6770019531, 89.3736038208, 90.05859375, 90.7667999268, 91.4634017944, 92.1599960327, 92.8565979004, 93.5531921387, 94.2497940063, 94.946395874, 95.6429901123, 96.3628082275, 97.0594100952, 97.7560043335, 98.4526062012, 99.1492080688, 99.8341903687, 100.519180298, 101.215782166, 101.935600281, 102.632194519, 103.328796387, 104.025398254, 104.721992493, 105.41859436, 106.115188599, 106.811790466, 107.508384705, 108.204986572, 108.90158844, 109.598182678, 110.294784546, 110.991378784, 111.687980652, 112.38457489, 113.081176758, 113.777778625, 114.474372864, 115.170974731, 115.86756897, 116.564170837, 117.260765076, 117.957366943, 118.653968811, 119.350563049, 120.035552979, 120.720542908, 121.405532837, 122.090522766, 122.787117004, 123.472106934, 124.18031311, 124.876914978, 125.573509216, 126.270111084, 126.966712952, 127.66330719, 128.359909058, 129.056503296, 129.753097534, 130.449707031, 131.14630127, 131.842895508, 132.539505005, 133.236099243, 133.932693481, 134.62928772, 135.337509155, 136.045715332, 136.74230957, 137.438903809, 138.135513306, 138.832107544, 139.528701782, 140.225296021, 140.933517456, 141.630111694, 142.315093994, 143.011703491, 143.708297729, 144.393280029, 145.078277588, 145.774871826, 146.483078003, 147.19128418, 147.887893677, 148.584487915, 149.281082153, 149.98928833, 150.674285889, 151.370880127, 152.079086304, 152.775695801, 153.472290039, 154.157272339, 154.853881836, 155.550476074, 156.247070312, 156.943664551, 157.663482666, 158.360092163, 159.056686401, 159.75328064, 160.461486816, 161.169708252, 161.86630249, 162.562896729, 163.259490967, 163.956100464, 164.652694702, 165.34928894, 166.045898438, 166.742492676, 167.439086914, 168.135681152, 168.832290649, 169.528884888, 170.225479126, 170.922088623, 171.618682861, 172.3152771, 173.011871338, 173.708480835, 174.416687012, 175.124893188, 175.821487427, 176.518096924, 177.214691162, 177.888076782, 178.584671021, 179.292877197, 180.001083374, 180.709289551, 181.405899048, 182.090881348, 182.799087524, 183.495681763, 184.180679321, 184.87727356, 185.585479736, 186.282089233, 186.978683472, 187.686889648, 188.383483887, 189.068481445, 189.753463745, 190.450057983, 191.14666748, 191.843261719, 192.539855957, 193.236465454, 193.933059692, 194.629653931, 195.326248169, 196.022857666, 196.719451904, 197.416046143, 198.089431763, 198.774414062, 199.459411621, 200.132781982, 200.806167603, 201.502761841, 202.199356079, 202.872741699, 203.546112061, 204.242721558, 204.950927734, 205.647521973, 206.332519531, 207.02911377, 207.725708008, 208.410705566, 209.095687866, 209.792282104, 210.488891602, 211.173873901, 211.858856201, 212.54385376, 213.240447998, 213.948654175, 214.645263672, 215.34185791, 216.038452148, 216.735046387, 217.431655884, 218.116638184, 218.82484436, 219.533050537, 220.241271973, 220.937866211, 221.646072388, 222.331054688, 223.027664185, 223.701034546, 224.409240723, 225.117462158, 225.814056396, 226.522262573, 227.207244873, 227.90385437, 228.600448608, 229.297042847, 230.005249023, 230.713470459, 231.410064697, 232.118270874, 232.826477051, 233.511474609, 234.196456909, 234.869842529, 235.578048706, 236.286254883, 236.982849121, 237.679458618, 238.376052856, 239.072647095, 239.769241333, 240.442626953, 241.139221191, 241.835830688, 242.50920105, 243.205795288, 243.902404785, 244.575775146, 245.260772705, 245.945755005, 246.642349243, 247.33895874, 248.035552979, 248.732147217, 249.417144775, 250.102127075, 250.798721313, 251.495330811, 252.203536987, 252.900131226, 253.596725464, 254.304931641, 254.989929199, 255.674911499, 256.348297119, 257.02166748, 257.718261719, 258.403259277, 259.088256836, 259.761627197, 260.446624756, 261.131591797, 261.828216553, 262.513183594, 263.209777832, 263.906402588, 264.591369629, 265.264770508, 265.949737549, 266.634735107, 267.319732666, 268.004699707, 268.701324463, 269.386291504, 270.071289062, 270.767883301, 271.452880859, 272.137878418, 272.822845459, 273.507843018, 274.204437256, 274.901031494, 275.574401855, 276.259399414, 276.944396973, 277.640991211, 278.32598877, 278.999359131, 279.695953369, 280.380950928, 281.077545166, 281.774139404, 282.459136963, 283.155731201, 283.84072876, 284.514099121, 285.210693359, 285.895690918, 286.580688477, 287.254058838, 287.950653076, 288.635650635, 289.320617676, 289.994018555, 290.690612793, 291.375610352, 292.060577393, 292.733947754, 293.43057251, 294.115539551, 294.800537109, 295.497131348, 296.193725586, 296.878723145, 297.563720703, 298.237091064, 298.910461426, 299.583862305, 300.257232666, 300.930603027, 301.627197266, 302.323791504, 303.02041626, 303.693786621, 304.37878418, 305.063751221, 305.748748779, 306.433746338, 307.130340576, 307.815338135, 308.500305176, 309.185302734, 309.870300293, 310.555267334, 311.240264893, 311.913635254, 312.610229492, 313.295227051, 313.980224609, 314.665222168, 315.350189209, 316.023590088, 316.708557129, 317.393554688, 318.090148926, 318.775146484, 319.460144043, 320.133514404, 320.806884766, 321.480255127, 322.153656006, 322.838623047, 323.523620605, 324.220214844, 324.905212402, 325.590209961, 326.286804199, 326.983398438, 327.679992676, 328.376586914, 329.073181152, 329.758178711, 330.44317627, 331.139770508, 331.836364746, 332.521362305, 333.206329346, 333.879730225, 334.576324463, 335.272918701, 335.95791626, 336.642883301, 337.339508057, 338.024475098, 338.709472656, 339.406066895, 340.091064453, 340.776062012, 341.449432373, 342.134429932, 342.807800293, 343.469573975, 344.119720459, 344.781494141, 345.443267822, 346.105041504, 346.766784668, 347.42855835], "beats_loudness": {"dmean2": 0.0262879673392, "median": 0.040213894099, "min": 1.14459695055e-08, "dvar2": 0.00109444803093, "dvar": 0.000378954049665, "dmean": 0.0151324626058, "max": 0.230119153857, "var": 0.000310052011628, "mean": 0.0422115065157}, "danceability": 1.200481534, "bpm_histogram_second_peak_weight": {"dmean2": 0, "median": 0.0140000004321, "min": 0.0140000004321, "dvar2": 0, "dvar": 0, "dmean": 0, "max": 0.0140000004321, "var": 0, "mean": 0.0140000004321}, "beats_count": 501, "bpm_histogram_second_peak_bpm": {"dmean2": 0, "median": 91, "min": 91, "dvar2": 0, "dvar": 0, "dmean": 0, "max": 91, "var": 0, "mean": 91}, "bpm_histogram_first_peak_spread": {"dmean2": 0, "median": 0.314401566982, "min": 0.314401566982, "dvar2": 0, "dvar": 0, "dmean": 0, "max": 0.314401566982, "var": 0, "mean": 0.314401566982}, "beats_loudness_band_ratio": {"dmean2": [0.57792776823, 0.297292351723, 0.0861321464181, 0.129599988461, 0.159947901964, 0.172030240297], "median": [0.493519157171, 0.167598053813, 0.0437394492328, 0.0847398415208, 0.116474121809, 0.101098455489], "min": [0.0327632278204, 0.00633790250868, 0.00270506343804, 0.0104658193886, 0.00244188541546, 0.000283196248347], "dvar2": [0.0849068686366, 0.0349069610238, 0.00595473125577, 0.0114000476897, 0.0124731510878, 0.0102284122258], "dvar": [0.0278261769563, 0.0108495336026, 0.00221493607387, 0.0040327925235, 0.00403042975813, 0.0032888026908], "dmean": [0.298512101173, 0.158938974142, 0.0484271161258, 0.0701376050711, 0.0868345871568, 0.088545396924], "max": [0.95574593544, 0.495814114809, 0.347624212503, 0.429269403219, 0.409492701292, 0.724659144878], "var": [0.0479234270751, 0.0137879885733, 0.00267117214389, 0.00475430628285, 0.00581136532128, 0.00620124628767], "mean": [0.501322984695, 0.176917254925, 0.0597088672221, 0.101033657789, 0.131897926331, 0.103416509926]}}, "lowlevel": {"barkbands_spread": {"dmean2": 9.33417510986, "median": 33.4868125916, "min": 0.957325577736, "dvar2": 91.3118972778, "dvar": 40.9152832031, "dmean": 5.98265647888, "max": 124.149299622, "var": 169.818984985, "mean": 34.0480232239}, "melbands_spread": {"dmean2": 14.6469678879, "median": 35.2959518433, "min": 0.70057362318, "dvar2": 233.173919678, "dvar": 97.4898223877, "dmean": 9.2790555954, "max": 201.641281128, "var": 372.906555176, "mean": 37.0862236023}, "hfc": {"dmean2": 13.2075538635, "median": 25.1597213745, "min": 1.24646536252e-16, "dvar2": 529.860290527, "dvar": 204.690658569, "dmean": 8.29766464233, "max": 252.347091675, "var": 415.994384766, "mean": 29.4673175812}, "barkbands_kurtosis": {"dmean2": 2.32363510132, "median": -0.609072446823, "min": -1.92571055889, "dvar2": 36.9438552856, "dvar": 14.7982749939, "dmean": 1.42244303226, "max": 154.033065796, "var": 24.8206501007, "mean": 0.671160340309}, "gfcc": {"mean": [26.2455730438, 90.0797042847, -136.390670776, 51.2531166077, -40.2261276245, 15.4421243668, -25.4010334015, 0.0194381605834, -18.3537197113, -3.4244492054, -13.4351797104, 1.07669699192, -10.8404579163], "icov": [[0.000182615491212, -5.73174038436e-05, 4.77460962429e-05, -0.00012327634613, 0.000192693682038, -0.000304895162117, 6.60220248392e-05, 9.0579931566e-05, -0.000306884845486, -2.47369716817e-05, 0.000346375221852, -0.000451470899861, 0.000187073033885], [-5.73174038436e-05, 0.0015705502592, 0.000737749913242, -0.00011153237574, -0.00114220601972, 0.000624127686024, -0.000789383309893, 0.000381604360882, -0.00044395099394, 0.000960275356192, -0.00122044759337, 0.00136355694849, -0.00131126877386], [4.77460962429e-05, 0.000737749913242, 0.00290894135833, -0.000466491328552, -0.00122104980983, -0.00115303520579, 0.000154263587319, 0.00035015141475, -0.000289949792204, 0.000220540445298, 0.00148028333206, -0.00147681508679, 0.00177094037645], [-0.00012327634613, -0.00011153237574, -0.000466491328552, 0.0047692633234, 0.00040208894643, -0.00123198423535, -0.000330160051817, 0.00119276915211, -0.000806447176728, 0.00051104312297, -0.00240263901651, 0.00276377168484, -0.00156323856208], [0.000192693682038, -0.00114220601972, -0.00122104980983, 0.00040208894643, 0.00508476654068, -0.000174773755134, -0.00223096949048, -0.000300185289234, 0.00169852783438, -0.00148073676974, 0.000829954748042, -0.000275523518212, -2.56119928963e-05], [-0.000304895162117, 0.000624127686024, -0.00115303520579, -0.00123198423535, -0.000174773755134, 0.00832993816584, -0.00104248954449, -0.00329897063784, 0.001764089684, 0.00184384000022, -0.00348587124608, 0.00216626143083, -0.000852186407428], [6.60220248392e-05, -0.000789383309893, 0.000154263587319, -0.000330160051817, -0.00223096949048, -0.00104248954449, 0.00901206210256, -0.000222553266212, -0.00163825519849, 0.00121420959476, 0.00103679299355, -0.000730709289201, 0.000369205576135], [9.0579931566e-05, 0.000381604360882, 0.00035015141475, 0.00119276915211, -0.000300185289234, -0.00329897063784, -0.000222553266212, 0.0106092747301, -0.00296800327487, -0.00176741858013, 0.00286299292929, 0.00180685461964, -0.00160779908765], [-0.000306884845486, -0.00044395099394, -0.000289949792204, -0.000806447176728, 0.00169852783438, 0.001764089684, -0.00163825519849, -0.00296800327487, 0.0131161194295, -0.0031120814383, -0.00175050483085, 0.00173717387952, 0.00116223539226], [-2.47369716817e-05, 0.000960275356192, 0.000220540445298, 0.00051104312297, -0.00148073676974, 0.00184384000022, 0.00121420959476, -0.00176741858013, -0.0031120814383, 0.01702699624, -0.00657003140077, -0.000310074334266, 0.00256470264867], [0.000346375221852, -0.00122044759337, 0.00148028333206, -0.00240263901651, 0.000829954748042, -0.00348587124608, 0.00103679299355, 0.00286299292929, -0.00175050483085, -0.00657003140077, 0.0191195644438, -0.0052458466962, -0.000204597323318], [-0.000451470899861, 0.00136355694849, -0.00147681508679, 0.00276377168484, -0.000275523518212, 0.00216626143083, -0.000730709289201, 0.00180685461964, 0.00173717387952, -0.000310074334266, -0.0052458466962, 0.0166690424085, -0.00341424020007], [0.000187073033885, -0.00131126877386, 0.00177094037645, -0.00156323856208, -2.56119928963e-05, -0.000852186407428, 0.000369205576135, -0.00160779908765, 0.00116223539226, 0.00256470264867, -0.000204597323318, -0.00341424020007, 0.0166502557695]], "cov": [[7008.01708984, -315.087860107, 21.4535636902, 194.815078735, -435.660491943, 211.513534546, -112.051849365, 4.45305299759, 171.954711914, 7.47490978241, -13.6736545563, 109.636573792, -65.3143463135], [-315.087860107, 1529.88635254, -472.594390869, 137.435562134, 265.107543945, -69.9036178589, 194.531036377, -41.3997535706, 29.613155365, -62.6400375366, 79.0140762329, -118.47631073, 159.970352173], [21.4535636902, -472.594390869, 624.214416504, -35.9730300903, 63.9250450134, 77.0494689941, -19.5010700226, 11.604842186, -28.1582736969, 6.12938690186, -59.0224723816, 55.4859924316, -89.9603881836], [194.815078735, 137.435562134, -35.9730300903, 305.798034668, -21.2980823517, 65.9533081055, 20.4236087799, -12.6928577423, 27.7767238617, -10.9817409515, 46.0728759766, -48.2962379456, 33.2508926392], [-435.660491943, 265.107543945, 63.9250450134, -21.2980823517, 347.410980225, -0.0172651465982, 104.924407959, 3.25738430023, -35.5057296753, -6.73515272141, -12.557302475, -11.288611412, 16.5424671173], [211.513534546, -69.9036178589, 77.0494689941, 65.9533081055, -0.0172651465982, 186.419830322, 14.3051290512, 46.1903648376, -3.891736269, -12.2740812302, 11.0961074829, -17.0670719147, 2.59868431091], [-112.051849365, 194.531036377, -19.5010700226, 20.4236087799, 104.924407959, 14.3051290512, 159.667404175, 8.52134132385, 7.33512973785, -17.1377811432, -2.92645049095, -16.5417881012, 17.4463863373], [4.45305299759, -41.3997535706, 11.604842186, -12.6928577423, 3.25738430023, 46.1903648376, 8.52134132385, 127.54888916, 23.4700546265, 7.4905166626, -17.294801712, -20.1793403625, 1.61776077747], [171.954711914, 29.613155365, -28.1582736969, 27.7767238617, -35.5057296753, -3.891736269, 7.33512973785, 23.4700546265, 103.334945679, 22.4668331146, 14.633562088, -14.0457229614, -5.52121686935], [7.47490978241, -62.6400375366, 6.12938690186, -10.9817409515, -6.73515272141, -12.2740812302, -17.1377811432, 7.4905166626, 22.4668331146, 81.8626480103, 24.8780975342, 10.9635829926, -17.8593425751], [-13.6736545563, 79.0140762329, -59.0224723816, 46.0728759766, -12.557302475, 11.0961074829, -2.92645049095, -17.294801712, 14.633562088, 24.8780975342, 85.8370513916, 9.21643066406, 14.0141773224], [109.636573792, -118.47631073, 55.4859924316, -48.2962379456, -11.288611412, -17.0670719147, -16.5417881012, -20.1793403625, -14.0457229614, 10.9635829926, 9.21643066406, 92.5976257324, -5.07820463181], [-65.3143463135, 159.970352173, -89.9603881836, 33.2508926392, 16.5424671173, 2.59868431091, 17.4463863373, 1.61776077747, -5.52121686935, -17.8593425751, 14.0141773224, -5.07820463181, 88.2763671875]]}, "spectral_energyband_middle_low": {"dmean2": 0.00635609729216, "median": 0.0067942510359, "min": 2.59375723832e-22, "dvar2": 8.61152075231e-05, "dvar": 3.29205940943e-05, "dmean": 0.00380177120678, "max": 0.0832349583507, "var": 3.82346261176e-05, "mean": 0.00835317652673}, "melbands_crest": {"dmean2": 4.65133810043, "median": 12.6166334152, "min": 2.28931999207, "dvar2": 18.5852661133, "dvar": 7.06972360611, "dmean": 2.82553553581, "max": 31.9543685913, "var": 20.7043170929, "mean": 13.2428712845}, "spectral_kurtosis": {"dmean2": 2.41342687607, "median": 3.03878688812, "min": -1.19263494015, "dvar2": 8.38869857788, "dvar": 2.82652974129, "dmean": 1.39739334583, "max": 41.6326293945, "var": 4.95807981491, "mean": 3.44537973404}, "spectral_rms": {"dmean2": 0.00128838350065, "median": 0.00516548287123, "min": 3.30718308642e-12, "dvar2": 3.00868509839e-06, "dvar": 1.16898945635e-06, "dmean": 0.000791638623923, "max": 0.015423938632, "var": 2.09518498195e-06, "mean": 0.00523624522611}, "zerocrossingrate": {"dmean2": 0.0115452297032, "median": 0.0673828125, "min": 0.00439453125, "dvar2": 0.000155157977133, "dvar": 0.000129344247398, "dmean": 0.0101305572316, "max": 0.5087890625, "var": 0.00167632265948, "mean": 0.0743462592363}, "silence_rate_60dB": {"dmean2": 0.0072048031725, "median": 0, "min": 0, "dvar2": 0.00782047305256, "dvar": 0.00358851882629, "dmean": 0.00360216130503, "max": 1, "var": 0.0181997846812, "mean": 0.0185432229191}, "erbbands_kurtosis": {"dmean2": 0.986918449402, "median": 0.0117899179459, "min": -1.74737930298, "dvar2": 1.48789417744, "dvar": 0.668770134449, "dmean": 0.625008940697, "max": 26.4165420532, "var": 2.01250624657, "mean": 0.282206624746}, "erbbands": {"dmean2": [0.153845518827, 2.04400038719, 5.05493879318, 5.92795181274, 13.04367733, 11.4194021225, 6.82257509232, 8.44171714783, 18.5625190735, 9.83103561401, 10.6017932892, 16.3566875458, 16.7024497986, 24.188375473, 22.8650245667, 38.9566955566, 35.2733421326, 36.4902191162, 29.8886833191, 41.3831176758, 32.503993988, 46.7757835388, 34.4173660278, 32.7183647156, 23.0362892151, 21.1262493134, 20.7494697571, 16.8791408539, 12.6993398666, 9.76703643799, 6.05652189255, 2.53973412514, 1.10790157318, 0.523970544338, 0.211307525635, 0.0939045846462, 0.0711892843246, 0.0408118665218, 0.0047633680515, 7.46418299968e-05], "median": [0.107218831778, 1.56343722343, 2.99682593346, 4.1414270401, 5.36796665192, 5.3043346405, 4.20173072815, 4.6015586853, 7.15062475204, 4.67443656921, 5.04871749878, 8.48787307739, 10.8138179779, 16.065826416, 15.6485462189, 26.0888843536, 28.6976203918, 26.8544139862, 25.0866622925, 34.5689430237, 33.1382369995, 44.5941200256, 31.2276725769, 27.1562347412, 19.2762928009, 14.9179611206, 13.2191724777, 9.69279098511, 6.24465465546, 4.23832893372, 2.50860977173, 1.17120611668, 0.485480904579, 0.209905952215, 0.0597050338984, 0.0108543392271, 0.00556086190045, 0.00150870333891, 6.61290978314e-05, 3.93674054067e-05], "min": [1.77894641914e-21, 3.52118467912e-21, 1.62887307625e-20, 3.84186685063e-20, 3.35764449658e-19, 2.00658597442e-19, 1.89247214377e-19, 1.46760180812e-19, 9.61451283769e-20, 1.85222088892e-19, 9.09666029261e-19, 2.12819261385e-18, 1.87705334205e-18, 2.2965923177e-18, 2.63237057094e-18, 6.47519299612e-18, 5.49938084879e-18, 4.26387286661e-18, 5.83530882172e-18, 6.19864831937e-18, 7.93914551602e-18, 7.2725578835e-18, 1.01947586858e-17, 1.65831829172e-17, 1.29062095845e-17, 1.31608207401e-17, 2.59249570912e-17, 1.64793982201e-17, 1.59760852871e-17, 1.78934469337e-17, 1.94442616897e-17, 2.45326946607e-17, 1.60724419023e-17, 1.5519339314e-17, 8.84568583655e-18, 5.80329610483e-18, 3.46879099773e-18, 1.38348997338e-18, 3.24691008647e-19, 3.84570290072e-20], "dvar2": [0.113277852535, 16.8873100281, 121.435493469, 179.054870605, 512.196655273, 337.259735107, 130.868789673, 281.895721436, 1029.06860352, 409.988311768, 631.52154541, 1107.90136719, 945.622375488, 1851.66442871, 1689.63293457, 4369.73242188, 2911.91723633, 3566.59887695, 2202.7097168, 3803.82983398, 1976.20288086, 3757.84960938, 3002.64013672, 2795.82495117, 1597.00097656, 1463.07507324, 1830.63439941, 1276.51733398, 820.758972168, 517.443481445, 252.714126587, 49.5256004333, 10.1096248627, 3.41480827332, 0.915834784508, 0.280201852322, 0.0538556054235, 0.0121224885806, 0.000149631145177, 2.63346038309e-08], "dvar": [0.0442183576524, 6.28378868103, 42.2170143127, 62.2518730164, 194.365432739, 126.265731812, 52.5870742798, 102.622772217, 373.740356445, 173.12512207, 281.055877686, 496.04006958, 412.115661621, 884.389648438, 716.863098145, 1913.95715332, 1348.86914062, 1446.22192383, 946.46496582, 1577.35717773, 786.37109375, 1561.13171387, 1155.76074219, 1056.80810547, 594.905090332, 530.281982422, 646.878234863, 460.037750244, 308.682830811, 220.047058105, 109.299057007, 25.6243858337, 4.76110935211, 1.6069406271, 0.419998556376, 0.119751416147, 0.0236792806536, 0.00522072287276, 6.3356681494e-05, 1.13665441503e-08], "dmean": [0.0925021246076, 1.21557796001, 2.89364337921, 3.3696603775, 7.6233048439, 6.71359586716, 4.1522269249, 4.92226743698, 10.9564723969, 5.97957038879, 6.79465341568, 10.5784473419, 10.564286232, 15.6812925339, 14.3798675537, 24.4597358704, 22.4746227264, 22.5567588806, 18.6804695129, 25.6791534424, 20.0399036407, 29.1098937988, 20.9928627014, 19.9520168304, 13.8618745804, 12.4326906204, 12.1536951065, 9.94498825073, 7.58380842209, 6.061398983, 3.77789497375, 1.68866622448, 0.739060044289, 0.358736991882, 0.143338620663, 0.0621432289481, 0.0454388931394, 0.0258843321353, 0.0029778345488, 4.76176355733e-05], "max": [2.92214632034, 33.0622749329, 109.140518188, 127.580657959, 222.868103027, 184.984542847, 161.618377686, 209.585769653, 372.605621338, 378.506866455, 443.751220703, 648.893188477, 486.171234131, 852.113891602, 764.619628906, 969.213012695, 1101.87023926, 861.204650879, 798.272949219, 972.874084473, 536.324523926, 892.257751465, 728.90020752, 840.619628906, 718.250183105, 526.725219727, 585.963623047, 339.762145996, 364.567840576, 370.024414062, 262.341278076, 176.169891357, 80.4345932007, 76.2772064209, 32.3527259827, 12.4192676544, 5.78327798843, 2.5906085968, 0.201130643487, 0.00287733506411], "var": [0.0448972769082, 6.41915512085, 39.4496803284, 46.7821731567, 171.559310913, 145.851486206, 91.1103134155, 108.950721741, 617.784973145, 279.611022949, 631.01348877, 1621.9909668, 1107.31811523, 2755.73242188, 1676.54736328, 4953.49853516, 4571.34912109, 2944.43505859, 2040.32177734, 3824.83154297, 1820.13671875, 3723.63037109, 1928.80395508, 1737.82141113, 844.482543945, 699.800964355, 690.986022949, 595.510498047, 470.730895996, 454.99508667, 233.501190186, 66.6343841553, 9.90786743164, 2.58458280563, 0.631209611893, 0.161278784275, 0.0350258238614, 0.00677093025297, 7.45041688788e-05, 1.49283625461e-08], "mean": [0.148972094059, 2.09040617943, 4.64598703384, 5.36596393585, 9.41381168365, 9.43650245667, 7.0371222496, 7.68279647827, 17.2030487061, 9.58620738983, 12.3024168015, 21.6735935211, 20.5048980713, 31.5647697449, 28.2089557648, 46.2452583313, 47.8959236145, 43.2121505737, 37.9433670044, 51.6763572693, 44.3255615234, 61.7828063965, 43.1055755615, 38.7446289062, 26.8750209808, 22.797296524, 21.1315307617, 17.8014945984, 13.7133617401, 11.1265907288, 6.81357860565, 3.14388203621, 1.30474674702, 0.602878510952, 0.222015097737, 0.082021176815, 0.0543554164469, 0.0285466574132, 0.00306149525568, 7.9756937339e-05]}, "spectral_strongpeak": {"dmean2": 0.791092574596, "median": 0.330330133438, "min": 0, "dvar2": 2.31040048599, "dvar": 0.899592280388, "dmean": 0.447629243135, "max": 14.3351249695, "var": 1.14670038223, "mean": 0.683172941208}, "spectral_energy": {"dmean2": 0.0164637248963, "median": 0.0273492708802, "min": 1.12108967798e-20, "dvar2": 0.00081014004536, "dvar": 0.000302922067931, "dmean": 0.00985072832555, "max": 0.24384534359, "var": 0.000316770019708, "mean": 0.0302512925118}, "average_loudness": 0.953501999378, "spectral_rolloff": {"dmean2": 905.25793457, "median": 2024.12109375, "min": 86.1328125, "dvar2": 1149622, "dvar": 538227.625, "dmean": 557.10369873, "max": 18755.4199219, "var": 2682422.75, "mean": 2222.20874023}, "spectral_centroid": {"dmean2": 408.896850586, "median": 1955.30395508, "min": 164.556488037, "dvar2": 158598.0625, "dvar": 72076.53125, "dmean": 262.736694336, "max": 11396.0234375, "var": 314095.65625, "mean": 1937.66052246}, "pitch_salience": {"dmean2": 0.108658656478, "median": 0.556599795818, "min": 0.0614654384553, "dvar2": 0.0103165181354, "dvar": 0.00408355845138, "dmean": 0.0668813958764, "max": 0.876462996006, "var": 0.0114754596725, "mean": 0.548603177071}, "spectral_energyband_middle_high": {"dmean2": 0.00337360217236, "median": 0.0077449567616, "min": 1.53807550412e-21, "dvar2": 1.69506129168e-05, "dvar": 6.91531249686e-06, "dmean": 0.0021560783498, "max": 0.0469100065529, "var": 2.67803116003e-05, "mean": 0.00862102489918}, "spectral_contrast_coeffs": {"dmean2": [0.0838283896446, 0.0789553150535, 0.0629950091243, 0.0500036813319, 0.0364439487457, 0.0332503281534], "median": [-0.670119404793, -0.734794080257, -0.771947145462, -0.776865422726, -0.787624597549, -0.692237734795], "min": [-0.971034288406, -0.961154401302, -0.970920205116, -0.966809630394, -0.958026826382, -0.962195158005], "dvar2": [0.00487584760413, 0.00398275023326, 0.00258329277858, 0.00153921858873, 0.000852292578202, 0.000955469324253], "dvar": [0.00183214992285, 0.00150468421634, 0.00104656349868, 0.000626007968094, 0.000350883055944, 0.000387593609048], "dmean": [0.0505987629294, 0.0478946007788, 0.039048537612, 0.030848858878, 0.0224645566195, 0.0205682870001], "max": [-0.31722804904, -0.385648012161, -0.474007368088, -0.514978587627, -0.564917206764, -0.524524211884], "var": [0.00466354005039, 0.00465040560812, 0.00391542678699, 0.0024193006102, 0.00142407999374, 0.00187691429164], "mean": [-0.662052333355, -0.73290014267, -0.765265524387, -0.771833717823, -0.782463788986, -0.693687736988]}, "melbands_skewness": {"dmean2": 1.03595435619, "median": 2.01285243034, "min": -3.16273140907, "dvar2": 1.51566696167, "dvar": 0.631809175014, "dmean": 0.651275336742, "max": 14.7552375793, "var": 1.84012234211, "mean": 2.27667021751}, "spectral_spread": {"dmean2": 543519.625, "median": 3707497.5, "min": 1558409.875, "dvar2": 456521678848, "dvar": 271780052992, "dmean": 375621.8125, "max": 40871084, "var": 1318546964480.0, "mean": 3823741.75}, "dissonance": {"dmean2": 0.016809983179, "median": 0.484239935875, "min": 0.309579849243, "dvar2": 0.000285770132905, "dvar": 0.000105218001409, "dmean": 0.0100126657635, "max": 0.500000119209, "var": 0.000194199616089, "mean": 0.480884641409}, "spectral_skewness": {"dmean2": 0.325564980507, "median": 1.0827422142, "min": -0.0224737860262, "dvar2": 0.110362067819, "dvar": 0.0406198427081, "dmean": 0.195556133986, "max": 4.60811042786, "var": 0.123423986137, "mean": 1.11330032349}, "spectral_flux": {"dmean2": 0.0387217216194, "median": 0.082995429635, "min": 1.05881525769e-10, "dvar2": 0.00191104609985, "dvar": 0.000961089914199, "dmean": 0.0249635111541, "max": 0.451435148716, "var": 0.00196271156892, "mean": 0.0909271389246}, "spectral_contrast_valleys": {"dmean2": [0.62935090065, 0.630786061287, 0.525602459908, 0.425559937954, 0.381284415722, 0.398374587297], "median": [-6.6716542244, -6.86055660248, -6.95907211304, -6.92182683945, -6.70501661301, -10.0220241547], "min": [-27.1950149536, -27.024389267, -27.0225276947, -27.1678524017, -27.3036575317, -27.1980228424], "dvar2": [0.298244714737, 0.310202479362, 0.2135604918, 0.142831161618, 0.172370567918, 0.263503134251], "dvar": [0.134517356753, 0.130141034722, 0.0984818264842, 0.0709056854248, 0.0873051807284, 0.149070054293], "dmean": [0.381435990334, 0.383472114801, 0.325295299292, 0.267643272877, 0.248206540942, 0.298837691545], "max": [-5.01772356033, -4.79577589035, -5.1794757843, -5.433157444, -5.19763422012, -7.28469371796], "var": [1.10158324242, 0.845870137215, 0.80760884285, 0.739240169525, 0.763256847858, 1.24115598202], "mean": [-6.9096570015, -6.96872854233, -7.09381818771, -7.0587477684, -6.84617853165, -10.1861371994]}, "erbbands_flatness_db": {"dmean2": 0.021546497941, "median": 0.151881277561, "min": 0.0495997779071, "dvar2": 0.000443203316536, "dvar": 0.000248058931902, "dmean": 0.0154302967712, "max": 0.340141475201, "var": 0.00149385712575, "mean": 0.153542757034}, "spectral_energyband_high": {"dmean2": 0.00117667217273, "median": 0.000849495874718, "min": 8.18931909324e-21, "dvar2": 6.16281340626e-06, "dvar": 2.41794509748e-06, "dmean": 0.00073151307879, "max": 0.0316857472062, "var": 4.55000417787e-06, "mean": 0.00157435715664}, "spectral_entropy": {"dmean2": 0.157779291272, "median": 7.8343296051, "min": 6.00675106049, "dvar2": 0.0259518083185, "dvar": 0.0134691325948, "dmean": 0.108970202506, "max": 9.80679130554, "var": 0.085099413991, "mean": 7.80358886719}, "silence_rate_20dB": {"dmean2": 0, "median": 1, "min": 1, "dvar2": 0, "dvar": 0, "dmean": 0, "max": 1, "var": 0, "mean": 1}, "melbands_flatness_db": {"dmean2": 0.0376085639, "median": 0.16127717495, "min": 0.00782763026655, "dvar2": 0.00143357599154, "dvar": 0.000644620798994, "dmean": 0.0243420600891, "max": 0.546129763126, "var": 0.00356878340244, "mean": 0.166172400117}, "barkbands": {"dmean2": [8.14784361864e-05, 0.00790118984878, 0.00441895006225, 0.00201785913669, 0.00393806304783, 0.000989393796772, 0.00115158047993, 0.000444354547653, 0.000661652768031, 0.000712707522325, 0.000646950560622, 0.000881817599293, 0.000769954291172, 0.000763615826145, 0.00067997170845, 0.00067769974703, 0.000862442306243, 0.000647112552542, 0.000580881489441, 0.000434953923104, 0.00047097861534, 0.000339988881024, 0.00023057028011, 8.51906879689e-05, 3.64833613276e-05, 3.4374090319e-05, 2.85442674794e-05], "median": [1.91645704035e-05, 0.00610903464258, 0.00235106982291, 0.00125655392185, 0.00176560296677, 0.000547954929061, 0.000512096565217, 0.000158532347996, 0.000340672879247, 0.00038702058373, 0.000316692807246, 0.000508705852553, 0.000530367484316, 0.000506985525135, 0.000503326649778, 0.00056965375552, 0.000804410199635, 0.000500174763147, 0.000459407514427, 0.000307742739096, 0.000290048134048, 0.000171063409653, 9.87781386357e-05, 3.94251183025e-05, 1.31887809403e-05, 2.9190953228e-06, 3.82106662755e-07], "min": [5.55538757977e-23, 2.82490743061e-23, 1.86106487038e-23, 1.62148260698e-23, 9.39272256713e-23, 2.46099958414e-23, 8.17306203944e-24, 2.47737949198e-23, 8.11683597842e-23, 7.05899306827e-23, 6.60489885659e-23, 1.30624750992e-22, 1.21658229777e-22, 1.03482577909e-22, 1.12508945268e-22, 1.10434809067e-22, 1.4036091015e-22, 2.31053320171e-22, 2.72876301986e-22, 3.33358280211e-22, 5.58379275703e-22, 3.89638722146e-22, 7.65631892436e-22, 1.02489111729e-21, 1.32299289386e-21, 1.78338787012e-21, 2.50003526163e-21], "dvar2": [2.93223685333e-08, 0.000255790248048, 9.6375864814e-05, 1.66324625752e-05, 4.33423665527e-05, 3.21028346661e-06, 3.7896259073e-06, 1.02184390016e-06, 1.51991446273e-06, 1.64889422649e-06, 1.34418564812e-06, 2.21949153456e-06, 1.45045692079e-06, 1.48835113123e-06, 1.13331680041e-06, 8.62413571667e-07, 1.17892693652e-06, 1.05075901047e-06, 8.86577083747e-07, 6.22565494268e-07, 9.70372980191e-07, 5.66368612454e-07, 3.43509100276e-07, 5.60633601765e-08, 2.16727666924e-08, 1.4722674635e-08, 5.36254596284e-09], "dvar": [1.06820738921e-08, 9.62614867603e-05, 3.29531976604e-05, 5.91217167312e-06, 1.64796856552e-05, 1.20764627809e-06, 1.4065136611e-06, 4.49949538961e-07, 6.74871898809e-07, 7.81826940965e-07, 6.01347494467e-07, 9.55972836891e-07, 6.48178286156e-07, 6.05801403708e-07, 4.76238909641e-07, 3.58591620397e-07, 4.93055495099e-07, 4.04564872269e-07, 3.30785979941e-07, 2.25529646514e-07, 3.44621753356e-07, 2.20760426828e-07, 1.50635841578e-07, 2.87446795255e-08, 1.01151709231e-08, 6.56914078689e-09, 2.28816698922e-09], "dmean": [4.67698919238e-05, 0.00471845315769, 0.00250366213731, 0.00116494903341, 0.00231421855278, 0.000590704497881, 0.00068536400795, 0.0