{"tonal": {"thpcp": [1, 0.563763439655, 0.143132045865, 0.141129925847, 0.140085473657, 0.175551086664, 0.31513184309, 0.406730443239, 0.354125887156, 0.303849518299, 0.322007417679, 0.424770116806, 0.600505888462, 0.628695428371, 0.441135555506, 0.288903951645, 0.249617472291, 0.244157150388, 0.241556361318, 0.244459167123, 0.288567721844, 0.371722280979, 0.370350152254, 0.280483096838, 0.233977273107, 0.251836299896, 0.326597899199, 0.53784430027, 0.739486694336, 0.610116124153, 0.343429177999, 0.225801944733, 0.207820475101, 0.23808722198, 0.25312936306, 0.632753193378], "hpcp": {"dmean2": [0.38324546814, 0.365169644356, 0.322120130062, 0.259518831968, 0.227308288217, 0.212047934532, 0.199579656124, 0.218609675765, 0.253116726875, 0.270572543144, 0.258948028088, 0.236732855439, 0.206170082092, 0.2250572294, 0.27034509182, 0.338162302971, 0.383864074945, 0.368671059608, 0.275750339031, 0.211408138275, 0.185516014695, 0.189777046442, 0.186510235071, 0.348200708628, 0.554040491581, 0.319963872433, 0.112640291452, 0.1073801741, 0.105883531272, 0.136151134968, 0.212517753243, 0.265216052532, 0.26889526844, 0.26736202836, 0.290795207024, 0.350363045931], "median": [0.0584273934364, 0.0690307021141, 0.0408480167389, 0.017389819026, 0.0115014845505, 0.00998470000923, 0.010707847774, 0.0110286902636, 0.0165240466595, 0.0239023137838, 0.0207989197224, 0.0153409093618, 0.0137263014913, 0.0142453704029, 0.0218795482069, 0.0547227114439, 0.0825388729572, 0.0605717301369, 0.0238138362765, 0.0100739561021, 0.0110583985224, 0.0185379050672, 0.021751107648, 0.104583188891, 0.130484417081, 0.0832258909941, 0.00806160829961, 0.0122726624832, 0.0126905879006, 0.0126342829317, 0.021312199533, 0.0252877622843, 0.0198115818202, 0.0134385321289, 0.0137183424085, 0.024292062968], "min": [0, 0, 0, 0, 0, 0, 0, 0, 0, 0, 0, 0, 0, 0, 0, 0, 0, 0, 0, 0, 0, 0, 0, 0, 0, 0, 0, 0, 0, 0, 0, 0, 0, 0, 0, 0], "dvar2": [0.208693176508, 0.192052319646, 0.1734341681, 0.164124026895, 0.138457521796, 0.129477769136, 0.120199292898, 0.132345572114, 0.150265201926, 0.160496845841, 0.1534897089, 0.145333811641, 0.123913221061, 0.131287425756, 0.147729322314, 0.170664191246, 0.194700241089, 0.185615137219, 0.142986431718, 0.124945186079, 0.102864786983, 0.104467406869, 0.0953606143594, 0.113720260561, 0.283846050501, 0.0980443283916, 0.0554518178105, 0.0517235174775, 0.0525587201118, 0.0623941458762, 0.105505734682, 0.144269362092, 0.150020301342, 0.164515838027, 0.17725160718, 0.203257828951], "dvar": [0.0769179314375, 0.0726853087544, 0.0623616203666, 0.0578767135739, 0.0497829727829, 0.0463702306151, 0.0430867671967, 0.0475106500089, 0.0530190244317, 0.058355551213, 0.0560759231448, 0.0508346445858, 0.0437596477568, 0.0474319085479, 0.0545559190214, 0.0629655569792, 0.0728965848684, 0.0687240585685, 0.0521744266152, 0.0442387796938, 0.0363435745239, 0.0374946631491, 0.0348700918257, 0.0449960529804, 0.117728255689, 0.0391024202108, 0.019706055522, 0.0182946063578, 0.0185845922679, 0.022722415626, 0.040432356298, 0.0561352819204, 0.0544883832335, 0.059189286083, 0.0644599869847, 0.0739798396826], "dmean": [0.213865295053, 0.204039230943, 0.177311763167, 0.139912053943, 0.121334895492, 0.113444514573, 0.107046946883, 0.117008648813, 0.136425539851, 0.148140266538, 0.141741916537, 0.127367094159, 0.110305309296, 0.120635099709, 0.146891981363, 0.190398290753, 0.218339964747, 0.206898108125, 0.151139840484, 0.11275242269, 0.0993668735027, 0.103751003742, 0.102440051734, 0.19499476254, 0.305837363005, 0.178108796477, 0.0609483644366, 0.0581768155098, 0.0576075650752, 0.0746652036905, 0.119793705642, 0.147640138865, 0.147139504552, 0.144159570336, 0.156305655837, 0.191141173244], "max": [1, 1, 1, 1, 1, 1, 1, 1, 1, 1, 1, 1, 1, 1, 1, 1, 1, 1, 1, 1, 1, 1, 1, 1, 1, 1, 1, 1, 1, 1, 1, 1, 1, 1, 1, 1], "var": [0.0912112519145, 0.0940809324384, 0.0596092902124, 0.0432973206043, 0.0380934625864, 0.0384026952088, 0.0376664325595, 0.0362117625773, 0.0411810949445, 0.0579518713057, 0.0590529590845, 0.0410435497761, 0.0327074192464, 0.0360684841871, 0.0459440127015, 0.0713982507586, 0.108954794705, 0.0852568745613, 0.0454194918275, 0.0321624539793, 0.0270692631602, 0.0299228001386, 0.0315040275455, 0.0611461922526, 0.162216305733, 0.0528134144843, 0.0164689589292, 0.0154237095267, 0.0150045584887, 0.0196028985083, 0.0434606857598, 0.0657120421529, 0.0517362691462, 0.0476078502834, 0.0518533699214, 0.0658870413899], "mean": [0.213504165411, 0.223526701331, 0.156841561198, 0.102717064321, 0.0887491255999, 0.086807757616, 0.0858830735087, 0.0869151353836, 0.102597512305, 0.132162332535, 0.131674483418, 0.0997231006622, 0.0831883996725, 0.0895380079746, 0.116118788719, 0.19122543931, 0.262917488813, 0.216921001673, 0.122102990746, 0.0802817419171, 0.0738885998726, 0.0846496522427, 0.0899977385998, 0.224969387054, 0.355540513992, 0.200440734625, 0.0508892387152, 0.0501774065197, 0.0498060621321, 0.0624155215919, 0.11204213649, 0.144609153271, 0.125906094909, 0.108030818403, 0.114486686885, 0.151022985578]}, "tuning_equal_tempered_deviation": 0.197177767754, "chords_changes_rate": 0.0508100129664, "key_key": "A#", "tuning_diatonic_strength": 0.513198554516, "key_scale": "major", "chords_number_rate": 0.00176730484236, "tuning_frequency": 434.193115234, "tuning_nontempered_energy_ratio": 0.872080206871, "chords_histogram": [1.47275400162, 55.9646530151, 4.25625944138, 1.13402056694, 11.5316638947, 1.35493373871, 4.40353441238, 0.765832126141, 2.45949935913, 0.132547870278, 0.824742257595, 0.441826224327, 0.471281290054, 0.250368177891, 0, 0.191458031535, 0.250368177891, 1.35493373871, 5.58173799515, 3.28424143791, 0.986745238304, 1.85567009449, 0.765832126141, 0.265095740557], "key_strength": 0.674852252007, "chords_key": "D", "chords_strength": {"dmean2": 0.0129143241793, "median": 0.51253682375, "min": -1, "dvar2": 0.00070775358472, "dvar": 0.000374980387278, "dmean": 0.0107503347099, "max": 0.777914941311, "var": 0.00882566347718, "mean": 0.505590081215}, "chords_scale": "minor", "hpcp_entropy": {"dmean2": 1.14352631569, "median": 2.39251327515, "min": 0, "dvar2": 0.816483438015, "dvar": 0.283744156361, "dmean": 0.673678219318, "max": 4.56489562988, "var": 0.567967414856, "mean": 2.37232089043}}, "metadata": {"audio_properties": {"equal_loudness": 0, "codec": "mp3", "downmix": "mix", "sample_rate": 44100, "analysis_sample_rate": 44100, "bit_rate": 221492, "md5_encoded": "dea01d819edc359aef27080a8d49e0b4", "length": 315.271850586, "replay_gain": -12.6340770721, "lossless": false}, "version": {"essentia_build_sha": "70f2e5ece6736b2c40cc944ad0e695b16b925413", "essentia": "2.1-beta2", "extractor": "music 1.0", "essentia_git_sha": "v2.1_beta2"}, "tags": {"title": ["05.\u00ba\u00a3\u00b5\u00d7\u00b7\u00c7\u00c1\u00e8\u00bb\u00fa"], "artist": ["\u00ce\u00e9\u00b0\u00db"], "albumartist": ["\u00ce\u00e9\u00b0\u00db"], "date": ["2007"], "genre": ["Pop"], "album": ["\u00cb\u00ab\u00c3\u00e6\u00c8\u00cb"], "tracknumber": ["5"], "musicbrainz_recordingid": ["16e46a2d-e6b1-480c-b1ba-1a622d6ad32a"], "file_name": "338598.mp3"}}, "rhythm": {"bpm_histogram_first_peak_bpm": {"dmean2": 0, "median": 148, "min": 148, "dvar2": 0, "dvar": 0, "dmean": 0, "max": 148, "var": 0, "mean": 148}, "bpm": 148.002410889, "bpm_histogram_second_peak_spread": {"dmean2": 0, "median": 0, "min": 0, "dvar2": 0, "dvar": 0, "dmean": 0, "max": 0, "var": 0, "mean": 0}, "bpm_histogram_first_peak_weight": {"dmean2": 0, "median": 0.815823614597, "min": 0.815823614597, "dvar2": 0, "dvar": 0, "dmean": 0, "max": 0.815823614597, "var": 0, "mean": 0.815823614597}, "onset_rate": 4.56719255447, "beats_position": [0.603718817234, 1.20743763447, 1.8111563921, 2.42648530006, 3.04181408882, 3.65714287758, 4.27247142792, 4.88780021667, 5.50312900543, 5.94430828094, 6.3622674942, 6.79183673859, 7.23301553726, 7.63936471939, 8.05732440948, 8.46367359161, 8.87002277374, 9.27637195587, 9.69433116913, 10.1006803513, 10.5070295334, 10.9133787155, 11.3197278976, 11.7260770798, 12.1324262619, 12.538775444, 12.9451246262, 13.3514738083, 13.7578229904, 14.1641721725, 14.5589113235, 14.9652605057, 15.3716096878, 15.7779588699, 16.1843090057, 16.5790481567, 16.9853973389, 17.391746521, 17.7980957031, 18.2044448853, 18.6107940674, 19.0171432495, 19.4234924316, 19.8298416138, 20.2361907959, 20.642539978, 21.0488891602, 21.4552383423, 21.8615875244, 22.2679367065, 22.6742858887, 23.0806350708, 23.4869842529, 23.8933334351, 24.2996826172, 24.7060317993, 25.1007709503, 25.5071201324, 25.9134693146, 26.3082084656, 26.7145576477, 27.1209068298, 27.527256012, 27.9336051941, 28.3399543762, 28.7463035583, 29.1526527405, 29.5590019226, 29.9653511047, 30.3717002869, 30.778049469, 31.1843986511, 31.5907478333, 31.9970970154, 32.391834259, 32.7981834412, 33.204536438, 33.6108856201, 34.0172348022, 34.4235839844, 34.8299331665, 35.2362823486, 35.6426315308, 36.0489807129, 36.455329895, 36.8616790771, 37.2680282593, 37.6743774414, 38.0807266235, 38.4754638672, 38.8818130493, 39.2881622314, 39.6945114136, 40.1008605957, 40.5072097778, 40.91355896, 41.3083000183, 41.7262573242, 42.1326065063, 42.5389556885, 42.9336967468, 43.340045929, 43.7463951111, 44.1527442932, 44.5590934753, 44.9654426575, 45.3717918396, 45.7781410217, 46.1844902039, 46.590839386, 46.9971885681, 47.3919258118, 47.7982749939, 48.204624176, 48.6109733582, 49.0173225403, 49.4236717224, 49.8300209045, 50.2363700867, 50.6427192688, 51.0490684509, 51.4554176331, 51.8501586914, 52.2565078735, 52.6628570557, 53.0692062378, 53.4755554199, 53.8819046021, 54.2882537842, 54.6946029663, 55.1009521484, 55.5073013306, 55.9136505127, 56.3199996948, 56.726348877, 57.1326980591, 57.5390472412, 57.9337844849, 58.340133667, 58.7464828491, 59.1528320312, 59.5591812134, 59.9539222717, 60.3602714539, 60.766620636, 61.1845779419, 61.5793190002, 61.9856681824, 62.3920173645, 62.7983665466, 63.2047157288, 63.6110649109, 64.0174102783, 64.4237594604, 64.8301086426, 65.2364578247, 65.6428070068, 66.049156189, 66.4555053711, 66.8618545532, 67.2682037354, 67.6745529175, 68.0809020996, 68.4756469727, 68.8819961548, 69.2883453369, 69.694694519, 70.1010437012, 70.4957809448, 70.902130127, 71.3084793091, 71.7148284912, 72.1211776733, 72.5275268555, 72.9338760376, 73.3402252197, 73.7465744019, 74.152923584, 74.5592727661, 74.9540100098, 75.3603591919, 75.766708374, 76.1846694946, 76.5910186768, 76.9973678589, 77.403717041, 77.8100662231, 78.2048034668, 78.6111526489, 79.0175018311, 79.4238510132, 79.8302001953, 80.2365493774, 80.6428985596, 81.0492477417, 81.4555969238, 81.8503417969, 82.256690979, 82.6630401611, 83.0693893433, 83.4757385254, 83.8820877075, 84.2884368896, 84.6947860718, 85.1011352539, 85.507484436, 85.9138336182, 86.3201828003, 86.7265319824, 87.1328811646, 87.5392303467, 87.9339675903, 88.3403167725, 88.7466659546, 89.1530151367, 89.5593643188, 89.965713501, 90.3720626831, 90.7667999268, 91.1731491089, 91.579498291, 91.9858474731, 92.3921966553, 92.7985458374, 93.2048950195, 93.6228561401, 94.0292053223, 94.4355545044, 94.830291748, 95.2250289917, 95.6313781738, 96.037727356, 96.4440765381, 96.8504257202, 97.2567749023, 97.6631240845, 98.0694732666, 98.4758224487, 98.8821716309, 99.288520813, 99.6948699951, 100.101219177, 100.49596405, 100.902313232, 101.308662415, 101.715011597, 102.121360779, 102.527709961, 102.934059143, 103.340408325, 103.746757507, 104.153106689, 104.559455872, 104.965805054, 105.372154236, 105.778503418, 106.1848526, 106.591201782, 106.997550964, 107.392288208, 107.787025452, 108.193374634, 108.599723816, 109.006072998, 109.41242218, 109.818771362, 110.225120544, 110.631469727, 111.037818909, 111.444168091, 111.850517273, 112.256866455, 112.663215637, 113.069564819, 113.475914001, 113.870658875, 114.277008057, 114.683357239, 115.089706421, 115.496055603, 115.902404785, 116.308753967, 116.715103149, 117.121452332, 117.516189575, 117.922538757, 118.328887939, 118.735237122, 119.141586304, 119.559547424, 119.965896606, 120.372245789, 120.778594971, 121.184944153, 121.579681396, 121.997642517, 122.392379761, 122.798728943, 123.205078125, 123.611427307, 124.017776489, 124.424125671, 124.830474854, 125.225212097, 125.631561279, 126.037910461, 126.444259644, 126.850608826, 127.256958008, 127.66330719, 128.069656372, 128.476013184, 128.882354736, 129.288711548, 129.695053101, 130.101409912, 130.496139526, 130.914108276, 131.320449829, 131.726806641, 132.121536255, 132.527893066, 132.934234619, 133.340591431, 133.746932983, 134.153289795, 134.559631348, 134.954376221, 135.360717773, 135.767074585, 136.173416138, 136.579772949, 136.986114502, 137.392471313, 137.798812866, 138.205169678, 138.61151123, 139.017868042, 139.424209595, 139.830566406, 140.236907959, 140.643264771, 141.037994385, 141.444351196, 141.850692749, 142.257049561, 142.663391113, 143.069747925, 143.476104736, 143.870834351, 144.288803101, 144.683532715, 145.089889526, 145.496231079, 145.902587891, 146.308929443, 146.715286255, 147.121627808, 147.527984619, 147.934326172, 148.340682983, 148.747024536, 149.153381348, 149.5597229, 149.954467773, 150.360809326, 150.767166138, 151.17350769, 151.579864502, 151.997817993, 152.392562866, 152.798904419, 153.20526123, 153.611602783, 154.017959595, 154.424301147, 154.830657959, 155.236999512, 155.643356323, 156.038085938, 156.444442749, 156.850784302, 157.257141113, 157.663482666, 158.069839478, 158.47618103, 158.882537842, 159.288879395, 159.695236206, 160.101577759, 160.50793457, 160.914276123, 161.320632935, 161.726974487, 162.12171936, 162.528076172, 162.934417725, 163.340774536, 163.747116089, 164.1534729, 164.559814453, 164.966171265, 165.372512817, 165.778869629, 166.185211182, 166.579956055, 166.986297607, 167.392654419, 167.798995972, 168.205352783, 168.611694336, 169.018051147, 169.4243927, 169.830749512, 170.237091064, 170.643447876, 171.03817749, 171.444534302, 171.850875854, 172.257232666, 172.663574219, 173.06993103, 173.476272583, 173.882629395, 174.288970947, 174.695327759, 175.101669312, 175.496414185, 175.902755737, 176.309112549, 176.715454102, 177.121810913, 177.528152466, 177.934509277, 178.34085083, 178.747207642, 179.153549194, 179.559906006, 179.966262817, 180.37260437, 180.767349243, 181.173690796, 181.580047607, 181.98638916, 182.392745972, 182.799087524, 183.205444336, 183.611785889, 184.0181427, 184.424484253, 184.830841064, 185.225570679, 185.63192749, 186.038269043, 186.444625854, 186.850967407, 187.257324219, 187.663665771, 188.070022583, 188.476364136, 188.882720947, 189.2890625, 189.683807373, 190.101760864, 190.508117676, 190.914459229, 191.32081604, 191.727157593, 192.121902466, 192.528244019, 192.93460083, 193.340942383, 193.747299194, 194.153640747, 194.559997559, 194.966339111, 195.372695923, 195.767440796, 196.173782349, 196.58013916, 196.986480713, 197.392837524, 197.799179077, 198.205535889, 198.611877441, 199.018234253, 199.424575806, 199.830932617, 200.23727417, 200.643630981, 201.038360596, 201.444717407, 201.85105896, 202.257415771, 202.663757324, 203.070114136, 203.476455688, 203.8828125, 204.289154053, 204.695510864, 205.101852417, 205.49659729, 205.902938843, 206.309295654, 206.715637207, 207.121994019, 207.528335571, 207.934692383, 208.329421997, 208.735778809, 209.142120361, 209.548477173, 209.954818726, 210.361175537, 210.76751709, 211.173873901, 211.580215454, 211.986572266, 212.392913818, 212.79927063, 213.205612183, 213.611968994, 214.018310547, 214.41305542, 214.819412231, 215.225753784, 215.632110596, 216.038452148, 216.44480896, 216.851150513, 217.269119263, 217.675460815, 218.070205688, 218.476547241, 218.882904053, 219.289245605, 219.683990479, 220.090332031, 220.496688843, 220.903030396, 221.309387207, 221.71572876, 222.122085571, 222.528427124, 222.934783936, 223.341125488, 223.7474823, 224.142211914, 224.548568726, 224.954910278, 225.36126709, 225.767608643, 226.162353516, 226.580307007, 226.986663818, 227.393005371, 227.799362183, 228.205703735, 228.612060547, 229.0184021, 229.424758911, 229.831100464, 230.237457275, 230.643798828, 231.038543701, 231.444900513, 231.851242065, 232.245986938, 232.652328491, 233.058685303, 233.465026855, 233.871383667, 234.27772522, 234.684082031, 235.090423584, 235.496780396, 235.903121948, 236.30947876, 236.704208374, 237.122177124, 237.528518677, 237.934875488, 238.341217041, 238.747573853, 239.142303467, 239.560272217, 239.955001831, 240.361358643, 240.767700195, 241.174057007, 241.58039856, 241.986755371, 242.393096924, 242.799453735, 243.18258667, 243.600540161, 244.006881714, 244.413238525, 244.819580078, 245.22593689, 245.620681763, 246.027023315, 246.433380127, 246.83972168, 247.246078491, 247.652420044, 248.058776855, 248.465118408, 248.87147522, 249.277816772, 249.660949707, 250.078903198, 250.473648071, 250.891601562, 251.297958374, 251.704299927, 252.110656738, 252.516998291, 252.923355103, 253.329696655, 253.736053467, 254.14239502, 254.548751831, 254.955093384, 255.361450195, 255.767791748, 256.185760498, 256.580505371, 256.975219727, 257.381591797, 257.78793335, 258.194274902, 258.589019775, 259.006988525, 259.413330078, 259.819671631, 260.226013184, 260.632385254, 261.038726807, 261.445068359, 261.851409912, 262.246154785, 262.640899658, 263.058868408, 263.465209961, 263.871551514, 264.277923584, 264.684265137, 265.090606689, 265.496948242, 265.903320312, 266.309661865, 266.704406738, 267.110748291, 267.517089844, 267.923431396, 268.329803467, 268.73614502, 269.142486572, 269.548828125, 269.955200195, 270.361541748, 270.767883301, 271.174224854, 271.580596924, 271.986938477, 272.393280029, 272.799621582, 273.194366455, 273.600708008, 274.007080078, 274.413421631, 274.808166504, 275.226104736, 275.632476807, 276.038818359, 276.445159912, 276.851501465, 277.257873535, 277.664215088, 278.070556641, 278.476898193, 278.883270264, 279.289611816, 279.695953369, 280.113922119, 280.520263672, 280.903381348, 281.286529541, 281.704498291, 282.110839844, 282.517181396, 282.923522949, 283.32989502, 283.736236572, 284.142578125, 284.548919678, 284.955291748, 285.361633301, 285.767974854, 286.174316406, 286.580688477, 286.987030029, 287.393371582, 287.799713135, 288.206085205, 288.600799561, 289.007171631, 289.413513184, 289.819854736, 290.226196289, 290.632568359, 291.038909912, 291.445251465, 291.851593018, 292.257965088, 292.664306641, 293.070648193, 293.476989746, 293.871734619, 294.278076172, 294.684448242, 295.090789795, 295.497131348, 295.9034729, 296.309844971, 296.716186523, 297.122528076, 297.528869629, 297.935241699, 298.341583252, 298.747924805, 299.142669678, 299.54901123, 299.955383301, 300.361724854, 300.768066406, 301.174407959, 301.580780029, 301.975494385, 302.381866455, 302.788208008, 303.194549561, 303.600891113, 304.018859863, 304.413604736, 304.831573486, 305.249511719, 305.667480469, 306.085449219, 306.480163574, 306.874908447, 307.26965332, 307.664398193, 308.059143066, 308.453857422, 308.848602295, 309.243347168, 309.638092041, 310.032836914, 310.427581787, 310.822296143, 311.217041016, 311.623382568, 312.029754639, 312.389648438, 312.749572754, 313.109466553, 313.469390869, 313.840911865, 314.200805664, 314.57232666], "beats_loudness": {"dmean2": 0.0572236254811, "median": 0.0919559672475, "min": 1.80992835499e-16, "dvar2": 0.00199852185324, "dvar": 0.000646101252642, "dmean": 0.0315734855831, "max": 0.210174381733, "var": 0.00132034928538, "mean": 0.0915896743536}, "danceability": 1.23535108566, "bpm_histogram_second_peak_weight": {"dmean2": 0, "median": 0.0103761348873, "min": 0.0103761348873, "dvar2": 0, "dvar": 0, "dmean": 0, "max": 0.0103761348873, "var": 0, "mean": 0.0103761348873}, "beats_count": 772, "bpm_histogram_second_peak_bpm": {"dmean2": 0, "median": 98, "min": 98, "dvar2": 0, "dvar": 0, "dmean": 0, "max": 98, "var": 0, "mean": 98}, "bpm_histogram_first_peak_spread": {"dmean2": 0, "median": 0.160213589668, "min": 0.160213589668, "dvar2": 0, "dvar": 0, "dmean": 0, "max": 0.160213589668, "var": 0, "mean": 0.160213589668}, "beats_loudness_band_ratio": {"dmean2": [0.185938715935, 0.0846073180437, 0.100641556084, 0.0853914022446, 0.0233740303665, 0.0236963126808], "median": [0.866930544376, 0.0430490523577, 0.0325472801924, 0.0133801316842, 0.0126272356138, 0.00965859275311], "min": [0, 0, 0, 0, 0, 0], "dvar2": [0.032952927053, 0.0110658993945, 0.016061514616, 0.0236256979406, 0.00163248751778, 0.00379360187799], "dvar": [0.0130926808342, 0.00394188426435, 0.00590180279687, 0.00887709390372, 0.000826643547043, 0.00129308388568], "dmean": [0.107662342489, 0.0482378266752, 0.0571281090379, 0.0476714149117, 0.0145920664072, 0.013537760824], "max": [0.981403410435, 0.534611821175, 0.614372074604, 0.688836753368, 0.640990018845, 0.527388513088], "var": [0.0371346957982, 0.00440786359832, 0.00738018518314, 0.00810831785202, 0.00282009504735, 0.00245116977021], "mean": [0.795179128647, 0.063746124506, 0.0668317303061, 0.046253990382, 0.0241869296879, 0.0222749914974]}}, "lowlevel": {"barkbands_spread": {"dmean2": 9.12622356415, "median": 12.9245948792, "min": 0.882924795151, "dvar2": 112.728538513, "dvar": 46.514339447, "dmean": 5.69370126724, "max": 96.4379348755, "var": 149.005187988, "mean": 16.4961223602}, "melbands_spread": {"dmean2": 7.6763458252, "median": 8.84200954437, "min": 0.483695983887, "dvar2": 102.343818665, "dvar": 41.1295852661, "dmean": 4.6749830246, "max": 225.668960571, "var": 178.837234497, "mean": 12.7622423172}, "hfc": {"dmean2": 11.1061620712, "median": 16.6444473267, "min": 1.08003450569e-16, "dvar2": 234.959640503, "dvar": 101.223823547, "dmean": 7.29797840118, "max": 252.96472168, "var": 296.012939453, "mean": 21.6312065125}, "barkbands_kurtosis": {"dmean2": 11.9311466217, "median": 10.1226196289, "min": -1.87865233421, "dvar2": 214.309783936, "dvar": 81.9797668457, "dmean": 7.29115343094, "max": 217.120010376, "var": 152.88343811, "mean": 12.843711853}, "gfcc": {"mean": [26.0069980621, 80.6194152832, -76.4632873535, 32.8285751343, -40.469581604, 22.4288520813, -31.2881259918, 13.6482057571, -12.2837438583, 2.76205182076, -16.7026042938, 2.43237662315, -10.9250001907], "icov": [[0.00015114400594, -0.000218324465095, 0.000118817435578, -0.00033305468969, 0.000188876481843, -0.000380072218832, 0.000398112082621, -0.00044397340389, 0.000397143943701, -0.000316901336191, 0.000598355487455, -0.000462788186269, 0.000557019084226], [-0.000218324465095, 0.0015731084859, -0.000113012865768, 0.00115356605966, -0.000784404342994, 0.000773634295911, -0.000446817197371, 0.00123943272047, -0.001202084939, 0.00135436595883, -0.00143556797411, 0.00160186807625, -0.00101627444383], [0.000118817435578, -0.000113012865768, 0.00221728603356, -0.001094333129, -8.72407690622e-05, -0.000970604305621, 0.00084108178271, -0.000470306928037, -1.89089332707e-05, -0.0001899296185, 0.00108975369949, -0.00131099065766, 0.00122856977396], [-0.00033305468969, 0.00115356605966, -0.001094333129, 0.00491010583937, -0.000885259767529, 0.00130306906067, -0.000187916652067, 0.00156360119581, -0.00150511763059, 0.00136980274692, -0.00176525255665, 0.00187619810458, -0.00189501768909], [0.000188876481843, -0.000784404342994, -8.72407690622e-05, -0.000885259767529, 0.00593694997951, -0.000241935951635, -0.00152590905782, -0.000919815036468, -0.00089885055786, 0.000356185919372, 0.000152688182425, -0.000803082366474, -0.00095225503901], [-0.000380072218832, 0.000773634295911, -0.000970604305621, 0.00130306906067, -0.000241935951635, 0.00945587269962, -0.00395165802911, -0.000639590085484, 0.000369688059436, -0.000799051951617, 0.00112594023813, 0.000592955562752, -0.00018108470249], [0.000398112082621, -0.000446817197371, 0.00084108178271, -0.000187916652067, -0.00152590905782, -0.00395165802911, 0.00973055604845, -0.00238774297759, 0.0023451410234, -0.000906731758732, -0.000135062553454, 0.00108557811473, 0.00031111825956], [-0.00044397340389, 0.00123943272047, -0.000470306928037, 0.00156360119581, -0.000919815036468, -0.000639590085484, -0.00238774297759, 0.0131991859525, -0.00516926590353, 0.00103378656786, -0.00156686012633, 0.000453693617601, -0.00126992922742], [0.000397143943701, -0.001202084939, -1.89089332707e-05, -0.00150511763059, -0.00089885055786, 0.000369688059436, 0.0023451410234, -0.00516926590353, 0.0138246156275, -0.00445778016001, 0.00264478405006, -0.00130593939684, 0.00162168964744], [-0.000316901336191, 0.00135436595883, -0.0001899296185, 0.00136980274692, 0.000356185919372, -0.000799051951617, -0.000906731758732, 0.00103378656786, -0.00445778016001, 0.0147358840331, -0.00590565148741, 0.00213435478508, -0.00113543437328], [0.000598355487455, -0.00143556797411, 0.00108975369949, -0.00176525255665, 0.000152688182425, 0.00112594023813, -0.000135062553454, -0.00156686012633, 0.00264478405006, -0.00590565148741, 0.0172481052577, -0.00736497389153, 0.00455256272107], [-0.000462788186269, 0.00160186807625, -0.00131099065766, 0.00187619810458, -0.000803082366474, 0.000592955562752, 0.00108557811473, 0.000453693617601, -0.00130593939684, 0.00213435478508, -0.00736497389153, 0.0213756039739, -0.010297617875], [0.000557019084226, -0.00101627444383, 0.00122856977396, -0.00189501768909, -0.00095225503901, -0.00018108470249, 0.00031111825956, -0.00126992922742, 0.00162168964744, -0.00113543437328, 0.00455256272107, -0.010297617875, 0.0254014041275]], "cov": [[13061.1884766, 437.812164307, 55.8279762268, 334.160766602, -395.609802246, 339.871673584, -361.535125732, 182.301559448, -115.496940613, 27.9512901306, -312.035583496, 12.0721654892, -176.093185425], [437.812164307, 1040.94604492, -120.809051514, -145.552581787, 94.0683898926, -62.2434539795, 9.44709968567, -46.4864044189, 24.9639530182, -53.1832542419, 22.8343486786, -41.3130989075, 2.86187791824], [55.8279762268, -120.809051514, 575.70880127, 130.573532104, 9.54472541809, 37.47240448, -42.7260551453, 17.6119499207, 24.2330474854, -2.67228746414, -28.7915306091, 22.4595298767, -9.53396034241], [334.160766602, -145.552581787, 130.573532104, 302.408172607, 9.12401485443, -20.595489502, -39.5485191345, -7.86770582199, 14.2774524689, -6.90591096878, -4.4517698288, 5.15700817108, 5.04868125916], [-395.609802246, 94.0683898926, 9.54472541809, 9.12401485443, 217.87020874, 0.587995588779, 50.1331214905, 14.9821243286, 25.1918849945, -7.79890298843, 12.3507347107, 5.14334011078, 18.8791446686], [339.871673584, -62.2434539795, 37.47240448, -20.595489502, 0.587995588779, 161.711776733, 57.3329315186, 30.7227611542, -10.8004283905, 13.3378486633, -22.813911438, -5.71340656281, -8.22511100769], [-361.535125732, 9.44709968567, -42.7260551453, -39.5485191345, 50.1331214905, 57.3329315186, 162.516418457, 22.4816646576, -11.6343288422, 6.97876024246, 8.93499851227, -12.9912815094, 3.03031826019], [182.301559448, -46.4864044189, 17.6119499207, -7.86770582199, 14.9821243286, 30.7227611542, 22.4816646576, 104.797416687, 30.2713623047, 11.7090682983, -2.93620061874, 5.02244615555, -0.398548036814], [-115.496940613, 24.9639530182, 24.2330474854, 14.2774524689, 25.1918849945, -10.8004283905, -11.6343288422, 30.2713623047, 101.250663757, 21.1831302643, 1.52925848961, 2.14892911911, 1.02771520615], [27.9512901306, -53.1832542419, -2.67228746414, -6.90591096878, -7.79890298843, 13.3378486633, 6.97876024246, 11.7090682983, 21.1831302643, 89.8269729614, 23.9387168884, 2.7283141613, -3.3455593586], [-312.035583496, 22.8343486786, -28.7915306091, -4.4517698288, 12.3507347107, -22.813911438, 8.93499851227, -2.93620061874, 1.52925848961, 23.9387168884, 89.3550949097, 20.3504295349, 2.06840109825], [12.0721654892, -41.3130989075, 22.4595298767, 5.15700817108, 5.14334011078, -5.71340656281, -12.9912815094, 5.02244615555, 2.14892911911, 2.7283141613, 20.3504295349, 69.696182251, 22.5351219177], [-176.093185425, 2.86187791824, -9.53396034241, 5.04868125916, 18.8791446686, -8.22511100769, 3.03031826019, -0.398548036814, 1.02771520615, -3.3455593586, 2.06840109825, 22.5351219177, 53.3235015869]]}, "spectral_energyband_middle_low": {"dmean2": 0.0190869122744, "median": 0.0120313325897, "min": 1.75494061187e-22, "dvar2": 0.0010851463303, "dvar": 0.000390080211218, "dmean": 0.0108328051865, "max": 0.168351590633, "var": 0.00033859667019, "mean": 0.0169912092388}, "melbands_crest": {"dmean2": 8.82394123077, "median": 18.7535953522, "min": 1.61323440075, "dvar2": 47.3097763062, "dvar": 17.7892150879, "dmean": 5.33401107788, "max": 37.2368087769, "var": 38.8452796936, "mean": 19.2222080231}, "spectral_kurtosis": {"dmean2": 1.97044575214, "median": 3.72258472443, "min": -1.24622368813, "dvar2": 10.1770582199, "dvar": 4.92775297165, "dmean": 1.2918047905, "max": 169.427276611, "var": 17.6637840271, "mean": 4.126101017}, "spectral_rms": {"dmean2": 0.00274208653718, "median": 0.00784183572978, "min": 3.15983285544e-12, "dvar2": 5.7168940657e-06, "dvar": 2.02282376449e-06, "dmean": 0.00163769070059, "max": 0.0147550767288, "var": 6.47495789963e-06, "mean": 0.00767637835816}, "zerocrossingrate": {"dmean2": 0.0124264825135, "median": 0.03564453125, "min": 0.0048828125, "dvar2": 0.000143576588016, "dvar": 9.57295342232e-05, "dmean": 0.00949307531118, "max": 0.52197265625, "var": 0.00156019150745, "mean": 0.0455812104046}, "silence_rate_60dB": {"dmean2": 0.00589231774211, "median": 0, "min": 0, "dvar2": 0.00777592835948, "dvar": 0.00293788779527, "dmean": 0.00294594187289, "max": 1, "var": 0.0444368384778, "mean": 0.0466160997748}, "erbbands_kurtosis": {"dmean2": 1.48139047623, "median": -0.309856414795, "min": -1.74189341068, "dvar2": 6.0306801796, "dvar": 2.44715452194, "dmean": 0.935544848442, "max": 48.0816879272, "var": 6.07793188095, "mean": 0.471987038851}, "erbbands": {"dmean2": [1.52721166611, 5.31799173355, 10.6679019928, 25.1267738342, 31.3589382172, 25.3756790161, 17.5134010315, 14.4058933258, 25.4952697754, 22.4625644684, 30.5402832031, 30.9591350555, 35.1518440247, 30.8448524475, 16.7531356812, 19.9828300476, 20.5798740387, 19.4115409851, 15.5542793274, 11.9862575531, 16.0414009094, 16.0370349884, 6.99211406708, 7.37596654892, 7.83320426941, 5.60898828506, 4.63272571564, 5.61841106415, 6.04024791718, 6.61242294312, 5.08573532104, 3.0496711731, 2.27356982231, 1.37175190449, 0.64152944088, 0.260607093573, 0.0787175744772, 0.0160112734884, 0.0023561543785, 0.000130547225126], "median": [0.858370959759, 3.22355747223, 5.19277143478, 10.9472894669, 8.44092941284, 6.53017425537, 5.3673491478, 5.9983754158, 10.4088487625, 9.28942012787, 10.1881122589, 10.5027065277, 9.75175857544, 7.85692310333, 6.85398960114, 7.53733778, 6.69262933731, 8.17997837067, 8.87679386139, 7.3938741684, 16.1938247681, 14.0226011276, 4.74559688568, 5.14200782776, 3.61633753777, 2.68587660789, 2.00494503975, 3.15370059013, 2.99626255035, 2.70056581497, 2.23261880875, 1.68587446213, 1.35144019127, 0.803317725658, 0.414425671101, 0.17750915885, 0.0617834329605, 0.0149973798543, 0.00248316396028, 0.000200351161766], "min": [2.45755178867e-23, 4.18503937839e-22, 2.46119190212e-21, 7.59527901321e-21, 2.24676649251e-20, 3.38033981227e-20, 4.37730247672e-20, 4.97186923815e-20, 1.65245832196e-19, 2.45272493307e-19, 4.64095266142e-19, 2.80047786644e-19, 5.03541338206e-19, 7.9769612151e-19, 7.1277543338e-19, 2.05110351667e-18, 2.15357134223e-18, 1.97594071633e-18, 1.7271321293e-18, 2.77145478708e-18, 4.34056284915e-18, 4.50605770149e-18, 6.45149096285e-18, 6.52430105473e-18, 6.75907104259e-18, 8.54010629311e-18, 8.88056887016e-18, 1.31711853132e-17, 1.02082731626e-17, 1.32325290274e-17, 1.34359451477e-17, 1.27637773548e-17, 1.05163904962e-17, 9.07415146737e-18, 6.52399665226e-18, 4.24002773109e-18, 2.51515184031e-18, 9.24662917164e-19, 2.6883325964e-19, 2.75193845573e-20], "dvar2": [2.26945281029, 34.4026565552, 209.072799683, 1463.56335449, 3710.73217773, 2455.19677734, 873.150939941, 704.046691895, 3058.37719727, 3541.23291016, 6800.07763672, 12164.2802734, 19934.8574219, 21951.9785156, 3596.13720703, 3085.49682617, 4750.40625, 3361.84130859, 1664.10998535, 1650.82849121, 601.530029297, 3867.19433594, 809.923522949, 788.034057617, 1694.93896484, 401.301879883, 373.990203857, 137.560348511, 195.534179688, 252.547683716, 318.696655273, 73.9257736206, 33.4872665405, 6.34005641937, 1.21247041225, 0.202810242772, 0.0116258915514, 0.000425027305027, 7.42856263969e-06, 1.82659594117e-08], "dvar": [0.820096075535, 12.5634317398, 75.8183517456, 512.626831055, 1308.22167969, 865.389587402, 321.20098877, 305.159606934, 1304.72631836, 1477.52893066, 2934.09790039, 5032.97607422, 8553.15625, 9258.65039062, 1876.62585449, 1386.47851562, 2136.31103516, 1674.17102051, 736.862487793, 624.934814453, 226.329055786, 1541.26245117, 261.217254639, 273.034973145, 531.613586426, 141.071304321, 128.801193237, 58.0776443481, 83.7747573853, 113.09702301, 125.296157837, 30.2365398407, 13.8383197784, 2.98474693298, 0.561387240887, 0.0902078896761, 0.00537666026503, 0.000188210513443, 3.36591892847e-06, 8.33440250148e-09], "dmean": [0.907031297684, 3.10747241974, 6.08117675781, 14.0875406265, 17.1283855438, 14.0795936584, 10.0558509827, 8.71652889252, 15.9252433777, 13.7994270325, 19.0311737061, 19.1700286865, 22.4341163635, 19.958562851, 10.9482650757, 12.7302446365, 13.1562795639, 12.2422199249, 9.63475990295, 7.48323965073, 9.65460109711, 9.92062568665, 4.20348596573, 4.38211917877, 4.76093149185, 3.41628885269, 2.89027643204, 3.59077906609, 3.89331173897, 4.20053529739, 3.29369425774, 2.01339149475, 1.51287257671, 0.935113132, 0.441931992769, 0.175675421953, 0.0538025610149, 0.0109619935974, 0.00162014574744, 8.7610038463e-05], "max": [7.7411608696, 42.0616226196, 94.3453826904, 195.925125122, 330.990814209, 333.153442383, 322.769897461, 606.458618164, 896.044189453, 1394.96716309, 1320.96887207, 1983.53759766, 3596.29833984, 3605.03710938, 2070.92749023, 1021.46044922, 1523.12573242, 2283.66259766, 1152.91320801, 1640.1237793, 723.160888672, 2777.45507812, 1238.86352539, 1567.99645996, 2102.69970703, 1121.55224609, 1203.57019043, 304.500091553, 256.095977783, 267.433837891, 621.081420898, 232.08996582, 132.624649048, 53.5868873596, 18.2003955841, 9.40604400635, 3.21554780006, 0.345638006926, 0.0347263328731, 0.0015356161166], "var": [1.02653241158, 16.6247406006, 78.6785049438, 446.683380127, 890.713745117, 675.811828613, 387.861297607, 621.520385742, 2608.24584961, 1972.06994629, 5308.54541016, 6365.16259766, 13844.2490234, 13872.9804688, 4104.77490234, 2204.22900391, 3561.41015625, 3237.33642578, 1546.7364502, 1258.0255127, 576.809082031, 5851.88427734, 757.480834961, 1350.16992188, 1655.0559082, 937.777832031, 497.341247559, 122.781455994, 144.20123291, 183.731140137, 148.865234375, 50.1395454407, 24.7410545349, 7.7872877121, 1.66916441917, 0.226662531495, 0.0163494534791, 0.000644544314127, 1.26494169308e-05, 2.79928116242e-08], "mean": [1.13227546215, 4.31644296646, 8.01099491119, 17.5547504425, 17.4094963074, 14.8559141159, 12.2921867371, 13.2496614456, 26.4684467316, 20.6124744415, 28.8946342468, 28.5590438843, 33.0955581665, 28.7229290009, 18.5789451599, 19.8324069977, 20.2968559265, 20.4267787933, 17.4769325256, 14.6398439407, 21.6094722748, 22.7894592285, 9.16891479492, 9.6353597641, 8.85460090637, 6.96758365631, 5.59512662888, 6.49681377411, 6.54184675217, 6.31451129913, 5.17471885681, 3.69826459885, 2.78591704369, 1.73149585724, 0.838979721069, 0.314710408449, 0.0966514572501, 0.0218055453151, 0.00337286875583, 0.000232064208831]}, "spectral_strongpeak": {"dmean2": 0.644515991211, "median": 0.259229779243, "min": 0, "dvar2": 1.23863840103, "dvar": 0.496670454741, "dmean": 0.367422759533, "max": 13.7689409256, "var": 0.5289696455, "mean": 0.401798188686}, "spectral_energy": {"dmean2": 0.047555629164, "median": 0.0630317479372, "min": 1.02341564195e-20, "dvar2": 0.00200137565844, "dvar": 0.000709369196557, "dmean": 0.028143428266, "max": 0.223155081272, "var": 0.00132625852711, "mean": 0.0670368075371}, "average_loudness": 0.972766697407, "spectral_rolloff": {"dmean2": 501.319061279, "median": 279.931640625, "min": 43.06640625, "dvar2": 1135481.125, "dvar": 447276.09375, "dmean": 289.005584717, "max": 19315.2832031, "var": 2030204.125, "mean": 659.916625977}, "spectral_centroid": {"dmean2": 391.023498535, "median": 867.885070801, "min": 173.864593506, "dvar2": 202333.328125, "dvar": 87392.4609375, "dmean": 244.266220093, "max": 11701.1113281, "var": 647665.5, "mean": 1084.21520996}, "pitch_salience": {"dmean2": 0.172984182835, "median": 0.50522595644, "min": 0.0927299484611, "dvar2": 0.0197135303169, "dvar": 0.0073316260241, "dmean": 0.104700952768, "max": 0.88017219305, "var": 0.014934132807, "mean": 0.502418220043}, "spectral_energyband_middle_high": {"dmean2": 0.00244546821341, "median": 0.00235812249593, "min": 1.25888104476e-21, "dvar2": 3.92317742808e-05, "dvar": 1.86216493603e-05, "dmean": 0.00163537403569, "max": 0.109841123223, "var": 4.69180704386e-05, "mean": 0.00417276006192}, "spectral_contrast_coeffs": {"dmean2": [0.106002144516, 0.0794617161155, 0.0617890432477, 0.0481661334634, 0.03608860448, 0.0280894786119], "median": [-0.685656785965, -0.769915938377, -0.805172085762, -0.812605679035, -0.795470297337, -0.794682621956], "min": [-0.979172468185, -0.981014311314, -0.974816203117, -0.968477129936, -0.96646630764, -0.96384871006], "dvar2": [0.00776994787157, 0.00411763135344, 0.00245055113919, 0.00157125981059, 0.000820696703158, 0.000581937958486], "dvar": [0.00285463803448, 0.00156262610108, 0.000986790284514, 0.000605804380029, 0.000312527496135, 0.000243244707235], "dmean": [0.0633538588881, 0.0480027794838, 0.0375892296433, 0.0291441362351, 0.0220553278923, 0.0180637054145], "max": [-0.333669066429, -0.450828015804, -0.463000029325, -0.551230192184, -0.563017487526, -0.533841490746], "var": [0.0060323481448, 0.0055690491572, 0.00391345890239, 0.00241993390955, 0.00180561363231, 0.00118562777061], "mean": [-0.68203741312, -0.758647024632, -0.795085251331, -0.804544627666, -0.79280591011, -0.792033731937]}, "melbands_skewness": {"dmean2": 2.03308320045, "median": 4.53441476822, "min": -0.664023041725, "dvar2": 3.3029692173, "dvar": 1.28518676758, "dmean": 1.25709199905, "max": 23.2289676666, "var": 5.19958257675, "mean": 4.62993240356}, "spectral_spread": {"dmean2": 1122802.25, "median": 5813764, "min": 557842.8125, "dvar2": 1353476472830.0, "dvar": 607858196480, "dmean": 760968.625, "max": 42452876, "var": 5702519095300.0, "mean": 5989129.5}, "dissonance": {"dmean2": 0.0272694323212, "median": 0.478086769581, "min": 0.228525415063, "dvar2": 0.000771486491431, "dvar": 0.00028787102201, "dmean": 0.0161962304264, "max": 0.500000119209, "var": 0.000611555762589, "mean": 0.471047073603}, "spectral_skewness": {"dmean2": 0.301779776812, "median": 1.67821717262, "min": -0.0803862884641, "dvar2": 0.0951888263226, "dvar": 0.0446841977537, "dmean": 0.202826812863, "max": 10.2490787506, "var": 0.212474301457, "mean": 1.66152513027}, "spectral_flux": {"dmean2": 0.0728263929486, "median": 0.1390953511, "min": 6.42896916259e-11, "dvar2": 0.00380125967786, "dvar": 0.0016709525371, "dmean": 0.0455267205834, "max": 0.401927173138, "var": 0.00442924071103, "mean": 0.14690540731}, "spectral_contrast_valleys": {"dmean2": [0.623832166195, 0.689375460148, 0.54923504591, 0.445584535599, 0.399913460016, 0.492479264736], "median": [-6.1320605278, -6.39238166809, -7.03559160233, -7.41064453125, -7.5457482338, -9.43748664856], "min": [-28.0385398865, -28.0993881226, -27.8773918152, -27.6565132141, -27.5763702393, -27.3650875092], "dvar2": [0.238676145673, 0.391204297543, 0.216999173164, 0.152749225497, 0.145939826965, 0.242010772228], "dvar": [0.0905362889171, 0.14738291502, 0.0894856899977, 0.0636641010642, 0.0687652379274, 0.10542820394], "dmean": [0.369423449039, 0.414982050657, 0.336304336786, 0.273875236511, 0.266448646784, 0.354330033064], "max": [-5.02080059052, -4.50235271454, -4.93410682678, -5.86013269424, -5.74534368515, -7.22721529007], "var": [2.48570728302, 2.25219988823, 2.00640749931, 1.88722717762, 1.85908138752, 2.09545826912], "mean": [-6.42149066925, -6.57607460022, -7.19487571716, -7.58607435226, -7.68472290039,