{"tonal": {"thpcp": [1, 0.647697508335, 0.494926273823, 0.481412500143, 0.396004199982, 0.327111035585, 0.366044312716, 0.63399797678, 0.78454875946, 0.511835455894, 0.259089738131, 0.424061268568, 0.746760010719, 0.604637980461, 0.288580954075, 0.283657252789, 0.621135652065, 0.935660719872, 0.64988386631, 0.262496292591, 0.16510117054, 0.168901458383, 0.412238568068, 0.747849702835, 0.570550203323, 0.200920328498, 0.154705539346, 0.194098651409, 0.201194167137, 0.236290097237, 0.259150624275, 0.216238796711, 0.221182122827, 0.293063223362, 0.436243593693, 0.85741174221], "hpcp": {"dmean2": [0.212068796158, 0.229426473379, 0.287720352411, 0.260067999363, 0.227434620261, 0.167545810342, 0.191649273038, 0.2411275208, 0.217086493969, 0.157605409622, 0.18452039361, 0.274165123701, 0.259013205767, 0.229597061872, 0.157494738698, 0.117435872555, 0.119530580938, 0.173504412174, 0.200946316123, 0.197884202003, 0.11707239598, 0.0944904983044, 0.119739040732, 0.113834872842, 0.10688238591, 0.115310646594, 0.119027912617, 0.135544195771, 0.180471926928, 0.23174585402, 0.279901266098, 0.300130218267, 0.263865530491, 0.233229756355, 0.221121907234, 0.219340577722], "median": [0.00980224087834, 0.00774358119816, 0.0142552107573, 0.0177420619875, 0.0171560440212, 0.00817153882235, 0.0148580931127, 0.0153883527964, 0.0100720468909, 0.00255811912939, 0.00387116940692, 0.014688776806, 0.022160699591, 0.017309051007, 0.00809561926872, 0.00383279821835, 0.00266445754096, 0.00715652480721, 0.0174509901553, 0.0186158195138, 0.00845121778548, 0.003470311407, 0.00284686125815, 0.00480750435963, 0.0111948754638, 0.0144798085093, 0.00787682086229, 0.00230469321832, 0.00262654572725, 0.0156581588089, 0.0525569245219, 0.0697264522314, 0.0439360588789, 0.0152840362862, 0.0147848837078, 0.0153659246862], "min": [0, 0, 0, 0, 0, 0, 0, 0, 0, 0, 0, 0, 0, 0, 0, 0, 0, 0, 0, 0, 0, 0, 0, 0, 0, 0, 0, 0, 0, 0, 0, 0, 0, 0, 0, 0], "dvar2": [0.131795078516, 0.137893497944, 0.175830200315, 0.151977688074, 0.126286327839, 0.0879301428795, 0.0968017056584, 0.139852836728, 0.121657922864, 0.0960988923907, 0.116922058165, 0.15552149713, 0.14343072474, 0.119955189526, 0.0876495540142, 0.076677121222, 0.0766560435295, 0.100614205003, 0.112348236144, 0.102426841855, 0.0587628819048, 0.0494350120425, 0.086913049221, 0.0608015879989, 0.0471982732415, 0.0502951480448, 0.0698922201991, 0.0841984003782, 0.118561387062, 0.123740054667, 0.136901527643, 0.1427346766, 0.118564091623, 0.128076180816, 0.122838720679, 0.133479103446], "dvar": [0.0460539273918, 0.0486523546278, 0.0612584576011, 0.0589496456087, 0.0467981249094, 0.030939605087, 0.034870237112, 0.0565865114331, 0.0473988689482, 0.0353076979518, 0.0416695959866, 0.0565527118742, 0.0609752871096, 0.047273453325, 0.0316678024828, 0.0268089789897, 0.0264235436916, 0.036508563906, 0.0473279431462, 0.0392578393221, 0.0203047376126, 0.0170978251845, 0.0290841367096, 0.0210208334029, 0.018244465813, 0.019080137834, 0.0246490500867, 0.0299952793866, 0.0417931340635, 0.0445245504379, 0.0543302856386, 0.0574760623276, 0.0446637012064, 0.0472670681775, 0.0470559597015, 0.0477770157158], "dmean": [0.113966576755, 0.12431576103, 0.157355427742, 0.143394932151, 0.127617001534, 0.0897369384766, 0.106681182981, 0.136049464345, 0.121815726161, 0.0855928659439, 0.0993736460805, 0.152813598514, 0.148030057549, 0.133695691824, 0.0857986360788, 0.0621969476342, 0.0634881779552, 0.0972864478827, 0.115761168301, 0.114734634757, 0.0639013126493, 0.0507906451821, 0.0638067126274, 0.0620131790638, 0.0602753050625, 0.0647917166352, 0.0652737244964, 0.072917111218, 0.0975672975183, 0.128136724234, 0.161531493068, 0.174638181925, 0.14948835969, 0.129896551371, 0.122476391494, 0.120569854975], "max": [1, 1, 1, 1, 1, 1, 1, 1, 1, 1, 1, 1, 1, 1, 1, 1, 1, 1, 1, 1, 1, 1, 1, 1, 1, 1, 1, 1, 1, 1, 1, 1, 1, 1, 1, 1], "var": [0.0336829349399, 0.0385749153793, 0.0740977749228, 0.106587670743, 0.0552065744996, 0.0227017439902, 0.0359804816544, 0.10000564903, 0.0705026611686, 0.0349536202848, 0.0317530706525, 0.0659151375294, 0.124752186239, 0.0717539712787, 0.0242578368634, 0.0169750992209, 0.0171492230147, 0.0422068014741, 0.102593883872, 0.0604190267622, 0.0150480270386, 0.0132181243971, 0.0240256842226, 0.0177003126591, 0.0209174212068, 0.0208776351064, 0.019786901772, 0.0253765638918, 0.035185392946, 0.0412692055106, 0.0883734598756, 0.106127664447, 0.0567080117762, 0.0531765185297, 0.0561713203788, 0.0414806157351], "mean": [0.0793221741915, 0.0887632220984, 0.153740137815, 0.190247669816, 0.124116577208, 0.062827475369, 0.102831937373, 0.181084156036, 0.146620541811, 0.0699788928032, 0.068784929812, 0.150621116161, 0.226891279221, 0.157592356205, 0.0636535435915, 0.0400358960032, 0.0409574396908, 0.0999650135636, 0.181348398328, 0.138354495168, 0.048721794039, 0.0375150255859, 0.0470675863326, 0.0487881973386, 0.057298719883, 0.0628422424197, 0.0524364188313, 0.0536351390183, 0.071065813303, 0.105786062777, 0.20791643858, 0.242493107915, 0.157062187791, 0.120016209781, 0.116739213467, 0.096028290689]}, "tuning_equal_tempered_deviation": 0.195129156113, "chords_changes_rate": 0.0910378992558, "key_key": "G#", "tuning_diatonic_strength": 0.333111166954, "key_scale": "major", "chords_number_rate": 0.00318809784949, "tuning_frequency": 451.065460205, "tuning_nontempered_energy_ratio": 0.89862382412, "chords_histogram": [2.49734330177, 6.00425100327, 0.265674799681, 3.73715901375, 1.98370528221, 0, 0.495926320553, 1.68260717392, 3.56004261971, 8.59015274048, 31.8809776306, 6.74814033508, 0, 3.8788523674, 4.25079679489, 1.98370528221, 4.19766187668, 7.10237360001, 2.44420838356, 0, 4.72901153564, 2.10768675804, 1.75345373154, 0.106269925833], "key_strength": 0.502844691277, "chords_key": "G", "chords_strength": {"dmean2": 0.012642769143, "median": 0.416831195354, "min": 0.199947580695, "dvar2": 0.000111054068839, "dvar": 8.98630169104e-05, "dmean": 0.0117236794904, "max": 0.669851601124, "var": 0.00859260745347, "mean": 0.411563277245}, "chords_scale": "major", "hpcp_entropy": {"dmean2": 1.15283071995, "median": 2.20908260345, "min": 0, "dvar2": 0.838389873505, "dvar": 0.3052739501, "dmean": 0.683839440346, "max": 4.58611249924, "var": 0.675255596638, "mean": 2.15364193916}}, "metadata": {"audio_properties": {"equal_loudness": 0, "codec": "mp3", "downmix": "mix", "sample_rate": 44100, "analysis_sample_rate": 44100, "bit_rate": 192000, "md5_encoded": "a1f8d14e85fb156e02369f7d555d2c7d", "length": 262.113708496, "replay_gain": -2.16380500793, "lossless": false}, "version": {"essentia_build_sha": "ca57ba49d9b1854bd80e60cf9ccf267278fb7d6b", "essentia": "2.1-beta1", "extractor": "music 1.0", "essentia_git_sha": "v2.1_beta1-28-g21ef5f4-dirty"}, "tags": {"title": ["Suite Troileana: Escolaso"], "albumartist": ["S\u00e9rgio Assad & Odair Assad"], "length": ["262093"], "musicbrainz_recordingid": ["110570d7-36fe-437c-a80a-6a6a74d162ab"], "musicbrainz_albumartistid": ["6dfe40b1-c16b-42f4-950a-2fab67dd4277/0a3478d0-a6f6-4dd1-b039-58bc1530d776"], "discnumber": ["1/1"], "album": ["Saga Dos Migrantes"], "musicbrainz album release country": ["US"], "musicbrainz album type": ["album"], "musicbrainz album status": ["official"], "file_name": "09-Escolaso from Suite Troileana.mp3", "asin": ["B000005J3H"], "date": ["1996"], "genre": ["Instrumental"], "musicbrainz_releasegroupid": ["a6facbec-1457-37f8-a35d-5861d64b20f4"], "script": ["Latn"], "originaldate": ["1996"], "musicbrainz_albumid": ["e8da191b-ac14-4821-af7f-26d6863d7740"], "artist": ["Astor Piazzolla"], "artistsort": ["Piazzolla, Astor"], "tracknumber": ["9/16"], "label": ["Nonesuch"], "albumartistsort": ["Assad, S\u00e9rgio & Assad, Odair"], "acoustid_id": ["5be8ccfb-6bf7-4881-b6a1-86c636023280"], "musicbrainz_artistid": ["e280268a-a5ab-4bb0-be4d-ec470ca59131"]}}, "rhythm": {"bpm_histogram_first_peak_bpm": {"dmean2": 0, "median": 144, "min": 144, "dvar2": 0, "dvar": 0, "dmean": 0, "max": 144, "var": 0, "mean": 144}, "bpm": 143.534393311, "bpm_histogram_second_peak_spread": {"dmean2": 0, "median": 0.265060245991, "min": 0.265060245991, "dvar2": 0, "dvar": 0, "dmean": 0, "max": 0.265060245991, "var": 0, "mean": 0.265060245991}, "bpm_histogram_first_peak_weight": {"dmean2": 0, "median": 0.293402791023, "min": 0.293402791023, "dvar2": 0, "dvar": 0, "dmean": 0, "max": 0.293402791023, "var": 0, "mean": 0.293402791023}, "onset_rate": 3.21596074104, "beats_position": [0.429569154978, 0.882358253002, 1.33514738083, 1.79954648018, 2.2523355484, 2.69351458549, 3.12308382988, 3.55265307426, 3.99383211136, 4.43501138687, 4.88780021667, 5.34058952332, 5.78176879883, 6.24616765976, 6.71056699753, 7.16335582733, 7.59292507172, 8.03410434723, 8.47528362274, 8.91646194458, 9.35764122009, 9.79882049561, 10.2399997711, 10.6695690155, 11.0875282288, 11.505487442, 11.9234466553, 12.3414058685, 12.7709751129, 13.1889343262, 13.6068935394, 14.0248527527, 14.4428119659, 14.8607711792, 15.2787294388, 15.696688652, 16.114648819, 16.5209980011, 16.9273471832, 17.3453063965, 17.7632656097, 18.181224823, 18.6224040985, 19.0519733429, 19.4699325562, 19.8762817383, 20.2710208893, 20.6889801025, 21.1069393158, 21.5248966217, 21.942855835, 22.3492050171, 22.7555541992, 23.1735134125, 23.5914726257, 24.009431839, 24.4273910522, 24.8453502655, 25.2633094788, 25.6928787231, 26.1340579987, 26.5752372742, 27.0164165497, 27.4575958252, 27.8871650696, 28.3283443451, 28.7695236206, 29.2223129272, 29.6751022339, 30.1162815094, 30.5458488464, 30.9754180908, 31.3933773041, 31.8113365173, 32.2292976379, 32.6588668823, 33.0652160645, 33.4715652466, 33.8779144287, 34.2842636108, 34.6790008545, 35.0853500366, 35.5033111572, 35.9212684631, 36.3276176453, 36.7339668274, 37.1403160095, 37.5698852539, 37.9994544983, 38.4174156189, 38.8469848633, 39.2765541077, 39.6945114136, 40.124080658, 40.5652618408, 40.9948310852, 41.4127883911, 41.8075294495, 42.2138786316, 42.6086158752, 43.0149650574, 43.4213142395, 43.8160552979, 44.2340126038, 44.6403617859, 45.046710968, 45.4530601501, 45.8478012085, 46.2541503906, 46.6604995728, 47.0668487549, 47.473197937, 47.9027671814, 48.3207244873, 48.7502937317, 49.1798629761, 49.6094322205, 50.0390014648, 50.4685707092, 50.8981399536, 51.327709198, 51.7456665039, 52.1636276245, 52.5815849304, 53.0111541748, 53.4291152954, 53.8470726013, 54.2534217834, 54.6829910278, 55.1009521484, 55.5189094543, 55.936870575, 56.3548278809, 56.7843971252, 57.2139663696, 57.6551475525, 58.0963249207, 58.5142860413, 58.9322433472, 59.3502044678, 59.7565536499, 60.162902832, 60.5808601379, 60.9872093201, 61.3935585022, 61.7999076843, 62.2062568665, 62.6009979248, 62.9957351685, 63.3904762268, 63.7852134705, 64.2031707764, 64.621131897, 65.0390930176, 65.4570541382, 65.8982315063, 66.316192627, 66.8734664917, 67.4539642334, 68.022857666, 68.6033554077, 69.1722412109, 69.7527389526, 70.3216323853, 70.8905181885, 71.4477996826, 72.0166854858, 72.57396698, 73.0035324097, 73.4214935303, 73.8510665894, 74.280632019, 74.6985931396, 75.1165542603, 75.5345077515, 75.9524688721, 76.3588180542, 76.7651672363, 77.1831283569, 77.6010894775, 78.0190429688, 78.4253921509, 78.831741333, 79.2497024536, 79.6676635742, 80.0856246948, 80.503578186, 80.9331512451, 81.3627166748, 81.7806777954, 82.198638916, 82.6049880981, 83.0113372803, 83.4176864624, 83.8240356445, 84.2419967651, 84.6599502563, 85.077911377, 85.4958724976, 85.9138336182, 86.3317871094, 86.7613601685, 87.1909255981, 87.6204986572, 88.0500640869, 88.4680252075, 88.8859863281, 89.3039474487, 89.7335128784, 90.1630859375, 90.5926513672, 91.0222167969, 91.451789856, 91.8813552856, 92.3225402832, 92.7637176514, 93.2048950195, 93.6460723877, 94.0872573853, 94.5168228149, 94.946395874, 95.3643493652, 95.7823104858, 96.188659668, 96.5950088501, 97.0013580322, 97.4077072144, 97.825668335, 98.2436294556, 98.6615829468, 99.0795440674, 99.497505188, 99.9270706177, 100.345031738, 100.774604797, 101.192558289, 101.610519409, 102.016868591, 102.423217773, 102.841178894, 103.259140015, 103.677093506, 104.118278503, 104.559455872, 105.00063324, 105.441810608, 105.882987976, 106.324172974, 106.753738403, 107.183311462, 107.601264954, 108.007614136, 108.437187195, 108.855148315, 109.273101807, 109.702674866, 110.132240295, 110.573425293, 111.014602661, 111.490608215, 111.95500946, 112.407798767, 112.872200012, 113.429473877, 113.975143433, 114.520812988, 115.078094482, 115.635368347, 116.215873718, 116.79637146, 117.376869202, 117.922538757, 118.479812622, 119.025482178, 119.571151733, 120.128433228, 120.650878906, 121.150108337, 121.660949707, 122.102127075, 122.554916382, 123.007705688, 123.437278748, 123.866844177, 124.308021545, 124.749206543, 125.178771973, 125.619949341, 126.061134338, 126.548751831, 127.024757385, 127.500770569, 127.988388062, 128.476013184, 128.952011108, 129.43963623, 129.938858032, 130.449707031, 131.018585205, 131.587478638, 132.167984009, 132.736862183, 133.305755615, 133.863037109, 134.420318604, 134.989196777, 135.55809021, 136.126983643, 136.74230957, 137.357635498, 137.972961426, 138.576690674, 139.180404663, 139.737686157, 140.294967651, 140.863845825, 141.421127319, 141.966796875, 142.524078369, 143.058135986, 143.61541748, 144.21913147, 144.811248779, 145.40335083, 146.065124512, 146.726898193, 147.377044678, 148.027206421, 148.677368164, 149.315917969, 149.966079712, 150.627838135, 151.289611816, 151.928161621, 152.578323364, 153.240081787, 153.913467407, 154.56362915, 155.225387573, 155.887161255, 156.548934937, 157.222305298, 157.779586792, 158.325256348, 158.870925903, 159.312103271, 159.75328064, 160.194458008, 160.635650635, 161.076828003, 161.518005371, 161.947570801, 162.37713623, 162.79510498, 163.213058472, 163.631011963, 164.048980713, 164.466934204, 164.884887695, 165.314468384, 165.744033813, 166.161987305, 166.568344116, 166.986297607, 167.404266357, 167.822219849, 168.251785278, 168.669754028, 169.08770752, 169.505661011, 169.912017822, 170.329971313, 170.736328125, 171.154281616, 171.560638428, 171.990203857, 172.39654541, 172.802902222, 173.209243774, 173.615600586, 174.033554077, 174.451522827, 174.869476318, 175.28742981, 175.717010498, 176.134963989, 176.55291748, 176.959274292, 177.365615845, 177.771972656, 178.178314209, 178.596282959, 179.002624512, 179.408981323, 179.803710938, 180.210067749, 180.62802124, 181.04598999, 181.452331543, 181.858688354, 182.276641846, 182.694595337, 183.08934021, 183.484085083, 183.878814697, 184.27355957, 184.668289185, 185.086257935, 185.504211426, 185.922180176, 186.328521729, 186.74647522, 187.176055908, 187.617233276, 188.058410645, 188.499588013, 188.905944824, 189.323898315, 189.741851807, 190.159820557, 190.589385986, 191.018951416, 191.436920166, 191.843261719, 192.238006592, 192.632736206, 193.039093018, 193.44543457, 193.851791382, 194.269744873, 194.664489746, 195.082443237, 195.488800049, 195.883529663, 196.301498413, 196.719451904, 197.125808716, 197.543762207, 197.961715698, 198.379684448, 198.786026001, 199.203994751, 199.621948242, 200.028289795, 200.434646606, 200.840988159, 201.247344971, 201.653686523, 202.060043335, 202.477996826, 202.895965576, 203.313919067, 203.731872559, 204.149841309, 204.556182861, 204.974151611, 205.380493164, 205.798446655, 206.216415405, 206.634368896, 207.063934326, 207.493515015, 207.923080444, 208.341033936, 208.770614624, 209.200180054, 209.629745483, 210.047698975, 210.465667725, 210.883621216, 211.289978027, 211.69631958, 212.12588501, 212.532241821, 212.938583374, 213.344940186, 213.762893677, 214.192474365, 214.633651733, 215.074829102, 215.527618408, 215.957183838, 216.386749268, 216.816329956, 217.245895386, 217.675460815, 218.093414307, 218.499771118, 218.929336548, 219.358901978, 219.776870728, 220.194824219, 220.61277771, 221.042358398, 221.46031189, 221.878265381, 222.296234131, 222.702575684, 223.120544434, 223.538497925, 223.956451416, 224.374420166, 224.792373657, 225.210342407, 225.639907837, 226.069473267, 226.499038696, 226.928619385, 227.358184814, 227.799362183, 228.240539551, 228.681716919, 229.134506226, 229.575683594, 230.016860962, 230.45803833, 230.899230957, 231.340408325, 231.781585693, 232.211151123, 232.640716553, 233.058685303, 233.488250732, 233.917816162, 234.347381592, 234.77696228, 235.438720703, 236.100494385, 236.750656128, 237.412414551, 238.074188232, 238.724349976, 239.374511719, 240.024673462, 240.674819946, 241.301757812, 241.951919556, 242.578857422, 243.205795288, 243.832733154, 244.459671021, 245.086624146, 245.713562012, 246.340499878, 246.955825806, 247.571151733, 248.163253784, 248.592834473, 249.022399902, 249.451965332, 249.869934082, 250.287887573, 250.705841064, 251.147018433, 251.576599121, 251.982940674, 252.400909424, 252.807250977, 253.213607788, 253.619949341, 254.037902832, 254.490692139, 254.943481445, 255.396270752, 255.849060059, 256.301849365, 256.754638672, 257.207427979, 257.660217285, 258.113006592, 258.577423096, 259.041809082, 259.506195068, 259.970611572, 260.434997559, 260.899414062, 261.363800049], "beats_loudness": {"dmean2": 0.0693635419011, "median": 0.0254776682705, "min": 1.07978075903e-06, "dvar2": 0.0102586830035, "dvar": 0.00367190479301, "dmean": 0.0398025363684, "max": 0.542031884193, "var": 0.00358454184607, "mean": 0.0456136614084}, "danceability": 1.06486654282, "bpm_histogram_second_peak_weight": {"dmean2": 0, "median": 0.105902776122, "min": 0.105902776122, "dvar2": 0, "dvar": 0, "dmean": 0, "max": 0.105902776122, "var": 0, "mean": 0.105902776122}, "beats_count": 577, "bpm_histogram_second_peak_bpm": {"dmean2": 0, "median": 136, "min": 136, "dvar2": 0, "dvar": 0, "dmean": 0, "max": 136, "var": 0, "mean": 136}, "bpm_histogram_first_peak_spread": {"dmean2": 0, "median": 0.525280892849, "min": 0.525280892849, "dvar2": 0, "dvar": 0, "dmean": 0, "max": 0.525280892849, "var": 0, "mean": 0.525280892849}, "beats_loudness_band_ratio": {"dmean2": [0.434501945972, 0.389623016119, 0.19214206934, 0.0109998453408, 0.0035980953835, 0.112593598664], "median": [0.629969120026, 0.264736145735, 0.0298327580094, 0.00371578615159, 0.000702254998032, 0.0848580896854], "min": [0.0160564929247, 0.00426815496758, 0.000168583821505, 5.62807726965e-05, 1.99204555429e-06, 0.00509359594434], "dvar2": [0.123732075095, 0.0946675986052, 0.0607217997313, 0.000176860281499, 5.20538851561e-05, 0.00997899193317], "dvar": [0.0424550250173, 0.0328228920698, 0.0215557646006, 6.55346811982e-05, 1.84558048204e-05, 0.00357149960473], "dmean": [0.253381997347, 0.223374441266, 0.106634661555, 0.00627290271223, 0.0019818530418, 0.0635495483875], "max": [0.988019406796, 0.881961047649, 0.742697656155, 0.0516393743455, 0.0528321117163, 0.415296941996], "var": [0.0751442313194, 0.0542408898473, 0.0185015648603, 6.58824646962e-05, 1.34030060508e-05, 0.00427066255361], "mean": [0.569699704647, 0.311478704214, 0.0882868617773, 0.00650765001774, 0.00176444044337, 0.0984432473779]}}, "lowlevel": {"barkbands_spread": {"dmean2": 2.85180950165, "median": 2.41286897659, "min": 0.130968421698, "dvar2": 60.9766273499, "dvar": 21.3939151764, "dmean": 1.7133859396, "max": 105.232208252, "var": 57.778503418, "mean": 4.02377891541}, "melbands_spread": {"dmean2": 1.70113658905, "median": 2.24290800095, "min": 0.273629039526, "dvar2": 7.91677474976, "dvar": 3.80853247643, "dmean": 1.03634023666, "max": 132.621871948, "var": 6.59217071533, "mean": 2.77896952629}, "hfc": {"dmean2": 31.2423286438, "median": 31.0413722992, "min": 5.54525270147e-09, "dvar2": 2998.31079102, "dvar": 1507.23925781, "dmean": 21.1464138031, "max": 1102.68347168, "var": 6166.59765625, "mean": 57.4965248108}, "barkbands_kurtosis": {"dmean2": 37.6352806091, "median": 30.745639801, "min": -1.7209290266, "dvar2": 3206.04223633, "dvar": 1305.19628906, "dmean": 22.9129581451, "max": 1486.58215332, "var": 2907.56713867, "mean": 45.046546936}, "gfcc": {"mean": [-157.375335693, 133.849990845, -23.5535545349, 2.32811403275, -30.6152439117, -11.8843946457, -26.1725616455, -18.1396827698, -15.0162563324, -11.635723114, -7.55201864243, -9.77832984924, -8.53371047974], "icov": [[0.000229878365644, -0.000515873951372, 0.000706904625986, -0.000168143786141, -4.90075253765e-05, 0.000412420282373, 6.36296972516e-05, -0.000461990042822, 0.00143530883361, -0.000957120442763, 5.27510746906e-06, 0.000684504397213, -0.000477206747746], [-0.000515873951372, 0.00447808718309, -0.00269442959689, 0.0023633884266, -0.00141026230995, 0.000812341691926, -0.00134565739427, 5.9744612372e-05, -0.00202379794791, 0.00464761210606, -0.0059318789281, 0.00628701830283, -0.00158868345898], [0.000706904625986, -0.00269442959689, 0.00542876590043, -0.00282530789264, 0.00156216020696, -0.000167303616763, -0.000679851742461, 0.00116899772547, 0.00149899348617, -0.000561768829357, -0.000264792644884, 0.000662235193886, -0.000546715978999], [-0.000168143786141, 0.0023633884266, -0.00282530789264, 0.00822363235056, -0.00513477157801, 0.00138496165164, 0.00148052955046, -0.00775588769466, 0.0077332961373, -0.00317548308522, 0.00128183152992, 0.0018781197723, 8.86029520188e-05], [-4.90075253765e-05, -0.00141026230995, 0.00156216020696, -0.00513477157801, 0.0181136671454, -0.0147647112608, 0.00200208020397, 0.0126777719706, -0.0205521695316, 0.0165014881641, -0.00472682155669, -0.00132472906262, 0.00217198743485], [0.000412420282373, 0.000812341691926, -0.000167303616763, 0.00138496165164, -0.0147647112608, 0.0324606075883, -0.0201658606529, -0.00771489972249, 0.0270161516964, -0.0276272632182, 0.0156062720343, -0.00423086807132, 0.00142953218892], [6.36296972516e-05, -0.00134565739427, -0.000679851742461, 0.00148052955046, 0.00200208020397, -0.0201658606529, 0.0412428863347, -0.0190983582288, -0.0125714158639, 0.0298425555229, -0.02546726726, 0.00938752666116, 0.000374555704184], [-0.000461990042822, 5.9744612372e-05, 0.00116899772547, -0.00775588769466, 0.0126777719706, -0.00771489972249, -0.0190983582288, 0.0498388968408, -0.0286049023271, -0.00871918722987, 0.0281635764986, -0.0226875394583, 0.00950057338923], [0.00143530883361, -0.00202379794791, 0.00149899348617, 0.0077332961373, -0.0205521695316, 0.0270161516964, -0.0125714158639, -0.0286049023271, 0.0670640915632, -0.0444501005113, 0.00216540857218, 0.0169638246298, -0.0114975282922], [-0.000957120442763, 0.00464761210606, -0.000561768829357, -0.00317548308522, 0.0165014881641, -0.0276272632182, 0.0298425555229, -0.00871918722987, -0.0444501005113, 0.082736119628, -0.0514078550041, 0.00842006038874, 0.00877394061536], [5.27510746906e-06, -0.0059318789281, -0.000264792644884, 0.00128183152992, -0.00472682155669, 0.0156062720343, -0.02546726726, 0.0281635764986, 0.00216540857218, -0.0514078550041, 0.0822921171784, -0.0488599576056, 0.0106808291748], [0.000684504397213, 0.00628701830283, 0.000662235193886, 0.0018781197723, -0.00132472906262, -0.00423086807132, 0.00938752666116, -0.0226875394583, 0.0169638246298, 0.00842006038874, -0.0488599576056, 0.0738830193877, -0.0331053100526], [-0.000477206747746, -0.00158868345898, -0.000546715978999, 8.86029520188e-05, 0.00217198743485, 0.00142953218892, 0.000374555704184, 0.00950057338923, -0.0114975282922, 0.00877394061536, 0.0106808291748, -0.0331053100526, 0.0385588109493]], "cov": [[12066.8095703, 1470.16381836, -1058.82250977, -744.538757324, -243.590423584, -535.9140625, -288.488708496, -364.728302002, -167.678665161, -84.750793457, 74.6496124268, -162.056762695, 132.340576172], [1470.16381836, 1153.97302246, 192.972763062, -397.347503662, 69.9124221802, -194.504714966, 13.6813783646, -191.643432617, 31.0587444305, -99.1839752197, 70.6387405396, -103.819038391, 42.8765487671], [-1058.82250977, 192.972763062, 453.760742188, 78.7893981934, 48.7605628967, 24.5208835602, 42.8897438049, -16.6080245972, -6.23676395416, -38.8867454529, -5.2337846756, -23.1873016357, -10.3500585556], [-744.538757324, -397.347503662, 78.7893981934, 397.43359375, 51.4161911011, 147.154876709, 32.9975128174, 108.70476532, -35.094745636, 12.3956441879, -65.1412734985, 11.1746225357, -46.4851226807], [-243.590423584, 69.9124221802, 48.7605628967, 51.4161911011, 164.570983887, 71.9733886719, 48.6154937744, -4.34220409393, 14.8958511353, -24.9933872223, -8.25758171082, -18.2491931915, -14.1537904739], [-535.9140625, -194.504714966, 24.5208835602, 147.154876709, 71.9733886719, 168.21257019, 70.9910888672, 77.2074584961, -8.81326580048, 14.6646242142, -29.6878185272, 7.95762586594, -35.5494270325], [-288.488708496, 13.6813783646, 42.8897438049, 32.9975128174, 48.6154937744, 70.9910888672, 87.5049667358, 47.8925437927, 21.7983036041, -2.35414910316, -2.17974114418, -5.08386278152, -17.2206192017], [-364.728302002, -191.643432617, -16.6080245972, 108.70476532, -4.34220409393, 77.2074584961, 47.8925437927, 114.332649231, 34.2887992859, 39.822883606, -19.2864189148, 13.6620559692, -25.9139766693], [-167.678665161, 31.0587444305, -6.23676395416, -35.094745636, 14.8958511353, -8.81326580048, 21.7983036041, 34.2887992859, 76.7960205078, 41.7658996582, 24.6325092316, -0.401830524206, -3.74864292145], [-84.750793457, -99.1839752197, -38.8867454529, 12.3956441879, -24.9933872223, 14.6646242142, -2.35414910316, 39.822883606, 41.7658996582, 73.4875869751, 32.9449462891, 21.8413410187, -9.28183841705], [74.6496124268, 70.6387405396, -5.2337846756, -65.1412734985, -8.25758171082, -29.6878185272, -2.17974114418, -19.2864189148, 24.6325092316, 32.9449462891, 63.20470047, 26.9369354248, 15.7165822983], [-162.056762695, -103.819038391, -23.1873016357, 11.1746225357, -18.2491931915, 7.95762586594, -5.08386278152, 13.6620559692, -0.401830524206, 21.8413410187, 26.9369354248, 55.9490585327, 26.263217926], [132.340576172, 42.8765487671, -10.3500585556, -46.4851226807, -14.1537904739, -35.5494270325, -17.2206192017, -25.9139766693, -3.74864292145, -9.28183841705, 15.7165822983, 26.263217926, 57.1559104919]]}, "spectral_energyband_middle_low": {"dmean2": 0.00905514229089, "median": 0.0069415923208, "min": 4.36554445208e-14, "dvar2": 0.000313254568027, "dvar": 0.00014967979223, "dmean": 0.00606257934123, "max": 0.297788590193, "var": 0.000471828854643, "mean": 0.0139759099111}, "melbands_crest": {"dmean2": 6.03718757629, "median": 17.9266891479, "min": 4.71506929398, "dvar2": 25.3949623108, "dvar": 9.40347003937, "dmean": 3.62407374382, "max": 38.6021118164, "var": 25.9716587067, "mean": 18.4068412781}, "spectral_kurtosis": {"dmean2": 34.667514801, "median": 25.2554035187, "min": 1.00219774246, "dvar2": 1544.94348145, "dvar": 565.533447266, "dmean": 20.8159999847, "max": 257.183624268, "var": 724.898376465, "mean": 33.1596984863}, "spectral_rms": {"dmean2": 0.00143150507938, "median": 0.00374370627105, "min": 2.17520153001e-08, "dvar2": 3.26261465489e-06, "dvar": 1.59958506174e-06, "dmean": 0.00096004572697, "max": 0.0228013880551, "var": 9.66563129623e-06, "mean": 0.00440561771393}, "zerocrossingrate": {"dmean2": 0.049702167511, "median": 0.18603515625, "min": 0.01513671875, "dvar2": 0.00177213980351, "dvar": 0.00111206399743, "dmean": 0.0389139689505, "max": 0.69287109375, "var": 0.0067823366262, "mean": 0.191841855645}, "silence_rate_60dB": {"dmean2": 0.0722891539335, "median": 0, "min": 0, "dvar2": 0.081245675683, "dvar": 0.0348384380341, "dmean": 0.0361413769424, "max": 1, "var": 0.127780362964, "mean": 0.15039858222}, "erbbands_kurtosis": {"dmean2": 10.8072004318, "median": 7.76969528198, "min": -1.75904417038, "dvar2": 297.81640625, "dvar": 111.445358276, "dmean": 6.61179733276, "max": 294.627532959, "var": 247.367507935, "mean": 12.2421627045}, "erbbands": {"dmean2": [0.0304856523871, 0.819563627243, 9.23713684082, 15.9746160507, 9.69684886932, 20.6643619537, 19.2264690399, 8.4727230072, 18.6005706787, 5.63435316086, 3.09304189682, 1.83666992188, 1.52767026424, 1.54537522793, 1.16036736965, 1.81085586548, 0.976542055607, 1.02029001713, 0.683119595051, 0.652747750282, 0.504440665245, 0.375095695257, 0.32521340251, 0.255421131849, 0.207668051124, 0.17681415379, 0.149832293391, 0.127092272043, 0.103789776564, 0.0840452164412, 0.0659672394395, 0.0500859059393, 0.0363796837628, 0.0247855242342, 0.0155687248334, 0.00875225197524, 0.00423972727731, 0.00170337129384, 0.000623737752903, 0.00115140189882], "median": [0.013450756669, 0.232579216361, 1.82312130928, 5.46548557281, 4.89094257355, 6.0766916275, 4.37892341614, 4.58958721161, 4.25957393646, 2.0782058239, 1.15316486359, 0.744153380394, 0.521694898605, 0.505562782288, 0.382434338331, 0.396817624569, 0.256785750389, 0.205058321357, 0.143102586269, 0.112107828259, 0.0824964642525, 0.060919098556, 0.0490625277162, 0.0376743711531, 0.0292041823268, 0.0239852908999, 0.0198940299451, 0.0170290470123, 0.0140337040648, 0.0113179311156, 0.00910258106887, 0.00724460510537, 0.00580815318972, 0.00367584777996, 0.00244983541779, 0.00168164016213, 0.00097065011505, 0.000471047562314, 0.000346378597897, 0.00111227110028], "min": [6.50856660776e-14, 5.91153861973e-13, 2.58102306888e-12, 8.61341380165e-12, 2.70693172738e-11, 5.41101503881e-11, 4.6953680527e-11, 3.02561274645e-11, 6.61672522329e-11, 1.29315030906e-10, 2.47945580734e-10, 9.98618410186e-11, 5.60317278686e-11, 1.80654432386e-11, 1.03028634235e-10, 1.50019899281e-10, 4.32210683909e-10, 3.22691900978e-10, 1.49951218109e-10, 2.79333639552e-10, 3.48128470495e-10, 3.30979660346e-10, 3.11318054669e-10, 2.73748856916e-10, 3.75385500462e-10, 3.44276440689e-10, 5.57920709632e-10, 6.8596262004e-10, 4.83553863617e-10, 1.21127108343e-09, 1.01474173508e-09, 5.48512346654e-10, 3.90282473006e-10, 2.75025113794e-10, 3.4200944854e-10, 2.0552817781e-10, 1.6850323914e-10, 5.71320664389e-11, 1.29197052362e-11, 1.71761888566e-12], "dvar2": [0.00470816390589, 3.30024409294, 507.365966797, 1500.87011719, 327.31149292, 3300.31323242, 4165.98583984, 396.628234863, 4447.28808594, 190.437896729, 51.8154678345, 13.3070087433, 15.873295784, 18.318151474, 11.5555505753, 48.0472679138, 7.1400103569, 10.0768671036, 3.07887983322, 7.6791100502, 4.9503903389, 1.64854371548, 0.690690934658, 0.366767436266, 0.24894285202, 0.175632372499, 0.131476610899, 0.100744612515, 0.0596663579345, 0.0403915941715, 0.0241783037782, 0.0139261130244, 0.00743758166209, 0.00343450461514, 0.00133908749558, 0.000412962690461, 9.24560226849e-05, 1.48473891386e-05, 3.07490495288e-06, 5.28077180206e-06], "dvar": [0.0019525019452, 1.4574252367, 214.907913208, 529.11730957, 132.478500366, 1651.69897461, 2024.49645996, 215.141082764, 2897.88623047, 98.3816680908, 23.4360771179, 5.48368883133, 6.97455835342, 8.89916419983, 6.57672023773, 23.8113975525, 3.34146761894, 5.32684087753, 1.41932189465, 2.97321128845, 1.94081926346, 0.680559813976, 0.298903435469, 0.151154562831, 0.10102879256, 0.0681946873665, 0.0507422238588, 0.0392427407205, 0.0231142491102, 0.0154955079779, 0.00932486541569, 0.00536471279338, 0.00285680615343, 0.00132106523961, 0.000516042113304, 0.000159697388881, 3.60718331649e-05, 5.95793335378e-06, 1.3902650835e-06, 2.89140666609e-06], "dmean": [0.0196484681219, 0.507461309433, 5.6707406044, 9.59144687653, 5.97405576706, 13.6522026062, 12.7803478241, 6.05230808258, 13.8876600266, 3.85004377365, 1.97476613522, 1.13330757618, 0.97665220499, 1.01468992233, 0.766075849533, 1.21666705608, 0.651441514492, 0.683034420013, 0.440407156944, 0.412329316139, 0.315550655127, 0.235346183181, 0.202114522457, 0.154816552997, 0.12472768873, 0.106221698225, 0.0898956134915, 0.0762050077319, 0.0621857233346, 0.0503714904189, 0.0395774915814, 0.0300935804844, 0.0218767747283, 0.0149294892326, 0.00940964650363, 0.00532032037154, 0.00260334834456, 0.00105988956057, 0.0004101957893, 0.000813548569568], "max": [1.50096619129, 43.9457473755, 401.823638916, 761.619384766, 258.870941162, 1333.57971191, 1969.61010742, 535.479309082, 2218.53369141, 248.389892578, 110.977890015, 68.2929000854, 98.8646697998, 108.293922424, 183.289840698, 222.107925415, 75.1422576904, 122.959663391, 46.1159629822, 102.563980103, 76.7397766113, 47.5954437256, 17.9635868073, 10.6257143021, 12.0371217728, 7.64017295837, 6.64608430862, 6.84318304062, 4.41719579697, 3.86838841438, 2.69477677345, 2.01233053207, 1.53699660301, 1.04316461086, 0.656372368336, 0.37476336956, 0.183948308229, 0.080087184906, 0.0789048373699, 0.068600282073], "var": [0.00411401409656, 3.04189968109, 666.184082031, 1349.57275391, 376.819671631, 4351.82861328, 5144.18798828, 563.834655762, 7619.16796875, 221.182418823, 40.8290061951, 11.9519205093, 12.6281080246, 19.5618572235, 18.8109703064, 45.1663017273, 7.38699007034, 11.1211099625, 2.58830142021, 3.34010362625, 2.23202371597, 0.850877463818, 0.413994520903, 0.179885834455, 0.11129565537, 0.0702162310481, 0.0509765073657, 0.0406496636569, 0.0232347603887, 0.0152797037736, 0.00930781010538, 0.0053546349518, 0.0028421508614, 0.00132420903537, 0.000524749106262, 0.00016665327712, 3.97896546929e-05, 7.11990560376e-06, 2.18684499487e-06, 9.89787804428e-06], "mean": [0.0327357016504, 0.780827045441, 9.625664711, 16.6695652008, 11.2691640854, 25.0925216675, 24.3278427124, 12.0484800339, 24.5085163116, 6.62143993378, 3.14283061028, 1.84523391724, 1.51773142815, 1.70869684219, 1.26743078232, 1.88470232487, 1.00981914997, 0.976234316826, 0.587130248547, 0.515729188919, 0.379709631205, 0.268506884575, 0.220101386309, 0.158778786659, 0.122806929052, 0.101588867605, 0.0852358788252, 0.0723711848259, 0.0588264577091, 0.0475636981428, 0.0376087091863, 0.0289138313383, 0.0214869827032, 0.0144047969952, 0.00923331361264, 0.00552295194939, 0.00286381342448, 0.0012519878801, 0.000721719290596, 0.00217494461685]}, "spectral_strongpeak": {"dmean2": 1.30288386345, "median": 0.432009875774, "min": 0, "dvar2": 46.5159835815, "dvar": 17.2074623108, "dmean": 0.720868825912, "max": 78.7505645752, "var": 12.1713724136, "mean": 0.921507239342}, "spectral_energy": {"dmean2": 0.0187165271491, "median": 0.0143657187, "min": 4.84978919003e-13, "dvar2": 0.00138820323627, "dvar": 0.000609974085819, "dmean": 0.0122974216938, "max": 0.532900869846, "var": 0.00214923499152, "mean": 0.0298020094633}, "average_loudness": 0.227421298623, "spectral_rolloff": {"dmean2": 8848.41210938, "median": 387.59765625, "min": 43.06640625, "dvar2": 175854448, "dvar": 71137768, "dmean": 4494.84375, "max": 22006.9335938, "var": 81443360, "mean": 5439.09375}, "spectral_centroid": {"dmean2": 85.5906906128, "median": 259.798034668, "min": 92.3693161011, "dvar2": 24144.3691406, "dvar": 9618.02148438, "dmean": 52.8825721741, "max": 3497.92456055, "var": 49296.1484375, "mean": 301.445953369}, "pitch_salience": {"dmean2": 0.146133556962, "median": 0.515836715698, "min": 0.0693207085133, "dvar2": 0.0153071368113, "dvar": 0.00575968204066, "dmean": 0.0883201509714, "max": 0.875208795071, "var": 0.0165004711598, "mean": 0.502618312836}, "spectral_energyband_middle_high": {"dmean2": 0.000151280342834, "median": 6.37064804323e-05, "min": 5.38701570331e-14, "dvar2": 1.25007147744e-07, "dvar": 6.11345711832e-08, "dmean": 0.000103139085695, "max": 0.00892030447721, "var": 1.56936465601e-07, "mean": 0.000187396988622}, "spectral_contrast_coeffs": {"dmean2": [0.0909213200212, 0.0769757255912, 0.0578009411693, 0.0626821964979, 0.0529401674867, 0.0222501363605], "median": [-0.588669061661, -0.742988467216, -0.852750003338, -0.886522769928, -0.925677418709, -0.861975908279], "min": [-0.969500243664, -0.962462663651, -0.974377274513, -0.987602174282, -0.976713657379, -0.939318716526], "dvar2": [0.00528160110116, 0.00383240776137, 0.00218624272384, 0.00247459136881, 0.0019900018815, 0.000543029338587], "dvar": [0.00201583444141, 0.0015628997935, 0.000825964380056, 0.000952014466748, 0.000763168791309, 0.000201087765163], "dmean": [0.0549113601446, 0.0478813648224, 0.035221260041, 0.0383473560214, 0.0314059332013, 0.0133659075946], "max": [-0.246521517634, -0.396320939064, -0.649767935276, -0.661116659641, -0.686108708382, -0.728233933449], "var": [0.010957358405, 0.00684622721747, 0.00276821362786, 0.00329886632971, 0.00164194009267, 0.000293126708129], "mean": [-0.59376591444, -0.742497265339, -0.850851893425, -0.88166987896, -0.919270694256, -0.861437797546]}, "melbands_skewness": {"dmean2": 1.84495413303, "median": 2.50976514816, "min": -2.34275174141, "dvar2": 3.72372579575, "dvar": 1.37617194653, "dmean": 1.13354313374, "max": 27.8641815186, "var": 5.22542047501, "mean": 2.96172881126}, "spectral_spread": {"dmean2": 1577907.125, "median": 3237201, "min": 628118.9375, "dvar2": 1649832886270.0, "dvar": 610518958080, "dmean": 964021.875, "max": 13279057, "var": 2939939454980.0, "mean": 3528206}, "dissonance": {"dmean2": 0.0730850249529, "median": 0.411642611027, "min": 0.131805047393, "dvar2": 0.00389377493411, "dvar": 0.00142025703099, "dmean": 0.0440475419164, "max": 0.500000059605, "var": 0.00302604842, "mean": 0.405110865831}, "spectral_skewness": {"dmean2": 2.34927487373, "median": 4.1217250824, "min": 0.988821208477, "dvar2": 5.15036439896, "dvar": 1.85884141922, "dmean": 1.42966258526, "max": 13.5026655197, "var": 3.20443606377, "mean": 4.41801118851}, "spectral_flux": {"dmean2": 0.041242595762, "median": 0.05350208655, "min": 0.000449291634141, "dvar2": 0.00321646849625, "dvar": 0.00125174515415, "dmean": 0.0249445457011, "max": 0.515115618706, "var": 0.00259115640074, "mean": 0.0654226467013}, "spectral_contrast_valleys": {"dmean2": [0.716581523418, 0.650714933872, 0.794888496399, 1.0495800972, 1.32669436932, 1.13238489628], "median": [-7.30912399292, -7.17006111145, -8.383852005, -9.15814876556, -9.41243076324, -11.7240123749], "min": [-18.1991024017, -18.7926883698, -19.6447277069, -19.3016853333, -18.8438472748, -20.2664051056], "dvar2": [0.323306500912, 0.305864304304, 0.475808441639, 0.798059463501, 1.18489933014, 0.907426834106], "dvar": [0.128573164344, 0.129162356257, 0.187810644507, 0.300763010979, 0.431845039129, 0.334129869938], "dmean": [0.436543107033, 0.413091659546, 0.502465605736, 0.654970645905, 0.818558335304, 0.708422780037], "max": [-4.89911699295, -4.89840126038, -5.60326242447, -6.26030015945, -6.31833696365, -8.76916503906], "var": [1.1335310936, 1.58063066006, 1.46865344048, 1.44357514381, 1.44267725945, 1.19910275936], "mean": [-7.46369457245, -7.44258117676, -8.60673999786, -9.31616783142, -9.53007125854, -11.8222942352]}, "erbbands_flatness_db": {"dmean2": 0.0746740177274, "median": 0.218506544828, "min": 0.0279083978385, "dvar2": 0.00411446392536, "dvar": 0.00151747395284, "dmean": 0.0462675206363, "max": 0.450582891703, "var": 0.00461364677176, "mean": 0.214881315827}, "spectral_energyband_high": {"dmean2": 2.36011746892e-05, "median": 5.35397975909e-06, "min": 3.0032234837e-13, "dvar2": 4.70876626579e-09, "dvar": 1.97603888807e-09, "dmean": 1.48396147779e-05, "max": 0.00237730704248, "var": 2.43722220183e-09, "mean": 1.76490393642e-05}, "spectral_entropy": {"dmean2": 0.901512026787, "median": 6.03224372864, "min": 3.86638021469, "dvar2": 0.582272052765, "dvar": 0.213746085763, "dmean": 0.552034080029, "max": 8.891497612, "var": 0.622646987438, "mean": 6.10862016678}, "silence_rate_20dB": {"dmean2": 0.0042523033917, "median": 1, "min": 0, "dvar2": 0.00494265509769, "dvar": 0.00212147133425, "dmean": 0.00212596333586, "max": 1, "var": 0.00388210895471, "mean": 0.996102750301}, "melbands_flatness_db": {"dmean2": 0.102337710559, "median": 0.42054605484, "min": 0.025577686727, "dvar2": 0.00718011334538, "dvar": 0.00255549210124, "dmean": 0.0628476142883, "max": 0.752773523331, "var": 0.00689065875486, "mean": 0.421675026417}, "barkbands": {"dmean2": [0.000193160682102, 0.00245480122976, 0.0105772223324, 0.00441753817722, 0.00509972916916, 0.00115115067456, 0.00102119520307, 0.000204600335564, 7.74548971094e-05, 5.14057319378e-05, 3.0629671528e-05, 4.16388138547e-05, 2.1023914087e-05, 1.91871822608e-05, 1.21462035167e-05, 1.12138432087e-05, 7.10236963641e-06, 5.63017511013e-06, 4.44366878583e-06, 3.7729835185e-06, 3.43827241522e-06, 2.84091447611e-06, 2.38196980717e-06, 2.26656220548e-06, 2.20169522436e-06, 2.26800989367e-06, 1.36048065542e-05], "median": [3.38846366503e-05, 0.000720360025298, 0.0019638130907, 0.001481