{"tonal": {"thpcp": [1, 0.56771081686, 0.0872479602695, 0.0640601888299, 0.0657929480076, 0.180058583617, 0.307083338499, 0.215868905187, 0.0943697243929, 0.0900807529688, 0.124311059713, 0.28001755476, 0.382694333792, 0.294931054115, 0.342423945665, 0.429709017277, 0.303278326988, 0.195209622383, 0.177626296878, 0.200978890061, 0.549192786217, 0.763071238995, 0.403717279434, 0.120545208454, 0.0980987250805, 0.119482845068, 0.336514145136, 0.491114914417, 0.287763684988, 0.106105476618, 0.0814411714673, 0.0804521963, 0.120542913675, 0.159114524722, 0.149370074272, 0.55295342207], "hpcp": {"dmean2": [0.0834794864058, 0.0819871947169, 0.0872932821512, 0.10305403918, 0.107445731759, 0.188739210367, 0.226185172796, 0.175287276506, 0.085695207119, 0.0633004680276, 0.0661010965705, 0.0976173058152, 0.126067772508, 0.115404948592, 0.0907481238246, 0.101276829839, 0.130329921842, 0.165174692869, 0.194258332253, 0.210063770413, 0.230782687664, 0.213242024183, 0.202627792954, 0.189714193344, 0.174846306443, 0.181794598699, 0.242233753204, 0.250065803528, 0.192525476217, 0.117185473442, 0.104308187962, 0.113720290363, 0.165807932615, 0.166926190257, 0.143487483263, 0.103724144399], "median": [0.00189048668835, 0.00263912673108, 0.00928497128189, 0.012004817836, 0.00993695575744, 0.150956749916, 0.264886915684, 0.148117318749, 0.00721740955487, 0.00248237256892, 0.00199376326054, 0.0119904913008, 0.020618211478, 0.01493831072, 0.00379921635613, 0.00244974577799, 0.00417279172689, 0.0277927275747, 0.0414273552597, 0.0322734229267, 0.0294024161994, 0.0308873429894, 0.0210304744542, 0.00879294984043, 0.00538639957085, 0.00973696820438, 0.0978123992682, 0.158334866166, 0.0755153074861, 0.00240429048426, 0.00136407150421, 0.00400478439406, 0.0281945727766, 0.0408105514944, 0.0243929643184, 0.0032862201333], "min": [0, 0, 0, 0, 0, 0, 0, 0, 0, 0, 0, 0, 0, 0, 0, 0, 0, 0, 0, 0, 0, 0, 0, 0, 0, 0, 0, 0, 0, 0, 0, 0, 0, 0, 0, 0], "dvar2": [0.0519772879779, 0.0531896613538, 0.0474097803235, 0.0586544945836, 0.0575643107295, 0.073467887938, 0.104840882123, 0.06201345101, 0.0501605980098, 0.035219181329, 0.035908985883, 0.0441289879382, 0.0599090903997, 0.0577084645629, 0.050737015903, 0.0643954202533, 0.0880489870906, 0.0873860642314, 0.0987255871296, 0.12357917428, 0.132946163416, 0.113999783993, 0.118794023991, 0.121716357768, 0.111588776112, 0.110015846789, 0.117504164577, 0.118043340743, 0.0874182879925, 0.0711145550013, 0.0710355192423, 0.0669605135918, 0.0856598988175, 0.0869764462113, 0.0701560229063, 0.0644735321403], "dvar": [0.0192002188414, 0.0196227859706, 0.0173153989017, 0.0215725414455, 0.0218104179949, 0.0280566364527, 0.0481391325593, 0.0255327150226, 0.0178820863366, 0.0127748614177, 0.01338142436, 0.0168134253472, 0.0247712321579, 0.0221314206719, 0.0185281615704, 0.0227031335235, 0.0313922315836, 0.0333905667067, 0.0393064320087, 0.0457781404257, 0.0494686253369, 0.0455997809768, 0.0439642854035, 0.0448165982962, 0.0410359837115, 0.0415462106466, 0.0462490655482, 0.0502016842365, 0.0351453386247, 0.0274098291993, 0.0258721727878, 0.0248947907239, 0.0328288152814, 0.0365450792015, 0.026781661436, 0.0238519627601], "dmean": [0.0458308644593, 0.0453954972327, 0.0500935949385, 0.0586461275816, 0.0611488670111, 0.112862035632, 0.139316216111, 0.107184417546, 0.0469047240913, 0.035044811666, 0.0368958115578, 0.0566425472498, 0.0746797025204, 0.0667217075825, 0.0499704480171, 0.0544597581029, 0.0705126821995, 0.0953316390514, 0.112673349679, 0.117822401226, 0.130043059587, 0.123824238777, 0.115379810333, 0.104012779891, 0.0960705131292, 0.102154046297, 0.141258135438, 0.150910690427, 0.11353444308, 0.0649731382728, 0.0564195476472, 0.0631432086229, 0.0960989668965, 0.100362628698, 0.0838543400168, 0.0567469224334], "max": [1, 1, 1, 1, 1, 1, 1, 1, 1, 1, 1, 1, 1, 1, 1, 1, 1, 1, 1, 1, 1, 1, 1, 1, 1, 1, 1, 1, 1, 1, 1, 1, 1, 1, 1, 1], "var": [0.0158929433674, 0.0152456294745, 0.0174944419414, 0.0269398875535, 0.0249624494463, 0.0555307231843, 0.165077075362, 0.0592964626849, 0.0126352217048, 0.00914811529219, 0.0100310202688, 0.02413636446, 0.0635519623756, 0.0333995930851, 0.01564652659, 0.0164069514722, 0.0239749737084, 0.0423617325723, 0.0671318843961, 0.0477064214647, 0.0591879822314, 0.0864469110966, 0.0519256591797, 0.0372168272734, 0.0350767187774, 0.0371881462634, 0.0792287513614, 0.126141324639, 0.0496571771801, 0.0258271545172, 0.0205035153776, 0.0217573456466, 0.0510947108269, 0.101130977273, 0.0428898409009, 0.0211372561753], "mean": [0.0347569361329, 0.0343348681927, 0.0514445267618, 0.0679058730602, 0.0637471973896, 0.235985904932, 0.426773548126, 0.242283970118, 0.037235122174, 0.02733919397, 0.0280786901712, 0.0768442377448, 0.131055042148, 0.0921271368861, 0.0402745008469, 0.038444083184, 0.0530526712537, 0.119504079223, 0.163323819637, 0.1258687675, 0.146137475967, 0.183388441801, 0.129431173205, 0.0833103060722, 0.0758062079549, 0.0857724770904, 0.234380960464, 0.325658619404, 0.172295853496, 0.0514455065131, 0.0418659411371, 0.0509921163321, 0.143615335226, 0.209594860673, 0.122809931636, 0.0452830120921]}, "tuning_equal_tempered_deviation": 0.0464768670499, "chords_changes_rate": 0.056978084147, "key_key": "B", "tuning_diatonic_strength": 0.561714053154, "key_scale": "major", "chords_number_rate": 0.00253748567775, "tuning_frequency": 441.017791748, "tuning_nontempered_energy_ratio": 0.62380361557, "chords_histogram": [36.3783149719, 0.253748565912, 9.55017280579, 0.415224909782, 1.15340256691, 0.830449819565, 2.81430220604, 0.0922721996903, 0, 0, 0.115340255201, 0, 0.184544399381, 0, 0, 2.32987308502, 0, 1.56862747669, 0, 2.97577857971, 1.01499426365, 4.17531728745, 6.13610172272, 30.0115337372], "key_strength": 0.821959376335, "chords_key": "B", "chords_strength": {"dmean2": 0.00829574279487, "median": 0.497676998377, "min": -1, "dvar2": 0.000930312904529, "dvar": 0.000494098174386, "dmean": 0.00955782085657, "max": 0.730348050594, "var": 0.0248478166759, "mean": 0.482826292515}, "chords_scale": "major", "hpcp_entropy": {"dmean2": 0.82278573513, "median": 1.77837491035, "min": 0, "dvar2": 0.63499122858, "dvar": 0.239526599646, "dmean": 0.494961827993, "max": 4.54868507385, "var": 0.519166052341, "mean": 1.77899503708}}, "metadata": {"audio_properties": {"equal_loudness": 0, "codec": "mp3", "downmix": "mix", "sample_rate": 44100, "analysis_sample_rate": 44100, "bit_rate": 192311, "md5_encoded": "149cd3eaad4516988bbe699f462c944e", "length": 201.247344971, "replay_gain": -9.96777534485, "lossless": false}, "version": {"essentia_build_sha": "70f2e5ece6736b2c40cc944ad0e695b16b925413", "essentia": "2.1-beta2", "extractor": "music 1.0", "essentia_git_sha": "v2.1_beta2"}, "tags": {"title": ["Ballad of Billy Jo McKay"], "barcode": ["9399700069303"], "media": ["CD"], "albumartist": ["Shawn Mullins"], "language": ["eng"], "musicbrainz_recordingid": ["110b0ea5-6d0a-47b1-9c8c-ff86d398b9ab"], "musicbrainz_albumartistid": ["f20e3539-bf98-4066-85eb-12f254545660"], "originalyear": ["1999"], "discnumber": ["1/1"], "bpm": ["146"], "catalognumber": ["493037.9"], "contentgroup": ["Folk"], "musicbrainz album type": ["album"], "musicbrainz album status": ["Official"], "file_name": "09 Ballad of Billy Jo McKay.mp3", "originaldate": ["1998"], "acoustid_fingerprint": ["AQADtHGSZFEURUETvUOPK0uDXkTzHseVI_yORgmnGpeYGvh1mA_OPnh-5IwPMVdGvGMRP8L5oJfgvajnRsNzHPeDQBeFfoe7zIIb5Af841jC_Nh_PMePPvARvsdJVM8DK4k3DeePo0c36oP4JCER-eC2Y8rxHF_RjNmDyi2-IMmTBzne47nxNqDHo9yPKb-QG8dzjOLigo12oTmx4zxu9EdviFGWD3l4ONQl9MTP4i9-xD5x5kDNpIGPdNRwo1GO78N3lEbzJMkm_CbaozmS80OYonyK4_mEL0xU9LLw_PjhJkxo9ChzWGXwH80Z7EGUHz90TseTI47uw31zrAy4P5ilBtWJ3xX6DPcZ4kvw7EXeHMmTBKNJOIkGWseOn_DKHt-HfA-SH81ROccTuUG55BKaPAp-9HqC5IuG6HEMJj9-zEKZ6Qma51IQxHmIJsoelMxx4cEf_McbTAkl3AyaXAKbaviRF8msPPjx44OX4EePO1HwdDh3MM6DdPew8UfPGz_06EGY6mhmpcSlKcczEtuoB88c8Akd3LmQ5Eh3_Ch5o6JyBQ8fYufA5Dkm60pRHs2NL_h3hM8CXcyOT0meoLsH3Tn0I3-H9j58FuUd_Dj6oeqCU8GVJSKeRyhvGY6PycrxpfiP5-Ce42pydGl0RAr-Q_2DXMP-4JLB78SUaXrQTniCej-aB083XDr6J2ieHfeOc8ct4nfQDn7RG3d2XJGOkHOoI6mL73Av-GyioVSS48qI9SHIH9kuQ0tL5NGOZr_w4SzCp4HOC850VPFxHfqPMA8YSxdeKsZ3sEzEwXqiREiK3GjGbkWZKGQOHr5yfMee5Gh-dM-E5DlCEs9yoY8e4xWaikJ_fMboD89-MDmm7_iHvnAyFSF_JJPCSId_4V_QJB-eC7eTYnOOH_wdIZSy7FjzHD0maocWSZOIWBIf9EdzCc_Tgz2eC1Oqoj-SZ0IlHWHUuviIWkyFxsnxiJaR5ziDSjw0VNGDMBUzBnly1NIhMkwaPAiZX7iyPPiFozdSaELeRDku7miWNMmROnkOzZLSJHhIIX2w77jgJolEZF-iBVfwxDzOww9yPceTLBN-9Af1I5nUC3nyC3_B-DhTScQZHWWDdhs1wdMeYXJ2JBVD5P1R3fAeNJeHH42VJCdKWQiZI-GHD89TXCyqHk-IVx-aM-iz4f7wYE2jo9oYI2tn6MkFF7Ge4twx_cK6NCGu42FCo3naINmPPMcs13gmXHzQ7AitZEfyRQ-u4yHuLehONFGiDKd2HPEPpZOO-0GTBxMjQdd7_Ia2E9HyoT94BTWfY0rTFHd2vEf1aWj2RniPSTwaRfnBuQqm5zCKHg2uJscvSqh-pMcFO4GuIv0n9MRP4cc_NLaK6zgtNNGP58W1HM8mVB_Sw0mCifyQz3gJJk5JVJKSBOSPRzry4z_kowkYNod-XGsRvg12RYE_JBN1hFFzHZWy4yd6Y0rT4046gfuxHhX-weyH-sc5o6EQylk6yNM1hLrho-fxH6d-NG6HUleD4-gloRmj4JHGI9Y06JeCdM9R_WjI4wg39WjSJMHDQ8fv4C2aPAp64dzRWKh1fEeTfEJ_6CfCHy4P04cvcai3GHuOJj-S6iO85UFoZSma7EcXMhe-oU7Q7MNzNPljVEf0NMOVHfqOPLPhxYdHHXvBc1hnCxVzbP_BPPiPHccT8rjD4GqyBnmOZNMD50vxRzjOHOYI74Ljb_h-RFcoJJIm9JizLNpx8cNf-DhyET-mRFkKhtKDMN8x7UfPD81yIaR8aHESOnhphPeGxjnxKTx-lFlvbDk-UFbwC5GeQz8Rb7lw6UezhY2CZFOOPA93fPDxXBgpZhtyaFn0GblwR3rxC4xyPDzO4ynSnYSe49yDKeLRt0dyZkQpBZYwCtSv4kOdCMml9shDHM59fNGXYdaOhpOQP5B_XEHjHMp_oreCfcEPLU0lxBRj_EFz5ZjI5XgonDkyRxk0iQ_S0wLjHadE5A70qUe-cmCyZina5biOemcQpskD_UGeZV7RG3sCH6WTHF-G_Qv4INnDCtEYvehvfBFRPoXVFy5f9BLO8PiGbcvCg_VSPB-m_YV14sMr9BceF8mWywvSFz88vRxa6biOvoZHFW26Y37wzgTPB3mOZs9QHL_wiLoGLcekn3hxSqGOiiIURbIYAV-iKCila_iPR0lhXYcmHX-IXXygh0FoZRSa_PhxMRMvNDfyI6FRyjkmmWCSNAdmC48FV3LxHf-RnPGE8M3Q9FVwXDyeFR2VSNFgjSqe6Whm5cVxHcmuKwgzKccVJ8fj4U4e_EUtotmEJ-qE50FzYnISHL1y8HBE5hD5Dz-8o-cUjDfRPUcTJzquHXWmEMkyy0KsXHijEo6PN8ZjfOExsReovMVTPdiN8il-PBZ6GcnyHvlxcsN3PDrR8S8cLglKKzp-XMeRpNsTpNFq7Et8nDv-GE2so8N1PO_w4Tr8IFeGr9B7VER42vgiHNU9NF-QA8qzCJeIE-eFQ9Sp4Q4xasd14stsaJ8ShMGRj5RwPRqUNYk8nNRBfoh9fNQRZvygyAqe2MiVBI9Y7AYj5ZiUHD-eZEFT5ceRzsezVmi6HHoOPByaRXaCk6iVorSO5orwTBkX9G8QJhL64zt84jIuXAjzB_eS49YxRtewKzfK6RnCTLrwTHiO58els-jxo-vxB81yhGokCsm1w6_wwl9wNXiWw5WUHcmzIha2JPlB7MGTQz96ZTz6vHiOM0OTjEoqTE5ygexHjD_Co5kfACSREoRCBAUhDjACGEAGCAINUZIiNAgQhCFhBFAGGESREkgwagQRSBFFuMFMGcCIlMIRxgRQQjHrKAHOAUSQIAArwgTAwilCMBCIAAWIgBQIRoEBxgDBFMmOCCAAhwYIZoAAADgjiACAEyOootoYoIwiCBoogIVGGMWAkE4AYAwklAqHgBKAGYuYAYU4ogBADAlBhCCYEOMEMwAAgK1BBgAGgRUOGCKUAAIIQgAyxAEgBJPIMESYIEAAI6gAhiDFjABEAACEIYAAoAwRSgDABEBEOCWQIABJBRAwxggBhHBUAaMRYkIgKoBQRBJKADPEIEOQIQgYyZATQAEDBBOAAGAAMIABxBAnQAhjmUAEEEAgA0RABpSRikiHBFFAIcCMWMABhITQCjhEAFAOYGMA8oAxIAgAgCkGGCIGKCAFQYZIygFBhBCAFGBUECmMUAApQYQyggoikAFIMQSJowQYBRgQAhgDhMAEACEoMgZIIgRxAAmABEZEGAIMMUgiCYUgAEEHgGCMCWMQQsBJgywiRAABKFFQIAAwYQIABYQSwAEBDAHuC0OIEcAAwpQxHBgBCBIGOEMYQcAYAIhBwCFgECIEAiQFAsQYYJxRwBBBCEIJCSCYYYAQSoAzAgDCABDICEVBUIAIIAASghnhiBYAIcAYEIAgoAAAYDEijQCCKYcEMpQAAAgCABHBABEgCUGQEEAgIwBQSEhGCCCOAQMUMwYAAZRBQAhnHDDGaCEAAwIQSoAhBhAAsUDACeAIMEQRIwAQnAgDpAAAAEUEEEAQBogySgCDgDAAAOOQlYQZogAQLFjDABDIAGABkEAwRRhBSDAEACFBEEMAQcQJiBAThADiBCRSCEANAU4IIIghQLgBDDESCECJ4IogwwAhghghBjDEiIIsIoYxwgQwxjkhkHIGQqqQAV4QZBQlBgAghKFEEEMIBIAQJIxQlAAGBBIKIMIUBBZoQREQSCiMFIEGIEEkAQQ5KwA"], "date": ["1999-07-26"], "genre": ["Pop, Folk Rock, Rock"], "musicbrainz album release country": ["AU"], "album": ["Soul's Core"], "initialkey": ["B"], "musicbrainz_artistid": ["f20e3539-bf98-4066-85eb-12f254545660"], "asin": ["B00000AG6W"], "musicbrainz_albumid": ["cf9e8b36-dfe7-4eb0-b79f-1d16c4ccd217"], "artist": ["Shawn Mullins"], "artistsort": ["Mullins, Shawn"], "tracknumber": ["9/14"], "label": ["Columbia"], "albumartistsort": ["Mullins, Shawn", "Mullins, Shawn"], "acoustid_id": ["27f4806b-edbd-426f-9dce-9104edcfb492"], "script": ["Latn"], "musicbrainz_releasegroupid": ["759834f0-da8d-37b0-aac2-687dcdf7f755"]}}, "rhythm": {"bpm_histogram_first_peak_bpm": {"dmean2": 0, "median": 144, "min": 144, "dvar2": 0, "dvar": 0, "dmean": 0, "max": 144, "var": 0, "mean": 144}, "bpm": 144.32069397, "bpm_histogram_second_peak_spread": {"dmean2": 0, "median": 0, "min": 0, "dvar2": 0, "dvar": 0, "dmean": 0, "max": 0, "var": 0, "mean": 0}, "bpm_histogram_first_peak_weight": {"dmean2": 0, "median": 0.228187918663, "min": 0.228187918663, "dvar2": 0, "dvar": 0, "dmean": 0, "max": 0.228187918663, "var": 0, "mean": 0.228187918663}, "onset_rate": 3.36382555962, "beats_position": [0.638548731804, 1.28870749474, 1.93886613846, 2.58902478218, 3.20435357094, 3.83129239082, 4.45823097229, 5.08516979218, 5.71210861206, 6.33904743195, 6.97759628296, 7.59292507172, 8.19664382935, 8.80036258698, 9.4040813446, 10.0078001022, 10.6347389221, 11.2732877731, 11.9582767487, 12.6432647705, 13.3746938705, 14.0829019547, 14.8027210236, 15.5341491699, 16.2771873474, 16.9737873077, 17.6703853607, 18.2973232269, 18.9242630005, 19.4931507111, 20.0504302979, 20.6193199158, 21.153377533, 21.6874370575, 22.221496582, 22.825214386, 23.4173240662, 24.009431839, 24.6015415192, 25.2052612305, 25.7973690033, 26.3778686523, 26.9815864563, 27.5736961365, 28.1658039093, 28.7811336517, 29.3964614868, 29.9769611359, 30.5574588776, 31.1379585266, 31.7184581757, 32.2989578247, 32.7633552551, 33.239364624, 33.7153739929, 34.1913833618, 34.6673927307, 35.1434020996, 35.5961914062, 36.0025405884, 36.4204978943, 36.8036270142, 37.1983680725, 37.5931053162, 37.9994544983, 38.4058036804, 38.8121528625, 39.2185020447, 39.6364631653, 40.1356925964, 40.6233100891, 41.099319458, 41.6449890137, 42.1906585693, 42.7247161865, 43.3284339905, 43.9321517944, 44.5358734131, 45.139591217, 45.7317008972, 46.3238105774, 46.9275283813, 47.5428581238, 48.1001358032, 48.6690254211, 49.1218147278, 49.5746040344, 50.0273895264, 50.480178833, 50.8981399536, 51.3044891357, 51.7108383179, 52.1287956238, 52.5235366821, 52.9298858643, 53.3362350464, 53.7425842285, 54.1489334106, 54.5436706543, 54.9384117126, 55.333152771, 55.7278900146, 56.122631073, 56.5057601929, 56.9004974365, 57.2836265564, 57.6667556763, 58.0498847961, 58.4446258545, 58.8393630981, 59.2341041565, 59.6288414001, 60.0235824585, 60.4183197021, 60.8130607605, 61.2077980042, 61.590927124, 61.9740562439, 62.3687973022, 62.7635345459, 63.1582756042, 63.5530128479, 63.9361457825, 64.3192749023, 64.7024002075, 65.0855331421, 65.4802703857, 65.8634033203, 66.2465286255, 66.6412658691, 67.0243988037, 67.4075241089, 67.7906570435, 68.1737823486, 68.5685272217, 68.9632644653, 69.3812255859, 69.8456192017, 70.2984085083, 70.7395935059, 71.180770874, 71.6103363037, 72.0282974243, 72.4462585449, 72.8642196655, 73.2821731567, 73.7117462158, 74.1297073364, 74.5476608276, 74.9540100098, 75.3719711304, 75.8015441895, 76.2311096191, 76.6722869873, 77.1134643555, 77.5430374146, 77.9609985352, 78.3789520264, 78.8085250854, 79.2264862061, 79.6444396973, 80.0740127563, 80.5151901245, 80.9215393066, 81.3395004272, 81.7574615479, 82.1754150391, 82.5817642212, 82.9997253418, 83.4176864624, 83.8240356445, 84.2303848267, 84.6367340088, 85.0546951294, 85.4726486206, 85.8906097412, 86.2969589233, 86.7033081055, 87.0980453491, 87.4927902222, 87.8991394043, 88.3054885864, 88.7118377686, 89.1181869507, 89.5245361328, 89.9308853149, 90.3488388062, 90.7435836792, 91.1383209229, 91.5330581665, 91.9277954102, 92.3225402832, 92.7172775269, 93.1120147705, 93.5067520142, 93.9014968872, 94.2962341309, 94.6909713745, 95.0857162476, 95.4804534912, 95.8751907349, 96.2699279785, 96.6646728516, 97.0594100952, 97.4541473389, 97.8488845825, 98.2436294556, 98.6383666992, 99.0214920044, 99.404624939, 99.7993621826, 100.194099426, 100.588844299, 100.983581543, 101.378318787, 101.784667969, 102.191017151, 102.585754395, 103.003715515, 103.398452759, 103.816413879, 104.234375, 104.652336121, 105.058685303, 105.465034485, 105.859771729, 106.254508972, 106.649246216, 107.067207336, 107.473556519, 107.879905701, 108.297866821, 108.704216003, 109.110565186, 109.516914368, 109.934875488, 110.318000793, 110.68952179, 111.049430847, 111.420951843, 111.780860901, 112.140769958, 112.512290955, 112.883804321, 113.266937256, 113.650062561, 114.033195496, 114.416320801, 114.811065674, 115.194190979, 115.577323914, 115.983673096, 116.390022278, 116.807983398, 117.22593689, 117.655509949, 118.085075378, 118.514648438, 119.00226593, 119.489883423, 119.977500916, 120.395462036, 120.813423157, 121.231384277, 121.649337769, 122.078910828, 122.508476257, 122.949661255, 123.367614746, 123.785575867, 124.203536987, 124.621498108, 125.051063538, 125.492240906, 125.933418274, 126.351379395, 126.757728577, 127.175689697, 127.593650818, 128.034820557, 128.476013184, 128.917190552, 129.35836792, 129.799545288, 130.229110718, 130.658676147, 131.076644897, 131.494598389, 131.912567139, 132.33052063, 132.748474121, 133.166442871, 133.584396362, 134.002349854, 134.420318604, 134.838272095, 135.256240845, 135.662582397, 136.068939209, 136.4868927, 136.904846191, 137.299591064, 137.717544556, 138.135513306, 138.541854858, 138.94821167, 139.366165161, 139.760910034, 140.167251587, 140.573608398, 140.99156189, 141.409515381, 141.827484131, 142.233825684, 142.651794434, 143.058135986, 143.464492798, 143.870834351, 144.288803101, 144.706756592, 145.124710083, 145.542678833, 145.972244263, 146.401809692, 146.796554565, 147.214508057, 147.632461548, 148.050430298, 148.468383789, 148.886352539, 149.292694092, 149.699050903, 150.117004395, 150.534957886, 150.941314697, 151.34765625, 151.765625, 152.171966553, 152.589935303, 153.007888794, 153.425842285, 153.832199097, 154.238540649, 154.633285522, 155.039627075, 155.434371948, 155.829116821, 156.223846436, 156.630203247, 157.0365448, 157.45451355, 157.872467041, 158.290420532, 158.708389282, 159.126342773, 159.532699585, 159.939041138, 160.345397949, 160.774963379, 161.19291687, 161.61088562, 162.017227173, 162.423583984, 162.829925537, 163.236282349, 163.65423584, 164.072189331, 164.490158081, 164.908111572, 165.337677002, 165.778869629, 166.231658936, 166.661224365, 167.102401733, 167.531967163, 167.949935913, 168.367889404, 168.774230957, 169.180587769, 169.586929321, 169.993286133, 170.411239624, 170.829208374, 171.247161865, 171.665115356, 172.083084106, 172.477813721, 172.872558594, 173.267303467, 173.662033081, 174.080001831, 174.509567261, 174.93913269, 175.380310059, 175.809890747, 176.239456177, 176.657409668, 177.075378418, 177.493331909, 177.922897339, 178.352462769, 178.782043457, 179.211608887, 179.641174316, 180.1171875, 180.593200684, 181.05758667, 181.487167358, 181.916732788, 182.357910156, 182.810699463, 183.26348877, 183.716278076, 184.180679321, 184.645080566, 185.097869873, 185.539047241, 185.980224609, 186.433013916, 186.885803223, 187.338592529, 187.779769897, 188.220947266, 188.662124634, 189.103302002, 189.54447937, 189.997268677, 190.496505737, 190.984130859, 191.471740723, 191.959365845, 192.458587646, 192.957824707, 193.433822632, 193.909835815, 194.397460938, 194.838638306, 195.279815674, 195.720993042, 196.220230103, 196.719451904, 197.218673706, 197.752746582, 198.286804199, 198.820861816, 199.354919434, 199.888977051, 200.423034668], "beats_loudness": {"dmean2": 0.0225038807839, "median": 0.0199880860746, "min": 0, "dvar2": 0.000466621655505, "dvar": 0.000154253750225, "dmean": 0.0130489217117, "max": 0.0942668244243, "var": 0.000358125282219, "mean": 0.0232053343207}, "danceability": 0.969933569431, "bpm_histogram_second_peak_weight": {"dmean2": 0, "median": 0.156599551439, "min": 0.156599551439, "dvar2": 0, "dvar": 0, "dmean": 0, "max": 0.156599551439, "var": 0, "mean": 0.156599551439}, "beats_count": 448, "bpm_histogram_second_peak_bpm": {"dmean2": 0, "median": 152, "min": 152, "dvar2": 0, "dvar": 0, "dmean": 0, "max": 152, "var": 0, "mean": 152}, "bpm_histogram_first_peak_spread": {"dmean2": 0, "median": 0.495049476624, "min": 0.495049476624, "dvar2": 0, "dvar": 0, "dmean": 0, "max": 0.495049476624, "var": 0, "mean": 0.495049476624}, "beats_loudness_band_ratio": {"dmean2": [0.373872488737, 0.362847298384, 0.22858260572, 0.0971816629171, 0.0466686226428, 0.152112856507], "median": [0.34048396349, 0.3556394279, 0.116437077522, 0.0267770960927, 0.0119713982567, 0.0105957128108], "min": [0, 0, 0, 0, 0, 0], "dvar2": [0.0975880250335, 0.0861719995737, 0.0442178361118, 0.0185149163008, 0.00587035249919, 0.0955346524715], "dvar": [0.0353282801807, 0.0298678651452, 0.0152381407097, 0.0073650740087, 0.0023131982889, 0.032812025398], "dmean": [0.215579137206, 0.21357062459, 0.130441367626, 0.0559909231961, 0.0265951473266, 0.0809100419283], "max": [0.95589864254, 0.971063256264, 0.673282623291, 0.678599715233, 0.523258924484, 0.953927099705], "var": [0.0619910880923, 0.0520790629089, 0.0199422501028, 0.00787961948663, 0.00289465789683, 0.0215222686529], "mean": [0.361153811216, 0.395232647657, 0.165085360408, 0.0579470768571, 0.028641462326, 0.0561042167246]}}, "lowlevel": {"barkbands_spread": {"dmean2": 6.67057275772, "median": 7.48050832748, "min": 0.430458784103, "dvar2": 171.916793823, "dvar": 79.9127807617, "dmean": 4.27076482773, "max": 115.90826416, "var": 196.62663269, "mean": 12.2642173767}, "melbands_spread": {"dmean2": 7.62995672226, "median": 7.10605716705, "min": 0.553011059761, "dvar2": 447.260253906, "dvar": 235.088287354, "dmean": 5.02066850662, "max": 253.930343628, "var": 705.86151123, "mean": 14.8469905853}, "hfc": {"dmean2": 6.90232038498, "median": 6.20252132416, "min": 1.08873386493e-16, "dvar2": 523.446411133, "dvar": 234.460906982, "dmean": 4.80543327332, "max": 489.330627441, "var": 500.666137695, "mean": 13.5871324539}, "barkbands_kurtosis": {"dmean2": 9.64293575287, "median": 9.21602058411, "min": -1.91473329067, "dvar2": 233.178405762, "dvar": 95.4886779785, "dmean": 6.11875915527, "max": 224.181137085, "var": 362.575042725, "mean": 15.0506677628}, "gfcc": {"mean": [-105.108894348, 111.000152588, -90.6264724731, 15.907169342, -71.3117446899, -4.14231777191, -54.3713264465, -7.80793952942, -33.0082397461, 0.28748562932, -17.8354282379, -6.96499538422, -16.6935100555], "icov": [[0.000130611035274, -0.000233861763263, 0.00032965320861, -0.000317641650327, 0.000307629088638, -0.000384067272535, 0.000347141351085, -0.000296724436339, 0.000379902427085, -0.000184069023817, 0.000532545091119, 3.43629944837e-05, 0.000323301006574], [-0.000233861763263, 0.00135591696016, -0.000688911299221, 0.00109429459553, -0.00101217790507, 0.00107350095641, -0.000924418389332, 0.000993421068415, -0.0010583861731, 0.00126693234779, -0.00182072992902, 0.000980716780759, -0.000450697349152], [0.00032965320861, -0.000688911299221, 0.00175541709177, -0.000906550616492, 0.000435234629549, -0.00138918973971, 0.00101403915323, -0.00111361197196, 0.00115998100955, -0.000646137923468, 0.00125733669847, -0.000683807302266, 0.000728758226614], [-0.000317641650327, 0.00109429459553, -0.000906550616492, 0.00262096407823, -0.000946564774495, 0.00112070608884, -0.0010495550232, 0.000408685562434, -0.00176335650031, 0.000886146037374, -0.00151180673856, -6.48461500532e-05, -0.000634373689536], [0.000307629088638, -0.00101217790507, 0.000435234629549, -0.000946564774495, 0.00464808987454, -0.00135299377143, 0.000158078764798, -0.00143907300662, -0.000974833965302, 2.12415470742e-05, 0.000866576621775, 0.000236817155383, 0.000215794454562], [-0.000384067272535, 0.00107350095641, -0.00138918973971, 0.00112070608884, -0.00135299377143, 0.00538564100862, -0.00200779386796, -0.000110936656711, -0.000462063529994, -0.000533530430403, -0.000200525333639, 0.000341159728123, -0.000292671553325], [0.000347141351085, -0.000924418389332, 0.00101403915323, -0.0010495550232, 0.000158078764798, -0.00200779386796, 0.00583329843357, -0.0010122153908, 0.000870883348398, -0.000171511564986, -0.000915941200219, 0.000419826887082, 0.000369085610146], [-0.000296724436339, 0.000993421068415, -0.00111361197196, 0.000408685562434, -0.00143907300662, -0.000110936656711, -0.0010122153908, 0.00740542123094, -0.00132105662487, 0.000431342021329, 0.000527782540303, -0.000262231333181, -0.000181654002517], [0.000379902427085, -0.0010583861731, 0.00115998100955, -0.00176335650031, -0.000974833965302, -0.000462063529994, 0.000870883348398, -0.00132105662487, 0.0100072622299, -0.00145831366535, 0.00241271546111, 0.000228942226386, 0.000275223108474], [-0.000184069023817, 0.00126693234779, -0.000646137923468, 0.000886146037374, 2.12415470742e-05, -0.000533530430403, -0.000171511564986, 0.000431342021329, -0.00145831366535, 0.00915832817554, -0.00262809800915, 0.00157624541316, -0.00149289949331], [0.000532545091119, -0.00182072992902, 0.00125733669847, -0.00151180673856, 0.000866576621775, -0.000200525333639, -0.000915941200219, 0.000527782540303, 0.00241271546111, -0.00262809800915, 0.0131758227944, -0.00254536233842, 0.00131939537823], [3.43629944837e-05, 0.000980716780759, -0.000683807302266, -6.48461500532e-05, 0.000236817155383, 0.000341159728123, 0.000419826887082, -0.000262231333181, 0.000228942226386, 0.00157624541316, -0.00254536233842, 0.00870821997523, -0.00151314085815], [0.000323301006574, -0.000450697349152, 0.000728758226614, -0.000634373689536, 0.000215794454562, -0.000292671553325, 0.000369085610146, -0.000181654002517, 0.000275223108474, -0.00149289949331, 0.00131939537823, -0.00151314085815, 0.0123710576445]], "cov": [[31168.015625, -761.342773438, -3054.98828125, 820.605224609, -1281.04296875, 697.024963379, -949.747131348, 423.347167969, -452.439331055, 124.200172424, -920.554382324, -570.348754883, -493.368347168], [-761.342773438, 2605.88427734, -193.547943115, -578.86895752, 314.518310547, -326.290588379, 252.038284302, -282.33291626, 96.6628875732, -213.234237671, 244.179016113, -220.576507568, -9.22415447235], [-3054.98828125, -193.547943115, 1397.12756348, 146.290130615, 151.867431641, 192.094818115, 10.7175178528, 143.33795166, 2.80751347542, 34.6025543213, -1.87168288231, 133.792602539, 22.3437957764], [820.605224609, -578.86895752, 146.290130615, 741.371887207, 25.1406059265, 62.8424911499, -11.3933963776, 109.607078552, 53.5577545166, 19.5436058044, -41.9932289124, 63.0046081543, 3.2138736248], [-1281.04296875, 314.518310547, 151.867431641, 25.1406059265, 383.944061279, 21.7572536469, 98.4247817993, 31.1689243317, 89.3024749756, -29.7262363434, 37.1257705688, -16.5036010742, 17.0661430359], [697.024963379, -326.290588379, 192.094818115, 62.8424911499, 21.7572536469, 351.988983154, 18.1214389801, 107.4012146, -16.5368175507, 57.3519592285, -66.5178146362, 5.68234443665, -14.1342124939], [-949.747131348, 252.038284302, 10.7175178528, -11.3933963776, 98.4247817993, 18.1214389801, 272.895202637, -13.002363205, 24.6454601288, -16.4162940979, 72.3044128418, -15.4390144348, 11.0369815826], [423.347167969, -282.33291626, 143.33795166, 109.607078552, 31.1689243317, 107.4012146, -13.002363205, 216.954223633, 12.0512590408, 22.6675205231, -60.1385993958, 21.0627727509, -7.14443874359], [-452.439331055, 96.6628875732, 2.80751347542, 53.5577545166, 89.3024749756, -16.5368175507, 24.6454601288, 12.0512590408, 142.922195435, -1.41638314724, 2.82882118225, -11.9715461731, 10.3026351929], [124.200172424, -213.234237671, 34.6025543213, 19.5436058044, -29.7262363434, 57.3519592285, -16.4162940979, 22.6675205231, -1.41638314724, 142.980392456, -6.83999347687, 0.0871746093035, 8.673579216], [-920.554382324, 244.179016113, -1.87168288231, -41.9932289124, 37.1257705688, -66.5178146362, 72.3044128418, -60.1385993958, 2.82882118225, -6.83999347687, 146.642883301, 17.9662666321, 11.3180961609], [-570.348754883, -220.576507568, 133.792602539, 63.0046081543, -16.5036010742, 5.68234443665, -15.4390144348, 21.0627727509, -11.9715461731, 0.0871746093035, 17.9662666321, 163.846298218, 21.8121109009], [-493.368347168, -9.22415447235, 22.3437957764, 3.2138736248, 17.0661430359, -14.1342124939, 11.0369815826, -7.14443874359, 10.3026351929, 8.673579216, 11.3180961609, 21.8121109009, 93.4519042969]]}, "spectral_energyband_middle_low": {"dmean2": 0.00650943815708, "median": 0.010736875236, "min": 1.63160896199e-22, "dvar2": 0.0001150391181, "dvar": 4.59134898847e-05, "dmean": 0.00416713347659, "max": 0.103816613555, "var": 0.000191734594409, "mean": 0.0143814068288}, "melbands_crest": {"dmean2": 4.27027082443, "median": 14.0030498505, "min": 1.76383137703, "dvar2": 17.5383872986, "dvar": 7.00180673599, "dmean": 2.65150809288, "max": 32.1572608948, "var": 25.5050315857, "mean": 14.6290512085}, "spectral_kurtosis": {"dmean2": 7.89747190475, "median": 6.6608338356, "min": -1.28885030746, "dvar2": 167.070465088, "dvar": 68.6389389038, "dmean": 4.88987445831, "max": 146.63432312, "var": 268.303710938, "mean": 12.2238149643}, "spectral_rms": {"dmean2": 0.000796239764895, "median": 0.00384425232187, "min": 3.11258961314e-12, "dvar2": 1.06113054699e-06, "dvar": 4.66798184107e-07, "dmean": 0.000529951532371, "max": 0.0135014345869, "var": 4.59441935163e-06, "mean": 0.00378451822326}, "zerocrossingrate": {"dmean2": 0.0113623151556, "median": 0.03125, "min": 0.00390625, "dvar2": 0.000423260644311, "dvar": 0.000393472873839, "dmean": 0.00986511819065, "max": 0.53564453125, "var": 0.00392864551395, "mean": 0.0477796271443}, "silence_rate_60dB": {"dmean2": 0.0623124837875, "median": 0, "min": 0, "dvar2": 0.0648888126016, "dvar": 0.0301854442805, "dmean": 0.0311526488513, "max": 1, "var": 0.164668947458, "mean": 0.207891091704}, "erbbands_kurtosis": {"dmean2": 3.21553349495, "median": 1.65039873123, "min": -1.84316956997, "dvar2": 29.9059715271, "dvar": 12.8507814407, "dmean": 2.05624461174, "max": 100.658943176, "var": 59.2769699097, "mean": 3.96127104759}, "erbbands": {"dmean2": [0.0047992146574, 0.180138215423, 1.33388245106, 5.16480779648, 10.885014534, 10.4380989075, 9.548204422, 18.8593292236, 12.6610307693, 20.1018695831, 16.669336319, 13.3967885971, 8.4610376358, 6.15705633163, 4.7957482338, 9.8649559021, 10.1408901215, 10.4187841415, 8.88737201691, 7.76421070099, 5.92079591751, 5.15676832199, 4.99190330505, 2.99745059013, 3.59726190567, 8.83551883698, 4.23802280426, 3.75661039352, 4.52157974243, 4.40284824371, 3.44125175476, 2.37219977379, 1.97941708565, 1.81240177155, 0.750302791595, 0.245250463486, 0.0682912319899, 0.00997744128108, 0.00028047937667, 1.70719249581e-05], "median": [0.00103989278432, 0.0379707850516, 0.438674390316, 2.26745581627, 6.42215633392, 8.68381881714, 7.79985666275, 11.8883514404, 8.39271831512, 10.2070350647, 5.79017066956, 3.00130414963, 2.07575082779, 1.75176644325, 1.33105635643, 2.32503676414, 2.40997743607, 1.58808588982, 1.35436320305, 1.02618193626, 0.708542466164, 0.690799891949, 0.73203086853, 0.439106345177, 0.404528409243, 0.4677298069, 0.378886520863, 0.192887812853, 0.176050692797, 0.236762687564, 0.148675143719, 0.114689238369, 0.0729561895132, 0.0666210204363, 0.0353541970253, 0.0123346056789, 0.00292121991515, 0.000335864897352, 1.89083493751e-05, 1.95081302081e-05], "min": [8.35081338509e-23, 7.66239555146e-22, 1.55808606539e-21, 4.3717424336e-21, 2.67293915294e-20, 4.14493484108e-20, 5.00557878682e-20, 8.24207738356e-20, 1.71112132476e-19, 2.43757175973e-19, 2.33873996165e-19, 2.49071656312e-19, 4.02860300316e-19, 8.6796454586e-19, 1.00562446039e-18, 1.51994944205e-18, 1.70196557276e-18, 1.73781051402e-18, 1.79485206188e-18, 2.60869666181e-18, 2.94939457173e-18, 4.97150106523e-18, 6.14482367691e-18, 5.86307065744e-18, 7.09092308305e-18, 7.37295114008e-18, 8.49619127439e-18, 9.03845448804e-18, 1.14824596967e-17, 1.12094958848e-17, 1.11024305894e-17, 1.19941213636e-17, 1.02700585913e-17, 8.60253030522e-18, 5.84703121177e-18, 4.50524416935e-18, 2.27507507522e-18, 1.0197122768e-18, 2.52063723684e-19, 2.84123324909e-20], "dvar2": [0.000364933686797, 0.21869930625, 10.2721090317, 119.887947083, 400.023040771, 510.56918335, 451.618896484, 2375.69555664, 1152.94445801, 2495.58642578, 3638.34594727, 3287.85595703, 1726.09594727, 478.926025391, 701.942504883, 829.867431641, 1200.75683594, 2190.43334961, 1444.22045898, 1113.80517578, 581.350952148, 312.605926514, 277.850463867, 93.1005783081, 127.162376404, 2022.14880371, 275.843261719, 390.253204346, 455.429138184, 360.662139893, 311.268890381, 150.263793945, 148.730926514, 102.258628845, 17.4832363129, 1.81275546551, 0.13051469624, 0.00238600373268, 2.31520562011e-06, 3.22237680983e-09], "dvar": [0.000137728085974, 0.0850419923663, 3.72676968575, 46.3384742737, 142.385513306, 206.202301025, 187.734893799, 1007.71014404, 527.675964355, 1036.72753906, 1588.36035156, 1466.30432129, 940.34777832, 245.965499878, 314.961791992, 470.301422119, 597.351135254, 1175.73706055, 791.79107666, 508.436828613, 234.705657959, 143.327133179, 125.878822327, 40.8275260925, 54.4972648621, 830.862182617, 125.647758484, 182.043273926, 217.934570312, 165.302047729, 127.056777954, 62.1944313049, 64.7093582153, 43.7668609619, 7.22831487656, 0.748792588711, 0.0518244206905, 0.000950601999648, 9.11481322419e-07, 1.31589583674e-09], "dmean": [0.00293928571045, 0.111836440861, 0.808758020401, 3.1330704689, 6.54268884659, 6.64956569672, 6.13037490845, 12.1451063156, 8.34895324707, 13.2704401016, 11.2517576218, 9.28220558167, 6.08710002899, 4.2974152565, 3.32851243019, 6.8155002594, 6.98312902451, 7.36142206192, 6.26470375061, 5.27187728882, 3.87938666344, 3.48702025414, 3.26852965355, 1.93707406521, 2.35695052147, 5.63773012161, 2.77237701416, 2.5711286068, 3.08689975739, 2.94786190987, 2.19239878654, 1.50384032726, 1.30543887615, 1.18999612331, 0.490228682756, 0.161133438349, 0.0435101315379, 0.00627339025959, 0.000174253422301, 1.12362204163e-05], "max": [0.493474692106, 6.84869480133, 44.3472442627, 141.168716431, 189.704864502, 372.167266846, 444.352142334, 749.566223145, 641.856384277, 928.079589844, 1274.2467041, 1231.41101074, 1488.32592773, 593.434448242, 825.506530762, 771.093688965, 1134.85180664, 1663.76586914, 1559.40087891, 1224.41210938, 834.072509766, 447.947845459, 493.580871582, 279.39553833, 181.722763062, 880.467346191, 459.167205811, 585.898925781, 529.797302246, 351.716003418, 348.793579102, 305.756286621, 387.332061768, 252.485717773, 99.9406661987, 33.4936790466, 6.99887514114, 0.746555268764, 0.0311399195343, 0.00100000423845], "var": [0.000136070972076, 0.134715527296, 6.69570207596, 74.4117660522, 344.119018555, 733.231628418, 658.264404297, 3656.01708984, 1382.36291504, 3041.26196289, 4515.84423828, 4046.4597168, 2286.54199219, 760.936157227, 732.016296387, 1648.65856934, 2096.72631836, 4298.47021484, 3346.22973633, 1457.89978027, 1846.45202637, 1030.07202148, 532.092712402, 199.119094849, 115.283279419, 1402.00891113, 203.680587769, 312.039550781, 556.929382324, 312.448486328, 134.356201172, 62.9004516602, 79.7522201538, 52.3321876526, 8.15136623383, 0.853534340858, 0.0490218922496, 0.000895453616977, 8.17425586774e-07, 1.8410751812e-09], "mean": [0.0044254604727, 0.184702754021, 1.45852100849, 5.31783437729, 13.1072454453, 18.0885887146, 15.4612922668, 30.7798690796, 20.8359527588, 30.8795852661, 25.113073349, 19.2406005859, 12.7009572983, 9.71759986877, 7.75273561478, 15.7630958557, 15.2763633728, 15.3455924988, 13.6815099716, 11.7003765106, 10.2068138123, 9.0090637207, 7.49316740036, 4.41652059555, 4.52409505844, 10.5164346695, 4.43784618378, 3.86318898201, 5.51622724533, 4.40577793121, 2.64897704124, 1.65707468987, 1.55503499508, 1.38724184036, 0.570993900299, 0.188906654716, 0.0467972904444, 0.00634336238727, 0.000179436203325, 2.94091023534e-05]}, "spectral_strongpeak": {"dmean2": 0.52476388216, "median": 0.479945838451, "min": 0, "dvar2": 1.2990270853, "dvar": 0.518743157387, "dmean": 0.316413909197, "max": 15.5222320557, "var": 1.11257410049, "mean": 0.788442254066}, "spectral_energy": {"dmean2": 0.00799841247499, "median": 0.0151477335021, "min": 9.93041957597e-21, "dvar2": 0.00017681728059, "dvar": 7.15608257451e-05, "dmean": 0.00518454611301, "max": 0.186845943332, "var": 0.000317020108923, "mean": 0.0193899720907}, "average_loudness": 0.652760386467, "spectral_rolloff": {"dmean2": 583.422241211, "median": 495.263671875, "min": 107.666015625, "dvar2": 2623958.25, "dvar": 1301325.125, "dmean": 349.392425537, "max": 19638.28125, "var": 5543683.5, "mean": 1160.73864746}, "spectral_centroid": {"dmean2": 260.247253418, "median": 508.703033447, "min": 172.447937012, "dvar2": 261587.71875, "dvar": 154433.21875, "dmean": 175.132324219, "max": 11980.2402344, "var": 1454281.625, "mean": 858.910583496}, "pitch_salience": {"dmean2": 0.0965613946319, "median": 0.590747654438, "min": 0.122398659587, "dvar2": 0.00862084049731, "dvar": 0.00339303375222, "dmean": 0.0598966442049, "max": 0.94315880537, "var": 0.0141377048567, "mean": 0.584777772427}, "spectral_energyband_middle_high": {"dmean2": 0.000963502447121, "median": 0.000521288136952, "min": 1.11586412198e-21, "dvar2": 5.61770411878e-06, "dvar": 3.10014456772e-06, "dmean": 0.000699716387317, "max": 0.0668070465326, "var": 2.33284317801e-05, "mean": 0.00242212018929}, "spectral_contrast_coeffs": {"dmean2": [0.0775589942932, 0.0652292594314, 0.0520228371024, 0.0464485995471, 0.0408865809441, 0.035102751106], "median": [-0.528648912907, -0.688850641251, -0.772098243237, -0.765105783939, -0.780296444893, -0.78949534893], "min": [-0.978885054588, -0.981645405293, -0.974939107895, -0.970777153969, -0.968410015106, -0.963616192341], "dvar2": [0.00418569101021, 0.00312081188895, 0.00189825496636, 0.00147753464989, 0.00125303713139, 0.00104887282941], "dvar": [0.00161171460059, 0.00126309145708, 0.000800169596914, 0.000651859911159, 0.000580175605137, 0.000517225766089], "dmean": [0.0481158681214, 0.0402336753905, 0.0326393172145, 0.0294619724154, 0.0264280494303, 0.023920128122], "max": [-0.219333842397, -0.372722387314, -0.49926379323, -0.471421778202, -0.546762228012, -0.555575072765], "var": [0.0121570015326, 0.00681286491454, 0.0047209309414, 0.00504110334441, 0.00473885796964, 0.00396951846778], "mean": [-0.529053270817, -0.686051130295, -0.770218908787, -0.765359520912, -0.775292932987, -0.783241927624]}, "melbands_skewness": {"dmean2": 1.17503249645, "median": 2.74616265297, "min": -2.00167822838, "dvar2": 2.20874738693, "dvar": 0.928039193153, "dmean": 0.759560346603, "max": 16.8544101715, "var": 3.16771817207, "mean": 3.0472266674}, "spectral_spread": {"dmean2": 1255722.875, "median": 4175331.75, "min": 638264.9375, "dvar2": 2828356812800.0, "dvar": 1358375419900.0, "dmean": 835020.25, "max": 42823228, "var": 15917721321500.0, "mean": 4749147}, "dissonance": {"dmean2": 0.043152090162, "median": 0.432397902012, "min": 0.126298189163, "dvar2": 0.00173317326698, "dvar": 0.00069524376886, "dmean": 0.02665868029, "max": 0.499999970198, "var": 0.00304691679776, "mean": 0.420325875282}, "spectral_skewness": {"dmean2": 0.696026980877, "median": 2.21257400513, "min": -0.27295923233, "dvar2": 0.750416398048, "dvar": 0.331173300743, "dmean": 0.449404895306, "max": 10.2910089493, "var": 1.86731529236, "mean": 2.51225805283}, "spectral_flux": {"dmean2": 0.0265747345984, "median": 0.0413818508387, "min": 6.26021595673e-11, "dvar2": 0.00106828927528, "dvar": 0.000498872017488, "dmean": 0.0170609485358, "max": 0.348492830992, "var": 0.00175266002771, "mean": 0.0512177087367}, "spectral_contrast_valleys": {"dmean2": [0.77288967371, 0.549636244774, 0.546322882175, 0.513992965221, 0.549014031887, 0.735321104527], "median": [-8.21214866638, -7.02108192444, -8.30430316925, -8.79239273071, -9.06237792969, -11.359495163], "min": [-27.8756141663, -28.2215576172, -27.7230987549, -27.6460666656, -27.5765953064, -27.4165782928], "dvar2": [0.439686208963, 0.241022884846, 0.256507456303, 0.249459147453, 0.349998027086, 0.686997175217], "dvar": [0.197573289275, 0.11454667896, 0.127191543579, 0.133685335517, 0.193564519286, 0.373767584562], "dmean": [0.491284132004, 0.345448583364, 0.350719928741, 0.339846372604, 0.383280396461, 0.535887658596], "max": [-5.49763727188, -4.43253469467, -5.191593647, -5.96082448959, -5.98320245743, -6.85408687592], "var": [5.22384500504, 5.64216136932, 5.15740394592, 5.22666931152, 5.21543359756, 4.99063301086], "mean": [-8.59559822083, -7.41462230682, -8.70157718658, -9.17483615875, -9.4355764389, -11.6340055466]}, "erbbands_flatness_db": {"dmean2": 0.0325170382857, "median": 0.191703498363, "min": 0.0553633980453, "dvar2": 0.00132835097611, "dv