{"tonal": {"thpcp": [1, 0.653028309345, 0.250689208508, 0.166937991977, 0.395827770233, 0.732574045658, 0.607282519341, 0.301621228456, 0.194289088249, 0.169103071094, 0.169479504228, 0.208899497986, 0.253874868155, 0.315094172955, 0.321313858032, 0.246634170413, 0.236510887742, 0.258996933699, 0.255345910788, 0.296363353729, 0.467749923468, 0.557794928551, 0.384281098843, 0.235124602914, 0.25132355094, 0.263395398855, 0.220510333776, 0.171895608306, 0.158458977938, 0.207900598645, 0.309779167175, 0.289964646101, 0.178786799312, 0.1617449224, 0.242751866579, 0.66117399931], "hpcp": {"dmean2": [0.214683383703, 0.222855091095, 0.245844721794, 0.281916797161, 0.273336023092, 0.247659996152, 0.189297229052, 0.18742467463, 0.181007012725, 0.169452562928, 0.138334810734, 0.127847075462, 0.149555280805, 0.190040379763, 0.176197215915, 0.139753565192, 0.144863843918, 0.205932229757, 0.284144371748, 0.307145148516, 0.287166208029, 0.195728451014, 0.141620188951, 0.219035997987, 0.335063964128, 0.268903493881, 0.196622297168, 0.159085705876, 0.140379920602, 0.141646385193, 0.168610751629, 0.192466884851, 0.210413709283, 0.212588921189, 0.202277511358, 0.2070530653], "median": [0.0176049526781, 0.0174556672573, 0.0248061902821, 0.0546664223075, 0.0674086734653, 0.0441402122378, 0.0240177251399, 0.0216738823801, 0.0240809805691, 0.0188326127827, 0.0134431393817, 0.0121911708266, 0.0205252580345, 0.0280576087534, 0.0239207521081, 0.014214867726, 0.0115234404802, 0.0162376780063, 0.112639158964, 0.168090716004, 0.118202574551, 0.0211828295141, 0.0132822003216, 0.0417240969837, 0.0871131271124, 0.0949692800641, 0.0305585172027, 0.0118323862553, 0.00912898872048, 0.00940330885351, 0.0135368350893, 0.0243158191442, 0.0323691107333, 0.027063999325, 0.019086221233, 0.0141931129619], "min": [0, 0, 0, 0, 0, 0, 0, 0, 0, 0, 0, 0, 0, 0, 0, 0, 0, 0, 0, 0, 0, 0, 0, 0, 0, 0, 0, 0, 0, 0, 0, 0, 0, 0, 0, 0], "dvar2": [0.124765217304, 0.13470672071, 0.138532951474, 0.138628914952, 0.128319740295, 0.115896500647, 0.0891032963991, 0.091513812542, 0.0872826203704, 0.0864237621427, 0.0683928504586, 0.0673543214798, 0.0688993036747, 0.0897212997079, 0.0782332420349, 0.0651627331972, 0.0739611834288, 0.114201165736, 0.119744107127, 0.141573160887, 0.119119077921, 0.0980595946312, 0.0685863643885, 0.0891873091459, 0.176981329918, 0.108051232994, 0.097380310297, 0.0901782289147, 0.077062651515, 0.0756227225065, 0.0939060598612, 0.106902018189, 0.106992401183, 0.112468115985, 0.112389311194, 0.121695615351], "dvar": [0.0462379716337, 0.0487203337252, 0.0494283661246, 0.0517252646387, 0.0527124553919, 0.0434224642813, 0.0323561728001, 0.0335465781391, 0.0323318652809, 0.0317182689905, 0.0246297884732, 0.0244449786842, 0.0253742001951, 0.0356808565557, 0.0313142575324, 0.0233081299812, 0.0262790452689, 0.0411954037845, 0.0465071760118, 0.0644217431545, 0.0471934787929, 0.0364623330534, 0.0248185340315, 0.0342937856913, 0.0726530700922, 0.0449543260038, 0.0366780348122, 0.033057179302, 0.0287511870265, 0.0277318377048, 0.0345776565373, 0.0386527255177, 0.0393717065454, 0.042976450175, 0.0406059548259, 0.0444151163101], "dmean": [0.119139894843, 0.122162975371, 0.134748235345, 0.159023985267, 0.158376291394, 0.140448763967, 0.105356112123, 0.105016686022, 0.102595672011, 0.0946536138654, 0.0771705880761, 0.071088694036, 0.0846550315619, 0.10957852751, 0.10235786438, 0.0778276473284, 0.0788679197431, 0.113100662827, 0.165451735258, 0.178069755435, 0.166162416339, 0.109430268407, 0.0782440081239, 0.123854927719, 0.191357076168, 0.156227633357, 0.112432017922, 0.0881498083472, 0.077914789319, 0.0787491723895, 0.0929037034512, 0.106714323163, 0.119185835123, 0.118695177138, 0.111409038305, 0.113640904427], "max": [1, 1, 1, 1, 1, 1, 1, 1, 1, 1, 1, 1, 1, 1, 1, 1, 1, 1, 1, 1, 1, 1, 1, 1, 1, 1, 1, 1, 1, 1, 1, 1, 1, 1, 1, 1], "var": [0.0426006875932, 0.0413796193898, 0.0447117388248, 0.0702093318105, 0.0917908251286, 0.0521349534392, 0.0289634428918, 0.0340917557478, 0.0360322296619, 0.0294579658657, 0.021453814581, 0.0210581552237, 0.0254856739193, 0.047170560807, 0.0431763008237, 0.0208585374057, 0.0205017458647, 0.0367599837482, 0.0835763290524, 0.166809141636, 0.0796034410596, 0.034979827702, 0.0202423315495, 0.0448811389506, 0.128115922213, 0.0792960301042, 0.0414835549891, 0.0298899058253, 0.0257281567901, 0.0247671063989, 0.0328675359488, 0.0369340777397, 0.0432407036424, 0.0523530468345, 0.0346195660532, 0.0379728525877], "mean": [0.0998769029975, 0.0984689593315, 0.114286504686, 0.180378258228, 0.215102285147, 0.148190200329, 0.0906710252166, 0.096917822957, 0.101573087275, 0.0850353315473, 0.0662880465388, 0.0611064843833, 0.0801726430655, 0.119460038841, 0.11181896925, 0.0689454972744, 0.0623736418784, 0.0936123281717, 0.254968315363, 0.385629683733, 0.251827090979, 0.0966732054949, 0.0643762424588, 0.152642935514, 0.282502293587, 0.234186172485, 0.116314098239, 0.0749236419797, 0.0652111619711, 0.0653563290834, 0.0805578455329, 0.097901687026, 0.121509663761, 0.123908162117, 0.0951094552875, 0.0912056192756]}, "tuning_equal_tempered_deviation": 0.242470636964, "chords_changes_rate": 0.0911519229412, "key_key": "D#", "tuning_diatonic_strength": 0.424110770226, "key_scale": "major", "chords_number_rate": 0.00100166944321, "tuning_frequency": 434.193115234, "tuning_nontempered_energy_ratio": 0.898945093155, "chords_histogram": [8.15358924866, 0.0267111845315, 3.31218695641, 0.848080158234, 4.26711177826, 1.26210355759, 2.0567612648, 2.18363928795, 0.47412353754, 0.10016694665, 0.0534223690629, 0.0133555922657, 0.540901482105, 0.400667786598, 1.09515857697, 3.63939905167, 4.77462434769, 22.2971611023, 0.507512509823, 18.731218338, 3.59265446663, 7.30550909042, 6.61769628525, 7.7462439537], "key_strength": 0.641614556313, "chords_key": "D#", "chords_strength": {"dmean2": 0.0124075515196, "median": 0.431594759226, "min": 0.200805738568, "dvar2": 0.000119643002108, "dvar": 8.49497300806e-05, "dmean": 0.0111542725936, "max": 0.756168544292, "var": 0.00857455749065, "mean": 0.441818416119}, "chords_scale": "minor", "hpcp_entropy": {"dmean2": 1.24759316444, "median": 2.31948542595, "min": 0, "dvar2": 0.983685553074, "dvar": 0.391670405865, "dmean": 0.747828066349, "max": 4.69063711166, "var": 0.923494458199, "mean": 2.25572419167}}, "metadata": {"audio_properties": {"equal_loudness": 0, "codec": "mp3", "downmix": "mix", "sample_rate": 44100, "analysis_sample_rate": 44100, "bit_rate": 246368, "md5_encoded": "3030c7f46e3e23e78f7af3c28d13114a", "length": 695.354553223, "replay_gain": -10.9607791901, "lossless": false}, "version": {"essentia_build_sha": "5a811adb4c06fd6d02ca903f7349a26d851abfa8", "essentia": "2.1-beta1", "extractor": "music 1.0", "essentia_git_sha": "v2.1_beta1-34-gf95df8b"}, "tags": {"title": ["Wilton's Boogaloo"], "language": ["eng"], "media": ["CD"], "albumartist": ["The Jazz Crusaders"], "replaygain_album_gain": ["0.00 dB"], "musicbrainz_recordingid": ["1110babb-6cb4-4756-b5d5-9905e0d7ddbc"], "artistsort": ["Jazz Crusaders, The"], "musicbrainz_albumartistid": ["917b2fc9-c3b4-47d2-a23a-7e0a771287aa"], "discnumber": ["1/1"], "album artist credit": ["The Jazz Crusaders"], "bpm": ["0"], "artist credit": ["The Jazz Crusaders"], "replaygain_track_gain": ["0.00 dB"], "replaygain_album_peak": ["0.000000"], "musicbrainz album status": ["Official"], "file_name": "06 - The Jazz Crusaders - Wilton's Boogaloo.mp3", "originaldate": ["2005-06-07"], "replaygain_track_peak": ["0.000000"], "date": ["2005-06-07"], "genre": ["Smooth Jazz Instrumental"], "musicbrainz album type": ["live"], "musicbrainz album release country": ["US"], "album": ["The Festival Album"], "musicbrainz_artistid": ["917b2fc9-c3b4-47d2-a23a-7e0a771287aa"], "asin": ["B0009IW9JS"], "musicbrainz_albumid": ["bd2083d3-f1f0-46d8-bea8-328d0d8bf3a8"], "artist": ["The Jazz Crusaders"], "composer": ["Wilton Felder"], "tracknumber": ["6/7"], "label": ["Blue Note"], "albumartistsort": ["Jazz Crusaders, The"], "script": ["Latn"], "musicbrainz_releasegroupid": ["5077cb65-2eb9-3c64-a30d-f6b8a02ca1d3"]}}, "rhythm": {"bpm_histogram_first_peak_bpm": {"dmean2": 0, "median": 99, "min": 99, "dvar2": 0, "dvar": 0, "dmean": 0, "max": 99, "var": 0, "mean": 99}, "bpm": 99.615234375, "bpm_histogram_second_peak_spread": {"dmean2": 0, "median": 0.384615421295, "min": 0.384615421295, "dvar2": 0, "dvar": 0, "dmean": 0, "max": 0.384615421295, "var": 0, "mean": 0.384615421295}, "bpm_histogram_first_peak_weight": {"dmean2": 0, "median": 0.434412240982, "min": 0.434412240982, "dvar2": 0, "dvar": 0, "dmean": 0, "max": 0.434412240982, "var": 0, "mean": 0.434412240982}, "onset_rate": 3.98206424713, "beats_position": [0.684988677502, 1.38158726692, 2.07818579674, 2.76317453384, 3.44816327095, 4.13315200806, 4.80653047562, 5.47990942001, 6.14167785645, 6.81505680084, 7.47682523727, 8.13859367371, 8.80036258698, 9.47374153137, 10.1471195221, 10.8088884354, 11.4706573486, 12.1208162308, 12.7709751129, 13.4211339951, 14.0712919235, 14.7214508057, 15.3716096878, 16.0217685699, 16.6719264984, 17.3220863342, 17.9490242004, 18.575963974, 19.2145118713, 19.853061676, 20.4916095734, 21.1301574707, 21.7570972443, 22.3956451416, 23.0341949463, 23.6727428436, 24.3112926483, 24.9498405457, 25.5883903503, 26.2269382477, 26.865486145, 27.4924259186, 28.1193637848, 28.7463035583, 29.3732414246, 30.0117912292, 30.6503391266, 31.2888889313, 31.9158267975, 32.5543746948, 33.1929244995, 33.8314743042, 34.4584121704, 35.0853500366, 35.7122879028, 36.3392295837, 36.96616745, 37.5814971924, 38.1968231201, 38.823764801, 39.4507026672, 40.0776405334, 40.7161903381, 41.3547401428, 41.981678009, 42.6202278137, 43.2703857422, 43.9089317322, 44.5590934753, 45.1976394653, 45.8478012085, 46.5095672607, 47.1829452515, 47.8563270569, 48.5297050476, 49.2030830383, 49.8880729675, 50.538230896, 51.1767807007, 51.8153266907, 52.4538764954, 53.0924263, 53.7077522278, 54.3346939087, 54.9616317749, 55.6001815796, 56.2387275696, 56.8656692505, 57.5042152405, 58.1311569214, 58.7464828491, 59.3618125916, 59.977142334, 60.6040802002, 61.2310180664, 61.8579597473, 62.4848976135, 63.1118354797, 63.7271652222, 64.3424911499, 64.9694290161, 65.5963668823, 66.2233123779, 66.8502502441, 67.4771881104, 68.1041259766, 68.7310638428, 69.3463897705, 69.9617233276, 70.5770492554, 71.1923828125, 71.8193206787, 72.4462585449, 73.0731964111, 73.7001342773, 74.3270721436, 74.9424057007, 75.5693435669, 76.1846694946, 76.8116073608, 77.4153289795, 78.0306549072, 78.6459884644, 79.2613143921, 79.8766403198, 80.491973877, 81.1072998047, 81.7226257324, 82.3379592896, 82.9648971558, 83.5686187744, 84.1839447021, 84.7992706299, 85.4262084961, 86.0415420532, 86.6684799194, 87.2838058472, 87.9107437134, 88.537689209, 89.1530151367, 89.7683410645, 90.3952789307, 91.0222167969, 91.6491622925, 92.2761001587, 92.9030380249, 93.5299758911, 94.1569137573, 94.7838516235, 95.4107894897, 96.0261230469, 96.6530609131, 97.2683868408, 97.895324707, 98.5106582642, 99.1259841919, 99.7529220581, 100.379859924, 101.006797791, 101.633743286, 102.260681152, 102.864395142, 103.479728699, 104.095054626, 104.698776245, 105.302490234, 105.917823792, 106.521537781, 107.136871338, 107.763809204, 108.379135132, 109.006072998, 109.621406555, 110.248344421, 110.875282288, 111.490608215, 112.105941772, 112.7212677, 113.336593628, 113.951927185, 114.567253113, 115.194190979, 115.821128845, 116.448066711, 117.075012207, 117.701950073, 118.328887939, 118.944213867, 119.559547424, 120.174873352, 120.79019928, 121.393920898, 121.997642517, 122.601356506, 123.205078125, 123.832015991, 124.458953857, 125.085891724, 125.701225281, 126.316551208, 126.931877136, 127.547210693, 128.162536621, 128.76625061, 129.381591797, 129.985305786, 130.600631714, 131.215957642, 131.842895508, 132.458221436, 133.085174561, 133.700500488, 134.327438354, 134.942764282, 135.569702148, 136.185028076, 136.811965942, 137.438903809, 138.054244995, 138.669570923, 139.284896851, 139.900222778, 140.527160645, 141.142486572, 141.757827759, 142.384765625, 143.011703491, 143.638641357, 144.253967285, 144.869293213, 145.496231079, 146.111557007, 146.726898193, 147.342224121, 147.957550049, 148.561264038, 149.164993286, 149.780319214, 150.384033203, 150.999359131, 151.626296997, 152.253234863, 152.86857605, 153.483901978, 154.099227905, 154.726165771, 155.341491699, 155.956817627, 156.572158813, 157.19909668, 157.814422607, 158.429748535, 159.033462524, 159.648788452, 160.264129639, 160.891067505, 161.518005371, 162.144943237, 162.760269165, 163.375595093, 163.990921021, 164.606262207, 165.233200073, 165.860137939, 166.487075806, 167.102401733, 167.717727661, 168.333053589, 168.948379517, 169.563720703, 170.202270508, 170.829208374, 171.444534302, 172.059860229, 172.675186157, 173.290512085, 173.905853271, 174.521179199, 175.136505127, 175.751831055, 176.367156982, 176.982498169, 177.609436035, 178.224761963, 178.840087891, 179.455413818, 180.070739746, 180.674468994, 181.278182983, 181.90512085, 182.532058716, 183.147384644, 183.762710571, 184.378051758, 184.993377686, 185.608703613, 186.212417603, 186.827758789, 187.443084717, 188.046798706, 188.662124634, 189.265853882, 189.88117981, 190.496505737, 191.100219727, 191.715545654, 192.330886841, 192.946212769, 193.561538696, 194.165252686, 194.780578613, 195.3959198, 195.999633789, 196.603347778, 197.207077026, 197.822402954, 198.437728882, 199.041442871, 199.645172119, 200.260498047, 200.899047852, 201.525985718, 202.129699707, 202.745025635, 203.360351562, 203.964080811, 204.579406738, 205.194732666, 205.798446655, 206.402175903, 207.005889893, 207.609603882, 208.21333313, 208.817047119, 209.420761108, 210.036102295, 210.651428223, 211.255142212, 211.87046814, 212.474197388, 213.066299438, 213.670013428, 214.273742676, 214.877456665, 215.481170654, 216.084899902, 216.688613892, 217.292327881, 217.896057129, 218.511383057, 219.126708984, 219.730422974, 220.334152222, 220.937866211, 221.5415802, 222.145309448, 222.749023438, 223.352737427, 223.956451416, 224.560180664, 225.163894653, 225.767608643, 226.371337891, 226.97505188, 227.567153931, 228.170883179, 228.774597168, 229.366714478, 229.958816528, 230.562530518, 231.154647827, 231.746749878, 232.338867188, 232.930969238, 233.523086548, 234.126800537, 234.718902588, 235.322631836, 235.914733887, 236.518447876, 237.122177124, 237.725891113, 238.329605103, 238.921722412, 239.513824463, 240.117553711, 240.709655762, 241.313369751, 241.905487061, 242.50920105, 243.112915039, 243.705032349, 244.297134399, 244.900863647, 245.504577637, 246.108291626, 246.712020874, 247.327346802, 247.919448853, 248.523162842, 249.12689209, 249.718994141, 250.31111145, 250.914825439, 251.518539429, 252.110656738, 252.702758789, 253.306488037, 253.898590088, 254.490692139, 255.094421387, 255.709747314, 256.325073242, 256.94039917, 257.544128418, 258.147827148, 258.739959717, 259.343658447, 259.947387695, 260.551116943, 261.154815674, 261.758544922, 262.36227417, 262.9659729, 263.569702148, 264.173431396, 264.777130127, 265.380859375, 265.961364746, 266.553466797, 267.145568848, 267.749298096, 268.352996826, 268.956726074, 269.572052002, 270.18737793, 270.791107178, 271.394836426, 271.998535156, 272.602264404, 273.205993652, 273.798095703, 274.390197754, 274.993927002, 275.597625732, 276.20135498, 276.805084229, 277.408782959, 278.012512207, 278.627838135, 279.243164062, 279.846893311, 280.450592041, 281.054321289, 281.658050537, 282.250152588, 282.853881836, 283.457580566, 284.061309814, 284.676635742, 285.28036499, 285.895690918, 286.511016846, 287.114746094, 287.718444824, 288.322174072, 288.92590332, 289.518005371, 290.121704102, 290.71383667, 291.3175354, 291.909667969, 292.524993896, 293.140319824, 293.755645752, 294.382568359, 294.997894287, 295.624847412, 296.24017334, 296.855499268, 297.470825195, 298.074554443, 298.678283691, 299.293609619, 299.908935547, 300.512634277, 301.116363525, 301.720092773, 302.323791504, 302.927520752, 303.53125, 304.13494873, 304.738677979, 305.330780029, 305.92288208, 306.515014648, 307.118713379, 307.710845947, 308.314544678, 308.918273926, 309.522003174, 310.114105225, 310.717803955, 311.321533203, 311.913635254, 312.505767822, 313.097869873, 313.689971924, 314.282073975, 314.874176025, 315.466308594, 316.070007324, 316.662139893, 317.254241943, 317.834747314, 318.426849365, 319.018951416, 319.611053467, 320.203155518, 320.806884766, 321.410614014, 322.014312744, 322.618041992, 323.22177124, 323.813873291, 324.405975342, 325.00970459, 325.61340332, 326.217132568, 326.820861816, 327.424560547, 328.028289795, 328.492706299, 328.945495605, 329.398284912, 329.839447021, 330.280639648, 330.721801758, 331.162994385, 331.604156494, 332.045349121, 332.48651123, 332.927703857, 333.380493164, 333.833282471, 334.286071777, 334.750457764, 335.226470947, 335.702484131, 336.317810059, 336.921539307, 337.525268555, 338.128967285, 338.732696533, 339.336425781, 339.940124512, 340.54385376, 341.14755249, 341.751281738, 342.355010986, 342.958709717, 343.562438965, 344.166168213, 344.769866943, 345.373596191, 345.977325439, 346.58102417, 347.184753418, 347.788482666, 348.392181396, 348.995910645, 349.599639893, 350.203338623, 350.807067871, 351.410797119, 352.00289917, 352.595001221, 353.198730469, 353.802429199, 354.406158447, 355.009887695, 355.601989746, 356.205718994, 356.797821045, 357.401550293, 358.005249023, 358.608978271, 359.212677002, 359.81640625, 360.420135498, 361.023834229, 361.627563477, 362.231292725, 362.834991455, 363.438720703, 364.042449951, 364.646148682, 365.24987793, 365.853607178, 366.457305908, 367.049438477, 367.641540527, 368.245239258, 368.837371826, 369.429473877, 370.021575928, 370.613677979, 371.217407227, 371.821136475, 372.413238525, 373.005340576, 373.609069824, 374.212768555, 374.816497803, 375.420227051, 376.023925781, 376.627655029, 377.21975708, 377.811889648, 378.415588379, 378.99609375, 379.588195801, 380.180297852, 380.77243042, 381.364532471, 381.956634521, 382.548736572, 383.15246582, 383.756195068, 384.348297119, 384.94039917, 385.532501221, 386.124633789, 386.71673584, 387.308837891, 387.900939941, 388.493041992, 389.073547363, 389.677276611, 390.269378662, 390.861480713, 391.453613281, 392.057312012, 392.649414062, 393.241546631, 393.833648682, 394.425750732, 395.017852783, 395.621582031, 396.213684082, 396.794189453, 397.386291504, 397.978393555, 398.558898926, 399.151000977, 399.743133545, 400.335235596, 400.927337646, 401.519439697, 402.111572266, 402.703674316, 403.295776367, 403.887878418, 404.491607666, 405.072113037, 405.664215088, 406.256317139, 406.860046387, 407.452148438, 408.044250488, 408.647979736, 409.240081787, 409.832183838, 410.424285889, 411.016418457, 411.620117188, 412.200622559, 412.792724609, 413.384857178, 413.988555908, 414.592285156, 415.184387207, 415.776489258, 416.368621826, 416.972320557, 417.564422607, 418.156555176, 418.737030029, 419.329162598, 419.921264648, 420.513366699, 421.117095947, 421.709197998, 422.312927246, 422.905029297, 423.508758545, 424.112457275, 424.704559326, 425.296691895, 425.900390625, 426.504119873, 427.096221924, 427.688323975, 428.280456543, 428.872558594, 429.453063965, 430.033538818, 430.625671387, 431.217773438, 431.798278809, 432.378753662, 432.98248291, 433.586212158, 434.178314209, 434.77041626, 435.374145508, 435.977874756, 436.569976807, 437.162078857, 437.765808105, 438.369506836, 438.961639404, 439.553741455, 440.145843506, 440.737945557, 441.330047607, 441.922180176, 442.525878906, 443.129608154, 443.721710205, 444.325439453, 444.917541504, 445.509643555, 446.101745605, 446.682250977, 447.274353027, 447.866485596, 448.446990967, 449.039093018, 449.631195068, 450.211700439, 450.80380249, 451.395904541, 451.988006592, 452.58013916, 453.160614014, 453.752746582, 454.344848633, 454.948577881, 455.552276611, 456.144378662, 456.74810791, 457.351837158, 457.955535889, 458.559265137, 459.174591064, 459.778320312, 460.370422363, 460.962524414, 461.566253662, 462.16998291, 462.773681641, 463.377410889, 463.981140137, 464.584838867, 465.188568115, 465.780670166, 466.372772217, 466.976501465, 467.568603516, 468.160705566, 468.764434814, 469.356536865, 469.948638916, 470.540771484, 471.132873535, 471.713378906, 472.305480957, 472.897583008, 473.489685059, 474.081817627, 474.685516357, 475.266021729, 475.858123779, 476.45022583, 477.030731201, 477.611236572, 478.203338623, 478.795471191, 479.387573242, 479.979675293, 480.571777344, 481.163879395, 481.756011963, 482.348114014, 482.951812744, 483.555541992, 484.15927124, 484.762969971, 485.366699219, 485.94720459, 486.539306641, 487.131408691, 487.72354126, 488.315643311, 488.907745361, 489.488250732, 490.080352783, 490.672454834, 491.264556885, 491.845062256, 492.437164307, 493.029296875, 493.609771729, 494.1902771, 494.782409668, 495.386108398, 495.978210449, 496.570343018, 497.162445068, 497.754547119, 498.34664917, 498.938751221, 499.530883789, 500.12298584, 500.715087891, 501.295593262, 501.89932251, 502.491424561, 503.083526611, 503.664031982, 504.256134033, 504.836639404, 505.428741455, 506.009246826, 506.589752197, 507.181854248, 507.773956299, 508.36605835, 508.958190918, 509.550292969, 510.14239502, 510.722900391, 511.326599121, 511.918731689, 512.510803223, 513.091308594, 513.671813965, 514.252319336, 514.821228027, 515.390075684, 515.970581055, 516.551086426, 517.131591797, 517.712097168, 518.292602539, 518.87310791, 519.453613281, 520.034118652, 520.614624023, 521.195068359, 521.787231445, 522.379333496, 522.971435547, 523.575134277, 524.178833008, 524.759338379, 525.35144043, 525.943603516, 526.535705566, 527.127807617, 527.719909668, 528.312011719, 528.90411377, 529.5078125, 530.111572266, 530.703674316, 531.295776367, 531.887878418, 532.479980469, 533.07208252, 533.66418457, 534.256286621, 534.848449707, 535.440551758, 536.032653809, 536.624755859, 537.21685791, 537.808959961, 538.401062012, 538.993164062, 539.585266113, 540.177429199, 540.757873535, 541.350036621, 541.942138672, 542.534240723, 543.114746094, 543.706848145, 544.298950195, 544.891052246, 545.483154297, 546.063659668, 546.655761719, 547.24786377, 547.828369141, 548.432128906, 549.024230957, 549.616333008, 550.220031738, 550.823730469, 551.41583252, 552.007995605, 552.588500977, 553.180603027, 553.772705078, 554.364807129, 554.95690918, 555.54901123, 556.141113281, 556.733215332, 557.325317383, 557.929077148, 558.521179199, 559.10168457, 559.682189941, 560.274291992, 560.866394043, 561.458496094, 562.039001465, 562.631103516, 563.223205566, 563.815307617, 564.407409668, 564.999511719, 565.591674805, 566.183776855, 566.787475586, 567.391174316, 568.006530762, 568.633483887, 569.260375977, 569.864135742, 570.467834473, 571.071533203, 571.652038574, 572.244140625, 572.836242676, 573.428405762, 574.020507812, 574.624206543, 575.227905273, 575.831665039, 576.446960449, 577.062316895, 577.666015625, 578.269714355, 578.861877441, 579.453979492, 580.057678223, 580.649780273, 581.230285645, 581.810791016, 582.402893066, 583.006591797, 583.598693848, 584.190856934, 584.782958984, 585.375061035, 585.955566406, 586.536071777, 587.116516113, 587.708679199, 588.30078125, 588.881286621, 589.473388672, 590.053894043, 590.645996094, 591.249694824, 591.714111328, 592.166870117, 592.619689941, 593.08404541, 593.548461914, 594.012878418, 594.454040527, 594.895202637, 595.336425781, 595.777587891, 596.21875, 596.659973145, 597.101135254, 597.553894043, 598.006713867, 598.471130371, 599.063232422, 599.643737793, 600.224182129, 600.816345215, 601.396789551, 601.977294922, 602.557800293, 603.149902344, 603.730407715, 604.322509766, 604.914611816, 605.506774902, 606.087219238, 606.679382324, 607.271484375, 607.863586426, 608.455688477, 609.036193848, 609.639892578, 610.243591309, 610.835754395, 611.439453125, 612.031555176, 612.635253906, 613.239013672, 613.842712402, 614.446411133, 615.050170898, 615.653869629, 616.24597168, 616.83807373, 617.430175781, 618.022277832, 618.626037598, 619.229736328, 619.833435059, 620.437194824, 621.040893555, 621.632995605, 622.236694336, 622.828857422, 623.432556152, 624.036254883, 624.651611328, 625.255310059, 625.859008789, 626.451171875, 627.054870605, 627.658569336, 628.262329102, 628.866027832, 629.481323242, 630.096679688, 630.700378418, 631.304138184, 631.896240234, 632.488342285, 633.092041016, 633.684143066, 634.276245117, 634.880004883, 635.483703613, 636.087402344, 636.691162109, 637.29486084, 637.89855957, 638.502319336, 639.106018066, 639.709716797, 640.313476562, 640.917175293, 641.520874023, 642.112976074, 642.70513916, 643.308837891, 643.912536621, 644.516296387, 645.108398438, 645.700500488, 646.304199219, 646.907897949, 647.511657715, 648.115356445, 648.719055176, 649.322814941, 649.926513672, 650.518615723, 651.110717773, 651.714477539, 652.31817627, 652.921875, 653.525634766, 654.117736816, 654.721435547, 655.313537598, 655.917297363, 656.509399414, 657.113098145, 657.705200195, 658.308898926, 658.912658691, 659.516357422, 660.131713867, 660.747009277, 661.350708008, 661.954467773, 662.546569824, 663.138671875, 663.742370605, 664.346130371, 664.949829102, 665.553527832, 666.134033203, 666.702941895, 667.271850586, 667.829101562, 668.398010254, 668.96685791, 669.524169922, 670.104675293, 670.696777344, 671.277282715, 671.857788086, 672.438293457, 673.030395508, 673.518005371, 674.017211914, 674.516479492, 674.980834961, 675.445251465, 675.932861328, 676.432067871, 676.931335449, 677.418945312, 677.790466309, 678.13873291, 678.487060547, 678.846984863, 679.20690918, 679.555175781, 679.915100098, 680.275024414, 680.623291016, 680.971618652, 681.308288574, 681.656616211, 682.004882812, 682.341552734, 682.689880371, 683.038146973, 683.386474609, 683.79284668, 684.199157715, 684.605529785, 685.01184082, 685.418212891, 685.812988281, 686.219299316, 686.567626953, 686.915893555, 687.264221191, 687.612487793, 687.96081543, 688.297485352, 688.634155273, 688.97088623, 689.307556152, 689.713928223, 690.120239258, 690.526611328, 690.932983398, 691.339294434, 691.745666504, 692.151977539, 692.558349609, 692.96472168, 693.371032715, 693.777404785, 694.172119141, 694.578491211], "beats_loudness": {"dmean2": 0.0545619241893, "median": 0.0174888893962, "min": 7.56202723551e-07, "dvar2": 0.00330071593635, "dvar": 0.00107657234184, "dmean": 0.0296976137906, "max": 0.217165887356, "var": 0.00119358394295, "mean": 0.030250357464}, "danceability": 1.20154976845, "bpm_histogram_second_peak_weight": {"dmean2": 0, "median": 0.027257239446, "min": 0.027257239446, "dvar2": 0, "dvar": 0, "dmean": 0, "max": 0.027257239446, "var": 0, "mean": 0.027257239446}, "beats_count": 1175, "bpm_histogram_second_peak_bpm": {"dmean2": 0, "median": 94, "min": 94, "dvar2": 0, "dvar": 0, "dmean": 0, "max": 94, "var": 0, "mean": 94}, "bpm_histogram_first_peak_spread": {"dmean2": 0, "median": 0.495548963547, "min": 0.495548963547, "dvar2": 0, "dvar": 0, "dmean": 0, "max": 0.495548963547, "var": 0, "mean": 0.495548963547}, "beats_loudness_band_ratio": {"dmean2": [0.378884643316, 0.384208321571, 0.142416596413, 0.0587425380945, 0.0329462401569, 0.132911548018], "median": [0.443025887012, 0.232279509306, 0.0466852858663, 0.0121184131131, 0.00745320925489, 0.114455342293], "min": [0.00421404046938, 0.000650813686661, 0.000127674808027, 2.15341951844e-05, 1.46705660882e-05, 0.00225506233983], "dvar2": [0.0916965454817, 0.104006394744, 0.0320868194103, 0.00928504019976, 0.0023779484909, 0.0145896589383], "dvar": [0.0334316752851, 0.0382569171488, 0.0115186469629, 0.0031507613603, 0.000815885257907, 0.00515215285122], "dmean": [0.219937771559, 0.218061506748, 0.0794677510858, 0.0330620892346, 0.01860893704, 0.0753513798118], "max": [0.927135944366, 0.968592703342, 0.83152872324, 0.626038312912, 0.22084492445, 0.579605162144], "var": [0.0680291876197, 0.063095882535, 0.0120384581387, 0.00377633795142, 0.00077016488649, 0.00615514675155], "mean": [0.456046164036, 0.297454327345, 0.0850146189332, 0.0327182076871, 0.0179731603712, 0.128401681781]}}, "lowlevel": {"barkbands_spread": {"dmean2": 8.60421180725, "median": 9.8346862793, "min": 0.250373244286, "dvar2": 164.189590454, "dvar": 72.2447891235, "dmean": 5.53364658356, "max": 107.381904602, "var": 236.067184448, "mean": 15.2342376709}, "melbands_spread": {"dmean2": 5.69789218903, "median": 6.50576305389, "min": 0.119968682528, "dvar2": 93.9541091919, "dvar": 39.1634597778, "dmean": 3.64926195145, "max": 170.421859741, "var": 113.824913025, "mean": 9.93503761292}, "hfc": {"dmean2": 25.4001865387, "median": 27.531036377, "min": 3.50254154569e-08, "dvar2": 1915.01049805, "dvar": 1004.42681885, "dmean": 18.3607673645, "max": 774.081176758, "var": 3744.2121582, "mean": 49.3448982239}, "barkbands_kurtosis": {"dmean2": 20.3115749359, "median": 15.6355667114, "min": -1.7905626297, "dvar2": 1667.94677734, "dvar": 675.561645508, "dmean": 12.9844875336, "max": 989.163024902, "var": 1876.86376953, "mean": 28.6081256866}, "gfcc": {"mean": [-93.901260376, 88.8833847046, -65.9538040161, 16.3880443573, -31.9381561279, -21.5582389832, -8.81723594666, -24.533164978, -3.70307993889, -9.08462238312, -9.70305728912, 2.77260804176, -9.97927474976], "icov": [[0.000140950534842, -0.000195073836949, 0.000341808598023, -0.00014511164045, 0.000535542028956, -0.000434683286585, 0.000298641156405, 0.000269922224106, -0.000378711149096, 0.000263867987087, -0.000110333414341, 5.62429631827e-05, 3.92496876884e-05], [-0.000195073836949, 0.00898120552301, -0.0131618613377, 0.0175806712359, -0.0146723203361, 0.0117885749787, -0.00506038451567, 0.000652890768833, 0.00341770867817, -0.00299132778309, 0.00435034371912, -0.00304648559541, 0.0026107497979], [0.000341808598023, -0.0131618613377, 0.0266631934792, -0.0354242995381, 0.0310985278338, -0.0210431292653, 0.00799767952412, 0.00105834333226, -0.00981283374131, 0.0121601233259, -0.016514511779, 0.0173025187105, -0.0118136210367], [-0.00014511164045, 0.0175806712359, -0.0354242995381, 0.0530912689865, -0.0459226630628, 0.0297589357942, -0.00955938268453, -0.0051121446304, 0.0160101987422, -0.0210124664009, 0.028006721288, -0.031323030591, 0.0219451766461], [0.000535542028956, -0.0146723203361, 0.0310985278338, -0.0459226630628, 0.0498641431332, -0.0318402424455, 0.00509911449626, 0.0107044298202, -0.0205916576087, 0.0227410513908, -0.0295244324952, 0.0359436050057, -0.024461293593], [-0.000434683286585, 0.0117885749787, -0.0210431292653, 0.0297589357942, -0.0318402424455, 0.0300233997405, -0.00743237603456, -0.0112779056653, 0.0175375510007, -0.0146203460172, 0.0180005263537, -0.0190940573812, 0.0146079864353], [0.000298641156405, -0.00506038451567, 0.00799767952412, -0.00955938268453, 0.00509911449626, -0.00743237603456, 0.0144235007465, -0.0010717168916, -0.0107499565929, 0.00777636328712, -0.00288353953511, -0.000781066482887, -0.000195672095288], [0.000269922224106, 0.000652890768833, 0.00105834333226, -0.0051121446304, 0.0107044298202, -0.0112779056653, -0.0010717168916, 0.01886770688, -0.00960327219218, 0.00374726671726, -0.0114479400218, 0.0174369476736, -0.0110086407512], [-0.000378711149096, 0.00341770867817, -0.00981283374131, 0.0160101987422, -0.0205916576087, 0.0175375510007, -0.0107499565929, -0.00960327219218, 0.0359815731645, -0.0284190326929, 0.019716758281, -0.0247700028121, 0.0178131908178], [0.000263867987087, -0.00299132778309, 0.0121601233259, -0.0210124664009, 0.0227410513908, -0.0146203460172, 0.00777636328712, 0.00374726671726, -0.0284190326929, 0.0524061135948, -0.0391442775726, 0.0273196082562, -0.0183971077204], [-0.000110333414341, 0.00435034371912, -0.016514511779, 0.028006721288, -0.0295244324952, 0.0180005263537, -0.00288353953511, -0.0114479400218, 0.019716758281, -0.0391442775726, 0.060201074928, -0.0426531247795, 0.0164080299437], [5.62429631827e-05, -0.00304648559541, 0.0173025187105, -0.031323030591, 0.0359436050057, -0.0190940573812, -0.000781066482887, 0.0174369476736, -0.0247700028121, 0.0273196082562, -0.0426531247795, 0.0608364120126, -0.0302330926061], [3.92496876884e-05, 0.0026107497979, -0.0118136210367, 0.0219451766461, -0.024461293593, 0.0146079864353, -0.000195672095288, -0.0110086407512, 0.0178131908178, -0.0183971077204, 0.0164080299437, -0.0302330926061, 0.0336549989879]], "cov": [[11412.6347656, 629.327880859, -909.522766113, -1103.36987305, -554.865966797, -424.876373291, -295.155303955, -486.264770508, -106.332626343, -195.666381836, -95.1030426025, -5.96130609512, -51.2386016846], [629.327880859, 975.280395508, -15.6983795166, -293.694641113, 11.4878101349, -242.020004272, 32.7662582397, -148.389205933, -4.59217643738, -65.5109176636, 1.66927611828, -71.8343734741, 75.932762146], [-909.522766113, -15.6983795166, 641.379699707, 319.304382324, -70.1384124756, 120.370529175, -75.8195114136, 163.916992188, -28.9473571777, 47.8042373657, 19.4598751068, -10.3789100647, -8.19645786285], [-1103.36987305, -293.694641113, 319.304382324, 436.336303711, 121.94733429, 102.625465393, 65.277671814, 77.5268173218, 52.5668373108, 42.5410842896, 1.20971035957, 37.0122909546, -50.4470024109], [-554.865966797, 11.4878101349, -70.1384124756, 121.94733429, 265.89151001, 82.7656021118, 117.170799255, -2.61257171631, 44.2216072083, -4.29529285431, -3.05194330215, -23.6252346039, 7.28816080093], [-424.876373291, -242.020004272, 120.370529175, 102.625465393, 82.7656021118, 266.302703857, 4.4903678894, 146.874679565, -35.518196106, 19.21002388, -4.43935918808, -31.4054412842, -9.50696659088], [-295.155303955, 32.7662582397, -75.8195114136, 65.277671814, 117.170799255, 4.4903678894, 200.902175903, -13.8873939514, 90.0172576904, -0.285678625107, 2.11159491539, 25.3400745392, -17.6050453186], [-486.264770508, -148.389205933, 163.916992188, 77.5268173218, -2.61257171631, 146.874679565, -13.8873939514, 199.591415405, 0.826407134533, 53.3463935852, 26.1703681946, -20.7962150574, 15.9034080505], [-106.332626343, -4.59217643738, -28.9473571777, 52.5668373108, 44.2216072083, -35.518196106, 90.0172576904, 0.826407134533, 120.345649719, 45.5870552063, 26.3090496063, 40.3244552612, -10.9861068726], [-195.666381836, -65.5109176636, 47.8042373657, 42.5410842896, -4.29529285431, 19.21002388, -0.285678625107, 53.3463935852, 45.5870552063, 82.3228378296, 51.6437606812, 25.850276947, 19.2548465729], [-95.1030426025, 1.66927611828, 19.4598751068, 1.20971035957, -3.05194330215, -4.43935918808, 2.11159491539, 26.1703681946, 26.3090496063, 51.6437606812, 71.9427642822, 41.4463424683, 30.7677268982], [-5.96130609512, -71.8343734741, -10.3789100647, 37.0122909546, -23.6252346039, -31.4054412842, 25.3400745392, -20.7962150574, 40.3244552612, 25.850276947, 41.4463424683, 89.2134780884, 20.3303585052], [-51.2386016846, 75.932762146, -8.19645786285, -50.4470024109, 7.28816080093, -9.50696659088, -17.6050453186, 15.9034080505, -10.9861068726, 19.2548465729, 30.7677268982, 20.3303585052, 88.0266494751]]}, "spectral_energyband_middle_low": {"dmean2": 0.00667380727828, "median": 0.00378571171314, "min": 2.91385947489e-13, "dvar2": 0.000185971992323, "dvar": 0.000107788611786, "dmean": 0.00499360449612, "max": 0.239318922162, "var": 0.000496168504469, "mean": 0.0125530874357}, "melbands_crest": {"dmean2": 5.96338844299, "median": 16.4924545288, "min": 3.33998727798, "dvar2": 27.0030784607, "dvar": 10.7967071533, "dmean": 3.66779232025, "max": 38.682849884, "var": 42.9380149841, "mean": 17.4757938385}, "spectral_kurtosis": {"dmean2": 3.99655842781, "median": 8.62673664093, "min": 0.819270372391, "dvar2": 26.9945964813, "dvar": 12.322681427, "dmean": 2.67433452606, "max": 58.2540779114, "var": 37.5546226501, "mean": 10.3541326523}, "spectral_rms": {"dmean2": 0.000958198099397, "median": 0.0030047011096, "min": 4.78263046944e-08, "dvar2": 1.29863008169e-06, "dvar": 8.07673131931e-07, "dmean": 0.000736590882298, "max": 0.0155548546463, "var": 6.30298018223e-06, "mean": 0.00352691230364}, "zerocrossingrate": {"dmean2": 0.0416908301413, "median": 0.19189453125, "min": 0.0029296875, "dvar2": 0.00129399669822, "dvar": 0.000913458876312, "dmean": 0.0338472984731, "max": 0.83154296875, "var": 0.00698159914464, "mean": 0.191048666835}, "silence_rate_60dB": {"dmean2": 0.141855344176, "median": 0, "min": 0, "dvar2": 0.138528466225, "dvar": 0.0658798664808, "dmean": 0.0709253028035, "max": 1, "var": 0.194145828485, "mean": 0.26362362504}, "erbbands_kurtosis": {"dmean2": 3.35021615028, "median": 0.777455329895, "min": -1.75776851177, "dvar2": 32.0311775208, "dvar": 15.1206150055, "dmean": 2.2291405201, "max": 109.390609741, "var": 50.5236816406, "mean": 3.36321163177}, "erbbands": {"dmean2": [0.0757590159774, 0.364567965269, 1.47715461254, 4.13591146469, 8.29870986938, 11.2518024445, 24.0061359406, 15.1252622604, 10.5384721756, 6.82317495346, 6.63561058044, 8.73437786102, 5.7375869751, 6.94598340988, 6.38460206985, 5.9389500618, 4.93776512146, 3.16982245445, 4.28701925278, 4.60554409027, 2.66832232475, 1.36625826359, 1.2849572897, 1.11652266979, 0.998563289642, 1.26702904701, 0.935851812363, 0.772843718529, 0.72872877121, 0.801022052765, 0.808924853802, 0.763758838177, 0.669347286224, 0.0595988035202, 0.0131063759327, 0.0897621363401, 0.0760332271457, 0.0196936298162, 0.00390195520595, 0.001320829615], "median": [0.0197922661901, 0.126304537058, 0.465410172939, 0.88966012001, 1.26079297066, 2.40476346016, 5.26609611511, 4.42340230942, 2.65688037872, 1.60911822319, 1.54503512383, 2.1518330574, 1.21830308437, 1.01163649559, 0.963753640652, 0.763922452927, 0.94571518898, 0.630141854286, 0.654825806618, 0.840544879436, 0.86159235239, 0.5394282341, 0.638787150383, 0.525376081467, 0.543412387371, 0.618230819702, 0.485490620136, 0.418750852346, 0.330054044724, 0.23716917634, 0.139182329178, 0.0394730493426, 0.0110153751448, 0.00340633257292, 0.0015813553473, 0.00240742671303, 0.00546053284779, 0.00667995493859, 0.00291225872934, 0.00138341228012], "min": [1.11308575204e-12, 5.7860777801e-12, 1.69715162063e-11, 2.36633525275e-11, 2.72638370213e-11, 1.47427556274e-10, 2.09275805019e-10, 1.3573693558e-10, 7.82087949958e-10, 8.71216043752e-10, 5.06705122305e-10, 1.45975587174e-09, 4.38690017646e-09, 1.13718867656e-09, 7.41873396048e-10, 7.79366904347e-10, 1.28381738573e-09, 3.83219456168e-10, 3.49331424898e-10, 1.46160861192e-09, 2.39871233987e-09, 2.75726019794e-09, 1.0086611546e-09, 6.9754918508e-10, 8.54290194141e-10, 9.41787980935e-10, 7.87830245486e-10, 5.34440547373e-10, 8.32957314234e-10, 1.07232489555e-09, 6.6452593428e-10, 6.25569762658e-10, 3.16493109498e-10, 5.30171406776e-10, 3.19420184747e-10, 2.75667294547e-10, 1.12941357655e-10, 9.30980154079e-11, 2.12052077286e-11, 2.8119199677e-12], "dvar2": [0.0268089529127, 0.611560881138, 11.2799453735, 91.34324646, 741.06439209, 1044.68859863, 3533.98535156, 1425.29162598, 1562.08349609, 307.118743896, 328.930175781, 503.403808594, 332.249694824, 790.895996094, 572.605102539, 442.685455322, 239.391845703, 93.3480758667, 178.666503906, 222.869628906, 48.768497467, 12.8877134323, 8.01137638092, 6.51951169968, 4.75850391388, 10.1269292831, 4.29754924774, 3.54421925545, 3.91025280952, 5.56926584244, 8.25074481964, 11.9395647049, 7.9244093895, 0.0475327856839, 0.000929350440856, 0.132501810789, 0.0984894484282, 0.00363420555368, 8.06410607765e-05, 6.76403078614e-06], "dvar": [0.011935275048, 0.267048448324, 4.91523933411, 43.7381439209, 458.841827393, 532.821533203, 1894.88952637, 791.795837402, 890.384765625, 153.700317383, 149.609909058, 231.948165894, 159.194259644, 396.557159424, 274.25177002, 207.992874146, 103.003479004, 41.4272422791, 84.3202133179, 109.40246582, 22.325296402, 6.00891399384, 3.60866236687, 2.99351024628, 2.20912957191, 4.6272482872, 2.06993484497, 1.72315835953, 2.05176782608, 3.02152872086, 4.69188642502, 5.28039598465, 2.97407364845, 0.0180323198438, 0.000376192270778, 0.0501131154597, 0.0440741851926, 0.00211021560244, 4.52303902421e-05, 3.85638759326e-06], "dmean": [0.0480010546744, 0.226132407784, 0.921660900116, 2.73835110664, 5.8228468895, 7.51560688019, 17.17