{"tonal": {"thpcp": [1, 0.536852657795, 0.213182911277, 0.507757663727, 0.640471935272, 0.443067193031, 0.495136141777, 0.550250411034, 0.336906939745, 0.184932738543, 0.175308600068, 0.336814969778, 0.745340883732, 0.754702568054, 0.363350510597, 0.242622256279, 0.247379779816, 0.302509635687, 0.718921899796, 0.912885963917, 0.509368181229, 0.256271123886, 0.217112377286, 0.160676196218, 0.175537958741, 0.174510002136, 0.168145090342, 0.308160305023, 0.347751647234, 0.226217597723, 0.175807833672, 0.154790788889, 0.203446179628, 0.527243196964, 0.771755337715, 0.924658119678], "hpcp": {"dmean2": [0.225982353091, 0.224747985601, 0.166717574, 0.127825126052, 0.12449991703, 0.146256178617, 0.200491681695, 0.219479963183, 0.182574465871, 0.141863211989, 0.124953553081, 0.0991461277008, 0.105639666319, 0.0985916778445, 0.0819470882416, 0.118941783905, 0.132888451219, 0.114908993244, 0.119199439883, 0.111867129803, 0.123175516725, 0.187407538295, 0.220295920968, 0.298417329788, 0.414656549692, 0.260041892529, 0.132014036179, 0.181359678507, 0.188458994031, 0.18281006813, 0.224979013205, 0.244124501944, 0.194534659386, 0.133044943213, 0.12949219346, 0.176963567734], "median": [0.0420271903276, 0.044151507318, 0.0192014947534, 0.00483077717945, 0.00387553451583, 0.0120575940236, 0.0483707152307, 0.0761244744062, 0.0468905679882, 0.0120744230226, 0.0053543234244, 0.00441290531307, 0.00510631455109, 0.00565958442166, 0.00802332255989, 0.01524688676, 0.0178035292774, 0.00916286557913, 0.00317865796387, 0.00210535991937, 0.00673502124846, 0.0350631959736, 0.0593157447875, 0.0855206176639, 0.0257506985217, 0.0158836562186, 0.00655167782679, 0.0255551915616, 0.0340383499861, 0.0284333806485, 0.0200493764132, 0.0174708310515, 0.00906740594655, 0.00449320953339, 0.00490899430588, 0.0153429647908], "min": [0, 0, 0, 0, 0, 0, 0, 0, 0, 0, 0, 0, 0, 0, 0, 0, 0, 0, 0, 0, 0, 0, 0, 0, 0, 0, 0, 0, 0, 0, 0, 0, 0, 0, 0, 0], "dvar2": [0.112110972404, 0.110129870474, 0.0825314074755, 0.0742384269834, 0.0741612017155, 0.0722329616547, 0.0911961644888, 0.0993800759315, 0.0830542594194, 0.0711009129882, 0.0812502577901, 0.0565825812519, 0.0684018582106, 0.0537230819464, 0.0386956445873, 0.0627027750015, 0.0711830183864, 0.0628153458238, 0.0779419019818, 0.073512583971, 0.0732176303864, 0.100374445319, 0.113484233618, 0.130990564823, 0.290729522705, 0.120912224054, 0.0716129541397, 0.0907189771533, 0.0884713456035, 0.083566300571, 0.125791326165, 0.149573996663, 0.124483853579, 0.0909998491406, 0.0857735946774, 0.100702881813], "dvar": [0.0461011976004, 0.0451835244894, 0.0315111465752, 0.02856586501, 0.0285923946649, 0.0272652637213, 0.0366650000215, 0.0427516251802, 0.0319390371442, 0.0267527811229, 0.0307629071176, 0.021542256698, 0.0254742987454, 0.0198232904077, 0.0140841454268, 0.0234315283597, 0.0272739566863, 0.0232726968825, 0.0285167377442, 0.0264662709087, 0.0267183389515, 0.0388525538146, 0.0458796657622, 0.0509739927948, 0.120378054678, 0.0460027232766, 0.0259161125869, 0.0359747856855, 0.038429915905, 0.0329290777445, 0.0493107251823, 0.0596842691302, 0.0463722348213, 0.0319401100278, 0.0295332670212, 0.0369187444448], "dmean": [0.134550258517, 0.134359076619, 0.0953334197402, 0.0716033801436, 0.0702841132879, 0.0833488181233, 0.119507960975, 0.131250858307, 0.108713358641, 0.0791909396648, 0.0694894716144, 0.0552528090775, 0.0590195469558, 0.0554368421435, 0.047096349299, 0.0695908218622, 0.077391564846, 0.0651896446943, 0.0650831609964, 0.0606563091278, 0.0686376690865, 0.109438754618, 0.129842251539, 0.166847541928, 0.222178891301, 0.139873355627, 0.0726386606693, 0.105907090008, 0.112665131688, 0.106875732541, 0.127946540713, 0.138290926814, 0.108808323741, 0.07188693434, 0.0694698095322, 0.0992518886924], "max": [1, 1, 1, 1, 1, 1, 1, 1, 1, 1, 1, 1, 1, 1, 1, 1, 1, 1, 1, 1, 1, 1, 1, 1, 1, 1, 1, 1, 1, 1, 1, 1, 1, 1, 1, 1], "var": [0.0946006551385, 0.0952043905854, 0.0337809063494, 0.0306366793811, 0.0350748188794, 0.0278971530497, 0.0825191661716, 0.112981334329, 0.0429142341018, 0.0249975491315, 0.0263992715627, 0.0171296168119, 0.0198319461197, 0.0165715720505, 0.0134136993438, 0.0307995025069, 0.0378308072686, 0.0222778748721, 0.0208897609264, 0.018216310069, 0.0201218966395, 0.0573734380305, 0.0921698138118, 0.0896715074778, 0.15419998765, 0.0481771081686, 0.0196339283139, 0.058880366385, 0.0830586776137, 0.042019367218, 0.0601502433419, 0.0746109336615, 0.0409997627139, 0.0214142091572, 0.0187215730548, 0.0335373058915], "mean": [0.204623535275, 0.207193657756, 0.0997531041503, 0.06660874933, 0.067914865911, 0.0830500423908, 0.197370558977, 0.25062084198, 0.139840334654, 0.0703558698297, 0.0596053488553, 0.0441115349531, 0.0481916368008, 0.0479094274342, 0.0461620241404, 0.0846013575792, 0.0954706370831, 0.0621050670743, 0.0482657290995, 0.0424957759678, 0.0558534711599, 0.144747689366, 0.211875274777, 0.253852725029, 0.274536848068, 0.147385835648, 0.0585265643895, 0.139398187399, 0.175833150744, 0.121638268232, 0.135933116078, 0.151064008474, 0.0924933701754, 0.0507708527148, 0.0481286719441, 0.0924681201577]}, "tuning_equal_tempered_deviation": 0.180283114314, "chords_changes_rate": 0.0854907780886, "key_key": "E", "tuning_diatonic_strength": 0.466631382704, "key_scale": "major", "chords_number_rate": 0.00223505310714, "tuning_frequency": 434.193115234, "tuning_nontempered_energy_ratio": 0.899182736874, "chords_histogram": [4.15347385406, 0, 2.70068907738, 0, 0.0372508838773, 0, 0, 0, 0, 0.130378097296, 0.0745017677546, 0.465636044741, 1.69491529465, 7.26392269135, 5.7180109024, 9.1264667511, 7.17079544067, 31.6446266174, 3.89271736145, 12.9446821213, 9.66660499573, 0.968523025513, 2.34680581093, 0], "key_strength": 0.574293792248, "chords_key": "E", "chords_strength": {"dmean2": 0.0128177627921, "median": 0.46560382843, "min": -1, "dvar2": 0.000834401231259, "dvar": 0.000449115672382, "dmean": 0.0122649222612, "max": 0.920120477676, "var": 0.0216235350817, "mean": 0.462460696697}, "chords_scale": "minor", "hpcp_entropy": {"dmean2": 1.05985486507, "median": 1.84492683411, "min": 0, "dvar2": 0.77780020237, "dvar": 0.290294706821, "dmean": 0.631358325481, "max": 4.37627506256, "var": 0.666133105755, "mean": 1.84086453915}}, "metadata": {"audio_properties": {"equal_loudness": 0, "codec": "mp3", "downmix": "mix", "sample_rate": 44100, "analysis_sample_rate": 44100, "bit_rate": 206601, "md5_encoded": "627a657d9f9176352b450f5fe1f295e2", "length": 249.260406494, "replay_gain": -11.9225826263, "lossless": false}, "version": {"essentia_build_sha": "2d9f1f26377add8aeb1075a9c2973f962c4f09fd", "essentia": "2.1-beta2", "extractor": "music 1.0", "essentia_git_sha": "v2.1_beta2-1-ge3940c0"}, "tags": {"title": ["Wishing on a Star"], "barcode": ["3 596971 063122"], "media": ["CD"], "albumartist": ["Beyonc\u00e9"], "language": ["eng"], "musicbrainz_recordingid": ["1111dcb6-f417-4f80-ae31-d0a7ac5d382a"], "musicbrainz_albumartistid": ["859d0860-d480-4efd-970c-c05d5f1776b8"], "discnumber": ["01/01"], "album": ["Speak My Mind (Compilation)"], "catalognumber": ["PG-0499"], "musicbrainz album release country": ["US"], "musicbrainz album type": ["Album", "Compilation"], "musicbrainz album status": ["Official"], "file_name": "01 - 16 - Wishing on a Star.mp3", "acoustid_fingerprint": ["AQADtGLySIqSoDqPMM_xL4O-E0-GXIw0tF1wn7iWD85D_BSOE0-YGuGbQzdiB2OSLriOxnzgUExRxRH2I8wOrT_y4x2FV0ePH_mKZOnG4ZI2HWew40cTosdv9Mh5GDh-HMePDzCDH5dwGHhwByclmDnqHO2yDKlCNGdG_MQTpcV59EhjNGoqqI-S4KlxJcdfNDva5-AkO4N-ITTR_OAd4UG1KA-8hcGPPcGTPMSP88EnHiGzLMa14wP848_x409y4SKLC19oIvxQc3iS47zxBTf6ImdI-Au0jsevIM-LJzIqOujS4seXLU2E8mjSlHh4_AlxGWX0oGtYBcd__HDMIBfxxIT-4BmPXM6Eaw6atujl4g9-eNKPOIn0DK5k4ngzQk8jaHmKMjuuK3hK2CGLPMuJ-7ikVOij41OG6ugJpwmLzjvyH5r0I30nEY8OX8mNHleWYRQvxLugX2AsNA_O-MiWZsePKcdz_DhzlEnCJ3B1SkAsBmp0NHs09JkjIk8e1Dz6BPkBVaQThI1KOGGp4hcuPMZ55PgOscaP34KNR4R_HY6Zo9MSGQ8PjRPRhFpw_NkRKTqu4xFTwpsiIRe2oy-h7_iOLzd-oYcYCt-D5-h1oe4INwmhnQ32o8kponNcfIkjQteeg3kDP0d4BdeHJwmloLnAKEF845aFWvhwXIPToYqxZypeKA8FvWguVOfxfEI7t7hkw8e84j6-Hbon1AuJfNhn9HERNjvOpIaUqQhDn8Ud9ETDJI8QkXtxWkJzDtPBF3-KPL7wHc109Mh9tIeyHw_c43gWnIGYu0aPPkHz45SMC-4vPHgiTHp4WPmLdElSo7aBKQ_C5_hs4jVkafpQ67jD492GC3YCrZs1vHnRbYSWE9-HKZcC7VmOJ5IoPPrRbyNSPg9CX7gefIRj4dpxKvJwGU_R_sILH9UFNY3Q4iR-DkXTHppODT-FdsflF8-LcQoJ__iPVxPKHucthAp7HP-FHuHRMDfUJnjGVWj-qQjLXfiFMNY01GKg9yFKRmkQZuLxivgoB9eeIIzeoHYUDw9ULjhe4fQ0PMf1VMMvaErzQfxRyg2eHDq2R8rxF98_5HOa4KVw-QiNJir2pjih7zyq3hCVG6fxdnhR6sKPR4dD9ZDzDV_u4FJ8uJuGa8V3QfNKBY2PZ0uN80HzDBWXCSePJ9METdKPH8qJ37gibDmJWxoqHxOfQ3MOPcdD-Cr-GKtuIVc3_EbcoGGmF31c_CF0XDfe9rjQHToaHteHfPrR9EfJCw-VFNfhainu7MhvoQk_tEoPncJfNL_Q40-P_7jWDte0CcXRHp_CQtMdOGkOaPcwK8dhUsqh46dQ0RxyhWnRo9YQ5pmxJy3uHKcO7ZkImenx4Yf4FNp9fPlw5miq_uiETySew5WJJyueJxE6pg-abN1xBz9hXJnxSkGV-IL4C-aO48ZH-NAWRngo_Lh6_EFfTHmMP9qCKy_-4TW6Hs0x7magCxcuBbpC_MiP6kbz4_rw5HCkHz-H04F15IYuHjFHTZiyw1TKonwe4w_6DOmDyZ9w5zgXTkEf5vjwQzyu44HzGW-gdROaZyg_KJd0NM8SozzC5rBDG72C0Aqm8HhlXNBfVPsh99iJBw6LXsrxHHqMJvw4tNwD_oJ1_McT5aitQmcq-PlQP8iTeHgHJ1aRJx_-DM15fMfxWTiXg8uPL6zwD72Px8cP58Sv4aKCdsfXCm9w7FEO50WtH29SQ_uGd7iO8_h5iCfCP3iOephCmagk0Wie4x9xIlnCb4i2jBc-F7cFHyVzGbfQ77iQcnlwioc_oWSGZz96lfhztBJ-nAxEJ8OLI3qUogm8xEK5ZDGO6NiO99CPp5OH9-gjcTgIPUfz6MXjHVMP_TCT6GiPKQ9jaMf14BMlgVnWOELYfuiPZj2-GeEOh9NEaLSK48dz3CIq8mgS6NHxD1eL90GP5jyeGz8TlKQppFOFnOHx3HB-KJte9MeTiugN1TyCo6GO9_ikaWh-hGwOWdoVNLNQ69GQSygZJSryKxAn6ej448dZJsHvwyMhUxlODT1OfQpaErqOR0ePaPkRpztKHU8P_Wjyo1-EP8KtonIL0SX6B5cFH0PzcBGq8Dibo8f2DCdqvIip7MG08A-cD7V1PLnwodnR6znqLSMa68h54UffFk0XCup1PEyOf2gPnSde2D6hh-i2HJXI4x5yHX0-XOGR5ngc3EqOyz4e8cEPqzmO77j24RJNqPRRUkdeNB_OGbve4asFx1mUIg5eltATFl_0wG2Ci4O-_DDjFk9T_A3uYYuzHHde_FAv6C2eobfhkkevo_pOvIF6I3Qe4T4Of4kRX_hy6FMRPXbx7MGPkkSYPcGvQZ2SY50eBX0Oxxpa3NShanlwI0xiFv3x5MK1rTjhH-eOytqIMNqHTx_0fPi3IMWVI5-JRzn-4-_wo9XhGr_wFFdyoi-uF_mDJtuOcE2U4jw-pmicnEh2PMJf-Dl-XEeY-EFnPfiGo82IKWkO5D36HemknIbW430Q5kSf4NrRtyqcRR3aZUZ2XL2CP5CnzEQTsUdb5H3AyqlwvSilY8pLfIvRjPQQPmqFJlGUQ9OLF74S4p8F-Rcm0Y2QujjyPvANP8F0AGQIcowQoAQQQhlCQUcMEEKAMVAARwgSwlGHAKOWaSIYUcJYlYAVBUpILkEIOIGQUQghwwQDwCAqnBCQMgWYAE4IgNgAygBABUAAMeMEYRwswR1RTECOgGMMCIDIA8ZBw5AiRijjCHRGEEAhIMQwBQAhxAgvGGFCAOAIEB4ZBxwCiEFnnCCQAWCIEAYAJRVxhDLBDGbOCAeIAEqAAIAEzBjOCCQKIEG0QsYJIIBTABChELCEGUAIN5dwRyAQQAElCECGO-EAAAIYogglggAlnBVEAMU4ZUIwAAhRAEiGCAJAIUEEAgJJQABwUCBkkCAAKEWQEAAqABRB1gADBBIECCIIAQIRIAhDAGgUAAAAKSEUMIQQRYlBhAAACAZGcWAYAAQAJRTEBAABgGHMEQUEAkARZggzxAChGBBMAQSIEEoIJJgVQAEjCFAEKCKAQUAahAQBQBijkBDEKQCJAYIBAIRggDlFiFAKBGsIEcABABQCyAjBBAKCAYAUYQYBQYmBQCCiiFXUWmEAQgIAIgATyghBlRbOEAGMYEIhwABgkDEBAUBIIAIAEcIohYSigAIoAEDMMKQIAUQhRIgIBAEiLEDACAQIM0YZAAFAiBDABDAIAmCABEAoioQCwSABAKQIAaAEEAIZBYxQTgGCLDEOoAEAEEoYYAAUBFEEnlIKGWGQYEYIAIyHQkggABJCKKKgacY4JRBByiAgBQHKEKCMAgYIo6AgiggGlABAESQYoIQYQIAmAhBkDCBGISCYIcQoRAhTwgEhhFEACMmQgUAAooRBTAAilEIQAAicMFQwYBAQTBgiCECGWA4IEkIIZQQiChICBQGIGAoEIEAgAwgBAghsEABDMMIAEgAApAxBChGEFEOGGIIIkEQIRQRCiBFCEBAWKCIoMoAACQBgBnBwhKBYKGEIEk8YYAQgBihCASJAKSSIcVAgQAgkAAiBiECIAA"], "date": ["2004"], "genre": ["Rhythm & Blues"], "musicbrainz_releasegroupid": ["d09a4450-53e2-32df-8c8a-a05eaa47139e"], "musicbrainz_artistid": ["859d0860-d480-4efd-970c-c05d5f1776b8"], "originaldate": ["2004-04-26"], "musicbrainz_albumid": ["6769d3e2-f109-44f4-b1d0-9519a64b4dd7"], "originalalbum": ["Live at Wembley"], "tracknumber": ["16/17"], "artistsort": ["Beyonc\u00e9"], "artist": ["Beyonc\u00e9"], "label": ["Arp\u00e8ge Musique "], "albumartistsort": ["Beyonc\u00e9"], "acoustid_id": ["d0f8ece5-5967-4c0e-9055-394f7e62c1c2"], "script": ["Latin"]}}, "rhythm": {"bpm_histogram_first_peak_bpm": {"dmean2": 0, "median": 85, "min": 85, "dvar2": 0, "dvar": 0, "dmean": 0, "max": 85, "var": 0, "mean": 85}, "bpm": 85.2357711792, "bpm_histogram_second_peak_spread": {"dmean2": 0, "median": 0.388888895512, "min": 0.388888895512, "dvar2": 0, "dvar": 0, "dmean": 0, "max": 0.388888895512, "var": 0, "mean": 0.388888895512}, "bpm_histogram_first_peak_weight": {"dmean2": 0, "median": 0.870056509972, "min": 0.870056509972, "dvar2": 0, "dvar": 0, "dmean": 0, "max": 0.870056509972, "var": 0, "mean": 0.870056509972}, "onset_rate": 3.63449907303, "beats_position": [0.615328788757, 1.25387752056, 1.89242625237, 2.54258489609, 3.1811337471, 3.83129239082, 4.49306106567, 5.15482997894, 5.94430828094, 6.68734693527, 7.44199514389, 8.19664382935, 8.96290206909, 9.74077033997, 10.5186395645, 11.2965078354, 12.051156044, 12.7941951752, 13.5372333527, 14.2918815613, 15.0233106613, 15.7547388077, 16.4745578766, 17.1943759918, 17.8329238892, 18.4482536316, 19.0635814667, 19.667301178, 20.2826309204, 20.9327888489, 21.5829467773, 22.2331066132, 22.9413146973, 23.6379127502, 24.3345127106, 25.0311107635, 25.7277088165, 26.4243087769, 27.1209068298, 27.8291149139, 28.5257129669, 29.2339229584, 29.9305210114, 30.6387290955, 31.3353290558, 32.0435371399, 32.7401351929, 33.4483451843, 34.1565513611, 34.8531494141, 35.5613594055, 36.269569397, 36.96616745, 37.6627655029, 38.3709754944, 39.0791816711, 39.7757797241, 40.4723815918, 41.1805877686, 41.88879776, 42.585395813, 43.2936058044, 43.9902038574, 44.6984100342, 45.3950119019, 46.0916099548, 46.7998161316, 47.508026123, 48.204624176, 48.9128341675, 49.6210403442, 50.3176422119, 51.0142402649, 51.7224464417, 52.4306564331, 53.1272544861, 53.8238525391, 54.5436706543, 55.240272522, 55.936870575, 56.6334686279, 57.3416786194, 58.0498847961, 58.7580947876, 59.4663009644, 60.162902832, 60.859500885, 61.556098938, 62.2643089294, 62.9725151062, 63.6691131592, 64.3773193359, 65.0739212036, 65.7821273804, 66.478729248, 67.1869354248, 67.895149231, 68.5917434692, 69.299949646, 70.0081634521, 70.7047576904, 71.4013595581, 72.1095657349, 72.817779541, 73.5143737793, 74.210975647, 74.9191818237, 75.6273880005, 76.3239898682, 77.0205917358, 77.7287979126, 78.4370040894, 79.133605957, 79.8302001953, 80.5384140015, 81.2466201782, 81.9432220459, 82.6514282227, 83.3596343994, 84.0562362671, 84.7528305054, 85.4610443115, 86.1692504883, 86.865852356, 87.5624465942, 88.270652771, 88.9788665771, 89.6754608154, 90.3720626831, 91.0802688599, 91.788482666, 92.4850769043, 93.1932830811, 93.9014968872, 94.5980911255, 95.2946929932, 96.0028991699, 96.7111129761, 97.4077072144, 98.104309082, 98.8009033203, 99.5207214355, 100.217323303, 100.92552948, 101.633743286, 102.330337524, 103.026939392, 103.735145569, 104.443351746, 105.139953613, 105.836547852, 106.544761658, 107.252967834, 107.949569702, 108.657775879, 109.365982056, 110.062583923, 110.759178162, 111.455780029, 112.163986206, 112.872200012, 113.56879425, 114.277008057, 114.985214233, 115.681808472, 116.378410339, 117.086616516, 117.794830322, 118.491424561, 119.188026428, 119.896232605, 120.604438782, 121.301040649, 122.009246826, 122.717460632, 123.414054871, 124.110656738, 124.807250977, 125.515464783, 126.223670959, 126.931877136, 127.640090942, 128.336685181, 129.033279419, 129.741500854, 130.449707031, 131.14630127, 131.842895508, 132.539505005, 133.25932312, 133.955917358, 134.652511597, 135.360717773, 136.068939209, 136.765533447, 137.462127686, 138.170333862, 138.878540039, 139.575149536, 140.283355713, 140.99156189, 141.688156128, 142.384765625, 143.092971802, 143.801177979, 144.497772217, 145.194366455, 145.902587891, 146.610794067, 147.307388306, 148.015594482, 148.723800659, 149.420410156, 150.117004395, 150.825210571, 151.533416748, 152.230026245, 152.926620483, 153.63482666, 154.343032837, 155.039627075, 155.736236572, 156.444442749, 157.152648926, 157.849243164, 158.545852661, 159.254058838, 159.962265015, 160.658859253, 161.36706543, 162.075286865, 162.771881104, 163.468475342, 164.176681519, 164.884887695, 165.581497192, 166.278091431, 166.986297607, 167.694503784, 168.391113281, 169.099319458, 169.807525635, 170.515731812, 171.223937988, 171.920547485, 172.617141724, 173.313735962, 174.0103302, 174.718551636, 175.426757813, 176.123352051, 176.819946289, 177.528152466, 178.236373901, 178.93296814, 179.629562378, 180.337768555, 181.04598999, 181.742584229, 182.439178467, 183.147384644, 183.85559082, 184.563812256, 185.272018433, 185.968612671, 186.665206909, 187.361816406, 188.070022583, 188.77822876, 189.474822998, 190.183029175, 190.89125061, 191.587844849, 192.284439087, 192.992645264, 193.70085144, 194.397460938, 195.094055176, 195.802261353, 196.510467529, 197.207077026, 197.903671265, 198.611877441, 199.320083618, 200.016693115, 200.713287354, 201.42149353, 202.129699707, 202.826293945, 203.534515381, 204.242721558, 204.939315796, 205.635910034, 206.344116211, 207.052337646, 207.748931885, 208.457138062, 209.165344238, 209.861953735, 210.558547974, 211.26675415, 211.974960327, 212.671554565, 213.368164063, 214.064758301, 214.784576416, 215.481170654, 216.177780151, 216.885986328, 217.594192505, 218.290786743, 218.987380981, 219.695602417, 220.403808594, 221.100402832, 221.808609009, 222.516815186, 223.213424683, 223.921630859, 224.629837036, 225.326431274, 226.023040771, 226.71963501, 227.427841187, 228.136047363, 228.832641602, 229.540863037, 230.249069214, 230.945663452, 231.64225769, 232.350479126, 233.058685303, 233.755279541, 234.451873779, 235.148483276, 235.868301392, 236.56489563, 237.261489868, 237.969696045, 238.677902222, 239.374511719, 240.071105957, 240.779312134, 241.487518311, 242.195739746, 242.811065674, 243.426391602, 244.030105591, 244.633834839, 245.249160767, 245.864486694, 246.479812622, 247.106750488, 247.745300293, 248.383850098], "beats_loudness": {"dmean2": 0.434475898743, "median": 0.0973290577531, "min": 0, "dvar2": 0.0518047511578, "dvar": 0.0150693245232, "dmean": 0.217312887311, "max": 0.571772992611, "var": 0.0219133123755, "mean": 0.169213294983}, "danceability": 1.53428161144, "bpm_histogram_second_peak_weight": {"dmean2": 0, "median": 0.0310734473169, "min": 0.0310734473169, "dvar2": 0, "dvar": 0, "dmean": 0, "max": 0.0310734473169, "var": 0, "mean": 0.0310734473169}, "beats_count": 355, "bpm_histogram_second_peak_bpm": {"dmean2": 0, "median": 98, "min": 98, "dvar2": 0, "dvar": 0, "dmean": 0, "max": 98, "var": 0, "mean": 98}, "bpm_histogram_first_peak_spread": {"dmean2": 0, "median": 0.037499986589, "min": 0.037499986589, "dvar2": 0, "dvar": 0, "dmean": 0, "max": 0.037499986589, "var": 0, "mean": 0.037499986589}, "beats_loudness_band_ratio": {"dmean2": [1.32932949066, 0.13739541173, 0.184710264206, 0.347440868616, 0.209696695209, 0.616973280907], "median": [0.415062040091, 0.0221442822367, 0.042578779161, 0.0763522014022, 0.0112015213817, 0.0336594991386], "min": [0, 0, 0, 0, 0, 0], "dvar2": [0.274036198854, 0.029462153092, 0.0247928034514, 0.0333777107298, 0.010196604766, 0.0827905982733], "dvar": [0.0832264050841, 0.0110690463334, 0.00899786222726, 0.0107474755496, 0.00314980512485, 0.0280725564808], "dmean": [0.665790259838, 0.0739857256413, 0.0976757109165, 0.177237793803, 0.104775495827, 0.309757351875], "max": [0.998592793941, 0.914356827736, 0.855080842972, 0.733587861061, 0.20836250484, 0.937338232994], "var": [0.169436633587, 0.0189542938024, 0.0196616146713, 0.0171184744686, 0.00425719982013, 0.0394900999963], "mean": [0.513117551804, 0.0732326805592, 0.0873417332768, 0.117298737168, 0.0555354319513, 0.167799964547]}}, "lowlevel": {"barkbands_spread": {"dmean2": 17.3528575897, "median": 19.9376831055, "min": 0.0998266935349, "dvar2": 605.761779785, "dvar": 271.549987793, "dmean": 11.2667102814, "max": 138.207275391, "var": 607.29864502, "mean": 27.1205253601}, "melbands_spread": {"dmean2": 16.154794693, "median": 15.0360536575, "min": 0.122107177973, "dvar2": 1018.44140625, "dvar": 473.825195313, "dmean": 10.6163377762, "max": 315.44708252, "var": 1190.76708984, "mean": 25.2775268555}, "hfc": {"dmean2": 32.5621070862, "median": 15.1778049469, "min": 1.05326105154e-16, "dvar2": 5006.0546875, "dvar": 2455.69677734, "dmean": 22.128326416, "max": 1068.04309082, "var": 4189.47412109, "mean": 35.532535553}, "barkbands_kurtosis": {"dmean2": 26.4526329041, "median": 4.07011604309, "min": -1.9847548008, "dvar2": 7145.94140625, "dvar": 2951.09277344, "dmean": 16.8148880005, "max": 1272.73400879, "var": 3698.66650391, "mean": 20.3760318756}, "gfcc": {"mean": [-30.2252693176, 56.9629592896, -69.3828659058, 15.6108026505, -57.6081008911, 20.5943489075, -36.1623497009, 25.4679527283, -33.9973220825, 11.7617340088, -8.76444530487, 2.6765499115, -7.25348949432], "icov": [[0.00011660916789, -0.000119994016131, 0.000162106603966, -0.000224068469834, 0.000233861428569, -0.000498748559039, 0.000296012731269, -0.000466431927634, 0.000352334871422, -0.000241290603299, 0.00036677942262, -0.000299236504361, 0.000233006692724], [-0.000119994016131, 0.000965670857113, -0.000195465559955, 0.000505888601765, -0.000796937500127, 0.000721288961358, -0.000445363781182, 0.000556645041797, -0.000454193068435, 0.000851215329021, -0.00138669135049, 0.00143636693247, -0.000738223956432], [0.000162106603966, -0.000195465559955, 0.00127035251353, -0.000675605493598, 0.000100052966445, -0.00140455272049, 0.000815183040686, -0.000416084425524, 1.03498841781e-05, 3.99922537326e-05, 0.000130533371703, -0.000748211925384, 0.000927036337089], [-0.000224068469834, 0.000505888601765, -0.000675605493598, 0.00209878617898, -0.00111742946319, 0.00132006697822, -0.000914950098377, 0.000235754298046, -0.000841139175463, 0.00031942295027, -2.02680203074e-05, 0.000661483150907, -0.0012121417094], [0.000233861428569, -0.000796937500127, 0.000100052966445, -0.00111742946319, 0.00372571754269, -0.00198000203818, -5.18978304171e-05, -0.00124306033831, -0.000384378945455, 0.000244802708039, 0.00112942198757, -0.000338431535056, 9.62840131251e-05], [-0.000498748559039, 0.000721288961358, -0.00140455272049, 0.00132006697822, -0.00198000203818, 0.00658015161753, -0.00307854101993, 0.00222251820378, -0.000598097976763, -0.000161951596965, -0.000604835979175, 0.00094614434056, -1.10757773655e-05], [0.000296012731269, -0.000445363781182, 0.000815183040686, -0.000914950098377, -5.18978304171e-05, -0.00307854101993, 0.00509320944548, -0.00157704507001, 0.000997873488814, -0.000950416782871, -0.000476593500935, 0.00049436109839, 1.72894033312e-05], [-0.000466431927634, 0.000556645041797, -0.000416084425524, 0.000235754298046, -0.00124306033831, 0.00222251820378, -0.00157704507001, 0.00622969260439, -0.00222208816558, 0.00099630409386, -0.00289847445674, 0.00121773662977, -0.00119806523435], [0.000352334871422, -0.000454193068435, 1.03498841781e-05, -0.000841139175463, -0.000384378945455, -0.000598097976763, 0.000997873488814, -0.00222208816558, 0.00736419064924, -0.00192270847037, 0.00182518316433, -0.0025895119179, 0.00140946730971], [-0.000241290603299, 0.000851215329021, 3.99922537326e-05, 0.00031942295027, 0.000244802708039, -0.000161951596965, -0.000950416782871, 0.00099630409386, -0.00192270847037, 0.00969175249338, -0.00578659027815, 0.00319129298441, -0.00170084042475], [0.00036677942262, -0.00138669135049, 0.000130533371703, -2.02680203074e-05, 0.00112942198757, -0.000604835979175, -0.000476593500935, -0.00289847445674, 0.00182518316433, -0.00578659027815, 0.0129915792495, -0.00532050943002, 0.000994396512397], [-0.000299236504361, 0.00143636693247, -0.000748211925384, 0.000661483150907, -0.000338431535056, 0.00094614434056, 0.00049436109839, 0.00121773662977, -0.0025895119179, 0.00319129298441, -0.00532050943002, 0.0116885779426, -0.00293043558486], [0.000233006692724, -0.000738223956432, 0.000927036337089, -0.0012121417094, 9.62840131251e-05, -1.10757773655e-05, 1.72894033312e-05, -0.00119806523435, 0.00140946730971, -0.00170084042475, 0.000994396512397, -0.00293043558486, 0.00857323501259]], "cov": [[22558.6054688, -303.266601563, -1082.70324707, 904.249572754, -508.659667969, 743.92755127, -164.587234497, 857.810424805, -536.547851563, 233.933303833, -187.477478027, 44.8811035156, -95.7105407715], [-303.266601563, 1918.50769043, -30.117193222, -115.917129517, 373.126831055, 15.690290451, 212.968765259, 41.4476242065, 16.8285579681, -26.407371521, 113.117698669, -158.656982422, 86.1441192627], [-1082.70324707, -30.117193222, 1485.72900391, 361.133331299, 300.570495605, 257.541992188, -3.17224788666, -0.94609028101, 153.286254883, -64.2276763916, -21.327249527, 54.7849845886, -102.673477173], [904.249572754, -115.917129517, 361.133331299, 959.132446289, 310.904998779, 60.3176994324, 114.372802734, 169.25, 115.049461365, -7.55251455307, -41.3492240906, 14.4969911575, 71.3471221924], [-508.659667969, 373.126831055, 300.570495605, 310.904998779, 602.626220703, 172.419845581, 185.51701355, 93.5511932373, 107.567184448, -28.0696487427, -10.0905694962, -37.2180747986, 28.7601127625], [743.92755127, 15.690290451, 257.541992188, 60.3176994324, 172.419845581, 384.942047119, 169.231689453, -3.06928300858, -3.16776132584, 29.2037239075, -7.02269172668, -25.1866321564, -41.8773002625], [-164.587234497, 212.968765259, -3.17224788666, 114.372802734, 185.51701355, 169.231689453, 391.761474609, 72.3475875854, 3.55566310883, 56.6242828369, 50.3709869385, -52.8319206238, 33.5286827087], [857.810424805, 41.4476242065, -0.94609028101, 169.25, 93.5511932373, -3.06928300858, 72.3475875854, 296.007995605, 57.669708252, 29.2389183044, 48.0671234131, 12.8885164261, 39.6019744873], [-536.547851563, 16.8285579681, 153.286254883, 115.049461365, 107.567184448, -3.16776132584, 3.55566310883, 57.669708252, 209.285186768, 6.83357572556, 5.7487616539, 31.7502098083, -0.302931547165], [233.933303833, -26.407371521, -64.2276763916, -7.55251455307, -28.0696487427, 29.2037239075, 56.6242828369, 29.2389183044, 6.83357572556, 166.401321411, 71.4168167114, -8.9312505722, 22.1226482391], [-187.477478027, 113.117698669, -21.327249527, -41.3492240906, -10.0905694962, -7.02269172668, 50.3709869385, 48.0671234131, 5.7487616539, 71.4168167114, 149.615264893, 31.4687328339, 24.641374588], [44.8811035156, -158.656982422, 54.7849845886, 14.4969911575, -37.2180747986, -25.1866321564, -52.8319206238, 12.8885164261, 31.7502098083, -8.9312505722, 31.4687328339, 139.712905884, 20.651222229], [-95.7105407715, 86.1441192627, -102.673477173, 71.3471221924, 28.7601127625, -41.8773002625, 33.5286827087, 39.6019744873, -0.302931547165, 22.1226482391, 24.641374588, 20.651222229, 161.579696655]]}, "spectral_energyband_middle_low": {"dmean2": 0.00565846031532, "median": 0.00500222109258, "min": 1.63395004872e-22, "dvar2": 9.07971843844e-05, "dvar": 3.43744650309e-05, "dmean": 0.00356880552135, "max": 0.0869850665331, "var": 7.12393812137e-05, "mean": 0.00773927336559}, "melbands_crest": {"dmean2": 5.44273996353, "median": 15.9398612976, "min": 1.3481413126, "dvar2": 27.2072963715, "dvar": 12.5863103867, "dmean": 3.48853158951, "max": 36.7159690857, "var": 61.9222755432, "mean": 17.5421733856}, "spectral_kurtosis": {"dmean2": 2.17872524261, "median": 2.89914083481, "min": -1.58566081524, "dvar2": 26.4268512726, "dvar": 9.86803436279, "dmean": 1.36990499496, "max": 148.748001099, "var": 64.6391601563, "mean": 3.85396742821}, "spectral_rms": {"dmean2": 0.0018078093417, "median": 0.00433742534369, "min": 3.13555930352e-12, "dvar2": 6.90716979079e-06, "dvar": 4.62702655568e-06, "dmean": 0.00141039118171, "max": 0.0230110120028, "var": 1.93601026695e-05, "mean": 0.00564774079248}, "zerocrossingrate": {"dmean2": 0.0266008656472, "median": 0.0673828125, "min": 0.001953125, "dvar2": 0.000976172741503, "dvar": 0.0008566036704, "dmean": 0.0231213793159, "max": 0.55224609375, "var": 0.00734128244221, "mean": 0.0922162532806}, "silence_rate_60dB": {"dmean2": 0.0540339127183, "median": 0, "min": 0, "dvar2": 0.0582010596991, "dvar": 0.0262869428843, "dmean": 0.0270144380629, "max": 1, "var": 0.103080399334, "mean": 0.116710133851}, "erbbands_kurtosis": {"dmean2": 3.85686397552, "median": 0.817009925842, "min": -1.92205941677, "dvar2": 37.9066810608, "dvar": 18.2547912598, "dmean": 2.50439476967, "max": 90.0747833252, "var": 46.1113319397, "mean": 3.10657334328}, "erbbands": {"dmean2": [0.634510457516, 8.09301662445, 9.98192882538, 4.81181526184, 6.49741840363, 5.08519029617, 4.99439382553, 12.5244321823, 14.7526626587, 13.3374605179, 13.3631839752, 22.6919574738, 37.9019012451, 43.4345588684, 67.7851028442, 41.6633644104, 19.289150238, 13.3649024963, 18.8762397766, 24.2636394501, 20.9100952148, 14.6099529266, 19.0259418488, 14.5589952469, 12.0463638306, 14.4768829346, 9.60612392426, 9.22078037262, 8.90472698212, 9.59851646423, 9.8568315506, 9.97120189667, 10.7569971085, 9.80296421051, 6.91430187225, 4.4761724472, 0.936724960804, 0.131350591779, 0.00512154772878, 0.000154375797138], "median": [0.0494652353227, 0.424885839224, 1.22980356216, 1.08520579338, 1.27920007706, 1.29431033134, 2.21812295914, 5.55546569824, 5.25406169891, 3.94182920456, 3.04710936546, 3.39180755615, 6.06145524979, 5.52183294296, 4.09401082993, 2.93533325195, 2.22595882416, 2.42498636246, 1.67097449303, 1.54632735252, 1.15529227257, 0.96285790205, 1.11250782013, 2.5621380806, 2.65526986122, 2.23487234116, 1.39073443413, 0.730758309364, 0.349727988243, 0.426651030779, 0.747314453125, 1.13895177841, 1.20305263996, 1.30379581451, 0.882518112659, 0.344697773457, 0.0668285936117, 0.00923672877252, 0.000485533440951, 5.51324010303e-05], "min": [9.26840250609e-23, 6.55717592727e-22, 1.53025808188e-21, 5.71848900217e-21, 4.24846990411e-21, 1.06772287676e-20, 2.66264850913e-20, 4.66285427147e-20, 7.80907224358e-20, 2.08050942555e-19, 2.46084138434e-19, 2.07773927523e-19, 4.54773767819e-19, 7.0257107485e-19, 9.07792465174e-19, 1.12517501316e-18, 1.76529793257e-18, 1.73110476759e-18, 2.40192549691e-18, 2.28655634213e-18, 3.95836570148e-18, 5.08714587795e-18, 4.43700052805e-18, 6.90009168855e-18, 7.9382720133e-18, 8.246912125e-18, 8.67176697685e-18, 1.09082706201e-17, 1.10249626435e-17, 1.17351021624e-17, 1.05516432795e-17, 1.09816771092e-17, 1.03111678134e-17, 8.28559853506e-18, 6.66627916225e-18, 4.0829788064e-18, 2.31114366545e-18, 8.92007274147e-19, 2.44746070395e-19, 2.75332786067e-20], "dvar2": [1.93985962868, 556.443359375, 914.843688965, 208.121826172, 274.232879639, 287.117370605, 197.877288818, 783.265319824, 1572.578125, 1117.70129395, 1395.29650879, 3997.59301758, 8544.71777344, 14774.9892578, 47510.8398438, 22724.6191406, 3694.66748047, 1212.77514648, 4776.53759766, 9014.42480469, 9136.59765625, 2903.67480469, 5930.59228516, 1387.28942871, 802.286743164, 1678.17553711, 663.86340332, 1125.74072266, 1193.73583984, 920.968322754, 755.916687012, 835.208984375, 2316.54174805, 1270.20825195, 359.710205078, 131.154190063, 4.17622661591, 0.0791027024388, 0.000148302628077, 9.28457524196e-08], "dvar": [1.51428854465, 259.233642578, 416.982147217, 76.4807434082, 100.23840332, 111.824409485, 81.161605835, 354.431671143, 687.117675781, 490.272094727, 530.713256836, 1717.04443359, 3761.18945313, 6545.38916016, 20605.4316406, 8607.82421875, 1401.84423828, 473.91583252, 1877.69372559, 3420.01855469, 3397.53564453, 1169.7869873, 2593.40380859, 606.878173828, 370.05178833, 716.662353516, 325.498535156, 522.669677734, 575.599365234, 483.318756104, 385.697265625, 424.00201416, 938.078186035, 542.34564209, 162.118103027, 52.8160705566, 1.84613764286, 0.0339592806995, 6.94819536875e-05, 4.566729217e-08], "dmean": [0.542999207973, 5.35643577576, 6.37484407425, 2.90868258476, 3.85284805298, 3.14189720154, 3.26411318779, 8.25578975677, 9.70177459717, 8.70318222046, 8.13595104218, 14.6479225159, 24.776266098, 28.4398193359, 44.2910385132, 24.6464958191, 11.4581279755, 8.30973625183, 11.3336715698, 14.5530653, 12.3755750656, 9.21920204163, 12.532292366, 9.58244132996, 7.95994710922, 9.63469409943, 6.57338953018, 6.10357999802, 5.87402534485, 6.42231321335, 6.51486682892, 6.54530954361, 6.9862947464, 6.24281358719, 4.45714139938, 2.7455291748, 0.589923560619, 0.0818168073893, 0.00327862473205, 0.000104747188743], "max": [17.2887592316, 121.141410828, 184.612380981, 117.286888123, 125.069061279, 502.199798584, 331.14239502, 537.552062988, 670.62713623, 761.965454102, 492.701019287, 1238.96740723, 1373.04626465, 2072.85766602, 2486.15722656, 1329.42541504, 463.370178223, 641.291870117, 1250.74023438, 879.20324707, 1146.01660156, 399.528198242, 543.376220703, 585.054199219, 420.358154297, 1136.57849121, 574.00604248, 988.220458984, 860.334594727, 797.147460938, 714.319458008, 530.889404297, 1641.64807129, 790.114257813, 272.693969727, 179.147872925, 35.2458190918, 4.21704769135, 0.371368557215, 0.00680545251817], "var": [5.88798189163, 304.837463379, 419.561279297, 67.2266616821, 101.076194763, 220.587860107, 202.516464233, 1220.23095703, 1620.85119629, 1730.88342285, 697.602172852, 3825.60546875, 9773.73242188, 19698.6679688, 46857.2226563, 9293.05859375, 1537.86499023, 785.121826172, 1922.45507813, 2675.77294922, 2466.33227539, 1192.4909668, 2796.13085938, 952.627441406, 767.198547363, 1519.37304688, 812.704711914, 947.073303223, 1181.76745605, 1156.49914551, 784.199035645, 788.571166992, 1031.02087402, 793.774047852, 240.730422974, 59.4341468811, 2.57118582726, 0.0434908978641, 0.000112312882266, 8.26409305432e-08], "mean": [1.09717857838, 5.87200069427, 6.94477844238, 3.9608039856, 4.93102359772, 4.74716329575, 6.277551651, 16.4031600952, 17.9431743622, 16.1977748871, 11.7909126282, 23.1257190704, 39.7429885864, 47.9450683594, 65.2979660034, 26.6757221222, 13.3591346741, 11.433382988, 12.0212917328, 14.0233240128, 11.630988121, 10.2968349457, 14.4842538834, 14.1383152008, 13.414806366, 15.2128658295, 10.885594368, 7.38952112198, 6.94007301331, 7.7917470932, 7.88937568665, 8.53663158417, 8.34989929199, 7.62749433517, 5.00228023529, 2.7214782238, 0.607609808445, 0.0809221193194, 0.00378752010874, 0.0001617828093]}, "spectral_strongpeak": {"dmean2": 1.05680429935, "median": 0.564109444618, "min": 0, "dvar2": 6.58464765549, "dvar": 2.53211975098, "dmean": 0.635212659836, "max": 36.0094184875, "var": 3.38452196121, "mean": 1.13834428787}, "spectral_energy": {"dmean2": 0.037233505398, "median": 0.019283592701, "min": 1.00775260547e-20, "dvar2": 0.00586182856932, "dvar": 0.00325551605783, "dmean": 0.0273775104433, "max": 0.542744398117, "var": 0.00736798113212, "mean": 0.0525385849178}, "average_loudness": 0.801483631134, "spectral_rolloff": {"dmean2": 2048.79345703, "median": 882.861328125, "min": 64.599609375, "dvar2": 13816557, "dvar": 6308312.5, "dmean": 1201.58776855, "max": 19681.3476563, "var": 13839500, "mean": 2439.59033203}, "spectral_centroid": {"dmean2": 503.867675781, "median": 1042.92224121, "min": 98.5449981689, "dvar2": 516585.90625, "dvar": 279322.125, "dmean": 349.290283203, "max": 11867.0742188, "var": 1930289.625, "mean": 1431.69274902}, "pitch_salience": {"dmean2": 0.119410604239, "median": 0.478714942932, "min": 0.0168018024415, "dvar2": 0.0140651902184, "dvar": 0.00683828722686, "dmean": 0.077651835978, "max": 0.991462171078, "var": 0.0258224848658, "mean": 0.466289073229}, "spectral_energyband_middle_high": {"dmean2": 0.00523046217859, "median": 0.00132637168281, "min": 1.21564571162e-21, "dvar2": 0.000251166435191, "dvar": 0.000100682780612, "dmean": 0.00333218695596, "max": 0.12162771821, "var": 0.000137385984999, "mean": 0.00525549333543}, "spectral_contrast_coeffs": {"dmean2": [0.0755857154727, 0.0799444243312, 0.0739359036088, 0.0540394149721, 0.0403960309923, 0.0283053722233], "median": [-0.688424348831, -0.69255065918, -0.718668580055, -0.771507322788, -0.783780038357, -0.835979640484], "min": [-0.977410972118, -0.982059776783, -0.988483667374, -0.986824989319, -0.981493294239, -0.964472532272], "dvar2": [0.00390286114998, 0.00464565353468, 0.00404424732551, 0.00197750306688, 0.00116716581397, 0.00073123088805], "dvar": [0.00169668265153, 0.00195617391728, 0.00181427458301, 0.000914448231924, 0.000629484362435, 0.000363066006685], "dmean": [0.0470592752099, 0.050314642489, 0.0475515425205, 0.0350487045944, 0.0272554121912, 0.0185331758112], "max": [-0.208168745041, -0.344750702381, -0.332059234381, -0.41307836771, -0.491084545851, -0.633192002773], "var": [0.00876396894455, 0.00934696756303, 0.010798974894, 0.00518312025815, 0.00498283049092, 0.0017868244322], "mean": [-0.675920248032, -0.68828099966, -0.705500245094, -0.76295953989, -0.769662678242, -0.82751339674]}, "melbands_skewness": {"dmean2": 2.11998414993, "median": 2.89356160164, "min": -3.18184757233, "dvar2": 9.63661575317, "dvar": 4.24669075012, "dmean": 1.41688418388, "max": 35.3493270874, "var": 13.0358057022, "mean": 3.84898090363}, "spectral_spread": {"dmean2": 1889950.625, "median": 7334285, "min": 614309.1875, "dvar2": 6000702128130.0, "dvar": 3103958237180.0, "dmean": 1250091.625, "max": 43393216, "var": 20104951627800.0, "mean": 8243977.5}, "dissonance": {"dmean2": 0.0485205613077, "median": 0.449964821339, "min": 0.182179361582, "dvar2": 0.00236618518829, "dvar": 0.000861582229845, "dmean": 0.0294031593949, "max": 0.500000178814, "var": 0.00201302906498, "mean": 0.440433144569}, "spectral_skewness": {"dmean2": 0.383883446455, "median": 1.58728671074, "min": -1.04948461056, "dvar2": 0.222236946225, "dvar": 0.105524875224, "dmean": 0.256249845028, "max": 10.2049751282, "var": 0.643384873867, "mean": 1.61346757412}, "spectral_flux": {"dmean2": 0.0694231316447, "median": 0.0665554180741, "min": 6.40229605442e-11, "dvar2": 0.0103217950091, "dvar": 0.00481190392748, "dmean": 0.0440032184124, "max": 0.562034487724, "var": 0.0102652618662, "mean": 0.099876485765}, "spectral_contrast_valleys": {"dmean2": [0.644214391708, 0.641714930534, 0.687050402164, 0.611211538315, 0.498066812754, 0.52711892128], "median": [-7.26583099365, -7.35944843292, -8.125415802, -8.8357667923, -8.36991882324, -9.80085945129], "min": [-28.117641449, -28.0927352905, -28.0770015717, -27.8119335175, -27.462808609, -27.4143104553], "dvar2": [0.351095497608, 0.382693052292, 0.574374258518, 0.493759095669, 0.356942504644, 0.438775837421], "dvar": [0.183561623096, 0.179002895951, 0.284322232008, 0.269901692867, 0.204690098763, 0.276645839214], "dmean": [0.414302438498, 0.408521652222, 0.452218204737, 0.424009650946, 0.347102403641, 0.385617882013], "max": [-5.02874088287, -4.6738615036, -4.74367666245, -5.17238044739, -5.30177974701, -6.59597349167], "var": [5.81070327759, 4.88852357864, 4.80729866028, 4.58395814896, 4.94157314301, 4.63663339615], "mean": [-7.74415683746, -7.58934259415, -8.29669094086, -8.98410511017, -8.57941436768, -9.97024536133]}, "erbbands_flatness_db": {"dmean2": 0.033577516675, "median": 0.140492126346, "min": 0.0316416434944, "dvar2": 0.00104998308234, "dvar": 0.000527047435753, "dmean": 0.0228798184544, "max": 0.379018694162, "var": 0.00279259681702, "mean": 0.147905141115}, "spectral_energyband_high": {"dmean2": 0.00279227108695, "median": 0.00049144361401, "min": 7.11580021685e-21, "dvar2": 4.02540317737e-05, "dvar": 2.04036368814e-05, "dmean": 0.00184318760876, "max": 0.111666321754, "var": 3.97128787881e-05, "mean": 0.00248844479211}, "spectral_entropy": {"dmean2": 0.381509691477, "median": 7.45088911057, "min": 5.05441427231, "dvar2": 0.177667468786, "dvar": 0.0907628536224, "dmean": 0.264494240284, "max": 9.82297706604, "var": 0.444021314383, "mean": 7.49348640442}, "silence_rate_20dB": {"dmean2": 0.0704304054379, "median": 1, "min": 0, "dvar2": 0.09304022789, "dvar": 0.0339744836092, "dmean": 0.0352119244635, "max": 1, "var": 0.0210518054664, "mean": 0.978483617306}, "melbands_flatness_db": {"dmean2": 0.0517489425838, "median": 0.237767338753, "min": 0.00047856636229, "dvar2": 0.00358929880895, "dvar": 0.00211705570109, "dmean": 0.0369502454996, "max": 0.705139040947, "var": 0.0113303223625, "mean": 0.249413818121}, "barkbands": {"dmean2": [0.00127718597651, 0.0299729220569, 0.00583939766511, 0.00176609179471, 0.00156808947213, 0.00130187277682, 0.00101516942959, 0.000552175508346, 0.00111692375503, 0.00128903437871, 0.00155021902174, 0.00130441586953, 0.000361703452654, 0.000247625284828, 0.000460178154754, 0.000400951277697, 0.000245544069912, 0.000337188714184, 0.000277542509139, 0.000295764446491, 0.000238879423705, 0.000269273354206, 0.000334148178808, 0.000568700081203, 0.000898371799849, 0.000706286693458, 2.90783900709e-05], "median": [4.29392312071e-05, 0.00183463026769, 0.000866777671035, 0.000239262590185, 0.000430237036198, 0.00062363076