{"tonal": {"thpcp": [1, 0.605589866638, 0.231589004397, 0.196665421128, 0.25764966011, 0.436916798353, 0.478429675102, 0.324337631464, 0.23302872479, 0.18918377161, 0.207041949034, 0.343346148729, 0.38277131319, 0.4549472332, 0.750390946865, 0.721552550793, 0.343326568604, 0.16325892508, 0.172905415297, 0.266084372997, 0.449139267206, 0.484436362982, 0.303150475025, 0.198617711663, 0.209280133247, 0.235396459699, 0.380677431822, 0.456976443529, 0.369937300682, 0.493970602751, 0.540796041489, 0.295488744974, 0.18283097446, 0.216867879033, 0.287280648947, 0.696588516235], "hpcp": {"dmean2": [0.206619158387, 0.175110548735, 0.135637626052, 0.140378639102, 0.152643933892, 0.173849821091, 0.211314409971, 0.21126665175, 0.1929217875, 0.19278781116, 0.157185062766, 0.127234965563, 0.140224039555, 0.191146567464, 0.273922026157, 0.266299962997, 0.251509934664, 0.161673396826, 0.156245693564, 0.172876253724, 0.213379055262, 0.215841010213, 0.178120851517, 0.153067067266, 0.127956211567, 0.139266863465, 0.177237182856, 0.196816280484, 0.235472619534, 0.263083726168, 0.271374970675, 0.194028645754, 0.119198441505, 0.127353265882, 0.177695304155, 0.20249864459], "median": [0.0526460632682, 0.0323862433434, 0.0185579247773, 0.0184627063572, 0.0256286226213, 0.0503927916288, 0.0642751008272, 0.0617427527905, 0.0421791374683, 0.0379447191954, 0.0280672833323, 0.0115269292146, 0.0124823227525, 0.0355350151658, 0.140667408705, 0.191205084324, 0.106933407485, 0.0238477960229, 0.0141643071547, 0.0174256674945, 0.0334684923291, 0.0405105128884, 0.03138198331, 0.0133172404021, 0.00902136508375, 0.0134851932526, 0.0291362628341, 0.041894979775, 0.0659273117781, 0.125985845923, 0.133743107319, 0.0497348830104, 0.011973336339, 0.0116256996989, 0.0234457701445, 0.0483450219035], "min": [0, 0, 0, 0, 0, 0, 0, 0, 0, 0, 0, 0, 0, 0, 0, 0, 0, 0, 0, 0, 0, 2.35860898101e-05, 3.31516130245e-05, 3.1489009416e-05, 3.35037366312e-05, 0, 0, 0, 0, 0, 0, 0, 0, 0, 0, 0], "dvar2": [0.0914881303906, 0.0815082490444, 0.0672807171941, 0.0678940415382, 0.0672277286649, 0.0672685578465, 0.0892455875874, 0.0848857909441, 0.0794252678752, 0.0804878473282, 0.0610457621515, 0.0640637502074, 0.0696725621819, 0.0824590399861, 0.0992389321327, 0.103055737913, 0.0977099984884, 0.0781188681722, 0.0879755169153, 0.0950507819653, 0.119052410126, 0.103341765702, 0.0861383378506, 0.0969105288386, 0.0640756264329, 0.0695114955306, 0.0876170471311, 0.0842668637633, 0.0992749854922, 0.104254096746, 0.104436777532, 0.08497646451, 0.0585580170155, 0.0686491206288, 0.091041341424, 0.0897656232119], "dvar": [0.0369780957699, 0.0311569944024, 0.024565121159, 0.0257553663105, 0.0245028324425, 0.0266258511692, 0.0356099456549, 0.0319037511945, 0.0319375433028, 0.0345161743462, 0.0233485475183, 0.0235660634935, 0.0269399415702, 0.0312146637589, 0.0386864542961, 0.0472639203072, 0.0383522622287, 0.0296925455332, 0.0326978079975, 0.0345189273357, 0.0441614501178, 0.0421289429069, 0.0330779328942, 0.0353347212076, 0.024283926934, 0.0254473239183, 0.0347419418395, 0.0338696874678, 0.0372790060937, 0.0432770065963, 0.0433246903121, 0.0313194394112, 0.0214391145855, 0.0243173260242, 0.0333159640431, 0.0350847840309], "dmean": [0.123478874564, 0.101347595453, 0.0768180117011, 0.079199410975, 0.0869027152658, 0.102392569184, 0.123785637319, 0.121532924473, 0.114029809833, 0.115110047162, 0.0918541550636, 0.0715230479836, 0.0802048221231, 0.109677620232, 0.160641103983, 0.160415619612, 0.147808119655, 0.092208430171, 0.0870901569724, 0.0986911356449, 0.122885368764, 0.126592382789, 0.104652635753, 0.0862095355988, 0.0723537132144, 0.079110942781, 0.103638455272, 0.115580752492, 0.137084841728, 0.157776042819, 0.161357358098, 0.111746028066, 0.0662441030145, 0.0709005445242, 0.100378572941, 0.118837535381], "max": [1, 1, 1, 1, 1, 1, 1, 1, 1, 1, 1, 1, 1, 1, 1, 1, 1, 1, 1, 1, 1, 1, 1, 1, 1, 1, 1, 1, 1, 1, 1, 1, 1, 1, 1, 1], "var": [0.0721303895116, 0.0376790650189, 0.0246925521642, 0.0277413353324, 0.0261640511453, 0.04794568941, 0.0618500001729, 0.03747946769, 0.0791100561619, 0.0960842818022, 0.0317031294107, 0.0240926705301, 0.0326920263469, 0.032779045403, 0.078213788569, 0.147052690387, 0.0693043768406, 0.0288021434098, 0.0279649309814, 0.0370167568326, 0.0698860362172, 0.077495932579, 0.0440438352525, 0.0388614572585, 0.0268205441535, 0.0263752751052, 0.0539614036679, 0.0517989695072, 0.0525975897908, 0.103846870363, 0.093836992979, 0.0360215716064, 0.0215059537441, 0.0225264392793, 0.0354687981308, 0.065609537065], "mean": [0.18139347434, 0.11351236701, 0.0743708759546, 0.0783633366227, 0.0881423950195, 0.142541736364, 0.171111315489, 0.138520181179, 0.184963494539, 0.202496916056, 0.110643483698, 0.0684596523643, 0.0812045112252, 0.107570029795, 0.260832220316, 0.374442309141, 0.226758465171, 0.0867167189717, 0.0736398547888, 0.096474930644, 0.163600131869, 0.179144307971, 0.121445730329, 0.0872558131814, 0.070838406682, 0.0775252655149, 0.128563329577, 0.143325775862, 0.170351490378, 0.280978113413, 0.27017980814, 0.128555998206, 0.0611310489476, 0.0647431015968, 0.0996332466602, 0.168176740408]}, "tuning_equal_tempered_deviation": 0.0788264423609, "chords_changes_rate": 0.0656008794904, "key_key": "G", "tuning_diatonic_strength": 0.728347957134, "key_scale": "major", "chords_number_rate": 0.0041345092468, "tuning_frequency": 443.316436768, "tuning_nontempered_energy_ratio": 0.744376420975, "chords_histogram": [41.9790534973, 2.67364931107, 10.6394710541, 1.13009917736, 2.92172002792, 1.10253584385, 1.13009917736, 1.15766263008, 3.63836812973, 0.496141135693, 2.2050716877, 0.303197354078, 0.523704528809, 0.275633960962, 0.716648280621, 1.40573322773, 0.496141135693, 4.85115766525, 0.578831315041, 0.937155485153, 0.0551267899573, 4.54796028137, 15.1323041916, 1.10253584385], "key_strength": 0.897153913975, "chords_key": "G", "chords_strength": {"dmean2": 0.00958553049713, "median": 0.574983894825, "min": 0.246889337897, "dvar2": 7.82559654908e-05, "dvar": 7.80321279308e-05, "dmean": 0.010382191278, "max": 0.821357011795, "var": 0.0114658297971, "mean": 0.562311291695}, "chords_scale": "major", "hpcp_entropy": {"dmean2": 1.02504611015, "median": 1.88512063026, "min": 0.0336262471974, "dvar2": 0.679068088531, "dvar": 0.258431047201, "dmean": 0.61410266161, "max": 4.08417034149, "var": 0.566226661205, "mean": 1.86305248737}}, "metadata": {"audio_properties": {"equal_loudness": 0, "codec": "mp3", "downmix": "mix", "sample_rate": 44100, "analysis_sample_rate": 44100, "bit_rate": 160000, "md5_encoded": "95d847fe224c623ba6fa7c3e26e35584", "length": 168.437545776, "replay_gain": -6.50231170654, "lossless": false}, "version": {"essentia_build_sha": "2d9f1f26377add8aeb1075a9c2973f962c4f09fd", "essentia": "2.1-beta2", "extractor": "music 1.0", "essentia_git_sha": "v2.1_beta2-1-ge3940c0"}, "tags": {"title": ["Swinging Doors (remix)"], "language": ["eng"], "acoustid_fingerprint": ["AQADtIkiSk8iBlbx1ciXKEWqHl8OVdoo4cTH41eQZ0aeHPrQuCaepMENJz_iHr_Qw48ohJrFQxeR93B49JjCD_0CKlbQ5wijK0iUL8KTB-v0oWeOJp9EfDju4gpM4mKGnB_2D3x2TE4tWCGDR9B-9PCPVgmL8EVz4mLwI38CPUmSVAhTiTPmB_6C5sS3LHjwI1H2IEx4KbgSMBeakRmeKHhQ8UGj5sUX5NSgR0fq5Xh68Mevo1-YBP03JI-R_XAyPtiXI1aypdA5hOlR_ThDdGzQRDpunDmNxLsS5EHlLEezS8JzoV92-BueINpf9DShD03yC5rMDLuPZtKPHi_x5sKDJ8U_OI2OnKmEP6gdTLnxKzGwS0XyIaeSDFeb4Bf-w5Ou4H5w_viIJhwpRPqhZs4O6rjWHHnQTsePUJB3VJOOpi96E9SHhp1UjCfUPMEPT0kG5WKQ4_lwnFeDq0zQhGIaoQ-Qn2ieH30SJhhFFm_wvhA_PB4uNBbVQfuH_LiOo9nRhzGOCMnSzGAlJkezcMeHZxzqH03jB_ODlD5UHVFP5AfLFr8O7Ye9WREq3YjkV2ju4pHT4EHHo4l1nMkRZvKNdsnxB35xJ6jCIzyDPHqCf9DhZsMPnV8w7vCe43kCcsmh-WgexD524a8wMepwKXRw9fCFfsZ34znxiLiGR8V1PANvJHuEbLlx7jhD7Bz848eXN0IansXD4j_CEw_xJLjSwz_y4Qp2pdCzC1nIGBeeoTku45IOUlw2hCT6YmyERwmDZuhj9PCLvjm-HFUiCWFyIrrCQ3oW5giPPi-uJMcTPRG25MKPR0fuEM0fKCKV4lvyqMjzCY4mAsfRPCw8HnUunAriJ1CUIHye4msk4Dy2CnGWH_pzpBGjpHh2PD08OTy-JQmF58FzwxFbPAnMHOeP6Dn0FufRRMsgjxd2PkL8HGg55Dru44fKB_Rs9ETTHzq-8Miu_GieopeaHG9wcUkwhU6RjDxyJSiVZGtwMdjxd8Q1NFWOx09wZA_UfSPiVBOeBEx6o79Q5sQlWkQfIoeO6oj2IEwX4ocWRTtCKT2uPGj6H712nB1KfkHzHf-YIewHLVuIPDXm5QkqJT-aZ3hmnLhC7MLfI2eU4q6g9fD2GpHkBxeOLnnQ_ODzo8mH8Mqht4ifGuyP5zLoqEfj4vuR8oqQ7Cd-NHVQR9jRxDoaWcdjI89wftBCHaGOH89yfDh-I31ovDlUX8j3o-TRafh49HlgKhbSdYH2SA_yC9eOJx_eZegpJkPUI9ljg_nxPWiaXMf448GLyxvKyCmuHP6DHvdR7ziXHzm0H1F_PHgyVihXovmOF9XReMkRPRa0HH2WDtfRX3iOW0kCH5eOKw-aaU-C_MKPbg7hdCk8scdHoyeqX3DoI7yg_MLHIzturviSPHiPai-aJCXy43sw79g7_I-g_vgn6NEIOTqeC_8SQSeFfKgJL0JILT_yJTZuRLotJFH643mIJkEvPM9x4REDOmki5C_Cv2j-HM_Bi8Sz8DgmSUyP79h6sLxhVPTx5qhi-ESSxzRSSz4uH82N6xmeG0-GNzyapCEq-sQ3hH-RLFdYPDl2gqFy4ZkIZ-SFknxwAedRRwmPKT9-PBmZ4wnjHc9ipKeI3_j04DmHXgiThFmmYdL2BM2sMEa-5IN0I0-O82jimJiaoxFDHvUWVH_gqTOOa4h04hdU5Hg-4cfTCf2IhmOK63jzgKrCHKdx3uAXPMSVY8-DfEiO6gk2RhnqpDiuHt7HJMglI9mcEY2WLOClo4k6MEz14KmDJ8WJm0K-HJWUfBm0JHPwDL_woFfh6oWdoMqMWKmGkkPzpGEE_seuLMfz4MoRJz-0Xwjz40ki4rIjPMuN5iQqZ0J0SMcTTUdEJceZMnjgj0T07YF-5DsqHc1yHQev5Cn8LJqIkTwehId_6NHRNLWgL8f1o7ludIp4KKx45Hrw9qBOfNvx5DjP4NJxIglXGamucLiUNsGnEruO9mgeF-8jBfGgi0O-FJVEHQ2PPHiKW9fw4wcjOsNFBc56QdGPHM2kK0GlJUvxvaiOKRyDK1uwX7j0BI-OfSLOC11zpKEzaD-iU_iD58T14C1mBWU2EX6CXjL-BLkSkoHqIEeTBwz54Dy-Zcb549oRJimmP8gv4UeZMTqabvjx40uCJlojBck2SYj44zwuZuglTmjWD3-MU4jYGGISbUEe5NCP_Ma_4Ffw9MWTScPDY7oR5pGRXC74xkmG08abHE1mTNyOO0cu8dBfRCIaPWOQET9UL3hD4jlx8Xgjwb2B4zWyOVHgSfORX8IRpg_KxRzBHE2uow-8XcKkZS_-48d19Do8iQ_C6x2ScMIPLj5-3EMvVQFDHXkuJM9KPA1rMEfFBy8TIgsfiEt8hC_uDM8PXuj1IF-SHDrCXnik4DtxZsFb_PgDMj-6ZDmSKEceWbjSmPhYGqV-NMf_EX2QKvKDZ9PRH5eQzziuIXRu47oCP9Em3Am0hSfy5XgYwaU-PMGllHiU5bik7HiWCj0aTQySKgpy6XiZ4BGeGN_xo4mTI1x-KE6P63gTSD9RhD9-XD3CXIQuIcyeG7xH9IGf8LglokqX42uO5CEi_7iK_kitQxepxMizLFyCZkd92LmM2mlweBJzPMseJD8R5nBaCRVVvM7hhREeI7qC58elcENztFcA3oceZrhytBfEPIc1Hj8o58CXo7qhHektoi6m52j-4w-epzIu-RvOSkKThwh_vOVw5rgUAEAII8gZyISSgkAHjGMGC8MA0BJS4YBCyAgBjFccKIEIIMwIjIBAgBkJiEAAaOKkUYZ4BahwBAAElAGCCCANEARAZIAjgACFjCDUGMCIARwAAYzwhhnGgaMCQaSIIMIAh4QywgjAnDACAUUcpABBA5QzSDhIHBBGGCOEMAJAwpgwDCHnkKLIMIqAEMA7YwCACgiHBKFGCSGYAQBIBQgySQEACWDEAOA0EoQCTJBSQkiHBHPMAUCMMMALYQhhADSEBCDOKUAoxSIoxohmgBhkDCEELEAIIRR4hAwiQABkCDAOCUEMIUQwAYhAyACGhESCGGEMQkIYYRwVyCmkFACcAEAEEkAAo5EmgBkESAFQAOKIkGQUJSRxAgAADAICIaCUUgQxoAQBhiAkFCVAECEQNIIYIABQiBAkFHXWGKeAUhITJowhDgAkDCAMIUEAUMIRIoiAQiihhACCSYIQUApAI4AwyhgEimACK2QFsgwAACCBhhhlgEGGIEAEIUQhRggCQCMImDHCACEM0UwAx5QgihpEkLCMACaEEAIYgRBgRAhloAEKUAQY0EAQ4AETmAnABCUACZKoQQg4AYBgAAokEDIGASYVMQoJo4g3QCKBmCOEAWKIIdIx4gDjkAoDFBCASUoIAYxJcg1gAgiEEGCGGWMMIoQgpRBRhCohjDaGEyKIAARBgCAiCAAGkFBCMQEQQY4IJiQgRBABBCACMMCAQIw4IRQQRwiJCEKEAQCMUEYSyQgTCDikBDAGCQKAIAIgY4glijGhAWEAAcIQZYpwhJBBChhlBBJAEEEcQIIIQSAlBCCgIFIAIMCQIAoZZghRECEghCBOIAWJE4gA4RxzAgACqRBCQQaOIMpZgJBBmhGghALAUEEAIIgRARACRhmkBCiEIMK0kI4SApAxwBhkAGDGOEUIEQIQgQggBAiBEKGECGEEVUQYJgiCQhlCMAPOIEEEEQQaBwwgxAkAmCIAAGEIgIow"], "date": ["1971"], "genre": ["Country"], "musicbrainz_releasegroupid": ["d0339dd9-4517-425e-ac69-7a09348f7a99"], "musicbrainz album type": ["Other"], "musicbrainz_recordingid": ["1115d25f-2936-451c-a44f-3e92c704b491"], "musicbrainz album release country": ["DE"], "musicbrainz_albumartistid": ["b59ac58d-036e-4bba-8112-c32a34c4575b"], "musicbrainz_albumid": ["189425ec-e6a6-44d6-ad07-53cc44a9f927"], "artist": ["Jerry Lee Lewis"], "bpm": ["110.33"], "album": ["The Killer 1963-1968 (Disc 8)"], "catalognumber": ["BFX 15210 [10]"], "tracknumber": ["01"], "label": ["Bear Family Records"], "acoustid_id": ["ebb0927b-3cf3-4e17-9195-a972723e2254"], "musicbrainz_artistid": ["b59ac58d-036e-4bba-8112-c32a34c4575b"], "file_name": "Jerry Lee Lewis - Swinging Doors (remix).mp3"}}, "rhythm": {"bpm_histogram_first_peak_bpm": {"dmean2": 0, "median": 117, "min": 117, "dvar2": 0, "dvar": 0, "dmean": 0, "max": 117, "var": 0, "mean": 117}, "bpm": 117.948410034, "bpm_histogram_second_peak_spread": {"dmean2": 0, "median": 0.238095223904, "min": 0.238095223904, "dvar2": 0, "dvar": 0, "dmean": 0, "max": 0.238095223904, "var": 0, "mean": 0.238095223904}, "bpm_histogram_first_peak_weight": {"dmean2": 0, "median": 0.522796332836, "min": 0.522796332836, "dvar2": 0, "dvar": 0, "dmean": 0, "max": 0.522796332836, "var": 0, "mean": 0.522796332836}, "onset_rate": 2.85546088219, "beats_position": [0.476009070873, 0.96362811327, 1.46285712719, 1.9620860815, 2.4497051239, 2.94893407822, 3.43655323982, 3.94739222527, 4.446621418, 4.94585037231, 5.44507932663, 5.94430828094, 6.44353723526, 6.93115615845, 7.4303855896, 7.92961454391, 8.42884349823, 8.91646194458, 9.4040813446, 9.8800907135, 10.3677091599, 10.8901586533, 11.4009971619, 11.900226593, 12.3762359619, 12.8638544083, 13.3746938705, 13.873922348, 14.3847618103, 14.8839902878, 15.3948297501, 15.9056682587, 16.4165077209, 16.9273471832, 17.426574707, 17.9258041382, 18.4134235382, 18.9126529694, 19.4118824005, 19.8994998932, 20.3871192932, 20.8979587555, 21.4204082489, 21.942855835, 22.4536952972, 22.9645347595, 23.4869842529, 23.9978218079, 24.5086612701, 25.0078907013, 25.5187301636, 26.0179595947, 26.5287971497, 27.0396366119, 27.5504760742, 28.0613155365, 28.5721530914, 29.0829925537, 29.593832016, 30.1046714783, 30.6155090332, 31.1263484955, 31.6371879578, 32.1364173889, 32.6472549438, 33.1580963135, 33.6689338684, 34.1681632996, 34.6673927307, 35.1782302856, 35.6890678406, 36.1999092102, 36.7107467651, 37.2215881348, 37.7324256897, 38.2432632446, 38.765712738, 39.2997741699, 39.8454399109, 40.3795013428, 40.9019508362, 41.4127883911, 41.9120178223, 42.3996353149, 42.8988647461, 43.3980941772, 43.8973236084, 44.3965530396, 44.8725624084, 45.3485717773, 45.8245811462, 46.3354187012, 46.8462562561, 47.3454856873, 47.8331069946, 48.3207244873, 48.8199539185, 49.3191833496, 49.8300209045, 50.3408622742, 50.8633079529, 51.3857574463, 51.8965988159, 52.4074363708, 52.906665802, 53.4175033569, 53.9283447266, 54.4391822815, 54.9616317749, 55.4840812683, 56.0065307617, 56.5173683167, 57.0282058716, 57.5390472412, 58.0498847961, 58.5607261658, 59.0715637207, 59.5824012756, 60.0932426453, 60.6040802002, 61.1033096313, 61.6025390625, 62.1017684937, 62.6474380493, 63.1931037903, 63.7387733459, 64.2263946533, 64.714012146, 65.2132415771, 65.7124710083, 66.2233123779, 66.7225418091, 67.2333755493, 67.7442169189, 68.2434463501, 68.7542877197, 69.26512146, 69.7759628296, 70.2984085083, 70.8092498779, 71.3316955566, 71.8425369263, 72.3417663574, 72.8409957886, 73.3402252197, 73.8394546509, 74.3502960205, 74.8495254517, 75.3487548828, 75.859588623, 76.3704299927, 76.8812713623, 77.3921051025, 77.9029464722, 78.4137878418, 78.924621582, 79.4354629517, 79.9579086304, 80.4803619385, 80.9912033081, 81.5020370483, 82.012878418, 82.5237197876, 83.0345535278, 83.5453948975, 84.0562362671, 84.5670700073, 85.077911377, 85.5887527466, 86.0995864868, 86.6104278564, 87.1096572876, 87.6088867188, 88.1197280884, 88.6189575195, 89.1181869507, 89.6174163818, 90.116645813, 90.6158676147, 91.1150970459, 91.6259384155, 92.1367797852, 92.6360092163, 93.1468429565, 93.6576843262, 94.1685256958, 94.6909713745, 95.2018127441, 95.7126541138, 96.223487854, 96.7343292236, 97.2451705933, 97.7560043335, 98.2668457031, 98.7776870728, 99.288520813, 99.8109741211, 100.3334198, 100.844261169, 101.366706848, 101.865936279, 102.36516571, 102.87600708, 103.375236511, 103.886077881, 104.40852356, 104.930976868, 105.453422546, 105.952651978, 106.451881409, 106.962722778, 107.473556519, 107.984397888, 108.495239258, 109.006072998, 109.505302429, 110.00453186, 110.51537323, 111.0262146, 111.53704834, 112.059501648, 112.570335388, 113.081176758, 113.592018127, 114.102851868, 114.613693237, 115.124534607, 115.635368347, 116.146209717, 116.657051086, 117.167892456, 117.667114258, 118.177955627, 118.688796997, 119.188026428, 119.687255859, 120.1980896, 120.708930969, 121.2081604, 121.71900177, 122.22983551, 122.74067688, 123.25151825, 123.762359619, 124.273193359, 124.784034729, 125.294876099, 125.805709839, 126.316551208, 126.81578064, 127.315010071, 127.814239502, 128.313461304, 128.812698364, 129.311920166, 129.822769165, 130.321990967, 130.832824707, 131.332061768, 131.842895508, 132.365356445, 132.887802124, 133.398635864, 133.909469604, 134.420318604, 134.931152344, 135.453598022, 135.97605896, 136.475280762, 136.974502563, 137.473739624, 137.972961426, 138.483810425, 138.994644165, 139.505477905, 140.016326904, 140.515548706, 141.026397705, 141.537231445, 142.036453247, 142.535690308, 143.058135986, 143.568969727, 144.091430664, 144.602264404, 145.124710083, 145.635559082, 146.146392822, 146.645614624, 147.156463623, 147.667297363, 148.178131104, 148.700592041, 149.22303772, 149.73387146, 150.256317139, 150.767166138, 151.289611816, 151.788833618, 152.299682617, 152.810516357, 153.321365356, 153.820587158, 154.31980896, 154.830657959, 155.341491699, 155.852325439, 156.363174438, 156.874008179, 157.384857178, 157.884078979, 158.383300781, 158.89414978, 159.404983521, 159.904220581, 160.415054321, 160.9375, 161.448348999, 161.959182739, 162.470016479, 162.96925354, 163.48008728, 163.990921021, 164.513381958, 165.047439575, 165.581497192, 166.127166748, 166.672836304, 167.218505859, 167.764175415], "beats_loudness": {"dmean2": 0.0298736393452, "median": 0.0199683234096, "min": 2.26335077969e-06, "dvar2": 0.000798692519311, "dvar": 0.000268322270131, "dmean": 0.0167446453124, "max": 0.122351199389, "var": 0.00031782782753, "mean": 0.0244848690927}, "danceability": 1.10247528553, "bpm_histogram_second_peak_weight": {"dmean2": 0, "median": 0.0486322194338, "min": 0.0486322194338, "dvar2": 0, "dvar": 0, "dmean": 0, "max": 0.0486322194338, "var": 0, "mean": 0.0486322194338}, "beats_count": 330, "bpm_histogram_second_peak_bpm": {"dmean2": 0, "median": 123, "min": 123, "dvar2": 0, "dvar": 0, "dmean": 0, "max": 123, "var": 0, "mean": 123}, "bpm_histogram_first_peak_spread": {"dmean2": 0, "median": 0.418918937445, "min": 0.418918937445, "dvar2": 0, "dvar": 0, "dmean": 0, "max": 0.418918937445, "var": 0, "mean": 0.418918937445}, "beats_loudness_band_ratio": {"dmean2": [0.350098490715, 0.351203858852, 0.318665772676, 0.253458321095, 0.122354030609, 0.0485073328018], "median": [0.195066511631, 0.209356993437, 0.234866693616, 0.0866820141673, 0.040759138763, 0.018118686974], "min": [0.00141193124, 0.00447177281603, 0.00131435052026, 0.000475007138448, 0.000525564013515, 0.000376481708372], "dvar2": [0.0845157504082, 0.0643864125013, 0.0648251771927, 0.0639258101583, 0.0170204211026, 0.00249013933353], "dvar": [0.0285516958684, 0.023356096819, 0.0237191636115, 0.0264015682042, 0.00662422040477, 0.000919484649785], "dmean": [0.194900140166, 0.196415215731, 0.188855245709, 0.148788496852, 0.0701818689704, 0.0268023665994], "max": [0.992318809032, 0.728794515133, 0.880218207836, 0.887874662876, 0.490799814463, 0.212282538414], "var": [0.0461551249027, 0.0340379662812, 0.0392968691885, 0.0346017219126, 0.00844706594944, 0.000952364120167], "mean": [0.248371243477, 0.257744163275, 0.285897403955, 0.172545701265, 0.0730292499065, 0.0270331520587]}}, "lowlevel": {"barkbands_spread": {"dmean2": 4.63619995117, "median": 11.2956991196, "min": 0.678004205227, "dvar2": 31.1746902466, "dvar": 13.6703863144, "dmean": 2.98273253441, "max": 72.1775360107, "var": 65.4095077515, "mean": 13.2976589203}, "melbands_spread": {"dmean2": 6.09808826447, "median": 14.4811935425, "min": 0.675405681133, "dvar2": 47.6595039368, "dvar": 22.4830551147, "dmean": 3.93245124817, "max": 125.539138794, "var": 137.539245605, "mean": 17.4640865326}, "hfc": {"dmean2": 4.62836122513, "median": 7.23818969727, "min": 1.14769602691e-16, "dvar2": 44.5735702515, "dvar": 28.3014068604, "dmean": 3.40070581436, "max": 113.26121521, "var": 245.848312378, "mean": 14.0334205627}, "barkbands_kurtosis": {"dmean2": 6.0048456192, "median": 2.26495528221, "min": -1.86627602577, "dvar2": 1118.69445801, "dvar": 337.891479492, "dmean": 3.48489975929, "max": 597.674560547, "var": 354.982727051, "mean": 4.96773862839}, "gfcc": {"mean": [-61.6806716919, 127.111328125, -134.947402954, 11.9589624405, -56.13879776, -3.97875809669, -37.1944122314, 6.67946481705, -25.6337089539, -2.56645965576, -13.0650625229, -7.13217163086, -10.9281272888], "icov": [[0.000358378107194, -0.000684951432049, 0.000992799876258, -0.000540602661204, 0.000846180249937, -0.000682000652887, 0.000645977561362, -0.000942485290579, 0.000562732748222, -0.000469263351988, 0.000576036225539, -0.000566977774724, 0.000832040968817], [-0.000684951432049, 0.00421378714964, -0.00292551936582, 0.00210280134343, -0.00371471326798, 0.00283592334017, -0.00343546178192, 0.00451097777113, -0.00295011652634, 0.00395194394514, -0.00364213949069, 0.00467672897503, -0.00416965270415], [0.000992799876258, -0.00292551936582, 0.005015198607, -0.00278157740831, 0.00277267070487, -0.00299741351046, 0.00238358112983, -0.00338531215675, 0.00200814544223, -0.00274709798396, 0.00252195401117, -0.00413616932929, 0.00346735026687], [-0.000540602661204, 0.00210280134343, -0.00278157740831, 0.00452075200155, -0.00251793861389, 0.00160876428708, -0.000328092195559, 0.00207933341153, -0.00301845301874, 0.00291084451601, -0.00216333381832, 0.00200561620295, -0.00345145980828], [0.000846180249937, -0.00371471326798, 0.00277267070487, -0.00251793861389, 0.00762376701459, -0.00322513328865, 0.00242840102874, -0.00406148051843, 0.00175164744724, -0.00320698786527, 0.00448105158284, -0.00386122218333, 0.00282297143713], [-0.000682000652887, 0.00283592334017, -0.00299741351046, 0.00160876428708, -0.00322513328865, 0.00968042761087, -0.00482072494924, 0.00312389433384, -0.000156556227012, 6.62947604724e-06, -0.000805419171229, 0.0024564305786, -0.00161220913287], [0.000645977561362, -0.00343546178192, 0.00238358112983, -0.000328092195559, 0.00242840102874, -0.00482072494924, 0.00859665963799, -0.00516083929688, 0.00259447656572, -0.00141999393236, 0.0018544124905, -0.00374504807405, 0.00313732773066], [-0.000942485290579, 0.00451097777113, -0.00338531215675, 0.00207933341153, -0.00406148051843, 0.00312389433384, -0.00516083929688, 0.01479663793, -0.00563862361014, 0.00365353492089, -0.00352611672133, 0.00496584083885, -0.00339088751934], [0.000562732748222, -0.00295011652634, 0.00200814544223, -0.00301845301874, 0.00175164744724, -0.000156556227012, 0.00259447656572, -0.00563862361014, 0.0142057314515, -0.00739284418523, 0.00147116323933, -0.000381353544071, 0.00220403866842], [-0.000469263351988, 0.00395194394514, -0.00274709798396, 0.00291084451601, -0.00320698786527, 6.62947604724e-06, -0.00141999393236, 0.00365353492089, -0.00739284418523, 0.0167932547629, -0.00328008946963, 0.00298549002036, -0.00337768322788], [0.000576036225539, -0.00364213949069, 0.00252195401117, -0.00216333381832, 0.00448105158284, -0.000805419171229, 0.0018544124905, -0.00352611672133, 0.00147116323933, -0.00328008946963, 0.0144091006368, -0.00735942739993, 0.00449413293973], [-0.000566977774724, 0.00467672897503, -0.00413616932929, 0.00200561620295, -0.00386122218333, 0.0024564305786, -0.00374504807405, 0.00496584083885, -0.000381353544071, 0.00298549002036, -0.00735942739993, 0.0198266580701, -0.00670118257403], [0.000832040968817, -0.00416965270415, 0.00346735026687, -0.00345145980828, 0.00282297143713, -0.00161220913287, 0.00313732773066, -0.00339088751934, 0.00220403866842, -0.00337768322788, 0.00449413293973, -0.00670118257403, 0.0164782628417]], "cov": [[7798.56152344, -2.11392140388, -1480.90661621, -251.119750977, -443.971862793, -46.8426933289, -64.0431594849, 89.0318450928, -102.636642456, -125.766654968, -8.2561750412, -203.759231567, -125.967895508], [-2.11392140388, 1178.53210449, 134.38142395, -28.2557373047, 223.281433105, -75.2422561646, 165.967971802, -84.9705276489, 46.4590263367, -111.715698242, 58.6714096069, -69.8075866699, 95.9266433716], [-1480.90661621, 134.38142395, 727.00970459, 236.325042725, 98.4574203491, 57.9309463501, -8.96723175049, -0.437047481537, 39.054889679, 34.0104141235, 7.37539291382, 70.6714019775, 24.1959571838], [-251.119750977, -28.2557373047, 236.325042725, 494.749084473, 77.2477722168, -49.8203277588, -125.612716675, 5.27534723282, 81.9055252075, 2.24230074883, 9.96593952179, 20.6286792755, 61.4989967346], [-443.971862793, 223.281433105, 98.4574203491, 77.2477722168, 292.083129883, 31.4027252197, 25.5098114014, 6.69847869873, 31.4088497162, 7.64896345139, -32.581577301, 1.22465193272, 30.6857967377], [-46.8426933289, -75.2422561646, 57.9309463501, -49.8203277588, 31.4027252197, 191.742355347, 89.6611709595, 8.76106739044, -29.5245876312, 22.3113288879, -22.7048892975, 10.8196802139, -22.0721263885], [-64.0431594849, 165.967971802, -8.96723175049, -125.612716675, 25.5098114014, 89.6611709595, 258.423858643, 26.2651157379, -34.375164032, -18.0267887115, 4.16472148895, 3.69630146027, -17.3179893494], [89.0318450928, -84.9705276489, -0.437047481537, 5.27534723282, 6.69847869873, 8.76106739044, 26.2651157379, 114.700119019, 27.2330570221, 10.8558483124, -1.65104973316, -6.75556087494, -10.2019252777], [-102.636642456, 46.4590263367, 39.054889679, 81.9055252075, 31.4088497162, -29.5245876312, -34.375164032, 27.2330570221, 125.073974609, 36.8618011475, 5.12898159027, -14.2928333282, 13.3707799911], [-125.766654968, -111.715698242, 34.0104141235, 2.24230074883, 7.64896345139, 22.3113288879, -18.0267887115, 10.8558483124, 36.8618011475, 99.0935287476, -1.9496319294, 6.03895425797, -3.69717860222], [-8.2561750412, 58.6714096069, 7.37539291382, 9.96593952179, -32.581577301, -22.7048892975, 4.16472148895, -1.65104973316, 5.12898159027, -1.9496319294, 103.818336487, 22.2677516937, -2.31837415695], [-203.759231567, -69.8075866699, 70.6714019775, 20.6286792755, 1.22465193272, 10.8196802139, 3.69630146027, -6.75556087494, -14.2928333282, 6.03895425797, 22.2677516937, 86.5281829834, 13.0941181183], [-125.967895508, 95.9266433716, 24.1959571838, 61.4989967346, 30.6857967377, -22.0721263885, -17.3179893494, -10.2019252777, 13.3707799911, -3.69717860222, -2.31837415695, 13.0941181183, 96.302192688]]}, "spectral_energyband_middle_low": {"dmean2": 0.00539393723011, "median": 0.0072399796918, "min": 3.34075929064e-22, "dvar2": 6.31751972833e-05, "dvar": 2.9755399737e-05, "dmean": 0.00360534596257, "max": 0.127274855971, "var": 0.000144784760778, "mean": 0.010855814442}, "melbands_crest": {"dmean2": 4.81289148331, "median": 11.6800422668, "min": 1.82113194466, "dvar2": 19.620634079, "dvar": 7.67153358459, "dmean": 2.95922112465, "max": 39.2384300232, "var": 31.8453483582, "mean": 13.041847229}, "spectral_kurtosis": {"dmean2": 5.42863512039, "median": 7.95118188858, "min": -1.23734593391, "dvar2": 31.229434967, "dvar": 10.5565862656, "dmean": 3.13881731033, "max": 48.0225105286, "var": 27.711555481, "mean": 9.03807258606}, "spectral_rms": {"dmean2": 0.00075446208939, "median": 0.00353945256211, "min": 3.20982455025e-12, "dvar2": 6.1049524902e-07, "dvar": 3.41857514741e-07, "dmean": 0.00052036769921, "max": 0.0122240437195, "var": 3.05065486828e-06, "mean": 0.00380410114303}, "zerocrossingrate": {"dmean2": 0.00650121597573, "median": 0.03955078125, "min": 0.00341796875, "dvar2": 8.56601036503e-05, "dvar": 6.64428807795e-05, "dmean": 0.00536584341899, "max": 0.49365234375, "var": 0.000378219439881, "mean": 0.0422523133457}, "silence_rate_60dB": {"dmean2": 0.0402592048049, "median": 0, "min": 0, "dvar2": 0.046356420964, "dvar": 0.0197218768299, "dmean": 0.0201268270612, "max": 1, "var": 0.0634571611881, "mean": 0.0680909752846}, "erbbands_kurtosis": {"dmean2": 1.61637723446, "median": 0.439813107252, "min": -1.81898534298, "dvar2": 5.40618276596, "dvar": 2.20059585571, "dmean": 1.02869033813, "max": 40.1282539368, "var": 7.50172758102, "mean": 1.16700148582}, "erbbands": {"dmean2": [0.00854826625437, 0.203652173281, 1.00318419933, 1.88003361225, 3.42874073982, 5.40760707855, 9.54381370544, 8.70815086365, 13.8225259781, 26.6121883392, 41.9952316284, 36.1642036438, 39.0323600769, 28.7233810425, 22.8116817474, 24.7460212708, 18.408285141, 25.3869171143, 18.5693893433, 10.6113033295, 10.3830118179, 12.2198410034, 3.6387732029, 3.3890004158, 7.64746379852, 4.0365858078, 0.759272754192, 0.379793286324, 0.304339379072, 0.391931682825, 0.278328835964, 0.158410638571, 0.0845261961222, 0.0531017482281, 0.0222407337278, 0.00804033968598, 0.0026108357124, 0.000511889578775, 1.77656056621e-05, 7.87382668932e-06], "median": [0.00414989516139, 0.0948736518621, 0.40273052454, 0.806625127792, 1.99928939342, 3.62703847885, 6.76197433472, 5.74109649658, 6.34394598007, 10.5464267731, 12.3245830536, 8.54102230072, 11.7729082108, 7.26125192642, 6.84377193451, 5.24973917007, 4.76933097839, 6.18994569778, 4.93716478348, 4.25703191757, 3.89121770859, 5.16884422302, 2.44267773628, 2.39051747322, 3.58564972878, 2.17839932442, 0.593490719795, 0.224573150277, 0.164551913738, 0.168407693505, 0.088748909533, 0.0491805039346, 0.0395814329386, 0.0228875093162, 0.00862747617066, 0.00336137204431, 0.00112461182289, 0.000214354251511, 1.38175055326e-05, 1.52778957272e-05], "min": [5.04423108296e-22, 4.30862184818e-21, 1.19204723425e-20, 8.09695953108e-20, 1.16025406273e-19, 8.56373690451e-20, 2.1675734162e-19, 2.25181077559e-19, 5.40835344809e-19, 7.3689395209e-19, 1.48533555233e-18, 1.67356877252e-18, 3.46176782074e-18, 1.86346069664e-18, 2.3435759697e-18, 2.15617385923e-18, 6.31332160846e-18, 6.01092877834e-18, 4.67672077829e-18, 6.2029649614e-18, 8.90773761738e-18, 1.10935731394e-17, 1.10752841761e-17, 1.08363803531e-17, 1.7216503827e-17, 1.73523599708e-17, 1.35946025251e-17, 2.07149484225e-17, 2.25552780473e-17, 1.94054586471e-17, 2.29076619514e-17, 1.56592172099e-17, 1.21422677569e-17, 1.21038733416e-17, 9.83937625204e-18, 5.61711925564e-18, 3.69106435449e-18, 1.42875091836e-18, 3.38617318042e-19, 3.32115665503e-20], "dvar2": [0.000378192315111, 0.199433013797, 6.8141746521, 14.6148147583, 30.7753582001, 67.2119674683, 203.725982666, 324.009216309, 1815.796875, 8035.76025391, 14577.640625, 12204.1689453, 11983.0136719, 5294.68896484, 6222.85839844, 7280.91064453, 3284.65527344, 5488.45703125, 2809.66186523, 960.292236328, 1628.94287109, 795.39666748, 186.29725647, 43.1756820679, 338.148986816, 92.4513320923, 2.28279495239, 0.563700854778, 0.428439319134, 1.0713378191, 1.09230995178, 0.479087024927, 0.194818854332, 0.061400488019, 0.00514667015523, 0.000337329518516, 3.55153097189e-05, 1.58013870077e-06, 2.42027620168e-09, 1.08194037063e-10], "dvar": [0.000160729614436, 0.0718023777008, 2.18746685982, 5.3394536972, 11.7267856598, 24.3293418884, 83.5161743164, 145.845657349, 852.55871582, 3278.70556641, 7215.69238281, 6361.20361328, 5292.46240234, 2451.7277832, 3085.37133789, 3260.15576172, 1771.11071777, 2626.32714844, 1406.59155273, 479.517608643, 892.321105957, 377.678619385, 72.7958984375, 27.4530792236, 189.231063843, 52.9146766663, 1.06129872799, 0.257239699364, 0.235474720597, 0.54789096117, 0.53692138195, 0.225954264402, 0.0903907716274, 0.0311135463417, 0.00261690048501, 0.00016447523376, 1.70328912645e-05, 7.89429805081e-07, 1.1433317626e-09, 5.70117980603e-11], "dmean": [0.00557912606746, 0.122418910265, 0.568988323212, 1.13565897942, 2.05533528328, 3.21896719933, 6.00210571289, 5.65043067932, 8.9516954422, 17.0388393402, 28.2447376251, 24.9276180267, 25.5352668762, 18.7748565674, 15.3818073273, 16.4572238922, 12.8756847382, 16.8662948608, 12.5225429535, 7.19655275345, 7.2298374176, 8.00975894928, 2.47933650017, 2.39726233482, 5.53533887863, 2.77970457077, 0.51202750206, 0.25701752305, 0.21377786994, 0.272048264742, 0.193919181824, 0.109703078866, 0.0578163377941, 0.0364612899721, 0.0154233593494, 0.00553732411936, 0.00180385983549, 0.00034949494875, 1.20442255138e-05, 5.44746944797e-06], "max": [0.243699759245, 5.14416694641, 37.0728263855, 47.064956665, 56.2095222473, 121.536300659, 212.606491089, 334.056976318, 1278.6907959, 1592.56420898, 3197.80200195, 3106.1237793, 1970.54614258, 1509.69299316, 2090.72900391, 1706.97546387, 1185.92553711, 1243.01696777, 1334.17602539, 790.89263916, 1656.91723633, 558.239624023, 430.160552979, 198.323364258, 500.48739624, 557.646362305, 38.5649185181, 9.44404602051, 17.8707180023, 24.9245319366, 34.833946228, 25.6942081451, 13.1397533417, 8.87314891815, 2.33403134346, 0.310117155313, 0.111202806234, 0.0315397158265, 0.00138494186103, 0.000178577916813], "var": [0.000405844417401, 0.140499144793, 2.47482776642, 12.3622865677, 19.4414653778, 45.8786277771, 241.728378296, 496.180938721, 3280.8503418, 9864.06054688, 47667.5429688, 17064.8398438, 14873.3310547, 9471.87011719, 8997.48925781, 17752.6738281, 5756.46630859, 8107.00537109, 4698.08300781, 1742.23510742, 3427.5300293, 1453.8885498, 182.735321045, 143.256744385, 1064.50756836, 363.872741699, 3.77891278267, 0.647208511829, 0.625026643276, 1.4035462141, 1.03398442268, 0.324507772923, 0.12507109344, 0.0488582067192, 0.00488239899278, 0.000362847233191, 3.46263441315e-05, 1.37296137837e-06, 1.81149950595e-09, 3.90423388064e-10], "mean": [0.0113248461857, 0.236347973347, 0.924649178982, 2.08477783203, 3.35925650597, 5.70890665054, 12.2724790573, 11.5640707016, 17.545135498, 32.7387008667, 67.3057174683, 46.8069915771, 49.8045883179, 41.6375999451, 31.9882659912, 40.3241004944, 28.3579540253, 35.3075408936, 25.6721115112, 15.9092216492, 17.8634643555, 18.0604286194, 6.42390632629, 6.443400383, 15.3371896744, 7.38351869583, 1.26104581356, 0.531308472157, 0.445513665676, 0.577269911766, 0.360477000475, 0.194878697395, 0.107619270682, 0.0664393678308, 0.027253549546, 0.0105931470171, 0.00334914540872, 0.000583001179621, 2.56510011241e-05, 2.16234366235e-05]}, "spectral_strongpeak": {"dmean2": 0.931440532207, "median": 0.712077260017, "min": 0, "dvar2": 1.75657987595, "dvar": 0.730687856674, "dmean": 0.575317561626, "max": 11.3633613586, "var": 2.66763997078, "mean": 1.41058433056}, "spectral_energy": {"dmean2": 0.00680850027129, "median": 0.0128409182653, "min": 1.05605478336e-20, "dvar2": 8.22375513962e-05, "dvar": 4.20238502556e-05, "dmean": 0.0046433582902, "max": 0.153162926435, "var": 0.000270888529485, "mean": 0.0179598331451}, "average_loudness": 0.629948019981, "spectral_rolloff": {"dmean2": 351.332458496, "median": 904.39453125, "min": 21.533203125, "dvar2": 387764.5, "dvar": 202866.953125, "dmean": 209.847686768, "max": 18303.2226563, "var": 569868.375, "mean": 1093.7935791}, "spectral_centroid": {"dmean2": 225.832260132, "median": 950.123352051, "min": 253.964477539, "dvar2": 69130.9453125, "dvar": 39442.1523438, "dmean": 151.84602356, "max": 11326.765625, "var": 252437.953125, "mean": 1048.28820801}, "pitch_salience": {"dmean2": 0.110219225287, "median": 0.603010594845, "min": 0.0414943397045, "dvar2": 0.00936271995306, "dvar": 0.00355662708171, "dmean": 0.0674410015345, "max": 0.872901201248, "var": 0.0145811066031, "mean": 0.587614774704}, "spectral_energyband_middle_high": {"dmean2": 0.00220243446529, "median": 0.00191885512322, "min": 1.542595614e-21, "dvar2": 1.45960611917e-05, "dvar": 8.18356147647e-06, "dmean": 0.00156983942725, "max": 0.0782658904791, "var": 6.03852968197e-05, "mean": 0.00552296778187}, "spectral_contrast_coeffs": {"dmean2": [0.0790892317891, 0.0732466802001, 0.0610180832446, 0.0480496399105, 0.0343234427273, 0.0249521005899], "median": [-0.621817350388, -0.706288278103, -0.745336711407, -0.766644120216, -0.75656068325, -0.782236099243], "min": [-0.954129993916, -0.973698437214, -0.962140083313, -0.959547460079, -0.969249665737, -0.960822165012], "dvar2": [0.00393532635644, 0.00347260781564, 0.00226838304661, 0.0014264867641, 0.000815550971311, 0.000425233738497], "dvar": [0.00144621019717, 0.00136298662983, 0.000959813944064, 0.000619660073426, 0.000390685396269, 0.000183566677151], "dmean": [0.0477114468813, 0.0448283702135, 0.0377428345382, 0.0300243571401, 0.0226626582444, 0.0158673375845], "max": [-0.348168760538, -0.354410707951, -0.438630670309, -0.488794207573, -0.551718473434, -0.612688362598], "var": [0.00576994428411, 0.00669453572482, 0.006978393998, 0.00418603094295, 0.00342962681316, 0.00149063463323], "mean": [-0.621787846088, -0.700060963631, -0.731710076332, -0.756415963173, -0.752185702324, -0.780983388424]}, "melbands_skewness": {"dmean2": 0.824101388454, "median": 1.68307304382, "min": -1.31255030632, "dvar2": 1.3591183424, "dvar": 0.533447623253, "dmean": 0.518762350082, "max": 24.8506622314, "var": 2.83010077477, "mean": 1.8367497921}, "spectral_spread": {"dmean2": 463877.84375, "median": 2863004.25, "min": 1293169.75, "dvar2": 398045085696, "dvar": 301867925504, "dmean": 313592.09375, "max": 42262892, "var": 1573604294660.0, "mean": 3128902.75}, "dissonance": {"dmean2": 0.0446170605719, "median": 0.449943870306, "min": 0.234176903963, "dvar2": 0.00167240900919, "dvar": 0.000607138907071, "dmean": 0.0264456886798, "max": 0.499557942152, "var": 0.00142602622509, "mean": 0.442057430744}, "spectral_skewness": {"dmean2": 0.497126251459, "median": 1.99174749851, "min": 0.00619647838175, "dvar2": 0.202932968736, "dvar": 0.0739113017917, "dmean": 0.298478007317, "max": 5.35837459564, "var": 0.342319786549, "mean": 2.06126332283}, "spectral_flux": {"dmean2": 0.0278695374727, "median": 0.053594764322, "min": 1.02764526055e-10, "dvar2": 0.000836389430333, "dvar": 0.000397383701056, "dmean": 0.0180341470987, "max": 0.324052989483, "var": 0.0014937146334, "mean": 0.0627046823502}, "spectral_contrast_valleys": {"dmean2": [0.669773459435, 0.528945147991, 0.472074002028, 0.397553175688, 0.333403646946, 0.345511704683], "median": [-7.78685569763, -6.77770376205, -7.54161071777, -8.08002281189, -8.32516765594, -11.3769922256], "min": [-27.5978507996, -26.7429351807, -27.2237186432, -27.0812320709, -27.089963913, -27.24467659], "dvar2": [0.34177544713, 0.203736931086, 0.16831792891, 0.126934453845, 0.113319657743, 0.140906870365], "dvar": [0.159147500992, 0.0960478261113, 0.0874757319689, 0.0736071169376, 0.0764473006129, 0.0964321196079], "dmean": [0.409096181393, 0.32458499074, 0.292528390884, 0.253444164991, 0.231069758534, 0.261758178473], "max": [-5.84655570984, -4.86342382431, -4.97906827927, -5.79284334183, -6.42734670639, -8.29679012299], "var": [0.939193606377, 0.853603065014, 0.961140394211, 0.860716700554, 0.897184550762, 0.883957564831], "mean": [-7.91355323792, -6.88809394836, -7.61063289642, -8.16127681732, -8.43195819855, -11.4568014145]}, "erbbands_flatness_db": {"dmean2": 0.0241844449192, "median": 0.211077556014, "min": 0.0291405227035, "dvar2": 0.000480063084979, "dvar": 0.000248580618063, "dmean": 0.0163530427963, "max": 0.386633485556, "var": 0.00239496957511, "mean": 0.209604114294}, "spectral_energyband_high": {"dmean2": 5.81482927373e-05, "median": 4.64416261821e-05, "min": 7.95038748862e-21, "dvar2": 2.18152056419e-08, "dvar": 1.22434586913e-08, "dmean": 4.14847236243e-05, "max": 0.00641257874668, "var": 3.48879822809e-08, "mean": 9.87460734905e-05}, "spectral_entropy": {"dmean2": 0.215198919177, "median": 7.04658985138, "min": 5.38431167603, "dvar2": 0.0371628142893, "dvar": 0.0192950218916, "dmean": 0.145109057426, "max": 9.79139041901, "var": 0.16273085773, "mean": 7.0699968338}, "silence_rate_20dB": {"dmean2": 0, "median": 1, "min": 1, "dvar2": 0, "dvar": 0, "dmean": 0, "max": 1, "var": 0, "mean": 1}, "melbands_flatness_db": {"dmean2": 0.0305121615529, "median": 0.228568285704, "min": 0.00362928328104, "dvar2": 0.000874298333656, "dvar": 0.000388576299883, "dmean": 0.0201338678598, "max": 0.411448359489, "var": 0.00302310055122, "mean": 0.233652502298}, "barkbands": {"dmean2": [1.0824124729e-05, 0.000701508659404, 0.00103110214695, 0.000744171615224, 0.00147981976625, 0.00112307758536, 0.00126172218006, 0.00188547524158, 0.00154116738122, 0.00114579510409, 0.000674993731081, 0.000618947495241, 0.000486021715915, 0.00048148186761, 0.00033634819556, 0.000201240429305, 0.0002322322689, 6.43261300866e-05, 0.000130345040816, 9.31037648115e-05, 1.28471001517e-05, 9.38371522352e-06, 1.09438897198e-05, 5.85003363085e-06, 3.76058937945e-06, 1.48260619426e-06, 1.84229506317e-07], "median": [1.7566032966e-06, 0.000321525643812, 0.000333862757543, 0.000288656767225, 0.00119439768605, 0.000868450326379, 0.000442748132627, 0.000531870871782, 0.000282366585452, 0.000319267390296, 0.000135396418045, 0.000109018430521, 8.94116892596e-05, 0.00