{"tonal": {"thpcp": [1, 0.511938869953, 0.328124403954, 0.344399213791, 0.360078901052, 0.619286835194, 0.645750522614, 0.332803636789, 0.196652859449, 0.18775421381, 0.237163484097, 0.459045767784, 0.567670702934, 0.467408537865, 0.632420241833, 0.637580275536, 0.306625336409, 0.220855429769, 0.246987879276, 0.404679447412, 0.741477072239, 0.647526443005, 0.284848123789, 0.178747683764, 0.182331293821, 0.272401183844, 0.733709275723, 0.879922449589, 0.471991479397, 0.382162928581, 0.447253316641, 0.361492365599, 0.344553530216, 0.360895782709, 0.4081351161, 0.866876721382], "hpcp": {"dmean2": [0.149491742253, 0.161147624254, 0.187675729394, 0.198950275779, 0.197723895311, 0.169236242771, 0.122988708317, 0.117396831512, 0.142917513847, 0.163974255323, 0.163499549031, 0.128965765238, 0.0884087458253, 0.0892692282796, 0.104202330112, 0.142485722899, 0.175496175885, 0.189987123013, 0.172022998333, 0.185353398323, 0.125768363476, 0.0819545537233, 0.083608917892, 0.140936732292, 0.212053239346, 0.171217292547, 0.114854857326, 0.0832926183939, 0.0794768482447, 0.113972343504, 0.175502225757, 0.171189710498, 0.171639621258, 0.145123317838, 0.144603356719, 0.155005469918], "median": [0.0102700274438, 0.0104453265667, 0.0333014503121, 0.0994506701827, 0.117887444794, 0.0672018453479, 0.00619605230168, 0.00488107651472, 0.0182370115072, 0.0424439460039, 0.0446000955999, 0.0209600906819, 0.0038005867973, 0.00270768813789, 0.00905936490744, 0.0334260612726, 0.0461725108325, 0.0446052066982, 0.0620939135551, 0.0604084804654, 0.0306635461748, 0.00533527089283, 0.00413128593937, 0.03199820593, 0.0893242582679, 0.0826990604401, 0.0153921600431, 0.00345482886769, 0.00275511946529, 0.0205124411732, 0.0703432783484, 0.0800763070583, 0.0485344082117, 0.0145475650206, 0.0109202731401, 0.0133884577081], "min": [0, 0, 0, 0, 0, 0, 0, 0, 0, 0, 0, 0, 0, 0, 0, 0, 0, 0, 0, 0, 0, 0, 0, 0, 0, 0, 0, 0, 0, 0, 0, 0, 0, 0, 0, 0], "dvar2": [0.0697013959289, 0.0857881307602, 0.100646145642, 0.0799651965499, 0.085411913693, 0.0670004785061, 0.0606364943087, 0.0591226108372, 0.0669175758958, 0.0714518949389, 0.069263920188, 0.056032396853, 0.0456526577473, 0.0511482730508, 0.0519210621715, 0.0621890835464, 0.0775238126516, 0.0927127897739, 0.0686271488667, 0.0903601050377, 0.0472121499479, 0.0340092405677, 0.0385349392891, 0.0570616088808, 0.0985090211034, 0.0633263885975, 0.058440823108, 0.040192745626, 0.0366804935038, 0.0447478592396, 0.0693787708879, 0.0755716562271, 0.0714088007808, 0.0667811110616, 0.069363951683, 0.0716402903199], "dvar": [0.0255562290549, 0.0311521179974, 0.0358366519213, 0.0309047680348, 0.0344714522362, 0.0246891602874, 0.0227419100702, 0.0224850252271, 0.0240388847888, 0.0273510310799, 0.0277027450502, 0.0205694865435, 0.0170192997903, 0.0187667198479, 0.0193545985967, 0.0242430660874, 0.0300652198493, 0.0342383757234, 0.0269826762378, 0.0350478179753, 0.017546530813, 0.0127329882234, 0.0146477846429, 0.020937493071, 0.0380322933197, 0.025424156338, 0.0212751589715, 0.0146464975551, 0.0133106466383, 0.0164321232587, 0.0275948233902, 0.0301576722413, 0.0268270429224, 0.0262160953134, 0.0262014847249, 0.0279748365283], "dmean": [0.0852107107639, 0.0905170813203, 0.106943264604, 0.11770491302, 0.117538876832, 0.098340831697, 0.0705591440201, 0.0684047415853, 0.0831731706858, 0.0985912010074, 0.0982468575239, 0.0753552913666, 0.050802372396, 0.0507373511791, 0.0601794943213, 0.0853794515133, 0.1035573259, 0.110729768872, 0.102898687124, 0.110295429826, 0.073564261198, 0.0473407953978, 0.048472110182, 0.0824169144034, 0.126014903188, 0.10281098634, 0.0667913556099, 0.0477186404169, 0.0456683859229, 0.0659832432866, 0.10639680922, 0.101960934699, 0.101497523487, 0.0852361321449, 0.0829931348562, 0.0908379629254], "max": [1, 1, 1, 1, 1, 1, 1, 1, 1, 1, 1, 1, 1, 1, 1, 1, 1, 1, 1, 1, 1, 1, 1, 1, 1, 1, 1, 1, 1, 1, 1, 1, 1, 1, 1, 1], "var": [0.0436482094228, 0.0475616119802, 0.0443572960794, 0.103736281395, 0.131296053529, 0.0428458303213, 0.0436154231429, 0.049215644598, 0.0405743457377, 0.0799435898662, 0.0880671218038, 0.0336726605892, 0.024582253769, 0.0236567463726, 0.0264525022358, 0.0535656102002, 0.0711482465267, 0.0485746376216, 0.0764742791653, 0.0817794129252, 0.0227396264672, 0.0261651519686, 0.0342072322965, 0.036789868027, 0.0839546099305, 0.069800183177, 0.0299075841904, 0.0185857117176, 0.0193074606359, 0.022517958656, 0.0896705463529, 0.125466272235, 0.0438686236739, 0.047919511795, 0.065931789577, 0.0420614667237], "mean": [0.105690792203, 0.110703729093, 0.125194251537, 0.265911906958, 0.306747078896, 0.157035753131, 0.100651204586, 0.105643451214, 0.110453151166, 0.189964428544, 0.198082089424, 0.102086544037, 0.0603226907551, 0.0575930550694, 0.0727492049336, 0.140810951591, 0.174131333828, 0.143376201391, 0.193993061781, 0.195575892925, 0.0940564274788, 0.067746758461, 0.0757628083229, 0.124134242535, 0.227445930243, 0.198626846075, 0.0873763337731, 0.05483032763, 0.0559295937419, 0.0835582688451, 0.225063174963, 0.269913643599, 0.144782006741, 0.117227360606, 0.137193650007, 0.110886730254]}, "tuning_equal_tempered_deviation": 0.192243039608, "chords_changes_rate": 0.0547396540642, "key_key": "D#", "tuning_diatonic_strength": 0.604481458664, "key_scale": "major", "chords_number_rate": 0.00267022708431, "tuning_frequency": 434.193115234, "tuning_nontempered_energy_ratio": 0.948919057846, "chords_histogram": [15.3241357803, 4.67289733887, 20.2343864441, 3.14493393898, 2.13618159294, 2.0175049305, 5.29594993591, 4.18335580826, 6.80907869339, 1.20160210133, 1.61697077751, 0, 0.163180530071, 0, 1.61697077751, 1.32027888298, 0.964248657227, 2.12134695053, 1.48345947266, 0.682391345501, 0.029669187963, 4.42070913315, 10.7995843887, 9.76116275787], "key_strength": 0.735574781895, "chords_key": "A#", "chords_strength": {"dmean2": 0.00840971246362, "median": 0.520897567272, "min": 0.20893804729, "dvar2": 7.96073218226e-05, "dvar": 7.40660107112e-05, "dmean": 0.00962952896953, "max": 0.812069475651, "var": 0.00957953743637, "mean": 0.518880188465}, "chords_scale": "major", "hpcp_entropy": {"dmean2": 0.912856459618, "median": 1.87730562687, "min": 0.0364367738366, "dvar2": 0.551507115364, "dvar": 0.206851258874, "dmean": 0.541054904461, "max": 4.54274082184, "var": 0.548308849335, "mean": 1.87185966969}}, "metadata": {"audio_properties": {"equal_loudness": 0, "codec": "mp3", "downmix": "mix", "sample_rate": 44100, "analysis_sample_rate": 44100, "bit_rate": 128000, "md5_encoded": "75e518faca3c114b32e00a941b1714fb", "length": 312.999176025, "replay_gain": -5.50142478943, "lossless": false}, "version": {"essentia_build_sha": "2d9f1f26377add8aeb1075a9c2973f962c4f09fd", "essentia": "2.1-beta2", "extractor": "music 1.0", "essentia_git_sha": "v2.1_beta2-1-ge3940c0"}, "tags": {"title": ["My Heart Will Go on (Vh1 Divas Live 2000)"], "acoustid_fingerprint": ["AQADtEmyiEnCJROk5DfCG_naFcl0bNUP3yizRsfMoOcGJk-MPfiR59CHd8aFy2jSGV0v4dXR4x5y_LiQ1ikeRnhViNeDHsfnIHJvPBFDHM2PPkEtHV5V4dEkBhGhI31x_PByPGh-_PiuCHlyJMyDH1-GP3iuwxVZ4PvxC02F_0eYSkPyLEd5wd2Oo3oxf8hHVPhJ-Mjl4hmNH_7BmaLx_uiNVzPOxoeOR8ct4XmMmSFNbCe14SbBHaN_3CGOXB9OHY-SMeilMWh8qL_Q6Ugd4j4c9chxLYUu6QjDBkfzo38UnDiNPcSJ_DqUT0aco5qLJz2OH0fzZ_hx5biyoxeaL8g9CacIPTHi-KiUbMfzwsXxoTlOLcbol3iaTRL6kgjz4id6aA8OPhyuA0zQp7h05FKOUj-O30iEHDfiXYeO3PhxHujx4Q-e4x7u4zneC2EeCCkcNT-eCz-s4yGLPziO9ND0IP9wVDv6I0gWlA1u4UeYRx40HcdN_Nmg9ciSG--QU4KOMIykEK2S43Iw5nB-JTiH5D3y4ImOMlly_HDQ7TgT4jjxGc2f4NqFpjmOB3nRJE-GWhcehIdz-OgDPDdm3UGYxt2EZMeP50fNw00WND96NME6PTiTXEEOXdCFyglFpEnykih1CXkeaHkQ_jj2DDj6DM6RbDti3cJzHGeH8Du0PAePPLgQ6ikSnuivInsrJD9x8jAXfEzwCpN1NHEiPDl-5Efy8OjhHhV35NWh8wgtGVaPZjnOS-hzoemFM4I-3fiHSv3gD2Vy4TxqHf6hK2j04zyeJMqDj_B1vEj6b8g1okwiM8eNHf7REx8uPniD58jx5-hx7VAp5C-uHscPXziOH_dRP0jOIueB08HTIxm5B1mi9Mh5XH4F7UdTHwffB5qPdNizo8TFI_mGnEYvosHFFI-OozoaNfOR80i6KMdzoamO_zhx1Mzx9NiPggme5cGlw42GXUZ-XMacRY_x8Gg6MOfxbCqU5kbEW8Z52H3xH0eP5sdxBzgT_MjGQ7vwI9eOp8aP-3g0DXdaHOZMeC8evMdBneiP08Gj4vKH5zhSFaryI2uD5mBc4VqJPwl-RCqRLMOn4DGeBz2aisTDIw8vJEefUfgP5Ej45EYldjiaEX0iXMdvNJeOL59g4mh2PCbC53AodMdRkiGaJ8iPHrZ4_D9OuMqDP0eOhEvQE72O5vjTCbtDCXmyTBKST_iN5kd_jD9-PFORnIiO_viDPricK3hwJESuTgEfKXiUoubB5GLw7Lg6ozec3LiQGpqB6Ap6w9Pyog9i6RGeMwj9o3E9XMFNVGkWq_CH58Nl4xWe5ApK6UyFPGshH_kP9zuezLgsGQ96ozne4DKmH00kkMeUvMTx4zXOIzqS59i6Ba3xDDkJPT7y6Jh_4bnQn2geiXhyZD8wHWLIo6OOnEelG02P_PiOe1D2fMg9hKF0aJyOHE-8w2_wFReT4dDCo9NTXDo-FocbRfiD51uC8kfCH-mx82gqM_hOPBThdeHwMsTl49GSFeXC44cvhIdOCxdy4dNRHD_SD-qPtMSZ4mgUqbjCN3gzIYeW8kL4Jbh6nD_-4MdNokppND_2jE2QS0scQfKRFydQRzdcBz21CC9i6pCNfNnxobpyeMiRjMePB79z9Gh4JD9CfziF6uAz4uTRlBmKxyV-BR-PMDvO1JA3IjZhDFcON3px6TDyoXZwJcFlCX-IMDxR4tTxFM1R5HWgJolIBqHUwyc-GnaNmniOBsWv4Hlwpoh0CBwy6cR_zA-8TE8Qfod2IsyTB_clPEuPJydxJ8TRHH2OS8gffAyJ6wm0I83xH8c1_OjRo7mR2NGRJ1KOWclx87hRf0SyeJ0QUUm34uVxE82PZH-QhxGeKBmuoznRzcYZHT_04xlzNJfQD0_04MqFH_5xhfjxHI2ao_YZ4UiOPMaT5cXDnfiKP-iaF28O_0kEx4eZo8-x44kJxlI4Bel2wYyhkeGEENeBWjgdXMdHo0lSyegj48mF3fgTvEgPxT1ytPHRONPA_DqaReKE_9hzXEdDohyD6uzR6BdeXKeKH2GgJwsairgk3EeY5wv6aMHL4Oqy48OL_8ihKzry-Wjx4kfzh3gU5YilQ884pDGT4z5-fLiSsshj_Hqh-0H7IZ0URnh-_HioFu9FOGwXRHKu4EcDpmvxGA8E_Wgeo3qMfNHxo3pw-MSP60KgC2l-oYpkXMpw_GhO-CGY1_gi_GA5_Aj14CWSXjjO44fJ4_iDH8eFfEieB30u3BGuJMfloz2sI9RWfD6-H9fRkC8Y3sNHQ3l2NHvQ5oce42iNMDuuUnhy4XyQH9r1IMyz4zye6BN-NJGOXp1wH8eN2gjzGcmvCM2DicfFog-zI0xIItF3PHkEVqcINA4fVDGFH0SyVPQRgjm-HO62BgUUEEggIqhHFkFFmEQAEk4IVIQAo5kjRAEBHIBWMQuoYEwp4Qxi2CClDBBAKAoAIMY4JJIFDmhBuFFCKKAEAAwxRgBgQBikBECACcMAcoJpBQABigjNHGEAAGcAgoQpQAVRSDDKEBFCCdJAEQBYBgihACEFHDBAOIBcYUABw4kUzhEnAEMEEEIFIE5ATggEQQkAwCPEECKAAEQYQIQjhAGAIcDIQEI4gM0Jg4BljEqDCCKGAKCBAsZBIiUBgDUHDDJIKWYgEEAQR50RhDgBDFSAEEAglBZoyow1wkIDjBFGECGMEgQAASQRBBGBjCCGAASkAEQABoElDgHlkCeAWGMAApBcQSm1yiGlFAREAkIIIAwQOYACVCGiGFIGCSAQVEgRJxyUiBhLCDFQKgAQEIwQg5BARDklqEvMEWaBUYARZwQApogLtFCOQeAItgIJqBBxSipjmJIACQQAAsYAAoAFxAgkqEAWBWOREgAQYJgRiBhlABAAKESJkIZAo4hpgFBMDEJHMMeIAowgYwkggACAAGQCIiWAwAoAgBQim1ompACIKmYIJAI8gQwRwhEhABKACUGNEZAZAqkRglnPBGKAEQAsohYQAABRDhmCjCQOKKQAQQAaZAkkBAkVAJMCIGSIYAYjoJAQTKggOBLAAOI0UuYIADYQjCLDDCMOGA0YMEgwwgwASCihBEKQEUccUwAQJwUQwgAiiEEAUS4AM4gwQsQwSBFKUFFKQCQIM0RAQYwwBBABDDPAE0AEEghYAiQCYBkDOKKECAGVQEoIYYxCjhmqIJCGIEOZcso5I4gAhDgBJBBAMSAMRQQoIBQDxBAghAIGAEEAQEg4IATCwCEjhADEIQQccsIgQgwCTBiAEKROOEKskYCwEQAQyBHDqJAgESMgKZICkCRUglAkAYIQGYIIIUhQBABBhCmkCDJSCQAMMEJIKAVSTkEEMEhAEMKEYEwK6xw"], "date": ["1998"], "genre": ["Pop/Rock"], "musicbrainz album type": ["Live"], "musicip_puid": ["a7f245be-3205-a838-fdac-db38a63360c8"], "musicbrainz_recordingid": ["111766ea-9461-4c3a-9eaa-829f27d86690"], "musicbrainz_albumid": ["c7852df1-544a-434c-a86d-6ad3f81aebab"], "artist": ["C\u00e9line Dion"], "tracknumber": ["11/14"], "bpm": ["99.14"], "album": ["VH1 Divas Live"], "musicbrainz album release country": ["United States"], "acoustid_id": ["943a3019-898e-4d3c-a73c-3d437aa89098"], "file_name": "C\u00e9line Dion - My Heart Will Go on (Vh1 Divas Live 2000).mp3"}}, "rhythm": {"bpm_histogram_first_peak_bpm": {"dmean2": 0, "median": 99, "min": 99, "dvar2": 0, "dvar": 0, "dmean": 0, "max": 99, "var": 0, "mean": 99}, "bpm": 98.8793869019, "bpm_histogram_second_peak_spread": {"dmean2": 0, "median": 0.520000040531, "min": 0.520000040531, "dvar2": 0, "dvar": 0, "dmean": 0, "max": 0.520000040531, "var": 0, "mean": 0.520000040531}, "bpm_histogram_first_peak_weight": {"dmean2": 0, "median": 0.687732338905, "min": 0.687732338905, "dvar2": 0, "dvar": 0, "dmean": 0, "max": 0.687732338905, "var": 0, "mean": 0.687732338905}, "onset_rate": 1.95836257935, "beats_position": [0.568888902664, 1.14938771725, 1.72988653183, 2.32199549675, 2.91410422325, 3.52943301201, 4.13315200806, 4.73687076569, 5.34058952332, 5.94430828094, 6.54802703857, 7.1517457962, 7.75546455383, 8.35918331146, 8.96290206909, 9.57823085785, 10.1935596466, 10.7972784042, 11.4009971619, 12.0047159195, 12.6084346771, 13.2121543884, 13.8158731461, 14.4079818726, 15.0117006302, 15.6270294189, 16.2307472229, 16.8460769653, 17.4497947693, 18.0535144806, 18.6572322845, 19.2609519958, 19.8762817383, 20.4916095734, 21.1185474396, 21.7570972443, 22.3724250793, 22.9877548218, 23.5914726257, 24.195192337, 24.7989120483, 25.37940979, 25.9599094391, 26.5404071808, 27.1557369232, 27.7594547272, 28.3631744385, 28.9668922424, 29.5590019226, 30.1627197266, 30.7664394379, 31.3933773041, 32.0087051392, 32.6356468201, 33.2509727478, 33.8779144287, 34.5048522949, 35.1317901611, 35.7587280273, 36.3856697083, 37.0126075745, 37.6395454407, 38.2664833069, 38.9050331116, 39.5435829163, 40.1705207825, 40.8090705872, 41.4476165771, 42.0745582581, 42.6898841858, 43.2123336792, 43.7347831726, 44.257232666, 44.8029022217, 45.3485717773, 45.894241333, 46.3934669495, 46.8926963806, 47.3919258118, 47.8911552429, 48.3903846741, 48.8780021667, 49.3656234741, 49.8532409668, 50.3408622742, 50.7820396423, 51.2116088867, 51.6527900696, 52.0939674377, 52.5467567444, 52.999546051, 53.4523353577, 53.9283447266, 54.4043540955, 55.0196800232, 55.6350097656, 56.2387275696, 56.854057312, 57.4693870544, 58.0731048584, 58.6768226624, 59.280544281, 59.8958702087, 60.5111999512, 61.1149177551, 61.7186393738, 62.3339653015, 62.9376869202, 63.5530128479, 64.1683425903, 64.7836685181, 65.3873901367, 65.9911117554, 66.5948257446, 67.1985473633, 67.7906570435, 68.3827667236, 68.9864807129, 69.5902023315, 70.2055282593, 70.8208618164, 71.4245758057, 72.0282974243, 72.6436233521, 73.2589569092, 73.8626708984, 74.4547805786, 75.0585021973, 75.6506118774, 76.2659378052, 76.8696594238, 77.4733810425, 78.0770950317, 78.6924285889, 79.2961425781, 79.8998641968, 80.491973877, 81.0956878662, 81.6994094849, 82.3147354126, 82.9184570313, 83.533782959, 84.1375045776, 84.7528305054, 85.3449401855, 85.9602737427, 86.5639877319, 87.1677093506, 87.7830352783, 88.3983688354, 89.0020828247, 89.6058044434, 90.2095184326, 90.8132400513, 91.4169616699, 92.0206756592, 92.6243972778, 93.2281188965, 93.8318328857, 94.4355545044, 95.039276123, 95.6429901123, 96.2583236694, 96.8736495972, 97.4773712158, 98.0926971436, 98.6964187622, 99.3001327515, 99.8922424316, 100.49596405, 101.09967804, 101.703399658, 102.295509338, 102.910835266, 103.526168823, 104.129882813, 104.733604431, 105.348930359, 105.952651978, 106.556373596, 107.160087585, 107.763809204, 108.39074707, 108.994468689, 109.598182678, 110.201904297, 110.805618286, 111.409339905, 112.013061523, 112.616775513, 113.220497131, 113.835823059, 114.439544678, 115.043266296, 115.658592224, 116.262313843, 116.866027832, 117.469749451, 118.07346344, 118.677185059, 119.280906677, 119.884620667, 120.488342285, 121.092063904, 121.695777893, 122.299499512, 122.90322113, 123.50693512, 124.122268677, 124.725982666, 125.341316223, 125.945030212, 126.548751831, 127.15246582, 127.756187439, 128.359909058, 128.963623047, 129.567337036, 130.182678223, 130.786392212, 131.390106201, 131.993835449, 132.609161377, 133.212875366, 133.816589355, 134.420318604, 135.035644531, 135.650970459, 136.266296387, 136.858413696, 137.462127686, 138.065841675, 138.669570923, 139.273284912, 139.876998901, 140.480728149, 141.096054077, 141.699768066, 142.315093994, 142.918823242, 143.522537231, 144.126251221, 144.729980469, 145.333694458, 145.937408447, 146.541137695, 147.156463623, 147.771789551, 148.37550354, 148.979232788, 149.582946777, 150.186660767, 150.790390015, 151.394104004, 151.997817993, 152.601531982, 153.20526123, 153.820587158, 154.424301147, 155.028030396, 155.631744385, 156.235458374, 156.850784302, 157.45451355, 158.069839478, 158.685165405, 159.277282715, 159.880996704, 160.473098755, 161.076828003, 161.680541992, 162.29586792, 162.911193848, 163.514923096, 164.118637085, 164.722351074, 165.326080322, 165.94140625, 166.556732178, 167.160446167, 167.775772095, 168.379501343, 168.971603394, 169.575332642, 170.179046631, 170.78276062, 171.398086548, 172.013427734, 172.617141724, 173.220855713, 173.824569702, 174.42829895, 175.032012939, 175.635726929, 176.239456177, 176.854782104, 177.470108032, 178.073822021, 178.67755127, 179.281265259, 179.884979248, 180.488708496, 181.092422485, 181.696136475, 182.299865723, 182.91519165, 183.530517578, 184.134231567, 184.749572754, 185.364898682, 185.968612671, 186.583938599, 187.187667847, 187.779769897, 188.383483887, 188.987213135, 189.579315186, 190.171432495, 190.775146484, 191.378860474, 191.982574463, 192.597915649, 193.213241577, 193.828567505, 194.443893433, 195.05921936, 195.674560547, 196.278274536, 196.881988525, 197.485717773, 198.089431763, 198.70475769, 199.320083618, 199.923812866, 200.527526855, 201.131240845, 201.723358154, 202.327072144, 202.930786133, 203.534515381, 204.149841309, 204.753555298, 205.357269287, 205.960998535, 206.553100586, 207.156814575, 207.760543823, 208.375869751, 208.97958374, 209.583312988, 210.187026978, 210.790740967, 211.394470215, 211.998184204, 212.613510132, 213.22883606, 213.832565308, 214.436279297, 215.039993286, 215.643707275, 216.247436523, 216.851150513, 217.454864502, 218.05859375, 218.662307739, 219.266021729, 219.869750977, 220.473464966, 221.077178955, 221.680908203, 222.284622192, 222.89994812, 223.515274048, 224.130615234, 224.745941162, 225.36126709, 225.953369141, 226.557098389, 227.160812378, 227.764526367, 228.368255615, 228.971969604, 229.587295532, 230.20262146, 230.817947388, 231.433288574, 232.037002563, 232.640716553, 233.232833862, 233.824935913, 234.428665161, 235.020767212, 235.624481201, 236.239807129, 236.855148315, 237.470474243, 238.074188232, 238.677902222, 239.28163147, 239.885345459, 240.489059448, 241.092788696, 241.696502686, 242.300216675, 242.915557861, 243.530883789, 244.134597778, 244.738311768, 245.353652954, 245.957366943, 246.561080933, 247.164810181, 247.76852417, 248.383850098, 248.987564087, 249.591293335, 250.195007324, 250.798721313, 251.414047241, 252.029388428, 252.633102417, 253.248428345, 253.863754272, 254.479095459, 255.094421387, 255.709747314, 256.325073242, 256.952026367, 257.555725098, 258.171051025, 258.79800415, 259.413330078, 260.040252686, 260.643981934, 261.247711182, 261.804992676, 262.36227417, 262.919555664, 263.476806641, 264.034088135, 264.591369629, 265.148651123, 265.705932617, 266.298034668, 266.890167236, 267.505493164, 268.120819092, 268.724517822, 269.32824707, 269.920349121, 270.535675049, 271.139404297, 271.743133545, 272.346832275, 272.950561523, 273.49621582, 274.041900635, 274.587554932, 275.110015869, 275.632476807, 276.154907227, 276.63092041, 277.118530273, 277.606170654, 278.093780518, 278.581390381, 279.069030762, 279.568237305, 280.067474365, 280.566711426, 281.065948486, 281.565155029, 282.07598877, 282.586853027, 283.097686768, 283.608520508, 284.165802002, 284.723083496, 285.28036499, 285.849243164, 286.418121338, 286.940582275, 287.463043213, 287.99710083, 288.461486816, 288.914276123, 289.36706543, 289.831481934, 290.29586792, 290.760253906, 291.22467041, 291.677459717, 292.130249023, 292.59463501, 293.151916504, 293.720825195, 294.336151123, 294.951477051, 295.566802979, 296.193725586, 296.820678711, 297.354736328, 297.888793945, 298.422851563, 298.910461426, 299.398101807, 299.88571167, 300.326873779, 300.768066406, 301.209259033, 301.650421143, 302.079986572, 302.509552002, 302.939147949, 303.368713379, 303.798278809, 304.227844238, 304.657409668, 305.086975098, 305.516540527, 305.946105957, 306.294403076, 306.642730713, 306.991027832, 307.339324951, 307.710845947, 308.082366943, 308.453857422, 308.825378418, 309.173675537, 309.522003174, 309.870300293, 310.206970215, 310.543670654, 310.880371094, 311.228668213, 311.576965332, 311.925262451, 312.27355957], "beats_loudness": {"dmean2": 0.0233385208994, "median": 0.0389317721128, "min": 2.23227214491e-08, "dvar2": 0.000432219560025, "dvar": 0.000150234700413, "dmean": 0.0137638514861, "max": 0.101883858442, "var": 0.000582109147217, "mean": 0.0386461876333}, "danceability": 0.958142578602, "bpm_histogram_second_peak_weight": {"dmean2": 0, "median": 0.0223048329353, "min": 0.0223048329353, "dvar2": 0, "dvar": 0, "dmean": 0, "max": 0.0223048329353, "var": 0, "mean": 0.0223048329353}, "beats_count": 539, "bpm_histogram_second_peak_bpm": {"dmean2": 0, "median": 108, "min": 108, "dvar2": 0, "dvar": 0, "dmean": 0, "max": 108, "var": 0, "mean": 108}, "bpm_histogram_first_peak_spread": {"dmean2": 0, "median": 0.123222775757, "min": 0.123222775757, "dvar2": 0, "dvar": 0, "dmean": 0, "max": 0.123222775757, "var": 0, "mean": 0.123222775757}, "beats_loudness_band_ratio": {"dmean2": [0.218039155006, 0.234014540911, 0.247440308332, 0.203358501196, 0.0722632557154, 0.0330079458654], "median": [0.295228809118, 0.182103157043, 0.160928934813, 0.0780796706676, 0.0172829646617, 0.00933674070984], "min": [4.10540087614e-05, 0.000549284741282, 0.00755443889648, 0.000606120273005, 3.63801846106e-05, 0.000182325326023], "dvar2": [0.0473109968007, 0.0460886619985, 0.0523745119572, 0.049279358238, 0.0146412504837, 0.00381539785303], "dvar": [0.0173544529825, 0.0176036506891, 0.019982015714, 0.0196533538401, 0.0051481379196, 0.00125017063692], "dmean": [0.130811795592, 0.139566734433, 0.144894272089, 0.11778690666, 0.0413105599582, 0.0184916630387], "max": [0.918837606907, 0.982509732246, 0.940729916096, 0.912161588669, 0.621415495872, 0.253448009491], "var": [0.0701578855515, 0.0468874685466, 0.039797861129, 0.0467815101147, 0.010997469537, 0.00112371135037], "mean": [0.320251017809, 0.246738612652, 0.233282595873, 0.185676828027, 0.0624093301594, 0.0206382330507]}}, "lowlevel": {"barkbands_spread": {"dmean2": 3.8349571228, "median": 10.3720502853, "min": 0.263147383928, "dvar2": 23.8497085571, "dvar": 11.6214017868, "dmean": 2.46194052696, "max": 102.74105835, "var": 66.9567108154, "mean": 11.9471349716}, "melbands_spread": {"dmean2": 4.80533409119, "median": 12.5676813126, "min": 0.421247959137, "dvar2": 36.1894721985, "dvar": 16.2372684479, "dmean": 3.06955099106, "max": 159.093597412, "var": 107.341079712, "mean": 14.7275381088}, "hfc": {"dmean2": 5.65157079697, "median": 14.2509670258, "min": 1.15546654342e-05, "dvar2": 74.5644226074, "dvar": 34.979434967, "dmean": 3.8149266243, "max": 251.421356201, "var": 204.100906372, "mean": 17.4562511444}, "barkbands_kurtosis": {"dmean2": 4.90943717957, "median": 2.87068653107, "min": -1.8984619379, "dvar2": 143.684829712, "dvar": 66.7445602417, "dmean": 3.10682606697, "max": 593.335327148, "var": 340.244018555, "mean": 7.0463552475}, "gfcc": {"mean": [-35.4291381836, 115.143257141, -117.130500793, 13.9477701187, -67.6780700684, 5.77220010757, -32.8078231812, 5.65837335587, -26.0277862549, -0.205557301641, -13.435965538, -0.816108107567, -5.13973760605], "icov": [[0.000228975579375, -0.000439249211922, 0.000290881551336, -0.000456923095044, 0.000383452919777, -0.00053454155568, 0.000412422727095, -0.000542236317415, 0.000569648458622, -0.000435653026216, 0.000329266913468, -0.000397454918129, 8.54087847983e-05], [-0.000439249211922, 0.00389890442602, -0.00234389607795, 0.00132791558281, -0.00320219737478, 0.00313937943429, -0.0035741054453, 0.00348026072606, -0.00319184316322, 0.00294668227434, -0.00289808795787, 0.00298433913849, -0.00146512722131], [0.000290881551336, -0.00234389607795, 0.00223156996071, -0.00192173721734, 0.0025003303308, -0.00185505370609, 0.00194073515013, -0.00205142912455, 0.00217877421528, -0.00243252259679, 0.00161105883308, -0.00169044360518, 0.000642996572424], [-0.000456923095044, 0.00132791558281, -0.00192173721734, 0.00484377564862, -0.00238220533356, 0.000693827052601, -0.0012220798526, 0.00136536196806, -0.00328015186824, 0.00154791551176, -0.00111547042616, 0.000735497043934, -0.000623577798251], [0.000383452919777, -0.00320219737478, 0.0025003303308, -0.00238220533356, 0.00724560394883, -0.00327386031859, 0.00216740183532, -0.00365607626736, 0.00259837624617, -0.00295282434672, 0.00149756995961, -0.00232684216462, 0.000123251069454], [-0.00053454155568, 0.00313937943429, -0.00185505370609, 0.000693827052601, -0.00327386031859, 0.00876820832491, -0.00550088332966, 0.00183752190787, -0.000637528253719, 0.000684986647684, -0.00250629638322, 0.00124198594131, 0.000233906976064], [0.000412422727095, -0.0035741054453, 0.00194073515013, -0.0012220798526, 0.00216740183532, -0.00550088332966, 0.00884084589779, -0.00344530283473, 0.00212538940832, -0.000813707185443, 0.00171159300953, -0.00139561749529, 0.00112106278539], [-0.000542236317415, 0.00348026072606, -0.00205142912455, 0.00136536196806, -0.00365607626736, 0.00183752190787, -0.00344530283473, 0.0106255188584, -0.00461911549792, 0.00160023325589, -0.00197302014567, 0.00253648241051, -0.00318367010914], [0.000569648458622, -0.00319184316322, 0.00217877421528, -0.00328015186824, 0.00259837624617, -0.000637528253719, 0.00212538940832, -0.00461911549792, 0.0117149436846, -0.00432568835095, 0.00289035844617, -0.00357820000499, 0.00113808491733], [-0.000435653026216, 0.00294668227434, -0.00243252259679, 0.00154791551176, -0.00295282434672, 0.000684986647684, -0.000813707185443, 0.00160023325589, -0.00432568835095, 0.0124087529257, -0.00461239833385, 0.00199229316786, 0.000991331180558], [0.000329266913468, -0.00289808795787, 0.00161105883308, -0.00111547042616, 0.00149756995961, -0.00250629638322, 0.00171159300953, -0.00197302014567, 0.00289035844617, -0.00461239833385, 0.00984445866197, -0.00308597437106, 0.000425552774686], [-0.000397454918129, 0.00298433913849, -0.00169044360518, 0.000735497043934, -0.00232684216462, 0.00124198594131, -0.00139561749529, 0.00253648241051, -0.00357820000499, 0.00199229316786, -0.00308597437106, 0.0105563243851, -0.00249178661034], [8.54087847983e-05, -0.00146512722131, 0.000642996572424, -0.000623577798251, 0.000123251069454, 0.000233906976064, 0.00112106278539, -0.00318367010914, 0.00113808491733, 0.000991331180558, 0.000425552774686, -0.00249178661034, 0.0112869692966]], "cov": [[8049.609375, 994.621582031, 1088.16247559, 1002.84869385, 373.109039307, 552.164123535, 281.61907959, 307.917297363, 50.8497085571, 226.358886719, 193.369384766, 163.513427734, 108.775550842], [994.621582031, 1873.56689453, 1255.6159668, 465.549530029, 255.276855469, -2.16990280151, 323.438598633, -37.2640800476, 142.667419434, -11.6333551407, 183.52331543, -86.3257904053, 105.146690369], [1088.16247559, 1255.6159668, 2311.23413086, 724.804504395, 17.0832824707, 142.167877197, 127.069114685, 68.6009750366, 113.119636536, 172.323883057, 122.124099731, 45.2441749573, 45.5697555542], [1002.84869385, 465.549530029, 724.804504395, 589.18963623, 148.911132813, 116.861686707, 98.3824615479, 79.2021255493, 115.828956604, 74.1440124512, 72.3060913086, 50.7453155518, 42.9096794128], [373.109039307, 255.276855469, 17.0832824707, 148.911132813, 323.036865234, 103.077926636, 96.9640579224, 72.3807525635, 34.9117660522, 34.2890357971, 62.3662109375, 21.4353713989, 38.5378684998], [552.164123535, -2.16990280151, 142.167877197, 116.861686707, 103.077926636, 290.158233643, 139.61164856, 57.8901939392, -14.6008739471, 55.3946342468, 55.7348709106, 27.6458797455, -10.1703557968], [281.61907959, 323.438598633, 127.069114685, 98.3824615479, 96.9640579224, 139.61164856, 279.772918701, 41.6281471252, 11.8724584579, -3.12911319733, 46.69373703, -14.2588300705, 12.221154213], [307.917297363, -37.2640800476, 68.6009750366, 79.2021255493, 72.3807525635, 57.8901939392, 41.6281471252, 175.819198608, 44.6187515259, 32.549785614, 15.635933876, 21.4699993134, 33.5609016418], [50.8497085571, 142.667419434, 113.119636536, 115.828956604, 34.9117660522, -14.6008739471, 11.8724584579, 44.6187515259, 155.763275146, 32.2086181641, 9.29890727997, 25.1201858521, 16.0774250031], [226.358886719, -11.6333551407, 172.323883057, 74.1440124512, 34.2890357971, 55.3946342468, -3.12911319733, 32.549785614, 32.2086181641, 144.181884766, 50.8602333069, 22.3471469879, -13.8692388535], [193.369384766, 183.52331543, 122.124099731, 72.3060913086, 62.3662109375, 55.7348709106, 46.69373703, 15.635933876, 9.29890727997, 50.8602333069, 165.199920654, 23.9625835419, 10.9903993607], [163.513427734, -86.3257904053, 45.2441749573, 50.7453155518, 21.4353713989, 27.6458797455, -14.2588300705, 21.4699993134, 25.1201858521, 22.3471469879, 23.9625835419, 139.411361694, 19.8265533447], [108.775550842, 105.146690369, 45.5697555542, 42.9096794128, 38.5378684998, -10.1703557968, 12.221154213, 33.5609016418, 16.0774250031, -13.8692388535, 10.9903993607, 19.8265533447, 112.800216675]]}, "spectral_energyband_middle_low": {"dmean2": 0.00718918582425, "median": 0.0150613998994, "min": 2.33259012106e-09, "dvar2": 8.35046448628e-05, "dvar": 3.4251184843e-05, "dmean": 0.00461942190304, "max": 0.0965323671699, "var": 0.000217231921852, "mean": 0.018036050722}, "melbands_crest": {"dmean2": 5.7035279274, "median": 13.8463096619, "min": 3.33863687515, "dvar2": 26.3526210785, "dvar": 9.39522075653, "dmean": 3.43346500397, "max": 34.7746353149, "var": 31.1119709015, "mean": 14.7282505035}, "spectral_kurtosis": {"dmean2": 4.2092294693, "median": 6.69976568222, "min": -1.06664144993, "dvar2": 24.5401706696, "dvar": 9.15169620514, "dmean": 2.49373173714, "max": 61.0223007202, "var": 35.0282363892, "mean": 8.14987945557}, "spectral_rms": {"dmean2": 0.00092712463811, "median": 0.00590499769896, "min": 2.31867397815e-06, "dvar2": 7.80271477652e-07, "dvar": 3.0990867117e-07, "dmean": 0.000587549351621, "max": 0.0111136669293, "var": 4.75197202832e-06, "mean": 0.0055246357806}, "zerocrossingrate": {"dmean2": 0.00604086369276, "median": 0.03466796875, "min": 0.00439453125, "dvar2": 4.86307399115e-05, "dvar": 4.32821252616e-05, "dmean": 0.0047661033459, "max": 0.32861328125, "var": 0.000629498506896, "mean": 0.0399695932865}, "silence_rate_60dB": {"dmean2": 0.014244380407, "median": 0, "min": 0, "dvar2": 0.0168599132448, "dvar": 0.00707093346864, "dmean": 0.00712166167796, "max": 1, "var": 0.0642277896404, "mean": 0.0689859837294}, "erbbands_kurtosis": {"dmean2": 3.15118551254, "median": 1.85647785664, "min": -1.85073876381, "dvar2": 35.7376365662, "dvar": 15.7550153732, "dmean": 2.01104235649, "max": 211.298736572, "var": 101.604125977, "mean": 4.1927113533}, "erbbands": {"dmean2": [0.350413024426, 0.695028841496, 1.96724402905, 3.10410904884, 7.11117219925, 12.8169193268, 21.5946578979, 17.2704563141, 17.2046661377, 15.4155282974, 23.0170536041, 31.7955360413, 51.1570396423, 39.9987030029, 39.6456375122, 33.7120246887, 17.5708408356, 20.489982605, 11.5328731537, 11.003162384, 9.93759155273, 7.40916061401, 6.02748775482, 4.65586709976, 3.00218200684, 3.02599620819, 2.33924818039, 1.6124818325, 1.90226221085, 1.43076527119, 0.821309328079, 0.593573987484, 0.591863393784, 0.326034009457, 0.175401702523, 0.056917142123, 0.0199574455619, 0.00300918729044, 7.07784347469e-05, 1.40992269735e-05], "median": [0.114336527884, 0.520174622536, 1.23854613304, 2.05959105492, 5.07352781296, 8.98777389526, 12.0296163559, 12.5046005249, 11.326010704, 13.1681528091, 13.6609144211, 15.1059961319, 12.1467704773, 14.9022941589, 10.6901321411, 10.7792539597, 6.95353507996, 5.56147384644, 4.18373060226, 3.93999648094, 3.35237145424, 3.51310348511, 2.62747478485, 3.15694069862, 2.28523731232, 2.12539052963, 1.50391972065, 0.887724339962, 0.623807728291, 0.456166774035, 0.246807277203, 0.151944920421, 0.124154850841, 0.0685551390052, 0.0311276149005, 0.00925252586603, 0.00283110584132, 0.000426444457844, 3.01384461636e-05, 4.18707240897e-05], "min": [4.73361037867e-11, 1.01967234656e-09, 3.68502739434e-09, 3.60201255489e-08, 9.03092214344e-08, 1.71670862414e-07, 8.54061624977e-07, 5.36069137524e-07, 7.77873310653e-07, 2.51697542808e-06, 5.26285475644e-06, 1.33347584779e-05, 1.65134315466e-05, 4.8293841246e-06, 3.93190930481e-06, 4.23237634095e-06, 3.67430607184e-06, 1.08093745439e-05, 7.52280720917e-06, 8.81158848642e-06, 9.64506853052e-06, 2.9827626804e-06, 1.79992309768e-06, 9.56121880336e-07, 8.64076696416e-07, 1.49755658185e-06, 4.86450335302e-06, 2.8192089303e-06, 1.69794782323e-06, 8.15236091967e-07, 6.04632646173e-07, 2.63009724222e-07, 2.28228756782e-07, 1.53010972781e-07, 7.94061207898e-08, 2.89313444313e-08, 2.51989327182e-08, 1.07834692287e-08, 1.67515579186e-09, 1.69759400981e-10], "dvar2": [0.27208301425, 1.61493384838, 18.2610225677, 48.0568199158, 177.747619629, 571.863464355, 1893.39135742, 1296.09863281, 1923.92773438, 1182.82202148, 3463.70556641, 5994.83740234, 28454.2148438, 13334.7578125, 15835.5947266, 10469.9355469, 2297.06958008, 6443.86572266, 1084.61621094, 765.130126953, 968.677368164, 407.712188721, 252.936813354, 90.7471466064, 36.1543807983, 52.441028595, 43.4676055908, 25.9697723389, 109.505332947, 38.0803070068, 12.5441608429, 17.8485393524, 33.455821991, 4.98877096176, 1.31024169922, 0.149560377002, 0.0291920583695, 0.000326717650751, 1.68270275935e-07, 3.61471991228e-10], "dvar": [0.0943795591593, 0.611010670662, 6.48377323151, 17.7405586243, 64.5983505249, 220.970306396, 829.585083008, 590.401245117, 843.092895508, 580.661682129, 1591.53076172, 2757.52392578, 12169.1591797, 6258.42919922, 7339.07226563, 4923.65087891, 1118.68579102, 2340.80444336, 460.390014648, 331.803100586, 441.871917725, 186.980651855, 107.047943115, 35.6595535278, 13.9034528732, 21.6912345886, 17.4660511017, 9.91372489929, 40.2501754761, 14.9512805939, 5.4822678566, 8.26375102997, 14.3935003281, 2.9923813343, 0.794263184071, 0.0837207213044, 0.0159642770886, 0.000197300047148, 1.04193745187e-07, 1.8737890406e-10], "dmean": [0.208553746343, 0.43453848362, 1.1794885397, 1.86453378201, 4.19644737244, 7.86722326279, 13.9839868546, 11.5224399567, 11.9723539352, 11.1795578003, 15.6643562317, 21.5460891724, 33.7536430359, 27.0378570557, 26.3658542633, 22.0482540131, 11.4999608994, 12.655538559, 7.33116006851, 6.93308544159, 6.24162435532, 4.67889451981, 3.71387410164, 2.83928585052, 1.82843530178, 1.88614857197, 1.43295896053, 0.984537482262, 1.15085887909, 0.872501313686, 0.518488883972, 0.38447791338, 0.404608637094, 0.233170941472, 0.124160528183, 0.0397159978747, 0.0137192625552, 0.00204099714756, 4.83152762172e-05, 9.07594767341e-06], "max": [2.78969454765, 11.6612281799, 44.6760101318, 86.7692108154, 180.32913208, 468.684661865, 688.467285156, 1063.53173828, 863.939941406, 899.334655762, 1502.8215332, 1264.04589844, 2784.74414063, 2522.05029297, 3001.41943359, 2856.86425781, 1247.20410156, 1971.21020508, 955.912536621, 598.784851074, 770.031433105, 581.761962891, 440.145019531, 243.941375732, 115.176780701, 181.876144409, 154.55809021, 94.3168411255, 274.547546387, 161.533935547, 77.4244995117, 162.753631592, 249.335388184, 109.965042114, 62.9520950317, 20.1690998077, 8.27129650116, 1.17064464092, 0.0292736720294, 0.000748992955778], "var": [0.179344698787, 1.79111516476, 15.3603239059, 40.0501594543, 166.386703491, 892.613952637, 3839.16137695, 3561.99072266, 5131.47412109, 2597.78491211, 6841.31787109, 11637.5908203, 47763.8867188, 32542.7636719, 23658.8945313, 32336.6113281, 3243.93481445, 6349.29150391, 1141.45751953, 847.897460938, 1092.82580566, 609.424499512, 282.974914551, 83.4818572998, 35.0066566467, 54.0070877075, 32.6714515686, 19.810667038, 51.766456604, 29.7248897552, 13.3969936371, 20.5053520203, 29.8864574432, 10.0416173935, 2.34669113159, 0.205576851964, 0.0332022681832, 0.000421670731157, 2.22484814572e-07, 1.02980823868e-09], "mean": [0.31732493639, 1.07214081287, 2.79740524292, 4.37242746353, 9.37666416168, 18.0461826324, 33.5454521179, 30.6687030792, 33.6570739746, 29.5396499634, 37.7320823669, 51.2886009216, 76.7867736816, 65.8058166504, 55.5882339478, 53.639881134, 22.766166687, 24.2145290375, 14.4883527756, 14.0412540436, 12.6242856979, 9.91905117035, 7.67122650146, 5.99664354324, 4.11412000656, 4.21207380295, 3.071423769, 2.07763266563, 1.97279942036, 1.53705334663, 0.961582124233, 0.742223918438, 0.76977956295, 0.467150062323, 0.231082782149, 0.0644884556532, 0.0210376381874, 0.00294781057164, 8.60572763486e-05, 4.37127855548e-05]}, "spectral_strongpeak": {"dmean2": 1.14384889603, "median": 0.878702580929, "min": 0, "dvar2": 2.75383734703, "dvar": 1.1047617197, "dmean": 0.679090619087, "max": 11.3439388275, "var": 3.16528463364, "mean": 1.54765045643}, "spectral_energy": {"dmean2": 0.011571103707, "median": 0.0357407219708, "min": 5.51065548748e-09, "dvar2": 0.00015532359248, "dvar": 6.06381399848e-05, "dmean": 0.00729044154286, "max": 0.126601427794, "var": 0.000512017228175, "mean": 0.0361554026604}, "average_loudness": 0.828324198723, "spectral_rolloff": {"dmean2": 294.976104736, "median": 710.595703125, "min": 64.599609375, "dvar2": 477620.8125, "dvar": 203979.046875, "dmean": 171.643493652, "max": 11218.7988281, "var": 750426.125, "mean": 951.549987793}, "spectral_centroid": {"dmean2": 175.502807617, "median": 794.58984375, "min": 243.59197998, "dvar2": 46575.5273438, "dvar": 20515.0976563, "dmean": 111.954978943, "max": 4091.72949219, "var": 271098.15625, "mean": 915.931213379}, "pitch_salience": {"dmean2": 0.0990386977792, "median": 0.52162116766, "min": 0.0897096246481, "dvar2": 0.00716053973883, "dvar": 0.00271636736579, "dmean": 0.0606347434223, "max": 0.902818918228, "var": 0.0145361535251, "mean": 0.525136590004}, "spectral_energyband_middle_high": {"dmean2": 0.00293598673306, "median": 0.00279242731631, "min": 1.93112792424e-09, "dvar2": 2.77439394267e-05, "dvar": 1.27425382743e-05, "dmean": 0.0019780669827, "max": 0.0688282474875, "var": 8.11585705378e-05, "mean": 0.00643887510523}, "spectral_contrast_coeffs": {"dmean2": [0.0735735148191, 0.0672780498862, 0.063381627202, 0.0535715743899, 0.0411799289286, 0.0322359614074], "median": [-0.642918348312, -0.690777122974, -0.726306557655, -0.758447408676, -0.7689691782, -0.760075330734], "min": [-0.94470000267, -0.956114709377, -0.943558812141, -0.94025593996, -0.92692142725, -0.897265672684], "dvar2": [0.0036363909021, 0.00294307945296, 0.00256297877058, 0.00189636298455, 0.00108844181523, 0.000921378436033], "dvar": [0.00130312563851, 0.00113534112461, 0.00100950791966, 0.000744817953091, 0.000453505810583, 0.000365918444004], "dmean": [0.0437214784324, 0.0414995513856, 0.0392195023596, 0.0327880457044, 0.0252286549658, 0.01974298805], "max": [-0.266222476959, -0.351813077927, -0.394165456295, -0.439900845289, -0.522252082825, -0.485800266266], "var": [0.00945941451937, 0.00820020027459, 0.00866095535457, 0.00572467828169, 0.00335487723351, 0.00189699523617], "mean": [-0.628379702568, -0.689237952232, -0.711279511452, -0.747276306152, -0.763421714306, -0.757182300091]}, "melbands_skewness": {"dmean2": 0.850225567818, "median": 1.57610964775, "min": -1.32749700546, "dvar2": 0.860503733158, "dvar": 0.352791309357, "dmean": 0.536556303501, "max": 15.0921611786, "var": 2.24434018135, "mean": 1.85848546028}, "spectral_spread": {"dmean2": 606805.1875, "median": 3478832, "min": 1106495, "dvar2": 598985605120, "dvar": 319900155904, "dmean": 397347.59375, "max": 16349277, "var": 2041138642940.0, "mean": 3796062.25}, "dissonance": {"dmean2": 0.0513375811279, "median": 0.441828995943, "min": 0.127381831408, "dvar2": 0.00246146204881, "dvar": 0.000900999817532, "dmean": 0.030352877453, "max": 0.500000059605, "var": 0.00275176251307, "mean": 0.430477827787}, "spectral_skewness": {"dmean2": 0.435992628336, "median": 2.02524423599, "min": -0.00909018609673, "dvar2": 0.189568564296, "dvar": 0.0762793645263, "dmean": 0.265841692686, "max": 6.35631227493, "var": 0.514241337776, "mean": 2.16858720779}, "spectral_flux": {"dmean2": 0.0323133245111, "median": 0.0701464414597, "min": 7.84615331213e-05, "dvar2": 0.00110619654879, "dvar": 0.00042810550076, "dmean": 0.019792214036, "max": 0.302487492561, "var": 0.00150665536057, "mean": 0.0753476321697}, "spectral_contrast_valleys": {"dmean2": [0.545348644257, 0.474585294724, 0.490354865789, 0.448984563351, 0.380401134491, 0.34772208333], "median": [-6.80873823166, -6.56075525284, -7.391040802, -8.38418197632, -8.46940612793, -10.8769226074], "min": [-16.8883838654, -13.4964141846, -13.8479118347, -13.8112106323, -14.7996683121, -16.6438426971], "dvar2": [0.231332972646, 0.146656289697, 0.156479597092, 0.145009666681, 0.125267297029, 0.14176851511], "dvar": [0.0855780616403, 0.0539246015251, 0.0586679652333, 0.0576266720891, 0.0550723560154,