{"tonal": {"thpcp": [1, 0.495595306158, 0.257399767637, 0.205488204956, 0.232523947954, 0.444098383188, 0.533964216709, 0.340996950865, 0.216228991747, 0.187578976154, 0.223714724183, 0.514817118645, 0.624324500561, 0.404992341995, 0.424098312855, 0.49724394083, 0.332022130489, 0.209346875548, 0.201363757253, 0.219296976924, 0.497175693512, 0.637380361557, 0.409664183855, 0.28405418992, 0.21095739305, 0.174409762025, 0.306576102972, 0.358822256327, 0.268354296684, 0.212543383241, 0.171945571899, 0.186523139477, 0.357245355844, 0.457370221615, 0.511074662209, 0.948075294495], "hpcp": {"dmean2": [0.359934031963, 0.362235993147, 0.298020660877, 0.215464502573, 0.175141260028, 0.174703374505, 0.212846145034, 0.21847961843, 0.189041659236, 0.1523373276, 0.140319004655, 0.158426001668, 0.215357631445, 0.250939279795, 0.243535786867, 0.218135178089, 0.188502907753, 0.173178300261, 0.148754730821, 0.144007071853, 0.157496154308, 0.203609988093, 0.22308331728, 0.214170247316, 0.223347693682, 0.154389813542, 0.115506418049, 0.149190619588, 0.164868876338, 0.139576166868, 0.136890262365, 0.138249561191, 0.151126116514, 0.21045820415, 0.263543754816, 0.317112743855], "median": [0.149395048618, 0.163112983108, 0.0801256000996, 0.0242079943419, 0.02035747841, 0.0284213032573, 0.061626188457, 0.0766786932945, 0.0504937767982, 0.0278264023364, 0.0256016515195, 0.0304509270936, 0.0757151097059, 0.0977341979742, 0.0635057166219, 0.0453356467187, 0.0390127599239, 0.0299496427178, 0.0273960903287, 0.0250974260271, 0.0275494921952, 0.0752039253712, 0.0951594412327, 0.067470446229, 0.0283202640712, 0.0237432084978, 0.0230775624514, 0.0422104820609, 0.048285625875, 0.0356786027551, 0.0246881600469, 0.0191193856299, 0.0230796150863, 0.0456911697984, 0.0543722435832, 0.0775646567345], "min": [0, 0, 0, 0, 0, 0, 0, 0, 0, 0, 0, 0, 0, 0, 0, 0, 0, 0, 0, 0, 0, 0, 0, 0, 0, 0, 0, 0, 0, 0, 0, 0, 0, 0, 0, 0], "dvar2": [0.184379279613, 0.181001067162, 0.157831013203, 0.131529271603, 0.111386038363, 0.0999572724104, 0.104442551732, 0.10107729584, 0.100348241627, 0.0839579328895, 0.0731124505401, 0.079174362123, 0.0923218280077, 0.106073901057, 0.109028868377, 0.10056335479, 0.0876367837191, 0.0793465450406, 0.0806505382061, 0.0773117393255, 0.0798541978002, 0.0840941369534, 0.0956317186356, 0.0835854411125, 0.139744639397, 0.0690909847617, 0.0618038699031, 0.0726235732436, 0.083019644022, 0.0641705095768, 0.0688805654645, 0.090697452426, 0.0950721353292, 0.116366639733, 0.150098204613, 0.17567498982], "dvar": [0.0698456540704, 0.0726639330387, 0.0589217320085, 0.0476508364081, 0.0395492725074, 0.0354409106076, 0.0392356701195, 0.0404304936528, 0.0357691347599, 0.0297484956682, 0.0257518608123, 0.0280386973172, 0.0362427681684, 0.0414268746972, 0.0399043038487, 0.0371753275394, 0.0402910485864, 0.0305436216295, 0.0288865212351, 0.0275509618223, 0.0281563661993, 0.0322637744248, 0.0432903133333, 0.0329496189952, 0.0514184236526, 0.0247783269733, 0.0218846574426, 0.0277483202517, 0.0345393531024, 0.0245287958533, 0.025330465287, 0.0311450641602, 0.0333876609802, 0.0429598130286, 0.0569279007614, 0.0635469257832], "dmean": [0.20512072742, 0.207008585334, 0.166989535093, 0.117769740522, 0.0947203710675, 0.0961948484182, 0.122843161225, 0.127890720963, 0.107198923826, 0.0844785124063, 0.0771390646696, 0.0878028124571, 0.126583606005, 0.146572366357, 0.137348264456, 0.12477324158, 0.110601857305, 0.0996738895774, 0.0824536830187, 0.080414287746, 0.0881689116359, 0.120265431702, 0.134453430772, 0.124492816627, 0.122782073915, 0.0855684652925, 0.065401904285, 0.0881361067295, 0.0976422354579, 0.0823178812861, 0.0781155973673, 0.0750753208995, 0.0819716975093, 0.118837401271, 0.14744143188, 0.177070692182], "max": [1, 1, 1, 1, 1, 1, 1, 1, 1, 1, 1, 1, 1, 1, 1, 1, 1, 1, 1, 1, 1, 1, 1, 1, 1, 1, 1, 1, 1, 1, 1, 1, 1, 1, 1, 1], "var": [0.131708532572, 0.140394359827, 0.0551343038678, 0.0343830473721, 0.0261558908969, 0.0260550007224, 0.055415995419, 0.074025914073, 0.0374506413937, 0.0226796027273, 0.0180212017149, 0.020708501339, 0.0645597800612, 0.082476362586, 0.0393019244075, 0.0532851926982, 0.0919358506799, 0.0410965830088, 0.0221605654806, 0.0212674681097, 0.0219911336899, 0.0569681189954, 0.0914913713932, 0.0370646864176, 0.0397685691714, 0.0196303706616, 0.0177306681871, 0.0353579223156, 0.0500130839646, 0.0290637854487, 0.0232754535973, 0.0199880953878, 0.0220667645335, 0.0443122722208, 0.0670453980565, 0.0610706210136], "mean": [0.343947082758, 0.362784564495, 0.179794326425, 0.0933806672692, 0.0745479464531, 0.0843560993671, 0.161112040281, 0.193713977933, 0.123708434403, 0.0784445405006, 0.0680507570505, 0.0811602473259, 0.186767697334, 0.226495295763, 0.146924972534, 0.153856322169, 0.180392429233, 0.12045250833, 0.0759478136897, 0.073051661253, 0.0795575603843, 0.180367663503, 0.231231763959, 0.14861984551, 0.103050470352, 0.0765320882201, 0.0632731691003, 0.111221075058, 0.130175173283, 0.097354799509, 0.0771074593067, 0.0623792000115, 0.0676677152514, 0.129603102803, 0.165926858783, 0.185409992933]}, "tuning_equal_tempered_deviation": 0.230956286192, "chords_changes_rate": 0.0539528727531, "key_key": "A", "tuning_diatonic_strength": 0.65258461237, "key_scale": "major", "chords_number_rate": 0.00176172645297, "tuning_frequency": 434.193115234, "tuning_nontempered_energy_ratio": 0.954803705215, "chords_histogram": [39.3525657654, 7.70755338669, 9.00682640076, 0.1761726439, 0.286280542612, 0, 0.506496369839, 0, 2.15811491013, 0, 0, 0, 0, 0, 0, 2.40035223961, 0, 0.594582676888, 0, 0, 0.1761726439, 9.79960346222, 8.98480510712, 18.8504734039], "key_strength": 0.847696661949, "chords_key": "A", "chords_strength": {"dmean2": 0.00953611638397, "median": 0.511438131332, "min": 0.255776643753, "dvar2": 7.41444455343e-05, "dvar": 5.93931981712e-05, "dmean": 0.00906861852854, "max": 0.755906224251, "var": 0.00971031468362, "mean": 0.510941624641}, "chords_scale": "major", "hpcp_entropy": {"dmean2": 1.03042340279, "median": 2.19486093521, "min": 0, "dvar2": 0.708085298538, "dvar": 0.268627464771, "dmean": 0.614901483059, "max": 4.65043210983, "var": 0.552894294262, "mean": 2.22707819939}}, "metadata": {"audio_properties": {"equal_loudness": 0, "codec": "mp3", "downmix": "mix", "sample_rate": 44100, "analysis_sample_rate": 44100, "bit_rate": 160020, "md5_encoded": "3a93a4d8e6d0e2fe8f79e32d8495283c", "length": 210.808166504, "replay_gain": -14.4492473602, "lossless": false}, "version": {"essentia_build_sha": "70f2e5ece6736b2c40cc944ad0e695b16b925413", "essentia": "2.1-beta2", "extractor": "music 1.0", "essentia_git_sha": "v2.1_beta2"}, "tags": {"title": ["\u0130karus Ba\u015farsa"], "date": ["2008"], "file_name": "Sakin - \u0130karus Ba\u015farsa.mp3", "musicbrainz_recordingid": ["111a6610-4619-4f04-952b-049b7edc0b4f"], "artistsort": ["Sakin"], "encoding": ["Lavf56.36.100"], "artist": ["Sakin"], "tracknumber": ["2/0"], "bpm": ["0"], "album": ["Hayat"], "discnumber": ["0/0"], "musicbrainz_artistid": ["cdcd4b86-328e-4ff0-b46c-141ef2069016"]}}, "rhythm": {"bpm_histogram_first_peak_bpm": {"dmean2": 0, "median": 152, "min": 152, "dvar2": 0, "dvar": 0, "dmean": 0, "max": 152, "var": 0, "mean": 152}, "bpm": 150.002807617, "bpm_histogram_second_peak_spread": {"dmean2": 0, "median": 0.300000011921, "min": 0.300000011921, "dvar2": 0, "dvar": 0, "dmean": 0, "max": 0.300000011921, "var": 0, "mean": 0.300000011921}, "bpm_histogram_first_peak_weight": {"dmean2": 0, "median": 0.515384614468, "min": 0.515384614468, "dvar2": 0, "dvar": 0, "dmean": 0, "max": 0.515384614468, "var": 0, "mean": 0.515384614468}, "onset_rate": 3.37245607376, "beats_position": [0.406349211931, 0.835918366909, 1.26548755169, 1.69505667686, 2.11301589012, 2.53097510338, 2.94893407822, 3.35528349876, 3.76163268089, 4.1679816246, 4.57433080673, 4.96907043457, 5.3754196167, 5.78176879883, 6.17650794983, 6.57124710083, 6.96598625183, 7.37233543396, 7.77868461609, 8.17342376709, 8.56816291809, 8.97451210022, 9.38086128235, 9.78721046448, 10.1935596466, 10.5999088287, 11.0062580109, 11.412607193, 11.8189563751, 12.2253055573, 12.6316547394, 13.0263938904, 13.4211339951, 13.8158731461, 14.2106122971, 14.6169614792, 15.0233106613, 15.4180498123, 15.8127889633, 16.2191371918, 16.6254863739, 17.0202255249, 17.4149665833, 17.8213157654, 18.2276649475, 18.6224040985, 19.0171432495, 19.4118824005, 19.8182315826, 20.2245807648, 20.6193199158, 21.0140590668, 21.4204082489, 21.826757431, 22.221496582, 22.616235733, 23.010974884, 23.4173240662, 23.8236732483, 24.2184123993, 24.6131515503, 25.0195007324, 25.4258499146, 25.8205890656, 26.2153282166, 26.6216773987, 27.0280265808, 27.4227657318, 27.8175048828, 28.2238540649, 28.6185932159, 29.0249423981, 29.4196815491, 29.8144207001, 30.2207698822, 30.6155090332, 31.0218582153, 31.4165973663, 31.8113365173, 32.2176856995, 32.6240348816, 33.0187759399, 33.4135131836, 33.8082542419, 34.2146034241, 34.6209526062, 35.0156898499, 35.422039032, 35.8167800903, 36.211517334, 36.6178665161, 37.0242156982, 37.4305648804, 37.8253059387, 38.2200431824, 38.6147842407, 39.0211334229, 39.427482605, 39.8222198486, 40.216960907, 40.6116981506, 41.0180473328, 41.4243965149, 41.8191375732, 42.2138786316, 42.6086158752, 43.0033569336, 43.4097061157, 43.8160552979, 44.2107925415, 44.6171417236, 45.011882782, 45.4182319641, 45.8129692078, 46.2193183899, 46.6140594482, 47.0204086304, 47.415145874, 47.8214950562, 48.2278442383, 48.6225852966, 49.0173225403, 49.4120635986, 49.8184127808, 50.2247619629, 50.6194992065, 51.0142402649, 51.420589447, 51.8269386292, 52.2216758728, 52.6164169312, 53.0111541748, 53.4175033569, 53.8238525391, 54.2185935974, 54.6133308411, 55.0196800232, 55.4260292053, 55.8207702637, 56.2155075073, 56.6102485657, 57.0165977478, 57.4229469299, 57.8176841736, 58.2124252319, 58.6187744141, 59.0251235962, 59.4198646545, 59.8146018982, 60.2093429565, 60.6156921387, 61.0104293823, 61.4167785645, 61.8231277466, 62.2294769287, 62.6242179871, 63.0189552307, 63.4136962891, 63.8200454712, 64.2263946533, 64.621131897, 65.0158691406, 65.4222183228, 65.8285675049, 66.2233123779, 66.6180496216, 67.0127868652, 67.4191360474, 67.8254852295, 68.2202224731, 68.6149673462, 69.0213165283, 69.4276657104, 69.8224029541, 70.2171401978, 70.6118774414, 71.0182266235, 71.4245758057, 71.8193206787, 72.2256698608, 72.6204071045, 73.0151443481, 73.4214935303, 73.8162307739, 74.210975647, 74.6173248291, 75.0236740112, 75.4184112549, 75.8131484985, 76.2194976807, 76.6258468628, 77.0205917358, 77.4153289795, 77.8100662231, 78.2280273438, 78.6227645874, 79.0175018311, 79.4122467041, 79.8185958862, 80.2249450684, 80.619682312, 81.0144195557, 81.4091567993, 81.8155059814, 82.2218551636, 82.6166000366, 83.0113372803, 83.4176864624, 83.8240356445, 84.2187728882, 84.6135101318, 85.019859314, 85.4262084961, 85.8209533691, 86.2156906128, 86.6220397949, 87.0283889771, 87.4231262207, 87.8178634644, 88.2126083374, 88.6189575195, 89.0253067017, 89.4200439453, 89.814781189, 90.2095184326, 90.6158676147, 91.0222167969, 91.4169616699, 91.8116989136, 92.2180480957, 92.6243972778, 93.0191345215, 93.4138793945, 93.8202285767, 94.2265777588, 94.6213150024, 95.0160522461, 95.4224014282, 95.8287506104, 96.223487854, 96.6182327271, 97.0129699707, 97.4193191528, 97.825668335, 98.2204055786, 98.6151428223, 99.0098876953, 99.4162368774, 99.8225860596, 100.217323303, 100.612060547, 101.006797791, 101.401542664, 101.807891846, 102.214241028, 102.608978271, 103.015327454, 103.421676636, 103.816413879, 104.211151123, 104.617500305, 105.023849487, 105.41859436, 105.813331604, 106.219680786, 106.626029968, 107.020767212, 107.415504456, 107.810249329, 108.204986572, 108.599723816, 109.006072998, 109.41242218, 109.807167053, 110.213516235, 110.619865417, 111.014602661, 111.409339905, 111.815689087, 112.210426331, 112.616775513, 113.011520386, 113.406257629, 113.800994873, 114.218955994, 114.613693237, 115.008430481, 115.414779663, 115.821128845, 116.215873718, 116.610610962, 117.005348206, 117.411697388, 117.806434631, 118.212783813, 118.619132996, 119.025482178, 119.420227051, 119.814964294, 120.209701538, 120.604438782, 121.010787964, 121.417137146, 121.811882019, 122.206619263, 122.612968445, 123.019317627, 123.414054871, 123.808792114, 124.215148926, 124.621498108, 125.016235352, 125.410972595, 125.817321777, 126.223670959, 126.618408203, 127.013153076, 127.419502258, 127.82585144, 128.220581055, 128.615325928, 129.010070801, 129.416412354, 129.811157227, 130.217498779, 130.612243652, 131.006988525, 131.413330078, 131.81968689, 132.214416504, 132.609161377, 133.01550293, 133.421859741, 133.816589355, 134.211334229, 134.61769104, 135.024032593, 135.418777466, 135.81350708, 136.219863892, 136.614593506, 137.020950317, 137.41569519, 137.810424805, 138.216781616, 138.623123169, 139.017868042, 139.412597656, 139.818954468, 140.225296021, 140.620040894, 141.014785767, 141.409515381, 141.804260254, 142.199005127, 142.593734741, 143.000091553, 143.406433105, 143.812789917, 144.21913147, 144.613876343, 145.008621216, 145.414962769, 145.809707642, 146.204437256, 146.610794067, 147.01713562, 147.423492432, 147.818222046, 148.212966919, 148.607711792, 149.014053345, 149.420410156, 149.815139771, 150.209884644, 150.616226196, 151.022583008, 151.417327881, 151.812057495, 152.218414307, 152.624755859, 153.019500732, 153.414230347, 153.820587158, 154.226928711, 154.621673584, 155.016418457, 155.411148071, 155.817504883, 156.223846436, 156.618591309, 157.013336182, 157.408065796, 157.814422607, 158.22076416, 158.615509033, 159.010253906, 159.416595459, 159.822952271, 160.217681885, 160.612426758, 161.018768311, 161.425125122, 161.819854736, 162.214599609, 162.609344482, 163.015686035, 163.422042847, 163.816772461, 164.211517334, 164.606262207, 165.01260376, 165.418960571, 165.813690186, 166.220046997, 166.62638855, 167.021133423, 167.415863037, 167.822219849, 168.216964722, 168.623306274, 169.018051147, 169.412780762, 169.819137573, 170.225479126, 170.620223999, 171.014968872, 171.421310425, 171.827667236, 172.222396851, 172.617141724, 173.011871338, 173.418228149, 173.824569702, 174.219314575, 174.625671387, 175.032012939, 175.426757812, 175.821487427, 176.2162323, 176.610977173, 177.017318726, 177.423675537, 177.818405151, 178.213150024, 178.607894897, 179.01423645, 179.420593262, 179.815322876, 180.210067749, 180.616409302, 181.011154175, 181.417495728, 181.812240601, 182.218597412, 182.613327026, 183.019683838, 183.414413452, 183.820770264, 184.227111816, 184.621856689, 185.016601562, 185.411331177, 185.80607605, 186.212417603, 186.618774414, 187.013504028, 187.41986084, 187.826202393, 188.220947266, 188.615692139, 189.010421753, 189.405166626, 189.811508179, 190.21786499, 190.612609863, 191.007339478, 191.413696289, 191.820037842, 192.214782715, 192.609527588, 193.015869141, 193.422225952, 193.816955566, 194.211700439, 194.618041992, 195.012786865, 195.419128418, 195.813873291, 196.208618164, 196.603347778, 197.00970459, 197.416046143, 197.810791016, 198.217132568, 198.62348938, 199.018234253, 199.412963867, 199.80770874, 200.214050293, 200.620407104, 201.015136719, 201.409881592, 201.816238403, 202.222579956, 202.652145386, 203.070114136, 203.592559814, 204.115005493, 204.625839233, 205.090240479, 205.554641724, 206.019042969, 206.564712524, 207.087158203, 207.598007202, 208.120452881, 208.631286621, 209.1537323, 209.676193237, 210.198638916], "beats_loudness": {"dmean2": 0.0404663868248, "median": 0.0379105247557, "min": 1.68043573012e-06, "dvar2": 0.00125320197549, "dvar": 0.000376076699467, "dmean": 0.0215615872294, "max": 0.123921118677, "var": 0.000490392558277, "mean": 0.0419847741723}, "danceability": 1.15251648426, "bpm_histogram_second_peak_weight": {"dmean2": 0, "median": 0.0134615385905, "min": 0.0134615385905, "dvar2": 0, "dvar": 0, "dmean": 0, "max": 0.0134615385905, "var": 0, "mean": 0.0134615385905}, "beats_count": 521, "bpm_histogram_second_peak_bpm": {"dmean2": 0, "median": 115, "min": 115, "dvar2": 0, "dvar": 0, "dmean": 0, "max": 115, "var": 0, "mean": 115}, "bpm_histogram_first_peak_spread": {"dmean2": 0, "median": 0.459677398205, "min": 0.459677398205, "dvar2": 0, "dvar": 0, "dmean": 0, "max": 0.459677398205, "var": 0, "mean": 0.459677398205}, "beats_loudness_band_ratio": {"dmean2": [0.649062335491, 0.159477815032, 0.190310820937, 0.186784863472, 0.156094357371, 0.188904434443], "median": [0.380038559437, 0.0554573684931, 0.0839365124702, 0.0940136164427, 0.10101941973, 0.0966682881117], "min": [0.000143947167089, 0.00166535808239, 0.00181465130299, 0.00278615183197, 0.00204692827538, 0.000790854101069], "dvar2": [0.17203900218, 0.0134518742561, 0.0251171179116, 0.0248712357134, 0.0107674105093, 0.0135875893757], "dvar": [0.0507631897926, 0.00442376453429, 0.00810129754245, 0.00960459187627, 0.00342681980692, 0.00388334295712], "dmean": [0.335879951715, 0.0836566016078, 0.104766517878, 0.106883764267, 0.0839016065001, 0.0993753224611], "max": [0.971758186817, 0.933513402939, 0.959717512131, 0.621134757996, 0.443533033133, 0.390711814165], "var": [0.0769678279757, 0.0132902516052, 0.0266535170376, 0.0144955851138, 0.00652117049322, 0.00588386273012], "mean": [0.451451331377, 0.0845160037279, 0.129053354263, 0.130514755845, 0.116795688868, 0.106744892895]}}, "lowlevel": {"barkbands_spread": {"dmean2": 9.06433868408, "median": 34.4633102417, "min": 0.372543632984, "dvar2": 89.937461853, "dvar": 39.6026306152, "dmean": 5.87216281891, "max": 97.4442749023, "var": 213.094024658, "mean": 34.6127357483}, "melbands_spread": {"dmean2": 13.3160629272, "median": 33.8845214844, "min": 0.513518512249, "dvar2": 190.080596924, "dvar": 79.6241073608, "dmean": 8.46739578247, "max": 149.908187866, "var": 341.566192627, "mean": 35.2333068848}, "hfc": {"dmean2": 10.3689489365, "median": 28.7334651947, "min": 1.20366558178e-16, "dvar2": 226.595321655, "dvar": 94.157333374, "dmean": 6.74806404114, "max": 126.272918701, "var": 304.519744873, "mean": 29.4317378998}, "barkbands_kurtosis": {"dmean2": 2.82818579674, "median": -0.29423058033, "min": -1.8846886158, "dvar2": 36.245223999, "dvar": 15.7625598907, "dmean": 1.78061854839, "max": 270.044464111, "var": 69.3988876343, "mean": 1.69621515274}, "gfcc": {"mean": [16.2736167908, 83.0836257935, -137.194168091, 54.1201133728, -47.1906471252, 19.3919487, -27.1272583008, 14.7611236572, -23.5427875519, 0.790335536003, -14.5925045013, -4.74026727676, -9.84438800812], "icov": [[0.000308878254145, -8.22466172394e-05, 5.23523667653e-05, -0.000494389561936, 0.000248343509156, -0.000787714438047, 0.000330163282342, -0.00049386464525, 0.000123368925415, -0.000100817655039, 0.000434936926467, -0.000357711571269, 8.23025038699e-05], [-8.22466172394e-05, 0.00464748265222, -0.00104266009293, 0.00128572410904, -0.00192158541176, 0.00246254866943, -0.00298873684369, 0.0017281495966, -0.0020146491006, 0.00310731353238, -0.00433779647574, 0.00456314487383, -0.00214734766632], [5.23523667653e-05, -0.00104266009293, 0.0034722990822, -0.000689243257511, 0.000119176576845, -0.00210749194957, 0.00242074020207, -0.00218770001084, 0.000794748833869, -0.0018083587056, 0.00143615400884, -0.00332855433226, 0.00159073574468], [-0.000494389561936, 0.00128572410904, -0.000689243257511, 0.00479904050007, -0.00244619394653, -0.000439751689555, 0.000726460712031, 0.00295770401135, -0.00362315657549, 0.00240859529004, -0.00243831565604, 0.0022989064455, -0.00111576425843], [0.000248343509156, -0.00192158541176, 0.000119176576845, -0.00244619394653, 0.00713543361053, -0.00101964606438, -0.000856749888044, -0.00162136519793, 0.00105421128683, -0.0029051147867, 0.00224468577653, -0.00297525455244, -0.000164023324032], [-0.000787714438047, 0.00246254866943, -0.00210749194957, -0.000439751689555, -0.00101964606438, 0.00866926833987, -0.00435933005065, -0.00165527069476, 0.00219256966375, 0.00246998947114, -0.00211997306906, 0.00332676526159, -0.00150150828995], [0.000330163282342, -0.00298873684369, 0.00242074020207, 0.000726460712031, -0.000856749888044, -0.00435933005065, 0.011353478767, -0.00306684547104, 4.41622578364e-05, -0.000309987517539, 0.00157177471556, -0.00391633389518, 0.00190327758901], [-0.00049386464525, 0.0017281495966, -0.00218770001084, 0.00295770401135, -0.00162136519793, -0.00165527069476, -0.00306684547104, 0.0112635232508, -0.0030979400035, -0.0015596220037, -0.000657889235299, 0.00483212666586, -0.00222776224837], [0.000123368925415, -0.0020146491006, 0.000794748833869, -0.00362315657549, 0.00105421128683, 0.00219256966375, 4.41622578364e-05, -0.0030979400035, 0.0161982383579, -0.00576224317774, 0.00126005103812, 0.00152733898722, 0.000114293499792], [-0.000100817655039, 0.00310731353238, -0.0018083587056, 0.00240859529004, -0.0029051147867, 0.00246998947114, -0.000309987517539, -0.0015596220037, -0.00576224317774, 0.021320881322, -0.00605229008943, -0.00192304491065, 0.00452256016433], [0.000434936926467, -0.00433779647574, 0.00143615400884, -0.00243831565604, 0.00224468577653, -0.00211997306906, 0.00157177471556, -0.000657889235299, 0.00126005103812, -0.00605229008943, 0.0200998429209, -0.00475597707555, -0.00178663653787], [-0.000357711571269, 0.00456314487383, -0.00332855433226, 0.0022989064455, -0.00297525455244, 0.00332676526159, -0.00391633389518, 0.00483212666586, 0.00152733898722, -0.00192304491065, -0.00475597707555, 0.0240840408951, -0.0073501537554], [8.23025038699e-05, -0.00214734766632, 0.00159073574468, -0.00111576425843, -0.000164023324032, -0.00150150828995, 0.00190327758901, -0.00222776224837, 0.000114293499792, 0.00452256016433, -0.00178663653787, -0.0073501537554, 0.0212206654251]], "cov": [[13934.2519531, -2033.6574707, 2237.86157227, 1473.28723145, 315.121826172, 2615.29394531, -44.9655685425, 1255.63171387, -232.115402222, 63.7015838623, -378.140441895, 115.002914429, -31.1144809723], [-2033.6574707, 826.174499512, -453.911834717, -190.067947388, 17.5692615509, -475.235992432, 88.6675949097, -232.276763916, 91.4618301392, -61.0095825195, 127.806159973, -73.4185256958, 47.5342254639], [2237.86157227, -453.911834717, 893.335083008, 227.862884521, 103.920631409, 557.935058594, -38.1886978149, 319.903961182, -61.8991279602, 71.710723877, -82.3236846924, 70.6549377441, -29.7145671844], [1473.28723145, -190.067947388, 227.862884521, 541.08984375, 109.366485596, 260.405212402, -58.8921279907, 46.1928482056, 36.6920433044, -16.4116382599, -8.77373218536, -3.71898889542, 17.0972118378], [315.121826172, 17.5692615509, 103.920631409, 109.366485596, 217.176681519, 99.8273544312, 41.9055900574, 59.501991272, 8.00611877441, 19.1463871002, -1.85085904598, 17.3483924866, 11.475687027], [2615.29394531, -475.235992432, 557.935058594, 260.405212402, 99.8273544312, 728.680541992, 60.6060752869, 327.679077148, -82.7272949219, 11.4424066544, -81.5442886353, 25.4223003387, -5.12282133102], [-44.9655685425, 88.6675949097, -38.1886978149, -58.8921279907, 41.9055900574, 60.6060752869, 162.758117676, 52.110332489, -3.62357592583, -5.75950813293, 4.9002122879, -1.92478764057, 5.39088582993], [1255.63171387, -232.276763916, 319.903961182, 46.1928482056, 59.501991272, 327.679077148, 52.110332489, 292.921234131, -19.456029892, 37.8366088867, -48.0103569031, 5.92901134491, -10.1506919861], [-232.115402222, 91.4618301392, -61.8991279602, 36.6920433044, 8.00611877441, -82.7272949219, -3.62357592583, -19.456029892, 98.9173202515, 15.3789587021, 17.7611141205, -18.4893493652, 0.496440321207], [63.7015838623, -61.0095825195, 71.710723877, -16.4116382599, 19.1463871002, 11.4424066544, -5.75950813293, 37.8366088867, 15.3789587021, 78.6717376709, 4.24554729462, 16.9408016205, -17.8370609283], [-378.140441895, 127.806159973, -82.3236846924, -8.77373218536, -1.85085904598, -81.5442886353, 4.9002122879, -48.0103569031, 17.7611141205, 4.24554729462, 81.7411575317, 1.05325043201, 15.0918636322], [115.002914429, -73.4185256958, 70.6549377441, -3.71898889542, 17.3483924866, 25.4223003387, -1.92478764057, 5.92901134491, -18.4893493652, 16.9408016205, 1.05325043201, 70.2571792603, 10.2733097076], [-31.1144809723, 47.5342254639, -29.7145671844, 17.0972118378, 11.475687027, -5.12282133102, 5.39088582993, -10.1506919861, 0.496440321207, -17.8370609283, 15.0918636322, 10.2733097076, 61.9858474731]]}, "spectral_energyband_middle_low": {"dmean2": 0.00604340992868, "median": 0.0054858266376, "min": 2.26507108464e-22, "dvar2": 8.18237676867e-05, "dvar": 3.03915476252e-05, "dmean": 0.00355727272108, "max": 0.0543152093887, "var": 3.95820497943e-05, "mean": 0.00723862927407}, "melbands_crest": {"dmean2": 5.16450452805, "median": 14.63671875, "min": 3.04809403419, "dvar2": 23.9130153656, "dvar": 9.93488311768, "dmean": 3.22427606583, "max": 34.0716972351, "var": 32.7099380493, "mean": 15.5663909912}, "spectral_kurtosis": {"dmean2": 2.25436425209, "median": 3.11282753944, "min": -1.17427229881, "dvar2": 11.4905500412, "dvar": 3.90307736397, "dmean": 1.30824530125, "max": 47.8550949097, "var": 7.95759296417, "mean": 3.56363534927}, "spectral_rms": {"dmean2": 0.0013419551542, "median": 0.00530469138175, "min": 3.20390589059e-12, "dvar2": 2.66658707915e-06, "dvar": 1.10648386453e-06, "dmean": 0.000824078160804, "max": 0.0126388026401, "var": 3.64518427887e-06, "mean": 0.00531218899414}, "zerocrossingrate": {"dmean2": 0.0107470285147, "median": 0.06787109375, "min": 0.00830078125, "dvar2": 0.000113379617687, "dvar": 0.000103211044916, "dmean": 0.00909125991166, "max": 0.5029296875, "var": 0.000817470077891, "mean": 0.0709021985531}, "silence_rate_60dB": {"dmean2": 0.00264375424013, "median": 0, "min": 0, "dvar2": 0.00263670878485, "dvar": 0.00132001785096, "dmean": 0.0013217314845, "max": 1, "var": 0.058244343847, "mean": 0.0621145367622}, "erbbands_kurtosis": {"dmean2": 1.14166116714, "median": 0.29052901268, "min": -1.81878435612, "dvar2": 2.28392601013, "dvar": 1.08367073536, "dmean": 0.743234455585, "max": 81.0775604248, "var": 6.45455598831, "mean": 0.679856300354}, "erbbands": {"dmean2": [0.417431950569, 2.60116386414, 3.47672820091, 8.75056362152, 6.16170167923, 9.10420608521, 4.80011940002, 4.02712154388, 8.64598083496, 10.9389419556, 25.6475734711, 17.4004096985, 25.1483631134, 34.0800247192, 30.3568477631, 24.0893478394, 24.0940418243, 21.7250461578, 29.1991176605, 37.8853530884, 26.8579025269, 27.3650512695, 31.2702102661, 25.7426433563, 27.1230926514, 29.115278244, 17.2255115509, 11.4392328262, 8.60900211334, 6.15454149246, 3.8279967308, 2.76439619064, 1.64554512501, 0.807735681534, 0.353308826685, 0.125144049525, 0.0291727632284, 0.00577880023047, 0.000387518579373, 2.37438325712e-05], "median": [0.154102057219, 1.63802564144, 3.08202075958, 4.08225631714, 3.57649040222, 3.10670804977, 2.64175844193, 2.46810293198, 3.30573797226, 4.88976812363, 6.93159008026, 7.86080932617, 10.5095252991, 13.3374576569, 13.2875442505, 15.5134372711, 16.990562439, 20.497089386, 26.1551551819, 27.5305633545, 28.2369289398, 32.5228004456, 38.8456840515, 32.4907684326, 31.9581260681, 29.2195701599, 18.9732971191, 9.52269077301, 5.37009048462, 3.93007683754, 3.25795078278, 2.49518346786, 1.47376549244, 0.686454832554, 0.231458246708, 0.0653631612659, 0.0119951497763, 0.00153668108396, 6.5958207415e-05, 4.21340737375e-05], "min": [1.41330603218e-21, 4.93403501475e-21, 8.03222360086e-20, 1.32339450055e-19, 7.51551230653e-20, 1.07413939109e-19, 4.76826558046e-19, 3.5009111447e-19, 3.41142674603e-19, 5.00724322931e-19, 7.27235170873e-19, 8.86022208825e-19, 8.19971681816e-19, 8.10752133503e-19, 2.96554734115e-18, 4.25337470387e-18, 6.11158466477e-18, 3.85588422744e-18, 8.97547130184e-18, 5.1474944939e-18, 4.51134007688e-18, 8.81506195591e-18, 6.25093481948e-18, 1.1120647588e-17, 1.4669399654e-17, 1.43753534899e-17, 1.73712610478e-17, 1.97989898236e-17, 1.95376834681e-17, 1.62127681302e-17, 1.59063721595e-17, 1.70317993593e-17, 1.23823329415e-17, 1.18885789077e-17, 7.75522190682e-18, 7.27356538948e-18, 3.80403489229e-18, 1.46784595565e-18, 3.29736319245e-19, 3.79819236052e-20], "dvar2": [0.646572768688, 18.4690322876, 26.6688117981, 251.072158813, 91.0468978882, 441.092773438, 69.6099090576, 47.6222915649, 472.516418457, 676.265563965, 3744.49047852, 2352.18774414, 3515.88452148, 6042.59765625, 5876.296875, 2371.28295898, 1936.97509766, 901.073974609, 1794.03173828, 4711.48486328, 1211.29711914, 1212.11474609, 1429.24279785, 1105.82006836, 1138.4453125, 2179.57714844, 769.729125977, 353.934326172, 221.936645508, 119.625236511, 41.4795761108, 21.72082901, 9.52429294586, 2.28960943222, 0.688802719116, 0.0878880172968, 0.00416580634192, 0.000174729444552, 1.22825383642e-06, 1.01065011915e-09], "dvar": [0.26591899991, 6.60477495193, 9.39230060577, 87.6838531494, 32.778793335, 156.697784424, 24.8369235992, 20.8720264435, 202.223556519, 266.929382324, 1521.26098633, 1132.49487305, 1772.73510742, 3104.51757812, 2785.56982422, 1004.23638916, 760.543884277, 341.765686035, 707.462890625, 1723.2434082, 497.336212158, 457.9140625, 565.327392578, 424.918334961, 463.35824585, 830.28717041, 299.225067139, 142.086929321, 90.1444854736, 53.3972587585, 19.3895130157, 10.6907663345, 5.09286785126, 1.15992236137, 0.310741662979, 0.037928711623, 0.00186381128151, 7.94175793999e-05, 5.16866577982e-07, 4.35513319852e-10], "dmean": [0.259481281042, 1.50634610653, 2.00173163414, 4.92848396301, 3.54354524612, 5.10641717911, 2.81596040726, 2.57171273232, 5.14631557465, 6.70755624771, 15.9285955429, 11.7457647324, 17.2622737885, 23.7347793579, 20.6564464569, 15.3813695908, 14.9846935272, 13.2968091965, 18.112154007, 23.0584182739, 16.6004180908, 16.7526855469, 19.1934490204, 15.6189489365, 16.5979766846, 17.7657852173, 10.5988912582, 6.88398504257, 5.26735401154, 3.90019249916, 2.47624135017, 1.81018912792, 1.10390877724, 0.547197639942, 0.243463411927, 0.0846025496721, 0.0199091173708, 0.00386239471845, 0.000241247675149, 1.50358046085e-05], "max": [4.92349529266, 25.1240520477, 33.7058258057, 88.3198928833, 124.24105835, 147.845108032, 62.0530891418, 110.727813721, 502.017303467, 418.027770996, 822.836608887, 868.99005127, 1435.07214355, 1770.33837891, 1289.64013672, 806.907836914, 722.796447754, 439.800476074, 513.937866211, 855.311889648, 451.143188477, 383.788085938, 504.019226074, 413.449279785, 348.724029541, 483.799377441, 357.59866333, 188.131195068, 155.853851318, 170.293258667, 101.064842224, 86.2040710449, 97.9884643555, 29.12541008, 16.5946159363, 4.33093547821, 0.788147032261, 0.13495194912, 0.0120580168441, 0.000234466366237], "var": [0.380408078432, 7.3065366745, 12.0508384705, 69.19140625, 39.5740394592, 111.656723022, 44.4792289734, 103.882888794, 590.345153809, 382.012115479, 3274.9074707, 3143.6159668, 5338.5078125, 12525.9208984, 9845.02929688, 2540.85205078, 1757.48815918, 705.974304199, 1768.03771973, 3537.1796875, 1411.46972656, 1079.55810547, 1477.63256836, 980.980407715, 1254.06018066, 1458.5456543, 506.429626465, 235.382324219, 154.567398071, 121.89074707, 55.3232192993, 34.2413673401, 16.4663658142, 3.27762746811, 0.674088478088, 0.0680300891399, 0.00364581425674, 0.000138183371746, 5.91394041294e-07, 8.77340977645e-10], "mean": [0.381656676531, 2.30440950394, 3.94338464737, 6.45980644226, 5.28553247452, 5.79665279388, 4.85315608978, 5.49244499207, 8.5584526062, 10.623087883, 25.7325649261, 23.9538345337, 35.3518600464, 51.979637146, 44.0678024292, 31.0837459564, 29.4425182343, 27.3346099854, 37.0506744385, 44.6951255798, 37.5252952576, 39.2009963989, 46.8171272278, 38.3869476318, 40.2588768005, 38.6836090088, 24.0698642731, 14.1173934937, 9.70252418518, 7.5748500824, 5.37846899033, 4.0658955574, 2.47712659836, 1.18819105625, 0.472539514303, 0.154239699244, 0.0349688306451, 0.00590095622465, 0.000293370918371, 4.74806038255e-05]}, "spectral_strongpeak": {"dmean2": 0.732630074024, "median": 0.34075987339, "min": 5.415956017e-10, "dvar2": 1.97469091415, "dvar": 0.794855892658, "dmean": 0.420826882124, "max": 11.1280298233, "var": 1.37743425369, "mean": 0.751759588718}, "spectral_energy": {"dmean2": 0.0178966224194, "median": 0.028843248263, "min": 1.05216380331e-20, "dvar2": 0.000625630782451, "dvar": 0.000249020667979, "dmean": 0.0107885636389, "max": 0.163732811809, "var": 0.000423674093327, "mean": 0.0326609052718}, "average_loudness": 0.960107147694, "spectral_rolloff": {"dmean2": 861.626708984, "median": 2024.12109375, "min": 64.599609375, "dvar2": 992987.375, "dvar": 481033.84375, "dmean": 536.49041748, "max": 18733.8867188, "var": 1625593.625, "mean": 2096.34960938}, "spectral_centroid": {"dmean2": 354.105804443, "median": 2169.29052734, "min": 378.922851562, "dvar2": 126102.445312, "dvar": 58571.4375, "dmean": 225.824478149, "max": 11507.2744141, "var": 351552.5, "mean": 2113.89404297}, "pitch_salience": {"dmean2": 0.11144708842, "median": 0.523908019066, "min": 0.123610049486, "dvar2": 0.0109424842522, "dvar": 0.00421531544998, "dmean": 0.0688554868102, "max": 0.899022698402, "var": 0.0120162181556, "mean": 0.51848834753}, "spectral_energyband_middle_high": {"dmean2": 0.0032377964817, "median": 0.00720723206177, "min": 1.32958893223e-21, "dvar2": 1.87796376849e-05, "dvar": 8.40248776512e-06, "dmean": 0.0021582362242, "max": 0.059262689203, "var": 4.8452635383e-05, "mean": 0.00883119367063}, "spectral_contrast_coeffs": {"dmean2": [0.0852785333991, 0.0684970095754, 0.0571788325906, 0.0475005917251, 0.0343067795038, 0.0310882180929], "median": [-0.687577605247, -0.761351823807, -0.776065826416, -0.783257961273, -0.783406674862, -0.740431666374], "min": [-0.957775354385, -0.981621742249, -0.96229749918, -0.956386625767, -0.955011546612, -0.959145307541], "dvar2": [0.00524704484269, 0.00317560601979, 0.00210175104439, 0.00136609433684, 0.000754660228267, 0.000877363432664], "dvar": [0.00182828470133, 0.00121273496188, 0.000883279601112, 0.000525935727637, 0.00030958087882, 0.000368515407899], "dmean": [0.0499223023653, 0.041565913707, 0.0359627455473, 0.0293012689799, 0.021319065243, 0.0197243820876], "max": [-0.373045623302, -0.326043456793, -0.468801140785, -0.558754086494, -0.568452775478, -0.558034002781], "var": [0.00446586543694, 0.00633180793375, 0.00550388451666, 0.00220248987898, 0.00168332702015, 0.00230896961875], "mean": [-0.678849220276, -0.746922850609, -0.758154928684, -0.77687472105, -0.777361869812, -0.733943223953]}, "melbands_skewness": {"dmean2": 1.14216589928, "median": 2.24174404144, "min": -0.323276847601, "dvar2": 1.82811748981, "dvar": 0.77351385355, "dmean": 0.733486831188, "max": 13.186466217, "var": 2.76309800148, "mean": 2.60520386696}, "spectral_spread": {"dmean2": 585970.875, "median": 4004315, "min": 1274156.5, "dvar2": 571439513600, "dvar": 360364802048, "dmean": 395112.1875, "max": 40389368, "var": 1258326065150.0, "mean": 4067298.75}, "dissonance": {"dmean2": 0.0162140503526, "median": 0.486470520496, "min": 0.261139452457, "dvar2": 0.000296254438581, "dvar": 0.000111698798719, "dmean": 0.00969789549708, "max": 0.5, "var": 0.000584937690292, "mean": 0.478838324547}, "spectral_skewness": {"dmean2": 0.302409291267, "median": 1.14207148552, "min": -0.0949701741338, "dvar2": 0.115135006607, "dvar": 0.0421616472304, "dmean": 0.183080002666, "max": 4.69146633148, "var": 0.147822365165, "mean": 1.15387845039}, "spectral_flux": {"dmean2": 0.0398569852114, "median": 0.081342279911, "min": 1.02575038741e-10, "dvar2": 0.00220564985648, "dvar": 0.00103661650792, "dmean": 0.0259576495737, "max": 0.295381605625, "var": 0.00230393349193, "mean": 0.0895142480731}, "spectral_contrast_valleys": {"dmean2": [0.623369812965, 0.581873118877, 0.46228826046, 0.39034807682, 0.3133469522, 0.359293401241], "median": [-6.64302873611, -6.84438848495, -7.00809669495, -7.01442527771, -6.55713939667, -9.48155021667], "min": [-27.3836364746, -27.5458545685, -27.2535495758, -27.2135677338, -27.5288658142, -27.2780189514], "dvar2": [0.272658526897, 0.272735714912, 0.174831107259, 0.137396290898, 0.11991353333, 0.218493372202], "dvar": [0.116498805583, 0.128992915154, 0.0924248993397, 0.0767580121756, 0.0770686045289, 0.116015203297], "dmean": [0.372558325529, 0.354068189859, 0.285915791988, 0.241490796208, 0.20226226747, 0.258939296007], "max": [-5.10447883606, -4.95570659637, -5.46131515503, -5.73880529404, -5.41128826141, -7.64735078812], "var": [2.61198496819, 0.966169834137, 1.18764770031, 1.26653170586, 1.22536337376, 2.95306634903], "mean": [-7.1152100563, -7.02779245377, -7.25855922699, -7.3125243187, -6.87129497528, -9.96793651581]}, "erbbands_flatness_db": {"dmean2": 0.0188903026283, "median": 0.142582595348, "min": 0.0488901995122, "dvar2": 0.000314368866384, "dvar": 0.000161048214068, "dmean": 0.013082860969, "max": 0.446672856808, "var": 0.00311013474129, "mean": 0.154343008995}, "spectral_energyband_high": {"dmean2": 0.000903995765839, "median": 0.00121453311294, "min": 7.88011591065e-21, "dvar2": 2.05888909477e-06, "dvar": 8.81204812231e-07, "dmean": 0.000582887500059, "max": 0.0141250984743, "var": 2.1598807507e-06, "mean": 0.00158500857651}, "spectral_entropy": {"dmean2": 0.137402713299, "median": 7.87509393692, "min": 5.33895206451, "dvar2": 0.0193896070123, "dvar": 0.0105092702433, "dmean": 0.0961575955153, "max": 9.7857131958, "var": 0.155786946416, "mean": 7.79261493683}, "silence_rate_20dB": {"dmean2": 0, "median": 1, "min": 1, "dvar2": 0, "dvar": 0, "dmean": 0, "max": 1, "var": 0, "mean": 1}, "melbands_flatness_db": {"dmean2": 0.0361710265279, "median": 0.159369766712, "min": 0.00685311993584, "dvar2": 0.00133127998561, "dvar": 0.000568451418076, "dmean": 0.0235121957958, "max": 0.483236789703, "var": 0.0039847670123, "mean": 0.170360952616}, "barkbands": {"dmean2": [0.000478088390082, 0.0122270835564, 0.00351725518703, 0.00309961475432, 0.00215020822361, 0.000456925656181, 0.000654260569718, 0.00105695647653, 0.000762547657359, 0.00106108293403, 0.000766646466218, 0.000727687147446, 0.000548108771909, 0.000536115374416, 0.000663883518428, 0.000553372781724, 0.000534986145794, 0.000591496238485, 0.00053481082432, 0.000588558497839, 0.000337312376359, 0.000237567728618, 0.000141441269079, 0.000110383429273, 5.75526428293e-05, 1.98425877898e-05, 2.62592152467e-06], "median": [6.6624073952e-05, 0.00718565378338, 0.00222335918806, 0.00130284193438, 0.000955273921136, 0.000306404865114, 0.000249688222539, 0.000239933448029, 0.000312347954605, 0.000340344791766, 0.000179730297532, 0.000382202648325, 0.000343273859471, 0.000410132284742, 0.000488752906676, 0.000499951536767, 0.000556173035875, 0.000695046328474, 0.000610465824138, 0.000593069125898, 0.000339716556482, 0.000145392812556, 0.000114579859655, 0.000102971265733, 4.73350955872e-05, 9.31700924411e-06, 2.62625320602e-07], "min": [4.54660258825e-24, 2.50040192418e-23, 9.46869870755e-23, 2.97834971192e-23, 4.82215462123e-23, 4.94715941354e-23, 1.96804860862e-23, 3.53060725029e-23, 4.25117457368e-23, 2.56061630817e-23, 3.65865105035e-23, 9.85054146446e-23, 1.540604832e-22, 6.50891846579e-23, 1.65787487469e-22, 7.82145363889e-23, 1.63699177015e-22, 1.24524155135e-22, 2.71751171765e-22, 2.95883247271e-22, 4.67193821305e-22, 5.33276585739e-22, 5.40725957039e-22, 7.68912695521e-22, 1.08422910836e-21, 1.99065901562e-21, 2.51195728494e-21], "dvar2": [8.09935500001e-07, 0.000452915934147, 3.26123081322e-05, 2.92052591249e-05, 2.06372387765e-05, 4.97180053571e-07, 2.67459267889e-06, 6.40941198071e-06, 4.68296002509e-06, 6.11320092503e-06, 5.59381805942e-06, 2.63725019067e-06, 9.39395192745e-07, 6.17488467469e-07, 1.10740620585e-06, 5.37924790933e-07, 4.43084729795e-07, 4.89593162456e-07, 4.76231519997e-07, 8.29720647744e-07, 2.92659649404e-07, 1.69543000084e-07, 5.82996868559e-08, 3.93714536528e-08, 1.33577016115e-08, 1.97174765404e-09, 4.71962503801e-11], "dvar": [3.40809577892e-07, 0.000171938037965, 1.14440517791e-05, 1.02623926068e-05, 7.33464821678e-06, 2.18918557948e-07, 1.12233010441e-06, 2.59341277342e-06, 2.28942712965e-06, 3.09920756081e-06, 2.81784127765e-06, 1.13301666715e-06, 3.60650204811e-07, 2.43677902745e-07, 4.18332462004e-07, 2.1625969282e-07, 1.70323176008e-07, 1.9199426049e-07, 1.87319656675e-07, 3