{"tonal": {"thpcp": [1, 0.86263024807, 0.628524541855, 0.418779700994, 0.247125968337, 0.253399044275, 0.303546786308, 0.396776378155, 0.785973012447, 0.942114114761, 0.557162165642, 0.365463227034, 0.406834810972, 0.446700185537, 0.740056037903, 0.812777400017, 0.489608734846, 0.374740630388, 0.409902244806, 0.401623815298, 0.430616825819, 0.414000093937, 0.287461936474, 0.211647331715, 0.213006585836, 0.218594446778, 0.358779489994, 0.529099464417, 0.443862706423, 0.404411494732, 0.613324940205, 0.698717653751, 0.736072301865, 0.753086388111, 0.615040779114, 0.762334764004], "hpcp": {"dmean2": [0.265688538551, 0.215186923742, 0.192907363176, 0.182514369488, 0.192383021116, 0.192718267441, 0.177710801363, 0.147916153073, 0.119790315628, 0.115784525871, 0.127931430936, 0.16174004972, 0.203182578087, 0.20444445312, 0.228703171015, 0.272521525621, 0.344183921814, 0.361412346363, 0.336377084255, 0.322979211807, 0.343986362219, 0.378238618374, 0.361258000135, 0.344292193651, 0.24396584928, 0.167654082179, 0.145772621036, 0.160467982292, 0.216540426016, 0.322801113129, 0.350473314524, 0.272334814072, 0.195566624403, 0.202626883984, 0.232159242034, 0.282811194658], "median": [0.0971637368202, 0.0576606243849, 0.0345430150628, 0.0319916456938, 0.0411246344447, 0.0572815164924, 0.0463942699134, 0.0262735076249, 0.0192597769201, 0.0192487742752, 0.0208892710507, 0.037417113781, 0.0476776435971, 0.0456661581993, 0.0431479215622, 0.0576396882534, 0.0756234079599, 0.0719926208258, 0.0575626008213, 0.0671067237854, 0.106840983033, 0.133154034615, 0.110258877277, 0.066139779985, 0.0364660918713, 0.0153735568747, 0.0211856812239, 0.0279128029943, 0.0478945188224, 0.0836013555527, 0.0673691928387, 0.0441530272365, 0.0382701829076, 0.0395287685096, 0.0499881245196, 0.0913835018873], "min": [0, 0, 0, 0, 0, 0, 0, 0, 0, 0, 0, 0, 0, 0, 0, 0, 0, 0, 0, 0, 0, 0, 0, 0, 0, 0, 0, 0, 0, 0, 0, 0, 0, 0, 0, 0], "dvar2": [0.108646228909, 0.088763423264, 0.0939672961831, 0.0905481502414, 0.0901892781258, 0.0793273597956, 0.0756839290261, 0.0722251161933, 0.0547699593008, 0.0518341325223, 0.06249775365, 0.0651226937771, 0.0901858285069, 0.0975234359503, 0.121537178755, 0.137227281928, 0.166191712022, 0.177216783166, 0.165250748396, 0.153352826834, 0.15040910244, 0.167493641376, 0.156074672937, 0.161810532212, 0.116213582456, 0.0927233695984, 0.0779453068972, 0.0785004124045, 0.0940601825714, 0.138558372855, 0.164017736912, 0.132250979543, 0.0930010080338, 0.097357109189, 0.112277388573, 0.117367319763], "dvar": [0.0451643168926, 0.0324609391391, 0.0335929132998, 0.0344567671418, 0.0324700772762, 0.0287567172199, 0.0282610598952, 0.0256847813725, 0.0192612428218, 0.0186743717641, 0.022189784795, 0.0234734807163, 0.0356920845807, 0.0360358431935, 0.042607858777, 0.0531995594501, 0.0612152330577, 0.0652972087264, 0.0655380114913, 0.0561560764909, 0.0554594062269, 0.0681895166636, 0.0606295056641, 0.0602222904563, 0.0432220138609, 0.0338850915432, 0.0281352233142, 0.028932640329, 0.0337332673371, 0.0564606823027, 0.0813875347376, 0.0492789037526, 0.0336509086192, 0.0355976931751, 0.0397471375763, 0.0465954504907], "dmean": [0.156461715698, 0.121657192707, 0.108188010752, 0.103681504726, 0.108351163566, 0.109969511628, 0.102314278483, 0.0828834697604, 0.066169090569, 0.064561188221, 0.0701598748565, 0.0920621454716, 0.119191803038, 0.116760879755, 0.126220226288, 0.151591360569, 0.19071829319, 0.201734289527, 0.188967421651, 0.180516943336, 0.196719661355, 0.21597635746, 0.206948265433, 0.193505480886, 0.136011868715, 0.0920857265592, 0.081220202148, 0.0896250531077, 0.119865827262, 0.191368177533, 0.206283152103, 0.157021194696, 0.109181262553, 0.113802775741, 0.129589468241, 0.164139866829], "max": [1, 1, 1, 1, 1, 1, 1, 1, 1, 1, 1, 1, 1, 1, 1, 1, 1, 1, 1, 1, 1, 1, 1, 1, 1, 1, 1, 1, 1, 1, 1, 1, 1, 1, 1, 1], "var": [0.0881284102798, 0.0387702174485, 0.0341543294489, 0.0463937371969, 0.0355437844992, 0.0308791287243, 0.0346001125872, 0.024413920939, 0.0150753660128, 0.0162129364908, 0.0177479535341, 0.0254408977926, 0.0548148527741, 0.0389187596738, 0.0359957888722, 0.0745233595371, 0.0746633335948, 0.0811816379428, 0.0945502668619, 0.0581709034741, 0.068326599896, 0.107448481023, 0.0879102125764, 0.0634817704558, 0.0397695526481, 0.0253563616425, 0.0224615428597, 0.0276671778411, 0.0301497466862, 0.079579539597, 0.129345446825, 0.0548681132495, 0.0292658340186, 0.0370572321117, 0.037660241127, 0.0714650303125], "mean": [0.233123615384, 0.140431270003, 0.107484400272, 0.117569580674, 0.115195132792, 0.123511001468, 0.118744932115, 0.0824508219957, 0.0607054196298, 0.0610952861607, 0.0626980140805, 0.102906368673, 0.151758134365, 0.127310231328, 0.115994699299, 0.175915971398, 0.200408607721, 0.211122795939, 0.216002836823, 0.17640812695, 0.218655481935, 0.286823451519, 0.247422590852, 0.180275574327, 0.120115838945, 0.0708815231919, 0.072680786252, 0.0870643407106, 0.113804772496, 0.225435495377, 0.270220428705, 0.159807175398, 0.104823425412, 0.116689763963, 0.128124088049, 0.212265431881]}, "tuning_equal_tempered_deviation": 0.0935193151236, "chords_changes_rate": 0.0800658985972, "key_key": "D", "tuning_diatonic_strength": 0.42432564497, "key_scale": "minor", "chords_number_rate": 0.00247116968967, "tuning_frequency": 442.804626465, "tuning_nontempered_energy_ratio": 0.77538394928, "chords_histogram": [3.73970341682, 0, 4.46458005905, 0.444810539484, 9.09390449524, 1.18616139889, 2.53706765175, 3.03130149841, 0.313014835119, 41.235584259, 10.0494232178, 2.02635908127, 0.494233936071, 3.4761121273, 2.04283356667, 0.214168041945, 0.345963746309, 0.988467872143, 0.296540349722, 3.49258637428, 2.43822073936, 2.58649086952, 5.23887968063, 0.263591438532], "key_strength": 0.433779865503, "chords_key": "A", "chords_strength": {"dmean2": 0.0134071102366, "median": 0.453040719032, "min": 0.178472459316, "dvar2": 0.000140575197292, "dvar": 0.000108336593257, "dmean": 0.0126496981829, "max": 0.736923873425, "var": 0.00786239746958, "mean": 0.449372649193}, "chords_scale": "major", "hpcp_entropy": {"dmean2": 1.13380432129, "median": 2.3448741436, "min": 0, "dvar2": 0.836406469345, "dvar": 0.310533195734, "dmean": 0.67657995224, "max": 4.31585979462, "var": 0.521608173847, "mean": 2.30779290199}}, "metadata": {"audio_properties": {"equal_loudness": 0, "codec": "flac", "downmix": "mix", "sample_rate": 44100, "analysis_sample_rate": 44100, "bit_rate": 0, "md5_encoded": "51d68f90da64f6f5eabed96a8dfc704f", "length": 281.839996338, "replay_gain": -13.6374645233, "lossless": true}, "version": {"essentia_build_sha": "70f2e5ece6736b2c40cc944ad0e695b16b925413", "essentia": "2.1-beta2", "extractor": "music 1.0", "essentia_git_sha": "v2.1_beta2"}, "tags": {"title": ["The Empress and the Ukraine King"], "barcode": ["5050467811324"], "media": ["Hybrid SACD"], "albumartist": ["Can"], "tracktotal": ["19"], "musicbrainz_releasegroupid": ["3416e29c-f280-40c8-ac23-506de1f43b01"], "releasetype": ["album"], "musicbrainz_recordingid": ["111edfd3-dde8-4d53-83c7-13155ac25fe5"], "mood": ["Unknown"], "musicbrainz_albumartistid": ["13501c7d-d181-45ba-af52-5f101d8516a0"], "originalyear": ["1974"], "musicbrainz_releasetrackid": ["e39fc392-b6b8-4f5c-827a-a4add247fa19"], "discnumber": ["1"], "totaldiscs": ["1"], "catalognumber": ["SPOONSA23/24"], "releasecountry": ["XE"], "file_name": "10 The Empress and the Ukraine King.flac", "website": ["http://www.spoonrecords.com/"], "originaldate": ["1974"], "albumartistsort": ["Can"], "date": ["2005-07-25"], "genre": ["Rock", "Progressive Rock", "Experimental", "Psychedelic Rock"], "musicbrainz_albumid": ["3ed2c5df-65d3-4be2-b36e-3c4813c639e7"], "disctotal": ["1"], "musicbrainz_artistid": ["13501c7d-d181-45ba-af52-5f101d8516a0"], "asin": ["B0009XFIDC"], "grouping": ["Psychedelic Rock"], "artist": ["Can"], "tracknumber": ["10"], "artistsort": ["Can"], "album": ["Limited Edition"], "label": ["Spoon Records"], "releasestatus": ["official"], "acoustid_id": ["5b36e47a-cb86-44d2-8ef2-96c89c38f89c"], "script": ["Latn"], "totaltracks": ["19"]}}, "rhythm": {"bpm_histogram_first_peak_bpm": {"dmean2": 0, "median": 133, "min": 133, "dvar2": 0, "dvar": 0, "dmean": 0, "max": 133, "var": 0, "mean": 133}, "bpm": 132.279800415, "bpm_histogram_second_peak_spread": {"dmean2": 0, "median": 0.550724625587, "min": 0.550724625587, "dvar2": 0, "dvar": 0, "dmean": 0, "max": 0.550724625587, "var": 0, "mean": 0.550724625587}, "bpm_histogram_first_peak_weight": {"dmean2": 0, "median": 0.235934659839, "min": 0.235934659839, "dvar2": 0, "dvar": 0, "dmean": 0, "max": 0.235934659839, "var": 0, "mean": 0.235934659839}, "onset_rate": 4.6655125618, "beats_position": [0.441179126501, 0.905578196049, 1.369977355, 1.83437633514, 2.29877543449, 2.76317453384, 3.23918366432, 3.7151927948, 4.17959165573, 4.6439909935, 5.10838985443, 5.59600877762, 6.06040811539, 6.52480697632, 6.98920631409, 7.45360517502, 7.91800451279, 8.38240337372, 8.84680271149, 9.31120204926, 9.76399040222, 10.2167797089, 10.6811790466, 11.1455783844, 11.5983667374, 12.051156044, 12.5039453506, 12.9683446884, 13.4211339951, 13.8623123169, 14.3034915924, 14.7678909302, 15.2206802368, 15.6734695435, 16.1262588501, 16.5790481567, 17.031835556, 17.4730148315, 17.9258041382, 18.3785934448, 18.8313827515, 19.272562027, 19.7253513336, 20.1781406403, 20.6309299469, 21.0721092224, 21.5132884979, 21.9660758972, 22.430475235, 22.8832645416, 23.3244438171, 23.7656230927, 24.2184123993, 24.6712017059, 25.1239910126, 25.5767803192, 26.0295696259, 26.4823570251, 26.9351463318, 27.3879356384, 27.8407249451, 28.2819042206, 28.7230834961, 29.1758728027, 29.6286621094, 30.081451416, 30.5342407227, 30.9754180908, 31.4165973663, 31.869386673, 32.322177887, 32.7749671936, 33.2277526855, 33.6805419922, 34.121723175, 34.5745124817, 35.0273017883, 35.4916992188, 35.9444885254, 36.3856697083, 36.8384590149, 37.2912483215, 37.7440338135, 38.1968231201, 38.638004303, 39.0907936096, 39.5435829163, 39.9963722229, 40.4491615295, 40.9019508362, 41.3547401428, 41.8191375732, 42.2603149414, 42.713104248, 43.1775054932, 43.6535148621, 44.1411323547, 44.6055335999, 45.0699310303, 45.5227203369, 45.9871177673, 46.4631271362, 46.9275283813, 47.380317688, 47.8331069946, 48.2858963013, 48.7502937317, 49.2146911621, 49.6674804688, 50.1318817139, 50.5962791443, 51.0490684509, 51.5250778198, 51.9894790649, 52.4538764954, 52.9182739258, 53.3710632324, 53.8238525391, 54.2882537842, 54.7410430908, 55.1938323975, 55.6350097656, 56.0994110107, 56.5754165649, 57.0746459961, 57.608707428, 58.0614967346, 58.5142860413, 58.9786834717, 59.4430847168, 59.8958702087, 60.3486595154, 60.7898406982, 61.2426300049, 61.6954193115, 62.1482086182, 62.6009979248, 63.0653953552, 63.5297966003, 63.9941940308, 64.4469833374, 64.899772644, 65.3525619507, 65.8053512573, 66.258140564, 66.7225418091, 67.1753311157, 67.6165084839, 68.0576858521, 68.5104751587, 68.9632644653, 69.416053772, 69.8688430786, 70.3100204468, 70.7511978149, 71.1923828125, 71.6451721191, 72.0979614258, 72.5391387939, 72.9919281006, 73.4563217163, 73.9091110229, 74.3502960205, 74.8030853271, 75.2558746338, 75.697052002, 76.1614532471, 76.6258468628, 77.0902481079, 77.5430374146, 77.9958267212, 78.4486160278, 78.9014053345, 79.3541946411, 79.8069839478, 80.2597732544, 80.712562561, 81.1537399292, 81.6065292358, 82.0593185425, 82.5121078491, 82.9648971558, 83.4292984009, 83.8820877075, 84.3348770142, 84.7760543823, 85.2172317505, 85.6700210571, 86.1111984253, 86.5639877319, 87.0051651001, 87.4463500977, 87.8991394043, 88.3519287109, 88.7931060791, 89.2342834473, 89.6870727539, 90.1398620605, 90.5926513672, 91.0338287354, 91.4634017944, 91.9045791626, 92.3689804077, 92.8333740234, 93.2629470825, 93.7041244507, 94.1453018188, 94.5980911255, 95.0624923706, 95.5501098633, 96.037727356, 96.5021286011, 96.9665298462, 97.4309310913, 97.8721084595, 98.3132858276, 98.7544631958, 99.1956481934, 99.6368255615, 100.07800293, 100.519180298, 100.960357666, 101.401542664, 101.865936279, 102.318725586, 102.771514893, 103.21269989, 103.665489197, 104.153106689, 104.652336121, 105.151565552, 105.604354858, 106.057144165, 106.509933472, 106.974327087, 107.438728333, 107.903129578, 108.379135132, 108.831924438, 109.307937622, 109.783943176, 110.248344421, 110.747573853, 111.223579407, 111.687980652, 112.152381897, 112.616775513, 113.15083313, 113.684898376, 114.218955994, 114.811065674, 115.379951477, 115.960449219, 116.54094696, 117.109840393, 117.701950073, 118.282447815, 118.874557495, 119.466667175, 120.070381165, 120.650878906, 121.231384277, 121.800270081, 122.369155884, 122.949661255, 123.530158997, 124.110656738, 124.69115448, 125.271652222, 125.852149963, 126.432647705, 127.013153076, 127.593650818, 128.17414856, 128.754638672, 129.335144043, 129.915649414, 130.496139526, 131.065032959, 131.633926392, 132.214416504, 132.794921875, 133.352203369, 133.921081543, 134.513198853, 135.116912842, 135.709014893, 136.301132202, 136.893234253, 137.485351562, 138.077453613, 138.669570923, 139.273284912, 139.876998901, 140.457504272, 141.049606323, 141.641723633, 142.233825684, 142.825942993, 143.406433105, 143.998550415, 144.590652466, 145.194366455, 145.798095703, 146.401809692, 147.005523682, 147.586029053, 148.178131104, 148.770248413, 149.362350464, 149.954467773, 150.558181763, 151.161895752, 151.765625, 152.357727051, 152.94984436, 153.55355835, 154.157272339, 154.761001587, 155.364715576, 155.956817627, 156.560546875, 157.152648926, 157.756362915, 158.360092163, 158.963806152, 159.567520142, 160.17124939, 160.76335144, 161.35546875, 161.947570801, 162.539672852, 163.120178223, 163.712280273, 164.292785645, 164.884887695, 165.465393066, 166.045898438, 166.62638855, 167.195281982, 167.787384033, 168.367889404, 168.936782837, 169.528884888, 170.109390259, 170.70149231, 171.281997681, 171.862487793, 172.454605103, 173.035095215, 173.592376709, 174.17288208, 174.753372192, 175.35710144, 175.937591553, 176.518096924, 177.098587036, 177.702316284, 178.282806396, 178.874923706, 179.455413818, 180.047531128, 180.639633179, 181.22013855, 181.812240601, 182.41595459, 182.996459961, 183.576965332, 184.169067383, 184.761169434, 185.341674805, 185.933776855, 186.525894165, 187.129608154, 187.721725464, 188.313827515, 188.905944824, 189.498046875, 190.090148926, 190.682266235, 191.262756348, 191.866485596, 192.458587646, 193.062316895, 193.654418945, 194.258132935, 194.861862183, 195.465576172, 196.069290161, 196.673019409, 197.26512146, 197.868835449, 198.472564697, 199.087890625, 199.691604614, 200.295318604, 200.899047852, 201.502761841, 202.10647583, 202.710205078, 203.313919067, 203.917633057, 204.521362305, 205.136688232, 205.75201416, 206.355728149, 206.959457397, 207.563171387, 208.178497314, 208.793823242, 209.39755249, 209.989654541, 210.604980469, 211.208709717, 211.812423706, 212.404525757, 212.996643066, 213.600357056, 214.204071045, 214.807800293, 215.411514282, 216.015228271, 216.607345581, 217.199447632, 217.80317688, 218.406890869, 218.99899292, 219.591110229, 220.18321228, 220.77532959, 221.379043579, 221.982757568, 222.586486816, 223.190200806, 223.793914795, 224.397644043, 224.989746094, 225.581848145, 226.185577393, 226.789291382, 227.393005371, 227.996734619, 228.600448608, 229.204162598, 229.807891846, 230.411605835, 231.003707886, 231.595825195, 232.199539185, 232.803268433, 233.406982422, 234.010696411, 234.6144104, 235.218139648, 235.821853638, 236.425567627, 237.029296875, 237.656234741, 238.25994873, 238.86366272, 239.455780029, 240.071105957, 240.674819946, 241.278549194, 241.870651245, 242.485977173, 243.089706421, 243.69342041, 244.146209717, 244.598999023, 245.05178833, 245.504577637, 245.945755005, 246.386932373, 246.83972168, 247.292510986, 247.745300293, 248.1980896, 248.650878906, 249.103668213, 249.568069458, 250.032470703, 250.496871948, 250.961257935, 251.437271118, 251.901672363, 252.377685547, 252.85369873, 253.329696655, 253.805709839, 254.270111084, 254.722900391, 255.187301636, 255.651702881, 256.104492188, 256.557281494, 257.02166748, 257.486083984, 257.938873291, 258.403259277, 258.821228027, 259.22756958, 259.64553833, 260.051879883, 260.481445312, 260.899414062, 261.328979492, 261.758544922, 262.188110352, 262.617675781, 263.058868408, 263.500030518, 263.941223145, 264.382385254, 264.788757324, 265.195098877, 265.613067627, 266.01940918, 266.425750732, 266.832092285, 267.238464355, 267.633178711, 268.039550781, 268.434295654, 268.840637207, 269.258575439, 269.676544189, 270.071289062, 270.466033936, 270.860778809, 271.243896484, 271.62701416, 271.986938477, 272.346832275, 272.741577148, 273.136322021, 273.589111328, 274.053497314, 274.506286621, 274.993927002, 275.469940186, 275.934326172, 276.468383789, 276.990844727, 277.524902344, 278.058959961, 278.569793701, 279.103851318, 279.649505615, 280.19519043, 280.729248047, 281.263305664], "beats_loudness": {"dmean2": 0.0291629415005, "median": 0.0237741917372, "min": 0.00198880350217, "dvar2": 0.000686516519636, "dvar": 0.000234160761465, "dmean": 0.0171849057078, "max": 0.0983684808016, "var": 0.000293388817227, "mean": 0.0272609647363}, "danceability": 1.42662489414, "bpm_histogram_second_peak_weight": {"dmean2": 0, "median": 0.168784022331, "min": 0.168784022331, "dvar2": 0, "dvar": 0, "dmean": 0, "max": 0.168784022331, "var": 0, "mean": 0.168784022331}, "beats_count": 552, "bpm_histogram_second_peak_bpm": {"dmean2": 0, "median": 99, "min": 99, "dvar2": 0, "dvar": 0, "dmean": 0, "max": 99, "var": 0, "mean": 99}, "bpm_histogram_first_peak_spread": {"dmean2": 0, "median": 0.498069524765, "min": 0.498069524765, "dvar2": 0, "dvar": 0, "dmean": 0, "max": 0.498069524765, "var": 0, "mean": 0.498069524765}, "beats_loudness_band_ratio": {"dmean2": [0.333786845207, 0.298218071461, 0.240577250719, 0.107451036572, 0.070578917861, 0.147276058793], "median": [0.345168054104, 0.246652692556, 0.150345534086, 0.0619099400938, 0.054228708148, 0.0567030459642], "min": [0.0191563777626, 0.000380983721698, 0.000236075968132, 5.14240018674e-05, 9.90324906525e-07, 9.42124074754e-07], "dvar2": [0.0648795887828, 0.0475306250155, 0.0566691346467, 0.0111226961017, 0.00472065806389, 0.0331744886935], "dvar": [0.0238416902721, 0.018283598125, 0.020394038409, 0.0042261662893, 0.00173094775528, 0.0120234005153], "dmean": [0.197385340929, 0.17255204916, 0.139285996556, 0.0617051795125, 0.0410519726574, 0.0873709619045], "max": [0.997455179691, 0.705141484737, 0.870876967907, 0.410942912102, 0.30343824625, 0.717209219933], "var": [0.0445414222777, 0.0276667177677, 0.0257781855762, 0.00460887840018, 0.00278579490259, 0.0141411200166], "mean": [0.380703926086, 0.268054753542, 0.200106456876, 0.0794868096709, 0.0676049143076, 0.0991947650909]}}, "lowlevel": {"barkbands_spread": {"dmean2": 11.2391729355, "median": 23.1321773529, "min": 0.0583347976208, "dvar2": 158.937255859, "dvar": 72.2125549316, "dmean": 7.17380523682, "max": 111.866798401, "var": 269.253234863, "mean": 26.1949443817}, "melbands_spread": {"dmean2": 13.4919748306, "median": 19.1382541656, "min": 0.257681190968, "dvar2": 317.226623535, "dvar": 136.605316162, "dmean": 8.54856395721, "max": 204.620239258, "var": 421.264526367, "mean": 24.6415557861}, "hfc": {"dmean2": 10.7271099091, "median": 12.3839101791, "min": 1.08691360436e-16, "dvar2": 299.741363525, "dvar": 138.900650024, "dmean": 7.55357980728, "max": 289.18661499, "var": 326.811401367, "mean": 18.1531257629}, "barkbands_kurtosis": {"dmean2": 5.28654956818, "median": 1.74711799622, "min": -1.92765116692, "dvar2": 236.621612549, "dvar": 90.9029998779, "dmean": 3.28645324707, "max": 497.149810791, "var": 123.694091797, "mean": 4.11603355408}, "gfcc": {"mean": [-10.3029050827, 103.364456177, -112.09046936, 44.100440979, -57.5619163513, -3.2767355442, -20.4028759003, -0.293668985367, -15.5190486908, 2.96511363983, -13.3048448563, 0.6725435853, -13.9106740952], "icov": [[0.00045503480942, -0.000116241710202, 0.000651318754535, -0.000455699366285, 0.000562038738281, -0.00060967868194, 0.00059060001513, -0.000360054837074, 0.000383040809538, -0.000834390521049, 0.000777655863203, -0.000847477931529, 0.000629613816272], [-0.000116241710202, 0.00302786473185, -0.000561302818824, 0.00232154177502, -0.00157988502178, 0.00207355804741, -0.00242502777837, 0.00267158867791, -0.00276656774804, 0.00311178062111, -0.00294623547234, 0.00277575454675, -0.00256888917647], [0.000651318754535, -0.000561302818824, 0.00233928090893, -0.000468206912046, 0.000934133830015, -0.00147834664676, 0.000825411989354, -0.00165834533982, 0.000753419357352, -0.00167443905957, 0.00237557454966, -0.00200771866366, 0.00103890954051], [-0.000455699366285, 0.00232154177502, -0.000468206912046, 0.00411717034876, -0.0017267052317, 0.00206013279967, -0.0021555009298, 0.00128822552506, -0.0023919811938, 0.00263136369176, -0.00296062720008, 0.00212452863343, -0.00181075488217], [0.000562038738281, -0.00157988502178, 0.000934133830015, -0.0017267052317, 0.00462140468881, -0.00147850392386, 0.000401521887397, -0.00102101871744, 0.00201688194647, -0.00292209908366, 0.00210746610537, -0.00107192981523, -0.000159096220159], [-0.00060967868194, 0.00207355804741, -0.00147834664676, 0.00206013279967, -0.00147850392386, 0.00774553325027, -0.00220855255611, 0.00109221762978, -0.00316777289845, 0.001970322337, -0.00248928717338, 0.00129807787016, -0.00123283825815], [0.00059060001513, -0.00242502777837, 0.000825411989354, -0.0021555009298, 0.000401521887397, -0.00220855255611, 0.0100364945829, -0.00466050347313, 0.00129970465787, -0.00117664085701, 0.000958639080636, -0.00229129358195, 0.00204349239357], [-0.000360054837074, 0.00267158867791, -0.00165834533982, 0.00128822552506, -0.00102101871744, 0.00109221762978, -0.00466050347313, 0.0138718010858, -0.00247601396404, -0.000630269176327, -0.000944899569731, 0.000139048192068, -0.00197160500102], [0.000383040809538, -0.00276656774804, 0.000753419357352, -0.0023919811938, 0.00201688194647, -0.00316777289845, 0.00129970465787, -0.00247601396404, 0.0111191803589, -0.00464237062261, 0.000490327307489, -0.000639816513285, 0.000905370747205], [-0.000834390521049, 0.00311178062111, -0.00167443905957, 0.00263136369176, -0.00292209908366, 0.001970322337, -0.00117664085701, -0.000630269176327, -0.00464237062261, 0.0189964473248, -0.0071290275082, 0.000829646014608, -0.000431735388702], [0.000777655863203, -0.00294623547234, 0.00237557454966, -0.00296062720008, 0.00210746610537, -0.00248928717338, 0.000958639080636, -0.000944899569731, 0.000490327307489, -0.0071290275082, 0.0215139966458, -0.00755020743236, 0.000827383075375], [-0.000847477931529, 0.00277575454675, -0.00200771866366, 0.00212452863343, -0.00107192981523, 0.00129807787016, -0.00229129358195, 0.000139048192068, -0.000639816513285, 0.000829646014608, -0.00755020743236, 0.0234395842999, -0.00770542072132], [0.000629613816272, -0.00256888917647, 0.00103890954051, -0.00181075488217, -0.000159096220159, -0.00123283825815, 0.00204349239357, -0.00197160500102, 0.000905370747205, -0.000431735388702, 0.000827383075375, -0.00770542072132, 0.0225328691304]], "cov": [[7861.40576172, -2751.87670898, -1212.80578613, 925.691894531, -777.795532227, 319.08215332, -472.462219238, 201.041900635, -182.447128296, 299.173553467, -73.1733169556, 201.720779419, -245.952133179], [-2751.87670898, 2272.83520508, 87.9560470581, -604.25189209, 426.974365234, -250.679977417, 261.081787109, -252.209777832, 172.760375977, -216.266479492, 89.1877059937, -152.025222778, 160.603775024], [-1212.80578613, 87.9560470581, 928.003051758, -169.933181763, 3.78516578674, 89.4218444824, 51.021282196, 90.2988052368, 15.3680820465, 22.2262153625, -41.4311294556, 28.8391551971, 6.85781097412], [925.691894531, -604.25189209, -169.933181763, 580.640380859, -21.1837158203, 15.7292852402, -15.4785299301, 57.4302177429, -1.67805075645, 43.9103546143, 15.6147060394, 30.1951122284, -22.4577274323], [-777.795532227, 426.974365234, 3.78516578674, -21.1837158203, 390.769897461, -36.9468650818, 84.8807907104, -29.4713249207, 15.8641786575, -19.7689781189, 18.0313854218, -25.0891513824, 48.7373313904], [319.08215332, -250.679977417, 89.4218444824, 15.7292852402, -36.9468650818, 211.298873901, -1.40990662575, 48.8289299011, 20.5610599518, 37.8185577393, -0.991878926754, 27.5070533752, -15.312251091], [-472.462219238, 261.081787109, 51.021282196, -15.4785299301, 84.8807907104, -1.40990662575, 174.613265991, 19.724319458, 33.1335868835, -15.5559597015, 20.7820587158, -6.17023563385, 21.2802505493], [201.041900635, -252.209777832, 90.2988052368, 57.4302177429, -29.4713249207, 48.8289299011, 19.724319458, 132.55140686, 4.1040353775, 43.7529754639, -4.95709371567, 30.2922096252, -10.4321565628], [-182.447128296, 172.760375977, 15.3680820465, -1.67805075645, 15.8641786575, 20.5610599518, 33.1335868835, 4.1040353775, 140.352783203, 12.4165029526, 25.9763431549, -6.42789745331, 13.9880952835], [299.173553467, -216.266479492, 22.2262153625, 43.9103546143, -19.7689781189, 37.8185577393, -15.5559597015, 43.7529754639, 12.4165029526, 97.3985290527, 13.9042568207, 26.5338172913, -13.4123439789], [-73.1733169556, 89.1877059937, -41.4311294556, 15.6147060394, 18.0313854218, -0.991878926754, 20.7820587158, -4.95709371567, 25.9763431549, 13.9042568207, 73.1448822021, 13.2104845047, 14.1865911484], [201.720779419, -152.025222778, 28.8391551971, 30.1951122284, -25.0891513824, 27.5070533752, -6.17023563385, 30.2922096252, -6.42789745331, 26.5338172913, 13.2104845047, 69.5981445312, 6.74809026718], [-245.952133179, 160.603775024, 6.85781097412, -22.4577274323, 48.7373313904, -15.312251091, 21.2802505493, -10.4321565628, 13.9880952835, -13.4123439789, 14.1865911484, 6.74809026718, 65.0722503662]]}, "spectral_energyband_middle_low": {"dmean2": 0.00832040142268, "median": 0.00628567999229, "min": 2.12287291113e-22, "dvar2": 0.000171250285348, "dvar": 7.88984689279e-05, "dmean": 0.00550348032266, "max": 0.106048062444, "var": 0.000133821929921, "mean": 0.0104018170387}, "melbands_crest": {"dmean2": 5.82378196716, "median": 13.4043531418, "min": 1.70279479027, "dvar2": 23.2940406799, "dvar": 8.83683776855, "dmean": 3.51851201057, "max": 33.6222915649, "var": 24.315870285, "mean": 14.0086107254}, "spectral_kurtosis": {"dmean2": 5.7418346405, "median": 2.62415599823, "min": -1.24178373814, "dvar2": 783.987670898, "dvar": 280.132751465, "dmean": 3.43236112595, "max": 695.844482422, "var": 2046.94311523, "mean": 9.93326663971}, "spectral_rms": {"dmean2": 0.00133110210299, "median": 0.00427228817716, "min": 3.1511514318e-12, "dvar2": 1.8383667566e-06, "dvar": 8.79117919794e-07, "dmean": 0.000880578358192, "max": 0.010785292834, "var": 2.38175994127e-06, "mean": 0.00439757015556}, "zerocrossingrate": {"dmean2": 0.0129673127085, "median": 0.05322265625, "min": 0.0029296875, "dvar2": 0.000219259294681, "dvar": 0.000181762035936, "dmean": 0.0109028154984, "max": 0.78369140625, "var": 0.00142942043021, "mean": 0.0597052648664}, "silence_rate_60dB": {"dmean2": 0.0135123999789, "median": 0, "min": 0, "dvar2": 0.0162964388728, "dvar": 0.00671013537794, "dmean": 0.00675564352423, "max": 1, "var": 0.00881630275398, "mean": 0.00889694411308}, "erbbands_kurtosis": {"dmean2": 1.37115061283, "median": -0.718025922775, "min": -1.81325209141, "dvar2": 10.9855155945, "dvar": 4.02412176132, "dmean": 0.850152552128, "max": 100.943572998, "var": 7.40501928329, "mean": -0.0344804897904}, "erbbands": {"dmean2": [0.0992708355188, 1.34926879406, 3.08543252945, 3.23329949379, 8.91146469116, 6.8152756691, 12.0519447327, 35.1629714966, 35.548034668, 33.1593742371, 29.1865234375, 32.5627250671, 13.7433605194, 13.929848671, 10.661283493, 11.0081624985, 15.9246902466, 13.6641559601, 13.3505716324, 13.9433670044, 10.4751062393, 12.405714035, 12.5744190216, 16.4398536682, 21.9647197723, 17.1296405792, 13.2456884384, 11.168463707, 11.470208168, 8.22786045074, 5.41490459442, 2.23851752281, 0.920376777649, 0.379654347897, 0.148930221796, 0.0833592936397, 0.0363246873021, 0.0162978731096, 0.00140685052611, 4.3525127694e-05], "median": [0.0383270420134, 0.59413921833, 2.10223245621, 2.02447724342, 2.67485737801, 3.4496948719, 7.19290542603, 9.87556743622, 9.73538780212, 7.74605751038, 9.41888618469, 10.8495740891, 6.84991550446, 7.8152050972, 4.98809146881, 5.02180242538, 7.1914768219, 6.14503908157, 6.24920940399, 7.71691846848, 5.33975934982, 7.77967405319, 7.44687843323, 10.5125541687, 11.841381073, 8.91677093506, 7.60173130035, 4.87634038925, 4.23152446747, 2.46531319618, 1.20785331726, 0.470869451761, 0.189643383026, 0.0663368776441, 0.0254225954413, 0.0146271204576, 0.00550808617845, 0.00196718075313, 0.000183526935871, 3.05957910314e-05], "min": [4.28757640238e-22, 4.80063537926e-22, 3.62805738361e-21, 5.24147963075e-21, 1.53127254943e-20, 6.12906066467e-20, 7.30548145548e-20, 1.11930319404e-19, 3.73542512016e-19, 4.8645690493e-19, 6.16344165135e-19, 7.54626481376e-19, 9.54376588936e-19, 8.96803474133e-19, 1.17149526631e-18, 1.97336818463e-18, 2.47912729745e-18, 2.24056034378e-18, 5.16697625169e-18, 4.63685604944e-18, 4.36774565844e-18, 5.92788935742e-18, 7.66547694626e-18, 1.09850710313e-17, 1.06486599849e-17, 9.49372477102e-18, 1.01565148174e-17, 1.3755501562e-17, 1.51496160499e-17, 1.57044854961e-17, 1.05887092428e-17, 1.47003891485e-17, 1.20337548954e-17, 9.65006190679e-18, 6.99544245212e-18, 4.16792570582e-18, 2.48653738817e-18, 1.02345444189e-18, 2.68455160552e-19, 3.13415147493e-20], "dvar2": [0.0213773008436, 4.41737556458, 20.881608963, 22.124912262, 268.707672119, 104.945663452, 334.530944824, 7457.36035156, 8172.484375, 11324.7675781, 9943.36621094, 14501.2744141, 1816.34863281, 735.129943848, 603.082824707, 1238.56054688, 1012.35076904, 782.995483398, 812.657348633, 580.019470215, 387.694030762, 389.650146484, 484.952056885, 1081.96838379, 2468.05957031, 1115.17858887, 596.171569824, 552.782043457, 842.805786133, 616.051818848, 264.774536133, 47.4552764893, 8.07644176483, 1.32280707359, 0.166173696518, 0.0475532710552, 0.0122933816165, 0.003332197899, 2.81405336864e-05, 1.71872933663e-08], "dvar": [0.00773952621967, 1.64263594151, 7.50863265991, 9.55049514771, 125.717330933, 41.1534347534, 135.233612061, 2760.43823242, 3667.88964844, 4926.35302734, 4260.41308594, 6256.95556641, 799.976196289, 334.566070557, 253.520599365, 489.68927002, 418.314666748, 320.604370117, 345.841369629, 245.455474854, 168.836425781, 163.349838257, 202.293273926, 479.581359863, 967.823608398, 458.943511963, 249.12147522, 229.323852539, 351.17578125, 244.403366089, 117.941322327, 21.7798900604, 3.64865064621, 0.576984584332, 0.0730633735657, 0.0213560890406, 0.00541020510718, 0.00134479533881, 1.07298428702e-05, 6.58197807368e-09], "dmean": [0.0578856244683, 0.793084383011, 1.80153107643, 1.9746837616, 5.67258167267, 4.06851243973, 7.42083597183, 20.8684444427, 22.0772838593, 20.6763916016, 18.9638767242, 21.0001850128, 8.85999393463, 9.05082607269, 6.69824409485, 6.98255777359, 10.2259645462, 8.67098712921, 8.5652513504, 8.96862697601, 6.75722551346, 7.78991317749, 8.15795230865, 10.6256046295, 13.9415473938, 10.8049297333, 8.42724323273, 7.11668395996, 7.39908361435, 5.24569225311, 3.5216987133, 1.48099398613, 0.609005331993, 0.254014700651, 0.100595779717, 0.0566280893981, 0.024413831532, 0.0102781616151, 0.000852004974149, 2.77105664281e-05], "max": [1.39253151417, 20.3677749634, 39.1884384155, 50.7032928467, 267.632659912, 129.588668823, 198.573135376, 758.140258789, 1434.16162109, 2230.55883789, 1616.54772949, 2124.08520508, 947.513977051, 446.151763916, 635.314941406, 824.549926758, 482.356170654, 383.008758545, 497.265960693, 380.922912598, 306.704437256, 225.085952759, 284.080078125, 721.971801758, 977.557067871, 827.835083008, 671.046020508, 436.194610596, 735.643737793, 764.986450195, 284.370849609, 121.112983704, 47.8894958496, 15.485786438, 5.77706193924, 3.65677380562, 1.95351910591, 0.86407917738, 0.0981188118458, 0.00263766455464], "var": [0.0115993618965, 2.99041819572, 9.59787559509, 14.0562543869, 237.30229187, 58.0361785889, 228.554641724, 2424.61450195, 4736.19921875, 5486.00537109, 5010.12695312, 6733.71923828, 1098.13293457, 588.174133301, 306.665588379, 511.640380859, 607.080627441, 463.625915527, 553.813964844, 489.061645508, 278.92364502, 314.901550293, 466.414123535, 907.751464844, 2393.7746582, 1515.38317871, 521.575317383, 385.803222656, 508.09576416, 292.31137085, 185.997039795, 39.3129806519, 6.51935052872, 0.904379546642, 0.110878713429, 0.0303027424961, 0.00677249254659, 0.00125053199008, 8.55763573782e-06, 5.89655124728e-09], "mean": [0.0840785875916, 1.38224756718, 2.93716335297, 3.1439936161, 8.52455425262, 6.03625631332, 12.0479784012, 24.788816452, 26.7439460754, 23.3053665161, 24.7828350067, 26.3633308411, 13.8538360596, 15.5178852081, 9.71845722198, 10.5776615143, 15.6924848557, 13.5419578552, 14.0359582901, 15.0764350891, 11.0425682068, 13.9147644043, 15.2149190903, 20.4372768402, 27.6020450592, 22.6931114197, 15.8543186188, 11.719783783, 11.5611047745, 7.60429954529, 4.94411945343, 2.11390757561, 0.870664417744, 0.342212915421, 0.133018001914, 0.0735450387001, 0.0304141268134, 0.0110930390656, 0.000873518467415, 4.79263726447e-05]}, "spectral_strongpeak": {"dmean2": 0.681603908539, "median": 0.364736884832, "min": 0, "dvar2": 1.9135171175, "dvar": 0.731869876385, "dmean": 0.403333097696, "max": 19.3280925751, "var": 0.9503865242, "mean": 0.636120796204}, "spectral_energy": {"dmean2": 0.0136410938576, "median": 0.0187087580562, "min": 1.01779986107e-20, "dvar2": 0.000282905501081, "dvar": 0.000128900472191, "dmean": 0.00887671578676, "max": 0.119230605662, "var": 0.000251788558671, "mean": 0.022263372317}, "average_loudness": 0.953292191029, "spectral_rolloff": {"dmean2": 1063.4765625, "median": 882.861328125, "min": 64.599609375, "dvar2": 2188207.5, "dvar": 983572.5, "dmean": 629.265197754, "max": 21576.2695312, "var": 2686200.25, "mean": 1618.77416992}, "spectral_centroid": {"dmean2": 504.072784424, "median": 1493.96203613, "min": 79.357711792, "dvar2": 284910.96875, "dvar": 132289.125, "dmean": 324.897796631, "max": 11392.5625, "var": 712214.875, "mean": 1612.95227051}, "pitch_salience": {"dmean2": 0.133818164468, "median": 0.565878033638, "min": 0.0422270223498, "dvar2": 0.0126846777275, "dvar": 0.00508700497448, "dmean": 0.0822210907936, "max": 0.862240552902, "var": 0.0154224038124, "mean": 0.54941123724}, "spectral_energyband_middle_high": {"dmean2": 0.00199827901088, "median": 0.0023288265802, "min": 1.50348174462e-21, "dvar2": 9.69859047473e-06, "dvar": 4.63715605292e-06, "dmean": 0.00139729864895, "max": 0.0424300990999, "var": 1.18050402307e-05, "mean": 0.00337723898701}, "spectral_contrast_coeffs": {"dmean2": [0.0879815295339, 0.0874907299876, 0.0653317943215, 0.0515409484506, 0.0377928540111, 0.0325380936265], "median": [-0.664281010628, -0.740562677383, -0.778790414333, -0.791640400887, -0.781370103359, -0.693984270096], "min": [-0.979269862175, -0.970302522182, -0.965160727501, -0.965312361717, -0.963098466396, -0.965673148632], "dvar2": [0.00469880364835, 0.00494004972279, 0.00281804567203, 0.00174452876672, 0.000981113407761, 0.000914591480978], "dvar": [0.0017995943781, 0.00191130454186, 0.00112825492397, 0.000741502677556, 0.000405419879826, 0.000408353836974], "dmean": [0.0532279908657, 0.0528700165451, 0.0400195196271, 0.032223418355, 0.0236151926219, 0.0208884738386], "max": [-0.363660871983, -0.397475481033, -0.493751138449, -0.564468502998, -0.548236250877, -0.538370251656], "var": [0.00522164255381, 0.00459678657353, 0.00335082202218, 0.0025558618363, 0.00213158642873, 0.00271874666214], "mean": [-0.656653702259, -0.734068512917, -0.771885275841, -0.78728556633, -0.779082536697, -0.699232816696]}, "melbands_skewness": {"dmean2": 1.25336170197, "median": 2.81007742882, "min": -0.793160676956, "dvar2": 1.59698104858, "dvar": 0.675846159458, "dmean": 0.79670894146, "max": 12.6096439362, "var": 2.32476449013, "mean": 3.00945115089}, "spectral_spread": {"dmean2": 629729.8125, "median": 3946797.5, "min": 144771.671875, "dvar2": 620915261440, "dvar": 326667468800, "dmean": 425478.59375, "max": 42103204, "var": 2707795214340.0, "mean": 4089500.75}, "dissonance": {"dmean2": 0.0287119969726, "median": 0.475350677967, "min": 0.112764284015, "dvar2": 0.00106706551742, "dvar": 0.000400068092858, "dmean": 0.0173126067966, "max": 0.500000119209, "var": 0.001716688741, "mean": 0.463832199574}, "spectral_skewness": {"dmean2": 0.446334838867, "median": 1.03920817375, "min": -0.15094640851, "dvar2": 0.660414993763, "dvar": 0.248803332448, "dmean": 0.274675279856, "max": 20.5294437408, "var": 3.92535734177, "mean": 1.41515529156}, "spectral_flux": {"dmean2": 0.039151404053, "median": 0.0724410936236, "min": 6.34164179503e-11, "dvar2": 0.00155967951287, "dvar": 0.000793695100583, "dmean": 0.0255292765796, "max": 0.340090572834, "var": 0.00182295578998, "mean": 0.0814806744456}, "spectral_contrast_valleys": {"dmean2": [0.711608290672, 0.619513988495, 0.606717288494, 0.583791077137, 0.433254897594, 0.531056344509], "median": [-7.0735707283, -6.46549987793, -7.39122819901, -7.79979038239, -7.35095596313, -10.5275402069], "min": [-27.3475723267, -27.8063392639, -27.5087146759, -27.5055656433, -27.5151176453, -27.3250617981], "dvar2": [0.314671486616, 0.268544256687, 0.289520978928, 0.27870491147, 0.185290724039, 0.388679563999], "dvar": [0.122792251408, 0.123128972948, 0.140933379531, 0.148064479232, 0.100825056434, 0.209770381451], "dmean": [0.42464646697, 0.389863580465, 0.402198493481, 0.412466436625, 0.308274030685, 0.411473989487], "max": [-5.39980459213, -4.48200416565, -5.23496055603, -5.74678611755, -5.37630939484, -7.79357719421], "var": [0.622306406498, 0.818780124187, 0.97781419754, 1.32673609257, 1.85773229599, 2.12842941284], "mean": [-7.12714242935, -6.52734136581, -7.50745487213, -7.96780586243, -7.57954263687, -10.7814445496]}, "erbbands_flatness_db": {"dmean2": 0.0237345993519, "median": 0.142002046108, "min": 0.0485106632113, "dvar2": 0.00053703301819, "dvar": 0.000259761407506, "dmean": 0.0156861264259, "max": 0.510721504688, "var": 0.00335256522521, "mean": 0.153393283486}, "spectral_energyband_high": {"dmean2": 0.000895266421139, "median": 0.000490425096359, "min": 7.39669588948e-21, "dvar2": 3.62055925507e-06, "dvar": 1.5913626612e-06, "dmean": 0.000600932224188, "max": 0.0443006791174, "var": 3.06494052893e-06, "mean": 0.00111978000496}, "spectral_entropy": {"dmean2": 0.248864531517, "median": 7.67608070374, "min": 3.47518825531, "dvar2": 0.0634349510074, "dvar": 0.0293641984463, "dmean": 0.165483430028, "max": 9.8193397522, "var": 0.360341131687, "mean": 7.532102108}, "silence_rate_20dB": {"dmean2": 0, "median": 1, "min": 1, "dvar2": 0, "dvar": 0, "dmean": 0, "max": 1, "var": 0, "mean": 1}, "melbands_flatness_db": {"dmean2": 0.046879325062, "median": 0.18911986053, "min": 0.00391136016697, "dvar2": 0.00181836844422, "dvar": 0.000830258475617, "dmean": 0.0308494456112, "max": 0.925324559212, "var": 0.00993621442467, "mean": 0.210762873292}, "barkbands": {"dmean2": [7.49257087591e-05, 0.00515892449766, 0.00238592177629, 0.00135809206404, 0.00262778089382, 0.0033973173704, 0.00243221526034, 0.00133442680817, 0.00131211034022, 0.000477669032989, 0.000281547545455, 0.000287143862806, 0.000347157299984, 0.000298317609122, 0.000259257678408, 0.000213643375901, 0.000230489080423, 0.000296082784189, 0.00031851787935, 0.00045059947297, 0.000296538724797, 0.000300685554976, 0.000193439045688, 7.4297786341e-05, 2.56926778093e-05, 2.07464327104e-05, 9.67796859186e-06], "median": [2.45666306e-05, 0.0023068303708, 0.00130788423121, 0.000605508685112, 0.00109293637797, 0.00123826833442, 0.000632829614915, 0.00034570475691, 0.000433902489021, 0.000251065357588, 9.86133309198e-05, 0.000104564402136, 0.000143546494655, 0.000117044779472, 0.000128955667606, 8.89606162673e-05, 0.000130925531266, 0.000138198127388, 0.000200776426936, 0.000203369738301, 0.000146909747855, 0.000115128568723, 4.53163047496e-05, 1.5